Datasets/AZMP/COO001/79001081.cnv
* Sea-Bird SBE 9 Data File:
* FileName = C:\CTDDATA\79001081.hex
* Software Version Seasave V 7.26.7.110
* Temperature SN = 5660
* Conductivity SN = 3698
* Number of Bytes Per Scan = 30
* Number of Voltage Words = 4
* Number of Scans Averaged by the Deck Unit = 1
* NMEA baud rate = 9600
** VESSEL/TRIP/SEQ STN:  79001081
** LATITUDE XX XX.XX N:  48 09.43 N
** LONGITUDE XX XX.XX W:  53 42.05 W
** SOUNDING DEPTH (M):  0209
** PROBE TYPE: S1257
** CTD NUMBER: 048
** COMMENTS (14 CHAR): SS-09
** BOTTLES:  18
** LEVELS: 5,5,5,5,10,20,20,20,20,30,40,50,50,50,75,100,150,BTM
** STICKERS: 435225 - 435242
** VNET: Y
** DO2: N
# nquan = 22
# nvalues = 7842                        
# units = specified
# name 0 = scan: Scan Count
# name 1 = prDM: Pressure, Digiquartz [db]
# name 2 = t090C: Temperature [ITS-90, deg C]
# name 3 = t190C: Temperature, 2 [ITS-90, deg C]
# name 4 = c0S/m: Conductivity [S/m]
# name 5 = c1S/m: Conductivity, 2 [S/m]
# name 6 = sbeox0V: Oxygen raw, SBE 43 [V]
# name 7 = sbeox1V: Oxygen raw, SBE 43, 2 [V]
# name 8 = ph: pH
# name 9 = flECO-AFL: Fluorescence, WET Labs ECO-AFL/FL [mg/m^3]
# name 10 = wetCDOM: Fluorescence, WET Labs CDOM [mg/m^3]
# name 11 = par/sat/log: PAR/Logarithmic, Satlantic [umol photons/m^2/sec]
# name 12 = CStarAt0: Beam Attenuation, WET Labs C-Star [1/m]
# name 13 = CStarTr0: Beam Transmission, WET Labs C-Star [%]
# name 14 = sbeox0ML/L: Oxygen, SBE 43 [ml/l], WS = 2
# name 15 = sbeox1ML/L: Oxygen, SBE 43, 2 [ml/l], WS = 2
# name 16 = sal00: Salinity, Practical [PSU]
# name 17 = sal11: Salinity, Practical, 2 [PSU]
# name 18 = sigma-t00: Density [sigma-t, kg/m^3 ]
# name 19 = sigma-t11: Density, 2 [sigma-t, kg/m^3 ]
# name 20 = oxsatML/L: Oxygen Saturation, Weiss [ml/l]
# name 21 = flag: flag
# span 0 =        299,      56690       
# span 1 =      2.351,    196.826       
# span 2 =     0.1238,     3.4577       
# span 3 =     0.1217,     3.4573       
# span 4 =   2.762237,   2.931674       
# span 5 =   2.767085,   2.931853       
# span 6 =     2.3667,     2.7449       
# span 7 =     2.3325,     2.7067       
# span 8 =      8.031,      8.181       
# span 9 =     0.0166,     0.6857       
# span 10 =    -1.8260,     3.2273      
# span 11 = 1.0777e-01, 5.0611e+01      
# span 12 =     0.0821,     0.2307      
# span 13 =    94.3963,    97.9678      
# span 14 =     6.8083,     7.6015      
# span 15 =     7.2627,     7.9167      
# span 16 =    31.3337,    32.9916      
# span 17 =    31.3363,    32.9937      
# span 18 =    24.9237,    26.4790      
# span 19 =    24.9259,    26.4808      
# span 20 =    7.53332,    8.12936      
# span 21 = 0.0000e+00, 0.0000e+00      
# interval = scans: 3                   
# start_time = Dec 01 2019 18:23:20 [System UTC, header]
# bad_flag = -9.990e-29
*END*
[from data line 6256]
      31951     67.084     3.1272     3.1978   2.927485   2.929840     2.7141     2.6738      8.170     0.1876     1.8060 1.0790e-01     0.0885    97.8114     7.4978     7.8437    31.9334    31.8919    25.4270    25.3878    7.57606 0.0000e+00
      31954     67.026     3.1339     3.1987   2.927562   2.929872     2.7137     2.6738      8.170     0.1973     1.8060 1.0790e-01     0.0885    97.8114     7.4948     7.8396    31.9277    31.8915    25.4218    25.3874    7.57506 0.0000e+00
      31957     66.967     3.1384     3.1995   2.927690   2.929912     2.7145     2.6738      8.170     0.1876     1.8060 1.0790e-01     0.0885    97.8114     7.4971     7.8362    31.9248    31.8912    25.4192    25.3871    7.57436 0.0000e+00
      31960     66.906     3.1414     3.2004   2.927788   2.929915     2.7141     2.6738      8.170     0.1925     1.8060 1.0790e-01     0.0885    97.8114     7.4955     7.8357    31.9231    31.8904    25.4175    25.3864    7.57387 0.0000e+00
      31963     66.846     3.1435     3.2013   2.927790   2.929958     2.7154     2.6730      8.170     0.1925     1.8455 1.0790e-01     0.0896    97.7854     7.4982     7.8318    31.9211    31.8900    25.4157    25.3860    7.57358 0.0000e+00
      31966     66.789     3.1456     3.2021   2.927829   2.929991     2.7150     2.6730      8.170     0.1925     2.0429 1.0790e-01     0.0906    97.7593     7.4945     7.8301    31.9195    31.8897    25.4143    25.3857    7.57326 0.0000e+00
      31969     66.729     3.1474     3.2027   2.927924   2.930012     2.7154     2.6738      8.170     0.2022     2.0429 1.0790e-01     0.0906    97.7593     7.4945     7.8331    31.9189    31.8894    25.4137    25.3854    7.57295 0.0000e+00
      31972     66.669     3.1519     3.2031   2.928202   2.930030     2.7141     2.6738      8.170     0.2022     2.0429 1.0790e-01     0.0906    97.7593     7.4884     7.8331    31.9178    31.8892    25.4124    25.3852    7.57214 0.0000e+00
      31975     66.609     3.1570     3.2035   2.928251   2.930027     2.7145     2.6734      8.172     0.2022     2.0429 1.0790e-01     0.0906    97.7593     7.4888     7.8328    31.9134    31.8888    25.4085    25.3848    7.57140 0.0000e+00
      31978     66.550     3.1595     3.2037   2.928238   2.930046     2.7141     2.6726      8.170     0.2120     2.0429 1.0790e-01     0.0906    97.7593     7.4857     7.8313    31.9108    31.8889    25.4062    25.3849    7.57106 0.0000e+00
      31981     66.491     3.1595     3.2038   2.928157   2.930057     2.7158     2.6734      8.170     0.2071     2.0429 1.0790e-01     0.0906    97.7593     7.4898     7.8367    31.9098    31.8889    25.4054    25.3849    7.57110 0.0000e+00
      31984     66.431     3.1581     3.2039   2.928012   2.930054     2.7150     2.6734      8.170     0.2120     2.0429 1.0790e-01     0.0921    97.7245     7.4850     7.8388    31.9095    31.8888    25.4052    25.3848    7.57138 0.0000e+00
      31987     66.371     3.1562     3.2043   2.927956   2.930067     2.7145     2.6738      8.172     0.2120     2.0429 1.0790e-01     0.0921    97.7245     7.4819     7.8406    31.9108    31.8886    25.4064    25.3846    7.57169 0.0000e+00
      31990     66.309     3.1563     3.2046   2.928127   2.930053     2.7145     2.6734      8.170     0.2022     2.0824 1.0790e-01     0.0917    97.7332     7.4823     7.8378    31.9127    31.8882    25.4080    25.3843    7.57156 0.0000e+00
      31993     66.248     3.1580     3.2049   2.928135   2.930053     2.7141     2.6738      8.172     0.2120     2.1614 1.0790e-01     0.0921    97.7245     7.4809     7.8409    31.9112    31.8880    25.4066    25.3840    7.57132 0.0000e+00
      31996     66.190     3.1584     3.2055   2.928186   2.930097     2.7145     2.6738      8.170     0.2120     2.1614 1.0790e-01     0.0921    97.7245     7.4821     7.8436    31.9114    31.8880    25.4068    25.3840    7.57123 0.0000e+00
      31999     66.127     3.1608     3.2059   2.928326   2.930091     2.7150     2.6738      8.170     0.2462     2.1614 1.0790e-01     0.0917    97.7332     7.4820     7.8465    31.9107    31.8875    25.4060    25.3836    7.57080 0.0000e+00
      32002     66.064     3.1627     3.2066   2.928378   2.930111     2.7145     2.6738      8.172     0.2511     2.1614 1.0790e-01     0.0917    97.7332     7.4801     7.8476    31.9096    31.8870    25.4050    25.3832    7.57051 0.0000e+00
      32005     66.004     3.1649     3.2071   2.928446   2.930105     2.7137     2.6742      8.170     0.2511     2.1614 1.0790e-01     0.0899    97.7767     7.4777     7.8498    31.9083    31.8865    25.4037    25.3827    7.57016 0.0000e+00
      32008     65.944     3.1662     3.2073   2.928415   2.930128     2.7137     2.6742      8.170     0.2462     2.1614 1.0790e-01     0.0896    97.7854     7.4796     7.8535    31.9066    31.8867    25.4022    25.3828    7.56998 0.0000e+00
      32011     65.882     3.1661     3.2074   2.928414   2.930108     2.7133     2.6738      8.170     0.2608     2.1614 1.0790e-01     0.0899    97.7767     7.4803     7.8545    31.9067    31.8863    25.4023    25.3825    7.57000 0.0000e+00
      32014     65.821     3.1667     3.2075   2.928406   2.930115     2.7141     2.6738      8.170     0.2511     2.1614 1.0790e-01     0.0899    97.7767     7.4838     7.8575    31.9061    31.8864    25.4018    25.3825    7.56992 0.0000e+00
      32017     65.762     3.1668     3.2079   2.928371   2.930144     2.7141     2.6750      8.170     0.2608     2.0429 1.0790e-01     0.0899    97.7767     7.4846     7.8628    31.9056    31.8863    25.4013    25.3825    7.56992 0.0000e+00
      32020     65.702     3.1668     3.2087   2.928341   2.930126     2.7133     2.6746      8.170     0.2608     2.0429 1.0790e-01     0.0899    97.7767     7.4821     7.8619    31.9052    31.8854    25.4011    25.3816    7.56994 0.0000e+00
      32023     65.642     3.1665     3.2092   2.928321   2.930189     2.7141     2.6750      8.170     0.2364     2.0429 1.0790e-01     0.0906    97.7593     7.4861     7.8648    31.9053    31.8856    25.4012    25.3818    7.57000 0.0000e+00
      32026     65.581     3.1667     3.2107   2.928390   2.930217     2.7141     2.6754      8.170     0.2120     2.0429 1.0790e-01     0.0917    97.7332     7.4889     7.8662    31.9061    31.8846    25.4018    25.3808    7.56993 0.0000e+00
      32029     65.520     3.1666     3.2102   2.928376   2.930185     2.7145     2.6759      8.172     0.2071     2.0429 1.0790e-01     0.0921    97.7245     7.4926     7.8686    31.9060    31.8847    25.4017    25.3809    7.56995 0.0000e+00
      32032     65.460     3.1663     3.2097   2.928376   2.930152     2.7141     2.6763      8.170     0.2071     2.0429 1.0790e-01     0.0921    97.7245     7.4914     7.8701    31.9063    31.8849    25.4020    25.3811    7.56999 0.0000e+00
      32035     65.401     3.1666     3.2100   2.928464   2.930194     2.7150     2.6763      8.170     0.2120     2.0429 1.0790e-01     0.0917    97.7332     7.4941     7.8687    31.9071    31.8851    25.4026    25.3813    7.56988 0.0000e+00
      32038     65.343     3.1710     3.2106   2.928738   2.930229     2.7145     2.6767      8.172     0.2022     2.0429 1.0790e-01     0.0917    97.7332     7.4900     7.8674    31.9061    31.8849    25.4014    25.3812    7.56910 0.0000e+00
      32041     65.282     3.1753     3.2125   2.928840   2.930270     2.7145     2.6763      8.172     0.2120     2.0429 1.0790e-01     0.0917    97.7332     7.4893     7.8629    31.9031    31.8835    25.3986    25.3798    7.56843 0.0000e+00
      32044     65.220     3.1783     3.2132   2.928859   2.930296     2.7141     2.6763      8.172     0.2120     2.0429 1.0790e-01     0.0917    97.7332     7.4889     7.8610    31.9004    31.8832    25.3963    25.3795    7.56801 0.0000e+00
      32047     65.162     3.1802     3.2143   2.928901   2.930319     2.7150     2.6771      8.175     0.2120     2.0429 1.0790e-01     0.0906    97.7593     7.4904     7.8606    31.8991    31.8825    25.3950    25.3789    7.56771 0.0000e+00
      32050     65.099     3.1811     3.2151   2.928880   2.930334     2.7154     2.6771      8.172     0.2071     2.0429 1.0790e-01     0.0906    97.7593     7.4912     7.8576    31.8979    31.8819    25.3941    25.3783    7.56759 0.0000e+00
      32053     65.038     3.1810     3.2156   2.928876   2.930353     2.7154     2.6771      8.170     0.2120     2.0429 1.0790e-01     0.0913    97.7419     7.4904     7.8551    31.8980    31.8816    25.3941    25.3781    7.56760 0.0000e+00
      32056     64.978     3.1813     3.2160   2.928885   2.930340     2.7154     2.6771      8.170     0.2071     2.0429 1.0790e-01     0.0913    97.7419     7.4906     7.8548    31.8978    31.8812    25.3939    25.3776    7.56756 0.0000e+00
      32059     64.918     3.1826     3.2160   2.928934   2.930351     2.7150     2.6775      8.173     0.2071     2.0429 1.0790e-01     0.0913    97.7419     7.4881     7.8565    31.8972    31.8813    25.3934    25.3777    7.56735 0.0000e+00
      32062     64.856     3.1834     3.2159   2.928948   2.930310     2.7141     2.6775      8.172     0.2071     2.0429 1.0790e-01     0.0910    97.7506     7.4848     7.8581    31.8966    31.8809    25.3928    25.3775    7.56722 0.0000e+00
      32065     64.795     3.1836     3.2159   2.928902   2.930340     2.7158     2.6775      8.172     0.2022     2.0429 1.0790e-01     0.0910    97.7506     7.4883     7.8592    31.8959    31.8814    25.3922    25.3778    7.56722 0.0000e+00
      32068     64.734     3.1834     3.2161   2.928867   2.930354     2.7162     2.6775      8.170     0.2120     2.0429 1.0790e-01     0.0906    97.7593     7.4896     7.8586    31.8958    31.8814    25.3921    25.3778    7.56727 0.0000e+00
      32071     64.674     3.1827     3.2162   2.928873   2.930344     2.7154     2.6775      8.172     0.2120     2.0429 1.0790e-01     0.0906    97.7593     7.4855     7.8585    31.8965    31.8812    25.3928    25.3776    7.56736 0.0000e+00
      32074     64.612     3.1830     3.2162   2.928949   2.930330     2.7154     2.6775      8.172     0.2120     2.0429 1.0790e-01     0.0906    97.7593     7.4851     7.8581    31.8972    31.8810    25.3933    25.3775    7.56728 0.0000e+00
      32077     64.551     3.1846     3.2162   2.929013   2.930322     2.7154     2.6775      8.172     0.2071     2.0429 1.0790e-01     0.0906    97.7593     7.4854     7.8590    31.8964    31.8809    25.3925    25.3774    7.56701 0.0000e+00
      32080     64.490     3.1857     3.2163   2.929054   2.930335     2.7158     2.6783      8.172     0.2022     2.0429 1.0790e-01     0.0906    97.7593     7.4876     7.8617    31.8958    31.8810    25.3919    25.3775    7.56682 0.0000e+00
      32083     64.426     3.1867     3.2165   2.929045   2.930326     2.7154     2.6783      8.175     0.2071     2.0429 1.0790e-01     0.0906    97.7593     7.4859     7.8614    31.8948    31.8807    25.3911    25.3773    7.56669 0.0000e+00
      32086     64.363     3.1873     3.2167   2.929057   2.930338     2.7154     2.6787      8.173     0.2071     2.0429 1.0790e-01     0.0906    97.7593     7.4847     7.8636    31.8944    31.8807    25.3906    25.3772    7.56660 0.0000e+00
      32089     64.303     3.1878     3.2168   2.929061   2.930333     2.7145     2.6787      8.173     0.2169     2.0429 1.0790e-01     0.0917    97.7332     7.4793     7.8631    31.8939    31.8806    25.3903    25.3772    7.56652 0.0000e+00
      32092     64.239     3.1885     3.2167   2.929090   2.930334     2.7162     2.6787      8.170     0.2120     2.0429 1.0790e-01     0.0913    97.7419     7.4865     7.8635    31.8936    31.8808    25.3900    25.3773    7.56641 0.0000e+00
      32095     64.176     3.1886     3.2165   2.929065   2.930321     2.7154     2.6787      8.173     0.2022     2.0429 1.0790e-01     0.0913    97.7419     7.4857     7.8639    31.8932    31.8808    25.3897    25.3773    7.56641 0.0000e+00
      32098     64.114     3.1885     3.2166   2.929021   2.930321     2.7154     2.6787      8.172     0.2071     2.0429 1.0790e-01     0.0906    97.7593     7.4855     7.8623    31.8928    31.8807    25.3893    25.3772    7.56645 0.0000e+00
      32101     64.050     3.1885     3.2165   2.929101   2.930319     2.7162     2.6791      8.172     0.2218     2.0429 1.0790e-01     0.0906    97.7593     7.4880     7.8593    31.8938    31.8808    25.3901    25.3774    7.56639 0.0000e+00
      32104     63.987     3.1908     3.2167   2.929275   2.930306     2.7158     2.6787      8.172     0.2364     2.0429 1.0790e-01     0.0913    97.7419     7.4875     7.8545    31.8937    31.8805    25.3898    25.3771    7.56596 0.0000e+00
      32107     63.925     3.1932     3.2173   2.929351   2.930330     2.7154     2.6795      8.173     0.2413     2.0429 1.0790e-01     0.0924    97.7158     7.4871     7.8544    31.8922    31.8803    25.3885    25.3769    7.56558 0.0000e+00
      32110     63.863     3.1953     3.2175   2.929414   2.930336     2.7158     2.6791      8.175     0.2364     2.0429 1.0790e-01     0.0928    97.7071     7.4877     7.8499    31.8910    31.8802    25.3872    25.3768    7.56524 0.0000e+00
      32113     63.800     3.1969     3.2180   2.929405   2.930355     2.7154     2.6791      8.172     0.2364     2.0429 1.0790e-01     0.0924    97.7158     7.4859     7.8465    31.8893    31.8799    25.3859    25.3765    7.56503 0.0000e+00
      32116     63.738     3.1980     3.2185   2.929448   2.930366     2.7162     2.6799      8.172     0.2364     2.0429 1.0790e-01     0.0928    97.7071     7.4885     7.8477    31.8888    31.8796    25.3853    25.3762    7.56484 0.0000e+00
      32119     63.677     3.1990     3.2182   2.929436   2.930336     2.7166     2.6799      8.173     0.2364     2.0429 1.0790e-01     0.0928    97.7071     7.4901     7.8461    31.8877    31.8796    25.3843    25.3762    7.56471 0.0000e+00
      32122     63.615     3.1990     3.2180   2.929411   2.930328     2.7154     2.6791      8.173     0.2413     2.0429 1.0790e-01     0.0928    97.7071     7.4869     7.8395    31.8875    31.8798    25.3841    25.3764    7.56473 0.0000e+00
      32125     63.553     3.1988     3.2190   2.929440   2.930411     2.7162     2.6787      8.175     0.2315     2.0429 1.0790e-01     0.0921    97.7245     7.4895     7.8337    31.8880    31.8797    25.3847    25.3763    7.56474 0.0000e+00
      32128     63.490     3.2008     3.2204   2.929582   2.930426     2.7166     2.6791      8.175     0.2218     2.0429 1.0790e-01     0.0917    97.7332     7.4915     7.8323    31.8878    31.8786    25.3843    25.3752    7.56437 0.0000e+00
      32131     63.429     3.2027     3.2208   2.929565   2.930429     2.7170     2.6787      8.173     0.2120     2.0429 1.0790e-01     0.0917    97.7332     7.4929     7.8290    31.8858    31.8782    25.3825    25.3749    7.56412 0.0000e+00
      32134     63.368     3.2021     3.2214   2.929472   2.930464     2.7158     2.6783      8.173     0.2120     2.0429 1.0790e-01     0.0917    97.7332     7.4895     7.8265    31.8852    31.8781    25.3821    25.3747    7.56425 0.0000e+00
      32137     63.304     3.2010     3.2231   2.929442   2.930545     2.7170     2.6783      8.173     0.2022     2.0429 1.0790e-01     0.0917    97.7332     7.4926     7.8247    31.8860    31.8774    25.3828    25.3741    7.56442 0.0000e+00
      32140     63.248     3.1996     3.2249   2.929365   2.930603     2.7166     2.6787      8.173     0.2071     2.0429 1.0790e-01     0.0913    97.7419     7.4917     7.8257    31.8864    31.8764    25.3833    25.3730    7.56466 0.0000e+00
