Datasets/AZMP/COO001/79001095.cnv
* Sea-Bird SBE 9 Data File:
* FileName = C:\CTDDATA\79001095.hex
* Software Version Seasave V 7.26.7.110
* Temperature SN = 5660
* Conductivity SN = 3698
* Number of Bytes Per Scan = 30
* Number of Voltage Words = 4
* Number of Scans Averaged by the Deck Unit = 1
* NMEA baud rate = 9600
** VESSEL/TRIP/SEQ STN:  79001095
** LATITUDE XX XX.XX N:  49 06.00 N
** LONGITUDE XX XX.XX W:  51 49.80 W
** SOUNDING DEPTH (M):  0296
** PROBE TYPE: S1257
** CTD NUMBER: 061
** COMMENTS (14 CHAR): BB-06
** BOTTLES:  20
** LEVELS: 5,5,5,5,10,20,20,20,20,30,40,50,50,50,75,100,100,100,150,BTM
** STICKERS: 435318 - 435337
** VNET: N
** DO2: N
# nquan = 22
# nvalues = 6310                        
# units = specified
# name 0 = scan: Scan Count
# name 1 = prDM: Pressure, Digiquartz [db]
# name 2 = t090C: Temperature [ITS-90, deg C]
# name 3 = t190C: Temperature, 2 [ITS-90, deg C]
# name 4 = c0S/m: Conductivity [S/m]
# name 5 = c1S/m: Conductivity, 2 [S/m]
# name 6 = sbeox0V: Oxygen raw, SBE 43 [V]
# name 7 = sbeox1V: Oxygen raw, SBE 43, 2 [V]
# name 8 = ph: pH
# name 9 = flECO-AFL: Fluorescence, WET Labs ECO-AFL/FL [mg/m^3]
# name 10 = wetCDOM: Fluorescence, WET Labs CDOM [mg/m^3]
# name 11 = par/sat/log: PAR/Logarithmic, Satlantic [umol photons/m^2/sec]
# name 12 = CStarAt0: Beam Attenuation, WET Labs C-Star [1/m]
# name 13 = CStarTr0: Beam Transmission, WET Labs C-Star [%]
# name 14 = sbeox0ML/L: Oxygen, SBE 43 [ml/l], WS = 2
# name 15 = sbeox1ML/L: Oxygen, SBE 43, 2 [ml/l], WS = 2
# name 16 = sal00: Salinity, Practical [PSU]
# name 17 = sal11: Salinity, Practical, 2 [PSU]
# name 18 = sigma-t00: Density [sigma-t, kg/m^3 ]
# name 19 = sigma-t11: Density, 2 [sigma-t, kg/m^3 ]
# name 20 = oxsatML/L: Oxygen Saturation, Weiss [ml/l]
# name 21 = flag: flag
# span 0 =         94,      77767       
# span 1 =      1.224,    285.834       
# span 2 =     0.5341,     2.4610       
# span 3 =     0.5020,     2.4614       
# span 4 =   2.828022,   3.080204       
# span 5 =   2.825533,   3.080437       
# span 6 =     2.3091,     2.7560       
# span 7 =     2.2803,     2.7185       
# span 8 =      8.082,      8.198       
# span 9 =    -0.0127,     1.1497       
# span 10 =    -0.8785,     1.9245      
# span 11 = 1.0666e-01, 6.0093e-01      
# span 12 =     0.0574,     0.3454      
# span 13 =    91.7286,    98.5761      
# span 14 =     6.3140,     7.7293      
# span 15 =     6.6071,     8.1147      
# span 16 =    32.8080,    34.4495      
# span 17 =    32.8110,    34.3697      
# span 18 =    26.1961,    27.5222      
# span 19 =    26.1980,    27.4311      
# span 20 =    7.58008,    8.02143      
# span 21 = 0.0000e+00, 0.0000e+00      
# interval = scans: 3                   
# start_time = Dec 02 2019 22:21:37 [System UTC, header]
# bad_flag = -9.990e-29
*END*
[from data line 132]
       1161     12.302     2.2526     2.2549   2.924514   2.924962     2.6536     2.7131      8.186     0.8420     1.5692 1.0790e-01     0.1400    96.5601     7.4009     8.0800    32.8104    32.8135    26.1986    26.2009    7.70037 0.0000e+00
       1164     12.349     2.2527     2.2553   2.924540   2.924980     2.6553     2.7131      8.187     0.8322     1.5692 1.0790e-01     0.1407    96.5427     7.4056     8.0772    32.8106    32.8134    26.1988    26.2007    7.70034 0.0000e+00
       1167     12.394     2.2528     2.2556   2.924529   2.925007     2.6541     2.7131      8.189     0.8127     1.5692 1.0790e-01     0.1422    96.5080     7.3993     8.0764    32.8103    32.8133    26.1985    26.2007    7.70034 0.0000e+00
       1170     12.437     2.2526     2.2554   2.924516   2.924977     2.6545     2.7131      8.189     0.8176     1.5692 1.0790e-01     0.1422    96.5080     7.4008     8.0758    32.8104    32.8132    26.1986    26.2006    7.70038 0.0000e+00
       1173     12.478     2.2526     2.2552   2.924527   2.924991     2.6545     2.7135      8.189     0.8078     1.5692 1.0790e-01     0.1422    96.5080     7.4004     8.0765    32.8105    32.8135    26.1987    26.2009    7.70037 0.0000e+00
       1176     12.517     2.2528     2.2552   2.924569   2.924975     2.6557     2.7131      8.186     0.8127     1.5297 1.0790e-01     0.1426    96.4993     7.4038     8.0731    32.8108    32.8133    26.1989    26.2007    7.70031 0.0000e+00
       1179     12.553     2.2528     2.2552   2.924556   2.924984     2.6565     2.7143      8.189     0.8176     1.5297 1.0790e-01     0.1422    96.5080     7.4066     8.0745    32.8106    32.8135    26.1987    26.2008    7.70032 0.0000e+00
       1182     12.587     2.2528     2.2552   2.924549   2.924979     2.6569     2.7135      8.189     0.8029     1.5297 1.0790e-01     0.1422    96.5080     7.4063     8.0689    32.8104    32.8133    26.1986    26.2007    7.70032 0.0000e+00
       1185     12.617     2.2529     2.2556   2.924553   2.924985     2.6569     2.7131      8.189     0.8078     1.5297 1.0790e-01     0.1411    96.5340     7.4054     8.0650    32.8104    32.8130    26.1986    26.2004    7.70031 0.0000e+00
       1188     12.647     2.2528     2.2557   2.924570   2.925023     2.6565     2.7131      8.189     0.8176     1.5692 1.0790e-01     0.1389    96.5862     7.4039     8.0617    32.8107    32.8133    26.1988    26.2007    7.70031 0.0000e+00
       1191     12.674     2.2527     2.2564   2.924546   2.925046     2.6565     2.7131      8.189     0.8029     1.5692 1.0790e-01     0.1389    96.5862     7.4050     8.0588    32.8105    32.8129    26.1987    26.2003    7.70034 0.0000e+00
       1194     12.699     2.2528     2.2558   2.924571   2.924976     2.6581     2.7131      8.189     0.8127     1.5692 1.0790e-01     0.1389    96.5862     7.4086     8.0566    32.8107    32.8127    26.1988    26.2001    7.70031 0.0000e+00
       1199     12.734     2.2528     2.2541   2.924562   2.924864     2.6581     2.7127      8.189     0.8029     1.5692 1.0790e-01     0.1393    96.5775     7.4071     8.0547    32.8105    32.8129    26.1987    26.2005    7.70032 0.0000e+00
       1321     12.922     2.2528     2.2525   2.924591   2.924785     2.6593     2.7106      8.189     0.8078     1.5692 1.0790e-01     0.1379    96.6122     7.3849     8.0810    32.8108    32.8135    26.1989    26.2011    7.70031 0.0000e+00
       1324     12.945     2.2528     2.2525   2.924579   2.924766     2.6581     2.7114      8.189     0.8665     1.5692 1.0790e-01     0.1379    96.6122     7.3823     8.0856    32.8107    32.8133    26.1988    26.2009    7.70032 0.0000e+00
       1327     12.971     2.2528     2.2524   2.924585   2.924783     2.6585     2.7118      8.189     0.8762     1.5692 1.0790e-01     0.1400    96.5601     7.3852     8.0868    32.8107    32.8136    26.1988    26.2011    7.70031 0.0000e+00
       1330     13.002     2.2528     2.2525   2.924583   2.924774     2.6581     2.7118      8.189     0.8762     1.5692 1.0790e-01     0.1407    96.5427     7.3849     8.0875    32.8107    32.8134    26.1988    26.2010    7.70032 0.0000e+00
       1333     13.035     2.2528     2.2523   2.924573   2.924761     2.6589     2.7118      8.189     0.8811     1.5692 1.0790e-01     0.1411    96.5340     7.3882     8.0862    32.8105    32.8133    26.1987    26.2010    7.70032 0.0000e+00
       1336     13.076     2.2528     2.2525   2.924581   2.924760     2.6589     2.7122      8.189     0.8860     1.5692 1.0790e-01     0.1407    96.5427     7.3896     8.0879    32.8106    32.8131    26.1987    26.2008    7.70032 0.0000e+00
       1339     13.122     2.2530     2.2523   2.924589   2.924773     2.6589     2.7118      8.189     0.8860     1.5692 1.0790e-01     0.1407    96.5427     7.3904     8.0847    32.8105    32.8135    26.1986    26.2011    7.70029 0.0000e+00
       1342     13.175     2.2528     2.2521   2.924599   2.924742     2.6585     2.7122      8.189     0.8860     1.5692 1.0790e-01     0.1404    96.5514     7.3914     8.0840    32.8108    32.8133    26.1988    26.2010    7.70031 0.0000e+00
       1345     13.235     2.2530     2.2521   2.924599   2.924778     2.6581     2.7127      8.189     0.8811     1.6876 1.0790e-01     0.1407    96.5427     7.3929     8.0815    32.8106    32.8137    26.1987    26.2013    7.70029 0.0000e+00
       1348     13.305     2.2530     2.2521   2.924609   2.924776     2.6602     2.7127      8.186     0.8909     1.6876 1.0790e-01     0.1404    96.5514     7.4005     8.0783    32.8106    32.8136    26.1987    26.2012    7.70028 0.0000e+00
       1351     13.380     2.2530     2.2521   2.924625   2.924758     2.6589     2.7118      8.189     0.9251     1.6876 1.0790e-01     0.1400    96.5601     7.3968     8.0760    32.8107    32.8133    26.1988    26.2009    7.70027 0.0000e+00
       1354     13.463     2.2531     2.2522   2.924620   2.924815     2.6589     2.7122      8.189     0.9299     1.6876 1.0790e-01     0.1400    96.5601     7.3979     8.0788    32.8106    32.8139    26.1987    26.2014    7.70026 0.0000e+00
       1357     13.553     2.2532     2.2522   2.924636   2.924792     2.6606     2.7122      8.189     0.9299     1.6876 1.0790e-01     0.1400    96.5601     7.4052     8.0795    32.8106    32.8136    26.1987    26.2011    7.70024 0.0000e+00
       1360     13.649     2.2531     2.2522   2.924631   2.924794     2.6585     2.7127      8.187     0.9299     1.6876 1.0790e-01     0.1400    96.5601     7.4011     8.0818    32.8106    32.8135    26.1987    26.2011    7.70026 0.0000e+00
       1363     13.753     2.2531     2.2520   2.924605   2.924805     2.6585     2.7122      8.189     0.9251     1.6876 1.0790e-01     0.1400    96.5601     7.4024     8.0811    32.8102    32.8138    26.1984    26.2014    7.70028 0.0000e+00
       1366     13.866     2.2532     2.2526   2.924645   2.924867     2.6606     2.7122      8.189     0.9251     1.6876 1.0790e-01     0.1404    96.5514     7.4110     8.0795    32.8106    32.8139    26.1987    26.2015    7.70025 0.0000e+00
       1369     13.984     2.2533     2.2532   2.924637   2.924863     2.6597     2.7118      8.189     0.9202     1.6087 1.0790e-01     0.1411    96.5340     7.4079     8.0778    32.8103    32.8132    26.1984    26.2008    7.70024 0.0000e+00
       1372     14.109     2.2532     2.2527   2.924684   2.924845     2.6597     2.7127      8.189     0.9202     1.5692 1.0790e-01     0.1411    96.5340     7.4077     8.0821    32.8109    32.8134    26.1989    26.2010    7.70022 0.0000e+00
       1375     14.240     2.2533     2.2524   2.924659   2.924844     2.6606     2.7131      8.189     0.9446     1.5692 1.0790e-01     0.1411    96.5340     7.4133     8.0844    32.8104    32.8137    26.1985    26.2012    7.70022 0.0000e+00
       1378     14.378     2.2532     2.2528   2.924658   2.924912     2.6606     2.7131      8.186     0.9690     1.5692 1.0790e-01     0.1411    96.5340     7.4165     8.0832    32.8105    32.8140    26.1986    26.2015    7.70025 0.0000e+00
       1381     14.518     2.2531     2.2536   2.924671   2.924966     2.6618     2.7131      8.187     0.9641     1.5692 1.0790e-01     0.1411    96.5340     7.4240     8.0792    32.8106    32.8137    26.1987    26.2012    7.70026 0.0000e+00
       1384     14.664     2.2530     2.2543   2.924671   2.925037     2.6618     2.7131      8.189     0.9690     1.5692 1.0790e-01     0.1411    96.5340     7.4272     8.0771    32.8106    32.8138    26.1988    26.2012    7.70028 0.0000e+00
       1387     14.814     2.2533     2.2553   2.924708   2.925123     2.6614     2.7131      8.189     0.9690     1.5692 1.0790e-01     0.1404    96.5514     7.4248     8.0746    32.8107    32.8138    26.1988    26.2011    7.70022 0.0000e+00
       1390     14.963     2.2533     2.2552   2.924739   2.925065     2.6618     2.7122      8.187     0.9690     1.5692 1.0790e-01     0.1396    96.5688     7.4274     8.0686    32.8110    32.8131    26.1990    26.2005    7.70020 0.0000e+00
       1393     15.116     2.2536     2.2551   2.924798   2.925089     2.6618     2.7131      8.187     0.9690     1.5297 1.0790e-01     0.1389    96.5862     7.4295     8.0681    32.8114    32.8134    26.1993    26.2008    7.70012 0.0000e+00
       1396     15.271     2.2544     2.2549   2.924882   2.925080     2.6618     2.7127      8.189     0.9739     1.6481 1.0790e-01     0.1393    96.5775     7.4294     8.0638    32.8115    32.8134    26.1993    26.2008    7.69996 0.0000e+00
       1399     15.425     2.2552     2.2548   2.924967   2.925098     2.6630     2.7131      8.186     0.9739     1.6876 1.0790e-01     0.1389    96.5862     7.4361     8.0661    32.8116    32.8137    26.1994    26.2010    7.69980 0.0000e+00
       1402     15.579     2.2560     2.2552   2.925031   2.925151     2.6646     2.7127      8.186     0.8958     1.6876 1.0790e-01     0.1389    96.5862     7.4423     8.0646    32.8115    32.8138    26.1992    26.2011    7.69965 0.0000e+00
       1405     15.728     2.2569     2.2558   2.925119   2.925181     2.6646     2.7118      8.189     0.8567     1.6876 1.0790e-01     0.1393    96.5775     7.4431     8.0615    32.8116    32.8135    26.1992    26.2008    7.69947 0.0000e+00
       1408     15.875     2.2579     2.2555   2.925261   2.925178     2.6646     2.7122      8.187     0.8762     1.6876 1.0790e-01     0.1400    96.5601     7.4449     8.0642    32.8122    32.8137    26.1996    26.2010    7.69923 0.0000e+00
       1411     16.017     2.2588     2.2562   2.925265   2.925271     2.6647     2.7118      8.189     0.8713     1.6876 1.0790e-01     0.1400    96.5601     7.4444     8.0643    32.8113    32.8140    26.1988    26.2012    7.69910 0.0000e+00
       1414     16.155     2.2590     2.2577   2.925287   2.925427     2.6659     2.7118      8.187     0.8665     1.6876 1.0790e-01     0.1400    96.5601     7.4478     8.0654    32.8112    32.8144    26.1987    26.2014    7.69906 0.0000e+00
       1417     16.290     2.2593     2.2587   2.925286   2.925464     2.6655     2.7122      8.189     0.8665     1.6876 1.0790e-01     0.1400    96.5601     7.4457     8.0678    32.8109    32.8136    26.1985    26.2007    7.69903 0.0000e+00
       1420     16.418     2.2594     2.2587   2.925297   2.925468     2.6667     2.7118      8.186     0.8665     1.6481 1.0790e-01     0.1400    96.5601     7.4485     8.0696    32.8108    32.8136    26.1984    26.2007    7.69902 0.0000e+00
       1423     16.541     2.2595     2.2581   2.925307   2.925381     2.6679     2.7127      8.189     0.8616     1.5692 1.0790e-01     0.1396    96.5688     7.4500     8.0751    32.8108    32.8132    26.1984    26.2004    7.69900 0.0000e+00
       1426     16.653     2.2596     2.2579   2.925339   2.925437     2.6671     2.7118      8.189     0.8665     1.5692 1.0790e-01     0.1400    96.5601     7.4464     8.0753    32.8110    32.8139    26.1985    26.2010    7.69896 0.0000e+00
       1429     16.757     2.2600     2.2586   2.925363   2.925499     2.6679     2.7118      8.187     0.8567     1.5692 1.0790e-01     0.1400    96.5601     7.4488     8.0772    32.8109    32.8139    26.1984    26.2009    7.69889 0.0000e+00
       1432     16.855     2.2600     2.2589   2.925382   2.925508     2.6679     2.7122      8.189     0.8567     1.5692 1.0790e-01     0.1400    96.5601     7.4480     8.0802    32.8110    32.8137    26.1985    26.2007    7.69888 0.0000e+00
       1435     16.942     2.2601     2.2589   2.925348   2.925510     2.6679     2.7118      8.186     0.8567     1.5692 1.0790e-01     0.1400    96.5601     7.4461     8.0810    32.8105    32.8136    26.1981    26.2007    7.69890 0.0000e+00
       1438     17.022     2.2600     2.2590   2.925352   2.925550     2.6687     2.7122      8.187     0.8469     1.5692 1.0790e-01     0.1400    96.5601     7.4474     8.0803    32.8106    32.8140    26.1982    26.2009    7.69891 0.0000e+00
       1441     17.091     2.2600     2.2589   2.925366   2.925488     2.6691     2.7122      8.189     0.8567     1.5692 1.0790e-01     0.1400    96.5601     7.4467     8.0790    32.8107    32.8133    26.1982    26.2005    7.69890 0.0000e+00
       1444     17.148     2.2601     2.2586   2.925274   2.925479     2.6699     2.7127      8.189     0.8567     1.5297 1.0790e-01     0.1400    96.5601     7.4470     8.0791    32.8094    32.8135    26.1972    26.2006    7.69895 0.0000e+00
       1447     17.194     2.2592     2.2585   2.925208   2.925511     2.6691     2.7122      8.189     0.8567     1.5692 1.0790e-01     0.1400    96.5601     7.4441     8.0762    32.8096    32.8140    26.1974    26.2010    7.69912 0.0000e+00
       1450     17.230     2.2584     2.2589   2.925105   2.925554     2.6699     2.7122      8.189     0.8518     1.6876 1.0790e-01     0.1396    96.5688     7.4451     8.0755    32.8090    32.8141    26.1971    26.2010    7.69930 0.0000e+00
       1499     17.259     2.2573     2.2582   2.925038   2.925440     2.6707     2.7131      8.189     0.8323     1.6876 1.0790e-01     0.1396    96.5688     7.4664     8.0737    32.8093    32.8134    26.1974    26.2005    7.69950 0.0000e+00
       1595     17.306     2.2571     2.2563   2.925149   2.925265     2.6732     2.7143      8.189     0.7883     1.6876 1.0790e-01     0.1389    96.5862     7.5227     8.0683    32.8109    32.8132    26.1986    26.2005    7.69947 0.0000e+00
       1598     17.376     2.2571     2.2561   2.925127   2.925295     2.6732     2.7143      8.189     0.7980     1.6876 1.0790e-01     0.1389    96.5862     7.5378     8.0683    32.8106    32.8137    26.1984    26.2009    7.69948 0.0000e+00
       1601     17.448     2.2573     2.2566   2.925190   2.925325     2.6752     2.7139      8.189     0.7932     1.6876 1.0790e-01     0.1386    96.5949     7.5577     8.0681    32.8111    32.8135    26.1988    26.2007    7.69941 0.0000e+00
       1604     17.525     2.2580     2.2555   2.925292   2.925227     2.6773     2.7139      8.189     0.7883     1.6876 1.0790e-01     0.1389    96.5862     7.5761     8.0675    32.8116    32.8134    26.1992    26.2008    7.69925 0.0000e+00
       1607     17.603     2.2589     2.2547   2.925388   2.925164     2.6793     2.7143      8.189     0.7980     1.6876 1.0790e-01     0.1389    96.5862     7.5921     8.0683    32.8118    32.8133    26.1992    26.2008    7.69906 0.0000e+00
       1610     17.685     2.2600     2.2545   2.925535   2.925186     2.6813     2.7135      8.189     0.7932     1.6876 1.0790e-01     0.1396    96.5688     7.6050     8.0672    32.8125    32.8138    26.1997    26.2011    7.69881 0.0000e+00
       1613     17.774     2.2611     2.2547   2.925573   2.925190     2.6830     2.7131      8.189     0.7736     1.6876 1.0790e-01     0.1400    96.5601     7.6157     8.0665    32.8117    32.8136    26.1990    26.2010    7.69863 0.0000e+00
