Datasets/AZMP/COO001/79001051.cnv
* Sea-Bird SBE 9 Data File:
* FileName = C:\CTDDATA\79001051.hex
* Software Version Seasave V 7.26.7.110
* Temperature SN = 5660
* Conductivity SN = 3698
* Number of Bytes Per Scan = 30
* Number of Voltage Words = 4
* Number of Scans Averaged by the Deck Unit = 1
* NMEA baud rate = 9600
** VESSEL/TRIP/SEQ STN:  79001051
** LATITUDE XX XX.XX N:  47 00.00  N
** LONGITUDE XX XX.XX W:  44 13.90 W
** SOUNDING DEPTH (M):  0278
** PROBE TYPE: S1257
** CTD NUMBER: 026
** COMMENTS (14 CHAR): FC-29
** BOTTLES:  20
** LEVELS: 5,5,5,5,10,20,20,20,20,30,40,50,50,50,75,100,100,100,150,BTM
** STICKERS: 434986 - 435005
** VNET: Y
** DO2: N
# nquan = 22
# nvalues = 6204                        
# units = specified
# name 0 = scan: Scan Count
# name 1 = prDM: Pressure, Digiquartz [db]
# name 2 = t090C: Temperature [ITS-90, deg C]
# name 3 = t190C: Temperature, 2 [ITS-90, deg C]
# name 4 = c0S/m: Conductivity [S/m]
# name 5 = c1S/m: Conductivity, 2 [S/m]
# name 6 = sbeox0V: Oxygen raw, SBE 43 [V]
# name 7 = sbeox1V: Oxygen raw, SBE 43, 2 [V]
# name 8 = ph: pH
# name 9 = flECO-AFL: Fluorescence, WET Labs ECO-AFL/FL [mg/m^3]
# name 10 = wetCDOM: Fluorescence, WET Labs CDOM [mg/m^3]
# name 11 = par/sat/log: PAR/Logarithmic, Satlantic [umol photons/m^2/sec]
# name 12 = CStarAt0: Beam Attenuation, WET Labs C-Star [1/m]
# name 13 = CStarTr0: Beam Transmission, WET Labs C-Star [%]
# name 14 = sbeox0ML/L: Oxygen, SBE 43 [ml/l], WS = 2
# name 15 = sbeox1ML/L: Oxygen, SBE 43, 2 [ml/l], WS = 2
# name 16 = sal00: Salinity, Practical [PSU]
# name 17 = sal11: Salinity, Practical, 2 [PSU]
# name 18 = sigma-t00: Density [sigma-t, kg/m^3 ]
# name 19 = sigma-t11: Density, 2 [sigma-t, kg/m^3 ]
# name 20 = oxsatML/L: Oxygen Saturation, Weiss [ml/l]
# name 21 = flag: flag
# span 0 =         80,      61346       
# span 1 =      0.315,    268.370       
# span 2 =     3.3267,     7.4791       
# span 3 =     3.3260,     7.4809       
# span 4 =   0.487751,   3.463351       
# span 5 =   0.453710,   3.463542       
# span 6 =     2.2015,     2.7884       
# span 7 =     2.1710,     2.7493       
# span 8 =      7.997,      8.195       
# span 9 =    -0.0176,     2.0533       
# span 10 =    -2.8130,   482.1870      
# span 11 = 1.0777e-01, 1.1434e+02      
# span 12 =     0.0472,     4.3437      
# span 13 =    33.7591,    98.8281      
# span 14 =     5.6492,     7.0497      
# span 15 =     5.9084,     7.9956      
# span 16 =     4.0704,    34.8655      
# span 17 =     3.7923,    34.8652      
# span 18 =     3.1119,    27.6824      
# span 19 =     2.9060,    27.6813      
# span 20 =    6.73906,    8.22340      
# span 21 = 0.0000e+00, 0.0000e+00      
# interval = scans: 3                   
# start_time = Nov 28 2019 12:25:37 [System UTC, header]
# bad_flag = -9.990e-29
*END*
[from data line 5926]
      52274     17.953     7.4045     7.4056   3.461495   3.461672     2.7836     2.7372      8.190     1.3939    -0.3258 1.3864e+01     0.2031    95.0481     6.7822     7.1130    33.8544    33.8552    26.4601    26.4606    6.74814 0.0000e+00
      52277     17.874     7.4046     7.4062   3.461476   3.461676     2.7844     2.7376      8.190     1.3939    -0.3258 1.3993e+01     0.2031    95.0481     6.7835     7.1152    33.8542    33.8547    26.4599    26.4602    6.74814 0.0000e+00
      52280     17.801     7.4045     7.4063   3.461503   3.461662     2.7832     2.7372      8.190     1.4037    -0.3258 1.4090e+01     0.2031    95.0481     6.7804     7.1152    33.8545    33.8546    26.4602    26.4600    6.74814 0.0000e+00
      52283     17.729     7.4049     7.4062   3.461515   3.461657     2.7832     2.7376      8.190     1.3939    -0.3258 1.4254e+01     0.2031    95.0481     6.7802     7.1177    33.8543    33.8546    26.4600    26.4600    6.74808 0.0000e+00
      52286     17.661     7.4051     7.4062   3.461490   3.461675     2.7836     2.7376      8.190     1.3939    -0.3258 1.4403e+01     0.2031    95.0481     6.7817     7.1187    33.8539    33.8548    26.4596    26.4602    6.74808 0.0000e+00
      52289     17.597     7.4053     7.4063   3.461502   3.461657     2.7836     2.7376      8.190     1.3939    -0.3258 1.4503e+01     0.2038    95.0307     6.7818     7.1195    33.8539    33.8546    26.4597    26.4600    6.74805 0.0000e+00
      52292     17.539     7.4050     7.4064   3.461485   3.461638     2.7836     2.7376      8.190     1.3890    -0.3653 1.4672e+01     0.2042    95.0220     6.7824     7.1217    33.8540    33.8543    26.4597    26.4598    6.74809 0.0000e+00
      52295     17.483     7.4050     7.4064   3.461493   3.461663     2.7832     2.7372      8.190     1.3939    -0.3258 1.4791e+01     0.2042    95.0220     6.7814     7.1226    33.8541    33.8546    26.4599    26.4600    6.74808 0.0000e+00
      52298     17.430     7.4050     7.4066   3.461485   3.461653     2.7824     2.7380      8.190     1.3597    -0.3258 1.4911e+01     0.2042    95.0220     6.7783     7.1277    33.8540    33.8544    26.4598    26.4598    6.74808 0.0000e+00
      52301     17.387     7.4049     7.4064   3.461477   3.461648     2.7824     2.7380      8.190     1.3500    -0.3258 1.5015e+01     0.2042    95.0220     6.7790     7.1311    33.8541    33.8545    26.4598    26.4599    6.74809 0.0000e+00
      52304     17.350     7.4050     7.4065   3.461475   3.461648     2.7828     2.7384      8.190     1.3548    -0.3653 1.5102e+01     0.2042    95.0220     6.7812     7.1354    33.8540    33.8544    26.4598    26.4599    6.74809 0.0000e+00
      52307     17.316     7.4051     7.4065   3.461477   3.461656     2.7824     2.7384      8.190     1.3548    -0.3653 1.5172e+01     0.2042    95.0220     6.7798     7.1390    33.8539    33.8545    26.4597    26.4599    6.74808 0.0000e+00
      52356     17.286     7.4053     7.4059   3.461487   3.461618     2.7836     2.7384      8.190     1.3451    -0.3653 1.4917e+01     0.2046    95.0133     6.7850     7.1294    33.8539    33.8547    26.4596    26.4602    6.74805 0.0000e+00
      52450     17.205     7.4054     7.4048   3.461464   3.461610     2.7872     2.7396      8.190     1.3255    -0.2469 1.4520e+01     0.2042    95.0220     6.7990     7.1095    33.8535    33.8557    26.4593    26.4611    6.74804 0.0000e+00
      52453     17.103     7.4053     7.4053   3.461453   3.461632     2.7872     2.7396      8.190     1.3255    -0.2074 1.4706e+01     0.2049    95.0046     6.7985     7.1095    33.8536    33.8555    26.4593    26.4609    6.74805 0.0000e+00
      52456     16.995     7.4054     7.4061   3.461456   3.461607     2.7868     2.7396      8.190     1.3353    -0.2074 1.4859e+01     0.2042    95.0220     6.7969     7.1088    33.8536    33.8546    26.4594    26.4601    6.74804 0.0000e+00
      52459     16.886     7.4052     7.4067   3.461430   3.461627     2.7872     2.7396      8.190     1.3451    -0.2469 1.5067e+01     0.2042    95.0220     6.7969     7.1081    33.8535    33.8542    26.4593    26.4597    6.74807 0.0000e+00
      52462     16.774     7.4051     7.4068   3.461430   3.461607     2.7868     2.7388      8.190     1.3451    -0.2469 1.5225e+01     0.2049    95.0046     6.7955     7.1050    33.8537    33.8539    26.4595    26.4594    6.74809 0.0000e+00
      52465     16.661     7.4051     7.4066   3.461416   3.461610     2.7872     2.7384      8.190     1.3402    -0.2863 1.5437e+01     0.2046    95.0133     6.7957     7.1037    33.8536    33.8542    26.4594    26.4597    6.74809 0.0000e+00
      52468     16.541     7.4051     7.4062   3.461429   3.461602     2.7860     2.7384      8.190     1.3451    -0.3258 1.5545e+01     0.2046    95.0133     6.7911     7.1044    33.8538    33.8546    26.4596    26.4601    6.74808 0.0000e+00
      52471     16.421     7.4051     7.4060   3.461431   3.461581     2.7864     2.7384      8.190     1.3353    -0.3258 1.5707e+01     0.2053    94.9959     6.7911     7.1074    33.8539    33.8546    26.4596    26.4601    6.74808 0.0000e+00
      52474     16.304     7.4049     7.4061   3.461399   3.461594     2.7868     2.7388      8.190     1.3353    -0.3258 1.5872e+01     0.2053    94.9959     6.7909     7.1107    33.8538    33.8547    26.4596    26.4602    6.74811 0.0000e+00
      52477     16.192     7.4051     7.4059   3.461369   3.461567     2.7860     2.7384      8.190     1.3353    -0.3258 1.6038e+01     0.2057    94.9872     6.7879     7.1123    33.8533    33.8546    26.4592    26.4601    6.74810 0.0000e+00
      52480     16.079     7.4050     7.4056   3.461414   3.461558     2.7864     2.7384      8.190     1.3255    -0.3653 1.6243e+01     0.2053    94.9959     6.7882     7.1152    33.8539    33.8549    26.4597    26.4604    6.74808 0.0000e+00
      52483     15.968     7.4055     7.4077   3.461407   3.461627     2.7856     2.7384      8.190     1.3011    -0.3258 1.6394e+01     0.2053    94.9959     6.7849     7.1177    33.8535    33.8536    26.4593    26.4591    6.74804 0.0000e+00
      52486     15.858     7.4066     7.4137   3.461456   3.461763     2.7860     2.7384      8.190     1.3060    -0.3258 1.6565e+01     0.2053    94.9959     6.7859     7.1192    33.8529    33.8493    26.4587    26.4548    6.74788 0.0000e+00
      52489     15.754     7.4073     7.4172   3.461433   3.461849     2.7860     2.7384      8.190     1.3060    -0.3653 1.6680e+01     0.2053    94.9959     6.7853     7.1194    33.8521    33.8469    26.4579    26.4524    6.74781 0.0000e+00
      52492     15.654     7.4077     7.4211   3.461458   3.461900     2.7856     2.7392      8.190     1.3158    -0.3258 1.6836e+01     0.2053    94.9959     6.7836     7.1214    33.8520    33.8437    26.4577    26.4493    6.74775 0.0000e+00
      52495     15.563     7.4090     7.4222   3.461498   3.461914     2.7856     2.7396      8.190     1.3158    -0.3258 1.7012e+01     0.2042    95.0220     6.7831     7.1221    33.8512    33.8428    26.4570    26.4486    6.74758 0.0000e+00
      52498     15.483     7.4093     7.4212   3.461470   3.461868     2.7852     2.7396      8.190     1.3060    -0.3258 1.7110e+01     0.2042    95.0220     6.7827     7.1221    33.8507    33.8434    26.4565    26.4491    6.74757 0.0000e+00
      52501     15.407     7.4093     7.4204   3.461470   3.461891     2.7848     2.7396      8.190     1.3109    -0.3653 1.7210e+01     0.2042    95.0220     6.7810     7.1216    33.8507    33.8444    26.4565    26.4500    6.74756 0.0000e+00
      52504     15.340     7.4103     7.4250   3.461526   3.462029     2.7844     2.7396      8.190     1.3158    -0.3258 1.7350e+01     0.2042    95.0220     6.7795     7.1198    33.8503    33.8414    26.4561    26.4470    6.74742 0.0000e+00
      52507     15.280     7.4153     7.4296   3.461703   3.462116     2.7844     2.7396      8.190     1.3402    -0.3258 1.7490e+01     0.2042    95.0220     6.7801     7.1177    33.8474    33.8379    26.4531    26.4437    6.74677 0.0000e+00
      52510     15.231     7.4190     7.4322   3.461738   3.462144     2.7844     2.7396      8.190     1.3744    -0.3653 1.7612e+01     0.2042    95.0220     6.7797     7.1156    33.8442    33.8357    26.4501    26.4416    6.74633 0.0000e+00
      52513     15.192     7.4209     7.4330   3.461745   3.462123     2.7844     2.7396      8.190     1.3695    -0.3258 1.7755e+01     0.2042    95.0220     6.7800     7.1134    33.8424    33.8347    26.4484    26.4406    6.74612 0.0000e+00
      52516     15.161     7.4225     7.4323   3.461755   3.462123     2.7840     2.7396      8.190     1.3646    -0.3258 1.7920e+01     0.2042    95.0220     6.7797     7.1114    33.8410    33.8354    26.4471    26.4413    6.74593 0.0000e+00
      52563     15.132     7.4192     7.4275   3.461698   3.462015     2.7848     2.7408      8.190     1.3646    -0.3258 1.7544e+01     0.2042    95.0220     6.7843     7.1194    33.8436    33.8390    26.4496    26.4448    6.74632 0.0000e+00
      52655     15.066     7.4122     7.4229   3.461553   3.461925     2.7864     2.7433      8.190     1.3744    -0.3258 1.6777e+01     0.2042    95.0220     6.7910     7.1350    33.8489    33.8425    26.4547    26.4482    6.74719 0.0000e+00
      52658     14.985     7.4134     7.4233   3.461568   3.461895     2.7868     2.7429      8.190     1.3646    -0.3258 1.7051e+01     0.2042    95.0220     6.7894     7.1331    33.8480    33.8418    26.4538    26.4476    6.74705 0.0000e+00
      52661     14.899     7.4146     7.4239   3.461597   3.461907     2.7868     2.7437      8.190     1.3695    -0.3258 1.7370e+01     0.2038    95.0307     6.7879     7.1348    33.8471    33.8414    26.4530    26.4472    6.74689 0.0000e+00
      52664     14.812     7.4161     7.4241   3.461621   3.461922     2.7868     2.7433      8.190     1.3353    -0.3258 1.7673e+01     0.2042    95.0220     6.7871     7.1323    33.8459    33.8414    26.4518    26.4472    6.74670 0.0000e+00
      52667     14.726     7.4173     7.4244   3.461627   3.461900     2.7864     2.7433      8.190     1.3011    -0.3258 1.8108e+01     0.2042    95.0220     6.7856     7.1308    33.8449    33.8409    26.4509    26.4467    6.74656 0.0000e+00
      52670     14.633     7.4185     7.4249   3.461635   3.461903     2.7864     2.7433      8.190     1.3060    -0.3258 1.8510e+01     0.2042    95.0220     6.7842     7.1289    33.8438    33.8406    26.4498    26.4464    6.74642 0.0000e+00
      52673     14.540     7.4192     7.4255   3.461616   3.461953     2.7872     2.7433      8.190     1.3109    -0.3258 1.8943e+01     0.2042    95.0220     6.7851     7.1266    33.8430    33.8405    26.4491    26.4462    6.74636 0.0000e+00
      52676     14.449     7.4192     7.4269   3.461618   3.461977     2.7860     2.7433      8.190     1.3011    -0.2074 1.9387e+01     0.2031    95.0481     6.7799     7.1247    33.8431    33.8395    26.4492    26.4452    6.74635 0.0000e+00
      52679     14.357     7.4193     7.4290   3.461626   3.462039     2.7852     2.7433      8.190     1.3060    -0.2074 1.9794e+01     0.2035    95.0394     6.7763     7.1244    33.8431    33.8381    26.4491    26.4439    6.74633 0.0000e+00
      52682     14.262     7.4197     7.4298   3.461627   3.462023     2.7848     2.7433      8.190     1.3060    -0.2074 2.0140e+01     0.2038    95.0307     6.7728     7.1244    33.8428    33.8372    26.4488    26.4430    6.74629 0.0000e+00
      52685     14.172     7.4198     7.4299   3.461608   3.461986     2.7852     2.7433      8.190     1.3011    -0.2469 2.0469e+01     0.2031    95.0481     6.7724     7.1247    33.8425    33.8367    26.4486    26.4426    6.74627 0.0000e+00
      52688     14.081     7.4202     7.4280   3.461646   3.461939     2.7852     2.7433      8.190     1.3011    -0.2074 2.0731e+01     0.2035    95.0394     6.7717     7.1259    33.8426    33.8381    26.4486    26.4440    6.74621 0.0000e+00
      52691     13.987     7.4206     7.4258   3.461637   3.461923     2.7848     2.7433      8.190     1.2963    -0.2074 2.1020e+01     0.2035    95.0394     6.7704     7.1258    33.8422    33.8401    26.4482    26.4459    6.74617 0.0000e+00
      52694     13.896     7.4208     7.4296   3.461630   3.462054     2.7840     2.7433      8.190     1.2865    -0.2074 2.1240e+01     0.2046    95.0133     6.7679     7.1266    33.8419    33.8379    26.4481    26.4436    6.74615 0.0000e+00
      52697     13.805     7.4212     7.4365   3.461635   3.462196     2.7836     2.7433      8.190     1.2865    -0.2074 2.1363e+01     0.2053    94.9959     6.7668     7.1260    33.8417    33.8328    26.4478    26.4386    6.74610 0.0000e+00
      52700     13.716     7.4207     7.4373   3.461628   3.462103     2.7836     2.7441      8.190     1.2962    -0.2863 2.1388e+01     0.2049    95.0046     6.7676     7.1275    33.8420    33.8310    26.4481    26.4371    6.74616 0.0000e+00
      52703     13.629     7.4211     7.4331   3.461660   3.462015     2.7827     2.7437      8.190     1.2962    -0.3258 2.1388e+01     0.2053    94.9959     6.7658     7.1254    33.8420    33.8342    26.4481    26.4402    6.74609 0.0000e+00
      52706     13.546     7.4215     7.4343   3.461631   3.462119     2.7823     2.7437      8.190     1.2962    -0.3258 2.1363e+01     0.2053    94.9959     6.7645     7.1235    33.8414    33.8342    26.4475    26.4401    6.74606 0.0000e+00
      52709     13.468     7.4222     7.4383   3.461687   3.462183     2.7819     2.7437      8.190     1.2914    -0.3258 2.1339e+01     0.2053    94.9959     6.7634     7.1219    33.8413    33.8310    26.4473    26.4370    6.74595 0.0000e+00
      52712     13.393     7.4247     7.4406   3.461778   3.462232     2.7823     2.7437      8.190     1.2962    -0.3258 2.1314e+01     0.2053    94.9959     6.7653     7.1199    33.8400    33.8294    26.4460    26.4354    6.74563 0.0000e+00
      52715     13.322     7.4264     7.4420   3.461743   3.462255     2.7823     2.7437      8.190     1.2865    -0.3653 2.1240e+01     0.2035    95.0394     6.7680     7.1176    33.8380    33.8283    26.4441    26.4343    6.74545 0.0000e+00
      52718     13.255     7.4263     7.4427   3.461725   3.462257     2.7819     2.7445      8.190     1.2914    -0.3258 2.1240e+01     0.2031    95.0481     6.7696     7.1183    33.8378    33.8277    26.4440    26.4337    6.74546 0.0000e+00
      52721     13.193     7.4265     7.4435   3.461742   3.462309     2.7811     2.7437      8.190     1.2962    -0.3258 2.1240e+01     0.2035    95.0394     6.7692     7.1133    33.8379    33.8274    26.4441    26.4334    6.74544 0.0000e+00
      52724     13.136     7.4278     7.4433   3.461799   3.462277     2.7811     2.7433      8.190     1.2962    -0.3258 2.1289e+01     0.2038    95.0307     6.7703     7.1113    33.8373    33.8273    26.4434    26.4333    6.74526 0.0000e+00
      52727     13.084     7.4296     7.4442   3.461841   3.462343     2.7815     2.7429      8.190     1.2962    -0.3258 2.1314e+01     0.2031    95.0481     6.7733     7.1105    33.8360    33.8272    26.4421    26.4331    6.74504 0.0000e+00
      52730     13.037     7.4315     7.4448   3.461872   3.462325     2.7811     2.7433      8.190     1.3011    -0.3258 2.1314e+01     0.2038    95.0307     6.7733     7.1129    33.8345    33.8265    26.4407    26.4325    6.74481 0.0000e+00
      52733     12.995     7.4321     7.4450   3.461842   3.462329     2.7811     2.7433      8.190     1.2962    -0.3258 2.1314e+01     0.2038    95.0307     6.7734     7.1131    33.8336    33.8263    26.4399    26.4323    6.74475 0.0000e+00
      52736     12.956     7.4317     7.4443   3.461833   3.462297     2.7807     2.7429      8.190     1.2962    -0.3258 2.1363e+01     0.2049    95.0046     6.7728     7.1122    33.8340    33.8267    26.4402    26.4327    6.74480 0.0000e+00
