Datasets/AZMP/COO001/79001085.cnv
* Sea-Bird SBE 9 Data File:
* FileName = C:\CTDDATA\79001085.hex
* Software Version Seasave V 7.26.7.110
* Temperature SN = 5660
* Conductivity SN = 3698
* Number of Bytes Per Scan = 30
* Number of Voltage Words = 4
* Number of Scans Averaged by the Deck Unit = 1
* NMEA baud rate = 9600
** VESSEL/TRIP/SEQ STN:  79001085
** LATITUDE XX XX.XX N:  48 09.80 N
** LONGITUDE XX XX.XX W:  53 44.34 W
** SOUNDING DEPTH (M):  0171
** PROBE TYPE: S1257
** CTD NUMBER: 052
** COMMENTS (14 CHAR): SS-14
** BOTTLES:  0
** LEVELS:
** STICKERS:
** VNET: N
** DO2: N
# nquan = 22
# nvalues = 5885                        
# units = specified
# name 0 = scan: Scan Count
# name 1 = prDM: Pressure, Digiquartz [db]
# name 2 = t090C: Temperature [ITS-90, deg C]
# name 3 = t190C: Temperature, 2 [ITS-90, deg C]
# name 4 = c0S/m: Conductivity [S/m]
# name 5 = c1S/m: Conductivity, 2 [S/m]
# name 6 = sbeox0V: Oxygen raw, SBE 43 [V]
# name 7 = sbeox1V: Oxygen raw, SBE 43, 2 [V]
# name 8 = ph: pH
# name 9 = flECO-AFL: Fluorescence, WET Labs ECO-AFL/FL [mg/m^3]
# name 10 = wetCDOM: Fluorescence, WET Labs CDOM [mg/m^3]
# name 11 = par/sat/log: PAR/Logarithmic, Satlantic [umol photons/m^2/sec]
# name 12 = CStarAt0: Beam Attenuation, WET Labs C-Star [1/m]
# name 13 = CStarTr0: Beam Transmission, WET Labs C-Star [%]
# name 14 = sbeox0ML/L: Oxygen, SBE 43 [ml/l], WS = 2
# name 15 = sbeox1ML/L: Oxygen, SBE 43, 2 [ml/l], WS = 2
# name 16 = sal00: Salinity, Practical [PSU]
# name 17 = sal11: Salinity, Practical, 2 [PSU]
# name 18 = sigma-t00: Density [sigma-t, kg/m^3 ]
# name 19 = sigma-t11: Density, 2 [sigma-t, kg/m^3 ]
# name 20 = oxsatML/L: Oxygen Saturation, Weiss [ml/l]
# name 21 = flag: flag
# span 0 =        133,      19169       
# span 1 =      1.149,    164.561       
# span 2 =     0.2619,     3.5195       
# span 3 =     0.2607,     3.5247       
# span 4 =   2.760066,   2.934114       
# span 5 =   2.760234,   2.934286       
# span 6 =     2.4446,     2.7340       
# span 7 =     2.4153,     2.7026       
# span 8 =      1.999,      2.352       
# span 9 =     0.0215,     0.8029       
# span 10 =     0.7006,     3.5826      
# span 11 = 1.0569e-01, 1.4598e+00      
# span 12 =     0.0836,     0.2086      
# span 13 =    94.9177,    97.9331      
# span 14 =     6.6968,     7.6779      
# span 15 =     7.5236,     7.8879      
# span 16 =    31.1765,    32.7446      
# span 17 =    31.1784,    32.7476      
# span 18 =    24.7955,    26.2729      
# span 19 =    24.7968,    26.2754      
# span 20 =    7.52270,    8.11327      
# span 21 = 0.0000e+00, 0.0000e+00      
# interval = scans: 3                   
# start_time = Dec 01 2019 22:48:35 [System UTC, header]
# bad_flag = -9.990e-29
*END*
[from data line 2832]
       9508    160.109     0.3011     0.2996   2.761034   2.761091     2.4605     2.4311      2.007     0.0264     2.1614 1.0802e-01     0.1686    95.8736     7.2472     7.6208    32.6924    32.6947    26.2289    26.2308    8.10771 0.0000e+00
       9511    160.150     0.3015     0.2996   2.761073   2.761110     2.4592     2.4307      2.007     0.0264     2.1614 1.0802e-01     0.1689    95.8649     7.2437     7.6185    32.6925    32.6950    26.2289    26.2310    8.10763 0.0000e+00
       9514    160.192     0.3015     0.2997   2.761015   2.761123     2.4596     2.4303      2.007     0.0264     2.1614 1.0790e-01     0.1693    95.8562     7.2471     7.6162    32.6918    32.6950    26.2283    26.2311    8.10767 0.0000e+00
       9517    160.236     0.3011     0.2998   2.761021   2.761139     2.4613     2.4311      2.007     0.0264     2.1614 1.0790e-01     0.1689    95.8649     7.2525     7.6187    32.6922    32.6952    26.2287    26.2311    8.10773 0.0000e+00
       9520    160.276     0.3007     0.2998   2.760986   2.761145     2.4617     2.4311      2.007     0.0264     2.1614 1.0802e-01     0.1689    95.8649     7.2557     7.6166    32.6921    32.6952    26.2287    26.2311    8.10782 0.0000e+00
       9523    160.317     0.3004     0.2998   2.761028   2.761143     2.4613     2.4311      2.007     0.0264     2.1614 1.0802e-01     0.1689    95.8649     7.2545     7.6125    32.6929    32.6951    26.2293    26.2311    8.10783 0.0000e+00
       9526    160.359     0.3003     0.2997   2.761039   2.761146     2.4605     2.4311      2.007     0.0361     2.1614 1.0790e-01     0.1693    95.8562     7.2528     7.6102    32.6932    32.6952    26.2296    26.2312    8.10785 0.0000e+00
       9529    160.401     0.3002     0.2998   2.761047   2.761147     2.4605     2.4311      2.007     0.0410     2.1219 1.0790e-01     0.1704    95.8301     7.2537     7.6097    32.6933    32.6952    26.2297    26.2312    8.10785 0.0000e+00
       9532    160.444     0.3006     0.2995   2.761031   2.761131     2.4609     2.4311      2.007     0.0410     2.0429 1.0815e-01     0.1704    95.8301     7.2546     7.6079    32.6927    32.6952    26.2291    26.2312    8.10780 0.0000e+00
       9535    160.484     0.3006     0.2992   2.761038   2.761108     2.4605     2.4311      2.007     0.0410     2.0429 1.0802e-01     0.1704    95.8301     7.2513     7.6089    32.6929    32.6952    26.2293    26.2312    8.10781 0.0000e+00
       9538    160.525     0.3005     0.2992   2.761002   2.761113     2.4613     2.4311      2.007     0.0410     2.0429 1.0802e-01     0.1704    95.8301     7.2485     7.6067    32.6924    32.6952    26.2289    26.2312    8.10784 0.0000e+00
       9541    160.564     0.3001     0.2991   2.760976   2.761101     2.4605     2.4311      2.007     0.0508     2.0429 1.0790e-01     0.1704    95.8301     7.2421     7.6057    32.6925    32.6951    26.2290    26.2312    8.10793 0.0000e+00
       9544    160.605     0.2996     0.2991   2.760931   2.761096     2.4613     2.4311      2.007     0.0410     2.0429 1.0815e-01     0.1704    95.8301     7.2442     7.6048    32.6924    32.6951    26.2289    26.2311    8.10803 0.0000e+00
       9547    160.647     0.2992     0.2991   2.760944   2.761130     2.4605     2.4303      2.007     0.0410     2.0429 1.0802e-01     0.1711    95.8128     7.2418     7.6022    32.6930    32.6955    26.2294    26.2314    8.10810 0.0000e+00
       9550    160.688     0.2991     0.2993   2.760949   2.761142     2.4605     2.4311      2.007     0.0410     2.0429 1.0802e-01     0.1715    95.8041     7.2424     7.6030    32.6931    32.6954    26.2295    26.2314    8.10811 0.0000e+00
       9553    160.729     0.2992     0.2993   2.760977   2.761132     2.4605     2.4311      2.007     0.0410     2.0429 1.0802e-01     0.1715    95.8041     7.2400     7.6027    32.6933    32.6952    26.2297    26.2312    8.10807 0.0000e+00
       9556    160.770     0.2993     0.2990   2.760966   2.761119     2.4605     2.4311      2.007     0.0410     2.0429 1.0790e-01     0.1715    95.8041     7.2379     7.6039    32.6931    32.6954    26.2295    26.2314    8.10807 0.0000e+00
       9559    160.812     0.2991     0.2990   2.760979   2.761128     2.4601     2.4311      2.007     0.0410     2.0429 1.0790e-01     0.1711    95.8128     7.2353     7.6035    32.6934    32.6955    26.2298    26.2315    8.10809 0.0000e+00
       9562    160.854     0.2992     0.2991   2.760996   2.761123     2.4592     2.4311      2.007     0.0410     2.0429 1.0802e-01     0.1711    95.8128     7.2321     7.6035    32.6935    32.6953    26.2298    26.2313    8.10806 0.0000e+00
       9565    160.894     0.2996     0.2988   2.760995   2.761120     2.4592     2.4311      2.007     0.0410     2.0429 1.0827e-01     0.1711    95.8128     7.2318     7.6050    32.6931    32.6955    26.2295    26.2315    8.10801 0.0000e+00
       9568    160.935     0.2998     0.2990   2.761006   2.761132     2.4592     2.4307      2.007     0.0459     2.0429 1.0790e-01     0.1693    95.8562     7.2324     7.6049    32.6929    32.6955    26.2293    26.2315    8.10796 0.0000e+00
       9571    160.974     0.2998     0.2989   2.761010   2.761118     2.4596     2.4311      2.007     0.0410     2.0429 1.0815e-01     0.1682    95.8823     7.2361     7.6051    32.6930    32.6953    26.2295    26.2313    8.10797 0.0000e+00
       9574    161.013     0.2996     0.2989   2.761012   2.761129     2.4596     2.4299      2.007     0.0410     2.0429 1.0802e-01     0.1682    95.8823     7.2360     7.5991    32.6932    32.6954    26.2296    26.2314    8.10799 0.0000e+00
       9577    161.053     0.2996     0.2987   2.760995   2.761127     2.4584     2.4311      2.007     0.0361     2.0429 1.0802e-01     0.1682    95.8823     7.2319     7.6053    32.6930    32.6956    26.2294    26.2316    8.10801 0.0000e+00
       9580    161.094     0.2995     0.2981   2.760995   2.761080     2.4588     2.4311      2.007     0.0264     2.0429 1.0802e-01     0.1682    95.8823     7.2330     7.6041    32.6931    32.6956    26.2295    26.2316    8.10803 0.0000e+00
       9583    161.134     0.2996     0.2976   2.761009   2.761021     2.4588     2.4303      2.007     0.0313     2.0429 1.0790e-01     0.1682    95.8823     7.2328     7.5988    32.6932    32.6954    26.2295    26.2314    8.10801 0.0000e+00
       9586    161.173     0.2996     0.2967   2.761012   2.760983     2.4588     2.4311      2.007     0.0264     2.0429 1.0802e-01     0.1686    95.8736     7.2335     7.6004    32.6931    32.6958    26.2295    26.2319    8.10800 0.0000e+00
       9589    161.215     0.2995     0.2968   2.761007   2.761019     2.4580     2.4311      2.007     0.0264     2.0429 1.0790e-01     0.1697    95.8475     7.2307     7.5991    32.6931    32.6962    26.2295    26.2321    8.10801 0.0000e+00
       9592    161.256     0.2997     0.2968   2.760996   2.760994     2.4592     2.4311      2.007     0.0264     2.0429 1.0790e-01     0.1704    95.8301     7.2338     7.5974    32.6927    32.6958    26.2292    26.2319    8.10800 0.0000e+00
       9595    161.295     0.2996     0.2954   2.761015   2.760862     2.4584     2.4303      2.007     0.0264     2.0429 1.0815e-01     0.1700    95.8388     7.2302     7.5934    32.6931    32.6956    26.2295    26.2317    8.10800 0.0000e+00
       9598    161.336     0.2997     0.2941   2.761025   2.760776     2.4580     2.4311      2.007     0.0313     2.0429 1.0790e-01     0.1704    95.8301     7.2321     7.5946    32.6931    32.6958    26.2295    26.2320    8.10798 0.0000e+00
       9601    161.376     0.2999     0.2935   2.761031   2.760828     2.4580     2.4311      2.007     0.0264     2.0429 1.0815e-01     0.1700    95.8388     7.2335     7.5923    32.6929    32.6971    26.2293    26.2330    8.10794 0.0000e+00
       9604    161.416     0.3000     0.2947   2.761032   2.760898     2.4568     2.4299      2.007     0.0361     2.0429 1.0802e-01     0.1704    95.8301     7.2289     7.5854    32.6928    32.6968    26.2292    26.2327    8.10792 0.0000e+00
       9607    161.459     0.2996     0.2944   2.760975   2.760856     2.4572     2.4299      2.007     0.0410     2.0429 1.0802e-01     0.1715    95.8040     7.2311     7.5828    32.6925    32.6964    26.2290    26.2324    8.10804 0.0000e+00
       9610    161.497     0.2984     0.2923   2.760888   2.760777     2.4580     2.4299      2.007     0.0410     2.1219 1.0802e-01     0.1747    95.7259     7.2333     7.5792    32.6926    32.6977    26.2291    26.2336    8.10828 0.0000e+00
       9613    161.536     0.2970     0.2906   2.760716   2.760743     2.4576     2.4299      2.007     0.0410     2.1614 1.0790e-01     0.1747    95.7259     7.2343     7.5790    32.6918    32.6989    26.2286    26.2347    8.10863 0.0000e+00
       9616    161.576     0.2952     0.2898   2.760616   2.760741     2.4568     2.4299      2.007     0.0410     2.1614 1.0802e-01     0.1747    95.7259     7.2335     7.5798    32.6924    32.6998    26.2292    26.2354    8.10898 0.0000e+00
       9619    161.616     0.2935     0.2896   2.760612   2.760745     2.4572     2.4295      2.007     0.0459     2.1614 1.0790e-01     0.1747    95.7259     7.2372     7.5784    32.6942    32.7000    26.2307    26.2356    8.10926 0.0000e+00
       9622    161.658     0.2921     0.2892   2.760590   2.760713     2.4584     2.4299      2.007     0.0410     2.1614 1.0802e-01     0.1747    95.7259     7.2416     7.5796    32.6953    32.7000    26.2317    26.2356    8.10950 0.0000e+00
       9625    161.697     0.2909     0.2886   2.760560   2.760712     2.4568     2.4299      2.007     0.0459     2.1614 1.0815e-01     0.1747    95.7259     7.2376     7.5833    32.6962    32.7006    26.2324    26.2361    8.10970 0.0000e+00
       9628    161.738     0.2906     0.2881   2.760546   2.760689     2.4576     2.4287      2.007     0.0410     2.1614 1.0790e-01     0.1751    95.7172     7.2410     7.5792    32.6963    32.7008    26.2325    26.2363    8.10976 0.0000e+00
       9631    161.776     0.2899     0.2877   2.760554   2.760737     2.4568     2.4287      2.007     0.0459     2.1614 1.0802e-01     0.1747    95.7259     7.2366     7.5777    32.6972    32.7018    26.2332    26.2371    8.10987 0.0000e+00
       9634    161.816     0.2895     0.2874   2.760549   2.760746     2.4564     2.4287      2.007     0.0459     2.1614 1.0802e-01     0.1747    95.7259     7.2341     7.5772    32.6974    32.7022    26.2335    26.2374    8.10993 0.0000e+00
       9637    161.858     0.2893     0.2871   2.760575   2.760731     2.4580     2.4287      2.007     0.0410     2.1614 1.0802e-01     0.1747    95.7259     7.2368     7.5781    32.6980    32.7023    26.2340    26.2376    8.10995 0.0000e+00
       9640    161.899     0.2890     0.2861   2.760575   2.760759     2.4572     2.4287      2.007     0.0410     2.1614 1.0790e-01     0.1747    95.7259     7.2316     7.5789    32.6983    32.7038    26.2342    26.2388    8.11000 0.0000e+00
       9643    161.937     0.2881     0.2853   2.760610   2.760774     2.4568     2.4287      2.007     0.0410     2.1614 1.0790e-01     0.1747    95.7259     7.2285     7.5798    32.6997    32.7047    26.2354    26.2396    8.11011 0.0000e+00
       9646    161.976     0.2873     0.2851   2.760628   2.760793     2.4564     2.4283      2.007     0.0410     2.1614 1.0827e-01     0.1751    95.7172     7.2268     7.5786    32.7007    32.7052    26.2363    26.2400    8.11023 0.0000e+00
       9649    162.015     0.2863     0.2849   2.760627   2.760780     2.4576     2.4287      2.007     0.0410     2.1614 1.0790e-01     0.1765    95.6824     7.2321     7.5815    32.7017    32.7053    26.2371    26.2400    8.11038 0.0000e+00
       9652    162.054     0.2856     0.2847   2.760613   2.760776     2.4568     2.4275      2.007     0.0410     2.1614 1.0802e-01     0.1769    95.6737     7.2265     7.5793    32.7023    32.7054    26.2376    26.2402    8.11050 0.0000e+00
       9655    162.093     0.2852     0.2842   2.760618   2.760790     2.4568     2.4283      2.007     0.0410     2.1614 1.0790e-01     0.1769    95.6737     7.2267     7.5809    32.7028    32.7060    26.2380    26.2407    8.11057 0.0000e+00
       9658    162.132     0.2848     0.2829   2.760641   2.760829     2.4556     2.4275      2.007     0.0410     2.1614 1.0802e-01     0.1769    95.6737     7.2216     7.5753    32.7035    32.7079    26.2386    26.2423    8.11061 0.0000e+00
       9661    162.172     0.2843     0.2813   2.760631   2.760856     2.4543     2.4283      2.007     0.0459     2.1219 1.0790e-01     0.1769    95.6737     7.2171     7.5765    32.7038    32.7099    26.2389    26.2440    8.11069 0.0000e+00
       9664    162.213     0.2840     0.2803   2.760659   2.760844     2.4560     2.4275      2.007     0.0410     2.0429 1.0815e-01     0.1765    95.6824     7.2238     7.5710    32.7045    32.7108    26.2395    26.2447    8.11072 0.0000e+00
       9667    162.254     0.2835     0.2802   2.760642   2.760841     2.4556     2.4275      2.007     0.0459     2.0429 1.0790e-01     0.1769    95.6737     7.2216     7.5707    32.7048    32.7108    26.2397    26.2448    8.11082 0.0000e+00
       9670    162.294     0.2834     0.2798   2.760640   2.760857     2.4556     2.4275      2.007     0.0410     2.0429 1.0790e-01     0.1751    95.7172     7.2213     7.5672    32.7048    32.7115    26.2398    26.2453    8.11083 0.0000e+00
       9673    162.335     0.2830     0.2798   2.760672   2.760880     2.4552     2.4271      2.007     0.0410     2.0429 1.0802e-01     0.1747    95.7259     7.2195     7.5634    32.7057    32.7117    26.2405    26.2455    8.11088 0.0000e+00
       9676    162.372     0.2823     0.2793   2.760723   2.760867     2.4543     2.4275      2.007     0.0410     2.0429 1.0802e-01     0.1747    95.7259     7.2176     7.5635    32.7071    32.7121    26.2417    26.2459    8.11095 0.0000e+00
       9679    162.408     0.2813     0.2791   2.760738   2.760882     2.4552     2.4267      2.007     0.0410     2.0429 1.0802e-01     0.1751    95.7172     7.2220     7.5577    32.7083    32.7125    26.2427    26.2462    8.11110 0.0000e+00
       9682    162.449     0.2803     0.2785   2.760773   2.760911     2.4556     2.4263      2.007     0.0410     2.0429 1.0790e-01     0.1754    95.7085     7.2248     7.5568    32.7097    32.7136    26.2439    26.2470    8.11122 0.0000e+00
       9685    162.490     0.2796     0.2777   2.760789   2.760966     2.4547     2.4263      2.006     0.0410     2.0429 1.0802e-01     0.1751    95.7172     7.2206     7.5559    32.7108    32.7151    26.2447    26.2483    8.11133 0.0000e+00
       9688    162.529     0.2789     0.2766   2.760796   2.761023     2.4535     2.4259      2.006     0.0410     2.0429 1.0802e-01     0.1798    95.6042     7.2143     7.5531    32.7115    32.7169    26.2454    26.2499    8.11142 0.0000e+00
       9691    162.568     0.2785     0.2755   2.760807   2.761096     2.4543     2.4259      2.006     0.0410     2.0429 1.0802e-01     0.1889    95.3870     7.2185     7.5523    32.7121    32.7191    26.2458    26.2517    8.11148 0.0000e+00
       9694    162.607     0.2781     0.2743   2.760828   2.761206     2.4540     2.4250      2.006     0.0410     2.0429 1.0802e-01     0.1889    95.3870     7.2177     7.5515    32.7127    32.7218    26.2464    26.2539    8.11153 0.0000e+00
       9697    162.647     0.2775     0.2731   2.760909   2.761312     2.4535     2.4250      2.006     0.0459     2.0429 1.0790e-01     0.1889    95.3870     7.2159     7.5522    32.7144    32.7243    26.2478    26.2560    8.11157 0.0000e+00
       9700    162.685     0.2768     0.2720   2.760956   2.761373     2.4535     2.4250      2.006     0.0410     2.0429 1.0802e-01     0.1889    95.3870     7.2164     7.5549    32.7158    32.7263    26.2490    26.2577    8.11165 0.0000e+00
