Datasets/AZMP/COO001/79001126.cnv
* Sea-Bird SBE 9 Data File:
* FileName = C:\CTDDATA\79001126.hex
* Software Version Seasave V 7.26.7.110
* Temperature SN = 5660
* Conductivity SN = 3698
* Number of Bytes Per Scan = 30
* Number of Voltage Words = 4
* Number of Scans Averaged by the Deck Unit = 1
* NMEA baud rate = 9600
** VESSEL/TRIP/SEQ STN:  79001126
** LATITUDE XX XX.XX N:  47 32.80 N
** LONGITUDE XX XX.XX W:  52 35.20 W
** SOUNDING DEPTH (M):  0180
** PROBE TYPE: S1257
** CTD NUMBER: 086
** COMMENTS (14 CHAR): S27-01
** BOTTLES:  20
** LEVELS: 5,5,5,5,10,20,20,20,20,30,40,50,50,50,75,100,100,100,150,BTM
** STICKERS: 435694 - 435713
** VNET: Y
** DO2: N
# nquan = 22
# nvalues = 5856                        
# units = specified
# name 0 = scan: Scan Count
# name 1 = prDM: Pressure, Digiquartz [db]
# name 2 = t090C: Temperature [ITS-90, deg C]
# name 3 = t190C: Temperature, 2 [ITS-90, deg C]
# name 4 = c0S/m: Conductivity [S/m]
# name 5 = c1S/m: Conductivity, 2 [S/m]
# name 6 = sbeox0V: Oxygen raw, SBE 43 [V]
# name 7 = sbeox1V: Oxygen raw, SBE 43, 2 [V]
# name 8 = ph: pH
# name 9 = flECO-AFL: Fluorescence, WET Labs ECO-AFL/FL [mg/m^3]
# name 10 = wetCDOM: Fluorescence, WET Labs CDOM [mg/m^3]
# name 11 = par/sat/log: PAR/Logarithmic, Satlantic [umol photons/m^2/sec]
# name 12 = CStarAt0: Beam Attenuation, WET Labs C-Star [1/m]
# name 13 = CStarTr0: Beam Transmission, WET Labs C-Star [%]
# name 14 = sbeox0ML/L: Oxygen, SBE 43 [ml/l], WS = 2
# name 15 = sbeox1ML/L: Oxygen, SBE 43, 2 [ml/l], WS = 2
# name 16 = sal00: Salinity, Practical [PSU]
# name 17 = sal11: Salinity, Practical, 2 [PSU]
# name 18 = sigma-t00: Density [sigma-t, kg/m^3 ]
# name 19 = sigma-t11: Density, 2 [sigma-t, kg/m^3 ]
# name 20 = oxsatML/L: Oxygen Saturation, Weiss [ml/l]
# name 21 = flag: flag
# span 0 =         27,      59958       
# span 1 =      0.686,    170.202       
# span 2 =    -0.3147,     3.4244       
# span 3 =    -0.3167,     3.4234       
# span 4 =   2.729857,   2.925325       
# span 5 =   2.730075,   2.925319       
# span 6 =     2.4178,     2.7586       
# span 7 =     2.3921,     2.7309       
# span 8 =      8.052,      8.167       
# span 9 =     0.0215,     0.7834       
# span 10 =     1.6876,     2.3982      
# span 11 = 1.0642e-01, 6.6553e-01      
# span 12 =     0.0800,     0.2042      
# span 13 =    95.0220,    98.0200      
# span 14 =     6.7043,     7.7258      
# span 15 =     7.4446,     8.1303      
# span 16 =    31.5896,    33.0141      
# span 17 =    31.1663,    32.9681      
# span 18 =    25.1459,    26.5173      
# span 19 =    24.8094,    26.4784      
# span 20 =    7.53460,    8.22764      
# span 21 = 0.0000e+00, 0.0000e+00      
# interval = scans: 3                   
# start_time = Dec 09 2019 04:30:30 [System UTC, header]
# bad_flag = -9.990e-29
*END*
[from data line 5597]
      50431     13.395     3.2276     3.2260   2.909834   2.909503     2.7553     2.7289      8.165     0.6125     2.1614 1.0802e-01     0.1239    96.9511     7.5796     7.9870    31.6502    31.6478    25.1925    25.1908    7.57127 0.0000e+00
      50455     13.248     3.2292     3.2260   2.910310   2.909462     2.7570     2.7285      8.165     0.6320     1.9245 1.0802e-01     0.1228    96.9772     7.5831     7.9776    31.6544    31.6473    25.1958    25.1904    7.57076 0.0000e+00
      50464     13.188     3.2281     3.2258   2.909743   2.909481     2.7574     2.7285      8.165     0.6222     1.9245 1.0802e-01     0.1224    96.9859     7.5820     7.9776    31.6487    31.6478    25.1913    25.1908    7.57125 0.0000e+00
      50467     13.167     3.2279     3.2258   2.909801   2.909556     2.7574     2.7285      8.165     0.6174     1.9245 1.0802e-01     0.1239    96.9511     7.5829     7.9804    31.6496    31.6487    25.1921    25.1915    7.57124 0.0000e+00
      50470     13.145     3.2278     3.2260   2.909922   2.909547     2.7578     2.7285      8.165     0.6222     1.9245 1.0790e-01     0.1242    96.9424     7.5832     7.9813    31.6512    31.6485    25.1933    25.1913    7.57118 0.0000e+00
      50473     13.124     3.2280     3.2261   2.910141   2.909510     2.7566     2.7285      8.165     0.6222     1.9245 1.0802e-01     0.1239    96.9511     7.5768     7.9812    31.6536    31.6479    25.1953    25.1909    7.57102 0.0000e+00
      50476     13.101     3.2284     3.2263   2.910271   2.909483     2.7586     2.7285      8.165     0.6222     2.0429 1.0790e-01     0.1239    96.9511     7.5830     7.9814    31.6548    31.6475    25.1962    25.1905    7.57089 0.0000e+00
      50479     13.077     3.2288     3.2266   2.910438   2.909505     2.7582     2.7285      8.165     0.6174     2.1614 1.0790e-01     0.1242    96.9424     7.5826     7.9820    31.6564    31.6474    25.1974    25.1904    7.57073 0.0000e+00
      50482     13.050     3.2292     3.2265   2.910493   2.909513     2.7574     2.7285      8.165     0.6174     2.1614 1.0802e-01     0.1239    96.9511     7.5788     7.9820    31.6567    31.6476    25.1976    25.1906    7.57064 0.0000e+00
      50485     13.020     3.2294     3.2267   2.910423   2.909502     2.7566     2.7285      8.165     0.6320     2.1614 1.0790e-01     0.1242    96.9424     7.5756     7.9819    31.6557    31.6472    25.1968    25.1903    7.57066 0.0000e+00
      50488     12.990     3.2292     3.2267   2.910254   2.909489     2.7578     2.7285      8.165     0.6515     2.1614 1.0790e-01     0.1249    96.9251     7.5786     7.9819    31.6538    31.6471    25.1953    25.1902    7.57078 0.0000e+00
      50491     12.959     3.2288     3.2267   2.910053   2.909498     2.7586     2.7285      8.165     0.6515     2.1614 1.0802e-01     0.1253    96.9164     7.5812     7.9819    31.6518    31.6473    25.1938    25.1903    7.57095 0.0000e+00
      50494     12.926     3.2283     3.2268   2.909696   2.909491     2.7570     2.7285      8.165     0.6515     2.1614 1.0802e-01     0.1256    96.9077     7.5751     7.9836    31.6481    31.6471    25.1908    25.1902    7.57124 0.0000e+00
      50497     12.890     3.2279     3.2265   2.909790   2.909495     2.7570     2.7285      8.165     0.6418     2.1614 1.0790e-01     0.1249    96.9251     7.5732     7.9841    31.6497    31.6474    25.1921    25.1905    7.57125 0.0000e+00
      50500     12.852     3.2277     3.2266   2.909755   2.909489     2.7578     2.7285      8.165     0.6467     2.1614 1.0802e-01     0.1256    96.9077     7.5744     7.9866    31.6494    31.6473    25.1920    25.1904    7.57130 0.0000e+00
      50503     12.812     3.2275     3.2265   2.909924   2.909492     2.7586     2.7285      8.165     0.6467     2.0429 1.0790e-01     0.1253    96.9164     7.5782     7.9891    31.6517    31.6474    25.1937    25.1905    7.57122 0.0000e+00
      50506     12.771     3.2280     3.2265   2.910076   2.909501     2.7574     2.7285      8.165     0.6467     2.0429 1.0790e-01     0.1253    96.9164     7.5738     7.9911    31.6531    31.6476    25.1948    25.1906    7.57105 0.0000e+00
      50509     12.733     3.2281     3.2263   2.910112   2.909521     2.7574     2.7285      8.165     0.6515     2.0429 1.0790e-01     0.1232    96.9685     7.5731     7.9928    31.6533    31.6480    25.1950    25.1910    7.57101 0.0000e+00
      50512     12.690     3.2283     3.2266   2.909926   2.909541     2.7578     2.7285      8.165     0.6223     2.0429 1.0790e-01     0.1239    96.9511     7.5721     7.9939    31.6510    31.6481    25.1932    25.1910    7.57111 0.0000e+00
      50515     12.648     3.2281     3.2265   2.909686   2.909620     2.7570     2.7285      8.165     0.6027     2.0429 1.0815e-01     0.1239    96.9511     7.5708     7.9947    31.6483    31.6491    25.1910    25.1918    7.57127 0.0000e+00
      50518     12.605     3.2278     3.2263   2.909658   2.909595     2.7570     2.7293      8.165     0.6125     2.0429 1.0790e-01     0.1239    96.9511     7.5738     7.9979    31.6483    31.6490    25.1910    25.1918    7.57132 0.0000e+00
      50521     12.566     3.2277     3.2265   2.909640   2.909627     2.7566     2.7289      8.165     0.6076     2.0429 1.0790e-01     0.1239    96.9511     7.5712     7.9967    31.6483    31.6492    25.1910    25.1919    7.57136 0.0000e+00
      50524     12.524     3.2276     3.2266   2.909664   2.909722     2.7570     2.7297      8.165     0.6125     2.0429 1.0790e-01     0.1239    96.9511     7.5725     7.9997    31.6486    31.6502    25.1913    25.1927    7.57135 0.0000e+00
      50527     12.481     3.2275     3.2266   2.909729   2.909688     2.7570     2.7297      8.165     0.6027     2.0429 1.0802e-01     0.1235    96.9598     7.5731     7.9987    31.6495    31.6499    25.1921    25.1924    7.57132 0.0000e+00
      50530     12.439     3.2276     3.2266   2.909722   2.909690     2.7570     2.7297      8.165     0.6027     2.1614 1.0790e-01     0.1228    96.9772     7.5756     7.9977    31.6493    31.6499    25.1919    25.1924    7.57131 0.0000e+00
      50533     12.397     3.2276     3.2266   2.909689   2.909661     2.7570     2.7297      8.165     0.6076     2.1614 1.0790e-01     0.1228    96.9772     7.5765     7.9969    31.6490    31.6497    25.1916    25.1922    7.57134 0.0000e+00
      50536     12.356     3.2277     3.2266   2.909783   2.909673     2.7562     2.7297      8.165     0.6076     2.1614 1.0790e-01     0.1228    96.9772     7.5736     7.9951    31.6501    31.6498    25.1925    25.1923    7.57127 0.0000e+00
      50539     12.317     3.2276     3.2266   2.909871   2.909642     2.7578     2.7297      8.165     0.5636     2.1614 1.0790e-01     0.1228    96.9772     7.5793     7.9921    31.6512    31.6495    25.1934    25.1921    7.57122 0.0000e+00
      50542     12.280     3.2281     3.2265   2.909944   2.909616     2.7578     2.7297      8.165     0.5490     2.1614 1.0790e-01     0.1221    96.9946     7.5781     7.9900    31.6516    31.6492    25.1936    25.1919    7.57110 0.0000e+00
      50545     12.242     3.2281     3.2264   2.909876   2.909610     2.7570     2.7301      8.165     0.5539     2.1614 1.0790e-01     0.1228    96.9772     7.5749     7.9900    31.6508    31.6493    25.1930    25.1920    7.57115 0.0000e+00
      50548     12.206     3.2279     3.2265   2.909747   2.909600     2.7570     2.7297      8.165     0.5490     2.1614 1.0790e-01     0.1264    96.8903     7.5746     7.9869    31.6495    31.6491    25.1920    25.1918    7.57125 0.0000e+00
      50551     12.171     3.2280     3.2265   2.909740   2.909521     2.7574     2.7297      8.165     0.5490     2.1614 1.0790e-01     0.1271    96.8729     7.5767     7.9885    31.6493    31.6481    25.1918    25.1910    7.57125 0.0000e+00
      50554     12.136     3.2278     3.2265   2.909737   2.909505     2.7578     2.7301      8.165     0.5539     2.0824 1.0790e-01     0.1267    96.8816     7.5775     7.9912    31.6495    31.6480    25.1920    25.1909    7.57127 0.0000e+00
      50557     12.104     3.2277     3.2264   2.909719   2.909536     2.7570     2.7301      8.165     0.5588     1.9245 1.0790e-01     0.1271    96.8729     7.5742     7.9901    31.6494    31.6485    25.1920    25.1913    7.57130 0.0000e+00
      50560     12.073     3.2276     3.2264   2.909624   2.909471     2.7570     2.7297      8.165     0.5490     1.9245 1.0802e-01     0.1271    96.8729     7.5731     7.9875    31.6483    31.6477    25.1911    25.1907    7.57136 0.0000e+00
      50563     12.042     3.2274     3.2265   2.909496   2.909467     2.7562     2.7297      8.165     0.5539     1.9245 1.0790e-01     0.1271    96.8729     7.5705     7.9853    31.6470    31.6476    25.1901    25.1906    7.57147 0.0000e+00
      50566     12.012     3.2271     3.2266   2.909414   2.909474     2.7570     2.7297      8.165     0.5539     1.9245 1.0790e-01     0.1271    96.8729     7.5754     7.9843    31.6464    31.6476    25.1896    25.1906    7.57157 0.0000e+00
      50569     11.981     3.2268     3.2265   2.909323   2.909466     2.7570     2.7301      8.165     0.5441     1.9245 1.0790e-01     0.1249    96.9251     7.5739     7.9847    31.6456    31.6476    25.1890    25.1906    7.57166 0.0000e+00
      50572     11.955     3.2264     3.2265   2.909293   2.909456     2.7570     2.7297      8.165     0.5539     1.9245 1.0790e-01     0.1246    96.9338     7.5737     7.9835    31.6456    31.6475    25.1890    25.1905    7.57173 0.0000e+00
      50575     11.930     3.2262     3.2264   2.909320   2.909449     2.7578     2.7309      8.165     0.5539     1.9245 1.0790e-01     0.1249    96.9251     7.5764     7.9869    31.6462    31.6475    25.1895    25.1905    7.57175 0.0000e+00
      50578     11.904     3.2261     3.2265   2.909333   2.909457     2.7566     2.7301      8.165     0.5441     1.9245 1.0790e-01     0.1249    96.9251     7.5732     7.9832    31.6465    31.6475    25.1897    25.1905    7.57175 0.0000e+00
      50581     11.882     3.2262     3.2265   2.909387   2.909437     2.7566     2.7297      8.165     0.5588     2.0429 1.0790e-01     0.1246    96.9338     7.5745     7.9822    31.6470    31.6473    25.1902    25.1903    7.57171 0.0000e+00
      50584     11.860     3.2264     3.2264   2.909625   2.909453     2.7574     2.7297      8.165     0.5588     2.1614 1.0790e-01     0.1249    96.9251     7.5763     7.9826    31.6496    31.6476    25.1922    25.1906    7.57153 0.0000e+00
      50604     11.758     3.2273     3.2266   2.909804   2.909511     2.7574     2.7289      8.165     0.5685     2.0824 1.0790e-01     0.1246    96.9338     7.5761     7.9734    31.6510    31.6481    25.1933    25.1910    7.57129 0.0000e+00
      50640     11.587     3.2279     3.2267   2.909846   2.909624     2.7565     2.7285      8.165     0.5978     1.9245 1.0790e-01     0.1232    96.9685     7.5774     7.9645    31.6510    31.6495    25.1932    25.1921    7.57118 0.0000e+00
      50643     11.565     3.2282     3.2269   2.909887   2.909668     2.7574     2.7272      8.165     0.6711     1.9245 1.0790e-01     0.1228    96.9772     7.5791     7.9608    31.6512    31.6499    25.1933    25.1924    7.57111 0.0000e+00
      50646     11.541     3.2283     3.2268   2.909860   2.909588     2.7582     2.7276      8.165     0.7053     1.9245 1.0790e-01     0.1232    96.9685     7.5816     7.9644    31.6508    31.6490    25.1930    25.1917    7.57111 0.0000e+00
      50649     11.515     3.2283     3.2267   2.909755   2.909575     2.7565     2.7272      8.165     0.7004     1.9245 1.0790e-01     0.1221    96.9946     7.5762     7.9632    31.6495    31.6489    25.1920    25.1916    7.57117 0.0000e+00
      50652     11.491     3.2279     3.2267   2.909636   2.909560     2.7578     2.7276      8.165     0.7101     1.9245 1.0790e-01     0.1217    97.0033     7.5797     7.9655    31.6486    31.6488    25.1912    25.1916    7.57130 0.0000e+00
      50655     11.465     3.2277     3.2267   2.909490   2.909564     2.7582     2.7276      8.165     0.7053     1.9245 1.0790e-01     0.1213    97.0120     7.5798     7.9666    31.6470    31.6489    25.1900    25.1916    7.57142 0.0000e+00
      50658     11.435     3.2273     3.2266   2.909422   2.909536     2.7569     2.7272      8.165     0.7101     1.9245 1.0790e-01     0.1217    97.0033     7.5749     7.9667    31.6466    31.6486    25.1897    25.1914    7.57152 0.0000e+00
      50661     11.401     3.2270     3.2265   2.909355   2.909521     2.7574     2.7272      8.165     0.7150     2.0429 1.0802e-01     0.1217    97.0033     7.5761     7.9678    31.6461    31.6485    25.1894    25.1913    7.57160 0.0000e+00
      50664     11.370     3.2266     3.2265   2.909303   2.909540     2.7569     2.7276      8.165     0.7150     2.0429 1.0790e-01     0.1217    97.0033     7.5744     7.9702    31.6458    31.6488    25.1892    25.1916    7.57168 0.0000e+00
      50667     11.338     3.2265     3.2266   2.909291   2.909527     2.7574     2.7272      8.165     0.6955     2.0429 1.0790e-01     0.1221    96.9946     7.5745     7.9693    31.6458    31.6486    25.1892    25.1914    7.57170 0.0000e+00
      50670     11.300     3.2263     3.2265   2.909269   2.909510     2.7578     2.7272      8.165     0.5783     2.0429 1.0790e-01     0.1242    96.9424     7.5759     7.9660    31.6458    31.6485    25.1892    25.1913    7.57175 0.0000e+00
      50673     11.261     3.2262     3.2265   2.909263   2.909536     2.7578     2.7272      8.165     0.5734     2.0429 1.0790e-01     0.1242    96.9424     7.5757     7.9637    31.6458    31.6488    25.1892    25.1916    7.57176 0.0000e+00
      50676     11.221     3.2261     3.2265   2.909245   2.909523     2.7574     2.7272      8.165     0.5636     2.0429 1.0790e-01     0.1242    96.9424     7.5724     7.9605    31.6457    31.6487    25.1891    25.1915    7.57178 0.0000e+00
      50679     11.177     3.2262     3.2265   2.909263   2.909500     2.7574     2.7272      8.165     0.5685     2.0429 1.0790e-01     0.1242    96.9424     7.5731     7.9571    31.6459    31.6484    25.1893    25.1912    7.57176 0.0000e+00
      50682     11.135     3.2261     3.2265   2.909269   2.909432     2.7569     2.7272      8.165     0.5685     2.0429 1.0802e-01     0.1239    96.9511     7.5703     7.9542    31.6461    31.6476    25.1894    25.1906    7.57177 0.0000e+00
      50685     11.089     3.2259     3.2263   2.909257   2.909422     2.7569     2.7268      8.165     0.5685     2.0824 1.0790e-01     0.1239    96.9511     7.5686     7.9500    31.6461    31.6477    25.1895    25.1907    7.57180 0.0000e+00
      50688     11.041     3.2259     3.2262   2.909283   2.909407     2.7578     2.7264      8.165     0.5685     2.1614 1.0790e-01     0.1249    96.9251     7.5724     7.9466    31.6464    31.6477    25.1897    25.1907    7.57178 0.0000e+00
      50691     10.990     3.2261     3.2261   2.909328   2.909414     2.7569     2.7264      8.165     0.5685     2.1614 1.0790e-01     0.1249    96.9251     7.5672     7.9456    31.6469    31.6478    25.1901    25.1908    7.57173 0.0000e+00
      50694     10.940     3.2261     3.2262   2.909285   2.909420     2.7574     2.7260      8.165     0.5588     2.1614 1.0802e-01     0.1249    96.9251     7.5677     7.9413    31.6464    31.6479    25.1897    25.1908    7.57176 0.0000e+00
      50697     10.888     3.2259     3.2262   2.909230   2.909414     2.7565     2.7256      8.165     0.5636     2.1614 1.0790e-01     0.1249    96.9251     7.5658     7.9403    31.6459    31.6479    25.1893    25.1908    7.57182 0.0000e+00
      50700     10.834     3.2254     3.2261   2.909188   2.909429     2.7565     2.7252      8.165     0.5588     2.1614 1.0790e-01     0.1249    96.9251     7.5678     7.9396    31.6459    31.6481    25.1893    25.1910    7.57191 0.0000e+00
