Datasets/AZMP/COO001/79001012.cnv
* Sea-Bird SBE 9 Data File:
* FileName = C:\CTDDATA\79001012.hex
* Software Version Seasave V 7.26.7.110
* Temperature SN = 5811
* Conductivity SN = 4531
* Number of Bytes Per Scan = 30
* Number of Voltage Words = 4
* Number of Scans Averaged by the Deck Unit = 1
* NMEA baud rate = 9600
** VESSEL/TRIP/SEQ STN:  79001012
** LATITUDE XX XX.XX N:  46 10.88 N
** LONGITUDE XX XX.XX W:  56 30.65 W
** SOUNDING DEPTH (M):  0070
** PROBE TYPE (S1221): S1221
** CTD NUMBER: 005
** COMMENTS (14 CHAR):  SWSPB-03
** BOTTLES:  9
** LEVELS: 5,5,10,20,20,30,40,50,BTM
** STICKERS: 434629 - 434637
** VNET: Y
** DO2: N
# nquan = 22
# nvalues = 1922                        
# units = specified
# name 0 = scan: Scan Count
# name 1 = prDM: Pressure, Digiquartz [db]
# name 2 = t090C: Temperature [ITS-90, deg C]
# name 3 = t190C: Temperature, 2 [ITS-90, deg C]
# name 4 = c0S/m: Conductivity [S/m]
# name 5 = c1S/m: Conductivity, 2 [S/m]
# name 6 = sbeox0V: Oxygen raw, SBE 43 [V]
# name 7 = sbeox1V: Oxygen raw, SBE 43, 2 [V]
# name 8 = ph: pH
# name 9 = flECO-AFL: Fluorescence, WET Labs ECO-AFL/FL [mg/m^3]
# name 10 = wetCDOM: Fluorescence, WET Labs CDOM [mg/m^3]
# name 11 = par/sat/log: PAR/Logarithmic, Satlantic [umol photons/m^2/sec]
# name 12 = CStarAt0: Beam Attenuation, WET Labs C-Star [1/m]
# name 13 = CStarTr0: Beam Transmission, WET Labs C-Star [%]
# name 14 = sbeox0ML/L: Oxygen, SBE 43 [ml/l], WS = 2
# name 15 = sbeox1ML/L: Oxygen, SBE 43, 2 [ml/l], WS = 2
# name 16 = sal00: Salinity, Practical [PSU]
# name 17 = sal11: Salinity, Practical, 2 [PSU]
# name 18 = sigma-t00: Density [sigma-t, kg/m^3 ]
# name 19 = sigma-t11: Density, 2 [sigma-t, kg/m^3 ]
# name 20 = oxsatML/L: Oxygen Saturation, Weiss [ml/l]
# name 21 = flag: flag
# span 0 =         40,      34633       
# span 1 =      0.363,     62.860       
# span 2 =     2.1160,     6.1038       
# span 3 =     2.1151,     6.1042       
# span 4 =   1.197988,   3.154962       
# span 5 =   1.561976,   3.155011       
# span 6 =     2.4518,     2.6577       
# span 7 =     2.3379,     2.5354       
# span 8 =      8.044,      8.159       
# span 9 =     0.1315,     0.9837       
# span 10 =    -1.0780,   108.9220      
# span 11 = 1.1746e-01, 2.5415e+00      
# span 12 =    -0.0689,    -0.0202      
# span 13 =   100.5069,   101.7368      
# span 14 =     7.1651,     7.6560      
# span 15 =     7.0150,     7.7978      
# span 16 =    11.1475,    32.3846      
# span 17 =    14.7749,    32.3644      
# span 18 =     8.7474,    25.8584      
# span 19 =    11.6040,    25.8430      
# span 20 =    7.05452,    8.07435      
# span 21 = 0.0000e+00, 0.0000e+00      
# interval = scans: 3                   
# start_time = Nov 19 2019 03:45:35 [System UTC, header]
# bad_flag = -9.990e-29
*END*
[from data line 1054]
      12568     43.926     2.1245     2.1288   2.878373   2.878586     2.4617     2.3469      8.046     0.1486     0.0233 1.1787e-01    -0.0653   101.6463     7.5866     7.6741    32.3526    32.3508    25.8419    25.8402    7.74943 0.0000e+00
      12571     43.887     2.1265     2.1341   2.878451   2.878993     2.4617     2.3469      8.049     0.1510     0.0233 1.1787e-01    -0.0653   101.6463     7.5873     7.6727    32.3516    32.3505    25.8409    25.8396    7.74910 0.0000e+00
      12574     43.852     2.1261     2.1626   2.878464   2.880650     2.4617     2.3469      8.049     0.1486     0.0233 1.1787e-01    -0.0657   101.6554     7.5878     7.6670    32.3521    32.3420    25.8414    25.8306    7.74914 0.0000e+00
      12577     43.815     2.1247     2.1757   2.878485   2.881259     2.4617     2.3469      8.046     0.1510     0.0233 1.1787e-01    -0.0657   101.6554     7.5885     7.6653    32.3538    32.3362    25.8429    25.8250    7.74934 0.0000e+00
      12580     43.783     2.1248     2.1736   2.878604   2.881514     2.4621     2.3469      8.046     0.1486     0.0233 1.1787e-01    -0.0664   101.6735     7.5892     7.6678    32.3552    32.3415    25.8440    25.8294    7.74925 0.0000e+00
      12583     43.751     2.1293     2.1787   2.879055   2.881983     2.4617     2.3469      8.049     0.1535     0.0233 1.1787e-01    -0.0664   101.6735     7.5855     7.6686    32.3562    32.3422    25.8445    25.8296    7.74830 0.0000e+00
      12586     43.718     2.1298     2.1826   2.878893   2.881968     2.4617     2.3473      8.048     0.1486    -0.2542 1.1787e-01    -0.0664   101.6735     7.5842     7.6712    32.3537    32.3380    25.8424    25.8260    7.74832 0.0000e+00
      12589     43.688     2.1274     2.1799   2.878642   2.882093     2.4621     2.3469      8.049     0.1486    -0.3706 1.1787e-01    -0.0664   101.6735     7.5862     7.6733    32.3531    32.3423    25.8421    25.8296    7.74884 0.0000e+00
      12592     43.659     2.1266     2.1792   2.878527   2.882177     2.4629     2.3469      8.049     0.1461    -0.3706 1.1787e-01    -0.0664   101.6735     7.5913     7.6766    32.3525    32.3441    25.8416    25.8310    7.74902 0.0000e+00
      12595     43.630     2.1263     2.1782   2.878481   2.882104     2.4621     2.3469      8.046     0.1461    -0.3617 1.1787e-01    -0.0660   101.6644     7.5898     7.6796    32.3523    32.3443    25.8415    25.8313    7.74910 0.0000e+00
      12598     43.603     2.1261     2.1788   2.878472   2.882173     2.4629     2.3473      8.049     0.1461    -0.3796 1.1787e-01    -0.0657   101.6554     7.5935     7.6841    32.3524    32.3445    25.8416    25.8314    7.74914 0.0000e+00
      12601     43.573     2.1259     2.1817   2.878448   2.882326     2.4629     2.3473      8.049     0.1535    -0.3706 1.1787e-01    -0.0653   101.6463     7.5935     7.6875    32.3522    32.3435    25.8415    25.8304    7.74917 0.0000e+00
      12604     43.544     2.1261     2.1820   2.878460   2.882264     2.4629     2.3481      8.051     0.1461    -0.3796 1.1787e-01    -0.0660   101.6644     7.5931     7.6936    32.3522    32.3424    25.8415    25.8295    7.74914 0.0000e+00
      12607     43.516     2.1268     2.1796   2.878489   2.882067     2.4633     2.3481      8.051     0.1486    -0.3617 1.1787e-01    -0.0664   101.6735     7.5949     7.6959    32.3518    32.3424    25.8411    25.8296    7.74901 0.0000e+00
      12610     43.484     2.1288     2.1757   2.878463   2.881781     2.4633     2.3485      8.049     0.1608    -0.0751 1.1787e-01    -0.0657   101.6554     7.5945     7.6993    32.3495    32.3429    25.8392    25.8303    7.74874 0.0000e+00
      12613     43.452     2.1273     2.1710   2.878453   2.881654     2.4637     2.3494      8.049     0.1608     4.3034 1.1787e-01    -0.0660   101.6644     7.5952     7.7044    32.3510    32.3461    25.8404    25.8332    7.74897 0.0000e+00
      12616     43.418     2.1257     2.1667   2.878428   2.881354     2.4645     2.3494      8.051     0.1632     4.5988 1.1787e-01    -0.0653   101.6463     7.5983     7.7040    32.3523    32.3468    25.8416    25.8342    7.74921 0.0000e+00
      12619     43.385     2.1255     2.1646   2.878409   2.881228     2.4641     2.3494      8.051     0.1657     4.5899 1.1787e-01    -0.0632   101.5921     7.5968     7.7020    32.3523    32.3474    25.8416    25.8348    7.74926 0.0000e+00
      12622     43.350     2.1259     2.1685   2.878391   2.881490     2.4641     2.3502      8.049     0.1681     4.5899 1.1787e-01    -0.0632   101.5921     7.5970     7.7010    32.3517    32.3467    25.8411    25.8339    7.74920 0.0000e+00
      12625     43.312     2.1254     2.1700   2.878376   2.881666     2.4641     2.3506      8.049     0.1632     4.5899 1.1787e-01    -0.0632   101.5921     7.5973     7.6986    32.3520    32.3473    25.8414    25.8343    7.74929 0.0000e+00
      12628     43.273     2.1249     2.1757   2.878387   2.881940     2.4641     2.3506      8.051     0.1657     4.5899 1.1787e-01    -0.0632   101.5921     7.5972     7.6939    32.3527    32.3449    25.8420    25.8320    7.74936 0.0000e+00
      12631     43.234     2.1250     2.1742   2.878389   2.881803     2.4650     2.3506      8.049     0.1632     4.5899 1.1787e-01    -0.0632   101.5921     7.6000     7.6909    32.3526    32.3448    25.8420    25.8319    7.74934 0.0000e+00
      12634     43.192     2.1251     2.1701   2.878393   2.881471     2.4645     2.3506      8.051     0.1681     4.5899 1.1773e-01    -0.0632   101.5921     7.5987     7.6895    32.3526    32.3449    25.8419    25.8324    7.74932 0.0000e+00
      12637     43.148     2.1254     2.1671   2.878362   2.881226     2.4650     2.3506      8.051     0.1681     4.9749 1.1787e-01    -0.0628   101.5831     7.6004     7.6882    32.3519    32.3449    25.8413    25.8326    7.74929 0.0000e+00
      12640     43.105     2.1255     2.1621   2.878366   2.881108     2.4645     2.3506      8.051     0.1730     6.0942 1.1787e-01    -0.0610   101.5378     7.5994     7.6867    32.3519    32.3486    25.8413    25.8359    7.74928 0.0000e+00
      12643     43.057     2.1252     2.1614   2.878369   2.881105     2.4654     2.3506      8.051     0.1730     6.0673 1.1787e-01    -0.0614   101.5469     7.6041     7.6845    32.3523    32.3493    25.8416    25.8365    7.74931 0.0000e+00
      12646     43.009     2.1262     2.1644   2.878485   2.881011     2.4662     2.3506      8.051     0.1705     6.0763 1.1787e-01    -0.0610   101.5378     7.6070     7.6818    32.3527    32.3451    25.8419    25.8329    7.74909 0.0000e+00
      12649     42.962     2.1287     2.1574   2.878710   2.880727     2.4654     2.3506      8.049     0.1730     6.0852 1.1787e-01    -0.0614   101.5469     7.6028     7.6823    32.3530    32.3487    25.8419    25.8364    7.74858 0.0000e+00
      12652     42.914     2.1341     2.1534   2.879045   2.880465     2.4658     2.3506      8.049     0.1754     6.0673 1.1773e-01    -0.0610   101.5378     7.6032     7.6827    32.3516    32.3496    25.8405    25.8373    7.74758 0.0000e+00
      12655     42.865     2.1365     2.1602   2.879163   2.881009     2.4662     2.3506      8.049     0.1681     6.0673 1.1787e-01    -0.0610   101.5378     7.6026     7.6806    32.3507    32.3494    25.8395    25.8367    7.74715 0.0000e+00
      12658     42.816     2.1534     2.2155   2.881134   2.884560     2.4666     2.3518      8.051     0.1754     6.0673 1.1787e-01    -0.0635   101.6011     7.5994     7.6732    32.3579    32.3370    25.8441    25.8227    7.74343 0.0000e+00
      12661     42.769     2.1850     2.2614   2.882974   2.887438     2.4666     2.3506      8.051     0.1559     6.0763 1.1787e-01    -0.0657   101.6554     7.5911     7.6579    32.3485    32.3260    25.8342    25.8104    7.73766 0.0000e+00
      12664     42.721     2.1925     2.2482   2.882960   2.887072     2.4670     2.3506      8.051     0.1486     2.3783 1.1787e-01    -0.0653   101.6463     7.5890     7.6596    32.3407    32.3350    25.8274    25.8186    7.73657 0.0000e+00
      12667     42.674     2.1927     2.2309   2.882043   2.885722     2.4666     2.3510      8.051     0.1510    -0.9706 1.1787e-01    -0.0653   101.6463     7.5852     7.6641    32.3292    32.3359    25.8181    25.8206    7.73715 0.0000e+00
      12670     42.629     2.1769     2.2211   2.880752   2.885149     2.4670     2.3506      8.051     0.1461    -0.8362 1.1787e-01    -0.0653   101.6463     7.5884     7.6641    32.3294    32.3388    25.8195    25.8236    7.74027 0.0000e+00
      12673     42.584     2.1656     2.2248   2.880131   2.885349     2.4670     2.3506      8.051     0.1510    -0.8541 1.1787e-01    -0.0653   101.6463     7.5895     7.6629    32.3332    32.3375    25.8233    25.8224    7.74230 0.0000e+00
      12676     42.542     2.1549     2.2138   2.880121   2.884787     2.4674     2.3506      8.051     0.1486    -0.8452 1.1787e-01    -0.0653   101.6463     7.5914     7.6648    32.3440    32.3418    25.8328    25.8266    7.74385 0.0000e+00
      12679     42.503     2.1549     2.2063   2.880159   2.884282     2.4666     2.3506      8.051     0.1461    -0.8541 1.1787e-01    -0.0657   101.6554     7.5880     7.6660    32.3445    32.3431    25.8332    25.8282    7.74384 0.0000e+00
      12682     42.466     2.1463     2.2064   2.880650   2.884264     2.4670     2.3506      8.049     0.1510    -0.8452 1.1787e-01    -0.0660   101.6644     7.5918     7.6678    32.3593    32.3429    25.8457    25.8281    7.74476 0.0000e+00
      12685     42.431     2.1639     2.2084   2.882216   2.884389     2.4666     2.3506      8.051     0.1486    -0.8452 1.1787e-01    -0.0664   101.6735     7.5887     7.6720    32.3608    32.3424    25.8456    25.8275    7.74119 0.0000e+00
      12688     42.399     2.1753     2.2123   2.881843   2.884553     2.4662     2.3502      8.049     0.1584    -0.8541 1.1787e-01    -0.0664   101.6735     7.5892     7.6729    32.3446    32.3405    25.8317    25.8257    7.73978 0.0000e+00
      12691     42.365     2.1714     2.2147   2.882116   2.884543     2.4666     2.3506      8.051     0.1584     1.3217 1.1787e-01    -0.0664   101.6735     7.5960     7.6760    32.3520    32.3379    25.8380    25.8235    7.74017 0.0000e+00
      12694     42.337     2.1705     2.2131   2.881229   2.884508     2.4662     2.3506      8.051     0.1584     1.8141 1.1773e-01    -0.0660   101.6644     7.5996     7.6818    32.3420    32.3391    25.8300    25.8245    7.74088 0.0000e+00
      12697     42.307     2.1617     2.2121   2.880742   2.884391     2.4666     2.3506      8.049     0.1535     1.7873 1.1787e-01    -0.0664   101.6735     7.6073     7.6853    32.3449    32.3387    25.8330    25.8243    7.74246 0.0000e+00
      12700     42.279     2.1622     2.2102   2.880975   2.884374     2.4670     2.3506      8.051     0.1584     1.7783 1.1787e-01    -0.0685   101.7277     7.6139     7.6894    32.3472    32.3405    25.8348    25.8258    7.74224 0.0000e+00
      12703     42.252     2.1702     2.2150   2.881330   2.884488     2.4674     2.3506      8.051     0.1584     1.7962 1.1787e-01    -0.0685   101.7277     7.6176     7.6941    32.3436    32.3370    25.8313    25.8227    7.74086 0.0000e+00
      12706     42.227     2.1847     2.2152   2.882568   2.884699     2.4682     2.3514      8.051     0.1608     1.7694 1.1787e-01    -0.0685   101.7277     7.6189     7.7020    32.3441    32.3395    25.8307    25.8246    7.73796 0.0000e+00
      12709     42.201     2.1942     2.2160   2.883402   2.885206     2.4690     2.3522      8.051     0.1608     1.7783 1.1787e-01    -0.0685   101.7277     7.6215     7.7093    32.3448    32.3449    25.8305    25.8289    7.73603 0.0000e+00
      12712     42.174     2.2187     2.2308   2.885121   2.885560     2.4702     2.3526      8.051     0.1657     1.7873 1.1787e-01    -0.0685   101.7277     7.6210     7.7124    32.3412    32.3343    25.8257    25.8193    7.73139 0.0000e+00
      12715     42.144     2.2268     2.2409   2.886119   2.885815     2.4706     2.3518      8.051     0.1877     2.1813 1.1773e-01    -0.0685   101.7277     7.6208     7.7107    32.3453    32.3272    25.8284    25.8129    7.72957 0.0000e+00
      12718     42.113     2.2444     2.2433   2.887041   2.885916     2.4711     2.3534      8.050     0.1877     4.8406 1.1787e-01    -0.0667   101.6825     7.6177     7.7195    32.3388    32.3260    25.8219    25.8118    7.72644 0.0000e+00
      12721     42.081     2.2555     2.2494   2.887362   2.886235     2.4719     2.3530      8.049     0.1852     4.8854 1.1773e-01    -0.0642   101.6192     7.6157     7.7174    32.3315    32.3237    25.8152    25.8094    7.72462 0.0000e+00
      12724     42.046     2.2600     2.2413   2.887261   2.886094     2.4719     2.3542      8.049     0.1877     4.8854 1.1773e-01    -0.0642   101.6192     7.6119     7.7231    32.3256    32.3302    25.8102    25.8152    7.72404 0.0000e+00
      12727     42.009     2.2444     2.2339   2.886144   2.885433     2.4719     2.3546      8.050     0.1901     4.8854 1.1787e-01    -0.0642   101.6192     7.6115     7.7247    32.3277    32.3297    25.8130    25.8154    7.72700 0.0000e+00
      12730     41.971     2.2332     2.2315   2.885536   2.884540     2.4719     2.3551      8.050     0.1852     4.8854 1.1773e-01    -0.0642   101.6192     7.6092     7.7263    32.3316    32.3210    25.8170    25.8086    7.72901 0.0000e+00
      12733     41.928     2.2261     2.2062   2.885319   2.883500     2.4719     2.3555      8.051     0.1877     4.8854 1.1787e-01    -0.0642   101.6192     7.6059     7.7319    32.3362    32.3339    25.8212    25.8209    7.73017 0.0000e+00
      12736     41.883     2.2222     2.1862   2.884806   2.882754     2.4723     2.3563      8.051     0.1852     4.8854 1.1787e-01    -0.0642   101.6192     7.6038     7.7375    32.3338    32.3451    25.8196    25.8313    7.73107 0.0000e+00
      12739     41.835     2.2151     2.1793   2.884435   2.882384     2.4735     2.3567      8.051     0.1877     4.8854 1.1787e-01    -0.0649   101.6373     7.6062     7.7373    32.3365    32.3475    25.8223    25.8338    7.73233 0.0000e+00
      12742     41.787     2.2091     2.1908   2.884202   2.883261     2.4727     2.3567      8.051     0.1901     5.0108 1.1787e-01    -0.0653   101.6463     7.6011     7.7309    32.3398    32.3468    25.8253    25.8323    7.73336 0.0000e+00
      12745     41.738     2.2054     2.2058   2.884225   2.884013     2.4727     2.3567      8.051     0.1901     5.2346 1.1787e-01    -0.0653   101.6463     7.5994     7.7235    32.3438    32.3407    25.8288    25.8264    7.73387 0.0000e+00
      12748     41.687     2.2052     2.2037   2.884837   2.884287     2.4735     2.3567      8.051     0.1925     5.2346 1.1787e-01    -0.0653   101.6463     7.6003     7.7181    32.3517    32.3463    25.8352    25.8310    7.73351 0.0000e+00
      12751     41.633     2.2086     2.2153   2.886094   2.886510     2.4727     2.3575      8.051     0.1974     5.2346 1.1787e-01    -0.0653   101.6463     7.5949     7.7138    32.3637    32.3621    25.8446    25.8427    7.73221 0.0000e+00
      12754     41.579     2.2472     2.2423   2.890958   2.887002     2.4727     2.3579      8.050     0.1925     5.2346 1.1787e-01    -0.0653   101.6463     7.5840     7.7050    32.3846    32.3407    25.8584    25.8236    7.72350 0.0000e+00
      12757     41.525     2.3808     2.2671   2.901265   2.887889     2.4723     2.3579      8.050     0.1901     5.2346 1.1787e-01    -0.0653   101.6463     7.5524     7.6939    32.3759    32.3265    25.8411    25.8103    7.69767 0.0000e+00
      12760     41.470     2.4467     2.2824   2.902924   2.890398     2.4719     2.3579      8.048     0.1950     5.2346 1.1773e-01    -0.0642   101.6192     7.5372     7.6816    32.3294    32.3419    25.7989    25.8215    7.68716 0.0000e+00
