Datasets/AZMP/COO001/79001023.cnv
* Sea-Bird SBE 9 Data File:
* FileName = C:\CTDDATA\79001023.hex
* Software Version Seasave V 7.26.7.110
* Temperature SN = 5660
* Conductivity SN = 3698
* Number of Bytes Per Scan = 30
* Number of Voltage Words = 4
* Number of Scans Averaged by the Deck Unit = 1
* NMEA baud rate = 9600
** VESSEL/TRIP/SEQ STN:  79001023
** LATITUDE XX XX.XX N:  46 21.00 N
** LONGITUDE XX XX.XX W:  52 44.00 W
** SOUNDING DEPTH (M):  0177
** PROBE TYPE (S1221): S1257
** CTD NUMBER: 010
** COMMENTS (14 CHAR):  SEGB-03
** BOTTLES:  12
** LEVELS: 5,5,10,20,20,30,40,50,75,100,150,BTM
** STICKERS: 434713 - 434724
** VNET: Y
** DO2: Y
# nquan = 22
# nvalues = 5367                        
# units = specified
# name 0 = scan: Scan Count
# name 1 = prDM: Pressure, Digiquartz [db]
# name 2 = t090C: Temperature [ITS-90, deg C]
# name 3 = t190C: Temperature, 2 [ITS-90, deg C]
# name 4 = c0S/m: Conductivity [S/m]
# name 5 = c1S/m: Conductivity, 2 [S/m]
# name 6 = sbeox0V: Oxygen raw, SBE 43 [V]
# name 7 = sbeox1V: Oxygen raw, SBE 43, 2 [V]
# name 8 = ph: pH
# name 9 = flECO-AFL: Fluorescence, WET Labs ECO-AFL/FL [mg/m^3]
# name 10 = wetCDOM: Fluorescence, WET Labs CDOM [mg/m^3]
# name 11 = par/sat/log: PAR/Logarithmic, Satlantic [umol photons/m^2/sec]
# name 12 = CStarAt0: Beam Attenuation, WET Labs C-Star [1/m]
# name 13 = CStarTr0: Beam Transmission, WET Labs C-Star [%]
# name 14 = sbeox0ML/L: Oxygen, SBE 43 [ml/l], WS = 2
# name 15 = sbeox1ML/L: Oxygen, SBE 43, 2 [ml/l], WS = 2
# name 16 = sal00: Salinity, Practical [PSU]
# name 17 = sal11: Salinity, Practical, 2 [PSU]
# name 18 = sigma-t00: Density [sigma-t, kg/m^3 ]
# name 19 = sigma-t11: Density, 2 [sigma-t, kg/m^3 ]
# name 20 = oxsatML/L: Oxygen Saturation, Weiss [ml/l]
# name 21 = flag: flag
# span 0 =         60,      48657       
# span 1 =      0.448,    164.475       
# span 2 =    -1.0664,     5.2262       
# span 3 =    -1.0671,     5.2260       
# span 4 =   2.648163,   3.072138       
# span 5 =   2.648101,   3.072239       
# span 6 =     2.4911,     2.9704       
# span 7 =     2.3063,     2.7542       
# span 8 =      7.958,      8.155       
# span 9 =     0.0068,     0.8860       
# span 10 =    -1.0759,     6.7804      
# span 11 = 1.0727e-01, 1.0222e+02      
# span 12 =     0.0549,     0.5586      
# span 13 =    86.9666,    98.6369      
# span 14 =     7.5066,     8.7780      
# span 15 =     6.1884,     7.1889      
# span 16 =    31.0697,    33.0945      
# span 17 =    31.5828,    33.0983      
# span 18 =    24.5366,    26.5994      
# span 19 =    24.9432,    26.6025      
# span 20 =    7.20949,    8.40887      
# span 21 = 0.0000e+00, 0.0000e+00      
# interval = scans: 3                   
# start_time = Nov 23 2019 14:48:09 [System UTC, header]
# bad_flag = -9.990e-29
*END*
[from data line 3029]
      17158    133.055    -0.7327    -0.7216   2.703961   2.704805     2.5036     2.3240      7.963     0.0410     1.9245 1.0790e-01     0.1725    95.7780     7.5893     6.2696    33.0662    33.0654    26.5765    26.5755    8.31385 0.0000e+00
      17161    132.943    -0.7323    -0.7209   2.703990   2.704897     2.5032     2.3240      7.963     0.0410     1.9245 1.0790e-01     0.1725    95.7780     7.5858     6.2684    33.0662    33.0660    26.5765    26.5759    8.31376 0.0000e+00
      17164    132.830    -0.7311    -0.7198   2.704154   2.704960     2.5032     2.3232      7.963     0.0410     1.9245 1.0790e-01     0.1725    95.7780     7.5842     6.2647    33.0672    33.0657    26.5773    26.5756    8.31344 0.0000e+00
      17167    132.719    -0.7301    -0.7194   2.704212   2.704936     2.5023     2.3228      7.963     0.0459     1.8850 1.0790e-01     0.1725    95.7780     7.5788     6.2625    33.0669    33.0650    26.5770    26.5751    8.31323 0.0000e+00
      17170    132.609    -0.7286    -0.7202   2.704287   2.704868     2.5032     2.3236      7.963     0.0459     1.8060 1.0790e-01     0.1725    95.7780     7.5804     6.2641    33.0664    33.0650    26.5765    26.5751    8.31293 0.0000e+00
      17173    132.497    -0.7276    -0.7203   2.704311   2.704914     2.5023     2.3232      7.963     0.0410     1.8060 1.0790e-01     0.1725    95.7780     7.5773     6.2627    33.0657    33.0658    26.5760    26.5757    8.31274 0.0000e+00
      17176    132.384    -0.7271    -0.7190   2.704273   2.705050     2.5023     2.3232      7.963     0.0459     1.8060 1.0790e-01     0.1725    95.7780     7.5768     6.2626    33.0647    33.0663    26.5751    26.5761    8.31269 0.0000e+00
      17179    132.270    -0.7269    -0.7175   2.704308   2.705126     2.5023     2.3228      7.963     0.0410     1.8060 1.0790e-01     0.1747    95.7259     7.5777     6.2622    33.0650    33.0657    26.5754    26.5756    8.31262 0.0000e+00
      17182    132.159    -0.7264    -0.7164   2.704366   2.705160     2.5019     2.3228      7.963     0.0410     1.8060 1.0790e-01     0.1769    95.6737     7.5779     6.2632    33.0653    33.0651    26.5756    26.5751    8.31249 0.0000e+00
      17185    132.051    -0.7258    -0.7160   2.704401   2.705160     2.5015     2.3228      7.963     0.0410     1.8060 1.0790e-01     0.1769    95.6737     7.5774     6.2639    33.0652    33.0647    26.5755    26.5747    8.31236 0.0000e+00
      17188    131.940    -0.7249    -0.7163   2.704480   2.705084     2.5019     2.3228      7.963     0.0410     1.8060 1.0790e-01     0.1769    95.6737     7.5789     6.2637    33.0653    33.0641    26.5755    26.5742    8.31215 0.0000e+00
      17191    131.828    -0.7243    -0.7168   2.704509   2.705018     2.5019     2.3228      7.963     0.0410     1.8060 1.0790e-01     0.1769    95.6737     7.5784     6.2616    33.0651    33.0638    26.5753    26.5740    8.31202 0.0000e+00
      17194    131.720    -0.7238    -0.7173   2.704479   2.704954     2.5011     2.3224      7.963     0.0410     1.8455 1.0790e-01     0.1769    95.6737     7.5760     6.2586    33.0642    33.0636    26.5746    26.5738    8.31196 0.0000e+00
      17197    131.615    -0.7238    -0.7174   2.704467   2.704957     2.5015     2.3228      7.963     0.0459     1.9245 1.0790e-01     0.1769    95.6737     7.5789     6.2605    33.0641    33.0638    26.5746    26.5740    8.31197 0.0000e+00
      17200    131.519    -0.7238    -0.7175   2.704526   2.704945     2.5015     2.3224      7.963     0.0410     1.9245 1.0790e-01     0.1769    95.6737     7.5795     6.2585    33.0650    33.0638    26.5752    26.5740    8.31192 0.0000e+00
      17203    131.419    -0.7231    -0.7176   2.704594   2.704884     2.5019     2.3224      7.963     0.0410     1.9245 1.0790e-01     0.1758    95.6998     7.5811     6.2585    33.0652    33.0631    26.5753    26.5735    8.31175 0.0000e+00
      17206    131.321    -0.7218    -0.7188   2.704668   2.704732     2.5019     2.3224      7.963     0.0410     1.9245 1.0790e-01     0.1765    95.6824     7.5792     6.2588    33.0649    33.0624    26.5751    26.5730    8.31149 0.0000e+00
      17209    131.226    -0.7208    -0.7198   2.704669   2.704701     2.5007     2.3220      7.963     0.0410     1.9245 1.0790e-01     0.1762    95.6911     7.5755     6.2580    33.0638    33.0631    26.5742    26.5736    8.31132 0.0000e+00
      17212    131.137    -0.7209    -0.7201   2.704611   2.704642     2.5011     2.3216      7.963     0.0410     1.9245 1.0790e-01     0.1765    95.6824     7.5756     6.2575    33.0632    33.0628    26.5737    26.5733    8.31138 0.0000e+00
      17215    131.054    -0.7210    -0.7208   2.704582   2.704570     2.5011     2.3216      7.963     0.0410     1.9245 1.0790e-01     0.1765    95.6824     7.5747     6.2588    33.0629    33.0626    26.5734    26.5732    8.31141 0.0000e+00
      17218    130.974    -0.7212    -0.7212   2.704580   2.704556     2.5011     2.3216      7.963     0.0459     1.9245 1.0790e-01     0.1769    95.6737     7.5745     6.2590    33.0632    33.0628    26.5737    26.5734    8.31144 0.0000e+00
      17221    130.899    -0.7212    -0.7211   2.704607   2.704569     2.5007     2.3216      7.963     0.0410     1.8455 1.0790e-01     0.1820    95.5521     7.5744     6.2593    33.0636    33.0630    26.5740    26.5735    8.31141 0.0000e+00
      17224    130.823    -0.7211    -0.7210   2.704588   2.704544     2.5015     2.3212      7.963     0.0410     1.8060 1.0790e-01     0.1817    95.5608     7.5770     6.2599    33.0633    33.0626    26.5737    26.5732    8.31141 0.0000e+00
      17227    130.752    -0.7212    -0.7213   2.704592   2.704529     2.5003     2.3216      7.963     0.0410     1.8060 1.0790e-01     0.1817    95.5608     7.5731     6.2635    33.0635    33.0627    26.5739    26.5733    8.31143 0.0000e+00
      17230    130.687    -0.7213    -0.7214   2.704590   2.704546     2.4999     2.3216      7.961     0.0410     1.8060 1.0790e-01     0.1820    95.5521     7.5732     6.2652    33.0636    33.0632    26.5740    26.5737    8.31143 0.0000e+00
      17233    130.625    -0.7212    -0.7213   2.704591   2.704543     2.5015     2.3216      7.963     0.0410     1.8060 1.0790e-01     0.1817    95.5608     7.5821     6.2655    33.0636    33.0630    26.5740    26.5735    8.31142 0.0000e+00
      17236    130.568    -0.7211    -0.7212   2.704588   2.704526     2.4999     2.3216      7.961     0.0410     1.8060 1.0790e-01     0.1813    95.5695     7.5749     6.2636    33.0634    33.0627    26.5738    26.5733    8.31140 0.0000e+00
      17239    130.516    -0.7210    -0.7211   2.704568   2.704537     2.4999     2.3216      7.963     0.0410     1.8060 1.0790e-01     0.1813    95.5695     7.5751     6.2643    33.0631    33.0628    26.5736    26.5734    8.31140 0.0000e+00
      17242    130.470    -0.7210    -0.7215   2.704587   2.704523     2.5011     2.3207      7.961     0.0410     1.8060 1.0790e-01     0.1780    95.6477     7.5820     6.2623    33.0634    33.0630    26.5738    26.5736    8.31138 0.0000e+00
      17245    130.422    -0.7212    -0.7215   2.704582   2.704499     2.5003     2.3216      7.963     0.0410     1.8060 1.0790e-01     0.1780    95.6477     7.5802     6.2643    33.0636    33.0627    26.5740    26.5733    8.31143 0.0000e+00
      17248    130.377    -0.7209    -0.7216   2.704579   2.704478     2.5007     2.3216      7.963     0.0410     1.7665 1.0790e-01     0.1780    95.6477     7.5834     6.2622    33.0632    33.0626    26.5737    26.5732    8.31137 0.0000e+00
      17251    130.339    -0.7215    -0.7215   2.704424   2.704500     2.4999     2.3216      7.961     0.0410     1.8060 1.0790e-01     0.1780    95.6477     7.5821     6.2617    33.0619    33.0628    26.5726    26.5734    8.31160 0.0000e+00
      17254    130.306    -0.7241    -0.7216   2.704166   2.704528     2.5011     2.3212      7.963     0.0410     1.8060 1.0790e-01     0.1780    95.6477     7.5851     6.2591    33.0612    33.0633    26.5722    26.5738    8.31221 0.0000e+00
      17257    130.272    -0.7264    -0.7217   2.704128   2.704514     2.5003     2.3207      7.963     0.0410     1.8060 1.0790e-01     0.1780    95.6477     7.5851     6.2588    33.0632    33.0633    26.5739    26.5738    8.31260 0.0000e+00
      17260    130.243    -0.7268    -0.7218   2.704218   2.704478     2.4999     2.3207      7.963     0.0410     1.8060 1.0790e-01     0.1769    95.6737     7.5831     6.2604    33.0649    33.0630    26.5753    26.5735    8.31261 0.0000e+00
      17263    130.215    -0.7267    -0.7218   2.704248   2.704498     2.5015     2.3216      7.961     0.0410     1.8060 1.0790e-01     0.1758    95.6998     7.5888     6.2641    33.0652    33.0632    26.5755    26.5737    8.31256 0.0000e+00
      17266    130.190    -0.7265    -0.7216   2.704239   2.704505     2.5003     2.3216      7.963     0.0410     1.8060 1.0790e-01     0.1758    95.6998     7.5838     6.2635    33.0649    33.0631    26.5753    26.5736    8.31254 0.0000e+00
      17269    130.165    -0.7267    -0.7213   2.704212   2.704557     2.5007     2.3203      7.963     0.0410     1.8060 1.0790e-01     0.1758    95.6998     7.5854     6.2573    33.0647    33.0635    26.5751    26.5739    8.31258 0.0000e+00
      17272    130.144    -0.7267    -0.7211   2.704252   2.704563     2.5015     2.3203      7.963     0.0410     1.8060 1.0790e-01     0.1758    95.6998     7.5886     6.2575    33.0653    33.0634    26.5756    26.5739    8.31255 0.0000e+00
      17321    129.917    -0.7246    -0.7209   2.704376   2.704564     2.5015     2.3216      7.961     0.0410     1.6876 1.0790e-01     0.1747    95.7259     7.5861     6.2730    33.0648    33.0633    26.5751    26.5737    8.31211 0.0000e+00
      17324    129.894    -0.7245    -0.7210   2.704291   2.704550     2.5003     2.3216      7.963     0.0410     1.7271 1.0790e-01     0.1747    95.7259     7.5791     6.2706    33.0636    33.0632    26.5741    26.5737    8.31216 0.0000e+00
      17327    129.868    -0.7242    -0.7210   2.704378   2.704557     2.5015     2.3216      7.963     0.0410     1.9245 1.0790e-01     0.1747    95.7259     7.5851     6.2705    33.0645    33.0633    26.5748    26.5738    8.31205 0.0000e+00
      17330    129.837    -0.7241    -0.7209   2.704371   2.704553     2.4999     2.3216      7.963     0.0410     1.9245 1.0790e-01     0.1747    95.7259     7.5783     6.2707    33.0643    33.0631    26.5747    26.5736    8.31204 0.0000e+00
      17333    129.799    -0.7243    -0.7209   2.704317   2.704519     2.5003     2.3216      7.963     0.0410     1.9245 1.0790e-01     0.1747    95.7259     7.5784     6.2698    33.0638    33.0627    26.5743    26.5733    8.31211 0.0000e+00
      17336    129.758    -0.7249    -0.7209   2.704298   2.704546     2.5019     2.3216      7.963     0.0410     1.9245 1.0790e-01     0.1747    95.7259     7.5832     6.2687    33.0642    33.0632    26.5747    26.5737    8.31222 0.0000e+00
      17339    129.713    -0.7253    -0.7212   2.704272   2.704505     2.5003     2.3216      7.963     0.0410     1.9245 1.0790e-01     0.1747    95.7259     7.5768     6.2680    33.0644    33.0629    26.5747    26.5735    8.31231 0.0000e+00
      17342    129.660    -0.7251    -0.7216   2.704294   2.704416     2.5015     2.3220      7.963     0.0606     1.9245 1.0790e-01     0.1736    95.7519     7.5821     6.2690    33.0645    33.0622    26.5749    26.5729    8.31226 0.0000e+00
      17345    129.604    -0.7250    -0.7220   2.704311   2.704411     2.4999     2.3216      7.963     0.0557     1.9245 1.0790e-01     0.1736    95.7519     7.5745     6.2678    33.0645    33.0627    26.5749    26.5733    8.31221 0.0000e+00
      17348    129.544    -0.7249    -0.7221   2.704286   2.704396     2.5003     2.3216      7.963     0.0557     1.9245 1.0790e-01     0.1736    95.7519     7.5770     6.2682    33.0642    33.0625    26.5746    26.5731    8.31223 0.0000e+00
      17351    129.479    -0.7252    -0.7221   2.704268   2.704353     2.5015     2.3216      7.961     0.0557     1.8455 1.0790e-01     0.1736    95.7519     7.5807     6.2680    33.0643    33.0620    26.5747    26.5727    8.31228 0.0000e+00
      17354    129.409    -0.7251    -0.7223   2.704280   2.704349     2.5003     2.3216      7.963     0.0557     1.8060 1.0790e-01     0.1740    95.7432     7.5765     6.2680    33.0644    33.0622    26.5748    26.5729    8.31225 0.0000e+00
      17357    129.333    -0.7252    -0.7224   2.704266   2.704349     2.5003     2.3216      7.963     0.0557     1.8060 1.0790e-01     0.1736    95.7519     7.5754     6.2702    33.0644    33.0624    26.5748    26.5731    8.31228 0.0000e+00
      17360    129.254    -0.7249    -0.7224   2.704295   2.704339     2.4999     2.3216      7.963     0.0557     1.8060 1.0790e-01     0.1747    95.7259     7.5754     6.2705    33.0645    33.0624    26.5749    26.5730    8.31221 0.0000e+00
      17363    129.169    -0.7249    -0.7225   2.704284   2.704313     2.5011     2.3216      7.963     0.0557     1.8060 1.0790e-01     0.1765    95.6824     7.5809     6.2707    33.0643    33.0621    26.5747    26.5728    8.31220 0.0000e+00
      17366    129.077    -0.7247    -0.7225   2.704290   2.704321     2.4999     2.3216      7.963     0.0557     1.8060 1.0790e-01     0.1769    95.6737     7.5752     6.2729    33.0643    33.0622    26.5747    26.5729    8.31217 0.0000e+00
      17369    128.981    -0.7246    -0.7227   2.704270   2.704305     2.5003     2.3220      7.963     0.0264     1.8060 1.0790e-01     0.1762    95.6911     7.5756     6.2767    33.0639    33.0623    26.5744    26.5730    8.31216 0.0000e+00
      17372    128.883    -0.7248    -0.7227   2.704272   2.704290     2.5003     2.3216      7.963     0.0264     1.8060 1.0790e-01     0.1765    95.6824     7.5750     6.2766    33.0642    33.0622    26.5746    26.5729    8.31219 0.0000e+00
      17375    128.783    -0.7248    -0.7224   2.704260   2.704326     2.5003     2.3216      7.963     0.0264     1.8060 1.0790e-01     0.1758    95.6998     7.5760     6.2775    33.0642    33.0625    26.5746    26.5731    8.31220 0.0000e+00
      17378    128.679    -0.7250    -0.7222   2.704224   2.704388     2.4999     2.3220      7.963     0.0313     1.8850 1.0790e-01     0.1758    95.6998     7.5768     6.2793    33.0639    33.0631    26.5744    26.5737    8.31226 0.0000e+00
      17381    128.573    -0.7250    -0.7219   2.704230   2.704407     2.5003     2.3228      7.961     0.0264     1.9245 1.0790e-01     0.1754    95.7085     7.5775     6.2822    33.0641    33.0631    26.5745    26.5736    8.31225 0.0000e+00
      17384    128.465    -0.7252    -0.7218   2.704234   2.704393     2.5011     2.3216      7.963     0.0264     1.9245 1.0790e-01     0.1747    95.7259     7.5797     6.2778    33.0644    33.0628    26.5748    26.5734    8.31226 0.0000e+00
      17387    128.358    -0.7250    -0.7217   2.704231   2.704394     2.4999     2.3224      7.963     0.0264     1.9245 1.0790e-01     0.1751    95.7172     7.5734     6.2800    33.0642    33.0629    26.5746    26.5734    8.31224 0.0000e+00
      17390    128.250    -0.7249    -0.7218   2.704235   2.704392     2.4999     2.3228      7.963     0.0264     1.9245 1.0790e-01     0.1751    95.7172     7.5747     6.2804    33.0643    33.0629    26.5747    26.5735    8.31221 0.0000e+00
      17393    128.141    -0.7246    -0.7218   2.704266   2.704367     2.4991     2.3228      7.963     0.0361     1.9245 1.0790e-01     0.1747    95.7259     7.5716     6.2791    33.0644    33.0627    26.5748    26.5733    8.31214 0.0000e+00
      17396    128.033    -0.7238    -0.7218   2.704281   2.704355     2.5003     2.3228      7.963     0.0459     1.9245 1.0790e-01     0.1751    95.7172     7.5739     6.2785    33.0638    33.0626    26.5743    26.5732    8.31200 0.0000e+00
