Datasets/AZMP/COO001/79001096.cnv
* Sea-Bird SBE 9 Data File:
* FileName = C:\CTDDATA\79001096.hex
* Software Version Seasave V 7.26.7.110
* Temperature SN = 5660
* Conductivity SN = 3698
* Number of Bytes Per Scan = 30
* Number of Voltage Words = 4
* Number of Scans Averaged by the Deck Unit = 1
* NMEA baud rate = 9600
** VESSEL/TRIP/SEQ STN:  79001096
** LATITUDE XX XX.XX N:  49 11.40 N
** LONGITUDE XX XX.XX W:  51 32.50 W
** SOUNDING DEPTH (M):  0321
** PROBE TYPE: S1257
** CTD NUMBER: 062
** COMMENTS (14 CHAR): BB-07
** BOTTLES:  13
** LEVELS: 5,5,10,20,20,30,40,50,75,100,150,250,BTM
** STICKERS: 435338 - 435350
** VNET: Y
** DO2: N
# nquan = 22
# nvalues = 8975                        
# units = specified
# name 0 = scan: Scan Count
# name 1 = prDM: Pressure, Digiquartz [db]
# name 2 = t090C: Temperature [ITS-90, deg C]
# name 3 = t190C: Temperature, 2 [ITS-90, deg C]
# name 4 = c0S/m: Conductivity [S/m]
# name 5 = c1S/m: Conductivity, 2 [S/m]
# name 6 = sbeox0V: Oxygen raw, SBE 43 [V]
# name 7 = sbeox1V: Oxygen raw, SBE 43, 2 [V]
# name 8 = ph: pH
# name 9 = flECO-AFL: Fluorescence, WET Labs ECO-AFL/FL [mg/m^3]
# name 10 = wetCDOM: Fluorescence, WET Labs CDOM [mg/m^3]
# name 11 = par/sat/log: PAR/Logarithmic, Satlantic [umol photons/m^2/sec]
# name 12 = CStarAt0: Beam Attenuation, WET Labs C-Star [1/m]
# name 13 = CStarTr0: Beam Transmission, WET Labs C-Star [%]
# name 14 = sbeox0ML/L: Oxygen, SBE 43 [ml/l], WS = 2
# name 15 = sbeox1ML/L: Oxygen, SBE 43, 2 [ml/l], WS = 2
# name 16 = sal00: Salinity, Practical [PSU]
# name 17 = sal11: Salinity, Practical, 2 [PSU]
# name 18 = sigma-t00: Density [sigma-t, kg/m^3 ]
# name 19 = sigma-t11: Density, 2 [sigma-t, kg/m^3 ]
# name 20 = oxsatML/L: Oxygen Saturation, Weiss [ml/l]
# name 21 = flag: flag
# span 0 =         17,      73976       
# span 1 =      2.416,    311.358       
# span 2 =     0.6993,     2.6742       
# span 3 =     0.7008,     2.6742       
# span 4 =   2.861424,   3.105718       
# span 5 =   2.860368,   3.105949       
# span 6 =     2.2777,     2.7542       
# span 7 =     2.2475,     2.7166       
# span 8 =      8.076,      8.207       
# span 9 =    -0.0127,     1.3207       
# span 10 =    -2.0629,   480.5289      
# span 11 = 1.0715e-01, 1.5659e+00      
# span 12 =     0.0598,     0.4889      
# span 13 =    88.4960,    98.5153      
# span 14 =     6.1865,     7.6949      
# span 15 =     6.4760,     8.0677      
# span 16 =    32.8890,    34.4478      
# span 17 =    32.8905,    34.4425      
# span 18 =    26.2541,    27.4850      
# span 19 =    26.2553,    27.4772      
# span 20 =    7.53573,    7.97156      
# span 21 = 0.0000e+00, 0.0000e+00      
# interval = scans: 3                   
# start_time = Dec 03 2019 01:45:04 [System UTC, header]
# bad_flag = -9.990e-29
*END*
[from data line 2107]
       9404    138.656     0.8460     0.8446   2.876661   2.876824     2.4347     2.3993      8.129     0.0117     1.9245 1.0827e-01     0.0843    97.9157     6.9651     7.2832    33.6211    33.6247    26.9462    26.9492    7.94185 0.0000e+00
       9407    138.772     0.8432     0.8400   2.876249   2.876330     2.4347     2.3997      8.129     0.0117     1.9245 1.0827e-01     0.0843    97.9157     6.9697     7.2953    33.6188    33.6233    26.9446    26.9484    7.94256 0.0000e+00
       9410    138.883     0.8385     0.8313   2.875656   2.875460     2.4343     2.3997      8.127     0.0166     1.9245 1.0827e-01     0.0843    97.9157     6.9719     7.3054    33.6161    33.6214    26.9427    26.9474    7.94367 0.0000e+00
       9413    138.992     0.8304     0.8185   2.874561   2.874285     2.4347     2.4001      8.127     0.0117     1.9245 1.0827e-01     0.0843    97.9157     6.9774     7.3155    33.6107    33.6201    26.9388    26.9471    7.94565 0.0000e+00
       9416    139.102     0.8167     0.7979   2.872624   2.871948     2.4347     2.3993      8.127     0.0117     1.8060 1.0827e-01     0.0843    97.9157     6.9827     7.3232    33.6004    33.6121    26.9314    26.9419    7.94905 0.0000e+00
       9419    139.212     0.7958     0.7656   2.870372   2.869204     2.4339     2.3997      8.127     0.0117     1.6481 1.0827e-01     0.0843    97.9157     6.9860     7.3404    33.5940    33.6116    26.9274    26.9434    7.95376 0.0000e+00
       9422    139.322     0.7739     0.7393   2.868582   2.867447     2.4347     2.4001      8.127     0.0117     1.6876 1.0827e-01     0.0850    97.8983     6.9940     7.3531    33.5944    33.6173    26.9291    26.9496    7.95830 0.0000e+00
       9425    139.431     0.7535     0.7234   2.867070   2.866526     2.4343     2.4001      8.127     0.0117     1.6876 1.0827e-01     0.0853    97.8896     6.9968     7.3598    33.5970    33.6226    26.9324    26.9548    7.96243 0.0000e+00
       9428    139.539     0.7371     0.7157   2.866293   2.865997     2.4343     2.4001      8.127     0.0117     1.6876 1.0827e-01     0.0853    97.8896     7.0008     7.3635    33.6046    33.6240    26.9396    26.9564    7.96545 0.0000e+00
       9431    139.645     0.7243     0.7067   2.865559   2.865576     2.4347     2.4013      8.127     0.0117     1.6876 1.0827e-01     0.0853    97.8896     7.0059     7.3714    33.6089    33.6282    26.9438    26.9603    7.96788 0.0000e+00
       9434    139.750     0.7150     0.7009   2.865339   2.865945     2.4347     2.4017      8.127     0.0117     1.6876 1.0827e-01     0.0853    97.8896     7.0078     7.3749    33.6161    33.6393    26.9501    26.9696    7.96944 0.0000e+00
       9437    139.850     0.7084     0.7008   2.865106   2.866404     2.4343     2.4013      8.127     0.0166     1.6876 1.0827e-01     0.0853    97.8896     7.0093     7.3738    33.6202    33.6453    26.9538    26.9744    7.97060 0.0000e+00
       9440    139.949     0.7020     0.7020   2.865093   2.866653     2.4347     2.4017      8.127     0.0117     1.6876 1.0827e-01     0.0853    97.8896     7.0134     7.3744    33.6269    33.6471    26.9595    26.9758    7.97156 0.0000e+00
       9443    140.046     0.6993     0.7036   2.865682   2.866833     2.4351     2.4030      8.127     0.0117     1.6481 1.0827e-01     0.0828    97.9504     7.0161     7.3760    33.6374    33.6477    26.9682    26.9762    7.97156 0.0000e+00
       9446    140.138     0.7006     0.7042   2.866281   2.866856     2.4347     2.4021      8.127     0.0068     1.6876 1.0827e-01     0.0811    97.9939     7.0139     7.3681    33.6437    33.6472    26.9732    26.9758    7.97095 0.0000e+00
       9449    140.228     0.7021     0.7043   2.866429   2.866958     2.4351     2.4021      8.127     0.0117     1.6876 1.0827e-01     0.0811    97.9939     7.0153     7.3641    33.6439    33.6484    26.9733    26.9768    7.97063 0.0000e+00
       9452    140.312     0.7036     0.7050   2.866657   2.867154     2.4347     2.4026      8.127     0.0117     1.6876 1.0827e-01     0.0811    97.9939     7.0119     7.3608    33.6453    33.6501    26.9742    26.9780    7.97025 0.0000e+00
       9455    140.391     0.7065     0.7083   2.867609   2.867603     2.4351     2.4030      8.127     0.0166     1.6876 1.0827e-01     0.0811    97.9939     7.0128     7.3567    33.6544    33.6523    26.9814    26.9796    7.96915 0.0000e+00
       9458    140.472     0.7108     0.7095   2.868206   2.867754     2.4351     2.4030      8.127     0.0117     1.6876 1.0827e-01     0.0811    97.9939     7.0143     7.3539    33.6573    33.6529    26.9835    26.9800    7.96807 0.0000e+00
       9461    140.547     0.7148     0.7116   2.868553   2.868050     2.4359     2.4030      8.127     0.0117     1.6876 1.0827e-01     0.0811    97.9939     7.0172     7.3507    33.6575    33.6544    26.9834    26.9811    7.96724 0.0000e+00
       9464    140.613     0.7181     0.7145   2.868783   2.868551     2.4355     2.4030      8.127     0.0068     1.6481 1.0827e-01     0.0758    98.1242     7.0165     7.3461    33.6569    33.6578    26.9827    26.9836    7.96659 0.0000e+00
       9467    140.673     0.7204     0.7187   2.868787   2.869030     2.4355     2.4030      8.127     0.0117     1.6876 1.0827e-01     0.0750    98.1416     7.0170     7.3432    33.6544    33.6594    26.9806    26.9847    7.96623 0.0000e+00
       9470    140.728     0.7228     0.7212   2.869064   2.869212     2.4359     2.4030      8.127     0.0117     1.8060 1.0802e-01     0.0747    98.1503     7.0157     7.3426    33.6552    33.6589    26.9811    26.9842    7.96568 0.0000e+00
       9473    140.776     0.7359     0.7221   2.870966   2.869272     2.4351     2.4030      8.127     0.0166     1.8060 1.0790e-01     0.0750    98.1416     7.0094     7.3396    33.6657    33.6588    26.9888    26.9840    7.96239 0.0000e+00
       9476    140.818     0.7615     0.7222   2.873124   2.869262     2.4351     2.4030      8.127     0.0117     1.8060 1.0790e-01     0.0750    98.1416     7.0063     7.3383    33.6658    33.6585    26.9874    26.9838    7.95704 0.0000e+00
       9479    140.852     0.7820     0.7222   2.873835   2.869273     2.4364     2.4030      8.127     0.0117     1.8060 1.0790e-01     0.0750    98.1416     7.0057     7.3369    33.6527    33.6586    26.9755    26.9838    7.95346 0.0000e+00
       9482    140.884     0.8005     0.7218   2.874599   2.869199     2.4368     2.4030      8.127     0.0068     1.8060 1.0802e-01     0.0754    98.1330     7.0027     7.3370    33.6425    33.6580    26.9662    26.9834    7.95016 0.0000e+00
       9508    140.935     0.8056     0.7270   2.874286   2.869007     2.4368     2.4026      8.127     0.0117     1.8060 1.0802e-01     0.0775    98.0808     6.9992     7.3197    33.6329    33.6499    26.9581    26.9766    7.94961 0.0000e+00
       9558    141.003     0.7952     0.7355   2.873122   2.868477     2.4384     2.4018      8.127     0.0117     1.8060 1.0802e-01     0.0811    97.9939     7.0012     7.2827    33.6291    33.6338    26.9557    26.9631    7.95198 0.0000e+00
       9561    141.027     0.7999     0.7353   2.873213   2.868641     2.4388     2.4009      8.127     0.0117     1.8060 1.0802e-01     0.0814    97.9852     6.9995     7.2770    33.6252    33.6361    26.9523    26.9650    7.95123 0.0000e+00
       9564    141.056     0.8041     0.7374   2.873497   2.868910     2.4384     2.4005      8.127     0.0166     1.8060 1.0790e-01     0.0814    97.9852     6.9945     7.2746    33.6242    33.6372    26.9513    26.9658    7.95039 0.0000e+00
       9567    141.091     0.8077     0.7393   2.873876   2.869082     2.4376     2.4005      8.127     0.0166     1.8060 1.0802e-01     0.0811    97.9939     6.9885     7.2747    33.6252    33.6374    26.9519    26.9658    7.94959 0.0000e+00
       9570    141.129     0.8121     0.7412   2.874289   2.869125     2.4372     2.3993      8.127     0.0166     1.8060 1.0802e-01     0.0811    97.9939     6.9831     7.2724    33.6258    33.6359    26.9521    26.9645    7.94865 0.0000e+00
       9573    141.170     0.8168     0.7423   2.874423   2.869140     2.4372     2.3993      8.127     0.0264     1.8455 1.0802e-01     0.0811    97.9939     6.9796     7.2712    33.6224    33.6349    26.9491    26.9636    7.94785 0.0000e+00
       9576    141.214     0.8195     0.7393   2.874493   2.869438     2.4380     2.3993      8.127     0.0264     1.9245 1.0802e-01     0.0811    97.9939     6.9809     7.2715    33.6204    33.6419    26.9473    26.9694    7.94741 0.0000e+00
       9579    141.265     0.8163     0.7395   2.873524   2.869674     2.4380     2.3989      8.127     0.0264     1.9245 1.0815e-01     0.0811    97.9939     6.9814     7.2717    33.6113    33.6447    26.9401    26.9717    7.94856 0.0000e+00
       9582    141.317     0.8098     0.7415   2.873645   2.869835     2.4372     2.3981      8.127     0.0264     1.9245 1.0790e-01     0.0811    97.9939     6.9764     7.2707    33.6199    33.6447    26.9475    26.9715    7.94945 0.0000e+00
       9585    141.372     0.8134     0.7451   2.874563   2.870186     2.4372     2.3981      8.127     0.0264     1.9245 1.0790e-01     0.0804    98.0113     6.9745     7.2750    33.6277    33.6453    26.9536    26.9718    7.94827 0.0000e+00
       9588    141.434     0.8196     0.7596   2.874175   2.871207     2.4372     2.3981      8.127     0.0264     1.9245 1.0790e-01     0.0800    98.0200     6.9750     7.2754    33.6160    33.6427    26.9437    26.9688    7.94761 0.0000e+00
       9591    141.498     0.8111     0.7795   2.873027   2.872071     2.4360     2.3977      8.127     0.0313     1.9245 1.0790e-01     0.0804    98.0113     6.9724     7.2746    33.6104    33.6322    26.9398    26.9592    7.94969 0.0000e+00
       9594    141.565     0.8013     0.7861   2.872735   2.872256     2.4356     2.3981      8.127     0.0264     1.9245 1.0790e-01     0.0804    98.0113     6.9723     7.2795    33.6171    33.6274    26.9458    26.9549    7.95136 0.0000e+00
       9597    141.634     0.7949     0.7907   2.872688   2.872924     2.4364     2.3969      8.127     0.0166     1.9245 1.0790e-01     0.0800    98.0200     6.9762     7.2770    33.6234    33.6310    26.9512    26.9576    7.95235 0.0000e+00
       9600    141.701     0.7911     0.8095   2.872518   2.874319     2.4356     2.3973      8.127     0.0117     1.5692 1.0802e-01     0.0800    98.0200     6.9734     7.2794    33.6253    33.6286    26.9529    26.9545    7.95304 0.0000e+00
       9603    141.777     0.7841     0.8204   2.871894   2.874598     2.4351     2.3969      8.127     0.0117     1.4902 1.0790e-01     0.0804    98.0113     6.9739     7.2807    33.6248    33.6204    26.9529    26.9472    7.95453 0.0000e+00
       9606    141.862     0.7739     0.8175   2.871142   2.874369     2.4351     2.3969      8.127     0.0117     1.4902 1.0815e-01     0.0768    98.0982     6.9769     7.2850    33.6261    33.6205    26.9547    26.9475    7.95660 0.0000e+00
       9609    141.949     0.7653     0.8165   2.870959   2.874321     2.4347     2.3969      8.127     0.0166     1.5297 1.0802e-01     0.0768    98.0982     6.9782     7.2887    33.6330    33.6210    26.9607    26.9479    7.95801 0.0000e+00
       9612    142.041     0.7599     0.8070   2.870638   2.873570     2.4351     2.3969      8.127     0.0117     1.4902 1.0802e-01     0.0768    98.0982     6.9843     7.2933    33.6347    33.6215    26.9624    26.9489    7.95906 0.0000e+00
       9615    142.131     0.7504     0.8009   2.869922   2.873350     2.4347     2.3969      8.127     0.0117     1.5692 1.0790e-01     0.0768    98.0982     6.9871     7.2978    33.6356    33.6253    26.9637    26.9523    7.96098 0.0000e+00
       9618    142.221     0.7396     0.7951   2.869423   2.873097     2.4351     2.3969      8.127     0.0117     1.5692 1.0802e-01     0.0768    98.0982     6.9922     7.3015    33.6408    33.6282    26.9685    26.9550    7.96295 0.0000e+00
       9621    142.316     0.7320     0.7881   2.869212   2.872605     2.4347     2.3973      8.127     0.0117     1.5692 1.0802e-01     0.0768    98.0982     6.9944     7.3066    33.6464    33.6293    26.9734    26.9564    7.96425 0.0000e+00
       9624    142.413     0.7274     0.7818   2.869190   2.872399     2.4339     2.3969      8.127    -0.0029     1.5297 1.0790e-01     0.0761    98.1156     6.9955     7.3078    33.6510    33.6335    26.9774    26.9601    7.96495 0.0000e+00
       9627    142.506     0.7252     0.7784   2.869198   2.872304     2.4335     2.3969      8.127     0.0020     1.6876 1.0802e-01     0.0740    98.1677     6.9969     7.3108    33.6534    33.6359    26.9795    26.9622    7.96529 0.0000e+00
       9630    142.601     0.7240     0.7756   2.869247   2.871970     2.4339     2.3973      8.127    -0.0029     1.6876 1.0790e-01     0.0736    98.1764     6.9995     7.3155    33.6552    33.6345    26.9811    26.9613    7.96543 0.0000e+00
       9633    142.699     0.7235     0.7547   2.869234   2.870575     2.4343     2.3973      8.127    -0.0029     1.6876 1.0790e-01     0.0736    98.1764     7.0025     7.3217    33.6556    33.6392    26.9813    26.9663    7.96552 0.0000e+00
       9636    142.794     0.7230     0.7340   2.869257   2.869878     2.4347     2.3973      8.127     0.0020     1.6481 1.0802e-01     0.0747    98.1503     7.0055     7.3255    33.6564    33.6525    26.9821    26.9782    7.96559 0.0000e+00
       9639    142.891     0.7229     0.7262   2.869320   2.869603     2.4343     2.3973      8.127    -0.0029     1.6876 1.0802e-01     0.0736    98.1764     7.0055     7.3280    33.6572    33.6573    26.9827    26.9826    7.96555 0.0000e+00
       9642    142.990     0.7229     0.7232   2.869329   2.869492     2.4347     2.3969      8.127    -0.0029     1.6876 1.0790e-01     0.0743    98.1590     7.0076     7.3276    33.6573    33.6591    26.9828    26.9842    7.96555 0.0000e+00
       9645    143.089     0.7227     0.7228   2.869278   2.869463     2.4347     2.3973      8.127     0.0068     1.6876 1.0790e-01     0.0747    98.1503     7.0092     7.3280    33.6568    33.6592    26.9824    26.9843    7.96562 0.0000e+00
       9648    143.190     0.7219     0.7225   2.869153   2.869436     2.4347     2.3977      8.127     0.0020     1.6481 1.0815e-01     0.0747    98.1503     7.0086     7.3322    33.6560    33.6590    26.9818    26.9842    7.96583 0.0000e+00
       9651    143.291     0.7212     0.7219   2.869147   2.869379     2.4351     2.3977      8.127     0.0117     1.7271 1.0802e-01     0.0747    98.1503     7.0080     7.3329    33.6566    33.6589    26.9823    26.9842    7.96594 0.0000e+00
       9654    143.390     0.7209     0.7203   2.869134   2.869277     2.4347     2.3981      8.127     0.0117     1.8060 1.0790e-01     0.0747    98.1503     7.0051     7.3342    33.6568    33.6592    26.9825    26.9845    7.96601 0.0000e+00
       9657    143.491     0.7206     0.7193   2.869096   2.869216     2.4347     2.3981      8.127     0.0117     1.8060 1.0790e-01     0.0747    98.1503     7.0028     7.3357    33.6565    33.6595    26.9823    26.9847    7.96608 0.0000e+00
       9660    143.594     0.7202     0.7190   2.869075   2.869238     2.4351     2.3977      8.127     0.0117     1.8060 1.0790e-01     0.0747    98.1503     7.0038     7.3350    33.6566    33.6600    26.9824    26.9852    7.96616 0.0000e+00
       9663    143.697     0.7201     0.7188   2.869086   2.869209     2.4347     2.3981      8.127     0.0068     1.8060 1.0802e-01     0.0747    98.1503     7.0020     7.3388    33.6567    33.6598    26.9825    26.9850    7.96616 0.0000e+00
       9666    143.804     0.7203     0.7183   2.869138   2.869105     2.4347     2.3981      8.127     0.0117     1.7271 1.0790e-01     0.0747    98.1503     7.0022     7.3400    33.6572    33.6590    26.9829    26.9843    7.96611 0.0000e+00
