Datasets/AZMP/COO001/79001124.cnv
* Sea-Bird SBE 9 Data File:
* FileName = C:\CTDDATA\79001124.hex
* Software Version Seasave V 7.26.7.110
* Temperature SN = 5660
* Conductivity SN = 3698
* Number of Bytes Per Scan = 30
* Number of Voltage Words = 4
* Number of Scans Averaged by the Deck Unit = 1
* NMEA baud rate = 9600
** VESSEL/TRIP/SEQ STN:  79001124
** LATITUDE XX XX.XX N:  47 00.00 N
** LONGITUDE XX XX.XX W:  52 42.30 W
** SOUNDING DEPTH (M):  0192
** PROBE TYPE: S1257
** CTD NUMBER: 084
** COMMENTS (14 CHAR): FC-02
** BOTTLES:  12
** LEVELS: 5,5,10,20,20,30,40,50,75,100,150,BTM
** STICKERS: 435664 - 435675
** VNET: Y
** DO2: N
# nquan = 22
# nvalues = 5332                        
# units = specified
# name 0 = scan: Scan Count
# name 1 = prDM: Pressure, Digiquartz [db]
# name 2 = t090C: Temperature [ITS-90, deg C]
# name 3 = t190C: Temperature, 2 [ITS-90, deg C]
# name 4 = c0S/m: Conductivity [S/m]
# name 5 = c1S/m: Conductivity, 2 [S/m]
# name 6 = sbeox0V: Oxygen raw, SBE 43 [V]
# name 7 = sbeox1V: Oxygen raw, SBE 43, 2 [V]
# name 8 = ph: pH
# name 9 = flECO-AFL: Fluorescence, WET Labs ECO-AFL/FL [mg/m^3]
# name 10 = wetCDOM: Fluorescence, WET Labs CDOM [mg/m^3]
# name 11 = par/sat/log: PAR/Logarithmic, Satlantic [umol photons/m^2/sec]
# name 12 = CStarAt0: Beam Attenuation, WET Labs C-Star [1/m]
# name 13 = CStarTr0: Beam Transmission, WET Labs C-Star [%]
# name 14 = sbeox0ML/L: Oxygen, SBE 43 [ml/l], WS = 2
# name 15 = sbeox1ML/L: Oxygen, SBE 43, 2 [ml/l], WS = 2
# name 16 = sal00: Salinity, Practical [PSU]
# name 17 = sal11: Salinity, Practical, 2 [PSU]
# name 18 = sigma-t00: Density [sigma-t, kg/m^3 ]
# name 19 = sigma-t11: Density, 2 [sigma-t, kg/m^3 ]
# name 20 = oxsatML/L: Oxygen Saturation, Weiss [ml/l]
# name 21 = flag: flag
# span 0 =         73,      49925       
# span 1 =      1.294,    182.339       
# span 2 =    -0.9135,     2.3933       
# span 3 =    -0.9158,     2.3928       
# span 4 =   2.662345,   2.884894       
# span 5 =   2.661470,   2.885046       
# span 6 =     2.3470,     2.7574       
# span 7 =     2.3197,     2.7289       
# span 8 =      8.039,      8.175       
# span 9 =     0.0068,     1.1985       
# span 10 =     0.9770,     2.1614      
# span 11 = 1.0617e-01, 5.1210e-01      
# span 12 =     0.0563,     0.1584      
# span 13 =    96.1169,    98.6022      
# span 14 =     6.9480,     7.8022      
# span 15 =     7.2845,     8.1816      
# span 16 =    32.1725,    33.2427      
# span 17 =    32.1756,    33.2405      
# span 18 =    25.6785,    26.7018      
# span 19 =    25.6804,    26.6993      
# span 20 =    7.70565,    8.37332      
# span 21 = 0.0000e+00, 0.0000e+00      
# interval = scans: 3                   
# start_time = Dec 08 2019 20:38:11 [System UTC, header]
# bad_flag = -9.990e-29
*END*
[from data line 5005]
      40775     18.336     2.3728     2.3728   2.883243   2.883397     2.7500     2.7171      8.174     0.9251     1.8060 1.0790e-01     0.1515    96.2820     7.7138     8.1229    32.1745    32.1765    25.6808    25.6823    7.70965 0.0000e+00
      40778     18.300     2.3730     2.3729   2.883229   2.883392     2.7504     2.7175      8.174     0.9251     1.8060 1.0790e-01     0.1515    96.2820     7.7152     8.1264    32.1742    32.1763    25.6805    25.6822    7.70964 0.0000e+00
      40813     18.271     2.3726     2.3722   2.883226   2.883358     2.7500     2.7187      8.174     0.9397     1.8060 1.0790e-01     0.1476    96.3776     7.7157     8.1189    32.1746    32.1766    25.6808    25.6825    7.70969 0.0000e+00
      40879     18.222     2.3724     2.3706   2.883233   2.883279     2.7508     2.7211      8.174     0.9641     1.8060 1.0790e-01     0.1476    96.3776     7.7209     8.1009    32.1749    32.1773    25.6811    25.6832    7.70972 0.0000e+00
      40882     18.162     2.3723     2.3709   2.883193   2.883271     2.7517     2.7203      8.174     0.9690     1.8060 1.0790e-01     0.1476    96.3776     7.7256     8.1001    32.1746    32.1769    25.6808    25.6828    7.70976 0.0000e+00
      40885     18.099     2.3723     2.3709   2.883195   2.883270     2.7517     2.7199      8.174     0.9690     1.8060 1.0790e-01     0.1476    96.3776     7.7281     8.1017    32.1746    32.1769    25.6809    25.6828    7.70976 0.0000e+00
      40888     18.033     2.3720     2.3713   2.883162   2.883304     2.7517     2.7199      8.174     0.9690     1.8060 1.0790e-01     0.1476    96.3776     7.7283     8.1034    32.1745    32.1769    25.6808    25.6828    7.70981 0.0000e+00
      40891     17.967     2.3720     2.3718   2.883198   2.883316     2.7504     2.7199      8.174     0.9690     1.7665 1.0790e-01     0.1476    96.3776     7.7241     8.1090    32.1750    32.1767    25.6812    25.6826    7.70979 0.0000e+00
      40894     17.903     2.3721     2.3724   2.883200   2.883360     2.7517     2.7199      8.174     0.9690     1.6876 1.0790e-01     0.1480    96.3689     7.7278     8.1134    32.1750    32.1767    25.6812    25.6825    7.70977 0.0000e+00
      40897     17.842     2.3722     2.3727   2.883207   2.883363     2.7517     2.7199      8.174     0.9739     1.6876 1.0790e-01     0.1480    96.3689     7.7279     8.1172    32.1750    32.1764    25.6812    25.6822    7.70975 0.0000e+00
      40900     17.773     2.3726     2.3726   2.883239   2.883321     2.7521     2.7199      8.174     0.9397     1.6876 1.0790e-01     0.1480    96.3689     7.7304     8.1206    32.1751    32.1760    25.6812    25.6820    7.70968 0.0000e+00
      40903     17.706     2.3728     2.3724   2.883208   2.883303     2.7521     2.7203      8.174     0.9251     1.6876 1.0790e-01     0.1490    96.3428     7.7306     8.1253    32.1745    32.1760    25.6807    25.6820    7.70966 0.0000e+00
      40906     17.643     2.3729     2.3722   2.883214   2.883309     2.7537     2.7211      8.174     0.9299     1.6876 1.0790e-01     0.1487    96.3515     7.7340     8.1321    32.1745    32.1763    25.6807    25.6822    7.70965 0.0000e+00
      40909     17.579     2.3728     2.3721   2.883185   2.883302     2.7529     2.7207      8.174     0.9202     1.6876 1.0790e-01     0.1487    96.3515     7.7312     8.1312    32.1742    32.1764    25.6805    25.6823    7.70967 0.0000e+00
      40912     17.520     2.3727     2.3723   2.883198   2.883318     2.7529     2.7207      8.174     0.9202     1.6876 1.0790e-01     0.1487    96.3515     7.7315     8.1322    32.1746    32.1764    25.6808    25.6823    7.70968 0.0000e+00
      40915     17.460     2.3727     2.3723   2.883174   2.883318     2.7529     2.7207      8.174     0.9202     1.6876 1.0790e-01     0.1487    96.3515     7.7299     8.1332    32.1743    32.1764    25.6806    25.6823    7.70970 0.0000e+00
      40918     17.405     2.3727     2.3725   2.883169   2.883322     2.7529     2.7211      8.174     0.9299     1.6876 1.0790e-01     0.1494    96.3342     7.7281     8.1354    32.1743    32.1763    25.6806    25.6822    7.70969 0.0000e+00
      40921     17.349     2.3725     2.3726   2.883184   2.883344     2.7533     2.7211      8.174     0.9202     1.6876 1.0790e-01     0.1487    96.3515     7.7271     8.1341    32.1747    32.1766    25.6809    25.6824    7.70971 0.0000e+00
      40924     17.294     2.3726     2.3728   2.883192   2.883357     2.7541     2.7211      8.174     0.9202     1.6876 1.0790e-01     0.1487    96.3515     7.7295     8.1313    32.1747    32.1765    25.6809    25.6823    7.70969 0.0000e+00
      40927     17.244     2.3726     2.3731   2.883188   2.883356     2.7525     2.7215      8.174     0.9251     1.6876 1.0790e-01     0.1487    96.3515     7.7228     8.1294    32.1746    32.1762    25.6809    25.6821    7.70969 0.0000e+00
      40930     17.191     2.3725     2.3730   2.883168   2.883358     2.7529     2.7211      8.174     0.9299     1.6876 1.0790e-01     0.1487    96.3515     7.7236     8.1262    32.1745    32.1763    25.6808    25.6822    7.70971 0.0000e+00
      40933     17.142     2.3724     2.3729   2.883133   2.883353     2.7533     2.7215      8.174     0.9251     1.6876 1.0790e-01     0.1487    96.3515     7.7254     8.1285    32.1742    32.1764    25.6805    25.6823    7.70975 0.0000e+00
      40936     17.092     2.3723     2.3730   2.883158   2.883340     2.7537     2.7219      8.174     0.9202     1.6876 1.0790e-01     0.1487    96.3515     7.7261     8.1267    32.1747    32.1763    25.6809    25.6821    7.70974 0.0000e+00
      40939     17.046     2.3724     2.3729   2.883150   2.883349     2.7533     2.7219      8.174     0.9251     1.6876 1.0790e-01     0.1487    96.3515     7.7235     8.1238    32.1745    32.1765    25.6808    25.6823    7.70974 0.0000e+00
      40942     17.000     2.3725     2.3727   2.883141   2.883335     2.7537     2.7223      8.174     0.9202     1.6876 1.0790e-01     0.1480    96.3689     7.7233     8.1223    32.1743    32.1765    25.6806    25.6823    7.70972 0.0000e+00
      40945     16.952     2.3724     2.3728   2.883156   2.883322     2.7533     2.7215      8.174     0.9299     1.7271 1.0790e-01     0.1476    96.3776     7.7210     8.1171    32.1746    32.1763    25.6808    25.6822    7.70973 0.0000e+00
      40948     16.904     2.3726     2.3728   2.883164   2.883305     2.7537     2.7215      8.174     0.9251     1.8060 1.0790e-01     0.1476    96.3776     7.7235     8.1148    32.1745    32.1762    25.6808    25.6820    7.70969 0.0000e+00
      40951     16.857     2.3728     2.3726   2.883188   2.883318     2.7541     2.7215      8.174     0.9202     1.8060 1.0790e-01     0.1476    96.3776     7.7259     8.1130    32.1746    32.1765    25.6809    25.6823    7.70965 0.0000e+00
      40954     16.808     2.3728     2.3727   2.883165   2.883303     2.7533     2.7215      8.174     0.8958     1.8060 1.0790e-01     0.1476    96.3776     7.7217     8.1138    32.1744    32.1762    25.6807    25.6821    7.70966 0.0000e+00
      40957     16.760     2.3728     2.3726   2.883155   2.883291     2.7537     2.7219      8.174     0.8958     1.8060 1.0790e-01     0.1476    96.3776     7.7215     8.1152    32.1743    32.1762    25.6806    25.6821    7.70967 0.0000e+00
      40960     16.707     2.3726     2.3723   2.883162   2.883281     2.7533     2.7211      8.174     0.8909     1.8060 1.0790e-01     0.1476    96.3776     7.7200     8.1124    32.1747    32.1764    25.6809    25.6823    7.70970 0.0000e+00
      40963     16.653     2.3727     2.3724   2.883166   2.883271     2.7529     2.7211      8.174     0.9006     1.8060 1.0790e-01     0.1469    96.3950     7.7192     8.1127    32.1747    32.1762    25.6809    25.6822    7.70968 0.0000e+00
      40966     16.599     2.3729     2.3725   2.883184   2.883279     2.7529     2.7211      8.174     0.8909     1.8060 1.0790e-01     0.1465    96.4037     7.7204     8.1137    32.1746    32.1763    25.6808    25.6822    7.70963 0.0000e+00
      40969     16.545     2.3731     2.3723   2.883179   2.883291     2.7537     2.7211      8.174     0.9006     1.8060 1.0790e-01     0.1465    96.4037     7.7235     8.1162    32.1744    32.1766    25.6806    25.6824    7.70961 0.0000e+00
      40972     16.488     2.3731     2.3725   2.883165   2.883298     2.7537     2.7211      8.174     0.8958     1.8060 1.0790e-01     0.1465    96.4037     7.7246     8.1159    32.1743    32.1766    25.6805    25.6824    7.70961 0.0000e+00
      40975     16.433     2.3731     2.3728   2.883148   2.883310     2.7537     2.7215      8.174     0.8909     1.8060 1.0790e-01     0.1465    96.4037     7.7242     8.1169    32.1741    32.1765    25.6804    25.6823    7.70962 0.0000e+00
      40978     16.374     2.3731     2.3729   2.883159   2.883313     2.7533     2.7219      8.174     0.9153     1.8060 1.0790e-01     0.1465    96.4037     7.7225     8.1175    32.1743    32.1763    25.6805    25.6822    7.70961 0.0000e+00
      40981     16.313     2.3732     2.3728   2.883190   2.883272     2.7533     2.7219      8.175     0.9397     1.8060 1.0790e-01     0.1465    96.4037     7.7209     8.1174    32.1746    32.1760    25.6808    25.6819    7.70958 0.0000e+00
      40984     16.253     2.3732     2.3722   2.883171   2.883248     2.7533     2.7211      8.174     0.9348     1.8060 1.0790e-01     0.1465    96.4037     7.7208     8.1137    32.1744    32.1764    25.6807    25.6823    7.70959 0.0000e+00
      40987     16.191     2.3733     2.3719   2.883185   2.883226     2.7541     2.7211      8.174     0.9397     1.8060 1.0790e-01     0.1465    96.4037     7.7230     8.1126    32.1745    32.1764    25.6807    25.6823    7.70956 0.0000e+00
      40990     16.133     2.3733     2.3720   2.883153   2.883283     2.7541     2.7215      8.174     0.9397     1.8060 1.0790e-01     0.1465    96.4037     7.7217     8.1102    32.1742    32.1770    25.6804    25.6828    7.70959 0.0000e+00
      40993     16.074     2.3732     2.3724   2.883173   2.883328     2.7541     2.7215      8.174     0.9397     1.8060 1.0790e-01     0.1465    96.4037     7.7213     8.1063    32.1745    32.1773    25.6807    25.6829    7.70958 0.0000e+00
      40996     16.010     2.3733     2.3724   2.883160   2.883329     2.7541     2.7211      8.174     0.9348     1.8060 1.0790e-01     0.1465    96.4037     7.7225     8.1015    32.1742    32.1773    25.6805    25.6829    7.70957 0.0000e+00
      40999     15.950     2.3734     2.3727   2.883167   2.883346     2.7529     2.7211      8.174     0.9397     1.8060 1.0790e-01     0.1469    96.3950     7.7197     8.1009    32.1743    32.1772    25.6805    25.6829    7.70956 0.0000e+00
      41002     15.890     2.3734     2.3728   2.883187   2.883343     2.7529     2.7211      8.174     0.9397     1.8060 1.0790e-01     0.1461    96.4124     7.7194     8.1025    32.1746    32.1771    25.6807    25.6828    7.70954 0.0000e+00
      41005     15.829     2.3737     2.3730   2.883168   2.883371     2.7529     2.7203      8.174     0.9592     1.8060 1.0790e-01     0.1450    96.4384     7.7199     8.1027    32.1741    32.1773    25.6803    25.6829    7.70951 0.0000e+00
      41008     15.770     2.3737     2.3731   2.883185   2.883343     2.7533     2.7211      8.174     0.9837     1.8060 1.0790e-01     0.1450    96.4384     7.7217     8.1079    32.1744    32.1769    25.6805    25.6826    7.70950 0.0000e+00
      41011     15.714     2.3737     2.3730   2.883203   2.883361     2.7533     2.7207      8.174     0.9788     1.8060 1.0790e-01     0.1454    96.4297     7.7233     8.1055    32.1746    32.1772    25.6807    25.6829    7.70948 0.0000e+00
      41014     15.662     2.3737     2.3731   2.883187   2.883379     2.7537     2.7199      8.174     0.9837     1.8060 1.0790e-01     0.1450    96.4384     7.7259     8.1027    32.1744    32.1774    25.6806    25.6830    7.70949 0.0000e+00
      41017     15.608     2.3737     2.3732   2.883189   2.883356     2.7537     2.7199      8.174     0.9837     1.8060 1.0790e-01     0.1454    96.4297     7.7273     8.1041    32.1745    32.1771    25.6807    25.6827    7.70949 0.0000e+00
      41020     15.558     2.3737     2.3731   2.883185   2.883356     2.7541     2.7199      8.174     0.9837     1.8060 1.0790e-01     0.1454    96.4297     7.7301     8.1048    32.1744    32.1771    25.6806    25.6828    7.70949 0.0000e+00
      41023     15.511     2.3737     2.3732   2.883187   2.883345     2.7541     2.7211      8.174     0.9885     1.8060 1.0790e-01     0.1476    96.3776     7.7324     8.1103    32.1745    32.1770    25.6807    25.6827    7.70949 0.0000e+00
      41026     15.471     2.3737     2.3728   2.883187   2.883310     2.7533     2.7207      8.174     0.9837     1.8060 1.0790e-01     0.1483    96.3602     7.7291     8.1114    32.1745    32.1769    25.6807    25.6827    7.70949 0.0000e+00
      41029     15.433     2.3738     2.3728   2.883187   2.883328     2.7549     2.7211      8.174     0.9837     1.8060 1.0790e-01     0.1476    96.3776     7.7347     8.1159    32.1745    32.1772    25.6806    25.6829    7.70947 0.0000e+00
      41032     15.397     2.3737     2.3728   2.883183   2.883317     2.7541     2.7203      8.174     1.0178     1.8060 1.0790e-01     0.1487    96.3515     7.7316     8.1116    32.1745    32.1770    25.6806    25.6828    7.70948 0.0000e+00
      41035     15.366     2.3737     2.3729   2.883187   2.883314     2.7549     2.7203      8.174     1.0178     1.8060 1.0790e-01     0.1483    96.3602     7.7344     8.1122    32.1745    32.1769    25.6807    25.6826    7.70947 0.0000e+00
      41057     15.278     2.3735     2.3729   2.883159   2.883313     2.7545     2.7207      8.174     1.0032     1.8850 1.0790e-01     0.1508    96.2994     7.7274     8.1184    32.1744    32.1770    25.6806    25.6827    7.70952 0.0000e+00
      41094     15.152     2.3729     2.3731   2.883124   2.883307     2.7557     2.7211      8.174     0.9641     2.0429 1.0790e-01     0.1465    96.4037     7.7226     8.1338    32.1747    32.1768    25.6809    25.6826    7.70963 0.0000e+00
      41097     15.125     2.3729     2.3731   2.883120   2.883311     2.7553     2.7219      8.174     0.9690     2.0429 1.0790e-01     0.1465    96.4037     7.7205     8.1347    32.1747    32.1769    25.6809    25.6826    7.70963 0.0000e+00
      41100     15.093     2.3730     2.3732   2.883142   2.883289     2.7557     2.7219      8.174     0.9641     2.0034 1.0790e-01     0.1465    96.4037     7.7233     8.1332    32.1748    32.1765    25.6810    25.6823    7.70960 0.0000e+00
      41103     15.059     2.3731     2.3731   2.883140   2.883288     2.7545     2.7223      8.174     0.9592     1.8060 1.0790e-01     0.1461    96.4124     7.7188     8.1338    32.1748    32.1765    25.6809    25.6824    7.70959 0.0000e+00
      41106     15.022     2.3731     2.3731   2.883132   2.883292     2.7553     2.7223      8.174     0.9690     1.8060 1.0790e-01     0.1461    96.4124     7.7200     8.1337    32.1747    32.1766    25.6809    25.6824    7.70960 0.0000e+00
      41109     14.978     2.3731     2.3732   2.883131   2.883296     2.7545     2.7223      8.174     0.9837     1.8060 1.0790e-01     0.1454    96.4297     7.7168     8.1343    32.1747    32.1767    25.6809    25.6824    7.70959 0.0000e+00
      41112     14.931     2.3733     2.3731   2.883115   2.883269     2.7545     2.7223      8.174     1.0178     1.8060 1.0790e-01     0.1454    96.4297     7.7175     8.1352    32.1744    32.1764    25.6805    25.6823    7.70957 0.0000e+00
