Datasets/AZMP/COO001/79001068.cnv
* Sea-Bird SBE 9 Data File:
* FileName = C:\CTDDATA\79001068.hex
* Software Version Seasave V 7.26.7.110
* Temperature SN = 5660
* Conductivity SN = 3698
* Number of Bytes Per Scan = 30
* Number of Voltage Words = 4
* Number of Scans Averaged by the Deck Unit = 1
* NMEA baud rate = 9600
** VESSEL/TRIP/SEQ STN:  79001068
** LATITUDE XX XX.XX N:  48 06.80 N
** LONGITUDE XX XX.XX W:  53 06.00 W
** SOUNDING DEPTH (M):  0189
** PROBE TYPE: S1257
** CTD NUMBER: 035
** COMMENTS (14 CHAR): TB-02
** BOTTLES:  0
** LEVELS:
** STICKERS:
** VNET: N
** DO2: N
# nquan = 22
# nvalues = 4962                        
# units = specified
# name 0 = scan: Scan Count
# name 1 = prDM: Pressure, Digiquartz [db]
# name 2 = t090C: Temperature [ITS-90, deg C]
# name 3 = t190C: Temperature, 2 [ITS-90, deg C]
# name 4 = c0S/m: Conductivity [S/m]
# name 5 = c1S/m: Conductivity, 2 [S/m]
# name 6 = sbeox0V: Oxygen raw, SBE 43 [V]
# name 7 = sbeox1V: Oxygen raw, SBE 43, 2 [V]
# name 8 = ph: pH
# name 9 = flECO-AFL: Fluorescence, WET Labs ECO-AFL/FL [mg/m^3]
# name 10 = wetCDOM: Fluorescence, WET Labs CDOM [mg/m^3]
# name 11 = par/sat/log: PAR/Logarithmic, Satlantic [umol photons/m^2/sec]
# name 12 = CStarAt0: Beam Attenuation, WET Labs C-Star [1/m]
# name 13 = CStarTr0: Beam Transmission, WET Labs C-Star [%]
# name 14 = sbeox0ML/L: Oxygen, SBE 43 [ml/l], WS = 2
# name 15 = sbeox1ML/L: Oxygen, SBE 43, 2 [ml/l], WS = 2
# name 16 = sal00: Salinity, Practical [PSU]
# name 17 = sal11: Salinity, Practical, 2 [PSU]
# name 18 = sigma-t00: Density [sigma-t, kg/m^3 ]
# name 19 = sigma-t11: Density, 2 [sigma-t, kg/m^3 ]
# name 20 = oxsatML/L: Oxygen Saturation, Weiss [ml/l]
# name 21 = flag: flag
# span 0 =          2,      20023       
# span 1 =      0.049,    180.491       
# span 2 =    -0.7463,     4.0607       
# span 3 =    -0.7495,     4.0586       
# span 4 =   2.677592,   2.974489       
# span 5 =   2.677689,   2.974613       
# span 6 =     2.4768,     2.7755       
# span 7 =     2.4344,     2.7307       
# span 8 =      8.031,      8.171       
# span 9 =     0.0068,     0.6271       
# span 10 =    -1.8655,   482.1870      
# span 11 = 1.0592e-01, 2.2132e+00      
# span 12 =     0.0683,     2.2477      
# span 13 =    57.0129,    98.3067      
# span 14 =     6.5450,     7.8633      
# span 15 =     7.3339,     8.2200      
# span 16 =    30.5383,    32.7081      
# span 17 =    31.6010,    32.7102      
# span 18 =    24.2347,    26.2870      
# span 19 =    25.0776,    26.2887      
# span 20 =    7.41837,    8.33774      
# span 21 = 0.0000e+00, 0.0000e+00      
# interval = scans: 3                   
# start_time = Nov 30 2019 22:57:56 [System UTC, header]
# bad_flag = -9.990e-29
*END*
[from data line 3819]
      15424     74.954     2.5158     2.5857   2.892862   2.897270     2.7255     2.6770      8.134     0.1094     1.9245 1.0790e-01     0.0729    98.1938     7.6681     7.9558    32.1182    32.1020    25.6246    25.6062    7.68454 0.0000e+00
      15427     74.892     2.5167     2.5851   2.892842   2.897209     2.7259     2.6770      8.134     0.1045     1.9245 1.0790e-01     0.0729    98.1938     7.6693     7.9530    32.1171    32.1019    25.6237    25.6061    7.68442 0.0000e+00
      15430     74.834     2.5165     2.5850   2.892864   2.897215     2.7246     2.6770      8.134     0.0996     1.9245 1.0790e-01     0.0729    98.1938     7.6653     7.9507    32.1176    32.1021    25.6241    25.6064    7.68444 0.0000e+00
      15433     74.772     2.5203     2.5844   2.893605   2.897151     2.7250     2.6770      8.134     0.0996     1.9245 1.0790e-01     0.0750    98.1416     7.6643     7.9491    32.1229    32.1020    25.6280    25.6063    7.68342 0.0000e+00
      15436     74.714     2.5247     2.5859   2.893585   2.897306     2.7267     2.6766      8.137     0.0996     1.9245 1.0790e-01     0.0768    98.0982     7.6691     7.9450    32.1183    32.1024    25.6240    25.6065    7.68280 0.0000e+00
      15439     74.654     2.5251     2.5866   2.893359   2.897333     2.7259     2.6762      8.136     0.0947     1.9245 1.0790e-01     0.0768    98.0982     7.6653     7.9425    32.1152    32.1020    25.6215    25.6062    7.68289 0.0000e+00
      15442     74.601     2.5237     2.5874   2.893411   2.897395     2.7250     2.6758      8.137     0.0996     1.9245 1.0790e-01     0.0764    98.1069     7.6625     7.9435    32.1172    32.1020    25.6232    25.6061    7.68305 0.0000e+00
      15445     74.546     2.5237     2.5895   2.893384   2.897579     2.7263     2.6758      8.139     0.0996     1.9245 1.0790e-01     0.0768    98.0982     7.6664     7.9454    32.1169    32.1022    25.6230    25.6061    7.68308 0.0000e+00
      15448     74.489     2.5244     2.5929   2.893350   2.897766     2.7263     2.6758      8.139     0.0996     1.9245 1.0790e-01     0.0768    98.0982     7.6654     7.9484    32.1159    32.1011    25.6221    25.6049    7.68299 0.0000e+00
      15451     74.437     2.5243     2.5952   2.893303   2.897827     2.7263     2.6758      8.137     0.1192     1.9245 1.0790e-01     0.0768    98.0982     7.6651     7.9535    32.1154    32.0996    25.6217    25.6035    7.68304 0.0000e+00
      15454     74.386     2.5239     2.5959   2.893072   2.897839     2.7271     2.6758      8.134     0.1436     1.9245 1.0790e-01     0.0740    98.1677     7.6683     7.9603    32.1130    32.0990    25.6198    25.6030    7.68324 0.0000e+00
      15457     74.336     2.5215     2.5953   2.892973   2.897702     2.7263     2.6754      8.139     0.1436     1.9245 1.0790e-01     0.0726    98.2025     7.6628     7.9670    32.1142    32.0980    25.6210    25.6022    7.68363 0.0000e+00
      15460     74.288     2.5197     2.5929   2.892712   2.897559     2.7271     2.6745      8.137     0.1485     1.9245 1.0790e-01     0.0726    98.2025     7.6652     7.9748    32.1128    32.0987    25.6200    25.6029    7.68406 0.0000e+00
      15463     74.239     2.5155     2.5927   2.892234   2.897614     2.7259     2.6745      8.136     0.1485     1.9245 1.0790e-01     0.0726    98.2025     7.6615     7.9847    32.1112    32.0996    25.6191    25.6037    7.68497 0.0000e+00
      15466     74.195     2.5105     2.5942   2.891813   2.897752     2.7275     2.6754      8.134     0.1436     1.9245 1.0790e-01     0.0726    98.2025     7.6661     7.9929    32.1112    32.0998    25.6194    25.6038    7.68595 0.0000e+00
      15469     74.149     2.4985     2.5954   2.890077   2.897738     2.7263     2.6749      8.135     0.1436     1.9245 1.0790e-01     0.0726    98.2025     7.6621     7.9975    32.1020    32.0984    25.6130    25.6026    7.68878 0.0000e+00
      15472     74.110     2.4632     2.5947   2.886044   2.897699     2.7271     2.6758      8.137     0.1534     1.9245 1.0790e-01     0.0733    98.1851     7.6706     8.0056    32.0880    32.0987    25.6046    25.6028    7.69640 0.0000e+00
      15475     74.071     2.4266     2.5943   2.884279   2.897695     2.7263     2.6770      8.135     0.1387     1.9245 1.0790e-01     0.0726    98.2025     7.6735     8.0136    32.1032    32.0991    25.6196    25.6032    7.70279 0.0000e+00
      15478     74.037     2.4076     2.5938   2.884623   2.897566     2.7271     2.6770      8.135     0.1583     1.9245 1.0790e-01     0.0726    98.2025     7.6797     8.0156    32.1265    32.0980    25.6396    25.6024    7.70530 0.0000e+00
      15481     74.007     2.3990     2.5917   2.884591   2.897407     2.7263     2.6778      8.135     0.1583     1.9245 1.0790e-01     0.0726    98.2025     7.6783     8.0216    32.1349    32.0981    25.6470    25.6026    7.70657 0.0000e+00
      15484     73.981     2.3938     2.5892   2.884841   2.897301     2.7263     2.6786      8.135     0.1632     1.9245 1.0790e-01     0.0726    98.2025     7.6780     8.0240    32.1431    32.0994    25.6540    25.6038    7.70715 0.0000e+00
      15487     73.957     2.4003     2.5883   2.886284   2.897191     2.7263     2.6786      8.135     0.1583     1.9245 1.0790e-01     0.0726    98.2025     7.6754     8.0201    32.1543    32.0990    25.6625    25.6036    7.70530 0.0000e+00
      15491     73.925     2.4167     2.5875   2.886865   2.897061     2.7259     2.6790      8.135     0.1583     1.9245 1.0790e-01     0.0733    98.1851     7.6718     8.0143    32.1450    32.0982    25.6538    25.6030    7.70257 0.0000e+00
      15546     73.807     2.5180     2.5839   2.891891   2.896986     2.7259     2.6794      8.134     0.1485     2.0429 1.0790e-01     0.0736    98.1764     7.6511     7.9702    32.1048    32.1010    25.6138    25.6055    7.68482 0.0000e+00
      15549     73.781     2.5105     2.5827   2.891733   2.896907     2.7255     2.6794      8.134     0.1436     2.0429 1.0790e-01     0.0736    98.1764     7.6523     7.9718    32.1104    32.1013    25.6188    25.6058    7.68599 0.0000e+00
      15552     73.756     2.5057     2.5820   2.891494   2.896898     2.7250     2.6794      8.136     0.1485     2.0429 1.0790e-01     0.0736    98.1764     7.6531     7.9694    32.1123    32.1018    25.6207    25.6064    7.68683 0.0000e+00
      15555     73.722     2.5019     2.5821   2.891563   2.896944     2.7259     2.6794      8.134     0.1436     2.0429 1.0802e-01     0.0736    98.1764     7.6579     7.9677    32.1170    32.1023    25.6248    25.6067    7.68733 0.0000e+00
      15558     73.682     2.5037     2.5841   2.892109   2.896990     2.7255     2.6794      8.134     0.1436     1.9245 1.0790e-01     0.0736    98.1764     7.6571     7.9655    32.1219    32.1009    25.6285    25.6054    7.68672 0.0000e+00
      15561     73.638     2.5071     2.5845   2.892256   2.896963     2.7255     2.6794      8.134     0.1436     1.9245 1.0790e-01     0.0736    98.1764     7.6596     7.9670    32.1202    32.1001    25.6270    25.6048    7.68614 0.0000e+00
      15564     73.587     2.5067     2.5847   2.891991   2.896942     2.7246     2.6794      8.134     0.1387     1.9245 1.0790e-01     0.0736    98.1764     7.6600     7.9680    32.1175    32.0998    25.6248    25.6045    7.68637 0.0000e+00
      15567     73.530     2.5027     2.5843   2.891435   2.896954     2.7242     2.6790      8.134     0.1485     1.9245 1.0790e-01     0.0736    98.1764     7.6637     7.9692    32.1147    32.1003    25.6228    25.6049    7.68729 0.0000e+00
      15570     73.468     2.4913     2.5835   2.890001   2.896895     2.7250     2.6794      8.136     0.1436     1.9245 1.0790e-01     0.0736    98.1764     7.6744     7.9736    32.1086    32.1005    25.6188    25.6051    7.68983 0.0000e+00
      15573     73.400     2.4833     2.5823   2.889857   2.896817     2.7259     2.6794      8.136     0.1485     1.9245 1.0790e-01     0.0740    98.1677     7.6838     7.9757    32.1150    32.1007    25.6246    25.6054    7.69108 0.0000e+00
      15576     73.327     2.4763     2.5828   2.889322   2.896880     2.7259     2.6782      8.135     0.1436     1.9245 1.0790e-01     0.0740    98.1677     7.6876     7.9728    32.1155    32.1010    25.6255    25.6057    7.69242 0.0000e+00
      15579     73.249     2.4663     2.5841   2.888426   2.896916     2.7263     2.6782      8.135     0.1436     1.9245 1.0790e-01     0.0740    98.1677     7.6931     7.9750    32.1146    32.1002    25.6256    25.6049    7.69443 0.0000e+00
      15582     73.165     2.4584     2.5841   2.888353   2.896942     2.7263     2.6782      8.136     0.1436     1.9245 1.0790e-01     0.0740    98.1677     7.6966     7.9800    32.1216    32.1006    25.6318    25.6052    7.69560 0.0000e+00
      15585     73.078     2.4546     2.5853   2.888266   2.897039     2.7275     2.6786      8.135     0.1436     1.9245 1.0790e-01     0.0740    98.1677     7.7043     7.9844    32.1245    32.1006    25.6344    25.6051    7.69620 0.0000e+00
      15588     72.987     2.4467     2.5847   2.886918   2.896941     2.7275     2.6782      8.135     0.1436     1.9245 1.0790e-01     0.0743    98.1590     7.7082     7.9867    32.1159    32.1001    25.6282    25.6047    7.69819 0.0000e+00
      15591     72.895     2.4340     2.5835   2.886256   2.896850     2.7283     2.6790      8.137     0.1436     1.9245 1.0790e-01     0.0736    98.1764     7.7128     7.9946    32.1206    32.1002    25.6330    25.6049    7.70044 0.0000e+00
      15594     72.795     2.4289     2.5834   2.886698   2.896858     2.7295     2.6794      8.137     0.1436     1.9245 1.0790e-01     0.0740    98.1677     7.7167     8.0001    32.1312    32.1005    25.6418    25.6052    7.70088 0.0000e+00
      15597     72.694     2.4290     2.5803   2.886909   2.896467     2.7295     2.6790      8.135     0.1436     1.9245 1.0790e-01     0.0733    98.1851     7.7161     8.0038    32.1338    32.0988    25.6439    25.6041    7.70074 0.0000e+00
      15600     72.590     2.4325     2.5735   2.887335   2.896063     2.7287     2.6794      8.140     0.1485     1.9245 1.0790e-01     0.0736    98.1764     7.7125     8.0092    32.1355    32.1008    25.6450    25.6062    7.69995 0.0000e+00
      15603     72.480     2.4335     2.5697   2.887048   2.895914     2.7295     2.6794      8.138     0.1485     1.9245 1.0790e-01     0.0736    98.1764     7.7125     8.0097    32.1310    32.1028    25.6413    25.6081    7.70000 0.0000e+00
      15606     72.369     2.4325     2.5648   2.887072   2.895194     2.7295     2.6807      8.135     0.1485     1.9245 1.0790e-01     0.0736    98.1764     7.7109     8.0160    32.1325    32.0990    25.6425    25.6054    7.70012 0.0000e+00
      15609     72.255     2.4390     2.5394   2.888166   2.892905     2.7307     2.6794      8.137     0.1339     1.9245 1.0790e-01     0.0736    98.1764     7.7121     8.0169    32.1394    32.0965    25.6476    25.6054    7.69849 0.0000e+00
      15612     72.138     2.4458     2.5124   2.888406   2.891769     2.7311     2.6803      8.140     0.1339     1.9245 1.0790e-01     0.0736    98.1764     7.7112     8.0256    32.1355    32.1098    25.6439    25.6182    7.69734 0.0000e+00
      15615     72.023     2.4516     2.5041   2.888955   2.891531     2.7311     2.6807      8.138     0.1241     1.9245 1.0790e-01     0.0747    98.1503     7.7087     8.0273    32.1364    32.1153    25.6442    25.6232    7.69616 0.0000e+00
      15618     71.905     2.4648     2.5016   2.890339   2.891960     2.7316     2.6807      8.139     0.1290     1.9245 1.0790e-01     0.0757    98.1243     7.7076     8.0278    32.1402    32.1231    25.6462    25.6297    7.69338 0.0000e+00
      15621     71.787     2.4834     2.5298   2.891970   2.894303     2.7320     2.6807      8.139     0.1339     1.9245 1.0790e-01     0.0757    98.1243     7.7052     8.0212    32.1416    32.1235    25.6459    25.6277    7.68968 0.0000e+00
      15624     71.669     2.4937     2.5527   2.891134   2.895268     2.7324     2.6807      8.139     0.1290     1.9245 1.0790e-01     0.0757    98.1243     7.7041     8.0143    32.1210    32.1124    25.6286    25.6171    7.68872 0.0000e+00
      15627     71.551     2.4897     2.5689   2.890292   2.896335     2.7311     2.6811      8.138     0.1339     1.9245 1.0790e-01     0.0757    98.1243     7.6986     8.0094    32.1148    32.1093    25.6239    25.6133    7.68982 0.0000e+00
      15630     71.435     2.4893     2.5844   2.890896   2.897092     2.7328     2.6815      8.138     0.1290     1.9245 1.0790e-01     0.0757    98.1243     7.7022     8.0045    32.1226    32.1030    25.6303    25.6071    7.68949 0.0000e+00
      15633     71.321     2.4950     2.6029   2.891643   2.898642     2.7328     2.6815      8.138     0.1290     1.9245 1.0790e-01     0.0757    98.1243     7.6986     7.9970    32.1262    32.1035    25.6327    25.6060    7.68820 0.0000e+00
      15636     71.209     2.5065     2.6328   2.893010   2.900768     2.7332     2.6819      8.139     0.1583     1.9245 1.0790e-01     0.0747    98.1503     7.6953     7.9860    32.1314    32.0996    25.6359    25.6005    7.68568 0.0000e+00
      15639     71.099     2.5306     2.6641   2.895226   2.902289     2.7332     2.6819      8.139     0.1436     1.9245 1.0790e-01     0.0736    98.1764     7.6884     7.9754    32.1344    32.0868    25.6364    25.5878    7.68082 0.0000e+00
      15642     70.991     2.5539     2.6819   2.896425   2.902889     2.7344     2.6819      8.139     0.1485     1.9245 1.0790e-01     0.0736    98.1764     7.6868     7.9685    32.1258    32.0763    25.6277    25.5780    7.67673 0.0000e+00
      15645     70.885     2.5678     2.6892   2.896119   2.903236     2.7332     2.6819      8.139     0.1436     1.9245 1.0790e-01     0.0736    98.1764     7.6794     7.9638    32.1081    32.0733    25.6124    25.5750    7.67492 0.0000e+00
      15648     70.784     2.5718     2.6994   2.896375   2.904094     2.7336     2.6819      8.139     0.1436     1.9245 1.0790e-01     0.0736    98.1764     7.6779     7.9586    32.1073    32.0736    25.6115    25.5744    7.67419 0.0000e+00
      15651     70.685     2.5808     2.7118   2.896949   2.904842     2.7336     2.6815      8.139     0.1485     1.9245 1.0790e-01     0.0736    98.1764     7.6744     7.9532    32.1053    32.0704    25.6092    25.5709    7.67254 0.0000e+00
      15654     70.590     2.5854     2.7217   2.897026   2.905321     2.7344     2.6811      8.139     0.1485     1.9245 1.0790e-01     0.0740    98.1677     7.6715     7.9508    32.1017    32.0664    25.6059    25.5669    7.67182 0.0000e+00
      15657     70.501     2.5903     2.7282   2.897610   2.905668     2.7336     2.6811      8.139     0.1436     1.9245 1.0790e-01     0.0747    98.1503     7.6665     7.9512    32.1039    32.0641    25.6073    25.5645    7.67075 0.0000e+00
      15660     70.412     2.5989     2.7337   2.898401   2.905967     2.7340     2.6807      8.139     0.1387     1.9245 1.0790e-01     0.0750    98.1416     7.6640     7.9509    32.1050    32.0624    25.6075    25.5627    7.66902 0.0000e+00
      15663     70.328     2.6050     2.7372   2.898165   2.906141     2.7336     2.6807      8.139     0.1290     1.9245 1.0790e-01     0.0750    98.1416     7.6611     7.9533    32.0960    32.0610    25.5999    25.5612    7.66829 0.0000e+00
      15666     70.246     2.6078     2.7399   2.898104   2.906271     2.7344     2.6807      8.139     0.1339     1.9245 1.0790e-01     0.0750    98.1416     7.6638     7.9562    32.0925    32.0599    25.5968    25.5602    7.66793 0.0000e+00
      15669     70.169     2.6093     2.7414   2.898292   2.906291     2.7340     2.6811      8.139     0.1290     1.9245 1.0790e-01     0.0750    98.1416     7.6634     7.9600    32.0933    32.0587    25.5974    25.5592    7.66759 0.0000e+00
