Datasets/AZMP/COO001/79001026.cnv
* Sea-Bird SBE 9 Data File:
* FileName = C:\CTDDATA\79001026.hex
* Software Version Seasave V 7.26.7.110
* Temperature SN = 5660
* Conductivity SN = 3698
* Number of Bytes Per Scan = 30
* Number of Voltage Words = 4
* Number of Scans Averaged by the Deck Unit = 1
* NMEA baud rate = 9600
** VESSEL/TRIP/SEQ STN:  79001026
** LATITUDE XX XX.XX N:  45 05.70 N
** LONGITUDE XX XX.XX W:  51 42.00 W
** SOUNDING DEPTH (M):  0074
** PROBE TYPE: S1257
** CTD NUMBER: 013
** COMMENTS (14 CHAR): SEGB-08
** BOTTLES:  17
** LEVELS: 5,5,5,5,10,20,20,20,20,30,40,50,50,50,BTM,BTM,BTM
** STICKERS: 434756 - 434772
** VNET: Y
** DO2: N
# nquan = 22
# nvalues = 1799                        
# units = specified
# name 0 = scan: Scan Count
# name 1 = prDM: Pressure, Digiquartz [db]
# name 2 = t090C: Temperature [ITS-90, deg C]
# name 3 = t190C: Temperature, 2 [ITS-90, deg C]
# name 4 = c0S/m: Conductivity [S/m]
# name 5 = c1S/m: Conductivity, 2 [S/m]
# name 6 = sbeox0V: Oxygen raw, SBE 43 [V]
# name 7 = sbeox1V: Oxygen raw, SBE 43, 2 [V]
# name 8 = ph: pH
# name 9 = flECO-AFL: Fluorescence, WET Labs ECO-AFL/FL [mg/m^3]
# name 10 = wetCDOM: Fluorescence, WET Labs CDOM [mg/m^3]
# name 11 = par/sat/log: PAR/Logarithmic, Satlantic [umol photons/m^2/sec]
# name 12 = CStarAt0: Beam Attenuation, WET Labs C-Star [1/m]
# name 13 = CStarTr0: Beam Transmission, WET Labs C-Star [%]
# name 14 = sbeox0ML/L: Oxygen, SBE 43 [ml/l], WS = 2
# name 15 = sbeox1ML/L: Oxygen, SBE 43, 2 [ml/l], WS = 2
# name 16 = sal00: Salinity, Practical [PSU]
# name 17 = sal11: Salinity, Practical, 2 [PSU]
# name 18 = sigma-t00: Density [sigma-t, kg/m^3 ]
# name 19 = sigma-t11: Density, 2 [sigma-t, kg/m^3 ]
# name 20 = oxsatML/L: Oxygen Saturation, Weiss [ml/l]
# name 21 = flag: flag
# span 0 =         58,      39780       
# span 1 =      0.407,     69.094       
# span 2 =    -0.0830,     6.9675       
# span 3 =    -0.0841,     6.9670       
# span 4 =   2.722524,   3.271697       
# span 5 =   0.717910,   3.273786       
# span 6 =     2.6291,     2.9889       
# span 7 =     2.4726,     2.7521       
# span 8 =      8.004,      8.188       
# span 9 =     0.1241,     0.8469       
# span 10 =    -2.5761,   482.1870      
# span 11 = 1.0581e-01, 1.0971e+00      
# span 12 =     0.1249,     0.2196      
# span 13 =    94.6570,    96.9251      
# span 14 =     5.8685,    10.4846      
# span 15 =     4.9367,     7.9533      
# span 16 =    27.4726,    34.0605      
# span 17 =     6.2046,    33.1401      
# span 18 =    21.5053,    27.2549      
# span 19 =     4.8084,    26.4304      
# span 20 =    6.89064,    8.19176      
# span 21 = 0.0000e+00, 0.0000e+00      
# interval = scans: 3                   
# start_time = Nov 24 2019 03:08:30 [System UTC, header]
# bad_flag = -9.990e-29
*END*
[from data line 198]
        982     17.818     6.9576     6.9575   3.269895   3.270088     2.9113     2.7448      8.183     0.6467     0.8586 1.0790e-01     0.1378    96.6123     7.3256     6.1583    32.1959    32.1980    25.2161    25.2178    6.89232 0.0000e+00
        985     17.909     6.9575     6.9575   3.269893   3.270094     2.9113     2.7444      8.183     0.6515     0.8586 1.0790e-01     0.1350    96.6817     7.3259     6.1576    32.1959    32.1981    25.2161    25.2178    6.89233 0.0000e+00
        988     17.994     6.9569     6.9575   3.269852   3.270096     2.9117     2.7436      8.183     0.6467     0.8586 1.0790e-01     0.1353    96.6731     7.3275     6.1564    32.1959    32.1981    25.2162    25.2178    6.89242 0.0000e+00
        991     18.076     6.9569     6.9575   3.269821   3.270110     2.9117     2.7436      8.183     0.6515     0.8586 1.0790e-01     0.1350    96.6817     7.3273     6.1569    32.1956    32.1982    25.2160    25.2179    6.89244 0.0000e+00
        994     18.155     6.9567     6.9578   3.269867   3.270140     2.9121     2.7436      8.183     0.6467     0.8586 1.0790e-01     0.1350    96.6817     7.3277     6.1571    32.1962    32.1982    25.2165    25.2179    6.89244 0.0000e+00
        997     18.229     6.9569     6.9576   3.269697   3.270114     2.9117     2.7428      8.183     0.6515     0.8586 1.0790e-01     0.1350    96.6817     7.3268     6.1553    32.1942    32.1980    25.2148    25.2178    6.89251 0.0000e+00
       1000     18.300     6.9568     6.9568   3.269878   3.270040     2.9121     2.7424      8.183     0.6662     0.8586 1.0790e-01     0.1350    96.6817     7.3279     6.1554    32.1962    32.1979    25.2164    25.2178    6.89243 0.0000e+00
       1003     18.368     6.9568     6.9562   3.269905   3.270016     2.9117     2.7420      8.183     0.7101     0.5822 1.0790e-01     0.1368    96.6383     7.3271     6.1554    32.1964    32.1982    25.2166    25.2181    6.89242 0.0000e+00
       1006     18.431     6.9569     6.9558   3.269895   3.269944     2.9113     2.7424      8.183     0.7101    -0.7601 1.0790e-01     0.1375    96.6209     7.3258     6.1577    32.1962    32.1978    25.2164    25.2178    6.89241 0.0000e+00
       1009     18.491     6.9569     6.9551   3.269899   3.269900     2.9117     2.7424      8.183     0.7150    -0.7206 1.0790e-01     0.1379    96.6122     7.3270     6.1588    32.1962    32.1979    25.2164    25.2180    6.89240 0.0000e+00
       1012     18.549     6.9569     6.9549   3.269875   3.269910     2.9121     2.7424      8.183     0.7053    -0.6811 1.0790e-01     0.1375    96.6209     7.3288     6.1599    32.1960    32.1982    25.2162    25.2183    6.89242 0.0000e+00
       1015     18.605     6.9569     6.9547   3.269885   3.269887     2.9113     2.7424      8.183     0.7101    -0.7206 1.0790e-01     0.1379    96.6122     7.3272     6.1602    32.1960    32.1981    25.2163    25.2182    6.89242 0.0000e+00
       1018     18.658     6.9569     6.9549   3.269870   3.269912     2.9117     2.7424      8.183     0.7053    -0.6811 1.0790e-01     0.1375    96.6209     7.3298     6.1609    32.1958    32.1982    25.2161    25.2182    6.89243 0.0000e+00
       1021     18.713     6.9566     6.9550   3.269890   3.269906     2.9121     2.7420      8.183     0.7004    -0.6811 1.0790e-01     0.1375    96.6209     7.3326     6.1607    32.1963    32.1980    25.2165    25.2181    6.89245 0.0000e+00
       1024     18.767     6.9566     6.9553   3.269846   3.269947     2.9121     2.7424      8.183     0.7053    -0.6811 1.0790e-01     0.1375    96.6209     7.3336     6.1617    32.1958    32.1981    25.2161    25.2182    6.89248 0.0000e+00
       1027     18.818     6.9562     6.9555   3.269840   3.269938     2.9121     2.7420      8.183     0.7150    -0.6811 1.0790e-01     0.1379    96.6122     7.3349     6.1606    32.1961    32.1978    25.2164    25.2179    6.89253 0.0000e+00
       1030     18.874     6.9563     6.9554   3.269840   3.269697     2.9125     2.7412      8.183     0.7150    -0.6811 1.0790e-01     0.1379    96.6122     7.3363     6.1584    32.1959    32.1952    25.2163    25.2158    6.89252 0.0000e+00
       1033     18.933     6.9562     6.9554   3.269854   3.269970     2.9121     2.7416      8.183     0.7248    -0.6811 1.0790e-01     0.1379    96.6122     7.3355     6.1606    32.1962    32.1982    25.2165    25.2182    6.89252 0.0000e+00
       1036     18.992     6.9562     6.9552   3.269870   3.269921     2.9129     2.7412      8.183     0.7297    -0.6811 1.0790e-01     0.1379    96.6122     7.3379     6.1604    32.1963    32.1978    25.2166    25.2179    6.89251 0.0000e+00
       1039     19.054     6.9562     6.9551   3.269848   3.269917     2.9133     2.7412      8.183     0.7150    -0.6811 1.0790e-01     0.1379    96.6122     7.3392     6.1623    32.1960    32.1978    25.2164    25.2179    6.89253 0.0000e+00
       1042     19.113     6.9561     6.9548   3.269848   3.269916     2.9133     2.7412      8.183     0.7248    -0.7206 1.0790e-01     0.1379    96.6122     7.3378     6.1644    32.1961    32.1981    25.2165    25.2182    6.89255 0.0000e+00
       1045     19.172     6.9561     6.9552   3.269885   3.269961     2.9137     2.7412      8.183     0.7248    -0.7206 1.0790e-01     0.1379    96.6122     7.3381     6.1663    32.1965    32.1982    25.2167    25.2182    6.89252 0.0000e+00
       1048     19.236     6.9561     6.9551   3.269873   3.269937     2.9133     2.7412      8.183     0.7248    -0.6811 1.0777e-01     0.1379    96.6122     7.3359     6.1680    32.1963    32.1980    25.2166    25.2180    6.89254 0.0000e+00
       1051     19.304     6.9561     6.9551   3.269863   3.269937     2.9137     2.7412      8.183     0.7199    -0.6811 1.0790e-01     0.1379    96.6122     7.3359     6.1696    32.1962    32.1979    25.2165    25.2180    6.89254 0.0000e+00
       1054     19.371     6.9560     6.9552   3.269874   3.269959     2.9137     2.7416      8.183     0.6662    -0.6811 1.0790e-01     0.1379    96.6122     7.3342     6.1720    32.1964    32.1981    25.2167    25.2181    6.89255 0.0000e+00
       1057     19.443     6.9561     6.9553   3.269867   3.269972     2.9137     2.7420      8.183     0.6467     0.5822 1.0790e-01     0.1379    96.6122     7.3321     6.1732    32.1962    32.1980    25.2165    25.2181    6.89255 0.0000e+00
       1060     19.518     6.9562     6.9554   3.269885   3.269978     2.9141     2.7416      8.183     0.6564     1.0954 1.0790e-01     0.1379    96.6122     7.3309     6.1727    32.1963    32.1980    25.2166    25.2180    6.89252 0.0000e+00
       1063     19.595     6.9562     6.9552   3.269882   3.269969     2.9133     2.7424      8.183     0.6564     1.0954 1.0790e-01     0.1379    96.6122     7.3268     6.1753    32.1962    32.1981    25.2165    25.2181    6.89253 0.0000e+00
       1066     19.671     6.9562     6.9553   3.269904   3.269986     2.9137     2.7424      8.183     0.6564     1.0954 1.0777e-01     0.1375    96.6209     7.3266     6.1760    32.1964    32.1981    25.2166    25.2181    6.89252 0.0000e+00
       1069     19.750     6.9562     6.9552   3.269863   3.269983     2.9133     2.7424      8.183     0.6418     1.0954 1.0790e-01     0.1372    96.6296     7.3237     6.1755    32.1958    32.1981    25.2162    25.2182    6.89253 0.0000e+00
       1072     19.831     6.9561     6.9551   3.269850   3.269973     2.9133     2.7424      8.183     0.6418     1.0954 1.0790e-01     0.1372    96.6296     7.3227     6.1753    32.1958    32.1981    25.2162    25.2182    6.89256 0.0000e+00
       1075     19.917     6.9559     6.9549   3.269828   3.269995     2.9133     2.7424      8.183     0.6467     1.0954 1.0790e-01     0.1375    96.6209     7.3214     6.1754    32.1957    32.1984    25.2162    25.2184    6.89259 0.0000e+00
       1078     20.003     6.9557     6.9550   3.269866   3.269983     2.9125     2.7424      8.183     0.6418     1.0954 1.0790e-01     0.1375    96.6209     7.3185     6.1753    32.1963    32.1982    25.2166    25.2183    6.89260 0.0000e+00
       1081     20.085     6.9558     6.9553   3.269858   3.270006     2.9125     2.7424      8.183     0.6515     0.8980 1.0790e-01     0.1379    96.6122     7.3184     6.1754    32.1960    32.1981    25.2164    25.2181    6.89259 0.0000e+00
       1084     20.167     6.9556     6.9555   3.269870   3.270042     2.9121     2.7428      8.183     0.6467    -1.4312 1.0790e-01     0.1379    96.6122     7.3171     6.1763    32.1963    32.1983    25.2167    25.2183    6.89261 0.0000e+00
       1087     20.250     6.9556     6.9557   3.269851   3.270051     2.9121     2.7428      8.183     0.6515    -1.5497 1.0790e-01     0.1379    96.6122     7.3181     6.1761    32.1961    32.1982    25.2165    25.2181    6.89263 0.0000e+00
       1090     20.327     6.9556     6.9554   3.269857   3.270038     2.9117     2.7432      8.183     0.6515    -1.5891 1.0790e-01     0.1379    96.6122     7.3173     6.1775    32.1961    32.1982    25.2165    25.2182    6.89262 0.0000e+00
       1093     20.401     6.9557     6.9554   3.269866   3.270028     2.9113     2.7428      8.183     0.6515    -1.5497 1.0777e-01     0.1379    96.6122     7.3172     6.1764    32.1961    32.1981    25.2165    25.2181    6.89261 0.0000e+00
       1096     20.471     6.9558     6.9555   3.269895   3.270032     2.9113     2.7432      8.183     0.6515    -1.5891 1.0790e-01     0.1379    96.6122     7.3189     6.1773    32.1963    32.1980    25.2166    25.2180    6.89258 0.0000e+00
       1099     20.538     6.9563     6.9555   3.269957   3.270028     2.9109     2.7436      8.183     0.6515    -1.5497 1.0790e-01     0.1379    96.6122     7.3194     6.1780    32.1964    32.1980    25.2167    25.2180    6.89250 0.0000e+00
       1102     20.601     6.9566     6.9555   3.269975   3.270046     2.9113     2.7436      8.183     0.6613    -1.5497 1.0790e-01     0.1379    96.6122     7.3227     6.1768    32.1963    32.1981    25.2166    25.2182    6.89246 0.0000e+00
       1105     20.659     6.9567     6.9555   3.269944   3.270046     2.9109     2.7436      8.183     0.6418    -1.5497 1.0790e-01     0.1368    96.6383     7.3229     6.1744    32.1958    32.1981    25.2162    25.2181    6.89245 0.0000e+00
       1108     20.711     6.9566     6.9556   3.269950   3.270049     2.9113     2.7436      8.183     0.6174    -1.4312 1.0790e-01     0.1368    96.6383     7.3254     6.1721    32.1960    32.1980    25.2163    25.2180    6.89246 0.0000e+00
       1111     20.757     6.9564     6.9556   3.269921   3.270031     2.9109     2.7436      8.183     0.6222    -1.1549 1.0790e-01     0.1368    96.6383     7.3257     6.1698    32.1958    32.1978    25.2162    25.2178    6.89250 0.0000e+00
       1114     20.797     6.9561     6.9555   3.269910   3.270039     2.9109     2.7436      8.183     0.6271    -1.1944 1.0790e-01     0.1368    96.6383     7.3263     6.1687    32.1960    32.1979    25.2164    25.2180    6.89255 0.0000e+00
       1117     20.834     6.9559     6.9554   3.269910   3.270047     2.9113     2.7436      8.183     0.6174    -1.1549 1.0790e-01     0.1368    96.6383     7.3284     6.1667    32.1961    32.1981    25.2165    25.2181    6.89257 0.0000e+00
       1120     20.870     6.9558     6.9555   3.269932   3.270039     2.9113     2.7436      8.183     0.6174    -1.1549 1.0790e-01     0.1368    96.6383     7.3291     6.1642    32.1965    32.1979    25.2168    25.2180    6.89257 0.0000e+00
       1123     20.900     6.9559     6.9552   3.269920   3.270010     2.9117     2.7436      8.183     0.6320    -1.1944 1.0790e-01     0.1368    96.6383     7.3308     6.1628    32.1962    32.1979    25.2166    25.2180    6.89256 0.0000e+00
       1126     20.926     6.9559     6.9550   3.269940   3.269989     2.9113     2.7428      8.183     0.6222    -1.1549 1.0790e-01     0.1364    96.6470     7.3296     6.1595    32.1964    32.1978    25.2167    25.2179    6.89255 0.0000e+00
       1129     20.949     6.9559     6.9551   3.269910   3.270016     2.9121     2.7424      8.183     0.6174    -1.1549 1.0790e-01     0.1368    96.6383     7.3320     6.1576    32.1961    32.1980    25.2165    25.2181    6.89258 0.0000e+00
       1151     21.075     6.9557     6.9548   3.269904   3.269989     2.9113     2.7412      8.183     0.6857     0.6217 1.0790e-01     0.1400    96.5601     7.3239     6.1498    32.1961    32.1980    25.2166    25.2181    6.89260 0.0000e+00
       1156     21.107     6.9558     6.9546   3.269936   3.269991     2.9117     2.7408      8.183     0.6760     0.6217 1.0790e-01     0.1396    96.5688     7.3245     6.1479    32.1964    32.1981    25.2168    25.2182    6.89258 0.0000e+00
       1159     21.133     6.9557     6.9550   3.269914   3.270008     2.9109     2.7399      8.183     0.7687     0.6217 1.0790e-01     0.1389    96.5862     7.3225     6.1447    32.1963    32.1980    25.2166    25.2181    6.89261 0.0000e+00
       1162     21.162     6.9558     6.9552   3.269897   3.270032     2.9109     2.7399      8.183     0.7785    -1.0365 1.0790e-01     0.1400    96.5601     7.3220     6.1442    32.1960    32.1980    25.2164    25.2181    6.89260 0.0000e+00
       1165     21.195     6.9557     6.9554   3.269910   3.270059     2.9113     2.7399      8.183     0.7785    -1.3523 1.0790e-01     0.1371    96.6296     7.3235     6.1446    32.1962    32.1981    25.2166    25.2181    6.89261 0.0000e+00
       1168     21.234     6.9557     6.9555   3.269922   3.270063     2.9113     2.7391      8.183     0.7785    -1.3128 1.0790e-01     0.1361    96.6557     7.3244     6.1422    32.1963    32.1980    25.2167    25.2181    6.89260 0.0000e+00
       1171     21.281     6.9557     6.9549   3.269926   3.269995     2.9109     2.7387      8.183     0.7736    -1.3128 1.0790e-01     0.1361    96.6557     7.3246     6.1430    32.1963    32.1978    25.2166    25.2180    6.89260 0.0000e+00
       1174     21.333     6.9558     6.9541   3.269948   3.269920     2.9109     2.7387      8.183     0.7785    -1.3128 1.0790e-01     0.1357    96.6644     7.3260     6.1444    32.1964    32.1977    25.2167    25.2180    6.89257 0.0000e+00
       1177     21.392     6.9559     6.9536   3.269924   3.269877     2.9109     2.7387      8.183     0.7736    -1.3128 1.0790e-01     0.1357    96.6644     7.3276     6.1474    32.1960    32.1977    25.2164    25.2180    6.89258 0.0000e+00
       1180     21.456     6.9557     6.9537   3.269924   3.269919     2.9109     2.7383      8.183     0.7785    -1.3523 1.0790e-01     0.1361    96.6557     7.3289     6.1498    32.1962    32.1980    25.2166    25.2183    6.89260 0.0000e+00
       1183     21.525     6.9557     6.9541   3.269916   3.269980     2.9113     2.7375      8.183     0.7590    -1.2733 1.0790e-01     0.1364    96.6470     7.3311     6.1501    32.1961    32.1982    25.2165    25.2184    6.89261 0.0000e+00
       1186     21.603     6.9557     6.9543   3.269914   3.269977     2.9109     2.7375      8.183     0.6808    -1.3128 1.0790e-01     0.1379    96.6122     7.3302     6.1524    32.1961    32.1980    25.2165    25.2182    6.89261 0.0000e+00
       1189     21.687     6.9556     6.9543   3.269947   3.269994     2.9113     2.7375      8.183     0.6760    -1.3918 1.0790e-01     0.1379    96.6122     7.3316     6.1544    32.1964    32.1982    25.2168    25.2184    6.89260 0.0000e+00
       1192     21.776     6.9558     6.9548   3.269949   3.270034     2.9117     2.7375      8.183     0.6808    -1.3918 1.0790e-01     0.1379    96.6122     7.3337     6.1570    32.1963    32.1981    25.2166    25.2182    6.89259 0.0000e+00
       1195     21.868     6.9559     6.9551   3.269971   3.270076     2.9117     2.7383      8.183     0.6760    -1.3918 1.0790e-01     0.1379    96.6122     7.3336     6.1606    32.1963    32.1983    25.2167    25.2183    6.89256 0.0000e+00
