Datasets/AZMP/COO001/79001025.cnv
* Sea-Bird SBE 9 Data File:
* FileName = C:\CTDDATA\79001025.hex
* Software Version Seasave V 7.26.7.110
* Temperature SN = 5660
* Conductivity SN = 3698
* Number of Bytes Per Scan = 30
* Number of Voltage Words = 4
* Number of Scans Averaged by the Deck Unit = 1
* NMEA baud rate = 9600
** VESSEL/TRIP/SEQ STN:  79001025
** LATITUDE XX XX.XX N:  45 27.50 N
** LONGITUDE XX XX.XX W:  52 00.00 W
** SOUNDING DEPTH (M):  0083
** PROBE TYPE: S1257
** CTD NUMBER: 012
** COMMENTS (14 CHAR): SEGB-07
** BOTTLES:  11
** LEVELS: 5,5,10,20,20,30,40,50,50,BTM,BTM
** STICKERS: 434745 - 434755
** VNET: Y
** DO2: N
# nquan = 22
# nvalues = 2164                        
# units = specified
# name 0 = scan: Scan Count
# name 1 = prDM: Pressure, Digiquartz [db]
# name 2 = t090C: Temperature [ITS-90, deg C]
# name 3 = t190C: Temperature, 2 [ITS-90, deg C]
# name 4 = c0S/m: Conductivity [S/m]
# name 5 = c1S/m: Conductivity, 2 [S/m]
# name 6 = sbeox0V: Oxygen raw, SBE 43 [V]
# name 7 = sbeox1V: Oxygen raw, SBE 43, 2 [V]
# name 8 = ph: pH
# name 9 = flECO-AFL: Fluorescence, WET Labs ECO-AFL/FL [mg/m^3]
# name 10 = wetCDOM: Fluorescence, WET Labs CDOM [mg/m^3]
# name 11 = par/sat/log: PAR/Logarithmic, Satlantic [umol photons/m^2/sec]
# name 12 = CStarAt0: Beam Attenuation, WET Labs C-Star [1/m]
# name 13 = CStarTr0: Beam Transmission, WET Labs C-Star [%]
# name 14 = sbeox0ML/L: Oxygen, SBE 43 [ml/l], WS = 2
# name 15 = sbeox1ML/L: Oxygen, SBE 43, 2 [ml/l], WS = 2
# name 16 = sal00: Salinity, Practical [PSU]
# name 17 = sal11: Salinity, Practical, 2 [PSU]
# name 18 = sigma-t00: Density [sigma-t, kg/m^3 ]
# name 19 = sigma-t11: Density, 2 [sigma-t, kg/m^3 ]
# name 20 = oxsatML/L: Oxygen Saturation, Weiss [ml/l]
# name 21 = flag: flag
# span 0 =         23,      28168       
# span 1 =      0.683,     77.270       
# span 2 =    -0.2139,     6.9926       
# span 3 =    -0.2142,     6.9930       
# span 4 =   2.713293,   3.274853       
# span 5 =   2.712349,   3.275024       
# span 6 =     2.6381,     2.9930       
# span 7 =     2.4860,     2.7524       
# span 8 =      8.019,      8.183       
# span 9 =     0.1241,     1.1985       
# span 10 =     1.0954,     2.2798      
# span 11 = 1.0666e-01, 1.3431e+00      
# span 12 =     0.1131,     0.2606      
# span 13 =    93.6925,    97.2118      
# span 14 =     6.0496,    10.2048      
# span 15 =     5.1819,     7.7915      
# span 16 =    31.0992,    33.4674      
# span 17 =    29.7615,    33.2254      
# span 18 =    24.7981,    26.8137      
# span 19 =    23.2969,    26.5803      
# span 20 =    6.88570,    8.21918      
# span 21 = 0.0000e+00, 0.0000e+00      
# interval = scans: 3                   
# start_time = Nov 23 2019 23:35:51 [System UTC, header]
# bad_flag = -9.990e-29
*END*
[from data line 2107]
      24423      4.533     6.9902     6.9863   3.274113   3.273936     2.9246     2.7500      8.183     0.5441     1.2139 1.0777e-01     0.1239    96.9511     7.3509     6.1707    32.2176    32.2193    25.2289    25.2307    6.88610 0.0000e+00
      24426      4.483     6.9901     6.9863   3.274109   3.273926     2.9246     2.7500      8.183     0.5441     1.2139 1.0827e-01     0.1239    96.9511     7.3510     6.1715    32.2176    32.2192    25.2289    25.2307    6.88611 0.0000e+00
      24429      4.437     6.9903     6.9862   3.274095   3.273924     2.9250     2.7500      8.183     0.5392     1.2139 1.0752e-01     0.1239    96.9511     7.3511     6.1720    32.2174    32.2193    25.2287    25.2307    6.88609 0.0000e+00
      24432      4.395     6.9902     6.9865   3.274072   3.273952     2.9246     2.7504      8.183     0.5441     1.2139 1.0765e-01     0.1239    96.9511     7.3495     6.1737    32.2172    32.2193    25.2286    25.2307    6.88611 0.0000e+00
      24435      4.358     6.9900     6.9865   3.274083   3.273943     2.9246     2.7512      8.183     0.5343     1.2139 1.0866e-01     0.1235    96.9598     7.3483     6.1762    32.2175    32.2192    25.2288    25.2307    6.88612 0.0000e+00
      24439      4.316     6.9899     6.9867   3.274064   3.273963     2.9258     2.7504      8.183     0.5343     1.1744 1.9349e-01     0.1242    96.9424     7.3502     6.1716    32.2174    32.2193    25.2288    25.2307    6.88615 0.0000e+00
      24443      4.287     6.9897     6.9870   3.274092   3.273977     2.9250     2.7508      8.183     0.5343     1.2139 1.9671e-01     0.1256    96.9077     7.3468     6.1699    32.2180    32.2192    25.2292    25.2306    6.88616 0.0000e+00
      24783      4.269     6.9874     6.9890   3.273859   3.274184     2.9234     2.7500      8.183     0.5881     1.2139 1.1474e-01     0.1253    96.9164     7.3353     6.1675    32.2176    32.2196    25.2292    25.2306    6.88655 0.0000e+00
      24946      4.234     6.9876     6.9885   3.273919   3.274118     2.9230     2.7487      8.183     0.5441     1.0954 1.0802e-01     0.1260    96.8990     7.3328     6.1772    32.2180    32.2193    25.2295    25.2304    6.88649 0.0000e+00
      24949      4.182     6.9879     6.9885   3.273895   3.274131     2.9222     2.7491      8.183     0.5490     1.0954 1.1265e-01     0.1249    96.9251     7.3320     6.1772    32.2175    32.2196    25.2291    25.2306    6.88646 0.0000e+00
      24952      4.135     6.9878     6.9888   3.273893   3.274149     2.9226     2.7496      8.183     0.5539     1.0954 1.0765e-01     0.1249    96.9251     7.3348     6.1780    32.2176    32.2195    25.2292    25.2305    6.88648 0.0000e+00
      24955      4.091     6.9877     6.9890   3.273856   3.274140     2.9226     2.7500      8.183     0.5441     1.0954 1.0777e-01     0.1249    96.9251     7.3360     6.1779    32.2174    32.2192    25.2290    25.2302    6.88651 0.0000e+00
      24958      4.054     6.9878     6.9890   3.273885   3.274152     2.9222     2.7500      8.183     0.5490     1.0954 1.2214e-01     0.1246    96.9338     7.3358     6.1770    32.2176    32.2194    25.2292    25.2304    6.88648 0.0000e+00
      25302      4.023     6.9883     6.9892   3.273920   3.274148     2.9214     2.7492      8.183     0.5343     1.1744 1.1370e-01     0.1260    96.8990     7.3350     6.1735    32.2175    32.2192    25.2290    25.2302    6.88640 0.0000e+00
      25988      3.988     6.9896     6.9890   3.274027   3.274138     2.9197     2.7483      8.183     0.5099     1.3323 1.0777e-01     0.1282    96.8469     7.3320     6.1695    32.2174    32.2192    25.2288    25.2303    6.88619 0.0000e+00
      26302      3.962     6.9907     6.9866   3.274125   3.273988     2.9222     2.7495      8.183     0.5099     1.3323 1.0715e-01     0.1267    96.8816     7.3367     6.1669    32.2175    32.2198    25.2288    25.2311    6.88602 0.0000e+00
      26563      3.921     6.9900     6.9870   3.274047   3.274011     2.9217     2.7491      8.183     0.5099     1.2534 1.2290e-01     0.1246    96.9337     7.3310     6.1693    32.2173    32.2198    25.2287    25.2310    6.88614 0.0000e+00
      26617      3.857     6.9890     6.9872   3.273971   3.273981     2.9201     2.7487      8.183     0.5099     1.2139 1.1869e-01     0.1239    96.9511     7.3248     6.1716    32.2174    32.2193    25.2289    25.2305    6.88629 0.0000e+00
      26620      3.800     6.9889     6.9869   3.273989   3.273958     2.9201     2.7487      8.183     0.5636     1.2139 1.3938e-01     0.1239    96.9511     7.3248     6.1717    32.2178    32.2193    25.2292    25.2306    6.88629 0.0000e+00
      26623      3.757     6.9890     6.9866   3.273999   3.273928     2.9201     2.7487      8.183     0.5685     1.2139 1.0666e-01     0.1256    96.9077     7.3246     6.1720    32.2179    32.2194    25.2292    25.2307    6.88628 0.0000e+00
      26626      3.724     6.9891     6.9865   3.274012   3.273906     2.9197     2.7495      8.183     0.5783     1.2928 1.1595e-01     0.1260    96.8990     7.3234     6.1747    32.2178    32.2192    25.2292    25.2306    6.88625 0.0000e+00
      27983      3.659     6.9891     6.9894   3.273962   3.274174     2.9221     2.7487      8.183     0.5734     1.4507 3.6702e-01     0.1239    96.9511     7.3331     6.1691    32.2174    32.2194    25.2289    25.2304    6.88628 0.0000e+00
      27986      3.570     6.9888     6.9887   3.273935   3.274084     2.9225     2.7487      8.183     0.5832     1.4507 3.6114e-01     0.1239    96.9511     7.3351     6.1698    32.2174    32.2191    25.2289    25.2302    6.88632 0.0000e+00
      27989      3.476     6.9888     6.9884   3.273878   3.274042     2.9221     2.7487      8.183     0.5734     1.4507 3.0196e-01     0.1239    96.9511     7.3338     6.1696    32.2169    32.2190    25.2284    25.2302    6.88636 0.0000e+00
      27992      3.379     6.9878     6.9881   3.273761   3.274017     2.9217     2.7491      8.183     0.5832     1.4507 3.6885e-01     0.1242    96.9424     7.3328     6.1707    32.2165    32.2191    25.2284    25.2303    6.88653 0.0000e+00
      27995      3.280     6.9871     6.9873   3.273714   3.273927     2.9221     2.7495      8.183     0.5734     1.4507 4.8562e-01     0.1239    96.9511     7.3348     6.1707    32.2168    32.2189    25.2286    25.2303    6.88663 0.0000e+00
      27998      3.180     6.9868     6.9871   3.273713   3.273937     2.9221     2.7499      8.183     0.5783     1.4507 3.4168e-01     0.1260    96.8990     7.3351     6.1699    32.2171    32.2192    25.2289    25.2306    6.88667 0.0000e+00
      28001      3.077     6.9864     6.9866   3.273685   3.273884     2.9217     2.7491      8.183     0.5734     1.4507 1.3348e-01     0.1260    96.8990     7.3340     6.1654    32.2172    32.2191    25.2290    25.2305    6.88673 0.0000e+00
      28004      2.969     6.9862     6.9862   3.273675   3.273854     2.9221     2.7495      8.183     0.5783     1.4507 2.2158e-01     0.1260    96.8990     7.3351     6.1644    32.2173    32.2192    25.2291    25.2307    6.88674 0.0000e+00
      28007      2.859     6.9861     6.9862   3.273678   3.273836     2.9221     2.7499      8.183     0.6125     1.4507 2.3553e-01     0.1260    96.8990     7.3357     6.1637    32.2175    32.2191    25.2293    25.2306    6.88676 0.0000e+00
      28010      2.756     6.9859     6.9861   3.273658   3.273838     2.9221     2.7491      8.183     0.6369     1.4507 2.4904e-01     0.1260    96.8990     7.3362     6.1597    32.2175    32.2193    25.2294    25.2307    6.88679 0.0000e+00
      28013      2.657     6.9859     6.9860   3.273677   3.273832     2.9221     2.7487      8.183     0.6320     1.4507 1.8869e-01     0.1260    96.8990     7.3372     6.1571    32.2177    32.2193    25.2295    25.2308    6.88677 0.0000e+00
      28016      2.562     6.9859     6.9861   3.273675   3.273828     2.9221     2.7483      8.183     0.6320     1.4507 2.0813e-01     0.1256    96.9077     7.3379     6.1549    32.2177    32.2193    25.2295    25.2307    6.88677 0.0000e+00
      28019      2.476     6.9859     6.9859   3.273693   3.273835     2.9221     2.7487      8.183     0.6418     1.4507 1.7760e-01     0.1239    96.9511     7.3383     6.1567    32.2180    32.2196    25.2297    25.2310    6.88676 0.0000e+00
      28022      2.401     6.9860     6.9859   3.273710   3.273820     2.9221     2.7475      8.183     0.6320     1.4507 1.5913e-01     0.1239    96.9511     7.3393     6.1554    32.2181    32.2194    25.2298    25.2308    6.88674 0.0000e+00
      28025      2.346     6.9862     6.9861   3.273729   3.273821     2.9221     2.7475      8.183     0.6271     1.4507 1.1420e-01     0.1239    96.9511     7.3398     6.1574    32.2182    32.2193    25.2299    25.2308    6.88671 0.0000e+00
      28028      2.306     6.9866     6.9861   3.273736   3.273813     2.9221     2.7475      8.183     0.6320     1.4507 1.1531e-01     0.1239    96.9511     7.3401     6.1594    32.2179    32.2191    25.2296    25.2306    6.88666 0.0000e+00
      28058      2.272     6.9871     6.9862   3.273767   3.273851     2.9221     2.7475      8.183     0.6613     1.4507 3.6597e-01     0.1257    96.9077     7.3410     6.1613    32.2178    32.2196    25.2294    25.2310    6.88658 0.0000e+00
      28115      2.214     6.9886     6.9861   3.273880   3.273838 -9.990e-29 -9.990e-29      8.183     0.6906     1.4507 9.0283e-01     0.1292    96.8208 -9.990e-29 -9.990e-29    32.2176    32.2195    25.2291    25.2309    6.88635 0.0000e+00
      28118      2.156     6.9886     6.9860   3.273876   3.273832 -9.990e-29 -9.990e-29      8.183     0.6906     1.4507 8.7082e-01     0.1282    96.8469 -9.990e-29 -9.990e-29    32.2176    32.2195    25.2291    25.2309    6.88635 0.0000e+00
      28121      2.098     6.9885     6.9861   3.273869   3.273824 -9.990e-29 -9.990e-29      8.183     0.6857     1.4507 8.7793e-01     0.1264    96.8903 -9.990e-29 -9.990e-29    32.2177    32.2194    25.2292    25.2309    6.88637 0.0000e+00
      28124      2.039     6.9885     6.9860   3.273867   3.273775 -9.990e-29 -9.990e-29      8.183     0.6857     1.4507 7.7347e-01     0.1264    96.8903 -9.990e-29 -9.990e-29    32.2176    32.2190    25.2291    25.2305    6.88636 0.0000e+00
      28127      1.982     6.9884     6.9861   3.273878   3.273816 -9.990e-29 -9.990e-29      8.183     0.6906     1.4507 6.9998e-01     0.1271    96.8729 -9.990e-29 -9.990e-29    32.2179    32.2194    25.2293    25.2308    6.88637 0.0000e+00
      28130      1.925     6.9885     6.9861   3.273865   3.273826 -9.990e-29 -9.990e-29      8.183     0.6857     1.4507 6.2225e-01     0.1267    96.8816 -9.990e-29 -9.990e-29    32.2177    32.2196    25.2292    25.2309    6.88636 0.0000e+00
      28133      1.866     6.9885     6.9860   3.273855   3.273816 -9.990e-29 -9.990e-29      8.183     0.6906     1.4507 5.2473e-01     0.1260    96.8990 -9.990e-29 -9.990e-29    32.2176    32.2195    25.2291    25.2309    6.88636 0.0000e+00
      28136      1.804     6.9884     6.9862   3.273836   3.273798 -9.990e-29 -9.990e-29      8.183     0.6857     1.4507 3.9553e-01     0.1267    96.8816 -9.990e-29 -9.990e-29    32.2175    32.2192    25.2290    25.2306    6.88638 0.0000e+00
      28139      1.729     6.9884     6.9863   3.273847   3.273821 -9.990e-29 -9.990e-29      8.183     0.5295     1.4507 4.6223e-01     0.1271    96.8729 -9.990e-29 -9.990e-29    32.2177    32.2193    25.2291    25.2307    6.88637 0.0000e+00
      28142      1.645     6.9885     6.9863   3.273845   3.273815 -9.990e-29 -9.990e-29      8.183     0.5246     1.4507 2.9579e-01     0.1271    96.8729 -9.990e-29 -9.990e-29    32.2176    32.2193    25.2291    25.2307    6.88636 0.0000e+00
      28145      1.554     6.9883     6.9861   3.273708   3.273799 -9.990e-29 -9.990e-29      8.183     0.5295     1.4507 5.0680e-01     0.1271    96.8729 -9.990e-29 -9.990e-29    32.2164    32.2194    25.2282    25.2308    6.88646 0.0000e+00
      28148      1.452     6.9880     6.9863   3.273684   3.273817 -9.990e-29 -9.990e-29      8.183     0.5197     1.4507 7.1068e-01     0.1271    96.8729 -9.990e-29 -9.990e-29    32.2164    32.2194    25.2282    25.2308    6.88650 0.0000e+00
      28151      1.340     6.9876     6.9867   3.273693   3.273844 -9.990e-29 -9.990e-29      8.183     0.5295     1.4507 8.4743e-01     0.1278    96.8556 -9.990e-29 -9.990e-29    32.2170    32.2194    25.2287    25.2308    6.88654 0.0000e+00
      28154      1.212     6.9871     6.9867   3.273657   3.273822 -9.990e-29 -9.990e-29      8.183     0.5295     1.4507 1.0076e+00     0.1271    96.8729 -9.990e-29 -9.990e-29    32.2171    32.2193    25.2288    25.2307    6.88661 0.0000e+00
      28157      1.078     6.9867     6.9864   3.273630   3.273809 -9.990e-29 -9.990e-29      8.183     0.5246     1.4507 1.0333e+00     0.1278    96.8555 -9.990e-29 -9.990e-29    32.2172    32.2194    25.2290    25.2308    6.88667 0.0000e+00
      28160      0.940     6.9865     6.9863   3.273591   3.273805 -9.990e-29 -9.990e-29      8.183     0.5295     1.4507 1.0393e+00     0.1418    96.5167 -9.990e-29 -9.990e-29    32.2171    32.2196    25.2289    25.2309    6.88672 0.0000e+00
      28163      0.810     6.9864     6.9865   3.273623   3.273792 -9.990e-29 -9.990e-29      8.183     0.5295     1.4507 1.1346e+00     0.1433    96.4819 -9.990e-29 -9.990e-29    32.2175    32.2193    25.2293    25.2307    6.88670 0.0000e+00
      28166      0.712     6.9865     6.9865   3.273617   3.273796 -9.990e-29 -9.990e-29      8.183     0.5685     1.4507 1.2168e+00     0.1433    96.4819 -9.990e-29 -9.990e-29    32.2174    32.2194    25.2292    25.2308    6.88669 0.0000e+00
      28168      0.683     6.9868     6.9863   3.261673   3.047238 -9.990e-29 -9.990e-29      8.183     0.5539     1.4507 1.3431e+00     0.1433    96.4819 -9.990e-29 -9.990e-29    32.0869    29.7615    25.1265    23.2969    6.89248 0.0000e+00
