Datasets/AZMP/COO001/79001074.cnv
* Sea-Bird SBE 9 Data File:
* FileName = C:\CTDDATA\79001074.hex
* Software Version Seasave V 7.26.7.110
* Temperature SN = 5660
* Conductivity SN = 3698
* Number of Bytes Per Scan = 30
* Number of Voltage Words = 4
* Number of Scans Averaged by the Deck Unit = 1
* NMEA baud rate = 9600
** VESSEL/TRIP/SEQ STN:  79001074
** LATITUDE XX XX.XX N:  48 14.80 N
** LONGITUDE XX XX.XX W:  53 28.23 W
** SOUNDING DEPTH (M):  0289
** PROBE TYPE: S1257
** CTD NUMBER: 041
** COMMENTS (14 CHAR): SS-02
** BOTTLES:  0
** LEVELS:
** STICKERS:
** VNET: N
** DO2: N
# nquan = 22
# nvalues = 8368                        
# units = specified
# name 0 = scan: Scan Count
# name 1 = prDM: Pressure, Digiquartz [db]
# name 2 = t090C: Temperature [ITS-90, deg C]
# name 3 = t190C: Temperature, 2 [ITS-90, deg C]
# name 4 = c0S/m: Conductivity [S/m]
# name 5 = c1S/m: Conductivity, 2 [S/m]
# name 6 = sbeox0V: Oxygen raw, SBE 43 [V]
# name 7 = sbeox1V: Oxygen raw, SBE 43, 2 [V]
# name 8 = ph: pH
# name 9 = flECO-AFL: Fluorescence, WET Labs ECO-AFL/FL [mg/m^3]
# name 10 = wetCDOM: Fluorescence, WET Labs CDOM [mg/m^3]
# name 11 = par/sat/log: PAR/Logarithmic, Satlantic [umol photons/m^2/sec]
# name 12 = CStarAt0: Beam Attenuation, WET Labs C-Star [1/m]
# name 13 = CStarTr0: Beam Transmission, WET Labs C-Star [%]
# name 14 = sbeox0ML/L: Oxygen, SBE 43 [ml/l], WS = 2
# name 15 = sbeox1ML/L: Oxygen, SBE 43, 2 [ml/l], WS = 2
# name 16 = sal00: Salinity, Practical [PSU]
# name 17 = sal11: Salinity, Practical, 2 [PSU]
# name 18 = sigma-t00: Density [sigma-t, kg/m^3 ]
# name 19 = sigma-t11: Density, 2 [sigma-t, kg/m^3 ]
# name 20 = oxsatML/L: Oxygen Saturation, Weiss [ml/l]
# name 21 = flag: flag
# span 0 =         80,      30601       
# span 1 =      1.559,    297.416       
# span 2 =    -0.3425,     3.5516       
# span 3 =    -0.3539,     3.5519       
# span 4 =   2.710316,   2.938442       
# span 5 =   2.709770,   2.938629       
# span 6 =     2.1415,     2.7611       
# span 7 =     2.1100,     2.7167       
# span 8 =      7.947,      8.169       
# span 9 =     0.0068,     0.8420       
# span 10 =    -0.4048,     2.2798      
# span 11 = 1.0752e-01, 3.2962e+01      
# span 12 =     0.0789,     0.4072      
# span 13 =    90.3208,    98.0460      
# span 14 =     6.0433,     7.6568      
# span 15 =     6.3058,     7.9866      
# span 16 =    31.6408,    33.7054      
# span 17 =    31.6428,    33.7114      
# span 18 =    25.1599,    27.0130      
# span 19 =    25.1635,    27.0180      
# span 20 =    7.50891,    8.24704      
# span 21 = 0.0000e+00, 0.0000e+00      
# interval = scans: 3                   
# start_time = Dec 01 2019 11:21:46 [System UTC, header]
# bad_flag = -9.990e-29
*END*
[from data line 1186]
       5279     56.970     3.3145     3.2834   2.928701   2.927623     2.7433     2.6985      8.155     0.4464     2.0429 1.0790e-01     0.1078    97.3422     7.5520     7.8860    31.7687    31.7863    25.2795    25.2962    7.54883 0.0000e+00
       5282     56.998     3.3159     3.2834   2.928705   2.927625     2.7424     2.6985      8.155     0.4513     2.0429 1.0790e-01     0.1074    97.3509     7.5478     7.8862    31.7673    31.7863    25.2782    25.2962    7.54862 0.0000e+00
       5285     57.030     3.3164     3.2835   2.928751   2.927615     2.7433     2.6981      8.155     0.4513     2.0429 1.0790e-01     0.1078    97.3422     7.5496     7.8841    31.7674    31.7861    25.2783    25.2961    7.54852 0.0000e+00
       5288     57.062     3.3173     3.2834   2.928770   2.927633     2.7428     2.6972      8.155     0.4513     2.0429 1.0790e-01     0.1088    97.3161     7.5476     7.8800    31.7667    31.7863    25.2777    25.2962    7.54839 0.0000e+00
       5291     57.093     3.3178     3.2835   2.928691   2.927644     2.7433     2.6972      8.153     0.4464     2.0429 1.0790e-01     0.1088    97.3161     7.5488     7.8808    31.7653    31.7864    25.2765    25.2963    7.54837 0.0000e+00
       5294     57.127     3.3167     3.2833   2.928633   2.927624     2.7433     2.6972      8.152     0.4220     2.0429 1.0790e-01     0.1085    97.3248     7.5481     7.8819    31.7657    31.7864    25.2769    25.2963    7.54856 0.0000e+00
       5297     57.159     3.3142     3.2833   2.928578   2.927650     2.7437     2.6972      8.155     0.4220     2.0429 1.0790e-01     0.1088    97.3161     7.5494     7.8832    31.7674    31.7866    25.2785    25.2964    7.54894 0.0000e+00
       5300     57.194     3.3112     3.2834   2.928349   2.927623     2.7428     2.6972      8.153     0.4220     2.0429 1.0790e-01     0.1085    97.3248     7.5464     7.8810    31.7676    31.7862    25.2789    25.2961    7.54950 0.0000e+00
       5303     57.228     3.3043     3.2833   2.927842   2.927614     2.7420     2.6972      8.152     0.4220     2.0429 1.0790e-01     0.1088    97.3161     7.5441     7.8812    31.7683    31.7862    25.2800    25.2961    7.55077 0.0000e+00
       5306     57.264     3.2977     3.2831   2.927678   2.927593     2.7433     2.6972      8.155     0.4220     2.0429 1.0790e-01     0.1085    97.3248     7.5503     7.8845    31.7729    31.7861    25.2842    25.2961    7.55180 0.0000e+00
       5309     57.303     3.2931     3.2830   2.927592   2.927592     2.7424     2.6968      8.152     0.4122     2.0429 1.0790e-01     0.1074    97.3509     7.5478     7.8881    31.7763    31.7862    25.2874    25.2962    7.55249 0.0000e+00
       5312     57.344     3.2902     3.2829   2.927545   2.927604     2.7424     2.6968      8.153     0.4171     2.0429 1.0790e-01     0.1067    97.3682     7.5487     7.8908    31.7786    31.7864    25.2895    25.2963    7.55293 0.0000e+00
       5315     57.384     3.2880     3.2829   2.927523   2.927592     2.7428     2.6968      8.153     0.4220     2.0429 1.0790e-01     0.1067    97.3682     7.5497     7.8936    31.7804    31.7863    25.2911    25.2962    7.55324 0.0000e+00
       5318     57.426     3.2869     3.2831   2.927514   2.927594     2.7428     2.6968      8.153     0.4171     2.0429 1.0790e-01     0.1074    97.3509     7.5498     7.8973    31.7813    31.7861    25.2919    25.2960    7.55340 0.0000e+00
       5321     57.470     3.2862     3.2830   2.927487   2.927598     2.7424     2.6968      8.153     0.4610     2.0429 1.0790e-01     0.1074    97.3509     7.5492     7.8989    31.7817    31.7862    25.2923    25.2961    7.55353 0.0000e+00
       5324     57.513     3.2858     3.2827   2.927484   2.927587     2.7424     2.6960      8.153     0.4659     2.0429 1.0790e-01     0.1067    97.3682     7.5501     7.9003    31.7820    31.7863    25.2926    25.2963    7.55358 0.0000e+00
       5327     57.560     3.2855     3.2827   2.927485   2.927584     2.7420     2.6960      8.155     0.4659     2.0429 1.0790e-01     0.1074    97.3509     7.5481     7.9045    31.7824    31.7862    25.2929    25.2962    7.55363 0.0000e+00
       5330     57.608     3.2851     3.2826   2.927470   2.927598     2.7437     2.6972      8.155     0.4659     2.0034 1.0790e-01     0.1081    97.3335     7.5526     7.9125    31.7825    31.7864    25.2930    25.2964    7.55369 0.0000e+00
       5333     57.656     3.2849     3.2826   2.927469   2.927607     2.7424     2.6972      8.153     0.4659     2.0429 1.0790e-01     0.1078    97.3422     7.5477     7.9161    31.7827    31.7866    25.2932    25.2965    7.55372 0.0000e+00
       5336     57.705     3.2847     3.2824   2.927471   2.927586     2.7424     2.6972      8.152     0.4659     2.0429 1.0790e-01     0.1081    97.3335     7.5479     7.9202    31.7828    31.7865    25.2933    25.2964    7.55375 0.0000e+00
       5339     57.763     3.2845     3.2826   2.927447   2.927605     2.7420     2.6981      8.155     0.4610     2.0429 1.0790e-01     0.1078    97.3422     7.5463     7.9252    31.7828    31.7865    25.2933    25.2965    7.55380 0.0000e+00
       5342     57.816     3.2842     3.2824   2.927434   2.927598     2.7420     2.6976      8.155     0.4659     2.0429 1.0790e-01     0.1081    97.3335     7.5472     7.9263    31.7828    31.7866    25.2934    25.2965    7.55384 0.0000e+00
       5345     57.870     3.2838     3.2824   2.927397   2.927611     2.7424     2.6976      8.153     0.4708     2.0429 1.0790e-01     0.1078    97.3422     7.5488     7.9287    31.7827    31.7867    25.2933    25.2966    7.55392 0.0000e+00
       5348     57.927     3.2836     3.2825   2.927408   2.927617     2.7420     2.6985      8.153     0.5197     2.0429 1.0790e-01     0.1085    97.3248     7.5462     7.9316    31.7830    31.7867    25.2936    25.2965    7.55394 0.0000e+00
       5351     57.984     3.2836     3.2825   2.927428   2.927606     2.7420     2.6985      8.153     0.5295     2.0429 1.0790e-01     0.1078    97.3422     7.5450     7.9291    31.7833    31.7865    25.2938    25.2964    7.55394 0.0000e+00
       5354     58.042     3.2837     3.2827   2.927416   2.927595     2.7412     2.6985      8.153     0.5148     2.0429 1.0790e-01     0.1081    97.3335     7.5423     7.9264    31.7830    31.7862    25.2936    25.2961    7.55394 0.0000e+00
       5357     58.102     3.2834     3.2826   2.927432   2.927616     2.7416     2.6989      8.153     0.5246     2.0429 1.0790e-01     0.1081    97.3335     7.5450     7.9265    31.7835    31.7865    25.2939    25.2964    7.55396 0.0000e+00
       5360     58.159     3.2836     3.2829   2.927436   2.927629     2.7424     2.6997      8.152     0.5148     2.0429 1.0790e-01     0.1085    97.3248     7.5486     7.9270    31.7832    31.7862    25.2937    25.2962    7.55393 0.0000e+00
       5363     58.220     3.2837     3.2830   2.927462   2.927640     2.7416     2.6989      8.155     0.5197     2.0429 1.0790e-01     0.1081    97.3335     7.5463     7.9215    31.7834    31.7863    25.2939    25.2962    7.55390 0.0000e+00
       5366     58.281     3.2836     3.2830   2.927458   2.927644     2.7424     2.6997      8.153     0.5197     2.0429 1.0790e-01     0.1085    97.3248     7.5502     7.9235    31.7835    31.7863    25.2939    25.2962    7.55392 0.0000e+00
       5369     58.341     3.2837     3.2830   2.927462   2.927649     2.7412     2.6997      8.152     0.5148     2.0429 1.0790e-01     0.1085    97.3248     7.5474     7.9195    31.7834    31.7863    25.2939    25.2962    7.55391 0.0000e+00
       5372     58.402     3.2838     3.2829   2.927497   2.927642     2.7408     2.6997      8.155     0.4855     2.0429 1.0790e-01     0.1081    97.3335     7.5462     7.9168    31.7837    31.7863    25.2941    25.2962    7.55388 0.0000e+00
       5375     58.464     3.2839     3.2826   2.927498   2.927636     2.7412     2.6997      8.152     0.4415     2.0429 1.0790e-01     0.1088    97.3161     7.5477     7.9153    31.7836    31.7865    25.2939    25.2964    7.55386 0.0000e+00
       5378     58.524     3.2839     3.2825   2.927485   2.927625     2.7412     2.6997      8.155     0.4513     2.0429 1.0790e-01     0.1088    97.3161     7.5487     7.9147    31.7834    31.7864    25.2938    25.2964    7.55388 0.0000e+00
       5381     58.584     3.2839     3.2826   2.927455   2.927658     2.7412     2.6997      8.152     0.4464     2.0429 1.0790e-01     0.1088    97.3161     7.5488     7.9117    31.7830    31.7867    25.2936    25.2966    7.55390 0.0000e+00
       5384     58.641     3.2837     3.2826   2.927460   2.927655     2.7416     2.6997      8.152     0.4513     2.0429 1.0790e-01     0.1088    97.3161     7.5519     7.9106    31.7832    31.7866    25.2937    25.2965    7.55391 0.0000e+00
       5387     58.698     3.2837     3.2824   2.927459   2.927655     2.7412     2.6997      8.152     0.4513     2.0429 1.0790e-01     0.1085    97.3248     7.5512     7.9099    31.7832    31.7868    25.2937    25.2967    7.55392 0.0000e+00
       5390     58.755     3.2837     3.2827   2.927462   2.927636     2.7424     2.6997      8.153     0.4415     2.0429 1.0790e-01     0.1067    97.3682     7.5571     7.9082    31.7831    31.7863    25.2937    25.2962    7.55392 0.0000e+00
       5393     58.812     3.2836     3.2825   2.927455   2.927657     2.7416     2.6997      8.155     0.4464     2.0429 1.0790e-01     0.1067    97.3682     7.5564     7.9080    31.7832    31.7867    25.2937    25.2966    7.55394 0.0000e+00
       5396     58.871     3.2836     3.2825   2.927445   2.927654     2.7412     2.6997      8.155     0.4562     2.0429 1.0790e-01     0.1067    97.3682     7.5553     7.9078    31.7830    31.7866    25.2935    25.2965    7.55394 0.0000e+00
       5399     58.925     3.2834     3.2823   2.927455   2.927672     2.7412     2.7001      8.152     0.4318     2.0429 1.0790e-01     0.1067    97.3682     7.5542     7.9090    31.7833    31.7869    25.2938    25.2968    7.55397 0.0000e+00
       5402     58.975     3.2833     3.2823   2.927455   2.927649     2.7416     2.7001      8.155     0.4073     2.0429 1.0790e-01     0.1067    97.3682     7.5571     7.9077    31.7834    31.7867    25.2939    25.2966    7.55399 0.0000e+00
       5405     59.026     3.2833     3.2821   2.927445   2.927640     2.7424     2.6997      8.153     0.4171     2.0429 1.0790e-01     0.1067    97.3682     7.5602     7.9037    31.7833    31.7868    25.2938    25.2967    7.55400 0.0000e+00
       5408     59.078     3.2832     3.2820   2.927459   2.927639     2.7420     2.6997      8.155     0.4220     2.0429 1.0790e-01     0.1071    97.3595     7.5586     7.9033    31.7835    31.7868    25.2940    25.2967    7.55400 0.0000e+00
       5411     59.129     3.2832     3.2817   2.927433   2.927625     2.7416     2.6997      8.153     0.4171     2.0429 1.0790e-01     0.1081    97.3335     7.5565     7.9022    31.7832    31.7869    25.2937    25.2968    7.55402 0.0000e+00
       5414     59.177     3.2833     3.2807   2.927465   2.927568     2.7424     2.6997      8.153     0.4220     2.0429 1.0790e-01     0.1085    97.3248     7.5587     7.9012    31.7834    31.7872    25.2939    25.2972    7.55398 0.0000e+00
       5417     59.224     3.2834     3.2797   2.927454   2.927555     2.7424     2.6997      8.155     0.4220     2.0429 1.0790e-01     0.1085    97.3248     7.5594     7.8999    31.7832    31.7880    25.2937    25.2978    7.55398 0.0000e+00
       5420     59.270     3.2833     3.2787   2.927477   2.927518     2.7420     2.6997      8.153     0.4171     2.0429 1.0790e-01     0.1085    97.3248     7.5578     7.8990    31.7835    31.7885    25.2940    25.2983    7.55399 0.0000e+00
       5423     59.316     3.2833     3.2780   2.927464   2.927507     2.7420     2.6997      8.155     0.4171     2.0429 1.0790e-01     0.1081    97.3335     7.5559     7.8982    31.7833    31.7890    25.2938    25.2989    7.55399 0.0000e+00
       5426     59.361     3.2830     3.2777   2.927433   2.927475     2.7437     2.6989      8.153     0.4171     2.1614 1.0790e-01     0.1085    97.3248     7.5590     7.8958    31.7832    31.7889    25.2938    25.2988    7.55405 0.0000e+00
       5429     59.405     3.2818     3.2775   2.927380   2.927483     2.7424     2.6989      8.155     0.4220     2.1614 1.0790e-01     0.1078    97.3422     7.5526     7.8953    31.7837    31.7892    25.2943    25.2990    7.55425 0.0000e+00
       5432     59.447     3.2807     3.2773   2.927311   2.927447     2.7420     2.6997      8.152     0.4220     2.1614 1.0790e-01     0.1067    97.3682     7.5517     7.8977    31.7840    31.7890    25.2946    25.2989    7.55445 0.0000e+00
       5435     59.489     3.2801     3.2766   2.927307   2.927442     2.7424     2.6989      8.154     0.4220     2.1614 1.0790e-01     0.1067    97.3682     7.5527     7.8948    31.7844    31.7895    25.2950    25.2993    7.55453 0.0000e+00
       5438     59.534     3.2798     3.2761   2.927322   2.927422     2.7420     2.6993      8.154     0.4171     2.1614 1.0790e-01     0.1067    97.3682     7.5515     7.8967    31.7849    31.7897    25.2954    25.2996    7.55458 0.0000e+00
       5441     59.574     3.2795     3.2756   2.927311   2.927414     2.7428     2.6985      8.155     0.4122     2.1614 1.0790e-01     0.1067    97.3682     7.5543     7.8946    31.7850    31.7901    25.2956    25.2999    7.55462 0.0000e+00
       5444     59.616     3.2793     3.2752   2.927315   2.927416     2.7424     2.6993      8.155     0.4220     2.1614 1.0790e-01     0.1067    97.3682     7.5520     7.8988    31.7853    31.7906    25.2958    25.3003    7.55464 0.0000e+00
       5447     59.653     3.2791     3.2750   2.927310   2.927426     2.7416     2.6985      8.152     0.4220     2.1614 1.0790e-01     0.1071    97.3595     7.5486     7.8975    31.7854    31.7908    25.2959    25.3005    7.55468 0.0000e+00
       5450     59.697     3.2789     3.2747   2.927301   2.927414     2.7412     2.6985      8.155     0.4220     2.1614 1.0790e-01     0.1127    97.2205     7.5461     7.8992    31.7854    31.7910    25.2959    25.3007    7.55471 0.0000e+00
       5453     59.737     3.2784     3.2749   2.927272   2.927410     2.7412     2.6985      8.155     0.4220     2.1614 1.0790e-01     0.1131    97.2118     7.5471     7.8987    31.7856    31.7907    25.2961    25.3004    7.55480 0.0000e+00
       5456     59.779     3.2779     3.2744   2.927270   2.927402     2.7424     2.6985      8.154     0.4122     2.1614 1.0790e-01     0.1131    97.2118     7.5513     7.8996    31.7860    31.7911    25.2965    25.3008    7.55487 0.0000e+00
       5459     59.819     3.2774     3.2743   2.927258   2.927379     2.7424     2.6985      8.151     0.4122     2.1614 1.0790e-01     0.1131    97.2118     7.5524     7.9016    31.7864    31.7909    25.2968    25.3007    7.55495 0.0000e+00
       5462     59.863     3.2770     3.2738   2.927236   2.927360     2.7424     2.6985      8.152     0.4171     2.1614 1.0790e-01     0.1131    97.2118     7.5539     7.9023    31.7865    31.7911    25.2969    25.3008    7.55503 0.0000e+00
       5465     59.905     3.2768     3.2730   2.927237   2.927356     2.7416     2.6985      8.155     0.4122     2.1614 1.0790e-01     0.1131    97.2118     7.5505     7.9040    31.7867    31.7919    25.2971    25.3016    7.55505 0.0000e+00
       5468     59.949     3.2765     3.2723   2.927185   2.927317     2.7416     2.6985      8.152     0.4220     2.1614 1.0790e-01     0.1124    97.2292     7.5534     7.9043    31.7863    31.7920    25.2968    25.3017    7.55513 0.0000e+00
       5471     59.992     3.2762     3.2718   2.927187   2.927324     2.7416     2.6985      8.155     0.4220     2.1614 1.0790e-01     0.1078    97.3422     7.5550     7.9051    31.7866    31.7926    25.2971    25.3022    7.55517 0.0000e+00
