Datasets/AZMP/COO001/79001031.cnv
* Sea-Bird SBE 9 Data File:
* FileName = C:\CTDDATA\79001031.hex
* Software Version Seasave V 7.26.7.110
* Temperature SN = 5660
* Conductivity SN = 3698
* Number of Bytes Per Scan = 30
* Number of Voltage Words = 4
* Number of Scans Averaged by the Deck Unit = 1
* NMEA baud rate = 9600
** VESSEL/TRIP/SEQ STN:  79001031
** LATITUDE XX XX.XX N:  43 12.00 N
** LONGITUDE XX XX.XX W:  50 10.00 W
** SOUNDING DEPTH (M):  0069
** PROBE TYPE: S1257
** CTD NUMBER: 018
** COMMENTS (14 CHAR): SEGB-13
** BOTTLES:  09
** LEVELS: 5,5,10,20,20,30,40,50,BTM
** STICKERS: 434821 - 434829
** VNET: Y
** DO2: Y
# nquan = 22
# nvalues = 1609                        
# units = specified
# name 0 = scan: Scan Count
# name 1 = prDM: Pressure, Digiquartz [db]
# name 2 = t090C: Temperature [ITS-90, deg C]
# name 3 = t190C: Temperature, 2 [ITS-90, deg C]
# name 4 = c0S/m: Conductivity [S/m]
# name 5 = c1S/m: Conductivity, 2 [S/m]
# name 6 = sbeox0V: Oxygen raw, SBE 43 [V]
# name 7 = sbeox1V: Oxygen raw, SBE 43, 2 [V]
# name 8 = ph: pH
# name 9 = flECO-AFL: Fluorescence, WET Labs ECO-AFL/FL [mg/m^3]
# name 10 = wetCDOM: Fluorescence, WET Labs CDOM [mg/m^3]
# name 11 = par/sat/log: PAR/Logarithmic, Satlantic [umol photons/m^2/sec]
# name 12 = CStarAt0: Beam Attenuation, WET Labs C-Star [1/m]
# name 13 = CStarTr0: Beam Transmission, WET Labs C-Star [%]
# name 14 = sbeox0ML/L: Oxygen, SBE 43 [ml/l], WS = 2
# name 15 = sbeox1ML/L: Oxygen, SBE 43, 2 [ml/l], WS = 2
# name 16 = sal00: Salinity, Practical [PSU]
# name 17 = sal11: Salinity, Practical, 2 [PSU]
# name 18 = sigma-t00: Density [sigma-t, kg/m^3 ]
# name 19 = sigma-t11: Density, 2 [sigma-t, kg/m^3 ]
# name 20 = oxsatML/L: Oxygen Saturation, Weiss [ml/l]
# name 21 = flag: flag
# span 0 =         29,      38180       
# span 1 =      1.799,     62.625       
# span 2 =     3.8032,     4.5560       
# span 3 =     3.8021,     4.5536       
# span 4 =   3.087377,   3.131956       
# span 5 =   3.087934,   3.131985       
# span 6 =     2.7745,     3.1160       
# span 7 =     2.5592,     2.9365       
# span 8 =      8.105,      8.220       
# span 9 =     0.7004,     8.6662       
# span 10 =    -1.8655,   480.9237      
# span 11 = 1.0631e-01, 9.3315e-01      
# span 12 =     0.2822,     0.7068      
# span 13 =    83.8035,    93.1884      
# span 14 =     7.4637,     8.4027      
# span 15 =     6.1272,     7.1207      
# span 16 =    32.8457,    33.2434      
# span 17 =    32.8470,    33.2457      
# span 18 =    26.0170,    26.4084      
# span 19 =    26.0182,    26.4103      
# span 20 =    7.26457,    7.38467      
# span 21 = 0.0000e+00, 0.0000e+00      
# interval = scans: 3                   
# start_time = Nov 25 2019 07:09:20 [System UTC, header]
# bad_flag = -9.990e-29
*END*
[from data line 1383]
      29800     16.105     4.5353     4.5457   3.129530   3.128502     3.0952     2.8815      8.198     2.9226     1.3323 1.0752e-01     0.4034    90.4077     8.3003     6.9553    32.9546    32.9323    26.1043    26.0855    7.26680 0.0000e+00
      29803     16.018     4.5353     4.5460   3.129528   3.128496     3.0940     2.8819      8.198     2.9275     1.3323 1.0752e-01     0.4034    90.4077     8.2955     6.9547    32.9547    32.9319    26.1044    26.0852    7.26681 0.0000e+00
      29806     15.926     4.5353     4.5452   3.129544   3.128612     3.0931     2.8819      8.198     2.9275     1.3323 1.0752e-01     0.4471    89.4258     8.2928     6.9534    32.9549    32.9341    26.1046    26.0871    7.26679 0.0000e+00
      29809     15.831     4.5354     4.5458   3.129488   3.128303     3.0923     2.8815      8.200     2.5905     1.3323 1.0752e-01     0.4759    88.7827     8.2911     6.9514    32.9542    32.9300    26.1040    26.0837    7.26681 0.0000e+00
      29812     15.730     4.5355     4.5483   3.129458   3.127937     3.0919     2.8819      8.201     2.5661     1.3323 1.0740e-01     0.4743    88.8175     8.2920     6.9527    32.9537    32.9233    26.1037    26.0781    7.26681 0.0000e+00
      29815     15.625     4.5357     4.5492   3.129421   3.128115     3.0935     2.8810      8.201     2.5612     1.3323 1.0740e-01     0.4743    88.8175     8.3003     6.9503    32.9532    32.9245    26.1032    26.0790    7.26681 0.0000e+00
      29818     15.516     4.5361     4.5463   3.129386   3.128576     3.0935     2.8819      8.200     2.5661     1.3323 1.0752e-01     0.4747    88.8088     8.3041     6.9534    32.9525    32.9329    26.1026    26.0860    7.26677 0.0000e+00
      29821     15.406     4.5363     4.5451   3.129378   3.128574     3.0915     2.8815      8.203     2.5612     1.3323 1.0752e-01     0.4743    88.8175     8.3032     6.9535    32.9522    32.9341    26.1024    26.0870    7.26675 0.0000e+00
      29824     15.295     4.5365     4.5437   3.129337   3.128724     3.0915     2.8819      8.203     2.5612     1.3323 1.0740e-01     0.4743    88.8175     8.3079     6.9557    32.9516    32.9372    26.1018    26.0897    7.26674 0.0000e+00
      29827     15.181     4.5369     4.5443   3.129257   3.128380     3.0907     2.8819      8.203     2.5661     1.3323 1.0752e-01     0.4211    90.0080     8.3082     6.9567    32.9503    32.9327    26.1008    26.0861    7.26673 0.0000e+00
      29830     15.068     4.5374     4.5463   3.129182   3.127930     3.0911     2.8819      8.203     2.5661     1.3323 1.0752e-01     0.4134    90.1818     8.3116     6.9590    32.9490    32.9256    26.0997    26.0802    7.26671 0.0000e+00
      29833     14.960     4.5378     4.5464   3.129125   3.128157     3.0907     2.8819      8.203     2.6491     1.3323 1.0752e-01     0.4138    90.1731     8.3123     6.9606    32.9480    32.9281    26.0989    26.0822    7.26668 0.0000e+00
      29836     14.853     4.5383     4.5465   3.129096   3.128090     3.0907     2.8831      8.203     2.9665     1.3323 1.0752e-01     0.4138    90.1731     8.3133     6.9652    32.9473    32.9273    26.0982    26.0815    7.26664 0.0000e+00
      29839     14.755     4.5387     4.5463   3.129080   3.128255     3.0907     2.8831      8.203     2.9568     1.3323 1.0752e-01     0.4138    90.1731     8.3146     6.9653    32.9467    32.9295    26.0977    26.0833    7.26658 0.0000e+00
      29842     14.655     4.5392     4.5447   3.128915   3.128512     3.0911     2.8831      8.203     2.9568     1.3323 1.0752e-01     0.4138    90.1731     8.3197     6.9651    32.9443    32.9342    26.0958    26.0871    7.26661 0.0000e+00
      29845     14.560     4.5403     4.5445   3.128738   3.128498     3.0919     2.8831      8.203     2.9568     1.2928 1.0752e-01     0.4196    90.0428     8.3243     6.9644    32.9413    32.9342    26.0932    26.0872    7.26657 0.0000e+00
      29848     14.472     4.5405     4.5446   3.128820   3.128344     3.0915     2.8835      8.203     2.9617     1.3323 1.0752e-01     0.4501    89.3563     8.3229     6.9660    32.9421    32.9324    26.0938    26.0858    7.26650 0.0000e+00
      29851     14.391     4.5414     4.5460   3.128403   3.127337     3.0911     2.8835      8.203     2.9665     1.3323 1.0740e-01     0.4498    89.3649     8.3210     6.9668    32.9363    32.9193    26.0892    26.0752    7.26661 0.0000e+00
      29854     14.318     4.5422     4.5471   3.128592   3.127030     3.0915     2.8843      8.203     2.9568     1.3323 1.0752e-01     0.4498    89.3649     8.3208     6.9690    32.9377    32.9146    26.0902    26.0713    7.26639 0.0000e+00
      29857     14.257     4.5421     4.5474   3.128635   3.127050     3.0919     2.8843      8.203     2.9665     1.3323 1.0740e-01     0.4498    89.3649     8.3203     6.9680    32.9384    32.9147    26.0908    26.0714    7.26638 0.0000e+00
      29860     14.208     4.5422     4.5475   3.128462   3.127285     3.0919     2.8843      8.203     3.0887     1.3323 1.0752e-01     0.4502    89.3562     8.3185     6.9675    32.9363    32.9172    26.0891    26.0734    7.26647 0.0000e+00
      29863     14.166     4.5424     4.5473   3.128575   3.127456     3.0919     2.8843      8.203     3.2205     1.3323 1.0752e-01     0.4498    89.3649     8.3156     6.9685    32.9374    32.9195    26.0900    26.0752    7.26638 0.0000e+00
      29866     14.132     4.5421     4.5470   3.128699   3.127590     3.0919     2.8843      8.203     3.2156     1.3323 1.0752e-01     0.4521    89.3128     8.3124     6.9696    32.9392    32.9214    26.0914    26.0768    7.26634 0.0000e+00
      29942     14.099     4.5429     4.5468   3.128535   3.127400     3.0874     2.8892      8.206     3.6698     1.3323 1.0752e-01     0.4728    88.8523     8.2977     6.9836    32.9365    32.9194    26.0892    26.0752    7.26634 0.0000e+00
      29981     14.019     4.5429     4.5467   3.128506   3.127307     3.0862     2.8925      8.207     3.8994     1.3323 1.0715e-01     0.4814    88.6611     8.2935     6.9933    32.9363    32.9184    26.0890    26.0744    7.26635 0.0000e+00
      29984     13.930     4.5427     4.5469   3.128492   3.127552     3.0858     2.8925      8.204     3.9043     1.3323 1.0740e-01     0.4818    88.6524     8.2914     6.9928    32.9363    32.9211    26.0890    26.0765    7.26638 0.0000e+00
      29987     13.840     4.5424     4.5470   3.128529   3.127536     3.0858     2.8933      8.204     3.8945     1.3323 1.0740e-01     0.4728    88.8523     8.2915     6.9947    32.9371    32.9209    26.0897    26.0763    7.26640 0.0000e+00
      29990     13.749     4.5422     4.5472   3.128512   3.127531     3.0858     2.8929      8.206     3.8945     1.3323 1.0752e-01     0.4521    89.3128     8.2914     6.9940    32.9371    32.9207    26.0897    26.0762    7.26643 0.0000e+00
      29993     13.656     4.5423     4.5474   3.128418   3.127408     3.0858     2.8941      8.207     3.8994     1.3323 1.0752e-01     0.4529    89.2954     8.2913     6.9979    32.9359    32.9191    26.0888    26.0748    7.26646 0.0000e+00
      29996     13.567     4.5426     4.5472   3.128401   3.127556     3.0854     2.8941      8.207     3.9043     1.3323 1.0752e-01     0.4533    89.2867     8.2907     6.9975    32.9355    32.9210    26.0885    26.0764    7.26644 0.0000e+00
      29999     13.479     4.5429     4.5471   3.128352   3.127545     3.0850     2.8941      8.206     3.8994     1.3323 1.0752e-01     0.4533    89.2867     8.2903     6.9978    32.9346    32.9211    26.0877    26.0765    7.26641 0.0000e+00
      30002     13.393     4.5429     4.5470   3.128305   3.127520     3.0846     2.8941      8.206     3.8945     1.3323 1.0752e-01     0.4525    89.3041     8.2905     6.9973    32.9341    32.9209    26.0873    26.0764    7.26644 0.0000e+00
      30005     13.310     4.5428     4.5469   3.128286   3.127697     3.0846     2.8941      8.207     3.9043     1.3323 1.0752e-01     0.4533    89.2867     8.2925     6.9965    32.9341    32.9232    26.0873    26.0782    7.26646 0.0000e+00
      30008     13.231     4.5426     4.5468   3.128348   3.127718     3.0846     2.8941      8.207     3.9043     1.3323 1.0727e-01     0.4783    88.7306     8.2943     6.9966    32.9350    32.9235    26.0880    26.0785    7.26645 0.0000e+00
      30011     13.154     4.5424     4.5464   3.128221   3.127695     3.0850     2.8941      8.207     3.8994     1.3323 1.0727e-01     0.4983    88.2874     8.2971     6.9964    32.9338    32.9237    26.0871    26.0786    7.26655 0.0000e+00
      30014     13.080     4.5429     4.5467   3.128027   3.127618     3.0846     2.8953      8.207     3.8994     1.3323 1.0740e-01     0.4975    88.3048     8.2986     7.0000    32.9311    32.9226    26.0849    26.0777    7.26660 0.0000e+00
      30017     13.012     4.5431     4.5468   3.127951   3.127434     3.0846     2.8953      8.207     4.1045     1.3323 1.0740e-01     0.4979    88.2961     8.3011     6.9994    32.9301    32.9203    26.0840    26.0759    7.26660 0.0000e+00
      30020     12.948     4.5432     4.5467   3.128003   3.127246     3.0850     2.8953      8.207     4.3536     1.3323 1.0752e-01     0.4979    88.2961     8.3048     6.9996    32.9306    32.9183    26.0845    26.0743    7.26656 0.0000e+00
      30023     12.889     4.5432     4.5466   3.128019   3.127058     3.0850     2.8957      8.207     4.3341     1.3323 1.0752e-01     0.4979    88.2961     8.3070     7.0009    32.9308    32.9162    26.0846    26.0726    7.26655 0.0000e+00
      30026     12.832     4.5430     4.5464   3.128012   3.127038     3.0854     2.8953      8.207     4.3438     1.3323 1.0752e-01     0.4979    88.2961     8.3096     6.9991    32.9310    32.9162    26.0848    26.0727    7.26658 0.0000e+00
      30029     12.779     4.5430     4.5464   3.128027   3.127215     3.0862     2.8965      8.207     4.3487     1.3323 1.0740e-01     0.5307    87.5748     8.3130     7.0021    32.9311    32.9183    26.0849    26.0743    7.26657 0.0000e+00
      30032     12.731     4.5433     4.5466   3.127977   3.127267     3.0854     2.8965      8.207     4.3438     1.3323 1.0727e-01     0.5371    87.4358     8.3108     7.0015    32.9303    32.9187    26.0842    26.0746    7.26656 0.0000e+00
      30035     12.688     4.5432     4.5465   3.127942   3.127274     3.0858     2.8965      8.207     4.3341     1.3323 1.0727e-01     0.5363    87.4532     8.3131     7.0005    32.9300    32.9189    26.0840    26.0748    7.26659 0.0000e+00
      30038     12.649     4.5433     4.5464   3.127879   3.127279     3.0870     2.8965      8.207     4.3390     1.3323 1.0715e-01     0.5371    87.4358     8.3180     6.9988    32.9291    32.9191    26.0833    26.0750    7.26661 0.0000e+00
      30041     12.611     4.5434     4.5465   3.128029   3.127241     3.0866     2.8965      8.207     4.3438     1.3323 1.0727e-01     0.5367    87.4445     8.3170     6.9986    32.9309    32.9186    26.0847    26.0746    7.26652 0.0000e+00
      30044     12.578     4.5433     4.5463   3.128125   3.127248     3.0866     2.8965      8.207     4.5783     1.3323 1.0727e-01     0.5371    87.4358     8.3171     6.9989    32.9320    32.9189    26.0856    26.0748    7.26647 0.0000e+00
      30047     12.547     4.5433     4.5463   3.128289   3.127222     3.0874     2.8969      8.207     4.6613     1.3323 1.0740e-01     0.5375    87.4271     8.3199     6.9995    32.9340    32.9186    26.0872    26.0746    7.26639 0.0000e+00
      30050     12.523     4.5433     4.5464   3.128291   3.127236     3.0870     2.8965      8.207     4.6613     1.3323 1.0727e-01     0.5418    87.3315     8.3185     6.9978    32.9341    32.9186    26.0872    26.0746    7.26638 0.0000e+00
      30056     12.482     4.5430     4.5465   3.128302   3.127324     3.0879     2.8977      8.207     4.6564     1.3323 1.0715e-01     0.5418    87.3315     8.3198     7.0029    32.9345    32.9196    26.0876    26.0754    7.26640 0.0000e+00
      30102     12.410     4.5417     4.5467   3.128555   3.127255     3.0870     2.8981      8.207     5.1790     1.2534 1.0752e-01     0.5299    87.5922     8.3080     6.9877    32.9388    32.9187    26.0911    26.0746    7.26643 0.0000e+00
      30127     12.354     4.5412     4.5468   3.128616   3.127240     3.0866     2.8977      8.207     5.5306     1.2139 1.0727e-01     0.5240    87.7226     8.3056     6.9753    32.9400    32.9185    26.0921    26.0744    7.26646 0.0000e+00
      30130     12.331     4.5413     4.5466   3.128620   3.127186     3.0866     2.8977      8.207     5.5355     1.2139 1.0740e-01     0.5279    87.6357     8.3080     6.9741    32.9400    32.9180    26.0921    26.0741    7.26645 0.0000e+00
      30133     12.306     4.5414     4.5467   3.128624   3.127176     3.0870     2.8977      8.207     5.5355     1.2139 1.0740e-01     0.5287    87.6183     8.3125     6.9734    32.9400    32.9178    26.0921    26.0739    7.26643 0.0000e+00
      30136     12.279     4.5414     4.5467   3.128632   3.127202     3.0870     2.8969      8.207     5.5404     1.2139 1.0715e-01     0.5287    87.6183     8.3149     6.9713    32.9400    32.9181    26.0921    26.0741    7.26643 0.0000e+00
      30139     12.254     4.5414     4.5468   3.128590   3.127153     3.0870     2.8965      8.207     5.5306     1.2139 1.0727e-01     0.5287    87.6183     8.3171     6.9701    32.9395    32.9174    26.0917    26.0736    7.26645 0.0000e+00
      30150     12.207     4.5417     4.5465   3.128450   3.127072     3.0882     2.8957      8.207     5.7162     1.2139 1.0727e-01     0.5327    87.5314     8.3227     6.9718    32.9377    32.9168    26.0902    26.0732    7.26649 0.0000e+00
      30169     12.128     4.5425     4.5460   3.128257   3.126945     3.0907     2.8949      8.207     6.0777     1.2139 1.0727e-01     0.5470    87.2186     8.3306     6.9811    32.9347    32.9159    26.0878    26.0725    7.26650 0.0000e+00
      30172     12.101     4.5427     4.5458   3.128234   3.126939     3.0907     2.8953      8.207     6.0874     1.2139 1.0715e-01     0.5606    86.9231     8.3297     6.9847    32.9342    32.9160    26.0873    26.0726    7.26647 0.0000e+00
      30175     12.073     4.5429     4.5449   3.128169   3.126240     3.0911     2.8953      8.207     5.0081     1.2139 1.0715e-01     0.5598    86.9405     8.3300     6.9867    32.9333    32.9088    26.0866    26.0670    7.26649 0.0000e+00
      30178     12.042     4.5432     4.5429   3.128134   3.125852     3.0915     2.8949      8.207     4.6808     1.2139 1.0715e-01     0.5598    86.9405     8.3311     6.9877    32.9326    32.9063    26.0860    26.0652    7.26647 0.0000e+00
      30181     12.009     4.5431     4.5410   3.128181   3.125385     3.0915     2.8953      8.207     4.6906     1.2139 1.0740e-01     0.5598    86.9405     8.3307     6.9914    32.9333    32.9027    26.0866    26.0626    7.26645 0.0000e+00
      30184     11.974     4.5434     4.5398   3.128135   3.125099     3.0919     2.8953      8.207     4.6955     1.2139 1.0715e-01     0.5598    86.9405     8.3311     6.9936    32.9324    32.9007    26.0859    26.0610    7.26645 0.0000e+00
      30187     11.942     4.5434     4.5395   3.128143   3.125177     3.0919     2.8953      8.207     4.6906     1.2139 1.0715e-01     0.5598    86.9405     8.3312     6.9950    32.9326    32.9018    26.0860    26.0620    7.26643 0.0000e+00
      30190     11.906     4.5435     4.5399   3.128176   3.125164     3.0919     2.8953      8.207     4.6955     1.2139 1.0715e-01     0.5426    87.3142     8.3299     6.9959    32.9328    32.9013    26.0862    26.0616    7.26639 0.0000e+00
      30193     11.871     4.5434     4.5407   3.128164   3.125325     3.0927     2.8953      8.207     4.6906     1.2139 1.0727e-01     0.5295    87.6009     8.3325     6.9968    32.9328    32.9024    26.0861    26.0624    7.26642 0.0000e+00
