Datasets/AZMP/COO001/79001001.cnv
* Sea-Bird SBE 9 Data File:
* FileName = C:\CTDDATA\79001001.hex
* Software Version Seasave V 7.26.7.110
* Temperature SN = 5811
* Conductivity SN = 4531
* Number of Bytes Per Scan = 30
* Number of Voltage Words = 4
* Number of Scans Averaged by the Deck Unit = 1
* NMEA baud rate = 9600
** VESSEL/TRIP/SEQ STN:  79001001
** LATITUDE XX XX.XX N:  47 32.80 N
** LONGITUDE XX XX.XX W:  52 35.20 W
** SOUNDING DEPTH (M):  0180
** PROBE TYPE (S1221): S1221
** CTD NUMBER: 001
** COMMENTS (14 CHAR):  S27-01
** BOTTLES:  20
** LEVELS: 5,5,5,5,10,20,20,20,20,30,40,50,50,50,75,100,100,100,150,BTM
** STICKERS: 434558 - 434577
** VNET: Y
** DO2: N
# nquan = 22
# nvalues = 4286                        
# units = specified
# name 0 = scan: Scan Count
# name 1 = prDM: Pressure, Digiquartz [db]
# name 2 = t090C: Temperature [ITS-90, deg C]
# name 3 = t190C: Temperature, 2 [ITS-90, deg C]
# name 4 = c0S/m: Conductivity [S/m]
# name 5 = c1S/m: Conductivity, 2 [S/m]
# name 6 = sbeox0V: Oxygen raw, SBE 43 [V]
# name 7 = sbeox1V: Oxygen raw, SBE 43, 2 [V]
# name 8 = ph: pH
# name 9 = flECO-AFL: Fluorescence, WET Labs ECO-AFL/FL [mg/m^3]
# name 10 = wetCDOM: Fluorescence, WET Labs CDOM [mg/m^3]
# name 11 = par/sat/log: PAR/Logarithmic, Satlantic [umol photons/m^2/sec]
# name 12 = CStarAt0: Beam Attenuation, WET Labs C-Star [1/m]
# name 13 = CStarTr0: Beam Transmission, WET Labs C-Star [%]
# name 14 = sbeox0ML/L: Oxygen, SBE 43 [ml/l], WS = 2
# name 15 = sbeox1ML/L: Oxygen, SBE 43, 2 [ml/l], WS = 2
# name 16 = sal00: Salinity, Practical [PSU]
# name 17 = sal11: Salinity, Practical, 2 [PSU]
# name 18 = sigma-t00: Density [sigma-t, kg/m^3 ]
# name 19 = sigma-t11: Density, 2 [sigma-t, kg/m^3 ]
# name 20 = oxsatML/L: Oxygen Saturation, Weiss [ml/l]
# name 21 = flag: flag
# span 0 =         29,      40161       
# span 1 =      2.696,    174.146       
# span 2 =    -0.9459,     5.5977       
# span 3 =    -0.9465,     5.5986       
# span 4 =   2.669134,   3.086285       
# span 5 =   2.669263,   3.086290       
# span 6 =     2.2515,     2.6521       
# span 7 =     2.1453,     2.5300       
# span 8 =      7.941,      8.127       
# span 9 =     0.0460,     0.8445       
# span 10 =    -1.0780,   108.9220      
# span 11 = 1.1679e-01, 7.8612e-01      
# span 12 =    -0.1131,    -0.0242      
# span 13 =   100.6064,   102.8672      
# span 14 =     7.4899,     8.3211      
# span 15 =     7.5859,     8.6531      
# span 16 =    31.4105,    32.9469      
# span 17 =    31.4332,    32.9473      
# span 18 =    24.7668,    26.4851      
# span 19 =    24.7824,    26.4854      
# span 20 =    7.15341,    8.37621      
# span 21 = 0.0000e+00, 0.0000e+00      
# interval = scans: 3                   
# start_time = Nov 17 2019 20:06:07 [System UTC, header]
# bad_flag = -9.990e-29
*END*
[from data line 1976]
       6299    168.620    -0.8812    -0.8846   2.684000   2.683300     2.2840     2.1818      7.950     0.0558     1.1605 1.1787e-01    -0.0664   101.6735     7.5847     7.6891    32.9379    32.9322    26.4781    26.4736    8.35469 0.0000e+00
       6302    168.693    -0.8806    -0.8855   2.683937   2.683304     2.2840     2.1806      7.950     0.0558     1.1694 1.1787e-01    -0.0668   101.6825     7.5907     7.6858    32.9364    32.9332    26.4768    26.4744    8.35465 0.0000e+00
       6305    168.761    -0.8803    -0.8840   2.684015   2.683531     2.2828     2.1806      7.950     0.0582     1.1605 1.1787e-01    -0.0668   101.6825     7.5919     7.6876    32.9371    32.9345    26.4774    26.4754    8.35454 0.0000e+00
       6308    168.820    -0.8801    -0.8838   2.684074   2.683653     2.2832     2.1802      7.950     0.0582     1.1784 1.1787e-01    -0.0668   101.6825     7.5988     7.6880    32.9375    32.9360    26.4778    26.4766    8.35446 0.0000e+00
       6311    168.862    -0.8813    -0.8823   2.683866   2.683921     2.2824     2.1790      7.950     0.0655     2.6916 1.1787e-01    -0.0664   101.6735     7.6014     7.6870    32.9360    32.9379    26.4766    26.4781    8.35482 0.0000e+00
       6329    168.935    -0.9045    -0.8922   2.678587   2.681124     2.2820     2.1778      7.951     0.0729     3.9721 1.1787e-01    -0.0632   101.5921     7.6338     7.6990    32.8900    32.9109    26.4401    26.4566    8.36272 0.0000e+00
       6332    168.963    -0.9082    -0.8951   2.677775   2.680702     2.2820     2.1770      7.951     0.0704     3.9721 1.1787e-01    -0.0632   101.5921     7.6371     7.6968    32.8830    32.9084    26.4345    26.4547    8.36396 0.0000e+00
       6335    168.998    -0.9090    -0.8985   2.676223   2.679952     2.2820     2.1770      7.951     0.0729     3.9721 1.1773e-01    -0.0628   101.5831     7.6402     7.6961    32.8629    32.9019    26.4183    26.4495    8.36531 0.0000e+00
       6338    169.034    -0.9103    -0.8990   2.677276   2.679956     2.2816     2.1761      7.951     0.0606     5.1003 1.1787e-01    -0.0575   101.4474     7.6389     7.6900    32.8786    32.9025    26.4311    26.4500    8.36471 0.0000e+00
       6341    169.069    -0.9122    -0.8970   2.677130   2.680441     2.2820     2.1757      7.951     0.0582     5.3152 1.1787e-01    -0.0568   101.4293     7.6423     7.6883    32.8786    32.9068    26.4311    26.4534    8.36513 0.0000e+00
       6344    169.099    -0.9106    -0.8955   2.677418   2.680682     2.2820     2.1757      7.952     0.0558     5.3152 1.1773e-01    -0.0568   101.4293     7.6413     7.6898    32.8808    32.9084    26.4329    26.4547    8.36465 0.0000e+00
       6347    169.128    -0.9097    -0.8951   2.677386   2.680782     2.2820     2.1753      7.951     0.0582     5.3152 1.1787e-01    -0.0568   101.4293     7.6403     7.6907    32.8794    32.9093    26.4317    26.4554    8.36453 0.0000e+00
       6350    169.162    -0.9090    -0.8919   2.677405   2.681329     2.2820     2.1757      7.952     0.0582     5.3152 1.1787e-01    -0.0568   101.4293     7.6388     7.6935    32.8788    32.9132    26.4312    26.4585    8.36439 0.0000e+00
       6353    169.201    -0.9096    -0.8894   2.677376   2.682114     2.2820     2.1745      7.954     0.0558     5.3152 1.1787e-01    -0.0568   101.4293     7.6381     7.6866    32.8791    32.9210    26.4314    26.4647    8.36452 0.0000e+00
       6356    169.248    -0.9099    -0.8883   2.677470   2.682408     2.2820     2.1741      7.955     0.0606     5.3152 1.1787e-01    -0.0579   101.4564     7.6371     7.6842    32.8806    32.9238    26.4327    26.4669    8.36449 0.0000e+00
       6359    169.300    -0.9084    -0.8871   2.677905   2.682694     2.2820     2.1733      7.954     0.0558     5.3152 1.1787e-01    -0.0639   101.6102     7.6349     7.6793    32.8848    32.9263    26.4360    26.4689    8.36391 0.0000e+00
       6362    169.356    -0.9066    -0.8860   2.678544   2.682962     2.2820     2.1733      7.955     0.0582     4.4914 1.1787e-01    -0.0635   101.6011     7.6318     7.6791    32.8914    32.9287    26.4413    26.4708    8.36312 0.0000e+00
       6365    169.413    -0.9012    -0.8848   2.679909   2.683199     2.2824     2.1733      7.955     0.0729    -0.5587 1.1787e-01    -0.0632   101.5921     7.6293     7.6771    32.9039    32.9306    26.4513    26.4723    8.36117 0.0000e+00
       6368    169.467    -0.8939    -0.8845   2.681139   2.683280     2.2820     2.1733      7.953     0.0778    -0.6124 1.1787e-01    -0.0635   101.6011     7.6231     7.6748    32.9126    32.9313    26.4580    26.4728    8.35903 0.0000e+00
       6371    169.520    -0.8917    -0.8842   2.681587   2.683410     2.2816     2.1733      7.953     0.0802    -0.6034 1.1787e-01    -0.0639   101.6102     7.6179     7.6731    32.9162    32.9327    26.4609    26.4740    8.35832 0.0000e+00
       6374    169.576    -0.8903    -0.8836   2.681894   2.683473     2.2811     2.1725      7.952     0.0802    -0.6213 1.1787e-01    -0.0635   101.6011     7.6127     7.6701    32.9188    32.9329    26.4629    26.4741    8.35786 0.0000e+00
       6377    169.639    -0.8893    -0.8839   2.682080   2.683424     2.2816     2.1721      7.953     0.0753    -0.6124 1.1787e-01    -0.0642   101.6192     7.6109     7.6710    32.9202    32.9324    26.4640    26.4738    8.35754 0.0000e+00
       6380    169.700    -0.8891    -0.8837   2.682103   2.683503     2.2811     2.1713      7.952     0.0778    -0.6213 1.1787e-01    -0.0653   101.6463     7.6060     7.6662    32.9203    32.9333    26.4641    26.4744    8.35750 0.0000e+00
       6383    169.768    -0.8895    -0.8836   2.682068   2.683545     2.2807     2.1709      7.950     0.0753    -0.6124 1.1773e-01    -0.0653   101.6463     7.6010     7.6634    32.9202    32.9337    26.4641    26.4747    8.35760 0.0000e+00
       6386    169.837    -0.8907    -0.8832   2.681712   2.683579     2.2807     2.1705      7.950     0.0729    -0.6124 1.1787e-01    -0.0653   101.6463     7.5992     7.6607    32.9167    32.9337    26.4612    26.4747    8.35808 0.0000e+00
       6389    169.908    -0.8919    -0.8826   2.681495   2.683696     2.2803     2.1705      7.950     0.0729    -0.0214 1.1787e-01    -0.0657   101.6554     7.5960     7.6606    32.9150    32.9346    26.4599    26.4755    8.35844 0.0000e+00
       6392    169.982    -0.8913    -0.8808   2.681805   2.683986     2.2799     2.1696      7.950     0.0582     0.9277 1.1787e-01    -0.0653   101.6463     7.5927     7.6555    32.9184    32.9365    26.4626    26.4769    8.35810 0.0000e+00
       6395    170.055    -0.8892    -0.8806   2.682240   2.684047     2.2795     2.1692      7.950     0.0606     0.8919 1.1787e-01    -0.0653   101.6463     7.5882     7.6549    32.9220    32.9371    26.4654    26.4774    8.35742 0.0000e+00
       6398    170.127    -0.8858    -0.8790   2.683005   2.684388     2.2791     2.1696      7.950     0.0582     0.8829 1.1787e-01    -0.0632   101.5921     7.5828     7.6592    32.9286    32.9399    26.4707    26.4796    8.35628 0.0000e+00
       6401    170.203    -0.8801    -0.8785   2.684225   2.684420     2.2783     2.1692      7.950     0.0582     0.8919 1.1787e-01    -0.0625   101.5740     7.5745     7.6573    32.9388    32.9397    26.4788    26.4795    8.35440 0.0000e+00
       6404    170.283    -0.8778    -0.8780   2.684542   2.684501     2.2783     2.1684      7.950     0.0582     0.8919 1.1787e-01    -0.0625   101.5740     7.5730     7.6545    32.9406    32.9402    26.4801    26.4798    8.35378 0.0000e+00
       6407    170.365    -0.8773    -0.8776   2.684645   2.684589     2.2775     2.1684      7.950     0.0582     0.9098 1.1787e-01    -0.0628   101.5831     7.5685     7.6529    32.9413    32.9409    26.4807    26.4803    8.35361 0.0000e+00
       6410    170.449    -0.8773    -0.8775   2.684533   2.684566     2.2775     2.1684      7.950     0.0582     0.8919 1.1787e-01    -0.0625   101.5740     7.5669     7.6516    32.9398    32.9405    26.4795    26.4801    8.35371 0.0000e+00
       6413    170.535    -0.8778    -0.8780   2.684442   2.684469     2.2771     2.1676      7.950     0.0533     0.9008 1.1787e-01    -0.0625   101.5740     7.5646     7.6477    32.9390    32.9396    26.4789    26.4793    8.35387 0.0000e+00
       6416    170.625    -0.8779    -0.8779   2.684512   2.684450     2.2763     2.1668      7.950     0.0558     2.0290 1.1787e-01    -0.0625   101.5740     7.5605     7.6440    32.9400    32.9391    26.4797    26.4790    8.35382 0.0000e+00
       6419    170.716    -0.8777    -0.8778   2.684539   2.684436     2.2759     2.1672      7.947     0.0606     2.6021 1.1773e-01    -0.0539   101.3570     7.5597     7.6429    32.9402    32.9388    26.4798    26.4787    8.35378 0.0000e+00
       6422    170.805    -0.8774    -0.8774   2.684578   2.684466     2.2750     2.1664      7.949     0.0582     2.5752 1.1787e-01    -0.0536   101.3479     7.5569     7.6383    32.9403    32.9387    26.4799    26.4786    8.35371 0.0000e+00
       6425    170.895    -0.8768    -0.8769   2.684747   2.684604     2.2746     2.1660      7.946     0.0582     2.5752 1.1787e-01    -0.0536   101.3479     7.5566     7.6383    32.9419    32.9400    26.4811    26.4796    8.35347 0.0000e+00
       6428    170.985    -0.8768    -0.8767   2.684736   2.684680     2.2746     2.1660      7.947     0.0582     2.5752 1.1787e-01    -0.0536   101.3479     7.5572     7.6392    32.9417    32.9408    26.4810    26.4803    8.35348 0.0000e+00
       6431    171.075    -0.8769    -0.8762   2.684640   2.684737     2.2738     2.1647      7.946     0.0606     2.5752 1.1787e-01    -0.0536   101.3479     7.5549     7.6347    32.9404    32.9410    26.4800    26.4804    8.35358 0.0000e+00
       6434    171.167    -0.8762    -0.8762   2.684819   2.684799     2.2730     2.1647      7.946     0.0582     2.5752 1.1787e-01    -0.0539   101.3570     7.5531     7.6372    32.9420    32.9417    26.4812    26.4810    8.35333 0.0000e+00
       6437    171.257    -0.8762    -0.8758   2.684818   2.684835     2.2730     2.1647      7.946     0.0582     2.5752 1.1787e-01    -0.0532   101.3389     7.5547     7.6397    32.9419    32.9418    26.4812    26.4810    8.35333 0.0000e+00
       6440    171.347    -0.8757    -0.8759   2.684949   2.684816     2.2722     2.1643      7.946     0.0533     2.6379 1.1787e-01    -0.0525   101.3208     7.5536     7.6397    32.9431    32.9415    26.4821    26.4809    8.35315 0.0000e+00
       6443    171.438    -0.8758    -0.8763   2.684848   2.684770     2.2726     2.1635      7.946     0.0558     4.2496 1.1787e-01    -0.0525   101.3208     7.5570     7.6381    32.9417    32.9413    26.4810    26.4806    8.35324 0.0000e+00
       6446    171.530    -0.8758    -0.8761   2.684933   2.684830     2.2722     2.1635      7.946     0.0485     4.4108 1.1787e-01    -0.0525   101.3208     7.5575     7.6423    32.9429    32.9418    26.4819    26.4811    8.35319 0.0000e+00
       6449    171.613    -0.8759    -0.8759   2.684921   2.684870     2.2722     2.1635      7.946     0.0533     4.4019 1.1787e-01    -0.0521   101.3118     7.5587     7.6425    32.9427    32.9421    26.4818    26.4813    8.35321 0.0000e+00
       6452    171.702    -0.8758    -0.8759   2.684903   2.684869     2.2710     2.1631      7.946     0.0485     4.4019 1.1787e-01    -0.0525   101.3208     7.5551     7.6419    32.9423    32.9421    26.4815    26.4812    8.35321 0.0000e+00
       6455    171.784    -0.8761    -0.8758   2.684901   2.684886     2.2710     2.1631      7.946     0.0485     4.4019 1.1787e-01    -0.0525   101.3208     7.5565     7.6436    32.9426    32.9421    26.4817    26.4813    8.35326 0.0000e+00
       6458    171.861    -0.8769    -0.8758   2.684750   2.684900     2.2710     2.1627      7.947     0.0509     4.4019 1.1787e-01    -0.0486   101.2213     7.5570     7.6423    32.9414    32.9422    26.4808    26.4814    8.35352 0.0000e+00
       6461    171.936    -0.8759    -0.8759   2.684941   2.684836     2.2701     2.1623      7.946     0.0485     4.4019 1.1787e-01    -0.0461   101.1580     7.5525     7.6424    32.9429    32.9415    26.4819    26.4808    8.35322 0.0000e+00
       6464    172.012    -0.8755    -0.8760   2.685019   2.684824     2.2701     2.1623      7.946     0.0533     4.4019 1.1787e-01    -0.0461   101.1580     7.5513     7.6445    32.9434    32.9414    26.4823    26.4807    8.35308 0.0000e+00
       6467    172.089    -0.8757    -0.8759   2.684927   2.684853     2.2701     2.1623      7.946     0.0509     3.4080 1.1787e-01    -0.0461   101.1580     7.5507     7.6431    32.9423    32.9416    26.4815    26.4809    8.35319 0.0000e+00
       6470    172.165    -0.8761    -0.8756   2.684887   2.684921     2.2697     2.1619      7.946     0.0655    -0.1826 1.1787e-01    -0.0461   101.1580     7.5492     7.6400    32.9423    32.9421    26.4814    26.4813    8.35330 0.0000e+00
       6473    172.237    -0.8758    -0.8753   2.684942   2.685028     2.2697     2.1611      7.946     0.0655    -0.1199 1.1787e-01    -0.0461   101.1580     7.5499     7.6365    32.9426    32.9432    26.4817    26.4822    8.35321 0.0000e+00
       6476    172.310    -0.8759    -0.8752   2.684999   2.685022     2.2693     2.1611      7.946     0.0631    -0.1110 1.1787e-01    -0.0461   101.1580     7.5496     7.6363    32.9434    32.9430    26.4823    26.4820    8.35317 0.0000e+00
       6479    172.382    -0.8749    -0.8751   2.685181   2.685065     2.2685     2.1611      7.946     0.0655    -0.1110 1.1787e-01    -0.0450   101.1309     7.5471     7.6347    32.9447    32.9433    26.4834    26.4823    8.35287 0.0000e+00
       6482    172.451    -0.8742    -0.8751   2.685161   2.685098     2.2685     2.1611      7.946     0.0680    -0.1110 1.1787e-01    -0.0450   101.1309     7.5474     7.6339    32.9437    32.9438    26.4826    26.4826    8.35278 0.0000e+00
       6485    172.520    -0.8750    -0.8749   2.685107   2.685083     2.2681     2.1611      7.946     0.0655    -0.1110 1.1787e-01    -0.0446   101.1219     7.5461     7.6331    32.9437    32.9434    26.4826    26.4823    8.35295 0.0000e+00
       6488    172.585    -0.8747    -0.8749   2.685159   2.685110     2.2673     2.1603      7.946     0.0655    -0.1110 1.1787e-01    -0.0450   101.1309     7.5431     7.6296    32.9441    32.9436    26.4829    26.4825    8.35287 0.0000e+00
       6491    172.650    -0.8752    -0.8749   2.685068   2.685092     2.2673     2.1599      7.946     0.0655    -0.1110 1.1787e-01    -0.0450   101.1309     7.5441     7.6294    32.9434    32.9434    26.4823    26.4823    8.35301 0.0000e+00
       6494    172.716    -0.8745    -0.8746   2.685253   2.685148     2.2673     2.1599      7.946     0.0582    -0.1020 1.1787e-01    -0.0450   101.1309     7.5458     7.6304    32.9450    32.9438    26.4836    26.4826    8.35276 0.0000e+00
       6497    172.785    -0.8737    -0.8741   2.685405   2.685300     2.2669     2.1599      7.946     0.0460    -0.0931 1.1787e-01    -0.0450   101.1309     7.5450     7.6319    32.9462    32.9452    26.4845    26.4838    8.35252 0.0000e+00
       6500    172.851    -0.8733    -0.8735   2.685448   2.685355     2.2673     2.1590      7.946     0.0460    -0.0841 1.1787e-01    -0.0439   101.1038     7.5478     7.6296    32.9463    32.9453    26.4846    26.4838    8.35243 0.0000e+00
       6503    172.917    -0.8736    -0.8733   2.685405   2.685383     2.2673     2.1586      7.946     0.0485    -0.0931 1.1787e-01    -0.0443   101.1128     7.5490     7.6284    32.9460    32.9454    26.4843    26.4839    8.35250 0.0000e+00
       6506    172.983    -0.8736    -0.8735   2.685431   2.685391     2.2661     2.1586      7.946     0.0460    -0.0931 1.1787e-01    -0.0439   101.1038     7.5441     7.6297    32.9463    32.9457    26.4846    26.4841    8.35249 0.0000e+00
