Datasets/AZMP/COO001/79001056.cnv
* Sea-Bird SBE 9 Data File:
* FileName = C:\CTDDATA\79001056.hex
* Software Version Seasave V 7.26.7.110
* Temperature SN = 5660
* Conductivity SN = 3698
* Number of Bytes Per Scan = 30
* Number of Voltage Words = 4
* Number of Scans Averaged by the Deck Unit = 1
* NMEA baud rate = 9600
** VESSEL/TRIP/SEQ STN:  79001056
** LATITUDE XX XX.XX N:  47 00.00 N
** LONGITUDE XX XX.XX W:  46 29.00 W
** SOUNDING DEPTH (M):  0357
** PROBE TYPE: S1257
** CTD NUMBER: 031
** COMMENTS (14 CHAR): FC-20
** BOTTLES:  12
** LEVELS: 5,5,10,20,20,30,40,50,75,100,150,BTM
** STICKERS: 435088 - 435099
** VNET: Y
** DO2: Y
# nquan = 22
# nvalues = 9115                        
# units = specified
# name 0 = scan: Scan Count
# name 1 = prDM: Pressure, Digiquartz [db]
# name 2 = t090C: Temperature [ITS-90, deg C]
# name 3 = t190C: Temperature, 2 [ITS-90, deg C]
# name 4 = c0S/m: Conductivity [S/m]
# name 5 = c1S/m: Conductivity, 2 [S/m]
# name 6 = sbeox0V: Oxygen raw, SBE 43 [V]
# name 7 = sbeox1V: Oxygen raw, SBE 43, 2 [V]
# name 8 = ph: pH
# name 9 = flECO-AFL: Fluorescence, WET Labs ECO-AFL/FL [mg/m^3]
# name 10 = wetCDOM: Fluorescence, WET Labs CDOM [mg/m^3]
# name 11 = par/sat/log: PAR/Logarithmic, Satlantic [umol photons/m^2/sec]
# name 12 = CStarAt0: Beam Attenuation, WET Labs C-Star [1/m]
# name 13 = CStarTr0: Beam Transmission, WET Labs C-Star [%]
# name 14 = sbeox0ML/L: Oxygen, SBE 43 [ml/l], WS = 2
# name 15 = sbeox1ML/L: Oxygen, SBE 43, 2 [ml/l], WS = 2
# name 16 = sal00: Salinity, Practical [PSU]
# name 17 = sal11: Salinity, Practical, 2 [PSU]
# name 18 = sigma-t00: Density [sigma-t, kg/m^3 ]
# name 19 = sigma-t11: Density, 2 [sigma-t, kg/m^3 ]
# name 20 = oxsatML/L: Oxygen Saturation, Weiss [ml/l]
# name 21 = flag: flag
# span 0 =          2,      74600       
# span 1 =      0.400,    349.162       
# span 2 =     3.6704,     8.4289       
# span 3 =     3.6614,     8.4280       
# span 4 =   3.190565,   3.511870       
# span 5 =   3.189569,   3.511930       
# span 6 =     2.3040,     2.7883       
# span 7 =     2.2797,     2.7558       
# span 8 =      7.994,      8.229       
# span 9 =    -0.0176,     1.7846       
# span 10 =    -2.8130,   482.1870      
# span 11 = 1.0715e-01, 1.1951e+00      
# span 12 =     0.0429,     1.7543      
# span 13 =    64.4948,    98.9324      
# span 14 =     5.8720,     6.9075      
# span 15 =     6.1574,     7.1946      
# span 16 =    33.2772,    34.8984      
# span 17 =    33.3901,    34.8828      
# span 18 =    25.9331,    27.6998      
# span 19 =    25.9481,    27.6983      
# span 20 =    6.61125,    7.34641      
# span 21 = 0.0000e+00, 0.0000e+00      
# interval = scans: 3                   
# start_time = Nov 29 2019 05:34:05 [System UTC, header]
# bad_flag = -9.990e-29
*END*
[from data line 6782]
      31084    161.346     4.0015     3.8913   3.242121   3.229074     2.3248     2.2958      8.047     0.0020     1.4507 1.0790e-01     0.0472    98.8281     6.0124     6.3309    34.7524    34.7140    27.5891    27.5699    7.27535 0.0000e+00
      31087    161.310     4.0000     3.8896   3.241834   3.228866     2.3264     2.2967      8.047    -0.0029     1.4507 1.0790e-01     0.0465    98.8455     6.0189     6.3357    34.7507    34.7133    27.5879    27.5696    7.27572 0.0000e+00
      31090    161.272     3.9987     3.8886   3.241704   3.228995     2.3256     2.2962      8.047    -0.0029     1.4507 1.0790e-01     0.0461    98.8542     6.0158     6.3345    34.7505    34.7159    27.5878    27.5717    7.27595 0.0000e+00
      31093    161.235     3.9979     3.8892   3.241677   3.229051     2.3256     2.2958      8.047     0.0068     1.4507 1.0790e-01     0.0461    98.8542     6.0159     6.3332    34.7510    34.7160    27.5884    27.5718    7.27607 0.0000e+00
      31096    161.199     3.9975     3.8893   3.241685   3.228987     2.3264     2.2962      8.047    -0.0029     1.4507 1.0790e-01     0.0461    98.8542     6.0184     6.3349    34.7516    34.7151    27.5889    27.5710    7.27612 0.0000e+00
      31099    161.162     3.9973     3.8900   3.241624   3.229254     2.3268     2.2971      8.047    -0.0078     1.4507 1.0790e-01     0.0461    98.8542     6.0191     6.3352    34.7511    34.7176    27.5885    27.5730    7.27618 0.0000e+00
      31102    161.126     3.9965     3.8909   3.241096   3.229233     2.3276     2.2967      8.047    -0.0029     1.4507 1.0790e-01     0.0461    98.8542     6.0201     6.3322    34.7456    34.7164    27.5842    27.5719    7.27657 0.0000e+00
      31105    161.089     3.9938     3.8932   3.240798   3.229417     2.3268     2.2971      8.047    -0.0029     1.4507 1.0790e-01     0.0468    98.8368     6.0169     6.3305    34.7450    34.7162    27.5840    27.5715    7.27709 0.0000e+00
      31108    161.053     3.9912     3.8920   3.240343   3.229281     2.3272     2.2967      8.047    -0.0029     1.4507 1.0790e-01     0.0475    98.8194     6.0160     6.3254    34.7424    34.7159    27.5822    27.5713    7.27768 0.0000e+00
      31111    161.019     3.9888     3.8927   3.240281   3.229762     2.3276     2.2971      8.047    -0.0029     1.4507 1.0777e-01     0.0475    98.8194     6.0158     6.3266    34.7442    34.7209    27.5838    27.5752    7.27802 0.0000e+00
      31114    160.983     3.9864     3.8972   3.239965   3.230645     2.3272     2.2967      8.047     0.0020     1.4507 1.0790e-01     0.0479    98.8108     6.0146     6.3233    34.7430    34.7267    27.5832    27.5794    7.27851 0.0000e+00
      31117    160.947     3.9860     3.9042   3.240400   3.231685     2.3280     2.2971      8.047    -0.0029     1.4507 1.0790e-01     0.0472    98.8281     6.0144     6.3212    34.7486    34.7316    27.5877    27.5826    7.27831 0.0000e+00
      31120    160.910     3.9861     3.9102   3.240076   3.231962     2.3280     2.2971      8.047     0.0020     1.4507 1.0790e-01     0.0475    98.8194     6.0113     6.3157    34.7447    34.7286    27.5846    27.5796    7.27849 0.0000e+00
      31123    160.871     3.9838     3.9109   3.239584   3.231686     2.3276     2.2958      8.047    -0.0029     1.4507 1.0790e-01     0.0475    98.8194     6.0078     6.3092    34.7413    34.7245    27.5821    27.5763    7.27906 0.0000e+00
      31126    160.829     3.9826     3.9101   3.239795   3.231188     2.3276     2.2971      8.047    -0.0029     1.4507 1.0790e-01     0.0475    98.8194     6.0064     6.3127    34.7451    34.7195    27.5852    27.5724    7.27909 0.0000e+00
      31129    160.784     3.9832     3.9109   3.240011   3.231805     2.3268     2.2958      8.047    -0.0029     1.4507 1.0790e-01     0.0465    98.8455     6.0034     6.3083    34.7471    34.7260    27.5868    27.5775    7.27889 0.0000e+00
      31132    160.738     3.9837     3.9142   3.240155   3.232142     2.3272     2.2962      8.047    -0.0029     1.4507 1.0790e-01     0.0461    98.8542     6.0031     6.3085    34.7483    34.7265    27.5877    27.5776    7.27874 0.0000e+00
      31135    160.687     3.9855     3.9144   3.240505   3.232068     2.3272     2.2971      8.047    -0.0029     1.4507 1.0790e-01     0.0468    98.8368     6.0022     6.3116    34.7505    34.7255    27.5892    27.5767    7.27831 0.0000e+00
      31138    160.635     3.9876     3.9137   3.240662   3.232017     2.3280     2.2967      8.047    -0.0029     1.4507 1.0790e-01     0.0465    98.8455     6.0054     6.3106    34.7502    34.7257    27.5888    27.5769    7.27794 0.0000e+00
      31141    160.581     3.9886     3.9138   3.240629   3.232172     2.3268     2.2958      8.047     0.0020     1.4507 1.0790e-01     0.0461    98.8542     6.0014     6.3068    34.7488    34.7275    27.5876    27.5784    7.27785 0.0000e+00
      31144    160.524     3.9870     3.9151   3.240729   3.232344     2.3264     2.2958      8.047    -0.0029     1.4507 1.0790e-01     0.0468    98.8368     6.0015     6.3051    34.7518    34.7282    27.5901    27.5788    7.27799 0.0000e+00
      31147    160.464     3.9883     3.9162   3.240800   3.232341     2.3260     2.2958      8.047     0.0020     1.4507 1.0790e-01     0.0472    98.8281     6.0023     6.3032    34.7512    34.7269    27.5895    27.5777    7.27778 0.0000e+00
      31150    160.401     3.9894     3.9167   3.240729   3.232402     2.3272     2.2958      8.047    -0.0029     1.4507 1.0790e-01     0.0472    98.8281     6.0077     6.2996    34.7492    34.7273    27.5878    27.5778    7.27767 0.0000e+00
      31153    160.334     3.9891     3.9167   3.240555   3.232496     2.3264     2.2962      8.047    -0.0029     1.4507 1.0790e-01     0.0472    98.8281     6.0069     6.2985    34.7476    34.7284    27.5865    27.5787    7.27782 0.0000e+00
      31156    160.265     3.9877     3.9172   3.240387   3.232609     2.3268     2.2958      8.047     0.0020     1.4507 1.0790e-01     0.0472    98.8281     6.0090     6.2917    34.7471    34.7292    27.5863    27.5793    7.27809 0.0000e+00
      31159    160.192     3.9866     3.9185   3.240204   3.232799     2.3268     2.2958      8.047     0.0020     1.4507 1.0790e-01     0.0472    98.8281     6.0117     6.2897    34.7461    34.7301    27.5856    27.5800    7.27833 0.0000e+00
      31162    160.116     3.9855     3.9204   3.240131   3.232977     2.3276     2.2958      8.047    -0.0078     1.4507 1.0790e-01     0.0472    98.8281     6.0181     6.2891    34.7464    34.7303    27.5860    27.5799    7.27851 0.0000e+00
      31165    160.037     3.9852     3.9223   3.240215   3.233241     2.3264     2.2950      8.047    -0.0029     1.4507 1.0790e-01     0.0472    98.8281     6.0170     6.2860    34.7478    34.7314    27.5871    27.5806    7.27850 0.0000e+00
      31168    159.956     3.9856     3.9232   3.240303   3.233356     2.3276     2.2946      8.047     0.0020     1.5692 1.0790e-01     0.0472    98.8281     6.0213     6.2834    34.7484    34.7319    27.5875    27.5809    7.27839 0.0000e+00
      31171    159.872     3.9861     3.9276   3.240357   3.234190     2.3276     2.2946      8.047    -0.0029     1.5692 1.0790e-01     0.0472    98.8281     6.0223     6.2823    34.7487    34.7372    27.5877    27.5847    7.27830 0.0000e+00
      31174    159.786     3.9861     3.9313   3.240387   3.234254     2.3276     2.2942      8.047    -0.0029     1.5692 1.0790e-01     0.0472    98.8281     6.0242     6.2824    34.7490    34.7342    27.5880    27.5818    7.27827 0.0000e+00
      31177    159.698     3.9868     3.9255   3.240679   3.232504     2.3280     2.2934      8.047    -0.0029     1.5692 1.0790e-01     0.0472    98.8281     6.0271     6.2860    34.7517    34.7194    27.5901    27.5707    7.27801 0.0000e+00
      31180    159.608     3.9877     3.9107   3.240706   3.230983     2.3280     2.2934      8.047    -0.0029     1.5692 1.0790e-01     0.0475    98.8194     6.0281     6.2939    34.7512    34.7171    27.5895    27.5704    7.27789 0.0000e+00
      31183    159.517     3.9879     3.8970   3.240673   3.229029     2.3288     2.2934      8.047    -0.0029     1.5692 1.0790e-01     0.0472    98.8281     6.0314     6.3023    34.7506    34.7084    27.5890    27.5649    7.27787 0.0000e+00
      31186    159.432     3.9891     3.8849   3.240960   3.227840     2.3297     2.2934      8.047     0.0020     1.5692 1.0790e-01     0.0482    98.8021     6.0354     6.3124    34.7528    34.7071    27.5907    27.5651    7.27755 0.0000e+00
      31189    159.343     3.9889     3.8785   3.240608   3.227350     2.3288     2.2934      8.047    -0.0029     1.5692 1.0790e-01     0.0475    98.8194     6.0343     6.3214    34.7489    34.7081    27.5876    27.5666    7.27778 0.0000e+00
      31192    159.253     3.9874     3.8753   3.240324   3.227180     2.3288     2.2934      8.047    -0.0029     1.4902 1.0790e-01     0.0472    98.8281     6.0338     6.3282    34.7472    34.7095    27.5864    27.5680    7.27814 0.0000e+00
      31195    159.167     3.9872     3.8742   3.240659   3.227094     2.3301     2.2934      8.047    -0.0029     1.4507 1.0790e-01     0.0472    98.8281     6.0386     6.3353    34.7514    34.7097    27.5898    27.5683    7.27797 0.0000e+00
      31198    159.079     3.9884     3.8738   3.240682   3.227052     2.3313     2.2942      8.047    -0.0029     1.4507 1.0790e-01     0.0472    98.8281     6.0423     6.3451    34.7505    34.7097    27.5889    27.5683    7.27780 0.0000e+00
      31201    158.993     3.9873     3.8734   3.239702   3.227002     2.3301     2.2946      8.047    -0.0029     1.4507 1.0790e-01     0.0475    98.8194     6.0381     6.3519    34.7400    34.7095    27.5807    27.5682    7.27849 0.0000e+00
      31204    158.907     3.9841     3.8730   3.239728   3.226930     2.3313     2.2946      8.047    -0.0029     1.4507 1.0790e-01     0.0475    98.8194     6.0411     6.3543    34.7438    34.7091    27.5840    27.5680    7.27889 0.0000e+00
      31207    158.824     3.9826     3.8724   3.239132   3.226860     2.3313     2.2950      8.047    -0.0029     1.4507 1.0790e-01     0.0479    98.8108     6.0417     6.3568    34.7383    34.7090    27.5798    27.5679    7.27942 0.0000e+00
      31210    158.746     3.9771     3.8719   3.237225   3.226798     2.3321     2.2954      8.047    -0.0029     1.4507 1.0790e-01     0.0472    98.8281     6.0448     6.3581    34.7215    34.7088    27.5670    27.5678    7.28121 0.0000e+00
      31213    158.671     3.9708     3.8713   3.237150   3.226708     2.3321     2.2958      8.047    -0.0029     1.4507 1.0790e-01     0.0472    98.8281     6.0452     6.3581    34.7273    34.7084    27.5723    27.5675    7.28207 0.0000e+00
      31216    158.600     3.9606     3.8708   3.234397   3.226658     2.3321     2.2962      8.047    -0.0029     1.4507 1.0790e-01     0.0472    98.8281     6.0464     6.3587    34.7054    34.7084    27.5559    27.5676    7.28495 0.0000e+00
      31219    158.534     3.9394     3.8704   3.230618   3.226609     2.3329     2.2967      8.047    -0.0029     1.3323 1.0790e-01     0.0472    98.8281     6.0511     6.3567    34.6829    34.7083    27.5402    27.5675    7.28984 0.0000e+00
      31222    158.470     3.9173     3.8699   3.229326   3.226533     2.3325     2.2971      8.047    -0.0029     1.3323 1.0790e-01     0.0472    98.8281     6.0523     6.3563    34.6910    34.7079    27.5489    27.5673    7.29343 0.0000e+00
      31225    158.411     3.9048     3.8700   3.229588   3.226545     2.3325     2.2971      8.047    -0.0029     1.3323 1.0790e-01     0.0472    98.8281     6.0535     6.3547    34.7074    34.7080    27.5632    27.5674    7.29487 0.0000e+00
      31228    158.354     3.9025     3.8698   3.229933   3.226540     2.3337     2.2971      8.047    -0.0029     1.3323 1.0790e-01     0.0482    98.8021     6.0563     6.3502    34.7140    34.7082    27.5688    27.5675    7.29497 0.0000e+00
      31231    158.303     3.9051     3.8706   3.230682   3.226581     2.3333     2.2971      8.047    -0.0029     1.3323 1.0790e-01     0.0486    98.7934     6.0538     6.3443    34.7202    34.7079    27.5734    27.5672    7.29420 0.0000e+00
      31234    158.252     3.9093     3.8712   3.233737   3.226700     2.3333     2.2971      8.047    -0.0029     1.3323 1.0790e-01     0.0482    98.8021     6.0500     6.3399    34.7521    34.7086    27.5984    27.5677    7.29189 0.0000e+00
      31237    158.203     3.9281     3.8713   3.236854   3.226687     2.3341     2.2971      8.047     0.0020     1.3323 1.0790e-01     0.0489    98.7847     6.0495     6.3350    34.7694    34.7084    27.6102    27.5675    7.28769 0.0000e+00
      31240    158.160     3.9484     3.8705   3.238867   3.226584     2.3341     2.2979      8.047    -0.0029     1.3323 1.0790e-01     0.0489    98.7847     6.0453     6.3337    34.7718    34.7081    27.6100    27.5674    7.28393 0.0000e+00
      31243    158.119     3.9635     3.8706   3.239342   3.226616     2.3337     2.2975      8.045    -0.0029     1.3323 1.0790e-01     0.0486    98.7934     6.0415     6.3289    34.7614    34.7084    27.6002    27.5676    7.28172 0.0000e+00
      31246    158.080     3.9720     3.8711   3.239588   3.226728     2.3345     2.2983      8.045     0.0020     1.4507 1.0777e-01     0.0489    98.7847     6.0435     6.3294    34.7553    34.7092    27.5945    27.5682    7.28049 0.0000e+00
      31249    158.044     3.9773     3.8722   3.239841   3.226909     2.3345     2.2979      8.047     0.0020     1.4507 1.0790e-01     0.0475    98.8194     6.0427     6.3245    34.7528    34.7102    27.5919    27.5689    7.27967 0.0000e+00
      31252    158.008     3.9798     3.8735   3.239706   3.227082     2.3345     2.2971      8.047    -0.0029     1.4507 1.0790e-01     0.0475    98.8194     6.0421     6.3174    34.7485    34.7110    27.5883    27.5694    7.27943 0.0000e+00
      31255    157.974     3.9801     3.8748   3.239558   3.227289     2.3349     2.2971      8.047     0.0020     1.4507 1.0790e-01     0.0472    98.8281     6.0437     6.3136    34.7465    34.7121    27.5866    27.5701    7.27948 0.0000e+00
      31258    157.940     3.9790     3.8768   3.239233   3.227497     2.3341     2.2971      8.047     0.0020     1.4507 1.0790e-01     0.0472    98.8281     6.0401     6.3100    34.7439    34.7124    27.5846    27.5701    7.27980 0.0000e+00
      31261    157.907     3.9769     3.8783   3.238971   3.227601     2.3353     2.2971      8.047    -0.0029     1.4507 1.0790e-01     0.0475    98.8194     6.0437     6.3070    34.7429    34.7121    27.5841    27.5697    7.28022 0.0000e+00
      31264    157.873     3.9765     3.8784   3.239307   3.227561     2.3353     2.2971      8.047    -0.0127     1.4507 1.0790e-01     0.0475    98.8194     6.0439     6.3067    34.7473    34.7115    27.5876    27.5693    7.28007 0.0000e+00
      31267    157.836     3.9776     3.8779   3.239476   3.227483     2.3353     2.2967      8.047    -0.0176     1.4507 1.0790e-01     0.0482    98.8021     6.0432     6.3058    34.7482    34.7111    27.5882    27.5690    7.27983 0.0000e+00
      31270    157.794     3.9781     3.8775   3.239513   3.227413     2.3358     2.2971      8.045    -0.0176     1.4902 1.0790e-01     0.0482    98.8021     6.0433     6.3098    34.7482    34.7107    27.5882    27.5687    7.27976 0.0000e+00
      31273    157.749     3.9796     3.8759   3.239639   3.227025     2.3362     2.2958      8.045    -0.0176     1.5692 1.0790e-01     0.0482    98.8021     6.0445     6.3114    34.7481    34.7078    27.5879    27.5666    7.27948 0.0000e+00
      31276    157.700     3.9798     3.8720   3.239415   3.226547     2.3362     2.2958      8.047    -0.0176     1.5692 1.0790e-01     0.0482    98.8021     6.0439     6.3155    34.7453    34.7063    27.5856    27.5658    7.27959 0.0000e+00
