Datasets/AZMP/COO001/79001084.cnv
* Sea-Bird SBE 9 Data File:
* FileName = C:\CTDDATA\79001084.hex
* Software Version Seasave V 7.26.7.110
* Temperature SN = 5660
* Conductivity SN = 3698
* Number of Bytes Per Scan = 30
* Number of Voltage Words = 4
* Number of Scans Averaged by the Deck Unit = 1
* NMEA baud rate = 9600
** VESSEL/TRIP/SEQ STN:  79001084
** LATITUDE XX XX.XX N:  48 09.66 N
** LONGITUDE XX XX.XX W:  53 44.56 W
** SOUNDING DEPTH (M):  0087
** PROBE TYPE: S1257
** CTD NUMBER: 051
** COMMENTS (14 CHAR): SS-13
** BOTTLES:  0
** LEVELS:
** STICKERS:
** VNET: N
** DO2: N
# nquan = 22
# nvalues = 2920                        
# units = specified
# name 0 = scan: Scan Count
# name 1 = prDM: Pressure, Digiquartz [db]
# name 2 = t090C: Temperature [ITS-90, deg C]
# name 3 = t190C: Temperature, 2 [ITS-90, deg C]
# name 4 = c0S/m: Conductivity [S/m]
# name 5 = c1S/m: Conductivity, 2 [S/m]
# name 6 = sbeox0V: Oxygen raw, SBE 43 [V]
# name 7 = sbeox1V: Oxygen raw, SBE 43, 2 [V]
# name 8 = ph: pH
# name 9 = flECO-AFL: Fluorescence, WET Labs ECO-AFL/FL [mg/m^3]
# name 10 = wetCDOM: Fluorescence, WET Labs CDOM [mg/m^3]
# name 11 = par/sat/log: PAR/Logarithmic, Satlantic [umol photons/m^2/sec]
# name 12 = CStarAt0: Beam Attenuation, WET Labs C-Star [1/m]
# name 13 = CStarTr0: Beam Transmission, WET Labs C-Star [%]
# name 14 = sbeox0ML/L: Oxygen, SBE 43 [ml/l], WS = 2
# name 15 = sbeox1ML/L: Oxygen, SBE 43, 2 [ml/l], WS = 2
# name 16 = sal00: Salinity, Practical [PSU]
# name 17 = sal11: Salinity, Practical, 2 [PSU]
# name 18 = sigma-t00: Density [sigma-t, kg/m^3 ]
# name 19 = sigma-t11: Density, 2 [sigma-t, kg/m^3 ]
# name 20 = oxsatML/L: Oxygen Saturation, Weiss [ml/l]
# name 21 = flag: flag
# span 0 =        320,      11188       
# span 1 =      1.565,     76.546       
# span 2 =     2.9781,     3.5070       
# span 3 =     2.9576,     3.5070       
# span 4 =   2.890321,   2.931961       
# span 5 =   2.890682,   2.932144       
# span 6 =     2.5092,     2.7316       
# span 7 =     2.6509,     2.7006       
# span 8 =      8.165,      8.179       
# span 9 =     0.1583,     0.7736       
# span 10 =     1.9245,     3.5826      
# span 11 = 1.0355e-01, 1.2033e+00      
# span 12 =     0.0945,     0.2075      
# span 13 =    94.9438,    97.6637      
# span 14 =     6.7100,     7.4754      
# span 15 =     7.7090,     7.8858      
# span 16 =    31.1877,    31.9999      
# span 17 =    31.1891,    32.0113      
# span 18 =    24.8030,    25.4915      
# span 19 =    24.8042,    25.5034      
# span 20 =    7.52371,    7.60137      
# span 21 = 0.0000e+00, 0.0000e+00      
# interval = scans: 3                   
# start_time = Dec 01 2019 22:19:55 [System UTC, header]
# bad_flag = -9.990e-29
*END*
[from data line 725]
       2505     36.198     3.4055     3.4037   2.930213   2.930352     2.7196     2.6952      8.174     0.4464     2.3982 1.0790e-01     0.1142    97.1858     7.4392     7.8524    31.7084    31.7118    25.2234    25.2263    7.53467 0.0000e+00
       2508     36.261     3.4046     3.4028   2.930250   2.930379     2.7188     2.6948      8.176     0.4415     2.3982 1.0790e-01     0.1146    97.1771     7.4378     7.8485    31.7097    31.7130    25.2245    25.2273    7.53478 0.0000e+00
       2511     36.325     3.4038     3.4027   2.930269   2.930362     2.7192     2.6960      8.174     0.4366     2.3982 1.0790e-01     0.1142    97.1858     7.4406     7.8518    31.7106    31.7128    25.2253    25.2272    7.53487 0.0000e+00
       2514     36.385     3.4033     3.4026   2.930246   2.930384     2.7204     2.6948      8.174     0.4220     2.3982 1.0802e-01     0.1142    97.1858     7.4435     7.8465    31.7108    31.7132    25.2255    25.2275    7.53496 0.0000e+00
       2517     36.449     3.4031     3.4025   2.930260   2.930394     2.7200     2.6948      8.174     0.4366     2.3982 1.0802e-01     0.1146    97.1771     7.4406     7.8455    31.7111    31.7134    25.2258    25.2277    7.53498 0.0000e+00
       2520     36.513     3.4029     3.4023   2.930271   2.930413     2.7204     2.6952      8.176     0.4366     2.3193 1.0815e-01     0.1120    97.2379     7.4404     7.8447    31.7114    31.7138    25.2261    25.2280    7.53500 0.0000e+00
       2523     36.577     3.4027     3.4024   2.930258   2.930390     2.7204     2.6952      8.177     0.4269     2.2798 1.0802e-01     0.1113    97.2553     7.4402     7.8430    31.7115    31.7133    25.2261    25.2276    7.53505 0.0000e+00
       2526     36.640     3.4025     3.4023   2.930296   2.930383     2.7200     2.6956      8.174     0.4366     2.2798 1.0790e-01     0.1117    97.2466     7.4367     7.8418    31.7121    31.7133    25.2266    25.2276    7.53505 0.0000e+00
       2529     36.704     3.4024     3.4023   2.930306   2.930420     2.7196     2.6948      8.174     0.4366     2.2798 1.0790e-01     0.1120    97.2379     7.4352     7.8353    31.7122    31.7138    25.2267    25.2280    7.53505 0.0000e+00
       2532     36.769     3.4024     3.4019   2.930290   2.930442     2.7204     2.6948      8.176     0.4366     2.2798 1.0802e-01     0.1113    97.2553     7.4368     7.8337    31.7121    31.7144    25.2266    25.2285    7.53507 0.0000e+00
       2535     36.833     3.4024     3.4010   2.930289   2.930521     2.7196     2.6948      8.174     0.4366     2.2798 1.0815e-01     0.1117    97.2466     7.4319     7.8322    31.7120    31.7161    25.2266    25.2300    7.53508 0.0000e+00
       2538     36.897     3.4023     3.4001   2.930302   2.930564     2.7196     2.6948      8.174     0.4366     2.2798 1.0827e-01     0.1120    97.2379     7.4309     7.8322    31.7122    31.7175    25.2267    25.2311    7.53508 0.0000e+00
       2541     36.961     3.4024     3.3995   2.930305   2.930608     2.7200     2.6948      8.174     0.4415     2.2798 1.0802e-01     0.1124    97.2292     7.4332     7.8305    31.7121    31.7186    25.2266    25.2320    7.53506 0.0000e+00
       2544     37.022     3.4020     3.3989   2.930343   2.930634     2.7204     2.6944      8.177     0.4220     2.2798 1.0802e-01     0.1120    97.2379     7.4328     7.8280    31.7130    31.7194    25.2274    25.2328    7.53510 0.0000e+00
       2547     37.087     3.4018     3.3987   2.930422   2.930641     2.7192     2.6944      8.174     0.4513     2.2798 1.0802e-01     0.1120    97.2379     7.4293     7.8283    31.7141    31.7197    25.2283    25.2330    7.53509 0.0000e+00
       2550     37.151     3.4012     3.3986   2.930438   2.930636     2.7188     2.6939      8.176     0.4513     2.2798 1.0802e-01     0.1120    97.2379     7.4294     7.8285    31.7148    31.7198    25.2288    25.2330    7.53516 0.0000e+00
       2553     37.216     3.4006     3.3987   2.930459   2.930616     2.7196     2.6935      8.174     0.4464     2.2798 1.0802e-01     0.1120    97.2379     7.4321     7.8286    31.7155    31.7193    25.2295    25.2327    7.53523 0.0000e+00
       2556     37.278     3.4003     3.3987   2.930461   2.930625     2.7196     2.6939      8.176     0.4513     2.2798 1.0815e-01     0.1120    97.2379     7.4331     7.8311    31.7159    31.7194    25.2298    25.2328    7.53527 0.0000e+00
       2559     37.342     3.4001     3.3988   2.930472   2.930631     2.7192     2.6935      8.177     0.4513     2.2798 1.0790e-01     0.1117    97.2466     7.4329     7.8309    31.7162    31.7194    25.2301    25.2327    7.53530 0.0000e+00
       2562     37.407     3.3998     3.3987   2.930480   2.930641     2.7196     2.6935      8.179     0.4464     2.2798 1.0802e-01     0.1099    97.2900     7.4344     7.8325    31.7166    31.7196    25.2304    25.2329    7.53534 0.0000e+00
       2565     37.472     3.3996     3.3986   2.930510   2.930650     2.7192     2.6935      8.179     0.4513     2.2798 1.0790e-01     0.1103    97.2813     7.4346     7.8327    31.7170    31.7197    25.2308    25.2331    7.53534 0.0000e+00
       2568     37.536     3.3993     3.3985   2.930524   2.930662     2.7184     2.6935      8.176     0.4513     2.2798 1.0802e-01     0.1099    97.2900     7.4339     7.8342    31.7175    31.7199    25.2312    25.2332    7.53538 0.0000e+00
       2571     37.596     3.3991     3.3984   2.930541   2.930660     2.7192     2.6935      8.176     0.4464     2.2798 1.0815e-01     0.1099    97.2900     7.4383     7.8369    31.7178    31.7199    25.2315    25.2332    7.53540 0.0000e+00
       2574     37.657     3.3990     3.3981   2.930514   2.930697     2.7196     2.6935      8.174     0.4659     2.2798 1.0802e-01     0.1099    97.2900     7.4404     7.8384    31.7176    31.7207    25.2313    25.2338    7.53544 0.0000e+00
       2577     37.720     3.3988     3.3979   2.930556   2.930712     2.7192     2.6935      8.174     0.4659     2.2798 1.0815e-01     0.1099    97.2900     7.4392     7.8371    31.7183    31.7210    25.2318    25.2342    7.53544 0.0000e+00
       2580     37.780     3.3986     3.3977   2.930590   2.930732     2.7196     2.6935      8.176     0.4708     2.2798 1.0802e-01     0.1117    97.2466     7.4430     7.8351    31.7189    31.7214    25.2324    25.2344    7.53545 0.0000e+00
       2583     37.843     3.3982     3.3977   2.930601   2.930716     2.7192     2.6935      8.174     0.4708     2.2798 1.0802e-01     0.1120    97.2379     7.4415     7.8340    31.7193    31.7212    25.2328    25.2343    7.53550 0.0000e+00
       2586     37.906     3.3979     3.3977   2.930583   2.930706     2.7196     2.6931      8.174     0.4659     2.2798 1.0802e-01     0.1117    97.2466     7.4429     7.8312    31.7193    31.7210    25.2328    25.2342    7.53555 0.0000e+00
       2589     37.970     3.3979     3.3978   2.930600   2.930728     2.7200     2.6927      8.176     0.4708     2.2798 1.0802e-01     0.1117    97.2466     7.4456     7.8287    31.7196    31.7212    25.2330    25.2342    7.53555 0.0000e+00
       2592     38.032     3.3979     3.3976   2.930617   2.930744     2.7200     2.6935      8.176     0.4659     2.2798 1.0802e-01     0.1117    97.2466     7.4452     7.8309    31.7197    31.7215    25.2331    25.2346    7.53553 0.0000e+00
       2595     38.095     3.3978     3.3974   2.930625   2.930760     2.7200     2.6935      8.176     0.4610     2.2798 1.0802e-01     0.1113    97.2553     7.4438     7.8307    31.7199    31.7219    25.2332    25.2348    7.53555 0.0000e+00
       2598     38.160     3.3978     3.3973   2.930614   2.930782     2.7204     2.6931      8.177     0.4415     2.2009 1.0790e-01     0.1120    97.2379     7.4434     7.8295    31.7197    31.7221    25.2331    25.2351    7.53555 0.0000e+00
       2601     38.224     3.3977     3.3970   2.930619   2.930767     2.7196     2.6923      8.176     0.4415     2.1614 1.0802e-01     0.1099    97.2900     7.4403     7.8273    31.7198    31.7222    25.2332    25.2352    7.53557 0.0000e+00
       2604     38.285     3.3976     3.3970   2.930609   2.930795     2.7213     2.6923      8.174     0.4366     2.1614 1.0802e-01     0.1099    97.2900     7.4457     7.8284    31.7197    31.7225    25.2331    25.2354    7.53558 0.0000e+00
       2607     38.348     3.3974     3.3969   2.930635   2.930780     2.7192     2.6923      8.176     0.4317     2.1614 1.0802e-01     0.1099    97.2900     7.4378     7.8298    31.7202    31.7224    25.2336    25.2353    7.53560 0.0000e+00
       2610     38.412     3.3974     3.3967   2.930644   2.930798     2.7204     2.6923      8.174     0.4415     2.1614 1.0802e-01     0.1099    97.2900     7.4404     7.8317    31.7203    31.7228    25.2336    25.2357    7.53560 0.0000e+00
       2613     38.475     3.3973     3.3964   2.930670   2.930827     2.7204     2.6923      8.179     0.4220     2.1614 1.0802e-01     0.1099    97.2900     7.4396     7.8331    31.7207    31.7234    25.2339    25.2362    7.53559 0.0000e+00
       2616     38.538     3.3972     3.3955   2.930683   2.930869     2.7204     2.6923      8.176     0.4366     2.1614 1.0802e-01     0.1099    97.2900     7.4394     7.8361    31.7209    31.7248    25.2341    25.2374    7.53561 0.0000e+00
       2619     38.603     3.3970     3.3939   2.930719   2.930873     2.7200     2.6923      8.177     0.4269     2.1614 1.0790e-01     0.1106    97.2726     7.4370     7.8386    31.7215    31.7264    25.2346    25.2388    7.53561 0.0000e+00
       2622     38.665     3.3967     3.3924   2.930713   2.930903     2.7192     2.6923      8.177     0.4317     2.1614 1.0790e-01     0.1127    97.2205     7.4337     7.8411    31.7217    31.7282    25.2348    25.2403    7.53566 0.0000e+00
       2625     38.727     3.3962     3.3909   2.930752   2.930877     2.7204     2.6923      8.177     0.3976     2.1614 1.0815e-01     0.1131    97.2118     7.4365     7.8435    31.7227    31.7294    25.2356    25.2414    7.53571 0.0000e+00
       2628     38.791     3.3954     3.3898   2.930737   2.930881     2.7204     2.6923      8.177     0.3878     2.1614 1.0802e-01     0.1127    97.2205     7.4375     7.8432    31.7232    31.7305    25.2361    25.2424    7.53583 0.0000e+00
       2631     38.855     3.3944     3.3893   2.930746   2.930874     2.7196     2.6923      8.174     0.3927     2.1614 1.0815e-01     0.1120    97.2379     7.4369     7.8438    31.7242    31.7307    25.2370    25.2426    7.53597 0.0000e+00
       2634     38.918     3.3934     3.3891   2.930744   2.930881     2.7200     2.6923      8.176     0.3878     2.1614 1.0815e-01     0.1131    97.2118     7.4371     7.8432    31.7251    31.7310    25.2379    25.2429    7.53611 0.0000e+00
       2637     38.981     3.3925     3.3888   2.930735   2.930888     2.7196     2.6931      8.176     0.3878     2.1614 1.0815e-01     0.1124    97.2292     7.4358     7.8459    31.7259    31.7314    25.2385    25.2432    7.53624 0.0000e+00
       2640     39.044     3.3915     3.3882   2.930737   2.930884     2.7200     2.6927      8.177     0.3878     2.1614 1.0802e-01     0.1110    97.2640     7.4379     7.8446    31.7268    31.7319    25.2394    25.2437    7.53638 0.0000e+00
       2643     39.106     3.3907     3.3882   2.930720   2.930875     2.7196     2.6923      8.177     0.3878     2.1614 1.0802e-01     0.1092    97.3074     7.4378     7.8424    31.7274    31.7318    25.2399    25.2436    7.53651 0.0000e+00
       2646     39.167     3.3903     3.3878   2.930719   2.930889     2.7192     2.6923      8.176     0.3927     2.1614 1.0802e-01     0.1092    97.3074     7.4350     7.8427    31.7278    31.7322    25.2401    25.2439    7.53656 0.0000e+00
       2649     39.228     3.3899     3.3876   2.930737   2.930897     2.7192     2.6927      8.177     0.3780     2.1614 1.0802e-01     0.1088    97.3161     7.4332     7.8433    31.7283    31.7325    25.2407    25.2442    7.53661 0.0000e+00
       2652     39.290     3.3898     3.3874   2.930757   2.930900     2.7204     2.6923      8.176     0.4024     2.3587 1.0802e-01     0.1092    97.3074     7.4382     7.8413    31.7287    31.7327    25.2410    25.2444    7.53662 0.0000e+00
       2655     39.355     3.3896     3.3873   2.930744   2.930923     2.7200     2.6927      8.176     0.4073     2.3982 1.0802e-01     0.1095    97.2987     7.4370     7.8425    31.7287    31.7331    25.2410    25.2447    7.53665 0.0000e+00
       2658     39.419     3.3889     3.3870   2.930759   2.930907     2.7192     2.6923      8.176     0.4024     2.3982 1.0802e-01     0.1092    97.3074     7.4334     7.8401    31.7295    31.7332    25.2417    25.2448    7.53674 0.0000e+00
       2661     39.482     3.3877     3.3861   2.930784   2.930952     2.7192     2.6927      8.177     0.4024     2.3982 1.0790e-01     0.1099    97.2900     7.4337     7.8410    31.7309    31.7345    25.2429    25.2459    7.53689 0.0000e+00
       2664     39.547     3.3868     3.3846   2.930781   2.931011     2.7192     2.6923      8.177     0.4073     2.3982 1.0815e-01     0.1099    97.2900     7.4339     7.8423    31.7317    31.7366    25.2437    25.2477    7.53702 0.0000e+00
       2667     39.609     3.3865     3.3842   2.930783   2.930993     2.7204     2.6923      8.174     0.4073     2.3982 1.0802e-01     0.1095    97.2987     7.4370     7.8424    31.7321    31.7368    25.2439    25.2479    7.53707 0.0000e+00
       2670     39.676     3.3861     3.3841   2.930780   2.930961     2.7180     2.6927      8.176     0.3976     2.3982 1.0802e-01     0.1099    97.2900     7.4281     7.8438    31.7323    31.7365    25.2442    25.2477    7.53712 0.0000e+00
       2673     39.740     3.3857     3.3841   2.930827   2.930959     2.7188     2.6923      8.176     0.4024     2.3982 1.0802e-01     0.1095    97.2987     7.4300     7.8437    31.7332    31.7364    25.2450    25.2476    7.53715 0.0000e+00
       2676     39.801     3.3854     3.3841   2.930831   2.931004     2.7192     2.6927      8.176     0.4073     2.3587 1.0802e-01     0.1099    97.2900     7.4320     7.8445    31.7336    31.7369    25.2453    25.2480    7.53719 0.0000e+00
       2679     39.865     3.3853     3.3838   2.930825   2.931006     2.7184     2.6923      8.177     0.4171     2.2798 1.0802e-01     0.1099    97.2900     7.4326     7.8448    31.7336    31.7372    25.2452    25.2483    7.53721 0.0000e+00
       2682     39.930     3.3851     3.3838   2.930842   2.931047     2.7188     2.6923      8.177     0.4220     2.2798 1.0802e-01     0.1110    97.2640     7.4356     7.8467    31.7339    31.7377    25.2455    25.2487    7.53724 0.0000e+00
       2685     39.994     3.3851     3.3839   2.930823   2.931016     2.7188     2.6923      8.176     0.4073     2.2403 1.0815e-01     0.1110    97.2640     7.4365     7.8486    31.7337    31.7372    25.2454    25.2483    7.53724 0.0000e+00
       2688     40.057     3.3851     3.3839   2.930827   2.931000     2.7184     2.6927      8.176     0.4171     2.2798 1.0815e-01     0.1110    97.2640     7.4364     7.8528    31.7337    31.7370    25.2453    25.2481    7.53725 0.0000e+00
       2691     40.123     3.3850     3.3841   2.930842   2.930979     2.7180     2.6923      8.176     0.4220     2.2798 1.0815e-01     0.1110    97.2640     7.4368     7.8528    31.7339    31.7365    25.2455    25.2477    7.53725 0.0000e+00
       2694     40.186     3.3851     3.3841   2.930803   2.931028     2.7180     2.6927      8.176     0.4269     2.2798 1.0790e-01     0.1113    97.2553     7.4375     7.8560    31.7334    31.7371    25.2451    25.2481    7.53726 0.0000e+00
       2697     40.249     3.3852     3.3835   2.930833   2.931084     2.7184     2.6927      8.179     0.4073     2.2798 1.0802e-01     0.1113    97.2553     7.4383     7.8570    31.7336    31.7382    25.2453    25.2491    7.53724 0.0000e+00
