Datasets/AZMP/COO001/79001097.cnv
* Sea-Bird SBE 9 Data File:
* FileName = C:\CTDDATA\79001097.hex
* Software Version Seasave V 7.26.7.110
* Temperature SN = 5660
* Conductivity SN = 3698
* Number of Bytes Per Scan = 30
* Number of Voltage Words = 4
* Number of Scans Averaged by the Deck Unit = 1
* NMEA baud rate = 9600
** VESSEL/TRIP/SEQ STN:  79001097
** LATITUDE XX XX.XX N:  49 16.80 N
** LONGITUDE XX XX.XX W:  51 16.80 W
** SOUNDING DEPTH (M):  0329
** PROBE TYPE: S1257
** CTD NUMBER: 063
** COMMENTS (14 CHAR): BB-08
** BOTTLES:  20
** LEVELS: 5,5,5,5,10,20,20,20,20,30,40,50,50,50,75,100,100,100,150,BTM
** STICKERS: 435351 - 435370
** VNET: Y
** DO2: N
# nquan = 22
# nvalues = 9081                        
# units = specified
# name 0 = scan: Scan Count
# name 1 = prDM: Pressure, Digiquartz [db]
# name 2 = t090C: Temperature [ITS-90, deg C]
# name 3 = t190C: Temperature, 2 [ITS-90, deg C]
# name 4 = c0S/m: Conductivity [S/m]
# name 5 = c1S/m: Conductivity, 2 [S/m]
# name 6 = sbeox0V: Oxygen raw, SBE 43 [V]
# name 7 = sbeox1V: Oxygen raw, SBE 43, 2 [V]
# name 8 = ph: pH
# name 9 = flECO-AFL: Fluorescence, WET Labs ECO-AFL/FL [mg/m^3]
# name 10 = wetCDOM: Fluorescence, WET Labs CDOM [mg/m^3]
# name 11 = par/sat/log: PAR/Logarithmic, Satlantic [umol photons/m^2/sec]
# name 12 = CStarAt0: Beam Attenuation, WET Labs C-Star [1/m]
# name 13 = CStarTr0: Beam Transmission, WET Labs C-Star [%]
# name 14 = sbeox0ML/L: Oxygen, SBE 43 [ml/l], WS = 2
# name 15 = sbeox1ML/L: Oxygen, SBE 43, 2 [ml/l], WS = 2
# name 16 = sal00: Salinity, Practical [PSU]
# name 17 = sal11: Salinity, Practical, 2 [PSU]
# name 18 = sigma-t00: Density [sigma-t, kg/m^3 ]
# name 19 = sigma-t11: Density, 2 [sigma-t, kg/m^3 ]
# name 20 = oxsatML/L: Oxygen Saturation, Weiss [ml/l]
# name 21 = flag: flag
# span 0 =         74,      82047       
# span 1 =      0.509,    318.590       
# span 2 =     0.4929,     2.9118       
# span 3 =     0.3532,     2.9120       
# span 4 =   2.828839,   3.132042       
# span 5 =   2.826892,   3.132258       
# span 6 =     2.2866,     2.7471       
# span 7 =     2.2593,     2.7098       
# span 8 =      8.078,      8.201       
# span 9 =    -0.0078,     1.4720       
# span 10 =    -0.3258,     1.9245      
# span 11 = 1.0752e-01, 2.3645e+00      
# span 12 =     0.0545,     0.4288      
# span 13 =    89.8342,    98.6456      
# span 14 =     6.1832,     7.6992      
# span 15 =     6.4955,     8.0848      
# span 16 =    32.7060,    34.5204      
# span 17 =    32.9919,    34.5068      
# span 18 =    26.1200,    27.5171      
# span 19 =    26.3498,    27.5026      
# span 20 =    7.48750,    8.02679      
# span 21 = 0.0000e+00, 0.0000e+00      
# interval = scans: 3                   
# start_time = Dec 03 2019 04:41:31 [System UTC, header]
# bad_flag = -9.990e-29
*END*
[from data line 5992]
      26754    194.166     1.5567     1.5053   2.975609   2.969714     2.4251     2.3909      8.122     0.0068     1.6876 1.0790e-01     0.0662    98.3589     6.8340     7.1678    34.0846    34.0655    27.2714    27.2597    7.77209 0.0000e+00
      26757    194.125     1.5585     1.5053   2.977049   2.969705     2.4255     2.3909      8.122     0.0117     1.6876 1.0790e-01     0.0662    98.3589     6.8362     7.1679    34.1009    34.0655    27.2843    27.2597    7.77087 0.0000e+00
      26760    194.091     1.5771     1.5054   2.981486   2.969729     2.4259     2.3909      8.124     0.0117     1.6876 1.0790e-01     0.0662    98.3589     6.8335     7.1674    34.1369    34.0656    27.3119    27.2598    7.76525 0.0000e+00
      26763    194.058     1.6135     1.5058   2.986516   2.969770     2.4255     2.3909      8.122     0.0117     1.6876 1.0790e-01     0.0662    98.3589     6.8233     7.1695    34.1611    34.0658    27.3287    27.2599    7.75671 0.0000e+00
      26766    194.028     1.6422     1.5064   2.987746   2.969830     2.4251     2.3909      8.124     0.0117     1.6876 1.0790e-01     0.0662    98.3589     6.8185     7.1708    34.1455    34.0659    27.3141    27.2600    7.75178 0.0000e+00
      26769    194.001     1.6537     1.5064   2.986715   2.969849     2.4259     2.3909      8.122     0.0117     1.4902 1.0790e-01     0.0623    98.4545     6.8217     7.1733    34.1201    34.0662    27.2929    27.2602    7.75082 0.0000e+00
      26821    193.789     1.6330     1.5108   2.984454   2.970542     2.4288     2.3909      8.119     0.0020     1.5692 1.0790e-01     0.0715    98.2285     6.8349     7.1139    34.1141    34.0703    27.2895    27.2632    7.75527 0.0000e+00
      26824    193.759     1.6349     1.5099   2.986895   2.970377     2.4284     2.3905      8.121    -0.0029     1.5692 1.0790e-01     0.0715    98.2285     6.8312     7.1133    34.1429    34.0692    27.3125    27.2623    7.75338 0.0000e+00
      26827    193.724     1.6492     1.5079   2.987957   2.970052     2.4280     2.3905      8.119    -0.0029     1.5692 1.0790e-01     0.0715    98.2285     6.8273     7.1119    34.1408    34.0673    27.3098    27.2610    7.75063 0.0000e+00
      26830    193.694     1.6505     1.5078   2.986422   2.969992     2.4284     2.3897      8.121     0.0020     1.5692 1.0790e-01     0.0715    98.2285     6.8296     7.1076    34.1200    34.0667    27.2930    27.2605    7.75145 0.0000e+00
      26833    193.647     1.6522     1.5075   2.988431   2.969907     2.4288     2.3897      8.121     0.0020     1.5692 1.0790e-01     0.0715    98.2285     6.8303     7.1090    34.1436    34.0659    27.3118    27.2599    7.74989 0.0000e+00
      26836    193.598     1.6756     1.5065   2.993175   2.969802     2.4288     2.3897      8.119     0.0117     1.5692 1.0790e-01     0.0715    98.2285     6.8228     7.1138    34.1782    34.0657    27.3379    27.2598    7.74342 0.0000e+00
      26839    193.547     1.7040     1.5060   2.994912   2.969811     2.4288     2.3884      8.118     0.0117     1.5692 1.0790e-01     0.0715    98.2285     6.8151     7.1143    34.1694    34.0664    27.3287    27.2604    7.73822 0.0000e+00
      26842    193.489     1.7143     1.5060   2.991541   2.969813     2.4288     2.3884      8.120     0.0117     1.5692 1.0790e-01     0.0715    98.2285     6.8119     7.1200    34.1157    34.0665    27.2848    27.2604    7.73897 0.0000e+00
      26845    193.427     1.7037     1.5060   2.989278   2.969816     2.4288     2.3884      8.120     0.0117     1.5692 1.0790e-01     0.0715    98.2285     6.8142     7.1247    34.0986    34.0665    27.2719    27.2605    7.74196 0.0000e+00
      26848    193.364     1.6912     1.5061   2.988146   2.969811     2.4292     2.3880      8.119     0.0068     1.6876 1.0790e-01     0.0711    98.2372     6.8192     7.1267    34.0979    34.0664    27.2723    27.2604    7.74449 0.0000e+00
      26851    193.297     1.6803     1.5060   2.987615   2.969785     2.4300     2.3880      8.120     0.0117     1.6876 1.0790e-01     0.0694    98.2807     6.8241     7.1293    34.1031    34.0662    27.2772    27.2602    7.74640 0.0000e+00
      26854    193.231     1.6771     1.5055   2.987944   2.969700     2.4292     2.3876      8.120     0.0117     1.6876 1.0790e-01     0.0694    98.2807     6.8207     7.1316    34.1107    34.0656    27.2836    27.2598    7.74663 0.0000e+00
      26857    193.157     1.6679     1.5055   2.985249   2.969800     2.4296     2.3880      8.123     0.0117     1.6876 1.0790e-01     0.0694    98.2807     6.8240     7.1345    34.0868    34.0670    27.2650    27.2609    7.74974 0.0000e+00
      26860    193.081     1.6439     1.5062   2.981580   2.969937     2.4288     2.3884      8.122    -0.0029     1.6876 1.0790e-01     0.0694    98.2807     6.8254     7.1370    34.0663    34.0680    27.2504    27.2617    7.75558 0.0000e+00
      26863    193.004     1.6279     1.5071   2.981775   2.969914     2.4288     2.3884      8.119    -0.0029     1.6876 1.0790e-01     0.0694    98.2807     6.8265     7.1369    34.0862    34.0668    27.2675    27.2606    7.75775 0.0000e+00
      26866    192.923     1.6256     1.5077   2.983136   2.969959     2.4288     2.3884      8.124     0.0020     1.6876 1.0790e-01     0.0694    98.2807     6.8263     7.1355    34.1059    34.0667    27.2835    27.2606    7.75717 0.0000e+00
      26869    192.839     1.6269     1.5074   2.982691   2.969803     2.4288     2.3884      8.124     0.0020     1.6876 1.0790e-01     0.0690    98.2894     6.8254     7.1354    34.0989    34.0652    27.2778    27.2593    7.75728 0.0000e+00
      26872    192.754     1.6209     1.5066   2.981220   2.969793     2.4300     2.3876      8.121    -0.0029     1.5692 1.0790e-01     0.0683    98.3067     6.8315     7.1333    34.0869    34.0659    27.2686    27.2600    7.75911 0.0000e+00
      26875    192.667     1.6140     1.5061   2.980088   2.969738     2.4300     2.3872      8.119    -0.0029     1.4507 1.0790e-01     0.0683    98.3067     6.8337     7.1312    34.0801    34.0659    27.2636    27.2600    7.76084 0.0000e+00
      26878    192.579     1.6042     1.5076   2.979518   2.970025     2.4292     2.3880      8.122    -0.0029     1.4507 1.0790e-01     0.0683    98.3067     6.8367     7.1330    34.0835    34.0678    27.2671    27.2615    7.76262 0.0000e+00
      26881    192.493     1.6019     1.5097   2.980338   2.970072     2.4292     2.3872      8.122    -0.0029     1.4507 1.0790e-01     0.0683    98.3067     6.8371     7.1307    34.0964    34.0663    27.2776    27.2600    7.76241 0.0000e+00
      26884    192.403     1.6028     1.5097   2.980599   2.970038     2.4288     2.3868      8.122    -0.0029     1.4507 1.0790e-01     0.0683    98.3067     6.8349     7.1326    34.0988    34.0659    27.2794    27.2598    7.76210 0.0000e+00
      26887    192.315     1.6037     1.5091   2.980525   2.969969     2.4292     2.3868      8.124     0.0166     1.4507 1.0790e-01     0.0687    98.2980     6.8359     7.1384    34.0969    34.0657    27.2779    27.2596    7.76202 0.0000e+00
      26890    192.228     1.5958     1.5091   2.975972   2.970023     2.4300     2.3868      8.124     0.0117     1.4507 1.0790e-01     0.0672    98.3328     6.8419     7.1450    34.0479    34.0665    27.2391    27.2602    7.76617 0.0000e+00
      26893    192.140     1.5710     1.5101   2.972897   2.970134     2.4288     2.3872      8.122     0.0117     1.4507 1.0790e-01     0.0672    98.3328     6.8411     7.1527    34.0359    34.0668    27.2313    27.2604    7.77177 0.0000e+00
      26896    192.051     1.5565     1.5106   2.973755   2.970155     2.4300     2.3872      8.122     0.0117     1.4507 1.0790e-01     0.0669    98.3415     6.8471     7.1590    34.0625    34.0666    27.2537    27.2602    7.77329 0.0000e+00
      26899    191.960     1.5542     1.5108   2.975393   2.970136     2.4296     2.3872      8.124     0.0166     1.5297 1.0790e-01     0.0669    98.3415     6.8464     7.1652    34.0858    34.0662    27.2725    27.2599    7.77252 0.0000e+00
      26902    191.866     1.5646     1.5108   2.978532   2.970208     2.4316     2.3872      8.124     0.0117     1.5692 1.0790e-01     0.0665    98.3502     6.8502     7.1718    34.1144    34.0672    27.2947    27.2607    7.76894 0.0000e+00
      26905    191.771     1.5751     1.5141   2.978984   2.970661     2.4292     2.3880      8.124     0.0117     1.5692 1.0790e-01     0.0665    98.3502     6.8381     7.1821    34.1087    34.0694    27.2895    27.2623    7.76713 0.0000e+00
      26908    191.674     1.5873     1.5179   2.980019   2.971043     2.4296     2.3880      8.122     0.0117     1.5692 1.0790e-01     0.0662    98.3589     6.8359     7.1862    34.1087    34.0702    27.2885    27.2626    7.76469 0.0000e+00
      26911    191.577     1.5900     1.5213   2.978762   2.971260     2.4300     2.3884      8.124     0.0068     1.5692 1.0790e-01     0.0630    98.4371     6.8362     7.1902    34.0899    34.0692    27.2732    27.2616    7.76513 0.0000e+00
      26914    191.480     1.5867     1.5251   2.977951   2.971687     2.4300     2.3888      8.124    -0.0029     1.5692 1.0790e-01     0.0630    98.4371     6.8356     7.1956    34.0832    34.0706    27.2681    27.2624    7.76614 0.0000e+00
      26917    191.382     1.5803     1.5303   2.976772   2.972078     2.4292     2.3888      8.122    -0.0029     1.5692 1.0790e-01     0.0630    98.4371     6.8333     7.1984    34.0754    34.0700    27.2623    27.2616    7.76784 0.0000e+00
      26920    191.282     1.5705     1.5317   2.975142   2.971976     2.4304     2.3893      8.124    -0.0029     1.5692 1.0790e-01     0.0630    98.4371     6.8396     7.2049    34.0653    34.0673    27.2549    27.2593    7.77032 0.0000e+00
      26923    191.181     1.5579     1.5308   2.973265   2.971944     2.4300     2.3897      8.124    -0.0029     1.5692 1.0790e-01     0.0630    98.4371     6.8416     7.2091    34.0552    34.0679    27.2477    27.2599    7.77338 0.0000e+00
      26926    191.079     1.5460     1.5313   2.971971   2.972104     2.4296     2.3905      8.124     0.0020     1.5692 1.0790e-01     0.0630    98.4371     6.8441     7.2124    34.0518    34.0695    27.2458    27.2611    7.77595 0.0000e+00
      26929    190.973     1.5383     1.5330   2.971824   2.972184     2.4292     2.3909      8.122    -0.0029     1.5692 1.0790e-01     0.0630    98.4371     6.8474     7.2156    34.0584    34.0687    27.2517    27.2603    7.77716 0.0000e+00
      26932    190.869     1.5338     1.5326   2.971762   2.972050     2.4300     2.3909      8.124    -0.0029     1.5692 1.0790e-01     0.0620    98.4632     6.8491     7.2172    34.0625    34.0675    27.2553    27.2593    7.77784 0.0000e+00
      26935    190.759     1.5316     1.5317   2.971806   2.971981     2.4300     2.3917      8.124    -0.0029     1.5692 1.0790e-01     0.0620    98.4632     6.8484     7.2216    34.0655    34.0676    27.2578    27.2595    7.77812 0.0000e+00
      26938    190.649     1.5310     1.5312   2.971904   2.971954     2.4288     2.3921      8.124     0.0068     1.5297 1.0790e-01     0.0620    98.4632     6.8445     7.2239    34.0675    34.0679    27.2595    27.2598    7.77814 0.0000e+00
      26941    190.538     1.5305     1.5299   2.971891   2.971745     2.4300     2.3929      8.124     0.0117     1.5297 1.0790e-01     0.0620    98.4632     6.8478     7.2268    34.0679    34.0667    27.2598    27.2589    7.77821 0.0000e+00
      26944    190.425     1.5295     1.5289   2.971665   2.971897     2.4300     2.3933      8.124     0.0166     1.5692 1.0790e-01     0.0627    98.4458     6.8477     7.2290    34.0662    34.0698    27.2586    27.2615    7.77851 0.0000e+00
      26947    190.313     1.5273     1.5302   2.971411   2.971995     2.4304     2.3933      8.124     0.0117     1.5692 1.0790e-01     0.0620    98.4632     6.8504     7.2286    34.0654    34.0697    27.2581    27.2613    7.77898 0.0000e+00
      26950    190.198     1.5260     1.5335   2.971384   2.972345     2.4300     2.3937      8.124     0.0117     1.5297 1.0790e-01     0.0620    98.4632     6.8491     7.2272    34.0665    34.0706    27.2591    27.2618    7.77919 0.0000e+00
      26953    190.083     1.5249     1.5350   2.971174   2.972351     2.4308     2.3946      8.124     0.0117     1.4507 1.0790e-01     0.0620    98.4632     6.8502     7.2283    34.0651    34.0691    27.2580    27.2605    7.77949 0.0000e+00
      26956    189.968     1.5241     1.5340   2.971162   2.972128     2.4292     2.3950      8.124     0.0117     1.4507 1.0790e-01     0.0620    98.4632     6.8444     7.2270    34.0660    34.0674    27.2588    27.2592    7.77961 0.0000e+00
      26959    189.856     1.5242     1.5335   2.971187   2.972212     2.4296     2.3950      8.124     0.0117     1.4507 1.0790e-01     0.0620    98.4632     6.8452     7.2214    34.0662    34.0692    27.2590    27.2607    7.77957 0.0000e+00
      26962    189.746     1.5243     1.5336   2.971206   2.972128     2.4300     2.3958      8.124     0.0117     1.4507 1.0790e-01     0.0620    98.4632     6.8464     7.2191    34.0664    34.0680    27.2591    27.2597    7.77954 0.0000e+00
      26965    189.637     1.5252     1.5301   2.971330   2.971597     2.4292     2.3962      8.124     0.0020     1.4507 1.0790e-01     0.0623    98.4545     6.8420     7.2177    34.0671    34.0652    27.2596    27.2577    7.77933 0.0000e+00
      26968    189.528     1.5263     1.5297   2.971413   2.971919     2.4300     2.3970      8.124    -0.0029     1.4507 1.0790e-01     0.0623    98.4545     6.8453     7.2189    34.0670    34.0697    27.2594    27.2613    7.77911 0.0000e+00
      26971    189.422     1.5271     1.5322   2.971347   2.972020     2.4296     2.3970      8.124     0.0020     1.4507 1.0790e-01     0.0630    98.4371     6.8428     7.2153    34.0654    34.0684    27.2580    27.2601    7.77904 0.0000e+00
      26974    189.318     1.5274     1.5307   2.971352   2.971773     2.4300     2.3970      8.124    -0.0029     1.4507 1.0790e-01     0.0634    98.4284     6.8444     7.2118    34.0651    34.0670    27.2578    27.2591    7.77898 0.0000e+00
      26977    189.217     1.5277     1.5303   2.971350   2.971891     2.4292     2.3970      8.124     0.0020     1.4902 1.0790e-01     0.0634    98.4284     6.8431     7.2101    34.0649    34.0689    27.2576    27.2606    7.77894 0.0000e+00
      26980    189.119     1.5276     1.5291   2.971289   2.971580     2.4300     2.3974      8.124    -0.0029     1.5692 1.0790e-01     0.0630    98.4371     6.8473     7.2110    34.0643    34.0663    27.2572    27.2587    7.77899 0.0000e+00
      26983    189.029     1.5268     1.5250   2.971131   2.971198     2.4292     2.3970      8.124    -0.0029     1.5692 1.0790e-01     0.0634    98.4284     6.8444     7.2107    34.0631    34.0659    27.2563    27.2587    7.77921 0.0000e+00
      26986    188.942     1.5260     1.5246   2.971095   2.971266     2.4300     2.3970      8.124    -0.0029     1.5692 1.0790e-01     0.0630    98.4371     6.8477     7.2088    34.0636    34.0673    27.2567    27.2598    7.77935 0.0000e+00
      26989    188.860     1.5256     1.5246   2.971070   2.971207     2.4300     2.3982      8.124    -0.0029     1.5692 1.0790e-01     0.0630    98.4371     6.8472     7.2146    34.0638    34.0666    27.2569    27.2592    7.77941 0.0000e+00
      26992    188.786     1.5254     1.5233   2.971044   2.971070     2.4296     2.3982      8.124     0.0117     1.5692 1.0790e-01     0.0623    98.4545     6.8451     7.2176    34.0637    34.0663    27.2568    27.2591    7.77946 0.0000e+00
      26995    188.718     1.5254     1.5235   2.971042   2.971140     2.4288     2.3982      8.124     0.0117     1.5692 1.0790e-01     0.0627    98.4458     6.8445     7.2200    34.0637    34.0670    27.2569    27.2597    7.77946 0.0000e+00
