Datasets/AZMP/COO001/79001077.cnv
* Sea-Bird SBE 9 Data File:
* FileName = C:\CTDDATA\79001077.hex
* Software Version Seasave V 7.26.7.110
* Temperature SN = 5660
* Conductivity SN = 3698
* Number of Bytes Per Scan = 30
* Number of Voltage Words = 4
* Number of Scans Averaged by the Deck Unit = 1
* NMEA baud rate = 9600
** VESSEL/TRIP/SEQ STN:  79001077
** LATITUDE XX XX.XX N:  48 12.00 N
** LONGITUDE XX XX.XX W:  53 34.59 W
** SOUNDING DEPTH (M):  0163
** PROBE TYPE: S1257
** CTD NUMBER: 044
** COMMENTS (14 CHAR): SS-05
** BOTTLES:  18
** LEVELS: 5,5,5,5,10,20,20,20,20,30,40,50,50,50,75,100,150,BTM
** STICKERS: 435207 - 435224
** VNET: Y
** DO2: N
# nquan = 22
# nvalues = 5948                        
# units = specified
# name 0 = scan: Scan Count
# name 1 = prDM: Pressure, Digiquartz [db]
# name 2 = t090C: Temperature [ITS-90, deg C]
# name 3 = t190C: Temperature, 2 [ITS-90, deg C]
# name 4 = c0S/m: Conductivity [S/m]
# name 5 = c1S/m: Conductivity, 2 [S/m]
# name 6 = sbeox0V: Oxygen raw, SBE 43 [V]
# name 7 = sbeox1V: Oxygen raw, SBE 43, 2 [V]
# name 8 = ph: pH
# name 9 = flECO-AFL: Fluorescence, WET Labs ECO-AFL/FL [mg/m^3]
# name 10 = wetCDOM: Fluorescence, WET Labs CDOM [mg/m^3]
# name 11 = par/sat/log: PAR/Logarithmic, Satlantic [umol photons/m^2/sec]
# name 12 = CStarAt0: Beam Attenuation, WET Labs C-Star [1/m]
# name 13 = CStarTr0: Beam Transmission, WET Labs C-Star [%]
# name 14 = sbeox0ML/L: Oxygen, SBE 43 [ml/l], WS = 2
# name 15 = sbeox1ML/L: Oxygen, SBE 43, 2 [ml/l], WS = 2
# name 16 = sal00: Salinity, Practical [PSU]
# name 17 = sal11: Salinity, Practical, 2 [PSU]
# name 18 = sigma-t00: Density [sigma-t, kg/m^3 ]
# name 19 = sigma-t11: Density, 2 [sigma-t, kg/m^3 ]
# name 20 = oxsatML/L: Oxygen Saturation, Weiss [ml/l]
# name 21 = flag: flag
# span 0 =        529,      55569       
# span 1 =      0.268,    163.518       
# span 2 =     0.3548,     3.4644       
# span 3 =     0.3554,     3.4640       
# span 4 =   2.760032,   2.933735       
# span 5 =   2.509609,   2.933979       
# span 6 =     2.4980,     2.7569       
# span 7 =     2.4610,     2.7126       
# span 8 =      8.063,      8.174       
# span 9 =     0.0215,     0.8176       
# span 10 =     1.4507,     2.9904      
# span 11 = 1.0765e-01, 1.9553e+02      
# span 12 =     0.0782,     0.2057      
# span 13 =    94.9872,    98.0634      
# span 14 =     6.4701,     7.5611      
# span 15 =     7.6405,     8.0149      
# span 16 =    31.3157,    32.6394      
# span 17 =    26.7459,    32.6386      
# span 18 =    24.9092,    26.1824      
# span 19 =    21.2732,    26.1811      
# span 20 =    7.52738,    8.10011      
# span 21 = 0.0000e+00, 0.0000e+00      
# interval = scans: 3                   
# start_time = Dec 01 2019 14:17:42 [System UTC, header]
# bad_flag = -9.990e-29
*END*
[from data line 4675]
      27804     71.914     3.0552     3.1582   2.923335   2.927977     2.7241     2.6810      8.161     0.2559     1.9245 1.0790e-01     0.0853    97.8896     7.5502     7.8791    31.9521    31.9061    25.4480    25.4026    7.58884 0.0000e+00
      27807     71.858     3.0640     3.1633   2.923998   2.928185     2.7237     2.6810      8.161     0.2510     1.9245 1.0790e-01     0.0853    97.8896     7.5456     7.8770    31.9514    31.9037    25.4467    25.4002    7.58720 0.0000e+00
      27810     71.805     3.0813     3.1670   2.924858   2.928334     2.7249     2.6810      8.163     0.2071     1.9245 1.0790e-01     0.0850    97.8983     7.5459     7.8750    31.9447    31.9018    25.4399    25.3984    7.58424 0.0000e+00
      27813     71.751     3.0833     3.1704   2.924121   2.928462     2.7253     2.6810      8.163     0.2071     1.9245 1.0790e-01     0.0853    97.8896     7.5467     7.8746    31.9338    31.9000    25.4310    25.3966    7.58440 0.0000e+00
      27816     71.698     3.0798     3.1737   2.923897   2.928603     2.7249     2.6810      8.161     0.2120     1.9245 1.0790e-01     0.0846    97.9070     7.5469     7.8743    31.9347    31.8985    25.4320    25.3951    7.58504 0.0000e+00
      27819     71.647     3.0756     3.1758   2.923553   2.928675     2.7249     2.6810      8.161     0.2120     1.9245 1.0790e-01     0.0839    97.9244     7.5479     7.8724    31.9347    31.8973    25.4324    25.3940    7.58583 0.0000e+00
      27822     71.599     3.0693     3.1774   2.923317   2.928708     2.7258     2.6810      8.161     0.2120     1.9245 1.0790e-01     0.0843    97.9157     7.5537     7.8723    31.9381    31.8961    25.4356    25.3929    7.58686 0.0000e+00
      27825     71.548     3.0636     3.1781   2.923157   2.928710     2.7253     2.6814      8.161     0.2071     1.9245 1.0790e-01     0.0843    97.9157     7.5545     7.8750    31.9418    31.8955    25.4391    25.3924    7.58776 0.0000e+00
      27828     71.496     3.0609     3.1786   2.923403   2.928707     2.7253     2.6810      8.163     0.2169     2.0429 1.0790e-01     0.0843    97.9157     7.5543     7.8753    31.9475    31.8950    25.4438    25.3919    7.58798 0.0000e+00
      27831     71.445     3.0659     3.1790   2.924163   2.928716     2.7249     2.6810      8.161     0.2071     2.0429 1.0790e-01     0.0843    97.9157     7.5507     7.8771    31.9518    31.8947    25.4468    25.3916    7.58682 0.0000e+00
      27834     71.399     3.0744     3.1796   2.924160   2.928764     2.7258     2.6810      8.163     0.2120     2.0429 1.0790e-01     0.0846    97.9070     7.5505     7.8770    31.9434    31.8947    25.4394    25.3916    7.58562 0.0000e+00
      27837     71.352     3.0755     3.1804   2.923768   2.928776     2.7249     2.6810      8.164     0.2315     2.0429 1.0790e-01     0.0853    97.8896     7.5481     7.8778    31.9375    31.8941    25.4346    25.3911    7.58570 0.0000e+00
      27840     71.303     3.0734     3.1808   2.923647   2.928788     2.7258     2.6810      8.161     0.2413     2.0429 1.0790e-01     0.0857    97.8809     7.5508     7.8769    31.9382    31.8939    25.4353    25.3909    7.58607 0.0000e+00
      27843     71.253     3.0725     3.1813   2.923721   2.928802     2.7253     2.6810      8.163     0.2364     2.0429 1.0790e-01     0.0860    97.8723     7.5490     7.8776    31.9400    31.8936    25.4369    25.3905    7.58616 0.0000e+00
      27846     71.204     3.0729     3.1812   2.923716   2.928777     2.7266     2.6818      8.161     0.2413     2.0429 1.0790e-01     0.0857    97.8809     7.5520     7.8813    31.9395    31.8934    25.4364    25.3904    7.58609 0.0000e+00
      27849     71.158     3.0722     3.1805   2.923599   2.928749     2.7258     2.6818      8.161     0.2462     2.0429 1.0790e-01     0.0857    97.8809     7.5488     7.8827    31.9388    31.8938    25.4359    25.3908    7.58626 0.0000e+00
      27852     71.109     3.0712     3.1798   2.923657   2.928750     2.7262     2.6822      8.161     0.2364     1.9245 1.0790e-01     0.0853    97.8896     7.5505     7.8846    31.9405    31.8945    25.4374    25.3914    7.58636 0.0000e+00
      27855     71.057     3.0731     3.1806   2.923887   2.928812     2.7262     2.6818      8.163     0.2364     1.8060 1.0790e-01     0.0864    97.8636     7.5503     7.8831    31.9415    31.8945    25.4380    25.3913    7.58596 0.0000e+00
      27858     71.007     3.0761     3.1819   2.923950   2.928859     2.7258     2.6818      8.163     0.2364     1.8060 1.0790e-01     0.0874    97.8375     7.5481     7.8831    31.9393    31.8938    25.4360    25.3907    7.58550 0.0000e+00
      27861     70.956     3.0780     3.1829   2.923894   2.928881     2.7262     2.6818      8.163     0.2267     1.8060 1.0790e-01     0.0874    97.8375     7.5492     7.8841    31.9368    31.8932    25.4338    25.3901    7.58526 0.0000e+00
      27864     70.904     3.0778     3.1836   2.923893   2.928905     2.7258     2.6814      8.163     0.2218     1.8060 1.0790e-01     0.0874    97.8375     7.5471     7.8819    31.9370    31.8928    25.4341    25.3897    7.58530 0.0000e+00
      27867     70.854     3.0795     3.1840   2.924330   2.928932     2.7262     2.6822      8.163     0.2266     1.8060 1.0790e-01     0.0874    97.8375     7.5471     7.8852    31.9406    31.8927    25.4367    25.3896    7.58478 0.0000e+00
      27870     70.802     3.0890     3.1852   2.925050   2.928959     2.7249     2.6822      8.163     0.2266     1.8060 1.0790e-01     0.0874    97.8375     7.5410     7.8854    31.9399    31.8918    25.4354    25.3889    7.58300 0.0000e+00
      27873     70.747     3.0983     3.1860   2.925346   2.928963     2.7262     2.6822      8.163     0.2218     1.8060 1.0790e-01     0.0874    97.8375     7.5452     7.8889    31.9343    31.8912    25.4301    25.3883    7.58151 0.0000e+00
      27876     70.693     3.1048     3.1866   2.925417   2.928980     2.7258     2.6822      8.163     0.2218     1.8060 1.0790e-01     0.0867    97.8549     7.5420     7.8908    31.9287    31.8908    25.4252    25.3879    7.58056 0.0000e+00
      27879     70.639     3.1045     3.1870   2.925112   2.928982     2.7270     2.6826      8.163     0.2218     1.8850 1.0790e-01     0.0864    97.8636     7.5467     7.8955    31.9254    31.8905    25.4225    25.3876    7.58079 0.0000e+00
      27882     70.583     3.1033     3.1870   2.925057   2.928995     2.7262     2.6826      8.163     0.2169     1.9245 1.0790e-01     0.0864    97.8636     7.5461     7.8971    31.9259    31.8907    25.4231    25.3877    7.58099 0.0000e+00
      27885     70.523     3.1034     3.1871   2.924980   2.928997     2.7266     2.6830      8.166     0.2266     1.9245 1.0790e-01     0.0864    97.8636     7.5481     7.9002    31.9250    31.8906    25.4222    25.3877    7.58102 0.0000e+00
      27888     70.462     3.1029     3.1876   2.925152   2.929030     2.7262     2.6830      8.163     0.2266     1.9245 1.0790e-01     0.0864    97.8636     7.5464     7.8997    31.9276    31.8906    25.4244    25.3876    7.58099 0.0000e+00
      27891     70.403     3.1113     3.1878   2.925970   2.929025     2.7262     2.6834      8.163     0.2218     1.9245 1.0790e-01     0.0864    97.8636     7.5448     7.9010    31.9291    31.8903    25.4249    25.3874    7.57930 0.0000e+00
      27894     70.344     3.1197     3.1883   2.926150   2.929044     2.7266     2.6834      8.164     0.2218     1.9245 1.0790e-01     0.0867    97.8549     7.5448     7.9007    31.9230    31.8901    25.4193    25.3872    7.57801 0.0000e+00
      27897     70.284     3.1243     3.1885   2.926098   2.929064     2.7266     2.6842      8.163     0.2266     1.9245 1.0790e-01     0.0917    97.7332     7.5435     7.9020    31.9179    31.8901    25.4148    25.3872    7.57739 0.0000e+00
      27900     70.219     3.1253     3.1886   2.925948   2.929045     2.7262     2.6838      8.164     0.2169     1.9245 1.0790e-01     0.0913    97.7419     7.5428     7.8983    31.9152    31.8898    25.4125    25.3869    7.57735 0.0000e+00
      27903     70.154     3.1238     3.1890   2.925836   2.929090     2.7266     2.6846      8.161     0.2169     1.9245 1.0790e-01     0.0917    97.7332     7.5443     7.8993    31.9152    31.8900    25.4128    25.3870    7.57762 0.0000e+00
      27906     70.090     3.1221     3.1902   2.925689   2.929203     2.7278     2.6846      8.163     0.2169     1.9245 1.0790e-01     0.0917    97.7332     7.5475     7.8979    31.9152    31.8902    25.4129    25.3871    7.57794 0.0000e+00
      27909     70.026     3.1200     3.1917   2.925659   2.929251     2.7266     2.6846      8.163     0.2266     1.9245 1.0790e-01     0.0917    97.7332     7.5420     7.8956    31.9169    31.8894    25.4144    25.3863    7.57825 0.0000e+00
      27912     69.957     3.1194     3.1934   2.925787   2.929358     2.7270     2.6846      8.164     0.2218     1.9245 1.0790e-01     0.0917    97.7332     7.5426     7.8929    31.9191    31.8891    25.4162    25.3859    7.57826 0.0000e+00
      27915     69.886     3.1222     3.1949   2.926056   2.929410     2.7266     2.6850      8.164     0.2022     1.9245 1.0790e-01     0.0910    97.7506     7.5396     7.8935    31.9196    31.8882    25.4164    25.3851    7.57770 0.0000e+00
      27918     69.819     3.1248     3.1973   2.926147   2.929512     2.7278     2.6846      8.164     0.2169     1.9245 1.0790e-01     0.0874    97.8375     7.5424     7.8902    31.9182    31.8871    25.4150    25.3840    7.57728 0.0000e+00
      27921     69.750     3.1293     3.1994   2.926321   2.929544     2.7274     2.6846      8.163     0.2022     1.9245 1.0790e-01     0.0874    97.8375     7.5395     7.8871    31.9159    31.8855    25.4128    25.3825    7.57654 0.0000e+00
      27924     69.678     3.1320     3.2011   2.926295   2.929592     2.7278     2.6846      8.163     0.2120     1.9245 1.0790e-01     0.0878    97.8288     7.5391     7.8845    31.9129    31.8843    25.4103    25.3815    7.57618 0.0000e+00
      27927     69.605     3.1309     3.2028   2.926123   2.929642     2.7270     2.6854      8.164     0.2120     1.9245 1.0790e-01     0.0874    97.8375     7.5354     7.8856    31.9120    31.8834    25.4096    25.3806    7.57643 0.0000e+00
      27930     69.533     3.1313     3.2047   2.926322   2.929696     2.7262     2.6850      8.164     0.2071     1.8850 1.0790e-01     0.0874    97.8375     7.5325     7.8831    31.9140    31.8822    25.4111    25.3795    7.57625 0.0000e+00
      27933     69.458     3.1350     3.2063   2.926692   2.929750     2.7262     2.6850      8.164     0.2071     1.8060 1.0790e-01     0.0874    97.8375     7.5333     7.8837    31.9149    31.8812    25.4116    25.3785    7.57551 0.0000e+00
      27936     69.386     3.1394     3.2074   2.926858   2.929781     2.7270     2.6854      8.164     0.2120     1.8060 1.0790e-01     0.0896    97.7854     7.5334     7.8855    31.9126    31.8806    25.4093    25.3779    7.57479 0.0000e+00
      27939     69.312     3.1431     3.2082   2.927019   2.929771     2.7270     2.6858      8.164     0.2267     1.8060 1.0790e-01     0.0910    97.7506     7.5323     7.8862    31.9109    31.8797    25.4077    25.3772    7.57417 0.0000e+00
      27942     69.240     3.1463     3.2083   2.927075   2.929779     2.7266     2.6854      8.164     0.2608     1.8060 1.0790e-01     0.0913    97.7419     7.5307     7.8843    31.9085    31.8798    25.4054    25.3772    7.57369 0.0000e+00
      27945     69.165     3.1505     3.2084   2.927370   2.929779     2.7270     2.6846      8.164     0.2559     1.8060 1.0790e-01     0.0906    97.7593     7.5326     7.8778    31.9078    31.8797    25.4046    25.3772    7.57290 0.0000e+00
      27948     69.095     3.1564     3.2084   2.927601   2.929759     2.7266     2.6850      8.165     0.2608     1.8060 1.0790e-01     0.0913    97.7419     7.5305     7.8756    31.9049    31.8795    25.4017    25.3770    7.57194 0.0000e+00
      27951     69.023     3.1608     3.2085   2.927762   2.929783     2.7270     2.6854      8.164     0.2608     1.8060 1.0790e-01     0.0913    97.7419     7.5320     7.8742    31.9025    31.8797    25.3994    25.3772    7.57122 0.0000e+00
      27954     68.952     3.1662     3.2089   2.928136   2.929788     2.7270     2.6854      8.165     0.2462     1.8060 1.0790e-01     0.0913    97.7419     7.5309     7.8731    31.9017    31.8794    25.3983    25.3769    7.57024 0.0000e+00
      27957     68.879     3.1741     3.2092   2.928589   2.929787     2.7270     2.6858      8.165     0.2559     1.9245 1.0790e-01     0.0903    97.7680     7.5278     7.8720    31.8993    31.8792    25.3958    25.3767    7.56885 0.0000e+00
      27960     68.809     3.1758     3.2095   2.928034   2.929801     2.7262     2.6858      8.164     0.2462     2.0429 1.0790e-01     0.0903    97.7680     7.5245     7.8705    31.8911    31.8791    25.3891    25.3766    7.56895 0.0000e+00
      27963     68.738     3.1716     3.2095   2.927811   2.929802     2.7266     2.6854      8.165     0.2608     2.0429 1.0790e-01     0.0906    97.7593     7.5265     7.8689    31.8926    31.8791    25.3906    25.3765    7.56966 0.0000e+00
      27966     68.669     3.1710     3.2097   2.927991   2.929808     2.7274     2.6850      8.165     0.2315     2.0429 1.0790e-01     0.0906    97.7593     7.5312     7.8670    31.8954    31.8790    25.3929    25.3765    7.56964 0.0000e+00
      27969     68.599     3.1722     3.2098   2.928061   2.929800     2.7266     2.6846      8.165     0.2169     2.0429 1.0790e-01     0.0903    97.7680     7.5279     7.8651    31.8951    31.8788    25.3925    25.3763    7.56943 0.0000e+00
      27972     68.530     3.1735     3.2099   2.928116   2.929803     2.7262     2.6846      8.165     0.2315     2.0429 1.0790e-01     0.0906    97.7593     7.5269     7.8636    31.8945    31.8788    25.3920    25.3763    7.56922 0.0000e+00
      27975     68.459     3.1740     3.2101   2.928058   2.929809     2.7266     2.6846      8.165     0.2218     2.0429 1.0790e-01     0.0906    97.7593     7.5275     7.8637    31.8933    31.8787    25.3910    25.3762    7.56918 0.0000e+00
      27978     68.388     3.1740     3.2106   2.928042   2.929829     2.7270     2.6846      8.165     0.2218     2.0429 1.0790e-01     0.0910    97.7506     7.5299     7.8637    31.8932    31.8786    25.3909    25.3761    7.56918 0.0000e+00
      27981     68.322     3.1750     3.2109   2.928205   2.929835     2.7262     2.6846      8.165     0.2315     2.0429 1.0790e-01     0.0910    97.7506     7.5295     7.8654    31.8941    31.8784    25.3915    25.3759    7.56894 0.0000e+00
      27984     68.256     3.1778     3.2112   2.928443   2.929859     2.7266     2.6846      8.165     0.2266     1.9245 1.0790e-01     0.0913    97.7419     7.5308     7.8680    31.8943    31.8783    25.3914    25.3758    7.56841 0.0000e+00
      27987     68.191     3.1822     3.2115   2.928651   2.929843     2.7270     2.6846      8.165     0.2315     1.9245 1.0790e-01     0.0910    97.7506     7.5316     7.8702    31.8924    31.8779    25.3896    25.3755    7.56765 0.0000e+00
      27990     68.126     3.1861     3.2115   2.928782   2.929849     2.7278     2.6842      8.165     0.2266     1.9245 1.0790e-01     0.0906    97.7593     7.5353     7.8713    31.8903    31.8781    25.3875    25.3756    7.56703 0.0000e+00
      27993     68.062     3.1894     3.2115   2.928863   2.929824     2.7266     2.6846      8.165     0.2315     1.9245 1.0790e-01     0.0910    97.7506     7.5318     7.8743    31.8880    31.8777    25.3854    25.3753    7.56652 0.0000e+00
      27996     67.998     3.1917     3.2115   2.928878   2.929824     2.7270     2.6846      8.165     0.2266     1.9245 1.0790e-01     0.0917    97.7332     7.5325     7.8746    31.8859    31.8778    25.3835    25.3754    7.56618 0.0000e+00
