Datasets/AZMP/COO001/79001073.cnv
* Sea-Bird SBE 9 Data File:
* FileName = C:\CTDDATA\79001073.hex
* Software Version Seasave V 7.26.7.110
* Temperature SN = 5660
* Conductivity SN = 3698
* Number of Bytes Per Scan = 30
* Number of Voltage Words = 4
* Number of Scans Averaged by the Deck Unit = 1
** VESSEL/TRIP/SEQ STN:  79001073
** LATITUDE XX XX.XX N:  48 15.29 N
** LONGITUDE XX XX.XX W:  53 25.69 W
** SOUNDING DEPTH (M):  0324
** PROBE TYPE: S1257
** CTD NUMBER: 040
** COMMENTS (14 CHAR): SS-01
** BOTTLES:  20
** LEVELS: 5,5,5,5,10,10,20,20,20,20,30,40,50,50,50,75,100,100,150,BTM
** STICKERS: 435187 - 435206
** VNET: Y
** DO2: N
** Sampled 400m away from planned lat/long because of underwire cables
# nquan = 22
# nvalues = 8997                        
# units = specified
# name 0 = scan: Scan Count
# name 1 = prDM: Pressure, Digiquartz [db]
# name 2 = t090C: Temperature [ITS-90, deg C]
# name 3 = t190C: Temperature, 2 [ITS-90, deg C]
# name 4 = c0S/m: Conductivity [S/m]
# name 5 = c1S/m: Conductivity, 2 [S/m]
# name 6 = sbeox0V: Oxygen raw, SBE 43 [V]
# name 7 = sbeox1V: Oxygen raw, SBE 43, 2 [V]
# name 8 = ph: pH
# name 9 = flECO-AFL: Fluorescence, WET Labs ECO-AFL/FL [mg/m^3]
# name 10 = wetCDOM: Fluorescence, WET Labs CDOM [mg/m^3]
# name 11 = par/sat/log: PAR/Logarithmic, Satlantic [umol photons/m^2/sec]
# name 12 = CStarAt0: Beam Attenuation, WET Labs C-Star [1/m]
# name 13 = CStarTr0: Beam Transmission, WET Labs C-Star [%]
# name 14 = sbeox0ML/L: Oxygen, SBE 43 [ml/l], WS = 2
# name 15 = sbeox1ML/L: Oxygen, SBE 43, 2 [ml/l], WS = 2
# name 16 = sal00: Salinity, Practical [PSU]
# name 17 = sal11: Salinity, Practical, 2 [PSU]
# name 18 = sigma-t00: Density [sigma-t, kg/m^3 ]
# name 19 = sigma-t11: Density, 2 [sigma-t, kg/m^3 ]
# name 20 = oxsatML/L: Oxygen Saturation, Weiss [ml/l]
# name 21 = flag: flag
# span 0 =        150,      68797       
# span 1 =      0.135,    308.299       
# span 2 =    -0.6156,     3.4927       
# span 3 =    -0.6251,     3.4956       
# span 4 =   2.691151,   2.932642       
# span 5 =   2.690408,   2.933320       
# span 6 =     2.1393,     2.7675       
# span 7 =     2.1056,     2.7180       
# span 8 =      7.952,      8.167       
# span 9 =     0.0068,     0.7394       
# span 10 =    -1.5891,     2.3982      
# span 11 = 1.0752e-01, 2.2286e+00      
# span 12 =     0.0789,     0.3347      
# span 13 =    91.9719,    98.0460      
# span 14 =     6.0374,     7.7308      
# span 15 =     6.2840,     7.9948      
# span 16 =    31.6193,    33.7128      
# span 17 =    30.0617,    33.7163      
# span 18 =    25.1465,    27.0175      
# span 19 =    23.9069,    27.0202      
# span 20 =    7.52137,    8.30594      
# span 21 = 0.0000e+00, 0.0000e+00      
# interval = scans: 3                   
# start_time = Dec 01 2019 07:00:01 [System UTC, header]
# bad_flag = -9.990e-29
*END*
[from data line 4807]
      21309    280.790     0.8500     0.8438   2.888895   2.888405     2.1545     2.1207      7.957     0.0264     1.9245 1.0777e-01     0.2644    93.6056     6.0866     6.3558    33.6926    33.6929    27.0035    27.0041    7.93717 0.0000e+00
      21312    280.698     0.8498     0.8434   2.888907   2.888368     2.1557     2.1215      7.959     0.0313     1.9245 1.0777e-01     0.2644    93.6056     6.0912     6.3594    33.6929    33.6930    27.0038    27.0042    7.93718 0.0000e+00
      21315    280.605     0.8498     0.8428   2.888901   2.888255     2.1561     2.1215      7.957     0.0264     1.9245 1.0777e-01     0.2644    93.6056     6.0936     6.3567    33.6930    33.6922    27.0038    27.0036    7.93719 0.0000e+00
      21318    280.512     0.8497     0.8421   2.888883   2.888174     2.1557     2.1211      7.957     0.0264     1.9245 1.0790e-01     0.2640    93.6143     6.0892     6.3509    33.6928    33.6920    27.0037    27.0035    7.93721 0.0000e+00
      21321    280.415     0.8496     0.8417   2.888871   2.888139     2.1549     2.1211      7.957     0.0264     1.9245 1.0777e-01     0.2636    93.6230     6.0854     6.3466    33.6929    33.6920    27.0037    27.0036    7.93723 0.0000e+00
      21324    280.320     0.8494     0.8415   2.888785   2.888099     2.1566     2.1207      7.957     0.0313     1.9245 1.0790e-01     0.2640    93.6143     6.0928     6.3417    33.6920    33.6918    27.0031    27.0033    7.93732 0.0000e+00
      21327    280.225     0.8490     0.8411   2.888735   2.888051     2.1561     2.1203      7.957     0.0264     1.9245 1.0752e-01     0.2636    93.6230     6.0899     6.3381    33.6919    33.6916    27.0030    27.0033    7.93742 0.0000e+00
      21330    280.132     0.8489     0.8408   2.888762   2.888018     2.1561     2.1207      7.957     0.0361     1.9245 1.0777e-01     0.2640    93.6143     6.0904     6.3398    33.6924    33.6916    27.0034    27.0032    7.93740 0.0000e+00
      21333    280.036     0.8489     0.8405   2.888738   2.887967     2.1553     2.1211      7.957     0.0264     1.9245 1.0790e-01     0.2640    93.6143     6.0887     6.3400    33.6922    33.6913    27.0032    27.0031    7.93742 0.0000e+00
      21336    279.941     0.8487     0.8402   2.888735   2.887870     2.1557     2.1215      7.957     0.0361     1.9245 1.0790e-01     0.2614    93.6751     6.0879     6.3388    33.6924    33.6904    27.0034    27.0024    7.93745 0.0000e+00
      21339    279.847     0.8489     0.8395   2.888738   2.887802     2.1561     2.1203      7.957     0.0264     1.9245 1.0777e-01     0.2584    93.7446     6.0903     6.3359    33.6923    33.6904    27.0033    27.0023    7.93742 0.0000e+00
      21342    279.754     0.8488     0.8389   2.888762   2.887731     2.1553     2.1203      7.957     0.0264     1.9245 1.0790e-01     0.2584    93.7446     6.0872     6.3377    33.6927    33.6902    27.0036    27.0022    7.93740 0.0000e+00
      21345    279.663     0.8487     0.8383   2.888746   2.887689     2.1561     2.1203      7.957     0.0313     1.9245 1.0777e-01     0.2584    93.7446     6.0910     6.3368    33.6926    33.6903    27.0036    27.0024    7.93742 0.0000e+00
      21348    279.572     0.8488     0.8381   2.888723   2.887673     2.1561     2.1203      7.957     0.0410     1.9245 1.0790e-01     0.2584    93.7446     6.0893     6.3347    33.6923    33.6903    27.0033    27.0024    7.93743 0.0000e+00
      21351    279.484     0.8487     0.8381   2.888680   2.887647     2.1557     2.1203      7.957     0.0459     1.9245 1.0777e-01     0.2584    93.7446     6.0888     6.3330    33.6919    33.6901    27.0030    27.0022    7.93746 0.0000e+00
      21354    279.395     0.8485     0.8378   2.888659   2.887604     2.1561     2.1203      7.957     0.0410     1.9640 1.0777e-01     0.2588    93.7359     6.0892     6.3332    33.6919    33.6899    27.0030    27.0021    7.93751 0.0000e+00
      21357    279.310     0.8483     0.8373   2.888629   2.887537     2.1566     2.1199      7.957     0.0410     2.0429 1.0777e-01     0.2613    93.6751     6.0916     6.3332    33.6918    33.6897    27.0030    27.0019    7.93756 0.0000e+00
      21360    279.225     0.8481     0.8368   2.888564   2.887472     2.1557     2.1199      7.957     0.0410     2.0429 1.0790e-01     0.2617    93.6664     6.0872     6.3385    33.6912    33.6894    27.0025    27.0017    7.93763 0.0000e+00
      21363    279.145     0.8474     0.8366   2.888438   2.887474     2.1561     2.1199      7.957     0.0410     2.0429 1.0777e-01     0.2617    93.6664     6.0886     6.3414    33.6904    33.6897    27.0019    27.0019    7.93782 0.0000e+00
      21366    279.061     0.8469     0.8369   2.888395   2.887492     2.1561     2.1203      7.957     0.0410     2.0034 1.0777e-01     0.2621    93.6577     6.0905     6.3441    33.6905    33.6896    27.0020    27.0019    7.93793 0.0000e+00
      21369    278.981     0.8464     0.8371   2.888353   2.887535     2.1566     2.1191      7.957     0.0410     2.0429 1.0777e-01     0.2617    93.6664     6.0952     6.3416    33.6905    33.6900    27.0020    27.0022    7.93803 0.0000e+00
      21372    278.903     0.8462     0.8370   2.888374   2.887488     2.1561     2.1195      7.957     0.0264     2.0429 1.0765e-01     0.2617    93.6664     6.0928     6.3455    33.6910    33.6896    27.0025    27.0019    7.93804 0.0000e+00
      21375    278.827     0.8462     0.8362   2.888366   2.887311     2.1553     2.1195      7.957     0.0264     2.0429 1.0765e-01     0.2625    93.6490     6.0890     6.3479    33.6910    33.6882    27.0024    27.0008    7.93804 0.0000e+00
      21378    278.754     0.8459     0.8347   2.888310   2.887101     2.1557     2.1199      7.957     0.0264     2.0429 1.0790e-01     0.2628    93.6403     6.0892     6.3520    33.6906    33.6872    27.0022    27.0000    7.93812 0.0000e+00
      21381    278.685     0.8457     0.8335   2.888333   2.887023     2.1566     2.1203      7.957     0.0264     1.9640 1.0765e-01     0.2628    93.6403     6.0930     6.3561    33.6911    33.6875    27.0026    27.0004    7.93813 0.0000e+00
      21384    278.617     0.8460     0.8336   2.888330   2.887081     2.1557     2.1203      7.957     0.0264     1.9245 1.0777e-01     0.2628    93.6403     6.0911     6.3557    33.6909    33.6881    27.0023    27.0009    7.93809 0.0000e+00
      21387    278.552     0.8459     0.8330   2.888285   2.886911     2.1561     2.1195      7.957     0.0313     1.9245 1.0752e-01     0.2628    93.6403     6.0931     6.3542    33.6904    33.6866    27.0020    26.9997    7.93813 0.0000e+00
      21390    278.488     0.8458     0.8320   2.888312   2.886831     2.1582     2.1203      7.957     0.0264     1.9245 1.0752e-01     0.2628    93.6403     6.1013     6.3579    33.6909    33.6868    27.0024    26.9999    7.93813 0.0000e+00
      21393    278.423     0.8458     0.8321   2.888303   2.886891     2.1574     2.1203      7.957     0.0264     1.9245 1.0752e-01     0.2628    93.6403     6.0986     6.3581    33.6908    33.6875    27.0023    27.0005    7.93813 0.0000e+00
      21396    278.361     0.8458     0.8321   2.888292   2.886836     2.1557     2.1203      7.957     0.0264     1.9245 1.0752e-01     0.2610    93.6838     6.0918     6.3555    33.6907    33.6868    27.0022    26.9999    7.93813 0.0000e+00
      21399    278.300     0.8459     0.8317   2.888366   2.886783     2.1566     2.1203      7.957     0.0264     1.9245 1.0765e-01     0.2573    93.7707     6.0952     6.3545    33.6916    33.6866    27.0030    26.9998    7.93807 0.0000e+00
      21402    278.248     0.8466     0.8314   2.888585   2.886769     2.1557     2.1203      7.957     0.0264     1.9245 1.0765e-01     0.2573    93.7707     6.0898     6.3562    33.6936    33.6868    27.0046    26.9999    7.93781 0.0000e+00
      21405    278.191     0.8475     0.8312   2.888821   2.886770     2.1570     2.1203      7.957     0.0264     1.9245 1.0752e-01     0.2573    93.7707     6.0944     6.3573    33.6958    33.6870    27.0062    27.0001    7.93751 0.0000e+00
      21408    278.134     0.8493     0.8313   2.889038   2.886765     2.1570     2.1203      7.957     0.0264     1.9245 1.0790e-01     0.2573    93.7707     6.0959     6.3585    33.6967    33.6869    27.0068    27.0000    7.93710 0.0000e+00
      21411    278.075     0.8508     0.8314   2.889137   2.886796     2.1574     2.1203      7.957     0.0264     1.9245 1.0752e-01     0.2573    93.7707     6.0964     6.3599    33.6963    33.6872    27.0064    27.0003    7.93679 0.0000e+00
      21414    278.021     0.8515     0.8315   2.889139   2.886763     2.1570     2.1203      7.957     0.0264     1.9245 1.0752e-01     0.2573    93.7707     6.0955     6.3596    33.6957    33.6867    27.0059    26.9999    7.93669 0.0000e+00
      21417    277.963     0.8522     0.8311   2.889143   2.886728     2.1566     2.1203      7.957     0.0264     1.9245 1.0765e-01     0.2577    93.7620     6.0980     6.3618    33.6950    33.6867    27.0053    26.9999    7.93658 0.0000e+00
      21420    277.903     0.8524     0.8310   2.889159   2.886700     2.1566     2.1203      7.957     0.0264     1.9245 1.0777e-01     0.2584    93.7446     6.0980     6.3649    33.6951    33.6864    27.0053    26.9997    7.93654 0.0000e+00
      21423    277.845     0.8528     0.8305   2.889160   2.886616     2.1574     2.1211      7.957     0.0313     1.9245 1.0765e-01     0.2584    93.7446     6.0982     6.3729    33.6947    33.6859    27.0050    26.9993    7.93648 0.0000e+00
      21426    277.783     0.8528     0.8301   2.889131   2.886566     2.1570     2.1211      7.957     0.0410     1.9245 1.0765e-01     0.2584    93.7446     6.0974     6.3748    33.6943    33.6858    27.0047    26.9992    7.93649 0.0000e+00
      21429    277.719     0.8527     0.8297   2.889076   2.886541     2.1574     2.1207      7.957     0.0410     1.9245 1.0765e-01     0.2584    93.7446     6.0974     6.3767    33.6938    33.6859    27.0043    26.9993    7.93655 0.0000e+00
      21432    277.658     0.8525     0.8298   2.888924   2.886591     2.1586     2.1211      7.957     0.0410     1.9245 1.0765e-01     0.2584    93.7446     6.1033     6.3805    33.6920    33.6865    27.0029    26.9998    7.93668 0.0000e+00
      21435    277.594     0.8520     0.8302   2.888837   2.886600     2.1578     2.1211      7.957     0.0410     1.9245 1.0752e-01     0.2584    93.7446     6.1008     6.3816    33.6914    33.6863    27.0024    26.9996    7.93680 0.0000e+00
      21438    277.526     0.8515     0.8302   2.888880   2.886603     2.1578     2.1215      7.957     0.0410     1.9245 1.0765e-01     0.2584    93.7446     6.1028     6.3833    33.6926    33.6863    27.0034    26.9996    7.93685 0.0000e+00
      21441    277.457     0.8498     0.8297   2.888358   2.886454     2.1578     2.1215      7.957     0.0459     1.9245 1.0777e-01     0.2584    93.7446     6.1028     6.3824    33.6878    33.6849    26.9997    26.9986    7.93747 0.0000e+00
      21444    277.385     0.8472     0.8284   2.888059   2.886233     2.1574     2.1224      7.957     0.0410     1.9245 1.0765e-01     0.2584    93.7446     6.0997     6.3844    33.6867    33.6836    26.9989    26.9976    7.93805 0.0000e+00
      21447    277.310     0.8441     0.8270   2.887683   2.886088     2.1574     2.1224      7.957     0.0459     1.9245 1.0777e-01     0.2584    93.7446     6.0995     6.3841    33.6853    33.6833    26.9980    26.9974    7.93878 0.0000e+00
      21450    277.233     0.8424     0.8260   2.887694   2.886004     2.1586     2.1224      7.957     0.0410     1.9245 1.0752e-01     0.2584    93.7446     6.1053     6.3854    33.6874    33.6833    26.9998    26.9975    7.93903 0.0000e+00
      21453    277.153     0.8416     0.8254   2.887596   2.885950     2.1578     2.1228      7.957     0.0410     1.9245 1.0752e-01     0.2584    93.7446     6.1005     6.3882    33.6869    33.6833    26.9995    26.9975    7.93921 0.0000e+00
      21456    277.071     0.8409     0.8248   2.887568   2.885863     2.1590     2.1228      7.957     0.0410     1.9245 1.0765e-01     0.2591    93.7272     6.1068     6.3866    33.6874    33.6828    26.9999    26.9972    7.93933 0.0000e+00
      21459    276.985     0.8407     0.8241   2.887536   2.885764     2.1582     2.1228      7.957     0.0410     1.9245 1.0752e-01     0.2636    93.6230     6.1052     6.3861    33.6873    33.6824    26.9998    26.9969    7.93939 0.0000e+00
      21462    276.893     0.8406     0.8235   2.887534   2.885705     2.1594     2.1228      7.957     0.0410     2.0429 1.0765e-01     0.2640    93.6143     6.1097     6.3838    33.6874    33.6823    26.9999    26.9969    7.93940 0.0000e+00
      21465    276.800     0.8402     0.8229   2.887465   2.885618     2.1582     2.1228      7.957     0.0410     2.0429 1.0752e-01     0.2640    93.6143     6.1057     6.3846    33.6870    33.6820    26.9996    26.9966    7.93950 0.0000e+00
      21468    276.703     0.8397     0.8225   2.887318   2.885577     2.1582     2.1232      7.957     0.0410     2.0429 1.0752e-01     0.2636    93.6230     6.1047     6.3873    33.6857    33.6819    26.9986    26.9966    7.93967 0.0000e+00
      21471    276.603     0.8387     0.8223   2.887197   2.885562     2.1594     2.1232      7.957     0.0410     2.0429 1.0765e-01     0.2640    93.6143     6.1069     6.3907    33.6853    33.6820    26.9983    26.9966    7.93990 0.0000e+00
      21474    276.503     0.8382     0.8222   2.887243   2.885516     2.1590     2.1240      7.957     0.0410     2.0429 1.0765e-01     0.2632    93.6316     6.1048     6.3939    33.6864    33.6815    26.9993    26.9963    7.93994 0.0000e+00
      21477    276.400     0.8384     0.8220   2.887369   2.885507     2.1586     2.1236      7.957     0.0410     2.0429 1.0765e-01     0.2625    93.6490     6.1028     6.3931    33.6880    33.6817    27.0005    26.9964    7.93983 0.0000e+00
      21480    276.293     0.8392     0.8219   2.887527   2.885474     2.1598     2.1240      7.957     0.0410     2.0429 1.0765e-01     0.2606    93.6925     6.1082     6.3973    33.6892    33.6814    27.0014    26.9963    7.93960 0.0000e+00
      21483    276.183     0.8397     0.8214   2.887568   2.885391     2.1590     2.1240      7.957     0.0410     2.0429 1.0765e-01     0.2606    93.6925     6.1053     6.3968    33.6893    33.6810    27.0014    26.9959    7.93948 0.0000e+00
      21486    276.072     0.8401     0.8213   2.887508   2.885354     2.1594     2.1240      7.957     0.0410     1.9640 1.0752e-01     0.2606    93.6925     6.1065     6.3973    33.6881    33.6807    27.0005    26.9956    7.93946 0.0000e+00
      21489    275.961     0.8397     0.8207   2.887343   2.885207     2.1594     2.1252      7.957     0.0410     1.9245 1.0765e-01     0.2606    93.6925     6.1085     6.4026    33.6865    33.6795    26.9992    26.9948    7.93963 0.0000e+00
      21492    275.847     0.8388     0.8196   2.887073   2.885058     2.1590     2.1252      7.957     0.0459     1.9245 1.0752e-01     0.2606    93.6925     6.1072     6.4017    33.6840    33.6788    26.9973    26.9943    7.93995 0.0000e+00
      21495    275.731     0.8368     0.8187   2.886667   2.884958     2.1594     2.1252      7.957     0.0410     1.9245 1.0765e-01     0.2602    93.7012     6.1091     6.4016    33.6811    33.6786    26.9950    26.9941    7.94054 0.0000e+00
      21498    275.615     0.8346     0.8185   2.886442   2.885024     2.1594     2.1252      7.957     0.0459     1.9245 1.0765e-01     0.2565    93.7880     6.1125     6.3996    33.6806    33.6797    26.9947    26.9951    7.94101 0.0000e+00
      21501    275.499     0.8327     0.8182   2.886278   2.884882     2.1598     2.1252      7.957     0.0410     1.9245 1.0765e-01     0.2539    93.8489     6.1129     6.3984    33.6806    33.6783    26.9949    26.9939    7.94141 0.0000e+00
