Datasets/AZMP/COO001/79001028.cnv
* Sea-Bird SBE 9 Data File:
* FileName = C:\CTDDATA\79001028.hex
* Software Version Seasave V 7.26.7.110
* Temperature SN = 5660
* Conductivity SN = 3698
* Number of Bytes Per Scan = 30
* Number of Voltage Words = 4
* Number of Scans Averaged by the Deck Unit = 1
* NMEA baud rate = 9600
** VESSEL/TRIP/SEQ STN:  79001028
** LATITUDE XX XX.XX N:  44 21.80 N
** LONGITUDE XX XX.XX W:  51 06.20 W
** SOUNDING DEPTH (M):  0075
** PROBE TYPE: S1257
** CTD NUMBER: 015
** COMMENTS (14 CHAR): SEGB-10
** BOTTLES:  9
** LEVELS: 5,5,10,20,20,30,40,50,BTM
** STICKERS: 434784 - 434792
** VNET: Y
** DO2: N
# nquan = 22
# nvalues = 1946                        
# units = specified
# name 0 = scan: Scan Count
# name 1 = prDM: Pressure, Digiquartz [db]
# name 2 = t090C: Temperature [ITS-90, deg C]
# name 3 = t190C: Temperature, 2 [ITS-90, deg C]
# name 4 = c0S/m: Conductivity [S/m]
# name 5 = c1S/m: Conductivity, 2 [S/m]
# name 6 = sbeox0V: Oxygen raw, SBE 43 [V]
# name 7 = sbeox1V: Oxygen raw, SBE 43, 2 [V]
# name 8 = ph: pH
# name 9 = flECO-AFL: Fluorescence, WET Labs ECO-AFL/FL [mg/m^3]
# name 10 = wetCDOM: Fluorescence, WET Labs CDOM [mg/m^3]
# name 11 = par/sat/log: PAR/Logarithmic, Satlantic [umol photons/m^2/sec]
# name 12 = CStarAt0: Beam Attenuation, WET Labs C-Star [1/m]
# name 13 = CStarTr0: Beam Transmission, WET Labs C-Star [%]
# name 14 = sbeox0ML/L: Oxygen, SBE 43 [ml/l], WS = 2
# name 15 = sbeox1ML/L: Oxygen, SBE 43, 2 [ml/l], WS = 2
# name 16 = sal00: Salinity, Practical [PSU]
# name 17 = sal11: Salinity, Practical, 2 [PSU]
# name 18 = sigma-t00: Density [sigma-t, kg/m^3 ]
# name 19 = sigma-t11: Density, 2 [sigma-t, kg/m^3 ]
# name 20 = oxsatML/L: Oxygen Saturation, Weiss [ml/l]
# name 21 = flag: flag
# span 0 =         55,      32927       
# span 1 =      0.564,     68.126       
# span 2 =     3.0553,     8.0318       
# span 3 =     3.0530,     8.0311       
# span 4 =   2.979471,   3.356498       
# span 5 =   2.979660,   3.356591       
# span 6 =     2.3419,     2.9519       
# span 7 =     2.1587,     2.7316       
# span 8 =      7.940,      8.186       
# span 9 =     0.1436,     0.8957       
# span 10 =    -1.6286,     2.3982      
# span 11 = 1.0777e-01, 2.5321e+01      
# span 12 =     0.1357,     0.2068      
# span 13 =    94.9612,    96.6644      
# span 14 =     5.9104,     7.7206      
# span 15 =     4.7589,     5.9815      
# span 16 =    31.6760,    32.9576      
# span 17 =    31.9727,    32.9231      
# span 18 =    24.9555,    26.2008      
# span 19 =    25.0009,    26.0853      
# span 20 =    6.72633,    7.55414      
# span 21 = 0.0000e+00, 0.0000e+00      
# interval = scans: 3                   
# start_time = Nov 24 2019 10:32:59 [System UTC, header]
# bad_flag = -9.990e-29
*END*
[from data line 461]
       2192     32.947     8.0242     8.0238   3.355837   3.356115     2.9264     2.7167      8.178     0.6906     1.6087 1.0790e-01     0.1504    96.3081     7.2152     5.9337    32.1254    32.1287    25.0135    25.0161    6.72729 0.0000e+00
       2195     33.043     8.0244     8.0239   3.355891   3.356067     2.9259     2.7167      8.180     0.6515     1.5692 1.0790e-01     0.1508    96.2994     7.2124     5.9349    32.1257    32.1280    25.0136    25.0156    6.72724 0.0000e+00
       2198     33.139     8.0250     8.0237   3.355939   3.356061     2.9268     2.7167      8.180     0.6515     1.5692 1.0790e-01     0.1508    96.2994     7.2138     5.9367    32.1256    32.1281    25.0135    25.0157    6.72715 0.0000e+00
       2201     33.233     8.0254     8.0238   3.355956   3.356045     2.9264     2.7163      8.181     0.6515     1.5692 1.0790e-01     0.1519    96.2733     7.2114     5.9379    32.1254    32.1278    25.0133    25.0154    6.72710 0.0000e+00
       2204     33.327     8.0258     8.0240   3.355921   3.356070     2.9268     2.7163      8.183     0.6467     1.5692 1.0790e-01     0.1515    96.2820     7.2120     5.9411    32.1246    32.1278    25.0126    25.0154    6.72707 0.0000e+00
       2207     33.420     8.0258     8.0244   3.355981   3.356101     2.9272     2.7155      8.180     0.6467     1.5692 1.0790e-01     0.1519    96.2733     7.2128     5.9422    32.1252    32.1277    25.0130    25.0153    6.72704 0.0000e+00
       2210     33.512     8.0260     8.0247   3.355977   3.356092     2.9268     2.7155      8.178     0.6515     1.5692 1.0790e-01     0.1519    96.2733     7.2112     5.9444    32.1249    32.1273    25.0128    25.0149    6.72702 0.0000e+00
       2213     33.605     8.0260     8.0246   3.355964   3.356108     2.9276     2.7155      8.181     0.6418     1.5692 1.0790e-01     0.1515    96.2820     7.2140     5.9473    32.1247    32.1276    25.0127    25.0151    6.72703 0.0000e+00
       2216     33.694     8.0260     8.0247   3.355956   3.356094     2.9280     2.7155      8.181     0.6515     1.5692 1.0790e-01     0.1515    96.2820     7.2171     5.9486    32.1246    32.1273    25.0126    25.0149    6.72704 0.0000e+00
       2219     33.778     8.0260     8.0247   3.355956   3.356112     2.9280     2.7159      8.183     0.6613     1.6481 1.0790e-01     0.1526    96.2560     7.2176     5.9511    32.1246    32.1274    25.0125    25.0150    6.72704 0.0000e+00
       2222     33.862     8.0260     8.0250   3.355977   3.356129     2.9284     2.7155      8.181     0.6857     1.6876 1.0790e-01     0.1530    96.2473     7.2189     5.9515    32.1247    32.1273    25.0127    25.0148    6.72703 0.0000e+00
       2225     33.943     8.0260     8.0248   3.355970   3.356146     2.9288     2.7163      8.180     0.6955     1.6876 1.0790e-01     0.1530    96.2473     7.2203     5.9546    32.1247    32.1276    25.0126    25.0151    6.72704 0.0000e+00
       2228     34.028     8.0261     8.0249   3.355978   3.356153     2.9296     2.7167      8.180     0.6857     1.6876 1.0790e-01     0.1530    96.2473     7.2218     5.9564    32.1246    32.1275    25.0126    25.0150    6.72702 0.0000e+00
       2231     34.105     8.0260     8.0252   3.355990   3.356180     2.9292     2.7171      8.178     0.6955     1.6876 1.0790e-01     0.1530    96.2473     7.2205     5.9584    32.1248    32.1276    25.0127    25.0150    6.72703 0.0000e+00
       2234     34.179     8.0258     8.0252   3.355923   3.356170     2.9292     2.7167      8.181     0.6857     1.6876 1.0790e-01     0.1530    96.2473     7.2193     5.9573    32.1242    32.1274    25.0123    25.0149    6.72709 0.0000e+00
       2237     34.252     8.0254     8.0251   3.355936   3.356174     2.9296     2.7171      8.181     0.6955     1.6876 1.0790e-01     0.1530    96.2473     7.2189     5.9577    32.1247    32.1275    25.0128    25.0150    6.72713 0.0000e+00
       2240     34.324     8.0255     8.0252   3.355995   3.356186     2.9304     2.7167      8.180     0.6906     1.6876 1.0790e-01     0.1519    96.2733     7.2198     5.9557    32.1252    32.1275    25.0131    25.0150    6.72709 0.0000e+00
       2243     34.392     8.0259     8.0252   3.355995   3.356188     2.9304     2.7171      8.181     0.6955     1.6481 1.0790e-01     0.1519    96.2733     7.2179     5.9568    32.1248    32.1275    25.0128    25.0150    6.72705 0.0000e+00
       2246     34.457     8.0261     8.0249   3.356001   3.356147     2.9304     2.7167      8.180     0.6857     1.5692 1.0790e-01     0.1515    96.2820     7.2163     5.9557    32.1247    32.1273    25.0126    25.0149    6.72702 0.0000e+00
       2249     34.521     8.0262     8.0251   3.356025   3.356174     2.9304     2.7167      8.180     0.6857     1.5692 1.0790e-01     0.1519    96.2733     7.2155     5.9551    32.1248    32.1274    25.0127    25.0149    6.72700 0.0000e+00
       2252     34.587     8.0263     8.0250   3.356019   3.356156     2.9304     2.7167      8.181     0.6906     1.5692 1.0790e-01     0.1519    96.2733     7.2145     5.9543    32.1246    32.1273    25.0125    25.0148    6.72700 0.0000e+00
       2255     34.649     8.0263     8.0247   3.356019   3.356137     2.9308     2.7176      8.180     0.6955     1.5692 1.0790e-01     0.1519    96.2733     7.2155     5.9557    32.1246    32.1273    25.0125    25.0149    6.72700 0.0000e+00
       2258     34.710     8.0262     8.0247   3.355998   3.356163     2.9304     2.7176      8.178     0.7004     1.5692 1.0790e-01     0.1515    96.2820     7.2143     5.9550    32.1245    32.1276    25.0124    25.0151    6.72702 0.0000e+00
       2261     34.769     8.0260     8.0244   3.355994   3.356136     2.9300     2.7167      8.178     0.6955     1.5692 1.0790e-01     0.1494    96.3342     7.2127     5.9519    32.1246    32.1275    25.0126    25.0151    6.72705 0.0000e+00
       2264     34.828     8.0259     8.0245   3.355996   3.356154     2.9304     2.7176      8.181     0.6955     1.5692 1.0790e-01     0.1497    96.3255     7.2142     5.9534    32.1247    32.1276    25.0126    25.0151    6.72706 0.0000e+00
       2267     34.886     8.0257     8.0247   3.355989   3.356163     2.9296     2.7180      8.178     0.6857     1.5692 1.0790e-01     0.1490    96.3428     7.2127     5.9535    32.1247    32.1275    25.0127    25.0150    6.72709 0.0000e+00
       2270     34.944     8.0256     8.0248   3.355943   3.356149     2.9304     2.7180      8.180     0.6857     1.6087 1.0790e-01     0.1494    96.3342     7.2162     5.9520    32.1243    32.1273    25.0124    25.0148    6.72712 0.0000e+00
       2273     35.004     8.0252     8.0242   3.355932   3.356124     2.9304     2.7180      8.180     0.6857     1.6876 1.0790e-01     0.1494    96.3342     7.2180     5.9498    32.1245    32.1275    25.0126    25.0151    6.72716 0.0000e+00
       2276     35.062     8.0251     8.0241   3.355946   3.356125     2.9304     2.7167      8.181     0.6906     1.6876 1.0790e-01     0.1497    96.3255     7.2190     5.9441    32.1247    32.1276    25.0128    25.0152    6.72717 0.0000e+00
       2279     35.124     8.0251     8.0241   3.355947   3.356091     2.9308     2.7167      8.181     0.6857     1.6876 1.0790e-01     0.1504    96.3081     7.2214     5.9431    32.1247    32.1272    25.0128    25.0149    6.72718 0.0000e+00
       2282     35.188     8.0251     8.0243   3.355952   3.356132     2.9312     2.7167      8.180     0.6955     1.6876 1.0790e-01     0.1508    96.2994     7.2246     5.9427    32.1248    32.1274    25.0128    25.0150    6.72718 0.0000e+00
       2285     35.253     8.0252     8.0244   3.356002   3.356170     2.9308     2.7167      8.180     0.6857     1.6876 1.0790e-01     0.1508    96.2994     7.2255     5.9423    32.1251    32.1277    25.0131    25.0152    6.72714 0.0000e+00
       2288     35.321     8.0256     8.0244   3.356024   3.356178     2.9312     2.7167      8.180     0.6955     1.6876 1.0790e-01     0.1508    96.2994     7.2285     5.9413    32.1250    32.1277    25.0130    25.0152    6.72709 0.0000e+00
       2291     35.390     8.0258     8.0245   3.356006   3.356156     2.9316     2.7167      8.178     0.7004     1.6876 1.0790e-01     0.1508    96.2994     7.2309     5.9418    32.1246    32.1274    25.0126    25.0150    6.72708 0.0000e+00
       2294     35.461     8.0255     8.0242   3.355976   3.356146     2.9320     2.7155      8.180     0.6955     1.6876 1.0790e-01     0.1508    96.2994     7.2336     5.9398    32.1245    32.1275    25.0126    25.0151    6.72713 0.0000e+00
       2297     35.535     8.0253     8.0243   3.355972   3.356152     2.9325     2.7155      8.180     0.6906     1.5692 1.0790e-01     0.1508    96.2994     7.2361     5.9410    32.1246    32.1274    25.0127    25.0150    6.72715 0.0000e+00
       2300     35.614     8.0253     8.0243   3.355985   3.356164     2.9320     2.7155      8.180     0.6467     1.5692 1.0790e-01     0.1501    96.3168     7.2368     5.9423    32.1247    32.1275    25.0127    25.0151    6.72714 0.0000e+00
       2303     35.692     8.0253     8.0243   3.356020   3.356162     2.9325     2.7159      8.180     0.6515     1.5692 1.0790e-01     0.1497    96.3255     7.2389     5.9440    32.1250    32.1275    25.0130    25.0151    6.72713 0.0000e+00
       2306     35.772     8.0253     8.0246   3.355996   3.356195     2.9337     2.7159      8.180     0.6515     1.5692 1.0790e-01     0.1501    96.3168     7.2433     5.9444    32.1247    32.1276    25.0128    25.0151    6.72714 0.0000e+00
       2309     35.854     8.0254     8.0243   3.355967   3.356166     2.9341     2.7155      8.180     0.6467     1.5692 1.0790e-01     0.1497    96.3255     7.2448     5.9437    32.1243    32.1274    25.0124    25.0150    6.72715 0.0000e+00
       2312     35.935     8.0255     8.0245   3.356029   3.356200     2.9345     2.7155      8.180     0.6515     1.5692 1.0790e-01     0.1504    96.3081     7.2467     5.9449    32.1249    32.1276    25.0129    25.0152    6.72711 0.0000e+00
       2315     36.012     8.0255     8.0246   3.356015   3.356173     2.9349     2.7155      8.178     0.6467     1.5692 1.0790e-01     0.1497    96.3255     7.2477     5.9463    32.1246    32.1271    25.0127    25.0148    6.72711 0.0000e+00
       2318     36.090     8.0254     8.0234   3.356004   3.356029     2.9353     2.7155      8.181     0.6467     1.5692 1.0790e-01     0.1501    96.3168     7.2488     5.9475    32.1246    32.1267    25.0127    25.0146    6.72714 0.0000e+00
       2321     36.168     8.0253     8.0229   3.356012   3.356118     2.9357     2.7151      8.180     0.6515     1.5692 1.0790e-01     0.1523    96.2646     7.2496     5.9457    32.1248    32.1281    25.0128    25.0157    6.72715 0.0000e+00
       2324     36.241     8.0253     8.0242   3.356038   3.356190     2.9369     2.7155      8.181     0.6613     1.5692 1.0790e-01     0.1519    96.2733     7.2520     5.9454    32.1250    32.1276    25.0130    25.0152    6.72714 0.0000e+00
       2327     36.313     8.0253     8.0244   3.356053   3.356185     2.9365     2.7155      8.178     0.6857     1.5692 1.0790e-01     0.1519    96.2733     7.2481     5.9456    32.1251    32.1273    25.0130    25.0149    6.72712 0.0000e+00
       2330     36.382     8.0255     8.0245   3.356023   3.356203     2.9365     2.7151      8.178     0.6808     1.5692 1.0790e-01     0.1519    96.2733     7.2454     5.9444    32.1246    32.1274    25.0126    25.0150    6.72712 0.0000e+00
       2333     36.444     8.0255     8.0242   3.356037   3.356184     2.9374     2.7151      8.180     0.6760     1.5692 1.0790e-01     0.1519    96.2733     7.2467     5.9442    32.1247    32.1274    25.0127    25.0150    6.72712 0.0000e+00
       2336     36.500     8.0255     8.0244   3.356054   3.356194     2.9378     2.7155      8.178     0.6808     1.5692 1.0790e-01     0.1519    96.2733     7.2466     5.9447    32.1248    32.1274    25.0128    25.0150    6.72710 0.0000e+00
       2339     36.551     8.0253     8.0245   3.356028   3.356195     2.9378     2.7155      8.178     0.6760     1.5692 1.0790e-01     0.1519    96.2733     7.2445     5.9443    32.1247    32.1272    25.0128    25.0148    6.72714 0.0000e+00
       2342     36.596     8.0251     8.0245   3.355999   3.356203     2.9382     2.7151      8.181     0.6760     1.5692 1.0790e-01     0.1497    96.3255     7.2441     5.9431    32.1246    32.1273    25.0127    25.0149    6.72718 0.0000e+00
       2345     36.634     8.0248     8.0245   3.355976   3.356221     2.9382     2.7147      8.181     0.6760     1.5692 1.0790e-01     0.1497    96.3255     7.2423     5.9423    32.1246    32.1274    25.0128    25.0150    6.72723 0.0000e+00
       2348     36.662     8.0246     8.0244   3.355979   3.356219     2.9378     2.7143      8.181     0.6760     1.5297 1.0790e-01     0.1497    96.3255     7.2402     5.9412    32.1248    32.1275    25.0130    25.0151    6.72725 0.0000e+00
       2400     36.689     8.0252     8.0247   3.356029   3.356222     2.9386     2.7172      8.180     0.6564     1.4902 1.0790e-01     0.1497    96.3255     7.2360     5.9594    32.1247    32.1273    25.0128    25.0149    6.72715 0.0000e+00
       2427     36.757     8.0254     8.0249   3.356048   3.356253     2.9398     2.7180      8.180     0.6467     1.5692 1.0790e-01     0.1497    96.3255     7.2369     5.9652    32.1248    32.1274    25.0128    25.0149    6.72713 0.0000e+00
       2430     36.837     8.0254     8.0248   3.356075   3.356256     2.9390     2.7184      8.181     0.6564     1.6876 1.0790e-01     0.1497    96.3255     7.2355     5.9652    32.1250    32.1275    25.0129    25.0150    6.72711 0.0000e+00
       2433     36.926     8.0255     8.0250   3.356065   3.356273     2.9390     2.7188      8.178     0.6613     1.6876 1.0790e-01     0.1497    96.3255     7.2371     5.9647    32.1248    32.1274    25.0128    25.0149    6.72711 0.0000e+00
       2436     37.018     8.0256     8.0249   3.356086   3.356300     2.9386     2.7188      8.180     0.6613     1.6876 1.0790e-01     0.1497    96.3255     7.2377     5.9626    32.1249    32.1278    25.0129    25.0153    6.72709 0.0000e+00
       2439     37.118     8.0257     8.0249   3.356117   3.356291     2.9390     2.7192      8.178     0.6613     1.6876 1.0790e-01     0.1501    96.3168     7.2408     5.9613    32.1250    32.1276    25.0130    25.0151    6.72706 0.0000e+00
       2442     37.235     8.0259     8.0249   3.356132   3.356300     2.9390     2.7192      8.180     0.6613     1.6876 1.0790e-01     0.1508    96.2994     7.2422     5.9601    32.1250    32.1277    25.0129    25.0152    6.72704 0.0000e+00
       2445     37.350     8.0259     8.0249   3.356151   3.356298     2.9390     2.7192      8.178     0.6662     1.6876 1.0790e-01     0.1508    96.2994     7.2436     5.9577    32.1251    32.1276    25.0130    25.0151    6.72703 0.0000e+00
       2448     37.473     8.0260     8.0250   3.356163   3.356307     2.9390     2.7188      8.181     0.6613     1.6876 1.0790e-01     0.1508    96.2994     7.2446     5.9530    32.1251    32.1275    25.0130    25.0150    6.72702 0.0000e+00
       2451     37.609     8.0262     8.0249   3.356184   3.356282     2.9390     2.7184      8.181     0.6662     1.6876 1.0790e-01     0.1508    96.2994     7.2453     5.9481    32.1251    32.1274    25.0129    25.0149    6.72700 0.0000e+00
       2454     37.750     8.0266     8.0246   3.356229   3.356258     2.9398     2.7192      8.181     0.6662     1.6087 1.0790e-01     0.1508    96.2994     7.2483     5.9459    32.1252    32.1273    25.0129    25.0149    6.72693 0.0000e+00
       2457     37.891     8.0271     8.0239   3.356240   3.356124     2.9398     2.7184      8.180     0.6467     1.5692 1.0790e-01     0.1508    96.2994     7.2481     5.9390    32.1247    32.1265    25.0125    25.0143    6.72687 0.0000e+00
