Datasets/AZMP/COO001/79001072.cnv
* Sea-Bird SBE 9 Data File:
* FileName = C:\CTDDATA\79001072.hex
* Software Version Seasave V 7.26.7.110
* Temperature SN = 5660
* Conductivity SN = 3698
* Number of Bytes Per Scan = 30
* Number of Voltage Words = 4
* Number of Scans Averaged by the Deck Unit = 1
* NMEA baud rate = 9600
** VESSEL/TRIP/SEQ STN:  79001072
** LATITUDE XX XX.XX N:  48 14.00 N
** LONGITUDE XX XX.XX W:  53 22.30 W
** SOUNDING DEPTH (M):  0278
** PROBE TYPE: S1257
** CTD NUMBER: 039
** COMMENTS (14 CHAR): TB-06
** BOTTLES:
** LEVELS:
** STICKERS:
** VNET: N
** DO2: N
# nquan = 22
# nvalues = 8733                        
# units = specified
# name 0 = scan: Scan Count
# name 1 = prDM: Pressure, Digiquartz [db]
# name 2 = t090C: Temperature [ITS-90, deg C]
# name 3 = t190C: Temperature, 2 [ITS-90, deg C]
# name 4 = c0S/m: Conductivity [S/m]
# name 5 = c1S/m: Conductivity, 2 [S/m]
# name 6 = sbeox0V: Oxygen raw, SBE 43 [V]
# name 7 = sbeox1V: Oxygen raw, SBE 43, 2 [V]
# name 8 = ph: pH
# name 9 = flECO-AFL: Fluorescence, WET Labs ECO-AFL/FL [mg/m^3]
# name 10 = wetCDOM: Fluorescence, WET Labs CDOM [mg/m^3]
# name 11 = par/sat/log: PAR/Logarithmic, Satlantic [umol photons/m^2/sec]
# name 12 = CStarAt0: Beam Attenuation, WET Labs C-Star [1/m]
# name 13 = CStarTr0: Beam Transmission, WET Labs C-Star [%]
# name 14 = sbeox0ML/L: Oxygen, SBE 43 [ml/l], WS = 2
# name 15 = sbeox1ML/L: Oxygen, SBE 43, 2 [ml/l], WS = 2
# name 16 = sal00: Salinity, Practical [PSU]
# name 17 = sal11: Salinity, Practical, 2 [PSU]
# name 18 = sigma-t00: Density [sigma-t, kg/m^3 ]
# name 19 = sigma-t11: Density, 2 [sigma-t, kg/m^3 ]
# name 20 = oxsatML/L: Oxygen Saturation, Weiss [ml/l]
# name 21 = flag: flag
# span 0 =         75,      32834       
# span 1 =      0.155,    266.688       
# span 2 =    -0.5033,     3.8570       
# span 3 =    -0.5190,     3.8639       
# span 4 =   2.701480,   2.959378       
# span 5 =   2.427395,   2.959630       
# span 6 =     2.1981,     2.7705       
# span 7 =     2.1724,     2.7216       
# span 8 =      7.967,      8.164       
# span 9 =     0.0068,     0.7394       
# span 10 =    -1.8655,     3.1089      
# span 11 = 1.0753e-01, 2.2470e+00      
# span 12 =     0.0651,     0.6402      
# span 13 =    85.2112,    98.3849      
# span 14 =     6.2540,     7.7734      
# span 15 =     6.5377,     8.0999      
# span 16 =    31.6172,    33.6478      
# span 17 =    25.5359,    33.6716      
# span 18 =    25.1122,    26.9775      
# span 19 =    20.2829,    26.9926      
# span 20 =    7.45424,    8.27992      
# span 21 = 0.0000e+00, 0.0000e+00      
# interval = scans: 3                   
# start_time = Dec 01 2019 05:39:33 [System UTC, header]
# bad_flag = -9.990e-29
*END*
[from data line 4214]
      14742    257.793     0.5955     0.6246   2.859967   2.862605     2.2236     2.1930      7.973     0.0313     2.0429 1.0790e-01     0.1999    95.1263     6.3621     6.6565    33.6076    33.6102    26.9502    26.9507    7.99496 0.0000e+00
      14745    257.816     0.6007     0.6245   2.860328   2.862610     2.2232     2.1930      7.973     0.0264     2.0429 1.0790e-01     0.1940    95.2653     6.3587     6.6510    33.6066    33.6104    26.9492    26.9508    7.99393 0.0000e+00
      14748    257.841     0.6024     0.6241   2.859995   2.862574     2.2232     2.1930      7.973     0.0361     2.0429 1.0790e-01     0.1926    95.3001     6.3582     6.6440    33.6004    33.6103    26.9440    26.9507    7.99389 0.0000e+00
      14751    257.869     0.6030     0.6240   2.860160   2.862536     2.2236     2.1930      7.973     0.0264     2.0429 1.0802e-01     0.1926    95.3001     6.3600     6.6376    33.6019    33.6100    26.9452    26.9505    7.99369 0.0000e+00
      14754    257.893     0.6040     0.6239   2.860020   2.862550     2.2244     2.1926      7.973     0.0264     2.0429 1.0802e-01     0.1929    95.2914     6.3634     6.6302    33.5989    33.6102    26.9428    26.9507    7.99364 0.0000e+00
      14759    257.931     0.6094     0.6235   2.861180   2.862524     2.2228     2.1922      7.973     0.0313     2.0429 1.0790e-01     0.1933    95.2827     6.3568     6.6236    33.6081    33.6103    26.9498    26.9508    7.99200 0.0000e+00
      14762    257.954     0.6131     0.6240   2.861524   2.862582     2.2228     2.1918      7.973     0.0264     2.0429 1.0790e-01     0.1933    95.2827     6.3560     6.6203    33.6086    33.6105    26.9501    26.9509    7.99121 0.0000e+00
      14765    257.977     0.6165     0.6241   2.862000   2.862589     2.2232     2.1918      7.973     0.0264     1.9245 1.0790e-01     0.1955    95.2306     6.3573     6.6198    33.6111    33.6105    26.9519    26.9509    7.99036 0.0000e+00
      14768    257.998     0.6197     0.6240   2.862243   2.862560     2.2232     2.1918      7.973     0.0264     1.9245 1.0790e-01     0.1962    95.2132     6.3565     6.6194    33.6107    33.6102    26.9513    26.9507    7.98970 0.0000e+00
      15287    258.132     0.6138     0.6163   2.861123   2.861685     2.2232     2.1915      7.973     0.0313     1.8455 1.0790e-01     0.1977    95.1784     6.3631     6.6333    33.6026    33.6072    26.9451    26.9487    7.99139 0.0000e+00
      15539    258.155     0.6109     0.6142   2.860857   2.861627     2.2220     2.1915      7.973     0.0264     1.8060 1.0790e-01     0.1977    95.1784     6.3631     6.6300    33.6022    33.6086    26.9450    26.9500    7.99201 0.0000e+00
      15542    258.179     0.6112     0.6172   2.860840   2.862001     2.2216     2.1907      7.973     0.0264     1.8060 1.0790e-01     0.1977    95.1784     6.3611     6.6247    33.6017    33.6102    26.9446    26.9511    7.99198 0.0000e+00
      15545    258.206     0.6118     0.6152   2.861029   2.861462     2.2220     2.1907      7.973     0.0264     1.8060 1.0790e-01     0.1977    95.1784     6.3628     6.6251    33.6034    33.6054    26.9459    26.9473    7.99176 0.0000e+00
      15548    258.234     0.6112     0.6153   2.860461   2.861819     2.2228     2.1907      7.973     0.0410     1.8455 1.0790e-01     0.1977    95.1784     6.3658     6.6230    33.5967    33.6098    26.9406    26.9509    7.99225 0.0000e+00
      15551    258.262     0.6095     0.6157   2.860229   2.861633     2.2228     2.1907      7.973     0.0410     1.9245 1.0790e-01     0.1977    95.1784     6.3670     6.6224    33.5955    33.6070    26.9397    26.9486    7.99267 0.0000e+00
      15554    258.291     0.6078     0.6157   2.860123   2.861649     2.2224     2.1903      7.973     0.0410     1.9245 1.0802e-01     0.1966    95.2045     6.3666     6.6197    33.5960    33.6072    26.9402    26.9488    7.99301 0.0000e+00
      15557    258.317     0.6066     0.6149   2.860194   2.861441     2.2233     2.1898      7.973     0.0459     1.9245 1.0790e-01     0.1966    95.2045     6.3719     6.6158    33.5982    33.6053    26.9420    26.9473    7.99314 0.0000e+00
      15560    258.344     0.6073     0.6127   2.860634   2.861249     2.2228     2.1903      7.973     0.0410     1.9245 1.0790e-01     0.1962    95.2132     6.3699     6.6200    33.6031    33.6053    26.9460    26.9473    7.99273 0.0000e+00
      15563    258.372     0.6099     0.6114   2.861278   2.860965     2.2233     2.1907      7.973     0.0459     1.9245 1.0790e-01     0.1966    95.2045     6.3724     6.6253    33.6086    33.6030    26.9502    26.9456    7.99187 0.0000e+00
      15566    258.402     0.6141     0.6098   2.861551   2.860967     2.2220     2.1898      7.973     0.0410     1.9245 1.0790e-01     0.1966    95.2045     6.3656     6.6209    33.6076    33.6048    26.9492    26.9471    7.99106 0.0000e+00
      15569    258.429     0.6166     0.6140   2.861885   2.861648     2.2233     2.1898      7.973     0.0459     1.9245 1.0790e-01     0.1966    95.2045     6.3696     6.6184    33.6093    33.6089    26.9503    26.9502    7.99044 0.0000e+00
      15572    258.453     0.6193     0.6181   2.862198   2.862071     2.2233     2.1894      7.973     0.0410     1.9245 1.0790e-01     0.1977    95.1784     6.3697     6.6155    33.6103    33.6100    26.9510    26.9508    7.98980 0.0000e+00
      15575    258.478     0.6209     0.6207   2.862289   2.862263     2.2228     2.1894      7.973     0.0361     1.8455 1.0790e-01     0.1995    95.1350     6.3678     6.6157    33.6097    33.6096    26.9505    26.9504    7.98950 0.0000e+00
      15578    258.499     0.6225     0.6215   2.862428   2.862246     2.2237     2.1886      7.973     0.0264     1.8060 1.0790e-01     0.1988    95.1523     6.3704     6.6138    33.6098    33.6086    26.9505    26.9495    7.98917 0.0000e+00
      15581    258.521     0.6238     0.6181   2.862464   2.861250     2.2237     2.1882      7.973     0.0264     1.8060 1.0790e-01     0.1992    95.1436     6.3699     6.6145    33.6089    33.5993    26.9496    26.9422    7.98895 0.0000e+00
      15588    258.573     0.6242     0.6054   2.862239   2.860252     2.2241     2.1890      7.973     0.0264     1.8060 1.0790e-01     0.1995    95.1350     6.3711     6.6261    33.6055    33.6001    26.9469    26.9436    7.98905 0.0000e+00
      15596    258.627     0.6241     0.6099   2.862448   2.861237     2.2241     2.1882      7.973     0.0264     1.8060 1.0790e-01     0.1999    95.1263     6.3696     6.6307    33.6082    33.6080    26.9491    26.9497    7.98891 0.0000e+00
      15599    258.649     0.6245     0.6145   2.862458   2.861671     2.2237     2.1882      7.973     0.0215     1.8060 1.0790e-01     0.1999    95.1263     6.3682     6.6327    33.6079    33.6086    26.9488    26.9500    7.98884 0.0000e+00
      15605    258.689     0.6228     0.6154   2.861989   2.860576     2.2237     2.1882      7.973     0.0117     1.9245 1.0790e-01     0.1999    95.1263     6.3678     6.6342    33.6037    33.5933    26.9455    26.9376    7.98943 0.0000e+00
      15611    258.727     0.6225     0.5931   2.862204   2.858638     2.2249     2.1882      7.973     0.0166     1.9245 1.0790e-01     0.2006    95.1089     6.3733     6.6365    33.6068    33.5924    26.9480    26.9381    7.98933 0.0000e+00
      15619    258.783     0.6238     0.6031   2.862449   2.860902     2.2241     2.1882      7.973     0.0117     1.9245 1.0790e-01     0.2010    95.1002     6.3696     6.6321    33.6086    33.6109    26.9494    26.9525    7.98897 0.0000e+00
      15622    258.807     0.6245     0.6135   2.862460   2.861653     2.2245     2.1882      7.973     0.0117     1.9245 1.0790e-01     0.2010    95.1002     6.3721     6.6280    33.6078    33.6094    26.9488    26.9506    7.98885 0.0000e+00
      15625    258.832     0.6247     0.6172   2.862476   2.861915     2.2241     2.1882      7.973     0.0166     1.9245 1.0790e-01     0.2010    95.1002     6.3675     6.6285    33.6078    33.6087    26.9487    26.9499    7.98880 0.0000e+00
      15628    258.860     0.6248     0.6193   2.862431   2.862139     2.2245     2.1878      7.973     0.0117     1.8455 1.0790e-01     0.2010    95.1002     6.3668     6.6265    33.6071    33.6094    26.9481    26.9503    7.98882 0.0000e+00
      15631    258.884     0.6249     0.6206   2.862442   2.862287     2.2253     2.1874      7.973     0.0117     1.8060 1.0790e-01     0.2010    95.1002     6.3672     6.6235    33.6072    33.6098    26.9482    26.9505    7.98880 0.0000e+00
      15634    258.910     0.6247     0.6216   2.862437   2.862370     2.2249     2.1870      7.973     0.0117     1.8060 1.0790e-01     0.2021    95.0741     6.3657     6.6213    33.6073    33.6098    26.9483    26.9505    7.98884 0.0000e+00
      15637    258.937     0.6246     0.6207   2.862411   2.862118     2.2249     2.1870      7.973     0.0166     1.8060 1.0790e-01     0.2021    95.0741     6.3652     6.6202    33.6070    33.6075    26.9481    26.9486    7.98887 0.0000e+00
      15640    258.963     0.6246     0.6202   2.862406   2.862219     2.2245     2.1878      7.973     0.0117     1.8060 1.0790e-01     0.2021    95.0741     6.3638     6.6241    33.6070    33.6093    26.9481    26.9502    7.98888 0.0000e+00
      15643    258.991     0.6246     0.6211   2.862485   2.862326     2.2245     2.1874      7.973     0.0117     1.8060 1.0790e-01     0.2021    95.0741     6.3598     6.6236    33.6080    33.6098    26.9488    26.9505    7.98882 0.0000e+00
      15646    259.020     0.6248     0.6219   2.862547   2.862406     2.2249     2.1870      7.973     0.0117     1.8060 1.0790e-01     0.2021    95.0741     6.3610     6.6237    33.6085    33.6099    26.9493    26.9506    7.98874 0.0000e+00
      15649    259.050     0.6250     0.6221   2.862560   2.862444     2.2233     2.1882      7.973     0.0166     1.8060 1.0790e-01     0.2021    95.0741     6.3538     6.6307    33.6084    33.6102    26.9492    26.9508    7.98871 0.0000e+00
      15652    259.083     0.6254     0.6226   2.862545   2.862511     2.2237     2.1870      7.973     0.0166     1.8060 1.0790e-01     0.2017    95.0828     6.3542     6.6278    33.6078    33.6104    26.9487    26.9510    7.98866 0.0000e+00
      15655    259.115     0.6253     0.6229   2.862554   2.862514     2.2241     2.1870      7.973     0.0313     1.9245 1.0790e-01     0.1984    95.1610     6.3551     6.6296    33.6080    33.6101    26.9489    26.9507    7.98867 0.0000e+00
      15658    259.152     0.6258     0.6230   2.862645   2.862523     2.2245     2.1870      7.971     0.0264     1.9245 1.0790e-01     0.1988    95.1523     6.3565     6.6296    33.6087    33.6101    26.9494    26.9506    7.98854 0.0000e+00
      15661    259.187     0.6262     0.6232   2.862673   2.862557     2.2241     2.1866      7.973     0.0264     1.9245 1.0790e-01     0.1988    95.1523     6.3557     6.6271    33.6085    33.6103    26.9492    26.9508    7.98845 0.0000e+00
      15664    259.224     0.6263     0.6231   2.862671   2.862534     2.2232     2.1870      7.973     0.0313     1.9245 1.0790e-01     0.1984    95.1610     6.3532     6.6284    33.6084    33.6101    26.9491    26.9507    7.98844 0.0000e+00
      15667    259.264     0.6268     0.6232   2.862774   2.862530     2.2237     2.1870      7.973     0.0313     1.9245 1.0790e-01     0.1988    95.1523     6.3545     6.6284    33.6092    33.6100    26.9498    26.9505    7.98830 0.0000e+00
      15670    259.303     0.6272     0.6233   2.862843   2.862568     2.2241     2.1870      7.973     0.0264     1.9245 1.0790e-01     0.1988    95.1523     6.3571     6.6275    33.6096    33.6103    26.9500    26.9508    7.98819 0.0000e+00
      15673    259.343     0.6277     0.6238   2.862847   2.862635     2.2237     2.1870      7.973     0.0264     1.9245 1.0790e-01     0.2006    95.1089     6.3550     6.6273    33.6091    33.6106    26.9496    26.9510    7.98811 0.0000e+00
      15676    259.381     0.6278     0.6245   2.862857   2.862680     2.2237     2.1870      7.973     0.0313     1.9245 1.0790e-01     0.2049    95.0046     6.3531     6.6286    33.6091    33.6104    26.9496    26.9508    7.98808 0.0000e+00
      15679    259.418     0.6281     0.6244   2.862895   2.862679     2.2228     2.1870      7.973     0.0264     1.9640 1.0790e-01     0.2042    95.0220     6.3481     6.6258    33.6093    33.6105    26.9497    26.9509    7.98802 0.0000e+00
      15682    259.454     0.6279     0.6249   2.862776   2.862773     2.2228     2.1870      7.973     0.0313     2.0429 1.0790e-01     0.2042    95.0220     6.3505     6.6243    33.6079    33.6112    26.9486    26.9514    7.98814 0.0000e+00
      15685    259.489     0.6281     0.6254   2.862809   2.862857     2.2237     2.1870      7.973     0.0264     2.0429 1.0790e-01     0.2042    95.0220     6.3549     6.6217    33.6081    33.6117    26.9487    26.9518    7.98808 0.0000e+00
      15688    259.526     0.6279     0.6257   2.862792   2.862838     2.2233     2.1870      7.973     0.0264     2.0429 1.0790e-01     0.2042    95.0220     6.3529     6.6205    33.6080    33.6111    26.9487    26.9513    7.98812 0.0000e+00
      15691    259.560     0.6277     0.6252   2.862742   2.862759     2.2228     2.1858      7.973     0.0264     2.0429 1.0790e-01     0.2042    95.0220     6.3506     6.6181    33.6076    33.6105    26.9484    26.9509    7.98819 0.0000e+00
      15694    259.590     0.6275     0.6254   2.862754   2.862759     2.2228     2.1870      7.973     0.0264     2.0429 1.0790e-01     0.2071    94.9525     6.3498     6.6258    33.6080    33.6103    26.9487    26.9507    7.98821 0.0000e+00
      15697    259.623     0.6270     0.6243   2.862625   2.862612     2.2228     2.1862      7.973     0.0264     2.0429 1.0790e-01     0.2086    94.9177     6.3509     6.6260    33.6068    33.6096    26.9478    26.9502    7.98838 0.0000e+00
      15700    259.653     0.6270     0.6236   2.862717   2.862626     2.2216     2.1862      7.973     0.0313     2.0429 1.0790e-01     0.2086    94.9177     6.3457     6.6292    33.6080    33.6106    26.9487    26.9510    7.98831 0.0000e+00
      15703    259.681     0.6272     0.6244   2.862713   2.862765     2.2228     2.1858      7.973     0.0264     2.0429 1.0790e-01     0.2086    94.9177     6.3521     6.6282    33.6077    33.6115    26.9485    26.9517    7.98829 0.0000e+00
      15706    259.706     0.6270     0.6251   2.862641   2.862731     2.2233     2.1862      7.973     0.0264     1.9640 1.0790e-01     0.2086    94.9177     6.3523     6.6312    33.6070    33.6102    26.9480    26.9506    7.98838 0.0000e+00
      15709    259.730     0.6270     0.6246   2.862708   2.862667     2.2228     2.1858      7.973     0.0264     1.9245 1.0790e-01     0.2086    94.9177     6.3509     6.6334    33.6079    33.6099    26.9486    26.9504    7.98833 0.0000e+00
      15713    259.757     0.6269     0.6250   2.862742   2.862754     2.2216     2.1866      7.973     0.0313     1.9245 1.0790e-01     0.2075    94.9438     6.3483     6.6404    33.6084    33.6106    26.9490    26.9510    7.98832 0.0000e+00
      15844    260.184     0.6251     0.6249   2.862541   2.862801     2.2208     2.1878      7.973     0.0264     1.8060 1.0790e-01     0.2028    95.0568     6.3517     6.6185    33.6075    33.6111    26.9485    26.9514    7.98875 0.0000e+00
      15850    260.229     0.6251     0.6266   2.862558   2.863050     2.2216     2.1878      7.973     0.0264     1.8060 1.0790e-01     0.2024    95.0654     6.3533     6.6109    33.6077    33.6124    26.9486    26.9523    7.98873 0.0000e+00
      15854    260.255     0.6257     0.6278   2.862711   2.863243     2.2212     2.1874      7.971     0.0264     1.8060 1.0790e-01     0.2028    95.0568     6.3511     6.6069    33.6090    33.6136    26.9496    26.9532    7.98854 0.0000e+00
