Datasets/AZMP/COO001/79001032.cnv
* Sea-Bird SBE 9 Data File:
* FileName = C:\CTDDATA\79001032.hex
* Software Version Seasave V 7.26.7.110
* Temperature SN = 5660
* Conductivity SN = 3698
* Number of Bytes Per Scan = 30
* Number of Voltage Words = 4
* Number of Scans Averaged by the Deck Unit = 1
* NMEA baud rate = 9600
** VESSEL/TRIP/SEQ STN:  79001032
** LATITUDE XX XX.XX N:  42 51.00 N
** LONGITUDE XX XX.XX W:  49 53.20 W
** SOUNDING DEPTH (M):  0407
** PROBE TYPE: S1257
** CTD NUMBER: 019
** COMMENTS (14 CHAR): SEGB-15
** BOTTLES:  21
** LEVELS: 5,5,5,5,10,20,20,20,20,30,40,50,50,50,75,100,100,100,150,250,BTM
** STICKERS: 434830 - 434850
** VNET: Y
** DO2: N
# nquan = 22
# nvalues = 9409                        
# units = specified
# name 0 = scan: Scan Count
# name 1 = prDM: Pressure, Digiquartz [db]
# name 2 = t090C: Temperature [ITS-90, deg C]
# name 3 = t190C: Temperature, 2 [ITS-90, deg C]
# name 4 = c0S/m: Conductivity [S/m]
# name 5 = c1S/m: Conductivity, 2 [S/m]
# name 6 = sbeox0V: Oxygen raw, SBE 43 [V]
# name 7 = sbeox1V: Oxygen raw, SBE 43, 2 [V]
# name 8 = ph: pH
# name 9 = flECO-AFL: Fluorescence, WET Labs ECO-AFL/FL [mg/m^3]
# name 10 = wetCDOM: Fluorescence, WET Labs CDOM [mg/m^3]
# name 11 = par/sat/log: PAR/Logarithmic, Satlantic [umol photons/m^2/sec]
# name 12 = CStarAt0: Beam Attenuation, WET Labs C-Star [1/m]
# name 13 = CStarTr0: Beam Transmission, WET Labs C-Star [%]
# name 14 = sbeox0ML/L: Oxygen, SBE 43 [ml/l], WS = 2
# name 15 = sbeox1ML/L: Oxygen, SBE 43, 2 [ml/l], WS = 2
# name 16 = sal00: Salinity, Practical [PSU]
# name 17 = sal11: Salinity, Practical, 2 [PSU]
# name 18 = sigma-t00: Density [sigma-t, kg/m^3 ]
# name 19 = sigma-t11: Density, 2 [sigma-t, kg/m^3 ]
# name 20 = oxsatML/L: Oxygen Saturation, Weiss [ml/l]
# name 21 = flag: flag
# span 0 =         81,      98055       
# span 1 =      0.520,    403.232       
# span 2 =     0.3449,     3.5505       
# span 3 =     0.3440,     3.5565       
# span 4 =   2.809306,   3.111170       
# span 5 =   0.697368,   3.111284       
# span 6 =     2.5194,     2.9753       
# span 7 =     2.3389,     2.7691       
# span 8 =      8.037,      8.152       
# span 9 =    -0.0078,     1.9849       
# span 10 =    -0.9969,     1.9245      
# span 11 = 1.0777e-01, 8.3687e+01      
# span 12 =     0.0637,     0.9646      
# span 13 =    78.5722,    98.4197      
# span 14 =     7.0898,     8.2660      
# span 15 =     5.8256,     6.8773      
# span 16 =    30.4717,    34.4135      
# span 17 =     6.7156,    34.4104      
# span 18 =    24.2552,    27.4458      
# span 19 =     5.3512,    27.4395      
# span 20 =    7.43766,    8.06113      
# span 21 = 0.0000e+00, 0.0000e+00      
# interval = scans: 3                   
# start_time = Nov 25 2019 10:45:21 [System UTC, header]
# bad_flag = -9.990e-29
*END*
[from data line 5861]
      31214    283.933     2.5180     2.5137   3.083633   3.083031     2.5504     2.3683      8.043    -0.0029     1.6876 1.0790e-01     0.0913    97.7419     7.1429     5.8960    34.3480    34.3452    27.4070    27.4051    7.57005 0.0000e+00
      31217    283.886     2.5179     2.5110   3.083639   3.082664     2.5504     2.3683      8.043    -0.0029     1.6876 1.0790e-01     0.0903    97.7680     7.1434     5.8967    34.3482    34.3436    27.4072    27.4040    7.57006 0.0000e+00
      31220    283.840     2.5174     2.5083   3.083463   3.082774     2.5508     2.3683      8.043    -0.0029     1.6876 1.0790e-01     0.0896    97.7854     7.1446     5.8973    34.3466    34.3478    27.4059    27.4076    7.57024 0.0000e+00
      31223    283.790     2.5166     2.5087   3.083392   3.082731     2.5504     2.3683      8.043    -0.0029     1.6876 1.0790e-01     0.0899    97.7767     7.1424     5.8976    34.3466    34.3469    27.4060    27.4070    7.57039 0.0000e+00
      31226    283.735     2.5164     2.5101   3.083428   3.083108     2.5504     2.3683      8.043    -0.0029     1.6876 1.0790e-01     0.0899    97.7767     7.1429     5.8977    34.3473    34.3501    27.4066    27.4094    7.57040 0.0000e+00
      31229    283.680     2.5159     2.5139   3.083311   3.083546     2.5504     2.3683      8.043     0.0020     1.6876 1.0790e-01     0.0903    97.7680     7.1427     5.8970    34.3464    34.3515    27.4059    27.4101    7.57054 0.0000e+00
      31232    283.621     2.5152     2.5143   3.083204   3.083331     2.5504     2.3683      8.043    -0.0029     1.6876 1.0790e-01     0.0899    97.7767     7.1431     5.8964    34.3459    34.3484    27.4056    27.4076    7.57070 0.0000e+00
      31235    283.560     2.5146     2.5121   3.083233   3.082907     2.5500     2.3683      8.043     0.0020     1.6876 1.0790e-01     0.0899    97.7767     7.1414     5.8968    34.3469    34.3455    27.4064    27.4055    7.57076 0.0000e+00
      31238    283.496     2.5148     2.5086   3.083286   3.082681     2.5504     2.3687      8.043    -0.0029     1.4902 1.0790e-01     0.0906    97.7593     7.1431     5.8992    34.3474    34.3465    27.4068    27.4066    7.57070 0.0000e+00
      31241    283.429     2.5149     2.5074   3.083291   3.082510     2.5508     2.3683      8.043    -0.0029     1.4507 1.0790e-01     0.0906    97.7593     7.1437     5.8981    34.3473    34.3458    27.4067    27.4061    7.57067 0.0000e+00
      31244    283.359     2.5149     2.5065   3.083256   3.082536     2.5504     2.3687      8.043     0.0020     1.4507 1.0790e-01     0.0906    97.7593     7.1420     5.9004    34.3470    34.3471    27.4064    27.4073    7.57070 0.0000e+00
      31247    283.279     2.5148     2.5065   3.083260   3.082608     2.5500     2.3683      8.043    -0.0029     1.4507 1.0790e-01     0.0906    97.7593     7.1406     5.8989    34.3472    34.3481    27.4066    27.4080    7.57071 0.0000e+00
      31250    283.193     2.5150     2.5077   3.083291   3.082780     2.5508     2.3687      8.043    -0.0078     1.4507 1.0790e-01     0.0906    97.7593     7.1433     5.8995    34.3474    34.3489    27.4068    27.4086    7.57066 0.0000e+00
      31253    283.099     2.5151     2.5081   3.083319   3.082737     2.5504     2.3683      8.043    -0.0029     1.4507 1.0790e-01     0.0906    97.7593     7.1411     5.8982    34.3476    34.3480    27.4070    27.4079    7.57062 0.0000e+00
      31256    283.000     2.5154     2.5071   3.083342   3.082558     2.5500     2.3687      8.043    -0.0029     1.4507 1.0790e-01     0.0928    97.7071     7.1398     5.8985    34.3476    34.3469    27.4070    27.4070    7.57056 0.0000e+00
      31259    282.896     2.5153     2.5056   3.083274   3.082385     2.5504     2.3683      8.043    -0.0029     1.4507 1.0790e-01     0.0971    97.6029     7.1413     5.8963    34.3471    34.3464    27.4065    27.4068    7.57062 0.0000e+00
      31262    282.791     2.5148     2.5040   3.083081   3.082130     2.5504     2.3691      8.043    -0.0029     1.4507 1.0790e-01     0.0971    97.6029     7.1401     5.8990    34.3453    34.3451    27.4051    27.4058    7.57081 0.0000e+00
      31265    282.684     2.5140     2.5021   3.083038   3.082102     2.5496     2.3683      8.043    -0.0029     1.4507 1.0790e-01     0.0971    97.6029     7.1384     5.8961    34.3456    34.3469    27.4054    27.4074    7.57094 0.0000e+00
      31268    282.578     2.5131     2.5033   3.082815   3.082191     2.5504     2.3695      8.043    -0.0029     1.4507 1.0790e-01     0.0971    97.6029     7.1423     5.8985    34.3439    34.3467    27.4042    27.4072    7.57120 0.0000e+00
      31271    282.469     2.5108     2.5022   3.082404   3.081967     2.5500     2.3683      8.043    -0.0029     1.4507 1.0790e-01     0.0971    97.6029     7.1410     5.8946    34.3414    34.3452    27.4023    27.4061    7.57177 0.0000e+00
      31274    282.359     2.5083     2.5022   3.082207   3.082120     2.5500     2.3687      8.043     0.0020     1.4507 1.0790e-01     0.0974    97.5942     7.1418     5.8942    34.3416    34.3471    27.4027    27.4076    7.57223 0.0000e+00
      31277    282.245     2.5065     2.5035   3.081948   3.082271     2.5500     2.3687      8.043    -0.0029     1.4507 1.0790e-01     0.0945    97.6637     7.1428     5.8939    34.3404    34.3477    27.4019    27.4080    7.57263 0.0000e+00
      31280    282.132     2.5034     2.5052   3.081453   3.082440     2.5500     2.3683      8.043    -0.0029     1.4507 1.0790e-01     0.0917    97.7332     7.1443     5.8921    34.3378    34.3480    27.4001    27.4080    7.57338 0.0000e+00
      31283    282.017     2.5007     2.5081   3.081299   3.082817     2.5504     2.3683      8.043    -0.0029     1.4507 1.0790e-01     0.0917    97.7332     7.1456     5.8912    34.3388    34.3496    27.4011    27.4091    7.57383 0.0000e+00
      31286    281.901     2.4983     2.5081   3.080833   3.082568     2.5496     2.3687      8.043    -0.0029     1.4507 1.0790e-01     0.0917    97.7332     7.1444     5.8930    34.3357    34.3466    27.3988    27.4067    7.57445 0.0000e+00
      31289    281.784     2.4944     2.5061   3.080347   3.082208     2.5504     2.3683      8.043    -0.0029     1.4507 1.0790e-01     0.0917    97.7332     7.1488     5.8924    34.3340    34.3444    27.3977    27.4051    7.57529 0.0000e+00
      31292    281.669     2.4906     2.4976   3.079944   3.080935     2.5504     2.3683      8.043    -0.0029     1.5692 1.0790e-01     0.0917    97.7332     7.1492     5.8942    34.3331    34.3378    27.3974    27.4006    7.57606 0.0000e+00
      31295    281.551     2.4883     2.4864   3.080090   3.079559     2.5496     2.3683      8.043    -0.0029     1.5692 1.0790e-01     0.0921    97.7245     7.1465     5.8982    34.3375    34.3329    27.4011    27.3977    7.57629 0.0000e+00
      31298    281.434     2.4876     2.4745   3.080040   3.078421     2.5504     2.3679      8.043     0.0020     1.5692 1.0790e-01     0.0917    97.7332     7.1490     5.8987    34.3376    34.3317    27.4013    27.3977    7.57641 0.0000e+00
      31301    281.318     2.4869     2.4673   3.080034   3.077945     2.5500     2.3687      8.043    -0.0029     1.5692 1.0790e-01     0.0921    97.7245     7.1462     5.9030    34.3384    34.3336    27.4020    27.3998    7.57651 0.0000e+00
      31304    281.204     2.4858     2.4634   3.079688   3.077525     2.5504     2.3683      8.043     0.0020     1.5692 1.0790e-01     0.0917    97.7332     7.1481     5.9023    34.3354    34.3327    27.3996    27.3993    7.57687 0.0000e+00
      31307    281.092     2.4837     2.4591   3.079363   3.077062     2.5500     2.3683      8.043    -0.0029     1.5692 1.0790e-01     0.0917    97.7332     7.1458     5.9027    34.3337    34.3316    27.3984    27.3989    7.57736 0.0000e+00
      31310    280.981     2.4795     2.4571   3.078568   3.076974     2.5504     2.3687      8.043    -0.0029     1.5692 1.0790e-01     0.0917    97.7332     7.1477     5.9045    34.3284    34.3328    27.3946    27.3999    7.57844 0.0000e+00
      31313    280.872     2.4756     2.4552   3.078543   3.076585     2.5504     2.3683      8.043    -0.0029     1.5692 1.0790e-01     0.0917    97.7332     7.1467     5.9036    34.3323    34.3301    27.3980    27.3980    7.57898 0.0000e+00
      31316    280.770     2.4745     2.4505   3.078648   3.075932     2.5504     2.3683      8.043    -0.0029     1.4902 1.0790e-01     0.0921    97.7245     7.1464     5.9043    34.3349    34.3271    27.4001    27.3960    7.57906 0.0000e+00
      31319    280.668     2.4739     2.4451   3.078575   3.075473     2.5500     2.3687      8.043    -0.0029     1.4507 1.0790e-01     0.0928    97.7071     7.1444     5.9049    34.3346    34.3272    27.4001    27.3966    7.57919 0.0000e+00
      31322    280.573     2.4721     2.4436   3.077952   3.075561     2.5500     2.3683      8.043    -0.0029     1.4507 1.0790e-01     0.0931    97.6984     7.1433     5.9028    34.3289    34.3300    27.3956    27.3988    7.57982 0.0000e+00
      31325    280.479     2.4671     2.4442   3.076950   3.075552     2.5496     2.3683      8.043    -0.0029     1.4507 1.0790e-01     0.0931    97.6984     7.1428     5.9009    34.3220    34.3293    27.3905    27.3983    7.58115 0.0000e+00
      31328    280.388     2.4621     2.4423   3.076526   3.075120     2.5500     2.3683      8.043    -0.0029     1.4507 1.0790e-01     0.0928    97.7071     7.1446     5.9004    34.3221    34.3261    27.3910    27.3959    7.58208 0.0000e+00
      31331    280.302     2.4571     2.4385   3.076125   3.074696     2.5496     2.3683      8.043    -0.0029     1.4507 1.0790e-01     0.0928    97.7071     7.1439     5.8991    34.3226    34.3250    27.3918    27.3953    7.58302 0.0000e+00
      31334    280.218     2.4538     2.4356   3.076202   3.074495     2.5496     2.3683      8.043    -0.0029     1.4507 1.0790e-01     0.0931    97.6984     7.1445     5.8985    34.3272    34.3256    27.3958    27.3961    7.58343 0.0000e+00
      31337    280.138     2.4523     2.4357   3.076029   3.074624     2.5496     2.3683      8.043    -0.0029     1.4507 1.0790e-01     0.0928    97.7071     7.1454     5.8974    34.3267    34.3272    27.3955    27.3973    7.58374 0.0000e+00
      31340    280.066     2.4516     2.4356   3.076258   3.074602     2.5492     2.3683      8.043    -0.0029     1.4507 1.0790e-01     0.0917    97.7332     7.1444     5.8964    34.3303    34.3270    27.3985    27.3971    7.58369 0.0000e+00
      31343    279.996     2.4536     2.4356   3.076750   3.074562     2.5492     2.3675      8.043    -0.0029     1.5297 1.0790e-01     0.0917    97.7332     7.1444     5.8938    34.3343    34.3266    27.4014    27.3968    7.58310 0.0000e+00
      31346    279.927     2.4560     2.4352   3.077054   3.074500     2.5492     2.3683      8.043    -0.0029     1.5692 1.0790e-01     0.0917    97.7332     7.1432     5.8964    34.3355    34.3262    27.4022    27.3966    7.58258 0.0000e+00
      31349    279.863     2.4604     2.4349   3.077910   3.074511     2.5492     2.3675      8.043     0.0117     1.5692 1.0790e-01     0.0917    97.7332     7.1424     5.8939    34.3414    34.3268    27.4066    27.3971    7.58144 0.0000e+00
      31352    279.802     2.4688     2.4352   3.079292   3.074554     2.5492     2.3671      8.043     0.0166     1.5692 1.0790e-01     0.0917    97.7332     7.1407     5.8930    34.3495    34.3270    27.4124    27.3972    7.57942 0.0000e+00
      31355    279.747     2.4760     2.4352   3.079722   3.074475     2.5492     2.3671      8.043     0.0117     1.5297 1.0790e-01     0.0917    97.7332     7.1390     5.8937    34.3471    34.3261    27.4098    27.3964    7.57815 0.0000e+00
      31358    279.696     2.4814     2.4354   3.079987   3.074688     2.5492     2.3671      8.043     0.0117     1.5692 1.0790e-01     0.0921    97.7245     7.1394     5.8945    34.3447    34.3285    27.4074    27.3984    7.57725 0.0000e+00
      31361    279.651     2.4823     2.4377   3.079287   3.074879     2.5492     2.3671      8.043     0.0117     1.5692 1.0790e-01     0.0921    97.7245     7.1404     5.8954    34.3351    34.3284    27.3997    27.3981    7.57756 0.0000e+00
      31364    279.611     2.4799     2.4384   3.079094   3.074952     2.5488     2.3671      8.043     0.0117     1.5692 1.0790e-01     0.0928    97.7071     7.1407     5.8969    34.3353    34.3286    27.4001    27.3982    7.57801 0.0000e+00
      31367    279.574     2.4815     2.4410   3.080142   3.075318     2.5488     2.3671      8.043     0.0117     1.5297 1.0790e-01     0.0917    97.7332     7.1411     5.8963    34.3464    34.3303    27.4088    27.3993    7.57713 0.0000e+00
      31370    279.542     2.4865     2.4442   3.080628   3.075543     2.5488     2.3671      8.043     0.0117     1.5692 1.0790e-01     0.0917    97.7332     7.1414     5.8949    34.3471    34.3297    27.4089    27.3986    7.57613 0.0000e+00
      31373    279.511     2.4892     2.4443   3.080510   3.075410     2.5488     2.3671      8.043     0.0020     1.5692 1.0790e-01     0.0921    97.7245     7.1430     5.8951    34.3428    34.3280    27.4052    27.3972    7.57583 0.0000e+00
      31376    279.482     2.4894     2.4421   3.080291   3.075151     2.5488     2.3671      8.043    -0.0029     1.5692 1.0790e-01     0.0917    97.7332     7.1442     5.8950    34.3399    34.3271    27.4029    27.3967    7.57594 0.0000e+00
      31379    279.459     2.4896     2.4404   3.080400   3.075054     2.5484     2.3671      8.043    -0.0029     1.5692 1.0790e-01     0.0910    97.7506     7.1445     5.8939    34.3411    34.3278    27.4038    27.3974    7.57585 0.0000e+00
      31432    279.438     2.4674     2.4444   3.077998   3.075468     2.5492     2.3654      8.043    -0.0029     1.5692 1.0790e-01     0.0917    97.7332     7.1428     5.8837    34.3352    34.3287    27.4011    27.3978    7.58042 0.0000e+00
      31460    279.414     2.4565     2.4457   3.076886   3.075560     2.5492     2.3646      8.043    -0.0029     1.5692 1.0790e-01     0.0906    97.7593     7.1413     5.8784    34.3332    34.3284    27.4004    27.3974    7.58261 0.0000e+00
      31463    279.384     2.4574     2.4446   3.077027   3.075557     2.5492     2.3646      8.043    -0.0029     1.5692 1.0790e-01     0.0906    97.7593     7.1431     5.8781    34.3340    34.3295    27.4009    27.3984    7.58239 0.0000e+00
      31466    279.351     2.4588     2.4453   3.077260   3.075682     2.5492     2.3646      8.043     0.0020     1.5692 1.0790e-01     0.0906    97.7593     7.1445     5.8779    34.3354    34.3304    27.4019    27.3991    7.58205 0.0000e+00
      31469    279.315     2.4602     2.4471   3.077452   3.075886     2.5492     2.3646      8.043    -0.0029     1.5692 1.0790e-01     0.0906    97.7593     7.1460     5.8777    34.3362    34.3310    27.4024    27.3994    7.58173 0.0000e+00
      31472    279.274     2.4627     2.4474   3.077778   3.075936     2.5488     2.3646      8.043    -0.0029     1.5297 1.0790e-01     0.0906    97.7593     7.1451     5.8789    34.3376    34.3313    27.4034    27.3996    7.58119 0.0000e+00
      31475    279.233     2.4650     2.4471   3.077886   3.075816     2.5492     2.3642      8.043    -0.0029     1.4507 1.0790e-01     0.0906    97.7593     7.1464     5.8788    34.3365    34.3302    27.4023    27.3987    7.58080 0.0000e+00
      31478    279.183     2.4669     2.4459   3.078066   3.075625     2.5492     2.3638      8.043     0.0068     1.4507 1.0790e-01     0.0906    97.7593     7.1468     5.8780    34.3367    34.3291    27.4023    27.3979    7.58043 0.0000e+00
