Datasets/AZMP/COO001/79001056.cnv
* Sea-Bird SBE 9 Data File:
* FileName = C:\CTDDATA\79001056.hex
* Software Version Seasave V 7.26.7.110
* Temperature SN = 5660
* Conductivity SN = 3698
* Number of Bytes Per Scan = 30
* Number of Voltage Words = 4
* Number of Scans Averaged by the Deck Unit = 1
* NMEA baud rate = 9600
** VESSEL/TRIP/SEQ STN:  79001056
** LATITUDE XX XX.XX N:  47 00.00 N
** LONGITUDE XX XX.XX W:  46 29.00 W
** SOUNDING DEPTH (M):  0357
** PROBE TYPE: S1257
** CTD NUMBER: 031
** COMMENTS (14 CHAR): FC-20
** BOTTLES:  12
** LEVELS: 5,5,10,20,20,30,40,50,75,100,150,BTM
** STICKERS: 435088 - 435099
** VNET: Y
** DO2: Y
# nquan = 22
# nvalues = 9115                        
# units = specified
# name 0 = scan: Scan Count
# name 1 = prDM: Pressure, Digiquartz [db]
# name 2 = t090C: Temperature [ITS-90, deg C]
# name 3 = t190C: Temperature, 2 [ITS-90, deg C]
# name 4 = c0S/m: Conductivity [S/m]
# name 5 = c1S/m: Conductivity, 2 [S/m]
# name 6 = sbeox0V: Oxygen raw, SBE 43 [V]
# name 7 = sbeox1V: Oxygen raw, SBE 43, 2 [V]
# name 8 = ph: pH
# name 9 = flECO-AFL: Fluorescence, WET Labs ECO-AFL/FL [mg/m^3]
# name 10 = wetCDOM: Fluorescence, WET Labs CDOM [mg/m^3]
# name 11 = par/sat/log: PAR/Logarithmic, Satlantic [umol photons/m^2/sec]
# name 12 = CStarAt0: Beam Attenuation, WET Labs C-Star [1/m]
# name 13 = CStarTr0: Beam Transmission, WET Labs C-Star [%]
# name 14 = sbeox0ML/L: Oxygen, SBE 43 [ml/l], WS = 2
# name 15 = sbeox1ML/L: Oxygen, SBE 43, 2 [ml/l], WS = 2
# name 16 = sal00: Salinity, Practical [PSU]
# name 17 = sal11: Salinity, Practical, 2 [PSU]
# name 18 = sigma-t00: Density [sigma-t, kg/m^3 ]
# name 19 = sigma-t11: Density, 2 [sigma-t, kg/m^3 ]
# name 20 = oxsatML/L: Oxygen Saturation, Weiss [ml/l]
# name 21 = flag: flag
# span 0 =          2,      74600       
# span 1 =      0.400,    349.162       
# span 2 =     3.6704,     8.4289       
# span 3 =     3.6614,     8.4280       
# span 4 =   3.190565,   3.511870       
# span 5 =   3.189569,   3.511930       
# span 6 =     2.3040,     2.7883       
# span 7 =     2.2797,     2.7558       
# span 8 =      7.994,      8.229       
# span 9 =    -0.0176,     1.7846       
# span 10 =    -2.8130,   482.1870      
# span 11 = 1.0715e-01, 1.1951e+00      
# span 12 =     0.0429,     1.7543      
# span 13 =    64.4948,    98.9324      
# span 14 =     5.8720,     6.9075      
# span 15 =     6.1574,     7.1946      
# span 16 =    33.2772,    34.8984      
# span 17 =    33.3901,    34.8828      
# span 18 =    25.9331,    27.6998      
# span 19 =    25.9481,    27.6983      
# span 20 =    6.61125,    7.34641      
# span 21 = 0.0000e+00, 0.0000e+00      
# interval = scans: 3                   
# start_time = Nov 29 2019 05:34:05 [System UTC, header]
# bad_flag = -9.990e-29
*END*
[from data line 3029]
      12801    234.248     3.7704     3.8048   3.227642   3.231300     2.3589     2.3247      8.050    -0.0029     1.5692 1.0790e-01     0.0500    98.7586     6.2355     6.5751    34.7858    34.7928    27.6395    27.6416    7.31529 0.0000e+00
      12804    234.335     3.7711     3.8013   3.227682   3.230601     2.3573     2.3251      8.048    -0.0029     1.5692 1.0790e-01     0.0500    98.7586     6.2289     6.5727    34.7854    34.7881    27.6391    27.6382    7.31517 0.0000e+00
      12807    234.416     3.7716     3.8059   3.227750   3.231510     2.3585     2.3259      8.048    -0.0029     1.5692 1.0790e-01     0.0500    98.7586     6.2313     6.5689    34.7857    34.7942    27.6393    27.6425    7.31507 0.0000e+00
      12810    234.488     3.7720     3.8125   3.227760   3.231968     2.3597     2.3263      8.048    -0.0029     1.5692 1.0790e-01     0.0503    98.7499     6.2327     6.5630    34.7853    34.7926    27.6389    27.6405    7.31501 0.0000e+00
      12813    234.550     3.7724     3.8143   3.227803   3.232030     2.3597     2.3263      8.048    -0.0029     1.5692 1.0790e-01     0.0503    98.7499     6.2306     6.5566    34.7854    34.7914    27.6389    27.6394    7.31494 0.0000e+00
      12816    234.602     3.7789     3.8051   3.229654   3.230474     2.3601     2.3276      8.048     0.0020     1.5297 1.0790e-01     0.0500    98.7586     6.2282     6.5574    34.8006    34.7825    27.6504    27.6333    7.31303 0.0000e+00
      12819    234.648     3.8005     3.7888   3.232956   3.229450     2.3597     2.3276      8.048    -0.0029     1.3323 1.0790e-01     0.0503    98.7499     6.2209     6.5543    34.8171    34.7876    27.6613    27.6390    7.30834 0.0000e+00
      12822    234.685     3.8166     3.7819   3.233887   3.229045     2.3605     2.3280      8.048     0.0020     1.3323 1.0790e-01     0.0503    98.7499     6.2182     6.5506    34.8110    34.7901    27.6548    27.6417    7.30572 0.0000e+00
      12825    234.718     3.8289     3.7797   3.234992   3.228987     2.3605     2.3288      8.048     0.0020     1.3323 1.0790e-01     0.0503    98.7499     6.2148     6.5475    34.8110    34.7917    27.6536    27.6432    7.30349 0.0000e+00
      12828    234.747     3.8412     3.7785   3.235597   3.228893     2.3614     2.3288      8.048     0.0020     1.3323 1.0790e-01     0.0503    98.7499     6.2155     6.5411    34.8052    34.7918    27.6476    27.6434    7.30157 0.0000e+00
      12928    234.770     3.8947     3.7938   3.240123   3.230170     2.3650     2.3202      8.047    -0.0029     1.4507 1.0790e-01     0.0479    98.8108     6.2071     6.4600    34.8023    34.7908    27.6398    27.6411    7.29210 0.0000e+00
      12931    234.806     3.8985     3.7883   3.240381   3.229401     2.3646     2.3202      8.047     0.0020     1.4507 1.0790e-01     0.0482    98.8021     6.2019     6.4597    34.8013    34.7874    27.6387    27.6389    7.29146 0.0000e+00
      12934    234.849     3.9014     3.7822   3.241073   3.228917     2.3642     2.3202      8.047     0.0020     1.4507 1.0790e-01     0.0482    98.8021     6.2006     6.4601    34.8064    34.7882    27.6424    27.6401    7.29068 0.0000e+00
      12937    234.897     3.9090     3.7821   3.242418   3.229001     2.3634     2.3202      8.049    -0.0029     1.4507 1.0790e-01     0.0482    98.8021     6.1968     6.4604    34.8144    34.7892    27.6480    27.6409    7.28894 0.0000e+00
      12940    234.952     3.9067     3.7820   3.239515   3.229008     2.3642     2.3198      8.047     0.0020     1.4507 1.0790e-01     0.0486    98.7934     6.2001     6.4602    34.7822    34.7893    27.6225    27.6411    7.29091 0.0000e+00
      12943    235.010     3.8861     3.7833   3.236232   3.229371     2.3642     2.3202      8.049     0.0020     1.4507 1.0790e-01     0.0489    98.7847     6.2040     6.4644    34.7648    34.7923    27.6109    27.6434    7.29544 0.0000e+00
      12946    235.070     3.8706     3.7858   3.235720   3.229598     2.3638     2.3194      8.047    -0.0029     1.4507 1.0790e-01     0.0489    98.7847     6.2044     6.4653    34.7752    34.7923    27.6208    27.6430    7.29773 0.0000e+00
      12949    235.135     3.8641     3.7883   3.236781   3.229828     2.3642     2.3190      8.047     0.0020     1.4507 1.0790e-01     0.0486    98.7934     6.2052     6.4689    34.7947    34.7924    27.6370    27.6429    7.29796 0.0000e+00
      12952    235.206     3.8676     3.7871   3.237904   3.229331     2.3642     2.3190      8.047    -0.0029     1.4507 1.0790e-01     0.0482    98.8021     6.2045     6.4747    34.8044    34.7876    27.6443    27.6392    7.29686 0.0000e+00
      12955    235.277     3.8762     3.7814   3.239316   3.228893     2.3634     2.3190      8.050     0.0020     1.4507 1.0790e-01     0.0489    98.7847     6.2018     6.4801    34.8121    34.7884    27.6495    27.6404    7.29494 0.0000e+00
      12958    235.354     3.8824     3.7788   3.238866   3.228800     2.3650     2.3190      8.047    -0.0029     1.4507 1.0790e-01     0.0489    98.7847     6.2072     6.4871    34.8000    34.7901    27.6393    27.6420    7.29441 0.0000e+00
      12961    235.435     3.8794     3.7777   3.237723   3.228789     2.3642     2.3190      8.047     0.0020     1.4507 1.0790e-01     0.0493    98.7760     6.2050     6.4934    34.7895    34.7911    27.6313    27.6429    7.29545 0.0000e+00
      12964    235.523     3.8744     3.7818   3.237305   3.229566     2.3642     2.3190      8.049    -0.0029     1.4507 1.0790e-01     0.0489    98.7847     6.2039     6.4982    34.7899    34.7960    27.6321    27.6464    7.29635 0.0000e+00
      12967    235.617     3.8671     3.7886   3.235873   3.229885     2.3638     2.3194      8.049     0.0020     1.4507 1.0790e-01     0.0493    98.7760     6.2043     6.5049    34.7804    34.7925    27.6253    27.6429    7.29810 0.0000e+00
      12970    235.715     3.8543     3.7893   3.234645   3.229944     2.3642     2.3198      8.047    -0.0029     1.4507 1.0790e-01     0.0489    98.7847     6.2092     6.5134    34.7794    34.7923    27.6258    27.6427    7.30046 0.0000e+00
      12973    235.820     3.8519     3.7945   3.235987   3.230539     2.3642     2.3202      8.049    -0.0029     1.3718 1.0790e-01     0.0493    98.7760     6.2079     6.5173    34.7978    34.7939    27.6407    27.6434    7.30000 0.0000e+00
      12976    235.929     3.8554     3.7966   3.236466   3.230452     2.3642     2.3206      8.047    -0.0029     0.8586 1.0790e-01     0.0493    98.7760     6.2060     6.5208    34.7998    34.7905    27.6419    27.6405    7.29928 0.0000e+00
      12979    236.040     3.8580     3.7909   3.236670   3.229854     2.3642     2.3211      8.047    -0.0029     0.8586 1.0790e-01     0.0493    98.7760     6.2052     6.5271    34.7994    34.7894    27.6414    27.6403    7.29883 0.0000e+00
      12982    236.157     3.8593     3.7856   3.236023   3.229415     2.3642     2.3215      8.047    -0.0029     0.8586 1.0790e-01     0.0493    98.7760     6.2049     6.5322    34.7903    34.7898    27.6339    27.6411    7.29904 0.0000e+00
      12985    236.273     3.8469     3.7801   3.233689   3.229005     2.3638     2.3215      8.048     0.0020     0.8586 1.0790e-01     0.0493    98.7760     6.2077     6.5352    34.7755    34.7907    27.6234    27.6423    7.30198 0.0000e+00
      12988    236.391     3.8378     3.7777   3.233153   3.228876     2.3630     2.3215      8.048    -0.0029     0.8586 1.0790e-01     0.0496    98.7673     6.2072     6.5352    34.7787    34.7916    27.6269    27.6434    7.30346 0.0000e+00
      12991    236.512     3.8202     3.7767   3.230173   3.228792     2.3646     2.3227      8.048     0.0020     0.8586 1.0790e-01     0.0493    98.7760     6.2159     6.5399    34.7618    34.7915    27.6153    27.6434    7.30746 0.0000e+00
      12994    236.636     3.8019     3.7759   3.229098   3.228788     2.3650     2.3227      8.048     0.0020     0.8586 1.0790e-01     0.0496    98.7673     6.2197     6.5388    34.7684    34.7923    27.6223    27.6441    7.31044 0.0000e+00
      12997    236.762     3.7909     3.7761   3.228937   3.228853     2.3630     2.3227      8.048    -0.0029     0.8586 1.0790e-01     0.0493    98.7760     6.2157     6.5370    34.7780    34.7928    27.6312    27.6444    7.31195 0.0000e+00
      13000    236.891     3.7850     3.7763   3.228891   3.228859     2.3634     2.3231      8.048     0.0020     0.8586 1.0790e-01     0.0503    98.7499     6.2188     6.5366    34.7837    34.7925    27.6363    27.6443    7.31274 0.0000e+00
      13003    237.020     3.7821     3.7770   3.228889   3.228981     2.3638     2.3243      8.048    -0.0029     0.8586 1.0790e-01     0.0510    98.7325     6.2214     6.5373    34.7867    34.7932    27.6390    27.6447    7.31312 0.0000e+00
      13006    237.154     3.7804     3.7778   3.228911   3.229031     2.3638     2.3239      8.048    -0.0029     0.8586 1.0790e-01     0.0507    98.7412     6.2225     6.5337    34.7887    34.7929    27.6407    27.6444    7.31333 0.0000e+00
      13009    237.286     3.7799     3.7777   3.228920   3.229013     2.3642     2.3247      8.048    -0.0029     0.8586 1.0790e-01     0.0507    98.7412     6.2259     6.5361    34.7893    34.7927    27.6413    27.6442    7.31340 0.0000e+00
      13012    237.421     3.7797     3.7779   3.228885   3.229077     2.3642     2.3247      8.048     0.0068     0.8586 1.0790e-01     0.0503    98.7499     6.2266     6.5344    34.7890    34.7932    27.6411    27.6446    7.31345 0.0000e+00
      13015    237.558     3.7792     3.7785   3.228913   3.229103     2.3634     2.3251      8.048    -0.0029     0.8586 1.0790e-01     0.0510    98.7325     6.2242     6.5335    34.7898    34.7928    27.6418    27.6442    7.31350 0.0000e+00
      13018    237.694     3.7794     3.7785   3.228955   3.229115     2.3638     2.3251      8.048    -0.0029     0.8586 1.0790e-01     0.0510    98.7325     6.2287     6.5334    34.7900    34.7929    27.6419    27.6443    7.31345 0.0000e+00
      13021    237.833     3.7795     3.7786   3.228991   3.229154     2.3646     2.3251      8.048    -0.0029     0.8586 1.0790e-01     0.0514    98.7238     6.2325     6.5342    34.7903    34.7932    27.6421    27.6445    7.31343 0.0000e+00
      13024    237.974     3.7797     3.7787   3.228978   3.229163     2.3642     2.3251      8.048    -0.0029     0.8586 1.0790e-01     0.0517    98.7151     6.2309     6.5343    34.7898    34.7931    27.6417    27.6444    7.31341 0.0000e+00
      13027    238.114     3.7799     3.7788   3.228987   3.229175     2.3642     2.3251      8.048     0.0020     1.1744 1.0790e-01     0.0514    98.7238     6.2329     6.5375    34.7896    34.7931    27.6415    27.6444    7.31337 0.0000e+00
      13030    238.251     3.7799     3.7789   3.229026   3.229230     2.3642     2.3255      8.048    -0.0029     1.3323 1.0802e-01     0.0510    98.7325     6.2338     6.5452    34.7901    34.7935    27.6419    27.6447    7.31337 0.0000e+00
      13033    238.389     3.7802     3.7791   3.229074   3.229244     2.3654     2.3263      8.048    -0.0029     1.3323 1.0802e-01     0.0514    98.7238     6.2393     6.5530    34.7902    34.7934    27.6419    27.6446    7.31329 0.0000e+00
      13036    238.528     3.7805     3.7781   3.229105   3.229063     2.3646     2.3263      8.048     0.0020     1.3323 1.0790e-01     0.0514    98.7238     6.2384     6.5585    34.7902    34.7923    27.6419    27.6438    7.31325 0.0000e+00
      13039    238.666     3.7799     3.7757   3.228903   3.228835     2.3654     2.3263      8.048    -0.0029     1.3323 1.0802e-01     0.0514    98.7238     6.2427     6.5647    34.7883    34.7920    27.6405    27.6439    7.31344 0.0000e+00
      13042    238.804     3.7781     3.7715   3.228573   3.228339     2.3654     2.3272      8.048    -0.0029     1.3323 1.0802e-01     0.0514    98.7238     6.2444     6.5755    34.7863    34.7905    27.6390    27.6431    7.31387 0.0000e+00
      13045    238.937     3.7751     3.7673   3.228187   3.228049     2.3646     2.3276      8.048     0.0020     1.3323 1.0815e-01     0.0514    98.7238     6.2450     6.5837    34.7848    34.7914    27.6381    27.6442    7.31449 0.0000e+00
      13048    239.072     3.7719     3.7655   3.227962   3.227954     2.3663     2.3284      8.048    -0.0029     1.3323 1.0802e-01     0.0514    98.7238     6.2526     6.5922    34.7854    34.7921    27.6389    27.6450    7.31503 0.0000e+00
      13051    239.202     3.7697     3.7645   3.227879   3.227855     2.3663     2.3292      8.048    -0.0029     1.2533 1.0827e-01     0.0514    98.7238     6.2538     6.5986    34.7867    34.7919    27.6402    27.6450    7.31537 0.0000e+00
      13054    239.331     3.7683     3.7619   3.227794   3.227576     2.3663     2.3300      8.048    -0.0029    -0.1284 1.0790e-01     0.0514    98.7238     6.2546     6.6043    34.7871    34.7913    27.6407    27.6447    7.31561 0.0000e+00
      13057    239.456     3.7665     3.7595   3.227562   3.227400     2.3667     2.3304      8.048     0.0020    -0.2469 1.0790e-01     0.0510    98.7325     6.2566     6.6074    34.7862    34.7917    27.6401    27.6452    7.31597 0.0000e+00
      13060    239.578     3.7636     3.7589   3.227188   3.227391     2.3671     2.3308      8.048    -0.0029    -0.2074 1.0802e-01     0.0514    98.7238     6.2609     6.6083    34.7846    34.7921    27.6392    27.6457    7.31656 0.0000e+00
      13063    239.694     3.7608     3.7573   3.226974   3.227185     2.3671     2.3316      8.048    -0.0029    -0.2074 1.0815e-01     0.0507    98.7412     6.2618     6.6083    34.7851    34.7913    27.6398    27.6451    7.31705 0.0000e+00
      13066    239.806     3.7586     3.7548   3.226889   3.226940     2.3687     2.3325      8.048     0.0020    -0.2074 1.0815e-01     0.0503    98.7499     6.2686     6.6085    34.7863    34.7910    27.6410    27.6452    7.31738 0.0000e+00
      13069    239.914     3.7571     3.7526   3.226814   3.226801     2.3687     2.3333      8.048    -0.0029    -0.2074 1.0802e-01     0.0503    98.7499     6.2701     6.6083    34.7869    34.7915    27.6417    27.6458    7.31763 0.0000e+00
      13072    240.016     3.7559     3.7512   3.226714   3.226631     2.3683     2.3337      8.050    -0.0029    -0.2074 1.0815e-01     0.0503    98.7499     6.2686     6.6045    34.7870    34.7910    27.6418    27.6455    7.31784 0.0000e+00
      13075    240.111     3.7549     3.7493   3.226645   3.226469     2.3691     2.3345      8.048    -0.0029    -0.2074 1.0815e-01     0.0503    98.7499     6.2720     6.6013    34.7872    34.7910    27.6421    27.6458    7.31802 0.0000e+00
      13078    240.200     3.7541     3.7478   3.226562   3.226329     2.3691     2.3349      8.048    -0.0029    -0.5232 1.0815e-01     0.0507    98.7412     6.2733     6.5955    34.7870    34.7909    27.6421    27.6458    7.31817 0.0000e+00
      13081    240.279     3.7532     3.7467   3.226505   3.226264     2.3691     2.3349      8.048    -0.0029    -1.4707 1.0790e-01     0.0503    98.7499     6.2729     6.5892    34.7872    34.7912    27.6423    27.6462    7.31832 0.0000e+00
      13084    240.349     3.7525     3.7462   3.226473   3.226212     2.3712     2.3349      8.048    -0.0029    -1.3918 1.0815e-01     0.0503    98.7499     6.2794     6.5809    34.7876    34.7912    27.6427    27.6462    7.31844 0.0000e+00
      13087    240.411     3.7521     3.7457   3.226568   3.226174     2.3695     2.3353      8.048    -0.0029    -1.4313 1.0827e-01     0.0503    98.7499     6.2731     6.5722    34.7890    34.7912    27.6439    27.6462    7.31842 0.0000e+00
      13090    240.463     3.7535     3.7453   3.226927   3.226174     2.3716     2.3361      8.048     0.0020    -1.3918 1.0790e-01     0.0503    98.7499     6.2778     6.5668    34.7919    34.7915    27.6460    27.6466    7.31804 0.0000e+00
