Datasets/AZMP/COO001/79001112.cnv
* Sea-Bird SBE 9 Data File:
* FileName = C:\CTDDATA\79001112.hex
* Software Version Seasave V 7.26.7.110
* Temperature SN = 5660
* Conductivity SN = 3698
* Number of Bytes Per Scan = 30
* Number of Voltage Words = 4
* Number of Scans Averaged by the Deck Unit = 1
* NMEA baud rate = 9600
** VESSEL/TRIP/SEQ STN:  79001112
** LATITUDE XX XX.XX N:  47 00.00 N
** LONGITUDE XX XX.XX W:  47 15.00 W
** SOUNDING DEPTH (M):  0535
** PROBE TYPE: S1257
** CTD NUMBER: 072
** COMMENTS (14 CHAR): FC-15
** BOTTLES:  13
** LEVELS: 5,5,10,20,20,30,40,50,75,100,150,250,BTM
** STICKERS: 435520 - 435532
** VNET: Y
** DO2: N
# nquan = 22
# nvalues = 10517                       
# units = specified
# name 0 = scan: Scan Count
# name 1 = prDM: Pressure, Digiquartz [db]
# name 2 = t090C: Temperature [ITS-90, deg C]
# name 3 = t190C: Temperature, 2 [ITS-90, deg C]
# name 4 = c0S/m: Conductivity [S/m]
# name 5 = c1S/m: Conductivity, 2 [S/m]
# name 6 = sbeox0V: Oxygen raw, SBE 43 [V]
# name 7 = sbeox1V: Oxygen raw, SBE 43, 2 [V]
# name 8 = ph: pH
# name 9 = flECO-AFL: Fluorescence, WET Labs ECO-AFL/FL [mg/m^3]
# name 10 = wetCDOM: Fluorescence, WET Labs CDOM [mg/m^3]
# name 11 = par/sat/log: PAR/Logarithmic, Satlantic [umol photons/m^2/sec]
# name 12 = CStarAt0: Beam Attenuation, WET Labs C-Star [1/m]
# name 13 = CStarTr0: Beam Transmission, WET Labs C-Star [%]
# name 14 = sbeox0ML/L: Oxygen, SBE 43 [ml/l], WS = 2
# name 15 = sbeox1ML/L: Oxygen, SBE 43, 2 [ml/l], WS = 2
# name 16 = sal00: Salinity, Practical [PSU]
# name 17 = sal11: Salinity, Practical, 2 [PSU]
# name 18 = sigma-t00: Density [sigma-t, kg/m^3 ]
# name 19 = sigma-t11: Density, 2 [sigma-t, kg/m^3 ]
# name 20 = oxsatML/L: Oxygen Saturation, Weiss [ml/l]
# name 21 = flag: flag
# span 0 =          2,      80008       
# span 1 =      0.702,    521.028       
# span 2 =     2.7577,     3.9801       
# span 3 =     2.7560,     3.9797       
# span 4 =   3.030774,   3.257030       
# span 5 =   3.030804,   3.257208       
# span 6 =     2.3729,     2.7783       
# span 7 =     2.3489,     2.7488       
# span 8 =      8.051,      8.150       
# span 9 =    -0.0176,     1.5795       
# span 10 =    -1.8655,     2.0429      
# span 11 = 1.0752e-01, 1.8289e+00      
# span 12 =     0.0556,     0.1959      
# span 13 =    95.2219,    98.6196      
# span 14 =     6.4253,     7.5507      
# span 15 =     6.7517,     7.9862      
# span 16 =    33.1383,    34.7717      
# span 17 =    33.1414,    34.7677      
# span 18 =    26.3814,    27.6099      
# span 19 =    26.3842,    27.6044      
# span 20 =    7.27880,    7.53156      
# span 21 = 0.0000e+00, 0.0000e+00      
# interval = scans: 3                   
# start_time = Dec 06 2019 07:10:02 [System UTC, header]
# bad_flag = -9.990e-29
*END*
[from data line 2371]
       9410    212.383     3.4790     3.4855   3.185038   3.186003     2.4348     2.4092      8.058     0.0020     1.5692 1.0790e-01     0.0896    97.7854     6.5034     6.8431    34.5966    34.6013    27.5178    27.5209    7.37755 0.0000e+00
       9413    212.457     3.4778     3.4911   3.185014   3.186845     2.4348     2.4092      8.057     0.0020     1.5692 1.0790e-01     0.0899    97.7767     6.5024     6.8374    34.5975    34.6054    27.5186    27.5236    7.37771 0.0000e+00
       9416    212.539     3.4774     3.5030   3.185080   3.188042     2.4352     2.4092      8.059    -0.0029     1.5692 1.0790e-01     0.0906    97.7593     6.5029     6.8310    34.5987    34.6071    27.5196    27.5238    7.37774 0.0000e+00
       9419    212.623     3.4804     3.5073   3.186647   3.188037     2.4364     2.4092      8.058    -0.0029     1.5692 1.0790e-01     0.0906    97.7593     6.5052     6.8271    34.6143    34.6025    27.5317    27.5197    7.37641 0.0000e+00
       9422    212.716     3.4908     3.5020   3.188486   3.187439     2.4360     2.4092      8.058    -0.0029     1.5297 1.0790e-01     0.0910    97.7506     6.5034     6.8266    34.6254    34.6008    27.5395    27.5189    7.37397 0.0000e+00
       9425    212.820     3.5012     3.4994   3.189337   3.187346     2.4360     2.4092      8.058     0.0020     1.5692 1.0790e-01     0.0910    97.7506     6.5028     6.8245    34.6244    34.6025    27.5378    27.5204    7.37211 0.0000e+00
       9428    212.932     3.5087     3.4973   3.189666   3.187178     2.4352     2.4088      8.058    -0.0029     1.5692 1.0790e-01     0.0906    97.7593     6.4994     6.8225    34.6205    34.6026    27.5339    27.5208    7.37094 0.0000e+00
       9431    213.049     3.5133     3.4969   3.189845   3.187777     2.4364     2.4083      8.058    -0.0029     1.5692 1.0790e-01     0.0910    97.7506     6.5033     6.8192    34.6176    34.6102    27.5311    27.5268    7.37023 0.0000e+00
       9434    213.178     3.5174     3.5055   3.190343   3.189383     2.4356     2.4083      8.058    -0.0029     1.5297 1.0790e-01     0.0917    97.7332     6.4997     6.8141    34.6191    34.6203    27.5320    27.5341    7.36940 0.0000e+00
       9437    213.314     3.5228     3.5178   3.191243   3.190490     2.4356     2.4083      8.058    -0.0029     1.4507 1.0790e-01     0.0928    97.7071     6.4985     6.8098    34.6242    34.6204    27.5354    27.5329    7.36817 0.0000e+00
       9440    213.450     3.5297     3.5236   3.191877   3.190880     2.4352     2.4083      8.058    -0.0029     1.4507 1.0790e-01     0.0928    97.7071     6.4954     6.8087    34.6243    34.6188    27.5349    27.5311    7.36690 0.0000e+00
       9443    213.596     3.5345     3.5294   3.192034   3.191652     2.4369     2.4079      8.058    -0.0029     1.4507 1.0790e-01     0.0924    97.7158     6.5007     6.8088    34.6211    34.6219    27.5318    27.5330    7.36619 0.0000e+00
       9446    213.744     3.5373     3.5354   3.192233   3.192156     2.4373     2.4079      8.058    -0.0029     1.4507 1.0790e-01     0.0928    97.7071     6.5047     6.8110    34.6204    34.6215    27.5310    27.5321    7.36571 0.0000e+00
       9449    213.899     3.5404     3.5396   3.192608   3.192559     2.4369     2.4079      8.058    -0.0029     1.4112 1.0790e-01     0.0928    97.7071     6.5041     6.8140    34.6215    34.6218    27.5316    27.5319    7.36509 0.0000e+00
       9452    214.055     3.5432     3.5428   3.192763   3.190812     2.4360     2.4079      8.058    -0.0029     1.4507 1.0790e-01     0.0928    97.7071     6.5008     6.8178    34.6204    34.5973    27.5304    27.5121    7.36464 0.0000e+00
       9455    214.220     3.5445     3.5440   3.192810   3.192911     2.4369     2.4071      8.058    -0.0029     1.4507 1.0790e-01     0.0921    97.7245     6.5053     6.8182    34.6194    34.6212    27.5295    27.5310    7.36444 0.0000e+00
       9458    214.388     3.5458     3.5457   3.192959   3.193181     2.4373     2.4067      8.058    -0.0029     1.4507 1.0790e-01     0.0917    97.7332     6.5080     6.8189    34.6197    34.6226    27.5296    27.5319    7.36419 0.0000e+00
       9461    214.556     3.5473     3.5486   3.193262   3.193537     2.4373     2.4067      8.058    -0.0029     1.4507 1.0790e-01     0.0917    97.7332     6.5078     6.8236    34.6217    34.6237    27.5311    27.5325    7.36382 0.0000e+00
       9464    214.727     3.5500     3.5515   3.193657   3.193872     2.4373     2.4075      8.058     0.0020     1.4507 1.0790e-01     0.0917    97.7332     6.5067     6.8317    34.6235    34.6244    27.5322    27.5329    7.36324 0.0000e+00
       9467    214.900     3.5532     3.5552   3.194031   3.194277     2.4377     2.4079      8.058    -0.0029     1.4507 1.0790e-01     0.0917    97.7332     6.5082     6.8368    34.6244    34.6254    27.5327    27.5332    7.36260 0.0000e+00
       9470    215.076     3.5562     3.5591   3.194340   3.194633     2.4385     2.4079      8.058    -0.0029     1.4507 1.0790e-01     0.0917    97.7332     6.5115     6.8395    34.6249    34.6253    27.5327    27.5328    7.36203 0.0000e+00
       9473    215.251     3.5592     3.5607   3.194610   3.194730     2.4377     2.4079      8.058    -0.0029     1.4507 1.0790e-01     0.0917    97.7332     6.5102     6.8437    34.6249    34.6248    27.5324    27.5322    7.36149 0.0000e+00
       9476    215.431     3.5613     3.5612   3.194703   3.194799     2.4385     2.4079      8.058    -0.0029     1.4507 1.0790e-01     0.0910    97.7506     6.5130     6.8499    34.6237    34.6249    27.5312    27.5323    7.36116 0.0000e+00
       9479    215.613     3.5623     3.5624   3.194753   3.194994     2.4389     2.4083      8.058    -0.0029     1.4507 1.0790e-01     0.0906    97.7593     6.5134     6.8565    34.6231    34.6259    27.5307    27.5329    7.36101 0.0000e+00
       9482    215.796     3.5639     3.5649   3.195078   3.195290     2.4393     2.4083      8.058     0.0020     1.4507 1.0790e-01     0.0906    97.7593     6.5144     6.8574    34.6252    34.6267    27.5322    27.5333    7.36061 0.0000e+00
       9485    215.981     3.5663     3.5663   3.195320   3.195369     2.4385     2.4092      8.058    -0.0029     1.4507 1.0790e-01     0.0906    97.7593     6.5124     6.8619    34.6255    34.6260    27.5322    27.5326    7.36017 0.0000e+00
       9488    216.161     3.5679     3.5670   3.195406   3.195468     2.4401     2.4092      8.058    -0.0029     1.4507 1.0790e-01     0.0906    97.7593     6.5199     6.8622    34.6247    34.6265    27.5314    27.5329    7.35992 0.0000e+00
       9491    216.338     3.5691     3.5679   3.195550   3.195609     2.4397     2.4092      8.058    -0.0029     1.4507 1.0790e-01     0.0906    97.7593     6.5173     6.8635    34.6250    34.6270    27.5316    27.5332    7.35968 0.0000e+00
       9494    216.513     3.5709     3.5699   3.195839   3.195952     2.4397     2.4092      8.060    -0.0029     1.4507 1.0790e-01     0.0910    97.7506     6.5162     6.8636    34.6265    34.6289    27.5325    27.5346    7.35927 0.0000e+00
       9497    216.687     3.5740     3.5746   3.196393   3.196364     2.4405     2.4100      8.058    -0.0029     1.4507 1.0790e-01     0.0906    97.7593     6.5190     6.8660    34.6298    34.6288    27.5349    27.5340    7.35855 0.0000e+00
       9500    216.861     3.5776     3.5770   3.196685   3.196726     2.4405     2.4112      8.058    -0.0029     1.4507 1.0790e-01     0.0906    97.7593     6.5176     6.8708    34.6293    34.6305    27.5341    27.5351    7.35791 0.0000e+00
       9503    217.035     3.5796     3.5906   3.196714   3.198828     2.4401     2.4104      8.058    -0.0029     1.4507 1.0790e-01     0.0906    97.7593     6.5172     6.8648    34.6275    34.6411    27.5325    27.5423    7.35763 0.0000e+00
       9506    217.208     3.5838     3.6115   3.197803   3.200844     2.4409     2.4112      8.058    -0.0029     1.4507 1.0790e-01     0.0906    97.7593     6.5188     6.8623    34.6360    34.6431    27.5388    27.5417    7.35645 0.0000e+00
       9509    217.371     3.5928     3.6235   3.199359   3.201635     2.4422     2.4116      8.058    -0.0078     1.4507 1.0790e-01     0.0903    97.7680     6.5215     6.8603    34.6450    34.6397    27.5452    27.5379    7.35437 0.0000e+00
       9512    217.529     3.6057     3.6314   3.200927   3.202569     2.4426     2.4116      8.058    -0.0029     1.4507 1.0790e-01     0.0903    97.7680     6.5196     6.8573    34.6501    34.6424    27.5479    27.5392    7.35178 0.0000e+00
       9515    217.681     3.6157     3.6443   3.201385   3.203902     2.4409     2.4116      8.060    -0.0029     1.4507 1.0790e-01     0.0892    97.7941     6.5128     6.8530    34.6448    34.6446    27.5427    27.5397    7.35020 0.0000e+00
       9518    217.827     3.6211     3.6515   3.201365   3.204268     2.4413     2.4116      8.061     0.0020     1.4507 1.0790e-01     0.0864    97.8636     6.5135     6.8485    34.6388    34.6413    27.5374    27.5363    7.34953 0.0000e+00
       9521    217.964     3.6241     3.6519   3.201462   3.204279     2.4430     2.4124      8.061    -0.0029     1.4507 1.0790e-01     0.0864    97.8636     6.5172     6.8498    34.6367    34.6409    27.5354    27.5360    7.34909 0.0000e+00
       9524    218.096     3.6253     3.6520   3.201318   3.204249     2.4422     2.4128      8.061    -0.0029     1.4507 1.0790e-01     0.0864    97.8636     6.5132     6.8509    34.6336    34.6404    27.5328    27.5356    7.34901 0.0000e+00
       9527    218.219     3.6250     3.6514   3.201127   3.204189     2.4434     2.4128      8.063    -0.0029     1.4507 1.0790e-01     0.0864    97.8636     6.5154     6.8519    34.6316    34.6403    27.5313    27.5355    7.34917 0.0000e+00
       9530    218.335     3.6247     3.6529   3.201306   3.204594     2.4430     2.4128      8.063    -0.0029     1.4507 1.0790e-01     0.0864    97.8636     6.5124     6.8496    34.6339    34.6434    27.5331    27.5379    7.34910 0.0000e+00
       9533    218.443     3.6258     3.6586   3.201542   3.205162     2.4434     2.4128      8.063     0.0020     1.4507 1.0790e-01     0.0864    97.8636     6.5133     6.8482    34.6355    34.6441    27.5343    27.5379    7.34882 0.0000e+00
       9536    218.544     3.6281     3.6592   3.201907   3.205103     2.4434     2.4128      8.063    -0.0029     1.4507 1.0790e-01     0.0846    97.9070     6.5143     6.8474    34.6374    34.6428    27.5356    27.5367    7.34831 0.0000e+00
       9539    218.639     3.6235     3.6604   3.200096   3.205464     2.4434     2.4132      8.063    -0.0078     1.4112 1.0790e-01     0.0836    97.9331     6.5158     6.8468    34.6205    34.6457    27.5226    27.5390    7.34997 0.0000e+00
       9542    218.728     3.6245     3.6652   3.201370   3.206091     2.4442     2.4132      8.061    -0.0029     1.3323 1.0790e-01     0.0839    97.9244     6.5151     6.8432    34.6347    34.6481    27.5338    27.5404    7.34910 0.0000e+00
       9545    218.808     3.6323     3.6629   3.202135   3.205056     2.4434     2.4141      8.063    -0.0029     1.3323 1.0790e-01     0.0839    97.9244     6.5085     6.8441    34.6356    34.6381    27.5337    27.5327    7.34764 0.0000e+00
       9548    218.883     3.6378     3.6517   3.202343   3.203855     2.4434     2.4141      8.063    -0.0029     1.3323 1.0790e-01     0.0832    97.9418     6.5078     6.8452    34.6322    34.6355    27.5305    27.5317    7.34681 0.0000e+00
       9551    218.953     3.6370     3.6510   3.201683   3.204997     2.4434     2.4141      8.063    -0.0029     1.3323 1.0790e-01     0.0843    97.9157     6.5076     6.8435    34.6251    34.6500    27.5249    27.5433    7.34730 0.0000e+00
       9554    219.017     3.6304     3.6799   3.200338   3.208218     2.4442     2.4141      8.063    -0.0029     1.3323 1.0790e-01     0.0843    97.9157     6.5116     6.8363    34.6159    34.6579    27.5182    27.5467    7.34895 0.0000e+00
       9557    219.077     3.6222     3.6949   3.200094   3.208460     2.4450     2.4141      8.063    -0.0029     1.3323 1.0790e-01     0.0825    97.9591     6.5140     6.8309    34.6217    34.6447    27.5236    27.5347    7.35016 0.0000e+00
       9560    219.130     3.6181     3.6929   3.199702   3.208126     2.4442     2.4141      8.063    -0.0029     1.2928 1.0790e-01     0.0821    97.9678     6.5102     6.8290    34.6214    34.6429    27.5238    27.5335    7.35093 0.0000e+00
       9563    219.178     3.6101     3.6953   3.198593   3.208484     2.4446     2.4141      8.063    -0.0029     1.3323 1.0790e-01     0.0821    97.9678     6.5119     6.8260    34.6165    34.6446    27.5207    27.5346    7.35262 0.0000e+00
       9566    219.225     3.6058     3.6912   3.198300   3.208183     2.4438     2.4141      8.063    -0.0029     1.4112 1.0790e-01     0.0821    97.9678     6.5092     6.8240    34.6175    34.6453    27.5220    27.5356    7.35336 0.0000e+00
       9569    219.266     3.6006     3.6879   3.197290   3.208011     2.4442     2.4141      8.063    -0.0029     1.4507 1.0790e-01     0.0821    97.9678     6.5108     6.8204    34.6109    34.6467    27.5172    27.5370    7.35462 0.0000e+00
       9572    219.298     3.5942     3.6876   3.196486   3.208204     2.4446     2.4141      8.063    -0.0029     1.4507 1.0790e-01     0.0821    97.9678     6.5110     6.8174    34.6080    34.6493    27.5155    27.5391    7.35594 0.0000e+00
       9575    219.327     3.5829     3.6912   3.195500   3.208640     2.4446     2.4141      8.063     0.0020     1.4507 1.0790e-01     0.0832    97.9418     6.5115     6.8143    34.6081    34.6507    27.5167    27.5399    7.35798 0.0000e+00
       9578    219.355     3.5753     3.6968   3.195003   3.209118     2.4446     2.4141      8.063    -0.0029     1.4507 1.0790e-01     0.0853    97.8896     6.5108     6.8114    34.6103    34.6504    27.5192    27.5391    7.35927 0.0000e+00
       9581    219.379     3.5701     3.6966   3.195129   3.208732     2.4434     2.4137      8.063    -0.0029     1.4507 1.0790e-01     0.0853    97.8896     6.5071     6.8086    34.6173    34.6461    27.5253    27.5356    7.35987 0.0000e+00
       9647    219.608     3.5604     3.5794   3.194124   3.196599     2.4410     2.4153      8.060    -0.0029     1.4507 1.0790e-01     0.0874    97.8375     6.5076     6.8741    34.6154    34.6250    27.5247    27.5305    7.36174 0.0000e+00
       9650    219.630     3.5587     3.5777   3.193883   3.196580     2.4401     2.4157      8.058    -0.0029     1.4507 1.0790e-01     0.0874    97.8375     6.5078     6.8734    34.6142    34.6265    27.5240    27.5319    7.36209 0.0000e+00
       9653    219.657     3.5573     3.5776   3.193807   3.196471     2.4410     2.4161      8.058    -0.0029     1.4507 1.0790e-01     0.0871    97.8462     6.5116     6.8740    34.6149    34.6253    27.5246    27.5310    7.36233 0.0000e+00
       9656    219.683     3.5552     3.5786   3.193653   3.196718     2.4410     2.4161      8.058    -0.0029     1.4507 1.0790e-01     0.0871    97.8462     6.5127     6.8708    34.6152    34.6271    27.5251    27.5323    7.36269 0.0000e+00
       9659    219.714     3.5537     3.5796   3.193728   3.196577     2.4414     2.4165      8.058    -0.0029     1.4507 1.0790e-01     0.0864    97.8636     6.5157     6.8687    34.6177    34.6244    27.5272    27.5300    7.36284 0.0000e+00
       9662    219.750     3.5530     3.5751   3.194042   3.196203     2.4422     2.4165      8.058    -0.0029     1.4507 1.0790e-01     0.0864    97.8636     6.5210     6.8702    34.6222    34.6247    27.5309    27.5307    7.36276 0.0000e+00
       9665    219.794     3.5553     3.5752   3.194476   3.196298     2.4422     2.4165      8.058    -0.0029     1.4507 1.0790e-01     0.0864    97.8636     6.5212     6.8714    34.6249    34.6257    27.5329    27.5315    7.36220 0.0000e+00
