Datasets/AZMP/COO001/79001086.cnv
* Sea-Bird SBE 9 Data File:
* FileName = C:\CTDDATA\79001086.hex
* Software Version Seasave V 7.26.7.110
* Temperature SN = 5660
* Conductivity SN = 3698
* Number of Bytes Per Scan = 30
* Number of Voltage Words = 4
* Number of Scans Averaged by the Deck Unit = 1
* NMEA baud rate = 9600
** VESSEL/TRIP/SEQ STN:  79001086
** LATITUDE XX XX.XX N:  48 09.93 N
** LONGITUDE XX XX.XX W:  53 44.09 W
** SOUNDING DEPTH (M):  0213
** PROBE TYPE: S1257
** CTD NUMBER: 053
** COMMENTS (14 CHAR): SS-11
** BOTTLES:  0
** LEVELS:
** STICKERS:
** VNET: N
** DO2: N
# nquan = 22
# nvalues = 6404                        
# units = specified
# name 0 = scan: Scan Count
# name 1 = prDM: Pressure, Digiquartz [db]
# name 2 = t090C: Temperature [ITS-90, deg C]
# name 3 = t190C: Temperature, 2 [ITS-90, deg C]
# name 4 = c0S/m: Conductivity [S/m]
# name 5 = c1S/m: Conductivity, 2 [S/m]
# name 6 = sbeox0V: Oxygen raw, SBE 43 [V]
# name 7 = sbeox1V: Oxygen raw, SBE 43, 2 [V]
# name 8 = ph: pH
# name 9 = flECO-AFL: Fluorescence, WET Labs ECO-AFL/FL [mg/m^3]
# name 10 = wetCDOM: Fluorescence, WET Labs CDOM [mg/m^3]
# name 11 = par/sat/log: PAR/Logarithmic, Satlantic [umol photons/m^2/sec]
# name 12 = CStarAt0: Beam Attenuation, WET Labs C-Star [1/m]
# name 13 = CStarTr0: Beam Transmission, WET Labs C-Star [%]
# name 14 = sbeox0ML/L: Oxygen, SBE 43 [ml/l], WS = 2
# name 15 = sbeox1ML/L: Oxygen, SBE 43, 2 [ml/l], WS = 2
# name 16 = sal00: Salinity, Practical [PSU]
# name 17 = sal11: Salinity, Practical, 2 [PSU]
# name 18 = sigma-t00: Density [sigma-t, kg/m^3 ]
# name 19 = sigma-t11: Density, 2 [sigma-t, kg/m^3 ]
# name 20 = oxsatML/L: Oxygen Saturation, Weiss [ml/l]
# name 21 = flag: flag
# span 0 =        391,      22014       
# span 1 =      2.051,    200.202       
# span 2 =     0.0965,     3.5383       
# span 3 =     0.0951,     3.5440       
# span 4 =   2.750269,   2.935955       
# span 5 =   2.765191,   2.936118       
# span 6 =     2.3599,     2.7386       
# span 7 =     2.3359,     2.7064       
# span 8 =      8.013,      8.179       
# span 9 =     0.0215,     0.6808       
# span 10 =    -0.7601,     3.9379      
# span 11 = 1.0678e-01, 8.5344e-01      
# span 12 =     0.0857,     0.2714      
# span 13 =    93.4405,    97.8809      
# span 14 =     6.7013,     7.5664      
# span 15 =     7.2709,     7.9103      
# span 16 =    31.1331,    32.9796      
# span 17 =    31.1350,    32.9830      
# span 18 =    24.7656,    26.4707      
# span 19 =    24.7669,    26.4735      
# span 20 =    7.52443,    8.13592      
# span 21 = 0.0000e+00, 0.0000e+00      
# interval = scans: 3                   
# start_time = Dec 01 2019 23:24:27 [System UTC, header]
# bad_flag = -9.990e-29
*END*
[from data line 4083]
      14318    145.016     0.4189     0.4965   2.769892   2.773472     2.4795     2.4412      8.061     0.0410     2.1614 1.0790e-01     0.1289    96.8295     7.3024     7.6348    32.6915    32.6558    26.2221    26.1893    8.08252 0.0000e+00
      14321    144.951     0.4211     0.4988   2.770170   2.773538     2.4791     2.4416      8.062     0.0410     2.1614 1.0790e-01     0.1282    96.8469     7.3006     7.6336    32.6929    32.6543    26.2231    26.1879    8.08198 0.0000e+00
      14324    144.886     0.4241     0.5019   2.770185   2.773709     2.4791     2.4424      8.061     0.0410     2.1614 1.0790e-01     0.1282    96.8469     7.2996     7.6355    32.6899    32.6533    26.2205    26.1869    8.08149 0.0000e+00
      14327    144.821     0.4253     0.5049   2.770029   2.773781     2.4795     2.4424      8.061     0.0410     2.1614 1.0790e-01     0.1282    96.8469     7.3014     7.6338    32.6867    32.6512    26.2178    26.1850    8.08143 0.0000e+00
      14330    144.758     0.4244     0.5059   2.769984   2.773808     2.4795     2.4424      8.061     0.0459     2.1614 1.0790e-01     0.1282    96.8469     7.3022     7.6313    32.6870    32.6505    26.2182    26.1844    8.08159 0.0000e+00
      14333    144.697     0.4238     0.5064   2.769997   2.773788     2.4803     2.4424      8.062     0.0410     2.1614 1.0790e-01     0.1282    96.8469     7.3040     7.6292    32.6879    32.6497    26.2189    26.1837    8.08167 0.0000e+00
      14336    144.634     0.4233     0.5064   2.769981   2.773782     2.4811     2.4432      8.061     0.0459     2.1614 1.0790e-01     0.1282    96.8469     7.3072     7.6304    32.6883    32.6496    26.2192    26.1837    8.08176 0.0000e+00
      14339    144.569     0.4240     0.5054   2.770041   2.773749     2.4807     2.4436      8.062     0.0410     2.1614 1.0790e-01     0.1285    96.8382     7.3054     7.6319    32.6883    32.6504    26.2192    26.1844    8.08160 0.0000e+00
      14342    144.507     0.4243     0.5062   2.770085   2.773780     2.4815     2.4436      8.061     0.0459     2.1614 1.0790e-01     0.1282    96.8469     7.3055     7.6303    32.6886    32.6499    26.2195    26.1839    8.08153 0.0000e+00
      14345    144.444     0.4258     0.5066   2.770227   2.773849     2.4815     2.4436      8.061     0.0410     2.1614 1.0790e-01     0.1285    96.8382     7.3061     7.6272    32.6889    32.6505    26.2196    26.1844    8.08119 0.0000e+00
      14348    144.382     0.4316     0.5114   2.770584   2.774090     2.4811     2.4436      8.062     0.0410     2.1614 1.0790e-01     0.1285    96.8382     7.3031     7.6245    32.6875    32.6485    26.2181    26.1825    8.08003 0.0000e+00
      14351    144.317     0.4380     0.5143   2.770914   2.774221     2.4823     2.4440      8.062     0.0410     2.1614 1.0790e-01     0.1285    96.8382     7.3052     7.6247    32.6849    32.6472    26.2158    26.1813    8.07880 0.0000e+00
      14354    144.251     0.4451     0.5156   2.771314   2.774238     2.4815     2.4436      8.064     0.0410     2.0035 1.0790e-01     0.1282    96.8469     7.3010     7.6239    32.6827    32.6461    26.2136    26.1804    8.07741 0.0000e+00
      14357    144.186     0.4528     0.5162   2.771654   2.774361     2.4823     2.4445      8.062     0.0459     1.9245 1.0790e-01     0.1289    96.8295     7.3019     7.6275    32.6790    32.6471    26.2102    26.1811    8.07597 0.0000e+00
      14360    144.123     0.4608     0.5197   2.771994   2.774468     2.4827     2.4449      8.060     0.0410     1.9245 1.0790e-01     0.1271    96.8729     7.3001     7.6291    32.6749    32.6448    26.2065    26.1791    8.07448 0.0000e+00
      14363    144.060     0.4653     0.5214   2.771796   2.774527     2.4819     2.4449      8.063     0.0410     1.9245 1.0790e-01     0.1264    96.8903     7.2966     7.6315    32.6677    32.6438    26.2004    26.1782    8.07392 0.0000e+00
      14366    143.998     0.4606     0.5228   2.771455   2.774564     2.4815     2.4449      8.060     0.0410     1.9245 1.0790e-01     0.1264    96.8903     7.2959     7.6345    32.6682    32.6428    26.2011    26.1774    8.07489 0.0000e+00
      14369    143.936     0.4564     0.5243   2.771255   2.774615     2.4836     2.4449      8.063     0.0410     1.9245 1.0790e-01     0.1264    96.8903     7.3067     7.6362    32.6702    32.6420    26.2029    26.1766    8.07570 0.0000e+00
      14372    143.873     0.4547     0.5243   2.771321   2.774600     2.4831     2.4449      8.060     0.0410     1.9245 1.0790e-01     0.1271    96.8729     7.3054     7.6376    32.6728    32.6418    26.2051    26.1764    8.07590 0.0000e+00
      14375    143.809     0.4565     0.5249   2.771590   2.774636     2.4836     2.4453      8.065     0.0410     1.9245 1.0790e-01     0.1267    96.8816     7.3057     7.6400    32.6745    32.6417    26.2064    26.1762    8.07543 0.0000e+00
      14378    143.746     0.4612     0.5261   2.771976   2.774680     2.4844     2.4461      8.063     0.0410     1.9245 1.0790e-01     0.1267    96.8816     7.3084     7.6448    32.6746    32.6410    26.2062    26.1757    8.07443 0.0000e+00
      14381    143.682     0.4663     0.5259   2.772002   2.774613     2.4840     2.4465      8.062     0.0410     2.0034 1.0790e-01     0.1256    96.9077     7.3050     7.6464    32.6695    32.6404    26.2018    26.1752    8.07361 0.0000e+00
      14384    143.617     0.4681     0.5254   2.771900   2.774617     2.4831     2.4465      8.065     0.0410     2.0429 1.0790e-01     0.1260    96.8990     7.3024     7.6472    32.6664    32.6410    26.1992    26.1757    8.07341 0.0000e+00
      14387    143.551     0.4687     0.5270   2.771943   2.774691     2.4840     2.4469      8.062     0.0410     2.0429 1.0790e-01     0.1260    96.8990     7.3061     7.6490    32.6663    32.6403    26.1991    26.1750    8.07328 0.0000e+00
      14390    143.487     0.4694     0.5265   2.771982   2.774615     2.4844     2.4473      8.063     0.0410     2.0429 1.0790e-01     0.1260    96.8990     7.3060     7.6528    32.6661    32.6399    26.1989    26.1748    8.07313 0.0000e+00
      14393    143.423     0.4689     0.5264   2.771769   2.774628     2.4856     2.4473      8.065     0.0410     2.0429 1.0790e-01     0.1256    96.9077     7.3092     7.6519    32.6639    32.6402    26.1972    26.1751    8.07337 0.0000e+00
      14396    143.358     0.4661     0.5279   2.771863   2.774762     2.4844     2.4477      8.063     0.0459     2.0429 1.0790e-01     0.1260    96.8990     7.3073     7.6516    32.6681    32.6404    26.2007    26.1751    8.07373 0.0000e+00
      14399    143.292     0.4677     0.5295   2.771941   2.774832     2.4852     2.4481      8.063     0.0654     2.0429 1.0790e-01     0.1264    96.8903     7.3087     7.6493    32.6674    32.6396    26.2001    26.1744    8.07342 0.0000e+00
      14402    143.227     0.4692     0.5287   2.771940   2.774756     2.4852     2.4485      8.065     0.0703     2.0429 1.0790e-01     0.1271    96.8729     7.3103     7.6483    32.6660    32.6395    26.1988    26.1743    8.07320 0.0000e+00
      14405    143.165     0.4713     0.5286   2.772185   2.774889     2.4852     2.4485      8.063     0.0703     2.0429 1.0790e-01     0.1271    96.8729     7.3133     7.6484    32.6669    32.6415    26.1994    26.1759    8.07268 0.0000e+00
      14408    143.100     0.4736     0.5380   2.772271   2.775396     2.4860     2.4485      8.065     0.0703     2.0429 1.0790e-01     0.1271    96.8729     7.3158     7.6475    32.6656    32.6381    26.1984    26.1727    8.07228 0.0000e+00
      14411    143.035     0.4776     0.5437   2.772451   2.775432     2.4856     2.4489      8.065     0.0703     2.0429 1.0790e-01     0.1271    96.8729     7.3116     7.6482    32.6638    32.6326    26.1966    26.1680    8.07152 0.0000e+00
      14414    142.970     0.4808     0.5467   2.772367   2.775413     2.4868     2.4497      8.065     0.0703     2.0429 1.0790e-01     0.1271    96.8729     7.3151     7.6513    32.6593    32.6292    26.1929    26.1651    8.07108 0.0000e+00
      14417    142.903     0.4826     0.5508   2.772530   2.775585     2.4864     2.4493      8.065     0.0752     2.0429 1.0790e-01     0.1271    96.8729     7.3145     7.6487    32.6596    32.6272    26.1930    26.1632    8.07069 0.0000e+00
      14420    142.838     0.4872     0.5574   2.772820   2.775658     2.4872     2.4497      8.065     0.0654     2.0429 1.0790e-01     0.1267    96.8816     7.3169     7.6502    32.6585    32.6212    26.1919    26.1580    8.06976 0.0000e+00
      14423    142.772     0.4905     0.5594   2.772874   2.775304     2.4864     2.4497      8.065     0.0654     2.0429 1.0790e-01     0.1260    96.8990     7.3121     7.6506    32.6557    32.6145    26.1895    26.1526    8.06920 0.0000e+00
      14426    142.710     0.4925     0.5581   2.772932   2.774943     2.4880     2.4497      8.062     0.0459     2.0429 1.0790e-01     0.1260    96.8990     7.3182     7.6512    32.6545    32.6112    26.1883    26.1500    8.06885 0.0000e+00
      14429    142.648     0.4929     0.5571   2.772981   2.774903     2.4888     2.4510      8.065     0.0557     2.0429 1.0790e-01     0.1260    96.8990     7.3214     7.6577    32.6547    32.6118    26.1885    26.1505    8.06876 0.0000e+00
      14432    142.582     0.4940     0.5573   2.773061   2.775025     2.4876     2.4510      8.065     0.0508     2.0429 1.0790e-01     0.1264    96.8903     7.3163     7.6564    32.6546    32.6132    26.1883    26.1516    8.06853 0.0000e+00
      14435    142.518     0.4961     0.5578   2.773136   2.775110     2.4876     2.4510      8.065     0.0557     2.0429 1.0790e-01     0.1260    96.8990     7.3162     7.6557    32.6534    32.6138    26.1873    26.1521    8.06814 0.0000e+00
      14438    142.455     0.4984     0.5560   2.773256   2.775186     2.4888     2.4514      8.065     0.0508     2.0429 1.0790e-01     0.1264    96.8903     7.3196     7.6581    32.6526    32.6167    26.1865    26.1545    8.06771 0.0000e+00
      14441    142.391     0.5001     0.5546   2.773279   2.775052     2.4884     2.4518      8.065     0.0557     2.0429 1.0790e-01     0.1278    96.8556     7.3183     7.6595    32.6511    32.6165    26.1852    26.1544    8.06742 0.0000e+00
      14444    142.326     0.4994     0.5545   2.773216   2.774993     2.4888     2.4522      8.065     0.0508     2.0429 1.0790e-01     0.1282    96.8469     7.3201     7.6598    32.6511    32.6158    26.1852    26.1539    8.06758 0.0000e+00
      14447    142.260     0.4982     0.5552   2.773150   2.774992     2.4888     2.4522      8.065     0.0557     2.0429 1.0790e-01     0.1282    96.8469     7.3210     7.6602    32.6515    32.6152    26.1856    26.1533    8.06780 0.0000e+00
      14450    142.195     0.4974     0.5560   2.773097   2.775013     2.4901     2.4522      8.065     0.0459     2.0429 1.0790e-01     0.1282    96.8469     7.3238     7.6590    32.6517    32.6146    26.1858    26.1528    8.06796 0.0000e+00
      14453    142.128     0.4967     0.5559   2.772989   2.774951     2.4901     2.4530      8.065     0.0410     2.0429 1.0790e-01     0.1282    96.8469     7.3229     7.6605    32.6510    32.6139    26.1853    26.1523    8.06814 0.0000e+00
      14456    142.062     0.4957     0.5536   2.772989   2.774435     2.4901     2.4526      8.065     0.0410     2.0429 1.0790e-01     0.1282    96.8469     7.3218     7.6609    32.6521    32.6097    26.1863    26.1490    8.06829 0.0000e+00
      14459    141.995     0.4967     0.5524   2.773184   2.774175     2.4905     2.4534      8.065     0.0410     2.0429 1.0790e-01     0.1278    96.8556     7.3215     7.6668    32.6537    32.6077    26.1874    26.1474    8.06800 0.0000e+00
      14462    141.929     0.4981     0.5532   2.773220   2.774393     2.4905     2.4534      8.065     0.0361     2.0429 1.0790e-01     0.1264    96.8903     7.3207     7.6677    32.6527    32.6097    26.1866    26.1490    8.06775 0.0000e+00
      14465    141.864     0.4996     0.5534   2.773319   2.774521     2.4909     2.4534      8.065     0.0410     2.0429 1.0790e-01     0.1260    96.8990     7.3223     7.6668    32.6525    32.6112    26.1863    26.1502    8.06746 0.0000e+00
      14468    141.800     0.4994     0.5556   2.773405   2.774627     2.4917     2.4538      8.065     0.0410     2.0429 1.0790e-01     0.1260    96.8990     7.3239     7.6708    32.6538    32.6103    26.1874    26.1494    8.06742 0.0000e+00
      14471    141.736     0.5028     0.5567   2.773593   2.774555     2.4917     2.4546      8.065     0.0410     2.0429 1.0790e-01     0.1260    96.8990     7.3205     7.6765    32.6527    32.6082    26.1863    26.1477    8.06675 0.0000e+00
      14474    141.673     0.5059     0.5558   2.773683   2.774542     2.4909     2.4546      8.065     0.0410     2.0429 1.0790e-01     0.1264    96.8903     7.3157     7.6749    32.6506    32.6090    26.1845    26.1483    8.06621 0.0000e+00
      14477    141.610     0.5087     0.5542   2.773628   2.774335     2.4905     2.4546      8.065     0.0410     2.0429 1.0790e-01     0.1260    96.8990     7.3151     7.6746    32.6470    32.6081    26.1815    26.1477    8.06582 0.0000e+00
      14480    141.546     0.5107     0.5535   2.773671   2.774250     2.4909     2.4555      8.065     0.0410     2.0429 1.0790e-01     0.1260    96.8990     7.3159     7.6769    32.6455    32.6078    26.1801    26.1475    8.06548 0.0000e+00
      14483    141.479     0.5166     0.5530   2.773930   2.774166     2.4921     2.4559      8.065     0.0410     2.0429 1.0802e-01     0.1249    96.9251     7.3182     7.6779    32.6426    32.6072    26.1775    26.1470    8.06437 0.0000e+00
      14486    141.411     0.5215     0.5523   2.773995   2.774038     2.4921     2.4559      8.065     0.0410     2.1614 1.0815e-01     0.1249    96.9251     7.3183     7.6755    32.6383    32.6064    26.1738    26.1464    8.06356 0.0000e+00
      14489    141.347     0.5227     0.5517   2.773933   2.773556     2.4929     2.4559      8.065     0.0410     2.1614 1.0827e-01     0.1249    96.9251     7.3213     7.6744    32.6363    32.6007    26.1721    26.1419    8.06343 0.0000e+00
      14492    141.283     0.5207     0.5512   2.773845   2.773536     2.4921     2.4571      8.065     0.0410     2.1614 1.0815e-01     0.1249    96.9251     7.3178     7.6770    32.6373    32.6011    26.1730    26.1422    8.06379 0.0000e+00
      14495    141.218     0.5211     0.5510   2.773807   2.773466     2.4921     2.4571      8.065     0.0459     2.1614 1.0790e-01     0.1249    96.9251     7.3184     7.6758    32.6364    32.6004    26.1722    26.1417    8.06375 0.0000e+00
      14498    141.153     0.5207     0.5512   2.773853   2.773397     2.4925     2.4563      8.065     0.0410     2.1614 1.0815e-01     0.1249    96.9251     7.3219     7.6712    32.6374    32.5994    26.1731    26.1408    8.06378 0.0000e+00
      14501    141.089     0.5229     0.5516   2.774067   2.773450     2.4937     2.4571      8.065     0.0459     2.1614 1.0802e-01     0.1267    96.8816     7.3240     7.6710    32.6380    32.5997    26.1734    26.1411    8.06329 0.0000e+00
      14504    141.027     0.5290     0.5518   2.774231   2.773521     2.4925     2.4571      8.065     0.0410     2.1614 1.0802e-01     0.1278    96.8556     7.3162     7.6681    32.6336    32.6004    26.1696    26.1416    8.06222 0.0000e+00
      14507    140.964     0.5330     0.5517   2.774209   2.773461     2.4933     2.4575      8.065     0.0508     2.1614 1.0802e-01     0.1282    96.8469     7.3165     7.6706    32.6292    32.5998    26.1658    26.1411    8.06162 0.0000e+00
      14510    140.900     0.5357     0.5510   2.774204   2.773257     2.4937     2.4571      8.065     0.0410     2.0824 1.0815e-01     0.1278    96.8556     7.3181     7.6698    32.6264    32.5979    26.1634    26.1396    8.06121 0.0000e+00
