Datasets/AZMP/COO001/79001114.cnv
* Sea-Bird SBE 9 Data File:
* FileName = C:\CTDDATA\79001114.hex
* Software Version Seasave V 7.26.7.110
* Temperature SN = 5660
* Conductivity SN = 3698
* Number of Bytes Per Scan = 30
* Number of Voltage Words = 4
* Number of Scans Averaged by the Deck Unit = 1
* NMEA baud rate = 9600
** VESSEL/TRIP/SEQ STN:  79001114
** LATITUDE XX XX.XX N:  47 00.00 N
** LONGITUDE XX XX.XX W:  47 30.00 W
** SOUNDING DEPTH (M):  0221
** PROBE TYPE: S1257
** CTD NUMBER: 74
** COMMENTS (14 CHAR): FC-14
** BOTTLES:  12
** LEVELS: 5,5,10,20,20,30,40,50,75,100,150,BTM
** STICKERS: 435533 - 435544
** VNET: Y
** DO2: Y
# nquan = 22
# nvalues = 5209                        
# units = specified
# name 0 = scan: Scan Count
# name 1 = prDM: Pressure, Digiquartz [db]
# name 2 = t090C: Temperature [ITS-90, deg C]
# name 3 = t190C: Temperature, 2 [ITS-90, deg C]
# name 4 = c0S/m: Conductivity [S/m]
# name 5 = c1S/m: Conductivity, 2 [S/m]
# name 6 = sbeox0V: Oxygen raw, SBE 43 [V]
# name 7 = sbeox1V: Oxygen raw, SBE 43, 2 [V]
# name 8 = ph: pH
# name 9 = flECO-AFL: Fluorescence, WET Labs ECO-AFL/FL [mg/m^3]
# name 10 = wetCDOM: Fluorescence, WET Labs CDOM [mg/m^3]
# name 11 = par/sat/log: PAR/Logarithmic, Satlantic [umol photons/m^2/sec]
# name 12 = CStarAt0: Beam Attenuation, WET Labs C-Star [1/m]
# name 13 = CStarTr0: Beam Transmission, WET Labs C-Star [%]
# name 14 = sbeox0ML/L: Oxygen, SBE 43 [ml/l], WS = 2
# name 15 = sbeox1ML/L: Oxygen, SBE 43, 2 [ml/l], WS = 2
# name 16 = sal00: Salinity, Practical [PSU]
# name 17 = sal11: Salinity, Practical, 2 [PSU]
# name 18 = sigma-t00: Density [sigma-t, kg/m^3 ]
# name 19 = sigma-t11: Density, 2 [sigma-t, kg/m^3 ]
# name 20 = oxsatML/L: Oxygen Saturation, Weiss [ml/l]
# name 21 = flag: flag
# span 0 =        101,      50690       
# span 1 =      1.307,    211.723       
# span 2 =     0.9911,     3.7436       
# span 3 =     0.9917,     3.7437       
# span 4 =   2.856254,   3.138203       
# span 5 =   2.856122,   3.138355       
# span 6 =     2.3675,     2.7819       
# span 7 =     2.3384,     2.7473       
# span 8 =      8.031,      8.141       
# span 9 =    -0.0078,     1.4183       
# span 10 =    -1.7471,     1.9245      
# span 11 = 1.0790e-01, 9.6814e+01      
# span 12 =     0.0574,     0.2366      
# span 13 =    94.2573,    98.5761      
# span 14 =     6.5482,     7.7402      
# span 15 =     6.8502,     8.1756      
# span 16 =    32.7587,    34.2245      
# span 17 =    32.7677,    34.2236      
# span 18 =    26.1301,    27.3581      
# span 19 =    26.1350,    27.3526      
# span 20 =    7.36681,    7.93020      
# span 21 = 0.0000e+00, 0.0000e+00      
# interval = scans: 3                   
# start_time = Dec 06 2019 18:20:40 [System UTC, header]
# bad_flag = -9.990e-29
*END*
[from data line 1712]
       7928    148.858     1.8252     1.7989   3.003562   3.000521     2.4082     2.3687      8.041     0.0117     1.5692 1.0790e-01     0.1113    97.2553     6.6648     6.8967    34.1727    34.1629    27.3222    27.3164    7.71399 0.0000e+00
       7931    148.899     1.8257     1.7959   3.003674   3.000175     2.4078     2.3675      8.041     0.0117     1.5692 1.0790e-01     0.1120    97.2379     6.6592     6.8939    34.1736    34.1617    27.3229    27.3156    7.71385 0.0000e+00
       7934    148.948     1.8265     1.7946   3.003787   3.000132     2.4078     2.3675      8.039     0.0117     1.5692 1.0790e-01     0.1120    97.2379     6.6556     6.8967    34.1741    34.1626    27.3232    27.3164    7.71366 0.0000e+00
       7937    149.003     1.8271     1.7951   3.003831   3.000310     2.4082     2.3663      8.039     0.0117     1.5692 1.0790e-01     0.1120    97.2379     6.6522     6.8955    34.1739    34.1643    27.3231    27.3178    7.71355 0.0000e+00
       7940    149.062     1.8273     1.8004   3.003840   3.001194     2.4074     2.3659      8.038     0.0166     1.5692 1.0790e-01     0.1117    97.2466     6.6461     6.8950    34.1738    34.1696    27.3230    27.3216    7.71352 0.0000e+00
       7943    149.127     1.8277     1.8102   3.003917   3.002480     2.4078     2.3651      8.036     0.0117     1.5692 1.0790e-01     0.1117    97.2466     6.6434     6.8935    34.1743    34.1751    27.3233    27.3253    7.71341 0.0000e+00
       7946    149.200     1.8285     1.8185   3.004017   3.003351     2.4070     2.3651      8.038     0.0166     1.5692 1.0790e-01     0.1117    97.2466     6.6372     6.8957    34.1747    34.1771    27.3236    27.3262    7.71324 0.0000e+00
       7949    149.277     1.8288     1.8230   3.004016   3.003625     2.4054     2.3647      8.036     0.0117     1.5692 1.0790e-01     0.1120    97.2379     6.6292     6.8965    34.1743    34.1757    27.3232    27.3248    7.71319 0.0000e+00
       7952    149.361     1.8292     1.8242   3.004128   3.003751     2.4054     2.3638      8.036    -0.0029     1.5297 1.0790e-01     0.1120    97.2379     6.6276     6.8969    34.1752    34.1759    27.3240    27.3249    7.71307 0.0000e+00
       7955    149.454     1.8304     1.8255   3.004309   3.003919     2.4054     2.3638      8.036    -0.0029     1.5297 1.0790e-01     0.1120    97.2379     6.6240     6.9015    34.1761    34.1765    27.3246    27.3252    7.71278 0.0000e+00
       7958    149.553     1.8314     1.8272   3.004421   3.004115     2.4050     2.3638      8.036    -0.0029     1.5692 1.0790e-01     0.1120    97.2379     6.6199     6.9040    34.1764    34.1771    27.3248    27.3256    7.71257 0.0000e+00
       7961    149.655     1.8326     1.8285   3.004540   3.004254     2.4042     2.3638      8.036    -0.0029     1.5692 1.0790e-01     0.1120    97.2379     6.6155     6.9072    34.1765    34.1773    27.3248    27.3257    7.71233 0.0000e+00
       7964    149.760     1.8333     1.8299   3.004563   3.004448     2.4038     2.3634      8.036    -0.0029     1.5692 1.0790e-01     0.1120    97.2379     6.6136     6.9084    34.1760    34.1782    27.3243    27.3263    7.71221 0.0000e+00
       7967    149.871     1.8341     1.8322   3.004668   3.004709     2.4029     2.3630      8.036    -0.0029     1.5692 1.0790e-01     0.1120    97.2379     6.6096     6.9061    34.1764    34.1790    27.3245    27.3267    7.71204 0.0000e+00
       7970    149.990     1.8348     1.8339   3.004678   3.004820     2.4029     2.3626      8.036     0.0020     1.5692 1.0790e-01     0.1124    97.2292     6.6118     6.9047    34.1757    34.1785    27.3239    27.3262    7.71194 0.0000e+00
       7973    150.112     1.8351     1.8344   3.004742   3.004854     2.4021     2.3626      8.036    -0.0029     1.5692 1.0790e-01     0.1149    97.1684     6.6080     6.9059    34.1761    34.1782    27.3242    27.3260    7.71185 0.0000e+00
       7976    150.236     1.8354     1.8346   3.004757   3.004868     2.4013     2.3618      8.036     0.0020     1.5692 1.0790e-01     0.1153    97.1597     6.6053     6.9035    34.1759    34.1781    27.3240    27.3259    7.71180 0.0000e+00
       7979    150.364     1.8357     1.8350   3.004794   3.004934     2.4005     2.3622      8.036    -0.0029     1.4902 1.0790e-01     0.1153    97.1597     6.6028     6.9047    34.1759    34.1785    27.3240    27.3262    7.71174 0.0000e+00
       7982    150.493     1.8360     1.8356   3.004792   3.004982     2.4001     2.3614      8.036     0.0020     1.4507 1.0790e-01     0.1153    97.1597     6.6024     6.9028    34.1755    34.1783    27.3237    27.3260    7.71171 0.0000e+00
       7985    150.623     1.8360     1.8357   3.004767   3.004972     2.3997     2.3614      8.036    -0.0029     1.4507 1.0790e-01     0.1153    97.1597     6.6014     6.9051    34.1752    34.1780    27.3235    27.3257    7.71173 0.0000e+00
       7988    150.751     1.8360     1.8357   3.004839   3.004995     2.3993     2.3614      8.036     0.0020     1.4507 1.0790e-01     0.1153    97.1597     6.6015     6.9055    34.1759    34.1783    27.3241    27.3259    7.71168 0.0000e+00
       7991    150.880     1.8365     1.8364   3.004898   3.005095     2.3985     2.3602      8.036    -0.0029     1.4507 1.0790e-01     0.1156    97.1510     6.5994     6.9034    34.1761    34.1787    27.3241    27.3262    7.71157 0.0000e+00
       7994    151.004     1.8371     1.8371   3.005016   3.005182     2.3989     2.3606      8.036     0.0068     1.4507 1.0790e-01     0.1170    97.1162     6.6028     6.9069    34.1769    34.1789    27.3247    27.3263    7.71141 0.0000e+00
       7997    151.127     1.8378     1.8377   3.005145   3.005259     2.3972     2.3606      8.036    -0.0029     1.4507 1.0790e-01     0.1170    97.1162     6.5976     6.9077    34.1776    34.1792    27.3253    27.3265    7.71123 0.0000e+00
       8000    151.246     1.8389     1.8388   3.005324   3.005390     2.3981     2.3602      8.036    -0.0029     1.4507 1.0790e-01     0.1174    97.1075     6.6014     6.9079    34.1787    34.1796    27.3260    27.3268    7.71096 0.0000e+00
       8003    151.360     1.8399     1.8393   3.005300   3.005383     2.3968     2.3602      8.036     0.0068     1.4507 1.0790e-01     0.1174    97.1075     6.5965     6.9092    34.1772    34.1790    27.3248    27.3262    7.71085 0.0000e+00
       8006    151.470     1.8397     1.8387   3.005207   3.005338     2.3964     2.3602      8.036     0.0117     1.4507 1.0790e-01     0.1174    97.1075     6.5954     6.9102    34.1762    34.1789    27.3240    27.3262    7.71093 0.0000e+00
       8009    151.575     1.8400     1.8387   3.005334   3.005318     2.3956     2.3598      8.036     0.0117     1.4507 1.0790e-01     0.1170    97.1162     6.5933     6.9094    34.1775    34.1787    27.3250    27.3260    7.71082 0.0000e+00
       8012    151.675     1.8404     1.8388   3.005302   3.005372     2.3960     2.3590      8.036     0.0117     1.4507 1.0790e-01     0.1178    97.0988     6.5962     6.9055    34.1766    34.1791    27.3242    27.3264    7.71079 0.0000e+00
       8015    151.770     1.8405     1.8392   3.005362   3.005433     2.3952     2.3598      8.036     0.0117     1.4507 1.0790e-01     0.1185    97.0815     6.5920     6.9077    34.1771    34.1794    27.3246    27.3266    7.71073 0.0000e+00
       8018    151.858     1.8408     1.8397   3.005393   3.005502     2.3956     2.3594      8.036     0.0117     1.4507 1.0790e-01     0.1189    97.0728     6.5934     6.9048    34.1771    34.1797    27.3246    27.3268    7.71067 0.0000e+00
       8021    151.942     1.8409     1.8400   3.005419   3.005538     2.3932     2.3590      8.036     0.0117     1.4507 1.0790e-01     0.1189    97.0728     6.5852     6.9027    34.1773    34.1798    27.3248    27.3268    7.71064 0.0000e+00
       8024    152.018     1.8411     1.8404   3.005394   3.005571     2.3944     2.3590      8.036     0.0117     1.4507 1.0790e-01     0.1189    97.0728     6.5910     6.9023    34.1767    34.1797    27.3243    27.3267    7.71063 0.0000e+00
       8027    152.086     1.8413     1.8413   3.005437   3.005703     2.3928     2.3590      8.036     0.0117     1.4507 1.0790e-01     0.1192    97.0641     6.5876     6.9006    34.1770    34.1804    27.3245    27.3272    7.71058 0.0000e+00
       8030    152.151     1.8401     1.8421   3.005049   3.005779     2.3932     2.3586      8.036    -0.0029     1.4507 1.0790e-01     0.1189    97.0728     6.5906     6.8994    34.1734    34.1804    27.3217    27.3271    7.71100 0.0000e+00
       8033    152.210     1.8377     1.8423   3.004796   3.005787     2.3932     2.3581      8.036    -0.0029     1.4507 1.0790e-01     0.1181    97.0902     6.5925     6.8985    34.1728    34.1803    27.3214    27.3271    7.71152 0.0000e+00
       8036    152.267     1.8362     1.8423   3.004739   3.005774     2.3928     2.3577      8.036    -0.0078     1.4507 1.0790e-01     0.1174    97.1075     6.5931     6.8958    34.1737    34.1800    27.3222    27.3268    7.71177 0.0000e+00
       8039    152.316     1.8355     1.8418   3.004750   3.005722     2.3907     2.3577      8.036    -0.0029     1.4507 1.0790e-01     0.1174    97.1075     6.5874     6.8955    34.1745    34.1800    27.3229    27.3268    7.71186 0.0000e+00
       8042    152.365     1.8353     1.8419   3.004776   3.005742     2.3915     2.3577      8.036    -0.0029     1.4507 1.0790e-01     0.1174    97.1075     6.5919     6.8980    34.1751    34.1801    27.3234    27.3269    7.71187 0.0000e+00
       8045    152.412     1.8353     1.8420   3.004825   3.005770     2.3907     2.3577      8.036    -0.0029     1.4507 1.0790e-01     0.1174    97.1075     6.5909     6.8984    34.1756    34.1803    27.3238    27.3271    7.71183 0.0000e+00
       8048    152.453     1.8355     1.8418   3.004846   3.005728     2.3919     2.3569      8.036    -0.0029     1.4507 1.0790e-01     0.1178    97.0988     6.5956     6.8953    34.1757    34.1800    27.3238    27.3268    7.71180 0.0000e+00
       8051    152.488     1.8355     1.8415   3.004837   3.005695     2.3907     2.3569      8.036    -0.0029     1.4507 1.0790e-01     0.1181    97.0902     6.5927     6.8990    34.1755    34.1798    27.3237    27.3267    7.71180 0.0000e+00
       8054    152.525     1.8364     1.8412   3.005069   3.005677     2.3907     2.3569      8.036     0.0020     1.4507 1.0790e-01     0.1174    97.1075     6.5917     6.9027    34.1774    34.1799    27.3252    27.3268    7.71153 0.0000e+00
       8057    152.558     1.8383     1.8412   3.005251   3.005655     2.3907     2.3565      8.036     0.0117     1.4902 1.0790e-01     0.1178    97.0988     6.5930     6.9057    34.1777    34.1796    27.3252    27.3265    7.71114 0.0000e+00
       8060    152.589     1.8385     1.8405   3.005170   3.005590     2.3907     2.3565      8.036     0.0117     1.5692 1.0790e-01     0.1174    97.1075     6.5958     6.9082    34.1764    34.1796    27.3242    27.3266    7.71116 0.0000e+00
       8063    152.620     1.8387     1.8401   3.005181   3.005547     2.3895     2.3565      8.036     0.0166     1.5692 1.0790e-01     0.1178    97.0988     6.5926     6.9102    34.1763    34.1794    27.3241    27.3265    7.71114 0.0000e+00
       8066    152.647     1.8385     1.8390   3.005151   3.005369     2.3895     2.3565      8.036     0.0117     1.5692 1.0790e-01     0.1174    97.1075     6.5918     6.9102    34.1761    34.1784    27.3240    27.3258    7.71118 0.0000e+00
       8069    152.673     1.8388     1.8380   3.005189   3.005296     2.3895     2.3557      8.036     0.0166     1.5692 1.0790e-01     0.1178    97.0988     6.5919     6.9076    34.1763    34.1785    27.3241    27.3259    7.71111 0.0000e+00
       8072    152.700     1.8387     1.8374   3.005172   3.005237     2.3895     2.3561      8.036     0.0166     1.5692 1.0790e-01     0.1185    97.0815     6.5918     6.9095    34.1761    34.1784    27.3240    27.3259    7.71114 0.0000e+00
       8075    152.727     1.8387     1.8371   3.005155   3.005210     2.3887     2.3565      8.036     0.0117     1.5692 1.0790e-01     0.1206    97.0293     6.5911     6.9098    34.1759    34.1783    27.3238    27.3258    7.71115 0.0000e+00
       8078    152.751     1.8385     1.8371   3.005173   3.005194     2.3883     2.3565      8.036     0.0117     1.5692 1.0790e-01     0.1203    97.0380     6.5908     6.9100    34.1763    34.1782    27.3242    27.3257    7.71116 0.0000e+00
       8083    152.785     1.8391     1.8369   3.005254   3.005137     2.3887     2.3565      8.036     0.0117     1.5692 1.0790e-01     0.1206    97.0293     6.5939     6.9090    34.1767    34.1777    27.3244    27.3253    7.71104 0.0000e+00
       8104    152.911     1.8434     1.8353   3.005815   3.004982     2.3879     2.3549      8.036    -0.0029     1.5692 1.0790e-01     0.1203    97.0380     6.5919     6.9023    34.1791    34.1773    27.3260    27.3252    7.71006 0.0000e+00
       8116    152.982     1.8464     1.8347   3.006108   3.004897     2.3871     2.3549      8.036    -0.0078     1.5692 1.0790e-01     0.1210    97.0206     6.5883     6.9037    34.1795    34.1768    27.3261    27.3249    7.70945 0.0000e+00
       8119    153.008     1.8467     1.8344   3.006082   3.004894     2.3871     2.3541      8.036    -0.0029     1.5692 1.0790e-01     0.1210    97.0206     6.5871     6.9002    34.1788    34.1771    27.3255    27.3251    7.70943 0.0000e+00
       8122    153.036     1.8474     1.8343   3.006193   3.004908     2.3879     2.3541      8.036    -0.0078     1.5692 1.0790e-01     0.1206    97.0293     6.5892     6.8991    34.1794    34.1774    27.3260    27.3253    7.70925 0.0000e+00
       8125    153.067     1.8480     1.8343   3.006267   3.004913     2.3867     2.3545      8.036    -0.0029     1.5692 1.0790e-01     0.1206    97.0293     6.5836     6.9027    34.1797    34.1774    27.3261    27.3253    7.70912 0.0000e+00
       8128    153.100     1.8483     1.8342   3.006268   3.004885     2.3871     2.3541      8.036    -0.0029     1.5692 1.0790e-01     0.1206    97.0293     6.5847     6.9038    34.1794    34.1772    27.3259    27.3252    7.70908 0.0000e+00
       8131    153.139     1.8482     1.8346   3.006267   3.005005     2.3858     2.3541      8.036    -0.0029     1.5692 1.0790e-01     0.1217    97.0033     6.5806     6.9054    34.1794    34.1782    27.3259    27.3260    7.70910 0.0000e+00
       8134    153.184     1.8483     1.8360   3.006316   3.005177     2.3867     2.3541      8.036    -0.0029     1.5692 1.0790e-01     0.1217    97.0033     6.5849     6.9080    34.1798    34.1789    27.3263    27.3264    7.70904 0.0000e+00
       8137    153.236     1.8488     1.8377   3.006420   3.005443     2.3858     2.3541      8.036     0.0020     1.6481 1.0790e-01     0.1217    97.0033     6.5812     6.9080    34.1806    34.1803    27.3268    27.3274    7.70890 0.0000e+00
       8140    153.291     1.8495     1.8405   3.006486   3.005713     2.3871     2.3541      8.036     0.0020     1.6876 1.0790e-01     0.1217    97.0033     6.5845     6.9097    34.1806    34.1807    27.3268    27.3275    7.70876 0.0000e+00
       8143    153.352     1.8500     1.8411   3.006520   3.005739     2.3858     2.3533      8.036    -0.0029     1.6876 1.0790e-01     0.1217    97.0033     6.5796     6.9080    34.1805    34.1803    27.3266    27.3272    7.70868 0.0000e+00
       8146    153.424     1.8501     1.8411   3.006529   3.005684     2.3858     2.3537      8.036     0.0020     1.6876 1.0790e-01     0.1213    97.0120     6.5816     6.9098    34.1804    34.1796    27.3266    27.3265    7.70866 0.0000e+00
       8149    153.499     1.8503     1.8411   3.006529   3.005710     2.3846     2.3541      8.036    -0.0029     1.6876 1.0790e-01     0.1213    97.0120     6.5778     6.9116    34.1802    34.1799    27.3264    27.3268    7.70863 0.0000e+00
