Datasets/AZMP/COO001/79001122.cnv
* Sea-Bird SBE 9 Data File:
* FileName = C:\CTDDATA\79001122.hex
* Software Version Seasave V 7.26.7.110
* Temperature SN = 5660
* Conductivity SN = 3698
* Number of Bytes Per Scan = 30
* Number of Voltage Words = 4
* Number of Scans Averaged by the Deck Unit = 1
* NMEA baud rate = 9600
** VESSEL/TRIP/SEQ STN:  79001122
** LATITUDE XX XX.XX N:  47 00.00 N
** LONGITUDE XX XX.XX W:  52 19.30 W
** SOUNDING DEPTH (M):  0129
** PROBE TYPE: S1257
** CTD NUMBER: 082
** COMMENTS (14 CHAR): FC-04
** BOTTLES:  11
** LEVELS: 5,5,10,20,20,30,40,50,75,100,BTM
** STICKERS: 435642 - 435652
** VNET: Y
** DO2: N
# nquan = 22
# nvalues = 3920                        
# units = specified
# name 0 = scan: Scan Count
# name 1 = prDM: Pressure, Digiquartz [db]
# name 2 = t090C: Temperature [ITS-90, deg C]
# name 3 = t190C: Temperature, 2 [ITS-90, deg C]
# name 4 = c0S/m: Conductivity [S/m]
# name 5 = c1S/m: Conductivity, 2 [S/m]
# name 6 = sbeox0V: Oxygen raw, SBE 43 [V]
# name 7 = sbeox1V: Oxygen raw, SBE 43, 2 [V]
# name 8 = ph: pH
# name 9 = flECO-AFL: Fluorescence, WET Labs ECO-AFL/FL [mg/m^3]
# name 10 = wetCDOM: Fluorescence, WET Labs CDOM [mg/m^3]
# name 11 = par/sat/log: PAR/Logarithmic, Satlantic [umol photons/m^2/sec]
# name 12 = CStarAt0: Beam Attenuation, WET Labs C-Star [1/m]
# name 13 = CStarTr0: Beam Transmission, WET Labs C-Star [%]
# name 14 = sbeox0ML/L: Oxygen, SBE 43 [ml/l], WS = 2
# name 15 = sbeox1ML/L: Oxygen, SBE 43, 2 [ml/l], WS = 2
# name 16 = sal00: Salinity, Practical [PSU]
# name 17 = sal11: Salinity, Practical, 2 [PSU]
# name 18 = sigma-t00: Density [sigma-t, kg/m^3 ]
# name 19 = sigma-t11: Density, 2 [sigma-t, kg/m^3 ]
# name 20 = oxsatML/L: Oxygen Saturation, Weiss [ml/l]
# name 21 = flag: flag
# span 0 =         26,      37378       
# span 1 =      0.567,    121.562       
# span 2 =    -1.0610,     3.4784       
# span 3 =    -1.0626,     3.4767       
# span 4 =   2.650408,   2.952353       
# span 5 =   2.650183,   2.952602       
# span 6 =     2.4038,     2.7701       
# span 7 =     2.3765,     2.7456       
# span 8 =      8.050,      8.186       
# span 9 =     0.0068,     0.9641       
# span 10 =    -0.7601,     3.5036      
# span 11 = 1.0790e-01, 1.6232e+02      
# span 12 =     0.0524,     1.7463      
# span 13 =    64.6251,    98.6978      
# span 14 =     6.5372,     7.9719      
# span 15 =     7.5088,     8.5819      
# span 16 =    31.0953,    33.0976      
# span 17 =    31.8952,    33.0953      
# span 18 =    24.7291,    26.6003      
# span 19 =    25.3660,    26.5954      
# span 20 =    7.51121,    8.40669      
# span 21 = 0.0000e+00, 0.0000e+00      
# interval = scans: 3                   
# start_time = Dec 08 2019 16:48:36 [System UTC, header]
# bad_flag = -9.990e-29
*END*
[from data line 2700]
      15692     74.222    -0.9833    -0.9830   2.652306   2.652279     2.5156     2.4875      8.079     0.0557     1.9245 1.0802e-01     0.0567    98.5935     7.6594     8.0406    32.6769    32.6761    26.2700    26.2695    8.39293 0.0000e+00
      15695     74.192    -0.9823    -0.9830   2.652309   2.652326     2.5148     2.4875      8.081     0.0557     1.9245 1.0815e-01     0.0567    98.5935     7.6570     8.0391    32.6758    32.6769    26.2693    26.2701    8.39276 0.0000e+00
      15698     74.168    -0.9815    -0.9819   2.652347   2.652389     2.5148     2.4875      8.081     0.0606     1.9245 1.0916e-01     0.0567    98.5935     7.6579     8.0388    32.6755    32.6766    26.2689    26.2698    8.39260 0.0000e+00
      16896     74.135    -0.9675    -0.8888   2.653071   2.659005     2.5185     2.4888      8.081     0.0410     2.0429 1.1419e-01     0.0556    98.6196     7.6425     7.9985    32.6701    32.6650    26.2641    26.2573    8.38972 0.0000e+00
      16899     74.100    -0.9679    -0.8814   2.653114   2.659442     2.5185     2.4888      8.081     0.0459     2.0429 1.1552e-01     0.0556    98.6196     7.6417     7.9963    32.6711    32.6629    26.2649    26.2553    8.38975 0.0000e+00
      16902     74.073    -0.9675    -0.8790   2.653224   2.659499     2.5193     2.4888      8.081     0.0410     2.0429 1.1770e-01     0.0556    98.6196     7.6428     7.9941    32.6722    32.6610    26.2658    26.2538    8.38960 0.0000e+00
      16905     74.049    -0.9666    -0.8777   2.653335   2.659628     2.5185     2.4888      8.081     0.0410     2.0034 1.2155e-01     0.0556    98.6196     7.6390     7.9927    32.6728    32.6614    26.2662    26.2540    8.38935 0.0000e+00
      17099     74.017    -0.9396    -0.9074   2.655174   2.657408     2.5189     2.4888      8.081     0.0410     2.0429 1.2454e-01     0.0560    98.6109     7.6528     8.0207    32.6684    32.6637    26.2618    26.2569    8.38347 0.0000e+00
      17197     73.960    -0.9262    -0.9179   2.655916   2.657167     2.5193     2.4896      8.081     0.0410     2.0429 1.2520e-01     0.0556    98.6196     7.6594     8.0318    32.6639    32.6718    26.2577    26.2638    8.38067 0.0000e+00
      17200     73.902    -0.9249    -0.9013   2.656208   2.658648     2.5193     2.4900      8.081     0.0410     2.0429 1.2937e-01     0.0556    98.6196     7.6558     8.0259    32.6664    32.6738    26.2597    26.2649    8.38022 0.0000e+00
      17203     73.844    -0.9244    -0.8836   2.655956   2.659745     2.5189     2.4900      8.081     0.0410     2.0429 1.3138e-01     0.0556    98.6196     7.6539     8.0205    32.6625    32.6695    26.2565    26.2608    8.38034 0.0000e+00
      17206     73.790    -0.9253    -0.8716   2.655925   2.660325     2.5193     2.4900      8.081     0.0410     2.0034 1.2765e-01     0.0556    98.6196     7.6551     8.0148    32.6631    32.6644    26.2570    26.2562    8.38051 0.0000e+00
      17209     73.734    -0.9270    -0.8651   2.655654   2.660706     2.5181     2.4900      8.081     0.0410     1.9245 1.3951e-01     0.0556    98.6196     7.6522     8.0117    32.6613    32.6625    26.2556    26.2545    8.38100 0.0000e+00
      17212     73.677    -0.9287    -0.8586   2.655685   2.661149     2.5185     2.4896      8.081     0.0410     1.9245 1.3119e-01     0.0552    98.6283     7.6535     8.0044    32.6636    32.6615    26.2576    26.2534    8.38126 0.0000e+00
      17215     73.621    -0.9285    -0.8540   2.655950   2.661321     2.5181     2.4896      8.081     0.0410     1.9245 1.4085e-01     0.0556    98.6196     7.6512     8.0016    32.6671    32.6588    26.2604    26.2511    8.38102 0.0000e+00
      17218     73.562    -0.9275    -0.8586   2.655887   2.660947     2.5181     2.4892      8.081     0.0410     1.9245 1.3199e-01     0.0545    98.6456     7.6496     7.9964    32.6651    32.6588    26.2587    26.2513    8.38089 0.0000e+00
      17221     73.504    -0.9265    -0.8577   2.656170   2.661182     2.5181     2.4888      8.081     0.0410     1.9245 1.3827e-01     0.0549    98.6369     7.6487     7.9915    32.6680    32.6611    26.2610    26.2531    8.38052 0.0000e+00
      17224     73.450    -0.9227    -0.8534   2.656743   2.661440     2.5177     2.4888      8.080     0.0410     1.9245 1.3880e-01     0.0549    98.6369     7.6465     7.9890    32.6716    32.6599    26.2638    26.2520    8.37944 0.0000e+00
      17227     73.397    -0.9163    -0.8503   2.657197   2.661567     2.5181     2.4888      8.080     0.0410     1.9245 1.4061e-01     0.0549    98.6369     7.6467     7.9866    32.6709    32.6583    26.2630    26.2505    8.37803 0.0000e+00
      17230     73.342    -0.9107    -0.8487   2.657463   2.661667     2.5177     2.4888      8.080     0.0410     1.9245 1.4473e-01     0.0559    98.6109     7.6446     7.9858    32.6683    32.6579    26.2608    26.2502    8.37689 0.0000e+00
      17233     73.286    -0.9080    -0.8516   2.657452   2.661446     2.5181     2.4888      8.080     0.0410     2.0429 1.4668e-01     0.0577    98.5674     7.6459     7.9862    32.6653    32.6582    26.2582    26.2505    8.37645 0.0000e+00
      17236     73.226    -0.9037    -0.8489   2.657940   2.661770     2.5177     2.4888      8.080     0.0410     2.1614 1.4578e-01     0.0574    98.5761     7.6420     7.9850    32.6673    32.6597    26.2597    26.2516    8.37536 0.0000e+00
      17239     73.166    -0.8971    -0.8443   2.658891   2.662038     2.5181     2.4879      8.080     0.0410     2.1614 1.4813e-01     0.0574    98.5761     7.6408     7.9779    32.6731    32.6583    26.2641    26.2503    8.37353 0.0000e+00
      17242     73.108    -0.8874    -0.8407   2.659291   2.662242     2.5173     2.4879      8.080     0.0410     2.1614 1.4034e-01     0.0577    98.5674     7.6344     7.9755    32.6680    32.6572    26.2597    26.2493    8.37163 0.0000e+00
      17245     73.052    -0.8822    -0.8393   2.659282   2.662281     2.5169     2.4888      8.080     0.0410     2.1614 1.4641e-01     0.0577    98.5674     7.6327     7.9770    32.6622    32.6562    26.2548    26.2485    8.37077 0.0000e+00
      17248     72.995    -0.8810    -0.8385   2.659044   2.662328     2.5173     2.4875      8.080     0.0410     2.1614 1.4932e-01     0.0574    98.5761     7.6367     7.9686    32.6577    32.6560    26.2512    26.2483    8.37076 0.0000e+00
      17251     72.940    -0.8808    -0.8365   2.659178   2.662399     2.5169     2.4875      8.080     0.0459     2.1614 1.5263e-01     0.0567    98.5935     7.6358     7.9636    32.6594    32.6549    26.2525    26.2473    8.37063 0.0000e+00
      17254     72.886    -0.8803    -0.8380   2.659254   2.662232     2.5169     2.4875      8.080     0.0410     2.1614 1.4801e-01     0.0552    98.6283     7.6375     7.9628    32.6599    32.6542    26.2528    26.2468    8.37048 0.0000e+00
      17257     72.830    -0.8776    -0.8391   2.659806   2.662207     2.5165     2.4871      8.080     0.0410     2.1614 1.5249e-01     0.0549    98.6369     7.6365     7.9616    32.6645    32.6551    26.2565    26.2476    8.36961 0.0000e+00
      17260     72.773    -0.8744    -0.8391   2.659651   2.662264     2.5169     2.4867      8.080     0.0410     2.0429 1.4951e-01     0.0552    98.6283     7.6388     7.9603    32.6589    32.6559    26.2519    26.2483    8.36920 0.0000e+00
      17263     72.718    -0.8741    -0.8372   2.659669   2.662483     2.5160     2.4863      8.080     0.0410     2.0429 1.5549e-01     0.0549    98.6369     7.6369     7.9598    32.6588    32.6569    26.2518    26.2490    8.36912 0.0000e+00
      17266     72.662    -0.8741    -0.8350   2.659646   2.662558     2.5160     2.4863      8.080     0.0410     2.0429 1.5572e-01     0.0552    98.6283     7.6387     7.9585    32.6586    32.6555    26.2517    26.2478    8.36915 0.0000e+00
      17269     72.611    -0.8738    -0.8354   2.659702   2.662387     2.5169     2.4863      8.080     0.0410     2.0429 1.6505e-01     0.0552    98.6283     7.6426     7.9629    32.6591    32.6537    26.2520    26.2464    8.36905 0.0000e+00
      17272     72.560    -0.8740    -0.8380   2.659539   2.662260     2.5177     2.4855      8.080     0.0410     2.0429 1.6495e-01     0.0574    98.5761     7.6445     7.9655    32.6571    32.6549    26.2504    26.2473    8.36921 0.0000e+00
      17275     72.506    -0.8754    -0.8391   2.659316   2.662257     2.5169     2.4851      8.080     0.0459     2.0429 1.5714e-01     0.0567    98.5935     7.6418     7.9667    32.6557    32.6560    26.2493    26.2483    8.36961 0.0000e+00
      17278     72.454    -0.8767    -0.8360   2.659407   2.662411     2.5173     2.4859      8.080     0.0557     2.0429 1.6045e-01     0.0570    98.5848     7.6419     7.9730    32.6583    32.6548    26.2515    26.2472    8.36976 0.0000e+00
      17281     72.403    -0.8757    -0.8347   2.659696   2.662403     2.5169     2.4851      8.080     0.0606     2.0429 1.6191e-01     0.0574    98.5761     7.6382     7.9739    32.6611    32.6533    26.2537    26.2459    8.36936 0.0000e+00
      17284     72.355    -0.8740    -0.8359   2.659599   2.662165     2.5165     2.4851      8.080     0.0557     2.0429 1.6531e-01     0.0570    98.5848     7.6344     7.9792    32.6581    32.6514    26.2512    26.2445    8.36916 0.0000e+00
      17287     72.310    -0.8749    -0.8387   2.659470   2.662094     2.5169     2.4851      8.080     0.0508     2.0429 1.6840e-01     0.0570    98.5848     7.6329     7.9832    32.6573    32.6535    26.2506    26.2462    8.36940 0.0000e+00
      17290     72.266    -0.8769    -0.8357   2.659203   2.662308     2.5169     2.4851      8.080     0.0557     2.0429 1.7161e-01     0.0570    98.5848     7.6285     7.9879    32.6559    32.6531    26.2495    26.2459    8.36994 0.0000e+00
      17293     72.221    -0.8800    -0.8306   2.658752   2.662544     2.5165     2.4855      8.080     0.0606     2.0429 1.7115e-01     0.0549    98.6369     7.6241     7.9954    32.6532    32.6509    26.2475    26.2438    8.37080 0.0000e+00
      17296     72.175    -0.8825    -0.8322   2.658660   2.662347     2.5165     2.4851      8.080     0.0557     2.0429 1.7314e-01     0.0545    98.6456     7.6231     8.0007    32.6546    32.6499    26.2487    26.2431    8.37127 0.0000e+00
      17299     72.130    -0.8845    -0.8372   2.658123   2.662182     2.5160     2.4851      8.080     0.0557     2.0429 1.7314e-01     0.0545    98.6456     7.6200     8.0043    32.6496    32.6531    26.2447    26.2459    8.37202 0.0000e+00
      17302     72.088    -0.8936    -0.8391   2.657240   2.662193     2.5152     2.4851      8.080     0.0313     2.0429 1.7194e-01     0.0545    98.6456     7.6186     8.0067    32.6476    32.6554    26.2434    26.2478    8.37421 0.0000e+00
      17305     72.051    -0.9041    -0.8340   2.656652   2.662638     2.5160     2.4851      8.080     0.0264     2.0429 1.7555e-01     0.0545    98.6456     7.6251     8.0092    32.6510    32.6559    26.2465    26.2480    8.37639 0.0000e+00
      17308     72.020    -0.9085    -0.8278   2.656620   2.662943     2.5152     2.4855      8.080     0.0264     2.0429 1.7414e-01     0.0545    98.6456     7.6229     8.0102    32.6554    32.6533    26.2502    26.2457    8.37714 0.0000e+00
      17311     71.992    -0.9131    -0.8213   2.656064   2.663343     2.5148     2.4851      8.080     0.0264     2.0824 1.7657e-01     0.0549    98.6369     7.6250     8.0073    32.6528    32.6517    26.2483    26.2442    8.37833 0.0000e+00
      17314     71.964    -0.9199    -0.8169   2.655450   2.663520     2.5144     2.4863      8.080     0.0264     2.1614 1.7678e-01     0.0542    98.6543     7.6268     8.0107    32.6520    32.6493    26.2479    26.2421    8.37994 0.0000e+00
      17317     71.939    -0.9282    -0.8159   2.655162   2.663458     2.5144     2.4863      8.081     0.0264     2.1614 1.8031e-01     0.0545    98.6456     7.6316     8.0101    32.6571    32.6474    26.2522    26.2405    8.38152 0.0000e+00
      17320     71.917    -0.9345    -0.8189   2.654892   2.663179     2.5140     2.4863      8.081     0.0264     2.1614 1.8325e-01     0.0545    98.6456     7.6331     8.0105    32.6603    32.6470    26.2550    26.2403    8.38278 0.0000e+00
      17371     71.727    -0.9052    -0.9137   2.657283   2.657212     2.5140     2.4884      8.083     0.0264     2.0429 1.9018e-01     0.0577    98.5674     7.6521     8.0454    32.6610    32.6693    26.2546    26.2616    8.37608 0.0000e+00
      17374     71.702    -0.9084    -0.9089   2.656795   2.657607     2.5140     2.4888      8.085     0.0264     2.0429 1.8905e-01     0.0560    98.6109     7.6557     8.0468    32.6578    32.6694    26.2522    26.2615    8.37698 0.0000e+00
      17377     71.672    -0.9133    -0.9013   2.656548   2.658197     2.5144     2.4888      8.083     0.0264     2.0429 1.8993e-01     0.0567    98.5935     7.6639     8.0451    32.6599    32.6691    26.2540    26.2611    8.37798 0.0000e+00
      17380     71.636    -0.9158    -0.8898   2.656426   2.659219     2.5148     2.4888      8.085     0.0361     2.0429 1.8909e-01     0.0563    98.6022     7.6706     8.0417    32.6609    32.6705    26.2549    26.2617    8.37849 0.0000e+00
      17383     71.597    -0.9171    -0.8717   2.656771   2.660164     2.5152     2.4888      8.085     0.0410     2.0429 1.9258e-01     0.0567    98.5935     7.6755     8.0367    32.6670    32.6637    26.2599    26.2556    8.37843 0.0000e+00
      17386     71.551    -0.9083    -0.8645   2.658308   2.660597     2.5152     2.4888      8.085     0.0410     2.0429 1.8979e-01     0.0567    98.5935     7.6743     8.0351    32.6782    32.6617    26.2687    26.2538    8.37577 0.0000e+00
      17389     71.503    -0.8957    -0.8581   2.659443   2.660660     2.5156     2.4900      8.085     0.0410     2.0429 1.9258e-01     0.0567    98.5935     7.6759     8.0412    32.6800    32.6556    26.2697    26.2487    8.37282 0.0000e+00
      17392     71.450    -0.8765    -0.8632   2.661759   2.660174     2.5169     2.4892      8.085     0.0410     2.1614 1.9327e-01     0.0570    98.5848     7.6744     8.0429    32.6905    32.6547    26.2775    26.2481    8.36786 0.0000e+00
      17395     71.390    -0.8555    -0.8689   2.661920   2.659606     2.5164     2.4892      8.085     0.0410     2.1614 1.9662e-01     0.0577    98.5674     7.6673     8.0468    32.6699    32.6532    26.2601    26.2471    8.36428 0.0000e+00
      17398     71.326    -0.8449    -0.8749   2.662176   2.659311     2.5169     2.4900      8.085     0.0410     2.1614 1.9639e-01     0.0581    98.5587     7.6660     8.0519    32.6619    32.6557    26.2533    26.2493    8.36234 0.0000e+00
      17401     71.257    -0.8392    -0.8794   2.662452   2.658867     2.5177     2.4900      8.085     0.0410     2.1614 2.0314e-01     0.0577    98.5674     7.6661     8.0536    32.6595    32.6547    26.2511    26.2486    8.36118 0.0000e+00
      17404     71.179    -0.8354    -0.8872   2.662518   2.658331     2.5181     2.4900      8.085     0.0410     2.1614 2.0550e-01     0.0577    98.5674     7.6657     8.0552    32.6563    32.6559    26.2484    26.2499    8.36050 0.0000e+00
      17407     71.095    -0.8368    -0.8980   2.661669   2.657547     2.5181     2.4900      8.085     0.0313     2.1614 2.0288e-01     0.0577    98.5674     7.6655     8.0579    32.6465    32.6571    26.2405    26.2512    8.36139 0.0000e+00
      17410     71.008    -0.8397    -0.9088   2.662222   2.656948     2.5189     2.4908      8.085     0.0313     2.1614 2.0760e-01     0.0581    98.5587     7.6677     8.0622    32.6570    32.6607    26.2492    26.2545    8.36142 0.0000e+00
      17413     70.914    -0.8325    -0.9149   2.663570   2.656634     2.5185     2.4908      8.085     0.0264     2.1614 2.0569e-01     0.0574    98.5761     7.6619     8.0605    32.6675    32.6632    26.2574    26.2568    8.35921 0.0000e+00
