Datasets/AZMP/COO001/79001100.cnv
* Sea-Bird SBE 9 Data File:
* FileName = C:\CTDDATA\79001100.hex
* Software Version Seasave V 7.26.7.110
* Temperature SN = 5660
* Conductivity SN = 3698
* Number of Bytes Per Scan = 30
* Number of Voltage Words = 4
* Number of Scans Averaged by the Deck Unit = 1
* NMEA baud rate = 9600
** VESSEL/TRIP/SEQ STN:  79001100
** LATITUDE XX XX.XX N:  49 41.00 N
** LONGITUDE XX XX.XX W:  50 01.00 W
** SOUNDING DEPTH (M):  0613
** PROBE TYPE: S1257
** CTD NUMBER: 066
** COMMENTS (14 CHAR): BB-11
** BOTTLES:  23
** LEVELS: 5,5,5,5,10,20,20,20,20,30,40,50,50,50,75,100,100,100,100,150,250,500,BTM
** STICKERS: 435396 - 435418
** VNET: Y
** DO2: N
# nquan = 22
# nvalues = 17201                       
# units = specified
# name 0 = scan: Scan Count
# name 1 = prDM: Pressure, Digiquartz [db]
# name 2 = t090C: Temperature [ITS-90, deg C]
# name 3 = t190C: Temperature, 2 [ITS-90, deg C]
# name 4 = c0S/m: Conductivity [S/m]
# name 5 = c1S/m: Conductivity, 2 [S/m]
# name 6 = sbeox0V: Oxygen raw, SBE 43 [V]
# name 7 = sbeox1V: Oxygen raw, SBE 43, 2 [V]
# name 8 = ph: pH
# name 9 = flECO-AFL: Fluorescence, WET Labs ECO-AFL/FL [mg/m^3]
# name 10 = wetCDOM: Fluorescence, WET Labs CDOM [mg/m^3]
# name 11 = par/sat/log: PAR/Logarithmic, Satlantic [umol photons/m^2/sec]
# name 12 = CStarAt0: Beam Attenuation, WET Labs C-Star [1/m]
# name 13 = CStarTr0: Beam Transmission, WET Labs C-Star [%]
# name 14 = sbeox0ML/L: Oxygen, SBE 43 [ml/l], WS = 2
# name 15 = sbeox1ML/L: Oxygen, SBE 43, 2 [ml/l], WS = 2
# name 16 = sal00: Salinity, Practical [PSU]
# name 17 = sal11: Salinity, Practical, 2 [PSU]
# name 18 = sigma-t00: Density [sigma-t, kg/m^3 ]
# name 19 = sigma-t11: Density, 2 [sigma-t, kg/m^3 ]
# name 20 = oxsatML/L: Oxygen Saturation, Weiss [ml/l]
# name 21 = flag: flag
# span 0 =         20,     107852       
# span 1 =      1.741,    602.768       
# span 2 =     2.5884,     4.6371       
# span 3 =     2.5861,     4.6977       
# span 4 =   3.020257,   3.275095       
# span 5 =   3.020405,   3.275018       
# span 6 =     2.3843,     2.7583       
# span 7 =     2.3582,     2.7216       
# span 8 =      8.133,      8.213       
# span 9 =    -0.0176,     0.9055       
# span 10 =     0.7401,     1.6876      
# span 11 = 1.0777e-01, 1.6000e+02      
# span 12 =     0.0450,     0.1221      
# span 13 =    96.9946,    98.8803      
# span 14 =     6.4988,     7.6573      
# span 15 =     6.8201,     8.1021      
# span 16 =    33.6384,    34.8414      
# span 17 =    33.6476,    34.8411      
# span 18 =    26.7791,    27.6557      
# span 19 =    26.8291,    27.6582      
# span 20 =    7.18671,    7.59215      
# span 21 = 0.0000e+00, 0.0000e+00      
# interval = scans: 3                   
# start_time = Dec 03 2019 15:26:43 [System UTC, header]
# bad_flag = -9.990e-29
*END*
[from data line 6058]
      22532    445.443     4.1507     4.1489   3.273254   3.273478     2.4238     2.3965      8.142    -0.0029     1.4507 1.0790e-01     0.0472    98.8281     6.5272     6.8696    34.8115    34.8160    27.6203    27.6241    7.24593 0.0000e+00
      22535    445.492     4.1507     4.1489   3.273272   3.273472     2.4238     2.3961      8.142    -0.0029     1.4507 1.0790e-01     0.0472    98.8281     6.5278     6.8695    34.8117    34.8159    27.6205    27.6241    7.24592 0.0000e+00
      22538    445.546     4.1506     4.1487   3.273289   3.273472     2.4238     2.3965      8.142    -0.0029     1.4507 1.0790e-01     0.0472    98.8281     6.5285     6.8701    34.8119    34.8160    27.6207    27.6242    7.24591 0.0000e+00
      22541    445.606     4.1507     4.1488   3.273264   3.273464     2.4238     2.3965      8.142     0.0020     1.4507 1.0790e-01     0.0472    98.8281     6.5290     6.8708    34.8115    34.8158    27.6204    27.6240    7.24592 0.0000e+00
      22544    445.672     4.1506     4.1488   3.273280   3.273480     2.4238     2.3965      8.142    -0.0029     1.4507 1.0790e-01     0.0479    98.8108     6.5294     6.8712    34.8117    34.8160    27.6206    27.6242    7.24593 0.0000e+00
      22547    445.742     4.1507     4.1488   3.273260   3.273500     2.4238     2.3969      8.142    -0.0029     1.4507 1.0790e-01     0.0517    98.7152     6.5302     6.8709    34.8114    34.8162    27.6203    27.6243    7.24593 0.0000e+00
      22550    445.816     4.1507     4.1488   3.273270   3.273486     2.4238     2.3965      8.140    -0.0029     1.4507 1.0790e-01     0.0588    98.5414     6.5288     6.8709    34.8114    34.8160    27.6203    27.6241    7.24592 0.0000e+00
      22553    445.897     4.1508     4.1488   3.273303   3.273492     2.4242     2.3965      8.142     0.0020     1.4507 1.0790e-01     0.0588    98.5414     6.5300     6.8716    34.8116    34.8160    27.6205    27.6242    7.24588 0.0000e+00
      22556    445.984     4.1506     4.1488   3.273313   3.273510     2.4234     2.3965      8.142    -0.0029     1.4507 1.0790e-01     0.0588    98.5414     6.5270     6.8723    34.8119    34.8162    27.6207    27.6243    7.24591 0.0000e+00
      22559    446.075     4.1508     4.1488   3.273330   3.273504     2.4238     2.3965      8.142    -0.0029     1.4507 1.0790e-01     0.0588    98.5414     6.5293     6.8725    34.8119    34.8160    27.6207    27.6242    7.24588 0.0000e+00
      22562    446.171     4.1504     4.1488   3.273319   3.273540     2.4238     2.3957      8.142    -0.0029     1.4507 1.0790e-01     0.0588    98.5414     6.5296     6.8704    34.8121    34.8165    27.6209    27.6245    7.24594 0.0000e+00
      22565    446.274     4.1503     4.1489   3.273317   3.273515     2.4238     2.3965      8.142    -0.0029     1.4507 1.0790e-01     0.0588    98.5414     6.5292     6.8740    34.8122    34.8160    27.6210    27.6242    7.24596 0.0000e+00
      22568    446.380     4.1503     4.1489   3.273329   3.273528     2.4238     2.3961      8.142    -0.0029     1.4507 1.0790e-01     0.0524    98.6978     6.5301     6.8741    34.8122    34.8161    27.6210    27.6242    7.24595 0.0000e+00
      22571    446.491     4.1502     4.1490   3.273343   3.273553     2.4238     2.3961      8.142     0.0020     1.4507 1.0790e-01     0.0482    98.8021     6.5304     6.8734    34.8125    34.8162    27.6212    27.6243    7.24596 0.0000e+00
      22574    446.606     4.1502     4.1489   3.273343   3.273536     2.4230     2.3969      8.142    -0.0029     1.4507 1.0790e-01     0.0482    98.8021     6.5280     6.8759    34.8125    34.8161    27.6212    27.6242    7.24597 0.0000e+00
      22577    446.724     4.1502     4.1488   3.273347   3.273574     2.4234     2.3961      8.142    -0.0029     1.4507 1.0790e-01     0.0493    98.7760     6.5298     6.8732    34.8124    34.8166    27.6211    27.6246    7.24596 0.0000e+00
      22580    446.847     4.1500     4.1489   3.273383   3.273576     2.4238     2.3969      8.142    -0.0029     1.4507 1.0790e-01     0.0486    98.7934     6.5315     6.8762    34.8129    34.8164    27.6216    27.6245    7.24597 0.0000e+00
      22583    446.974     4.1501     4.1488   3.273373   3.273564     2.4242     2.3965      8.142     0.0020     1.4507 1.0790e-01     0.0489    98.7847     6.5327     6.8736    34.8127    34.8163    27.6214    27.6244    7.24597 0.0000e+00
      22586    447.101     4.1502     4.1487   3.273359   3.273592     2.4238     2.3969      8.142    -0.0029     1.4507 1.0790e-01     0.0486    98.7934     6.5312     6.8725    34.8124    34.8166    27.6211    27.6247    7.24597 0.0000e+00
      22589    447.234     4.1500     4.1487   3.273394   3.273580     2.4234     2.3969      8.142    -0.0029     1.4507 1.0790e-01     0.0482    98.8021     6.5296     6.8696    34.8129    34.8165    27.6215    27.6245    7.24597 0.0000e+00
      22592    447.368     4.1500     4.1486   3.273388   3.273572     2.4242     2.3969      8.142     0.0068     1.4507 1.0790e-01     0.0482    98.8021     6.5315     6.8686    34.8128    34.8164    27.6215    27.6245    7.24599 0.0000e+00
      22595    447.503     4.1498     4.1486   3.273389   3.273600     2.4238     2.3957      8.142    -0.0029     1.4507 1.0790e-01     0.0482    98.8021     6.5308     6.8603    34.8129    34.8167    27.6216    27.6247    7.24601 0.0000e+00
      22598    447.637     4.1498     4.1485   3.273405   3.273593     2.4238     2.3961      8.142    -0.0029     1.4507 1.0790e-01     0.0482    98.8021     6.5303     6.8611    34.8130    34.8166    27.6217    27.6246    7.24601 0.0000e+00
      22601    447.768     4.1499     4.1487   3.273410   3.273606     2.4238     2.3965      8.142    -0.0029     1.4507 1.0790e-01     0.0482    98.8021     6.5279     6.8619    34.8129    34.8164    27.6216    27.6245    7.24599 0.0000e+00
      22604    447.901     4.1497     4.1487   3.273428   3.273604     2.4238     2.3961      8.142    -0.0029     1.4902 1.0790e-01     0.0482    98.8021     6.5281     6.8575    34.8132    34.8164    27.6218    27.6245    7.24601 0.0000e+00
      22607    448.030     4.1497     4.1485   3.273403   3.273608     2.4234     2.3957      8.142    -0.0029     1.5692 1.0790e-01     0.0482    98.8021     6.5277     6.8539    34.8128    34.8166    27.6216    27.6246    7.24602 0.0000e+00
      22610    448.158     4.1497     4.1486   3.273415   3.273620     2.4238     2.3957      8.142     0.0020     1.5692 1.0790e-01     0.0482    98.8021     6.5296     6.8529    34.8130    34.8165    27.6217    27.6246    7.24603 0.0000e+00
      22613    448.281     4.1497     4.1485   3.273430   3.273646     2.4230     2.3957      8.142    -0.0029     1.5692 1.0790e-01     0.0482    98.8021     6.5279     6.8532    34.8131    34.8169    27.6218    27.6249    7.24602 0.0000e+00
      22616    448.396     4.1497     4.1485   3.273426   3.273632     2.4234     2.3957      8.142    -0.0029     1.5692 1.0790e-01     0.0482    98.8021     6.5302     6.8543    34.8130    34.8167    27.6217    27.6247    7.24603 0.0000e+00
      22619    448.505     4.1496     4.1484   3.273418   3.273638     2.4238     2.3953      8.142    -0.0078     1.5692 1.0790e-01     0.0482    98.8021     6.5312     6.8536    34.8129    34.8168    27.6216    27.6248    7.24604 0.0000e+00
      22622    448.608     4.1495     4.1485   3.273428   3.273644     2.4230     2.3957      8.142    -0.0127     1.5692 1.0790e-01     0.0482    98.8021     6.5288     6.8540    34.8130    34.8167    27.6217    27.6247    7.24605 0.0000e+00
      22625    448.703     4.1496     4.1484   3.273434   3.273645     2.4230     2.3953      8.142    -0.0176     1.5692 1.0790e-01     0.0479    98.8108     6.5304     6.8540    34.8130    34.8168    27.6217    27.6248    7.24604 0.0000e+00
      22628    448.791     4.1496     4.1485   3.273445   3.273646     2.4238     2.3945      8.142    -0.0176     1.5692 1.0790e-01     0.0482    98.8021     6.5346     6.8537    34.8131    34.8166    27.6218    27.6247    7.24604 0.0000e+00
      22631    448.867     4.1495     4.1485   3.273432   3.273666     2.4234     2.3945      8.142    -0.0176     1.4902 1.0790e-01     0.0482    98.8021     6.5341     6.8556    34.8130    34.8168    27.6217    27.6248    7.24606 0.0000e+00
      22634    448.933     4.1496     4.1485   3.273449   3.273644     2.4238     2.3945      8.142    -0.0176     1.4507 1.0790e-01     0.0482    98.8021     6.5351     6.8594    34.8130    34.8166    27.6217    27.6246    7.24604 0.0000e+00
      22637    448.987     4.1496     4.1486   3.273451   3.273655     2.4242     2.3945      8.142    -0.0176     1.4507 1.0790e-01     0.0482    98.8021     6.5374     6.8628    34.8131    34.8166    27.6218    27.6246    7.24604 0.0000e+00
      22640    449.033     4.1496     4.1485   3.273455   3.273640     2.4238     2.3945      8.142    -0.0127     1.4507 1.0790e-01     0.0482    98.8021     6.5350     6.8657    34.8131    34.8164    27.6218    27.6245    7.24604 0.0000e+00
      22643    449.068     4.1495     4.1486   3.273455   3.273654     2.4226     2.3945      8.142    -0.0176     1.4507 1.0790e-01     0.0482    98.8021     6.5312     6.8695    34.8131    34.8165    27.6218    27.6246    7.24605 0.0000e+00
      22646    449.098     4.1496     4.1485   3.273463   3.273657     2.4238     2.3945      8.142    -0.0176     1.4507 1.0790e-01     0.0482    98.8021     6.5354     6.8736    34.8132    34.8166    27.6218    27.6246    7.24604 0.0000e+00
      22707    449.125     4.1505     4.1486   3.273447   3.273673     2.4246     2.3957      8.142    -0.0029     1.4507 1.0790e-01     0.0486    98.7934     6.5339     6.8742    34.8120    34.8166    27.6207    27.6247    7.24593 0.0000e+00
      22710    449.167     4.1505     4.1486   3.273453   3.273661     2.4246     2.3957      8.142     0.0020     1.4507 1.0790e-01     0.1017    97.4899     6.5329     6.8746    34.8120    34.8165    27.6208    27.6246    7.24592 0.0000e+00
      22713    449.217     4.1505     4.1487   3.273449   3.273673     2.4238     2.3957      8.142     0.0020     1.4507 1.0790e-01     0.1146    97.1771     6.5297     6.8745    34.8119    34.8165    27.6208    27.6246    7.24593 0.0000e+00
      22716    449.274     4.1505     4.1486   3.273462   3.273661     2.4238     2.3957      8.142    -0.0029     1.4507 1.0790e-01     0.1138    97.1945     6.5276     6.8743    34.8121    34.8164    27.6209    27.6245    7.24593 0.0000e+00
      22719    449.337     4.1503     4.1487   3.273473   3.273687     2.4238     2.3957      8.142    -0.0029     1.4507 1.0790e-01     0.1142    97.1858     6.5284     6.8767    34.8124    34.8167    27.6211    27.6247    7.24594 0.0000e+00
      22722    449.404     4.1503     4.1487   3.273473   3.273701     2.4238     2.3957      8.142    -0.0029     1.4507 1.0790e-01     0.1142    97.1858     6.5269     6.8768    34.8123    34.8168    27.6211    27.6248    7.24595 0.0000e+00
      22725    449.476     4.1501     4.1486   3.273481   3.273685     2.4234     2.3961      8.142    -0.0029     1.4507 1.0790e-01     0.1138    97.1945     6.5248     6.8785    34.8126    34.8166    27.6213    27.6247    7.24597 0.0000e+00
      22728    449.552     4.1502     4.1486   3.273489   3.273694     2.4230     2.3957      8.142    -0.0029     1.4507 1.0790e-01     0.1074    97.3509     6.5220     6.8761    34.8126    34.8167    27.6213    27.6247    7.24596 0.0000e+00
      22731    449.635     4.1503     4.1484   3.273483   3.273679     2.4230     2.3961      8.142    -0.0029     1.4507 1.0790e-01     0.0500    98.7586     6.5214     6.8766    34.8124    34.8167    27.6211    27.6248    7.24595 0.0000e+00
      22734    449.726     4.1504     4.1483   3.273498   3.273693     2.4230     2.3961      8.142    -0.0029     1.4507 1.0790e-01     0.0486    98.7934     6.5219     6.8757    34.8124    34.8169    27.6211    27.6249    7.24593 0.0000e+00
      22737    449.821     4.1504     4.1484   3.273489   3.273705     2.4234     2.3957      8.142     0.0020     1.6481 1.0790e-01     0.0482    98.8021     6.5243     6.8721    34.8122    34.8168    27.6210    27.6248    7.24593 0.0000e+00
      22740    449.918     4.1503     4.1487   3.273494   3.273699     2.4230     2.3961      8.142    -0.0029     1.6876 1.0790e-01     0.0486    98.7934     6.5232     6.8728    34.8124    34.8165    27.6211    27.6246    7.24595 0.0000e+00
      22743    450.023     4.1503     4.1487   3.273518   3.273715     2.4238     2.3969      8.142    -0.0029     1.6876 1.0790e-01     0.0482    98.8021     6.5266     6.8748    34.8125    34.8166    27.6212    27.6246    7.24593 0.0000e+00
      22746    450.134     4.1503     4.1485   3.273506   3.273711     2.4222     2.3957      8.142    -0.0029     1.6876 1.0790e-01     0.0486    98.7934     6.5213     6.8679    34.8124    34.8166    27.6211    27.6247    7.24595 0.0000e+00
      22749    450.244     4.1501     4.1485   3.273528   3.273713     2.4226     2.3957      8.142     0.0020     1.6876 1.0790e-01     0.0493    98.7760     6.5228     6.8674    34.8128    34.8167    27.6215    27.6247    7.24597 0.0000e+00
      22752    450.356     4.1499     4.1484   3.273531   3.273723     2.4226     2.3957      8.142    -0.0029     1.6876 1.0790e-01     0.0482    98.8021     6.5218     6.8653    34.8130    34.8168    27.6217    27.6249    7.24599 0.0000e+00
      22755    450.472     4.1498     4.1484   3.273528   3.273733     2.4222     2.3957      8.140    -0.0029     1.6876 1.0790e-01     0.0482    98.8021     6.5207     6.8631    34.8130    34.8168    27.6217    27.6249    7.24601 0.0000e+00
      22758    450.589     4.1497     4.1484   3.273533   3.273735     2.4222     2.3957      8.142     0.0020     1.6876 1.0790e-01     0.0493    98.7760     6.5208     6.8611    34.8131    34.8169    27.6217    27.6249    7.24602 0.0000e+00
      22761    450.709     4.1496     4.1484   3.273537   3.273757     2.4226     2.3953      8.142    -0.0029     1.6481 1.0790e-01     0.0486    98.7934     6.5232     6.8582    34.8132    34.8170    27.6218    27.6251    7.24604 0.0000e+00
      22764    450.832     4.1495     4.1484   3.273555   3.273747     2.4222     2.3957      8.142    -0.0029     1.4507 1.0790e-01     0.0482    98.8021     6.5234     6.8578    34.8134    34.8168    27.6220    27.6249    7.24604 0.0000e+00
      22767    450.955     4.1495     4.1484   3.273555   3.273735     2.4226     2.3957      8.142     0.0020     1.4507 1.0790e-01     0.0486    98.7934     6.5255     6.8589    34.8133    34.8166    27.6219    27.6247    7.24604 0.0000e+00
      22770    451.079     4.1495     4.1484   3.273557   3.273765     2.4214     2.3949      8.142    -0.0029     1.4507 1.0790e-01     0.0486    98.7934     6.5225     6.8580    34.8133    34.8169    27.6220    27.6249    7.24604 0.0000e+00
      22773    451.205     4.1496     4.1483   3.273586   3.273749     2.4218     2.3953      8.142    -0.0029     1.4507 1.0790e-01     0.0479    98.8108     6.5250     6.8596    34.8135    34.8168    27.6221    27.6248    7.24602 0.0000e+00
      22776    451.331     4.1495     4.1484   3.273564   3.273783     2.4214     2.3949      8.140    -0.0029     1.4507 1.0790e-01     0.0482    98.8021     6.5253     6.8587    34.8132    34.8170    27.6219    27.6250    7.24604 0.0000e+00
      22779    451.455     4.1495     4.1485   3.273568   3.273779     2.4218     2.3945      8.142    -0.0029     1.4507 1.0790e-01     0.0482    98.8021     6.5270     6.8582    34.8133    34.8168    27.6219    27.6248    7.24605 0.0000e+00
      22782    451.580     4.1495     4.1484   3.273586   3.273759     2.4222     2.3945      8.142    -0.0029     1.4507 1.0790e-01     0.0482    98.8021     6.5288     6.8597    34.8134    34.8166    27.6220    27.6247    7.24604 0.0000e+00
