Datasets/AZMP/COO001/79001075.cnv
* Sea-Bird SBE 9 Data File:
* FileName = C:\CTDDATA\79001075.hex
* Software Version Seasave V 7.26.7.110
* Temperature SN = 5660
* Conductivity SN = 3698
* Number of Bytes Per Scan = 30
* Number of Voltage Words = 4
* Number of Scans Averaged by the Deck Unit = 1
* NMEA baud rate = 9600
** VESSEL/TRIP/SEQ STN:  79001075
** LATITUDE XX XX.XX N:  48 13.55 N
** LONGITUDE XX XX.XX W:  53 31.15 W
** SOUNDING DEPTH (M):  0289
** PROBE TYPE: S1257
** CTD NUMBER: 042
** COMMENTS (14 CHAR): SS-03
** BOTTLES:  0
** LEVELS:
** STICKERS:
** VNET: N
** DO2: N
# nquan = 22
# nvalues = 7684                        
# units = specified
# name 0 = scan: Scan Count
# name 1 = prDM: Pressure, Digiquartz [db]
# name 2 = t090C: Temperature [ITS-90, deg C]
# name 3 = t190C: Temperature, 2 [ITS-90, deg C]
# name 4 = c0S/m: Conductivity [S/m]
# name 5 = c1S/m: Conductivity, 2 [S/m]
# name 6 = sbeox0V: Oxygen raw, SBE 43 [V]
# name 7 = sbeox1V: Oxygen raw, SBE 43, 2 [V]
# name 8 = ph: pH
# name 9 = flECO-AFL: Fluorescence, WET Labs ECO-AFL/FL [mg/m^3]
# name 10 = wetCDOM: Fluorescence, WET Labs CDOM [mg/m^3]
# name 11 = par/sat/log: PAR/Logarithmic, Satlantic [umol photons/m^2/sec]
# name 12 = CStarAt0: Beam Attenuation, WET Labs C-Star [1/m]
# name 13 = CStarTr0: Beam Transmission, WET Labs C-Star [%]
# name 14 = sbeox0ML/L: Oxygen, SBE 43 [ml/l], WS = 2
# name 15 = sbeox1ML/L: Oxygen, SBE 43, 2 [ml/l], WS = 2
# name 16 = sal00: Salinity, Practical [PSU]
# name 17 = sal11: Salinity, Practical, 2 [PSU]
# name 18 = sigma-t00: Density [sigma-t, kg/m^3 ]
# name 19 = sigma-t11: Density, 2 [sigma-t, kg/m^3 ]
# name 20 = oxsatML/L: Oxygen Saturation, Weiss [ml/l]
# name 21 = flag: flag
# span 0 =        403,      26016       
# span 1 =      0.772,    280.291       
# span 2 =    -0.1057,     3.5135       
# span 3 =    -0.1089,     3.5132       
# span 4 =   2.727485,   2.934905       
# span 5 =   2.727429,   2.935057       
# span 6 =     2.1593,     2.7613       
# span 7 =     2.1283,     2.7177       
# span 8 =      7.958,      8.174       
# span 9 =     0.0068,     0.7394       
# span 10 =    -1.1549,     2.9904      
# span 11 = 1.0752e-01, 8.2786e+01      
# span 12 =     0.0779,     0.4068      
# span 13 =    90.3295,    98.0721      
# span 14 =     6.1195,     7.7111      
# span 15 =     6.3775,     8.0566      
# span 16 =    31.2369,    33.6494      
# span 17 =    31.2450,    33.6520      
# span 18 =    24.8445,    26.9740      
# span 19 =    24.8515,    26.9759      
# span 20 =    7.51738,    8.17893      
# span 21 = 0.0000e+00, 0.0000e+00      
# interval = scans: 3                   
# start_time = Dec 01 2019 12:34:56 [System UTC, header]
# bad_flag = -9.990e-29
*END*
[from data line 1910]
       6279    115.868     1.7323     1.6862   2.842339   2.840976     2.6142     2.5707      8.116     0.0850     2.1614 1.0790e-01     0.0967    97.6116     7.4251     7.7382    32.2648    32.2949    25.7996    25.8269    7.83258 0.0000e+00
       6282    115.979     1.7109     1.6701   2.840882   2.839740     2.6134     2.5703      8.117     0.0752     2.1614 1.0790e-01     0.0971    97.6029     7.4285     7.7410    32.2684    32.2959    25.8039    25.8288    7.83671 0.0000e+00
       6285    116.091     1.6922     1.6524   2.839963   2.838847     2.6122     2.5699      8.115     0.0703     2.1614 1.0790e-01     0.0971    97.6029     7.4297     7.7437    32.2760    32.3028    25.8113    25.8355    7.84010 0.0000e+00
       6288    116.198     1.6729     1.6348   2.838559   2.837629     2.6126     2.5690      8.116     0.0703     2.1614 1.0790e-01     0.0971    97.6029     7.4363     7.7464    32.2781    32.3055    25.8143    25.8388    7.84389 0.0000e+00
       6291    116.307     1.6531     1.6151   2.837373   2.836168     2.6118     2.5690      8.114     0.0752     2.1614 1.0790e-01     0.0971    97.6029     7.4378     7.7530    32.2834    32.3072    25.8199    25.8416    7.84763 0.0000e+00
       6294    116.417     1.6333     1.5929   2.835930   2.835037     2.6106     2.5686      8.114     0.0703     2.1614 1.0790e-01     0.0967    97.6116     7.4385     7.7583    32.2855    32.3157    25.8229    25.8499    7.85152 0.0000e+00
       6297    116.528     1.6109     1.5838   2.834532   2.834468     2.6102     2.5678      8.114     0.0703     2.1614 1.0790e-01     0.0960    97.6289     7.4437     7.7595    32.2909    32.3179    25.8287    25.8523    7.85579 0.0000e+00
       6300    116.634     1.5932     1.5608   2.833946   2.832900     2.6097     2.5678      8.114     0.0703     2.1614 1.0802e-01     0.0960    97.6289     7.4461     7.7650    32.3016    32.3218    25.8385    25.8569    7.85882 0.0000e+00
       6303    116.736     1.5814     1.5596   2.833636   2.833039     2.6093     2.5670      8.114     0.0703     2.1614 1.0790e-01     0.0960    97.6289     7.4484     7.7640    32.3098    32.3247    25.8459    25.8593    7.86079 0.0000e+00
       6306    116.839     1.5741     1.5371   2.833406   2.831112     2.6089     2.5666      8.114     0.0703     2.1614 1.0790e-01     0.0960    97.6289     7.4495     7.7685    32.3144    32.3235    25.8501    25.8598    7.86203 0.0000e+00
       6309    116.940     1.5658     1.5111   2.832638   2.829792     2.6093     2.5666      8.114     0.0703     2.1614 1.0790e-01     0.0960    97.6289     7.4539     7.7739    32.3132    32.3336    25.8497    25.8697    7.86379 0.0000e+00
       6312    117.039     1.5539     1.4997   2.831750   2.829345     2.6081     2.5658      8.114     0.0703     2.1614 1.0790e-01     0.0960    97.6289     7.4532     7.7729    32.3142    32.3396    25.8512    25.8752    7.86615 0.0000e+00
       6315    117.135     1.5452     1.4998   2.831790   2.829523     2.6081     2.5654      8.114     0.0654     2.1614 1.0790e-01     0.0956    97.6376     7.4570     7.7722    32.3236    32.3417    25.8594    25.8769    7.86743 0.0000e+00
       6318    117.231     1.5440     1.4987   2.831967   2.829257     2.6077     2.5654      8.114     0.0703     2.1614 1.0790e-01     0.0949    97.6550     7.4579     7.7730    32.3270    32.3394    25.8622    25.8752    7.86750 0.0000e+00
       6321    117.325     1.5402     1.4823   2.831097   2.827979     2.6073     2.5654      8.114     0.0752     2.1614 1.0790e-01     0.0953    97.6463     7.4583     7.7766    32.3199    32.3402    25.8567    25.8768    7.86864 0.0000e+00
       6324    117.414     1.5276     1.4669   2.829988   2.827143     2.6061     2.5641      8.114     0.0703     2.1614 1.0790e-01     0.0949    97.6550     7.4565     7.7757    32.3188    32.3454    25.8567    25.8820    7.87126 0.0000e+00
       6327    117.505     1.5147     1.4553   2.829253   2.826468     2.6065     2.5641      8.114     0.0703     2.1614 1.0790e-01     0.0953    97.6463     7.4601     7.7810    32.3227    32.3488    25.8607    25.8855    7.87368 0.0000e+00
       6330    117.592     1.5019     1.4461   2.828246   2.825935     2.6053     2.5637      8.113     0.0703     2.1614 1.0790e-01     0.0949    97.6550     7.4580     7.7821    32.3232    32.3515    25.8619    25.8883    7.87627 0.0000e+00
       6333    117.675     1.4866     1.4399   2.827228   2.825608     2.6057     2.5629      8.112     0.0703     2.1614 1.0790e-01     0.0956    97.6376     7.4616     7.7812    32.3260    32.3537    25.8652    25.8904    7.87924 0.0000e+00
       6336    117.753     1.4733     1.4364   2.826675   2.825415     2.6049     2.5629      8.112     0.0850     2.1614 1.0790e-01     0.0971    97.6029     7.4634     7.7843    32.3327    32.3548    25.8714    25.8915    7.88160 0.0000e+00
       6339    117.835     1.4634     1.4298   2.826243   2.824950     2.6057     2.5629      8.112     0.0996     2.1614 1.0790e-01     0.0978    97.5855     7.4683     7.7867    32.3374    32.3557    25.8759    25.8927    7.88338 0.0000e+00
       6342    117.914     1.4551     1.4244   2.825934   2.824643     2.6049     2.5617      8.112     0.0850     2.1614 1.0790e-01     0.0971    97.6029     7.4684     7.7859    32.3420    32.3574    25.8801    25.8944    7.88482 0.0000e+00
       6345    117.989     1.4507     1.4211   2.825874   2.824470     2.6045     2.5617      8.110     0.0850     2.1614 1.0790e-01     0.0974    97.5942     7.4676     7.7912    32.3457    32.3586    25.8833    25.8956    7.88553 0.0000e+00
       6348    118.061     1.4469     1.4184   2.825646   2.824293     2.6032     2.5617      8.110     0.0850     2.1614 1.0790e-01     0.0974    97.5942     7.4636     7.7951    32.3467    32.3591    25.8844    25.8961    7.88625 0.0000e+00
       6351    118.133     1.4432     1.4147   2.825439   2.824066     2.6036     2.5617      8.110     0.0850     2.1614 1.0790e-01     0.0971    97.6029     7.4664     7.7966    32.3480    32.3599    25.8856    25.8971    7.88695 0.0000e+00
       6354    118.205     1.4396     1.4109   2.825136   2.823807     2.6020     2.5609      8.110     0.0899     2.1614 1.0790e-01     0.0978    97.5855     7.4619     7.7948    32.3478    32.3606    25.8857    25.8979    7.88770 0.0000e+00
       6357    118.276     1.4359     1.4079   2.824948   2.823635     2.6028     2.5609      8.110     0.0850     2.1614 1.0790e-01     0.0981    97.5768     7.4659     7.7933    32.3491    32.3615    25.8870    25.8988    7.88837 0.0000e+00
       6360    118.346     1.4336     1.4056   2.824934   2.823505     2.6024     2.5605      8.110     0.0801     2.1614 1.0790e-01     0.0981    97.5768     7.4645     7.7904    32.3513    32.3621    25.8889    25.8994    7.88873 0.0000e+00
       6363    118.413     1.4316     1.4040   2.824762   2.823414     2.6024     2.5605      8.110     0.0703     1.9640 1.0790e-01     0.0981    97.5768     7.4663     7.7909    32.3512    32.3626    25.8890    25.8999    7.88915 0.0000e+00
       6366    118.478     1.4281     1.4029   2.824399   2.823351     2.6016     2.5605      8.110     0.0703     1.9245 1.0790e-01     0.0981    97.5768     7.4671     7.7894    32.3501    32.3629    25.8883    25.9002    7.88992 0.0000e+00
       6369    118.542     1.4240     1.4015   2.824092   2.823287     2.6008     2.5605      8.110     0.0752     1.9245 1.0790e-01     0.0981    97.5768     7.4673     7.7855    32.3505    32.3635    25.8889    25.9008    7.89074 0.0000e+00
       6372    118.604     1.4184     1.3997   2.823701   2.823127     2.6012     2.5597      8.110     0.0703     1.9245 1.0790e-01     0.0981    97.5768     7.4709     7.7792    32.3513    32.3634    25.8899    25.9008    7.89185 0.0000e+00
       6375    118.672     1.4137     1.3970   2.823462   2.822941     2.6008     2.5593      8.110     0.0703     1.9245 1.0790e-01     0.0992    97.5507     7.4697     7.7752    32.3530    32.3637    25.8916    25.9012    7.89271 0.0000e+00
       6378    118.739     1.4099     1.3947   2.823335   2.822844     2.6008     2.5584      8.110     0.0654     1.9245 1.0790e-01     0.0992    97.5507     7.4709     7.7704    32.3553    32.3648    25.8937    25.9023    7.89337 0.0000e+00
       6381    118.802     1.4071     1.3930   2.823253   2.822727     2.6004     2.5580      8.108     0.0703     1.9245 1.0790e-01     0.0996    97.5420     7.4672     7.7661    32.3572    32.3651    25.8954    25.9026    7.89385 0.0000e+00
       6384    118.865     1.4050     1.3896   2.823163   2.822505     2.5996     2.5580      8.110     0.0703     1.9245 1.0790e-01     0.0996    97.5420     7.4655     7.7627    32.3581    32.3657    25.8963    25.9033    7.89422 0.0000e+00
       6387    118.925     1.4027     1.3859   2.822969   2.822268     2.6000     2.5580      8.110     0.0801     1.9245 1.0790e-01     0.0996    97.5420     7.4680     7.7608    32.3580    32.3665    25.8963    25.9042    7.89470 0.0000e+00
       6390    118.990     1.3994     1.3822   2.822686   2.822068     2.6000     2.5568      8.110     0.0850     2.0429 1.0790e-01     0.0996    97.5420     7.4704     7.7567    32.3578    32.3678    25.8964    25.9055    7.89539 0.0000e+00
       6393    119.057     1.3953     1.3790   2.822426   2.821900     2.5996     2.5564      8.110     0.0850     2.0429 1.0790e-01     0.0999    97.5334     7.4675     7.7565    32.3588    32.3689    25.8974    25.9066    7.89619 0.0000e+00
       6396    119.125     1.3912     1.3755   2.822212   2.821656     2.5987     2.5560      8.110     0.0801     2.0429 1.0790e-01     0.1003    97.5247     7.4633     7.7586    32.3602    32.3694    25.8988    25.9072    7.89694 0.0000e+00
       6399    119.191     1.3883     1.3703   2.822069   2.821308     2.5983     2.5556      8.110     0.0801     2.0429 1.0790e-01     0.0999    97.5334     7.4611     7.7587    32.3614    32.3703    25.8999    25.9083    7.89748 0.0000e+00
       6402    119.257     1.3855     1.3650   2.821892   2.820972     2.5983     2.5552      8.110     0.0801     2.0429 1.0790e-01     0.1003    97.5247     7.4586     7.7585    32.3620    32.3715    25.9006    25.9096    7.89802 0.0000e+00
       6405    119.323     1.3824     1.3594   2.821695   2.820636     2.5971     2.5548      8.110     0.0801     2.0429 1.0790e-01     0.0999    97.5334     7.4553     7.7587    32.3627    32.3730    25.9013    25.9111    7.89862 0.0000e+00
       6408    119.391     1.3781     1.3532   2.821291   2.820245     2.5979     2.5536      8.110     0.0899     2.0429 1.0790e-01     0.1003    97.5247     7.4570     7.7572    32.3620    32.3744    25.9011    25.9127    7.89954 0.0000e+00
       6411    119.462     1.3723     1.3446   2.820825   2.819625     2.5979     2.5540      8.108     0.0801     2.0429 1.0790e-01     0.0999    97.5334     7.4591     7.7631    32.3620    32.3754    25.9014    25.9140    7.90072 0.0000e+00
       6414    119.538     1.3659     1.3339   2.820414   2.818940     2.5971     2.5536      8.105     0.0850     2.0824 1.0790e-01     0.1010    97.5073     7.4565     7.7661    32.3633    32.3778    25.9030    25.9166    7.90197 0.0000e+00
       6417    119.616     1.3584     1.3243   2.819856   2.818377     2.5959     2.5532      8.108     0.0850     2.1614 1.0790e-01     0.1063    97.3769     7.4539     7.7684    32.3640    32.3805    25.9039    25.9194    7.90346 0.0000e+00
       6420    119.693     1.3494     1.3179   2.819152   2.818077     2.5959     2.5532      8.105     0.0850     2.1614 1.0790e-01     0.1063    97.3769     7.4551     7.7714    32.3643    32.3833    25.9048    25.9221    7.90530 0.0000e+00
       6423    119.773     1.3394     1.3141   2.818506   2.817861     2.5951     2.5519      8.107     0.0850     2.1614 1.0790e-01     0.1067    97.3682     7.4517     7.7674    32.3664    32.3844    25.9071    25.9232    7.90724 0.0000e+00
       6426    119.854     1.3298     1.3111   2.817990   2.817692     2.5939     2.5519      8.105     0.0850     2.1614 1.0790e-01     0.1063    97.3769     7.4478     7.7685    32.3698    32.3853    25.9105    25.9241    7.90904 0.0000e+00
       6429    119.936     1.3228     1.3090   2.817777   2.817570     2.5951     2.5519      8.106     0.0850     2.1614 1.0790e-01     0.1067    97.3682     7.4520     7.7701    32.3743    32.3859    25.9145    25.9247    7.91024 0.0000e+00
       6432    120.023     1.3181     1.3079   2.817676   2.817537     2.5943     2.5515      8.106     0.0850     2.1614 1.0790e-01     0.1063    97.3769     7.4482     7.7672    32.3778    32.3866    25.9176    25.9254    7.91101 0.0000e+00
       6435    120.109     1.3148     1.3067   2.817516   2.817435     2.5947     2.5511      8.106     0.0850     2.1614 1.0790e-01     0.1053    97.4030     7.4504     7.7636    32.3792    32.3865    25.9189    25.9254    7.91163 0.0000e+00
       6438    120.196     1.3119     1.3046   2.817413   2.817252     2.5926     2.5507      8.106     0.0801     2.1614 1.0790e-01     0.1003    97.5247     7.4448     7.7608    32.3808    32.3863    25.9205    25.9254    7.91214 0.0000e+00
       6441    120.286     1.3097     1.3011   2.817334   2.817036     2.5926     2.5503      8.106     0.0801     2.0824 1.0790e-01     0.1003    97.5247     7.4432     7.7574    32.3820    32.3871    25.9215    25.9262    7.91252 0.0000e+00
       6444    120.386     1.3083     1.2985   2.817230   2.816894     2.5918     2.5503      8.106     0.0850     2.0429 1.0790e-01     0.1003    97.5247     7.4408     7.7551    32.3821    32.3880    25.9217    25.9271    7.91280 0.0000e+00
       6447    120.483     1.3060     1.2962   2.816996   2.816757     2.5910     2.5495      8.106     0.0801     2.0429 1.0790e-01     0.1003    97.5247     7.4398     7.7513    32.3814    32.3886    25.9213    25.9277    7.91331 0.0000e+00
       6450    120.579     1.3023     1.2916   2.816715   2.816511     2.5910     2.5491      8.104     0.0899     2.0429 1.0790e-01     0.1003    97.5247     7.4400     7.7466    32.3816    32.3901    25.9217    25.9292    7.91406 0.0000e+00
       6453    120.680     1.2984     1.2886   2.816508   2.816424     2.5902     2.5487      8.104     0.0850     2.0429 1.0790e-01     0.1003    97.5247     7.4389     7.7427    32.3830    32.3921    25.9230    25.9309    7.91478 0.0000e+00
       6456    120.783     1.2950     1.2873   2.816382   2.816384     2.5898     2.5479      8.104     0.0752     2.0429 1.0790e-01     0.1020    97.4812     7.4383     7.7387    32.3849    32.3929    25.9248    25.9316    7.91539 0.0000e+00
       6459    120.888     1.2920     1.2862   2.816315   2.816355     2.5898     2.5479      8.101     0.0850     2.0429 1.0790e-01     0.1024    97.4725     7.4417     7.7378    32.3870    32.3936    25.9267    25.9323    7.91588 0.0000e+00
       6462    120.995     1.2900     1.2854   2.816238   2.816272     2.5882     2.5470      8.103     0.0899     2.0429 1.0790e-01     0.1020    97.4812     7.4367     7.7316    32.3881    32.3933    25.9277    25.9322    7.91625 0.0000e+00
       6465    121.103     1.2885     1.2826   2.816204   2.816151     2.5878     2.5462      8.106     0.0752     2.0429 1.0790e-01     0.1024    97.4725     7.4355     7.7276    32.3892    32.3946    25.9286    25.9334    7.91650 0.0000e+00
       6468    121.212     1.2877     1.2813   2.816208   2.816107     2.5886     2.5458      8.103     0.0703     2.0429 1.0790e-01     0.1024    97.4725     7.4391     7.7265    32.3900    32.3953    25.9293    25.9340    7.91662 0.0000e+00
       6471    121.320     1.2868     1.2816   2.816171   2.816134     2.5878     2.5458      8.101     0.0703     2.0429 1.0790e-01     0.1024    97.4725     7.4356     7.7254    32.3903    32.3953    25.9297    25.9340    7.91678 0.0000e+00
