Datasets/AZMP/COO001/79001120.cnv
* Sea-Bird SBE 9 Data File:
* FileName = C:\CTDDATA\79001120.hex
* Software Version Seasave V 7.26.7.110
* Temperature SN = 5660
* Conductivity SN = 3698
* Number of Bytes Per Scan = 30
* Number of Voltage Words = 4
* Number of Scans Averaged by the Deck Unit = 1
* NMEA baud rate = 9600
** VESSEL/TRIP/SEQ STN:  79001120
** LATITUDE XX XX.XX N:  47 00.00 N
** LONGITUDE XX XX.XX W:  51 29.10 W
** SOUNDING DEPTH (M):  0104
** PROBE TYPE: S1257
** CTD NUMBER: 080
** COMMENTS (14 CHAR): FC-06
** BOTTLES:  10
** LEVELS: 5,5,10,20,20,30,40,50,75,BTM
** STICKERS: 435613 - 435622
** VNET: Y
** DO2: Y
# nquan = 22
# nvalues = 2517                        
# units = specified
# name 0 = scan: Scan Count
# name 1 = prDM: Pressure, Digiquartz [db]
# name 2 = t090C: Temperature [ITS-90, deg C]
# name 3 = t190C: Temperature, 2 [ITS-90, deg C]
# name 4 = c0S/m: Conductivity [S/m]
# name 5 = c1S/m: Conductivity, 2 [S/m]
# name 6 = sbeox0V: Oxygen raw, SBE 43 [V]
# name 7 = sbeox1V: Oxygen raw, SBE 43, 2 [V]
# name 8 = ph: pH
# name 9 = flECO-AFL: Fluorescence, WET Labs ECO-AFL/FL [mg/m^3]
# name 10 = wetCDOM: Fluorescence, WET Labs CDOM [mg/m^3]
# name 11 = par/sat/log: PAR/Logarithmic, Satlantic [umol photons/m^2/sec]
# name 12 = CStarAt0: Beam Attenuation, WET Labs C-Star [1/m]
# name 13 = CStarTr0: Beam Transmission, WET Labs C-Star [%]
# name 14 = sbeox0ML/L: Oxygen, SBE 43 [ml/l], WS = 2
# name 15 = sbeox1ML/L: Oxygen, SBE 43, 2 [ml/l], WS = 2
# name 16 = sal00: Salinity, Practical [PSU]
# name 17 = sal11: Salinity, Practical, 2 [PSU]
# name 18 = sigma-t00: Density [sigma-t, kg/m^3 ]
# name 19 = sigma-t11: Density, 2 [sigma-t, kg/m^3 ]
# name 20 = oxsatML/L: Oxygen Saturation, Weiss [ml/l]
# name 21 = flag: flag
# span 0 =        137,      36478       
# span 1 =      0.712,     97.288       
# span 2 =    -1.0819,     2.8821       
# span 3 =    -1.0827,     2.8839       
# span 4 =   2.646795,   2.917931       
# span 5 =   0.436839,   2.918122       
# span 6 =     2.4111,     2.7647       
# span 7 =     2.3810,     2.7326       
# span 8 =      8.042,      8.173       
# span 9 =     0.0264,     0.8273       
# span 10 =    -1.3918,     2.1614      
# span 11 = 1.0765e-01, 1.1456e+01      
# span 12 =     0.0535,     0.2874      
# span 13 =    93.0668,    98.6717      
# span 14 =     6.4842,     8.2238      
# span 15 =     7.5968,     8.4232      
# span 16 =    31.9463,    32.9627      
# span 17 =     4.1596,    32.9637      
# span 18 =    25.4603,    26.5000      
# span 19 =     3.3086,    26.5008      
# span 20 =    7.61481,    8.41294      
# span 21 = 0.0000e+00, 0.0000e+00      
# interval = scans: 3                   
# start_time = Dec 08 2019 10:45:11 [System UTC, header]
# bad_flag = -9.990e-29
*END*
[from data line 2042]
      20950     35.607     2.6940     2.8438   2.906230   2.916527     2.7473     2.7134      8.167     0.7639     1.9245 1.0790e-01     0.1010    97.5073     7.6637     8.0512    32.1238    32.0992    25.6149    25.5831    7.64959 0.0000e+00
      20953     35.483     2.6935     2.8474   2.905230   2.916530     2.7464     2.7134      8.167     0.7639     1.9245 1.0790e-01     0.1013    97.4986     7.6595     8.0494    32.1122    32.0957    25.6057    25.5800    7.65029 0.0000e+00
      20956     35.353     2.6903     2.8395   2.905441   2.915692     2.7473     2.7138      8.167     0.7590     1.9245 1.0790e-01     0.1013    97.4986     7.6601     8.0515    32.1180    32.0935    25.6106    25.5789    7.65061 0.0000e+00
      20959     35.217     2.6927     2.8403   2.905962   2.916316     2.7464     2.7147      8.167     0.6662     1.9245 1.0790e-01     0.1013    97.4986     7.6551     8.0494    32.1220    32.1003    25.6136    25.5842    7.64993 0.0000e+00
      20962     35.076     2.6950     2.8457   2.905994   2.916583     2.7464     2.7155      8.167     0.5343     1.9245 1.0790e-01     0.1013    97.4986     7.6545     8.0455    32.1201    32.0982    25.6119    25.5821    7.64957 0.0000e+00
      20965     34.930     2.6987     2.8373   2.906575   2.915007     2.7464     2.7147      8.167     0.5392     1.9245 1.0790e-01     0.1013    97.4986     7.6535     8.0385    32.1237    32.0875    25.6144    25.5743    7.64869 0.0000e+00
      20968     34.783     2.7044     2.8078   2.907077   2.913656     2.7473     2.7159      8.167     0.5295     1.9245 1.0790e-01     0.1013    97.4986     7.6542     8.0407    32.1241    32.1007    25.6143    25.5872    7.64755 0.0000e+00
      20971     34.635     2.7098     2.8234   2.907410   2.915637     2.7477     2.7159      8.167     0.5343     1.9245 1.0790e-01     0.1013    97.4986     7.6560     8.0315    32.1228    32.1092    25.6129    25.5928    7.64657 0.0000e+00
      20974     34.487     2.7204     2.8403   2.909228   2.916407     2.7468     2.7159      8.167     0.5392     1.9245 1.0790e-01     0.1013    97.4986     7.6512     8.0233    32.1345    32.1018    25.6213    25.5854    7.64392 0.0000e+00
      20977     34.342     2.7402     2.8467   2.911317   2.916557     2.7473     2.7159      8.167     0.5343     1.9245 1.0790e-01     0.1013    97.4986     7.6498     8.0168    32.1402    32.0973    25.6242    25.5813    7.63981 0.0000e+00
      20980     34.197     2.7567     2.8485   2.911223   2.916645     2.7464     2.7159      8.167     0.5392     1.9245 1.0790e-01     0.1017    97.4899     7.6444     8.0105    32.1225    32.0967    25.6088    25.5806    7.63751 0.0000e+00
      20983     34.055     2.7642     2.8493   2.911150   2.916675     2.7477     2.7147      8.167     0.5392     1.9245 1.0790e-01     0.1052    97.4030     7.6468     8.0024    32.1142    32.0963    25.6016    25.5803    7.63650 0.0000e+00
      20986     33.918     2.7715     2.8495   2.911921   2.916644     2.7481     2.7147      8.167     0.5587     1.9245 1.0790e-01     0.1056    97.3943     7.6439     8.0012    32.1163    32.0958    25.6027    25.5799    7.63497 0.0000e+00
      20989     33.787     2.7793     2.8489   2.912447   2.916617     2.7477     2.7147      8.167     0.5588     1.9245 1.0790e-01     0.1056    97.3943     7.6393     8.0003    32.1150    32.0961    25.6010    25.5801    7.63354 0.0000e+00
      20992     33.664     2.7891     2.8490   2.913358   2.916657     2.7477     2.7143      8.167     0.5685     1.9245 1.0790e-01     0.1056    97.3943     7.6367     7.9974    32.1164    32.0966    25.6013    25.5805    7.63158 0.0000e+00
      20995     33.547     2.7996     2.8491   2.914071   2.916670     2.7481     2.7147      8.167     0.5734     1.8850 1.0790e-01     0.1056    97.3943     7.6371     7.9999    32.1146    32.0967    25.5990    25.5806    7.62964 0.0000e+00
      20998     33.439     2.8064     2.8490   2.913994   2.916626     2.7481     2.7147      8.169     0.5734     1.8060 1.0790e-01     0.1056    97.3943     7.6372     8.0023    32.1069    32.0963    25.5923    25.5803    7.62872 0.0000e+00
      21001     33.337     2.8121     2.8487   2.914456   2.916604     2.7489     2.7147      8.169     0.5685     1.8060 1.0790e-01     0.1060    97.3856     7.6382     8.0032    32.1069    32.0965    25.5918    25.5804    7.62762 0.0000e+00
      21004     33.238     2.8155     2.8484   2.914432   2.916592     2.7477     2.7147      8.169     0.5685     1.8060 1.0790e-01     0.1067    97.3682     7.6342     8.0063    32.1032    32.0966    25.5886    25.5806    7.62715 0.0000e+00
      21007     33.150     2.8181     2.8486   2.914733   2.916602     2.7473     2.7147      8.170     0.5685     1.8060 1.0790e-01     0.1067    97.3682     7.6314     8.0090    32.1044    32.0966    25.5893    25.5806    7.62660 0.0000e+00
      21010     33.071     2.8231     2.8485   2.915090   2.916577     2.7473     2.7147      8.169     0.5636     1.8060 1.0790e-01     0.1067    97.3682     7.6300     8.0096    32.1038    32.0964    25.5884    25.5804    7.62566 0.0000e+00
      21013     32.996     2.8243     2.8479   2.915133   2.916533     2.7477     2.7147      8.167     0.5685     1.8060 1.0790e-01     0.1067    97.3682     7.6313     8.0121    32.1031    32.0965    25.5878    25.5805    7.62546 0.0000e+00
      21016     32.931     2.8245     2.8480   2.914862   2.916527     2.7489     2.7143      8.170     0.5734     1.8060 1.0790e-01     0.1067    97.3682     7.6359     8.0115    32.0997    32.0964    25.5851    25.5805    7.62560 0.0000e+00
      21019     32.873     2.8234     2.8479   2.914515   2.916506     2.7485     2.7147      8.170     0.5734     1.8060 1.0790e-01     0.1067    97.3682     7.6343     8.0131    32.0965    32.0963    25.5826    25.5804    7.62597 0.0000e+00
      21022     32.817     2.8208     2.8466   2.914075   2.916367     2.7489     2.7147      8.170     0.5734     1.8060 1.0790e-01     0.1056    97.3943     7.6380     8.0162    32.0938    32.0959    25.5807    25.5802    7.62662 0.0000e+00
      21025     32.767     2.8134     2.8448   2.912655   2.916246     2.7485     2.7138      8.172     0.5734     1.8060 1.0790e-01     0.1045    97.4204     7.6399     8.0164    32.0840    32.0962    25.5734    25.5806    7.62854 0.0000e+00
      21028     32.723     2.7873     2.8444   2.909187   2.916252     2.7497     2.7147      8.172     0.5783     1.8060 1.0790e-01     0.1045    97.4204     7.6511     8.0220    32.0679    32.0968    25.5627    25.5811    7.63439 0.0000e+00
      21031     32.683     2.7558     2.8443   2.907510   2.916230     2.7489     2.7147      8.172     0.5783     1.8060 1.0790e-01     0.1045    97.4204     7.6540     8.0240    32.0790    32.0966    25.5741    25.5809    7.63991 0.0000e+00
      21034     32.647     2.7404     2.8439   2.908384   2.916213     2.7481     2.7147      8.172     0.5734     1.8060 1.0790e-01     0.1045    97.4204     7.6525     8.0257    32.1051    32.0968    25.5963    25.5811    7.64157 0.0000e+00
      21037     32.611     2.7415     2.8443   2.909097   2.916225     2.7493     2.7155      8.170     0.5832     1.8060 1.0790e-01     0.1045    97.4204     7.6541     8.0318    32.1127    32.0966    25.6022    25.5809    7.64095 0.0000e+00
      21040     32.576     2.7455     2.8450   2.909485   2.916292     2.7489     2.7151      8.172     0.5929     1.8060 1.0790e-01     0.1049    97.4117     7.6518     8.0317    32.1134    32.0967    25.6025    25.5810    7.64014 0.0000e+00
      21043     32.539     2.7447     2.8454   2.908880   2.916285     2.7489     2.7151      8.170     0.5881     1.8060 1.0790e-01     0.1042    97.4291     7.6530     8.0306    32.1069    32.0963    25.5973    25.5806    7.64064 0.0000e+00
      21046     32.508     2.7418     2.8453   2.908832   2.916287     2.7501     2.7159      8.170     0.5929     1.8060 1.0790e-01     0.1042    97.4291     7.6575     8.0356    32.1092    32.0964    25.5994    25.5807    7.64107 0.0000e+00
      21049     32.476     2.7469     2.8453   2.910086   2.916281     2.7493     2.7159      8.170     0.5978     1.8060 1.0790e-01     0.1045    97.4204     7.6528     8.0353    32.1194    32.0963    25.6072    25.5806    7.63958 0.0000e+00
      21052     32.441     2.7576     2.8455   2.911041   2.916298     2.7497     2.7159      8.170     0.5881     1.8060 1.0790e-01     0.1038    97.4377     7.6517     8.0343    32.1203    32.0963    25.6070    25.5806    7.63745 0.0000e+00
      21055     32.409     2.7683     2.8456   2.911700   2.916287     2.7493     2.7159      8.172     0.5929     1.8060 1.0790e-01     0.1045    97.4204     7.6482     8.0341    32.1177    32.0962    25.6041    25.5805    7.63553 0.0000e+00
      21058     32.374     2.7743     2.8456   2.911287   2.916286     2.7505     2.7159      8.170     0.5881     1.8060 1.0790e-01     0.1045    97.4204     7.6506     8.0331    32.1067    32.0962    25.5947    25.5805    7.63493 0.0000e+00
      21061     32.335     2.7661     2.8463   2.909067   2.916365     2.7493     2.7171      8.167     0.5978     1.8060 1.0790e-01     0.1045    97.4204     7.6468     8.0361    32.0879    32.0964    25.5804    25.5806    7.63748 0.0000e+00
      21064     32.293     2.7504     2.8472   2.908343   2.916441     2.7505     2.7159      8.170     0.6516     1.8060 1.0790e-01     0.1045    97.4204     7.6527     8.0300    32.0947    32.0964    25.5872    25.5806    7.64015 0.0000e+00
      21067     32.249     2.7342     2.8475   2.907038   2.916459     2.7501     2.7163      8.170     0.7053     1.8060 1.0790e-01     0.1045    97.4204     7.6530     8.0290    32.0951    32.0964    25.5888    25.5805    7.64327 0.0000e+00
      21070     32.201     2.7211     2.8479   2.906588   2.916458     2.7501     2.7171      8.169     0.7053     1.8060 1.0790e-01     0.1045    97.4204     7.6550     8.0296    32.1028    32.0960    25.5959    25.5802    7.64542 0.0000e+00
      21073     32.148     2.7137     2.8486   2.906860   2.916538     2.7501     2.7167      8.167     0.7053     1.8060 1.0790e-01     0.1045    97.4204     7.6562     8.0259    32.1136    32.0963    25.6052    25.5803    7.64630 0.0000e+00
      21076     32.091     2.7204     2.8498   2.908398   2.916638     2.7497     2.7171      8.169     0.7053     1.8060 1.0790e-01     0.1045    97.4204     7.6524     8.0228    32.1256    32.0964    25.6142    25.5803    7.64438 0.0000e+00
      21079     32.029     2.7364     2.8505   2.909618   2.916665     2.7497     2.7171      8.169     0.7150     1.8060 1.0790e-01     0.1045    97.4204     7.6488     8.0185    32.1245    32.0960    25.6121    25.5800    7.64134 0.0000e+00
      21082     31.966     2.7457     2.8502   2.909750   2.916626     2.7501     2.7171      8.167     0.7150     1.8060 1.0790e-01     0.1056    97.3943     7.6486     8.0143    32.1168    32.0959    25.6052    25.5799    7.63994 0.0000e+00
      21085     31.896     2.7536     2.8497   2.910023   2.916545     2.7493     2.7167      8.167     0.7004     1.8060 1.0790e-01     0.1067    97.3682     7.6429     8.0100    32.1122    32.0954    25.6008    25.5796    7.63864 0.0000e+00
      21088     31.826     2.7578     2.8496   2.910552   2.916566     2.7497     2.7171      8.169     0.7053     1.8060 1.0790e-01     0.1067    97.3682     7.6427     8.0091    32.1145    32.0958    25.6023    25.5799    7.63771 0.0000e+00
      21091     31.751     2.7646     2.8494   2.911150   2.916529     2.7497     2.7171      8.169     0.8029     1.8060 1.0790e-01     0.1067    97.3682     7.6424     8.0029    32.1150    32.0956    25.6022    25.5797    7.63637 0.0000e+00
      21094     31.676     2.7700     2.8492   2.911185   2.916540     2.7501     2.7167      8.169     0.8225     1.8060 1.0790e-01     0.1067    97.3682     7.6436     7.9977    32.1101    32.0961    25.5978    25.5801    7.63559 0.0000e+00
      21097     31.597     2.7722     2.8488   2.911100   2.916462     2.7497     2.7163      8.167     0.8273     1.8060 1.0790e-01     0.1067    97.3682     7.6412     7.9943    32.1068    32.0955    25.5951    25.5797    7.63531 0.0000e+00
      21100     31.517     2.7723     2.8475   2.910935   2.916327     2.7505     2.7159      8.167     0.8225     1.8455 1.0790e-01     0.1067    97.3682     7.6420     7.9915    32.1048    32.0952    25.5934    25.5796    7.63540 0.0000e+00
      21103     31.435     2.7716     2.8460   2.910926   2.916233     2.7501     2.7159      8.169     0.8225     1.9245 1.0790e-01     0.1060    97.3856     7.6381     7.9913    32.1055    32.0956    25.5940    25.5800    7.63550 0.0000e+00
      21106     31.355     2.7716     2.8450   2.910969   2.916149     2.7497     2.7159      8.167     0.8273     1.9245 1.0790e-01     0.1052    97.4030     7.6352     7.9914    32.1060    32.0956    25.5944    25.5801    7.63548 0.0000e+00
      21109     31.273     2.7721     2.8439   2.911039   2.916056     2.7489     2.7159      8.169     0.8225     1.9245 1.0790e-01     0.1056    97.3943     7.6305     7.9932    32.1065    32.0956    25.5947    25.5802    7.63537 0.0000e+00
      21112     31.191     2.7757     2.8433   2.911796   2.916068     2.7501     2.7155      8.167     0.8224     1.9245 1.0790e-01     0.1052    97.4030     7.6295     7.9947    32.1121    32.0964    25.5989    25.5809    7.63438 0.0000e+00
      21115     31.111     2.7840     2.8440   2.912499   2.916115     2.7501     2.7147      8.169     0.7980     1.9245 1.0790e-01     0.1052    97.4030     7.6261     7.9969    32.1123    32.0963    25.5985    25.5808    7.63276 0.0000e+00
      21118     31.034     2.7872     2.8443   2.912035   2.916113     2.7501     2.7151      8.170     0.6809     1.9245 1.0790e-01     0.1056    97.3943     7.6255     8.0036    32.1036    32.0961    25.5912    25.5805    7.63260 0.0000e+00
      21121     30.959     2.7857     2.8443   2.911703   2.916112     2.7485     2.7147      8.170     0.6711     1.9245 1.0790e-01     0.1056    97.3943     7.6199     8.0069    32.1011    32.0961    25.5894    25.5805    7.63302 0.0000e+00
      21124     30.887     2.7830     2.8448   2.911423   2.916123     2.7485     2.7151      8.169     0.6808     1.9245 1.0790e-01     0.1038    97.4377     7.6193     8.0113    32.1004    32.0957    25.5890    25.5802    7.63357 0.0000e+00
      21127     30.815     2.7812     2.8447   2.911411   2.916120     2.7477     2.7147      8.170     0.6808     1.8060 1.0790e-01     0.1042    97.4291     7.6189     8.0125    32.1021    32.0958    25.5905    25.5803    7.63382 0.0000e+00
      21130     30.745     2.7806     2.8450   2.911459   2.916076     2.7485     2.7147      8.170     0.6857     1.8060 1.0790e-01     0.1035    97.4464     7.6230     8.0152    32.1034    32.0950    25.5916    25.5796    7.63389 0.0000e+00
      21133     30.681     2.7805     2.8444   2.911563   2.916043     2.7477     2.7151      8.170     0.6760     1.8060 1.0790e-01     0.1035    97.4464     7.6203     8.0194    32.1048    32.0953    25.5927    25.5799    7.63384 0.0000e+00
      21136     30.621     2.7804     2.8441   2.911578   2.916063     2.7468     2.7159      8.172     0.6760     1.8060 1.0790e-01     0.1038    97.4377     7.6185     8.0246    32.1051    32.0959    25.5929    25.5804    7.63384 0.0000e+00
      21139     30.566     2.7804     2.8440   2.911546   2.916018     2.7481     2.7159      8.170     0.6760     1.8060 1.0790e-01     0.1035    97.4464     7.6256     8.0252    32.1047    32.0954    25.5926    25.5800    7.63385 0.0000e+00
