Datasets/AZMP/COO001/79001128.cnv
* Sea-Bird SBE 9 Data File:
* FileName = C:\CTDDATA\79001128.hex
* Software Version Seasave V 7.26.7.110
* Temperature SN = 5660
* Conductivity SN = 3698
* Number of Bytes Per Scan = 30
* Number of Voltage Words = 4
* Number of Scans Averaged by the Deck Unit = 1
* NMEA baud rate = 9600
** VESSEL/TRIP/SEQ STN:  79001128
** LATITUDE XX XX.XX N:  47 32.80 N
** LONGITUDE XX XX.XX W:  52 35.20 W
** SOUNDING DEPTH (M):  0176
** PROBE TYPE: S1257
** CTD NUMBER: 088
** COMMENTS (14 CHAR): S27-01
** BOTTLES:  20
** LEVELS: 5,5,5,5,10,20,20,20,20,30,40,50,50,50,75,100,100,100,150,BTM
** STICKERS: 437714 - 437733
** VNET: Y
** DO2: N
# nquan = 22
# nvalues = 5728                        
# units = specified
# name 0 = scan: Scan Count
# name 1 = prDM: Pressure, Digiquartz [db]
# name 2 = t090C: Temperature [ITS-90, deg C]
# name 3 = t190C: Temperature, 2 [ITS-90, deg C]
# name 4 = c0S/m: Conductivity [S/m]
# name 5 = c1S/m: Conductivity, 2 [S/m]
# name 6 = sbeox0V: Oxygen raw, SBE 43 [V]
# name 7 = sbeox1V: Oxygen raw, SBE 43, 2 [V]
# name 8 = ph: pH
# name 9 = flECO-AFL: Fluorescence, WET Labs ECO-AFL/FL [mg/m^3]
# name 10 = wetCDOM: Fluorescence, WET Labs CDOM [mg/m^3]
# name 11 = par/sat/log: PAR/Logarithmic, Satlantic [umol photons/m^2/sec]
# name 12 = CStarAt0: Beam Attenuation, WET Labs C-Star [1/m]
# name 13 = CStarTr0: Beam Transmission, WET Labs C-Star [%]
# name 14 = sbeox0ML/L: Oxygen, SBE 43 [ml/l], WS = 2
# name 15 = sbeox1ML/L: Oxygen, SBE 43, 2 [ml/l], WS = 2
# name 16 = sal00: Salinity, Practical [PSU]
# name 17 = sal11: Salinity, Practical, 2 [PSU]
# name 18 = sigma-t00: Density [sigma-t, kg/m^3 ]
# name 19 = sigma-t11: Density, 2 [sigma-t, kg/m^3 ]
# name 20 = oxsatML/L: Oxygen Saturation, Weiss [ml/l]
# name 21 = flag: flag
# span 0 =        151,      58737       
# span 1 =      0.842,    171.426       
# span 2 =    -0.2603,     2.8234       
# span 3 =    -0.2620,     2.8229       
# span 4 =   2.736286,   2.888562       
# span 5 =   2.736349,   2.888647       
# span 6 =     2.3975,     2.7700       
# span 7 =     2.3727,     2.7460       
# span 8 =      8.022,      8.152       
# span 9 =     0.0215,     1.4037       
# span 10 =    -2.8130,   481.7133      
# span 11 = 1.0729e-01, 1.0044e+00      
# span 12 =     0.0704,     0.1556      
# span 13 =    96.1864,    98.2546      
# span 14 =     6.6960,     7.7581      
# span 15 =     7.4791,     8.1712      
# span 16 =    31.7355,    33.0364      
# span 17 =    31.7917,    33.0393      
# span 18 =    25.2949,    26.5326      
# span 19 =    25.3396,    26.5349      
# span 20 =    7.64157,    8.21378      
# span 21 = 0.0000e+00, 0.0000e+00      
# interval = scans: 3                   
# start_time = Dec 10 2019 07:45:54 [System UTC, header]
# bad_flag = -9.990e-29
*END*
[from data line 3885]
      21453    102.830     1.8878     1.9295   2.861359   2.863462     2.6895     2.6614      8.123     0.2511     1.9245 1.0790e-01     0.0733    98.1851     7.6936     8.1171    32.3506    32.3342    25.8575    25.8414    7.79676 0.0000e+00
      21456    102.734     1.8896     1.9291   2.861572   2.863446     2.6895     2.6614      8.121     0.2511     1.9245 1.0790e-01     0.0736    98.1764     7.6921     8.1151    32.3515    32.3344    25.8581    25.8416    7.79635 0.0000e+00
      21459    102.638     1.8915     1.9289   2.861721   2.863443     2.6903     2.6614      8.123     0.2462     1.9245 1.0790e-01     0.0733    98.1851     7.6939     8.1117    32.3515    32.3347    25.8579    25.8418    7.79598 0.0000e+00
      21462    102.543     1.8930     1.9291   2.861848   2.863454     2.6907     2.6618      8.123     0.2511     1.9245 1.0790e-01     0.0736    98.1764     7.6946     8.1095    32.3515    32.3346    25.8578    25.8417    7.79566 0.0000e+00
      21465    102.445     1.8977     1.9296   2.862444   2.863542     2.6903     2.6626      8.123     0.2511     1.9245 1.0790e-01     0.0736    98.1764     7.6892     8.1110    32.3542    32.3353    25.8597    25.8422    7.79458 0.0000e+00
      21468    102.347     1.9063     1.9304   2.862985   2.863578     2.6911     2.6622      8.122     0.2511     1.9245 1.0790e-01     0.0736    98.1764     7.6895     8.1082    32.3522    32.3350    25.8574    25.8420    7.79296 0.0000e+00
      21471    102.248     1.9143     1.9303   2.863210   2.863571     2.6911     2.6626      8.122     0.2511     1.9245 1.0790e-01     0.0736    98.1764     7.6883     8.1060    32.3469    32.3350    25.8527    25.8420    7.79164 0.0000e+00
      21474    102.151     1.9200     1.9302   2.863294   2.863555     2.6907     2.6626      8.121     0.2511     1.9245 1.0777e-01     0.0736    98.1764     7.6864     8.1033    32.3422    32.3349    25.8485    25.8419    7.79074 0.0000e+00
      21477    102.055     1.9233     1.9295   2.863330   2.863502     2.6915     2.6626      8.122     0.2462     1.9245 1.0790e-01     0.0733    98.1851     7.6878     8.1020    32.3393    32.3351    25.8459    25.8421    7.79024 0.0000e+00
      21480    101.962     1.9249     1.9288   2.863339   2.863474     2.6907     2.6626      8.122     0.2511     1.9245 1.0790e-01     0.0736    98.1764     7.6831     8.1019    32.3379    32.3355    25.8447    25.8425    7.79000 0.0000e+00
      21483    101.868     1.9262     1.9307   2.863413   2.863571     2.6915     2.6626      8.122     0.2462     1.9245 1.0790e-01     0.0736    98.1764     7.6835     8.1000    32.3375    32.3348    25.8443    25.8418    7.78976 0.0000e+00
      21486    101.777     1.9277     1.9341   2.863440   2.863593     2.6911     2.6626      8.122     0.2511     1.9245 1.0790e-01     0.0736    98.1764     7.6823     8.0982    32.3363    32.3317    25.8432    25.8390    7.78950 0.0000e+00
      21489    101.688     1.9289     1.9362   2.863408   2.863585     2.6903     2.6630      8.122     0.2315     1.9245 1.0790e-01     0.0736    98.1764     7.6791     8.0999    32.3347    32.3295    25.8418    25.8371    7.78935 0.0000e+00
      21492    101.599     1.9293     1.9373   2.863380   2.863567     2.6903     2.6634      8.122     0.2071     1.9245 1.0790e-01     0.0736    98.1764     7.6781     8.1015    32.3341    32.3282    25.8413    25.8360    7.78931 0.0000e+00
      21495    101.517     1.9295     1.9375   2.863398   2.863510     2.6907     2.6626      8.122     0.2120     1.9245 1.0790e-01     0.0736    98.1764     7.6791     8.1030    32.3341    32.3273    25.8413    25.8353    7.78926 0.0000e+00
      21498    101.437     1.9299     1.9373   2.863361   2.863472     2.6911     2.6642      8.122     0.2071     1.9245 1.0790e-01     0.0733    98.1851     7.6814     8.1082    32.3333    32.3271    25.8406    25.8351    7.78923 0.0000e+00
      21501    101.362     1.9299     1.9369   2.863280   2.863417     2.6907     2.6638      8.122     0.2120     1.9245 1.0790e-01     0.0736    98.1764     7.6808     8.1078    32.3323    32.3269    25.8399    25.8350    7.78928 0.0000e+00
      21504    101.292     1.9296     1.9346   2.863286   2.863354     2.6911     2.6634      8.122     0.2071     1.9245 1.0790e-01     0.0736    98.1764     7.6822     8.1082    32.3327    32.3285    25.8402    25.8364    7.78932 0.0000e+00
      21507    101.225     1.9291     1.9336   2.863251   2.863298     2.6911     2.6638      8.122     0.2120     1.9245 1.0790e-01     0.0733    98.1851     7.6815     8.1097    32.3329    32.3288    25.8404    25.8368    7.78941 0.0000e+00
      21510    101.165     1.9278     1.9332   2.863147   2.863273     2.6915     2.6638      8.122     0.2022     1.9245 1.0790e-01     0.0729    98.1938     7.6853     8.1083    32.3329    32.3289    25.8405    25.8369    7.78967 0.0000e+00
      21513    101.109     1.9264     1.9326   2.863111   2.863293     2.6911     2.6646      8.122     0.2071     1.9245 1.0790e-01     0.0729    98.1938     7.6849     8.1093    32.3340    32.3299    25.8414    25.8377    7.78990 0.0000e+00
      21516    101.055     1.9261     1.9328   2.863148   2.863295     2.6907     2.6646      8.122     0.2120     1.9245 1.0790e-01     0.0736    98.1764     7.6822     8.1079    32.3347    32.3297    25.8420    25.8376    7.78991 0.0000e+00
      21519    101.008     1.9267     1.9333   2.863197   2.863283     2.6911     2.6654      8.122     0.2169     1.9245 1.0790e-01     0.0729    98.1938     7.6822     8.1086    32.3348    32.3290    25.8421    25.8370    7.78980 0.0000e+00
      21522    100.965     1.9276     1.9330   2.863213   2.863257     2.6911     2.6638      8.122     0.2120     1.9245 1.0790e-01     0.0733    98.1851     7.6820     8.0991    32.3341    32.3291    25.8414    25.8370    7.78965 0.0000e+00
      21525    100.926     1.9287     1.9325   2.863274   2.863277     2.6915     2.6650      8.122     0.2120     1.9245 1.0790e-01     0.0747    98.1503     7.6827     8.1030    32.3337    32.3299    25.8411    25.8377    7.78945 0.0000e+00
      21528    100.892     1.9294     1.9315   2.863264   2.863280     2.6907     2.6654      8.122     0.2071     1.9245 1.0790e-01     0.0747    98.1503     7.6804     8.1034    32.3329    32.3309    25.8403    25.8386    7.78935 0.0000e+00
      21531    100.859     1.9300     1.9320   2.863159   2.863321     2.6907     2.6650      8.122     0.2071     1.9245 1.0790e-01     0.0747    98.1503     7.6802     8.0985    32.3310    32.3310    25.8388    25.8386    7.78933 0.0000e+00
      21534    100.830     1.9268     1.9329   2.862763   2.863321     2.6919     2.6650      8.122     0.2022     1.9245 1.0790e-01     0.0747    98.1503     7.6862     8.0956    32.3293    32.3301    25.8377    25.8378    7.79006 0.0000e+00
      21550    100.750     1.9151     1.9341   2.862591   2.863321     2.6915     2.6650      8.122     0.2169     2.0035 1.0790e-01     0.0747    98.1503     7.6859     8.0917    32.3392    32.3289    25.8464    25.8368    7.79188 0.0000e+00
      21580    100.602     1.9016     1.9335   2.862033   2.863250     2.6911     2.6650      8.122     0.2413     2.0429 1.0790e-01     0.0747    98.1503     7.6856     8.0864    32.3461    32.3287    25.8529    25.8367    7.79422 0.0000e+00
      21583    100.576     1.9003     1.9336   2.861873   2.863240     2.6923     2.6650      8.122     0.2413     2.0429 1.0790e-01     0.0747    98.1503     7.6899     8.0855    32.3454    32.3285    25.8524    25.8365    7.79451 0.0000e+00
      21586    100.543     1.9000     1.9332   2.861981   2.863194     2.6915     2.6654      8.122     0.2364     2.0429 1.0790e-01     0.0726    98.2025     7.6863     8.0863    32.3471    32.3283    25.8538    25.8364    7.79449 0.0000e+00
      21589    100.506     1.9001     1.9330   2.862005   2.863173     2.6911     2.6650      8.122     0.2364     2.0429 1.0790e-01     0.0726    98.2025     7.6848     8.0886    32.3474    32.3283    25.8541    25.8364    7.79446 0.0000e+00
      21592    100.468     1.9000     1.9324   2.862062   2.863210     2.6919     2.6650      8.122     0.2364     2.0429 1.0790e-01     0.0726    98.2025     7.6877     8.0865    32.3482    32.3294    25.8547    25.8373    7.79444 0.0000e+00
      21595    100.428     1.9010     1.9321   2.862098   2.863186     2.6919     2.6650      8.122     0.2364     2.0429 1.0790e-01     0.0726    98.2025     7.6867     8.0881    32.3476    32.3294    25.8542    25.8373    7.79427 0.0000e+00
      21598    100.388     1.9021     1.9316   2.862076   2.863162     2.6911     2.6650      8.122     0.2364     2.0429 1.0790e-01     0.0726    98.2025     7.6840     8.0920    32.3463    32.3296    25.8530    25.8375    7.79412 0.0000e+00
      21601    100.353     1.9036     1.9313   2.862095   2.863157     2.6915     2.6650      8.122     0.2315     2.0429 1.0790e-01     0.0726    98.2025     7.6857     8.0929    32.3450    32.3299    25.8519    25.8378    7.79389 0.0000e+00
      21617    100.318     1.8998     1.9333   2.861766   2.863310     2.6919     2.6650      8.123     0.2413     2.0429 1.0790e-01     0.0726    98.2025     7.6843     8.0904    32.3448    32.3298    25.8520    25.8376    7.79466 0.0000e+00
      21631    100.266     1.8983     1.9345   2.861845   2.863358     2.6915     2.6659      8.123     0.2462     2.0429 1.0790e-01     0.0722    98.2112     7.6812     8.0926    32.3473    32.3292    25.8541    25.8370    7.79482 0.0000e+00
      21647    100.182     1.9025     1.9354   2.861983   2.863376     2.6911     2.6654      8.122     0.2413     2.0429 1.0790e-01     0.0747    98.1504     7.6775     8.0964    32.3448    32.3286    25.8518    25.8364    7.79411 0.0000e+00
      21671    100.069     1.9114     1.9279   2.862170   2.863135     2.6899     2.6658      8.122     0.2462     2.0034 1.0790e-01     0.0754    98.1330     7.6760     8.1032    32.3380    32.3332    25.8458    25.8407    7.79268 0.0000e+00
      21717     99.855     1.9258     1.9133   2.862582   2.862582     2.6891     2.6679      8.122     0.2462     1.9245 1.0790e-01     0.0740    98.1677     7.6789     8.1045    32.3286    32.3414    25.8372    25.8483    7.79030 0.0000e+00
      21721     99.829     1.9242     1.9140   2.862514   2.862563     2.6899     2.6683      8.122     0.2511     1.9245 1.0790e-01     0.0747    98.1503     7.6836     8.1022    32.3295    32.3405    25.8380    25.8475    7.79058 0.0000e+00
      21725     99.799     1.9245     1.9160   2.862447   2.862552     2.6899     2.6679      8.122     0.2218     1.9245 1.0790e-01     0.0743    98.1590     7.6816     8.0940    32.3283    32.3383    25.8370    25.8456    7.79057 0.0000e+00
      21728     99.776     1.9241     1.9158   2.862405   2.862576     2.6895     2.6679      8.122     0.2071     1.9245 1.0790e-01     0.0736    98.1764     7.6790     8.0901    32.3282    32.3388    25.8369    25.8461    7.79065 0.0000e+00
      21731     99.752     1.9242     1.9144   2.862448   2.862559     2.6895     2.6679      8.122     0.2022     1.9245 1.0790e-01     0.0736    98.1764     7.6770     8.0852    32.3286    32.3400    25.8373    25.8471    7.79061 0.0000e+00
      21734     99.730     1.9249     1.9136   2.862477   2.862555     2.6899     2.6675      8.122     0.2071     1.9640 1.0790e-01     0.0736    98.1764     7.6783     8.0815    32.3283    32.3408    25.8370    25.8478    7.79049 0.0000e+00
      21737     99.705     1.9254     1.9141   2.862413   2.862543     2.6907     2.6671      8.122     0.2120     2.0429 1.0790e-01     0.0736    98.1764     7.6808     8.0759    32.3270    32.3402    25.8360    25.8473    7.79046 0.0000e+00
      21740     99.683     1.9243     1.9139   2.862347   2.862536     2.6899     2.6667      8.122     0.2071     2.0429 1.0790e-01     0.0736    98.1764     7.6789     8.0720    32.3273    32.3403    25.8362    25.8474    7.79066 0.0000e+00
      21743     99.660     1.9239     1.9151   2.862317   2.862563     2.6907     2.6667      8.122     0.2071     2.0429 1.0790e-01     0.0736    98.1764     7.6805     8.0675    32.3274    32.3394    25.8364    25.8466    7.79075 0.0000e+00
      21752     99.601     1.9233     1.9160   2.862395   2.862598     2.6899     2.6667      8.122     0.2364     2.0429 1.0790e-01     0.0740    98.1677     7.6785     8.0671    32.3290    32.3389    25.8376    25.8461    7.79078 0.0000e+00
      21872     99.577     1.9301     1.9239   2.862512   2.862664     2.6911     2.6662      8.122     0.2364     2.0429 1.0790e-01     0.0736    98.1764     7.6812     8.0697    32.3235    32.3317    25.8328    25.8398    7.78970 0.0000e+00
      22109     99.534     1.9395     1.9406   2.862547   2.862705     2.6940     2.6687      8.125     0.2169     2.0429 1.0790e-01     0.0736    98.1764     7.6882     8.0839    32.3143    32.3152    25.8248    25.8254    7.78829 0.0000e+00
      22112     99.489     1.9391     1.9416   2.862534   2.862726     2.6944     2.6683      8.125     0.2218     2.0429 1.0790e-01     0.0726    98.2025     7.6888     8.0842    32.3146    32.3145    25.8250    25.8248    7.78836 0.0000e+00
      22115     99.445     1.9386     1.9417   2.862469   2.862715     2.6956     2.6679      8.124     0.2218     2.0429 1.0790e-01     0.0726    98.2025     7.6926     8.0840    32.3143    32.3143    25.8248    25.8245    7.78848 0.0000e+00
      22118     99.403     1.9375     1.9420   2.862411   2.862698     2.6952     2.6679      8.125     0.2120     2.0429 1.0790e-01     0.0726    98.2025     7.6908     8.0862    32.3147    32.3138    25.8252    25.8242    7.78867 0.0000e+00
      22121     99.365     1.9362     1.9421   2.862447   2.862680     2.6952     2.6675      8.127     0.2022     2.0429 1.0790e-01     0.0726    98.2025     7.6894     8.0847    32.3166    32.3134    25.8268    25.8239    7.78885 0.0000e+00
      22124     99.329     1.9356     1.9424   2.862425   2.862656     2.6948     2.6675      8.124     0.2071     2.0429 1.0790e-01     0.0729    98.1938     7.6872     8.0849    32.3169    32.3129    25.8271    25.8234    7.78895 0.0000e+00
      22127     99.296     1.9357     1.9419   2.862474   2.862690     2.6944     2.6679      8.125     0.2022     2.0034 1.0777e-01     0.0726    98.2025     7.6853     8.0855    32.3175    32.3138    25.8276    25.8242    7.78890 0.0000e+00
      22130     99.270     1.9360     1.9406   2.862465   2.862686     2.6940     2.6675      8.127     0.2022     1.9245 1.0790e-01     0.0733    98.1851     7.6845     8.0856    32.3171    32.3151    25.8272    25.8253    7.78886 0.0000e+00
      22815     99.248     1.9382     1.9421   2.862442   2.862606     2.6944     2.6667      8.127     0.2266     1.8850 1.0790e-01     0.0729    98.1938     7.6871     8.0850    32.3145    32.3126    25.8250    25.8232    7.78855 0.0000e+00
      24181     99.220     1.9430     1.9455   2.862347   2.862489     2.6956     2.6667      8.127     0.2755     1.8060 1.0790e-01     0.0715    98.2285     7.6938     8.0881    32.3085    32.3077    25.8198    25.8190    7.78791 0.0000e+00
      24184     99.186     1.9429     1.9457   2.862383   2.862469     2.6965     2.6651      8.127     0.2267     1.8060 1.0790e-01     0.0711    98.2372     7.6977     8.0814    32.3090    32.3072    25.8203    25.8186    7.78790 0.0000e+00
      24187     99.156     1.9431     1.9457   2.862407   2.862463     2.6969     2.6667      8.127     0.2169     1.8060 1.0790e-01     0.0715    98.2285     7.6978     8.0906    32.3091    32.3072    25.8203    25.8186    7.78785 0.0000e+00
      24190     99.126     1.9435     1.9458   2.862396   2.862461     2.6960     2.6651      8.129     0.2218     1.8060 1.0790e-01     0.0715    98.2285     7.6938     8.0833    32.3087    32.3070    25.8199    25.8185    7.78780 0.0000e+00
