Datasets/AZMP/COO001/79001092.cnv
* Sea-Bird SBE 9 Data File:
* FileName = C:\CTDDATA\79001092.hex
* Software Version Seasave V 7.26.7.110
* Temperature SN = 5660
* Conductivity SN = 3698
* Number of Bytes Per Scan = 30
* Number of Voltage Words = 4
* Number of Scans Averaged by the Deck Unit = 1
* NMEA baud rate = 9600
** VESSEL/TRIP/SEQ STN:  79001092
** LATITUDE XX XX.XX N:  48 50.00 N
** LONGITUDE XX XX.XX W:  52 39.00 W
** SOUNDING DEPTH (M):  0252
** PROBE TYPE: S1257
** CTD NUMBER: 058
** COMMENTS (14 CHAR): BB-03
** BOTTLES:  12
** LEVELS: 5,5,10,20,20,30,40,50,75,100,150,BTM
** STICKERS: 435273 - 435284
** VNET: Y
** DO2: N
# nquan = 22
# nvalues = 5695                        
# units = specified
# name 0 = scan: Scan Count
# name 1 = prDM: Pressure, Digiquartz [db]
# name 2 = t090C: Temperature [ITS-90, deg C]
# name 3 = t190C: Temperature, 2 [ITS-90, deg C]
# name 4 = c0S/m: Conductivity [S/m]
# name 5 = c1S/m: Conductivity, 2 [S/m]
# name 6 = sbeox0V: Oxygen raw, SBE 43 [V]
# name 7 = sbeox1V: Oxygen raw, SBE 43, 2 [V]
# name 8 = ph: pH
# name 9 = flECO-AFL: Fluorescence, WET Labs ECO-AFL/FL [mg/m^3]
# name 10 = wetCDOM: Fluorescence, WET Labs CDOM [mg/m^3]
# name 11 = par/sat/log: PAR/Logarithmic, Satlantic [umol photons/m^2/sec]
# name 12 = CStarAt0: Beam Attenuation, WET Labs C-Star [1/m]
# name 13 = CStarTr0: Beam Transmission, WET Labs C-Star [%]
# name 14 = sbeox0ML/L: Oxygen, SBE 43 [ml/l], WS = 2
# name 15 = sbeox1ML/L: Oxygen, SBE 43, 2 [ml/l], WS = 2
# name 16 = sal00: Salinity, Practical [PSU]
# name 17 = sal11: Salinity, Practical, 2 [PSU]
# name 18 = sigma-t00: Density [sigma-t, kg/m^3 ]
# name 19 = sigma-t11: Density, 2 [sigma-t, kg/m^3 ]
# name 20 = oxsatML/L: Oxygen Saturation, Weiss [ml/l]
# name 21 = flag: flag
# span 0 =        123,      57108       
# span 1 =      0.793,    245.950       
# span 2 =    -0.3070,     2.0575       
# span 3 =    -0.3075,     2.0575       
# span 4 =   2.724876,   2.959524       
# span 5 =   2.725027,   2.957947       
# span 6 =     2.3843,     2.7458       
# span 7 =     2.3504,     2.7067       
# span 8 =      8.097,      8.204       
# span 9 =    -0.0078,     0.8273       
# span 10 =     0.7401,     2.1614      
# span 11 = 1.0790e-01, 1.1020e+02      
# span 12 =     0.0630,     0.1551      
# span 13 =    96.1951,    98.4371      
# span 14 =     6.8173,     7.7739      
# span 15 =     7.1832,     8.1649      
# span 16 =    32.1177,    33.6949      
# span 17 =    32.1196,    33.6928      
# span 18 =    25.6589,    27.0090      
# span 19 =    25.6604,    27.0061      
# span 20 =    7.73817,    8.22551      
# span 21 = 0.0000e+00, 0.0000e+00      
# interval = scans: 3                   
# start_time = Dec 02 2019 13:41:37 [System UTC, header]
# bad_flag = -9.990e-29
*END*
[from data line 2371]
      12202    204.358     1.8548     1.8287   2.945059   2.941780     2.5009     2.4679      8.147     0.0557     1.8060 1.0827e-01     0.0651    98.3849     7.0743     7.4016    33.3753    33.3618    26.6809    26.6720    7.74967 0.0000e+00
      12205    204.415     1.8632     1.8308   2.945184   2.941967     2.5001     2.4679      8.147     0.0606     1.8060 1.0827e-01     0.0651    98.3849     7.0704     7.4057    33.3680    33.3619    26.6744    26.6719    7.74838 0.0000e+00
      12208    204.474     1.8644     1.8260   2.944476   2.941234     2.5009     2.4679      8.147     0.0606     1.7665 1.0827e-01     0.0655    98.3762     7.0730     7.4124    33.3578    33.3577    26.6662    26.6689    7.74867 0.0000e+00
      12211    204.534     1.8622     1.8210   2.943969   2.941040     2.4997     2.4679      8.147     0.0557     1.6876 1.0827e-01     0.0651    98.3849     7.0681     7.4155    33.3537    33.3606    26.6630    26.6715    7.74932 0.0000e+00
      12214    204.598     1.8592     1.8283   2.943751   2.941712     2.5009     2.4679      8.147     0.0508     1.6876 1.0827e-01     0.0651    98.3849     7.0709     7.4142    33.3541    33.3612    26.6636    26.6716    7.74990 0.0000e+00
      12217    204.660     1.8558     1.8259   2.943550   2.941008     2.5001     2.4679      8.147     0.0557     1.6876 1.0827e-01     0.0651    98.3849     7.0665     7.4158    33.3552    33.3548    26.6647    26.6666    7.75053 0.0000e+00
      12220    204.724     1.8494     1.8157   2.941992   2.940185     2.4997     2.4679      8.147     0.0557     1.6876 1.0815e-01     0.0651    98.3849     7.0651     7.4167    33.3424    33.3553    26.6550    26.6678    7.75247 0.0000e+00
      12223    204.789     1.8360     1.8113   2.940671   2.940120     2.4997     2.4679      8.147     0.0557     1.6876 1.0827e-01     0.0651    98.3849     7.0662     7.4128    33.3400    33.3591    26.6539    26.6711    7.75526 0.0000e+00
      12226    204.856     1.8255     1.8105   2.940181   2.940147     2.4997     2.4675      8.147     0.0557     1.6876 1.0827e-01     0.0651    98.3849     7.0649     7.4047    33.3449    33.3602    26.6586    26.6720    7.75711 0.0000e+00
      12229    204.927     1.8184     1.8101   2.939864   2.940003     2.4997     2.4679      8.147     0.0459     1.6876 1.0827e-01     0.0651    98.3849     7.0635     7.3998    33.3483    33.3588    26.6620    26.6709    7.75834 0.0000e+00
      12232    204.999     1.8150     1.8071   2.939958   2.939577     2.4997     2.4679      8.147     0.0459     1.6876 1.0827e-01     0.0651    98.3849     7.0608     7.3926    33.3531    33.3566    26.6660    26.6694    7.75877 0.0000e+00
      12235    205.074     1.8086     1.7934   2.938595   2.937936     2.4981     2.4667      8.147     0.0410     1.7271 1.0827e-01     0.0651    98.3849     7.0534     7.3814    33.3427    33.3505    26.6581    26.6655    7.76059 0.0000e+00
      12238    205.152     1.7987     1.7808   2.937677   2.937237     2.4985     2.4667      8.147     0.0410     1.8060 1.0827e-01     0.0651    98.3849     7.0521     7.3736    33.3416    33.3549    26.6580    26.6700    7.76262 0.0000e+00
      12241    205.231     1.7908     1.7784   2.937343   2.937285     2.4985     2.4667      8.147     0.0410     1.8060 1.0827e-01     0.0651    98.3849     7.0498     7.3627    33.3456    33.3579    26.6618    26.6726    7.76397 0.0000e+00
      12244    205.313     1.7855     1.7806   2.937103   2.937558     2.4985     2.4655      8.147     0.0410     1.8060 1.0827e-01     0.0648    98.3936     7.0480     7.3460    33.3482    33.3591    26.6643    26.6733    7.76491 0.0000e+00
      12247    205.397     1.7813     1.7813   2.936804   2.937588     2.4981     2.4655      8.147     0.0410     1.8060 1.0827e-01     0.0651    98.3849     7.0419     7.3325    33.3488    33.3586    26.6650    26.6729    7.76572 0.0000e+00
      12250    205.482     1.7778     1.7866   2.936634   2.938624     2.4960     2.4643      8.147     0.0459     1.8060 1.0827e-01     0.0662    98.3589     7.0290     7.3153    33.3503    33.3660    26.6665    26.6784    7.76633 0.0000e+00
      12253    205.570     1.7773     1.8033   2.937139   2.940325     2.4964     2.4643      8.147     0.0410     1.8060 1.0827e-01     0.0662    98.3589     7.0238     7.3003    33.3572    33.3697    26.6720    26.6801    7.76608 0.0000e+00
      12256    205.661     1.7799     1.8177   2.937538   2.941399     2.4960     2.4630      8.147     0.0508     1.8060 1.0815e-01     0.0662    98.3589     7.0144     7.2825    33.3593    33.3679    26.6736    26.6776    7.76544 0.0000e+00
      12259    205.756     1.7822     1.8256   2.937682   2.941738     2.4940     2.4618      8.147     0.0606     1.8060 1.0827e-01     0.0662    98.3589     7.0022     7.2652    33.3586    33.3637    26.6729    26.6738    7.76501 0.0000e+00
      12262    205.849     1.7868     1.8252   2.938878   2.941721     2.4936     2.4610      8.147     0.0508     1.8060 1.0827e-01     0.0662    98.3589     6.9930     7.2525    33.3687    33.3639    26.6806    26.6739    7.76357 0.0000e+00
      12265    205.944     1.8003     1.8321   2.941064   2.942768     2.4936     2.4598      8.147     0.0557     1.8060 1.0827e-01     0.0662    98.3589     6.9840     7.2378    33.3819    33.3697    26.6901    26.6781    7.76018 0.0000e+00
      12268    206.042     1.8151     1.8271   2.942322   2.942057     2.4928     2.4586      8.147     0.0557     1.8060 1.0827e-01     0.0662    98.3589     6.9741     7.2275    33.3820    33.3660    26.6892    26.6755    7.75724 0.0000e+00
      12271    206.145     1.8272     1.8131   2.943146   2.940520     2.4903     2.4569      8.147     0.0508     1.8060 1.0827e-01     0.0651    98.3849     6.9598     7.2162    33.3795    33.3614    26.6863    26.6728    7.75495 0.0000e+00
      12274    206.250     1.8301     1.7936   2.942459   2.939207     2.4895     2.4565      8.147     0.0557     1.7665 1.0827e-01     0.0651    98.3849     6.9532     7.2127    33.3677    33.3655    26.6766    26.6775    7.75498 0.0000e+00
      12277    206.352     1.8281     1.7859   2.942135   2.938940     2.4875     2.4549      8.147     0.0557     1.8060 1.0827e-01     0.0651    98.3849     6.9428     7.2059    33.3658    33.3702    26.6752    26.6819    7.75549 0.0000e+00
      12280    206.463     1.8198     1.7845   2.940451   2.938986     2.4862     2.4533      8.147     0.0557     1.8060 1.0827e-01     0.0651    98.3849     6.9392     7.2013    33.3533    33.3722    26.6658    26.6836    7.75779 0.0000e+00
      12283    206.573     1.8092     1.7843   2.939849   2.938951     2.4866     2.4520      8.147     0.0410     1.8060 1.0827e-01     0.0651    98.3849     6.9416     7.1959    33.3569    33.3720    26.6695    26.6834    7.75972 0.0000e+00
      12286    206.689     1.8023     1.7808   2.939657   2.938240     2.4842     2.4512      8.147     0.0410     1.8060 1.0827e-01     0.0651    98.3849     6.9311     7.1948    33.3617    33.3666    26.6739    26.6793    7.76085 0.0000e+00
      12289    206.808     1.7971     1.7646   2.939115   2.936823     2.4834     2.4496      8.147     0.0508     1.9245 1.0827e-01     0.0680    98.3154     6.9317     7.1920    33.3604    33.3659    26.6731    26.6799    7.76196 0.0000e+00
      12292    206.924     1.7850     1.7509   2.936777   2.935643     2.4818     2.4484      8.147     0.0410     1.9245 1.0827e-01     0.0694    98.2807     6.9351     7.1902    33.3437    33.3655    26.6606    26.6806    7.76523 0.0000e+00
      12295    207.046     1.7630     1.7474   2.934344   2.935613     2.4810     2.4463      8.147     0.0410     1.9245 1.0827e-01     0.0694    98.2807     6.9409     7.1832    33.3364    33.3688    26.6564    26.6835    7.77003 0.0000e+00
      12298    207.174     1.7386     1.7299   2.931866   2.933380     2.4789     2.4459      8.145     0.0410     1.9245 1.0827e-01     0.0694    98.2807     6.9420     7.1881    33.3309    33.3591    26.6537    26.6770    7.77519 0.0000e+00
      12301    207.301     1.7134     1.7267   2.930031   2.933607     2.4781     2.4451      8.147     0.0410     1.9245 1.0827e-01     0.0694    98.2807     6.9475     7.1920    33.3343    33.3652    26.6583    26.6821    7.78005 0.0000e+00
      12304    207.430     1.6926     1.6988   2.927923   2.929976     2.4777     2.4443      8.144     0.0410     1.9245 1.0827e-01     0.0694    98.2807     6.9512     7.2027    33.3298    33.3490    26.6561    26.6712    7.78447 0.0000e+00
      12307    207.561     1.6636     1.6609   2.925015   2.926758     2.4752     2.4423      8.146     0.0410     1.9245 1.0827e-01     0.0694    98.2807     6.9513     7.2137    33.3237    33.3486    26.6534    26.6735    7.79061 0.0000e+00
      12310    207.694     1.6421     1.6202   2.924419   2.922706     2.4748     2.4414      8.146     0.0410     1.9245 1.0827e-01     0.0704    98.2546     6.9570     7.2348    33.3389    33.3404    26.6671    26.6698    7.79413 0.0000e+00
      12313    207.831     1.6230     1.5668   2.921453   2.918599     2.4756     2.4398      8.145     0.0410     1.8850 1.0815e-01     0.0704    98.2546     6.9672     7.2583    33.3217    33.3452    26.6546    26.6774    7.79888 0.0000e+00
      12316    207.966     1.5759     1.5493   2.914280   2.917061     2.4748     2.4382      8.143     0.0361     1.8060 1.0815e-01     0.0704    98.2546     6.9792     7.2783    33.2808    33.3442    26.6252    26.6778    7.81051 0.0000e+00
      12319    208.106     1.5236     1.4940   2.910533   2.911325     2.4728     2.4378      8.143     0.0410     1.8060 1.0827e-01     0.0704    98.2546     6.9860     7.3130    33.2888    33.3302    26.6352    26.6705    7.82066 0.0000e+00
      12322    208.245     1.4884     1.4480   2.909352   2.908104     2.4728     2.4370      8.144     0.0410     1.8060 1.0827e-01     0.0704    98.2546     6.9946     7.3453    33.3112    33.3382    26.6555    26.6799    7.82661 0.0000e+00
      12325    208.381     1.4630     1.4194   2.907493   2.906211     2.4712     2.4370      8.144     0.0361     1.8060 1.0827e-01     0.0704    98.2546     6.9966     7.3795    33.3145    33.3445    26.6599    26.6869    7.83158 0.0000e+00
      12328    208.519     1.4340     1.4059   2.903960   2.904666     2.4704     2.4366      8.142     0.0410     1.8060 1.0827e-01     0.0708    98.2459     7.0031     7.4104    33.3004    33.3391    26.6506    26.6836    7.83820 0.0000e+00
      12331    208.652     1.3942     1.3680   2.900005   2.900903     2.4695     2.4378      8.142     0.0410     1.8060 1.0827e-01     0.0726    98.2025     7.0113     7.4507    33.2923    33.3315    26.6468    26.6800    7.84671 0.0000e+00
      12334    208.785     1.3664     1.3463   2.899261   2.899858     2.4687     2.4378      8.139     0.0313     1.8060 1.0802e-01     0.0726    98.2025     7.0129     7.4781    33.3124    33.3413    26.6648    26.6893    7.85131 0.0000e+00
      12337    208.916     1.3478     1.3342   2.898290   2.898339     2.4683     2.4386      8.139     0.0264     1.7665 1.0827e-01     0.0729    98.1938     7.0174     7.5036    33.3198    33.3348    26.6719    26.6850    7.85471 0.0000e+00
      12340    209.040     1.3346     1.2938   2.897412   2.893546     2.4679     2.4398      8.139     0.0215     1.8060 1.0827e-01     0.0729    98.1938     7.0235     7.5299    33.3225    33.3167    26.6750    26.6731    7.85724 0.0000e+00
      12343    209.163     1.3213     1.2670   2.896250   2.892207     2.4675     2.4406      8.139     0.0264     1.8060 1.0827e-01     0.0733    98.1851     7.0297     7.5438    33.3218    33.3282    26.6753    26.6841    7.85999 0.0000e+00
      12346    209.283     1.3048     1.2034   2.894295   2.884113     2.4667     2.4423      8.139     0.0264     1.8060 1.0827e-01     0.0726    98.2025     7.0343     7.5673    33.3145    33.2926    26.6705    26.6596    7.86376 0.0000e+00
      12349    209.396     1.2963     1.1252   2.894744   2.877750     2.4667     2.4423      8.138     0.0264     1.8060 1.0815e-01     0.0750    98.1416     7.0399     7.5805    33.3291    33.2947    26.6828    26.6664    7.86470 0.0000e+00
      12352    209.510     1.2787     1.1049   2.891062   2.879749     2.4659     2.4435      8.137     0.0215     1.8060 1.0827e-01     0.0768    98.0982     7.0459     7.5803    33.3010    33.3418    26.6614    26.7055    7.86980 0.0000e+00
      12355    209.615     1.2515     1.1356   2.888458   2.882411     2.4655     2.4439      8.135     0.0264     1.8060 1.0827e-01     0.0768    98.0982     7.0541     7.5650    33.2967    33.3430    26.6598    26.7045    7.87560 0.0000e+00
      12358    209.718     1.2162     1.1424   2.883032   2.882047     2.4646     2.4443      8.135     0.0215     1.8060 1.0827e-01     0.0768    98.0982     7.0606     7.5545    33.2650    33.3310    26.6366    26.6945    7.88452 0.0000e+00
      12361    209.816     1.1681     1.1493   2.879025   2.883099     2.4651     2.4447      8.135     0.0459     1.8060 1.0827e-01     0.0768    98.0982     7.0745     7.5414    33.2651    33.3370    26.6398    26.6988    7.89439 0.0000e+00
      12364    209.906     1.1461     1.1560   2.880617   2.883412     2.4642     2.4443      8.135     0.0557     1.8060 1.0815e-01     0.0768    98.0982     7.0757     7.5269    33.3087    33.3339    26.6763    26.6958    7.89657 0.0000e+00
      12367    209.989     1.1422     1.1557   2.880957   2.883185     2.4646     2.4447      8.135     0.0557     1.8850 1.0827e-01     0.0768    98.0982     7.0785     7.5201    33.3172    33.3313    26.6833    26.6938    7.89693 0.0000e+00
      12370    210.067     1.1462     1.1599   2.882977   2.884123     2.4638     2.4447      8.135     0.0557     1.9245 1.0827e-01     0.0761    98.1156     7.0751     7.5137    33.3387    33.3387    26.7003    26.6995    7.89496 0.0000e+00
      12373    210.138     1.1626     1.1653   2.885595   2.883358     2.4642     2.4447      8.135     0.0557     1.9245 1.0827e-01     0.0757    98.1243     7.0759     7.5100    33.3545    33.3231    26.7120    26.6866    7.89073 0.0000e+00
      12376    210.204     1.2266     1.1127   2.900275   2.877255     2.4642     2.4455      8.135     0.0557     1.9245 1.0827e-01     0.0757    98.1243     7.0589     7.5220    33.4735    33.3013    26.8034    26.6724    7.87128 0.0000e+00
      12379    210.265     1.3242     1.0875   2.900685   2.877634     2.4634     2.4447      8.135     0.0557     1.9245 1.0827e-01     0.0757    98.1243     7.0429     7.5214    33.3745    33.3330    26.7174    26.6995    7.85660 0.0000e+00
      12382    210.320     1.3312     1.0961   2.904574   2.877949     2.4630     2.4447      8.130     0.0606     1.9245 1.0827e-01     0.0757    98.1243     7.0394     7.5204    33.4164    33.3278    26.7506    26.6948    7.85295 0.0000e+00
      12385    210.369     1.3826     1.0861   2.911071   2.877092     2.4638     2.4447      8.134     0.0508     1.9245 1.0827e-01     0.0757    98.1243     7.0311     7.5264    33.4441    33.3275    26.7695    26.6952    7.84103 0.0000e+00
      12388    210.412     1.4462     1.0738   2.915861   2.877320     2.4622     2.4451      8.132     0.0215     1.9245 1.0827e-01     0.0757    98.1243     7.0146     7.5316    33.4371    33.3434    26.7594    26.7088    7.82848 0.0000e+00
      12391    210.450     1.5133     1.1064   2.921200   2.880567     2.4618     2.4459      8.132     0.0264     1.8850 1.0827e-01     0.0775    98.0808     7.0021     7.5286    33.4333    33.3501    26.7518    26.7121    7.81511 0.0000e+00
      12394    210.481     1.5619     1.1373   2.922474   2.882011     2.4630     2.4459      8.134     0.0264     1.8060 1.0815e-01     0.0768    98.0982     6.9990     7.5206    33.3977    33.3355    26.7199    26.6984    7.80717 0.0000e+00
