Datasets/AZMP/COO001/79001024.cnv
* Sea-Bird SBE 9 Data File:
* FileName = C:\CTDDATA\79001024.hex
* Software Version Seasave V 7.26.7.110
* Temperature SN = 5660
* Conductivity SN = 3698
* Number of Bytes Per Scan = 30
* Number of Voltage Words = 4
* Number of Scans Averaged by the Deck Unit = 1
* NMEA baud rate = 9600
** VESSEL/TRIP/SEQ STN:  79001024
** LATITUDE XX XX.XX N:  46 04.20 N
** LONGITUDE XX XX.XX W:  52 30.00 W
** SOUNDING DEPTH (M):  0093
** PROBE TYPE: S1257
** CTD NUMBER: 011
** COMMENTS (14 CHAR): SEGB-05
** BOTTLES:  20
** LEVELS: 5,5,5,5,10,20,20,20,20,30,40,50,50,50,50,75,BTM,BTM,BTM,BTM
** STICKERS: 434725 - 434744
** VNET: Y
** DO2: N
# nquan = 22
# nvalues = 3203                        
# units = specified
# name 0 = scan: Scan Count
# name 1 = prDM: Pressure, Digiquartz [db]
# name 2 = t090C: Temperature [ITS-90, deg C]
# name 3 = t190C: Temperature, 2 [ITS-90, deg C]
# name 4 = c0S/m: Conductivity [S/m]
# name 5 = c1S/m: Conductivity, 2 [S/m]
# name 6 = sbeox0V: Oxygen raw, SBE 43 [V]
# name 7 = sbeox1V: Oxygen raw, SBE 43, 2 [V]
# name 8 = ph: pH
# name 9 = flECO-AFL: Fluorescence, WET Labs ECO-AFL/FL [mg/m^3]
# name 10 = wetCDOM: Fluorescence, WET Labs CDOM [mg/m^3]
# name 11 = par/sat/log: PAR/Logarithmic, Satlantic [umol photons/m^2/sec]
# name 12 = CStarAt0: Beam Attenuation, WET Labs C-Star [1/m]
# name 13 = CStarTr0: Beam Transmission, WET Labs C-Star [%]
# name 14 = sbeox0ML/L: Oxygen, SBE 43 [ml/l], WS = 2
# name 15 = sbeox1ML/L: Oxygen, SBE 43, 2 [ml/l], WS = 2
# name 16 = sal00: Salinity, Practical [PSU]
# name 17 = sal11: Salinity, Practical, 2 [PSU]
# name 18 = sigma-t00: Density [sigma-t, kg/m^3 ]
# name 19 = sigma-t11: Density, 2 [sigma-t, kg/m^3 ]
# name 20 = oxsatML/L: Oxygen Saturation, Weiss [ml/l]
# name 21 = flag: flag
# span 0 =         48,      35359       
# span 1 =      1.613,     86.816       
# span 2 =    -0.3774,     7.1562       
# span 3 =    -0.3824,     7.1571       
# span 4 =   2.730016,   3.264739       
# span 5 =   2.729895,   3.264903       
# span 6 =     2.4408,     2.9659       
# span 7 =     2.2564,     2.7473       
# span 8 =      7.932,      8.168       
# span 9 =     0.0996,     2.8640       
# span 10 =     1.0954,     2.1614      
# span 11 = 1.0752e-01, 3.4404e+01      
# span 12 =     0.1045,     0.4004      
# span 13 =    90.4772,    97.4204      
# span 14 =     6.1921,     8.3546      
# span 15 =     5.2704,     6.5857      
# span 16 =    30.9799,    33.3077      
# span 17 =    31.7905,    33.0626      
# span 18 =    24.5428,    26.5741      
# span 19 =    24.9747,    26.5586      
# span 20 =    6.87208,    8.23524      
# span 21 = 0.0000e+00, 0.0000e+00      
# interval = scans: 3                   
# start_time = Nov 23 2019 18:22:59 [System UTC, header]
# bad_flag = -9.990e-29
*END*
[from data line 1712]
      11030     77.252    -0.3499    -0.2787   2.731575   2.736287     2.4490     2.2601      7.937     0.1436     1.9245 1.0752e-01     0.3118    92.5020     7.2926     5.9492    33.0520    33.0374    26.5496    26.5348    8.22942 0.0000e+00
      11033     77.229    -0.3501    -0.2814   2.731580   2.736453     2.4498     2.2601      7.937     0.1485     1.9245 1.0790e-01     0.3095    92.5541     7.2929     5.9500    33.0523    33.0425    26.5499    26.5390    8.22945 0.0000e+00
      11036     77.201    -0.3486    -0.2765   2.731745   2.736913     2.4498     2.2605      7.937     0.1436     1.9245 1.0765e-01     0.3095    92.5541     7.2900     5.9512    33.0529    33.0434    26.5503    26.5395    8.22909 0.0000e+00
      11039     77.168    -0.3478    -0.2716   2.731740   2.737027     2.4510     2.2613      7.937     0.1436     1.9245 1.0777e-01     0.3099    92.5454     7.2908     5.9538    33.0520    33.0396    26.5495    26.5362    8.22896 0.0000e+00
      11042     77.133    -0.3462    -0.2793   2.731941   2.735942     2.4518     2.2613      7.937     0.1436     1.8850 1.0777e-01     0.3099    92.5454     7.2902     5.9556    33.0530    33.0335    26.5502    26.5316    8.22856 0.0000e+00
      11045     77.097    -0.3446    -0.2906   2.732042   2.735453     2.4518     2.2613      7.937     0.1534     1.9245 1.0765e-01     0.3095    92.5541     7.2859     5.9571    33.0525    33.0393    26.5498    26.5368    8.22821 0.0000e+00
      11048     77.060    -0.3449    -0.2702   2.731775   2.737878     2.4522     2.2622      7.935     0.1436     1.9245 1.0777e-01     0.3095    92.5541     7.2821     5.9566    33.0493    33.0494    26.5472    26.5441    8.22846 0.0000e+00
      11051     77.019    -0.3467    -0.2304   2.731639   2.741386     2.4522     2.2626      7.937     0.1534     1.9245 1.0790e-01     0.3035    92.6931     7.2767     5.9492    33.0495    33.0529    26.5474    26.5451    8.22885 0.0000e+00
      11054     76.975    -0.3483    -0.1937   2.731569   2.744290     2.4518     2.2626      7.935     0.1583     1.9245 1.0752e-01     0.3031    92.7018     7.2686     5.9401    33.0503    33.0517    26.5482    26.5425    8.22915 0.0000e+00
      11057     76.929    -0.3476    -0.1612   2.731943   2.745612     2.4522     2.2626      7.937     0.1485     1.9245 1.0765e-01     0.3031    92.7018     7.2623     5.9313    33.0545    33.0340    26.5516    26.5267    8.22876 0.0000e+00
      11060     76.883    -0.3405    -0.1567   2.732686   2.745695     2.4518     2.2626      7.937     0.1436     1.9245 1.0765e-01     0.3027    92.7105     7.2536     5.9268    33.0568    33.0302    26.5531    26.5235    8.22708 0.0000e+00
      11063     76.836    -0.3363    -0.1513   2.732883   2.745969     2.4518     2.2626      7.935     0.1436     1.9245 1.0765e-01     0.3031    92.7018     7.2476     5.9221    33.0549    33.0281    26.5514    26.5215    8.22626 0.0000e+00
      11066     76.787    -0.3289    -0.1434   2.733517   2.746060     2.4518     2.2626      7.937     0.1290     1.9245 1.0790e-01     0.3031    92.7018     7.2422     5.9185    33.0554    33.0207    26.5515    26.5152    8.22461 0.0000e+00
      11069     76.738    -0.3284    -0.1323   2.733171   2.747356     2.4510     2.2626      7.937     0.1339     1.9245 1.0765e-01     0.3035    92.6931     7.2373     5.9140    33.0502    33.0260    26.5473    26.5189    8.22478 0.0000e+00
      11072     76.690    -0.3265    -0.1143   2.733478   2.748089     2.4510     2.2638      7.937     0.1339     1.9245 1.0765e-01     0.3043    92.6758     7.2356     5.9126    33.0522    33.0161    26.5488    26.5102    8.22424 0.0000e+00
      11075     76.639    -0.3240    -0.1085   2.733162   2.748312     2.4506     2.2626      7.937     0.1290     1.9245 1.0765e-01     0.3043    92.6758     7.2344     5.9068    33.0454    33.0129    26.5432    26.5073    8.22409 0.0000e+00
      11078     76.591    -0.3244    -0.1146   2.733053   2.746904     2.4502     2.2630      7.937     0.1290     1.9245 1.0765e-01     0.3039    92.6845     7.2343     5.9099    33.0443    33.0009    26.5424    26.4979    8.22422 0.0000e+00
      11081     76.545    -0.3250    -0.1395   2.733257   2.745197     2.4502     2.2626      7.935     0.1290     1.9245 1.0765e-01     0.3043    92.6758     7.2351     5.9138    33.0478    33.0052    26.5452    26.5025    8.22416 0.0000e+00
      11084     76.499    -0.3215    -0.1505   2.735017   2.745009     2.4498     2.2626      7.934     0.1339     1.9245 1.0790e-01     0.3043    92.6758     7.2345     5.9159    33.0675    33.0147    26.5609    26.5106    8.22229 0.0000e+00
      11087     76.452    -0.3051    -0.1258   2.737643   2.748173     2.4498     2.2626      7.937     0.1339     1.9245 1.0777e-01     0.3043    92.6758     7.2337     5.9121    33.0846    33.0299    26.5741    26.5218    8.21771 0.0000e+00
      11090     76.411    -0.2862    -0.0614   2.738530   2.752426     2.4494     2.2630      7.937     0.1387     1.9245 1.0765e-01     0.3076    92.5975     7.2314     5.9030    33.0759    33.0165    26.5661    26.5080    8.21403 0.0000e+00
      11093     76.372    -0.2701    -0.0124   2.738566   2.755292     2.4494     2.2630      7.937     0.1339     2.0035 1.0777e-01     0.3110    92.5193     7.2326     5.8953    33.0589    33.0014    26.5517    26.4935    8.21145 0.0000e+00
      11096     76.335    -0.2605     0.0084   2.738531   2.755848     2.4498     2.2626      7.935     0.1339     2.1614 1.0765e-01     0.3106    92.5280     7.2347     5.8926    33.0480    32.9864    26.5425    26.4804    8.20996 0.0000e+00
      11099     76.300    -0.2542     0.0071   2.738614   2.755293     2.4494     2.2630      7.937     0.1339     2.1614 1.0765e-01     0.3110    92.5193     7.2342     5.8968    33.0423    32.9805    26.5376    26.4757    8.20888 0.0000e+00
      11102     76.262    -0.2519    -0.0036   2.738230   2.754839     2.4498     2.2630      7.932     0.1339     2.1614 1.0765e-01     0.3110    92.5193     7.2380     5.9006    33.0348    32.9861    26.5314    26.4807    8.20881 0.0000e+00
      11105     76.230    -0.2528    -0.0066   2.738201   2.753533     2.4498     2.2634      7.935     0.1290     2.1614 1.0765e-01     0.3110    92.5193     7.2382     5.9060    33.0353    32.9721    26.5319    26.4696    8.20897 0.0000e+00
      11108     76.204    -0.2533    -0.0354   2.738296   2.751528     2.4498     2.2634      7.935     0.1290     2.1614 1.0777e-01     0.3110    92.5193     7.2394     5.9134    33.0372    32.9767    26.5335    26.4747    8.20898 0.0000e+00
      11111     76.174    -0.2519    -0.0549   2.738414   2.750775     2.4506     2.2638      7.937     0.1339     2.1614 1.0790e-01     0.3069    92.6149     7.2417     5.9209    33.0373    32.9878    26.5335    26.4846    8.20867 0.0000e+00
      11114     76.143    -0.2491    -0.0610   2.738785   2.750246     2.4498     2.2638      7.934     0.1290     2.1614 1.0765e-01     0.3054    92.6497     7.2386     5.9242    33.0391    32.9875    26.5348    26.4845    8.20794 0.0000e+00
      11117     76.116    -0.2469    -0.0834   2.738833   2.748728     2.4502     2.2638      7.935     0.1290     2.1614 1.0790e-01     0.3054    92.6497     7.2396     5.9304    33.0374    32.9916    26.5334    26.4889    8.20757 0.0000e+00
      11120     76.088    -0.2463    -0.1103   2.738273   2.748475     2.4506     2.2642      7.937     0.1290     2.0824 1.0777e-01     0.3054    92.6497     7.2415     5.9369    33.0293    33.0173    26.5268    26.5109    8.20788 0.0000e+00
      11124     76.058    -0.2546    -0.0987   2.737461   2.747760     2.4498     2.2642      7.935     0.1339     2.0429 1.0765e-01     0.3054    92.6497     7.2415     5.9349    33.0275    32.9953    26.5257    26.4926    8.20980 0.0000e+00
      11128     76.023    -0.2667    -0.1149   2.736518   2.746192     2.4498     2.2650      7.935     0.1436     2.0429 1.0765e-01     0.3054    92.6497     7.2441     5.9394    33.0281    32.9921    26.5267    26.4908    8.21242 0.0000e+00
      11131     75.994    -0.2755    -0.1372   2.736246   2.746025     2.4502     2.2654      7.937     0.1290     2.0429 1.0765e-01     0.3047    92.6671     7.2462     5.9424    33.0342    33.0141    26.5320    26.5096    8.21404 0.0000e+00
      11134     75.967    -0.2784    -0.1357   2.736515   2.746647     2.4498     2.2662      7.935     0.1290     2.0429 1.0752e-01     0.3043    92.6758     7.2439     5.9428    33.0409    33.0206    26.5375    26.5148    8.21429 0.0000e+00
      11137     75.943    -0.2766    -0.1227   2.736692   2.747286     2.4506     2.2662      7.937     0.1290     2.0429 1.0765e-01     0.3043    92.6758     7.2459     5.9387    33.0413    33.0150    26.5377    26.5097    8.21386 0.0000e+00
      11140     75.917    -0.2750    -0.1109   2.736771   2.747795     2.4506     2.2662      7.937     0.1290     2.0429 1.0752e-01     0.3043    92.6758     7.2429     5.9332    33.0406    33.0090    26.5371    26.5042    8.21355 0.0000e+00
      11143     75.889    -0.2736    -0.1095   2.736818   2.747883     2.4510     2.2662      7.937     0.1339     2.0429 1.0765e-01     0.3043    92.6758     7.2427     5.9270    33.0397    33.0087    26.5364    26.5039    8.21330 0.0000e+00
      11146     75.860    -0.2736    -0.1084   2.736930   2.748116     2.4510     2.2662      7.937     0.1339     1.9640 1.0752e-01     0.3043    92.6758     7.2406     5.9212    33.0412    33.0107    26.5376    26.5054    8.21321 0.0000e+00
      11149     75.831    -0.2665    -0.1036   2.737632   2.748543     2.4506     2.2662      7.937     0.1290     1.9245 1.0765e-01     0.3043    92.6758     7.2345     5.9118    33.0429    33.0111    26.5386    26.5056    8.21156 0.0000e+00
      11152     75.800    -0.2614    -0.1016   2.738513   2.748945     2.4510     2.2662      7.935     0.1290     1.9245 1.0777e-01     0.2915    92.9712     7.2330     5.9048    33.0491    33.0143    26.5434    26.5081    8.21010 0.0000e+00
      11155     75.771    -0.2506    -0.0958   2.738864   2.749174     2.4506     2.2662      7.935     0.1339     1.9245 1.0777e-01     0.2908    92.9886     7.2274     5.8988    33.0420    33.0110    26.5372    26.5052    8.20811 0.0000e+00
      11158     75.740    -0.2439    -0.0823   2.738956   2.749349     2.4502     2.2662      7.937     0.1290     1.9245 1.0777e-01     0.2908    92.9886     7.2229     5.8929    33.0360    32.9988    26.5321    26.4947    8.20698 0.0000e+00
      11161     75.705    -0.2441    -0.0794   2.738958   2.749494     2.4498     2.2662      7.937     0.1290     1.9245 1.0777e-01     0.2908    92.9886     7.2212     5.8906    33.0363    32.9977    26.5323    26.4936    8.20701 0.0000e+00
      11164     75.671    -0.2451    -0.0884   2.738970   2.749674     2.4498     2.2654      7.937     0.1339     1.9245 1.0777e-01     0.2908    92.9886     7.2231     5.8861    33.0375    33.0097    26.5333    26.5038    8.20716 0.0000e+00
      11167     75.640    -0.2411    -0.0934   2.739207   2.749905     2.4494     2.2650      7.937     0.1290     1.9245 1.0765e-01     0.2908    92.9886     7.2244     5.8828    33.0363    33.0182    26.5322    26.5108    8.20634 0.0000e+00
      11170     75.608    -0.2263    -0.0919   2.740987   2.749588     2.4490     2.2646      7.937     0.1436     1.9245 1.0765e-01     0.2886    93.0407     7.2247     5.8801    33.0440    33.0125    26.5377    26.5061    8.20267 0.0000e+00
      11173     75.574    -0.2023    -0.0995   2.742904   2.749248     2.4494     2.2638      7.937     0.1485     1.9245 1.0790e-01     0.2789    93.2667     7.2238     5.8784    33.0434    33.0162    26.5362    26.5096    8.19743 0.0000e+00
      11176     75.541    -0.1843    -0.0941   2.744516   2.748926     2.4490     2.2638      7.935     0.1534     1.9245 1.0777e-01     0.2796    93.2493     7.2202     5.8773    33.0453    33.0061    26.5369    26.5012    8.19338 0.0000e+00
      11179     75.512    -0.1713    -0.0924   2.745173   2.748614     2.4494     2.2638      7.935     0.1485     1.9245 1.0790e-01     0.2792    93.2580     7.2190     5.8765    33.0400    33.0001    26.5320    26.4962    8.19084 0.0000e+00
      11182     75.485    -0.1716    -0.0971   2.745246   2.748479     2.4494     2.2638      7.936     0.1485     1.9245 1.0790e-01     0.2792    93.2580     7.2163     5.8770    33.0413    33.0035    26.5331    26.4991    8.19083 0.0000e+00
      11976     75.464     0.1187     0.0739   2.762477   2.758822     2.4579     2.2773      7.941     0.1583     2.0034 1.0777e-01     0.2551    93.8228     7.1917     5.9360    32.9555    32.9556    26.4499    26.4523    8.13264 0.0000e+00
      13373     75.414     0.4995     0.4598   2.788071   2.785135     2.4837     2.2919      7.951     0.1436     2.0429 1.0790e-01     0.2495    93.9532     7.2116     5.8896    32.8824    32.8865    26.3716    26.3770    8.05486 0.0000e+00
      13376     75.349     0.5046     0.4666   2.789046   2.786924     2.4833     2.2919      7.952     0.1534     2.0429 1.0790e-01     0.2473    94.0053     7.2000     5.8856    32.8897    32.9026    26.3772    26.3896    8.05338 0.0000e+00
      13379     75.288     0.5127     0.5238   2.789380   2.793714     2.4833     2.2907      7.951     0.1534     2.0429 1.0790e-01     0.2473    94.0053     7.1887     5.8681    32.8854    32.9300    26.3733    26.4085    8.05189 0.0000e+00
      13382     75.232     0.5247     0.5957   2.791337   2.799034     2.4837     2.2907      7.954     0.1534     2.0429 1.0777e-01     0.2473    94.0053     7.1782     5.8542    32.8981    32.9224    26.3828    26.3985    8.04865 0.0000e+00
      13385     75.176     0.5559     0.6260   2.794635   2.796434     2.4824     2.2907      7.949     0.1485     2.0429 1.0777e-01     0.2473    94.0053     7.1581     5.8507    32.9078    32.8565    26.3889    26.3437    8.04150 0.0000e+00
      13388     75.125     0.5864     0.6332   2.795737   2.796740     2.4820     2.2907      7.950     0.1485     2.0429 1.0790e-01     0.2469    94.0140     7.1442     5.8496    32.8895    32.8527    26.3725    26.3403    8.03602 0.0000e+00
      13391     75.078     0.5906     0.6392   2.793045   2.797529     2.4816     2.2907      7.951     0.1387     2.0429 1.0790e-01     0.2473    94.0053     7.1391     5.8498    32.8502    32.8566    26.3406    26.3431    8.03729 0.0000e+00
      13394     75.038     0.5787     0.6433   2.791858   2.797948     2.4812     2.2895      7.953     0.1339     2.0429 1.0790e-01     0.2462    94.0314     7.1374     5.8471    32.8475    32.8578    26.3391    26.3438    8.03996 0.0000e+00
      13397     75.000     0.5692     0.6708   2.792017   2.801284     2.4808     2.2899      7.953     0.1339     1.9640 1.0790e-01     0.2458    94.0401     7.1367     5.8459    32.8597    32.8717    26.3494    26.3535    8.04131 0.0000e+00
      13400     74.964     0.5765     0.6922   2.794015   2.802040     2.4796     2.2895      7.951     0.1290     1.9245 1.0790e-01     0.2462    94.0314     7.1297     5.8441    32.8779    32.8588    26.3637    26.3419    8.03877 0.0000e+00
      13403     74.936     0.6045     0.6892   2.796295   2.801471     2.4788     2.2895      7.953     0.1339     1.9245 1.0790e-01     0.2455    94.0487     7.1225     5.8472    32.8777    32.8546    26.3620    26.3387    8.03285 0.0000e+00
      13519     74.912     0.5990     0.7089   2.795483   2.803354     2.4869     2.2936      7.951     0.1387     2.0034 1.0790e-01     0.2425    94.1183     7.2145     5.8736    32.8730    32.8581    26.3585    26.3404    8.03427 0.0000e+00
      13579     74.846     0.5998     0.7252   2.794824   2.802775     2.4910     2.2964      7.953     0.1485     2.0824 1.0790e-01     0.2406    94.1617     7.2537     5.8845    32.8637    32.8334    26.3510    26.3195    8.03462 0.0000e+00
