Datasets/AZMP/COO001/79001127.cnv
* Sea-Bird SBE 9 Data File:
* FileName = C:\CTDDATA\79001127.hex
* Software Version Seasave V 7.26.7.110
* Temperature SN = 5660
* Conductivity SN = 3698
* Number of Bytes Per Scan = 30
* Number of Voltage Words = 4
* Number of Scans Averaged by the Deck Unit = 1
* NMEA baud rate = 9600
** VESSEL/TRIP/SEQ STN:  79001127
** LATITUDE XX XX.XX N:  47 34.80 N
** LONGITUDE XX XX.XX W:  52 21.00 W
** SOUNDING DEPTH (M):  0172
** PROBE TYPE: S1257
** CTD NUMBER: 087
** COMMENTS (14 CHAR): S27-02
** BOTTLES:  0
** LEVELS:
** STICKERS:
** VNET: N
** DO2: N
# nquan = 22
# nvalues = 4782                        
# units = specified
# name 0 = scan: Scan Count
# name 1 = prDM: Pressure, Digiquartz [db]
# name 2 = t090C: Temperature [ITS-90, deg C]
# name 3 = t190C: Temperature, 2 [ITS-90, deg C]
# name 4 = c0S/m: Conductivity [S/m]
# name 5 = c1S/m: Conductivity, 2 [S/m]
# name 6 = sbeox0V: Oxygen raw, SBE 43 [V]
# name 7 = sbeox1V: Oxygen raw, SBE 43, 2 [V]
# name 8 = ph: pH
# name 9 = flECO-AFL: Fluorescence, WET Labs ECO-AFL/FL [mg/m^3]
# name 10 = wetCDOM: Fluorescence, WET Labs CDOM [mg/m^3]
# name 11 = par/sat/log: PAR/Logarithmic, Satlantic [umol photons/m^2/sec]
# name 12 = CStarAt0: Beam Attenuation, WET Labs C-Star [1/m]
# name 13 = CStarTr0: Beam Transmission, WET Labs C-Star [%]
# name 14 = sbeox0ML/L: Oxygen, SBE 43 [ml/l], WS = 2
# name 15 = sbeox1ML/L: Oxygen, SBE 43, 2 [ml/l], WS = 2
# name 16 = sal00: Salinity, Practical [PSU]
# name 17 = sal11: Salinity, Practical, 2 [PSU]
# name 18 = sigma-t00: Density [sigma-t, kg/m^3 ]
# name 19 = sigma-t11: Density, 2 [sigma-t, kg/m^3 ]
# name 20 = oxsatML/L: Oxygen Saturation, Weiss [ml/l]
# name 21 = flag: flag
# span 0 =          8,      18270       
# span 1 =      0.796,    163.191       
# span 2 =    -0.8009,     2.8874       
# span 3 =    -0.8078,     2.9088       
# span 4 =   2.676217,   2.896417       
# span 5 =   2.676121,   2.898657       
# span 6 =     2.3932,     2.7661       
# span 7 =     2.3675,     2.7387       
# span 8 =      8.035,      8.165       
# span 9 =     0.0117,     0.9495       
# span 10 =    -0.1679,     2.1614      
# span 11 = 1.0690e-01, 2.4221e+00      
# span 12 =     0.0556,     0.8465      
# span 13 =    80.9272,    98.6196      
# span 14 =     6.5806,     7.7562      
# span 15 =     7.4409,     8.1627      
# span 16 =    31.8242,    33.0844      
# span 17 =    31.8259,    33.0842      
# span 18 =    25.3601,    26.5823      
# span 19 =    25.3609,    26.5826      
# span 20 =    7.62746,    8.34667      
# span 21 = 0.0000e+00, 0.0000e+00      
# interval = scans: 3                   
# start_time = Dec 10 2019 01:15:54 [System UTC, header]
# bad_flag = -9.990e-29
*END*
[from data line 2832]
      11095    131.297    -0.4366    -0.1001   2.698920   2.725213     2.5151     2.4691      8.074     0.0410     2.1614 1.0802e-01     0.0598    98.5153     7.6166     7.8638    32.6783    32.6664    26.2512    26.2271    8.26974 0.0000e+00
      11098    131.270    -0.4595    -0.1009   2.699410   2.725184     2.5164     2.4691      8.074     0.0410     2.0429 1.0802e-01     0.0602    98.5066     7.6277     7.8598    32.7096    32.6669    26.2774    26.2275    8.27307 0.0000e+00
      11101    131.241    -0.4736    -0.1021   2.698126   2.725083     2.5168     2.4695      8.074     0.0459     2.0429 1.0790e-01     0.0598    98.5153     7.6319     7.8570    32.7076    32.6668    26.2764    26.2276    8.27631 0.0000e+00
      11104    131.210    -0.4894    -0.1083   2.697691   2.723596     2.5172     2.4703      8.074     0.0410     2.0429 1.0802e-01     0.0598    98.5153     7.6338     7.8558    32.7189    32.6538    26.2862    26.2174    8.27920 0.0000e+00
      11107    131.179    -0.4926    -0.1321   2.698624   2.720318     2.5172     2.4699      8.074     0.0410     2.0429 1.0815e-01     0.0602    98.5066     7.6337     7.8560    32.7348    32.6359    26.2992    26.2040    8.27901 0.0000e+00
      11110    131.147    -0.4875    -0.1510   2.699061   2.716916     2.5172     2.4703      8.074     0.0410     2.0429 1.0815e-01     0.0616    98.4719     7.6335     7.8577    32.7351    32.6112    26.2992    26.1849    8.27784 0.0000e+00
      11113    131.113    -0.4840    -0.1801   2.699108   2.714571     2.5188     2.4703      8.074     0.0410     2.0429 1.0802e-01     0.0620    98.4632     7.6398     7.8614    32.7320    32.6112    26.2966    26.1862    8.27725 0.0000e+00
      11116    131.072    -0.4673    -0.2030   2.702281   2.713469     2.5184     2.4703      8.074     0.0410     2.0429 1.0802e-01     0.0620    98.4632     7.6326     7.8611    32.7565    32.6212    26.3156    26.1952    8.27215 0.0000e+00
      11119    131.032    -0.4372    -0.2112   2.701406   2.713219     2.5184     2.4699      8.074     0.0410     2.0429 1.0802e-01     0.0620    98.4632     7.6250     7.8572    32.7124    32.6267    26.2787    26.2001    8.26796 0.0000e+00
      11122    130.987    -0.4520    -0.2104   2.700295   2.713083     2.5188     2.4703      8.074     0.0459     2.0429 1.0802e-01     0.0620    98.4632     7.6271     7.8558    32.7135    32.6240    26.2802    26.1978    8.27118 0.0000e+00
      11125    130.940    -0.4508    -0.2143   2.702517   2.712578     2.5180     2.4703      8.074     0.0459     2.0429 1.0790e-01     0.0620    98.4632     7.6233     7.8533    32.7418    32.6216    26.3031    26.1960    8.26930 0.0000e+00
      11128    130.889    -0.4417    -0.2165   2.703983   2.712510     2.5184     2.4703      8.074     0.0410     2.0429 1.0802e-01     0.0620    98.4632     7.6222     7.8541    32.7516    32.6230    26.3106    26.1973    8.26672 0.0000e+00
      11131    130.838    -0.4313    -0.2150   2.705688   2.712827     2.5188     2.4703      8.074     0.0410     2.0429 1.0802e-01     0.0620    98.4632     7.6220     7.8553    32.7632    32.6257    26.3196    26.1994    8.26376 0.0000e+00
      11134    130.785    -0.3990    -0.2098   2.709008   2.713648     2.5200     2.4699      8.074     0.0410     2.0429 1.0802e-01     0.0620    98.4632     7.6183     7.8525    32.7726    32.6311    26.3259    26.2035    8.25605 0.0000e+00
      11137    130.729    -0.3741    -0.1952   2.708928   2.715103     2.5200     2.4703      8.073     0.0410     2.0429 1.0790e-01     0.0616    98.4719     7.6147     7.8525    32.7448    32.6347    26.3023    26.2058    8.25211 0.0000e+00
      11140    130.670    -0.3627    -0.1770   2.708493   2.716208     2.5200     2.4703      8.073     0.0410     2.0429 1.0802e-01     0.0620    98.4632     7.6167     7.8508    32.7267    32.6299    26.2873    26.2011    8.25060 0.0000e+00
      11143    130.607    -0.3546    -0.1678   2.709805   2.716524     2.5196     2.4703      8.073     0.0410     2.0429 1.0790e-01     0.0620    98.4632     7.6156     7.8523    32.7355    32.6243    26.2941    26.1962    8.24831 0.0000e+00
      11146    130.541    -0.3413    -0.1678   2.710248   2.716345     2.5200     2.4703      8.073     0.0410     2.0429 1.0790e-01     0.0620    98.4632     7.6160     7.8540    32.7272    32.6220    26.2867    26.1943    8.24585 0.0000e+00
      11149    130.473    -0.3325    -0.1612   2.709867   2.717267     2.5216     2.4703      8.073     0.0410     2.0429 1.0815e-01     0.0620    98.4632     7.6213     7.8582    32.7127    32.6271    26.2747    26.1982    8.24472 0.0000e+00
      11152    130.402    -0.3328    -0.1490   2.709111   2.718200     2.5208     2.4711      8.073     0.0410     2.0429 1.0802e-01     0.0616    98.4719     7.6168     7.8654    32.7029    32.6264    26.2668    26.1971    8.24532 0.0000e+00
      11155    130.326    -0.3356    -0.1380   2.708870   2.719048     2.5220     2.4707      8.073     0.0410     2.0429 1.0790e-01     0.0620    98.4632     7.6218     7.8696    32.7028    32.6260    26.2669    26.1962    8.24596 0.0000e+00
      11158    130.247    -0.3397    -0.1297   2.708526   2.719612     2.5216     2.4707      8.073     0.0410     2.0429 1.0802e-01     0.0620    98.4632     7.6198     7.8748    32.7027    32.6246    26.2669    26.1947    8.24687 0.0000e+00
      11161    130.167    -0.3436    -0.1316   2.708289   2.719531     2.5225     2.4707      8.073     0.0410     2.0429 1.0815e-01     0.0620    98.4632     7.6224     7.8820    32.7038    32.6256    26.2679    26.1957    8.24767 0.0000e+00
      11164    130.083    -0.3472    -0.1377   2.708107   2.720513     2.5233     2.4715      8.073     0.0410     2.0429 1.0790e-01     0.0620    98.4632     7.6266     7.8927    32.7053    32.6452    26.2693    26.2117    8.24839 0.0000e+00
      11167    129.999    -0.3469    -0.1342   2.709171   2.721582     2.5229     2.4715      8.073     0.0410     2.0429 1.0790e-01     0.0620    98.4632     7.6234     7.9009    32.7191    32.6557    26.2805    26.2200    8.24754 0.0000e+00
      11170    129.912    -0.3387    -0.1349   2.709920   2.721077     2.5237     2.4719      8.073     0.0410     2.0429 1.0802e-01     0.0620    98.4632     7.6226     7.9115    32.7203    32.6497    26.2811    26.2152    8.24565 0.0000e+00
      11173    129.824    -0.3319    -0.1440   2.709930   2.719854     2.5229     2.4728      8.073     0.0410     2.0429 1.0790e-01     0.0623    98.4545     7.6183     7.9242    32.7132    32.6434    26.2751    26.2105    8.24456 0.0000e+00
      11176    129.736    -0.3301    -0.1575   2.709525   2.718517     2.5241     2.4736      8.073     0.0410     2.0429 1.0802e-01     0.0623    98.4545     7.6230     7.9366    32.7059    32.6401    26.2691    26.2085    8.24456 0.0000e+00
      11179    129.647    -0.3315    -0.1631   2.709463   2.718828     2.5241     2.4740      8.073     0.0410     2.0429 1.0790e-01     0.0620    98.4632     7.6218     7.9451    32.7067    32.6503    26.2698    26.2170    8.24484 0.0000e+00
      11182    129.554    -0.3311    -0.1683   2.709368   2.718526     2.5237     2.4748      8.073     0.0410     2.0429 1.0802e-01     0.0620    98.4632     7.6181     7.9515    32.7050    32.6519    26.2684    26.2185    8.24484 0.0000e+00
      11185    129.461    -0.3331    -0.1728   2.708948   2.718456     2.5237     2.4748      8.073     0.0410     2.0429 1.0790e-01     0.0620    98.4632     7.6154     7.9545    32.7017    32.6558    26.2658    26.2219    8.24548 0.0000e+00
      11188    129.362    -0.3368    -0.1756   2.709000   2.718156     2.5249     2.4756      8.073     0.0410     2.0429 1.0815e-01     0.0620    98.4632     7.6192     7.9579    32.7064    32.6550    26.2697    26.2213    8.24601 0.0000e+00
      11191    129.266    -0.3336    -0.1779   2.710071   2.717961     2.5249     2.4772      8.073     0.0410     2.0429 1.0790e-01     0.0630    98.4371     7.6166     7.9632    32.7173    32.6548    26.2784    26.2213    8.24470 0.0000e+00
      11194    129.170    -0.3271    -0.1493   2.711452   2.720792     2.5257     2.4772      8.073     0.0361     2.0429 1.0790e-01     0.0630    98.4371     7.6161     7.9536    32.7287    32.6617    26.2874    26.2256    8.24262 0.0000e+00
      11197    129.074    -0.3098    -0.1006   2.712295   2.723006     2.5257     2.4776      8.073     0.0410     2.0429 1.0790e-01     0.0630    98.4371     7.6118     7.9420    32.7213    32.6390    26.2807    26.2051    8.23921 0.0000e+00
      11200    128.978    -0.3055    -0.0768   2.710803   2.724081     2.5265     2.4785      8.073     0.0410     2.0429 1.0802e-01     0.0627    98.4458     7.6132     7.9385    32.6969    32.6279    26.2608    26.1950    8.23963 0.0000e+00
      11203    128.882    -0.3134    -0.0621   2.709811   2.724743     2.5253     2.4785      8.075     0.0410     2.0429 1.0815e-01     0.0627    98.4458     7.6107     7.9345    32.6923    32.6209    26.2574    26.1887    8.24164 0.0000e+00
      11206    128.789    -0.3237    -0.0544   2.708769   2.725082     2.5253     2.4793      8.073     0.0410     2.0429 1.0802e-01     0.0630    98.4371     7.6140     7.9352    32.6896    32.6173    26.2557    26.1854    8.24408 0.0000e+00
      11209    128.696    -0.3358    -0.0503   2.707927   2.725306     2.5253     2.4797      8.073     0.0459     2.0429 1.0790e-01     0.0630    98.4371     7.6131     7.9350    32.6915    32.6159    26.2577    26.1841    8.24665 0.0000e+00
      11212    128.604    -0.3453    -0.0469   2.708092   2.725686     2.5257     2.4801      8.073     0.0410     2.0429 1.0790e-01     0.0623    98.4545     7.6140     7.9332    32.7039    32.6174    26.2681    26.1852    8.24804 0.0000e+00
      11215    128.509    -0.3396    -0.0422   2.711426   2.726052     2.5257     2.4805      8.075     0.0410     2.0429 1.0815e-01     0.0623    98.4545     7.6113     7.9344    32.7421    32.6172    26.2988    26.1848    8.24462 0.0000e+00
      11218    128.417    -0.2934    -0.0374   2.715841   2.726410     2.5257     2.4813      8.073     0.0410     2.0429 1.0802e-01     0.0627    98.4458     7.5999     7.9378    32.7512    32.6168    26.3041    26.1843    8.23391 0.0000e+00
      11221    128.326    -0.2484    -0.0328   2.717237   2.726740     2.5265     2.4813      8.073     0.0410     2.0429 1.0790e-01     0.0620    98.4632     7.5945     7.9364    32.7214    32.6163    26.2781    26.1836    8.22565 0.0000e+00
      11224    128.238    -0.2297    -0.0292   2.716159   2.727001     2.5261     2.4825      8.073     0.0410     2.0429 1.0815e-01     0.0627    98.4458     7.5920     7.9398    32.6871    32.6161    26.2496    26.1833    8.22347 0.0000e+00
      11227    128.149    -0.2296    -0.0264   2.715940   2.727164     2.5265     2.4825      8.076     0.0459     2.0429 1.0815e-01     0.0623    98.4545     7.5958     7.9392    32.6842    32.6152    26.2472    26.1825    8.22362 0.0000e+00
      11230    128.062    -0.2170    -0.0242   2.717987   2.727308     2.5274     2.4838      8.075     0.0459     2.0429 1.0790e-01     0.0630    98.4371     7.5951     7.9435    32.6978    32.6148    26.2577    26.1821    8.22007 0.0000e+00
      11233    127.979    -0.1943    -0.0227   2.719050   2.727367     2.5257     2.4838      8.078     0.0361     2.0429 1.0790e-01     0.0630    98.4371     7.5835     7.9420    32.6876    32.6140    26.2485    26.1814    8.21565 0.0000e+00
      11236    127.898    -0.1728    -0.0227   2.720329   2.727402     2.5274     2.4846      8.078     0.0410     2.0429 1.0802e-01     0.0634    98.4284     7.5828     7.9430    32.6816    32.6146    26.2427    26.1818    8.21127 0.0000e+00
      11239    127.816    -0.1510    -0.0217   2.721196   2.727483     2.5269     2.4854      8.076     0.0410     2.0429 1.0802e-01     0.0630    98.4371     7.5760     7.9444    32.6698    32.6146    26.2322    26.1818    8.20715 0.0000e+00
      11242    127.735    -0.1371    -0.0205   2.720780   2.727542     2.5269     2.4850      8.077     0.0410     2.0429 1.0802e-01     0.0630    98.4371     7.5746     7.9407    32.6494    32.6142    26.2151    26.1813    8.20524 0.0000e+00
      11245    127.655    -0.1340    -0.0195   2.720651   2.727601     2.5269     2.4858      8.077     0.0410     2.0429 1.0802e-01     0.0630    98.4371     7.5747     7.9400    32.6444    32.6139    26.2109    26.1811    8.20483 0.0000e+00
      11248    127.575    -0.1311    -0.0181   2.721169   2.727732     2.5274     2.4862      8.077     0.0410     2.0429 1.0790e-01     0.0630    98.4371     7.5771     7.9375    32.6483    32.6142    26.2139    26.1812    8.20399 0.0000e+00
      11251    127.497    -0.1264    -0.0167   2.721086   2.727827     2.5278     2.4870      8.077     0.0410     2.0429 1.0802e-01     0.0651    98.3849     7.5786     7.9383    32.6422    32.6140    26.2088    26.1811    8.20330 0.0000e+00
      11254    127.421    -0.1267    -0.0152   2.721386   2.727977     2.5274     2.4874      8.077     0.0410     1.9640 1.0790e-01     0.0658    98.3676     7.5775     7.9359    32.6465    32.6144    26.2122    26.1813    8.20312 0.0000e+00
      11257    127.347    -0.1246    -0.0117   2.721562   2.728502     2.5274     2.4874      8.077     0.0410     1.9245 1.0790e-01     0.0655    98.3762     7.5782     7.9296    32.6466    32.6177    26.2123    26.1838    8.20265 0.0000e+00
      11260    127.275    -0.1210    -0.0055   2.721964   2.728916     2.5269     2.4878      8.077     0.0410     1.9245 1.0790e-01     0.0658    98.3676     7.5748     7.9209    32.6482    32.6166    26.2134    26.1826    8.20178 0.0000e+00
      11263    127.203    -0.1148    -0.0010   2.722236   2.729185     2.5282     2.4887      8.077     0.0410     1.9245 1.0790e-01     0.0658    98.3676     7.5775     7.9142    32.6452    32.6153    26.2106    26.1814    8.20059 0.0000e+00
      11266    127.134    -0.1114     0.0026   2.722005   2.729407     2.5286     2.4887      8.077     0.0459     1.9245 1.0815e-01     0.0658    98.3676     7.5777     7.9020    32.6385    32.6145    26.2051    26.1805    8.20022 0.0000e+00
      11269    127.064    -0.1112     0.0048   2.721947   2.729558     2.5286     2.4887      8.077     0.0459     1.9245 1.0790e-01     0.0662    98.3589     7.5760     7.8886    32.6375    32.6141    26.2043    26.1801    8.20023 0.0000e+00
      11272    126.995    -0.1073     0.0068   2.722518   2.729658     2.5294     2.4895      8.077     0.0410     1.9245 1.0827e-01     0.0627    98.4458     7.5778     7.8800    32.6410    32.6134    26.2070    26.1795    8.19919 0.0000e+00
      11275    126.927    -0.1007     0.0079   2.723338   2.729764     2.5282     2.4899      8.077     0.0459     1.9245 1.0790e-01     0.0630    98.4371     7.5722     7.8709    32.6448    32.6137    26.2097    26.1796    8.19751 0.0000e+00
      11278    126.862    -0.0934     0.0091   2.723572   2.729931     2.5290     2.4895      8.077     0.0410     1.9245 1.0815e-01     0.0630    98.4371     7.5742     7.8619    32.6402    32.6146    26.2057    26.1803    8.19619 0.0000e+00
      11281    126.796    -0.0923     0.0121   2.723037   2.730159     2.5294     2.4891      8.077     0.0410     2.0429 1.0790e-01     0.0630    98.4371     7.5753     7.8521    32.6319    32.6145    26.1989    26.1801    8.19640 0.0000e+00
      11284    126.728    -0.0930     0.0145   2.723104   2.730300     2.5290     2.4887      8.077     0.0459     2.0429 1.0802e-01     0.0630    98.4371     7.5716     7.8415    32.6335    32.6138    26.2003    26.1795    8.19646 0.0000e+00
      11287    126.662    -0.0896     0.0166   2.723523   2.730243     2.5286     2.4878      8.077     0.0410     2.0429 1.0790e-01     0.0630    98.4371     7.5679     7.8335    32.6356    32.6109    26.2018    26.1770    8.19561 0.0000e+00
