Datasets/AZMP/COO001/79001121.cnv
* Sea-Bird SBE 9 Data File:
* FileName = C:\CTDDATA\79001121.hex
* Software Version Seasave V 7.26.7.110
* Temperature SN = 5660
* Conductivity SN = 3698
* Number of Bytes Per Scan = 30
* Number of Voltage Words = 4
* Number of Scans Averaged by the Deck Unit = 1
* NMEA baud rate = 9600
** VESSEL/TRIP/SEQ STN:  79001121
** LATITUDE XX XX.XX N:  47 00.00 N
** LONGITUDE XX XX.XX W:  52 02.00 W
** SOUNDING DEPTH (M):  0143
** PROBE TYPE: S1257
** CTD NUMBER: 081
** COMMENTS (14 CHAR): FC-05
** BOTTLES:  19
** LEVELS: 5,5,5,5,10,20,20,20,20,30,40,50,50,50,75,100,100,100,BTM
** STICKERS: 435623 - 435641
** VNET: Y
** DO2: N
# nquan = 22
# nvalues = 3835                        
# units = specified
# name 0 = scan: Scan Count
# name 1 = prDM: Pressure, Digiquartz [db]
# name 2 = t090C: Temperature [ITS-90, deg C]
# name 3 = t190C: Temperature, 2 [ITS-90, deg C]
# name 4 = c0S/m: Conductivity [S/m]
# name 5 = c1S/m: Conductivity, 2 [S/m]
# name 6 = sbeox0V: Oxygen raw, SBE 43 [V]
# name 7 = sbeox1V: Oxygen raw, SBE 43, 2 [V]
# name 8 = ph: pH
# name 9 = flECO-AFL: Fluorescence, WET Labs ECO-AFL/FL [mg/m^3]
# name 10 = wetCDOM: Fluorescence, WET Labs CDOM [mg/m^3]
# name 11 = par/sat/log: PAR/Logarithmic, Satlantic [umol photons/m^2/sec]
# name 12 = CStarAt0: Beam Attenuation, WET Labs C-Star [1/m]
# name 13 = CStarTr0: Beam Transmission, WET Labs C-Star [%]
# name 14 = sbeox0ML/L: Oxygen, SBE 43 [ml/l], WS = 2
# name 15 = sbeox1ML/L: Oxygen, SBE 43, 2 [ml/l], WS = 2
# name 16 = sal00: Salinity, Practical [PSU]
# name 17 = sal11: Salinity, Practical, 2 [PSU]
# name 18 = sigma-t00: Density [sigma-t, kg/m^3 ]
# name 19 = sigma-t11: Density, 2 [sigma-t, kg/m^3 ]
# name 20 = oxsatML/L: Oxygen Saturation, Weiss [ml/l]
# name 21 = flag: flag
# span 0 =          2,      47918       
# span 1 =      0.610,    135.920       
# span 2 =    -1.1181,     3.0331       
# span 3 =    -1.1193,     3.0336       
# span 4 =   1.546769,   2.923510       
# span 5 =   0.758400,   2.923711       
# span 6 =     2.3847,     2.7682       
# span 7 =     2.3567,     2.7392       
# span 8 =      8.039,      8.171       
# span 9 =     0.0068,     0.9641       
# span 10 =    -1.8655,     2.1614      
# span 11 = 1.0790e-01, 1.0595e+02      
# span 12 =     0.0482,     0.2547      
# span 13 =    93.8315,    98.8021      
# span 14 =     6.9335,     8.0832      
# span 15 =     7.3924,     8.5051      
# span 16 =    16.1592,    33.1807      
# span 17 =     7.4364,    33.1689      
# span 18 =    12.8742,    26.6581      
# span 19 =     5.9296,    26.6471      
# span 20 =    7.59003,    8.45214      
# span 21 = 0.0000e+00, 0.0000e+00      
# interval = scans: 3                   
# start_time = Dec 08 2019 14:23:27 [System UTC, header]
# bad_flag = -9.990e-29
*END*
[from data line 3293]
      29847     32.885     2.8853     2.9267   2.916344   2.919199     2.7405     2.7088      8.165     0.7443     1.8455 2.7987e+00     0.1153    97.1597     7.5937     7.9881    32.0569    32.0503    25.5459    25.5372    7.61607 0.0000e+00
      29850     32.826     2.8861     2.9274   2.916451   2.919262     2.7409     2.7088      8.167     0.7541     1.9245 2.8052e+00     0.1153    97.1597     7.5932     7.9891    32.0575    32.0504    25.5463    25.5372    7.61590 0.0000e+00
      29853     32.766     2.8877     2.9278   2.916678   2.919220     2.7409     2.7088      8.167     0.7443     1.9245 2.8214e+00     0.1153    97.1597     7.5912     7.9894    32.0586    32.0495    25.5470    25.5365    7.61552 0.0000e+00
      29856     32.709     2.8898     2.9274   2.916733   2.919169     2.7405     2.7096      8.167     0.7443     1.9245 2.8345e+00     0.1153    97.1597     7.5907     7.9923    32.0573    32.0493    25.5458    25.5363    7.61519 0.0000e+00
      29859     32.647     2.8909     2.9271   2.916707   2.919126     2.7410     2.7100      8.167     0.7394     1.9245 2.8576e+00     0.1156    97.1510     7.5927     7.9937    32.0559    32.0492    25.5446    25.5362    7.61505 0.0000e+00
      29862     32.582     2.8909     2.9261   2.916575   2.919101     2.7409     2.7100      8.167     0.8029     1.9245 2.8775e+00     0.1146    97.1771     7.5919     7.9959    32.0543    32.0499    25.5433    25.5369    7.61513 0.0000e+00
      29865     32.516     2.8900     2.9263   2.916514   2.919112     2.7418     2.7100      8.167     0.8420     1.9245 2.8975e+00     0.1142    97.1858     7.5964     7.9951    32.0545    32.0498    25.5435    25.5368    7.61529 0.0000e+00
      29868     32.450     2.8896     2.9270   2.916560   2.919200     2.7409     2.7100      8.167     0.8420     1.9245 2.9143e+00     0.1142    97.1858     7.5937     7.9933    32.0555    32.0502    25.5444    25.5370    7.61532 0.0000e+00
      29871     32.383     2.8899     2.9272   2.916618   2.919174     2.7409     2.7104      8.167     0.8322     1.9245 2.9312e+00     0.1142    97.1858     7.5934     7.9933    32.0560    32.0498    25.5447    25.5367    7.61525 0.0000e+00
      29874     32.317     2.8902     2.9276   2.916602   2.919191     2.7401     2.7100      8.167     0.8371     1.9245 2.9447e+00     0.1142    97.1858     7.5902     7.9898    32.0554    32.0495    25.5443    25.5365    7.61520 0.0000e+00
      29877     32.250     2.8900     2.9280   2.916523   2.919122     2.7409     2.7100      8.167     0.8420     1.9245 2.9652e+00     0.1146    97.1771     7.5930     7.9886    32.0548    32.0484    25.5438    25.5355    7.61529 0.0000e+00
      29880     32.185     2.8894     2.9253   2.916490   2.918846     2.7418     2.7100      8.167     0.8371     1.9245 2.9824e+00     0.1163    97.1336     7.5952     7.9883    32.0550    32.0478    25.5440    25.5353    7.61539 0.0000e+00
      29883     32.119     2.8889     2.9194   2.916496   2.918609     2.7409     2.7104      8.167     0.8371     1.9245 3.0032e+00     0.1170    97.1162     7.5910     7.9913    32.0556    32.0508    25.5445    25.5381    7.61544 0.0000e+00
      29886     32.056     2.8883     2.9173   2.916410   2.918554     2.7414     2.7112      8.167     0.8371     1.9245 3.0346e+00     0.1170    97.1162     7.5921     7.9954    32.0552    32.0523    25.5443    25.5395    7.61559 0.0000e+00
      29889     31.996     2.8877     2.9191   2.916400   2.918637     2.7418     2.7100      8.167     0.9446     1.9245 3.0628e+00     0.1174    97.1075     7.5940     7.9911    32.0557    32.0515    25.5447    25.5387    7.61567 0.0000e+00
      29892     31.936     2.8876     2.9192   2.916441   2.918655     2.7405     2.7104      8.167     0.9544     1.9245 3.0841e+00     0.1170    97.1162     7.5902     7.9924    32.0563    32.0516    25.5452    25.5388    7.61566 0.0000e+00
      29895     31.878     2.8879     2.9182   2.916462   2.918626     2.7418     2.7104      8.167     0.9446     1.9245 3.0984e+00     0.1170    97.1162     7.5938     7.9925    32.0564    32.0523    25.5452    25.5395    7.61561 0.0000e+00
      29898     31.824     2.8881     2.9178   2.916459   2.918592     2.7414     2.7108      8.167     0.9495     1.9245 3.1164e+00     0.1174    97.1075     7.5920     7.9940    32.0561    32.0523    25.5450    25.5395    7.61558 0.0000e+00
      29901     31.770     2.8881     2.9176   2.916476   2.918601     2.7409     2.7112      8.167     0.9592     1.9245 3.1417e+00     0.1156    97.1510     7.5887     7.9925    32.0563    32.0527    25.5452    25.5398    7.61557 0.0000e+00
      29904     31.717     2.8882     2.9190   2.916499   2.918565     2.7405     2.7112      8.167     0.9495     1.9245 3.1783e+00     0.1156    97.1510     7.5878     7.9905    32.0565    32.0508    25.5453    25.5382    7.61554 0.0000e+00
      29907     31.668     2.8885     2.9185   2.916486   2.918547     2.7414     2.7112      8.167     0.9641     1.9245 3.1967e+00     0.1156    97.1510     7.5924     7.9888    32.0561    32.0512    25.5450    25.5386    7.61550 0.0000e+00
      29910     31.624     2.8887     2.9184   2.916428   2.918531     2.7405     2.7112      8.167     0.9495     1.9245 3.2152e+00     0.1153    97.1597     7.5885     7.9891    32.0552    32.0511    25.5442    25.5385    7.61550 0.0000e+00
      29913     31.579     2.8897     2.9184   2.916626   2.918536     2.7418     2.7112      8.167     0.9250     1.9245 3.2301e+00     0.1153    97.1597     7.5936     7.9893    32.0566    32.0512    25.5453    25.5386    7.61524 0.0000e+00
      29916     31.536     2.8911     2.9186   2.916752   2.918520     2.7405     2.7112      8.167     0.7150     1.9245 3.2564e+00     0.1153    97.1597     7.5882     7.9861    32.0568    32.0509    25.5454    25.5383    7.61497 0.0000e+00
      29919     31.499     2.8923     2.9172   2.916786   2.918385     2.7409     2.7112      8.167     0.7297     1.9245 3.2677e+00     0.1160    97.1423     7.5882     7.9854    32.0561    32.0506    25.5446    25.5382    7.61478 0.0000e+00
      29922     31.463     2.8930     2.9158   2.916762   2.918353     2.7418     2.7112      8.167     0.7199     1.9245 3.2714e+00     0.1163    97.1336     7.5908     7.9839    32.0550    32.0517    25.5437    25.5392    7.61468 0.0000e+00
      29925     31.429     2.8930     2.9145   2.916725   2.918382     2.7405     2.7104      8.167     0.7248     1.8850 3.2828e+00     0.1163    97.1336     7.5867     7.9809    32.0546    32.0533    25.5434    25.5405    7.61470 0.0000e+00
      29928     31.395     2.8928     2.9154   2.916712   2.918399     2.7418     2.7112      8.167     0.7150     1.8060 3.2866e+00     0.1167    97.1249     7.5903     7.9840    32.0547    32.0526    25.5435    25.5400    7.61474 0.0000e+00
      29931     31.361     2.8930     2.9163   2.916809   2.918431     2.7413     2.7112      8.167     0.7297     1.8060 3.2904e+00     0.1170    97.1162     7.5872     7.9842    32.0557    32.0521    25.5443    25.5395    7.61465 0.0000e+00
      29934     31.328     2.8936     2.9170   2.916822   2.918455     2.7414     2.7112      8.167     0.7199     1.8060 3.3018e+00     0.1163    97.1336     7.5876     7.9845    32.0552    32.0517    25.5439    25.5391    7.61456 0.0000e+00
      29937     31.295     2.8938     2.9167   2.916801   2.918405     2.7409     2.7112      8.167     0.7199     1.8060 3.3057e+00     0.1167    97.1249     7.5850     7.9842    32.0548    32.0514    25.5435    25.5389    7.61454 0.0000e+00
      29940     31.264     2.8937     2.9164   2.916777   2.918367     2.7405     2.7108      8.167     0.7053     1.8060 3.3095e+00     0.1167    97.1249     7.5826     7.9822    32.0547    32.0513    25.5434    25.5388    7.61457 0.0000e+00
      29943     31.236     2.8938     2.9155   2.916823   2.918367     2.7405     2.7112      8.167     0.6906     1.8060 3.3287e+00     0.1163    97.1336     7.5818     7.9834    32.0552    32.0522    25.5438    25.5396    7.61454 0.0000e+00
      29946     31.203     2.8946     2.9157   2.916907   2.918343     2.7405     2.7112      8.167     0.6955     1.8060 3.3287e+00     0.1163    97.1336     7.5817     7.9838    32.0554    32.0518    25.5439    25.5393    7.61437 0.0000e+00
      29949     31.173     2.8958     2.9157   2.916943   2.918348     2.7409     2.7112      8.167     0.6906     1.8060 3.3441e+00     0.1163    97.1336     7.5826     7.9823    32.0546    32.0518    25.5431    25.5393    7.61417 0.0000e+00
      29952     31.143     2.8961     2.9143   2.916926   2.918235     2.7405     2.7112      8.167     0.6906     1.8060 3.3441e+00     0.1163    97.1336     7.5812     7.9814    32.0542    32.0518    25.5428    25.5394    7.61414 0.0000e+00
      29955     31.113     2.8955     2.9107   2.916888   2.918002     2.7401     2.7112      8.167     0.6906     1.8060 3.3557e+00     0.1163    97.1336     7.5806     7.9825    32.0543    32.0526    25.5429    25.5404    7.61424 0.0000e+00
      29958     31.081     2.8953     2.9098   2.916879   2.917765     2.7414     2.7112      8.167     0.6955     1.8060 3.3480e+00     0.1163    97.1336     7.5855     7.9837    32.0544    32.0507    25.5430    25.5389    7.61427 0.0000e+00
      29961     31.049     2.8954     2.9032   2.916844   2.917404     2.7397     2.7108      8.167     0.6906     1.8060 3.3518e+00     0.1188    97.0728     7.5808     7.9844    32.0539    32.0529    25.5426    25.5412    7.61428 0.0000e+00
      29964     31.017     2.8952     2.8998   2.916821   2.917337     2.7401     2.7108      8.167     0.6906     1.8060 3.3480e+00     0.1210    97.0206     7.5828     7.9839    32.0538    32.0555    25.5426    25.5436    7.61433 0.0000e+00
      29967     30.983     2.8948     2.8992   2.916816   2.917259     2.7405     2.7108      8.167     0.7199     1.8060 3.3674e+00     0.1206    97.0293     7.5849     7.9845    32.0541    32.0552    25.5429    25.5434    7.61438 0.0000e+00
      29970     30.948     2.8943     2.8975   2.916738   2.917093     2.7401     2.7112      8.167     0.7346     1.8060 3.3596e+00     0.1210    97.0206     7.5858     7.9871    32.0537    32.0549    25.5426    25.5432    7.61450 0.0000e+00
      29973     30.917     2.8935     2.8961   2.916716   2.917023     2.7401     2.7108      8.167     0.7248     1.8060 3.3674e+00     0.1206    97.0293     7.5872     7.9868    32.0542    32.0554    25.5431    25.5438    7.61463 0.0000e+00
      29976     30.879     2.8939     2.8953   2.916812   2.916973     2.7401     2.7108      8.167     0.7443     1.8060 3.3830e+00     0.1210    97.0206     7.5880     7.9878    32.0551    32.0556    25.5437    25.5440    7.61452 0.0000e+00
      29979     30.842     2.8943     2.8947   2.916854   2.916959     2.7397     2.7112      8.167     0.7297     1.8850 3.3987e+00     0.1206    97.0293     7.5871     7.9901    32.0553    32.0561    25.5438    25.5445    7.61443 0.0000e+00
      29982     30.806     2.8947     2.8948   2.916878   2.916967     2.7405     2.7112      8.167     0.7346     1.9245 3.3869e+00     0.1203    97.0380     7.5910     7.9909    32.0551    32.0561    25.5437    25.5444    7.61435 0.0000e+00
      29985     30.765     2.8951     2.8947   2.916859   2.916939     2.7397     2.7112      8.167     0.7394     1.9245 3.3947e+00     0.1199    97.0467     7.5903     7.9914    32.0546    32.0559    25.5432    25.5443    7.61432 0.0000e+00
      29988     30.722     2.8954     2.8944   2.916906   2.916935     2.7405     2.7108      8.167     0.7443     1.9245 3.3987e+00     0.1203    97.0380     7.5920     7.9895    32.0549    32.0562    25.5434    25.5445    7.61425 0.0000e+00
      29991     30.681     2.8957     2.8944   2.916940   2.916931     2.7409     2.7112      8.167     0.7346     1.9245 3.4026e+00     0.1196    97.0554     7.5943     7.9903    32.0549    32.0561    25.5434    25.5445    7.61417 0.0000e+00
      29994     30.640     2.8965     2.8946   2.916991   2.916936     2.7414     2.7112      8.167     0.7346     1.9245 3.4105e+00     0.1199    97.0467     7.5971     7.9910    32.0548    32.0560    25.5432    25.5444    7.61403 0.0000e+00
      29997     30.597     2.8973     2.8948   2.917047   2.916943     2.7409     2.7112      8.167     0.7346     1.9245 3.4144e+00     0.1196    97.0554     7.5956     7.9915    32.0547    32.0559    25.5431    25.5443    7.61388 0.0000e+00
      30000     30.550     2.8985     2.8951   2.917091   2.916966     2.7405     2.7112      8.167     0.7346     1.9245 3.4303e+00     0.1196    97.0554     7.5946     7.9936    32.0540    32.0560    25.5425    25.5443    7.61368 0.0000e+00
      30003     30.504     2.8991     2.8959   2.917138   2.917023     2.7414     2.7112      8.167     0.7346     1.9245 3.4342e+00     0.1192    97.0641     7.5970     7.9946    32.0541    32.0559    25.5425    25.5442    7.61357 0.0000e+00
      30006     30.459     2.9004     2.8972   2.917272   2.917069     2.7405     2.7112      8.167     0.7346     1.9245 3.4501e+00     0.1189    97.0728     7.5934     7.9957    32.0544    32.0551    25.5426    25.5435    7.61330 0.0000e+00
      30009     30.415     2.9014     2.8973   2.917239   2.917073     2.7418     2.7112      8.167     0.7346     1.9245 3.4541e+00     0.1196    97.0554     7.5955     7.9967    32.0530    32.0551    25.5414    25.5434    7.61318 0.0000e+00
      30012     30.376     2.9014     2.8969   2.917174   2.917085     2.7405     2.7112      8.167     0.7297     1.9245 3.4702e+00     0.1192    97.0641     7.5883     7.9977    32.0523    32.0557    25.5409    25.5440    7.61322 0.0000e+00
      30029     30.335     2.9087     2.8989   2.917619   2.917194     2.7418     2.7116      8.167     0.7443     1.9245 3.4465e+00     0.1199    97.0467     7.5908     7.9956    32.0504    32.0550    25.5387    25.5432    7.61191 0.0000e+00
      30061     30.271     2.9219     2.9024   2.918441   2.917413     2.7422     2.7124      8.166     0.7834     1.9245 3.4065e+00     0.1210    97.0206     7.5892     7.9934    32.0472    32.0543    25.5351    25.5423    7.60953 0.0000e+00
      30064     30.243     2.9208     2.9018   2.918476   2.917373     2.7409     2.7124      8.166     0.7834     1.9245 3.4105e+00     0.1203    97.0380     7.5868     7.9936    32.0488    32.0544    25.5364    25.5425    7.60966 0.0000e+00
      30067     30.211     2.9210     2.9013   2.918598   2.917308     2.7418     2.7124      8.166     0.7785     1.9245 3.4184e+00     0.1203    97.0380     7.5890     7.9965    32.0501    32.0541    25.5375    25.5423    7.60957 0.0000e+00
      30070     30.177     2.9220     2.9002   2.918736   2.917255     2.7418     2.7120      8.166     0.7785     1.9245 3.4342e+00     0.1199    97.0467     7.5883     7.9980    32.0508    32.0545    25.5379    25.5428    7.60933 0.0000e+00
      30073     30.143     2.9225     2.8995   2.918686   2.917236     2.7409     2.7120      8.166     0.7932     1.9245 3.4382e+00     0.1199    97.0467     7.5844     8.0004    32.0497    32.0550    25.5370    25.5432    7.60929 0.0000e+00
      30076     30.105     2.9232     2.8991   2.918761   2.917218     2.7418     2.7124      8.166     0.7980     1.9245 3.4461e+00     0.1203    97.0380     7.5882     8.0041    32.0499    32.0553    25.5371    25.5434    7.60914 0.0000e+00
      30079     30.062     2.9242     2.8991   2.918838   2.917222     2.7422     2.7124      8.166     0.7932     1.9245 3.4461e+00     0.1199    97.0467     7.5882     8.0072    32.0499    32.0553    25.5370    25.5434    7.60895 0.0000e+00
      30082     30.018     2.9255     2.8998   2.918907   2.917247     2.7409     2.7137      8.166     0.7883     1.9245 3.4541e+00     0.1213    97.0120     7.5822     8.0152    32.0494    32.0549    25.5366    25.5431    7.60873 0.0000e+00
