Datasets/AZMP/COO001/79001052.cnv
* Sea-Bird SBE 9 Data File:
* FileName = C:\CTDDATA\79001052.hex
* Software Version Seasave V 7.26.7.110
* Temperature SN = 5660
* Conductivity SN = 3698
* Number of Bytes Per Scan = 30
* Number of Voltage Words = 4
* Number of Scans Averaged by the Deck Unit = 1
* NMEA baud rate = 9600
** VESSEL/TRIP/SEQ STN:  79001052
** LATITUDE XX XX.XX N:  47 00.00 N
** LONGITUDE XX XX.XX W:  44 46.30 W
** SOUNDING DEPTH (M):  0154
** PROBE TYPE: S1257
** CTD NUMBER: 027
** COMMENTS (14 CHAR): FC-26
** BOTTLES:  20
** LEVELS: 5,5,5,5,10,20,20,20,20,30,40,50,50,50,50,75,100,100,100,BTM
** STICKERS: 435006 - 435025
** VNET: Y
** DO2: N
# nquan = 22
# nvalues = 4280                        
# units = specified
# name 0 = scan: Scan Count
# name 1 = prDM: Pressure, Digiquartz [db]
# name 2 = t090C: Temperature [ITS-90, deg C]
# name 3 = t190C: Temperature, 2 [ITS-90, deg C]
# name 4 = c0S/m: Conductivity [S/m]
# name 5 = c1S/m: Conductivity, 2 [S/m]
# name 6 = sbeox0V: Oxygen raw, SBE 43 [V]
# name 7 = sbeox1V: Oxygen raw, SBE 43, 2 [V]
# name 8 = ph: pH
# name 9 = flECO-AFL: Fluorescence, WET Labs ECO-AFL/FL [mg/m^3]
# name 10 = wetCDOM: Fluorescence, WET Labs CDOM [mg/m^3]
# name 11 = par/sat/log: PAR/Logarithmic, Satlantic [umol photons/m^2/sec]
# name 12 = CStarAt0: Beam Attenuation, WET Labs C-Star [1/m]
# name 13 = CStarTr0: Beam Transmission, WET Labs C-Star [%]
# name 14 = sbeox0ML/L: Oxygen, SBE 43 [ml/l], WS = 2
# name 15 = sbeox1ML/L: Oxygen, SBE 43, 2 [ml/l], WS = 2
# name 16 = sal00: Salinity, Practical [PSU]
# name 17 = sal11: Salinity, Practical, 2 [PSU]
# name 18 = sigma-t00: Density [sigma-t, kg/m^3 ]
# name 19 = sigma-t11: Density, 2 [sigma-t, kg/m^3 ]
# name 20 = oxsatML/L: Oxygen Saturation, Weiss [ml/l]
# name 21 = flag: flag
# span 0 =          2,      58188       
# span 1 =      2.458,    147.116       
# span 2 =     3.5923,     7.9956       
# span 3 =     3.5888,     7.9939       
# span 4 =   3.177608,   3.485084       
# span 5 =   3.177799,   3.485175       
# span 6 =     2.2783,     2.7853       
# span 7 =     2.2493,     2.7474       
# span 8 =      8.003,      8.207       
# span 9 =    -0.0078,     1.3451       
# span 10 =    -2.8130,   482.1080      
# span 11 = 1.0752e-01, 1.4646e+02      
# span 12 =     0.0535,     0.1999      
# span 13 =    95.1263,    98.6717      
# span 14 =     5.8710,     6.9752      
# span 15 =     6.1131,     7.2127      
# span 16 =    33.4232,    34.6042      
# span 17 =    33.5089,    34.6072      
# span 18 =    26.1019,    27.5084      
# span 19 =    26.1044,    27.5109      
# span 20 =    6.67184,    7.35954      
# span 21 = 0.0000e+00, 0.0000e+00      
# interval = scans: 3                   
# start_time = Nov 28 2019 16:17:41 [System UTC, header]
# bad_flag = -9.990e-29
*END*
[from data line 66]
        859      6.718     7.9911     7.9890   3.481391   3.481492     2.6370     2.7411      8.202     0.9690    -0.6811 6.8200e+01     0.1966    95.2045     6.2774     7.0537    33.5064    33.5095    26.1022    26.1049    6.67274 0.0000e+00
        862      6.769     7.9908     7.9891   3.481381   3.481466     2.6361     2.7411      8.202     0.9788    -0.7206 6.8042e+01     0.1962    95.2132     6.2758     7.0517    33.5066    33.5091    26.1024    26.1046    6.67277 0.0000e+00
        865      6.818     7.9909     7.9888   3.481391   3.481492     2.6365     2.7420      8.202     0.9641    -0.6811 6.8200e+01     0.1966    95.2045     6.2787     7.0526    33.5066    33.5096    26.1024    26.1051    6.67276 0.0000e+00
        868      6.869     7.9908     7.9890   3.481399   3.481488     2.6361     2.7424      8.202     0.9739    -0.6811 6.7964e+01     0.1966    95.2045     6.2798     7.0523    33.5067    33.5094    26.1024    26.1049    6.67276 0.0000e+00
        871      6.921     7.9908     7.9891   3.481397   3.481464     2.6374     2.7428      8.202     0.9788    -0.6811 6.7650e+01     0.1966    95.2045     6.2870     7.0513    33.5067    33.5090    26.1025    26.1045    6.67278 0.0000e+00
        874      6.970     7.9909     7.9886   3.481423   3.481450     2.6382     2.7424      8.202     0.9690    -0.6811 6.6796e+01     0.1966    95.2045     6.2916     7.0457    33.5068    33.5093    26.1026    26.1048    6.67275 0.0000e+00
        877      7.019     7.9908     7.9886   3.481412   3.481442     2.6386     2.7428      8.202     0.9690    -0.6811 6.5723e+01     0.1966    95.2045     6.2957     7.0420    33.5068    33.5092    26.1026    26.1048    6.67277 0.0000e+00
        880      7.072     7.9910     7.9886   3.481433   3.481457     2.6382     2.7428      8.202     0.9690    -0.6811 6.4594e+01     0.1959    95.2219     6.2964     7.0379    33.5068    33.5093    26.1025    26.1048    6.67274 0.0000e+00
        883      7.123     7.9911     7.9886   3.481432   3.481464     2.6390     2.7424      8.202     0.9690    -0.6811 6.3556e+01     0.1962    95.2132     6.3000     7.0300    33.5067    33.5094    26.1024    26.1049    6.67273 0.0000e+00
        886      7.177     7.9911     7.9886   3.481434   3.481463     2.6386     2.7424      8.202     0.9788    -0.6811 6.2681e+01     0.1962    95.2132     6.3001     7.0243    33.5066    33.5093    26.1024    26.1048    6.67272 0.0000e+00
        889      7.229     7.9912     7.9886   3.481440   3.481479     2.6394     2.7424      8.202     0.9690    -0.6811 6.1603e+01     0.1962    95.2132     6.3042     7.0192    33.5066    33.5095    26.1024    26.1051    6.67272 0.0000e+00
        892      7.283     7.9913     7.9886   3.481434   3.481471     2.6394     2.7424      8.202     0.9690    -0.6811 6.0474e+01     0.1962    95.2132     6.3051     7.0163    33.5064    33.5094    26.1022    26.1049    6.67271 0.0000e+00
        895      7.342     7.9912     7.9888   3.481463   3.481502     2.6418     2.7424      8.202     0.9739    -0.7206 5.9297e+01     0.1962    95.2132     6.3123     7.0144    33.5068    33.5095    26.1025    26.1050    6.67271 0.0000e+00
        898      7.398     7.9912     7.9889   3.481453   3.481525     2.6414     2.7411      8.202     0.9690    -0.7206 5.8278e+01     0.1959    95.2219     6.3118     7.0086    33.5067    33.5096    26.1024    26.1050    6.67271 0.0000e+00
        901      7.456     7.9912     7.9890   3.481457   3.481499     2.6422     2.7411      8.202     0.9544    -0.6811 5.7275e+01     0.1955    95.2306     6.3162     7.0077    33.5067    33.5093    26.1024    26.1048    6.67271 0.0000e+00
        904      7.520     7.9912     7.9888   3.481441   3.481498     2.6422     2.7411      8.202     0.9544    -0.6811 5.6682e+01     0.1959    95.2219     6.3172     7.0095    33.5064    33.5094    26.1022    26.1049    6.67272 0.0000e+00
        907      7.587     7.9912     7.9887   3.481447   3.481496     2.6426     2.7399      8.202     0.9495    -0.6811 5.6421e+01     0.1959    95.2219     6.3183     7.0074    33.5065    33.5094    26.1022    26.1049    6.67272 0.0000e+00
        910      7.657     7.9912     7.9891   3.481451   3.481536     2.6435     2.7399      8.202     0.9592    -0.6811 5.6225e+01     0.1959    95.2219     6.3208     7.0094    33.5065    33.5094    26.1023    26.1049    6.67272 0.0000e+00
        913      7.728     7.9911     7.9892   3.481454   3.481538     2.6451     2.7399      8.202     0.9544    -0.6811 5.6095e+01     0.1959    95.2219     6.3255     7.0120    33.5067    33.5093    26.1024    26.1048    6.67273 0.0000e+00
        916      7.799     7.9910     7.9890   3.481440   3.481518     2.6447     2.7395      8.202     0.9495    -0.6811 5.5966e+01     0.1959    95.2219     6.3242     7.0140    33.5065    33.5092    26.1023    26.1047    6.67275 0.0000e+00
        919      7.873     7.9912     7.9888   3.481445   3.481535     2.6455     2.7399      8.202     0.9592    -0.6811 5.5515e+01     0.1955    95.2306     6.3263     7.0191    33.5064    33.5096    26.1022    26.1051    6.67272 0.0000e+00
        922      7.950     7.9909     7.9888   3.481442   3.481535     2.6459     2.7391      8.202     0.9592    -0.5627 5.4624e+01     0.1955    95.2306     6.3283     7.0210    33.5066    33.5096    26.1024    26.1050    6.67276 0.0000e+00
        925      8.029     7.9908     7.9889   3.481452   3.481540     2.6471     2.7395      8.202     0.9592    -0.5627 5.4121e+01     0.1955    95.2306     6.3327     7.0265    33.5067    33.5095    26.1025    26.1050    6.67277 0.0000e+00
        928      8.109     7.9908     7.9890   3.481433   3.481548     2.6471     2.7399      8.202     0.9592    -0.6022 5.3871e+01     0.1955    95.2306     6.3331     7.0322    33.5065    33.5095    26.1023    26.1049    6.67278 0.0000e+00
        931      8.189     7.9908     7.9890   3.481464   3.481538     2.6471     2.7399      8.202     0.9592    -0.5627 5.3747e+01     0.1955    95.2306     6.3311     7.0357    33.5068    33.5093    26.1026    26.1048    6.67277 0.0000e+00
        934      8.272     7.9907     7.9889   3.481462   3.481538     2.6480     2.7399      8.202     0.9592    -0.5627 5.3622e+01     0.1955    95.2306     6.3327     7.0391    33.5068    33.5094    26.1026    26.1048    6.67278 0.0000e+00
        937      8.353     7.9908     7.9891   3.481473   3.481583     2.6496     2.7399      8.202     0.9544    -0.6022 5.3747e+01     0.1955    95.2306     6.3368     7.0427    33.5068    33.5096    26.1026    26.1050    6.67276 0.0000e+00
        940      8.433     7.9908     7.9892   3.481490   3.481602     2.6496     2.7399      8.202     0.9592    -0.5627 5.3996e+01     0.1955    95.2306     6.3369     7.0457    33.5069    33.5096    26.1026    26.1050    6.67276 0.0000e+00
        943      8.513     7.9907     7.9892   3.481472   3.481604     2.6500     2.7399      8.202     0.9544    -0.5627 5.3871e+01     0.1955    95.2306     6.3370     7.0474    33.5068    33.5096    26.1025    26.1050    6.67278 0.0000e+00
        946      8.591     7.9907     7.9894   3.481464   3.481619     2.6508     2.7407      8.202     0.9592    -0.6416 5.3623e+01     0.1955    95.2306     6.3381     7.0507    33.5067    33.5096    26.1025    26.1050    6.67279 0.0000e+00
        949      8.665     7.9908     7.9896   3.481471   3.481662     2.6520     2.7411      8.202     0.9544    -0.6811 5.3252e+01     0.1955    95.2306     6.3411     7.0518    33.5066    33.5098    26.1024    26.1051    6.67277 0.0000e+00
        952      8.737     7.9907     7.9899   3.481477   3.481642     2.6516     2.7411      8.202     0.9495    -0.6811 5.2883e+01     0.1955    95.2306     6.3385     7.0515    33.5067    33.5093    26.1025    26.1046    6.67278 0.0000e+00
        955      8.803     7.9909     7.9895   3.481463   3.481631     2.6512     2.7411      8.202     0.9153    -0.6811 5.2518e+01     0.1955    95.2306     6.3348     7.0519    33.5064    33.5095    26.1022    26.1049    6.67277 0.0000e+00
        958      8.866     7.9908     7.9895   3.481492   3.481611     2.6528     2.7424      8.200     0.9104    -0.6811 5.1974e+01     0.1966    95.2045     6.3375     7.0548    33.5068    33.5092    26.1025    26.1047    6.67277 0.0000e+00
        961      8.927     7.9909     7.9894   3.481481   3.481637     2.6520     2.7424      8.202     0.9153    -0.6811 5.1436e+01     0.1966    95.2045     6.3337     7.0531    33.5065    33.5096    26.1023    26.1050    6.67276 0.0000e+00
        964      8.984     7.9909     7.9894   3.481496   3.481609     2.6536     2.7424      8.202     0.9104    -0.6811 5.0904e+01     0.1962    95.2132     6.3374     7.0508    33.5067    33.5093    26.1024    26.1047    6.67276 0.0000e+00
        967      9.034     7.9909     7.9893   3.481505   3.481619     2.6532     2.7424      8.202     0.9104    -0.6811 5.0377e+01     0.1966    95.2045     6.3348     7.0478    33.5067    33.5095    26.1025    26.1049    6.67275 0.0000e+00
        970      9.078     7.9910     7.9893   3.481513   3.481629     2.6536     2.7424      8.202     0.9153    -0.6811 4.9683e+01     0.1966    95.2045     6.3347     7.0445    33.5067    33.5095    26.1024    26.1049    6.67274 0.0000e+00
        973      9.120     7.9911     7.9895   3.481509   3.481633     2.6545     2.7424      8.202     0.9104    -0.6811 4.8998e+01     0.1962    95.2132     6.3365     7.0426    33.5066    33.5094    26.1023    26.1048    6.67274 0.0000e+00
        976      9.154     7.9911     7.9894   3.481537   3.481595     2.6532     2.7424      8.202     0.9153    -0.6811 4.8660e+01     0.1966    95.2045     6.3330     7.0406    33.5068    33.5090    26.1025    26.1045    6.67272 0.0000e+00
        979      9.183     7.9911     7.9895   3.481509   3.481609     2.6536     2.7428      8.202     0.9055    -0.6811 4.8379e+01     0.1955    95.2306     6.3334     7.0401    33.5065    33.5091    26.1023    26.1046    6.67273 0.0000e+00
        982      9.208     7.9911     7.9895   3.481503   3.481611     2.6545     2.7424      8.202     0.9006    -0.6811 4.8379e+01     0.1959    95.2219     6.3352     7.0373    33.5064    33.5091    26.1022    26.1046    6.67273 0.0000e+00
        990      9.258     7.9912     7.9895   3.481493   3.481639     2.6549     2.7424      8.202     0.9006    -0.6416 4.9004e+01     0.1959    95.2219     6.3375     7.0376    33.5062    33.5094    26.1020    26.1048    6.67273 0.0000e+00
       1006      9.361     7.9912     7.9896   3.481520   3.481626     2.6561     2.7428      8.202     0.9104    -0.5627 5.0144e+01     0.1955    95.2306     6.3431     7.0377    33.5065    33.5091    26.1023    26.1046    6.67272 0.0000e+00
       1011      9.394     7.9911     7.9896   3.481520   3.481640     2.6569     2.7432      8.200     0.9251    -0.5627 4.9913e+01     0.1955    95.2306     6.3463     7.0368    33.5065    33.5093    26.1023    26.1047    6.67273 0.0000e+00
       1014      9.417     7.9910     7.9896   3.481541   3.481636     2.6569     2.7424      8.202     0.9251    -0.5627 4.9626e+01     0.1951    95.2393     6.3465     7.0320    33.5068    33.5092    26.1025    26.1047    6.67273 0.0000e+00
       1018      9.445     7.9911     7.9896   3.481535   3.481652     2.6569     2.7424      8.202     0.9299    -0.5627 4.9226e+01     0.1959    95.2219     6.3457     7.0296    33.5066    33.5094    26.1024    26.1048    6.67272 0.0000e+00
       1023      9.486     7.9911     7.9897   3.481526   3.481642     2.6577     2.7424      8.202     0.9299    -0.5627 4.7990e+01     0.1962    95.2132     6.3475     7.0241    33.5066    33.5091    26.1023    26.1045    6.67273 0.0000e+00
       1027      9.515     7.9910     7.9895   3.481554   3.481670     2.6581     2.7424      8.202     0.9299    -0.4443 4.7328e+01     0.1966    95.2045     6.3481     7.0210    33.5070    33.5096    26.1027    26.1049    6.67273 0.0000e+00
       1030      9.543     7.9911     7.9896   3.481541   3.481663     2.6581     2.7420      8.202     0.9251    -0.4443 4.7001e+01     0.1966    95.2045     6.3477     7.0181    33.5067    33.5094    26.1024    26.1048    6.67273 0.0000e+00
       1033      9.572     7.9911     7.9895   3.481548   3.481656     2.6581     2.7420      8.202     0.9348    -0.4443 4.6730e+01     0.1962    95.2132     6.3478     7.0168    33.5067    33.5094    26.1024    26.1048    6.67272 0.0000e+00
       1036      9.604     7.9910     7.9896   3.481545   3.481691     2.6593     2.7412      8.202     0.9446    -0.4443 4.6676e+01     0.1966    95.2045     6.3520     7.0148    33.5067    33.5097    26.1025    26.1050    6.67273 0.0000e+00
       1039      9.641     7.9910     7.9896   3.481524   3.481651     2.6581     2.7412      8.202     0.9446    -0.4443 4.6784e+01     0.1966    95.2045     6.3498     7.0148    33.5065    33.5092    26.1023    26.1046    6.67274 0.0000e+00
       1042      9.676     7.9910     7.9897   3.481532   3.481673     2.6589     2.7412      8.202     0.9495    -0.4443 4.6838e+01     0.1966    95.2045     6.3533     7.0150    33.5066    33.5094    26.1024    26.1047    6.67274 0.0000e+00
       1045      9.711     7.9910     7.9896   3.481541   3.481663     2.6593     2.7403      8.202     0.9446    -0.4443 4.6838e+01     0.1966    95.2045     6.3564     7.0133    33.5067    33.5093    26.1024    26.1047    6.67274 0.0000e+00
       1048      9.748     7.9910     7.9895   3.481541   3.481669     2.6593     2.7399      8.202     0.9446    -0.4443 4.6838e+01     0.1966    95.2045     6.3588     7.0134    33.5067    33.5095    26.1024    26.1049    6.67274 0.0000e+00
       1051      9.786     7.9910     7.9897   3.481532   3.481657     2.6593     2.7403      8.202     0.9397    -0.6416 4.6947e+01     0.1966    95.2045     6.3620     7.0168    33.5066    33.5091    26.1023    26.1046    6.67275 0.0000e+00
       1054      9.824     7.9909     7.9895   3.481539   3.481656     2.6602     2.7399      8.202     0.9397    -0.6811 4.7001e+01     0.1966    95.2045     6.3678     7.0180    33.5067    33.5093    26.1024    26.1047    6.67275 0.0000e+00
       1057      9.862     7.9911     7.9895   3.481550   3.481622     2.6606     2.7399      8.202     0.9446    -0.7206 4.6947e+01     0.1966    95.2045     6.3716     7.0224    33.5066    33.5089    26.1023    26.1044    6.67272 0.0000e+00
       1060      9.902     7.9911     7.9896   3.481564   3.481681     2.6610     2.7399      8.202     0.9495    -0.6811 4.6622e+01     0.1959    95.2219     6.3764     7.0251    33.5068    33.5095    26.1025    26.1048    6.67273 0.0000e+00
       1063      9.942     7.9911     7.9896   3.481549   3.481664     2.6618     2.7399      8.202     0.9544    -0.6811 4.6033e+01     0.1955    95.2306     6.3820     7.0273    33.5066    33.5093    26.1024    26.1047    6.67273 0.0000e+00
       1066      9.982     7.9910     7.9895   3.481566   3.481671     2.6626     2.7399      8.202     0.9544    -0.6811 4.5294e+01     0.1962    95.2132     6.3881     7.0314    33.5068    33.5094    26.1025    26.1048    6.67273 0.0000e+00
       1069     10.019     7.9911     7.9895   3.481535   3.481665     2.6638     2.7399      8.202     0.9544    -0.6811 4.4464e+01     0.1955    95.2306     6.3967     7.0352    33.5064    33.5093    26.1022    26.1047    6.67274 0.0000e+00
       1072     10.059     7.9910     7.9893   3.481545   3.481656     2.6646     2.7399      8.202     0.9544    -0.6811 4.3398e+01     0.1962    95.2132     6.4043     7.0368    33.5066    33.5093    26.1024    26.1048    6.67274 0.0000e+00
       1075     10.101     7.9910     7.9895   3.481541   3.481658     2.6658     2.7399      8.202     0.9495    -0.6811 4.2504e+01     0.1955    95.2306     6.4119     7.0381    33.5065    33.5092    26.1023    26.1046    6.67275 0.0000e+00
