Datasets/AZMP/COO001/79001079.cnv
* Sea-Bird SBE 9 Data File:
* FileName = C:\CTDDATA\79001079.hex
* Software Version Seasave V 7.26.7.110
* Temperature SN = 5660
* Conductivity SN = 3698
* Number of Bytes Per Scan = 30
* Number of Voltage Words = 4
* Number of Scans Averaged by the Deck Unit = 1
* NMEA baud rate = 9600
** VESSEL/TRIP/SEQ STN:  79001079
** LATITUDE XX XX.XX N:  48 10.51 N
** LONGITUDE XX XX.XX W:  53 37.73 W
** SOUNDING DEPTH (M):  0214
** PROBE TYPE: S1257
** CTD NUMBER: 046
** COMMENTS (14 CHAR): SS-07
** BOTTLES:  0
** LEVELS:
** STICKERS:
** VNET: N
** DO2: N
# nquan = 22
# nvalues = 6412                        
# units = specified
# name 0 = scan: Scan Count
# name 1 = prDM: Pressure, Digiquartz [db]
# name 2 = t090C: Temperature [ITS-90, deg C]
# name 3 = t190C: Temperature, 2 [ITS-90, deg C]
# name 4 = c0S/m: Conductivity [S/m]
# name 5 = c1S/m: Conductivity, 2 [S/m]
# name 6 = sbeox0V: Oxygen raw, SBE 43 [V]
# name 7 = sbeox1V: Oxygen raw, SBE 43, 2 [V]
# name 8 = ph: pH
# name 9 = flECO-AFL: Fluorescence, WET Labs ECO-AFL/FL [mg/m^3]
# name 10 = wetCDOM: Fluorescence, WET Labs CDOM [mg/m^3]
# name 11 = par/sat/log: PAR/Logarithmic, Satlantic [umol photons/m^2/sec]
# name 12 = CStarAt0: Beam Attenuation, WET Labs C-Star [1/m]
# name 13 = CStarTr0: Beam Transmission, WET Labs C-Star [%]
# name 14 = sbeox0ML/L: Oxygen, SBE 43 [ml/l], WS = 2
# name 15 = sbeox1ML/L: Oxygen, SBE 43, 2 [ml/l], WS = 2
# name 16 = sal00: Salinity, Practical [PSU]
# name 17 = sal11: Salinity, Practical, 2 [PSU]
# name 18 = sigma-t00: Density [sigma-t, kg/m^3 ]
# name 19 = sigma-t11: Density, 2 [sigma-t, kg/m^3 ]
# name 20 = oxsatML/L: Oxygen Saturation, Weiss [ml/l]
# name 21 = flag: flag
# span 0 =        195,      21378       
# span 1 =      1.708,    202.747       
# span 2 =     0.2102,     3.4944       
# span 3 =     0.2092,     3.4878       
# span 4 =   2.766097,   2.932344       
# span 5 =   2.766098,   2.932538       
# span 6 =     2.3888,     2.7499       
# span 7 =     2.3554,     2.7121       
# span 8 =      8.037,      8.179       
# span 9 =     0.0215,     1.4378       
# span 10 =     1.4507,     3.2668      
# span 11 = 1.0752e-01, 9.8051e+01      
# span 12 =     0.0800,     0.7775      
# span 13 =    82.3349,    98.0200      
# span 14 =     6.7907,     7.5994      
# span 15 =     7.3359,     7.9261      
# span 16 =    31.2536,    32.9336      
# span 17 =    31.2581,    32.9365      
# span 18 =    24.8566,    26.4279      
# span 19 =    24.8602,    26.4303      
# span 20 =    7.53567,    8.11394      
# span 21 = 0.0000e+00, 0.0000e+00      
# interval = scans: 3                   
# start_time = Dec 01 2019 16:47:08 [System UTC, header]
# bad_flag = -9.990e-29
*END*
[from data line 4280]
      14417    102.996     2.5934     2.7522   2.898996   2.908491     2.6725     2.6220      8.139     0.1094     2.0429 1.0790e-01     0.0864    97.8636     7.4993     7.7583    32.1005    32.0574    25.6044    25.5572    7.67032 0.0000e+00
      14420    102.933     2.5995     2.7531   2.900134   2.908546     2.6737     2.6216      8.139     0.1143     2.0429 1.0790e-01     0.0864    97.8636     7.5027     7.7570    32.1083    32.0572    25.6101    25.5569    7.66873 0.0000e+00
      14423    102.875     2.6137     2.7536   2.901019   2.908571     2.6750     2.6216      8.139     0.0850     2.0429 1.0790e-01     0.0857    97.8809     7.5057     7.7578    32.1049    32.0570    25.6063    25.5568    7.66615 0.0000e+00
      14426    102.822     2.6175     2.7544   2.899085   2.908628     2.6737     2.6216      8.139     0.0850     2.0429 1.0790e-01     0.0857    97.8809     7.5012     7.7597    32.0775    32.0569    25.5841    25.5566    7.66682 0.0000e+00
      14429    102.784     2.6121     2.7553   2.899232   2.908648     2.6737     2.6208      8.139     0.0947     2.0429 1.0790e-01     0.0864    97.8636     7.5020     7.7602    32.0847    32.0563    25.5903    25.5561    7.66749 0.0000e+00
      14503    102.749     2.6814     2.7565   2.904243   2.908647     2.6758     2.6273      8.138     0.1192     2.0429 1.0790e-01     0.0892    97.7941     7.4869     7.8074    32.0765    32.0551    25.5782    25.5550    7.65446 0.0000e+00
      14542    102.709     2.7245     2.7573   2.907109   2.908648     2.6782     2.6306      8.138     0.1290     2.0429 1.0790e-01     0.0906    97.7593     7.4833     7.8273    32.0683    32.0543    25.5682    25.5543    7.64651 0.0000e+00
      14545    102.657     2.7278     2.7573   2.906398   2.908637     2.6774     2.6306      8.138     0.1387     2.0429 1.0790e-01     0.0906    97.7593     7.4807     7.8254    32.0565    32.0542    25.5584    25.5542    7.64649 0.0000e+00
      14548    102.605     2.7138     2.7573   2.904611   2.908659     2.6778     2.6306      8.138     0.1290     2.0429 1.0790e-01     0.0906    97.7593     7.4856     7.8252    32.0487    32.0545    25.5534    25.5545    7.64961 0.0000e+00
      14551    102.554     2.7027     2.7577   2.904430   2.908682     2.6770     2.6306      8.138     0.1339     2.0429 1.0790e-01     0.0910    97.7506     7.4856     7.8241    32.0576    32.0544    25.5613    25.5543    7.65129 0.0000e+00
      14554    102.497     2.6948     2.7583   2.904730   2.908715     2.6778     2.6306      8.139     0.1290     2.0429 1.0790e-01     0.0906    97.7593     7.4908     7.8220    32.0692    32.0543    25.5713    25.5542    7.65223 0.0000e+00
      14557    102.434     2.6966     2.7588   2.905182   2.908745     2.6782     2.6318      8.139     0.1339     2.0429 1.0790e-01     0.0917    97.7332     7.4933     7.8257    32.0729    32.0542    25.5741    25.5541    7.65169 0.0000e+00
      14560    102.369     2.6956     2.7591   2.904575   2.908764     2.6778     2.6318      8.139     0.1290     2.0034 1.0790e-01     0.0928    97.7071     7.4922     7.8249    32.0666    32.0541    25.5691    25.5540    7.65221 0.0000e+00
      14563    102.306     2.6955     2.7589   2.904829   2.908742     2.6786     2.6318      8.139     0.1290     1.9245 1.0790e-01     0.0928    97.7071     7.4945     7.8255    32.0698    32.0540    25.5716    25.5540    7.65206 0.0000e+00
      14566    102.248     2.6941     2.7591   2.904452   2.908758     2.6782     2.6318      8.139     0.1290     1.9245 1.0790e-01     0.0928    97.7071     7.4927     7.8263    32.0666    32.0542    25.5693    25.5540    7.65249 0.0000e+00
      14569    102.192     2.6906     2.7594   2.903852   2.908773     2.6786     2.6318      8.139     0.1339     1.9245 1.0790e-01     0.0928    97.7071     7.4961     7.8266    32.0629    32.0540    25.5666    25.5539    7.65337 0.0000e+00
      14572    102.132     2.6872     2.7603   2.903688   2.908863     2.6778     2.6318      8.139     0.1290     1.9245 1.0790e-01     0.0928    97.7071     7.4925     7.8284    32.0643    32.0542    25.5680    25.5540    7.65396 0.0000e+00
      14575    102.068     2.6788     2.7611   2.902891   2.908898     2.6782     2.6318      8.139     0.1290     1.9245 1.0790e-01     0.0928    97.7071     7.4938     7.8294    32.0630    32.0539    25.5676    25.5536    7.65566 0.0000e+00
      14578    102.005     2.6751     2.7619   2.903188   2.908929     2.6791     2.6318      8.139     0.1192     1.9245 1.0790e-01     0.0913    97.7419     7.4968     7.8290    32.0704    32.0536    25.5738    25.5533    7.65600 0.0000e+00
      14581    101.944     2.6786     2.7618   2.904430   2.908907     2.6778     2.6330      8.139     0.0801     1.9245 1.0790e-01     0.0896    97.7854     7.4913     7.8356    32.0821    32.0534    25.5829    25.5532    7.65472 0.0000e+00
      14584    101.882     2.6948     2.7619   2.905923   2.908931     2.6786     2.6330      8.139     0.0850     1.9245 1.0790e-01     0.0896    97.7854     7.4900     7.8400    32.0840    32.0537    25.5832    25.5534    7.65147 0.0000e+00
      14587    101.821     2.7032     2.7618   2.906260   2.908906     2.6786     2.6330      8.141     0.0850     1.9245 1.0790e-01     0.0896    97.7854     7.4875     7.8432    32.0798    32.0535    25.5790    25.5532    7.65006 0.0000e+00
      14590    101.759     2.7047     2.7618   2.905172   2.908918     2.6786     2.6330      8.141     0.0850     1.9245 1.0790e-01     0.0896    97.7854     7.4879     7.8449    32.0650    32.0536    25.5671    25.5534    7.65052 0.0000e+00
      14593    101.698     2.7022     2.7619   2.904559   2.908910     2.6791     2.6334      8.143     0.0850     1.9245 1.0790e-01     0.0896    97.7854     7.4909     7.8467    32.0601    32.0535    25.5634    25.5533    7.65126 0.0000e+00
      14596    101.634     2.6879     2.7617   2.902585   2.908891     2.6782     2.6342      8.142     0.0850     1.9245 1.0790e-01     0.0896    97.7854     7.4915     7.8487    32.0504    32.0534    25.5568    25.5533    7.65454 0.0000e+00
      14599    101.572     2.6744     2.7617   2.902929   2.908877     2.6778     2.6342      8.143     0.0899     1.9245 1.0790e-01     0.0878    97.8288     7.4915     7.8464    32.0682    32.0533    25.5721    25.5531    7.65625 0.0000e+00
      14602    101.513     2.6757     2.7619   2.904118   2.908920     2.6795     2.6342      8.142     0.0899     1.9245 1.0790e-01     0.0874    97.8375     7.4953     7.8426    32.0813    32.0537    25.5825    25.5535    7.65531 0.0000e+00
      14605    101.453     2.6905     2.7621   2.905394   2.908906     2.6791     2.6355      8.143     0.0899     1.9245 1.0790e-01     0.0874    97.8375     7.4911     7.8438    32.0821    32.0534    25.5819    25.5532    7.65240 0.0000e+00
      14608    101.389     2.6994     2.7622   2.905572   2.908924     2.6782     2.6355      8.143     0.0996     1.9245 1.0790e-01     0.0871    97.8462     7.4856     7.8432    32.0754    32.0535    25.5759    25.5533    7.65102 0.0000e+00
      14611    101.329     2.7053     2.7629   2.905515   2.908999     2.6782     2.6355      8.143     0.0996     1.9245 1.0790e-01     0.0874    97.8375     7.4845     7.8420    32.0688    32.0537    25.5701    25.5534    7.65021 0.0000e+00
      14614    101.269     2.7061     2.7635   2.905019   2.909019     2.6791     2.6355      8.143     0.0996     2.0034 1.0790e-01     0.0874    97.8375     7.4882     7.8399    32.0620    32.0534    25.5647    25.5531    7.65040 0.0000e+00
      14617    101.208     2.7014     2.7638   2.904399   2.908977     2.6786     2.6355      8.143     0.0996     2.0429 1.0790e-01     0.0874    97.8375     7.4887     7.8371    32.0592    32.0526    25.5628    25.5525    7.65146 0.0000e+00
      14620    101.146     2.6971     2.7639   2.904691   2.908992     2.6795     2.6355      8.143     0.0996     2.0429 1.0790e-01     0.0860    97.8723     7.4917     7.8353    32.0672    32.0528    25.5694    25.5526    7.65189 0.0000e+00
      14623    101.086     2.6964     2.7639   2.904706   2.909010     2.6786     2.6355      8.143     0.0996     2.0429 1.0790e-01     0.0860    97.8723     7.4884     7.8338    32.0680    32.0530    25.5702    25.5527    7.65197 0.0000e+00
      14626    101.024     2.6956     2.7640   2.904974   2.909012     2.6782     2.6355      8.143     0.0996     2.0429 1.0790e-01     0.0857    97.8809     7.4863     7.8326    32.0722    32.0530    25.5736    25.5527    7.65193 0.0000e+00
      14629    100.962     2.7050     2.7640   2.905781   2.909004     2.6786     2.6359      8.143     0.1045     2.0429 1.0790e-01     0.0860    97.8723     7.4871     7.8319    32.0727    32.0529    25.5732    25.5526    7.65008 0.0000e+00
      14632    100.899     2.7077     2.7642   2.905253   2.909003     2.6791     2.6363      8.143     0.1094     2.0429 1.0790e-01     0.0860    97.8723     7.4889     7.8333    32.0635    32.0527    25.5657    25.5525    7.65002 0.0000e+00
      14635    100.835     2.7060     2.7643   2.905064   2.908995     2.6782     2.6363      8.143     0.1045     2.0429 1.0790e-01     0.0857    97.8809     7.4862     7.8346    32.0629    32.0525    25.5653    25.5524    7.65038 0.0000e+00
      14638    100.772     2.7039     2.7644   2.905011   2.909012     2.6795     2.6367      8.143     0.1143     2.0429 1.0790e-01     0.0864    97.8636     7.4909     7.8368    32.0644    32.0527    25.5667    25.5525    7.65071 0.0000e+00
      14641    100.708     2.7023     2.7642   2.905009   2.909025     2.6787     2.6367      8.143     0.1143     2.0429 1.0790e-01     0.0857    97.8809     7.4896     7.8379    32.0660    32.0530    25.5681    25.5527    7.65093 0.0000e+00
      14644    100.645     2.7038     2.7644   2.905315   2.909032     2.6791     2.6367      8.143     0.1143     2.0429 1.0790e-01     0.0860    97.8723     7.4909     7.8386    32.0683    32.0530    25.5698    25.5527    7.65053 0.0000e+00
      14647    100.583     2.7081     2.7650   2.905799   2.909058     2.6791     2.6367      8.143     0.1094     2.0429 1.0790e-01     0.0864    97.8636     7.4922     7.8383    32.0699    32.0527    25.5708    25.5524    7.64962 0.0000e+00
      14650    100.522     2.7137     2.7654   2.906229   2.909062     2.6791     2.6371      8.143     0.1143     2.0429 1.0790e-01     0.0860    97.8723     7.4924     7.8389    32.0696    32.0524    25.5701    25.5521    7.64855 0.0000e+00
      14653    100.463     2.7188     2.7658   2.906509   2.909074     2.6786     2.6367      8.143     0.1143     2.0429 1.0790e-01     0.0857    97.8809     7.4906     7.8384    32.0679    32.0522    25.5683    25.5520    7.64764 0.0000e+00
      14656    100.399     2.7218     2.7662   2.906072   2.909082     2.6795     2.6367      8.143     0.1143     2.0429 1.0790e-01     0.0857    97.8809     7.4946     7.8401    32.0597    32.0520    25.5615    25.5517    7.64749 0.0000e+00
      14659    100.337     2.7205     2.7662   2.906185   2.909084     2.6795     2.6375      8.143     0.1094     2.0429 1.0790e-01     0.0853    97.8896     7.4947     7.8449    32.0624    32.0520    25.5637    25.5518    7.64760 0.0000e+00
      14662    100.276     2.7227     2.7663   2.906337   2.909094     2.6795     2.6375      8.143     0.1143     2.0429 1.0790e-01     0.0843    97.9157     7.4942     7.8459    32.0620    32.0521    25.5633    25.5518    7.64719 0.0000e+00
      14665    100.213     2.7235     2.7665   2.906543   2.909086     2.6795     2.6379      8.145     0.1143     2.0429 1.0790e-01     0.0843    97.9157     7.4967     7.8481    32.0638    32.0518    25.5646    25.5516    7.64694 0.0000e+00
      14668    100.151     2.7258     2.7668   2.906241   2.909117     2.6795     2.6379      8.143     0.1143     2.0429 1.0790e-01     0.0843    97.9157     7.4954     7.8480    32.0579    32.0519    25.5597    25.5516    7.64681 0.0000e+00
      14671    100.090     2.7251     2.7672   2.906417   2.909160     2.6807     2.6379      8.145     0.1143     2.0429 1.0790e-01     0.0843    97.9157     7.4994     7.8469    32.0607    32.0521    25.5620    25.5517    7.64679 0.0000e+00
      14674    100.028     2.7268     2.7681   2.906735   2.909177     2.6807     2.6383      8.145     0.1143     2.0429 1.0790e-01     0.0843    97.9157     7.4992     7.8472    32.0630    32.0514    25.5637    25.5511    7.64636 0.0000e+00
      14677     99.965     2.7305     2.7687   2.906973   2.909196     2.6807     2.6391      8.146     0.1143     2.0429 1.0790e-01     0.0843    97.9157     7.4988     7.8479    32.0622    32.0511    25.5628    25.5508    7.64567 0.0000e+00
      14680     99.901     2.7343     2.7691   2.907270   2.909233     2.6807     2.6391      8.143     0.1143     2.0429 1.0790e-01     0.0874    97.8375     7.4975     7.8443    32.0620    32.0512    25.5623    25.5508    7.64494 0.0000e+00
      14683     99.836     2.7376     2.7694   2.907346   2.909226     2.6803     2.6391      8.145     0.1143     2.0429 1.0790e-01     0.0878    97.8288     7.4955     7.8411    32.0596    32.0508    25.5602    25.5505    7.64442 0.0000e+00
      14686     99.773     2.7393     2.7703   2.907151   2.909295     2.6811     2.6391      8.148     0.1192     2.0429 1.0790e-01     0.0874    97.8375     7.4976     7.8380    32.0556    32.0507    25.5568    25.5504    7.64431 0.0000e+00
      14689     99.710     2.7366     2.7712   2.906756   2.909363     2.6819     2.6391      8.148     0.1192     2.0429 1.0790e-01     0.0881    97.8201     7.4999     7.8363    32.0535    32.0507    25.5554    25.5503    7.64493 0.0000e+00
      14692     99.647     2.7363     2.7723   2.907056   2.909436     2.6803     2.6391      8.146     0.1094     2.0429 1.0790e-01     0.0874    97.8375     7.4922     7.8360    32.0576    32.0506    25.5586    25.5501    7.64479 0.0000e+00
      14695     99.584     2.7375     2.7731   2.907223   2.909469     2.6811     2.6391      8.146     0.1143     2.0429 1.0790e-01     0.0874    97.8375     7.4940     7.8337    32.0584    32.0502    25.5592    25.5497    7.64451 0.0000e+00
      14698     99.523     2.7388     2.7738   2.907267   2.909520     2.6819     2.6391      8.148     0.1143     2.0429 1.0790e-01     0.0881    97.8201     7.4981     7.8296    32.0577    32.0502    25.5586    25.5497    7.64430 0.0000e+00
      14701     99.462     2.7387     2.7745   2.907087   2.909533     2.6819     2.6391      8.146     0.1094     2.0429 1.0790e-01     0.0896    97.7854     7.4986     7.8288    32.0556    32.0496    25.5569    25.5492    7.64442 0.0000e+00
      14704     99.401     2.7362     2.7750   2.906638   2.909609     2.6819     2.6391      8.148     0.1143     2.0429 1.0790e-01     0.0896    97.7854     7.4975     7.8278    32.0527    32.0501    25.5547    25.5495    7.64506 0.0000e+00
      14707     99.340     2.7365     2.7769   2.907316   2.909778     2.6819     2.6391      8.148     0.1192     2.0429 1.0790e-01     0.0896    97.7854     7.4967     7.8265    32.0607    32.0502    25.5611    25.5494    7.64460 0.0000e+00
      14710     99.282     2.7385     2.7802   2.907186   2.909898     2.6819     2.6391      8.148     0.1094     2.0429 1.0790e-01     0.0896    97.7854     7.4961     7.8251    32.0571    32.0485    25.5581    25.5478    7.64439 0.0000e+00
      14713     99.221     2.7373     2.7817   2.906986   2.909955     2.6819     2.6400      8.148     0.1192     2.0429 1.0790e-01     0.0896    97.7854     7.4969     7.8271    32.0559    32.0477    25.5572    25.5470    7.64468 0.0000e+00
      14716     99.159     2.7371     2.7834   2.907123   2.910067     2.6815     2.6400      8.148     0.1143     2.0429 1.0790e-01     0.0896    97.7854     7.4961     7.8259    32.0578    32.0474    25.5588    25.5467    7.64462 0.0000e+00
