Datasets/AZMP/COO001/79001001.cnv
* Sea-Bird SBE 9 Data File:
* FileName = C:\CTDDATA\79001001.hex
* Software Version Seasave V 7.26.7.110
* Temperature SN = 5811
* Conductivity SN = 4531
* Number of Bytes Per Scan = 30
* Number of Voltage Words = 4
* Number of Scans Averaged by the Deck Unit = 1
* NMEA baud rate = 9600
** VESSEL/TRIP/SEQ STN:  79001001
** LATITUDE XX XX.XX N:  47 32.80 N
** LONGITUDE XX XX.XX W:  52 35.20 W
** SOUNDING DEPTH (M):  0180
** PROBE TYPE (S1221): S1221
** CTD NUMBER: 001
** COMMENTS (14 CHAR):  S27-01
** BOTTLES:  20
** LEVELS: 5,5,5,5,10,20,20,20,20,30,40,50,50,50,75,100,100,100,150,BTM
** STICKERS: 434558 - 434577
** VNET: Y
** DO2: N
# nquan = 22
# nvalues = 4286                        
# units = specified
# name 0 = scan: Scan Count
# name 1 = prDM: Pressure, Digiquartz [db]
# name 2 = t090C: Temperature [ITS-90, deg C]
# name 3 = t190C: Temperature, 2 [ITS-90, deg C]
# name 4 = c0S/m: Conductivity [S/m]
# name 5 = c1S/m: Conductivity, 2 [S/m]
# name 6 = sbeox0V: Oxygen raw, SBE 43 [V]
# name 7 = sbeox1V: Oxygen raw, SBE 43, 2 [V]
# name 8 = ph: pH
# name 9 = flECO-AFL: Fluorescence, WET Labs ECO-AFL/FL [mg/m^3]
# name 10 = wetCDOM: Fluorescence, WET Labs CDOM [mg/m^3]
# name 11 = par/sat/log: PAR/Logarithmic, Satlantic [umol photons/m^2/sec]
# name 12 = CStarAt0: Beam Attenuation, WET Labs C-Star [1/m]
# name 13 = CStarTr0: Beam Transmission, WET Labs C-Star [%]
# name 14 = sbeox0ML/L: Oxygen, SBE 43 [ml/l], WS = 2
# name 15 = sbeox1ML/L: Oxygen, SBE 43, 2 [ml/l], WS = 2
# name 16 = sal00: Salinity, Practical [PSU]
# name 17 = sal11: Salinity, Practical, 2 [PSU]
# name 18 = sigma-t00: Density [sigma-t, kg/m^3 ]
# name 19 = sigma-t11: Density, 2 [sigma-t, kg/m^3 ]
# name 20 = oxsatML/L: Oxygen Saturation, Weiss [ml/l]
# name 21 = flag: flag
# span 0 =         29,      40161       
# span 1 =      2.696,    174.146       
# span 2 =    -0.9459,     5.5977       
# span 3 =    -0.9465,     5.5986       
# span 4 =   2.669134,   3.086285       
# span 5 =   2.669263,   3.086290       
# span 6 =     2.2515,     2.6521       
# span 7 =     2.1453,     2.5300       
# span 8 =      7.941,      8.127       
# span 9 =     0.0460,     0.8445       
# span 10 =    -1.0780,   108.9220      
# span 11 = 1.1679e-01, 7.8612e-01      
# span 12 =    -0.1131,    -0.0242      
# span 13 =   100.6064,   102.8672      
# span 14 =     7.4899,     8.3211      
# span 15 =     7.5859,     8.6531      
# span 16 =    31.4105,    32.9469      
# span 17 =    31.4332,    32.9473      
# span 18 =    24.7668,    26.4851      
# span 19 =    24.7824,    26.4854      
# span 20 =    7.15341,    8.37621      
# span 21 = 0.0000e+00, 0.0000e+00      
# interval = scans: 3                   
# start_time = Nov 17 2019 20:06:07 [System UTC, header]
# bad_flag = -9.990e-29
*END*
[from data line 3688]
      26582     36.593     5.3055     5.3077   3.067618   3.067776     2.6392     2.5183      8.125     0.6736    -0.7288 1.1760e-01    -0.0607   101.5288     7.6013     7.7049    31.4861    31.4858    24.8571    24.8566    7.20152 0.0000e+00
      26585     36.568     5.3051     5.3079   3.067617   3.067772     2.6396     2.5183      8.125     0.6687    -0.7288 1.1760e-01    -0.0610   101.5378     7.6038     7.7032    31.4865    31.4856    24.8574    24.8564    7.20158 0.0000e+00
      26588     36.544     5.3057     5.3074   3.067652   3.067736     2.6396     2.5183      8.125     0.6565    -0.7288 1.1773e-01    -0.0610   101.5378     7.6048     7.7013    31.4864    31.4857    24.8572    24.8565    7.20148 0.0000e+00
      26591     36.518     5.3050     5.3072   3.067564   3.067722     2.6400     2.5183      8.123     0.6516    -0.1826 1.1760e-01    -0.0610   101.5378     7.6069     7.7007    31.4860    31.4857    24.8571    24.8565    7.20162 0.0000e+00
      26594     36.489     5.3046     5.3076   3.067563   3.067750     2.6404     2.5183      8.123     0.6540     0.3278 1.1773e-01    -0.0610   101.5378     7.6096     7.7002    31.4864    31.4857    24.8574    24.8565    7.20167 0.0000e+00
      26597     36.457     5.3052     5.3080   3.067607   3.067759     2.6404     2.5183      8.125     0.6516     0.3099 1.1787e-01    -0.0610   101.5378     7.6098     7.7005    31.4863    31.4855    24.8572    24.8562    7.20156 0.0000e+00
      26600     36.426     5.3055     5.3089   3.067612   3.067819     2.6404     2.5183      8.125     0.6540     0.3099 1.1787e-01    -0.0610   101.5378     7.6105     7.7017    31.4862    31.4853    24.8571    24.8561    7.20153 0.0000e+00
      26603     36.393     5.3055     5.3111   3.067601   3.067950     2.6404     2.5183      8.125     0.6565     0.3009 1.1760e-01    -0.0603   101.5197     7.6122     7.7031    31.4861    31.4847    24.8570    24.8553    7.20153 0.0000e+00
      26606     36.359     5.3054     5.3122   3.067603   3.068013     2.6404     2.5183      8.125     0.6565     0.3009 1.1773e-01    -0.0578   101.4564     7.6123     7.7036    31.4862    31.4845    24.8571    24.8550    7.20154 0.0000e+00
      26609     36.317     5.3053     5.3110   3.067586   3.067919     2.6413     2.5183      8.125     0.6540     0.3099 1.1773e-01    -0.0578   101.4564     7.6149     7.7031    31.4860    31.4845    24.8570    24.8551    7.20156 0.0000e+00
      26612     36.270     5.3055     5.3104   3.067599   3.067880     2.6404     2.5183      8.125     0.6736     0.3009 1.1787e-01    -0.0578   101.4564     7.6116     7.7039    31.4861    31.4847    24.8570    24.8554    7.20153 0.0000e+00
      26615     36.218     5.3057     5.3149   3.067610   3.068130     2.6404     2.5183      8.125     0.7249     0.3099 1.1773e-01    -0.0578   101.4564     7.6111     7.7034    31.4861    31.4833    24.8570    24.8538    7.20150 0.0000e+00
      26618     36.163     5.3057     5.3174   3.067620   3.068283     2.6413     2.5183      8.125     0.7225    -0.6482 1.1787e-01    -0.0578   101.4564     7.6144     7.7018    31.4861    31.4827    24.8570    24.8530    7.20148 0.0000e+00
      26621     36.107     5.3062     5.3194   3.067645   3.068524     2.6408     2.5191      8.125     0.7273    -0.8541 1.1760e-01    -0.0582   101.4655     7.6133     7.7039    31.4860    31.4836    24.8569    24.8535    7.20140 0.0000e+00
      26624     36.044     5.3061     5.3250   3.067640   3.068885     2.6413     2.5191      8.125     0.7249    -0.8452 1.1773e-01    -0.0582   101.4655     7.6144     7.7034    31.4861    31.4825    24.8569    24.8520    7.20142 0.0000e+00
      26627     35.976     5.3066     5.3248   3.067658   3.068809     2.6417     2.5195      8.125     0.7249    -0.8541 1.1773e-01    -0.0589   101.4836     7.6153     7.7037    31.4858    31.4818    24.8567    24.8515    7.20134 0.0000e+00
      26630     35.903     5.3071     5.3207   3.067692   3.068564     2.6413     2.5187      8.125     0.7273    -0.8541 1.1746e-01    -0.0589   101.4836     7.6128     7.6999    31.4858    31.4829    24.8567    24.8528    7.20127 0.0000e+00
      26633     35.826     5.3079     5.3204   3.067759   3.068579     2.6417     2.5183      8.125     0.7273    -0.8452 1.1773e-01    -0.0589   101.4836     7.6134     7.6969    31.4859    31.4834    24.8566    24.8533    7.20112 0.0000e+00
      26636     35.745     5.3102     5.3187   3.067904   3.068433     2.6417     2.5195      8.123     0.7249    -0.8541 1.1787e-01    -0.0589   101.4836     7.6127     7.7003    31.4854    31.4833    24.8560    24.8534    7.20075 0.0000e+00
      26639     35.657     5.3129     5.3171   3.068115   3.068317     2.6417     2.5187      8.123     0.7396    -0.8541 1.1787e-01    -0.0589   101.4836     7.6109     7.6964    31.4853    31.4836    24.8556    24.8538    7.20028 0.0000e+00
      26642     35.564     5.3141     5.3154   3.068151   3.068209     2.6421     2.5183      8.125     0.7639    13.6961 1.1787e-01    -0.0589   101.4836     7.6106     7.6953    31.4846    31.4840    24.8549    24.8543    7.20011 0.0000e+00
      26645     35.466     5.3171     5.3158   3.068434   3.068282     2.6421     2.5191      8.125     0.7639   105.2598 1.1773e-01    -0.0593   101.4926     7.6084     7.6985    31.4851    31.4845    24.8549    24.8546    7.19956 0.0000e+00
      26648     35.364     5.3210     5.3189   3.068625   3.068467     2.6417     2.5191      8.125     0.7591   108.5459 1.1773e-01    -0.0596   101.5017     7.6047     7.6981    31.4836    31.4838    24.8533    24.8537    7.19896 0.0000e+00
      26651     35.260     5.3190     5.3189   3.068439   3.068432     2.6417     2.5183      8.125     0.7591   108.3758 1.1787e-01    -0.0596   101.5017     7.6047     7.6957    31.4834    31.4834    24.8534    24.8534    7.19931 0.0000e+00
      26654     35.152     5.3187     5.3185   3.068441   3.068436     2.6417     2.5183      8.125     0.7591   108.4027 1.1773e-01    -0.0596   101.5017     7.6039     7.6973    31.4837    31.4839    24.8537    24.8538    7.19934 0.0000e+00
      26657     35.040     5.3171     5.3188   3.068282   3.068460     2.6417     2.5183      8.125     0.7591   108.3937 1.1787e-01    -0.0593   101.4926     7.6030     7.6967    31.4835    31.4839    24.8537    24.8538    7.19964 0.0000e+00
      26660     34.925     5.3152     5.3206   3.068212   3.068560     2.6417     2.5183      8.125     0.7615   108.4116 1.1746e-01    -0.0593   101.4926     7.6027     7.6965    31.4845    31.4834    24.8547    24.8532    7.19991 0.0000e+00
      26663     34.809     5.3201     5.3280   3.068707   3.069095     2.6417     2.5187      8.125     0.7591   108.4116 1.1773e-01    -0.0593   101.4926     7.6010     7.6973    31.4856    31.4827    24.8550    24.8518    7.19901 0.0000e+00
      26666     34.690     5.3261     5.3372   3.069020   3.069687     2.6413     2.5195      8.125     0.6418   108.4027 1.1773e-01    -0.0578   101.4564     7.5991     7.6978    31.4836    31.4807    24.8528    24.8492    7.19806 0.0000e+00
      26669     34.566     5.3342     5.3434   3.069629   3.070131     2.6413     2.5191      8.125     0.6126    66.7934 1.1760e-01    -0.0578   101.4564     7.5983     7.6952    31.4830    31.4800    24.8514    24.8480    7.19669 0.0000e+00
      26672     34.440     5.3410     5.3494   3.070002   3.070515     2.6408     2.5187      8.125     0.6150    -1.0780 1.1773e-01    -0.0578   101.4564     7.5958     7.6941    31.4808    31.4788    24.8489    24.8463    7.19561 0.0000e+00
      26675     34.312     5.3444     5.3534   3.070227   3.070732     2.6417     2.5187      8.124     0.6150    -0.9885 1.1787e-01    -0.0578   101.4564     7.5988     7.6934    31.4802    31.4776    24.8480    24.8449    7.19504 0.0000e+00
      26678     34.180     5.3464     5.3521   3.070268   3.070601     2.6408     2.5191      8.124     0.6174    -0.8362 1.1773e-01    -0.0575   101.4474     7.5963     7.6940    31.4789    31.4773    24.8468    24.8449    7.19477 0.0000e+00
      26681     34.051     5.3460     5.3523   3.070261   3.070634     2.6408     2.5187      8.124     0.6174    -0.8362 1.1760e-01    -0.0578   101.4564     7.5976     7.6906    31.4793    31.4775    24.8471    24.8450    7.19481 0.0000e+00
      26684     33.930     5.3465     5.3526   3.070248   3.070656     2.6408     2.5187      8.124     0.6174    -0.8541 1.1746e-01    -0.0578   101.4564     7.5989     7.6892    31.4788    31.4776    24.8467    24.8451    7.19476 0.0000e+00
      26687     33.808     5.3463     5.3541   3.070227   3.070746     2.6413     2.5187      8.124     0.6150    -0.8362 1.1773e-01    -0.0600   101.5107     7.6022     7.6870    31.4788    31.4773    24.8467    24.8447    7.19479 0.0000e+00
      26690     33.684     5.3461     5.3543   3.070208   3.070756     2.6417     2.5187      8.124     0.6101    -0.8452 1.1760e-01    -0.0589   101.4836     7.6055     7.6862    31.4788    31.4772    24.8468    24.8446    7.19482 0.0000e+00
      26693     33.563     5.3452     5.3534   3.070121   3.070695     2.6413     2.5195      8.124     0.5735    -0.8452 1.1773e-01    -0.0593   101.4926     7.6050     7.6899    31.4786    31.4775    24.8467    24.8449    7.19498 0.0000e+00
      26696     33.445     5.3455     5.3523   3.070191   3.070612     2.6413     2.5191      8.124     0.5784    70.6167 1.1746e-01    -0.0596   101.5017     7.6057     7.6879    31.4792    31.4776    24.8471    24.8451    7.19490 0.0000e+00
      26699     33.327     5.3463     5.3531   3.070260   3.070670     2.6417     2.5187      8.124     0.5759   108.7787 1.1773e-01    -0.0593   101.4926     7.6075     7.6852    31.4793    31.4776    24.8472    24.8450    7.19476 0.0000e+00
      26702     33.212     5.3493     5.3540   3.070500   3.070732     2.6421     2.5187      8.124     0.5735   108.3400 1.1760e-01    -0.0596   101.5017     7.6088     7.6846    31.4793    31.4775    24.8467    24.8449    7.19424 0.0000e+00
      26705     33.100     5.3530     5.3541   3.070709   3.070748     2.6421     2.5183      8.124     0.5735   108.4116 1.1787e-01    -0.0585   101.4745     7.6075     7.6830    31.4782    31.4777    24.8455    24.8449    7.19364 0.0000e+00
      26708     32.993     5.3539     5.3546   3.070710   3.070773     2.6421     2.5187      8.124     0.5784   108.3937 1.1773e-01    -0.0578   101.4564     7.6067     7.6846    31.4774    31.4775    24.8448    24.8448    7.19352 0.0000e+00
      26711     32.889     5.3532     5.3545   3.070672   3.070740     2.6429     2.5183      8.124     0.5759   108.4027 1.1760e-01    -0.0578   101.4564     7.6084     7.6823    31.4777    31.4773    24.8451    24.8446    7.19363 0.0000e+00
      26714     32.793     5.3532     5.3542   3.070677   3.070715     2.6429     2.5183      8.124     0.5784   108.4116 1.1760e-01    -0.0578   101.4564     7.6077     7.6808    31.4778    31.4773    24.8452    24.8446    7.19363 0.0000e+00
      26717     32.703     5.3534     5.3539   3.070682   3.070705     2.6429     2.5183      8.124     0.5833   108.4116 1.1787e-01    -0.0578   101.4564     7.6063     7.6796    31.4777    31.4775    24.8450    24.8449    7.19360 0.0000e+00
      26720     32.616     5.3533     5.3537   3.070663   3.070683     2.6429     2.5183      8.124     0.6003   105.2509 1.1787e-01    -0.0582   101.4655     7.6050     7.6791    31.4777    31.4775    24.8451    24.8449    7.19363 0.0000e+00
      26723     32.537     5.3531     5.3537   3.070643   3.070677     2.6429     2.5183      8.124     0.6028    10.4727 1.1787e-01    -0.0582   101.4655     7.6031     7.6793    31.4776    31.4775    24.8450    24.8449    7.19365 0.0000e+00
      26726     32.460     5.3530     5.3535   3.070648   3.070671     2.6429     2.5183      8.124     0.6077     0.1039 1.1787e-01    -0.0618   101.5559     7.6015     7.6801    31.4779    31.4777    24.8452    24.8450    7.19366 0.0000e+00
      26729     32.387     5.3530     5.3526   3.070653   3.070602     2.6429     2.5183      8.124     0.6052     0.7038 1.1787e-01    -0.0632   101.5921     7.6008     7.6799    31.4780    31.4777    24.8453    24.8452    7.19366 0.0000e+00
      26732     32.318     5.3527     5.3496   3.070632   3.070405     2.6429     2.5183      8.124     0.6028     0.6859 1.1773e-01    -0.0632   101.5921     7.5997     7.6805    31.4781    31.4784    24.8454    24.8461    7.19371 0.0000e+00
      26735     32.252     5.3497     5.3467   3.070379   3.070193     2.6429     2.5179      8.124     0.6003     0.6680 1.1787e-01    -0.0632   101.5921     7.5992     7.6791    31.4780    31.4787    24.8457    24.8466    7.19424 0.0000e+00
      26738     32.191     5.3441     5.3442   3.070006   3.069988     2.6425     2.5175      8.124     0.6052     0.6770 1.1773e-01    -0.0632   101.5921     7.5982     7.6779    31.4790    31.4787    24.8472    24.8469    7.19515 0.0000e+00
      26741     32.133     5.3394     5.3405   3.069672   3.069682     2.6425     2.5171      8.125     0.6052     0.6770 1.1787e-01    -0.0632   101.5921     7.5987     7.6774    31.4797    31.4788    24.8482    24.8473    7.19594 0.0000e+00
      26744     32.082     5.3371     5.3385   3.069525   3.069607     2.6429     2.5171      8.123     0.6419     0.6680 1.1760e-01    -0.0628   101.5831     7.6010     7.6785    31.4802    31.4799    24.8489    24.8484    7.19631 0.0000e+00
      26747     32.035     5.3368     5.3387   3.069508   3.069647     2.6421     2.5175      8.125     0.6663     0.3457 1.1746e-01    -0.0621   101.5650     7.5986     7.6802    31.4803    31.4802    24.8490    24.8487    7.19636 0.0000e+00
      26750     31.991     5.3384     5.3391   3.069658   3.069632     2.6425     2.5179      8.125     0.6663    -0.8631 1.1773e-01    -0.0621   101.5650     7.5998     7.6822    31.4806    31.4796    24.8490    24.8482    7.19607 0.0000e+00
      26753     31.952     5.3393     5.3390   3.069724   3.069641     2.6429     2.5175      8.125     0.6687    -0.8541 1.1773e-01    -0.0621   101.5650     7.6016     7.6815    31.4805    31.4799    24.8488    24.8484    7.19591 0.0000e+00
      26756     31.914     5.3389     5.3391   3.069691   3.069656     2.6421     2.5171      8.125     0.6663    -0.8541 1.1773e-01    -0.0621   101.5650     7.5990     7.6810    31.4805    31.4799    24.8488    24.8484    7.19598 0.0000e+00
      26759     31.878     5.3387     5.3403   3.069654   3.069734     2.6421     2.5171      8.125     0.6663    -0.8362 1.1773e-01    -0.0621   101.5650     7.5995     7.6821    31.4803    31.4797    24.8488    24.8481    7.19603 0.0000e+00
      26762     31.839     5.3394     5.3402   3.069707   3.069739     2.6421     2.5175      8.125     0.6687    -0.8362 1.1760e-01    -0.0621   101.5650     7.6005     7.6840    31.4803    31.4799    24.8487    24.8483    7.19592 0.0000e+00
      26765     31.803     5.3395     5.3409   3.069717   3.069765     2.6421     2.5171      8.125     0.6687    -0.8452 1.1787e-01    -0.0575   101.4474     7.6009     7.6822    31.4803    31.4795    24.8487    24.8479    7.19589 0.0000e+00
      26768     31.767     5.3392     5.3404   3.069683   3.069726     2.6429     2.5175      8.125     0.6663    -0.8362 1.1773e-01    -0.0468   101.1761     7.6045     7.6832    31.4802    31.4796    24.8486    24.8480    7.19595 0.0000e+00
      26771     31.730     5.3391     5.3385   3.069678   3.069593     2.6425     2.5171      8.125     0.6126    -0.8362 1.1773e-01    -0.0471   101.1851     7.6043     7.6818    31.4803    31.4799    24.8487    24.8484    7.19596 0.0000e+00
      26774     31.694     5.3390     5.3382   3.069672   3.069601     2.6421     2.5171      8.125     0.6101    -0.2095 1.1787e-01    -0.0471   101.1851     7.6029     7.6826    31.4803    31.4803    24.8487    24.8488    7.19597 0.0000e+00
