Datasets/AZMP/COO001/79001093.cnv
* Sea-Bird SBE 9 Data File:
* FileName = C:\CTDDATA\79001093.hex
* Software Version Seasave V 7.26.7.110
* Temperature SN = 5660
* Conductivity SN = 3698
* Number of Bytes Per Scan = 30
* Number of Voltage Words = 4
* Number of Scans Averaged by the Deck Unit = 1
* NMEA baud rate = 9600
** VESSEL/TRIP/SEQ STN:  79001093
** LATITUDE XX XX.XX N:  48 55.00
** LONGITUDE XX XX.XX W:  52 24.00
** SOUNDING DEPTH (M):  0364
** PROBE TYPE: S1257
** CTD NUMBER: 059
** COMMENTS (14 CHAR): BB-04
** BOTTLES:  20
** LEVELS: 5,5,5,5,10,20,20,20,20,30,40,50,50,50,75,100,100,100,150,BTM
** STICKERS: 435285 - 435304
** VNET: Y
** DO2: N
# nquan = 22
# nvalues = 7671                        
# units = specified
# name 0 = scan: Scan Count
# name 1 = prDM: Pressure, Digiquartz [db]
# name 2 = t090C: Temperature [ITS-90, deg C]
# name 3 = t190C: Temperature, 2 [ITS-90, deg C]
# name 4 = c0S/m: Conductivity [S/m]
# name 5 = c1S/m: Conductivity, 2 [S/m]
# name 6 = sbeox0V: Oxygen raw, SBE 43 [V]
# name 7 = sbeox1V: Oxygen raw, SBE 43, 2 [V]
# name 8 = ph: pH
# name 9 = flECO-AFL: Fluorescence, WET Labs ECO-AFL/FL [mg/m^3]
# name 10 = wetCDOM: Fluorescence, WET Labs CDOM [mg/m^3]
# name 11 = par/sat/log: PAR/Logarithmic, Satlantic [umol photons/m^2/sec]
# name 12 = CStarAt0: Beam Attenuation, WET Labs C-Star [1/m]
# name 13 = CStarTr0: Beam Transmission, WET Labs C-Star [%]
# name 14 = sbeox0ML/L: Oxygen, SBE 43 [ml/l], WS = 2
# name 15 = sbeox1ML/L: Oxygen, SBE 43, 2 [ml/l], WS = 2
# name 16 = sal00: Salinity, Practical [PSU]
# name 17 = sal11: Salinity, Practical, 2 [PSU]
# name 18 = sigma-t00: Density [sigma-t, kg/m^3 ]
# name 19 = sigma-t11: Density, 2 [sigma-t, kg/m^3 ]
# name 20 = oxsatML/L: Oxygen Saturation, Weiss [ml/l]
# name 21 = flag: flag
# span 0 =         89,      77202       
# span 1 =      1.467,    346.413       
# span 2 =     0.0572,     2.1088       
# span 3 =     0.0408,     2.1073       
# span 4 =   2.752394,   2.953671       
# span 5 =   2.751989,   2.952984       
# span 6 =     2.3437,     2.7473       
# span 7 =     2.3148,     2.7131       
# span 8 =      8.091,      8.199       
# span 9 =    -0.0078,     0.8567       
# span 10 =    -0.9575,     2.1614      
# span 11 = 1.0765e-01, 9.8847e+01      
# span 12 =     0.0651,     0.2807      
# span 13 =    93.2232,    98.3849      
# span 14 =     6.7141,     7.8463      
# span 15 =     7.0208,     8.2412      
# span 16 =    32.1927,    33.9062      
# span 17 =    32.1962,    33.9026      
# span 18 =    25.7164,    27.1404      
# span 19 =    25.7192,    27.1379      
# span 20 =    7.75927,    8.14654      
# span 21 = 0.0000e+00, 0.0000e+00      
# interval = scans: 3                   
# start_time = Dec 02 2019 16:23:55 [System UTC, header]
# bad_flag = -9.990e-29
*END*
[from data line 1910]
       9938    170.826     0.6254     0.6267   2.832493   2.832646     2.4434     2.4104      8.113     0.0117     1.9245 1.0790e-01     0.0853    97.8896     7.0883     7.4083    33.2692    33.2698    26.6760    26.6765    8.00707 0.0000e+00
       9941    171.022     0.6272     0.6280   2.832667   2.832720     2.4430     2.4104      8.113     0.0117     1.9245 1.0790e-01     0.0853    97.8896     7.0880     7.4068    33.2695    33.2693    26.6761    26.6760    8.00669 0.0000e+00
       9944    171.217     0.6287     0.6288   2.832741   2.832816     2.4418     2.4104      8.113     0.0117     1.9245 1.0790e-01     0.0850    97.8983     7.0830     7.4064    33.2687    33.2696    26.6754    26.6761    8.00642 0.0000e+00
       9947    171.413     0.6295     0.6296   2.832824   2.832959     2.4422     2.4104      8.113     0.0117     1.9245 1.0790e-01     0.0846    97.9070     7.0836     7.4044    33.2688    33.2704    26.6755    26.6768    8.00624 0.0000e+00
       9950    171.609     0.6303     0.6309   2.832929   2.833106     2.4422     2.4100      8.113     0.0117     1.9245 1.0790e-01     0.0850    97.8983     7.0841     7.3993    33.2692    33.2709    26.6757    26.6771    8.00604 0.0000e+00
       9953    171.800     0.6314     0.6321   2.833021   2.833236     2.4422     2.4096      8.113     0.0117     1.9245 1.0790e-01     0.0850    97.8983     7.0838     7.3976    33.2691    33.2711    26.6756    26.6772    8.00583 0.0000e+00
       9956    171.989     0.6323     0.6327   2.833145   2.833285     2.4422     2.4100      8.113     0.0117     1.9245 1.0790e-01     0.0843    97.9157     7.0832     7.4024    33.2696    33.2711    26.6760    26.6771    8.00561 0.0000e+00
       9959    172.170     0.6331     0.6331   2.833225   2.833343     2.4422     2.4092      8.113     0.0117     1.8455 1.0790e-01     0.0846    97.9070     7.0839     7.4012    33.2697    33.2712    26.6760    26.6772    8.00544 0.0000e+00
       9962    172.346     0.6338     0.6341   2.833237   2.833480     2.4422     2.4092      8.113     0.0117     1.8060 1.0790e-01     0.0846    97.9070     7.0849     7.4009    33.2690    33.2718    26.6753    26.6777    8.00532 0.0000e+00
       9965    172.521     0.6342     0.6351   2.833284   2.833558     2.4422     2.4092      8.113     0.0166     1.8060 1.0790e-01     0.0860    97.8723     7.0864     7.4012    33.2691    33.2716    26.6755    26.6774    8.00524 0.0000e+00
       9968    172.690     0.6345     0.6355   2.833382   2.833607     2.4414     2.4092      8.113     0.0166     1.8060 1.0790e-01     0.0864    97.8636     7.0823     7.4027    33.2699    33.2717    26.6760    26.6775    8.00512 0.0000e+00
       9971    172.854     0.6352     0.6357   2.833450   2.833630     2.4410     2.4080      8.113     0.0117     1.8060 1.0790e-01     0.0864    97.8636     7.0792     7.4006    33.2700    33.2717    26.6761    26.6775    8.00498 0.0000e+00
       9974    173.006     0.6359     0.6357   2.833582   2.833639     2.4410     2.4080      8.113     0.0117     1.8060 1.0790e-01     0.0864    97.8636     7.0799     7.4043    33.2708    33.2718    26.6767    26.6776    8.00478 0.0000e+00
       9977    173.150     0.6366     0.6358   2.833657   2.833662     2.4410     2.4084      8.113     0.0117     1.8060 1.0790e-01     0.0864    97.8636     7.0802     7.4085    33.2709    33.2719    26.6768    26.6776    8.00462 0.0000e+00
       9980    173.285     0.6373     0.6360   2.833731   2.833752     2.4414     2.4084      8.113     0.0166     1.8060 1.0790e-01     0.0864    97.8636     7.0823     7.4114    33.2711    33.2728    26.6769    26.6783    8.00447 0.0000e+00
       9983    173.408     0.6376     0.6375   2.833721   2.833995     2.4410     2.4080      8.113     0.0117     1.8060 1.0790e-01     0.0864    97.8636     7.0804     7.4097    33.2705    33.2742    26.6764    26.6793    8.00443 0.0000e+00
       9986    173.522     0.6380     0.6388   2.833788   2.834087     2.4410     2.4080      8.113    -0.0029     1.8060 1.0790e-01     0.0857    97.8809     7.0818     7.4089    33.2709    33.2739    26.6767    26.6791    8.00433 0.0000e+00
       9989    173.624     0.6384     0.6396   2.833838   2.834186     2.4405     2.4080      8.113    -0.0029     1.8060 1.0790e-01     0.0860    97.8723     7.0809     7.4085    33.2711    33.2743    26.6768    26.6793    8.00424 0.0000e+00
       9992    173.713     0.6388     0.6400   2.833658   2.834211     2.4401     2.4080      8.113    -0.0029     1.8060 1.0790e-01     0.0853    97.8896     7.0813     7.4108    33.2683    33.2742    26.6745    26.6792    8.00431 0.0000e+00
       9995    173.790     0.6374     0.6402   2.832758   2.834238     2.4406     2.4080      8.113    -0.0029     1.8060 1.0790e-01     0.0853    97.8896     7.0838     7.4114    33.2580    33.2742    26.6663    26.6792    8.00515 0.0000e+00
       9998    173.855     0.6344     0.6402   2.832127   2.834230     2.4410     2.4080      8.113    -0.0029     1.8060 1.0790e-01     0.0857    97.8809     7.0856     7.4093    33.2531    33.2741    26.6626    26.6791    8.00607 0.0000e+00
      10001    173.910     0.6290     0.6402   2.831242   2.834217     2.4406     2.4080      8.113     0.0020     1.8060 1.0790e-01     0.0857    97.8809     7.0865     7.4112    33.2474    33.2739    26.6583    26.6790    8.00751 0.0000e+00
      10004    173.951     0.6221     0.6402   2.830545   2.834231     2.4401     2.4080      8.113    -0.0029     1.8060 1.0802e-01     0.0853    97.8896     7.0867     7.4160    33.2457    33.2741    26.6573    26.6791    8.00905 0.0000e+00
      10007    173.982     0.6181     0.6401   2.830814   2.834202     2.4397     2.4067      8.111    -0.0029     1.8060 1.0802e-01     0.0843    97.9157     7.0866     7.4142    33.2534    33.2737    26.6638    26.6788    8.00947 0.0000e+00
      10178    174.074     0.6155     0.6311   2.831269   2.833464     2.4393     2.4068      8.113     0.0117     1.8060 1.0790e-01     0.0853    97.8896     7.0863     7.4206    33.2622    33.2739    26.6709    26.6795    8.00956 0.0000e+00
      10181    174.287     0.6182     0.6362   2.831372   2.833692     2.4385     2.4064      8.113     0.0117     1.8060 1.0790e-01     0.0853    97.8896     7.0828     7.4169    33.2605    33.2712    26.6694    26.6770    8.00908 0.0000e+00
      10184    174.503     0.6194     0.6329   2.831511   2.832976     2.4385     2.4064      8.113     0.0117     1.8060 1.0790e-01     0.0853    97.8896     7.0808     7.4146    33.2608    33.2653    26.6696    26.6724    8.00880 0.0000e+00
      10187    174.716     0.6214     0.6238   2.832030   2.831653     2.4393     2.4064      8.113     0.0166     1.8060 1.0790e-01     0.0864    97.8636     7.0824     7.4160    33.2653    33.2578    26.6731    26.6669    8.00814 0.0000e+00
      10190    174.927     0.6230     0.6214   2.831795   2.832160     2.4385     2.4064      8.113     0.0117     1.8060 1.0790e-01     0.0864    97.8636     7.0807     7.4163    33.2604    33.2668    26.6691    26.6744    8.00807 0.0000e+00
      10193    175.135     0.6230     0.6260   2.831950   2.832552     2.4389     2.4059      8.113     0.0117     1.8060 1.0790e-01     0.0864    97.8636     7.0828     7.4128    33.2623    33.2669    26.6706    26.6741    8.00797 0.0000e+00
      10196    175.342     0.6254     0.6252   2.832452   2.832437     2.4389     2.4064      8.113     0.0117     1.8060 1.0790e-01     0.0864    97.8636     7.0837     7.4125    33.2661    33.2661    26.6735    26.6735    8.00725 0.0000e+00
      10199    175.538     0.6264     0.6260   2.832215   2.832636     2.4393     2.4059      8.113     0.0117     1.8060 1.0802e-01     0.0864    97.8636     7.0862     7.4118    33.2619    33.2678    26.6701    26.6749    8.00727 0.0000e+00
      10202    175.724     0.6255     0.6265   2.832117   2.832499     2.4385     2.4059      8.113     0.0117     1.8060 1.0790e-01     0.0864    97.8636     7.0823     7.4130    33.2614    33.2654    26.6698    26.6729    8.00748 0.0000e+00
      10205    175.908     0.6284     0.6247   2.833722   2.832288     2.4385     2.4055      8.113     0.0117     1.8060 1.0790e-01     0.0867    97.8549     7.0811     7.4159    33.2790    33.2644    26.6837    26.6722    8.00591 0.0000e+00
      10208    176.086     0.6364     0.6231   2.834995   2.832141     2.4377     2.4055      8.113     0.0166     1.8060 1.0790e-01     0.0864    97.8636     7.0737     7.4174    33.2868    33.2642    26.6896    26.6721    8.00381 0.0000e+00
      10211    176.253     0.6418     0.6248   2.835240   2.832552     2.4389     2.4059      8.113     0.0117     1.8060 1.0802e-01     0.0864    97.8636     7.0757     7.4193    33.2840    33.2675    26.6870    26.6747    8.00281 0.0000e+00
      10214    176.412     0.6448     0.6266   2.835323   2.832686     2.4389     2.4055      8.113     0.0166     1.8060 1.0790e-01     0.0857    97.8809     7.0754     7.4199    33.2818    33.2672    26.6851    26.6744    8.00231 0.0000e+00
      10217    176.561     0.6459     0.6313   2.835304   2.833926     2.4381     2.4055      8.113     0.0117     1.7665 1.0790e-01     0.0864    97.8636     7.0733     7.4187    33.2804    33.2782    26.6838    26.6830    8.00216 0.0000e+00
      10220    176.705     0.6459     0.6416   2.835262   2.835157     2.4381     2.4055      8.113     0.0117     1.7271 1.0790e-01     0.0864    97.8636     7.0721     7.4159    33.2796    33.2830    26.6833    26.6862    8.00219 0.0000e+00
      10223    176.841     0.6458     0.6448   2.835288   2.835390     2.4381     2.4064      8.113     0.0117     1.6876 1.0790e-01     0.0860    97.8723     7.0732     7.4190    33.2801    33.2824    26.6836    26.6856    8.00220 0.0000e+00
      10226    176.965     0.6456     0.6449   2.835294   2.835385     2.4377     2.4055      8.113     0.0117     1.6876 1.0790e-01     0.0864    97.8636     7.0731     7.4168    33.2803    33.2822    26.6838    26.6854    8.00223 0.0000e+00
      10229    177.075     0.6454     0.6445   2.835254   2.835411     2.4381     2.4068      8.113     0.0117     1.6876 1.0790e-01     0.0864    97.8636     7.0745     7.4211    33.2799    33.2829    26.6835    26.6860    8.00229 0.0000e+00
      10232    177.179     0.6453     0.6444   2.835275   2.835404     2.4373     2.4055      8.113     0.0117     1.6876 1.0802e-01     0.0864    97.8636     7.0699     7.4149    33.2803    33.2829    26.6838    26.6859    8.00229 0.0000e+00
      10235    177.277     0.6452     0.6444   2.835240   2.835436     2.4369     2.4059      8.113     0.0117     1.6876 1.0790e-01     0.0864    97.8636     7.0661     7.4153    33.2799    33.2833    26.6835    26.6863    8.00234 0.0000e+00
      10238    177.364     0.6450     0.6443   2.835157   2.835439     2.4381     2.4055      8.113     0.0117     1.6876 1.0815e-01     0.0864    97.8636     7.0723     7.4140    33.2789    33.2833    26.6827    26.6863    8.00242 0.0000e+00
      10241    177.443     0.6447     0.6440   2.834841   2.835412     2.4377     2.4055      8.113     0.0117     1.6876 1.0802e-01     0.0864    97.8636     7.0716     7.4130    33.2751    33.2832    26.6796    26.6863    8.00269 0.0000e+00
      10244    177.515     0.6437     0.6439   2.834330   2.835401     2.4369     2.4055      8.113     0.0117     1.6876 1.0790e-01     0.0864    97.8636     7.0661     7.4120    33.2695    33.2832    26.6752    26.6862    8.00320 0.0000e+00
      10247    177.585     0.6410     0.6438   2.833726   2.835417     2.4377     2.4055      8.113    -0.0029     1.8455 1.0802e-01     0.0867    97.8549     7.0698     7.4115    33.2645    33.2835    26.6714    26.6865    8.00404 0.0000e+00
      10250    177.650     0.6376     0.6438   2.833134   2.835408     2.4373     2.4055      8.113    -0.0029     1.9245 1.0790e-01     0.0864    97.8636     7.0692     7.4132    33.2606    33.2833    26.6684    26.6864    8.00499 0.0000e+00
      10253    177.707     0.6341     0.6436   2.833133   2.835414     2.4369     2.4055      8.113     0.0020     1.9245 1.0790e-01     0.0864    97.8636     7.0707     7.4142    33.2643    33.2836    26.6716    26.6866    8.00553 0.0000e+00
      10256    177.762     0.6318     0.6433   2.832936   2.835405     2.4361     2.4055      8.113    -0.0029     1.9245 1.0802e-01     0.0864    97.8636     7.0689     7.4170    33.2641    33.2837    26.6716    26.6867    8.00601 0.0000e+00
      10259    177.812     0.6305     0.6431   2.833063   2.835379     2.4365     2.4055      8.113    -0.0029     1.9245 1.0790e-01     0.0864    97.8636     7.0689     7.4169    33.2671    33.2836    26.6740    26.6866    8.00612 0.0000e+00
      10262    177.861     0.6315     0.6428   2.833943   2.835399     2.4365     2.4055      8.113    -0.0029     1.9245 1.0815e-01     0.0864    97.8636     7.0682     7.4185    33.2775    33.2841    26.6823    26.6870    8.00535 0.0000e+00
      10265    177.910     0.6346     0.6426   2.834375   2.835389     2.4361     2.4055      8.113    -0.0029     1.9245 1.0790e-01     0.0864    97.8636     7.0671     7.4186    33.2797    33.2842    26.6840    26.6871    8.00458 0.0000e+00
      10268    177.957     0.6366     0.6428   2.834381   2.835397     2.4349     2.4055      8.113    -0.0029     1.9245 1.0790e-01     0.0867    97.8549     7.0619     7.4186    33.2776    33.2840    26.6822    26.6870    8.00427 0.0000e+00
      10271    178.003     0.6385     0.6431   2.834521   2.835418     2.4361     2.4055      8.111    -0.0029     1.8850 1.0815e-01     0.0864    97.8636     7.0668     7.4186    33.2773    33.2840    26.6818    26.6870    8.00388 0.0000e+00
      10274    178.052     0.6391     0.6432   2.834380   2.835421     2.4361     2.4055      8.113     0.0117     1.6876 1.0802e-01     0.0867    97.8549     7.0702     7.4186    33.2748    33.2839    26.6798    26.6868    8.00389 0.0000e+00
      10277    178.103     0.6392     0.6427   2.834336   2.835385     2.4369     2.4055      8.113     0.0117     1.6876 1.0802e-01     0.0867    97.8549     7.0753     7.4188    33.2741    33.2839    26.6792    26.6869    8.00390 0.0000e+00
      10280    178.152     0.6389     0.6427   2.834151   2.835395     2.4357     2.4055      8.113     0.0117     1.6876 1.0815e-01     0.0867    97.8549     7.0721     7.4188    33.2719    33.2841    26.6775    26.6870    8.00408 0.0000e+00
      10283    178.203     0.6386     0.6421   2.834247   2.835138     2.4357     2.4055      8.113     0.0117     1.6876 1.0802e-01     0.0864    97.8636     7.0726     7.4191    33.2735    33.2813    26.6788    26.6848    8.00406 0.0000e+00
      10286    178.258     0.6392     0.6389   2.834758   2.834562     2.4357     2.4055      8.113     0.0117     1.6876 1.0790e-01     0.0871    97.8462     7.0729     7.4201    33.2795    33.2772    26.6835    26.6817    8.00361 0.0000e+00
      10289    178.311     0.6409     0.6368   2.835112   2.834430     2.4349     2.4055      8.113     0.0117     1.6481 1.0802e-01     0.0853    97.8896     7.0704     7.4206    33.2822    33.2778    26.6856    26.6823    8.00311 0.0000e+00
      10292    178.362     0.6421     0.6370   2.835191   2.834507     2.4349     2.4055      8.113     0.0117     1.6876 1.0802e-01     0.0853    97.8896     7.0705     7.4205    33.2819    33.2785    26.6853    26.6829    8.00287 0.0000e+00
      10295    178.414     0.6425     0.6346   2.835184   2.833884     2.4361     2.4055      8.113     0.0117     1.6876 1.0802e-01     0.0853    97.8896     7.0745     7.4214    33.2814    33.2730    26.6849    26.6785    8.00282 0.0000e+00
      10298    178.466     0.6423     0.6338   2.834791   2.834157     2.4361     2.4055      8.113     0.0215     1.7271 1.0790e-01     0.0853    97.8896     7.0744     7.4214    33.2764    33.2773    26.6809    26.6821    8.00312 0.0000e+00
