Datasets/AZMP/COO001/79001114.cnv
* Sea-Bird SBE 9 Data File:
* FileName = C:\CTDDATA\79001114.hex
* Software Version Seasave V 7.26.7.110
* Temperature SN = 5660
* Conductivity SN = 3698
* Number of Bytes Per Scan = 30
* Number of Voltage Words = 4
* Number of Scans Averaged by the Deck Unit = 1
* NMEA baud rate = 9600
** VESSEL/TRIP/SEQ STN:  79001114
** LATITUDE XX XX.XX N:  47 00.00 N
** LONGITUDE XX XX.XX W:  47 30.00 W
** SOUNDING DEPTH (M):  0221
** PROBE TYPE: S1257
** CTD NUMBER: 74
** COMMENTS (14 CHAR): FC-14
** BOTTLES:  12
** LEVELS: 5,5,10,20,20,30,40,50,75,100,150,BTM
** STICKERS: 435533 - 435544
** VNET: Y
** DO2: Y
# nquan = 22
# nvalues = 5209                        
# units = specified
# name 0 = scan: Scan Count
# name 1 = prDM: Pressure, Digiquartz [db]
# name 2 = t090C: Temperature [ITS-90, deg C]
# name 3 = t190C: Temperature, 2 [ITS-90, deg C]
# name 4 = c0S/m: Conductivity [S/m]
# name 5 = c1S/m: Conductivity, 2 [S/m]
# name 6 = sbeox0V: Oxygen raw, SBE 43 [V]
# name 7 = sbeox1V: Oxygen raw, SBE 43, 2 [V]
# name 8 = ph: pH
# name 9 = flECO-AFL: Fluorescence, WET Labs ECO-AFL/FL [mg/m^3]
# name 10 = wetCDOM: Fluorescence, WET Labs CDOM [mg/m^3]
# name 11 = par/sat/log: PAR/Logarithmic, Satlantic [umol photons/m^2/sec]
# name 12 = CStarAt0: Beam Attenuation, WET Labs C-Star [1/m]
# name 13 = CStarTr0: Beam Transmission, WET Labs C-Star [%]
# name 14 = sbeox0ML/L: Oxygen, SBE 43 [ml/l], WS = 2
# name 15 = sbeox1ML/L: Oxygen, SBE 43, 2 [ml/l], WS = 2
# name 16 = sal00: Salinity, Practical [PSU]
# name 17 = sal11: Salinity, Practical, 2 [PSU]
# name 18 = sigma-t00: Density [sigma-t, kg/m^3 ]
# name 19 = sigma-t11: Density, 2 [sigma-t, kg/m^3 ]
# name 20 = oxsatML/L: Oxygen Saturation, Weiss [ml/l]
# name 21 = flag: flag
# span 0 =        101,      50690       
# span 1 =      1.307,    211.723       
# span 2 =     0.9911,     3.7436       
# span 3 =     0.9917,     3.7437       
# span 4 =   2.856254,   3.138203       
# span 5 =   2.856122,   3.138355       
# span 6 =     2.3675,     2.7819       
# span 7 =     2.3384,     2.7473       
# span 8 =      8.031,      8.141       
# span 9 =    -0.0078,     1.4183       
# span 10 =    -1.7471,     1.9245      
# span 11 = 1.0790e-01, 9.6814e+01      
# span 12 =     0.0574,     0.2366      
# span 13 =    94.2573,    98.5761      
# span 14 =     6.5482,     7.7402      
# span 15 =     6.8502,     8.1756      
# span 16 =    32.7587,    34.2245      
# span 17 =    32.7677,    34.2236      
# span 18 =    26.1301,    27.3581      
# span 19 =    26.1350,    27.3526      
# span 20 =    7.36681,    7.93020      
# span 21 = 0.0000e+00, 0.0000e+00      
# interval = scans: 3                   
# start_time = Dec 06 2019 18:20:40 [System UTC, header]
# bad_flag = -9.990e-29
*END*
        101      2.616     2.5963     2.6056   2.949277   2.950220     2.6178     2.7436      8.134     1.0423     1.4507 8.8685e+01     0.1966    95.2045     7.1728     8.0826    32.7673    32.7694    26.1369    26.1379    7.63555 0.0000e+00
        104      2.642     2.5963     2.6041   2.949257   2.950166     2.6178     2.7436      8.134     0.9788     1.4507 7.2226e+01     0.1966    95.2045     7.1760     8.0833    32.7672    32.7703    26.1368    26.1387    7.63557 0.0000e+00
        107      2.670     2.5956     2.6051   2.949228   2.950312     2.6182     2.7436      8.134     0.9788     1.4507 6.7964e+01     0.1966    95.2045     7.1796     8.0832    32.7674    32.7710    26.1370    26.1392    7.63567 0.0000e+00
        110      2.697     2.5954     2.6062   2.949242   2.950376     2.6178     2.7436      8.134     0.9885     1.4507 6.6489e+01     0.1966    95.2045     7.1801     8.0840    32.7678    32.7706    26.1374    26.1388    7.63570 0.0000e+00
        113      2.720     2.5952     2.6053   2.949267   2.950227     2.6190     2.7436      8.134     0.9837     1.4507 6.7892e+01     0.1929    95.2914     7.1850     8.0853    32.7684    32.7697    26.1378    26.1381    7.63572 0.0000e+00
        116      2.747     2.5953     2.6042   2.949258   2.950138     2.6190     2.7432      8.134     0.9788     1.4507 7.0690e+01     0.1922    95.3088     7.1865     8.0831    32.7681    32.7698    26.1377    26.1383    7.63571 0.0000e+00
        119      2.773     2.5954     2.6021   2.949219   2.949933     2.6190     2.7436      8.134     0.9837     1.4507 7.1263e+01     0.1922    95.3088     7.1911     8.0830    32.7675    32.7694    26.1372    26.1381    7.63573 0.0000e+00
        122      2.802     2.5952     2.5994   2.949182   2.949722     2.6190     2.7432      8.134     0.9885     1.4507 7.1846e+01     0.1922    95.3088     7.1959     8.0824    32.7672    32.7695    26.1369    26.1384    7.63577 0.0000e+00
        125      2.840     2.5948     2.5979   2.949183   2.949717     2.6186     2.7424      8.134     0.9934     1.4507 7.4899e+01     0.1922    95.3088     7.1974     8.0804    32.7677    32.7710    26.1373    26.1397    7.63583 0.0000e+00
        128      2.893     2.5946     2.5976   2.949201   2.949718     2.6199     2.7424      8.134     0.9544     1.4507 7.9550e+01     0.1922    95.3088     7.2046     8.0815    32.7680    32.7713    26.1376    26.1400    7.63584 0.0000e+00
        131      2.950     2.5945     2.5978   2.949187   2.949700     2.6194     2.7424      8.134     0.9446     1.4507 8.1964e+01     0.1933    95.2827     7.2040     8.0830    32.7679    32.7709    26.1375    26.1396    7.63587 0.0000e+00
        134      3.009     2.5943     2.5964   2.948942   2.949532     2.6199     2.7424      8.134     0.9348     1.4507 7.9371e+01     0.1977    95.1784     7.2061     8.0853    32.7650    32.7702    26.1353    26.1392    7.63605 0.0000e+00
        137      3.072     2.5941     2.5950   2.948398   2.949445     2.6199     2.7424      8.134     0.9348     1.4507 7.5332e+01     0.1977    95.1784     7.2071     8.0880    32.7587    32.7705    26.1301    26.1396    7.63643 0.0000e+00
        140      3.146     2.5940     2.5943   2.949107   2.949353     2.6207     2.7420      8.134     0.9446     1.4507 7.3527e+01     0.1977    95.1784     7.2125     8.0891    32.7674    32.7701    26.1372    26.1393    7.63600 0.0000e+00
        143      3.219     2.5936     2.5935   2.949126   2.949188     2.6227     2.7420      8.134     0.9397     1.4507 7.1355e+01     0.1977    95.1784     7.2213     8.0917    32.7680    32.7688    26.1377    26.1383    7.63605 0.0000e+00
        146      3.289     2.5938     2.5924   2.949189   2.949251     2.6227     2.7424      8.134     0.9446     1.4507 8.0285e+01     0.1977    95.1784     7.2221     8.0966    32.7685    32.7707    26.1381    26.1399    7.63598 0.0000e+00
        149      3.356     2.5943     2.5923   2.949266   2.949249     2.6231     2.7424      8.134     0.9397     1.4507 7.5250e+01     0.1977    95.1784     7.2230     8.0980    32.7689    32.7707    26.1383    26.1400    7.63586 0.0000e+00
        152      3.429     2.5967     2.5925   2.949908   2.949300     2.6235     2.7424      8.134     0.9397     1.4507 8.1162e+01     0.1988    95.1523     7.2227     8.0976    32.7742    32.7711    26.1424    26.1402    7.63511 0.0000e+00
        155      3.506     2.6033     2.5924   2.950854   2.949252     2.6231     2.7424      8.134     0.9788     1.4507 8.1411e+01     0.1999    95.1263     7.2201     8.0958    32.7791    32.7706    26.1457    26.1398    7.63360 0.0000e+00
        158      3.582     2.6112     2.5921   2.951379   2.949263     2.6227     2.7424      8.134     0.9885     1.4507 8.2060e+01     0.1999    95.1263     7.2167     8.0943    32.7773    32.7710    26.1437    26.1401    7.63215 0.0000e+00
        161      3.658     2.6147     2.5912   2.950966   2.949164     2.6243     2.7424      8.134     0.9885     1.4507 7.7905e+01     0.1999    95.1263     7.2205     8.0925    32.7686    32.7706    26.1365    26.1400    7.63192 0.0000e+00
        164      3.730     2.6110     2.5907   2.949973   2.949163     2.6252     2.7424      8.132     0.9885     1.4507 8.0768e+01     0.1999    95.1263     7.2212     8.0910    32.7603    32.7712    26.1301    26.1404    7.63307 0.0000e+00
        167      3.801     2.6057     2.5914   2.949680   2.949262     2.6252     2.7424      8.134     0.9837     1.4507 9.2570e+01     0.1999    95.1263     7.2179     8.0872    32.7620    32.7716    26.1319    26.1407    7.63400 0.0000e+00
        170      3.869     2.6026     2.5919   2.949624   2.949244     2.6252     2.7424      8.134     0.9885     1.4507 9.6700e+01     0.1999    95.1263     7.2136     8.0853    32.7645    32.7708    26.1342    26.1401    7.63448 0.0000e+00
        173      3.932     2.6004     2.5918   2.949443   2.949254     2.6256     2.7420      8.134     0.9837     1.4507 9.2972e+01     0.2021    95.0741     7.2109     8.0816    32.7645    32.7710    26.1344    26.1402    7.63491 0.0000e+00
        176      3.991     2.5984     2.5921   2.949360   2.949259     2.6260     2.7424      8.134     0.9885     1.4507 8.9190e+01     0.2024    95.0654     7.2048     8.0812    32.7655    32.7707    26.1353    26.1400    7.63525 0.0000e+00
        179      4.045     2.5968     2.5920   2.949285   2.949261     2.6264     2.7411      8.134     0.9934     1.4507 8.2782e+01     0.2021    95.0741     7.1964     8.0742    32.7662    32.7708    26.1360    26.1401    7.63552 0.0000e+00
        182      4.094     2.5957     2.5920   2.949290   2.949278     2.6276     2.7415      8.134     1.0423     1.4507 7.0812e+01     0.2028    95.0568     7.1891     8.0764    32.7674    32.7710    26.1370    26.1402    7.63567 0.0000e+00
        185      4.135     2.5954     2.5920   2.949241   2.949262     2.6268     2.7415      8.134     1.0374     1.4507 6.4529e+01     0.2031    95.0481     7.1739     8.0780    32.7671    32.7708    26.1368    26.1400    7.63575 0.0000e+00
        188      4.171     2.5951     2.5923   2.949277   2.949287     2.6268     2.7411      8.134     1.0423     1.4507 6.0760e+01     0.2024    95.0654     7.1647     8.0773    32.7678    32.7707    26.1374    26.1400    7.63577 0.0000e+00
        191      4.202     2.5954     2.5925   2.949344   2.949302     2.6243     2.7411      8.134     1.0471     1.4507 5.9091e+01     0.2031    95.0481     7.1480     8.0765    32.7683    32.7707    26.1378    26.1399    7.63568 0.0000e+00
        224      4.229     2.5960     2.5934   2.949369   2.949393     2.6231     2.7415      8.134     1.0081     1.4507 6.7728e+01     0.2043    95.0220     7.1540     8.0912    32.7679    32.7709    26.1374    26.1400    7.63557 0.0000e+00
        287      4.302     2.5970     2.5957   2.949454   2.949595     2.6203     2.7420      8.134     0.9446     1.4507 7.9815e+01     0.2152    94.7613     7.1763     8.1183    32.7679    32.7710    26.1373    26.1398    7.63538 0.0000e+00
        290      4.390     2.5970     2.5958   2.949465   2.949534     2.6207     2.7424      8.134     0.9397     1.4507 8.6891e+01     0.2152    94.7613     7.1759     8.1186    32.7680    32.7700    26.1374    26.1391    7.63539 0.0000e+00
        293      4.472     2.5968     2.5950   2.949442   2.949505     2.6207     2.7424      8.134     0.9397     1.4507 9.5491e+01     0.2112    94.8569     7.1749     8.1158    32.7679    32.7705    26.1373    26.1396    7.63543 0.0000e+00
        296      4.548     2.5967     2.5942   2.949428   2.949446     2.6203     2.7424      8.134     0.9397     1.4507 9.6814e+01     0.1988    95.1523     7.1721     8.1147    32.7677    32.7705    26.1372    26.1396    7.63545 0.0000e+00
        299      4.616     2.5968     2.5941   2.949403   2.949478     2.6199     2.7432      8.134     0.9446     1.4507 9.1394e+01     0.1999    95.1263     7.1701     8.1163    32.7673    32.7710    26.1369    26.1401    7.63546 0.0000e+00
        302      4.678     2.5965     2.5948   2.949398   2.949551     2.6182     2.7424      8.134     0.9397     1.4507 8.4288e+01     0.1995    95.1350     7.1647     8.1129    32.7676    32.7711    26.1371    26.1401    7.63550 0.0000e+00
        305      4.729     2.5965     2.5953   2.949431   2.949568     2.6194     2.7424      8.134     0.9348     1.4507 7.9266e+01     0.1995    95.1350     7.1689     8.1111    32.7679    32.7708    26.1374    26.1398    7.63549 0.0000e+00
        308      4.769     2.5965     2.5961   2.949457   2.949664     2.6194     2.7428      8.134     0.9446     1.4507 7.6127e+01     0.1999    95.1263     7.1673     8.1121    32.7682    32.7711    26.1376    26.1400    7.63546 0.0000e+00
        311      4.801     2.5966     2.5967   2.949483   2.949660     2.6190     2.7436      8.134     0.9739     1.4507 6.9665e+01     0.1995    95.1350     7.1668     8.1149    32.7684    32.7705    26.1377    26.1395    7.63543 0.0000e+00
        360      4.866     2.5969     2.5964   2.949472   2.949641     2.6166     2.7448      8.134     1.1497     1.4507 6.0412e+01     0.1999    95.1263     7.1597     8.1202    32.7680    32.7706    26.1374    26.1395    7.63541 0.0000e+00
        363      4.890     2.5970     2.5965   2.949501   2.949653     2.6170     2.7448      8.134     1.1448     1.4507 6.1961e+01     0.1999    95.1263     7.1637     8.1193    32.7682    32.7705    26.1376    26.1395    7.63537 0.0000e+00
        366      4.919     2.5970     2.5966   2.949505   2.949663     2.6170     2.7448      8.134     1.1302     1.4507 6.4902e+01     0.1999    95.1263     7.1676     8.1180    32.7682    32.7705    26.1376    26.1395    7.63538 0.0000e+00
        369      4.951     2.5973     2.5965   2.949541   2.949654     2.6158     2.7448      8.134     1.1302     1.4507 6.7729e+01     0.1999    95.1263     7.1676     8.1172    32.7683    32.7705    26.1376    26.1394    7.63531 0.0000e+00
        372      4.984     2.5976     2.5965   2.949612   2.949649     2.6170     2.7448      8.134     1.1302     1.4507 6.4896e+01     0.1999    95.1263     7.1736     8.1156    32.7689    32.7704    26.1381    26.1394    7.63522 0.0000e+00
        375      5.018     2.5998     2.5964   2.949991   2.949648     2.6158     2.7448      8.134     1.1399     1.4507 6.2681e+01     0.1962    95.2132     7.1720     8.1132    32.7713    32.7705    26.1398    26.1395    7.63468 0.0000e+00
        378      5.059     2.6010     2.5964   2.949871   2.949676     2.6166     2.7448      8.134     1.1302     1.4507 6.4606e+01     0.1940    95.2653     7.1787     8.1103    32.7685    32.7708    26.1375    26.1397    7.63458 0.0000e+00
        381      5.095     2.6004     2.5969   2.949702   2.949656     2.6158     2.7448      8.134     1.1302     1.4507 6.9157e+01     0.1940    95.2653     7.1768     8.1082    32.7670    32.7701    26.1364    26.1391    7.63477 0.0000e+00
        384      5.133     2.5995     2.5968   2.949641   2.949673     2.6158     2.7448      8.134     1.1399     1.4507 6.9073e+01     0.1940    95.2653     7.1781     8.1075    32.7672    32.7703    26.1366    26.1393    7.63495 0.0000e+00
        387      5.170     2.5990     2.5965   2.949626   2.949646     2.6174     2.7448      8.134     1.1350     1.4507 6.9715e+01     0.1944    95.2566     7.1869     8.1094    32.7675    32.7703    26.1368    26.1393    7.63502 0.0000e+00
        390      5.207     2.5986     2.5963   2.949576   2.949627     2.6174     2.7448      8.134     1.1302     1.3718 6.9474e+01     0.1944    95.2566     7.1894     8.1114    32.7673    32.7702    26.1368    26.1392    7.63512 0.0000e+00
        393      5.247     2.5981     2.5963   2.949559   2.949665     2.6178     2.7448      8.134     1.1302     1.3323 7.2954e+01     0.1944    95.2566     7.1944     8.1142    32.7675    32.7707    26.1369    26.1396    7.63519 0.0000e+00
        396      5.293     2.5979     2.5963   2.949624   2.949642     2.6178     2.7448      8.134     1.1350     1.3323 8.3188e+01     0.1918    95.3175     7.1966     8.1166    32.7685    32.7704    26.1377    26.1394    7.63517 0.0000e+00
        399      5.336     2.5986     2.5967   2.949682   2.949735     2.6182     2.7448      8.134     1.1253     1.3323 9.5604e+01     0.1922    95.3088     7.1985     8.1184    32.7685    32.7711    26.1377    26.1399    7.63505 0.0000e+00
        402      5.381     2.5983     2.5972   2.949579   2.949749     2.6190     2.7448      8.134     1.1350     1.3323 9.2046e+01     0.1922    95.3088     7.2026     8.1198    32.7676    32.7707    26.1370    26.1396    7.63516 0.0000e+00
        405      5.431     2.5978     2.5981   2.949520   2.949896     2.6182     2.7448      8.134     1.1302     1.3323 8.3648e+01     0.1922    95.3088     7.2017     8.1218    32.7673    32.7715    26.1368    26.1402    7.63527 0.0000e+00
        408      5.482     2.5972     2.6021   2.949529   2.950367     2.6190     2.7452      8.134     1.1302     1.3323 7.1181e+01     0.1922    95.3088     7.2041     8.1251    32.7680    32.7733    26.1374    26.1412    7.63535 0.0000e+00
        411      5.533     2.5989     2.6061   2.950095   2.950591     2.6194     2.7452      8.134     1.1399     1.3323 6.1343e+01     0.1922    95.3088     7.2038     8.1252    32.7731    32.7719    26.1414    26.1397    7.63475 0.0000e+00
        414      5.589     2.6036     2.6077   2.950573   2.950651     2.6194     2.7460      8.134     1.1253     1.3323 5.5984e+01     0.1918    95.3175     7.2031     8.1269    32.7741    32.7709    26.1418    26.1389    7.63379 0.0000e+00
        417      5.653     2.6065     2.6083   2.950541   2.950728     2.6207     2.7460      8.134     1.1253     1.4507 5.1384e+01     0.1900    95.3609     7.2063     8.1255    32.7707    32.7712    26.1388    26.1391    7.63340 0.0000e+00
        420      5.719     2.6074     2.6084   2.950382   2.950707     2.6211     2.7460      8.134     1.1350     1.4507 4.9798e+01     0.1900    95.3609     7.2072     8.1238    32.7679    32.7708    26.1365    26.1387    7.63338 0.0000e+00
        423      5.781     2.6067     2.6076   2.950258   2.950622     2.6203     2.7460      8.134     1.1302     1.4507 4.8773e+01     0.1900    95.3609     7.2027     8.1218    32.7670    32.7705    26.1359    26.1386    7.63356 0.0000e+00
        426      5.847     2.6062     2.6064   2.950203   2.950525     2.6215     2.7460      8.134     1.1302     1.4507 4.8156e+01     0.1900    95.3609     7.2047     8.1195    32.7669    32.7706    26.1357    26.1387    7.63367 0.0000e+00
        429      5.909     2.6050     2.6045   2.950044   2.950310     2.6223     2.7464      8.134     1.1350     1.4507 4.8436e+01     0.1900    95.3609     7.2060     8.1185    32.7661    32.7698    26.1353    26.1382    7.63394 0.0000e+00
