Datasets/AZMP/COO001/79001098.cnv
* Sea-Bird SBE 9 Data File:
* FileName = C:\CTDDATA\79001098.hex
* Software Version Seasave V 7.26.7.110
* Temperature SN = 5660
* Conductivity SN = 3698
* Number of Bytes Per Scan = 30
* Number of Voltage Words = 4
* Number of Scans Averaged by the Deck Unit = 1
* NMEA baud rate = 9600
** VESSEL/TRIP/SEQ STN:  79001098
** LATITUDE XX XX.XX N:  49 22.00 N
** LONGITUDE XX XX.XX W:  51 01.00 W
** SOUNDING DEPTH (M):  0345
** PROBE TYPE: S1257
** CTD NUMBER: 064
** COMMENTS (14 CHAR): BB-09
** BOTTLES:  13
** LEVELS: 5,5,10,20,20,30,40,50,75,100,150,250,BTM
** STICKERS: 435371 - 435383
** VNET: Y
** DO2: N
# nquan = 22
# nvalues = 8562                        
# units = specified
# name 0 = scan: Scan Count
# name 1 = prDM: Pressure, Digiquartz [db]
# name 2 = t090C: Temperature [ITS-90, deg C]
# name 3 = t190C: Temperature, 2 [ITS-90, deg C]
# name 4 = c0S/m: Conductivity [S/m]
# name 5 = c1S/m: Conductivity, 2 [S/m]
# name 6 = sbeox0V: Oxygen raw, SBE 43 [V]
# name 7 = sbeox1V: Oxygen raw, SBE 43, 2 [V]
# name 8 = ph: pH
# name 9 = flECO-AFL: Fluorescence, WET Labs ECO-AFL/FL [mg/m^3]
# name 10 = wetCDOM: Fluorescence, WET Labs CDOM [mg/m^3]
# name 11 = par/sat/log: PAR/Logarithmic, Satlantic [umol photons/m^2/sec]
# name 12 = CStarAt0: Beam Attenuation, WET Labs C-Star [1/m]
# name 13 = CStarTr0: Beam Transmission, WET Labs C-Star [%]
# name 14 = sbeox0ML/L: Oxygen, SBE 43 [ml/l], WS = 2
# name 15 = sbeox1ML/L: Oxygen, SBE 43, 2 [ml/l], WS = 2
# name 16 = sal00: Salinity, Practical [PSU]
# name 17 = sal11: Salinity, Practical, 2 [PSU]
# name 18 = sigma-t00: Density [sigma-t, kg/m^3 ]
# name 19 = sigma-t11: Density, 2 [sigma-t, kg/m^3 ]
# name 20 = oxsatML/L: Oxygen Saturation, Weiss [ml/l]
# name 21 = flag: flag
# span 0 =          2,      67730       
# span 1 =      1.168,    334.415       
# span 2 =     0.4122,     3.3583       
# span 3 =     0.4002,     3.3612       
# span 4 =   2.837937,   3.180835       
# span 5 =   2.838179,   3.180944       
# span 6 =     2.3291,     2.7389       
# span 7 =     2.3054,     2.7045       
# span 8 =      8.097,      8.201       
# span 9 =    -0.0127,     1.0081       
# span 10 =    -0.4048,     2.0035      
# span 11 = 1.0703e-01, 6.0069e-01      
# span 12 =     0.0556,     1.9015      
# span 13 =    62.5744,    98.6196      
# span 14 =     6.2659,     7.6945      
# span 15 =     6.5906,     8.1804      
# span 16 =    33.1046,    34.6451      
# span 17 =    33.1099,    34.6248      
# span 18 =    26.4483,    27.5800      
# span 19 =    26.4525,    27.5535      
# span 20 =    7.39900,    8.03264      
# span 21 = 0.0000e+00, 0.0000e+00      
# interval = scans: 3                   
# start_time = Dec 03 2019 07:44:17 [System UTC, header]
# bad_flag = -9.990e-29
*END*
[from data line 2634]
      11104    209.102     2.6664     2.8502   3.096515   3.116206     2.4239     2.3860      8.118    -0.0029     1.5692 1.0802e-01     0.0719    98.2198     6.6097     6.9538    34.3891    34.4338    27.4271    27.4467    7.53964 0.0000e+00
      11107    209.183     2.6601     2.8569   3.094962   3.116807     2.4243     2.3860      8.119    -0.0029     1.5692 1.0802e-01     0.0715    98.2285     6.6133     6.9477    34.3768    34.4339    27.4177    27.4462    7.54147 0.0000e+00
      11110    209.270     2.6587     2.8614   3.096027   3.117164     2.4231     2.3864      8.119    -0.0029     1.5297 1.0802e-01     0.0704    98.2546     6.6107     6.9416    34.3913    34.4335    27.4295    27.4454    7.54099 0.0000e+00
      11113    209.359     2.6572     2.8642   3.094915   3.117469     2.4235     2.3864      8.119     0.0020     1.5692 1.0802e-01     0.0704    98.2546     6.6148     6.9339    34.3791    34.4342    27.4199    27.4456    7.54189 0.0000e+00
      11116    209.453     2.6495     2.8670   3.093736   3.117639     2.4231     2.3873      8.119    -0.0029     1.5297 1.0790e-01     0.0704    98.2546     6.6143     6.9305    34.3728    34.4331    27.4155    27.4446    7.54367 0.0000e+00
      11119    209.548     2.6456     2.8652   3.094592   3.117498     2.4239     2.3873      8.118    -0.0029     1.5297 1.0790e-01     0.0704    98.2546     6.6186     6.9263    34.3875    34.4333    27.4276    27.4449    7.54367 0.0000e+00
      11122    209.650     2.6415     2.8694   3.093052   3.117976     2.4231     2.3885      8.119    -0.0029     1.5692 1.0790e-01     0.0704    98.2546     6.6174     6.9257    34.3729    34.4346    27.4163    27.4456    7.54520 0.0000e+00
      11125    209.754     2.6352     2.8723   3.093047   3.118197     2.4231     2.3873      8.120     0.0020     1.5692 1.0790e-01     0.0708    98.2459     6.6186     6.9185    34.3796    34.4342    27.4221    27.4449    7.54606 0.0000e+00
      11128    209.854     2.6404     2.8735   3.096248   3.118341     2.4235     2.3881      8.119    -0.0029     1.5692 1.0790e-01     0.0701    98.2633     6.6178     6.9216    34.4133    34.4346    27.4487    27.4452    7.54336 0.0000e+00
      11131    209.956     2.6717     2.8787   3.102887   3.119195     2.4235     2.3885      8.119    -0.0029     1.5692 1.0790e-01     0.0697    98.2720     6.6131     6.9228    34.4613    34.4394    27.4843    27.4486    7.53498 0.0000e+00
      11134    210.056     2.7027     2.8898   3.102839   3.120456     2.4243     2.3885      8.119    -0.0029     1.5692 1.0790e-01     0.0701    98.2633     6.6159     6.9196    34.4273    34.4429    27.4545    27.4503    7.53079 0.0000e+00
      11137    210.155     2.7112     2.8969   3.103642   3.120746     2.4239     2.3885      8.119    -0.0029     1.5692 1.0790e-01     0.0697    98.2720     6.6126     6.9175    34.4281    34.4388    27.4544    27.4464    7.52915 0.0000e+00
      11140    210.253     2.7591     2.8979   3.114581   3.120844     2.4239     2.3893      8.119     0.0020     1.5692 1.0790e-01     0.0701    98.2633     6.6006     6.9219    34.5109    34.4388    27.5164    27.4464    7.51590 0.0000e+00
      11143    210.348     2.8156     2.9021   3.118836   3.121466     2.4239     2.3897      8.119     0.0020     1.5297 1.0790e-01     0.0701    98.2633     6.5909     6.9258    34.5024    34.4419    27.5045    27.4484    7.50564 0.0000e+00
      11146    210.441     2.8546     2.9077   3.120296   3.121975     2.4239     2.3897      8.119    -0.0029     1.4507 1.0790e-01     0.0701    98.2633     6.5869     6.9262    34.4784    34.4420    27.4818    27.4481    7.49948 0.0000e+00
      11149    210.533     2.8776     2.9108   3.120912   3.122192     2.4248     2.3905      8.119    -0.0029     1.4507 1.0790e-01     0.0679    98.3154     6.5868     6.9300    34.4612    34.4414    27.4661    27.4472    7.49601 0.0000e+00
      11152    210.621     2.8918     2.9121   3.121455   3.122348     2.4239     2.3909      8.118    -0.0029     1.4507 1.0790e-01     0.0676    98.3241     6.5809     6.9295    34.4526    34.4418    27.4579    27.4475    7.49376 0.0000e+00
      11155    210.705     2.9004     2.9143   3.121699   3.122607     2.4260     2.3909      8.118     0.0020     1.4507 1.0790e-01     0.0683    98.3067     6.5865     6.9299    34.4464    34.4426    27.4522    27.4479    7.49247 0.0000e+00
      11158    210.790     2.9050     2.9166   3.121768   3.122850     2.4256     2.3909      8.118    -0.0029     1.4507 1.0790e-01     0.0679    98.3154     6.5842     6.9289    34.4423    34.4431    27.4485    27.4481    7.49181 0.0000e+00
      11161    210.875     2.9078     2.9186   3.121975   3.123021     2.4243     2.3913      8.118    -0.0029     1.4507 1.0790e-01     0.0683    98.3067     6.5814     6.9276    34.4417    34.4430    27.4478    27.4478    7.49130 0.0000e+00
      11164    210.953     2.9102     2.9195   3.122160   3.123109     2.4252     2.3922      8.121    -0.0029     1.4507 1.0790e-01     0.0676    98.3241     6.5842     6.9283    34.4414    34.4431    27.4473    27.4478    7.49087 0.0000e+00
      11167    211.028     2.9117     2.9205   3.122187   3.123202     2.4252     2.3930      8.121    -0.0029     1.4507 1.0790e-01     0.0676    98.3241     6.5856     6.9301    34.4401    34.4431    27.4461    27.4477    7.49066 0.0000e+00
      11170    211.101     2.9124     2.9206   3.122206   3.123157     2.4264     2.3926      8.123    -0.0029     1.4902 1.0790e-01     0.0658    98.3676     6.5895     6.9280    34.4395    34.4424    27.4456    27.4472    7.49055 0.0000e+00
      11173    211.170     2.9136     2.9205   3.122473   3.123199     2.4260     2.3926      8.121    -0.0029     1.5692 1.0790e-01     0.0662    98.3589     6.5877     6.9260    34.4415    34.4429    27.4471    27.4476    7.49023 0.0000e+00
      11176    211.238     2.9158     2.9209   3.122816   3.123220     2.4256     2.3930      8.120    -0.0029     1.5692 1.0790e-01     0.0662    98.3589     6.5855     6.9285    34.4433    34.4428    27.4483    27.4474    7.48973 0.0000e+00
      11179    211.302     2.9178     2.9210   3.122997   3.123214     2.4256     2.3934      8.123    -0.0029     1.5692 1.0802e-01     0.0662    98.3589     6.5849     6.9306    34.4434    34.4426    27.4482    27.4473    7.48935 0.0000e+00
      11182    211.366     2.9193     2.9218   3.123062   3.123334     2.4264     2.3934      8.123    -0.0029     1.5692 1.0790e-01     0.0658    98.3676     6.5900     6.9301    34.4425    34.4431    27.4473    27.4476    7.48911 0.0000e+00
      11185    211.428     2.9200     2.9236   3.123058   3.123569     2.4268     2.3934      8.123    -0.0029     1.5692 1.0790e-01     0.0658    98.3676     6.5912     6.9288    34.4416    34.4440    27.4466    27.4482    7.48901 0.0000e+00
      11188    211.488     2.9201     2.9237   3.122979   3.123507     2.4272     2.3942      8.121     0.0020     1.5692 1.0790e-01     0.0658    98.3676     6.5917     6.9341    34.4405    34.4431    27.4457    27.4474    7.48905 0.0000e+00
      11191    211.550     2.9203     2.9242   3.123068   3.123626     2.4276     2.3942      8.123    -0.0029     1.5692 1.0790e-01     0.0651    98.3849     6.5927     6.9369    34.4413    34.4441    27.4463    27.4482    7.48897 0.0000e+00
      11194    211.612     2.9209     2.9268   3.123192   3.124053     2.4276     2.3946      8.123    -0.0078     1.5692 1.0790e-01     0.0651    98.3849     6.5941     6.9392    34.4422    34.4464    27.4470    27.4498    7.48882 0.0000e+00
      11197    211.671     2.9217     2.9300   3.123297   3.124306     2.4276     2.3946      8.121     0.0020     1.6481 1.0790e-01     0.0655    98.3762     6.5953     6.9402    34.4426    34.4461    27.4472    27.4492    7.48865 0.0000e+00
      11200    211.729     2.9231     2.9323   3.123546   3.124471     2.4276     2.3954      8.123    -0.0029     1.6876 1.0790e-01     0.0651    98.3849     6.5956     6.9425    34.4441    34.4456    27.4483    27.4487    7.48830 0.0000e+00
      11203    211.788     2.9242     2.9341   3.123492   3.124739     2.4276     2.3958      8.123    -0.0029     1.6876 1.0790e-01     0.0651    98.3849     6.5953     6.9450    34.4422    34.4468    27.4467    27.4495    7.48819 0.0000e+00
      11206    211.847     2.9245     2.9360   3.123546   3.124848     2.4284     2.3958      8.123    -0.0029     1.6876 1.0790e-01     0.0655    98.3762     6.5969     6.9448    34.4426    34.4462    27.4469    27.4488    7.48812 0.0000e+00
      11209    211.906     2.9255     2.9372   3.123732   3.124974     2.4280     2.3967      8.121     0.0020     1.6876 1.0790e-01     0.0651    98.3849     6.5961     6.9468    34.4437    34.4464    27.4478    27.4489    7.48788 0.0000e+00
      11212    211.965     2.9265     2.9385   3.123794   3.125119     2.4284     2.3971      8.123    -0.0029     1.6876 1.0790e-01     0.0651    98.3849     6.5978     6.9480    34.4434    34.4468    27.4474    27.4490    7.48771 0.0000e+00
      11215    212.021     2.9274     2.9412   3.123863   3.125491     2.4292     2.3971      8.123    -0.0029     1.6876 1.0802e-01     0.0648    98.3936     6.6016     6.9469    34.4433    34.4484    27.4473    27.4501    7.48755 0.0000e+00
      11218    212.083     2.9274     2.9444   3.123728   3.125773     2.4296     2.3971      8.123    -0.0029     1.6876 1.0790e-01     0.0651    98.3849     6.6023     6.9447    34.4415    34.4483    27.4458    27.4497    7.48762 0.0000e+00
      11221    212.144     2.9283     2.9467   3.124269   3.125960     2.4296     2.3979      8.123    -0.0029     1.6876 1.0802e-01     0.0651    98.3849     6.6031     6.9450    34.4471    34.4481    27.4503    27.4493    7.48718 0.0000e+00
      11224    212.206     2.9319     2.9481   3.124700   3.126062     2.4300     2.3979      8.123    -0.0029     1.5692 1.0790e-01     0.0651    98.3849     6.6037     6.9420    34.4486    34.4479    27.4511    27.4491    7.48643 0.0000e+00
      11227    212.269     2.9350     2.9489   3.124921   3.126145     2.4300     2.3983      8.123    -0.0029     1.5297 1.0790e-01     0.0648    98.3936     6.6039     6.9402    34.4479    34.4480    27.4502    27.4491    7.48588 0.0000e+00
      11230    212.334     2.9376     2.9493   3.125273   3.126194     2.4300     2.3983      8.123    -0.0029     1.5692 1.0790e-01     0.0651    98.3849     6.6032     6.9368    34.4493    34.4481    27.4511    27.4492    7.48532 0.0000e+00
      11233    212.400     2.9414     2.9497   3.125610   3.126209     2.4309     2.3987      8.123    -0.0029     1.5692 1.0790e-01     0.0651    98.3849     6.6019     6.9343    34.4493    34.4478    27.4508    27.4488    7.48460 0.0000e+00
      11236    212.465     2.9436     2.9498   3.125681   3.126199     2.4313     2.3995      8.123     0.0020     1.5692 1.0790e-01     0.0651    98.3849     6.6011     6.9356    34.4478    34.4475    27.4494    27.4486    7.48426 0.0000e+00
      11239    212.532     2.9451     2.9497   3.125797   3.126188     2.4309     2.3991      8.123    -0.0029     1.5297 1.0790e-01     0.0651    98.3849     6.5983     6.9336    34.4477    34.4475    27.4491    27.4486    7.48400 0.0000e+00
      11242    212.599     2.9468     2.9498   3.125923   3.126220     2.4304     2.3995      8.123    -0.0029     1.5692 1.0790e-01     0.0651    98.3849     6.5965     6.9343    34.4473    34.4477    27.4487    27.4487    7.48370 0.0000e+00
      11245    212.667     2.9479     2.9499   3.125996   3.126220     2.4321     2.3995      8.123    -0.0029     1.5692 1.0802e-01     0.0651    98.3849     6.5991     6.9335    34.4470    34.4476    27.4483    27.4487    7.48350 0.0000e+00
      11248    212.739     2.9482     2.9500   3.125796   3.126233     2.4317     2.3995      8.123    -0.0029     1.5297 1.0790e-01     0.0648    98.3936     6.5980     6.9321    34.4442    34.4476    27.4461    27.4487    7.48359 0.0000e+00
      11251    212.807     2.9478     2.9504   3.125863   3.126316     2.4329     2.3995      8.123    -0.0029     1.4507 1.0790e-01     0.0641    98.4110     6.6028     6.9310    34.4454    34.4482    27.4471    27.4491    7.48360 0.0000e+00
      11254    212.878     2.9485     2.9506   3.126035   3.126362     2.4317     2.3995      8.123    -0.0029     1.4507 1.0790e-01     0.0641    98.4110     6.5972     6.9296    34.4467    34.4485    27.4481    27.4493    7.48341 0.0000e+00
      11257    212.952     2.9492     2.9510   3.126113   3.126383     2.4304     2.3999      8.123     0.0020     1.4507 1.0790e-01     0.0641    98.4110     6.5916     6.9290    34.4469    34.4482    27.4482    27.4491    7.48326 0.0000e+00
      11260    213.023     2.9498     2.9513   3.126122   3.126411     2.4321     2.3995      8.123    -0.0029     1.4507 1.0790e-01     0.0641    98.4110     6.5961     6.9265    34.4463    34.4482    27.4476    27.4490    7.48317 0.0000e+00
      11263    213.092     2.9504     2.9514   3.126143   3.126429     2.4325     2.4007      8.123    -0.0029     1.4507 1.0790e-01     0.0637    98.4197     6.5972     6.9309    34.4459    34.4484    27.4473    27.4491    7.48309 0.0000e+00
      11266    213.163     2.9506     2.9514   3.126213   3.126410     2.4321     2.4007      8.125     0.0020     1.4507 1.0790e-01     0.0641    98.4110     6.5939     6.9292    34.4465    34.4481    27.4477    27.4489    7.48303 0.0000e+00
      11269    213.235     2.9511     2.9514   3.126243   3.126419     2.4313     2.4007      8.123    -0.0029     1.4507 1.0790e-01     0.0637    98.4197     6.5902     6.9291    34.4463    34.4481    27.4475    27.4489    7.48294 0.0000e+00
      11272    213.307     2.9512     2.9514   3.126275   3.126459     2.4333     2.4007      8.125    -0.0078     1.4507 1.0790e-01     0.0634    98.4284     6.5965     6.9284    34.4465    34.4486    27.4477    27.4493    7.48290 0.0000e+00
      11275    213.376     2.9514     2.9513   3.126277   3.126485     2.4329     2.4007      8.123    -0.0029     1.4902 1.0790e-01     0.0637    98.4197     6.5956     6.9292    34.4463    34.4489    27.4475    27.4496    7.48289 0.0000e+00
      11278    213.446     2.9515     2.9514   3.126261   3.126513     2.4325     2.4007      8.126     0.0020     1.5692 1.0790e-01     0.0630    98.4371     6.5953     6.9266    34.4460    34.4492    27.4472    27.4498    7.48288 0.0000e+00
      11281    213.514     2.9515     2.9516   3.126283   3.126534     2.4321     2.4007      8.126    -0.0029     1.5692 1.0790e-01     0.0637    98.4197     6.5922     6.9232    34.4462    34.4491    27.4474    27.4497    7.48287 0.0000e+00
      11284    213.583     2.9516     2.9520   3.126299   3.126651     2.4325     2.4007      8.128    -0.0029     1.5692 1.0790e-01     0.0637    98.4197     6.5912     6.9225    34.4463    34.4501    27.4474    27.4505    7.48285 0.0000e+00
      11287    213.650     2.9516     2.9533   3.126314   3.126861     2.4325     2.4007      8.125    -0.0029     1.5692 1.0802e-01     0.0634    98.4284     6.5897     6.9199    34.4463    34.4512    27.4475    27.4513    7.48284 0.0000e+00
      11290    213.719     2.9516     2.9545   3.126338   3.126971     2.4325     2.4007      8.126    -0.0029     1.5692 1.0790e-01     0.0644    98.4023     6.5900     6.9220    34.4467    34.4513    27.4478    27.4512    7.48283 0.0000e+00
      11293    213.788     2.9520     2.9550   3.126474   3.127028     2.4325     2.4011      8.126    -0.0029     1.5692 1.0790e-01     0.0651    98.3849     6.5884     6.9238    34.4478    34.4514    27.4486    27.4512    7.48269 0.0000e+00
      11296    213.855     2.9526     2.9554   3.126615   3.127042     2.4325     2.4011      8.126    -0.0029     1.5692 1.0790e-01     0.0644    98.4023     6.5878     6.9233    34.4489    34.4511    27.4494    27.4509    7.48253 0.0000e+00
