Datasets/AZMP/COO001/79001126.cnv
* Sea-Bird SBE 9 Data File:
* FileName = C:\CTDDATA\79001126.hex
* Software Version Seasave V 7.26.7.110
* Temperature SN = 5660
* Conductivity SN = 3698
* Number of Bytes Per Scan = 30
* Number of Voltage Words = 4
* Number of Scans Averaged by the Deck Unit = 1
* NMEA baud rate = 9600
** VESSEL/TRIP/SEQ STN:  79001126
** LATITUDE XX XX.XX N:  47 32.80 N
** LONGITUDE XX XX.XX W:  52 35.20 W
** SOUNDING DEPTH (M):  0180
** PROBE TYPE: S1257
** CTD NUMBER: 086
** COMMENTS (14 CHAR): S27-01
** BOTTLES:  20
** LEVELS: 5,5,5,5,10,20,20,20,20,30,40,50,50,50,75,100,100,100,150,BTM
** STICKERS: 435694 - 435713
** VNET: Y
** DO2: N
# nquan = 22
# nvalues = 5856                        
# units = specified
# name 0 = scan: Scan Count
# name 1 = prDM: Pressure, Digiquartz [db]
# name 2 = t090C: Temperature [ITS-90, deg C]
# name 3 = t190C: Temperature, 2 [ITS-90, deg C]
# name 4 = c0S/m: Conductivity [S/m]
# name 5 = c1S/m: Conductivity, 2 [S/m]
# name 6 = sbeox0V: Oxygen raw, SBE 43 [V]
# name 7 = sbeox1V: Oxygen raw, SBE 43, 2 [V]
# name 8 = ph: pH
# name 9 = flECO-AFL: Fluorescence, WET Labs ECO-AFL/FL [mg/m^3]
# name 10 = wetCDOM: Fluorescence, WET Labs CDOM [mg/m^3]
# name 11 = par/sat/log: PAR/Logarithmic, Satlantic [umol photons/m^2/sec]
# name 12 = CStarAt0: Beam Attenuation, WET Labs C-Star [1/m]
# name 13 = CStarTr0: Beam Transmission, WET Labs C-Star [%]
# name 14 = sbeox0ML/L: Oxygen, SBE 43 [ml/l], WS = 2
# name 15 = sbeox1ML/L: Oxygen, SBE 43, 2 [ml/l], WS = 2
# name 16 = sal00: Salinity, Practical [PSU]
# name 17 = sal11: Salinity, Practical, 2 [PSU]
# name 18 = sigma-t00: Density [sigma-t, kg/m^3 ]
# name 19 = sigma-t11: Density, 2 [sigma-t, kg/m^3 ]
# name 20 = oxsatML/L: Oxygen Saturation, Weiss [ml/l]
# name 21 = flag: flag
# span 0 =         27,      59958       
# span 1 =      0.686,    170.202       
# span 2 =    -0.3147,     3.4244       
# span 3 =    -0.3167,     3.4234       
# span 4 =   2.729857,   2.925325       
# span 5 =   2.730075,   2.925319       
# span 6 =     2.4178,     2.7586       
# span 7 =     2.3921,     2.7309       
# span 8 =      8.052,      8.167       
# span 9 =     0.0215,     0.7834       
# span 10 =     1.6876,     2.3982      
# span 11 = 1.0642e-01, 6.6553e-01      
# span 12 =     0.0800,     0.2042      
# span 13 =    95.0220,    98.0200      
# span 14 =     6.7043,     7.7258      
# span 15 =     7.4446,     8.1303      
# span 16 =    31.5896,    33.0141      
# span 17 =    31.1663,    32.9681      
# span 18 =    25.1459,    26.5173      
# span 19 =    24.8094,    26.4784      
# span 20 =    7.53460,    8.22764      
# span 21 = 0.0000e+00, 0.0000e+00      
# interval = scans: 3                   
# start_time = Dec 09 2019 04:30:30 [System UTC, header]
# bad_flag = -9.990e-29
*END*
[from data line 1844]
       6807    120.322     1.8013     1.8026   2.852332   2.852461     2.6660     2.6375      8.128     0.2364     1.9245 1.0790e-01     0.0974    97.5942     7.6229     8.0458    32.3168    32.3171    25.8365    25.8366    7.81591 0.0000e+00
       6810    120.372     1.8012     1.8026   2.852323   2.852391     2.6664     2.6375      8.128     0.2413     1.9245 1.0790e-01     0.0978    97.5855     7.6245     8.0461    32.3168    32.3162    25.8365    25.8359    7.81593 0.0000e+00
       6813    120.425     1.8010     1.8027   2.852360   2.852304     2.6648     2.6375      8.130     0.2413     1.9245 1.0790e-01     0.0981    97.5768     7.6175     8.0454    32.3175    32.3151    25.8370    25.8350    7.81595 0.0000e+00
       6816    120.479     1.8006     1.8026   2.852342   2.852266     2.6648     2.6375      8.128     0.2169     1.9245 1.0790e-01     0.0981    97.5768     7.6169     8.0452    32.3175    32.3146    25.8371    25.8346    7.81601 0.0000e+00
       6819    120.541     1.8003     1.8030   2.852368   2.852288     2.6648     2.6375      8.130     0.2071     1.9245 1.0790e-01     0.0981    97.5768     7.6173     8.0440    32.3182    32.3144    25.8377    25.8344    7.81604 0.0000e+00
       6822    120.605     1.7974     1.8028   2.851959   2.852306     2.6648     2.6375      8.128     0.2120     1.9245 1.0790e-01     0.0953    97.6463     7.6177     8.0423    32.3160    32.3148    25.8361    25.8348    7.81674 0.0000e+00
       6825    120.667     1.7910     1.8028   2.851331   2.852359     2.6648     2.6375      8.128     0.2120     1.9245 1.0790e-01     0.0899    97.7767     7.6190     8.0425    32.3147    32.3154    25.8355    25.8353    7.81811 0.0000e+00
       6828    120.736     1.7822     1.8024   2.850674   2.852396     2.6648     2.6375      8.128     0.2120     1.9245 1.0790e-01     0.0906    97.7593     7.6211     8.0435    32.3155    32.3163    25.8368    25.8360    7.81984 0.0000e+00
       6831    120.811     1.7744     1.8002   2.850362   2.852344     2.6639     2.6375      8.128     0.2169     1.9245 1.0790e-01     0.0903    97.7680     7.6195     8.0433    32.3195    32.3179    25.8405    25.8374    7.82119 0.0000e+00
       6834    120.893     1.7688     1.7899   2.850155   2.851812     2.6635     2.6375      8.128     0.2071     1.9245 1.0790e-01     0.0906    97.7593     7.6196     8.0455    32.3226    32.3217    25.8434    25.8412    7.82216 0.0000e+00
       6837    120.976     1.7651     1.7817   2.850088   2.851379     2.6627     2.6375      8.128     0.2071     1.9245 1.0790e-01     0.0903    97.7680     7.6192     8.0468    32.3255    32.3246    25.8460    25.8441    7.82276 0.0000e+00
       6840    121.065     1.7628     1.7727   2.850007   2.850874     2.6631     2.6379      8.128     0.2120     1.9245 1.0790e-01     0.0903    97.7680     7.6212     8.0493    32.3268    32.3275    25.8472    25.8471    7.82315 0.0000e+00
       6843    121.159     1.7606     1.7671   2.849831   2.850555     2.6627     2.6379      8.128     0.2218     1.8455 1.0790e-01     0.0906    97.7593     7.6211     8.0496    32.3268    32.3292    25.8473    25.8488    7.82359 0.0000e+00
       6846    121.252     1.7582     1.7631   2.849721   2.850367     2.6631     2.6379      8.128     0.2266     1.8060 1.0790e-01     0.0906    97.7593     7.6226     8.0495    32.3278    32.3309    25.8483    25.8505    7.82403 0.0000e+00
       6849    121.347     1.7562     1.7612   2.849613   2.850280     2.6619     2.6375      8.128     0.2218     1.8060 1.0790e-01     0.0906    97.7593     7.6191     8.0476    32.3284    32.3317    25.8489    25.8512    7.82438 0.0000e+00
       6852    121.448     1.7544     1.7598   2.849469   2.850152     2.6627     2.6383      8.128     0.2218     1.8060 1.0790e-01     0.0906    97.7593     7.6233     8.0496    32.3284    32.3314    25.8491    25.8511    7.82475 0.0000e+00
       6855    121.550     1.7529     1.7557   2.849396   2.849881     2.6619     2.6375      8.128     0.2266     1.8060 1.0790e-01     0.0906    97.7593     7.6228     8.0447    32.3290    32.3322    25.8497    25.8520    7.82503 0.0000e+00
       6858    121.654     1.7507     1.7533   2.849113   2.849673     2.6619     2.6379      8.128     0.2218     1.8060 1.0790e-01     0.0906    97.7593     7.6245     8.0462    32.3277    32.3320    25.8487    25.8519    7.82554 0.0000e+00
       6861    121.762     1.7482     1.7484   2.848938   2.849270     2.6619     2.6375      8.128     0.2169     1.8060 1.0790e-01     0.0906    97.7593     7.6255     8.0448    32.3280    32.3319    25.8492    25.8523    7.82603 0.0000e+00
       6864    121.870     1.7458     1.7444   2.848864   2.849072     2.6619     2.6375      8.128     0.2266     1.8060 1.0790e-01     0.0913    97.7419     7.6260     8.0419    32.3295    32.3334    25.8505    25.8538    7.82644 0.0000e+00
       6867    121.980     1.7443     1.7425   2.848822   2.848951     2.6615     2.6375      8.128     0.2169     1.8060 1.0790e-01     0.0917    97.7332     7.6249     8.0409    32.3304    32.3338    25.8514    25.8542    7.82669 0.0000e+00
       6870    122.093     1.7435     1.7400   2.848805   2.848737     2.6607     2.6375      8.128     0.2071     1.9245 1.0790e-01     0.0913    97.7419     7.6244     8.0389    32.3309    32.3336    25.8518    25.8543    7.82682 0.0000e+00
       6873    122.204     1.7428     1.7376   2.848699   2.848633     2.6607     2.6375      8.128     0.2120     1.9245 1.0790e-01     0.0910    97.7506     7.6276     8.0384    32.3303    32.3348    25.8514    25.8553    7.82701 0.0000e+00
       6876    122.318     1.7406     1.7360   2.848428   2.848467     2.6611     2.6371      8.128     0.2120     1.9245 1.0790e-01     0.0917    97.7332     7.6313     8.0364    32.3290    32.3342    25.8505    25.8550    7.82750 0.0000e+00
       6879    122.431     1.7383     1.7320   2.848234   2.848205     2.6607     2.6371      8.128     0.2071     1.9245 1.0790e-01     0.0913    97.7419     7.6323     8.0370    32.3290    32.3350    25.8506    25.8559    7.82798 0.0000e+00
       6882    122.546     1.7349     1.7310   2.847959   2.848214     2.6607     2.6375      8.128     0.2120     1.9245 1.0790e-01     0.0921    97.7245     7.6342     8.0378    32.3289    32.3361    25.8508    25.8569    7.82867 0.0000e+00
       6885    122.662     1.7315     1.7293   2.847826   2.848042     2.6607     2.6371      8.128     0.2120     1.9245 1.0790e-01     0.0928    97.7071     7.6354     8.0357    32.3307    32.3356    25.8525    25.8566    7.82926 0.0000e+00
       6888    122.772     1.7285     1.7258   2.847724   2.847891     2.6603     2.6363      8.128     0.2120     1.9245 1.0790e-01     0.0928    97.7071     7.6343     8.0331    32.3324    32.3373    25.8540    25.8581    7.82978 0.0000e+00
       6891    122.882     1.7260     1.7235   2.847632   2.847774     2.6603     2.6363      8.128     0.2022     1.9245 1.0790e-01     0.0928    97.7071     7.6356     8.0314    32.3337    32.3381    25.8553    25.8590    7.83020 0.0000e+00
       6894    122.993     1.7243     1.7209   2.847508   2.847537     2.6611     2.6363      8.128     0.1925     1.9245 1.0790e-01     0.0928    97.7071     7.6393     8.0308    32.3339    32.3378    25.8555    25.8589    7.83055 0.0000e+00
       6897    123.102     1.7218     1.7170   2.847231   2.847252     2.6619     2.6363      8.128     0.1876     1.9245 1.0790e-01     0.0928    97.7071     7.6428     8.0314    32.3329    32.3381    25.8549    25.8594    7.83111 0.0000e+00
       6900    123.209     1.7191     1.7140   2.847113   2.847066     2.6607     2.6363      8.128     0.1973     1.9245 1.0790e-01     0.0928    97.7071     7.6382     8.0328    32.3341    32.3387    25.8561    25.8601    7.83158 0.0000e+00
       6903    123.316     1.7172     1.7122   2.847004   2.846955     2.6611     2.6359      8.128     0.1925     1.9245 1.0790e-01     0.0917    97.7332     7.6399     8.0285    32.3347    32.3392    25.8566    25.8606    7.83194 0.0000e+00
       6906    123.422     1.7153     1.7109   2.846823   2.846866     2.6607     2.6359      8.128     0.1925     1.9245 1.0790e-01     0.0906    97.7593     7.6390     8.0300    32.3343    32.3393    25.8565    25.8608    7.83235 0.0000e+00
       6909    123.524     1.7133     1.7086   2.846733   2.846773     2.6599     2.6359      8.128     0.1973     1.9245 1.0790e-01     0.0906    97.7593     7.6364     8.0344    32.3351    32.3405    25.8573    25.8619    7.83270 0.0000e+00
       6912    123.626     1.7116     1.7066   2.846660   2.846727     2.6599     2.6354      8.128     0.1876     1.9245 1.0790e-01     0.0903    97.7680     7.6348     8.0353    32.3359    32.3419    25.8580    25.8632    7.83300 0.0000e+00
       6915    123.726     1.7100     1.7052   2.846618   2.846697     2.6599     2.6350      8.128     0.1876     1.9245 1.0790e-01     0.0903    97.7680     7.6340     8.0354    32.3370    32.3429    25.8590    25.8640    7.83327 0.0000e+00
       6918    123.822     1.7087     1.7043   2.846599   2.846630     2.6607     2.6350      8.128     0.1876     1.9245 1.0790e-01     0.0906    97.7593     7.6368     8.0376    32.3381    32.3429    25.8599    25.8641    7.83348 0.0000e+00
       6921    123.917     1.7075     1.7030   2.846564   2.846568     2.6603     2.6350      8.128     0.1973     1.9245 1.0790e-01     0.0906    97.7593     7.6361     8.0404    32.3388    32.3434    25.8606    25.8646    7.83369 0.0000e+00
       6924    124.010     1.7064     1.7008   2.846523   2.846399     2.6599     2.6350      8.128     0.1925     1.9245 1.0790e-01     0.0903    97.7680     7.6364     8.0439    32.3394    32.3436    25.8611    25.8649    7.83388 0.0000e+00
       6927    124.103     1.7050     1.6977   2.846438   2.846230     2.6603     2.6338      8.128     0.1973     1.9245 1.0790e-01     0.0906    97.7593     7.6391     8.0431    32.3397    32.3446    25.8615    25.8659    7.83414 0.0000e+00
       6930    124.197     1.7039     1.6948   2.846366   2.846099     2.6599     2.6350      8.128     0.1973     1.9245 1.0790e-01     0.0906    97.7593     7.6393     8.0511    32.3399    32.3458    25.8617    25.8671    7.83436 0.0000e+00
       6933    124.288     1.7022     1.6928   2.846249   2.846030     2.6603     2.6350      8.128     0.1925     1.9245 1.0790e-01     0.0903    97.7680     7.6417     8.0543    32.3400    32.3470    25.8620    25.8682    7.83468 0.0000e+00
       6936    124.378     1.7001     1.6907   2.846090   2.845951     2.6587     2.6350      8.128     0.1925     1.9245 1.0790e-01     0.0903    97.7680     7.6363     8.0587    32.3402    32.3480    25.8622    25.8692    7.83510 0.0000e+00
       6939    124.464     1.6976     1.6896   2.845955   2.845925     2.6603     2.6350      8.128     0.1925     1.9245 1.0790e-01     0.0906    97.7593     7.6422     8.0598    32.3410    32.3488    25.8630    25.8699    7.83557 0.0000e+00
       6942    124.548     1.6953     1.6885   2.845918   2.845894     2.6595     2.6350      8.128     0.1925     1.9245 1.0790e-01     0.0903    97.7680     7.6395     8.0591    32.3428    32.3495    25.8647    25.8705    7.83593 0.0000e+00
       6945    124.631     1.6937     1.6876   2.845965   2.845857     2.6595     2.6350      8.128     0.1973     1.9245 1.0790e-01     0.0874    97.8375     7.6402     8.0562    32.3450    32.3500    25.8666    25.8710    7.83614 0.0000e+00
       6948    124.714     1.6931     1.6862   2.846038   2.845819     2.6595     2.6350      8.128     0.2120     1.9245 1.0790e-01     0.0874    97.8375     7.6410     8.0537    32.3465    32.3509    25.8677    25.8717    7.83618 0.0000e+00
       6951    124.795     1.6932     1.6852   2.846036   2.845781     2.6599     2.6350      8.128     0.2071     1.9245 1.0790e-01     0.0874    97.8375     7.6430     8.0500    32.3463    32.3513    25.8677    25.8722    7.83618 0.0000e+00
       6954    124.873     1.6935     1.6847   2.845976   2.845776     2.6595     2.6350      8.128     0.2120     1.9245 1.0790e-01     0.0874    97.8375     7.6421     8.0421    32.3452    32.3518    25.8667    25.8726    7.83617 0.0000e+00
       6957    124.953     1.6945     1.6842   2.846005   2.845812     2.6595     2.6354      8.128     0.2169     1.9245 1.0790e-01     0.0874    97.8375     7.6433     8.0389    32.3446    32.3527    25.8661    25.8733    7.83601 0.0000e+00
       6960    125.028     1.6944     1.6832   2.846012   2.845773     2.6599     2.6350      8.128     0.2169     1.9245 1.0790e-01     0.0871    97.8462     7.6454     8.0335    32.3447    32.3531    25.8662    25.8738    7.83602 0.0000e+00
       6963    125.102     1.6933     1.6818   2.845977   2.845743     2.6595     2.6350      8.128     0.2071     1.9245 1.0790e-01     0.0874    97.8375     7.6436     8.0287    32.3453    32.3542    25.8668    25.8747    7.83621 0.0000e+00
       6966    125.172     1.6930     1.6808   2.846016   2.845734     2.6591     2.6342      8.128     0.2169     1.9245 1.0790e-01     0.0889    97.8027     7.6446     8.0225    32.3461    32.3551    25.8675    25.8755    7.83623 0.0000e+00
       6969    125.240     1.6931     1.6803   2.846140   2.845719     2.6591     2.6338      8.128     0.2120     1.9245 1.0790e-01     0.0885    97.8114     7.6452     8.0168    32.3475    32.3553    25.8686    25.8757    7.83613 0.0000e+00
       6972    125.307     1.6929     1.6802   2.846212   2.845723     2.6595     2.6338      8.126     0.2071     1.9245 1.0790e-01     0.0885    97.8114     7.6488     8.0135    32.3485    32.3555    25.8694    25.8758    7.83611 0.0000e+00
       6975    125.368     1.6923     1.6802   2.846176   2.845729     2.6595     2.6334      8.128     0.2169     1.9245 1.0790e-01     0.0885    97.8114     7.6490     8.0074    32.3487    32.3556    25.8696    25.8759    7.83623 0.0000e+00
       6978    125.427     1.6916     1.6803   2.846055   2.845741     2.6595     2.6326      8.128     0.2169     1.9245 1.0790e-01     0.0885    97.8114     7.6497     8.0012    32.3479    32.3556    25.8690    25.8759    7.83642 0.0000e+00
       6981    125.481     1.6904     1.6794   2.846059   2.845751     2.6595     2.6326      8.128     0.2169     1.9245 1.0790e-01     0.0885    97.8114     7.6511     8.0031    32.3491    32.3566    25.8700    25.8768    7.83659 0.0000e+00
       6984    125.532     1.6906     1.6786   2.846262   2.845797     2.6599     2.6326      8.128     0.2120     1.9245 1.0790e-01     0.0896    97.7854     7.6526     8.0058    32.3514    32.3579    25.8719    25.8779    7.83642 0.0000e+00
       6987    125.582     1.6932     1.6781   2.846802   2.845796     2.6595     2.6318      8.128     0.2120     1.9245 1.0790e-01     0.0906    97.7593     7.6508     8.0052    32.3555    32.3584    25.8750    25.8784    7.83568 0.0000e+00
       6990    125.628     1.6994     1.6780   2.847327   2.845812     2.6603     2.6318      8.128     0.2071     1.9245 1.0790e-01     0.0903    97.7680     7.6511     8.0090    32.3557    32.3587    25.8747    25.8786    7.83442 0.0000e+00
       6993    125.669     1.7076     1.6783   2.847866   2.845818     2.6603     2.6314      8.126     0.2071     1.9245 1.0790e-01     0.0906    97.7593     7.6487     8.0098    32.3541    32.3584    25.8729    25.8783    7.83286 0.0000e+00
       6996    125.711     1.7167     1.6780   2.848150   2.845846     2.6607     2.6310      8.128     0.2022     1.9245 1.0790e-01     0.0906    97.7593     7.6494     8.0118    32.3482    32.3591    25.8675    25.8789    7.83132 0.0000e+00
       6999    125.753     1.7224     1.6777   2.848173   2.845842     2.6599     2.6302      8.128     0.2071     1.9245 1.0790e-01     0.0906    97.7593     7.6470     8.0162    32.3427    32.3593    25.8627    25.8791    7.83047 0.0000e+00
