Datasets/AZMP/COO001/79001086.cnv
* Sea-Bird SBE 9 Data File:
* FileName = C:\CTDDATA\79001086.hex
* Software Version Seasave V 7.26.7.110
* Temperature SN = 5660
* Conductivity SN = 3698
* Number of Bytes Per Scan = 30
* Number of Voltage Words = 4
* Number of Scans Averaged by the Deck Unit = 1
* NMEA baud rate = 9600
** VESSEL/TRIP/SEQ STN:  79001086
** LATITUDE XX XX.XX N:  48 09.93 N
** LONGITUDE XX XX.XX W:  53 44.09 W
** SOUNDING DEPTH (M):  0213
** PROBE TYPE: S1257
** CTD NUMBER: 053
** COMMENTS (14 CHAR): SS-11
** BOTTLES:  0
** LEVELS:
** STICKERS:
** VNET: N
** DO2: N
# nquan = 22
# nvalues = 6404                        
# units = specified
# name 0 = scan: Scan Count
# name 1 = prDM: Pressure, Digiquartz [db]
# name 2 = t090C: Temperature [ITS-90, deg C]
# name 3 = t190C: Temperature, 2 [ITS-90, deg C]
# name 4 = c0S/m: Conductivity [S/m]
# name 5 = c1S/m: Conductivity, 2 [S/m]
# name 6 = sbeox0V: Oxygen raw, SBE 43 [V]
# name 7 = sbeox1V: Oxygen raw, SBE 43, 2 [V]
# name 8 = ph: pH
# name 9 = flECO-AFL: Fluorescence, WET Labs ECO-AFL/FL [mg/m^3]
# name 10 = wetCDOM: Fluorescence, WET Labs CDOM [mg/m^3]
# name 11 = par/sat/log: PAR/Logarithmic, Satlantic [umol photons/m^2/sec]
# name 12 = CStarAt0: Beam Attenuation, WET Labs C-Star [1/m]
# name 13 = CStarTr0: Beam Transmission, WET Labs C-Star [%]
# name 14 = sbeox0ML/L: Oxygen, SBE 43 [ml/l], WS = 2
# name 15 = sbeox1ML/L: Oxygen, SBE 43, 2 [ml/l], WS = 2
# name 16 = sal00: Salinity, Practical [PSU]
# name 17 = sal11: Salinity, Practical, 2 [PSU]
# name 18 = sigma-t00: Density [sigma-t, kg/m^3 ]
# name 19 = sigma-t11: Density, 2 [sigma-t, kg/m^3 ]
# name 20 = oxsatML/L: Oxygen Saturation, Weiss [ml/l]
# name 21 = flag: flag
# span 0 =        391,      22014       
# span 1 =      2.051,    200.202       
# span 2 =     0.0965,     3.5383       
# span 3 =     0.0951,     3.5440       
# span 4 =   2.750269,   2.935955       
# span 5 =   2.765191,   2.936118       
# span 6 =     2.3599,     2.7386       
# span 7 =     2.3359,     2.7064       
# span 8 =      8.013,      8.179       
# span 9 =     0.0215,     0.6808       
# span 10 =    -0.7601,     3.9379      
# span 11 = 1.0678e-01, 8.5344e-01      
# span 12 =     0.0857,     0.2714      
# span 13 =    93.4405,    97.8809      
# span 14 =     6.7013,     7.5664      
# span 15 =     7.2709,     7.9103      
# span 16 =    31.1331,    32.9796      
# span 17 =    31.1350,    32.9830      
# span 18 =    24.7656,    26.4707      
# span 19 =    24.7669,    26.4735      
# span 20 =    7.52443,    8.13592      
# span 21 = 0.0000e+00, 0.0000e+00      
# interval = scans: 3                   
# start_time = Dec 01 2019 23:24:27 [System UTC, header]
# bad_flag = -9.990e-29
*END*
[from data line 1976]
       6959    123.167     1.6601     1.6257   2.837882   2.835949     2.6029     2.5703      8.126     0.0703     2.1614 1.0790e-01     0.1088    97.3161     7.4175     7.7831    32.2789    32.2898    25.8158    25.8269    7.84645 0.0000e+00
       6962    123.230     1.6532     1.6136   2.837182   2.835163     2.6033     2.5699      8.127     0.0703     2.1614 1.0790e-01     0.1088    97.3161     7.4187     7.7840    32.2771    32.2923    25.8148    25.8297    7.84793 0.0000e+00
       6965    123.293     1.6443     1.6012   2.836394   2.834452     2.6017     2.5691      8.124     0.0703     2.1614 1.0790e-01     0.1071    97.3595     7.4127     7.7830    32.2763    32.2962    25.8148    25.8337    7.84979 0.0000e+00
       6968    123.356     1.6330     1.5940   2.835586   2.834057     2.6012     2.5691      8.125     0.0703     2.1614 1.0790e-01     0.1067    97.3682     7.4132     7.7837    32.2777    32.2985    25.8167    25.8360    7.85200 0.0000e+00
       6971    123.420     1.6219     1.5895   2.834845   2.833814     2.6008     2.5691      8.124     0.0752     2.1614 1.0790e-01     0.1067    97.3682     7.4115     7.7810    32.2798    32.3000    25.8191    25.8375    7.85415 0.0000e+00
       6974    123.486     1.6117     1.5873   2.834281   2.833639     2.6004     2.5687      8.124     0.0703     2.0429 1.0790e-01     0.1067    97.3682     7.4114     7.7785    32.2831    32.3001    25.8224    25.8378    7.85604 0.0000e+00
       6977    123.549     1.6038     1.5836   2.833966   2.833304     2.5992     2.5687      8.124     0.0654     2.0429 1.0790e-01     0.1067    97.3682     7.4076     7.7760    32.2872    32.2996    25.8263    25.8376    7.85743 0.0000e+00
       6980    123.615     1.5977     1.5780   2.833704   2.832826     2.5976     2.5679      8.124     0.0703     2.0429 1.0790e-01     0.1067    97.3682     7.4024     7.7719    32.2902    32.2993    25.8291    25.8377    7.85852 0.0000e+00
       6983    123.678     1.5933     1.5665   2.833527   2.831974     2.5984     2.5679      8.124     0.0654     2.0429 1.0790e-01     0.1071    97.3595     7.4060     7.7732    32.2923    32.3004    25.8311    25.8393    7.85929 0.0000e+00
       6986    123.741     1.5896     1.5548   2.833209   2.831236     2.5976     2.5670      8.124     0.0703     2.0429 1.0790e-01     0.1078    97.3422     7.4045     7.7711    32.2922    32.3030    25.8313    25.8423    7.86006 0.0000e+00
       6989    123.804     1.5843     1.5461   2.832650   2.830730     2.5972     2.5666      8.124     0.0703     2.0429 1.0790e-01     0.1078    97.3422     7.4067     7.7689    32.2905    32.3056    25.8302    25.8449    7.86122 0.0000e+00
       6992    123.868     1.5757     1.5381   2.831779   2.830314     2.5968     2.5658      8.124     0.0703     2.0429 1.0790e-01     0.1078    97.3422     7.4071     7.7658    32.2884    32.3085    25.8291    25.8477    7.86309 0.0000e+00
       6995    123.931     1.5654     1.5345   2.831143   2.830115     2.5960     2.5654      8.124     0.0703     2.0429 1.0790e-01     0.1078    97.3422     7.4057     7.7628    32.2909    32.3097    25.8318    25.8490    7.86504 0.0000e+00
       6998    123.993     1.5571     1.5283   2.830827   2.829596     2.5960     2.5650      8.124     0.0703     2.0824 1.0790e-01     0.1078    97.3422     7.4087     7.7619    32.2955    32.3095    25.8360    25.8492    7.86650 0.0000e+00
       7001    124.059     1.5502     1.5218   2.830437   2.829226     2.5947     2.5642      8.124     0.0703     2.2798 1.0790e-01     0.1078    97.3422     7.4071     7.7592    32.2976    32.3115    25.8382    25.8512    7.86779 0.0000e+00
       7004    124.122     1.5422     1.5163   2.829770   2.828753     2.5947     2.5642      8.124     0.0703     2.2798 1.0790e-01     0.1085    97.3248     7.4095     7.7605    32.2974    32.3112    25.8385    25.8514    7.86943 0.0000e+00
       7007    124.183     1.5343     1.5077   2.829342   2.828194     2.5935     2.5642      8.124     0.0703     2.2798 1.0790e-01     0.1088    97.3161     7.4076     7.7615    32.3001    32.3129    25.8412    25.8533    7.87089 0.0000e+00
       7010    124.249     1.5281     1.5005   2.829103   2.827833     2.5935     2.5630      8.124     0.0703     2.2798 1.0790e-01     0.1088    97.3161     7.4098     7.7593    32.3033    32.3157    25.8442    25.8560    7.87198 0.0000e+00
       7013    124.313     1.5242     1.4923   2.828950   2.827142     2.5931     2.5630      8.124     0.0703     2.2798 1.0790e-01     0.1088    97.3161     7.4097     7.7594    32.3054    32.3154    25.8462    25.8563    7.87267 0.0000e+00
       7016    124.376     1.5188     1.4782   2.828423   2.826207     2.5919     2.5626      8.124     0.0752     2.2798 1.0790e-01     0.1088    97.3161     7.4091     7.7601    32.3042    32.3181    25.8456    25.8594    7.87382 0.0000e+00
       7019    124.441     1.5131     1.4633   2.828191   2.825087     2.5915     2.5617      8.122     0.0703     2.2798 1.0790e-01     0.1088    97.3161     7.4125     7.7591    32.3072    32.3193    25.8484    25.8614    7.87484 0.0000e+00
       7022    124.504     1.5089     1.4417   2.827977   2.823554     2.5911     2.5613      8.122     0.0703     2.2798 1.0790e-01     0.1088    97.3161     7.4145     7.7608    32.3088    32.3222    25.8499    25.8650    7.87561 0.0000e+00
       7025    124.570     1.5038     1.4186   2.827394   2.822005     2.5915     2.5605      8.121     0.0703     2.2009 1.0790e-01     0.1127    97.2205     7.4190     7.7615    32.3066    32.3263    25.8485    25.8699    7.87676 0.0000e+00
       7028    124.630     1.4944     1.3990   2.826455   2.820990     2.5911     2.5605      8.121     0.0703     2.1614 1.0790e-01     0.1174    97.1075     7.4216     7.7656    32.3044    32.3336    25.8473    25.8770    7.87880 0.0000e+00
       7031    124.697     1.4807     1.3885   2.825001   2.820482     2.5907     2.5593      8.119     0.0703     2.1614 1.0790e-01     0.1174    97.1075     7.4250     7.7632    32.3002    32.3380    25.8448    25.8812    7.88183 0.0000e+00
       7034    124.760     1.4611     1.3826   2.823404   2.820132     2.5898     2.5593      8.119     0.0703     2.1614 1.0790e-01     0.1174    97.1075     7.4259     7.7657    32.3001    32.3397    25.8461    25.8829    7.88583 0.0000e+00
       7037    124.824     1.4414     1.3762   2.822221   2.819642     2.5894     2.5581      8.120     0.0703     2.1614 1.0790e-01     0.1174    97.1075     7.4280     7.7614    32.3055    32.3400    25.8517    25.8836    7.88959 0.0000e+00
       7040    124.887     1.4234     1.3645   2.821237   2.818701     2.5902     2.5581      8.120     0.0703     2.1614 1.0790e-01     0.1170    97.1162     7.4340     7.7659    32.3115    32.3401    25.8576    25.8844    7.89294 0.0000e+00
       7043    124.951     1.4100     1.3481   2.820729   2.817612     2.5902     2.5577      8.120     0.0703     2.1614 1.0790e-01     0.1174    97.1075     7.4368     7.7702    32.3189    32.3432    25.8644    25.8880    7.89530 0.0000e+00
       7046    125.016     1.3994     1.3341   2.820285   2.816831     2.5890     2.5569      8.120     0.0703     2.1614 1.0790e-01     0.1217    97.0033     7.4334     7.7741    32.3241    32.3478    25.8693    25.8925    7.89718 0.0000e+00
       7049    125.081     1.3901     1.3258   2.819716   2.816376     2.5890     2.5569      8.120     0.0703     2.1614 1.0790e-01     0.1232    96.9685     7.4344     7.7792    32.3265    32.3506    25.8719    25.8953    7.89898 0.0000e+00
       7052    125.145     1.3804     1.3198   2.818943   2.816002     2.5890     2.5565      8.120     0.0703     2.1614 1.0790e-01     0.1228    96.9772     7.4356     7.7835    32.3267    32.3520    25.8726    25.8968    7.90095 0.0000e+00
       7055    125.209     1.3690     1.3147   2.818043   2.815691     2.5878     2.5556      8.120     0.0703     2.1614 1.0790e-01     0.1228    96.9772     7.4319     7.7847    32.3270    32.3533    25.8736    25.8982    7.90327 0.0000e+00
       7058    125.276     1.3556     1.3099   2.817127   2.815418     2.5874     2.5552      8.117     0.0703     2.1614 1.0790e-01     0.1228    96.9772     7.4313     7.7871    32.3292    32.3548    25.8763    25.8997    7.90591 0.0000e+00
       7061    125.338     1.3440     1.3053   2.816653   2.815094     2.5862     2.5544      8.117     0.0703     2.1614 1.0790e-01     0.1232    96.9685     7.4271     7.7878    32.3351    32.3553    25.8817    25.9004    7.90797 0.0000e+00
       7064    125.400     1.3363     1.3015   2.816373   2.814922     2.5870     2.5544      8.115     0.0703     2.1614 1.0790e-01     0.1232    96.9685     7.4281     7.7892    32.3395    32.3571    25.8857    25.9020    7.90932 0.0000e+00
       7067    125.462     1.3289     1.2995   2.815929   2.814808     2.5870     2.5544      8.117     0.0703     2.1614 1.0790e-01     0.1249    96.9251     7.4281     7.7924    32.3414    32.3577    25.8878    25.9027    7.91073 0.0000e+00
       7070    125.524     1.3218     1.2979   2.815441   2.814727     2.5862     2.5544      8.115     0.0703     2.1614 1.0790e-01     0.1249    96.9251     7.4264     7.7937    32.3426    32.3583    25.8891    25.9032    7.91213 0.0000e+00
       7073    125.587     1.3151     1.2968   2.815105   2.814667     2.5858     2.5540      8.115     0.0752     2.1614 1.0790e-01     0.1249    96.9251     7.4248     7.7935    32.3452    32.3586    25.8917    25.9035    7.91338 0.0000e+00
       7076    125.652     1.3091     1.2968   2.814814   2.814681     2.5846     2.5540      8.115     0.0557     2.1614 1.0790e-01     0.1249    96.9251     7.4201     7.7947    32.3477    32.3587    25.8940    25.9037    7.91447 0.0000e+00
       7079    125.716     1.3045     1.2967   2.814651   2.814667     2.5841     2.5532      8.115     0.0508     2.1614 1.0790e-01     0.1249    96.9251     7.4182     7.7918    32.3504    32.3586    25.8965    25.9036    7.91528 0.0000e+00
       7082    125.781     1.3012     1.2961   2.814562   2.814637     2.5837     2.5532      8.115     0.0557     2.1614 1.0790e-01     0.1249    96.9251     7.4151     7.7895    32.3526    32.3588    25.8985    25.9038    7.91584 0.0000e+00
       7085    125.847     1.2991     1.2950   2.814535   2.814536     2.5837     2.5524      8.115     0.0557     2.1614 1.0790e-01     0.1260    96.8990     7.4126     7.7836    32.3544    32.3587    25.9000    25.9037    7.91617 0.0000e+00
       7088    125.913     1.2978     1.2932   2.814501   2.814460     2.5817     2.5524      8.115     0.0557     2.1614 1.0790e-01     0.1285    96.8382     7.4040     7.7784    32.3553    32.3595    25.9008    25.9045    7.91640 0.0000e+00
       7091    125.976     1.2970     1.2923   2.814466   2.814395     2.5817     2.5520      8.115     0.0508     2.1614 1.0790e-01     0.1282    96.8469     7.4046     7.7698    32.3556    32.3596    25.9012    25.9046    7.91655 0.0000e+00
       7094    126.040     1.2964     1.2908   2.814452   2.814289     2.5813     2.5516      8.115     0.0557     2.1614 1.0790e-01     0.1282    96.8469     7.4014     7.7634    32.3560    32.3598    25.9015    25.9049    7.91664 0.0000e+00
       7097    126.105     1.2960     1.2880   2.814423   2.814081     2.5809     2.5512      8.115     0.0557     2.1614 1.0790e-01     0.1282    96.8469     7.4007     7.7570    32.3561    32.3600    25.9016    25.9052    7.91674 0.0000e+00
       7100    126.167     1.2956     1.2848   2.814400   2.813887     2.5797     2.5508      8.115     0.0557     2.1614 1.0790e-01     0.1282    96.8469     7.3969     7.7503    32.3562    32.3608    25.9017    25.9060    7.91681 0.0000e+00
       7103    126.233     1.2943     1.2831   2.814228   2.813757     2.5789     2.5504      8.115     0.0703     2.1614 1.0790e-01     0.1282    96.8469     7.3936     7.7438    32.3552    32.3609    25.9010    25.9062    7.91712 0.0000e+00
       7106    126.300     1.2925     1.2797   2.814089   2.813474     2.5785     2.5495      8.115     0.0703     2.1614 1.0790e-01     0.1239    96.9511     7.3925     7.7357    32.3553    32.3608    25.9012    25.9064    7.91749 0.0000e+00
       7109    126.365     1.2904     1.2740   2.813962   2.813098     2.5776     2.5495      8.115     0.0703     2.1614 1.0790e-01     0.1196    97.0554     7.3929     7.7330    32.3558    32.3619    25.9018    25.9076    7.91789 0.0000e+00
       7112    126.429     1.2880     1.2670   2.813673   2.812627     2.5780     2.5479      8.115     0.0654     2.1614 1.0790e-01     0.1206    97.0293     7.3976     7.7240    32.3547    32.3630    25.9010    25.9090    7.91846 0.0000e+00
       7115    126.492     1.2843     1.2604   2.813291   2.812224     2.5764     2.5471      8.115     0.0703     2.1614 1.0790e-01     0.1203    97.0380     7.3918     7.7203    32.3536    32.3647    25.9003    25.9108    7.91928 0.0000e+00
       7118    126.559     1.2784     1.2496   2.812726   2.811339     2.5752     2.5467      8.114     0.0703     2.1614 1.0790e-01     0.1203    97.0380     7.3891     7.7205    32.3525    32.3647    25.8998    25.9114    7.92055 0.0000e+00
       7121    126.625     1.2709     1.2362   2.812243   2.810457     2.5752     2.5459      8.115     0.0703     2.1614 1.0790e-01     0.1203    97.0380     7.3909     7.7203    32.3541    32.3673    25.9015    25.9143    7.92201 0.0000e+00
       7124    126.689     1.2628     1.2220   2.811582   2.809526     2.5752     2.5446      8.112     0.0703     2.1614 1.0790e-01     0.1203    97.0380     7.3951     7.7177    32.3540    32.3701    25.9021    25.9175    7.92369 0.0000e+00
       7127    126.753     1.2523     1.2032   2.810719   2.808131     2.5740     2.5446      8.112     0.0606     2.1614 1.0790e-01     0.1203    97.0380     7.3933     7.7239    32.3539    32.3718    25.9026    25.9200    7.92585 0.0000e+00
       7130    126.817     1.2416     1.1844   2.810034   2.807027     2.5736     2.5434      8.114     0.0557     2.1614 1.0790e-01     0.1203    97.0380     7.3960     7.7240    32.3562    32.3772    25.9051    25.9256    7.92794 0.0000e+00
       7133    126.880     1.2310     1.1715   2.809371   2.806357     2.5748     2.5430      8.116     0.0557     2.1614 1.0790e-01     0.1203    97.0380     7.4034     7.7276    32.3587    32.3820    25.9078    25.9302    7.92999 0.0000e+00
       7136    126.944     1.2206     1.1609   2.808562   2.805731     2.5727     2.5426      8.113     0.0557     2.1614 1.0790e-01     0.1199    97.0467     7.3982     7.7326    32.3592    32.3850    25.9088    25.9332    7.93212 0.0000e+00
       7139    127.008     1.2061     1.1522   2.807199   2.805289     2.5719     2.5422      8.111     0.0557     2.1614 1.0802e-01     0.1199    97.0467     7.3997     7.7335    32.3569    32.3884    25.9078    25.9365    7.93525 0.0000e+00
       7142    127.072     1.1913     1.1465   2.806499   2.804977     2.5711     2.5414      8.113     0.0508     2.1614 1.0790e-01     0.1196    97.0554     7.3990     7.7338    32.3632    32.3903    25.9138    25.9384    7.93796 0.0000e+00
       7145    127.136     1.1792     1.1380   2.805872   2.804191     2.5707     2.5410      8.116     0.0508     2.1614 1.0790e-01     0.1203    97.0380     7.4003     7.7352    32.3678    32.3891    25.9183    25.9379    7.94022 0.0000e+00
       7148    127.202     1.1673     1.1149   2.805265   2.802228     2.5711     2.5398      8.114     0.0557     2.1614 1.0802e-01     0.1206    97.0293     7.4019     7.7367    32.3723    32.3880    25.9226    25.9384    7.94243 0.0000e+00
       7151    127.267     1.1576     1.0861   2.804864   2.800461     2.5699     2.5398      8.111     0.0557     2.1614 1.0802e-01     0.1206    97.0293     7.3977     7.7419    32.3772    32.3953    25.9271    25.9461    7.94418 0.0000e+00
