Datasets/AZMP/COO001/79001028.cnv
* Sea-Bird SBE 9 Data File:
* FileName = C:\CTDDATA\79001028.hex
* Software Version Seasave V 7.26.7.110
* Temperature SN = 5660
* Conductivity SN = 3698
* Number of Bytes Per Scan = 30
* Number of Voltage Words = 4
* Number of Scans Averaged by the Deck Unit = 1
* NMEA baud rate = 9600
** VESSEL/TRIP/SEQ STN:  79001028
** LATITUDE XX XX.XX N:  44 21.80 N
** LONGITUDE XX XX.XX W:  51 06.20 W
** SOUNDING DEPTH (M):  0075
** PROBE TYPE: S1257
** CTD NUMBER: 015
** COMMENTS (14 CHAR): SEGB-10
** BOTTLES:  9
** LEVELS: 5,5,10,20,20,30,40,50,BTM
** STICKERS: 434784 - 434792
** VNET: Y
** DO2: N
# nquan = 22
# nvalues = 1946                        
# units = specified
# name 0 = scan: Scan Count
# name 1 = prDM: Pressure, Digiquartz [db]
# name 2 = t090C: Temperature [ITS-90, deg C]
# name 3 = t190C: Temperature, 2 [ITS-90, deg C]
# name 4 = c0S/m: Conductivity [S/m]
# name 5 = c1S/m: Conductivity, 2 [S/m]
# name 6 = sbeox0V: Oxygen raw, SBE 43 [V]
# name 7 = sbeox1V: Oxygen raw, SBE 43, 2 [V]
# name 8 = ph: pH
# name 9 = flECO-AFL: Fluorescence, WET Labs ECO-AFL/FL [mg/m^3]
# name 10 = wetCDOM: Fluorescence, WET Labs CDOM [mg/m^3]
# name 11 = par/sat/log: PAR/Logarithmic, Satlantic [umol photons/m^2/sec]
# name 12 = CStarAt0: Beam Attenuation, WET Labs C-Star [1/m]
# name 13 = CStarTr0: Beam Transmission, WET Labs C-Star [%]
# name 14 = sbeox0ML/L: Oxygen, SBE 43 [ml/l], WS = 2
# name 15 = sbeox1ML/L: Oxygen, SBE 43, 2 [ml/l], WS = 2
# name 16 = sal00: Salinity, Practical [PSU]
# name 17 = sal11: Salinity, Practical, 2 [PSU]
# name 18 = sigma-t00: Density [sigma-t, kg/m^3 ]
# name 19 = sigma-t11: Density, 2 [sigma-t, kg/m^3 ]
# name 20 = oxsatML/L: Oxygen Saturation, Weiss [ml/l]
# name 21 = flag: flag
# span 0 =         55,      32927       
# span 1 =      0.564,     68.126       
# span 2 =     3.0553,     8.0318       
# span 3 =     3.0530,     8.0311       
# span 4 =   2.979471,   3.356498       
# span 5 =   2.979660,   3.356591       
# span 6 =     2.3419,     2.9519       
# span 7 =     2.1587,     2.7316       
# span 8 =      7.940,      8.186       
# span 9 =     0.1436,     0.8957       
# span 10 =    -1.6286,     2.3982      
# span 11 = 1.0777e-01, 2.5321e+01      
# span 12 =     0.1357,     0.2068      
# span 13 =    94.9612,    96.6644      
# span 14 =     5.9104,     7.7206      
# span 15 =     4.7589,     5.9815      
# span 16 =    31.6760,    32.9576      
# span 17 =    31.9727,    32.9231      
# span 18 =    24.9555,    26.2008      
# span 19 =    25.0009,    26.0853      
# span 20 =    6.72633,    7.55414      
# span 21 = 0.0000e+00, 0.0000e+00      
# interval = scans: 3                   
# start_time = Nov 24 2019 10:32:59 [System UTC, header]
# bad_flag = -9.990e-29
*END*
[from data line 1515]
      19634     28.064     8.0290     8.0289   3.355546   3.355946     2.9511     2.7210      8.183     0.7053     1.0954 2.6775e-01     0.1519    96.2733     7.2691     5.9518    32.1201    32.1244    25.0086    25.0120    6.72678 0.0000e+00
      19637     28.013     8.0287     8.0289   3.355506   3.355937     2.9502     2.7206      8.183     0.7101     1.0954 2.8332e-01     0.1519    96.2733     7.2658     5.9507    32.1199    32.1243    25.0085    25.0120    6.72682 0.0000e+00
      19640     27.968     8.0288     8.0289   3.355543   3.355939     2.9502     2.7206      8.183     0.7004     1.0954 2.7947e-01     0.1519    96.2733     7.2650     5.9517    32.1203    32.1244    25.0088    25.0120    6.72679 0.0000e+00
      19643     27.932     8.0288     8.0289   3.355510   3.355959     2.9502     2.7206      8.183     0.7053     1.0954 2.6803e-01     0.1519    96.2733     7.2647     5.9535    32.1200    32.1246    25.0086    25.0122    6.72681 0.0000e+00
      19646     27.902     8.0288     8.0289   3.355519   3.355949     2.9502     2.7206      8.183     0.6271     1.0954 2.6803e-01     0.1519    96.2733     7.2641     5.9551    32.1200    32.1246    25.0086    25.0122    6.72680 0.0000e+00
      19739     27.870     8.0293     8.0290   3.355570   3.355960     2.9494     2.7215      8.183     0.7346     1.0954 2.8194e-01     0.1504    96.3081     7.2625     5.9676    32.1202    32.1245    25.0086    25.0121    6.72673 0.0000e+00
      19787     27.789     8.0293     8.0290   3.355555   3.355960     2.9498     2.7219      8.183     0.8029     1.0954 2.8762e-01     0.1497    96.3255     7.2648     5.9713    32.1200    32.1246    25.0085    25.0121    6.72673 0.0000e+00
      19790     27.699     8.0294     8.0291   3.355576   3.355960     2.9494     2.7219      8.183     0.7980     1.0954 2.9783e-01     0.1497    96.3255     7.2636     5.9693    32.1202    32.1245    25.0086    25.0121    6.72670 0.0000e+00
      19793     27.611     8.0292     8.0291   3.355567   3.355951     2.9498     2.7219      8.183     0.7980     1.0954 3.1660e-01     0.1497    96.3255     7.2653     5.9673    32.1203    32.1245    25.0088    25.0120    6.72673 0.0000e+00
      19796     27.527     8.0292     8.0291   3.355505   3.355959     2.9494     2.7219      8.183     0.7932     1.0954 3.0761e-01     0.1494    96.3342     7.2642     5.9652    32.1197    32.1246    25.0083    25.0121    6.72676 0.0000e+00
      19799     27.448     8.0290     8.0290   3.355484   3.355929     2.9502     2.7219      8.183     0.7932     1.0954 3.1696e-01     0.1487    96.3515     7.2659     5.9628    32.1197    32.1244    25.0083    25.0120    6.72679 0.0000e+00
      19802     27.376     8.0289     8.0290   3.355471   3.355933     2.9498     2.7219      8.183     0.7199     1.0954 3.2325e-01     0.1487    96.3515     7.2644     5.9611    32.1197    32.1245    25.0083    25.0121    6.72681 0.0000e+00
      19805     27.315     8.0287     8.0291   3.355460   3.355937     2.9498     2.7219      8.183     0.6515     1.0954 3.2102e-01     0.1487    96.3515     7.2643     5.9597    32.1198    32.1245    25.0084    25.0121    6.72683 0.0000e+00
      19808     27.264     8.0286     8.0290   3.355462   3.355929     2.9502     2.7219      8.183     0.6467     1.0954 3.2410e-01     0.1487    96.3515     7.2652     5.9581    32.1200    32.1245    25.0085    25.0121    6.72684 0.0000e+00
      19811     27.222     8.0285     8.0290   3.355463   3.355949     2.9502     2.7219      8.183     0.6515     1.0954 3.3505e-01     0.1487    96.3515     7.2649     5.9582    32.1201    32.1248    25.0087    25.0123    6.72685 0.0000e+00
      19814     27.186     8.0285     8.0289   3.355499   3.355923     2.9498     2.7215      8.183     0.6515     1.0954 3.1695e-01     0.1487    96.3515     7.2637     5.9571    32.1204    32.1246    25.0089    25.0121    6.72683 0.0000e+00
      19817     27.153     8.0287     8.0289   3.355510   3.355899     2.9494     2.7219      8.183     0.6515     1.0954 3.3287e-01     0.1504    96.3081     7.2622     5.9579    32.1204    32.1243    25.0089    25.0119    6.72680 0.0000e+00
      19820     27.125     8.0287     8.0288   3.355504   3.355898     2.9502     2.7219      8.183     0.6515     1.0954 3.2374e-01     0.1508    96.2994     7.2648     5.9572    32.1204    32.1245    25.0089    25.0121    6.72681 0.0000e+00
      19880     27.085     8.0294     8.0286   3.355531   3.355898     2.9515     2.7210      8.183     0.7248     1.0954 3.0546e-01     0.1487    96.3515     7.2593     5.9588    32.1200    32.1246    25.0085    25.0122    6.72672 0.0000e+00
      19883     27.019     8.0293     8.0286   3.355541   3.355888     2.9519     2.7215      8.183     0.7053     1.0559 2.9848e-01     0.1487    96.3515     7.2590     5.9609    32.1202    32.1246    25.0087    25.0122    6.72672 0.0000e+00
      19886     26.944     8.0295     8.0286   3.355539   3.355882     2.9515     2.7206      8.183     0.7150     0.9770 3.0727e-01     0.1487    96.3515     7.2575     5.9594    32.1201    32.1245    25.0085    25.0121    6.72670 0.0000e+00
      19889     26.858     8.0295     8.0286   3.355568   3.355876     2.9511     2.7210      8.183     0.7150     0.9770 3.0545e-01     0.1487    96.3515     7.2556     5.9611    32.1204    32.1245    25.0088    25.0122    6.72668 0.0000e+00
      19892     26.762     8.0294     8.0287   3.355527   3.355879     2.9506     2.7206      8.183     0.7053     0.9770 3.1954e-01     0.1487    96.3515     7.2539     5.9604    32.1201    32.1245    25.0085    25.0120    6.72671 0.0000e+00
      19895     26.657     8.0294     8.0290   3.355510   3.355901     2.9506     2.7206      8.183     0.7101     0.9770 3.1622e-01     0.1487    96.3515     7.2551     5.9613    32.1199    32.1245    25.0084    25.0121    6.72671 0.0000e+00
      19898     26.543     8.0295     8.0286   3.355506   3.355850     2.9502     2.7206      8.183     0.7101     0.9770 3.2663e-01     0.1497    96.3255     7.2547     5.9611    32.1199    32.1244    25.0084    25.0120    6.72671 0.0000e+00
      19901     26.423     8.0296     8.0287   3.355519   3.355872     2.9502     2.7215      8.183     0.7053     0.9770 3.3893e-01     0.1497    96.3255     7.2554     5.9640    32.1200    32.1246    25.0085    25.0122    6.72669 0.0000e+00
      19904     26.296     8.0295     8.0291   3.355523   3.355925     2.9502     2.7219      8.183     0.7150     0.9770 3.4809e-01     0.1497    96.3255     7.2564     5.9658    32.1201    32.1248    25.0086    25.0123    6.72669 0.0000e+00
      19907     26.161     8.0295     8.0292   3.355455   3.355912     2.9498     2.7219      8.183     0.6418     0.9770 3.4971e-01     0.1497    96.3255     7.2556     5.9673    32.1196    32.1246    25.0081    25.0121    6.72673 0.0000e+00
      19910     26.018     8.0293     8.0292   3.355439   3.355899     2.9498     2.7219      8.183     0.6174     0.9770 3.5915e-01     0.1497    96.3255     7.2561     5.9679    32.1196    32.1246    25.0081    25.0121    6.72675 0.0000e+00
      19913     25.871     8.0292     8.0292   3.355367   3.355928     2.9498     2.7219      8.183     0.6271     0.9770 3.7263e-01     0.1497    96.3255     7.2568     5.9676    32.1190    32.1249    25.0077    25.0123    6.72680 0.0000e+00
      19916     25.719     8.0289     8.0293   3.355461   3.355902     2.9498     2.7223      8.183     0.6271     0.9770 3.8362e-01     0.1497    96.3255     7.2567     5.9686    32.1203    32.1247    25.0088    25.0122    6.72678 0.0000e+00
      19919     25.563     8.0288     8.0292   3.355403   3.355897     2.9502     2.7223      8.183     0.6222     0.9770 4.0032e-01     0.1483    96.3602     7.2575     5.9676    32.1199    32.1248    25.0085    25.0123    6.72681 0.0000e+00
      19922     25.403     8.0285     8.0291   3.355378   3.355874     2.9498     2.7219      8.183     0.6271     0.9770 4.0591e-01     0.1483    96.3602     7.2556     5.9651    32.1199    32.1247    25.0085    25.0122    6.72685 0.0000e+00
      19925     25.239     8.0287     8.0290   3.355421   3.355832     2.9502     2.7231      8.183     0.6174     0.9770 4.1351e-01     0.1480    96.3689     7.2561     5.9657    32.1203    32.1244    25.0088    25.0120    6.72681 0.0000e+00
      19928     25.078     8.0289     8.0285   3.355440   3.355781     2.9494     2.7231      8.185     0.6271     0.9770 4.1301e-01     0.1480    96.3689     7.2528     5.9643    32.1204    32.1244    25.0089    25.0120    6.72678 0.0000e+00
      19931     24.922     8.0291     8.0282   3.355387   3.355738     2.9494     2.7231      8.183     0.6222     0.9770 4.2811e-01     0.1480    96.3689     7.2517     5.9625    32.1198    32.1243    25.0083    25.0120    6.72678 0.0000e+00
      19934     24.762     8.0292     8.0280   3.355428   3.355753     2.9494     2.7231      8.183     0.6076     0.9770 4.3009e-01     0.1476    96.3776     7.2508     5.9607    32.1202    32.1247    25.0087    25.0123    6.72674 0.0000e+00
      19937     24.607     8.0292     8.0279   3.355363   3.355745     2.9490     2.7231      8.183     0.6125     0.9770 4.3864e-01     0.1483    96.3602     7.2487     5.9589    32.1195    32.1248    25.0081    25.0125    6.72676 0.0000e+00
      19940     24.455     8.0290     8.0279   3.355383   3.355717     2.9490     2.7231      8.183     0.6076     0.9770 4.5305e-01     0.1487    96.3515     7.2477     5.9571    32.1200    32.1245    25.0085    25.0122    6.72678 0.0000e+00
      19943     24.314     8.0290     8.0280   3.355370   3.355735     2.9490     2.7231      8.183     0.6027     0.9770 4.6204e-01     0.1487    96.3515     7.2480     5.9551    32.1200    32.1247    25.0085    25.0124    6.72678 0.0000e+00
      19946     24.185     8.0289     8.0279   3.355335   3.355735     2.9478     2.7231      8.181     0.6125     0.9770 4.5990e-01     0.1487    96.3515     7.2452     5.9521    32.1197    32.1248    25.0083    25.0125    6.72681 0.0000e+00
      19949     24.068     8.0287     8.0280   3.355334   3.355723     2.9486     2.7219      8.183     0.6125     0.9770 4.6471e-01     0.1487    96.3515     7.2482     5.9460    32.1199    32.1247    25.0085    25.0124    6.72682 0.0000e+00
      19952     23.965     8.0286     8.0281   3.355340   3.355717     2.9478     2.7223      8.183     0.6125     0.9770 4.6099e-01     0.1487    96.3515     7.2468     5.9441    32.1201    32.1246    25.0087    25.0123    6.72683 0.0000e+00
      19955     23.877     8.0286     8.0278   3.355377   3.355682     2.9478     2.7219      8.183     0.6027     0.9770 4.6421e-01     0.1487    96.3515     7.2477     5.9399    32.1206    32.1245    25.0091    25.0122    6.72681 0.0000e+00
      19958     23.809     8.0286     8.0278   3.355408   3.355686     2.9474     2.7219      8.183     0.6223     0.9770 4.5833e-01     0.1494    96.3342     7.2475     5.9371    32.1209    32.1247    25.0093    25.0124    6.72680 0.0000e+00
      19961     23.754     8.0286     8.0277   3.355390   3.355664     2.9478     2.7219      8.183     0.6711     0.9770 4.6151e-01     0.1487    96.3515     7.2505     5.9341    32.1208    32.1245    25.0092    25.0123    6.72681 0.0000e+00
      19964     23.713     8.0287     8.0278   3.355396   3.355676     2.9474     2.7219      8.183     0.6760     1.0954 4.6475e-01     0.1487    96.3515     7.2504     5.9321    32.1208    32.1246    25.0092    25.0123    6.72679 0.0000e+00
      20083     23.675     8.0289     8.0280   3.355362   3.355738     2.9494     2.7194      8.183     0.6613     0.9375 4.6256e-01     0.1497    96.3255     7.2542     5.9363    32.1202    32.1250    25.0087    25.0126    6.72679 0.0000e+00
      20144     23.609     8.0288     8.0285   3.355407   3.355761     2.9506     2.7190      8.183     0.6564     0.8586 4.6633e-01     0.1501    96.3168     7.2544     5.9388    32.1208    32.1249    25.0092    25.0124    6.72677 0.0000e+00
      20147     23.542     8.0289     8.0287   3.355401   3.355765     2.9506     2.7182      8.183     0.6711     0.8586 4.6851e-01     0.1501    96.3168     7.2525     5.9337    32.1207    32.1248    25.0092    25.0123    6.72677 0.0000e+00
      20150     23.474     8.0291     8.0288   3.355346   3.355760     2.9502     2.7178      8.183     0.6711     0.8586 4.6580e-01     0.1504    96.3081     7.2499     5.9311    32.1200    32.1246    25.0085    25.0122    6.72677 0.0000e+00
      20153     23.408     8.0289     8.0287   3.355335   3.355741     2.9502     2.7170      8.183     0.6662     0.8586 4.6525e-01     0.1501    96.3168     7.2487     5.9280    32.1201    32.1246    25.0086    25.0122    6.72679 0.0000e+00
      20156     23.344     8.0289     8.0285   3.355335   3.355735     2.9498     2.7170      8.183     0.6662     0.8586 4.7231e-01     0.1501    96.3168     7.2471     5.9276    32.1201    32.1247    25.0086    25.0123    6.72679 0.0000e+00
      20159     23.284     8.0289     8.0285   3.355323   3.355741     2.9490     2.7158      8.183     0.6662     0.8586 4.7175e-01     0.1497    96.3255     7.2451     5.9251    32.1200    32.1248    25.0085    25.0124    6.72679 0.0000e+00
      20162     23.224     8.0289     8.0285   3.355302   3.355707     2.9490     2.7158      8.183     0.6662     0.8586 4.7122e-01     0.1465    96.4037     7.2459     5.9262    32.1198    32.1245    25.0084    25.0121    6.72681 0.0000e+00
      20165     23.166     8.0291     8.0284   3.355309   3.355731     2.9482     2.7162      8.183     0.6662     0.8586 4.7231e-01     0.1465    96.4037     7.2450     5.9295    32.1198    32.1249    25.0083    25.0125    6.72678 0.0000e+00
      20168     23.105     8.0291     8.0285   3.355354   3.355731     2.9486     2.7158      8.183     0.6760     0.8586 4.7395e-01     0.1465    96.4037     7.2472     5.9322    32.1202    32.1248    25.0087    25.0124    6.72675 0.0000e+00
      20171     23.042     8.0291     8.0284   3.355315   3.355685     2.9478     2.7158      8.183     0.6955     0.8981 4.7394e-01     0.1465    96.4037     7.2468     5.9358    32.1198    32.1244    25.0084    25.0121    6.72677 0.0000e+00
      20174     22.982     8.0292     8.0284   3.355292   3.355709     2.9482     2.7158      8.183     0.7004     0.9770 4.7503e-01     0.1465    96.4037     7.2501     5.9390    32.1195    32.1247    25.0081    25.0123    6.72677 0.0000e+00
      20177     22.923     8.0290     8.0282   3.355290   3.355696     2.9482     2.7158      8.183     0.6857     0.9770 4.7125e-01     0.1465    96.4037     7.2520     5.9414    32.1197    32.1248    25.0083    25.0124    6.72679 0.0000e+00
      20180     22.859     8.0291     8.0282   3.355331   3.355664     2.9478     2.7158      8.183     0.6906     0.9770 4.7284e-01     0.1476    96.3776     7.2528     5.9433    32.1201    32.1245    25.0086    25.0122    6.72676 0.0000e+00
      20183     22.795     8.0290     8.0281   3.355325   3.355678     2.9482     2.7158      8.183     0.6955     0.9770 4.7394e-01     0.1476    96.3776     7.2553     5.9456    32.1201    32.1247    25.0086    25.0123    6.72677 0.0000e+00
      20186     22.732     8.0289     8.0282   3.355248   3.355674     2.9486     2.7158      8.183     0.6955     0.9770 4.7834e-01     0.1480    96.3689     7.2568     5.9470    32.1194    32.1246    25.0081    25.0123    6.72682 0.0000e+00
      20189     22.672     8.0289     8.0278   3.355240   3.355657     2.9490     2.7166      8.183     0.6857     0.9770 4.8840e-01     0.1480    96.3689     7.2584     5.9504    32.1194    32.1248    25.0081    25.0125    6.72682 0.0000e+00
      20192     22.611     8.0289     8.0278   3.355208   3.355651     2.9486     2.7170      8.183     0.6955     0.9770 4.8559e-01     0.1483    96.3602     7.2568     5.9524    32.1190    32.1248    25.0078    25.0125    6.72683 0.0000e+00
