Datasets/AZMP/COO001/79001070.cnv
* Sea-Bird SBE 9 Data File:
* FileName = C:\CTDDATA\79001070.hex
* Software Version Seasave V 7.26.7.110
* Temperature SN = 5660
* Conductivity SN = 3698
* Number of Bytes Per Scan = 30
* Number of Voltage Words = 4
* Number of Scans Averaged by the Deck Unit = 1
* NMEA baud rate = 9600
** VESSEL/TRIP/SEQ STN:  79001070
** LATITUDE XX XX.XX N:  48 10.20 N
** LONGITUDE XX XX.XX W:  53 13.70 W
** SOUNDING DEPTH (M):  0306
** PROBE TYPE: S1257
** CTD NUMBER: 037
** COMMENTS (14 CHAR): TB-04
** BOTTLES:  0
** LEVELS:
** STICKERS:
** VNET: N
** DO2: N
# nquan = 22
# nvalues = 7582                        
# units = specified
# name 0 = scan: Scan Count
# name 1 = prDM: Pressure, Digiquartz [db]
# name 2 = t090C: Temperature [ITS-90, deg C]
# name 3 = t190C: Temperature, 2 [ITS-90, deg C]
# name 4 = c0S/m: Conductivity [S/m]
# name 5 = c1S/m: Conductivity, 2 [S/m]
# name 6 = sbeox0V: Oxygen raw, SBE 43 [V]
# name 7 = sbeox1V: Oxygen raw, SBE 43, 2 [V]
# name 8 = ph: pH
# name 9 = flECO-AFL: Fluorescence, WET Labs ECO-AFL/FL [mg/m^3]
# name 10 = wetCDOM: Fluorescence, WET Labs CDOM [mg/m^3]
# name 11 = par/sat/log: PAR/Logarithmic, Satlantic [umol photons/m^2/sec]
# name 12 = CStarAt0: Beam Attenuation, WET Labs C-Star [1/m]
# name 13 = CStarTr0: Beam Transmission, WET Labs C-Star [%]
# name 14 = sbeox0ML/L: Oxygen, SBE 43 [ml/l], WS = 2
# name 15 = sbeox1ML/L: Oxygen, SBE 43, 2 [ml/l], WS = 2
# name 16 = sal00: Salinity, Practical [PSU]
# name 17 = sal11: Salinity, Practical, 2 [PSU]
# name 18 = sigma-t00: Density [sigma-t, kg/m^3 ]
# name 19 = sigma-t11: Density, 2 [sigma-t, kg/m^3 ]
# name 20 = oxsatML/L: Oxygen Saturation, Weiss [ml/l]
# name 21 = flag: flag
# span 0 =         46,      30081       
# span 1 =      1.509,    299.018       
# span 2 =    -0.6988,     3.5771       
# span 3 =    -0.7036,     3.5770       
# span 4 =   2.681258,   2.980354       
# span 5 =   2.681318,   2.980560       
# span 6 =     2.0879,     2.7680       
# span 7 =     2.0770,     2.7244       
# span 8 =      7.935,      8.166       
# span 9 =     0.0020,     0.7736       
# span 10 =    -1.3523,     2.2798      
# span 11 = 1.0642e-01, 4.9390e-01      
# span 12 =     0.0715,     0.4130      
# span 13 =    90.1905,    98.2285      
# span 14 =     5.7060,     7.9170      
# span 15 =     5.8433,     8.2638      
# span 16 =    31.7048,    34.0871      
# span 17 =    31.7036,    34.0559      
# span 18 =    25.2054,    27.2756      
# span 19 =    25.2044,    27.2544      
# span 20 =    7.50256,    8.32328      
# span 21 = 0.0000e+00, 0.0000e+00      
# interval = scans: 3                   
# start_time = Dec 01 2019 02:03:09 [System UTC, header]
# bad_flag = -9.990e-29
*END*
[from data line 5531]
      21391    161.522    -0.6854    -0.6891   2.690142   2.684488     2.4536     2.4014      8.026     0.0264     2.0824 1.0790e-01     0.0726    98.2025     7.4769     7.7612    32.8117    32.7398    26.3688    26.3108    8.31775 0.0000e+00
      21394    161.487    -0.6851    -0.6891   2.690106   2.684568     2.4548     2.4014      8.026     0.0264     2.1614 1.0790e-01     0.0726    98.2025     7.4809     7.7563    32.8110    32.7409    26.3682    26.3117    8.31774 0.0000e+00
      21397    161.458    -0.6857    -0.6896   2.689791   2.684635     2.4552     2.4014      8.026     0.0264     2.1614 1.0790e-01     0.0726    98.2025     7.4823     7.7529    32.8074    32.7423    26.3653    26.3128    8.31807 0.0000e+00
      21400    161.431    -0.6862    -0.6898   2.689588   2.684833     2.4548     2.4018      8.026     0.0264     2.1614 1.0790e-01     0.0726    98.2025     7.4810     7.7495    32.8052    32.7453    26.3636    26.3152    8.31830 0.0000e+00
      21403    161.406    -0.6867    -0.6905   2.689379   2.684979     2.4556     2.4014      8.026     0.0264     2.1614 1.0790e-01     0.0740    98.1677     7.4834     7.7450    32.8031    32.7480    26.3619    26.3174    8.31856 0.0000e+00
      21433    161.254    -0.6901    -0.6907   2.688632   2.684841     2.4589     2.4035      8.023     0.0264     2.0824 1.0790e-01     0.0747    98.1503     7.4894     7.7541    32.7967    32.7464    26.3569    26.3162    8.31967 0.0000e+00
      21450    161.158    -0.6925    -0.6895   2.687835   2.684577     2.4609     2.4051      8.021     0.0264     2.0429 1.0790e-01     0.0747    98.1503     7.4934     7.7605    32.7887    32.7416    26.3504    26.3122    8.32067 0.0000e+00
      21453    161.127    -0.6932    -0.6896   2.687667   2.684679     2.4613     2.4051      8.023     0.0264     2.0429 1.0790e-01     0.0747    98.1503     7.4951     7.7607    32.7873    32.7432    26.3493    26.3135    8.32092 0.0000e+00
      21456    161.092    -0.6936    -0.6897   2.687611   2.684581     2.4609     2.4051      8.026     0.0215     2.0429 1.0790e-01     0.0747    98.1503     7.4929     7.7614    32.7870    32.7420    26.3491    26.3126    8.32102 0.0000e+00
      21459    161.053    -0.6937    -0.6891   2.687558   2.684457     2.4601     2.4051      8.024     0.0264     2.0429 1.0790e-01     0.0747    98.1503     7.4874     7.7585    32.7863    32.7397    26.3486    26.3106    8.32108 0.0000e+00
      21462    161.006    -0.6938    -0.6896   2.687510   2.684750     2.4609     2.4051      8.024     0.0264     2.0429 1.0790e-01     0.0750    98.1416     7.4904     7.7584    32.7859    32.7442    26.3482    26.3143    8.32113 0.0000e+00
      21465    160.957    -0.6938    -0.6899   2.687577   2.685034     2.4613     2.4059      8.024     0.0215     2.0429 1.0790e-01     0.0768    98.0982     7.4927     7.7601    32.7867    32.7484    26.3489    26.3177    8.32107 0.0000e+00
      21468    160.902    -0.6939    -0.6901   2.687664   2.684923     2.4613     2.4059      8.024     0.0264     2.0429 1.0790e-01     0.0768    98.0982     7.4924     7.7607    32.7881    32.7471    26.3500    26.3167    8.32103 0.0000e+00
      21471    160.842    -0.6932    -0.6900   2.687916   2.685014     2.4622     2.4063      8.026     0.0264     2.0429 1.0790e-01     0.0768    98.0982     7.4965     7.7609    32.7907    32.7483    26.3521    26.3176    8.32071 0.0000e+00
      21474    160.779    -0.6925    -0.6899   2.688067   2.684923     2.4617     2.4063      8.023     0.0264     2.0429 1.0790e-01     0.0768    98.0982     7.4948     7.7611    32.7920    32.7470    26.3531    26.3166    8.32048 0.0000e+00
      21477    160.710    -0.6914    -0.6891   2.688487   2.684523     2.4630     2.4063      8.024     0.0264     2.0429 1.0790e-01     0.0768    98.0982     7.5015     7.7633    32.7965    32.7408    26.3567    26.3116    8.31997 0.0000e+00
      21480    160.636    -0.6902    -0.6885   2.688303   2.684155     2.4626     2.4063      8.024     0.0215     2.0429 1.0790e-01     0.0768    98.0982     7.5007     7.7625    32.7928    32.7352    26.3537    26.3070    8.31992 0.0000e+00
      21483    160.554    -0.6895    -0.6876   2.688175   2.683814     2.4626     2.4063      8.024     0.0215     2.0034 1.0790e-01     0.0754    98.1330     7.5015     7.7611    32.7903    32.7297    26.3517    26.3026    8.31989 0.0000e+00
      21486    160.466    -0.6891    -0.6871   2.688306   2.684031     2.4626     2.4067      8.024     0.0215     2.0429 1.0790e-01     0.0736    98.1764     7.5002     7.7631    32.7917    32.7321    26.3528    26.3045    8.31973 0.0000e+00
      21489    160.376    -0.6886    -0.6881   2.688587   2.685048     2.4630     2.4072      8.026     0.0264     2.0429 1.0790e-01     0.0733    98.1851     7.5034     7.7642    32.7950    32.7470    26.3554    26.3165    8.31943 0.0000e+00
      21492    160.279    -0.6882    -0.6886   2.688691   2.684835     2.4638     2.4076      8.024     0.0117     2.0429 1.0790e-01     0.0736    98.1764     7.5063     7.7671    32.7961    32.7447    26.3563    26.3147    8.31929 0.0000e+00
      21495    160.179    -0.6877    -0.6884   2.689076   2.684948     2.4642     2.4076      8.024     0.0117     2.0429 1.0790e-01     0.0736    98.1764     7.5085     7.7681    32.8007    32.7461    26.3600    26.3158    8.31890 0.0000e+00
      21498    160.071    -0.6868    -0.6881   2.689229   2.684334     2.4642     2.4076      8.024     0.0117     2.0429 1.0790e-01     0.0736    98.1764     7.5075     7.7694    32.8019    32.7376    26.3610    26.3089    8.31864 0.0000e+00
      21501    159.959    -0.6864    -0.6875   2.689115   2.684044     2.4642     2.4080      8.026     0.0117     2.0429 1.0790e-01     0.0736    98.1764     7.5087     7.7726    32.8000    32.7331    26.3593    26.3053    8.31865 0.0000e+00
      21504    159.843    -0.6862    -0.6875   2.688945   2.683983     2.4646     2.4076      8.026     0.0117     2.0429 1.0790e-01     0.0757    98.1243     7.5127     7.7734    32.7975    32.7323    26.3574    26.3046    8.31874 0.0000e+00
      21507    159.721    -0.6862    -0.6877   2.688910   2.684891     2.4650     2.4080      8.026     0.0117     2.0429 1.0790e-01     0.0764    98.1069     7.5169     7.7773    32.7971    32.7448    26.3570    26.3147    8.31877 0.0000e+00
      21510    159.592    -0.6863    -0.6886   2.688722   2.686206     2.4650     2.4088      8.026     0.0117     2.0429 1.0790e-01     0.0764    98.1069     7.5203     7.7832    32.7948    32.7635    26.3552    26.3299    8.31892 0.0000e+00
      21513    159.459    -0.6864    -0.6890   2.688806   2.686605     2.4666     2.4088      8.026     0.0117     2.0429 1.0790e-01     0.0768    98.0982     7.5280     7.7879    32.7961    32.7693    26.3562    26.3347    8.31887 0.0000e+00
      21516    159.320    -0.6863    -0.6895   2.688746   2.687025     2.4662     2.4088      8.026     0.0117     2.0429 1.0790e-01     0.0768    98.0982     7.5265     7.7938    32.7953    32.7756    26.3556    26.3397    8.31890 0.0000e+00
      21519    159.175    -0.6863    -0.6903   2.688657   2.686264     2.4662     2.4092      8.026     0.0117     2.0429 1.0790e-01     0.0768    98.0982     7.5316     7.8020    32.7942    32.7663    26.3547    26.3323    8.31896 0.0000e+00
      21522    159.029    -0.6863    -0.6909   2.688402   2.685731     2.4662     2.4088      8.026     0.0117     1.9640 1.0790e-01     0.0768    98.0982     7.5356     7.8072    32.7909    32.7600    26.3519    26.3271    8.31915 0.0000e+00
      21525    158.880    -0.6866    -0.6908   2.687708   2.685147     2.4675     2.4100      8.026     0.0117     1.9245 1.0790e-01     0.0740    98.1677     7.5478     7.8199    32.7819    32.7521    26.3447    26.3207    8.31972 0.0000e+00
      21528    158.728    -0.6867    -0.6886   2.686997   2.684017     2.4679     2.4104      8.026     0.0117     1.9245 1.0790e-01     0.0736    98.1764     7.5526     7.8276    32.7726    32.7346    26.3372    26.3065    8.32028 0.0000e+00
      21531    158.572    -0.6867    -0.6850   2.686374   2.682808     2.4691     2.4112      8.026     0.0117     1.9245 1.0790e-01     0.0740    98.1677     7.5612     7.8346    32.7643    32.7146    26.3305    26.2902    8.32076 0.0000e+00
      21534    158.414    -0.6866    -0.6791   2.686080   2.681883     2.4699     2.4116      8.026     0.0117     1.9245 1.0790e-01     0.0740    98.1677     7.5685     7.8409    32.7604    32.6959    26.3273    26.2749    8.32097 0.0000e+00
      21537    158.254    -0.6865    -0.6748   2.686045   2.681487     2.4695     2.4125      8.026     0.0068     1.9245 1.0790e-01     0.0736    98.1764     7.5718     7.8484    32.7598    32.6861    26.3268    26.2667    8.32096 0.0000e+00
      21540    158.091    -0.6858    -0.6729   2.685045   2.681398     2.4699     2.4125      8.026     0.0117     1.9245 1.0790e-01     0.0740    98.1677     7.5778     7.8517    32.7458    32.6829    26.3155    26.2641    8.32162 0.0000e+00
      21543    157.926    -0.6848    -0.6689   2.684755   2.681491     2.4719     2.4133      8.028     0.0215     1.9245 1.0790e-01     0.0740    98.1677     7.5876     7.8553    32.7409    32.6799    26.3115    26.2615    8.32167 0.0000e+00
      21546    157.761    -0.6836    -0.6543   2.684305   2.681951     2.4727     2.4137      8.029     0.0313     1.9245 1.0790e-01     0.0729    98.1938     7.5915     7.8556    32.7337    32.6705    26.3056    26.2533    8.32182 0.0000e+00
      21549    157.597    -0.6818    -0.6382   2.683965   2.682439     2.4744     2.4149      8.029     0.0215     1.9245 1.0790e-01     0.0733    98.1851     7.5990     7.8568    32.7273    32.6597    26.3004    26.2440    8.32178 0.0000e+00
      21552    157.436    -0.6804    -0.6275   2.683738   2.682770     2.4740     2.4153      8.031     0.0215     1.9245 1.0790e-01     0.0729    98.1938     7.5970     7.8573    32.7228    32.6527    26.2967    26.2379    8.32172 0.0000e+00
      21555    157.274    -0.6799    -0.6205   2.683379   2.683015     2.4748     2.4157      8.031     0.0264     1.9245 1.0790e-01     0.0729    98.1938     7.6015     7.8606    32.7175    32.6484    26.2923    26.2343    8.32190 0.0000e+00
      21558    157.113    -0.6792    -0.6171   2.683108   2.683124     2.4768     2.4161      8.031     0.0264     1.9245 1.0790e-01     0.0729    98.1938     7.6101     7.8658    32.7132    32.6464    26.2889    26.2325    8.32200 0.0000e+00
      21561    156.952    -0.6787    -0.6134   2.682848   2.683343     2.4772     2.4169      8.031     0.0215     1.9245 1.0790e-01     0.0733    98.1851     7.6122     7.8749    32.7093    32.6454    26.2857    26.2315    8.32211 0.0000e+00
      21564    156.796    -0.6773    -0.6100   2.682444   2.683465     2.4772     2.4173      8.031     0.0264     1.9245 1.0790e-01     0.0736    98.1764     7.6087     7.8810    32.7024    32.6435    26.2801    26.2299    8.32218 0.0000e+00
      21567    156.646    -0.6732    -0.6084   2.682383   2.683518     2.4785     2.4182      8.033     0.0215     1.9245 1.0815e-01     0.0740    98.1677     7.6138     7.8859    32.6973    32.6425    26.2757    26.2290    8.32156 0.0000e+00
      21570    156.496    -0.6694    -0.6075   2.682605   2.683538     2.4793     2.4186      8.031     0.0361     1.9245 1.0827e-01     0.0736    98.1764     7.6153     7.8889    32.6962    32.6419    26.2748    26.2285    8.32076 0.0000e+00
      21573    156.352    -0.6668    -0.6055   2.682627   2.683702     2.4805     2.4194      8.034     0.0410     1.9245 1.0827e-01     0.0736    98.1764     7.6210     7.8929    32.6938    32.6421    26.2727    26.2285    8.32031 0.0000e+00
      21576    156.214    -0.6622    -0.6031   2.682712   2.683851     2.4809     2.4206      8.034     0.0410     1.9245 1.0827e-01     0.0736    98.1764     7.6220     7.8978    32.6900    32.6415    26.2695    26.2280    8.31949 0.0000e+00
      21579    156.079    -0.6559    -0.5949   2.682817   2.684567     2.4821     2.4214      8.036     0.0410     1.9245 1.0827e-01     0.0736    98.1764     7.6260     7.8995    32.6847    32.6424    26.2649    26.2284    8.31838 0.0000e+00
      21582    155.952    -0.6535    -0.5815   2.682704   2.685412     2.4825     2.4226      8.036     0.0410     1.9245 1.0827e-01     0.0736    98.1764     7.6250     7.9001    32.6807    32.6394    26.2616    26.2254    8.31808 0.0000e+00
      21585    155.831    -0.6514    -0.5700   2.682772   2.685967     2.4833     2.4235      8.036     0.0410     1.9245 1.0827e-01     0.0736    98.1764     7.6278     7.8986    32.6794    32.6344    26.2605    26.2210    8.31768 0.0000e+00
      21588    155.714    -0.6483    -0.5653   2.682935   2.686052     2.4842     2.4239      8.036     0.0459     1.9245 1.0827e-01     0.0736    98.1764     7.6303     7.8965    32.6784    32.6306    26.2595    26.2177    8.31705 0.0000e+00
      21591    155.604    -0.6453    -0.5640   2.682914   2.686101     2.4866     2.4247      8.036     0.0313     1.9245 1.0827e-01     0.0736    98.1764     7.6373     7.8936    32.6749    32.6299    26.2566    26.2171    8.31657 0.0000e+00
      21594    155.499    -0.6429    -0.5627   2.682811   2.686153     2.4858     2.4247      8.036     0.0361     1.9245 1.0827e-01     0.0736    98.1764     7.6320     7.8874    32.6709    32.6293    26.2533    26.2165    8.31625 0.0000e+00
      21597    155.403    -0.6417    -0.5623   2.682981   2.686262     2.4874     2.4259      8.036     0.0166     1.9245 1.0827e-01     0.0736    98.1764     7.6371     7.8861    32.6720    32.6304    26.2541    26.2174    8.31592 0.0000e+00
      21600    155.315    -0.6484    -0.5558   2.684360   2.686806     2.4878     2.4259      8.036     0.0117     1.9245 1.0827e-01     0.0736    98.1764     7.6370     7.8771    32.6978    32.6307    26.2752    26.2174    8.31595 0.0000e+00
      21603    155.235    -0.6536    -0.5489   2.684683   2.687066     2.4895     2.4271      8.036     0.0117     1.9245 1.0827e-01     0.0736    98.1764     7.6435     7.8775    32.7078    32.6267    26.2835    26.2140    8.31656 0.0000e+00
      21606    155.162    -0.6592    -0.5456   2.685153   2.687135     2.4882     2.4271      8.036     0.0117     1.9245 1.0827e-01     0.0736    98.1764     7.6351     7.8724    32.7202    32.6243    26.2937    26.2118    8.31710 0.0000e+00
      21609    155.097    -0.6678    -0.5481   2.685373   2.686902     2.4903     2.4283      8.036     0.0117     1.9245 1.0827e-01     0.0736    98.1764     7.6401     7.8767    32.7325    32.6238    26.3040    26.2115    8.31833 0.0000e+00
      21612    155.038    -0.6741    -0.5463   2.685115   2.687164     2.4911     2.4283      8.036     0.0166     1.9245 1.0827e-01     0.0736    98.1764     7.6399     7.8759    32.7359    32.6254    26.3070    26.2128    8.31956 0.0000e+00
      21615    154.984    -0.6777    -0.5451   2.684899   2.687090     2.4915     2.4287      8.036     0.0117     1.9245 1.0827e-01     0.0736    98.1764     7.6409     7.8768    32.7369    32.6232    26.3080    26.2109    8.32031 0.0000e+00
      21618    154.935    -0.6784    -0.5486   2.684540   2.686941     2.4919     2.4292      8.036     0.0117     1.9245 1.0827e-01     0.0736    98.1764     7.6404     7.8781    32.7329    32.6250    26.3048    26.2125    8.32069 0.0000e+00
      21621    154.891    -0.6785    -0.5519   2.684676   2.686564     2.4931     2.4296      8.036     0.0117     1.9245 1.0827e-01     0.0736    98.1764     7.6431     7.8776    32.7348    32.6235    26.3063    26.2115    8.32060 0.0000e+00
      21624    154.855    -0.6790    -0.5586   2.684692   2.686180     2.4939     2.4304      8.036     0.0117     1.9245 1.0827e-01     0.0743    98.1590     7.6453     7.8787    32.7356    32.6256    26.3069    26.2134    8.32067 0.0000e+00
