Datasets/AZMP/COO001/79001093.cnv
* Sea-Bird SBE 9 Data File:
* FileName = C:\CTDDATA\79001093.hex
* Software Version Seasave V 7.26.7.110
* Temperature SN = 5660
* Conductivity SN = 3698
* Number of Bytes Per Scan = 30
* Number of Voltage Words = 4
* Number of Scans Averaged by the Deck Unit = 1
* NMEA baud rate = 9600
** VESSEL/TRIP/SEQ STN:  79001093
** LATITUDE XX XX.XX N:  48 55.00
** LONGITUDE XX XX.XX W:  52 24.00
** SOUNDING DEPTH (M):  0364
** PROBE TYPE: S1257
** CTD NUMBER: 059
** COMMENTS (14 CHAR): BB-04
** BOTTLES:  20
** LEVELS: 5,5,5,5,10,20,20,20,20,30,40,50,50,50,75,100,100,100,150,BTM
** STICKERS: 435285 - 435304
** VNET: Y
** DO2: N
# nquan = 22
# nvalues = 7671                        
# units = specified
# name 0 = scan: Scan Count
# name 1 = prDM: Pressure, Digiquartz [db]
# name 2 = t090C: Temperature [ITS-90, deg C]
# name 3 = t190C: Temperature, 2 [ITS-90, deg C]
# name 4 = c0S/m: Conductivity [S/m]
# name 5 = c1S/m: Conductivity, 2 [S/m]
# name 6 = sbeox0V: Oxygen raw, SBE 43 [V]
# name 7 = sbeox1V: Oxygen raw, SBE 43, 2 [V]
# name 8 = ph: pH
# name 9 = flECO-AFL: Fluorescence, WET Labs ECO-AFL/FL [mg/m^3]
# name 10 = wetCDOM: Fluorescence, WET Labs CDOM [mg/m^3]
# name 11 = par/sat/log: PAR/Logarithmic, Satlantic [umol photons/m^2/sec]
# name 12 = CStarAt0: Beam Attenuation, WET Labs C-Star [1/m]
# name 13 = CStarTr0: Beam Transmission, WET Labs C-Star [%]
# name 14 = sbeox0ML/L: Oxygen, SBE 43 [ml/l], WS = 2
# name 15 = sbeox1ML/L: Oxygen, SBE 43, 2 [ml/l], WS = 2
# name 16 = sal00: Salinity, Practical [PSU]
# name 17 = sal11: Salinity, Practical, 2 [PSU]
# name 18 = sigma-t00: Density [sigma-t, kg/m^3 ]
# name 19 = sigma-t11: Density, 2 [sigma-t, kg/m^3 ]
# name 20 = oxsatML/L: Oxygen Saturation, Weiss [ml/l]
# name 21 = flag: flag
# span 0 =         89,      77202       
# span 1 =      1.467,    346.413       
# span 2 =     0.0572,     2.1088       
# span 3 =     0.0408,     2.1073       
# span 4 =   2.752394,   2.953671       
# span 5 =   2.751989,   2.952984       
# span 6 =     2.3437,     2.7473       
# span 7 =     2.3148,     2.7131       
# span 8 =      8.091,      8.199       
# span 9 =    -0.0078,     0.8567       
# span 10 =    -0.9575,     2.1614      
# span 11 = 1.0765e-01, 9.8847e+01      
# span 12 =     0.0651,     0.2807      
# span 13 =    93.2232,    98.3849      
# span 14 =     6.7141,     7.8463      
# span 15 =     7.0208,     8.2412      
# span 16 =    32.1927,    33.9062      
# span 17 =    32.1962,    33.9026      
# span 18 =    25.7164,    27.1404      
# span 19 =    25.7192,    27.1379      
# span 20 =    7.75927,    8.14654      
# span 21 = 0.0000e+00, 0.0000e+00      
# interval = scans: 3                   
# start_time = Dec 02 2019 16:23:55 [System UTC, header]
# bad_flag = -9.990e-29
*END*
[from data line 2042]
      10577    184.299     0.6311     0.6298   2.837160   2.837320     2.4329     2.3982      8.113     0.0117     1.9245 1.0790e-01     0.0878    97.8288     7.0571     7.3884    33.3158    33.3193    26.7132    26.7161    8.00334 0.0000e+00
      10580    184.434     0.6304     0.6291   2.837147   2.837317     2.4320     2.3986      8.113     0.0117     1.9245 1.0790e-01     0.0874    97.8375     7.0562     7.3872    33.3163    33.3199    26.7137    26.7167    8.00346 0.0000e+00
      10583    184.564     0.6301     0.6290   2.837203   2.837375     2.4333     2.3982      8.111     0.0117     1.9245 1.0790e-01     0.0874    97.8375     7.0618     7.3828    33.3174    33.3207    26.7145    26.7173    8.00348 0.0000e+00
      10586    184.687     0.6300     0.6291   2.837214   2.837394     2.4320     2.3982      8.113     0.0166     1.8850 1.0790e-01     0.0874    97.8375     7.0582     7.3802    33.3175    33.3208    26.7147    26.7174    8.00349 0.0000e+00
      10589    184.804     0.6297     0.6293   2.837233   2.837438     2.4316     2.3982      8.111     0.0264     1.8060 1.0802e-01     0.0878    97.8288     7.0570     7.3777    33.3180    33.3211    26.7151    26.7176    8.00352 0.0000e+00
      10592    184.915     0.6298     0.6297   2.837231   2.837455     2.4320     2.3978      8.110     0.0313     1.8060 1.0790e-01     0.0903    97.7680     7.0580     7.3771    33.3178    33.3209    26.7149    26.7174    8.00351 0.0000e+00
      10595    185.021     0.6298     0.6300   2.837253   2.837522     2.4316     2.3978      8.113     0.0313     1.8060 1.0790e-01     0.0903    97.7680     7.0576     7.3789    33.3180    33.3213    26.7150    26.7177    8.00349 0.0000e+00
      10598    185.123     0.6300     0.6305   2.837311   2.837600     2.4320     2.3982      8.111     0.0264     1.8060 1.0790e-01     0.0903    97.7680     7.0594     7.3778    33.3185    33.3218    26.7155    26.7180    8.00343 0.0000e+00
      10601    185.217     0.6303     0.6306   2.837349   2.837637     2.4312     2.3970      8.111     0.0264     1.8060 1.0790e-01     0.0903    97.7680     7.0590     7.3733    33.3186    33.3221    26.7155    26.7183    8.00336 0.0000e+00
      10604    185.303     0.6307     0.6302   2.837368   2.837593     2.4316     2.3970      8.110     0.0264     1.8060 1.0790e-01     0.0906    97.7593     7.0603     7.3745    33.3183    33.3218    26.7153    26.7181    8.00328 0.0000e+00
      10607    185.377     0.6309     0.6293   2.837385   2.837505     2.4312     2.3970      8.110     0.0215     1.8060 1.0790e-01     0.0906    97.7593     7.0587     7.3779    33.3183    33.3216    26.7152    26.7180    8.00324 0.0000e+00
      10610    185.441     0.6311     0.6279   2.837278   2.837425     2.4316     2.3970      8.111     0.0313     1.8060 1.0790e-01     0.0903    97.7680     7.0618     7.3792    33.3167    33.3220    26.7140    26.7185    8.00330 0.0000e+00
      10613    185.495     0.6314     0.6270   2.837048   2.837385     2.4312     2.3970      8.113     0.0264     1.8850 1.0790e-01     0.0885    97.8114     7.0595     7.3824    33.3133    33.3224    26.7112    26.7188    8.00341 0.0000e+00
      10616    185.539     0.6318     0.6265   2.836783   2.837392     2.4312     2.3970      8.111     0.0313     1.9245 1.0790e-01     0.0885    97.8114     7.0606     7.3851    33.3095    33.3230    26.7081    26.7193    8.00354 0.0000e+00
      10619    185.574     0.6329     0.6267   2.836403   2.837377     2.4308     2.3970      8.110     0.0264     1.9245 1.0790e-01     0.0885    97.8114     7.0580     7.3880    33.3034    33.3226    26.7031    26.7190    8.00365 0.0000e+00
      10745    185.619     0.6337     0.6331   2.836621   2.837215     2.4288     2.3974      8.111     0.0166     1.6876 1.0790e-01     0.0889    97.8027     7.0562     7.3991    33.3052    33.3136    26.7046    26.7113    8.00336 0.0000e+00
      10748    185.699     0.6332     0.6333   2.836653   2.837205     2.4296     2.3982      8.111     0.0117     1.6876 1.0790e-01     0.0885    97.8114     7.0581     7.4014    33.3061    33.3132    26.7053    26.7110    8.00342 0.0000e+00
      10751    185.783     0.6329     0.6341   2.836687   2.837069     2.4292     2.3974      8.113     0.0117     1.6876 1.0790e-01     0.0892    97.7941     7.0562     7.3974    33.3069    33.3105    26.7060    26.7088    8.00345 0.0000e+00
      10754    185.875     0.6325     0.6351   2.836719   2.836955     2.4296     2.3978      8.113     0.0166     1.6876 1.0790e-01     0.0896    97.7854     7.0565     7.3978    33.3077    33.3080    26.7066    26.7067    8.00348 0.0000e+00
      10757    185.972     0.6324     0.6359   2.836736   2.836847     2.4300     2.3974      8.111     0.0117     1.6876 1.0790e-01     0.0896    97.7854     7.0563     7.3925    33.3080    33.3057    26.7068    26.7048    8.00350 0.0000e+00
      10760    186.070     0.6323     0.6364   2.836774   2.836809     2.4300     2.3974      8.110     0.0117     1.6876 1.0790e-01     0.0896    97.7854     7.0576     7.3883    33.3085    33.3045    26.7073    26.7038    8.00349 0.0000e+00
      10763    186.176     0.6322     0.6367   2.836765   2.836728     2.4292     2.3974      8.111     0.0117     1.6876 1.0790e-01     0.0896    97.7854     7.0568     7.3872    33.3084    33.3031    26.7072    26.7027    8.00351 0.0000e+00
      10766    186.276     0.6321     0.6367   2.836846   2.836711     2.4280     2.3982      8.110     0.0166     1.6481 1.0790e-01     0.0899    97.7767     7.0529     7.3897    33.3096    33.3028    26.7082    26.7024    8.00348 0.0000e+00
      10769    186.377     0.6318     0.6364   2.836856   2.836671     2.4288     2.3982      8.111     0.0117     1.6876 1.0790e-01     0.0896    97.7854     7.0555     7.3891    33.3100    33.3026    26.7085    26.7023    8.00352 0.0000e+00
      10772    186.484     0.6316     0.6363   2.836941   2.836710     2.4292     2.3978      8.110     0.0117     1.6876 1.0790e-01     0.0910    97.7506     7.0545     7.3868    33.3111    33.3031    26.7095    26.7027    8.00348 0.0000e+00
      10775    186.597     0.6311     0.6362   2.837374   2.836715     2.4284     2.3970      8.111     0.0117     1.6876 1.0790e-01     0.0921    97.7245     7.0515     7.3848    33.3173    33.3033    26.7144    26.7029    8.00326 0.0000e+00
      10778    186.708     0.6310     0.6364   2.837671   2.836776     2.4284     2.3970      8.110     0.0117     1.6876 1.0790e-01     0.0921    97.7245     7.0508     7.3846    33.3212    33.3037    26.7176    26.7032    8.00307 0.0000e+00
      10781    186.816     0.6309     0.6365   2.837787   2.836704     2.4288     2.3970      8.108     0.0215     1.6876 1.0790e-01     0.0928    97.7071     7.0520     7.3844    33.3227    33.3026    26.7188    26.7023    8.00301 0.0000e+00
      10784    186.931     0.6311     0.6362   2.837884   2.836660     2.4292     2.3970      8.111     0.0117     1.6876 1.0790e-01     0.0924    97.7158     7.0547     7.3812    33.3237    33.3024    26.7196    26.7021    8.00292 0.0000e+00
      10787    187.046     0.6314     0.6347   2.837920   2.836946     2.4296     2.3970      8.113     0.0166     1.6876 1.0790e-01     0.0921    97.7245     7.0569     7.3801    33.3238    33.3076    26.7197    26.7064    8.00285 0.0000e+00
      10790    187.160     0.6317     0.6321   2.837968   2.837207     2.4288     2.3966      8.108     0.0166     1.6876 1.0790e-01     0.0928    97.7071     7.0528     7.3799    33.3240    33.3137    26.7198    26.7114    8.00277 0.0000e+00
      10793    187.272     0.6319     0.6313   2.838005   2.837231     2.4292     2.3970      8.108     0.0117     1.6876 1.0790e-01     0.0921    97.7245     7.0502     7.3847    33.3242    33.3148    26.7200    26.7124    8.00272 0.0000e+00
      10796    187.388     0.6320     0.6311   2.838046   2.837220     2.4276     2.3970      8.111     0.0117     1.6876 1.0790e-01     0.0917    97.7332     7.0433     7.3872    33.3245    33.3148    26.7202    26.7125    8.00267 0.0000e+00
      10799    187.501     0.6321     0.6316   2.838046   2.837172     2.4288     2.3970      8.113     0.0117     1.6876 1.0790e-01     0.0917    97.7332     7.0475     7.3887    33.3244    33.3136    26.7200    26.7114    8.00266 0.0000e+00
      10802    187.609     0.6322     0.6312   2.838094   2.837469     2.4280     2.3970      8.110     0.0117     1.6876 1.0790e-01     0.0913    97.7419     7.0415     7.3891    33.3249    33.3178    26.7205    26.7148    8.00263 0.0000e+00
      10805    187.716     0.6321     0.6312   2.838105   2.837989     2.4280     2.3966      8.110     0.0117     1.6876 1.0790e-01     0.0917    97.7332     7.0411     7.3879    33.3250    33.3245    26.7206    26.7202    8.00263 0.0000e+00
      10808    187.822     0.6319     0.6312   2.838097   2.838167     2.4280     2.3958      8.110     0.0117     1.6876 1.0790e-01     0.0917    97.7332     7.0408     7.3828    33.3250    33.3268    26.7206    26.7221    8.00266 0.0000e+00
      10811    187.925     0.6318     0.6295   2.838116   2.838089     2.4276     2.3970      8.108     0.0117     1.6876 1.0790e-01     0.0917    97.7332     7.0423     7.3883    33.3254    33.3275    26.7209    26.7227    8.00267 0.0000e+00
      10814    188.030     0.6317     0.6265   2.838100   2.837983     2.4276     2.3962      8.111     0.0117     1.6876 1.0790e-01     0.0896    97.7854     7.0428     7.3870    33.3252    33.3293    26.7207    26.7244    8.00270 0.0000e+00
      10817    188.131     0.6315     0.6216   2.838113   2.837618     2.4263     2.3970      8.108     0.0117     1.6876 1.0790e-01     0.0896    97.7854     7.0380     7.3888    33.3255    33.3297    26.7210    26.7250    8.00273 0.0000e+00
      10820    188.231     0.6307     0.6165   2.837956   2.837626     2.4276     2.3962      8.108     0.0117     1.6876 1.0802e-01     0.0896    97.7854     7.0427     7.3861    33.3243    33.3353    26.7201    26.7297    8.00297 0.0000e+00
      10823    188.329     0.6276     0.6156   2.837656   2.837700     2.4272     2.3962      8.110     0.0117     1.8850 1.0790e-01     0.0892    97.7941     7.0400     7.3862    33.3237    33.3372    26.7198    26.7313    8.00365 0.0000e+00
      10826    188.424     0.6234     0.6161   2.837450   2.837824     2.4263     2.3970      8.108     0.0166     1.9245 1.0790e-01     0.0892    97.7941     7.0387     7.3893    33.3255    33.3382    26.7214    26.7321    8.00443 0.0000e+00
      10829    188.518     0.6206     0.6167   2.837625   2.837889     2.4276     2.3962      8.108     0.0117     1.9245 1.0790e-01     0.0896    97.7854     7.0431     7.3837    33.3308    33.3383    26.7259    26.7322    8.00475 0.0000e+00
      10832    188.612     0.6197     0.6168   2.837731   2.837979     2.4267     2.3958      8.110     0.0166     1.9245 1.0790e-01     0.0906    97.7593     7.0387     7.3772    33.3330    33.3393    26.7277    26.7330    8.00480 0.0000e+00
      10835    188.703     0.6191     0.6186   2.837765   2.838204     2.4276     2.3966      8.111     0.0117     1.9245 1.0790e-01     0.0928    97.7071     7.0420     7.3756    33.3341    33.3403    26.7286    26.7336    8.00488 0.0000e+00
      10838    188.791     0.6188     0.6197   2.837843   2.838280     2.4255     2.3962      8.108     0.0117     1.9245 1.0790e-01     0.0928    97.7071     7.0341     7.3729    33.3354    33.3400    26.7297    26.7334    8.00487 0.0000e+00
      10841    188.880     0.6188     0.6198   2.837864   2.838293     2.4259     2.3958      8.111     0.0117     1.9245 1.0790e-01     0.0928    97.7071     7.0358     7.3675    33.3356    33.3400    26.7299    26.7334    8.00486 0.0000e+00
      10844    188.965     0.6187     0.6205   2.837869   2.838354     2.4259     2.3958      8.108     0.0117     1.9245 1.0790e-01     0.0928    97.7071     7.0343     7.3647    33.3356    33.3400    26.7299    26.7333    8.00487 0.0000e+00
      10847    189.048     0.6188     0.6209   2.837920   2.838386     2.4255     2.3958      8.108     0.0117     1.9245 1.0790e-01     0.0931    97.6984     7.0336     7.3619    33.3362    33.3400    26.7303    26.7333    8.00483 0.0000e+00
      10850    189.133     0.6191     0.6215   2.838026   2.838498     2.4259     2.3954      8.108     0.0117     1.8060 1.0790e-01     0.0928    97.7071     7.0344     7.3576    33.3372    33.3407    26.7311    26.7338    8.00471 0.0000e+00
      10853    189.216     0.6199     0.6230   2.838121   2.838747     2.4251     2.3946      8.108     0.0117     1.8060 1.0790e-01     0.0942    97.6724     7.0301     7.3549    33.3375    33.3423    26.7313    26.7350    8.00452 0.0000e+00
      10856    189.298     0.6205     0.6267   2.838174   2.839181     2.4243     2.3946      8.110     0.0117     1.8060 1.0790e-01     0.0953    97.6463     7.0281     7.3528    33.3374    33.3439    26.7313    26.7361    8.00439 0.0000e+00
      10859    189.380     0.6213     0.6305   2.838275   2.839659     2.4251     2.3946      8.108     0.0117     1.8060 1.0790e-01     0.0942    97.6724     7.0324     7.3523    33.3379    33.3460    26.7316    26.7375    8.00421 0.0000e+00
      10862    189.458     0.6224     0.6336   2.838535   2.839930     2.4247     2.3946      8.108     0.0117     1.8060 1.0790e-01     0.0938    97.6811     7.0333     7.3553    33.3401    33.3460    26.7333    26.7374    8.00386 0.0000e+00
      10865    189.538     0.6243     0.6357   2.838829   2.840072     2.4251     2.3938      8.108     0.0117     1.8060 1.0790e-01     0.0945    97.6637     7.0340     7.3543    33.3418    33.3456    26.7346    26.7370    8.00337 0.0000e+00
      10868    189.614     0.6265     0.6369   2.839147   2.840188     2.4243     2.3938      8.110     0.0068     1.8060 1.0790e-01     0.0945    97.6637     7.0299     7.3570    33.3435    33.3457    26.7358    26.7370    8.00281 0.0000e+00
      10871    189.691     0.6290     0.6378   2.839432   2.840296     2.4243     2.3934      8.108     0.0117     1.8060 1.0790e-01     0.0945    97.6637     7.0306     7.3594    33.3444    33.3461    26.7363    26.7373    8.00222 0.0000e+00
      10874    189.769     0.6312     0.6381   2.839635   2.840323     2.4235     2.3934      8.108     0.0117     1.8060 1.0790e-01     0.0942    97.6724     7.0278     7.3645    33.3447    33.3461    26.7364    26.7372    8.00175 0.0000e+00
      10877    189.844     0.6331     0.6368   2.839737   2.840226     2.4239     2.3934      8.108     0.0117     1.8060 1.0790e-01     0.0942    97.6724     7.0318     7.3680    33.3439    33.3462    26.7357    26.7374    8.00140 0.0000e+00
      10880    189.921     0.6345     0.6356   2.839872   2.840200     2.4235     2.3934      8.108     0.0117     1.8060 1.0790e-01     0.0938    97.6811     7.0311     7.3706    33.3440    33.3471    26.7358    26.7382    8.00108 0.0000e+00
      10883    189.999     0.6360     0.6354   2.840007   2.840260     2.4239     2.3934      8.108     0.0117     1.8060 1.0790e-01     0.0938    97.6811     7.0319     7.3735    33.3441    33.3481    26.7358    26.7390    8.00076 0.0000e+00
      10886    190.077     0.6367     0.6350   2.839995   2.840219     2.4239     2.3934      8.108     0.0117     1.8060 1.0790e-01     0.0938    97.6811     7.0314     7.3770    33.3433    33.3479    26.7350    26.7389    8.00068 0.0000e+00
      10889    190.158     0.6365     0.6338   2.839968   2.840104     2.4231     2.3934      8.108     0.0117     1.8060 1.0790e-01     0.0942    97.6724     7.0295     7.3803    33.3431    33.3477    26.7349    26.7388    8.00073 0.0000e+00
