Datasets/AZMP/COO001/79001087.cnv
* Sea-Bird SBE 9 Data File:
* FileName = C:\CTDDATA\79001087.hex
* Software Version Seasave V 7.26.7.110
* Temperature SN = 5660
* Conductivity SN = 3698
* Number of Bytes Per Scan = 30
* Number of Voltage Words = 4
* Number of Scans Averaged by the Deck Unit = 1
* NMEA baud rate = 9600
** VESSEL/TRIP/SEQ STN:  79001087
** LATITUDE XX XX.XX N:  48 10.15 N
** LONGITUDE XX XX.XX W:  53 43.79 W
** SOUNDING DEPTH (M):  0175
** PROBE TYPE: S1257
** CTD NUMBER: 054
** COMMENTS (14 CHAR): SS-15
** BOTTLES:  0
** LEVELS:
** STICKERS:
** VNET: N
** DO2: N
# nquan = 22
# nvalues = 6616                        
# units = specified
# name 0 = scan: Scan Count
# name 1 = prDM: Pressure, Digiquartz [db]
# name 2 = t090C: Temperature [ITS-90, deg C]
# name 3 = t190C: Temperature, 2 [ITS-90, deg C]
# name 4 = c0S/m: Conductivity [S/m]
# name 5 = c1S/m: Conductivity, 2 [S/m]
# name 6 = sbeox0V: Oxygen raw, SBE 43 [V]
# name 7 = sbeox1V: Oxygen raw, SBE 43, 2 [V]
# name 8 = ph: pH
# name 9 = flECO-AFL: Fluorescence, WET Labs ECO-AFL/FL [mg/m^3]
# name 10 = wetCDOM: Fluorescence, WET Labs CDOM [mg/m^3]
# name 11 = par/sat/log: PAR/Logarithmic, Satlantic [umol photons/m^2/sec]
# name 12 = CStarAt0: Beam Attenuation, WET Labs C-Star [1/m]
# name 13 = CStarTr0: Beam Transmission, WET Labs C-Star [%]
# name 14 = sbeox0ML/L: Oxygen, SBE 43 [ml/l], WS = 2
# name 15 = sbeox1ML/L: Oxygen, SBE 43, 2 [ml/l], WS = 2
# name 16 = sal00: Salinity, Practical [PSU]
# name 17 = sal11: Salinity, Practical, 2 [PSU]
# name 18 = sigma-t00: Density [sigma-t, kg/m^3 ]
# name 19 = sigma-t11: Density, 2 [sigma-t, kg/m^3 ]
# name 20 = oxsatML/L: Oxygen Saturation, Weiss [ml/l]
# name 21 = flag: flag
# span 0 =        237,      22402       
# span 1 =      2.611,    162.428       
# span 2 =     0.2853,     3.4971       
# span 3 =     0.2842,     3.4945       
# span 4 =   2.760771,   2.934740       
# span 5 =   2.760918,   2.934893       
# span 6 =     2.4532,     2.7365       
# span 7 =     2.4218,     2.7047       
# span 8 =      8.058,      8.185       
# span 9 =     0.0215,     0.6955       
# span 10 =     1.7665,     4.5301      
# span 11 = 1.0752e-01, 1.1482e+00      
# span 12 =     0.0860,     0.2863      
# span 13 =    93.0929,    97.8723      
# span 14 =     6.8486,     7.6097      
# span 15 =     7.5421,     7.8985      
# span 16 =    30.9631,    32.7129      
# span 17 =    30.9655,    32.7150      
# span 18 =    24.6411,    26.2462      
# span 19 =    24.6431,    26.2479      
# span 20 =    7.52960,    8.10997      
# span 21 = 0.0000e+00, 0.0000e+00      
# interval = scans: 3                   
# start_time = Dec 02 2019 00:09:11 [System UTC, header]
# bad_flag = -9.990e-29
*END*
[from data line 2371]
       7664    112.877     2.4148     2.3882   2.887092   2.886367     2.6379     2.6057      8.144     0.0850     2.1614 1.0790e-01     0.0953    97.6463     7.3972     7.7605    32.1288    32.1468    25.6410    25.6574    7.70377 0.0000e+00
       7667    112.920     2.4016     2.3755   2.886026   2.885500     2.6379     2.6053      8.145     0.0899     2.1614 1.0790e-01     0.0953    97.6463     7.4002     7.7662    32.1290    32.1488    25.6421    25.6600    7.70635 0.0000e+00
       7670    112.965     2.3894     2.3733   2.885338   2.885632     2.6383     2.6053      8.145     0.0850     2.1614 1.0790e-01     0.0949    97.6550     7.4066     7.7728    32.1328    32.1527    25.6462    25.6632    7.70856 0.0000e+00
       7673    113.009     2.3791     2.3743   2.884866   2.885697     2.6375     2.6045      8.145     0.0850     2.1219 1.0790e-01     0.0953    97.6463     7.4053     7.7743    32.1374    32.1524    25.6506    25.6630    7.71034 0.0000e+00
       7676    113.055     2.3712     2.3736   2.884544   2.885553     2.6375     2.6045      8.145     0.0899     2.0429 1.0790e-01     0.0956    97.6376     7.4064     7.7798    32.1414    32.1513    25.6543    25.6621    7.71169 0.0000e+00
       7679    113.100     2.3622     2.3619   2.883761   2.884618     2.6367     2.6045      8.143     0.0850     2.0429 1.0790e-01     0.0956    97.6376     7.4074     7.7843    32.1408    32.1517    25.6546    25.6633    7.71349 0.0000e+00
       7682    113.146     2.3518     2.3470   2.883101   2.883481     2.6363     2.6049      8.145     0.0850     2.0429 1.0790e-01     0.0960    97.6289     7.4094     7.7912    32.1431    32.1526    25.6572    25.6652    7.71541 0.0000e+00
       7685    113.192     2.3431     2.3304   2.882610   2.882441     2.6363     2.6049      8.145     0.0850     2.0429 1.0790e-01     0.0956    97.6376     7.4121     7.7971    32.1458    32.1565    25.6600    25.6696    7.71698 0.0000e+00
       7688    113.236     2.3343     2.3180   2.881910   2.881660     2.6371     2.6045      8.145     0.0850     2.0429 1.0790e-01     0.0956    97.6376     7.4158     7.7999    32.1460    32.1594    25.6609    25.6729    7.71871 0.0000e+00
       7691    113.282     2.3265     2.3088   2.881602   2.881232     2.6363     2.6045      8.145     0.0801     2.0429 1.0790e-01     0.0956    97.6376     7.4143     7.8038    32.1501    32.1634    25.6648    25.6768    7.72003 0.0000e+00
       7694    113.327     2.3200     2.3041   2.881329   2.880973     2.6371     2.6049      8.142     0.0801     2.0429 1.0790e-01     0.0960    97.6289     7.4180     7.8071    32.1533    32.1649    25.6678    25.6783    7.72115 0.0000e+00
       7697    113.374     2.3146     2.3009   2.881085   2.880793     2.6363     2.6045      8.140     0.0899     2.0429 1.0790e-01     0.0956    97.6376     7.4164     7.8070    32.1557    32.1660    25.6702    25.6794    7.72209 0.0000e+00
       7700    113.418     2.3096     2.2982   2.880721   2.880594     2.6359     2.6049      8.140     0.0996     2.0429 1.0790e-01     0.0964    97.6202     7.4148     7.8082    32.1562    32.1662    25.6709    25.6798    7.72305 0.0000e+00
       7703    113.463     2.3056     2.2967   2.880552   2.880520     2.6363     2.6045      8.140     0.1045     2.0429 1.0790e-01     0.0971    97.6029     7.4177     7.8061    32.1582    32.1668    25.6728    25.6804    7.72374 0.0000e+00
       7706    113.507     2.3027     2.2957   2.880389   2.880458     2.6363     2.6053      8.140     0.0996     2.0429 1.0790e-01     0.0971    97.6029     7.4172     7.8084    32.1591    32.1670    25.6737    25.6806    7.72426 0.0000e+00
       7709    113.552     2.3002     2.2953   2.880319   2.880417     2.6355     2.6045      8.140     0.0996     2.0429 1.0790e-01     0.0971    97.6029     7.4133     7.8069    32.1608    32.1668    25.6753    25.6805    7.72467 0.0000e+00
       7712    113.599     2.2986     2.2952   2.880287   2.880383     2.6347     2.6045      8.140     0.0996     2.0429 1.0790e-01     0.0971    97.6029     7.4103     7.8067    32.1619    32.1665    25.6763    25.6803    7.72492 0.0000e+00
       7715    113.642     2.2975     2.2951   2.880236   2.880416     2.6351     2.6045      8.140     0.0996     2.0429 1.0790e-01     0.0971    97.6029     7.4124     7.8062    32.1624    32.1670    25.6768    25.6807    7.72511 0.0000e+00
       7718    113.688     2.2967     2.2952   2.880219   2.880405     2.6347     2.6045      8.140     0.1094     2.0429 1.0790e-01     0.0971    97.6029     7.4117     7.8060    32.1630    32.1667    25.6773    25.6804    7.72524 0.0000e+00
       7721    113.731     2.2965     2.2951   2.880227   2.880422     2.6342     2.6045      8.140     0.0996     2.0429 1.0790e-01     0.0981    97.5768     7.4113     7.8064    32.1632    32.1670    25.6775    25.6807    7.72527 0.0000e+00
       7724    113.777     2.2964     2.2949   2.880240   2.880390     2.6338     2.6045      8.140     0.0996     2.0429 1.0790e-01     0.0992    97.5507     7.4109     7.8060    32.1635    32.1668    25.6778    25.6805    7.72528 0.0000e+00
       7727    113.819     2.2964     2.2949   2.880246   2.880362     2.6351     2.6045      8.140     0.0996     2.0429 1.0790e-01     0.0992    97.5507     7.4166     7.8070    32.1635    32.1664    25.6778    25.6802    7.72528 0.0000e+00
       7730    113.862     2.2962     2.2947   2.880224   2.880382     2.6338     2.6045      8.140     0.0996     2.0429 1.0790e-01     0.0992    97.5507     7.4145     7.8071    32.1634    32.1669    25.6777    25.6806    7.72531 0.0000e+00
       7733    113.906     2.2962     2.2946   2.880251   2.880370     2.6338     2.6045      8.140     0.1045     2.0429 1.0790e-01     0.0992    97.5507     7.4175     7.8092    32.1637    32.1667    25.6779    25.6805    7.72529 0.0000e+00
       7736    113.950     2.2962     2.2946   2.880244   2.880397     2.6338     2.6045      8.140     0.0996     2.0429 1.0790e-01     0.0992    97.5507     7.4203     7.8100    32.1637    32.1671    25.6779    25.6807    7.72531 0.0000e+00
       7739    113.996     2.2961     2.2946   2.880242   2.880390     2.6338     2.6045      8.140     0.0996     2.0429 1.0790e-01     0.0992    97.5507     7.4202     7.8104    32.1637    32.1670    25.6779    25.6807    7.72532 0.0000e+00
       7742    114.041     2.2962     2.2948   2.880265   2.880394     2.6334     2.6045      8.140     0.0996     2.0429 1.0790e-01     0.1010    97.5073     7.4202     7.8110    32.1638    32.1668    25.6780    25.6806    7.72530 0.0000e+00
       7745    114.087     2.2960     2.2946   2.880258   2.880406     2.6338     2.6045      8.140     0.0996     2.0429 1.0790e-01     0.1013    97.4986     7.4229     7.8112    32.1639    32.1671    25.6781    25.6808    7.72533 0.0000e+00
       7748    114.129     2.2961     2.2946   2.880272   2.880394     2.6338     2.6045      8.140     0.1045     2.0429 1.0790e-01     0.1013    97.4986     7.4212     7.8110    32.1640    32.1669    25.6782    25.6807    7.72531 0.0000e+00
       7751    114.174     2.2961     2.2948   2.880257   2.880407     2.6334     2.6045      8.140     0.0996     2.0429 1.0790e-01     0.1013    97.4986     7.4192     7.8106    32.1638    32.1669    25.6780    25.6806    7.72532 0.0000e+00
       7754    114.219     2.2959     2.2950   2.880253   2.880441     2.6338     2.6045      8.140     0.1045     2.1614 1.0790e-01     0.1013    97.4986     7.4222     7.8095    32.1638    32.1671    25.6781    25.6808    7.72534 0.0000e+00
       7757    114.266     2.2960     2.2951   2.880248   2.880442     2.6342     2.6045      8.140     0.0996     2.1614 1.0790e-01     0.1013    97.4986     7.4232     7.8066    32.1637    32.1670    25.6780    25.6807    7.72534 0.0000e+00
       7760    114.310     2.2958     2.2951   2.880268   2.880447     2.6347     2.6049      8.140     0.0996     2.1614 1.0790e-01     0.1017    97.4899     7.4244     7.8072    32.1641    32.1670    25.6783    25.6807    7.72536 0.0000e+00
       7763    114.354     2.2960     2.2951   2.880266   2.880470     2.6326     2.6045      8.140     0.0996     2.1614 1.0790e-01     0.0999    97.5334     7.4173     7.8060    32.1639    32.1673    25.6781    25.6809    7.72533 0.0000e+00
       7766    114.400     2.2959     2.2951   2.880276   2.880441     2.6342     2.6049      8.140     0.0996     2.1614 1.0790e-01     0.0996    97.5420     7.4244     7.8074    32.1640    32.1670    25.6782    25.6806    7.72534 0.0000e+00
       7769    114.443     2.2959     2.2950   2.880266   2.880452     2.6334     2.6045      8.140     0.1045     2.1614 1.0790e-01     0.0999    97.5334     7.4198     7.8032    32.1639    32.1671    25.6781    25.6808    7.72534 0.0000e+00
       7772    114.488     2.2959     2.2950   2.880264   2.880467     2.6326     2.6045      8.140     0.0996     2.1614 1.0790e-01     0.0992    97.5507     7.4173     7.8005    32.1638    32.1673    25.6781    25.6809    7.72534 0.0000e+00
       7775    114.533     2.2958     2.2950   2.880275   2.880479     2.6330     2.6045      8.140     0.1045     2.1614 1.0790e-01     0.0999    97.5334     7.4168     7.7982    32.1641    32.1674    25.6783    25.6810    7.72536 0.0000e+00
       7778    114.577     2.2959     2.2952   2.880303   2.880471     2.6338     2.6041      8.140     0.0899     2.1614 1.0790e-01     0.0996    97.5420     7.4185     7.7949    32.1643    32.1671    25.6784    25.6807    7.72532 0.0000e+00
       7781    114.625     2.2958     2.2950   2.880324   2.880471     2.6330     2.6033      8.140     0.0850     2.1614 1.0790e-01     0.0999    97.5334     7.4162     7.7907    32.1646    32.1672    25.6787    25.6808    7.72533 0.0000e+00
       7784    114.670     2.2959     2.2950   2.880292   2.880488     2.6330     2.6045      8.140     0.0899     2.1614 1.0790e-01     0.1003    97.5247     7.4176     7.7947    32.1641    32.1675    25.6783    25.6810    7.72534 0.0000e+00
       7787    114.714     2.2957     2.2952   2.880285   2.880492     2.6338     2.6045      8.140     0.0850     2.1614 1.0790e-01     0.0999    97.5334     7.4197     7.7951    32.1642    32.1673    25.6784    25.6809    7.72537 0.0000e+00
       7790    114.759     2.2956     2.2953   2.880286   2.880511     2.6334     2.6041      8.138     0.0947     2.1614 1.0790e-01     0.1003    97.5247     7.4171     7.7935    32.1643    32.1674    25.6784    25.6809    7.72539 0.0000e+00
       7793    114.806     2.2956     2.2952   2.880308   2.880499     2.6326     2.6033      8.140     0.0899     2.1614 1.0790e-01     0.1003    97.5247     7.4144     7.7907    32.1645    32.1672    25.6786    25.6809    7.72537 0.0000e+00
       7796    114.850     2.2956     2.2953   2.880322   2.880509     2.6334     2.6033      8.140     0.0899     2.1614 1.0790e-01     0.1003    97.5247     7.4153     7.7911    32.1647    32.1674    25.6788    25.6809    7.72536 0.0000e+00
       7799    114.895     2.2957     2.2953   2.880311   2.880529     2.6318     2.6033      8.140     0.0850     2.1614 1.0790e-01     0.0999    97.5334     7.4079     7.7897    32.1644    32.1675    25.6786    25.6810    7.72537 0.0000e+00
       7802    114.942     2.2957     2.2955   2.880331   2.880551     2.6326     2.6033      8.140     0.0850     2.1614 1.0790e-01     0.0996    97.5420     7.4100     7.7888    32.1647    32.1676    25.6787    25.6811    7.72535 0.0000e+00
       7805    114.989     2.2958     2.2954   2.880339   2.880542     2.6330     2.6033      8.140     0.0801     2.1614 1.0790e-01     0.0992    97.5507     7.4102     7.7871    32.1647    32.1675    25.6787    25.6810    7.72534 0.0000e+00
       7808    115.032     2.2957     2.2950   2.880332   2.880514     2.6322     2.6033      8.140     0.0850     2.1614 1.0790e-01     0.0992    97.5507     7.4073     7.7852    32.1646    32.1676    25.6787    25.6811    7.72534 0.0000e+00
       7811    115.075     2.2953     2.2948   2.880291   2.880502     2.6318     2.6033      8.138     0.0899     2.1614 1.0790e-01     0.0992    97.5507     7.4060     7.7839    32.1645    32.1675    25.6787    25.6811    7.72544 0.0000e+00
       7814    115.119     2.2951     2.2945   2.880302   2.880483     2.6322     2.6029      8.138     0.0850     2.1614 1.0790e-01     0.0992    97.5507     7.4085     7.7821    32.1648    32.1676    25.6789    25.6812    7.72545 0.0000e+00
       7817    115.163     2.2952     2.2943   2.880331   2.880469     2.6314     2.6029      8.140     0.0850     2.1614 1.0802e-01     0.0992    97.5507     7.4050     7.7783    32.1650    32.1677    25.6791    25.6812    7.72542 0.0000e+00
       7820    115.209     2.2952     2.2941   2.880325   2.880464     2.6314     2.6025      8.140     0.0801     2.1614 1.0790e-01     0.0992    97.5507     7.4050     7.7739    32.1649    32.1678    25.6790    25.6813    7.72543 0.0000e+00
       7823    115.253     2.2952     2.2937   2.880328   2.880397     2.6314     2.6021      8.140     0.0850     2.1614 1.0790e-01     0.0985    97.5681     7.4047     7.7711    32.1650    32.1673    25.6790    25.6811    7.72543 0.0000e+00
       7826    115.298     2.2951     2.2916   2.880285   2.880211     2.6314     2.6021      8.140     0.0850     2.1614 1.0802e-01     0.0981    97.5768     7.4033     7.7678    32.1645    32.1671    25.6787    25.6811    7.72548 0.0000e+00
       7829    115.344     2.2947     2.2877   2.880246   2.879882     2.6306     2.6021      8.140     0.0947     2.1614 1.0790e-01     0.0981    97.5768     7.4021     7.7664    32.1644    32.1670    25.6786    25.6812    7.72556 0.0000e+00
       7832    115.389     2.2940     2.2836   2.880125   2.879641     2.6314     2.6017      8.140     0.1045     2.1614 1.0790e-01     0.0981    97.5768     7.4064     7.7648    32.1636    32.1681    25.6780    25.6825    7.72574 0.0000e+00
       7835    115.432     2.2920     2.2803   2.879839   2.879473     2.6310     2.6009      8.140     0.0996     2.1614 1.0790e-01     0.0981    97.5768     7.4060     7.7604    32.1620    32.1694    25.6769    25.6837    7.72621 0.0000e+00
       7838    115.476     2.2888     2.2778   2.879645   2.879319     2.6302     2.6009      8.140     0.0996     2.1614 1.0802e-01     0.0981    97.5768     7.4041     7.7598    32.1629    32.1700    25.6778    25.6843    7.72680 0.0000e+00
       7841    115.523     2.2862     2.2755   2.879486   2.879129     2.6302     2.6000      8.138     0.0996     2.1614 1.0790e-01     0.0981    97.5768     7.4058     7.7565    32.1635    32.1700    25.6786    25.6845    7.72728 0.0000e+00
       7844    115.569     2.2839     2.2716   2.879233   2.878929     2.6302     2.6005      8.140     0.0996     2.1614 1.0802e-01     0.1003    97.5247     7.4064     7.7608    32.1627    32.1714    25.6781    25.6859    7.72778 0.0000e+00
       7847    115.613     2.2802     2.2696   2.878971   2.878753     2.6298     2.6005      8.137     0.1045     2.1614 1.0802e-01     0.0992    97.5507     7.4056     7.7623    32.1632    32.1712    25.6788    25.6860    7.72849 0.0000e+00
       7850    115.659     2.2763     2.2660   2.878691   2.878522     2.6298     2.5992      8.140     0.0996     2.1614 1.0790e-01     0.0996    97.5420     7.4059     7.7604    32.1636    32.1719    25.6794    25.6868    7.72922 0.0000e+00
       7853    115.703     2.2722     2.2624   2.878446   2.878297     2.6302     2.5996      8.140     0.0996     2.1614 1.0802e-01     0.0996    97.5420     7.4083     7.7649    32.1648    32.1728    25.6806    25.6877    7.72998 0.0000e+00
       7856    115.747     2.2690     2.2599   2.878237   2.878144     2.6298     2.5992      8.138     0.0850     2.1614 1.0790e-01     0.0992    97.5507     7.4074     7.7679    32.1654    32.1734    25.6814    25.6885    7.73059 0.0000e+00
