Datasets/AZMP/COO001/79001127.cnv
* Sea-Bird SBE 9 Data File:
* FileName = C:\CTDDATA\79001127.hex
* Software Version Seasave V 7.26.7.110
* Temperature SN = 5660
* Conductivity SN = 3698
* Number of Bytes Per Scan = 30
* Number of Voltage Words = 4
* Number of Scans Averaged by the Deck Unit = 1
* NMEA baud rate = 9600
** VESSEL/TRIP/SEQ STN:  79001127
** LATITUDE XX XX.XX N:  47 34.80 N
** LONGITUDE XX XX.XX W:  52 21.00 W
** SOUNDING DEPTH (M):  0172
** PROBE TYPE: S1257
** CTD NUMBER: 087
** COMMENTS (14 CHAR): S27-02
** BOTTLES:  0
** LEVELS:
** STICKERS:
** VNET: N
** DO2: N
# nquan = 22
# nvalues = 4782                        
# units = specified
# name 0 = scan: Scan Count
# name 1 = prDM: Pressure, Digiquartz [db]
# name 2 = t090C: Temperature [ITS-90, deg C]
# name 3 = t190C: Temperature, 2 [ITS-90, deg C]
# name 4 = c0S/m: Conductivity [S/m]
# name 5 = c1S/m: Conductivity, 2 [S/m]
# name 6 = sbeox0V: Oxygen raw, SBE 43 [V]
# name 7 = sbeox1V: Oxygen raw, SBE 43, 2 [V]
# name 8 = ph: pH
# name 9 = flECO-AFL: Fluorescence, WET Labs ECO-AFL/FL [mg/m^3]
# name 10 = wetCDOM: Fluorescence, WET Labs CDOM [mg/m^3]
# name 11 = par/sat/log: PAR/Logarithmic, Satlantic [umol photons/m^2/sec]
# name 12 = CStarAt0: Beam Attenuation, WET Labs C-Star [1/m]
# name 13 = CStarTr0: Beam Transmission, WET Labs C-Star [%]
# name 14 = sbeox0ML/L: Oxygen, SBE 43 [ml/l], WS = 2
# name 15 = sbeox1ML/L: Oxygen, SBE 43, 2 [ml/l], WS = 2
# name 16 = sal00: Salinity, Practical [PSU]
# name 17 = sal11: Salinity, Practical, 2 [PSU]
# name 18 = sigma-t00: Density [sigma-t, kg/m^3 ]
# name 19 = sigma-t11: Density, 2 [sigma-t, kg/m^3 ]
# name 20 = oxsatML/L: Oxygen Saturation, Weiss [ml/l]
# name 21 = flag: flag
# span 0 =          8,      18270       
# span 1 =      0.796,    163.191       
# span 2 =    -0.8009,     2.8874       
# span 3 =    -0.8078,     2.9088       
# span 4 =   2.676217,   2.896417       
# span 5 =   2.676121,   2.898657       
# span 6 =     2.3932,     2.7661       
# span 7 =     2.3675,     2.7387       
# span 8 =      8.035,      8.165       
# span 9 =     0.0117,     0.9495       
# span 10 =    -0.1679,     2.1614      
# span 11 = 1.0690e-01, 2.4221e+00      
# span 12 =     0.0556,     0.8465      
# span 13 =    80.9272,    98.6196      
# span 14 =     6.5806,     7.7562      
# span 15 =     7.4409,     8.1627      
# span 16 =    31.8242,    33.0844      
# span 17 =    31.8259,    33.0842      
# span 18 =    25.3601,    26.5823      
# span 19 =    25.3609,    26.5826      
# span 20 =    7.62746,    8.34667      
# span 21 = 0.0000e+00, 0.0000e+00      
# interval = scans: 3                   
# start_time = Dec 10 2019 01:15:54 [System UTC, header]
# bad_flag = -9.990e-29
*END*
[from data line 593]
       2251     41.014     2.4434     2.4418   2.878553   2.878726     2.7424     2.7119      8.146     0.5392     1.9245 1.0790e-01     0.1110    97.2640     7.6980     8.0889    32.0336    32.0373    25.5626    25.5658    7.70308 0.0000e+00
       2254     41.127     2.4432     2.4415   2.878566   2.878731     2.7424     2.7119      8.147     0.5343     1.9245 1.0790e-01     0.1110    97.2640     7.6976     8.0873    32.0339    32.0376    25.5629    25.5660    7.70311 0.0000e+00
       2257     41.237     2.4429     2.4414   2.878595   2.878749     2.7416     2.7119      8.146     0.5343     1.9245 1.0790e-01     0.1110    97.2640     7.6949     8.0878    32.0345    32.0379    25.5634    25.5662    7.70314 0.0000e+00
       2260     41.349     2.4427     2.4412   2.878624   2.878757     2.7408     2.7110      8.149     0.5343     1.9245 1.0790e-01     0.1131    97.2118     7.6925     8.0838    32.0350    32.0381    25.5638    25.5664    7.70315 0.0000e+00
       2263     41.460     2.4426     2.4411   2.878643   2.878802     2.7416     2.7110      8.146     0.5392     1.9245 1.0790e-01     0.1131    97.2118     7.6964     8.0834    32.0353    32.0387    25.5640    25.5669    7.70316 0.0000e+00
       2266     41.571     2.4424     2.4402   2.878664   2.878854     2.7416     2.7110      8.147     0.5392     1.9245 1.0790e-01     0.1131    97.2118     7.6959     8.0854    32.0357    32.0402    25.5644    25.5682    7.70318 0.0000e+00
       2269     41.682     2.4419     2.4392   2.878707   2.878934     2.7412     2.7110      8.147     0.5343     1.9245 1.0790e-01     0.1131    97.2118     7.6943     8.0859    32.0366    32.0421    25.5652    25.5698    7.70322 0.0000e+00
       2272     41.792     2.4412     2.4383   2.878733   2.878958     2.7416     2.7115      8.149     0.5392     1.9245 1.0790e-01     0.1131    97.2118     7.6958     8.0886    32.0375    32.0432    25.5660    25.5708    7.70331 0.0000e+00
       2275     41.895     2.4404     2.4376   2.878808   2.879024     2.7420     2.7106      8.147     0.5295     1.8455 1.0790e-01     0.1131    97.2118     7.6988     8.0850    32.0392    32.0447    25.5674    25.5720    7.70338 0.0000e+00
       2278     41.997     2.4398     2.4369   2.878854   2.879105     2.7404     2.7110      8.144     0.5246     1.7665 1.0790e-01     0.1127    97.2205     7.6954     8.0884    32.0404    32.0464    25.5684    25.5733    7.70345 0.0000e+00
       2281     42.098     2.4389     2.4365   2.878953   2.879166     2.7412     2.7106      8.144     0.5295     1.8060 1.0790e-01     0.1110    97.2640     7.6999     8.0871    32.0424    32.0475    25.5700    25.5743    7.70351 0.0000e+00
       2284     42.196     2.4383     2.4358   2.879027   2.879171     2.7412     2.7106      8.146     0.5246     1.8060 1.0790e-01     0.1110    97.2640     7.6996     8.0868    32.0439    32.0482    25.5713    25.5749    7.70356 0.0000e+00
       2287     42.290     2.4377     2.4356   2.879052   2.879238     2.7412     2.7106      8.147     0.5148     1.8060 1.0790e-01     0.1110    97.2640     7.6985     8.0832    32.0448    32.0492    25.5720    25.5757    7.70363 0.0000e+00
       2290     42.381     2.4373     2.4350   2.878761   2.879333     2.7412     2.7106      8.147     0.5343     1.8060 1.0790e-01     0.1110    97.2640     7.7003     8.0810    32.0415    32.0509    25.5695    25.5771    7.70387 0.0000e+00
       2293     42.468     2.4369     2.4345   2.879132   2.879372     2.7416     2.7106      8.147     0.5246     1.8060 1.0790e-01     0.1110    97.2640     7.7013     8.0790    32.0465    32.0518    25.5735    25.5779    7.70370 0.0000e+00
       2296     42.551     2.4366     2.4339   2.879181   2.879424     2.7420     2.7106      8.146     0.5148     1.8060 1.0790e-01     0.1110    97.2640     7.7022     8.0798    32.0474    32.0530    25.5742    25.5789    7.70372 0.0000e+00
       2299     42.629     2.4364     2.4336   2.879152   2.879429     2.7416     2.7098      8.144     0.5246     1.8060 1.0790e-01     0.1103    97.2814     7.7033     8.0788    32.0471    32.0533    25.5740    25.5792    7.70377 0.0000e+00
       2302     42.703     2.4362     2.4334   2.879208   2.879417     2.7420     2.7106      8.146     0.5197     1.8850 1.0790e-01     0.1099    97.2900     7.7033     8.0824    32.0480    32.0534    25.5747    25.5792    7.70376 0.0000e+00
       2305     42.775     2.4358     2.4334   2.879263   2.879427     2.7412     2.7094      8.146     0.5099     1.9245 1.0790e-01     0.1095    97.2987     7.6988     8.0793    32.0490    32.0535    25.5755    25.5793    7.70378 0.0000e+00
       2308     42.844     2.4358     2.4332   2.879216   2.879461     2.7412     2.7094      8.146     0.5050     1.9245 1.0790e-01     0.1095    97.2987     7.6980     8.0799    32.0484    32.0540    25.5751    25.5798    7.70382 0.0000e+00
       2311     42.908     2.4370     2.4329   2.879217   2.879504     2.7412     2.7090      8.146     0.5050     1.9245 1.0790e-01     0.1095    97.2987     7.6971     8.0803    32.0471    32.0547    25.5740    25.5804    7.70364 0.0000e+00
       2314     42.967     2.4375     2.4328   2.879184   2.879503     2.7420     2.7086      8.144     0.5148     1.9245 1.0790e-01     0.1095    97.2987     7.6993     8.0812    32.0462    32.0549    25.5731    25.5805    7.70359 0.0000e+00
       2317     43.023     2.4391     2.4325   2.879182   2.879547     2.7412     2.7094      8.146     0.5148     1.9245 1.0790e-01     0.1099    97.2900     7.6975     8.0868    32.0445    32.0557    25.5717    25.5812    7.70336 0.0000e+00
       2320     43.076     2.4403     2.4324   2.879155   2.879597     2.7416     2.7094      8.147     0.5099     1.9245 1.0790e-01     0.1078    97.3422     7.6988     8.0915    32.0430    32.0564    25.5704    25.5817    7.70320 0.0000e+00
       2323     43.126     2.4429     2.4321   2.879084   2.879632     2.7424     2.7094      8.144     0.5051     1.9245 1.0790e-01     0.1067    97.3682     7.7016     8.0968    32.0395    32.0571    25.5674    25.5823    7.70288 0.0000e+00
       2326     43.171     2.4438     2.4318   2.878957   2.879653     2.7400     2.7094      8.144     0.5099     1.8850 1.0790e-01     0.1067    97.3682     7.6917     8.1022    32.0370    32.0576    25.5653    25.5827    7.70283 0.0000e+00
       2329     43.214     2.4459     2.4317   2.878787   2.879684     2.7416     2.7090      8.146     0.5148     1.8060 1.0790e-01     0.1067    97.3682     7.6965     8.1061    32.0328    32.0581    25.5618    25.5831    7.70265 0.0000e+00
       2332     43.253     2.4481     2.4315   2.878765   2.879704     2.7408     2.7094      8.146     0.5099     1.8060 1.0790e-01     0.1067    97.3682     7.6932     8.1101    32.0303    32.0585    25.5597    25.5835    7.70234 0.0000e+00
       2335     43.291     2.4500     2.4311   2.878760   2.879744     2.7412     2.7094      8.149     0.5099     1.8060 1.0790e-01     0.1067    97.3682     7.6929     8.1119    32.0282    32.0594    25.5579    25.5842    7.70207 0.0000e+00
       2338     43.329     2.4512     2.4307   2.878797   2.879772     2.7416     2.7094      8.146     0.5099     1.8060 1.0790e-01     0.1067    97.3682     7.6940     8.1122    32.0275    32.0601    25.5572    25.5848    7.70188 0.0000e+00
       2341     43.363     2.4522     2.4306   2.878783   2.879824     2.7420     2.7094      8.146     0.5002     1.8060 1.0790e-01     0.1067    97.3682     7.6946     8.1123    32.0263    32.0608    25.5561    25.5854    7.70173 0.0000e+00
       2344     43.396     2.4527     2.4301   2.878781   2.879849     2.7412     2.7102      8.144     0.5099     1.8060 1.0790e-01     0.1067    97.3682     7.6908     8.1166    32.0257    32.0616    25.5557    25.5860    7.70166 0.0000e+00
       2347     43.428     2.4529     2.4302   2.878807   2.879854     2.7408     2.7106      8.147     0.5099     1.8060 1.0790e-01     0.1074    97.3509     7.6911     8.1213    32.0258    32.0615    25.5557    25.5860    7.70162 0.0000e+00
       2350     43.460     2.4535     2.4306   2.878862   2.879827     2.7404     2.7106      8.144     0.5099     1.8060 1.0790e-01     0.1067    97.3682     7.6904     8.1236    32.0259    32.0608    25.5558    25.5854    7.70151 0.0000e+00
       2353     43.489     2.4556     2.4310   2.878983   2.879774     2.7404     2.7106      8.146     0.5050     1.8060 1.0777e-01     0.1071    97.3595     7.6885     8.1237    32.0253    32.0597    25.5551    25.5844    7.70113 0.0000e+00
       2356     43.521     2.4567     2.4309   2.879002   2.879796     2.7412     2.7106      8.144     0.5148     1.8060 1.0790e-01     0.1071    97.3595     7.6913     8.1198    32.0244    32.0601    25.5543    25.5848    7.70095 0.0000e+00
       2359     43.549     2.4570     2.4303   2.879050   2.879793     2.7400     2.7106      8.144     0.5099     1.8060 1.0790e-01     0.1088    97.3161     7.6877     8.1195    32.0247    32.0606    25.5545    25.5853    7.70088 0.0000e+00
       2362     43.572     2.4575     2.4312   2.879052   2.879734     2.7408     2.7110      8.146     0.5050     1.8060 1.0790e-01     0.1142    97.1858     7.6900     8.1201    32.0242    32.0590    25.5541    25.5839    7.70082 0.0000e+00
       2365     43.599     2.4576     2.4320   2.879068   2.879691     2.7400     2.7106      8.144     0.5050     1.8060 1.0790e-01     0.1142    97.1858     7.6889     8.1166    32.0243    32.0576    25.5541    25.5827    7.70079 0.0000e+00
       2368     43.625     2.4584     2.4321   2.879012   2.879740     2.7404     2.7115      8.146     0.5099     1.8060 1.0790e-01     0.1142    97.1858     7.6906     8.1178    32.0228    32.0582    25.5528    25.5831    7.70071 0.0000e+00
       2371     43.649     2.4588     2.4316   2.878962   2.879801     2.7408     2.7119      8.146     0.5099     1.8060 1.0790e-01     0.1142    97.1858     7.6914     8.1188    32.0217    32.0593    25.5520    25.5841    7.70068 0.0000e+00
       2374     43.671     2.4592     2.4307   2.878963   2.879811     2.7404     2.7119      8.146     0.5099     1.8060 1.0790e-01     0.1142    97.1858     7.6894     8.1187    32.0214    32.0604    25.5516    25.5850    7.70063 0.0000e+00
       2377     43.692     2.4589     2.4320   2.878993   2.879680     2.7404     2.7110      8.144     0.5050     1.8060 1.0790e-01     0.1142    97.1858     7.6891     8.1146    32.0220    32.0575    25.5522    25.5826    7.70065 0.0000e+00
       2382     43.726     2.4573     2.4360   2.879062   2.879534     2.7408     2.7119      8.146     0.5050     1.8060 1.0790e-01     0.1142    97.1858     7.6911     8.1148    32.0244    32.0516    25.5542    25.5776    7.70083 0.0000e+00
       2385     43.749     2.4563     2.4419   2.879145   2.879437     2.7400     2.7119      8.144     0.4953     1.8060 1.0790e-01     0.1142    97.1858     7.6877     8.1118    32.0264    32.0445    25.5559    25.5715    7.70093 0.0000e+00
       2388     43.772     2.4536     2.4429   2.879319   2.879372     2.7404     2.7119      8.144     0.4904     1.8060 1.0790e-01     0.1142    97.1858     7.6902     8.1101    32.0313    32.0427    25.5600    25.5700    7.70120 0.0000e+00
       2391     43.793     2.4488     2.4435   2.879395   2.879369     2.7396     2.7119      8.146     0.5002     1.8060 1.0790e-01     0.1142    97.1858     7.6878     8.1063    32.0370    32.0420    25.5649    25.5694    7.70185 0.0000e+00
       2394     43.815     2.4446     2.4457   2.879396   2.879313     2.7391     2.7119      8.144     0.4953     1.8060 1.0790e-01     0.1142    97.1858     7.6868     8.1055    32.0413    32.0391    25.5687    25.5669    7.70246 0.0000e+00
       2397     43.837     2.4416     2.4460   2.879410   2.879272     2.7400     2.7119      8.146     0.4855     1.8060 1.0790e-01     0.1142    97.1858     7.6915     8.1051    32.0444    32.0383    25.5714    25.5662    7.70288 0.0000e+00
       2400     43.860     2.4402     2.4462   2.879365   2.879244     2.7400     2.7119      8.146     0.4953     1.8060 1.0790e-01     0.1146    97.1771     7.6904     8.1023    32.0453    32.0377    25.5722    25.5657    7.70312 0.0000e+00
       2403     43.887     2.4401     2.4476   2.879286   2.879248     2.7400     2.7119      8.144     0.5002     1.8060 1.0790e-01     0.1142    97.1858     7.6912     8.0971    32.0444    32.0364    25.5715    25.5645    7.70318 0.0000e+00
       2406     43.915     2.4414     2.4488   2.879230   2.879170     2.7391     2.7119      8.144     0.4855     1.8850 1.0790e-01     0.1142    97.1858     7.6880     8.0921    32.0424    32.0342    25.5698    25.5627    7.70303 0.0000e+00
       2409     43.945     2.4430     2.4486   2.879209   2.879219     2.7400     2.7119      8.147     0.4855     1.9245 1.0790e-01     0.1142    97.1858     7.6902     8.0891    32.0404    32.0350    25.5681    25.5633    7.70281 0.0000e+00
       2412     43.977     2.4446     2.4487   2.879206   2.879225     2.7400     2.7119      8.146     0.5002     1.9245 1.0790e-01     0.1142    97.1858     7.6895     8.0855    32.0388    32.0349    25.5667    25.5633    7.70259 0.0000e+00
       2415     44.008     2.4453     2.4493   2.879178   2.879171     2.7400     2.7115      8.146     0.4904     1.9245 1.0790e-01     0.1142    97.1858     7.6885     8.0800    32.0377    32.0336    25.5658    25.5622    7.70250 0.0000e+00
       2418     44.044     2.4457     2.4497   2.879123   2.879163     2.7396     2.7119      8.146     0.4904     1.9245 1.0790e-01     0.1146    97.1771     7.6843     8.0773    32.0367    32.0331    25.5649    25.5617    7.70249 0.0000e+00
       2421     44.084     2.4452     2.4505   2.879272   2.879121     2.7396     2.7110      8.147     0.4953     1.9245 1.0790e-01     0.1160    97.1423     7.6821     8.0722    32.0390    32.0318    25.5669    25.5607    7.70246 0.0000e+00
       2424     44.127     2.4430     2.4510   2.879467   2.879121     2.7387     2.7106      8.144     0.4904     1.9245 1.0790e-01     0.1160    97.1423     7.6794     8.0684    32.0435    32.0313    25.5706    25.5602    7.70265 0.0000e+00
       2427     44.174     2.4416     2.4511   2.879434   2.879121     2.7395     2.7106      8.144     0.4904     1.9245 1.0790e-01     0.1160    97.1423     7.6802     8.0663    32.0445    32.0311    25.5715    25.5601    7.70288 0.0000e+00
       2430     44.224     2.4416     2.4527   2.879380   2.879116     2.7387     2.7106      8.144     0.4904     1.9245 1.0790e-01     0.1156    97.1510     7.6750     8.0651    32.0438    32.0295    25.5710    25.5586    7.70291 0.0000e+00
       2433     44.275     2.4403     2.4529   2.879592   2.879109     2.7387     2.7102      8.147     0.4855     1.7271 1.0790e-01     0.1163    97.1336     7.6728     8.0616    32.0477    32.0291    25.5742    25.5583    7.70297 0.0000e+00
       2436     44.331     2.4372     2.4534   2.879649   2.879134     2.7387     2.7094      8.146     0.4659     1.6876 1.0790e-01     0.1156    97.1510     7.6716     8.0582    32.0515    32.0289    25.5774    25.5581    7.70338 0.0000e+00
       2439     44.391     2.4325     2.4552   2.879752   2.879116     2.7375     2.7094      8.146     0.4855     1.6876 1.0790e-01     0.1160    97.1423     7.6681     8.0588    32.0574    32.0269    25.5825    25.5564    7.70399 0.0000e+00
       2442     44.456     2.4275     2.4567   2.879773   2.879120     2.7379     2.7090      8.146     0.4806     1.6876 1.0790e-01     0.1113    97.2553     7.6695     8.0571    32.0628    32.0253    25.5872    25.5550    7.70471 0.0000e+00
       2445     44.524     2.4236     2.4551   2.879775   2.879146     2.7375     2.7094      8.144     0.4806     1.6876 1.0790e-01     0.1110    97.2640     7.6697     8.0602    32.0666    32.0273    25.5906    25.5567    7.70526 0.0000e+00
