Datasets/AZMP/COO001/79001085.cnv
* Sea-Bird SBE 9 Data File:
* FileName = C:\CTDDATA\79001085.hex
* Software Version Seasave V 7.26.7.110
* Temperature SN = 5660
* Conductivity SN = 3698
* Number of Bytes Per Scan = 30
* Number of Voltage Words = 4
* Number of Scans Averaged by the Deck Unit = 1
* NMEA baud rate = 9600
** VESSEL/TRIP/SEQ STN:  79001085
** LATITUDE XX XX.XX N:  48 09.80 N
** LONGITUDE XX XX.XX W:  53 44.34 W
** SOUNDING DEPTH (M):  0171
** PROBE TYPE: S1257
** CTD NUMBER: 052
** COMMENTS (14 CHAR): SS-14
** BOTTLES:  0
** LEVELS:
** STICKERS:
** VNET: N
** DO2: N
# nquan = 22
# nvalues = 5885                        
# units = specified
# name 0 = scan: Scan Count
# name 1 = prDM: Pressure, Digiquartz [db]
# name 2 = t090C: Temperature [ITS-90, deg C]
# name 3 = t190C: Temperature, 2 [ITS-90, deg C]
# name 4 = c0S/m: Conductivity [S/m]
# name 5 = c1S/m: Conductivity, 2 [S/m]
# name 6 = sbeox0V: Oxygen raw, SBE 43 [V]
# name 7 = sbeox1V: Oxygen raw, SBE 43, 2 [V]
# name 8 = ph: pH
# name 9 = flECO-AFL: Fluorescence, WET Labs ECO-AFL/FL [mg/m^3]
# name 10 = wetCDOM: Fluorescence, WET Labs CDOM [mg/m^3]
# name 11 = par/sat/log: PAR/Logarithmic, Satlantic [umol photons/m^2/sec]
# name 12 = CStarAt0: Beam Attenuation, WET Labs C-Star [1/m]
# name 13 = CStarTr0: Beam Transmission, WET Labs C-Star [%]
# name 14 = sbeox0ML/L: Oxygen, SBE 43 [ml/l], WS = 2
# name 15 = sbeox1ML/L: Oxygen, SBE 43, 2 [ml/l], WS = 2
# name 16 = sal00: Salinity, Practical [PSU]
# name 17 = sal11: Salinity, Practical, 2 [PSU]
# name 18 = sigma-t00: Density [sigma-t, kg/m^3 ]
# name 19 = sigma-t11: Density, 2 [sigma-t, kg/m^3 ]
# name 20 = oxsatML/L: Oxygen Saturation, Weiss [ml/l]
# name 21 = flag: flag
# span 0 =        133,      19169       
# span 1 =      1.149,    164.561       
# span 2 =     0.2619,     3.5195       
# span 3 =     0.2607,     3.5247       
# span 4 =   2.760066,   2.934114       
# span 5 =   2.760234,   2.934286       
# span 6 =     2.4446,     2.7340       
# span 7 =     2.4153,     2.7026       
# span 8 =      1.999,      2.352       
# span 9 =     0.0215,     0.8029       
# span 10 =     0.7006,     3.5826      
# span 11 = 1.0569e-01, 1.4598e+00      
# span 12 =     0.0836,     0.2086      
# span 13 =    94.9177,    97.9331      
# span 14 =     6.6968,     7.6779      
# span 15 =     7.5236,     7.8879      
# span 16 =    31.1765,    32.7446      
# span 17 =    31.1784,    32.7476      
# span 18 =    24.7955,    26.2729      
# span 19 =    24.7968,    26.2754      
# span 20 =    7.52270,    8.11327      
# span 21 = 0.0000e+00, 0.0000e+00      
# interval = scans: 3                   
# start_time = Dec 01 2019 22:48:35 [System UTC, header]
# bad_flag = -9.990e-29
*END*
[from data line 5861]
      19100      2.101     3.4601     3.4597   2.890360   2.890440     2.5260     2.6879      2.074     0.6369     3.5826 9.0886e-01     0.2053    94.9959     6.6968     7.7924    31.1975    31.1988    24.8117    24.8128    7.55005 0.0000e+00
      19103      2.058     3.4599     3.4598   2.890435   2.890369 -9.990e-29 -9.990e-29      2.074     0.6369     3.5826 1.3175e+00     0.2057    94.9872 -9.990e-29 -9.990e-29    31.1986    31.1979    24.8126    24.8121    7.55003 0.0000e+00
      19106      2.019     3.4600     3.4596   2.890309   2.890336 -9.990e-29 -9.990e-29      2.074     0.6369     3.5826 3.6109e-01     0.2086    94.9177 -9.990e-29 -9.990e-29    31.1970    31.1978    24.8114    24.8120    7.55009 0.0000e+00
      19109      1.977     3.4600     3.4595   2.890296   2.890353 -9.990e-29 -9.990e-29      2.074     0.6320     3.5826 3.4572e-01     0.2086    94.9177 -9.990e-29 -9.990e-29    31.1969    31.1980    24.8113    24.8122    7.55009 0.0000e+00
      19112      1.935     3.4602     3.4596   2.890343   2.890408 -9.990e-29 -9.990e-29      2.074     0.6271     3.4642 5.0831e-01     0.2086    94.9177 -9.990e-29 -9.990e-29    31.1973    31.1986    24.8116    24.8127    7.55004 0.0000e+00
      19115      1.892     3.4602     3.4597   2.890472   2.890327 -9.990e-29 -9.990e-29      2.074     0.6271     3.4642 4.3495e-01     0.2086    94.9177 -9.990e-29 -9.990e-29    31.1988    31.1976    24.8128    24.8118    7.54996 0.0000e+00
      19118      1.851     3.4601     3.4595   2.890419   2.890231 -9.990e-29 -9.990e-29      2.074     0.6418     3.4642 5.0632e-01     0.2086    94.9177 -9.990e-29 -9.990e-29    31.1983    31.1967    24.8124    24.8111    7.55000 0.0000e+00
      19121      1.808     3.4600     3.4593   2.890248   2.890178 -9.990e-29 -9.990e-29      2.074     0.6320     3.4642 5.2728e-01     0.2086    94.9177 -9.990e-29 -9.990e-29    31.1964    31.1962    24.8109    24.8108    7.55012 0.0000e+00
      19124      1.766     3.4599     3.4593   2.890229   2.890273 -9.990e-29 -9.990e-29      2.074     0.6271     3.4642 7.6701e-01     0.2064    94.9699 -9.990e-29 -9.990e-29    31.1962    31.1973    24.8108    24.8117    7.55014 0.0000e+00
      19127      1.720     3.4599     3.4593   2.890147   2.890227 -9.990e-29 -9.990e-29      2.074     0.6418     3.4642 7.0234e-01     0.2014    95.0915 -9.990e-29 -9.990e-29    31.1954    31.1968    24.8101    24.8113    7.55019 0.0000e+00
      19130      1.678     3.4599     3.4591   2.890188   2.890153 -9.990e-29 -9.990e-29      2.074     0.6564     3.4642 6.6546e-01     0.2017    95.0828 -9.990e-29 -9.990e-29    31.1958    31.1962    24.8104    24.8108    7.55017 0.0000e+00
      19133      1.633     3.4599     3.4590   2.890247   2.890173 -9.990e-29 -9.990e-29      2.074     0.6418     3.4642 9.9841e-01     0.2014    95.0915 -9.990e-29 -9.990e-29    31.1965    31.1965    24.8110    24.8111    7.55012 0.0000e+00
      19136      1.589     3.4598     3.4589   2.890148   2.890165 -9.990e-29 -9.990e-29      2.074     0.6515     3.4642 8.1559e-01     0.2021    95.0741 -9.990e-29 -9.990e-29    31.1955    31.1966    24.8102    24.8112    7.55021 0.0000e+00
      19139      1.546     3.4599     3.4590   2.890093   2.890124 -9.990e-29 -9.990e-29      2.074     0.6564     3.4642 9.8728e-01     0.2021    95.0741 -9.990e-29 -9.990e-29    31.1948    31.1960    24.8096    24.8107    7.55022 0.0000e+00
      19142      1.502     3.4598     3.4589   2.890074   2.890121 -9.990e-29 -9.990e-29      2.074     0.6467     3.4642 1.2167e+00     0.2017    95.0828 -9.990e-29 -9.990e-29    31.1946    31.1961    24.8095    24.8108    7.55024 0.0000e+00
      19145      1.459     3.4597     3.4592   2.890230   2.890194 -9.990e-29 -9.990e-29      2.074     0.6467     3.4642 1.1966e+00     0.2021    95.0741 -9.990e-29 -9.990e-29    31.1966    31.1968    24.8111    24.8112    7.55016 0.0000e+00
      19148      1.418     3.4602     3.4595   2.890559   2.890440 -9.990e-29 -9.990e-29      2.074     0.6515     3.4642 1.2758e+00     0.2031    95.0481 -9.990e-29 -9.990e-29    31.2001    31.1994    24.8138    24.8133    7.54989 0.0000e+00
      19151      1.379     3.4605     3.4597   2.890733   2.890340 -9.990e-29 -9.990e-29      2.074     0.6467     3.4642 1.3216e+00     0.2024    95.0654 -9.990e-29 -9.990e-29    31.2019    31.1980    24.8152    24.8122    7.54974 0.0000e+00
      19154      1.337     3.4607     3.4593   2.890884   2.890191 -9.990e-29 -9.990e-29      2.074     0.6418     3.4642 1.3619e+00     0.2031    95.0481 -9.990e-29 -9.990e-29    31.2036    31.1966    24.8165    24.8111    7.54963 0.0000e+00
      19157      1.296     3.4608     3.4590   2.890604   2.890129 -9.990e-29 -9.990e-29      2.074     0.6369     3.4642 1.3761e+00     0.2021    95.0741 -9.990e-29 -9.990e-29    31.2001    31.1962    24.8137    24.8108    7.54977 0.0000e+00
      19160      1.258     3.4606     3.4589   2.890334   2.890067 -9.990e-29 -9.990e-29      2.074     0.6271     3.4642 1.3970e+00     0.2021    95.0741 -9.990e-29 -9.990e-29    31.1971    31.1956    24.8114    24.8103    7.54996 0.0000e+00
      19163      1.217     3.4605     3.4589   2.890142   2.890035 -9.990e-29 -9.990e-29      2.074     0.6271     3.3852 1.3937e+00     0.2028    95.0568 -9.990e-29 -9.990e-29    31.1950    31.1952    24.8097    24.8100    7.55010 0.0000e+00
      19166      1.178     3.4602     3.4590   2.890200   2.890069 -9.990e-29 -9.990e-29      2.074     0.6320     3.3457 1.4281e+00     0.2014    95.0915 -9.990e-29 -9.990e-29    31.1959    31.1956    24.8105    24.8103    7.55010 0.0000e+00
      19169      1.149     3.4611     3.4592   2.891723   2.890052 -9.990e-29 -9.990e-29      2.074     0.6344     3.3457 1.4598e+00     0.2016    95.0872 -9.990e-29 -9.990e-29    31.2133    31.1952    24.8242    24.8100    7.54907 0.0000e+00
