Datasets/AZMP/COO001/79001076.cnv
* Sea-Bird SBE 9 Data File:
* FileName = C:\CTDDATA\79001076.hex
* Software Version Seasave V 7.26.7.110
* Temperature SN = 5660
* Conductivity SN = 3698
* Number of Bytes Per Scan = 30
* Number of Voltage Words = 4
* Number of Scans Averaged by the Deck Unit = 1
* NMEA baud rate = 9600
** VESSEL/TRIP/SEQ STN:  79001076
** LATITUDE XX XX.XX N:  48 13.05 N
** LONGITUDE XX XX.XX W:  53 32.75 W
** SOUNDING DEPTH (M):  0242
** PROBE TYPE: S1257
** CTD NUMBER: 043
** COMMENTS (14 CHAR): SS-04
** BOTTLES:  0
** LEVELS:
** STICKERS:
** VNET: N
** DO2: N
# nquan = 22
# nvalues = 7092                        
# units = specified
# name 0 = scan: Scan Count
# name 1 = prDM: Pressure, Digiquartz [db]
# name 2 = t090C: Temperature [ITS-90, deg C]
# name 3 = t190C: Temperature, 2 [ITS-90, deg C]
# name 4 = c0S/m: Conductivity [S/m]
# name 5 = c1S/m: Conductivity, 2 [S/m]
# name 6 = sbeox0V: Oxygen raw, SBE 43 [V]
# name 7 = sbeox1V: Oxygen raw, SBE 43, 2 [V]
# name 8 = ph: pH
# name 9 = flECO-AFL: Fluorescence, WET Labs ECO-AFL/FL [mg/m^3]
# name 10 = wetCDOM: Fluorescence, WET Labs CDOM [mg/m^3]
# name 11 = par/sat/log: PAR/Logarithmic, Satlantic [umol photons/m^2/sec]
# name 12 = CStarAt0: Beam Attenuation, WET Labs C-Star [1/m]
# name 13 = CStarTr0: Beam Transmission, WET Labs C-Star [%]
# name 14 = sbeox0ML/L: Oxygen, SBE 43 [ml/l], WS = 2
# name 15 = sbeox1ML/L: Oxygen, SBE 43, 2 [ml/l], WS = 2
# name 16 = sal00: Salinity, Practical [PSU]
# name 17 = sal11: Salinity, Practical, 2 [PSU]
# name 18 = sigma-t00: Density [sigma-t, kg/m^3 ]
# name 19 = sigma-t11: Density, 2 [sigma-t, kg/m^3 ]
# name 20 = oxsatML/L: Oxygen Saturation, Weiss [ml/l]
# name 21 = flag: flag
# span 0 =        353,      23859       
# span 1 =      0.256,    237.064       
# span 2 =    -0.0088,     3.4972       
# span 3 =    -0.0107,     3.5005       
# span 4 =   2.739264,   2.932779       
# span 5 =   2.739327,   2.933708       
# span 6 =     2.1978,     2.7599       
# span 7 =     2.1684,     2.7163       
# span 8 =      7.971,      8.183       
# span 9 =     0.0068,     0.7150       
# span 10 =    -1.1549,     4.2932      
# span 11 = 1.0790e-01, 1.3934e+02      
# span 12 =     0.0786,     1.3533      
# span 13 =    71.3337,    98.0547      
# span 14 =     6.2492,     7.7195      
# span 15 =     6.5104,     7.9318      
# span 16 =    31.2233,    33.5727      
# span 17 =    31.1982,    33.5737      
# span 18 =    24.8342,    26.9196      
# span 19 =    24.8140,    26.9201      
# span 20 =    7.52180,    8.15928      
# span 21 = 0.0000e+00, 0.0000e+00      
# interval = scans: 3                   
# start_time = Dec 01 2019 13:23:55 [System UTC, header]
# bad_flag = -9.990e-29
*END*
[from data line 396]
       1541     22.597     3.4153     3.4148   2.929699   2.929954     2.7286     2.7086      8.164     0.4806     2.2798 2.2676e+00     0.1174    97.1075     7.4655     7.8837    31.6997    31.7032    25.2156    25.2184    7.53326 0.0000e+00
       1544     22.655     3.4145     3.4143   2.929485   2.929877     2.7298     2.7090      8.164     0.4953     2.2798 2.2520e+00     0.1174    97.1075     7.4682     7.8881    31.6979    31.7028    25.2143    25.2182    7.53351 0.0000e+00
       1547     22.713     3.4125     3.4137   2.929342   2.929846     2.7290     2.7086      8.164     0.4953     2.2403 2.2416e+00     0.1174    97.1075     7.4656     7.8877    31.6980    31.7029    25.2145    25.2183    7.53387 0.0000e+00
       1550     22.773     3.4117     3.4134   2.929353   2.929810     2.7298     2.7094      8.164     0.4855     2.0429 2.2287e+00     0.1174    97.1075     7.4698     7.8931    31.6989    31.7027    25.2153    25.2182    7.53397 0.0000e+00
       1553     22.833     3.4114     3.4126   2.929359   2.929740     2.7294     2.7094      8.164     0.4904     2.0429 2.2107e+00     0.1170    97.1162     7.4675     7.8932    31.6993    31.7027    25.2157    25.2182    7.53402 0.0000e+00
       1556     22.893     3.4109     3.4121   2.929335   2.929690     2.7290     2.7094      8.164     0.4953     2.0429 2.1979e+00     0.1174    97.1075     7.4663     7.8934    31.6995    31.7026    25.2158    25.2182    7.53409 0.0000e+00
       1559     22.952     3.4105     3.4105   2.929282   2.929548     2.7290     2.7094      8.164     0.4904     2.0429 2.1878e+00     0.1174    97.1075     7.4659     7.8936    31.6992    31.7024    25.2157    25.2181    7.53420 0.0000e+00
       1562     23.015     3.4101     3.4092   2.929261   2.929448     2.7294     2.7090      8.164     0.4953     2.0429 2.1677e+00     0.1174    97.1075     7.4667     7.8931    31.6993    31.7025    25.2157    25.2183    7.53425 0.0000e+00
       1565     23.077     3.4102     3.4086   2.929306   2.929448     2.7298     2.7094      8.164     0.4953     2.0429 2.1403e+00     0.1174    97.1075     7.4681     7.8972    31.6997    31.7030    25.2161    25.2188    7.53422 0.0000e+00
       1568     23.135     3.4101     3.4086   2.929305   2.929463     2.7298     2.7094      8.164     0.4855     2.0429 2.1329e+00     0.1170    97.1162     7.4703     7.8999    31.6997    31.7031    25.2161    25.2189    7.53423 0.0000e+00
       1571     23.190     3.4103     3.4082   2.929355   2.929402     2.7306     2.7094      8.164     0.4953     2.0429 2.1083e+00     0.1174    97.1075     7.4740     7.9009    31.7002    31.7027    25.2165    25.2187    7.53418 0.0000e+00
       1574     23.243     3.4104     3.4071   2.929339   2.929279     2.7310     2.7098      8.164     0.4904     2.0429 2.0987e+00     0.1174    97.1075     7.4760     7.9019    31.6998    31.7024    25.2162    25.2185    7.53417 0.0000e+00
       1577     23.295     3.4104     3.4065   2.929325   2.929272     2.7306     2.7098      8.164     0.4855     2.0429 2.0841e+00     0.1174    97.1075     7.4763     7.9027    31.6997    31.7028    25.2160    25.2189    7.53419 0.0000e+00
       1580     23.346     3.4101     3.4068   2.929296   2.929333     2.7314     2.7098      8.164     0.4855     2.0429 2.0721e+00     0.1174    97.1075     7.4790     7.9029    31.6995    31.7032    25.2159    25.2192    7.53424 0.0000e+00
       1583     23.398     3.4099     3.4067   2.929296   2.929278     2.7314     2.7106      8.164     0.4904     2.0429 2.0673e+00     0.1174    97.1075     7.4794     7.9055    31.6998    31.7027    25.2161    25.2187    7.53428 0.0000e+00
       1586     23.454     3.4099     3.4057   2.929284   2.929225     2.7314     2.7106      8.164     0.4953     2.0429 2.0435e+00     0.1174    97.1075     7.4803     7.9034    31.6996    31.7029    25.2159    25.2190    7.53428 0.0000e+00
       1589     23.510     3.4094     3.4053   2.929201   2.929156     2.7326     2.7110      8.164     0.4855     2.0429 2.0294e+00     0.1174    97.1075     7.4850     7.9026    31.6991    31.7026    25.2156    25.2188    7.53441 0.0000e+00
       1592     23.566     3.4087     3.4046   2.929141   2.929157     2.7326     2.7119      8.164     0.4904     2.0429 2.0177e+00     0.1185    97.0815     7.4842     7.9033    31.6990    31.7032    25.2156    25.2193    7.53454 0.0000e+00
       1595     23.621     3.4091     3.4044   2.929307   2.929107     2.7318     2.7106      8.164     0.4953     2.0429 2.0107e+00     0.1185    97.0815     7.4806     7.8959    31.7005    31.7028    25.2168    25.2190    7.53439 0.0000e+00
       1598     23.677     3.4094     3.4033   2.929240   2.929022     2.7326     2.7106      8.164     0.4806     2.0429 2.0014e+00     0.1185    97.0815     7.4836     7.8931    31.6994    31.7028    25.2159    25.2191    7.53438 0.0000e+00
       1601     23.732     3.4084     3.4015   2.929066   2.928906     2.7330     2.7110      8.164     0.4757     2.0429 1.9807e+00     0.1185    97.0815     7.4851     7.8900    31.6983    31.7031    25.2151    25.2195    7.53464 0.0000e+00
       1604     23.788     3.4073     3.4010   2.929031   2.928908     2.7330     2.7110      8.164     0.4659     2.0429 1.9739e+00     0.1185    97.0815     7.4855     7.8852    31.6989    31.7036    25.2157    25.2199    7.53481 0.0000e+00
       1607     23.846     3.4065     3.4005   2.928914   2.928875     2.7338     2.7106      8.164     0.4610     2.0429 1.9625e+00     0.1185    97.0815     7.4887     7.8787    31.6983    31.7036    25.2153    25.2201    7.53500 0.0000e+00
       1610     23.901     3.4047     3.3999   2.928773   2.928833     2.7351     2.7106      8.164     0.4610     2.0429 1.9512e+00     0.1185    97.0815     7.4924     7.8759    31.6983    31.7038    25.2154    25.2202    7.53532 0.0000e+00
       1613     23.958     3.4034     3.3990   2.928728   2.928742     2.7342     2.7106      8.164     0.4610     2.0429 1.9489e+00     0.1181    97.0902     7.4898     7.8736    31.6991    31.7035    25.2161    25.2201    7.53554 0.0000e+00
       1616     24.018     3.4021     3.3977   2.928657   2.928656     2.7338     2.7106      8.164     0.4708     2.0429 1.9444e+00     0.1181    97.0902     7.4896     7.8754    31.6994    31.7037    25.2165    25.2203    7.53576 0.0000e+00
       1619     24.077     3.4008     3.3966   2.928534   2.928595     2.7342     2.7106      8.164     0.4659     2.0429 1.9177e+00     0.1185    97.0815     7.4915     7.8767    31.6992    31.7040    25.2165    25.2207    7.53602 0.0000e+00
       1622     24.134     3.3996     3.3957   2.928501   2.928529     2.7351     2.7106      8.164     0.4659     2.0429 1.9022e+00     0.1178    97.0988     7.4927     7.8761    31.7000    31.7040    25.2172    25.2208    7.53621 0.0000e+00
       1625     24.192     3.3986     3.3945   2.928435   2.928463     2.7351     2.7094      8.164     0.4659     2.0429 1.8890e+00     0.1178    97.0988     7.4927     7.8721    31.7001    31.7044    25.2174    25.2212    7.53639 0.0000e+00
       1628     24.252     3.3977     3.3931   2.928388   2.928359     2.7359     2.7094      8.164     0.4659     2.1614 1.8695e+00     0.1174    97.1075     7.4959     7.8741    31.7004    31.7045    25.2178    25.2214    7.53655 0.0000e+00
       1631     24.310     3.3971     3.3920   2.928352   2.928305     2.7355     2.7094      8.164     0.4757     2.1614 1.8544e+00     0.1178    97.0988     7.4932     7.8782    31.7005    31.7049    25.2178    25.2218    7.53665 0.0000e+00
       1634     24.371     3.3966     3.3915   2.928326   2.928295     2.7355     2.7094      8.163     0.4806     2.1614 1.8374e+00     0.1163    97.1336     7.4925     7.8812    31.7007    31.7052    25.2180    25.2222    7.53674 0.0000e+00
       1637     24.431     3.3960     3.3912   2.928277   2.928273     2.7363     2.7094      8.164     0.4757     2.1614 1.8204e+00     0.1163    97.1336     7.4969     7.8847    31.7006    31.7053    25.2180    25.2222    7.53685 0.0000e+00
       1640     24.488     3.3953     3.3906   2.928247   2.928196     2.7367     2.7098      8.164     0.4806     2.1614 1.8099e+00     0.1163    97.1336     7.4981     7.8894    31.7009    31.7049    25.2183    25.2220    7.53697 0.0000e+00
       1643     24.549     3.3948     3.3896   2.928229   2.928159     2.7363     2.7094      8.164     0.4806     2.1614 1.8016e+00     0.1163    97.1336     7.4964     7.8925    31.7011    31.7054    25.2186    25.2224    7.53705 0.0000e+00
       1646     24.610     3.3940     3.3892   2.928158   2.928135     2.7363     2.7094      8.164     0.4708     2.1614 1.7933e+00     0.1163    97.1336     7.4953     7.8970    31.7010    31.7055    25.2186    25.2225    7.53720 0.0000e+00
       1649     24.672     3.3932     3.3889   2.928136   2.928117     2.7375     2.7094      8.164     0.4757     2.1614 1.7726e+00     0.1163    97.1336     7.5000     7.9002    31.7015    31.7056    25.2190    25.2226    7.53733 0.0000e+00
       1652     24.730     3.3928     3.3885   2.928081   2.928086     2.7379     2.7098      8.164     0.4806     2.1614 1.7685e+00     0.1163    97.1336     7.5023     7.9023    31.7013    31.7055    25.2189    25.2227    7.53743 0.0000e+00
       1655     24.791     3.3923     3.3884   2.928058   2.928101     2.7363     2.7102      8.164     0.4806     2.1614 1.7604e+00     0.1153    97.1597     7.4977     7.9039    31.7014    31.7058    25.2190    25.2228    7.53750 0.0000e+00
       1658     24.853     3.3916     3.3882   2.928036   2.928092     2.7371     2.7102      8.164     0.4757     2.1614 1.7402e+00     0.1153    97.1597     7.5000     7.9042    31.7018    31.7058    25.2194    25.2229    7.53762 0.0000e+00
       1661     24.916     3.3909     3.3879   2.927956   2.928080     2.7379     2.7106      8.164     0.4806     2.1614 1.7241e+00     0.1153    97.1597     7.5029     7.9057    31.7015    31.7059    25.2192    25.2230    7.53776 0.0000e+00
       1664     24.976     3.3905     3.3877   2.927962   2.928071     2.7383     2.7102      8.164     0.4757     2.1614 1.7202e+00     0.1153    97.1597     7.5056     7.9043    31.7020    31.7060    25.2196    25.2230    7.53783 0.0000e+00
       1667     25.034     3.3902     3.3877   2.927962   2.928076     2.7379     2.7106      8.164     0.4708     2.1614 1.7142e+00     0.1153    97.1597     7.5044     7.9077    31.7022    31.7060    25.2199    25.2231    7.53787 0.0000e+00
       1670     25.096     3.3898     3.3876   2.927947   2.928071     2.7383     2.7106      8.164     0.4757     2.1614 1.6965e+00     0.1149    97.1684     7.5056     7.9088    31.7024    31.7061    25.2200    25.2231    7.53793 0.0000e+00
       1673     25.153     3.3896     3.3873   2.927938   2.928032     2.7391     2.7106      8.164     0.4757     2.1614 1.6751e+00     0.1160    97.1423     7.5092     7.9091    31.7024    31.7058    25.2200    25.2230    7.53796 0.0000e+00
       1676     25.212     3.3893     3.3856   2.927939   2.927939     2.7391     2.7106      8.164     0.4659     2.1614 1.6596e+00     0.1163    97.1336     7.5100     7.9092    31.7027    31.7063    25.2203    25.2235    7.53801 0.0000e+00
       1679     25.272     3.3894     3.3850   2.927950   2.927884     2.7391     2.7106      8.164     0.4855     2.1614 1.6538e+00     0.1163    97.1336     7.5090     7.9099    31.7028    31.7063    25.2204    25.2235    7.53800 0.0000e+00
       1682     25.329     3.3894     3.3843   2.927947   2.927853     2.7396     2.7110      8.164     0.4953     2.1614 1.6405e+00     0.1163    97.1336     7.5074     7.9118    31.7027    31.7065    25.2203    25.2238    7.53800 0.0000e+00
       1685     25.387     3.3890     3.3843   2.927879   2.927877     2.7396     2.7106      8.164     0.4855     2.1614 1.6179e+00     0.1163    97.1336     7.5065     7.9100    31.7022    31.7068    25.2199    25.2240    7.53809 0.0000e+00
       1688     25.446     3.3881     3.3843   2.927794   2.927871     2.7404     2.7110      8.164     0.4855     2.1614 1.6235e+00     0.1163    97.1336     7.5077     7.9112    31.7021    31.7067    25.2199    25.2239    7.53827 0.0000e+00
       1691     25.501     3.3873     3.3840   2.927746   2.927841     2.7396     2.7119      8.164     0.4904     2.1614 1.6123e+00     0.1167    97.1249     7.5050     7.9137    31.7023    31.7066    25.2201    25.2239    7.53842 0.0000e+00
       1694     25.554     3.3865     3.3837   2.927741   2.927772     2.7408     2.7119      8.164     0.4855     2.1614 1.6012e+00     0.1181    97.0902     7.5089     7.9131    31.7029    31.7060    25.2207    25.2234    7.53853 0.0000e+00
       1697     25.611     3.3860     3.3837   2.927701   2.927790     2.7408     2.7119      8.164     0.4953     2.1614 1.5846e+00     0.1185    97.0815     7.5087     7.9119    31.7029    31.7062    25.2207    25.2236    7.53863 0.0000e+00
       1700     25.664     3.3855     3.3837   2.927696   2.927848     2.7404     2.7119      8.164     0.4953     2.1614 1.5791e+00     0.1185    97.0815     7.5084     7.9103    31.7033    31.7069    25.2212    25.2242    7.53870 0.0000e+00
       1703     25.717     3.3853     3.3838   2.927698   2.927840     2.7400     2.7119      8.164     0.4855     2.1614 1.5592e+00     0.1181    97.0902     7.5075     7.9071    31.7035    31.7067    25.2213    25.2240    7.53873 0.0000e+00
       1706     25.770     3.3851     3.3839   2.927683   2.927859     2.7400     2.7119      8.164     0.4855     2.1614 1.5430e+00     0.1185    97.0815     7.5073     7.9013    31.7035    31.7068    25.2213    25.2240    7.53877 0.0000e+00
       1709     25.820     3.3850     3.3838   2.927688   2.927854     2.7408     2.7119      8.164     0.4708     2.1614 1.5341e+00     0.1181    97.0902     7.5104     7.8968    31.7036    31.7068    25.2214    25.2241    7.53878 0.0000e+00
       1712     25.869     3.3847     3.3839   2.927677   2.927869     2.7400     2.7119      8.164     0.4757     2.1614 1.5235e+00     0.1181    97.0902     7.5086     7.8912    31.7037    31.7069    25.2215    25.2241    7.53882 0.0000e+00
       1715     25.918     3.3846     3.3839   2.927672   2.927874     2.7416     2.7119      8.164     0.4806     2.1614 1.5165e+00     0.1163    97.1336     7.5147     7.8892    31.7038    31.7069    25.2215    25.2241    7.53884 0.0000e+00
       1718     25.971     3.3844     3.3837   2.927657   2.927850     2.7420     2.7119      8.164     0.4806     2.1614 1.4904e+00     0.1174    97.1075     7.5160     7.8877    31.7037    31.7067    25.2215    25.2240    7.53888 0.0000e+00
       1721     26.018     3.3843     3.3836   2.927660   2.927838     2.7412     2.7119      8.164     0.4806     2.1614 1.4835e+00     0.1170    97.1162     7.5159     7.8865    31.7038    31.7067    25.2216    25.2240    7.53889 0.0000e+00
       1724     26.065     3.3844     3.3835   2.927652   2.927867     2.7420     2.7119      8.164     0.4806     2.1614 1.4784e+00     0.1170    97.1162     7.5190     7.8859    31.7036    31.7071    25.2215    25.2243    7.53889 0.0000e+00
       1727     26.112     3.3845     3.3835   2.927687   2.927855     2.7424     2.7110      8.164     0.4708     2.1614 1.4665e+00     0.1170    97.1162     7.5191     7.8825    31.7039    31.7069    25.2217    25.2242    7.53885 0.0000e+00
       1730     26.156     3.3845     3.3832   2.927699   2.927815     2.7420     2.7106      8.164     0.4757     2.1614 1.4631e+00     0.1170    97.1162     7.5151     7.8813    31.7040    31.7068    25.2218    25.2241    7.53884 0.0000e+00
