Datasets/AZMP/COO001/79001026.cnv
* Sea-Bird SBE 9 Data File:
* FileName = C:\CTDDATA\79001026.hex
* Software Version Seasave V 7.26.7.110
* Temperature SN = 5660
* Conductivity SN = 3698
* Number of Bytes Per Scan = 30
* Number of Voltage Words = 4
* Number of Scans Averaged by the Deck Unit = 1
* NMEA baud rate = 9600
** VESSEL/TRIP/SEQ STN:  79001026
** LATITUDE XX XX.XX N:  45 05.70 N
** LONGITUDE XX XX.XX W:  51 42.00 W
** SOUNDING DEPTH (M):  0074
** PROBE TYPE: S1257
** CTD NUMBER: 013
** COMMENTS (14 CHAR): SEGB-08
** BOTTLES:  17
** LEVELS: 5,5,5,5,10,20,20,20,20,30,40,50,50,50,BTM,BTM,BTM
** STICKERS: 434756 - 434772
** VNET: Y
** DO2: N
# nquan = 22
# nvalues = 1799                        
# units = specified
# name 0 = scan: Scan Count
# name 1 = prDM: Pressure, Digiquartz [db]
# name 2 = t090C: Temperature [ITS-90, deg C]
# name 3 = t190C: Temperature, 2 [ITS-90, deg C]
# name 4 = c0S/m: Conductivity [S/m]
# name 5 = c1S/m: Conductivity, 2 [S/m]
# name 6 = sbeox0V: Oxygen raw, SBE 43 [V]
# name 7 = sbeox1V: Oxygen raw, SBE 43, 2 [V]
# name 8 = ph: pH
# name 9 = flECO-AFL: Fluorescence, WET Labs ECO-AFL/FL [mg/m^3]
# name 10 = wetCDOM: Fluorescence, WET Labs CDOM [mg/m^3]
# name 11 = par/sat/log: PAR/Logarithmic, Satlantic [umol photons/m^2/sec]
# name 12 = CStarAt0: Beam Attenuation, WET Labs C-Star [1/m]
# name 13 = CStarTr0: Beam Transmission, WET Labs C-Star [%]
# name 14 = sbeox0ML/L: Oxygen, SBE 43 [ml/l], WS = 2
# name 15 = sbeox1ML/L: Oxygen, SBE 43, 2 [ml/l], WS = 2
# name 16 = sal00: Salinity, Practical [PSU]
# name 17 = sal11: Salinity, Practical, 2 [PSU]
# name 18 = sigma-t00: Density [sigma-t, kg/m^3 ]
# name 19 = sigma-t11: Density, 2 [sigma-t, kg/m^3 ]
# name 20 = oxsatML/L: Oxygen Saturation, Weiss [ml/l]
# name 21 = flag: flag
# span 0 =         58,      39780       
# span 1 =      0.407,     69.094       
# span 2 =    -0.0830,     6.9675       
# span 3 =    -0.0841,     6.9670       
# span 4 =   2.722524,   3.271697       
# span 5 =   0.717910,   3.273786       
# span 6 =     2.6291,     2.9889       
# span 7 =     2.4726,     2.7521       
# span 8 =      8.004,      8.188       
# span 9 =     0.1241,     0.8469       
# span 10 =    -2.5761,   482.1870      
# span 11 = 1.0581e-01, 1.0971e+00      
# span 12 =     0.1249,     0.2196      
# span 13 =    94.6570,    96.9251      
# span 14 =     5.8685,    10.4846      
# span 15 =     4.9367,     7.9533      
# span 16 =    27.4726,    34.0605      
# span 17 =     6.2046,    33.1401      
# span 18 =    21.5053,    27.2549      
# span 19 =     4.8084,    26.4304      
# span 20 =    6.89064,    8.19176      
# span 21 = 0.0000e+00, 0.0000e+00      
# interval = scans: 3                   
# start_time = Nov 24 2019 03:08:30 [System UTC, header]
# bad_flag = -9.990e-29
*END*
[from data line 1186]
      14964     42.488     1.0934     6.6915   2.788583   3.255557     2.9616     2.4918      8.010     0.1387     2.0429 1.0790e-01     0.1794    95.6129     8.7365     5.5987    32.2834    32.2771    25.8557    25.3148    7.96261 0.0000e+00
      14967     42.434     0.8355     6.5952   2.775145   3.244497     2.9612     2.4926      8.011     0.1436     2.0429 1.0790e-01     0.1762    95.6911     8.8049     5.6464    32.3798    32.2462    25.9484    25.3028    8.01128 0.0000e+00
      14970     42.384     0.6565     6.3313   2.766685   3.214985     2.9616     2.4943      8.011     0.1729     2.0429 1.0790e-01     0.1758    95.6998     8.8584     5.7249    32.4580    32.1692    26.0213    25.2754    8.04479 0.0000e+00
      14973     42.340     0.5957     6.0058   2.770616   3.184071     2.9616     2.4984      8.014     0.1729     2.0429 1.0790e-01     0.1758    95.6998     8.8813     5.8193    32.5729    32.1332    26.1171    25.2871    8.05138 0.0000e+00
      14976     42.301     0.5292     5.4967   2.760022   3.155882     2.9608     2.5032      8.014     0.1778     2.0429 1.0790e-01     0.1758    95.6998     8.9183     5.9374    32.5056    32.3026    26.0664    25.4812    8.06923 0.0000e+00
      14979     42.266     0.3492     5.4294   2.740757   3.156243     2.9600     2.5069      8.017     0.1729     2.0429 1.0790e-01     0.1758    95.6998     8.9881     5.9792    32.4447    32.3714    26.0268    25.5435    8.11107 0.0000e+00
      14982     42.236     0.2010     5.5279   2.733885   3.170713     2.9592     2.5118      8.018     0.1729     2.1219 1.0790e-01     0.1787    95.6303     9.0439     5.9898    32.5117    32.4405    26.0881    25.5867    8.13931 0.0000e+00
      14985     42.209     0.1225     5.7009   2.735911   3.173345     2.9596     2.5163      8.018     0.1729     2.1614 1.0790e-01     0.1937    95.2740     9.0838     5.9894    32.6217    32.3038    26.1806    25.4584    8.15018 0.0000e+00
      14989     42.181     0.1822     5.5554   2.751283   3.157980     2.9604     2.5219      8.018     0.1729     2.1614 1.0790e-01     0.1933    95.2827     9.0927     6.0378    32.7595    32.2698    26.2888    25.4486    8.12967 0.0000e+00
      14997     42.131     0.2437     5.3516   2.744239   3.144255     2.9678     2.5322      8.016     0.1778     2.1614 1.0790e-01     0.1937    95.2740     9.1618     6.1014    32.6019    32.3104    26.1587    25.5040    8.12513 0.0000e+00
      15037     41.929     1.4322     5.8442   2.854458   3.185775     2.9889     2.5753      8.008     0.2901     1.9245 1.0790e-01     0.2021    95.0741     8.7255     5.9311    32.7687    32.3066    26.2240    25.4436    7.86681 0.0000e+00
      15042     41.899     1.6537     5.9083   2.870652   3.198330     2.9877     2.5753      8.008     0.2804     1.9245 1.0790e-01     0.2021    95.0741     8.6259     5.8625    32.7424    32.3861    26.1878    25.4986    7.82328 0.0000e+00
      15046     41.866     1.8231     6.2906   2.873672   3.228008     2.9869     2.5753      8.007     0.2804     1.9245 1.0790e-01     0.2024    95.0654     8.5429     5.7527    32.6045    32.3525    26.0655    25.4252    7.79639 0.0000e+00
      15049     41.843     1.8417     6.3602   2.876862   3.240116     2.9860     2.5745      8.007     0.3048     1.9245 1.0790e-01     0.2021    95.0741     8.5014     5.7046    32.6252    32.4207    26.0808    25.4703    7.79158 0.0000e+00
      15052     41.817     1.9111     6.4723   2.878894   3.241603     2.9856     2.5729      8.007     0.3194     1.9245 1.0790e-01     0.2024    95.0654     8.4565     5.6604    32.5791    32.3307    26.0388    25.3852    7.78011 0.0000e+00
      15055     41.794     1.8756     6.5636   2.874340   3.251139     2.9840     2.5704      8.007     0.3097     1.9245 1.0790e-01     0.2024    95.0654     8.4332     5.6182    32.5588    32.3496    26.0252    25.3884    7.78828 0.0000e+00
      15058     41.768     1.9326     6.6146   2.892692   3.255568     2.9808     2.5667      8.007     0.3145     1.9245 1.0790e-01     0.2024    95.0654     8.3762     5.5844    32.7291    32.3501    26.1574    25.3823    7.76796 0.0000e+00
      15061     41.745     2.1362     6.6796   2.909964   3.259510     2.9759     2.5639      8.006     0.3048     2.0429 1.0790e-01     0.2021    95.0741     8.2969     5.5576    32.7340    32.3321    26.1463    25.3597    7.72728 0.0000e+00
      15064     41.723     2.2524     6.7358   2.918919   3.263435     2.9706     2.5602      8.007     0.3097     2.0429 1.0790e-01     0.2028    95.0568     8.2437     5.5355    32.7252    32.3222    26.1304    25.3446    7.70484 0.0000e+00
      15067     41.699     2.4255     6.8174   2.936931   3.267964     2.9653     2.5558      8.005     0.3145     2.0429 1.0790e-01     0.2024    95.0654     8.1804     5.5142    32.7695    32.2950    26.1524    25.3126    7.66864 0.0000e+00
      15070     41.674     2.6008     6.8586   2.951182   3.271079     2.9604     2.5521      8.006     0.3145     2.0429 1.0790e-01     0.2021    95.0741     8.1254     5.5076    32.7649    32.2904    26.1346    25.3035    7.63480 0.0000e+00
      15073     41.649     2.6976     6.9038   2.945669   3.272726     2.9572     2.5484      8.004     0.3634     2.0429 1.0790e-01     0.2021    95.0741     8.1084     5.5095    32.5986    32.2659    25.9939    25.2783    7.62460 0.0000e+00
      15076     41.625     2.7222     6.9263   2.938365   3.272913     2.9539     2.5460      8.008     0.4513     2.0429 1.0790e-01     0.2021    95.0741     8.1145     5.5272    32.4843    32.2469    25.9006    25.2604    7.62569 0.0000e+00
      15079     41.601     2.7204     6.9298   2.941687   3.273293     2.9511     2.5444      8.008     0.4513     2.0429 1.0790e-01     0.2024    95.0654     8.1326     5.5571    32.5268    32.2478    25.9346    25.2606    7.62387 0.0000e+00
      15082     41.573     2.7163     6.9364   2.934073   3.273786     2.9482     2.5431      8.008     0.4464     2.0429 1.0790e-01     0.2028    95.0568     8.1682     5.5948    32.4379    32.2470    25.8640    25.2591    7.62919 0.0000e+00
      15085     41.544     2.6646     6.9372   2.921920   3.273727     2.9470     2.5423      8.010     0.4513     2.0034 1.0790e-01     0.1896    95.3696     8.2257     5.6391    32.3418    32.2455    25.7914    25.2579    7.64411 0.0000e+00
      15088     41.512     2.5810     6.9302   2.919184   3.273678     2.9457     2.5419      8.012     0.4513     1.9245 1.0790e-01     0.1863    95.4478     8.2831     5.6918    32.3929    32.2516    25.8390    25.2636    7.65771 0.0000e+00
      15091     41.477     2.5545     6.9258   2.921377   3.273696     2.9441     2.5427      8.014     0.4513     1.9245 1.0790e-01     0.1867    95.4391     8.3228     5.7484    32.4467    32.2560    25.8841    25.2676    7.66011 0.0000e+00
      15094     41.438     2.5654     6.9151   2.916856   3.271578     2.9421     2.5444      8.014     0.4513     1.9245 1.0790e-01     0.1867    95.4391     8.3551     5.8096    32.3802    32.2429    25.8301    25.2587    7.66139 0.0000e+00
      15097     41.396     2.5236     6.8944   2.913682   3.269621     2.9417     2.5472      8.014     0.4464     1.9245 1.0790e-01     0.1863    95.4478     8.3977     5.8770    32.3837    32.2409    25.8362    25.2598    7.66936 0.0000e+00
      15100     41.348     2.4707     6.9096   2.895896   3.270921     2.9445     2.5525      8.014     0.5343     1.9245 1.0790e-01     0.1867    95.4391     8.4596     5.9452    32.2189    32.2409    25.7086    25.2579    7.68817 0.0000e+00
      15103     41.294     2.2894     6.9217   2.883322   3.272041     2.9490     2.5582      8.015     0.5685     1.9245 1.0790e-01     0.1853    95.4739     8.5427     6.0130    32.2476    32.2418    25.7456    25.2570    7.72229 0.0000e+00
      15106     41.235     2.1256     6.9214   2.873132   3.271523     2.9527     2.5647      8.015     0.5636     1.9245 1.0790e-01     0.1718    95.7954     8.6127     6.0828    32.2878    32.2365    25.7900    25.2528    7.75260 0.0000e+00
      15109     41.168     1.9084     6.9130   2.852246   3.270852     2.9563     2.5720      8.018     0.5685     1.9245 1.0790e-01     0.1715    95.8041     8.6948     6.1507    32.2495    32.2371    25.7750    25.2544    7.79796 0.0000e+00
      15112     41.093     1.7060     6.9125   2.848225   3.266829     2.9584     2.5802      8.020     0.5685     1.9245 1.0790e-01     0.1715    95.8041     8.7515     6.2130    32.4068    32.1936    25.9152    25.2202    7.83039 0.0000e+00
      15115     41.013     1.6176     6.6297   2.846183   3.231033     2.9604     2.5875      8.019     0.5685     1.9245 1.0790e-01     0.1715    95.8041     8.7776     6.3159    32.4721    32.0663    25.9736    25.1566    7.84484 0.0000e+00
      15118     40.925     1.4051     6.3871   2.815759   3.218146     2.9620     2.5969      8.023     0.5734     1.9245 1.0790e-01     0.1715    95.8041     8.8401     6.3962    32.3075    32.1522    25.8557    25.2552    7.89691 0.0000e+00
      15121     40.829     1.1989     6.2321   2.803899   3.210180     2.9649     2.6075      8.024     0.5636     1.9245 1.0790e-01     0.1715    95.8041     8.8832     6.4483    32.3704    32.2104    25.9192    25.3205    7.93601 0.0000e+00
      15124     40.726     1.0513     6.0767   2.801987   3.201505     2.9657     2.6176      8.024     0.5587     1.9245 1.0790e-01     0.1758    95.6998     8.8948     6.4828    32.4997    32.2614    26.0321    25.3798    7.95965 0.0000e+00
      15127     40.616     1.1073     6.0256   2.838633   3.201599     2.9673     2.6278      8.024     0.3292     1.9245 1.0790e-01     0.1860    95.4565     8.8363     6.4805    32.9094    32.3112    26.3578    25.4253    7.92599 0.0000e+00
      15130     40.497     1.2960     6.2240   2.847495   3.221048     2.9682     2.6372      8.023     0.3048     1.9245 1.0790e-01     0.1856    95.4652     8.7733     6.4111    32.8241    32.3392    26.2774    25.4230    7.89170 0.0000e+00
      15133     40.374     1.3101     6.2310   2.826185   3.208948     2.9686     2.6461      8.023     0.3194     1.9245 1.0790e-01     0.1856    95.4652     8.7684     6.3691    32.5384    32.1980    26.0471    25.3107    7.90406 0.0000e+00
      15136     40.244     1.2772     6.0105   2.831404   3.198835     2.9694     2.6526      8.028     0.3145     1.9245 1.0790e-01     0.1856    95.4652     8.7551     6.3417    32.6391    32.2949    26.1300    25.4143    7.90544 0.0000e+00
      15139     40.107     1.3675     6.0970   2.845584   3.205938     2.9690     2.6571      8.028     0.3048     1.9245 1.0790e-01     0.1856    95.4652     8.7067     6.2541    32.7250    32.2919    26.1932    25.4014    7.88234 0.0000e+00
      15142     39.964     1.4798     6.2004   2.857290   3.219079     2.9694     2.6596      8.028     0.3145     1.9245 1.0790e-01     0.1856    95.4652     8.6588     6.1554    32.7560    32.3400    26.2106    25.4266    7.85777 0.0000e+00
      15145     39.819     1.6594     6.3178   2.879803   3.221675     2.9698     2.6592      8.027     0.3048     1.9245 1.0790e-01     0.1838    95.5086     8.5923     6.0544    32.8526    32.2574    26.2758    25.3468    7.81627 0.0000e+00
      15148     39.670     1.8754     6.1484   2.900626   3.201241     2.9690     2.6575      8.029     0.3097     1.9245 1.0790e-01     0.1824    95.5434     8.5182     5.9973    32.8889    32.1909    26.2896    25.3153    7.77103 0.0000e+00
      15151     39.524     2.1993     5.9171   2.938363   3.190652     2.9677     2.6518      8.025     0.2901     1.9245 1.0790e-01     0.1824    95.5434     8.4135     5.9342    33.0223    32.2929    26.3722    25.4240    7.69992 0.0000e+00
      15154     39.388     2.5191     6.2030   2.954559   3.231982     2.9669     2.6445      8.028     0.2413     1.9245 1.0790e-01     0.1828    95.5347     8.3302     5.7967    32.8917    32.4813    26.2426    25.5377    7.64416 0.0000e+00
      15157     39.268     2.7814     6.6400   2.987510   3.259768     2.9661     2.6384      8.028     0.2364     1.9245 1.0790e-01     0.1824    95.5434     8.2476     5.6673    33.0251    32.3736    26.3274    25.3975    7.58683 0.0000e+00
      15160     39.161     3.1540     6.8403   3.012088   3.267751     2.9645     2.6327      8.028     0.2413     1.9245 1.0790e-01     0.1824    95.5434     8.1537     5.5854    32.9425    32.2723    26.2293    25.2917    7.52013 0.0000e+00
      15163     39.063     3.3979     6.8922   3.009202   3.268005     2.9637     2.6299      8.030     0.2364     1.8850 1.0790e-01     0.1828    95.5347     8.1047     5.5390    32.6602    32.2265    25.9823    25.2488    7.48847 0.0000e+00
      15166     38.965     3.5071     6.8802   3.023698   3.265926     2.9616     2.6258      8.031     0.2315     1.8060 1.0790e-01     0.1646    95.9692     8.0635     5.5068    32.7239    32.2150    26.0230    25.2413    7.46492 0.0000e+00
      15169     38.867     3.7648     6.8515   3.078520   3.263580     2.9600     2.6201      8.033     0.2315     1.8060 1.0790e-01     0.1613    96.0474     7.9755     5.4832    33.1170    32.2164    26.3114    25.2461    7.39801 0.0000e+00
      15172     38.765     4.3584     6.8616   3.121683   3.266563     2.9580     2.6123      8.034     0.2462     1.8060 1.0790e-01     0.1617    96.0387     7.8443     5.4606    33.0286    32.2395    26.1815    25.2630    7.29481 0.0000e+00
      15175     38.666     4.7040     6.8934   3.120803   3.269131     2.9563     2.6058      8.035     0.2413     1.8060 1.0790e-01     0.1617    96.0387     7.7776     5.4517    32.6743    32.2378    25.8640    25.2576    7.25038 0.0000e+00
      15178     38.578     4.8946     6.9246   3.131599   3.271404     2.9543     2.5985      8.039     0.2364     1.8060 1.0790e-01     0.1617    96.0387     7.7213     5.4521    32.6116    32.2334    25.7936    25.2500    7.21985 0.0000e+00
      15181     38.497     5.1574     6.9390   3.162949   3.271229     2.9523     2.5920      8.041     0.2413     1.8060 1.0790e-01     0.1617    96.0387     7.6346     5.4714    32.7143    32.2181    25.8458    25.2360    7.16920 0.0000e+00
      15184     38.424     5.3511     6.9207   3.161627   3.269428     2.9515     2.5851      8.043     0.2413     1.8060 1.0790e-01     0.1595    96.0908     7.5737     5.5103    32.5104    32.2156    25.6624    25.2365    7.14536 0.0000e+00
      15187     38.356     5.4235     6.8882   3.156553   3.266689     2.9494     2.5777      8.046     0.2364     1.8060 1.0790e-01     0.1461    96.4123     7.5304     5.5695    32.3826    32.2162    25.5530    25.2412    7.13891 0.0000e+00
      15190     38.293     5.4070     6.8864   3.140708   3.267730     2.9478     2.5729      8.051     0.2462     1.8060 1.0790e-01     0.1465    96.4037     7.5173     5.6455    32.2185    32.2293    25.4251    25.2517    7.14945 0.0000e+00
      15193     38.243     5.1550     6.8949   3.095972   3.267248     2.9449     2.5696      8.056     0.2413     1.8060 1.0790e-01     0.1461    96.4124     7.5614     5.7302    31.9505    32.2160    25.2412    25.2402    7.20581 0.0000e+00
      15196     38.205     4.7802     6.8915   3.079505   3.267017     2.9405     2.5688      8.058     0.2315     1.8060 1.0790e-01     0.1461    96.4124     7.6109     5.8182    32.1227    32.2167    25.4184    25.2412    7.26332 0.0000e+00
      15199     38.178     4.6532     6.8925   3.073054   3.267337     2.9352     2.5700      8.062     0.2413     1.8060 1.0790e-01     0.1458    96.4210     7.6259     5.8979    32.1711    32.2193    25.4702    25.2431    7.28353 0.0000e+00
      15925     38.132     6.6075     6.8534   3.242968   3.264894     2.9604     2.7288      8.151     0.6369     1.6481 1.0790e-01     0.1379    96.6122     7.5552     6.1830    32.2198    32.2292    25.2805    25.2561    6.94805 0.0000e+00
