Datasets/AZMP/COO001/79001098.cnv
* Sea-Bird SBE 9 Data File:
* FileName = C:\CTDDATA\79001098.hex
* Software Version Seasave V 7.26.7.110
* Temperature SN = 5660
* Conductivity SN = 3698
* Number of Bytes Per Scan = 30
* Number of Voltage Words = 4
* Number of Scans Averaged by the Deck Unit = 1
* NMEA baud rate = 9600
** VESSEL/TRIP/SEQ STN:  79001098
** LATITUDE XX XX.XX N:  49 22.00 N
** LONGITUDE XX XX.XX W:  51 01.00 W
** SOUNDING DEPTH (M):  0345
** PROBE TYPE: S1257
** CTD NUMBER: 064
** COMMENTS (14 CHAR): BB-09
** BOTTLES:  13
** LEVELS: 5,5,10,20,20,30,40,50,75,100,150,250,BTM
** STICKERS: 435371 - 435383
** VNET: Y
** DO2: N
# nquan = 22
# nvalues = 8562                        
# units = specified
# name 0 = scan: Scan Count
# name 1 = prDM: Pressure, Digiquartz [db]
# name 2 = t090C: Temperature [ITS-90, deg C]
# name 3 = t190C: Temperature, 2 [ITS-90, deg C]
# name 4 = c0S/m: Conductivity [S/m]
# name 5 = c1S/m: Conductivity, 2 [S/m]
# name 6 = sbeox0V: Oxygen raw, SBE 43 [V]
# name 7 = sbeox1V: Oxygen raw, SBE 43, 2 [V]
# name 8 = ph: pH
# name 9 = flECO-AFL: Fluorescence, WET Labs ECO-AFL/FL [mg/m^3]
# name 10 = wetCDOM: Fluorescence, WET Labs CDOM [mg/m^3]
# name 11 = par/sat/log: PAR/Logarithmic, Satlantic [umol photons/m^2/sec]
# name 12 = CStarAt0: Beam Attenuation, WET Labs C-Star [1/m]
# name 13 = CStarTr0: Beam Transmission, WET Labs C-Star [%]
# name 14 = sbeox0ML/L: Oxygen, SBE 43 [ml/l], WS = 2
# name 15 = sbeox1ML/L: Oxygen, SBE 43, 2 [ml/l], WS = 2
# name 16 = sal00: Salinity, Practical [PSU]
# name 17 = sal11: Salinity, Practical, 2 [PSU]
# name 18 = sigma-t00: Density [sigma-t, kg/m^3 ]
# name 19 = sigma-t11: Density, 2 [sigma-t, kg/m^3 ]
# name 20 = oxsatML/L: Oxygen Saturation, Weiss [ml/l]
# name 21 = flag: flag
# span 0 =          2,      67730       
# span 1 =      1.168,    334.415       
# span 2 =     0.4122,     3.3583       
# span 3 =     0.4002,     3.3612       
# span 4 =   2.837937,   3.180835       
# span 5 =   2.838179,   3.180944       
# span 6 =     2.3291,     2.7389       
# span 7 =     2.3054,     2.7045       
# span 8 =      8.097,      8.201       
# span 9 =    -0.0127,     1.0081       
# span 10 =    -0.4048,     2.0035      
# span 11 = 1.0703e-01, 6.0069e-01      
# span 12 =     0.0556,     1.9015      
# span 13 =    62.5744,    98.6196      
# span 14 =     6.2659,     7.6945      
# span 15 =     6.5906,     8.1804      
# span 16 =    33.1046,    34.6451      
# span 17 =    33.1099,    34.6248      
# span 18 =    26.4483,    27.5800      
# span 19 =    26.4525,    27.5535      
# span 20 =    7.39900,    8.03264      
# span 21 = 0.0000e+00, 0.0000e+00      
# interval = scans: 3                   
# start_time = Dec 03 2019 07:44:17 [System UTC, header]
# bad_flag = -9.990e-29
*END*
[from data line 725]
       3844     62.611     2.6416     2.6186   3.016734   3.015892     2.7119     2.6785      8.192     0.4171     1.5692 1.0790e-01     0.0913    97.7419     7.5070     7.9095    33.5159    33.5296    26.7313    26.7442    7.58864 0.0000e+00
       3847     62.659     2.6397     2.6161   3.016835   3.015678     2.7119     2.6789      8.192     0.4073     1.5692 1.0790e-01     0.0917    97.7332     7.5053     7.9121    33.5191    33.5296    26.7341    26.7444    7.58884 0.0000e+00
       3850     62.705     2.6382     2.6141   3.016647   3.015539     2.7131     2.6789      8.192     0.4073     1.5692 1.0790e-01     0.0917    97.7332     7.5099     7.9127    33.5183    33.5299    26.7335    26.7448    7.58916 0.0000e+00
       3853     62.748     2.6349     2.6123   3.016298   3.015451     2.7123     2.6789      8.192     0.4024     1.5692 1.0790e-01     0.0913    97.7419     7.5085     7.9130    33.5174    33.5307    26.7331    26.7456    7.58984 0.0000e+00
       3856     62.786     2.6324     2.6111   3.015524   3.015349     2.7127     2.6793      8.192     0.3976     1.5692 1.0790e-01     0.0906    97.7593     7.5084     7.9134    33.5105    33.5307    26.7279    26.7457    7.59067 0.0000e+00
       3859     62.821     2.6311     2.6111   3.015296   3.015240     2.7135     2.6793      8.192     0.4024     1.5297 1.0790e-01     0.0906    97.7593     7.5103     7.9112    33.5090    33.5293    26.7268    26.7446    7.59099 0.0000e+00
       3862     62.855     2.6276     2.6083   3.013678   3.015204     2.7131     2.6802      8.192     0.4024     1.5692 1.0790e-01     0.0906    97.7593     7.5103     7.9116    33.4928    33.5318    26.7140    26.7469    7.59249 0.0000e+00
       3865     62.886     2.6237     2.6089   3.012448   3.015235     2.7131     2.6802      8.192     0.4073     1.5692 1.0790e-01     0.0906    97.7593     7.5126     7.9078    33.4818    33.5316    26.7056    26.7466    7.59380 0.0000e+00
       3868     62.915     2.6156     2.6093   3.011704   3.015192     2.7123     2.6802      8.192     0.4024     1.5692 1.0790e-01     0.0906    97.7593     7.5127     7.9053    33.4811    33.5306    26.7057    26.7458    7.59539 0.0000e+00
       3871     62.942     2.6088     2.6096   3.011167   3.015151     2.7123     2.6802      8.192     0.3927     1.5692 1.0815e-01     0.0906    97.7593     7.5125     7.9030    33.4816    33.5297    26.7067    26.7451    7.59668 0.0000e+00
       3874     62.969     2.6019     2.6107   3.010149   3.015205     2.7131     2.6806      8.192     0.3829     1.5692 1.0802e-01     0.0892    97.7941     7.5164     7.9019    33.4763    33.5292    26.7030    26.7446    7.59827 0.0000e+00
       3877     62.993     2.5937     2.6135   3.009456   3.015306     2.7135     2.6802      8.192     0.3878     1.5692 1.0802e-01     0.0889    97.8027     7.5213     7.8972    33.4763    33.5275    26.7037    26.7430    7.59984 0.0000e+00
       3880     63.017     2.5896     2.6140   3.009377   3.015312     2.7123     2.6802      8.192     0.3927     1.5692 1.0790e-01     0.0889    97.8027     7.5173     7.8938    33.4797    33.5271    26.7068    26.7426    7.60048 0.0000e+00
       3883     63.042     2.5853     2.6140   3.009227   3.015300     2.7131     2.6802      8.192     0.3829     1.5692 1.0802e-01     0.0892    97.7941     7.5214     7.8937    33.4823    33.5269    26.7092    26.7425    7.60116 0.0000e+00
       3886     63.066     2.5817     2.6137   3.010046   3.015297     2.7131     2.6802      8.192     0.3829     1.5692 1.0790e-01     0.0892    97.7941     7.5242     7.8943    33.4961    33.5271    26.7205    26.7427    7.60114 0.0000e+00
       3889     63.093     2.5809     2.6137   3.010173   3.015292     2.7135     2.6802      8.192     0.3927     1.5692 1.0802e-01     0.0889    97.8027     7.5257     7.8970    33.4985    33.5271    26.7225    26.7427    7.60118 0.0000e+00
       3892     63.125     2.5810     2.6125   3.010085   3.015166     2.7131     2.6802      8.192     0.3829     1.5692 1.0790e-01     0.0896    97.7854     7.5254     7.8995    33.4973    33.5267    26.7216    26.7425    7.60122 0.0000e+00
       3895     63.158     2.5828     2.6047   3.009982   3.014548     2.7131     2.6802      8.192     0.3878     1.5692 1.0790e-01     0.0906    97.7593     7.5252     7.9029    33.4941    33.5273    26.7189    26.7436    7.60104 0.0000e+00
       3898     63.193     2.5843     2.6021   3.010382   3.014422     2.7135     2.6802      8.192     0.3976     1.5692 1.0790e-01     0.0906    97.7593     7.5262     7.9059    33.4974    33.5285    26.7214    26.7448    7.60058 0.0000e+00
       3901     63.233     2.5849     2.6013   3.010908   3.014210     2.7144     2.6802      8.192     0.3878     1.5692 1.0790e-01     0.0910    97.7506     7.5302     7.9102    33.5032    33.5267    26.7260    26.7434    7.60017 0.0000e+00
       3904     63.275     2.5908     2.6009   3.012861   3.014296     2.7131     2.6802      8.192     0.3927     1.5692 1.0790e-01     0.0906    97.7593     7.5250     7.9116    33.5210    33.5281    26.7397    26.7446    7.59812 0.0000e+00
       3907     63.319     2.5999     2.6052   3.014034   3.014707     2.7140     2.6814      8.192     0.3878     1.5692 1.0802e-01     0.0906    97.7593     7.5247     7.9172    33.5260    33.5287    26.7429    26.7446    7.59613 0.0000e+00
       3910     63.367     2.6065     2.6042   3.014804   3.014444     2.7144     2.6810      8.192     0.3878     1.5692 1.0802e-01     0.0906    97.7593     7.5244     7.9168    33.5285    33.5264    26.7444    26.7429    7.59473 0.0000e+00
       3913     63.423     2.6117     2.6064   3.015265   3.014691     2.7135     2.6814      8.192     0.3927     1.5692 1.0790e-01     0.0906    97.7593     7.5208     7.9163    33.5287    33.5272    26.7441    26.7433    7.59372 0.0000e+00
       3916     63.485     2.6152     2.6068   3.015228   3.014673     2.7144     2.6814      8.192     0.3878     1.5692 1.0790e-01     0.0903    97.7680     7.5231     7.9139    33.5245    33.5265    26.7404    26.7427    7.59326 0.0000e+00
       3919     63.549     2.6169     2.6071   3.015069   3.014629     2.7148     2.6814      8.192     0.3927     1.5692 1.0790e-01     0.0903    97.7680     7.5239     7.9113    33.5207    33.5256    26.7372    26.7420    7.59312 0.0000e+00
       3922     63.614     2.6167     2.6028   3.014928   3.014184     2.7144     2.6818      8.192     0.3927     1.5692 1.0802e-01     0.0899    97.7767     7.5208     7.9105    33.5192    33.5246    26.7361    26.7416    7.59325 0.0000e+00
       3925     63.685     2.6137     2.6013   3.014337   3.014155     2.7152     2.6822      8.192     0.3829     1.5692 1.0790e-01     0.0906    97.7593     7.5229     7.9086    33.5151    33.5258    26.7330    26.7426    7.59404 0.0000e+00
       3928     63.760     2.6071     2.6024   3.013638   3.014361     2.7148     2.6818      8.192     0.3878     1.5692 1.0815e-01     0.0903    97.7680     7.5236     7.9029    33.5133    33.5271    26.7321    26.7436    7.59539 0.0000e+00
       3931     63.834     2.6014     2.6018   3.013334   3.014182     2.7148     2.6826      8.192     0.3927     1.5692 1.0815e-01     0.0906    97.7593     7.5233     7.9024    33.5155    33.5255    26.7344    26.7424    7.59637 0.0000e+00
       3934     63.910     2.5971     2.6008   3.013224   3.014120     2.7148     2.6818      8.192     0.3780     1.5692 1.0790e-01     0.0899    97.7767     7.5249     7.8950    33.5186    33.5258    26.7373    26.7427    7.59704 0.0000e+00
       3937     63.988     2.5946     2.6002   3.013075   3.014058     2.7156     2.6814      8.192     0.3927     1.5692 1.0790e-01     0.0896    97.7854     7.5256     7.8892    33.5194    33.5256    26.7381    26.7425    7.59749 0.0000e+00
       3940     64.069     2.5926     2.5975   3.013003   3.013706     2.7144     2.6814      8.192     0.3927     1.5692 1.0790e-01     0.0896    97.7854     7.5194     7.8863    33.5205    33.5240    26.7391    26.7415    7.59780 0.0000e+00
       3943     64.149     2.5910     2.5927   3.012952   3.013430     2.7160     2.6814      8.192     0.3829     1.5692 1.0790e-01     0.0896    97.7854     7.5242     7.8817    33.5215    33.5257    26.7401    26.7433    7.59807 0.0000e+00
       3946     64.231     2.5906     2.5947   3.013100   3.014303     2.7135     2.6814      8.192     0.3927     1.5692 1.0790e-01     0.0896    97.7854     7.5152     7.8751    33.5237    33.5342    26.7419    26.7499    7.59803 0.0000e+00
       3949     64.314     2.5921     2.6102   3.013794   3.016395     2.7148     2.6814      8.192     0.3878     1.5692 1.0790e-01     0.0896    97.7854     7.5165     7.8684    33.5306    33.5437    26.7473    26.7562    7.59739 0.0000e+00
       3952     64.397     2.5985     2.6263   3.015524   3.018007     2.7156     2.6814      8.192     0.3878     1.5692 1.0790e-01     0.0896    97.7854     7.5156     7.8626    33.5451    33.5466    26.7583    26.7571    7.59542 0.0000e+00
       3955     64.477     2.6102     2.6431   3.017432   3.019670     2.7152     2.6810      8.192     0.3927     1.5297 1.0790e-01     0.0896    97.7854     7.5099     7.8568    33.5563    33.5494    26.7663    26.7580    7.59261 0.0000e+00
       3958     64.559     2.6244     2.6525   3.019142   3.020768     2.7152     2.6802      8.192     0.3829     1.5692 1.0790e-01     0.0889    97.8027     7.5049     7.8516    33.5624    33.5529    26.7699    26.7600    7.58956 0.0000e+00
       3961     64.638     2.6371     2.6629   3.020059   3.022045     2.7140     2.6802      8.192     0.3927     1.5692 1.0790e-01     0.0889    97.8027     7.4964     7.8475    33.5603    33.5576    26.7673    26.7629    7.58724 0.0000e+00
       3964     64.715     2.6460     2.6724   3.020806   3.022931     2.7144     2.6802      8.192     0.3927     1.5297 1.0790e-01     0.0885    97.8114     7.4937     7.8451    33.5601    33.5585    26.7663    26.7628    7.58554 0.0000e+00
       3967     64.789     2.6537     2.6763   3.021626   3.023213     2.7144     2.6789      8.192     0.3829     1.5692 1.0790e-01     0.0896    97.7854     7.4878     7.8392    33.5621    33.5579    26.7673    26.7619    7.58397 0.0000e+00
       3970     64.861     2.6616     2.6766   3.022554   3.023270     2.7148     2.6789      8.192     0.3878     1.5692 1.0790e-01     0.0889    97.8027     7.4864     7.8393    33.5652    33.5582    26.7690    26.7622    7.58230 0.0000e+00
       3973     64.927     2.6680     2.6754   3.022854   3.023192     2.7131     2.6789      8.192     0.3878     1.5692 1.0790e-01     0.0896    97.7854     7.4764     7.8410    33.5621    33.5585    26.7660    26.7626    7.58122 0.0000e+00
       3976     64.988     2.6714     2.6741   3.022924   3.023120     2.7131     2.6789      8.192     0.3634     1.5692 1.0790e-01     0.0881    97.8201     7.4747     7.8429    33.5593    33.5589    26.7635    26.7630    7.58071 0.0000e+00
       3979     65.047     2.6732     2.6732   3.022989   3.023076     2.7140     2.6789      8.192     0.3585     1.5297 1.0790e-01     0.0878    97.8288     7.4764     7.8440    33.5582    33.5593    26.7625    26.7634    7.58042 0.0000e+00
       3982     65.107     2.6744     2.6725   3.022975   3.023078     2.7127     2.6781      8.192     0.3683     1.5692 1.0790e-01     0.0881    97.8201     7.4726     7.8411    33.5567    33.5600    26.7612    26.7640    7.58026 0.0000e+00
       3985     65.160     2.6753     2.6723   3.023036   3.023063     2.7123     2.6781      8.192     0.3536     1.5692 1.0790e-01     0.0885    97.8114     7.4703     7.8381    33.5566    33.5600    26.7610    26.7640    7.58011 0.0000e+00
       3988     65.211     2.6760     2.6728   3.023048   3.023121     2.7115     2.6785      8.192     0.3536     1.5692 1.0790e-01     0.0874    97.8375     7.4647     7.8351    33.5559    33.5602    26.7605    26.7641    7.58000 0.0000e+00
       3991     65.261     2.6766     2.6731   3.022997   3.023150     2.7103     2.6777      8.192     0.3585     1.5692 1.0790e-01     0.0878    97.8288     7.4608     7.8283    33.5546    33.5602    26.7593    26.7641    7.57995 0.0000e+00
       3994     65.309     2.6766     2.6737   3.022975   3.023238     2.7119     2.6777      8.192     0.3585     1.5692 1.0802e-01     0.0874    97.8375     7.4664     7.8225    33.5543    33.5606    26.7591    26.7644    7.57996 0.0000e+00
       3997     65.358     2.6766     2.6741   3.023081   3.023284     2.7111     2.6777      8.192     0.3585     1.5297 1.0790e-01     0.0853    97.8896     7.4644     7.8161    33.5557    33.5607    26.7602    26.7644    7.57990 0.0000e+00
       4000     65.404     2.6771     2.6742   3.023122   3.023310     2.7107     2.6769      8.192     0.3634     1.4507 1.0790e-01     0.0860    97.8723     7.4628     7.8065    33.5555    33.5609    26.7600    26.7646    7.57980 0.0000e+00
       4003     65.450     2.6775     2.6740   3.023142   3.023271     2.7099     2.6765      8.192     0.3585     1.4507 1.0790e-01     0.0860    97.8723     7.4588     7.7996    33.5554    33.5606    26.7599    26.7644    7.57974 0.0000e+00
       4006     65.495     2.6771     2.6736   3.023127   3.023245     2.7103     2.6761      8.192     0.3634     1.4507 1.0790e-01     0.0857    97.8809     7.4608     7.7913    33.5556    33.5607    26.7601    26.7645    7.57981 0.0000e+00
       4009     65.542     2.6766     2.6734   3.023107   3.023230     2.7091     2.6749      8.192     0.3585     1.4507 1.0790e-01     0.0857    97.8809     7.4562     7.7792    33.5558    33.5607    26.7603    26.7645    7.57988 0.0000e+00
       4012     65.586     2.6767     2.6716   3.023188   3.023103     2.7083     2.6740      8.192     0.3536     1.4507 1.0790e-01     0.0857    97.8809     7.4530     7.7712    33.5567    33.5610    26.7610    26.7649    7.57983 0.0000e+00
       4015     65.632     2.6762     2.6684   3.023134   3.022833     2.7095     2.6740      8.192     0.3634     1.4507 1.0790e-01     0.0864    97.8636     7.4549     7.7677    33.5565    33.5610    26.7609    26.7651    7.57993 0.0000e+00
       4018     65.677     2.6757     2.6602   3.023075   3.022051     2.7079     2.6732      8.192     0.3536     1.4507 1.0790e-01     0.0871    97.8462     7.4481     7.7637    33.5563    33.5599    26.7608    26.7650    7.58003 0.0000e+00
       4021     65.723     2.6751     2.6464   3.023051   3.020986     2.7083     2.6724      8.192     0.3536     1.4507 1.0790e-01     0.0874    97.8375     7.4500     7.7624    33.5566    33.5613    26.7610    26.7673    7.58014 0.0000e+00
       4024     65.774     2.6749     2.6366   3.023021   3.020179     2.7079     2.6716      8.192     0.3634     1.4507 1.0790e-01     0.0867    97.8549     7.4484     7.7625    33.5565    33.5617    26.7610    26.7684    7.58019 0.0000e+00
       4027     65.825     2.6746     2.6300   3.023065   3.019602     2.7062     2.6708      8.192     0.3536     1.5692 1.0790e-01     0.0867    97.8549     7.4437     7.7608    33.5572    33.5615    26.7616    26.7687    7.58020 0.0000e+00
       4030     65.877     2.6747     2.6221   3.023072   3.018710     2.7062     2.6696      8.192     0.3536     1.5692 1.0790e-01     0.0867    97.8549     7.4439     7.7616    33.5572    33.5588    26.7615    26.7673    7.58018 0.0000e+00
       4033     65.932     2.6745     2.6107   3.023017   3.017633     2.7058     2.6692      8.192     0.3585     1.5692 1.0790e-01     0.0874    97.8375     7.4424     7.7661    33.5567    33.5574    26.7612    26.7671    7.58024 0.0000e+00
       4036     65.989     2.6725     2.6013   3.022506   3.016779     2.7058     2.6683      8.192     0.3536     1.5692 1.0790e-01     0.0857    97.8809     7.4420     7.7693    33.5525    33.5568    26.7580    26.7674    7.58084 0.0000e+00
