Datasets/AZMP/COO001/79001091.cnv
* Sea-Bird SBE 9 Data File:
* FileName = C:\CTDDATA\79001091.hex
* Software Version Seasave V 7.26.7.110
* Temperature SN = 5660
* Conductivity SN = 3698
* Number of Bytes Per Scan = 30
* Number of Voltage Words = 4
* Number of Scans Averaged by the Deck Unit = 1
* NMEA baud rate = 9600
** VESSEL/TRIP/SEQ STN:  79001091
** LATITUDE XX XX.XX N:  48 44.00 N
** LONGITUDE XX XX.XX W:  52 58.00 W
** SOUNDING DEPTH (M):  0100
** PROBE TYPE: S1257
** CTD NUMBER: 057
** COMMENTS (14 CHAR): BB-01
** BOTTLES:  18
** LEVELS: 5,5,5,5,10,20,20,20,20,30,40,50,50,50,75,BTM,BTM,BTM
** STICKERS: 435255 - 435272
** VNET: Y
** DO2: Y
# nquan = 22
# nvalues = 2494                        
# units = specified
# name 0 = scan: Scan Count
# name 1 = prDM: Pressure, Digiquartz [db]
# name 2 = t090C: Temperature [ITS-90, deg C]
# name 3 = t190C: Temperature, 2 [ITS-90, deg C]
# name 4 = c0S/m: Conductivity [S/m]
# name 5 = c1S/m: Conductivity, 2 [S/m]
# name 6 = sbeox0V: Oxygen raw, SBE 43 [V]
# name 7 = sbeox1V: Oxygen raw, SBE 43, 2 [V]
# name 8 = ph: pH
# name 9 = flECO-AFL: Fluorescence, WET Labs ECO-AFL/FL [mg/m^3]
# name 10 = wetCDOM: Fluorescence, WET Labs CDOM [mg/m^3]
# name 11 = par/sat/log: PAR/Logarithmic, Satlantic [umol photons/m^2/sec]
# name 12 = CStarAt0: Beam Attenuation, WET Labs C-Star [1/m]
# name 13 = CStarTr0: Beam Transmission, WET Labs C-Star [%]
# name 14 = sbeox0ML/L: Oxygen, SBE 43 [ml/l], WS = 2
# name 15 = sbeox1ML/L: Oxygen, SBE 43, 2 [ml/l], WS = 2
# name 16 = sal00: Salinity, Practical [PSU]
# name 17 = sal11: Salinity, Practical, 2 [PSU]
# name 18 = sigma-t00: Density [sigma-t, kg/m^3 ]
# name 19 = sigma-t11: Density, 2 [sigma-t, kg/m^3 ]
# name 20 = oxsatML/L: Oxygen Saturation, Weiss [ml/l]
# name 21 = flag: flag
# span 0 =         82,      46771       
# span 1 =      0.972,     94.683       
# span 2 =     2.6581,     3.2689       
# span 3 =     2.6555,     3.2739       
# span 4 =   2.896451,   2.924570       
# span 5 =   2.896523,   2.924439       
# span 6 =     2.5539,     2.7550       
# span 7 =     2.6633,     2.7159       
# span 8 =      8.180,      8.196       
# span 9 =     0.1876,     0.5441       
# span 10 =    -0.2469,     2.1614      
# span 11 = 1.0777e-01, 9.5322e+00      
# span 12 =     0.0874,     0.1163      
# span 13 =    97.1336,    97.8375      
# span 14 =     6.7837,     7.5984      
# span 15 =     7.8532,     7.9842      
# span 16 =    31.7497,    32.0096      
# span 17 =    31.7535,    32.0149      
# span 18 =    25.2700,    25.5264      
# span 19 =    25.2734,    25.5309      
# span 20 =    7.55730,    7.66242      
# span 21 = 0.0000e+00, 0.0000e+00      
# interval = scans: 3                   
# start_time = Dec 02 2019 10:42:25 [System UTC, header]
# bad_flag = -9.990e-29
*END*
[from data line 1054]
       6398     85.267     2.8016     2.7444   2.904314   2.901180     2.7071     2.6704      8.181     0.2901     1.9245 1.0827e-01     0.0949    97.6550     7.5559     7.9205    31.9666    31.9855    25.4807    25.5004    7.63681 0.0000e+00
       6401     85.365     2.8014     2.7412   2.904322   2.901077     2.7083     2.6704      8.183     0.2852     1.9245 1.0802e-01     0.0967    97.6115     7.5587     7.9211    31.9669    31.9874    25.4809    25.5022    7.63685 0.0000e+00
       6404     85.464     2.8013     2.7445   2.904303   2.901397     2.7083     2.6704      8.183     0.2804     1.9245 1.0827e-01     0.1003    97.5247     7.5581     7.9217    31.9667    31.9880    25.4808    25.5024    7.63687 0.0000e+00
       6407     85.558     2.8013     2.7482   2.904309   2.901502     2.7083     2.6708      8.184     0.2852     1.9245 1.0827e-01     0.1003    97.5247     7.5576     7.9242    31.9667    31.9855    25.4808    25.5001    7.63687 0.0000e+00
       6410     85.654     2.8006     2.7508   2.904223   2.901807     2.7083     2.6704      8.181     0.2804     1.9245 1.0827e-01     0.1003    97.5247     7.5582     7.9242    31.9663    31.9866    25.4805    25.5007    7.63701 0.0000e+00
       6413     85.748     2.7992     2.7582   2.904099   2.902133     2.7083     2.6704      8.181     0.2804     1.9245 1.0827e-01     0.1003    97.5247     7.5599     7.9246    31.9661    31.9831    25.4805    25.4974    7.63730 0.0000e+00
       6416     85.841     2.7980     2.7607   2.904067   2.902185     2.7083     2.6708      8.181     0.2901     1.9245 1.0827e-01     0.1003    97.5247     7.5602     7.9281    31.9669    31.9812    25.4812    25.4956    7.63749 0.0000e+00
       6419     85.930     2.7975     2.7604   2.904087   2.902254     2.7083     2.6704      8.183     0.2852     2.0034 1.0827e-01     0.1003    97.5247     7.5607     7.9296    31.9676    31.9822    25.4818    25.4965    7.63755 0.0000e+00
       6422     86.015     2.7965     2.7656   2.903965   2.902592     2.7095     2.6700      8.181     0.2755     2.0429 1.0827e-01     0.0971    97.6029     7.5643     7.9274    31.9671    31.9812    25.4815    25.4952    7.63777 0.0000e+00
       6425     86.101     2.7951     2.7694   2.903899   2.902717     2.7071     2.6704      8.183     0.2755     2.0429 1.0827e-01     0.0931    97.6984     7.5550     7.9304    31.9676    31.9789    25.4820    25.4931    7.63801 0.0000e+00
       6428     86.183     2.7942     2.7721   2.903795   2.902915     2.7083     2.6704      8.181     0.2657     2.0429 1.0815e-01     0.0931    97.6984     7.5587     7.9306    31.9672    31.9785    25.4818    25.4926    7.63821 0.0000e+00
       6431     86.265     2.7887     2.7744   2.903036   2.903014     2.7079     2.6704      8.183     0.2755     2.0429 1.0827e-01     0.0935    97.6898     7.5590     7.9304    31.9634    31.9774    25.4792    25.4916    7.63947 0.0000e+00
       6434     86.342     2.7805     2.7736   2.902629   2.902950     2.7083     2.6704      8.181     0.2706     2.0429 1.0815e-01     0.0938    97.6811     7.5643     7.9335    31.9666    31.9774    25.4824    25.4916    7.64089 0.0000e+00
       6437     86.420     2.7750     2.7753   2.902498   2.903103     2.7095     2.6704      8.181     0.2755     2.0429 1.0827e-01     0.0938    97.6811     7.5682     7.9342    31.9704    31.9775    25.4859    25.4915    7.64175 0.0000e+00
       6440     86.497     2.7678     2.7761   2.901710   2.903134     2.7083     2.6704      8.182     0.2706     2.0429 1.0827e-01     0.0935    97.6898     7.5649     7.9369    31.9680    31.9770    25.4845    25.4911    7.64328 0.0000e+00
       6443     86.571     2.7592     2.7759   2.901390   2.903129     2.7087     2.6704      8.182     0.2706     2.0429 1.0827e-01     0.0917    97.7332     7.5685     7.9395    31.9727    31.9772    25.4890    25.4912    7.64471 0.0000e+00
       6446     86.642     2.7547     2.7788   2.901601   2.903292     2.7083     2.6704      8.182     0.2608     1.9245 1.0827e-01     0.0910    97.7506     7.5677     7.9387    31.9797    31.9762    25.4949    25.4902    7.64522 0.0000e+00
       6449     86.710     2.7591     2.7809   2.902337   2.903450     2.7083     2.6716      8.182     0.2706     1.9245 1.0827e-01     0.0906    97.7593     7.5657     7.9425    31.9841    31.9760    25.4981    25.4899    7.64413 0.0000e+00
       6452     86.776     2.7632     2.7827   2.902164   2.903461     2.7079     2.6704      8.183     0.2755     1.9245 1.0827e-01     0.0910    97.7506     7.5620     7.9376    31.9779    31.9743    25.4928    25.4884    7.64365 0.0000e+00
       6455     86.838     2.7622     2.7819   2.902396   2.903489     2.7091     2.6708      8.182     0.2657     1.9245 1.0827e-01     0.0910    97.7506     7.5666     7.9365    31.9818    31.9754    25.4960    25.4893    7.64365 0.0000e+00
       6458     86.896     2.7687     2.7790   2.903012   2.903306     2.7099     2.6712      8.182     0.2755     1.9245 1.0827e-01     0.0906    97.7593     7.5655     7.9381    31.9827    31.9760    25.4962    25.4900    7.64235 0.0000e+00
       6461     86.950     2.7749     2.7783   2.903321   2.903363     2.7071     2.6712      8.181     0.2657     1.9245 1.0815e-01     0.0913    97.7419     7.5538     7.9385    31.9802    31.9774    25.4937    25.4912    7.64127 0.0000e+00
       6464     87.000     2.7794     2.7843   2.903339   2.903785     2.7087     2.6716      8.181     0.2657     1.9245 1.0827e-01     0.0906    97.7593     7.5597     7.9384    31.9760    31.9765    25.4900    25.4900    7.64063 0.0000e+00
       6467     87.045     2.7822     2.7873   2.903268   2.903661     2.7087     2.6716      8.181     0.2706     1.9245 1.0827e-01     0.0906    97.7593     7.5588     7.9357    31.9723    31.9719    25.4868    25.4861    7.64027 0.0000e+00
       6470     87.085     2.7835     2.7810   2.903288   2.903388     2.7079     2.6708      8.181     0.2657     1.9245 1.0827e-01     0.0906    97.7593     7.5572     7.9336    31.9712    31.9749    25.4858    25.4890    7.64007 0.0000e+00
       6473     87.120     2.7823     2.7796   2.902848   2.903442     2.7075     2.6716      8.181     0.2608     1.9245 1.0827e-01     0.0910    97.7506     7.5573     7.9370    31.9671    31.9770    25.4826    25.4907    7.64052 0.0000e+00
       6476     87.146     2.7785     2.7815   2.902681   2.903498     2.7087     2.6708      8.181     0.2706     1.9245 1.0827e-01     0.0913    97.7419     7.5620     7.9351    31.9688    31.9758    25.4843    25.4897    7.64117 0.0000e+00
       6546     87.171     2.7849     2.7729   2.903384   2.902960     2.7083     2.6725      8.181     0.2706     2.0824 1.0827e-01     0.0921    97.7245     7.5528     7.9441    31.9710    31.9778    25.4855    25.4920    7.63982 0.0000e+00
       6583     87.223     2.7900     2.7685   2.903864   2.902711     2.7075     2.6741      8.181     0.2413     2.1614 1.0827e-01     0.0931    97.6984     7.5458     7.9502    31.9717    31.9791    25.4857    25.4933    7.63879 0.0000e+00
       6586     87.285     2.7909     2.7692   2.903894   2.902778     2.7063     2.6741      8.181     0.2413     2.1614 1.0815e-01     0.0938    97.6811     7.5415     7.9483    31.9711    31.9792    25.4852    25.4934    7.63864 0.0000e+00
       6589     87.349     2.7910     2.7697   2.903855   2.902813     2.7063     2.6741      8.183     0.2364     2.1614 1.0815e-01     0.0938    97.6811     7.5417     7.9469    31.9705    31.9790    25.4847    25.4932    7.63866 0.0000e+00
       6592     87.416     2.7913     2.7686   2.903895   2.902705     2.7067     2.6741      8.181     0.2364     2.1614 1.0827e-01     0.0935    97.6898     7.5431     7.9462    31.9706    31.9789    25.4848    25.4931    7.63859 0.0000e+00
       6595     87.485     2.7923     2.7666   2.903974   2.902639     2.7071     2.6741      8.181     0.2364     2.1614 1.0827e-01     0.0938    97.6811     7.5447     7.9445    31.9706    31.9800    25.4846    25.4942    7.63840 0.0000e+00
       6598     87.559     2.7929     2.7681   2.903988   2.902815     2.7071     2.6741      8.181     0.2364     2.1614 1.0827e-01     0.0935    97.6898     7.5473     7.9432    31.9701    31.9805    25.4842    25.4945    7.63831 0.0000e+00
       6601     87.635     2.7930     2.7713   2.903926   2.902988     2.7067     2.6741      8.181     0.2364     2.1219 1.0827e-01     0.0938    97.6811     7.5469     7.9416    31.9693    31.9795    25.4835    25.4934    7.63834 0.0000e+00
       6604     87.716     2.7918     2.7732   2.903774   2.903046     2.7059     2.6741      8.183     0.2364     1.9245 1.0827e-01     0.0938    97.6811     7.5461     7.9407    31.9685    31.9782    25.4830    25.4923    7.63861 0.0000e+00
       6607     87.797     2.7908     2.7739   2.903785   2.903027     2.7067     2.6741      8.181     0.2413     1.9245 1.0827e-01     0.0938    97.6811     7.5503     7.9402    31.9697    31.9772    25.4840    25.4914    7.63875 0.0000e+00
       6610     87.879     2.7904     2.7652   2.903808   2.902352     2.7059     2.6741      8.181     0.2315     1.9245 1.0827e-01     0.0935    97.6898     7.5472     7.9429    31.9703    31.9777    25.4845    25.4925    7.63879 0.0000e+00
       6613     87.960     2.7898     2.7538   2.903701   2.901646     2.7059     2.6741      8.181     0.2413     1.9245 1.0827e-01     0.0938    97.6811     7.5451     7.9461    31.9695    31.9804    25.4840    25.4956    7.63894 0.0000e+00
       6616     88.038     2.7893     2.7427   2.903753   2.901216     2.7059     2.6737      8.181     0.2364     1.9245 1.0827e-01     0.0935    97.6898     7.5437     7.9475    31.9706    31.9862    25.4848    25.5011    7.63898 0.0000e+00
       6619     88.115     2.7895     2.7392   2.903802   2.901122     2.7059     2.6737      8.181     0.2315     1.9245 1.0827e-01     0.0938    97.6811     7.5442     7.9489    31.9710    31.9885    25.4851    25.5032    7.63893 0.0000e+00
       6622     88.188     2.7901     2.7447   2.903830   2.901578     2.7067     2.6733      8.181     0.2364     1.9245 1.0827e-01     0.0938    97.6811     7.5462     7.9471    31.9706    31.9886    25.4848    25.5028    7.63882 0.0000e+00
       6625     88.257     2.7902     2.7466   2.903844   2.901439     2.7059     2.6737      8.181     0.2364     1.9245 1.0827e-01     0.0924    97.7158     7.5434     7.9491    31.9707    31.9849    25.4849    25.4997    7.63881 0.0000e+00
       6628     88.322     2.7906     2.7383   2.903878   2.900935     2.7059     2.6741      8.181     0.2315     1.8455 1.0827e-01     0.0921    97.7245     7.5420     7.9531    31.9707    31.9870    25.4849    25.5021    7.63873 0.0000e+00
       6631     88.385     2.7908     2.7334   2.903870   2.900796     2.7059     2.6741      8.181     0.2462     1.8060 1.0827e-01     0.0928    97.7071     7.5409     7.9548    31.9703    31.9901    25.4845    25.5050    7.63871 0.0000e+00
       6634     88.447     2.7909     2.7319   2.903827   2.900684     2.7046     2.6741      8.181     0.2462     1.8060 1.0815e-01     0.0928    97.7071     7.5361     7.9570    31.9697    31.9903    25.4840    25.5053    7.63873 0.0000e+00
       6637     88.502     2.7903     2.7310   2.903763   2.900665     2.7050     2.6741      8.181     0.2559     1.7665 1.0827e-01     0.0924    97.7158     7.5366     7.9567    31.9695    31.9909    25.4839    25.5058    7.63885 0.0000e+00
       6640     88.552     2.7889     2.7312   2.903637   2.900671     2.7046     2.6741      8.181     0.2511     1.8060 1.0827e-01     0.0928    97.7071     7.5345     7.9555    31.9693    31.9907    25.4839    25.5057    7.63912 0.0000e+00
       6643     88.598     2.7878     2.7320   2.903630   2.900707     2.7059     2.6741      8.181     0.2559     1.8060 1.0827e-01     0.0924    97.7158     7.5387     7.9527    31.9703    31.9904    25.4848    25.5053    7.63929 0.0000e+00
       6646     88.639     2.7868     2.7312   2.903597   2.900668     2.7034     2.6741      8.181     0.2462     1.8060 1.0827e-01     0.0917    97.7332     7.5311     7.9496    31.9709    31.9907    25.4853    25.5056    7.63946 0.0000e+00
       6649     88.677     2.7861     2.7310   2.903519   2.900720     2.7046     2.6741      8.181     0.2462     1.8060 1.0827e-01     0.0917    97.7332     7.5355     7.9446    31.9707    31.9914    25.4852    25.5062    7.63961 0.0000e+00
       6652     88.710     2.7844     2.7317   2.903414   2.900755     2.7038     2.6741      8.181     0.2511     1.8060 1.0827e-01     0.0917    97.7332     7.5346     7.9387    31.9710    31.9912    25.4856    25.5060    7.63991 0.0000e+00
       6655     88.740     2.7833     2.7312   2.903388   2.900807     2.7038     2.6741      8.183     0.2511     1.9639 1.0827e-01     0.0917    97.7332     7.5373     7.9337    31.9717    31.9923    25.4863    25.5069    7.64008 0.0000e+00
       6658     88.765     2.7827     2.7320   2.903361   2.900873     2.7038     2.6745      8.181     0.2462     2.0429 1.0827e-01     0.0917    97.7332     7.5388     7.9302    31.9720    31.9922    25.4866    25.5068    7.64019 0.0000e+00
       6661     88.787     2.7823     2.7317   2.903354   2.900939     2.7034     2.6733      8.183     0.2706     2.0429 1.0827e-01     0.0921    97.7245     7.5381     7.9200    31.9724    31.9933    25.4868    25.5077    7.64026 0.0000e+00
       6670     88.848     2.7820     2.7349   2.903392   2.900844     2.7038     2.6725      8.181     0.2706     2.0429 1.0827e-01     0.0906    97.7593     7.5419     7.9028    31.9731    31.9890    25.4874    25.5039    7.64027 0.0000e+00
       6683     88.934     2.7845     2.7375   2.903573   2.900996     2.7030     2.6708      8.181     0.2608     1.9245 1.0827e-01     0.0906    97.7593     7.5409     7.8937    31.9728    31.9882    25.4870    25.5031    7.63980 0.0000e+00
       6686     88.959     2.7850     2.7334   2.903569   2.900646     2.7038     2.6700      8.181     0.2853     1.9245 1.0827e-01     0.0889    97.8027     7.5434     7.8928    31.9722    31.9880    25.4865    25.5033    7.63974 0.0000e+00
       6689     88.989     2.7851     2.7287   2.903575   2.900496     2.7022     2.6704      8.181     0.2950     1.9245 1.0827e-01     0.0892    97.7941     7.5377     7.8992    31.9721    31.9908    25.4864    25.5060    7.63972 0.0000e+00
       6692     89.025     2.7853     2.7274   2.903609   2.900445     2.7034     2.6696      8.181     0.3048     1.9245 1.0815e-01     0.0896    97.7854     7.5423     7.9001    31.9724    31.9915    25.4866    25.5066    7.63967 0.0000e+00
       6695     89.062     2.7857     2.7264   2.903632   2.900398     2.7022     2.6692      8.181     0.3048     1.9245 1.0827e-01     0.0896    97.7854     7.5395     7.9014    31.9721    31.9920    25.4864    25.5070    7.63960 0.0000e+00
       6698     89.101     2.7856     2.7251   2.903584   2.900326     2.7022     2.6692      8.181     0.2999     1.9245 1.0827e-01     0.0896    97.7854     7.5406     7.9056    31.9717    31.9924    25.4860    25.5075    7.63964 0.0000e+00
       6701     89.146     2.7848     2.7235   2.903484   2.900234     2.7030     2.6692      8.181     0.2999     1.9245 1.0827e-01     0.0892    97.7941     7.5445     7.9097    31.9712    31.9928    25.4857    25.5079    7.63982 0.0000e+00
       6704     89.197     2.7834     2.7228   2.903317   2.900196     2.7034     2.6692      8.181     0.2950     1.9245 1.0827e-01     0.0899    97.7767     7.5483     7.9138    31.9705    31.9930    25.4853    25.5081    7.64012 0.0000e+00
       6707     89.255     2.7792     2.7194   2.902668   2.899932     2.7026     2.6692      8.183     0.2999     2.0034 1.0827e-01     0.0913    97.7419     7.5479     7.9182    31.9668    31.9932    25.4827    25.5086    7.64112 0.0000e+00
