Datasets/AZMP/COO001/79001028.cnv
* Sea-Bird SBE 9 Data File:
* FileName = C:\CTDDATA\79001028.hex
* Software Version Seasave V 7.26.7.110
* Temperature SN = 5660
* Conductivity SN = 3698
* Number of Bytes Per Scan = 30
* Number of Voltage Words = 4
* Number of Scans Averaged by the Deck Unit = 1
* NMEA baud rate = 9600
** VESSEL/TRIP/SEQ STN:  79001028
** LATITUDE XX XX.XX N:  44 21.80 N
** LONGITUDE XX XX.XX W:  51 06.20 W
** SOUNDING DEPTH (M):  0075
** PROBE TYPE: S1257
** CTD NUMBER: 015
** COMMENTS (14 CHAR): SEGB-10
** BOTTLES:  9
** LEVELS: 5,5,10,20,20,30,40,50,BTM
** STICKERS: 434784 - 434792
** VNET: Y
** DO2: N
# nquan = 22
# nvalues = 1946                        
# units = specified
# name 0 = scan: Scan Count
# name 1 = prDM: Pressure, Digiquartz [db]
# name 2 = t090C: Temperature [ITS-90, deg C]
# name 3 = t190C: Temperature, 2 [ITS-90, deg C]
# name 4 = c0S/m: Conductivity [S/m]
# name 5 = c1S/m: Conductivity, 2 [S/m]
# name 6 = sbeox0V: Oxygen raw, SBE 43 [V]
# name 7 = sbeox1V: Oxygen raw, SBE 43, 2 [V]
# name 8 = ph: pH
# name 9 = flECO-AFL: Fluorescence, WET Labs ECO-AFL/FL [mg/m^3]
# name 10 = wetCDOM: Fluorescence, WET Labs CDOM [mg/m^3]
# name 11 = par/sat/log: PAR/Logarithmic, Satlantic [umol photons/m^2/sec]
# name 12 = CStarAt0: Beam Attenuation, WET Labs C-Star [1/m]
# name 13 = CStarTr0: Beam Transmission, WET Labs C-Star [%]
# name 14 = sbeox0ML/L: Oxygen, SBE 43 [ml/l], WS = 2
# name 15 = sbeox1ML/L: Oxygen, SBE 43, 2 [ml/l], WS = 2
# name 16 = sal00: Salinity, Practical [PSU]
# name 17 = sal11: Salinity, Practical, 2 [PSU]
# name 18 = sigma-t00: Density [sigma-t, kg/m^3 ]
# name 19 = sigma-t11: Density, 2 [sigma-t, kg/m^3 ]
# name 20 = oxsatML/L: Oxygen Saturation, Weiss [ml/l]
# name 21 = flag: flag
# span 0 =         55,      32927       
# span 1 =      0.564,     68.126       
# span 2 =     3.0553,     8.0318       
# span 3 =     3.0530,     8.0311       
# span 4 =   2.979471,   3.356498       
# span 5 =   2.979660,   3.356591       
# span 6 =     2.3419,     2.9519       
# span 7 =     2.1587,     2.7316       
# span 8 =      7.940,      8.186       
# span 9 =     0.1436,     0.8957       
# span 10 =    -1.6286,     2.3982      
# span 11 = 1.0777e-01, 2.5321e+01      
# span 12 =     0.1357,     0.2068      
# span 13 =    94.9612,    96.6644      
# span 14 =     5.9104,     7.7206      
# span 15 =     4.7589,     5.9815      
# span 16 =    31.6760,    32.9576      
# span 17 =    31.9727,    32.9231      
# span 18 =    24.9555,    26.2008      
# span 19 =    25.0009,    26.0853      
# span 20 =    6.72633,    7.55414      
# span 21 = 0.0000e+00, 0.0000e+00      
# interval = scans: 3                   
# start_time = Nov 24 2019 10:32:59 [System UTC, header]
# bad_flag = -9.990e-29
*END*
[from data line 330]
       1797     25.827     8.0246     8.0234   3.355475   3.355612     2.9007     2.7192      8.183     0.6564     1.6876 1.2235e-01     0.1508    96.2994     7.1197     5.9391    32.1243    32.1270    25.0126    25.0148    6.72726 0.0000e+00
       1800     25.911     8.0247     8.0237   3.355562   3.355639     2.8999     2.7192      8.183     0.6662     1.5692 1.2447e-01     0.1508    96.2994     7.1162     5.9393    32.1251    32.1270    25.0132    25.0147    6.72721 0.0000e+00
       1803     25.990     8.0254     8.0237   3.355647   3.355639     2.9003     2.7184      8.181     0.7004     1.5692 1.2759e-01     0.1508    96.2994     7.1170     5.9366    32.1254    32.1268    25.0133    25.0147    6.72710 0.0000e+00
       1806     26.071     8.0260     8.0237   3.355681   3.355675     2.8999     2.7180      8.181     0.6955     1.5692 1.2546e-01     0.1508    96.2994     7.1149     5.9356    32.1252    32.1272    25.0130    25.0150    6.72702 0.0000e+00
       1809     26.155     8.0262     8.0253   3.355690   3.355872     2.9003     2.7184      8.183     0.6955     1.5692 1.2848e-01     0.1508    96.2994     7.1165     5.9358    32.1250    32.1278    25.0129    25.0152    6.72699 0.0000e+00
       1812     26.233     8.0266     8.0265   3.355711   3.356021     2.8999     2.7180      8.183     0.6906     1.5692 1.1742e-01     0.1508    96.2994     7.1156     5.9335    32.1249    32.1282    25.0127    25.0153    6.72694 0.0000e+00
       1815     26.308     8.0268     8.0270   3.355718   3.356003     2.8999     2.7180      8.183     0.6906     1.5692 1.2071e-01     0.1494    96.3341     7.1156     5.9335    32.1247    32.1276    25.0126    25.0148    6.72691 0.0000e+00
       1818     26.387     8.0264     8.0267   3.355647   3.355956     2.9003     2.7180      8.180     0.7004     1.5692 1.1836e-01     0.1490    96.3428     7.1170     5.9331    32.1243    32.1274    25.0122    25.0146    6.72699 0.0000e+00
       1821     26.462     8.0263     8.0266   3.355655   3.355975     2.8999     2.7176      8.183     0.6857     1.5692 1.2269e-01     0.1487    96.3515     7.1165     5.9309    32.1244    32.1276    25.0124    25.0149    6.72700 0.0000e+00
       1824     26.532     8.0265     8.0269   3.355703   3.356032     2.9003     2.7176      8.181     0.6906     1.5692 1.2370e-01     0.1487    96.3515     7.1185     5.9304    32.1248    32.1279    25.0127    25.0150    6.72696 0.0000e+00
       1827     26.600     8.0266     8.0269   3.355718   3.355992     2.9003     2.7171      8.183     0.6955     1.6876 1.2410e-01     0.1487    96.3515     7.1195     5.9300    32.1248    32.1274    25.0127    25.0147    6.72694 0.0000e+00
       1830     26.674     8.0263     8.0268   3.355628   3.356014     2.9007     2.7167      8.183     0.7053     1.6876 1.2442e-01     0.1487    96.3515     7.1212     5.9283    32.1241    32.1277    25.0122    25.0149    6.72702 0.0000e+00
       1833     26.745     8.0261     8.0267   3.355666   3.355969     2.9003     2.7155      8.183     0.7150     1.6876 1.2233e-01     0.1490    96.3428     7.1200     5.9258    32.1246    32.1273    25.0126    25.0146    6.72703 0.0000e+00
       1836     26.813     8.0264     8.0263   3.355717   3.355932     2.9007     2.7155      8.181     0.7101     1.6876 1.2033e-01     0.1501    96.3168     7.1213     5.9274    32.1249    32.1273    25.0127    25.0146    6.72697 0.0000e+00
       1839     26.873     8.0264     8.0263   3.355645   3.355960     2.9003     2.7155      8.183     0.7150     1.6876 1.2987e-01     0.1497    96.3255     7.1204     5.9292    32.1241    32.1275    25.0121    25.0148    6.72701 0.0000e+00
       1842     26.930     8.0262     8.0262   3.355727   3.355927     2.9007     2.7155      8.183     0.7053     1.6876 1.1742e-01     0.1501    96.3168     7.1211     5.9316    32.1251    32.1272    25.0130    25.0146    6.72699 0.0000e+00
       1845     26.987     8.0267     8.0263   3.355794   3.355965     2.9007     2.7143      8.183     0.7053     1.6876 1.2326e-01     0.1497    96.3255     7.1210     5.9308    32.1254    32.1275    25.0131    25.0148    6.72691 0.0000e+00
       1848     27.043     8.0270     8.0262   3.355809   3.355935     2.9011     2.7147      8.183     0.7004     1.6876 1.2457e-01     0.1501    96.3168     7.1217     5.9350    32.1252    32.1273    25.0129    25.0146    6.72687 0.0000e+00
       1851     27.097     8.0272     8.0261   3.355799   3.355934     2.9015     2.7151      8.183     0.7004     1.6087 1.2310e-01     0.1497    96.3255     7.1230     5.9397    32.1249    32.1273    25.0126    25.0147    6.72685 0.0000e+00
       1854     27.146     8.0275     8.0263   3.355829   3.355945     2.9011     2.7147      8.183     0.7297     1.5692 1.2059e-01     0.1504    96.3081     7.1214     5.9425    32.1249    32.1272    25.0126    25.0146    6.72680 0.0000e+00
       1857     27.191     8.0276     8.0260   3.355817   3.355928     2.9007     2.7151      8.181     0.7394     1.5692 1.1919e-01     0.1504    96.3081     7.1203     5.9474    32.1246    32.1273    25.0124    25.0147    6.72679 0.0000e+00
       1860     27.233     8.0277     8.0262   3.355858   3.355931     2.9011     2.7155      8.183     0.7394     1.5692 1.1961e-01     0.1508    96.2994     7.1215     5.9510    32.1250    32.1271    25.0126    25.0145    6.72676 0.0000e+00
       1863     27.271     8.0278     8.0260   3.355846   3.355928     2.9015     2.7155      8.183     0.7346     1.5692 1.2085e-01     0.1508    96.2994     7.1225     5.9535    32.1247    32.1272    25.0124    25.0146    6.72676 0.0000e+00
       1866     27.304     8.0279     8.0260   3.355842   3.355932     2.9011     2.7155      8.183     0.7346     1.5692 1.2076e-01     0.1504    96.3081     7.1214     5.9556    32.1246    32.1273    25.0123    25.0147    6.72675 0.0000e+00
       1869     27.336     8.0278     8.0260   3.355818   3.355942     2.9011     2.7155      8.181     0.7443     1.5297 1.2062e-01     0.1504    96.3081     7.1225     5.9574    32.1244    32.1273    25.0122    25.0147    6.72677 0.0000e+00
       1872     27.364     8.0275     8.0260   3.355748   3.355936     2.9015     2.7163      8.181     0.7297     1.5692 1.2282e-01     0.1504    96.3081     7.1253     5.9595    32.1239    32.1272    25.0118    25.0147    6.72684 0.0000e+00
       1875     27.393     8.0270     8.0261   3.355693   3.355922     2.9011     2.7167      8.183     0.7346     1.5692 1.2349e-01     0.1508    96.2994     7.1263     5.9614    32.1238    32.1270    25.0118    25.0145    6.72692 0.0000e+00
       1878     27.420     8.0266     8.0260   3.355700   3.355927     2.9015     2.7171      8.183     0.7394     1.6481 1.1863e-01     0.1508    96.2994     7.1297     5.9628    32.1242    32.1272    25.0122    25.0146    6.72697 0.0000e+00
       1883     27.455     8.0262     8.0262   3.355635   3.355950     2.9015     2.7176      8.181     0.7150     1.6876 1.2029e-01     0.1508    96.2994     7.1322     5.9638    32.1239    32.1273    25.0120    25.0146    6.72705 0.0000e+00
       1886     27.478     8.0260     8.0262   3.355620   3.355941     2.9015     2.7180      8.183     0.7053     1.6876 1.2049e-01     0.1508    96.2994     7.1336     5.9644    32.1239    32.1272    25.0120    25.0145    6.72708 0.0000e+00
       1889     27.503     8.0258     8.0263   3.355625   3.355948     2.9023     2.7180      8.183     0.7053     1.6876 1.1935e-01     0.1508    96.2994     7.1375     5.9638    32.1242    32.1271    25.0123    25.0145    6.72710 0.0000e+00
       1892     27.528     8.0258     8.0262   3.355638   3.355942     2.9027     2.7184      8.181     0.7053     1.6876 1.2030e-01     0.1508    96.2994     7.1392     5.9637    32.1243    32.1271    25.0124    25.0145    6.72709 0.0000e+00
       1895     27.553     8.0256     8.0259   3.355627   3.355923     2.9036     2.7184      8.181     0.7150     1.6876 1.1946e-01     0.1508    96.2994     7.1416     5.9622    32.1243    32.1272    25.0124    25.0146    6.72712 0.0000e+00
       1898     27.579     8.0258     8.0261   3.355642   3.355945     2.9036     2.7188      8.181     0.7053     1.6876 1.2444e-01     0.1497    96.3255     7.1416     5.9615    32.1243    32.1272    25.0124    25.0146    6.72709 0.0000e+00
       1901     27.605     8.0255     8.0260   3.355650   3.355953     2.9044     2.7192      8.180     0.7101     1.6876 1.2661e-01     0.1497    96.3255     7.1441     5.9607    32.1246    32.1274    25.0126    25.0148    6.72711 0.0000e+00
       1904     27.633     8.0255     8.0262   3.355619   3.355952     2.9044     2.7192      8.181     0.7004     1.6876 1.2646e-01     0.1497    96.3255     7.1436     5.9590    32.1242    32.1272    25.0124    25.0146    6.72713 0.0000e+00
       1907     27.665     8.0254     8.0260   3.355597   3.355953     2.9048     2.7192      8.183     0.6711     1.6876 1.1932e-01     0.1497    96.3255     7.1438     5.9573    32.1241    32.1273    25.0123    25.0147    6.72716 0.0000e+00
       1910     27.699     8.0256     8.0260   3.355608   3.355947     2.9048     2.7192      8.181     0.6760     1.6876 1.1149e-01     0.1497    96.3255     7.1428     5.9562    32.1240    32.1272    25.0122    25.0147    6.72713 0.0000e+00
       1913     27.740     8.0255     8.0261   3.355540   3.355945     2.9052     2.7200      8.183     0.6760     1.6876 1.1781e-01     0.1497    96.3255     7.1433     5.9571    32.1234    32.1271    25.0117    25.0146    6.72717 0.0000e+00
       1916     27.782     8.0255     8.0262   3.355613   3.355978     2.9048     2.7192      8.183     0.6808     1.6876 1.1597e-01     0.1508    96.2994     7.1419     5.9538    32.1241    32.1273    25.0123    25.0147    6.72714 0.0000e+00
       1919     27.826     8.0257     8.0262   3.355667   3.355984     2.9048     2.7200      8.178     0.6857     1.6876 1.2470e-01     0.1504    96.3081     7.1416     5.9548    32.1245    32.1274    25.0126    25.0147    6.72710 0.0000e+00
       1922     27.876     8.0260     8.0262   3.355756   3.355984     2.9056     2.7192      8.183     0.6808     1.6876 1.1783e-01     0.1508    96.2994     7.1439     5.9513    32.1252    32.1273    25.0130    25.0147    6.72702 0.0000e+00
       1925     27.930     8.0267     8.0262   3.355871   3.355978     2.9060     2.7192      8.181     0.6857     1.6876 1.1276e-01     0.1504    96.3081     7.1450     5.9500    32.1257    32.1273    25.0134    25.0147    6.72689 0.0000e+00
       1928     27.988     8.0273     8.0262   3.355904   3.355969     2.9056     2.7192      8.183     0.6711     1.6876 1.1172e-01     0.1508    96.2994     7.1444     5.9491    32.1255    32.1272    25.0131    25.0146    6.72681 0.0000e+00
       1931     28.049     8.0276     8.0262   3.355888   3.355988     2.9060     2.7188      8.181     0.6711     1.6876 1.1068e-01     0.1508    96.2994     7.1478     5.9482    32.1250    32.1273    25.0127    25.0147    6.72678 0.0000e+00
       1934     28.116     8.0277     8.0262   3.355851   3.355984     2.9064     2.7192      8.180     0.6467     1.6876 1.1315e-01     0.1504    96.3081     7.1510     5.9494    32.1245    32.1273    25.0123    25.0146    6.72679 0.0000e+00
       1937     28.182     8.0275     8.0262   3.355847   3.355982     2.9072     2.7192      8.183     0.6418     1.6876 1.1069e-01     0.1480    96.3689     7.1542     5.9488    32.1245    32.1272    25.0123    25.0146    6.72681 0.0000e+00
       1940     28.254     8.0276     8.0261   3.355859   3.356001     2.9072     2.7192      8.183     0.6515     1.6876 1.0790e-01     0.1476    96.3776     7.1541     5.9486    32.1246    32.1275    25.0124    25.0148    6.72680 0.0000e+00
       1943     28.328     8.0276     8.0263   3.355853   3.356014     2.9076     2.7188      8.180     0.6564     1.6876 1.0981e-01     0.1476    96.3776     7.1548     5.9472    32.1245    32.1274    25.0123    25.0147    6.72680 0.0000e+00
       1946     28.402     8.0275     8.0263   3.355851   3.356024     2.9072     2.7192      8.181     0.6515     1.6876 1.1209e-01     0.1476    96.3776     7.1528     5.9483    32.1245    32.1275    25.0123    25.0148    6.72681 0.0000e+00
       1949     28.482     8.0275     8.0264   3.355847   3.356034     2.9080     2.7180      8.183     0.6515     1.6876 1.0828e-01     0.1476    96.3776     7.1548     5.9447    32.1244    32.1274    25.0122    25.0147    6.72681 0.0000e+00
       1952     28.563     8.0276     8.0264   3.355846   3.356028     2.9084     2.7188      8.183     0.6467     1.6876 1.0790e-01     0.1476    96.3776     7.1551     5.9467    32.1244    32.1273    25.0122    25.0147    6.72681 0.0000e+00
       1955     28.645     8.0275     8.0263   3.355846   3.355985     2.9105     2.7192      8.181     0.6467     1.6481 1.0790e-01     0.1476    96.3776     7.1602     5.9470    32.1244    32.1270    25.0122    25.0144    6.72682 0.0000e+00
       1958     28.729     8.0276     8.0262   3.355865   3.355991     2.9097     2.7192      8.181     0.6613     1.5692 1.0790e-01     0.1487    96.3515     7.1564     5.9471    32.1245    32.1270    25.0122    25.0145    6.72680 0.0000e+00
       1961     28.812     8.0276     8.0262   3.355879   3.356011     2.9093     2.7180      8.183     0.6711     1.5692 1.0790e-01     0.1483    96.3602     7.1549     5.9439    32.1246    32.1272    25.0123    25.0146    6.72680 0.0000e+00
       1964     28.893     8.0275     8.0263   3.355871   3.356021     2.9093     2.7180      8.181     0.6662     1.5692 1.0790e-01     0.1487    96.3515     7.1547     5.9444    32.1246    32.1272    25.0123    25.0146    6.72682 0.0000e+00
       1967     28.976     8.0275     8.0263   3.355900   3.356011     2.9097     2.7180      8.181     0.6711     1.5692 1.0790e-01     0.1487    96.3515     7.1555     5.9441    32.1248    32.1271    25.0125    25.0144    6.72680 0.0000e+00
       1970     29.059     8.0275     8.0264   3.355883   3.356043     2.9097     2.7180      8.181     0.6711     1.5692 1.0790e-01     0.1487    96.3515     7.1551     5.9442    32.1246    32.1273    25.0123    25.0146    6.72681 0.0000e+00
       1973     29.140     8.0274     8.0264   3.355895   3.356075     2.9097     2.7180      8.180     0.6711     1.5692 1.0790e-01     0.1487    96.3515     7.1549     5.9437    32.1248    32.1276    25.0125    25.0149    6.72682 0.0000e+00
       1976     29.222     8.0276     8.0264   3.355902   3.356037     2.9097     2.7180      8.180     0.6662     1.5692 1.0790e-01     0.1497    96.3255     7.1550     5.9435    32.1246    32.1271    25.0124    25.0145    6.72679 0.0000e+00
       1979     29.300     8.0274     8.0264   3.355885   3.356037     2.9101     2.7176      8.181     0.6662     1.5692 1.0790e-01     0.1519    96.2733     7.1571     5.9440    32.1246    32.1271    25.0124    25.0145    6.72683 0.0000e+00
       1982     29.377     8.0274     8.0265   3.355897   3.356057     2.9105     2.7180      8.183     0.6613     1.5692 1.0790e-01     0.1508    96.2994     7.1602     5.9466    32.1247    32.1272    25.0124    25.0146    6.72682 0.0000e+00
       1985     29.455     8.0274     8.0264   3.355877   3.356060     2.9109     2.7176      8.181     0.6662     1.5692 1.0790e-01     0.1515    96.2820     7.1630     5.9463    32.1244    32.1273    25.0122    25.0146    6.72683 0.0000e+00
       1988     29.527     8.0273     8.0264   3.355866   3.356049     2.9109     2.7180      8.183     0.6662     1.5692 1.0790e-01     0.1519    96.2733     7.1634     5.9482    32.1243    32.1272    25.0122    25.0146    6.72685 0.0000e+00
       1991     29.599     8.0274     8.0264   3.355889   3.356060     2.9113     2.7167      8.181     0.6711     1.5692 1.0790e-01     0.1515    96.2820     7.1647     5.9453    32.1245    32.1273    25.0123    25.0146    6.72683 0.0000e+00
