Datasets/AZMP/COO001/79001029.cnv
* Sea-Bird SBE 9 Data File:
* FileName = C:\CTDDATA\79001029.hex
* Software Version Seasave V 7.26.7.110
* Temperature SN = 5660
* Conductivity SN = 3698
* Number of Bytes Per Scan = 30
* Number of Voltage Words = 4
* Number of Scans Averaged by the Deck Unit = 1
* NMEA baud rate = 9600
** VESSEL/TRIP/SEQ STN:  79001029
** LATITUDE XX XX.XX N:  44 00.00 N
** LONGITUDE XX XX.XX W:  50 48.50 W
** SOUNDING DEPTH (M):  0074
** PROBE TYPE: S1257
** CTD NUMBER: 016
** COMMENTS (14 CHAR): SEGB-11
** BOTTLES:  9
** LEVELS: 5,5,10,20,20,30,40,50,BTM
** STICKERS: 434793 - 434801
** VNET: Y
** DO2: N
# nquan = 22
# nvalues = 1858                        
# units = specified
# name 0 = scan: Scan Count
# name 1 = prDM: Pressure, Digiquartz [db]
# name 2 = t090C: Temperature [ITS-90, deg C]
# name 3 = t190C: Temperature, 2 [ITS-90, deg C]
# name 4 = c0S/m: Conductivity [S/m]
# name 5 = c1S/m: Conductivity, 2 [S/m]
# name 6 = sbeox0V: Oxygen raw, SBE 43 [V]
# name 7 = sbeox1V: Oxygen raw, SBE 43, 2 [V]
# name 8 = ph: pH
# name 9 = flECO-AFL: Fluorescence, WET Labs ECO-AFL/FL [mg/m^3]
# name 10 = wetCDOM: Fluorescence, WET Labs CDOM [mg/m^3]
# name 11 = par/sat/log: PAR/Logarithmic, Satlantic [umol photons/m^2/sec]
# name 12 = CStarAt0: Beam Attenuation, WET Labs C-Star [1/m]
# name 13 = CStarTr0: Beam Transmission, WET Labs C-Star [%]
# name 14 = sbeox0ML/L: Oxygen, SBE 43 [ml/l], WS = 2
# name 15 = sbeox1ML/L: Oxygen, SBE 43, 2 [ml/l], WS = 2
# name 16 = sal00: Salinity, Practical [PSU]
# name 17 = sal11: Salinity, Practical, 2 [PSU]
# name 18 = sigma-t00: Density [sigma-t, kg/m^3 ]
# name 19 = sigma-t11: Density, 2 [sigma-t, kg/m^3 ]
# name 20 = oxsatML/L: Oxygen Saturation, Weiss [ml/l]
# name 21 = flag: flag
# span 0 =         57,      27179       
# span 1 =      2.625,     68.573       
# span 2 =     3.8700,     7.4118       
# span 3 =     3.8685,     7.4095       
# span 4 =   3.042200,   3.302445       
# span 5 =   3.042152,   3.302781       
# span 6 =     2.4428,     2.9807       
# span 7 =     2.2503,     2.7523       
# span 8 =      7.961,      8.162       
# span 9 =     0.2022,     1.6967       
# span 10 =     1.4507,     2.5167      
# span 11 = 1.0715e-01, 8.7343e-01      
# span 12 =     0.1787,     0.7464      
# span 13 =    82.9780,    95.6303      
# span 14 =     6.4125,     7.8327      
# span 15 =     5.2168,     6.4761      
# span 16 =    32.0737,    32.6607      
# span 17 =    32.1146,    32.6114      
# span 18 =    25.0959,    25.9180      
# span 19 =    25.0989,    25.8896      
# span 20 =    6.82278,    7.40481      
# span 21 = 0.0000e+00, 0.0000e+00      
# interval = scans: 3                   
# start_time = Nov 24 2019 23:21:47 [System UTC, header]
# bad_flag = -9.990e-29
*END*
[from data line 1581]
      17094     19.656     7.4069     7.4071   3.302262   3.302470     2.9571     2.7397      8.162     1.0325     1.6876 1.0765e-01     0.1911    95.3348     7.3889     6.0924    32.1275    32.1296    25.1018    25.1035    6.82361 0.0000e+00
      17274     19.621     7.4047     7.4063   3.302104   3.302400     2.9514     2.7438      8.162     0.9739     1.5692 1.0752e-01     0.1944    95.2566     7.3764     6.1044    32.1279    32.1296    25.1025    25.1036    6.82395 0.0000e+00
      17277     19.574     7.4047     7.4063   3.302113   3.302404     2.9514     2.7430      8.162     0.9739     1.5692 1.0765e-01     0.1944    95.2566     7.3772     6.1011    32.1280    32.1297    25.1025    25.1036    6.82395 0.0000e+00
      17280     19.537     7.4049     7.4065   3.302116   3.302432     2.9522     2.7426      8.162     0.9739     1.5692 1.0765e-01     0.1944    95.2566     7.3805     6.0988    32.1279    32.1298    25.1024    25.1036    6.82392 0.0000e+00
      17283     19.509     7.4049     7.4068   3.302124   3.302439     2.9526     2.7426      8.162     0.9934     1.5692 1.0752e-01     0.1926    95.3001     7.3819     6.0977    32.1279    32.1296    25.1024    25.1035    6.82391 0.0000e+00
      17461     19.477     7.4046     7.4057   3.302081   3.302342     2.9555     2.7389      8.162     0.8518     1.5692 1.0752e-01     0.1922    95.3088     7.3780     6.0905    32.1278    32.1296    25.1024    25.1036    6.82397 0.0000e+00
      17464     19.445     7.4045     7.4057   3.302056   3.302360     2.9551     2.7389      8.162     0.9446     1.5692 1.0765e-01     0.1911    95.3348     7.3758     6.0920    32.1276    32.1298    25.1022    25.1038    6.82399 0.0000e+00
      17527     19.420     7.4046     7.4056   3.302091   3.302327     2.9535     2.7405      8.162     1.0569     1.5692 1.0752e-01     0.1911    95.3348     7.3689     6.0996    32.1279    32.1296    25.1025    25.1036    6.82397 0.0000e+00
      17650     19.361     7.4045     7.4047   3.302068   3.302277     2.9502     2.7434      8.162     0.9934     1.5692 1.0752e-01     0.1937    95.2740     7.3560     6.1085    32.1278    32.1299    25.1024    25.1040    6.82398 0.0000e+00
      17653     19.293     7.4046     7.4051   3.302071   3.302335     2.9506     2.7438      8.162     0.9837     1.5692 1.0765e-01     0.1933    95.2827     7.3571     6.1072    32.1278    32.1302    25.1024    25.1042    6.82397 0.0000e+00
      17656     19.231     7.4045     7.4055   3.302057   3.302366     2.9502     2.7438      8.162     0.9788     1.5692 1.0765e-01     0.1933    95.2827     7.3561     6.1033    32.1277    32.1301    25.1023    25.1041    6.82398 0.0000e+00
      17659     19.179     7.4044     7.4055   3.302041   3.302318     2.9494     2.7434      8.162     0.9837     1.5692 1.0752e-01     0.1933    95.2827     7.3547     6.0996    32.1277    32.1297    25.1023    25.1038    6.82400 0.0000e+00
      17662     19.137     7.4044     7.4055   3.302045   3.302316     2.9494     2.7426      8.162     0.9885     1.5692 1.0777e-01     0.1933    95.2827     7.3555     6.0954    32.1278    32.1296    25.1024    25.1037    6.82401 0.0000e+00
      17665     19.103     7.4044     7.4053   3.302040   3.302307     2.9494     2.7430      8.162     0.9837     1.5692 1.0777e-01     0.1926    95.3001     7.3557     6.0948    32.1277    32.1297    25.1023    25.1038    6.82400 0.0000e+00
      18281     19.032     7.4047     7.4040   3.302075   3.302213     2.9563     2.7430      8.162     0.9397     1.4507 1.0752e-01     0.1933    95.2827     7.3796     6.0987    32.1278    32.1300    25.1024    25.1042    6.82395 0.0000e+00
      18284     18.932     7.4047     7.4041   3.302044   3.302235     2.9559     2.7438      8.162     0.9397     1.5692 1.0777e-01     0.1926    95.3001     7.3774     6.1005    32.1276    32.1302    25.1022    25.1043    6.82396 0.0000e+00
      18287     18.835     7.4046     7.4043   3.302059   3.302248     2.9563     2.7438      8.162     0.9348     1.5692 1.0752e-01     0.1929    95.2914     7.3770     6.1007    32.1279    32.1302    25.1024    25.1043    6.82396 0.0000e+00
      18290     18.742     7.4044     7.4044   3.302034   3.302210     2.9551     2.7434      8.162     0.9397     1.5692 1.0752e-01     0.1933    95.2827     7.3728     6.0998    32.1278    32.1298    25.1024    25.1039    6.82400 0.0000e+00
      18293     18.658     7.4045     7.4042   3.302023   3.302203     2.9555     2.7426      8.162     0.9446     1.5692 1.0765e-01     0.1915    95.3261     7.3731     6.0978    32.1277    32.1299    25.1023    25.1041    6.82399 0.0000e+00
      18296     18.576     7.4043     7.4043   3.302009   3.302210     2.9559     2.7426      8.162     0.9348     1.5692 1.0765e-01     0.1900    95.3609     7.3737     6.0982    32.1277    32.1299    25.1023    25.1041    6.82402 0.0000e+00
      18299     18.501     7.4043     7.4047   3.302001   3.302269     2.9551     2.7434      8.162     0.9446     1.5692 1.0765e-01     0.1907    95.3435     7.3707     6.1009    32.1276    32.1302    25.1023    25.1043    6.82401 0.0000e+00
      18302     18.436     7.4044     7.4048   3.302044   3.302257     2.9551     2.7426      8.162     0.9543     1.5692 1.0765e-01     0.1911    95.3348     7.3705     6.0983    32.1280    32.1300    25.1026    25.1041    6.82398 0.0000e+00
      18305     18.384     7.4046     7.4049   3.302051   3.302261     2.9551     2.7426      8.162     0.9739     1.5692 1.0752e-01     0.1911    95.3348     7.3701     6.0975    32.1280    32.1300    25.1025    25.1041    6.82396 0.0000e+00
      18308     18.347     7.4045     7.4048   3.302032   3.302257     2.9551     2.7426      8.162     0.9788     1.5692 1.0752e-01     0.1907    95.3435     7.3702     6.0978    32.1279    32.1300    25.1024    25.1041    6.82397 0.0000e+00
      20173     18.300     7.4084     7.4078   3.302377   3.302528     2.9478     2.7434      8.162     0.9934     1.6876 1.0765e-01     0.1944    95.2566     7.3549     6.1012    32.1281    32.1302    25.1020    25.1038    6.82336 0.0000e+00
      20176     18.208     7.4084     7.4085   3.302341   3.302575     2.9478     2.7430      8.162     0.9837     1.6876 1.0765e-01     0.1940    95.2653     7.3563     6.0982    32.1277    32.1301    25.1017    25.1036    6.82337 0.0000e+00
      20179     18.118     7.4084     7.4088   3.302312   3.302568     2.9478     2.7430      8.162     0.9837     1.6876 1.0752e-01     0.1940    95.2653     7.3577     6.0953    32.1274    32.1297    25.1015    25.1033    6.82338 0.0000e+00
      20182     18.031     7.4082     7.4089   3.302293   3.302576     2.9478     2.7426      8.162     0.9788     1.6876 1.0752e-01     0.1940    95.2653     7.3590     6.0916    32.1274    32.1298    25.1016    25.1033    6.82341 0.0000e+00
      20185     17.949     7.4081     7.4090   3.302289   3.302558     2.9478     2.7426      8.162     0.9788     1.6876 1.0752e-01     0.1940    95.2653     7.3597     6.0892    32.1275    32.1296    25.1017    25.1031    6.82343 0.0000e+00
      20188     17.874     7.4080     7.4088   3.302306   3.302528     2.9478     2.7430      8.162     1.0325     1.6876 1.0752e-01     0.1944    95.2566     7.3603     6.0882    32.1279    32.1295    25.1019    25.1031    6.82343 0.0000e+00
      20191     17.796     7.4079     7.4086   3.302282   3.302531     2.9478     2.7422      8.162     1.0325     1.6876 1.0752e-01     0.1940    95.2653     7.3614     6.0839    32.1277    32.1297    25.1018    25.1033    6.82345 0.0000e+00
      20194     17.720     7.4080     7.4087   3.302294   3.302553     2.9478     2.7418      8.162     1.0276     1.6876 1.0765e-01     0.1929    95.2914     7.3627     6.0813    32.1278    32.1299    25.1019    25.1035    6.82343 0.0000e+00
      20197     17.648     7.4080     7.4088   3.302307   3.302567     2.9478     2.7414      8.162     1.0227     1.6876 1.0752e-01     0.1933    95.2827     7.3639     6.0789    32.1280    32.1300    25.1020    25.1035    6.82343 0.0000e+00
      20200     17.580     7.4080     7.4091   3.302300   3.302576     2.9490     2.7410      8.162     1.0325     1.6876 1.0752e-01     0.1929    95.2914     7.3683     6.0771    32.1279    32.1299    25.1020    25.1034    6.82342 0.0000e+00
      20203     17.516     7.4083     7.4092   3.302330   3.302572     2.9490     2.7401      8.162     1.0276     1.6876 1.0765e-01     0.1933    95.2827     7.3692     6.0752    32.1279    32.1297    25.1020    25.1032    6.82337 0.0000e+00
      20206     17.457     7.4084     7.4094   3.302323   3.302593     2.9490     2.7401      8.162     1.0276     1.6876 1.0752e-01     0.1933    95.2827     7.3701     6.0757    32.1278    32.1298    25.1018    25.1033    6.82336 0.0000e+00
      20209     17.402     7.4085     7.4094   3.302326   3.302579     2.9490     2.7397      8.162     1.0325     1.6876 1.0752e-01     0.1929    95.2914     7.3711     6.0755    32.1278    32.1297    25.1018    25.1032    6.82335 0.0000e+00
      20212     17.350     7.4084     7.4092   3.302292   3.302566     2.9490     2.7401      8.162     1.0227     1.6876 1.0765e-01     0.1962    95.2132     7.3716     6.0784    32.1275    32.1297    25.1016    25.1033    6.82337 0.0000e+00
      20215     17.304     7.4084     7.4089   3.302306   3.302537     2.9498     2.7393      8.162     1.0081     1.6876 1.0752e-01     0.1977    95.1784     7.3744     6.0788    32.1277    32.1298    25.1017    25.1034    6.82336 0.0000e+00
      20218     17.263     7.4084     7.4090   3.302306   3.302559     2.9502     2.7393      8.162     1.0081     1.6876 1.0752e-01     0.1977    95.1784     7.3763     6.0808    32.1278    32.1299    25.1018    25.1035    6.82337 0.0000e+00
      20221     17.224     7.4085     7.4090   3.302316   3.302542     2.9502     2.7389      8.162     1.0130     1.6876 1.0752e-01     0.1977    95.1784     7.3754     6.0816    32.1278    32.1297    25.1018    25.1033    6.82336 0.0000e+00
      20224     17.190     7.4085     7.4092   3.302312   3.302568     2.9502     2.7389      8.162     1.0178     1.6876 1.0752e-01     0.1977    95.1784     7.3746     6.0836    32.1277    32.1298    25.1018    25.1033    6.82335 0.0000e+00
      20227     17.161     7.4084     7.4090   3.302298   3.302537     2.9506     2.7389      8.162     1.0227     1.6876 1.0752e-01     0.1977    95.1784     7.3759     6.0849    32.1277    32.1297    25.1017    25.1032    6.82337 0.0000e+00
      20230     17.136     7.4083     7.4090   3.302287   3.302535     2.9514     2.7389      8.162     1.0178     1.6876 1.0752e-01     0.1977    95.1784     7.3776     6.0858    32.1277    32.1297    25.1018    25.1033    6.82339 0.0000e+00
      20234     17.108     7.4084     7.4089   3.302296   3.302527     2.9514     2.7389      8.162     1.0178     1.6876 1.0752e-01     0.1966    95.2045     7.3764     6.0871    32.1277    32.1297    25.1018    25.1033    6.82337 0.0000e+00
      20291     16.849     7.4086     7.4083   3.302304   3.302477     2.9510     2.7401      8.162     1.0764     1.5692 1.0752e-01     0.1929    95.2914     7.3541     6.1042    32.1277    32.1298    25.1017    25.1035    6.82334 0.0000e+00
      20294     16.826     7.4085     7.4084   3.302299   3.302479     2.9506     2.7401      8.162     1.0423     1.5692 1.0765e-01     0.1951    95.2393     7.3516     6.1051    32.1278    32.1297    25.1018    25.1034    6.82336 0.0000e+00
      20297     16.801     7.4084     7.4087   3.302289   3.302495     2.9506     2.7401      8.162     1.0423     1.6087 1.0752e-01     0.1951    95.2393     7.3505     6.1063    32.1278    32.1297    25.1018    25.1033    6.82336 0.0000e+00
      20300     16.773     7.4083     7.4088   3.302295   3.302484     2.9502     2.7401      8.162     1.0471     1.6876 1.0752e-01     0.1951    95.2393     7.3476     6.1064    32.1279    32.1295    25.1020    25.1031    6.82337 0.0000e+00
      20303     16.742     7.4082     7.4086   3.302287   3.302473     2.9502     2.7405      8.162     1.0471     1.6876 1.0752e-01     0.1951    95.2393     7.3461     6.1082    32.1279    32.1296    25.1019    25.1032    6.82338 0.0000e+00
      20306     16.709     7.4082     7.4086   3.302270   3.302501     2.9502     2.7405      8.162     1.0423     1.6876 1.0777e-01     0.1955    95.2306     7.3450     6.1083    32.1277    32.1299    25.1018    25.1035    6.82339 0.0000e+00
      20309     16.672     7.4083     7.4086   3.302264   3.302459     2.9502     2.7410      8.162     1.0423     1.6876 1.0765e-01     0.1955    95.2306     7.3432     6.1090    32.1277    32.1295    25.1018    25.1032    6.82339 0.0000e+00
      20312     16.632     7.4082     7.4083   3.302270   3.302430     2.9490     2.7414      8.162     1.0423     1.6876 1.0752e-01     0.1955    95.2306     7.3382     6.1091    32.1279    32.1295    25.1019    25.1032    6.82340 0.0000e+00
      20315     16.588     7.4083     7.4080   3.302272   3.302424     2.9482     2.7414      8.162     1.0423     1.6876 1.0752e-01     0.1948    95.2479     7.3345     6.1085    32.1278    32.1297    25.1018    25.1034    6.82338 0.0000e+00
      20318     16.540     7.4083     7.4083   3.302275   3.302430     2.9482     2.7414      8.162     1.0569     1.6876 1.0752e-01     0.1955    95.2306     7.3328     6.1081    32.1278    32.1296    25.1019    25.1032    6.82338 0.0000e+00
      20321     16.489     7.4084     7.4085   3.302293   3.302473     2.9478     2.7426      8.162     1.0716     1.6876 1.0752e-01     0.1948    95.2479     7.3296     6.1104    32.1280    32.1298    25.1020    25.1034    6.82336 0.0000e+00
      20324     16.440     7.4085     7.4086   3.302278   3.302479     2.9469     2.7422      8.162     1.0716     1.6087 1.0752e-01     0.1955    95.2306     7.3261     6.1080    32.1277    32.1298    25.1018    25.1034    6.82335 0.0000e+00
      20327     16.387     7.4085     7.4089   3.302270   3.302512     2.9469     2.7426      8.162     1.0667     1.5692 1.0752e-01     0.1951    95.2393     7.3253     6.1083    32.1277    32.1299    25.1017    25.1034    6.82336 0.0000e+00
      20330     16.330     7.4083     7.4090   3.302268   3.302514     2.9465     2.7426      8.162     1.0667     1.5692 1.0765e-01     0.1955    95.2306     7.3223     6.1080    32.1278    32.1299    25.1019    25.1034    6.82337 0.0000e+00
      20333     16.270     7.4084     7.4091   3.302232   3.302516     2.9453     2.7426      8.162     1.0764     1.5692 1.0765e-01     0.1951    95.2393     7.3172     6.1073    32.1274    32.1298    25.1015    25.1034    6.82338 0.0000e+00
      20336     16.209     7.4082     7.4091   3.302243   3.302506     2.9453     2.7426      8.162     1.0716     1.5692 1.0752e-01     0.1944    95.2566     7.3157     6.1072    32.1277    32.1297    25.1018    25.1033    6.82340 0.0000e+00
      20339     16.145     7.4084     7.4094   3.302250   3.302505     2.9441     2.7426      8.162     1.0667     1.5692 1.0765e-01     0.1944    95.2566     7.3101     6.1068    32.1277    32.1295    25.1017    25.1031    6.82337 0.0000e+00
      20342     16.078     7.4083     7.4091   3.302223   3.302504     2.9441     2.7426      8.162     1.0716     1.5692 1.0752e-01     0.1944    95.2566     7.3082     6.1061    32.1275    32.1297    25.1016    25.1033    6.82340 0.0000e+00
      20345     16.011     7.4082     7.4092   3.302231   3.302504     2.9429     2.7426      8.162     1.0081     1.5692 1.0765e-01     0.1944    95.2566     7.3038     6.1054    32.1277    32.1297    25.1018    25.1032    6.82340 0.0000e+00
      20348     15.942     7.4082     7.4091   3.302225   3.302502     2.9433     2.7426      8.162     1.0130     1.5692 1.0752e-01     0.1944    95.2566     7.3042     6.1052    32.1277    32.1298    25.1018    25.1034    6.82341 0.0000e+00
