Datasets/AZMP/COO001/79001011.cnv
* Sea-Bird SBE 9 Data File:
* FileName = C:\CTDDATA\79001011.hex
* Software Version Seasave V 7.26.7.110
* Temperature SN = 5811
* Conductivity SN = 4531
* Number of Bytes Per Scan = 30
* Number of Voltage Words = 4
* Number of Scans Averaged by the Deck Unit = 1
* NMEA baud rate = 9600
** VESSEL/TRIP/SEQ STN:  79001011
** LATITUDE XX XX.XX N:  46 30.29 N
** LONGITUDE XX XX.XX W:  56 01.79 W
** SOUNDING DEPTH (M):  0150
** PROBE TYPE (S1221): S1221
** CTD NUMBER: 004
** COMMENTS (14 CHAR):  SWSPB-02
** BOTTLES:  11
** LEVELS: 5,5,10,20,20,30,40,50,75,100,BTM
** STICKERS: 434618 - 434628
** VNET: Y
** DO2: Y
# nquan = 22
# nvalues = 3504                        
# units = specified
# name 0 = scan: Scan Count
# name 1 = prDM: Pressure, Digiquartz [db]
# name 2 = t090C: Temperature [ITS-90, deg C]
# name 3 = t190C: Temperature, 2 [ITS-90, deg C]
# name 4 = c0S/m: Conductivity [S/m]
# name 5 = c1S/m: Conductivity, 2 [S/m]
# name 6 = sbeox0V: Oxygen raw, SBE 43 [V]
# name 7 = sbeox1V: Oxygen raw, SBE 43, 2 [V]
# name 8 = ph: pH
# name 9 = flECO-AFL: Fluorescence, WET Labs ECO-AFL/FL [mg/m^3]
# name 10 = wetCDOM: Fluorescence, WET Labs CDOM [mg/m^3]
# name 11 = par/sat/log: PAR/Logarithmic, Satlantic [umol photons/m^2/sec]
# name 12 = CStarAt0: Beam Attenuation, WET Labs C-Star [1/m]
# name 13 = CStarTr0: Beam Transmission, WET Labs C-Star [%]
# name 14 = sbeox0ML/L: Oxygen, SBE 43 [ml/l], WS = 2
# name 15 = sbeox1ML/L: Oxygen, SBE 43, 2 [ml/l], WS = 2
# name 16 = sal00: Salinity, Practical [PSU]
# name 17 = sal11: Salinity, Practical, 2 [PSU]
# name 18 = sigma-t00: Density [sigma-t, kg/m^3 ]
# name 19 = sigma-t11: Density, 2 [sigma-t, kg/m^3 ]
# name 20 = oxsatML/L: Oxygen Saturation, Weiss [ml/l]
# name 21 = flag: flag
# span 0 =         22,      31717       
# span 1 =      1.160,    141.664       
# span 2 =    -0.6623,     5.8790       
# span 3 =    -0.6560,     5.8789       
# span 4 =   2.680635,   3.139722       
# span 5 =   2.681067,   3.139738       
# span 6 =     2.4076,     3.1214       
# span 7 =     2.2895,     2.5377       
# span 8 =      8.027,      8.161       
# span 9 =     0.0460,     0.7420       
# span 10 =    -1.0780,   108.8772      
# span 11 = 1.1746e-01, 6.1713e-01      
# span 12 =    -0.1236,    -0.0083      
# span 13 =   100.2085,   103.1385      
# span 14 =     6.0034,     9.0620      
# span 15 =     7.4867,     8.6316      
# span 16 =    31.7726,    32.6713      
# span 17 =    31.7728,    32.6707      
# span 18 =    25.0176,    26.2543      
# span 19 =    25.0179,    26.2536      
# span 20 =    7.08972,    8.32060      
# span 21 = 0.0000e+00, 0.0000e+00      
# interval = scans: 3                   
# start_time = Nov 18 2019 22:50:38 [System UTC, header]
# bad_flag = -9.990e-29
*END*
[from data line 856]
       2763     74.496     0.3844     0.4307   2.752604   2.754876     2.5645     2.4530      8.109     0.0924     4.7779 1.1787e-01    -0.1180   102.9938     8.3760     8.5076    32.5435    32.5241    26.1046    26.0866    8.09807 0.0000e+00
       2766     74.576     0.3800     0.4008   2.752301   2.752851     2.5641     2.4530      8.106     0.0948     4.7779 1.1760e-01    -0.1180   102.9938     8.3758     8.5157    32.5442    32.5293    26.1054    26.0923    8.09898 0.0000e+00
       2769     74.655     0.3750     0.3936   2.751947   2.752472     2.5633     2.4518      8.109     0.0924     4.7779 1.1787e-01    -0.1194   103.0299     8.3738     8.5113    32.5448    32.5320    26.1061    26.0949    8.10001 0.0000e+00
       2772     74.733     0.3546     0.3850   2.750310   2.751555     2.5625     2.4518      8.106     0.0948     4.7779 1.1787e-01    -0.1201   103.0480     8.3785     8.5152    32.5449    32.5291    26.1073    26.0929    8.10437 0.0000e+00
       2775     74.810     0.3375     0.3659   2.749505   2.750410     2.5625     2.4506      8.106     0.1022     4.5003 1.1773e-01    -0.1194   103.0299     8.3840     8.5161    32.5525    32.5342    26.1143    26.0980    8.10763 0.0000e+00
       2778     74.884     0.3296     0.3528   2.748326   2.749444     2.5621     2.4506      8.109     0.1071     3.9810 1.1787e-01    -0.1194   103.0299     8.3857     8.5188    32.5454    32.5355    26.1089    26.0997    8.10971 0.0000e+00
       2781     74.956     0.3246     0.3579   2.747311   2.749462     2.5617     2.4497      8.106     0.1119     3.9989 1.1787e-01    -0.1194   103.0299     8.3858     8.5136    32.5375    32.5303    26.1028    26.0953    8.11124 0.0000e+00
       2784     75.027     0.2948     0.3617   2.745494   2.748830     2.5604     2.4506      8.106     0.1071     3.9989 1.1787e-01    -0.1194   103.0299     8.3882     8.5169    32.5452    32.5179    26.1106    26.0852    8.11721 0.0000e+00
       2787     75.097     0.2758     0.3514   2.743923   2.748030     2.5608     2.4493      8.107     0.1046     3.9989 1.1787e-01    -0.1194   103.0299     8.3947     8.5139    32.5447    32.5184    26.1111    26.0861    8.12132 0.0000e+00
       2790     75.169     0.2644     0.3308   2.743356   2.746993     2.5600     2.4485      8.107     0.1046     3.9989 1.1787e-01    -0.1194   103.0299     8.3942     8.5173    32.5494    32.5266    26.1154    26.0937    8.12353 0.0000e+00
       2793     75.244     0.2578     0.2924   2.743264   2.744780     2.5596     2.4481      8.107     0.1119     3.9989 1.1773e-01    -0.1194   103.0299     8.3952     8.5283    32.5551    32.5383    26.1204    26.1051    8.12463 0.0000e+00
       2796     75.319     0.2665     0.2819   2.743556   2.743633     2.5600     2.4481      8.107     0.1071     3.9989 1.1787e-01    -0.1194   103.0299     8.3947     8.5343    32.5496    32.5343    26.1155    26.1024    8.12306 0.0000e+00
       2799     75.393     0.3047     0.2730   2.745098   2.742974     2.5592     2.4473      8.106     0.1095     3.9989 1.1787e-01    -0.1194   103.0299     8.3834     8.5346    32.5293    32.5351    26.0972    26.1035    8.11595 0.0000e+00
       2802     75.465     0.2831     0.2496   2.743134   2.741613     2.5588     2.4469      8.106     0.1071     2.1365 1.1787e-01    -0.1194   103.0299     8.3889     8.5396    32.5265    32.5421    26.0960    26.1103    8.12077 0.0000e+00
       2805     75.535     0.2683     0.2414   2.742485   2.740779     2.5580     2.4461      8.107     0.1071     1.0262 1.1773e-01    -0.1194   103.0299     8.3892     8.5412    32.5336    32.5398    26.1025    26.1088    8.12355 0.0000e+00
       2808     75.606     0.2705     0.2411   2.742454   2.740405     2.5572     2.4457      8.107     0.1046     1.0710 1.1773e-01    -0.1194   103.0299     8.3857     8.5417    32.5309    32.5352    26.1002    26.1051    8.12324 0.0000e+00
       2811     75.676     0.2354     0.2242   2.739968   2.739278     2.5568     2.4457      8.107     0.1095     1.0710 1.1787e-01    -0.1194   103.0299     8.3924     8.5520    32.5355    32.5383    26.1057    26.1085    8.13055 0.0000e+00
       2814     75.749     0.1925     0.2099   2.738348   2.738445     2.5568     2.4457      8.107     0.1071     1.0710 1.1787e-01    -0.1194   103.0299     8.4015     8.5604    32.5597    32.5426    26.1273    26.1127    8.13847 0.0000e+00
       2817     75.823     0.2085     0.1988   2.739471   2.737647     2.5564     2.4457      8.107     0.1071     1.0710 1.1787e-01    -0.1194   103.0299     8.3941     8.5658    32.5574    32.5438    26.1247    26.1142    8.13514 0.0000e+00
       2820     75.898     0.2205     0.1989   2.740947   2.737610     2.5560     2.4453      8.107     0.1046     1.0710 1.1773e-01    -0.1194   103.0299     8.3891     8.5655    32.5640    32.5432    26.1294    26.1136    8.13219 0.0000e+00
       2823     75.970     0.2207     0.1862   2.740635   2.736789     2.5560     2.4445      8.107     0.1071     1.0710 1.1787e-01    -0.1194   103.0299     8.3892     8.5678    32.5596    32.5458    26.1259    26.1165    8.13239 0.0000e+00
       2826     76.043     0.2215     0.1771   2.740308   2.736165     2.5556     2.4445      8.107     0.1071     1.0710 1.1787e-01    -0.1190   103.0209     8.3878     8.5717    32.5545    32.5472    26.1217    26.1180    8.13250 0.0000e+00
       2829     76.115     0.2191     0.1753   2.740048   2.735921     2.5547     2.4445      8.107     0.0924     1.2232 1.1787e-01    -0.1183   103.0028     8.3846     8.5732    32.5536    32.5459    26.1210    26.1170    8.13306 0.0000e+00
       2832     76.189     0.2131     0.1735   2.739510   2.735724     2.5543     2.4441      8.107     0.0948     1.2500 1.1787e-01    -0.1187   103.0118     8.3849     8.5714    32.5528    32.5452    26.1208    26.1166    8.13440 0.0000e+00
       2835     76.263     0.2133     0.1734   2.739969   2.735678     2.5543     2.4445      8.107     0.0899     1.2411 1.1787e-01    -0.1183   103.0028     8.3841     8.5735    32.5585    32.5447    26.1253    26.1161    8.13403 0.0000e+00
       2838     76.343     0.2128     0.1686   2.740010   2.735391     2.5527     2.4445      8.105     0.0948     1.2411 1.1787e-01    -0.1180   102.9938     8.3764     8.5738    32.5597    32.5460    26.1263    26.1174    8.13410 0.0000e+00
       2841     76.424     0.1958     0.1605   2.738678   2.734960     2.5527     2.4436      8.105     0.0924     1.2500 1.1773e-01    -0.1183   103.0028     8.3812     8.5723    32.5601    32.5489    26.1275    26.1201    8.13773 0.0000e+00
       2844     76.508     0.1818     0.1551   2.737414   2.734570     2.5523     2.4432      8.107     0.0899     1.2411 1.1787e-01    -0.1187   103.0118     8.3838     8.5735    32.5584    32.5495    26.1267    26.1209    8.14085 0.0000e+00
       2847     76.591     0.1776     0.1497   2.737067   2.734133     2.5515     2.4432      8.105     0.0948     1.2321 1.1787e-01    -0.1197   103.0390     8.3831     8.5755    32.5583    32.5494    26.1269    26.1210    8.14178 0.0000e+00
       2850     76.674     0.1777     0.1438   2.736670   2.733798     2.5511     2.4432      8.102     0.0948     1.2411 1.1773e-01    -0.1215   103.0842     8.3834     8.5773    32.5529    32.5512    26.1225    26.1228    8.14205 0.0000e+00
       2853     76.760     0.1531     0.1429   2.734801   2.733707     2.5511     2.4424      8.104     0.0899     0.9635 1.1787e-01    -0.1215   103.0842     8.3902     8.5752    32.5545    32.5509    26.1250    26.1226    8.14729 0.0000e+00
       2856     76.844     0.1453     0.1398   2.734639   2.733553     2.5511     2.4432      8.107     0.0851    -0.2095 1.1787e-01    -0.1215   103.0842     8.3926     8.5807    32.5606    32.5522    26.1303    26.1238    8.14864 0.0000e+00
       2859     76.933     0.1350     0.1417   2.733744   2.733598     2.5503     2.4424      8.105     0.0851    -0.1916 1.1787e-01    -0.1212   103.0752     8.3932     8.5784    32.5597    32.5507    26.1301    26.1225    8.15092 0.0000e+00
       2862     77.023     0.1554     0.1422   2.735477   2.733596     2.5495     2.4420      8.102     0.0875    -0.1916 1.1787e-01    -0.1215   103.0842     8.3863     8.5778    32.5607    32.5501    26.1299    26.1220    8.14644 0.0000e+00
       2865     77.112     0.1523     0.1374   2.735240   2.733195     2.5499     2.4420      8.104     0.0899    -0.1916 1.1773e-01    -0.1215   103.0842     8.3890     8.5804    32.5609    32.5499    26.1302    26.1220    8.14711 0.0000e+00
       2868     77.205     0.1363     0.1358   2.733794   2.733080     2.5491     2.4420      8.102     0.0875    -0.1916 1.1787e-01    -0.1212   103.0752     8.3902     8.5803    32.5589    32.5501    26.1294    26.1223    8.15069 0.0000e+00
       2871     77.297     0.1239     0.1354   2.732743   2.733061     2.5495     2.4420      8.102     0.0875    -0.2005 1.1787e-01    -0.1215   103.0842     8.3959     8.5783    32.5582    32.5501    26.1294    26.1223    8.15342 0.0000e+00
       2874     77.391     0.1219     0.1362   2.732895   2.733061     2.5482     2.4420      8.102     0.0875    -0.1916 1.1787e-01    -0.1215   103.0842     8.3906     8.5768    32.5622    32.5493    26.1327    26.1216    8.15362 0.0000e+00
       2877     77.483     0.1239     0.1326   2.732906   2.732941     2.5478     2.4420      8.102     0.0851    -0.1916 1.1787e-01    -0.1215   103.0842     8.3875     8.5766    32.5602    32.5514    26.1310    26.1235    8.15330 0.0000e+00
       2880     77.573     0.1233     0.1291   2.733118   2.732883     2.5474     2.4420      8.102     0.0875     0.5695 1.1787e-01    -0.1215   103.0842     8.3864     8.5732    32.5636    32.5543    26.1338    26.1260    8.15325 0.0000e+00
       2883     77.665     0.1386     0.1315   2.734377   2.733380     2.5474     2.4416      8.102     0.0875     1.5008 1.1787e-01    -0.1215   103.0842     8.3833     8.5683    32.5638    32.5582    26.1332    26.1290    8.14992 0.0000e+00
       2886     77.755     0.1303     0.1379   2.732997   2.733544     2.5470     2.4408      8.102     0.0875     1.4649 1.1773e-01    -0.1215   103.0842     8.3831     8.5598    32.5544    32.5536    26.1261    26.1250    8.15224 0.0000e+00
       2889     77.846     0.1087     0.1293   2.731358   2.733106     2.5470     2.4408      8.102     0.0875     1.4649 1.1787e-01    -0.1205   103.0571     8.3872     8.5586    32.5558    32.5569    26.1282    26.1281    8.15684 0.0000e+00
       2892     77.940     0.1068     0.1252   2.731938   2.732691     2.5462     2.4408      8.102     0.0875     1.4470 1.1773e-01    -0.1205   103.0571     8.3833     8.5561    32.5654    32.5558    26.1360    26.1274    8.15672 0.0000e+00
       2895     78.033     0.1172     0.1263   2.732349   2.732563     2.5462     2.4396      8.102     0.0875     1.4739 1.1773e-01    -0.1201   103.0480     8.3798     8.5476    32.5596    32.5528    26.1309    26.1249    8.15478 0.0000e+00
       2898     78.131     0.1115     0.1247   2.732173   2.732403     2.5454     2.4400      8.102     0.0851     1.4560 1.1787e-01    -0.1205   103.0571     8.3782     8.5459    32.5634    32.5523    26.1342    26.1246    8.15581 0.0000e+00
       2901     78.226     0.1090     0.1270   2.732292   2.732580     2.5450     2.4396      8.102     0.0875     1.4560 1.1787e-01    -0.1205   103.0571     8.3755     8.5414    32.5676    32.5521    26.1377    26.1244    8.15613 0.0000e+00
       2904     78.322     0.1162     0.1253   2.733038   2.732721     2.5446     2.4383      8.102     0.0899     1.4560 1.1787e-01    -0.1205   103.0571     8.3705     8.5348    32.5696    32.5557    26.1389    26.1274    8.15444 0.0000e+00
       2907     78.415     0.1108     0.1254   2.732333   2.732723     2.5446     2.4383      8.102     0.0753     3.5602 1.1787e-01    -0.1208   103.0661     8.3704     8.5334    32.5660    32.5557    26.1363    26.1273    8.15581 0.0000e+00
       2910     78.510     0.1096     0.1327   2.732361   2.733426     2.5433     2.4383      8.102     0.0729     4.2854 1.1787e-01    -0.1226   103.1113     8.3642     8.5309    32.5677    32.5571    26.1377    26.1281    8.15599 0.0000e+00
       2913     78.607     0.0980     0.1326   2.731491   2.733230     2.5433     2.4379      8.102     0.0729     4.2675 1.1787e-01    -0.1226   103.1113     8.3674     8.5296    32.5685    32.5546    26.1389    26.1261    8.15846 0.0000e+00
       2916     78.702     0.0984     0.1237   2.731555   2.732600     2.5421     2.4371      8.102     0.0729     4.2675 1.1787e-01    -0.1222   103.1023     8.3620     8.5302    32.5689    32.5557    26.1392    26.1274    8.15836 0.0000e+00
       2919     78.796     0.1094     0.1272   2.732478   2.732859     2.5421     2.4367      8.102     0.0729     4.2675 1.1773e-01    -0.1226   103.1113     8.3594     8.5280    32.5692    32.5553    26.1390    26.1269    8.15594 0.0000e+00
       2922     78.892     0.1077     0.1249   2.732182   2.732789     2.5421     2.4359      8.100     0.0729     4.2586 1.1773e-01    -0.1226   103.1113     8.3597     8.5250    32.5671    32.5568    26.1374    26.1282    8.15643 0.0000e+00
       2925     78.986     0.1078     0.1250   2.732123   2.732702     2.5409     2.4359      8.101     0.0729     4.2675 1.1787e-01    -0.1226   103.1113     8.3535     8.5250    32.5661    32.5554    26.1366    26.1271    8.15645 0.0000e+00
       2928     79.080     0.1058     0.1209   2.731961   2.732504     2.5409     2.4351      8.099     0.0729     4.2675 1.1787e-01    -0.1222   103.1023     8.3537     8.5226    32.5661    32.5572    26.1367    26.1288    8.15690 0.0000e+00
       2931     79.170     0.1141     0.1198   2.732626   2.732434     2.5397     2.4347      8.099     0.0704     4.2675 1.1787e-01    -0.1229   103.1204     8.3468     8.5210    32.5659    32.5574    26.1361    26.1290    8.15511 0.0000e+00
       2934     79.262     0.1155     0.1177   2.732679   2.732208     2.5397     2.4347      8.099     0.0729     4.2944 1.1787e-01    -0.1226   103.1113     8.3475     8.5222    32.5651    32.5566    26.1354    26.1284    8.15485 0.0000e+00
       2937     79.351     0.1119     0.1100   2.732329   2.731511     2.5397     2.4347      8.099     0.0729     4.2944 1.1787e-01    -0.1226   103.1113     8.3494     8.5253    32.5643    32.5556    26.1349    26.1280    8.15568 0.0000e+00
       2940     79.441     0.0999     0.1070   2.731567   2.731385     2.5385     2.4343      8.098     0.0729     4.2944 1.1787e-01    -0.1226   103.1113     8.3484     8.5248    32.5670    32.5571    26.1376    26.1293    8.15813 0.0000e+00
       2943     79.530     0.0967     0.1030   2.731180   2.731139     2.5385     2.4335      8.098     0.0729     4.2944 1.1787e-01    -0.1229   103.1204     8.3499     8.5214    32.5652    32.5580    26.1364    26.1302    8.15892 0.0000e+00
       2946     79.621     0.0976     0.1005   2.731299   2.730982     2.5372     2.4331      8.101     0.0729     4.2944 1.1787e-01    -0.1226   103.1113     8.3452     8.5195    32.5658    32.5586    26.1368    26.1308    8.15870 0.0000e+00
       2949     79.708     0.0958     0.0981   2.730921   2.730782     2.5368     2.4322      8.098     0.0729     4.2944 1.1773e-01    -0.1208   103.0661     8.3447     8.5167    32.5627    32.5585    26.1343    26.1309    8.15925 0.0000e+00
       2952     79.793     0.0905     0.0943   2.730405   2.730531     2.5364     2.4322      8.099     0.0704     4.2944 1.1787e-01    -0.1201   103.0480     8.3453     8.5176    32.5615    32.5591    26.1337    26.1315    8.16048 0.0000e+00
       2955     79.877     0.0902     0.0870   2.730361   2.729991     2.5360     2.4322      8.098     0.0729     4.2944 1.1787e-01    -0.1201   103.0480     8.3455     8.5180    32.5611    32.5598    26.1334    26.1324    8.16055 0.0000e+00
