Datasets/AZMP/COO001/79001024.cnv
* Sea-Bird SBE 9 Data File:
* FileName = C:\CTDDATA\79001024.hex
* Software Version Seasave V 7.26.7.110
* Temperature SN = 5660
* Conductivity SN = 3698
* Number of Bytes Per Scan = 30
* Number of Voltage Words = 4
* Number of Scans Averaged by the Deck Unit = 1
* NMEA baud rate = 9600
** VESSEL/TRIP/SEQ STN:  79001024
** LATITUDE XX XX.XX N:  46 04.20 N
** LONGITUDE XX XX.XX W:  52 30.00 W
** SOUNDING DEPTH (M):  0093
** PROBE TYPE: S1257
** CTD NUMBER: 011
** COMMENTS (14 CHAR): SEGB-05
** BOTTLES:  20
** LEVELS: 5,5,5,5,10,20,20,20,20,30,40,50,50,50,50,75,BTM,BTM,BTM,BTM
** STICKERS: 434725 - 434744
** VNET: Y
** DO2: N
# nquan = 22
# nvalues = 3203                        
# units = specified
# name 0 = scan: Scan Count
# name 1 = prDM: Pressure, Digiquartz [db]
# name 2 = t090C: Temperature [ITS-90, deg C]
# name 3 = t190C: Temperature, 2 [ITS-90, deg C]
# name 4 = c0S/m: Conductivity [S/m]
# name 5 = c1S/m: Conductivity, 2 [S/m]
# name 6 = sbeox0V: Oxygen raw, SBE 43 [V]
# name 7 = sbeox1V: Oxygen raw, SBE 43, 2 [V]
# name 8 = ph: pH
# name 9 = flECO-AFL: Fluorescence, WET Labs ECO-AFL/FL [mg/m^3]
# name 10 = wetCDOM: Fluorescence, WET Labs CDOM [mg/m^3]
# name 11 = par/sat/log: PAR/Logarithmic, Satlantic [umol photons/m^2/sec]
# name 12 = CStarAt0: Beam Attenuation, WET Labs C-Star [1/m]
# name 13 = CStarTr0: Beam Transmission, WET Labs C-Star [%]
# name 14 = sbeox0ML/L: Oxygen, SBE 43 [ml/l], WS = 2
# name 15 = sbeox1ML/L: Oxygen, SBE 43, 2 [ml/l], WS = 2
# name 16 = sal00: Salinity, Practical [PSU]
# name 17 = sal11: Salinity, Practical, 2 [PSU]
# name 18 = sigma-t00: Density [sigma-t, kg/m^3 ]
# name 19 = sigma-t11: Density, 2 [sigma-t, kg/m^3 ]
# name 20 = oxsatML/L: Oxygen Saturation, Weiss [ml/l]
# name 21 = flag: flag
# span 0 =         48,      35359       
# span 1 =      1.613,     86.816       
# span 2 =    -0.3774,     7.1562       
# span 3 =    -0.3824,     7.1571       
# span 4 =   2.730016,   3.264739       
# span 5 =   2.729895,   3.264903       
# span 6 =     2.4408,     2.9659       
# span 7 =     2.2564,     2.7473       
# span 8 =      7.932,      8.168       
# span 9 =     0.0996,     2.8640       
# span 10 =     1.0954,     2.1614      
# span 11 = 1.0752e-01, 3.4404e+01      
# span 12 =     0.1045,     0.4004      
# span 13 =    90.4772,    97.4204      
# span 14 =     6.1921,     8.3546      
# span 15 =     5.2704,     6.5857      
# span 16 =    30.9799,    33.3077      
# span 17 =    31.7905,    33.0626      
# span 18 =    24.5428,    26.5741      
# span 19 =    24.9747,    26.5586      
# span 20 =    6.87208,    8.23524      
# span 21 = 0.0000e+00, 0.0000e+00      
# interval = scans: 3                   
# start_time = Nov 23 2019 18:22:59 [System UTC, header]
# bad_flag = -9.990e-29
*END*
[from data line 3029]
      29087     10.160     7.1552     7.1548   3.262419   3.262550     2.9162     2.7366      8.163     0.5539     1.3323 8.0610e+00     0.1120    97.2379     7.3096     6.1020    31.9341    31.9360    24.9838    24.9853    6.87225 0.0000e+00
      29090     10.126     7.1552     7.1547   3.262406   3.262550     2.9162     2.7362      8.163     0.5490     1.3323 8.0516e+00     0.1120    97.2379     7.3073     6.1009    31.9341    31.9360    24.9838    24.9854    6.87227 0.0000e+00
      29093     10.090     7.1550     7.1548   3.262390   3.262554     2.9154     2.7354      8.163     0.5588     1.3323 8.0423e+00     0.1138    97.1945     7.3035     6.1001    31.9341    31.9361    24.9838    24.9854    6.87229 0.0000e+00
      29096     10.056     7.1549     7.1547   3.262402   3.262538     2.9154     2.7354      8.163     0.5685     1.3323 8.0984e+00     0.1142    97.1858     7.3017     6.1013    31.9343    31.9360    24.9840    24.9854    6.87229 0.0000e+00
      29099     10.023     7.1548     7.1547   3.262356   3.262540     2.9158     2.7354      8.163     0.5978     1.3323 8.1737e+00     0.1142    97.1858     7.3010     6.1032    31.9340    31.9360    24.9837    24.9854    6.87234 0.0000e+00
      29102      9.992     7.1548     7.1547   3.262379   3.262554     2.9154     2.7342      8.163     0.5832     1.3323 8.2305e+00     0.1142    97.1858     7.2979     6.1019    31.9342    31.9362    24.9839    24.9855    6.87232 0.0000e+00
      29105      9.964     7.1549     7.1547   3.262395   3.262532     2.9154     2.7342      8.163     0.5881     1.3323 8.2686e+00     0.1142    97.1858     7.2965     6.1051    31.9343    31.9360    24.9840    24.9853    6.87230 0.0000e+00
      29108      9.939     7.1548     7.1547   3.262389   3.262544     2.9154     2.7342      8.163     0.5929     1.3323 8.3069e+00     0.1142    97.1858     7.2952     6.1096    31.9343    31.9361    24.9840    24.9854    6.87231 0.0000e+00
      29111      9.917     7.1548     7.1547   3.262393   3.262532     2.9150     2.7342      8.163     0.5929     1.3323 8.3262e+00     0.1146    97.1771     7.2933     6.1131    31.9344    31.9360    24.9841    24.9853    6.87231 0.0000e+00
      29303      9.898     7.1548     7.1551   3.262380   3.262540     2.9141     2.7403      8.163     0.5246     1.3323 8.2020e+00     0.1113    97.2553     7.2982     6.1308    31.9343    31.9357    24.9840    24.9851    6.87232 0.0000e+00
      29306      9.869     7.1548     7.1551   3.262378   3.262560     2.9141     2.7403      8.163     0.5490     1.3323 8.2400e+00     0.1110    97.2640     7.2996     6.1286    31.9342    31.9360    24.9839    24.9853    6.87231 0.0000e+00
      29309      9.841     7.1550     7.1551   3.262366   3.262548     2.9137     2.7399      8.163     0.5734     1.3323 8.2686e+00     0.1110    97.2640     7.2992     6.1253    31.9340    31.9358    24.9837    24.9852    6.87230 0.0000e+00
      30459      9.816     7.1547     7.1550   3.262340   3.262562     2.9141     2.7374      8.163     0.5392     1.2139 9.1523e+00     0.1120    97.2379     7.3060     6.1150    31.9339    31.9361    24.9837    24.9854    6.87235 0.0000e+00
      31035      9.779     7.1544     7.1551   3.262288   3.262550     2.9141     2.7362      8.163     0.4757     1.2139 9.6208e+00     0.1127    97.2205     7.3088     6.1111    31.9337    31.9358    24.9835    24.9852    6.87241 0.0000e+00
      31038      9.744     7.1543     7.1549   3.262324   3.262549     2.9145     2.7354      8.163     0.4757     1.2928 9.6990e+00     0.1127    97.2205     7.3100     6.1095    31.9342    31.9361    24.9840    24.9854    6.87240 0.0000e+00
      31041      9.705     7.1544     7.1549   3.262338   3.262555     2.9145     2.7354      8.163     0.4806     1.3323 9.7665e+00     0.1131    97.2118     7.3099     6.1106    31.9343    31.9362    24.9840    24.9855    6.87239 0.0000e+00
      31044      9.669     7.1544     7.1549   3.262320   3.262535     2.9149     2.7354      8.163     0.4855     1.3323 9.8345e+00     0.1127    97.2205     7.3110     6.1114    31.9340    31.9360    24.9838    24.9853    6.87239 0.0000e+00
      31047      9.637     7.1543     7.1548   3.262322   3.262523     2.9149     2.7350      8.163     0.4806     1.3323 9.8915e+00     0.1120    97.2379     7.3111     6.1117    31.9342    31.9359    24.9840    24.9853    6.87240 0.0000e+00
      31050      9.613     7.1542     7.1548   3.262322   3.262511     2.9149     2.7350      8.163     0.4708     1.3323 9.9029e+00     0.1127    97.2205     7.3102     6.1135    31.9343    31.9358    24.9841    24.9852    6.87241 0.0000e+00
      31053      9.591     7.1543     7.1548   3.262298   3.262525     2.9149     2.7350      8.163     0.4757     1.3323 9.9029e+00     0.1092    97.3074     7.3093     6.1147    31.9340    31.9360    24.9839    24.9854    6.87241 0.0000e+00
      31077      9.510     7.1540     7.1548   3.262290   3.262515     2.9145     2.7342      8.163     0.5148     1.2928 9.9144e+00     0.1106    97.2727     7.3029     6.1116    31.9342    31.9359    24.9840    24.9853    6.87245 0.0000e+00
      31120      9.380     7.1534     7.1546   3.262254   3.262523     2.9125     2.7330      8.163     0.5734     1.4507 9.9718e+00     0.1135    97.2031     7.2904     6.1035    31.9344    31.9362    24.9843    24.9855    6.87253 0.0000e+00
      31123      9.353     7.1536     7.1548   3.262255   3.262513     2.9133     2.7317      8.163     0.5685     1.4507 9.9832e+00     0.1135    97.2031     7.2931     6.1022    31.9343    31.9360    24.9842    24.9853    6.87252 0.0000e+00
      31126      9.322     7.1539     7.1546   3.262298   3.262505     2.9133     2.7317      8.163     0.5783     1.4507 9.9373e+00     0.1131    97.2118     7.2928     6.1048    31.9345    31.9360    24.9843    24.9854    6.87246 0.0000e+00
      31129      9.289     7.1541     7.1546   3.262315   3.262497     2.9125     2.7317      8.163     0.5783     1.4507 9.9603e+00     0.1131    97.2118     7.2899     6.1073    31.9345    31.9360    24.9843    24.9854    6.87242 0.0000e+00
      31132      9.260     7.1543     7.1547   3.262323   3.262495     2.9125     2.7317      8.163     0.5783     1.4507 1.0030e+01     0.1135    97.2032     7.2894     6.1098    31.9343    31.9359    24.9841    24.9853    6.87239 0.0000e+00
      31135      9.228     7.1544     7.1546   3.262310   3.262487     2.9125     2.7317      8.163     0.5685     1.4507 1.0146e+01     0.1117    97.2466     7.2887     6.1113    31.9342    31.9359    24.9840    24.9852    6.87239 0.0000e+00
      31138      9.194     7.1545     7.1546   3.262304   3.262478     2.9121     2.7317      8.163     0.5539     1.4507 1.0240e+01     0.1120    97.2379     7.2872     6.1131    31.9340    31.9358    24.9838    24.9853    6.87238 0.0000e+00
      31141      9.160     7.1544     7.1544   3.262280   3.262460     2.9117     2.7321      8.163     0.5246     1.4507 1.0217e+01     0.1120    97.2379     7.2861     6.1168    31.9339    31.9358    24.9837    24.9853    6.87240 0.0000e+00
      31144      9.125     7.1542     7.1546   3.262304   3.262477     2.9117     2.7321      8.163     0.5246     1.4507 1.0170e+01     0.1120    97.2379     7.2866     6.1193    31.9343    31.9358    24.9841    24.9853    6.87241 0.0000e+00
      31147      9.088     7.1543     7.1548   3.262312   3.262519     2.9117     2.7330      8.163     0.5148     1.4507 1.0146e+01     0.1120    97.2379     7.2869     6.1238    31.9344    31.9362    24.9841    24.9855    6.87240 0.0000e+00
      31150      9.050     7.1543     7.1553   3.262300   3.262557     2.9113     2.7330      8.163     0.5197     1.4507 1.0170e+01     0.1120    97.2379     7.2866     6.1244    31.9342    31.9361    24.9840    24.9854    6.87240 0.0000e+00
      31153      9.009     7.1544     7.1556   3.262320   3.262563     2.9113     2.7330      8.163     0.5197     1.4507 1.0182e+01     0.1127    97.2205     7.2884     6.1249    31.9344    31.9359    24.9842    24.9852    6.87238 0.0000e+00
      31156      8.970     7.1545     7.1558   3.262304   3.262572     2.9113     2.7330      8.163     0.5295     1.4507 1.0182e+01     0.1131    97.2118     7.2893     6.1251    31.9341    31.9358    24.9839    24.9851    6.87237 0.0000e+00
      31159      8.931     7.1544     7.1555   3.262298   3.262527     2.9113     2.7330      8.163     0.5295     1.4507 1.0182e+01     0.1131    97.2118     7.2908     6.1250    31.9342    31.9356    24.9840    24.9849    6.87238 0.0000e+00
      31162      8.894     7.1544     7.1553   3.262308   3.262477     2.9113     2.7334      8.163     0.5295     1.4507 1.0205e+01     0.1131    97.2118     7.2920     6.1263    31.9343    31.9353    24.9841    24.9847    6.87238 0.0000e+00
      31165      8.860     7.1544     7.1551   3.262310   3.262508     2.9113     2.7338      8.163     0.5685     1.4507 1.0229e+01     0.1131    97.2118     7.2931     6.1273    31.9343    31.9358    24.9841    24.9852    6.87237 0.0000e+00
      31168      8.828     7.1546     7.1553   3.262333   3.262522     2.9109     2.7338      8.163     0.5929     1.4112 1.0312e+01     0.1131    97.2118     7.2931     6.1267    31.9344    31.9358    24.9842    24.9851    6.87235 0.0000e+00
      31171      8.800     7.1546     7.1553   3.262307   3.262532     2.9113     2.7342      8.163     0.5978     1.3323 1.0348e+01     0.1131    97.2118     7.2956     6.1266    31.9342    31.9360    24.9839    24.9853    6.87236 0.0000e+00
      31174      8.773     7.1547     7.1553   3.262325   3.262525     2.9113     2.7342      8.163     0.5929     1.3323 1.0348e+01     0.1160    97.1423     7.2964     6.1268    31.9343    31.9359    24.9840    24.9852    6.87233 0.0000e+00
      31179      8.736     7.1547     7.1555   3.262317   3.262549     2.9121     2.7346      8.163     0.5978     1.3323 1.0300e+01     0.1163    97.1336     7.3006     6.1270    31.9342    31.9359    24.9839    24.9852    6.87233 0.0000e+00
      31201      8.619     7.1547     7.1559   3.262313   3.262584     2.9129     2.7350      8.163     0.5685     1.4507 1.1002e+01     0.1131    97.2118     7.3085     6.1247    31.9342    31.9360    24.9840    24.9852    6.87234 0.0000e+00
      31204      8.594     7.1546     7.1561   3.262315   3.262597     2.9133     2.7354      8.163     0.5734     1.4507 1.1129e+01     0.1131    97.2118     7.3098     6.1261    31.9344    31.9360    24.9841    24.9852    6.87235 0.0000e+00
      31207      8.565     7.1546     7.1562   3.262307   3.262604     2.9137     2.7354      8.163     0.5734     1.4507 1.1194e+01     0.1131    97.2118     7.3108     6.1268    31.9343    31.9360    24.9840    24.9852    6.87235 0.0000e+00
      31210      8.533     7.1546     7.1563   3.262303   3.262590     2.9137     2.7354      8.163     0.5685     1.4507 1.1233e+01     0.1131    97.2118     7.3105     6.1281    31.9343    31.9358    24.9840    24.9850    6.87235 0.0000e+00
      31213      8.499     7.1547     7.1563   3.262289   3.262598     2.9141     2.7358      8.163     0.5685     1.4507 1.1298e+01     0.1124    97.2292     7.3108     6.1313    31.9340    31.9358    24.9838    24.9850    6.87235 0.0000e+00
      31216      8.465     7.1547     7.1563   3.262286   3.262588     2.9145     2.7354      8.163     0.5734     1.4507 1.1337e+01     0.1106    97.2727     7.3105     6.1320    31.9340    31.9358    24.9838    24.9850    6.87235 0.0000e+00
      31219      8.427     7.1546     7.1561   3.262286   3.262572     2.9149     2.7358      8.163     0.5539     1.4507 1.1350e+01     0.1110    97.2640     7.3111     6.1343    31.9341    31.9358    24.9839    24.9850    6.87236 0.0000e+00
      31222      8.387     7.1545     7.1560   3.262288   3.262570     2.9141     2.7366      8.163     0.5539     1.4507 1.1364e+01     0.1110    97.2640     7.3074     6.1379    31.9342    31.9359    24.9840    24.9851    6.87237 0.0000e+00
      31225      8.348     7.1546     7.1559   3.262307   3.262544     2.9149     2.7366      8.163     0.5587     1.4507 1.1298e+01     0.1110    97.2640     7.3085     6.1395    31.9344    31.9357    24.9841    24.9850    6.87235 0.0000e+00
      31228      8.305     7.1545     7.1561   3.262278   3.262546     2.9149     2.7366      8.163     0.5636     1.4507 1.1168e+01     0.1113    97.2553     7.3074     6.1400    31.9341    31.9356    24.9839    24.9849    6.87237 0.0000e+00
      31231      8.262     7.1545     7.1559   3.262286   3.262547     2.9149     2.7374      8.163     0.5539     1.4507 1.0976e+01     0.1110    97.2640     7.3060     6.1429    31.9342    31.9358    24.9840    24.9851    6.87236 0.0000e+00
      31234      8.222     7.1545     7.1558   3.262280   3.262543     2.9149     2.7374      8.163     0.5588     1.4507 1.0763e+01     0.1124    97.2292     7.3050     6.1439    31.9342    31.9359    24.9840    24.9851    6.87237 0.0000e+00
      31237      8.176     7.1545     7.1561   3.262288   3.262559     2.9145     2.7378      8.163     0.5539     1.4507 1.0614e+01     0.1135    97.2031     7.3030     6.1456    31.9343    31.9357    24.9841    24.9850    6.87236 0.0000e+00
      31240      8.133     7.1545     7.1561   3.262264   3.262563     2.9153     2.7382      8.163     0.5441     1.4507 1.0516e+01     0.1135    97.2031     7.3049     6.1464    31.9341    31.9359    24.9839    24.9851    6.87238 0.0000e+00
      31243      8.088     7.1545     7.1563   3.262276   3.262570     2.9149     2.7391      8.163     0.5734     1.4507 1.0504e+01     0.1138    97.1945     7.3032     6.1475    31.9342    31.9357    24.9840    24.9849    6.87237 0.0000e+00
      31246      8.045     7.1544     7.1563   3.262268   3.262580     2.9149     2.7387      8.163     0.6076     1.4902 1.0589e+01     0.1142    97.1858     7.3028     6.1454    31.9342    31.9359    24.9840    24.9851    6.87238 0.0000e+00
      31249      8.001     7.1544     7.1562   3.262216   3.262553     2.9149     2.7391      8.163     0.6076     1.5692 1.0725e+01     0.1138    97.1945     7.3024     6.1455    31.9337    31.9357    24.9836    24.9850    6.87240 0.0000e+00
      31252      7.961     7.1542     7.1562   3.262249   3.262563     2.9153     2.7395      8.163     0.6027     1.5692 1.1027e+01     0.1135    97.2031     7.3036     6.1449    31.9343    31.9358    24.9841    24.9850    6.87241 0.0000e+00
      31255      7.919     7.1545     7.1561   3.262284   3.262547     2.9145     2.7395      8.163     0.6027     1.5692 1.1377e+01     0.1092    97.3074     7.3010     6.1428    31.9344    31.9357    24.9841    24.9850    6.87236 0.0000e+00
      31258      7.878     7.1547     7.1560   3.262297   3.262529     2.9149     2.7403      8.163     0.6076     1.5692 1.1738e+01     0.1088    97.3161     7.3021     6.1433    31.9344    31.9357    24.9841    24.9850    6.87233 0.0000e+00
      31261      7.837     7.1548     7.1561   3.262299   3.262561     2.9149     2.7403      8.163     0.6125     1.5692 1.2012e+01     0.1088    97.3161     7.3021     6.1414    31.9343    31.9360    24.9841    24.9852    6.87232 0.0000e+00
      31264      7.800     7.1550     7.1562   3.262314   3.262569     2.9149     2.7403      8.163     0.6076     1.5692 1.2194e+01     0.1088    97.3161     7.3015     6.1395    31.9343    31.9360    24.9840    24.9851    6.87228 0.0000e+00
      31267      7.765     7.1550     7.1562   3.262306   3.262565     2.9149     2.7403      8.163     0.6076     1.5692 1.2279e+01     0.1088    97.3161     7.3016     6.1380    31.9342    31.9359    24.9839    24.9851    6.87228 0.0000e+00
      31270      7.730     7.1550     7.1563   3.262296   3.262585     2.9149     2.7403      8.163     0.5539     1.5692 1.2279e+01     0.1088    97.3161     7.3015     6.1367    31.9342    31.9360    24.9839    24.9852    6.87230 0.0000e+00
