Datasets/AZMP/COO001/79001122.cnv
* Sea-Bird SBE 9 Data File:
* FileName = C:\CTDDATA\79001122.hex
* Software Version Seasave V 7.26.7.110
* Temperature SN = 5660
* Conductivity SN = 3698
* Number of Bytes Per Scan = 30
* Number of Voltage Words = 4
* Number of Scans Averaged by the Deck Unit = 1
* NMEA baud rate = 9600
** VESSEL/TRIP/SEQ STN:  79001122
** LATITUDE XX XX.XX N:  47 00.00 N
** LONGITUDE XX XX.XX W:  52 19.30 W
** SOUNDING DEPTH (M):  0129
** PROBE TYPE: S1257
** CTD NUMBER: 082
** COMMENTS (14 CHAR): FC-04
** BOTTLES:  11
** LEVELS: 5,5,10,20,20,30,40,50,75,100,BTM
** STICKERS: 435642 - 435652
** VNET: Y
** DO2: N
# nquan = 22
# nvalues = 3920                        
# units = specified
# name 0 = scan: Scan Count
# name 1 = prDM: Pressure, Digiquartz [db]
# name 2 = t090C: Temperature [ITS-90, deg C]
# name 3 = t190C: Temperature, 2 [ITS-90, deg C]
# name 4 = c0S/m: Conductivity [S/m]
# name 5 = c1S/m: Conductivity, 2 [S/m]
# name 6 = sbeox0V: Oxygen raw, SBE 43 [V]
# name 7 = sbeox1V: Oxygen raw, SBE 43, 2 [V]
# name 8 = ph: pH
# name 9 = flECO-AFL: Fluorescence, WET Labs ECO-AFL/FL [mg/m^3]
# name 10 = wetCDOM: Fluorescence, WET Labs CDOM [mg/m^3]
# name 11 = par/sat/log: PAR/Logarithmic, Satlantic [umol photons/m^2/sec]
# name 12 = CStarAt0: Beam Attenuation, WET Labs C-Star [1/m]
# name 13 = CStarTr0: Beam Transmission, WET Labs C-Star [%]
# name 14 = sbeox0ML/L: Oxygen, SBE 43 [ml/l], WS = 2
# name 15 = sbeox1ML/L: Oxygen, SBE 43, 2 [ml/l], WS = 2
# name 16 = sal00: Salinity, Practical [PSU]
# name 17 = sal11: Salinity, Practical, 2 [PSU]
# name 18 = sigma-t00: Density [sigma-t, kg/m^3 ]
# name 19 = sigma-t11: Density, 2 [sigma-t, kg/m^3 ]
# name 20 = oxsatML/L: Oxygen Saturation, Weiss [ml/l]
# name 21 = flag: flag
# span 0 =         26,      37378       
# span 1 =      0.567,    121.562       
# span 2 =    -1.0610,     3.4784       
# span 3 =    -1.0626,     3.4767       
# span 4 =   2.650408,   2.952353       
# span 5 =   2.650183,   2.952602       
# span 6 =     2.4038,     2.7701       
# span 7 =     2.3765,     2.7456       
# span 8 =      8.050,      8.186       
# span 9 =     0.0068,     0.9641       
# span 10 =    -0.7601,     3.5036      
# span 11 = 1.0790e-01, 1.6232e+02      
# span 12 =     0.0524,     1.7463      
# span 13 =    64.6251,    98.6978      
# span 14 =     6.5372,     7.9719      
# span 15 =     7.5088,     8.5819      
# span 16 =    31.0953,    33.0976      
# span 17 =    31.8952,    33.0953      
# span 18 =    24.7291,    26.6003      
# span 19 =    25.3660,    26.5954      
# span 20 =    7.51121,    8.40669      
# span 21 = 0.0000e+00, 0.0000e+00      
# interval = scans: 3                   
# start_time = Dec 08 2019 16:48:36 [System UTC, header]
# bad_flag = -9.990e-29
*END*
[from data line 3227]
      23881     36.380     3.2526     3.3032   2.941622   2.944626     2.7441     2.7176      8.179     0.6515     1.8455 2.6111e+00     0.1120    97.2379     7.5325     7.9095    31.9954    31.9815    25.4656    25.4500    7.54912 0.0000e+00
      23884     36.326     3.2547     3.3057   2.941684   2.944712     2.7453     2.7172      8.178     0.6467     1.6876 2.6202e+00     0.1120    97.2379     7.5377     7.9018    31.9941    31.9800    25.4643    25.4486    7.54878 0.0000e+00
      23887     36.276     3.2562     3.3091   2.941741   2.944974     2.7445     2.7164      8.178     0.6467     1.6876 2.6233e+00     0.1120    97.2379     7.5347     7.8950    31.9933    31.9798    25.4635    25.4481    7.54854 0.0000e+00
      23890     36.227     3.2568     3.3120   2.941710   2.945053     2.7449     2.7160      8.179     0.6467     1.6876 2.6324e+00     0.1120    97.2379     7.5356     7.8924    31.9923    31.9779    25.4627    25.4464    7.54847 0.0000e+00
      23893     36.182     3.2580     3.3088   2.941864   2.944850     2.7449     2.7160      8.179     0.6467     1.6876 2.6538e+00     0.1120    97.2379     7.5356     7.8939    31.9931    31.9787    25.4632    25.4473    7.54822 0.0000e+00
      23896     36.136     3.2609     3.3060   2.941964   2.944734     2.7449     2.7160      8.179     0.6564     1.6876 2.6415e+00     0.1120    97.2379     7.5356     7.8966    31.9914    31.9801    25.4616    25.4486    7.54774 0.0000e+00
      23899     36.092     3.2617     3.3057   2.941948   2.944800     2.7449     2.7160      8.179     0.7199     1.6876 2.6507e+00     0.1124    97.2292     7.5367     7.9000    31.9904    31.9811    25.4607    25.4495    7.54764 0.0000e+00
      23902     36.051     3.2615     3.3033   2.941912   2.944317     2.7445     2.7156      8.179     0.7199     1.6876 2.6599e+00     0.1127    97.2205     7.5345     7.9016    31.9902    31.9777    25.4606    25.4470    7.54770 0.0000e+00
      23905     36.009     3.2612     3.2956   2.941912   2.944105     2.7453     2.7152      8.179     0.7248     1.6876 2.6630e+00     0.1131    97.2118     7.5353     7.9059    31.9905    31.9828    25.4609    25.4517    7.54773 0.0000e+00
      23908     35.971     3.2613     3.3001   2.941934   2.944267     2.7453     2.7148      8.179     0.7199     1.7665 2.6691e+00     0.1131    97.2118     7.5346     7.9097    31.9907    31.9804    25.4610    25.4494    7.54770 0.0000e+00
      23911     35.936     3.2615     3.3026   2.941980   2.944278     2.7441     2.7148      8.179     0.7150     1.8060 2.6691e+00     0.1127    97.2205     7.5303     7.9124    31.9911    31.9780    25.4614    25.4473    7.54766 0.0000e+00
      23914     35.898     3.2620     3.3030   2.942034   2.944290     2.7441     2.7148      8.178     0.7150     1.8060 2.6660e+00     0.1131    97.2118     7.5306     7.9153    31.9913    31.9779    25.4614    25.4471    7.54755 0.0000e+00
      23917     35.863     3.2631     3.3006   2.942009   2.944119     2.7453     2.7148      8.178     0.7248     1.8060 2.6660e+00     0.1131    97.2118     7.5356     7.9197    31.9899    31.9782    25.4603    25.4476    7.54741 0.0000e+00
      23920     35.828     3.2633     3.2951   2.941937   2.943785     2.7453     2.7148      8.179     0.7150     1.8060 2.6691e+00     0.1195    97.0554     7.5356     7.9251    31.9889    31.9796    25.4594    25.4493    7.54742 0.0000e+00
      23923     35.796     3.2621     3.2916   2.941423   2.943669     2.7453     2.7148      8.179     0.7199     1.8060 2.6691e+00     0.1206    97.0293     7.5362     7.9278    31.9839    31.9817    25.4555    25.4512    7.54790 0.0000e+00
      23926     35.765     3.2497     3.2910   2.940155   2.943684     2.7445     2.7148      8.179     0.7199     1.8060 2.6753e+00     0.1206    97.0293     7.5372     7.9314    31.9809    31.9824    25.4542    25.4518    7.55039 0.0000e+00
      23929     35.731     3.2371     3.2902   2.939636   2.943621     2.7445     2.7152      8.180     0.7248     1.8060 2.6722e+00     0.1206    97.0293     7.5397     7.9361    31.9872    31.9826    25.4603    25.4520    7.55246 0.0000e+00
      23932     35.700     3.2257     3.2896   2.939097   2.943575     2.7445     2.7156      8.180     0.7199     1.8060 2.6753e+00     0.1206    97.0293     7.5424     7.9390    31.9920    31.9826    25.4652    25.4521    7.55438 0.0000e+00
      23935     35.669     3.2188     3.2883   2.938933   2.943513     2.7445     2.7148      8.178     0.7199     1.8060 2.6784e+00     0.1206    97.0293     7.5436     7.9369    31.9969    31.9831    25.4697    25.4526    7.55545 0.0000e+00
      23938     35.637     3.2146     3.2860   2.938734   2.943390     2.7457     2.7156      8.178     0.7199     1.8060 2.6784e+00     0.1195    97.0554     7.5481     7.9403    31.9987    31.9840    25.4714    25.4535    7.55615 0.0000e+00
      23941     35.607     3.2119     3.2828   2.938722   2.943256     2.7453     2.7160      8.180     0.7248     1.8060 2.6753e+00     0.1142    97.1858     7.5467     7.9431    32.0012    31.9855    25.4737    25.4550    7.55654 0.0000e+00
      23944     35.575     3.2101     3.2825   2.938706   2.943286     2.7449     2.7160      8.180     0.7248     1.8060 2.6815e+00     0.1142    97.1858     7.5465     7.9455    32.0028    31.9862    25.4752    25.4556    7.55680 0.0000e+00
      23947     35.545     3.2088     3.2854   2.938655   2.943413     2.7449     2.7148      8.180     0.7199     1.8060 2.6877e+00     0.1142    97.1858     7.5473     7.9422    32.0035    31.9849    25.4758    25.4543    7.55701 0.0000e+00
      23950     35.512     3.2079     3.2883   2.938606   2.943539     2.7461     2.7160      8.180     0.6955     1.8060 2.6939e+00     0.1142    97.1858     7.5527     7.9473    32.0038    31.9835    25.4762    25.4529    7.55716 0.0000e+00
      23953     35.479     3.2065     3.2915   2.938493   2.943770     2.7449     2.7160      8.180     0.6906     1.8060 2.6970e+00     0.1142    97.1858     7.5483     7.9488    32.0039    31.9832    25.4764    25.4524    7.55743 0.0000e+00
      23956     35.444     3.2051     3.2963   2.938423   2.944030     2.7449     2.7160      8.180     0.6857     1.8060 2.7095e+00     0.1142    97.1858     7.5481     7.9521    32.0044    31.9816    25.4768    25.4506    7.55766 0.0000e+00
      23959     35.407     3.2038     3.2991   2.938336   2.944123     2.7453     2.7160      8.180     0.6906     1.8455 2.7158e+00     0.1149    97.1684     7.5480     7.9536    32.0047    31.9799    25.4772    25.4491    7.55790 0.0000e+00
      23962     35.368     3.2027     3.2986   2.938332   2.944103     2.7461     2.7160      8.180     0.6906     1.9245 2.7190e+00     0.1160    97.1423     7.5507     7.9542    32.0058    31.9802    25.4781    25.4494    7.55805 0.0000e+00
      23965     35.330     3.2027     3.2985   2.938410   2.944150     2.7453     2.7168      8.178     0.6906     1.9245 2.7347e+00     0.1160    97.1423     7.5480     7.9595    32.0067    31.9808    25.4789    25.4499    7.55800 0.0000e+00
      23968     35.290     3.2035     3.3014   2.938491   2.944214     2.7453     2.7172      8.180     0.6955     1.9245 2.7410e+00     0.1163    97.1336     7.5486     7.9641    32.0070    31.9788    25.4790    25.4480    7.55784 0.0000e+00
      23971     35.249     3.2042     3.3025   2.938504   2.944171     2.7453     2.7172      8.180     0.6857     1.9245 2.7570e+00     0.1163    97.1336     7.5473     7.9658    32.0064    31.9772    25.4785    25.4466    7.55773 0.0000e+00
      23974     35.206     3.2043     3.3011   2.938473   2.944138     2.7465     2.7176      8.178     0.6906     1.9245 2.7665e+00     0.1156    97.1510     7.5512     7.9670    32.0060    31.9783    25.4782    25.4476    7.55774 0.0000e+00
      23977     35.160     3.2044     3.2968   2.938487   2.944167     2.7453     2.7184      8.180     0.6711     1.9245 2.7794e+00     0.1160    97.1423     7.5484     7.9709    32.0060    31.9828    25.4782    25.4516    7.55771 0.0000e+00
      23980     35.117     3.2046     3.3007   2.938533   2.944355     2.7457     2.7184      8.180     0.6662     1.9245 2.7858e+00     0.1135    97.2031     7.5495     7.9692    32.0064    31.9813    25.4785    25.4500    7.55765 0.0000e+00
      23983     35.072     3.2057     3.3039   2.938601   2.944309     2.7453     2.7184      8.180     0.6662     1.9245 2.7858e+00     0.1120    97.2379     7.5462     7.9665    32.0062    31.9776    25.4782    25.4468    7.55746 0.0000e+00
      23986     35.025     3.2070     3.2973   2.938691   2.944273     2.7457     2.7184      8.180     0.6564     1.8850 2.7922e+00     0.1120    97.2379     7.5462     7.9652    32.0060    31.9837    25.4779    25.4523    7.55722 0.0000e+00
      23989     34.976     3.2087     3.2955   2.938872   2.944226     2.7453     2.7193      8.178     0.6662     1.8060 2.7922e+00     0.1124    97.2292     7.5453     7.9670    32.0065    31.9849    25.4782    25.4534    7.55687 0.0000e+00
      23992     34.927     3.2109     3.2963   2.938918   2.944352     2.7465     2.7193      8.180     0.6613     1.8060 2.8019e+00     0.1124    97.2292     7.5487     7.9660    32.0049    31.9857    25.4768    25.4540    7.55654 0.0000e+00
      23995     34.877     3.2114     3.3035   2.938937   2.944489     2.7453     2.7197      8.178     0.6711     1.8060 2.8019e+00     0.1120    97.2379     7.5462     7.9643    32.0047    31.9803    25.4765    25.4490    7.55646 0.0000e+00
      23998     34.827     3.2138     3.3035   2.939492   2.944199     2.7457     2.7197      8.180     0.6613     1.8060 2.8117e+00     0.1124    97.2292     7.5478     7.9627    32.0090    31.9768    25.4798    25.4462    7.55579 0.0000e+00
      24001     34.777     3.2218     3.2953   2.939850   2.943949     2.7465     2.7197      8.180     0.6809     1.8060 2.8149e+00     0.1160    97.1423     7.5503     7.9618    32.0054    31.9819    25.4762    25.4510    7.55445 0.0000e+00
      24004     34.727     3.2261     3.3037   2.939797   2.944344     2.7457     2.7197      8.178     0.7053     1.8060 2.8117e+00     0.1156    97.1510     7.5461     7.9586    32.0006    31.9784    25.4720    25.4475    7.55388 0.0000e+00
      24007     34.676     3.2269     3.3077   2.939779   2.944203     2.7453     2.7197      8.180     0.7053     1.8060 2.8247e+00     0.1156    97.1510     7.5447     7.9567    31.9996    31.9728    25.4711    25.4426    7.55378 0.0000e+00
      24010     34.623     3.2267     3.2947   2.939631   2.943621     2.7453     2.7205      8.180     0.7101     1.8060 2.8345e+00     0.1160    97.1423     7.5444     7.9597    31.9980    31.9787    25.4698    25.4485    7.55389 0.0000e+00
      24013     34.572     3.2270     3.2842   2.939717   2.943407     2.7461     2.7205      8.180     0.7053     1.9245 2.8411e+00     0.1156    97.1510     7.5465     7.9589    31.9988    31.9865    25.4705    25.4557    7.55380 0.0000e+00
      24016     34.522     3.2318     3.2893   2.940299   2.944165     2.7461     2.7209      8.178     0.7004     1.9245 2.8444e+00     0.1156    97.1510     7.5448     7.9582    32.0010    31.9906    25.4718    25.4585    7.55278 0.0000e+00
      24019     34.471     3.2407     3.3068   2.940710   2.944862     2.7474     2.7205      8.179     0.7053     1.9245 2.8509e+00     0.1156    97.1510     7.5474     7.9521    31.9972    31.9817    25.4680    25.4498    7.55128 0.0000e+00
      24022     34.419     3.2438     3.3138   2.940411   2.944981     2.7465     2.7209      8.179     0.7101     1.9245 2.8642e+00     0.1142    97.1858     7.5428     7.9513    31.9906    31.9762    25.4625    25.4449    7.55103 0.0000e+00
      24025     34.366     3.2402     3.3134   2.940030   2.944893     2.7465     2.7201      8.179     0.7004     1.9245 2.8708e+00     0.1138    97.1945     7.5422     7.9471    31.9896    31.9755    25.4619    25.4444    7.55176 0.0000e+00
      24028     34.314     3.2341     3.3152   2.939672   2.944872     2.7457     2.7209      8.180     0.7492     1.9245 2.8841e+00     0.1138    97.1945     7.5417     7.9496    31.9913    31.9736    25.4639    25.4426    7.55282 0.0000e+00
      24031     34.264     3.2283     3.3127   2.939457   2.944706     2.7465     2.7209      8.180     0.7834     1.9245 2.9008e+00     0.1142    97.1858     7.5438     7.9501    31.9945    31.9741    25.4670    25.4433    7.55377 0.0000e+00
      24034     34.215     3.2295     3.3107   2.940014   2.944627     2.7461     2.7209      8.180     0.7736     1.9245 2.9075e+00     0.1142    97.1858     7.5403     7.9504    32.0000    31.9751    25.4712    25.4443    7.55326 0.0000e+00
      24037     34.165     3.2340     3.3091   2.940316   2.944575     2.7465     2.7209      8.180     0.7883     1.9245 2.9143e+00     0.1142    97.1858     7.5399     7.9502    31.9992    31.9761    25.4702    25.4452    7.55244 0.0000e+00
      24040     34.115     3.2401     3.3063   2.940561   2.944309     2.7457     2.7209      8.179     0.7785     1.8060 2.9210e+00     0.1131    97.2118     7.5354     7.9495    31.9962    31.9758    25.4672    25.4451    7.55144 0.0000e+00
      24043     34.065     3.2440     3.2963   2.940586   2.943663     2.7465     2.7209      8.179     0.7785     1.8060 2.9346e+00     0.1120    97.2379     7.5374     7.9508    31.9927    31.9778    25.4641    25.4477    7.55088 0.0000e+00
      24046     34.014     3.2442     3.2935   2.940361   2.943738     2.7457     2.7209      8.179     0.7736     1.8060 2.9482e+00     0.1120    97.2379     7.5365     7.9503    31.9898    31.9816    25.4618    25.4509    7.55099 0.0000e+00
      24049     33.963     3.2394     3.2964   2.940157   2.943857     2.7453     2.7209      8.180     0.7834     1.8060 2.9721e+00     0.1120    97.2379     7.5363     7.9510    31.9921    31.9802    25.4641    25.4496    7.55179 0.0000e+00
      24052     33.915     3.2375     3.2937   2.940479   2.943896     2.7469     2.7217      8.180     0.7736     1.8060 2.9859e+00     0.1124    97.2292     7.5424     7.9513    31.9978    31.9833    25.4688    25.4523    7.55185 0.0000e+00
      24055     33.866     3.2395     3.2929   2.940653   2.943768     2.7453     2.7221      8.180     0.7346     1.8060 3.0206e+00     0.1120    97.2379     7.5360     7.9534    31.9980    31.9826    25.4687    25.4518    7.55146 0.0000e+00
      24058     33.817     3.2394     3.2937   2.940466   2.943686     2.7461     2.7217      8.180     0.7297     1.8060 3.0452e+00     0.1120    97.2379     7.5392     7.9533    31.9959    31.9809    25.4671    25.4504    7.55160 0.0000e+00
      24061     33.771     3.2391     3.2931   2.940201   2.943628     2.7465     2.7209      8.180     0.7346     1.8060 3.0664e+00     0.1120    97.2379     7.5404     7.9508    31.9931    31.9808    25.4649    25.4503    7.55180 0.0000e+00
      24064     33.725     3.2369     3.2896   2.939920   2.943401     2.7457     2.7213      8.180     0.7346     1.8060 3.0877e+00     0.1120    97.2379     7.5391     7.9524    31.9919    31.9816    25.4641    25.4512    7.55227 0.0000e+00
      24067     33.679     3.2364     3.2856   2.940065   2.943284     2.7457     2.7209      8.180     0.7297     1.8060 3.1056e+00     0.1120    97.2379     7.5405     7.9517    31.9941    31.9841    25.4659    25.4537    7.55225 0.0000e+00
      24070     33.635     3.2382     3.2870   2.940278   2.943299     2.7465     2.7213      8.180     0.7346     1.8060 3.1200e+00     0.1120    97.2379     7.5438     7.9528    31.9950    31.9829    25.4664    25.4525    7.55187 0.0000e+00
      24073     33.591     3.2460     3.2861   2.941139   2.943223     2.7457     2.7217      8.179     0.7346     1.8060 3.1417e+00     0.1120    97.2379     7.5403     7.9540    31.9976    31.9829    25.4678    25.4526    7.55026 0.0000e+00
