Datasets/AZMP/COO001/79001096.cnv
* Sea-Bird SBE 9 Data File:
* FileName = C:\CTDDATA\79001096.hex
* Software Version Seasave V 7.26.7.110
* Temperature SN = 5660
* Conductivity SN = 3698
* Number of Bytes Per Scan = 30
* Number of Voltage Words = 4
* Number of Scans Averaged by the Deck Unit = 1
* NMEA baud rate = 9600
** VESSEL/TRIP/SEQ STN:  79001096
** LATITUDE XX XX.XX N:  49 11.40 N
** LONGITUDE XX XX.XX W:  51 32.50 W
** SOUNDING DEPTH (M):  0321
** PROBE TYPE: S1257
** CTD NUMBER: 062
** COMMENTS (14 CHAR): BB-07
** BOTTLES:  13
** LEVELS: 5,5,10,20,20,30,40,50,75,100,150,250,BTM
** STICKERS: 435338 - 435350
** VNET: Y
** DO2: N
# nquan = 22
# nvalues = 8975                        
# units = specified
# name 0 = scan: Scan Count
# name 1 = prDM: Pressure, Digiquartz [db]
# name 2 = t090C: Temperature [ITS-90, deg C]
# name 3 = t190C: Temperature, 2 [ITS-90, deg C]
# name 4 = c0S/m: Conductivity [S/m]
# name 5 = c1S/m: Conductivity, 2 [S/m]
# name 6 = sbeox0V: Oxygen raw, SBE 43 [V]
# name 7 = sbeox1V: Oxygen raw, SBE 43, 2 [V]
# name 8 = ph: pH
# name 9 = flECO-AFL: Fluorescence, WET Labs ECO-AFL/FL [mg/m^3]
# name 10 = wetCDOM: Fluorescence, WET Labs CDOM [mg/m^3]
# name 11 = par/sat/log: PAR/Logarithmic, Satlantic [umol photons/m^2/sec]
# name 12 = CStarAt0: Beam Attenuation, WET Labs C-Star [1/m]
# name 13 = CStarTr0: Beam Transmission, WET Labs C-Star [%]
# name 14 = sbeox0ML/L: Oxygen, SBE 43 [ml/l], WS = 2
# name 15 = sbeox1ML/L: Oxygen, SBE 43, 2 [ml/l], WS = 2
# name 16 = sal00: Salinity, Practical [PSU]
# name 17 = sal11: Salinity, Practical, 2 [PSU]
# name 18 = sigma-t00: Density [sigma-t, kg/m^3 ]
# name 19 = sigma-t11: Density, 2 [sigma-t, kg/m^3 ]
# name 20 = oxsatML/L: Oxygen Saturation, Weiss [ml/l]
# name 21 = flag: flag
# span 0 =         17,      73976       
# span 1 =      2.416,    311.358       
# span 2 =     0.6993,     2.6742       
# span 3 =     0.7008,     2.6742       
# span 4 =   2.861424,   3.105718       
# span 5 =   2.860368,   3.105949       
# span 6 =     2.2777,     2.7542       
# span 7 =     2.2475,     2.7166       
# span 8 =      8.076,      8.207       
# span 9 =    -0.0127,     1.3207       
# span 10 =    -2.0629,   480.5289      
# span 11 = 1.0715e-01, 1.5659e+00      
# span 12 =     0.0598,     0.4889      
# span 13 =    88.4960,    98.5153      
# span 14 =     6.1865,     7.6949      
# span 15 =     6.4760,     8.0677      
# span 16 =    32.8890,    34.4478      
# span 17 =    32.8905,    34.4425      
# span 18 =    26.2541,    27.4850      
# span 19 =    26.2553,    27.4772      
# span 20 =    7.53573,    7.97156      
# span 21 = 0.0000e+00, 0.0000e+00      
# interval = scans: 3                   
# start_time = Dec 03 2019 01:45:04 [System UTC, header]
# bad_flag = -9.990e-29
*END*
[from data line 8033]
      51710     51.949     2.3331     2.2561   2.955991   2.946774     2.6927     2.6662      8.198     0.2755     1.6086 1.0790e-01     0.0743    98.1590     7.5046     7.9347    33.0948    33.0607    26.4198    26.3986    7.66991 0.0000e+00
      51785     51.902     2.3755     2.2768   2.960826   2.949313     2.6927     2.6666      8.198     0.2999     1.5692 1.0790e-01     0.0743    98.1590     7.5107     7.9181    33.1106    33.0708    26.4291    26.4050    7.66083 0.0000e+00
      51788     51.876     2.3773     2.2756   2.960715   2.949194     2.6940     2.6679      8.198     0.2804     1.5297 1.0790e-01     0.0743    98.1590     7.5141     7.9200    33.1073    33.0705    26.4263    26.4049    7.66064 0.0000e+00
      51791     51.842     2.3758     2.2722   2.959958   2.949199     2.6936     2.6662      8.198     0.2657     1.5692 1.0790e-01     0.0747    98.1503     7.5108     7.9126    33.0996    33.0742    26.4203    26.4081    7.66134 0.0000e+00
      51794     51.805     2.3703     2.2691   2.958755   2.948655     2.6931     2.6675      8.198     0.2657     1.6876 1.0790e-01     0.0740    98.1677     7.5065     7.9138    33.0904    33.0707    26.4134    26.4056    7.66288 0.0000e+00
      51797     51.762     2.3615     2.2700   2.957420   2.948874     2.6931     2.6666      8.198     0.2608     1.6876 1.0790e-01     0.0740    98.1677     7.5060     7.9064    33.0831    33.0724    26.4082    26.4069    7.66497 0.0000e+00
      51800     51.714     2.3573     2.2695   2.958293   2.948367     2.6919     2.6671      8.198     0.2608     1.6876 1.0790e-01     0.0747    98.1503     7.5009     7.9007    33.0983    33.0667    26.4207    26.4024    7.66501 0.0000e+00
      51803     51.660     2.3565     2.2660   2.957616   2.948032     2.6936     2.6658      8.198     0.2755     1.6876 1.0790e-01     0.0747    98.1503     7.5055     7.8930    33.0907    33.0662    26.4147    26.4022    7.66555 0.0000e+00
      51806     51.602     2.3460     2.2628   2.955231   2.947616     2.6931     2.6662      8.198     0.2706     1.6481 1.0790e-01     0.0747    98.1503     7.5044     7.8897    33.0722    33.0644    26.4007    26.4010    7.66855 0.0000e+00
      51809     51.538     2.3367     2.2613   2.955103   2.947636     2.6936     2.6654      8.198     0.2657     1.6876 1.0790e-01     0.0747    98.1503     7.5060     7.8844    33.0803    33.0663    26.4080    26.4026    7.66996 0.0000e+00
      51812     51.466     2.3315     2.2652   2.953968   2.948562     2.6927     2.6654      8.198     0.2559     1.6876 1.0790e-01     0.0747    98.1503     7.5024     7.8801    33.0717    33.0737    26.4015    26.4082    7.67141 0.0000e+00
      51815     51.389     2.3147     2.2686   2.949552   2.948426     2.6923     2.6646      8.198     0.2120     1.6481 1.0790e-01     0.0747    98.1503     7.5053     7.8759    33.0345    33.0685    26.3731    26.4039    7.67661 0.0000e+00
      51818     51.306     2.2938     2.2633   2.948105   2.947771     2.6919     2.6642      8.198     0.2120     1.6876 1.0790e-01     0.0747    98.1503     7.5103     7.8717    33.0384    33.0660    26.3778    26.4023    7.68051 0.0000e+00
      51821     51.215     2.2822     2.2608   2.949006   2.947601     2.6923     2.6638      8.198     0.2169     1.6876 1.0790e-01     0.0747    98.1503     7.5146     7.8694    33.0617    33.0665    26.3974    26.4029    7.68158 0.0000e+00
      51824     51.119     2.2854     2.2652   2.951173   2.948549     2.6927     2.6638      8.198     0.2022     1.6876 1.0790e-01     0.0743    98.1590     7.5137     7.8672    33.0853    33.0738    26.4160    26.4083    7.67974 0.0000e+00
      51827     51.019     2.2965     2.2785   2.953221   2.950456     2.6927     2.6634      8.198     0.2120     1.6876 1.0790e-01     0.0743    98.1590     7.5090     7.8599    33.0991    33.0836    26.4261    26.4151    7.67684 0.0000e+00
      51830     50.910     2.3091     2.2909   2.954859   2.951290     2.6919     2.6634      8.198     0.2120     1.6876 1.0790e-01     0.0747    98.1503     7.5052     7.8544    33.1063    33.0811    26.4309    26.4122    7.67401 0.0000e+00
      51833     50.798     2.3217     2.2896   2.956001   2.950529     2.6915     2.6626      8.198     0.2120     1.6876 1.0790e-01     0.0743    98.1590     7.5034     7.8516    33.1074    33.0731    26.4308    26.4059    7.67149 0.0000e+00
      51836     50.681     2.3299     2.2911   2.955744   2.951323     2.6907     2.6622      8.198     0.2071     1.6481 1.0790e-01     0.0740    98.1677     7.5019     7.8466    33.0958    33.0814    26.4209    26.4124    7.67049 0.0000e+00
      51839     50.561     2.3295     2.2974   2.954278   2.952478     2.6911     2.6618      8.198     0.1827     1.6876 1.0790e-01     0.0747    98.1503     7.5049     7.8442    33.0782    33.0893    26.4068    26.4182    7.67148 0.0000e+00
      51842     50.443     2.3203     2.3092   2.951309   2.953609     2.6931     2.6614      8.198     0.1729     1.6876 1.0790e-01     0.0747    98.1503     7.5137     7.8385    33.0510    33.0910    26.3858    26.4187    7.67466 0.0000e+00
      51845     50.324     2.3070     2.3126   2.951065   2.953217     2.6923     2.6610      8.198     0.1778     1.6481 1.0790e-01     0.0750    98.1416     7.5109     7.8369    33.0619    33.0827    26.3956    26.4118    7.67671 0.0000e+00
      51848     50.209     2.3036     2.3016   2.951699   2.951524     2.6915     2.6597      8.198     0.1729     1.6876 1.0790e-01     0.0747    98.1503     7.5076     7.8351    33.0734    33.0733    26.4050    26.4051    7.67679 0.0000e+00
      51851     50.105     2.3008     2.2888   2.950839   2.949721     2.6915     2.6597      8.198     0.1729     1.6876 1.0790e-01     0.0750    98.1416     7.5103     7.8400    33.0657    33.0643    26.3991    26.3989    7.67773 0.0000e+00
      51854     50.012     2.2916     2.2789   2.949043   2.949309     2.6923     2.6589      8.198     0.1778     1.6876 1.0790e-01     0.0747    98.1503     7.5162     7.8421    33.0530    33.0695    26.3897    26.4038    7.68018 0.0000e+00
      51857     49.930     2.2830     2.2789   2.948339   2.949776     2.6927     2.6585      8.196     0.1778     1.6876 1.0790e-01     0.0750    98.1416     7.5195     7.8427    33.0533    33.0753    26.3906    26.4085    7.68185 0.0000e+00
      51860     49.849     2.2672     2.2762   2.944481   2.948325     2.6919     2.6585      8.198     0.1729     1.6876 1.0790e-01     0.0747    98.1503     7.5209     7.8477    33.0220    33.0602    26.3668    26.3966    7.68657 0.0000e+00
      51863     49.763     2.2464     2.2456   2.942372   2.943418     2.6919     2.6585      8.196     0.1729     1.6876 1.0790e-01     0.0747    98.1503     7.5233     7.8595    33.0175    33.0313    26.3647    26.3759    7.69088 0.0000e+00
      51866     49.676     2.2344     2.2268   2.942378   2.941739     2.6911     2.6573      8.196     0.1778     1.6876 1.0790e-01     0.0747    98.1503     7.5220     7.8626    33.0301    33.0301    26.3758    26.3763    7.69258 0.0000e+00
      51869     49.598     2.2281     2.2111   2.942597   2.940248     2.6903     2.6577      8.196     0.1778     1.6876 1.0790e-01     0.0747    98.1503     7.5228     7.8721    33.0395    33.0279    26.3838    26.3759    7.69334 0.0000e+00
      51872     49.526     2.2246     2.2041   2.942305   2.939872     2.6911     2.6573      8.195     0.1778     1.6876 1.0790e-01     0.0740    98.1677     7.5279     7.8763    33.0395    33.0306    26.3840    26.3785    7.69402 0.0000e+00
      51875     49.465     2.2218     2.2047   2.942176   2.939872     2.6919     2.6573      8.195     0.1729     1.6876 1.0790e-01     0.0747    98.1503     7.5325     7.8792    33.0408    33.0300    26.3853    26.3780    7.69449 0.0000e+00
      51878     49.412     2.2199     2.2061   2.942116   2.939847     2.6915     2.6569      8.198     0.1778     1.6876 1.0790e-01     0.0747    98.1503     7.5320     7.8816    33.0421    33.0282    26.3865    26.3765    7.69481 0.0000e+00
      51881     49.367     2.2175     2.2075   2.941445   2.939925     2.6915     2.6561      8.197     0.1729     1.6876 1.0790e-01     0.0743    98.1590     7.5334     7.8795    33.0362    33.0278    26.3820    26.3760    7.69557 0.0000e+00
      51884     49.328     2.2147     2.2100   2.941283   2.940401     2.6915     2.6569      8.195     0.1827     1.6876 1.0790e-01     0.0747    98.1503     7.5359     7.8830    33.0372    33.0311    26.3830    26.3785    7.69608 0.0000e+00
      51969     49.296     2.2311     2.2142   2.943513   2.941134     2.6923     2.6549      8.195     0.1778     1.6086 1.0790e-01     0.0743    98.1590     7.5308     7.8927    33.0478    33.0359    26.3902    26.3820    7.69231 0.0000e+00
      52136     49.240     2.2662     2.2292   2.947551   2.943119     2.6931     2.6524      8.196     0.1973     1.5297 1.0790e-01     0.0754    98.1330     7.5163     7.9154    33.0614    33.0450    26.3984    26.3881    7.68473 0.0000e+00
      52139     49.177     2.2659     2.2361   2.947102   2.944231     2.6919     2.6532      8.195     0.1925     1.5692 1.0790e-01     0.0754    98.1330     7.5119     7.9154    33.0561    33.0516    26.3942    26.3928    7.68505 0.0000e+00
      52142     49.121     2.2642     2.2464   2.946666   2.945500     2.6919     2.6532      8.196     0.1876     1.5692 1.0790e-01     0.0757    98.1243     7.5136     7.9067    33.0525    33.0566    26.3914    26.3960    7.68557 0.0000e+00
      52145     49.071     2.2630     2.2514   2.946476   2.946408     2.6927     2.6536      8.196     0.1876     1.5692 1.0790e-01     0.0757    98.1243     7.5183     7.9021    33.0515    33.0627    26.3907    26.4006    7.68586 0.0000e+00
      52148     49.028     2.2611     2.2570   2.946265   2.946343     2.6927     2.6536      8.198     0.1925     1.5297 1.0790e-01     0.0761    98.1156     7.5193     7.8959    33.0509    33.0561    26.3903    26.3948    7.68627 0.0000e+00
      52151     48.996     2.2594     2.2560   2.946133   2.945956     2.6927     2.6536      8.193     0.1876     1.5297 1.0790e-01     0.0757    98.1243     7.5193     7.8892    33.0510    33.0524    26.3905    26.3919    7.68659 0.0000e+00
      52706     48.953     2.2388     2.2451   2.943273   2.943984     2.6919     2.6544      8.196     0.1973     1.5692 1.0790e-01     0.0757    98.1243     7.5364     7.8987    33.0370    33.0392    26.3809    26.3822    7.69135 0.0000e+00
      52985     48.873     2.2323     2.2442   2.942176   2.943035     2.6915     2.6556      8.198     0.2071     1.5692 1.0790e-01     0.0764    98.1069     7.5435     7.9087    33.0302    33.0285    26.3761    26.3737    7.69299 0.0000e+00
      52988     48.801     2.2352     2.2497   2.942326   2.943632     2.6907     2.6548      8.195     0.2169     1.5692 1.0790e-01     0.0757    98.1243     7.5387     7.9052    33.0291    33.0302    26.3749    26.3747    7.69247 0.0000e+00
      52991     48.739     2.2374     2.2549   2.942395   2.944007     2.6919     2.6552      8.195     0.2120     1.5692 1.0790e-01     0.0775    98.0808     7.5426     7.9043    33.0277    33.0295    26.3736    26.3737    7.69212 0.0000e+00
      52994     48.687     2.2389     2.2610   2.942325   2.944539     2.6919     2.6560      8.198     0.2120     1.5692 1.0790e-01     0.0779    98.0721     7.5409     7.9056    33.0253    33.0298    26.3716    26.3735    7.69195 0.0000e+00
      52997     48.644     2.2374     2.2624   2.941610   2.944439     2.6931     2.6560      8.196     0.2022     1.6481 1.0790e-01     0.0779    98.0721     7.5449     7.9061    33.0180    33.0272    26.3658    26.3712    7.69261 0.0000e+00
      53000     48.608     2.2344     2.2630   2.941754   2.944620     2.6927     2.6560      8.195     0.2120     1.6876 1.0790e-01     0.0779    98.0721     7.5421     7.9037    33.0230    33.0288    26.3700    26.3725    7.69295 0.0000e+00
      54219     48.567     2.2697     2.3063   2.944505   2.948026     2.7057     2.6649      8.196     0.2169     1.6876 1.0790e-01     0.0822    97.9678     7.5820     7.9373    33.0204    33.0260    26.3653    26.3669    7.68616 0.0000e+00
      54830     48.481     2.2845     2.3324   2.945422   2.950607     2.7138     2.6707      8.198     0.2169     1.6876 1.0790e-01     0.0860    97.8723     7.6082     7.9554    33.0164    33.0308    26.3609    26.3687    7.68346 0.0000e+00
      54833     48.389     2.2820     2.3429   2.945556   2.951276     2.7134     2.6707      8.198     0.2266     1.6876 1.0790e-01     0.0874    97.8375     7.6073     7.9528    33.0207    33.0283    26.3645    26.3658    7.68373 0.0000e+00
      54836     48.291     2.2825     2.3422   2.945909   2.950926     2.7134     2.6707      8.198     0.2218     1.6876 1.0790e-01     0.0874    97.8375     7.6085     7.9538    33.0247    33.0247    26.3677    26.3631    7.68343 0.0000e+00
      54839     48.194     2.2849     2.3439   2.946250   2.951444     2.7150     2.6706      8.198     0.2266     1.6876 1.0790e-01     0.0874    97.8375     7.6141     7.9517    33.0264    33.0294    26.3689    26.3667    7.68287 0.0000e+00
      54842     48.095     2.2880     2.3509   2.946736   2.952019     2.7142     2.6706      8.198     0.2169     1.6876 1.0790e-01     0.0874    97.8375     7.6098     7.9475    33.0292    33.0293    26.3709    26.3661    7.68211 0.0000e+00
      54845     47.992     2.2965     2.3582   2.948110   2.952487     2.7150     2.6706      8.198     0.2266     1.6876 1.0790e-01     0.0874    97.8375     7.6104     7.9448    33.0375    33.0277    26.3769    26.3641    7.68002 0.0000e+00
      54848     47.890     2.3037     2.3617   2.948070   2.952486     2.7146     2.6715      8.198     0.2315     1.6876 1.0790e-01     0.0874    97.8375     7.6092     7.9464    33.0296    33.0240    26.3700    26.3609    7.67902 0.0000e+00
      54851     47.783     2.3074     2.3559   2.948165   2.951697     2.7142     2.6706      8.198     0.2364     1.6876 1.0790e-01     0.0843    97.9157     7.6050     7.9416    33.0270    33.0204    26.3676    26.3585    7.67843 0.0000e+00
      54854     47.675     2.3107     2.3494   2.948445   2.951386     2.7150     2.6715      8.198     0.2413     1.6876 1.0790e-01     0.0839    97.9244     7.6070     7.9455    33.0271    33.0233    26.3674    26.3614    7.67778 0.0000e+00
      54857     47.566     2.3143     2.3488   2.948874   2.951444     2.7159     2.6719      8.198     0.2315     1.6876 1.0790e-01     0.0832    97.9418     7.6109     7.9496    33.0288    33.0248    26.3685    26.3626    7.67699 0.0000e+00
      54860     47.457     2.3189     2.3503   2.949518   2.951675     2.7159     2.6719      8.198     0.2413     1.6876 1.0790e-01     0.0836    97.9331     7.6103     7.9507    33.0319    33.0260    26.3707    26.3635    7.67592 0.0000e+00
      54863     47.350     2.3265     2.3551   2.950445   2.952037     2.7159     2.6719      8.198     0.2413     1.6876 1.0790e-01     0.0839    97.9244     7.6078     7.9526    33.0357    33.0256    26.3731    26.3628    7.67426 0.0000e+00
      54866     47.243     2.3336     2.3558   2.950522   2.951937     2.7159     2.6719      8.198     0.2462     1.6876 1.0790e-01     0.0843    97.9157     7.6080     7.9551    33.0293    33.0237    26.3674    26.3612    7.67320 0.0000e+00
      54869     47.136     2.3368     2.3567   2.950575   2.952113     2.7167     2.6719      8.198     0.2315     1.6876 1.0790e-01     0.0846    97.9070     7.6107     7.9560    33.0267    33.0250    26.3650    26.3621    7.67271 0.0000e+00
      54872     47.030     2.3402     2.3604   2.950887   2.952228     2.7167     2.6723      8.198     0.2364     1.6481 1.0790e-01     0.0878    97.8288     7.6102     7.9575    33.0270    33.0226    26.3651    26.3600    7.67202 0.0000e+00
