Datasets/AZMP/COO001/79001051.cnv
* Sea-Bird SBE 9 Data File:
* FileName = C:\CTDDATA\79001051.hex
* Software Version Seasave V 7.26.7.110
* Temperature SN = 5660
* Conductivity SN = 3698
* Number of Bytes Per Scan = 30
* Number of Voltage Words = 4
* Number of Scans Averaged by the Deck Unit = 1
* NMEA baud rate = 9600
** VESSEL/TRIP/SEQ STN:  79001051
** LATITUDE XX XX.XX N:  47 00.00  N
** LONGITUDE XX XX.XX W:  44 13.90 W
** SOUNDING DEPTH (M):  0278
** PROBE TYPE: S1257
** CTD NUMBER: 026
** COMMENTS (14 CHAR): FC-29
** BOTTLES:  20
** LEVELS: 5,5,5,5,10,20,20,20,20,30,40,50,50,50,75,100,100,100,150,BTM
** STICKERS: 434986 - 435005
** VNET: Y
** DO2: N
# nquan = 22
# nvalues = 6204                        
# units = specified
# name 0 = scan: Scan Count
# name 1 = prDM: Pressure, Digiquartz [db]
# name 2 = t090C: Temperature [ITS-90, deg C]
# name 3 = t190C: Temperature, 2 [ITS-90, deg C]
# name 4 = c0S/m: Conductivity [S/m]
# name 5 = c1S/m: Conductivity, 2 [S/m]
# name 6 = sbeox0V: Oxygen raw, SBE 43 [V]
# name 7 = sbeox1V: Oxygen raw, SBE 43, 2 [V]
# name 8 = ph: pH
# name 9 = flECO-AFL: Fluorescence, WET Labs ECO-AFL/FL [mg/m^3]
# name 10 = wetCDOM: Fluorescence, WET Labs CDOM [mg/m^3]
# name 11 = par/sat/log: PAR/Logarithmic, Satlantic [umol photons/m^2/sec]
# name 12 = CStarAt0: Beam Attenuation, WET Labs C-Star [1/m]
# name 13 = CStarTr0: Beam Transmission, WET Labs C-Star [%]
# name 14 = sbeox0ML/L: Oxygen, SBE 43 [ml/l], WS = 2
# name 15 = sbeox1ML/L: Oxygen, SBE 43, 2 [ml/l], WS = 2
# name 16 = sal00: Salinity, Practical [PSU]
# name 17 = sal11: Salinity, Practical, 2 [PSU]
# name 18 = sigma-t00: Density [sigma-t, kg/m^3 ]
# name 19 = sigma-t11: Density, 2 [sigma-t, kg/m^3 ]
# name 20 = oxsatML/L: Oxygen Saturation, Weiss [ml/l]
# name 21 = flag: flag
# span 0 =         80,      61346       
# span 1 =      0.315,    268.370       
# span 2 =     3.3267,     7.4791       
# span 3 =     3.3260,     7.4809       
# span 4 =   0.487751,   3.463351       
# span 5 =   0.453710,   3.463542       
# span 6 =     2.2015,     2.7884       
# span 7 =     2.1710,     2.7493       
# span 8 =      7.997,      8.195       
# span 9 =    -0.0176,     2.0533       
# span 10 =    -2.8130,   482.1870      
# span 11 = 1.0777e-01, 1.1434e+02      
# span 12 =     0.0472,     4.3437      
# span 13 =    33.7591,    98.8281      
# span 14 =     5.6492,     7.0497      
# span 15 =     5.9084,     7.9956      
# span 16 =     4.0704,    34.8655      
# span 17 =     3.7923,    34.8652      
# span 18 =     3.1119,    27.6824      
# span 19 =     2.9060,    27.6813      
# span 20 =    6.73906,    8.22340      
# span 21 = 0.0000e+00, 0.0000e+00      
# interval = scans: 3                   
# start_time = Nov 28 2019 12:25:37 [System UTC, header]
# bad_flag = -9.990e-29
*END*
[from data line 396]
       1750     31.828     7.3497     7.3362   3.462712   3.463023     2.7705     2.7351      8.181     1.3890   482.1870 4.6493e+00     0.2010    95.1002     6.7680     7.1260    33.9145    33.9312    26.5151    26.5302    6.75407 0.0000e+00
       1753     31.958     7.3482     7.3405   3.462779   3.462939     2.7693     2.7351      8.181     1.3841   480.7658 4.5799e+00     0.2010    95.1002     6.7653     7.1244    33.9167    33.9260    26.5171    26.5255    6.75421 0.0000e+00
       1756     32.089     7.3462     7.3418   3.462848   3.462996     2.7701     2.7359      8.181     1.3841   481.0026 4.5221e+00     0.1988    95.1523     6.7684     7.1264    33.9193    33.9252    26.5195    26.5247    6.75441 0.0000e+00
       1759     32.227     7.3435     7.3325   3.462941   3.463130     2.7701     2.7355      8.181     1.3793   481.0026 4.4546e+00     0.1966    95.2045     6.7698     7.1242    33.9229    33.9357    26.5226    26.5342    6.75467 0.0000e+00
       1762     32.368     7.3396     7.3336   3.463073   3.462986     2.7697     2.7355      8.181     1.3793   480.9631 4.3932e+00     0.1966    95.2045     6.7698     7.1221    33.9281    33.9330    26.5273    26.5320    6.75505 0.0000e+00
       1765     32.517     7.3377     7.3359   3.462998   3.463011     2.7697     2.7351      8.181     1.3793   481.0026 4.3327e+00     0.1966    95.2045     6.7703     7.1185    33.9291    33.9310    26.5283    26.5301    6.75531 0.0000e+00
       1768     32.668     7.3363     7.3339   3.462953   3.463110     2.7705     2.7351      8.181     1.3793   481.0026 4.2730e+00     0.1966    95.2045     6.7725     7.1166    33.9298    33.9340    26.5291    26.5327    6.75549 0.0000e+00
       1771     32.817     7.3364     7.3273   3.462936   3.463227     2.7705     2.7351      8.179     1.3841   481.0026 4.1947e+00     0.1966    95.2045     6.7726     7.1157    33.9296    33.9416    26.5289    26.5396    6.75550 0.0000e+00
       1774     32.968     7.3326     7.3250   3.463114   3.463230     2.7697     2.7351      8.181     1.3793   481.0026 4.1226e+00     0.1966    95.2045     6.7703     7.1137    33.9351    33.9438    26.5337    26.5417    6.75584 0.0000e+00
       1777     33.118     7.3294     7.3241   3.463121   3.463238     2.7705     2.7351      8.179     1.3695   481.0026 4.0470e+00     0.1940    95.2653     6.7734     7.1116    33.9383    33.9447    26.5367    26.5425    6.75621 0.0000e+00
       1780     33.268     7.3275     7.3240   3.463117   3.463217     2.7705     2.7351      8.181     1.2816   481.0026 3.9729e+00     0.1933    95.2827     6.7731     7.1102    33.9400    33.9445    26.5383    26.5424    6.75642 0.0000e+00
       1783     33.415     7.3266     7.3240   3.463135   3.463234     2.7705     2.7338      8.180     1.2816   481.0026 3.9045e+00     0.1933    95.2827     6.7731     7.1049    33.9410    33.9446    26.5393    26.5425    6.75652 0.0000e+00
       1786     33.557     7.3262     7.3237   3.463104   3.463170     2.7701     2.7342      8.180     1.2816   481.0026 3.8551e+00     0.1933    95.2827     6.7717     7.1058    33.9410    33.9442    26.5393    26.5421    6.75659 0.0000e+00
       1789     33.697     7.3258     7.3232   3.463110   3.463182     2.7705     2.7338      8.181     1.2718   481.0026 3.8020e+00     0.1933    95.2827     6.7727     7.1047    33.9414    33.9447    26.5397    26.5427    6.75663 0.0000e+00
       1792     33.830     7.3258     7.3238   3.463129   3.463256     2.7701     2.7338      8.181     1.2718   481.0026 3.7584e+00     0.1940    95.2653     6.7704     7.1050    33.9416    33.9449    26.5398    26.5427    6.75663 0.0000e+00
       1795     33.957     7.3257     7.3237   3.463125   3.463211     2.7705     2.7338      8.180     1.2718   481.0026 3.7108e+00     0.1933    95.2827     6.7718     7.1068    33.9416    33.9444    26.5398    26.5423    6.75664 0.0000e+00
       1798     34.080     7.3257     7.3232   3.463133   3.463139     2.7697     2.7330      8.178     1.2816   481.0026 3.6895e+00     0.1944    95.2566     6.7691     7.1063    33.9416    33.9441    26.5399    26.5421    6.75664 0.0000e+00
       1801     34.194     7.3256     7.3224   3.463130   3.463107     2.7705     2.7334      8.181     1.2767   481.0026 3.6639e+00     0.1944    95.2566     6.7721     7.1107    33.9416    33.9444    26.5398    26.5425    6.75665 0.0000e+00
       1804     34.301     7.3255     7.3224   3.463104   3.463132     2.7701     2.7326      8.181     1.2914   481.0026 3.6344e+00     0.1944    95.2566     6.7709     7.1109    33.9413    33.9447    26.5397    26.5427    6.75668 0.0000e+00
       1807     34.399     7.3255     7.3229   3.463116   3.463161     2.7701     2.7326      8.180     1.3158   481.0026 3.6051e+00     0.1944    95.2566     6.7708     7.1126    33.9414    33.9445    26.5397    26.5425    6.75667 0.0000e+00
       1810     34.490     7.3255     7.3228   3.463136   3.463155     2.7701     2.7326      8.177     1.3255   481.0026 3.5926e+00     0.1944    95.2566     6.7711     7.1141    33.9416    33.9444    26.5399    26.5424    6.75667 0.0000e+00
       1813     34.575     7.3255     7.3227   3.463126   3.463156     2.7701     2.7326      8.180     1.3207   481.0026 3.5802e+00     0.1944    95.2566     6.7713     7.1162    33.9415    33.9445    26.5397    26.5425    6.75668 0.0000e+00
       1816     34.648     7.3255     7.3227   3.463121   3.463141     2.7697     2.7330      8.181     1.3255   481.0026 3.5760e+00     0.1940    95.2653     6.7714     7.1200    33.9414    33.9443    26.5397    26.5424    6.75668 0.0000e+00
       1819     34.716     7.3254     7.3227   3.463139   3.463167     2.7697     2.7330      8.180     1.3158   481.0026 3.5802e+00     0.1926    95.3001     6.7722     7.1233    33.9416    33.9445    26.5398    26.5426    6.75668 0.0000e+00
       1822     34.779     7.3255     7.3224   3.463120   3.463124     2.7705     2.7330      8.178     1.3158   481.0026 3.5926e+00     0.1926    95.3001     6.7750     7.1256    33.9412    33.9444    26.5396    26.5425    6.75668 0.0000e+00
       1825     34.835     7.3259     7.3219   3.463088   3.463109     2.7701     2.7334      8.178     1.3255   481.0026 3.6010e+00     0.1926    95.3001     6.7742     7.1286    33.9405    33.9447    26.5389    26.5428    6.75665 0.0000e+00
       1828     34.883     7.3279     7.3221   3.462989   3.463145     2.7701     2.7326      8.178     1.3255   481.0026 3.6093e+00     0.1929    95.2914     6.7752     7.1278    33.9374    33.9448    26.5362    26.5429    6.75647 0.0000e+00
       1831     34.927     7.3310     7.3226   3.463014   3.463148     2.7693     2.7326      8.181     1.2865   481.0026 3.6218e+00     0.1922    95.3088     6.7740     7.1281    33.9347    33.9443    26.5337    26.5425    6.75612 0.0000e+00
       1834     34.967     7.3329     7.3233   3.463025   3.463175     2.7705     2.7334      8.179     1.2718   481.0026 3.6260e+00     0.1929    95.2914     6.7781     7.1305    33.9329    33.9439    26.5320    26.5420    6.75590 0.0000e+00
       1837     35.001     7.3341     7.3237   3.463025   3.463187     2.7701     2.7326      8.181     1.2572   481.0026 3.6344e+00     0.1926    95.3001     6.7773     7.1276    33.9317    33.9437    26.5309    26.5418    6.75576 0.0000e+00
       1840     35.031     7.3348     7.3234   3.463040   3.463173     2.7709     2.7338      8.181     1.2621   481.0026 3.6470e+00     0.1922    95.3088     6.7800     7.1309    33.9311    33.9438    26.5303    26.5419    6.75567 0.0000e+00
       1843     35.063     7.3355     7.3232   3.463034   3.463195     2.7705     2.7338      8.181     1.2621   481.0026 3.6344e+00     0.1922    95.3088     6.7795     7.1312    33.9304    33.9442    26.5297    26.5423    6.75560 0.0000e+00
       1846     35.092     7.3376     7.3238   3.462999   3.463222     2.7705     2.7334      8.181     1.2572   481.0026 3.6386e+00     0.1922    95.3088     6.7791     7.1297    33.9280    33.9439    26.5274    26.5419    6.75538 0.0000e+00
       1849     35.119     7.3389     7.3238   3.462982   3.463227     2.7709     2.7338      8.181     1.2572   481.0026 3.6302e+00     0.1922    95.3088     6.7813     7.1308    33.9265    33.9439    26.5261    26.5419    6.75524 0.0000e+00
       1852     35.147     7.3394     7.3236   3.462964   3.463217     2.7713     2.7338      8.179     1.2669   481.0026 3.6093e+00     0.1926    95.3001     6.7822     7.1306    33.9257    33.9440    26.5254    26.5421    6.75518 0.0000e+00
       1855     35.177     7.3398     7.3239   3.463008   3.463253     2.7713     2.7338      8.178     1.2718   481.0026 3.5926e+00     0.1922    95.3088     6.7823     7.1289    33.9258    33.9441    26.5254    26.5421    6.75512 0.0000e+00
       1858     35.208     7.3397     7.3238   3.463030   3.463276     2.7717     2.7338      8.181     1.3304   481.0026 3.5678e+00     0.1915    95.3261     6.7824     7.1268    33.9261    33.9444    26.5257    26.5423    6.75512 0.0000e+00
       1861     35.240     7.3397     7.3239   3.463017   3.463269     2.7709     2.7338      8.181     1.3402   481.0026 3.5513e+00     0.1911    95.3348     6.7795     7.1259    33.9260    33.9442    26.5256    26.5421    6.75514 0.0000e+00
       1864     35.273     7.3399     7.3239   3.462998   3.463257     2.7717     2.7338      8.179     1.3304   481.0026 3.5268e+00     0.1911    95.3348     6.7826     7.1245    33.9256    33.9441    26.5253    26.5421    6.75512 0.0000e+00
       1867     35.311     7.3399     7.3240   3.463022   3.463266     2.7721     2.7338      8.179     1.3353   481.0026 3.4943e+00     0.1911    95.3348     6.7842     7.1247    33.9258    33.9441    26.5255    26.5420    6.75511 0.0000e+00
       1870     35.350     7.3394     7.3241   3.463041   3.463261     2.7717     2.7338      8.181     1.3402   481.0026 3.4541e+00     0.1911    95.3348     6.7829     7.1244    33.9264    33.9439    26.5260    26.5419    6.75515 0.0000e+00
       1873     35.392     7.3388     7.3240   3.463057   3.463255     2.7721     2.7338      8.181     1.3402   481.0026 3.4263e+00     0.1911    95.3348     6.7838     7.1243    33.9272    33.9440    26.5267    26.5420    6.75522 0.0000e+00
       1876     35.435     7.3375     7.3238   3.463083   3.463265     2.7717     2.7338      8.181     1.3353   481.0026 3.3908e+00     0.1915    95.3261     6.7827     7.1236    33.9287    33.9442    26.5280    26.5422    6.75535 0.0000e+00
       1879     35.484     7.3365     7.3239   3.463113   3.463283     2.7725     2.7338      8.181     1.3402   481.0026 3.3557e+00     0.1933    95.2827     6.7848     7.1231    33.9300    33.9442    26.5293    26.5421    6.75545 0.0000e+00
       1882     35.534     7.3350     7.3237   3.463116   3.463252     2.7717     2.7334      8.179     1.3646   481.0026 3.3057e+00     0.1933    95.2827     6.7813     7.1222    33.9315    33.9441    26.5306    26.5421    6.75562 0.0000e+00
       1885     35.583     7.3336     7.3239   3.463132   3.463286     2.7725     2.7338      8.181     1.4672   481.0026 3.2790e+00     0.1933    95.2827     6.7823     7.1235    33.9330    33.9443    26.5320    26.5422    6.75577 0.0000e+00
       1888     35.634     7.3315     7.3238   3.463164   3.463290     2.7729     2.7338      8.181     1.4720   481.0026 3.2451e+00     0.1933    95.2827     6.7821     7.1229    33.9354    33.9444    26.5342    26.5423    6.75600 0.0000e+00
       1891     35.684     7.3290     7.3238   3.463164   3.463273     2.7729     2.7338      8.179     1.4720   481.0026 3.2005e+00     0.1937    95.2740     6.7818     7.1226    33.9379    33.9442    26.5364    26.5421    6.75628 0.0000e+00
       1894     35.733     7.3275     7.3238   3.463167   3.463247     2.7729     2.7338      8.180     1.4720   481.0026 3.1636e+00     0.1933    95.2827     6.7799     7.1230    33.9394    33.9439    26.5379    26.5419    6.75646 0.0000e+00
       1897     35.785     7.3268     7.3236   3.463179   3.463294     2.7733     2.7338      8.180     1.4672   481.0026 3.1381e+00     0.1944    95.2566     6.7792     7.1229    33.9401    33.9445    26.5386    26.5424    6.75653 0.0000e+00
       1900     35.836     7.3262     7.3236   3.463172   3.463272     2.7725     2.7330      8.177     1.4672   481.0026 3.1056e+00     0.1944    95.2566     6.7764     7.1196    33.9406    33.9443    26.5390    26.5422    6.75660 0.0000e+00
       1903     35.882     7.3258     7.3236   3.463166   3.463250     2.7725     2.7338      8.178     1.4672   404.5712 3.0770e+00     0.1944    95.2566     6.7753     7.1231    33.9409    33.9440    26.5392    26.5420    6.75665 0.0000e+00
       1906     35.927     7.3256     7.3239   3.463140   3.463266     2.7717     2.7338      8.180     1.4672     6.0303 3.0452e+00     0.1944    95.2566     6.7711     7.1237    33.9408    33.9439    26.5393    26.5419    6.75669 0.0000e+00
       1909     35.974     7.3255     7.3258   3.463158   3.463280     2.7717     2.7334      8.180     1.4867    -2.6551 3.0171e+00     0.1944    95.2566     6.7690     7.1226    33.9410    33.9421    26.5394    26.5402    6.75668 0.0000e+00
       1912     36.019     7.3255     7.3250   3.463161   3.463286     2.7721     2.7334      8.181     1.5013    -1.7471 2.9859e+00     0.1948    95.2479     6.7706     7.1252    33.9411    33.9429    26.5395    26.5410    6.75669 0.0000e+00
       1915     36.063     7.3254     7.3276   3.463178   3.463231     2.7717     2.7334      8.181     1.4965    -1.7471 2.9516e+00     0.1948    95.2479     6.7694     7.1281    33.9414    33.9398    26.5397    26.5382    6.75669 0.0000e+00
       1918     36.102     7.3254     7.3308   3.463173   3.463232     2.7705     2.7338      8.181     1.4965    -1.7471 2.9278e+00     0.1948    95.2479     6.7651     7.1319    33.9413    33.9366    26.5396    26.5352    6.75669 0.0000e+00
       1921     36.141     7.3254     7.3325   3.463177   3.463226     2.7713     2.7330      8.180     1.5062    -1.8655 2.9176e+00     0.1944    95.2566     6.7682     7.1317    33.9413    33.9349    26.5396    26.5336    6.75669 0.0000e+00
       1924     36.180     7.3257     7.3308   3.463168   3.463264     2.7717     2.7334      8.180     1.5013    -1.8260 2.8941e+00     0.1940    95.2653     6.7704     7.1350    33.9409    33.9370    26.5393    26.5355    6.75667 0.0000e+00
       1927     36.215     7.3257     7.3265   3.463179   3.463326     2.7705     2.7338      8.180     1.4965    -1.8260 2.8642e+00     0.1944    95.2566     6.7670     7.1374    33.9410    33.9418    26.5394    26.5399    6.75666 0.0000e+00
       1930     36.248     7.3268     7.3247   3.463148   3.463313     2.7705     2.7338      8.180     1.5062    -1.7866 2.8443e+00     0.1944    95.2566     6.7670     7.1408    33.9396    33.9434    26.5381    26.5414    6.75656 0.0000e+00
       1933     36.283     7.3279     7.3243   3.463164   3.463315     2.7701     2.7338      8.178     1.5013    -1.6286 2.8214e+00     0.1940    95.2653     6.7656     7.1420    33.9387    33.9438    26.5373    26.5418    6.75643 0.0000e+00
       1936     36.315     7.3287     7.3242   3.463177   3.463315     2.7717     2.7351      8.181     1.9214    -1.6286 2.8019e+00     0.1944    95.2566     6.7702     7.1471    33.9380    33.9439    26.5366    26.5418    6.75633 0.0000e+00
       1939     36.348     7.3293     7.3243   3.463150   3.463315     2.7697     2.7351      8.179     2.0533    -1.7076 2.7826e+00     0.1933    95.2827     6.7653     7.1469    33.9371    33.9438    26.5358    26.5418    6.75627 0.0000e+00
