Datasets/AZMP/COO001/79001082.cnv
* Sea-Bird SBE 9 Data File:
* FileName = C:\CTDDATA\79001082.hex
* Software Version Seasave V 7.26.7.110
* Temperature SN = 5660
* Conductivity SN = 3698
* Number of Bytes Per Scan = 30
* Number of Voltage Words = 4
* Number of Scans Averaged by the Deck Unit = 1
* NMEA baud rate = 9600
** VESSEL/TRIP/SEQ STN:  79001082
** LATITUDE XX XX.XX N:  48 09.50 N
** LONGITUDE XX XX.XX W:  53 43.30 W
** SOUNDING DEPTH (M):  0187
** PROBE TYPE: S1257
** CTD NUMBER: 049
** COMMENTS (14 CHAR): SS-10
** BOTTLES:  0
** LEVELS:
** STICKERS:
** VNET: N
** DO2: N
# nquan = 22
# nvalues = 5622                        
# units = specified
# name 0 = scan: Scan Count
# name 1 = prDM: Pressure, Digiquartz [db]
# name 2 = t090C: Temperature [ITS-90, deg C]
# name 3 = t190C: Temperature, 2 [ITS-90, deg C]
# name 4 = c0S/m: Conductivity [S/m]
# name 5 = c1S/m: Conductivity, 2 [S/m]
# name 6 = sbeox0V: Oxygen raw, SBE 43 [V]
# name 7 = sbeox1V: Oxygen raw, SBE 43, 2 [V]
# name 8 = ph: pH
# name 9 = flECO-AFL: Fluorescence, WET Labs ECO-AFL/FL [mg/m^3]
# name 10 = wetCDOM: Fluorescence, WET Labs CDOM [mg/m^3]
# name 11 = par/sat/log: PAR/Logarithmic, Satlantic [umol photons/m^2/sec]
# name 12 = CStarAt0: Beam Attenuation, WET Labs C-Star [1/m]
# name 13 = CStarTr0: Beam Transmission, WET Labs C-Star [%]
# name 14 = sbeox0ML/L: Oxygen, SBE 43 [ml/l], WS = 2
# name 15 = sbeox1ML/L: Oxygen, SBE 43, 2 [ml/l], WS = 2
# name 16 = sal00: Salinity, Practical [PSU]
# name 17 = sal11: Salinity, Practical, 2 [PSU]
# name 18 = sigma-t00: Density [sigma-t, kg/m^3 ]
# name 19 = sigma-t11: Density, 2 [sigma-t, kg/m^3 ]
# name 20 = oxsatML/L: Oxygen Saturation, Weiss [ml/l]
# name 21 = flag: flag
# span 0 =        349,      18629       
# span 1 =      0.924,    176.474       
# span 2 =     0.2099,     3.5158       
# span 3 =     0.2084,     3.5159       
# span 4 =   2.762950,   2.932813       
# span 5 =   2.763213,   2.932937       
# span 6 =     2.4153,     2.7417       
# span 7 =     2.3835,     2.7051       
# span 8 =      8.050,      8.179       
# span 9 =     0.0215,     0.6564       
# span 10 =    -1.3918,     3.5826      
# span 11 = 1.0728e-01, 1.8675e+00      
# span 12 =     0.0843,     0.1984      
# span 13 =    95.1610,    97.9157      
# span 14 =     6.6947,     7.6585      
# span 15 =     7.4247,     7.9039      
# span 16 =    31.2428,    32.8576      
# span 17 =    31.2456,    32.8622      
# span 18 =    24.8502,    26.3666      
# span 19 =    24.8527,    26.3704      
# span 20 =    7.52407,    8.11980      
# span 21 = 0.0000e+00, 0.0000e+00      
# interval = scans: 3                   
# start_time = Dec 01 2019 20:00:49 [System UTC, header]
# bad_flag = -9.990e-29
*END*
[from data line 5070]
      16966     29.307     3.4111     3.4199   2.926313   2.926096     2.7380     2.7038      8.174     0.5002     2.2798 1.0790e-01     0.1206    97.0293     7.4890     7.8602    31.6599    31.6487    25.1843    25.1746    7.53606 0.0000e+00
      16969     29.245     3.4116     3.4200   2.926307   2.926092     2.7380     2.7038      8.176     0.4953     2.2798 1.0790e-01     0.1203    97.0380     7.4904     7.8587    31.6594    31.6486    25.1838    25.1744    7.53599 0.0000e+00
      16972     29.181     3.4120     3.4200   2.926258   2.926074     2.7376     2.7047      8.174     0.4806     2.2798 1.0790e-01     0.1206    97.0293     7.4895     7.8612    31.6585    31.6484    25.1830    25.1744    7.53596 0.0000e+00
      16975     29.119     3.4127     3.4201   2.926220   2.926072     2.7364     2.7038      8.174     0.4464     2.2798 1.0790e-01     0.1206    97.0293     7.4847     7.8572    31.6573    31.6484    25.1821    25.1743    7.53588 0.0000e+00
      16978     29.056     3.4134     3.4200   2.926221   2.926076     2.7368     2.7038      8.174     0.4513     2.2798 1.0790e-01     0.1203    97.0380     7.4869     7.8565    31.6567    31.6485    25.1815    25.1744    7.53579 0.0000e+00
      16981     28.993     3.4135     3.4200   2.926240   2.926068     2.7372     2.7038      8.174     0.4610     2.3587 1.0790e-01     0.1206    97.0293     7.4878     7.8541    31.6568    31.6484    25.1816    25.1744    7.53576 0.0000e+00
      16984     28.931     3.4138     3.4200   2.926163   2.926057     2.7380     2.7038      8.174     0.4513     2.3982 1.0790e-01     0.1203    97.0380     7.4893     7.8543    31.6556    31.6484    25.1806    25.1743    7.53575 0.0000e+00
      16987     28.868     3.4142     3.4200   2.926122   2.926065     2.7372     2.7038      8.174     0.4464     2.3982 1.0790e-01     0.1192    97.0641     7.4864     7.8517    31.6548    31.6485    25.1799    25.1744    7.53572 0.0000e+00
      16990     28.804     3.4149     3.4200   2.926113   2.926070     2.7380     2.7034      8.174     0.4513     2.3982 1.0790e-01     0.1196    97.0554     7.4903     7.8469    31.6540    31.6486    25.1793    25.1745    7.53563 0.0000e+00
      16993     28.737     3.4151     3.4200   2.926131   2.926048     2.7389     2.7026      8.174     0.4464     2.3982 1.0790e-01     0.1192    97.0641     7.4943     7.8415    31.6541    31.6484    25.1793    25.1743    7.53558 0.0000e+00
      16996     28.675     3.4148     3.4200   2.926148   2.926042     2.7372     2.7026      8.174     0.4513     2.3982 1.0790e-01     0.1192    97.0641     7.4892     7.8414    31.6546    31.6483    25.1797    25.1743    7.53561 0.0000e+00
      16999     28.616     3.4145     3.4199   2.926146   2.926043     2.7372     2.7026      8.174     0.4562     2.3982 1.0790e-01     0.1196    97.0554     7.4883     7.8426    31.6549    31.6484    25.1800    25.1743    7.53566 0.0000e+00
      17002     28.552     3.4145     3.4200   2.926143   2.926017     2.7372     2.7022      8.174     0.4610     2.3982 1.0790e-01     0.1196    97.0554     7.4869     7.8424    31.6549    31.6481    25.1801    25.1741    7.53566 0.0000e+00
      17005     28.485     3.4145     3.4199   2.926146   2.926041     2.7372     2.7026      8.174     0.4659     2.3982 1.0790e-01     0.1199    97.0467     7.4850     7.8455    31.6550    31.6485    25.1801    25.1744    7.53566 0.0000e+00
      17008     28.421     3.4145     3.4200   2.926078   2.926045     2.7368     2.7022      8.174     0.4610     2.3982 1.0790e-01     0.1217    97.0033     7.4836     7.8456    31.6543    31.6485    25.1795    25.1744    7.53570 0.0000e+00
      17011     28.356     3.4148     3.4200   2.926035   2.926025     2.7384     2.7018      8.174     0.4659     2.3982 1.0790e-01     0.1217    97.0033     7.4894     7.8468    31.6534    31.6483    25.1787    25.1742    7.53567 0.0000e+00
      17014     28.291     3.4154     3.4199   2.926010   2.926030     2.7380     2.7014      8.174     0.4562     2.3982 1.0790e-01     0.1213    97.0120     7.4877     7.8492    31.6526    31.6484    25.1781    25.1744    7.53561 0.0000e+00
      17017     28.228     3.4158     3.4200   2.925991   2.926033     2.7376     2.7014      8.174     0.4610     2.3982 1.0790e-01     0.1213    97.0120     7.4877     7.8523    31.6520    31.6485    25.1776    25.1744    7.53556 0.0000e+00
      17020     28.165     3.4161     3.4200   2.925955   2.926018     2.7372     2.7018      8.174     0.4757     2.3982 1.0790e-01     0.1217    97.0033     7.4877     7.8554    31.6513    31.6483    25.1770    25.1742    7.53553 0.0000e+00
      17023     28.104     3.4164     3.4200   2.925916   2.926011     2.7376     2.7014      8.174     0.4659     2.3982 1.0790e-01     0.1213    97.0120     7.4885     7.8551    31.6505    31.6482    25.1764    25.1742    7.53552 0.0000e+00
      17026     28.038     3.4169     3.4201   2.925928   2.926028     2.7372     2.7022      8.174     0.4464     2.3982 1.0790e-01     0.1206    97.0293     7.4859     7.8612    31.6502    31.6484    25.1760    25.1743    7.53544 0.0000e+00
      17029     27.972     3.4172     3.4201   2.925922   2.926005     2.7368     2.7014      8.174     0.4513     2.3982 1.0790e-01     0.1185    97.0815     7.4850     7.8617    31.6500    31.6481    25.1758    25.1741    7.53540 0.0000e+00
      17032     27.912     3.4172     3.4201   2.925943   2.925995     2.7384     2.7014      8.174     0.4513     2.3587 1.0790e-01     0.1185    97.0815     7.4906     7.8657    31.6503    31.6480    25.1761    25.1740    7.53539 0.0000e+00
      17035     27.848     3.4170     3.4202   2.925959   2.925989     2.7372     2.7018      8.174     0.4464     2.2798 1.0790e-01     0.1192    97.0641     7.4863     7.8670    31.6506    31.6479    25.1763    25.1739    7.53540 0.0000e+00
      17038     27.784     3.4168     3.4203   2.925975   2.926002     2.7376     2.7014      8.174     0.4513     2.2798 1.0790e-01     0.1189    97.0728     7.4886     7.8638    31.6510    31.6480    25.1767    25.1740    7.53541 0.0000e+00
      17041     27.719     3.4167     3.4201   2.925940   2.925989     2.7380     2.7022      8.174     0.4513     2.2798 1.0790e-01     0.1185    97.0815     7.4914     7.8667    31.6508    31.6480    25.1766    25.1740    7.53546 0.0000e+00
      17044     27.656     3.4167     3.4202   2.925908   2.925985     2.7372     2.7018      8.174     0.4513     2.2798 1.0790e-01     0.1185    97.0815     7.4894     7.8653    31.6504    31.6479    25.1762    25.1739    7.53547 0.0000e+00
      17047     27.594     3.4169     3.4203   2.925934   2.925979     2.7376     2.7014      8.174     0.4513     2.2798 1.0790e-01     0.1203    97.0380     7.4903     7.8652    31.6506    31.6478    25.1764    25.1738    7.53543 0.0000e+00
      17050     27.532     3.4169     3.4203   2.925915   2.925965     2.7372     2.7026      8.174     0.4513     2.2798 1.0790e-01     0.1210    97.0206     7.4891     7.8700    31.6504    31.6476    25.1762    25.1737    7.53543 0.0000e+00
      17053     27.467     3.4169     3.4204   2.925928   2.925980     2.7384     2.7026      8.174     0.4464     2.2798 1.0790e-01     0.1206    97.0293     7.4914     7.8719    31.6505    31.6478    25.1763    25.1738    7.53542 0.0000e+00
      17056     27.403     3.4166     3.4204   2.925930   2.925966     2.7380     2.7022      8.174     0.4513     2.2798 1.0790e-01     0.1206    97.0293     7.4892     7.8701    31.6510    31.6477    25.1767    25.1737    7.53547 0.0000e+00
      17059     27.339     3.4162     3.4203   2.925938   2.925972     2.7380     2.7014      8.174     0.4513     2.3193 1.0790e-01     0.1206    97.0293     7.4899     7.8665    31.6514    31.6478    25.1771    25.1738    7.53552 0.0000e+00
      17062     27.277     3.4158     3.4204   2.925929   2.925947     2.7372     2.7014      8.174     0.4464     2.3982 1.0790e-01     0.1206    97.0293     7.4886     7.8666    31.6518    31.6475    25.1774    25.1736    7.53558 0.0000e+00
      17065     27.214     3.4158     3.4206   2.925894   2.925927     2.7389     2.7026      8.174     0.4464     2.3982 1.0790e-01     0.1210    97.0206     7.4937     7.8709    31.6514    31.6471    25.1771    25.1733    7.53560 0.0000e+00
      17068     27.150     3.4159     3.4204   2.925898   2.925908     2.7380     2.7022      8.174     0.4513     2.3982 1.0790e-01     0.1217    97.0033     7.4903     7.8700    31.6513    31.6471    25.1770    25.1733    7.53558 0.0000e+00
      17071     27.086     3.4157     3.4206   2.925871   2.925917     2.7380     2.7026      8.174     0.4513     2.3982 1.0790e-01     0.1217    97.0033     7.4904     7.8701    31.6512    31.6470    25.1770    25.1732    7.53562 0.0000e+00
      17074     27.028     3.4163     3.4207   2.925837   2.925884     2.7376     2.7026      8.174     0.4415     2.3982 1.0790e-01     0.1217    97.0033     7.4894     7.8689    31.6503    31.6465    25.1762    25.1728    7.53556 0.0000e+00
      17077     26.961     3.4163     3.4207   2.925821   2.925888     2.7380     2.7026      8.174     0.4659     2.3982 1.0790e-01     0.1217    97.0033     7.4905     7.8716    31.6501    31.6467    25.1760    25.1729    7.53556 0.0000e+00
      17080     26.897     3.4163     3.4207   2.925829   2.925893     2.7372     2.7026      8.174     0.4757     2.3982 1.0790e-01     0.1217    97.0033     7.4877     7.8726    31.6502    31.6467    25.1761    25.1729    7.53555 0.0000e+00
      17083     26.832     3.4162     3.4206   2.925831   2.925899     2.7389     2.7026      8.174     0.4806     2.3982 1.0790e-01     0.1217    97.0033     7.4927     7.8708    31.6504    31.6469    25.1763    25.1731    7.53556 0.0000e+00
      17086     26.770     3.4165     3.4206   2.925825   2.925867     2.7389     2.7026      8.174     0.4757     2.2009 1.0790e-01     0.1228    96.9772     7.4924     7.8666    31.6501    31.6466    25.1759    25.1729    7.53552 0.0000e+00
      17089     26.707     3.4167     3.4206   2.925817   2.925873     2.7376     2.7030      8.174     0.4757     2.1614 1.0790e-01     0.1271    96.8729     7.4872     7.8653    31.6498    31.6467    25.1758    25.1729    7.53550 0.0000e+00
      17092     26.646     3.4169     3.4207   2.925797   2.925852     2.7384     2.7026      8.174     0.4757     2.1614 1.0790e-01     0.1267    96.8816     7.4897     7.8612    31.6494    31.6463    25.1754    25.1726    7.53548 0.0000e+00
      17095     26.583     3.4171     3.4209   2.925789   2.925861     2.7384     2.7026      8.174     0.4708     2.1614 1.0790e-01     0.1267    96.8816     7.4906     7.8576    31.6491    31.6463    25.1752    25.1725    7.53546 0.0000e+00
      17098     26.520     3.4175     3.4209   2.925798   2.925870     2.7393     2.7026      8.174     0.4806     2.1614 1.0790e-01     0.1271    96.8729     7.4931     7.8548    31.6489    31.6465    25.1749    25.1728    7.53539 0.0000e+00
      17101     26.457     3.4175     3.4209   2.925783   2.925857     2.7380     2.7034      8.174     0.4757     2.1614 1.0790e-01     0.1271    96.8729     7.4881     7.8541    31.6488    31.6464    25.1749    25.1726    7.53541 0.0000e+00
      17104     26.392     3.4178     3.4209   2.925781   2.925809     2.7380     2.7026      8.174     0.4904     2.1614 1.0790e-01     0.1271    96.8729     7.4877     7.8473    31.6485    31.6457    25.1746    25.1722    7.53536 0.0000e+00
      17107     26.330     3.4178     3.4210   2.925765   2.925803     2.7380     2.7026      8.174     0.4855     2.1614 1.0790e-01     0.1232    96.9685     7.4863     7.8430    31.6483    31.6456    25.1745    25.1720    7.53537 0.0000e+00
      17110     26.268     3.4180     3.4212   2.925747   2.925784     2.7389     2.7022      8.174     0.4953     2.1614 1.0790e-01     0.1196    97.0554     7.4907     7.8380    31.6479    31.6452    25.1742    25.1717    7.53535 0.0000e+00
      17113     26.204     3.4183     3.4216   2.925736   2.925773     2.7376     2.7022      8.174     0.4953     2.2403 1.0790e-01     0.1196    97.0554     7.4874     7.8353    31.6476    31.6448    25.1738    25.1713    7.53531 0.0000e+00
      17116     26.141     3.4183     3.4221   2.925747   2.925747     2.7380     2.7018      8.174     0.4904     2.2798 1.0790e-01     0.1196    97.0554     7.4883     7.8332    31.6477    31.6440    25.1740    25.1706    7.53531 0.0000e+00
      17119     26.078     3.4185     3.4222   2.925723   2.925717     2.7389     2.7014      8.174     0.5002     2.2798 1.0790e-01     0.1196    97.0554     7.4908     7.8308    31.6473    31.6435    25.1736    25.1703    7.53529 0.0000e+00
      17122     26.012     3.4185     3.4224   2.925740   2.925728     2.7384     2.7014      8.174     0.4904     2.2798 1.0790e-01     0.1196    97.0554     7.4897     7.8308    31.6475    31.6436    25.1737    25.1703    7.53527 0.0000e+00
      17125     25.951     3.4184     3.4224   2.925720   2.925743     2.7389     2.7006      8.174     0.5002     2.2798 1.0790e-01     0.1196    97.0554     7.4916     7.8298    31.6474    31.6438    25.1737    25.1705    7.53530 0.0000e+00
      17128     25.889     3.4182     3.4221   2.925728   2.925729     2.7380     2.7006      8.174     0.4904     2.2798 1.0790e-01     0.1224    96.9859     7.4893     7.8332    31.6477    31.6439    25.1739    25.1706    7.53532 0.0000e+00
      17131     25.823     3.4183     3.4224   2.925712   2.925727     2.7389     2.7002      8.174     0.5246     2.2798 1.0790e-01     0.1221    96.9946     7.4912     7.8369    31.6475    31.6437    25.1738    25.1704    7.53532 0.0000e+00
      17134     25.756     3.4184     3.4226   2.925698   2.925723     2.7384     2.7002      8.174     0.5148     2.2798 1.0790e-01     0.1221    96.9946     7.4899     7.8413    31.6473    31.6435    25.1736    25.1702    7.53532 0.0000e+00
      17137     25.694     3.4186     3.4228   2.925702   2.925693     2.7393     2.7002      8.174     0.5246     2.2798 1.0790e-01     0.1224    96.9859     7.4928     7.8459    31.6471    31.6429    25.1734    25.1697    7.53527 0.0000e+00
      17140     25.630     3.4190     3.4232   2.925691   2.925696     2.7384     2.7002      8.174     0.5197     2.2798 1.0790e-01     0.1224    96.9859     7.4882     7.8480    31.6467    31.6426    25.1730    25.1694    7.53523 0.0000e+00
      17143     25.564     3.4189     3.4236   2.925665   2.925683     2.7384     2.7002      8.174     0.5246     2.2798 1.0790e-01     0.1224    96.9859     7.4879     7.8507    31.6464    31.6421    25.1729    25.1689    7.53526 0.0000e+00
      17146     25.499     3.4189     3.4237   2.925680   2.925685     2.7384     2.7002      8.174     0.5197     2.2798 1.0790e-01     0.1228    96.9772     7.4875     7.8544    31.6466    31.6420    25.1730    25.1689    7.53524 0.0000e+00
      17149     25.435     3.4184     3.4239   2.925687   2.925683     2.7384     2.7002      8.174     0.5197     2.2798 1.0790e-01     0.1213    97.0120     7.4877     7.8561    31.6473    31.6419    25.1736    25.1688    7.53531 0.0000e+00
      17152     25.369     3.4179     3.4241   2.925661   2.925675     2.7393     2.7006      8.174     0.5246     2.2798 1.0790e-01     0.1217    97.0033     7.4899     7.8594    31.6475    31.6416    25.1738    25.1686    7.53539 0.0000e+00
      17155     25.304     3.4175     3.4243   2.925670   2.925677     2.7384     2.7010      8.174     0.5148     2.2798 1.0790e-01     0.1213    97.0120     7.4867     7.8613    31.6480    31.6414    25.1742    25.1684    7.53544 0.0000e+00
      17158     25.240     3.4174     3.4242   2.925666   2.925669     2.7393     2.7010      8.174     0.4904     2.2798 1.0790e-01     0.1213    97.0120     7.4888     7.8620    31.6481    31.6416    25.1743    25.1685    7.53546 0.0000e+00
