Datasets/AZMP/COO001/79001099.cnv
* Sea-Bird SBE 9 Data File:
* FileName = C:\CTDDATA\79001099.hex
* Software Version Seasave V 7.26.7.110
* Temperature SN = 5660
* Conductivity SN = 3698
* Number of Bytes Per Scan = 30
* Number of Voltage Words = 4
* Number of Scans Averaged by the Deck Unit = 1
* NMEA baud rate = 9600
** VESSEL/TRIP/SEQ STN:  79001099
** LATITUDE XX XX.XX N:  49 31.00 N
** LONGITUDE XX XX.XX W:  50 32.00 W
** SOUNDING DEPTH (M):  0333
** PROBE TYPE: S1257
** CTD NUMBER: 065
** COMMENTS (14 CHAR): BB-10
** BOTTLES:  12
** LEVELS: 5,5,10,20,20,30,40,50,75,100,150,BTM
** STICKERS: 435384 - 435395
** VNET: Y
** DO2: Y
# nquan = 22
# nvalues = 8766                        
# units = specified
# name 0 = scan: Scan Count
# name 1 = prDM: Pressure, Digiquartz [db]
# name 2 = t090C: Temperature [ITS-90, deg C]
# name 3 = t190C: Temperature, 2 [ITS-90, deg C]
# name 4 = c0S/m: Conductivity [S/m]
# name 5 = c1S/m: Conductivity, 2 [S/m]
# name 6 = sbeox0V: Oxygen raw, SBE 43 [V]
# name 7 = sbeox1V: Oxygen raw, SBE 43, 2 [V]
# name 8 = ph: pH
# name 9 = flECO-AFL: Fluorescence, WET Labs ECO-AFL/FL [mg/m^3]
# name 10 = wetCDOM: Fluorescence, WET Labs CDOM [mg/m^3]
# name 11 = par/sat/log: PAR/Logarithmic, Satlantic [umol photons/m^2/sec]
# name 12 = CStarAt0: Beam Attenuation, WET Labs C-Star [1/m]
# name 13 = CStarTr0: Beam Transmission, WET Labs C-Star [%]
# name 14 = sbeox0ML/L: Oxygen, SBE 43 [ml/l], WS = 2
# name 15 = sbeox1ML/L: Oxygen, SBE 43, 2 [ml/l], WS = 2
# name 16 = sal00: Salinity, Practical [PSU]
# name 17 = sal11: Salinity, Practical, 2 [PSU]
# name 18 = sigma-t00: Density [sigma-t, kg/m^3 ]
# name 19 = sigma-t11: Density, 2 [sigma-t, kg/m^3 ]
# name 20 = oxsatML/L: Oxygen Saturation, Weiss [ml/l]
# name 21 = flag: flag
# span 0 =         43,      67140       
# span 1 =      0.503,    330.871       
# span 2 =     1.9721,     3.9481       
# span 3 =     1.9542,     3.9485       
# span 4 =   2.972689,   3.243676       
# span 5 =   0.684572,   3.243786       
# span 6 =     2.3987,     2.7497       
# span 7 =     2.3690,     2.7117       
# span 8 =      8.125,      8.212       
# span 9 =    -0.0176,     1.2962       
# span 10 =    -1.3523,     1.9245      
# span 11 = 1.0752e-01, 7.3949e+01      
# span 12 =     0.0524,     0.4034      
# span 13 =    90.4077,    98.6978      
# span 14 =     6.3699,     7.6618      
# span 15 =     6.6938,     9.0813      
# span 16 =    33.2510,    34.7475      
# span 17 =     6.7762,    34.7480      
# span 18 =    26.5290,    27.6118      
# span 19 =     5.4031,    27.5924      
# span 20 =    7.28535,    7.69955      
# span 21 = 0.0000e+00, 0.0000e+00      
# interval = scans: 3                   
# start_time = Dec 03 2019 11:34:35 [System UTC, header]
# bad_flag = -9.990e-29
*END*
[from data line 8231]
      53653     27.950     2.3908     2.3896   2.973932   2.974098     2.7368     2.7010      8.207     1.0374     1.5692 2.3558e+00     0.1418    96.5167     7.6163     7.9925    33.2699    33.2732    26.5553    26.5580    7.64967 0.0000e+00
      53656     27.924     2.3908     2.3896   2.973936   2.974104     2.7372     2.7010      8.207     1.0276     1.5692 2.3585e+00     0.1422    96.5080     7.6185     7.9927    33.2699    33.2732    26.5553    26.5580    7.64967 0.0000e+00
      53659     27.896     2.3907     2.3898   2.973944   2.974101     2.7368     2.7010      8.207     1.0325     1.5692 2.3558e+00     0.1422    96.5080     7.6172     7.9930    33.2701    33.2730    26.5555    26.5579    7.64967 0.0000e+00
      53662     27.867     2.3907     2.3901   2.973916   2.974125     2.7368     2.7010      8.207     1.0276     1.5692 2.3613e+00     0.1426    96.4993     7.6181     7.9932    33.2698    33.2730    26.5552    26.5579    7.64969 0.0000e+00
      53665     27.838     2.3907     2.3899   2.973940   2.974109     2.7372     2.7010      8.207     1.0276     1.5692 2.3613e+00     0.1422    96.5080     7.6211     7.9936    33.2701    33.2730    26.5555    26.5578    7.64967 0.0000e+00
      53668     27.808     2.3907     2.3900   2.973925   2.974109     2.7376     2.7010      8.207     1.0374     1.5692 2.3613e+00     0.1426    96.4993     7.6241     7.9936    33.2699    33.2730    26.5553    26.5578    7.64968 0.0000e+00
      53671     27.772     2.3907     2.3899   2.973924   2.974111     2.7376     2.7010      8.207     1.0227     1.5692 2.3722e+00     0.1422    96.5080     7.6239     7.9945    33.2699    33.2731    26.5553    26.5579    7.64968 0.0000e+00
      53674     27.738     2.3907     2.3900   2.973924   2.974119     2.7372     2.7010      8.207     1.0472     1.4507 2.3722e+00     0.1422    96.5080     7.6238     7.9966    33.2699    33.2731    26.5553    26.5579    7.64968 0.0000e+00
      53677     27.702     2.3907     2.3900   2.973913   2.974121     2.7376     2.7010      8.207     1.0716     1.4507 2.3722e+00     0.1422    96.5080     7.6239     7.9988    33.2698    33.2732    26.5552    26.5580    7.64968 0.0000e+00
      53680     27.664     2.3907     2.3900   2.973928   2.974115     2.7376     2.7010      8.207     1.0716     1.4507 2.3860e+00     0.1415    96.5253     7.6236     8.0002    33.2701    33.2731    26.5555    26.5579    7.64968 0.0000e+00
      53683     27.624     2.3908     2.3900   2.973923   2.974113     2.7372     2.7010      8.207     1.0716     1.4507 2.3832e+00     0.1418    96.5167     7.6218     8.0017    33.2699    33.2730    26.5553    26.5579    7.64967 0.0000e+00
      53686     27.585     2.3908     2.3898   2.973910   2.974083     2.7380     2.7010      8.207     1.0667     1.4507 2.3805e+00     0.1422    96.5080     7.6233     8.0031    33.2698    33.2729    26.5552    26.5578    7.64967 0.0000e+00
      53689     27.549     2.3907     2.3899   2.973914   2.974081     2.7380     2.7010      8.207     1.0716     1.4507 2.3860e+00     0.1422    96.5080     7.6224     8.0041    33.2699    33.2728    26.5553    26.5577    7.64967 0.0000e+00
      53692     27.510     2.3908     2.3899   2.973928   2.974080     2.7388     2.7018      8.207     1.0716     1.4507 2.3915e+00     0.1422    96.5080     7.6266     8.0079    33.2700    33.2728    26.5555    26.5577    7.64966 0.0000e+00
      53695     27.469     2.3908     2.3898   2.973920   2.974070     2.7380     2.7018      8.207     1.0667     1.4507 2.4026e+00     0.1411    96.5340     7.6270     8.0095    33.2700    33.2729    26.5554    26.5578    7.64966 0.0000e+00
      53698     27.427     2.3907     2.3898   2.973924   2.974081     2.7380     2.7018      8.207     1.0667     1.4902 2.3998e+00     0.1411    96.5340     7.6271     8.0116    33.2701    33.2730    26.5555    26.5578    7.64967 0.0000e+00
      53701     27.385     2.3908     2.3898   2.973907   2.974083     2.7380     2.7022      8.207     1.1009     1.5692 2.4137e+00     0.1411    96.5340     7.6258     8.0146    33.2699    33.2731    26.5552    26.5579    7.64967 0.0000e+00
      53704     27.344     2.3908     2.3898   2.973907   2.974051     2.7380     2.7018      8.207     1.1253     1.5692 2.4137e+00     0.1411    96.5340     7.6254     8.0136    33.2698    33.2726    26.5552    26.5575    7.64966 0.0000e+00
      53707     27.303     2.3909     2.3897   2.973901   2.974064     2.7380     2.7022      8.207     1.1302     1.5692 2.4277e+00     0.1411    96.5340     7.6250     8.0155    33.2697    33.2730    26.5552    26.5578    7.64966 0.0000e+00
      53710     27.260     2.3907     2.3895   2.973914   2.974046     2.7376     2.7022      8.207     1.1253     1.5692 2.4362e+00     0.1411    96.5340     7.6232     8.0150    33.2701    33.2729    26.5554    26.5578    7.64967 0.0000e+00
      53713     27.217     2.3907     2.3894   2.973919   2.974036     2.7388     2.7022      8.207     1.1350     1.5692 2.4446e+00     0.1422    96.5080     7.6270     8.0137    33.2702    33.2730    26.5555    26.5579    7.64967 0.0000e+00
      53716     27.175     2.3908     2.3895   2.973915   2.974030     2.7397     2.7026      8.207     1.1302     1.5692 2.4588e+00     0.1422    96.5080     7.6294     8.0133    33.2701    33.2729    26.5554    26.5578    7.64966 0.0000e+00
      53719     27.132     2.3907     2.3893   2.973889   2.974032     2.7401     2.7026      8.207     1.1302     1.5692 2.4673e+00     0.1422    96.5080     7.6303     8.0128    33.2699    33.2731    26.5552    26.5579    7.64968 0.0000e+00
      53722     27.088     2.3907     2.3895   2.973901   2.974031     2.7388     2.7034      8.207     1.1350     1.5692 2.4787e+00     0.1422    96.5080     7.6256     8.0150    33.2700    33.2729    26.5554    26.5578    7.64967 0.0000e+00
      53725     27.042     2.3908     2.3895   2.973913   2.974030     2.7384     2.7030      8.207     1.1253     1.5692 2.4902e+00     0.1422    96.5080     7.6241     8.0122    33.2701    33.2729    26.5555    26.5578    7.64966 0.0000e+00
      53728     26.996     2.3906     2.3895   2.973895   2.974042     2.7388     2.7034      8.207     1.0667     1.5692 2.4989e+00     0.1422    96.5080     7.6253     8.0123    33.2701    33.2731    26.5554    26.5579    7.64968 0.0000e+00
      53731     26.948     2.3906     2.3896   2.973887   2.974024     2.7392     2.7034      8.207     1.0618     1.5692 2.5163e+00     0.1422    96.5080     7.6260     8.0100    33.2700    33.2728    26.5554    26.5577    7.64969 0.0000e+00
      53734     26.897     2.3907     2.3895   2.973887   2.974023     2.7392     2.7034      8.207     1.0618     1.5692 2.5250e+00     0.1426    96.4993     7.6245     8.0081    33.2700    33.2729    26.5553    26.5578    7.64968 0.0000e+00
      53737     26.844     2.3907     2.3897   2.973877   2.974042     2.7388     2.7034      8.207     1.0569     1.5692 2.5338e+00     0.1422    96.5080     7.6207     8.0056    33.2699    33.2729    26.5553    26.5578    7.64969 0.0000e+00
      53740     26.791     2.3907     2.3896   2.973879   2.974017     2.7388     2.7034      8.207     1.0471     1.5692 2.5573e+00     0.1422    96.5080     7.6198     8.0028    33.2699    33.2728    26.5553    26.5577    7.64967 0.0000e+00
      53743     26.739     2.3907     2.3897   2.973863   2.974022     2.7384     2.7034      8.207     1.0520     1.5692 2.5751e+00     0.1422    96.5080     7.6199     8.0008    33.2698    33.2728    26.5552    26.5577    7.64969 0.0000e+00
      53746     26.685     2.3906     2.3896   2.973869   2.974043     2.7392     2.7034      8.207     1.0569     1.5692 2.5871e+00     0.1422    96.5080     7.6223     7.9987    33.2699    33.2732    26.5553    26.5580    7.64969 0.0000e+00
      53749     26.632     2.3906     2.3897   2.973842   2.974035     2.7397     2.7034      8.207     1.0667     1.5692 2.5991e+00     0.1422    96.5080     7.6221     7.9989    33.2696    33.2730    26.5551    26.5578    7.64971 0.0000e+00
      53752     26.577     2.3907     2.3896   2.973859   2.974023     2.7397     2.7034      8.207     1.0569     1.6876 2.6172e+00     0.1426    96.4993     7.6213     7.9975    33.2697    33.2730    26.5552    26.5578    7.64968 0.0000e+00
      53755     26.521     2.3907     2.3896   2.973871   2.974014     2.7392     2.7034      8.207     1.0178     1.6876 2.6324e+00     0.1422    96.5080     7.6213     7.9958    33.2700    33.2729    26.5554    26.5578    7.64968 0.0000e+00
      53758     26.465     2.3908     2.3896   2.973873   2.974020     2.7392     2.7034      8.205     1.0130     1.6876 2.6538e+00     0.1422    96.5080     7.6223     7.9943    33.2700    33.2729    26.5553    26.5578    7.64967 0.0000e+00
      53761     26.410     2.3907     2.3897   2.973879   2.974016     2.7388     2.7034      8.207     1.0227     1.6876 2.6722e+00     0.1422    96.5080     7.6207     7.9945    33.2701    33.2729    26.5554    26.5578    7.64966 0.0000e+00
      53764     26.354     2.3908     2.3896   2.973873   2.973996     2.7388     2.7034      8.207     1.0081     1.6876 2.6846e+00     0.1422    96.5080     7.6208     7.9933    33.2700    33.2728    26.5554    26.5577    7.64966 0.0000e+00
      53767     26.297     2.3908     2.3897   2.973859   2.974004     2.7388     2.7030      8.207     1.0227     1.6876 2.6939e+00     0.1422    96.5080     7.6219     7.9901    33.2699    33.2728    26.5553    26.5577    7.64967 0.0000e+00
      53770     26.240     2.3907     2.3895   2.973863   2.973967     2.7384     2.7034      8.207     1.0178     1.6876 2.7221e+00     0.1422    96.5080     7.6199     7.9906    33.2701    33.2725    26.5554    26.5575    7.64968 0.0000e+00
      53773     26.183     2.3908     2.3892   2.973859   2.973957     2.7380     2.7034      8.207     1.0178     1.6876 2.7538e+00     0.1422    96.5080     7.6206     7.9889    33.2699    33.2728    26.5553    26.5578    7.64966 0.0000e+00
      53776     26.131     2.3907     2.3891   2.973855   2.973968     2.7397     2.7030      8.207     1.0178     1.6481 2.7729e+00     0.1418    96.5167     7.6270     7.9861    33.2700    33.2731    26.5554    26.5580    7.64968 0.0000e+00
      53779     26.076     2.3907     2.3895   2.973810   2.973990     2.7401     2.7030      8.207     1.0374     1.4507 2.7922e+00     0.1418    96.5167     7.6287     7.9851    33.2695    33.2729    26.5550    26.5578    7.64971 0.0000e+00
      53782     26.022     2.3907     2.3892   2.973838   2.973953     2.7388     2.7026      8.207     1.0618     1.4507 2.8084e+00     0.1422    96.5080     7.6243     7.9832    33.2698    33.2728    26.5553    26.5578    7.64969 0.0000e+00
      53785     25.971     2.3907     2.3888   2.973829   2.973913     2.7392     2.7034      8.207     1.0569     1.4507 2.8279e+00     0.1422    96.5080     7.6260     7.9861    33.2698    33.2728    26.5552    26.5578    7.64970 0.0000e+00
      53788     25.926     2.3907     2.3884   2.973853   2.973867     2.7397     2.7026      8.207     1.0520     1.4507 2.8411e+00     0.1418    96.5167     7.6258     7.9837    33.2701    33.2726    26.5554    26.5577    7.64968 0.0000e+00
      53791     25.881     2.3906     2.3881   2.973813   2.973839     2.7401     2.7022      8.207     1.0618     1.4507 2.8609e+00     0.1418    96.5167     7.6260     7.9832    33.2697    33.2727    26.5552    26.5577    7.64972 0.0000e+00
      53794     25.838     2.3907     2.3880   2.973804   2.973845     2.7397     2.7026      8.207     1.0569     1.4507 2.8875e+00     0.1422    96.5080     7.6243     7.9847    33.2696    33.2729    26.5550    26.5579    7.64970 0.0000e+00
      53797     25.793     2.3905     2.3880   2.973820   2.973833     2.7401     2.7022      8.207     1.0618     1.4507 2.8975e+00     0.1422    96.5080     7.6243     7.9840    33.2699    33.2727    26.5553    26.5578    7.64971 0.0000e+00
      53800     25.753     2.3906     2.3879   2.973798   2.973849     2.7392     2.7022      8.207     1.0520     1.4507 2.9075e+00     0.1429    96.4906     7.6189     7.9857    33.2696    33.2730    26.5551    26.5580    7.64972 0.0000e+00
      53803     25.715     2.3905     2.3881   2.973810   2.973853     2.7388     2.7022      8.207     1.0520     1.4507 2.9176e+00     0.1426    96.4993     7.6186     7.9862    33.2698    33.2729    26.5552    26.5579    7.64972 0.0000e+00
      53806     25.682     2.3905     2.3882   2.973824   2.973872     2.7397     2.7022      8.207     1.0423     1.4507 2.9278e+00     0.1422    96.5080     7.6216     7.9865    33.2700    33.2730    26.5554    26.5580    7.64971 0.0000e+00
      53809     25.654     2.3905     2.3885   2.973823   2.973890     2.7392     2.7022      8.207     1.0471     1.4507 2.9447e+00     0.1426    96.4993     7.6186     7.9872    33.2701    33.2730    26.5555    26.5580    7.64972 0.0000e+00
      53812     25.625     2.3905     2.3884   2.973812   2.973865     2.7388     2.7022      8.207     1.0374     1.4507 2.9584e+00     0.1426    96.4993     7.6169     7.9892    33.2699    33.2728    26.5553    26.5578    7.64971 0.0000e+00
      53815     25.599     2.3904     2.3883   2.973805   2.973861     2.7392     2.7022      8.207     1.0471     1.4507 2.9687e+00     0.1433    96.4819     7.6183     7.9899    33.2700    33.2728    26.5554    26.5578    7.64974 0.0000e+00
      53867     25.457     2.3906     2.3883   2.973823   2.973866     2.7401     2.6989      8.207     1.0667     1.5297 2.9963e+00     0.1418    96.5166     7.6285     7.9660    33.2701    33.2730    26.5555    26.5580    7.64970 0.0000e+00
      53893     25.381     2.3904     2.3884   2.973801   2.973879     2.7409     2.6973      8.207     1.0764     1.5692 2.9928e+00     0.1411    96.5340     7.6343     7.9568    33.2701    33.2731    26.5554    26.5581    7.64973 0.0000e+00
      53896     25.354     2.3905     2.3886   2.973801   2.973863     2.7413     2.6973      8.207     1.0764     1.5692 2.9824e+00     0.1429    96.4906     7.6347     7.9610    33.2700    33.2727    26.5554    26.5577    7.64972 0.0000e+00
      53899     25.327     2.3905     2.3887   2.973793   2.973867     2.7405     2.6973      8.207     1.0716     1.5692 2.9790e+00     0.1433    96.4819     7.6317     7.9649    33.2699    33.2727    26.5553    26.5577    7.64972 0.0000e+00
      53902     25.295     2.3905     2.3887   2.973794   2.973892     2.7409     2.6973      8.207     1.0813     1.5692 2.9721e+00     0.1433    96.4819     7.6320     7.9676    33.2699    33.2730    26.5553    26.5579    7.64972 0.0000e+00
      53905     25.260     2.3906     2.3887   2.973794   2.973875     2.7409     2.6973      8.207     1.0764     1.5692 2.9652e+00     0.1433    96.4819     7.6317     7.9703    33.2698    33.2728    26.5552    26.5578    7.64970 0.0000e+00
      53908     25.221     2.3905     2.3885   2.973802   2.973863     2.7417     2.6973      8.207     1.0716     1.5692 2.9790e+00     0.1429    96.4906     7.6328     7.9742    33.2700    33.2728    26.5554    26.5578    7.64971 0.0000e+00
      53911     25.177     2.3905     2.3886   2.973795   2.973853     2.7413     2.6973      8.207     1.1009     1.5692 2.9618e+00     0.1429    96.4906     7.6302     7.9760    33.2700    33.2727    26.5554    26.5577    7.64971 0.0000e+00
      53914     25.130     2.3906     2.3883   2.973784   2.973830     2.7409     2.6973      8.205     1.1057     1.5692 2.9652e+00     0.1433    96.4819     7.6280     7.9777    33.2698    33.2727    26.5552    26.5577    7.64971 0.0000e+00
      53917     25.084     2.3905     2.3882   2.973768   2.973825     2.7405     2.6973      8.207     1.1009     1.5692 2.9652e+00     0.1415    96.5253     7.6259     7.9780    33.2697    33.2728    26.5552    26.5578    7.64974 0.0000e+00
