Datasets/AZMP/COO001/79001071.cnv
* Sea-Bird SBE 9 Data File:
* FileName = C:\CTDDATA\79001071.hex
* Software Version Seasave V 7.26.7.110
* Temperature SN = 5660
* Conductivity SN = 3698
* Number of Bytes Per Scan = 30
* Number of Voltage Words = 4
* Number of Scans Averaged by the Deck Unit = 1
* NMEA baud rate = 9600
** VESSEL/TRIP/SEQ STN:  79001071
** LATITUDE XX XX.XX N:  48 12.20 N
** LONGITUDE XX XX.XX W:  53 18.60 W
** SOUNDING DEPTH (M):  0355
** PROBE TYPE: S1257
** CTD NUMBER: 038
** COMMENTS (14 CHAR): TB-05
** BOTTLES:  12
** LEVELS: 5,5,10,20,20,30,40,50,75,100,150,BTM
** STICKERS: 435175 - 435186
** VNET: Y
** DO2: N
# nquan = 22
# nvalues = 8508                        
# units = specified
# name 0 = scan: Scan Count
# name 1 = prDM: Pressure, Digiquartz [db]
# name 2 = t090C: Temperature [ITS-90, deg C]
# name 3 = t190C: Temperature, 2 [ITS-90, deg C]
# name 4 = c0S/m: Conductivity [S/m]
# name 5 = c1S/m: Conductivity, 2 [S/m]
# name 6 = sbeox0V: Oxygen raw, SBE 43 [V]
# name 7 = sbeox1V: Oxygen raw, SBE 43, 2 [V]
# name 8 = ph: pH
# name 9 = flECO-AFL: Fluorescence, WET Labs ECO-AFL/FL [mg/m^3]
# name 10 = wetCDOM: Fluorescence, WET Labs CDOM [mg/m^3]
# name 11 = par/sat/log: PAR/Logarithmic, Satlantic [umol photons/m^2/sec]
# name 12 = CStarAt0: Beam Attenuation, WET Labs C-Star [1/m]
# name 13 = CStarTr0: Beam Transmission, WET Labs C-Star [%]
# name 14 = sbeox0ML/L: Oxygen, SBE 43 [ml/l], WS = 2
# name 15 = sbeox1ML/L: Oxygen, SBE 43, 2 [ml/l], WS = 2
# name 16 = sal00: Salinity, Practical [PSU]
# name 17 = sal11: Salinity, Practical, 2 [PSU]
# name 18 = sigma-t00: Density [sigma-t, kg/m^3 ]
# name 19 = sigma-t11: Density, 2 [sigma-t, kg/m^3 ]
# name 20 = oxsatML/L: Oxygen Saturation, Weiss [ml/l]
# name 21 = flag: flag
# span 0 =         63,      65601       
# span 1 =      0.073,    330.728       
# span 2 =    -0.8433,     3.9958       
# span 3 =    -0.8457,     3.9954       
# span 4 =   2.383192,   2.966981       
# span 5 =   0.628308,   2.967070       
# span 6 =     2.0770,     2.7786       
# span 7 =     0.8071,     2.7180       
# span 8 =      7.883,      8.172       
# span 9 =    -0.0469,     3.3035       
# span 10 =    -1.8655,     9.9782      
# span 11 = 1.0690e-01, 1.9156e+00      
# span 12 =     0.0715,    55.2620      
# span 13 =    -0.0703,    98.2285      
# span 14 =     5.7734,     8.1352      
# span 15 =     1.2575,     8.2308      
# span 16 =    26.8236,    33.8969      
# span 17 =     5.8759,    33.8959      
# span 18 =    21.4068,    27.1442      
# span 19 =     4.6716,    27.1409      
# span 20 =    7.43099,    8.53345      
# span 21 = 0.0000e+00, 0.0000e+00      
# interval = scans: 3                   
# start_time = Dec 01 2019 03:21:19 [System UTC, header]
# bad_flag = -9.990e-29
*END*
[from data line 1383]
       4749     94.536     1.8949     1.8809   2.851165   2.850704     2.6765     2.6285      8.132     0.1290     1.9245 1.0790e-01     0.0971    97.6029     7.5884     7.9001    32.2207    32.2293    25.7529    25.7608    7.80215 0.0000e+00
       4752     94.633     1.8899     1.8783   2.850871   2.850567     2.6769     2.6280      8.132     0.1339     1.9245 1.0790e-01     0.0971    97.6029     7.5918     7.8995    32.2221    32.2302    25.7544    25.7617    7.80309 0.0000e+00
       4755     94.730     1.8859     1.8777   2.850704   2.850672     2.6753     2.6276      8.132     0.1290     1.9245 1.0790e-01     0.0971    97.6029     7.5852     7.8999    32.2240    32.2321    25.7562    25.7632    7.80379 0.0000e+00
       4758     94.825     1.8834     1.8784   2.850695   2.850767     2.6741     2.6276      8.132     0.1339     1.9245 1.0790e-01     0.0971    97.6029     7.5809     7.9012    32.2264    32.2324    25.7584    25.7635    7.80417 0.0000e+00
       4761     94.921     1.8824     1.8793   2.850710   2.850861     2.6732     2.6264      8.132     0.1290     1.9245 1.0790e-01     0.0971    97.6029     7.5782     7.8958    32.2276    32.2326    25.7593    25.7636    7.80430 0.0000e+00
       4764     95.020     1.8824     1.8789   2.850795   2.850801     2.6728     2.6264      8.132     0.1290     1.9245 1.0790e-01     0.0960    97.6289     7.5747     7.8954    32.2286    32.2322    25.7602    25.7633    7.80426 0.0000e+00
       4767     95.116     1.8825     1.8788   2.850754   2.850841     2.6728     2.6260      8.132     0.1290     1.9245 1.0790e-01     0.0949    97.6550     7.5749     7.8950    32.2279    32.2328    25.7596    25.7638    7.80426 0.0000e+00
       4770     95.214     1.8815     1.8790   2.850610   2.850864     2.6716     2.6256      8.132     0.1339     1.9245 1.0790e-01     0.0960    97.6289     7.5725     7.8957    32.2271    32.2328    25.7590    25.7638    7.80451 0.0000e+00
       4773     95.312     1.8803     1.8788   2.850587   2.850858     2.6716     2.6248      8.130     0.1290     1.9245 1.0790e-01     0.0956    97.6376     7.5743     7.8959    32.2279    32.2329    25.7598    25.7638    7.80470 0.0000e+00
       4776     95.409     1.8795     1.8772   2.850631   2.850687     2.6708     2.6240      8.132     0.1339     1.9245 1.0790e-01     0.0960    97.6289     7.5750     7.8967    32.2292    32.2323    25.7609    25.7635    7.80479 0.0000e+00
       4779     95.507     1.8791     1.8731   2.850677   2.850433     2.6692     2.6244      8.132     0.1290     1.9245 1.0790e-01     0.0960    97.6289     7.5723     7.9040    32.2302    32.2333    25.7617    25.7645    7.80483 0.0000e+00
       4782     95.603     1.8755     1.8710   2.849888   2.850139     2.6692     2.6240      8.132     0.1290     1.9245 1.0790e-01     0.0960    97.6289     7.5751     7.9087    32.2240    32.2317    25.7569    25.7635    7.80588 0.0000e+00
       4785     95.698     1.8681     1.8584   2.849325   2.849024     2.6688     2.6232      8.132     0.1143     1.9245 1.0790e-01     0.0964    97.6202     7.5777     7.9160    32.2245    32.2305    25.7578    25.7634    7.80735 0.0000e+00
       4788     95.792     1.8624     1.8505   2.849042   2.848714     2.6675     2.6228      8.132     0.1143     1.9245 1.0790e-01     0.0964    97.6202     7.5765     7.9246    32.2267    32.2347    25.7600    25.7673    7.80837 0.0000e+00
       4791     95.886     1.8580     1.8482   2.848828   2.848590     2.6679     2.6228      8.132     0.1143     1.9245 1.0790e-01     0.0960    97.6289     7.5807     7.9361    32.2284    32.2354    25.7617    25.7680    7.80916 0.0000e+00
       4794     95.982     1.8550     1.8425   2.848779   2.847924     2.6679     2.6228      8.132     0.1143     1.9245 1.0790e-01     0.0964    97.6202     7.5832     7.9512    32.2309    32.2330    25.7639    25.7664    7.80964 0.0000e+00
       4797     96.075     1.8534     1.8326   2.848778   2.847317     2.6675     2.6228      8.131     0.1143     1.9245 1.0790e-01     0.0964    97.6202     7.5835     7.9644    32.2324    32.2354    25.7653    25.7691    7.80988 0.0000e+00
       4800     96.168     1.8516     1.8248   2.848410   2.846737     2.6671     2.6228      8.131     0.1094     1.9245 1.0790e-01     0.0964    97.6202     7.5837     7.9764    32.2296    32.2361    25.7631    25.7702    7.81039 0.0000e+00
       4803     96.258     1.8448     1.8062   2.847541   2.845036     2.6663     2.6228      8.132     0.1143     1.9245 1.0790e-01     0.0971    97.6029     7.5832     7.9894    32.2257    32.2337    25.7604    25.7696    7.81196 0.0000e+00
       4806     96.347     1.8364     1.7716   2.846870   2.842633     2.6651     2.6228      8.129     0.1143     1.9245 1.0790e-01     0.0981    97.5768     7.5801     8.0084    32.2258    32.2389    25.7611    25.7762    7.81365 0.0000e+00
       4809     96.432     1.8250     1.7392   2.845573   2.840993     2.6667     2.6236      8.129     0.1192     1.9245 1.0790e-01     0.0981    97.5768     7.5889     8.0278    32.2212    32.2515    25.7583    25.7885    7.81619 0.0000e+00
       4812     96.518     1.8040     1.7196   2.843446   2.840011     2.6655     2.6240      8.128     0.1290     1.9245 1.0790e-01     0.0981    97.5768     7.5893     8.0385    32.2160    32.2593    25.7555    25.7960    7.82069 0.0000e+00
       4815     96.602     1.7780     1.7099   2.841796   2.839567     2.6651     2.6252      8.128     0.1290     1.9245 1.0790e-01     0.0981    97.5768     7.5943     8.0491    32.2218    32.2636    25.7620    25.8002    7.82561 0.0000e+00
       4818     96.685     1.7565     1.7045   2.841049   2.839269     2.6643     2.6256      8.128     0.1339     1.9245 1.0790e-01     0.0981    97.5768     7.5971     8.0559    32.2344    32.2654    25.7736    25.8019    7.82929 0.0000e+00
       4821     96.765     1.7426     1.7013   2.840701   2.839120     2.6643     2.6256      8.128     0.1290     1.9245 1.0790e-01     0.0981    97.5768     7.6007     8.0553    32.2443    32.2667    25.7824    25.8033    7.83159 0.0000e+00
       4824     96.839     1.7332     1.6989   2.840388   2.838916     2.6631     2.6264      8.128     0.1339     1.9245 1.0790e-01     0.0978    97.5855     7.5994     8.0574    32.2499    32.2665    25.7876    25.8033    7.83319 0.0000e+00
       4827     96.911     1.7258     1.6957   2.839876   2.838664     2.6635     2.6264      8.128     0.1241     1.9245 1.0790e-01     0.0971    97.6029     7.6005     8.0532    32.2510    32.2666    25.7890    25.8035    7.83462 0.0000e+00
       4830     96.979     1.7185     1.6935   2.839474   2.838579     2.6622     2.6276      8.128     0.1290     1.9245 1.0790e-01     0.0971    97.6029     7.5974     8.0511    32.2534    32.2677    25.7913    25.8046    7.83597 0.0000e+00
       4833     97.042     1.7135     1.6927   2.839290   2.838549     2.6631     2.6276      8.128     0.1339     1.9245 1.0790e-01     0.0971    97.6029     7.6021     8.0431    32.2561    32.2681    25.7940    25.8050    7.83684 0.0000e+00
       4836     97.105     1.7079     1.6916   2.839168   2.838408     2.6627     2.6276      8.128     0.1192     1.9245 1.0790e-01     0.0971    97.6029     7.6033     8.0351    32.2603    32.2675    25.7977    25.8045    7.83774 0.0000e+00
       4839     97.163     1.7034     1.6874   2.839256   2.838160     2.6631     2.6285      8.128     0.1143     1.9245 1.0790e-01     0.0971    97.6029     7.6086     8.0313    32.2660    32.2686    25.8026    25.8057    7.83836 0.0000e+00
       4842     97.217     1.7007     1.6850   2.839541   2.838034     2.6622     2.6285      8.128     0.1192     1.9245 1.0790e-01     0.0971    97.6029     7.6102     8.0233    32.2723    32.2695    25.8078    25.8066    7.83858 0.0000e+00
       4845     97.266     1.6969     1.6824   2.839539   2.837931     2.6618     2.6276      8.128     0.1143     1.9245 1.0790e-01     0.0960    97.6289     7.6135     8.0109    32.2761    32.2709    25.8111    25.8079    7.83913 0.0000e+00
       4848     97.310     1.6950     1.6775   2.839454   2.837563     2.6610     2.6285      8.128     0.1143     1.9245 1.0790e-01     0.0960    97.6289     7.6155     8.0064    32.2770    32.2712    25.8120    25.8085    7.83948 0.0000e+00
       4851     97.350     1.7031     1.6589   2.841199   2.836378     2.6598     2.6280      8.128     0.1241     1.9245 1.0790e-01     0.0960    97.6289     7.6124     7.9972    32.2905    32.2754    25.8222    25.8131    7.83711 0.0000e+00
       4854     97.389     1.7278     1.6343   2.844590   2.835437     2.6606     2.6276      8.128     0.1143     1.9245 1.0790e-01     0.0960    97.6289     7.6141     7.9866    32.3077    32.2888    25.8343    25.8255    7.83121 0.0000e+00
       4857     97.423     1.7663     1.6228   2.848131   2.834871     2.6606     2.6280      8.128     0.1143     1.9245 1.0790e-01     0.0960    97.6289     7.6102     7.9770    32.3126    32.2934    25.8355    25.8300    7.82319 0.0000e+00
       4860     97.456     1.8184     1.6127   2.851202   2.833811     2.6602     2.6276      8.128     0.1192     1.9245 1.0790e-01     0.0960    97.6289     7.6045     7.9626    32.2977    32.2904    25.8200    25.8283    7.81348 0.0000e+00
       4863     97.487     1.8604     1.5977   2.853073   2.833297     2.6614     2.6276      8.127     0.1143     1.9245 1.0790e-01     0.0960    97.6289     7.6070     7.9532    32.2781    32.2994    25.8014    25.8365    7.80607 0.0000e+00
       4866     97.513     1.8934     1.5880   2.854082   2.833481     2.6618     2.6264      8.127     0.1192     1.9245 1.0790e-01     0.0960    97.6289     7.6087     7.9430    32.2570    32.3116    25.7821    25.8469    7.80055 0.0000e+00
       4869     97.539     1.9088     1.5798   2.854047   2.832729     2.6622     2.6264      8.127     0.1143     1.9245 1.0790e-01     0.0960    97.6289     7.6132     7.9372    32.2408    32.3106    25.7681    25.8467    7.79830 0.0000e+00
       4872     97.569     1.9155     1.5721   2.854200   2.831404     2.6627     2.6260      8.127     0.1143     1.9245 1.0790e-01     0.0960    97.6289     7.6201     7.9307    32.2359    32.3018    25.7636    25.8401    7.79723 0.0000e+00
       4875     97.599     1.9233     1.5635   2.854696   2.829962     2.6622     2.6244      8.127     0.1192     1.9245 1.0790e-01     0.0960    97.6289     7.6193     7.9197    32.2341    32.2925    25.7617    25.8332    7.79576 0.0000e+00
       4878     97.627     1.9294     1.5510   2.854853   2.828980     2.6635     2.6232      8.127     0.1143     1.9245 1.0790e-01     0.0960    97.6289     7.6229     7.9133    32.2298    32.2929    25.7578    25.8344    7.79475 0.0000e+00
       4881     97.657     1.9347     1.5543   2.855191   2.830150     2.6639     2.6219      8.127     0.1143     1.9245 1.0790e-01     0.0960    97.6289     7.6206     7.9056    32.2287    32.3042    25.7565    25.8432    7.79377 0.0000e+00
       4884     97.688     1.9391     1.5921   2.855442   2.832539     2.6647     2.6211      8.127     0.1192     1.9245 1.0790e-01     0.0960    97.6289     7.6190     7.8932    32.2272    32.2954    25.7550    25.8337    7.79295 0.0000e+00
       4887     97.716     1.9409     1.6023   2.855238   2.832881     2.6647     2.6207      8.127     0.1143     1.9245 1.0790e-01     0.0960    97.6289     7.6131     7.8891    32.2229    32.2893    25.7514    25.8281    7.79282 0.0000e+00
       4890     97.745     1.9391     1.6255   2.855016   2.833972     2.6655     2.6207      8.127     0.1387     1.9245 1.0790e-01     0.0960    97.6289     7.6089     7.8856    32.2220    32.2792    25.7508    25.8184    7.79324 0.0000e+00
       4893     97.774     1.9381     1.6198   2.854996   2.833623     2.6663     2.6203      8.127     0.1339     1.9245 1.0790e-01     0.0960    97.6289     7.6016     7.8846    32.2226    32.2807    25.7514    25.8200    7.79339 0.0000e+00
       4896     97.806     1.9347     1.6152   2.854448   2.833189     2.6671     2.6191      8.127     0.1290     1.9245 1.0790e-01     0.0960    97.6289     7.5949     7.8827    32.2193    32.2799    25.7490    25.8197    7.79425 0.0000e+00
       4899     97.839     1.9303     1.6003   2.854368   2.831747     2.6667     2.6179      8.127     0.1339     1.9245 1.0790e-01     0.0960    97.6289     7.5826     7.8825    32.2228    32.2770    25.7521    25.8184    7.79495 0.0000e+00
       4902     97.872     1.9272     1.5802   2.854397   2.830257     2.6671     2.6179      8.127     0.1290     1.9245 1.0790e-01     0.0964    97.6202     7.5732     7.8863    32.2263    32.2789    25.7551    25.8212    7.79539 0.0000e+00
       4905     97.905     1.9264     1.5521   2.854352   2.828467     2.6647     2.6175      8.129     0.1290     1.9245 1.0790e-01     0.0964    97.6202     7.5550     7.8881    32.2265    32.2852    25.7554    25.8281    7.79554 0.0000e+00
       4908     97.940     1.9221     1.5431   2.853412   2.828395     2.6659     2.6162      8.127     0.1339     1.9245 1.0790e-01     0.0971    97.6029     7.5511     7.8813    32.2192    32.2935    25.7498    25.8354    7.79679 0.0000e+00
       4911     97.977     1.9063     1.5821   2.852508   2.832803     2.6647     2.6154      8.127     0.1290     2.0429 1.0790e-01     0.0967    97.6116     7.5411     7.8692    32.2239    32.3089    25.7547    25.8451    7.79969 0.0000e+00
       4914     98.016     1.8981     1.6978   2.852067   2.841320     2.6618     2.6146      8.129     0.1094     2.0429 1.0790e-01     0.0971    97.6029     7.5251     7.8430    32.2268    32.2971    25.7576    25.8279    7.80119 0.0000e+00
       4917     98.057     1.8932     1.7175   2.850697   2.839690     2.6614     2.6134      8.127     0.0996     2.0429 1.0790e-01     0.0971    97.6029     7.5199     7.8395    32.2147    32.2565    25.7483    25.7940    7.80282 0.0000e+00
       4920     98.099     1.8595     1.7817   2.844009   2.847309     2.6606     2.6126      8.127     0.0996     2.0429 1.0790e-01     0.0971    97.6029     7.5251     7.8246    32.1656    32.2862    25.7113    25.8133    7.81218 0.0000e+00
       4923     98.138     1.7851     1.8543   2.836570   2.849654     2.6590     2.6118      8.128     0.0996     2.0429 1.0790e-01     0.0971    97.6029     7.5370     7.8125    32.1484    32.2413    25.7027    25.7724    7.82807 0.0000e+00
       4926     98.179     1.6973     1.8342   2.831831   2.847999     2.6590     2.6109      8.128     0.0996     2.0429 1.0790e-01     0.0960    97.6289     7.5568     7.8184    32.1786    32.2411    25.7329    25.7736    7.84422 0.0000e+00
       4929     98.220     1.6389     1.8176   2.830710   2.846827     2.6582     2.6105      8.128     0.0996     2.0429 1.0790e-01     0.0960    97.6289     7.5670     7.8263    32.2243    32.2435    25.7735    25.7766    7.85365 0.0000e+00
       4932     98.263     1.6226     1.8067   2.835748   2.847736     2.6570     2.6097      8.128     0.0996     2.0429 1.0790e-01     0.0960    97.6289     7.5654     7.8289    32.3042    32.2659    25.8387    25.7953    7.85272 0.0000e+00
       4935     98.307     1.6623     1.8652   2.839881   2.850840     2.6561     2.6101      8.128     0.0996     1.9640 1.0790e-01     0.0960    97.6289     7.5574     7.8225    32.3153    32.2449    25.8449    25.7744    7.84407 0.0000e+00
       4938     98.356     1.7012     1.8811   2.843130   2.851687     2.6557     2.6093      8.128     0.1045     1.9245 1.0790e-01     0.0960    97.6289     7.5517     7.8211    32.3162    32.2392    25.8429    25.7687    7.83616 0.0000e+00
       4941     98.409     1.7462     1.9052   2.844712   2.853359     2.6549     2.6085      8.128     0.0996     1.9245 1.0790e-01     0.0960    97.6289     7.5425     7.8159    32.2898    32.2355    25.8187    25.7641    7.82844 0.0000e+00
