Datasets/AZMP/COO001/79001069.cnv
* Sea-Bird SBE 9 Data File:
* FileName = C:\CTDDATA\79001069.hex
* Software Version Seasave V 7.26.7.110
* Temperature SN = 5660
* Conductivity SN = 3698
* Number of Bytes Per Scan = 30
* Number of Voltage Words = 4
* Number of Scans Averaged by the Deck Unit = 1
* NMEA baud rate = 9600
** VESSEL/TRIP/SEQ STN:  79001069
** LATITUDE XX XX.XX N:  48 08.30 N
** LONGITUDE XX XX.XX W:  53 09.70 W
** SOUNDING DEPTH (M):  0335
** PROBE TYPE: S1257
** CTD NUMBER: 036
** COMMENTS (14 CHAR): TB-03
** BOTTLES:  20
** LEVELS: 5,5,5,5,10,10,10,20,20,20,20,30,40,50,75,100,100,100,150,BTM
** STICKERS: 435155 - 435174
** VNET: Y
** DO2: N
# nquan = 22
# nvalues = 8288                        
# units = specified
# name 0 = scan: Scan Count
# name 1 = prDM: Pressure, Digiquartz [db]
# name 2 = t090C: Temperature [ITS-90, deg C]
# name 3 = t190C: Temperature, 2 [ITS-90, deg C]
# name 4 = c0S/m: Conductivity [S/m]
# name 5 = c1S/m: Conductivity, 2 [S/m]
# name 6 = sbeox0V: Oxygen raw, SBE 43 [V]
# name 7 = sbeox1V: Oxygen raw, SBE 43, 2 [V]
# name 8 = ph: pH
# name 9 = flECO-AFL: Fluorescence, WET Labs ECO-AFL/FL [mg/m^3]
# name 10 = wetCDOM: Fluorescence, WET Labs CDOM [mg/m^3]
# name 11 = par/sat/log: PAR/Logarithmic, Satlantic [umol photons/m^2/sec]
# name 12 = CStarAt0: Beam Attenuation, WET Labs C-Star [1/m]
# name 13 = CStarTr0: Beam Transmission, WET Labs C-Star [%]
# name 14 = sbeox0ML/L: Oxygen, SBE 43 [ml/l], WS = 2
# name 15 = sbeox1ML/L: Oxygen, SBE 43, 2 [ml/l], WS = 2
# name 16 = sal00: Salinity, Practical [PSU]
# name 17 = sal11: Salinity, Practical, 2 [PSU]
# name 18 = sigma-t00: Density [sigma-t, kg/m^3 ]
# name 19 = sigma-t11: Density, 2 [sigma-t, kg/m^3 ]
# name 20 = oxsatML/L: Oxygen Saturation, Weiss [ml/l]
# name 21 = flag: flag
# span 0 =         59,      73876       
# span 1 =      1.346,    332.736       
# span 2 =    -0.7811,     4.0052       
# span 3 =    -0.7819,     4.0220       
# span 4 =   2.675976,   3.001723       
# span 5 =   2.675732,   3.001538       
# span 6 =     2.0645,     2.7712       
# span 7 =     2.0348,     2.7261       
# span 8 =      7.935,      8.168       
# span 9 =     0.0068,     0.7394       
# span 10 =    -1.8655,   482.1870      
# span 11 = 1.0679e-01, 1.0237e+00      
# span 12 =     0.0609,     0.3185      
# span 13 =    92.3456,    98.4892      
# span 14 =     5.6233,     8.0085      
# span 15 =     5.8638,     8.3134      
# span 16 =    31.5529,    34.1297      
# span 17 =    31.5568,    34.0983      
# span 18 =    25.0447,    27.2987      
# span 19 =    25.0460,    27.2711      
# span 20 =    7.43049,    8.34255      
# span 21 = 0.0000e+00, 0.0000e+00      
# interval = scans: 3                   
# start_time = Nov 30 2019 23:53:02 [System UTC, header]
# bad_flag = -9.990e-29
*END*
[from data line 264]
       1055     19.641     3.4761     3.4754   2.939150   2.939224     2.7208     2.7241      8.157     0.5636     2.0429 1.0790e-01     0.1099    97.2900     7.4547     7.9253    31.7545    31.7561    25.2539    25.2552    7.51907 0.0000e+00
       1058     19.716     3.4762     3.4754   2.939161   2.939240     2.7216     2.7253      8.156     0.5685     2.0429 1.0790e-01     0.1099    97.2900     7.4548     7.9257    31.7546    31.7562    25.2539    25.2553    7.51905 0.0000e+00
       1061     19.785     3.4763     3.4755   2.939160   2.939249     2.7233     2.7249      8.157     0.5685     2.0429 1.0790e-01     0.1106    97.2727     7.4582     7.9247    31.7544    31.7563    25.2538    25.2553    7.51904 0.0000e+00
       1064     19.853     3.4763     3.4757   2.939161   2.939239     2.7237     2.7245      8.156     0.5734     2.0429 1.0790e-01     0.1099    97.2900     7.4576     7.9234    31.7544    31.7559    25.2537    25.2551    7.51904 0.0000e+00
       1067     19.915     3.4764     3.4755   2.939172   2.939247     2.7241     2.7249      8.157     0.5685     2.0429 1.0790e-01     0.1110    97.2640     7.4566     7.9263    31.7544    31.7561    25.2537    25.2552    7.51902 0.0000e+00
       1070     19.975     3.4764     3.4755   2.939180   2.939240     2.7241     2.7249      8.159     0.5734     2.0429 1.0790e-01     0.1103    97.2813     7.4529     7.9266    31.7545    31.7561    25.2538    25.2552    7.51902 0.0000e+00
       1073     20.035     3.4765     3.4750   2.939168   2.939230     2.7241     2.7245      8.156     0.5685     2.0429 1.0790e-01     0.1146    97.1771     7.4503     7.9269    31.7542    31.7564    25.2536    25.2554    7.51902 0.0000e+00
       1076     20.087     3.4764     3.4737   2.939193   2.939147     2.7253     2.7253      8.157     0.5685     2.0429 1.0790e-01     0.1170    97.1162     7.4520     7.9316    31.7546    31.7566    25.2539    25.2557    7.51902 0.0000e+00
       1079     20.136     3.4762     3.4730   2.939175   2.939138     2.7253     2.7241      8.156     0.5636     2.0429 1.0790e-01     0.1170    97.1162     7.4513     7.9286    31.7545    31.7572    25.2538    25.2563    7.51906 0.0000e+00
       1082     20.178     3.4759     3.4726   2.939176   2.939139     2.7257     2.7249      8.156     0.5685     2.0429 1.0790e-01     0.1170    97.1162     7.4500     7.9329    31.7548    31.7576    25.2541    25.2566    7.51909 0.0000e+00
       1085     20.218     3.4759     3.4721   2.939218   2.939125     2.7273     2.7249      8.157     0.5685     2.0429 1.0790e-01     0.1170    97.1162     7.4541     7.9355    31.7553    31.7579    25.2544    25.2569    7.51907 0.0000e+00
       1088     20.253     3.4762     3.4721   2.939336   2.939125     2.7273     2.7253      8.157     0.5685     2.0429 1.0790e-01     0.1170    97.1162     7.4556     7.9375    31.7564    31.7579    25.2553    25.2569    7.51896 0.0000e+00
       1091     20.282     3.4772     3.4720   2.939441   2.939118     2.7273     2.7257      8.157     0.5685     2.0429 1.0790e-01     0.1170    97.1162     7.4555     7.9378    31.7567    31.7579    25.2555    25.2569    7.51877 0.0000e+00
       1094     20.307     3.4772     3.4719   2.939386   2.939128     2.7273     2.7257      8.157     0.5636     2.0429 1.0790e-01     0.1106    97.2726     7.4550     7.9378    31.7559    31.7581    25.2549    25.2570    7.51879 0.0000e+00
       1097     20.333     3.4772     3.4722   2.939460   2.939145     2.7273     2.7261      8.157     0.5685     2.0429 1.0790e-01     0.1099    97.2900     7.4549     7.9381    31.7568    31.7580    25.2556    25.2570    7.51875 0.0000e+00
       1125     20.490     3.4944     3.4710   2.940232   2.939125     2.7306     2.7253      8.159     0.5929     2.0429 1.0790e-01     0.1106    97.2727     7.4550     7.9121    31.7491    31.7589    25.2479    25.2578    7.51591 0.0000e+00
       1140     20.578     3.5028     3.4704   2.940584   2.939110     2.7330     2.7249      8.157     0.6076     2.0429 1.0790e-01     0.1110    97.2640     7.4580     7.9003    31.7451    31.7591    25.2439    25.2581    7.51454 0.0000e+00
       1143     20.603     3.5034     3.4704   2.940678   2.939116     2.7318     2.7241      8.157     0.6076     2.0429 1.0790e-01     0.1110    97.2640     7.4540     7.8999    31.7456    31.7592    25.2443    25.2581    7.51440 0.0000e+00
       1146     20.631     3.5049     3.4703   2.940785   2.939125     2.7326     2.7241      8.159     0.5978     1.9640 1.0790e-01     0.1110    97.2640     7.4576     7.9027    31.7454    31.7594    25.2440    25.2583    7.51413 0.0000e+00
       1149     20.662     3.5060     3.4704   2.940879   2.939120     2.7330     2.7241      8.159     0.6027     1.9245 1.0790e-01     0.1110    97.2640     7.4595     7.9054    31.7454    31.7593    25.2439    25.2581    7.51392 0.0000e+00
       1152     20.698     3.5068     3.4704   2.940860   2.939122     2.7338     2.7241      8.159     0.5490     1.9245 1.0790e-01     0.1113    97.2553     7.4624     7.9073    31.7444    31.7593    25.2431    25.2581    7.51383 0.0000e+00
       1155     20.734     3.5064     3.4704   2.940796   2.939124     2.7330     2.7241      8.157     0.5148     1.9245 1.0790e-01     0.1120    97.2379     7.4587     7.9097    31.7440    31.7593    25.2428    25.2582    7.51391 0.0000e+00
       1158     20.776     3.5062     3.4704   2.940762   2.939114     2.7338     2.7241      8.159     0.5197     1.9245 1.0790e-01     0.1120    97.2379     7.4612     7.9109    31.7438    31.7591    25.2426    25.2580    7.51397 0.0000e+00
       1161     20.821     3.5060     3.4704   2.940787   2.939127     2.7338     2.7241      8.159     0.5197     1.9245 1.0790e-01     0.1120    97.2379     7.4608     7.9127    31.7443    31.7593    25.2430    25.2581    7.51398 0.0000e+00
       1164     20.867     3.5059     3.4700   2.940802   2.939120     2.7347     2.7241      8.159     0.5148     1.9245 1.0790e-01     0.1117    97.2466     7.4629     7.9145    31.7444    31.7596    25.2432    25.2584    7.51398 0.0000e+00
       1167     20.913     3.5038     3.4696   2.940468   2.939110     2.7351     2.7241      8.159     0.5148     1.9245 1.0790e-01     0.1120    97.2379     7.4656     7.9165    31.7426    31.7599    25.2419    25.2587    7.51448 0.0000e+00
       1170     20.963     3.4995     3.4694   2.940247   2.939109     2.7351     2.7241      8.159     0.5197     1.9245 1.0790e-01     0.1120    97.2379     7.4646     7.9168    31.7440    31.7599    25.2434    25.2587    7.51520 0.0000e+00
       1173     21.017     3.4958     3.4691   2.939940   2.939102     2.7351     2.7237      8.157     0.5148     2.1219 1.0790e-01     0.1117    97.2466     7.4655     7.9155    31.7440    31.7601    25.2437    25.2590    7.51591 0.0000e+00
       1176     21.074     3.4889     3.4691   2.939467   2.939123     2.7355     2.7241      8.159     0.5246     2.1614 1.0790e-01     0.1110    97.2640     7.4673     7.9172    31.7451    31.7604    25.2452    25.2591    7.51714 0.0000e+00
       1179     21.131     3.4827     3.4690   2.939248   2.939088     2.7347     2.7241      8.156     0.6369     2.1614 1.0790e-01     0.1110    97.2640     7.4662     7.9175    31.7485    31.7600    25.2485    25.2588    7.51813 0.0000e+00
       1182     21.190     3.4776     3.4690   2.939132   2.939120     2.7355     2.7241      8.157     0.6515     2.1614 1.0790e-01     0.1110    97.2640     7.4685     7.9177    31.7521    31.7604    25.2518    25.2592    7.51891 0.0000e+00
       1185     21.252     3.4744     3.4689   2.939112   2.939110     2.7355     2.7241      8.159     0.6467     2.1614 1.0790e-01     0.1110    97.2640     7.4689     7.9179    31.7550    31.7604    25.2544    25.2592    7.51937 0.0000e+00
       1188     21.315     3.4725     3.4686   2.939090   2.939092     2.7359     2.7241      8.159     0.6467     2.1614 1.0790e-01     0.1110    97.2640     7.4704     7.9182    31.7565    31.7603    25.2557    25.2592    7.51965 0.0000e+00
       1191     21.375     3.4711     3.4683   2.939054   2.939070     2.7359     2.7241      8.155     0.6564     2.1614 1.0790e-01     0.1110    97.2640     7.4712     7.9185    31.7574    31.7604    25.2566    25.2592    7.51986 0.0000e+00
       1194     21.439     3.4704     3.4682   2.939041   2.939090     2.7363     2.7241      8.156     0.6515     2.1614 1.0790e-01     0.1117    97.2466     7.4746     7.9187    31.7579    31.7607    25.2571    25.2594    7.51998 0.0000e+00
       1197     21.499     3.4697     3.4683   2.939033   2.939101     2.7371     2.7241      8.158     0.6515     2.1219 1.0790e-01     0.1120    97.2379     7.4772     7.9185    31.7585    31.7607    25.2576    25.2594    7.52007 0.0000e+00
       1200     21.559     3.4695     3.4683   2.939042   2.939112     2.7359     2.7241      8.159     0.6418     2.0429 1.0790e-01     0.1117    97.2466     7.4736     7.9177    31.7588    31.7607    25.2578    25.2595    7.52010 0.0000e+00
       1203     21.623     3.4691     3.4684   2.939020   2.939099     2.7375     2.7241      8.158     0.6515     2.0429 1.0790e-01     0.1120    97.2379     7.4813     7.9178    31.7589    31.7605    25.2579    25.2593    7.52018 0.0000e+00
       1206     21.687     3.4688     3.4681   2.939021   2.939095     2.7367     2.7241      8.158     0.6271     2.0429 1.0790e-01     0.1124    97.2292     7.4780     7.9179    31.7591    31.7607    25.2581    25.2595    7.52022 0.0000e+00
       1209     21.756     3.4684     3.4677   2.939022   2.939106     2.7375     2.7241      8.158     0.6174     2.0429 1.0790e-01     0.1120    97.2379     7.4821     7.9195    31.7595    31.7612    25.2585    25.2599    7.52027 0.0000e+00
       1212     21.823     3.4683     3.4678   2.939003   2.939113     2.7375     2.7241      8.158     0.6174     2.0429 1.0790e-01     0.1120    97.2379     7.4819     7.9211    31.7593    31.7611    25.2584    25.2598    7.52030 0.0000e+00
       1215     21.887     3.4683     3.4684   2.939000   2.939091     2.7379     2.7241      8.158     0.6174     2.0429 1.0790e-01     0.1095    97.2987     7.4844     7.9206    31.7593    31.7603    25.2584    25.2591    7.52031 0.0000e+00
       1218     21.951     3.4683     3.4682   2.939012   2.939127     2.7387     2.7241      8.159     0.6125     2.0429 1.0790e-01     0.1088    97.3161     7.4869     7.9203    31.7594    31.7608    25.2584    25.2595    7.52030 0.0000e+00
       1221     22.019     3.4681     3.4681   2.938996   2.939114     2.7371     2.7241      8.155     0.6271     2.0429 1.0790e-01     0.1095    97.2987     7.4810     7.9200    31.7593    31.7607    25.2584    25.2595    7.52033 0.0000e+00
       1224     22.086     3.4680     3.4681   2.939010   2.939123     2.7391     2.7241      8.158     0.6174     2.0429 1.0790e-01     0.1088    97.3161     7.4876     7.9196    31.7596    31.7608    25.2586    25.2595    7.52035 0.0000e+00
       1227     22.152     3.4680     3.4680   2.939003   2.939114     2.7395     2.7241      8.155     0.6222     2.0429 1.0790e-01     0.1092    97.3074     7.4888     7.9193    31.7594    31.7608    25.2585    25.2596    7.52035 0.0000e+00
       1230     22.216     3.4680     3.4676   2.939021   2.939118     2.7391     2.7241      8.156     0.6174     2.0429 1.0790e-01     0.1095    97.2987     7.4883     7.9190    31.7596    31.7612    25.2586    25.2599    7.52034 0.0000e+00
       1233     22.281     3.4679     3.4676   2.939031   2.939135     2.7399     2.7249      8.159     0.6125     2.0429 1.0790e-01     0.1095    97.2987     7.4898     7.9215    31.7598    31.7614    25.2588    25.2601    7.52035 0.0000e+00
       1236     22.345     3.4679     3.4675   2.939025   2.939100     2.7399     2.7245      8.156     0.6222     2.0429 1.0790e-01     0.1099    97.2900     7.4899     7.9187    31.7597    31.7610    25.2587    25.2598    7.52036 0.0000e+00
       1239     22.407     3.4678     3.4675   2.939015   2.939129     2.7400     2.7241      8.155     0.6174     2.0429 1.0790e-01     0.1103    97.2813     7.4904     7.9166    31.7597    31.7613    25.2587    25.2600    7.52037 0.0000e+00
       1242     22.468     3.4676     3.4674   2.939016   2.939138     2.7400     2.7241      8.155     0.6222     2.0429 1.0790e-01     0.1099    97.2900     7.4903     7.9138    31.7598    31.7615    25.2588    25.2602    7.52041 0.0000e+00
       1245     22.531     3.4676     3.4675   2.939038   2.939136     2.7400     2.7241      8.156     0.6174     2.0429 1.0790e-01     0.1099    97.2900     7.4910     7.9121    31.7600    31.7613    25.2590    25.2600    7.52039 0.0000e+00
       1248     22.591     3.4675     3.4674   2.938997   2.939125     2.7404     2.7241      8.156     0.6271     2.0429 1.0790e-01     0.1103    97.2813     7.4912     7.9095    31.7596    31.7613    25.2587    25.2600    7.52043 0.0000e+00
       1251     22.651     3.4672     3.4675   2.939034   2.939130     2.7412     2.7241      8.156     0.6174     2.1219 1.0790e-01     0.1099    97.2900     7.4949     7.9069    31.7603    31.7612    25.2592    25.2600    7.52045 0.0000e+00
       1254     22.710     3.4671     3.4674   2.939040   2.939143     2.7412     2.7241      8.155     0.6174     2.1614 1.0790e-01     0.1117    97.2466     7.4964     7.9056    31.7605    31.7614    25.2594    25.2601    7.52046 0.0000e+00
       1257     22.768     3.4671     3.4667   2.939029   2.939107     2.7408     2.7241      8.155     0.6076     2.1614 1.0790e-01     0.1131    97.2118     7.4952     7.9051    31.7603    31.7617    25.2593    25.2604    7.52048 0.0000e+00
       1260     22.824     3.4671     3.4662   2.939016   2.939102     2.7420     2.7237      8.158     0.5978     2.1614 1.0790e-01     0.1131    97.2118     7.4995     7.9047    31.7601    31.7621    25.2591    25.2608    7.52048 0.0000e+00
       1263     22.885     3.4669     3.4658   2.939026   2.939117     2.7420     2.7237      8.156     0.6076     2.1614 1.0790e-01     0.1131    97.2118     7.4999     7.9046    31.7604    31.7625    25.2594    25.2612    7.52051 0.0000e+00
       1266     22.941     3.4667     3.4658   2.939013   2.939103     2.7420     2.7232      8.156     0.6076     2.1614 1.0790e-01     0.1131    97.2118     7.5000     7.9030    31.7605    31.7624    25.2594    25.2611    7.52054 0.0000e+00
       1269     23.001     3.4666     3.4658   2.939033   2.939117     2.7432     2.7232      8.155     0.6076     2.1614 1.0790e-01     0.1131    97.2118     7.5028     7.9033    31.7607    31.7625    25.2597    25.2612    7.52055 0.0000e+00
       1272     23.060     3.4664     3.4659   2.939030   2.939117     2.7424     2.7228      8.156     0.6027     2.1614 1.0790e-01     0.1131    97.2118     7.4993     7.9026    31.7609    31.7624    25.2597    25.2611    7.52058 0.0000e+00
       1275     23.119     3.4661     3.4657   2.939028   2.939118     2.7432     2.7228      8.156     0.5978     2.1614 1.0790e-01     0.1138    97.1945     7.5011     7.9039    31.7611    31.7626    25.2600    25.2612    7.52062 0.0000e+00
       1278     23.177     3.4660     3.4660   2.939022   2.939122     2.7440     2.7232      8.155     0.6125     2.0034 1.0790e-01     0.1142    97.1858     7.5031     7.9071    31.7611    31.7623    25.2600    25.2609    7.52064 0.0000e+00
       1281     23.235     3.4661     3.4661   2.939039   2.939113     2.7432     2.7228      8.156     0.6076     2.0429 1.0790e-01     0.1142    97.1858     7.4993     7.9066    31.7612    31.7620    25.2601    25.2607    7.52062 0.0000e+00
       1284     23.289     3.4661     3.4660   2.939035   2.939133     2.7440     2.7228      8.155     0.6369     2.0034 1.0790e-01     0.1142    97.1858     7.4994     7.9074    31.7611    31.7624    25.2600    25.2610    7.52062 0.0000e+00
