Datasets/AZMP/COO001/79001032.cnv
* Sea-Bird SBE 9 Data File:
* FileName = C:\CTDDATA\79001032.hex
* Software Version Seasave V 7.26.7.110
* Temperature SN = 5660
* Conductivity SN = 3698
* Number of Bytes Per Scan = 30
* Number of Voltage Words = 4
* Number of Scans Averaged by the Deck Unit = 1
* NMEA baud rate = 9600
** VESSEL/TRIP/SEQ STN:  79001032
** LATITUDE XX XX.XX N:  42 51.00 N
** LONGITUDE XX XX.XX W:  49 53.20 W
** SOUNDING DEPTH (M):  0407
** PROBE TYPE: S1257
** CTD NUMBER: 019
** COMMENTS (14 CHAR): SEGB-15
** BOTTLES:  21
** LEVELS: 5,5,5,5,10,20,20,20,20,30,40,50,50,50,75,100,100,100,150,250,BTM
** STICKERS: 434830 - 434850
** VNET: Y
** DO2: N
# nquan = 22
# nvalues = 9409                        
# units = specified
# name 0 = scan: Scan Count
# name 1 = prDM: Pressure, Digiquartz [db]
# name 2 = t090C: Temperature [ITS-90, deg C]
# name 3 = t190C: Temperature, 2 [ITS-90, deg C]
# name 4 = c0S/m: Conductivity [S/m]
# name 5 = c1S/m: Conductivity, 2 [S/m]
# name 6 = sbeox0V: Oxygen raw, SBE 43 [V]
# name 7 = sbeox1V: Oxygen raw, SBE 43, 2 [V]
# name 8 = ph: pH
# name 9 = flECO-AFL: Fluorescence, WET Labs ECO-AFL/FL [mg/m^3]
# name 10 = wetCDOM: Fluorescence, WET Labs CDOM [mg/m^3]
# name 11 = par/sat/log: PAR/Logarithmic, Satlantic [umol photons/m^2/sec]
# name 12 = CStarAt0: Beam Attenuation, WET Labs C-Star [1/m]
# name 13 = CStarTr0: Beam Transmission, WET Labs C-Star [%]
# name 14 = sbeox0ML/L: Oxygen, SBE 43 [ml/l], WS = 2
# name 15 = sbeox1ML/L: Oxygen, SBE 43, 2 [ml/l], WS = 2
# name 16 = sal00: Salinity, Practical [PSU]
# name 17 = sal11: Salinity, Practical, 2 [PSU]
# name 18 = sigma-t00: Density [sigma-t, kg/m^3 ]
# name 19 = sigma-t11: Density, 2 [sigma-t, kg/m^3 ]
# name 20 = oxsatML/L: Oxygen Saturation, Weiss [ml/l]
# name 21 = flag: flag
# span 0 =         81,      98055       
# span 1 =      0.520,    403.232       
# span 2 =     0.3449,     3.5505       
# span 3 =     0.3440,     3.5565       
# span 4 =   2.809306,   3.111170       
# span 5 =   0.697368,   3.111284       
# span 6 =     2.5194,     2.9753       
# span 7 =     2.3389,     2.7691       
# span 8 =      8.037,      8.152       
# span 9 =    -0.0078,     1.9849       
# span 10 =    -0.9969,     1.9245      
# span 11 = 1.0777e-01, 8.3687e+01      
# span 12 =     0.0637,     0.9646      
# span 13 =    78.5722,    98.4197      
# span 14 =     7.0898,     8.2660      
# span 15 =     5.8256,     6.8773      
# span 16 =    30.4717,    34.4135      
# span 17 =     6.7156,    34.4104      
# span 18 =    24.2552,    27.4458      
# span 19 =     5.3512,    27.4395      
# span 20 =    7.43766,    8.06113      
# span 21 = 0.0000e+00, 0.0000e+00      
# interval = scans: 3                   
# start_time = Nov 25 2019 10:45:21 [System UTC, header]
# bad_flag = -9.990e-29
*END*
[from data line 8626]
      68307     56.407     1.7855     1.6177   2.936483   2.921523     2.7377     2.5344      8.094     0.1290     1.8060 1.0827e-01     0.0683    98.3067     7.8420     6.4741    33.4239    33.4134    26.7249    26.7285    7.76095 0.0000e+00
      68310     56.351     1.8052     1.6265   2.936422   2.922156     2.7385     2.5344      8.094     0.1339     1.8060 1.0815e-01     0.0687    98.2980     7.8388     6.4752    33.4023    33.4122    26.7062    26.7269    7.75814 0.0000e+00
      68313     56.288     1.8011     1.6441   2.935208   2.924153     2.7398     2.5356      8.094     0.1290     1.8060 1.0827e-01     0.0687    98.2980     7.8404     6.4783    33.3914    33.4186    26.6978    26.7309    7.75953 0.0000e+00
      68316     56.225     1.8012     1.6604   2.936654   2.925292     2.7402     2.5356      8.094     0.1290     1.7665 1.0827e-01     0.0676    98.3241     7.8361     6.4787    33.4095    33.4157    26.7123    26.7274    7.75857 0.0000e+00
      68319     56.156     1.8094     1.6638   2.937649   2.924496     2.7414     2.5356      8.094     0.1290     1.8060 1.0827e-01     0.0672    98.3328     7.8326     6.4814    33.4134    33.4022    26.7147    26.7162    7.75673 0.0000e+00
      68322     56.086     1.8183     1.6586   2.938545   2.924047     2.7418     2.5360      8.094     0.1290     1.8060 1.0802e-01     0.0672    98.3328     7.8274     6.4864    33.4152    33.4021    26.7156    26.7165    7.75486 0.0000e+00
      68325     56.012     1.8263     1.6444   2.938715   2.922488     2.7422     2.5368      8.094     0.1241     1.8060 1.0827e-01     0.0672    98.3328     7.8220     6.4934    33.4089    33.3975    26.7099    26.7139    7.75358 0.0000e+00
      68328     55.933     1.8270     1.6328   2.937360   2.922002     2.7430     2.5372      8.094     0.1339     1.7665 1.0827e-01     0.0672    98.3328     7.8196     6.4987    33.3912    33.4037    26.6957    26.7197    7.75437 0.0000e+00
      68331     55.850     1.8103     1.6264   2.933060   2.921458     2.7430     2.5376      8.094     0.1143     1.6876 1.0815e-01     0.0672    98.3328     7.8202     6.5020    33.3549    33.4037    26.6679    26.7202    7.75961 0.0000e+00
      68334     55.765     1.7810     1.6216   2.931097   2.921205     2.7434     2.5380      8.094     0.1143     1.6876 1.0827e-01     0.0672    98.3328     7.8236     6.5061    33.3613    33.4057    26.6751    26.7221    7.76512 0.0000e+00
      68337     55.678     1.7614     1.6195   2.931112   2.921104     2.7442     2.5384      8.094     0.1143     1.6876 1.0802e-01     0.0672    98.3328     7.8260     6.5084    33.3822    33.4066    26.6933    26.7230    7.76793 0.0000e+00
      68340     55.587     1.7507     1.6227   2.931203   2.922016     2.7442     2.5393      8.094     0.1143     1.6876 1.0815e-01     0.0672    98.3328     7.8246     6.5105    33.3948    33.4148    26.7041    26.7293    7.76942 0.0000e+00
      68343     55.496     1.7443     1.6357   2.930829   2.923258     2.7446     2.5401      8.096     0.1143     1.6876 1.0815e-01     0.0672    98.3328     7.8255     6.5092    33.3969    33.4167    26.7063    26.7300    7.77059 0.0000e+00
      68346     55.407     1.7433     1.6975   2.931552   2.931385     2.7450     2.5405      8.094     0.1094     1.6876 1.0827e-01     0.0672    98.3328     7.8249     6.4956    33.4072    33.4536    26.7146    26.7551    7.77025 0.0000e+00
      68349     55.310     1.7509     1.7999   2.934112   2.939263     2.7446     2.5413      8.094     0.1143     1.6876 1.0827e-01     0.0672    98.3328     7.8190     6.4761    33.4314    33.4442    26.7334    26.7402    7.76746 0.0000e+00
      68352     55.210     1.7765     1.8631   2.936028   2.943154     2.7446     2.5417      8.096     0.1143     1.6876 1.0815e-01     0.0672    98.3328     7.8123     6.4635    33.4284    33.4261    26.7291    26.7210    7.76250 0.0000e+00
      68355     55.112     1.7887     1.8966   2.937244   2.945102     2.7455     2.5425      8.096     0.1094     1.6876 1.0827e-01     0.0672    98.3328     7.8109     6.4579    33.4308    33.4152    26.7302    26.7098    7.75994 0.0000e+00
      68358     55.016     1.8121     1.9138   2.938750   2.946083     2.7455     2.5429      8.096     0.0996     1.8060 1.0827e-01     0.0676    98.3241     7.8051     6.4519    33.4250    33.4093    26.7239    26.7038    7.75559 0.0000e+00
      68361     54.916     1.8163     1.9227   2.937914   2.946570     2.7455     2.5429      8.096     0.0996     1.8060 1.0815e-01     0.0679    98.3154     7.8036     6.4444    33.4101    33.4061    26.7116    26.7005    7.75553 0.0000e+00
      68364     54.818     1.8263     1.9266   2.939905   2.946751     2.7459     2.5429      8.099     0.0996     1.8060 1.0827e-01     0.0676    98.3241     7.8021     6.4396    33.4246    33.4043    26.7225    26.6988    7.75277 0.0000e+00
      68367     54.724     1.8371     1.9283   2.939876   2.946945     2.7463     2.5433      8.097     0.0996     1.8060 1.0827e-01     0.0676    98.3241     7.8010     6.4356    33.4128    33.4050    26.7123    26.6992    7.75124 0.0000e+00
      68370     54.628     1.8306     1.9322   2.937044   2.947338     2.7467     2.5442      8.099     0.0996     1.8060 1.0827e-01     0.0679    98.3154     7.8054     6.4343    33.3841    33.4059    26.6898    26.6997    7.75402 0.0000e+00
      68373     54.535     1.8197     1.9349   2.937647   2.947503     2.7463     2.5433      8.099     0.0996     1.8060 1.0827e-01     0.0679    98.3154     7.8047     6.4274    33.4033    33.4052    26.7059    26.6989    7.75519 0.0000e+00
      68376     54.443     1.8293     1.9357   2.939712   2.947434     2.7467     2.5442      8.099     0.0996     1.8060 1.0802e-01     0.0690    98.2894     7.8026     6.4275    33.4192    33.4034    26.7179    26.6975    7.75246 0.0000e+00
      68379     54.355     1.8469     1.9337   2.942144   2.947086     2.7467     2.5442      8.099     0.0996     1.8060 1.0790e-01     0.0694    98.2807     7.7981     6.4261    33.4311    33.4013    26.7262    26.6959    7.74832 0.0000e+00
      68382     54.271     1.8639     1.9315   2.942472   2.946955     2.7467     2.5438      8.099     0.1045     1.8060 1.0790e-01     0.0694    98.2807     7.7947     6.4254    33.4173    33.4020    26.7139    26.6966    7.74567 0.0000e+00
      68385     54.191     1.8709     1.9316   2.942158   2.946962     2.7471     2.5438      8.098     0.1290     1.8060 1.0790e-01     0.0694    98.2807     7.7949     6.4238    33.4060    33.4020    26.7043    26.6966    7.74487 0.0000e+00
      68388     54.114     1.8783     1.9312   2.943931   2.946919     2.7471     2.5442      8.098     0.1290     1.8060 1.0790e-01     0.0694    98.2807     7.7917     6.4234    33.4204    33.4020    26.7153    26.6966    7.74264 0.0000e+00
      68391     54.040     1.8913     1.9309   2.945266   2.946889     2.7475     2.5438      8.098     0.1339     1.8060 1.0790e-01     0.0694    98.2807     7.7896     6.4199    33.4234    33.4019    26.7168    26.6966    7.73989 0.0000e+00
      68394     53.973     1.9028     1.9301   2.945845   2.946793     2.7471     2.5442      8.098     0.1290     1.8060 1.0790e-01     0.0694    98.2807     7.7856     6.4207    33.4186    33.4016    26.7120    26.6964    7.73787 0.0000e+00
      68397     53.910     1.9105     1.9276   2.945944   2.946536     2.7475     2.5442      8.098     0.1290     1.8060 1.0790e-01     0.0679    98.3154     7.7853     6.4205    33.4117    33.4010    26.7060    26.6961    7.73669 0.0000e+00
      68400     53.852     1.9150     1.9239   2.945936   2.946123     2.7483     2.5442      8.098     0.1290     1.8060 1.0790e-01     0.0679    98.3154     7.7873     6.4204    33.4070    33.3998    26.7018    26.6954    7.73606 0.0000e+00
      68403     53.798     1.9172     1.9191   2.945940   2.945730     2.7483     2.5450      8.098     0.1339     1.8060 1.0790e-01     0.0679    98.3154     7.7852     6.4238    33.4046    33.4000    26.6998    26.6959    7.73573 0.0000e+00
      68406     53.750     1.9182     1.9152   2.945860   2.945485     2.7483     2.5446      8.098     0.1241     1.8060 1.0790e-01     0.0679    98.3154     7.7841     6.4248    33.4027    33.4011    26.6981    26.6971    7.73565 0.0000e+00
      68409     53.705     1.9178     1.9119   2.945460   2.945377     2.7483     2.5442      8.098     0.1241     1.6481 1.0790e-01     0.0679    98.3154     7.7827     6.4238    33.3980    33.4032    26.6944    26.6991    7.73596 0.0000e+00
      68412     53.667     1.9124     1.9126   2.944589   2.945557     2.7483     2.5442      8.098     0.1143     1.6876 1.0790e-01     0.0676    98.3241     7.7827     6.4242    33.3929    33.4048    26.6907    26.7002    7.73730 0.0000e+00
      68415     53.635     1.9025     1.9152   2.943376   2.945789     2.7483     2.5442      8.098     0.1143     1.6876 1.0790e-01     0.0679    98.3154     7.7846     6.4246    33.3881    33.4050    26.6876    26.7002    7.73951 0.0000e+00
      68418     53.606     1.8896     1.9177   2.942258   2.945996     2.7487     2.5442      8.098     0.1192     1.6876 1.0790e-01     0.0683    98.3067     7.7880     6.4257    33.3878    33.4049    26.6883    26.7000    7.74210 0.0000e+00
      68421     53.581     1.8837     1.9216   2.942813   2.946220     2.7483     2.5442      8.098     0.1143     1.6876 1.0790e-01     0.0672    98.3328     7.7865     6.4264    33.4010    33.4037    26.6993    26.6987    7.74258 0.0000e+00
      68455     53.484     1.8308     1.9284   2.939371   2.946656     2.7495     2.5474      8.099     0.1241     1.6876 1.0790e-01     0.0683    98.3067     7.8000     6.4436    33.4138    33.4020    26.7135    26.6968    7.75243 0.0000e+00
      68473     53.423     1.8206     1.9327   2.939005   2.947021     2.7495     2.5490      8.099     0.1143     1.6876 1.0790e-01     0.0679    98.3154     7.8022     6.4505    33.4201    33.4020    26.7193    26.6965    7.75414 0.0000e+00
      68476     53.395     1.8305     1.9332   2.939208   2.947034     2.7491     2.5490      8.099     0.1143     1.6876 1.0790e-01     0.0687    98.2980     7.7996     6.4483    33.4121    33.4017    26.7122    26.6962    7.75258 0.0000e+00
      68479     53.364     1.8358     1.9325   2.939373   2.946807     2.7495     2.5490      8.099     0.1143     1.6876 1.0790e-01     0.0694    98.2807     7.8005     6.4456    33.4086    33.3996    26.7090    26.6946    7.75171 0.0000e+00
      68482     53.334     1.8394     1.9242   2.939496   2.945780     2.7487     2.5490      8.099     0.1143     1.6876 1.0790e-01     0.0694    98.2807     7.7976     6.4455    33.4064    33.3955    26.7070    26.6920    7.75112 0.0000e+00
      68485     53.299     1.8421     1.9215   2.939579   2.945954     2.7495     2.5499      8.099     0.1143     1.6876 1.0790e-01     0.0694    98.2807     7.7996     6.4465    33.4046    33.4006    26.7053    26.6962    7.75067 0.0000e+00
      68488     53.260     1.8439     1.9212   2.939679   2.946070     2.7495     2.5490      8.099     0.1290     1.5692 1.0790e-01     0.0694    98.2807     7.7994     6.4423    33.4040    33.4023    26.7047    26.6976    7.75034 0.0000e+00
      68491     53.217     1.8451     1.9275   2.939713   2.946704     2.7495     2.5490      8.099     0.1290     1.5692 1.0790e-01     0.0694    98.2807     7.8001     6.4404    33.4031    33.4037    26.7039    26.6982    7.75014 0.0000e+00
      68494     53.176     1.8491     1.9281   2.941118   2.946408     2.7495     2.5499      8.099     0.1290     1.5692 1.0790e-01     0.0694    98.2807     7.7992     6.4421    33.4166    33.3993    26.7144    26.6947    7.74865 0.0000e+00
      68497     53.138     1.8651     1.9250   2.943032   2.946205     2.7499     2.5494      8.099     0.1290     1.5692 1.0790e-01     0.0687    98.2980     7.7966     6.4417    33.4237    33.4002    26.7189    26.6956    7.74510 0.0000e+00
      68500     53.102     1.8752     1.9239   2.942579   2.946115     2.7507     2.5494      8.098     0.1339     1.5692 1.0790e-01     0.0683    98.3067     7.7978     6.4421    33.4073    33.4002    26.7051    26.6957    7.74394 0.0000e+00
      68503     53.065     1.8729     1.9234   2.941299   2.946067     2.7495     2.5494      8.098     0.1290     1.5692 1.0790e-01     0.0672    98.3328     7.7950     6.4438    33.3937    33.4001    26.6943    26.6957    7.74510 0.0000e+00
      68506     53.025     1.8725     1.9205   2.942026   2.945622     2.7499     2.5499      8.098     0.1339     1.5692 1.0790e-01     0.0683    98.3067     7.7949     6.4463    33.4033    33.3976    26.7020    26.6939    7.74469 0.0000e+00
      68509     52.982     1.8787     1.9166   2.942573   2.945815     2.7499     2.5494      8.098     0.1290     1.5692 1.0790e-01     0.0679    98.3154     7.7933     6.4467    33.4036    33.4042    26.7018    26.6995    7.74343 0.0000e+00
      68512     52.936     1.8822     1.9233   2.943922   2.946296     2.7499     2.5499      8.098     0.1290     1.6087 1.0790e-01     0.0676    98.3241     7.7920     6.4491    33.4168    33.4032    26.7121    26.6981    7.74205 0.0000e+00
      68515     52.894     1.8977     1.9236   2.945331   2.946027     2.7507     2.5503      8.100     0.1290     1.6876 1.0790e-01     0.0676    98.3241     7.7912     6.4501    33.4181    33.3995    26.7120    26.6952    7.73890 0.0000e+00
      68518     52.855     1.9109     1.9203   2.945389   2.945725     2.7499     2.5503      8.098     0.1339     1.6876 1.0790e-01     0.0679    98.3154     7.7860     6.4506    33.4049    33.3992    26.7005    26.6952    7.73697 0.0000e+00
      68521     52.808     1.9141     1.9178   2.945119   2.945555     2.7503     2.5503      8.098     0.1290     1.6876 1.0790e-01     0.0676    98.3241     7.7872     6.4519    33.3983    33.3998    26.6949    26.6959    7.73669 0.0000e+00
      68524     52.761     1.9179     1.9173   2.945456   2.945464     2.7499     2.5503      8.100     0.1290     1.6876 1.0790e-01     0.0676    98.3241     7.7861     6.4500    33.3984    33.3992    26.6947    26.6954    7.73592 0.0000e+00
      68527     52.715     1.9206     1.9154   2.945696   2.945493     2.7503     2.5515      8.100     0.1241     1.6876 1.0790e-01     0.0676    98.3241     7.7877     6.4510    33.3987    33.4016    26.6947    26.6975    7.73538 0.0000e+00
      68530     52.666     1.9201     1.9185   2.945361   2.945751     2.7503     2.5507      8.098     0.1290     1.6876 1.0790e-01     0.0679    98.3154     7.7883     6.4463    33.3950    33.4016    26.6918    26.6972    7.73567 0.0000e+00
      68533     52.620     1.9183     1.9187   2.945380   2.945662     2.7507     2.5515      8.100     0.1387     1.6876 1.0790e-01     0.0683    98.3067     7.7903     6.4458    33.3971    33.4002    26.6937    26.6961    7.73591 0.0000e+00
      68536     52.577     1.9174     1.9178   2.944993   2.945546     2.7507     2.5515      8.098     0.1290     1.6876 1.0790e-01     0.0679    98.3154     7.7916     6.4428    33.3933    33.3998    26.6907    26.6958    7.73630 0.0000e+00
      68539     52.532     1.9129     1.9135   2.944315   2.945209     2.7507     2.5511      8.100     0.1387     1.7271 1.0790e-01     0.0694    98.2807     7.7934     6.4403    33.3895    33.4001    26.6880    26.6964    7.73737 0.0000e+00
      68542     52.490     1.9074     1.9107   2.943555   2.945010     2.7507     2.5511      8.101     0.1436     1.8060 1.0790e-01     0.0694    98.2807     7.7962     6.4390    33.3859    33.4006    26.6855    26.6971    7.73867 0.0000e+00
      68545     52.445     1.8998     1.9091   2.943186   2.944760     2.7511     2.5515      8.098     0.1436     1.8060 1.0790e-01     0.0687    98.2980     7.7988     6.4388    33.3893    33.3992    26.6888    26.6960    7.73999 0.0000e+00
