Datasets/AZMP/COO001/79001050.cnv
* Sea-Bird SBE 9 Data File:
* FileName = C:\CTDDATA\79001050.hex
* Software Version Seasave V 7.26.7.110
* Temperature SN = 5660
* Conductivity SN = 3698
* Number of Bytes Per Scan = 30
* Number of Voltage Words = 4
* Number of Scans Averaged by the Deck Unit = 1
* NMEA baud rate = 9600
** VESSEL/TRIP/SEQ STN:  79001050
** LATITUDE XX XX.XX N:  47 00.0  N
** LONGITUDE XX XX.XX W:  43 50.00
** SOUNDING DEPTH (M):  0575
** PROBE TYPE: S1257
** CTD NUMBER: 025
** COMMENTS (14 CHAR): FC-31
** BOTTLES:  21
** LEVELS: 5,5,5,5,10,20,20,20,20,30,40,50,50,50,50,75,100,100,100,150,BTM
** STICKERS: 434965 - 434985
** VNET: Y
** DO2: N
# nquan = 22
# nvalues = 12391                       
# units = specified
# name 0 = scan: Scan Count
# name 1 = prDM: Pressure, Digiquartz [db]
# name 2 = t090C: Temperature [ITS-90, deg C]
# name 3 = t190C: Temperature, 2 [ITS-90, deg C]
# name 4 = c0S/m: Conductivity [S/m]
# name 5 = c1S/m: Conductivity, 2 [S/m]
# name 6 = sbeox0V: Oxygen raw, SBE 43 [V]
# name 7 = sbeox1V: Oxygen raw, SBE 43, 2 [V]
# name 8 = ph: pH
# name 9 = flECO-AFL: Fluorescence, WET Labs ECO-AFL/FL [mg/m^3]
# name 10 = wetCDOM: Fluorescence, WET Labs CDOM [mg/m^3]
# name 11 = par/sat/log: PAR/Logarithmic, Satlantic [umol photons/m^2/sec]
# name 12 = CStarAt0: Beam Attenuation, WET Labs C-Star [1/m]
# name 13 = CStarTr0: Beam Transmission, WET Labs C-Star [%]
# name 14 = sbeox0ML/L: Oxygen, SBE 43 [ml/l], WS = 2
# name 15 = sbeox1ML/L: Oxygen, SBE 43, 2 [ml/l], WS = 2
# name 16 = sal00: Salinity, Practical [PSU]
# name 17 = sal11: Salinity, Practical, 2 [PSU]
# name 18 = sigma-t00: Density [sigma-t, kg/m^3 ]
# name 19 = sigma-t11: Density, 2 [sigma-t, kg/m^3 ]
# name 20 = oxsatML/L: Oxygen Saturation, Weiss [ml/l]
# name 21 = flag: flag
# span 0 =         31,      87584       
# span 1 =      0.323,    565.528       
# span 2 =     3.6335,     7.2370       
# span 3 =     3.6227,     7.2360       
# span 4 =   1.071538,   3.465577       
# span 5 =   2.837938,   3.465718       
# span 6 =     2.3041,     2.7899       
# span 7 =     2.2886,     2.7460       
# span 8 =      8.027,      8.180       
# span 9 =    -0.0176,     2.1509       
# span 10 =    -2.8130,   482.1870      
# span 11 = 1.0752e-01, 1.8162e+00      
# span 12 =     0.0366,     1.1362      
# span 13 =    75.2745,    99.0888      
# span 14 =     5.8185,     7.0823      
# span 15 =     6.1188,     7.2032      
# span 16 =     9.4966,    34.8926      
# span 17 =    27.4032,    34.8879      
# span 18 =     7.3737,    27.7195      
# span 19 =    21.4202,    27.7222      
# span 20 =    6.76796,    7.94016      
# span 21 = 0.0000e+00, 0.0000e+00      
# interval = scans: 3                   
# start_time = Nov 28 2019 08:30:27 [System UTC, header]
# bad_flag = -9.990e-29
*END*
[from data line 9877]
      38335    207.587     4.0933     4.1164   3.259979   3.262472     2.3999     2.3718      8.058    -0.0029     1.3323 1.0790e-01     0.0408    98.9845     6.2542     6.5770    34.8422    34.8472    27.6509    27.6524    7.25466 0.0000e+00
      38338    207.522     4.0880     4.1177   3.258927   3.262565     2.4007     2.3718      8.056     0.0020     1.3323 1.0790e-01     0.0405    98.9932     6.2575     6.5808    34.8353    34.8470    27.6459    27.6521    7.25592 0.0000e+00
      38341    207.460     4.0795     4.1174   3.258171   3.262220     2.4003     2.3718      8.058    -0.0029     1.3323 1.0790e-01     0.0405    98.9932     6.2564     6.5850    34.8354    34.8433    27.6470    27.6492    7.25743 0.0000e+00
      38344    207.402     4.0733     4.1098   3.257753   3.261710     2.3995     2.3718      8.058    -0.0029     1.3323 1.0790e-01     0.0398    99.0106     6.2540     6.5883    34.8371    34.8453    27.6489    27.6516    7.25846 0.0000e+00
      38347    207.347     4.0693     4.1083   3.257609   3.261739     2.3995     2.3718      8.056     0.0020     1.3323 1.0790e-01     0.0398    99.0106     6.2527     6.5910    34.8397    34.8472    27.6514    27.6533    7.25905 0.0000e+00
      38350    207.293     4.0675     4.1106   3.257658   3.261973     2.3999     2.3718      8.056    -0.0029     1.3323 1.0790e-01     0.0398    99.0106     6.2532     6.5924    34.8421    34.8476    27.6535    27.6533    7.25925 0.0000e+00
      38353    207.242     4.0670     4.1130   3.257652   3.262232     2.3999     2.3718      8.056    -0.0029     1.3323 1.0790e-01     0.0398    99.0106     6.2529     6.5937    34.8426    34.8482    27.6539    27.6536    7.25931 0.0000e+00
      38356    207.191     4.0668     4.1170   3.257675   3.262465     2.3991     2.3718      8.056    -0.0029     1.3323 1.0790e-01     0.0394    99.0193     6.2496     6.5947    34.8431    34.8467    27.6544    27.6519    7.25933 0.0000e+00
      38359    207.141     4.0670     4.1176   3.257725   3.262385     2.3987     2.3718      8.056    -0.0029     1.4112 1.0790e-01     0.0398    99.0106     6.2483     6.5984    34.8435    34.8452    27.6547    27.6507    7.25926 0.0000e+00
      38362    207.092     4.0675     4.1140   3.257759   3.262096     2.3987     2.3730      8.056    -0.0029     1.4507 1.0790e-01     0.0398    99.0106     6.2496     6.6057    34.8434    34.8455    27.6545    27.6513    7.25918 0.0000e+00
      38365    207.044     4.0676     4.1146   3.257772   3.262395     2.3983     2.3730      8.056     0.0020     1.4507 1.0790e-01     0.0398    99.0106     6.2477     6.6072    34.8435    34.8485    27.6547    27.6536    7.25916 0.0000e+00
      38368    206.993     4.0690     4.1169   3.258052   3.262613     2.3979     2.3730      8.056     0.0020     1.4507 1.0790e-01     0.0398    99.0106     6.2454     6.6077    34.8454    34.8487    27.6560    27.6535    7.25883 0.0000e+00
      38371    206.942     4.0710     4.1170   3.258232   3.262540     2.3979     2.3730      8.056    -0.0029     1.4507 1.0790e-01     0.0398    99.0106     6.2447     6.6078    34.8455    34.8477    27.6558    27.6528    7.25847 0.0000e+00
      38374    206.889     4.0721     4.1214   3.258183   3.263200     2.3975     2.3730      8.056    -0.0029     1.4507 1.0790e-01     0.0398    99.0106     6.2434     6.6072    34.8437    34.8509    27.6543    27.6549    7.25835 0.0000e+00
      38377    206.835     4.0724     4.1261   3.258124   3.263609     2.3983     2.3734      8.056     0.0020     1.4507 1.0790e-01     0.0398    99.0106     6.2458     6.6061    34.8427    34.8508    27.6535    27.6542    7.25834 0.0000e+00
      38380    206.778     4.0721     4.1313   3.258165   3.264058     2.3975     2.3734      8.058     0.0020     1.4507 1.0790e-01     0.0398    99.0106     6.2442     6.6027    34.8436    34.8507    27.6542    27.6536    7.25836 0.0000e+00
      38383    206.720     4.0728     4.1346   3.258259   3.264205     2.3987     2.3742      8.056    -0.0029     1.4507 1.0790e-01     0.0398    99.0106     6.2481     6.6017    34.8440    34.8489    27.6545    27.6518    7.25822 0.0000e+00
      38386    206.660     4.0732     4.1356   3.258227   3.264231     2.3975     2.3742      8.056    -0.0029     1.4507 1.0790e-01     0.0398    99.0106     6.2444     6.5986    34.8432    34.8481    27.6538    27.6511    7.25818 0.0000e+00
      38389    206.598     4.0733     4.1365   3.258220   3.264287     2.3966     2.3742      8.058    -0.0029     1.4507 1.0790e-01     0.0398    99.0106     6.2420     6.5965    34.8430    34.8480    27.6536    27.6509    7.25817 0.0000e+00
      38392    206.531     4.0732     4.1371   3.258174   3.264362     2.3962     2.3742      8.058     0.0068     1.4507 1.0790e-01     0.0401    99.0019     6.2421     6.5945    34.8426    34.8482    27.6533    27.6510    7.25821 0.0000e+00
      38395    206.463     4.0729     4.1382   3.258154   3.264453     2.3975     2.3742      8.056     0.0020     1.4507 1.0790e-01     0.0398    99.0106     6.2463     6.5923    34.8427    34.8482    27.6534    27.6509    7.25825 0.0000e+00
      38398    206.393     4.0727     4.1388   3.258167   3.264492     2.3962     2.3746      8.058    -0.0029     1.4507 1.0790e-01     0.0398    99.0106     6.2426     6.5909    34.8431    34.8481    27.6538    27.6507    7.25827 0.0000e+00
      38401    206.320     4.0729     4.1391   3.258217   3.264481     2.3958     2.3742      8.056    -0.0078     1.4507 1.0790e-01     0.0398    99.0106     6.2423     6.5860    34.8436    34.8476    27.6541    27.6503    7.25821 0.0000e+00
      38404    206.245     4.0731     4.1392   3.258234   3.264513     2.3962     2.3742      8.056     0.0020     1.4507 1.0790e-01     0.0401    99.0019     6.2451     6.5818    34.8436    34.8479    27.6541    27.6505    7.25817 0.0000e+00
      38407    206.170     4.0734     4.1393   3.258313   3.264484     2.3962     2.3742      8.056    -0.0029     1.4507 1.0790e-01     0.0398    99.0106     6.2465     6.5783    34.8443    34.8475    27.6546    27.6502    7.25810 0.0000e+00
      38410    206.091     4.0741     4.1374   3.258364   3.264069     2.3962     2.3742      8.056     0.0020     1.4507 1.0790e-01     0.0398    99.0106     6.2498     6.5764    34.8442    34.8446    27.6545    27.6481    7.25797 0.0000e+00
      38413    206.013     4.0757     4.1326   3.258559   3.263645     2.3962     2.3738      8.058    -0.0029     1.4507 1.0790e-01     0.0398    99.0106     6.2506     6.5738    34.8448    34.8448    27.6548    27.6487    7.25766 0.0000e+00
      38416    205.931     4.0810     4.1283   3.259700   3.263276     2.3971     2.3742      8.056    -0.0029     1.4507 1.0790e-01     0.0401    99.0019     6.2521     6.5744    34.8527    34.8451    27.6606    27.6494    7.25633 0.0000e+00
      38419    205.850     4.0870     4.1256   3.259992   3.263133     2.3958     2.3742      8.056    -0.0029     1.4507 1.0790e-01     0.0405    98.9932     6.2478     6.5737    34.8499    34.8462    27.6577    27.6506    7.25540 0.0000e+00
      38422    205.768     4.0902     4.1231   3.260026   3.262853     2.3962     2.3738      8.056    -0.0029     1.4507 1.0790e-01     0.0398    99.0106     6.2514     6.5728    34.8469    34.8456    27.6549    27.6504    7.25497 0.0000e+00
      38425    205.686     4.0919     4.1207   3.259975   3.262696     2.3966     2.3738      8.056    -0.0029     1.4507 1.0790e-01     0.0398    99.0106     6.2528     6.5733    34.8446    34.8463    27.6530    27.6512    7.25479 0.0000e+00
      38428    205.602     4.0929     4.1201   3.260029   3.262723     2.3962     2.3734      8.056    -0.0029     1.4507 1.0790e-01     0.0398    99.0106     6.2508     6.5721    34.8443    34.8474    27.6525    27.6521    7.25463 0.0000e+00
      38431    205.515     4.0925     4.1217   3.259794   3.262900     2.3962     2.3730      8.056    -0.0029     1.4507 1.0790e-01     0.0398    99.0106     6.2502     6.5711    34.8419    34.8478    27.6507    27.6523    7.25481 0.0000e+00
      38434    205.432     4.0906     4.1234   3.259441   3.263023     2.3971     2.3730      8.056    -0.0029     1.4507 1.0790e-01     0.0398    99.0106     6.2535     6.5718    34.8398    34.8475    27.6493    27.6519    7.25525 0.0000e+00
      38437    205.347     4.0881     4.1252   3.259214   3.263196     2.3962     2.3730      8.056    -0.0029     1.3323 1.0790e-01     0.0398    99.0106     6.2514     6.5729    34.8398    34.8477    27.6495    27.6519    7.25570 0.0000e+00
      38440    205.262     4.0859     4.1266   3.259071   3.263298     2.3962     2.3730      8.056    -0.0029     1.3323 1.0790e-01     0.0398    99.0106     6.2517     6.5746    34.8404    34.8474    27.6502    27.6515    7.25605 0.0000e+00
      38443    205.180     4.0837     4.1265   3.258879   3.263132     2.3971     2.3730      8.056     0.0020     1.3323 1.0790e-01     0.0398    99.0106     6.2542     6.5773    34.8405    34.8456    27.6506    27.6501    7.25643 0.0000e+00
      38446    205.097     4.0825     4.1214   3.258917   3.262662     2.3975     2.3730      8.056     0.0020     1.3323 1.0777e-01     0.0391    99.0280     6.2542     6.5804    34.8424    34.8455    27.6522    27.6505    7.25657 0.0000e+00
      38449    205.014     4.0822     4.1199   3.258835   3.262566     2.3966     2.3730      8.056    -0.0029     1.3323 1.0790e-01     0.0391    99.0280     6.2507     6.5821    34.8418    34.8460    27.6517    27.6510    7.25665 0.0000e+00
      38452    204.933     4.0813     4.1206   3.258700   3.262835     2.3971     2.3730      8.056    -0.0029     1.3323 1.0790e-01     0.0398    99.0106     6.2515     6.5822    34.8411    34.8485    27.6513    27.6530    7.25684 0.0000e+00
      38455    204.852     4.0804     4.1254   3.258625   3.263375     2.3958     2.3730      8.056     0.0020     1.3323 1.0790e-01     0.0394    99.0193     6.2461     6.5803    34.8413    34.8498    27.6515    27.6535    7.25699 0.0000e+00
      38458    204.773     4.0797     4.1295   3.258638   3.263529     2.3975     2.3730      8.056    -0.0029     1.3323 1.0790e-01     0.0394    99.0193     6.2495     6.5766    34.8422    34.8473    27.6523    27.6511    7.25707 0.0000e+00
      38461    204.695     4.0788     4.1295   3.258647   3.263547     2.3971     2.3734      8.056    -0.0029     1.3323 1.0790e-01     0.0394    99.0193     6.2476     6.5752    34.8433    34.8476    27.6533    27.6514    7.25719 0.0000e+00
      38464    204.615     4.0785     4.1306   3.258589   3.263629     2.3966     2.3734      8.056    -0.0029     1.4507 1.0790e-01     0.0398    99.0106     6.2451     6.5726    34.8429    34.8475    27.6530    27.6511    7.25724 0.0000e+00
      38467    204.537     4.0782     4.1323   3.258541   3.263863     2.3962     2.3730      8.056    -0.0029     1.4507 1.0790e-01     0.0398    99.0106     6.2409     6.5675    34.8427    34.8485    27.6529    27.6517    7.25731 0.0000e+00
      38470    204.460     4.0783     4.1362   3.258530   3.264297     2.3962     2.3730      8.056    -0.0029     1.4507 1.0790e-01     0.0398    99.0106     6.2407     6.5627    34.8425    34.8496    27.6527    27.6522    7.25730 0.0000e+00
      38473    204.384     4.0778     4.1402   3.258517   3.264668     2.3966     2.3730      8.056    -0.0029     1.4507 1.0790e-01     0.0398    99.0106     6.2406     6.5582    34.8430    34.8497    27.6531    27.6519    7.25737 0.0000e+00
      38476    204.304     4.0774     4.1429   3.258544   3.264799     2.3962     2.3726      8.056    -0.0029     1.4507 1.0790e-01     0.0398    99.0106     6.2366     6.5520    34.8438    34.8484    27.6538    27.6506    7.25741 0.0000e+00
      38479    204.230     4.0777     4.1429   3.258563   3.264762     2.3962     2.3722      8.056    -0.0029     1.4507 1.0790e-01     0.0394    99.0193     6.2350     6.5457    34.8438    34.8480    27.6538    27.6502    7.25736 0.0000e+00
      38482    204.152     4.0780     4.1438   3.258618   3.264866     2.3950     2.3718      8.056    -0.0029     1.4507 1.0790e-01     0.0398    99.0106     6.2292     6.5401    34.8441    34.8484    27.6540    27.6505    7.25729 0.0000e+00
      38485    204.076     4.0795     4.1442   3.258833   3.264860     2.3962     2.3718      8.056    -0.0029     1.4507 1.0790e-01     0.0398    99.0106     6.2322     6.5365    34.8451    34.8479    27.6546    27.6500    7.25697 0.0000e+00
      38488    203.998     4.0813     4.1446   3.258905   3.264955     2.3958     2.3718      8.056    -0.0029     1.4112 1.0790e-01     0.0391    99.0280     6.2306     6.5354    34.8441    34.8487    27.6536    27.6505    7.25670 0.0000e+00
      38491    203.921     4.0824     4.1460   3.258929   3.265064     2.3946     2.3710      8.056    -0.0029     1.3323 1.0790e-01     0.0398    99.0106     6.2250     6.5308    34.8433    34.8485    27.6529    27.6503    7.25654 0.0000e+00
      38494    203.842     4.0836     4.1464   3.259280   3.265070     2.3950     2.3706      8.056     0.0020     1.3323 1.0790e-01     0.0398    99.0106     6.2250     6.5280    34.8461    34.8481    27.6550    27.6500    7.25618 0.0000e+00
      38497    203.763     4.0922     4.1475   3.260968   3.265216     2.3938     2.3706      8.056    -0.0029     1.3323 1.0790e-01     0.0394    99.0193     6.2198     6.5277    34.8571    34.8488    27.6628    27.6504    7.25412 0.0000e+00
      38500    203.682     4.1025     4.1484   3.262230   3.265274     2.3938     2.3697      8.056     0.0020     1.2928 1.0790e-01     0.0391    99.0280     6.2187     6.5251    34.8612    34.8486    27.6650    27.6501    7.25210 0.0000e+00
      38503    203.606     4.1123     4.1489   3.262831   3.265300     2.3938     2.3693      8.056     0.0020     1.3323 1.0790e-01     0.0398    99.0106     6.2179     6.5234    34.8580    34.8484    27.6614    27.6499    7.25051 0.0000e+00
      38506    203.526     4.1196     4.1491   3.263252   3.265275     2.3938     2.3693      8.056     0.0020     1.3323 1.0790e-01     0.0398    99.0106     6.2154     6.5227    34.8552    34.8479    27.6584    27.6495    7.24934 0.0000e+00
      38509    203.442     4.1254     4.1489   3.263524   3.265229     2.3930     2.3689      8.056     0.0020     1.3323 1.0790e-01     0.0398    99.0106     6.2115     6.5221    34.8523    34.8477    27.6555    27.6493    7.24845 0.0000e+00
      38512    203.358     4.1292     4.1488   3.263599   3.265209     2.3930     2.3689      8.056    -0.0029     1.3323 1.0790e-01     0.0398    99.0106     6.2131     6.5245    34.8493    34.8476    27.6527    27.6493    7.24792 0.0000e+00
      38515    203.272     4.1312     4.1491   3.263579   3.265288     2.3926     2.3681      8.056    -0.0029     1.3718 1.0790e-01     0.0398    99.0106     6.2121     6.5248    34.8469    34.8482    27.6506    27.6497    7.24768 0.0000e+00
      38518    203.185     4.1329     4.1496   3.263738   3.265294     2.3926     2.3681      8.056    -0.0029     1.4507 1.0790e-01     0.0398    99.0106     6.2131     6.5259    34.8471    34.8478    27.6506    27.6494    7.24737 0.0000e+00
      38521    203.095     4.1338     4.1497   3.263737   3.265302     2.3930     2.3677      8.056     0.0068     1.4507 1.0790e-01     0.0398    99.0106     6.2150     6.5274    34.8462    34.8479    27.6497    27.6494    7.24726 0.0000e+00
      38524    203.004     4.1346     4.1499   3.263832   3.265300     2.3930     2.3677      8.056    -0.0029     1.4507 1.0790e-01     0.0398    99.0106     6.2153     6.5287    34.8465    34.8477    27.6500    27.6493    7.24710 0.0000e+00
      38527    202.912     4.1357     4.1496   3.263910   3.265192     2.3917     2.3669      8.056    -0.0029     1.4507 1.0790e-01     0.0398    99.0106     6.2109     6.5242    34.8463    34.8468    27.6496    27.6485    7.24691 0.0000e+00
