Datasets/AZMP/COO001/79001080.cnv
* Sea-Bird SBE 9 Data File:
* FileName = C:\CTDDATA\79001080.hex
* Software Version Seasave V 7.26.7.110
* Temperature SN = 5660
* Conductivity SN = 3698
* Number of Bytes Per Scan = 30
* Number of Voltage Words = 4
* Number of Scans Averaged by the Deck Unit = 1
* NMEA baud rate = 9600
** VESSEL/TRIP/SEQ STN:  79001080
** LATITUDE XX XX.XX N:  48 09.83 N
** LONGITUDE XX XX.XX W:  53 40.10 W
** SOUNDING DEPTH (M):  0218
** PROBE TYPE: S1257
** CTD NUMBER: 047
** COMMENTS (14 CHAR): SS-08
** BOTTLES:  0
** LEVELS:
** STICKERS:
** VNET: N
** DO2: N
# nquan = 22
# nvalues = 6948                        
# units = specified
# name 0 = scan: Scan Count
# name 1 = prDM: Pressure, Digiquartz [db]
# name 2 = t090C: Temperature [ITS-90, deg C]
# name 3 = t190C: Temperature, 2 [ITS-90, deg C]
# name 4 = c0S/m: Conductivity [S/m]
# name 5 = c1S/m: Conductivity, 2 [S/m]
# name 6 = sbeox0V: Oxygen raw, SBE 43 [V]
# name 7 = sbeox1V: Oxygen raw, SBE 43, 2 [V]
# name 8 = ph: pH
# name 9 = flECO-AFL: Fluorescence, WET Labs ECO-AFL/FL [mg/m^3]
# name 10 = wetCDOM: Fluorescence, WET Labs CDOM [mg/m^3]
# name 11 = par/sat/log: PAR/Logarithmic, Satlantic [umol photons/m^2/sec]
# name 12 = CStarAt0: Beam Attenuation, WET Labs C-Star [1/m]
# name 13 = CStarTr0: Beam Transmission, WET Labs C-Star [%]
# name 14 = sbeox0ML/L: Oxygen, SBE 43 [ml/l], WS = 2
# name 15 = sbeox1ML/L: Oxygen, SBE 43, 2 [ml/l], WS = 2
# name 16 = sal00: Salinity, Practical [PSU]
# name 17 = sal11: Salinity, Practical, 2 [PSU]
# name 18 = sigma-t00: Density [sigma-t, kg/m^3 ]
# name 19 = sigma-t11: Density, 2 [sigma-t, kg/m^3 ]
# name 20 = oxsatML/L: Oxygen Saturation, Weiss [ml/l]
# name 21 = flag: flag
# span 0 =        138,      22642       
# span 1 =      0.288,    205.662       
# span 2 =     0.1988,     3.4673       
# span 3 =     0.1963,     3.4673       
# span 4 =   2.767698,   2.930955       
# span 5 =   1.000101,   2.931135       
# span 6 =     2.3599,     2.7431       
# span 7 =     2.3261,     2.7057       
# span 8 =      8.032,      8.179       
# span 9 =     0.0215,     0.6711       
# span 10 =    -2.8130,   482.1870      
# span 11 = 1.0790e-01, 9.7372e+01      
# span 12 =     0.0800,     0.2424      
# span 13 =    94.1183,    98.0200      
# span 14 =     6.6120,     7.5595      
# span 15 =     7.2239,     7.9106      
# span 16 =    31.1227,    33.0240      
# span 17 =     9.8445,    33.0272      
# span 18 =    24.7546,    26.5014      
# span 19 =     7.8402,    26.5041      
# span 20 =    7.53019,    8.11687      
# span 21 = 0.0000e+00, 0.0000e+00      
# interval = scans: 3                   
# start_time = Dec 01 2019 17:37:19 [System UTC, header]
# bad_flag = -9.990e-29
*END*
[from data line 1778]
       5482    101.285     2.7164     2.7243   2.906091   2.907212     2.6741     2.6387      8.158     0.1436     1.9640 1.0790e-01     0.0885    97.8114     7.4543     7.8192    32.0648    32.0705    25.5661    25.5700    7.64827 0.0000e+00
       5485    101.347     2.7116     2.7233   2.905589   2.906863     2.6741     2.6387      8.158     0.1436     1.9245 1.0790e-01     0.0885    97.8114     7.4544     7.8185    32.0634    32.0673    25.5653    25.5674    7.64926 0.0000e+00
       5488    101.410     2.7066     2.7160   2.905292   2.906462     2.6741     2.6387      8.158     0.1485     1.9245 1.0790e-01     0.0885    97.8114     7.4558     7.8200    32.0648    32.0696    25.5668    25.5699    7.65017 0.0000e+00
       5491    101.471     2.7024     2.7108   2.905189   2.906208     2.6741     2.6387      8.158     0.1436     1.9245 1.0790e-01     0.0881    97.8201     7.4578     7.8212    32.0678    32.0718    25.5695    25.5720    7.65084 0.0000e+00
       5494    101.535     2.7001     2.7080   2.905195   2.906014     2.6741     2.6387      8.158     0.1534     1.9245 1.0790e-01     0.0885    97.8114     7.4607     7.8222    32.0700    32.0722    25.5715    25.5726    7.65115 0.0000e+00
       5497    101.595     2.6994     2.7034   2.905310   2.905648     2.6737     2.6387      8.158     0.1436     1.9245 1.0790e-01     0.0899    97.7767     7.4600     7.8208    32.0721    32.0723    25.5732    25.5730    7.65118 0.0000e+00
       5500    101.656     2.6999     2.6998   2.905343   2.905497     2.6741     2.6378      8.158     0.1436     1.9245 1.0790e-01     0.0899    97.7767     7.4613     7.8186    32.0721    32.0740    25.5731    25.5747    7.65110 0.0000e+00
       5503    101.716     2.6999     2.6975   2.905351   2.905395     2.6741     2.6374      8.158     0.1485     1.9245 1.0790e-01     0.0903    97.7680     7.4633     7.8150    32.0721    32.0750    25.5731    25.5757    7.65110 0.0000e+00
       5506    101.779     2.6999     2.6964   2.905337   2.905297     2.6741     2.6378      8.158     0.1485     1.9245 1.0790e-01     0.0903    97.7680     7.4655     7.8149    32.0718    32.0749    25.5730    25.5757    7.65110 0.0000e+00
       5509    101.840     2.6999     2.6955   2.905360   2.905241     2.6729     2.6374      8.158     0.1485     2.0429 1.0790e-01     0.0906    97.7593     7.4612     7.8124    32.0721    32.0751    25.5732    25.5759    7.65109 0.0000e+00
       5512    101.902     2.6998     2.6936   2.905327   2.905114     2.6729     2.6374      8.158     0.1534     2.1614 1.0790e-01     0.0903    97.7680     7.4620     7.8127    32.0718    32.0754    25.5730    25.5763    7.65113 0.0000e+00
       5515    101.963     2.6997     2.6927   2.905290   2.905067     2.6729     2.6374      8.158     0.1436     2.1614 1.0790e-01     0.0906    97.7593     7.4622     7.8129    32.0714    32.0757    25.5726    25.5766    7.65116 0.0000e+00
       5518    102.026     2.6990     2.6919   2.905147   2.905019     2.6737     2.6374      8.158     0.1436     2.1614 1.0790e-01     0.0874    97.8375     7.4659     7.8145    32.0704    32.0759    25.5718    25.5768    7.65136 0.0000e+00
       5521    102.086     2.6977     2.6916   2.905050   2.904994     2.6729     2.6366      8.158     0.1436     2.1614 1.0790e-01     0.0874    97.8375     7.4647     7.8122    32.0704    32.0758    25.5720    25.5768    7.65161 0.0000e+00
       5524    102.148     2.6964     2.6917   2.904985   2.905009     2.6725     2.6370      8.158     0.1485     2.1614 1.0790e-01     0.0874    97.8375     7.4642     7.8139    32.0708    32.0759    25.5725    25.5769    7.65183 0.0000e+00
       5527    102.209     2.6953     2.6903   2.904888   2.904850     2.6737     2.6362      8.158     0.1436     2.1614 1.0802e-01     0.0871    97.8462     7.4708     7.8095    32.0708    32.0753    25.5725    25.5765    7.65206 0.0000e+00
       5530    102.271     2.6943     2.6900   2.904866   2.904879     2.6733     2.6362      8.156     0.1436     2.1614 1.0790e-01     0.0874    97.8375     7.4713     7.8092    32.0714    32.0759    25.5731    25.5770    7.65220 0.0000e+00
       5533    102.333     2.6934     2.6904   2.904805   2.904920     2.6729     2.6362      8.158     0.1387     2.1614 1.0790e-01     0.0874    97.8375     7.4712     7.8093    32.0716    32.0760    25.5733    25.5771    7.65238 0.0000e+00
       5536    102.394     2.6929     2.6902   2.904867   2.904887     2.6733     2.6362      8.158     0.1339     2.0429 1.0790e-01     0.0881    97.8201     7.4734     7.8100    32.0728    32.0758    25.5743    25.5769    7.65241 0.0000e+00
       5539    102.455     2.6938     2.6899   2.905037   2.904860     2.6729     2.6358      8.158     0.1339     2.0429 1.0790e-01     0.0896    97.7854     7.4709     7.8101    32.0740    32.0757    25.5751    25.5769    7.65218 0.0000e+00
       5542    102.517     2.6946     2.6898   2.905064   2.904868     2.6733     2.6362      8.158     0.1290     2.0429 1.0790e-01     0.0896    97.7854     7.4717     7.8140    32.0734    32.0759    25.5746    25.5770    7.65205 0.0000e+00
       5545    102.578     2.6951     2.6898   2.905142   2.904855     2.6733     2.6350      8.158     0.1339     2.0429 1.0790e-01     0.0896    97.7854     7.4736     7.8117    32.0739    32.0756    25.5750    25.5768    7.65194 0.0000e+00
       5548    102.641     2.6960     2.6890   2.905127   2.904774     2.6733     2.6350      8.158     0.1290     2.0429 1.0802e-01     0.0899    97.7767     7.4734     7.8147    32.0727    32.0755    25.5740    25.5767    7.65181 0.0000e+00
       5551    102.702     2.6956     2.6882   2.904979   2.904743     2.6737     2.6350      8.158     0.1290     2.0429 1.0790e-01     0.0896    97.7854     7.4742     7.8171    32.0713    32.0759    25.5729    25.5771    7.65196 0.0000e+00
       5554    102.764     2.6944     2.6878   2.904859   2.904721     2.6733     2.6350      8.158     0.1387     2.0429 1.0790e-01     0.0896    97.7854     7.4748     7.8188    32.0711    32.0760    25.5728    25.5772    7.65221 0.0000e+00
       5557    102.822     2.6935     2.6873   2.904868   2.904681     2.6733     2.6350      8.156     0.1339     2.0429 1.0790e-01     0.0885    97.8114     7.4737     7.8208    32.0721    32.0759    25.5737    25.5772    7.65234 0.0000e+00
       5560    102.883     2.6935     2.6868   2.904959   2.904637     2.6741     2.6350      8.158     0.1339     2.0429 1.0790e-01     0.0874    97.8375     7.4765     7.8245    32.0730    32.0759    25.5744    25.5772    7.65228 0.0000e+00
       5563    102.945     2.6935     2.6875   2.904923   2.904720     2.6725     2.6350      8.158     0.1339     2.1614 1.0790e-01     0.0874    97.8375     7.4711     7.8290    32.0726    32.0762    25.5741    25.5774    7.65230 0.0000e+00
       5566    103.006     2.6932     2.6877   2.904898   2.904730     2.6733     2.6350      8.156     0.1290     2.1614 1.0802e-01     0.0874    97.8375     7.4725     7.8344    32.0726    32.0761    25.5741    25.5773    7.65237 0.0000e+00
       5569    103.070     2.6932     2.6877   2.904915   2.904756     2.6745     2.6350      8.158     0.1339     2.1614 1.0790e-01     0.0874    97.8375     7.4772     7.8396    32.0727    32.0763    25.5742    25.5775    7.65236 0.0000e+00
       5572    103.130     2.6931     2.6880   2.904925   2.904777     2.6737     2.6350      8.156     0.1339     2.1614 1.0790e-01     0.0874    97.8375     7.4747     7.8428    32.0729    32.0762    25.5744    25.5774    7.65237 0.0000e+00
       5575    103.190     2.6933     2.6885   2.904919   2.904821     2.6737     2.6350      8.156     0.1290     2.1614 1.0802e-01     0.0874    97.8375     7.4754     7.8473    32.0726    32.0762    25.5741    25.5774    7.65234 0.0000e+00
       5578    103.252     2.6929     2.6888   2.904868   2.904817     2.6737     2.6350      8.158     0.1290     2.1614 1.0790e-01     0.0867    97.8549     7.4764     7.8494    32.0724    32.0758    25.5740    25.5771    7.65244 0.0000e+00
       5581    103.312     2.6927     2.6886   2.904866   2.904808     2.6729     2.6350      8.158     0.1290     2.1614 1.0790e-01     0.0864    97.8636     7.4739     7.8525    32.0725    32.0760    25.5741    25.5771    7.65246 0.0000e+00
       5584    103.374     2.6924     2.6881   2.904888   2.904775     2.6741     2.6354      8.156     0.1339     2.1614 1.0802e-01     0.0864    97.8636     7.4785     7.8566    32.0730    32.0760    25.5745    25.5772    7.65249 0.0000e+00
       5587    103.436     2.6923     2.6869   2.904861   2.904660     2.6737     2.6362      8.156     0.1485     2.1614 1.0790e-01     0.0864    97.8636     7.4771     7.8615    32.0727    32.0758    25.5743    25.5772    7.65253 0.0000e+00
       5590    103.497     2.6920     2.6856   2.904863   2.904624     2.6733     2.6362      8.158     0.1485     2.1614 1.0790e-01     0.0864    97.8636     7.4728     7.8626    32.0730    32.0766    25.5746    25.5779    7.65257 0.0000e+00
       5593    103.559     2.6919     2.6860   2.904857   2.904666     2.6741     2.6366      8.156     0.1485     2.1614 1.0790e-01     0.0864    97.8636     7.4749     7.8638    32.0731    32.0766    25.5746    25.5779    7.65259 0.0000e+00
       5596    103.620     2.6919     2.6862   2.904844   2.904675     2.6741     2.6366      8.156     0.1436     2.1614 1.0790e-01     0.0864    97.8636     7.4754     7.8628    32.0729    32.0765    25.5745    25.5778    7.65261 0.0000e+00
       5599    103.681     2.6919     2.6863   2.904881   2.904611     2.6741     2.6374      8.158     0.1436     2.1614 1.0790e-01     0.0874    97.8375     7.4748     7.8639    32.0733    32.0756    25.5747    25.5770    7.65258 0.0000e+00
       5602    103.744     2.6919     2.6859   2.904867   2.904318     2.6745     2.6366      8.156     0.1485     2.1614 1.0790e-01     0.0874    97.8375     7.4765     7.8585    32.0731    32.0725    25.5746    25.5746    7.65259 0.0000e+00
       5605    103.807     2.6915     2.6853   2.904810   2.904619     2.6741     2.6374      8.158     0.1485     2.1614 1.0790e-01     0.0874    97.8375     7.4743     7.8576    32.0727    32.0766    25.5743    25.5780    7.65268 0.0000e+00
       5608    103.867     2.6912     2.6852   2.904790   2.904609     2.6741     2.6374      8.158     0.1436     2.1614 1.0790e-01     0.0874    97.8375     7.4735     7.8540    32.0727    32.0766    25.5744    25.5779    7.65274 0.0000e+00
       5611    103.926     2.6909     2.6849   2.904802   2.904619     2.6737     2.6374      8.155     0.1387     2.1614 1.0815e-01     0.0874    97.8375     7.4732     7.8504    32.0733    32.0770    25.5748    25.5782    7.65279 0.0000e+00
       5614    103.985     2.6907     2.6849   2.904793   2.904502     2.6733     2.6374      8.156     0.1143     2.0429 1.0827e-01     0.0874    97.8375     7.4703     7.8483    32.0732    32.0755    25.5748    25.5771    7.65281 0.0000e+00
       5617    104.042     2.6908     2.6847   2.904788   2.904571     2.6733     2.6374      8.156     0.1094     2.0429 1.0815e-01     0.0885    97.8114     7.4693     7.8457    32.0731    32.0765    25.5747    25.5779    7.65281 0.0000e+00
       5620    104.091     2.6904     2.6845   2.904742   2.904572     2.6733     2.6374      8.158     0.1192     2.0429 1.0827e-01     0.0896    97.7854     7.4703     7.8439    32.0728    32.0767    25.5745    25.5781    7.65289 0.0000e+00
       5623    104.137     2.6902     2.6848   2.904720   2.904606     2.6741     2.6374      8.156     0.1143     2.0429 1.0827e-01     0.0892    97.7941     7.4725     7.8426    32.0728    32.0768    25.5745    25.5782    7.65293 0.0000e+00
       5626    104.172     2.6899     2.6853   2.904763   2.904666     2.6737     2.6374      8.156     0.1045     2.0429 1.0827e-01     0.0892    97.7941     7.4721     7.8393    32.0736    32.0771    25.5752    25.5783    7.65295 0.0000e+00
       5775    104.268     2.7576     2.6936   2.908856   2.905292     2.6733     2.6338      8.158     0.1290     2.0429 1.0790e-01     0.0889    97.8027     7.4572     7.8188    32.0558    32.0763    25.5554    25.5770    7.64076 0.0000e+00
       5778    104.298     2.7534     2.6972   2.908502   2.905407     2.6729     2.6338      8.158     0.1290     2.0429 1.0790e-01     0.0885    97.8114     7.4565     7.8187    32.0556    32.0741    25.5557    25.5750    7.64158 0.0000e+00
       5786    104.354     2.7484     2.6955   2.908438   2.905375     2.6729     2.6338      8.156     0.1290     2.0429 1.0790e-01     0.0864    97.8636     7.4577     7.8160    32.0598    32.0753    25.5594    25.5761    7.64233 0.0000e+00
       5791    104.398     2.7462     2.6975   2.908289   2.905524     2.6729     2.6338      8.158     0.1290     2.0429 1.0790e-01     0.0864    97.8636     7.4589     7.8148    32.0601    32.0751    25.5599    25.5758    7.64274 0.0000e+00
       5794    104.438     2.7424     2.6975   2.907829   2.905518     2.6725     2.6338      8.156     0.1290     2.0429 1.0790e-01     0.0864    97.8636     7.4565     7.8137    32.0583    32.0751    25.5588    25.5757    7.64357 0.0000e+00
       5797    104.480     2.7368     2.6987   2.907486   2.905595     2.6721     2.6338      8.158     0.1143     2.0429 1.0790e-01     0.0864    97.8636     7.4550     7.8125    32.0598    32.0748    25.5603    25.5754    7.64459 0.0000e+00
       5800    104.521     2.7339     2.7024   2.907289   2.905964     2.6733     2.6334      8.158     0.1094     2.0429 1.0790e-01     0.0874    97.8375     7.4596     7.8097    32.0602    32.0755    25.5609    25.5757    7.64511 0.0000e+00
       5803    104.561     2.7275     2.7092   2.906325   2.906357     2.6717     2.6326      8.158     0.1143     2.0034 1.0790e-01     0.0874    97.8375     7.4554     7.8053    32.0548    32.0736    25.5572    25.5736    7.64663 0.0000e+00
       5806    104.608     2.7186     2.7188   2.905879   2.906972     2.6725     2.6326      8.158     0.1192     2.0429 1.0790e-01     0.0874    97.8375     7.4595     7.8037    32.0583    32.0713    25.5606    25.5710    7.64818 0.0000e+00
       5809    104.661     2.7124     2.7186   2.905984   2.906862     2.6729     2.6326      8.158     0.1192     2.0429 1.0790e-01     0.0878    97.8288     7.4615     7.8046    32.0657    32.0702    25.5670    25.5701    7.64900 0.0000e+00
       5812    104.714     2.7125     2.7194   2.906401   2.906956     2.6725     2.6326      8.158     0.1192     2.0429 1.0790e-01     0.0874    97.8375     7.4583     7.8057    32.0707    32.0706    25.5711    25.5703    7.64873 0.0000e+00
       5815    104.769     2.7108     2.7121   2.905906   2.906224     2.6725     2.6334      8.158     0.1143     2.0429 1.0790e-01     0.0874    97.8375     7.4576     7.8119    32.0663    32.0689    25.5676    25.5696    7.64927 0.0000e+00
       5818    104.820     2.7079     2.7040   2.905804   2.905727     2.6713     2.6326      8.158     0.1143     2.0429 1.0790e-01     0.0878    97.8288     7.4526     7.8127    32.0679    32.0709    25.5692    25.5719    7.64975 0.0000e+00
       5821    104.870     2.7068     2.6986   2.905909   2.905489     2.6721     2.6326      8.158     0.1192     2.0429 1.0790e-01     0.0857    97.8809     7.4550     7.8164    32.0704    32.0734    25.5712    25.5743    7.64985 0.0000e+00
       5824    104.927     2.7069     2.6949   2.905941   2.905325     2.6717     2.6326      8.158     0.1339     2.2403 1.0790e-01     0.0857    97.8809     7.4543     7.8197    32.0706    32.0751    25.5714    25.5760    7.64982 0.0000e+00
       5827    104.983     2.7074     2.6935   2.906021   2.905285     2.6717     2.6326      8.158     0.1290     2.2798 1.0790e-01     0.0853    97.8896     7.4539     7.8212    32.0710    32.0759    25.5717    25.5767    7.64969 0.0000e+00
