Datasets/AZMP/COO001/79001080.cnv
* Sea-Bird SBE 9 Data File:
* FileName = C:\CTDDATA\79001080.hex
* Software Version Seasave V 7.26.7.110
* Temperature SN = 5660
* Conductivity SN = 3698
* Number of Bytes Per Scan = 30
* Number of Voltage Words = 4
* Number of Scans Averaged by the Deck Unit = 1
* NMEA baud rate = 9600
** VESSEL/TRIP/SEQ STN:  79001080
** LATITUDE XX XX.XX N:  48 09.83 N
** LONGITUDE XX XX.XX W:  53 40.10 W
** SOUNDING DEPTH (M):  0218
** PROBE TYPE: S1257
** CTD NUMBER: 047
** COMMENTS (14 CHAR): SS-08
** BOTTLES:  0
** LEVELS:
** STICKERS:
** VNET: N
** DO2: N
# nquan = 22
# nvalues = 6948                        
# units = specified
# name 0 = scan: Scan Count
# name 1 = prDM: Pressure, Digiquartz [db]
# name 2 = t090C: Temperature [ITS-90, deg C]
# name 3 = t190C: Temperature, 2 [ITS-90, deg C]
# name 4 = c0S/m: Conductivity [S/m]
# name 5 = c1S/m: Conductivity, 2 [S/m]
# name 6 = sbeox0V: Oxygen raw, SBE 43 [V]
# name 7 = sbeox1V: Oxygen raw, SBE 43, 2 [V]
# name 8 = ph: pH
# name 9 = flECO-AFL: Fluorescence, WET Labs ECO-AFL/FL [mg/m^3]
# name 10 = wetCDOM: Fluorescence, WET Labs CDOM [mg/m^3]
# name 11 = par/sat/log: PAR/Logarithmic, Satlantic [umol photons/m^2/sec]
# name 12 = CStarAt0: Beam Attenuation, WET Labs C-Star [1/m]
# name 13 = CStarTr0: Beam Transmission, WET Labs C-Star [%]
# name 14 = sbeox0ML/L: Oxygen, SBE 43 [ml/l], WS = 2
# name 15 = sbeox1ML/L: Oxygen, SBE 43, 2 [ml/l], WS = 2
# name 16 = sal00: Salinity, Practical [PSU]
# name 17 = sal11: Salinity, Practical, 2 [PSU]
# name 18 = sigma-t00: Density [sigma-t, kg/m^3 ]
# name 19 = sigma-t11: Density, 2 [sigma-t, kg/m^3 ]
# name 20 = oxsatML/L: Oxygen Saturation, Weiss [ml/l]
# name 21 = flag: flag
# span 0 =        138,      22642       
# span 1 =      0.288,    205.662       
# span 2 =     0.1988,     3.4673       
# span 3 =     0.1963,     3.4673       
# span 4 =   2.767698,   2.930955       
# span 5 =   1.000101,   2.931135       
# span 6 =     2.3599,     2.7431       
# span 7 =     2.3261,     2.7057       
# span 8 =      8.032,      8.179       
# span 9 =     0.0215,     0.6711       
# span 10 =    -2.8130,   482.1870      
# span 11 = 1.0790e-01, 9.7372e+01      
# span 12 =     0.0800,     0.2424      
# span 13 =    94.1183,    98.0200      
# span 14 =     6.6120,     7.5595      
# span 15 =     7.2239,     7.9106      
# span 16 =    31.1227,    33.0240      
# span 17 =     9.8445,    33.0272      
# span 18 =    24.7546,    26.5014      
# span 19 =     7.8402,    26.5041      
# span 20 =    7.53019,    8.11687      
# span 21 = 0.0000e+00, 0.0000e+00      
# interval = scans: 3                   
# start_time = Dec 01 2019 17:37:19 [System UTC, header]
# bad_flag = -9.990e-29
*END*
[from data line 2239]
       7018    129.394     1.1874     1.1769   2.807744   2.807253     2.5825     2.5459      8.116     0.0557     2.0429 1.0790e-01     0.1110    97.2640     7.4531     7.7828    32.3817    32.3864    25.9290    25.9334    7.93776 0.0000e+00
       7021    129.458     1.1861     1.1746   2.807602   2.807103     2.5825     2.5455      8.116     0.0557     2.0429 1.0790e-01     0.1110    97.2640     7.4530     7.7807    32.3813    32.3869    25.9287    25.9339    7.93806 0.0000e+00
       7024    129.518     1.1847     1.1747   2.807558   2.807157     2.5817     2.5446      8.116     0.0557     2.0429 1.0790e-01     0.1106    97.2727     7.4506     7.7779    32.3821    32.3875    25.9294    25.9344    7.93830 0.0000e+00
       7027    129.575     1.1841     1.1761   2.807552   2.807279     2.5805     2.5446      8.111     0.0606     2.0824 1.0790e-01     0.1110    97.2640     7.4456     7.7787    32.3827    32.3875    25.9299    25.9343    7.93840 0.0000e+00
       7030    129.636     1.1836     1.1763   2.807503   2.807220     2.5813     2.5446      8.111     0.0557     2.1614 1.0790e-01     0.1110    97.2640     7.4482     7.7819    32.3826    32.3865    25.9299    25.9335    7.93852 0.0000e+00
       7033    129.698     1.1823     1.1717   2.807369   2.806907     2.5805     2.5442      8.113     0.0557     2.1614 1.0790e-01     0.1095    97.2987     7.4467     7.7810    32.3821    32.3872    25.9296    25.9344    7.93880 0.0000e+00
       7036    129.759     1.1806     1.1683   2.807239   2.806636     2.5801     2.5438      8.114     0.0606     2.1614 1.0790e-01     0.1099    97.2900     7.4466     7.7807    32.3822    32.3873    25.9298    25.9346    7.93915 0.0000e+00
       7039    129.818     1.1786     1.1638   2.807072   2.806311     2.5809     2.5434      8.113     0.0557     2.1614 1.0790e-01     0.1099    97.2900     7.4507     7.7826    32.3822    32.3878    25.9299    25.9353    7.93957 0.0000e+00
       7042    129.879     1.1758     1.1583   2.806740   2.806009     2.5788     2.5434      8.111     0.0606     2.1614 1.0790e-01     0.1099    97.2900     7.4440     7.7848    32.3808    32.3896    25.9290    25.9371    7.94023 0.0000e+00
       7045    129.940     1.1717     1.1566   2.806426   2.806000     2.5792     2.5426      8.111     0.0557     2.1614 1.0790e-01     0.1095    97.2987     7.4472     7.7816    32.3810    32.3912    25.9293    25.9385    7.94106 0.0000e+00
       7048    130.001     1.1672     1.1537   2.806076   2.805695     2.5792     2.5426      8.111     0.0557     2.1614 1.0790e-01     0.1099    97.2900     7.4505     7.7800    32.3812    32.3903    25.9298    25.9379    7.94198 0.0000e+00
       7051    130.062     1.1624     1.1461   2.805793   2.805101     2.5780     2.5422      8.111     0.0508     2.1614 1.0790e-01     0.1099    97.2900     7.4472     7.7764    32.3825    32.3906    25.9311    25.9386    7.94290 0.0000e+00
       7054    130.126     1.1578     1.1377   2.805486   2.804590     2.5784     2.5422      8.111     0.0557     2.2403 1.0790e-01     0.1110    97.2640     7.4511     7.7759    32.3833    32.3927    25.9321    25.9409    7.94381 0.0000e+00
       7057    130.190     1.1510     1.1300   2.804762   2.804001     2.5772     2.5410      8.111     0.0557     2.2798 1.0790e-01     0.1110    97.2640     7.4498     7.7720    32.3811    32.3932    25.9307    25.9417    7.94533 0.0000e+00
       7060    130.249     1.1414     1.1206   2.803820   2.803356     2.5772     2.5410      8.111     0.0557     2.2798 1.0790e-01     0.1110    97.2640     7.4526     7.7738    32.3791    32.3947    25.9296    25.9435    7.94744 0.0000e+00
       7063    130.309     1.1306     1.1118   2.803191   2.802765     2.5772     2.5410      8.111     0.0557     2.2798 1.0790e-01     0.1110    97.2640     7.4564     7.7731    32.3822    32.3963    25.9328    25.9453    7.94951 0.0000e+00
       7066    130.372     1.1221     1.1045   2.802887   2.802513     2.5764     2.5406      8.111     0.0557     2.2798 1.0790e-01     0.1110    97.2640     7.4538     7.7694    32.3872    32.4006    25.9373    25.9492    7.95102 0.0000e+00
       7069    130.432     1.1148     1.1030   2.802382   2.802463     2.5768     2.5397      8.111     0.0606     2.2798 1.0790e-01     0.1110    97.2640     7.4557     7.7647    32.3882    32.4015    25.9386    25.9500    7.95246 0.0000e+00
       7072    130.494     1.1056     1.0979   2.801770   2.802014     2.5764     2.5393      8.111     0.0557     2.2798 1.0790e-01     0.1110    97.2640     7.4562     7.7641    32.3899    32.4011    25.9406    25.9500    7.95428 0.0000e+00
       7075    130.555     1.0984     1.0895   2.801505   2.801474     2.5764     2.5385      8.111     0.0508     2.2798 1.0790e-01     0.1110    97.2640     7.4562     7.7625    32.3940    32.4028    25.9443    25.9519    7.95557 0.0000e+00
       7078    130.612     1.0930     1.0839   2.801259   2.801237     2.5768     2.5385      8.111     0.0508     2.2403 1.0790e-01     0.1110    97.2640     7.4577     7.7653    32.3965    32.4056    25.9466    25.9545    7.95655 0.0000e+00
       7081    130.674     1.0887     1.0726   2.801134   2.800481     2.5752     2.5381      8.111     0.0606     2.2798 1.0790e-01     0.1110    97.2640     7.4520     7.7674    32.3993    32.4077    25.9491    25.9568    7.95729 0.0000e+00
       7084    130.735     1.0855     1.0625   2.801071   2.799972     2.5760     2.5377      8.111     0.0508     2.2798 1.0790e-01     0.1110    97.2640     7.4553     7.7687    32.4018    32.4116    25.9513    25.9606    7.95782 0.0000e+00
       7087    130.795     1.0838     1.0538   2.800756   2.799408     2.5744     2.5369      8.111     0.0557     2.2798 1.0790e-01     0.1110    97.2640     7.4501     7.7708    32.3995    32.4135    25.9496    25.9626    7.95830 0.0000e+00
       7090    130.856     1.0755     1.0468   2.799812   2.799118     2.5736     2.5361      8.111     0.0606     2.2798 1.0790e-01     0.1110    97.2640     7.4499     7.7751    32.3960    32.4170    25.9473    25.9659    7.96021 0.0000e+00
       7093    130.917     1.0662     1.0415   2.799408   2.798851     2.5736     2.5361      8.111     0.0557     2.2798 1.0790e-01     0.1131    97.2118     7.4502     7.7796    32.4005    32.4190    25.9514    25.9678    7.96190 0.0000e+00
       7096    130.976     1.0595     1.0384   2.799230   2.798715     2.5736     2.5361      8.111     0.0557     2.2798 1.0790e-01     0.1142    97.1858     7.4500     7.7822    32.4052    32.4205    25.9556    25.9692    7.96305 0.0000e+00
       7099    131.039     1.0546     1.0336   2.799109   2.798343     2.5727     2.5353      8.111     0.0557     2.2798 1.0790e-01     0.1142    97.1858     7.4456     7.7822    32.4086    32.4207    25.9587    25.9696    7.96387 0.0000e+00
       7102    131.100     1.0504     1.0255   2.798825   2.797917     2.5727     2.5357      8.111     0.0557     2.2798 1.0790e-01     0.1142    97.1858     7.4460     7.7873    32.4094    32.4237    25.9596    25.9725    7.96472 0.0000e+00
       7105    131.159     1.0452     1.0206   2.798567   2.797702     2.5723     2.5349      8.110     0.0557     2.2009 1.0790e-01     0.1142    97.1858     7.4442     7.7875    32.4114    32.4260    25.9615    25.9747    7.96567 0.0000e+00
       7108    131.220     1.0400     1.0169   2.798244   2.797514     2.5727     2.5349      8.110     0.0557     2.1614 1.0790e-01     0.1142    97.1858     7.4447     7.7884    32.4127    32.4274    25.9629    25.9760    7.96670 0.0000e+00
       7111    131.280     1.0353     1.0147   2.798155   2.797438     2.5727     2.5349      8.112     0.0557     2.1614 1.0790e-01     0.1146    97.1771     7.4448     7.7887    32.4164    32.4287    25.9661    25.9772    7.96747 0.0000e+00
       7114    131.341     1.0330     1.0140   2.798152   2.797359     2.5719     2.5349      8.112     0.0606     2.1614 1.0790e-01     0.1135    97.2031     7.4391     7.7854    32.4188    32.4284    25.9681    25.9770    7.96783 0.0000e+00
       7117    131.403     1.0315     1.0123   2.798110   2.797301     2.5711     2.5340      8.112     0.0557     2.1614 1.0790e-01     0.1131    97.2118     7.4353     7.7772    32.4197    32.4294    25.9690    25.9779    7.96809 0.0000e+00
       7120    131.466     1.0295     1.0118   2.797936   2.797295     2.5695     2.5336      8.110     0.0557     2.1614 1.0790e-01     0.1131    97.2118     7.4276     7.7701    32.4195    32.4298    25.9689    25.9783    7.96851 0.0000e+00
       7123    131.526     1.0277     1.0096   2.797966   2.797119     2.5695     2.5336      8.107     0.0606     2.1614 1.0790e-01     0.1127    97.2205     7.4245     7.7648    32.4217    32.4298    25.9708    25.9784    7.96876 0.0000e+00
       7126    131.586     1.0261     1.0076   2.797705   2.797006     2.5687     2.5332      8.109     0.0557     2.1614 1.0790e-01     0.1131    97.2118     7.4195     7.7585    32.4201    32.4304    25.9696    25.9790    7.96919 0.0000e+00
       7129    131.646     1.0207     1.0057   2.797129   2.796893     2.5678     2.5328      8.107     0.0557     2.1614 1.0790e-01     0.1131    97.2118     7.4151     7.7499    32.4183    32.4308    25.9685    25.9795    7.97042 0.0000e+00
       7132    131.706     1.0125     1.0018   2.796588   2.796676     2.5674     2.5320      8.109     0.0557     2.0824 1.0790e-01     0.1135    97.2031     7.4146     7.7387    32.4199    32.4321    25.9703    25.9807    7.97205 0.0000e+00
       7135    131.767     1.0053     0.9978   2.796373   2.796527     2.5666     2.5316      8.110     0.0557     2.0429 1.0790e-01     0.1142    97.1858     7.4116     7.7296    32.4246    32.4344    25.9745    25.9828    7.97329 0.0000e+00
       7138    131.831     1.0004     0.9957   2.796272   2.796450     2.5666     2.5312      8.107     0.0606     2.0429 1.0790e-01     0.1142    97.1858     7.4130     7.7212    32.4284    32.4355    25.9778    25.9838    7.97411 0.0000e+00
       7141    131.890     0.9975     0.9931   2.796243   2.796276     2.5666     2.5300      8.107     0.0557     2.0429 1.0790e-01     0.1142    97.1858     7.4130     7.7107    32.4310    32.4360    25.9801    25.9843    7.97457 0.0000e+00
       7144    131.953     0.9958     0.9887   2.796213   2.796018     2.5646     2.5292      8.107     0.0557     2.0429 1.0790e-01     0.1142    97.1858     7.4058     7.7013    32.4324    32.4372    25.9813    25.9856    7.97485 0.0000e+00
       7147    132.014     0.9949     0.9843   2.796167   2.795877     2.5642     2.5288      8.107     0.0557     2.0429 1.0790e-01     0.1142    97.1858     7.4024     7.6944    32.4327    32.4400    25.9816    25.9881    7.97502 0.0000e+00
       7150    132.074     0.9930     0.9807   2.796071   2.795677     2.5638     2.5284      8.107     0.0557     2.0429 1.0790e-01     0.1142    97.1858     7.4023     7.6897    32.4333    32.4412    25.9822    25.9892    7.97537 0.0000e+00
       7153    132.135     0.9913     0.9741   2.796055   2.795315     2.5630     2.5267      8.107     0.0606     2.0429 1.0790e-01     0.1167    97.1249     7.3992     7.6817    32.4349    32.4433    25.9836    25.9913    7.97565 0.0000e+00
       7156    132.195     0.9912     0.9678   2.796119   2.795087     2.5626     2.5259      8.107     0.0557     2.0429 1.0790e-01     0.1185    97.0815     7.3966     7.6787    32.4357    32.4470    25.9843    25.9947    7.97562 0.0000e+00
       7159    132.258     0.9916     0.9607   2.796144   2.794507     2.5605     2.5251      8.107     0.0557     2.0429 1.0790e-01     0.1185    97.0815     7.3894     7.6772    32.4357    32.4469    25.9842    25.9950    7.97555 0.0000e+00
       7162    132.320     0.9889     0.9497   2.795709   2.794008     2.5609     2.5239      8.107     0.0557     2.0429 1.0790e-01     0.1185    97.0815     7.3922     7.6765    32.4329    32.4520    25.9821    25.9997    7.97626 0.0000e+00
       7165    132.381     0.9824     0.9458   2.795259   2.793848     2.5593     2.5230      8.107     0.0557     2.0429 1.0790e-01     0.1185    97.0815     7.3900     7.6766    32.4338    32.4539    25.9832    26.0015    7.97756 0.0000e+00
       7168    132.442     0.9764     0.9429   2.795041   2.793720     2.5593     2.5226      8.107     0.0557     2.0429 1.0790e-01     0.1185    97.0815     7.3932     7.6788    32.4372    32.4552    25.9863    26.0028    7.97862 0.0000e+00
       7171    132.504     0.9703     0.9375   2.794632   2.793336     2.5581     2.5214      8.107     0.0557     2.0429 1.0790e-01     0.1185    97.0815     7.3912     7.6791    32.4384    32.4559    25.9876    26.0036    7.97985 0.0000e+00
       7174    132.567     0.9641     0.9250   2.794369   2.792383     2.5585     2.5206      8.107     0.0557     2.0429 1.0790e-01     0.1178    97.0988     7.3946     7.6844    32.4414    32.4568    25.9904    26.0051    7.98097 0.0000e+00
       7177    132.630     0.9571     0.8920   2.793784   2.790150     2.5572     2.5202      8.107     0.0606     2.0429 1.0790e-01     0.1174    97.1075     7.3923     7.6955    32.4412    32.4626    25.9907    26.0117    7.98245 0.0000e+00
       7180    132.693     0.9499     0.8637   2.793477   2.789041     2.5564     2.5194      8.107     0.0557     2.0429 1.0790e-01     0.1174    97.1075     7.3923     7.7031    32.4447    32.4779    25.9939    26.0256    7.98377 0.0000e+00
       7183    132.752     0.9352     0.8455   2.791661   2.788397     2.5568     2.5190      8.107     0.0557     2.0429 1.0790e-01     0.1174    97.1075     7.3974     7.7099    32.4368    32.4885    25.9884    26.0352    7.98727 0.0000e+00
       7186    132.816     0.9189     0.8352   2.791544   2.787966     2.5556     2.5182      8.107     0.0557     2.1614 1.0790e-01     0.1174    97.1075     7.3954     7.7127    32.4522    32.4938    26.0017    26.0400    7.98983 0.0000e+00
       7189    132.880     0.9037     0.8259   2.790216   2.787399     2.5552     2.5178      8.107     0.0557     2.1614 1.0790e-01     0.1174    97.1075     7.3981     7.7171    32.4510    32.4962    26.0017    26.0425    7.99309 0.0000e+00
       7192    132.943     0.8908     0.8170   2.790173   2.787093     2.5544     2.5169      8.107     0.0606     2.1614 1.0790e-01     0.1174    97.1075     7.3971     7.7178    32.4639    32.5015    26.0128    26.0473    7.99509 0.0000e+00
       7195    133.007     0.8791     0.8179   2.788970   2.787288     2.5544     2.5169      8.107     0.0557     2.1614 1.0790e-01     0.1185    97.0815     7.4009     7.7212    32.4607    32.5030    26.0108    26.0485    7.99772 0.0000e+00
       7198    133.069     0.8579     0.8208   2.787762   2.787125     2.5524     2.5157      8.106     0.0606     2.1614 1.0790e-01     0.1185    97.0815     7.3994     7.7197    32.4673    32.4979    26.0174    26.0442    8.00182 0.0000e+00
       7201    133.129     0.8428     0.7923   2.787488   2.785128     2.5528     2.5157      8.104     0.0508     2.1614 1.0790e-01     0.1181    97.0902     7.4062     7.7262    32.4795    32.5020    26.0281    26.0491    8.00432 0.0000e+00
       7204    133.192     0.8242     0.7648   2.785739   2.784020     2.5516     2.5153      8.103     0.0557     2.1614 1.0790e-01     0.1185    97.0815     7.4061     7.7312    32.4764    32.5165    26.0267    26.0623    8.00840 0.0000e+00
       7207    133.255     0.8009     0.7511   2.784785   2.783562     2.5511     2.5145      8.103     0.0459     2.1614 1.0790e-01     0.1181    97.0902     7.4087     7.7297    32.4885    32.5249    26.0378    26.0699    8.01263 0.0000e+00
       7210    133.317     0.7839     0.7452   2.784396   2.783364     2.5511     2.5141      8.103     0.0410     2.1614 1.0790e-01     0.1185    97.0815     7.4147     7.7311    32.5012    32.5286    26.0489    26.0731    8.01551 0.0000e+00
