Datasets/AZMP/COO001/79001054.cnv
* Sea-Bird SBE 9 Data File:
* FileName = C:\CTDDATA\79001054.hex
* Software Version Seasave V 7.26.7.110
* Temperature SN = 5660
* Conductivity SN = 3698
* Number of Bytes Per Scan = 30
* Number of Voltage Words = 4
* Number of Scans Averaged by the Deck Unit = 1
* NMEA baud rate = 9600
** VESSEL/TRIP/SEQ STN:  79001054
** LATITUDE XX XX.XX N:  47 00.00 N
** LONGITUDE XX XX.XX W:  45 30.00 W
** SOUNDING DEPTH (M):  0257
** PROBE TYPE: S1257
** CTD NUMBER: 029
** COMMENTS (14 CHAR): FC-23
** BOTTLES:  20
** LEVELS: 5,5,5,5,10,20,20,20,20,30,40,50,50,50,75,100,100,100,150,BTM
** STICKERS: 435046 - 435065
** VNET: Y
** DO2: N
# nquan = 22
# nvalues = 6642                        
# units = specified
# name 0 = scan: Scan Count
# name 1 = prDM: Pressure, Digiquartz [db]
# name 2 = t090C: Temperature [ITS-90, deg C]
# name 3 = t190C: Temperature, 2 [ITS-90, deg C]
# name 4 = c0S/m: Conductivity [S/m]
# name 5 = c1S/m: Conductivity, 2 [S/m]
# name 6 = sbeox0V: Oxygen raw, SBE 43 [V]
# name 7 = sbeox1V: Oxygen raw, SBE 43, 2 [V]
# name 8 = ph: pH
# name 9 = flECO-AFL: Fluorescence, WET Labs ECO-AFL/FL [mg/m^3]
# name 10 = wetCDOM: Fluorescence, WET Labs CDOM [mg/m^3]
# name 11 = par/sat/log: PAR/Logarithmic, Satlantic [umol photons/m^2/sec]
# name 12 = CStarAt0: Beam Attenuation, WET Labs C-Star [1/m]
# name 13 = CStarTr0: Beam Transmission, WET Labs C-Star [%]
# name 14 = sbeox0ML/L: Oxygen, SBE 43 [ml/l], WS = 2
# name 15 = sbeox1ML/L: Oxygen, SBE 43, 2 [ml/l], WS = 2
# name 16 = sal00: Salinity, Practical [PSU]
# name 17 = sal11: Salinity, Practical, 2 [PSU]
# name 18 = sigma-t00: Density [sigma-t, kg/m^3 ]
# name 19 = sigma-t11: Density, 2 [sigma-t, kg/m^3 ]
# name 20 = oxsatML/L: Oxygen Saturation, Weiss [ml/l]
# name 21 = flag: flag
# span 0 =        207,      61623       
# span 1 =      1.539,    248.818       
# span 2 =     2.7956,     7.8945       
# span 3 =     2.7869,     7.8945       
# span 4 =   3.075773,   3.474199       
# span 5 =   3.099429,   3.474318       
# span 6 =     2.3478,     2.7807       
# span 7 =     2.3103,     2.7424       
# span 8 =      8.013,      8.207       
# span 9 =    -0.0176,     1.4330       
# span 10 =    -2.8130,   482.1870      
# span 11 = 1.0691e-01, 5.4271e-01      
# span 12 =     0.0465,     0.2086      
# span 13 =    94.9177,    98.8455      
# span 14 =     6.0770,     6.7192      
# span 15 =     6.3689,     7.0645      
# span 16 =    33.4784,    34.7080      
# span 17 =    33.1796,    34.7108      
# span 18 =    26.0972,    27.6017      
# span 19 =    25.8629,    27.6042      
# span 20 =    6.68728,    7.51703      
# span 21 = 0.0000e+00, 0.0000e+00      
# interval = scans: 3                   
# start_time = Nov 28 2019 22:07:08 [System UTC, header]
# bad_flag = -9.990e-29
*END*
[from data line 4610]
      23785    144.938     3.5938     3.6000   3.192107   3.192428     2.3669     2.3355      8.036     0.0020     1.4507 1.0790e-01     0.0472    98.8281     6.1871     6.4751    34.5964    34.5937    27.5063    27.5035    7.35657 0.0000e+00
      23788    144.854     3.5943     3.6004   3.192124   3.192425     2.3673     2.3355      8.037    -0.0029     1.4507 1.0790e-01     0.0472    98.8281     6.1889     6.4780    34.5961    34.5933    27.5060    27.5032    7.35649 0.0000e+00
      23791    144.773     3.5952     3.6006   3.192128   3.192418     2.3677     2.3347      8.036     0.0020     1.4507 1.0790e-01     0.0475    98.8194     6.1906     6.4768    34.5953    34.5931    27.5053    27.5030    7.35637 0.0000e+00
      23794    144.693     3.5952     3.6009   3.192107   3.192437     2.3673     2.3343      8.034     0.0020     1.4507 1.0790e-01     0.0472    98.8281     6.1899     6.4773    34.5951    34.5930    27.5051    27.5029    7.35638 0.0000e+00
      23797    144.618     3.5951     3.6022   3.192090   3.192449     2.3673     2.3351      8.036    -0.0029     1.4507 1.0790e-01     0.0475    98.8194     6.1903     6.4839    34.5950    34.5918    27.5051    27.5018    7.35641 0.0000e+00
      23800    144.547     3.5946     3.6026   3.192046   3.192452     2.3669     2.3343      8.036     0.0020     1.4507 1.0790e-01     0.0475    98.8194     6.1893     6.4821    34.5951    34.5915    27.5052    27.5015    7.35650 0.0000e+00
      23803    144.477     3.5952     3.6032   3.192139   3.192463     2.3665     2.3347      8.036     0.0020     1.4507 1.0790e-01     0.0475    98.8194     6.1901     6.4877    34.5956    34.5910    27.5055    27.5010    7.35636 0.0000e+00
      23806    144.408     3.5971     3.6033   3.192204   3.192463     2.3673     2.3343      8.034    -0.0029     1.4507 1.0790e-01     0.0479    98.8108     6.1944     6.4905    34.5944    34.5909    27.5044    27.5010    7.35607 0.0000e+00
      23809    144.341     3.5982     3.6033   3.192203   3.192456     2.3673     2.3343      8.034    -0.0029     1.4507 1.0790e-01     0.0472    98.8281     6.1938     6.4943    34.5932    34.5908    27.5033    27.5009    7.35592 0.0000e+00
      23812    144.273     3.5985     3.6033   3.192193   3.192454     2.3669     2.3343      8.036    -0.0029     1.4507 1.0790e-01     0.0475    98.8194     6.1922     6.4960    34.5929    34.5909    27.5030    27.5010    7.35589 0.0000e+00
      23815    144.203     3.5990     3.6033   3.192208   3.192449     2.3673     2.3343      8.036    -0.0029     1.4507 1.0790e-01     0.0472    98.8281     6.1930     6.4984    34.5925    34.5908    27.5026    27.5009    7.35581 0.0000e+00
      23818    144.136     3.5987     3.6035   3.192178   3.192426     2.3661     2.3343      8.034    -0.0029     1.4507 1.0790e-01     0.0479    98.8108     6.1894     6.5004    34.5925    34.5904    27.5027    27.5005    7.35586 0.0000e+00
      23821    144.069     3.5985     3.6039   3.192165   3.192433     2.3661     2.3347      8.034     0.0020     1.4507 1.0790e-01     0.0472    98.8281     6.1899     6.5033    34.5925    34.5901    27.5027    27.5003    7.35590 0.0000e+00
      23824    144.005     3.5979     3.6036   3.192132   3.192439     2.3673     2.3343      8.034    -0.0029     1.4507 1.0790e-01     0.0472    98.8281     6.1944     6.5026    34.5928    34.5905    27.5030    27.5006    7.35599 0.0000e+00
      23827    143.944     3.5968     3.6038   3.192097   3.192447     2.3673     2.3355      8.036    -0.0029     1.4507 1.0790e-01     0.0472    98.8281     6.1939     6.5053    34.5937    34.5904    27.5039    27.5006    7.35616 0.0000e+00
      23830    143.884     3.5955     3.6038   3.192074   3.192432     2.3669     2.3347      8.034    -0.0029     1.4507 1.0790e-01     0.0472    98.8281     6.1930     6.5008    34.5947    34.5902    27.5048    27.5004    7.35634 0.0000e+00
      23833    143.826     3.5949     3.6039   3.192054   3.192432     2.3669     2.3351      8.034    -0.0029     1.4507 1.0790e-01     0.0472    98.8281     6.1943     6.5001    34.5952    34.5902    27.5053    27.5004    7.35643 0.0000e+00
      23836    143.765     3.5947     3.6038   3.192053   3.192416     2.3665     2.3343      8.036     0.0020     1.4507 1.0790e-01     0.0472    98.8281     6.1942     6.4951    34.5954    34.5901    27.5055    27.5004    7.35645 0.0000e+00
      23839    143.706     3.5945     3.6036   3.192030   3.192433     2.3665     2.3351      8.034    -0.0029     1.4507 1.0790e-01     0.0486    98.7934     6.1948     6.4958    34.5954    34.5906    27.5054    27.5007    7.35649 0.0000e+00
      23842    143.645     3.5942     3.6038   3.192029   3.192411     2.3665     2.3355      8.034    -0.0029     1.4507 1.0790e-01     0.0482    98.8021     6.1944     6.4947    34.5957    34.5901    27.5057    27.5003    7.35652 0.0000e+00
      23845    143.583     3.5945     3.6038   3.192012   3.192424     2.3665     2.3355      8.036    -0.0029     1.4902 1.0790e-01     0.0482    98.8021     6.1938     6.4913    34.5952    34.5903    27.5053    27.5005    7.35650 0.0000e+00
      23848    143.522     3.5949     3.6038   3.192043   3.192399     2.3673     2.3343      8.034    -0.0029     1.5692 1.0790e-01     0.0472    98.8281     6.1958     6.4830    34.5953    34.5901    27.5053    27.5003    7.35643 0.0000e+00
      23851    143.463     3.5954     3.6040   3.192050   3.192407     2.3661     2.3343      8.036    -0.0029     1.5692 1.0790e-01     0.0479    98.8108     6.1914     6.4796    34.5948    34.5899    27.5049    27.5002    7.35635 0.0000e+00
      23854    143.405     3.5959     3.6041   3.192071   3.192413     2.3673     2.3343      8.037    -0.0029     1.5692 1.0790e-01     0.0482    98.8021     6.1953     6.4781    34.5946    34.5900    27.5047    27.5001    7.35628 0.0000e+00
      23857    143.345     3.5960     3.6042   3.192041   3.192412     2.3669     2.3343      8.034    -0.0029     1.5692 1.0790e-01     0.0479    98.8108     6.1944     6.4772    34.5941    34.5899    27.5043    27.5001    7.35627 0.0000e+00
      23860    143.284     3.5967     3.6040   3.192086   3.192397     2.3673     2.3343      8.036    -0.0029     1.5692 1.0790e-01     0.0472    98.8281     6.1959     6.4760    34.5940    34.5900    27.5041    27.5002    7.35616 0.0000e+00
      23863    143.221     3.5976     3.6041   3.192117   3.192403     2.3669     2.3343      8.036     0.0020     1.5692 1.0790e-01     0.0472    98.8281     6.1932     6.4743    34.5935    34.5900    27.5036    27.5002    7.35603 0.0000e+00
      23866    143.158     3.5982     3.6040   3.192141   3.192397     2.3665     2.3339      8.034    -0.0029     1.5692 1.0790e-01     0.0472    98.8281     6.1909     6.4746    34.5931    34.5901    27.5032    27.5003    7.35592 0.0000e+00
      23869    143.095     3.5988     3.6040   3.192138   3.192414     2.3673     2.3335      8.034    -0.0029     1.5692 1.0790e-01     0.0472    98.8281     6.1927     6.4760    34.5925    34.5902    27.5027    27.5004    7.35585 0.0000e+00
      23872    143.034     3.5992     3.6041   3.192142   3.192408     2.3665     2.3331      8.036     0.0020     1.5692 1.0790e-01     0.0472    98.8281     6.1893     6.4750    34.5921    34.5901    27.5024    27.5003    7.35579 0.0000e+00
      23875    142.973     3.5995     3.6042   3.192165   3.192390     2.3661     2.3331      8.034    -0.0029     1.5692 1.0790e-01     0.0472    98.8281     6.1880     6.4728    34.5921    34.5898    27.5023    27.5001    7.35574 0.0000e+00
      23878    142.915     3.5997     3.6041   3.192177   3.192390     2.3665     2.3331      8.034    -0.0029     1.5692 1.0790e-01     0.0472    98.8281     6.1899     6.4716    34.5921    34.5900    27.5023    27.5002    7.35570 0.0000e+00
      23881    142.859     3.5999     3.6042   3.192147   3.192372     2.3673     2.3331      8.037    -0.0029     1.5692 1.0790e-01     0.0479    98.8108     6.1933     6.4722    34.5915    34.5896    27.5018    27.4999    7.35569 0.0000e+00
      23884    142.800     3.5998     3.6042   3.192146   3.192385     2.3665     2.3331      8.034    -0.0029     1.5692 1.0790e-01     0.0482    98.8021     6.1916     6.4749    34.5917    34.5898    27.5019    27.5000    7.35570 0.0000e+00
      23887    142.744     3.5996     3.6043   3.192115   3.192399     2.3661     2.3331      8.034    -0.0029     1.5692 1.0790e-01     0.0479    98.8108     6.1918     6.4773    34.5915    34.5899    27.5019    27.5001    7.35575 0.0000e+00
      23890    142.688     3.5992     3.6043   3.192115   3.192371     2.3665     2.3331      8.034    -0.0029     1.5692 1.0790e-01     0.0482    98.8021     6.1938     6.4812    34.5920    34.5896    27.5023    27.4999    7.35580 0.0000e+00
      23893    142.632     3.5992     3.6045   3.192121   3.192379     2.3665     2.3331      8.036    -0.0029     1.5692 1.0790e-01     0.0479    98.8108     6.1947     6.4827    34.5921    34.5895    27.5023    27.4998    7.35579 0.0000e+00
      23896    142.577     3.5993     3.6046   3.192119   3.192375     2.3661     2.3319      8.036    -0.0029     1.5692 1.0790e-01     0.0482    98.8021     6.1933     6.4801    34.5920    34.5894    27.5023    27.4997    7.35579 0.0000e+00
      23899    142.526     3.5996     3.6045   3.192093   3.192378     2.3669     2.3319      8.034     0.0020     1.4902 1.0790e-01     0.0482    98.8021     6.1937     6.4822    34.5914    34.5896    27.5018    27.4999    7.35576 0.0000e+00
      23902    142.476     3.5993     3.6046   3.192070   3.192376     2.3673     2.3319      8.034    -0.0029     1.4507 1.0790e-01     0.0472    98.8281     6.1925     6.4842    34.5914    34.5895    27.5018    27.4997    7.35581 0.0000e+00
      23905    142.428     3.5991     3.6046   3.192073   3.192358     2.3665     2.3327      8.034    -0.0029     1.4507 1.0790e-01     0.0472    98.8281     6.1882     6.4886    34.5918    34.5893    27.5021    27.4996    7.35584 0.0000e+00
      23908    142.385     3.5991     3.6045   3.192061   3.192367     2.3669     2.3327      8.034    -0.0029     1.4507 1.0790e-01     0.0472    98.8281     6.1899     6.4900    34.5916    34.5896    27.5020    27.4998    7.35584 0.0000e+00
      23911    142.344     3.5989     3.6046   3.192088   3.192347     2.3673     2.3327      8.034    -0.0029     1.4507 1.0790e-01     0.0472    98.8281     6.1905     6.4911    34.5922    34.5892    27.5024    27.4995    7.35585 0.0000e+00
      23914    142.304     3.5992     3.6045   3.192098   3.192362     2.3673     2.3327      8.034    -0.0029     1.4507 1.0790e-01     0.0472    98.8281     6.1884     6.4924    34.5920    34.5895    27.5023    27.4998    7.35580 0.0000e+00
      23917    142.268     3.5984     3.6045   3.192003   3.192370     2.3669     2.3323      8.036    -0.0029     1.4507 1.0790e-01     0.0472    98.8281     6.1862     6.4935    34.5917    34.5897    27.5021    27.4999    7.35596 0.0000e+00
      23920    142.232     3.5965     3.6043   3.191902   3.192344     2.3661     2.3331      8.034    -0.0029     1.4507 1.0790e-01     0.0475    98.8194     6.1835     6.4976    34.5926    34.5896    27.5030    27.4998    7.35627 0.0000e+00
      23923    142.195     3.5946     3.6042   3.191867   3.192347     2.3652     2.3331      8.034    -0.0029     1.4507 1.0790e-01     0.0472    98.8281     6.1810     6.4964    34.5942    34.5898    27.5045    27.5000    7.35654 0.0000e+00
      23926    142.161     3.5934     3.6038   3.191864   3.192350     2.3657     2.3331      8.034    -0.0029     1.5692 1.0790e-01     0.0475    98.8194     6.1835     6.4947    34.5955    34.5902    27.5056    27.5004    7.35670 0.0000e+00
      23929    142.134     3.5929     3.6038   3.191891   3.192339     2.3652     2.3327      8.034     0.0020     1.5692 1.0790e-01     0.0472    98.8281     6.1820     6.4916    34.5963    34.5901    27.5063    27.5003    7.35673 0.0000e+00
      23932    142.101     3.5932     3.6039   3.191940   3.192361     2.3665     2.3331      8.034    -0.0029     1.5692 1.0790e-01     0.0472    98.8281     6.1861     6.4933    34.5966    34.5903    27.5066    27.5004    7.35667 0.0000e+00
      23935    142.067     3.5949     3.6041   3.191993   3.192342     2.3657     2.3323      8.037     0.0020     1.5692 1.0790e-01     0.0472    98.8281     6.1833     6.4895    34.5954    34.5899    27.5054    27.5001    7.35641 0.0000e+00
      23938    142.035     3.5958     3.6042   3.191948   3.192336     2.3652     2.3331      8.034    -0.0029     1.5692 1.0790e-01     0.0475    98.8194     6.1824     6.4917    34.5940    34.5896    27.5042    27.4999    7.35633 0.0000e+00
      23941    142.003     3.5946     3.6041   3.191887   3.192324     2.3657     2.3331      8.034    -0.0029     1.5692 1.0790e-01     0.0472    98.8281     6.1860     6.4915    34.5946    34.5897    27.5048    27.4999    7.35652 0.0000e+00
      23944    141.967     3.5932     3.6039   3.191826   3.192338     2.3661     2.3331      8.036    -0.0029     1.5692 1.0790e-01     0.0475    98.8194     6.1904     6.4902    34.5953    34.5901    27.5055    27.5003    7.35674 0.0000e+00
      23947    141.932     3.5921     3.6040   3.191795   3.192335     2.3665     2.3331      8.034    -0.0029     1.5692 1.0790e-01     0.0472    98.8281     6.1919     6.4907    34.5961    34.5900    27.5062    27.5002    7.35689 0.0000e+00
      23950    141.891     3.5916     3.6041   3.191808   3.192343     2.3657     2.3331      8.036    -0.0029     1.5692 1.0790e-01     0.0472    98.8281     6.1882     6.4912    34.5968    34.5899    27.5068    27.5001    7.35695 0.0000e+00
      23953    141.847     3.5915     3.6045   3.191797   3.192333     2.3657     2.3331      8.036    -0.0029     1.5692 1.0790e-01     0.0475    98.8194     6.1875     6.4917    34.5969    34.5895    27.5069    27.4997    7.35697 0.0000e+00
      23956    141.802     3.5914     3.6045   3.191831   3.192306     2.3648     2.3331      8.034    -0.0029     1.5692 1.0790e-01     0.0472    98.8281     6.1847     6.4910    34.5974    34.5892    27.5073    27.4995    7.35696 0.0000e+00
      23959    141.752     3.5915     3.6044   3.191807   3.192323     2.3652     2.3327      8.034    -0.0029     1.5692 1.0790e-01     0.0479    98.8108     6.1866     6.4896    34.5970    34.5895    27.5071    27.4998    7.35697 0.0000e+00
      23962    141.698     3.5913     3.6042   3.191831   3.192332     2.3648     2.3331      8.034    -0.0029     1.5692 1.0790e-01     0.0479    98.8108     6.1835     6.4894    34.5975    34.5899    27.5075    27.5001    7.35697 0.0000e+00
      23965    141.642     3.5917     3.6041   3.191820   3.192320     2.3661     2.3331      8.034    -0.0029     1.5692 1.0790e-01     0.0482    98.8021     6.1868     6.4887    34.5970    34.5898    27.5070    27.5000    7.35692 0.0000e+00
      23968    141.583     3.5918     3.6041   3.191833   3.192321     2.3661     2.3331      8.034    -0.0029     1.5692 1.0790e-01     0.0479    98.8108     6.1862     6.4871    34.5971    34.5898    27.5071    27.5001    7.35690 0.0000e+00
      23971    141.520     3.5917     3.6043   3.191816   3.192316     2.3657     2.3331      8.036    -0.0029     1.5692 1.0790e-01     0.0479    98.8108     6.1862     6.4847    34.5971    34.5897    27.5070    27.4999    7.35693 0.0000e+00
      23974    141.452     3.5922     3.6041   3.191862   3.192311     2.3648     2.3331      8.036    -0.0029     1.5692 1.0790e-01     0.0482    98.8021     6.1841     6.4823    34.5971    34.5898    27.5071    27.5001    7.35683 0.0000e+00
