Datasets/AZMP/COO001/79001088.cnv
* Sea-Bird SBE 9 Data File:
* FileName = C:\CTDDATA\79001088.hex
* Software Version Seasave V 7.26.7.110
* Temperature SN = 5660
* Conductivity SN = 3698
* Number of Bytes Per Scan = 30
* Number of Voltage Words = 4
* Number of Scans Averaged by the Deck Unit = 1
* NMEA baud rate = 9600
** VESSEL/TRIP/SEQ STN:  79001088
** LATITUDE XX XX.XX N:  48 10.26 N
** LONGITUDE XX XX.XX W:  53 43.65 W
** SOUNDING DEPTH (M):  0072
** PROBE TYPE: S1257
** CTD NUMBER: 055
** COMMENTS (14 CHAR): SS-16
** BOTTLES:  0
** LEVELS:
** STICKERS:
** VNET: N
** DO2: N
# nquan = 22
# nvalues = 2631                        
# units = specified
# name 0 = scan: Scan Count
# name 1 = prDM: Pressure, Digiquartz [db]
# name 2 = t090C: Temperature [ITS-90, deg C]
# name 3 = t190C: Temperature, 2 [ITS-90, deg C]
# name 4 = c0S/m: Conductivity [S/m]
# name 5 = c1S/m: Conductivity, 2 [S/m]
# name 6 = sbeox0V: Oxygen raw, SBE 43 [V]
# name 7 = sbeox1V: Oxygen raw, SBE 43, 2 [V]
# name 8 = ph: pH
# name 9 = flECO-AFL: Fluorescence, WET Labs ECO-AFL/FL [mg/m^3]
# name 10 = wetCDOM: Fluorescence, WET Labs CDOM [mg/m^3]
# name 11 = par/sat/log: PAR/Logarithmic, Satlantic [umol photons/m^2/sec]
# name 12 = CStarAt0: Beam Attenuation, WET Labs C-Star [1/m]
# name 13 = CStarTr0: Beam Transmission, WET Labs C-Star [%]
# name 14 = sbeox0ML/L: Oxygen, SBE 43 [ml/l], WS = 2
# name 15 = sbeox1ML/L: Oxygen, SBE 43, 2 [ml/l], WS = 2
# name 16 = sal00: Salinity, Practical [PSU]
# name 17 = sal11: Salinity, Practical, 2 [PSU]
# name 18 = sigma-t00: Density [sigma-t, kg/m^3 ]
# name 19 = sigma-t11: Density, 2 [sigma-t, kg/m^3 ]
# name 20 = oxsatML/L: Oxygen Saturation, Weiss [ml/l]
# name 21 = flag: flag
# span 0 =        269,       8987       
# span 1 =      1.622,     65.399       
# span 2 =     3.3057,     3.4914       
# span 3 =     3.3061,     3.4894       
# span 4 =   2.868283,   2.931671       
# span 5 =   2.869676,   2.931831       
# span 6 =     2.5287,     2.7336       
# span 7 =     2.6801,     2.7014       
# span 8 =      8.160,      8.184       
# span 9 =     0.2804,     0.6271       
# span 10 =     1.9245,     4.0564      
# span 11 = 1.0752e-01, 8.6191e-01      
# span 12 =     0.0992,     0.2296      
# span 13 =    94.4224,    97.5507      
# span 14 =     6.8029,     7.4898      
# span 15 =     7.7613,     7.8946      
# span 16 =    31.0806,    31.7851      
# span 17 =    31.0985,    31.7867      
# span 18 =    24.7319,    25.2911      
# span 19 =    24.7462,    25.2925      
# span 20 =    7.52977,    7.58497      
# span 21 = 0.0000e+00, 0.0000e+00      
# interval = scans: 3                   
# start_time = Dec 02 2019 00:53:52 [System UTC, header]
# bad_flag = -9.990e-29
*END*
[from data line 1449]
       5445     62.821     3.3331     3.3335   2.931399   2.931497     2.7205     2.6887      8.177     0.3390     2.0429 1.0827e-01     0.1013    97.4986     7.4720     7.8578    31.7798    31.7805    25.2867    25.2872    7.54475 0.0000e+00
       5448     62.769     3.3331     3.3344   2.931409   2.931490     2.7205     2.6887      8.177     0.3438     2.0429 1.0827e-01     0.1013    97.4986     7.4718     7.8589    31.7799    31.7796    25.2867    25.2864    7.54474 0.0000e+00
       5451     62.717     3.3333     3.3352   2.931396   2.931482     2.7193     2.6887      8.177     0.3390     2.0429 1.0827e-01     0.1013    97.4986     7.4677     7.8575    31.7796    31.7787    25.2864    25.2857    7.54472 0.0000e+00
       5454     62.665     3.3336     3.3355   2.931378   2.931483     2.7205     2.6887      8.176     0.3585     2.0824 1.0827e-01     0.1013    97.4986     7.4720     7.8561    31.7791    31.7785    25.2861    25.2854    7.54469 0.0000e+00
       5457     62.612     3.3336     3.3353   2.931386   2.931482     2.7197     2.6883      8.177     0.3585     2.1614 1.0827e-01     0.1013    97.4986     7.4695     7.8547    31.7793    31.7787    25.2862    25.2856    7.54469 0.0000e+00
       5460     62.560     3.3336     3.3353   2.931382   2.931476     2.7201     2.6883      8.176     0.3585     2.1614 1.0827e-01     0.1027    97.4638     7.4699     7.8559    31.7792    31.7787    25.2861    25.2856    7.54468 0.0000e+00
       5463     62.510     3.3336     3.3355   2.931391   2.931444     2.7201     2.6879      8.174     0.3585     2.1614 1.0827e-01     0.1045    97.4204     7.4698     7.8546    31.7793    31.7781    25.2863    25.2851    7.54467 0.0000e+00
       5466     62.456     3.3334     3.3356   2.931388   2.931473     2.7205     2.6887      8.174     0.3634     2.1614 1.0827e-01     0.1045    97.4204     7.4719     7.8555    31.7795    31.7784    25.2864    25.2853    7.54471 0.0000e+00
       5469     62.405     3.3334     3.3358   2.931370   2.931464     2.7193     2.6887      8.176     0.3536     2.1614 1.0827e-01     0.1045    97.4204     7.4679     7.8545    31.7793    31.7781    25.2863    25.2851    7.54471 0.0000e+00
       5472     62.355     3.3333     3.3353   2.931372   2.931473     2.7193     2.6883      8.177     0.3585     2.1614 1.0827e-01     0.1049    97.4117     7.4695     7.8549    31.7795    31.7787    25.2864    25.2856    7.54473 0.0000e+00
       5475     62.304     3.3333     3.3344   2.931386   2.931505     2.7193     2.6883      8.174     0.3585     2.1614 1.0827e-01     0.1045    97.4204     7.4709     7.8568    31.7797    31.7800    25.2865    25.2867    7.54471 0.0000e+00
       5478     62.249     3.3331     3.3338   2.931388   2.931515     2.7201     2.6875      8.174     0.3536     2.1614 1.0827e-01     0.1045    97.4204     7.4740     7.8556    31.7799    31.7807    25.2867    25.2874    7.54473 0.0000e+00
       5481     62.198     3.3333     3.3332   2.931343   2.931523     2.7201     2.6887      8.177     0.3243     2.1614 1.0827e-01     0.1035    97.4464     7.4758     7.8611    31.7793    31.7815    25.2862    25.2880    7.54474 0.0000e+00
       5484     62.145     3.3333     3.3327   2.931359   2.931521     2.7201     2.6887      8.177     0.3341     2.1614 1.0827e-01     0.1028    97.4638     7.4760     7.8605    31.7794    31.7820    25.2863    25.2885    7.54472 0.0000e+00
       5487     62.098     3.3334     3.3318   2.931359   2.931501     2.7197     2.6879      8.177     0.3243     2.1614 1.0827e-01     0.1024    97.4725     7.4754     7.8566    31.7793    31.7826    25.2863    25.2890    7.54470 0.0000e+00
       5490     62.044     3.3333     3.3313   2.931386   2.931516     2.7197     2.6875      8.177     0.3243     2.1614 1.0827e-01     0.1024    97.4725     7.4753     7.8550    31.7798    31.7834    25.2867    25.2897    7.54471 0.0000e+00
       5493     61.992     3.3330     3.3311   2.931395   2.931517     2.7197     2.6879      8.174     0.3292     2.1614 1.0827e-01     0.1024    97.4725     7.4755     7.8565    31.7802    31.7835    25.2870    25.2898    7.54474 0.0000e+00
       5496     61.938     3.3329     3.3309   2.931374   2.931494     2.7205     2.6887      8.174     0.3292     2.1614 1.0827e-01     0.1024    97.4725     7.4768     7.8597    31.7801    31.7835    25.2869    25.2898    7.54476 0.0000e+00
       5499     61.883     3.3330     3.3313   2.931324   2.931478     2.7205     2.6883      8.177     0.3292     2.1614 1.0827e-01     0.1031    97.4551     7.4762     7.8583    31.7795    31.7830    25.2864    25.2894    7.54479 0.0000e+00
       5502     61.829     3.3337     3.3313   2.931292   2.931501     2.7205     2.6887      8.177     0.3341     2.1614 1.0827e-01     0.1028    97.4638     7.4755     7.8601    31.7784    31.7832    25.2855    25.2896    7.54471 0.0000e+00
       5505     61.778     3.3343     3.3312   2.931246   2.931516     2.7209     2.6883      8.177     0.3390     2.1614 1.0827e-01     0.1028    97.4638     7.4781     7.8564    31.7773    31.7835    25.2846    25.2898    7.54465 0.0000e+00
       5508     61.723     3.3347     3.3314   2.931257   2.931448     2.7205     2.6879      8.177     0.3390     2.1614 1.0827e-01     0.1031    97.4551     7.4747     7.8566    31.7771    31.7826    25.2844    25.2891    7.54459 0.0000e+00
       5511     61.668     3.3346     3.3322   2.931274   2.931440     2.7201     2.6879      8.177     0.3341     2.1614 1.0827e-01     0.1024    97.4725     7.4709     7.8584    31.7774    31.7817    25.2846    25.2883    7.54458 0.0000e+00
       5514     61.615     3.3344     3.3329   2.931289   2.931429     2.7197     2.6883      8.177     0.3438     2.1614 1.0827e-01     0.1028    97.4638     7.4685     7.8599    31.7778    31.7809    25.2850    25.2877    7.54460 0.0000e+00
       5517     61.563     3.3341     3.3330   2.931291   2.931435     2.7205     2.6879      8.176     0.3487     2.1614 1.0827e-01     0.1028    97.4638     7.4689     7.8579    31.7781    31.7809    25.2852    25.2876    7.54464 0.0000e+00
       5520     61.511     3.3341     3.3332   2.931298   2.931454     2.7201     2.6875      8.179     0.3487     2.1614 1.0827e-01     0.1024    97.4725     7.4677     7.8578    31.7783    31.7811    25.2854    25.2876    7.54464 0.0000e+00
       5523     61.457     3.3338     3.3331   2.931314   2.931437     2.7205     2.6887      8.176     0.3438     2.1614 1.0827e-01     0.1010    97.5073     7.4694     7.8645    31.7787    31.7809    25.2858    25.2876    7.54466 0.0000e+00
       5526     61.401     3.3335     3.3328   2.931338   2.931440     2.7209     2.6879      8.174     0.3438     2.1614 1.0827e-01     0.1006    97.5160     7.4712     7.8629    31.7793    31.7813    25.2863    25.2878    7.54469 0.0000e+00
       5529     61.350     3.3334     3.3328   2.931322   2.931396     2.7205     2.6879      8.176     0.3438     2.1614 1.0827e-01     0.1006    97.5160     7.4706     7.8664    31.7793    31.7807    25.2862    25.2874    7.54471 0.0000e+00
       5532     61.297     3.3333     3.3328   2.931320   2.931334     2.7189     2.6879      8.177     0.3194     2.1614 1.0827e-01     0.1013    97.4986     7.4651     7.8662    31.7794    31.7801    25.2863    25.2869    7.54472 0.0000e+00
       5535     61.244     3.3332     3.3328   2.931304   2.931361     2.7193     2.6887      8.179     0.2852     2.1614 1.0827e-01     0.1010    97.5073     7.4662     7.8693    31.7793    31.7804    25.2862    25.2872    7.54474 0.0000e+00
       5538     61.191     3.3333     3.3331   2.931287   2.931392     2.7197     2.6887      8.177     0.2804     2.1614 1.0827e-01     0.1010    97.5073     7.4669     7.8689    31.7790    31.7805    25.2860    25.2873    7.54474 0.0000e+00
       5541     61.139     3.3333     3.3333   2.931304   2.931400     2.7197     2.6887      8.179     0.2804     2.1614 1.0827e-01     0.1013    97.4986     7.4674     7.8680    31.7793    31.7804    25.2863    25.2872    7.54474 0.0000e+00
       5544     61.084     3.3334     3.3335   2.931313   2.931373     2.7205     2.6887      8.174     0.2901     2.1614 1.0827e-01     0.1003    97.5247     7.4716     7.8667    31.7793    31.7799    25.2863    25.2867    7.54471 0.0000e+00
       5547     61.030     3.3335     3.3335   2.931293   2.931340     2.7197     2.6887      8.177     0.2901     2.1614 1.0827e-01     0.1013    97.4986     7.4690     7.8641    31.7791    31.7796    25.2860    25.2865    7.54471 0.0000e+00
       5550     60.978     3.3334     3.3336   2.931264   2.931334     2.7205     2.6887      8.176     0.2804     2.1614 1.0827e-01     0.1010    97.5073     7.4723     7.8613    31.7788    31.7795    25.2859    25.2864    7.54474 0.0000e+00
       5553     60.927     3.3335     3.3336   2.931283   2.931318     2.7197     2.6891      8.176     0.2852     2.1614 1.0827e-01     0.1013    97.4986     7.4736     7.8574    31.7790    31.7793    25.2860    25.2862    7.54472 0.0000e+00
       5556     60.874     3.3337     3.3336   2.931266   2.931336     2.7193     2.6887      8.176     0.2804     2.1614 1.0827e-01     0.1010    97.5073     7.4725     7.8523    31.7786    31.7795    25.2856    25.2864    7.54469 0.0000e+00
       5559     60.823     3.3337     3.3338   2.931285   2.931320     2.7193     2.6887      8.174     0.3145     2.1614 1.0827e-01     0.1010    97.5073     7.4712     7.8485    31.7789    31.7792    25.2859    25.2861    7.54468 0.0000e+00
       5562     60.770     3.3337     3.3336   2.931270   2.931355     2.7197     2.6887      8.177     0.3194     2.1614 1.0827e-01     0.1013    97.4986     7.4711     7.8458    31.7786    31.7798    25.2857    25.2866    7.54469 0.0000e+00
       5565     60.717     3.3338     3.3335   2.931271   2.931365     2.7205     2.6887      8.177     0.3194     2.1614 1.0827e-01     0.1010    97.5073     7.4735     7.8419    31.7787    31.7800    25.2857    25.2868    7.54468 0.0000e+00
       5568     60.670     3.3339     3.3335   2.931267   2.931339     2.7205     2.6887      8.177     0.3145     2.1614 1.0815e-01     0.1010    97.5073     7.4747     7.8403    31.7785    31.7798    25.2856    25.2866    7.54466 0.0000e+00
       5571     60.616     3.3338     3.3334   2.931253   2.931320     2.7193     2.6879      8.179     0.3048     2.1614 1.0827e-01     0.1006    97.5160     7.4722     7.8346    31.7785    31.7796    25.2855    25.2865    7.54468 0.0000e+00
       5574     60.564     3.3339     3.3333   2.931249   2.931328     2.7201     2.6875      8.176     0.3194     2.1614 1.0827e-01     0.1006    97.5160     7.4760     7.8323    31.7783    31.7799    25.2854    25.2867    7.54467 0.0000e+00
       5577     60.510     3.3338     3.3333   2.931251   2.931330     2.7213     2.6875      8.176     0.3194     2.1614 1.0827e-01     0.1006    97.5160     7.4809     7.8339    31.7785    31.7799    25.2856    25.2867    7.54469 0.0000e+00
       5580     60.457     3.3338     3.3331   2.931229   2.931327     2.7201     2.6875      8.179     0.3145     2.1614 1.0827e-01     0.1010    97.5073     7.4763     7.8369    31.7782    31.7801    25.2853    25.2869    7.54469 0.0000e+00
       5583     60.404     3.3339     3.3330   2.931220   2.931321     2.7197     2.6875      8.176     0.3194     2.1614 1.0827e-01     0.1024    97.4725     7.4747     7.8399    31.7781    31.7802    25.2853    25.2870    7.54469 0.0000e+00
       5586     60.353     3.3337     3.3330   2.931228   2.931315     2.7197     2.6867      8.176     0.3292     2.1614 1.0827e-01     0.1024    97.4725     7.4737     7.8395    31.7784    31.7801    25.2855    25.2870    7.54470 0.0000e+00
       5589     60.300     3.3339     3.3328   2.931231   2.931307     2.7205     2.6867      8.177     0.3292     2.1614 1.0827e-01     0.1024    97.4725     7.4753     7.8414    31.7783    31.7803    25.2854    25.2871    7.54467 0.0000e+00
       5592     60.247     3.3338     3.3327   2.931206   2.931324     2.7209     2.6867      8.177     0.3341     2.1614 1.0827e-01     0.1024    97.4725     7.4778     7.8461    31.7781    31.7805    25.2853    25.2873    7.54470 0.0000e+00
       5595     60.194     3.3339     3.3325   2.931210   2.931296     2.7209     2.6863      8.179     0.3243     2.1614 1.0827e-01     0.1024    97.4725     7.4783     7.8494    31.7781    31.7805    25.2852    25.2872    7.54468 0.0000e+00
       5598     60.141     3.3340     3.3323   2.931191   2.931313     2.7209     2.6871      8.177     0.3341     2.1614 1.0827e-01     0.1031    97.4551     7.4778     7.8546    31.7778    31.7809    25.2850    25.2876    7.54468 0.0000e+00
       5601     60.090     3.3340     3.3324   2.931169   2.931290     2.7205     2.6871      8.176     0.3292     2.1614 1.0827e-01     0.1031    97.4551     7.4763     7.8565    31.7775    31.7806    25.2848    25.2873    7.54469 0.0000e+00
       5604     60.037     3.3340     3.3323   2.931152   2.931296     2.7209     2.6875      8.179     0.3243     2.1614 1.0827e-01     0.1035    97.4464     7.4773     7.8598    31.7774    31.7808    25.2847    25.2875    7.54470 0.0000e+00
       5607     59.987     3.3337     3.3322   2.931151   2.931300     2.7213     2.6875      8.176     0.3292     2.1614 1.0827e-01     0.1024    97.4725     7.4781     7.8618    31.7777    31.7810    25.2849    25.2877    7.54474 0.0000e+00
       5610     59.935     3.3338     3.3320   2.931151   2.931288     2.7201     2.6867      8.177     0.3487     2.1614 1.0827e-01     0.1035    97.4464     7.4716     7.8605    31.7776    31.7810    25.2848    25.2877    7.54472 0.0000e+00
       5613     59.882     3.3339     3.3318   2.931154   2.931289     2.7209     2.6871      8.176     0.3780     2.0429 1.0827e-01     0.1035    97.4464     7.4726     7.8609    31.7775    31.7812    25.2848    25.2879    7.54470 0.0000e+00
       5616     59.830     3.3340     3.3314   2.931164   2.931282     2.7213     2.6875      8.177     0.3780     2.0429 1.0827e-01     0.1035    97.4464     7.4742     7.8633    31.7776    31.7815    25.2848    25.2882    7.54468 0.0000e+00
       5619     59.777     3.3341     3.3314   2.931168   2.931277     2.7213     2.6875      8.176     0.3731     2.0429 1.0827e-01     0.1035    97.4464     7.4729     7.8641    31.7776    31.7816    25.2848    25.2882    7.54467 0.0000e+00
       5622     59.724     3.3341     3.3313   2.931182   2.931308     2.7213     2.6875      8.176     0.3731     2.0429 1.0827e-01     0.1024    97.4725     7.4723     7.8626    31.7778    31.7821    25.2850    25.2886    7.54465 0.0000e+00
       5625     59.672     3.3342     3.3312   2.931137   2.931291     2.7205     2.6875      8.179     0.3780     2.0429 1.0827e-01     0.1020    97.4812     7.4691     7.8641    31.7772    31.7820    25.2845    25.2886    7.54468 0.0000e+00
       5628     59.621     3.3340     3.3313   2.931136   2.931269     2.7205     2.6875      8.177     0.3683     2.0429 1.0827e-01     0.1024    97.4725     7.4683     7.8662    31.7774    31.7816    25.2847    25.2882    7.54470 0.0000e+00
       5631     59.569     3.3341     3.3312   2.931137   2.931263     2.7209     2.6875      8.177     0.3731     2.0429 1.0827e-01     0.1024    97.4725     7.4685     7.8675    31.7773    31.7816    25.2846    25.2883    7.54469 0.0000e+00
       5634     59.516     3.3341     3.3312   2.931117   2.931280     2.7205     2.6875      8.176     0.3683     2.0429 1.0827e-01     0.1020    97.4812     7.4662     7.8685    31.7771    31.7819    25.2844    25.2885    7.54469 0.0000e+00
       5637     59.463     3.3341     3.3311   2.931107   2.931259     2.7205     2.6879      8.174     0.3731     2.0824 1.0827e-01     0.1020    97.4812     7.4645     7.8684    31.7770    31.7818    25.2844    25.2884    7.54470 0.0000e+00
