Datasets/AZMP/COO001/79001067.cnv
* Sea-Bird SBE 9 Data File:
* FileName = C:\CTDDATA\79001067.hex
* Software Version Seasave V 7.26.7.110
* Temperature SN = 5660
* Conductivity SN = 3698
* Number of Bytes Per Scan = 30
* Number of Voltage Words = 4
* Number of Scans Averaged by the Deck Unit = 1
* NMEA baud rate = 9600
** VESSEL/TRIP/SEQ STN:  79001067
** LATITUDE XX XX.XX N:  48 05.40 N
** LONGITUDE XX XX.XX W:  55 03.30 W
** SOUNDING DEPTH (M):  0096
** PROBE TYPE: S1257
** CTD NUMBER: 034
** COMMENTS (14 CHAR): TB-01
** BOTTLES:  0
** LEVELS:
** STICKERS:
** VNET: N
** DO2: N
# nquan = 22
# nvalues = 2547                        
# units = specified
# name 0 = scan: Scan Count
# name 1 = prDM: Pressure, Digiquartz [db]
# name 2 = t090C: Temperature [ITS-90, deg C]
# name 3 = t190C: Temperature, 2 [ITS-90, deg C]
# name 4 = c0S/m: Conductivity [S/m]
# name 5 = c1S/m: Conductivity, 2 [S/m]
# name 6 = sbeox0V: Oxygen raw, SBE 43 [V]
# name 7 = sbeox1V: Oxygen raw, SBE 43, 2 [V]
# name 8 = ph: pH
# name 9 = flECO-AFL: Fluorescence, WET Labs ECO-AFL/FL [mg/m^3]
# name 10 = wetCDOM: Fluorescence, WET Labs CDOM [mg/m^3]
# name 11 = par/sat/log: PAR/Logarithmic, Satlantic [umol photons/m^2/sec]
# name 12 = CStarAt0: Beam Attenuation, WET Labs C-Star [1/m]
# name 13 = CStarTr0: Beam Transmission, WET Labs C-Star [%]
# name 14 = sbeox0ML/L: Oxygen, SBE 43 [ml/l], WS = 2
# name 15 = sbeox1ML/L: Oxygen, SBE 43, 2 [ml/l], WS = 2
# name 16 = sal00: Salinity, Practical [PSU]
# name 17 = sal11: Salinity, Practical, 2 [PSU]
# name 18 = sigma-t00: Density [sigma-t, kg/m^3 ]
# name 19 = sigma-t11: Density, 2 [sigma-t, kg/m^3 ]
# name 20 = oxsatML/L: Oxygen Saturation, Weiss [ml/l]
# name 21 = flag: flag
# span 0 =          4,      10607       
# span 1 =      0.861,     88.403       
# span 2 =     1.5362,     4.1944       
# span 3 =     1.4597,     4.2360       
# span 4 =   2.827158,   2.967707       
# span 5 =   2.822227,   2.969074       
# span 6 =     2.5604,     2.7894       
# span 7 =     2.6366,     2.7389       
# span 8 =      8.109,      8.148       
# span 9 =     0.0801,     0.5978       
# span 10 =     0.7401,     2.1614      
# span 11 = 1.0740e-01, 1.4231e+00      
# span 12 =     0.0736,     0.1966      
# span 13 =    95.2045,    98.1764      
# span 14 =     6.7085,     7.7648      
# span 15 =     7.7237,     8.1761      
# span 16 =    31.4046,    32.3226      
# span 17 =    31.3786,    32.3165      
# span 18 =    24.9084,    25.8557      
# span 19 =    24.8844,    25.8528      
# span 20 =    7.40338,    7.87101      
# span 21 = 0.0000e+00, 0.0000e+00      
# interval = scans: 3                   
# start_time = Nov 30 2019 22:13:17 [System UTC, header]
# bad_flag = -9.990e-29
*END*
[from data line 791]
       3288     48.060     2.8954     2.8903   2.914232   2.914056     2.7510     2.7045      8.141     0.1876     1.9245 1.0790e-01     0.0821    97.9678     7.6369     7.9715    32.0133    32.0161    25.5102    25.5129    7.61636 0.0000e+00
       3291     48.108     2.8955     2.8890   2.914223   2.914006     2.7510     2.7045      8.139     0.1925     1.9245 1.0815e-01     0.0821    97.9678     7.6372     7.9712    32.0130    32.0168    25.5100    25.5136    7.61635 0.0000e+00
       3294     48.154     2.8954     2.8879   2.914218   2.913961     2.7501     2.7033      8.141     0.1925     1.9245 1.0790e-01     0.0821    97.9678     7.6350     7.9670    32.0130    32.0174    25.5100    25.5141    7.61637 0.0000e+00
       3297     48.201     2.8955     2.8871   2.914227   2.913920     2.7510     2.7033      8.141     0.1925     1.9245 1.0815e-01     0.0818    97.9765     7.6364     7.9675    32.0130    32.0177    25.5100    25.5144    7.61635 0.0000e+00
       3300     48.254     2.8949     2.8858   2.914106   2.913846     2.7497     2.7037      8.142     0.1876     1.9245 1.0815e-01     0.0818    97.9765     7.6323     7.9704    32.0121    32.0180    25.5093    25.5148    7.61651 0.0000e+00
       3303     48.308     2.8933     2.8842   2.913975   2.913771     2.7510     2.7033      8.140     0.1925     1.9245 1.0790e-01     0.0814    97.9852     7.6361     7.9711    32.0121    32.0186    25.5094    25.5154    7.61682 0.0000e+00
       3306     48.370     2.8915     2.8831   2.913926   2.913748     2.7501     2.7033      8.141     0.1973     1.9245 1.0815e-01     0.0811    97.9939     7.6335     7.9728    32.0133    32.0195    25.5105    25.5162    7.61711 0.0000e+00
       3309     48.429     2.8899     2.8824   2.913852   2.913747     2.7497     2.7033      8.138     0.1925     2.0429 1.0790e-01     0.0811    97.9939     7.6327     7.9771    32.0140    32.0201    25.5112    25.5167    7.61738 0.0000e+00
       3312     48.495     2.8878     2.8821   2.913739   2.913716     2.7506     2.7033      8.141     0.1925     2.0429 1.0790e-01     0.0811    97.9939     7.6361     7.9803    32.0146    32.0200    25.5119    25.5167    7.61775 0.0000e+00
       3315     48.565     2.8857     2.8807   2.913649   2.913643     2.7506     2.7033      8.140     0.1778     2.0429 1.0802e-01     0.0811    97.9939     7.6365     7.9848    32.0156    32.0204    25.5128    25.5171    7.61810 0.0000e+00
       3318     48.640     2.8837     2.8794   2.913554   2.913604     2.7506     2.7033      8.140     0.1827     2.0429 1.0790e-01     0.0814    97.9852     7.6357     7.9868    32.0164    32.0213    25.5137    25.5179    7.61845 0.0000e+00
       3321     48.715     2.8817     2.8785   2.913516   2.913554     2.7489     2.7033      8.140     0.1778     2.0429 1.0802e-01     0.0807    98.0026     7.6295     7.9860    32.0179    32.0215    25.5150    25.5182    7.61876 0.0000e+00
       3324     48.795     2.8803     2.8769   2.913500   2.913500     2.7497     2.7037      8.140     0.1778     2.0429 1.0790e-01     0.0807    98.0026     7.6325     7.9877    32.0190    32.0225    25.5160    25.5191    7.61897 0.0000e+00
       3327     48.881     2.8790     2.8750   2.913439   2.913443     2.7497     2.7033      8.140     0.1729     2.0429 1.0802e-01     0.0807    98.0026     7.6333     7.9870    32.0195    32.0236    25.5166    25.5201    7.61920 0.0000e+00
       3330     48.968     2.8774     2.8735   2.913419   2.913429     2.7497     2.7033      8.140     0.1827     2.0429 1.0790e-01     0.0811    97.9939     7.6353     7.9889    32.0208    32.0248    25.5177    25.5213    7.61943 0.0000e+00
       3333     49.058     2.8761     2.8728   2.913389   2.913388     2.7497     2.7045      8.141     0.1778     1.9245 1.0802e-01     0.0807    98.0026     7.6355     7.9955    32.0217    32.0250    25.5185    25.5214    7.61964 0.0000e+00
       3336     49.153     2.8750     2.8714   2.913324   2.913357     2.7497     2.7033      8.140     0.1778     1.8060 1.0790e-01     0.0811    97.9939     7.6362     7.9931    32.0220    32.0260    25.5189    25.5224    7.61984 0.0000e+00
       3339     49.251     2.8736     2.8704   2.913291   2.913298     2.7489     2.7041      8.140     0.1778     1.8060 1.0802e-01     0.0811    97.9939     7.6344     7.9974    32.0229    32.0262    25.5197    25.5226    7.62006 0.0000e+00
       3342     49.351     2.8727     2.8698   2.913247   2.913294     2.7485     2.7033      8.138     0.1729     1.8060 1.0815e-01     0.0821    97.9678     7.6347     7.9955    32.0233    32.0267    25.5201    25.5230    7.62022 0.0000e+00
       3345     49.454     2.8717     2.8692   2.913211   2.913261     2.7485     2.7033      8.138     0.1827     1.8060 1.0802e-01     0.0821    97.9678     7.6342     7.9960    32.0237    32.0268    25.5205    25.5232    7.62038 0.0000e+00
       3348     49.561     2.8708     2.8682   2.913196   2.913213     2.7493     2.7033      8.141     0.1827     1.8060 1.0790e-01     0.0821    97.9678     7.6364     7.9962    32.0244    32.0272    25.5211    25.5236    7.62052 0.0000e+00
       3351     49.667     2.8702     2.8673   2.913174   2.913175     2.7501     2.7037      8.140     0.1778     1.8060 1.0802e-01     0.0821    97.9678     7.6406     7.9985    32.0247    32.0276    25.5214    25.5240    7.62063 0.0000e+00
       3354     49.775     2.8695     2.8665   2.913139   2.913123     2.7485     2.7045      8.140     0.1729     1.8060 1.0790e-01     0.0821    97.9678     7.6363     7.9986    32.0249    32.0276    25.5216    25.5241    7.62074 0.0000e+00
       3357     49.883     2.8689     2.8657   2.913098   2.913076     2.7493     2.7045      8.138     0.1778     1.8060 1.0802e-01     0.0818    97.9765     7.6407     7.9969    32.0249    32.0278    25.5217    25.5243    7.62086 0.0000e+00
       3360     49.989     2.8685     2.8656   2.913069   2.913049     2.7493     2.7045      8.140     0.1729     1.9639 1.0790e-01     0.0821    97.9678     7.6419     7.9964    32.0250    32.0276    25.5217    25.5241    7.62094 0.0000e+00
       3363     50.096     2.8680     2.8648   2.913081   2.913027     2.7485     2.7045      8.138     0.1778     2.0429 1.0790e-01     0.0811    97.9939     7.6407     7.9944    32.0255    32.0280    25.5222    25.5245    7.62100 0.0000e+00
       3366     50.203     2.8673     2.8642   2.912986   2.913004     2.7489     2.7045      8.140     0.1729     2.0429 1.0802e-01     0.0811    97.9939     7.6428     7.9921    32.0250    32.0283    25.5219    25.5248    7.62117 0.0000e+00
       3369     50.302     2.8663     2.8640   2.912900   2.912967     2.7481     2.7045      8.140     0.1583     2.0429 1.0802e-01     0.0811    97.9939     7.6391     7.9883    32.0249    32.0280    25.5219    25.5246    7.62136 0.0000e+00
       3372     50.403     2.8655     2.8634   2.912905   2.912940     2.7485     2.7045      8.140     0.1583     2.0429 1.0790e-01     0.0811    97.9939     7.6401     7.9844    32.0257    32.0282    25.5226    25.5248    7.62148 0.0000e+00
       3375     50.509     2.8650     2.8624   2.912896   2.912838     2.7493     2.7045      8.140     0.1583     2.0429 1.0815e-01     0.0811    97.9939     7.6447     7.9811    32.0260    32.0279    25.5229    25.5246    7.62155 0.0000e+00
       3378     50.605     2.8647     2.8606   2.912896   2.912739     2.7493     2.7033      8.140     0.1583     2.0429 1.0802e-01     0.0811    97.9939     7.6452     7.9750    32.0263    32.0285    25.5231    25.5252    7.62160 0.0000e+00
       3381     50.695     2.8643     2.8596   2.912867   2.912714     2.7489     2.7041      8.138     0.1632     2.0429 1.0815e-01     0.0821    97.9678     7.6436     7.9771    32.0262    32.0291    25.5231    25.5258    7.62167 0.0000e+00
       3384     50.784     2.8639     2.8591   2.912821   2.912696     2.7489     2.7033      8.138     0.1632     2.0034 1.0790e-01     0.0821    97.9678     7.6427     7.9731    32.0261    32.0293    25.5230    25.5260    7.62177 0.0000e+00
       3387     50.870     2.8628     2.8589   2.912747   2.912684     2.7497     2.7037      8.138     0.1632     1.8060 1.0802e-01     0.0821    97.9678     7.6448     7.9727    32.0262    32.0293    25.5232    25.5260    7.62196 0.0000e+00
       3390     50.951     2.8623     2.8588   2.912714   2.912690     2.7493     2.7033      8.138     0.1632     1.8060 1.0802e-01     0.0821    97.9678     7.6438     7.9702    32.0263    32.0295    25.5233    25.5262    7.62207 0.0000e+00
       3393     51.026     2.8617     2.8587   2.912712   2.912703     2.7485     2.7033      8.138     0.1680     1.8060 1.0802e-01     0.0825    97.9591     7.6401     7.9700    32.0268    32.0297    25.5238    25.5263    7.62214 0.0000e+00
       3396     51.094     2.8615     2.8586   2.912732   2.912680     2.7497     2.7033      8.138     0.1827     1.8060 1.0815e-01     0.0821    97.9678     7.6429     7.9684    32.0272    32.0294    25.5241    25.5261    7.62216 0.0000e+00
       3399     51.160     2.8616     2.8586   2.912748   2.912679     2.7489     2.7033      8.138     0.1827     1.8060 1.0790e-01     0.0821    97.9678     7.6397     7.9669    32.0273    32.0294    25.5242    25.5261    7.62215 0.0000e+00
       3402     51.222     2.8616     2.8584   2.912769   2.912670     2.7485     2.7029      8.138     0.1729     1.8060 1.0790e-01     0.0818    97.9765     7.6382     7.9641    32.0275    32.0295    25.5244    25.5262    7.62214 0.0000e+00
       3405     51.279     2.8617     2.8580   2.912795   2.912620     2.7489     2.7029      8.138     0.1778     1.8060 1.0802e-01     0.0811    97.9939     7.6397     7.9602    32.0277    32.0292    25.5245    25.5260    7.62211 0.0000e+00
       3408     51.336     2.8618     2.8578   2.912778   2.912627     2.7473     2.7025      8.138     0.1729     1.8060 1.0790e-01     0.0811    97.9939     7.6341     7.9563    32.0274    32.0295    25.5242    25.5263    7.62210 0.0000e+00
       3411     51.389     2.8618     2.8575   2.912750   2.912612     2.7489     2.7021      8.138     0.1876     1.8455 1.0802e-01     0.0814    97.9852     7.6398     7.9517    32.0270    32.0296    25.5239    25.5263    7.62212 0.0000e+00
       3414     51.439     2.8616     2.8571   2.912731   2.912619     2.7489     2.7021      8.138     0.1729     2.0429 1.0802e-01     0.0811    97.9939     7.6406     7.9504    32.0269    32.0301    25.5239    25.5268    7.62216 0.0000e+00
       3417     51.489     2.8613     2.8569   2.912712   2.912572     2.7485     2.7021      8.138     0.1778     2.0429 1.0802e-01     0.0811    97.9939     7.6400     7.9485    32.0270    32.0296    25.5240    25.5265    7.62222 0.0000e+00
       3420     51.535     2.8614     2.8564   2.912723   2.912564     2.7485     2.7009      8.138     0.1924     2.0429 1.0815e-01     0.0814    97.9852     7.6397     7.9436    32.0270    32.0300    25.5240    25.5268    7.62220 0.0000e+00
       3423     51.579     2.8611     2.8562   2.912740   2.912546     2.7485     2.7009      8.138     0.1925     2.0429 1.0815e-01     0.0821    97.9678     7.6418     7.9442    32.0275    32.0300    25.5243    25.5268    7.62223 0.0000e+00
       3426     51.621     2.8610     2.8556   2.912734   2.912521     2.7485     2.7009      8.138     0.1876     2.0429 1.0790e-01     0.0825    97.9591     7.6417     7.9447    32.0275    32.0302    25.5244    25.5270    7.62225 0.0000e+00
       3429     51.662     2.8608     2.8551   2.912732   2.912485     2.7481     2.7001      8.138     0.1925     2.0429 1.0802e-01     0.0821    97.9678     7.6397     7.9424    32.0276    32.0302    25.5245    25.5271    7.62228 0.0000e+00
       3432     51.703     2.8607     2.8546   2.912707   2.912475     2.7485     2.6997      8.138     0.1925     2.0429 1.0815e-01     0.0821    97.9678     7.6409     7.9435    32.0274    32.0307    25.5243    25.5275    7.62231 0.0000e+00
       3435     51.742     2.8606     2.8545   2.912707   2.912455     2.7485     2.6997      8.140     0.1876     2.0429 1.0790e-01     0.0825    97.9591     7.6395     7.9466    32.0274    32.0305    25.5244    25.5273    7.62232 0.0000e+00
       3438     51.782     2.8606     2.8544   2.912735   2.912471     2.7481     2.6997      8.140     0.1876     2.0429 1.0815e-01     0.0821    97.9678     7.6375     7.9501    32.0277    32.0307    25.5246    25.5275    7.62231 0.0000e+00
       3441     51.821     2.8607     2.8541   2.912736   2.912416     2.7485     2.6993      8.138     0.1925     2.0429 1.0815e-01     0.0839    97.9244     7.6392     7.9556    32.0277    32.0304    25.5246    25.5273    7.62230 0.0000e+00
       3444     51.859     2.8605     2.8532   2.912688   2.912368     2.7481     2.6988      8.138     0.1876     2.0429 1.0802e-01     0.0864    97.8636     7.6390     7.9601    32.0272    32.0307    25.5242    25.5276    7.62236 0.0000e+00
       3447     51.897     2.8603     2.8526   2.912667   2.912338     2.7485     2.6993      8.140     0.1778     2.0429 1.0790e-01     0.0864    97.8636     7.6415     7.9663    32.0272    32.0309    25.5242    25.5278    7.62241 0.0000e+00
       3450     51.936     2.8603     2.8520   2.912711   2.912281     2.7481     2.6984      8.138     0.1729     2.0429 1.0802e-01     0.0864    97.8636     7.6406     7.9688    32.0277    32.0308    25.5247    25.5278    7.62238 0.0000e+00
       3453     51.974     2.8625     2.8514   2.912868   2.912250     2.7473     2.6984      8.138     0.1827     2.0429 1.0790e-01     0.0864    97.8636     7.6363     7.9739    32.0274    32.0310    25.5243    25.5280    7.62197 0.0000e+00
       3456     52.011     2.8643     2.8503   2.912968   2.912199     2.7485     2.6988      8.138     0.1778     2.0429 1.0802e-01     0.0864    97.8636     7.6381     7.9790    32.0268    32.0315    25.5236    25.5285    7.62166 0.0000e+00
       3459     52.046     2.8652     2.8496   2.912932   2.912141     2.7477     2.6988      8.138     0.1827     2.0429 1.0802e-01     0.0864    97.8636     7.6339     7.9817    32.0255    32.0314    25.5224    25.5285    7.62155 0.0000e+00
       3462     52.085     2.8636     2.8488   2.912730   2.912067     2.7469     2.6993      8.138     0.1729     2.0429 1.0802e-01     0.0828    97.9505     7.6325     7.9863    32.0245    32.0312    25.5218    25.5284    7.62189 0.0000e+00
       3465     52.121     2.8620     2.8480   2.912654   2.912028     2.7485     2.6997      8.138     0.1729     2.0429 1.0802e-01     0.0800    98.0200     7.6384     7.9908    32.0252    32.0316    25.5225    25.5288    7.62217 0.0000e+00
       3468     52.161     2.8610     2.8468   2.912650   2.911954     2.7485     2.6993      8.138     0.1778     2.0429 1.0790e-01     0.0800    98.0200     7.6389     7.9923    32.0262    32.0319    25.5234    25.5291    7.62232 0.0000e+00
       3471     52.198     2.8601     2.8461   2.912614   2.911934     2.7485     2.6997      8.140     0.1973     2.0429 1.0790e-01     0.0800    98.0200     7.6406     7.9952    32.0266    32.0323    25.5237    25.5295    7.62247 0.0000e+00
       3474     52.236     2.8596     2.8463   2.912570   2.911926     2.7477     2.6997      8.138     0.2218     2.0429 1.0790e-01     0.0800    98.0200     7.6389     7.9950    32.0265    32.0320    25.5238    25.5292    7.62257 0.0000e+00
       3477     52.277     2.8587     2.8462   2.912501   2.911893     2.7469     2.6997      8.138     0.2266     2.0429 1.0790e-01     0.0800    98.0200     7.6365     7.9924    32.0266    32.0317    25.5239    25.5290    7.62274 0.0000e+00
