Datasets/AZMP/COO001/79001125.cnv
* Sea-Bird SBE 9 Data File:
* FileName = C:\CTDDATA\79001125.hex
* Software Version Seasave V 7.26.7.110
* Temperature SN = 5660
* Conductivity SN = 3698
* Number of Bytes Per Scan = 30
* Number of Voltage Words = 4
* Number of Scans Averaged by the Deck Unit = 1
* NMEA baud rate = 9600
** VESSEL/TRIP/SEQ STN:  79001125
** LATITUDE XX XX.XX N:  47 00.00 N
** LONGITUDE XX XX.XX W:  52 49.90 W
** SOUNDING DEPTH (M):  0109
** PROBE TYPE: S1257
** CTD NUMBER: 085
** COMMENTS (14 CHAR): FC-01
** BOTTLES:  18
** LEVELS: 5,5,5,5,10,20,20,20,20,30,40,50,50,50,75,BTM,BTM,BTM
** STICKERS: 435676 - 435693
** VNET: Y
** DO2: N
# nquan = 22
# nvalues = 3786                        
# units = specified
# name 0 = scan: Scan Count
# name 1 = prDM: Pressure, Digiquartz [db]
# name 2 = t090C: Temperature [ITS-90, deg C]
# name 3 = t190C: Temperature, 2 [ITS-90, deg C]
# name 4 = c0S/m: Conductivity [S/m]
# name 5 = c1S/m: Conductivity, 2 [S/m]
# name 6 = sbeox0V: Oxygen raw, SBE 43 [V]
# name 7 = sbeox1V: Oxygen raw, SBE 43, 2 [V]
# name 8 = ph: pH
# name 9 = flECO-AFL: Fluorescence, WET Labs ECO-AFL/FL [mg/m^3]
# name 10 = wetCDOM: Fluorescence, WET Labs CDOM [mg/m^3]
# name 11 = par/sat/log: PAR/Logarithmic, Satlantic [umol photons/m^2/sec]
# name 12 = CStarAt0: Beam Attenuation, WET Labs C-Star [1/m]
# name 13 = CStarTr0: Beam Transmission, WET Labs C-Star [%]
# name 14 = sbeox0ML/L: Oxygen, SBE 43 [ml/l], WS = 2
# name 15 = sbeox1ML/L: Oxygen, SBE 43, 2 [ml/l], WS = 2
# name 16 = sal00: Salinity, Practical [PSU]
# name 17 = sal11: Salinity, Practical, 2 [PSU]
# name 18 = sigma-t00: Density [sigma-t, kg/m^3 ]
# name 19 = sigma-t11: Density, 2 [sigma-t, kg/m^3 ]
# name 20 = oxsatML/L: Oxygen Saturation, Weiss [ml/l]
# name 21 = flag: flag
# span 0 =        113,      44865       
# span 1 =      0.519,    101.036       
# span 2 =     0.4903,     2.8774       
# span 3 =     0.4896,     2.8807       
# span 4 =   2.766520,   2.893506       
# span 5 =   2.766494,   2.893668       
# span 6 =     2.5437,     2.7603       
# span 7 =     2.5369,     2.7281       
# span 8 =      8.094,      8.176       
# span 9 =     0.1143,     0.9983       
# span 10 =     1.6876,     2.1614      
# span 11 = 1.0532e-01, 5.2172e-01      
# span 12 =     0.0789,     0.2837      
# span 13 =    93.1537,    98.0460      
# span 14 =     6.7648,     7.7682      
# span 15 =     7.6825,     8.1418      
# span 16 =    31.7594,    32.6207      
# span 17 =    31.7675,    32.6219      
# span 18 =    25.3098,    26.1570      
# span 19 =    25.3154,    26.1620      
# span 20 =    7.63226,    8.07235      
# span 21 = 0.0000e+00, 0.0000e+00      
# interval = scans: 3                   
# start_time = Dec 08 2019 22:24:43 [System UTC, header]
# bad_flag = -9.990e-29
*END*
[from data line 3095]
      25019     33.265     2.4874     2.4757   2.884369   2.884047     2.7404     2.7074      8.159     0.5881     1.9245 1.0790e-01     0.1110    97.2640     7.6777     8.0793    32.0649    32.0728    25.5842    25.5915    7.69285 0.0000e+00
      25022     33.231     2.4866     2.4760   2.884269   2.884024     2.7400     2.7074      8.159     0.5832     1.9245 1.0790e-01     0.1110    97.2640     7.6760     8.0832    32.0646    32.0722    25.5841    25.5910    7.69303 0.0000e+00
      25025     33.196     2.4848     2.4756   2.884199   2.884045     2.7404     2.7074      8.159     0.5929     1.9245 1.0790e-01     0.1113    97.2553     7.6768     8.0875    32.0655    32.0728    25.5849    25.5915    7.69333 0.0000e+00
      25028     33.164     2.4842     2.4761   2.884304   2.884058     2.7404     2.7070      8.159     0.5978     1.9245 1.0790e-01     0.1156    97.1510     7.6767     8.0882    32.0674    32.0725    25.5865    25.5912    7.69334 0.0000e+00
      25031     33.132     2.4851     2.4764   2.884368   2.884062     2.7408     2.7074      8.159     0.5881     1.9245 1.0790e-01     0.1153    97.1597     7.6773     8.0938    32.0673    32.0723    25.5863    25.5910    7.69318 0.0000e+00
      25034     33.099     2.4856     2.4762   2.884359   2.884053     2.7404     2.7086      8.159     0.5929     1.9245 1.0790e-01     0.1153    97.1597     7.6732     8.1002    32.0667    32.0724    25.5858    25.5911    7.69311 0.0000e+00
      25037     33.066     2.4857     2.4763   2.884337   2.884101     2.7404     2.7086      8.159     0.6027     1.9245 1.0790e-01     0.1153    97.1597     7.6731     8.1010    32.0664    32.0729    25.5856    25.5915    7.69311 0.0000e+00
      25040     33.032     2.4857     2.4766   2.884380   2.884131     2.7400     2.7086      8.159     0.6125     1.9245 1.0790e-01     0.1153    97.1597     7.6719     8.1010    32.0669    32.0730    25.5860    25.5916    7.69309 0.0000e+00
      25043     32.996     2.4863     2.4777   2.884406   2.884118     2.7404     2.7086      8.159     0.6125     1.9245 1.0790e-01     0.1153    97.1597     7.6745     8.1032    32.0666    32.0718    25.5857    25.5905    7.69297 0.0000e+00
      25046     32.962     2.4864     2.4795   2.884404   2.884173     2.7400     2.7090      8.159     0.6076     1.9245 1.0790e-01     0.1146    97.1771     7.6734     8.1062    32.0665    32.0706    25.5856    25.5894    7.69296 0.0000e+00
      25049     32.926     2.4865     2.4815   2.884384   2.884316     2.7392     2.7095      8.159     0.6076     1.9245 1.0790e-01     0.1127    97.2205     7.6705     8.1090    32.0661    32.0704    25.5853    25.5891    7.69296 0.0000e+00
      25052     32.889     2.4866     2.4829   2.884385   2.884350     2.7400     2.7090      8.159     0.6027     1.9245 1.0790e-01     0.1120    97.2379     7.6740     8.1056    32.0661    32.0695    25.5853    25.5883    7.69295 0.0000e+00
      25055     32.853     2.4867     2.4827   2.884424   2.884355     2.7404     2.7099      8.159     0.6027     1.9245 1.0790e-01     0.1120    97.2379     7.6766     8.1054    32.0665    32.0697    25.5856    25.5884    7.69290 0.0000e+00
      25058     32.814     2.4878     2.4819   2.884440   2.884314     2.7388     2.7099      8.159     0.6076     1.9245 1.0790e-01     0.1120    97.2379     7.6717     8.1028    32.0657    32.0700    25.5848    25.5888    7.69274 0.0000e+00
      25061     32.776     2.4873     2.4817   2.884360   2.884345     2.7412     2.7103      8.159     0.6174     1.9245 1.0790e-01     0.1124    97.2292     7.6804     8.1049    32.0652    32.0706    25.5845    25.5893    7.69286 0.0000e+00
      25064     32.736     2.4866     2.4847   2.884360   2.884537     2.7408     2.7107      8.159     0.6222     1.9245 1.0790e-01     0.1124    97.2292     7.6795     8.1040    32.0659    32.0700    25.5851    25.5886    7.69296 0.0000e+00
      25067     32.696     2.4865     2.4902   2.884367   2.884829     2.7408     2.7111      8.159     0.6174     1.9245 1.0790e-01     0.1142    97.1858     7.6792     8.1038    32.0661    32.0681    25.5853    25.5866    7.69297 0.0000e+00
      25070     32.656     2.4870     2.4945   2.884495   2.884969     2.7400     2.7111      8.159     0.6174     1.9245 1.0790e-01     0.1163    97.1336     7.6766     8.1001    32.0672    32.0654    25.5861    25.5841    7.69281 0.0000e+00
      25073     32.613     2.4896     2.4970   2.884679   2.885005     2.7408     2.7115      8.159     0.6174     1.9245 1.0790e-01     0.1163    97.1336     7.6787     8.0971    32.0669    32.0634    25.5857    25.5823    7.69232 0.0000e+00
      25076     32.568     2.4925     2.4966   2.884782   2.884948     2.7404     2.7111      8.159     0.6222     1.9245 1.0790e-01     0.1160    97.1423     7.6756     8.0907    32.0652    32.0632    25.5841    25.5821    7.69183 0.0000e+00
      25079     32.523     2.4945     2.4939   2.884829   2.884783     2.7408     2.7111      8.159     0.6222     1.9245 1.0790e-01     0.1163    97.1336     7.6767     8.0875    32.0638    32.0638    25.5828    25.5829    7.69151 0.0000e+00
      25082     32.479     2.4959     2.4903   2.884857   2.884659     2.7404     2.7111      8.159     0.6174     1.9245 1.0790e-01     0.1163    97.1336     7.6742     8.0847    32.0628    32.0660    25.5819    25.5850    7.69130 0.0000e+00
      25085     32.433     2.4966     2.4883   2.884858   2.884578     2.7404     2.7119      8.159     0.6222     1.9245 1.0790e-01     0.1163    97.1336     7.6738     8.0856    32.0621    32.0670    25.5813    25.5859    7.69119 0.0000e+00
      25088     32.384     2.4972     2.4877   2.884865   2.884559     2.7404     2.7115      8.159     0.6174     1.9245 1.0790e-01     0.1170    97.1162     7.6753     8.0819    32.0617    32.0674    25.5809    25.5862    7.69110 0.0000e+00
      25091     32.337     2.4974     2.4874   2.884852   2.884551     2.7404     2.7123      8.159     0.6125     1.9245 1.0790e-01     0.1174    97.1075     7.6764     8.0825    32.0613    32.0677    25.5806    25.5865    7.69108 0.0000e+00
      25094     32.285     2.4975     2.4888   2.884844   2.884651     2.7404     2.7111      8.159     0.6222     1.9245 1.0790e-01     0.1174    97.1075     7.6759     8.0763    32.0611    32.0675    25.5804    25.5862    7.69107 0.0000e+00
      25097     32.234     2.4973     2.4907   2.884821   2.884714     2.7412     2.7111      8.159     0.6174     1.9245 1.0790e-01     0.1174    97.1075     7.6797     8.0772    32.0611    32.0664    25.5804    25.5852    7.69111 0.0000e+00
      25100     32.181     2.4971     2.4907   2.884831   2.884689     2.7404     2.7111      8.159     0.6174     1.9245 1.0790e-01     0.1174    97.1075     7.6767     8.0767    32.0614    32.0661    25.5807    25.5850    7.69113 0.0000e+00
      25103     32.127     2.4973     2.4915   2.884831   2.884747     2.7412     2.7115      8.159     0.6174     1.9245 1.0790e-01     0.1174    97.1075     7.6797     8.0778    32.0613    32.0661    25.5806    25.5849    7.69111 0.0000e+00
      25106     32.072     2.4971     2.4924   2.884800   2.884781     2.7408     2.7111      8.159     0.6174     1.9245 1.0790e-01     0.1174    97.1075     7.6790     8.0746    32.0611    32.0656    25.5805    25.5844    7.69115 0.0000e+00
      25109     32.020     2.4966     2.4932   2.884824   2.884805     2.7416     2.7119      8.159     0.6174     1.9245 1.0790e-01     0.1124    97.2292     7.6819     8.0766    32.0619    32.0651    25.5811    25.5840    7.69120 0.0000e+00
      25112     31.966     2.4968     2.4943   2.884815   2.884851     2.7412     2.7111      8.159     0.6125     1.9245 1.0790e-01     0.1120    97.2379     7.6798     8.0730    32.0617    32.0646    25.5809    25.5835    7.69119 0.0000e+00
      25115     31.911     2.4970     2.4939   2.884827   2.884851     2.7412     2.7111      8.159     0.5881     1.9640 1.0790e-01     0.1120    97.2379     7.6776     8.0727    32.0616    32.0650    25.5809    25.5838    7.69115 0.0000e+00
      25118     31.854     2.4972     2.4953   2.884821   2.884909     2.7408     2.7111      8.159     0.5881     2.0429 1.0790e-01     0.1120    97.2379     7.6744     8.0708    32.0613    32.0644    25.5806    25.5832    7.69111 0.0000e+00
      25121     31.797     2.4977     2.4955   2.884856   2.884886     2.7421     2.7119      8.159     0.5881     2.0429 1.0790e-01     0.1120    97.2379     7.6780     8.0724    32.0613    32.0639    25.5806    25.5828    7.69102 0.0000e+00
      25124     31.736     2.4979     2.4944   2.884858   2.884826     2.7408     2.7115      8.159     0.5881     2.0429 1.0790e-01     0.1120    97.2379     7.6727     8.0692    32.0612    32.0643    25.5805    25.5832    7.69099 0.0000e+00
      25127     31.678     2.4984     2.4941   2.884915   2.884824     2.7416     2.7115      8.159     0.5929     2.0429 1.0790e-01     0.1127    97.2205     7.6754     8.0679    32.0615    32.0646    25.5806    25.5835    7.69088 0.0000e+00
      25130     31.617     2.4993     2.4948   2.884934   2.884872     2.7416     2.7111      8.159     0.5881     2.0429 1.0790e-01     0.1131    97.2118     7.6746     8.0637    32.0608    32.0646    25.5800    25.5834    7.69074 0.0000e+00
      25133     31.557     2.5001     2.4966   2.884978   2.884950     2.7416     2.7111      8.159     0.5978     2.0429 1.0790e-01     0.1131    97.2118     7.6740     8.0609    32.0606    32.0638    25.5798    25.5827    7.69060 0.0000e+00
      25136     31.494     2.5006     2.4970   2.884984   2.884931     2.7412     2.7111      8.159     0.5881     2.0429 1.0790e-01     0.1131    97.2118     7.6728     8.0594    32.0601    32.0631    25.5794    25.5821    7.69052 0.0000e+00
      25139     31.432     2.5009     2.4960   2.884998   2.884886     2.7404     2.7103      8.159     0.5490     2.0429 1.0790e-01     0.1131    97.2118     7.6698     8.0528    32.0601    32.0636    25.5793    25.5825    7.69046 0.0000e+00
      25142     31.368     2.5012     2.4960   2.885009   2.884897     2.7412     2.7103      8.159     0.5246     1.9245 1.0790e-01     0.1131    97.2118     7.6721     8.0495    32.0600    32.0638    25.5792    25.5827    7.69041 0.0000e+00
      25145     31.305     2.5018     2.4970   2.885039   2.884948     2.7408     2.7107      8.159     0.5246     1.8060 1.0790e-01     0.1131    97.2118     7.6712     8.0483    32.0598    32.0634    25.5790    25.5823    7.69031 0.0000e+00
      25148     31.242     2.5022     2.4976   2.885063   2.884979     2.7416     2.7107      8.159     0.5197     1.8060 1.0790e-01     0.1135    97.2031     7.6741     8.0469    32.0596    32.0632    25.5789    25.5821    7.69022 0.0000e+00
      25151     31.176     2.5027     2.4975   2.885063   2.884959     2.7412     2.7103      8.159     0.5246     1.8060 1.0790e-01     0.1131    97.2118     7.6712     8.0456    32.0592    32.0631    25.5785    25.5821    7.69015 0.0000e+00
      25154     31.111     2.5030     2.4974   2.885084   2.884964     2.7416     2.7099      8.159     0.5099     1.8060 1.0790e-01     0.1131    97.2118     7.6713     8.0446    32.0592    32.0633    25.5785    25.5822    7.69010 0.0000e+00
      25157     31.044     2.5035     2.4987   2.885095   2.885030     2.7408     2.7099      8.159     0.5246     1.8060 1.0790e-01     0.1131    97.2118     7.6682     8.0450    32.0588    32.0629    25.5782    25.5818    7.69001 0.0000e+00
      25160     30.979     2.5041     2.4991   2.885122   2.885012     2.7416     2.7090      8.159     0.5295     1.8060 1.0790e-01     0.1131    97.2118     7.6704     8.0433    32.0586    32.0623    25.5779    25.5813    7.68991 0.0000e+00
      25163     30.916     2.5045     2.4985   2.885119   2.884964     2.7408     2.7095      8.159     0.5246     1.8060 1.0790e-01     0.1131    97.2118     7.6661     8.0470    32.0582    32.0623    25.5776    25.5814    7.68986 0.0000e+00
      25166     30.853     2.5046     2.4981   2.885083   2.884978     2.7416     2.7086      8.159     0.5783     1.8060 1.0790e-01     0.1135    97.2031     7.6671     8.0451    32.0577    32.0630    25.5772    25.5819    7.68986 0.0000e+00
      25169     30.790     2.5047     2.4972   2.885148   2.884896     2.7412     2.7086      8.159     0.5881     1.9245 1.0790e-01     0.1124    97.2292     7.6641     8.0501    32.0584    32.0629    25.5777    25.5819    7.68980 0.0000e+00
      25172     30.728     2.5053     2.4959   2.885151   2.884871     2.7412     2.7086      8.159     0.5929     1.9245 1.0790e-01     0.1120    97.2379     7.6623     8.0527    32.0579    32.0639    25.5773    25.5828    7.68971 0.0000e+00
      25175     30.667     2.5056     2.4954   2.885158   2.884822     2.7404     2.7086      8.159     0.5881     1.9245 1.0790e-01     0.1120    97.2379     7.6594     8.0573    32.0577    32.0639    25.5771    25.5828    7.68966 0.0000e+00
      25178     30.608     2.5058     2.4950   2.885155   2.884817     2.7400     2.7086      8.159     0.5881     1.9245 1.0790e-01     0.1120    97.2379     7.6591     8.0598    32.0575    32.0642    25.5769    25.5831    7.68963 0.0000e+00
      25181     30.552     2.5057     2.4953   2.885143   2.884815     2.7404     2.7086      8.159     0.5881     1.9245 1.0790e-01     0.1120    97.2379     7.6614     8.0645    32.0575    32.0639    25.5769    25.5828    7.68965 0.0000e+00
      25184     30.498     2.5054     2.4954   2.885109   2.884841     2.7400     2.7086      8.159     0.5978     1.9245 1.0790e-01     0.1120    97.2379     7.6592     8.0696    32.0574    32.0642    25.5769    25.5831    7.68972 0.0000e+00
      25187     30.445     2.5054     2.4957   2.885128   2.884859     2.7404     2.7086      8.159     0.5881     1.9245 1.0790e-01     0.1124    97.2292     7.6602     8.0707    32.0576    32.0641    25.5770    25.5830    7.68970 0.0000e+00
      25190     30.396     2.5053     2.4963   2.885122   2.884867     2.7400     2.7095      8.159     0.5929     1.9245 1.0790e-01     0.1138    97.1945     7.6600     8.0773    32.0577    32.0636    25.5771    25.5825    7.68971 0.0000e+00
      25193     30.348     2.5057     2.4973   2.885144   2.884876     2.7396     2.7090      8.159     0.5929     1.9245 1.0790e-01     0.1142    97.1858     7.6599     8.0763    32.0576    32.0628    25.5770    25.5818    7.68964 0.0000e+00
      25196     30.305     2.5059     2.4979   2.885124   2.884914     2.7396     2.7086      8.159     0.5881     1.9245 1.0790e-01     0.1142    97.1858     7.6613     8.0754    32.0572    32.0626    25.5766    25.5816    7.68963 0.0000e+00
      25199     30.266     2.5056     2.4983   2.885095   2.884937     2.7396     2.7090      8.159     0.5929     1.9245 1.0790e-01     0.1142    97.1858     7.6623     8.0751    32.0572    32.0626    25.5766    25.5815    7.68969 0.0000e+00
      25202     30.229     2.5048     2.4981   2.885089   2.884911     2.7408     2.7086      8.159     0.5881     1.9245 1.0790e-01     0.1142    97.1858     7.6671     8.0730    32.0579    32.0625    25.5773    25.5815    7.68980 0.0000e+00
      25205     30.199     2.5042     2.4975   2.885053   2.884888     2.7404     2.7099      8.159     0.5929     1.9245 1.0790e-01     0.1135    97.2031     7.6654     8.0761    32.0581    32.0628    25.5775    25.5818    7.68992 0.0000e+00
      25208     30.173     2.5040     2.4969   2.885056   2.884876     2.7384     2.7095      8.159     0.5881     1.9245 1.0790e-01     0.1142    97.1858     7.6587     8.0743    32.0583    32.0633    25.5777    25.5822    7.68994 0.0000e+00
      25264     30.151     2.5057     2.4961   2.885151   2.884833     2.7400     2.7103      8.159     0.5734     1.9245 1.0790e-01     0.1149    97.1684     7.6639     8.0718    32.0578    32.0635    25.5772    25.5825    7.68964 0.0000e+00
