Datasets/AZMP/COO001/79001028.cnv
* Sea-Bird SBE 9 Data File:
* FileName = C:\CTDDATA\79001028.hex
* Software Version Seasave V 7.26.7.110
* Temperature SN = 5660
* Conductivity SN = 3698
* Number of Bytes Per Scan = 30
* Number of Voltage Words = 4
* Number of Scans Averaged by the Deck Unit = 1
* NMEA baud rate = 9600
** VESSEL/TRIP/SEQ STN:  79001028
** LATITUDE XX XX.XX N:  44 21.80 N
** LONGITUDE XX XX.XX W:  51 06.20 W
** SOUNDING DEPTH (M):  0075
** PROBE TYPE: S1257
** CTD NUMBER: 015
** COMMENTS (14 CHAR): SEGB-10
** BOTTLES:  9
** LEVELS: 5,5,10,20,20,30,40,50,BTM
** STICKERS: 434784 - 434792
** VNET: Y
** DO2: N
# nquan = 22
# nvalues = 1946                        
# units = specified
# name 0 = scan: Scan Count
# name 1 = prDM: Pressure, Digiquartz [db]
# name 2 = t090C: Temperature [ITS-90, deg C]
# name 3 = t190C: Temperature, 2 [ITS-90, deg C]
# name 4 = c0S/m: Conductivity [S/m]
# name 5 = c1S/m: Conductivity, 2 [S/m]
# name 6 = sbeox0V: Oxygen raw, SBE 43 [V]
# name 7 = sbeox1V: Oxygen raw, SBE 43, 2 [V]
# name 8 = ph: pH
# name 9 = flECO-AFL: Fluorescence, WET Labs ECO-AFL/FL [mg/m^3]
# name 10 = wetCDOM: Fluorescence, WET Labs CDOM [mg/m^3]
# name 11 = par/sat/log: PAR/Logarithmic, Satlantic [umol photons/m^2/sec]
# name 12 = CStarAt0: Beam Attenuation, WET Labs C-Star [1/m]
# name 13 = CStarTr0: Beam Transmission, WET Labs C-Star [%]
# name 14 = sbeox0ML/L: Oxygen, SBE 43 [ml/l], WS = 2
# name 15 = sbeox1ML/L: Oxygen, SBE 43, 2 [ml/l], WS = 2
# name 16 = sal00: Salinity, Practical [PSU]
# name 17 = sal11: Salinity, Practical, 2 [PSU]
# name 18 = sigma-t00: Density [sigma-t, kg/m^3 ]
# name 19 = sigma-t11: Density, 2 [sigma-t, kg/m^3 ]
# name 20 = oxsatML/L: Oxygen Saturation, Weiss [ml/l]
# name 21 = flag: flag
# span 0 =         55,      32927       
# span 1 =      0.564,     68.126       
# span 2 =     3.0553,     8.0318       
# span 3 =     3.0530,     8.0311       
# span 4 =   2.979471,   3.356498       
# span 5 =   2.979660,   3.356591       
# span 6 =     2.3419,     2.9519       
# span 7 =     2.1587,     2.7316       
# span 8 =      7.940,      8.186       
# span 9 =     0.1436,     0.8957       
# span 10 =    -1.6286,     2.3982      
# span 11 = 1.0777e-01, 2.5321e+01      
# span 12 =     0.1357,     0.2068      
# span 13 =    94.9612,    96.6644      
# span 14 =     5.9104,     7.7206      
# span 15 =     4.7589,     5.9815      
# span 16 =    31.6760,    32.9576      
# span 17 =    31.9727,    32.9231      
# span 18 =    24.9555,    26.2008      
# span 19 =    25.0009,    26.0853      
# span 20 =    6.72633,    7.55414      
# span 21 = 0.0000e+00, 0.0000e+00      
# interval = scans: 3                   
# start_time = Nov 24 2019 10:32:59 [System UTC, header]
# bad_flag = -9.990e-29
*END*
[from data line 198]
       1401     18.181     8.0233     8.0221   3.355014   3.355156     2.8950     2.7228      8.183     0.7004     1.6876 4.7891e-01     0.1476    96.3776     7.0868     5.9538    32.1242    32.1268    25.0126    25.0148    6.72747 0.0000e+00
       1404     18.233     8.0233     8.0223   3.355012   3.355166     2.8950     2.7232      8.183     0.7150     1.6876 4.6903e-01     0.1476    96.3776     7.0886     5.9559    32.1241    32.1267    25.0126    25.0147    6.72748 0.0000e+00
       1407     18.291     8.0233     8.0222   3.354996   3.355160     2.8950     2.7237      8.183     0.6955     1.6876 4.5569e-01     0.1476    96.3776     7.0900     5.9569    32.1240    32.1267    25.0125    25.0147    6.72749 0.0000e+00
       1410     18.351     8.0234     8.0223   3.355020   3.355144     2.8950     2.7237      8.183     0.6369     1.6876 4.5409e-01     0.1490    96.3428     7.0909     5.9580    32.1241    32.1264    25.0126    25.0146    6.72747 0.0000e+00
       1413     18.413     8.0233     8.0222   3.355020   3.355160     2.8950     2.7237      8.183     0.6320     1.6876 4.4731e-01     0.1512    96.2907     7.0914     5.9585    32.1241    32.1266    25.0126    25.0147    6.72748 0.0000e+00
       1416     18.472     8.0234     8.0222   3.355023   3.355166     2.8950     2.7241      8.181     0.6369     1.6876 4.4679e-01     0.1508    96.2994     7.0918     5.9596    32.1240    32.1267    25.0125    25.0148    6.72746 0.0000e+00
       1419     18.535     8.0234     8.0223   3.355021   3.355168     2.8950     2.7241      8.181     0.6320     1.6876 4.3810e-01     0.1508    96.2994     7.0918     5.9600    32.1240    32.1266    25.0125    25.0147    6.72747 0.0000e+00
       1422     18.602     8.0231     8.0222   3.354991   3.355168     2.8950     2.7232      8.181     0.6369     1.6876 4.3659e-01     0.1508    96.2994     7.0912     5.9579    32.1239    32.1266    25.0124    25.0147    6.72751 0.0000e+00
       1425     18.674     8.0231     8.0222   3.354989   3.355189     2.8950     2.7237      8.183     0.6418     1.6876 4.3508e-01     0.1512    96.2907     7.0906     5.9592    32.1239    32.1268    25.0124    25.0149    6.72753 0.0000e+00
       1428     18.744     8.0229     8.0225   3.354995   3.355208     2.8950     2.7237      8.183     0.6369     1.6876 4.2219e-01     0.1508    96.2994     7.0899     5.9586    32.1241    32.1267    25.0126    25.0148    6.72754 0.0000e+00
       1431     18.819     8.0230     8.0225   3.354987   3.355226     2.8946     2.7232      8.183     0.6320     1.6876 4.1878e-01     0.1501    96.3168     7.0895     5.9575    32.1239    32.1269    25.0124    25.0149    6.72754 0.0000e+00
       1434     18.901     8.0230     8.0225   3.355013   3.355238     2.8950     2.7241      8.183     0.6467     1.6876 4.1445e-01     0.1497    96.3255     7.0918     5.9608    32.1242    32.1269    25.0127    25.0149    6.72753 0.0000e+00
       1437     18.978     8.0230     8.0224   3.355020   3.355206     2.8946     2.7237      8.183     0.6662     1.6876 4.2317e-01     0.1497    96.3255     7.0902     5.9597    32.1242    32.1266    25.0127    25.0147    6.72753 0.0000e+00
       1440     19.058     8.0230     8.0222   3.355026   3.355177     2.8946     2.7241      8.183     0.6711     1.6876 4.2219e-01     0.1497    96.3255     7.0897     5.9614    32.1242    32.1266    25.0127    25.0147    6.72753 0.0000e+00
       1443     19.141     8.0230     8.0219   3.355022   3.355172     2.8938     2.7232      8.183     0.6613     1.6876 4.1208e-01     0.1497    96.3255     7.0869     5.9598    32.1241    32.1267    25.0126    25.0148    6.72752 0.0000e+00
       1446     19.226     8.0231     8.0219   3.355053   3.355172     2.8942     2.7237      8.181     0.6662     1.6876 4.0451e-01     0.1497    96.3255     7.0879     5.9620    32.1243    32.1266    25.0128    25.0148    6.72750 0.0000e+00
       1449     19.312     8.0231     8.0218   3.355022   3.355184     2.8938     2.7241      8.183     0.6613     1.6876 4.0317e-01     0.1497    96.3255     7.0863     5.9637    32.1239    32.1268    25.0124    25.0150    6.72751 0.0000e+00
       1452     19.401     8.0231     8.0218   3.355028   3.355200     2.8938     2.7241      8.183     0.6662     1.6876 3.9993e-01     0.1508    96.2994     7.0866     5.9647    32.1240    32.1270    25.0125    25.0150    6.72752 0.0000e+00
       1455     19.491     8.0231     8.0219   3.355066   3.355210     2.8958     2.7241      8.183     0.6662     1.6876 3.9804e-01     0.1512    96.2907     7.0920     5.9648    32.1243    32.1269    25.0127    25.0150    6.72750 0.0000e+00
       1458     19.578     8.0232     8.0216   3.355068   3.355168     2.8946     2.7245      8.183     0.6662     1.6481 3.9572e-01     0.1512    96.2907     7.0881     5.9666    32.1242    32.1267    25.0127    25.0149    6.72749 0.0000e+00
       1461     19.671     8.0232     8.0216   3.355066   3.355179     2.8938     2.7241      8.181     0.6955     1.5692 3.8181e-01     0.1512    96.2907     7.0858     5.9666    32.1241    32.1268    25.0126    25.0150    6.72749 0.0000e+00
       1464     19.765     8.0232     8.0216   3.355058   3.355168     2.8934     2.7241      8.181     0.7053     1.5692 3.7964e-01     0.1508    96.2994     7.0849     5.9668    32.1240    32.1266    25.0125    25.0148    6.72750 0.0000e+00
       1467     19.858     8.0231     8.0216   3.355041   3.355193     2.8938     2.7241      8.183     0.7053     1.5692 3.8049e-01     0.1508    96.2994     7.0858     5.9672    32.1239    32.1269    25.0124    25.0150    6.72752 0.0000e+00
       1470     19.948     8.0231     8.0218   3.355070   3.355212     2.8934     2.7249      8.183     0.7053     1.5692 3.6340e-01     0.1515    96.2820     7.0846     5.9684    32.1241    32.1269    25.0126    25.0150    6.72750 0.0000e+00
       1473     20.038     8.0233     8.0219   3.355126   3.355228     2.8934     2.7249      8.183     0.7101     1.5692 3.7181e-01     0.1519    96.2733     7.0848     5.9685    32.1246    32.1269    25.0129    25.0150    6.72746 0.0000e+00
       1476     20.127     8.0236     8.0219   3.355143   3.355228     2.8934     2.7249      8.183     0.7053     1.5692 3.4646e-01     0.1519    96.2733     7.0854     5.9686    32.1244    32.1269    25.0128    25.0149    6.72742 0.0000e+00
       1479     20.214     8.0237     8.0216   3.355131   3.355199     2.8930     2.7253      8.181     0.7101     1.5692 3.5378e-01     0.1519    96.2733     7.0851     5.9696    32.1241    32.1268    25.0125    25.0149    6.72742 0.0000e+00
       1482     20.300     8.0238     8.0216   3.355100   3.355193     2.8926     2.7253      8.183     0.7101     1.5692 3.2930e-01     0.1519    96.2733     7.0869     5.9696    32.1237    32.1267    25.0122    25.0148    6.72743 0.0000e+00
       1485     20.382     8.0236     8.0219   3.355101   3.355218     2.8930     2.7253      8.183     0.7004     1.6876 3.2069e-01     0.1519    96.2733     7.0896     5.9696    32.1238    32.1266    25.0123    25.0147    6.72744 0.0000e+00
       1488     20.461     8.0235     8.0220   3.355110   3.355237     2.8930     2.7253      8.183     0.6808     1.8060 3.2512e-01     0.1519    96.2733     7.0907     5.9692    32.1240    32.1266    25.0125    25.0148    6.72746 0.0000e+00
       1491     20.540     8.0235     8.0221   3.355112   3.355249     2.8926     2.7253      8.183     0.6808     1.8060 3.0518e-01     0.1512    96.2907     7.0902     5.9692    32.1240    32.1267    25.0125    25.0148    6.72746 0.0000e+00
       1494     20.617     8.0233     8.0222   3.355108   3.355267     2.8934     2.7253      8.183     0.6808     1.8060 3.0836e-01     0.1494    96.3342     7.0939     5.9683    32.1240    32.1268    25.0125    25.0148    6.72748 0.0000e+00
       1497     20.689     8.0234     8.0219   3.355133   3.355242     2.8934     2.7257      8.183     0.6760     1.8060 3.0265e-01     0.1494    96.3342     7.0943     5.9697    32.1242    32.1267    25.0126    25.0148    6.72746 0.0000e+00
       1500     20.758     8.0235     8.0221   3.355123   3.355255     2.8938     2.7257      8.183     0.6808     1.8060 2.9304e-01     0.1497    96.3255     7.0961     5.9694    32.1240    32.1266    25.0124    25.0147    6.72745 0.0000e+00
       1503     20.823     8.0234     8.0222   3.355113   3.355267     2.8934     2.7253      8.183     0.6711     1.8060 2.8529e-01     0.1497    96.3255     7.0949     5.9683    32.1239    32.1267    25.0124    25.0148    6.72747 0.0000e+00
       1506     20.888     8.0236     8.0220   3.355119   3.355259     2.8938     2.7257      8.183     0.6760     1.8060 2.8335e-01     0.1497    96.3255     7.0966     5.9696    32.1238    32.1268    25.0123    25.0148    6.72745 0.0000e+00
       1509     20.949     8.0234     8.0220   3.355160   3.355265     2.8938     2.7261      8.181     0.6857     1.8060 2.6342e-01     0.1497    96.3255     7.0959     5.9695    32.1243    32.1267    25.0127    25.0148    6.72745 0.0000e+00
       1512     21.007     8.0237     8.0219   3.355165   3.355261     2.8938     2.7261      8.183     0.6808     1.7271 2.7276e-01     0.1504    96.3081     7.0954     5.9672    32.1241    32.1268    25.0125    25.0149    6.72742 0.0000e+00
       1515     21.062     8.0237     8.0221   3.355163   3.355271     2.8938     2.7265      8.183     0.6857     1.6876 2.7657e-01     0.1508    96.2994     7.0946     5.9660    32.1241    32.1267    25.0125    25.0148    6.72742 0.0000e+00
       1518     21.116     8.0237     8.0223   3.355181   3.355318     2.8942     2.7257      8.183     0.6906     1.6876 2.7083e-01     0.1508    96.2994     7.0950     5.9604    32.1242    32.1270    25.0126    25.0150    6.72741 0.0000e+00
       1521     21.167     8.0238     8.0227   3.355186   3.355351     2.8938     2.7261      8.183     0.6955     1.6876 2.6465e-01     0.1508    96.2994     7.0933     5.9580    32.1241    32.1270    25.0125    25.0149    6.72739 0.0000e+00
       1524     21.215     8.0239     8.0229   3.355171   3.355366     2.8938     2.7261      8.183     0.6955     1.6876 2.5979e-01     0.1508    96.2994     7.0933     5.9548    32.1239    32.1269    25.0123    25.0148    6.72740 0.0000e+00
       1527     21.261     8.0240     8.0230   3.355194   3.355372     2.8938     2.7265      8.183     0.6906     1.6876 2.5919e-01     0.1508    96.2994     7.0928     5.9525    32.1241    32.1269    25.0125    25.0148    6.72738 0.0000e+00
       1530     21.307     8.0240     8.0230   3.355200   3.355358     2.8946     2.7261      8.183     0.6906     1.6876 2.6311e-01     0.1508    96.2994     7.0947     5.9480    32.1241    32.1267    25.0125    25.0146    6.72737 0.0000e+00
       1533     21.352     8.0239     8.0229   3.355200   3.355372     2.8938     2.7249      8.183     0.7004     1.6876 2.5771e-01     0.1508    96.2994     7.0915     5.9411    32.1241    32.1269    25.0125    25.0149    6.72738 0.0000e+00
       1536     21.392     8.0240     8.0226   3.355234   3.355347     2.8938     2.7245      8.181     0.7004     1.6876 2.6131e-01     0.1508    96.2994     7.0913     5.9374    32.1244    32.1268    25.0127    25.0148    6.72736 0.0000e+00
       1539     21.432     8.0242     8.0226   3.355213   3.355339     2.8938     2.7241      8.183     0.6955     1.6876 2.5562e-01     0.1508    96.2994     7.0904     5.9348    32.1240    32.1268    25.0123    25.0148    6.72734 0.0000e+00
       1542     21.473     8.0242     8.0226   3.355236   3.355341     2.8938     2.7228      8.183     0.7053     1.6876 2.5652e-01     0.1508    96.2994     7.0902     5.9305    32.1243    32.1267    25.0126    25.0148    6.72734 0.0000e+00
       1545     21.513     8.0244     8.0226   3.355237   3.355340     2.8942     2.7228      8.183     0.7053     1.6876 2.4955e-01     0.1508    96.2994     7.0911     5.9294    32.1240    32.1268    25.0123    25.0148    6.72731 0.0000e+00
       1548     21.553     8.0248     8.0227   3.355291   3.355337     2.8938     2.7224      8.183     0.7101     1.6876 2.5327e-01     0.1508    96.2994     7.0899     5.9290    32.1242    32.1266    25.0125    25.0147    6.72724 0.0000e+00
       1551     21.590     8.0251     8.0226   3.355280   3.355337     2.8938     2.7216      8.183     0.7053     1.6876 2.5210e-01     0.1501    96.3168     7.0895     5.9289    32.1238    32.1267    25.0120    25.0147    6.72722 0.0000e+00
       1554     21.629     8.0248     8.0226   3.355312   3.355345     2.8934     2.7212      8.183     0.7053     1.6876 2.5125e-01     0.1476    96.3776     7.0890     5.9313    32.1244    32.1267    25.0126    25.0147    6.72723 0.0000e+00
       1557     21.667     8.0250     8.0226   3.355318   3.355339     2.8934     2.7204      8.183     0.7101     1.6876 2.5240e-01     0.1476    96.3776     7.0892     5.9314    32.1242    32.1267    25.0124    25.0147    6.72720 0.0000e+00
       1560     21.709     8.0251     8.0225   3.355333   3.355326     2.8934     2.7204      8.183     0.7053     1.6876 2.5357e-01     0.1476    96.3776     7.0896     5.9337    32.1244    32.1266    25.0125    25.0147    6.72720 0.0000e+00
       1563     21.746     8.0252     8.0226   3.355343   3.355357     2.8930     2.7200      8.181     0.7101     1.6876 2.5355e-01     0.1476    96.3776     7.0883     5.9351    32.1243    32.1268    25.0125    25.0148    6.72718 0.0000e+00
       1566     21.785     8.0252     8.0225   3.355331   3.355332     2.8934     2.7200      8.183     0.7101     1.6876 2.4863e-01     0.1476    96.3776     7.0899     5.9369    32.1241    32.1267    25.0123    25.0147    6.72718 0.0000e+00
       1569     21.822     8.0251     8.0225   3.355306   3.355356     2.8934     2.7192      8.183     0.7053     1.6876 2.4719e-01     0.1476    96.3776     7.0905     5.9350    32.1240    32.1269    25.0122    25.0149    6.72721 0.0000e+00
       1572     21.858     8.0248     8.0226   3.355291   3.355359     2.8934     2.7204      8.183     0.7004     1.6876 2.5532e-01     0.1494    96.3342     7.0915     5.9392    32.1240    32.1268    25.0123    25.0147    6.72725 0.0000e+00
       1575     21.895     8.0244     8.0230   3.355234   3.355382     2.8934     2.7200      8.183     0.7004     1.6876 2.5450e-01     0.1497    96.3255     7.0923     5.9385    32.1238    32.1267    25.0122    25.0147    6.72732 0.0000e+00
       1578     21.933     8.0244     8.0232   3.355244   3.355392     2.8934     2.7196      8.183     0.7004     1.6876 2.5417e-01     0.1497    96.3255     7.0928     5.9367    32.1239    32.1265    25.0123    25.0145    6.72732 0.0000e+00
       1581     21.971     8.0244     8.0231   3.355271   3.355385     2.8934     2.7192      8.180     0.7053     1.6876 2.6069e-01     0.1501    96.3168     7.0928     5.9344    32.1242    32.1266    25.0125    25.0146    6.72730 0.0000e+00
       1584     22.010     8.0245     8.0228   3.355284   3.355359     2.8934     2.7196      8.183     0.7101     1.6876 2.6373e-01     0.1497    96.3255     7.0931     5.9335    32.1242    32.1265    25.0125    25.0146    6.72729 0.0000e+00
       1587     22.050     8.0245     8.0229   3.355286   3.355395     2.8934     2.7192      8.183     0.7101     1.6876 2.6313e-01     0.1497    96.3255     7.0931     5.9306    32.1242    32.1269    25.0125    25.0148    6.72729 0.0000e+00
       1590     22.091     8.0246     8.0233   3.355203   3.355431     2.8934     2.7184      8.183     0.7004     1.6876 2.6100e-01     0.1501    96.3168     7.0929     5.9272    32.1232    32.1269    25.0117    25.0147    6.72732 0.0000e+00
       1593     22.134     8.0245     8.0233   3.355304   3.355427     2.8938     2.7180      8.183     0.7101     1.6876 2.6191e-01     0.1490    96.3428     7.0935     5.9250    32.1243    32.1268    25.0126    25.0147    6.72728 0.0000e+00
