Datasets/AZMP/COO001/79001096.cnv
* Sea-Bird SBE 9 Data File:
* FileName = C:\CTDDATA\79001096.hex
* Software Version Seasave V 7.26.7.110
* Temperature SN = 5660
* Conductivity SN = 3698
* Number of Bytes Per Scan = 30
* Number of Voltage Words = 4
* Number of Scans Averaged by the Deck Unit = 1
* NMEA baud rate = 9600
** VESSEL/TRIP/SEQ STN:  79001096
** LATITUDE XX XX.XX N:  49 11.40 N
** LONGITUDE XX XX.XX W:  51 32.50 W
** SOUNDING DEPTH (M):  0321
** PROBE TYPE: S1257
** CTD NUMBER: 062
** COMMENTS (14 CHAR): BB-07
** BOTTLES:  13
** LEVELS: 5,5,10,20,20,30,40,50,75,100,150,250,BTM
** STICKERS: 435338 - 435350
** VNET: Y
** DO2: N
# nquan = 22
# nvalues = 8975                        
# units = specified
# name 0 = scan: Scan Count
# name 1 = prDM: Pressure, Digiquartz [db]
# name 2 = t090C: Temperature [ITS-90, deg C]
# name 3 = t190C: Temperature, 2 [ITS-90, deg C]
# name 4 = c0S/m: Conductivity [S/m]
# name 5 = c1S/m: Conductivity, 2 [S/m]
# name 6 = sbeox0V: Oxygen raw, SBE 43 [V]
# name 7 = sbeox1V: Oxygen raw, SBE 43, 2 [V]
# name 8 = ph: pH
# name 9 = flECO-AFL: Fluorescence, WET Labs ECO-AFL/FL [mg/m^3]
# name 10 = wetCDOM: Fluorescence, WET Labs CDOM [mg/m^3]
# name 11 = par/sat/log: PAR/Logarithmic, Satlantic [umol photons/m^2/sec]
# name 12 = CStarAt0: Beam Attenuation, WET Labs C-Star [1/m]
# name 13 = CStarTr0: Beam Transmission, WET Labs C-Star [%]
# name 14 = sbeox0ML/L: Oxygen, SBE 43 [ml/l], WS = 2
# name 15 = sbeox1ML/L: Oxygen, SBE 43, 2 [ml/l], WS = 2
# name 16 = sal00: Salinity, Practical [PSU]
# name 17 = sal11: Salinity, Practical, 2 [PSU]
# name 18 = sigma-t00: Density [sigma-t, kg/m^3 ]
# name 19 = sigma-t11: Density, 2 [sigma-t, kg/m^3 ]
# name 20 = oxsatML/L: Oxygen Saturation, Weiss [ml/l]
# name 21 = flag: flag
# span 0 =         17,      73976       
# span 1 =      2.416,    311.358       
# span 2 =     0.6993,     2.6742       
# span 3 =     0.7008,     2.6742       
# span 4 =   2.861424,   3.105718       
# span 5 =   2.860368,   3.105949       
# span 6 =     2.2777,     2.7542       
# span 7 =     2.2475,     2.7166       
# span 8 =      8.076,      8.207       
# span 9 =    -0.0127,     1.3207       
# span 10 =    -2.0629,   480.5289      
# span 11 = 1.0715e-01, 1.5659e+00      
# span 12 =     0.0598,     0.4889      
# span 13 =    88.4960,    98.5153      
# span 14 =     6.1865,     7.6949      
# span 15 =     6.4760,     8.0677      
# span 16 =    32.8890,    34.4478      
# span 17 =    32.8905,    34.4425      
# span 18 =    26.2541,    27.4850      
# span 19 =    26.2553,    27.4772      
# span 20 =    7.53573,    7.97156      
# span 21 = 0.0000e+00, 0.0000e+00      
# interval = scans: 3                   
# start_time = Dec 03 2019 01:45:04 [System UTC, header]
# bad_flag = -9.990e-29
*END*
[from data line 659]
       3895     42.143     2.3645     2.3600   2.942246   2.942761     2.7367     2.7001      8.201     0.9885     1.8060 1.0790e-01     0.1570    96.1517     7.6364     8.0275    32.8978    32.9088    26.2597    26.2689    7.67393 0.0000e+00
       3898     42.196     2.3633     2.3598   2.942488   2.942811     2.7359     2.6997      8.203     0.9837     1.8060 1.0790e-01     0.1570    96.1517     7.6348     8.0250    32.9020    32.9095    26.2632    26.2696    7.67395 0.0000e+00
       3901     42.249     2.3626     2.3599   2.942513   2.942815     2.7351     2.7005      8.201     0.9837     1.7665 1.0790e-01     0.1570    96.1517     7.6329     8.0247    32.9030    32.9095    26.2641    26.2695    7.67403 0.0000e+00
       3904     42.309     2.3619     2.3598   2.942533   2.942847     2.7359     2.7001      8.203     0.9837     1.8060 1.0790e-01     0.1570    96.1517     7.6357     8.0192    32.9039    32.9100    26.2648    26.2699    7.67412 0.0000e+00
       3907     42.366     2.3616     2.3591   2.942580   2.942931     2.7351     2.6997      8.201     0.9934     1.8060 1.0790e-01     0.1591    96.0995     7.6333     8.0147    32.9048    32.9117    26.2656    26.2713    7.67413 0.0000e+00
       3910     42.429     2.3613     2.3580   2.942634   2.942971     2.7363     2.6997      8.201     0.9788     1.8060 1.0790e-01     0.1591    96.0995     7.6384     8.0127    32.9058    32.9133    26.2664    26.2727    7.67415 0.0000e+00
       3913     42.492     2.3608     2.3574   2.942679   2.942987     2.7359     2.6997      8.201     0.9885     1.8060 1.0790e-01     0.1595    96.0908     7.6368     8.0103    32.9068    32.9141    26.2673    26.2733    7.67420 0.0000e+00
       3916     42.559     2.3603     2.3568   2.942718   2.943000     2.7355     2.6997      8.203     0.9837     1.8060 1.0790e-01     0.1591    96.0995     7.6346     8.0098    32.9077    32.9149    26.2680    26.2740    7.67424 0.0000e+00
       3919     42.632     2.3596     2.3567   2.942768   2.942995     2.7339     2.6988      8.203     0.9739     1.7271 1.0790e-01     0.1591    96.0995     7.6309     8.0052    32.9090    32.9148    26.2692    26.2740    7.67431 0.0000e+00
       3922     42.704     2.3585     2.3565   2.942792   2.943016     2.7351     2.6997      8.203     0.8665     1.6876 1.0790e-01     0.1595    96.0908     7.6352     8.0062    32.9104    32.9152    26.2704    26.2744    7.67445 0.0000e+00
       3925     42.777     2.3575     2.3560   2.942839   2.942987     2.7351     2.6984      8.200     0.8762     1.6481 1.0790e-01     0.1584    96.1169     7.6332     7.9992    32.9120    32.9153    26.2717    26.2745    7.67456 0.0000e+00
       3928     42.852     2.3569     2.3559   2.942843   2.943013     2.7339     2.6984      8.201     0.8713     1.6876 1.0790e-01     0.1501    96.3168     7.6260     7.9965    32.9126    32.9158    26.2722    26.2748    7.67465 0.0000e+00
       3931     42.926     2.3564     2.3553   2.942837   2.943013     2.7343     2.6984      8.201     0.8665     1.6876 1.0790e-01     0.1497    96.3255     7.6256     7.9938    32.9130    32.9163    26.2726    26.2753    7.67472 0.0000e+00
       3934     43.003     2.3558     2.3523   2.942866   2.942931     2.7347     2.6984      8.200     0.8665     1.6876 1.0790e-01     0.1497    96.3255     7.6258     7.9918    32.9140    32.9184    26.2734    26.2772    7.67479 0.0000e+00
       3937     43.078     2.3546     2.3459   2.942793   2.942772     2.7330     2.6984      8.201     0.8616     1.6876 1.0790e-01     0.1497    96.3255     7.6208     7.9892    32.9143    32.9230    26.2738    26.2814    7.67502 0.0000e+00
       3940     43.155     2.3505     2.3347   2.942638   2.942628     2.7322     2.6984      8.201     0.8616     1.6876 1.0790e-01     0.1497    96.3255     7.6184     7.9887    32.9166    32.9328    26.2759    26.2901    7.67570 0.0000e+00
       3943     43.229     2.3430     2.3280   2.942535   2.942574     2.7339     2.6972      8.198     0.8616     1.6876 1.0790e-01     0.1497    96.3255     7.6238     7.9823    32.9229    32.9390    26.2816    26.2956    7.67683 0.0000e+00
       3946     43.301     2.3357     2.3236   2.942482   2.942562     2.7326     2.6976      8.198     0.8078     1.7271 1.0802e-01     0.1440    96.4645     7.6191     7.9820    32.9299    32.9433    26.2877    26.2994    7.67791 0.0000e+00
       3949     43.374     2.3302     2.3205   2.942464   2.942561     2.7318     2.6968      8.198     0.6320     1.8060 1.0790e-01     0.1332    96.7252     7.6175     7.9780    32.9352    32.9465    26.2924    26.3021    7.67870 0.0000e+00
       3952     43.447     2.3262     2.3184   2.942450   2.942551     2.7314     2.6960      8.198     0.6369     1.8060 1.0790e-01     0.1335    96.7165     7.6167     7.9719    32.9392    32.9485    26.2959    26.3040    7.67928 0.0000e+00
       3955     43.519     2.3228     2.3169   2.942490   2.942561     2.7310     2.6960      8.200     0.6320     1.8060 1.0802e-01     0.1335    96.7165     7.6161     7.9681    32.9431    32.9501    26.2993    26.3054    7.67974 0.0000e+00
       3958     43.589     2.3194     2.3161   2.942550   2.942576     2.7314     2.6956      8.198     0.6418     1.8060 1.0790e-01     0.1335    96.7165     7.6200     7.9649    32.9474    32.9511    26.3030    26.3062    7.68019 0.0000e+00
       3961     43.660     2.3170     2.3149   2.942528   2.942653     2.7306     2.6948      8.198     0.6271     1.8060 1.0790e-01     0.1335    96.7165     7.6184     7.9627    32.9496    32.9533    26.3049    26.3081    7.68055 0.0000e+00
       3964     43.729     2.3153     2.3131   2.942584   2.942731     2.7302     2.6948      8.198     0.6369     1.8060 1.0790e-01     0.1335    96.7165     7.6162     7.9649    32.9520    32.9561    26.3070    26.3105    7.68075 0.0000e+00
       3967     43.795     2.3142     2.3120   2.942555   2.942761     2.7294     2.6940      8.198     0.6369     1.8060 1.0802e-01     0.1217    97.0033     7.6142     7.9644    32.9528    32.9576    26.3077    26.3117    7.68094 0.0000e+00
       3970     43.854     2.3137     2.3114   2.942559   2.942769     2.7302     2.6940      8.198     0.6320     1.8060 1.0790e-01     0.1138    97.1945     7.6184     7.9655    32.9533    32.9583    26.3081    26.3123    7.68101 0.0000e+00
       3973     43.909     2.3130     2.3110   2.942600   2.942787     2.7290     2.6936      8.198     0.5588     1.8850 1.0802e-01     0.1142    97.1858     7.6140     7.9670    32.9544    32.9588    26.3091    26.3128    7.68107 0.0000e+00
       3976     43.964     2.3130     2.3110   2.942624   2.942772     2.7290     2.6927      8.198     0.5050     1.9245 1.0790e-01     0.1142    97.1858     7.6144     7.9646    32.9547    32.9586    26.3093    26.3126    7.68106 0.0000e+00
       3979     44.016     2.3130     2.3112   2.942600   2.942768     2.7294     2.6923      8.198     0.5148     1.9245 1.0790e-01     0.1142    97.1858     7.6165     7.9630    32.9545    32.9583    26.3091    26.3124    7.68109 0.0000e+00
       3982     44.069     2.3132     2.3111   2.942575   2.942801     2.7286     2.6923      8.198     0.5002     1.9245 1.0790e-01     0.1142    97.1858     7.6133     7.9649    32.9539    32.9588    26.3087    26.3128    7.68108 0.0000e+00
       3985     44.120     2.3201     2.3113   2.942308   2.942807     2.7278     2.6923      8.198     0.5099     1.9245 1.0802e-01     0.1146    97.1771     7.6099     7.9642    32.9434    32.9587    26.2997    26.3127    7.68026 0.0000e+00
       3988     44.169     2.3342     2.3110   2.942242   2.942787     2.7278     2.6919      8.198     0.5050     1.9245 1.0802e-01     0.1117    97.2466     7.6091     7.9620    32.9279    32.9587    26.2862    26.3127    7.67829 0.0000e+00
       3991     44.216     2.3419     2.3106   2.942355   2.942839     2.7282     2.6915      8.198     0.5148     1.9245 1.0790e-01     0.1117    97.2466     7.6103     7.9611    32.9214    32.9598    26.2804    26.3136    7.67713 0.0000e+00
       3994     44.264     2.3390     2.3099   2.942505   2.942983     2.7265     2.6911      8.198     0.5050     1.9245 1.0802e-01     0.1113    97.2553     7.6047     7.9575    32.9262    32.9623    26.2845    26.3156    7.67746 0.0000e+00
       3997     44.317     2.3287     2.3092   2.942779   2.943034     2.7261     2.6911      8.198     0.5099     1.8455 1.0802e-01     0.1110    97.2640     7.6053     7.9557    32.9402    32.9635    26.2965    26.3167    7.67875 0.0000e+00
       4000     44.371     2.3204     2.3090   2.942803   2.943051     2.7274     2.6903      8.198     0.4757     1.5297 1.0790e-01     0.1113    97.2553     7.6116     7.9518    32.9491    32.9639    26.3043    26.3170    7.67992 0.0000e+00
       4003     44.427     2.3159     2.3091   2.942810   2.943067     2.7269     2.6899      8.198     0.4806     1.5692 1.0790e-01     0.1120    97.2379     7.6126     7.9467    32.9537    32.9640    26.3083    26.3171    7.68054 0.0000e+00
       4006     44.484     2.3135     2.3085   2.942827   2.943101     2.7253     2.6899      8.198     0.4806     1.5692 1.0790e-01     0.1117    97.2466     7.6089     7.9449    32.9564    32.9650    26.3107    26.3180    7.68088 0.0000e+00
       4009     44.542     2.3119     2.3081   2.942886   2.943094     2.7257     2.6887      8.198     0.4806     1.5692 1.0790e-01     0.1120    97.2379     7.6104     7.9402    32.9587    32.9653    26.3127    26.3182    7.68107 0.0000e+00
       4012     44.601     2.3108     2.3081   2.942906   2.943130     2.7265     2.6887      8.198     0.4855     1.5692 1.0790e-01     0.1120    97.2379     7.6134     7.9399    32.9602    32.9658    26.3139    26.3186    7.68122 0.0000e+00
       4015     44.664     2.3101     2.3080   2.942902   2.943168     2.7257     2.6883      8.198     0.4708     1.5692 1.0802e-01     0.1120    97.2379     7.6104     7.9389    32.9608    32.9663    26.3144    26.3189    7.68132 0.0000e+00
       4018     44.725     2.3095     2.3078   2.942939   2.943171     2.7253     2.6874      8.198     0.4806     1.5297 1.0802e-01     0.1120    97.2379     7.6089     7.9357    32.9619    32.9665    26.3153    26.3192    7.68139 0.0000e+00
       4021     44.787     2.3091     2.3073   2.942991   2.943196     2.7249     2.6870      8.198     0.4806     1.5692 1.0815e-01     0.1117    97.2466     7.6051     7.9340    32.9629    32.9673    26.3162    26.3199    7.68141 0.0000e+00
       4024     44.847     2.3087     2.3067   2.943020   2.943227     2.7253     2.6866      8.198     0.4708     1.5692 1.0815e-01     0.1120    97.2379     7.6055     7.9334    32.9635    32.9683    26.3168    26.3207    7.68145 0.0000e+00
       4027     44.906     2.3079     2.3063   2.943113   2.943171     2.7253     2.6862      8.198     0.4171     1.5692 1.0815e-01     0.1103    97.2814     7.6045     7.9314    32.9656    32.9679    26.3184    26.3204    7.68150 0.0000e+00
       4030     44.968     2.3070     2.3049   2.943195   2.943202     2.7241     2.6862      8.198     0.4171     1.5692 1.0827e-01     0.1067    97.3682     7.5992     7.9322    32.9674    32.9698    26.3200    26.3220    7.68158 0.0000e+00
       4033     45.031     2.3051     2.3037   2.943257   2.943364     2.7241     2.6858      8.198     0.4220     1.5692 1.0827e-01     0.1071    97.3595     7.5965     7.9328    32.9702    32.9729    26.3223    26.3247    7.68182 0.0000e+00
       4036     45.091     2.3031     2.3022   2.943300   2.943419     2.7241     2.6850      8.198     0.4220     1.5692 1.0827e-01     0.1067    97.3682     7.5953     7.9308    32.9727    32.9751    26.3245    26.3265    7.68208 0.0000e+00
       4039     45.150     2.3008     2.3005   2.943422   2.943412     2.7229     2.6850      8.196     0.4220     1.5692 1.0815e-01     0.1067    97.3682     7.5908     7.9313    32.9765    32.9768    26.3278    26.3280    7.68232 0.0000e+00
       4042     45.211     2.2984     2.2981   2.943512   2.943475     2.7229     2.6842      8.198     0.4220     1.5692 1.0827e-01     0.1067    97.3682     7.5913     7.9271    32.9802    32.9800    26.3309    26.3307    7.68261 0.0000e+00
       4045     45.274     2.2967     2.2960   2.943819   2.943729     2.7221     2.6838      8.198     0.4220     1.5297 1.0802e-01     0.1067    97.3682     7.5878     7.9244    32.9856    32.9853    26.3354    26.3351    7.68265 0.0000e+00
       4048     45.336     2.2960     2.2960   2.944050   2.944044     2.7225     2.6834      8.198     0.4122     1.5692 1.0815e-01     0.1013    97.4986     7.5881     7.9226    32.9892    32.9892    26.3383    26.3383    7.68261 0.0000e+00
       4051     45.396     2.2953     2.2960   2.944111   2.944153     2.7208     2.6826      8.198     0.3878     1.6876 1.0815e-01     0.0981    97.5768     7.5818     7.9196    32.9907    32.9904    26.3395    26.3393    7.68267 0.0000e+00
       4054     45.457     2.2950     2.2956   2.944075   2.944330     2.7217     2.6826      8.198     0.3438     1.7665 1.0815e-01     0.0992    97.5507     7.5851     7.9195    32.9905    32.9931    26.3394    26.3414    7.68274 0.0000e+00
       4057     45.518     2.2945     2.2951   2.944098   2.944380     2.7204     2.6826      8.198     0.3438     1.8060 1.0827e-01     0.0992    97.5507     7.5815     7.9221    32.9913    32.9942    26.3400    26.3423    7.68280 0.0000e+00
       4060     45.577     2.2945     2.2950   2.944128   2.944387     2.7200     2.6817      8.196     0.3487     1.8060 1.0815e-01     0.0992    97.5507     7.5815     7.9207    32.9916    32.9944    26.3403    26.3425    7.68278 0.0000e+00
       4063     45.636     2.2941     2.2940   2.944028   2.944278     2.7200     2.6809      8.198     0.3438     1.8060 1.0827e-01     0.0988    97.5594     7.5840     7.9203    32.9908    32.9939    26.3397    26.3422    7.68291 0.0000e+00
       4066     45.694     2.2935     2.2928   2.944068   2.944244     2.7204     2.6805      8.198     0.3487     1.8060 1.0815e-01     0.0992    97.5507     7.5857     7.9234    32.9919    32.9948    26.3406    26.3430    7.68297 0.0000e+00
       4069     45.751     2.2932     2.2921   2.944115   2.944443     2.7192     2.6801      8.198     0.3438     1.8060 1.0815e-01     0.0928    97.7071     7.5823     7.9240    32.9927    32.9979    26.3413    26.3455    7.68298 0.0000e+00
       4072     45.804     2.2924     2.2929   2.944149   2.944631     2.7184     2.6801      8.198     0.3390     1.8060 1.0827e-01     0.0921    97.7245     7.5780     7.9254    32.9939    32.9994    26.3423    26.3467    7.68307 0.0000e+00
       4075     45.858     2.2920     2.2926   2.944211   2.944545     2.7176     2.6797      8.198     0.3438     1.8060 1.0827e-01     0.0928    97.7071     7.5754     7.9258    32.9951    32.9986    26.3433    26.3461    7.68310 0.0000e+00
       4078     45.910     2.2921     2.2903   2.944321   2.944423     2.7180     2.6793      8.195     0.3243     1.6876 1.0827e-01     0.0928    97.7071     7.5765     7.9269    32.9963    32.9994    26.3442    26.3469    7.68300 0.0000e+00
       4081     45.960     2.2914     2.2883   2.944324   2.944435     2.7184     2.6793      8.198     0.2901     1.6876 1.0827e-01     0.0924    97.7158     7.5789     7.9311    32.9971    33.0016    26.3449    26.3488    7.68311 0.0000e+00
       4084     46.008     2.2881     2.2852   2.944330   2.944478     2.7176     2.6789      8.196     0.2901     1.6876 1.0815e-01     0.0928    97.7071     7.5756     7.9330    33.0005    33.0054    26.3479    26.3521    7.68357 0.0000e+00
       4087     46.054     2.2852     2.2828   2.944317   2.944448     2.7180     2.6789      8.196     0.2999     1.6876 1.0827e-01     0.0914    97.7419     7.5770     7.9340    33.0033    33.0074    26.3504    26.3539    7.68399 0.0000e+00
