Datasets/AZMP/COO001/79001055.cnv
* Sea-Bird SBE 9 Data File:
* FileName = C:\CTDDATA\79001055.hex
* Software Version Seasave V 7.26.7.110
* Temperature SN = 5660
* Conductivity SN = 3698
* Number of Bytes Per Scan = 30
* Number of Voltage Words = 4
* Number of Scans Averaged by the Deck Unit = 1
* NMEA baud rate = 9600
** VESSEL/TRIP/SEQ STN:  79001055
** LATITUDE XX XX.XX N:  47 00.00 N
** LONGITUDE XX XX.XX W:  46 01.00 W
** SOUNDING DEPTH (M):  0311
** PROBE TYPE: S1257
** CTD NUMBER: 030
** COMMENTS (14 CHAR): FC-21
** BOTTLES:  22
** LEVELS: 5,5,5,5,10,20,20,20,20,30,40,50,50,50,50,75,100,100,100,150,250,BTM
** STICKERS: 435066 - 435087
** VNET: Y
** DO2: N
# nquan = 22
# nvalues = 7609                        
# units = specified
# name 0 = scan: Scan Count
# name 1 = prDM: Pressure, Digiquartz [db]
# name 2 = t090C: Temperature [ITS-90, deg C]
# name 3 = t190C: Temperature, 2 [ITS-90, deg C]
# name 4 = c0S/m: Conductivity [S/m]
# name 5 = c1S/m: Conductivity, 2 [S/m]
# name 6 = sbeox0V: Oxygen raw, SBE 43 [V]
# name 7 = sbeox1V: Oxygen raw, SBE 43, 2 [V]
# name 8 = ph: pH
# name 9 = flECO-AFL: Fluorescence, WET Labs ECO-AFL/FL [mg/m^3]
# name 10 = wetCDOM: Fluorescence, WET Labs CDOM [mg/m^3]
# name 11 = par/sat/log: PAR/Logarithmic, Satlantic [umol photons/m^2/sec]
# name 12 = CStarAt0: Beam Attenuation, WET Labs C-Star [1/m]
# name 13 = CStarTr0: Beam Transmission, WET Labs C-Star [%]
# name 14 = sbeox0ML/L: Oxygen, SBE 43 [ml/l], WS = 2
# name 15 = sbeox1ML/L: Oxygen, SBE 43, 2 [ml/l], WS = 2
# name 16 = sal00: Salinity, Practical [PSU]
# name 17 = sal11: Salinity, Practical, 2 [PSU]
# name 18 = sigma-t00: Density [sigma-t, kg/m^3 ]
# name 19 = sigma-t11: Density, 2 [sigma-t, kg/m^3 ]
# name 20 = oxsatML/L: Oxygen Saturation, Weiss [ml/l]
# name 21 = flag: flag
# span 0 =          5,      71196       
# span 1 =      1.647,    301.058       
# span 2 =     3.6642,     7.9830       
# span 3 =     3.6620,     7.9855       
# span 4 =   3.178599,   3.478972       
# span 5 =   3.178645,   3.479357       
# span 6 =     2.2966,     2.7873       
# span 7 =     2.2650,     2.7448       
# span 8 =      8.028,      8.221       
# span 9 =    -0.0176,     1.5160       
# span 10 =    -2.8130,   482.1870      
# span 11 = 1.0715e-01, 2.1944e-01      
# span 12 =     0.0429,     0.8302      
# span 13 =    81.2574,    98.9324      
# span 14 =     5.8759,     6.8482      
# span 15 =     6.1009,     7.1570      
# span 16 =    33.4789,    34.8988      
# span 17 =    33.4877,    34.8764      
# span 18 =    26.0865,    27.6928      
# span 19 =    26.0889,    27.6836      
# span 20 =    6.67479,    7.34524      
# span 21 = 0.0000e+00, 0.0000e+00      
# interval = scans: 3                   
# start_time = Nov 29 2019 01:56:01 [System UTC, header]
# bad_flag = -9.990e-29
*END*
[from data line 5070]
      24267    164.263     4.0895     4.0599   3.248362   3.244612     2.3337     2.2974      8.047     0.0020     1.3323 1.0790e-01     0.0500    98.7586     6.0304     6.2954    34.7318    34.7186    27.5634    27.5561    7.26063 0.0000e+00
      24270    164.201     4.0894     4.0573   3.248342   3.244459     2.3341     2.2966      8.047    -0.0029     1.3323 1.0790e-01     0.0493    98.7760     6.0313     6.2910    34.7317    34.7196    27.5634    27.5571    7.26067 0.0000e+00
      24273    164.140     4.0892     4.0545   3.248366   3.243828     2.3345     2.2978      8.045    -0.0029     1.3323 1.0790e-01     0.0493    98.7760     6.0311     6.2952    34.7322    34.7151    27.5638    27.5539    7.26067 0.0000e+00
      24276    164.083     4.0892     4.0476   3.248370   3.243040     2.3337     2.2970      8.047     0.0020     1.5692 1.0790e-01     0.0493    98.7760     6.0273     6.2916    34.7323    34.7130    27.5639    27.5529    7.26067 0.0000e+00
      24279    164.027     4.0893     4.0426   3.248393   3.242644     2.3345     2.2970      8.045    -0.0029     1.5692 1.0790e-01     0.0493    98.7760     6.0285     6.2928    34.7325    34.7137    27.5640    27.5540    7.26064 0.0000e+00
      24282    163.975     4.0896     4.0375   3.248392   3.242182     2.3353     2.2966      8.045    -0.0029     1.5692 1.0790e-01     0.0496    98.7673     6.0306     6.2928    34.7322    34.7136    27.5638    27.5545    7.26061 0.0000e+00
      24285    163.928     4.0898     4.0354   3.248396   3.242071     2.3349     2.2966      8.047    -0.0029     1.5692 1.0790e-01     0.0489    98.7847     6.0284     6.2944    34.7321    34.7145    27.5637    27.5554    7.26058 0.0000e+00
      24288    163.885     4.0898     4.0354   3.248425   3.242137     2.3357     2.2966      8.047    -0.0029     1.5692 1.0790e-01     0.0472    98.8281     6.0306     6.2961    34.7324    34.7154    27.5640    27.5561    7.26056 0.0000e+00
      24291    163.846     4.0892     4.0375   3.248474   3.242551     2.3345     2.2966      8.047    -0.0029     1.5692 1.0790e-01     0.0472    98.8281     6.0255     6.2970    34.7336    34.7181    27.5650    27.5580    7.26060 0.0000e+00
      24294    163.810     4.0886     4.0403   3.248591   3.242994     2.3357     2.2966      8.047     0.0020     1.5692 1.0790e-01     0.0475    98.8194     6.0294     6.2974    34.7356    34.7204    27.5666    27.5596    7.26061 0.0000e+00
      24297    163.775     4.0878     4.0450   3.248634   3.243529     2.3349     2.2966      8.047    -0.0029     1.5692 1.0790e-01     0.0472    98.8281     6.0279     6.2976    34.7371    34.7218    27.5678    27.5602    7.26069 0.0000e+00
      24300    163.741     4.0866     4.0504   3.248567   3.244417     2.3357     2.2966      8.045    -0.0029     1.5692 1.0790e-01     0.0472    98.8281     6.0304     6.2991    34.7376    34.7266    27.5684    27.5634    7.26088 0.0000e+00
      24303    163.710     4.0857     4.0573   3.248480   3.245059     2.3353     2.2970      8.047    -0.0029     1.5692 1.0790e-01     0.0472    98.8281     6.0282     6.3004    34.7375    34.7270    27.5684    27.5630    7.26104 0.0000e+00
      24306    163.678     4.0849     4.0592   3.248460   3.245171     2.3357     2.2966      8.047     0.0020     1.5692 1.0790e-01     0.0472    98.8281     6.0310     6.3004    34.7381    34.7263    27.5689    27.5623    7.26115 0.0000e+00
      24309    163.649     4.0848     4.0634   3.248454   3.245267     2.3353     2.2966      8.045    -0.0029     1.5692 1.0790e-01     0.0465    98.8455     6.0312     6.3006    34.7381    34.7231    27.5690    27.5593    7.26117 0.0000e+00
      24312    163.621     4.0848     4.0646   3.248413   3.245468     2.3353     2.2966      8.047     0.0020     1.5692 1.0790e-01     0.0461    98.8542     6.0314     6.3003    34.7377    34.7241    27.5686    27.5600    7.26119 0.0000e+00
      24315    163.595     4.0848     4.0628   3.248385   3.245162     2.3361     2.2966      8.045    -0.0029     1.5692 1.0790e-01     0.0472    98.8281     6.0359     6.3020    34.7374    34.7225    27.5684    27.5589    7.26121 0.0000e+00
      24318    163.570     4.0849     4.0551   3.248422   3.244424     2.3365     2.2966      8.047    -0.0029     1.5692 1.0790e-01     0.0461    98.8542     6.0381     6.3053    34.7378    34.7218    27.5687    27.5592    7.26118 0.0000e+00
      24321    163.546     4.0850     4.0580   3.248422   3.244528     2.3369     2.2970      8.047    -0.0029     1.5297 1.0790e-01     0.0461    98.8542     6.0417     6.3079    34.7377    34.7201    27.5686    27.5574    7.26116 0.0000e+00
      24324    163.522     4.0849     4.0604   3.248425   3.244823     2.3361     2.2966      8.047    -0.0029     1.5692 1.0790e-01     0.0468    98.8368     6.0409     6.3072    34.7378    34.7209    27.5687    27.5579    7.26117 0.0000e+00
      24327    163.497     4.0848     4.0600   3.248433   3.244757     2.3369     2.2970      8.047    -0.0029     1.4902 1.0790e-01     0.0472    98.8281     6.0444     6.3095    34.7381    34.7206    27.5689    27.5577    7.26118 0.0000e+00
      24330    163.473     4.0849     4.0564   3.248399   3.244437     2.3378     2.2974      8.045    -0.0029     1.4507 1.0790e-01     0.0472    98.8281     6.0482     6.3121    34.7375    34.7207    27.5684    27.5581    7.26118 0.0000e+00
      24333    163.444     4.0852     4.0553   3.248415   3.244064     2.3369     2.2970      8.045    -0.0029     1.4507 1.0790e-01     0.0472    98.8281     6.0455     6.3112    34.7374    34.7174    27.5684    27.5556    7.26114 0.0000e+00
      24336    163.415     4.0851     4.0492   3.248425   3.242532     2.3373     2.2966      8.047    -0.0029     1.4507 1.0790e-01     0.0472    98.8281     6.0471     6.3112    34.7376    34.7057    27.5686    27.5469    7.26114 0.0000e+00
      24339    163.378     4.0850     4.0388   3.248427   3.241944     2.3382     2.2978      8.047    -0.0029     1.4507 1.0790e-01     0.0472    98.8281     6.0506     6.3160    34.7378    34.7098    27.5687    27.5513    7.26115 0.0000e+00
      24342    163.341     4.0851     4.0349   3.248419   3.241805     2.3386     2.2978      8.047    -0.0029     1.4507 1.0790e-01     0.0468    98.8368     6.0526     6.3138    34.7377    34.7122    27.5686    27.5536    7.26115 0.0000e+00
      24345    163.303     4.0849     4.0328   3.248398   3.241413     2.3394     2.2978      8.047    -0.0029     1.4507 1.0790e-01     0.0472    98.8281     6.0566     6.3105    34.7376    34.7098    27.5686    27.5519    7.26117 0.0000e+00
      24348    163.259     4.0851     4.0289   3.248350   3.240936     2.3394     2.2978      8.047    -0.0029     1.4507 1.0790e-01     0.0461    98.8542     6.0574     6.3082    34.7369    34.7083    27.5680    27.5512    7.26118 0.0000e+00
      24351    163.213     4.0851     4.0251   3.248396   3.240631     2.3390     2.2974      8.045     0.0020     1.4507 1.0790e-01     0.0472    98.8281     6.0557     6.3043    34.7374    34.7087    27.5683    27.5518    7.26115 0.0000e+00
      24354    163.165     4.0853     4.0235   3.248374   3.240490     2.3398     2.2978      8.047    -0.0029     1.3323 1.0790e-01     0.0465    98.8455     6.0580     6.3030    34.7370    34.7087    27.5680    27.5520    7.26114 0.0000e+00
      24357    163.111     4.0852     4.0214   3.248380   3.240245     2.3394     2.2978      8.047     0.0020     1.3323 1.0790e-01     0.0468    98.8368     6.0580     6.3012    34.7372    34.7082    27.5682    27.5518    7.26115 0.0000e+00
      24360    163.053     4.0851     4.0201   3.248359   3.240079     2.3406     2.2978      8.045     0.0020     1.3323 1.0790e-01     0.0461    98.8542     6.0625     6.3009    34.7371    34.7076    27.5681    27.5514    7.26117 0.0000e+00
      24363    162.990     4.0850     4.0193   3.248339   3.239962     2.3414     2.2974      8.047     0.0020     1.3323 1.0790e-01     0.0465    98.8455     6.0665     6.2999    34.7370    34.7070    27.5680    27.5511    7.26120 0.0000e+00
      24366    162.921     4.0855     4.0175   3.248296   3.239722     2.3410     2.2970      8.045    -0.0029     1.3323 1.0790e-01     0.0475    98.8194     6.0667     6.3013    34.7359    34.7061    27.5671    27.5506    7.26115 0.0000e+00
      24369    162.848     4.0856     4.0157   3.248260   3.239500     2.3418     2.2966      8.047    -0.0029     1.3323 1.0790e-01     0.0468    98.8368     6.0709     6.3033    34.7354    34.7054    27.5667    27.5502    7.26115 0.0000e+00
      24372    162.770     4.0858     4.0132   3.248236   3.239179     2.3422     2.2970      8.047    -0.0029     1.3323 1.0790e-01     0.0472    98.8281     6.0740     6.3097    34.7350    34.7043    27.5664    27.5496    7.26114 0.0000e+00
      24375    162.688     4.0859     4.0110   3.248141   3.239030     2.3418     2.2966      8.045    -0.0078     1.3323 1.0790e-01     0.0472    98.8281     6.0734     6.3133    34.7338    34.7050    27.5654    27.5503    7.26118 0.0000e+00
      24378    162.599     4.0857     4.0118   3.248077   3.239576     2.3422     2.2966      8.047     0.0020     1.3323 1.0790e-01     0.0472    98.8281     6.0755     6.3167    34.7333    34.7106    27.5651    27.5547    7.26124 0.0000e+00
      24381    162.508     4.0855     4.0188   3.248113   3.240494     2.3439     2.2966      8.047    -0.0029     1.4507 1.0790e-01     0.0468    98.8368     6.0828     6.3209    34.7340    34.7142    27.5657    27.5569    7.26125 0.0000e+00
      24384    162.410     4.0852     4.0225   3.247972   3.240322     2.3443     2.2978      8.045     0.0020     1.4507 1.0790e-01     0.0472    98.8281     6.0851     6.3316    34.7327    34.7083    27.5646    27.5518    7.26136 0.0000e+00
      24387    162.308     4.0852     4.0227   3.247920   3.240664     2.3451     2.2978      8.047    -0.0029     1.4507 1.0790e-01     0.0472    98.8281     6.0879     6.3375    34.7321    34.7121    27.5642    27.5548    7.26139 0.0000e+00
      24390    162.204     4.0851     4.0290   3.247901   3.241819     2.3455     2.2978      8.047     0.0068     1.4507 1.0790e-01     0.0472    98.8281     6.0900     6.3420    34.7320    34.7193    27.5641    27.5599    7.26141 0.0000e+00
      24393    162.093     4.0846     4.0359   3.247560   3.242167     2.3455     2.2982      8.045    -0.0029     1.4507 1.0790e-01     0.0468    98.8368     6.0921     6.3463    34.7286    34.7161    27.5614    27.5566    7.26166 0.0000e+00
      24396    161.979     4.0828     4.0357   3.247177   3.241794     2.3459     2.2987      8.047    -0.0029     1.4507 1.0790e-01     0.0472    98.8281     6.0947     6.3511    34.7260    34.7120    27.5595    27.5534    7.26211 0.0000e+00
      24399    161.863     4.0821     4.0313   3.247269   3.240995     2.3467     2.2991      8.047    -0.0029     1.4507 1.0790e-01     0.0468    98.8368     6.0973     6.3586    34.7279    34.7073    27.5612    27.5500    7.26214 0.0000e+00
      24402    161.741     4.0821     4.0253   3.247353   3.240081     2.3475     2.2991      8.047    -0.0029     1.4507 1.0790e-01     0.0468    98.8368     6.0987     6.3624    34.7290    34.7027    27.5620    27.5471    7.26209 0.0000e+00
      24405    161.619     4.0813     4.0192   3.246805   3.239524     2.3488     2.2999      8.047     0.0020     1.4902 1.0790e-01     0.0472    98.8281     6.1026     6.3688    34.7234    34.7027    27.5576    27.5477    7.26250 0.0000e+00
      24408    161.496     4.0759     4.0151   3.244879   3.239173     2.3488     2.3003      8.047    -0.0029     1.5692 1.0790e-01     0.0472    98.8281     6.1057     6.3749    34.7063    34.7029    27.5446    27.5482    7.26429 0.0000e+00
      24411    161.373     4.0642     4.0128   3.243258   3.238947     2.3483     2.3003      8.047    -0.0029     1.5692 1.0790e-01     0.0472    98.8281     6.1077     6.3807    34.6995    34.7027    27.5405    27.5484    7.26670 0.0000e+00
      24414    161.249     4.0567     4.0109   3.242811   3.238692     2.3500     2.3015      8.047     0.0020     1.5692 1.0790e-01     0.0472    98.8281     6.1150     6.3893    34.7023    34.7018    27.5434    27.5479    7.26792 0.0000e+00
      24417    161.125     4.0500     4.0092   3.242212   3.238501     2.3516     2.3015      8.047    -0.0029     1.5692 1.0790e-01     0.0472    98.8281     6.1212     6.3933    34.7023    34.7014    27.5441    27.5477    7.26910 0.0000e+00
      24420    161.002     4.0438     4.0078   3.241451   3.238263     2.3504     2.3023      8.047    -0.0029     1.5692 1.0790e-01     0.0472    98.8281     6.1174     6.3996    34.6999    34.7002    27.5428    27.5468    7.27033 0.0000e+00
      24423    160.883     4.0384     4.0060   3.241241   3.238055     2.3520     2.3031      8.047     0.0020     1.5692 1.0790e-01     0.0472    98.8281     6.1211     6.4037    34.7031    34.6996    27.5461    27.5466    7.27114 0.0000e+00
      24426    160.765     4.0363     4.0048   3.241596   3.237899     2.3520     2.3035      8.047    -0.0029     1.5692 1.0790e-01     0.0475    98.8194     6.1193     6.4070    34.7096    34.6991    27.5514    27.5463    7.27120 0.0000e+00
      24429    160.654     4.0365     4.0032   3.241777   3.237666     2.3528     2.3043      8.047    -0.0029     1.5692 1.0790e-01     0.0472    98.8281     6.1213     6.4093    34.7116    34.6980    27.5530    27.5457    7.27106 0.0000e+00
      24432    160.543     4.0349     4.0015   3.240995   3.237505     2.3545     2.3056      8.047    -0.0029     1.5692 1.0790e-01     0.0472    98.8281     6.1277     6.4129    34.7041    34.6980    27.5471    27.5458    7.27171 0.0000e+00
      24435    160.437     4.0322     4.0007   3.240874   3.237416     2.3545     2.3060      8.047    -0.0029     1.5692 1.0790e-01     0.0472    98.8281     6.1261     6.4124    34.7056    34.6978    27.5486    27.5457    7.27212 0.0000e+00
      24438    160.336     4.0304     4.0005   3.240517   3.237400     2.3545     2.3064      8.047    -0.0029     1.5692 1.0790e-01     0.0472    98.8281     6.1243     6.4101    34.7033    34.6979    27.5470    27.5458    7.27256 0.0000e+00
      24441    160.242     4.0280     4.0007   3.240275   3.237423     2.3553     2.3076      8.047    -0.0078     1.5692 1.0790e-01     0.0472    98.8281     6.1260     6.4110    34.7030    34.6981    27.5470    27.5459    7.27300 0.0000e+00
      24444    160.153     4.0265     4.0011   3.240335   3.237454     2.3553     2.3076      8.047     0.0020     1.5692 1.0790e-01     0.0472    98.8281     6.1260     6.4052    34.7054    34.6980    27.5490    27.5459    7.27315 0.0000e+00
      24447    160.071     4.0262     4.0015   3.240350   3.237465     2.3553     2.3080      8.047    -0.0029     1.5692 1.0790e-01     0.0472    98.8281     6.1238     6.4014    34.7060    34.6978    27.5496    27.5457    7.27319 0.0000e+00
      24450    159.995     4.0254     4.0016   3.240081   3.237456     2.3561     2.3088      8.047     0.0020     1.5692 1.0790e-01     0.0479    98.8108     6.1242     6.3980    34.7036    34.6976    27.5478    27.5454    7.27344 0.0000e+00
      24453    159.929     4.0245     4.0018   3.240044   3.237448     2.3573     2.3088      8.047     0.0020     1.5692 1.0790e-01     0.0475    98.8194     6.1262     6.3907    34.7041    34.6974    27.5483    27.5453    7.27357 0.0000e+00
      24456    159.867     4.0236     4.0019   3.239957   3.237446     2.3573     2.3092      8.047    -0.0029     1.5297 1.0790e-01     0.0472    98.8281     6.1251     6.3856    34.7042    34.6972    27.5484    27.5451    7.27374 0.0000e+00
      24459    159.813     4.0229     4.0019   3.239838   3.237418     2.3577     2.3092      8.047    -0.0029     1.3323 1.0790e-01     0.0475    98.8194     6.1267     6.3801    34.7035    34.6969    27.5479    27.5449    7.27390 0.0000e+00
