Datasets/AZMP/COO001/79001026.cnv
* Sea-Bird SBE 9 Data File:
* FileName = C:\CTDDATA\79001026.hex
* Software Version Seasave V 7.26.7.110
* Temperature SN = 5660
* Conductivity SN = 3698
* Number of Bytes Per Scan = 30
* Number of Voltage Words = 4
* Number of Scans Averaged by the Deck Unit = 1
* NMEA baud rate = 9600
** VESSEL/TRIP/SEQ STN:  79001026
** LATITUDE XX XX.XX N:  45 05.70 N
** LONGITUDE XX XX.XX W:  51 42.00 W
** SOUNDING DEPTH (M):  0074
** PROBE TYPE: S1257
** CTD NUMBER: 013
** COMMENTS (14 CHAR): SEGB-08
** BOTTLES:  17
** LEVELS: 5,5,5,5,10,20,20,20,20,30,40,50,50,50,BTM,BTM,BTM
** STICKERS: 434756 - 434772
** VNET: Y
** DO2: N
# nquan = 22
# nvalues = 1799                        
# units = specified
# name 0 = scan: Scan Count
# name 1 = prDM: Pressure, Digiquartz [db]
# name 2 = t090C: Temperature [ITS-90, deg C]
# name 3 = t190C: Temperature, 2 [ITS-90, deg C]
# name 4 = c0S/m: Conductivity [S/m]
# name 5 = c1S/m: Conductivity, 2 [S/m]
# name 6 = sbeox0V: Oxygen raw, SBE 43 [V]
# name 7 = sbeox1V: Oxygen raw, SBE 43, 2 [V]
# name 8 = ph: pH
# name 9 = flECO-AFL: Fluorescence, WET Labs ECO-AFL/FL [mg/m^3]
# name 10 = wetCDOM: Fluorescence, WET Labs CDOM [mg/m^3]
# name 11 = par/sat/log: PAR/Logarithmic, Satlantic [umol photons/m^2/sec]
# name 12 = CStarAt0: Beam Attenuation, WET Labs C-Star [1/m]
# name 13 = CStarTr0: Beam Transmission, WET Labs C-Star [%]
# name 14 = sbeox0ML/L: Oxygen, SBE 43 [ml/l], WS = 2
# name 15 = sbeox1ML/L: Oxygen, SBE 43, 2 [ml/l], WS = 2
# name 16 = sal00: Salinity, Practical [PSU]
# name 17 = sal11: Salinity, Practical, 2 [PSU]
# name 18 = sigma-t00: Density [sigma-t, kg/m^3 ]
# name 19 = sigma-t11: Density, 2 [sigma-t, kg/m^3 ]
# name 20 = oxsatML/L: Oxygen Saturation, Weiss [ml/l]
# name 21 = flag: flag
# span 0 =         58,      39780       
# span 1 =      0.407,     69.094       
# span 2 =    -0.0830,     6.9675       
# span 3 =    -0.0841,     6.9670       
# span 4 =   2.722524,   3.271697       
# span 5 =   0.717910,   3.273786       
# span 6 =     2.6291,     2.9889       
# span 7 =     2.4726,     2.7521       
# span 8 =      8.004,      8.188       
# span 9 =     0.1241,     0.8469       
# span 10 =    -2.5761,   482.1870      
# span 11 = 1.0581e-01, 1.0971e+00      
# span 12 =     0.1249,     0.2196      
# span 13 =    94.6570,    96.9251      
# span 14 =     5.8685,    10.4846      
# span 15 =     4.9367,     7.9533      
# span 16 =    27.4726,    34.0605      
# span 17 =     6.2046,    33.1401      
# span 18 =    21.5053,    27.2549      
# span 19 =     4.8084,    26.4304      
# span 20 =    6.89064,    8.19176      
# span 21 = 0.0000e+00, 0.0000e+00      
# interval = scans: 3                   
# start_time = Nov 24 2019 03:08:30 [System UTC, header]
# bad_flag = -9.990e-29
*END*
[from data line 593]
       2473     49.306    -0.0668    -0.0771   2.723043   2.723713     2.6752     2.5177      8.070     0.1729     1.9245 1.0790e-01     0.2082    94.9264     7.9899     6.9325    32.6500    32.6699    26.2124    26.2289    8.18981 0.0000e+00
       2476     49.426    -0.0721    -0.0773   2.722805   2.723589     2.6739     2.5209      8.070     0.1827     1.9245 1.0790e-01     0.2086    94.9177     7.9896     6.9559    32.6525    32.6684    26.2147    26.2277    8.19084 0.0000e+00
       2479     49.542    -0.0750    -0.0779   2.722743   2.723417     2.6748     2.5246      8.067     0.1778     1.9245 1.0790e-01     0.2079    94.9351     7.9970     6.9740    32.6547    32.6667    26.2166    26.2264    8.19135 0.0000e+00
       2482     49.655    -0.0761    -0.0784   2.722635   2.723353     2.6739     2.5274      8.067     0.1778     1.9245 1.0790e-01     0.2075    94.9438     7.9967     6.9834    32.6543    32.6663    26.2163    26.2261    8.19159 0.0000e+00
       2485     49.764    -0.0767    -0.0783   2.722548   2.723314     2.6739     2.5299      8.067     0.1729     1.9245 1.0790e-01     0.2075    94.9438     8.0009     6.9838    32.6538    32.6657    26.2159    26.2256    8.19176 0.0000e+00
       2488     49.868    -0.0764    -0.0786   2.722599   2.723296     2.6739     2.5311      8.066     0.1827     1.9245 1.0790e-01     0.2079    94.9351     8.0038     6.9744    32.6541    32.6657    26.2162    26.2256    8.19168 0.0000e+00
       2491     49.973    -0.0760    -0.0791   2.722529   2.723241     2.6739     2.5323      8.066     0.1729     1.9245 1.0790e-01     0.2079    94.9351     8.0082     6.9595    32.6527    32.6654    26.2150    26.2254    8.19167 0.0000e+00
       2494     50.071    -0.0758    -0.0803   2.722524   2.723180     2.6739     2.5323      8.063     0.1583     1.9245 1.0790e-01     0.2075    94.9438     8.0121     6.9375    32.6524    32.6658    26.2147    26.2258    8.19166 0.0000e+00
       2497     50.161    -0.0756    -0.0807   2.722568   2.723161     2.6739     2.5327      8.063     0.1632     2.0429 1.0777e-01     0.2086    94.9177     8.0166     6.9182    32.6527    32.6659    26.2150    26.2259    8.19159 0.0000e+00
       2500     50.245    -0.0745    -0.0808   2.722672   2.723162     2.6739     2.5335      8.063     0.1583     2.0429 1.0790e-01     0.2097    94.8917     8.0206     6.9062    32.6528    32.6660    26.2150    26.2260    8.19134 0.0000e+00
       2503     50.324    -0.0730    -0.0809   2.722732   2.723190     2.6739     2.5339      8.063     0.1680     2.0429 1.0790e-01     0.2097    94.8917     8.0238     6.8977    32.6520    32.6664    26.2143    26.2263    8.19107 0.0000e+00
       2506     50.395    -0.0727    -0.0806   2.722699   2.723255     2.6739     2.5344      8.063     0.1583     2.0429 1.0790e-01     0.2097    94.8917     8.0274     6.8938    32.6511    32.6670    26.2136    26.2267    8.19104 0.0000e+00
       2509     50.463    -0.0729    -0.0804   2.723320   2.723270     2.6748     2.5348      8.063     0.1583     2.0429 1.0790e-01     0.2097    94.8917     8.0328     6.8932    32.6595    32.6668    26.2204    26.2266    8.19062 0.0000e+00
       2512     50.524    -0.0733    -0.0800   2.723345   2.723320     2.6748     2.5356      8.063     0.1632     2.0429 1.0790e-01     0.2097    94.8917     8.0351     6.8928    32.6602    32.6671    26.2210    26.2268    8.19066 0.0000e+00
       2515     50.578    -0.0753    -0.0795   2.723009   2.723367     2.6752     2.5360      8.063     0.1583     2.0429 1.0790e-01     0.2097    94.8917     8.0392     6.8875    32.6579    32.6671    26.2191    26.2268    8.19122 0.0000e+00
       2518     50.625    -0.0431    -0.0795   2.736350   2.723483     2.6756     2.5372      8.064     0.1632     2.0429 1.0790e-01     0.2086    94.9177     8.0256     6.8794    32.7995    32.6686    26.3319    26.2280    8.17630 0.0000e+00
       2521     50.669     0.2937    -0.0791   2.783144   2.723634     2.6756     2.5380      8.061     0.1680     2.0034 1.0790e-01     0.2064    94.9699     7.9307     6.8608    33.0529    32.6702    26.5197    26.2292    8.08946 0.0000e+00
       2524     50.710     0.6536    -0.0768   2.803108   2.723798     2.6764     2.5396      8.060     0.1583     1.9245 1.0790e-01     0.2064    94.9699     7.8552     6.8385    32.9277    32.6698    26.3994    26.2288    8.01977 0.0000e+00
       2527     50.747     0.8675    -0.0782   2.809206   2.723644     2.6764     2.5405      8.061     0.1583     1.9245 1.0790e-01     0.2064    94.9699     7.8124     6.8096    32.7796    32.6693    26.2680    26.2285    7.98286 0.0000e+00
       2530     50.780     0.9679    -0.0786   2.808157   2.723640     2.6768     2.5409      8.059     0.1583     1.9245 1.0790e-01     0.2064    94.9699     7.7950     6.7770    32.6603    32.6696    26.1662    26.2288    7.96835 0.0000e+00
       2533     50.809     1.0076    -0.0784   2.806554   2.723746     2.6772     2.5409      8.063     0.1583     1.9245 1.0790e-01     0.2064    94.9699     7.7889     6.7408    32.5981    32.6708    26.1138    26.2297    7.96344 0.0000e+00
       2536     50.834     0.9953    -0.0781   2.799689   2.723932     2.6772     2.5396      8.063     0.1632     1.9245 1.0790e-01     0.2068    94.9612     7.7948     6.6994    32.5229    32.6729    26.0541    26.2315    7.97005 0.0000e+00
       2539     50.858     0.9279    -0.0790   2.791636   2.724090     2.6776     2.5376      8.064     0.1632     1.9245 1.0790e-01     0.2101    94.8830     7.8120     6.6581    32.4902    32.6760    26.0318    26.2339    7.98590 0.0000e+00
       2542     50.880     0.8679    -0.0801   2.790612   2.724161     2.6772     2.5348      8.064     0.1583     1.9245 1.0790e-01     0.2108    94.8656     7.8202     6.6176    32.5398    32.6781    26.0752    26.2357    7.99576 0.0000e+00
       2547     50.914     0.8368    -0.0787   2.793223   2.724188     2.6776     2.5287      8.069     0.1778     1.9245 1.0790e-01     0.2108    94.8656     7.8236     6.5578    32.6060    32.6769    26.1302    26.2347    7.99869 0.0000e+00
       2552     50.949     0.8640    -0.0789   2.797702   2.724116     2.6776     2.5238      8.069     0.1876     1.9245 1.0790e-01     0.2108    94.8656     7.8150     6.5232    32.6352    32.6762    26.1521    26.2341    7.99143 0.0000e+00
       2557     50.985     0.8941    -0.0794   2.798432   2.724217     2.6780     2.5189      8.068     0.1778     1.9245 1.0790e-01     0.2108    94.8656     7.8099     6.5118    32.6128    32.6780    26.1323    26.2355    7.98632 0.0000e+00
       2560     51.007     0.8972    -0.0793   2.799354   2.724178     2.6784     2.5164      8.070     0.1778     1.9245 1.0790e-01     0.2064    94.9699     7.8102     6.5170    32.6214    32.6774    26.1391    26.2351    7.98522 0.0000e+00
       2563     51.031     0.9273    -0.0785   2.802370   2.724214     2.6784     2.5144      8.068     0.1778     1.9245 1.0790e-01     0.2057    94.9872     7.8037     6.5281    32.6285    32.6770    26.1430    26.2347    7.97853 0.0000e+00
       2566     51.061     0.9503    -0.0776   2.804160   2.724127     2.6780     2.5128      8.068     0.1778     1.9245 1.0790e-01     0.2057    94.9872     7.7973     6.5449    32.6274    32.6749    26.1407    26.2330    7.97380 0.0000e+00
       2569     51.092     0.9840    -0.0781   2.809881   2.724138     2.6788     2.5107      8.068     0.1778     1.9245 1.0790e-01     0.2064    94.9699     7.7901     6.5615    32.6653    32.6756    26.1692    26.2335    7.96472 0.0000e+00
       2572     51.121     1.0416    -0.0787   2.817624   2.724078     2.6788     2.5095      8.070     0.2022     1.9245 1.0790e-01     0.2060    94.9786     7.7754     6.5795    32.7040    32.6754    26.1968    26.2334    7.95066 0.0000e+00
       2575     51.156     1.1295    -0.0791   2.823858   2.724039     2.6788     2.5075      8.069     0.2071     1.9245 1.0790e-01     0.2057    94.9872     7.7554     6.5904    32.6914    32.6753    26.1813    26.2334    7.93310 0.0000e+00
       2578     51.194     1.1661    -0.0795   2.817819   2.724068     2.6788     2.5067      8.070     0.2120     1.9245 1.0790e-01     0.2057    94.9873     7.7532     6.6044    32.5761    32.6760    26.0864    26.2339    7.93174 0.0000e+00
       2581     51.237     1.1203    -0.0798   2.811759   2.724121     2.6788     2.5054      8.068     0.2120     1.9245 1.0790e-01     0.2024    95.0654     7.7643     6.6151    32.5465    32.6771    26.0655    26.2348    7.94281 0.0000e+00
       2584     51.280     1.0643    -0.0795   2.803879   2.724165     2.6792     2.5050      8.068     0.2120     1.9245 1.0790e-01     0.2028    95.0568     7.7815     6.6268    32.5043    32.6773    26.0350    26.2350    7.95670 0.0000e+00
       2587     51.326     0.9774    -0.0793   2.790964   2.724203     2.6792     2.5042      8.068     0.2120     1.9245 1.0790e-01     0.2028    95.0568     7.8052     6.6342    32.4296    32.6776    25.9802    26.2352    7.97884 0.0000e+00
       2590     51.377     0.7865    -0.0793   2.766961   2.724245     2.6797     2.5042      8.069     0.2071     1.9245 1.0790e-01     0.2028    95.0568     7.8571     6.6441    32.3204    32.6781    25.9033    26.2356    8.02484 0.0000e+00
       2593     51.431     0.5651    -0.0797   2.752846   2.724270     2.6792     2.5042      8.070     0.2120     1.9245 1.0790e-01     0.2028    95.0568     7.9047     6.6542    32.3696    32.6788    25.9551    26.2362    8.06905 0.0000e+00
       2596     51.486     0.4022    -0.0797   2.747421   2.724294     2.6797     2.5034      8.070     0.2071     1.9245 1.0790e-01     0.2024    95.0654     7.9395     6.6596    32.4704    32.6791    26.0448    26.2365    8.09828 0.0000e+00
       2599     51.543     0.3041    -0.0795   2.745146   2.724334     2.6797     2.5022      8.071     0.1778     1.9245 1.0790e-01     0.2042    95.0220     7.9590     6.6617    32.5444    32.6794    26.1094    26.2367    8.11526 0.0000e+00
       2602     51.601     0.2403    -0.0795   2.742347   2.724384     2.6797     2.5018      8.071     0.1729     1.9245 1.0790e-01     0.2053    94.9959     7.9730     6.6652    32.5753    32.6800    26.1375    26.2372    8.12728 0.0000e+00
       2605     51.663     0.1660    -0.0793   2.733854   2.724406     2.6801     2.5014      8.071     0.1778     1.9245 1.0790e-01     0.2053    94.9959     7.9930     6.6672    32.5429    32.6801    26.1150    26.2372    8.14514 0.0000e+00
       2608     51.724     0.0818    -0.0796   2.728708   2.724385     2.6801     2.5010      8.072     0.1729     1.9245 1.0790e-01     0.2053    94.9959     8.0112     6.6683    32.5648    32.6800    26.1367    26.2372    8.16219 0.0000e+00
       2611     51.788     0.0183    -0.0800   2.726194   2.724437     2.6801     2.5006      8.072     0.1778     1.9245 1.0790e-01     0.2053    94.9959     8.0250     6.6703    32.5993    32.6811    26.1675    26.2381    8.17407 0.0000e+00
       2614     51.854    -0.0212    -0.0801   2.725226   2.724486     2.6805     2.5006      8.072     0.1827     1.9245 1.0790e-01     0.2053    94.9959     8.0343     6.6734    32.6286    32.6818    26.1931    26.2387    8.18106 0.0000e+00
       2617     51.921    -0.0445    -0.0799   2.724824   2.724441     2.6805     2.5006      8.070     0.1729     1.9245 1.0790e-01     0.2057    94.9872     8.0392     6.6775    32.6482    32.6809    26.2099    26.2379    8.18505 0.0000e+00
       2620     51.986    -0.0576    -0.0800   2.724565   2.724498     2.6809     2.5002      8.069     0.1778     1.9245 1.0790e-01     0.2075    94.9438     8.0434     6.6808    32.6587    32.6817    26.2190    26.2386    8.18732 0.0000e+00
       2623     52.052    -0.0654    -0.0801   2.724443   2.724505     2.6805     2.5002      8.067     0.1876     1.9245 1.0790e-01     0.2086    94.9177     8.0426     6.6830    32.6654    32.6819    26.2248    26.2388    8.18865 0.0000e+00
       2626     52.121    -0.0700    -0.0803   2.724302   2.724522     2.6809     2.5002      8.067     0.1925     1.9245 1.0790e-01     0.2082    94.9264     8.0449     6.6854    32.6684    32.6824    26.2274    26.2392    8.18948 0.0000e+00
       2629     52.189    -0.0729    -0.0802   2.724229   2.724541     2.6805     2.4993      8.067     0.2022     1.9245 1.0790e-01     0.2086    94.9177     8.0430     6.6840    32.6705    32.6825    26.2292    26.2392    8.19000 0.0000e+00
       2632     52.258    -0.0748    -0.0803   2.724161   2.724592     2.6805     2.4993      8.067     0.1925     1.9245 1.0777e-01     0.2082    94.9264     8.0432     6.6855    32.6716    32.6832    26.2302    26.2398    8.19035 0.0000e+00
       2635     52.328    -0.0761    -0.0805   2.724148   2.724591     2.6813     2.4997      8.067     0.1925     1.9245 1.0790e-01     0.2082    94.9264     8.0452     6.6863    32.6728    32.6833    26.2313    26.2399    8.19057 0.0000e+00
       2638     52.397    -0.0769    -0.0805   2.724171   2.724636     2.6813     2.4993      8.064     0.1973     1.9245 1.0790e-01     0.2086    94.9177     8.0442     6.6845    32.6739    32.6839    26.2322    26.2404    8.19067 0.0000e+00
       2641     52.467    -0.0770    -0.0802   2.724153   2.724655     2.6813     2.4989      8.063     0.1973     1.9245 1.0790e-01     0.2097    94.8917     8.0443     6.6837    32.6738    32.6838    26.2321    26.2403    8.19072 0.0000e+00
       2644     52.538    -0.0773    -0.0804   2.724142   2.724700     2.6813     2.4993      8.063     0.2022     1.9245 1.0790e-01     0.2097    94.8917     8.0434     6.6863    32.6739    32.6846    26.2322    26.2409    8.19078 0.0000e+00
       2647     52.613    -0.0780    -0.0809   2.724074   2.724678     2.6813     2.4989      8.063     0.1925     1.9245 1.0790e-01     0.2097    94.8917     8.0432     6.6855    32.6736    32.6847    26.2320    26.2411    8.19093 0.0000e+00
       2650     52.682    -0.0784    -0.0810   2.724082   2.724690     2.6813     2.4985      8.063     0.1876     1.9245 1.0790e-01     0.2097    94.8917     8.0431     6.6855    32.6742    32.6850    26.2325    26.2413    8.19100 0.0000e+00
       2653     52.751    -0.0789    -0.0811   2.724132   2.724709     2.6813     2.4993      8.061     0.1729     1.9245 1.0790e-01     0.2097    94.8917     8.0420     6.6884    32.6753    32.6853    26.2334    26.2415    8.19104 0.0000e+00
       2656     52.818    -0.0789    -0.0811   2.724163   2.724708     2.6817     2.4981      8.060     0.1778     1.9245 1.0790e-01     0.2097    94.8917     8.0427     6.6815    32.6757    32.6852    26.2337    26.2415    8.19103 0.0000e+00
       2659     52.888    -0.0788    -0.0811   2.724170   2.724754     2.6809     2.4981      8.060     0.1778     1.9245 1.0790e-01     0.2108    94.8656     8.0385     6.6810    32.6756    32.6858    26.2336    26.2419    8.19099 0.0000e+00
       2662     52.960    -0.0787    -0.0810   2.724188   2.724796     2.6813     2.4981      8.058     0.1778     1.9245 1.0790e-01     0.2119    94.8395     8.0401     6.6807    32.6758    32.6862    26.2338    26.2423    8.19098 0.0000e+00
       2665     53.032    -0.0785    -0.0809   2.724235   2.724830     2.6813     2.4981      8.058     0.1778     1.9245 1.0790e-01     0.2119    94.8395     8.0400     6.6794    32.6761    32.6865    26.2340    26.2425    8.19092 0.0000e+00
       2668     53.103    -0.0787    -0.0808   2.724209   2.724854     2.6813     2.4981      8.058     0.1778     1.9245 1.0790e-01     0.2119    94.8395     8.0407     6.6786    32.6760    32.6868    26.2339    26.2427    8.19097 0.0000e+00
       2671     53.173    -0.0789    -0.0811   2.724266   2.724839     2.6813     2.4981      8.058     0.1778     1.9245 1.0790e-01     0.2119    94.8395     8.0409     6.6777    32.6768    32.6868    26.2346    26.2427    8.19095 0.0000e+00
