Datasets/AZMP/COO001/79001021.cnv
* Sea-Bird SBE 9 Data File:
* FileName = C:\CTDDATA\79001021.hex
* Software Version Seasave V 7.26.7.110
* Temperature SN = 5660
* Conductivity SN = 3698
* Number of Bytes Per Scan = 30
* Number of Voltage Words = 4
* Number of Scans Averaged by the Deck Unit = 1
* NMEA baud rate = 9600
** VESSEL/TRIP/SEQ STN:  79001021
** LATITUDE XX XX.XX N:  46 35.00 N
** LONGITUDE XX XX.XX W:  52 56.00 W
** SOUNDING DEPTH (M):  0055
** PROBE TYPE (S1221): S1257
** CTD NUMBER: 021
** COMMENTS (14 CHAR):  SEGB-01
** BOTTLES:  14
** LEVELS: 5,5,5,5,10,20,20,20,20,30,40,BTM,BTM,BTM
** STICKERS: 434687 - 434700
** VNET: Y
** DO2: N
# nquan = 22
# nvalues = 1914                        
# units = specified
# name 0 = scan: Scan Count
# name 1 = prDM: Pressure, Digiquartz [db]
# name 2 = t090C: Temperature [ITS-90, deg C]
# name 3 = t190C: Temperature, 2 [ITS-90, deg C]
# name 4 = c0S/m: Conductivity [S/m]
# name 5 = c1S/m: Conductivity, 2 [S/m]
# name 6 = sbeox0V: Oxygen raw, SBE 43 [V]
# name 7 = sbeox1V: Oxygen raw, SBE 43, 2 [V]
# name 8 = ph: pH
# name 9 = flECO-AFL: Fluorescence, WET Labs ECO-AFL/FL [mg/m^3]
# name 10 = wetCDOM: Fluorescence, WET Labs CDOM [mg/m^3]
# name 11 = par/sat/log: PAR/Logarithmic, Satlantic [umol photons/m^2/sec]
# name 12 = CStarAt0: Beam Attenuation, WET Labs C-Star [1/m]
# name 13 = CStarTr0: Beam Transmission, WET Labs C-Star [%]
# name 14 = sbeox0ML/L: Oxygen, SBE 43 [ml/l], WS = 2
# name 15 = sbeox1ML/L: Oxygen, SBE 43, 2 [ml/l], WS = 2
# name 16 = sal00: Salinity, Practical [PSU]
# name 17 = sal11: Salinity, Practical, 2 [PSU]
# name 18 = sigma-t00: Density [sigma-t, kg/m^3 ]
# name 19 = sigma-t11: Density, 2 [sigma-t, kg/m^3 ]
# name 20 = oxsatML/L: Oxygen Saturation, Weiss [ml/l]
# name 21 = flag: flag
# span 0 =        236,      32608       
# span 1 =      0.522,     47.566       
# span 2 =     4.1493,     4.8641       
# span 3 =     3.9500,     4.8631       
# span 4 =   2.941287,   3.044672       
# span 5 =   2.989175,   3.044796       
# span 6 =     2.8230,     2.9062       
# span 7 =     2.7046,     2.7444       
# span 8 =      8.124,      8.144       
# span 9 =     0.5099,     0.9055       
# span 10 =     1.3323,     1.9245      
# span 11 = 1.0790e-01, 8.3455e+00      
# span 12 =     0.1099,     0.1911      
# span 13 =    95.3348,    97.2900      
# span 14 =     7.4743,     7.8096      
# span 15 =     6.4177,     6.6680      
# span 16 =    30.4743,    31.8416      
# span 17 =    31.6606,    31.8913      
# span 18 =    24.1033,    25.2565      
# span 19 =    25.0434,    25.3115      
# span 20 =    7.27076,    7.39042      
# span 21 = 0.0000e+00, 0.0000e+00      
# interval = scans: 3                   
# start_time = Nov 23 2019 10:30:38 [System UTC, header]
# bad_flag = -9.990e-29
*END*
[from data line 66]
       1158      6.452     4.8455     4.8443   3.043352   3.043449     2.8323     2.7424      8.141     0.6515     1.8060 2.6694e-01     0.1181    97.0902     7.4800     6.5378    31.6591    31.6615    25.0440    25.0460    7.27399 0.0000e+00
       1161      6.509     4.8464     4.8443   3.043466   3.043437     2.8315     2.7428      8.144     0.6467     1.8060 2.4784e-01     0.1178    97.0988     7.4778     6.5382    31.6596    31.6613    25.0444    25.0459    7.27382 0.0000e+00
       1164      6.565     4.8471     4.8444   3.043499   3.043461     2.8319     2.7436      8.141     0.6467     1.8060 1.8998e-01     0.1178    97.0988     7.4795     6.5385    31.6593    31.6614    25.0440    25.0460    7.27370 0.0000e+00
       1167      6.622     4.8473     4.8445   3.043482   3.043492     2.8315     2.7436      8.142     0.6564     1.8060 2.7466e-01     0.1178    97.0988     7.4791     6.5358    31.6588    31.6616    25.0436    25.0461    7.27368 0.0000e+00
       1170      6.680     4.8468     4.8448   3.043380   3.043507     2.8315     2.7436      8.141     0.6418     1.8060 2.6365e-01     0.1178    97.0988     7.4805     6.5340    31.6581    31.6615    25.0431    25.0460    7.27381 0.0000e+00
       1173      6.737     4.8463     4.8449   3.043344   3.043524     2.8311     2.7436      8.142     0.6418     1.7665 2.3641e-01     0.1178    97.0988     7.4800     6.5325    31.6582    31.6616    25.0432    25.0460    7.27390 0.0000e+00
       1176      6.794     4.8460     4.8451   3.043347   3.043521     2.8311     2.7436      8.141     0.6369     1.5692 2.3031e-01     0.1167    97.1249     7.4799     6.5298    31.6585    31.6613    25.0435    25.0458    7.27394 0.0000e+00
       1179      6.852     4.8462     4.8454   3.043420   3.043551     2.8315     2.7428      8.144     0.6369     1.5692 1.9679e-01     0.1174    97.1075     7.4824     6.5258    31.6591    31.6613    25.0440    25.0458    7.27388 0.0000e+00
       1182      6.910     4.8462     4.8453   3.043388   3.043562     2.8311     2.7428      8.142     0.6369     1.5692 1.9345e-01     0.1170    97.1162     7.4826     6.5239    31.6588    31.6615    25.0437    25.0459    7.27390 0.0000e+00
       1185      6.966     4.8459     4.8454   3.043401   3.043563     2.8315     2.7428      8.144     0.6320     1.5692 2.8121e-01     0.1170    97.1162     7.4851     6.5228    31.6591    31.6614    25.0440    25.0458    7.27393 0.0000e+00
       1188      7.023     4.8460     4.8454   3.043399   3.043570     2.8311     2.7424      8.141     0.6271     1.5692 3.0564e-01     0.1167    97.1249     7.4840     6.5218    31.6590    31.6615    25.0439    25.0459    7.27391 0.0000e+00
       1191      7.081     4.8463     4.8455   3.043469   3.043580     2.8315     2.7424      8.141     0.6369     1.5692 2.1996e-01     0.1167    97.1249     7.4858     6.5229    31.6594    31.6615    25.0442    25.0459    7.27384 0.0000e+00
       1194      7.139     4.8472     4.8455   3.043543   3.043582     2.8315     2.7424      8.142     0.6369     1.5692 2.4800e-01     0.1178    97.0988     7.4866     6.5243    31.6594    31.6615    25.0441    25.0459    7.27368 0.0000e+00
       1197      7.196     4.8472     4.8455   3.043454   3.043576     2.8307     2.7424      8.142     0.6369     1.5692 3.0303e-01     0.1185    97.0815     7.4852     6.5261    31.6584    31.6614    25.0432    25.0459    7.27373 0.0000e+00
       1200      7.252     4.8467     4.8454   3.043460   3.043553     2.8307     2.7415      8.141     0.6271     1.6876 2.1267e-01     0.1185    97.0815     7.4850     6.5257    31.6589    31.6612    25.0437    25.0457    7.27379 0.0000e+00
       1203      7.309     4.8476     4.8455   3.043601   3.043562     2.8315     2.7415      8.139     0.6174     1.8060 2.0454e-01     0.1185    97.0815     7.4878     6.5287    31.6597    31.6612    25.0442    25.0456    7.27361 0.0000e+00
       1206      7.363     4.8483     4.8454   3.043618   3.043568     2.8311     2.7424      8.142     0.6222     1.8060 1.9473e-01     0.1185    97.0815     7.4863     6.5328    31.6591    31.6613    25.0437    25.0457    7.27350 0.0000e+00
       1209      7.418     4.8487     4.8452   3.043630   3.043560     2.8315     2.7424      8.142     0.6222     1.8060 1.8349e-01     0.1185    97.0815     7.4883     6.5351    31.6589    31.6614    25.0435    25.0458    7.27345 0.0000e+00
       1212      7.466     4.8490     4.8451   3.043649   3.043555     2.8311     2.7424      8.144     0.6222     1.8060 1.8581e-01     0.1185    97.0815     7.4880     6.5370    31.6588    31.6614    25.0434    25.0459    7.27339 0.0000e+00
       1215      7.512     4.8490     4.8451   3.043629   3.043557     2.8311     2.7424      8.141     0.6222     1.8060 1.8176e-01     0.1181    97.0902     7.4878     6.5384    31.6585    31.6614    25.0432    25.0459    7.27341 0.0000e+00
       1218      7.556     4.8491     4.8450   3.043627   3.043563     2.8319     2.7424      8.142     0.6174     1.8060 1.7617e-01     0.1163    97.1336     7.4907     6.5396    31.6584    31.6615    25.0431    25.0459    7.27340 0.0000e+00
       1221      7.601     4.8492     4.8451   3.043635   3.043561     2.8315     2.7428      8.141     0.6222     1.8060 1.8628e-01     0.1163    97.1336     7.4902     6.5417    31.6584    31.6614    25.0430    25.0459    7.27338 0.0000e+00
       1224      7.642     4.8491     4.8451   3.043601   3.043573     2.8315     2.7424      8.144     0.6125     1.8060 2.1151e-01     0.1163    97.1336     7.4907     6.5405    31.6581    31.6615    25.0428    25.0459    7.27342 0.0000e+00
       1227      7.683     4.8488     4.8460   3.043589   3.043639     2.8315     2.7436      8.142     0.6174     1.8060 1.8771e-01     0.1163    97.1336     7.4907     6.5443    31.6582    31.6614    25.0429    25.0458    7.27346 0.0000e+00
       1230      7.720     4.8487     4.8466   3.043602   3.043689     2.8311     2.7428      8.144     0.6271     1.8060 1.6728e-01     0.1163    97.1336     7.4900     6.5406    31.6583    31.6614    25.0431    25.0457    7.27346 0.0000e+00
       1233      7.759     4.8487     4.8467   3.043616   3.043689     2.8323     2.7436      8.142     0.6174     1.8060 1.5250e-01     0.1163    97.1336     7.4947     6.5424    31.6585    31.6612    25.0432    25.0456    7.27345 0.0000e+00
       1236      7.794     4.8485     4.8469   3.043578   3.043690     2.8315     2.7436      8.141     0.6222     1.8060 1.4095e-01     0.1163    97.1336     7.4929     6.5416    31.6582    31.6610    25.0430    25.0454    7.27350 0.0000e+00
       1239      7.828     4.8482     4.8467   3.043576   3.043674     2.8315     2.7436      8.142     0.6174     1.8060 1.4363e-01     0.1163    97.1336     7.4928     6.5407    31.6585    31.6610    25.0433    25.0454    7.27355 0.0000e+00
       1242      7.862     4.8480     4.8467   3.043546   3.043689     2.8315     2.7436      8.142     0.6222     1.8060 1.3526e-01     0.1167    97.1249     7.4926     6.5394    31.6583    31.6613    25.0431    25.0456    7.27359 0.0000e+00
       1245      7.891     4.8478     4.8469   3.043546   3.043699     2.8323     2.7436      8.141     0.6222     1.8060 1.4988e-01     0.1163    97.1336     7.4957     6.5379    31.6585    31.6611    25.0433    25.0454    7.27362 0.0000e+00
       1248      7.917     4.8474     4.8470   3.043489   3.043727     2.8327     2.7436      8.141     0.6174     1.8060 1.3682e-01     0.1163    97.1336     7.4971     6.5366    31.6582    31.6614    25.0431    25.0457    7.27370 0.0000e+00
       1251      7.942     4.8471     4.8471   3.043484   3.043748     2.8319     2.7444      8.141     0.6222     1.8060 1.4579e-01     0.1163    97.1336     7.4944     6.5373    31.6584    31.6615    25.0433    25.0457    7.27375 0.0000e+00
       1255      7.976     4.8468     4.8472   3.043487   3.043740     2.8327     2.7436      8.141     0.6222     1.6876 1.3742e-01     0.1160    97.1423     7.4961     6.5344    31.6587    31.6613    25.0436    25.0456    7.27379 0.0000e+00
       1259      8.008     4.8469     4.8471   3.043505   3.043703     2.8327     2.7436      8.144     0.6174     1.6876 1.5736e-01     0.1160    97.1423     7.4958     6.5333    31.6589    31.6609    25.0437    25.0453    7.27377 0.0000e+00
       1305      8.210     4.8473     4.8467   3.043560   3.043705     2.8327     2.7424      8.142     0.6564     1.6876 1.6044e-01     0.1170    97.1162     7.4907     6.5205    31.6589    31.6613    25.0437    25.0456    7.27368 0.0000e+00
       1335      8.353     4.8477     4.8464   3.043569   3.043692     2.8323     2.7403      8.142     0.6613     1.6876 1.4537e-01     0.1170    97.1162     7.4854     6.5106    31.6587    31.6613    25.0434    25.0456    7.27364 0.0000e+00
       1339      8.384     4.8477     4.8465   3.043576   3.043691     2.8327     2.7399      8.142     0.6515     1.6876 1.1434e-01     0.1153    97.1597     7.4861     6.5108    31.6587    31.6612    25.0435    25.0455    7.27363 0.0000e+00
       1342      8.410     4.8478     4.8466   3.043589   3.043685     2.8319     2.7399      8.141     0.6515     1.6876 1.1384e-01     0.1153    97.1597     7.4828     6.5129    31.6588    31.6610    25.0435    25.0454    7.27361 0.0000e+00
       1345      8.433     4.8478     4.8464   3.043581   3.043693     2.8327     2.7399      8.144     0.6467     1.6876 1.0853e-01     0.1153    97.1597     7.4852     6.5143    31.6587    31.6612    25.0434    25.0456    7.27362 0.0000e+00
       1348      8.458     4.8477     4.8464   3.043594   3.043686     2.8319     2.7399      8.139     0.6515     1.6876 1.0916e-01     0.1153    97.1597     7.4823     6.5162    31.6589    31.6612    25.0437    25.0456    7.27362 0.0000e+00
       1351      8.484     4.8477     4.8462   3.043592   3.043694     2.8315     2.7399      8.142     0.6515     1.6876 1.3251e-01     0.1153    97.1597     7.4809     6.5192    31.6589    31.6615    25.0436    25.0458    7.27362 0.0000e+00
       1354      8.512     4.8478     4.8463   3.043585   3.043699     2.8315     2.7395      8.141     0.6564     1.6876 1.8453e-01     0.1153    97.1597     7.4814     6.5199    31.6587    31.6614    25.0434    25.0458    7.27362 0.0000e+00
       1357      8.537     4.8477     4.8464   3.043592   3.043696     2.8315     2.7395      8.141     0.6467     1.7271 1.5735e-01     0.1174    97.1075     7.4809     6.5222    31.6588    31.6613    25.0436    25.0456    7.27363 0.0000e+00
       1360      8.568     4.8478     4.8462   3.043601   3.043692     2.8319     2.7395      8.141     0.6369     1.8060 1.4387e-01     0.1189    97.0728     7.4818     6.5232    31.6588    31.6614    25.0435    25.0457    7.27360 0.0000e+00
       1363      8.600     4.8479     4.8464   3.043634   3.043707     2.8315     2.7395      8.144     0.6369     1.8060 1.3249e-01     0.1185    97.0815     7.4802     6.5235    31.6591    31.6614    25.0437    25.0457    7.27357 0.0000e+00
       1366      8.633     4.8481     4.8464   3.043633   3.043686     2.8311     2.7399      8.142     0.6369     1.8060 1.4079e-01     0.1185    97.0815     7.4790     6.5251    31.6589    31.6611    25.0436    25.0455    7.27355 0.0000e+00
       1369      8.668     4.8482     4.8464   3.043635   3.043713     2.8315     2.7399      8.141     0.6369     1.8060 1.3068e-01     0.1185    97.0815     7.4809     6.5254    31.6588    31.6614    25.0435    25.0457    7.27353 0.0000e+00
       1372      8.708     4.8482     4.8464   3.043629   3.043703     2.8307     2.7399      8.141     0.6418     1.8060 1.5750e-01     0.1185    97.0815     7.4793     6.5258    31.6586    31.6613    25.0434    25.0456    7.27354 0.0000e+00
       1375      8.750     4.8482     4.8462   3.043639   3.043707     2.8315     2.7399      8.142     0.6369     1.8060 1.5149e-01     0.1189    97.0728     7.4818     6.5261    31.6588    31.6614    25.0435    25.0458    7.27354 0.0000e+00
       1378      8.795     4.8483     4.8460   3.043637   3.043691     2.8311     2.7399      8.144     0.6418     1.8060 1.3951e-01     0.1174    97.1075     7.4799     6.5266    31.6587    31.6615    25.0434    25.0459    7.27353 0.0000e+00
       1381      8.843     4.8482     4.8460   3.043633   3.043687     2.8303     2.7399      8.141     0.6369     1.8060 1.5318e-01     0.1163    97.1336     7.4776     6.5258    31.6587    31.6613    25.0434    25.0457    7.27354 0.0000e+00
       1384      8.891     4.8482     4.8459   3.043641   3.043674     2.8303     2.7399      8.142     0.6516     1.8060 1.2138e-01     0.1163    97.1336     7.4783     6.5256    31.6588    31.6613    25.0434    25.0457    7.27354 0.0000e+00
       1387      8.942     4.8482     4.8458   3.043639   3.043679     2.8303     2.7399      8.141     0.6760     1.8060 1.1005e-01     0.1163    97.1336     7.4794     6.5259    31.6587    31.6615    25.0434    25.0458    7.27354 0.0000e+00
       1390      8.995     4.8482     4.8457   3.043635   3.043663     2.8303     2.7399      8.144     0.6808     1.8060 1.1069e-01     0.1163    97.1336     7.4801     6.5265    31.6586    31.6613    25.0433    25.0457    7.27355 0.0000e+00
       1393      9.050     4.8482     4.8455   3.043653   3.043666     2.8307     2.7399      8.142     0.6760     1.8060 1.0903e-01     0.1163    97.1336     7.4816     6.5268    31.6587    31.6615    25.0434    25.0459    7.27353 0.0000e+00
       1396      9.109     4.8483     4.8455   3.043652   3.043684     2.8303     2.7399      8.142     0.6760     1.8060 1.0790e-01     0.1167    97.1249     7.4809     6.5281    31.6586    31.6617    25.0433    25.0461    7.27352 0.0000e+00
       1399      9.169     4.8483     4.8456   3.043668   3.043669     2.8303     2.7399      8.141     0.6808     1.8060 1.0790e-01     0.1196    97.0554     7.4815     6.5296    31.6588    31.6614    25.0435    25.0458    7.27352 0.0000e+00
       1402      9.229     4.8485     4.8459   3.043673   3.043691     2.8299     2.7399      8.141     0.6808     1.8060 1.0790e-01     0.1199    97.0467     7.4819     6.5308    31.6586    31.6613    25.0433    25.0457    7.27349 0.0000e+00
       1405      9.290     4.8484     4.8464   3.043681   3.043725     2.8303     2.7399      8.142     0.6808     1.8060 1.0790e-01     0.1196    97.0554     7.4840     6.5317    31.6588    31.6612    25.0435    25.0456    7.27350 0.0000e+00
       1408      9.353     4.8490     4.8467   3.043790   3.043768     2.8303     2.7399      8.142     0.6711     1.8060 1.0790e-01     0.1196    97.0554     7.4831     6.5324    31.6595    31.6614    25.0440    25.0457    7.27337 0.0000e+00
       1411      9.417     4.8498     4.8466   3.043892   3.043763     2.8303     2.7408      8.142     0.6857     1.6876 1.0790e-01     0.1196    97.0554     7.4827     6.5354    31.6598    31.6614    25.0441    25.0457    7.27320 0.0000e+00
       1414      9.483     4.8501     4.8468   3.043926   3.043765     2.8303     2.7403      8.144     0.6906     1.6876 1.0852e-01     0.1196    97.0554     7.4829     6.5337    31.6599    31.6612    25.0442    25.0455    7.27315 0.0000e+00
       1417      9.548     4.8501     4.8471   3.043945   3.043804     2.8299     2.7403      8.142     0.6857     1.6876 1.0865e-01     0.1192    97.0641     7.4815     6.5337    31.6601    31.6614    25.0443    25.0457    7.27313 0.0000e+00
       1420      9.611     4.8502     4.8470   3.043934   3.043790     2.8299     2.7412      8.141     0.6906     1.6876 1.0790e-01     0.1178    97.0988     7.4810     6.5361    31.6598    31.6612    25.0441    25.0455    7.27313 0.0000e+00
       1423      9.673     4.8506     4.8469   3.043927   3.043813     2.8303     2.7412      8.144     0.6857     1.6876 1.1459e-01     0.1178    97.0988     7.4814     6.5356    31.6594    31.6615    25.0437    25.0458    7.27308 0.0000e+00
