Datasets/AZMP/COO001/79001071.cnv
* Sea-Bird SBE 9 Data File:
* FileName = C:\CTDDATA\79001071.hex
* Software Version Seasave V 7.26.7.110
* Temperature SN = 5660
* Conductivity SN = 3698
* Number of Bytes Per Scan = 30
* Number of Voltage Words = 4
* Number of Scans Averaged by the Deck Unit = 1
* NMEA baud rate = 9600
** VESSEL/TRIP/SEQ STN:  79001071
** LATITUDE XX XX.XX N:  48 12.20 N
** LONGITUDE XX XX.XX W:  53 18.60 W
** SOUNDING DEPTH (M):  0355
** PROBE TYPE: S1257
** CTD NUMBER: 038
** COMMENTS (14 CHAR): TB-05
** BOTTLES:  12
** LEVELS: 5,5,10,20,20,30,40,50,75,100,150,BTM
** STICKERS: 435175 - 435186
** VNET: Y
** DO2: N
# nquan = 22
# nvalues = 8508                        
# units = specified
# name 0 = scan: Scan Count
# name 1 = prDM: Pressure, Digiquartz [db]
# name 2 = t090C: Temperature [ITS-90, deg C]
# name 3 = t190C: Temperature, 2 [ITS-90, deg C]
# name 4 = c0S/m: Conductivity [S/m]
# name 5 = c1S/m: Conductivity, 2 [S/m]
# name 6 = sbeox0V: Oxygen raw, SBE 43 [V]
# name 7 = sbeox1V: Oxygen raw, SBE 43, 2 [V]
# name 8 = ph: pH
# name 9 = flECO-AFL: Fluorescence, WET Labs ECO-AFL/FL [mg/m^3]
# name 10 = wetCDOM: Fluorescence, WET Labs CDOM [mg/m^3]
# name 11 = par/sat/log: PAR/Logarithmic, Satlantic [umol photons/m^2/sec]
# name 12 = CStarAt0: Beam Attenuation, WET Labs C-Star [1/m]
# name 13 = CStarTr0: Beam Transmission, WET Labs C-Star [%]
# name 14 = sbeox0ML/L: Oxygen, SBE 43 [ml/l], WS = 2
# name 15 = sbeox1ML/L: Oxygen, SBE 43, 2 [ml/l], WS = 2
# name 16 = sal00: Salinity, Practical [PSU]
# name 17 = sal11: Salinity, Practical, 2 [PSU]
# name 18 = sigma-t00: Density [sigma-t, kg/m^3 ]
# name 19 = sigma-t11: Density, 2 [sigma-t, kg/m^3 ]
# name 20 = oxsatML/L: Oxygen Saturation, Weiss [ml/l]
# name 21 = flag: flag
# span 0 =         63,      65601       
# span 1 =      0.073,    330.728       
# span 2 =    -0.8433,     3.9958       
# span 3 =    -0.8457,     3.9954       
# span 4 =   2.383192,   2.966981       
# span 5 =   0.628308,   2.967070       
# span 6 =     2.0770,     2.7786       
# span 7 =     0.8071,     2.7180       
# span 8 =      7.883,      8.172       
# span 9 =    -0.0469,     3.3035       
# span 10 =    -1.8655,     9.9782      
# span 11 = 1.0690e-01, 1.9156e+00      
# span 12 =     0.0715,    55.2620      
# span 13 =    -0.0703,    98.2285      
# span 14 =     5.7734,     8.1352      
# span 15 =     1.2575,     8.2308      
# span 16 =    26.8236,    33.8969      
# span 17 =     5.8759,    33.8959      
# span 18 =    21.4068,    27.1442      
# span 19 =     4.6716,    27.1409      
# span 20 =    7.43099,    8.53345      
# span 21 = 0.0000e+00, 0.0000e+00      
# interval = scans: 3                   
# start_time = Dec 01 2019 03:21:19 [System UTC, header]
# bad_flag = -9.990e-29
*END*
[from data line 7112]
      34572     87.408     1.8822     1.9665   2.436498   2.857382     2.6830     0.8834      8.132     0.1583     1.3323 1.0790e-01     0.0981    97.5768     7.9833     1.4923    27.1191    32.2292    21.6700    25.7546    8.07766 0.0000e+00
      34575     87.363     1.8914     1.9716   2.436559   2.857557     2.6842     0.8838      8.132     0.1534     1.2928 1.0790e-01     0.0978    97.5855     7.9882     1.4927    27.1119    32.2262    21.6638    25.7518    8.07612 0.0000e+00
      34578     87.317     1.8988     1.9716   2.436600   2.857127     2.6846     0.8842      8.132     0.1339     1.3323 1.0790e-01     0.0971    97.6029     7.9879     1.4941    27.1061    32.2208    21.6587    25.7475    8.07489 0.0000e+00
      34581     87.272     1.9023     1.9702   2.436619   2.856989     2.6838     0.8842      8.132     0.1290     1.3323 1.0790e-01     0.0971    97.6029     7.9814     1.4948    27.1034    32.2206    21.6564    25.7475    8.07431 0.0000e+00
      34584     87.228     1.9057     1.9734   2.436626   2.857373     2.6858     0.8842      8.132     0.1339     1.3323 1.0790e-01     0.0974    97.5942     7.9854     1.4939    27.1006    32.2221    21.6539    25.7485    8.07374 0.0000e+00
      34587     87.186     1.9092     1.9698   2.436677   2.856962     2.6858     0.8842      8.132     0.1290     1.3323 1.0790e-01     0.0974    97.5942     7.9842     1.4954    27.0983    32.2206    21.6519    25.7476    8.07315 0.0000e+00
      34590     87.146     1.9123     1.9605   2.436730   2.856349     2.6871     0.8842      8.132     0.1290     1.3323 1.0790e-01     0.0974    97.5942     7.9899     1.4952    27.0963    32.2225    21.6501    25.7498    8.07260 0.0000e+00
      34593     87.105     1.9088     1.9530   2.436725   2.855918     2.6871     0.8842      8.132     0.1290     1.3323 1.0790e-01     0.0974    97.5942     7.9882     1.4952    27.0992    32.2248    21.6526    25.7521    8.07317 0.0000e+00
      34596     87.064     1.8903     1.9501   2.436707   2.855850     2.6891     0.8842      8.132     0.1290     1.3323 1.0790e-01     0.0988    97.5594     7.9985     1.4945    27.1148    32.2270    21.6662    25.7540    8.07620 0.0000e+00
      34599     87.023     1.8609     1.9475   2.436628   2.855613     2.6891     0.8842      8.132     0.1290     1.3323 1.0790e-01     0.0992    97.5507     8.0038     1.4952    27.1391    32.2266    21.6872    25.7539    8.08105 0.0000e+00
      34602     86.978     1.8341     1.9441   2.436621   2.855287     2.6887     0.8851      8.132     0.1290     1.3323 1.0790e-01     0.0985    97.5681     8.0068     1.5001    27.1621    32.2260    21.7071    25.7537    8.08542 0.0000e+00
      34605     86.931     1.8120     1.9399   2.436577   2.854925     2.6891     0.8851      8.133     0.1290     1.3323 1.0790e-01     0.0985    97.5681     8.0122     1.5010    27.1806    32.2258    21.7231    25.7538    8.08907 0.0000e+00
      34608     86.881     1.7971     1.9348   2.436553   2.855471     2.6899     0.8846      8.133     0.1387     1.3323 1.0790e-01     0.0992    97.5507     8.0154     1.4991    27.1932    32.2379    21.7339    25.7639    8.09152 0.0000e+00
      34611     86.829     1.7899     1.9523   2.436556   2.858509     2.6920     0.8851      8.133     0.1290     1.3323 1.0790e-01     0.0985    97.5681     8.0247     1.4998    27.1994    32.2579    21.7393    25.7787    8.09269 0.0000e+00
      34614     86.774     1.7864     2.0303   2.436583   2.863618     2.6920     0.8842      8.133     0.1192     1.3323 1.0790e-01     0.0988    97.5594     8.0247     1.4929    27.2028    32.2421    21.7422    25.7603    8.09325 0.0000e+00
      34617     86.717     1.7843     2.0895   2.436637   2.867064     2.6924     0.8851      8.133     0.1290     1.3323 1.0790e-01     0.1003    97.5247     8.0262     1.4932    27.2053    32.2247    21.7443    25.7421    8.09356 0.0000e+00
      34620     86.656     1.7830     2.1241   2.436621   2.870239     2.6928     0.8855      8.133     0.1290     1.4507 1.0790e-01     0.1003    97.5247     8.0270     1.4925    27.2062    32.2289    21.7451    25.7429    8.09377 0.0000e+00
      34623     86.593     1.7821     2.1691   2.436667   2.873014     2.6932     0.8855      8.133     0.1290     1.4507 1.0790e-01     0.1003    97.5247     8.0301     1.4898    27.2076    32.2177    21.7463    25.7306    8.09389 0.0000e+00
      34626     86.529     1.7817     2.1802   2.436704   2.873145     2.6936     0.8859      8.133     0.1339     1.4507 1.0790e-01     0.1003    97.5247     8.0322     1.4898    27.2085    32.2081    21.7470    25.7221    8.09394 0.0000e+00
      34629     86.461     1.7842     2.1865   2.436725   2.873581     2.6948     0.8851      8.133     0.1192     1.4507 1.0790e-01     0.1003    97.5247     8.0361     1.4883    27.2065    32.2071    21.7454    25.7209    8.09351 0.0000e+00
      34632     86.390     1.7948     2.1966   2.436771   2.874341     2.6948     0.8855      8.133     0.1192     1.4507 1.0790e-01     0.1003    97.5247     8.0317     1.4896    27.1980    32.2063    21.7380    25.7195    8.09174 0.0000e+00
      34635     86.319     1.8122     2.2087   2.436859   2.875324     2.6960     0.8855      8.133     0.1143     1.4507 1.0790e-01     0.0985    97.5681     8.0308     1.4908    27.1842    32.2063    21.7259    25.7186    8.08884 0.0000e+00
      34638     86.244     1.8396     2.2193   2.436966   2.875904     2.6964     0.8855      8.132     0.1192     1.4507 1.0790e-01     0.0850    97.8983     8.0278     1.4901    27.1620    32.2027    21.7067    25.7149    8.08429 0.0000e+00
      34641     86.166     1.8651     2.2202   2.437050   2.875478     2.6968     0.8859      8.132     0.1143     1.4112 1.0790e-01     0.0853    97.8896     8.0241     1.4892    27.1411    32.1966    21.6886    25.7100    8.08007 0.0000e+00
      34644     86.084     1.8807     2.2135   2.437121   2.874905     2.6968     0.8855      8.132     0.1192     1.3718 1.0790e-01     0.0853    97.8896     8.0209     1.4890    27.1286    32.1963    21.6777    25.7103    8.07747 0.0000e+00
      34647     86.003     1.8934     2.2034   2.437181   2.874147     2.6981     0.8859      8.132     0.1143     1.3323 1.0790e-01     0.0850    97.8983     8.0219     1.4917    27.1185    32.1972    21.6689    25.7117    8.07535 0.0000e+00
      34650     85.920     1.9035     2.1956   2.437224   2.873770     2.6989     0.8863      8.132     0.1094     1.3323 1.0790e-01     0.0853    97.8896     8.0208     1.4944    27.1104    32.2005    21.6619    25.7149    8.07368 0.0000e+00
      34653     85.835     1.9169     2.1933   2.437309   2.873738     2.7001     0.8863      8.132     0.1143     1.3323 1.0790e-01     0.0846    97.9070     8.0220     1.4958    27.1000    32.2024    21.6528    25.7167    8.07144 0.0000e+00
      34656     85.748     1.9307     2.1933   2.437347   2.873792     2.6989     0.8859      8.132     0.1583     1.2928 1.0790e-01     0.0853    97.8896     8.0133     1.4933    27.0886    32.2032    21.6430    25.7172    8.06915 0.0000e+00
      34659     85.661     1.9439     2.1951   2.437427   2.874001     2.6997     0.8867      8.132     0.1632     1.3323 1.0790e-01     0.0853    97.8896     8.0117     1.4959    27.0783    32.2041    21.6340    25.7178    8.06694 0.0000e+00
      34662     85.576     1.9520     2.1986   2.437455   2.874257     2.7001     0.8863      8.134     0.1583     1.3323 1.0790e-01     0.0853    97.8896     8.0093     1.4954    27.0718    32.2037    21.6284    25.7173    8.06561 0.0000e+00
      34665     85.488     1.9557     2.2017   2.437490   2.874344     2.7013     0.8867      8.132     0.1583     1.3323 1.0790e-01     0.0853    97.8896     8.0114     1.4974    27.0691    32.2017    21.6260    25.7154    8.06498 0.0000e+00
      34668     85.400     1.9554     2.1972   2.437504   2.873777     2.7013     0.8867      8.134     0.1583     1.3323 1.0790e-01     0.0853    97.8896     8.0103     1.4972    27.0696    32.1993    21.6264    25.7138    8.06503 0.0000e+00
      34671     85.308     1.9482     2.1980   2.437520   2.874193     2.7017     0.8867      8.137     0.1632     0.4638 1.0790e-01     0.0853    97.8896     8.0098     1.4976    27.0760    32.2037    21.6319    25.7173    8.06618 0.0000e+00
      34674     85.218     1.9381     2.1969   2.437498   2.873868     2.7021     0.8867      8.137     0.1632     0.1084 1.0790e-01     0.0853    97.8896     8.0134     1.4975    27.0844    32.2008    21.6392    25.7151    8.06784 0.0000e+00
      34677     85.129     1.9343     2.1980   2.437519   2.874070     2.7029     0.8871      8.137     0.1632     0.0690 1.0790e-01     0.0871    97.8462     8.0175     1.4996    27.0880    32.2022    21.6423    25.7161    8.06844 0.0000e+00
      34680     85.040     1.9350     2.1993   2.437539   2.874346     2.7025     0.8867      8.137     0.1583     0.1084 1.0790e-01     0.0889    97.8027     8.0170     1.4977    27.0877    32.2043    21.6420    25.7177    8.06832 0.0000e+00
      34683     84.952     1.9375     2.2082   2.437576   2.874953     2.7029     0.8871      8.137     0.1436     0.1479 1.0790e-01     0.0885    97.8114     8.0154     1.4982    27.0860    32.2030    21.6406    25.7160    8.06788 0.0000e+00
      34686     84.864     1.9491     2.2106   2.437620   2.874881     2.7025     0.8879      8.137     0.1436     0.1479 1.0790e-01     0.0885    97.8114     8.0107     1.5012    27.0767    32.1996    21.6324    25.7131    8.06596 0.0000e+00
      34689     84.775     1.9816     2.2040   2.437738   2.874130     2.7042     0.8875      8.139     0.1436     0.1479 1.0790e-01     0.0885    97.8114     8.0089     1.4984    27.0503    32.1971    21.6095    25.7116    8.06058 0.0000e+00
      34692     84.691     2.0188     2.1964   2.437877   2.873936     2.7042     0.8875      8.136     0.1485     0.1479 1.0790e-01     0.0885    97.8114     8.0023     1.4977    27.0204    32.2024    21.5834    25.7164    8.05444 0.0000e+00
      34695     84.607     2.0476     2.2070   2.437946   2.874928     2.7038     0.8879      8.136     0.1436     0.0690 1.0790e-01     0.0885    97.8114     7.9933     1.4977    26.9967    32.2040    21.5629    25.7168    8.04972 0.0000e+00
      34698     84.525     2.0616     2.2204   2.438022   2.875926     2.7054     0.8879      8.141     0.1436    -0.2074 1.0790e-01     0.0850    97.8983     7.9974     1.4960    26.9858    32.2028    21.5533    25.7149    8.04740 0.0000e+00
      34701     84.446     2.0719     2.2384   2.438071   2.877192     2.7054     0.8879      8.138     0.1436    -0.2074 1.0790e-01     0.0843    97.9157     7.9946     1.4928    26.9776    32.2002    21.5462    25.7115    8.04568 0.0000e+00
      34704     84.370     2.0825     2.2555   2.438115   2.877834     2.7058     0.8879      8.139     0.1436    -0.2074 1.0790e-01     0.0843    97.9157     7.9947     1.4906    26.9692    32.1909    21.5389    25.7028    8.04394 0.0000e+00
      34707     84.297     2.0902     2.2516   2.438154   2.877371     2.7054     0.8879      8.141     0.1436    -0.2074 1.0790e-01     0.0839    97.9244     7.9916     1.4900    26.9632    32.1892    21.5336    25.7017    8.04267 0.0000e+00
      34710     84.230     2.1004     2.2534   2.438214   2.877798     2.7058     0.8879      8.141     0.1485    -0.2469 1.0790e-01     0.0839    97.9244     7.9904     1.4897    26.9553    32.1927    21.5268    25.7043    8.04097 0.0000e+00
      34713     84.162     2.1092     2.2603   2.438262   2.877990     2.7062     0.8879      8.139     0.1485    -0.2469 1.0790e-01     0.0843    97.9157     7.9876     1.4896    26.9484    32.1880    21.5207    25.7001    8.03951 0.0000e+00
      34716     84.100     2.1150     2.2623   2.438308   2.878023     2.7066     0.8879      8.141     0.1534    -0.2074 1.0790e-01     0.0836    97.9331     7.9879     1.4901    26.9441    32.1865    21.5169    25.6987    8.03853 0.0000e+00
      34719     84.039     2.1194     2.2601   2.438323   2.877935     2.7058     0.8883      8.141     0.1436    -0.2074 1.0790e-01     0.0807    98.0026     7.9818     1.4929    26.9406    32.1877    21.5139    25.6999    8.03781 0.0000e+00
      34722     83.981     2.1231     2.2552   2.438353   2.877469     2.7083     0.8879      8.141     0.1436     0.0295 1.0790e-01     0.0807    98.0026     7.9906     1.4933    26.9378    32.1869    21.5115    25.6996    8.03720 0.0000e+00
      34725     83.925     2.1259     2.2537   2.438389   2.877341     2.7066     0.8879      8.141     0.1436     0.8586 1.0790e-01     0.0807    98.0026     7.9848     1.4946    26.9359    32.1869    21.5098    25.6997    8.03671 0.0000e+00
      34728     83.874     2.1277     2.2495   2.438433   2.877103     2.7083     0.8879      8.141     0.1485     0.7796 1.0790e-01     0.0811    97.9939     7.9915     1.4953    26.9349    32.1882    21.5089    25.7010    8.03639 0.0000e+00
      34731     83.825     2.1288     2.2505   2.438443   2.877204     2.7078     0.8887      8.141     0.1436     0.8586 1.0790e-01     0.0807    98.0026     7.9893     1.4991    26.9341    32.1884    21.5082    25.7012    8.03620 0.0000e+00
      34734     83.779     2.1298     2.2489   2.438465   2.876795     2.7087     0.8883      8.141     0.1485     0.8191 1.0790e-01     0.0807    98.0026     7.9909     1.4982    26.9336    32.1851    21.5077    25.6986    8.03603 0.0000e+00
      34737     83.736     2.1305     2.2457   2.438497   2.876743     2.7074     0.8883      8.141     0.1436     0.8586 1.0790e-01     0.0804    98.0113     7.9855     1.4983    26.9334    32.1877    21.5075    25.7009    8.03588 0.0000e+00
      34740     83.695     2.1315     2.2438   2.438524   2.876777     2.7087     0.8891      8.141     0.1534     0.8586 1.0790e-01     0.0789    98.0460     7.9893     1.5008    26.9328    32.1901    21.5070    25.7030    8.03571 0.0000e+00
      34743     83.655     2.1333     2.2451   2.438547   2.877279     2.7083     0.8887      8.141     0.1436     0.8586 1.0790e-01     0.0789    98.0460     7.9863     1.4983    26.9317    32.1950    21.5060    25.7068    8.03541 0.0000e+00
      34746     83.615     2.1351     2.2516   2.438603   2.877655     2.7099     0.8891      8.141     0.1485     0.8586 1.0790e-01     0.0789    98.0460     7.9900     1.5016    26.9308    32.1930    21.5052    25.7048    8.03507 0.0000e+00
      34749     83.576     2.1366     2.2585   2.438615   2.877840     2.7095     0.8887      8.141     0.1485     1.0954 1.0790e-01     0.0789    98.0460     7.9885     1.4983    26.9297    32.1884    21.5042    25.7005    8.03483 0.0000e+00
      34752     83.538     2.1388     2.2663   2.438652   2.878434     2.7099     0.8891      8.141     0.1436     1.3323 1.0790e-01     0.0789    98.0460     7.9893     1.4983    26.9283    32.1878    21.5029    25.6995    8.03444 0.0000e+00
      34755     83.498     2.1389     2.2750   2.438676   2.878813     2.7095     0.8891      8.141     0.1436     1.3323 1.0790e-01     0.0789    98.0460     7.9901     1.4961    26.9285    32.1837    21.5031    25.6955    8.03440 0.0000e+00
      34758     83.461     2.1331     2.2821   2.438699   2.879340     2.7099     0.8891      8.141     0.1436     1.3323 1.0790e-01     0.0811    97.9939     7.9935     1.4951    26.9337    32.1831    21.5076    25.6945    8.03533 0.0000e+00
      34761     83.425     2.1240     2.2840   2.438671   2.879376     2.7103     0.8891      8.141     0.1583     1.3323 1.0790e-01     0.0821    97.9678     7.9972     1.4953    26.9411    32.1816    21.5140    25.6932    8.03682 0.0000e+00
