Datasets/AZMP/COO001/79001051.cnv
* Sea-Bird SBE 9 Data File:
* FileName = C:\CTDDATA\79001051.hex
* Software Version Seasave V 7.26.7.110
* Temperature SN = 5660
* Conductivity SN = 3698
* Number of Bytes Per Scan = 30
* Number of Voltage Words = 4
* Number of Scans Averaged by the Deck Unit = 1
* NMEA baud rate = 9600
** VESSEL/TRIP/SEQ STN:  79001051
** LATITUDE XX XX.XX N:  47 00.00  N
** LONGITUDE XX XX.XX W:  44 13.90 W
** SOUNDING DEPTH (M):  0278
** PROBE TYPE: S1257
** CTD NUMBER: 026
** COMMENTS (14 CHAR): FC-29
** BOTTLES:  20
** LEVELS: 5,5,5,5,10,20,20,20,20,30,40,50,50,50,75,100,100,100,150,BTM
** STICKERS: 434986 - 435005
** VNET: Y
** DO2: N
# nquan = 22
# nvalues = 6204                        
# units = specified
# name 0 = scan: Scan Count
# name 1 = prDM: Pressure, Digiquartz [db]
# name 2 = t090C: Temperature [ITS-90, deg C]
# name 3 = t190C: Temperature, 2 [ITS-90, deg C]
# name 4 = c0S/m: Conductivity [S/m]
# name 5 = c1S/m: Conductivity, 2 [S/m]
# name 6 = sbeox0V: Oxygen raw, SBE 43 [V]
# name 7 = sbeox1V: Oxygen raw, SBE 43, 2 [V]
# name 8 = ph: pH
# name 9 = flECO-AFL: Fluorescence, WET Labs ECO-AFL/FL [mg/m^3]
# name 10 = wetCDOM: Fluorescence, WET Labs CDOM [mg/m^3]
# name 11 = par/sat/log: PAR/Logarithmic, Satlantic [umol photons/m^2/sec]
# name 12 = CStarAt0: Beam Attenuation, WET Labs C-Star [1/m]
# name 13 = CStarTr0: Beam Transmission, WET Labs C-Star [%]
# name 14 = sbeox0ML/L: Oxygen, SBE 43 [ml/l], WS = 2
# name 15 = sbeox1ML/L: Oxygen, SBE 43, 2 [ml/l], WS = 2
# name 16 = sal00: Salinity, Practical [PSU]
# name 17 = sal11: Salinity, Practical, 2 [PSU]
# name 18 = sigma-t00: Density [sigma-t, kg/m^3 ]
# name 19 = sigma-t11: Density, 2 [sigma-t, kg/m^3 ]
# name 20 = oxsatML/L: Oxygen Saturation, Weiss [ml/l]
# name 21 = flag: flag
# span 0 =         80,      61346       
# span 1 =      0.315,    268.370       
# span 2 =     3.3267,     7.4791       
# span 3 =     3.3260,     7.4809       
# span 4 =   0.487751,   3.463351       
# span 5 =   0.453710,   3.463542       
# span 6 =     2.2015,     2.7884       
# span 7 =     2.1710,     2.7493       
# span 8 =      7.997,      8.195       
# span 9 =    -0.0176,     2.0533       
# span 10 =    -2.8130,   482.1870      
# span 11 = 1.0777e-01, 1.1434e+02      
# span 12 =     0.0472,     4.3437      
# span 13 =    33.7591,    98.8281      
# span 14 =     5.6492,     7.0497      
# span 15 =     5.9084,     7.9956      
# span 16 =     4.0704,    34.8655      
# span 17 =     3.7923,    34.8652      
# span 18 =     3.1119,    27.6824      
# span 19 =     2.9060,    27.6813      
# span 20 =    6.73906,    8.22340      
# span 21 = 0.0000e+00, 0.0000e+00      
# interval = scans: 3                   
# start_time = Nov 28 2019 12:25:37 [System UTC, header]
# bad_flag = -9.990e-29
*END*
[from data line 6190]
      61261      1.595     7.4664     7.4635   3.461928   3.461817     2.5888     2.7488      8.193     0.9251    -0.5627 8.3111e+01     0.2152    94.7613     6.1389     7.1235    33.8066    33.8082    26.4138    26.4154    6.74059 0.0000e+00
      61264      1.526     7.4665     7.4635   3.461928   3.461807     2.5941     2.7484      8.193     0.9202    -0.5627 7.7916e+01     0.2163    94.7352     6.1518     7.1207    33.8066    33.8081    26.4138    26.4154    6.74058 0.0000e+00
      61267      1.462     7.4664     7.4636   3.461920   3.461811     2.5954     2.7488      8.192     0.9348    -0.5627 7.8623e+01     0.2167    94.7265     6.1549     7.1209    33.8066    33.8082    26.4137    26.4154    6.74059 0.0000e+00
      61270      1.413     7.4665     7.4636   3.461941   3.461801     2.5945     2.7480      8.192     0.9348    -0.5627 7.7183e+01     0.2174    94.7092     6.1541     7.1179    33.8068    33.8080    26.4139    26.4153    6.74058 0.0000e+00
      61283      1.381     7.4666     7.4634   3.461942   3.461779     2.5896     2.7447      8.192     0.9299    -0.6416 6.7624e+01     0.2170    94.7179     6.1285     7.0146    33.8067    33.8080    26.4138    26.4153    6.74056 0.0000e+00
      61306      1.321     7.4666     7.4634   3.461880   3.461845     2.5827     2.7358      8.190     0.9153    -0.6811 5.4129e+01     0.2163    94.7352     6.0696     6.7837    33.8060    33.8087    26.4133    26.4159    6.74059 0.0000e+00
      61309      1.224     7.4660     7.4642   3.461784   3.461908     2.5803     2.7317      8.193     0.9153    -0.6811 6.0402e+01     0.2163    94.7352     6.0474     6.7431    33.8056    33.8087    26.4130    26.4158    6.74070 0.0000e+00
      61312      1.103     7.4656     7.4644   3.461735   3.461911     2.5779     2.7272      8.193     0.9055    -0.6811 8.4445e+01     0.2163    94.7352     6.0247     6.7038    33.8055    33.8086    26.4130    26.4157    6.74076 0.0000e+00
      61315      0.959     7.4650     7.4645   3.461652   3.461897     2.5746     2.7223      8.190     0.9153    -0.6811 9.6141e+01     0.2163    94.7352     5.9995     6.6685    33.8052    33.8084    26.4129    26.4155    6.74086 0.0000e+00
      61318      0.796     7.4646     7.4639   3.461599   3.461797     2.5722     2.7174      8.193     0.9153    -0.6811 9.5699e+01     0.2167    94.7265     5.9775     6.6371    33.8052    33.8080    26.4129    26.4153    6.74093 0.0000e+00
      61321      0.627     7.4642     7.4629   3.461656   3.461720     2.5685     2.7138      8.193     0.9153    -0.7206 9.4817e+01     0.2255    94.5180     5.9525     6.6149    33.8062    33.8082    26.4138    26.4155    6.74094 0.0000e+00
      61324      0.474     7.4640     7.4628   3.461268   3.461689     2.5636     2.7093      8.195     0.9202    -0.6811 9.5146e+01     0.2322    94.3616     5.9254     6.5932    33.8024    33.8080    26.4108    26.4154    6.74116 0.0000e+00
      61327      0.362     7.4634     7.4609   3.248984   3.019482     2.5612     2.7052      8.193     0.9104    -0.6811 9.6366e+01     0.2318    94.3703     5.9962     6.7841    31.5293    29.1156    24.6251    22.7315    6.84232 0.0000e+00
      61346      0.315     7.2034     6.9810   0.487751   0.453710     2.5294     2.6759      8.191     0.8860     4.7670 1.0389e+02     4.3437    33.7591     7.0417     7.9956     4.0704     3.7923     3.1119     2.9060    8.22340 0.0000e+00
