Datasets/AZMP/COO001/79001010.cnv
* Sea-Bird SBE 9 Data File:
* FileName = C:\CTDDATA\79001010.hex
* Software Version Seasave V 7.26.7.110
* Temperature SN = 5811
* Conductivity SN = 4531
* Number of Bytes Per Scan = 30
* Number of Voltage Words = 4
* Number of Scans Averaged by the Deck Unit = 1
* NMEA baud rate = 9600
** VESSEL/TRIP/SEQ STN:  79001010
** LATITUDE XX XX.XX N:  46 46.42 N
** LONGITUDE XX XX.XX W:  55 37.14 W
** SOUNDING DEPTH (M):  0097
** PROBE TYPE (S1221): S1221
** CTD NUMBER: 003
** COMMENTS (14 CHAR):  SWSPB-01
** BOTTLES:  20
** LEVELS: 5,5,5,5,10,20,20,20,20,30,40,50,50,50,75,BTM,BTM,BTM, BTM,BTM
** STICKERS: 434598 - 434617
** VNET: Y
** DO2: N
# nquan = 22
# nvalues = 2400                        
# units = specified
# name 0 = scan: Scan Count
# name 1 = prDM: Pressure, Digiquartz [db]
# name 2 = t090C: Temperature [ITS-90, deg C]
# name 3 = t190C: Temperature, 2 [ITS-90, deg C]
# name 4 = c0S/m: Conductivity [S/m]
# name 5 = c1S/m: Conductivity, 2 [S/m]
# name 6 = sbeox0V: Oxygen raw, SBE 43 [V]
# name 7 = sbeox1V: Oxygen raw, SBE 43, 2 [V]
# name 8 = ph: pH
# name 9 = flECO-AFL: Fluorescence, WET Labs ECO-AFL/FL [mg/m^3]
# name 10 = wetCDOM: Fluorescence, WET Labs CDOM [mg/m^3]
# name 11 = par/sat/log: PAR/Logarithmic, Satlantic [umol photons/m^2/sec]
# name 12 = CStarAt0: Beam Attenuation, WET Labs C-Star [1/m]
# name 13 = CStarTr0: Beam Transmission, WET Labs C-Star [%]
# name 14 = sbeox0ML/L: Oxygen, SBE 43 [ml/l], WS = 2
# name 15 = sbeox1ML/L: Oxygen, SBE 43, 2 [ml/l], WS = 2
# name 16 = sal00: Salinity, Practical [PSU]
# name 17 = sal11: Salinity, Practical, 2 [PSU]
# name 18 = sigma-t00: Density [sigma-t, kg/m^3 ]
# name 19 = sigma-t11: Density, 2 [sigma-t, kg/m^3 ]
# name 20 = oxsatML/L: Oxygen Saturation, Weiss [ml/l]
# name 21 = flag: flag
# span 0 =        535,      35943       
# span 1 =      1.500,     89.440       
# span 2 =     0.6319,     6.1775       
# span 3 =     0.6268,     6.1781       
# span 4 =   2.768975,   3.154841       
# span 5 =   2.768472,   3.154866       
# span 6 =     2.4676,     3.1969       
# span 7 =     2.4060,     2.5461       
# span 8 =      8.080,      8.178       
# span 9 =     0.0753,     0.9740       
# span 10 =    -1.0780,   108.9220      
# span 11 = 1.1773e-01, 6.0819e+01      
# span 12 =    -0.1046,    -0.0425      
# span 13 =   101.0676,   102.6501      
# span 14 =     5.6132,    10.3955      
# span 15 =     7.5470,     8.3802      
# span 16 =    31.6641,    32.4867      
# span 17 =    31.6639,    32.4865      
# span 18 =    24.8961,    26.0457      
# span 19 =    24.8959,    26.0455      
# span 20 =    7.04449,    8.04842      
# span 21 = 0.0000e+00, 0.0000e+00      
# interval = scans: 3                   
# start_time = Nov 18 2019 19:02:46 [System UTC, header]
# bad_flag = -9.990e-29
*END*
        535      2.212     6.1769     6.1781   3.154717   3.154787     2.6634     2.5446      8.173     0.6101     3.3274 6.0819e+01    -0.0632   101.5921     7.4812     7.5711    31.6646    31.6642    24.8965    24.8961    7.04459 0.0000e+00
        543      2.258     6.1766     6.1780   3.154683   3.154797     2.6646     2.5446      8.173     0.6028     3.4527 5.9098e+01    -0.0632   101.5921     7.4859     7.5709    31.6645    31.6644    24.8965    24.8962    7.04465 0.0000e+00
        549      2.296     6.1772     6.1778   3.154729   3.154788     2.6642     2.5446      8.173     0.5954     3.6408 5.7398e+01    -0.0625   101.5740     7.4844     7.5707    31.6644    31.6645    24.8964    24.8964    7.04455 0.0000e+00
        552      2.321     6.1768     6.1778   3.154716   3.154774     2.6642     2.5446      8.173     0.5930     3.6408 5.7199e+01    -0.0621   101.5650     7.4846     7.5695    31.6646    31.6643    24.8965    24.8962    7.04460 0.0000e+00
        555      2.347     6.1769     6.1773   3.154678   3.154769     2.6654     2.5442      8.173     0.5954     3.6318 5.6738e+01    -0.0617   101.5559     7.4895     7.5672    31.6641    31.6648    24.8961    24.8966    7.04461 0.0000e+00
        558      2.381     6.1774     6.1777   3.154747   3.154794     2.6650     2.5442      8.173     0.6003     3.6229 5.6280e+01    -0.0621   101.5650     7.4883     7.5665    31.6644    31.6646    24.8963    24.8964    7.04452 0.0000e+00
        561      2.422     6.1775     6.1776   3.154772   3.154784     2.6663     2.5433      8.173     0.5954     3.6408 5.5826e+01    -0.0621   101.5650     7.4927     7.5632    31.6645    31.6646    24.8964    24.8964    7.04449 0.0000e+00
        564      2.461     6.1775     6.1776   3.154782   3.154779     2.6646     2.5433      8.173     0.5954     3.6229 5.5375e+01    -0.0621   101.5650     7.4868     7.5636    31.6646    31.6646    24.8965    24.8964    7.04449 0.0000e+00
        567      2.502     6.1771     6.1777   3.154748   3.154801     2.6659     2.5442      8.173     0.5954     3.6318 5.4612e+01    -0.0621   101.5650     7.4916     7.5668    31.6646    31.6646    24.8965    24.8965    7.04456 0.0000e+00
        570      2.552     6.1774     6.1775   3.154761   3.154781     2.6663     2.5433      8.173     0.6003     3.6408 5.3796e+01    -0.0603   101.5197     7.4928     7.5645    31.6645    31.6646    24.8963    24.8964    7.04451 0.0000e+00
        573      2.604     6.1765     6.1779   3.154725   3.154813     2.6663     2.5433      8.173     0.6077     3.5781 5.3547e+01    -0.0600   101.5107     7.4931     7.5656    31.6648    31.6646    24.8967    24.8964    7.04464 0.0000e+00
        576      2.656     6.1763     6.1779   3.154704   3.154837     2.6658     2.5429      8.173     0.6077     3.5423 5.3609e+01    -0.0600   101.5107     7.4910     7.5652    31.6648    31.6648    24.8968    24.8965    7.04468 0.0000e+00
        579      2.714     6.1759     6.1765   3.154682   3.154730     2.6671     2.5433      8.173     0.6126     3.5423 5.3610e+01    -0.0603   101.5197     7.4947     7.5679    31.6649    31.6648    24.8969    24.8967    7.04474 0.0000e+00
        582      2.774     6.1752     6.1745   3.154629   3.154547     2.6667     2.5429      8.173     0.6101     3.5423 5.2565e+01    -0.0600   101.5107     7.4936     7.5665    31.6649    31.6647    24.8970    24.8969    7.04485 0.0000e+00
        585      2.838     6.1753     6.1736   3.154661   3.154539     2.6671     2.5433      8.173     0.6077     3.5423 5.2261e+01    -0.0603   101.5197     7.4951     7.5680    31.6652    31.6653    24.8972    24.8975    7.04483 0.0000e+00
        588      2.896     6.1740     6.1728   3.154511   3.154482     2.6675     2.5433      8.173     0.6126     3.5423 5.1960e+01    -0.0600   101.5107     7.4966     7.5672    31.6647    31.6655    24.8969    24.8977    7.04507 0.0000e+00
        591      2.953     6.1741     6.1735   3.154574   3.154523     2.6675     2.5425      8.173     0.6126     3.5423 5.1362e+01    -0.0628   101.5831     7.4958     7.5640    31.6653    31.6653    24.8974    24.8975    7.04503 0.0000e+00
        594      3.010     6.1737     6.1745   3.154543   3.154602     2.6675     2.5429      8.173     0.6077     3.5423 5.1243e+01    -0.0632   101.5921     7.4956     7.5656    31.6653    31.6652    24.8974    24.8973    7.04509 0.0000e+00
        597      3.063     6.1747     6.1752   3.154643   3.154688     2.6679     2.5433      8.173     0.6101     3.5512 5.1125e+01    -0.0632   101.5921     7.4962     7.5668    31.6654    31.6654    24.8974    24.8974    7.04492 0.0000e+00
        600      3.112     6.1750     6.1761   3.154677   3.154760     2.6679     2.5425      8.173     0.5735     3.6318 5.0420e+01    -0.0628   101.5831     7.4959     7.5632    31.6655    31.6654    24.8974    24.8972    7.04486 0.0000e+00
        603      3.156     6.1749     6.1766   3.154665   3.154786     2.6679     2.5425      8.173     0.5686     3.6229 5.0303e+01    -0.0632   101.5921     7.4955     7.5613    31.6654    31.6652    24.8974    24.8970    7.04488 0.0000e+00
        606      3.203     6.1747     6.1762   3.154635   3.154761     2.6683     2.5421      8.173     0.5710     3.6229 4.9897e+01    -0.0632   101.5921     7.4964     7.5602    31.6652    31.6653    24.8973    24.8971    7.04492 0.0000e+00
        609      3.248     6.1750     6.1756   3.154685   3.154707     2.6687     2.5421      8.173     0.5637     3.6408 4.9266e+01    -0.0621   101.5650     7.4969     7.5606    31.6655    31.6652    24.8974    24.8971    7.04486 0.0000e+00
        612      3.287     6.1744     6.1770   3.154630   3.154773     2.6679     2.5421      8.173     0.5686     3.6318 4.8755e+01    -0.0621   101.5650     7.4934     7.5610    31.6654    31.6646    24.8975    24.8965    7.04497 0.0000e+00
        615      3.327     6.1743     6.1777   3.154607   3.154770     2.6691     2.5421      8.173     0.5710     3.6318 4.8642e+01    -0.0621   101.5650     7.4970     7.5626    31.6653    31.6639    24.8973    24.8959    7.04499 0.0000e+00
        618      3.366     6.1748     6.1765   3.154673   3.154751     2.6683     2.5417      8.173     0.5686     3.6318 4.8250e+01    -0.0621   101.5650     7.4935     7.5612    31.6655    31.6648    24.8975    24.8967    7.04490 0.0000e+00
        621      3.402     6.1755     6.1772   3.154728   3.154854     2.6687     2.5421      8.173     0.5686     3.6229 4.7639e+01    -0.0621   101.5650     7.4944     7.5624    31.6655    31.6653    24.8974    24.8970    7.04479 0.0000e+00
        624      3.436     6.1764     6.1775   3.154802   3.154866     2.6691     2.5413      8.173     0.5710     3.6676 4.7364e+01    -0.0621   101.5650     7.4950     7.5604    31.6654    31.6651    24.8972    24.8969    7.04463 0.0000e+00
        627      3.475     6.1770     6.1768   3.154841   3.154794     2.6691     2.5409      8.173     0.5710     3.7840 4.6874e+01    -0.0621   101.5650     7.4944     7.5592    31.6653    31.6649    24.8971    24.8968    7.04454 0.0000e+00
        630      3.525     6.1765     6.1751   3.154783   3.154692     2.6687     2.5421      8.173     0.5759     3.7840 4.5961e+01    -0.0610   101.5378     7.4921     7.5640    31.6651    31.6654    24.8969    24.8973    7.04463 0.0000e+00
        633      3.583     6.1762     6.1752   3.154774   3.154698     2.6691     2.5413      8.173     0.5784     3.7840 4.5379e+01    -0.0600   101.5107     7.4936     7.5610    31.6652    31.6653    24.8971    24.8973    7.04468 0.0000e+00
        636      3.640     6.1761     6.1759   3.154765   3.154737     2.6683     2.5417      8.173     0.5735     3.7840 4.5221e+01    -0.0600   101.5107     7.4909     7.5627    31.6652    31.6651    24.8971    24.8970    7.04470 0.0000e+00
        639      3.688     6.1756     6.1763   3.154757   3.154780     2.6687     2.5421      8.173     0.5735     3.7840 4.5274e+01    -0.0600   101.5107     7.4924     7.5647    31.6656    31.6651    24.8974    24.8970    7.04477 0.0000e+00
        642      3.739     6.1754     6.1756   3.154734   3.154745     2.6691     2.5409      8.173     0.5759     3.7840 4.5169e+01    -0.0600   101.5107     7.4946     7.5609    31.6655    31.6654    24.8974    24.8973    7.04480 0.0000e+00
        645      3.795     6.1750     6.1748   3.154697   3.154637     2.6691     2.5409      8.173     0.5759     3.7840 4.4856e+01    -0.0600   101.5107     7.4944     7.5616    31.6654    31.6649    24.8974    24.8970    7.04487 0.0000e+00
        648      3.850     6.1748     6.1741   3.154692   3.154601     2.6687     2.5409      8.173     0.5759     3.7840 4.4649e+01    -0.0600   101.5107     7.4938     7.5628    31.6655    31.6651    24.8975    24.8973    7.04490 0.0000e+00
        651      3.903     6.1733     6.1740   3.154531   3.154608     2.6691     2.5409      8.173     0.5833     3.7213 4.4237e+01    -0.0635   101.6011     7.4970     7.5623    31.6650    31.6652    24.8973    24.8974    7.04516 0.0000e+00
        654      3.958     6.1728     6.1744   3.154540   3.154631     2.6687     2.5409      8.173     0.5857     3.6497 4.3729e+01    -0.0653   101.6463     7.4964     7.5622    31.6656    31.6651    24.8979    24.8972    7.04523 0.0000e+00
        657      4.016     6.1735     6.1742   3.154609   3.154622     2.6691     2.5409      8.173     0.5930     3.6497 4.3275e+01    -0.0657   101.6554     7.4985     7.5636    31.6657    31.6652    24.8978    24.8973    7.04511 0.0000e+00
        660      4.076     6.1732     6.1751   3.154565   3.154689     2.6691     2.5409      8.173     0.5906     3.6497 4.2975e+01    -0.0653   101.6463     7.4990     7.5638    31.6655    31.6651    24.8977    24.8971    7.04517 0.0000e+00
        663      4.134     6.1743     6.1750   3.154698   3.154697     2.6695     2.5409      8.173     0.5906     3.6497 4.2679e+01    -0.0653   101.6463     7.4992     7.5652    31.6658    31.6652    24.8978    24.8972    7.04496 0.0000e+00
        666      4.191     6.1744     6.1747   3.154660   3.154664     2.6695     2.5409      8.173     0.5906     3.6497 4.2334e+01    -0.0653   101.6463     7.4985     7.5667    31.6653    31.6651    24.8974    24.8972    7.04497 0.0000e+00
        669      4.252     6.1741     6.1724   3.154652   3.154546     2.6695     2.5409      8.173     0.5857     3.6497 4.1751e+01    -0.0646   101.6282     7.4977     7.5671    31.6654    31.6659    24.8976    24.8981    7.04501 0.0000e+00
        672      4.314     6.1740     6.1662   3.154649   3.154030     2.6699     2.5409      8.173     0.5881     3.6497 4.1126e+01    -0.0642   101.6192     7.4981     7.5678    31.6655    31.6659    24.8976    24.8989    7.04503 0.0000e+00
        675      4.375     6.1743     6.1702   3.154676   3.154349     2.6703     2.5409      8.173     0.5857     3.6497 4.0842e+01    -0.0642   101.6192     7.4970     7.5670    31.6655    31.6657    24.8976    24.8982    7.04498 0.0000e+00
        678      4.432     6.1738     6.1715   3.154580   3.154437     2.6699     2.5409      8.173     0.5857     3.9810 4.0559e+01    -0.0642   101.6192     7.4935     7.5664    31.6649    31.6654    24.8971    24.8978    7.04509 0.0000e+00
        681      4.493     6.1690     6.1696   3.154113   3.154286     2.6703     2.5409      8.173     0.5881     4.0795 4.0139e+01    -0.0642   101.6192     7.4930     7.5668    31.6642    31.6655    24.8971    24.8981    7.04593 0.0000e+00
        684      4.555     6.1646     6.1705   3.153866   3.154390     2.6699     2.5409      8.173     0.5906     4.0795 3.9769e+01    -0.0642   101.6192     7.4893     7.5662    31.6655    31.6658    24.8988    24.8982    7.04661 0.0000e+00
        687      4.624     6.1631     6.1701   3.153922   3.154374     2.6695     2.5409      8.175     0.5881     4.0795 3.9311e+01    -0.0642   101.6192     7.4852     7.5662    31.6675    31.6659    24.9005    24.8984    7.04676 0.0000e+00
        690      4.696     6.1678     6.1713   3.154279   3.154438     2.6691     2.5409      8.173     0.5930     4.0795 3.8635e+01    -0.0632   101.5921     7.4804     7.5664    31.6670    31.6655    24.8995    24.8979    7.04599 0.0000e+00
        693      4.767     6.1668     6.1684   3.153974   3.154208     2.6691     2.5409      8.173     0.5906     4.0795 3.8014e+01    -0.0632   101.5921     7.4782     7.5674    31.6646    31.6656    24.8977    24.8984    7.04628 0.0000e+00
        696      4.842     6.1610     6.1662   3.153674   3.154075     2.6687     2.5405      8.173     0.5857     4.0795 3.7489e+01    -0.0632   101.5921     7.4756     7.5665    31.6665    31.6661    24.9000    24.8990    7.04715 0.0000e+00
        699      4.919     6.1635     6.1647   3.153962   3.153996     2.6679     2.5405      8.173     0.5906     4.0795 3.6886e+01    -0.0632   101.5921     7.4720     7.5666    31.6674    31.6667    24.9003    24.8997    7.04669 0.0000e+00
        702      4.999     6.1653     6.1650   3.154025   3.154044     2.6679     2.5409      8.173     0.5881     4.0616 3.6462e+01    -0.0632   101.5921     7.4706     7.5674    31.6664    31.6669    24.8993    24.8998    7.04644 0.0000e+00
        705      5.073     6.1653     6.1646   3.154120   3.153988     2.6667     2.5405      8.173     0.6126     3.8915 3.6042e+01    -0.0632   101.5921     7.4660     7.5652    31.6674    31.6666    24.9002    24.8996    7.04640 0.0000e+00
        708      5.150     6.1683     6.1662   3.154284   3.154083     2.6667     2.5405      8.173     0.6101     3.8915 3.5669e+01    -0.0632   101.5921     7.4661     7.5640    31.6664    31.6661    24.8989    24.8991    7.04594 0.0000e+00
        711      5.231     6.1670     6.1689   3.154138   3.154288     2.6658     2.5409      8.173     0.6101     3.8915 3.5177e+01    -0.0642   101.6192     7.4642     7.5641    31.6659    31.6658    24.8988    24.8985    7.04618 0.0000e+00
        714      5.311     6.1668     6.1692   3.154171   3.154309     2.6654     2.5409      8.173     0.6101     3.8915 3.4731e+01    -0.0657   101.6554     7.4654     7.5634    31.6665    31.6658    24.8992    24.8984    7.04619 0.0000e+00
        717      5.390     6.1670     6.1700   3.154158   3.154372     2.6659     2.5409      8.173     0.6126     3.8915 3.4412e+01    -0.0653   101.6463     7.4690     7.5627    31.6660    31.6657    24.8989    24.8981    7.04617 0.0000e+00
        720      5.472     6.1667     6.1697   3.154153   3.154336     2.6650     2.5405      8.173     0.6126     3.8915 3.4055e+01    -0.0657   101.6554     7.4680     7.5589    31.6663    31.6655    24.8991    24.8982    7.04621 0.0000e+00
        723      5.564     6.1672     6.1686   3.154197   3.154300     2.6654     2.5405      8.173     0.6126     3.8915 3.3585e+01    -0.0657   101.6554     7.4708     7.5573    31.6662    31.6661    24.8990    24.8987    7.04613 0.0000e+00
        726      5.664     6.1679     6.1678   3.154279   3.154185     2.6642     2.5401      8.173     0.6077     3.8915 3.3122e+01    -0.0657   101.6554     7.4689     7.5546    31.6664    31.6655    24.8991    24.8984    7.04601 0.0000e+00
        729      5.766     6.1689     6.1641   3.154338   3.153994     2.6642     2.5401      8.175     0.6028     3.8825 3.2552e+01    -0.0653   101.6463     7.4695     7.5547    31.6661    31.6668    24.8987    24.8998    7.04585 0.0000e+00
        732      5.864     6.1672     6.1588   3.154187   3.153537     2.6642     2.5397      8.173     0.5954     3.8646 3.2065e+01    -0.0660   101.6644     7.4705     7.5533    31.6659    31.6666    24.8988    24.9003    7.04614 0.0000e+00
        735      5.960     6.1647     6.1524   3.153979   3.153027     2.6642     2.5397      8.173     0.5954     3.8646 3.1514e+01    -0.0664   101.6735     7.4713     7.5537    31.6660    31.6668    24.8991    24.9013    7.04657 0.0000e+00
