Datasets/AZMP/COO001/79001030.cnv
* Sea-Bird SBE 9 Data File:
* FileName = C:\CTDDATA\79001030.hex
* Software Version Seasave V 7.26.7.110
* Temperature SN = 5660
* Conductivity SN = 3698
* Number of Bytes Per Scan = 30
* Number of Voltage Words = 4
* Number of Scans Averaged by the Deck Unit = 1
* NMEA baud rate = 9600
** VESSEL/TRIP/SEQ STN:  79001030
** LATITUDE XX XX.XX N:  43 38.00 N
** LONGITUDE XX XX.XX W:  50 31.00 W
** SOUNDING DEPTH (M):  0066
** PROBE TYPE: S1257
** CTD NUMBER: 017
** COMMENTS (14 CHAR): SEGB-12
** BOTTLES: 19
** LEVELS: 5,5,5,5,10,20,20,20,20,30,40,50,50,50,50,BTM,BTM,BTM,BTM
** STICKERS: 434802 - 434820
** VNET: Y
** DO2: N
# nquan = 22
# nvalues = 1634                        
# units = specified
# name 0 = scan: Scan Count
# name 1 = prDM: Pressure, Digiquartz [db]
# name 2 = t090C: Temperature [ITS-90, deg C]
# name 3 = t190C: Temperature, 2 [ITS-90, deg C]
# name 4 = c0S/m: Conductivity [S/m]
# name 5 = c1S/m: Conductivity, 2 [S/m]
# name 6 = sbeox0V: Oxygen raw, SBE 43 [V]
# name 7 = sbeox1V: Oxygen raw, SBE 43, 2 [V]
# name 8 = ph: pH
# name 9 = flECO-AFL: Fluorescence, WET Labs ECO-AFL/FL [mg/m^3]
# name 10 = wetCDOM: Fluorescence, WET Labs CDOM [mg/m^3]
# name 11 = par/sat/log: PAR/Logarithmic, Satlantic [umol photons/m^2/sec]
# name 12 = CStarAt0: Beam Attenuation, WET Labs C-Star [1/m]
# name 13 = CStarTr0: Beam Transmission, WET Labs C-Star [%]
# name 14 = sbeox0ML/L: Oxygen, SBE 43 [ml/l], WS = 2
# name 15 = sbeox1ML/L: Oxygen, SBE 43, 2 [ml/l], WS = 2
# name 16 = sal00: Salinity, Practical [PSU]
# name 17 = sal11: Salinity, Practical, 2 [PSU]
# name 18 = sigma-t00: Density [sigma-t, kg/m^3 ]
# name 19 = sigma-t11: Density, 2 [sigma-t, kg/m^3 ]
# name 20 = oxsatML/L: Oxygen Saturation, Weiss [ml/l]
# name 21 = flag: flag
# span 0 =          2,      38973       
# span 1 =      1.699,     60.315       
# span 2 =     3.0748,     6.3028       
# span 3 =     3.0666,     6.3028       
# span 4 =   2.992597,   3.218624       
# span 5 =   2.992561,   3.218837       
# span 6 =     2.7022,     3.0463       
# span 7 =     2.4901,     2.8364       
# span 8 =      8.047,      8.183       
# span 9 =     0.8616,     4.9641       
# span 10 =     0.4243,     2.2798      
# span 11 = 1.0690e-01, 1.2232e+00      
# span 12 =     0.2986,     1.2430      
# span 13 =    73.2888,    92.8061      
# span 14 =     7.3887,     8.0870      
# span 15 =     6.0359,     6.6413      
# span 16 =    32.1700,    32.8479      
# span 17 =    32.2541,    32.8275      
# span 18 =    25.3144,    26.1320      
# span 19 =    25.3464,    26.1173      
# span 20 =    6.99669,    7.54342      
# span 21 = 0.0000e+00, 0.0000e+00      
# interval = scans: 3                   
# start_time = Nov 25 2019 02:57:22 [System UTC, header]
# bad_flag = -9.990e-29
*END*
[from data line 725]
       4293     59.846     3.0919     3.0852   2.993913   2.993634     2.7057     2.4949      8.050     1.1643     1.8060 1.0715e-01     0.8737    80.3797     7.4222     6.0900    32.7746    32.7780    26.1009    26.1042    7.54030 0.0000e+00
       4296     59.888     3.0915     3.0838   2.993920   2.993573     2.7057     2.4945      8.050     1.1643     1.7665 1.0715e-01     0.8888    80.0756     7.4227     6.0921    32.7750    32.7787    26.1012    26.1048    7.54035 0.0000e+00
       4299     59.922     3.0914     3.0848   2.993894   2.993703     2.7057     2.4945      8.050     1.1546     1.6876 1.0715e-01     0.8897    80.0582     7.4230     6.0937    32.7748    32.7792    26.1010    26.1052    7.54038 0.0000e+00
       5378     59.955     3.0825     3.0806   2.993216   2.993325     2.7033     2.4957      8.050     1.4085     2.0035 1.0715e-01     1.0470    76.9994     7.4144     6.0886    32.7756    32.7789    26.1025    26.1053    7.54203 0.0000e+00
       5919     60.006     3.0780     3.0777   2.992856   2.993051     2.7033     2.4957      8.050     1.5160     2.0824 1.0715e-01     1.1262    75.4613     7.4135     6.0833    32.7758    32.7784    26.1030    26.1051    7.54287 0.0000e+00
       5922     60.049     3.0778     3.0773   2.992838   2.993029     2.7033     2.4953      8.047     1.5258     1.7665 1.0715e-01     1.1257    75.4700     7.4142     6.0816    32.7757    32.7786    26.1030    26.1054    7.54291 0.0000e+00
       5925     60.083     3.0782     3.0774   2.992987   2.993050     2.7029     2.4957      8.047     1.5648     1.8060 1.0715e-01     1.1262    75.4613     7.4126     6.0827    32.7772    32.7788    26.1041    26.1054    7.54277 0.0000e+00
       8622     60.120     3.0826     3.0815   2.993237   2.993348     2.7022     2.4909      8.050     1.4037     2.1614 1.0715e-01     0.9823    78.2246     7.4164     6.0737    32.7757    32.7781    26.1025    26.1046    7.54200 0.0000e+00
       8625     60.187     3.0833     3.0820   2.993304   2.993373     2.7022     2.4909      8.049     1.3939     2.1614 1.0715e-01     0.9819    78.2333     7.4167     6.0739    32.7758    32.7779    26.1026    26.1044    7.54187 0.0000e+00
       8628     60.242     3.0836     3.0821   2.993277   2.993371     2.7022     2.4909      8.050     1.3939     2.1614 1.0715e-01     0.9819    78.2333     7.4172     6.0741    32.7751    32.7778    26.1020    26.1042    7.54184 0.0000e+00
       8631     60.287     3.0841     3.0822   2.993349   2.993371     2.7030     2.4909      8.050     1.3988     2.1614 1.0715e-01     0.9819    78.2333     7.4191     6.0743    32.7755    32.7776    26.1022    26.1041    7.54174 0.0000e+00
       8638     60.315     3.0846     3.0819   2.993361   2.993361     2.7026     2.4909      8.050     1.3939     2.0429 1.0715e-01     0.9971    77.9379     7.4169     6.0743    32.7750    32.7778    26.1018    26.1043    7.54165 0.0000e+00
       8648     60.295     3.0851     3.0817   2.993387   2.993335     2.7026     2.4909      8.050     1.4232     1.8060 1.0715e-01     1.0288    77.3209     7.4159     6.0737    32.7749    32.7777    26.1017    26.1042    7.54158 0.0000e+00
       8651     60.257     3.0852     3.0816   2.993397   2.993357     2.7034     2.4909      8.050     1.4672     1.8060 1.0715e-01     1.0275    77.3470     7.4177     6.0737    32.7749    32.7781    26.1017    26.1046    7.54156 0.0000e+00
       8654     60.212     3.0851     3.0814   2.993405   2.993315     2.7026     2.4909      8.050     1.4574     1.8060 1.0715e-01     1.0279    77.3383     7.4135     6.0737    32.7751    32.7778    26.1019    26.1043    7.54156 0.0000e+00
       8657     60.162     3.0856     3.0815   2.993459   2.993336     2.7034     2.4909      8.050     1.4672     1.8060 1.0715e-01     1.0284    77.3296     7.4162     6.0736    32.7753    32.7780    26.1020    26.1045    7.54146 0.0000e+00
       8660     60.105     3.0858     3.0816   2.993418   2.993332     2.7026     2.4909      8.050     1.4623     1.8060 1.0715e-01     1.0311    77.2774     7.4124     6.0736    32.7747    32.7778    26.1014    26.1044    7.54145 0.0000e+00
       8663     60.040     3.0858     3.0816   2.993448   2.993298     2.7034     2.4909      8.050     1.4720     1.8060 1.0715e-01     1.0347    77.2079     7.4144     6.0735    32.7750    32.7775    26.1017    26.1041    7.54143 0.0000e+00
       8666     59.966     3.0860     3.0813   2.993418   2.993272     2.7026     2.4909      8.050     1.4720     1.8060 1.0715e-01     1.0342    77.2166     7.4109     6.0735    32.7745    32.7775    26.1013    26.1042    7.54143 0.0000e+00
       8669     59.886     3.0858     3.0811   2.993395   2.993272     2.7030     2.4909      8.050     1.4672     1.7271 1.0715e-01     1.0342    77.2166     7.4118     6.0735    32.7745    32.7778    26.1013    26.1043    7.54146 0.0000e+00
       8672     59.806     3.0857     3.0807   2.993377   2.993234     2.7034     2.4909      8.050     1.4672     1.6876 1.0715e-01     1.0342    77.2166     7.4128     6.0735    32.7744    32.7778    26.1013    26.1044    7.54149 0.0000e+00
       8675     59.724     3.0854     3.0801   2.993363   2.993204     2.7026     2.4909      8.050     1.3548     1.6876 1.0715e-01     1.0342    77.2166     7.4092     6.0735    32.7746    32.7780    26.1014    26.1046    7.54154 0.0000e+00
       8678     59.640     3.0852     3.0802   2.993321   2.993208     2.7030     2.4909      8.050     1.3158     1.6876 1.0715e-01     1.0342    77.2166     7.4107     6.0734    32.7743    32.7780    26.1012    26.1046    7.54158 0.0000e+00
       8681     59.556     3.0845     3.0806   2.993234   2.993251     2.7026     2.4909      8.050     1.3207     1.6876 1.0715e-01     1.0591    76.7387     7.4094     6.0733    32.7740    32.7782    26.1010    26.1047    7.54173 0.0000e+00
       8684     59.470     3.0841     3.0807   2.993261   2.993220     2.7030     2.4909      8.050     1.3158     1.6876 1.0715e-01     1.0754    76.4259     7.4110     6.0732    32.7748    32.7778    26.1017    26.1044    7.54176 0.0000e+00
       8687     59.387     3.0837     3.0802   2.993182   2.993173     2.7026     2.4909      8.050     1.3158     1.6876 1.0715e-01     1.0749    76.4346     7.4092     6.0726    32.7743    32.7778    26.1013    26.1044    7.54186 0.0000e+00
       8690     59.310     3.0832     3.0795   2.993167   2.993113     2.7026     2.4909      8.050     1.3207     1.6876 1.0715e-01     1.0749    76.4346     7.4095     6.0727    32.7747    32.7778    26.1016    26.1045    7.54194 0.0000e+00
       8693     59.233     3.0832     3.0793   2.993208   2.993107     2.7026     2.4909      8.050     1.3304     1.6876 1.0715e-01     1.0749    76.4346     7.4107     6.0716    32.7752    32.7780    26.1021    26.1047    7.54192 0.0000e+00
       8696     59.167     3.0833     3.0794   2.993187   2.993142     2.7026     2.4909      8.050     1.3255     1.8850 1.0715e-01     1.0749    76.4346     7.4117     6.0708    32.7749    32.7783    26.1018    26.1049    7.54191 0.0000e+00
       8699     59.102     3.0830     3.0795   2.993131   2.993150     2.7026     2.4909      8.050     1.3255     1.9245 1.0715e-01     1.0749    76.4346     7.4130     6.0704    32.7746    32.7783    26.1016    26.1049    7.54199 0.0000e+00
       8702     59.041     3.0826     3.0797   2.993124   2.993143     2.7022     2.4909      8.050     1.3939     1.9245 1.0715e-01     1.0955    76.0435     7.4120     6.0687    32.7749    32.7781    26.1019    26.1047    7.54205 0.0000e+00
       8705     58.990     3.0825     3.0800   2.993110   2.993178     2.7030     2.4909      8.050     1.3939     1.9245 1.0715e-01     1.0982    75.9914     7.4152     6.0672    32.7749    32.7782    26.1019    26.1048    7.54206 0.0000e+00
       8708     58.950     3.0824     3.0801   2.993112   2.993161     2.7026     2.4909      8.050     1.3890     1.9245 1.0715e-01     1.0977    76.0001     7.4144     6.0660    32.7749    32.7779    26.1020    26.1045    7.54207 0.0000e+00
       8711     58.915     3.0825     3.0801   2.993137   2.993152     2.7022     2.4905      8.050     1.3890     1.9245 1.0715e-01     1.0982    75.9914     7.4137     6.0640    32.7753    32.7778    26.1022    26.1045    7.54205 0.0000e+00
       8714     58.884     3.0825     3.0799   2.993149   2.993128     2.7030     2.4909      8.050     1.3939     1.9245 1.0715e-01     1.0982    75.9914     7.4163     6.0647    32.7754    32.7778    26.1023    26.1044    7.54204 0.0000e+00
       8718     58.855     3.0825     3.0796   2.993134   2.993123     2.7034     2.4901      8.050     1.3939     1.9245 1.0715e-01     1.0982    75.9914     7.4180     6.0619    32.7752    32.7781    26.1021    26.1047    7.54204 0.0000e+00
       8747     58.699     3.0821     3.0804   2.993121   2.993146     2.7034     2.4909      8.050     1.4965     2.2403 1.0715e-01     1.0491    76.9299     7.4218     6.0818    32.7755    32.7776    26.1024    26.1042    7.54210 0.0000e+00
       8750     58.674     3.0823     3.0800   2.993130   2.993173     2.7034     2.4909      8.050     1.4965     2.2798 1.0715e-01     1.0482    76.9472     7.4226     6.0824    32.7754    32.7783    26.1023    26.1049    7.54207 0.0000e+00
       8753     58.645     3.0826     3.0814   2.993133   2.993306     2.7038     2.4905      8.050     1.4818     2.2798 1.0715e-01     1.0491    76.9299     7.4236     6.0804    32.7752    32.7786    26.1022    26.1049    7.54203 0.0000e+00
       8756     58.613     3.0826     3.0828   2.993150   2.993371     2.7046     2.4909      8.050     1.4672     2.2798 1.0715e-01     1.0491    76.9299     7.4263     6.0811    32.7754    32.7779    26.1023    26.1043    7.54201 0.0000e+00
       8759     58.578     3.0828     3.0832   2.993131   2.993395     2.7038     2.4909      8.050     1.4672     2.2798 1.0715e-01     1.0491    76.9299     7.4231     6.0811    32.7750    32.7778    26.1020    26.1042    7.54200 0.0000e+00
       8762     58.537     3.0828     3.0845   2.993114   2.993527     2.7042     2.4909      8.050     1.4672     2.2798 1.0715e-01     1.0423    77.0602     7.4226     6.0811    32.7749    32.7782    26.1019    26.1044    7.54202 0.0000e+00
       8765     58.495     3.0832     3.0855   2.993177   2.993563     2.7046     2.4909      8.050     1.4672     2.2798 1.0715e-01     1.0383    77.1384     7.4226     6.0806    32.7752    32.7776    26.1021    26.1038    7.54192 0.0000e+00
       8768     58.449     3.0834     3.0863   2.993190   2.993614     2.7042     2.4909      8.050     1.4672     2.2798 1.0715e-01     1.0383    77.1384     7.4196     6.0797    32.7752    32.7774    26.1021    26.1035    7.54188 0.0000e+00
       8771     58.399     3.0836     3.0872   2.993214   2.993668     2.7046     2.4913      8.050     1.4623     2.2798 1.0715e-01     1.0383    77.1384     7.4191     6.0809    32.7753    32.7771    26.1021    26.1033    7.54184 0.0000e+00
       8774     58.344     3.0837     3.0874   2.993193   2.993699     2.7046     2.4913      8.050     1.4672     2.1614 1.0715e-01     1.0383    77.1384     7.4166     6.0815    32.7750    32.7773    26.1019    26.1035    7.54184 0.0000e+00
       8777     58.289     3.0838     3.0876   2.993213   2.993696     2.7046     2.4909      8.050     1.4720     2.1614 1.0715e-01     1.0387    77.1297     7.4145     6.0808    32.7751    32.7771    26.1020    26.1032    7.54180 0.0000e+00
       8780     58.231     3.0840     3.0878   2.993237   2.993702     2.7046     2.4913      8.050     1.4720     2.1614 1.0715e-01     1.0387    77.1297     7.4130     6.0831    32.7752    32.7770    26.1020    26.1031    7.54175 0.0000e+00
       8783     58.172     3.0843     3.0879   2.993293   2.993713     2.7042     2.4921      8.050     1.4818     2.1614 1.0715e-01     1.0541    76.8343     7.4106     6.0849    32.7756    32.7771    26.1024    26.1032    7.54168 0.0000e+00
       8786     58.115     3.0850     3.0883   2.993346   2.993733     2.7038     2.4921      8.050     1.4818     2.1614 1.0715e-01     1.0545    76.8256     7.4077     6.0839    32.7757    32.7769    26.1023    26.1030    7.54156 0.0000e+00
       8789     58.059     3.0856     3.0882   2.993371   2.993715     2.7038     2.4921      8.049     1.4818     2.1614 1.0715e-01     1.0545    76.8256     7.4058     6.0831    32.7754    32.7769    26.1020    26.1030    7.54146 0.0000e+00
       8792     58.003     3.0859     3.0886   2.993384   2.993743     2.7046     2.4921      8.050     1.4818     2.1614 1.0715e-01     1.0545    76.8256     7.4074     6.0836    32.7752    32.7768    26.1019    26.1030    7.54140 0.0000e+00
       8795     57.950     3.0861     3.0891   2.993362   2.993785     2.7034     2.4921      8.050     1.4818     2.1614 1.0715e-01     1.0545    76.8256     7.4029     6.0833    32.7748    32.7768    26.1015    26.1029    7.54138 0.0000e+00
       8798     57.904     3.0863     3.0894   2.993402   2.993796     2.7034     2.4921      8.050     1.4867     2.1614 1.0715e-01     1.0545    76.8256     7.4023     6.0831    32.7751    32.7767    26.1017    26.1027    7.54133 0.0000e+00
       8801     57.864     3.0866     3.0894   2.993395   2.993813     2.7034     2.4930      8.050     1.4867     2.1614 1.0715e-01     1.0559    76.7995     7.4020     6.0858    32.7747    32.7769    26.1014    26.1029    7.54130 0.0000e+00
       8804     57.831     3.0866     3.0904   2.993359   2.993859     2.7034     2.4925      8.050     1.4818     2.1614 1.0715e-01     1.0600    76.7213     7.4025     6.0837    32.7743    32.7765    26.1011    26.1025    7.54132 0.0000e+00
       9363     57.806     3.0872     3.0882   2.993403   2.993691     2.7030     2.4930      8.050     1.4330     2.1614 1.0715e-01     1.0415    77.0776     7.4048     6.0754    32.7743    32.7767    26.1010    26.1029    7.54121 0.0000e+00
       9644     57.767     3.0872     3.0869   2.993416   2.993589     2.7022     2.4934      8.050     1.5404     2.1614 1.0715e-01     1.0315    77.2688     7.4046     6.0718    32.7744    32.7769    26.1011    26.1031    7.54120 0.0000e+00
       9647     57.730     3.0873     3.0867   2.993440   2.993586     2.7022     2.4934      8.050     1.5648     2.1614 1.0715e-01     1.0329    77.2427     7.4058     6.0707    32.7746    32.7770    26.1013    26.1032    7.54117 0.0000e+00
       9650     57.697     3.0874     3.0868   2.993452   2.993591     2.7022     2.4934      8.050     1.5648     2.1614 1.0715e-01     1.0356    77.1906     7.4063     6.0698    32.7747    32.7770    26.1013    26.1032    7.54114 0.0000e+00
       9653     57.666     3.0874     3.0873   2.993461   2.993635     2.7022     2.4934      8.050     1.5551     2.1614 1.0715e-01     1.0491    76.9299     7.4083     6.0693    32.7748    32.7771    26.1014    26.1032    7.54113 0.0000e+00
       9656     57.640     3.0874     3.0875   2.993440   2.993636     2.7022     2.4934      8.050     1.5599     2.1614 1.0715e-01     1.0482    76.9472     7.4099     6.0681    32.7746    32.7769    26.1013    26.1031    7.54115 0.0000e+00
       9699     57.616     3.0868     3.0877   2.993403   2.993636     2.7034     2.4930      8.050     1.7407     2.0824 1.0715e-01     1.0523    76.8691     7.4170     6.0716    32.7747    32.7767    26.1014    26.1029    7.54125 0.0000e+00
       9782     57.583     3.0861     3.0875   2.993318   2.993640     2.7059     2.4934      8.050     2.1119     1.9245 1.0715e-01     1.0586    76.7474     7.4282     6.0842    32.7745    32.7770    26.1013    26.1031    7.54141 0.0000e+00
       9785     57.537     3.0861     3.0878   2.993338   2.993689     2.7059     2.4934      8.050     2.1119     1.9245 1.0715e-01     1.0586    76.7474     7.4268     6.0833    32.7748    32.7772    26.1015    26.1033    7.54139 0.0000e+00
