Datasets/AZMP/COO001/79001094.cnv
* Sea-Bird SBE 9 Data File:
* FileName = C:\CTDDATA\79001094.hex
* Software Version Seasave V 7.26.7.110
* Temperature SN = 5660
* Conductivity SN = 3698
* Number of Bytes Per Scan = 30
* Number of Voltage Words = 4
* Number of Scans Averaged by the Deck Unit = 1
* NMEA baud rate = 9600
** VESSEL/TRIP/SEQ STN:  79001094
** LATITUDE XX XX.XX N:  49 01.50 N
** LONGITUDE XX XX.XX W:  52 04.00 W
** SOUNDING DEPTH (M):  0297
** PROBE TYPE: S1257
** CTD NUMBER: 060
** COMMENTS (14 CHAR): BB-05
** BOTTLES:  13
** LEVELS: 5,5,10,20,20,30,40,50,75,100,150,250,BTM
** STICKERS: 435305 - 435317
** VNET: N
** DO2: Y
# nquan = 22
# nvalues = 6452                        
# units = specified
# name 0 = scan: Scan Count
# name 1 = prDM: Pressure, Digiquartz [db]
# name 2 = t090C: Temperature [ITS-90, deg C]
# name 3 = t190C: Temperature, 2 [ITS-90, deg C]
# name 4 = c0S/m: Conductivity [S/m]
# name 5 = c1S/m: Conductivity, 2 [S/m]
# name 6 = sbeox0V: Oxygen raw, SBE 43 [V]
# name 7 = sbeox1V: Oxygen raw, SBE 43, 2 [V]
# name 8 = ph: pH
# name 9 = flECO-AFL: Fluorescence, WET Labs ECO-AFL/FL [mg/m^3]
# name 10 = wetCDOM: Fluorescence, WET Labs CDOM [mg/m^3]
# name 11 = par/sat/log: PAR/Logarithmic, Satlantic [umol photons/m^2/sec]
# name 12 = CStarAt0: Beam Attenuation, WET Labs C-Star [1/m]
# name 13 = CStarTr0: Beam Transmission, WET Labs C-Star [%]
# name 14 = sbeox0ML/L: Oxygen, SBE 43 [ml/l], WS = 2
# name 15 = sbeox1ML/L: Oxygen, SBE 43, 2 [ml/l], WS = 2
# name 16 = sal00: Salinity, Practical [PSU]
# name 17 = sal11: Salinity, Practical, 2 [PSU]
# name 18 = sigma-t00: Density [sigma-t, kg/m^3 ]
# name 19 = sigma-t11: Density, 2 [sigma-t, kg/m^3 ]
# name 20 = oxsatML/L: Oxygen Saturation, Weiss [ml/l]
# name 21 = flag: flag
# span 0 =         57,      59345       
# span 1 =      1.894,    287.850       
# span 2 =     0.5651,     2.5737       
# span 3 =     0.5654,     2.5728       
# span 4 =   2.832050,   3.093025       
# span 5 =   2.826664,   3.093198       
# span 6 =     2.3081,     2.7562       
# span 7 =     2.2737,     2.7216       
# span 8 =      8.076,      8.198       
# span 9 =    -0.0078,     1.0911       
# span 10 =     1.2928,     2.0429      
# span 11 = 1.0703e-01, 1.9288e+00      
# span 12 =     0.0570,     0.3189      
# span 13 =    92.3369,    98.5848      
# span 14 =     6.2481,     7.8217      
# span 15 =     6.3959,     8.1687      
# span 16 =    32.7202,    34.4527      
# span 17 =    32.7091,    34.4072      
# span 18 =    26.1298,    27.4992      
# span 19 =    26.1209,    27.4556      
# span 20 =    7.55666,    8.00301      
# span 21 = 0.0000e+00, 0.0000e+00      
# interval = scans: 3                   
# start_time = Dec 02 2019 19:47:14 [System UTC, header]
# bad_flag = -9.990e-29
*END*
         57      2.290     2.2093     2.2084   2.913973   2.914091     2.5779     2.7127      8.191     0.8665     1.6876 6.6484e-01     0.1487    96.3515     7.1913     8.0819    32.7299    32.7323    26.1375    26.1395    7.71305 0.0000e+00
         60      2.342     2.2094     2.2079   2.913952   2.914066     2.5796     2.7118      8.191     0.8616     1.6876 6.6079e-01     0.1483    96.3602     7.2051     8.0770    32.7295    32.7325    26.1372    26.1397    7.71305 0.0000e+00
         63      2.400     2.2094     2.2076   2.913966   2.914021     2.5816     2.7122      8.189     0.8665     1.6876 7.6525e-01     0.1487    96.3515     7.2199     8.0788    32.7297    32.7323    26.1374    26.1395    7.71305 0.0000e+00
         66      2.466     2.2094     2.2070   2.913984   2.913988     2.5816     2.7118      8.191     0.8665     1.6876 8.4285e-01     0.1487    96.3515     7.2206     8.0762    32.7299    32.7324    26.1375    26.1397    7.71304 0.0000e+00
         69      2.529     2.2095     2.2071   2.913984   2.914009     2.5824     2.7118      8.189     0.8762     1.6876 9.4540e-01     0.1487    96.3515     7.2190     8.0749    32.7297    32.7325    26.1373    26.1398    7.71303 0.0000e+00
         72      2.592     2.2095     2.2073   2.913990   2.914009     2.5836     2.7118      8.189     0.8958     1.6876 9.9634e-01     0.1469    96.3950     7.2084     8.0749    32.7297    32.7322    26.1373    26.1395    7.71302 0.0000e+00
         75      2.652     2.2096     2.2074   2.913996   2.914067     2.5853     2.7127      8.191     0.8958     1.6876 8.7405e-01     0.1469    96.3950     7.1906     8.0791    32.7297    32.7328    26.1373    26.1400    7.71300 0.0000e+00
         78      2.713     2.2097     2.2075   2.914014   2.914041     2.5869     2.7127      8.191     0.8958     1.6876 1.1201e+00     0.1469    96.3950     7.1665     8.0811    32.7298    32.7324    26.1374    26.1396    7.71298 0.0000e+00
         81      2.778     2.2097     2.2063   2.914015   2.913920     2.5897     2.7118      8.189     0.8958     1.6876 1.0088e+00     0.1465    96.4037     7.1417     8.0802    32.7298    32.7321    26.1374    26.1395    7.71299 0.0000e+00
         84      2.832     2.2097     2.2056   2.913998   2.913883     2.5938     2.7118      8.191     0.8909     1.6876 1.0435e+00     0.1465    96.4037     7.1169     8.0838    32.7295    32.7323    26.1371    26.1397    7.71299 0.0000e+00
         87      2.875     2.2097     2.2053   2.914023   2.913884     2.5930     2.7122      8.189     0.9055     1.6876 1.1094e+00     0.1465    96.4037     7.0759     8.0863    32.7298    32.7326    26.1374    26.1400    7.71298 0.0000e+00
         90      2.911     2.2097     2.2054   2.914037   2.913888     2.5906     2.7118      8.189     0.8909     1.6876 1.9288e+00     0.1465    96.4037     7.0301     8.0864    32.7300    32.7326    26.1375    26.1400    7.71297 0.0000e+00
        203      3.025     2.2136     2.2088   2.914286   2.914228     2.5437     2.7155      8.189     0.9202     1.8060 2.7560e-01     0.1476    96.3776     7.0578     8.0896    32.7290    32.7332    26.1365    26.1402    7.71226 0.0000e+00
        206      3.202     2.2138     2.2104   2.914425   2.914347     2.5454     2.7155      8.189     0.9153     1.8060 2.5921e-01     0.1476    96.3776     7.0645     8.0898    32.7304    32.7329    26.1375    26.1398    7.71215 0.0000e+00
        209      3.384     2.2144     2.2122   2.914474   2.914499     2.5454     2.7167      8.189     0.9153     1.8060 2.6231e-01     0.1476    96.3776     7.0652     8.0939    32.7303    32.7329    26.1374    26.1397    7.71203 0.0000e+00
        212      3.569     2.2139     2.2131   2.914302   2.914612     2.5454     2.7159      8.189     0.9104     1.8060 2.5026e-01     0.1472    96.3863     7.0648     8.0919    32.7286    32.7333    26.1360    26.1399    7.71222 0.0000e+00
        215      3.756     2.2124     2.2147   2.914134   2.914691     2.5462     2.7155      8.189     0.9202     1.8060 2.3739e-01     0.1465    96.4037     7.0685     8.0898    32.7279    32.7324    26.1356    26.1391    7.71254 0.0000e+00
        218      3.934     2.2110     2.2122   2.914068   2.914338     2.5482     2.7155      8.189     0.9153     1.8060 2.8015e-01     0.1469    96.3950     7.0770     8.0908    32.7284    32.7306    26.1362    26.1378    7.71279 0.0000e+00
        221      4.110     2.2104     2.2089   2.914089   2.914190     2.5486     2.7159      8.189     0.9104     1.8060 2.7508e-01     0.1465    96.4037     7.0768     8.0939    32.7293    32.7320    26.1369    26.1392    7.71287 0.0000e+00
        224      4.284     2.2100     2.2089   2.914079   2.914254     2.5482     2.7155      8.189     0.9202     1.7665 2.9478e-01     0.1469    96.3950     7.0727     8.0919    32.7295    32.7328    26.1371    26.1398    7.71295 0.0000e+00
        227      4.450     2.2098     2.2095   2.914084   2.914327     2.5503     2.7155      8.189     0.8958     1.7271 3.0828e-01     0.1469    96.3950     7.0780     8.0930    32.7297    32.7329    26.1373    26.1399    7.71298 0.0000e+00
        230      4.616     2.2093     2.2098   2.913997   2.914306     2.5507     2.7159      8.189     0.8762     1.6876 3.1553e-01     0.1469    96.3950     7.0803     8.0933    32.7289    32.7323    26.1367    26.1394    7.71310 0.0000e+00
        233      4.769     2.2087     2.2094   2.913987   2.914305     2.5515     2.7159      8.189     0.8811     1.6876 3.2591e-01     0.1472    96.3863     7.0824     8.0946    32.7294    32.7325    26.1371    26.1396    7.71320 0.0000e+00
        236      4.908     2.2084     2.2101   2.913999   2.914365     2.5523     2.7163      8.189     0.8811     1.6876 2.9990e-01     0.1465    96.4037     7.0826     8.0986    32.7297    32.7325    26.1374    26.1395    7.71324 0.0000e+00
        239      5.037     2.2087     2.2103   2.914050   2.914373     2.5539     2.7155      8.189     0.8811     1.6481 2.7529e-01     0.1465    96.4037     7.0838     8.0964    32.7300    32.7324    26.1376    26.1394    7.71316 0.0000e+00
        242      5.148     2.2088     2.2100   2.914028   2.914352     2.5543     2.7163      8.189     0.8811     1.6876 2.7749e-01     0.1465    96.4037     7.0808     8.1001    32.7296    32.7323    26.1373    26.1394    7.71318 0.0000e+00
        245      5.245     2.2088     2.2098   2.914041   2.914346     2.5539     2.7163      8.189     0.8811     1.6876 3.1551e-01     0.1465    96.4037     7.0759     8.1004    32.7297    32.7324    26.1374    26.1395    7.71317 0.0000e+00
        248      5.332     2.2089     2.2095   2.914094   2.914353     2.5535     2.7159      8.189     0.8860     1.6876 3.4055e-01     0.1469    96.3950     7.0691     8.1000    32.7301    32.7328    26.1377    26.1398    7.71312 0.0000e+00
        251      5.414     2.2092     2.2094   2.914073   2.914315     2.5556     2.7167      8.189     0.8811     1.6876 3.6613e-01     0.1465    96.4037     7.0679     8.1025    32.7296    32.7323    26.1372    26.1394    7.71309 0.0000e+00
        254      5.485     2.2092     2.2093   2.914107   2.914309     2.5564     2.7155      8.189     0.8469     1.6876 3.2823e-01     0.1454    96.4297     7.0637     8.0980    32.7300    32.7323    26.1375    26.1394    7.71308 0.0000e+00
        257      5.542     2.2092     2.2093   2.914083   2.914315     2.5556     2.7167      8.189     0.8469     1.6876 3.1700e-01     0.1454    96.4297     7.0543     8.1023    32.7296    32.7324    26.1373    26.1395    7.71309 0.0000e+00
        260      5.583     2.2094     2.2092   2.914086   2.914324     2.5560     2.7163      8.189     0.8322     1.6876 3.3816e-01     0.1458    96.4210     7.0472     8.1020    32.7295    32.7326    26.1372    26.1396    7.71307 0.0000e+00
        329      5.611     2.2090     2.2095   2.913866   2.914341     2.5568     2.7179      8.189     0.8322     1.6876 3.1742e-01     0.1461    96.4123     7.0665     8.0987    32.7271    32.7324    26.1353    26.1395    7.71326 0.0000e+00
        465      5.698     2.2087     2.2105   2.913844   2.914457     2.5568     2.7216      8.189     0.8078     1.8060 2.8737e-01     0.1472    96.3863     7.1120     8.0903    32.7271    32.7328    26.1353    26.1398    7.71332 0.0000e+00
        468      5.820     2.2088     2.2101   2.913987   2.914338     2.5568     2.7216      8.189     0.8127     1.8060 3.1488e-01     0.1472    96.3863     7.1102     8.0904    32.7287    32.7317    26.1366    26.1389    7.71323 0.0000e+00
        471      5.941     2.2092     2.2082   2.914132   2.914212     2.5580     2.7216      8.189     0.8078     1.8060 3.6257e-01     0.1469    96.3950     7.1112     8.0913    32.7300    32.7320    26.1376    26.1393    7.71307 0.0000e+00
        474      6.056     2.2093     2.2076   2.914123   2.914181     2.5588     2.7216      8.189     0.8078     1.8060 3.3802e-01     0.1505    96.3081     7.1139     8.0901    32.7297    32.7322    26.1374    26.1395    7.71307 0.0000e+00
        477      6.165     2.2096     2.2072   2.914055   2.914177     2.5592     2.7212      8.189     0.8127     1.8060 3.3013e-01     0.1552    96.1951     7.1167     8.0881    32.7285    32.7325    26.1364    26.1397    7.71308 0.0000e+00
        480      6.270     2.2091     2.2077   2.914025   2.914248     2.5604     2.7204      8.189     0.8078     1.8060 3.6412e-01     0.1552    96.1951     7.1230     8.0859    32.7286    32.7328    26.1365    26.1399    7.71317 0.0000e+00
        483      6.372     2.2087     2.2086   2.913955   2.914292     2.5608     2.7208      8.189     0.8029     1.8060 3.2481e-01     0.1548    96.2038     7.1265     8.0880    32.7281    32.7324    26.1361    26.1395    7.71327 0.0000e+00
        486      6.468     2.2084     2.2091   2.914058   2.914349     2.5617     2.7204      8.189     0.8078     1.8060 3.1258e-01     0.1552    96.1951     7.1310     8.0852    32.7296    32.7325    26.1373    26.1396    7.71325 0.0000e+00
        489      6.556     2.2084     2.2094   2.914062   2.914375     2.5625     2.7204      8.189     0.8322     1.7271 3.8493e-01     0.1552    96.1951     7.1377     8.0828    32.7296    32.7325    26.1374    26.1396    7.71325 0.0000e+00
        492      6.647     2.2085     2.2097   2.914065   2.914390     2.5629     2.7204      8.189     0.8469     1.6876 3.6124e-01     0.1552    96.1951     7.1428     8.0828    32.7296    32.7323    26.1372    26.1393    7.71324 0.0000e+00
        495      6.744     2.2085     2.2097   2.914086   2.914401     2.5645     2.7200      8.189     0.8371     1.6876 3.4685e-01     0.1494    96.3341     7.1524     8.0815    32.7298    32.7324    26.1375    26.1394    7.71323 0.0000e+00
        498      6.835     2.2084     2.2099   2.914066   2.914410     2.5657     2.7200      8.189     0.8420     1.6876 3.3310e-01     0.1465    96.4037     7.1608     8.0807    32.7295    32.7322    26.1373    26.1393    7.71326 0.0000e+00
        501      6.914     2.2084     2.2098   2.914054   2.914397     2.5669     2.7200      8.189     0.8371     1.6876 3.1126e-01     0.1465    96.4037     7.1692     8.0814    32.7293    32.7322    26.1371    26.1393    7.71327 0.0000e+00
        504      6.984     2.2083     2.2097   2.914076   2.914374     2.5682     2.7192      8.189     0.8371     1.6876 2.7853e-01     0.1461    96.4124     7.1776     8.0780    32.7297    32.7319    26.1374    26.1390    7.71327 0.0000e+00
        507      7.053     2.2083     2.2093   2.914052   2.914351     2.5690     2.7192      8.189     0.8371     1.6876 2.6317e-01     0.1465    96.4037     7.1836     8.0773    32.7293    32.7321    26.1371    26.1392    7.71328 0.0000e+00
        510      7.122     2.2081     2.2085   2.914066   2.914302     2.5702     2.7188      8.189     0.8420     1.6876 2.4328e-01     0.1465    96.4037     7.1902     8.0739    32.7296    32.7322    26.1374    26.1394    7.71330 0.0000e+00
        513      7.184     2.2083     2.2089   2.914115   2.914313     2.5718     2.7188      8.189     0.8322     1.6876 2.1319e-01     0.1465    96.4037     7.1983     8.0721    32.7301    32.7318    26.1377    26.1391    7.71325 0.0000e+00
        516      7.243     2.2085     2.2093   2.914028   2.912514     2.5735     2.7188      8.189     0.8176     1.7665 2.2681e-01     0.1602    96.0735     7.2056     8.0717    32.7287    32.7091    26.1366    26.1209    7.71328 0.0000e+00
        519      7.297     2.2086     2.2093   2.914088   2.913899     2.5747     2.7183      8.189     0.8127     1.8060 2.5278e-01     0.1617    96.0387     7.2121     8.0669    32.7293    32.7263    26.1371    26.1346    7.71323 0.0000e+00
        522      7.355     2.2085     2.2089   2.914114   2.913942     2.5759     2.7179      8.189     0.8127     1.8060 2.7629e-01     0.1617    96.0387     7.2187     8.0627    32.7297    32.7272    26.1374    26.1354    7.71322 0.0000e+00
        525      7.411     2.2086     2.2086   2.914036   2.914315     2.5779     2.7179      8.189     0.8029     1.8060 2.4761e-01     0.1617    96.0387     7.2247     8.0605    32.7286    32.7321    26.1366    26.1393    7.71327 0.0000e+00
        528      7.465     2.2087     2.2085   2.914058   2.914312     2.5788     2.7179      8.189     0.8127     1.8060 2.2465e-01     0.1613    96.0474     7.2280     8.0581    32.7287    32.7321    26.1366    26.1393    7.71323 0.0000e+00
        531      7.524     2.2087     2.2085   2.913918   2.914329     2.5804     2.7175      8.189     0.8029     1.8060 1.9531e-01     0.1613    96.0474     7.2340     8.0541    32.7269    32.7323    26.1352    26.1395    7.71332 0.0000e+00
        534      7.588     2.2087     2.2087   2.913377   2.914355     2.5812     2.7167      8.189     0.8029     1.8060 1.7993e-01     0.1581    96.1256     7.2337     8.0478    32.7202    32.7324    26.1298    26.1395    7.71367 0.0000e+00
        537      7.653     2.2088     2.2085   2.913801   2.914105     2.5832     2.7167      8.189     0.8127     1.8060 1.3521e-01     0.1436    96.4732     7.2366     8.0442    32.7253    32.7294    26.1339    26.1372    7.71338 0.0000e+00
        540      7.719     2.2088     2.2086   2.914131   2.913528     2.5844     2.7159      8.189     0.8078     1.7665 1.3179e-01     0.1440    96.4645     7.2385     8.0400    32.7295    32.7222    26.1372    26.1314    7.71318 0.0000e+00
        543      7.788     2.2088     2.2088   2.914149   2.914355     2.5869     2.7155      8.189     0.8127     1.5297 1.1698e-01     0.1443    96.4558     7.2459     8.0366    32.7296    32.7322    26.1373    26.1394    7.71317 0.0000e+00
        546      7.861     2.2083     2.2091   2.914067   2.914371     2.5881     2.7155      8.189     0.8078     1.4902 1.1212e-01     0.1443    96.4558     7.2483     8.0361    32.7291    32.7320    26.1369    26.1392    7.71329 0.0000e+00
        549      7.942     2.2079     2.2093   2.914047   2.914389     2.5873     2.7143      8.189     0.8029     1.5692 1.0865e-01     0.1440    96.4645     7.2422     8.0337    32.7292    32.7320    26.1370    26.1392    7.71337 0.0000e+00
        552      8.020     2.2079     2.2092   2.914072   2.914385     2.5901     2.7143      8.189     0.8127     1.5297 1.0790e-01     0.1443    96.4558     7.2495     8.0353    32.7294    32.7320    26.1372    26.1392    7.71335 0.0000e+00
        555      8.099     2.2081     2.2091   2.914151   2.914386     2.5910     2.7139      8.189     0.8029     1.5297 1.0790e-01     0.1443    96.4558     7.2495     8.0376    32.7302    32.7321    26.1378    26.1393    7.71328 0.0000e+00
        558      8.182     2.2085     2.2089   2.914181   2.914384     2.5906     2.7131      8.189     0.8127     1.5692 1.0790e-01     0.1443    96.4558     7.2438     8.0382    32.7301    32.7322    26.1377    26.1393    7.71320 0.0000e+00
