Datasets/AZMP/COO001/79001125.cnv
* Sea-Bird SBE 9 Data File:
* FileName = C:\CTDDATA\79001125.hex
* Software Version Seasave V 7.26.7.110
* Temperature SN = 5660
* Conductivity SN = 3698
* Number of Bytes Per Scan = 30
* Number of Voltage Words = 4
* Number of Scans Averaged by the Deck Unit = 1
* NMEA baud rate = 9600
** VESSEL/TRIP/SEQ STN:  79001125
** LATITUDE XX XX.XX N:  47 00.00 N
** LONGITUDE XX XX.XX W:  52 49.90 W
** SOUNDING DEPTH (M):  0109
** PROBE TYPE: S1257
** CTD NUMBER: 085
** COMMENTS (14 CHAR): FC-01
** BOTTLES:  18
** LEVELS: 5,5,5,5,10,20,20,20,20,30,40,50,50,50,75,BTM,BTM,BTM
** STICKERS: 435676 - 435693
** VNET: Y
** DO2: N
# nquan = 22
# nvalues = 3786                        
# units = specified
# name 0 = scan: Scan Count
# name 1 = prDM: Pressure, Digiquartz [db]
# name 2 = t090C: Temperature [ITS-90, deg C]
# name 3 = t190C: Temperature, 2 [ITS-90, deg C]
# name 4 = c0S/m: Conductivity [S/m]
# name 5 = c1S/m: Conductivity, 2 [S/m]
# name 6 = sbeox0V: Oxygen raw, SBE 43 [V]
# name 7 = sbeox1V: Oxygen raw, SBE 43, 2 [V]
# name 8 = ph: pH
# name 9 = flECO-AFL: Fluorescence, WET Labs ECO-AFL/FL [mg/m^3]
# name 10 = wetCDOM: Fluorescence, WET Labs CDOM [mg/m^3]
# name 11 = par/sat/log: PAR/Logarithmic, Satlantic [umol photons/m^2/sec]
# name 12 = CStarAt0: Beam Attenuation, WET Labs C-Star [1/m]
# name 13 = CStarTr0: Beam Transmission, WET Labs C-Star [%]
# name 14 = sbeox0ML/L: Oxygen, SBE 43 [ml/l], WS = 2
# name 15 = sbeox1ML/L: Oxygen, SBE 43, 2 [ml/l], WS = 2
# name 16 = sal00: Salinity, Practical [PSU]
# name 17 = sal11: Salinity, Practical, 2 [PSU]
# name 18 = sigma-t00: Density [sigma-t, kg/m^3 ]
# name 19 = sigma-t11: Density, 2 [sigma-t, kg/m^3 ]
# name 20 = oxsatML/L: Oxygen Saturation, Weiss [ml/l]
# name 21 = flag: flag
# span 0 =        113,      44865       
# span 1 =      0.519,    101.036       
# span 2 =     0.4903,     2.8774       
# span 3 =     0.4896,     2.8807       
# span 4 =   2.766520,   2.893506       
# span 5 =   2.766494,   2.893668       
# span 6 =     2.5437,     2.7603       
# span 7 =     2.5369,     2.7281       
# span 8 =      8.094,      8.176       
# span 9 =     0.1143,     0.9983       
# span 10 =     1.6876,     2.1614      
# span 11 = 1.0532e-01, 5.2172e-01      
# span 12 =     0.0789,     0.2837      
# span 13 =    93.1537,    98.0460      
# span 14 =     6.7648,     7.7682      
# span 15 =     7.6825,     8.1418      
# span 16 =    31.7594,    32.6207      
# span 17 =    31.7675,    32.6219      
# span 18 =    25.3098,    26.1570      
# span 19 =    25.3154,    26.1620      
# span 20 =    7.63226,    8.07235      
# span 21 = 0.0000e+00, 0.0000e+00      
# interval = scans: 3                   
# start_time = Dec 08 2019 22:24:43 [System UTC, header]
# bad_flag = -9.990e-29
*END*
[from data line 66]
        595      5.011     2.8329     2.8344   2.888814   2.889161     2.5739     2.7232      8.162     0.6662     2.0429 1.0790e-01     0.1476    96.3776     7.0296     8.0059    31.7895    31.7922    25.3368    25.3388    7.63982 0.0000e+00
        598      5.054     2.8327     2.8339   2.888802   2.889131     2.5735     2.7228      8.164     0.6662     2.0429 1.0790e-01     0.1930    95.2914     7.0288     8.0053    31.7895    31.7924    25.3368    25.3390    7.63985 0.0000e+00
        601      5.099     2.8326     2.8339   2.888818   2.889152     2.5735     2.7228      8.162     0.6662     2.0429 1.0790e-01     0.2086    94.9177     7.0278     8.0084    31.7898    31.7926    25.3371    25.3392    7.63987 0.0000e+00
        604      5.145     2.8330     2.8337   2.888921   2.889125     2.5739     2.7228      8.162     0.6662     2.0429 1.0790e-01     0.2075    94.9438     7.0308     8.0089    31.7906    31.7924    25.3377    25.3390    7.63974 0.0000e+00
        607      5.193     2.8335     2.8330   2.888968   2.889085     2.5739     2.7228      8.162     0.6711     2.0429 1.0840e-01     0.2082    94.9264     7.0303     8.0100    31.7907    31.7926    25.3377    25.3392    7.63964 0.0000e+00
        610      5.239     2.8341     2.8328   2.889040   2.889109     2.5735     2.7220      8.164     0.6662     2.0429 1.0790e-01     0.2075    94.9438     7.0282     8.0089    31.7910    31.7930    25.3379    25.3396    7.63952 0.0000e+00
        613      5.288     2.8344     2.8328   2.889039   2.889118     2.5739     2.7228      8.162     0.6662     2.0429 1.0790e-01     0.2075    94.9438     7.0304     8.0141    31.7906    31.7931    25.3375    25.3397    7.63948 0.0000e+00
        616      5.340     2.8346     2.8329   2.889035   2.889093     2.5747     2.7216      8.162     0.6564     2.0429 1.0790e-01     0.2046    95.0133     7.0348     8.0111    31.7904    31.7927    25.3373    25.3394    7.63945 0.0000e+00
        619      5.392     2.8349     2.8325   2.889122   2.889068     2.5743     2.7216      8.164     0.6515     2.0429 1.0790e-01     0.1530    96.2472     7.0347     8.0136    31.7910    31.7927    25.3378    25.3394    7.63935 0.0000e+00
        622      5.441     2.8353     2.8324   2.889111   2.889064     2.5739     2.7216      8.164     0.6467     2.0429 1.0790e-01     0.1501    96.3168     7.0341     8.0149    31.7905    31.7928    25.3374    25.3394    7.63931 0.0000e+00
        625      5.490     2.8354     2.8325   2.889045   2.889096     2.5739     2.7224      8.164     0.6418     2.0429 1.0943e-01     0.1497    96.3255     7.0324     8.0191    31.7896    31.7931    25.3366    25.3397    7.63933 0.0000e+00
        628      5.541     2.8349     2.8328   2.888987   2.889119     2.5751     2.7216      8.164     0.6418     2.0429 1.0916e-01     0.1501    96.3168     7.0371     8.0175    31.7893    31.7930    25.3365    25.3396    7.63944 0.0000e+00
        631      5.592     2.8346     2.8332   2.888914   2.889135     2.5743     2.7216      8.162     0.6564     2.0429 1.0790e-01     0.1501    96.3168     7.0350     8.0190    31.7887    31.7928    25.3360    25.3394    7.63953 0.0000e+00
        634      5.645     2.8334     2.8333   2.888772   2.889131     2.5743     2.7216      8.164     0.6418     2.0429 1.0790e-01     0.1497    96.3255     7.0353     8.0214    31.7881    31.7926    25.3356    25.3392    7.63979 0.0000e+00
        637      5.698     2.8330     2.8333   2.888857   2.889130     2.5747     2.7216      8.164     0.6467     2.0429 1.0790e-01     0.1501    96.3168     7.0363     8.0224    31.7896    31.7925    25.3368    25.3392    7.63980 0.0000e+00
        640      5.751     2.8331     2.8336   2.888912   2.889153     2.5747     2.7216      8.162     0.6418     2.0429 1.0790e-01     0.1494    96.3342     7.0366     8.0245    31.7901    31.7926    25.3373    25.3391    7.63976 0.0000e+00
        643      5.804     2.8335     2.8336   2.888912   2.889145     2.5751     2.7216      8.164     0.6515     1.9640 1.0790e-01     0.1494    96.3342     7.0398     8.0244    31.7897    31.7925    25.3369    25.3391    7.63970 0.0000e+00
        646      5.854     2.8334     2.8338   2.888900   2.889161     2.5747     2.7216      8.162     0.6564     1.9245 1.0790e-01     0.1497    96.3255     7.0378     8.0258    31.7896    31.7924    25.3368    25.3390    7.63972 0.0000e+00
        649      5.903     2.8332     2.8339   2.888863   2.889148     2.5743     2.7216      8.165     0.6613     1.9245 1.0790e-01     0.1497    96.3255     7.0358     8.0296    31.7893    31.7921    25.3366    25.3388    7.63977 0.0000e+00
        652      5.956     2.8329     2.8336   2.888845   2.889160     2.5755     2.7212      8.164     0.6662     1.9245 1.0790e-01     0.1497    96.3255     7.0406     8.0312    31.7894    31.7925    25.3366    25.3391    7.63982 0.0000e+00
        655      6.010     2.8331     2.8344   2.888923   2.889264     2.5751     2.7216      8.162     0.6613     1.9245 1.0815e-01     0.1490    96.3428     7.0402     8.0350    31.7901    31.7930    25.3372    25.3394    7.63975 0.0000e+00
        658      6.061     2.8332     2.8352   2.888991   2.889306     2.5755     2.7216      8.164     0.6662     1.9245 1.0815e-01     0.1476    96.3776     7.0419     8.0371    31.7908    31.7927    25.3377    25.3391    7.63969 0.0000e+00
        661      6.109     2.8342     2.8353   2.889302   2.889278     2.5751     2.7216      8.162     0.6564     1.9245 1.0815e-01     0.1454    96.4297     7.0403     8.0389    31.7936    31.7922    25.3399    25.3387    7.63936 0.0000e+00
        664      6.154     2.8357     2.8348   2.889447   2.889244     2.5759     2.7216      8.164     0.6662     1.9245 1.0827e-01     0.1454    96.4297     7.0422     8.0403    31.7939    31.7922    25.3400    25.3388    7.63906 0.0000e+00
        667      6.202     2.8365     2.8350   2.889362   2.889312     2.5755     2.7216      8.162     0.6662     1.9245 1.0815e-01     0.1454    96.4297     7.0418     8.0411    31.7920    31.7929    25.3385    25.3393    7.63901 0.0000e+00
        670      6.248     2.8364     2.8353   2.889285   2.889406     2.5755     2.7224      8.164     0.6808     2.0429 1.0815e-01     0.1454    96.4297     7.0438     8.0444    31.7911    31.7937    25.3378    25.3399    7.63905 0.0000e+00
        673      6.293     2.8364     2.8358   2.889287   2.889483     2.5755     2.7228      8.162     0.6955     2.0429 1.0802e-01     0.1454    96.4297     7.0442     8.0457    31.7911    31.7941    25.3377    25.3402    7.63906 0.0000e+00
        676      6.343     2.8361     2.8364   2.889275   2.889551     2.5759     2.7224      8.162     0.6906     2.0429 1.0815e-01     0.1454    96.4297     7.0475     8.0437    31.7912    31.7943    25.3379    25.3403    7.63911 0.0000e+00
        679      6.387     2.8361     2.8364   2.889248   2.889568     2.5767     2.7228      8.164     0.6857     2.0429 1.0815e-01     0.1497    96.3255     7.0524     8.0443    31.7909    31.7944    25.3376    25.3404    7.63914 0.0000e+00
        682      6.431     2.8359     2.8366   2.889237   2.889606     2.5763     2.7228      8.164     0.6955     2.0429 1.0815e-01     0.1508    96.2994     7.0532     8.0451    31.7909    31.7947    25.3377    25.3406    7.63917 0.0000e+00
        685      6.474     2.8358     2.8366   2.889258   2.889591     2.5759     2.7228      8.165     0.6857     2.0429 1.0815e-01     0.1508    96.2994     7.0546     8.0464    31.7913    31.7945    25.3379    25.3405    7.63918 0.0000e+00
        688      6.519     2.8358     2.8363   2.889287   2.889577     2.5763     2.7228      8.162     0.6906     2.0429 1.0815e-01     0.1508    96.2994     7.0583     8.0469    31.7916    31.7946    25.3382    25.3406    7.63915 0.0000e+00
        691      6.563     2.8360     2.8364   2.889365   2.889580     2.5771     2.7228      8.164     0.6857     2.0429 1.0815e-01     0.1508    96.2994     7.0650     8.0464    31.7924    31.7945    25.3388    25.3405    7.63908 0.0000e+00
        694      6.608     2.8363     2.8367   2.889391   2.889628     2.5775     2.7228      8.162     0.6906     2.0429 1.0815e-01     0.1508    96.2994     7.0679     8.0457    31.7923    31.7948    25.3387    25.3407    7.63902 0.0000e+00
        697      6.655     2.8366     2.8372   2.889374   2.889661     2.5779     2.7228      8.162     0.6320     2.0429 1.0815e-01     0.1504    96.3081     7.0709     8.0463    31.7918    31.7947    25.3383    25.3406    7.63900 0.0000e+00
        700      6.705     2.8367     2.8371   2.889372   2.889640     2.5784     2.7228      8.164     0.6369     2.0429 1.0790e-01     0.1469    96.3950     7.0753     8.0464    31.7916    31.7945    25.3381    25.3404    7.63898 0.0000e+00
        703      6.758     2.8363     2.8370   2.889276   2.889661     2.5788     2.7232      8.162     0.6320     2.0429 1.0815e-01     0.1465    96.4037     7.0817     8.0480    31.7908    31.7948    25.3376    25.3407    7.63910 0.0000e+00
        706      6.809     2.8358     2.8371   2.889260   2.889702     2.5796     2.7241      8.165     0.6320     2.0429 1.0827e-01     0.1469    96.3950     7.0900     8.0510    31.7911    31.7952    25.3378    25.3409    7.63918 0.0000e+00
        709      6.859     2.8359     2.8373   2.889346   2.889725     2.5796     2.7241      8.162     0.6369     2.0429 1.0827e-01     0.1469    96.3950     7.0937     8.0503    31.7920    31.7952    25.3386    25.3409    7.63911 0.0000e+00
        712      6.911     2.8363     2.8376   2.889396   2.889716     2.5808     2.7241      8.162     0.6320     2.0429 1.0827e-01     0.1472    96.3863     7.0988     8.0477    31.7922    31.7948    25.3387    25.3407    7.63903 0.0000e+00
        715      6.969     2.8361     2.8375   2.889342   2.889689     2.5812     2.7241      8.162     0.6369     2.0429 1.0815e-01     0.1469    96.3950     7.1015     8.0432    31.7917    31.7945    25.3382    25.3404    7.63909 0.0000e+00
        718      7.028     2.8359     2.8368   2.889317   2.889625     2.5812     2.7241      8.164     0.6418     2.0429 1.0815e-01     0.1469    96.3950     7.1043     8.0385    31.7916    31.7944    25.3382    25.3404    7.63913 0.0000e+00
        721      7.083     2.8361     2.8365   2.889348   2.889612     2.5820     2.7241      8.164     0.6516     2.0429 1.0815e-01     0.1461    96.4124     7.1082     8.0326    31.7918    31.7945    25.3383    25.3405    7.63909 0.0000e+00
        724      7.140     2.8361     2.8362   2.889335   2.889563     2.5836     2.7241      8.162     0.6613     2.0429 1.0790e-01     0.1465    96.4037     7.1157     8.0258    31.7916    31.7943    25.3382    25.3403    7.63910 0.0000e+00
        727      7.202     2.8359     2.8359   2.889295   2.889545     2.5849     2.7241      8.164     0.6564     2.0429 1.0790e-01     0.1465    96.4037     7.1212     8.0200    31.7912    31.7943    25.3379    25.3403    7.63916 0.0000e+00
        730      7.271     2.8357     2.8357   2.889267   2.889522     2.5865     2.7241      8.162     0.6613     2.0429 1.0790e-01     0.1465    96.4037     7.1271     8.0145    31.7910    31.7941    25.3378    25.3403    7.63920 0.0000e+00
        733      7.336     2.8357     2.8358   2.889337   2.889537     2.5861     2.7241      8.162     0.6662     2.0429 1.0790e-01     0.1461    96.4124     7.1265     8.0118    31.7919    31.7941    25.3384    25.3402    7.63916 0.0000e+00
        736      7.402     2.8361     2.8359   2.889400   2.889558     2.5861     2.7232      8.164     0.6662     2.0429 1.0790e-01     0.1465    96.4037     7.1265     8.0065    31.7922    31.7944    25.3387    25.3404    7.63906 0.0000e+00
        739      7.471     2.8367     2.8349   2.889429   2.889394     2.5877     2.7228      8.162     0.6613     2.0429 1.0790e-01     0.1494    96.3342     7.1320     8.0014    31.7920    31.7933    25.3384    25.3396    7.63897 0.0000e+00
        742      7.544     2.8369     2.8359   2.889474   2.889636     2.5885     2.7228      8.162     0.6613     2.0429 1.0790e-01     0.1519    96.2733     7.1335     7.9982    31.7923    31.7952    25.3386    25.3411    7.63891 0.0000e+00
        745      7.621     2.8373     2.8363   2.889475   2.889595     2.5889     2.7220      8.162     0.6711     2.0429 1.0790e-01     0.1519    96.2733     7.1318     7.9937    31.7918    31.7942    25.3383    25.3402    7.63886 0.0000e+00
        748      7.699     2.8376     2.8364   2.889499   2.889552     2.5897     2.7224      8.162     0.6662     1.9245 1.0790e-01     0.1519    96.2733     7.1327     7.9950    31.7918    31.7936    25.3382    25.3398    7.63880 0.0000e+00
        751      7.778     2.8378     2.8369   2.889536   2.889629     2.5910     2.7216      8.162     0.6662     1.9245 1.0790e-01     0.1515    96.2820     7.1360     7.9931    31.7920    31.7940    25.3383    25.3400    7.63875 0.0000e+00
        754      7.856     2.8376     2.8374   2.889876   2.889634     2.5910     2.7216      8.162     0.6662     1.9245 1.0790e-01     0.1519    96.2733     7.1374     7.9954    31.7963    31.7935    25.3418    25.3396    7.63857 0.0000e+00
        757      7.936     2.8372     2.8371   2.890878   2.889612     2.5922     2.7216      8.162     0.6662     1.9245 1.0790e-01     0.1519    96.2733     7.1429     7.9993    31.8088    31.7935    25.3518    25.3396    7.63801 0.0000e+00
        760      8.017     2.8364     2.8370   2.891497   2.889647     2.5930     2.7212      8.162     0.6662     1.9245 1.0790e-01     0.1501    96.3168     7.1459     8.0016    31.8171    31.7940    25.3585    25.3400    7.63774 0.0000e+00
        763      8.100     2.8354     2.8369   2.891651   2.889786     2.5938     2.7204      8.162     0.6662     1.9245 1.0790e-01     0.1497    96.3255     7.1493     7.9993    31.8198    31.7958    25.3608    25.3414    7.63778 0.0000e+00
        766      8.181     2.8349     2.8366   2.891633   2.889849     2.5938     2.7204      8.162     0.6662     1.9245 1.0790e-01     0.1497    96.3255     7.1493     8.0026    31.8201    31.7968    25.3610    25.3423    7.63787 0.0000e+00
        769      8.262     2.8345     2.8361   2.891991   2.890153     2.5942     2.7204      8.162     0.6711     1.9245 1.0790e-01     0.1497    96.3255     7.1517     8.0066    31.8248    31.8009    25.3648    25.3456    7.63770 0.0000e+00
        772      8.343     2.8318     2.8354   2.892357   2.890949     2.5955     2.7204      8.162     0.6613     1.8850 1.0790e-01     0.1497    96.3255     7.1572     8.0086    31.8319    31.8112    25.3707    25.3539    7.63787 0.0000e+00
        775      8.424     2.8275     2.8357   2.892570   2.890856     2.5959     2.7204      8.162     0.6369     1.8060 1.0790e-01     0.1497    96.3255     7.1597     8.0128    31.8386    31.8097    25.3764    25.3527    7.63834 0.0000e+00
        778      8.503     2.8228     2.8368   2.892850   2.891009     2.5979     2.7204      8.162     0.6320     1.8060 1.0790e-01     0.1494    96.3342     7.1692     8.0154    31.8467    31.8104    25.3832    25.3531    7.63885 0.0000e+00
        781      8.580     2.8150     2.8370   2.893299   2.891021     2.5979     2.7204      8.162     0.6369     1.8060 1.0790e-01     0.1429    96.4906     7.1704     8.0185    31.8599    31.8104    25.3944    25.3530    7.63968 0.0000e+00
        784      8.656     2.7992     2.8367   2.893506   2.891726     2.5995     2.7200      8.159     0.6369     1.8060 1.0790e-01     0.1429    96.4906     7.1791     8.0203    31.8781    31.8192    25.4102    25.3602    7.64181 0.0000e+00
        787      8.733     2.7866     2.8368   2.893221   2.891801     2.5999     2.7196      8.160     0.6320     1.8060 1.0790e-01     0.1429    96.4906     7.1830     8.0205    31.8871    31.8199    25.4184    25.3607    7.64378 0.0000e+00
