Datasets/AZMP/COO001/79001097.cnv
* Sea-Bird SBE 9 Data File:
* FileName = C:\CTDDATA\79001097.hex
* Software Version Seasave V 7.26.7.110
* Temperature SN = 5660
* Conductivity SN = 3698
* Number of Bytes Per Scan = 30
* Number of Voltage Words = 4
* Number of Scans Averaged by the Deck Unit = 1
* NMEA baud rate = 9600
** VESSEL/TRIP/SEQ STN:  79001097
** LATITUDE XX XX.XX N:  49 16.80 N
** LONGITUDE XX XX.XX W:  51 16.80 W
** SOUNDING DEPTH (M):  0329
** PROBE TYPE: S1257
** CTD NUMBER: 063
** COMMENTS (14 CHAR): BB-08
** BOTTLES:  20
** LEVELS: 5,5,5,5,10,20,20,20,20,30,40,50,50,50,75,100,100,100,150,BTM
** STICKERS: 435351 - 435370
** VNET: Y
** DO2: N
# nquan = 22
# nvalues = 9081                        
# units = specified
# name 0 = scan: Scan Count
# name 1 = prDM: Pressure, Digiquartz [db]
# name 2 = t090C: Temperature [ITS-90, deg C]
# name 3 = t190C: Temperature, 2 [ITS-90, deg C]
# name 4 = c0S/m: Conductivity [S/m]
# name 5 = c1S/m: Conductivity, 2 [S/m]
# name 6 = sbeox0V: Oxygen raw, SBE 43 [V]
# name 7 = sbeox1V: Oxygen raw, SBE 43, 2 [V]
# name 8 = ph: pH
# name 9 = flECO-AFL: Fluorescence, WET Labs ECO-AFL/FL [mg/m^3]
# name 10 = wetCDOM: Fluorescence, WET Labs CDOM [mg/m^3]
# name 11 = par/sat/log: PAR/Logarithmic, Satlantic [umol photons/m^2/sec]
# name 12 = CStarAt0: Beam Attenuation, WET Labs C-Star [1/m]
# name 13 = CStarTr0: Beam Transmission, WET Labs C-Star [%]
# name 14 = sbeox0ML/L: Oxygen, SBE 43 [ml/l], WS = 2
# name 15 = sbeox1ML/L: Oxygen, SBE 43, 2 [ml/l], WS = 2
# name 16 = sal00: Salinity, Practical [PSU]
# name 17 = sal11: Salinity, Practical, 2 [PSU]
# name 18 = sigma-t00: Density [sigma-t, kg/m^3 ]
# name 19 = sigma-t11: Density, 2 [sigma-t, kg/m^3 ]
# name 20 = oxsatML/L: Oxygen Saturation, Weiss [ml/l]
# name 21 = flag: flag
# span 0 =         74,      82047       
# span 1 =      0.509,    318.590       
# span 2 =     0.4929,     2.9118       
# span 3 =     0.3532,     2.9120       
# span 4 =   2.828839,   3.132042       
# span 5 =   2.826892,   3.132258       
# span 6 =     2.2866,     2.7471       
# span 7 =     2.2593,     2.7098       
# span 8 =      8.078,      8.201       
# span 9 =    -0.0078,     1.4720       
# span 10 =    -0.3258,     1.9245      
# span 11 = 1.0752e-01, 2.3645e+00      
# span 12 =     0.0545,     0.4288      
# span 13 =    89.8342,    98.6456      
# span 14 =     6.1832,     7.6992      
# span 15 =     6.4955,     8.0848      
# span 16 =    32.7060,    34.5204      
# span 17 =    32.9919,    34.5068      
# span 18 =    26.1200,    27.5171      
# span 19 =    26.3498,    27.5026      
# span 20 =    7.48750,    8.02679      
# span 21 = 0.0000e+00, 0.0000e+00      
# interval = scans: 3                   
# start_time = Dec 03 2019 04:41:31 [System UTC, header]
# bad_flag = -9.990e-29
*END*
[from data line 6387]
      28180    165.321     1.2744     1.2425   2.940186   2.935272     2.4537     2.4215      8.135     0.0117     1.5692 1.0790e-01     0.0672    98.3328     6.9712     7.3021    33.9567    33.9286    27.1884    27.1680    7.83582 0.0000e+00
      28183    165.281     1.2783     1.2438   2.940993   2.935308     2.4524     2.4211      8.135     0.0117     1.6876 1.0802e-01     0.0648    98.3936     6.9663     7.2975    33.9628    33.9277    27.1930    27.1672    7.83470 0.0000e+00
      28186    165.238     1.2833     1.2440   2.941375   2.935288     2.4533     2.4215      8.133     0.0166     1.6876 1.0827e-01     0.0630    98.4371     6.9661     7.2966    33.9623    33.9273    27.1924    27.1668    7.83372 0.0000e+00
      28189    165.192     1.2852     1.2449   2.941432   2.935419     2.4533     2.4215      8.135     0.0117     1.6876 1.0802e-01     0.0630    98.4371     6.9652     7.2945    33.9610    33.9280    27.1911    27.1673    7.83340 0.0000e+00
      28192    165.148     1.2871     1.2464   2.941454   2.935553     2.4529     2.4215      8.135     0.0117     1.6876 1.0802e-01     0.0630    98.4371     6.9628     7.2928    33.9593    33.9281    27.1896    27.1673    7.83311 0.0000e+00
      28195    165.099     1.2874     1.2466   2.941060   2.935489     2.4533     2.4215      8.133     0.0117     1.6876 1.0802e-01     0.0630    98.4371     6.9638     7.2919    33.9539    33.9270    27.1853    27.1665    7.83333 0.0000e+00
      28198    165.051     1.2858     1.2457   2.940857   2.935397     2.4529     2.4211      8.135     0.0166     1.6876 1.0790e-01     0.0630    98.4371     6.9624     7.2903    33.9531    33.9269    27.1848    27.1665    7.83370 0.0000e+00
      28201    165.001     1.2846     1.2457   2.940854   2.935425     2.4529     2.4207      8.135     0.0117     1.6876 1.0815e-01     0.0630    98.4371     6.9601     7.2888    33.9544    33.9273    27.1859    27.1667    7.83388 0.0000e+00
      28204    164.949     1.2845     1.2461   2.941017   2.935462     2.4533     2.4203      8.135     0.0117     1.6876 1.0827e-01     0.0620    98.4632     6.9635     7.2879    33.9566    33.9273    27.1876    27.1667    7.83377 0.0000e+00
      28207    164.897     1.2862     1.2464   2.941328   2.935467     2.4533     2.4203      8.135     0.0117     1.6481 1.0815e-01     0.0620    98.4632     6.9631     7.2889    33.9588    33.9272    27.1893    27.1666    7.83332 0.0000e+00
      28210    164.843     1.2861     1.2467   2.941012   2.935479     2.4524     2.4203      8.135     0.0215     1.5692 1.0815e-01     0.0620    98.4632     6.9601     7.2890    33.9549    33.9270    27.1862    27.1664    7.83354 0.0000e+00
      28213    164.789     1.2848     1.2472   2.940680   2.935605     2.4537     2.4203      8.135     0.0117     1.5692 1.0802e-01     0.0616    98.4719     6.9654     7.2908    33.9521    33.9281    27.1840    27.1673    7.83396 0.0000e+00
      28216    164.736     1.2831     1.2518   2.940492   2.936108     2.4533     2.4203      8.133     0.0166     1.5692 1.0815e-01     0.0620    98.4632     6.9658     7.2923    33.9516    33.9296    27.1837    27.1681    7.83433 0.0000e+00
      28219    164.682     1.2826     1.2543   2.940464   2.936092     2.4541     2.4203      8.135     0.0117     1.5692 1.0802e-01     0.0620    98.4632     6.9692     7.2948    33.9518    33.9266    27.1839    27.1656    7.83443 0.0000e+00
      28222    164.627     1.2823     1.2567   2.940464   2.936442     2.4529     2.4203      8.135     0.0117     1.5692 1.0802e-01     0.0620    98.4632     6.9656     7.2977    33.9522    33.9285    27.1842    27.1670    7.83447 0.0000e+00
      28225    164.571     1.2822     1.2613   2.940437   2.936828     2.4529     2.4203      8.133     0.0117     1.5692 1.0790e-01     0.0620    98.4632     6.9664     7.2978    33.9519    33.9285    27.1840    27.1667    7.83449 0.0000e+00
      28228    164.513     1.2817     1.2663   2.940346   2.937102     2.4541     2.4203      8.133     0.0117     1.5692 1.0790e-01     0.0620    98.4632     6.9700     7.2970    33.9513    33.9267    27.1836    27.1648    7.83462 0.0000e+00
      28231    164.455     1.2813     1.2683   2.940198   2.936972     2.4533     2.4203      8.135     0.0117     1.5692 1.0790e-01     0.0616    98.4719     6.9662     7.2969    33.9500    33.9229    27.1825    27.1616    7.83479 0.0000e+00
      28234    164.393     1.2803     1.2614   2.940263   2.936405     2.4537     2.4203      8.135     0.0117     1.5692 1.0790e-01     0.0616    98.4719     6.9658     7.2984    33.9518    33.9231    27.1841    27.1623    7.83488 0.0000e+00
      28237    164.330     1.2801     1.2547   2.940102   2.936180     2.4533     2.4203      8.135     0.0117     1.5692 1.0790e-01     0.0613    98.4805     6.9641     7.2987    33.9501    33.9276    27.1827    27.1664    7.83502 0.0000e+00
      28240    164.265     1.2785     1.2532   2.939544   2.936072     2.4545     2.4203      8.133     0.0117     1.5692 1.0790e-01     0.0613    98.4805     6.9693     7.2988    33.9447    33.9278    27.1785    27.1667    7.83562 0.0000e+00
      28243    164.199     1.2751     1.2521   2.938662   2.935979     2.4537     2.4203      8.135     0.0117     1.5692 1.0790e-01     0.0613    98.4805     6.9667     7.2994    33.9372    33.9278    27.1727    27.1667    7.83672 0.0000e+00
      28246    164.131     1.2704     1.2547   2.938104   2.936308     2.4545     2.4203      8.133     0.0117     1.5692 1.0790e-01     0.0616    98.4719     6.9697     7.2991    33.9352    33.9293    27.1714    27.1677    7.83778 0.0000e+00
      28249    164.062     1.2672     1.2560   2.938012   2.936226     2.4541     2.4199      8.133     0.0166     1.5692 1.0790e-01     0.0609    98.4892     6.9675     7.2976    33.9376    33.9269    27.1735    27.1657    7.83831 0.0000e+00
      28252    163.991     1.2656     1.2556   2.938128   2.936253     2.4537     2.4203      8.135     0.0117     1.5692 1.0790e-01     0.0620    98.4632     6.9663     7.2995    33.9409    33.9277    27.1763    27.1664    7.83846 0.0000e+00
      28255    163.922     1.2654     1.2542   2.938309   2.936356     2.4533     2.4203      8.135     0.0117     1.5692 1.0790e-01     0.0616    98.4719     6.9651     7.2990    33.9434    33.9306    27.1783    27.1688    7.83837 0.0000e+00
      28258    163.848     1.2662     1.2540   2.938701   2.936424     2.4533     2.4203      8.135     0.0117     1.5692 1.0790e-01     0.0616    98.4719     6.9645     7.2976    33.9476    33.9318    27.1816    27.1697    7.83798 0.0000e+00
      28261    163.774     1.2684     1.2551   2.939039   2.936531     2.4545     2.4199      8.135     0.0117     1.6481 1.0790e-01     0.0620    98.4632     6.9675     7.2950    33.9495    33.9320    27.1830    27.1698    7.83743 0.0000e+00
      28264    163.696     1.2703     1.2578   2.939153   2.936658     2.4541     2.4203      8.133     0.0166     1.6876 1.0790e-01     0.0620    98.4632     6.9648     7.2970    33.9490    33.9307    27.1825    27.1686    7.83707 0.0000e+00
      28267    163.619     1.2708     1.2608   2.938934   2.936725     2.4529     2.4203      8.135     0.0166     1.6876 1.0790e-01     0.0620    98.4632     6.9606     7.2978    33.9456    33.9284    27.1798    27.1666    7.83714 0.0000e+00
      28270    163.541     1.2707     1.2616   2.938926   2.936654     2.4533     2.4203      8.135     0.0166     1.6876 1.0790e-01     0.0620    98.4632     6.9627     7.2993    33.9458    33.9266    27.1799    27.1651    7.83717 0.0000e+00
      28273    163.460     1.2707     1.2628   2.939045   2.936676     2.4545     2.4203      8.135     0.0264     1.6876 1.0790e-01     0.0616    98.4719     6.9688     7.2992    33.9473    33.9256    27.1811    27.1642    7.83708 0.0000e+00
      28276    163.379     1.2720     1.2599   2.939484   2.936391     2.4537     2.4203      8.133     0.0215     1.6876 1.0790e-01     0.0620    98.4632     6.9652     7.3015    33.9516    33.9252    27.1844    27.1640    7.83659 0.0000e+00
      28279    163.298     1.2741     1.2619   2.939598   2.936794     2.4545     2.4199      8.135     0.0264     1.6876 1.0790e-01     0.0620    98.4632     6.9660     7.3025    33.9507    33.9281    27.1836    27.1663    7.83620 0.0000e+00
      28282    163.216     1.2740     1.2695   2.939155   2.937225     2.4537     2.4194      8.135     0.0313     1.6876 1.0790e-01     0.0620    98.4632     6.9617     7.3018    33.9453    33.9255    27.1793    27.1637    7.83652 0.0000e+00
      28285    163.134     1.2734     1.2733   2.939045   2.937359     2.4541     2.4203      8.135     0.0264     1.6876 1.0790e-01     0.0630    98.4371     6.9622     7.3059    33.9445    33.9231    27.1787    27.1615    7.83668 0.0000e+00
      28288    163.050     1.2725     1.2743   2.938957   2.937293     2.4533     2.4203      8.133     0.0313     1.6876 1.0790e-01     0.0630    98.4371     6.9597     7.3077    33.9444    33.9213    27.1787    27.1600    7.83686 0.0000e+00
      28291    162.968     1.2729     1.2743   2.939349   2.937271     2.4537     2.4207      8.133     0.0264     1.6876 1.0790e-01     0.0630    98.4371     6.9614     7.3115    33.9491    33.9210    27.1824    27.1597    7.83654 0.0000e+00
      28294    162.886     1.2741     1.2744   2.939700   2.937189     2.4541     2.4203      8.133     0.0264     1.6876 1.0790e-01     0.0630    98.4371     6.9604     7.3118    33.9523    33.9199    27.1849    27.1588    7.83612 0.0000e+00
      28297    162.804     1.2759     1.2744   2.939899   2.937128     2.4541     2.4203      8.135     0.0166     1.6876 1.0790e-01     0.0630    98.4371     6.9601     7.3131    33.9529    33.9192    27.1853    27.1583    7.83572 0.0000e+00
      28300    162.721     1.2775     1.2742   2.939964   2.937087     2.4533     2.4211      8.135    -0.0029     1.6876 1.0790e-01     0.0630    98.4371     6.9577     7.3170    33.9521    33.9189    27.1845    27.1581    7.83545 0.0000e+00
      28303    162.639     1.2783     1.2741   2.940026   2.937025     2.4533     2.4215      8.133    -0.0029     1.6876 1.0790e-01     0.0630    98.4371     6.9572     7.3192    33.9520    33.9183    27.1844    27.1576    7.83528 0.0000e+00
      28306    162.555     1.2787     1.2729   2.939935   2.936767     2.4533     2.4207      8.135    -0.0029     1.6876 1.0790e-01     0.0627    98.4458     6.9588     7.3154    33.9505    33.9163    27.1831    27.1561    7.83528 0.0000e+00
      28309    162.474     1.2779     1.2708   2.939657   2.936583     2.4533     2.4215      8.135     0.0068     1.6876 1.0790e-01     0.0627    98.4458     6.9594     7.3164    33.9478    33.9163    27.1810    27.1562    7.83558 0.0000e+00
      28312    162.394     1.2766     1.2699   2.939091   2.936552     2.4533     2.4215      8.135     0.0020     1.7271 1.0790e-01     0.0623    98.4545     6.9611     7.3178    33.9422    33.9169    27.1765    27.1568    7.83616 0.0000e+00
      28315    162.318     1.2732     1.2696   2.938033   2.936482     2.4537     2.4215      8.135     0.0020     1.8060 1.0790e-01     0.0627    98.4458     6.9628     7.3187    33.9323    33.9164    27.1689    27.1563    7.83737 0.0000e+00
      28318    162.241     1.2689     1.2691   2.937361   2.936371     2.4537     2.4215      8.135    -0.0029     1.8060 1.0790e-01     0.0627    98.4458     6.9647     7.3200    33.9285    33.9156    27.1661    27.1558    7.83844 0.0000e+00
      28321    162.168     1.2660     1.2681   2.937121   2.936257     2.4537     2.4215      8.135    -0.0029     1.8060 1.0790e-01     0.0627    98.4458     6.9667     7.3192    33.9286    33.9152    27.1664    27.1555    7.83903 0.0000e+00
      28324    162.095     1.2647     1.2675   2.936999   2.936196     2.4533     2.4215      8.135     0.0068     1.8060 1.0790e-01     0.0627    98.4458     6.9673     7.3186    33.9285    33.9151    27.1664    27.1555    7.83930 0.0000e+00
      28327    162.025     1.2646     1.2671   2.936956   2.936139     2.4533     2.4219      8.135     0.0166     1.7665 1.0790e-01     0.0620    98.4632     6.9666     7.3207    33.9280    33.9150    27.1660    27.1554    7.83934 0.0000e+00
      28330    161.958     1.2653     1.2667   2.937017   2.936111     2.4541     2.4219      8.135     0.0117     1.8060 1.0790e-01     0.0620    98.4632     6.9700     7.3223    33.9281    33.9150    27.1660    27.1554    7.83920 0.0000e+00
      28333    161.895     1.2659     1.2662   2.937084   2.936059     2.4533     2.4219      8.135     0.0117     1.8060 1.0790e-01     0.0620    98.4632     6.9675     7.3212    33.9284    33.9149    27.1662    27.1554    7.83906 0.0000e+00
      28336    161.834     1.2670     1.2661   2.937154   2.936082     2.4541     2.4227      8.133     0.0117     1.8060 1.0790e-01     0.0620    98.4632     6.9689     7.3242    33.9281    33.9153    27.1660    27.1558    7.83886 0.0000e+00
      28339    161.775     1.2677     1.2660   2.937257   2.936144     2.4533     2.4227      8.135     0.0117     1.6876 1.0790e-01     0.0620    98.4632     6.9663     7.3239    33.9287    33.9163    27.1664    27.1566    7.83868 0.0000e+00
      28342    161.719     1.2687     1.2665   2.937338   2.936263     2.4537     2.4227      8.135     0.0117     1.6876 1.0790e-01     0.0620    98.4632     6.9669     7.3253    33.9287    33.9173    27.1663    27.1573    7.83848 0.0000e+00
      28345    161.662     1.2691     1.2664   2.937389   2.936120     2.4541     2.4227      8.135     0.0117     1.6876 1.0790e-01     0.0620    98.4632     6.9694     7.3235    33.9289    33.9156    27.1664    27.1560    7.83838 0.0000e+00
      28348    161.607     1.2697     1.2657   2.937501   2.936113     2.4541     2.4227      8.135     0.0166     1.6876 1.0790e-01     0.0620    98.4632     6.9697     7.3210    33.9297    33.9164    27.1671    27.1566    7.83821 0.0000e+00
      28351    161.553     1.2702     1.2664   2.937492   2.936224     2.4537     2.4231      8.135     0.0117     1.6876 1.0790e-01     0.0620    98.4632     6.9673     7.3217    33.9291    33.9171    27.1665    27.1571    7.83814 0.0000e+00
      28354    161.502     1.2704     1.2671   2.937479   2.936231     2.4545     2.4231      8.135     0.0117     1.6876 1.0790e-01     0.0620    98.4632     6.9681     7.3188    33.9288    33.9164    27.1663    27.1566    7.83813 0.0000e+00
      28357    161.451     1.2704     1.2665   2.937403   2.936174     2.4541     2.4231      8.135     0.0117     1.6876 1.0790e-01     0.0620    98.4632     6.9671     7.3181    33.9278    33.9163    27.1655    27.1565    7.83817 0.0000e+00
      28360    161.402     1.2704     1.2674   2.937294   2.936284     2.4537     2.4227      8.133     0.0117     1.6876 1.0790e-01     0.0620    98.4632     6.9659     7.3176    33.9265    33.9169    27.1644    27.1569    7.83825 0.0000e+00
      28363    161.353     1.2704     1.2674   2.937359   2.936237     2.4541     2.4235      8.135     0.0117     1.6876 1.0790e-01     0.0623    98.4545     6.9672     7.3211    33.9273    33.9162    27.1651    27.1563    7.83820 0.0000e+00
      28366    161.305     1.2713     1.2673   2.938030   2.936272     2.4541     2.4239      8.135     0.0117     1.5692 1.0790e-01     0.0620    98.4632     6.9657     7.3239    33.9349    33.9168    27.1711    27.1568    7.83762 0.0000e+00
      28369    161.257     1.2729     1.2680   2.938442   2.936360     2.4545     2.4227      8.135     0.0117     1.5692 1.0790e-01     0.0620    98.4632     6.9651     7.3185    33.9385    33.9172    27.1739    27.1571    7.83710 0.0000e+00
      28372    161.206     1.2739     1.2685   2.938461   2.936412     2.4545     2.4235      8.135     0.0117     1.5692 1.0790e-01     0.0620    98.4632     6.9647     7.3202    33.9377    33.9173    27.1732    27.1572    7.83694 0.0000e+00
