Datasets/AZMP/COO001/79001096.cnv
* Sea-Bird SBE 9 Data File:
* FileName = C:\CTDDATA\79001096.hex
* Software Version Seasave V 7.26.7.110
* Temperature SN = 5660
* Conductivity SN = 3698
* Number of Bytes Per Scan = 30
* Number of Voltage Words = 4
* Number of Scans Averaged by the Deck Unit = 1
* NMEA baud rate = 9600
** VESSEL/TRIP/SEQ STN:  79001096
** LATITUDE XX XX.XX N:  49 11.40 N
** LONGITUDE XX XX.XX W:  51 32.50 W
** SOUNDING DEPTH (M):  0321
** PROBE TYPE: S1257
** CTD NUMBER: 062
** COMMENTS (14 CHAR): BB-07
** BOTTLES:  13
** LEVELS: 5,5,10,20,20,30,40,50,75,100,150,250,BTM
** STICKERS: 435338 - 435350
** VNET: Y
** DO2: N
# nquan = 22
# nvalues = 8975                        
# units = specified
# name 0 = scan: Scan Count
# name 1 = prDM: Pressure, Digiquartz [db]
# name 2 = t090C: Temperature [ITS-90, deg C]
# name 3 = t190C: Temperature, 2 [ITS-90, deg C]
# name 4 = c0S/m: Conductivity [S/m]
# name 5 = c1S/m: Conductivity, 2 [S/m]
# name 6 = sbeox0V: Oxygen raw, SBE 43 [V]
# name 7 = sbeox1V: Oxygen raw, SBE 43, 2 [V]
# name 8 = ph: pH
# name 9 = flECO-AFL: Fluorescence, WET Labs ECO-AFL/FL [mg/m^3]
# name 10 = wetCDOM: Fluorescence, WET Labs CDOM [mg/m^3]
# name 11 = par/sat/log: PAR/Logarithmic, Satlantic [umol photons/m^2/sec]
# name 12 = CStarAt0: Beam Attenuation, WET Labs C-Star [1/m]
# name 13 = CStarTr0: Beam Transmission, WET Labs C-Star [%]
# name 14 = sbeox0ML/L: Oxygen, SBE 43 [ml/l], WS = 2
# name 15 = sbeox1ML/L: Oxygen, SBE 43, 2 [ml/l], WS = 2
# name 16 = sal00: Salinity, Practical [PSU]
# name 17 = sal11: Salinity, Practical, 2 [PSU]
# name 18 = sigma-t00: Density [sigma-t, kg/m^3 ]
# name 19 = sigma-t11: Density, 2 [sigma-t, kg/m^3 ]
# name 20 = oxsatML/L: Oxygen Saturation, Weiss [ml/l]
# name 21 = flag: flag
# span 0 =         17,      73976       
# span 1 =      2.416,    311.358       
# span 2 =     0.6993,     2.6742       
# span 3 =     0.7008,     2.6742       
# span 4 =   2.861424,   3.105718       
# span 5 =   2.860368,   3.105949       
# span 6 =     2.2777,     2.7542       
# span 7 =     2.2475,     2.7166       
# span 8 =      8.076,      8.207       
# span 9 =    -0.0127,     1.3207       
# span 10 =    -2.0629,   480.5289      
# span 11 = 1.0715e-01, 1.5659e+00      
# span 12 =     0.0598,     0.4889      
# span 13 =    88.4960,    98.5153      
# span 14 =     6.1865,     7.6949      
# span 15 =     6.4760,     8.0677      
# span 16 =    32.8890,    34.4478      
# span 17 =    32.8905,    34.4425      
# span 18 =    26.2541,    27.4850      
# span 19 =    26.2553,    27.4772      
# span 20 =    7.53573,    7.97156      
# span 21 = 0.0000e+00, 0.0000e+00      
# interval = scans: 3                   
# start_time = Dec 03 2019 01:45:04 [System UTC, header]
# bad_flag = -9.990e-29
*END*
[from data line 6782]
      39058    123.422     1.1092     1.3470   2.894604   2.913252     2.4779     2.4367      8.140     0.0264     1.8060 1.0815e-01     0.0641    98.4110     7.0766     7.3496    33.5765    33.5593    26.8939    26.8643    7.88984 0.0000e+00
      39061    123.363     1.1221     1.3306   2.897090   2.909425     2.4783     2.4363      8.140     0.0264     1.8060 1.0815e-01     0.0644    98.4023     7.0742     7.3525    33.5945    33.5281    26.9075    26.8404    7.88622 0.0000e+00
      39064    123.300     1.1470     1.2997   2.899623   2.907383     2.4791     2.4363      8.140     0.0166     1.8060 1.0790e-01     0.0641    98.4110     7.0696     7.3581    33.6002    33.5353    26.9105    26.8482    7.88082 0.0000e+00
      39067    123.234     1.1664     1.2847   2.900225   2.907238     2.4787     2.4367      8.140     0.0264     1.8060 1.0790e-01     0.0644    98.4023     7.0624     7.3611    33.5871    33.5496    26.8987    26.8607    7.87754 0.0000e+00
      39070    123.168     1.1808     1.2974   2.901655   2.909891     2.4787     2.4372      8.140     0.0264     1.8060 1.0790e-01     0.0620    98.4632     7.0563     7.3560    33.5899    33.5698    26.9000    26.8760    7.87444 0.0000e+00
      39073    123.103     1.1955     1.3001   2.902035   2.909515     2.4795     2.4376      8.140     0.0264     1.5692 1.0790e-01     0.0616    98.4719     7.0534     7.3548    33.5790    33.5622    26.8903    26.8698    7.87201 0.0000e+00
      39076    123.036     1.2057     1.3081   2.902618   2.910421     2.4795     2.4376      8.140     0.0361     1.5692 1.0790e-01     0.0620    98.4632     7.0502     7.3518    33.5755    33.5651    26.8868    26.8716    7.87011 0.0000e+00
      39079    122.970     1.2178     1.3020   2.903706   2.908946     2.4791     2.4376      8.140     0.0410     1.5692 1.0790e-01     0.0620    98.4632     7.0467     7.3508    33.5764    33.5529    26.8867    26.8622    7.86758 0.0000e+00
      39082    122.905     1.2274     1.2778   2.904351   2.906033     2.4791     2.4376      8.140     0.0410     1.5297 1.0802e-01     0.0620    98.4632     7.0444     7.3571    33.5744    33.5418    26.8845    26.8549    7.86573 0.0000e+00
      39085    122.840     1.2358     1.2494   2.904681   2.903577     2.4791     2.4376      8.140     0.0410     1.5692 1.0790e-01     0.0620    98.4632     7.0402     7.3630    33.5696    33.5410    26.8800    26.8561    7.86426 0.0000e+00
      39088    122.779     1.2385     1.2239   2.903940   2.902223     2.4779     2.4376      8.143     0.0459     1.5297 1.0790e-01     0.0623    98.4545     7.0357     7.3672    33.5573    33.5510    26.8700    26.8659    7.86436 0.0000e+00
      39091    122.719     1.2358     1.2156   2.903667   2.901884     2.4787     2.4380      8.145     0.0410     1.5692 1.0790e-01     0.0620    98.4632     7.0405     7.3686    33.5568    33.5556    26.8698    26.8702    7.86495 0.0000e+00
      39094    122.663     1.2349     1.2164   2.903728   2.902611     2.4779     2.4376      8.143     0.0410     1.5692 1.0790e-01     0.0620    98.4632     7.0378     7.3676    33.5586    33.5641    26.8712    26.8769    7.86504 0.0000e+00
      39097    122.610     1.2258     1.2213   2.902023   2.904041     2.4779     2.4376      8.145     0.0410     1.5692 1.0790e-01     0.0613    98.4805     7.0421     7.3684    33.5466    33.5772    26.8622    26.8871    7.86754 0.0000e+00
      39100    122.562     1.2152     1.2420   2.901386   2.906125     2.4799     2.4380      8.145     0.0410     1.6876 1.0790e-01     0.0620    98.4632     7.0540     7.3693    33.5498    33.5816    26.8655    26.8893    7.86953 0.0000e+00
      39103    122.518     1.2180     1.2673   2.902336   2.908003     2.4795     2.4380      8.145     0.0264     1.6876 1.0790e-01     0.0620    98.4632     7.0527     7.3671    33.5590    33.5784    26.8726    26.8851    7.86846 0.0000e+00
      39106    122.478     1.2190     1.2908   2.902768   2.908919     2.4783     2.4388      8.145     0.0264     1.6876 1.0790e-01     0.0620    98.4632     7.0492     7.3678    33.5635    33.5649    26.8762    26.8725    7.86803 0.0000e+00
      39109    122.443     1.2204     1.2925   2.903039   2.909207     2.4783     2.4384      8.145     0.0264     1.6876 1.0790e-01     0.0620    98.4632     7.0512     7.3668    33.5654    33.5668    26.8777    26.8740    7.86763 0.0000e+00
      39112    122.411     1.2213     1.3210   2.902925   2.913374     2.4795     2.4388      8.145     0.0264     1.6876 1.0790e-01     0.0620    98.4632     7.0568     7.3611    33.5630    33.5892    26.8757    26.8901    7.86758 0.0000e+00
      39115    122.385     1.2194     1.3469   2.902945   2.913936     2.4791     2.4388      8.145     0.0264     1.6876 1.0790e-01     0.0620    98.4632     7.0561     7.3562    33.5654    33.5687    26.8777    26.8719    7.86785 0.0000e+00
      39118    122.361     1.2204     1.3707   2.902846   2.914290     2.4795     2.4392      8.145     0.0264     1.6876 1.0790e-01     0.0620    98.4632     7.0592     7.3529    33.5630    33.5477    26.8757    26.8534    7.86776 0.0000e+00
      39138    122.286     1.2062     1.3493   2.901704   2.912679     2.4819     2.4416      8.145     0.0313     1.7271 1.0790e-01     0.0623    98.4545     7.0797     7.3761    33.5637    33.5502    26.8772    26.8569    7.87063 0.0000e+00
      39175    122.160     1.1757     1.3523   2.899119   2.912609     2.4868     2.4449      8.145     0.0410     1.8060 1.0790e-01     0.0627    98.4458     7.1224     7.4083    33.5635    33.5461    26.8791    26.8534    7.87688 0.0000e+00
      39178    122.136     1.1757     1.3498   2.899293   2.910858     2.4873     2.4453      8.145     0.0410     1.8060 1.0790e-01     0.0630    98.4371     7.1239     7.4087    33.5658    33.5266    26.8809    26.8379    7.87677 0.0000e+00
      39181    122.109     1.1773     1.3317   2.899150   2.910074     2.4873     2.4453      8.145     0.0264     1.8060 1.0790e-01     0.0630    98.4371     7.1238     7.4082    33.5622    33.5359    26.8779    26.8466    7.87662 0.0000e+00
      39184    122.079     1.1773     1.3172   2.899260   2.910918     2.4877     2.4457      8.145     0.0264     1.8060 1.0790e-01     0.0630    98.4371     7.1262     7.4074    33.5637    33.5623    26.8791    26.8687    7.87656 0.0000e+00
      39187    122.047     1.1781     1.3290   2.899238   2.911957     2.4885     2.4461      8.143     0.0215     1.8060 1.0790e-01     0.0627    98.4458     7.1288     7.4041    33.5625    33.5629    26.8781    26.8684    7.87644 0.0000e+00
      39190    122.011     1.1789     1.3431   2.899284   2.915669     2.4889     2.4461      8.145     0.0264     1.8060 1.0790e-01     0.0620    98.4632     7.1282     7.4003    33.5623    33.5950    26.8779    26.8933    7.87630 0.0000e+00
      39193    121.971     1.1763     1.4122   2.898943   2.923228     2.4889     2.4461      8.145     0.0313     1.8060 1.0790e-01     0.0613    98.4805     7.1284     7.3843    33.5608    33.6171    26.8768    26.9063    7.87691 0.0000e+00
      39196    121.932     1.1752     1.5035   2.899017   2.926344     2.4901     2.4465      8.145     0.0264     1.8060 1.0790e-01     0.0613    98.4805     7.1311     7.3690    33.5629    33.5590    26.8786    26.8533    7.87702 0.0000e+00
      39199    121.889     1.1750     1.5760   2.899252   2.929096     2.4901     2.4465      8.145     0.0313     1.8060 1.0790e-01     0.0620    98.4632     7.1294     7.3574    33.5661    33.5164    26.8812    26.8141    7.87689 0.0000e+00
      39202    121.844     1.1877     1.5550   2.901970   2.928193     2.4909     2.4473      8.145     0.0264     1.7665 1.0790e-01     0.0609    98.4892     7.1281     7.3649    33.5873    33.5274    26.8974    26.8244    7.87316 0.0000e+00
      39205    121.799     1.2202     1.5102   2.906848   2.925695     2.4909     2.4473      8.145     0.0361     1.6481 1.0827e-01     0.0613    98.4805     7.1164     7.3741    33.6147    33.5435    26.9173    26.8405    7.86506 0.0000e+00
      39208    121.750     1.2503     1.4466   2.907524   2.922178     2.4926     2.4477      8.145     0.0410     1.6876 1.0827e-01     0.0616    98.4719     7.1159     7.3862    33.5910    33.5670    26.8962    26.8638    7.86016 0.0000e+00
      39211    121.701     1.2612     1.4364   2.905932   2.921655     2.4926     2.4486      8.144     0.0410     1.6876 1.0827e-01     0.0620    98.4632     7.1131     7.3901    33.5590    33.5713    26.8698    26.8679    7.85964 0.0000e+00
      39214    121.649     1.2656     1.4733   2.907421   2.925824     2.4922     2.4490      8.144     0.0410     1.6876 1.0827e-01     0.0616    98.4719     7.1076     7.3823    33.5732    33.5847    26.8810    26.8761    7.85798 0.0000e+00
      39217    121.596     1.2895     1.5331   2.912765   2.929762     2.4934     2.4490      8.144     0.0410     1.6876 1.0827e-01     0.0616    98.4719     7.1016     7.3671    33.6158    33.5707    26.9136    26.8607    7.85085 0.0000e+00
      39220    121.545     1.3281     1.5345   2.918007   2.929211     2.4926     2.4494      8.144     0.0410     1.6876 1.0827e-01     0.0616    98.4719     7.0867     7.3676    33.6412    33.5623    26.9314    26.8538    7.84165 0.0000e+00
      39223    121.492     1.3658     1.5499   2.918206   2.933559     2.4934     2.4498      8.144     0.0410     1.6876 1.0827e-01     0.0609    98.4892     7.0812     7.3609    33.6033    33.6009    26.8984    26.8838    7.83600 0.0000e+00
      39226    121.437     1.3642     1.6019   2.913016   2.937427     2.4930     2.4498      8.144     0.0410     1.6876 1.0827e-01     0.0616    98.4719     7.0799     7.3470    33.5389    33.5944    26.8468    26.8748    7.83972 0.0000e+00
      39229    121.382     1.3524     1.6183   2.913254   2.936951     2.4930     2.4498      8.144     0.0459     1.6876 1.0827e-01     0.0609    98.4892     7.0780     7.3416    33.5546    33.5709    26.8602    26.8548    7.84129 0.0000e+00
      39232    121.326     1.3460     1.6002   2.912102   2.933310     2.4942     2.4498      8.144     0.0508     1.6876 1.0827e-01     0.0609    98.4892     7.0811     7.3422    33.5470    33.5441    26.8545    26.8346    7.84301 0.0000e+00
      39235    121.274     1.3388     1.5559   2.912705   2.930221     2.4942     2.4498      8.144     0.0508     1.6876 1.0827e-01     0.0609    98.4892     7.0814     7.3453    33.5624    33.5524    26.8674    26.8444    7.84366 0.0000e+00
      39238    121.221     1.3530     1.5415   2.916455   2.931698     2.4938     2.4502      8.144     0.0557     1.6876 1.0827e-01     0.0609    98.4892     7.0744     7.3440    33.5949    33.5865    26.8925    26.8727    7.83904 0.0000e+00
      39241    121.170     1.3754     1.5498   2.917249   2.930725     2.4938     2.4502      8.149     0.0508     1.6876 1.0827e-01     0.0609    98.4892     7.0678     7.3365    33.5810    33.5653    26.8798    26.8552    7.83523 0.0000e+00
      39244    121.119     1.3790     1.5691   2.916092   2.933243     2.4942     2.4510      8.149     0.0557     1.6876 1.0827e-01     0.0609    98.4892     7.0684     7.3268    33.5624    33.5767    26.8646    26.8629    7.83547 0.0000e+00
      39247    121.069     1.3770     1.6069   2.916178   2.936205     2.4946     2.4510      8.147     0.0508     1.6876 1.0827e-01     0.0609    98.4892     7.0663     7.3131    33.5657    33.5738    26.8675    26.8579    7.83572 0.0000e+00
      39250    121.020     1.3775     1.6278   2.916553   2.937016     2.4934     2.4506      8.149     0.0557     1.6876 1.0827e-01     0.0609    98.4892     7.0597     7.3014    33.5699    33.5617    26.8708    26.8468    7.83538 0.0000e+00
      39253    120.971     1.3873     1.6160   2.918368   2.936301     2.4938     2.4510      8.147     0.0557     1.6876 1.0827e-01     0.0609    98.4892     7.0539     7.2966    33.5825    33.5653    26.8803    26.8505    7.83273 0.0000e+00
      39256    120.928     1.3994     1.6185   2.919366   2.937543     2.4938     2.4506      8.149     0.0508     1.6481 1.0827e-01     0.0609    98.4892     7.0459     7.2860    33.5823    33.5784    26.8793    26.8608    7.83028 0.0000e+00
      39259    120.884     1.4142     1.6627   2.920905   2.941881     2.4946     2.4502      8.147     0.0264     1.6876 1.0827e-01     0.0609    98.4892     7.0409     7.2655    33.5860    33.5860    26.8812    26.8638    7.82709 0.0000e+00
      39262    120.843     1.4282     1.7022   2.921440   2.943559     2.4938     2.4498      8.149     0.0313     1.6876 1.0827e-01     0.0609    98.4892     7.0298     7.2477    33.5779    33.5651    26.8737    26.8442    7.82468 0.0000e+00
      39265    120.803     1.4371     1.6926   2.921442   2.941830     2.4938     2.4490      8.149     0.0264     1.6876 1.0827e-01     0.0609    98.4892     7.0232     7.2376    33.5683    33.5535    26.8654    26.8355    7.82338 0.0000e+00
      39268    120.766     1.4387     1.6654   2.920461   2.940106     2.4930     2.4486      8.149     0.0264     1.6876 1.0827e-01     0.0609    98.4892     7.0158     7.2341    33.5542    33.5607    26.8540    26.8433    7.82380 0.0000e+00
      39271    120.730     1.4297     1.6640   2.920051   2.940216     2.4930     2.4486      8.149     0.0215     1.6876 1.0827e-01     0.0602    98.5066     7.0127     7.2298    33.5586    33.5636    26.8582    26.8458    7.82539 0.0000e+00
      39274    120.698     1.4191     1.6570   2.918878   2.939788     2.4926     2.4477      8.149     0.0264     1.6876 1.0827e-01     0.0598    98.5153     7.0096     7.2282    33.5551    33.5657    26.8561    26.8479    7.82773 0.0000e+00
      39277    120.670     1.4104     1.6409   2.917660   2.939394     2.4917     2.4473      8.149     0.0264     1.6876 1.0827e-01     0.0598    98.5153     7.0054     7.2314    33.5490    33.5779    26.8518    26.8589    7.82982 0.0000e+00
      39282    120.634     1.3998     1.6420   2.917635   2.938695     2.4901     2.4461      8.149     0.0264     1.7665 1.0790e-01     0.0598    98.5153     7.0019     7.2363    33.5601    33.5680    26.8614    26.8508    7.83139 0.0000e+00
      39351    120.604     1.2879     1.3598   2.909795   2.916673     2.4913     2.4510      8.149     0.0313     1.6876 1.0790e-01     0.0616    98.4719     7.0975     7.4784    33.5802    33.5907    26.8851    26.8886    7.85306 0.0000e+00
      39356    120.565     1.2998     1.4456   2.908552   2.925470     2.4926     2.4522      8.149     0.0361     1.6876 1.0790e-01     0.0613    98.4805     7.0991     7.4531    33.5517    33.6106    26.8614    26.8987    7.85216 0.0000e+00
      39359    120.530     1.2969     1.5100   2.907644   2.928433     2.4926     2.4530      8.149     0.0264     1.6876 1.0790e-01     0.0609    98.4892     7.0996     7.4336    33.5432    33.5792    26.8548    26.8691    7.85320 0.0000e+00
      39362    120.490     1.2873     1.5427   2.906684   2.931040     2.4934     2.4534      8.149     0.0264     1.6876 1.0790e-01     0.0616    98.4719     7.1023     7.4190    33.5413    33.5773    26.8539    26.8653    7.85526 0.0000e+00
      39365    120.441     1.2780     1.5759   2.907438   2.933845     2.4942     2.4534      8.149     0.0264     1.6876 1.0790e-01     0.0609    98.4892     7.1044     7.4001    33.5608    33.5774    26.8702    26.8630    7.85611 0.0000e+00
      39368    120.389     1.2802     1.5951   2.908233   2.934765     2.4934     2.4543      8.149     0.0313     1.6876 1.0790e-01     0.0609    98.4892     7.1011     7.3863    33.5688    33.5685    26.8764    26.8545    7.85525 0.0000e+00
      39371    120.336     1.2753     1.6030   2.906320   2.935166     2.4946     2.4547      8.149     0.0264     1.6876 1.0790e-01     0.0605    98.4979     7.1045     7.3735    33.5496    33.5652    26.8613    26.8513    7.85726 0.0000e+00
