Datasets/AZMP/COO001/79001085.cnv
* Sea-Bird SBE 9 Data File:
* FileName = C:\CTDDATA\79001085.hex
* Software Version Seasave V 7.26.7.110
* Temperature SN = 5660
* Conductivity SN = 3698
* Number of Bytes Per Scan = 30
* Number of Voltage Words = 4
* Number of Scans Averaged by the Deck Unit = 1
* NMEA baud rate = 9600
** VESSEL/TRIP/SEQ STN:  79001085
** LATITUDE XX XX.XX N:  48 09.80 N
** LONGITUDE XX XX.XX W:  53 44.34 W
** SOUNDING DEPTH (M):  0171
** PROBE TYPE: S1257
** CTD NUMBER: 052
** COMMENTS (14 CHAR): SS-14
** BOTTLES:  0
** LEVELS:
** STICKERS:
** VNET: N
** DO2: N
# nquan = 22
# nvalues = 5885                        
# units = specified
# name 0 = scan: Scan Count
# name 1 = prDM: Pressure, Digiquartz [db]
# name 2 = t090C: Temperature [ITS-90, deg C]
# name 3 = t190C: Temperature, 2 [ITS-90, deg C]
# name 4 = c0S/m: Conductivity [S/m]
# name 5 = c1S/m: Conductivity, 2 [S/m]
# name 6 = sbeox0V: Oxygen raw, SBE 43 [V]
# name 7 = sbeox1V: Oxygen raw, SBE 43, 2 [V]
# name 8 = ph: pH
# name 9 = flECO-AFL: Fluorescence, WET Labs ECO-AFL/FL [mg/m^3]
# name 10 = wetCDOM: Fluorescence, WET Labs CDOM [mg/m^3]
# name 11 = par/sat/log: PAR/Logarithmic, Satlantic [umol photons/m^2/sec]
# name 12 = CStarAt0: Beam Attenuation, WET Labs C-Star [1/m]
# name 13 = CStarTr0: Beam Transmission, WET Labs C-Star [%]
# name 14 = sbeox0ML/L: Oxygen, SBE 43 [ml/l], WS = 2
# name 15 = sbeox1ML/L: Oxygen, SBE 43, 2 [ml/l], WS = 2
# name 16 = sal00: Salinity, Practical [PSU]
# name 17 = sal11: Salinity, Practical, 2 [PSU]
# name 18 = sigma-t00: Density [sigma-t, kg/m^3 ]
# name 19 = sigma-t11: Density, 2 [sigma-t, kg/m^3 ]
# name 20 = oxsatML/L: Oxygen Saturation, Weiss [ml/l]
# name 21 = flag: flag
# span 0 =        133,      19169       
# span 1 =      1.149,    164.561       
# span 2 =     0.2619,     3.5195       
# span 3 =     0.2607,     3.5247       
# span 4 =   2.760066,   2.934114       
# span 5 =   2.760234,   2.934286       
# span 6 =     2.4446,     2.7340       
# span 7 =     2.4153,     2.7026       
# span 8 =      1.999,      2.352       
# span 9 =     0.0215,     0.8029       
# span 10 =     0.7006,     3.5826      
# span 11 = 1.0569e-01, 1.4598e+00      
# span 12 =     0.0836,     0.2086      
# span 13 =    94.9177,    97.9331      
# span 14 =     6.6968,     7.6779      
# span 15 =     7.5236,     7.8879      
# span 16 =    31.1765,    32.7446      
# span 17 =    31.1784,    32.7476      
# span 18 =    24.7955,    26.2729      
# span 19 =    24.7968,    26.2754      
# span 20 =    7.52270,    8.11327      
# span 21 = 0.0000e+00, 0.0000e+00      
# interval = scans: 3                   
# start_time = Dec 01 2019 22:48:35 [System UTC, header]
# bad_flag = -9.990e-29
*END*
[from data line 1910]
       6143    113.679     2.4678     2.4309   2.890892   2.889357     2.6403     2.6078      2.033     0.0899     2.1614 1.0790e-01     0.1017    97.4899     7.3998     7.7754    32.1218    32.1400    25.6312    25.6487    7.69376 0.0000e+00
       6146    113.741     2.4588     2.4269   2.890229   2.889053     2.6399     2.6073      2.033     0.0850     2.1614 1.0790e-01     0.1013    97.4986     7.4013     7.7718    32.1226    32.1403    25.6326    25.6492    7.69546 0.0000e+00
       6149    113.803     2.4501     2.4225   2.889771   2.888792     2.6387     2.6073      2.036     0.0850     2.1614 1.0790e-01     0.1013    97.4986     7.3985     7.7708    32.1257    32.1415    25.6357    25.6506    7.69701 0.0000e+00
       6152    113.864     2.4429     2.4196   2.889327   2.888643     2.6387     2.6073      2.033     0.0996     2.1614 1.0790e-01     0.1017    97.4899     7.4002     7.7704    32.1275    32.1426    25.6378    25.6516    7.69834 0.0000e+00
       6155    113.926     2.4355     2.4182   2.888921   2.888568     2.6391     2.6069      2.031     0.0996     2.2798 1.0790e-01     0.1024    97.4725     7.4024     7.7703    32.1299    32.1430    25.6403    25.6521    7.69967 0.0000e+00
       6158    113.989     2.4296     2.4170   2.888630   2.888505     2.6395     2.6073      2.034     0.1045     2.2798 1.0790e-01     0.1024    97.4725     7.4045     7.7724    32.1322    32.1434    25.6426    25.6524    7.70070 0.0000e+00
       6161    114.051     2.4251     2.4163   2.888484   2.888450     2.6379     2.6065      2.034     0.0996     2.2798 1.0790e-01     0.1024    97.4725     7.4007     7.7707    32.1349    32.1434    25.6451    25.6525    7.70144 0.0000e+00
       6164    114.115     2.4221     2.4154   2.888430   2.888383     2.6395     2.6065      2.031     0.0996     2.2798 1.0790e-01     0.1024    97.4725     7.4069     7.7712    32.1372    32.1434    25.6472    25.6526    7.70190 0.0000e+00
       6167    114.179     2.4202     2.4135   2.888355   2.888224     2.6395     2.6057      2.033     0.0996     2.2798 1.0790e-01     0.1024    97.4725     7.4076     7.7708    32.1382    32.1433    25.6481    25.6527    7.70223 0.0000e+00
       6170    114.240     2.4185     2.4111   2.888246   2.888060     2.6379     2.6057      2.034     0.0996     2.2798 1.0790e-01     0.1024    97.4725     7.4043     7.7742    32.1385    32.1437    25.6484    25.6532    7.70254 0.0000e+00
       6173    114.302     2.4167     2.4073   2.888117   2.887755     2.6379     2.6057      2.033     0.1045     2.2798 1.0790e-01     0.1031    97.4551     7.4055     7.7759    32.1388    32.1438    25.6488    25.6536    7.70289 0.0000e+00
       6176    114.366     2.4143     2.4004   2.887896   2.887228     2.6375     2.6057      2.033     0.0996     2.2798 1.0790e-01     0.1035    97.4464     7.4029     7.7797    32.1385    32.1443    25.6487    25.6545    7.70338 0.0000e+00
       6179    114.430     2.4112     2.3928   2.887575   2.886745     2.6371     2.6061      2.034     0.1045     2.2403 1.0790e-01     0.1038    97.4377     7.4021     7.7857    32.1376    32.1459    25.6483    25.6564    7.70403 0.0000e+00
       6182    114.491     2.4075     2.3874   2.887345   2.886449     2.6375     2.6057      2.032     0.0996     2.1614 1.0790e-01     0.1035    97.4464     7.4058     7.7877    32.1384    32.1477    25.6492    25.6582    7.70471 0.0000e+00
       6185    114.551     2.4038     2.3837   2.887082   2.886221     2.6375     2.6061      2.032     0.0996     2.1614 1.0790e-01     0.1035    97.4464     7.4064     7.7905    32.1389    32.1486    25.6498    25.6591    7.70541 0.0000e+00
       6188    114.615     2.3997     2.3804   2.886798   2.885991     2.6379     2.6057      2.032     0.0996     2.1614 1.0790e-01     0.1035    97.4464     7.4084     7.7916    32.1395    32.1491    25.6507    25.6598    7.70619 0.0000e+00
       6191    114.677     2.3960     2.3772   2.886563   2.885751     2.6375     2.6057      2.033     0.0996     2.1614 1.0790e-01     0.1035    97.4464     7.4090     7.7906    32.1404    32.1493    25.6516    25.6602    7.70687 0.0000e+00
       6194    114.741     2.3925     2.3732   2.886330   2.885500     2.6375     2.6057      2.032     0.1045     2.1614 1.0790e-01     0.1060    97.3856     7.4092     7.7886    32.1410    32.1502    25.6524    25.6613    7.70753 0.0000e+00
       6197    114.804     2.3892     2.3684   2.886140   2.885116     2.6371     2.6057      2.032     0.0996     2.1614 1.0790e-01     0.1067    97.3682     7.4077     7.7872    32.1419    32.1503    25.6535    25.6617    7.70813 0.0000e+00
       6200    114.867     2.3853     2.3616   2.885781   2.884641     2.6363     2.6057      2.032     0.0996     2.1614 1.0790e-01     0.1063    97.3769     7.4066     7.7851    32.1414    32.1513    25.6533    25.6630    7.70891 0.0000e+00
       6203    114.930     2.3806     2.3551   2.885384   2.884238     2.6375     2.6057      2.032     0.1045     2.1614 1.0790e-01     0.1063    97.3769     7.4124     7.7829    32.1412    32.1529    25.6535    25.6648    7.70985 0.0000e+00
       6206    114.992     2.3751     2.3504   2.885015   2.883980     2.6367     2.6053      2.032     0.0996     2.1614 1.0790e-01     0.1067    97.3682     7.4099     7.7790    32.1422    32.1543    25.6547    25.6663    7.71088 0.0000e+00
       6209    115.057     2.3699     2.3464   2.884658   2.883729     2.6367     2.6049      2.032     0.0996     2.1614 1.0790e-01     0.1067    97.3682     7.4102     7.7759    32.1431    32.1552    25.6558    25.6673    7.71187 0.0000e+00
       6212    115.118     2.3646     2.3433   2.884358   2.883547     2.6363     2.6053      2.030     0.0996     2.1614 1.0790e-01     0.1067    97.3682     7.4105     7.7744    32.1447    32.1562    25.6575    25.6683    7.71283 0.0000e+00
       6215    115.181     2.3600     2.3412   2.884047   2.883457     2.6354     2.6045      2.033     0.0996     2.1614 1.0790e-01     0.1074    97.3509     7.4109     7.7676    32.1454    32.1571    25.6585    25.6693    7.71369 0.0000e+00
       6218    115.241     2.3551     2.3399   2.883736   2.883380     2.6350     2.6045      2.031     0.0996     2.1614 1.0790e-01     0.1078    97.3422     7.4120     7.7652    32.1465    32.1574    25.6597    25.6696    7.71459 0.0000e+00
       6221    115.302     2.3507     2.3396   2.883546   2.883361     2.6363     2.6045      2.033     0.0996     2.1614 1.0790e-01     0.1074    97.3509     7.4182     7.7640    32.1486    32.1575    25.6617    25.6697    7.71535 0.0000e+00
       6224    115.362     2.3472     2.3392   2.883376   2.883338     2.6363     2.6037      2.033     0.0996     2.1614 1.0790e-01     0.1074    97.3509     7.4201     7.7604    32.1499    32.1575    25.6630    25.6698    7.71596 0.0000e+00
       6227    115.424     2.3445     2.3390   2.883250   2.883347     2.6367     2.6033      2.029     0.0996     2.1614 1.0790e-01     0.1078    97.3422     7.4224     7.7576    32.1511    32.1578    25.6642    25.6700    7.71644 0.0000e+00
       6230    115.485     2.3425     2.3389   2.883189   2.883330     2.6354     2.6033      2.029     0.0899     2.1614 1.0802e-01     0.1074    97.3509     7.4169     7.7567    32.1524    32.1577    25.6653    25.6699    7.71677 0.0000e+00
       6233    115.548     2.3412     2.3382   2.883164   2.883294     2.6350     2.6033      2.029     0.0850     2.0824 1.0790e-01     0.1063    97.3769     7.4151     7.7561    32.1533    32.1580    25.6662    25.6701    7.71697 0.0000e+00
       6236    115.611     2.3406     2.3379   2.883169   2.883283     2.6363     2.6020      2.031     0.0850     2.0429 1.0790e-01     0.1035    97.4464     7.4202     7.7530    32.1539    32.1580    25.6667    25.6702    7.71706 0.0000e+00
       6239    115.674     2.3402     2.3377   2.883174   2.883279     2.6363     2.6020      2.031     0.0801     2.0429 1.0790e-01     0.1035    97.4464     7.4205     7.7553    32.1543    32.1582    25.6671    25.6704    7.71712 0.0000e+00
       6242    115.737     2.3398     2.3375   2.883145   2.883264     2.6359     2.6021      2.031     0.0850     2.0429 1.0790e-01     0.1035    97.4464     7.4156     7.7571    32.1543    32.1582    25.6671    25.6704    7.71719 0.0000e+00
       6245    115.799     2.3394     2.3369   2.883105   2.883224     2.6354     2.6021      2.031     0.0850     2.0429 1.0790e-01     0.1035    97.4464     7.4110     7.7607    32.1543    32.1583    25.6671    25.6705    7.71728 0.0000e+00
       6248    115.859     2.3388     2.3355   2.883072   2.883104     2.6363     2.6017      2.031     0.0947     2.0429 1.0790e-01     0.1035    97.4464     7.4135     7.7619    32.1544    32.1582    25.6672    25.6705    7.71738 0.0000e+00
       6251    115.920     2.3384     2.3331   2.883060   2.882878     2.6350     2.6008      2.032     0.0850     2.0429 1.0790e-01     0.1035    97.4464     7.4083     7.7602    32.1547    32.1578    25.6675    25.6704    7.71746 0.0000e+00
       6254    115.982     2.3377     2.3286   2.882998   2.882498     2.6334     2.6008      2.031     0.0899     2.0429 1.0790e-01     0.1052    97.4030     7.4031     7.7631    32.1545    32.1575    25.6674    25.6706    7.71759 0.0000e+00
       6257    116.045     2.3364     2.3208   2.882834   2.881911     2.6350     2.6008      2.032     0.0947     2.0429 1.0790e-01     0.1056    97.3943     7.4083     7.7668    32.1538    32.1581    25.6669    25.6717    7.71789 0.0000e+00
       6260    116.106     2.3340     2.3137   2.882521   2.881528     2.6350     2.6008      2.029     0.0850     2.1614 1.0790e-01     0.1056    97.3943     7.4073     7.7703    32.1524    32.1606    25.6660    25.6742    7.71844 0.0000e+00
       6263    116.166     2.3294     2.3080   2.882062   2.881182     2.6350     2.6008      2.031     0.0801     2.1614 1.0790e-01     0.1056    97.3943     7.4092     7.7718    32.1513    32.1620    25.6655    25.6757    7.71940 0.0000e+00
       6266    116.227     2.3230     2.3043   2.881523   2.880955     2.6330     2.6004      2.032     0.0899     2.1614 1.0790e-01     0.1052    97.4030     7.4055     7.7726    32.1511    32.1629    25.6658    25.6767    7.72068 0.0000e+00
       6269    116.291     2.3175     2.3017   2.881258   2.880843     2.6338     2.6008      2.034     0.0850     2.1614 1.0790e-01     0.1056    97.3943     7.4095     7.7772    32.1534    32.1642    25.6681    25.6779    7.72165 0.0000e+00
       6272    116.352     2.3130     2.3008   2.881075   2.880819     2.6338     2.6000      2.032     0.0850     2.1614 1.0790e-01     0.1056    97.3943     7.4130     7.7771    32.1556    32.1647    25.6702    25.6784    7.72241 0.0000e+00
       6275    116.414     2.3094     2.2995   2.880781   2.880669     2.6330     2.5996      2.029     0.0850     2.1614 1.0790e-01     0.1024    97.4725     7.4138     7.7773    32.1556    32.1642    25.6704    25.6781    7.72312 0.0000e+00
       6278    116.475     2.3044     2.2959   2.880394   2.880414     2.6342     2.6000      2.031     0.0899     2.1614 1.0790e-01     0.1020    97.4812     7.4183     7.7805    32.1558    32.1647    25.6710    25.6787    7.72409 0.0000e+00
       6281    116.536     2.3000     2.2939   2.880249   2.880352     2.6330     2.5996      2.031     0.0850     2.1614 1.0790e-01     0.1017    97.4899     7.4136     7.7808    32.1585    32.1659    25.6735    25.6799    7.72483 0.0000e+00
       6284    116.597     2.2970     2.2927   2.880118   2.880232     2.6330     2.5996      2.032     0.0850     2.1219 1.0790e-01     0.1017    97.4899     7.4143     7.7826    32.1599    32.1656    25.6748    25.6797    7.72535 0.0000e+00
       6287    116.658     2.2947     2.2895   2.880047   2.880006     2.6334     2.5996      2.032     0.0947     2.0429 1.0802e-01     0.1017    97.4899     7.4186     7.7833    32.1612    32.1660    25.6761    25.6803    7.72572 0.0000e+00
       6290    116.719     2.2936     2.2868   2.880067   2.879902     2.6330     2.5996      2.032     0.0850     2.0429 1.0790e-01     0.1017    97.4899     7.4191     7.7835    32.1625    32.1674    25.6772    25.6817    7.72587 0.0000e+00
       6293    116.777     2.2933     2.2847   2.880048   2.879758     2.6330     2.5996      2.030     0.0850     2.0429 1.0790e-01     0.1017    97.4899     7.4176     7.7834    32.1626    32.1677    25.6773    25.6820    7.72593 0.0000e+00
       6296    116.837     2.2919     2.2840   2.879872   2.879714     2.6334     2.5992      2.032     0.0850     2.0429 1.0790e-01     0.1003    97.5247     7.4187     7.7821    32.1619    32.1678    25.6768    25.6821    7.72625 0.0000e+00
       6299    116.897     2.2901     2.2827   2.879775   2.879571     2.6330     2.5996      2.031     0.0801     2.0429 1.0790e-01     0.1006    97.5160     7.4165     7.7833    32.1624    32.1674    25.6773    25.6819    7.72657 0.0000e+00
       6302    116.957     2.2890     2.2786   2.879717   2.879290     2.6326     2.5996      2.031     0.0899     2.0429 1.0790e-01     0.1003    97.5247     7.4155     7.7837    32.1628    32.1680    25.6777    25.6827    7.72677 0.0000e+00
       6305    117.018     2.2875     2.2744   2.879624   2.879025     2.6318     2.5996      2.031     0.0899     2.0429 1.0790e-01     0.1003    97.5247     7.4141     7.7842    32.1631    32.1689    25.6781    25.6837    7.72704 0.0000e+00
       6308    117.081     2.2852     2.2710   2.879327   2.878780     2.6322     2.5992      2.030     0.0899     2.0429 1.0790e-01     0.1003    97.5247     7.4152     7.7832    32.1618    32.1693    25.6772    25.6843    7.72758 0.0000e+00
       6311    117.142     2.2812     2.2668   2.878977   2.878507     2.6330     2.5988      2.031     0.0996     2.0429 1.0790e-01     0.1003    97.5247     7.4175     7.7828    32.1614    32.1702    25.6773    25.6854    7.72838 0.0000e+00
       6314    117.204     2.2777     2.2630   2.878869   2.878286     2.6326     2.5984      2.028     0.0996     2.0429 1.0790e-01     0.0999    97.5334     7.4161     7.7823    32.1636    32.1712    25.6792    25.6865    7.72896 0.0000e+00
       6317    117.264     2.2752     2.2602   2.878729   2.878143     2.6318     2.5984      2.033     0.0996     2.0429 1.0802e-01     0.0981    97.5768     7.4125     7.7825    32.1644    32.1723    25.6800    25.6875    7.72941 0.0000e+00
       6320    117.326     2.2719     2.2583   2.878431   2.878010     2.6314     2.5984      2.030     0.0996     2.0034 1.0802e-01     0.0981    97.5768     7.4118     7.7828    32.1640    32.1726    25.6800    25.6878    7.73008 0.0000e+00
       6323    117.383     2.2687     2.2558   2.878282   2.877853     2.6314     2.5984      2.031     0.0996     2.0429 1.0790e-01     0.0981    97.5768     7.4113     7.7814    32.1654    32.1731    25.6814    25.6885    7.73065 0.0000e+00
       6326    117.443     2.2664     2.2548   2.878160   2.877822     2.6322     2.5984      2.031     0.1045     2.0429 1.0790e-01     0.0981    97.5768     7.4139     7.7813    32.1662    32.1737    25.6822    25.6891    7.73106 0.0000e+00
       6329    117.505     2.2642     2.2548   2.878060   2.877827     2.6318     2.5984      2.030     0.0996     2.0429 1.0790e-01     0.0981    97.5768     7.4124     7.7832    32.1671    32.1738    25.6830    25.6891    7.73144 0.0000e+00
       6332    117.565     2.2625     2.2546   2.877927   2.877746     2.6310     2.5984      2.028     0.1045     2.0429 1.0790e-01     0.0981    97.5768     7.4091     7.7859    32.1672    32.1729    25.6833    25.6885    7.73178 0.0000e+00
       6335    117.627     2.2606     2.2511   2.877826   2.877464     2.6310     2.5984      2.031     0.0899     2.0429 1.0790e-01     0.0981    97.5768     7.4104     7.7867    32.1677    32.1729    25.6839    25.6887    7.73211 0.0000e+00
