Datasets/AZMP/COO001/79001073.cnv
* Sea-Bird SBE 9 Data File:
* FileName = C:\CTDDATA\79001073.hex
* Software Version Seasave V 7.26.7.110
* Temperature SN = 5660
* Conductivity SN = 3698
* Number of Bytes Per Scan = 30
* Number of Voltage Words = 4
* Number of Scans Averaged by the Deck Unit = 1
** VESSEL/TRIP/SEQ STN:  79001073
** LATITUDE XX XX.XX N:  48 15.29 N
** LONGITUDE XX XX.XX W:  53 25.69 W
** SOUNDING DEPTH (M):  0324
** PROBE TYPE: S1257
** CTD NUMBER: 040
** COMMENTS (14 CHAR): SS-01
** BOTTLES:  20
** LEVELS: 5,5,5,5,10,10,20,20,20,20,30,40,50,50,50,75,100,100,150,BTM
** STICKERS: 435187 - 435206
** VNET: Y
** DO2: N
** Sampled 400m away from planned lat/long because of underwire cables
# nquan = 22
# nvalues = 8997                        
# units = specified
# name 0 = scan: Scan Count
# name 1 = prDM: Pressure, Digiquartz [db]
# name 2 = t090C: Temperature [ITS-90, deg C]
# name 3 = t190C: Temperature, 2 [ITS-90, deg C]
# name 4 = c0S/m: Conductivity [S/m]
# name 5 = c1S/m: Conductivity, 2 [S/m]
# name 6 = sbeox0V: Oxygen raw, SBE 43 [V]
# name 7 = sbeox1V: Oxygen raw, SBE 43, 2 [V]
# name 8 = ph: pH
# name 9 = flECO-AFL: Fluorescence, WET Labs ECO-AFL/FL [mg/m^3]
# name 10 = wetCDOM: Fluorescence, WET Labs CDOM [mg/m^3]
# name 11 = par/sat/log: PAR/Logarithmic, Satlantic [umol photons/m^2/sec]
# name 12 = CStarAt0: Beam Attenuation, WET Labs C-Star [1/m]
# name 13 = CStarTr0: Beam Transmission, WET Labs C-Star [%]
# name 14 = sbeox0ML/L: Oxygen, SBE 43 [ml/l], WS = 2
# name 15 = sbeox1ML/L: Oxygen, SBE 43, 2 [ml/l], WS = 2
# name 16 = sal00: Salinity, Practical [PSU]
# name 17 = sal11: Salinity, Practical, 2 [PSU]
# name 18 = sigma-t00: Density [sigma-t, kg/m^3 ]
# name 19 = sigma-t11: Density, 2 [sigma-t, kg/m^3 ]
# name 20 = oxsatML/L: Oxygen Saturation, Weiss [ml/l]
# name 21 = flag: flag
# span 0 =        150,      68797       
# span 1 =      0.135,    308.299       
# span 2 =    -0.6156,     3.4927       
# span 3 =    -0.6251,     3.4956       
# span 4 =   2.691151,   2.932642       
# span 5 =   2.690408,   2.933320       
# span 6 =     2.1393,     2.7675       
# span 7 =     2.1056,     2.7180       
# span 8 =      7.952,      8.167       
# span 9 =     0.0068,     0.7394       
# span 10 =    -1.5891,     2.3982      
# span 11 = 1.0752e-01, 2.2286e+00      
# span 12 =     0.0789,     0.3347      
# span 13 =    91.9719,    98.0460      
# span 14 =     6.0374,     7.7308      
# span 15 =     6.2840,     7.9948      
# span 16 =    31.6193,    33.7128      
# span 17 =    30.0617,    33.7163      
# span 18 =    25.1465,    27.0175      
# span 19 =    23.9069,    27.0202      
# span 20 =    7.52137,    8.30594      
# span 21 = 0.0000e+00, 0.0000e+00      
# interval = scans: 3                   
# start_time = Dec 01 2019 07:00:01 [System UTC, header]
# bad_flag = -9.990e-29
*END*
[from data line 2832]
       9677    195.501    -0.1762    -0.1738   2.759204   2.759794     2.3516     2.3101      8.005     0.0410     2.0429 1.0790e-01     0.1127    97.2205     6.9354     7.2071    33.1604    33.1656    26.6295    26.6336    8.18517 0.0000e+00
       9680    195.582    -0.1760    -0.1720   2.759237   2.759973     2.3516     2.3101      8.005     0.0361     2.0034 1.0790e-01     0.1131    97.2118     6.9387     7.2081    33.1606    33.1659    26.6297    26.6338    8.18511 0.0000e+00
       9683    195.663    -0.1756    -0.1706   2.759321   2.760154     2.3508     2.3092      8.003     0.0264     1.9245 1.0790e-01     0.1131    97.2118     6.9357     7.2033    33.1612    33.1668    26.6302    26.6344    8.18499 0.0000e+00
       9686    195.743    -0.1754    -0.1703   2.759184   2.760060     2.3516     2.3088      8.005     0.0313     1.9245 1.0790e-01     0.1131    97.2118     6.9402     7.1998    33.1592    33.1652    26.6285    26.6331    8.18506 0.0000e+00
       9689    195.822    -0.1758    -0.1725   2.759185   2.759721     2.3520     2.3088      8.003     0.0264     1.9245 1.0790e-01     0.1131    97.2118     6.9420     7.2008    33.1595    33.1630    26.6288    26.6314    8.18512 0.0000e+00
       9692    195.897    -0.1750    -0.1748   2.759506   2.759492     2.3508     2.3088      8.003     0.0313     1.9245 1.0790e-01     0.1131    97.2118     6.9372     7.2029    33.1628    33.1625    26.6314    26.6311    8.18476 0.0000e+00
       9695    195.971    -0.1735    -0.1740   2.759671   2.759914     2.3512     2.3088      8.003     0.0264     1.9245 1.0790e-01     0.1131    97.2118     6.9371     7.2041    33.1634    33.1671    26.6318    26.6348    8.18441 0.0000e+00
       9698    196.044    -0.1722    -0.1695   2.759855   2.760386     2.3500     2.3084      8.005     0.0264     1.9245 1.0790e-01     0.1135    97.2031     6.9303     7.2062    33.1644    33.1684    26.6325    26.6357    8.18407 0.0000e+00
       9701    196.118    -0.1706    -0.1670   2.760128   2.760594     2.3504     2.3089      8.005     0.0264     1.9245 1.0790e-01     0.1142    97.1858     6.9309     7.2105    33.1661    33.1684    26.6339    26.6356    8.18361 0.0000e+00
       9704    196.187    -0.1688    -0.1660   2.760253   2.760657     2.3500     2.3089      8.003     0.0264     1.9245 1.0790e-01     0.1138    97.1945     6.9270     7.2140    33.1659    33.1682    26.6336    26.6353    8.18324 0.0000e+00
       9707    196.258    -0.1677    -0.1656   2.760336   2.760681     2.3500     2.3076      8.002     0.0313     1.8455 1.0790e-01     0.1142    97.1858     6.9252     7.2100    33.1657    33.1680    26.6334    26.6352    8.18301 0.0000e+00
       9710    196.326    -0.1670    -0.1654   2.760376   2.760734     2.3496     2.3076      8.005     0.0264     1.8060 1.0790e-01     0.1138    97.1945     6.9231     7.2086    33.1655    33.1685    26.6332    26.6355    8.18287 0.0000e+00
       9713    196.394    -0.1668    -0.1648   2.760387   2.760828     2.3492     2.3076      8.002     0.0264     1.8060 1.0790e-01     0.1135    97.2031     6.9207     7.2062    33.1653    33.1690    26.6330    26.6359    8.18282 0.0000e+00
       9716    196.462    -0.1661    -0.1636   2.760474   2.761018     2.3488     2.3076      8.003     0.0264     1.8060 1.0790e-01     0.1138    97.1945     6.9211     7.2047    33.1657    33.1702    26.6333    26.6369    8.18266 0.0000e+00
       9719    196.527    -0.1657    -0.1623   2.760548   2.761164     2.3479     2.3076      8.003     0.0264     1.8060 1.0790e-01     0.1142    97.1858     6.9161     7.2029    33.1662    33.1707    26.6337    26.6371    8.18254 0.0000e+00
       9722    196.590    -0.1649    -0.1602   2.760561   2.761415     2.3479     2.3076      8.003     0.0264     1.8060 1.0790e-01     0.1142    97.1858     6.9165     7.2032    33.1655    33.1717    26.6331    26.6379    8.18241 0.0000e+00
       9725    196.650    -0.1648    -0.1568   2.760590   2.761978     2.3479     2.3076      8.002     0.0264     1.8060 1.0790e-01     0.1142    97.1858     6.9146     7.1995    33.1657    33.1754    26.6332    26.6408    8.18237 0.0000e+00
       9728    196.710    -0.1644    -0.1490   2.760672   2.763018     2.3475     2.3076      8.003     0.0264     1.8060 1.0790e-01     0.1142    97.1858     6.9122     7.1976    33.1664    33.1807    26.6338    26.6447    8.18226 0.0000e+00
       9731    196.766    -0.1637    -0.1421   2.760708   2.763880     2.3479     2.3068      8.002     0.0264     1.8060 1.0790e-01     0.1142    97.1858     6.9141     7.1928    33.1660    33.1846    26.6335    26.6475    8.18211 0.0000e+00
       9734    196.823    -0.1630    -0.1383   2.760722   2.764321     2.3467     2.3064      8.003     0.0264     1.8850 1.0790e-01     0.1142    97.1858     6.9098     7.1864    33.1654    33.1863    26.6329    26.6486    8.18199 0.0000e+00
       9737    196.882    -0.1621    -0.1353   2.760677   2.764818     2.3467     2.3064      8.002     0.0313     1.9245 1.0790e-01     0.1142    97.1858     6.9107     7.1811    33.1638    33.1895    26.6316    26.6511    8.18189 0.0000e+00
       9740    196.939    -0.1600    -0.1296   2.761107   2.765477     2.3467     2.3064      8.002     0.0264     1.9245 1.0790e-01     0.1142    97.1858     6.9115     7.1765    33.1672    33.1921    26.6343    26.6529    8.18125 0.0000e+00
       9743    196.997    -0.1574    -0.1268   2.761656   2.765744     2.3455     2.3060      8.005     0.0264     1.9245 1.0790e-01     0.1146    97.1771     6.9071     7.1705    33.1716    33.1924    26.6377    26.6531    8.18043 0.0000e+00
       9746    197.055    -0.1538    -0.1253   2.762247   2.765877     2.3459     2.3060      8.002     0.0313     1.9245 1.0790e-01     0.1146    97.1771     6.9086     7.1680    33.1755    33.1926    26.6406    26.6532    8.17942 0.0000e+00
       9749    197.112    -0.1511    -0.1239   2.762662   2.766060     2.3447     2.3052      8.001     0.0264     1.9245 1.0790e-01     0.1142    97.1858     6.9042     7.1652    33.1781    33.1935    26.6426    26.6538    8.17870 0.0000e+00
       9752    197.167    -0.1475    -0.1228   2.763270   2.766184     2.3447     2.3052      8.003     0.0313     1.9245 1.0790e-01     0.1142    97.1858     6.9031     7.1631    33.1821    33.1939    26.6457    26.6541    8.17767 0.0000e+00
       9755    197.220    -0.1445    -0.1225   2.763661   2.766197     2.3451     2.3052      8.001     0.0264     1.9245 1.0790e-01     0.1142    97.1858     6.9042     7.1620    33.1840    33.1937    26.6471    26.6539    8.17691 0.0000e+00
       9758    197.273    -0.1419    -0.1229   2.764090   2.766190     2.3443     2.3044      8.000     0.0264     1.9245 1.0790e-01     0.1149    97.1684     6.9018     7.1557    33.1868    33.1939    26.6492    26.6541    8.17618 0.0000e+00
       9761    197.330    -0.1396    -0.1227   2.764261   2.766242     2.3443     2.3040      8.000     0.0264     1.9245 1.0790e-01     0.1153    97.1597     6.9014     7.1517    33.1866    33.1944    26.6490    26.6545    8.17571 0.0000e+00
       9764    197.387    -0.1379    -0.1223   2.764437   2.766249     2.3443     2.3040      8.001     0.0264     1.9245 1.0790e-01     0.1153    97.1597     6.9012     7.1492    33.1870    33.1941    26.6492    26.6542    8.17530 0.0000e+00
       9767    197.444    -0.1354    -0.1221   2.764870   2.766307     2.3443     2.3031      8.000     0.0313     1.9245 1.0790e-01     0.1153    97.1597     6.8995     7.1438    33.1900    33.1945    26.6515    26.6545    8.17459 0.0000e+00
       9770    197.505    -0.1334    -0.1215   2.764938   2.766437     2.3443     2.3036      8.000     0.0264     1.9245 1.0790e-01     0.1153    97.1597     6.8988     7.1456    33.1887    33.1955    26.6503    26.6553    8.17422 0.0000e+00
       9773    197.566    -0.1325    -0.1206   2.764901   2.766501     2.3431     2.3031      8.000     0.0264     1.9245 1.0790e-01     0.1153    97.1597     6.8927     7.1442    33.1872    33.1955    26.6491    26.6552    8.17412 0.0000e+00
       9776    197.628    -0.1316    -0.1207   2.765020   2.766525     2.3431     2.3023      8.000     0.0264     1.9245 1.0790e-01     0.1153    97.1597     6.8903     7.1421    33.1877    33.1958    26.6495    26.6555    8.17388 0.0000e+00
       9779    197.689    -0.1303    -0.1191   2.765263   2.766835     2.3427     2.3019      8.000     0.0264     1.9245 1.0790e-01     0.1163    97.1336     6.8879     7.1436    33.1895    33.1981    26.6509    26.6573    8.17350 0.0000e+00
       9782    197.748    -0.1288    -0.1170   2.765517   2.767110     2.3422     2.3015      8.000     0.0264     1.9245 1.0790e-01     0.1178    97.0988     6.8843     7.1434    33.1912    33.1994    26.6522    26.6583    8.17308 0.0000e+00
       9785    197.812    -0.1276    -0.1153   2.765556   2.767282     2.3422     2.3015      8.000     0.0117     1.8850 1.0790e-01     0.1174    97.1075     6.8829     7.1434    33.1904    33.1999    26.6515    26.6586    8.17287 0.0000e+00
       9788    197.881    -0.1264    -0.1144   2.765717   2.767363     2.3418     2.3007      8.000     0.0117     1.8060 1.0790e-01     0.1174    97.1075     6.8825     7.1411    33.1912    33.2000    26.6521    26.6586    8.17256 0.0000e+00
       9791    197.954    -0.1251    -0.1135   2.765990   2.767494     2.3406     2.3003      8.000     0.0166     1.8060 1.0790e-01     0.1178    97.0988     6.8774     7.1398    33.1934    33.2006    26.6538    26.6591    8.17216 0.0000e+00
       9794    198.032    -0.1223    -0.1119   2.766707   2.767760     2.3414     2.3003      8.000     0.0117     1.8060 1.0790e-01     0.1174    97.1075     6.8798     7.1380    33.1997    33.2023    26.6587    26.6604    8.17118 0.0000e+00
       9797    198.113    -0.1168    -0.1101   2.767801   2.767985     2.3402     2.3003      8.000     0.0117     1.8060 1.0790e-01     0.1178    97.0988     6.8739     7.1410    33.2081    33.2033    26.6653    26.6611    8.16951 0.0000e+00
       9800    198.193    -0.1113    -0.1073   2.768252   2.768448     2.3406     2.3003      7.999     0.0117     1.8060 1.0790e-01     0.1178    97.0988     6.8733     7.1414    33.2081    33.2063    26.6650    26.6634    8.16832 0.0000e+00
       9803    198.275    -0.1073    -0.1023   2.768505   2.769021     2.3398     2.3003      7.999     0.0117     1.8060 1.0790e-01     0.1174    97.1075     6.8709     7.1393    33.2071    33.2085    26.6640    26.6649    8.16751 0.0000e+00
       9806    198.361    -0.1048    -0.0998   2.768721   2.769265     2.3394     2.2991      7.999     0.0117     1.8060 1.0790e-01     0.1174    97.1075     6.8690     7.1320    33.2072    33.2089    26.6640    26.6651    8.16696 0.0000e+00
       9809    198.450    -0.1015    -0.0987   2.769198   2.769339     2.3394     2.2991      7.999     0.0117     1.8060 1.0790e-01     0.1174    97.1075     6.8698     7.1312    33.2098    33.2087    26.6660    26.6649    8.16609 0.0000e+00
       9812    198.546    -0.0988    -0.0975   2.769428   2.769519     2.3402     2.2987      7.999     0.0264     1.9245 1.0790e-01     0.1174    97.1075     6.8725     7.1260    33.2100    33.2096    26.6659    26.6656    8.16550 0.0000e+00
       9815    198.642    -0.0970    -0.0967   2.769549   2.769677     2.3382     2.2983      7.999     0.0313     2.0429 1.0790e-01     0.1174    97.1075     6.8643     7.1215    33.2095    33.2108    26.6655    26.6665    8.16513 0.0000e+00
       9818    198.740    -0.0949    -0.0922   2.769954   2.770509     2.3382     2.2979      7.999     0.0264     2.0429 1.0790e-01     0.1174    97.1075     6.8623     7.1138    33.2125    33.2169    26.6678    26.6712    8.16450 0.0000e+00
       9821    198.844    -0.0904    -0.0848   2.770928   2.771347     2.3373     2.2979      7.999     0.0361     2.0429 1.0790e-01     0.1192    97.0641     6.8556     7.1086    33.2205    33.2199    26.6740    26.6733    8.16308 0.0000e+00
       9824    198.951    -0.0853    -0.0801   2.771387   2.771723     2.3378     2.2975      7.999     0.0264     2.0429 1.0790e-01     0.1189    97.0728     6.8569     7.1052    33.2209    33.2197    26.6742    26.6729    8.16195 0.0000e+00
       9827    199.054    -0.0818    -0.0783   2.771557   2.771861     2.3378     2.2966      7.999     0.0264     2.0429 1.0790e-01     0.1185    97.0815     6.8591     7.1007    33.2192    33.2195    26.6726    26.6727    8.16127 0.0000e+00
       9830    199.160    -0.0793    -0.0766   2.771767   2.772102     2.3373     2.2966      7.999     0.0264     2.0429 1.0790e-01     0.1185    97.0815     6.8565     7.0998    33.2192    33.2208    26.6725    26.6736    8.16072 0.0000e+00
       9833    199.273    -0.0774    -0.0749   2.771962   2.772326     2.3369     2.2962      7.999     0.0264     2.0429 1.0790e-01     0.1185    97.0815     6.8547     7.0973    33.2197    33.2218    26.6728    26.6743    8.16029 0.0000e+00
       9836    199.385    -0.0759    -0.0737   2.772035   2.772413     2.3365     2.2954      7.999     0.0215     2.0429 1.0790e-01     0.1192    97.0641     6.8546     7.0941    33.2189    33.2216    26.6721    26.6741    8.16000 0.0000e+00
       9839    199.500    -0.0747    -0.0731   2.772167   2.772468     2.3357     2.2954      7.999     0.0264     1.9245 1.0790e-01     0.1199    97.0467     6.8541     7.0931    33.2193    33.2216    26.6724    26.6742    8.15972 0.0000e+00
       9842    199.619    -0.0739    -0.0729   2.772174   2.772445     2.3349     2.2942      7.999     0.0313     1.9245 1.0790e-01     0.1228    96.9772     6.8502     7.0880    33.2185    33.2210    26.6716    26.6737    8.15959 0.0000e+00
       9845    199.739    -0.0734    -0.0731   2.772233   2.772470     2.3345     2.2942      7.999     0.0264     1.9245 1.0790e-01     0.1228    96.9772     6.8461     7.0895    33.2187    33.2215    26.6718    26.6741    8.15948 0.0000e+00
       9848    199.856    -0.0730    -0.0728   2.772341   2.772519     2.3361     2.2942      7.997     0.0264     1.9245 1.0790e-01     0.1228    96.9772     6.8504     7.0906    33.2196    33.2218    26.6725    26.6742    8.15933 0.0000e+00
       9851    199.973    -0.0720    -0.0728   2.772510   2.772536     2.3353     2.2930      7.997     0.0313     1.9245 1.0790e-01     0.1228    96.9772     6.8483     7.0865    33.2207    33.2219    26.6733    26.6744    8.15906 0.0000e+00
       9854    200.092    -0.0711    -0.0724   2.772580   2.772624     2.3345     2.2930      7.999     0.0264     1.9245 1.0790e-01     0.1228    96.9772     6.8468     7.0882    33.2205    33.2226    26.6732    26.6748    8.15887 0.0000e+00
       9857    200.212    -0.0702    -0.0710   2.772626   2.772826     2.3345     2.2930      7.997     0.0264     1.9245 1.0790e-01     0.1228    96.9772     6.8480     7.0926    33.2201    33.2236    26.6728    26.6756    8.15870 0.0000e+00
       9860    200.331    -0.0696    -0.0696   2.772818   2.773016     2.3341     2.2921      7.996     0.0264     1.9245 1.0790e-01     0.1228    96.9772     6.8463     7.0903    33.2219    33.2246    26.6742    26.6764    8.15846 0.0000e+00
       9863    200.449    -0.0684    -0.0679   2.773061   2.773261     2.3341     2.2917      7.996     0.0264     1.9245 1.0790e-01     0.1228    96.9772     6.8455     7.0894    33.2238    33.2259    26.6757    26.6774    8.15811 0.0000e+00
       9866    200.571    -0.0669    -0.0664   2.773356   2.773523     2.3329     2.2917      7.996     0.0264     1.9245 1.0790e-01     0.1228    96.9772     6.8399     7.0906    33.2260    33.2277    26.6773    26.6787    8.15766 0.0000e+00
       9869    200.685    -0.0654    -0.0641   2.773526   2.773837     2.3321     2.2913      7.999     0.0264     1.9245 1.0790e-01     0.1228    96.9772     6.8333     7.0886    33.2265    33.2292    26.6777    26.6798    8.15730 0.0000e+00
