Datasets/AZMP/COO001/79001127.cnv
* Sea-Bird SBE 9 Data File:
* FileName = C:\CTDDATA\79001127.hex
* Software Version Seasave V 7.26.7.110
* Temperature SN = 5660
* Conductivity SN = 3698
* Number of Bytes Per Scan = 30
* Number of Voltage Words = 4
* Number of Scans Averaged by the Deck Unit = 1
* NMEA baud rate = 9600
** VESSEL/TRIP/SEQ STN:  79001127
** LATITUDE XX XX.XX N:  47 34.80 N
** LONGITUDE XX XX.XX W:  52 21.00 W
** SOUNDING DEPTH (M):  0172
** PROBE TYPE: S1257
** CTD NUMBER: 087
** COMMENTS (14 CHAR): S27-02
** BOTTLES:  0
** LEVELS:
** STICKERS:
** VNET: N
** DO2: N
# nquan = 22
# nvalues = 4782                        
# units = specified
# name 0 = scan: Scan Count
# name 1 = prDM: Pressure, Digiquartz [db]
# name 2 = t090C: Temperature [ITS-90, deg C]
# name 3 = t190C: Temperature, 2 [ITS-90, deg C]
# name 4 = c0S/m: Conductivity [S/m]
# name 5 = c1S/m: Conductivity, 2 [S/m]
# name 6 = sbeox0V: Oxygen raw, SBE 43 [V]
# name 7 = sbeox1V: Oxygen raw, SBE 43, 2 [V]
# name 8 = ph: pH
# name 9 = flECO-AFL: Fluorescence, WET Labs ECO-AFL/FL [mg/m^3]
# name 10 = wetCDOM: Fluorescence, WET Labs CDOM [mg/m^3]
# name 11 = par/sat/log: PAR/Logarithmic, Satlantic [umol photons/m^2/sec]
# name 12 = CStarAt0: Beam Attenuation, WET Labs C-Star [1/m]
# name 13 = CStarTr0: Beam Transmission, WET Labs C-Star [%]
# name 14 = sbeox0ML/L: Oxygen, SBE 43 [ml/l], WS = 2
# name 15 = sbeox1ML/L: Oxygen, SBE 43, 2 [ml/l], WS = 2
# name 16 = sal00: Salinity, Practical [PSU]
# name 17 = sal11: Salinity, Practical, 2 [PSU]
# name 18 = sigma-t00: Density [sigma-t, kg/m^3 ]
# name 19 = sigma-t11: Density, 2 [sigma-t, kg/m^3 ]
# name 20 = oxsatML/L: Oxygen Saturation, Weiss [ml/l]
# name 21 = flag: flag
# span 0 =          8,      18270       
# span 1 =      0.796,    163.191       
# span 2 =    -0.8009,     2.8874       
# span 3 =    -0.8078,     2.9088       
# span 4 =   2.676217,   2.896417       
# span 5 =   2.676121,   2.898657       
# span 6 =     2.3932,     2.7661       
# span 7 =     2.3675,     2.7387       
# span 8 =      8.035,      8.165       
# span 9 =     0.0117,     0.9495       
# span 10 =    -0.1679,     2.1614      
# span 11 = 1.0690e-01, 2.4221e+00      
# span 12 =     0.0556,     0.8465      
# span 13 =    80.9272,    98.6196      
# span 14 =     6.5806,     7.7562      
# span 15 =     7.4409,     8.1627      
# span 16 =    31.8242,    33.0844      
# span 17 =    31.8259,    33.0842      
# span 18 =    25.3601,    26.5823      
# span 19 =    25.3609,    26.5826      
# span 20 =    7.62746,    8.34667      
# span 21 = 0.0000e+00, 0.0000e+00      
# interval = scans: 3                   
# start_time = Dec 10 2019 01:15:54 [System UTC, header]
# bad_flag = -9.990e-29
*END*
[from data line 1449]
       5043    103.323     1.2879     1.2867   2.816925   2.817061     2.6297     2.6020      8.120     0.0850     2.0429 1.0790e-01     0.0651    98.3849     7.6046     7.9780    32.4088    32.4118    25.9445    25.9470    7.91557 0.0000e+00
       5046    103.421     1.2880     1.2866   2.816943   2.817122     2.6301     2.6016      8.120     0.0947     2.0429 1.0790e-01     0.0651    98.3849     7.6044     7.9745    32.4089    32.4126    25.9445    25.9475    7.91555 0.0000e+00
       5049    103.516     1.2879     1.2863   2.816968   2.817088     2.6301     2.6008      8.120     0.0899     2.0429 1.0790e-01     0.0641    98.4110     7.6056     7.9700    32.4092    32.4124    25.9447    25.9475    7.91554 0.0000e+00
       5052    103.606     1.2880     1.2862   2.816987   2.817114     2.6301     2.6008      8.120     0.0850     2.0429 1.0790e-01     0.0641    98.4110     7.6063     7.9699    32.4094    32.4128    25.9449    25.9478    7.91553 0.0000e+00
       5055    103.690     1.2879     1.2863   2.816973   2.817126     2.6301     2.6004      8.118     0.0850     2.0429 1.0790e-01     0.0641    98.4110     7.6071     7.9678    32.4092    32.4128    25.9447    25.9478    7.91554 0.0000e+00
       5058    103.770     1.2880     1.2860   2.816994   2.817122     2.6301     2.5999      8.120     0.0899     2.0429 1.0790e-01     0.0641    98.4110     7.6054     7.9628    32.4093    32.4130    25.9448    25.9479    7.91552 0.0000e+00
       5061    103.848     1.2880     1.2859   2.816982   2.817110     2.6301     2.5995      8.120     0.0899     2.0429 1.0790e-01     0.0641    98.4110     7.6058     7.9578    32.4091    32.4130    25.9447    25.9479    7.91553 0.0000e+00
       5064    103.918     1.2880     1.2858   2.816996   2.817105     2.6289     2.5995      8.120     0.0899     2.0429 1.0790e-01     0.0644    98.4023     7.6036     7.9555    32.4093    32.4129    25.9448    25.9479    7.91552 0.0000e+00
       5067    103.983     1.2877     1.2855   2.817007   2.817112     2.6289     2.5995      8.120     0.0899     2.0429 1.0790e-01     0.0648    98.3936     7.6027     7.9571    32.4096    32.4133    25.9451    25.9482    7.91556 0.0000e+00
       5070    104.046     1.2876     1.2856   2.817027   2.817095     2.6293     2.5995      8.120     0.0899     2.0429 1.0790e-01     0.0651    98.3849     7.6046     7.9636    32.4100    32.4130    25.9454    25.9480    7.91557 0.0000e+00
       5073    104.103     1.2877     1.2855   2.817226   2.817121     2.6301     2.5991      8.120     0.0850     2.0429 1.0790e-01     0.0648    98.3936     7.6085     7.9665    32.4124    32.4134    25.9473    25.9482    7.91541 0.0000e+00
       5076    104.156     1.2918     1.2854   2.817801   2.817113     2.6301     2.5991      8.120     0.0899     2.0429 1.0790e-01     0.0648    98.3936     7.6083     7.9701    32.4155    32.4133    25.9496    25.9482    7.91442 0.0000e+00
       5079    104.205     1.3016     1.2853   2.818634   2.817119     2.6301     2.5991      8.120     0.0899     2.0429 1.0790e-01     0.0644    98.4023     7.6069     7.9765    32.4158    32.4134    25.9492    25.9483    7.91238 0.0000e+00
       5082    104.252     1.3098     1.2851   2.819395   2.817108     2.6297     2.5983      8.120     0.0899     2.0429 1.0790e-01     0.0648    98.3936     7.6054     7.9794    32.4170    32.4136    25.9496    25.9484    7.91063 0.0000e+00
       5085    104.295     1.3130     1.2850   2.818992   2.817101     2.6305     2.5983      8.120     0.0899     2.0429 1.0790e-01     0.0648    98.3936     7.6092     7.9836    32.4085    32.4135    25.9426    25.9484    7.91042 0.0000e+00
       5088    104.334     1.3112     1.2849   2.819334   2.817117     2.6305     2.5983      8.120     0.0850     2.0429 1.0790e-01     0.0644    98.4023     7.6107     7.9904    32.4147    32.4138    25.9477    25.9486    7.91046 0.0000e+00
       5091    104.368     1.3156     1.2849   2.819919   2.817139     2.6301     2.5983      8.120     0.0947     2.0429 1.0790e-01     0.0641    98.4110     7.6078     7.9971    32.4176    32.4140    25.9497    25.9488    7.90941 0.0000e+00
       5094    104.396     1.3219     1.2850   2.819993   2.817139     2.6301     2.5991      8.120     0.0947     2.0429 1.0790e-01     0.0641    98.4110     7.6063     8.0063    32.4119    32.4139    25.9447    25.9487    7.90840 0.0000e+00
       5097    104.423     1.3253     1.2851   2.819815   2.817129     2.6305     2.5987      8.120     0.0899     2.0429 1.0790e-01     0.0641    98.4110     7.6071     8.0099    32.4061    32.4137    25.9399    25.9485    7.90801 0.0000e+00
       5100    104.452     1.3262     1.2851   2.819699   2.817147     2.6301     2.5991      8.120     0.0850     2.0429 1.0790e-01     0.0641    98.4110     7.6052     8.0142    32.4037    32.4139    25.9379    25.9487    7.90796 0.0000e+00
       5117    104.543     1.3275     1.2860   2.819982   2.817242     2.6305     2.5991      8.120     0.0850     2.0034 1.0790e-01     0.0648    98.3936     7.6024     7.9974    32.4059    32.4141    25.9396    25.9488    7.90758 0.0000e+00
       5146    104.690     1.3392     1.2944   2.822136   2.817946     2.6321     2.5983      8.120     0.0850     1.9245 1.0790e-01     0.0662    98.3589     7.6010     7.9662    32.4211    32.4143    25.9510    25.9484    7.90437 0.0000e+00
       5150    104.724     1.3511     1.3042   2.822864   2.818520     2.6309     2.5983      8.120     0.0899     1.9245 1.0790e-01     0.0634    98.4284     7.5930     7.9702    32.4179    32.4114    25.9477    25.9454    7.90210 0.0000e+00
       5153    104.750     1.3535     1.3078   2.822705   2.818802     2.6313     2.5983      8.120     0.1045     1.9245 1.0790e-01     0.0637    98.4197     7.5932     7.9723    32.4134    32.4112    25.9439    25.9451    7.90184 0.0000e+00
       5156    104.780     1.3587     1.3128   2.823781   2.819044     2.6301     2.5983      8.120     0.0996     1.9245 1.0790e-01     0.0637    98.4197     7.5860     7.9747    32.4216    32.4090    25.9502    25.9431    7.90032 0.0000e+00
       5159    104.812     1.3733     1.3153   2.824549   2.819238     2.6301     2.5983      8.120     0.0996     1.9245 1.0790e-01     0.0641    98.4110     7.5810     7.9780    32.4163    32.4090    25.9450    25.9428    7.89763 0.0000e+00
       5162    104.847     1.3801     1.3163   2.824074   2.819243     2.6309     2.5983      8.120     0.0996     1.9245 1.0790e-01     0.0637    98.4197     7.5842     7.9828    32.4032    32.4079    25.9340    25.9419    7.89693 0.0000e+00
       5165    104.885     1.3791     1.3146   2.823917   2.819123     2.6305     2.5983      8.120     0.0996     1.9245 1.0790e-01     0.0634    98.4284     7.5833     7.9859    32.4022    32.4082    25.9333    25.9422    7.89719 0.0000e+00
       5168    104.924     1.3828     1.3136   2.823472   2.819087     2.6309     2.5983      8.120     0.0996     1.9245 1.0790e-01     0.0644    98.4023     7.5849     7.9857    32.3927    32.4087    25.9254    25.9428    7.89693 0.0000e+00
       5171    104.967     1.3773     1.3125   2.822586   2.818984     2.6305     2.5983      8.120     0.1094     1.9245 1.0790e-01     0.0651    98.3849     7.5893     7.9868    32.3872    32.4085    25.9214    25.9426    7.89836 0.0000e+00
       5174    105.015     1.3652     1.3071   2.821327   2.818572     2.6309     2.5983      8.120     0.0996     1.9245 1.0790e-01     0.0655    98.3762     7.5959     7.9874    32.3837    32.4088    25.9194    25.9433    7.90102 0.0000e+00
       5177    105.065     1.3529     1.3023   2.820487   2.818365     2.6309     2.5983      8.120     0.0996     1.9245 1.0790e-01     0.0651    98.3849     7.6013     7.9871    32.3857    32.4112    25.9217    25.9454    7.90343 0.0000e+00
       5180    105.118     1.3428     1.3021   2.820227   2.818426     2.6297     2.5983      8.120     0.0996     1.9245 1.0790e-01     0.0651    98.3849     7.6005     7.9860    32.3929    32.4122    25.9281    25.9462    7.90514 0.0000e+00
       5183    105.174     1.3356     1.3022   2.819723   2.818375     2.6293     2.5987      8.120     0.0996     1.9245 1.0790e-01     0.0651    98.3849     7.6003     7.9864    32.3939    32.4114    25.9295    25.9456    7.90656 0.0000e+00
       5186    105.231     1.3268     1.2979   2.818897   2.817979     2.6313     2.5996      8.120     0.0996     1.9245 1.0790e-01     0.0651    98.3849     7.6093     7.9900    32.3925    32.4108    25.9289    25.9454    7.90845 0.0000e+00
       5189    105.289     1.3172     1.2950   2.818370   2.817981     2.6309     2.5987      8.120     0.0996     1.9245 1.0790e-01     0.0658    98.3676     7.6113     7.9868    32.3957    32.4137    25.9321    25.9480    7.91024 0.0000e+00
       5192    105.349     1.3079     1.3032   2.817714   2.818700     2.6309     2.5987      8.120     0.0996     1.9245 1.0790e-01     0.0662    98.3589     7.6128     7.9836    32.3970    32.4144    25.9337    25.9479    7.91209 0.0000e+00
       5195    105.414     1.3015     1.3097   2.818183   2.818968     2.6313     2.5987      8.120     0.0996     1.9245 1.0790e-01     0.0662    98.3589     7.6159     7.9814    32.4095    32.4110    25.9441    25.9448    7.91273 0.0000e+00
       5198    105.479     1.3051     1.3166   2.819044   2.819687     2.6313     2.5983      8.120     0.0996     1.9245 1.0790e-01     0.0662    98.3589     7.6151     7.9780    32.4167    32.4129    25.9496    25.9459    7.91161 0.0000e+00
       5201    105.547     1.3108     1.3312   2.819422   2.820425     2.6321     2.5983      8.120     0.0996     1.9245 1.0790e-01     0.0662    98.3589     7.6170     7.9749    32.4155    32.4072    25.9484    25.9404    7.91049 0.0000e+00
       5204    105.619     1.3164     1.3255   2.819655   2.819637     2.6313     2.5983      8.120     0.1045     1.9245 1.0790e-01     0.0662    98.3589     7.6133     7.9782    32.4127    32.4030    25.9457    25.9373    7.90950 0.0000e+00
       5207    105.691     1.3166     1.3153   2.819170   2.819035     2.6313     2.5983      8.120     0.0899     1.9245 1.0790e-01     0.0662    98.3589     7.6103     7.9799    32.4063    32.4059    25.9406    25.9403    7.90981 0.0000e+00
       5210    105.761     1.3178     1.3060   2.819403   2.818439     2.6317     2.5987      8.120     0.0899     1.9245 1.0790e-01     0.0634    98.4284     7.6073     7.9878    32.4079    32.4079    25.9418    25.9425    7.90947 0.0000e+00
       5213    105.825     1.3130     1.2934   2.818200   2.817719     2.6313     2.5983      8.120     0.0899     1.9245 1.0790e-01     0.0630    98.4371     7.6071     7.9935    32.3976    32.4118    25.9338    25.9465    7.91100 0.0000e+00
       5216    105.874     1.3106     1.2840   2.818903   2.817391     2.6313     2.5983      8.120     0.0850     1.9245 1.0790e-01     0.0630    98.4371     7.6044     7.9956    32.4090    32.4173    25.9431    25.9515    7.91089 0.0000e+00
       5222    105.917     1.3115     1.2952   2.818701   2.818227     2.6317     2.5987      8.120     0.0850     1.9245 1.0790e-01     0.0634    98.4284     7.6028     7.9980    32.4055    32.4163    25.9403    25.9500    7.91090 0.0000e+00
       5231    105.964     1.3089     1.3160   2.818689   2.819686     2.6309     2.5987      8.120     0.0850     1.9245 1.0790e-01     0.0637    98.4197     7.5964     7.9945    32.4080    32.4133    25.9424    25.9463    7.91129 0.0000e+00
       5234    105.992     1.3105     1.3299   2.818865   2.820566     2.6305     2.5996      8.120     0.0801     2.0034 1.0790e-01     0.0634    98.4284     7.5949     7.9916    32.4085    32.4100    25.9428    25.9427    7.91093 0.0000e+00
       5237    106.022     1.3104     1.3361   2.818741   2.820863     2.6313     2.5992      8.117     0.0850     2.0429 1.0790e-01     0.0634    98.4284     7.5982     7.9864    32.4070    32.4074    25.9416    25.9402    7.91103 0.0000e+00
       5240    106.049     1.3103     1.3440   2.818708   2.821305     2.6305     2.5992      8.118     0.0850     2.0429 1.0790e-01     0.0634    98.4284     7.5946     7.9810    32.4068    32.4048    25.9414    25.9377    7.91108 0.0000e+00
       5367    106.079     1.3340     1.3152   2.820265   2.819364     2.6293     2.5996      8.122     0.0850     1.9245 1.0790e-01     0.0648    98.3936     7.5932     7.9468    32.4019    32.4099    25.9359    25.9436    7.90645 0.0000e+00
       5370    106.113     1.3309     1.3173   2.820030   2.819464     2.6301     2.5996      8.120     0.0899     1.9245 1.0790e-01     0.0651    98.3849     7.5976     7.9422    32.4021    32.4090    25.9363    25.9427    7.90708 0.0000e+00
       5373    106.148     1.3289     1.3200   2.820022   2.819660     2.6297     2.5983      8.120     0.0850     1.9245 1.0790e-01     0.0651    98.3849     7.5971     7.9331    32.4041    32.4087    25.9380    25.9423    7.90739 0.0000e+00
       5376    106.188     1.3276     1.3219   2.819960   2.819742     2.6301     2.5983      8.120     0.0801     1.9245 1.0790e-01     0.0651    98.3849     7.5992     7.9311    32.4046    32.4078    25.9385    25.9415    7.90762 0.0000e+00
       5379    106.231     1.3271     1.3227   2.820048   2.819801     2.6293     2.5975      8.120     0.0899     1.9245 1.0790e-01     0.0651    98.3849     7.5967     7.9272    32.4062    32.4077    25.9398    25.9413    7.90764 0.0000e+00
       5382    106.278     1.3262     1.3212   2.819814   2.819704     2.6301     2.5971      8.120     0.0850     1.9245 1.0790e-01     0.0651    98.3849     7.6001     7.9273    32.4042    32.4079    25.9382    25.9416    7.90794 0.0000e+00
       5385    106.327     1.3234     1.3198   2.819422   2.819615     2.6301     2.5967      8.120     0.0850     1.9245 1.0790e-01     0.0651    98.3849     7.6028     7.9302    32.4021    32.4082    25.9368    25.9419    7.90863 0.0000e+00
       5388    106.377     1.3210     1.3201   2.819640   2.819669     2.6293     2.5959      8.120     0.0899     1.9245 1.0790e-01     0.0651    98.3849     7.6022     7.9313    32.4072    32.4086    25.9411    25.9422    7.90883 0.0000e+00
       5391    106.426     1.3219     1.3207   2.819724   2.819740     2.6305     2.5959      8.120     0.0899     1.9245 1.0790e-01     0.0658    98.3676     7.6065     7.9386    32.4073    32.4088    25.9411    25.9424    7.90865 0.0000e+00
       5394    106.479     1.3228     1.3224   2.819787   2.819895     2.6301     2.5959      8.120     0.0947     1.9245 1.0790e-01     0.0662    98.3589     7.6059     7.9460    32.4072    32.4091    25.9410    25.9424    7.90848 0.0000e+00
       5397    106.538     1.3223     1.3259   2.819549   2.820146     2.6301     2.5959      8.120     0.0850     1.9245 1.0790e-01     0.0662    98.3589     7.6051     7.9522    32.4047    32.4086    25.9390    25.9419    7.90871 0.0000e+00
       5400    106.593     1.3178     1.3269   2.818482   2.820137     2.6301     2.5959      8.120     0.0850     1.9245 1.0790e-01     0.0662    98.3589     7.6059     7.9584    32.3958    32.4073    25.9321    25.9408    7.91012 0.0000e+00
       5403    106.651     1.3105     1.3260   2.818374   2.820033     2.6297     2.5955      8.120     0.0899     1.9245 1.0790e-01     0.0662    98.3589     7.6056     7.9618    32.4019    32.4069    25.9375    25.9405    7.91129 0.0000e+00
       5406    106.708     1.3056     1.3250   2.817955   2.820025     2.6305     2.5959      8.120     0.0899     1.9245 1.0790e-01     0.0662    98.3589     7.6092     7.9664    32.4016    32.4079    25.9375    25.9413    7.91230 0.0000e+00
       5409    106.765     1.2976     1.3273   2.817007   2.820242     2.6305     2.5963      8.120     0.0947     1.9245 1.0790e-01     0.0662    98.3589     7.6110     7.9706    32.3979    32.4081    25.9350    25.9414    7.91415 0.0000e+00
