Datasets/AZMP/COO001/79001123.cnv
* Sea-Bird SBE 9 Data File:
* FileName = C:\CTDDATA\79001123.hex
* Software Version Seasave V 7.26.7.110
* Temperature SN = 5660
* Conductivity SN = 3698
* Number of Bytes Per Scan = 30
* Number of Voltage Words = 4
* Number of Scans Averaged by the Deck Unit = 1
* NMEA baud rate = 9600
** VESSEL/TRIP/SEQ STN:  79001123
** LATITUDE XX XX.XX N:  47 00.00 N
** LONGITUDE XX XX.XX W:  52 34.80 W
** SOUNDING DEPTH (M):  0162
** PROBE TYPE: S1257
** CTD NUMBER: 083
** COMMENTS (14 CHAR): FC-03
** BOTTLES:  11
** LEVELS: 5,5,10,20,20,30,40,50,75,100,BTM
** STICKERS: 435653 - 435663
** VNET: Y
** DO2: Y
# nquan = 22
# nvalues = 4340                        
# units = specified
# name 0 = scan: Scan Count
# name 1 = prDM: Pressure, Digiquartz [db]
# name 2 = t090C: Temperature [ITS-90, deg C]
# name 3 = t190C: Temperature, 2 [ITS-90, deg C]
# name 4 = c0S/m: Conductivity [S/m]
# name 5 = c1S/m: Conductivity, 2 [S/m]
# name 6 = sbeox0V: Oxygen raw, SBE 43 [V]
# name 7 = sbeox1V: Oxygen raw, SBE 43, 2 [V]
# name 8 = ph: pH
# name 9 = flECO-AFL: Fluorescence, WET Labs ECO-AFL/FL [mg/m^3]
# name 10 = wetCDOM: Fluorescence, WET Labs CDOM [mg/m^3]
# name 11 = par/sat/log: PAR/Logarithmic, Satlantic [umol photons/m^2/sec]
# name 12 = CStarAt0: Beam Attenuation, WET Labs C-Star [1/m]
# name 13 = CStarTr0: Beam Transmission, WET Labs C-Star [%]
# name 14 = sbeox0ML/L: Oxygen, SBE 43 [ml/l], WS = 2
# name 15 = sbeox1ML/L: Oxygen, SBE 43, 2 [ml/l], WS = 2
# name 16 = sal00: Salinity, Practical [PSU]
# name 17 = sal11: Salinity, Practical, 2 [PSU]
# name 18 = sigma-t00: Density [sigma-t, kg/m^3 ]
# name 19 = sigma-t11: Density, 2 [sigma-t, kg/m^3 ]
# name 20 = oxsatML/L: Oxygen Saturation, Weiss [ml/l]
# name 21 = flag: flag
# span 0 =         53,      38830       
# span 1 =      2.739,    153.795       
# span 2 =    -1.0843,     3.4117       
# span 3 =    -1.0852,     3.4084       
# span 4 =   2.646840,   2.946109       
# span 5 =   2.646978,   2.946160       
# span 6 =     2.3570,     2.7698       
# span 7 =     2.3343,     2.7380       
# span 8 =      8.025,      8.184       
# span 9 =     0.0068,     1.0911       
# span 10 =     1.3323,     2.2798      
# span 11 = 1.0790e-01, 2.6033e+01      
# span 12 =     0.0524,     0.1758      
# span 13 =    95.6998,    98.6978      
# span 14 =     6.9703,     7.9514      
# span 15 =     7.2954,     8.3511      
# span 16 =    31.8993,    33.1795      
# span 17 =    31.9008,    33.1750      
# span 18 =    25.3758,    26.6576      
# span 19 =    25.3771,    26.6549      
# span 20 =    7.52368,    8.41017      
# span 21 = 0.0000e+00, 0.0000e+00      
# interval = scans: 3                   
# start_time = Dec 08 2019 18:57:04 [System UTC, header]
# bad_flag = -9.990e-29
*END*
[from data line 3885]
      26805     29.362     3.1248     3.1280   2.931126   2.931824     2.7438     2.7136      8.170     0.7981     1.8060 5.3772e-01     0.1225    96.9859     7.5485     7.9429    31.9994    32.0046    25.4798    25.4837    7.57318 0.0000e+00
      27251     29.339     3.1550     3.1837   2.932921   2.934365     2.7475     2.7161      8.170     0.7687     1.3323 5.4263e-01     0.1174    97.1075     7.5514     7.9455    31.9911    31.9800    25.4706    25.4593    7.56786 0.0000e+00
      27254     29.289     3.1553     3.1822   2.932927   2.934258     2.7466     2.7161      8.170     0.7639     1.3323 5.3697e-01     0.1163    97.1336     7.5473     7.9440    31.9908    31.9802    25.4703    25.4595    7.56781 0.0000e+00
      27257     29.244     3.1556     3.1795   2.932949   2.934168     2.7466     2.7161      8.172     0.7638     1.3323 5.3946e-01     0.1163    97.1336     7.5481     7.9416    31.9908    31.9818    25.4703    25.4610    7.56775 0.0000e+00
      27260     29.205     3.1566     3.1799   2.933007   2.934257     2.7470     2.7161      8.170     0.7639     1.3323 5.5146e-01     0.1163    97.1336     7.5510     7.9389    31.9906    31.9825    25.4700    25.4616    7.56757 0.0000e+00
      27263     29.170     3.1571     3.1811   2.932990   2.934253     2.7454     2.7161      8.173     0.7687     1.3718 5.5464e-01     0.1163    97.1336     7.5445     7.9365    31.9899    31.9813    25.4694    25.4605    7.56750 0.0000e+00
      27266     29.140     3.1580     3.1805   2.933060   2.934235     2.7470     2.7161      8.170     0.7590     1.7665 5.5208e-01     0.1163    97.1336     7.5498     7.9330    31.9899    31.9817    25.4694    25.4609    7.56734 0.0000e+00
      28901     29.105     3.1574     3.1672   2.933854   2.934307     2.7478     2.7181      8.173     0.6418     1.8060 5.0683e-01     0.1149    97.1684     7.5719     7.9812    32.0000    31.9958    25.4774    25.4732    7.56694 0.0000e+00
      28904     29.041     3.1571     3.1690   2.933768   2.934334     2.7487     2.7185      8.175     0.6467     1.8060 5.1451e-01     0.1153    97.1597     7.5736     7.9810    31.9993    31.9943    25.4770    25.4719    7.56703 0.0000e+00
      28907     28.977     3.1569     3.1709   2.933800   2.934340     2.7491     2.7185      8.175     0.6467     1.8060 5.1746e-01     0.1153    97.1597     7.5742     7.9801    31.9999    31.9925    25.4774    25.4703    7.56704 0.0000e+00
      28910     28.914     3.1574     3.1719   2.933805   2.934318     2.7495     2.7185      8.175     0.6418     1.8060 5.3203e-01     0.1153    97.1597     7.5748     7.9793    31.9995    31.9913    25.4771    25.4693    7.56696 0.0000e+00
      28913     28.850     3.1568     3.1729   2.933714   2.934272     2.7491     2.7189      8.175     0.6467     1.8060 5.3638e-01     0.1153    97.1597     7.5716     7.9794    31.9991    31.9898    25.4768    25.4680    7.56711 0.0000e+00
      28916     28.786     3.1556     3.1736   2.933748   2.934277     2.7503     2.7189      8.173     0.6515     1.8060 5.4765e-01     0.1149    97.1684     7.5748     7.9772    32.0007    31.9892    25.4782    25.4675    7.56725 0.0000e+00
      28919     28.722     3.1572     3.1742   2.933879   2.934297     2.7503     2.7197      8.173     0.6564     1.8060 5.3823e-01     0.1153    97.1597     7.5734     7.9771    32.0007    31.9889    25.4781    25.4672    7.56694 0.0000e+00
      28922     28.660     3.1590     3.1755   2.933863   2.934344     2.7499     2.7193      8.175     0.6418     1.8060 5.5335e-01     0.1153    97.1597     7.5712     7.9725    31.9988    31.9882    25.4764    25.4665    7.56670 0.0000e+00
      28925     28.597     3.1596     3.1786   2.933843   2.934454     2.7491     2.7197      8.173     0.6857     1.8060 5.5849e-01     0.1153    97.1597     7.5674     7.9709    31.9979    31.9865    25.4756    25.4649    7.56662 0.0000e+00
      28928     28.537     3.1594     3.1838   2.933832   2.934558     2.7495     2.7197      8.173     0.6857     1.8060 5.6173e-01     0.1160    97.1423     7.5668     7.9682    31.9981    31.9827    25.4758    25.4614    7.56666 0.0000e+00
      28931     28.473     3.1597     3.1851   2.933922   2.934590     2.7499     2.7197      8.173     0.6906     1.8060 5.6896e-01     0.1163    97.1336     7.5659     7.9661    31.9989    31.9818    25.4763    25.4605    7.56656 0.0000e+00
      28934     28.414     3.1615     3.1861   2.933908   2.934585     2.7499     2.7197      8.175     0.6906     1.8060 5.7888e-01     0.1163    97.1336     7.5663     7.9636    31.9970    31.9808    25.4748    25.4597    7.56632 0.0000e+00
      28937     28.357     3.1619     3.1883   2.933901   2.934859     2.7499     2.7197      8.173     0.6955     1.8060 5.9310e-01     0.1163    97.1336     7.5660     7.9608    31.9966    31.9819    25.4743    25.4603    7.56627 0.0000e+00
      28940     28.297     3.1621     3.1964   2.933911   2.935218     2.7495     2.7197      8.175     0.6906     1.8060 5.9378e-01     0.1163    97.1336     7.5650     7.9570    31.9964    31.9783    25.4742    25.4568    7.56622 0.0000e+00
      28943     28.237     3.1644     3.2019   2.933994   2.935435     2.7503     2.7197      8.175     0.7004     1.8060 5.9861e-01     0.1163    97.1336     7.5677     7.9549    31.9953    31.9754    25.4731    25.4540    7.56586 0.0000e+00
      28946     28.176     3.1672     3.2051   2.934060   2.935630     2.7503     2.7197      8.175     0.6906     1.8060 5.9520e-01     0.1163    97.1336     7.5666     7.9540    31.9933    31.9747    25.4712    25.4531    7.56541 0.0000e+00
      28949     28.115     3.1699     3.2076   2.934101   2.935792     2.7503     2.7197      8.175     0.7004     1.8060 6.0767e-01     0.1185    97.0815     7.5657     7.9523    31.9912    31.9742    25.4693    25.4525    7.56502 0.0000e+00
      28952     28.060     3.1716     3.2095   2.934165   2.935862     2.7495     2.7197      8.175     0.7492     1.8060 6.0908e-01     0.1228    96.9772     7.5616     7.9502    31.9903    31.9732    25.4685    25.4515    7.56474 0.0000e+00
      28955     28.007     3.1738     3.2093   2.934203   2.935839     2.7503     2.7197      8.173     0.7492     1.8060 6.0838e-01     0.1228    96.9772     7.5636     7.9505    31.9886    31.9731    25.4669    25.4516    7.56440 0.0000e+00
      28958     27.958     3.1755     3.2092   2.934195   2.935900     2.7507     2.7197      8.175     0.7443     1.8060 6.1049e-01     0.1228    96.9772     7.5648     7.9499    31.9868    31.9739    25.4653    25.4522    7.56417 0.0000e+00
      28961     27.912     3.1771     3.2083   2.934221   2.935824     2.7503     2.7197      8.175     0.7492     1.8060 6.1120e-01     0.1228    96.9772     7.5632     7.9490    31.9856    31.9739    25.4643    25.4522    7.56393 0.0000e+00
      28964     27.860     3.1779     3.2067   2.934212   2.935724     2.7507     2.7197      8.175     0.7492     1.8060 6.1546e-01     0.1228    96.9772     7.5648     7.9481    31.9846    31.9744    25.4634    25.4528    7.56382 0.0000e+00
      28967     27.813     3.1776     3.2046   2.934212   2.935668     2.7499     2.7197      8.175     0.7541     1.8060 6.1545e-01     0.1228    96.9772     7.5619     7.9474    31.9850    31.9758    25.4638    25.4541    7.56387 0.0000e+00
      28970     27.768     3.1778     3.2041   2.934216   2.935659     2.7495     2.7197      8.175     0.7492     1.8060 6.1832e-01     0.1246    96.9338     7.5622     7.9456    31.9849    31.9762    25.4636    25.4544    7.56383 0.0000e+00
      28973     27.725     3.1783     3.2063   2.934317   2.935747     2.7503     2.7193      8.175     0.7443     1.8060 6.2334e-01     0.1249    96.9251     7.5650     7.9419    31.9856    31.9751    25.4642    25.4534    7.56370 0.0000e+00
      28976     27.681     3.1796     3.2069   2.934378   2.935771     2.7503     2.7193      8.175     0.7443     1.8060 6.2118e-01     0.1249    96.9251     7.5648     7.9403    31.9851    31.9749    25.4636    25.4531    7.56348 0.0000e+00
      28979     27.641     3.1814     3.2049   2.934364   2.935619     2.7503     2.7197      8.173     0.7443     1.8060 6.2913e-01     0.1249    96.9251     7.5647     7.9412    31.9832    31.9750    25.4619    25.4534    7.56323 0.0000e+00
      28982     27.602     3.1821     3.2016   2.934339   2.935425     2.7503     2.7193      8.175     0.7394     1.8060 6.2477e-01     0.1249    96.9251     7.5658     7.9397    31.9822    31.9760    25.4612    25.4545    7.56315 0.0000e+00
      28985     27.566     3.1815     3.2001   2.934289   2.935304     2.7511     2.7189      8.175     0.7443     1.8060 6.2045e-01     0.1249    96.9251     7.5700     7.9385    31.9822    31.9760    25.4612    25.4546    7.56327 0.0000e+00
      28988     27.530     3.1808     3.1992   2.934272   2.935321     2.7503     2.7193      8.175     0.7443     1.8060 6.1974e-01     0.1249    96.9251     7.5691     7.9403    31.9827    31.9771    25.4616    25.4556    7.56337 0.0000e+00
      28991     27.494     3.1800     3.2001   2.934261   2.935349     2.7511     2.7189      8.175     0.7492     1.8060 6.2046e-01     0.1249    96.9251     7.5735     7.9393    31.9834    31.9766    25.4623    25.4551    7.56349 0.0000e+00
      28994     27.460     3.1797     3.2000   2.934239   2.935415     2.7515     2.7185      8.175     0.7492     1.8060 6.2766e-01     0.1249    96.9251     7.5724     7.9390    31.9834    31.9775    25.4623    25.4559    7.56354 0.0000e+00
      28997     27.424     3.1792     3.2016   2.934215   2.935519     2.7503     2.7185      8.175     0.7443     1.8060 6.2840e-01     0.1249    96.9251     7.5683     7.9401    31.9836    31.9772    25.4625    25.4554    7.56362 0.0000e+00
      29000     27.388     3.1782     3.2043   2.934221   2.935633     2.7511     2.7185      8.175     0.7492     1.8060 6.1974e-01     0.1249    96.9251     7.5708     7.9399    31.9847    31.9759    25.4635    25.4542    7.56376 0.0000e+00
      29003     27.349     3.1778     3.2052   2.934207   2.935630     2.7515     2.7185      8.175     0.7199     1.8060 6.2333e-01     0.1249    96.9251     7.5726     7.9443    31.9849    31.9749    25.4637    25.4534    7.56382 0.0000e+00
      29006     27.307     3.1777     3.2049   2.934227   2.935585     2.7515     2.7185      8.175     0.7199     1.8060 6.3423e-01     0.1249    96.9251     7.5720     7.9485    31.9854    31.9748    25.4640    25.4533    7.56382 0.0000e+00
      29009     27.267     3.1788     3.2058   2.934276   2.935674     2.7519     2.7185      8.175     0.7199     1.8060 6.2550e-01     0.1238    96.9512     7.5734     7.9499    31.9849    31.9749    25.4636    25.4533    7.56364 0.0000e+00
      29012     27.223     3.1800     3.2074   2.934366   2.935753     2.7519     2.7185      8.175     0.7248     1.8060 6.3131e-01     0.1189    97.0728     7.5749     7.9517    31.9848    31.9744    25.4634    25.4527    7.56342 0.0000e+00
      29015     27.178     3.1815     3.2074   2.934381   2.935802     2.7519     2.7185      8.175     0.7248     1.8060 6.3130e-01     0.1185    97.0815     7.5747     7.9546    31.9835    31.9750    25.4622    25.4532    7.56319 0.0000e+00
      29018     27.131     3.1823     3.2092   2.934368   2.935892     2.7507     2.7185      8.175     0.7199     1.8850 6.3571e-01     0.1185    97.0815     7.5711     7.9564    31.9826    31.9743    25.4615    25.4524    7.56310 0.0000e+00
      29021     27.082     3.1828     3.2106   2.934371   2.936025     2.7523     2.7185      8.175     0.7248     1.9245 6.4014e-01     0.1185    97.0815     7.5765     7.9574    31.9822    31.9745    25.4610    25.4525    7.56302 0.0000e+00
      29024     27.030     3.1830     3.2135   2.934381   2.936120     2.7519     2.7189      8.175     0.7248     1.9245 6.3717e-01     0.1185    97.0815     7.5737     7.9592    31.9821    31.9728    25.4610    25.4509    7.56298 0.0000e+00
      29027     26.973     3.1831     3.2142   2.934365   2.936069     2.7523     2.7197      8.175     0.7248     1.9245 6.4309e-01     0.1185    97.0815     7.5760     7.9625    31.9819    31.9716    25.4608    25.4499    7.56298 0.0000e+00
      29030     26.914     3.1830     3.2121   2.934391   2.935925     2.7523     2.7193      8.175     0.6906     1.9245 6.4758e-01     0.1181    97.0902     7.5764     7.9623    31.9823    31.9719    25.4611    25.4503    7.56297 0.0000e+00
      29033     26.851     3.1834     3.2112   2.934399   2.935916     2.7527     2.7185      8.175     0.6955     1.9245 6.4833e-01     0.1174    97.1075     7.5773     7.9619    31.9820    31.9728    25.4609    25.4511    7.56291 0.0000e+00
      29036     26.784     3.1834     3.2138   2.934345   2.936125     2.7536     2.7197      8.175     0.6857     1.9245 6.5434e-01     0.1174    97.1075     7.5799     7.9679    31.9813    31.9727    25.4603    25.4508    7.56294 0.0000e+00
      29039     26.712     3.1828     3.2166   2.934299   2.936287     2.7531     2.7193      8.175     0.6857     1.9245 6.5813e-01     0.1174    97.1075     7.5807     7.9673    31.9815    31.9719    25.4605    25.4499    7.56305 0.0000e+00
      29042     26.637     3.1809     3.2180   2.934222   2.936353     2.7527     2.7197      8.175     0.6906     1.9245 6.7044e-01     0.1174    97.1075     7.5783     7.9690    31.9825    31.9714    25.4615    25.4494    7.56337 0.0000e+00
      29045     26.559     3.1787     3.2208   2.934196   2.936581     2.7531     2.7197      8.175     0.6857     1.9245 6.6503e-01     0.1178    97.0988     7.5793     7.9680    31.9844    31.9714    25.4632    25.4492    7.56369 0.0000e+00
      29048     26.474     3.1768     3.2207   2.934159   2.936477     2.7531     2.7197      8.175     0.6955     1.9245 6.7042e-01     0.1174    97.1075     7.5775     7.9668    31.9859    31.9702    25.4645    25.4483    7.56398 0.0000e+00
      29051     26.387     3.1761     3.2207   2.934277   2.936495     2.7540     2.7197      8.175     0.6906     1.9245 6.8059e-01     0.1210    97.0207     7.5797     7.9689    31.9880    31.9706    25.4663    25.4485    7.56400 0.0000e+00
      29054     26.300     3.1790     3.2209   2.934590   2.936514     2.7536     2.7201      8.175     0.7297     1.9245 6.8929e-01     0.1224    96.9859     7.5762     7.9724    31.9890    31.9706    25.4668    25.4485    7.56340 0.0000e+00
      29057     26.205     3.1846     3.2206   2.934974   2.936450     2.7531     2.7210      8.175     0.8616     1.9245 6.9088e-01     0.1221    96.9946     7.5733     7.9760    31.9881    31.9702    25.4656    25.4482    7.56238 0.0000e+00
      29060     26.109     3.1911     3.2194   2.935156   2.936356     2.7540     2.7210      8.175     0.8713     1.9245 6.9892e-01     0.1224    96.9859     7.5745     7.9753    31.9839    31.9703    25.4617    25.4484    7.56136 0.0000e+00
      29063     26.010     3.1951     3.2183   2.935237   2.936286     2.7544     2.7210      8.175     0.8616     1.9245 7.0134e-01     0.1224    96.9859     7.5749     7.9751    31.9809    31.9706    25.4590    25.4488    7.56074 0.0000e+00
      29066     25.908     3.1989     3.2174   2.935418   2.936215     2.7540     2.7210      8.175     0.8713     1.9245 7.0459e-01     0.1221    96.9946     7.5695     7.9733    31.9794    31.9707    25.4575    25.4489    7.56010 0.0000e+00
      29069     25.804     3.2022     3.2165   2.935533   2.936125     2.7540     2.7210      8.175     0.8665     1.9245 7.0950e-01     0.1224    96.9859     7.5659     7.9702    31.9776    31.9705    25.4557    25.4488    7.55956 0.0000e+00
      29072     25.697     3.2051     3.2150   2.935594   2.936049     2.7536     2.7210      8.175     0.8713     1.9245 7.2109e-01     0.1267    96.8816     7.5617     7.9673    31.9755    31.9712    25.4538    25.4495    7.55912 0.0000e+00
