Datasets/AZMP/COO001/79001077.cnv
* Sea-Bird SBE 9 Data File:
* FileName = C:\CTDDATA\79001077.hex
* Software Version Seasave V 7.26.7.110
* Temperature SN = 5660
* Conductivity SN = 3698
* Number of Bytes Per Scan = 30
* Number of Voltage Words = 4
* Number of Scans Averaged by the Deck Unit = 1
* NMEA baud rate = 9600
** VESSEL/TRIP/SEQ STN:  79001077
** LATITUDE XX XX.XX N:  48 12.00 N
** LONGITUDE XX XX.XX W:  53 34.59 W
** SOUNDING DEPTH (M):  0163
** PROBE TYPE: S1257
** CTD NUMBER: 044
** COMMENTS (14 CHAR): SS-05
** BOTTLES:  18
** LEVELS: 5,5,5,5,10,20,20,20,20,30,40,50,50,50,75,100,150,BTM
** STICKERS: 435207 - 435224
** VNET: Y
** DO2: N
# nquan = 22
# nvalues = 5948                        
# units = specified
# name 0 = scan: Scan Count
# name 1 = prDM: Pressure, Digiquartz [db]
# name 2 = t090C: Temperature [ITS-90, deg C]
# name 3 = t190C: Temperature, 2 [ITS-90, deg C]
# name 4 = c0S/m: Conductivity [S/m]
# name 5 = c1S/m: Conductivity, 2 [S/m]
# name 6 = sbeox0V: Oxygen raw, SBE 43 [V]
# name 7 = sbeox1V: Oxygen raw, SBE 43, 2 [V]
# name 8 = ph: pH
# name 9 = flECO-AFL: Fluorescence, WET Labs ECO-AFL/FL [mg/m^3]
# name 10 = wetCDOM: Fluorescence, WET Labs CDOM [mg/m^3]
# name 11 = par/sat/log: PAR/Logarithmic, Satlantic [umol photons/m^2/sec]
# name 12 = CStarAt0: Beam Attenuation, WET Labs C-Star [1/m]
# name 13 = CStarTr0: Beam Transmission, WET Labs C-Star [%]
# name 14 = sbeox0ML/L: Oxygen, SBE 43 [ml/l], WS = 2
# name 15 = sbeox1ML/L: Oxygen, SBE 43, 2 [ml/l], WS = 2
# name 16 = sal00: Salinity, Practical [PSU]
# name 17 = sal11: Salinity, Practical, 2 [PSU]
# name 18 = sigma-t00: Density [sigma-t, kg/m^3 ]
# name 19 = sigma-t11: Density, 2 [sigma-t, kg/m^3 ]
# name 20 = oxsatML/L: Oxygen Saturation, Weiss [ml/l]
# name 21 = flag: flag
# span 0 =        529,      55569       
# span 1 =      0.268,    163.518       
# span 2 =     0.3548,     3.4644       
# span 3 =     0.3554,     3.4640       
# span 4 =   2.760032,   2.933735       
# span 5 =   2.509609,   2.933979       
# span 6 =     2.4980,     2.7569       
# span 7 =     2.4610,     2.7126       
# span 8 =      8.063,      8.174       
# span 9 =     0.0215,     0.8176       
# span 10 =     1.4507,     2.9904      
# span 11 = 1.0765e-01, 1.9553e+02      
# span 12 =     0.0782,     0.2057      
# span 13 =    94.9872,    98.0634      
# span 14 =     6.4701,     7.5611      
# span 15 =     7.6405,     8.0149      
# span 16 =    31.3157,    32.6394      
# span 17 =    26.7459,    32.6386      
# span 18 =    24.9092,    26.1824      
# span 19 =    21.2732,    26.1811      
# span 20 =    7.52738,    8.10011      
# span 21 = 0.0000e+00, 0.0000e+00      
# interval = scans: 3                   
# start_time = Dec 01 2019 14:17:42 [System UTC, header]
# bad_flag = -9.990e-29
*END*
[from data line 1712]
       5665     96.083     2.8383     2.8353   2.912402   2.912418     2.7018     2.6619      8.157     0.1534     1.9245 1.0790e-01     0.0825    97.9591     7.5280     7.8861    32.0226    32.0258    25.5224    25.5252    7.62687 0.0000e+00
       5668     96.148     2.8383     2.8336   2.912403   2.912347     2.7010     2.6615      8.157     0.1485     1.9245 1.0790e-01     0.0828    97.9505     7.5247     7.8870    32.0226    32.0266    25.5224    25.5260    7.62688 0.0000e+00
       5671     96.211     2.8379     2.8323   2.912314   2.912265     2.7026     2.6619      8.157     0.1436     1.9245 1.0790e-01     0.0836    97.9331     7.5294     7.8909    32.0219    32.0269    25.5218    25.5263    7.62698 0.0000e+00
       5674     96.274     2.8370     2.8312   2.912217   2.912214     2.7014     2.6619      8.157     0.1485     1.9245 1.0790e-01     0.0836    97.9331     7.5262     7.8912    32.0216    32.0273    25.5217    25.5267    7.62718 0.0000e+00
       5677     96.336     2.8354     2.8305   2.912164   2.912158     2.7010     2.6619      8.157     0.1436     1.9245 1.0790e-01     0.0832    97.9418     7.5269     7.8916    32.0224    32.0273    25.5225    25.5267    7.62743 0.0000e+00
       5680     96.398     2.8344     2.8298   2.912127   2.912162     2.7014     2.6619      8.157     0.1387     1.9245 1.0790e-01     0.0832    97.9418     7.5287     7.8924    32.0231    32.0280    25.5230    25.5274    7.62761 0.0000e+00
       5683     96.460     2.8334     2.8290   2.912067   2.912127     2.7010     2.6619      8.157     0.1290     2.0034 1.0802e-01     0.0832    97.9418     7.5273     7.8920    32.0232    32.0284    25.5233    25.5278    7.62778 0.0000e+00
       5686     96.519     2.8324     2.8286   2.912019   2.912125     2.7022     2.6615      8.157     0.1339     2.0429 1.0802e-01     0.0832    97.9418     7.5306     7.8902    32.0236    32.0287    25.5237    25.5280    7.62795 0.0000e+00
       5689     96.579     2.8316     2.8281   2.911981   2.912091     2.7001     2.6615      8.157     0.1290     2.0429 1.0790e-01     0.0846    97.9070     7.5231     7.8913    32.0240    32.0288    25.5240    25.5281    7.62810 0.0000e+00
       5692     96.637     2.8310     2.8277   2.911985   2.912056     2.7010     2.6619      8.157     0.1290     2.0429 1.0790e-01     0.0853    97.8896     7.5250     7.8935    32.0246    32.0287    25.5246    25.5281    7.62818 0.0000e+00
       5695     96.693     2.8304     2.8274   2.911970   2.912037     2.7010     2.6619      8.157     0.1387     2.0429 1.0790e-01     0.0853    97.8896     7.5245     7.8924    32.0249    32.0288    25.5249    25.5282    7.62827 0.0000e+00
       5698     96.750     2.8299     2.8265   2.911950   2.912006     2.7010     2.6615      8.157     0.1290     2.0429 1.0790e-01     0.0853    97.8896     7.5257     7.8887    32.0252    32.0293    25.5251    25.5287    7.62836 0.0000e+00
       5701     96.810     2.8295     2.8255   2.911937   2.911963     2.7010     2.6619      8.157     0.1290     2.0429 1.0790e-01     0.0853    97.8896     7.5265     7.8891    32.0253    32.0297    25.5253    25.5291    7.62842 0.0000e+00
       5704     96.865     2.8289     2.8247   2.911914   2.911909     2.7001     2.6619      8.157     0.1290     2.0429 1.0790e-01     0.0853    97.8896     7.5240     7.8874    32.0257    32.0298    25.5256    25.5292    7.62853 0.0000e+00
       5707     96.922     2.8287     2.8237   2.911899   2.911862     2.7010     2.6610      8.157     0.1388     2.0429 1.0790e-01     0.0853    97.8896     7.5284     7.8831    32.0257    32.0302    25.5256    25.5297    7.62857 0.0000e+00
       5710     96.977     2.8280     2.8230   2.911846   2.911801     2.7001     2.6619      8.157     0.1632     1.9245 1.0790e-01     0.0836    97.9331     7.5259     7.8855    32.0256    32.0301    25.5256    25.5296    7.62870 0.0000e+00
       5713     97.035     2.8274     2.8224   2.911793   2.911795     2.6997     2.6619      8.157     0.1583     1.9245 1.0790e-01     0.0828    97.9505     7.5252     7.8806    32.0256    32.0306    25.5256    25.5301    7.62882 0.0000e+00
       5716     97.091     2.8264     2.8222   2.911727   2.911796     2.7001     2.6619      8.157     0.1583     1.9245 1.0790e-01     0.0832    97.9418     7.5256     7.8768    32.0257    32.0308    25.5258    25.5302    7.62900 0.0000e+00
       5719     97.148     2.8255     2.8216   2.911715   2.911750     2.6997     2.6610      8.157     0.1680     1.9245 1.0790e-01     0.0832    97.9418     7.5241     7.8718    32.0264    32.0308    25.5265    25.5303    7.62914 0.0000e+00
       5722     97.208     2.8247     2.8204   2.911654   2.911671     2.6997     2.6610      8.157     0.1632     1.9245 1.0790e-01     0.0832    97.9418     7.5248     7.8726    32.0265    32.0310    25.5266    25.5305    7.62929 0.0000e+00
       5725     97.268     2.8239     2.8198   2.911600   2.911621     2.7010     2.6606      8.157     0.1583     1.9245 1.0790e-01     0.0832    97.9418     7.5279     7.8696    32.0266    32.0310    25.5268    25.5306    7.62944 0.0000e+00
       5728     97.325     2.8230     2.8192   2.911558   2.911599     2.7001     2.6606      8.157     0.1583     1.9245 1.0790e-01     0.0832    97.9418     7.5254     7.8694    32.0270    32.0312    25.5272    25.5308    7.62960 0.0000e+00
       5731     97.382     2.8222     2.8189   2.911511   2.911584     2.7006     2.6606      8.157     0.1680     1.9245 1.0790e-01     0.0836    97.9331     7.5264     7.8697    32.0272    32.0314    25.5273    25.5309    7.62974 0.0000e+00
       5734     97.439     2.8215     2.8184   2.911491   2.911571     2.6997     2.6606      8.157     0.1485     1.9245 1.0790e-01     0.0832    97.9418     7.5232     7.8690    32.0276    32.0317    25.5277    25.5312    7.62985 0.0000e+00
       5737     97.497     2.8211     2.8182   2.911476   2.911566     2.6993     2.6594      8.157     0.1436     2.0429 1.0790e-01     0.0832    97.9418     7.5200     7.8669    32.0278    32.0318    25.5279    25.5314    7.62993 0.0000e+00
       5740     97.556     2.8208     2.8179   2.911467   2.911535     2.6997     2.6594      8.157     0.1534     2.0429 1.0790e-01     0.0832    97.9418     7.5191     7.8688    32.0280    32.0317    25.5281    25.5313    7.62998 0.0000e+00
       5743     97.616     2.8204     2.8175   2.911446   2.911482     2.6993     2.6598      8.157     0.1436     2.0429 1.0790e-01     0.0832    97.9418     7.5163     7.8707    32.0281    32.0314    25.5282    25.5311    7.63004 0.0000e+00
       5746     97.673     2.8198     2.8171   2.911384   2.911494     2.6993     2.6602      8.157     0.1485     2.0429 1.0790e-01     0.0832    97.9418     7.5130     7.8706    32.0278    32.0320    25.5281    25.5315    7.63017 0.0000e+00
       5749     97.731     2.8193     2.8170   2.911368   2.911497     2.6981     2.6594      8.157     0.1436     2.0429 1.0790e-01     0.0828    97.9505     7.5068     7.8669    32.0282    32.0320    25.5284    25.5317    7.63026 0.0000e+00
       5752     97.790     2.8190     2.8167   2.911342   2.911461     2.6993     2.6594      8.157     0.1436     2.0429 1.0790e-01     0.0811    97.9939     7.5101     7.8636    32.0281    32.0318    25.5284    25.5315    7.63032 0.0000e+00
       5755     97.851     2.8185     2.8162   2.911287   2.911416     2.6985     2.6594      8.155     0.1436     2.0429 1.0790e-01     0.0811    97.9939     7.5073     7.8617    32.0279    32.0317    25.5282    25.5314    7.63042 0.0000e+00
       5758     97.909     2.8182     2.8150   2.911297   2.911312     2.6981     2.6594      8.157     0.1436     2.0429 1.0790e-01     0.0811    97.9939     7.5065     7.8590    32.0283    32.0316    25.5286    25.5315    7.63046 0.0000e+00
       5761     97.969     2.8177     2.8138   2.911284   2.911262     2.6977     2.6594      8.157     0.1632     2.0824 1.0790e-01     0.0811    97.9939     7.5042     7.8556    32.0286    32.0322    25.5289    25.5320    7.63054 0.0000e+00
       5764     98.027     2.8175     2.8135   2.911262   2.911330     2.6977     2.6586      8.157     0.1632     2.1614 1.0790e-01     0.0811    97.9939     7.5032     7.8480    32.0285    32.0333    25.5288    25.5329    7.63058 0.0000e+00
       5767     98.086     2.8170     2.8134   2.911239   2.911336     2.6969     2.6582      8.157     0.1583     2.1614 1.0790e-01     0.0811    97.9939     7.5004     7.8428    32.0286    32.0335    25.5290    25.5331    7.63067 0.0000e+00
       5770     98.148     2.8162     2.8130   2.911165   2.911326     2.6961     2.6582      8.157     0.1632     2.1614 1.0802e-01     0.0821    97.9678     7.4989     7.8402    32.0285    32.0337    25.5289    25.5333    7.63082 0.0000e+00
       5773     98.210     2.8153     2.8128   2.911161   2.911311     2.6961     2.6574      8.157     0.1583     2.1614 1.0790e-01     0.0825    97.9591     7.4995     7.8351    32.0294    32.0336    25.5297    25.5333    7.63096 0.0000e+00
       5776     98.272     2.8148     2.8123   2.911180   2.911292     2.6957     2.6570      8.157     0.1729     2.1614 1.0790e-01     0.0832    97.9418     7.4999     7.8321    32.0300    32.0339    25.5303    25.5336    7.63102 0.0000e+00
       5779     98.331     2.8144     2.8110   2.911165   2.911205     2.6961     2.6570      8.157     0.1583     2.1614 1.0790e-01     0.0828    97.9505     7.5021     7.8350    32.0302    32.0342    25.5304    25.5338    7.63109 0.0000e+00
       5782     98.394     2.8139     2.8091   2.911161   2.911134     2.6961     2.6558      8.157     0.1680     2.1614 1.0790e-01     0.0821    97.9678     7.5032     7.8339    32.0306    32.0351    25.5308    25.5348    7.63117 0.0000e+00
       5785     98.455     2.8131     2.8070   2.911089   2.910980     2.6948     2.6558      8.157     0.1534     2.1614 1.0790e-01     0.0825    97.9591     7.4999     7.8377    32.0305    32.0353    25.5308    25.5351    7.63132 0.0000e+00
       5788     98.518     2.8118     2.8032   2.910966   2.910746     2.6948     2.6558      8.157     0.1290     1.9640 1.0790e-01     0.0825    97.9591     7.5017     7.8456    32.0304    32.0362    25.5307    25.5361    7.63159 0.0000e+00
       5791     98.579     2.8103     2.7979   2.910883   2.910436     2.6948     2.6554      8.157     0.1290     1.9245 1.0790e-01     0.0839    97.9244     7.5028     7.8494    32.0308    32.0377    25.5312    25.5378    7.63186 0.0000e+00
       5794     98.641     2.8080     2.7925   2.910698   2.910115     2.6948     2.6545      8.157     0.1290     1.9245 1.0790e-01     0.0843    97.9157     7.5035     7.8513    32.0308    32.0392    25.5314    25.5394    7.63230 0.0000e+00
       5797     98.703     2.8045     2.7875   2.910395   2.909895     2.6952     2.6545      8.157     0.1339     1.9245 1.0790e-01     0.0843    97.9157     7.5063     7.8571    32.0306    32.0415    25.5315    25.5416    7.63299 0.0000e+00
       5800     98.766     2.7996     2.7845   2.910069   2.909758     2.6944     2.6545      8.154     0.1290     1.9245 1.0790e-01     0.0843    97.9157     7.5054     7.8610    32.0315    32.0427    25.5326    25.5428    7.63389 0.0000e+00
       5803     98.825     2.7948     2.7803   2.909818   2.909441     2.6936     2.6558      8.156     0.1290     1.9245 1.0790e-01     0.0839    97.9244     7.5047     7.8704    32.0332    32.0431    25.5344    25.5434    7.63473 0.0000e+00
       5806     98.884     2.7909     2.7667   2.909714   2.908491     2.6940     2.6545      8.156     0.1290     1.9245 1.0790e-01     0.0843    97.9157     7.5078     7.8715    32.0358    32.0451    25.5368    25.5462    7.63535 0.0000e+00
       5809     98.944     2.7877     2.7453   2.909498   2.906967     2.6936     2.6545      8.157     0.1290     1.9245 1.0790e-01     0.0843    97.9157     7.5087     7.8746    32.0363    32.0478    25.5374    25.5501    7.63593 0.0000e+00
       5812     99.005     2.7821     2.7251   2.908860   2.905843     2.6940     2.6558      8.153     0.1339     1.9245 1.0790e-01     0.0832    97.9418     7.5118     7.8825    32.0341    32.0543    25.5361    25.5569    7.63712 0.0000e+00
       5815     99.063     2.7709     2.7162   2.907666   2.905368     2.6924     2.6545      8.154     0.1290     1.9245 1.0790e-01     0.0832    97.9418     7.5088     7.8789    32.0307    32.0574    25.5344    25.5601    7.63947 0.0000e+00
       5818     99.121     2.7568     2.7106   2.906672   2.905089     2.6936     2.6545      8.153     0.1241     1.9245 1.0790e-01     0.0832    97.9418     7.5185     7.8776    32.0327    32.0595    25.5371    25.5623    7.64209 0.0000e+00
       5821     99.177     2.7442     2.7081   2.906047   2.904985     2.6932     2.6545      8.153     0.1290     1.9245 1.0790e-01     0.0832    97.9418     7.5212     7.8734    32.0376    32.0608    25.5420    25.5635    7.64427 0.0000e+00
       5824     99.236     2.7346     2.7074   2.905678   2.904916     2.6936     2.6545      8.153     0.1290     1.9245 1.0790e-01     0.0832    97.9418     7.5256     7.8701    32.0427    32.0605    25.5469    25.5633    7.64588 0.0000e+00
       5827     99.296     2.7277     2.7064   2.905331   2.904828     2.6936     2.6545      8.153     0.1241     1.9245 1.0790e-01     0.0832    97.9418     7.5266     7.8673    32.0453    32.0605    25.5495    25.5634    7.64707 0.0000e+00
       5830     99.354     2.7211     2.7061   2.904981   2.904800     2.6924     2.6541      8.153     0.1290     1.9245 1.0790e-01     0.0836    97.9331     7.5238     7.8655    32.0476    32.0604    25.5519    25.5633    7.64824 0.0000e+00
       5833     99.411     2.7164     2.7062   2.904862   2.904825     2.6936     2.6533      8.153     0.1290     1.9245 1.0790e-01     0.0853    97.8896     7.5290     7.8605    32.0509    32.0606    25.5549    25.5634    7.64899 0.0000e+00
       5836     99.464     2.7133     2.7062   2.904767   2.904814     2.6928     2.6533      8.153     0.1339     1.9245 1.0790e-01     0.0853    97.8896     7.5262     7.8607    32.0528    32.0604    25.5566    25.5633    7.64949 0.0000e+00
       5839     99.519     2.7115     2.7059   2.904702   2.904785     2.6928     2.6529      8.153     0.1387     1.9245 1.0790e-01     0.0853    97.8896     7.5271     7.8620    32.0537    32.0603    25.5575    25.5633    7.64978 0.0000e+00
       5842     99.577     2.7102     2.7055   2.904645   2.904761     2.6944     2.6529      8.153     0.1436     1.9245 1.0790e-01     0.0853    97.8896     7.5323     7.8632    32.0543    32.0604    25.5581    25.5634    7.65001 0.0000e+00
       5845     99.637     2.7091     2.7055   2.904672   2.904764     2.6928     2.6525      8.153     0.1436     1.9245 1.0790e-01     0.0853    97.8896     7.5286     7.8637    32.0557    32.0604    25.5593    25.5634    7.65015 0.0000e+00
       5848     99.693     2.7082     2.7054   2.904624   2.904756     2.6924     2.6525      8.153     0.1436     1.9245 1.0790e-01     0.0853    97.8896     7.5283     7.8666    32.0559    32.0604    25.5596    25.5633    7.65030 0.0000e+00
       5851     99.745     2.7076     2.7051   2.904628   2.904733     2.6924     2.6521      8.153     0.1436     1.9245 1.0790e-01     0.0860    97.8723     7.5294     7.8690    32.0566    32.0603    25.5601    25.5634    7.65039 0.0000e+00
       5854     99.798     2.7073     2.7050   2.904598   2.904728     2.6928     2.6521      8.153     0.1436     1.9245 1.0790e-01     0.0864    97.8636     7.5307     7.8737    32.0565    32.0603    25.5601    25.5634    7.65046 0.0000e+00
       5857     99.854     2.7066     2.7055   2.904558   2.904784     2.6924     2.6521      8.155     0.1436     1.9245 1.0790e-01     0.0864    97.8636     7.5287     7.8766    32.0566    32.0606    25.5603    25.5635    7.65058 0.0000e+00
