Datasets/AZMP/COO001/79001117.cnv
* Sea-Bird SBE 9 Data File:
* FileName = C:\CTDDATA\79001117.hex
* Software Version Seasave V 7.26.7.110
* Temperature SN = 5660
* Conductivity SN = 3698
* Number of Bytes Per Scan = 30
* Number of Voltage Words = 4
* Number of Scans Averaged by the Deck Unit = 1
* NMEA baud rate = 9600
** VESSEL/TRIP/SEQ STN:  79001117
** LATITUDE XX XX.XX N:  47 00.00 N
** LONGITUDE XX XX.XX W:  49 07.00 W
** SOUNDING DEPTH (M):  0085
** PROBE TYPE: S1257
** CTD NUMBER: 077
** COMMENTS (14 CHAR): FC-10
** BOTTLES:  9
** LEVELS: 5,5,10,20,20,30,40,50,BTM
** STICKERS: 435576 - 435584
** VNET: Y
** DO2: N
# nquan = 22
# nvalues = 1897                        
# units = specified
# name 0 = scan: Scan Count
# name 1 = prDM: Pressure, Digiquartz [db]
# name 2 = t090C: Temperature [ITS-90, deg C]
# name 3 = t190C: Temperature, 2 [ITS-90, deg C]
# name 4 = c0S/m: Conductivity [S/m]
# name 5 = c1S/m: Conductivity, 2 [S/m]
# name 6 = sbeox0V: Oxygen raw, SBE 43 [V]
# name 7 = sbeox1V: Oxygen raw, SBE 43, 2 [V]
# name 8 = ph: pH
# name 9 = flECO-AFL: Fluorescence, WET Labs ECO-AFL/FL [mg/m^3]
# name 10 = wetCDOM: Fluorescence, WET Labs CDOM [mg/m^3]
# name 11 = par/sat/log: PAR/Logarithmic, Satlantic [umol photons/m^2/sec]
# name 12 = CStarAt0: Beam Attenuation, WET Labs C-Star [1/m]
# name 13 = CStarTr0: Beam Transmission, WET Labs C-Star [%]
# name 14 = sbeox0ML/L: Oxygen, SBE 43 [ml/l], WS = 2
# name 15 = sbeox1ML/L: Oxygen, SBE 43, 2 [ml/l], WS = 2
# name 16 = sal00: Salinity, Practical [PSU]
# name 17 = sal11: Salinity, Practical, 2 [PSU]
# name 18 = sigma-t00: Density [sigma-t, kg/m^3 ]
# name 19 = sigma-t11: Density, 2 [sigma-t, kg/m^3 ]
# name 20 = oxsatML/L: Oxygen Saturation, Weiss [ml/l]
# name 21 = flag: flag
# span 0 =         94,      29807       
# span 1 =      0.599,     77.849       
# span 2 =    -0.6246,     4.6850       
# span 3 =    -0.6254,     4.7099       
# span 4 =   2.698943,   3.076510       
# span 5 =   2.035525,   3.078600       
# span 6 =     2.4079,     2.7712       
# span 7 =     2.3785,     2.7438       
# span 8 =      8.021,      8.175       
# span 9 =     0.0654,     0.8762       
# span 10 =     1.3323,     2.1614      
# span 11 = 1.0790e-01, 3.2692e+01      
# span 12 =     0.1013,     0.6434      
# span 13 =    85.1417,    97.4986      
# span 14 =     6.2988,     7.4836      
# span 15 =     6.1835,     9.1160      
# span 16 =    31.2428,    33.6314      
# span 17 =    20.5114,    33.2794      
# span 18 =    24.9550,    26.9677      
# span 19 =    16.2349,    26.7020      
# span 20 =    7.27656,    8.29738      
# span 21 = 0.0000e+00, 0.0000e+00      
# interval = scans: 3                   
# start_time = Dec 07 2019 11:20:13 [System UTC, header]
# bad_flag = -9.990e-29
*END*
[from data line 1712]
      22499     16.727     4.6349     4.6354   3.072719   3.072881     2.7663     2.7292      8.174     0.6662     1.6876 3.9866e+00     0.1174    97.1075     7.3123     7.6752    32.1959    32.1973    25.4918    25.4929    7.28558 0.0000e+00
      22502     16.685     4.6350     4.6354   3.072723   3.072910     2.7663     2.7288      8.174     0.6613     1.6876 3.9866e+00     0.1174    97.1075     7.3115     7.6756    32.1959    32.1976    25.4918    25.4931    7.28557 0.0000e+00
      22505     16.642     4.6350     4.6356   3.072743   3.072890     2.7667     2.7292      8.174     0.6271     1.6876 4.0097e+00     0.1174    97.1075     7.3125     7.6815    32.1961    32.1972    25.4920    25.4928    7.28556 0.0000e+00
      22508     16.606     4.6350     4.6355   3.072727   3.072905     2.7663     2.7292      8.174     0.6271     1.7271 4.0190e+00     0.1174    97.1075     7.3092     7.6866    32.1960    32.1975    25.4919    25.4930    7.28556 0.0000e+00
      22511     16.564     4.6351     4.6356   3.072739   3.072915     2.7667     2.7296      8.174     0.6174     1.8060 4.0190e+00     0.1189    97.0728     7.3090     7.6918    32.1961    32.1976    25.4919    25.4931    7.28555 0.0000e+00
      22514     16.525     4.6351     4.6357   3.072736   3.072892     2.7663     2.7305      8.174     0.6222     1.8060 4.0144e+00     0.1192    97.0641     7.3064     7.6971    32.1960    32.1972    25.4919    25.4928    7.28555 0.0000e+00
      22517     16.484     4.6351     4.6355   3.072721   3.072886     2.7663     2.7305      8.174     0.6174     1.8060 4.0190e+00     0.1196    97.0554     7.3037     7.7002    32.1959    32.1974    25.4918    25.4929    7.28556 0.0000e+00
      22520     16.442     4.6351     4.6356   3.072736   3.072905     2.7671     2.7305      8.174     0.6271     1.8060 4.0144e+00     0.1192    97.0641     7.3049     7.7032    32.1960    32.1975    25.4919    25.4931    7.28554 0.0000e+00
      22523     16.402     4.6353     4.6356   3.072726   3.072874     2.7671     2.7305      8.174     0.6222     1.8060 4.0097e+00     0.1192    97.0641     7.3056     7.7050    32.1958    32.1972    25.4917    25.4928    7.28552 0.0000e+00
      22526     16.357     4.6355     4.6355   3.072741   3.072878     2.7671     2.7305      8.174     0.6222     1.8060 4.0097e+00     0.1192    97.0641     7.3048     7.7060    32.1958    32.1973    25.4917    25.4929    7.28548 0.0000e+00
      22529     16.310     4.6354     4.6356   3.072735   3.072861     2.7671     2.7317      8.174     0.6418     1.8060 4.0190e+00     0.1199    97.0467     7.3040     7.7113    32.1958    32.1971    25.4917    25.4927    7.28550 0.0000e+00
      22532     16.259     4.6355     4.6354   3.072715   3.072870     2.7663     2.7317      8.174     0.6760     1.8060 4.0190e+00     0.1224    96.9859     7.3001     7.7124    32.1955    32.1974    25.4915    25.4929    7.28550 0.0000e+00
      22535     16.207     4.6356     4.6353   3.072707   3.072846     2.7667     2.7317      8.174     0.6760     1.8060 4.0236e+00     0.1228    96.9772     7.3008     7.7134    32.1954    32.1972    25.4913    25.4928    7.28549 0.0000e+00
      22538     16.151     4.6355     4.6351   3.072706   3.072814     2.7667     2.7317      8.174     0.6808     1.8060 4.0283e+00     0.1228    96.9772     7.2997     7.7156    32.1954    32.1971    25.4914    25.4928    7.28550 0.0000e+00
      22541     16.089     4.6354     4.6350   3.072696   3.072812     2.7659     2.7329      8.174     0.6808     1.8060 4.0423e+00     0.1228    96.9772     7.2943     7.7214    32.1954    32.1972    25.4914    25.4929    7.28551 0.0000e+00
      22544     16.023     4.6355     4.6350   3.072696   3.072824     2.7667     2.7329      8.174     0.6857     1.8060 4.0563e+00     0.1228    96.9772     7.2956     7.7216    32.1955    32.1974    25.4914    25.4930    7.28551 0.0000e+00
      22547     15.950     4.6353     4.6352   3.072690   3.072852     2.7675     2.7337      8.174     0.6808     1.8060 4.0941e+00     0.1228    96.9772     7.2971     7.7236    32.1955    32.1975    25.4915    25.4931    7.28553 0.0000e+00
      22550     15.875     4.6355     4.6353   3.072688   3.072856     2.7659     2.7333      8.174     0.6760     1.8060 4.1273e+00     0.1221    96.9946     7.2923     7.7207    32.1954    32.1975    25.4914    25.4931    7.28550 0.0000e+00
      22553     15.791     4.6353     4.6354   3.072688   3.072835     2.7663     2.7341      8.174     0.6808     1.8060 4.1464e+00     0.1203    97.0380     7.2921     7.7199    32.1956    32.1973    25.4916    25.4929    7.28553 0.0000e+00
      22556     15.707     4.6353     4.6354   3.072678   3.072858     2.7663     2.7345      8.174     0.6662     1.8060 4.1801e+00     0.1206    97.0293     7.2902     7.7185    32.1956    32.1975    25.4915    25.4930    7.28554 0.0000e+00
      22559     15.623     4.6352     4.6356   3.072680   3.072870     2.7659     2.7353      8.174     0.6564     1.8060 4.2190e+00     0.1206    97.0293     7.2863     7.7173    32.1957    32.1975    25.4917    25.4930    7.28554 0.0000e+00
      22562     15.529     4.6352     4.6356   3.072666   3.072876     2.7655     2.7353      8.174     0.6515     1.7271 4.2483e+00     0.1206    97.0293     7.2840     7.7123    32.1956    32.1976    25.4915    25.4932    7.28554 0.0000e+00
      22565     15.434     4.6353     4.6358   3.072670   3.072872     2.7651     2.7353      8.174     0.6467     1.6876 4.2878e+00     0.1203    97.0380     7.2810     7.7072    32.1956    32.1975    25.4916    25.4930    7.28553 0.0000e+00
      22568     15.337     4.6352     4.6358   3.072648   3.072864     2.7651     2.7353      8.174     0.6467     1.6876 4.3227e+00     0.1206    97.0293     7.2809     7.7034    32.1955    32.1974    25.4915    25.4929    7.28555 0.0000e+00
      22571     15.236     4.6350     4.6358   3.072639   3.072855     2.7655     2.7357      8.174     0.6467     1.6876 4.3679e+00     0.1199    97.0467     7.2826     7.7006    32.1956    32.1973    25.4916    25.4929    7.28558 0.0000e+00
      22574     15.136     4.6351     4.6355   3.072639   3.072823     2.7647     2.7357      8.174     0.6515     1.6876 4.4085e+00     0.1196    97.0554     7.2808     7.6971    32.1956    32.1974    25.4916    25.4929    7.28557 0.0000e+00
      22577     15.035     4.6352     4.6355   3.072626   3.072839     2.7638     2.7353      8.174     0.6515     1.6876 4.4598e+00     0.1196    97.0554     7.2772     7.6919    32.1954    32.1975    25.4914    25.4931    7.28555 0.0000e+00
      22580     14.934     4.6354     4.6351   3.072642   3.072741     2.7634     2.7353      8.174     0.6515     1.6876 4.5116e+00     0.1196    97.0554     7.2760     7.6892    32.1954    32.1968    25.4914    25.4926    7.28552 0.0000e+00
      22583     14.835     4.6353     4.6347   3.072642   3.072716     2.7634     2.7353      8.174     0.6418     1.6876 4.6065e+00     0.1196    97.0554     7.2780     7.6876    32.1956    32.1970    25.4915    25.4927    7.28553 0.0000e+00
      22586     14.736     4.6354     4.6344   3.072626   3.072700     2.7634     2.7353      8.174     0.6418     1.6876 4.7089e+00     0.1196    97.0554     7.2793     7.6873    32.1954    32.1972    25.4914    25.4929    7.28553 0.0000e+00
      22589     14.640     4.6353     4.6343   3.072620   3.072676     2.7630     2.7353      8.174     0.6515     1.6876 4.7967e+00     0.1196    97.0554     7.2796     7.6860    32.1954    32.1970    25.4914    25.4928    7.28553 0.0000e+00
      22592     14.543     4.6353     4.6343   3.072588   3.072689     2.7643     2.7353      8.174     0.6467     1.6876 4.8693e+00     0.1203    97.0380     7.2859     7.6838    32.1951    32.1972    25.4912    25.4929    7.28555 0.0000e+00
      22595     14.452     4.6351     4.6346   3.072553   3.072754     2.7630     2.7353      8.174     0.6515     1.6876 4.9431e+00     0.1206    97.0293     7.2833     7.6832    32.1949    32.1978    25.4911    25.4934    7.28560 0.0000e+00
      22598     14.363     4.6350     4.6351   3.072587   3.072831     2.7626     2.7353      8.174     0.6467     1.6876 5.0121e+00     0.1206    97.0293     7.2848     7.6819    32.1954    32.1982    25.4914    25.4937    7.28558 0.0000e+00
      22601     14.280     4.6348     4.6355   3.072571   3.072905     2.7622     2.7353      8.174     0.6564     1.6876 5.0645e+00     0.1206    97.0293     7.2847     7.6817    32.1955    32.1987    25.4915    25.4940    7.28562 0.0000e+00
      22604     14.200     4.6348     4.6358   3.072567   3.072965     2.7630     2.7353      8.174     0.6418     1.6876 5.1234e+00     0.1206    97.0293     7.2877     7.6800    32.1955    32.1991    25.4915    25.4943    7.28562 0.0000e+00
      22607     14.129     4.6349     4.6363   3.072577   3.073048     2.7630     2.7353      8.174     0.6515     1.6876 5.1770e+00     0.1206    97.0293     7.2888     7.6783    32.1955    32.1996    25.4916    25.4946    7.28560 0.0000e+00
      22610     14.065     4.6349     4.6364   3.072591   3.073045     2.7630     2.7353      8.174     0.6564     1.6876 5.2191e+00     0.1206    97.0293     7.2903     7.6771    32.1958    32.1996    25.4917    25.4946    7.28559 0.0000e+00
      22613     14.008     4.6350     4.6363   3.072567   3.073019     2.7634     2.7345      8.174     0.6515     1.6876 5.2859e+00     0.1196    97.0554     7.2933     7.6736    32.1954    32.1993    25.4915    25.4945    7.28559 0.0000e+00
      22616     13.957     4.6352     4.6363   3.072598   3.073003     2.7634     2.7349      8.174     0.6515     1.6876 5.3165e+00     0.1196    97.0554     7.2957     7.6745    32.1956    32.1992    25.4916    25.4943    7.28555 0.0000e+00
      22619     13.917     4.6353     4.6363   3.072586   3.073003     2.7630     2.7345      8.174     0.6564     1.6876 5.3350e+00     0.1196    97.0554     7.2966     7.6731    32.1954    32.1992    25.4914    25.4943    7.28555 0.0000e+00
      22622     13.887     4.6353     4.6363   3.072618   3.072991     2.7630     2.7341      8.174     0.6564     1.6876 5.3659e+00     0.1196    97.0554     7.2979     7.6721    32.1958    32.1991    25.4917    25.4943    7.28552 0.0000e+00
      22691     13.851     4.6356     4.6354   3.072637   3.072805     2.7679     2.7337      8.174     0.6711     1.6876 5.2322e+00     0.1203    97.0380     7.2981     7.6775    32.1957    32.1978    25.4917    25.4933    7.28547 0.0000e+00
      22727     13.752     4.6358     4.6350   3.072659   3.072761     2.7712     2.7329      8.174     0.6711     1.6876 5.2677e+00     0.1199    97.0467     7.2995     7.6775    32.1959    32.1978    25.4917    25.4933    7.28544 0.0000e+00
      22730     13.636     4.6357     4.6352   3.072651   3.072766     2.7699     2.7329      8.174     0.6808     1.6876 5.3785e+00     0.1199    97.0467     7.2936     7.6768    32.1959    32.1977    25.4917    25.4932    7.28545 0.0000e+00
      22733     13.507     4.6358     4.6353   3.072637   3.072729     2.7708     2.7329      8.174     0.6808     1.6876 5.5234e+00     0.1185    97.0815     7.2956     7.6755    32.1957    32.1973    25.4916    25.4929    7.28544 0.0000e+00
      22736     13.371     4.6358     4.6352   3.072653   3.072729     2.7704     2.7329      8.174     0.6760     1.6876 5.6460e+00     0.1174    97.1075     7.2931     7.6735    32.1960    32.1974    25.4918    25.4930    7.28543 0.0000e+00
      22739     13.227     4.6357     4.6351   3.072607   3.072734     2.7695     2.7329      8.174     0.6516     1.6876 5.8116e+00     0.1174    97.1075     7.2905     7.6715    32.1956    32.1976    25.4915    25.4932    7.28546 0.0000e+00
      22742     13.081     4.6357     4.6351   3.072593   3.072729     2.7695     2.7329      8.174     0.6369     1.6876 5.9270e+00     0.1174    97.1075     7.2909     7.6696    32.1954    32.1976    25.4914    25.4932    7.28546 0.0000e+00
      22745     12.926     4.6355     4.6352   3.072606   3.072762     2.7691     2.7329      8.174     0.6369     1.6876 6.0657e+00     0.1174    97.1075     7.2901     7.6682    32.1959    32.1980    25.4918    25.4935    7.28548 0.0000e+00
      22748     12.770     4.6355     4.6352   3.072638   3.072699     2.7683     2.7329      8.174     0.6320     1.6876 6.2003e+00     0.1174    97.1075     7.2883     7.6669    32.1964    32.1973    25.4922    25.4929    7.28546 0.0000e+00
      22751     12.611     4.6357     4.6352   3.072630   3.072736     2.7683     2.7329      8.174     0.6320     1.6876 6.2942e+00     0.1178    97.0988     7.2879     7.6634    32.1962    32.1979    25.4920    25.4934    7.28544 0.0000e+00
      22754     12.452     4.6356     4.6358   3.072647   3.072882     2.7683     2.7329      8.174     0.6369     1.6876 6.3821e+00     0.1217    97.0033     7.2881     7.6597    32.1966    32.1991    25.4923    25.4942    7.28544 0.0000e+00
      22757     12.294     4.6358     4.6362   3.072620   3.072910     2.7683     2.7325      8.174     0.6369     1.6876 6.4862e+00     0.1217    97.0033     7.2890     7.6549    32.1961    32.1990    25.4919    25.4942    7.28541 0.0000e+00
      22760     12.137     4.6357     4.6363   3.072621   3.072933     2.7671     2.7317      8.174     0.6369     1.6876 6.5693e+00     0.1217    97.0033     7.2867     7.6490    32.1963    32.1994    25.4921    25.4944    7.28543 0.0000e+00
      22763     11.980     4.6357     4.6365   3.072614   3.072924     2.7679     2.7317      8.174     0.6369     1.6876 6.6765e+00     0.1217    97.0033     7.2892     7.6481    32.1963    32.1991    25.4920    25.4942    7.28542 0.0000e+00
      22766     11.829     4.6358     4.6363   3.072612   3.072878     2.7679     2.7317      8.174     0.6076     1.6876 6.7933e+00     0.1217    97.0033     7.2888     7.6470    32.1963    32.1989    25.4921    25.4940    7.28541 0.0000e+00
      22769     11.683     4.6358     4.6362   3.072626   3.072892     2.7675     2.7317      8.174     0.6076     1.6876 6.9121e+00     0.1217    97.0033     7.2883     7.6450    32.1964    32.1991    25.4922    25.4943    7.28540 0.0000e+00
      22772     11.544     4.6359     4.6363   3.072656   3.072898     2.7671     2.7313      8.174     0.6076     1.8060 7.0821e+00     0.1221    96.9946     7.2863     7.6436    32.1968    32.1992    25.4925    25.4943    7.28537 0.0000e+00
      22775     11.409     4.6359     4.6364   3.072632   3.072923     2.7659     2.7304      8.174     0.6076     1.8060 7.2562e+00     0.1217    97.0033     7.2805     7.6432    32.1966    32.1995    25.4923    25.4945    7.28538 0.0000e+00
      22778     11.280     4.6359     4.6365   3.072630   3.072920     2.7667     2.7304      8.174     0.6125     1.8060 7.4777e+00     0.1217    97.0033     7.2803     7.6464    32.1967    32.1994    25.4923    25.4944    7.28538 0.0000e+00
      22781     11.158     4.6359     4.6367   3.072612   3.072918     2.7675     2.7300      8.174     0.6076     1.8060 7.6702e+00     0.1217    97.0033     7.2824     7.6494    32.1964    32.1993    25.4922    25.4943    7.28537 0.0000e+00
      22784     11.043     4.6358     4.6368   3.072628   3.072938     2.7659     2.7300      8.174     0.6027     1.8060 7.8768e+00     0.1217    97.0033     7.2748     7.6531    32.1968    32.1994    25.4924    25.4945    7.28538 0.0000e+00
      22787     10.935     4.6360     4.6371   3.072622   3.072954     2.7655     2.7304      8.174     0.6076     1.8060 8.0146e+00     0.1217    97.0033     7.2713     7.6571    32.1966    32.1994    25.4923    25.4944    7.28536 0.0000e+00
      22790     10.833     4.6360     4.6372   3.072628   3.072956     2.7655     2.7296      8.174     0.6125     1.8060 8.1548e+00     0.1217    97.0033     7.2699     7.6576    32.1968    32.1994    25.4924    25.4944    7.28535 0.0000e+00
