Datasets/AZMP/COO001/79001085.cnv
* Sea-Bird SBE 9 Data File:
* FileName = C:\CTDDATA\79001085.hex
* Software Version Seasave V 7.26.7.110
* Temperature SN = 5660
* Conductivity SN = 3698
* Number of Bytes Per Scan = 30
* Number of Voltage Words = 4
* Number of Scans Averaged by the Deck Unit = 1
* NMEA baud rate = 9600
** VESSEL/TRIP/SEQ STN:  79001085
** LATITUDE XX XX.XX N:  48 09.80 N
** LONGITUDE XX XX.XX W:  53 44.34 W
** SOUNDING DEPTH (M):  0171
** PROBE TYPE: S1257
** CTD NUMBER: 052
** COMMENTS (14 CHAR): SS-14
** BOTTLES:  0
** LEVELS:
** STICKERS:
** VNET: N
** DO2: N
# nquan = 22
# nvalues = 5885                        
# units = specified
# name 0 = scan: Scan Count
# name 1 = prDM: Pressure, Digiquartz [db]
# name 2 = t090C: Temperature [ITS-90, deg C]
# name 3 = t190C: Temperature, 2 [ITS-90, deg C]
# name 4 = c0S/m: Conductivity [S/m]
# name 5 = c1S/m: Conductivity, 2 [S/m]
# name 6 = sbeox0V: Oxygen raw, SBE 43 [V]
# name 7 = sbeox1V: Oxygen raw, SBE 43, 2 [V]
# name 8 = ph: pH
# name 9 = flECO-AFL: Fluorescence, WET Labs ECO-AFL/FL [mg/m^3]
# name 10 = wetCDOM: Fluorescence, WET Labs CDOM [mg/m^3]
# name 11 = par/sat/log: PAR/Logarithmic, Satlantic [umol photons/m^2/sec]
# name 12 = CStarAt0: Beam Attenuation, WET Labs C-Star [1/m]
# name 13 = CStarTr0: Beam Transmission, WET Labs C-Star [%]
# name 14 = sbeox0ML/L: Oxygen, SBE 43 [ml/l], WS = 2
# name 15 = sbeox1ML/L: Oxygen, SBE 43, 2 [ml/l], WS = 2
# name 16 = sal00: Salinity, Practical [PSU]
# name 17 = sal11: Salinity, Practical, 2 [PSU]
# name 18 = sigma-t00: Density [sigma-t, kg/m^3 ]
# name 19 = sigma-t11: Density, 2 [sigma-t, kg/m^3 ]
# name 20 = oxsatML/L: Oxygen Saturation, Weiss [ml/l]
# name 21 = flag: flag
# span 0 =        133,      19169       
# span 1 =      1.149,    164.561       
# span 2 =     0.2619,     3.5195       
# span 3 =     0.2607,     3.5247       
# span 4 =   2.760066,   2.934114       
# span 5 =   2.760234,   2.934286       
# span 6 =     2.4446,     2.7340       
# span 7 =     2.4153,     2.7026       
# span 8 =      1.999,      2.352       
# span 9 =     0.0215,     0.8029       
# span 10 =     0.7006,     3.5826      
# span 11 = 1.0569e-01, 1.4598e+00      
# span 12 =     0.0836,     0.2086      
# span 13 =    94.9177,    97.9331      
# span 14 =     6.6968,     7.6779      
# span 15 =     7.5236,     7.8879      
# span 16 =    31.1765,    32.7446      
# span 17 =    31.1784,    32.7476      
# span 18 =    24.7955,    26.2729      
# span 19 =    24.7968,    26.2754      
# span 20 =    7.52270,    8.11327      
# span 21 = 0.0000e+00, 0.0000e+00      
# interval = scans: 3                   
# start_time = Dec 01 2019 22:48:35 [System UTC, header]
# bad_flag = -9.990e-29
*END*
[from data line 988]
       3097     58.870     3.2891     3.2878   2.931744   2.931885     2.7168     2.6838      2.075     0.3194     2.2798 1.0790e-01     0.1006    97.5160     7.4599     7.8397    31.8292    31.8321    25.3299    25.3323    7.55058 0.0000e+00
       3100     58.932     3.2892     3.2878   2.931749   2.931924     2.7164     2.6838      2.073     0.3097     2.2798 1.0790e-01     0.1003    97.5247     7.4586     7.8427    31.8291    31.8325    25.3298    25.3327    7.55057 0.0000e+00
       3103     58.993     3.2891     3.2878   2.931769   2.931902     2.7172     2.6842      2.075     0.3097     2.2798 1.0790e-01     0.0992    97.5507     7.4615     7.8495    31.8294    31.8322    25.3300    25.3324    7.55056 0.0000e+00
       3106     59.054     3.2891     3.2878   2.931767   2.931891     2.7168     2.6838      2.075     0.3048     2.2798 1.0790e-01     0.0992    97.5507     7.4592     7.8527    31.8293    31.8321    25.3300    25.3323    7.55057 0.0000e+00
       3109     59.115     3.2891     3.2879   2.931771   2.931910     2.7172     2.6842      2.070     0.3097     2.2798 1.0790e-01     0.0992    97.5507     7.4602     7.8578    31.8294    31.8322    25.3300    25.3324    7.55057 0.0000e+00
       3112     59.176     3.2892     3.2878   2.931829   2.931918     2.7180     2.6838      2.072     0.3145     2.2798 1.0790e-01     0.0996    97.5420     7.4658     7.8579    31.8299    31.8323    25.3304    25.3325    7.55052 0.0000e+00
       3115     59.234     3.2895     3.2878   2.931802   2.931926     2.7172     2.6842      2.072     0.3048     2.2798 1.0790e-01     0.0992    97.5507     7.4662     7.8604    31.8293    31.8324    25.3299    25.3326    7.55050 0.0000e+00
       3118     59.297     3.2894     3.2879   2.931771   2.931911     2.7164     2.6838      2.070     0.3243     2.1614 1.0790e-01     0.0992    97.5507     7.4634     7.8596    31.8289    31.8322    25.3296    25.3324    7.55053 0.0000e+00
       3121     59.358     3.2892     3.2878   2.931769   2.931932     2.7168     2.6838      2.070     0.3292     2.1614 1.0790e-01     0.0985    97.5681     7.4670     7.8597    31.8291    31.8324    25.3298    25.3326    7.55057 0.0000e+00
       3124     59.418     3.2892     3.2878   2.931775   2.931917     2.7168     2.6846      2.070     0.3292     2.1614 1.0790e-01     0.0949    97.6550     7.4668     7.8624    31.8292    31.8322    25.3299    25.3324    7.55057 0.0000e+00
       3127     59.479     3.2891     3.2878   2.931786   2.931941     2.7164     2.6850      2.070     0.3341     2.1614 1.0790e-01     0.0949    97.6550     7.4645     7.8631    31.8294    31.8325    25.3300    25.3326    7.55058 0.0000e+00
       3130     59.541     3.2889     3.2879   2.931780   2.931926     2.7164     2.6850      2.070     0.3341     2.1614 1.0790e-01     0.0949    97.6550     7.4656     7.8633    31.8294    31.8322    25.3301    25.3324    7.55060 0.0000e+00
       3133     59.601     3.2890     3.2878   2.931766   2.931925     2.7164     2.6850      2.070     0.3292     2.1614 1.0790e-01     0.0949    97.6550     7.4655     7.8628    31.8291    31.8322    25.3299    25.3324    7.55060 0.0000e+00
       3136     59.662     3.2890     3.2879   2.931780   2.931962     2.7188     2.6850      2.070     0.3292     2.1614 1.0790e-01     0.0953    97.6463     7.4754     7.8615    31.8293    31.8325    25.3299    25.3326    7.55060 0.0000e+00
       3139     59.725     3.2890     3.2880   2.931794   2.931975     2.7176     2.6850      2.070     0.3292     2.1614 1.0790e-01     0.0949    97.6550     7.4745     7.8602    31.8295    31.8326    25.3301    25.3327    7.55059 0.0000e+00
       3142     59.785     3.2890     3.2880   2.931803   2.931975     2.7160     2.6850      2.070     0.3341     2.1614 1.0790e-01     0.0978    97.5855     7.4694     7.8583    31.8295    31.8326    25.3301    25.3327    7.55058 0.0000e+00
       3145     59.847     3.2889     3.2880   2.931794   2.931985     2.7180     2.6850      2.070     0.3585     2.0429 1.0790e-01     0.1003    97.5247     7.4748     7.8555    31.8294    31.8326    25.3301    25.3327    7.55060 0.0000e+00
       3148     59.908     3.2890     3.2879   2.931810   2.931972     2.7172     2.6850      2.070     0.3585     2.0429 1.0790e-01     0.0999    97.5334     7.4718     7.8528    31.8295    31.8325    25.3302    25.3326    7.55059 0.0000e+00
       3151     59.968     3.2888     3.2879   2.931791   2.931971     2.7168     2.6850      2.070     0.3634     2.0429 1.0790e-01     0.1003    97.5247     7.4702     7.8518    31.8295    31.8325    25.3301    25.3326    7.55063 0.0000e+00
       3154     60.027     3.2888     3.2880   2.931798   2.932033     2.7180     2.6850      2.069     0.3585     2.0429 1.0790e-01     0.0999    97.5334     7.4730     7.8515    31.8295    31.8332    25.3301    25.3331    7.55062 0.0000e+00
       3157     60.087     3.2890     3.2880   2.931822   2.932078     2.7172     2.6850      2.070     0.3585     2.0429 1.0790e-01     0.1003    97.5247     7.4672     7.8517    31.8296    31.8336    25.3302    25.3335    7.55059 0.0000e+00
       3160     60.146     3.2890     3.2880   2.931853   2.932090     2.7180     2.6850      2.070     0.3634     2.0429 1.0790e-01     0.0999    97.5334     7.4684     7.8519    31.8299    31.8337    25.3305    25.3336    7.55057 0.0000e+00
       3163     60.208     3.2889     3.2879   2.931882   2.932109     2.7188     2.6850      2.070     0.3634     2.0429 1.0790e-01     0.0985    97.5681     7.4729     7.8513    31.8303    31.8340    25.3308    25.3338    7.55056 0.0000e+00
       3166     60.269     3.2890     3.2882   2.931941   2.932099     2.7168     2.6850      2.069     0.3585     2.0429 1.0790e-01     0.0981    97.5768     7.4651     7.8512    31.8309    31.8335    25.3313    25.3334    7.55052 0.0000e+00
       3169     60.330     3.2889     3.2883   2.931952   2.932096     2.7176     2.6850      2.066     0.3585     2.0429 1.0790e-01     0.0981    97.5768     7.4666     7.8516    31.8310    31.8335    25.3314    25.3334    7.55052 0.0000e+00
       3172     60.391     3.2889     3.2880   2.931935   2.932096     2.7172     2.6850      2.066     0.3438     2.0429 1.0790e-01     0.0981    97.5768     7.4669     7.8520    31.8308    31.8336    25.3312    25.3335    7.55053 0.0000e+00
       3175     60.451     3.2890     3.2873   2.931931   2.932050     2.7180     2.6846      2.066     0.3390     2.0429 1.0790e-01     0.0978    97.5855     7.4685     7.8511    31.8307    31.8338    25.3311    25.3337    7.55053 0.0000e+00
       3178     60.512     3.2888     3.2864   2.931922   2.932037     2.7172     2.6850      2.067     0.3390     2.0429 1.0790e-01     0.0978    97.5855     7.4646     7.8530    31.8308    31.8345    25.3312    25.3343    7.55056 0.0000e+00
       3181     60.571     3.2885     3.2858   2.931908   2.931981     2.7168     2.6850      2.066     0.3390     2.0429 1.0790e-01     0.0985    97.5681     7.4628     7.8534    31.8309    31.8344    25.3313    25.3343    7.55062 0.0000e+00
       3184     60.630     3.2880     3.2846   2.931872   2.931940     2.7168     2.6850      2.066     0.3438     2.0429 1.0790e-01     0.0992    97.5507     7.4625     7.8540    31.8309    31.8350    25.3313    25.3349    7.55070 0.0000e+00
       3187     60.688     3.2872     3.2835   2.931842   2.931901     2.7172     2.6846      2.066     0.3487     2.0429 1.0790e-01     0.0992    97.5507     7.4645     7.8531    31.8313    31.8356    25.3317    25.3355    7.55084 0.0000e+00
       3190     60.749     3.2870     3.2829   2.931859   2.931922     2.7172     2.6850      2.066     0.3390     2.0429 1.0790e-01     0.0992    97.5507     7.4653     7.8550    31.8316    31.8364    25.3320    25.3361    7.55086 0.0000e+00
       3193     60.807     3.2866     3.2821   2.931809   2.931863     2.7176     2.6850      2.066     0.3438     2.0429 1.0790e-01     0.0996    97.5420     7.4654     7.8536    31.8314    31.8364    25.3319    25.3363    7.55095 0.0000e+00
       3196     60.868     3.2860     3.2817   2.931800   2.931838     2.7180     2.6850      2.066     0.3243     2.0429 1.0790e-01     0.0992    97.5507     7.4658     7.8540    31.8318    31.8366    25.3323    25.3364    7.55103 0.0000e+00
       3199     60.929     3.2856     3.2814   2.931786   2.931844     2.7168     2.6850      2.066     0.3097     2.0429 1.0790e-01     0.0992    97.5507     7.4618     7.8535    31.8321    31.8368    25.3325    25.3366    7.55111 0.0000e+00
       3202     60.989     3.2849     3.2814   2.931779   2.931844     2.7168     2.6850      2.066     0.3145     2.0429 1.0790e-01     0.0981    97.5768     7.4622     7.8530    31.8326    31.8368    25.3330    25.3367    7.55120 0.0000e+00
       3205     61.049     3.2844     3.2812   2.931749   2.931837     2.7168     2.6850      2.066     0.3145     2.0429 1.0790e-01     0.0942    97.6724     7.4611     7.8537    31.8327    31.8369    25.3331    25.3367    7.55129 0.0000e+00
       3208     61.111     3.2837     3.2810   2.931709   2.931828     2.7168     2.6850      2.066     0.3097     2.0429 1.0790e-01     0.0949    97.6550     7.4602     7.8544    31.8328    31.8370    25.3333    25.3368    7.55141 0.0000e+00
       3211     61.172     3.2828     3.2809   2.931657   2.931834     2.7164     2.6850      2.066     0.3145     2.0429 1.0790e-01     0.0949    97.6550     7.4582     7.8546    31.8331    31.8371    25.3336    25.3369    7.55158 0.0000e+00
       3214     61.233     3.2818     3.2809   2.931584   2.931850     2.7168     2.6850      2.066     0.3194     2.0429 1.0790e-01     0.0949    97.6550     7.4605     7.8532    31.8331    31.8373    25.3337    25.3371    7.55176 0.0000e+00
       3217     61.293     3.2810     3.2807   2.931537   2.931812     2.7160     2.6842      2.066     0.3097     2.0429 1.0790e-01     0.0945    97.6637     7.4588     7.8500    31.8334    31.8370    25.3339    25.3368    7.55190 0.0000e+00
       3220     61.354     3.2800     3.2798   2.931466   2.931738     2.7156     2.6850      2.066     0.3145     2.0429 1.0790e-01     0.0945    97.6637     7.4594     7.8538    31.8335    31.8369    25.3340    25.3369    7.55208 0.0000e+00
       3223     61.415     3.2791     3.2787   2.931459   2.931684     2.7168     2.6846      2.065     0.3194     1.9245 1.0790e-01     0.0960    97.6289     7.4663     7.8533    31.8343    31.8373    25.3348    25.3373    7.55222 0.0000e+00
       3226     61.476     3.2789     3.2787   2.931503   2.931717     2.7156     2.6850      2.065     0.3341     1.9245 1.0790e-01     0.0971    97.6029     7.4631     7.8555    31.8349    31.8377    25.3353    25.3375    7.55222 0.0000e+00
       3229     61.537     3.2790     3.2783   2.931492   2.931671     2.7160     2.6850      2.065     0.3243     1.9245 1.0790e-01     0.0981    97.5768     7.4652     7.8560    31.8347    31.8375    25.3352    25.3374    7.55222 0.0000e+00
       3232     61.599     3.2789     3.2783   2.931511   2.931704     2.7156     2.6850      2.065     0.3292     1.9245 1.0790e-01     0.0978    97.5855     7.4661     7.8561    31.8350    31.8379    25.3354    25.3378    7.55222 0.0000e+00
       3235     61.662     3.2787     3.2783   2.931489   2.931680     2.7160     2.6850      2.065     0.3341     1.9245 1.0790e-01     0.0974    97.5942     7.4672     7.8570    31.8348    31.8376    25.3353    25.3375    7.55226 0.0000e+00
       3238     61.723     3.2784     3.2781   2.931460   2.931663     2.7164     2.6842      2.065     0.3243     1.9245 1.0790e-01     0.0971    97.6029     7.4692     7.8551    31.8348    31.8375    25.3353    25.3375    7.55233 0.0000e+00
       3241     61.786     3.2784     3.2779   2.931474   2.931673     2.7160     2.6850      2.064     0.3341     1.9245 1.0790e-01     0.0978    97.5855     7.4691     7.8577    31.8349    31.8378    25.3354    25.3377    7.55232 0.0000e+00
       3244     61.849     3.2784     3.2776   2.931472   2.931655     2.7164     2.6850      2.062     0.3292     1.9245 1.0790e-01     0.0978    97.5855     7.4689     7.8573    31.8349    31.8378    25.3354    25.3377    7.55232 0.0000e+00
       3247     61.911     3.2784     3.2774   2.931480   2.931668     2.7168     2.6850      2.062     0.3243     1.9245 1.0790e-01     0.0981    97.5768     7.4699     7.8565    31.8350    31.8382    25.3354    25.3381    7.55232 0.0000e+00
       3250     61.971     3.2781     3.2775   2.931447   2.931663     2.7160     2.6850      2.064     0.3292     2.1219 1.0790e-01     0.0981    97.5768     7.4682     7.8564    31.8348    31.8380    25.3353    25.3379    7.55237 0.0000e+00
       3253     62.030     3.2781     3.2774   2.931457   2.931631     2.7164     2.6846      2.064     0.3292     2.1614 1.0790e-01     0.0974    97.5942     7.4691     7.8556    31.8349    31.8377    25.3354    25.3377    7.55238 0.0000e+00
       3256     62.090     3.2778     3.2773   2.931440   2.931642     2.7168     2.6850      2.061     0.3243     2.1614 1.0790e-01     0.0974    97.5942     7.4705     7.8577    31.8350    31.8378    25.3355    25.3378    7.55244 0.0000e+00
       3259     62.151     3.2778     3.2771   2.931470   2.931650     2.7156     2.6850      2.062     0.3243     2.1614 1.0790e-01     0.0971    97.6029     7.4648     7.8583    31.8352    31.8382    25.3357    25.3381    7.55241 0.0000e+00
       3262     62.211     3.2783     3.2776   2.931533   2.931665     2.7164     2.6850      2.062     0.3292     2.1614 1.0790e-01     0.0981    97.5768     7.4674     7.8585    31.8355    31.8378    25.3358    25.3378    7.55230 0.0000e+00
       3265     62.272     3.2784     3.2775   2.931512   2.931662     2.7160     2.6850      2.062     0.3292     2.1614 1.0790e-01     0.0971    97.6029     7.4681     7.8563    31.8352    31.8378    25.3356    25.3378    7.55231 0.0000e+00
       3268     62.333     3.2781     3.2771   2.931455   2.931643     2.7156     2.6850      2.061     0.3292     2.1614 1.0790e-01     0.0971    97.6029     7.4666     7.8546    31.8347    31.8379    25.3353    25.3379    7.55239 0.0000e+00
       3271     62.394     3.2777     3.2772   2.931445   2.931649     2.7164     2.6846      2.061     0.3194     2.1614 1.0790e-01     0.0964    97.6202     7.4705     7.8536    31.8350    31.8379    25.3355    25.3379    7.55245 0.0000e+00
       3274     62.455     3.2776     3.2764   2.931483   2.931608     2.7160     2.6850      2.061     0.3292     2.1614 1.0790e-01     0.0964    97.6202     7.4702     7.8541    31.8355    31.8382    25.3359    25.3382    7.55244 0.0000e+00
       3277     62.519     3.2781     3.2757   2.931531   2.931538     2.7168     2.6850      2.061     0.3438     2.1614 1.0790e-01     0.0964    97.6202     7.4714     7.8545    31.8356    31.8380    25.3359    25.3381    7.55235 0.0000e+00
       3280     62.581     3.2784     3.2751   2.931539   2.931547     2.7160     2.6850      2.061     0.3438     2.1614 1.0790e-01     0.0971    97.6029     7.4683     7.8527    31.8353    31.8386    25.3357    25.3387    7.55230 0.0000e+00
       3283     62.641     3.2782     3.2751   2.931478   2.931534     2.7156     2.6850      2.061     0.3390     2.1614 1.0790e-01     0.0967    97.6116     7.4677     7.8507    31.8347    31.8385    25.3352    25.3385    7.55236 0.0000e+00
       3286     62.703     3.2776     3.2748   2.931423   2.931524     2.7168     2.6850      2.061     0.3487     2.1614 1.0790e-01     0.0960    97.6289     7.4718     7.8502    31.8346    31.8386    25.3352    25.3386    7.55248 0.0000e+00
       3289     62.763     3.2771     3.2749   2.931408   2.931506     2.7176     2.6846      2.061     0.3487     2.1614 1.0802e-01     0.0960    97.6289     7.4752     7.8492    31.8349    31.8382    25.3355    25.3383    7.55256 0.0000e+00
