Datasets/AZMP/COO001/79001115.cnv
* Sea-Bird SBE 9 Data File:
* FileName = C:\CTDDATA\79001115.hex
* Software Version Seasave V 7.26.7.110
* Temperature SN = 5660
* Conductivity SN = 3698
* Number of Bytes Per Scan = 30
* Number of Voltage Words = 4
* Number of Scans Averaged by the Deck Unit = 1
* NMEA baud rate = 9600
** VESSEL/TRIP/SEQ STN:  79001115
** LATITUDE XX XX.XX N:  47 00.00 N
** LONGITUDE XX XX.XX W:  47 49.00 W
** SOUNDING DEPTH (M):  0165
** PROBE TYPE: S1257
** CTD NUMBER: 075
** COMMENTS (14 CHAR): FC-13
** BOTTLES:  12
** LEVELS: 5,5,10,20,20,30,40,50,75,100,150,BTM
** STICKERS: 435545 - 435556
** VNET: Y
** DO2: N
# nquan = 22
# nvalues = 4127                        
# units = specified
# name 0 = scan: Scan Count
# name 1 = prDM: Pressure, Digiquartz [db]
# name 2 = t090C: Temperature [ITS-90, deg C]
# name 3 = t190C: Temperature, 2 [ITS-90, deg C]
# name 4 = c0S/m: Conductivity [S/m]
# name 5 = c1S/m: Conductivity, 2 [S/m]
# name 6 = sbeox0V: Oxygen raw, SBE 43 [V]
# name 7 = sbeox1V: Oxygen raw, SBE 43, 2 [V]
# name 8 = ph: pH
# name 9 = flECO-AFL: Fluorescence, WET Labs ECO-AFL/FL [mg/m^3]
# name 10 = wetCDOM: Fluorescence, WET Labs CDOM [mg/m^3]
# name 11 = par/sat/log: PAR/Logarithmic, Satlantic [umol photons/m^2/sec]
# name 12 = CStarAt0: Beam Attenuation, WET Labs C-Star [1/m]
# name 13 = CStarTr0: Beam Transmission, WET Labs C-Star [%]
# name 14 = sbeox0ML/L: Oxygen, SBE 43 [ml/l], WS = 2
# name 15 = sbeox1ML/L: Oxygen, SBE 43, 2 [ml/l], WS = 2
# name 16 = sal00: Salinity, Practical [PSU]
# name 17 = sal11: Salinity, Practical, 2 [PSU]
# name 18 = sigma-t00: Density [sigma-t, kg/m^3 ]
# name 19 = sigma-t11: Density, 2 [sigma-t, kg/m^3 ]
# name 20 = oxsatML/L: Oxygen Saturation, Weiss [ml/l]
# name 21 = flag: flag
# span 0 =        100,      44199       
# span 1 =      0.510,    161.180       
# span 2 =    -0.3448,     2.9673       
# span 3 =    -0.3593,     2.9667       
# span 4 =   2.719756,   2.964543       
# span 5 =   2.719589,   2.964797       
# span 6 =     2.3946,     2.7842       
# span 7 =     2.3690,     2.7493       
# span 8 =      8.048,      8.147       
# span 9 =    -0.0078,     1.3011       
# span 10 =     1.0954,     2.3982      
# span 11 = 1.0728e-01, 2.2209e+00      
# span 12 =     0.0545,     0.9823      
# span 13 =    78.2246,    98.6456      
# span 14 =     6.4758,     7.7918      
# span 15 =     7.0915,     8.3199      
# span 16 =    32.4933,    33.9042      
# span 17 =    32.5692,    33.8936      
# span 18 =    25.9487,    27.1601      
# span 19 =    25.9479,    27.1488      
# span 20 =    7.57421,    8.23673      
# span 21 = 0.0000e+00, 0.0000e+00      
# interval = scans: 3                   
# start_time = Dec 06 2019 21:49:21 [System UTC, header]
# bad_flag = -9.990e-29
*END*
[from data line 3293]
      25611     53.177     1.6366     2.1289   2.876598   2.919259     2.6715     2.6124      8.104     0.2706     1.6876 1.0790e-01     0.0917    97.7332     7.6119     7.8724    32.8287    32.8506    26.2582    26.2402    7.82213 0.0000e+00
      25614     53.124     1.6261     2.1173   2.873500   2.914769     2.6703     2.6124      8.104     0.2706     1.6876 1.0790e-01     0.0910    97.7506     7.6196     7.8919    32.8006    32.8068    26.2365    26.2060    7.82573 0.0000e+00
      25617     53.070     1.6055     2.0163   2.871338   2.904438     2.6711     2.6137      8.104     0.2657     1.6876 1.0790e-01     0.0913    97.7419     7.6350     7.9392    32.7949    32.7828    26.2333    26.1943    7.83020 0.0000e+00
      25620     53.013     1.5884     2.0029   2.869799   2.907970     2.6707     2.6145      8.104     0.2657     1.6876 1.0790e-01     0.0917    97.7332     7.6482     7.9615    32.7934    32.8407    26.2333    26.2417    7.83375 0.0000e+00
      25623     52.953     1.5636     2.0695   2.866621   2.915450     2.6699     2.6153      8.105     0.2657     1.6876 1.0790e-01     0.0910    97.7506     7.6626     7.9662    32.7792    32.8649    26.2236    26.2561    7.83952 0.0000e+00
      25626     52.892     1.5426     2.0995   2.866923   2.916298     2.6711     2.6169      8.105     0.3096     1.6876 1.0790e-01     0.0953    97.6463     7.6813     7.9842    32.8049    32.8444    26.2456    26.2374    7.84240 0.0000e+00
      25629     52.828     1.5383     2.1236   2.868382   2.918678     2.6719     2.6177      8.105     0.3048     1.6876 1.0790e-01     0.0981    97.5768     7.6928     7.9983    32.8279    32.8490    26.2644    26.2394    7.84207 0.0000e+00
      25632     52.764     1.5474     2.1345   2.870094   2.916646     2.6735     2.6194      8.105     0.3145     1.6876 1.0790e-01     0.0985    97.5681     7.7051     8.0164    32.8400    32.8126    26.2735    26.2094    7.83958 0.0000e+00
      25635     52.700     1.5574     2.0718   2.870690   2.909812     2.6756     2.6218      8.105     0.3097     1.6876 1.0790e-01     0.0985    97.5681     7.7187     8.0486    32.8371    32.7925    26.2705    26.1980    7.83770 0.0000e+00
      25638     52.632     1.5664     1.9943   2.871071   2.902864     2.6772     2.6238      8.106     0.3194     1.6876 1.0790e-01     0.0988    97.5594     7.7270     8.0819    32.8325    32.7863    26.2662    26.1987    7.83612 0.0000e+00
      25641     52.561     1.5698     1.9577   2.870958   2.901929     2.6784     2.6263      8.106     0.3145     1.7665 1.0790e-01     0.0985    97.5681     7.7344     8.1017    32.8276    32.8125    26.2620    26.2225    7.83569 0.0000e+00
      25644     52.488     1.5711     1.9457   2.871111   2.900759     2.6804     2.6279      8.109     0.3145     1.8060 1.0790e-01     0.0985    97.5681     7.7419     8.1109    32.8282    32.8104    26.2624    26.2216    7.83539 0.0000e+00
      25647     52.415     1.5778     1.9288   2.872376   2.898972     2.6817     2.6299      8.107     0.3145     1.8060 1.0790e-01     0.1318    96.7600     7.7420     8.1193    32.8372    32.8057    26.2692    26.2191    7.83356 0.0000e+00
      25650     52.339     1.5929     1.9128   2.874267   2.899258     2.6829     2.6316      8.109     0.3194     1.8060 1.0790e-01     0.1375    96.6209     7.7378     8.1213    32.8454    32.8259    26.2747    26.2365    7.83007 0.0000e+00
      25653     52.264     1.6092     1.9446   2.875545   2.903816     2.6833     2.6332      8.109     0.3341     1.8060 1.0790e-01     0.1372    96.6296     7.7294     8.1086    32.8445    32.8498    26.2728    26.2533    7.82682 0.0000e+00
      25656     52.186     1.6258     1.9882   2.875968   2.907031     2.6845     2.6344      8.109     0.3341     1.8060 1.0790e-01     0.1375    96.6209     7.7246     8.0903    32.8326    32.8447    26.2621    26.2460    7.82410 0.0000e+00
      25659     52.107     1.6304     1.9925   2.875780   2.905677     2.6849     2.6352      8.109     0.3341     1.8060 1.0790e-01     0.1379    96.6122     7.7206     8.0816    32.8254    32.8235    26.2561    26.2286    7.82356 0.0000e+00
      25662     52.024     1.6435     1.9941   2.878032   2.906037     2.6853     2.6377      8.109     0.3341     1.8060 1.0790e-01     0.1375    96.6209     7.7146     8.0805    32.8402    32.8264    26.2670    26.2309    7.82013 0.0000e+00
      25665     51.943     1.6541     1.9817   2.878841   2.901013     2.6874     2.6385      8.111     0.3341     1.7665 1.0790e-01     0.1325    96.7426     7.7147     8.0825    32.8394    32.7766    26.2656    26.1919    7.81804 0.0000e+00
      25668     51.859     1.6788     1.8917   2.884178   2.890178     2.6866     2.6397      8.114     0.3292     1.6876 1.0790e-01     0.1010    97.5073     7.7007     8.1046    32.8808    32.7345    26.2971    26.1647    7.81087 0.0000e+00
      25671     51.775     1.7253     1.8108   2.887907   2.887605     2.6882     2.6405      8.112     0.3292     1.6876 1.0790e-01     0.1003    97.5247     7.6944     8.1206    32.8791    32.7864    26.2925    26.2121    7.80159 0.0000e+00
      25674     51.689     1.7506     1.7759   2.889538   2.886736     2.6890     2.6417      8.113     0.3292     1.6876 1.0790e-01     0.1003    97.5247     7.6905     8.1309    32.8733    32.8117    26.2861    26.2349    7.79682 0.0000e+00
      25677     51.603     1.8121     1.7818   2.898900   2.889833     2.6890     2.6426      8.113     0.3438     1.6876 1.0790e-01     0.1006    97.5160     7.6721     8.1307    32.9267    32.8446    26.3244    26.2608    7.78168 0.0000e+00
      25680     51.516     1.8784     1.8692   2.905269   2.900795     2.6910     2.6434      8.113     0.3634     1.6876 1.0790e-01     0.1010    97.5073     7.6621     8.1110    32.9374    32.8909    26.3283    26.2917    7.76787 0.0000e+00
      25683     51.429     1.9493     2.0449   2.910789   2.918625     2.6914     2.6450      8.113     0.3683     1.6876 1.0790e-01     0.1003    97.5247     7.6478     8.0728    32.9325    32.9308    26.3192    26.3107    7.75398 0.0000e+00
      25686     51.341     2.0073     2.2648   2.913311   2.935190     2.6922     2.6462      8.115     0.3683     1.6876 1.0790e-01     0.1027    97.4638     7.6384     8.0226    32.9038    32.9086    26.2919    26.2762    7.74397 0.0000e+00
      25689     51.254     2.0803     2.3797   2.923636   2.940993     2.6914     2.6479      8.117     0.3634     1.6876 1.0790e-01     0.1052    97.4030     7.6150     7.9991    32.9565    32.8617    26.3286    26.2297    7.72675 0.0000e+00
      25692     51.172     2.1763     2.4420   2.929876   2.943782     2.6931     2.6487      8.117     0.3634     1.7271 1.0790e-01     0.1045    97.4204     7.6022     7.9781    32.9345    32.8319    26.3037    26.2009    7.70895 0.0000e+00
      25695     51.095     2.2233     2.4789   2.929182   2.944997     2.6939     2.6507      8.116     0.3585     1.8060 1.0790e-01     0.1049    97.4117     7.5984     7.9650    32.8772    32.8089    26.2543    26.1796    7.70267 0.0000e+00
      25698     51.030     2.2525     2.5002   2.931321   2.945591     2.6935     2.6515      8.116     0.3634     1.8060 1.0790e-01     0.1045    97.4204     7.5925     7.9481    32.8735    32.7944    26.2491    26.1663    7.69712 0.0000e+00
      25701     50.972     2.2773     2.5023   2.932272   2.945182     2.6947     2.6527      8.118     0.3634     1.8060 1.0790e-01     0.1045    97.4204     7.5936     7.9348    32.8597    32.7872    26.2361    26.1604    7.69297 0.0000e+00
      25704     50.915     2.2776     2.4991   2.930086   2.944659     2.6947     2.6540      8.118     0.3976     1.8060 1.0790e-01     0.1049    97.4117     7.5951     7.9232    32.8324    32.7841    26.2143    26.1582    7.69433 0.0000e+00
      25707     50.860     2.2611     2.4780   2.924184   2.942395     2.6967     2.6548      8.121     0.4171     1.8060 1.0790e-01     0.1103    97.2813     7.6079     7.9123    32.7764    32.7780    26.1707    26.1550    7.70046 0.0000e+00
      25710     50.804     2.2275     2.4382   2.924635   2.939559     2.6967     2.6540      8.121     0.4220     1.8060 1.0790e-01     0.1127    97.2205     7.6118     7.9009    32.8166    32.7840    26.2055    26.1629    7.70497 0.0000e+00
      25713     50.748     2.2761     2.4171   2.934635   2.938186     2.6967     2.6540      8.121     0.4171     1.8060 1.0790e-01     0.1127    97.2205     7.5966     7.8915    32.8903    32.7887    26.2607    26.1684    7.69162 0.0000e+00
      25716     50.694     2.3231     2.3874   2.934825   2.935713     2.6992     2.6527      8.121     0.4220     1.8060 1.0790e-01     0.1127    97.2205     7.5941     7.8796    32.8442    32.7888    26.2202    26.1708    7.68480 0.0000e+00
      25719     50.643     2.3264     2.3795   2.932165   2.937297     2.7000     2.6531      8.121     0.4220     1.6876 1.0790e-01     0.1131    97.2118     7.5962     7.8698    32.8079    32.8166    26.1909    26.1936    7.68602 0.0000e+00
      25722     50.593     2.3078     2.4339   2.929370   2.940227     2.7008     2.6527      8.121     0.4171     1.6876 1.0790e-01     0.1131    97.2118     7.6019     7.8516    32.7925    32.7968    26.1800    26.1735    7.69045 0.0000e+00
      25725     50.545     2.2763     2.4292   2.927811   2.938772     2.7012     2.6527      8.121     0.4220     1.6876 1.0790e-01     0.1131    97.2118     7.6062     7.8492    32.8057    32.7836    26.1930    26.1634    7.69595 0.0000e+00
      25728     50.498     2.2437     2.4079   2.924919   2.938015     2.7016     2.6531      8.121     0.4171     1.6876 1.0790e-01     0.1103    97.2813     7.6113     7.8527    32.8036    32.7962    26.1938    26.1751    7.70247 0.0000e+00
      25731     50.449     2.2327     2.4398   2.926255   2.939672     2.7008     2.6527      8.121     0.4904     1.6876 1.0790e-01     0.1099    97.2900     7.6051     7.8462    32.8316    32.7839    26.2171    26.1628    7.70318 0.0000e+00
      25734     50.400     2.2464     2.4244   2.929439   2.937141     2.7008     2.6531      8.121     0.4953     1.6876 1.0790e-01     0.1103    97.2813     7.5981     7.8528    32.8569    32.7685    26.2363    26.1517    7.69918 0.0000e+00
      25737     50.358     2.2734     2.4010   2.932271   2.936163     2.7024     2.6531      8.121     0.5002     1.6876 1.0790e-01     0.1099    97.2900     7.5934     7.8566    32.8641    32.7806    26.2399    26.1632    7.69351 0.0000e+00
      25740     50.318     2.2972     2.3790   2.933964   2.933853     2.7020     2.6527      8.121     0.5002     1.6876 1.0790e-01     0.1099    97.2900     7.5850     7.8590    32.8605    32.7748    26.2352    26.1602    7.68903 0.0000e+00
      25743     50.278     2.3159     2.3735   2.933645   2.933942     2.7028     2.6527      8.121     0.4904     1.6876 1.0790e-01     0.1099    97.2900     7.5848     7.8572    32.8372    32.7815    26.2152    26.1661    7.68656 0.0000e+00
      25746     50.246     2.3186     2.4102   2.933010   2.937409     2.7037     2.6536      8.121     0.4855     1.6876 1.0790e-01     0.1099    97.2900     7.5880     7.8509    32.8266    32.7866    26.2064    26.1673    7.68658 0.0000e+00
      25749     50.209     2.3221     2.3775   2.932847   2.934522     2.7032     2.6527      8.121     0.4904     1.6876 1.0790e-01     0.1099    97.2900     7.5878     7.8559    32.8210    32.7846    26.2017    26.1683    7.68618 0.0000e+00
      25752     50.173     2.3218     2.3494   2.930137   2.933525     2.7037     2.6527      8.121     0.4953     1.6876 1.0790e-01     0.1099    97.2900     7.5920     7.8638    32.7878    32.8012    26.1752    26.1837    7.68796 0.0000e+00
      25755     50.142     2.3071     2.3608   2.927204   2.935098     2.7037     2.6519      8.121     0.4953     1.6876 1.0790e-01     0.1099    97.2900     7.5957     7.8612    32.7667    32.8090    26.1594    26.1891    7.69192 0.0000e+00
      25758     50.113     2.2626     2.3951   2.915407   2.937413     2.7041     2.6519      8.121     0.5099     1.6876 1.0790e-01     0.1099    97.2900     7.6111     7.8580    32.6666    32.8023    26.0828    26.1809    7.70585 0.0000e+00
      25761     50.085     2.1482     2.4268   2.907445   2.939085     2.7049     2.6515      8.121     0.5099     1.6876 1.0790e-01     0.1099    97.2900     7.6361     7.8565    32.6856    32.7903    26.1067    26.1689    7.72741 0.0000e+00
      25764     50.055     2.0706     2.4443   2.905757   2.940398     2.7053     2.6515      8.122     0.5099     1.6481 1.0790e-01     0.1099    97.2900     7.6471     7.8591    32.7448    32.7884    26.1599    26.1660    7.73970 0.0000e+00
      25767     50.022     2.0310     2.4451   2.906807   2.940809     2.7061     2.6515      8.122     0.5099     1.6876 1.0790e-01     0.1099    97.2900     7.6497     7.8642    32.7988    32.7927    26.2060    26.1694    7.74473 0.0000e+00
      25770     49.996     2.0140     2.4557   2.906563   2.941973     2.7057     2.6519      8.120     0.5148     1.6876 1.0790e-01     0.1099    97.2900     7.6454     7.8704    32.8134    32.7962    26.2190    26.1713    7.74734 0.0000e+00
      25773     49.971     2.0027     2.4921   2.905457   2.944185     2.7065     2.6527      8.122     0.5050     1.6876 1.0790e-01     0.1099    97.2900     7.6461     7.8741    32.8113    32.7860    26.2182    26.1602    7.74970 0.0000e+00
      25776     49.950     1.9887     2.5142   2.903592   2.945485     2.7065     2.6531      8.120     0.5050     1.6876 1.0790e-01     0.1099    97.2900     7.6467     7.8764    32.8026    32.7793    26.2122    26.1532    7.75293 0.0000e+00
      25813     49.914     2.0585     2.4383   2.910391   2.939625     2.7069     2.6581      8.122     0.5246     1.7271 1.0790e-01     0.1138    97.1944     7.6242     7.9292    32.8150    32.7851    26.2169    26.1638    7.73851 0.0000e+00
      25879     49.877     2.2346     2.3120   2.925565   2.931108     2.7065     2.6662      8.126     0.5539     1.8060 1.0790e-01     0.1217    97.0033     7.5835     8.0125    32.8214    32.8101    26.2088    26.1937    7.70334 0.0000e+00
      25882     49.837     2.2509     2.3381   2.926228   2.932867     2.7065     2.6666      8.126     0.5587     1.8060 1.0790e-01     0.1224    96.9859     7.5820     8.0137    32.8128    32.8049    26.2006    26.1875    7.70058 0.0000e+00
      25885     49.799     2.2575     2.3699   2.925640   2.935851     2.7073     2.6670      8.126     0.5588     1.8060 1.0790e-01     0.1217    97.0033     7.5855     8.0131    32.7988    32.8090    26.1889    26.1884    7.70001 0.0000e+00
      25888     49.759     2.2580     2.3867   2.925526   2.936738     2.7073     2.6682      8.126     0.6369     1.8060 1.0790e-01     0.1199    97.0467     7.5864     8.0168    32.7968    32.8027    26.1873    26.1820    7.70001 0.0000e+00
      25891     49.723     2.2593     2.3871   2.925820   2.936860     2.7073     2.6686      8.126     0.6418     1.8060 1.0790e-01     0.1163    97.1336     7.5865     8.0209    32.7991    32.8038    26.1891    26.1828    7.69964 0.0000e+00
      25894     49.688     2.2642     2.3963   2.926610   2.937580     2.7077     2.6702      8.126     0.6515     1.8060 1.0790e-01     0.1163    97.1336     7.5866     8.0293    32.8038    32.8033    26.1924    26.1817    7.69843 0.0000e+00
      25897     49.656     2.2770     2.4027   2.927592   2.937979     2.7077     2.6711      8.126     0.6515     1.8060 1.0790e-01     0.1163    97.1336     7.5861     8.0358    32.8028    32.8016    26.1907    26.1799    7.69597 0.0000e+00
      26088     49.621     2.3755     2.4596   2.934729   2.941326     2.7154     2.6813      8.127     0.6711     1.7271 1.0790e-01     0.1185    97.0815     7.5946     8.0306    32.7895    32.7844    26.1723    26.1615    7.67741 0.0000e+00
