Datasets/AZMP/COO001/79001022.cnv
* Sea-Bird SBE 9 Data File:
* FileName = C:\CTDDATA\79001022.hex
* Software Version Seasave V 7.26.7.110
* Temperature SN = 5660
* Conductivity SN = 3698
* Number of Bytes Per Scan = 30
* Number of Voltage Words = 4
* Number of Scans Averaged by the Deck Unit = 1
* NMEA baud rate = 9600
** VESSEL/TRIP/SEQ STN:  79001022
** LATITUDE XX XX.XX N:  46 30.00 N
** LONGITUDE XX XX.XX W:  52 51.00 W
** SOUNDING DEPTH (M):  0184
** PROBE TYPE (S1221): S1257
** CTD NUMBER: 022
** COMMENTS (14 CHAR):  SEGB-02
** BOTTLES:  12
** LEVELS: 5,5,10,20,20,30,40,50,75,100,150,BTM
** STICKERS: 434701 - 434712
** VNET: Y
** DO2: N
# nquan = 22
# nvalues = 5583                        
# units = specified
# name 0 = scan: Scan Count
# name 1 = prDM: Pressure, Digiquartz [db]
# name 2 = t090C: Temperature [ITS-90, deg C]
# name 3 = t190C: Temperature, 2 [ITS-90, deg C]
# name 4 = c0S/m: Conductivity [S/m]
# name 5 = c1S/m: Conductivity, 2 [S/m]
# name 6 = sbeox0V: Oxygen raw, SBE 43 [V]
# name 7 = sbeox1V: Oxygen raw, SBE 43, 2 [V]
# name 8 = ph: pH
# name 9 = flECO-AFL: Fluorescence, WET Labs ECO-AFL/FL [mg/m^3]
# name 10 = wetCDOM: Fluorescence, WET Labs CDOM [mg/m^3]
# name 11 = par/sat/log: PAR/Logarithmic, Satlantic [umol photons/m^2/sec]
# name 12 = CStarAt0: Beam Attenuation, WET Labs C-Star [1/m]
# name 13 = CStarTr0: Beam Transmission, WET Labs C-Star [%]
# name 14 = sbeox0ML/L: Oxygen, SBE 43 [ml/l], WS = 2
# name 15 = sbeox1ML/L: Oxygen, SBE 43, 2 [ml/l], WS = 2
# name 16 = sal00: Salinity, Practical [PSU]
# name 17 = sal11: Salinity, Practical, 2 [PSU]
# name 18 = sigma-t00: Density [sigma-t, kg/m^3 ]
# name 19 = sigma-t11: Density, 2 [sigma-t, kg/m^3 ]
# name 20 = oxsatML/L: Oxygen Saturation, Weiss [ml/l]
# name 21 = flag: flag
# span 0 =        106,      46197       
# span 1 =      0.455,    175.520       
# span 2 =    -0.9016,     4.9109       
# span 3 =    -0.9033,     4.9097       
# span 4 =   2.662552,   3.049706       
# span 5 =   2.662573,   3.049800       
# span 6 =     2.6500,     2.9459       
# span 7 =     2.4776,     2.7479       
# span 8 =      8.015,      8.149       
# span 9 =     0.0215,     0.8762       
# span 10 =    -1.7471,     3.1089      
# span 11 = 1.0777e-01, 1.4179e+02      
# span 12 =     0.0704,     2.3438      
# span 13 =    55.6573,    98.2546      
# span 14 =     7.3990,     8.3990      
# span 15 =     6.1707,     7.0179      
# span 16 =    31.6649,    32.6680      
# span 17 =    31.6699,    32.6693      
# span 18 =    25.0417,    26.2602      
# span 19 =    25.0462,    26.2613      
# span 20 =    7.26196,    8.37494      
# span 21 = 0.0000e+00, 0.0000e+00      
# interval = scans: 3                   
# start_time = Nov 23 2019 12:21:38 [System UTC, header]
# bad_flag = -9.990e-29
*END*
[from data line 1252]
       4544     77.698     1.3510     1.3577   2.814632   2.815116     2.7766     2.6178      8.096     0.1241     1.9640 1.0790e-01     0.0836    97.9331     8.0863     6.8354    32.3288    32.3280    25.8762    25.8751    7.90688 0.0000e+00
       4547     77.738     1.3503     1.3536   2.814602   2.814968     2.7758     2.6178      8.096     0.1339     1.9245 1.0790e-01     0.0818    97.9765     8.0834     6.8341    32.3291    32.3303    25.8764    25.8772    7.90700 0.0000e+00
       4550     77.775     1.3494     1.3547   2.814579   2.815176     2.7766     2.6178      8.096     0.1290     1.9245 1.0790e-01     0.0814    97.9852     8.0856     6.8318    32.3297    32.3317    25.8770    25.8783    7.90716 0.0000e+00
       4553     77.811     1.3500     1.3589   2.814747   2.815435     2.7762     2.6178      8.096     0.1290     1.9245 1.0790e-01     0.0814    97.9852     8.0838     6.8294    32.3311    32.3307    25.8781    25.8772    7.90695 0.0000e+00
       4556     77.843     1.3528     1.3622   2.814940   2.815567     2.7766     2.6178      8.096     0.1339     1.9245 1.0790e-01     0.0818    97.9765     8.0845     6.8266    32.3307    32.3289    25.8776    25.8756    7.90640 0.0000e+00
       4559     77.873     1.3536     1.3608   2.814818   2.815361     2.7762     2.6178      8.096     0.1339     1.9245 1.0790e-01     0.0814    97.9852     8.0846     6.8267    32.3283    32.3277    25.8756    25.8747    7.90637 0.0000e+00
       4562     77.901     1.3521     1.3565   2.814717   2.815198     2.7766     2.6178      8.096     0.1290     1.9245 1.0790e-01     0.0818    97.9765     8.0858     6.8272    32.3286    32.3301    25.8760    25.8769    7.90667 0.0000e+00
       4565     77.926     1.3513     1.3538   2.814953   2.815082     2.7766     2.6170      8.096     0.1339     1.9245 1.0790e-01     0.0825    97.9591     8.0859     6.8233    32.3324    32.3314    25.8791    25.8781    7.90663 0.0000e+00
       4568     77.951     1.3560     1.3561   2.816071   2.815286     2.7766     2.6174      8.096     0.1290     1.9245 1.0790e-01     0.0832    97.9418     8.0835     6.8220    32.3417    32.3316    25.8862    25.8781    7.90517 0.0000e+00
       4571     77.973     1.3625     1.3587   2.816825   2.815373     2.7758     2.6166      8.096     0.1143     1.9245 1.0790e-01     0.0832    97.9418     8.0790     6.8175    32.3445    32.3300    25.8881    25.8767    7.90368 0.0000e+00
       4574     77.997     1.3752     1.3586   2.817350   2.815343     2.7766     2.6166      8.094     0.1143     1.9245 1.0790e-01     0.0832    97.9418     8.0773     6.8167    32.3380    32.3298    25.8821    25.8765    7.90142 0.0000e+00
       4577     78.021     1.3834     1.3576   2.817601   2.815296     2.7758     2.6166      8.096     0.1192     1.9245 1.0790e-01     0.0832    97.9418     8.0724     6.8167    32.3327    32.3301    25.8773    25.8769    7.90002 0.0000e+00
       4580     78.044     1.3879     1.3574   2.818158   2.815273     2.7766     2.6162      8.096     0.1192     1.9245 1.0790e-01     0.0832    97.9418     8.0732     6.8159    32.3351    32.3300    25.8789    25.8768    7.89896 0.0000e+00
       4583     78.065     1.3930     1.3574   2.818153   2.815300     2.7766     2.6166      8.096     0.1143     1.9245 1.0790e-01     0.0832    97.9418     8.0722     6.8182    32.3297    32.3304    25.8742    25.8771    7.89820 0.0000e+00
       4589     78.106     1.3995     1.3581   2.818777   2.815355     2.7762     2.6154      8.096     0.1143     1.9245 1.0790e-01     0.0811    97.9939     8.0673     6.8141    32.3310    32.3303    25.8748    25.8770    7.89681 0.0000e+00
       4592     78.132     1.4025     1.3582   2.818667   2.815313     2.7762     2.6154      8.096     0.1143     1.9245 1.0790e-01     0.0811    97.9939     8.0661     6.8143    32.3264    32.3297    25.8710    25.8765    7.89643 0.0000e+00
       4595     78.160     1.4024     1.3551   2.818771   2.815098     2.7758     2.6154      8.096     0.1045     1.8850 1.0790e-01     0.0811    97.9939     8.0651     6.8149    32.3278    32.3301    25.8721    25.8770    7.89638 0.0000e+00
       4598     78.189     1.4030     1.3541   2.818846   2.815026     2.7754     2.6154      8.096     0.0996     1.8060 1.0790e-01     0.0814    97.9852     8.0615     6.8148    32.3281    32.3302    25.8723    25.8771    7.89624 0.0000e+00
       4601     78.220     1.4041     1.3521   2.818706   2.814940     2.7758     2.6154      8.096     0.0996     1.8060 1.0790e-01     0.0811    97.9939     8.0624     6.8152    32.3252    32.3312    25.8699    25.8781    7.89617 0.0000e+00
       4604     78.259     1.4046     1.3560   2.818587   2.815406     2.7754     2.6154      8.096     0.1045     1.8060 1.0790e-01     0.0814    97.9852     8.0598     6.8139    32.3232    32.3331    25.8682    25.8793    7.89618 0.0000e+00
       4607     78.301     1.3952     1.3604   2.816508   2.815435     2.7754     2.6154      8.096     0.0996     1.8060 1.0790e-01     0.0821    97.9678     8.0635     6.8141    32.3066    32.3289    25.8555    25.8756    7.89899 0.0000e+00
       4610     78.349     1.3772     1.3551   2.815260   2.815106     2.7750     2.6142      8.096     0.0996     1.8060 1.0790e-01     0.0821    97.9678     8.0664     6.8132    32.3092    32.3302    25.8588    25.8771    7.90253 0.0000e+00
       4613     78.402     1.3669     1.3532   2.814999   2.815208     2.7750     2.6146      8.096     0.1045     1.8060 1.0790e-01     0.0821    97.9678     8.0692     6.8164    32.3165    32.3333    25.8653    25.8797    7.90426 0.0000e+00
       4616     78.461     1.3598     1.3664   2.814785   2.816499     2.7750     2.6142      8.096     0.0996     1.8060 1.0790e-01     0.0821    97.9678     8.0710     6.8132    32.3211    32.3361    25.8695    25.8811    7.90547 0.0000e+00
       4619     78.524     1.3557     1.3627   2.814702   2.815374     2.7750     2.6142      8.096     0.1045     1.8060 1.0790e-01     0.0821    97.9678     8.0727     6.8143    32.3243    32.3256    25.8723    25.8728    7.90614 0.0000e+00
       4622     78.593     1.3532     1.3554   2.814655   2.814993     2.7741     2.6142      8.094     0.0996     1.8850 1.0790e-01     0.0821    97.9678     8.0707     6.8165    32.3262    32.3283    25.8740    25.8755    7.90656 0.0000e+00
       4625     78.667     1.3521     1.3536   2.814698   2.814948     2.7745     2.6138      8.094     0.1094     1.9245 1.0790e-01     0.0828    97.9505     8.0729     6.8171    32.3279    32.3295    25.8754    25.8766    7.90670 0.0000e+00
       4628     78.745     1.3517     1.3516   2.814721   2.814819     2.7741     2.6138      8.096     0.0996     1.9245 1.0790e-01     0.0843    97.9157     8.0718     6.8179    32.3285    32.3299    25.8759    25.8770    7.90674 0.0000e+00
       4631     78.829     1.3510     1.3509   2.814550   2.814792     2.7745     2.6142      8.094     0.0996     1.9245 1.0790e-01     0.0843    97.9157     8.0752     6.8211    32.3270    32.3302    25.8748    25.8773    7.90696 0.0000e+00
       4634     78.918     1.3492     1.3499   2.814456   2.814730     2.7741     2.6138      8.093     0.0996     1.9245 1.0790e-01     0.0843    97.9157     8.0737     6.8214    32.3277    32.3304    25.8754    25.8775    7.90730 0.0000e+00
       4637     79.012     1.3493     1.3488   2.814596   2.814691     2.7750     2.6142      8.093     0.1045     1.9245 1.0790e-01     0.0843    97.9157     8.0780     6.8220    32.3293    32.3310    25.8767    25.8781    7.90719 0.0000e+00
       4640     79.115     1.3493     1.3489   2.814576   2.814724     2.7741     2.6142      8.094     0.0996     1.9245 1.0790e-01     0.0843    97.9157     8.0748     6.8220    32.3290    32.3312    25.8764    25.8783    7.90721 0.0000e+00
       4643     79.223     1.3483     1.3484   2.814380   2.814644     2.7741     2.6134      8.093     0.1094     1.9245 1.0790e-01     0.0843    97.9157     8.0770     6.8191    32.3274    32.3308    25.8753    25.8779    7.90749 0.0000e+00
       4646     79.333     1.3467     1.3473   2.814290   2.814572     2.7741     2.6138      8.093     0.1045     1.9245 1.0790e-01     0.0853    97.8896     8.0769     6.8222    32.3279    32.3309    25.8758    25.8781    7.90781 0.0000e+00
       4649     79.449     1.3466     1.3471   2.814418   2.814601     2.7741     2.6138      8.094     0.1143     1.9245 1.0790e-01     0.0853    97.8896     8.0771     6.8230    32.3297    32.3314    25.8771    25.8785    7.90774 0.0000e+00
       4652     79.568     1.3464     1.3474   2.814309   2.814586     2.7737     2.6130      8.091     0.1192     1.9245 1.0790e-01     0.0853    97.8896     8.0754     6.8199    32.3284    32.3308    25.8761    25.8780    7.90785 0.0000e+00
       4655     79.690     1.3448     1.3469   2.814157   2.814616     2.7741     2.6138      8.091     0.1143     1.9245 1.0790e-01     0.0853    97.8896     8.0777     6.8242    32.3281    32.3316    25.8760    25.8788    7.90819 0.0000e+00
       4658     79.814     1.3437     1.3478   2.814138   2.814636     2.7737     2.6134      8.091     0.1192     1.9245 1.0790e-01     0.0850    97.8983     8.0767     6.8239    32.3289    32.3309    25.8767    25.8781    7.90838 0.0000e+00
       4661     79.936     1.3435     1.3481   2.814188   2.814722     2.7741     2.6130      8.093     0.1143     1.9245 1.0790e-01     0.0853    97.8896     8.0791     6.8221    32.3296    32.3316    25.8773    25.8787    7.90837 0.0000e+00
       4664     80.064     1.3434     1.3498   2.814127   2.814857     2.7737     2.6130      8.091     0.1192     1.9245 1.0790e-01     0.0853    97.8896     8.0786     6.8230    32.3288    32.3315    25.8767    25.8784    7.90843 0.0000e+00
       4667     80.191     1.3425     1.3503   2.814044   2.814796     2.7741     2.6130      8.093     0.1192     1.9245 1.0790e-01     0.0846    97.9070     8.0808     6.8241    32.3286    32.3301    25.8766    25.8773    7.90862 0.0000e+00
       4670     80.311     1.3416     1.3478   2.814044   2.814622     2.7733     2.6142      8.091     0.1241     1.9245 1.0790e-01     0.0843    97.9157     8.0786     6.8284    32.3296    32.3305    25.8774    25.8777    7.90877 0.0000e+00
       4673     80.430     1.3425     1.3457   2.814298   2.814406     2.7741     2.6130      8.091     0.1143     1.9245 1.0790e-01     0.0839    97.9244     8.0818     6.8256    32.3317    32.3299    25.8791    25.8774    7.90846 0.0000e+00
       4676     80.547     1.3446     1.3427   2.814491   2.814284     2.7733     2.6134      8.091     0.0996     1.9245 1.0790e-01     0.0843    97.9157     8.0785     6.8271    32.3320    32.3313    25.8792    25.8787    7.90802 0.0000e+00
       4679     80.664     1.3456     1.3424   2.814387   2.814185     2.7741     2.6142      8.091     0.0996     1.9245 1.0790e-01     0.0843    97.9157     8.0821     6.8293    32.3296    32.3303    25.8771    25.8779    7.90794 0.0000e+00
       4682     80.779     1.3444     1.3387   2.814031   2.813864     2.7733     2.6130      8.091     0.0996     1.9245 1.0790e-01     0.0839    97.9244     8.0798     6.8265    32.3262    32.3300    25.8745    25.8779    7.90836 0.0000e+00
       4685     80.890     1.3412     1.3363   2.813805   2.813870     2.7741     2.6130      8.091     0.1045     1.9245 1.0790e-01     0.0843    97.9157     8.0844     6.8266    32.3266    32.3325    25.8751    25.8801    7.90901 0.0000e+00
       4688     80.997     1.3405     1.3384   2.814087   2.814052     2.7733     2.6134      8.093     0.0996     1.9245 1.0790e-01     0.0843    97.9157     8.0823     6.8266    32.3308    32.3325    25.8784    25.8800    7.90892 0.0000e+00
       4691     81.097     1.3414     1.3385   2.814141   2.814037     2.7741     2.6134      8.091     0.1045     1.9245 1.0790e-01     0.0843    97.9157     8.0858     6.8258    32.3305    32.3322    25.8782    25.8797    7.90875 0.0000e+00
       4694     81.191     1.3420     1.3409   2.814195   2.814291     2.7737     2.6130      8.091     0.1045     1.9245 1.0790e-01     0.0843    97.9157     8.0847     6.8240    32.3306    32.3329    25.8782    25.8801    7.90863 0.0000e+00
       4697     81.278     1.3417     1.3423   2.813992   2.814308     2.7737     2.6130      8.091     0.1045     1.9245 1.0790e-01     0.0843    97.9157     8.0852     6.8248    32.3283    32.3316    25.8764    25.8790    7.90882 0.0000e+00
       4700     81.361     1.3390     1.3424   2.813729   2.814290     2.7737     2.6130      8.091     0.1045     1.9245 1.0790e-01     0.0843    97.9157     8.0860     6.8231    32.3276    32.3312    25.8760    25.8787    7.90940 0.0000e+00
       4703     81.438     1.3391     1.3426   2.814076   2.814375     2.7741     2.6130      8.091     0.1143     1.9245 1.0790e-01     0.0843    97.9157     8.0873     6.8223    32.3319    32.3320    25.8794    25.8793    7.90915 0.0000e+00
       4706     81.506     1.3399     1.3432   2.814057   2.814408     2.7737     2.6130      8.091     0.1192     1.9245 1.0790e-01     0.0839    97.9244     8.0861     6.8230    32.3308    32.3319    25.8785    25.8792    7.90905 0.0000e+00
       4709     81.569     1.3400     1.3420   2.814002   2.814206     2.7741     2.6130      8.091     0.1192     1.9245 1.0790e-01     0.0832    97.9418     8.0872     6.8228    32.3300    32.3305    25.8779    25.8781    7.90908 0.0000e+00
       4712     81.625     1.3408     1.3394   2.814090   2.814086     2.7741     2.6130      8.091     0.1143     1.9245 1.0790e-01     0.0832    97.9418     8.0878     6.8233    32.3302    32.3317    25.8780    25.8792    7.90890 0.0000e+00
       4715     81.676     1.3429     1.3383   2.814306   2.814034     2.7741     2.6130      8.091     0.1192     1.9245 1.0790e-01     0.0832    97.9418     8.0869     6.8244    32.3307    32.3321    25.8783    25.8796    7.90844 0.0000e+00
       4718     81.724     1.3442     1.3389   2.814392   2.814091     2.7741     2.6130      8.091     0.1143     1.9245 1.0790e-01     0.0832    97.9418     8.0876     6.8247    32.3305    32.3322    25.8780    25.8797    7.90818 0.0000e+00
       4721     81.765     1.3458     1.3374   2.814547   2.813893     2.7741     2.6130      8.091     0.1143     1.9245 1.0790e-01     0.0832    97.9418     8.0868     6.8258    32.3308    32.3312    25.8781    25.8790    7.90784 0.0000e+00
       4724     81.799     1.3468     1.3321   2.814721   2.813638     2.7741     2.6121      8.091     0.1192     1.9245 1.0790e-01     0.0832    97.9418     8.0864     6.8227    32.3320    32.3333    25.8790    25.8811    7.90757 0.0000e+00
       4727     81.830     1.3490     1.3315   2.814992   2.813732     2.7741     2.6121      8.091     0.1241     1.9245 1.0790e-01     0.0825    97.9592     8.0851     6.8212    32.3330    32.3352    25.8797    25.8826    7.90705 0.0000e+00
       4746     81.923     1.3542     1.3398   2.815320   2.814241     2.7745     2.6117      8.091     0.1339     1.8850 1.0790e-01     0.0818    97.9765     8.0864     6.8166    32.3318    32.3330    25.8784    25.8803    7.90606 0.0000e+00
       4781     82.082     1.3635     1.3468   2.816096   2.814634     2.7754     2.6097      8.091     0.1290     1.8060 1.0790e-01     0.0832    97.9418     8.0868     6.8091    32.3319    32.3307    25.8779    25.8780    7.90413 0.0000e+00
       4784     82.108     1.3669     1.3484   2.816097   2.814843     2.7754     2.6097      8.091     0.1290     1.8060 1.0790e-01     0.0832    97.9418     8.0845     6.8096    32.3284    32.3317    25.8749    25.8787    7.90363 0.0000e+00
