Datasets/AZMP/COO001/79001116.cnv
* Sea-Bird SBE 9 Data File:
* FileName = C:\CTDDATA\79001116.hex
* Software Version Seasave V 7.26.7.110
* Temperature SN = 5660
* Conductivity SN = 3698
* Number of Bytes Per Scan = 30
* Number of Voltage Words = 4
* Number of Scans Averaged by the Deck Unit = 1
* NMEA baud rate = 9600
** VESSEL/TRIP/SEQ STN:  79001116
** LATITUDE XX XX.XX N:  47 00.00 N
** LONGITUDE XX XX.XX W:  48 07.00 W
** SOUNDING DEPTH (M):  0135
** PROBE TYPE: S1257
** CTD NUMBER: 076
** COMMENTS (14 CHAR): FC-12
** BOTTLES:  19
** LEVELS: 5,5,5,5,10,20,20,20,20,30,40,50,50,50,75,100,100,100,BTM
** STICKERS: 435557 - 435575
** VNET: Y
** DO2: N
# nquan = 22
# nvalues = 3873                        
# units = specified
# name 0 = scan: Scan Count
# name 1 = prDM: Pressure, Digiquartz [db]
# name 2 = t090C: Temperature [ITS-90, deg C]
# name 3 = t190C: Temperature, 2 [ITS-90, deg C]
# name 4 = c0S/m: Conductivity [S/m]
# name 5 = c1S/m: Conductivity, 2 [S/m]
# name 6 = sbeox0V: Oxygen raw, SBE 43 [V]
# name 7 = sbeox1V: Oxygen raw, SBE 43, 2 [V]
# name 8 = ph: pH
# name 9 = flECO-AFL: Fluorescence, WET Labs ECO-AFL/FL [mg/m^3]
# name 10 = wetCDOM: Fluorescence, WET Labs CDOM [mg/m^3]
# name 11 = par/sat/log: PAR/Logarithmic, Satlantic [umol photons/m^2/sec]
# name 12 = CStarAt0: Beam Attenuation, WET Labs C-Star [1/m]
# name 13 = CStarTr0: Beam Transmission, WET Labs C-Star [%]
# name 14 = sbeox0ML/L: Oxygen, SBE 43 [ml/l], WS = 2
# name 15 = sbeox1ML/L: Oxygen, SBE 43, 2 [ml/l], WS = 2
# name 16 = sal00: Salinity, Practical [PSU]
# name 17 = sal11: Salinity, Practical, 2 [PSU]
# name 18 = sigma-t00: Density [sigma-t, kg/m^3 ]
# name 19 = sigma-t11: Density, 2 [sigma-t, kg/m^3 ]
# name 20 = oxsatML/L: Oxygen Saturation, Weiss [ml/l]
# name 21 = flag: flag
# span 0 =         23,      51594       
# span 1 =      1.107,    130.555       
# span 2 =    -0.7244,     3.6295       
# span 3 =    -0.7280,     3.6467       
# span 4 =   2.692392,   3.005613       
# span 5 =   2.692745,   3.006970       
# span 6 =     2.3958,     2.7763       
# span 7 =     2.3683,     2.7485       
# span 8 =      8.032,      8.154       
# span 9 =     0.0117,     1.0325       
# span 10 =    -0.7206,     2.0429      
# span 11 = 1.0703e-01, 1.0720e+00      
# span 12 =     0.0535,     0.1282      
# span 13 =    96.8469,    98.6717      
# span 14 =     6.3167,     8.0067      
# span 15 =     7.3065,     8.1877      
# span 16 =    32.3956,    33.4187      
# span 17 =    32.3986,    33.3995      
# span 18 =    25.7523,    26.8356      
# span 19 =    25.7516,    26.8204      
# span 20 =    7.45800,    8.31902      
# span 21 = 0.0000e+00, 0.0000e+00      
# interval = scans: 3                   
# start_time = Dec 07 2019 00:21:46 [System UTC, header]
# bad_flag = -9.990e-29
*END*
[from data line 2503]
      19484     75.798     0.1087     0.0564   2.772537   2.765276     2.4917     2.4657      8.081     0.0557     1.8060 1.0790e-01     0.0570    98.5848     7.2936     7.6688    33.0984    33.0592    26.5659    26.5368    8.12669 0.0000e+00
      19487     75.766     0.1124     0.0391   2.773002   2.764694     2.4925     2.4653      8.079     0.0508     1.8060 1.0790e-01     0.0570    98.5848     7.2988     7.6666    33.1004    33.0702    26.5674    26.5466    8.12577 0.0000e+00
      19490     75.730     0.1157     0.0254   2.773131   2.764630     2.4925     2.4648      8.078     0.0557     1.8060 1.0790e-01     0.0567    98.5935     7.2997     7.6677    33.0986    33.0842    26.5657    26.5585    8.12516 0.0000e+00
      19493     75.691     0.1179     0.0333   2.773181   2.765159     2.4934     2.4644      8.078     0.0557     1.9245 1.0790e-01     0.0570    98.5848     7.3035     7.6656    33.0969    33.0826    26.5642    26.5569    8.12478 0.0000e+00
      19496     75.650     0.1181     0.0421   2.772902   2.765550     2.4925     2.4644      8.078     0.0557     1.9245 1.0790e-01     0.0567    98.5935     7.3014     7.6662    33.0931    33.0783    26.5612    26.5529    8.12496 0.0000e+00
      19499     75.612     0.1152     0.0438   2.772348   2.765519     2.4917     2.4648      8.078     0.0557     1.9245 1.0790e-01     0.0577    98.5674     7.2981     7.6687    33.0889    33.0762    26.5579    26.5511    8.12581 0.0000e+00
      19502     75.569     0.1121     0.0455   2.772307   2.765868     2.4917     2.4644      8.079     0.0557     1.9245 1.0790e-01     0.0570    98.5848     7.2986     7.6688    33.0918    33.0790    26.5604    26.5533    8.12633 0.0000e+00
      19505     75.522     0.1111     0.0483   2.772586   2.766269     2.4913     2.4644      8.078     0.0557     1.9245 1.0790e-01     0.0570    98.5848     7.2962     7.6715    33.0965    33.0812    26.5643    26.5550    8.12627 0.0000e+00
      19508     75.474     0.1126     0.0486   2.773071   2.765579     2.4921     2.4636      8.076     0.0899     1.9245 1.0790e-01     0.0574    98.5761     7.2984     7.6743    33.1013    33.0718    26.5680    26.5474    8.12568 0.0000e+00
      19511     75.422     0.1162     0.0251   2.773542   2.762591     2.4913     2.4636      8.078     0.1436     1.9245 1.0790e-01     0.0567    98.5935     7.2944     7.6850    33.1037    33.0579    26.5698    26.5373    8.12478 0.0000e+00
      19514     75.369     0.1189     0.0100   2.773681   2.760856     2.4913     2.4644      8.078     0.1534     1.9245 1.0790e-01     0.0574    98.5761     7.2959     7.6950    33.1027    33.0513    26.5688    26.5327    8.12426 0.0000e+00
      19517     75.317     0.1220    -0.0264   2.774060   2.753808     2.4913     2.4644      8.079     0.1534     1.8850 1.0790e-01     0.0570    98.5848     7.2963     7.7072    33.1043    32.9976    26.5700    26.4910    8.12349 0.0000e+00
      19520     75.265     0.1244    -0.0802   2.774043   2.750184     2.4921     2.4644      8.078     0.1436     1.8060 1.0790e-01     0.0588    98.5414     7.3027     7.7211    33.1015    33.0078    26.5676    26.5019    8.12313 0.0000e+00
      19523     75.215     0.1249    -0.0968   2.773878   2.751729     2.4905     2.4640      8.076     0.1485     1.7665 1.0790e-01     0.0598    98.5153     7.3004     7.7272    33.0988    33.0463    26.5654    26.5337    8.12316 0.0000e+00
      19526     75.166     0.1253    -0.0874   2.773946   2.754273     2.4913     2.4644      8.078     0.1485     1.8060 1.0790e-01     0.0598    98.5153     7.3048     7.7304    33.0994    33.0699    26.5659    26.5523    8.12306 0.0000e+00
      19529     75.119     0.1250    -0.0691   2.773594   2.754891     2.4917     2.4644      8.076     0.1436     1.8060 1.0790e-01     0.0598    98.5153     7.3067     7.7309    33.0950    33.0583    26.5623    26.5420    8.12335 0.0000e+00
      19532     75.074     0.1216    -0.0705   2.772982   2.754954     2.4917     2.4644      8.076     0.1436     1.8060 1.0790e-01     0.0598    98.5153     7.3075     7.7354    33.0907    33.0606    26.5590    26.5440    8.12432 0.0000e+00
      19535     75.028     0.1183    -0.0621   2.772484   2.756628     2.4921     2.4644      8.078     0.0801     1.8060 1.0790e-01     0.0598    98.5153     7.3121     7.7348    33.0877    33.0736    26.5568    26.5541    8.12521 0.0000e+00
      19538     74.985     0.1139    -0.0485   2.772080   2.757887     2.4917     2.4644      8.076     0.0410     1.8060 1.0790e-01     0.0598    98.5153     7.3118     7.7343    33.0872    33.0756    26.5566    26.5550    8.12618 0.0000e+00
      19541     74.944     0.1099    -0.0382   2.771676   2.758537     2.4917     2.4644      8.076     0.0459     1.8060 1.0790e-01     0.0588    98.5414     7.3113     7.7360    33.0862    33.0731    26.5560    26.5526    8.12710 0.0000e+00
      19544     74.906     0.1037    -0.0299   2.770944   2.758724     2.4921     2.4653      8.076     0.0410     1.8850 1.0790e-01     0.0588    98.5414     7.3146     7.7407    33.0833    33.0666    26.5539    26.5469    8.12860 0.0000e+00
      19547     74.867     0.0987    -0.0290   2.770843   2.758353     2.4929     2.4657      8.076     0.0410     1.9245 1.0790e-01     0.0591    98.5327     7.3181     7.7437    33.0873    33.0607    26.5575    26.5421    8.12946 0.0000e+00
      19550     74.831     0.0974    -0.0386   2.770690   2.755617     2.4921     2.4657      8.078     0.0410     1.9245 1.0790e-01     0.0588    98.5414     7.3138     7.7468    33.0869    33.0350    26.5571    26.5219    8.12978 0.0000e+00
      19553     74.798     0.0960    -0.0728   2.770548   2.752381     2.4921     2.4657      8.076     0.0410     1.9245 1.0815e-01     0.0588    98.5414     7.3130     7.7542    33.0864    33.0292    26.5568    26.5187    8.13009 0.0000e+00
      19556     74.768     0.0940    -0.0875   2.770490   2.752320     2.4925     2.4665      8.076     0.0410     1.9245 1.0790e-01     0.0588    98.5414     7.3163     7.7581    33.0879    33.0443    26.5582    26.5317    8.13045 0.0000e+00
      19559     74.736     0.0939    -0.0901   2.770118   2.752565     2.4925     2.4665      8.076     0.0410     1.9245 1.0790e-01     0.0588    98.5414     7.3155     7.7554    33.0831    33.0504    26.5543    26.5367    8.13073 0.0000e+00
      19562     74.703     0.0899    -0.0934   2.769624   2.752011     2.4925     2.4669      8.076     0.0410     1.9245 1.0790e-01     0.0567    98.5935     7.3173     7.7539    33.0810    33.0466    26.5527    26.5338    8.13172 0.0000e+00
      19565     74.673     0.0825    -0.0975   2.769193   2.751911     2.4917     2.4669      8.077     0.0410     1.9245 1.0790e-01     0.0567    98.5935     7.3143     7.7495    33.0833    33.0498    26.5550    26.5366    8.13319 0.0000e+00
      19587     74.623     0.0893    -0.0768   2.769988   2.753451     2.4933     2.4669      8.077     0.0459     1.8850 1.0790e-01     0.0567    98.5935     7.3170     7.7363    33.0864    33.0478    26.5572    26.5340    8.13154 0.0000e+00
      19628     74.552     0.1059    -0.0345   2.771838   2.755675     2.4950     2.4669      8.076     0.0410     1.8060 1.0790e-01     0.0567    98.5935     7.3138     7.7211    33.0929    33.0315    26.5616    26.5188    8.12759 0.0000e+00
      19631     74.526     0.1055    -0.0340   2.771803   2.756402     2.4942     2.4669      8.078     0.0410     1.8060 1.0790e-01     0.0567    98.5935     7.3086     7.7226    33.0929    33.0406    26.5616    26.5261    8.12768 0.0000e+00
      19634     74.501     0.1048    -0.0578   2.771787   2.757185     2.4946     2.4665      8.076     0.0410     1.8060 1.0790e-01     0.0567    98.5935     7.3097     7.7250    33.0934    33.0767    26.5620    26.5564    8.12780 0.0000e+00
      19637     74.475     0.1044    -0.0360   2.771762   2.755901     2.4934     2.4669      8.076     0.0410     1.8060 1.0790e-01     0.0567    98.5935     7.3089     7.7243    33.0935    33.0362    26.5622    26.5227    8.12788 0.0000e+00
      19640     74.447     0.1043    -0.0340   2.771794   2.756625     2.4938     2.4669      8.076     0.0508     1.8060 1.0790e-01     0.0563    98.6022     7.3122     7.7213    33.0941    33.0435    26.5627    26.5285    8.12788 0.0000e+00
      19643     74.417     0.1044    -0.0315   2.771822   2.757821     2.4942     2.4673      8.076     0.0557     1.8060 1.0790e-01     0.0556    98.6196     7.3151     7.7195    33.0944    33.0566    26.5629    26.5389    8.12784 0.0000e+00
      19646     74.383     0.1039    -0.0320   2.771706   2.760035     2.4942     2.4673      8.076     0.0557     1.8060 1.0790e-01     0.0556    98.6196     7.3159     7.7185    33.0934    33.0864    26.5621    26.5631    8.12800 0.0000e+00
      19649     74.348     0.1041     0.0073   2.771792   2.763333     2.4946     2.4669      8.076     0.0557     1.8850 1.0790e-01     0.0556    98.6196     7.3167     7.7063    33.0944    33.0875    26.5629    26.5621    8.12791 0.0000e+00
      19652     74.313     0.1041     0.0446   2.771444   2.764817     2.4938     2.4669      8.076     0.0508     1.9245 1.0790e-01     0.0556    98.6196     7.3166     7.6987    33.0897    33.0668    26.5591    26.5436    8.12815 0.0000e+00
      19655     74.277     0.0970     0.0368   2.769886   2.765465     2.4938     2.4673      8.076     0.0557     1.9245 1.0790e-01     0.0556    98.6196     7.3196     7.7012    33.0769    33.0838    26.5491    26.5576    8.13040 0.0000e+00
      19658     74.239     0.0909     0.0526   2.769651   2.767062     2.4950     2.4669      8.076     0.0557     1.9245 1.0802e-01     0.0556    98.6196     7.3260     7.6925    33.0805    33.0877    26.5523    26.5600    8.13153 0.0000e+00
      19661     74.203     0.0847     0.0375   2.769199   2.765633     2.4954     2.4669      8.077     0.0557     1.9245 1.0790e-01     0.0567    98.5935     7.3282     7.6947    33.0813    33.0852    26.5533    26.5588    8.13283 0.0000e+00
      19664     74.168     0.0807     0.0320   2.768989   2.764699     2.4950     2.4673      8.077     0.0557     1.9245 1.0790e-01     0.0567    98.5935     7.3257     7.6964    33.0829    33.0789    26.5548    26.5540    8.13361 0.0000e+00
      19667     74.133     0.0799     0.0159   2.769486   2.762623     2.4938     2.4669      8.077     0.0410     1.9245 1.0790e-01     0.0567    98.5935     7.3196     7.6945    33.0902    33.0690    26.5607    26.5467    8.13336 0.0000e+00
      19670     74.099     0.0847     0.0060   2.770594   2.761048     2.4942     2.4673      8.077     0.0410     1.9245 1.0790e-01     0.0567    98.5935     7.3206     7.6959    33.0997    33.0589    26.5682    26.5390    8.13181 0.0000e+00
      19673     74.068     0.0902    -0.0086   2.771063   2.760436     2.4946     2.4669      8.076     0.0410     1.9245 1.0790e-01     0.0567    98.5935     7.3233     7.6919    33.0999    33.0666    26.5680    26.5460    8.13060 0.0000e+00
      19676     74.041     0.0947    -0.0268   2.771379   2.759180     2.4950     2.4673      8.076     0.0459     1.8060 1.0790e-01     0.0567    98.5935     7.3216     7.6893    33.0992    33.0698    26.5672    26.5494    8.12966 0.0000e+00
      19679     74.015     0.0988    -0.0364   2.771680   2.757534     2.4950     2.4669      8.076     0.0410     1.8060 1.0790e-01     0.0567    98.5935     7.3186     7.6820    33.0988    33.0584    26.5667    26.5406    8.12881 0.0000e+00
      20033     73.983    -0.0693    -0.1253   2.755088   2.748460     2.4921     2.4648      8.074     0.0410     1.8850 1.0790e-01     0.0563    98.6022     7.3478     7.7164    33.0615    33.0345    26.5446    26.5255    8.16743 0.0000e+00
      20212     73.911    -0.1477    -0.1739   2.748621   2.743631     2.4897     2.4644      8.073     0.0410     1.9245 1.0790e-01     0.0563    98.6022     7.3552     7.7343    33.0610    33.0232    26.5480    26.5187    8.18449 0.0000e+00
      20215     73.842    -0.1327    -0.1733   2.750840   2.744256     2.4897     2.4644      8.073     0.0410     1.9245 1.0790e-01     0.0563    98.6022     7.3499     7.7261    33.0742    33.0310    26.5579    26.5248    8.18047 0.0000e+00
      20218     73.772    -0.1205    -0.1648   2.750383   2.745618     2.4897     2.4644      8.072     0.0410     1.9245 1.0790e-01     0.0567    98.5935     7.3472     7.7174    33.0550    33.0399    26.5418    26.5316    8.17889 0.0000e+00
      20221     73.710    -0.1176    -0.1612   2.749701   2.745506     2.4905     2.4636      8.072     0.0410     1.9245 1.0790e-01     0.0567    98.5935     7.3478     7.7073    33.0429    33.0344    26.5319    26.5271    8.17894 0.0000e+00
      20224     73.656    -0.1166    -0.1631   2.749665   2.744977     2.4901     2.4640      8.072     0.0410     1.8850 1.0790e-01     0.0563    98.6022     7.3449     7.7043    33.0413    33.0296    26.5306    26.5232    8.17880 0.0000e+00
      20227     73.611    -0.1173    -0.1698   2.749266   2.744067     2.4905     2.4644      8.072     0.0410     1.8060 1.0790e-01     0.0563    98.6022     7.3449     7.7031    33.0368    33.0248    26.5270    26.5197    8.17920 0.0000e+00
      20230     73.571    -0.1207    -0.1747   2.748917   2.743917     2.4901     2.4636      8.072     0.0410     1.8060 1.0790e-01     0.0563    98.6022     7.3418     7.6977    33.0359    33.0281    26.5264    26.5226    8.17999 0.0000e+00
      21252     73.543    -0.1830    -0.2072   2.743236   2.740937     2.4881     2.4608      8.069     0.0459     1.6481 1.0790e-01     0.0560    98.6109     7.3511     7.7176    33.0281    33.0238    26.5230    26.5206    8.19408 0.0000e+00
      21765     73.496    -0.2140    -0.2251   2.740190   2.739271     2.4869     2.4588      8.068     0.0410     1.5692 1.0790e-01     0.0556    98.6196     7.3558     7.7268    33.0213    33.0211    26.5188    26.5192    8.20124 0.0000e+00
      21768     73.447    -0.2150    -0.2264   2.740145   2.739243     2.4873     2.4596      8.068     0.0410     1.5297 1.0790e-01     0.0556    98.6196     7.3574     7.7306    33.0219    33.0221    26.5194    26.5201    8.20144 0.0000e+00
      21771     73.400    -0.2161    -0.2260   2.740138   2.739345     2.4865     2.4588      8.068     0.0410     1.4507 1.0790e-01     0.0560    98.6109     7.3558     7.7290    33.0230    33.0232    26.5203    26.5209    8.20161 0.0000e+00
      21774     73.357    -0.2167    -0.2251   2.740133   2.739448     2.4873     2.4584      8.068     0.0410     1.4507 1.0790e-01     0.0563    98.6022     7.3593     7.7273    33.0235    33.0235    26.5208    26.5212    8.20170 0.0000e+00
      21777     73.319    -0.2166    -0.2244   2.740137   2.739390     2.4869     2.4596      8.068     0.0410     1.4507 1.0790e-01     0.0560    98.6109     7.3590     7.7337    33.0236    33.0221    26.5208    26.5200    8.20169 0.0000e+00
      21780     73.286    -0.2166    -0.2240   2.740153   2.739296     2.4869     2.4596      8.068     0.0410     1.4507 1.0790e-01     0.0563    98.6022     7.3605     7.7345    33.0237    33.0204    26.5209    26.5185    8.20167 0.0000e+00
      21849     73.261    -0.2187    -0.2246   2.740087   2.739465     2.4873     2.4604      8.068     0.0410     1.3718 1.0790e-01     0.0549    98.6369     7.3628     7.7450    33.0252    33.0233    26.5222    26.5209    8.20206 0.0000e+00
      21885     73.225    -0.2195    -0.2244   2.740018   2.739526     2.4881     2.4596      8.068     0.0410     1.3323 1.0790e-01     0.0545    98.6456     7.3645     7.7436    33.0251    33.0240    26.5222    26.5214    8.20222 0.0000e+00
