Datasets/AZMP/COO001/79001112.cnv
* Sea-Bird SBE 9 Data File:
* FileName = C:\CTDDATA\79001112.hex
* Software Version Seasave V 7.26.7.110
* Temperature SN = 5660
* Conductivity SN = 3698
* Number of Bytes Per Scan = 30
* Number of Voltage Words = 4
* Number of Scans Averaged by the Deck Unit = 1
* NMEA baud rate = 9600
** VESSEL/TRIP/SEQ STN:  79001112
** LATITUDE XX XX.XX N:  47 00.00 N
** LONGITUDE XX XX.XX W:  47 15.00 W
** SOUNDING DEPTH (M):  0535
** PROBE TYPE: S1257
** CTD NUMBER: 072
** COMMENTS (14 CHAR): FC-15
** BOTTLES:  13
** LEVELS: 5,5,10,20,20,30,40,50,75,100,150,250,BTM
** STICKERS: 435520 - 435532
** VNET: Y
** DO2: N
# nquan = 22
# nvalues = 10517                       
# units = specified
# name 0 = scan: Scan Count
# name 1 = prDM: Pressure, Digiquartz [db]
# name 2 = t090C: Temperature [ITS-90, deg C]
# name 3 = t190C: Temperature, 2 [ITS-90, deg C]
# name 4 = c0S/m: Conductivity [S/m]
# name 5 = c1S/m: Conductivity, 2 [S/m]
# name 6 = sbeox0V: Oxygen raw, SBE 43 [V]
# name 7 = sbeox1V: Oxygen raw, SBE 43, 2 [V]
# name 8 = ph: pH
# name 9 = flECO-AFL: Fluorescence, WET Labs ECO-AFL/FL [mg/m^3]
# name 10 = wetCDOM: Fluorescence, WET Labs CDOM [mg/m^3]
# name 11 = par/sat/log: PAR/Logarithmic, Satlantic [umol photons/m^2/sec]
# name 12 = CStarAt0: Beam Attenuation, WET Labs C-Star [1/m]
# name 13 = CStarTr0: Beam Transmission, WET Labs C-Star [%]
# name 14 = sbeox0ML/L: Oxygen, SBE 43 [ml/l], WS = 2
# name 15 = sbeox1ML/L: Oxygen, SBE 43, 2 [ml/l], WS = 2
# name 16 = sal00: Salinity, Practical [PSU]
# name 17 = sal11: Salinity, Practical, 2 [PSU]
# name 18 = sigma-t00: Density [sigma-t, kg/m^3 ]
# name 19 = sigma-t11: Density, 2 [sigma-t, kg/m^3 ]
# name 20 = oxsatML/L: Oxygen Saturation, Weiss [ml/l]
# name 21 = flag: flag
# span 0 =          2,      80008       
# span 1 =      0.702,    521.028       
# span 2 =     2.7577,     3.9801       
# span 3 =     2.7560,     3.9797       
# span 4 =   3.030774,   3.257030       
# span 5 =   3.030804,   3.257208       
# span 6 =     2.3729,     2.7783       
# span 7 =     2.3489,     2.7488       
# span 8 =      8.051,      8.150       
# span 9 =    -0.0176,     1.5795       
# span 10 =    -1.8655,     2.0429      
# span 11 = 1.0752e-01, 1.8289e+00      
# span 12 =     0.0556,     0.1959      
# span 13 =    95.2219,    98.6196      
# span 14 =     6.4253,     7.5507      
# span 15 =     6.7517,     7.9862      
# span 16 =    33.1383,    34.7717      
# span 17 =    33.1414,    34.7677      
# span 18 =    26.3814,    27.6099      
# span 19 =    26.3842,    27.6044      
# span 20 =    7.27880,    7.53156      
# span 21 = 0.0000e+00, 0.0000e+00      
# interval = scans: 3                   
# start_time = Dec 06 2019 07:10:02 [System UTC, header]
# bad_flag = -9.990e-29
*END*
[from data line 4346]
      16622    418.419     3.7519     3.7504   3.226185   3.226346     2.3822     2.3581      8.053    -0.0029     1.4507 1.0790e-01     0.1292    96.8208     6.4367     6.7716    34.6888    34.6923    27.5641    27.5670    7.32335 0.0000e+00
      16625    418.638     3.7520     3.7506   3.226221   3.226346     2.3822     2.3573      8.053     0.0020     1.4507 1.0790e-01     0.1292    96.8208     6.4355     6.7717    34.6891    34.6920    27.5643    27.5668    7.32332 0.0000e+00
      16628    418.861     3.7519     3.7504   3.226226   3.226324     2.3818     2.3577      8.053    -0.0029     1.4507 1.0777e-01     0.1299    96.8034     6.4334     6.7753    34.6890    34.6918    27.5643    27.5667    7.32333 0.0000e+00
      16631    419.083     3.7520     3.7503   3.226230   3.226330     2.3818     2.3573      8.053    -0.0029     1.4507 1.0790e-01     0.1303    96.7947     6.4337     6.7786    34.6889    34.6919    27.5642    27.5667    7.32333 0.0000e+00
      16634    419.301     3.7520     3.7503   3.226252   3.226377     2.3818     2.3573      8.053    -0.0029     1.4507 1.0777e-01     0.1303    96.7947     6.4352     6.7829    34.6890    34.6923    27.5643    27.5670    7.32331 0.0000e+00
      16637    419.516     3.7521     3.7505   3.226262   3.226380     2.3818     2.3573      8.053    -0.0029     1.4507 1.0790e-01     0.1303    96.7947     6.4356     6.7859    34.6889    34.6920    27.5642    27.5668    7.32330 0.0000e+00
      16640    419.736     3.7521     3.7505   3.226252   3.226367     2.3809     2.3577      8.053     0.0020     1.4507 1.0790e-01     0.1303    96.7947     6.4331     6.7917    34.6887    34.6918    27.5640    27.5666    7.32331 0.0000e+00
      16643    419.955     3.7520     3.7503   3.226259   3.226363     2.3814     2.3573      8.053    -0.0029     1.4507 1.0777e-01     0.1303    96.7947     6.4351     6.7945    34.6888    34.6918    27.5641    27.5666    7.32333 0.0000e+00
      16646    420.164     3.7520     3.7503   3.226283   3.226381     2.3818     2.3573      8.053    -0.0029     1.4507 1.0790e-01     0.1303    96.7947     6.4379     6.7961    34.6889    34.6919    27.5641    27.5667    7.32331 0.0000e+00
      16649    420.361     3.7518     3.7504   3.226261   3.226446     2.3805     2.3573      8.053    -0.0029     1.4507 1.0790e-01     0.1303    96.7947     6.4357     6.7987    34.6888    34.6925    27.5641    27.5672    7.32337 0.0000e+00
      16652    420.551     3.7519     3.7507   3.226312   3.226459     2.3809     2.3581      8.053    -0.0029     1.4507 1.0790e-01     0.1303    96.7947     6.4384     6.8042    34.6892    34.6922    27.5644    27.5669    7.32333 0.0000e+00
      16655    420.733     3.7520     3.7505   3.226316   3.226425     2.3822     2.3585      8.053    -0.0029     1.4507 1.0790e-01     0.1303    96.7947     6.4438     6.8093    34.6891    34.6920    27.5643    27.5667    7.32332 0.0000e+00
      16658    420.900     3.7520     3.7502   3.226359   3.226422     2.3818     2.3581      8.053    -0.0029     1.4507 1.0777e-01     0.1307    96.7860     6.4434     6.8078    34.6894    34.6921    27.5646    27.5669    7.32329 0.0000e+00
      16661    421.051     3.7521     3.7508   3.226355   3.226552     2.3814     2.3585      8.053     0.0020     1.4507 1.0790e-01     0.1310    96.7773     6.4430     6.8080    34.6892    34.6930    27.5644    27.5675    7.32329 0.0000e+00
      16664    421.194     3.7522     3.7513   3.226345   3.226555     2.3818     2.3585      8.053    -0.0029     1.4507 1.0790e-01     0.1303    96.7947     6.4452     6.8063    34.6889    34.6924    27.5642    27.5670    7.32329 0.0000e+00
      16667    421.320     3.7520     3.7511   3.226371   3.226549     2.3809     2.3585      8.053    -0.0029     1.4507 1.0790e-01     0.1307    96.7860     6.4417     6.8076    34.6894    34.6925    27.5646    27.5671    7.32330 0.0000e+00
      16670    421.431     3.7522     3.7515   3.226410   3.226627     2.3818     2.3585      8.053    -0.0029     1.4507 1.0790e-01     0.1314    96.7686     6.4456     6.8062    34.6895    34.6929    27.5646    27.5673    7.32325 0.0000e+00
      16673    421.530     3.7525     3.7518   3.226404   3.226671     2.3818     2.3585      8.053     0.0020     1.4507 1.0790e-01     0.1314    96.7686     6.4460     6.8015    34.6892    34.6931    27.5643    27.5675    7.32323 0.0000e+00
      16676    421.615     3.7524     3.7522   3.226406   3.226697     2.3818     2.3598      8.053     0.0020     1.4507 1.0790e-01     0.1314    96.7686     6.4447     6.8016    34.6892    34.6929    27.5643    27.5674    7.32323 0.0000e+00
      16679    421.682     3.7523     3.7525   3.226369   3.226746     2.3818     2.3594      8.053    -0.0029     1.4507 1.0790e-01     0.1314    96.7686     6.4460     6.7997    34.6888    34.6931    27.5640    27.5675    7.32327 0.0000e+00
      16682    421.745     3.7521     3.7527   3.226331   3.226748     2.3818     2.3589      8.053    -0.0029     1.4507 1.0777e-01     0.1314    96.7686     6.4477     6.7971    34.6886    34.6929    27.5638    27.5673    7.32332 0.0000e+00
      16685    421.792     3.7520     3.7525   3.226319   3.226732     2.3818     2.3585      8.053    -0.0029     1.4902 1.0777e-01     0.1314    96.7686     6.4469     6.7924    34.6885    34.6928    27.5639    27.5672    7.32334 0.0000e+00
      16688    421.829     3.7518     3.7525   3.226300   3.226733     2.3818     2.3589      8.053     0.0020     1.5692 1.0790e-01     0.1318    96.7599     6.4463     6.7918    34.6884    34.6929    27.5638    27.5673    7.32337 0.0000e+00
      16723    421.860     3.7516     3.7523   3.226291   3.226670     2.3814     2.3594      8.053    -0.0029     1.5297 1.0790e-01     0.1321    96.7512     6.4419     6.7911    34.6885    34.6923    27.5639    27.5668    7.32341 0.0000e+00
      16790    421.920     3.7515     3.7513   3.226275   3.226559     2.3805     2.3586      8.053    -0.0029     1.4507 1.0790e-01     0.1335    96.7165     6.4326     6.7846    34.6884    34.6920    27.5638    27.5667    7.32343 0.0000e+00
      16793    421.999     3.7515     3.7514   3.226295   3.226618     2.3805     2.3586      8.053    -0.0029     1.4507 1.0790e-01     0.1335    96.7165     6.4325     6.7824    34.6886    34.6926    27.5640    27.5672    7.32342 0.0000e+00
      16796    422.089     3.7516     3.7516   3.226295   3.226647     2.3818     2.3586      8.053    -0.0029     1.4507 1.0790e-01     0.1335    96.7165     6.4363     6.7804    34.6885    34.6927    27.5639    27.5672    7.32342 0.0000e+00
      16799    422.192     3.7516     3.7519   3.226332   3.226674     2.3802     2.3586      8.053    -0.0029     1.4507 1.0790e-01     0.1335    96.7165     6.4313     6.7788    34.6889    34.6927    27.5642    27.5671    7.32339 0.0000e+00
      16802    422.301     3.7517     3.7520   3.226322   3.226681     2.3814     2.3582      8.053     0.0020     1.4507 1.0790e-01     0.1335    96.7165     6.4352     6.7761    34.6886    34.6925    27.5639    27.5671    7.32339 0.0000e+00
      16805    422.411     3.7517     3.7520   3.226351   3.226696     2.3810     2.3582      8.053    -0.0029     1.4507 1.0777e-01     0.1335    96.7165     6.4324     6.7756    34.6888    34.6927    27.5641    27.5672    7.32337 0.0000e+00
      16808    422.531     3.7519     3.7521   3.226365   3.226703     2.3810     2.3573      8.053    -0.0029     1.4507 1.0790e-01     0.1335    96.7165     6.4337     6.7724    34.6888    34.6926    27.5641    27.5671    7.32335 0.0000e+00
      16811    422.659     3.7522     3.7518   3.226450   3.226678     2.3806     2.3582      8.053    -0.0029     1.4507 1.0790e-01     0.1318    96.7599     6.4320     6.7748    34.6894    34.6925    27.5645    27.5671    7.32326 0.0000e+00
      16814    422.796     3.7524     3.7518   3.226416   3.226694     2.3802     2.3577      8.053    -0.0029     1.4507 1.0790e-01     0.1314    96.7686     6.4291     6.7744    34.6887    34.6927    27.5639    27.5672    7.32326 0.0000e+00
      16817    422.941     3.7523     3.7517   3.226448   3.226691     2.3797     2.3573      8.053    -0.0029     1.5297 1.0790e-01     0.1314    96.7686     6.4260     6.7744    34.6891    34.6927    27.5643    27.5672    7.32325 0.0000e+00
      16820    423.089     3.7525     3.7513   3.226452   3.226607     2.3802     2.3573      8.053    -0.0029     1.5692 1.0790e-01     0.1314    96.7686     6.4288     6.7766    34.6889    34.6920    27.5641    27.5667    7.32323 0.0000e+00
      16823    423.244     3.7526     3.7510   3.226517   3.226626     2.3802     2.3573      8.053    -0.0029     1.5692 1.0790e-01     0.1314    96.7686     6.4311     6.7791    34.6895    34.6925    27.5645    27.5671    7.32319 0.0000e+00
      16826    423.406     3.7529     3.7510   3.226546   3.226660     2.3797     2.3573      8.053    -0.0029     1.5692 1.0777e-01     0.1318    96.7599     6.4309     6.7822    34.6894    34.6927    27.5645    27.5673    7.32313 0.0000e+00
      16829    423.572     3.7532     3.7511   3.226633   3.226665     2.3793     2.3573      8.053    -0.0029     1.5692 1.0790e-01     0.1314    96.7686     6.4306     6.7839    34.6900    34.6926    27.5649    27.5672    7.32306 0.0000e+00
      16832    423.743     3.7536     3.7512   3.226729   3.226679     2.3806     2.3573      8.053    -0.0029     1.5692 1.0790e-01     0.1303    96.7947     6.4368     6.7853    34.6906    34.6926    27.5653    27.5672    7.32294 0.0000e+00
      16835    423.918     3.7544     3.7510   3.226863   3.226656     2.3789     2.3569      8.053    -0.0029     1.5692 1.0777e-01     0.1307    96.7860     6.4329     6.7842    34.6913    34.6924    27.5658    27.5671    7.32277 0.0000e+00
      16838    424.101     3.7549     3.7511   3.226887   3.226722     2.3793     2.3573      8.053    -0.0029     1.5692 1.0790e-01     0.1310    96.7773     6.4362     6.7883    34.6910    34.6930    27.5655    27.5675    7.32270 0.0000e+00
      16841    424.286     3.7554     3.7527   3.226904   3.226985     2.3793     2.3573      8.053    -0.0029     1.5297 1.0790e-01     0.1314    96.7686     6.4382     6.7891    34.6905    34.6943    27.5651    27.5684    7.32263 0.0000e+00
      16844    424.473     3.7556     3.7543   3.226926   3.227126     2.3802     2.3573      8.053    -0.0029     1.3323 1.0790e-01     0.1307    96.7860     6.4412     6.7904    34.6905    34.6942    27.5651    27.5682    7.32260 0.0000e+00
      16847    424.660     3.7558     3.7552   3.227027   3.227171     2.3806     2.3573      8.053    -0.0029     1.3323 1.0790e-01     0.1307    96.7860     6.4451     6.7904    34.6914    34.6938    27.5657    27.5677    7.32251 0.0000e+00
      16850    424.842     3.7562     3.7550   3.227037   3.227173     2.3797     2.3573      8.053    -0.0029     1.3323 1.0790e-01     0.1310    96.7773     6.4430     6.7918    34.6910    34.6938    27.5654    27.5678    7.32246 0.0000e+00
      16853    425.025     3.7566     3.7551   3.227126   3.227173     2.3802     2.3573      8.053    -0.0029     1.3323 1.0777e-01     0.1303    96.7947     6.4452     6.7918    34.6915    34.6937    27.5657    27.5677    7.32236 0.0000e+00
      16856    425.207     3.7569     3.7549   3.227149   3.227146     2.3793     2.3573      8.053    -0.0029     1.3323 1.0790e-01     0.1303    96.7947     6.4424     6.7927    34.6914    34.6935    27.5657    27.5675    7.32232 0.0000e+00
      16859    425.389     3.7570     3.7548   3.227133   3.227164     2.3806     2.3573      8.053    -0.0029     1.3323 1.0790e-01     0.1303    96.7947     6.4477     6.7921    34.6910    34.6937    27.5653    27.5677    7.32231 0.0000e+00
      16862    425.566     3.7570     3.7551   3.227106   3.227250     2.3806     2.3573      8.053    -0.0029     1.3323 1.0790e-01     0.1303    96.7947     6.4473     6.7934    34.6906    34.6943    27.5650    27.5681    7.32233 0.0000e+00
      16865    425.742     3.7568     3.7559   3.227089   3.227337     2.3806     2.3573      8.053    -0.0078     1.3323 1.0790e-01     0.1303    96.7947     6.4460     6.7956    34.6904    34.6944    27.5649    27.5681    7.32237 0.0000e+00
      16868    425.916     3.7567     3.7559   3.227107   3.227340     2.3806     2.3577      8.053    -0.0029     1.3718 1.0790e-01     0.1303    96.7947     6.4446     6.7978    34.6907    34.6943    27.5652    27.5681    7.32239 0.0000e+00
      16871    426.085     3.7567     3.7561   3.227164   3.227391     2.3806     2.3573      8.053     0.0020     1.4507 1.0790e-01     0.1314    96.7686     6.4461     6.7983    34.6913    34.6946    27.5656    27.5683    7.32235 0.0000e+00
      16874    426.252     3.7570     3.7563   3.227195   3.227371     2.3810     2.3577      8.053    -0.0029     1.4507 1.0790e-01     0.1314    96.7686     6.4469     6.8020    34.6912    34.6941    27.5656    27.5679    7.32230 0.0000e+00
      16877    426.418     3.7573     3.7563   3.227211   3.227401     2.3806     2.3573      8.053    -0.0029     1.4507 1.0790e-01     0.1314    96.7686     6.4440     6.8020    34.6911    34.6944    27.5653    27.5681    7.32226 0.0000e+00
      16880    426.575     3.7573     3.7564   3.227235   3.227424     2.3806     2.3577      8.053    -0.0029     1.4507 1.0790e-01     0.1310    96.7773     6.4448     6.8042    34.6913    34.6944    27.5655    27.5681    7.32225 0.0000e+00
      16883    426.726     3.7573     3.7564   3.227232   3.227444     2.3810     2.3573      8.053    -0.0029     1.4507 1.0790e-01     0.1314    96.7686     6.4458     6.8025    34.6911    34.6946    27.5654    27.5683    7.32225 0.0000e+00
      16886    426.873     3.7573     3.7563   3.227235   3.227390     2.3810     2.3582      8.053     0.0020     1.4507 1.0790e-01     0.1314    96.7686     6.4456     6.8060    34.6911    34.6940    27.5654    27.5678    7.32225 0.0000e+00
      16889    427.010     3.7573     3.7563   3.227229   3.227422     2.3806     2.3586      8.053    -0.0029     1.4507 1.0790e-01     0.1318    96.7599     6.4431     6.8073    34.6909    34.6944    27.5652    27.5681    7.32226 0.0000e+00
      16892    427.140     3.7572     3.7562   3.227222   3.227389     2.3806     2.3577      8.053    -0.0029     1.4507 1.0790e-01     0.1342    96.6991     6.4417     6.8032    34.6909    34.6940    27.5652    27.5678    7.32228 0.0000e+00
      16895    427.262     3.7574     3.7561   3.227229   3.227445     2.3818     2.3586      8.053    -0.0029     1.3323 1.0790e-01     0.1346    96.6904     6.4451     6.8034    34.6907    34.6946    27.5651    27.5683    7.32226 0.0000e+00
      16898    427.376     3.7572     3.7563   3.227242   3.227423     2.3797     2.3586      8.053    -0.0029     1.3323 1.0790e-01     0.1346    96.6904     6.4390     6.8004    34.6910    34.6941    27.5653    27.5679    7.32228 0.0000e+00
      16901    427.478     3.7573     3.7562   3.227232   3.227440     2.3810     2.3586      8.053     0.0020     1.3323 1.0777e-01     0.1346    96.6904     6.4447     6.7979    34.6907    34.6944    27.5650    27.5681    7.32227 0.0000e+00
      16904    427.573     3.7573     3.7564   3.227224   3.227455     2.3818     2.3582      8.053    -0.0029     1.3323 1.0790e-01     0.1346    96.6904     6.4478     6.7944    34.6906    34.6943    27.5649    27.5680    7.32228 0.0000e+00
      16907    427.660     3.7571     3.7565   3.227154   3.227488     2.3814     2.3586      8.053    -0.0029     1.3323 1.0790e-01     0.1346    96.6904     6.4457     6.7923    34.6899    34.6946    27.5644    27.5682    7.32234 0.0000e+00
      16910    427.740     3.7568     3.7567   3.227155   3.227498     2.3806     2.3586      8.053     0.0020     1.3323 1.0790e-01     0.1335    96.7165     6.4431     6.7894    34.6902    34.6944    27.5647    27.5681    7.32239 0.0000e+00
