Datasets/AZMP/COO001/79001024.cnv
* Sea-Bird SBE 9 Data File:
* FileName = C:\CTDDATA\79001024.hex
* Software Version Seasave V 7.26.7.110
* Temperature SN = 5660
* Conductivity SN = 3698
* Number of Bytes Per Scan = 30
* Number of Voltage Words = 4
* Number of Scans Averaged by the Deck Unit = 1
* NMEA baud rate = 9600
** VESSEL/TRIP/SEQ STN:  79001024
** LATITUDE XX XX.XX N:  46 04.20 N
** LONGITUDE XX XX.XX W:  52 30.00 W
** SOUNDING DEPTH (M):  0093
** PROBE TYPE: S1257
** CTD NUMBER: 011
** COMMENTS (14 CHAR): SEGB-05
** BOTTLES:  20
** LEVELS: 5,5,5,5,10,20,20,20,20,30,40,50,50,50,50,75,BTM,BTM,BTM,BTM
** STICKERS: 434725 - 434744
** VNET: Y
** DO2: N
# nquan = 22
# nvalues = 3203                        
# units = specified
# name 0 = scan: Scan Count
# name 1 = prDM: Pressure, Digiquartz [db]
# name 2 = t090C: Temperature [ITS-90, deg C]
# name 3 = t190C: Temperature, 2 [ITS-90, deg C]
# name 4 = c0S/m: Conductivity [S/m]
# name 5 = c1S/m: Conductivity, 2 [S/m]
# name 6 = sbeox0V: Oxygen raw, SBE 43 [V]
# name 7 = sbeox1V: Oxygen raw, SBE 43, 2 [V]
# name 8 = ph: pH
# name 9 = flECO-AFL: Fluorescence, WET Labs ECO-AFL/FL [mg/m^3]
# name 10 = wetCDOM: Fluorescence, WET Labs CDOM [mg/m^3]
# name 11 = par/sat/log: PAR/Logarithmic, Satlantic [umol photons/m^2/sec]
# name 12 = CStarAt0: Beam Attenuation, WET Labs C-Star [1/m]
# name 13 = CStarTr0: Beam Transmission, WET Labs C-Star [%]
# name 14 = sbeox0ML/L: Oxygen, SBE 43 [ml/l], WS = 2
# name 15 = sbeox1ML/L: Oxygen, SBE 43, 2 [ml/l], WS = 2
# name 16 = sal00: Salinity, Practical [PSU]
# name 17 = sal11: Salinity, Practical, 2 [PSU]
# name 18 = sigma-t00: Density [sigma-t, kg/m^3 ]
# name 19 = sigma-t11: Density, 2 [sigma-t, kg/m^3 ]
# name 20 = oxsatML/L: Oxygen Saturation, Weiss [ml/l]
# name 21 = flag: flag
# span 0 =         48,      35359       
# span 1 =      1.613,     86.816       
# span 2 =    -0.3774,     7.1562       
# span 3 =    -0.3824,     7.1571       
# span 4 =   2.730016,   3.264739       
# span 5 =   2.729895,   3.264903       
# span 6 =     2.4408,     2.9659       
# span 7 =     2.2564,     2.7473       
# span 8 =      7.932,      8.168       
# span 9 =     0.0996,     2.8640       
# span 10 =     1.0954,     2.1614      
# span 11 = 1.0752e-01, 3.4404e+01      
# span 12 =     0.1045,     0.4004      
# span 13 =    90.4772,    97.4204      
# span 14 =     6.1921,     8.3546      
# span 15 =     5.2704,     6.5857      
# span 16 =    30.9799,    33.3077      
# span 17 =    31.7905,    33.0626      
# span 18 =    24.5428,    26.5741      
# span 19 =    24.9747,    26.5586      
# span 20 =    6.87208,    8.23524      
# span 21 = 0.0000e+00, 0.0000e+00      
# interval = scans: 3                   
# start_time = Nov 23 2019 18:22:59 [System UTC, header]
# bad_flag = -9.990e-29
*END*
[from data line 659]
       2498     39.984     7.1456     7.1433   3.263196   3.263257     2.9426     2.7314      8.158     0.6369     1.6876 3.4889e-01     0.1092    97.3074     7.4273     6.1395    31.9376    31.9404    24.9879    24.9903    6.87364 0.0000e+00
       2501     40.011     7.1456     7.1433   3.263212   3.263273     2.9426     2.7314      8.158     0.6418     1.6876 3.4608e-01     0.1092    97.3074     7.4260     6.1383    31.9378    31.9405    24.9880    24.9905    6.87363 0.0000e+00
       2504     40.039     7.1457     7.1432   3.263214   3.263267     2.9426     2.7314      8.158     0.6369     1.6876 3.4446e-01     0.1067    97.3682     7.4240     6.1369    31.9377    31.9406    24.9879    24.9905    6.87363 0.0000e+00
       2507     40.070     7.1459     7.1433   3.263229   3.263273     2.9426     2.7314      8.158     0.6418     1.6481 3.2817e-01     0.1067    97.3682     7.4221     6.1362    31.9377    31.9405    24.9879    24.9905    6.87360 0.0000e+00
       2510     40.101     7.1457     7.1432   3.263237   3.263291     2.9426     2.7314      8.158     0.6467     1.5692 3.3896e-01     0.1067    97.3682     7.4209     6.1358    31.9379    31.9408    24.9881    24.9907    6.87362 0.0000e+00
       2513     40.132     7.1460     7.1431   3.263221   3.263285     2.9426     2.7314      8.158     0.6515     1.5692 3.3009e-01     0.1067    97.3682     7.4200     6.1356    31.9375    31.9408    24.9877    24.9907    6.87359 0.0000e+00
       2565     40.238     7.1455     7.1435   3.263233   3.263326     2.9435     2.7306      8.158     0.6320     1.5692 3.2854e-01     0.1088    97.3161     7.4217     6.1297    31.9380    31.9408    24.9882    24.9907    6.87364 0.0000e+00
       2592     40.300     7.1454     7.1436   3.263199   3.263328     2.9443     2.7302      8.158     0.6271     1.5692 3.1156e-01     0.1095    97.2987     7.4219     6.1287    31.9377    31.9407    24.9879    24.9906    6.87368 0.0000e+00
       2595     40.322     7.1453     7.1436   3.263217   3.263342     2.9443     2.7302      8.158     0.6222     1.5692 3.2516e-01     0.1092    97.3074     7.4186     6.1300    31.9380    31.9409    24.9882    24.9907    6.87368 0.0000e+00
       2598     40.348     7.1453     7.1436   3.263201   3.263327     2.9443     2.7302      8.158     0.6222     1.5692 3.2362e-01     0.1092    97.3074     7.4157     6.1317    31.9377    31.9407    24.9880    24.9906    6.87368 0.0000e+00
       2601     40.373     7.1455     7.1436   3.263212   3.263342     2.9439     2.7302      8.158     0.6222     1.5692 3.1842e-01     0.1095    97.2987     7.4118     6.1331    31.9377    31.9409    24.9879    24.9907    6.87365 0.0000e+00
       2604     40.399     7.1457     7.1436   3.263239   3.263320     2.9439     2.7302      8.158     0.6222     1.5692 3.1952e-01     0.1067    97.3682     7.4104     6.1338    31.9378    31.9406    24.9880    24.9905    6.87362 0.0000e+00
       2607     40.427     7.1456     7.1435   3.263224   3.263334     2.9439     2.7302      8.158     0.6174     1.5692 3.1476e-01     0.1063    97.3769     7.4093     6.1332    31.9377    31.9408    24.9880    24.9907    6.87364 0.0000e+00
       2610     40.456     7.1457     7.1435   3.263218   3.263342     2.9430     2.7302      8.158     0.6174     1.5692 3.1695e-01     0.1063    97.3769     7.4065     6.1314    31.9375    31.9409    24.9877    24.9907    6.87362 0.0000e+00
       2613     40.482     7.1456     7.1437   3.263220   3.263341     2.9430     2.7306      8.158     0.6369     1.4902 3.2063e-01     0.1063    97.3769     7.4062     6.1308    31.9376    31.9407    24.9878    24.9905    6.87364 0.0000e+00
       2616     40.508     7.1458     7.1437   3.263213   3.263357     2.9426     2.7314      8.158     0.7150     1.4507 3.2928e-01     0.1060    97.3856     7.4045     6.1313    31.9374    31.9408    24.9876    24.9906    6.87362 0.0000e+00
       2620     40.540     7.1457     7.1437   3.263222   3.263358     2.9418     2.7302      8.158     0.7199     1.4507 3.1991e-01     0.1085    97.3248     7.4021     6.1241    31.9375    31.9409    24.9877    24.9907    6.87362 0.0000e+00
       3093     40.585     7.1460     7.1459   3.263220   3.263446     2.9451     2.7302      8.158     0.5539     1.5692 3.1405e-01     0.1088    97.3161     7.4109     6.1194    31.9372    31.9397    24.9875    24.9895    6.87360 0.0000e+00
       3097     40.619     7.1459     7.1458   3.263221   3.263422     2.9443     2.7306      8.158     0.5539     1.5692 3.0406e-01     0.1088    97.3161     7.4085     6.1203    31.9373    31.9396    24.9876    24.9894    6.87361 0.0000e+00
       3102     40.656     7.1456     7.1450   3.263220   3.263406     2.9435     2.7298      8.158     0.5539     1.5692 3.0546e-01     0.1085    97.3248     7.4061     6.1182    31.9376    31.9401    24.9878    24.9899    6.87365 0.0000e+00
       3105     40.681     7.1455     7.1453   3.263237   3.263399     2.9431     2.7290      8.158     0.5490     1.5692 3.0438e-01     0.1088    97.3161     7.4051     6.1169    31.9379    31.9397    24.9880    24.9895    6.87365 0.0000e+00
       3108     40.708     7.1454     7.1452   3.263243   3.263401     2.9427     2.7290      8.158     0.5588     1.5692 3.0970e-01     0.1074    97.3509     7.4043     6.1169    31.9379    31.9398    24.9881    24.9896    6.87366 0.0000e+00
       3111     40.734     7.1453     7.1452   3.263244   3.263409     2.9427     2.7294      8.158     0.6076     1.5692 3.1114e-01     0.1056    97.3943     7.4061     6.1185    31.9381    31.9399    24.9883    24.9897    6.87368 0.0000e+00
       3114     40.762     7.1454     7.1453   3.263220   3.263441     2.9427     2.7290      8.158     0.6808     1.5692 3.1769e-01     0.1056    97.3943     7.4076     6.1179    31.9377    31.9402    24.9879    24.9899    6.87367 0.0000e+00
       3117     40.797     7.1454     7.1450   3.263267   3.263404     2.9418     2.7290      8.158     0.6808     1.5692 3.1295e-01     0.1056    97.3943     7.4074     6.1170    31.9381    31.9401    24.9883    24.9899    6.87365 0.0000e+00
       3120     40.835     7.1455     7.1446   3.263243   3.263402     2.9418     2.7290      8.158     0.6857     1.5692 3.1477e-01     0.1056    97.3943     7.4098     6.1175    31.9378    31.9404    24.9880    24.9902    6.87365 0.0000e+00
       3123     40.877     7.1454     7.1445   3.263237   3.263382     2.9418     2.7286      8.158     0.6808     1.5692 3.1478e-01     0.1056    97.3943     7.4120     6.1164    31.9378    31.9402    24.9880    24.9900    6.87366 0.0000e+00
       3126     40.919     7.1454     7.1438   3.263229   3.263361     2.9418     2.7286      8.158     0.6857     1.5692 3.1042e-01     0.1056    97.3943     7.4143     6.1166    31.9377    31.9406    24.9880    24.9905    6.87368 0.0000e+00
       3129     40.956     7.1455     7.1438   3.263268   3.263395     2.9423     2.7286      8.158     0.6760     1.5692 3.1627e-01     0.1067    97.3682     7.4173     6.1160    31.9380    31.9410    24.9882    24.9908    6.87364 0.0000e+00
       3132     40.998     7.1456     7.1442   3.263260   3.263376     2.9414     2.7277      8.158     0.6760     1.5692 3.0686e-01     0.1067    97.3682     7.4159     6.1129    31.9379    31.9404    24.9880    24.9902    6.87363 0.0000e+00
       3135     41.048     7.1455     7.1439   3.263252   3.263383     2.9423     2.7277      8.158     0.6857     1.5692 3.1333e-01     0.1067    97.3682     7.4200     6.1121    31.9378    31.9408    24.9880    24.9905    6.87365 0.0000e+00
       3138     41.102     7.1455     7.1438   3.263274   3.263395     2.9423     2.7277      8.158     0.6320     1.5692 3.0367e-01     0.1067    97.3682     7.4219     6.1121    31.9380    31.9409    24.9882    24.9907    6.87364 0.0000e+00
       3141     41.160     7.1455     7.1438   3.263245   3.263387     2.9423     2.7269      8.158     0.6125     1.5692 3.0306e-01     0.1067    97.3682     7.4227     6.1095    31.9377    31.9408    24.9879    24.9906    6.87365 0.0000e+00
       3144     41.221     7.1456     7.1438   3.263268   3.263366     2.9423     2.7273      8.158     0.6027     1.5692 3.0579e-01     0.1071    97.3595     7.4235     6.1105    31.9378    31.9405    24.9880    24.9904    6.87363 0.0000e+00
       3147     41.285     7.1457     7.1439   3.263281   3.263386     2.9427     2.7269      8.158     0.6076     1.5692 3.0544e-01     0.1071    97.3595     7.4248     6.1099    31.9378    31.9406    24.9880    24.9904    6.87362 0.0000e+00
       3150     41.352     7.1457     7.1442   3.263281   3.263403     2.9427     2.7265      8.158     0.6125     1.5692 3.0267e-01     0.1078    97.3422     7.4250     6.1087    31.9378    31.9405    24.9880    24.9903    6.87362 0.0000e+00
       3153     41.424     7.1456     7.1447   3.263297   3.263428     2.9427     2.7265      8.158     0.6076     1.5692 2.9269e-01     0.1078    97.3422     7.4250     6.1099    31.9380    31.9402    24.9881    24.9900    6.87362 0.0000e+00
       3156     41.503     7.1457     7.1453   3.263281   3.263463     2.9427     2.7265      8.158     0.6076     1.5692 2.8599e-01     0.1078    97.3422     7.4248     6.1101    31.9377    31.9401    24.9879    24.9898    6.87362 0.0000e+00
       3159     41.579     7.1457     7.1453   3.263285   3.263443     2.9435     2.7257      8.158     0.6125     1.5692 2.8666e-01     0.1078    97.3422     7.4271     6.1080    31.9378    31.9399    24.9880    24.9897    6.87362 0.0000e+00
       3162     41.655     7.1458     7.1450   3.263281   3.263436     2.9431     2.7261      8.158     0.6027     1.5692 2.8936e-01     0.1078    97.3422     7.4256     6.1092    31.9376    31.9400    24.9878    24.9898    6.87361 0.0000e+00
       3165     41.735     7.1458     7.1449   3.263275   3.263466     2.9435     2.7253      8.158     0.5978     1.5692 2.7846e-01     0.1078    97.3422     7.4266     6.1068    31.9375    31.9404    24.9877    24.9901    6.87362 0.0000e+00
       3168     41.816     7.1456     7.1450   3.263293   3.263464     2.9431     2.7253      8.158     0.5881     1.5692 2.8104e-01     0.1085    97.3248     7.4247     6.1072    31.9378    31.9403    24.9880    24.9900    6.87363 0.0000e+00
       3171     41.900     7.1455     7.1451   3.263295   3.263453     2.9435     2.7253      8.158     0.5881     1.5692 2.7241e-01     0.1110    97.2640     7.4257     6.1078    31.9379    31.9399    24.9881    24.9897    6.87364 0.0000e+00
       3174     41.982     7.1455     7.1450   3.263291   3.263448     2.9435     2.7253      8.158     0.5929     1.5692 2.7053e-01     0.1110    97.2640     7.4249     6.1085    31.9378    31.9400    24.9880    24.9898    6.87365 0.0000e+00
       3177     42.066     7.1453     7.1449   3.263282   3.263436     2.9435     2.7249      8.158     0.6027     1.5692 2.6404e-01     0.1110    97.2640     7.4244     6.1082    31.9378    31.9399    24.9881    24.9898    6.87368 0.0000e+00
       3180     42.150     7.1451     7.1447   3.263347   3.263432     2.9435     2.7249      8.158     0.5832     1.5692 2.6286e-01     0.1110    97.2640     7.4231     6.1083    31.9387    31.9400    24.9888    24.9898    6.87367 0.0000e+00
       3183     42.233     7.1451     7.1450   3.263376   3.263462     2.9439     2.7245      8.158     0.5929     1.5692 2.6711e-01     0.1110    97.2640     7.4238     6.1074    31.9389    31.9400    24.9890    24.9898    6.87366 0.0000e+00
       3186     42.316     7.1448     7.1453   3.263381   3.263473     2.9435     2.7241      8.158     0.5881     1.5692 2.5982e-01     0.1110    97.2640     7.4230     6.1061    31.9392    31.9398    24.9893    24.9896    6.87369 0.0000e+00
       3189     42.395     7.1448     7.1453   3.263393   3.263491     2.9439     2.7241      8.158     0.6027     1.5692 2.5099e-01     0.1106    97.2727     7.4233     6.1076    31.9393    31.9400    24.9893    24.9897    6.87369 0.0000e+00
       3192     42.473     7.1448     7.1454   3.263387   3.263505     2.9435     2.7241      8.158     0.6125     1.5692 2.5038e-01     0.1110    97.2640     7.4224     6.1085    31.9393    31.9400    24.9892    24.9897    6.87370 0.0000e+00
       3195     42.549     7.1448     7.1450   3.263393   3.263478     2.9439     2.7241      8.158     0.6076     1.5692 2.4891e-01     0.1110    97.2640     7.4231     6.1098    31.9393    31.9400    24.9893    24.9898    6.87370 0.0000e+00
       3198     42.620     7.1448     7.1444   3.263424   3.263504     2.9431     2.7241      8.158     0.6125     1.5692 2.4409e-01     0.1110    97.2640     7.4204     6.1116    31.9396    31.9408    24.9895    24.9905    6.87368 0.0000e+00
       3201     42.688     7.1448     7.1440   3.263426   3.263555     2.9435     2.7241      8.158     0.6125     1.5692 2.4579e-01     0.1110    97.2640     7.4220     6.1138    31.9396    31.9417    24.9895    24.9913    6.87368 0.0000e+00
       3204     42.751     7.1448     7.1443   3.263412   3.263592     2.9431     2.7229      8.158     0.6076     1.5692 2.4464e-01     0.1110    97.2640     7.4205     6.1129    31.9394    31.9418    24.9893    24.9913    6.87369 0.0000e+00
       3207     42.811     7.1449     7.1445   3.263457   3.263611     2.9435     2.7233      8.158     0.6174     1.5692 2.3848e-01     0.1106    97.2727     7.4222     6.1166    31.9398    31.9418    24.9896    24.9913    6.87366 0.0000e+00
       3210     42.868     7.1449     7.1448   3.263469   3.263657     2.9439     2.7233      8.158     0.6125     1.5692 2.3279e-01     0.1099    97.2900     7.4233     6.1187    31.9399    31.9420    24.9897    24.9914    6.87365 0.0000e+00
       3213     42.920     7.1450     7.1449   3.263468   3.263633     2.9431     2.7241      8.158     0.6125     1.5692 2.4016e-01     0.1092    97.3074     7.4211     6.1227    31.9397    31.9417    24.9896    24.9911    6.87364 0.0000e+00
       3216     42.966     7.1450     7.1447   3.263451   3.263645     2.9435     2.7237      8.158     0.5783     1.5692 2.2825e-01     0.1095    97.2987     7.4226     6.1234    31.9395    31.9419    24.9894    24.9913    6.87365 0.0000e+00
       3219     43.011     7.1450     7.1443   3.263456   3.263644     2.9435     2.7241      8.158     0.5636     1.5692 2.3331e-01     0.1099    97.2900     7.4229     6.1258    31.9395    31.9423    24.9894    24.9917    6.87365 0.0000e+00
       3222     43.057     7.1451     7.1442   3.263451   3.263604     2.9431     2.7241      8.158     0.5490     1.5692 2.3037e-01     0.1088    97.3161     7.4222     6.1279    31.9395    31.9419    24.9894    24.9914    6.87364 0.0000e+00
       3225     43.096     7.1449     7.1438   3.263429   3.263579     2.9439     2.7245      8.158     0.5490     1.5692 2.2903e-01     0.1095    97.2987     7.4250     6.1302    31.9393    31.9419    24.9893    24.9915    6.87367 0.0000e+00
       3228     43.129     7.1449     7.1436   3.263459   3.263591     2.9435     2.7253      8.158     0.5588     1.5692 2.2458e-01     0.1099    97.2900     7.4235     6.1321    31.9396    31.9422    24.9895    24.9917    6.87366 0.0000e+00
       3231     43.160     7.1451     7.1436   3.263481   3.263591     2.9435     2.7249      8.158     0.5636     1.5692 2.2931e-01     0.1088    97.3161     7.4238     6.1286    31.9397    31.9423    24.9895    24.9918    6.87363 0.0000e+00
       3234     43.189     7.1451     7.1437   3.263480   3.263569     2.9431     2.7257      8.158     0.5636     1.5692 2.2824e-01     0.1092    97.3074     7.4231     6.1287    31.9397    31.9419    24.9895    24.9915    6.87363 0.0000e+00
       3237     43.212     7.1452     7.1437   3.263489   3.263575     2.9435     2.7253      8.158     0.5539     1.5692 2.3089e-01     0.1088    97.3161     7.4247     6.1261    31.9397    31.9420    24.9895    24.9916    6.87362 0.0000e+00
