Datasets/AZMP/COO001/79001070.cnv
* Sea-Bird SBE 9 Data File:
* FileName = C:\CTDDATA\79001070.hex
* Software Version Seasave V 7.26.7.110
* Temperature SN = 5660
* Conductivity SN = 3698
* Number of Bytes Per Scan = 30
* Number of Voltage Words = 4
* Number of Scans Averaged by the Deck Unit = 1
* NMEA baud rate = 9600
** VESSEL/TRIP/SEQ STN:  79001070
** LATITUDE XX XX.XX N:  48 10.20 N
** LONGITUDE XX XX.XX W:  53 13.70 W
** SOUNDING DEPTH (M):  0306
** PROBE TYPE: S1257
** CTD NUMBER: 037
** COMMENTS (14 CHAR): TB-04
** BOTTLES:  0
** LEVELS:
** STICKERS:
** VNET: N
** DO2: N
# nquan = 22
# nvalues = 7582                        
# units = specified
# name 0 = scan: Scan Count
# name 1 = prDM: Pressure, Digiquartz [db]
# name 2 = t090C: Temperature [ITS-90, deg C]
# name 3 = t190C: Temperature, 2 [ITS-90, deg C]
# name 4 = c0S/m: Conductivity [S/m]
# name 5 = c1S/m: Conductivity, 2 [S/m]
# name 6 = sbeox0V: Oxygen raw, SBE 43 [V]
# name 7 = sbeox1V: Oxygen raw, SBE 43, 2 [V]
# name 8 = ph: pH
# name 9 = flECO-AFL: Fluorescence, WET Labs ECO-AFL/FL [mg/m^3]
# name 10 = wetCDOM: Fluorescence, WET Labs CDOM [mg/m^3]
# name 11 = par/sat/log: PAR/Logarithmic, Satlantic [umol photons/m^2/sec]
# name 12 = CStarAt0: Beam Attenuation, WET Labs C-Star [1/m]
# name 13 = CStarTr0: Beam Transmission, WET Labs C-Star [%]
# name 14 = sbeox0ML/L: Oxygen, SBE 43 [ml/l], WS = 2
# name 15 = sbeox1ML/L: Oxygen, SBE 43, 2 [ml/l], WS = 2
# name 16 = sal00: Salinity, Practical [PSU]
# name 17 = sal11: Salinity, Practical, 2 [PSU]
# name 18 = sigma-t00: Density [sigma-t, kg/m^3 ]
# name 19 = sigma-t11: Density, 2 [sigma-t, kg/m^3 ]
# name 20 = oxsatML/L: Oxygen Saturation, Weiss [ml/l]
# name 21 = flag: flag
# span 0 =         46,      30081       
# span 1 =      1.509,    299.018       
# span 2 =    -0.6988,     3.5771       
# span 3 =    -0.7036,     3.5770       
# span 4 =   2.681258,   2.980354       
# span 5 =   2.681318,   2.980560       
# span 6 =     2.0879,     2.7680       
# span 7 =     2.0770,     2.7244       
# span 8 =      7.935,      8.166       
# span 9 =     0.0020,     0.7736       
# span 10 =    -1.3523,     2.2798      
# span 11 = 1.0642e-01, 4.9390e-01      
# span 12 =     0.0715,     0.4130      
# span 13 =    90.1905,    98.2285      
# span 14 =     5.7060,     7.9170      
# span 15 =     5.8433,     8.2638      
# span 16 =    31.7048,    34.0871      
# span 17 =    31.7036,    34.0559      
# span 18 =    25.2054,    27.2756      
# span 19 =    25.2044,    27.2544      
# span 20 =    7.50256,    8.32328      
# span 21 = 0.0000e+00, 0.0000e+00      
# interval = scans: 3                   
# start_time = Dec 01 2019 02:03:09 [System UTC, header]
# bad_flag = -9.990e-29
*END*
[from data line 1054]
       3793     76.882     2.4884     2.4830   2.888960   2.888943     2.7033     2.6573      8.135     0.1485     1.9245 1.0790e-01     0.0874    97.8375     7.5596     7.8830    32.0969    32.1021    25.6098    25.6144    7.69100 0.0000e+00
       3796     76.969     2.4849     2.4782   2.888632   2.888584     2.7037     2.6569      8.136     0.1436     1.9245 1.0790e-01     0.0874    97.8375     7.5635     7.8854    32.0964    32.1025    25.6096    25.6150    7.69172 0.0000e+00
       3799     77.058     2.4804     2.4727   2.888360   2.888181     2.7046     2.6569      8.135     0.1485     1.9245 1.0790e-01     0.0874    97.8375     7.5690     7.8909    32.0975    32.1031    25.6108    25.6159    7.69253 0.0000e+00
       3802     77.146     2.4756     2.4624   2.887903   2.887482     2.7029     2.6569      8.135     0.1485     1.9245 1.0790e-01     0.0878    97.8288     7.5652     7.8961    32.0967    32.1047    25.6106    25.6181    7.69353 0.0000e+00
       3805     77.239     2.4680     2.4523   2.887276   2.886854     2.7025     2.6569      8.135     0.1436     1.9245 1.0790e-01     0.0896    97.7854     7.5679     7.9022    32.0966    32.1072    25.6111    25.6208    7.69501 0.0000e+00
       3808     77.331     2.4587     2.4422   2.886548   2.886263     2.7025     2.6565      8.135     0.1436     1.9245 1.0790e-01     0.0892    97.7941     7.5719     7.9078    32.0969    32.1101    25.6121    25.6239    7.69681 0.0000e+00
       3811     77.421     2.4488     2.4338   2.885989   2.885708     2.7013     2.6557      8.135     0.1436     1.9245 1.0790e-01     0.0892    97.7941     7.5701     7.9111    32.1000    32.1116    25.6153    25.6258    7.69859 0.0000e+00
       3814     77.515     2.4398     2.4229   2.885470   2.885024     2.7021     2.6557      8.135     0.1485     1.9245 1.0790e-01     0.0896    97.7854     7.5727     7.9170    32.1026    32.1142    25.6181    25.6286    7.70022 0.0000e+00
       3817     77.607     2.4304     2.4131   2.884880   2.884449     2.7017     2.6557      8.135     0.1485     1.9245 1.0790e-01     0.0896    97.7854     7.5717     7.9232    32.1049    32.1170    25.6206    25.6316    7.70196 0.0000e+00
       3820     77.699     2.4216     2.4035   2.884344   2.883788     2.7009     2.6557      8.135     0.1436     1.9245 1.0790e-01     0.0896    97.7854     7.5695     7.9271    32.1070    32.1184    25.6230    25.6335    7.70357 0.0000e+00
       3823     77.792     2.4123     2.3920   2.883689   2.882932     2.7009     2.6557      8.135     0.1485     1.9245 1.0790e-01     0.0896    97.7854     7.5724     7.9316    32.1084    32.1194    25.6248    25.6352    7.70533 0.0000e+00
       3826     77.882     2.4019     2.3786   2.882858   2.882060     2.7009     2.6557      8.135     0.1436     1.9245 1.0790e-01     0.0885    97.8114     7.5750     7.9357    32.1085    32.1221    25.6257    25.6384    7.70736 0.0000e+00
       3829     77.971     2.3907     2.3641   2.882117   2.881133     2.7009     2.6557      8.135     0.1436     1.9245 1.0790e-01     0.0885    97.8114     7.5747     7.9383    32.1107    32.1253    25.6283    25.6420    7.70945 0.0000e+00
       3832     78.057     2.3803     2.3550   2.881526   2.880708     2.7005     2.6557      8.135     0.1485     1.9245 1.0790e-01     0.0885    97.8114     7.5756     7.9403    32.1138    32.1292    25.6316    25.6459    7.71133 0.0000e+00
       3835     78.144     2.3712     2.3518   2.880927   2.880273     2.6985     2.6557      8.135     0.1436     1.9245 1.0790e-01     0.0885    97.8114     7.5707     7.9391    32.1155    32.1271    25.6337    25.6444    7.71303 0.0000e+00
       3838     78.228     2.3573     2.3249   2.879294   2.878243     2.6981     2.6557      8.135     0.1485     1.9245 1.0790e-01     0.0889    97.8027     7.5728     7.9396    32.1094    32.1291    25.6299    25.6481    7.71608 0.0000e+00
       3841     78.312     2.3386     2.3059   2.878197   2.877405     2.6989     2.6557      8.135     0.1436     1.9245 1.0790e-01     0.0889    97.8027     7.5802     7.9386    32.1147    32.1380    25.6356    25.6566    7.71949 0.0000e+00
       3844     78.391     2.3269     2.3001   2.877930   2.877186     2.6985     2.6557      8.135     0.1436     1.9245 1.0790e-01     0.0896    97.7854     7.5814     7.9329    32.1231    32.1410    25.6431    25.6595    7.72135 0.0000e+00
       3847     78.471     2.3182     2.2967   2.877501   2.876907     2.6981     2.6557      8.135     0.1485     1.9245 1.0790e-01     0.0899    97.7767     7.5819     7.9275    32.1266    32.1410    25.6466    25.6597    7.72288 0.0000e+00
       3850     78.547     2.3121     2.2914   2.877360   2.876538     2.6968     2.6549      8.135     0.1436     1.9245 1.0790e-01     0.0896    97.7854     7.5786     7.9182    32.1310    32.1418    25.6506    25.6608    7.72387 0.0000e+00
       3853     78.622     2.3079     2.2860   2.877185   2.876211     2.6964     2.6545      8.135     0.1339     1.9245 1.0790e-01     0.0896    97.7854     7.5801     7.9106    32.1331    32.1431    25.6526    25.6622    7.72459 0.0000e+00
       3856     78.694     2.3031     2.2826   2.876858   2.875987     2.6972     2.6545      8.135     0.1485     1.9245 1.0790e-01     0.0899    97.7767     7.5857     7.9038    32.1338    32.1437    25.6535    25.6630    7.72550 0.0000e+00
       3859     78.764     2.2996     2.2796   2.876752   2.875834     2.6968     2.6537      8.135     0.1485     1.9245 1.0790e-01     0.0896    97.7854     7.5848     7.8962    32.1360    32.1449    25.6556    25.6642    7.72607 0.0000e+00
       3862     78.831     2.2966     2.2789   2.876511   2.875809     2.6968     2.6533      8.135     0.1290     1.9245 1.0790e-01     0.0899    97.7767     7.5818     7.8908    32.1360    32.1452    25.6558    25.6644    7.72666 0.0000e+00
       3865     78.899     2.2938     2.2786   2.876467   2.875761     2.6960     2.6529      8.131     0.1290     1.9245 1.0790e-01     0.0896    97.7854     7.5777     7.8854    32.1383    32.1450    25.6578    25.6643    7.72710 0.0000e+00
       3868     78.966     2.2920     2.2770   2.876400   2.875542     2.6960     2.6520      8.134     0.1339     1.9245 1.0790e-01     0.0896    97.7854     7.5778     7.8803    32.1392    32.1438    25.6587    25.6634    7.72740 0.0000e+00
       3871     79.031     2.2902     2.2712   2.876178   2.875141     2.6952     2.6516      8.134     0.1290     1.9245 1.0790e-01     0.0899    97.7767     7.5747     7.8783    32.1383    32.1446    25.6581    25.6646    7.72781 0.0000e+00
       3874     79.099     2.2894     2.2637   2.876241   2.874706     2.6948     2.6508      8.134     0.1290     1.9245 1.0790e-01     0.0896    97.7854     7.5737     7.8767    32.1398    32.1469    25.6593    25.6669    7.72788 0.0000e+00
       3877     79.164     2.2884     2.2594   2.876222   2.874524     2.6952     2.6500      8.134     0.1290     1.9245 1.0790e-01     0.0896    97.7854     7.5731     7.8747    32.1406    32.1489    25.6601    25.6689    7.72804 0.0000e+00
       3880     79.229     2.2874     2.2559   2.876042   2.874233     2.6940     2.6496      8.131     0.1290     1.9245 1.0790e-01     0.0896    97.7854     7.5678     7.8741    32.1393    32.1488    25.6591    25.6691    7.72830 0.0000e+00
       3883     79.294     2.2854     2.2499   2.875861   2.873842     2.6936     2.6496      8.132     0.1339     1.9245 1.0790e-01     0.0899    97.7767     7.5666     7.8782    32.1390    32.1500    25.6590    25.6705    7.72871 0.0000e+00
       3886     79.359     2.2824     2.2418   2.875531   2.873178     2.6915     2.6488      8.135     0.1290     1.9245 1.0790e-01     0.0906    97.7593     7.5591     7.8778    32.1380    32.1499    25.6584    25.6710    7.72936 0.0000e+00
       3889     79.428     2.2767     2.2250   2.874989   2.871881     2.6928     2.6484      8.131     0.1485     1.9245 1.0790e-01     0.0906    97.7593     7.5647     7.8818    32.1370    32.1509    25.6580    25.6731    7.73053 0.0000e+00
       3892     79.498     2.2692     2.2053   2.874390   2.870611     2.6920     2.6476      8.131     0.1583     1.9245 1.0790e-01     0.0906    97.7593     7.5647     7.8849    32.1371    32.1551    25.6587    25.6779    7.73200 0.0000e+00
       3895     79.571     2.2602     2.1850   2.873605   2.869425     2.6915     2.6472      8.131     0.1436     1.9245 1.0790e-01     0.0906    97.7593     7.5668     7.8908    32.1365    32.1609    25.6589    25.6840    7.73381 0.0000e+00
       3898     79.645     2.2475     2.1727   2.872460   2.868812     2.6920     2.6468      8.131     0.1387     1.9245 1.0790e-01     0.0906    97.7593     7.5717     7.8939    32.1352    32.1657    25.6588    25.6888    7.73640 0.0000e+00
       3901     79.723     2.2296     2.1677   2.870932   2.868594     2.6911     2.6463      8.131     0.1436     1.9245 1.0790e-01     0.0906    97.7593     7.5729     7.8955    32.1344    32.1681    25.6595    25.6911    7.73998 0.0000e+00
       3904     79.802     2.2088     2.1658   2.869582   2.868528     2.6903     2.6459      8.133     0.1485     1.9245 1.0790e-01     0.0910    97.7506     7.5771     7.8962    32.1387    32.1691    25.6645    25.6920    7.74387 0.0000e+00
       3907     79.882     2.1913     2.1647   2.868829   2.868460     2.6899     2.6459      8.131     0.1436     1.9245 1.0790e-01     0.0917    97.7332     7.5799     7.9003    32.1470    32.1694    25.6725    25.6923    7.74690 0.0000e+00
       3910     79.967     2.1800     2.1640   2.868609   2.868399     2.6887     2.6447      8.131     0.1436     1.9245 1.0790e-01     0.0913    97.7419     7.5774     7.9017    32.1557    32.1693    25.6803    25.6923    7.74870 0.0000e+00
       3913     80.055     2.1735     2.1631   2.868503   2.868355     2.6895     2.6443      8.131     0.1339     1.9245 1.0790e-01     0.0917    97.7332     7.5807     7.9042    32.1609    32.1696    25.6849    25.6926    7.74971 0.0000e+00
       3916     80.145     2.1699     2.1622   2.868414   2.868253     2.6891     2.6447      8.131     0.1290     1.9245 1.0790e-01     0.0917    97.7332     7.5811     7.9120    32.1634    32.1692    25.6872    25.6924    7.75030 0.0000e+00
       3919     80.237     2.1667     2.1577   2.868288   2.867834     2.6891     2.6443      8.131     0.1339     1.9245 1.0790e-01     0.0917    97.7332     7.5819     7.9164    32.1651    32.1685    25.6887    25.6921    7.75085 0.0000e+00
       3922     80.332     2.1646     2.1527   2.868149   2.867576     2.6879     2.6435      8.131     0.1290     1.9245 1.0790e-01     0.0917    97.7332     7.5788     7.9194    32.1654    32.1703    25.6892    25.6940    7.75124 0.0000e+00
       3925     80.430     2.1604     2.1441   2.867571   2.866565     2.6875     2.6435      8.131     0.1290     1.9245 1.0790e-01     0.0917    97.7332     7.5807     7.9254    32.1624    32.1665    25.6871    25.6916    7.75223 0.0000e+00
       3928     80.530     2.1504     2.1126   2.866269   2.864064     2.6883     2.6435      8.131     0.1290     1.9245 1.0790e-01     0.0917    97.7332     7.5876     7.9337    32.1564    32.1674    25.6830    25.6946    7.75453 0.0000e+00
       3931     80.636     2.1321     2.0821   2.864511   2.862423     2.6871     2.6435      8.131     0.1290     1.9245 1.0790e-01     0.0917    97.7332     7.5869     7.9422    32.1531    32.1779    25.6817    25.7052    7.75834 0.0000e+00
       3934     80.742     2.1105     2.0641   2.863032   2.861614     2.6862     2.6435      8.131     0.1290     1.9245 1.0790e-01     0.0917    97.7332     7.5889     7.9482    32.1566    32.1861    25.6861    25.7131    7.76245 0.0000e+00
       3937     80.849     2.0908     2.0566   2.862050   2.861297     2.6871     2.6431      8.128     0.1290     1.9245 1.0790e-01     0.0917    97.7332     7.5955     7.9476    32.1643    32.1897    25.6937    25.7165    7.76596 0.0000e+00
       3940     80.955     2.0759     2.0524   2.861485   2.861046     2.6862     2.6435      8.128     0.1436     1.9245 1.0790e-01     0.0917    97.7332     7.5978     7.9476    32.1724    32.1908    25.7013    25.7177    7.76850 0.0000e+00
       3943     81.063     2.0657     2.0501   2.861182   2.860954     2.6862     2.6435      8.127     0.1387     1.9245 1.0790e-01     0.0917    97.7332     7.6018     7.9457    32.1789    32.1919    25.7072    25.7187    7.77019 0.0000e+00
       3946     81.168     2.0594     2.0497   2.861052   2.860888     2.6850     2.6435      8.130     0.1485     1.9245 1.0790e-01     0.0910    97.7506     7.6006     7.9414    32.1836    32.1914    25.7114    25.7184    7.77120 0.0000e+00
       3949     81.271     2.0557     2.0472   2.860936   2.860726     2.6862     2.6423      8.127     0.1387     1.9245 1.0790e-01     0.0906    97.7593     7.6061     7.9301    32.1859    32.1919    25.7135    25.7190    7.77182 0.0000e+00
       3952     81.376     2.0525     2.0461   2.860712   2.860673     2.6850     2.6423      8.129     0.1436     1.9245 1.0790e-01     0.0906    97.7593     7.6029     7.9236    32.1864    32.1924    25.7141    25.7194    7.77244 0.0000e+00
       3955     81.479     2.0484     2.0438   2.860407   2.860463     2.6846     2.6423      8.127     0.1436     1.9245 1.0790e-01     0.0906    97.7593     7.6033     7.9169    32.1866    32.1921    25.7147    25.7193    7.77323 0.0000e+00
       3958     81.585     2.0450     2.0412   2.860238   2.860313     2.6850     2.6423      8.127     0.1436     1.9245 1.0790e-01     0.0906    97.7593     7.6056     7.9112    32.1879    32.1928    25.7159    25.7201    7.77384 0.0000e+00
       3961     81.690     2.0415     2.0384   2.859936   2.860156     2.6846     2.6415      8.127     0.1436     2.0429 1.0790e-01     0.0906    97.7593     7.6053     7.9041    32.1877    32.1936    25.7161    25.7210    7.77456 0.0000e+00
       3964     81.789     2.0378     2.0360   2.859768   2.859955     2.6850     2.6411      8.127     0.1387     2.0429 1.0790e-01     0.0913    97.7419     7.6090     7.8987    32.1893    32.1935    25.7176    25.7211    7.77522 0.0000e+00
       3967     81.884     2.0359     2.0323   2.859787   2.859707     2.6846     2.6402      8.127     0.1290     2.0429 1.0790e-01     0.0928    97.7071     7.6076     7.8937    32.1914    32.1941    25.7194    25.7218    7.77548 0.0000e+00
       3970     81.981     2.0339     2.0302   2.859606   2.859606     2.6842     2.6398      8.127     0.1290     2.0429 1.0790e-01     0.0928    97.7071     7.6059     7.8919    32.1912    32.1949    25.7194    25.7226    7.77590 0.0000e+00
       3973     82.074     2.0321     2.0291   2.859521   2.859612     2.6842     2.6386      8.127     0.1290     2.0429 1.0790e-01     0.0928    97.7071     7.6050     7.8865    32.1919    32.1960    25.7201    25.7236    7.77622 0.0000e+00
       3976     82.167     2.0305     2.0291   2.859468   2.859613     2.6830     2.6386      8.127     0.1290     2.0429 1.0790e-01     0.0928    97.7071     7.6015     7.8849    32.1928    32.1961    25.7209    25.7236    7.77649 0.0000e+00
       3979     82.256     2.0294     2.0282   2.859426   2.859487     2.6834     2.6374      8.127     0.1290     2.0429 1.0790e-01     0.0928    97.7071     7.6012     7.8795    32.1933    32.1953    25.7214    25.7231    7.77668 0.0000e+00
       3982     82.344     2.0283     2.0256   2.859347   2.859292     2.6834     2.6374      8.127     0.1339     2.0429 1.0790e-01     0.0928    97.7071     7.6017     7.8810    32.1934    32.1955    25.7216    25.7235    7.77689 0.0000e+00
       3985     82.430     2.0278     2.0228   2.859375   2.859158     2.6834     2.6374      8.127     0.1290     1.9640 1.0790e-01     0.0935    97.6898     7.6019     7.8848    32.1943    32.1966    25.7222    25.7245    7.77695 0.0000e+00
