Datasets/AZMP/COO001/79001021.cnv
* Sea-Bird SBE 9 Data File:
* FileName = C:\CTDDATA\79001021.hex
* Software Version Seasave V 7.26.7.110
* Temperature SN = 5660
* Conductivity SN = 3698
* Number of Bytes Per Scan = 30
* Number of Voltage Words = 4
* Number of Scans Averaged by the Deck Unit = 1
* NMEA baud rate = 9600
** VESSEL/TRIP/SEQ STN:  79001021
** LATITUDE XX XX.XX N:  46 35.00 N
** LONGITUDE XX XX.XX W:  52 56.00 W
** SOUNDING DEPTH (M):  0055
** PROBE TYPE (S1221): S1257
** CTD NUMBER: 021
** COMMENTS (14 CHAR):  SEGB-01
** BOTTLES:  14
** LEVELS: 5,5,5,5,10,20,20,20,20,30,40,BTM,BTM,BTM
** STICKERS: 434687 - 434700
** VNET: Y
** DO2: N
# nquan = 22
# nvalues = 1914                        
# units = specified
# name 0 = scan: Scan Count
# name 1 = prDM: Pressure, Digiquartz [db]
# name 2 = t090C: Temperature [ITS-90, deg C]
# name 3 = t190C: Temperature, 2 [ITS-90, deg C]
# name 4 = c0S/m: Conductivity [S/m]
# name 5 = c1S/m: Conductivity, 2 [S/m]
# name 6 = sbeox0V: Oxygen raw, SBE 43 [V]
# name 7 = sbeox1V: Oxygen raw, SBE 43, 2 [V]
# name 8 = ph: pH
# name 9 = flECO-AFL: Fluorescence, WET Labs ECO-AFL/FL [mg/m^3]
# name 10 = wetCDOM: Fluorescence, WET Labs CDOM [mg/m^3]
# name 11 = par/sat/log: PAR/Logarithmic, Satlantic [umol photons/m^2/sec]
# name 12 = CStarAt0: Beam Attenuation, WET Labs C-Star [1/m]
# name 13 = CStarTr0: Beam Transmission, WET Labs C-Star [%]
# name 14 = sbeox0ML/L: Oxygen, SBE 43 [ml/l], WS = 2
# name 15 = sbeox1ML/L: Oxygen, SBE 43, 2 [ml/l], WS = 2
# name 16 = sal00: Salinity, Practical [PSU]
# name 17 = sal11: Salinity, Practical, 2 [PSU]
# name 18 = sigma-t00: Density [sigma-t, kg/m^3 ]
# name 19 = sigma-t11: Density, 2 [sigma-t, kg/m^3 ]
# name 20 = oxsatML/L: Oxygen Saturation, Weiss [ml/l]
# name 21 = flag: flag
# span 0 =        236,      32608       
# span 1 =      0.522,     47.566       
# span 2 =     4.1493,     4.8641       
# span 3 =     3.9500,     4.8631       
# span 4 =   2.941287,   3.044672       
# span 5 =   2.989175,   3.044796       
# span 6 =     2.8230,     2.9062       
# span 7 =     2.7046,     2.7444       
# span 8 =      8.124,      8.144       
# span 9 =     0.5099,     0.9055       
# span 10 =     1.3323,     1.9245      
# span 11 = 1.0790e-01, 8.3455e+00      
# span 12 =     0.1099,     0.1911      
# span 13 =    95.3348,    97.2900      
# span 14 =     7.4743,     7.8096      
# span 15 =     6.4177,     6.6680      
# span 16 =    30.4743,    31.8416      
# span 17 =    31.6606,    31.8913      
# span 18 =    24.1033,    25.2565      
# span 19 =    25.0434,    25.3115      
# span 20 =    7.27076,    7.39042      
# span 21 = 0.0000e+00, 0.0000e+00      
# interval = scans: 3                   
# start_time = Nov 23 2019 10:30:38 [System UTC, header]
# bad_flag = -9.990e-29
*END*
        236      1.848     4.8455     4.8442   3.043130   3.043260     2.8327     2.7399      8.141     0.6271     1.6876 1.3493e+00     0.1189    97.0728     7.4886     6.5230    31.6589    31.6616    25.0439    25.0462    7.27401 0.0000e+00
        239      1.883     4.8458     4.8441   3.043196   3.043273     2.8327     2.7399      8.142     0.6369     1.6876 2.4262e+00     0.1196    97.0554     7.4900     6.5221    31.6593    31.6619    25.0442    25.0464    7.27393 0.0000e+00
        242      1.936     4.8462     4.8444   3.043251   3.043292     2.8327     2.7399      8.139     0.6271     1.6876 1.8063e+00     0.1189    97.0728     7.4912     6.5212    31.6596    31.6617    25.0444    25.0462    7.27385 0.0000e+00
        245      2.006     4.8462     4.8442   3.043245   3.043276     2.8327     2.7399      8.141     0.6369     1.6876 1.5164e+00     0.1192    97.0641     7.4924     6.5200    31.6595    31.6617    25.0443    25.0463    7.27386 0.0000e+00
        248      2.091     4.8461     4.8443   3.043311   3.043317     2.8331     2.7399      8.141     0.6369     1.6876 1.4931e+00     0.1174    97.1075     7.4939     6.5198    31.6603    31.6621    25.0449    25.0465    7.27383 0.0000e+00
        251      2.192     4.8460     4.8449   3.043366   3.043388     2.8327     2.7403      8.139     0.6467     1.6876 1.1194e+00     0.1174    97.1075     7.4921     6.5207    31.6609    31.6623    25.0454    25.0466    7.27381 0.0000e+00
        254      2.302     4.8455     4.8447   3.043353   3.043320     2.8339     2.7399      8.142     0.6369     1.6876 8.1280e-01     0.1174    97.1075     7.4962     6.5194    31.6612    31.6617    25.0457    25.0461    7.27389 0.0000e+00
        257      2.414     4.8449     4.8436   3.043349   3.043226     2.8327     2.7399      8.141     0.6418     1.7271 8.5286e-01     0.1174    97.1075     7.4918     6.5203    31.6618    31.6615    25.0462    25.0461    7.27398 0.0000e+00
        260      2.523     4.8444     4.8438   3.043366   3.043366     2.8335     2.7403      8.139     0.7004     1.9245 7.3233e-01     0.1174    97.1075     7.4943     6.5215    31.6624    31.6629    25.0467    25.0473    7.27404 0.0000e+00
        263      2.621     4.8440     4.8442   3.043349   3.043374     2.8339     2.7403      8.139     0.7101     1.9245 6.8884e-01     0.1174    97.1075     7.4950     6.5214    31.6625    31.6626    25.0469    25.0469    7.27410 0.0000e+00
        266      2.712     4.8431     4.8442   3.043337   3.043342     2.8339     2.7399      8.141     0.7150     1.9245 8.8929e-01     0.1181    97.0902     7.4943     6.5215    31.6631    31.6622    25.0474    25.0466    7.27422 0.0000e+00
        269      2.795     4.8433     4.8436   3.043332   3.043284     2.8339     2.7399      8.141     0.7053     1.9245 7.9854e-01     0.1181    97.0902     7.4938     6.5229    31.6628    31.6620    25.0472    25.0465    7.27420 0.0000e+00
        272      2.868     4.8437     4.8433   3.043323   3.043330     2.8335     2.7399      8.144     0.7004     1.9245 8.1610e-01     0.1178    97.0988     7.4922     6.5239    31.6623    31.6628    25.0467    25.0472    7.27416 0.0000e+00
        275      2.927     4.8442     4.8435   3.043287   3.043390     2.8339     2.7399      8.141     0.7004     1.9245 8.7929e-01     0.1178    97.0988     7.4922     6.5251    31.6614    31.6632    25.0459    25.0475    7.27411 0.0000e+00
        278      2.974     4.8448     4.8438   3.043302   3.043426     2.8339     2.7399      8.139     0.7053     1.9245 1.0262e+00     0.1174    97.1075     7.4916     6.5258    31.6610    31.6633    25.0456    25.0476    7.27403 0.0000e+00
        281      3.009     4.8453     4.8440   3.043292   3.043462     2.8335     2.7407      8.142     0.7053     1.9245 9.1759e-01     0.1178    97.0988     7.4889     6.5292    31.6604    31.6636    25.0451    25.0477    7.27398 0.0000e+00
        899      3.043     4.8451     4.8434   3.043176   3.043257     2.8331     2.7411      8.144     0.7346     1.6876 5.7653e-01     0.1163    97.1336     7.4820     6.5118    31.6593    31.6618    25.0441    25.0464    7.27407 0.0000e+00
        902      3.088     4.8451     4.8434   3.043176   3.043269     2.8327     2.7403      8.141     0.7346     1.6876 4.8170e-01     0.1163    97.1336     7.4806     6.5090    31.6592    31.6619    25.0441    25.0465    7.27406 0.0000e+00
        905      3.134     4.8451     4.8435   3.043196   3.043259     2.8335     2.7399      8.142     0.7346     1.6876 4.7912e-01     0.1163    97.1336     7.4830     6.5073    31.6594    31.6617    25.0443    25.0462    7.27405 0.0000e+00
        908      3.183     4.8452     4.8434   3.043194   3.043271     2.8327     2.7403      8.141     0.7394     1.6876 5.3575e-01     0.1163    97.1336     7.4798     6.5079    31.6593    31.6619    25.0442    25.0464    7.27404 0.0000e+00
        911      3.235     4.8452     4.8436   3.043190   3.043271     2.8327     2.7399      8.139     0.7297     1.6876 5.2603e-01     0.1163    97.1336     7.4803     6.5064    31.6593    31.6617    25.0442    25.0462    7.27405 0.0000e+00
        914      3.293     4.8452     4.8436   3.043196   3.043280     2.8327     2.7399      8.139     0.7785     1.8060 6.1053e-01     0.1174    97.1075     7.4808     6.5067    31.6592    31.6617    25.0441    25.0463    7.27405 0.0000e+00
        917      3.348     4.8452     4.8436   3.043190   3.043293     2.8327     2.7395      8.144     0.7883     1.8060 5.4350e-01     0.1174    97.1075     7.4807     6.5053    31.6591    31.6619    25.0441    25.0464    7.27404 0.0000e+00
        920      3.407     4.8452     4.8437   3.043230   3.043322     2.8327     2.7391      8.141     0.7932     1.8060 5.9586e-01     0.1174    97.1075     7.4819     6.5052    31.6595    31.6620    25.0444    25.0465    7.27402 0.0000e+00
        923      3.470     4.8456     4.8438   3.043231   3.043338     2.8323     2.7391      8.141     0.7883     1.8060 8.8735e-01     0.1174    97.1075     7.4812     6.5071    31.6592    31.6621    25.0441    25.0466    7.27398 0.0000e+00
        926      3.536     4.8456     4.8438   3.043235   3.043311     2.8327     2.7387      8.139     0.7980     1.8060 5.6940e-01     0.1174    97.1075     7.4818     6.5081    31.6592    31.6618    25.0441    25.0463    7.27397 0.0000e+00
        929      3.607     4.8459     4.8437   3.043244   3.043280     2.8323     2.7387      8.142     0.7932     1.8060 4.3471e-01     0.1174    97.1075     7.4806     6.5091    31.6590    31.6614    25.0439    25.0461    7.27393 0.0000e+00
        932      3.682     4.8462     4.8439   3.043280   3.043301     2.8319     2.7387      8.144     0.7932     1.8060 4.9250e-01     0.1178    97.0988     7.4798     6.5106    31.6591    31.6615    25.0439    25.0461    7.27388 0.0000e+00
        935      3.761     4.8465     4.8438   3.043293   3.043369     2.8323     2.7387      8.139     0.7980     1.8060 5.9950e-01     0.1181    97.0902     7.4812     6.5121    31.6589    31.6623    25.0437    25.0468    7.27383 0.0000e+00
        938      3.847     4.8466     4.8441   3.043299   3.043377     2.8319     2.7387      8.141     0.7883     1.8455 4.9479e-01     0.1174    97.1075     7.4802     6.5138    31.6588    31.6622    25.0437    25.0466    7.27382 0.0000e+00
        941      3.938     4.8467     4.8444   3.043337   3.043405     2.8319     2.7379      8.139     0.7004     1.9245 4.3963e-01     0.1174    97.1075     7.4803     6.5134    31.6591    31.6621    25.0439    25.0465    7.27379 0.0000e+00
        944      4.035     4.8473     4.8447   3.043406   3.043395     2.8323     2.7387      8.139     0.6906     1.9245 3.9562e-01     0.1174    97.1075     7.4824     6.5183    31.6593    31.6616    25.0440    25.0461    7.27367 0.0000e+00
        947      4.138     4.8477     4.8452   3.043413   3.043420     2.8315     2.7387      8.141     0.6857     1.9245 3.5823e-01     0.1174    97.1075     7.4806     6.5206    31.6589    31.6614    25.0437    25.0459    7.27362 0.0000e+00
        950      4.245     4.8477     4.8454   3.043379   3.043441     2.8315     2.7387      8.142     0.6906     1.9245 4.2478e-01     0.1174    97.1075     7.4817     6.5224    31.6585    31.6614    25.0433    25.0458    7.27364 0.0000e+00
        953      4.352     4.8476     4.8454   3.043395   3.043455     2.8319     2.7387      8.142     0.6906     1.9245 7.1536e-01     0.1196    97.0554     7.4841     6.5237    31.6587    31.6615    25.0434    25.0459    7.27364 0.0000e+00
        956      4.461     4.8474     4.8454   3.043368   3.043392     2.8315     2.7387      8.141     0.6955     1.9245 5.7960e-01     0.1210    97.0206     7.4829     6.5249    31.6585    31.6608    25.0434    25.0453    7.27369 0.0000e+00
        959      4.567     4.8470     4.8451   3.043349   3.043386     2.8319     2.7387      8.144     0.6955     1.9245 3.7915e-01     0.1206    97.0293     7.4852     6.5258    31.6586    31.6609    25.0435    25.0455    7.27375 0.0000e+00
        962      4.671     4.8473     4.8447   3.043450   3.043393     2.8315     2.7391      8.141     0.6906     1.9245 5.5469e-01     0.1206    97.0293     7.4842     6.5277    31.6595    31.6613    25.0441    25.0458    7.27367 0.0000e+00
        965      4.770     4.8478     4.8446   3.043492   3.043420     2.8315     2.7387      8.141     0.6662     1.8455 5.6232e-01     0.1206    97.0293     7.4847     6.5265    31.6595    31.6617    25.0440    25.0461    7.27358 0.0000e+00
        968      4.863     4.8481     4.8452   3.043497   3.043454     2.8319     2.7399      8.141     0.5832     1.8060 5.7045e-01     0.1206    97.0293     7.4872     6.5309    31.6592    31.6614    25.0438    25.0459    7.27354 0.0000e+00
        971      4.952     4.8483     4.8452   3.043458   3.043436     2.8319     2.7399      8.141     0.5929     1.8060 4.8508e-01     0.1206    97.0293     7.4882     6.5316    31.6585    31.6612    25.0432    25.0457    7.27353 0.0000e+00
        974      5.033     4.8479     4.8453   3.043385   3.043461     2.8323     2.7399      8.139     0.5881     1.8060 3.7030e-01     0.1174    97.1075     7.4906     6.5326    31.6580    31.6613    25.0428    25.0458    7.27363 0.0000e+00
        977      5.109     4.8475     4.8456   3.043358   3.043491     2.8315     2.7399      8.139     0.5929     1.8060 4.0033e-01     0.1170    97.1162     7.4891     6.5325    31.6580    31.6614    25.0430    25.0458    7.27370 0.0000e+00
        980      5.177     4.8473     4.8456   3.043375   3.043474     2.8319     2.7399      8.142     0.5929     1.8060 5.1208e-01     0.1174    97.1075     7.4909     6.5324    31.6584    31.6611    25.0433    25.0456    7.27372 0.0000e+00
        983      5.232     4.8470     4.8448   3.043383   3.043446     2.8319     2.7399      8.141     0.5929     1.8060 6.1751e-01     0.1174    97.1075     7.4912     6.5321    31.6587    31.6615    25.0435    25.0460    7.27375 0.0000e+00
        986      5.278     4.8474     4.8452   3.043419   3.043457     2.8315     2.7399      8.141     0.5929     1.8060 6.1206e-01     0.1170    97.1162     7.4901     6.5311    31.6587    31.6613    25.0435    25.0458    7.27368 0.0000e+00
        989      5.317     4.8471     4.8457   3.043388   3.043503     2.8327     2.7403      8.141     0.5929     1.8060 4.4965e-01     0.1174    97.1075     7.4937     6.5315    31.6586    31.6613    25.0434    25.0458    7.27373 0.0000e+00
        992      5.348     4.8470     4.8456   3.043355   3.043483     2.8319     2.7411      8.139     0.6027     1.8060 6.0702e-01     0.1174    97.1075     7.4910     6.5326    31.6583    31.6611    25.0432    25.0457    7.27376 0.0000e+00
       1068      5.381     4.8467     4.8456   3.043369   3.043490     2.8327     2.7407      8.139     0.6760     1.8060 4.2774e-01     0.1178    97.0988     7.4921     6.5285    31.6587    31.6612    25.0436    25.0457    7.27380 0.0000e+00
       1107      5.437     4.8465     4.8456   3.043366   3.043516     2.8327     2.7411      8.142     0.7004     1.8060 3.6161e-01     0.1174    97.1075     7.4912     6.5277    31.6589    31.6614    25.0438    25.0458    7.27383 0.0000e+00
       1110      5.496     4.8464     4.8457   3.043366   3.043519     2.8327     2.7411      8.141     0.7053     1.8060 3.7442e-01     0.1178    97.0988     7.4908     6.5280    31.6590    31.6614    25.0438    25.0458    7.27385 0.0000e+00
       1113      5.558     4.8465     4.8458   3.043355   3.043517     2.8327     2.7411      8.142     0.7004     1.8060 3.7889e-01     0.1174    97.1075     7.4908     6.5296    31.6587    31.6612    25.0436    25.0457    7.27385 0.0000e+00
       1116      5.623     4.8467     4.8457   3.043386   3.043512     2.8327     2.7411      8.142     0.7004     1.8060 3.4452e-01     0.1153    97.1597     7.4909     6.5291    31.6589    31.6612    25.0437    25.0457    7.27380 0.0000e+00
       1119      5.687     4.8467     4.8456   3.043396   3.043506     2.8335     2.7411      8.141     0.7004     1.8060 2.9739e-01     0.1153    97.1597     7.4936     6.5295    31.6590    31.6612    25.0438    25.0457    7.27380 0.0000e+00
       1122      5.747     4.8467     4.8456   3.043400   3.043508     2.8327     2.7411      8.144     0.6955     1.8850 3.0036e-01     0.1153    97.1597     7.4905     6.5309    31.6589    31.6612    25.0437    25.0457    7.27379 0.0000e+00
       1125      5.801     4.8466     4.8457   3.043388   3.043504     2.8335     2.7411      8.141     0.6711     1.9245 3.0544e-01     0.1156    97.1510     7.4926     6.5320    31.6589    31.6610    25.0437    25.0455    7.27381 0.0000e+00
       1128      5.856     4.8467     4.8456   3.043394   3.043525     2.8331     2.7411      8.141     0.6808     1.9245 2.8861e-01     0.1156    97.1510     7.4903     6.5330    31.6588    31.6613    25.0436    25.0457    7.27379 0.0000e+00
       1131      5.908     4.8468     4.8457   3.043404   3.043530     2.8327     2.7415      8.141     0.6711     1.9245 2.9163e-01     0.1153    97.1597     7.4886     6.5352    31.6588    31.6613    25.0437    25.0458    7.27379 0.0000e+00
       1134      5.961     4.8465     4.8455   3.043353   3.043518     2.8331     2.7420      8.142     0.6760     1.9245 2.8963e-01     0.1167    97.1249     7.4894     6.5367    31.6585    31.6614    25.0434    25.0458    7.27385 0.0000e+00
       1137      6.020     4.8465     4.8453   3.043348   3.043503     2.8327     2.7424      8.142     0.6760     1.9245 2.9039e-01     0.1185    97.0815     7.4863     6.5382    31.6584    31.6613    25.0434    25.0458    7.27386 0.0000e+00
       1140      6.080     4.8460     4.8451   3.043341   3.043497     2.8331     2.7415      8.144     0.6808     1.9245 2.9503e-01     0.1185    97.0815     7.4861     6.5370    31.6588    31.6614    25.0437    25.0458    7.27392 0.0000e+00
       1143      6.141     4.8458     4.8448   3.043301   3.043457     2.8331     2.7420      8.141     0.6760     1.9245 2.8900e-01     0.1185    97.0815     7.4850     6.5394    31.6585    31.6612    25.0434    25.0457    7.27397 0.0000e+00
       1146      6.201     4.8457     4.8445   3.043290   3.043455     2.8327     2.7424      8.142     0.6808     1.9245 3.1186e-01     0.1185    97.0815     7.4834     6.5413    31.6584    31.6615    25.0434    25.0460    7.27400 0.0000e+00
       1149      6.262     4.8457     4.8442   3.043324   3.043421     2.8327     2.7424      8.144     0.6662     1.8060 3.0304e-01     0.1185    97.0815     7.4823     6.5414    31.6588    31.6614    25.0437    25.0460    7.27399 0.0000e+00
       1152      6.328     4.8456     4.8441   3.043334   3.043452     2.8323     2.7428      8.141     0.6515     1.8060 3.3281e-01     0.1185    97.0815     7.4807     6.5422    31.6590    31.6617    25.0439    25.0462    7.27399 0.0000e+00
