Datasets/AZMP/COO001/79001099.cnv
* Sea-Bird SBE 9 Data File:
* FileName = C:\CTDDATA\79001099.hex
* Software Version Seasave V 7.26.7.110
* Temperature SN = 5660
* Conductivity SN = 3698
* Number of Bytes Per Scan = 30
* Number of Voltage Words = 4
* Number of Scans Averaged by the Deck Unit = 1
* NMEA baud rate = 9600
** VESSEL/TRIP/SEQ STN:  79001099
** LATITUDE XX XX.XX N:  49 31.00 N
** LONGITUDE XX XX.XX W:  50 32.00 W
** SOUNDING DEPTH (M):  0333
** PROBE TYPE: S1257
** CTD NUMBER: 065
** COMMENTS (14 CHAR): BB-10
** BOTTLES:  12
** LEVELS: 5,5,10,20,20,30,40,50,75,100,150,BTM
** STICKERS: 435384 - 435395
** VNET: Y
** DO2: Y
# nquan = 22
# nvalues = 8766                        
# units = specified
# name 0 = scan: Scan Count
# name 1 = prDM: Pressure, Digiquartz [db]
# name 2 = t090C: Temperature [ITS-90, deg C]
# name 3 = t190C: Temperature, 2 [ITS-90, deg C]
# name 4 = c0S/m: Conductivity [S/m]
# name 5 = c1S/m: Conductivity, 2 [S/m]
# name 6 = sbeox0V: Oxygen raw, SBE 43 [V]
# name 7 = sbeox1V: Oxygen raw, SBE 43, 2 [V]
# name 8 = ph: pH
# name 9 = flECO-AFL: Fluorescence, WET Labs ECO-AFL/FL [mg/m^3]
# name 10 = wetCDOM: Fluorescence, WET Labs CDOM [mg/m^3]
# name 11 = par/sat/log: PAR/Logarithmic, Satlantic [umol photons/m^2/sec]
# name 12 = CStarAt0: Beam Attenuation, WET Labs C-Star [1/m]
# name 13 = CStarTr0: Beam Transmission, WET Labs C-Star [%]
# name 14 = sbeox0ML/L: Oxygen, SBE 43 [ml/l], WS = 2
# name 15 = sbeox1ML/L: Oxygen, SBE 43, 2 [ml/l], WS = 2
# name 16 = sal00: Salinity, Practical [PSU]
# name 17 = sal11: Salinity, Practical, 2 [PSU]
# name 18 = sigma-t00: Density [sigma-t, kg/m^3 ]
# name 19 = sigma-t11: Density, 2 [sigma-t, kg/m^3 ]
# name 20 = oxsatML/L: Oxygen Saturation, Weiss [ml/l]
# name 21 = flag: flag
# span 0 =         43,      67140       
# span 1 =      0.503,    330.871       
# span 2 =     1.9721,     3.9481       
# span 3 =     1.9542,     3.9485       
# span 4 =   2.972689,   3.243676       
# span 5 =   0.684572,   3.243786       
# span 6 =     2.3987,     2.7497       
# span 7 =     2.3690,     2.7117       
# span 8 =      8.125,      8.212       
# span 9 =    -0.0176,     1.2962       
# span 10 =    -1.3523,     1.9245      
# span 11 = 1.0752e-01, 7.3949e+01      
# span 12 =     0.0524,     0.4034      
# span 13 =    90.4077,    98.6978      
# span 14 =     6.3699,     7.6618      
# span 15 =     6.6938,     9.0813      
# span 16 =    33.2510,    34.7475      
# span 17 =     6.7762,    34.7480      
# span 18 =    26.5290,    27.6118      
# span 19 =     5.4031,    27.5924      
# span 20 =    7.28535,    7.69955      
# span 21 = 0.0000e+00, 0.0000e+00      
# interval = scans: 3                   
# start_time = Dec 03 2019 11:34:35 [System UTC, header]
# bad_flag = -9.990e-29
*END*
[from data line 2305]
       9135    162.449     2.9659     2.9626   3.125836   3.126078     2.4568     2.4311      8.142    -0.0029     1.5692 1.0827e-01     0.0630    98.4371     6.5984     6.9228    34.4536    34.4600    27.4520    27.4575    7.47979 0.0000e+00
       9138    162.552     2.9644     2.9630   3.125726   3.126130     2.4559     2.4307      8.142    -0.0029     1.5692 1.0827e-01     0.0630    98.4371     6.5969     6.9248    34.4538    34.4602    27.4523    27.4575    7.48006 0.0000e+00
       9141    162.649     2.9633     2.9635   3.125698   3.126173     2.4568     2.4299      8.142    -0.0029     1.5692 1.0827e-01     0.0644    98.4023     6.5992     6.9267    34.4546    34.4602    27.4530    27.4575    7.48023 0.0000e+00
       9144    162.739     2.9626     2.9627   3.125681   3.126052     2.4559     2.4299      8.142    -0.0029     1.5692 1.0827e-01     0.0641    98.4110     6.5963     6.9308    34.4550    34.4595    27.4535    27.4570    7.48033 0.0000e+00
       9147    162.825     2.9625     2.9607   3.125705   3.125762     2.4547     2.4299      8.142    -0.0029     1.5692 1.0802e-01     0.0644    98.4023     6.5930     6.9364    34.4554    34.4581    27.4538    27.4561    7.48033 0.0000e+00
       9150    162.904     2.9623     2.9546   3.125699   3.125188     2.4543     2.4299      8.142    -0.0029     1.5692 1.0827e-01     0.0644    98.4023     6.5910     6.9416    34.4555    34.4575    27.4538    27.4561    7.48037 0.0000e+00
       9153    162.980     2.9622     2.9496   3.125700   3.124788     2.4543     2.4295      8.142    -0.0029     1.5692 1.0827e-01     0.0644    98.4023     6.5927     6.9440    34.4556    34.4579    27.4540    27.4569    7.48039 0.0000e+00
       9156    163.050     2.9625     2.9466   3.125803   3.124570     2.4543     2.4287      8.140     0.0020     1.5692 1.0827e-01     0.0641    98.4110     6.5938     6.9450    34.4565    34.4585    27.4547    27.4576    7.48029 0.0000e+00
       9159    163.119     2.9633     2.9448   3.125951   3.124404     2.4543     2.4287      8.142    -0.0029     1.5692 1.0827e-01     0.0648    98.3936     6.5943     6.9478    34.4574    34.4583    27.4553    27.4577    7.48009 0.0000e+00
       9162    163.184     2.9629     2.9429   3.125804   3.124285     2.4543     2.4287      8.142     0.0020     1.5297 1.0827e-01     0.0644    98.4023     6.5962     6.9496    34.4560    34.4589    27.4542    27.4583    7.48023 0.0000e+00
       9165    163.244     2.9617     2.9414   3.125677   3.124171     2.4523     2.4287      8.142    -0.0029     1.5297 1.0827e-01     0.0644    98.4023     6.5888     6.9517    34.4558    34.4590    27.4541    27.4585    7.48048 0.0000e+00
       9168    163.302     2.9598     2.9401   3.125591   3.124057     2.4527     2.4287      8.140    -0.0029     1.5692 1.0827e-01     0.0644    98.4023     6.5914     6.9551    34.4567    34.4590    27.4551    27.4587    7.48079 0.0000e+00
       9171    163.355     2.9581     2.9394   3.125507   3.124027     2.4527     2.4287      8.140    -0.0029     1.5692 1.0827e-01     0.0644    98.4023     6.5927     6.9588    34.4574    34.4594    27.4558    27.4590    7.48107 0.0000e+00
       9174    163.404     2.9572     2.9390   3.125391   3.123977     2.4515     2.4283      8.139     0.0068     1.5692 1.0815e-01     0.0644    98.4023     6.5875     6.9610    34.4569    34.4591    27.4555    27.4588    7.48126 0.0000e+00
       9177    163.451     2.9554     2.9386   3.125260   3.123938     2.4527     2.4283      8.142     0.0117     1.5692 1.0802e-01     0.0641    98.4110     6.5909     6.9656    34.4572    34.4591    27.4558    27.4589    7.48157 0.0000e+00
       9180    163.493     2.9535     2.9382   3.125178   3.123946     2.4519     2.4283      8.142     0.0117     1.5692 1.0790e-01     0.0648    98.3936     6.5882     6.9690    34.4583    34.4595    27.4569    27.4593    7.48189 0.0000e+00
       9183    163.532     2.9529     2.9379   3.125103   3.123928     2.4523     2.4274      8.142     0.0117     1.5692 1.0790e-01     0.0651    98.3849     6.5892     6.9689    34.4579    34.4597    27.4566    27.4594    7.48201 0.0000e+00
       9186    163.568     2.9522     2.9379   3.125116   3.123928     2.4515     2.4274      8.142     0.0166     1.5692 1.0790e-01     0.0651    98.3849     6.5877     6.9739    34.4589    34.4596    27.4575    27.4593    7.48211 0.0000e+00
       9189    163.604     2.9521     2.9379   3.125067   3.123946     2.4502     2.4283      8.142     0.0117     1.5692 1.0815e-01     0.0651    98.3849     6.5843     6.9815    34.4583    34.4598    27.4570    27.4595    7.48214 0.0000e+00
       9192    163.643     2.9528     2.9381   3.125374   3.123940     2.4502     2.4287      8.142     0.0117     1.5692 1.0802e-01     0.0651    98.3849     6.5825     6.9872    34.4613    34.4595    27.4593    27.4593    7.48187 0.0000e+00
       9195    163.674     2.9592     2.9381   3.126877   3.123932     2.4506     2.4283      8.142     0.0166     1.5692 1.0790e-01     0.0651    98.3849     6.5841     6.9893    34.4729    34.4594    27.4680    27.4592    7.48009 0.0000e+00
       9198    163.704     2.9773     2.9380   3.128868   3.123948     2.4494     2.4287      8.142     0.0117     1.5692 1.0790e-01     0.0651    98.3849     6.5775     6.9941    34.4777    34.4597    27.4702    27.4594    7.47645 0.0000e+00
       9201    163.732     2.9973     2.9379   3.130614   3.123969     2.4494     2.4287      8.142    -0.0029     1.5692 1.0790e-01     0.0651    98.3849     6.5744     6.9962    34.4777    34.4600    27.4684    27.4597    7.47271 0.0000e+00
       9204    163.759     3.0140     2.9381   3.131222   3.123976     2.4490     2.4287      8.142    -0.0029     1.4507 1.0802e-01     0.0648    98.3936     6.5733     7.0006    34.4671    34.4599    27.4584    27.4596    7.47010 0.0000e+00
       9207    163.785     3.0236     2.9381   3.131215   3.123993     2.4486     2.4295      8.142    -0.0029     1.4507 1.0802e-01     0.0644    98.4023     6.5717     7.0029    34.4568    34.4601    27.4493    27.4597    7.46882 0.0000e+00
       9210    163.811     3.0265     2.9384   3.131009   3.124008     2.4490     2.4299      8.142     0.0020     1.4507 1.0790e-01     0.0644    98.4023     6.5761     7.0014    34.4512    34.4599    27.4445    27.4595    7.46855 0.0000e+00
       9213    163.840     3.0297     2.9387   3.131423   3.124050     2.4482     2.4299      8.142     0.0020     1.4507 1.0790e-01     0.0648    98.3936     6.5755     7.0005    34.4528    34.4601    27.4456    27.4597    7.46788 0.0000e+00
       9216    163.865     3.0364     2.9387   3.132391   3.124060     2.4478     2.4299      8.142    -0.0029     1.4507 1.0815e-01     0.0651    98.3849     6.5740     7.0007    34.4574    34.4602    27.4486    27.4597    7.46639 0.0000e+00
       9219    163.889     3.0413     2.9389   3.132063   3.124050     2.4494     2.4299      8.142    -0.0029     1.4507 1.0790e-01     0.0651    98.3849     6.5810     7.0009    34.4482    34.4599    27.4408    27.4595    7.46594 0.0000e+00
       9222    163.913     3.0405     2.9386   3.132049   3.124057     2.4482     2.4299      8.142    -0.0029     1.4507 1.0790e-01     0.0641    98.4110     6.5796     6.9989    34.4488    34.4602    27.4414    27.4598    7.46605 0.0000e+00
       9225    163.936     3.0458     2.9388   3.132891   3.124066     2.4478     2.4307      8.142    -0.0029     1.4507 1.0790e-01     0.0641    98.4110     6.5783     7.0000    34.4535    34.4601    27.4446    27.4597    7.46484 0.0000e+00
       9229    163.967     3.0505     2.9386   3.132535   3.124092     2.4478     2.4303      8.142    -0.0029     1.5297 1.0790e-01     0.0641    98.4110     6.5794     6.9944    34.4440    34.4606    27.4366    27.4601    7.46442 0.0000e+00
       9233    163.996     3.0490     2.9386   3.131932   3.124087     2.4478     2.4303      8.142    -0.0029     1.5692 1.0790e-01     0.0641    98.4110     6.5816     6.9921    34.4383    34.4605    27.4322    27.4600    7.46498 0.0000e+00
       9244    164.065     3.0442     2.9431   3.131610   3.124405     2.4494     2.4311      8.142     0.0020     1.5297 1.0790e-01     0.0630    98.4371     6.5939     6.9861    34.4394    34.4596    27.4335    27.4589    7.46582 0.0000e+00
       9274    164.241     3.0395     2.9833   3.131595   3.127588     2.4498     2.4307      8.142     0.0020     1.4507 1.0790e-01     0.0609    98.4892     6.5964     6.9586    34.4442    34.4554    27.4378    27.4519    7.46648 0.0000e+00
       9283    164.296     3.0368     2.9887   3.131467   3.127787     2.4507     2.4303      8.142    -0.0029     1.4507 1.0790e-01     0.0598    98.5153     6.5967     6.9535    34.4455    34.4520    27.4391    27.4487    7.46691 0.0000e+00
       9286    164.323     3.0360     2.9829   3.131271   3.127629     2.4507     2.4299      8.142    -0.0029     1.4507 1.0790e-01     0.0598    98.5153     6.5956     6.9510    34.4440    34.4563    27.4379    27.4526    7.46714 0.0000e+00
       9289    164.352     3.0317     2.9932   3.130687   3.129040     2.4507     2.4299      8.142    -0.0029     1.4507 1.0802e-01     0.0598    98.5153     6.5949     6.9455    34.4414    34.4625    27.4363    27.4566    7.46807 0.0000e+00
       9292    164.382     3.0270     3.0068   3.130058   3.129833     2.4494     2.4299      8.142    -0.0029     1.4507 1.0790e-01     0.0598    98.5153     6.5901     6.9412    34.4388    34.4576    27.4346    27.4515    7.46909 0.0000e+00
       9295    164.415     3.0219     3.0140   3.130081   3.130139     2.4494     2.4299      8.142     0.0020     1.4507 1.0802e-01     0.0598    98.5153     6.5891     6.9366    34.4444    34.4536    27.4395    27.4477    7.46975 0.0000e+00
       9298    164.455     3.0221     3.0154   3.130745   3.130288     2.4494     2.4299      8.142    -0.0029     1.4507 1.0790e-01     0.0598    98.5153     6.5879     6.9308    34.4523    34.4539    27.4459    27.4477    7.46932 0.0000e+00
       9301    164.500     3.0278     3.0148   3.131537   3.130082     2.4503     2.4295      8.142     0.0020     1.4507 1.0802e-01     0.0602    98.5066     6.5906     6.9243    34.4558    34.4520    27.4481    27.4463    7.46808 0.0000e+00
       9304    164.549     3.0351     3.0088   3.132093   3.129560     2.4503     2.4287      8.142    -0.0029     1.4507 1.0802e-01     0.0609    98.4892     6.5874     6.9162    34.4548    34.4520    27.4467    27.4469    7.46677 0.0000e+00
       9307    164.604     3.0406     3.0133   3.132373   3.130192     2.4498     2.4287      8.142    -0.0029     1.4507 1.0790e-01     0.0609    98.4892     6.5850     6.9112    34.4523    34.4549    27.4441    27.4487    7.46586 0.0000e+00
       9310    164.663     3.0399     3.0109   3.131578   3.129674     2.4494     2.4278      8.144     0.0020     1.4507 1.0790e-01     0.0609    98.4892     6.5856     6.9066    34.4434    34.4511    27.4371    27.4459    7.46644 0.0000e+00
       9313    164.726     3.0361     3.0047   3.130416   3.129251     2.4494     2.4274      8.142    -0.0029     1.4507 1.0790e-01     0.0616    98.4719     6.5868     6.9020    34.4333    34.4525    27.4294    27.4476    7.46766 0.0000e+00
       9316    164.798     3.0166     2.9971   3.127311   3.128623     2.4498     2.4274      8.142    -0.0029     1.4507 1.0790e-01     0.0609    98.4892     6.5917     6.9012    34.4161    34.4530    27.4174    27.4487    7.47216 0.0000e+00
       9319    164.876     2.9912     2.9906   3.125505   3.127896     2.4494     2.4266      8.142    -0.0029     1.4507 1.0790e-01     0.0609    98.4892     6.5929     6.8974    34.4212    34.4510    27.4238    27.4477    7.47667 0.0000e+00
       9322    164.958     2.9763     2.9692   3.125971   3.126197     2.4503     2.4262      8.142    -0.0029     1.4507 1.0790e-01     0.0609    98.4892     6.5964     6.8997    34.4428    34.4530    27.4424    27.4513    7.47838 0.0000e+00
       9325    165.048     2.9745     2.9686   3.126836   3.126856     2.4494     2.4254      8.142    -0.0078     1.4507 1.0790e-01     0.0609    98.4892     6.5923     6.8978    34.4552    34.4617    27.4525    27.4582    7.47810 0.0000e+00
       9328    165.145     2.9790     2.9971   3.127830   3.129753     2.4486     2.4250      8.142    -0.0029     1.4507 1.0790e-01     0.0609    98.4892     6.5880     6.8923    34.4624    34.4665    27.4579    27.4595    7.47689 0.0000e+00
       9331    165.250     2.9870     3.0091   3.128235   3.129236     2.4494     2.4250      8.142    -0.0029     1.4507 1.0790e-01     0.0609    98.4892     6.5914     6.8905    34.4587    34.4473    27.4542    27.4431    7.47557 0.0000e+00
       9334    165.361     2.9799     2.9727   3.125735   3.125910     2.4494     2.4246      8.140     0.0020     1.5692 1.0790e-01     0.0609    98.4892     6.5945     6.8976    34.4357    34.4456    27.4365    27.4450    7.47805 0.0000e+00
       9337    165.477     2.9641     2.9506   3.124595   3.124888     2.4482     2.4238      8.137    -0.0029     1.6876 1.0802e-01     0.0609    98.4892     6.5921     6.8994    34.4387    34.4567    27.4403    27.4558    7.48087 0.0000e+00
       9340    165.599     2.9537     2.9430   3.124374   3.124624     2.4486     2.4238      8.137    -0.0029     1.6876 1.0802e-01     0.0609    98.4892     6.5949     6.9025    34.4470    34.4615    27.4479    27.4604    7.48241 0.0000e+00
       9343    165.726     2.9480     2.9407   3.124316   3.124500     2.4482     2.4226      8.139    -0.0029     1.6876 1.0802e-01     0.0644    98.4023     6.5940     6.9002    34.4524    34.4625    27.4527    27.4614    7.48322 0.0000e+00
       9346    165.859     2.9446     2.9397   3.124239   3.124443     2.4490     2.4230      8.137    -0.0029     1.6876 1.0802e-01     0.0651    98.3849     6.5958     6.9019    34.4550    34.4627    27.4551    27.4617    7.48372 0.0000e+00
       9349    165.996     2.9427     2.9390   3.124208   3.124427     2.4478     2.4226      8.137     0.0020     1.6876 1.0790e-01     0.0651    98.3849     6.5931     6.9001    34.4565    34.4632    27.4564    27.4621    7.48400 0.0000e+00
       9352    166.141     2.9414     2.9388   3.124197   3.124401     2.4482     2.4217      8.137     0.0020     1.6876 1.0790e-01     0.0648    98.3936     6.5939     6.8951    34.4577    34.4630    27.4575    27.4620    7.48419 0.0000e+00
       9355    166.292     2.9408     2.9385   3.124191   3.124408     2.4490     2.4213      8.136    -0.0029     1.6876 1.0802e-01     0.0651    98.3849     6.5968     6.8936    34.4582    34.4633    27.4580    27.4623    7.48428 0.0000e+00
       9358    166.444     2.9402     2.9384   3.124193   3.124440     2.4486     2.4213      8.138     0.0020     1.6876 1.0802e-01     0.0648    98.3936     6.5969     6.8938    34.4589    34.4638    27.4586    27.4626    7.48436 0.0000e+00
       9361    166.598     2.9398     2.9383   3.124202   3.124416     2.4478     2.4213      8.138     0.0020     1.4902 1.0790e-01     0.0655    98.3762     6.5944     6.8942    34.4593    34.4635    27.4589    27.4624    7.48441 0.0000e+00
       9364    166.757     2.9399     2.9390   3.124339   3.124609     2.4482     2.4205      8.138    -0.0029     1.4507 1.0790e-01     0.0679    98.3154     6.5943     6.8913    34.4608    34.4650    27.4601    27.4635    7.48432 0.0000e+00
       9367    166.917     2.9411     2.9420   3.124649   3.124977     2.4470     2.4201      8.134    -0.0029     1.4507 1.0802e-01     0.0672    98.3328     6.5906     6.8883    34.4632    34.4662    27.4619    27.4642    7.48398 0.0000e+00
       9370    167.076     2.9428     2.9444   3.124826   3.125158     2.4470     2.4193      8.137    -0.0029     1.4507 1.0802e-01     0.0672    98.3328     6.5908     6.8848    34.4634    34.4657    27.4619    27.4636    7.48363 0.0000e+00
