Datasets/AZMP/COO001/79001088.cnv
* Sea-Bird SBE 9 Data File:
* FileName = C:\CTDDATA\79001088.hex
* Software Version Seasave V 7.26.7.110
* Temperature SN = 5660
* Conductivity SN = 3698
* Number of Bytes Per Scan = 30
* Number of Voltage Words = 4
* Number of Scans Averaged by the Deck Unit = 1
* NMEA baud rate = 9600
** VESSEL/TRIP/SEQ STN:  79001088
** LATITUDE XX XX.XX N:  48 10.26 N
** LONGITUDE XX XX.XX W:  53 43.65 W
** SOUNDING DEPTH (M):  0072
** PROBE TYPE: S1257
** CTD NUMBER: 055
** COMMENTS (14 CHAR): SS-16
** BOTTLES:  0
** LEVELS:
** STICKERS:
** VNET: N
** DO2: N
# nquan = 22
# nvalues = 2631                        
# units = specified
# name 0 = scan: Scan Count
# name 1 = prDM: Pressure, Digiquartz [db]
# name 2 = t090C: Temperature [ITS-90, deg C]
# name 3 = t190C: Temperature, 2 [ITS-90, deg C]
# name 4 = c0S/m: Conductivity [S/m]
# name 5 = c1S/m: Conductivity, 2 [S/m]
# name 6 = sbeox0V: Oxygen raw, SBE 43 [V]
# name 7 = sbeox1V: Oxygen raw, SBE 43, 2 [V]
# name 8 = ph: pH
# name 9 = flECO-AFL: Fluorescence, WET Labs ECO-AFL/FL [mg/m^3]
# name 10 = wetCDOM: Fluorescence, WET Labs CDOM [mg/m^3]
# name 11 = par/sat/log: PAR/Logarithmic, Satlantic [umol photons/m^2/sec]
# name 12 = CStarAt0: Beam Attenuation, WET Labs C-Star [1/m]
# name 13 = CStarTr0: Beam Transmission, WET Labs C-Star [%]
# name 14 = sbeox0ML/L: Oxygen, SBE 43 [ml/l], WS = 2
# name 15 = sbeox1ML/L: Oxygen, SBE 43, 2 [ml/l], WS = 2
# name 16 = sal00: Salinity, Practical [PSU]
# name 17 = sal11: Salinity, Practical, 2 [PSU]
# name 18 = sigma-t00: Density [sigma-t, kg/m^3 ]
# name 19 = sigma-t11: Density, 2 [sigma-t, kg/m^3 ]
# name 20 = oxsatML/L: Oxygen Saturation, Weiss [ml/l]
# name 21 = flag: flag
# span 0 =        269,       8987       
# span 1 =      1.622,     65.399       
# span 2 =     3.3057,     3.4914       
# span 3 =     3.3061,     3.4894       
# span 4 =   2.868283,   2.931671       
# span 5 =   2.869676,   2.931831       
# span 6 =     2.5287,     2.7336       
# span 7 =     2.6801,     2.7014       
# span 8 =      8.160,      8.184       
# span 9 =     0.2804,     0.6271       
# span 10 =     1.9245,     4.0564      
# span 11 = 1.0752e-01, 8.6191e-01      
# span 12 =     0.0992,     0.2296      
# span 13 =    94.4224,    97.5507      
# span 14 =     6.8029,     7.4898      
# span 15 =     7.7613,     7.8946      
# span 16 =    31.0806,    31.7851      
# span 17 =    31.0985,    31.7867      
# span 18 =    24.7319,    25.2911      
# span 19 =    24.7462,    25.2925      
# span 20 =    7.52977,    7.58497      
# span 21 = 0.0000e+00, 0.0000e+00      
# interval = scans: 3                   
# start_time = Dec 02 2019 00:53:52 [System UTC, header]
# bad_flag = -9.990e-29
*END*
[from data line 2042]
       7224     32.076     3.3959     3.3814   2.929867   2.928608     2.7274     2.6884      8.174     0.4073     2.2798 1.0790e-01     0.1206    97.0293     7.4694     7.8090    31.7158    31.7149    25.2301    25.2307    7.53611 0.0000e+00
       7227     32.025     3.3960     3.3817   2.929852   2.928613     2.7258     2.6875      8.174     0.4024     2.2798 1.0815e-01     0.1206    97.0293     7.4642     7.8061    31.7155    31.7147    25.2299    25.2306    7.53610 0.0000e+00
       7230     31.974     3.3959     3.3820   2.929855   2.928672     2.7270     2.6875      8.174     0.4073     2.2798 1.0802e-01     0.1206    97.0293     7.4702     7.8080    31.7157    31.7151    25.2301    25.2308    7.53611 0.0000e+00
       7233     31.922     3.3958     3.3823   2.929841   2.928702     2.7270     2.6875      8.174     0.3976     2.2798 1.0802e-01     0.1206    97.0293     7.4696     7.8124    31.7157    31.7152    25.2301    25.2309    7.53614 0.0000e+00
       7236     31.870     3.3958     3.3827   2.929824   2.928791     2.7278     2.6875      8.174     0.4073     2.1614 1.0802e-01     0.1206    97.0293     7.4724     7.8153    31.7154    31.7159    25.2299    25.2314    7.53614 0.0000e+00
       7239     31.817     3.3956     3.3829   2.929829   2.928794     2.7270     2.6875      8.174     0.4073     2.1614 1.0802e-01     0.1145    97.1771     7.4698     7.8191    31.7157    31.7158    25.2301    25.2313    7.53616 0.0000e+00
       7242     31.763     3.3958     3.3830   2.929825   2.928739     2.7270     2.6879      8.174     0.4073     2.1614 1.0802e-01     0.1120    97.2379     7.4673     7.8244    31.7156    31.7151    25.2300    25.2308    7.53615 0.0000e+00
       7245     31.711     3.3956     3.3828   2.929823   2.928695     2.7287     2.6888      8.174     0.4122     2.1614 1.0802e-01     0.1120    97.2379     7.4709     7.8314    31.7157    31.7148    25.2301    25.2305    7.53618 0.0000e+00
       7248     31.659     3.3955     3.3827   2.929797   2.928737     2.7282     2.6875      8.174     0.3976     2.1614 1.0802e-01     0.1120    97.2379     7.4698     7.8324    31.7155    31.7154    25.2300    25.2310    7.53619 0.0000e+00
       7251     31.606     3.3956     3.3830   2.929785   2.928765     2.7287     2.6875      8.174     0.4073     2.1614 1.0815e-01     0.1120    97.2379     7.4707     7.8359    31.7154    31.7155    25.2298    25.2310    7.53619 0.0000e+00
       7254     31.552     3.3954     3.3832   2.929742   2.928830     2.7291     2.6884      8.174     0.4073     2.1614 1.0790e-01     0.1120    97.2379     7.4706     7.8415    31.7151    31.7161    25.2296    25.2315    7.53625 0.0000e+00
       7257     31.500     3.3951     3.3834   2.929733   2.928799     2.7282     2.6884      8.174     0.4073     2.1614 1.0802e-01     0.1127    97.2205     7.4664     7.8436    31.7152    31.7155    25.2297    25.2310    7.53628 0.0000e+00
       7260     31.448     3.3949     3.3834   2.929719   2.928752     2.7282     2.6888      8.174     0.3829     2.2009 1.0802e-01     0.1170    97.1162     7.4652     7.8473    31.7153    31.7150    25.2298    25.2307    7.53632 0.0000e+00
       7263     31.395     3.3949     3.3833   2.929724   2.928777     2.7287     2.6888      8.174     0.3731     2.2798 1.0815e-01     0.1174    97.1075     7.4657     7.8481    31.7154    31.7154    25.2299    25.2310    7.53631 0.0000e+00
       7266     31.344     3.3949     3.3832   2.929720   2.928821     2.7278     2.6888      8.174     0.3683     2.2798 1.0790e-01     0.1174    97.1075     7.4601     7.8489    31.7154    31.7161    25.2299    25.2315    7.53632 0.0000e+00
       7269     31.290     3.3946     3.3833   2.929712   2.928756     2.7278     2.6888      8.176     0.3780     2.2798 1.0802e-01     0.1174    97.1075     7.4594     7.8514    31.7156    31.7152    25.2301    25.2308    7.53636 0.0000e+00
       7272     31.238     3.3945     3.3834   2.929723   2.928805     2.7295     2.6896      8.174     0.3731     2.2798 1.0802e-01     0.1174    97.1075     7.4661     7.8561    31.7158    31.7157    25.2303    25.2312    7.53637 0.0000e+00
       7275     31.186     3.3946     3.3833   2.929698   2.928799     2.7282     2.6900      8.174     0.3731     2.2798 1.0790e-01     0.1174    97.1075     7.4615     7.8559    31.7155    31.7158    25.2301    25.2313    7.53637 0.0000e+00
       7278     31.133     3.3944     3.3834   2.929699   2.928778     2.7295     2.6904      8.174     0.3780     2.2798 1.0790e-01     0.1170    97.1162     7.4657     7.8548    31.7157    31.7155    25.2302    25.2310    7.53639 0.0000e+00
       7281     31.079     3.3942     3.3834   2.929701   2.928819     2.7278     2.6900      8.174     0.3780     2.2798 1.0802e-01     0.1153    97.1597     7.4605     7.8526    31.7160    31.7160    25.2305    25.2314    7.53642 0.0000e+00
       7284     31.025     3.3940     3.3834   2.929716   2.928822     2.7287     2.6908      8.176     0.3878     2.2798 1.0802e-01     0.1153    97.1597     7.4639     7.8530    31.7163    31.7161    25.2308    25.2315    7.53643 0.0000e+00
       7287     30.974     3.3941     3.3835   2.929681   2.928774     2.7282     2.6904      8.174     0.4073     2.2009 1.0802e-01     0.1153    97.1597     7.4618     7.8495    31.7159    31.7154    25.2304    25.2309    7.53645 0.0000e+00
       7290     30.921     3.3939     3.3831   2.929720   2.928757     2.7287     2.6912      8.174     0.4122     2.1614 1.0802e-01     0.1153    97.1597     7.4637     7.8494    31.7166    31.7157    25.2310    25.2312    7.53645 0.0000e+00
       7293     30.869     3.3934     3.3828   2.929699   2.928768     2.7291     2.6912      8.174     0.4024     2.1614 1.0815e-01     0.1153    97.1597     7.4660     7.8461    31.7169    31.7161    25.2312    25.2315    7.53653 0.0000e+00
       7296     30.817     3.3936     3.3827   2.929664   2.928702     2.7287     2.6912      8.174     0.4024     2.1614 1.0802e-01     0.1153    97.1597     7.4640     7.8433    31.7163    31.7154    25.2307    25.2310    7.53653 0.0000e+00
       7299     30.767     3.3938     3.3820   2.929643   2.928630     2.7291     2.6912      8.174     0.4122     2.1614 1.0790e-01     0.1131    97.2118     7.4677     7.8426    31.7159    31.7153    25.2304    25.2309    7.53651 0.0000e+00
       7302     30.716     3.3940     3.3816   2.929614   2.928606     2.7278     2.6912      8.174     0.4073     2.1614 1.0802e-01     0.1110    97.2640     7.4635     7.8424    31.7153    31.7154    25.2300    25.2311    7.53650 0.0000e+00
       7305     30.664     3.3940     3.3814   2.929613   2.928598     2.7291     2.6912      8.174     0.4024     2.1614 1.0790e-01     0.1110    97.2640     7.4685     7.8431    31.7153    31.7155    25.2300    25.2312    7.53649 0.0000e+00
       7308     30.613     3.3940     3.3812   2.929597   2.928537     2.7287     2.6912      8.174     0.3976     2.1614 1.0790e-01     0.1110    97.2640     7.4667     7.8435    31.7151    31.7150    25.2298    25.2308    7.53650 0.0000e+00
       7311     30.562     3.3938     3.3812   2.929569   2.928511     2.7287     2.6912      8.174     0.3976     2.1614 1.0815e-01     0.1110    97.2640     7.4672     7.8453    31.7150    31.7147    25.2297    25.2306    7.53654 0.0000e+00
       7314     30.509     3.3939     3.3811   2.929489   2.928509     2.7299     2.6912      8.174     0.3927     2.1614 1.0802e-01     0.1110    97.2640     7.4700     7.8453    31.7140    31.7148    25.2289    25.2307    7.53657 0.0000e+00
       7317     30.456     3.3938     3.3811   2.929516   2.928535     2.7295     2.6916      8.176     0.3927     2.1614 1.0815e-01     0.1110    97.2640     7.4684     7.8493    31.7145    31.7151    25.2293    25.2309    7.53658 0.0000e+00
       7320     30.404     3.3935     3.3811   2.929491   2.928533     2.7291     2.6912      8.176     0.3878     2.1614 1.0802e-01     0.1120    97.2379     7.4685     7.8509    31.7145    31.7152    25.2293    25.2310    7.53662 0.0000e+00
       7323     30.352     3.3931     3.3812   2.929460   2.928527     2.7299     2.6924      8.174     0.3829     2.1614 1.0802e-01     0.1120    97.2379     7.4712     7.8573    31.7145    31.7151    25.2294    25.2309    7.53670 0.0000e+00
       7326     30.300     3.3928     3.3811   2.929390   2.928515     2.7295     2.6920      8.174     0.3927     2.1614 1.0802e-01     0.1120    97.2379     7.4702     7.8572    31.7140    31.7150    25.2290    25.2309    7.53678 0.0000e+00
       7329     30.249     3.3922     3.3812   2.929255   2.928488     2.7291     2.6924      8.174     0.3878     2.1614 1.0815e-01     0.1120    97.2379     7.4681     7.8591    31.7131    31.7146    25.2283    25.2305    7.53695 0.0000e+00
       7332     30.193     3.3916     3.3813   2.929189   2.928501     2.7295     2.6924      8.174     0.3927     2.1614 1.0827e-01     0.1120    97.2379     7.4683     7.8592    31.7129    31.7147    25.2282    25.2306    7.53707 0.0000e+00
       7335     30.139     3.3914     3.3812   2.929206   2.928515     2.7303     2.6932      8.176     0.3927     2.1614 1.0827e-01     0.1117    97.2466     7.4685     7.8635    31.7133    31.7150    25.2285    25.2308    7.53708 0.0000e+00
       7338     30.090     3.3912     3.3812   2.929177   2.928511     2.7287     2.6924      8.176     0.3976     2.1614 1.0802e-01     0.1120    97.2379     7.4630     7.8587    31.7131    31.7150    25.2284    25.2308    7.53713 0.0000e+00
       7341     30.036     3.3907     3.3811   2.929025   2.928502     2.7299     2.6936      8.174     0.4073     2.1614 1.0802e-01     0.1110    97.2640     7.4687     7.8619    31.7119    31.7150    25.2275    25.2308    7.53729 0.0000e+00
       7344     29.985     3.3896     3.3811   2.929027   2.928469     2.7303     2.6936      8.176     0.4122     2.1614 1.0815e-01     0.1110    97.2640     7.4697     7.8622    31.7130    31.7146    25.2285    25.2305    7.53744 0.0000e+00
       7347     29.929     3.3893     3.3811   2.929019   2.928495     2.7299     2.6936      8.176     0.4073     2.1614 1.0802e-01     0.1113    97.2553     7.4676     7.8601    31.7132    31.7149    25.2287    25.2308    7.53748 0.0000e+00
       7350     29.881     3.3891     3.3811   2.929032   2.928480     2.7303     2.6936      8.174     0.4073     2.1614 1.0802e-01     0.1110    97.2640     7.4690     7.8591    31.7136    31.7149    25.2290    25.2307    7.53751 0.0000e+00
       7353     29.829     3.3890     3.3811   2.929044   2.928501     2.7299     2.6936      8.176     0.4024     2.1614 1.0815e-01     0.1110    97.2640     7.4677     7.8581    31.7139    31.7150    25.2292    25.2309    7.53751 0.0000e+00
       7356     29.777     3.3892     3.3810   2.929114   2.928485     2.7291     2.6940      8.174     0.4073     2.1614 1.0802e-01     0.1113    97.2553     7.4638     7.8584    31.7145    31.7150    25.2297    25.2309    7.53744 0.0000e+00
       7359     29.723     3.3895     3.3810   2.929083   2.928467     2.7295     2.6945      8.174     0.4073     2.1614 1.0802e-01     0.1117    97.2466     7.4655     7.8587    31.7138    31.7148    25.2292    25.2307    7.53741 0.0000e+00
       7362     29.670     3.3893     3.3812   2.929061   2.928483     2.7303     2.6936      8.176     0.4073     2.1614 1.0815e-01     0.1120    97.2379     7.4682     7.8547    31.7138    31.7149    25.2292    25.2307    7.53745 0.0000e+00
       7365     29.616     3.3892     3.3811   2.929053   2.928467     2.7303     2.6949      8.176     0.4220     2.2009 1.0802e-01     0.1120    97.2379     7.4655     7.8594    31.7138    31.7148    25.2292    25.2306    7.53747 0.0000e+00
       7368     29.563     3.3893     3.3811   2.929026   2.928430     2.7295     2.6949      8.174     0.4122     2.2798 1.0815e-01     0.1120    97.2379     7.4629     7.8609    31.7135    31.7144    25.2289    25.2303    7.53747 0.0000e+00
       7371     29.512     3.3893     3.3812   2.929039   2.928434     2.7299     2.6940      8.174     0.4220     2.2798 1.0815e-01     0.1120    97.2379     7.4619     7.8592    31.7137    31.7144    25.2290    25.2303    7.53746 0.0000e+00
       7374     29.458     3.3895     3.3811   2.929048   2.928424     2.7299     2.6949      8.176     0.4317     2.2798 1.0790e-01     0.1120    97.2379     7.4618     7.8618    31.7136    31.7144    25.2290    25.2303    7.53743 0.0000e+00
       7377     29.408     3.3894     3.3811   2.929082   2.928413     2.7299     2.6949      8.176     0.4220     2.2798 1.0790e-01     0.1120    97.2379     7.4609     7.8616    31.7142    31.7143    25.2294    25.2302    7.53743 0.0000e+00
       7380     29.355     3.3895     3.3812   2.929088   2.928410     2.7299     2.6949      8.177     0.4171     2.2798 1.0802e-01     0.1120    97.2379     7.4595     7.8605    31.7142    31.7141    25.2294    25.2301    7.53740 0.0000e+00
       7383     29.304     3.3895     3.3812   2.929081   2.928378     2.7303     2.6949      8.176     0.4122     2.2798 1.0815e-01     0.1110    97.2640     7.4601     7.8611    31.7141    31.7137    25.2294    25.2298    7.53741 0.0000e+00
       7386     29.252     3.3891     3.3812   2.929047   2.928429     2.7295     2.6953      8.176     0.4171     2.2798 1.0802e-01     0.1110    97.2640     7.4580     7.8613    31.7140    31.7144    25.2293    25.2304    7.53747 0.0000e+00
       7389     29.202     3.3888     3.3813   2.928987   2.928432     2.7295     2.6957      8.176     0.4220     2.2798 1.0815e-01     0.1113    97.2553     7.4597     7.8608    31.7137    31.7143    25.2291    25.2303    7.53756 0.0000e+00
       7392     29.151     3.3886     3.3812   2.928998   2.928428     2.7291     2.6961      8.177     0.4220     2.3587 1.0790e-01     0.1117    97.2466     7.4578     7.8622    31.7141    31.7145    25.2294    25.2304    7.53758 0.0000e+00
       7395     29.099     3.3883     3.3811   2.928969   2.928425     2.7282     2.6961      8.176     0.4220     2.3982 1.0790e-01     0.1117    97.2466     7.4552     7.8614    31.7140    31.7146    25.2294    25.2305    7.53763 0.0000e+00
       7398     29.046     3.3881     3.3812   2.928876   2.928396     2.7295     2.6957      8.177     0.4171     2.3982 1.0802e-01     0.1117    97.2466     7.4607     7.8569    31.7131    31.7141    25.2287    25.2301    7.53772 0.0000e+00
       7401     28.994     3.3876     3.3812   2.928781   2.928390     2.7278     2.6961      8.179     0.4220     2.3982 1.0802e-01     0.1110    97.2640     7.4562     7.8571    31.7124    31.7141    25.2282    25.2301    7.53784 0.0000e+00
       7404     28.941     3.3873     3.3815   2.928776   2.928365     2.7291     2.6961      8.179     0.4220     2.3982 1.0802e-01     0.1110    97.2640     7.4607     7.8564    31.7128    31.7135    25.2285    25.2296    7.53789 0.0000e+00
       7407     28.889     3.3873     3.3816   2.928783   2.928374     2.7295     2.6961      8.179     0.4171     2.3982 1.0802e-01     0.1110    97.2640     7.4642     7.8562    31.7129    31.7136    25.2286    25.2297    7.53788 0.0000e+00
       7410     28.836     3.3871     3.3817   2.928710   2.928345     2.7299     2.6961      8.179     0.4171     2.3982 1.0790e-01     0.1110    97.2640     7.4671     7.8560    31.7122    31.7132    25.2281    25.2293    7.53795 0.0000e+00
       7413     28.785     3.3869     3.3815   2.928694   2.928384     2.7291     2.6961      8.176     0.4171     2.3982 1.0802e-01     0.1110    97.2640     7.4646     7.8563    31.7123    31.7138    25.2281    25.2298    7.53799 0.0000e+00
