Datasets/AZMP/COO001/79001093.cnv
* Sea-Bird SBE 9 Data File:
* FileName = C:\CTDDATA\79001093.hex
* Software Version Seasave V 7.26.7.110
* Temperature SN = 5660
* Conductivity SN = 3698
* Number of Bytes Per Scan = 30
* Number of Voltage Words = 4
* Number of Scans Averaged by the Deck Unit = 1
* NMEA baud rate = 9600
** VESSEL/TRIP/SEQ STN:  79001093
** LATITUDE XX XX.XX N:  48 55.00
** LONGITUDE XX XX.XX W:  52 24.00
** SOUNDING DEPTH (M):  0364
** PROBE TYPE: S1257
** CTD NUMBER: 059
** COMMENTS (14 CHAR): BB-04
** BOTTLES:  20
** LEVELS: 5,5,5,5,10,20,20,20,20,30,40,50,50,50,75,100,100,100,150,BTM
** STICKERS: 435285 - 435304
** VNET: Y
** DO2: N
# nquan = 22
# nvalues = 7671                        
# units = specified
# name 0 = scan: Scan Count
# name 1 = prDM: Pressure, Digiquartz [db]
# name 2 = t090C: Temperature [ITS-90, deg C]
# name 3 = t190C: Temperature, 2 [ITS-90, deg C]
# name 4 = c0S/m: Conductivity [S/m]
# name 5 = c1S/m: Conductivity, 2 [S/m]
# name 6 = sbeox0V: Oxygen raw, SBE 43 [V]
# name 7 = sbeox1V: Oxygen raw, SBE 43, 2 [V]
# name 8 = ph: pH
# name 9 = flECO-AFL: Fluorescence, WET Labs ECO-AFL/FL [mg/m^3]
# name 10 = wetCDOM: Fluorescence, WET Labs CDOM [mg/m^3]
# name 11 = par/sat/log: PAR/Logarithmic, Satlantic [umol photons/m^2/sec]
# name 12 = CStarAt0: Beam Attenuation, WET Labs C-Star [1/m]
# name 13 = CStarTr0: Beam Transmission, WET Labs C-Star [%]
# name 14 = sbeox0ML/L: Oxygen, SBE 43 [ml/l], WS = 2
# name 15 = sbeox1ML/L: Oxygen, SBE 43, 2 [ml/l], WS = 2
# name 16 = sal00: Salinity, Practical [PSU]
# name 17 = sal11: Salinity, Practical, 2 [PSU]
# name 18 = sigma-t00: Density [sigma-t, kg/m^3 ]
# name 19 = sigma-t11: Density, 2 [sigma-t, kg/m^3 ]
# name 20 = oxsatML/L: Oxygen Saturation, Weiss [ml/l]
# name 21 = flag: flag
# span 0 =         89,      77202       
# span 1 =      1.467,    346.413       
# span 2 =     0.0572,     2.1088       
# span 3 =     0.0408,     2.1073       
# span 4 =   2.752394,   2.953671       
# span 5 =   2.751989,   2.952984       
# span 6 =     2.3437,     2.7473       
# span 7 =     2.3148,     2.7131       
# span 8 =      8.091,      8.199       
# span 9 =    -0.0078,     0.8567       
# span 10 =    -0.9575,     2.1614      
# span 11 = 1.0765e-01, 9.8847e+01      
# span 12 =     0.0651,     0.2807      
# span 13 =    93.2232,    98.3849      
# span 14 =     6.7141,     7.8463      
# span 15 =     7.0208,     8.2412      
# span 16 =    32.1927,    33.9062      
# span 17 =    32.1962,    33.9026      
# span 18 =    25.7164,    27.1404      
# span 19 =    25.7192,    27.1379      
# span 20 =    7.75927,    8.14654      
# span 21 = 0.0000e+00, 0.0000e+00      
# interval = scans: 3                   
# start_time = Dec 02 2019 16:23:55 [System UTC, header]
# bad_flag = -9.990e-29
*END*
[from data line 132]
        717     11.066     2.0931     2.0910   2.861568   2.861630     2.6276     2.7094      8.186     0.7394     1.6876 2.5704e+01     0.1292    96.8208     7.3709     8.1210    32.1939    32.1968    25.7172    25.7197    7.76396 0.0000e+00
        720     11.107     2.0930     2.0907   2.861581   2.861605     2.6272     2.7086      8.184     0.7394     1.6876 2.5526e+01     0.1292    96.8208     7.3671     8.1204    32.1941    32.1967    25.7174    25.7197    7.76396 0.0000e+00
        723     11.144     2.0930     2.0908   2.861575   2.861635     2.6268     2.7094      8.184     0.7297     1.6876 2.5321e+01     0.1292    96.8208     7.3649     8.1257    32.1941    32.1970    25.7174    25.7199    7.76397 0.0000e+00
        726     11.176     2.0931     2.0912   2.861584   2.861629     2.6280     2.7082      8.186     0.7346     1.6876 2.5204e+01     0.1292    96.8208     7.3689     8.1235    32.1940    32.1965    25.7173    25.7194    7.76396 0.0000e+00
        729     11.206     2.0928     2.0911   2.861585   2.861649     2.6276     2.7086      8.184     0.7443     1.6876 2.5117e+01     0.1296    96.8121     7.3674     8.1273    32.1943    32.1968    25.7176    25.7197    7.76400 0.0000e+00
        732     11.233     2.0929     2.0913   2.861585   2.861654     2.6276     2.7082      8.184     0.7297     1.6876 2.4943e+01     0.1303    96.7947     7.3679     8.1280    32.1942    32.1967    25.7175    25.7196    7.76398 0.0000e+00
        735     11.260     2.0930     2.0910   2.861582   2.861617     2.6280     2.7086      8.184     0.7394     1.6876 2.4828e+01     0.1303    96.7947     7.3703     8.1319    32.1941    32.1965    25.7174    25.7195    7.76398 0.0000e+00
        739     11.291     2.0930     2.0910   2.861580   2.861668     2.6284     2.7090      8.184     0.7394     1.6876 2.4628e+01     0.1303    96.7947     7.3723     8.1350    32.1940    32.1972    25.7173    25.7200    7.76397 0.0000e+00
        765     11.440     2.0933     2.0916   2.861612   2.861725     2.6325     2.7086      8.184     0.7492     1.8060 2.4429e+01     0.1296    96.8121     7.4100     8.1203    32.1940    32.1971    25.7173    25.7199    7.76391 0.0000e+00
        777     11.512     2.0935     2.0918   2.861651   2.861711     2.6353     2.7086      8.186     0.7150     1.8060 2.4458e+01     0.1292    96.8208     7.4317     8.1146    32.1942    32.1967    25.7175    25.7196    7.76386 0.0000e+00
        782     11.549     2.0936     2.0919   2.861657   2.861726     2.6374     2.7082      8.184     0.7199     1.8060 2.4514e+01     0.1292    96.8208     7.4426     8.1138    32.1942    32.1968    25.7175    25.7196    7.76385 0.0000e+00
        785     11.579     2.0935     2.0919   2.861657   2.861734     2.6386     2.7082      8.186     0.7101     1.8060 2.4543e+01     0.1292    96.8208     7.4474     8.1133    32.1943    32.1968    25.7175    25.7197    7.76385 0.0000e+00
        788     11.615     2.0934     2.0920   2.861645   2.861747     2.6378     2.7082      8.184     0.7199     1.8060 2.4486e+01     0.1296    96.8121     7.4447     8.1139    32.1943    32.1969    25.7175    25.7198    7.76388 0.0000e+00
        791     11.652     2.0935     2.0920   2.861669   2.861745     2.6394     2.7082      8.186     0.7101     1.8060 2.4458e+01     0.1292    96.8208     7.4493     8.1154    32.1944    32.1969    25.7176    25.7197    7.76385 0.0000e+00
        794     11.691     2.0935     2.0921   2.861659   2.861742     2.6410     2.7082      8.186     0.7248     1.8060 2.4401e+01     0.1292    96.8208     7.4534     8.1148    32.1942    32.1967    25.7174    25.7196    7.76385 0.0000e+00
        797     11.735     2.0934     2.0921   2.861675   2.861757     2.6414     2.7082      8.184     0.7199     1.7665 2.4401e+01     0.1285    96.8382     7.4546     8.1161    32.1946    32.1969    25.7177    25.7197    7.76387 0.0000e+00
        800     11.786     2.0936     2.0921   2.861669   2.861761     2.6423     2.7082      8.184     0.7199     1.6876 2.4373e+01     0.1292    96.8208     7.4564     8.1159    32.1942    32.1968    25.7174    25.7197    7.76383 0.0000e+00
        803     11.842     2.0937     2.0921   2.861660   2.861772     2.6435     2.7082      8.184     0.7248     1.6876 2.4289e+01     0.1289    96.8295     7.4572     8.1155    32.1940    32.1970    25.7172    25.7198    7.76383 0.0000e+00
        806     11.898     2.0937     2.0920   2.861671   2.861783     2.6431     2.7074      8.184     0.7394     1.6876 2.4204e+01     0.1289    96.8295     7.4523     8.1114    32.1941    32.1972    25.7173    25.7200    7.76383 0.0000e+00
        809     11.959     2.0933     2.0918   2.861573   2.861730     2.6443     2.7074      8.184     0.7297     1.6876 2.4093e+01     0.1289    96.8295     7.4564     8.1109    32.1933    32.1967    25.7167    25.7196    7.76396 0.0000e+00
        812     12.023     2.0927     2.0914   2.861484   2.861678     2.6451     2.7078      8.184     0.7346     1.6876 2.4009e+01     0.1282    96.8469     7.4565     8.1122    32.1927    32.1964    25.7164    25.7193    7.76410 0.0000e+00
        815     12.092     2.0922     2.0909   2.861470   2.861625     2.6451     2.7078      8.184     0.7346     1.6876 2.3898e+01     0.1278    96.8556     7.4541     8.1125    32.1931    32.1962    25.7166    25.7193    7.76419 0.0000e+00
        818     12.168     2.0918     2.0904   2.861442   2.861615     2.6467     2.7070      8.186     0.7346     1.6876 2.3761e+01     0.1282    96.8469     7.4575     8.1103    32.1930    32.1966    25.7166    25.7196    7.76426 0.0000e+00
        821     12.244     2.0915     2.0902   2.861439   2.861592     2.6480     2.7078      8.184     0.7394     1.6876 2.3569e+01     0.1282    96.8469     7.4597     8.1145    32.1933    32.1965    25.7168    25.7195    7.76431 0.0000e+00
        824     12.323     2.0913     2.0903   2.861463   2.861607     2.6480     2.7070      8.184     0.7346     1.8455 2.3325e+01     0.1278    96.8556     7.4572     8.1118    32.1937    32.1965    25.7172    25.7195    7.76433 0.0000e+00
        827     12.408     2.0913     2.0903   2.861446   2.861626     2.6471     2.7070      8.184     0.7687     1.9245 2.3164e+01     0.1278    96.8556     7.4538     8.1107    32.1935    32.1967    25.7170    25.7196    7.76434 0.0000e+00
        830     12.496     2.0915     2.0904   2.861490   2.861628     2.6488     2.7070      8.184     0.8371     1.9245 2.2872e+01     0.1292    96.8208     7.4587     8.1113    32.1938    32.1966    25.7172    25.7196    7.76429 0.0000e+00
        833     12.586     2.0914     2.0904   2.861478   2.861646     2.6492     2.7070      8.184     0.8322     1.9245 2.2582e+01     0.1310    96.7773     7.4568     8.1103    32.1936    32.1968    25.7171    25.7197    7.76430 0.0000e+00
        836     12.678     2.0916     2.0904   2.861504   2.861642     2.6492     2.7070      8.184     0.8469     1.9245 2.2194e+01     0.1314    96.7686     7.4546     8.1087    32.1937    32.1967    25.7171    25.7197    7.76426 0.0000e+00
        839     12.774     2.0918     2.0904   2.861549   2.861644     2.6508     2.7070      8.184     0.8322     1.9245 2.1888e+01     0.1314    96.7686     7.4574     8.1091    32.1941    32.1967    25.7174    25.7196    7.76422 0.0000e+00
        842     12.871     2.0921     2.0902   2.861637   2.861644     2.6504     2.7070      8.184     0.8420     1.9245 2.1512e+01     0.1310    96.7773     7.4537     8.1088    32.1947    32.1968    25.7180    25.7197    7.76410 0.0000e+00
        845     12.965     2.0925     2.0900   2.861626   2.861649     2.6496     2.7070      8.184     0.8371     1.9245 2.1191e+01     0.1310    96.7773     7.4518     8.1106    32.1942    32.1969    25.7175    25.7199    7.76406 0.0000e+00
        848     13.060     2.0925     2.0900   2.861630   2.861649     2.6516     2.7061      8.184     0.8322     1.9245 2.0803e+01     0.1314    96.7686     7.4603     8.1100    32.1941    32.1969    25.7174    25.7198    7.76406 0.0000e+00
        851     13.159     2.0925     2.0902   2.861624   2.861684     2.6520     2.7061      8.184     0.8420     1.8060 2.0374e+01     0.1296    96.8121     7.4606     8.1090    32.1941    32.1971    25.7174    25.7200    7.76407 0.0000e+00
        854     13.256     2.0925     2.0909   2.861656   2.861740     2.6520     2.7066      8.184     0.7980     1.8060 2.0024e+01     0.1289    96.8295     7.4596     8.1101    32.1944    32.1970    25.7177    25.7199    7.76405 0.0000e+00
        857     13.352     2.0926     2.0914   2.861684   2.861793     2.6520     2.7061      8.184     0.7590     1.8060 1.9680e+01     0.1285    96.8382     7.4598     8.1089    32.1946    32.1972    25.7178    25.7199    7.76402 0.0000e+00
        860     13.444     2.0926     2.0917   2.861645   2.861803     2.6524     2.7057      8.184     0.7687     1.8060 1.9274e+01     0.1285    96.8382     7.4609     8.1086    32.1941    32.1970    25.7174    25.7198    7.76405 0.0000e+00
        863     13.539     2.0924     2.0914   2.861607   2.861804     2.6520     2.7057      8.184     0.7639     1.8060 1.8878e+01     0.1285    96.8382     7.4597     8.1100    32.1937    32.1972    25.7171    25.7200    7.76410 0.0000e+00
        866     13.634     2.0924     2.0913   2.861633   2.861783     2.6536     2.7061      8.184     0.7639     1.8060 1.8553e+01     0.1285    96.8382     7.4664     8.1151    32.1940    32.1970    25.7173    25.7198    7.76409 0.0000e+00
        869     13.724     2.0923     2.0915   2.861650   2.861812     2.6545     2.7066      8.184     0.7639     1.8060 1.8276e+01     0.1285    96.8382     7.4673     8.1182    32.1943    32.1971    25.7176    25.7199    7.76409 0.0000e+00
        872     13.815     2.0923     2.0916   2.861621   2.861814     2.6541     2.7061      8.184     0.7687     1.8060 1.8024e+01     0.1303    96.7947     7.4637     8.1182    32.1938    32.1970    25.7172    25.7198    7.76412 0.0000e+00
        875     13.903     2.0923     2.0912   2.861644   2.861791     2.6545     2.7057      8.184     0.7639     1.7665 1.7796e+01     0.1303    96.7947     7.4652     8.1131    32.1941    32.1970    25.7174    25.7198    7.76410 0.0000e+00
        878     13.986     2.0922     2.0913   2.861640   2.861796     2.6553     2.7057      8.184     0.7541     1.6876 1.7592e+01     0.1303    96.7947     7.4678     8.1104    32.1941    32.1970    25.7175    25.7198    7.76413 0.0000e+00
        881     14.067     2.0923     2.0915   2.861646   2.861835     2.6553     2.7061      8.184     0.7687     1.6876 1.7390e+01     0.1303    96.7947     7.4655     8.1113    32.1940    32.1972    25.7173    25.7200    7.76411 0.0000e+00
        884     14.137     2.0922     2.0917   2.861646   2.861862     2.6557     2.7057      8.184     0.7687     1.6876 1.7190e+01     0.1303    96.7947     7.4648     8.1070    32.1941    32.1972    25.7175    25.7200    7.76413 0.0000e+00
        887     14.204     2.0922     2.0917   2.861660   2.861858     2.6561     2.7061      8.184     0.7639     1.6876 1.6992e+01     0.1299    96.8034     7.4639     8.1040    32.1943    32.1972    25.7175    25.7199    7.76412 0.0000e+00
        890     14.268     2.0923     2.0916   2.861662   2.861852     2.6561     2.7061      8.184     0.7541     1.6876 1.6836e+01     0.1303    96.7947     7.4598     8.0986    32.1941    32.1972    25.7174    25.7199    7.76410 0.0000e+00
        893     14.325     2.0925     2.0919   2.861660   2.861882     2.6557     2.7057      8.184     0.7590     1.6876 1.6680e+01     0.1303    96.7947     7.4570     8.0943    32.1939    32.1972    25.7173    25.7200    7.76408 0.0000e+00
        896     14.377     2.0924     2.0923   2.861658   2.861932     2.6565     2.7057      8.184     0.7590     1.6876 1.6565e+01     0.1303    96.7947     7.4597     8.0932    32.1939    32.1974    25.7173    25.7201    7.76409 0.0000e+00
        899     14.421     2.0923     2.0932   2.861650   2.862048     2.6569     2.7045      8.184     0.7639     1.6876 1.6470e+01     0.1303    96.7947     7.4581     8.0864    32.1939    32.1979    25.7172    25.7205    7.76411 0.0000e+00
        902     14.456     2.0925     2.0939   2.861692   2.862065     2.6569     2.7049      8.184     0.7590     1.5692 1.6375e+01     0.1303    96.7947     7.4567     8.0861    32.1941    32.1974    25.7175    25.7199    7.76406 0.0000e+00
        905     14.491     2.0925     2.0947   2.861672   2.862127     2.6561     2.7045      8.184     0.7639     1.4507 1.6299e+01     0.1296    96.8121     7.4533     8.0837    32.1939    32.1974    25.7173    25.7199    7.76408 0.0000e+00
        936     14.518     2.0929     2.0939   2.861704   2.862076     2.6573     2.7049      8.184     0.7785     1.3718 1.6492e+01     0.1325    96.7426     7.4539     8.0958    32.1939    32.1975    25.7173    25.7200    7.76400 0.0000e+00
        995     14.546     2.0934     2.0921   2.861766   2.861881     2.6577     2.7070      8.184     0.7834     1.2139 1.6933e+01     0.1372    96.6296     7.4510     8.1180    32.1942    32.1969    25.7174    25.7197    7.76389 0.0000e+00
        998     14.582     2.0933     2.0920   2.861757   2.861871     2.6569     2.7066      8.184     0.7736     1.2139 1.6855e+01     0.1372    96.6296     7.4493     8.1125    32.1941    32.1968    25.7173    25.7196    7.76390 0.0000e+00
       1001     14.619     2.0932     2.0919   2.861731   2.861903     2.6573     2.7070      8.184     0.7834     1.2139 1.6816e+01     0.1368    96.6383     7.4515     8.1084    32.1939    32.1973    25.7172    25.7200    7.76394 0.0000e+00
       1004     14.660     2.0932     2.0919   2.861727   2.861892     2.6577     2.7057      8.184     0.7785     1.2139 1.6738e+01     0.1368    96.6383     7.4510     8.0971    32.1938    32.1972    25.7172    25.7199    7.76395 0.0000e+00
       1007     14.702     2.0930     2.0919   2.861697   2.861892     2.6577     2.7057      8.184     0.7736     1.2139 1.6642e+01     0.1368    96.6383     7.4507     8.0912    32.1936    32.1972    25.7170    25.7199    7.76400 0.0000e+00
       1010     14.750     2.0928     2.0919   2.861705   2.861897     2.6577     2.7057      8.184     0.7736     1.2139 1.6546e+01     0.1368    96.6383     7.4521     8.0861    32.1939    32.1972    25.7172    25.7199    7.76401 0.0000e+00
       1013     14.800     2.0927     2.0922   2.861712   2.861906     2.6573     2.7049      8.184     0.7834     1.2139 1.6375e+01     0.1310    96.7773     7.4513     8.0804    32.1940    32.1970    25.7173    25.7198    7.76403 0.0000e+00
       1016     14.849     2.0927     2.0921   2.861704   2.861921     2.6573     2.7045      8.184     0.7785     1.2139 1.6281e+01     0.1296    96.8121     7.4512     8.0751    32.1939    32.1972    25.7172    25.7199    7.76403 0.0000e+00
       1019     14.896     2.0926     2.0921   2.861720   2.861909     2.6581     2.7045      8.184     0.7785     1.2139 1.6130e+01     0.1303    96.7947     7.4538     8.0750    32.1942    32.1970    25.7175    25.7198    7.76404 0.0000e+00
       1022     14.944     2.0926     2.0921   2.861712   2.861917     2.6577     2.7045      8.184     0.7834     1.2139 1.5982e+01     0.1303    96.7947     7.4524     8.0778    32.1941    32.1971    25.7174    25.7198    7.76405 0.0000e+00
       1025     14.994     2.0927     2.0920   2.861720   2.861913     2.6573     2.7033      8.186     0.7785     1.2139 1.5872e+01     0.1303    96.7947     7.4493     8.0768    32.1940    32.1971    25.7174    25.7199    7.76403 0.0000e+00
       1028     15.045     2.0926     2.0921   2.861722   2.861906     2.6565     2.7029      8.184     0.7736     1.2139 1.5762e+01     0.1303    96.7947     7.4476     8.0787    32.1942    32.1969    25.7175    25.7197    7.76405 0.0000e+00
