Datasets/AZMP/COO001/79001091.cnv
* Sea-Bird SBE 9 Data File:
* FileName = C:\CTDDATA\79001091.hex
* Software Version Seasave V 7.26.7.110
* Temperature SN = 5660
* Conductivity SN = 3698
* Number of Bytes Per Scan = 30
* Number of Voltage Words = 4
* Number of Scans Averaged by the Deck Unit = 1
* NMEA baud rate = 9600
** VESSEL/TRIP/SEQ STN:  79001091
** LATITUDE XX XX.XX N:  48 44.00 N
** LONGITUDE XX XX.XX W:  52 58.00 W
** SOUNDING DEPTH (M):  0100
** PROBE TYPE: S1257
** CTD NUMBER: 057
** COMMENTS (14 CHAR): BB-01
** BOTTLES:  18
** LEVELS: 5,5,5,5,10,20,20,20,20,30,40,50,50,50,75,BTM,BTM,BTM
** STICKERS: 435255 - 435272
** VNET: Y
** DO2: Y
# nquan = 22
# nvalues = 2494                        
# units = specified
# name 0 = scan: Scan Count
# name 1 = prDM: Pressure, Digiquartz [db]
# name 2 = t090C: Temperature [ITS-90, deg C]
# name 3 = t190C: Temperature, 2 [ITS-90, deg C]
# name 4 = c0S/m: Conductivity [S/m]
# name 5 = c1S/m: Conductivity, 2 [S/m]
# name 6 = sbeox0V: Oxygen raw, SBE 43 [V]
# name 7 = sbeox1V: Oxygen raw, SBE 43, 2 [V]
# name 8 = ph: pH
# name 9 = flECO-AFL: Fluorescence, WET Labs ECO-AFL/FL [mg/m^3]
# name 10 = wetCDOM: Fluorescence, WET Labs CDOM [mg/m^3]
# name 11 = par/sat/log: PAR/Logarithmic, Satlantic [umol photons/m^2/sec]
# name 12 = CStarAt0: Beam Attenuation, WET Labs C-Star [1/m]
# name 13 = CStarTr0: Beam Transmission, WET Labs C-Star [%]
# name 14 = sbeox0ML/L: Oxygen, SBE 43 [ml/l], WS = 2
# name 15 = sbeox1ML/L: Oxygen, SBE 43, 2 [ml/l], WS = 2
# name 16 = sal00: Salinity, Practical [PSU]
# name 17 = sal11: Salinity, Practical, 2 [PSU]
# name 18 = sigma-t00: Density [sigma-t, kg/m^3 ]
# name 19 = sigma-t11: Density, 2 [sigma-t, kg/m^3 ]
# name 20 = oxsatML/L: Oxygen Saturation, Weiss [ml/l]
# name 21 = flag: flag
# span 0 =         82,      46771       
# span 1 =      0.972,     94.683       
# span 2 =     2.6581,     3.2689       
# span 3 =     2.6555,     3.2739       
# span 4 =   2.896451,   2.924570       
# span 5 =   2.896523,   2.924439       
# span 6 =     2.5539,     2.7550       
# span 7 =     2.6633,     2.7159       
# span 8 =      8.180,      8.196       
# span 9 =     0.1876,     0.5441       
# span 10 =    -0.2469,     2.1614      
# span 11 = 1.0777e-01, 9.5322e+00      
# span 12 =     0.0874,     0.1163      
# span 13 =    97.1336,    97.8375      
# span 14 =     6.7837,     7.5984      
# span 15 =     7.8532,     7.9842      
# span 16 =    31.7497,    32.0096      
# span 17 =    31.7535,    32.0149      
# span 18 =    25.2700,    25.5264      
# span 19 =    25.2734,    25.5309      
# span 20 =    7.55730,    7.66242      
# span 21 = 0.0000e+00, 0.0000e+00      
# interval = scans: 3                   
# start_time = Dec 02 2019 10:42:25 [System UTC, header]
# bad_flag = -9.990e-29
*END*
[from data line 527]
       3039     41.220     3.0895     3.0832   2.915544   2.915347     2.7408     2.7025      8.190     0.4073     2.0034 1.0790e-01     0.1013    97.4986     7.5653     7.9361    31.8402    31.8441    25.3558    25.3595    7.58796 0.0000e+00
       3102     41.265     3.0948     3.0845   2.915623   2.915429     2.7387     2.7009      8.190     0.4025     1.9245 1.0790e-01     0.1013    97.4986     7.5477     7.9240    31.8359    31.8438    25.3520    25.3591    7.58717 0.0000e+00
       3105     41.334     3.0929     3.0846   2.915610   2.915426     2.7383     2.7009      8.190     0.4073     1.9245 1.0790e-01     0.1013    97.4986     7.5461     7.9272    31.8376    31.8435    25.3535    25.3589    7.58745 0.0000e+00
       3108     41.410     3.0921     3.0844   2.915639   2.915424     2.7379     2.7013      8.190     0.4073     1.9245 1.0790e-01     0.1024    97.4725     7.5460     7.9302    31.8387    31.8437    25.3544    25.3591    7.58754 0.0000e+00
       3111     41.492     3.0918     3.0842   2.915657   2.915411     2.7375     2.7013      8.190     0.4073     1.9245 1.0790e-01     0.1035    97.4464     7.5427     7.9314    31.8391    31.8437    25.3548    25.3591    7.58757 0.0000e+00
       3114     41.577     3.0917     3.0843   2.915639   2.915436     2.7375     2.7013      8.190     0.4024     1.9245 1.0790e-01     0.1035    97.4464     7.5405     7.9343    31.8390    31.8439    25.3547    25.3592    7.58761 0.0000e+00
       3117     41.663     3.0915     3.0844   2.915637   2.915416     2.7367     2.7009      8.190     0.4073     1.9245 1.0790e-01     0.1035    97.4464     7.5389     7.9343    31.8392    31.8435    25.3548    25.3589    7.58764 0.0000e+00
       3120     41.753     3.0910     3.0843   2.915528   2.915437     2.7375     2.7021      8.190     0.4024     1.9245 1.0790e-01     0.1035    97.4464     7.5424     7.9383    31.8383    31.8438    25.3542    25.3591    7.58778 0.0000e+00
       3123     41.851     3.0892     3.0845   2.915370   2.915461     2.7375     2.7013      8.190     0.4073     1.9245 1.0790e-01     0.1035    97.4464     7.5428     7.9346    31.8381    31.8438    25.3542    25.3592    7.58813 0.0000e+00
       3126     41.958     3.0878     3.0846   2.915329   2.915478     2.7367     2.7013      8.190     0.4025     1.9245 1.0790e-01     0.1035    97.4464     7.5421     7.9330    31.8390    31.8439    25.3550    25.3592    7.58836 0.0000e+00
       3129     42.065     3.0867     3.0852   2.915315   2.915521     2.7363     2.7017      8.190     0.3976     1.9245 1.0790e-01     0.1028    97.4638     7.5428     7.9337    31.8397    31.8437    25.3557    25.3590    7.58852 0.0000e+00
       3132     42.175     3.0860     3.0861   2.915301   2.915596     2.7371     2.7009      8.190     0.3878     1.9245 1.0790e-01     0.1024    97.4725     7.5480     7.9301    31.8402    31.8437    25.3562    25.3589    7.58862 0.0000e+00
       3135     42.286     3.0857     3.0873   2.915281   2.915677     2.7351     2.7013      8.190     0.3878     1.9245 1.0802e-01     0.1020    97.4812     7.5415     7.9325    31.8403    31.8434    25.3563    25.3586    7.58869 0.0000e+00
       3138     42.397     3.0853     3.0876   2.915280   2.915633     2.7355     2.7013      8.190     0.3878     1.9245 1.0790e-01     0.1020    97.4812     7.5438     7.9319    31.8406    31.8425    25.3565    25.3579    7.58875 0.0000e+00
       3141     42.510     3.0851     3.0856   2.915286   2.915502     2.7363     2.7009      8.190     0.3927     1.9245 1.0802e-01     0.1024    97.4725     7.5479     7.9306    31.8408    31.8428    25.3567    25.3583    7.58878 0.0000e+00
       3144     42.627     3.0848     3.0842   2.915273   2.915433     2.7359     2.7009      8.190     0.3829     1.9245 1.0790e-01     0.1024    97.4725     7.5484     7.9304    31.8408    31.8434    25.3568    25.3589    7.58882 0.0000e+00
       3147     42.743     3.0847     3.0837   2.915242   2.915429     2.7355     2.7009      8.190     0.3927     1.9640 1.0790e-01     0.1024    97.4725     7.5499     7.9317    31.8405    31.8437    25.3565    25.3592    7.58886 0.0000e+00
       3150     42.862     3.0843     3.0831   2.915230   2.915401     2.7351     2.7009      8.190     0.3878     2.0429 1.0790e-01     0.1010    97.5073     7.5511     7.9315    31.8407    31.8440    25.3567    25.3594    7.58892 0.0000e+00
       3153     42.975     3.0842     3.0824   2.915241   2.915320     2.7363     2.7013      8.190     0.3878     2.0429 1.0790e-01     0.1010    97.5073     7.5566     7.9335    31.8409    31.8436    25.3569    25.3592    7.58895 0.0000e+00
       3156     43.089     3.0839     3.0809   2.915193   2.915229     2.7359     2.7017      8.190     0.3878     2.0429 1.0790e-01     0.1006    97.5160     7.5570     7.9364    31.8405    31.8439    25.3566    25.3596    7.58901 0.0000e+00
       3159     43.199     3.0828     3.0799   2.915065   2.915208     2.7351     2.7009      8.190     0.3829     2.0429 1.0790e-01     0.1010    97.5073     7.5544     7.9329    31.8400    31.8446    25.3563    25.3601    7.58924 0.0000e+00
       3162     43.306     3.0816     3.0803   2.915026   2.915239     2.7359     2.7013      8.190     0.3927     2.0429 1.0790e-01     0.1010    97.5073     7.5564     7.9356    31.8407    31.8446    25.3569    25.3601    7.58945 0.0000e+00
       3165     43.413     3.0806     3.0803   2.914922   2.915217     2.7359     2.7009      8.190     0.3927     2.0429 1.0790e-01     0.1010    97.5073     7.5574     7.9341    31.8404    31.8442    25.3568    25.3598    7.58966 0.0000e+00
       3168     43.516     3.0797     3.0779   2.914919   2.915019     2.7363     2.7009      8.190     0.3829     2.0034 1.0802e-01     0.1013    97.4986     7.5603     7.9341    31.8412    31.8441    25.3575    25.3600    7.58979 0.0000e+00
       3171     43.614     3.0791     3.0761   2.914875   2.914924     2.7363     2.7009      8.190     0.3927     2.0429 1.0802e-01     0.1013    97.4986     7.5607     7.9340    31.8412    31.8447    25.3576    25.3606    7.58990 0.0000e+00
       3174     43.710     3.0784     3.0747   2.914860   2.914868     2.7363     2.7009      8.190     0.3878     2.1219 1.0790e-01     0.1013    97.4986     7.5593     7.9338    31.8417    31.8454    25.3580    25.3612    7.59002 0.0000e+00
       3177     43.801     3.0777     3.0747   2.914791   2.914882     2.7359     2.7009      8.190     0.3927     2.1614 1.0790e-01     0.1010    97.5073     7.5569     7.9345    31.8414    31.8455    25.3579    25.3613    7.59015 0.0000e+00
       3180     43.888     3.0770     3.0750   2.914774   2.914905     2.7359     2.7009      8.190     0.3976     2.1614 1.0790e-01     0.1010    97.5073     7.5588     7.9355    31.8419    31.8455    25.3583    25.3613    7.59027 0.0000e+00
       3183     43.970     3.0765     3.0746   2.914749   2.914894     2.7351     2.7009      8.190     0.3976     2.1614 1.0790e-01     0.1006    97.5160     7.5561     7.9373    31.8420    31.8456    25.3584    25.3615    7.59035 0.0000e+00
       3186     44.048     3.0764     3.0742   2.914753   2.914829     2.7363     2.7009      8.190     0.4073     2.1614 1.0802e-01     0.1006    97.5160     7.5595     7.9375    31.8422    31.8453    25.3585    25.3612    7.59037 0.0000e+00
       3189     44.119     3.0763     3.0729   2.914775   2.914752     2.7363     2.7009      8.190     0.3976     2.1614 1.0790e-01     0.1020    97.4812     7.5600     7.9385    31.8425    31.8455    25.3588    25.3615    7.59037 0.0000e+00
       3192     44.190     3.0763     3.0712   2.914755   2.914660     2.7363     2.7009      8.190     0.4024     2.1614 1.0790e-01     0.1024    97.4725     7.5595     7.9377    31.8421    31.8461    25.3585    25.3621    7.59038 0.0000e+00
       3195     44.255     3.0762     3.0699   2.914757   2.914592     2.7363     2.7009      8.190     0.4073     2.1614 1.0790e-01     0.1024    97.4725     7.5605     7.9369    31.8422    31.8465    25.3586    25.3626    7.59039 0.0000e+00
       3198     44.317     3.0758     3.0689   2.914698   2.914565     2.7351     2.7009      8.190     0.4024     2.1219 1.0790e-01     0.1024    97.4725     7.5576     7.9362    31.8419    31.8471    25.3584    25.3631    7.59049 0.0000e+00
       3201     44.377     3.0754     3.0691   2.914657   2.914576     2.7359     2.7013      8.190     0.4024     1.9245 1.0790e-01     0.1020    97.4812     7.5613     7.9379    31.8418    31.8470    25.3583    25.3630    7.59058 0.0000e+00
       3204     44.433     3.0750     3.0689   2.914682   2.914552     2.7367     2.7009      8.190     0.4024     1.9245 1.0790e-01     0.1024    97.4725     7.5641     7.9365    31.8425    31.8469    25.3589    25.3629    7.59062 0.0000e+00
       3207     44.486     3.0750     3.0687   2.914702   2.914550     2.7363     2.7009      8.190     0.4073     1.9245 1.0790e-01     0.1024    97.4725     7.5619     7.9340    31.8427    31.8471    25.3591    25.3631    7.59061 0.0000e+00
       3210     44.540     3.0751     3.0688   2.914704   2.914578     2.7367     2.7009      8.190     0.4171     1.9245 1.0790e-01     0.0999    97.5333     7.5635     7.9315    31.8425    31.8472    25.3590    25.3632    7.59059 0.0000e+00
       3213     44.589     3.0749     3.0690   2.914665   2.914579     2.7359     2.7009      8.190     0.4171     1.9245 1.0790e-01     0.0992    97.5507     7.5619     7.9293    31.8423    31.8470    25.3587    25.3630    7.59064 0.0000e+00
       3216     44.640     3.0747     3.0693   2.914653   2.914591     2.7359     2.7005      8.190     0.4171     1.9245 1.0790e-01     0.0992    97.5507     7.5620     7.9273    31.8424    31.8469    25.3588    25.3629    7.59069 0.0000e+00
       3219     44.690     3.0745     3.0692   2.914632   2.914597     2.7367     2.7001      8.190     0.4171     1.9245 1.0802e-01     0.0992    97.5507     7.5647     7.9275    31.8423    31.8470    25.3588    25.3630    7.59073 0.0000e+00
       3222     44.740     3.0742     3.0691   2.914613   2.914570     2.7367     2.7009      8.190     0.4122     1.9245 1.0790e-01     0.0992    97.5507     7.5640     7.9298    31.8423    31.8468    25.3588    25.3629    7.59078 0.0000e+00
       3225     44.789     3.0735     3.0689   2.914565   2.914580     2.7363     2.7009      8.190     0.4171     1.9245 1.0790e-01     0.0992    97.5507     7.5626     7.9306    31.8424    31.8471    25.3589    25.3631    7.59091 0.0000e+00
       3228     44.841     3.0728     3.0688   2.914540   2.914562     2.7363     2.7005      8.190     0.4220     1.9245 1.0790e-01     0.0996    97.5420     7.5633     7.9308    31.8427    31.8470    25.3593    25.3630    7.59103 0.0000e+00
       3231     44.892     3.0723     3.0687   2.914515   2.914557     2.7363     2.6997      8.190     0.4122     1.9245 1.0790e-01     0.1024    97.4725     7.5619     7.9300    31.8429    31.8470    25.3594    25.3630    7.59111 0.0000e+00
       3234     44.944     3.0719     3.0687   2.914502   2.914555     2.7375     2.6997      8.190     0.4220     1.9245 1.0790e-01     0.1024    97.4725     7.5656     7.9327    31.8431    31.8469    25.3597    25.3629    7.59118 0.0000e+00
       3237     44.997     3.0713     3.0683   2.914482   2.914532     2.7367     2.6997      8.190     0.4220     1.9245 1.0790e-01     0.1024    97.4725     7.5639     7.9358    31.8434    31.8470    25.3600    25.3630    7.59128 0.0000e+00
       3240     45.052     3.0709     3.0683   2.914460   2.914550     2.7363     2.7005      8.190     0.4171     1.9245 1.0790e-01     0.1024    97.4725     7.5614     7.9409    31.8436    31.8472    25.3601    25.3632    7.59135 0.0000e+00
       3243     45.106     3.0707     3.0683   2.914439   2.914559     2.7359     2.7005      8.190     0.4220     1.9245 1.0790e-01     0.1024    97.4725     7.5597     7.9430    31.8434    31.8473    25.3601    25.3633    7.59139 0.0000e+00
       3246     45.162     3.0707     3.0681   2.914444   2.914534     2.7371     2.7001      8.190     0.4122     1.9245 1.0790e-01     0.1024    97.4725     7.5627     7.9424    31.8435    31.8471    25.3601    25.3631    7.59139 0.0000e+00
       3249     45.217     3.0707     3.0683   2.914472   2.914583     2.7375     2.7001      8.190     0.4220     1.9245 1.0790e-01     0.1024    97.4725     7.5630     7.9450    31.8437    31.8475    25.3603    25.3635    7.59137 0.0000e+00
       3252     45.273     3.0708     3.0686   2.914479   2.914580     2.7363     2.7005      8.190     0.4171     1.9245 1.0802e-01     0.1013    97.4986     7.5602     7.9490    31.8437    31.8471    25.3603    25.3631    7.59136 0.0000e+00
       3255     45.323     3.0708     3.0688   2.914488   2.914597     2.7359     2.7005      8.190     0.4220     1.9245 1.0790e-01     0.1017    97.4899     7.5601     7.9513    31.8438    31.8471    25.3603    25.3631    7.59135 0.0000e+00
       3258     45.373     3.0709     3.0689   2.914504   2.914600     2.7367     2.7009      8.190     0.4269     1.9245 1.0790e-01     0.1017    97.4899     7.5632     7.9543    31.8439    31.8470    25.3604    25.3630    7.59134 0.0000e+00
       3261     45.426     3.0710     3.0688   2.914511   2.914594     2.7367     2.7009      8.190     0.4366     1.9245 1.0802e-01     0.1017    97.4899     7.5643     7.9552    31.8438    31.8471    25.3603    25.3631    7.59131 0.0000e+00
       3264     45.478     3.0708     3.0687   2.914449   2.914582     2.7363     2.7009      8.190     0.4318     1.9245 1.0790e-01     0.1017    97.4899     7.5640     7.9555    31.8433    31.8470    25.3599    25.3630    7.59138 0.0000e+00
       3267     45.527     3.0700     3.0686   2.914436   2.914589     2.7367     2.7009      8.190     0.4366     1.9245 1.0790e-01     0.1017    97.4899     7.5670     7.9579    31.8438    31.8471    25.3604    25.3632    7.59150 0.0000e+00
       3270     45.572     3.0697     3.0688   2.914400   2.914614     2.7355     2.7009      8.190     0.4269     1.9245 1.0790e-01     0.1024    97.4725     7.5619     7.9570    31.8438    31.8472    25.3604    25.3632    7.59157 0.0000e+00
       3273     45.615     3.0695     3.0693   2.914424   2.914627     2.7363     2.7009      8.190     0.4366     1.9245 1.0790e-01     0.1024    97.4725     7.5649     7.9566    31.8442    31.8468    25.3607    25.3629    7.59158 0.0000e+00
       3276     45.657     3.0696     3.0693   2.914445   2.914626     2.7379     2.7009      8.190     0.4366     1.9245 1.0790e-01     0.1024    97.4725     7.5709     7.9548    31.8443    31.8468    25.3608    25.3628    7.59156 0.0000e+00
       3279     45.698     3.0696     3.0685   2.914442   2.914595     2.7371     2.7021      8.190     0.4269     1.9245 1.0802e-01     0.1020    97.4812     7.5677     7.9588    31.8442    31.8472    25.3607    25.3632    7.59156 0.0000e+00
       3282     45.736     3.0696     3.0680   2.914427   2.914576     2.7371     2.7021      8.190     0.4269     1.9245 1.0790e-01     0.1024    97.4725     7.5671     7.9575    31.8441    31.8474    25.3606    25.3634    7.59157 0.0000e+00
       3285     45.766     3.0696     3.0678   2.914435   2.914568     2.7363     2.7021      8.190     0.4269     1.9245 1.0790e-01     0.1024    97.4725     7.5649     7.9540    31.8442    31.8475    25.3607    25.3635    7.59157 0.0000e+00
       3288     45.796     3.0695     3.0676   2.914415   2.914565     2.7379     2.7021      8.190     0.4171     1.9245 1.0790e-01     0.1020    97.4812     7.5710     7.9501    31.8440    31.8476    25.3606    25.3636    7.59159 0.0000e+00
       3291     45.823     3.0692     3.0679   2.914415   2.914590     2.7375     2.7021      8.190     0.4269     1.9245 1.0790e-01     0.1013    97.4986     7.5704     7.9461    31.8442    31.8476    25.3608    25.3636    7.59163 0.0000e+00
