Datasets/AZMP/COO001/79001119.cnv
* Sea-Bird SBE 9 Data File:
* FileName = C:\CTDDATA\79001119.hex
* Software Version Seasave V 7.26.7.110
* Temperature SN = 5660
* Conductivity SN = 3698
* Number of Bytes Per Scan = 30
* Number of Voltage Words = 4
* Number of Scans Averaged by the Deck Unit = 1
* NMEA baud rate = 9600
** VESSEL/TRIP/SEQ STN:  79001119
** LATITUDE XX XX.XX N:  47 00.00 N
** LONGITUDE XX XX.XX W:  51 00.00 W
** SOUNDING DEPTH (M):  0110
** PROBE TYPE: S1257
** CTD NUMBER: 079
** COMMENTS (14 CHAR): FC-07
** BOTTLES:  10
** LEVELS: 5,5,10,20,20,30,40,50,75,BTM
** STICKERS: 435603 - 435612
** VNET: Y
** DO2: N
# nquan = 22
# nvalues = 2795                        
# units = specified
# name 0 = scan: Scan Count
# name 1 = prDM: Pressure, Digiquartz [db]
# name 2 = t090C: Temperature [ITS-90, deg C]
# name 3 = t190C: Temperature, 2 [ITS-90, deg C]
# name 4 = c0S/m: Conductivity [S/m]
# name 5 = c1S/m: Conductivity, 2 [S/m]
# name 6 = sbeox0V: Oxygen raw, SBE 43 [V]
# name 7 = sbeox1V: Oxygen raw, SBE 43, 2 [V]
# name 8 = ph: pH
# name 9 = flECO-AFL: Fluorescence, WET Labs ECO-AFL/FL [mg/m^3]
# name 10 = wetCDOM: Fluorescence, WET Labs CDOM [mg/m^3]
# name 11 = par/sat/log: PAR/Logarithmic, Satlantic [umol photons/m^2/sec]
# name 12 = CStarAt0: Beam Attenuation, WET Labs C-Star [1/m]
# name 13 = CStarTr0: Beam Transmission, WET Labs C-Star [%]
# name 14 = sbeox0ML/L: Oxygen, SBE 43 [ml/l], WS = 2
# name 15 = sbeox1ML/L: Oxygen, SBE 43, 2 [ml/l], WS = 2
# name 16 = sal00: Salinity, Practical [PSU]
# name 17 = sal11: Salinity, Practical, 2 [PSU]
# name 18 = sigma-t00: Density [sigma-t, kg/m^3 ]
# name 19 = sigma-t11: Density, 2 [sigma-t, kg/m^3 ]
# name 20 = oxsatML/L: Oxygen Saturation, Weiss [ml/l]
# name 21 = flag: flag
# span 0 =         70,      34540       
# span 1 =      0.486,    100.927       
# span 2 =    -0.7759,     3.1063       
# span 3 =    -0.7908,     3.1076       
# span 4 =   2.675812,   2.938856       
# span 5 =   2.674460,   2.939025       
# span 6 =     2.3944,     2.7721       
# span 7 =     2.3651,     2.7354       
# span 8 =      8.021,      8.166       
# span 9 =     0.0264,     0.7297       
# span 10 =     1.4902,     2.1614      
# span 11 = 1.0777e-01, 3.8400e-01      
# span 12 =     0.0535,     0.2370      
# span 13 =    94.2790,    98.6717      
# span 14 =     6.7137,     7.8746      
# span 15 =     7.4604,     8.3567      
# span 16 =    31.9042,    33.0849      
# span 17 =    32.1226,    33.0874      
# span 18 =    25.4064,    26.5890      
# span 19 =    25.5795,    26.5911      
# span 20 =    7.57045,    8.34050      
# span 21 = 0.0000e+00, 0.0000e+00      
# interval = scans: 3                   
# start_time = Dec 07 2019 22:14:06 [System UTC, header]
# bad_flag = -9.990e-29
*END*
[from data line 1252]
       5870     97.888    -0.6569    -0.6569   2.709149   2.709203     2.4029     2.3699      8.021     0.0703     1.8060 1.0815e-01     0.1310    96.7773     7.1622     7.4803    33.0743    33.0749    26.5802    26.5807    8.29640 0.0000e+00
       5873     97.933    -0.6572    -0.6568   2.709128   2.709224     2.4025     2.3699      8.026     0.0703     1.8060 1.0827e-01     0.1314    96.7686     7.1604     7.4810    33.0742    33.0751    26.5801    26.5809    8.29646 0.0000e+00
       5876     97.980    -0.6576    -0.6569   2.709125   2.709250     2.4025     2.3699      8.021     0.0606     1.8850 1.0815e-01     0.1314    96.7686     7.1620     7.4827    33.0745    33.0755    26.5805    26.5812    8.29653 0.0000e+00
       5879     98.031    -0.6575    -0.6569   2.709118   2.709261     2.4033     2.3699      8.024     0.0557     1.9245 1.0802e-01     0.1314    96.7686     7.1641     7.4839    33.0744    33.0756    26.5803    26.5813    8.29653 0.0000e+00
       5882     98.087    -0.6575    -0.6569   2.709173   2.709260     2.4025     2.3695      8.026     0.0557     1.9245 1.0827e-01     0.1314    96.7686     7.1587     7.4814    33.0750    33.0756    26.5808    26.5813    8.29648 0.0000e+00
       5885     98.150    -0.6573    -0.6570   2.709178   2.709241     2.4025     2.3699      8.021     0.0508     1.9245 1.0827e-01     0.1310    96.7773     7.1581     7.4812    33.0749    33.0754    26.5807    26.5811    8.29646 0.0000e+00
       5888     98.215    -0.6573    -0.6570   2.709165   2.709237     2.4021     2.3695      8.021     0.0557     1.9245 1.0827e-01     0.1314    96.7686     7.1564     7.4783    33.0747    33.0753    26.5805    26.5810    8.29647 0.0000e+00
       5891     98.282    -0.6572    -0.6572   2.709190   2.709242     2.4009     2.3699      8.023     0.0557     1.9245 1.0815e-01     0.1303    96.7947     7.1524     7.4792    33.0748    33.0756    26.5806    26.5812    8.29643 0.0000e+00
       5894     98.350    -0.6572    -0.6574   2.709173   2.709231     2.4017     2.3695      8.024     0.0557     1.9245 1.0815e-01     0.1303    96.7947     7.1555     7.4776    33.0746    33.0756    26.5804    26.5812    8.29644 0.0000e+00
       5897     98.419    -0.6576    -0.6578   2.709139   2.709207     2.4017     2.3687      8.023     0.0557     1.9245 1.0802e-01     0.1307    96.7860     7.1570     7.4749    33.0746    33.0757    26.5804    26.5814    8.29654 0.0000e+00
       5900     98.489    -0.6582    -0.6581   2.709112   2.709200     2.4017     2.3691      8.024     0.0459     1.9245 1.0827e-01     0.1307    96.7860     7.1563     7.4776    33.0748    33.0759    26.5807    26.5815    8.29666 0.0000e+00
       5903     98.563    -0.6589    -0.6582   2.709152   2.709214     2.4013     2.3687      8.021     0.0410     1.9245 1.0790e-01     0.1303    96.7947     7.1568     7.4776    33.0760    33.0761    26.5817    26.5817    8.29674 0.0000e+00
       5906     98.637    -0.6593    -0.6581   2.709127   2.709215     2.4017     2.3687      8.023     0.0410     1.9245 1.0827e-01     0.1307    96.7860     7.1619     7.4787    33.0761    33.0760    26.5818    26.5816    8.29684 0.0000e+00
       5909     98.711    -0.6597    -0.6595   2.709162   2.709235     2.4017     2.3687      8.023     0.0410     1.9245 1.0802e-01     0.1300    96.8034     7.1618     7.4809    33.0769    33.0777    26.5824    26.5831    8.29687 0.0000e+00
       5912     98.785    -0.6599    -0.6601   2.709155   2.709256     2.4017     2.3687      8.024     0.0410     1.9245 1.0827e-01     0.1282    96.8469     7.1622     7.4826    33.0771    33.0786    26.5826    26.5838    8.29692 0.0000e+00
       5915     98.858    -0.6601    -0.6605   2.709157   2.709228     2.4013     2.3687      8.024     0.0410     1.9245 1.0815e-01     0.1282    96.8469     7.1606     7.4848    33.0772    33.0786    26.5827    26.5838    8.29694 0.0000e+00
       5918     98.929    -0.6600    -0.6608   2.709188   2.709268     2.4017     2.3687      8.024     0.0459     1.9245 1.0815e-01     0.1282    96.8469     7.1617     7.4880    33.0775    33.0794    26.5830    26.5845    8.29691 0.0000e+00
       5921     98.999    -0.6602    -0.6608   2.709159   2.709258     2.4013     2.3687      8.021     0.0410     1.9245 1.0827e-01     0.1282    96.8469     7.1606     7.4905    33.0773    33.0793    26.5828    26.5844    8.29697 0.0000e+00
       5924     99.067    -0.6601    -0.6607   2.709170   2.709261     2.4013     2.3687      8.023     0.0410     1.9245 1.0815e-01     0.1278    96.8556     7.1595     7.4917    33.0773    33.0792    26.5828    26.5843    8.29695 0.0000e+00
       5927     99.130    -0.6602    -0.6607   2.709147   2.709265     2.4017     2.3687      8.021     0.0410     1.9245 1.0827e-01     0.1282    96.8469     7.1602     7.4924    33.0770    33.0792    26.5825    26.5843    8.29697 0.0000e+00
       5930     99.192    -0.6602    -0.6608   2.709176   2.709265     2.4017     2.3687      8.024     0.0410     1.9245 1.0802e-01     0.1285    96.8382     7.1605     7.4927    33.0774    33.0792    26.5828    26.5844    8.29695 0.0000e+00
       5933     99.251    -0.6602    -0.6608   2.709202   2.709273     2.4005     2.3687      8.023     0.0410     1.9245 1.0815e-01     0.1292    96.8208     7.1571     7.4929    33.0777    33.0793    26.5831    26.5844    8.29693 0.0000e+00
       5936     99.305    -0.6603    -0.6607   2.709197   2.709279     2.4005     2.3683      8.021     0.0410     1.9245 1.0827e-01     0.1285    96.8382     7.1568     7.4916    33.0777    33.0793    26.5831    26.5844    8.29696 0.0000e+00
       5939     99.357    -0.6600    -0.6607   2.709186   2.709279     2.4013     2.3687      8.023     0.0459     1.9245 1.0815e-01     0.1289    96.8295     7.1602     7.4934    33.0773    33.0793    26.5827    26.5844    8.29693 0.0000e+00
       5942     99.403    -0.6599    -0.6609   2.709155   2.709303     2.4017     2.3687      8.023     0.0410     1.9245 1.0815e-01     0.1289    96.8295     7.1612     7.4937    33.0767    33.0797    26.5822    26.5847    8.29694 0.0000e+00
       5945     99.447    -0.6597    -0.6611   2.709194   2.709338     2.4009     2.3687      8.021     0.0410     1.9245 1.0827e-01     0.1292    96.8208     7.1585     7.4939    33.0769    33.0805    26.5824    26.5853    8.29687 0.0000e+00
       5948     99.488    -0.6596    -0.6610   2.709198   2.709318     2.4005     2.3687      8.023     0.0410     1.9245 1.0802e-01     0.1289    96.8295     7.1562     7.4941    33.0768    33.0800    26.5823    26.5850    8.29685 0.0000e+00
       5951     99.522    -0.6595    -0.6610   2.709219   2.709317     2.4005     2.3687      8.023     0.0410     1.9245 1.0827e-01     0.1282    96.8469     7.1566     7.4943    33.0770    33.0800    26.5825    26.5849    8.29682 0.0000e+00
       5954     99.549    -0.6591    -0.6608   2.709254   2.709315     2.4017     2.3687      8.023     0.0557     1.9245 1.0827e-01     0.1285    96.8382     7.1621     7.4945    33.0770    33.0797    26.5825    26.5847    8.29673 0.0000e+00
       5986     99.574    -0.6586    -0.6602   2.709294   2.709331     2.4009     2.3687      8.023     0.0557     1.8850 1.0815e-01     0.1293    96.8208     7.1598     7.4906    33.0770    33.0793    26.5825    26.5844    8.29662 0.0000e+00
       6047     99.604    -0.6593    -0.6593   2.709361   2.709306     2.4001     2.3683      8.023     0.0557     1.8060 1.0827e-01     0.1314    96.7686     7.1541     7.4827    33.0786    33.0780    26.5838    26.5833    8.29668 0.0000e+00
       6050     99.643    -0.6602    -0.6596   2.709369   2.709313     2.3996     2.3675      8.021     0.0557     1.8060 1.0827e-01     0.1310    96.7773     7.1533     7.4811    33.0797    33.0784    26.5847    26.5836    8.29682 0.0000e+00
       6053     99.683    -0.6609    -0.6598   2.709373   2.709315     2.4001     2.3683      8.021     0.0557     1.8060 1.0827e-01     0.1292    96.8208     7.1544     7.4862    33.0805    33.0786    26.5854    26.5838    8.29693 0.0000e+00
       6056     99.718    -0.6613    -0.6596   2.709379   2.709308     2.3996     2.3687      8.021     0.0557     1.8060 1.0827e-01     0.1292    96.8208     7.1534     7.4902    33.0811    33.0782    26.5858    26.5834    8.29700 0.0000e+00
       6059     99.754    -0.6614    -0.6593   2.709402   2.709326     2.4001     2.3675      8.021     0.0410     1.8455 1.0827e-01     0.1292    96.8208     7.1545     7.4885    33.0814    33.0781    26.5861    26.5833    8.29699 0.0000e+00
       6062     99.786    -0.6614    -0.6589   2.709367   2.709317     2.4001     2.3675      8.023     0.0410     1.9245 1.0827e-01     0.1292    96.8208     7.1554     7.4921    33.0810    33.0775    26.5858    26.5829    8.29703 0.0000e+00
       6065     99.817    -0.6613    -0.6589   2.709384   2.709329     2.4001     2.3683      8.024     0.0459     1.9245 1.0827e-01     0.1292    96.8208     7.1549     7.4952    33.0810    33.0776    26.5858    26.5830    8.29699 0.0000e+00
       6068     99.846    -0.6613    -0.6589   2.709420   2.709370     2.3992     2.3679      8.021     0.0410     1.9245 1.0815e-01     0.1292    96.8208     7.1510     7.4917    33.0815    33.0781    26.5862    26.5834    8.29697 0.0000e+00
       6071     99.872    -0.6612    -0.6586   2.709400   2.709413     2.3992     2.3687      8.021     0.0410     1.9245 1.0827e-01     0.1289    96.8295     7.1506     7.4959    33.0811    33.0784    26.5858    26.5836    8.29697 0.0000e+00
       6074     99.896    -0.6612    -0.6580   2.709385   2.709448     2.3992     2.3679      8.021     0.0410     1.9245 1.0827e-01     0.1282    96.8469     7.1506     7.4938    33.0809    33.0782    26.5857    26.5834    8.29699 0.0000e+00
       6230     99.928    -0.6620    -0.6569   2.709431   2.709191     2.4009     2.3675      8.021     0.0557     1.8060 1.0827e-01     0.1303    96.7947     7.1735     7.4909    33.0824    33.0736    26.5869    26.5796    8.29708 0.0000e+00
       6233     99.960    -0.6623    -0.6569   2.709426   2.709171     2.4005     2.3675      8.021     0.0557     1.8060 1.0802e-01     0.1299    96.8034     7.1707     7.4926    33.0826    33.0732    26.5871    26.5793    8.29713 0.0000e+00
       6236     99.986    -0.6624    -0.6569   2.709428   2.709171     2.4005     2.3675      8.021     0.0508     1.8060 1.0815e-01     0.1292    96.8208     7.1681     7.4964    33.0827    33.0732    26.5872    26.5793    8.29715 0.0000e+00
       6435    100.024    -0.6617    -0.6591   2.709476   2.709332     2.3993     2.3667      8.021     0.0654     1.8060 1.0802e-01     0.1303    96.7947     7.1566     7.4753    33.0826    33.0778    26.5871    26.5832    8.29699 0.0000e+00
       6535    100.068    -0.6612    -0.6605   2.709457   2.709421     2.3993     2.3663      8.021     0.0752     1.7665 1.0827e-01     0.1299    96.8034     7.1526     7.4663    33.0817    33.0805    26.5864    26.5854    8.29693 0.0000e+00
       6538    100.106    -0.6611    -0.6604   2.709457   2.709407     2.3984     2.3663      8.021     0.0752     1.8060 1.0827e-01     0.1292    96.8208     7.1482     7.4677    33.0816    33.0802    26.5863    26.5851    8.29691 0.0000e+00
       6541    100.136    -0.6611    -0.6602   2.709469   2.709375     2.3989     2.3663      8.021     0.0703     1.8060 1.0802e-01     0.1292    96.8208     7.1506     7.4695    33.0818    33.0796    26.5864    26.5846    8.29691 0.0000e+00
       6845    100.178    -0.6618    -0.6629   2.709475   2.709530     2.3960     2.3663      8.021     0.0606     1.8850 1.0815e-01     0.1296    96.8121     7.1466     7.4831    33.0826    33.0845    26.5871    26.5887    8.29702 0.0000e+00
       6998    100.258    -0.6622    -0.6638   2.709478   2.709614     2.3956     2.3663      8.021     0.0654     1.9245 1.0815e-01     0.1303    96.7947     7.1485     7.4881    33.0830    33.0866    26.5875    26.5904    8.29708 0.0000e+00
       7001    100.332    -0.6621    -0.6641   2.709488   2.709652     2.3952     2.3667      8.023     0.0703     1.9245 1.0815e-01     0.1296    96.8121     7.1478     7.4886    33.0830    33.0874    26.5875    26.5911    8.29706 0.0000e+00
       7004    100.397    -0.6616    -0.6642   2.709493   2.709626     2.3944     2.3671      8.021     0.0703     1.9245 1.0827e-01     0.1292    96.8208     7.1459     7.4892    33.0825    33.0871    26.5870    26.5909    8.29699 0.0000e+00
       7007    100.457    -0.6610    -0.6641   2.709493   2.709586     2.3944     2.3671      8.021     0.0703     1.9245 1.0815e-01     0.1292    96.8208     7.1445     7.4882    33.0818    33.0864    26.5864    26.5903    8.29688 0.0000e+00
       7010    100.507    -0.6610    -0.6637   2.709503   2.709568     2.3952     2.3663      8.021     0.0703     1.9245 1.0815e-01     0.1292    96.8208     7.1498     7.4838    33.0818    33.0857    26.5865    26.5897    8.29688 0.0000e+00
       7013    100.550    -0.6612    -0.6639   2.709494   2.709575     2.3956     2.3663      8.021     0.0703     1.9245 1.0815e-01     0.1292    96.8208     7.1515     7.4832    33.0819    33.0860    26.5865    26.5899    8.29692 0.0000e+00
       7016    100.584    -0.6610    -0.6637   2.709505   2.709595     2.3944     2.3667      8.021     0.0703     1.9245 1.0815e-01     0.1292    96.8208     7.1467     7.4860    33.0819    33.0860    26.5865    26.5899    8.29689 0.0000e+00
       7408    100.618    -0.6624    -0.6626   2.709516   2.709607     2.3956     2.3663      8.021     0.0557     1.9245 1.0827e-01     0.1292    96.8208     7.1524     7.4784    33.0836    33.0850    26.5879    26.5891    8.29710 0.0000e+00
       7606    100.689    -0.6633    -0.6621   2.709515   2.709625     2.3956     2.3663      8.021     0.0557     1.9245 1.0827e-01     0.1296    96.8121     7.1545     7.4747    33.0845    33.0846    26.5887    26.5887    8.29725 0.0000e+00
       7609    100.757    -0.6635    -0.6621   2.709534   2.709624     2.3956     2.3663      8.021     0.0557     1.9245 1.0827e-01     0.1292    96.8208     7.1541     7.4744    33.0849    33.0846    26.5890    26.5887    8.29727 0.0000e+00
       7612    100.813    -0.6634    -0.6623   2.709536   2.709599     2.3956     2.3663      8.023     0.0557     1.9245 1.0802e-01     0.1289    96.8295     7.1515     7.4770    33.0847    33.0844    26.5889    26.5886    8.29725 0.0000e+00
       7615    100.861    -0.6633    -0.6623   2.709510   2.709576     2.3960     2.3663      8.021     0.0557     1.9245 1.0815e-01     0.1292    96.8208     7.1516     7.4807    33.0843    33.0841    26.5886    26.5883    8.29726 0.0000e+00
       7618    100.901    -0.6634    -0.6623   2.709542   2.709583     2.3956     2.3663      8.021     0.0508     1.9245 1.0815e-01     0.1292    96.8208     7.1496     7.4822    33.0848    33.0841    26.5889    26.5884    8.29725 0.0000e+00
       7626    100.927    -0.6624    -0.6622   2.709526   2.709589     2.3956     2.3663      8.023     0.0508     1.9245 1.0815e-01     0.1292    96.8208     7.1468     7.4795    33.0834    33.0842    26.5878    26.5884    8.29710 0.0000e+00
       7639    100.912    -0.6608    -0.6619   2.709534   2.709610     2.3956     2.3663      8.023     0.0459     1.9245 1.0815e-01     0.1292    96.8208     7.1408     7.4709    33.0818    33.0841    26.5864    26.5883    8.29684 0.0000e+00
       7642    100.881    -0.6608    -0.6620   2.709536   2.709591     2.3965     2.3663      8.021     0.0410     1.9245 1.0827e-01     0.1292    96.8208     7.1437     7.4690    33.0819    33.0839    26.5865    26.5882    8.29684 0.0000e+00
