Datasets/AZMP/COO001/79001029.cnv
* Sea-Bird SBE 9 Data File:
* FileName = C:\CTDDATA\79001029.hex
* Software Version Seasave V 7.26.7.110
* Temperature SN = 5660
* Conductivity SN = 3698
* Number of Bytes Per Scan = 30
* Number of Voltage Words = 4
* Number of Scans Averaged by the Deck Unit = 1
* NMEA baud rate = 9600
** VESSEL/TRIP/SEQ STN:  79001029
** LATITUDE XX XX.XX N:  44 00.00 N
** LONGITUDE XX XX.XX W:  50 48.50 W
** SOUNDING DEPTH (M):  0074
** PROBE TYPE: S1257
** CTD NUMBER: 016
** COMMENTS (14 CHAR): SEGB-11
** BOTTLES:  9
** LEVELS: 5,5,10,20,20,30,40,50,BTM
** STICKERS: 434793 - 434801
** VNET: Y
** DO2: N
# nquan = 22
# nvalues = 1858                        
# units = specified
# name 0 = scan: Scan Count
# name 1 = prDM: Pressure, Digiquartz [db]
# name 2 = t090C: Temperature [ITS-90, deg C]
# name 3 = t190C: Temperature, 2 [ITS-90, deg C]
# name 4 = c0S/m: Conductivity [S/m]
# name 5 = c1S/m: Conductivity, 2 [S/m]
# name 6 = sbeox0V: Oxygen raw, SBE 43 [V]
# name 7 = sbeox1V: Oxygen raw, SBE 43, 2 [V]
# name 8 = ph: pH
# name 9 = flECO-AFL: Fluorescence, WET Labs ECO-AFL/FL [mg/m^3]
# name 10 = wetCDOM: Fluorescence, WET Labs CDOM [mg/m^3]
# name 11 = par/sat/log: PAR/Logarithmic, Satlantic [umol photons/m^2/sec]
# name 12 = CStarAt0: Beam Attenuation, WET Labs C-Star [1/m]
# name 13 = CStarTr0: Beam Transmission, WET Labs C-Star [%]
# name 14 = sbeox0ML/L: Oxygen, SBE 43 [ml/l], WS = 2
# name 15 = sbeox1ML/L: Oxygen, SBE 43, 2 [ml/l], WS = 2
# name 16 = sal00: Salinity, Practical [PSU]
# name 17 = sal11: Salinity, Practical, 2 [PSU]
# name 18 = sigma-t00: Density [sigma-t, kg/m^3 ]
# name 19 = sigma-t11: Density, 2 [sigma-t, kg/m^3 ]
# name 20 = oxsatML/L: Oxygen Saturation, Weiss [ml/l]
# name 21 = flag: flag
# span 0 =         57,      27179       
# span 1 =      2.625,     68.573       
# span 2 =     3.8700,     7.4118       
# span 3 =     3.8685,     7.4095       
# span 4 =   3.042200,   3.302445       
# span 5 =   3.042152,   3.302781       
# span 6 =     2.4428,     2.9807       
# span 7 =     2.2503,     2.7523       
# span 8 =      7.961,      8.162       
# span 9 =     0.2022,     1.6967       
# span 10 =     1.4507,     2.5167      
# span 11 = 1.0715e-01, 8.7343e-01      
# span 12 =     0.1787,     0.7464      
# span 13 =    82.9780,    95.6303      
# span 14 =     6.4125,     7.8327      
# span 15 =     5.2168,     6.4761      
# span 16 =    32.0737,    32.6607      
# span 17 =    32.1146,    32.6114      
# span 18 =    25.0959,    25.9180      
# span 19 =    25.0989,    25.8896      
# span 20 =    6.82278,    7.40481      
# span 21 = 0.0000e+00, 0.0000e+00      
# interval = scans: 3                   
# start_time = Nov 24 2019 23:21:47 [System UTC, header]
# bad_flag = -9.990e-29
*END*
[from data line 1449]
      16396     28.522     7.3744     7.3823   3.300218   3.300979     2.9705     2.7393      8.159     1.2816     1.5692 1.0765e-01     0.1970    95.1958     7.4328     6.1082    32.1315    32.1324    25.1094    25.1091    6.82858 0.0000e+00
      16399     28.481     7.3754     7.3834   3.300312   3.301134     2.9701     2.7389      8.162     1.2816     1.6876 1.0777e-01     0.1966    95.2045     7.4316     6.1057    32.1317    32.1330    25.1094    25.1094    6.82843 0.0000e+00
      16402     28.440     7.3757     7.3860   3.300217   3.301319     2.9701     2.7389      8.159     1.2767     1.6876 1.0765e-01     0.1966    95.2045     7.4318     6.1035    32.1303    32.1326    25.1083    25.1087    6.82843 0.0000e+00
      16405     28.399     7.3750     7.3869   3.300127   3.301337     2.9697     2.7389      8.160     1.2767     1.6876 1.0765e-01     0.1966    95.2045     7.4317     6.1019    32.1300    32.1320    25.1082    25.1081    6.82856 0.0000e+00
      16408     28.358     7.3740     7.3869   3.300052   3.301324     2.9701     2.7393      8.160     1.2816     1.6876 1.0777e-01     0.1966    95.2045     7.4344     6.1022    32.1302    32.1319    25.1084    25.1081    6.82871 0.0000e+00
      16411     28.316     7.3732     7.3869   3.300000   3.301274     2.9697     2.7397      8.159     1.2816     1.6876 1.0777e-01     0.1970    95.1958     7.4353     6.1026    32.1304    32.1314    25.1087    25.1077    6.82883 0.0000e+00
      16414     28.272     7.3725     7.3876   3.299964   3.301507     2.9697     2.7397      8.159     1.2816     1.6876 1.0765e-01     0.1922    95.3087     7.4370     6.1012    32.1306    32.1333    25.1090    25.1090    6.82892 0.0000e+00
      16417     28.225     7.3724     7.3889   3.299978   3.301446     2.9697     2.7389      8.157     1.1546     1.6876 1.0777e-01     0.1911    95.3348     7.4387     6.0986    32.1310    32.1315    25.1093    25.1074    6.82893 0.0000e+00
      16420     28.178     7.3726     7.3888   3.300026   3.301451     2.9701     2.7389      8.159     0.9837     1.6876 1.0777e-01     0.1911    95.3348     7.4412     6.0990    32.1313    32.1316    25.1095    25.1076    6.82888 0.0000e+00
      16423     28.131     7.3727     7.3898   3.299962   3.301551     2.9697     2.7389      8.159     0.9885     1.6481 1.0790e-01     0.1915    95.3261     7.4413     6.0991    32.1305    32.1318    25.1089    25.1076    6.82890 0.0000e+00
      16426     28.084     7.3730     7.3909   3.300088   3.301612     2.9697     2.7389      8.159     0.9885     1.5692 1.0777e-01     0.1915    95.3261     7.4419     6.0982    32.1316    32.1314    25.1096    25.1071    6.82880 0.0000e+00
      16429     28.034     7.3742     7.3931   3.300311   3.301959     2.9701     2.7389      8.159     0.9837     1.5692 1.0777e-01     0.1911    95.3348     7.4437     6.0977    32.1329    32.1331    25.1105    25.1081    6.82855 0.0000e+00
      16432     27.987     7.3756     7.3990   3.300274   3.302253     2.9705     2.7389      8.160     0.9885     1.5692 1.0777e-01     0.1911    95.3348     7.4454     6.0969    32.1312    32.1309    25.1090    25.1056    6.82840 0.0000e+00
      16435     27.935     7.3755     7.4001   3.300152   3.302307     2.9709     2.7385      8.160     0.9885     1.5692 1.0777e-01     0.1863    95.4478     7.4470     6.0952    32.1301    32.1305    25.1081    25.1051    6.82848 0.0000e+00
      16438     27.882     7.3759     7.4002   3.300252   3.302264     2.9709     2.7385      8.159     0.9837     1.5692 1.0777e-01     0.1867    95.4391     7.4465     6.0951    32.1308    32.1299    25.1086    25.1046    6.82838 0.0000e+00
      16441     27.828     7.3758     7.3998   3.300298   3.302212     2.9709     2.7389      8.160     0.9934     1.5692 1.0777e-01     0.1867    95.4391     7.4458     6.0961    32.1314    32.1298    25.1091    25.1046    6.82837 0.0000e+00
      16444     27.777     7.3775     7.3990   3.300655   3.302145     2.9709     2.7389      8.162     1.0081     1.5692 1.0777e-01     0.1867    95.4391     7.4449     6.0955    32.1337    32.1299    25.1107    25.1048    6.82800 0.0000e+00
      16447     27.727     7.3784     7.3969   3.300223   3.301877     2.9709     2.7389      8.159     1.0178     1.5692 1.0790e-01     0.1867    95.4391     7.4444     6.0958    32.1282    32.1289    25.1062    25.1043    6.82809 0.0000e+00
      16450     27.674     7.3765     7.3934   3.300064   3.301645     2.9713     2.7385      8.160     1.0178     1.5692 1.0777e-01     0.1867    95.4391     7.4445     6.0955    32.1283    32.1297    25.1066    25.1054    6.82839 0.0000e+00
      16453     27.622     7.3752     7.3919   3.300169   3.301585     2.9718     2.7389      8.162     1.0130     1.5692 1.0765e-01     0.1885    95.3956     7.4450     6.0968    32.1306    32.1305    25.1086    25.1062    6.82849 0.0000e+00
      16456     27.570     7.3758     7.3920   3.300398   3.301655     2.9713     2.7389      8.160     1.0227     1.5692 1.0790e-01     0.1915    95.3261     7.4419     6.0979    32.1326    32.1311    25.1101    25.1067    6.82831 0.0000e+00
      16459     27.521     7.3769     7.3927   3.300604   3.301739     2.9713     2.7377      8.162     1.0178     1.5692 1.0765e-01     0.1911    95.3348     7.4409     6.0954    32.1339    32.1314    25.1109    25.1069    6.82809 0.0000e+00
      16462     27.477     7.3785     7.3933   3.300323   3.301810     2.9713     2.7377      8.162     1.0178     1.5692 1.0777e-01     0.1911    95.3348     7.4404     6.0949    32.1293    32.1316    25.1071    25.1069    6.82803 0.0000e+00
      16465     27.433     7.3765     7.3935   3.300123   3.301768     2.9709     2.7381      8.162     1.0130     1.5692 1.0777e-01     0.1911    95.3348     7.4395     6.0968    32.1291    32.1310    25.1072    25.1064    6.82837 0.0000e+00
      16468     27.394     7.3759     7.3931   3.300282   3.301699     2.9713     2.7377      8.162     1.0227     1.5692 1.0777e-01     0.1911    95.3348     7.4412     6.0970    32.1314    32.1307    25.1091    25.1062    6.82836 0.0000e+00
      16471     27.357     7.3765     7.3927   3.300547   3.301659     2.9713     2.7385      8.159     1.1350     1.5692 1.0777e-01     0.1911    95.3348     7.4406     6.1004    32.1337    32.1306    25.1108    25.1062    6.82816 0.0000e+00
      16474     27.324     7.3785     7.3918   3.300965   3.301617     2.9709     2.7381      8.160     1.1497     1.5692 1.0790e-01     0.1915    95.3261     7.4388     6.1008    32.1363    32.1310    25.1126    25.1067    6.82772 0.0000e+00
      16477     27.295     7.3811     7.3916   3.301032   3.301635     2.9713     2.7385      8.160     1.1497     1.5692 1.0765e-01     0.1918    95.3175     7.4404     6.1036    32.1346    32.1314    25.1110    25.1070    6.82738 0.0000e+00
      16480     27.270     7.3833     7.3927   3.301131   3.301766     2.9709     2.7389      8.160     1.1497     1.5692 1.0777e-01     0.1918    95.3175     7.4393     6.1059    32.1337    32.1318    25.1099    25.1071    6.82708 0.0000e+00
      16483     27.247     7.3858     7.3945   3.301265   3.302012     2.9709     2.7385      8.160     1.1497     1.5692 1.0752e-01     0.1918    95.3175     7.4398     6.1054    32.1328    32.1328    25.1089    25.1077    6.82672 0.0000e+00
      16541     27.036     7.3859     7.3927   3.300875   3.301670     2.9718     2.7401      8.162     1.1595     1.6876 1.0765e-01     0.1933    95.2827     7.4315     6.1028    32.1286    32.1309    25.1056    25.1064    6.82689 0.0000e+00
      16544     27.012     7.3834     7.3928   3.300572   3.301662     2.9709     2.7393      8.159     1.1643     1.6876 1.0765e-01     0.1933    95.2827     7.4298     6.1004    32.1276    32.1307    25.1051    25.1062    6.82732 0.0000e+00
      16547     26.986     7.3805     7.3924   3.300387   3.301663     2.9709     2.7389      8.159     1.1741     1.6876 1.0765e-01     0.1933    95.2827     7.4309     6.1000    32.1284    32.1311    25.1061    25.1066    6.82775 0.0000e+00
      16550     26.954     7.3791     7.3926   3.300498   3.301657     2.9705     2.7389      8.159     1.2376     1.6876 1.0765e-01     0.1933    95.2827     7.4308     6.1008    32.1309    32.1309    25.1083    25.1065    6.82786 0.0000e+00
      16553     26.920     7.3796     7.3924   3.300530   3.301654     2.9709     2.7389      8.162     1.2279     1.6481 1.0777e-01     0.1933    95.2827     7.4329     6.1013    32.1308    32.1311    25.1082    25.1066    6.82780 0.0000e+00
      16556     26.880     7.3792     7.3933   3.300404   3.301823     2.9701     2.7393      8.162     1.2328     1.5692 1.0765e-01     0.1915    95.3261     7.4319     6.1026    32.1298    32.1320    25.1075    25.1072    6.82790 0.0000e+00
      16559     26.834     7.3787     7.3944   3.300335   3.301903     2.9701     2.7389      8.160     1.2328     1.5692 1.0765e-01     0.1911    95.3348     7.4334     6.1018    32.1296    32.1319    25.1073    25.1070    6.82799 0.0000e+00
      16562     26.784     7.3781     7.3946   3.300307   3.301874     2.9709     2.7389      8.159     1.2376     1.5692 1.0777e-01     0.1918    95.3175     7.4374     6.1022    32.1298    32.1314    25.1076    25.1066    6.82808 0.0000e+00
      16565     26.730     7.3785     7.3962   3.300705   3.302078     2.9705     2.7397      8.159     1.2376     1.5692 1.0790e-01     0.1922    95.3088     7.4384     6.1055    32.1338    32.1322    25.1107    25.1070    6.82784 0.0000e+00
      16568     26.673     7.3825     7.3981   3.301212   3.302201     2.9709     2.7393      8.162     1.2425     1.5692 1.0765e-01     0.1922    95.3088     7.4406     6.1055    32.1355    32.1318    25.1115    25.1064    6.82712 0.0000e+00
      16571     26.613     7.3855     7.3998   3.301106   3.302332     2.9705     2.7397      8.162     1.2279     1.5692 1.0777e-01     0.1918    95.3175     7.4400     6.1064    32.1317    32.1316    25.1080    25.1061    6.82682 0.0000e+00
      16574     26.548     7.3863     7.4015   3.301147   3.302426     2.9709     2.7401      8.162     1.1644     1.5692 1.0765e-01     0.1937    95.2740     7.4424     6.1067    32.1314    32.1311    25.1077    25.1054    6.82671 0.0000e+00
      16577     26.482     7.3883     7.4027   3.301431   3.302455     2.9709     2.7397      8.162     1.0716     1.5692 1.0765e-01     0.1999    95.1263     7.4427     6.1040    32.1326    32.1303    25.1084    25.1047    6.82633 0.0000e+00
      16580     26.412     7.3906     7.4032   3.301593   3.302494     2.9709     2.7401      8.162     1.0764     1.6087 1.0765e-01     0.1999    95.1263     7.4432     6.1029    32.1323    32.1303    25.1078    25.1045    6.82599 0.0000e+00
      16583     26.343     7.3927     7.4034   3.301681   3.302484     2.9709     2.7401      8.162     1.0716     1.6876 1.0765e-01     0.1999    95.1263     7.4436     6.1012    32.1313    32.1301    25.1068    25.1043    6.82569 0.0000e+00
      16586     26.268     7.3941     7.4033   3.301674   3.302461     2.9713     2.7401      8.160     1.0764     1.6876 1.0777e-01     0.1999    95.1263     7.4453     6.0991    32.1300    32.1299    25.1055    25.1042    6.82553 0.0000e+00
      16589     26.192     7.3946     7.4031   3.301607   3.302451     2.9718     2.7401      8.162     1.0813     1.6876 1.0777e-01     0.1999    95.1263     7.4476     6.0964    32.1289    32.1301    25.1046    25.1043    6.82550 0.0000e+00
      16592     26.116     7.3942     7.4030   3.301477   3.302446     2.9722     2.7401      8.162     1.0764     1.6876 1.0790e-01     0.1999    95.1263     7.4501     6.0947    32.1278    32.1301    25.1038    25.1044    6.82560 0.0000e+00
      16595     26.037     7.3934     7.4023   3.301410   3.302339     2.9718     2.7401      8.160     1.0764     1.6876 1.0765e-01     0.1970    95.1958     7.4498     6.0924    32.1279    32.1297    25.1040    25.1041    6.82574 0.0000e+00
      16598     25.957     7.3928     7.4021   3.301387   3.302359     2.9722     2.7397      8.162     1.0716     1.6876 1.0765e-01     0.1944    95.2566     7.4510     6.0902    32.1283    32.1301    25.1044    25.1045    6.82582 0.0000e+00
      16601     25.875     7.3929     7.4019   3.301512   3.302295     2.9726     2.7393      8.160     1.0569     1.6876 1.0777e-01     0.1944    95.2566     7.4520     6.0882    32.1295    32.1296    25.1053    25.1042    6.82573 0.0000e+00
      16604     25.790     7.3939     7.4010   3.301602   3.302245     2.9726     2.7389      8.162     1.0569     1.6876 1.0765e-01     0.1948    95.2479     7.4512     6.0861    32.1297    32.1300    25.1053    25.1046    6.82558 0.0000e+00
      16607     25.706     7.3950     7.4013   3.301725   3.302365     2.9730     2.7389      8.162     1.0667     1.4902 1.0790e-01     0.1944    95.2566     7.4508     6.0857    32.1300    32.1311    25.1054    25.1054    6.82539 0.0000e+00
      16610     25.620     7.3958     7.4025   3.301768   3.302404     2.9734     2.7389      8.162     1.0520     1.4507 1.0765e-01     0.1944    95.2566     7.4502     6.0855    32.1297    32.1304    25.1051    25.1047    6.82527 0.0000e+00
      16613     25.537     7.3965     7.4030   3.301744   3.302428     2.9738     2.7377      8.162     1.0667     1.4507 1.0752e-01     0.1948    95.2479     7.4499     6.0818    32.1288    32.1302    25.1043    25.1045    6.82520 0.0000e+00
      16616     25.457     7.3967     7.4033   3.301738   3.302443     2.9738     2.7385      8.162     1.0520     1.4507 1.0765e-01     0.1885    95.3956     7.4486     6.0835    32.1286    32.1301    25.1041    25.1044    6.82517 0.0000e+00
      16619     25.374     7.3966     7.4035   3.301730   3.302459     2.9742     2.7377      8.160     1.0667     1.4507 1.0777e-01     0.1874    95.4217     7.4483     6.0814    32.1287    32.1301    25.1041    25.1044    6.82519 0.0000e+00
      16622     25.295     7.3975     7.4036   3.301878   3.302452     2.9742     2.7381      8.162     1.0618     1.4507 1.0777e-01     0.1878    95.4130     7.4464     6.0832    32.1295    32.1300    25.1046    25.1043    6.82501 0.0000e+00
      16625     25.215     7.3984     7.4034   3.301898   3.302413     2.9738     2.7377      8.162     1.0569     1.4507 1.0777e-01     0.1871    95.4304     7.4434     6.0817    32.1289    32.1298    25.1041    25.1041    6.82489 0.0000e+00
      16628     25.140     7.3987     7.4034   3.301873   3.302428     2.9738     2.7377      8.162     0.9397     1.4507 1.0777e-01     0.1878    95.4130     7.4420     6.0806    32.1284    32.1301    25.1037    25.1043    6.82487 0.0000e+00
      16631     25.071     7.3989     7.4035   3.301914   3.302468     2.9738     2.7377      8.162     0.9251     1.4507 1.0765e-01     0.1874    95.4217     7.4407     6.0799    32.1287    32.1304    25.1038    25.1045    6.82483 0.0000e+00
      16634     25.001     7.3990     7.4043   3.301881   3.302520     2.9734     2.7373      8.162     0.9299     1.5297 1.0765e-01     0.1885    95.3956     7.4386     6.0787    32.1283    32.1302    25.1035    25.1043    6.82483 0.0000e+00
      16637     24.936     7.3989     7.4046   3.301849   3.302562     2.9734     2.7369      8.162     0.9299     1.5692 1.0790e-01     0.1929    95.2914     7.4380     6.0775    32.1280    32.1304    25.1033    25.1044    6.82485 0.0000e+00
      16640     24.877     7.3991     7.4053   3.301949   3.302619     2.9738     2.7365      8.160     0.9299     1.5692 1.0777e-01     0.1933    95.2827     7.4386     6.0762    32.1290    32.1305    25.1040    25.1044    6.82478 0.0000e+00
      16643     24.822     7.4002     7.4059   3.302080   3.302652     2.9734     2.7365      8.162     0.9251     1.5692 1.0765e-01     0.1929    95.2914     7.4373     6.0765    32.1294    32.1303    25.1042    25.1041    6.82460 0.0000e+00
