Datasets/AZMP/COO001/79001100.cnv
* Sea-Bird SBE 9 Data File:
* FileName = C:\CTDDATA\79001100.hex
* Software Version Seasave V 7.26.7.110
* Temperature SN = 5660
* Conductivity SN = 3698
* Number of Bytes Per Scan = 30
* Number of Voltage Words = 4
* Number of Scans Averaged by the Deck Unit = 1
* NMEA baud rate = 9600
** VESSEL/TRIP/SEQ STN:  79001100
** LATITUDE XX XX.XX N:  49 41.00 N
** LONGITUDE XX XX.XX W:  50 01.00 W
** SOUNDING DEPTH (M):  0613
** PROBE TYPE: S1257
** CTD NUMBER: 066
** COMMENTS (14 CHAR): BB-11
** BOTTLES:  23
** LEVELS: 5,5,5,5,10,20,20,20,20,30,40,50,50,50,75,100,100,100,100,150,250,500,BTM
** STICKERS: 435396 - 435418
** VNET: Y
** DO2: N
# nquan = 22
# nvalues = 17201                       
# units = specified
# name 0 = scan: Scan Count
# name 1 = prDM: Pressure, Digiquartz [db]
# name 2 = t090C: Temperature [ITS-90, deg C]
# name 3 = t190C: Temperature, 2 [ITS-90, deg C]
# name 4 = c0S/m: Conductivity [S/m]
# name 5 = c1S/m: Conductivity, 2 [S/m]
# name 6 = sbeox0V: Oxygen raw, SBE 43 [V]
# name 7 = sbeox1V: Oxygen raw, SBE 43, 2 [V]
# name 8 = ph: pH
# name 9 = flECO-AFL: Fluorescence, WET Labs ECO-AFL/FL [mg/m^3]
# name 10 = wetCDOM: Fluorescence, WET Labs CDOM [mg/m^3]
# name 11 = par/sat/log: PAR/Logarithmic, Satlantic [umol photons/m^2/sec]
# name 12 = CStarAt0: Beam Attenuation, WET Labs C-Star [1/m]
# name 13 = CStarTr0: Beam Transmission, WET Labs C-Star [%]
# name 14 = sbeox0ML/L: Oxygen, SBE 43 [ml/l], WS = 2
# name 15 = sbeox1ML/L: Oxygen, SBE 43, 2 [ml/l], WS = 2
# name 16 = sal00: Salinity, Practical [PSU]
# name 17 = sal11: Salinity, Practical, 2 [PSU]
# name 18 = sigma-t00: Density [sigma-t, kg/m^3 ]
# name 19 = sigma-t11: Density, 2 [sigma-t, kg/m^3 ]
# name 20 = oxsatML/L: Oxygen Saturation, Weiss [ml/l]
# name 21 = flag: flag
# span 0 =         20,     107852       
# span 1 =      1.741,    602.768       
# span 2 =     2.5884,     4.6371       
# span 3 =     2.5861,     4.6977       
# span 4 =   3.020257,   3.275095       
# span 5 =   3.020405,   3.275018       
# span 6 =     2.3843,     2.7583       
# span 7 =     2.3582,     2.7216       
# span 8 =      8.133,      8.213       
# span 9 =    -0.0176,     0.9055       
# span 10 =     0.7401,     1.6876      
# span 11 = 1.0777e-01, 1.6000e+02      
# span 12 =     0.0450,     0.1221      
# span 13 =    96.9946,    98.8803      
# span 14 =     6.4988,     7.6573      
# span 15 =     6.8201,     8.1021      
# span 16 =    33.6384,    34.8414      
# span 17 =    33.6476,    34.8411      
# span 18 =    26.7791,    27.6557      
# span 19 =    26.8291,    27.6582      
# span 20 =    7.18671,    7.59215      
# span 21 = 0.0000e+00, 0.0000e+00      
# interval = scans: 3                   
# start_time = Dec 03 2019 15:26:43 [System UTC, header]
# bad_flag = -9.990e-29
*END*
[from data line 15210]
      69697    104.445     3.8280     3.8230   3.185247   3.184839     2.6645     2.6351      8.187     0.1583     1.3323 1.0790e-01     0.0644    98.4023     7.1020     7.4956    34.2889    34.2893    27.2380    27.2388    7.32904 0.0000e+00
      69700    104.397     3.8280     3.8232   3.185240   3.184887     2.6645     2.6351      8.187     0.1632     1.3323 1.0790e-01     0.0641    98.4110     7.1034     7.4943    34.2888    34.2897    27.2379    27.2391    7.32904 0.0000e+00
      69703    104.352     3.8279     3.8234   3.185210   3.184878     2.6649     2.6351      8.187     0.1583     1.3323 1.0790e-01     0.0641    98.4110     7.1044     7.4934    34.2886    34.2894    27.2378    27.2388    7.32907 0.0000e+00
      69706    104.306     3.8278     3.8233   3.185190   3.184887     2.6637     2.6343      8.187     0.1632     1.3323 1.0790e-01     0.0641    98.4110     7.0997     7.4894    34.2886    34.2896    27.2377    27.2391    7.32910 0.0000e+00
      69709    104.261     3.8275     3.8238   3.185006   3.184912     2.6645     2.6347      8.187     0.1632     1.3323 1.0790e-01     0.0641    98.4110     7.1026     7.4890    34.2867    34.2895    27.2363    27.2389    7.32924 0.0000e+00
      69712    104.216     3.8270     3.8239   3.184921   3.184886     2.6645     2.6351      8.187     0.1583     1.3323 1.0790e-01     0.0641    98.4110     7.1034     7.4880    34.2863    34.2891    27.2360    27.2386    7.32936 0.0000e+00
      69715    104.172     3.8269     3.8236   3.184960   3.184903     2.6641     2.6351      8.187     0.1583     1.3323 1.0790e-01     0.0641    98.4110     7.1048     7.4850    34.2868    34.2896    27.2365    27.2390    7.32935 0.0000e+00
      69718    104.129     3.8268     3.8234   3.185020   3.184907     2.6641     2.6351      8.187     0.1632     1.3323 1.0790e-01     0.0641    98.4110     7.1066     7.4846    34.2877    34.2899    27.2372    27.2393    7.32933 0.0000e+00
      69721    104.088     3.8267     3.8233   3.184969   3.184925     2.6649     2.6347      8.187     0.1632     1.3323 1.0790e-01     0.0641    98.4110     7.1101     7.4827    34.2872    34.2902    27.2368    27.2395    7.32936 0.0000e+00
      69724    104.049     3.8264     3.8233   3.185013   3.184878     2.6645     2.6351      8.187     0.1583     1.3323 1.0790e-01     0.0641    98.4110     7.1094     7.4829    34.2880    34.2897    27.2375    27.2391    7.32937 0.0000e+00
      69727    104.009     3.8262     3.8231   3.184910   3.184799     2.6641     2.6351      8.187     0.1680     1.3323 1.0790e-01     0.0641    98.4110     7.1096     7.4819    34.2871    34.2890    27.2367    27.2386    7.32946 0.0000e+00
      69730    103.968     3.8258     3.8223   3.184702   3.184699     2.6637     2.6351      8.187     0.1729     1.3323 1.0790e-01     0.0623    98.4545     7.1085     7.4799    34.2850    34.2887    27.2351    27.2384    7.32963 0.0000e+00
      69733    103.929     3.8251     3.8222   3.184689   3.184687     2.6645     2.6351      8.187     0.1778     1.3323 1.0790e-01     0.0616    98.4719     7.1108     7.4758    34.2855    34.2886    27.2357    27.2384    7.32973 0.0000e+00
      69736    103.892     3.8248     3.8219   3.184706   3.184663     2.6645     2.6347      8.187     0.1827     1.3323 1.0790e-01     0.0620    98.4632     7.1123     7.4737    34.2862    34.2886    27.2362    27.2384    7.32976 0.0000e+00
      69739    103.854     3.8246     3.8220   3.184786   3.184693     2.6645     2.6351      8.187     0.1729     1.3323 1.0790e-01     0.0620    98.4632     7.1134     7.4740    34.2873    34.2890    27.2371    27.2387    7.32973 0.0000e+00
      69742    103.821     3.8253     3.8224   3.184873   3.184751     2.6653     2.6351      8.187     0.1778     1.3323 1.0790e-01     0.0620    98.4632     7.1134     7.4732    34.2876    34.2893    27.2373    27.2389    7.32959 0.0000e+00
      69745    103.786     3.8254     3.8227   3.184830   3.184792     2.6649     2.6343      8.187     0.1729     1.3323 1.0790e-01     0.0620    98.4632     7.1100     7.4701    34.2870    34.2894    27.2368    27.2389    7.32960 0.0000e+00
      69748    103.754     3.8253     3.8231   3.184790   3.184827     2.6653     2.6347      8.187     0.1778     1.4507 1.0790e-01     0.0620    98.4632     7.1116     7.4703    34.2867    34.2894    27.2365    27.2389    7.32964 0.0000e+00
      69751    103.727     3.8251     3.8233   3.184780   3.184833     2.6645     2.6339      8.187     0.1778     1.4507 1.0790e-01     0.0620    98.4632     7.1090     7.4679    34.2867    34.2893    27.2366    27.2389    7.32967 0.0000e+00
      69756    103.687     3.8263     3.8222   3.185293   3.184709     2.6649     2.6339      8.187     0.1876     1.4507 1.0790e-01     0.0620    98.4632     7.1077     7.4696    34.2917    34.2890    27.2405    27.2387    7.32922 0.0000e+00
      69779    103.635     3.8317     3.8229   3.185871   3.184766     2.6657     2.6347      8.187     0.2071     1.4902 1.0790e-01     0.0623    98.4545     7.1103     7.4757    34.2929    34.2890    27.2408    27.2386    7.32817 0.0000e+00
      69823    103.551     3.8378     3.8240   3.186678   3.184916     2.6657     2.6351      8.187     0.2218     1.5692 1.0790e-01     0.0630    98.4371     7.1134     7.4793    34.2962    34.2896    27.2428    27.2390    7.32691 0.0000e+00
      69826    103.523     3.8396     3.8235   3.187413   3.184903     2.6653     2.6359      8.187     0.2266     1.4507 1.0790e-01     0.0630    98.4371     7.1124     7.4791    34.3030    34.2900    27.2481    27.2394    7.32625 0.0000e+00
      69829    103.492     3.8432     3.8236   3.187697   3.184896     2.6657     2.6351      8.187     0.2218     1.4507 1.0790e-01     0.0627    98.4458     7.1129     7.4727    34.3027    34.2899    27.2474    27.2393    7.32562 0.0000e+00
      69832    103.453     3.8457     3.8236   3.187679   3.184906     2.6661     2.6351      8.187     0.2120     1.4507 1.0790e-01     0.0620    98.4632     7.1116     7.4675    34.2999    34.2900    27.2450    27.2393    7.32531 0.0000e+00
      69835    103.407     3.8461     3.8236   3.187318   3.184904     2.6665     2.6351      8.187     0.1876     1.4507 1.0790e-01     0.0620    98.4632     7.1116     7.4640    34.2952    34.2900    27.2412    27.2393    7.32547 0.0000e+00
      69838    103.356     3.8441     3.8233   3.186832   3.184858     2.6657     2.6351      8.187     0.1925     1.4507 1.0790e-01     0.0620    98.4632     7.1090     7.4610    34.2915    34.2898    27.2384    27.2392    7.32600 0.0000e+00
      69841    103.295     3.8423     3.8235   3.186728   3.184955     2.6661     2.6347      8.187     0.1925     1.4507 1.0790e-01     0.0620    98.4632     7.1094     7.4569    34.2922    34.2908    27.2392    27.2400    7.32630 0.0000e+00
      69844    103.231     3.8409     3.8233   3.186584   3.184736     2.6657     2.6347      8.187     0.1876     1.4507 1.0790e-01     0.0620    98.4632     7.1078     7.4529    34.2920    34.2884    27.2392    27.2381    7.32656 0.0000e+00
      69847    103.162     3.8399     3.8184   3.186575   3.183867     2.6665     2.6339      8.187     0.1925     1.4507 1.0790e-01     0.0620    98.4632     7.1096     7.4452    34.2930    34.2833    27.2401    27.2345    7.32670 0.0000e+00
      69850    103.089     3.8394     3.8151   3.186517   3.183475     2.6665     2.6339      8.187     0.1925     1.4112 1.0790e-01     0.0627    98.4458     7.1093     7.4406    34.2929    34.2820    27.2400    27.2338    7.32680 0.0000e+00
      69853    103.009     3.8382     3.8108   3.186274   3.183033     2.6657     2.6331      8.187     0.1925     1.3323 1.0790e-01     0.0623    98.4545     7.1060     7.4367    34.2912    34.2813    27.2388    27.2337    7.32708 0.0000e+00
      69856    102.926     3.8374     3.8091   3.186219   3.182909     2.6657     2.6327      8.187     0.1973     1.3323 1.0790e-01     0.0623    98.4545     7.1061     7.4328    34.2915    34.2817    27.2392    27.2342    7.32722 0.0000e+00
      69859    102.837     3.8365     3.8071   3.186039   3.182836     2.6657     2.6327      8.187     0.1729     1.3323 1.0790e-01     0.0627    98.4458     7.1075     7.4303    34.2904    34.2830    27.2383    27.2354    7.32744 0.0000e+00
      69862    102.746     3.8359     3.8065   3.186110   3.182858     2.6657     2.6327      8.187     0.1632     1.3323 1.0790e-01     0.0620    98.4632     7.1075     7.4289    34.2919    34.2839    27.2396    27.2362    7.32748 0.0000e+00
      69865    102.655     3.8357     3.8066   3.185980   3.182843     2.6657     2.6327      8.187     0.1632     1.3323 1.0790e-01     0.0623    98.4545     7.1064     7.4291    34.2906    34.2837    27.2386    27.2361    7.32757 0.0000e+00
      69868    102.560     3.8351     3.8066   3.186009   3.182901     2.6657     2.6314      8.187     0.1680     1.3323 1.0790e-01     0.0630    98.4371     7.1060     7.4263    34.2916    34.2844    27.2394    27.2366    7.32762 0.0000e+00
      69871    102.461     3.8354     3.8072   3.186192   3.182936     2.6653     2.6302      8.187     0.1583     1.3323 1.0790e-01     0.0630    98.4371     7.1038     7.4232    34.2935    34.2842    27.2409    27.2364    7.32748 0.0000e+00
      69874    102.364     3.8358     3.8085   3.186169   3.183178     2.6661     2.6302      8.187     0.1632     1.3323 1.0790e-01     0.0623    98.4545     7.1070     7.4258    34.2929    34.2858    27.2404    27.2375    7.32745 0.0000e+00
      69877    102.267     3.8354     3.8111   3.185941   3.183522     2.6657     2.6302      8.187     0.1680     1.3323 1.0790e-01     0.0623    98.4545     7.1071     7.4294    34.2906    34.2873    27.2386    27.2384    7.32762 0.0000e+00
      69880    102.171     3.8345     3.8130   3.185709   3.183655     2.6661     2.6298      8.187     0.1583     1.3323 1.0790e-01     0.0623    98.4545     7.1090     7.4308    34.2889    34.2869    27.2373    27.2380    7.32787 0.0000e+00
      69883    102.077     3.8331     3.8141   3.185520   3.183708     2.6661     2.6290      8.187     0.1583     1.3323 1.0790e-01     0.0620    98.4632     7.1087     7.4318    34.2881    34.2864    27.2368    27.2374    7.32816 0.0000e+00
      69886    101.986     3.8319     3.8150   3.185322   3.183829     2.6657     2.6290      8.187     0.1632     1.3323 1.0790e-01     0.0627    98.4458     7.1073     7.4379    34.2871    34.2870    27.2362    27.2378    7.32843 0.0000e+00
      69889    101.899     3.8304     3.8160   3.185058   3.183934     2.6653     2.6290      8.187     0.1632     1.3323 1.0790e-01     0.0627    98.4458     7.1063     7.4440    34.2855    34.2872    27.2350    27.2379    7.32877 0.0000e+00
      69892    101.815     3.8283     3.8167   3.184703   3.184013     2.6649     2.6290      8.187     0.1583     1.3323 1.0790e-01     0.0620    98.4632     7.1060     7.4502    34.2836    34.2875    27.2337    27.2380    7.32925 0.0000e+00
      69895    101.733     3.8262     3.8171   3.184472   3.184010     2.6657     2.6286      8.187     0.1680     1.3323 1.0790e-01     0.0620    98.4632     7.1092     7.4536    34.2830    34.2871    27.2335    27.2377    7.32965 0.0000e+00
      69898    101.655     3.8240     3.8173   3.184170   3.184051     2.6653     2.6290      8.187     0.1632     1.3323 1.0790e-01     0.0623    98.4545     7.1082     7.4576    34.2818    34.2874    27.2328    27.2379    7.33011 0.0000e+00
      69901    101.582     3.8220     3.8165   3.184092   3.183785     2.6657     2.6290      8.187     0.1583     1.3323 1.0790e-01     0.0623    98.4545     7.1091     7.4625    34.2830    34.2851    27.2339    27.2361    7.33042 0.0000e+00
      69904    101.515     3.8210     3.8126   3.183836   3.183303     2.6661     2.6290      8.187     0.1583     1.4112 1.0790e-01     0.0623    98.4545     7.1104     7.4685    34.2811    34.2834    27.2325    27.2352    7.33070 0.0000e+00
      69907    101.453     3.8194     3.8119   3.183252   3.183380     2.6653     2.6290      8.187     0.1632     1.4507 1.0790e-01     0.0627    98.4458     7.1097     7.4720    34.2758    34.2852    27.2285    27.2367    7.33125 0.0000e+00
      69910    101.396     3.8164     3.8109   3.182840   3.183059     2.6653     2.6294      8.187     0.1632     1.4507 1.0790e-01     0.0623    98.4545     7.1110     7.4765    34.2740    34.2824    27.2273    27.2346    7.33187 0.0000e+00
      69913    101.344     3.8127     3.8075   3.182661   3.182546     2.6657     2.6290      8.187     0.1583     1.4507 1.0790e-01     0.0620    98.4632     7.1130     7.4801    34.2758    34.2799    27.2291    27.2329    7.33245 0.0000e+00
      69916    101.300     3.8103     3.8028   3.182702   3.182292     2.6661     2.6290      8.187     0.1632     1.4507 1.0790e-01     0.0620    98.4632     7.1146     7.4844    34.2788    34.2818    27.2318    27.2349    7.33274 0.0000e+00
      69919    101.257     3.8091     3.8005   3.182561   3.182339     2.6657     2.6294      8.187     0.1632     1.4507 1.0790e-01     0.0620    98.4632     7.1128     7.4884    34.2784    34.2848    27.2316    27.2375    7.33297 0.0000e+00
      69922    101.223     3.8084     3.8006   3.181933   3.182285     2.6657     2.6294      8.187     0.1583     1.4507 1.0790e-01     0.0620    98.4632     7.1120     7.4916    34.2717    34.2841    27.2263    27.2370    7.33343 0.0000e+00
      69925    101.193     3.8075     3.8009   3.181850   3.182217     2.6645     2.6302      8.187     0.1632     1.4507 1.0790e-01     0.0620    98.4632     7.1069     7.4984    34.2717    34.2830    27.2264    27.2360    7.33359 0.0000e+00
      69928    101.165     3.8048     3.8018   3.181244   3.182412     2.6657     2.6302      8.187     0.1632     1.4507 1.0790e-01     0.0620    98.4632     7.1123     7.5009    34.2673    34.2844    27.2232    27.2370    7.33430 0.0000e+00
      69966    101.097     3.8112     3.8082   3.182675   3.183000     2.6657     2.6322      8.187     0.1925     1.4507 1.0790e-01     0.0623    98.4545     7.1105     7.5011    34.2776    34.2847    27.2308    27.2366    7.33263 0.0000e+00
      70040    100.990     3.8378     3.8083   3.186546   3.182571     2.6661     2.6363      8.187     0.2511     1.4507 1.0790e-01     0.0620    98.4632     7.1064     7.5014    34.2960    34.2795    27.2427    27.2326    7.32693 0.0000e+00
      70043    100.964     3.8385     3.8004   3.186548   3.182305     2.6661     2.6363      8.187     0.1778     1.4507 1.0790e-01     0.0620    98.4632     7.1059     7.5017    34.2952    34.2847    27.2420    27.2375    7.32683 0.0000e+00
      70046    100.937     3.8390     3.8013   3.186423   3.182591     2.6661     2.6363      8.187     0.1827     1.4507 1.0790e-01     0.0627    98.4458     7.1072     7.5000    34.2934    34.2871    27.2405    27.2393    7.32684 0.0000e+00
      70049    100.908     3.8383     3.8038   3.186140   3.182419     2.6661     2.6363      8.187     0.1778     1.4507 1.0790e-01     0.0620    98.4632     7.1090     7.4980    34.2907    34.2825    27.2384    27.2354    7.32709 0.0000e+00
      70052    100.877     3.8370     3.7992   3.185898   3.181691     2.6661     2.6363      8.187     0.1827     1.4507 1.0777e-01     0.0627    98.4458     7.1094     7.4969    34.2892    34.2787    27.2373    27.2328    7.32740 0.0000e+00
      70055    100.838     3.8352     3.7960   3.185572   3.181429     2.6661     2.6363      8.187     0.1778     1.4507 1.0790e-01     0.0620    98.4632     7.1085     7.4949    34.2872    34.2789    27.2359    27.2333    7.32782 0.0000e+00
      70058    100.800     3.8324     3.7927   3.185261   3.181109     2.6665     2.6363      8.187     0.1778     1.4507 1.0790e-01     0.0620    98.4632     7.1114     7.4938    34.2865    34.2786    27.2356    27.2334    7.32837 0.0000e+00
