Datasets/AZMP/COO001/79001115.cnv
* Sea-Bird SBE 9 Data File:
* FileName = C:\CTDDATA\79001115.hex
* Software Version Seasave V 7.26.7.110
* Temperature SN = 5660
* Conductivity SN = 3698
* Number of Bytes Per Scan = 30
* Number of Voltage Words = 4
* Number of Scans Averaged by the Deck Unit = 1
* NMEA baud rate = 9600
** VESSEL/TRIP/SEQ STN:  79001115
** LATITUDE XX XX.XX N:  47 00.00 N
** LONGITUDE XX XX.XX W:  47 49.00 W
** SOUNDING DEPTH (M):  0165
** PROBE TYPE: S1257
** CTD NUMBER: 075
** COMMENTS (14 CHAR): FC-13
** BOTTLES:  12
** LEVELS: 5,5,10,20,20,30,40,50,75,100,150,BTM
** STICKERS: 435545 - 435556
** VNET: Y
** DO2: N
# nquan = 22
# nvalues = 4127                        
# units = specified
# name 0 = scan: Scan Count
# name 1 = prDM: Pressure, Digiquartz [db]
# name 2 = t090C: Temperature [ITS-90, deg C]
# name 3 = t190C: Temperature, 2 [ITS-90, deg C]
# name 4 = c0S/m: Conductivity [S/m]
# name 5 = c1S/m: Conductivity, 2 [S/m]
# name 6 = sbeox0V: Oxygen raw, SBE 43 [V]
# name 7 = sbeox1V: Oxygen raw, SBE 43, 2 [V]
# name 8 = ph: pH
# name 9 = flECO-AFL: Fluorescence, WET Labs ECO-AFL/FL [mg/m^3]
# name 10 = wetCDOM: Fluorescence, WET Labs CDOM [mg/m^3]
# name 11 = par/sat/log: PAR/Logarithmic, Satlantic [umol photons/m^2/sec]
# name 12 = CStarAt0: Beam Attenuation, WET Labs C-Star [1/m]
# name 13 = CStarTr0: Beam Transmission, WET Labs C-Star [%]
# name 14 = sbeox0ML/L: Oxygen, SBE 43 [ml/l], WS = 2
# name 15 = sbeox1ML/L: Oxygen, SBE 43, 2 [ml/l], WS = 2
# name 16 = sal00: Salinity, Practical [PSU]
# name 17 = sal11: Salinity, Practical, 2 [PSU]
# name 18 = sigma-t00: Density [sigma-t, kg/m^3 ]
# name 19 = sigma-t11: Density, 2 [sigma-t, kg/m^3 ]
# name 20 = oxsatML/L: Oxygen Saturation, Weiss [ml/l]
# name 21 = flag: flag
# span 0 =        100,      44199       
# span 1 =      0.510,    161.180       
# span 2 =    -0.3448,     2.9673       
# span 3 =    -0.3593,     2.9667       
# span 4 =   2.719756,   2.964543       
# span 5 =   2.719589,   2.964797       
# span 6 =     2.3946,     2.7842       
# span 7 =     2.3690,     2.7493       
# span 8 =      8.048,      8.147       
# span 9 =    -0.0078,     1.3011       
# span 10 =     1.0954,     2.3982      
# span 11 = 1.0728e-01, 2.2209e+00      
# span 12 =     0.0545,     0.9823      
# span 13 =    78.2246,    98.6456      
# span 14 =     6.4758,     7.7918      
# span 15 =     7.0915,     8.3199      
# span 16 =    32.4933,    33.9042      
# span 17 =    32.5692,    33.8936      
# span 18 =    25.9487,    27.1601      
# span 19 =    25.9479,    27.1488      
# span 20 =    7.57421,    8.23673      
# span 21 = 0.0000e+00, 0.0000e+00      
# interval = scans: 3                   
# start_time = Dec 06 2019 21:49:21 [System UTC, header]
# bad_flag = -9.990e-29
*END*
[from data line 3161]
      25164     61.519    -0.1854    -0.1508   2.731452   2.732033     2.5355     2.4817      8.070     0.0557     1.9245 1.0790e-01     0.0567    98.5935     7.6866     7.8783    32.8815    32.8519    26.4047    26.3792    8.20281 0.0000e+00
      25167     61.382    -0.1916    -0.1340   2.730424   2.732853     2.5375     2.4817      8.070     0.0606     1.9245 1.0790e-01     0.0570    98.5848     7.6923     7.8626    32.8746    32.8447    26.3994    26.3726    8.20455 0.0000e+00
      25170     61.246    -0.1929    -0.1273   2.729823   2.732801     2.5383     2.4826      8.071     0.0557     1.9245 1.0790e-01     0.0567    98.5935     7.6954     7.8541    32.8681    32.8369    26.3942    26.3660    8.20520 0.0000e+00
      25173     61.107    -0.1921    -0.1262   2.729783   2.732830     2.5400     2.4830      8.070     0.0654     1.9245 1.0790e-01     0.0567    98.5935     7.7027     7.8471    32.8669    32.8362    26.3932    26.3654    8.20511 0.0000e+00
      25176     60.972    -0.1913    -0.1277   2.729902   2.732819     2.5428     2.4821      8.073     0.0557     1.9245 1.0790e-01     0.0567    98.5935     7.7111     7.8383    32.8676    32.8378    26.3937    26.3668    8.20488 0.0000e+00
      25179     60.838    -0.1894    -0.1232   2.729944   2.733216     2.5449     2.4817      8.073     0.0557     1.9245 1.0790e-01     0.0567    98.5935     7.7171     7.8315    32.8663    32.8382    26.3925    26.3669    8.20455 0.0000e+00
      25182     60.705    -0.1850    -0.1244   2.730630   2.732603     2.5461     2.4817      8.073     0.0410     1.9245 1.0790e-01     0.0609    98.4893     7.7227     7.8333    32.8706    32.8315    26.3959    26.3615    8.20332 0.0000e+00
      25185     60.576    -0.1665    -0.1049   2.733208   2.739771     2.5477     2.4826      8.073     0.0410     1.9245 1.0790e-01     0.0623    98.4545     7.7239     7.8298    32.8850    32.9054    26.4066    26.4203    8.19847 0.0000e+00
      25188     60.451    -0.1261     0.0970   2.739201   2.759419     2.5502     2.4830      8.072     0.0410     1.9245 1.0790e-01     0.0620    98.4632     7.7196     7.7896    32.9209    32.9474    26.4338    26.4446    8.18762 0.0000e+00
      25191     60.330    -0.0679     0.3712   2.743361   2.783798     2.5522     2.4830      8.072     0.0410     1.9245 1.0790e-01     0.0627    98.4458     7.7110     7.7372    32.9132    32.9725    26.4249    26.4510    8.17533 0.0000e+00
      25194     60.219    -0.0289     0.6259   2.744637   2.801032     2.5530     2.4830      8.072     0.0410     1.9245 1.0790e-01     0.0620    98.4632     7.7033     7.6921    32.8881    32.9248    26.4029    26.3987    8.16824 0.0000e+00
      25197     60.121     0.0033     0.7790   2.747991   2.809211     2.5550     2.4838      8.077     0.0410     1.9245 1.0790e-01     0.0620    98.4632     7.6981     7.6771    32.8977    32.8679    26.4091    26.3442    8.16068 0.0000e+00
      25200     60.039     0.0475     0.8455   2.751788   2.812286     2.5559     2.4842      8.077     0.0410     1.9245 1.0790e-01     0.0627    98.4458     7.6857     7.6760    32.9003    32.8371    26.4091    26.3156    8.15094 0.0000e+00
      25203     59.972     0.0840     0.8558   2.752311   2.811532     2.5579     2.4850      8.077     0.0410     1.9245 1.0790e-01     0.0648    98.3936     7.6844     7.6817    32.8681    32.8166    26.3813    26.2984    8.14483 0.0000e+00
      25206     59.913     0.0886     0.8446   2.748785   2.810528     2.5599     2.4858      8.075     0.0557     1.9245 1.0790e-01     0.0651    98.3849     7.6901     7.6870    32.8168    32.8155    26.3397    26.2983    8.14668 0.0000e+00
      25209     59.855     0.0844     0.8117   2.750267   2.806301     2.5607     2.4866      8.077     0.0752     1.9245 1.0790e-01     0.0651    98.3849     7.6886     7.6978    32.8407    32.7959    26.3592    26.2844    8.14625 0.0000e+00
      25212     59.796     0.0949     0.7588   2.750455   2.802737     2.5624     2.4882      8.076     0.0703     1.9245 1.0790e-01     0.0648    98.3936     7.6900     7.7157    32.8320    32.8059    26.3516    26.2955    8.14446 0.0000e+00
      25215     59.739     0.1023     0.7336   2.752956   2.802006     2.5636     2.4891      8.076     0.0703     1.9245 1.0790e-01     0.0644    98.4023     7.6894     7.7236    32.8570    32.8232    26.3715    26.3108    8.14147 0.0000e+00
      25218     59.689     0.1337     0.7354   2.756938   2.802347     2.5656     2.4895      8.076     0.0752     1.9245 1.0790e-01     0.0648    98.3936     7.6857     7.7232    32.8758    32.8258    26.3851    26.3128    8.13365 0.0000e+00
      25221     59.644     0.1309     0.7044   2.750813   2.798570     2.5664     2.4903      8.076     0.0703     1.9245 1.0790e-01     0.0651    98.3849     7.6907     7.7304    32.7983    32.8098    26.3227    26.3018    8.13856 0.0000e+00
      25224     59.596     0.0444     0.7132   2.742343   2.803179     2.5677     2.4903      8.077     0.0703     1.9245 1.0790e-01     0.0651    98.3849     7.7131     7.7249    32.7796    32.8601    26.3118    26.3417    8.15835 0.0000e+00
      25227     59.549    -0.0135     0.7986   2.742363   2.811083     2.5697     2.4903      8.077     0.0703     1.9245 1.0790e-01     0.0651    98.3849     7.7240     7.7024    32.8419    32.8716    26.3648    26.3461    8.16746 0.0000e+00
      25230     59.499    -0.0329     0.8302   2.742900   2.811185     2.5701     2.4903      8.077     0.0654     1.9245 1.0790e-01     0.0651    98.3849     7.7212     7.6962    32.8699    32.8394    26.3883    26.3183    8.17012 0.0000e+00
      25233     59.454    -0.0395     0.7826   2.744634   2.803834     2.5717     2.4915      8.077     0.0606     1.9245 1.0790e-01     0.0651    98.3849     7.7175     7.7131    32.9000    32.7951    26.4129    26.2854    8.16989 0.0000e+00
      25236     59.416    -0.0465     0.7371   2.741928   2.806809     2.5730     2.4915      8.077     0.0557     1.9245 1.0790e-01     0.0651    98.3849     7.7135     7.7190    32.8718    32.8817    26.3905    26.3577    8.17299 0.0000e+00
      25239     59.380    -0.0404     0.8377   2.745140   2.820900     2.5742     2.4927      8.077     0.0557     1.9245 1.0790e-01     0.0651    98.3849     7.7048     7.6993    32.9077    32.9568    26.4191    26.4123    8.16965 0.0000e+00
      25242     59.348    -0.0167     0.9493   2.745525   2.825201     2.5750     2.4931      8.077     0.0557     1.9245 1.0790e-01     0.0630    98.4371     7.6928     7.6808    32.8872    32.8937    26.4015    26.3550    8.16563 0.0000e+00
      25245     59.313    -0.0412     1.0068   2.740776   2.824624     2.5762     2.4940      8.077     0.0508     1.9245 1.0790e-01     0.0609    98.4892     7.6965     7.6765    32.8508    32.8256    26.3733    26.2968    8.17299 0.0000e+00
      25248     59.278    -0.0697     0.9399   2.739605   2.816125     2.5766     2.4952      8.077     0.0557     1.9245 1.0790e-01     0.0609    98.4892     7.6951     7.6988    32.8661    32.7872    26.3870    26.2698    8.17836 0.0000e+00
      25251     59.240    -0.0687     0.8710   2.743055   2.813840     2.5766     2.4956      8.077     0.0557     1.9245 1.0790e-01     0.0609    98.4892     7.6856     7.7069    32.9106    32.8306    26.4229    26.3089    8.17565 0.0000e+00
      25254     59.201    -0.0190     0.8863   2.749333   2.816130     2.5758     2.4964      8.077     0.0557     1.9245 1.0790e-01     0.0609    98.4892     7.6645     7.7034    32.9401    32.8438    26.4443    26.3186    8.16319 0.0000e+00
      25257     59.165     0.0259     0.9172   2.751324   2.818932     2.5758     2.4972      8.077     0.0557     1.9245 1.0790e-01     0.0609    98.4892     7.6502     7.6934    32.9180    32.8472    26.4243    26.3195    8.15465 0.0000e+00
      25260     59.131     0.0742     0.9485   2.759489   2.822357     2.5750     2.4976      8.077     0.0947     1.9245 1.0790e-01     0.0609    98.4892     7.6316     7.6848    32.9735    32.8582    26.4669    26.3264    8.14108 0.0000e+00
      25263     59.095     0.1537     1.0073   2.763246   2.827467     2.5766     2.4976      8.076     0.0996     1.9245 1.0790e-01     0.0609    98.4892     7.6231     7.6718    32.9375    32.8616    26.4338    26.3256    8.12589 0.0000e+00
      25266     59.056     0.1540     1.0566   2.752688   2.829828     2.5766     2.4976      8.076     0.0996     1.9245 1.0790e-01     0.0609    98.4892     7.6325     7.6691    32.7985    32.8399    26.3217    26.3052    8.13354 0.0000e+00
      25269     59.010     0.0762     1.0716   2.745615   2.829826     2.5770     2.4988      8.077     0.1045     1.9245 1.0790e-01     0.0609    98.4892     7.6555     7.6810    32.7889    32.8241    26.3178    26.2916    8.15093 0.0000e+00
      25272     58.968     0.0239     1.0586   2.744575   2.828670     2.5774     2.4984      8.077     0.1045     1.9245 1.0790e-01     0.0609    98.4892     7.6715     7.6980    32.8313    32.8230    26.3545    26.2914    8.15992 0.0000e+00
      25275     58.923     0.0067     1.0481   2.745850   2.827371     2.5778     2.4976      8.074     0.1094     1.9245 1.0790e-01     0.0609    98.4892     7.6790     7.7158    32.8666    32.8175    26.3838    26.2877    8.16169 0.0000e+00
      25278     58.878     0.0201     1.0461   2.748277   2.827889     2.5786     2.5001      8.075     0.0996     1.9245 1.0790e-01     0.0609    98.4892     7.6807     7.7411    32.8842    32.8263    26.3974    26.2949    8.15780 0.0000e+00
      25281     58.833     0.0453     1.0564   2.750913   2.829062     2.5786     2.4996      8.072     0.1045     1.9245 1.0790e-01     0.0616    98.4718     7.6759     7.7489    32.8919    32.8304    26.4023    26.2975    8.15189 0.0000e+00
      25284     58.787     0.0769     1.0676   2.752581   2.829966     2.5803     2.5009      8.077     0.0996     1.9245 1.0790e-01     0.0658    98.3676     7.6724     7.7585    32.8799    32.8302    26.3912    26.2967    8.14570 0.0000e+00
      25287     58.736     0.0876     1.0725   2.752551   2.830157     2.5815     2.5029      8.072     0.0850     1.9245 1.0790e-01     0.0655    98.3762     7.6714     7.7643    32.8681    32.8275    26.3812    26.2942    8.14405 0.0000e+00
      25290     58.687     0.0909     1.0652   2.754723   2.829575     2.5807     2.5053      8.073     0.0947     1.9245 1.0790e-01     0.0658    98.3676     7.6610     7.7679    32.8931    32.8278    26.4011    26.2949    8.14193 0.0000e+00
      25293     58.635     0.1265     1.0673   2.759115   2.829393     2.5815     2.5074      8.073     0.0850     1.9245 1.0790e-01     0.0662    98.3589     7.6472     7.7616    32.9127    32.8233    26.4152    26.2911    8.13315 0.0000e+00
      25296     58.584     0.1839     1.0668   2.762724   2.828729     2.5819     2.5094      8.071     0.0850     1.9245 1.0790e-01     0.0655    98.3762     7.6261     7.7525    32.8985    32.8154    26.4009    26.2848    8.12153 0.0000e+00
      25299     58.531     0.2181     1.0550   2.763387   2.828215     2.5823     2.5111      8.073     0.0899     1.8850 1.0790e-01     0.0658    98.3676     7.6100     7.7346    32.8706    32.8213    26.3767    26.2903    8.11571 0.0000e+00
      25302     58.479     0.2312     1.0345   2.762747   2.823536     2.5823     2.5111      8.073     0.0947     1.8060 1.0790e-01     0.0679    98.3154     7.5968     7.7155    32.8481    32.7829    26.3580    26.2607    8.11413 0.0000e+00
      25305     58.429     0.2304     0.9565   2.761543   2.813980     2.5827     2.5115      8.073     0.0801     1.8060 1.0790e-01     0.0715    98.2285     7.5872     7.7094    32.8333    32.7426    26.3461    26.2330    8.11514 0.0000e+00
      25308     58.374     0.2121     0.8245   2.760011   2.804434     2.5823     2.5102      8.071     0.0850     1.8060 1.0790e-01     0.0715    98.2285     7.5778     7.7042    32.8328    32.7592    26.3466    26.2541    8.11910 0.0000e+00
      25311     58.323     0.1930     0.6775   2.758332   2.795995     2.5819     2.5094      8.073     0.0996     1.8060 1.0790e-01     0.0715    98.2285     7.5710     7.7069    32.8313    32.8058    26.3463    26.3001    8.12331 0.0000e+00
      25314     58.270     0.1751     0.7002   2.757074   2.804425     2.5807     2.5086      8.074     0.0996     1.8060 1.0790e-01     0.0715    98.2285     7.5622     7.6753    32.8340    32.8908    26.3493    26.3671    8.12701 0.0000e+00
      25317     58.217     0.1712     0.7816   2.757704   2.807934     2.5803     2.5078      8.076     0.0996     1.8060 1.0790e-01     0.0715    98.2285     7.5541     7.6468    32.8464    32.8497    26.3596    26.3295    8.12716 0.0000e+00
      25320     58.165     0.1716     0.7939   2.758385   2.809663     2.5786     2.5074      8.076     0.0996     1.8060 1.0790e-01     0.0711    98.2372     7.5431     7.6414    32.8551    32.8590    26.3665    26.3362    8.12661 0.0000e+00
      25323     58.112     0.1751     0.8558   2.758788   2.814265     2.5782     2.5066      8.079     0.0996     1.8060 1.0790e-01     0.0704    98.2546     7.5346     7.6347    32.8566    32.8528    26.3676    26.3275    8.12576 0.0000e+00
      25326     58.062     0.1732     0.8995   2.758717   2.816067     2.5770     2.5070      8.079     0.1045     1.8060 1.0790e-01     0.0694    98.2807     7.5282     7.6448    32.8577    32.8298    26.3686    26.3065    8.12612 0.0000e+00
      25329     58.014     0.1720     0.9491   2.759156   2.818865     2.5762     2.5066      8.081     0.0996     1.8060 1.0790e-01     0.0694    98.2807     7.5268     7.6523    32.8648    32.8134    26.3743    26.2904    8.12598 0.0000e+00
      25332     57.967     0.2006     0.9634   2.765686   2.821943     2.5754     2.5070      8.081     0.1094     1.8060 1.0790e-01     0.0694    98.2807     7.5168     7.6713    32.9198    32.8378    26.4173    26.3091    8.11677 0.0000e+00
      25335     57.921     0.4011     0.9718   2.785575   2.821173     2.5746     2.5074      8.083     0.0996     1.8060 1.0790e-01     0.0694    98.2807     7.4706     7.6916    32.9651    32.8191    26.4435    26.2936    8.07128 0.0000e+00
      25338     57.877     0.6326     0.9637   2.800159   2.820377     2.5738     2.5074      8.084     0.1094     1.8060 1.0790e-01     0.0694    98.2807     7.4251     7.7088    32.9077    32.8174    26.3846    26.2927    8.02528 0.0000e+00
      25341     57.837     0.7321     0.9339   2.800172   2.820232     2.5742     2.5086      8.084     0.1143     1.8060 1.0790e-01     0.0694    98.2807     7.4149     7.7313    32.8022    32.8470    26.2941    26.3183    8.01004 0.0000e+00
      25344     57.796     0.7591     0.9637   2.799791   2.821693     2.5734     2.5090      8.084     0.1143     1.8060 1.0790e-01     0.0676    98.3241     7.4103     7.7379    32.7687    32.8344    26.2656    26.3064    8.00618 0.0000e+00
      25347     57.753     0.7569     0.9765   2.797450   2.821132     2.5713     2.5102      8.084     0.1192     1.8060 1.0790e-01     0.0672    98.3328     7.4072     7.7497    32.7408    32.8137    26.2432    26.2890    8.00815 0.0000e+00
      25350     57.716     0.7100     0.9947   2.790327   2.822155     2.5721     2.5111      8.084     0.1143     1.8060 1.0790e-01     0.0672    98.3328     7.4256     7.7601    32.6984    32.8076    26.2118    26.2830    8.02035 0.0000e+00
      25353     57.682     0.5768     0.9841   2.778139   2.822205     2.5721     2.5119      8.084     0.1192     1.8060 1.0790e-01     0.0672    98.3328     7.4584     7.7807    32.6816    32.8195    26.2056    26.2931    8.04946 0.0000e+00
      25356     57.650     0.4478     0.9741   2.770797   2.820691     2.5713     2.5127      8.085     0.1143     1.8060 1.0790e-01     0.0672    98.3328     7.4858     7.8064    32.7229    32.8106    26.2458    26.2867    8.07462 0.0000e+00
