Datasets/AZMP/COO001/79001116.cnv
* Sea-Bird SBE 9 Data File:
* FileName = C:\CTDDATA\79001116.hex
* Software Version Seasave V 7.26.7.110
* Temperature SN = 5660
* Conductivity SN = 3698
* Number of Bytes Per Scan = 30
* Number of Voltage Words = 4
* Number of Scans Averaged by the Deck Unit = 1
* NMEA baud rate = 9600
** VESSEL/TRIP/SEQ STN:  79001116
** LATITUDE XX XX.XX N:  47 00.00 N
** LONGITUDE XX XX.XX W:  48 07.00 W
** SOUNDING DEPTH (M):  0135
** PROBE TYPE: S1257
** CTD NUMBER: 076
** COMMENTS (14 CHAR): FC-12
** BOTTLES:  19
** LEVELS: 5,5,5,5,10,20,20,20,20,30,40,50,50,50,75,100,100,100,BTM
** STICKERS: 435557 - 435575
** VNET: Y
** DO2: N
# nquan = 22
# nvalues = 3873                        
# units = specified
# name 0 = scan: Scan Count
# name 1 = prDM: Pressure, Digiquartz [db]
# name 2 = t090C: Temperature [ITS-90, deg C]
# name 3 = t190C: Temperature, 2 [ITS-90, deg C]
# name 4 = c0S/m: Conductivity [S/m]
# name 5 = c1S/m: Conductivity, 2 [S/m]
# name 6 = sbeox0V: Oxygen raw, SBE 43 [V]
# name 7 = sbeox1V: Oxygen raw, SBE 43, 2 [V]
# name 8 = ph: pH
# name 9 = flECO-AFL: Fluorescence, WET Labs ECO-AFL/FL [mg/m^3]
# name 10 = wetCDOM: Fluorescence, WET Labs CDOM [mg/m^3]
# name 11 = par/sat/log: PAR/Logarithmic, Satlantic [umol photons/m^2/sec]
# name 12 = CStarAt0: Beam Attenuation, WET Labs C-Star [1/m]
# name 13 = CStarTr0: Beam Transmission, WET Labs C-Star [%]
# name 14 = sbeox0ML/L: Oxygen, SBE 43 [ml/l], WS = 2
# name 15 = sbeox1ML/L: Oxygen, SBE 43, 2 [ml/l], WS = 2
# name 16 = sal00: Salinity, Practical [PSU]
# name 17 = sal11: Salinity, Practical, 2 [PSU]
# name 18 = sigma-t00: Density [sigma-t, kg/m^3 ]
# name 19 = sigma-t11: Density, 2 [sigma-t, kg/m^3 ]
# name 20 = oxsatML/L: Oxygen Saturation, Weiss [ml/l]
# name 21 = flag: flag
# span 0 =         23,      51594       
# span 1 =      1.107,    130.555       
# span 2 =    -0.7244,     3.6295       
# span 3 =    -0.7280,     3.6467       
# span 4 =   2.692392,   3.005613       
# span 5 =   2.692745,   3.006970       
# span 6 =     2.3958,     2.7763       
# span 7 =     2.3683,     2.7485       
# span 8 =      8.032,      8.154       
# span 9 =     0.0117,     1.0325       
# span 10 =    -0.7206,     2.0429      
# span 11 = 1.0703e-01, 1.0720e+00      
# span 12 =     0.0535,     0.1282      
# span 13 =    96.8469,    98.6717      
# span 14 =     6.3167,     8.0067      
# span 15 =     7.3065,     8.1877      
# span 16 =    32.3956,    33.4187      
# span 17 =    32.3986,    33.3995      
# span 18 =    25.7523,    26.8356      
# span 19 =    25.7516,    26.8204      
# span 20 =    7.45800,    8.31902      
# span 21 = 0.0000e+00, 0.0000e+00      
# interval = scans: 3                   
# start_time = Dec 07 2019 00:21:46 [System UTC, header]
# bad_flag = -9.990e-29
*END*
[from data line 264]
       1672     23.725     3.5648     3.5627   3.001989   3.002111     2.7497     2.7375      8.148     0.7053     1.3323 1.0790e-01     0.1127    97.2205     7.4636     7.9237    32.4146    32.4182    25.7714    25.7744    7.46956 0.0000e+00
       1675     23.824     3.5642     3.5621   3.001995   3.002105     2.7497     2.7375      8.146     0.7150     1.3323 1.0790e-01     0.1127    97.2205     7.4637     7.9244    32.4153    32.4186    25.7719    25.7748    7.46964 0.0000e+00
       1678     23.921     3.5640     3.5617   3.001998   3.002081     2.7509     2.7383      8.145     0.7053     1.3323 1.0790e-01     0.1131    97.2118     7.4685     7.9276    32.4154    32.4187    25.7721    25.7749    7.46966 0.0000e+00
       1681     24.018     3.5636     3.5612   3.001966   3.002058     2.7509     2.7387      8.146     0.7101     1.3323 1.0777e-01     0.1127    97.2205     7.4701     7.9289    32.4154    32.4189    25.7721    25.7751    7.46974 0.0000e+00
       1684     24.113     3.5631     3.5610   3.001912   3.002057     2.7509     2.7387      8.146     0.7101     1.3323 1.0790e-01     0.1124    97.2292     7.4715     7.9284    32.4152    32.4190    25.7720    25.7752    7.46984 0.0000e+00
       1687     24.209     3.5624     3.5609   3.001846   3.002049     2.7501     2.7383      8.145     0.7004     1.3323 1.0790e-01     0.1124    97.2292     7.4707     7.9271    32.4151    32.4190    25.7720    25.7752    7.46998 0.0000e+00
       1690     24.303     3.5618     3.5611   3.001811   3.002071     2.7513     2.7387      8.145     0.7101     1.3323 1.0790e-01     0.1131    97.2118     7.4764     7.9285    32.4152    32.4190    25.7721    25.7752    7.47009 0.0000e+00
       1693     24.396     3.5615     3.5612   3.001821   3.002066     2.7518     2.7387      8.146     0.7053     1.3323 1.0790e-01     0.1131    97.2118     7.4781     7.9285    32.4155    32.4188    25.7724    25.7750    7.47012 0.0000e+00
       1696     24.489     3.5610     3.5609   3.001789   3.002050     2.7522     2.7387      8.146     0.6808     1.3323 1.0790e-01     0.1127    97.2205     7.4797     7.9278    32.4157    32.4189    25.7726    25.7751    7.47022 0.0000e+00
       1699     24.580     3.5604     3.5609   3.001721   3.002039     2.7509     2.7387      8.146     0.6760     1.3323 1.0790e-01     0.1142    97.1858     7.4752     7.9253    32.4154    32.4187    25.7724    25.7750    7.47034 0.0000e+00
       1702     24.674     3.5598     3.5610   3.001699   3.002081     2.7518     2.7387      8.145     0.6808     1.3323 1.0790e-01     0.1142    97.1858     7.4788     7.9228    32.4157    32.4190    25.7727    25.7752    7.47044 0.0000e+00
       1705     24.766     3.5598     3.5613   3.001757   3.002120     2.7522     2.7387      8.148     0.6760     1.3323 1.0790e-01     0.1138    97.1945     7.4822     7.9235    32.4163    32.4191    25.7732    25.7753    7.47040 0.0000e+00
       1708     24.855     3.5603     3.5618   3.001822   3.002152     2.7534     2.7387      8.145     0.6760     1.3323 1.0790e-01     0.1142    97.1858     7.4867     7.9229    32.4166    32.4190    25.7733    25.7752    7.47030 0.0000e+00
       1711     24.940     3.5606     3.5620   3.001857   3.002129     2.7534     2.7391      8.145     0.6808     1.3323 1.0790e-01     0.1142    97.1858     7.4854     7.9234    32.4166    32.4184    25.7734    25.7747    7.47024 0.0000e+00
       1714     25.029     3.5607     3.5608   3.001828   3.001911     2.7530     2.7391      8.145     0.6808     1.3323 1.0790e-01     0.1142    97.1858     7.4830     7.9218    32.4161    32.4170    25.7729    25.7736    7.47024 0.0000e+00
       1717     25.119     3.5605     3.5591   3.001779   3.001906     2.7530     2.7391      8.146     0.6760     1.3323 1.0790e-01     0.1138    97.1945     7.4837     7.9210    32.4157    32.4186    25.7727    25.7751    7.47031 0.0000e+00
       1720     25.206     3.5600     3.5582   3.001752   3.001890     2.7534     2.7395      8.145     0.6955     1.4112 1.0790e-01     0.1113    97.2553     7.4867     7.9216    32.4158    32.4193    25.7727    25.7757    7.47038 0.0000e+00
       1723     25.288     3.5598     3.5579   3.001772   3.001879     2.7538     2.7391      8.145     0.7541     1.4507 1.0790e-01     0.1117    97.2466     7.4886     7.9192    32.4162    32.4194    25.7731    25.7758    7.47041 0.0000e+00
       1726     25.367     3.5604     3.5580   3.001908   3.001887     2.7546     2.7387      8.145     0.7541     1.4507 1.0790e-01     0.1113    97.2553     7.4902     7.9168    32.4171    32.4194    25.7738    25.7758    7.47024 0.0000e+00
       1729     25.445     3.5617     3.5582   3.002051   3.001937     2.7550     2.7395      8.145     0.7541     1.4507 1.0790e-01     0.1113    97.2553     7.4900     7.9179    32.4176    32.4197    25.7740    25.7760    7.46999 0.0000e+00
       1732     25.519     3.5630     3.5592   3.002122   3.002001     2.7546     2.7387      8.145     0.7492     1.4507 1.0790e-01     0.1113    97.2553     7.4872     7.9125    32.4171    32.4194    25.7735    25.7757    7.46977 0.0000e+00
       1735     25.596     3.5641     3.5596   3.002148   3.002010     2.7538     2.7387      8.145     0.7492     1.4507 1.0790e-01     0.1117    97.2466     7.4860     7.9086    32.4163    32.4191    25.7727    25.7754    7.46961 0.0000e+00
       1738     25.669     3.5640     3.5596   3.002077   3.002018     2.7554     2.7387      8.145     0.7492     1.4507 1.0790e-01     0.1113    97.2553     7.4919     7.9063    32.4155    32.4191    25.7722    25.7755    7.46967 0.0000e+00
       1741     25.741     3.5642     3.5600   3.002138   3.002052     2.7554     2.7387      8.148     0.7492     1.4507 1.0790e-01     0.1106    97.2727     7.4919     7.9053    32.4160    32.4191    25.7725    25.7754    7.46960 0.0000e+00
       1744     25.812     3.5647     3.5601   3.002134   3.002033     2.7562     2.7387      8.145     0.7492     1.4507 1.0790e-01     0.1103    97.2813     7.4951     7.9046    32.4154    32.4187    25.7720    25.7751    7.46954 0.0000e+00
       1747     25.880     3.5643     3.5595   3.002079   3.001990     2.7562     2.7387      8.145     0.7443     1.4507 1.0790e-01     0.1106    97.2727     7.4944     7.9042    32.4150    32.4188    25.7718    25.7752    7.46962 0.0000e+00
       1750     25.947     3.5639     3.5601   3.002069   3.002082     2.7562     2.7387      8.146     0.7346     1.4507 1.0790e-01     0.1103    97.2813     7.4951     7.9030    32.4154    32.4193    25.7720    25.7755    7.46969 0.0000e+00
       1753     26.014     3.5640     3.5609   3.002101   3.002148     2.7558     2.7383      8.145     0.7346     1.4507 1.0790e-01     0.1103    97.2813     7.4942     7.9021    32.4155    32.4192    25.7722    25.7754    7.46965 0.0000e+00
       1756     26.078     3.5643     3.5612   3.002155   3.002153     2.7562     2.7379      8.145     0.7346     1.4507 1.0790e-01     0.1106    97.2727     7.4965     7.9020    32.4159    32.4189    25.7724    25.7751    7.46958 0.0000e+00
       1759     26.140     3.5648     3.5611   3.002149   3.002139     2.7566     2.7375      8.145     0.7346     1.4507 1.0790e-01     0.1106    97.2727     7.4977     7.9011    32.4153    32.4188    25.7719    25.7751    7.46952 0.0000e+00
       1762     26.198     3.5653     3.5609   3.002210   3.002116     2.7574     2.7375      8.145     0.7297     1.4507 1.0790e-01     0.1099    97.2900     7.4982     7.9022    32.4155    32.4187    25.7721    25.7750    7.46943 0.0000e+00
       1765     26.259     3.5652     3.5600   3.002196   3.002040     2.7579     2.7375      8.146     0.7394     1.4507 1.0790e-01     0.1099    97.2900     7.5005     7.9049    32.4154    32.4187    25.7719    25.7751    7.46944 0.0000e+00
       1768     26.315     3.5652     3.5592   3.002198   3.001994     2.7583     2.7375      8.146     0.7394     1.4507 1.0790e-01     0.1099    97.2900     7.5021     7.9077    32.4153    32.4189    25.7719    25.7753    7.46944 0.0000e+00
       1771     26.370     3.5654     3.5585   3.002226   3.001952     2.7574     2.7375      8.145     0.7346     1.4507 1.0790e-01     0.1099    97.2900     7.4990     7.9102    32.4154    32.4191    25.7720    25.7755    7.46940 0.0000e+00
       1774     26.422     3.5657     3.5583   3.002243   3.001944     2.7583     2.7371      8.145     0.7346     1.4507 1.0790e-01     0.1099    97.2900     7.5019     7.9129    32.4154    32.4191    25.7719    25.7756    7.46936 0.0000e+00
       1777     26.469     3.5656     3.5586   3.002220   3.002008     2.7583     2.7375      8.146     0.7346     1.4507 1.0790e-01     0.1099    97.2900     7.5021     7.9163    32.4151    32.4196    25.7717    25.7759    7.46938 0.0000e+00
       1780     26.514     3.5655     3.5595   3.002216   3.002055     2.7591     2.7375      8.146     0.7443     1.4507 1.0790e-01     0.1156    97.1510     7.5023     7.9189    32.4151    32.4192    25.7717    25.7755    7.46939 0.0000e+00
       1783     26.557     3.5653     3.5596   3.002199   3.002038     2.7591     2.7375      8.145     0.7346     1.4507 1.0790e-01     0.1163    97.1336     7.5007     7.9219    32.4152    32.4190    25.7718    25.7753    7.46944 0.0000e+00
       1786     26.596     3.5653     3.5592   3.002202   3.002017     2.7587     2.7375      8.145     0.7346     1.4507 1.0790e-01     0.1163    97.1336     7.4971     7.9241    32.4152    32.4190    25.7717    25.7754    7.46943 0.0000e+00
       1789     26.635     3.5653     3.5585   3.002144   3.001971     2.7599     2.7383      8.148     0.7346     1.4507 1.0790e-01     0.1163    97.1336     7.5010     7.9289    32.4145    32.4192    25.7712    25.7756    7.46948 0.0000e+00
       1792     26.669     3.5653     3.5583   3.002245   3.001996     2.7595     2.7375      8.145     0.7346     1.4507 1.0790e-01     0.1163    97.1336     7.4980     7.9275    32.4156    32.4196    25.7721    25.7759    7.46941 0.0000e+00
       1795     26.699     3.5655     3.5593   3.002242   3.002052     2.7591     2.7379      8.145     0.7394     1.4507 1.0790e-01     0.1163    97.1336     7.4964     7.9297    32.4154    32.4193    25.7719    25.7756    7.46938 0.0000e+00
       1798     26.734     3.5656     3.5597   3.002286   3.002059     2.7603     2.7379      8.145     0.7492     1.3718 1.0790e-01     0.1152    97.1597     7.4996     7.9295    32.4158    32.4190    25.7722    25.7754    7.46934 0.0000e+00
       1801     26.764     3.5661     3.5599   3.002333   3.002064     2.7603     2.7375      8.145     0.8224     1.3323 1.0777e-01     0.1095    97.2987     7.4986     7.9277    32.4158    32.4188    25.7722    25.7752    7.46925 0.0000e+00
       1804     26.794     3.5667     3.5599   3.002332   3.002072     2.7595     2.7383      8.145     0.8273     1.3323 1.0790e-01     0.1092    97.3074     7.4942     7.9301    32.4152    32.4189    25.7717    25.7752    7.46917 0.0000e+00
       1807     26.822     3.5672     3.5602   3.002371   3.002094     2.7595     2.7387      8.145     0.8273     1.3323 1.0790e-01     0.1099    97.2900     7.4931     7.9307    32.4152    32.4189    25.7716    25.7752    7.46909 0.0000e+00
       1810     26.850     3.5675     3.5602   3.002428   3.002107     2.7599     2.7387      8.145     0.8225     1.3323 1.0790e-01     0.1092    97.3074     7.4941     7.9294    32.4155    32.4190    25.7719    25.7753    7.46900 0.0000e+00
       1813     26.880     3.5682     3.5604   3.002475   3.002116     2.7603     2.7387      8.146     0.8273     1.3323 1.0790e-01     0.1095    97.2987     7.4941     7.9278    32.4154    32.4189    25.7716    25.7752    7.46888 0.0000e+00
       1816     26.906     3.5688     3.5601   3.002496   3.002072     2.7595     2.7387      8.145     0.8273     1.3323 1.0790e-01     0.1092    97.3074     7.4907     7.9252    32.4150    32.4187    25.7714    25.7750    7.46879 0.0000e+00
       1819     26.932     3.5692     3.5593   3.002527   3.002047     2.7607     2.7387      8.145     0.8273     1.3323 1.0790e-01     0.1106    97.2727     7.4945     7.9205    32.4150    32.4191    25.7713    25.7755    7.46872 0.0000e+00
       1822     26.959     3.5695     3.5593   3.002514   3.002026     2.7603     2.7387      8.146     0.8225     1.3323 1.0790e-01     0.1110    97.2640     7.4912     7.9176    32.4145    32.4189    25.7708    25.7753    7.46868 0.0000e+00
       1825     26.986     3.5695     3.5590   3.002500   3.002026     2.7603     2.7387      8.146     0.7883     1.4112 1.0790e-01     0.1110    97.2640     7.4916     7.9134    32.4143    32.4192    25.7707    25.7755    7.46869 0.0000e+00
       1828     27.013     3.5694     3.5591   3.002503   3.002032     2.7595     2.7387      8.145     0.7443     1.4507 1.0790e-01     0.1110    97.2640     7.4894     7.9085    32.4144    32.4191    25.7708    25.7755    7.46870 0.0000e+00
       1831     27.040     3.5694     3.5591   3.002506   3.002040     2.7603     2.7387      8.145     0.7541     1.4507 1.0790e-01     0.1110    97.2640     7.4915     7.9068    32.4145    32.4192    25.7709    25.7756    7.46871 0.0000e+00
       1834     27.065     3.5693     3.5590   3.002495   3.002029     2.7607     2.7387      8.145     0.7492     1.4507 1.0790e-01     0.1110    97.2640     7.4904     7.9052    32.4145    32.4191    25.7708    25.7755    7.46873 0.0000e+00
       1837     27.091     3.5692     3.5587   3.002474   3.002014     2.7595     2.7383      8.146     0.7492     1.4507 1.0790e-01     0.1113    97.2553     7.4859     7.9008    32.4143    32.4193    25.7707    25.7756    7.46875 0.0000e+00
       1840     27.118     3.5691     3.5584   3.002452   3.001995     2.7599     2.7375      8.145     0.7541     1.4507 1.0790e-01     0.1145    97.1771     7.4858     7.8958    32.4141    32.4193    25.7705    25.7757    7.46878 0.0000e+00
       1843     27.150     3.5690     3.5583   3.002477   3.001996     2.7603     2.7375      8.145     0.7492     1.4507 1.0790e-01     0.1163    97.1336     7.4870     7.8943    32.4145    32.4194    25.7708    25.7758    7.46878 0.0000e+00
       1846     27.179     3.5689     3.5582   3.002475   3.001975     2.7591     2.7375      8.148     0.7492     1.4507 1.0790e-01     0.1163    97.1336     7.4827     7.8937    32.4145    32.4192    25.7709    25.7757    7.46879 0.0000e+00
       1849     27.211     3.5689     3.5581   3.002485   3.001965     2.7603     2.7375      8.145     0.7443     1.4507 1.0790e-01     0.1163    97.1336     7.4868     7.8949    32.4146    32.4191    25.7710    25.7756    7.46879 0.0000e+00
       1852     27.240     3.5688     3.5579   3.002467   3.001957     2.7599     2.7371      8.148     0.7931     1.4507 1.0790e-01     0.1163    97.1336     7.4866     7.8944    32.4144    32.4192    25.7709    25.7757    7.46881 0.0000e+00
       1855     27.273     3.5687     3.5580   3.002442   3.001954     2.7603     2.7375      8.146     0.8273     1.4507 1.0790e-01     0.1163    97.1336     7.4862     7.8975    32.4142    32.4191    25.7707    25.7756    7.46884 0.0000e+00
       1858     27.309     3.5687     3.5579   3.002454   3.001960     2.7587     2.7367      8.148     0.8225     1.4507 1.0790e-01     0.1160    97.1423     7.4812     7.8971    32.4144    32.4193    25.7708    25.7757    7.46883 0.0000e+00
       1861     27.346     3.5684     3.5578   3.002426   3.001954     2.7591     2.7363      8.145     0.8225     1.4507 1.0790e-01     0.1146    97.1771     7.4829     7.8990    32.4144    32.4193    25.7709    25.7758    7.46890 0.0000e+00
       1864     27.386     3.5678     3.5577   3.002385   3.001946     2.7595     2.7363      8.146     0.8176     1.4507 1.0790e-01     0.1142    97.1858     7.4835     7.9009    32.4145    32.4192    25.7710    25.7757    7.46901 0.0000e+00
