Datasets/AZMP/COO001/79001082.cnv
* Sea-Bird SBE 9 Data File:
* FileName = C:\CTDDATA\79001082.hex
* Software Version Seasave V 7.26.7.110
* Temperature SN = 5660
* Conductivity SN = 3698
* Number of Bytes Per Scan = 30
* Number of Voltage Words = 4
* Number of Scans Averaged by the Deck Unit = 1
* NMEA baud rate = 9600
** VESSEL/TRIP/SEQ STN:  79001082
** LATITUDE XX XX.XX N:  48 09.50 N
** LONGITUDE XX XX.XX W:  53 43.30 W
** SOUNDING DEPTH (M):  0187
** PROBE TYPE: S1257
** CTD NUMBER: 049
** COMMENTS (14 CHAR): SS-10
** BOTTLES:  0
** LEVELS:
** STICKERS:
** VNET: N
** DO2: N
# nquan = 22
# nvalues = 5622                        
# units = specified
# name 0 = scan: Scan Count
# name 1 = prDM: Pressure, Digiquartz [db]
# name 2 = t090C: Temperature [ITS-90, deg C]
# name 3 = t190C: Temperature, 2 [ITS-90, deg C]
# name 4 = c0S/m: Conductivity [S/m]
# name 5 = c1S/m: Conductivity, 2 [S/m]
# name 6 = sbeox0V: Oxygen raw, SBE 43 [V]
# name 7 = sbeox1V: Oxygen raw, SBE 43, 2 [V]
# name 8 = ph: pH
# name 9 = flECO-AFL: Fluorescence, WET Labs ECO-AFL/FL [mg/m^3]
# name 10 = wetCDOM: Fluorescence, WET Labs CDOM [mg/m^3]
# name 11 = par/sat/log: PAR/Logarithmic, Satlantic [umol photons/m^2/sec]
# name 12 = CStarAt0: Beam Attenuation, WET Labs C-Star [1/m]
# name 13 = CStarTr0: Beam Transmission, WET Labs C-Star [%]
# name 14 = sbeox0ML/L: Oxygen, SBE 43 [ml/l], WS = 2
# name 15 = sbeox1ML/L: Oxygen, SBE 43, 2 [ml/l], WS = 2
# name 16 = sal00: Salinity, Practical [PSU]
# name 17 = sal11: Salinity, Practical, 2 [PSU]
# name 18 = sigma-t00: Density [sigma-t, kg/m^3 ]
# name 19 = sigma-t11: Density, 2 [sigma-t, kg/m^3 ]
# name 20 = oxsatML/L: Oxygen Saturation, Weiss [ml/l]
# name 21 = flag: flag
# span 0 =        349,      18629       
# span 1 =      0.924,    176.474       
# span 2 =     0.2099,     3.5158       
# span 3 =     0.2084,     3.5159       
# span 4 =   2.762950,   2.932813       
# span 5 =   2.763213,   2.932937       
# span 6 =     2.4153,     2.7417       
# span 7 =     2.3835,     2.7051       
# span 8 =      8.050,      8.179       
# span 9 =     0.0215,     0.6564       
# span 10 =    -1.3918,     3.5826      
# span 11 = 1.0728e-01, 1.8675e+00      
# span 12 =     0.0843,     0.1984      
# span 13 =    95.1610,    97.9157      
# span 14 =     6.6947,     7.6585      
# span 15 =     7.4247,     7.9039      
# span 16 =    31.2428,    32.8576      
# span 17 =    31.2456,    32.8622      
# span 18 =    24.8502,    26.3666      
# span 19 =    24.8527,    26.3704      
# span 20 =    7.52407,    8.11980      
# span 21 = 0.0000e+00, 0.0000e+00      
# interval = scans: 3                   
# start_time = Dec 01 2019 20:00:49 [System UTC, header]
# bad_flag = -9.990e-29
*END*
[from data line 5400]
      17956      9.215     3.4915     3.4969   2.915161   2.907660     2.7262     2.6937      8.169     0.5197     3.1089 1.0790e-01     0.1725    95.7780     7.4158     7.8120    31.4590    31.3644    25.0172    24.9414    7.53100 0.0000e+00
      17959      9.177     3.4915     3.4971   2.915130   2.907720     2.7258     2.6941      8.169     0.5148     3.1089 1.0790e-01     0.1725    95.7780     7.4151     7.8115    31.4586    31.3649    25.0168    24.9418    7.53101 0.0000e+00
      17962      9.141     3.4919     3.4974   2.914477   2.907717     2.7262     2.6941      8.172     0.5197     3.1089 1.0777e-01     0.1725    95.7780     7.4183     7.8092    31.4505    31.3646    25.0104    24.9415    7.53135 0.0000e+00
      17965      9.109     3.4925     3.4977   2.913206   2.907755     2.7258     2.6937      8.169     0.5295     3.1089 1.0790e-01     0.1725    95.7780     7.4189     7.8068    31.4347    31.3648    24.9977    24.9416    7.53202 0.0000e+00
      17968      9.071     3.4939     3.4977   2.912454   2.907747     2.7258     2.6937      8.171     0.5734     3.1089 1.0790e-01     0.1725    95.7780     7.4200     7.8049    31.4245    31.3648    24.9895    24.9416    7.53228 0.0000e+00
      17971      9.035     3.4951     3.4979   2.911903   2.907782     2.7258     2.6928      8.171     0.5734     3.1089 1.0790e-01     0.1725    95.7780     7.4195     7.8001    31.4167    31.3650    24.9832    24.9418    7.53243 0.0000e+00
      17974      8.998     3.4958     3.4978   2.912465   2.907811     2.7258     2.6928      8.169     0.5783     3.1089 1.0790e-01     0.1725    95.7780     7.4167     7.7993    31.4228    31.3654    24.9880    24.9421    7.53200 0.0000e+00
      17977      8.962     3.4966     3.4979   2.911657   2.907855     2.7258     2.6928      8.171     0.5734     2.9904 1.0790e-01     0.1747    95.7259     7.4166     7.7981    31.4124    31.3659    24.9796    24.9425    7.53236 0.0000e+00
      17980      8.927     3.4973     3.4984   2.911083   2.907928     2.7250     2.6928      8.169     0.5783     2.9904 1.0790e-01     0.1747    95.7259     7.4142     7.7962    31.4050    31.3663    24.9736    24.9428    7.53262 0.0000e+00
      17983      8.891     3.4978     3.4984   2.911290   2.908012     2.7250     2.6932      8.169     0.5734     2.9904 1.0790e-01     0.1747    95.7259     7.4150     7.7959    31.4069    31.3673    24.9751    24.9435    7.53241 0.0000e+00
      17986      8.857     3.4976     3.4985   2.911176   2.908064     2.7258     2.6932      8.171     0.5783     2.9904 1.0790e-01     0.1747    95.7259     7.4159     7.7957    31.4058    31.3679    24.9742    24.9440    7.53251 0.0000e+00
      17989      8.819     3.4976     3.4983   2.910908   2.908124     2.7254     2.6928      8.169     0.5832     2.9904 1.0790e-01     0.1747    95.7259     7.4139     7.7940    31.4026    31.3687    24.9717    24.9447    7.53267 0.0000e+00
      17992      8.784     3.4978     3.4983   2.910821   2.908277     2.7250     2.6928      8.172     0.5881     2.9904 1.0790e-01     0.1747    95.7259     7.4112     7.7950    31.4014    31.3706    24.9707    24.9462    7.53269 0.0000e+00
      17995      8.747     3.4979     3.4984   2.911221   2.908298     2.7234     2.6928      8.171     0.6369     2.9904 1.0777e-01     0.1743    95.7346     7.4034     7.7936    31.4061    31.3708    24.9744    24.9464    7.53244 0.0000e+00
      17998      8.710     3.4981     3.4986   2.911025   2.908398     2.7246     2.6928      8.169     0.6369     2.9904 1.0790e-01     0.1736    95.7519     7.4040     7.7895    31.4036    31.3718    24.9724    24.9471    7.53253 0.0000e+00
      18001      8.674     3.4986     3.4987   2.910737   2.908465     2.7246     2.6924      8.171     0.6271     2.9904 1.0790e-01     0.1736    95.7519     7.4005     7.7845    31.3997    31.3725    24.9693    24.9477    7.53263 0.0000e+00
      18004      8.637     3.4989     3.4988   2.910355   2.908524     2.7242     2.6916      8.171     0.6320     2.9904 1.0777e-01     0.1736    95.7519     7.3961     7.7772    31.3948    31.3731    24.9654    24.9482    7.53282 0.0000e+00
      18007      8.601     3.4991     3.4987   2.910110   2.908893     2.7250     2.6916      8.169     0.6418     2.9904 1.0790e-01     0.1736    95.7519     7.3968     7.7759    31.3918    31.3776    24.9630    24.9518    7.53294 0.0000e+00
      18010      8.567     3.4992     3.4988   2.909990   2.909206     2.7230     2.6916      8.171     0.6418     2.9904 1.0790e-01     0.1736    95.7519     7.3890     7.7746    31.3903    31.3813    24.9618    24.9546    7.53299 0.0000e+00
      18013      8.529     3.4989     3.4990   2.910454   2.909395     2.7234     2.6916      8.171     0.6320     2.9904 1.0790e-01     0.1736    95.7519     7.3890     7.7727    31.3961    31.3833    24.9664    24.9563    7.53275 0.0000e+00
      18016      8.491     3.4983     3.4989   2.911775   2.909393     2.7226     2.6916      8.169     0.6271     2.9904 1.0790e-01     0.1736    95.7519     7.3833     7.7719    31.4124    31.3835    24.9795    24.9564    7.53205 0.0000e+00
      18019      8.456     3.4964     3.4988   2.911688   2.909567     2.7218     2.6908      8.172     0.6222     2.9904 1.0790e-01     0.1736    95.7519     7.3784     7.7693    31.4133    31.3856    24.9803    24.9581    7.53237 0.0000e+00
      18022      8.420     3.4959     3.4988   2.910917   2.909524     2.7201     2.6904      8.169     0.6076     2.9904 1.0790e-01     0.1736    95.7519     7.3695     7.7696    31.4045    31.3852    24.9734    24.9577    7.53289 0.0000e+00
      18025      8.382     3.4969     3.4989   2.910322   2.909490     2.7201     2.6900      8.171     0.6027     2.9904 1.0790e-01     0.1729    95.7693     7.3684     7.7710    31.3965    31.3847    24.9669    24.9574    7.53311 0.0000e+00
      18028      8.345     3.4975     3.4988   2.910244   2.909575     2.7197     2.6896      8.169     0.6027     2.9904 1.0790e-01     0.1732    95.7606     7.3669     7.7712    31.3950    31.3858    24.9657    24.9582    7.53306 0.0000e+00
      18031      8.308     3.4976     3.4988   2.910127   2.909484     2.7205     2.6904      8.169     0.6125     2.9904 1.0790e-01     0.1736    95.7519     7.3710     7.7756    31.3936    31.3847    24.9645    24.9574    7.53313 0.0000e+00
      18034      8.270     3.4978     3.4988   2.909841   2.909613     2.7197     2.6892      8.169     0.6125     2.9904 1.0790e-01     0.1736    95.7519     7.3689     7.7735    31.3900    31.3863    24.9616    24.9587    7.53326 0.0000e+00
      18037      8.235     3.4982     3.4987   2.909567   2.909608     2.7185     2.6892      8.169     0.6076     2.9904 1.0790e-01     0.1722    95.7867     7.3650     7.7763    31.3864    31.3863    24.9587    24.9587    7.53338 0.0000e+00
      18040      8.197     3.4984     3.4987   2.909405   2.909699     2.7173     2.6892      8.169     0.6027     2.9904 1.0777e-01     0.1715    95.8041     7.3615     7.7775    31.3843    31.3875    24.9571    24.9596    7.53345 0.0000e+00
      18043      8.160     3.4987     3.4988   2.909125   2.909736     2.7173     2.6892      8.174     0.6027     2.9904 1.0790e-01     0.1722    95.7867     7.3619     7.7796    31.3806    31.3878    24.9541    24.9598    7.53357 0.0000e+00
      18046      8.121     3.4987     3.4987   2.908871   2.909378     2.7165     2.6892      8.172     0.5881     2.9904 1.0790e-01     0.1715    95.8041     7.3583     7.7799    31.3776    31.3837    24.9517    24.9565    7.53371 0.0000e+00
      18049      8.083     3.4989     3.4986   2.908741   2.909129     2.7161     2.6892      8.171     0.5832     2.9904 1.0790e-01     0.1715    95.8041     7.3553     7.7810    31.3759    31.3808    24.9504    24.9543    7.53377 0.0000e+00
      18052      8.046     3.4990     3.4985   2.908670   2.908986     2.7165     2.6892      8.171     0.5832     2.9904 1.0790e-01     0.1715    95.8041     7.3545     7.7801    31.3750    31.3793    24.9496    24.9531    7.53380 0.0000e+00
      18055      8.009     3.4989     3.4984   2.908979   2.908860     2.7152     2.6892      8.169     0.5685     3.1089 1.0777e-01     0.1722    95.7867     7.3482     7.7801    31.3788    31.3778    24.9526    24.9519    7.53362 0.0000e+00
      18058      7.970     3.4985     3.4983   2.909360   2.908835     2.7148     2.6892      8.169     0.5783     3.1089 1.0777e-01     0.1725    95.7780     7.3466     7.7812    31.3838    31.3776    24.9567    24.9518    7.53345 0.0000e+00
      18061      7.932     3.4984     3.4984   2.908237   2.908887     2.7140     2.6888      8.171     0.5734     3.1089 1.0790e-01     0.1725    95.7780     7.3433     7.7790    31.3704    31.3782    24.9461    24.9522    7.53413 0.0000e+00
      18064      7.895     3.4983     3.4984   2.907886   2.908870     2.7132     2.6883      8.169     0.5832     3.1089 1.0790e-01     0.1725    95.7780     7.3392     7.7772    31.3664    31.3780    24.9429    24.9521    7.53436 0.0000e+00
      18067      7.857     3.4984     3.4984   2.907851   2.908788     2.7128     2.6879      8.171     0.5783     3.1089 1.0790e-01     0.1725    95.7780     7.3363     7.7760    31.3659    31.3771    24.9424    24.9513    7.53436 0.0000e+00
      18070      7.821     3.4984     3.4984   2.907771   2.908876     2.7120     2.6883      8.171     0.5685     3.1089 1.0790e-01     0.1725    95.7780     7.3315     7.7782    31.3650    31.3781    24.9417    24.9522    7.53440 0.0000e+00
      18073      7.782     3.4981     3.4983   2.907700   2.908915     2.7116     2.6879      8.169     0.5783     3.1089 1.0790e-01     0.1725    95.7780     7.3278     7.7785    31.3644    31.3787    24.9413    24.9526    7.53449 0.0000e+00
      18076      7.743     3.4981     3.4982   2.907502   2.908992     2.7103     2.6879      8.169     0.5832     3.1089 1.0790e-01     0.1725    95.7780     7.3217     7.7827    31.3621    31.3797    24.9394    24.9535    7.53461 0.0000e+00
      18079      7.703     3.4971     3.4984   2.906831   2.909026     2.7095     2.6879      8.169     0.5734     3.1089 1.0790e-01     0.1736    95.7519     7.3180     7.7876    31.3551    31.3799    24.9339    24.9536    7.53515 0.0000e+00
      18082      7.665     3.4957     3.4988   2.906444   2.909139     2.7087     2.6879      8.171     0.5734     3.1089 1.0790e-01     0.1736    95.7519     7.3134     7.7913    31.3518    31.3810    24.9315    24.9544    7.53557 0.0000e+00
      18085      7.624     3.4941     3.4991   2.906005   2.909515     2.7075     2.6879      8.171     0.5734     3.1089 1.0790e-01     0.1736    95.7519     7.3081     7.7962    31.3483    31.3852    24.9287    24.9577    7.53606 0.0000e+00
      18088      7.582     3.4923     3.5001   2.905446   2.910228     2.7075     2.6879      8.169     0.5832     3.1089 1.0790e-01     0.1736    95.7519     7.3062     7.7982    31.3433    31.3927    24.9250    24.9636    7.53665 0.0000e+00
      18091      7.541     3.4901     3.5008   2.904643   2.910395     2.7067     2.6879      8.169     0.5685     3.1089 1.0790e-01     0.1736    95.7519     7.3018     7.8002    31.3359    31.3940    24.9193    24.9646    7.53743 0.0000e+00
      18094      7.499     3.4874     3.5004   2.903966   2.910036     2.7051     2.6879      8.171     0.5832     3.1089 1.0790e-01     0.1736    95.7519     7.2949     7.8012    31.3305    31.3902    24.9152    24.9616    7.53822 0.0000e+00
      18097      7.458     3.4847     3.5003   2.903556   2.910500     2.7047     2.6883      8.171     0.5685     3.1089 1.0790e-01     0.1765    95.6824     7.2912     7.8040    31.3282    31.3958    24.9136    24.9661    7.53883 0.0000e+00
      18100      7.417     3.4830     3.5002   2.903388   2.910607     2.7030     2.6892      8.169     0.5636     3.1089 1.0790e-01     0.1795    95.6129     7.2822     7.8070    31.3279    31.3972    24.9135    24.9672    7.53917 0.0000e+00
      18103      7.377     3.4816     3.4992   2.903157   2.910821     2.7022     2.6892      8.171     0.5685     3.1089 1.0790e-01     0.1791    95.6216     7.2748     7.8065    31.3265    31.4007    24.9126    24.9701    7.53951 0.0000e+00
      18106      7.336     3.4804     3.4985   2.902989   2.911060     2.7010     2.6888      8.169     0.5636     3.1484 1.0777e-01     0.1795    95.6129     7.2661     7.8051    31.3257    31.4043    24.9120    24.9730    7.53978 0.0000e+00
      18109      7.293     3.4798     3.4973   2.902902   2.911234     2.7002     2.6892      8.169     0.5685     3.2273 1.0790e-01     0.1791    95.6216     7.2592     7.8072    31.3252    31.4075    24.9117    24.9757    7.53991 0.0000e+00
      18112      7.252     3.4789     3.4966   2.902635   2.911010     2.6986     2.6892      8.171     0.5685     3.2273 1.0790e-01     0.1791    95.6216     7.2504     7.8056    31.3229    31.4056    24.9100    24.9742    7.54019 0.0000e+00
      18115      7.213     3.4781     3.4963   2.902540   2.911780     2.6977     2.6892      8.169     0.5685     3.2273 1.0790e-01     0.1795    95.6129     7.2474     7.8042    31.3226    31.4150    24.9097    24.9817    7.54036 0.0000e+00
      18118      7.171     3.4779     3.4963   2.902656   2.912310     2.6961     2.6892      8.169     0.5685     3.2273 1.0790e-01     0.1795    95.6129     7.2408     7.8015    31.3242    31.4214    24.9110    24.9868    7.54032 0.0000e+00
      18121      7.129     3.4780     3.4969   2.902979   2.912207     2.6941     2.6892      8.169     0.5636     3.2273 1.0790e-01     0.1791    95.6216     7.2330     7.7980    31.3279    31.4196    24.9140    24.9853    7.54010 0.0000e+00
      18124      7.089     3.4787     3.4969   2.903123   2.912256     2.6929     2.6892      8.171     0.5685     3.2273 1.0790e-01     0.1791    95.6216     7.2284     7.7957    31.3290    31.4202    24.9148    24.9858    7.53992 0.0000e+00
      18127      7.047     3.4789     3.4977   2.903008   2.912201     2.6900     2.6892      8.169     0.5783     3.2273 1.0777e-01     0.1791    95.6216     7.2174     7.7949    31.3275    31.4188    24.9136    24.9846    7.53996 0.0000e+00
      18130      7.004     3.4791     3.4971   2.902976   2.912462     2.6892     2.6900      8.169     0.5734     3.2273 1.0765e-01     0.1791    95.6216     7.2123     7.7961    31.3269    31.4225    24.9131    24.9876    7.53996 0.0000e+00
      18133      6.963     3.4785     3.4971   2.902630   2.912247     2.6880     2.6896      8.169     0.5783     3.1089 1.0790e-01     0.1791    95.6216     7.2084     7.7913    31.3234    31.4200    24.9103    24.9856    7.54024 0.0000e+00
      18136      6.921     3.4779     3.4973   2.902340   2.911761     2.6867     2.6896      8.172     0.5685     3.1089 1.0790e-01     0.1795    95.6129     7.2051     7.7875    31.3205    31.4140    24.9082    24.9809    7.54050 0.0000e+00
      18139      6.879     3.4770     3.4974   2.902241   2.911752     2.6867     2.6900      8.169     0.5783     3.1089 1.0790e-01     0.1828    95.5347     7.2063     7.7854    31.3203    31.4138    24.9080    24.9807    7.54068 0.0000e+00
      18142      6.837     3.4766     3.4971   2.902188   2.911712     2.6847     2.6892      8.169     0.5783     3.1089 1.0790e-01     0.1835    95.5173     7.2001     7.7796    31.3200    31.4137    24.9079    24.9806    7.54077 0.0000e+00
      18145      6.797     3.4759     3.4966   2.901834   2.911499     2.6835     2.6892      8.172     0.5734     3.1089 1.0790e-01     0.1831    95.5260     7.1972     7.7761    31.3165    31.4116    24.9051    24.9790    7.54108 0.0000e+00
      18148      6.754     3.4745     3.4967   2.901270   2.911054     2.6819     2.6892      8.172     0.5783     3.1089 1.0790e-01     0.1835    95.5173     7.1910     7.7736    31.3112    31.4063    24.9010    24.9747    7.54161 0.0000e+00
