Datasets/AZMP/COO001/79001100.cnv
* Sea-Bird SBE 9 Data File:
* FileName = C:\CTDDATA\79001100.hex
* Software Version Seasave V 7.26.7.110
* Temperature SN = 5660
* Conductivity SN = 3698
* Number of Bytes Per Scan = 30
* Number of Voltage Words = 4
* Number of Scans Averaged by the Deck Unit = 1
* NMEA baud rate = 9600
** VESSEL/TRIP/SEQ STN:  79001100
** LATITUDE XX XX.XX N:  49 41.00 N
** LONGITUDE XX XX.XX W:  50 01.00 W
** SOUNDING DEPTH (M):  0613
** PROBE TYPE: S1257
** CTD NUMBER: 066
** COMMENTS (14 CHAR): BB-11
** BOTTLES:  23
** LEVELS: 5,5,5,5,10,20,20,20,20,30,40,50,50,50,75,100,100,100,100,150,250,500,BTM
** STICKERS: 435396 - 435418
** VNET: Y
** DO2: N
# nquan = 22
# nvalues = 17201                       
# units = specified
# name 0 = scan: Scan Count
# name 1 = prDM: Pressure, Digiquartz [db]
# name 2 = t090C: Temperature [ITS-90, deg C]
# name 3 = t190C: Temperature, 2 [ITS-90, deg C]
# name 4 = c0S/m: Conductivity [S/m]
# name 5 = c1S/m: Conductivity, 2 [S/m]
# name 6 = sbeox0V: Oxygen raw, SBE 43 [V]
# name 7 = sbeox1V: Oxygen raw, SBE 43, 2 [V]
# name 8 = ph: pH
# name 9 = flECO-AFL: Fluorescence, WET Labs ECO-AFL/FL [mg/m^3]
# name 10 = wetCDOM: Fluorescence, WET Labs CDOM [mg/m^3]
# name 11 = par/sat/log: PAR/Logarithmic, Satlantic [umol photons/m^2/sec]
# name 12 = CStarAt0: Beam Attenuation, WET Labs C-Star [1/m]
# name 13 = CStarTr0: Beam Transmission, WET Labs C-Star [%]
# name 14 = sbeox0ML/L: Oxygen, SBE 43 [ml/l], WS = 2
# name 15 = sbeox1ML/L: Oxygen, SBE 43, 2 [ml/l], WS = 2
# name 16 = sal00: Salinity, Practical [PSU]
# name 17 = sal11: Salinity, Practical, 2 [PSU]
# name 18 = sigma-t00: Density [sigma-t, kg/m^3 ]
# name 19 = sigma-t11: Density, 2 [sigma-t, kg/m^3 ]
# name 20 = oxsatML/L: Oxygen Saturation, Weiss [ml/l]
# name 21 = flag: flag
# span 0 =         20,     107852       
# span 1 =      1.741,    602.768       
# span 2 =     2.5884,     4.6371       
# span 3 =     2.5861,     4.6977       
# span 4 =   3.020257,   3.275095       
# span 5 =   3.020405,   3.275018       
# span 6 =     2.3843,     2.7583       
# span 7 =     2.3582,     2.7216       
# span 8 =      8.133,      8.213       
# span 9 =    -0.0176,     0.9055       
# span 10 =     0.7401,     1.6876      
# span 11 = 1.0777e-01, 1.6000e+02      
# span 12 =     0.0450,     0.1221      
# span 13 =    96.9946,    98.8803      
# span 14 =     6.4988,     7.6573      
# span 15 =     6.8201,     8.1021      
# span 16 =    33.6384,    34.8414      
# span 17 =    33.6476,    34.8411      
# span 18 =    26.7791,    27.6557      
# span 19 =    26.8291,    27.6582      
# span 20 =    7.18671,    7.59215      
# span 21 = 0.0000e+00, 0.0000e+00      
# interval = scans: 3                   
# start_time = Dec 03 2019 15:26:43 [System UTC, header]
# bad_flag = -9.990e-29
*END*
[from data line 330]
       1548     24.172     2.6284     2.6274   3.024888   3.025046     2.7155     2.7009      8.192     0.7590     1.4507 1.2293e+01     0.1192    97.0641     7.4903     7.9073    33.6512    33.6542    26.8406    26.8431    7.58428 0.0000e+00
       1551     24.233     2.6284     2.6272   3.024894   3.025042     2.7164     2.7009      8.192     0.7590     1.4507 1.2222e+01     0.1196    97.0554     7.4914     7.9085    33.6513    33.6543    26.8407    26.8432    7.58429 0.0000e+00
       1554     24.295     2.6285     2.6273   3.024908   3.025037     2.7168     2.7009      8.194     0.7590     1.4507 1.2180e+01     0.1189    97.0728     7.4938     7.9099    33.6513    33.6541    26.8406    26.8430    7.58426 0.0000e+00
       1557     24.360     2.6284     2.6274   3.024894   3.025050     2.7176     2.7009      8.195     0.7639     1.4507 1.2096e+01     0.1185    97.0815     7.4957     7.9124    33.6512    33.6542    26.8406    26.8431    7.58429 0.0000e+00
       1560     24.425     2.6284     2.6274   3.024910   3.025060     2.7164     2.7009      8.192     0.7687     1.3718 1.2040e+01     0.1185    97.0815     7.4913     7.9124    33.6514    33.6542    26.8407    26.8431    7.58428 0.0000e+00
       1563     24.489     2.6285     2.6275   3.024928   3.025064     2.7164     2.7009      8.192     0.7590     1.3323 1.1984e+01     0.1185    97.0815     7.4930     7.9113    33.6514    33.6542    26.8408    26.8430    7.58426 0.0000e+00
       1566     24.553     2.6286     2.6274   3.024938   3.025075     2.7180     2.7009      8.192     0.7346     1.3323 1.1929e+01     0.1185    97.0815     7.4991     7.9127    33.6514    33.6544    26.8408    26.8432    7.58424 0.0000e+00
       1569     24.616     2.6285     2.6274   3.024936   3.025074     2.7180     2.7009      8.194     0.7297     1.3323 1.1860e+01     0.1185    97.0815     7.4994     7.9144    33.6514    33.6543    26.8407    26.8432    7.58425 0.0000e+00
       1572     24.680     2.6285     2.6274   3.024948   3.025097     2.7176     2.7009      8.194     0.7346     1.3323 1.1805e+01     0.1189    97.0728     7.4982     7.9146    33.6516    33.6545    26.8409    26.8433    7.58424 0.0000e+00
       1575     24.747     2.6286     2.6275   3.024962   3.025105     2.7176     2.7009      8.194     0.7394     1.3323 1.1737e+01     0.1196    97.0554     7.4982     7.9148    33.6516    33.6545    26.8409    26.8434    7.58423 0.0000e+00
       1578     24.812     2.6287     2.6274   3.024960   3.025124     2.7196     2.7009      8.192     0.7297     1.3323 1.1670e+01     0.1196    97.0554     7.5049     7.9150    33.6515    33.6548    26.8408    26.8435    7.58422 0.0000e+00
       1581     24.875     2.6286     2.6274   3.024995   3.025122     2.7188     2.7009      8.194     0.7394     1.3323 1.1589e+01     0.1196    97.0554     7.5020     7.9152    33.6519    33.6547    26.8411    26.8435    7.58420 0.0000e+00
       1584     24.940     2.6287     2.6275   3.024988   3.025078     2.7192     2.7009      8.194     0.7443     1.3323 1.1496e+01     0.1196    97.0554     7.5059     7.9151    33.6518    33.6541    26.8410    26.8429    7.58421 0.0000e+00
       1587     25.005     2.6285     2.6275   3.024950   3.025084     2.7200     2.7005      8.194     0.7346     1.3323 1.1429e+01     0.1196    97.0554     7.5068     7.9130    33.6514    33.6541    26.8408    26.8430    7.58426 0.0000e+00
       1590     25.068     2.6287     2.6275   3.024946   3.025140     2.7196     2.7009      8.195     0.7346     1.3323 1.1364e+01     0.1196    97.0554     7.5043     7.9141    33.6512    33.6548    26.8405    26.8435    7.58424 0.0000e+00
       1593     25.130     2.6286     2.6275   3.024940   3.025123     2.7204     2.7009      8.192     0.7443     1.3323 1.1272e+01     0.1196    97.0554     7.5071     7.9142    33.6511    33.6545    26.8405    26.8433    7.58425 0.0000e+00
       1596     25.191     2.6286     2.6274   3.024938   3.025138     2.7208     2.7009      8.192     0.7443     1.3323 1.1181e+01     0.1189    97.0728     7.5081     7.9147    33.6511    33.6548    26.8405    26.8435    7.58426 0.0000e+00
       1599     25.249     2.6287     2.6275   3.024955   3.025163     2.7208     2.7009      8.194     0.7346     1.3323 1.1117e+01     0.1185    97.0815     7.5065     7.9153    33.6512    33.6550    26.8405    26.8437    7.58423 0.0000e+00
       1602     25.304     2.6286     2.6275   3.024944   3.025177     2.7204     2.7009      8.194     0.7297     1.3323 1.1040e+01     0.1185    97.0815     7.5042     7.9153    33.6511    33.6551    26.8405    26.8438    7.58425 0.0000e+00
       1605     25.357     2.6286     2.6276   3.024940   3.025162     2.7208     2.7009      8.194     0.7394     1.3323 1.0964e+01     0.1185    97.0815     7.5061     7.9147    33.6510    33.6548    26.8404    26.8435    7.58425 0.0000e+00
       1608     25.410     2.6286     2.6275   3.024954   3.025173     2.7225     2.7005      8.194     0.7346     1.3323 1.0913e+01     0.1189    97.0728     7.5107     7.9120    33.6511    33.6550    26.8405    26.8437    7.58425 0.0000e+00
       1611     25.463     2.6286     2.6277   3.024964   3.025175     2.7212     2.7009      8.192     0.7394     1.3323 1.0837e+01     0.1192    97.0641     7.5046     7.9140    33.6512    33.6548    26.8406    26.8435    7.58424 0.0000e+00
       1614     25.514     2.6288     2.6276   3.024981   3.025191     2.7220     2.7005      8.192     0.7394     1.3323 1.0800e+01     0.1196    97.0554     7.5072     7.9109    33.6512    33.6550    26.8406    26.8437    7.58421 0.0000e+00
       1617     25.561     2.6286     2.6277   3.024974   3.025172     2.7216     2.7009      8.194     0.7394     1.3323 1.0763e+01     0.1196    97.0554     7.5042     7.9127    33.6513    33.6547    26.8406    26.8434    7.58424 0.0000e+00
       1620     25.606     2.6286     2.6278   3.024972   3.025154     2.7225     2.7009      8.192     0.7346     1.3323 1.0700e+01     0.1196    97.0554     7.5060     7.9134    33.6512    33.6543    26.8406    26.8431    7.58424 0.0000e+00
       1623     25.650     2.6287     2.6276   3.025002   3.025150     2.7225     2.7009      8.192     0.7394     1.3323 1.0663e+01     0.1196    97.0554     7.5053     7.9127    33.6515    33.6544    26.8408    26.8432    7.58421 0.0000e+00
       1626     25.694     2.6287     2.6278   3.024985   3.025168     2.7229     2.7005      8.192     0.7394     1.3323 1.0639e+01     0.1196    97.0554     7.5059     7.9117    33.6513    33.6545    26.8406    26.8433    7.58422 0.0000e+00
       1629     25.738     2.6288     2.6276   3.024967   3.025178     2.7229     2.7005      8.194     0.7297     1.3323 1.0614e+01     0.1196    97.0554     7.5037     7.9109    33.6509    33.6547    26.8403    26.8435    7.58422 0.0000e+00
       1632     25.777     2.6288     2.6278   3.024985   3.025160     2.7229     2.7005      8.192     0.7443     1.3323 1.0577e+01     0.1196    97.0554     7.5044     7.9099    33.6511    33.6543    26.8405    26.8431    7.58421 0.0000e+00
       1635     25.816     2.6287     2.6277   3.024989   3.025168     2.7220     2.7009      8.195     0.7346     1.3323 1.0577e+01     0.1196    97.0554     7.5012     7.9100    33.6512    33.6545    26.8406    26.8433    7.58423 0.0000e+00
       1638     25.855     2.6288     2.6278   3.024963   3.025160     2.7233     2.7000      8.192     0.7394     1.3718 1.0577e+01     0.1199    97.0467     7.5033     7.9089    33.6508    33.6543    26.8403    26.8431    7.58423 0.0000e+00
       1641     25.897     2.6286     2.6278   3.024974   3.025195     2.7229     2.7009      8.192     0.7297     1.4507 1.0565e+01     0.1196    97.0554     7.5020     7.9133    33.6511    33.6546    26.8405    26.8434    7.58424 0.0000e+00
       1644     25.934     2.6288     2.6277   3.024987   3.025175     2.7229     2.7005      8.192     0.7443     1.4507 1.0541e+01     0.1196    97.0554     7.5007     7.9140    33.6510    33.6545    26.8404    26.8433    7.58422 0.0000e+00
       1647     25.974     2.6287     2.6279   3.024994   3.025171     2.7229     2.7005      8.192     0.7492     1.4507 1.0541e+01     0.1203    97.0380     7.5013     7.9162    33.6512    33.6542    26.8406    26.8430    7.58422 0.0000e+00
       1650     26.014     2.6286     2.6278   3.024946   3.025182     2.7233     2.7005      8.192     0.7590     1.4507 1.0541e+01     0.1196    97.0554     7.5044     7.9185    33.6507    33.6545    26.8402    26.8432    7.58427 0.0000e+00
       1653     26.051     2.6287     2.6276   3.024958   3.025197     2.7233     2.7000      8.194     0.7492     1.4507 1.0516e+01     0.1199    97.0467     7.5049     7.9178    33.6508    33.6548    26.8402    26.8435    7.58426 0.0000e+00
       1656     26.092     2.6287     2.6277   3.024974   3.025205     2.7241     2.6996      8.192     0.7541     1.4507 1.0541e+01     0.1181    97.0902     7.5073     7.9161    33.6509    33.6548    26.8404    26.8435    7.58425 0.0000e+00
       1659     26.135     2.6285     2.6277   3.024986   3.025175     2.7229     2.7005      8.192     0.7541     1.4507 1.0516e+01     0.1181    97.0902     7.5026     7.9206    33.6512    33.6544    26.8406    26.8432    7.58426 0.0000e+00
       1662     26.177     2.6286     2.6277   3.024974   3.025184     2.7229     2.7009      8.192     0.7492     1.4507 1.0504e+01     0.1181    97.0902     7.5032     7.9229    33.6510    33.6545    26.8404    26.8433    7.58426 0.0000e+00
       1665     26.217     2.6285     2.6276   3.024966   3.025178     2.7241     2.7009      8.194     0.7492     1.4507 1.0504e+01     0.1178    97.0988     7.5082     7.9228    33.6509    33.6545    26.8404    26.8433    7.58428 0.0000e+00
       1668     26.261     2.6284     2.6277   3.024968   3.025184     2.7229     2.7009      8.194     0.7394     1.4507 1.0468e+01     0.1185    97.0815     7.5055     7.9238    33.6510    33.6545    26.8405    26.8433    7.58429 0.0000e+00
       1671     26.308     2.6283     2.6278   3.024984   3.025186     2.7245     2.7009      8.194     0.7394     1.4507 1.0468e+01     0.1185    97.0815     7.5122     7.9223    33.6513    33.6544    26.8407    26.8432    7.58429 0.0000e+00
       1674     26.361     2.6284     2.6277   3.025008   3.025199     2.7249     2.7009      8.192     0.7297     1.4507 1.0444e+01     0.1185    97.0815     7.5130     7.9227    33.6515    33.6546    26.8408    26.8433    7.58427 0.0000e+00
       1677     26.413     2.6285     2.6276   3.025014   3.025178     2.7233     2.7009      8.192     0.7346     1.4507 1.0408e+01     0.1185    97.0815     7.5086     7.9214    33.6514    33.6544    26.8407    26.8432    7.58425 0.0000e+00
       1680     26.467     2.6285     2.6275   3.025026   3.025185     2.7237     2.7009      8.192     0.7394     1.4507 1.0360e+01     0.1189    97.0728     7.5117     7.9190    33.6515    33.6546    26.8408    26.8434    7.58424 0.0000e+00
       1683     26.525     2.6285     2.6275   3.025014   3.025187     2.7241     2.7009      8.192     0.7394     1.4507 1.0300e+01     0.1189    97.0728     7.5136     7.9137    33.6514    33.6546    26.8407    26.8434    7.58426 0.0000e+00
       1686     26.584     2.6285     2.6275   3.025051   3.025170     2.7253     2.7009      8.192     0.7346     1.4507 1.0252e+01     0.1185    97.0815     7.5174     7.9104    33.6518    33.6544    26.8411    26.8432    7.58424 0.0000e+00
       1689     26.648     2.6285     2.6274   3.025047   3.025166     2.7241     2.7009      8.194     0.7297     1.4507 1.0182e+01     0.1185    97.0815     7.5136     7.9080    33.6517    33.6543    26.8410    26.8432    7.58424 0.0000e+00
       1692     26.718     2.6286     2.6273   3.025042   3.025222     2.7261     2.7005      8.192     0.7346     1.4507 1.0099e+01     0.1192    97.0641     7.5213     7.9049    33.6515    33.6551    26.8408    26.8438    7.58423 0.0000e+00
       1695     26.790     2.6286     2.6274   3.025079   3.025253     2.7249     2.7009      8.194     0.7394     1.4507 1.0030e+01     0.1196    97.0554     7.5161     7.9081    33.6520    33.6553    26.8412    26.8439    7.58422 0.0000e+00
       1698     26.867     2.6287     2.6276   3.025074   3.025249     2.7249     2.7009      8.192     0.7443     1.4507 9.9258e+00     0.1206    97.0293     7.5186     7.9098    33.6517    33.6550    26.8410    26.8437    7.58421 0.0000e+00
       1701     26.950     2.6286     2.6277   3.025062   3.025257     2.7265     2.7005      8.192     0.7492     1.4507 9.8573e+00     0.1203    97.0380     7.5244     7.9084    33.6516    33.6550    26.8409    26.8437    7.58422 0.0000e+00
       1704     27.035     2.6286     2.6276   3.025076   3.025251     2.7253     2.7009      8.192     0.7590     1.4507 9.7552e+00     0.1206    97.0293     7.5188     7.9088    33.6518    33.6549    26.8410    26.8437    7.58423 0.0000e+00
       1707     27.122     2.6287     2.6276   3.025062   3.025279     2.7257     2.6996      8.192     0.7443     1.4507 9.6654e+00     0.1206    97.0293     7.5198     7.9034    33.6514    33.6552    26.8407    26.8439    7.58421 0.0000e+00
       1710     27.214     2.6288     2.6278   3.025090   3.025277     2.7261     2.6996      8.192     0.7492     1.4507 9.5653e+00     0.1203    97.0380     7.5200     7.9032    33.6516    33.6550    26.8409    26.8437    7.58419 0.0000e+00
       1713     27.312     2.6287     2.6275   3.025082   3.025270     2.7265     2.6996      8.192     0.7492     1.4507 9.4773e+00     0.1206    97.0293     7.5212     7.9039    33.6515    33.6552    26.8408    26.8438    7.58420 0.0000e+00
       1716     27.411     2.6287     2.6277   3.025086   3.025300     2.7269     2.7000      8.192     0.7541     1.4112 9.3468e+00     0.1189    97.0728     7.5204     7.9068    33.6516    33.6552    26.8409    26.8439    7.58421 0.0000e+00
       1719     27.513     2.6287     2.6277   3.025112   3.025316     2.7261     2.7009      8.192     0.7541     1.3323 9.2713e+00     0.1185    97.0815     7.5198     7.9097    33.6518    33.6554    26.8410    26.8440    7.58420 0.0000e+00
       1722     27.621     2.6288     2.6278   3.025130   3.025302     2.7277     2.7005      8.192     0.7297     1.3323 9.1754e+00     0.1185    97.0815     7.5250     7.9094    33.6519    33.6551    26.8411    26.8437    7.58418 0.0000e+00
       1725     27.727     2.6288     2.6278   3.025128   3.025318     2.7261     2.7000      8.192     0.7297     1.3323 9.0490e+00     0.1185    97.0815     7.5189     7.9097    33.6517    33.6552    26.8410    26.8438    7.58417 0.0000e+00
       1728     27.835     2.6289     2.6278   3.025148   3.025306     2.7273     2.6996      8.192     0.7443     1.3323 8.9968e+00     0.1185    97.0815     7.5249     7.9080    33.6518    33.6550    26.8411    26.8437    7.58415 0.0000e+00
       1731     27.945     2.6289     2.6276   3.025136   3.025310     2.7277     2.6996      8.192     0.7297     1.3323 8.9346e+00     0.1185    97.0815     7.5248     7.9061    33.6517    33.6551    26.8409    26.8438    7.58417 0.0000e+00
       1734     28.055     2.6289     2.6277   3.025138   3.025321     2.7269     2.6996      8.195     0.7297     1.3323 8.8626e+00     0.1185    97.0815     7.5230     7.9000    33.6516    33.6551    26.8409    26.8438    7.58417 0.0000e+00
       1737     28.165     2.6287     2.6278   3.025118   3.025308     2.7269     2.7000      8.192     0.7346     1.3323 8.8013e+00     0.1185    97.0815     7.5237     7.8951    33.6515    33.6548    26.8408    26.8435    7.58421 0.0000e+00
       1740     28.276     2.6288     2.6277   3.025140   3.025339     2.7269     2.6996      8.192     0.7394     1.3323 8.7506e+00     0.1185    97.0815     7.5246     7.8868    33.6516    33.6552    26.8409    26.8439    7.58418 0.0000e+00
