Datasets/AZMP/COO001/79001127.cnv
* Sea-Bird SBE 9 Data File:
* FileName = C:\CTDDATA\79001127.hex
* Software Version Seasave V 7.26.7.110
* Temperature SN = 5660
* Conductivity SN = 3698
* Number of Bytes Per Scan = 30
* Number of Voltage Words = 4
* Number of Scans Averaged by the Deck Unit = 1
* NMEA baud rate = 9600
** VESSEL/TRIP/SEQ STN:  79001127
** LATITUDE XX XX.XX N:  47 34.80 N
** LONGITUDE XX XX.XX W:  52 21.00 W
** SOUNDING DEPTH (M):  0172
** PROBE TYPE: S1257
** CTD NUMBER: 087
** COMMENTS (14 CHAR): S27-02
** BOTTLES:  0
** LEVELS:
** STICKERS:
** VNET: N
** DO2: N
# nquan = 22
# nvalues = 4782                        
# units = specified
# name 0 = scan: Scan Count
# name 1 = prDM: Pressure, Digiquartz [db]
# name 2 = t090C: Temperature [ITS-90, deg C]
# name 3 = t190C: Temperature, 2 [ITS-90, deg C]
# name 4 = c0S/m: Conductivity [S/m]
# name 5 = c1S/m: Conductivity, 2 [S/m]
# name 6 = sbeox0V: Oxygen raw, SBE 43 [V]
# name 7 = sbeox1V: Oxygen raw, SBE 43, 2 [V]
# name 8 = ph: pH
# name 9 = flECO-AFL: Fluorescence, WET Labs ECO-AFL/FL [mg/m^3]
# name 10 = wetCDOM: Fluorescence, WET Labs CDOM [mg/m^3]
# name 11 = par/sat/log: PAR/Logarithmic, Satlantic [umol photons/m^2/sec]
# name 12 = CStarAt0: Beam Attenuation, WET Labs C-Star [1/m]
# name 13 = CStarTr0: Beam Transmission, WET Labs C-Star [%]
# name 14 = sbeox0ML/L: Oxygen, SBE 43 [ml/l], WS = 2
# name 15 = sbeox1ML/L: Oxygen, SBE 43, 2 [ml/l], WS = 2
# name 16 = sal00: Salinity, Practical [PSU]
# name 17 = sal11: Salinity, Practical, 2 [PSU]
# name 18 = sigma-t00: Density [sigma-t, kg/m^3 ]
# name 19 = sigma-t11: Density, 2 [sigma-t, kg/m^3 ]
# name 20 = oxsatML/L: Oxygen Saturation, Weiss [ml/l]
# name 21 = flag: flag
# span 0 =          8,      18270       
# span 1 =      0.796,    163.191       
# span 2 =    -0.8009,     2.8874       
# span 3 =    -0.8078,     2.9088       
# span 4 =   2.676217,   2.896417       
# span 5 =   2.676121,   2.898657       
# span 6 =     2.3932,     2.7661       
# span 7 =     2.3675,     2.7387       
# span 8 =      8.035,      8.165       
# span 9 =     0.0117,     0.9495       
# span 10 =    -0.1679,     2.1614      
# span 11 = 1.0690e-01, 2.4221e+00      
# span 12 =     0.0556,     0.8465      
# span 13 =    80.9272,    98.6196      
# span 14 =     6.5806,     7.7562      
# span 15 =     7.4409,     8.1627      
# span 16 =    31.8242,    33.0844      
# span 17 =    31.8259,    33.0842      
# span 18 =    25.3601,    26.5823      
# span 19 =    25.3609,    26.5826      
# span 20 =    7.62746,    8.34667      
# span 21 = 0.0000e+00, 0.0000e+00      
# interval = scans: 3                   
# start_time = Dec 10 2019 01:15:54 [System UTC, header]
# bad_flag = -9.990e-29
*END*
[from data line 4083]
      15309     42.385     2.3262     2.4215   2.876609   2.879370     2.7368     2.7046      8.150     0.5002     1.9245 1.0790e-01     0.1024    97.4725     7.7039     8.1141    32.1269    32.0649    25.6463    25.5894    7.72130 0.0000e+00
      15312     42.354     2.3267     2.4212   2.876545   2.879372     2.7364     2.7046      8.150     0.5099     2.0034 1.0790e-01     0.0978    97.5855     7.7027     8.1142    32.1257    32.0652    25.6452    25.5897    7.72126 0.0000e+00
      15315     42.321     2.3256     2.4206   2.876471   2.879370     2.7380     2.7050      8.150     0.5050     2.0429 1.0790e-01     0.0931    97.6984     7.7070     8.1179    32.1259    32.0658    25.6455    25.5901    7.72147 0.0000e+00
      15318     42.286     2.3245     2.4204   2.876445   2.879347     2.7376     2.7054      8.150     0.5050     2.0429 1.0790e-01     0.0938    97.6811     7.7031     8.1187    32.1267    32.0658    25.6462    25.5902    7.72164 0.0000e+00
      15321     42.247     2.3239     2.4212   2.876458   2.879303     2.7372     2.7058      8.150     0.5099     2.0429 1.0777e-01     0.0935    97.6898     7.7010     8.1185    32.1275    32.0644    25.6469    25.5890    7.72172 0.0000e+00
      15324     42.205     2.3241     2.4278   2.876497   2.879198     2.7376     2.7062      8.150     0.5002     2.0429 1.0790e-01     0.0935    97.6898     7.7024     8.1183    32.1278    32.0565    25.6471    25.5822    7.72166 0.0000e+00
      15327     42.160     2.3244     2.4305   2.876494   2.879159     2.7372     2.7062      8.150     0.4953     2.0429 1.0790e-01     0.0935    97.6898     7.6998     8.1184    32.1275    32.0533    25.6468    25.5794    7.72162 0.0000e+00
      15330     42.112     2.3247     2.4317   2.876509   2.879144     2.7372     2.7062      8.150     0.4757     2.0429 1.0790e-01     0.0935    97.6898     7.7003     8.1187    32.1274    32.0520    25.6467    25.5783    7.72157 0.0000e+00
      15333     42.059     2.3247     2.4322   2.876485   2.879142     2.7368     2.7062      8.150     0.4708     2.0429 1.0790e-01     0.0989    97.5594     7.7008     8.1193    32.1271    32.0515    25.6465    25.5779    7.72159 0.0000e+00
      15336     42.003     2.3248     2.4324   2.876433   2.879087     2.7372     2.7070      8.150     0.4806     2.0034 1.0790e-01     0.0996    97.5420     7.7022     8.1213    32.1264    32.0507    25.6459    25.5772    7.72159 0.0000e+00
      15339     41.945     2.3251     2.4324   2.876462   2.879057     2.7359     2.7074      8.150     0.4855     1.8060 1.0790e-01     0.0999    97.5334     7.6985     8.1223    32.1265    32.0503    25.6460    25.5769    7.72154 0.0000e+00
      15342     41.884     2.3265     2.4317   2.876601   2.879060     2.7355     2.7074      8.151     0.4806     1.8060 1.0790e-01     0.0996    97.5420     7.6978     8.1235    32.1268    32.0511    25.6461    25.5775    7.72124 0.0000e+00
      15345     41.819     2.3304     2.4314   2.876755   2.879072     2.7368     2.7074      8.150     0.4855     1.8060 1.0790e-01     0.0996    97.5420     7.7033     8.1237    32.1248    32.0515    25.6443    25.5779    7.72058 0.0000e+00
      15348     41.750     2.3337     2.4315   2.876809   2.879124     2.7364     2.7074      8.150     0.4757     1.8060 1.0790e-01     0.0996    97.5420     7.7032     8.1246    32.1222    32.0522    25.6419    25.5784    7.72006 0.0000e+00
      15351     41.677     2.3364     2.4313   2.876913   2.879132     2.7364     2.7087      8.150     0.4757     1.8060 1.0790e-01     0.0996    97.5420     7.7056     8.1320    32.1208    32.0525    25.6405    25.5787    7.71960 0.0000e+00
      15354     41.607     2.3386     2.4294   2.876891   2.879101     2.7376     2.7087      8.150     0.4464     1.8060 1.0790e-01     0.1017    97.4899     7.7112     8.1336    32.1183    32.0541    25.6384    25.5801    7.71929 0.0000e+00
      15357     41.531     2.3377     2.4277   2.876806   2.879110     2.7376     2.7091      8.150     0.4269     1.8060 1.0790e-01     0.1013    97.4986     7.7128     8.1335    32.1182    32.0559    25.6384    25.5817    7.71948 0.0000e+00
      15360     41.454     2.3376     2.4269   2.876911   2.879092     2.7376     2.7087      8.153     0.4269     1.8060 1.0790e-01     0.1013    97.4986     7.7148     8.1300    32.1196    32.0565    25.6395    25.5823    7.71942 0.0000e+00
      15363     41.374     2.3382     2.4260   2.876904   2.879100     2.7372     2.7095      8.150     0.4415     1.8455 1.0790e-01     0.1017    97.4899     7.7156     8.1317    32.1190    32.0576    25.6390    25.5832    7.71934 0.0000e+00
      15366     41.294     2.3391     2.4247   2.876932   2.879106     2.7368     2.7099      8.150     0.4269     1.9245 1.0790e-01     0.1013    97.4986     7.7136     8.1319    32.1185    32.0590    25.6386    25.5844    7.71920 0.0000e+00
      15369     41.211     2.3408     2.4242   2.876961   2.879097     2.7380     2.7099      8.150     0.4269     1.9245 1.0790e-01     0.1013    97.4986     7.7161     8.1292    32.1172    32.0595    25.6374    25.5848    7.71893 0.0000e+00
      15372     41.127     2.3405     2.4249   2.876815   2.879097     2.7380     2.7103      8.151     0.4366     1.9245 1.0790e-01     0.1027    97.4638     7.7163     8.1263    32.1158    32.0589    25.6362    25.5843    7.71907 0.0000e+00
      15375     41.042     2.3390     2.4235   2.876771   2.879059     2.7384     2.7111      8.150     0.4269     1.9245 1.0790e-01     0.1052    97.4030     7.7162     8.1253    32.1168    32.0598    25.6372    25.5851    7.71930 0.0000e+00
      15378     40.958     2.3382     2.4176   2.876790   2.878899     2.7380     2.7111      8.151     0.4317     1.9245 1.0790e-01     0.1052    97.4030     7.7151     8.1237    32.1178    32.0638    25.6381    25.5888    7.71940 0.0000e+00
      15381     40.875     2.3382     2.4054   2.876854   2.878677     2.7380     2.7107      8.151     0.4464     1.9245 1.0790e-01     0.1056    97.3943     7.7164     8.1202    32.1187    32.0734    25.6388    25.5974    7.71936 0.0000e+00
      15384     40.795     2.3392     2.3905   2.876956   2.878421     2.7392     2.7107      8.150     0.4464     1.9245 1.0790e-01     0.1052    97.4030     7.7200     8.1196    32.1189    32.0852    25.6389    25.6080    7.71915 0.0000e+00
      15387     40.714     2.3416     2.3854   2.877078   2.878398     2.7392     2.7111      8.151     0.4513     1.9245 1.0790e-01     0.1049    97.4117     7.7203     8.1169    32.1180    32.0902    25.6380    25.6123    7.71872 0.0000e+00
      15390     40.632     2.3452     2.3887   2.877078   2.878503     2.7392     2.7111      8.151     0.4464     1.9245 1.0790e-01     0.1056    97.3943     7.7178     8.1132    32.1145    32.0882    25.6348    25.6105    7.71820 0.0000e+00
      15393     40.552     2.3464     2.3920   2.877177   2.878487     2.7388     2.7111      8.151     0.4464     1.9245 1.0790e-01     0.1028    97.4638     7.7138     8.1092    32.1145    32.0847    25.6348    25.6075    7.71795 0.0000e+00
      15396     40.471     2.3520     2.3886   2.877533   2.878290     2.7388     2.7111      8.151     0.4513     1.9245 1.0790e-01     0.1003    97.5247     7.7122     8.1053    32.1133    32.0857    25.6334    25.6085    7.71692 0.0000e+00
      15399     40.393     2.3619     2.3905   2.877861   2.878374     2.7396     2.7111      8.153     0.4562     1.9245 1.0790e-01     0.1003    97.5247     7.7123     8.1032    32.1074    32.0850    25.6279    25.6078    7.71528 0.0000e+00
      15402     40.314     2.3712     2.4048   2.877962   2.878565     2.7396     2.7111      8.152     0.4513     1.9245 1.0790e-01     0.1006    97.5160     7.7103     8.1003    32.0994    32.0729    25.6208    25.5971    7.71387 0.0000e+00
      15405     40.236     2.3759     2.4207   2.877985   2.878680     2.7400     2.7107      8.152     0.4513     1.9245 1.0790e-01     0.1003    97.5247     7.7102     8.0947    32.0949    32.0584    25.6169    25.5842    7.71317 0.0000e+00
      15408     40.159     2.3840     2.4299   2.878253   2.878729     2.7396     2.7111      8.154     0.4659     1.9245 1.0790e-01     0.1003    97.5247     7.7073     8.0955    32.0901    32.0498    25.6124    25.5766    7.71182 0.0000e+00
      15411     40.083     2.3935     2.4345   2.878414   2.878768     2.7400     2.7107      8.151     0.4659     1.9245 1.0790e-01     0.1006    97.5160     7.7070     8.0934    32.0825    32.0456    25.6056    25.5729    7.71035 0.0000e+00
      15414     40.006     2.4018     2.4368   2.878529   2.878790     2.7396     2.7111      8.154     0.4562     1.9245 1.0790e-01     0.1028    97.4638     7.7042     8.0958    32.0756    32.0437    25.5994    25.5712    7.70907 0.0000e+00
      15417     39.932     2.4117     2.4385   2.878590   2.878791     2.7392     2.7103      8.154     0.4659     1.9245 1.0790e-01     0.1024    97.4725     7.7016     8.0938    32.0665    32.0420    25.5913    25.5698    7.70761 0.0000e+00
      15420     39.857     2.4191     2.4392   2.878642   2.878805     2.7404     2.7107      8.152     0.4562     1.9245 1.0790e-01     0.1024    97.4725     7.7051     8.0968    32.0597    32.0415    25.5854    25.5693    7.70650 0.0000e+00
      15423     39.783     2.4248     2.4383   2.878676   2.878783     2.7396     2.7103      8.152     0.4659     1.9245 1.0790e-01     0.1028    97.4638     7.7011     8.0978    32.0545    32.0422    25.5808    25.5699    7.70567 0.0000e+00
      15426     39.707     2.4286     2.4381   2.878691   2.878768     2.7404     2.7107      8.152     0.4562     1.9245 1.0790e-01     0.1024    97.4725     7.7045     8.1034    32.0508    32.0423    25.5776    25.5700    7.70509 0.0000e+00
      15429     39.631     2.4304     2.4386   2.878713   2.878700     2.7408     2.7107      8.154     0.4708     1.9245 1.0790e-01     0.1031    97.4551     7.7052     8.1066    32.0493    32.0410    25.5762    25.5689    7.70482 0.0000e+00
      15432     39.554     2.4305     2.4395   2.878706   2.878672     2.7404     2.7111      8.154     0.4953     1.9245 1.0790e-01     0.1035    97.4464     7.7040     8.1110    32.0492    32.0397    25.5761    25.5679    7.70481 0.0000e+00
      15435     39.473     2.4298     2.4411   2.878716   2.878658     2.7404     2.7111      8.152     0.5246     1.9245 1.0790e-01     0.1063    97.3769     7.7032     8.1138    32.0501    32.0380    25.5769    25.5663    7.70491 0.0000e+00
      15438     39.394     2.4288     2.4418   2.878693   2.878639     2.7404     2.7111      8.154     0.5197     1.9245 1.0790e-01     0.1063    97.3769     7.7028     8.1154    32.0509    32.0371    25.5776    25.5656    7.70506 0.0000e+00
      15441     39.313     2.4277     2.4432   2.878676   2.878629     2.7413     2.7111      8.154     0.5197     1.9245 1.0790e-01     0.1063    97.3769     7.7051     8.1194    32.0517    32.0357    25.5784    25.5643    7.70522 0.0000e+00
      15444     39.234     2.4285     2.4434   2.878643   2.878614     2.7417     2.7115      8.154     0.5197     1.9245 1.0790e-01     0.1067    97.3682     7.7050     8.1204    32.0506    32.0353    25.5774    25.5640    7.70513 0.0000e+00
      15447     39.151     2.4308     2.4435   2.878657   2.878603     2.7413     2.7115      8.154     0.5197     1.9245 1.0790e-01     0.1067    97.3682     7.7022     8.1209    32.0485    32.0351    25.5755    25.5638    7.70479 0.0000e+00
      15450     39.070     2.4321     2.4442   2.878660   2.878618     2.7417     2.7123      8.154     0.5295     1.9245 1.0790e-01     0.1067    97.3682     7.7008     8.1243    32.0473    32.0346    25.5744    25.5634    7.70459 0.0000e+00
      15453     38.986     2.4321     2.4444   2.878667   2.878591     2.7408     2.7123      8.154     0.5197     1.9245 1.0790e-01     0.1063    97.3769     7.6970     8.1239    32.0475    32.0341    25.5746    25.5630    7.70459 0.0000e+00
      15456     38.903     2.4321     2.4448   2.878636   2.878603     2.7413     2.7123      8.154     0.5197     1.9245 1.0790e-01     0.1056    97.3943     7.6979     8.1239    32.0471    32.0340    25.5743    25.5628    7.70461 0.0000e+00
      15459     38.818     2.4323     2.4449   2.878635   2.878596     2.7408     2.7123      8.154     0.5246     1.9245 1.0790e-01     0.1052    97.4030     7.6957     8.1235    32.0469    32.0337    25.5742    25.5626    7.70458 0.0000e+00
      15462     38.732     2.4340     2.4454   2.878569   2.878614     2.7413     2.7127      8.154     0.5197     1.9245 1.0802e-01     0.1049    97.4117     7.6957     8.1236    32.0444    32.0335    25.5720    25.5624    7.70437 0.0000e+00
      15465     38.649     2.4360     2.4456   2.878569   2.878618     2.7417     2.7131      8.154     0.5295     1.9245 1.0790e-01     0.1056    97.3943     7.6949     8.1228    32.0425    32.0335    25.5704    25.5624    7.70409 0.0000e+00
      15468     38.563     2.4374     2.4459   2.878559   2.878595     2.7408     2.7127      8.154     0.5246     1.9245 1.0815e-01     0.1056    97.3943     7.6908     8.1187    32.0410    32.0329    25.5690    25.5620    7.70388 0.0000e+00
      15471     38.480     2.4384     2.4461   2.878532   2.878526     2.7413     2.7131      8.154     0.5197     1.9245 1.0790e-01     0.1052    97.4030     7.6935     8.1195    32.0397    32.0319    25.5679    25.5611    7.70375 0.0000e+00
      15474     38.397     2.4392     2.4461   2.878507   2.878518     2.7408     2.7135      8.154     0.5246     1.9245 1.0815e-01     0.1063    97.3769     7.6932     8.1206    32.0387    32.0318    25.5670    25.5610    7.70366 0.0000e+00
      15477     38.316     2.4394     2.4463   2.878540   2.878528     2.7413     2.7135      8.154     0.5197     1.9245 1.0790e-01     0.1067    97.3682     7.6967     8.1189    32.0389    32.0318    25.5672    25.5609    7.70360 0.0000e+00
      15480     38.234     2.4395     2.4464   2.878519   2.878509     2.7408     2.7135      8.154     0.5197     1.9245 1.0790e-01     0.1067    97.3682     7.6951     8.1164    32.0386    32.0316    25.5669    25.5608    7.70360 0.0000e+00
      15483     38.153     2.4392     2.4464   2.878509   2.878501     2.7417     2.7135      8.154     0.5295     1.9245 1.0815e-01     0.1067    97.3682     7.6990     8.1134    32.0388    32.0315    25.5671    25.5607    7.70364 0.0000e+00
      15486     38.072     2.4393     2.4468   2.878488   2.878488     2.7408     2.7135      8.154     0.5783     1.9245 1.0790e-01     0.1067    97.3682     7.6967     8.1100    32.0385    32.0309    25.5669    25.5603    7.70364 0.0000e+00
      15489     37.992     2.4389     2.4470   2.878452   2.878473     2.7404     2.7135      8.154     0.5783     1.9245 1.0802e-01     0.1067    97.3682     7.6963     8.1087    32.0385    32.0306    25.5669    25.5600    7.70372 0.0000e+00
      15492     37.915     2.4386     2.4474   2.878390   2.878491     2.7408     2.7139      8.154     0.5832     1.9245 1.0815e-01     0.1067    97.3682     7.6999     8.1083    32.0381    32.0304    25.5666    25.5598    7.70381 0.0000e+00
      15495     37.841     2.4385     2.4478   2.878386   2.878478     2.7417     2.7139      8.154     0.5783     1.8060 1.0802e-01     0.1078    97.3422     7.7035     8.1081    32.0382    32.0300    25.5667    25.5594    7.70382 0.0000e+00
      15498     37.768     2.4394     2.4478   2.878383   2.878483     2.7417     2.7144      8.154     0.5685     1.8060 1.0802e-01     0.1078    97.3422     7.7026     8.1085    32.0372    32.0301    25.5659    25.5595    7.70368 0.0000e+00
      15501     37.695     2.4402     2.4494   2.878409   2.878504     2.7425     2.7135      8.152     0.5783     1.8060 1.0790e-01     0.1078    97.3422     7.7047     8.1044    32.0368    32.0288    25.5655    25.5584    7.70356 0.0000e+00
