Datasets/AZMP/COO001/79001086.cnv
* Sea-Bird SBE 9 Data File:
* FileName = C:\CTDDATA\79001086.hex
* Software Version Seasave V 7.26.7.110
* Temperature SN = 5660
* Conductivity SN = 3698
* Number of Bytes Per Scan = 30
* Number of Voltage Words = 4
* Number of Scans Averaged by the Deck Unit = 1
* NMEA baud rate = 9600
** VESSEL/TRIP/SEQ STN:  79001086
** LATITUDE XX XX.XX N:  48 09.93 N
** LONGITUDE XX XX.XX W:  53 44.09 W
** SOUNDING DEPTH (M):  0213
** PROBE TYPE: S1257
** CTD NUMBER: 053
** COMMENTS (14 CHAR): SS-11
** BOTTLES:  0
** LEVELS:
** STICKERS:
** VNET: N
** DO2: N
# nquan = 22
# nvalues = 6404                        
# units = specified
# name 0 = scan: Scan Count
# name 1 = prDM: Pressure, Digiquartz [db]
# name 2 = t090C: Temperature [ITS-90, deg C]
# name 3 = t190C: Temperature, 2 [ITS-90, deg C]
# name 4 = c0S/m: Conductivity [S/m]
# name 5 = c1S/m: Conductivity, 2 [S/m]
# name 6 = sbeox0V: Oxygen raw, SBE 43 [V]
# name 7 = sbeox1V: Oxygen raw, SBE 43, 2 [V]
# name 8 = ph: pH
# name 9 = flECO-AFL: Fluorescence, WET Labs ECO-AFL/FL [mg/m^3]
# name 10 = wetCDOM: Fluorescence, WET Labs CDOM [mg/m^3]
# name 11 = par/sat/log: PAR/Logarithmic, Satlantic [umol photons/m^2/sec]
# name 12 = CStarAt0: Beam Attenuation, WET Labs C-Star [1/m]
# name 13 = CStarTr0: Beam Transmission, WET Labs C-Star [%]
# name 14 = sbeox0ML/L: Oxygen, SBE 43 [ml/l], WS = 2
# name 15 = sbeox1ML/L: Oxygen, SBE 43, 2 [ml/l], WS = 2
# name 16 = sal00: Salinity, Practical [PSU]
# name 17 = sal11: Salinity, Practical, 2 [PSU]
# name 18 = sigma-t00: Density [sigma-t, kg/m^3 ]
# name 19 = sigma-t11: Density, 2 [sigma-t, kg/m^3 ]
# name 20 = oxsatML/L: Oxygen Saturation, Weiss [ml/l]
# name 21 = flag: flag
# span 0 =        391,      22014       
# span 1 =      2.051,    200.202       
# span 2 =     0.0965,     3.5383       
# span 3 =     0.0951,     3.5440       
# span 4 =   2.750269,   2.935955       
# span 5 =   2.765191,   2.936118       
# span 6 =     2.3599,     2.7386       
# span 7 =     2.3359,     2.7064       
# span 8 =      8.013,      8.179       
# span 9 =     0.0215,     0.6808       
# span 10 =    -0.7601,     3.9379      
# span 11 = 1.0678e-01, 8.5344e-01      
# span 12 =     0.0857,     0.2714      
# span 13 =    93.4405,    97.8809      
# span 14 =     6.7013,     7.5664      
# span 15 =     7.2709,     7.9103      
# span 16 =    31.1331,    32.9796      
# span 17 =    31.1350,    32.9830      
# span 18 =    24.7656,    26.4707      
# span 19 =    24.7669,    26.4735      
# span 20 =    7.52443,    8.13592      
# span 21 = 0.0000e+00, 0.0000e+00      
# interval = scans: 3                   
# start_time = Dec 01 2019 23:24:27 [System UTC, header]
# bad_flag = -9.990e-29
*END*
[from data line 5795]
      20191     37.828     3.3718     3.3816   2.927087   2.927097     2.7325     2.7060      8.174     0.3731     2.1219 1.0790e-01     0.1120    97.2379     7.4838     7.8915    31.7032    31.6937    25.2222    25.2138    7.54130 0.0000e+00
      20194     37.765     3.3724     3.3815   2.927033   2.927077     2.7317     2.7056      8.174     0.3683     2.1614 1.0790e-01     0.1120    97.2379     7.4817     7.8893    31.7020    31.6936    25.2212    25.2137    7.54123 0.0000e+00
      20197     37.704     3.3728     3.3815   2.927031   2.927071     2.7321     2.7052      8.174     0.3780     2.1614 1.0790e-01     0.1120    97.2379     7.4835     7.8872    31.7016    31.6935    25.2208    25.2137    7.54118 0.0000e+00
      20200     37.641     3.3727     3.3814   2.927040   2.927068     2.7313     2.7052      8.176     0.3683     2.1614 1.0790e-01     0.1124    97.2292     7.4797     7.8868    31.7018    31.6936    25.2210    25.2138    7.54119 0.0000e+00
      20203     37.579     3.3736     3.3814   2.926990   2.927054     2.7305     2.7052      8.176     0.3683     2.1614 1.0790e-01     0.1127    97.2205     7.4763     7.8869    31.7004    31.6935    25.2198    25.2137    7.54109 0.0000e+00
      20206     37.516     3.3745     3.3814   2.926961   2.927051     2.7329     2.7052      8.174     0.3780     2.1614 1.0790e-01     0.1120    97.2379     7.4853     7.8852    31.6992    31.6935    25.2188    25.2136    7.54099 0.0000e+00
      20209     37.452     3.3754     3.3814   2.926946   2.927028     2.7321     2.7052      8.174     0.3731     2.1614 1.0790e-01     0.1120    97.2379     7.4836     7.8826    31.6981    31.6932    25.2179    25.2135    7.54086 0.0000e+00
      20212     37.389     3.3757     3.3813   2.926960   2.927038     2.7321     2.7052      8.174     0.3683     2.1614 1.0790e-01     0.1120    97.2379     7.4837     7.8803    31.6980    31.6935    25.2178    25.2137    7.54081 0.0000e+00
      20215     37.325     3.3757     3.3812   2.926959   2.927033     2.7321     2.7052      8.174     0.3829     2.1614 1.0790e-01     0.1124    97.2292     7.4856     7.8795    31.6981    31.6935    25.2178    25.2137    7.54081 0.0000e+00
      20218     37.261     3.3758     3.3814   2.926942   2.927027     2.7321     2.7052      8.174     0.3683     2.2798 1.0790e-01     0.1138    97.1944     7.4852     7.8791    31.6978    31.6934    25.2176    25.2136    7.54081 0.0000e+00
      20221     37.196     3.3765     3.3814   2.926908   2.927019     2.7317     2.7052      8.174     0.3683     2.2798 1.0790e-01     0.1163    97.1336     7.4840     7.8778    31.6967    31.6933    25.2167    25.2135    7.54072 0.0000e+00
      20224     37.135     3.3769     3.3813   2.926946   2.927016     2.7309     2.7052      8.176     0.3731     2.2798 1.0790e-01     0.1163    97.1336     7.4827     7.8765    31.6969    31.6934    25.2167    25.2136    7.54065 0.0000e+00
      20227     37.073     3.3766     3.3812   2.926922   2.927004     2.7313     2.7052      8.174     0.3731     2.2798 1.0790e-01     0.1163    97.1336     7.4828     7.8756    31.6969    31.6934    25.2168    25.2136    7.54071 0.0000e+00
      20230     37.010     3.3763     3.3812   2.926952   2.927007     2.7325     2.7048      8.174     0.3780     2.2798 1.0790e-01     0.1163    97.1336     7.4852     7.8716    31.6976    31.6934    25.2174    25.2136    7.54073 0.0000e+00
      20233     36.947     3.3760     3.3812   2.926927   2.927001     2.7321     2.7040      8.174     0.3976     2.2798 1.0790e-01     0.1163    97.1336     7.4841     7.8657    31.6976    31.6934    25.2174    25.2136    7.54078 0.0000e+00
      20236     36.883     3.3754     3.3811   2.926932   2.926992     2.7329     2.7044      8.176     0.3927     2.2798 1.0790e-01     0.1163    97.1336     7.4870     7.8661    31.6982    31.6934    25.2180    25.2136    7.54085 0.0000e+00
      20239     36.819     3.3750     3.3811   2.926915   2.926986     2.7317     2.7040      8.174     0.3878     2.2798 1.0790e-01     0.1167    97.1249     7.4819     7.8643    31.6984    31.6933    25.2182    25.2136    7.54092 0.0000e+00
      20242     36.757     3.3749     3.3810   2.926911   2.926974     2.7317     2.7040      8.174     0.3780     2.2403 1.0790e-01     0.1174    97.1075     7.4819     7.8636    31.6986    31.6933    25.2183    25.2135    7.54094 0.0000e+00
      20245     36.694     3.3747     3.3810   2.926918   2.926929     2.7321     2.7040      8.176     0.3927     2.1614 1.0790e-01     0.1170    97.1162     7.4839     7.8637    31.6989    31.6929    25.2185    25.2132    7.54096 0.0000e+00
      20248     36.632     3.3743     3.3806   2.926906   2.926924     2.7329     2.7040      8.174     0.3927     2.1614 1.0790e-01     0.1174    97.1075     7.4859     7.8646    31.6992    31.6932    25.2188    25.2135    7.54102 0.0000e+00
      20251     36.569     3.3743     3.3806   2.926880   2.926908     2.7321     2.7040      8.174     0.3927     2.1614 1.0790e-01     0.1174    97.1075     7.4830     7.8664    31.6989    31.6931    25.2186    25.2134    7.54104 0.0000e+00
      20254     36.506     3.3743     3.3804   2.926870   2.926911     2.7317     2.7028      8.174     0.3878     2.1614 1.0790e-01     0.1174    97.1075     7.4818     7.8639    31.6989    31.6933    25.2185    25.2136    7.54104 0.0000e+00
      20257     36.445     3.3743     3.3805   2.926877   2.926886     2.7317     2.7028      8.174     0.4122     2.1614 1.0790e-01     0.1174    97.1075     7.4833     7.8656    31.6989    31.6930    25.2186    25.2133    7.54103 0.0000e+00
      20260     36.384     3.3748     3.3804   2.926887   2.926883     2.7317     2.7036      8.174     0.4220     2.1614 1.0790e-01     0.1156    97.1510     7.4833     7.8707    31.6986    31.6931    25.2183    25.2134    7.54095 0.0000e+00
      20263     36.321     3.3753     3.3802   2.926853   2.926858     2.7309     2.7028      8.174     0.4171     2.1614 1.0790e-01     0.1153    97.1597     7.4828     7.8701    31.6977    31.6930    25.2175    25.2133    7.54090 0.0000e+00
      20266     36.259     3.3759     3.3800   2.926859   2.926841     2.7321     2.7028      8.174     0.4220     2.1614 1.0790e-01     0.1153    97.1597     7.4862     7.8712    31.6973    31.6930    25.2171    25.2134    7.54081 0.0000e+00
      20269     36.195     3.3763     3.3798   2.926852   2.926821     2.7321     2.7028      8.174     0.4171     2.1219 1.0790e-01     0.1149    97.1684     7.4856     7.8727    31.6968    31.6930    25.2167    25.2134    7.54076 0.0000e+00
      20272     36.134     3.3765     3.3797   2.926827   2.926818     2.7321     2.7028      8.174     0.4171     2.0429 1.0790e-01     0.1153    97.1597     7.4868     7.8750    31.6963    31.6931    25.2163    25.2135    7.54074 0.0000e+00
      20275     36.072     3.3767     3.3799   2.926818   2.926822     2.7333     2.7028      8.174     0.4171     2.0429 1.0790e-01     0.1153    97.1597     7.4912     7.8790    31.6960    31.6930    25.2161    25.2134    7.54072 0.0000e+00
      20278     36.006     3.3771     3.3799   2.926799   2.926818     2.7325     2.7028      8.174     0.4171     2.0429 1.0790e-01     0.1146    97.1771     7.4894     7.8830    31.6955    31.6930    25.2156    25.2134    7.54068 0.0000e+00
      20281     35.940     3.3771     3.3797   2.926812   2.926800     2.7325     2.7028      8.176     0.4122     2.0429 1.0790e-01     0.1127    97.2205     7.4885     7.8821    31.6956    31.6930    25.2157    25.2134    7.54066 0.0000e+00
      20284     35.878     3.3772     3.3797   2.926790   2.926795     2.7321     2.7036      8.176     0.4366     2.0429 1.0790e-01     0.1127    97.2205     7.4875     7.8844    31.6953    31.6929    25.2155    25.2133    7.54067 0.0000e+00
      20287     35.814     3.3770     3.3795   2.926752   2.926765     2.7333     2.7028      8.176     0.4415     2.0429 1.0790e-01     0.1124    97.2292     7.4907     7.8852    31.6951    31.6928    25.2153    25.2133    7.54072 0.0000e+00
      20290     35.753     3.3767     3.3796   2.926723   2.926786     2.7321     2.7028      8.174     0.4366     2.0429 1.0790e-01     0.1127    97.2205     7.4842     7.8869    31.6951    31.6930    25.2153    25.2134    7.54077 0.0000e+00
      20293     35.690     3.3766     3.3796   2.926724   2.926749     2.7325     2.7028      8.176     0.4366     2.0429 1.0790e-01     0.1131    97.2118     7.4852     7.8882    31.6952    31.6926    25.2154    25.2131    7.54078 0.0000e+00
      20296     35.626     3.3768     3.3796   2.926748   2.926749     2.7325     2.7032      8.177     0.4366     2.1219 1.0790e-01     0.1124    97.2292     7.4843     7.8905    31.6953    31.6926    25.2155    25.2131    7.54074 0.0000e+00
      20299     35.563     3.3771     3.3795   2.926728   2.926746     2.7325     2.7036      8.174     0.4366     2.1614 1.0790e-01     0.1160    97.1423     7.4841     7.8925    31.6949    31.6928    25.2151    25.2132    7.54071 0.0000e+00
      20302     35.500     3.3772     3.3795   2.926723   2.926750     2.7329     2.7036      8.174     0.4269     2.1614 1.0790e-01     0.1206    97.0293     7.4867     7.8926    31.6947    31.6928    25.2150    25.2132    7.54069 0.0000e+00
      20305     35.436     3.3774     3.3795   2.926702   2.926738     2.7329     2.7028      8.174     0.4366     2.1614 1.0790e-01     0.1206    97.0293     7.4877     7.8894    31.6943    31.6926    25.2147    25.2132    7.54068 0.0000e+00
      20308     35.372     3.3774     3.3796   2.926717   2.926732     2.7329     2.7032      8.174     0.4415     2.1614 1.0790e-01     0.1206    97.0293     7.4865     7.8904    31.6946    31.6926    25.2149    25.2131    7.54067 0.0000e+00
      20311     35.309     3.3775     3.3796   2.926753   2.926717     2.7329     2.7040      8.174     0.4513     2.1614 1.0790e-01     0.1199    97.0467     7.4856     7.8942    31.6949    31.6924    25.2151    25.2130    7.54063 0.0000e+00
      20314     35.245     3.3778     3.3795   2.926736   2.926709     2.7321     2.7040      8.174     0.4513     2.1614 1.0790e-01     0.1203    97.0380     7.4844     7.8929    31.6944    31.6924    25.2147    25.2130    7.54060 0.0000e+00
      20317     35.182     3.3779     3.3796   2.926728   2.926720     2.7333     2.7040      8.176     0.4513     2.1614 1.0790e-01     0.1206    97.0293     7.4879     7.8911    31.6943    31.6925    25.2146    25.2130    7.54059 0.0000e+00
      20320     35.118     3.3777     3.3795   2.926731   2.926708     2.7325     2.7040      8.174     0.4562     2.1614 1.0790e-01     0.1160    97.1423     7.4848     7.8890    31.6945    31.6925    25.2148    25.2130    7.54062 0.0000e+00
      20323     35.057     3.3776     3.3796   2.926738   2.926706     2.7329     2.7040      8.174     0.4366     2.1614 1.0790e-01     0.1131    97.2118     7.4855     7.8880    31.6947    31.6924    25.2150    25.2130    7.54061 0.0000e+00
      20326     34.994     3.3777     3.3795   2.926736   2.926700     2.7333     2.7040      8.174     0.4464     2.1614 1.0790e-01     0.1131    97.2118     7.4870     7.8884    31.6946    31.6925    25.2149    25.2130    7.54060 0.0000e+00
      20329     34.931     3.3776     3.3796   2.926720   2.926675     2.7333     2.7040      8.174     0.4513     2.1614 1.0790e-01     0.1131    97.2118     7.4871     7.8868    31.6945    31.6921    25.2148    25.2127    7.54062 0.0000e+00
      20332     34.869     3.3778     3.3796   2.926708   2.926699     2.7321     2.7040      8.176     0.4513     2.1614 1.0790e-01     0.1131    97.2118     7.4827     7.8837    31.6943    31.6925    25.2146    25.2130    7.54060 0.0000e+00
      20335     34.807     3.3777     3.3796   2.926675   2.926695     2.7329     2.7040      8.174     0.4269     2.1614 1.0790e-01     0.1131    97.2118     7.4868     7.8825    31.6940    31.6924    25.2144    25.2129    7.54064 0.0000e+00
      20338     34.744     3.3778     3.3796   2.926660   2.926684     2.7337     2.7040      8.174     0.4073     2.1614 1.0790e-01     0.1135    97.2031     7.4895     7.8825    31.6938    31.6923    25.2142    25.2128    7.54064 0.0000e+00
      20341     34.679     3.3779     3.3797   2.926651   2.926647     2.7329     2.7040      8.176     0.4073     2.1614 1.0790e-01     0.1138    97.1945     7.4878     7.8824    31.6936    31.6918    25.2141    25.2125    7.54062 0.0000e+00
      20344     34.615     3.3782     3.3796   2.926644   2.926645     2.7329     2.7040      8.174     0.4024     2.1614 1.0790e-01     0.1138    97.1945     7.4893     7.8823    31.6932    31.6919    25.2137    25.2125    7.54058 0.0000e+00
      20347     34.550     3.3784     3.3797   2.926634   2.926639     2.7329     2.7040      8.174     0.4024     2.1614 1.0790e-01     0.1138    97.1945     7.4898     7.8823    31.6930    31.6918    25.2135    25.2125    7.54056 0.0000e+00
      20350     34.486     3.3784     3.3798   2.926629   2.926647     2.7333     2.7040      8.174     0.4122     2.1614 1.0790e-01     0.1138    97.1945     7.4918     7.8822    31.6929    31.6918    25.2135    25.2124    7.54056 0.0000e+00
      20353     34.422     3.3784     3.3798   2.926621   2.926662     2.7333     2.7040      8.177     0.4073     2.1614 1.0790e-01     0.1142    97.1858     7.4922     7.8821    31.6929    31.6920    25.2134    25.2126    7.54056 0.0000e+00
      20356     34.359     3.3783     3.3803   2.926626   2.926655     2.7325     2.7040      8.174     0.4024     2.1614 1.0790e-01     0.1138    97.1945     7.4891     7.8820    31.6931    31.6915    25.2136    25.2122    7.54057 0.0000e+00
      20359     34.294     3.3782     3.3807   2.926612   2.926671     2.7341     2.7040      8.174     0.4024     2.1614 1.0790e-01     0.1145    97.1771     7.4942     7.8818    31.6930    31.6913    25.2136    25.2120    7.54059 0.0000e+00
      20362     34.231     3.3782     3.3812   2.926613   2.926701     2.7337     2.7040      8.174     0.4220     2.1614 1.0790e-01     0.1185    97.0815     7.4936     7.8813    31.6931    31.6912    25.2137    25.2119    7.54060 0.0000e+00
      20365     34.166     3.3784     3.3814   2.926596   2.926707     2.7345     2.7040      8.174     0.4366     2.1614 1.0790e-01     0.1185    97.0815     7.4980     7.8794    31.6928    31.6911    25.2133    25.2118    7.54057 0.0000e+00
      20368     34.103     3.3785     3.3819   2.926578   2.926727     2.7345     2.7040      8.174     0.4415     2.1614 1.0790e-01     0.1185    97.0815     7.4974     7.8764    31.6925    31.6909    25.2131    25.2116    7.54057 0.0000e+00
      20371     34.039     3.3785     3.3821   2.926538   2.926710     2.7341     2.7040      8.174     0.4317     2.1614 1.0790e-01     0.1185    97.0815     7.4958     7.8738    31.6920    31.6905    25.2127    25.2112    7.54059 0.0000e+00
      20374     33.973     3.3786     3.3824   2.926538   2.926739     2.7341     2.7040      8.174     0.4366     2.1614 1.0790e-01     0.1185    97.0815     7.4961     7.8716    31.6919    31.6906    25.2127    25.2113    7.54057 0.0000e+00
      20377     33.909     3.3785     3.3828   2.926535   2.926751     2.7337     2.7040      8.174     0.4366     2.1614 1.0790e-01     0.1185    97.0815     7.4948     7.8698    31.6920    31.6904    25.2127    25.2111    7.54058 0.0000e+00
      20380     33.845     3.3783     3.3831   2.926507   2.926749     2.7345     2.7040      8.174     0.4366     2.1614 1.0790e-01     0.1163    97.1336     7.4960     7.8684    31.6919    31.6901    25.2127    25.2109    7.54063 0.0000e+00
      20383     33.781     3.3785     3.3830   2.926515   2.926749     2.7345     2.7040      8.176     0.4269     2.1614 1.0790e-01     0.1138    97.1945     7.4951     7.8675    31.6919    31.6902    25.2126    25.2109    7.54060 0.0000e+00
