Datasets/AZMP/COO001/79001071.cnv
* Sea-Bird SBE 9 Data File:
* FileName = C:\CTDDATA\79001071.hex
* Software Version Seasave V 7.26.7.110
* Temperature SN = 5660
* Conductivity SN = 3698
* Number of Bytes Per Scan = 30
* Number of Voltage Words = 4
* Number of Scans Averaged by the Deck Unit = 1
* NMEA baud rate = 9600
** VESSEL/TRIP/SEQ STN:  79001071
** LATITUDE XX XX.XX N:  48 12.20 N
** LONGITUDE XX XX.XX W:  53 18.60 W
** SOUNDING DEPTH (M):  0355
** PROBE TYPE: S1257
** CTD NUMBER: 038
** COMMENTS (14 CHAR): TB-05
** BOTTLES:  12
** LEVELS: 5,5,10,20,20,30,40,50,75,100,150,BTM
** STICKERS: 435175 - 435186
** VNET: Y
** DO2: N
# nquan = 22
# nvalues = 8508                        
# units = specified
# name 0 = scan: Scan Count
# name 1 = prDM: Pressure, Digiquartz [db]
# name 2 = t090C: Temperature [ITS-90, deg C]
# name 3 = t190C: Temperature, 2 [ITS-90, deg C]
# name 4 = c0S/m: Conductivity [S/m]
# name 5 = c1S/m: Conductivity, 2 [S/m]
# name 6 = sbeox0V: Oxygen raw, SBE 43 [V]
# name 7 = sbeox1V: Oxygen raw, SBE 43, 2 [V]
# name 8 = ph: pH
# name 9 = flECO-AFL: Fluorescence, WET Labs ECO-AFL/FL [mg/m^3]
# name 10 = wetCDOM: Fluorescence, WET Labs CDOM [mg/m^3]
# name 11 = par/sat/log: PAR/Logarithmic, Satlantic [umol photons/m^2/sec]
# name 12 = CStarAt0: Beam Attenuation, WET Labs C-Star [1/m]
# name 13 = CStarTr0: Beam Transmission, WET Labs C-Star [%]
# name 14 = sbeox0ML/L: Oxygen, SBE 43 [ml/l], WS = 2
# name 15 = sbeox1ML/L: Oxygen, SBE 43, 2 [ml/l], WS = 2
# name 16 = sal00: Salinity, Practical [PSU]
# name 17 = sal11: Salinity, Practical, 2 [PSU]
# name 18 = sigma-t00: Density [sigma-t, kg/m^3 ]
# name 19 = sigma-t11: Density, 2 [sigma-t, kg/m^3 ]
# name 20 = oxsatML/L: Oxygen Saturation, Weiss [ml/l]
# name 21 = flag: flag
# span 0 =         63,      65601       
# span 1 =      0.073,    330.728       
# span 2 =    -0.8433,     3.9958       
# span 3 =    -0.8457,     3.9954       
# span 4 =   2.383192,   2.966981       
# span 5 =   0.628308,   2.967070       
# span 6 =     2.0770,     2.7786       
# span 7 =     0.8071,     2.7180       
# span 8 =      7.883,      8.172       
# span 9 =    -0.0469,     3.3035       
# span 10 =    -1.8655,     9.9782      
# span 11 = 1.0690e-01, 1.9156e+00      
# span 12 =     0.0715,    55.2620      
# span 13 =    -0.0703,    98.2285      
# span 14 =     5.7734,     8.1352      
# span 15 =     1.2575,     8.2308      
# span 16 =    26.8236,    33.8969      
# span 17 =     5.8759,    33.8959      
# span 18 =    21.4068,    27.1442      
# span 19 =     4.6716,    27.1409      
# span 20 =    7.43099,    8.53345      
# span 21 = 0.0000e+00, 0.0000e+00      
# interval = scans: 3                   
# start_time = Dec 01 2019 03:21:19 [System UTC, header]
# bad_flag = -9.990e-29
*END*
[from data line 1186]
       4130     80.264     2.3907     2.3584   2.885736   2.884031     2.7253     2.6826      8.149     0.2364     1.8060 1.0790e-01     0.0843    97.9157     7.6623     8.0194    32.1539    32.1655    25.6629    25.6746    7.70721 0.0000e+00
       4133     80.386     2.3839     2.3662   2.885013   2.884594     2.7241     2.6826      8.149     0.2315     1.8060 1.0790e-01     0.0843    97.9157     7.6616     8.0147    32.1518    32.1645    25.6617    25.6732    7.70865 0.0000e+00
       4136     80.510     2.3759     2.3751   2.884836   2.885093     2.7241     2.6826      8.149     0.2413     1.8060 1.0790e-01     0.0839    97.9244     7.6641     8.0113    32.1576    32.1616    25.6670    25.6702    7.70992 0.0000e+00
       4139     80.642     2.3709     2.3845   2.884635   2.885608     2.7241     2.6826      8.149     0.2315     1.8060 1.0790e-01     0.0818    97.9765     7.6671     8.0081    32.1601    32.1583    25.6694    25.6669    7.71077 0.0000e+00
       4142     80.776     2.3627     2.3912   2.884238   2.886005     2.7237     2.6818      8.150     0.2364     1.8060 1.0790e-01     0.0811    97.9939     7.6697     8.0052    32.1634    32.1564    25.6727    25.6649    7.71221 0.0000e+00
       4145     80.913     2.3542     2.3959   2.884089   2.886179     2.7237     2.6814      8.150     0.2364     1.8060 1.0790e-01     0.0821    97.9678     7.6726     8.0065    32.1701    32.1538    25.6786    25.6624    7.71354 0.0000e+00
       4148     81.050     2.3485     2.3938   2.883973   2.885928     2.7241     2.6814      8.150     0.2364     1.8060 1.0790e-01     0.0818    97.9765     7.6782     8.0113    32.1743    32.1528    25.6825    25.6617    7.71444 0.0000e+00
       4151     81.189     2.3443     2.3712   2.883781   2.884806     2.7241     2.6814      8.150     0.2364     1.8850 1.0790e-01     0.0821    97.9678     7.6803     8.0191    32.1762    32.1617    25.6843    25.6706    7.71518 0.0000e+00
       4154     81.331     2.3399     2.3493   2.883473   2.884124     2.7237     2.6806      8.150     0.2266     1.9245 1.0790e-01     0.0821    97.9678     7.6813     8.0212    32.1768    32.1753    25.6851    25.6832    7.71602 0.0000e+00
       4157     81.473     2.3353     2.3381   2.883144   2.883659     2.7229     2.6806      8.150     0.2218     1.9245 1.0790e-01     0.0821    97.9678     7.6808     8.0249    32.1773    32.1808    25.6858    25.6884    7.71690 0.0000e+00
       4160     81.615     2.3310     2.3302   2.882874   2.883140     2.7233     2.6802      8.150     0.2218     1.9245 1.0790e-01     0.0832    97.9418     7.6840     8.0275    32.1782    32.1823    25.6869    25.6902    7.71769 0.0000e+00
       4163     81.759     2.3270     2.3236   2.882605   2.882677     2.7229     2.6802      8.150     0.2266     1.9245 1.0790e-01     0.0828    97.9505     7.6834     8.0323    32.1788    32.1832    25.6877    25.6915    7.71844 0.0000e+00
       4166     81.903     2.3224     2.3164   2.882151   2.882158     2.7225     2.6810      8.150     0.2218     1.9245 1.0790e-01     0.0832    97.9418     7.6828     8.0397    32.1778    32.1840    25.6873    25.6926    7.71940 0.0000e+00
       4169     82.043     2.3174     2.3109   2.881852   2.881852     2.7225     2.6806      8.150     0.2169     1.9245 1.0790e-01     0.0832    97.9418     7.6829     8.0417    32.1791    32.1857    25.6886    25.6944    7.72032 0.0000e+00
       4172     82.182     2.3135     2.3076   2.881682   2.881648     2.7229     2.6810      8.150     0.2218     1.9245 1.0790e-01     0.0828    97.9505     7.6872     8.0459    32.1809    32.1864    25.6904    25.6953    7.72100 0.0000e+00
       4175     82.321     2.3100     2.3034   2.881443   2.881275     2.7225     2.6806      8.150     0.2315     1.9245 1.0790e-01     0.0832    97.9418     7.6886     8.0494    32.1814    32.1860    25.6911    25.6952    7.72166 0.0000e+00
       4178     82.457     2.3052     2.2945   2.880846   2.880548     2.7221     2.6802      8.150     0.2218     1.8060 1.0790e-01     0.0832    97.9418     7.6913     8.0517    32.1788    32.1860    25.6894    25.6959    7.72274 0.0000e+00
       4181     82.597     2.2973     2.2850   2.880143   2.879937     2.7229     2.6802      8.150     0.2218     1.8060 1.0790e-01     0.0836    97.9331     7.6968     8.0541    32.1780    32.1879    25.6893    25.6982    7.72433 0.0000e+00
       4184     82.731     2.2899     2.2775   2.879738   2.879527     2.7229     2.6802      8.150     0.2071     1.8060 1.0790e-01     0.0832    97.9418     7.6986     8.0591    32.1805    32.1905    25.6919    25.7008    7.72567 0.0000e+00
       4187     82.860     2.2837     2.2725   2.879464   2.879302     2.7217     2.6802      8.150     0.2169     1.8060 1.0790e-01     0.0836    97.9331     7.6969     8.0619    32.1833    32.1927    25.6946    25.7029    7.72675 0.0000e+00
       4190     82.982     2.2787     2.2697   2.879297   2.879230     2.7217     2.6802      8.150     0.2071     1.8060 1.0790e-01     0.0832    97.9418     7.6995     8.0642    32.1862    32.1945    25.6973    25.7046    7.72758 0.0000e+00
       4193     83.102     2.2750     2.2685   2.879206   2.879201     2.7221     2.6802      8.150     0.2022     1.8060 1.0790e-01     0.0832    97.9418     7.7026     8.0684    32.1888    32.1953    25.6996    25.7053    7.72817 0.0000e+00
       4196     83.217     2.2726     2.2668   2.879178   2.879073     2.7229     2.6806      8.150     0.2071     1.8060 1.0790e-01     0.0832    97.9418     7.7057     8.0728    32.1908    32.1954    25.7014    25.7055    7.72855 0.0000e+00
       4199     83.327     2.2713     2.2659   2.879147   2.879062     2.7225     2.6806      8.150     0.2022     1.8060 1.0790e-01     0.0811    97.9939     7.7045     8.0758    32.1917    32.1961    25.7023    25.7061    7.72876 0.0000e+00
       4202     83.434     2.2697     2.2662   2.879023   2.879155     2.7229     2.6802      8.150     0.2120     1.8455 1.0790e-01     0.0807    98.0026     7.7075     8.0762    32.1917    32.1969    25.7023    25.7068    7.72907 0.0000e+00
       4205     83.537     2.2684     2.2661   2.878999   2.879158     2.7221     2.6810      8.150     0.2120     1.9245 1.0790e-01     0.0807    98.0026     7.7054     8.0805    32.1927    32.1970    25.7032    25.7068    7.72928 0.0000e+00
       4208     83.633     2.2680     2.2653   2.879060   2.879076     2.7217     2.6814      8.150     0.1925     1.9245 1.0790e-01     0.0807    98.0026     7.7042     8.0841    32.1938    32.1967    25.7042    25.7067    7.72930 0.0000e+00
       4211     83.726     2.2681     2.2634   2.879150   2.878885     2.7229     2.6814      8.150     0.1876     1.9245 1.0790e-01     0.0811    97.9939     7.7086     8.0844    32.1948    32.1962    25.7049    25.7064    7.72924 0.0000e+00
       4214     83.814     2.2684     2.2613   2.879174   2.878714     2.7233     2.6814      8.150     0.1973     1.9245 1.0790e-01     0.0807    98.0026     7.7088     8.0825    32.1947    32.1962    25.7048    25.7066    7.72917 0.0000e+00
       4217     83.897     2.2684     2.2584   2.879154   2.878509     2.7229     2.6814      8.148     0.1925     1.9245 1.0802e-01     0.0807    98.0026     7.7046     8.0803    32.1944    32.1965    25.7046    25.7071    7.72919 0.0000e+00
       4220     83.976     2.2682     2.2564   2.879134   2.878367     2.7217     2.6814      8.147     0.1925     1.9245 1.0790e-01     0.0800    98.0200     7.7009     8.0775    32.1944    32.1968    25.7045    25.7074    7.72924 0.0000e+00
       4223     84.050     2.2677     2.2550   2.879075   2.878246     2.7225     2.6814      8.150     0.1973     1.9245 1.0790e-01     0.0800    98.0200     7.7052     8.0762    32.1941    32.1967    25.7044    25.7074    7.72935 0.0000e+00
       4226     84.122     2.2666     2.2531   2.879026   2.878078     2.7229     2.6822      8.148     0.1876     1.9245 1.0790e-01     0.0800    98.0200     7.7069     8.0754    32.1946    32.1965    25.7048    25.7074    7.72954 0.0000e+00
       4229     84.190     2.2654     2.2512   2.879040   2.878001     2.7229     2.6818      8.150     0.1973     1.7666 1.0790e-01     0.0800    98.0200     7.7087     8.0677    32.1959    32.1974    25.7060    25.7083    7.72971 0.0000e+00
       4232     84.252     2.2642     2.2502   2.878935   2.877958     2.7217     2.6822      8.148     0.1876     1.6876 1.0790e-01     0.0800    98.0200     7.7057     8.0659    32.1957    32.1979    25.7060    25.7088    7.72994 0.0000e+00
       4235     84.305     2.2626     2.2500   2.878791   2.877928     2.7229     2.6818      8.150     0.1876     1.6876 1.0790e-01     0.0800    98.0200     7.7097     8.0613    32.1955    32.1977    25.7059    25.7086    7.73027 0.0000e+00
       4238     84.356     2.2611     2.2494   2.878722   2.877916     2.7221     2.6814      8.147     0.1973     1.6876 1.0790e-01     0.0796    98.0287     7.7083     8.0567    32.1962    32.1981    25.7066    25.7089    7.73053 0.0000e+00
       4241     84.401     2.2599     2.2489   2.878982   2.877919     2.7217     2.6814      8.147     0.1973     1.6876 1.0790e-01     0.0789    98.0460     7.7083     8.0541    32.2006    32.1986    25.7102    25.7094    7.73055 0.0000e+00
       4244     84.442     2.2673     2.2489   2.879996   2.877931     2.7229     2.6814      8.147     0.1876     1.6876 1.0790e-01     0.0789    98.0460     7.7107     8.0510    32.2057    32.1987    25.7137    25.7095    7.72883 0.0000e+00
       4247     84.480     2.2832     2.2491   2.880837   2.877970     2.7229     2.6814      8.148     0.1925     1.6876 1.0790e-01     0.0789    98.0460     7.7051     8.0463    32.1999    32.1990    25.7078    25.7097    7.72598 0.0000e+00
       4250     84.519     2.2968     2.2492   2.881199   2.877946     2.7225     2.6810      8.150     0.1925     1.6876 1.0790e-01     0.0789    98.0460     7.7011     8.0406    32.1906    32.1986    25.6994    25.7094    7.72379 0.0000e+00
       4253     84.556     2.2990     2.2492   2.881615   2.877934     2.7237     2.6802      8.148     0.1973     1.6876 1.0790e-01     0.0789    98.0460     7.7054     8.0363    32.1934    32.1984    25.7015    25.7092    7.72320 0.0000e+00
       4256     84.591     2.3072     2.2491   2.882316   2.877968     2.7233     2.6806      8.148     0.1925     1.8850 1.0790e-01     0.0793    98.0373     7.7023     8.0379    32.1938    32.1990    25.7011    25.7097    7.72157 0.0000e+00
       4259     84.625     2.3183     2.2491   2.883253   2.877972     2.7229     2.6802      8.150     0.1925     1.9245 1.0790e-01     0.0789    98.0460     7.6977     8.0375    32.1941    32.1990    25.7006    25.7097    7.71937 0.0000e+00
       4262     84.651     2.3298     2.2497   2.883569   2.878023     2.7229     2.6802      8.150     0.2071     1.9245 1.0790e-01     0.0789    98.0460     7.6960     8.0379    32.1864    32.1990    25.6935    25.7097    7.71751 0.0000e+00
       4265     84.675     2.3359     2.2502   2.883590   2.878032     2.7229     2.6802      8.150     0.2120     1.9245 1.0790e-01     0.0793    98.0373     7.6931     8.0388    32.1805    32.1986    25.6883    25.7093    7.71661 0.0000e+00
       4268     84.697     2.3393     2.2506   2.883583   2.878065     2.7229     2.6798      8.147     0.2022     1.9245 1.0790e-01     0.0789    98.0460     7.6908     8.0391    32.1770    32.1986    25.6853    25.7093    7.71613 0.0000e+00
       4271     84.718     2.3414     2.2508   2.883659   2.878030     2.7217     2.6789      8.150     0.2071     1.9245 1.0790e-01     0.0789    98.0460     7.6874     8.0388    32.1758    32.1980    25.6841    25.7087    7.71578 0.0000e+00
       4284     84.799     2.3340     2.2619   2.883097   2.878690     2.7229     2.6789      8.148     0.2071     1.9245 1.0790e-01     0.0796    98.0287     7.6922     8.0419    32.1762    32.1947    25.6851    25.7053    7.71720 0.0000e+00
       4304     84.921     2.3184     2.2853   2.882223   2.880420     2.7229     2.6789      8.148     0.1925     1.9245 1.0790e-01     0.0800    98.0200     7.6907     8.0315    32.1812    32.1924    25.6902    25.7017    7.72002 0.0000e+00
       4308     84.948     2.3195     2.2931   2.882425   2.881002     2.7229     2.6789      8.150     0.1876     1.8060 1.0790e-01     0.0800    98.0200     7.6877     8.0225    32.1824    32.1916    25.6912    25.7005    7.71972 0.0000e+00
       4311     84.973     2.3217     2.3010   2.882463   2.881352     2.7229     2.6789      8.150     0.1876     1.8060 1.0790e-01     0.0800    98.0200     7.6860     8.0157    32.1808    32.1880    25.6897    25.6970    7.71940 0.0000e+00
       4314     84.996     2.3202     2.3055   2.882202   2.881550     2.7217     2.6781      8.148     0.2169     1.8060 1.0790e-01     0.0800    98.0200     7.6813     8.0080    32.1790    32.1858    25.6884    25.6950    7.71978 0.0000e+00
       4317     85.023     2.3155     2.3093   2.881551   2.881695     2.7217     2.6777      8.150     0.2071     1.8060 1.0790e-01     0.0804    98.0113     7.6804     8.0028    32.1757    32.1838    25.6861    25.6930    7.72087 0.0000e+00
       4320     85.052     2.3080     2.3056   2.880943   2.881493     2.7221     2.6773      8.150     0.2022     1.8060 1.0790e-01     0.0807    98.0026     7.6830     7.9976    32.1759    32.1850    25.6868    25.6942    7.72235 0.0000e+00
       4323     85.084     2.3025     2.3030   2.880796   2.881443     2.7217     2.6765      8.148     0.2022     1.8060 1.0790e-01     0.0804    98.0113     7.6817     7.9920    32.1795    32.1870    25.6901    25.6961    7.72324 0.0000e+00
       4326     85.118     2.2956     2.3035   2.880308   2.881475     2.7225     2.6765      8.150     0.2120     1.8060 1.0790e-01     0.0807    98.0026     7.6850     7.9907    32.1805    32.1869    25.6914    25.6959    7.72455 0.0000e+00
       4329     85.156     2.2925     2.3043   2.880579   2.881470     2.7205     2.6761      8.150     0.2071     1.8060 1.0790e-01     0.0811    97.9939     7.6793     7.9897    32.1869    32.1860    25.6968    25.6952    7.72482 0.0000e+00
       4332     85.197     2.3023     2.3028   2.881972   2.881276     2.7209     2.6753      8.148     0.2120     1.8060 1.0790e-01     0.0811    97.9939     7.6776     7.9899    32.1942    32.1851    25.7018    25.6946    7.72251 0.0000e+00
       4335     85.236     2.3105     2.2959   2.882032   2.880816     2.7209     2.6753      8.150     0.2071     1.6876 1.0790e-01     0.0804    98.0113     7.6758     7.9959    32.1866    32.1863    25.6952    25.6961    7.72130 0.0000e+00
       4338     85.282     2.3131     2.2919   2.881965   2.880785     2.7209     2.6753      8.148     0.2022     1.6876 1.0790e-01     0.0807    98.0026     7.6760     8.0021    32.1832    32.1900    25.6922    25.6993    7.72096 0.0000e+00
       4341     85.331     2.3158     2.2930   2.882213   2.880954     2.7205     2.6749      8.147     0.1729     1.6876 1.0790e-01     0.0789    98.0460     7.6732     8.0053    32.1834    32.1909    25.6922    25.6999    7.72041 0.0000e+00
       4344     85.385     2.3182     2.2982   2.882296   2.881391     2.7205     2.6740      8.150     0.1827     1.6876 1.0790e-01     0.0789    98.0460     7.6712     8.0072    32.1820    32.1910    25.6909    25.6997    7.72001 0.0000e+00
       4347     85.443     2.3176     2.3152   2.882028   2.882461     2.7192     2.6740      8.150     0.1778     1.6876 1.0790e-01     0.0789    98.0460     7.6677     8.0100    32.1793    32.1871    25.6888    25.6951    7.72027 0.0000e+00
       4350     85.505     2.3178     2.3274   2.882119   2.882907     2.7201     2.6740      8.148     0.1729     1.6876 1.0790e-01     0.0789    98.0460     7.6713     8.0115    32.1802    32.1801    25.6895    25.6887    7.72019 0.0000e+00
