Datasets/AZMP/COO001/79001055.cnv
* Sea-Bird SBE 9 Data File:
* FileName = C:\CTDDATA\79001055.hex
* Software Version Seasave V 7.26.7.110
* Temperature SN = 5660
* Conductivity SN = 3698
* Number of Bytes Per Scan = 30
* Number of Voltage Words = 4
* Number of Scans Averaged by the Deck Unit = 1
* NMEA baud rate = 9600
** VESSEL/TRIP/SEQ STN:  79001055
** LATITUDE XX XX.XX N:  47 00.00 N
** LONGITUDE XX XX.XX W:  46 01.00 W
** SOUNDING DEPTH (M):  0311
** PROBE TYPE: S1257
** CTD NUMBER: 030
** COMMENTS (14 CHAR): FC-21
** BOTTLES:  22
** LEVELS: 5,5,5,5,10,20,20,20,20,30,40,50,50,50,50,75,100,100,100,150,250,BTM
** STICKERS: 435066 - 435087
** VNET: Y
** DO2: N
# nquan = 22
# nvalues = 7609                        
# units = specified
# name 0 = scan: Scan Count
# name 1 = prDM: Pressure, Digiquartz [db]
# name 2 = t090C: Temperature [ITS-90, deg C]
# name 3 = t190C: Temperature, 2 [ITS-90, deg C]
# name 4 = c0S/m: Conductivity [S/m]
# name 5 = c1S/m: Conductivity, 2 [S/m]
# name 6 = sbeox0V: Oxygen raw, SBE 43 [V]
# name 7 = sbeox1V: Oxygen raw, SBE 43, 2 [V]
# name 8 = ph: pH
# name 9 = flECO-AFL: Fluorescence, WET Labs ECO-AFL/FL [mg/m^3]
# name 10 = wetCDOM: Fluorescence, WET Labs CDOM [mg/m^3]
# name 11 = par/sat/log: PAR/Logarithmic, Satlantic [umol photons/m^2/sec]
# name 12 = CStarAt0: Beam Attenuation, WET Labs C-Star [1/m]
# name 13 = CStarTr0: Beam Transmission, WET Labs C-Star [%]
# name 14 = sbeox0ML/L: Oxygen, SBE 43 [ml/l], WS = 2
# name 15 = sbeox1ML/L: Oxygen, SBE 43, 2 [ml/l], WS = 2
# name 16 = sal00: Salinity, Practical [PSU]
# name 17 = sal11: Salinity, Practical, 2 [PSU]
# name 18 = sigma-t00: Density [sigma-t, kg/m^3 ]
# name 19 = sigma-t11: Density, 2 [sigma-t, kg/m^3 ]
# name 20 = oxsatML/L: Oxygen Saturation, Weiss [ml/l]
# name 21 = flag: flag
# span 0 =          5,      71196       
# span 1 =      1.647,    301.058       
# span 2 =     3.6642,     7.9830       
# span 3 =     3.6620,     7.9855       
# span 4 =   3.178599,   3.478972       
# span 5 =   3.178645,   3.479357       
# span 6 =     2.2966,     2.7873       
# span 7 =     2.2650,     2.7448       
# span 8 =      8.028,      8.221       
# span 9 =    -0.0176,     1.5160       
# span 10 =    -2.8130,   482.1870      
# span 11 = 1.0715e-01, 2.1944e-01      
# span 12 =     0.0429,     0.8302      
# span 13 =    81.2574,    98.9324      
# span 14 =     5.8759,     6.8482      
# span 15 =     6.1009,     7.1570      
# span 16 =    33.4789,    34.8988      
# span 17 =    33.4877,    34.8764      
# span 18 =    26.0865,    27.6928      
# span 19 =    26.0889,    27.6836      
# span 20 =    6.67479,    7.34524      
# span 21 = 0.0000e+00, 0.0000e+00      
# interval = scans: 3                   
# start_time = Nov 29 2019 01:56:01 [System UTC, header]
# bad_flag = -9.990e-29
*END*
[from data line 7309]
      61264     18.546     7.9361     7.9382   3.475626   3.475931     2.7772     2.7389      8.212     1.1253    -1.5102 1.0752e-01     0.2068    94.9612     6.7010     7.0563    33.4919    33.4930    26.0988    26.0995    6.68177 0.0000e+00
      61267     18.462     7.9367     7.9379   3.475678   3.475905     2.7776     2.7385      8.212     1.1790    -1.5891 1.0752e-01     0.2064    94.9699     6.7035     7.0565    33.4919    33.4932    26.0988    26.0996    6.68168 0.0000e+00
      61270     18.384     7.9370     7.9376   3.475664   3.475897     2.7776     2.7393      8.212     1.1888    -1.5102 1.0752e-01     0.2064    94.9699     6.7037     7.0590    33.4915    33.4934    26.0984    26.0998    6.68165 0.0000e+00
      61273     18.308     7.9369     7.9376   3.475582   3.475893     2.7772     2.7397      8.212     1.1936    -1.5102 1.0752e-01     0.2064    94.9699     6.7026     7.0607    33.4907    33.4933    26.0978    26.0998    6.68169 0.0000e+00
      61276     18.235     7.9365     7.9378   3.475547   3.475901     2.7780     2.7397      8.212     1.1888    -1.5102 1.0752e-01     0.2064    94.9699     6.7050     7.0588    33.4908    33.4933    26.0980    26.0997    6.68176 0.0000e+00
      61279     18.165     7.9363     7.9383   3.475521   3.475969     2.7776     2.7397      8.212     1.1985    -1.3918 1.0752e-01     0.2064    94.9699     6.7042     7.0565    33.4907    33.4936    26.0979    26.0999    6.68179 0.0000e+00
      61282     18.103     7.9361     7.9387   3.475548   3.475995     2.7776     2.7401      8.212     1.1888    -1.3918 1.0752e-01     0.2064    94.9699     6.7034     7.0554    33.4912    33.4935    26.0983    26.0997    6.68180 0.0000e+00
      61285     18.044     7.9367     7.9389   3.475727   3.475975     2.7776     2.7401      8.212     1.1839    -1.3918 1.0752e-01     0.2060    94.9786     6.7014     7.0529    33.4926    33.4931    26.0994    26.0994    6.68164 0.0000e+00
      61288     17.993     7.9376     7.9388   3.475746   3.475975     2.7780     2.7401      8.212     1.1985    -1.3918 1.0752e-01     0.2064    94.9699     6.7014     7.0485    33.4920    33.4932    26.0987    26.0995    6.68154 0.0000e+00
      61291     17.949     7.9381     7.9390   3.475756   3.476002     2.7776     2.7405      8.212     1.1888    -1.3918 1.0752e-01     0.2064    94.9699     6.6995     7.0455    33.4916    33.4933    26.0984    26.0996    6.68147 0.0000e+00
      61294     17.912     7.9380     7.9394   3.475738   3.476072     2.7780     2.7405      8.212     1.3353    -1.3918 1.0752e-01     0.2064    94.9699     6.7004     7.0415    33.4915    33.4937    26.0983    26.0998    6.68149 0.0000e+00
      61297     17.882     7.9382     7.9397   3.475759   3.476069     2.7776     2.7401      8.212     1.3451    -1.3918 1.0752e-01     0.2064    94.9699     6.6982     7.0373    33.4915    33.4934    26.0983    26.0995    6.68146 0.0000e+00
      61392     17.792     7.9396     7.9394   3.475798   3.476014     2.7784     2.7405      8.212     1.4232    -1.6681 1.0752e-01     0.2064    94.9699     6.7117     7.0437    33.4906    33.4932    26.0974    26.0994    6.68128 0.0000e+00
      61402     17.727     7.9387     7.9394   3.475747   3.476020     2.7784     2.7401      8.212     1.3304    -1.5497 1.0752e-01     0.2064    94.9699     6.7128     7.0424    33.4910    33.4933    26.0978    26.0995    6.68140 0.0000e+00
      61449     17.469     7.9377     7.9389   3.475683   3.475962     2.7813     2.7385      8.212     1.2132    -1.2733 1.0752e-01     0.2075    94.9438     6.7124     7.0324    33.4914    33.4932    26.0982    26.0995    6.68154 0.0000e+00
      61452     17.443     7.9377     7.9389   3.475673   3.475950     2.7825     2.7385      8.212     1.2425    -1.3128 1.0752e-01     0.2075    94.9438     6.7147     7.0324    33.4913    33.4931    26.0981    26.0994    6.68154 0.0000e+00
      61455     17.412     7.9377     7.9388   3.475671   3.475931     2.7817     2.7385      8.212     1.2279    -1.2733 1.0752e-01     0.2075    94.9438     6.7111     7.0320    33.4914    33.4931    26.0982    26.0994    6.68155 0.0000e+00
      61458     17.378     7.9376     7.9390   3.475683   3.475955     2.7825     2.7385      8.212     1.2376    -1.2733 1.0752e-01     0.2079    94.9351     6.7123     7.0314    33.4916    33.4931    26.0984    26.0994    6.68155 0.0000e+00
      61461     17.339     7.9378     7.9391   3.475683   3.475959     2.7809     2.7385      8.212     1.2376    -1.2733 1.0752e-01     0.2075    94.9438     6.7063     7.0302    33.4914    33.4931    26.0982    26.0994    6.68153 0.0000e+00
      61464     17.294     7.9378     7.9393   3.475662   3.475981     2.7813     2.7385      8.212     1.2328    -1.2733 1.0752e-01     0.2064    94.9699     6.7059     7.0286    33.4912    33.4932    26.0981    26.0994    6.68153 0.0000e+00
      61467     17.246     7.9378     7.9393   3.475704   3.476002     2.7813     2.7385      8.212     1.2425    -1.2733 1.0752e-01     0.2064    94.9699     6.7050     7.0270    33.4916    33.4934    26.0984    26.0996    6.68151 0.0000e+00
      61470     17.195     7.9381     7.9394   3.475696   3.475994     2.7813     2.7385      8.212     1.2376    -1.2733 1.0752e-01     0.2060    94.9786     6.7032     7.0246    33.4914    33.4933    26.0982    26.0995    6.68149 0.0000e+00
      61473     17.141     7.9382     7.9392   3.475695   3.475963     2.7813     2.7385      8.212     1.2328    -1.2733 1.0752e-01     0.2064    94.9699     6.7014     7.0228    33.4912    33.4932    26.0980    26.0994    6.68147 0.0000e+00
      61476     17.080     7.9383     7.9390   3.475725   3.475958     2.7804     2.7377      8.212     1.2523    -1.2733 1.0752e-01     0.2064    94.9699     6.6970     7.0191    33.4915    33.4933    26.0983    26.0995    6.68145 0.0000e+00
      61479     17.016     7.9385     7.9390   3.475718   3.475952     2.7804     2.7373      8.212     1.2621    -1.2733 1.0752e-01     0.2060    94.9786     6.6967     7.0173    33.4913    33.4933    26.0980    26.0996    6.68143 0.0000e+00
      61482     16.944     7.9387     7.9391   3.475736   3.475961     2.7809     2.7373      8.212     1.2621    -1.2733 1.0752e-01     0.2064    94.9699     6.6981     7.0170    33.4913    33.4933    26.0981    26.0995    6.68140 0.0000e+00
      61485     16.871     7.9387     7.9392   3.475696   3.475966     2.7796     2.7364      8.212     1.2669    -1.3128 1.0752e-01     0.2064    94.9699     6.6946     7.0129    33.4909    33.4933    26.0977    26.0995    6.68141 0.0000e+00
      61488     16.798     7.9385     7.9396   3.475693   3.476025     2.7800     2.7360      8.212     1.2669    -1.2733 1.0752e-01     0.2064    94.9699     6.6954     7.0113    33.4911    33.4935    26.0979    26.0997    6.68143 0.0000e+00
      61491     16.716     7.9387     7.9397   3.475733   3.476005     2.7800     2.7360      8.212     1.2572    -1.2733 1.0752e-01     0.2071    94.9525     6.6950     7.0116    33.4914    33.4934    26.0981    26.0995    6.68139 0.0000e+00
      61494     16.628     7.9389     7.9398   3.475713   3.475991     2.7788     2.7360      8.212     1.2669    -1.2733 1.0752e-01     0.2068    94.9612     6.6915     7.0125    33.4910    33.4932    26.0978    26.0993    6.68138 0.0000e+00
      61497     16.538     7.9387     7.9398   3.475737   3.475996     2.7784     2.7360      8.212     1.2718    -1.3128 1.0752e-01     0.2068    94.9612     6.6913     7.0144    33.4915    33.4932    26.0982    26.0993    6.68139 0.0000e+00
      61500     16.444     7.9391     7.9397   3.475774   3.475982     2.7776     2.7360      8.212     1.2621    -1.2733 1.0752e-01     0.2064    94.9699     6.6902     7.0164    33.4915    33.4932    26.0982    26.0994    6.68132 0.0000e+00
      61503     16.349     7.9396     7.9397   3.475847   3.475998     2.7788     2.7360      8.212     1.1741    -1.2733 1.0752e-01     0.2064    94.9699     6.6943     7.0182    33.4919    33.4934    26.0984    26.0995    6.68124 0.0000e+00
      61506     16.254     7.9400     7.9399   3.475822   3.476010     2.7784     2.7356      8.212     1.1448    -1.2733 1.0752e-01     0.2064    94.9699     6.6931     7.0187    33.4913    33.4934    26.0979    26.0995    6.68120 0.0000e+00
      61509     16.159     7.9401     7.9402   3.475804   3.476005     2.7784     2.7348      8.212     1.1497    -1.3128 1.0752e-01     0.2064    94.9699     6.6945     7.0183    33.4911    33.4931    26.0976    26.0992    6.68119 0.0000e+00
      61512     16.066     7.9401     7.9404   3.475770   3.476016     2.7780     2.7352      8.212     1.1497    -1.3128 1.0752e-01     0.2060    94.9786     6.6925     7.0199    33.4908    33.4931    26.0974    26.0991    6.68121 0.0000e+00
      61515     15.971     7.9399     7.9405   3.475759   3.476053     2.7776     2.7348      8.212     1.1546    -1.3128 1.0752e-01     0.2064    94.9699     6.6925     7.0192    33.4909    33.4934    26.0975    26.0994    6.68123 0.0000e+00
      61518     15.881     7.9399     7.9406   3.475734   3.476026     2.7776     2.7348      8.212     1.1497    -1.3128 1.0752e-01     0.2064    94.9699     6.6938     7.0200    33.4906    33.4931    26.0973    26.0992    6.68124 0.0000e+00
      61521     15.795     7.9398     7.9408   3.475775   3.476058     2.7784     2.7348      8.212     1.1497    -1.2733 1.0752e-01     0.2064    94.9699     6.6961     7.0210    33.4912    33.4933    26.0978    26.0992    6.68123 0.0000e+00
      61524     15.712     7.9402     7.9411   3.475834   3.476076     2.7776     2.7348      8.212     1.1497    -1.2733 1.0752e-01     0.2064    94.9699     6.6936     7.0224    33.4915    33.4933    26.0980    26.0992    6.68116 0.0000e+00
      61527     15.636     7.9404     7.9411   3.475854   3.476068     2.7776     2.7348      8.212     1.1546    -1.2733 1.0752e-01     0.2064    94.9699     6.6939     7.0241    33.4916    33.4932    26.0980    26.0991    6.68112 0.0000e+00
      61530     15.567     7.9406     7.9412   3.475848   3.476044     2.7772     2.7348      8.212     1.2523    -1.2733 1.0752e-01     0.2068    94.9612     6.6937     7.0274    33.4913    33.4928    26.0977    26.0988    6.68110 0.0000e+00
      61533     15.505     7.9411     7.9409   3.475927   3.476026     2.7772     2.7348      8.212     1.2523    -1.3128 1.0752e-01     0.2064    94.9699     6.6941     7.0296    33.4917    33.4930    26.0980    26.0990    6.68101 0.0000e+00
      61536     15.451     7.9414     7.9409   3.475914   3.476006     2.7760     2.7348      8.212     1.2523    -1.2733 1.0752e-01     0.2064    94.9699     6.6924     7.0316    33.4913    33.4928    26.0977    26.0989    6.68099 0.0000e+00
      61539     15.404     7.9415     7.9409   3.475881   3.476040     2.7772     2.7348      8.212     1.2474    -1.6286 1.0752e-01     0.2064    94.9699     6.6970     7.0336    33.4909    33.4932    26.0973    26.0992    6.68099 0.0000e+00
      61542     15.364     7.9416     7.9410   3.475917   3.476047     2.7768     2.7348      8.212     1.2474    -1.6286 1.0752e-01     0.2064    94.9699     6.6964     7.0349    33.4912    33.4932    26.0975    26.0992    6.68095 0.0000e+00
      61545     15.333     7.9417     7.9413   3.475925   3.476070     2.7776     2.7348      8.212     1.2523    -1.6286 1.0752e-01     0.2082    94.9264     6.7003     7.0375    33.4912    33.4931    26.0975    26.0991    6.68094 0.0000e+00
      61647     15.289     7.9415     7.9420   3.475888   3.476112     2.7796     2.7373      8.212     1.2376    -1.6681 1.0752e-01     0.2068    94.9612     6.6973     7.0242    33.4910    33.4930    26.0974    26.0988    6.68098 0.0000e+00
      61650     15.207     7.9415     7.9420   3.475878   3.476091     2.7788     2.7373      8.212     1.2328    -1.6681 1.0752e-01     0.2064    94.9699     6.6949     7.0222    33.4910    33.4928    26.0973    26.0987    6.68098 0.0000e+00
      61653     15.120     7.9415     7.9419   3.475896   3.476101     2.7788     2.7373      8.212     1.2376    -1.6681 1.0752e-01     0.2064    94.9699     6.6952     7.0213    33.4912    33.4930    26.0975    26.0988    6.68097 0.0000e+00
      61656     15.027     7.9416     7.9421   3.475886   3.476138     2.7796     2.7373      8.212     1.2328    -1.6286 1.0752e-01     0.2064    94.9699     6.6986     7.0223    33.4910    33.4932    26.0974    26.0990    6.68096 0.0000e+00
      61659     14.935     7.9417     7.9427   3.475871   3.476199     2.7788     2.7373      8.212     1.2181    -1.6286 1.0752e-01     0.2068    94.9612     6.6972     7.0233    33.4909    33.4934    26.0972    26.0991    6.68096 0.0000e+00
      61662     14.837     7.9415     7.9428   3.475881   3.476152     2.7788     2.7373      8.212     1.2034    -1.6681 1.0752e-01     0.2064    94.9699     6.6988     7.0239    33.4911    33.4928    26.0975    26.0986    6.68097 0.0000e+00
      61665     14.739     7.9417     7.9425   3.475892   3.476119     2.7780     2.7373      8.212     1.2034    -1.6286 1.0752e-01     0.2068    94.9612     6.6977     7.0269    33.4911    33.4928    26.0974    26.0986    6.68094 0.0000e+00
      61668     14.643     7.9420     7.9425   3.475940   3.476143     2.7792     2.7364      8.212     1.2132    -1.6681 1.0752e-01     0.2064    94.9699     6.7013     7.0268    33.4914    33.4931    26.0976    26.0988    6.68089 0.0000e+00
      61671     14.546     7.9424     7.9425   3.476012   3.476124     2.7780     2.7360      8.212     1.2132    -1.7866 1.0752e-01     0.2064    94.9699     6.6981     7.0271    33.4918    33.4929    26.0979    26.0988    6.68080 0.0000e+00
      61674     14.450     7.9431     7.9427   3.476052   3.476149     2.7784     2.7360      8.212     1.2083    -1.8260 1.0752e-01     0.2064    94.9699     6.7000     7.0286    33.4916    33.4931    26.0976    26.0989    6.68070 0.0000e+00
      61677     14.361     7.9436     7.9436   3.476041   3.476290     2.7784     2.7360      8.212     1.2083    -1.7471 1.0752e-01     0.2064    94.9699     6.7004     7.0301    33.4911    33.4938    26.0972    26.0992    6.68066 0.0000e+00
      61680     14.276     7.9436     7.9455   3.476020   3.476474     2.7784     2.7373      8.212     1.1985    -1.7866 1.0752e-01     0.2064    94.9699     6.7010     7.0359    33.4908    33.4940    26.0969    26.0991    6.68066 0.0000e+00
      61683     14.195     7.9438     7.9469   3.476064   3.476519     2.7788     2.7360      8.212     1.2034    -1.8260 1.0752e-01     0.2064    94.9699     6.7035     7.0335    33.4912    33.4931    26.0972    26.0983    6.68062 0.0000e+00
      61686     14.123     7.9443     7.9473   3.476117   3.476495     2.7800     2.7364      8.212     1.2181    -1.8260 1.0752e-01     0.2064    94.9699     6.7072     7.0379    33.4914    33.4925    26.0973    26.0977    6.68054 0.0000e+00
      61689     14.060     7.9445     7.9473   3.476096   3.476505     2.7792     2.7373      8.212     1.2328    -1.7471 1.0752e-01     0.2064    94.9699     6.7047     7.0442    33.4909    33.4927    26.0969    26.0978    6.68052 0.0000e+00
      61692     14.007     7.9445     7.9472   3.476092   3.476494     2.7780     2.7373      8.212     1.2425    -1.8260 1.0752e-01     0.2064    94.9699     6.7012     7.0466    33.4910    33.4926    26.0969    26.0978    6.68052 0.0000e+00
      61695     13.962     7.9445     7.9468   3.476082   3.476468     2.7788     2.7373      8.212     1.2279   250.6030 1.0752e-01     0.2060    94.9786     6.7034     7.0478    33.4909    33.4928    26.0968    26.0980    6.68053 0.0000e+00
      61698     13.923     7.9444     7.9467   3.476077   3.476461     2.7792     2.7373      8.212     1.2328   481.9896 1.0752e-01     0.2064    94.9699     6.7045     7.0474    33.4909    33.4928    26.0969    26.0981    6.68054 0.0000e+00
