Datasets/AZMP/COO001/79001031.cnv
* Sea-Bird SBE 9 Data File:
* FileName = C:\CTDDATA\79001031.hex
* Software Version Seasave V 7.26.7.110
* Temperature SN = 5660
* Conductivity SN = 3698
* Number of Bytes Per Scan = 30
* Number of Voltage Words = 4
* Number of Scans Averaged by the Deck Unit = 1
* NMEA baud rate = 9600
** VESSEL/TRIP/SEQ STN:  79001031
** LATITUDE XX XX.XX N:  43 12.00 N
** LONGITUDE XX XX.XX W:  50 10.00 W
** SOUNDING DEPTH (M):  0069
** PROBE TYPE: S1257
** CTD NUMBER: 018
** COMMENTS (14 CHAR): SEGB-13
** BOTTLES:  09
** LEVELS: 5,5,10,20,20,30,40,50,BTM
** STICKERS: 434821 - 434829
** VNET: Y
** DO2: Y
# nquan = 22
# nvalues = 1609                        
# units = specified
# name 0 = scan: Scan Count
# name 1 = prDM: Pressure, Digiquartz [db]
# name 2 = t090C: Temperature [ITS-90, deg C]
# name 3 = t190C: Temperature, 2 [ITS-90, deg C]
# name 4 = c0S/m: Conductivity [S/m]
# name 5 = c1S/m: Conductivity, 2 [S/m]
# name 6 = sbeox0V: Oxygen raw, SBE 43 [V]
# name 7 = sbeox1V: Oxygen raw, SBE 43, 2 [V]
# name 8 = ph: pH
# name 9 = flECO-AFL: Fluorescence, WET Labs ECO-AFL/FL [mg/m^3]
# name 10 = wetCDOM: Fluorescence, WET Labs CDOM [mg/m^3]
# name 11 = par/sat/log: PAR/Logarithmic, Satlantic [umol photons/m^2/sec]
# name 12 = CStarAt0: Beam Attenuation, WET Labs C-Star [1/m]
# name 13 = CStarTr0: Beam Transmission, WET Labs C-Star [%]
# name 14 = sbeox0ML/L: Oxygen, SBE 43 [ml/l], WS = 2
# name 15 = sbeox1ML/L: Oxygen, SBE 43, 2 [ml/l], WS = 2
# name 16 = sal00: Salinity, Practical [PSU]
# name 17 = sal11: Salinity, Practical, 2 [PSU]
# name 18 = sigma-t00: Density [sigma-t, kg/m^3 ]
# name 19 = sigma-t11: Density, 2 [sigma-t, kg/m^3 ]
# name 20 = oxsatML/L: Oxygen Saturation, Weiss [ml/l]
# name 21 = flag: flag
# span 0 =         29,      38180       
# span 1 =      1.799,     62.625       
# span 2 =     3.8032,     4.5560       
# span 3 =     3.8021,     4.5536       
# span 4 =   3.087377,   3.131956       
# span 5 =   3.087934,   3.131985       
# span 6 =     2.7745,     3.1160       
# span 7 =     2.5592,     2.9365       
# span 8 =      8.105,      8.220       
# span 9 =     0.7004,     8.6662       
# span 10 =    -1.8655,   480.9237      
# span 11 = 1.0631e-01, 9.3315e-01      
# span 12 =     0.2822,     0.7068      
# span 13 =    83.8035,    93.1884      
# span 14 =     7.4637,     8.4027      
# span 15 =     6.1272,     7.1207      
# span 16 =    32.8457,    33.2434      
# span 17 =    32.8470,    33.2457      
# span 18 =    26.0170,    26.4084      
# span 19 =    26.0182,    26.4103      
# span 20 =    7.26457,    7.38467      
# span 21 = 0.0000e+00, 0.0000e+00      
# interval = scans: 3                   
# start_time = Nov 25 2019 07:09:20 [System UTC, header]
# bad_flag = -9.990e-29
*END*
[from data line 198]
       2132     21.378     4.5413     4.5417   3.129569   3.129540     3.0598     2.8877      8.198     3.3915     1.5692 1.0752e-01     0.3412    91.8242     8.2175     6.9411    32.9463    32.9456    26.0971    26.0966    7.26614 0.0000e+00
       2135     21.440     4.5415     4.5420   3.129662   3.129458     3.0590     2.8877      8.198     3.3622     1.5692 1.0752e-01     0.3412    91.8242     8.2150     6.9402    32.9472    32.9443    26.0978    26.0955    7.26606 0.0000e+00
       2138     21.505     4.5412     4.5420   3.129980   3.129553     3.0598     2.8865      8.198     3.3621     1.5692 1.0752e-01     0.3291    92.1022     8.2160     6.9371    32.9512    32.9454    26.1011    26.0963    7.26593 0.0000e+00
       2141     21.568     4.5406     4.5419   3.130225   3.129536     3.0590     2.8865      8.196     3.3621     1.5692 1.0752e-01     0.3212    92.2847     8.2123     6.9379    32.9546    32.9453    26.1038    26.0963    7.26587 0.0000e+00
       2144     21.633     4.5399     4.5419   3.130360   3.129529     3.0586     2.8861      8.196     3.3621     1.5692 1.0752e-01     0.3212    92.2847     8.2095     6.9363    32.9569    32.9452    26.1057    26.0962    7.26589 0.0000e+00
       2147     21.699     4.5393     4.5421   3.130403   3.129480     3.0590     2.8852      8.195     3.3621     1.5692 1.0752e-01     0.3216    92.2760     8.2094     6.9339    32.9579    32.9444    26.1066    26.0955    7.26594 0.0000e+00
       2150     21.768     4.5389     4.5420   3.130426   3.129518     3.0586     2.8852      8.196     3.3573     1.5692 1.0752e-01     0.3212    92.2847     8.2070     6.9353    32.9586    32.9449    26.1071    26.0959    7.26598 0.0000e+00
       2153     21.842     4.5387     4.5420   3.130430   3.129565     3.0582     2.8848      8.193     3.3621     1.5692 1.0752e-01     0.3216    92.2760     8.2049     6.9340    32.9587    32.9454    26.1073    26.0963    7.26600 0.0000e+00
       2156     21.918     4.5384     4.5413   3.130453   3.129759     3.0582     2.8840      8.193     3.3622     1.5692 1.0752e-01     0.3219    92.2673     8.2030     6.9319    32.9593    32.9484    26.1078    26.0987    7.26603 0.0000e+00
       2159     21.997     4.5383     4.5412   3.130443   3.129696     3.0582     2.8840      8.193     3.0935     1.5692 1.0752e-01     0.3564    91.4766     8.2018     6.9324    32.9592    32.9477    26.1077    26.0982    7.26605 0.0000e+00
       2162     22.076     4.5384     4.5416   3.130496   3.129599     3.0574     2.8840      8.193     2.4440     1.5692 1.0752e-01     0.3609    91.3723     8.1968     6.9323    32.9598    32.9461    26.1081    26.0969    7.26602 0.0000e+00
       2165     22.157     4.5384     4.5417   3.130523   3.129574     3.0574     2.8836      8.193     2.4733     1.5692 1.0752e-01     0.3609    91.3723     8.1957     6.9308    32.9600    32.9456    26.1083    26.0965    7.26600 0.0000e+00
       2168     22.241     4.5385     4.5418   3.130578   3.129666     3.0566     2.8828      8.193     2.4586     1.5692 1.0752e-01     0.3609    91.3723     8.1905     6.9289    32.9605    32.9466    26.1086    26.0973    7.26595 0.0000e+00
       2171     22.329     4.5386     4.5411   3.130546   3.129862     3.0562     2.8828      8.193     2.4684     1.5692 1.0752e-01     0.3609    91.3723     8.1876     6.9281    32.9600    32.9495    26.1083    26.0997    7.26597 0.0000e+00
       2174     22.418     4.5385     4.5390   3.130558   3.130386     3.0562     2.8828      8.193     2.4635     1.5692 1.0752e-01     0.3609    91.3723     8.1859     6.9267    32.9601    32.9576    26.1084    26.1063    7.26597 0.0000e+00
       2177     22.506     4.5386     4.5381   3.130583   3.130648     3.0558     2.8816      8.193     2.4586     1.5692 1.0752e-01     0.3563    91.4766     8.1831     6.9221    32.9603    32.9615    26.1085    26.1096    7.26595 0.0000e+00
       2180     22.593     4.5388     4.5379   3.130676   3.130828     3.0549     2.8816      8.193     2.4586     1.5692 1.0752e-01     0.3325    92.0240     8.1785     6.9208    32.9611    32.9638    26.1091    26.1113    7.26587 0.0000e+00
       2183     22.686     4.5389     4.5380   3.130765   3.130928     3.0545     2.8812      8.193     2.4684     1.6481 1.0752e-01     0.3325    92.0240     8.1765     6.9191    32.9620    32.9648    26.1099    26.1121    7.26582 0.0000e+00
       2186     22.779     4.5391     4.5382   3.130852   3.131007     3.0537     2.8803      8.193     3.3280     1.6876 1.0752e-01     0.3325    92.0240     8.1727     6.9164    32.9628    32.9655    26.1105    26.1127    7.26575 0.0000e+00
       2189     22.869     4.5392     4.5383   3.130928   3.131040     3.0533     2.8803      8.193     4.0264     1.6876 1.0752e-01     0.3325    92.0240     8.1713     6.9168    32.9635    32.9658    26.1110    26.1129    7.26569 0.0000e+00
       2192     22.960     4.5395     4.5384   3.130955   3.131096     3.0525     2.8799      8.193     4.0020     1.6876 1.0752e-01     0.3325    92.0240     8.1690     6.9163    32.9635    32.9663    26.1110    26.1133    7.26564 0.0000e+00
       2195     23.053     4.5394     4.5384   3.131005   3.131141     3.0525     2.8791      8.193     4.0020     1.6876 1.0752e-01     0.3325    92.0240     8.1696     6.9149    32.9641    32.9667    26.1114    26.1136    7.26562 0.0000e+00
       2198     23.145     4.5398     4.5386   3.131036   3.131169     3.0513     2.8783      8.193     4.0020     1.6876 1.0752e-01     0.3347    91.9719     8.1667     6.9158    32.9641    32.9668    26.1114    26.1137    7.26556 0.0000e+00
       2201     23.241     4.5398     4.5388   3.131044   3.131228     3.0513     2.8779      8.193     4.0068     1.6876 1.0752e-01     0.3382    91.8937     8.1695     6.9176    32.9641    32.9672    26.1114    26.1140    7.26556 0.0000e+00
       2204     23.336     4.5401     4.5391   3.131129   3.131284     3.0501     2.8779      8.193     3.9971     1.6876 1.0752e-01     0.3382    91.8937     8.1674     6.9207    32.9648    32.9675    26.1119    26.1142    7.26548 0.0000e+00
       2207     23.427     4.5402     4.5396   3.131203   3.131347     3.0501     2.8779      8.193     4.0068     1.6481 1.0752e-01     0.3382    91.8937     8.1705     6.9250    32.9654    32.9677    26.1124    26.1143    7.26541 0.0000e+00
       2210     23.522     4.5404     4.5400   3.131259   3.131428     3.0488     2.8771      8.191     4.0020     1.5692 1.0752e-01     0.3382    91.8937     8.1696     6.9267    32.9659    32.9683    26.1127    26.1147    7.26537 0.0000e+00
       2213     23.614     4.5409     4.5406   3.131344   3.131588     3.0497     2.8767      8.193     3.9238     1.5692 1.0752e-01     0.3382    91.8937     8.1752     6.9292    32.9663    32.9695    26.1130    26.1156    7.26525 0.0000e+00
       2216     23.704     4.5416     4.5419   3.131486   3.131760     3.0488     2.8771      8.193     3.9141     1.5692 1.0752e-01     0.3382    91.8937     8.1756     6.9352    32.9673    32.9702    26.1137    26.1160    7.26509 0.0000e+00
       2219     23.791     4.5423     4.5424   3.131605   3.131814     3.0488     2.8767      8.190     3.9189     1.5692 1.0752e-01     0.3382    91.8937     8.1788     6.9391    32.9679    32.9702    26.1142    26.1159    7.26494 0.0000e+00
       2222     23.872     4.5429     4.5427   3.131641   3.131857     3.0484     2.8779      8.193     3.9238     1.5692 1.0752e-01     0.3382    91.8937     8.1808     6.9463    32.9677    32.9703    26.1139    26.1160    7.26484 0.0000e+00
       2225     23.948     4.5432     4.5427   3.131701   3.131875     3.0488     2.8767      8.193     3.9092     1.5692 1.0752e-01     0.3382    91.8937     8.1848     6.9455    32.9680    32.9705    26.1141    26.1161    7.26476 0.0000e+00
       2228     24.021     4.5434     4.5431   3.131708   3.131897     3.0480     2.8775      8.193     3.9189     1.5692 1.0752e-01     0.3382    91.8937     8.1848     6.9502    32.9679    32.9704    26.1140    26.1160    7.26474 0.0000e+00
       2231     24.089     4.5437     4.5431   3.131729   3.131923     3.0488     2.8779      8.193     3.9092     1.5692 1.0752e-01     0.3382    91.8937     8.1890     6.9535    32.9678    32.9706    26.1139    26.1162    7.26469 0.0000e+00
       2234     24.146     4.5438     4.5432   3.131747   3.131931     3.0488     2.8779      8.191     3.9189     1.4902 1.0752e-01     0.3382    91.8937     8.1904     6.9548    32.9678    32.9706    26.1139    26.1161    7.26467 0.0000e+00
       2237     24.194     4.5439     4.5432   3.131739   3.131933     3.0484     2.8779      8.193     4.5392     1.4507 1.0752e-01     0.3382    91.8937     8.1897     6.9545    32.9676    32.9706    26.1138    26.1162    7.26466 0.0000e+00
       2240     24.236     4.5439     4.5431   3.131693   3.131948     3.0488     2.8787      8.191     8.6369     1.4507 1.0752e-01     0.3332    92.0066     8.1921     6.9551    32.9670    32.9708    26.1133    26.1164    7.26468 0.0000e+00
       2243     24.270     4.5438     4.5433   3.131583   3.131925     3.0488     2.8791      8.193     8.6662     1.4507 1.0752e-01     0.3332    92.0067     8.1925     6.9554    32.9659    32.9703    26.1124    26.1159    7.26476 0.0000e+00
       2324     24.313     4.5425     4.5426   3.131324   3.131835     3.0480     2.8775      8.193     5.0178     1.4507 1.0752e-01     0.3473    91.6851     8.1948     6.9301    32.9641    32.9700    26.1111    26.1157    7.26507 0.0000e+00
       2366     24.433     4.5420     4.5427   3.131257   3.131869     3.0488     2.8767      8.193     3.1912     1.5297 1.0752e-01     0.3541    91.5287     8.1991     6.9180    32.9637    32.9702    26.1109    26.1159    7.26518 0.0000e+00
       2369     24.568     4.5421     4.5431   3.131319   3.131901     3.0488     2.8767      8.191     3.0936     1.5692 1.0752e-01     0.3541    91.5287     8.1988     6.9180    32.9643    32.9702    26.1113    26.1159    7.26513 0.0000e+00
       2372     24.711     4.5423     4.5428   3.131254   3.131791     3.0488     2.8763      8.191     2.9568     1.5692 1.0752e-01     0.3541    91.5287     8.1978     6.9162    32.9633    32.9690    26.1105    26.1150    7.26515 0.0000e+00
       2375     24.861     4.5423     4.5425   3.131318   3.131655     3.0492     2.8759      8.193     2.9714     1.5692 1.0752e-01     0.3541    91.5287     8.1981     6.9139    32.9640    32.9677    26.1110    26.1140    7.26512 0.0000e+00
       2378     25.008     4.5424     4.5421   3.131468   3.131497     3.0488     2.8755      8.191     2.9665     1.5692 1.0752e-01     0.3541    91.5287     8.1951     6.9121    32.9656    32.9662    26.1123    26.1129    7.26503 0.0000e+00
       2381     25.161     4.5431     4.5420   3.131858   3.131632     3.0488     2.8755      8.193     2.9568     1.5692 1.0752e-01     0.3632    91.3202     8.1942     6.9121    32.9693    32.9678    26.1152    26.1141    7.26472 0.0000e+00
       2384     25.316     4.5438     4.5425   3.131956   3.131754     3.0492     2.8755      8.190     2.9617     1.5692 1.0752e-01     0.3659    91.2593     8.1930     6.9117    32.9697    32.9686    26.1154    26.1147    7.26458 0.0000e+00
       2387     25.468     4.5440     4.5422   3.131936   3.131676     3.0497     2.8742      8.191     2.9665     1.5692 1.0752e-01     0.3655    91.2680     8.1931     6.9078    32.9692    32.9679    26.1150    26.1141    7.26457 0.0000e+00
       2390     25.619     4.5437     4.5420   3.131927   3.131678     3.0488     2.8746      8.191     2.9617     1.5297 1.0752e-01     0.3655    91.2680     8.1883     6.9083    32.9693    32.9681    26.1151    26.1143    7.26462 0.0000e+00
       2393     25.760     4.5433     4.5420   3.131916   3.131943     3.0492     2.8742      8.190     2.9617     1.4507 1.0752e-01     0.3659    91.2593     8.1896     6.9067    32.9695    32.9711    26.1153    26.1167    7.26468 0.0000e+00
       2396     25.901     4.5429     4.5416   3.131885   3.131985     3.0488     2.8738      8.191     3.5038     1.4507 1.0752e-01     0.3655    91.2680     8.1875     6.9047    32.9695    32.9719    26.1153    26.1174    7.26475 0.0000e+00
       2399     26.036     4.5422     4.5408   3.131839   3.131977     3.0484     2.8730      8.191     3.6992     1.4507 1.0752e-01     0.3647    91.2854     8.1868     6.9013    32.9695    32.9725    26.1154    26.1180    7.26486 0.0000e+00
       2402     26.167     4.5416     4.5394   3.131792   3.131854     3.0488     2.8730      8.190     3.6894     1.4507 1.0752e-01     0.3571    91.4592     8.1877     6.9006    32.9695    32.9725    26.1155    26.1181    7.26497 0.0000e+00
       2405     26.298     4.5403     4.5373   3.131658   3.131683     3.0484     2.8730      8.190     3.6942     1.4507 1.0752e-01     0.3575    91.4505     8.1864     6.9005    32.9692    32.9725    26.1154    26.1183    7.26522 0.0000e+00
       2408     26.417     4.5391     4.5357   3.131592   3.131604     3.0476     2.8718      8.191     3.6894     1.4507 1.0752e-01     0.3575    91.4505     8.1842     6.8978    32.9695    32.9731    26.1158    26.1190    7.26541 0.0000e+00
       2411     26.529     4.5382     4.5337   3.131527   3.131378     3.0484     2.8714      8.190     3.6845     1.4507 1.0752e-01     0.3571    91.4592     8.1893     6.8964    32.9696    32.9724    26.1160    26.1186    7.26558 0.0000e+00
       2414     26.637     4.5373     4.5296   3.131499   3.130984     3.0476     2.8718      8.188     3.6894     1.4507 1.0752e-01     0.3567    91.4679     8.1878     6.8980    32.9701    32.9718    26.1165    26.1186    7.26570 0.0000e+00
       2417     26.731     4.5366     4.5274   3.131418   3.130858     3.0484     2.8710      8.190     3.6845     1.4902 1.0752e-01     0.3571    91.4592     8.1917     6.8965    32.9699    32.9725    26.1163    26.1194    7.26585 0.0000e+00
       2420     26.817     4.5357     4.5261   3.131321   3.130788     3.0480     2.8702      8.190     3.7284     1.5692 1.0752e-01     0.3674    91.2246     8.1921     6.8948    32.9696    32.9729    26.1162    26.1199    7.26602 0.0000e+00
       2423     26.894     4.5348     4.5265   3.131303   3.130839     3.0484     2.8698      8.188     4.1387     1.5692 1.0752e-01     0.3895    90.7206     8.1954     6.8951    32.9702    32.9731    26.1168    26.1199    7.26615 0.0000e+00
       2426     26.962     4.5345     4.5261   3.131359   3.130807     3.0476     2.8694      8.188     4.1534     1.5692 1.0752e-01     0.3884    90.7466     8.1938     6.8959    32.9711    32.9731    26.1175    26.1200    7.26615 0.0000e+00
       2429     27.025     4.5355     4.5257   3.131406   3.130773     3.0480     2.8694      8.188     4.1485     1.5692 1.0752e-01     0.3884    90.7466     8.1964     6.8989    32.9707    32.9731    26.1171    26.1200    7.26601 0.0000e+00
       2432     27.081     4.5369     4.5254   3.131414   3.130775     3.0484     2.8690      8.190     4.1485     1.5692 1.0752e-01     0.3888    90.7379     8.1979     6.9010    32.9693    32.9734    26.1159    26.1203    7.26582 0.0000e+00
       2435     27.125     4.5381     4.5256   3.131463   3.130780     3.0488     2.8681      8.190     4.1534     1.5692 1.0752e-01     0.3888    90.7379     8.1991     6.9011    32.9687    32.9732    26.1152    26.1201    7.26563 0.0000e+00
       2438     27.168     4.5398     4.5254   3.131528   3.130806     3.0476     2.8681      8.188     4.1485     1.5692 1.0752e-01     0.3884    90.7466     8.1951     6.9039    32.9677    32.9737    26.1143    26.1206    7.26538 0.0000e+00
       2441     27.201     4.5410     4.5253   3.131564   3.130851     3.0488     2.8681      8.188     4.1534     1.5692 1.0752e-01     0.3796    90.9465     8.1988     6.9078    32.9669    32.9743    26.1135    26.1210    7.26521 0.0000e+00
