Datasets/AZMP/COO001/79001084.cnv
* Sea-Bird SBE 9 Data File:
* FileName = C:\CTDDATA\79001084.hex
* Software Version Seasave V 7.26.7.110
* Temperature SN = 5660
* Conductivity SN = 3698
* Number of Bytes Per Scan = 30
* Number of Voltage Words = 4
* Number of Scans Averaged by the Deck Unit = 1
* NMEA baud rate = 9600
** VESSEL/TRIP/SEQ STN:  79001084
** LATITUDE XX XX.XX N:  48 09.66 N
** LONGITUDE XX XX.XX W:  53 44.56 W
** SOUNDING DEPTH (M):  0087
** PROBE TYPE: S1257
** CTD NUMBER: 051
** COMMENTS (14 CHAR): SS-13
** BOTTLES:  0
** LEVELS:
** STICKERS:
** VNET: N
** DO2: N
# nquan = 22
# nvalues = 2920                        
# units = specified
# name 0 = scan: Scan Count
# name 1 = prDM: Pressure, Digiquartz [db]
# name 2 = t090C: Temperature [ITS-90, deg C]
# name 3 = t190C: Temperature, 2 [ITS-90, deg C]
# name 4 = c0S/m: Conductivity [S/m]
# name 5 = c1S/m: Conductivity, 2 [S/m]
# name 6 = sbeox0V: Oxygen raw, SBE 43 [V]
# name 7 = sbeox1V: Oxygen raw, SBE 43, 2 [V]
# name 8 = ph: pH
# name 9 = flECO-AFL: Fluorescence, WET Labs ECO-AFL/FL [mg/m^3]
# name 10 = wetCDOM: Fluorescence, WET Labs CDOM [mg/m^3]
# name 11 = par/sat/log: PAR/Logarithmic, Satlantic [umol photons/m^2/sec]
# name 12 = CStarAt0: Beam Attenuation, WET Labs C-Star [1/m]
# name 13 = CStarTr0: Beam Transmission, WET Labs C-Star [%]
# name 14 = sbeox0ML/L: Oxygen, SBE 43 [ml/l], WS = 2
# name 15 = sbeox1ML/L: Oxygen, SBE 43, 2 [ml/l], WS = 2
# name 16 = sal00: Salinity, Practical [PSU]
# name 17 = sal11: Salinity, Practical, 2 [PSU]
# name 18 = sigma-t00: Density [sigma-t, kg/m^3 ]
# name 19 = sigma-t11: Density, 2 [sigma-t, kg/m^3 ]
# name 20 = oxsatML/L: Oxygen Saturation, Weiss [ml/l]
# name 21 = flag: flag
# span 0 =        320,      11188       
# span 1 =      1.565,     76.546       
# span 2 =     2.9781,     3.5070       
# span 3 =     2.9576,     3.5070       
# span 4 =   2.890321,   2.931961       
# span 5 =   2.890682,   2.932144       
# span 6 =     2.5092,     2.7316       
# span 7 =     2.6509,     2.7006       
# span 8 =      8.165,      8.179       
# span 9 =     0.1583,     0.7736       
# span 10 =     1.9245,     3.5826      
# span 11 = 1.0355e-01, 1.2033e+00      
# span 12 =     0.0945,     0.2075      
# span 13 =    94.9438,    97.6637      
# span 14 =     6.7100,     7.4754      
# span 15 =     7.7090,     7.8858      
# span 16 =    31.1877,    31.9999      
# span 17 =    31.1891,    32.0113      
# span 18 =    24.8030,    25.4915      
# span 19 =    24.8042,    25.5034      
# span 20 =    7.52371,    7.60137      
# span 21 = 0.0000e+00, 0.0000e+00      
# interval = scans: 3                   
# start_time = Dec 01 2019 22:19:55 [System UTC, header]
# bad_flag = -9.990e-29
*END*
[from data line 1712]
       7165     63.135     3.2627     3.2783   2.931021   2.931503     2.7095     2.6766      8.175     0.2364     2.0429 1.0827e-01     0.0971    97.6029     7.4460     7.8440    31.8443    31.8347    25.3442    25.3352    7.55483 0.0000e+00
       7168     63.068     3.2617     3.2773   2.931030   2.931510     2.7108     2.6778      8.175     0.2413     2.0429 1.0827e-01     0.0971    97.6029     7.4488     7.8425    31.8453    31.8358    25.3451    25.3362    7.55495 0.0000e+00
       7171     63.001     3.2619     3.2785   2.931023   2.931525     2.7091     2.6778      8.175     0.2364     2.0429 1.0827e-01     0.0971    97.6029     7.4412     7.8380    31.8451    31.8348    25.3449    25.3353    7.55493 0.0000e+00
       7174     62.935     3.2621     3.2791   2.931014   2.931519     2.7095     2.6778      8.175     0.2364     2.0429 1.0827e-01     0.0971    97.6029     7.4421     7.8360    31.8449    31.8342    25.3448    25.3348    7.55491 0.0000e+00
       7177     62.869     3.2613     3.2787   2.931014   2.931501     2.7095     2.6778      8.175     0.2413     2.0429 1.0827e-01     0.0971    97.6029     7.4402     7.8340    31.8456    31.8344    25.3454    25.3349    7.55501 0.0000e+00
       7180     62.803     3.2615     3.2770   2.931018   2.931465     2.7091     2.6778      8.173     0.2413     2.1219 1.0827e-01     0.0971    97.6029     7.4375     7.8320    31.8455    31.8357    25.3453    25.3361    7.55498 0.0000e+00
       7183     62.736     3.2631     3.2754   2.931037   2.931405     2.7083     2.6774      8.175     0.2364     2.1614 1.0827e-01     0.0971    97.6029     7.4352     7.8285    31.8443    31.8366    25.3442    25.3370    7.55475 0.0000e+00
       7186     62.671     3.2652     3.2745   2.931072   2.931417     2.7095     2.6774      8.175     0.2364     2.1614 1.0827e-01     0.0981    97.5768     7.4405     7.8283    31.8427    31.8376    25.3427    25.3378    7.55443 0.0000e+00
       7189     62.606     3.2662     3.2747   2.931075   2.931443     2.7095     2.6774      8.173     0.2364     2.1614 1.0827e-01     0.1003    97.5247     7.4399     7.8275    31.8417    31.8377    25.3419    25.3379    7.55428 0.0000e+00
       7192     62.541     3.2673     3.2745   2.931084   2.931419     2.7091     2.6766      8.175     0.2315     2.1614 1.0815e-01     0.1003    97.5247     7.4388     7.8247    31.8408    31.8377    25.3410    25.3379    7.55413 0.0000e+00
       7195     62.476     3.2683     3.2748   2.931110   2.931437     2.7083     2.6766      8.173     0.2364     2.1614 1.0827e-01     0.0999    97.5334     7.4380     7.8286    31.8401    31.8377    25.3404    25.3379    7.55396 0.0000e+00
       7198     62.410     3.2696     3.2761   2.931152   2.931458     2.7083     2.6770      8.175     0.2315     2.1614 1.0827e-01     0.0999    97.5334     7.4383     7.8332    31.8394    31.8366    25.3397    25.3370    7.55375 0.0000e+00
       7201     62.344     3.2704     3.2761   2.931125   2.931449     2.7071     2.6774      8.175     0.2462     2.1614 1.0827e-01     0.1003    97.5247     7.4365     7.8397    31.8383    31.8366    25.3388    25.3369    7.55366 0.0000e+00
       7204     62.276     3.2712     3.2759   2.931159   2.931438     2.7083     2.6766      8.175     0.2511     2.1614 1.0827e-01     0.0999    97.5334     7.4399     7.8418    31.8379    31.8367    25.3384    25.3370    7.55352 0.0000e+00
       7207     62.213     3.2718     3.2758   2.931176   2.931440     2.7095     2.6774      8.173     0.2559     2.1219 1.0827e-01     0.0981    97.5768     7.4440     7.8509    31.8377    31.8369    25.3381    25.3372    7.55344 0.0000e+00
       7210     62.149     3.2724     3.2763   2.931170   2.931461     2.7087     2.6778      8.175     0.2462     2.1614 1.0827e-01     0.0960    97.6289     7.4437     7.8579    31.8370    31.8367    25.3375    25.3370    7.55335 0.0000e+00
       7213     62.085     3.2724     3.2762   2.931162   2.931422     2.7075     2.6778      8.175     0.2511     2.1614 1.0815e-01     0.0960    97.6289     7.4431     7.8605    31.8370    31.8363    25.3375    25.3367    7.55335 0.0000e+00
       7216     62.020     3.2721     3.2757   2.931116   2.931406     2.7083     2.6778      8.173     0.2511     2.1614 1.0827e-01     0.0960    97.6289     7.4487     7.8631    31.8368    31.8366    25.3374    25.3370    7.55343 0.0000e+00
       7219     61.955     3.2716     3.2748   2.931133   2.931375     2.7087     2.6786      8.175     0.2511     2.1614 1.0827e-01     0.0960    97.6289     7.4510     7.8661    31.8374    31.8372    25.3379    25.3375    7.55347 0.0000e+00
       7222     61.892     3.2716     3.2735   2.931133   2.931348     2.7091     2.6786      8.175     0.2462     2.1614 1.0827e-01     0.0960    97.6289     7.4531     7.8660    31.8374    31.8382    25.3380    25.3384    7.55347 0.0000e+00
       7225     61.828     3.2716     3.2733   2.931129   2.931346     2.7087     2.6790      8.173     0.2511     2.1614 1.0827e-01     0.0964    97.6202     7.4512     7.8670    31.8375    31.8384    25.3380    25.3386    7.55348 0.0000e+00
       7228     61.764     3.2715     3.2734   2.931108   2.931351     2.7071     2.6794      8.175     0.2608     2.1614 1.0815e-01     0.0978    97.5855     7.4456     7.8689    31.8373    31.8384    25.3379    25.3386    7.55350 0.0000e+00
       7231     61.700     3.2713     3.2731   2.931137   2.931352     2.7095     2.6802      8.175     0.2755     2.2009 1.0815e-01     0.0978    97.5855     7.4558     7.8705    31.8379    31.8387    25.3384    25.3389    7.55351 0.0000e+00
       7234     61.633     3.2707     3.2730   2.931118   2.931362     2.7099     2.6798      8.175     0.2657     2.2798 1.0827e-01     0.0978    97.5855     7.4589     7.8689    31.8383    31.8390    25.3387    25.3391    7.55360 0.0000e+00
       7237     61.568     3.2691     3.2745   2.931112   2.931388     2.7099     2.6798      8.173     0.2755     2.2798 1.0827e-01     0.0974    97.5942     7.4593     7.8672    31.8398    31.8378    25.3401    25.3380    7.55383 0.0000e+00
       7240     61.505     3.2682     3.2758   2.931071   2.931415     2.7095     2.6802      8.175     0.2706     2.2798 1.0827e-01     0.0974    97.5942     7.4582     7.8643    31.8403    31.8369    25.3405    25.3372    7.55398 0.0000e+00
       7243     61.442     3.2676     3.2774   2.931072   2.931449     2.7091     2.6802      8.175     0.2706     2.2798 1.0827e-01     0.0974    97.5942     7.4582     7.8598    31.8409    31.8357    25.3410    25.3361    7.55406 0.0000e+00
       7246     61.378     3.2671     3.2780   2.931069   2.931449     2.7095     2.6802      8.175     0.2706     2.2798 1.0827e-01     0.0974    97.5942     7.4609     7.8547    31.8414    31.8353    25.3415    25.3357    7.55412 0.0000e+00
       7249     61.316     3.2675     3.2782   2.931043   2.931446     2.7099     2.6810      8.175     0.2657     2.2798 1.0827e-01     0.0967    97.6116     7.4633     7.8530    31.8407    31.8350    25.3410    25.3355    7.55409 0.0000e+00
       7252     61.253     3.2679     3.2784   2.931075   2.931452     2.7104     2.6810      8.175     0.2657     2.2798 1.0827e-01     0.0967    97.6116     7.4624     7.8479    31.8407    31.8349    25.3409    25.3354    7.55401 0.0000e+00
       7255     61.190     3.2684     3.2785   2.931080   2.931448     2.7108     2.6814      8.175     0.2657     2.2798 1.0827e-01     0.0964    97.6202     7.4603     7.8474    31.8404    31.8348    25.3406    25.3353    7.55394 0.0000e+00
       7258     61.128     3.2695     3.2786   2.931102   2.931442     2.7099     2.6814      8.172     0.2755     2.1614 1.0827e-01     0.0967    97.6116     7.4587     7.8476    31.8395    31.8347    25.3398    25.3352    7.55376 0.0000e+00
       7261     61.063     3.2707     3.2781   2.931080   2.931433     2.7108     2.6810      8.175     0.2706     2.1614 1.0827e-01     0.0971    97.6029     7.4613     7.8451    31.8382    31.8351    25.3386    25.3355    7.55361 0.0000e+00
       7264     61.000     3.2712     3.2780   2.931076   2.931407     2.7116     2.6810      8.175     0.2755     2.1614 1.0815e-01     0.0971    97.6029     7.4632     7.8450    31.8377    31.8349    25.3382    25.3354    7.55355 0.0000e+00
       7267     60.938     3.2712     3.2776   2.931071   2.931420     2.7116     2.6802      8.175     0.2608     2.1614 1.0827e-01     0.0971    97.6029     7.4616     7.8420    31.8376    31.8355    25.3382    25.3360    7.55354 0.0000e+00
       7270     60.875     3.2706     3.2765   2.931042   2.931380     2.7120     2.6806      8.175     0.2706     2.1614 1.0827e-01     0.0971    97.6029     7.4619     7.8441    31.8379    31.8361    25.3385    25.3365    7.55365 0.0000e+00
       7273     60.813     3.2706     3.2754   2.931084   2.931353     2.7112     2.6802      8.175     0.2657     2.1614 1.0827e-01     0.0971    97.6029     7.4580     7.8421    31.8384    31.8369    25.3388    25.3373    7.55361 0.0000e+00
       7276     60.751     3.2714     3.2749   2.931089   2.931328     2.7108     2.6802      8.175     0.2608     2.1614 1.0827e-01     0.0971    97.6029     7.4553     7.8431    31.8378    31.8372    25.3383    25.3375    7.55351 0.0000e+00
       7279     60.689     3.2704     3.2744   2.931073   2.931372     2.7112     2.6810      8.175     0.2706     2.1614 1.0827e-01     0.0971    97.6029     7.4566     7.8475    31.8386    31.8382    25.3390    25.3383    7.55365 0.0000e+00
       7282     60.627     3.2701     3.2744   2.931052   2.931361     2.7120     2.6810      8.175     0.2755     2.1614 1.0827e-01     0.0971    97.6029     7.4593     7.8494    31.8386    31.8381    25.3391    25.3382    7.55370 0.0000e+00
       7285     60.566     3.2702     3.2754   2.931045   2.931408     2.7112     2.6814      8.175     0.2657     2.1614 1.0827e-01     0.0971    97.6029     7.4551     7.8549    31.8385    31.8377    25.3389    25.3379    7.55369 0.0000e+00
       7288     60.506     3.2702     3.2781   2.931048   2.931472     2.7116     2.6814      8.175     0.2657     2.1614 1.0827e-01     0.0978    97.5855     7.4561     7.8571    31.8386    31.8359    25.3390    25.3362    7.55369 0.0000e+00
       7291     60.446     3.2707     3.2792   2.931044   2.931448     2.7112     2.6814      8.175     0.2657     2.1614 1.0827e-01     0.0988    97.5594     7.4551     7.8579    31.8381    31.8345    25.3386    25.3350    7.55362 0.0000e+00
       7294     60.383     3.2711     3.2797   2.931069   2.931487     2.7124     2.6818      8.175     0.2706     2.1614 1.0815e-01     0.0988    97.5594     7.4596     7.8577    31.8380    31.8346    25.3385    25.3349    7.55354 0.0000e+00
       7297     60.320     3.2722     3.2814   2.931116   2.931516     2.7116     2.6814      8.175     0.2608     2.1614 1.0827e-01     0.0985    97.5681     7.4580     7.8550    31.8375    31.8332    25.3380    25.3337    7.55337 0.0000e+00
       7300     60.258     3.2726     3.2846   2.931100   2.931613     2.7120     2.6814      8.175     0.2657     2.1614 1.0827e-01     0.0985    97.5681     7.4580     7.8514    31.8370    31.8312    25.3375    25.3319    7.55332 0.0000e+00
       7303     60.195     3.2726     3.2876   2.931084   2.931660     2.7120     2.6814      8.175     0.2608     2.1614 1.0827e-01     0.0985    97.5681     7.4552     7.8492    31.8368    31.8289    25.3373    25.3298    7.55332 0.0000e+00
       7306     60.134     3.2724     3.2897   2.931078   2.931664     2.7124     2.6814      8.173     0.2657     2.1614 1.0815e-01     0.0985    97.5681     7.4558     7.8493    31.8369    31.8270    25.3375    25.3281    7.55335 0.0000e+00
       7309     60.070     3.2723     3.2890   2.931081   2.931609     2.7120     2.6827      8.175     0.2559     2.1614 1.0827e-01     0.0974    97.5942     7.4533     7.8544    31.8371    31.8270    25.3377    25.3281    7.55337 0.0000e+00
       7312     60.006     3.2722     3.2871   2.931058   2.931569     2.7124     2.6823      8.175     0.2559     2.1614 1.0827e-01     0.0974    97.5942     7.4533     7.8530    31.8370    31.8284    25.3375    25.3294    7.55339 0.0000e+00
       7315     59.945     3.2724     3.2856   2.931051   2.931544     2.7116     2.6823      8.175     0.2511     2.1614 1.0827e-01     0.0974    97.5942     7.4492     7.8527    31.8368    31.8296    25.3373    25.3306    7.55337 0.0000e+00
       7318     59.882     3.2726     3.2832   2.931055   2.931477     2.7124     2.6814      8.175     0.2462     2.1614 1.0827e-01     0.0974    97.5942     7.4492     7.8492    31.8366    31.8312    25.3372    25.3320    7.55334 0.0000e+00
       7321     59.818     3.2725     3.2813   2.931065   2.931462     2.7128     2.6823      8.175     0.2462     2.1614 1.0827e-01     0.0971    97.6029     7.4507     7.8528    31.8368    31.8330    25.3374    25.3336    7.55333 0.0000e+00
       7324     59.756     3.2724     3.2812   2.931035   2.931465     2.7116     2.6818      8.175     0.2511     2.1614 1.0827e-01     0.0971    97.6029     7.4468     7.8502    31.8366    31.8331    25.3372    25.3337    7.55336 0.0000e+00
       7327     59.693     3.2726     3.2821   2.931047   2.931480     2.7112     2.6827      8.175     0.2559     2.1614 1.0827e-01     0.0974    97.5942     7.4466     7.8509    31.8366    31.8325    25.3373    25.3331    7.55334 0.0000e+00
       7330     59.629     3.2727     3.2820   2.931051   2.931464     2.7116     2.6827      8.175     0.2559     2.1614 1.0827e-01     0.0949    97.6550     7.4493     7.8464    31.8365    31.8324    25.3372    25.3331    7.55331 0.0000e+00
       7333     59.566     3.2728     3.2817   2.931042   2.931456     2.7112     2.6823      8.175     0.2657     2.1614 1.0827e-01     0.0949    97.6550     7.4491     7.8412    31.8364    31.8326    25.3370    25.3333    7.55330 0.0000e+00
       7336     59.503     3.2729     3.2822   2.931038   2.931489     2.7120     2.6827      8.175     0.2706     2.0824 1.0815e-01     0.0949    97.6550     7.4531     7.8418    31.8363    31.8325    25.3369    25.3331    7.55328 0.0000e+00
       7339     59.440     3.2731     3.2812   2.931055   2.931429     2.7108     2.6823      8.175     0.2657     2.0429 1.0827e-01     0.0949    97.6550     7.4504     7.8380    31.8364    31.8329    25.3370    25.3335    7.55325 0.0000e+00
       7342     59.376     3.2731     3.2795   2.931058   2.931404     2.7108     2.6823      8.175     0.2755     2.0429 1.0815e-01     0.0949    97.6550     7.4520     7.8363    31.8363    31.8343    25.3370    25.3348    7.55324 0.0000e+00
       7345     59.312     3.2734     3.2814   2.931046   2.931462     2.7116     2.6827      8.175     0.2706     2.0429 1.0827e-01     0.0949    97.6550     7.4564     7.8342    31.8360    31.8331    25.3367    25.3337    7.55321 0.0000e+00
       7348     59.248     3.2733     3.2836   2.931039   2.931505     2.7124     2.6823      8.175     0.2657     2.0429 1.0827e-01     0.0981    97.5768     7.4598     7.8279    31.8361    31.8314    25.3368    25.3322    7.55323 0.0000e+00
       7351     59.186     3.2733     3.2833   2.931028   2.931468     2.7124     2.6823      8.175     0.2755     2.0429 1.0827e-01     0.1028    97.4638     7.4602     7.8238    31.8359    31.8314    25.3366    25.3321    7.55323 0.0000e+00
       7354     59.123     3.2734     3.2838   2.931033   2.931474     2.7120     2.6814      8.175     0.2706     2.0429 1.0815e-01     0.1024    97.4725     7.4593     7.8190    31.8359    31.8310    25.3366    25.3317    7.55321 0.0000e+00
       7357     59.060     3.2736     3.2843   2.931051   2.931490     2.7120     2.6814      8.175     0.2608     2.0429 1.0827e-01     0.1024    97.4725     7.4595     7.8181    31.8360    31.8308    25.3367    25.3315    7.55317 0.0000e+00
