Datasets/AZMP/COO001/79001012.cnv
* Sea-Bird SBE 9 Data File:
* FileName = C:\CTDDATA\79001012.hex
* Software Version Seasave V 7.26.7.110
* Temperature SN = 5811
* Conductivity SN = 4531
* Number of Bytes Per Scan = 30
* Number of Voltage Words = 4
* Number of Scans Averaged by the Deck Unit = 1
* NMEA baud rate = 9600
** VESSEL/TRIP/SEQ STN:  79001012
** LATITUDE XX XX.XX N:  46 10.88 N
** LONGITUDE XX XX.XX W:  56 30.65 W
** SOUNDING DEPTH (M):  0070
** PROBE TYPE (S1221): S1221
** CTD NUMBER: 005
** COMMENTS (14 CHAR):  SWSPB-03
** BOTTLES:  9
** LEVELS: 5,5,10,20,20,30,40,50,BTM
** STICKERS: 434629 - 434637
** VNET: Y
** DO2: N
# nquan = 22
# nvalues = 1922                        
# units = specified
# name 0 = scan: Scan Count
# name 1 = prDM: Pressure, Digiquartz [db]
# name 2 = t090C: Temperature [ITS-90, deg C]
# name 3 = t190C: Temperature, 2 [ITS-90, deg C]
# name 4 = c0S/m: Conductivity [S/m]
# name 5 = c1S/m: Conductivity, 2 [S/m]
# name 6 = sbeox0V: Oxygen raw, SBE 43 [V]
# name 7 = sbeox1V: Oxygen raw, SBE 43, 2 [V]
# name 8 = ph: pH
# name 9 = flECO-AFL: Fluorescence, WET Labs ECO-AFL/FL [mg/m^3]
# name 10 = wetCDOM: Fluorescence, WET Labs CDOM [mg/m^3]
# name 11 = par/sat/log: PAR/Logarithmic, Satlantic [umol photons/m^2/sec]
# name 12 = CStarAt0: Beam Attenuation, WET Labs C-Star [1/m]
# name 13 = CStarTr0: Beam Transmission, WET Labs C-Star [%]
# name 14 = sbeox0ML/L: Oxygen, SBE 43 [ml/l], WS = 2
# name 15 = sbeox1ML/L: Oxygen, SBE 43, 2 [ml/l], WS = 2
# name 16 = sal00: Salinity, Practical [PSU]
# name 17 = sal11: Salinity, Practical, 2 [PSU]
# name 18 = sigma-t00: Density [sigma-t, kg/m^3 ]
# name 19 = sigma-t11: Density, 2 [sigma-t, kg/m^3 ]
# name 20 = oxsatML/L: Oxygen Saturation, Weiss [ml/l]
# name 21 = flag: flag
# span 0 =         40,      34633       
# span 1 =      0.363,     62.860       
# span 2 =     2.1160,     6.1038       
# span 3 =     2.1151,     6.1042       
# span 4 =   1.197988,   3.154962       
# span 5 =   1.561976,   3.155011       
# span 6 =     2.4518,     2.6577       
# span 7 =     2.3379,     2.5354       
# span 8 =      8.044,      8.159       
# span 9 =     0.1315,     0.9837       
# span 10 =    -1.0780,   108.9220      
# span 11 = 1.1746e-01, 2.5415e+00      
# span 12 =    -0.0689,    -0.0202      
# span 13 =   100.5069,   101.7368      
# span 14 =     7.1651,     7.6560      
# span 15 =     7.0150,     7.7978      
# span 16 =    11.1475,    32.3846      
# span 17 =    14.7749,    32.3644      
# span 18 =     8.7474,    25.8584      
# span 19 =    11.6040,    25.8430      
# span 20 =    7.05452,    8.07435      
# span 21 = 0.0000e+00, 0.0000e+00      
# interval = scans: 3                   
# start_time = Nov 19 2019 03:45:35 [System UTC, header]
# bad_flag = -9.990e-29
*END*
[from data line 988]
      12267     47.356     2.1213     2.1221   2.878247   2.878284     2.4605     2.3428      8.046     0.1852     4.2407 1.1773e-01    -0.0646   101.6282     7.5543     7.6674    32.3525    32.3520    25.8420    25.8417    7.75009 0.0000e+00
      12270     47.321     2.1211     2.1221   2.878262   2.878289     2.4592     2.3432      8.046     0.1754     4.0616 1.1787e-01    -0.0646   101.6282     7.5474     7.6683    32.3527    32.3521    25.8423    25.8418    7.75010 0.0000e+00
      12273     47.287     2.1213     2.1220   2.878239   2.878276     2.4592     2.3432      8.046     0.1730     2.2529 1.1787e-01    -0.0646   101.6282     7.5465     7.6685    32.3524    32.3520    25.8420    25.8417    7.75009 0.0000e+00
      12276     47.254     2.1214     2.1221   2.878238   2.878281     2.4592     2.3445      8.046     0.1730     2.1723 1.1787e-01    -0.0653   101.6463     7.5466     7.6740    32.3522    32.3520    25.8418    25.8416    7.75007 0.0000e+00
      12279     47.222     2.1214     2.1220   2.878254   2.878262     2.4584     2.3445      8.046     0.1705     2.1723 1.1773e-01    -0.0657   101.6554     7.5442     7.6748    32.3525    32.3520    25.8421    25.8416    7.75007 0.0000e+00
      12282     47.188     2.1212     2.1220   2.878257   2.878281     2.4588     2.3445      8.046     0.1705     2.1723 1.1787e-01    -0.0657   101.6554     7.5474     7.6756    32.3527    32.3522    25.8422    25.8418    7.75008 0.0000e+00
      12285     47.156     2.1214     2.1220   2.878242   2.878260     2.4584     2.3441      8.046     0.1730     2.1723 1.1787e-01    -0.0657   101.6554     7.5472     7.6743    32.3523    32.3520    25.8420    25.8416    7.75007 0.0000e+00
      12288     47.126     2.1214     2.1218   2.878246   2.878267     2.4576     2.3441      8.046     0.1705     2.1723 1.1773e-01    -0.0664   101.6735     7.5439     7.6739    32.3524    32.3522    25.8420    25.8419    7.75006 0.0000e+00
      12291     47.097     2.1215     2.1222   2.878240   2.878306     2.4572     2.3432      8.046     0.1705     2.1723 1.1787e-01    -0.0664   101.6735     7.5435     7.6695    32.3523    32.3524    25.8419    25.8419    7.75006 0.0000e+00
      12294     47.071     2.1214     2.1225   2.878238   2.878303     2.4568     2.3441      8.046     0.1754     2.1723 1.1787e-01    -0.0653   101.6463     7.5450     7.6709    32.3523    32.3520    25.8419    25.8416    7.75006 0.0000e+00
      12297     47.044     2.1213     2.1227   2.878248   2.878311     2.4568     2.3445      8.046     0.1828     1.2501 1.1787e-01    -0.0653   101.6463     7.5471     7.6707    32.3525    32.3520    25.8421    25.8416    7.75007 0.0000e+00
      12300     47.019     2.1213     2.1228   2.878240   2.878338     2.4568     2.3445      8.046     0.1779    -0.8989 1.1787e-01    -0.0657   101.6554     7.5497     7.6694    32.3524    32.3521    25.8421    25.8417    7.75007 0.0000e+00
      12303     46.994     2.1213     2.1231   2.878233   2.878331     2.4564     2.3445      8.046     0.1779    -0.8452 1.1787e-01    -0.0657   101.6554     7.5508     7.6701    32.3524    32.3518    25.8420    25.8414    7.75008 0.0000e+00
      12324     46.877     2.1211     2.1231   2.878197   2.878323     2.4564     2.3449      8.046     0.1706     1.0441 1.1787e-01    -0.0646   101.6282     7.5579     7.6745    32.3522    32.3517    25.8419    25.8413    7.75013 0.0000e+00
      12356     46.705     2.1211     2.1232   2.878190   2.878332     2.4572     2.3457      8.048     0.1559     4.8316 1.1787e-01    -0.0671   101.6916     7.5642     7.6794    32.3523    32.3519    25.8419    25.8414    7.75013 0.0000e+00
      12359     46.680     2.1210     2.1228   2.878217   2.878314     2.4572     2.3457      8.046     0.1559     4.8316 1.1787e-01    -0.0675   101.7006     7.5646     7.6792    32.3527    32.3521    25.8422    25.8416    7.75012 0.0000e+00
      12362     46.653     2.1211     2.1226   2.878220   2.878302     2.4576     2.3457      8.049     0.1559     4.8316 1.1787e-01    -0.0675   101.7006     7.5658     7.6775    32.3526    32.3522    25.8422    25.8417    7.75011 0.0000e+00
      12365     46.622     2.1212     2.1223   2.878238   2.878277     2.4572     2.3457      8.046     0.1584     4.8316 1.1787e-01    -0.0675   101.7006     7.5648     7.6756    32.3528    32.3521    25.8423    25.8417    7.75008 0.0000e+00
      12368     46.584     2.1216     2.1224   2.878241   2.878276     2.4568     2.3457      8.046     0.1559     4.8316 1.1787e-01    -0.0675   101.7006     7.5629     7.6739    32.3524    32.3521    25.8420    25.8417    7.75002 0.0000e+00
      12371     46.543     2.1215     2.1230   2.878226   2.878322     2.4576     2.3457      8.046     0.1584     4.8316 1.1787e-01    -0.0671   101.6916     7.5659     7.6735    32.3524    32.3520    25.8420    25.8416    7.75004 0.0000e+00
      12374     46.499     2.1216     2.1231   2.878228   2.878328     2.4576     2.3457      8.046     0.1437     4.8316 1.1787e-01    -0.0660   101.6644     7.5670     7.6734    32.3523    32.3520    25.8419    25.8415    7.75003 0.0000e+00
      12377     46.450     2.1215     2.1227   2.878208   2.878278     2.4572     2.3457      8.046     0.1388     5.4405 1.1787e-01    -0.0632   101.5921     7.5669     7.6733    32.3522    32.3519    25.8418    25.8415    7.75005 0.0000e+00
      12380     46.397     2.1215     2.1223   2.878216   2.878265     2.4572     2.3457      8.046     0.1437     5.5748 1.1787e-01    -0.0632   101.5921     7.5666     7.6728    32.3524    32.3521    25.8420    25.8417    7.75005 0.0000e+00
      12383     46.338     2.1215     2.1224   2.878238   2.878269     2.4580     2.3465      8.046     0.1412     5.5838 1.1787e-01    -0.0632   101.5921     7.5698     7.6765    32.3526    32.3521    25.8422    25.8417    7.75003 0.0000e+00
      12386     46.274     2.1216     2.1223   2.878242   2.878273     2.4576     2.3457      8.046     0.1412     5.5838 1.1773e-01    -0.0632   101.5921     7.5683     7.6725    32.3526    32.3523    25.8422    25.8418    7.75001 0.0000e+00
      12389     46.207     2.1217     2.1224   2.878233   2.878260     2.4580     2.3457      8.046     0.1412     5.5748 1.1773e-01    -0.0632   101.5921     7.5707     7.6719    32.3525    32.3521    25.8420    25.8417    7.75001 0.0000e+00
      12392     46.137     2.1216     2.1224   2.878226   2.878265     2.4576     2.3461      8.046     0.1388     5.5838 1.1787e-01    -0.0632   101.5921     7.5696     7.6729    32.3525    32.3522    25.8421    25.8417    7.75002 0.0000e+00
      12395     46.064     2.1217     2.1223   2.878214   2.878239     2.4576     2.3457      8.046     0.1412     5.5838 1.1787e-01    -0.0642   101.6192     7.5696     7.6706    32.3523    32.3520    25.8418    25.8416    7.75001 0.0000e+00
      12398     45.986     2.1217     2.1223   2.878231   2.878261     2.4584     2.3461      8.046     0.1412     5.5748 1.1787e-01    -0.0649   101.6373     7.5731     7.6716    32.3525    32.3523    25.8421    25.8419    7.75000 0.0000e+00
      12401     45.906     2.1218     2.1223   2.878208   2.878242     2.4580     2.3457      8.046     0.1535     5.0197 1.1773e-01    -0.0649   101.6373     7.5718     7.6693    32.3522    32.3521    25.8418    25.8417    7.75000 0.0000e+00
      12404     45.827     2.1217     2.1223   2.878243   2.878231     2.4580     2.3457      8.048     0.1461     1.0799 1.1787e-01    -0.0649   101.6373     7.5713     7.6686    32.3528    32.3520    25.8423    25.8416    7.74999 0.0000e+00
      12407     45.747     2.1219     2.1224   2.878223   2.878237     2.4580     2.3461      8.048     0.1486     0.9993 1.1787e-01    -0.0649   101.6373     7.5717     7.6706    32.3524    32.3521    25.8420    25.8417    7.74997 0.0000e+00
      12410     45.666     2.1218     2.1223   2.878239   2.878256     2.4584     2.3457      8.046     0.1461     1.0083 1.1787e-01    -0.0642   101.6192     7.5734     7.6691    32.3527    32.3524    25.8422    25.8419    7.74997 0.0000e+00
      12413     45.586     2.1219     2.1232   2.878237   2.878324     2.4584     2.3457      8.049     0.1486     0.9993 1.1773e-01    -0.0649   101.6373     7.5738     7.6676    32.3526    32.3524    25.8421    25.8418    7.74995 0.0000e+00
      12416     45.507     2.1221     2.1256   2.878246   2.878489     2.4588     2.3457      8.046     0.1461     0.9904 1.1787e-01    -0.0646   101.6282     7.5764     7.6662    32.3526    32.3520    25.8421    25.8414    7.74992 0.0000e+00
      12419     45.433     2.1223     2.1261   2.878260   2.878499     2.4588     2.3457      8.046     0.1486     0.9993 1.1787e-01    -0.0642   101.6192     7.5775     7.6660    32.3526    32.3517    25.8421    25.8410    7.74988 0.0000e+00
      12422     45.359     2.1229     2.1272   2.878321   2.878609     2.4588     2.3457      8.046     0.1510     0.9904 1.1787e-01    -0.0642   101.6192     7.5784     7.6646    32.3528    32.3520    25.8422    25.8412    7.74975 0.0000e+00
      12425     45.288     2.1237     2.1284   2.878343   2.878667     2.4588     2.3457      8.046     0.1437     0.9993 1.1787e-01    -0.0646   101.6282     7.5794     7.6645    32.3522    32.3515    25.8417    25.8408    7.74961 0.0000e+00
      12428     45.220     2.1239     2.1288   2.878345   2.878683     2.4592     2.3457      8.046     0.1437     0.6501 1.1787e-01    -0.0646   101.6282     7.5815     7.6636    32.3522    32.3513    25.8416    25.8406    7.74959 0.0000e+00
      12431     45.153     2.1242     2.1290   2.878354   2.878695     2.4592     2.3457      8.046     0.1461     0.0323 1.1787e-01    -0.0642   101.6192     7.5823     7.6622    32.3520    32.3513    25.8414    25.8405    7.74953 0.0000e+00
      12434     45.092     2.1241     2.1291   2.878339   2.878724     2.4592     2.3453      8.048     0.1388     0.0502 1.1787e-01    -0.0642   101.6192     7.5831     7.6595    32.3520    32.3516    25.8414    25.8408    7.74956 0.0000e+00
      12437     45.038     2.1239     2.1289   2.878341   2.878669     2.4596     2.3453      8.046     0.1412     0.0502 1.1787e-01    -0.0639   101.6102     7.5857     7.6601    32.3522    32.3512    25.8416    25.8404    7.74959 0.0000e+00
      12440     44.987     2.1240     2.1283   2.878343   2.878618     2.4601     2.3457      8.046     0.1412     0.0502 1.1787e-01    -0.0632   101.5921     7.5878     7.6632    32.3522    32.3511    25.8416    25.8405    7.74957 0.0000e+00
      12443     44.940     2.1241     2.1270   2.878373   2.878494     2.4605     2.3449      8.046     0.1412     0.0502 1.1787e-01    -0.0632   101.5921     7.5894     7.6609    32.3524    32.3510    25.8418    25.8405    7.74952 0.0000e+00
      12446     44.898     2.1246     2.1256   2.878403   2.878437     2.4609     2.3453      8.046     0.1412     0.0502 1.1787e-01    -0.0639   101.6102     7.5901     7.6633    32.3523    32.3517    25.8417    25.8411    7.74944 0.0000e+00
      12449     44.859     2.1252     2.1251   2.878445   2.878435     2.4605     2.3453      8.046     0.1412     0.0502 1.1787e-01    -0.0639   101.6102     7.5884     7.6629    32.3522    32.3522    25.8416    25.8415    7.74932 0.0000e+00
      12452     44.824     2.1255     2.1251   2.878415   2.878405     2.4609     2.3449      8.046     0.1535     0.0502 1.1787e-01    -0.0635   101.6011     7.5883     7.6610    32.3516    32.3518    25.8410    25.8413    7.74929 0.0000e+00
      12455     44.792     2.1243     2.1246   2.878331   2.878370     2.4617     2.3445      8.048     0.1584    -0.2274 1.1787e-01    -0.0628   101.5831     7.5900     7.6605    32.3518    32.3520    25.8413    25.8414    7.74952 0.0000e+00
      12458     44.762     2.1228     2.1240   2.878243   2.878321     2.4617     2.3449      8.048     0.1559    -0.3617 1.1787e-01    -0.0625   101.5740     7.5883     7.6644    32.3523    32.3520    25.8418    25.8415    7.74980 0.0000e+00
      12461     44.738     2.1223     2.1244   2.878224   2.878360     2.4617     2.3453      8.048     0.1584    -0.3796 1.1787e-01    -0.0628   101.5831     7.5859     7.6677    32.3525    32.3520    25.8420    25.8415    7.74988 0.0000e+00
      12501     44.591     2.1223     2.1239   2.878224   2.878313     2.4617     2.3461      8.046     0.1486     4.0795 1.1773e-01    -0.0628   101.5831     7.5793     7.6729    32.3526    32.3521    25.8420    25.8415    7.74987 0.0000e+00
      12523     44.507     2.1226     2.1236   2.878218   2.878275     2.4617     2.3461      8.046     0.1461     6.3180 1.1787e-01    -0.0628   101.5831     7.5756     7.6744    32.3523    32.3519    25.8418    25.8415    7.74983 0.0000e+00
      12526     44.481     2.1223     2.1234   2.878220   2.878257     2.4617     2.3457      8.046     0.1412     6.3091 1.1760e-01    -0.0632   101.5921     7.5748     7.6736    32.3526    32.3519    25.8420    25.8415    7.74987 0.0000e+00
      12529     44.452     2.1222     2.1234   2.878181   2.878248     2.4609     2.3457      8.046     0.1437     6.3180 1.1787e-01    -0.0632   101.5921     7.5702     7.6740    32.3522    32.3519    25.8418    25.8415    7.74991 0.0000e+00
      12532     44.419     2.1222     2.1231   2.878187   2.878249     2.4617     2.3465      8.049     0.1510     5.1272 1.1787e-01    -0.0632   101.5921     7.5721     7.6792    32.3524    32.3521    25.8419    25.8417    7.74991 0.0000e+00
      12535     44.385     2.1222     2.1232   2.878201   2.878249     2.4613     2.3461      8.046     0.1461    -0.8362 1.1787e-01    -0.0632   101.5921     7.5686     7.6775    32.3525    32.3521    25.8420    25.8417    7.74990 0.0000e+00
      12538     44.347     2.1224     2.1233   2.878196   2.878236     2.4613     2.3465      8.046     0.1486    -0.8452 1.1787e-01    -0.0621   101.5650     7.5672     7.6793    32.3523    32.3519    25.8418    25.8414    7.74988 0.0000e+00
      12541     44.306     2.1223     2.1238   2.878196   2.878260     2.4617     2.3457      8.046     0.1486    -0.8452 1.1787e-01    -0.0621   101.5650     7.5702     7.6748    32.3524    32.3517    25.8419    25.8412    7.74988 0.0000e+00
      12544     44.264     2.1224     2.1248   2.878210   2.878329     2.4609     2.3465      8.046     0.1510    -0.8452 1.1787e-01    -0.0617   101.5559     7.5692     7.6792    32.3525    32.3516    25.8420    25.8411    7.74985 0.0000e+00
      12547     44.223     2.1228     2.1330   2.878213   2.878810     2.4605     2.3469      8.046     0.1486    -0.8541 1.1787e-01    -0.0621   101.5650     7.5698     7.6793    32.3522    32.3492    25.8417    25.8386    7.74980 0.0000e+00
      12550     44.179     2.1228     2.1497   2.878213   2.879998     2.4605     2.3469      8.046     0.1486    -0.8452 1.1787e-01    -0.0621   101.5650     7.5719     7.6753    32.3522    32.3469    25.8418    25.8355    7.74980 0.0000e+00
      12553     44.135     2.1228     2.1550   2.878225   2.880242     2.4601     2.3469      8.046     0.1486    -0.8541 1.1787e-01    -0.0621   101.5650     7.5719     7.6728    32.3523    32.3446    25.8418    25.8332    7.74978 0.0000e+00
      12556     44.092     2.1232     2.1489   2.878257   2.879873     2.4601     2.3469      8.046     0.1486    -0.8541 1.1773e-01    -0.0624   101.5740     7.5732     7.6728    32.3523    32.3462    25.8418    25.8350    7.74970 0.0000e+00
      12559     44.048     2.1239     2.1434   2.878317   2.879567     2.4601     2.3465      8.046     0.1510    -0.4781 1.1773e-01    -0.0653   101.6463     7.5751     7.6726    32.3525    32.3481    25.8418    25.8369    7.74957 0.0000e+00
      12562     44.005     2.1256     2.1373   2.878352   2.879186     2.4605     2.3469      8.046     0.1510     0.0323 1.1760e-01    -0.0653   101.6463     7.5774     7.6752    32.3511    32.3496    25.8407    25.8385    7.74930 0.0000e+00
