Datasets/AZMP/COO001/79001069.cnv
* Sea-Bird SBE 9 Data File:
* FileName = C:\CTDDATA\79001069.hex
* Software Version Seasave V 7.26.7.110
* Temperature SN = 5660
* Conductivity SN = 3698
* Number of Bytes Per Scan = 30
* Number of Voltage Words = 4
* Number of Scans Averaged by the Deck Unit = 1
* NMEA baud rate = 9600
** VESSEL/TRIP/SEQ STN:  79001069
** LATITUDE XX XX.XX N:  48 08.30 N
** LONGITUDE XX XX.XX W:  53 09.70 W
** SOUNDING DEPTH (M):  0335
** PROBE TYPE: S1257
** CTD NUMBER: 036
** COMMENTS (14 CHAR): TB-03
** BOTTLES:  20
** LEVELS: 5,5,5,5,10,10,10,20,20,20,20,30,40,50,75,100,100,100,150,BTM
** STICKERS: 435155 - 435174
** VNET: Y
** DO2: N
# nquan = 22
# nvalues = 8288                        
# units = specified
# name 0 = scan: Scan Count
# name 1 = prDM: Pressure, Digiquartz [db]
# name 2 = t090C: Temperature [ITS-90, deg C]
# name 3 = t190C: Temperature, 2 [ITS-90, deg C]
# name 4 = c0S/m: Conductivity [S/m]
# name 5 = c1S/m: Conductivity, 2 [S/m]
# name 6 = sbeox0V: Oxygen raw, SBE 43 [V]
# name 7 = sbeox1V: Oxygen raw, SBE 43, 2 [V]
# name 8 = ph: pH
# name 9 = flECO-AFL: Fluorescence, WET Labs ECO-AFL/FL [mg/m^3]
# name 10 = wetCDOM: Fluorescence, WET Labs CDOM [mg/m^3]
# name 11 = par/sat/log: PAR/Logarithmic, Satlantic [umol photons/m^2/sec]
# name 12 = CStarAt0: Beam Attenuation, WET Labs C-Star [1/m]
# name 13 = CStarTr0: Beam Transmission, WET Labs C-Star [%]
# name 14 = sbeox0ML/L: Oxygen, SBE 43 [ml/l], WS = 2
# name 15 = sbeox1ML/L: Oxygen, SBE 43, 2 [ml/l], WS = 2
# name 16 = sal00: Salinity, Practical [PSU]
# name 17 = sal11: Salinity, Practical, 2 [PSU]
# name 18 = sigma-t00: Density [sigma-t, kg/m^3 ]
# name 19 = sigma-t11: Density, 2 [sigma-t, kg/m^3 ]
# name 20 = oxsatML/L: Oxygen Saturation, Weiss [ml/l]
# name 21 = flag: flag
# span 0 =         59,      73876       
# span 1 =      1.346,    332.736       
# span 2 =    -0.7811,     4.0052       
# span 3 =    -0.7819,     4.0220       
# span 4 =   2.675976,   3.001723       
# span 5 =   2.675732,   3.001538       
# span 6 =     2.0645,     2.7712       
# span 7 =     2.0348,     2.7261       
# span 8 =      7.935,      8.168       
# span 9 =     0.0068,     0.7394       
# span 10 =    -1.8655,   482.1870      
# span 11 = 1.0679e-01, 1.0237e+00      
# span 12 =     0.0609,     0.3185      
# span 13 =    92.3456,    98.4892      
# span 14 =     5.6233,     8.0085      
# span 15 =     5.8638,     8.3134      
# span 16 =    31.5529,    34.1297      
# span 17 =    31.5568,    34.0983      
# span 18 =    25.0447,    27.2987      
# span 19 =    25.0460,    27.2711      
# span 20 =    7.43049,    8.34255      
# span 21 = 0.0000e+00, 0.0000e+00      
# interval = scans: 3                   
# start_time = Nov 30 2019 23:53:02 [System UTC, header]
# bad_flag = -9.990e-29
*END*
[from data line 5861]
      27275    187.485    -0.7356    -0.7696   2.686192   2.681595     2.4480     2.4036      8.041     0.0166     1.9245 1.0790e-01     0.0665    98.3502     7.4607     7.7804    32.7977    32.7727    26.3593    26.3404    8.32985 0.0000e+00
      27278    187.352    -0.7390    -0.7686   2.685370   2.681645     2.4484     2.4032      8.041     0.0117     1.9245 1.0790e-01     0.0665    98.3502     7.4652     7.7816    32.7904    32.7724    26.3535    26.3401    8.33103 0.0000e+00
      27281    187.221    -0.7412    -0.7673   2.685229   2.681894     2.4472     2.4032      8.041     0.0215     1.9245 1.0790e-01     0.0672    98.3328     7.4630     7.7818    32.7910    32.7745    26.3541    26.3417    8.33150 0.0000e+00
      27284    187.086    -0.7445    -0.7644   2.684149   2.682611     2.4484     2.4036      8.041     0.0313     1.9245 1.0790e-01     0.0672    98.3328     7.4714     7.7838    32.7801    32.7810    26.3454    26.3469    8.33286 0.0000e+00
      27287    186.952    -0.7488    -0.7611   2.683574   2.682863     2.4488     2.4044      8.041     0.0264     1.9245 1.0790e-01     0.0672    98.3328     7.4766     7.7890    32.7771    32.7809    26.3432    26.3467    8.33400 0.0000e+00
      27290    186.820    -0.7504    -0.7620   2.684046   2.682409     2.4484     2.4044      8.041     0.0215     1.9245 1.0790e-01     0.0672    98.3328     7.4743     7.7900    32.7853    32.7759    26.3499    26.3426    8.33390 0.0000e+00
      27293    186.685    -0.7515    -0.7665   2.683379   2.681522     2.4480     2.4044      8.041     0.0264     1.9245 1.0790e-01     0.0672    98.3328     7.4731     7.7910    32.7776    32.7689    26.3437    26.3371    8.33459 0.0000e+00
      27296    186.552    -0.7554    -0.7718   2.682848   2.680813     2.4484     2.4044      8.041     0.0264     2.0429 1.0790e-01     0.0672    98.3328     7.4765     7.7942    32.7748    32.7651    26.3415    26.3343    8.33563 0.0000e+00
      27299    186.420    -0.7558    -0.7745   2.683563   2.680618     2.4496     2.4044      8.041     0.0264     2.0429 1.0790e-01     0.0672    98.3328     7.4823     7.7949    32.7849    32.7655    26.3497    26.3347    8.33513 0.0000e+00
      27302    186.289    -0.7553    -0.7754   2.683117   2.680528     2.4492     2.4052      8.041     0.0264     2.0429 1.0790e-01     0.0651    98.3849     7.4813     7.7998    32.7784    32.7653    26.3444    26.3346    8.33540 0.0000e+00
      27305    186.163    -0.7589    -0.7757   2.682116   2.680500     2.4501     2.4044      8.041     0.0264     2.0429 1.0790e-01     0.0648    98.3936     7.4861     7.7977    32.7689    32.7654    26.3369    26.3346    8.33674 0.0000e+00
      27308    186.041    -0.7604    -0.7758   2.682422   2.680466     2.4500     2.4052      8.044     0.0313     2.0429 1.0790e-01     0.0651    98.3849     7.4851     7.8003    32.7747    32.7652    26.3417    26.3345    8.33675 0.0000e+00
      27311    185.916    -0.7605    -0.7761   2.682732   2.680418     2.4505     2.4056      8.043     0.0264     2.0429 1.0790e-01     0.0651    98.3849     7.4867     7.8029    32.7791    32.7649    26.3452    26.3342    8.33653 0.0000e+00
      27314    185.793    -0.7598    -0.7762   2.682792   2.680349     2.4488     2.4048      8.043     0.0264     2.0429 1.0790e-01     0.0651    98.3849     7.4807     7.8026    32.7792    32.7642    26.3453    26.3337    8.33636 0.0000e+00
      27317    185.674    -0.7600    -0.7767   2.682612   2.680274     2.4492     2.4056      8.043     0.0313     2.0429 1.0790e-01     0.0651    98.3849     7.4800     7.8108    32.7771    32.7637    26.3436    26.3333    8.33653 0.0000e+00
      27320    185.557    -0.7600    -0.7769   2.682590   2.680233     2.4500     2.4056      8.044     0.0264     2.0429 1.0790e-01     0.0648    98.3936     7.4809     7.8138    32.7769    32.7635    26.3434    26.3331    8.33655 0.0000e+00
      27323    185.439    -0.7605    -0.7769   2.682298   2.680231     2.4505     2.4060      8.041     0.0264     2.0429 1.0790e-01     0.0641    98.4110     7.4813     7.8165    32.7735    32.7635    26.3407    26.3332    8.33684 0.0000e+00
      27326    185.328    -0.7621    -0.7769   2.681951   2.680202     2.4500     2.4064      8.044     0.0264     2.0429 1.0790e-01     0.0641    98.4110     7.4804     7.8191    32.7707    32.7632    26.3384    26.3329    8.33737 0.0000e+00
      27329    185.219    -0.7637    -0.7769   2.681820   2.680225     2.4509     2.4068      8.046     0.0313     2.0429 1.0790e-01     0.0644    98.4023     7.4820     7.8233    32.7707    32.7636    26.3385    26.3332    8.33773 0.0000e+00
      27332    185.112    -0.7651    -0.7768   2.681485   2.680204     2.4509     2.4068      8.044     0.0264     2.0429 1.0790e-01     0.0641    98.4110     7.4845     7.8246    32.7678    32.7632    26.3362    26.3329    8.33822 0.0000e+00
      27335    185.005    -0.7671    -0.7770   2.681130   2.680184     2.4509     2.4068      8.044     0.0264     2.0429 1.0790e-01     0.0644    98.4023     7.4860     7.8265    32.7653    32.7633    26.3342    26.3329    8.33881 0.0000e+00
      27338    184.900    -0.7688    -0.7772   2.681079   2.680160     2.4509     2.4077      8.046     0.0264     2.0429 1.0790e-01     0.0641    98.4110     7.4858     7.8306    32.7665    32.7632    26.3353    26.3329    8.33913 0.0000e+00
      27341    184.800    -0.7691    -0.7771   2.681195   2.680128     2.4505     2.4081      8.044     0.0313     2.0429 1.0790e-01     0.0648    98.3936     7.4814     7.8286    32.7684    32.7627    26.3369    26.3325    8.33908 0.0000e+00
      27344    184.701    -0.7693    -0.7773   2.681116   2.680109     2.4509     2.4081      8.046     0.0264     2.0429 1.0790e-01     0.0641    98.4110     7.4802     7.8258    32.7677    32.7628    26.3362    26.3325    8.33918 0.0000e+00
      27347    184.603    -0.7699    -0.7774   2.681028   2.680095     2.4509     2.4081      8.046     0.0313     2.0429 1.0790e-01     0.0641    98.4110     7.4799     7.8216    32.7671    32.7627    26.3358    26.3325    8.33933 0.0000e+00
      27350    184.509    -0.7706    -0.7774   2.680848   2.680081     2.4509     2.4081      8.046     0.0264     2.0429 1.0790e-01     0.0641    98.4110     7.4786     7.8178    32.7655    32.7626    26.3345    26.3325    8.33958 0.0000e+00
      27353    184.416    -0.7713    -0.7775   2.680772   2.680011     2.4509     2.4093      8.046     0.0264     2.0429 1.0790e-01     0.0644    98.4023     7.4770     7.8200    32.7653    32.7618    26.3344    26.3318    8.33975 0.0000e+00
      27356    184.324    -0.7715    -0.7779   2.680857   2.679994     2.4517     2.4093      8.046     0.0264     2.0429 1.0790e-01     0.0641    98.4110     7.4803     7.8195    32.7667    32.7621    26.3355    26.3320    8.33971 0.0000e+00
      27359    184.234    -0.7714    -0.7780   2.680973   2.679984     2.4509     2.4093      8.044     0.0313     2.0429 1.0790e-01     0.0644    98.4023     7.4775     7.8177    32.7683    32.7621    26.3368    26.3320    8.33961 0.0000e+00
      27362    184.145    -0.7706    -0.7780   2.681108   2.679979     2.4517     2.4093      8.046     0.0410     2.0429 1.0790e-01     0.0634    98.4284     7.4814     7.8147    32.7693    32.7621    26.3376    26.3321    8.33937 0.0000e+00
      27365    184.057    -0.7697    -0.7779   2.681256   2.679946     2.4509     2.4093      8.046     0.0410     2.0429 1.0790e-01     0.0634    98.4284     7.4791     7.8143    32.7703    32.7616    26.3384    26.3316    8.33911 0.0000e+00
      27368    183.972    -0.7686    -0.7781   2.681358   2.679915     2.4509     2.4093      8.046     0.0410     2.0429 1.0815e-01     0.0634    98.4284     7.4784     7.8133    32.7706    32.7614    26.3386    26.3315    8.33884 0.0000e+00
      27371    183.889    -0.7676    -0.7784   2.681456   2.679860     2.4513     2.4093      8.046     0.0410     2.0429 1.0790e-01     0.0630    98.4371     7.4787     7.8111    32.7709    32.7611    26.3388    26.3313    8.33860 0.0000e+00
      27374    183.807    -0.7672    -0.7785   2.681436   2.679825     2.4509     2.4097      8.046     0.0410     2.0429 1.0802e-01     0.0634    98.4284     7.4765     7.8093    32.7702    32.7608    26.3382    26.3310    8.33855 0.0000e+00
      27377    183.725    -0.7676    -0.7788   2.681336   2.679795     2.4509     2.4097      8.046     0.0410     2.0429 1.0790e-01     0.0630    98.4371     7.4777     7.8080    32.7694    32.7607    26.3375    26.3310    8.33870 0.0000e+00
      27380    183.645    -0.7676    -0.7790   2.681658   2.679764     2.4513     2.4105      8.046     0.0410     2.0429 1.0802e-01     0.0634    98.4284     7.4801     7.8126    32.7737    32.7605    26.3410    26.3308    8.33843 0.0000e+00
      27383    183.568    -0.7659    -0.7791   2.682057   2.679733     2.4517     2.4105      8.046     0.0410     2.0429 1.0790e-01     0.0630    98.4371     7.4817     7.8131    32.7773    32.7603    26.3439    26.3306    8.33786 0.0000e+00
      27386    183.485    -0.7640    -0.7793   2.682496   2.679707     2.4517     2.4105      8.046     0.0361     2.0429 1.0790e-01     0.0630    98.4371     7.4799     7.8118    32.7812    32.7602    26.3470    26.3306    8.33720 0.0000e+00
      27389    183.405    -0.7628    -0.7795   2.682710   2.679674     2.4521     2.4105      8.046     0.0264     2.0429 1.0790e-01     0.0630    98.4371     7.4847     7.8113    32.7828    32.7600    26.3483    26.3304    8.33683 0.0000e+00
      27392    183.327    -0.7619    -0.7795   2.682561   2.679678     2.4513     2.4105      8.046     0.0313     2.0429 1.0790e-01     0.0630    98.4371     7.4818     7.8113    32.7799    32.7602    26.3459    26.3306    8.33681 0.0000e+00
      27395    183.246    -0.7616    -0.7796   2.682210   2.679673     2.4513     2.4105      8.046     0.0264     2.0429 1.0790e-01     0.0630    98.4371     7.4812     7.8067    32.7748    32.7603    26.3417    26.3306    8.33701 0.0000e+00
      27398    183.171    -0.7636    -0.7795   2.681572   2.679662     2.4517     2.4105      8.046     0.0264     2.0034 1.0790e-01     0.0630    98.4371     7.4829     7.8024    32.7685    32.7600    26.3367    26.3304    8.33784 0.0000e+00
      27401    183.103    -0.7660    -0.7796   2.681335   2.679617     2.4525     2.4109      8.046     0.0313     1.8060 1.0790e-01     0.0655    98.3763     7.4849     7.8008    32.7680    32.7596    26.3364    26.3301    8.33841 0.0000e+00
      27404    183.030    -0.7666    -0.7798   2.681565   2.679569     2.4521     2.4113      8.046     0.0264     1.8060 1.0790e-01     0.0715    98.2285     7.4829     7.7987    32.7717    32.7592    26.3394    26.3298    8.33832 0.0000e+00
      27407    182.960    -0.7660    -0.7800   2.681857   2.679536     2.4513     2.4109      8.046     0.0264     1.8060 1.0790e-01     0.0715    98.2285     7.4795     7.7964    32.7750    32.7590    26.3421    26.3296    8.33799 0.0000e+00
      27410    182.887    -0.7644    -0.7798   2.681885   2.679530     2.4521     2.4109      8.046     0.0264     1.8060 1.0790e-01     0.0715    98.2285     7.4834     7.7960    32.7738    32.7587    26.3410    26.3294    8.33771 0.0000e+00
      27413    182.816    -0.7611    -0.7800   2.682969   2.679533     2.4533     2.4113      8.046     0.0313     1.8060 1.0790e-01     0.0715    98.2285     7.4882     7.7989    32.7848    32.7590    26.3498    26.3297    8.33634 0.0000e+00
      27416    182.744    -0.7572    -0.7801   2.683522   2.679508     2.4521     2.4113      8.046     0.0264     1.8060 1.0790e-01     0.0715    98.2285     7.4842     7.8003    32.7880    32.7588    26.3523    26.3295    8.33527 0.0000e+00
      27419    182.678    -0.7539    -0.7802   2.684235   2.679490     2.4521     2.4105      8.046     0.0313     1.8060 1.0790e-01     0.0715    98.2285     7.4825     7.7978    32.7941    32.7588    26.3571    26.3295    8.33418 0.0000e+00
      27422    182.611    -0.7507    -0.7803   2.684629   2.679496     2.4521     2.4109      8.046     0.0264     1.8060 1.0790e-01     0.0676    98.3241     7.4807     7.7996    32.7960    32.7590    26.3585    26.3296    8.33335 0.0000e+00
      27425    182.547    -0.7480    -0.7801   2.684625   2.679525     2.4521     2.4109      8.046     0.0313     1.9245 1.0790e-01     0.0644    98.4023     7.4805     7.8002    32.7930    32.7592    26.3560    26.3298    8.33291 0.0000e+00
      27428    182.484    -0.7475    -0.7797   2.684411   2.679515     2.4529     2.4105      8.046     0.0264     2.0429 1.0790e-01     0.0641    98.4110     7.4868     7.7978    32.7897    32.7587    26.3533    26.3294    8.33300 0.0000e+00
      27431    182.420    -0.7473    -0.7798   2.684574   2.679498     2.4525     2.4113      8.046     0.0313     2.0429 1.0790e-01     0.0641    98.4110     7.4871     7.8027    32.7916    32.7585    26.3549    26.3292    8.33283 0.0000e+00
      27434    182.356    -0.7475    -0.7798   2.684202   2.679503     2.4533     2.4109      8.046     0.0264     2.0429 1.0790e-01     0.0641    98.4110     7.4914     7.8009    32.7869    32.7587    26.3510    26.3294    8.33315 0.0000e+00
      27437    182.293    -0.7491    -0.7798   2.683980   2.679494     2.4533     2.4117      8.046     0.0313     2.0429 1.0790e-01     0.0641    98.4110     7.4929     7.8046    32.7857    32.7587    26.3501    26.3293    8.33358 0.0000e+00
      27440    182.226    -0.7499    -0.7797   2.683904   2.679486     2.4533     2.4117      8.046     0.0117     2.0429 1.0790e-01     0.0644    98.4023     7.4942     7.8075    32.7856    32.7585    26.3501    26.3292    8.33377 0.0000e+00
      27443    182.161    -0.7505    -0.7799   2.683884   2.679474     2.4533     2.4117      8.046     0.0117     2.0429 1.0790e-01     0.0651    98.3849     7.4926     7.8080    32.7860    32.7585    26.3504    26.3292    8.33388 0.0000e+00
      27446    182.095    -0.7511    -0.7799   2.683859   2.679475     2.4533     2.4117      8.046     0.0117     2.0429 1.0790e-01     0.0651    98.3849     7.4928     7.8074    32.7863    32.7586    26.3507    26.3293    8.33400 0.0000e+00
      27449    182.033    -0.7516    -0.7799   2.683730   2.679472     2.4537     2.4117      8.046     0.0117     2.0429 1.0790e-01     0.0651    98.3849     7.4947     7.8066    32.7852    32.7586    26.3498    26.3292    8.33418 0.0000e+00
      27452    181.971    -0.7539    -0.7795   2.683093   2.679502     2.4545     2.4113      8.046     0.0117     1.8455 1.0790e-01     0.0651    98.3849     7.4989     7.8026    32.7791    32.7586    26.3450    26.3293    8.33504 0.0000e+00
      27455    181.909    -0.7562    -0.7793   2.682763   2.679516     2.4549     2.4117      8.046     0.0117     1.8060 1.0790e-01     0.0651    98.3849     7.5007     7.8006    32.7772    32.7586    26.3435    26.3292    8.33566 0.0000e+00
      27458    181.846    -0.7577    -0.7794   2.682661   2.679500     2.4550     2.4117      8.046     0.0117     1.8060 1.0790e-01     0.0651    98.3849     7.4989     7.8027    32.7775    32.7585    26.3438    26.3292    8.33598 0.0000e+00
      27461    181.784    -0.7587    -0.7794   2.682458   2.679502     2.4541     2.4117      8.046     0.0117     1.8060 1.0790e-01     0.0655    98.3762     7.4955     7.8049    32.7759    32.7586    26.3425    26.3293    8.33630 0.0000e+00
      27464    181.719    -0.7590    -0.7792   2.682273   2.679523     2.4545     2.4121      8.046     0.0215     1.8060 1.0790e-01     0.0641    98.4110     7.4962     7.8097    32.7738    32.7587    26.3408    26.3294    8.33649 0.0000e+00
