Datasets/AZMP/COO001/79001095.cnv
* Sea-Bird SBE 9 Data File:
* FileName = C:\CTDDATA\79001095.hex
* Software Version Seasave V 7.26.7.110
* Temperature SN = 5660
* Conductivity SN = 3698
* Number of Bytes Per Scan = 30
* Number of Voltage Words = 4
* Number of Scans Averaged by the Deck Unit = 1
* NMEA baud rate = 9600
** VESSEL/TRIP/SEQ STN:  79001095
** LATITUDE XX XX.XX N:  49 06.00 N
** LONGITUDE XX XX.XX W:  51 49.80 W
** SOUNDING DEPTH (M):  0296
** PROBE TYPE: S1257
** CTD NUMBER: 061
** COMMENTS (14 CHAR): BB-06
** BOTTLES:  20
** LEVELS: 5,5,5,5,10,20,20,20,20,30,40,50,50,50,75,100,100,100,150,BTM
** STICKERS: 435318 - 435337
** VNET: N
** DO2: N
# nquan = 22
# nvalues = 6310                        
# units = specified
# name 0 = scan: Scan Count
# name 1 = prDM: Pressure, Digiquartz [db]
# name 2 = t090C: Temperature [ITS-90, deg C]
# name 3 = t190C: Temperature, 2 [ITS-90, deg C]
# name 4 = c0S/m: Conductivity [S/m]
# name 5 = c1S/m: Conductivity, 2 [S/m]
# name 6 = sbeox0V: Oxygen raw, SBE 43 [V]
# name 7 = sbeox1V: Oxygen raw, SBE 43, 2 [V]
# name 8 = ph: pH
# name 9 = flECO-AFL: Fluorescence, WET Labs ECO-AFL/FL [mg/m^3]
# name 10 = wetCDOM: Fluorescence, WET Labs CDOM [mg/m^3]
# name 11 = par/sat/log: PAR/Logarithmic, Satlantic [umol photons/m^2/sec]
# name 12 = CStarAt0: Beam Attenuation, WET Labs C-Star [1/m]
# name 13 = CStarTr0: Beam Transmission, WET Labs C-Star [%]
# name 14 = sbeox0ML/L: Oxygen, SBE 43 [ml/l], WS = 2
# name 15 = sbeox1ML/L: Oxygen, SBE 43, 2 [ml/l], WS = 2
# name 16 = sal00: Salinity, Practical [PSU]
# name 17 = sal11: Salinity, Practical, 2 [PSU]
# name 18 = sigma-t00: Density [sigma-t, kg/m^3 ]
# name 19 = sigma-t11: Density, 2 [sigma-t, kg/m^3 ]
# name 20 = oxsatML/L: Oxygen Saturation, Weiss [ml/l]
# name 21 = flag: flag
# span 0 =         94,      77767       
# span 1 =      1.224,    285.834       
# span 2 =     0.5341,     2.4610       
# span 3 =     0.5020,     2.4614       
# span 4 =   2.828022,   3.080204       
# span 5 =   2.825533,   3.080437       
# span 6 =     2.3091,     2.7560       
# span 7 =     2.2803,     2.7185       
# span 8 =      8.082,      8.198       
# span 9 =    -0.0127,     1.1497       
# span 10 =    -0.8785,     1.9245      
# span 11 = 1.0666e-01, 6.0093e-01      
# span 12 =     0.0574,     0.3454      
# span 13 =    91.7286,    98.5761      
# span 14 =     6.3140,     7.7293      
# span 15 =     6.6071,     8.1147      
# span 16 =    32.8080,    34.4495      
# span 17 =    32.8110,    34.3697      
# span 18 =    26.1961,    27.5222      
# span 19 =    26.1980,    27.4311      
# span 20 =    7.58008,    8.02143      
# span 21 = 0.0000e+00, 0.0000e+00      
# interval = scans: 3                   
# start_time = Dec 02 2019 22:21:37 [System UTC, header]
# bad_flag = -9.990e-29
*END*
[from data line 2832]
      16250    274.878     2.4235     2.4199   3.075572   3.075449     2.3212     2.2922      8.085     0.0117     1.6876 1.0790e-01     0.2281    94.4572     6.3547     6.6546    34.3550    34.3573    27.4205    27.4227    7.58785 0.0000e+00
      16253    275.016     2.4232     2.4228   3.075357   3.075832     2.3220     2.2918      8.084     0.0117     1.6876 1.0790e-01     0.2274    94.4745     6.3586     6.6534    34.3526    34.3587    27.4186    27.4236    7.58803 0.0000e+00
      16256    275.146     2.4230     2.4248   3.075529   3.075982     2.3216     2.2914      8.084     0.0117     1.6876 1.0790e-01     0.2278    94.4658     6.3574     6.6533    34.3547    34.3584    27.4204    27.4232    7.58795 0.0000e+00
      16259    275.271     2.4240     2.4241   3.075796   3.075694     2.3216     2.2922      8.084     0.0068     1.6876 1.0790e-01     0.2292    94.4311     6.3571     6.6563    34.3569    34.3556    27.4220    27.4210    7.58764 0.0000e+00
      16262    275.382     2.4252     2.4195   3.075894   3.075131     2.3228     2.2918      8.084    -0.0029     1.6481 1.0790e-01     0.2300    94.4137     6.3627     6.6576    34.3568    34.3534    27.4219    27.4196    7.58743 0.0000e+00
      16265    275.486     2.4261     2.4178   3.075889   3.075222     2.3216     2.2918      8.087    -0.0029     1.5692 1.0790e-01     0.2303    94.4050     6.3598     6.6615    34.3557    34.3564    27.4209    27.4221    7.58730 0.0000e+00
      16268    275.582     2.4264     2.4227   3.075824   3.075995     2.3212     2.2914      8.082    -0.0029     1.5692 1.0790e-01     0.2300    94.4137     6.3579     6.6601    34.3545    34.3606    27.4199    27.4251    7.58731 0.0000e+00
      16271    275.669     2.4265     2.4270   3.075791   3.076381     2.3224     2.2910      8.084    -0.0029     1.5692 1.0790e-01     0.2300    94.4137     6.3626     6.6591    34.3539    34.3608    27.4195    27.4249    7.58731 0.0000e+00
      16274    275.744     2.4265     2.4286   3.075706   3.076377     2.3216     2.2910      8.084    -0.0029     1.5692 1.0790e-01     0.2296    94.4224     6.3587     6.6605    34.3529    34.3588    27.4186    27.4232    7.58737 0.0000e+00
      16277    275.812     2.4254     2.4268   3.075450   3.076077     2.3224     2.2910      8.082    -0.0029     1.5692 1.0790e-01     0.2333    94.3355     6.3604     6.6610    34.3508    34.3570    27.4171    27.4219    7.58769 0.0000e+00
      16280    275.869     2.4241     2.4269   3.075202   3.076217     2.3207     2.2910      8.085    -0.0029     1.5692 1.0790e-01     0.3352    91.9632     6.3543     6.6603    34.3491    34.3587    27.4158    27.4232    7.58802 0.0000e+00
      16283    275.919     2.4219     2.4295   3.074778   3.076316     2.3220     2.2910      8.084    -0.0029     1.5692 1.0790e-01     0.3454    91.7286     6.3572     6.6573    34.3462    34.3570    27.4136    27.4217    7.58859 0.0000e+00
      16286    275.960     2.4188     2.4261   3.074486   3.076043     2.3220     2.2910      8.084    -0.0078     1.5297 1.0765e-01     0.3450    91.7373     6.3576     6.6569    34.3459    34.3573    27.4137    27.4222    7.58921 0.0000e+00
      16289    275.990     2.4157     2.4259   3.074150   3.076088     2.3216     2.2910      8.084    -0.0029     1.5692 1.0790e-01     0.3450    91.7373     6.3581     6.6561    34.3451    34.3581    27.4133    27.4229    7.58985 0.0000e+00
      16449    276.051     2.4172     2.4167   3.074627   3.075059     2.3212     2.2919      8.084     0.0068     1.6481 1.0777e-01     0.2695    93.4926     6.3548     6.6707    34.3493    34.3552    27.4165    27.4213    7.58934 0.0000e+00
      16531    276.248     2.4195     2.4119   3.075239   3.074497     2.3212     2.2923      8.085     0.0117     1.6876 1.0790e-01     0.2318    94.3703     6.3533     6.6771    34.3544    34.3533    27.4204    27.4202    7.58865 0.0000e+00
      16534    276.465     2.4214     2.4137   3.075588   3.074849     2.3204     2.2923      8.085     0.0117     1.6876 1.0790e-01     0.2318    94.3703     6.3504     6.6745    34.3565    34.3556    27.4219    27.4219    7.58817 0.0000e+00
      16537    276.687     2.4235     2.4197   3.075910   3.075639     2.3208     2.2923      8.085     0.0117     1.6876 1.0790e-01     0.2318    94.3703     6.3504     6.6702    34.3581    34.3588    27.4231    27.4240    7.58769 0.0000e+00
      16540    276.908     2.4261     2.4245   3.076156   3.076164     2.3212     2.2923      8.085     0.0117     1.6876 1.0790e-01     0.2325    94.3529     6.3496     6.6667    34.3582    34.3601    27.4229    27.4245    7.58718 0.0000e+00
      16543    277.129     2.4271     2.4274   3.076082   3.076292     2.3212     2.2923      8.085     0.0117     1.6876 1.0790e-01     0.2362    94.2660     6.3503     6.6642    34.3561    34.3583    27.4211    27.4229    7.58709 0.0000e+00
      16546    277.345     2.4276     2.4273   3.076111   3.076262     2.3204     2.2923      8.084     0.0117     1.6876 1.0790e-01     0.2362    94.2660     6.3461     6.6628    34.3558    34.3580    27.4208    27.4227    7.58701 0.0000e+00
      16549    277.559     2.4272     2.4285   3.075878   3.076476     2.3204     2.2923      8.084     0.0117     1.6876 1.0790e-01     0.2362    94.2660     6.3438     6.6614    34.3532    34.3592    27.4188    27.4235    7.58722 0.0000e+00
      16552    277.774     2.4255     2.4309   3.075556   3.076843     2.3204     2.2919      8.085     0.0166     1.6876 1.0790e-01     0.2362    94.2660     6.3446     6.6589    34.3510    34.3610    27.4172    27.4248    7.58767 0.0000e+00
      16555    277.985     2.4248     2.4331   3.075970   3.076995     2.3204     2.2919      8.084     0.0117     1.6481 1.0790e-01     0.2362    94.2660     6.3461     6.6585    34.3567    34.3604    27.4218    27.4241    7.58750 0.0000e+00
      16558    278.186     2.4294     2.4306   3.077190   3.076552     2.3191     2.2910      8.085     0.0117     1.6876 1.0790e-01     0.2362    94.2660     6.3403     6.6564    34.3667    34.3576    27.4294    27.4220    7.58610 0.0000e+00
      16561    278.377     2.4349     2.4282   3.077648   3.076432     2.3191     2.2910      8.084     0.0166     1.6876 1.0790e-01     0.2358    94.2747     6.3381     6.6574    34.3664    34.3585    27.4287    27.4230    7.58507 0.0000e+00
      16564    278.559     2.4387     2.4285   3.077880   3.076564     2.3187     2.2910      8.087     0.0117     1.6876 1.0790e-01     0.2351    94.2921     6.3376     6.6568    34.3651    34.3597    27.4273    27.4239    7.58441 0.0000e+00
      16567    278.730     2.4419     2.4282   3.078218   3.076367     2.3200     2.2910      8.084     0.0166     1.6876 1.0790e-01     0.2351    94.2921     6.3441     6.6581    34.3657    34.3575    27.4276    27.4222    7.58376 0.0000e+00
      16570    278.886     2.4448     2.4260   3.078524   3.076167     2.3187     2.2910      8.084     0.0117     1.6876 1.0790e-01     0.2351    94.2921     6.3421     6.6599    34.3663    34.3574    27.4278    27.4223    7.58317 0.0000e+00
      16573    279.028     2.4471     2.4273   3.078643   3.076728     2.3179     2.2910      8.084     0.0117     1.6876 1.0790e-01     0.2351    94.2921     6.3411     6.6623    34.3652    34.3628    27.4268    27.4265    7.58278 0.0000e+00
      16576    279.153     2.4486     2.4383   3.078697   3.078251     2.3191     2.2910      8.082     0.0117     1.6876 1.0790e-01     0.2351    94.2921     6.3459     6.6643    34.3642    34.3697    27.4258    27.4311    7.58255 0.0000e+00
      16579    279.265     2.4495     2.4459   3.078773   3.078712     2.3191     2.2910      8.085     0.0117     1.6876 1.0790e-01     0.2351    94.2921     6.3482     6.6642    34.3641    34.3672    27.4257    27.4284    7.58238 0.0000e+00
      16582    279.363     2.4499     2.4483   3.078753   3.078877     2.3183     2.2910      8.082     0.0117     1.6876 1.0790e-01     0.2391    94.1965     6.3460     6.6659    34.3633    34.3667    27.4250    27.4278    7.58233 0.0000e+00
      16585    279.443     2.4488     2.4494   3.078210   3.078959     2.3183     2.2906      8.082     0.0166     1.6876 1.0790e-01     0.2406    94.1617     6.3463     6.6654    34.3578    34.3664    27.4207    27.4275    7.58283 0.0000e+00
      16588    279.506     2.4430     2.4499   3.077122   3.078951     2.3191     2.2906      8.082     0.0117     1.6876 1.0790e-01     0.2406    94.1617     6.3520     6.6665    34.3506    34.3658    27.4154    27.4269    7.58432 0.0000e+00
      16591    279.553     2.4389     2.4505   3.077167   3.078898     2.3187     2.2906      8.082     0.0166     1.6876 1.0790e-01     0.2406    94.1617     6.3530     6.6675    34.3554    34.3644    27.4196    27.4258    7.58485 0.0000e+00
      16594    279.591     2.4360     2.4505   3.076537   3.078881     2.3195     2.2902      8.082     0.0166     1.6876 1.0790e-01     0.2406    94.1617     6.3576     6.6672    34.3507    34.3642    27.4161    27.4257    7.58565 0.0000e+00
      16748    279.653     2.4347     2.4391   3.076749   3.077692     2.3179     2.2886      8.082     0.0117     1.7665 1.0790e-01     0.2395    94.1878     6.3460     6.6626    34.3548    34.3617    27.4194    27.4246    7.58570 0.0000e+00
      16827    279.818     2.4350     2.4336   3.076840   3.077051     2.3179     2.2874      8.082     0.0117     1.8060 1.0790e-01     0.2395    94.1878     6.3420     6.6556    34.3555    34.3596    27.4200    27.4234    7.58561 0.0000e+00
      16830    279.992     2.4331     2.4322   3.076474   3.076925     2.3171     2.2874      8.084     0.0166     1.8060 1.0790e-01     0.2395    94.1878     6.3397     6.6535    34.3529    34.3594    27.4181    27.4233    7.58610 0.0000e+00
      16833    280.164     2.4310     2.4346   3.076296   3.077549     2.3175     2.2874      8.084     0.0117     1.8060 1.0790e-01     0.2395    94.1878     6.3419     6.6516    34.3528    34.3645    27.4182    27.4272    7.58651 0.0000e+00
      16836    280.334     2.4298     2.4440   3.076313   3.078652     2.3167     2.2874      8.082     0.0117     1.8060 1.0790e-01     0.2395    94.1878     6.3392     6.6496    34.3543    34.3680    27.4195    27.4292    7.58667 0.0000e+00
      16839    280.502     2.4291     2.4494   3.076326   3.079087     2.3171     2.2874      8.082     0.0117     1.6876 1.0790e-01     0.2395    94.1878     6.3409     6.6468    34.3550    34.3674    27.4202    27.4283    7.58676 0.0000e+00
      16842    280.670     2.4298     2.4517   3.076588   3.079201     2.3167     2.2874      8.085     0.0117     1.6876 1.0790e-01     0.2395    94.1878     6.3392     6.6462    34.3575    34.3662    27.4221    27.4272    7.58651 0.0000e+00
      16845    280.830     2.4326     2.4491   3.077201   3.078785     2.3159     2.2874      8.082     0.0117     1.6876 1.0790e-01     0.2406    94.1617     6.3373     6.6461    34.3619    34.3637    27.4254    27.4254    7.58573 0.0000e+00
      16848    280.984     2.4329     2.4478   3.076791   3.078833     2.3163     2.2866      8.082     0.0117     1.6876 1.0790e-01     0.2406    94.1617     6.3395     6.6434    34.3565    34.3657    27.4209    27.4271    7.58595 0.0000e+00
      16851    281.131     2.4319     2.4450   3.076549   3.078117     2.3155     2.2862      8.082     0.0117     1.6876 1.0790e-01     0.2406    94.1617     6.3385     6.6423    34.3545    34.3598    27.4194    27.4226    7.58626 0.0000e+00
      16854    281.273     2.4310     2.4382   3.076578   3.077592     2.3167     2.2866      8.082     0.0117     1.6876 1.0790e-01     0.2406    94.1617     6.3453     6.6463    34.3557    34.3605    27.4205    27.4238    7.58636 0.0000e+00
      16857    281.408     2.4325     2.4367   3.077284   3.077483     2.3167     2.2866      8.084     0.0117     1.6876 1.0790e-01     0.2410    94.1530     6.3464     6.6494    34.3627    34.3607    27.4260    27.4240    7.58571 0.0000e+00
      16860    281.532     2.4365     2.4354   3.077836   3.077398     2.3163     2.2866      8.082     0.0117     1.6876 1.0790e-01     0.2410    94.1530     6.3443     6.6539    34.3653    34.3610    27.4277    27.4243    7.58482 0.0000e+00
      16863    281.644     2.4403     2.4378   3.078280   3.077796     2.3159     2.2862      8.082     0.0117     1.6876 1.0790e-01     0.2413    94.1443     6.3428     6.6561    34.3666    34.3633    27.4284    27.4260    7.58402 0.0000e+00
      16866    281.746     2.4432     2.4387   3.078431   3.077753     2.3155     2.2866      8.084     0.0117     1.5692 1.0790e-01     0.2410    94.1530     6.3428     6.6617    34.3652    34.3617    27.4271    27.4247    7.58353 0.0000e+00
      16869    281.833     2.4450     2.4385   3.078312   3.077756     2.3167     2.2866      8.082     0.0166     1.5692 1.0790e-01     0.2410    94.1530     6.3489     6.6659    34.3619    34.3620    27.4242    27.4248    7.58336 0.0000e+00
      16872    281.910     2.4445     2.4382   3.078008   3.077823     2.3167     2.2862      8.084     0.0117     1.5692 1.0790e-01     0.2406    94.1617     6.3499     6.6681    34.3586    34.3630    27.4217    27.4257    7.58362 0.0000e+00
      16875    281.977     2.4429     2.4403   3.077549   3.078082     2.3163     2.2862      8.082     0.0166     1.5692 1.0790e-01     0.2410    94.1530     6.3467     6.6682    34.3545    34.3639    27.4185    27.4263    7.58413 0.0000e+00
      16878    282.028     2.4399     2.4415   3.077137   3.078191     2.3167     2.2870      8.082     0.0117     1.5692 1.0790e-01     0.2406    94.1617     6.3470     6.6705    34.3527    34.3640    27.4173    27.4263    7.58481 0.0000e+00
      16881    282.069     2.4367     2.4425   3.076865   3.078311     2.3163     2.2870      8.084     0.0117     1.5692 1.0790e-01     0.2406    94.1617     6.3460     6.6720    34.3528    34.3643    27.4176    27.4264    7.58542 0.0000e+00
      17003    282.127     2.4388     2.4403   3.077367   3.078144     2.3155     2.2874      8.082     0.0020     1.6481 1.0790e-01     0.2443    94.0748     6.3444     6.6811    34.3566    34.3646    27.4206    27.4269    7.58482 0.0000e+00
      17065    282.239     2.4402     2.4402   3.077662   3.078001     2.3163     2.2874      8.082    -0.0029     1.6876 1.0790e-01     0.2462    94.0314     6.3478     6.6828    34.3587    34.3630    27.4221    27.4255    7.58445 0.0000e+00
      17068    282.348     2.4400     2.4429   3.077695   3.078333     2.3155     2.2878      8.082    -0.0029     1.6876 1.0790e-01     0.2428    94.1096     6.3441     6.6834    34.3592    34.3641    27.4226    27.4262    7.58445 0.0000e+00
      17071    282.449     2.4400     2.4402   3.077644   3.077837     2.3167     2.2874      8.082    -0.0029     1.6876 1.0790e-01     0.2428    94.1096     6.3499     6.6815    34.3585    34.3607    27.4220    27.4237    7.58448 0.0000e+00
      17074    282.544     2.4396     2.4370   3.077623   3.077512     2.3159     2.2882      8.082    -0.0029     1.6087 1.0790e-01     0.2428    94.1096     6.3450     6.6846    34.3587    34.3601    27.4221    27.4235    7.58456 0.0000e+00
      17077    282.627     2.4397     2.4355   3.077678   3.077539     2.3155     2.2886      8.082    -0.0029     1.5692 1.0790e-01     0.2428    94.1096     6.3423     6.6842    34.3592    34.3620    27.4225    27.4252    7.58451 0.0000e+00
      17080    282.702     2.4399     2.4401   3.077720   3.078324     2.3159     2.2886      8.082     0.0020     1.5692 1.0790e-01     0.2428    94.1096     6.3428     6.6822    34.3595    34.3667    27.4228    27.4285    7.58446 0.0000e+00
      17083    282.769     2.4401     2.4476   3.077728   3.079024     2.3167     2.2886      8.084    -0.0029     1.5692 1.0790e-01     0.2428    94.1096     6.3455     6.6779    34.3593    34.3673    27.4226    27.4284    7.58443 0.0000e+00
