Datasets/AZMP/COO001/79001056.cnv
* Sea-Bird SBE 9 Data File:
* FileName = C:\CTDDATA\79001056.hex
* Software Version Seasave V 7.26.7.110
* Temperature SN = 5660
* Conductivity SN = 3698
* Number of Bytes Per Scan = 30
* Number of Voltage Words = 4
* Number of Scans Averaged by the Deck Unit = 1
* NMEA baud rate = 9600
** VESSEL/TRIP/SEQ STN:  79001056
** LATITUDE XX XX.XX N:  47 00.00 N
** LONGITUDE XX XX.XX W:  46 29.00 W
** SOUNDING DEPTH (M):  0357
** PROBE TYPE: S1257
** CTD NUMBER: 031
** COMMENTS (14 CHAR): FC-20
** BOTTLES:  12
** LEVELS: 5,5,10,20,20,30,40,50,75,100,150,BTM
** STICKERS: 435088 - 435099
** VNET: Y
** DO2: Y
# nquan = 22
# nvalues = 9115                        
# units = specified
# name 0 = scan: Scan Count
# name 1 = prDM: Pressure, Digiquartz [db]
# name 2 = t090C: Temperature [ITS-90, deg C]
# name 3 = t190C: Temperature, 2 [ITS-90, deg C]
# name 4 = c0S/m: Conductivity [S/m]
# name 5 = c1S/m: Conductivity, 2 [S/m]
# name 6 = sbeox0V: Oxygen raw, SBE 43 [V]
# name 7 = sbeox1V: Oxygen raw, SBE 43, 2 [V]
# name 8 = ph: pH
# name 9 = flECO-AFL: Fluorescence, WET Labs ECO-AFL/FL [mg/m^3]
# name 10 = wetCDOM: Fluorescence, WET Labs CDOM [mg/m^3]
# name 11 = par/sat/log: PAR/Logarithmic, Satlantic [umol photons/m^2/sec]
# name 12 = CStarAt0: Beam Attenuation, WET Labs C-Star [1/m]
# name 13 = CStarTr0: Beam Transmission, WET Labs C-Star [%]
# name 14 = sbeox0ML/L: Oxygen, SBE 43 [ml/l], WS = 2
# name 15 = sbeox1ML/L: Oxygen, SBE 43, 2 [ml/l], WS = 2
# name 16 = sal00: Salinity, Practical [PSU]
# name 17 = sal11: Salinity, Practical, 2 [PSU]
# name 18 = sigma-t00: Density [sigma-t, kg/m^3 ]
# name 19 = sigma-t11: Density, 2 [sigma-t, kg/m^3 ]
# name 20 = oxsatML/L: Oxygen Saturation, Weiss [ml/l]
# name 21 = flag: flag
# span 0 =          2,      74600       
# span 1 =      0.400,    349.162       
# span 2 =     3.6704,     8.4289       
# span 3 =     3.6614,     8.4280       
# span 4 =   3.190565,   3.511870       
# span 5 =   3.189569,   3.511930       
# span 6 =     2.3040,     2.7883       
# span 7 =     2.2797,     2.7558       
# span 8 =      7.994,      8.229       
# span 9 =    -0.0176,     1.7846       
# span 10 =    -2.8130,   482.1870      
# span 11 = 1.0715e-01, 1.1951e+00      
# span 12 =     0.0429,     1.7543      
# span 13 =    64.4948,    98.9324      
# span 14 =     5.8720,     6.9075      
# span 15 =     6.1574,     7.1946      
# span 16 =    33.2772,    34.8984      
# span 17 =    33.3901,    34.8828      
# span 18 =    25.9331,    27.6998      
# span 19 =    25.9481,    27.6983      
# span 20 =    6.61125,    7.34641      
# span 21 = 0.0000e+00, 0.0000e+00      
# interval = scans: 3                   
# start_time = Nov 29 2019 05:34:05 [System UTC, header]
# bad_flag = -9.990e-29
*END*
[from data line 3819]
      15895    296.786     3.8601     3.8583   3.244836   3.244940     2.3620     2.3278      8.057     0.0020     1.5692 1.0790e-01     0.0609    98.4892     6.2469     6.5497    34.8617    34.8648    27.6907    27.6934    7.29543 0.0000e+00
      15898    296.833     3.8600     3.8585   3.244839   3.244942     2.3620     2.3278      8.057    -0.0029     1.5692 1.0790e-01     0.0609    98.4892     6.2474     6.5473    34.8619    34.8646    27.6908    27.6932    7.29544 0.0000e+00
      15901    296.877     3.8600     3.8584   3.244860   3.244955     2.3620     2.3278      8.057    -0.0029     1.5692 1.0790e-01     0.0609    98.4892     6.2474     6.5463    34.8620    34.8649    27.6910    27.6935    7.29543 0.0000e+00
      15904    296.921     3.8601     3.8584   3.244872   3.244951     2.3632     2.3278      8.057     0.0020     1.5692 1.0790e-01     0.0613    98.4805     6.2512     6.5463    34.8621    34.8648    27.6910    27.6934    7.29541 0.0000e+00
      15907    296.962     3.8600     3.8584   3.244882   3.244946     2.3620     2.3278      8.057    -0.0029     1.4507 1.0790e-01     0.0609    98.4892     6.2459     6.5475    34.8622    34.8648    27.6911    27.6933    7.29542 0.0000e+00
      15910    297.002     3.8601     3.8584   3.244878   3.244947     2.3620     2.3278      8.054    -0.0029     1.4507 1.0790e-01     0.0613    98.4805     6.2461     6.5473    34.8621    34.8648    27.6910    27.6933    7.29541 0.0000e+00
      15913    297.044     3.8602     3.8584   3.244847   3.244967     2.3620     2.3278      8.057     0.0020     1.4507 1.0790e-01     0.0620    98.4632     6.2463     6.5476    34.8616    34.8649    27.6907    27.6935    7.29542 0.0000e+00
      15916    297.083     3.8602     3.8584   3.244869   3.244966     2.3616     2.3278      8.055     0.0020     1.4507 1.0790e-01     0.0620    98.4632     6.2447     6.5504    34.8619    34.8648    27.6908    27.6934    7.29541 0.0000e+00
      15919    297.124     3.8600     3.8584   3.244871   3.244958     2.3620     2.3278      8.057    -0.0029     1.4507 1.0790e-01     0.0620    98.4632     6.2437     6.5517    34.8620    34.8648    27.6910    27.6933    7.29543 0.0000e+00
      15922    297.161     3.8600     3.8585   3.244869   3.244963     2.3620     2.3278      8.057    -0.0029     1.4507 1.0790e-01     0.0620    98.4632     6.2429     6.5534    34.8620    34.8648    27.6909    27.6933    7.29543 0.0000e+00
      15925    297.199     3.8600     3.8583   3.244868   3.244984     2.3620     2.3278      8.057     0.0020     1.4507 1.0790e-01     0.0620    98.4632     6.2421     6.5549    34.8620    34.8651    27.6910    27.6936    7.29544 0.0000e+00
      15928    297.235     3.8600     3.8585   3.244864   3.244971     2.3620     2.3278      8.057     0.0020     1.4507 1.0790e-01     0.0620    98.4632     6.2424     6.5563    34.8619    34.8648    27.6908    27.6934    7.29543 0.0000e+00
      15931    297.266     3.8601     3.8585   3.244888   3.244993     2.3616     2.3282      8.057    -0.0029     1.4507 1.0790e-01     0.0651    98.3849     6.2421     6.5592    34.8621    34.8650    27.6910    27.6935    7.29541 0.0000e+00
      15934    297.296     3.8600     3.8586   3.244914   3.245012     2.3620     2.3278      8.057     0.0020     1.4507 1.0790e-01     0.0694    98.2807     6.2444     6.5588    34.8624    34.8651    27.6913    27.6936    7.29541 0.0000e+00
      15937    297.325     3.8600     3.8588   3.244886   3.245026     2.3620     2.3282      8.057    -0.0078     1.4507 1.0790e-01     0.0694    98.2807     6.2454     6.5608    34.8621    34.8651    27.6910    27.6935    7.29542 0.0000e+00
      15940    297.354     3.8601     3.8588   3.244888   3.245029     2.3612     2.3290      8.057    -0.0176     1.4507 1.0790e-01     0.0694    98.2807     6.2433     6.5638    34.8620    34.8651    27.6909    27.6935    7.29542 0.0000e+00
      15943    297.382     3.8601     3.8588   3.244904   3.245026     2.3612     2.3282      8.057    -0.0176     1.4507 1.0790e-01     0.0694    98.2807     6.2420     6.5596    34.8622    34.8651    27.6911    27.6935    7.29541 0.0000e+00
      15946    297.409     3.8600     3.8588   3.244918   3.245027     2.3616     2.3290      8.057    -0.0127     1.4507 1.0790e-01     0.0694    98.2807     6.2444     6.5607    34.8624    34.8650    27.6913    27.6935    7.29541 0.0000e+00
      15949    297.438     3.8601     3.8588   3.244895   3.245032     2.3608     2.3286      8.057    -0.0176     1.4507 1.0790e-01     0.0694    98.2807     6.2413     6.5570    34.8620    34.8651    27.6910    27.6935    7.29541 0.0000e+00
      15952    297.471     3.8602     3.8587   3.244915   3.245045     2.3616     2.3290      8.057    -0.0127     1.4507 1.0790e-01     0.0637    98.4197     6.2431     6.5560    34.8622    34.8653    27.6911    27.6937    7.29540 0.0000e+00
      15955    297.505     3.8602     3.8588   3.244902   3.245064     2.3616     2.3290      8.057    -0.0176     1.4507 1.0790e-01     0.0609    98.4892     6.2443     6.5540    34.8620    34.8655    27.6910    27.6938    7.29540 0.0000e+00
      15958    297.538     3.8603     3.8588   3.244908   3.245037     2.3620     2.3290      8.057    -0.0176     1.4507 1.0790e-01     0.0609    98.4892     6.2468     6.5512    34.8620    34.8651    27.6909    27.6935    7.29539 0.0000e+00
      15961    297.577     3.8602     3.8589   3.244925   3.245059     2.3620     2.3290      8.057    -0.0127     1.4507 1.0790e-01     0.0609    98.4892     6.2478     6.5485    34.8623    34.8652    27.6912    27.6936    7.29539 0.0000e+00
      15964    297.616     3.8602     3.8589   3.244922   3.245066     2.3616     2.3290      8.057    -0.0078     1.4507 1.0790e-01     0.0609    98.4892     6.2465     6.5465    34.8622    34.8652    27.6910    27.6937    7.29538 0.0000e+00
      15967    297.654     3.8602     3.8590   3.244918   3.245071     2.3612     2.3286      8.057     0.0020     1.4507 1.0790e-01     0.0609    98.4892     6.2441     6.5430    34.8621    34.8652    27.6910    27.6936    7.29539 0.0000e+00
      15970    297.693     3.8602     3.8591   3.244927   3.245054     2.3616     2.3282      8.057     0.0020     1.4507 1.0790e-01     0.0616    98.4719     6.2455     6.5390    34.8623    34.8649    27.6911    27.6934    7.29539 0.0000e+00
      15973    297.735     3.8602     3.8590   3.244949   3.245094     2.3608     2.3286      8.057    -0.0029     1.4507 1.0790e-01     0.0591    98.5327     6.2424     6.5393    34.8624    34.8655    27.6913    27.6938    7.29537 0.0000e+00
      15976    297.779     3.8603     3.8590   3.244942   3.245068     2.3608     2.3286      8.057     0.0020     1.4507 1.0790e-01     0.0595    98.5240     6.2414     6.5397    34.8622    34.8651    27.6911    27.6935    7.29537 0.0000e+00
      15979    297.826     3.8604     3.8590   3.244969   3.245091     2.3620     2.3282      8.057    -0.0029     1.4507 1.0790e-01     0.0598    98.5153     6.2453     6.5388    34.8624    34.8653    27.6913    27.6937    7.29534 0.0000e+00
      15982    297.875     3.8604     3.8590   3.244963   3.245107     2.3620     2.3286      8.057    -0.0029     1.4507 1.0790e-01     0.0591    98.5327     6.2464     6.5404    34.8624    34.8656    27.6912    27.6939    7.29535 0.0000e+00
      15985    297.929     3.8602     3.8591   3.244972   3.245117     2.3612     2.3286      8.057     0.0020     1.5297 1.0790e-01     0.0591    98.5327     6.2454     6.5410    34.8626    34.8655    27.6914    27.6938    7.29536 0.0000e+00
      15988    297.984     3.8605     3.8590   3.244965   3.245094     2.3612     2.3278      8.057    -0.0078     1.5692 1.0790e-01     0.0588    98.5414     6.2458     6.5392    34.8622    34.8653    27.6910    27.6937    7.29533 0.0000e+00
      15991    298.045     3.8605     3.8591   3.244940   3.245097     2.3612     2.3278      8.057    -0.0176     1.5692 1.0790e-01     0.0598    98.5153     6.2449     6.5399    34.8619    34.8652    27.6908    27.6935    7.29536 0.0000e+00
      15994    298.107     3.8604     3.8590   3.244974   3.245107     2.3616     2.3278      8.057    -0.0176     1.5692 1.0790e-01     0.0609    98.4892     6.2458     6.5409    34.8623    34.8654    27.6911    27.6937    7.29535 0.0000e+00
      15997    298.174     3.8604     3.8590   3.244985   3.245108     2.3612     2.3278      8.057    -0.0127     1.5692 1.0790e-01     0.0609    98.4892     6.2448     6.5409    34.8624    34.8654    27.6912    27.6937    7.29534 0.0000e+00
      16000    298.240     3.8605     3.8588   3.245001   3.245091     2.3612     2.3286      8.057    -0.0176     1.5692 1.0790e-01     0.0609    98.4892     6.2432     6.5446    34.8625    34.8654    27.6913    27.6938    7.29533 0.0000e+00
      16003    298.308     3.8605     3.8588   3.244996   3.245095     2.3616     2.3278      8.057    -0.0176     1.5692 1.0790e-01     0.0609    98.4892     6.2439     6.5430    34.8623    34.8654    27.6912    27.6938    7.29533 0.0000e+00
      16006    298.377     3.8606     3.8589   3.245025   3.245114     2.3616     2.3278      8.057    -0.0176     1.5692 1.0790e-01     0.0609    98.4892     6.2442     6.5434    34.8625    34.8654    27.6913    27.6938    7.29529 0.0000e+00
      16009    298.448     3.8606     3.8590   3.245022   3.245130     2.3620     2.3278      8.057    -0.0176     1.5692 1.0790e-01     0.0609    98.4892     6.2461     6.5451    34.8626    34.8654    27.6913    27.6938    7.29531 0.0000e+00
      16012    298.521     3.8606     3.8591   3.245029   3.245134     2.3608     2.3278      8.057    -0.0176     1.5692 1.0790e-01     0.0613    98.4805     6.2430     6.5464    34.8625    34.8654    27.6913    27.6937    7.29530 0.0000e+00
      16015    298.596     3.8605     3.8592   3.245034   3.245153     2.3608     2.3278      8.057    -0.0176     1.5692 1.0790e-01     0.0613    98.4805     6.2434     6.5462    34.8627    34.8655    27.6914    27.6938    7.29531 0.0000e+00
      16018    298.672     3.8607     3.8590   3.245036   3.245163     2.3608     2.3278      8.057    -0.0176     1.5692 1.0790e-01     0.0616    98.4719     6.2442     6.5460    34.8625    34.8658    27.6913    27.6941    7.29529 0.0000e+00
      16021    298.753     3.8606     3.8590   3.245030   3.245148     2.3620     2.3278      8.057    -0.0127     1.5692 1.0790e-01     0.0616    98.4719     6.2482     6.5458    34.8624    34.8656    27.6912    27.6939    7.29531 0.0000e+00
      16024    298.835     3.8606     3.8590   3.245033   3.245149     2.3608     2.3278      8.057    -0.0176     1.5692 1.0790e-01     0.0609    98.4892     6.2450     6.5449    34.8624    34.8655    27.6912    27.6938    7.29531 0.0000e+00
      16027    298.922     3.8606     3.8589   3.245069   3.245165     2.3608     2.3278      8.057    -0.0176     1.5692 1.0790e-01     0.0613    98.4805     6.2454     6.5459    34.8628    34.8657    27.6916    27.6940    7.29529 0.0000e+00
      16030    299.008     3.8608     3.8591   3.245062   3.245176     2.3608     2.3278      8.057    -0.0127     1.5692 1.0790e-01     0.0616    98.4719     6.2453     6.5462    34.8625    34.8656    27.6912    27.6939    7.29527 0.0000e+00
      16033    299.100     3.8608     3.8591   3.245071   3.245182     2.3612     2.3278      8.057    -0.0176     1.5692 1.0790e-01     0.0616    98.4719     6.2461     6.5444    34.8625    34.8657    27.6913    27.6940    7.29527 0.0000e+00
      16036    299.190     3.8607     3.8591   3.245069   3.245176     2.3620     2.3278      8.057    -0.0176     1.5692 1.0790e-01     0.0620    98.4632     6.2489     6.5421    34.8625    34.8655    27.6913    27.6939    7.29528 0.0000e+00
      16039    299.284     3.8607     3.8589   3.245068   3.245181     2.3616     2.3278      8.055    -0.0078     1.5692 1.0790e-01     0.0620    98.4632     6.2477     6.5410    34.8625    34.8657    27.6913    27.6940    7.29529 0.0000e+00
      16042    299.378     3.8604     3.8588   3.245041   3.245188     2.3612     2.3278      8.057    -0.0078     1.5692 1.0790e-01     0.0616    98.4719     6.2457     6.5398    34.8624    34.8658    27.6912    27.6941    7.29534 0.0000e+00
      16045    299.470     3.8603     3.8587   3.245043   3.245169     2.3616     2.3278      8.057    -0.0029     1.5692 1.0790e-01     0.0620    98.4632     6.2464     6.5381    34.8625    34.8657    27.6914    27.6940    7.29536 0.0000e+00
      16048    299.567     3.8601     3.8588   3.245022   3.245161     2.3620     2.3270      8.057     0.0068     1.5692 1.0790e-01     0.0616    98.4719     6.2481     6.5352    34.8624    34.8655    27.6913    27.6939    7.29539 0.0000e+00
      16051    299.664     3.8601     3.8588   3.245044   3.245198     2.3612     2.3278      8.057    -0.0029     1.5692 1.0790e-01     0.0620    98.4632     6.2459     6.5371    34.8626    34.8659    27.6915    27.6942    7.29538 0.0000e+00
      16054    299.764     3.8600     3.8589   3.245028   3.245195     2.3608     2.3278      8.055    -0.0029     1.5692 1.0790e-01     0.0620    98.4632     6.2439     6.5366    34.8625    34.8657    27.6913    27.6940    7.29541 0.0000e+00
      16057    299.867     3.8598     3.8589   3.245012   3.245195     2.3604     2.3266      8.057    -0.0029     1.5692 1.0790e-01     0.0620    98.4632     6.2418     6.5345    34.8625    34.8656    27.6914    27.6939    7.29545 0.0000e+00
      16060    299.974     3.8598     3.8579   3.245033   3.245080     2.3608     2.3270      8.057    -0.0029     1.5692 1.0790e-01     0.0620    98.4632     6.2435     6.5373    34.8627    34.8652    27.6915    27.6937    7.29544 0.0000e+00
      16063    300.080     3.8598     3.8573   3.245040   3.245054     2.3620     2.3270      8.057    -0.0029     1.4113 1.0790e-01     0.0620    98.4632     6.2488     6.5377    34.8627    34.8655    27.6915    27.6940    7.29544 0.0000e+00
      16066    300.189     3.8597     3.8573   3.245008   3.245074     2.3608     2.3266      8.057    -0.0029     1.3323 1.0790e-01     0.0620    98.4632     6.2459     6.5393    34.8623    34.8657    27.6912    27.6941    7.29547 0.0000e+00
      16069    300.300     3.8596     3.8574   3.245031   3.245093     2.3608     2.3266      8.057    -0.0176     1.3323 1.0790e-01     0.0620    98.4632     6.2469     6.5436    34.8626    34.8658    27.6915    27.6942    7.29548 0.0000e+00
      16072    300.411     3.8597     3.8574   3.245048   3.245094     2.3612     2.3270      8.055    -0.0176     1.3323 1.0790e-01     0.0620    98.4632     6.2501     6.5473    34.8627    34.8657    27.6915    27.6942    7.29545 0.0000e+00
      16075    300.525     3.8597     3.8575   3.245065   3.245088     2.3620     2.3266      8.057    -0.0078     1.3323 1.0790e-01     0.0620    98.4632     6.2546     6.5485    34.8628    34.8655    27.6916    27.6940    7.29544 0.0000e+00
      16078    300.639     3.8597     3.8574   3.245046   3.245103     2.3608     2.3266      8.057    -0.0176     1.3323 1.0790e-01     0.0620    98.4632     6.2508     6.5526    34.8625    34.8657    27.6914    27.6942    7.29546 0.0000e+00
      16081    300.754     3.8596     3.8574   3.245046   3.245079     2.3616     2.3278      8.055    -0.0176     1.3323 1.0790e-01     0.0620    98.4632     6.2521     6.5598    34.8626    34.8653    27.6915    27.6939    7.29548 0.0000e+00
      16084    300.869     3.8595     3.8573   3.245038   3.245110     2.3608     2.3266      8.055    -0.0078     1.3323 1.0790e-01     0.0620    98.4632     6.2491     6.5557    34.8625    34.8658    27.6914    27.6943    7.29549 0.0000e+00
      16087    300.987     3.8596     3.8574   3.245064   3.245150     2.3616     2.3266      8.057    -0.0176     1.3323 1.0790e-01     0.0613    98.4805     6.2523     6.5567    34.8627    34.8661    27.6916    27.6945    7.29547 0.0000e+00
