Datasets/AZMP/COO001/79001098.cnv
* Sea-Bird SBE 9 Data File:
* FileName = C:\CTDDATA\79001098.hex
* Software Version Seasave V 7.26.7.110
* Temperature SN = 5660
* Conductivity SN = 3698
* Number of Bytes Per Scan = 30
* Number of Voltage Words = 4
* Number of Scans Averaged by the Deck Unit = 1
* NMEA baud rate = 9600
** VESSEL/TRIP/SEQ STN:  79001098
** LATITUDE XX XX.XX N:  49 22.00 N
** LONGITUDE XX XX.XX W:  51 01.00 W
** SOUNDING DEPTH (M):  0345
** PROBE TYPE: S1257
** CTD NUMBER: 064
** COMMENTS (14 CHAR): BB-09
** BOTTLES:  13
** LEVELS: 5,5,10,20,20,30,40,50,75,100,150,250,BTM
** STICKERS: 435371 - 435383
** VNET: Y
** DO2: N
# nquan = 22
# nvalues = 8562                        
# units = specified
# name 0 = scan: Scan Count
# name 1 = prDM: Pressure, Digiquartz [db]
# name 2 = t090C: Temperature [ITS-90, deg C]
# name 3 = t190C: Temperature, 2 [ITS-90, deg C]
# name 4 = c0S/m: Conductivity [S/m]
# name 5 = c1S/m: Conductivity, 2 [S/m]
# name 6 = sbeox0V: Oxygen raw, SBE 43 [V]
# name 7 = sbeox1V: Oxygen raw, SBE 43, 2 [V]
# name 8 = ph: pH
# name 9 = flECO-AFL: Fluorescence, WET Labs ECO-AFL/FL [mg/m^3]
# name 10 = wetCDOM: Fluorescence, WET Labs CDOM [mg/m^3]
# name 11 = par/sat/log: PAR/Logarithmic, Satlantic [umol photons/m^2/sec]
# name 12 = CStarAt0: Beam Attenuation, WET Labs C-Star [1/m]
# name 13 = CStarTr0: Beam Transmission, WET Labs C-Star [%]
# name 14 = sbeox0ML/L: Oxygen, SBE 43 [ml/l], WS = 2
# name 15 = sbeox1ML/L: Oxygen, SBE 43, 2 [ml/l], WS = 2
# name 16 = sal00: Salinity, Practical [PSU]
# name 17 = sal11: Salinity, Practical, 2 [PSU]
# name 18 = sigma-t00: Density [sigma-t, kg/m^3 ]
# name 19 = sigma-t11: Density, 2 [sigma-t, kg/m^3 ]
# name 20 = oxsatML/L: Oxygen Saturation, Weiss [ml/l]
# name 21 = flag: flag
# span 0 =          2,      67730       
# span 1 =      1.168,    334.415       
# span 2 =     0.4122,     3.3583       
# span 3 =     0.4002,     3.3612       
# span 4 =   2.837937,   3.180835       
# span 5 =   2.838179,   3.180944       
# span 6 =     2.3291,     2.7389       
# span 7 =     2.3054,     2.7045       
# span 8 =      8.097,      8.201       
# span 9 =    -0.0127,     1.0081       
# span 10 =    -0.4048,     2.0035      
# span 11 = 1.0703e-01, 6.0069e-01      
# span 12 =     0.0556,     1.9015      
# span 13 =    62.5744,    98.6196      
# span 14 =     6.2659,     7.6945      
# span 15 =     6.5906,     8.1804      
# span 16 =    33.1046,    34.6451      
# span 17 =    33.1099,    34.6248      
# span 18 =    26.4483,    27.5800      
# span 19 =    26.4525,    27.5535      
# span 20 =    7.39900,    8.03264      
# span 21 = 0.0000e+00, 0.0000e+00      
# interval = scans: 3                   
# start_time = Dec 03 2019 07:44:17 [System UTC, header]
# bad_flag = -9.990e-29
*END*
[from data line 4280]
      23476    322.145     3.3351     3.3281   3.179078   3.178590     2.3684     2.3407      8.115    -0.0029     1.6876 1.0790e-01     0.2736    93.3883     6.3897     6.7258    34.6182    34.6197    27.5489    27.5508    7.40294 0.0000e+00
      23479    322.060     3.3348     3.3280   3.179080   3.178588     2.3676     2.3407      8.114     0.0068     1.6876 1.0790e-01     0.2740    93.3796     6.3868     6.7280    34.6185    34.6198    27.5491    27.5508    7.40297 0.0000e+00
      23482    321.979     3.3350     3.3279   3.179109   3.178572     2.3684     2.3407      8.114    -0.0029     1.6876 1.0790e-01     0.2740    93.3796     6.3900     6.7297    34.6187    34.6199    27.5493    27.5509    7.40292 0.0000e+00
      23485    321.900     3.3349     3.3279   3.178983   3.178549     2.3680     2.3407      8.114    -0.0029     1.6876 1.0790e-01     0.2733    93.3970     6.3888     6.7310    34.6173    34.6196    27.5482    27.5507    7.40301 0.0000e+00
      23488    321.825     3.3340     3.3277   3.178819   3.178535     2.3684     2.3415      8.114    -0.0029     1.6876 1.0790e-01     0.2733    93.3970     6.3906     6.7347    34.6164    34.6196    27.5475    27.5507    7.40323 0.0000e+00
      23491    321.752     3.3334     3.3276   3.178841   3.178545     2.3696     2.3411      8.114    -0.0029     1.6876 1.0790e-01     0.2729    93.4057     6.3954     6.7337    34.6174    34.6199    27.5484    27.5510    7.40330 0.0000e+00
      23494    321.683     3.3331     3.3277   3.178861   3.178526     2.3684     2.3411      8.117    -0.0029     1.6876 1.0790e-01     0.2695    93.4839     6.3910     6.7336    34.6179    34.6197    27.5488    27.5507    7.40331 0.0000e+00
      23497    321.617     3.3331     3.3276   3.178865   3.178521     2.3684     2.3415      8.114    -0.0029     1.6876 1.0790e-01     0.2699    93.4752     6.3923     6.7354    34.6180    34.6197    27.5489    27.5508    7.40331 0.0000e+00
      23500    321.557     3.3330     3.3274   3.178881   3.178511     2.3688     2.3419      8.115     0.0020     1.5692 1.0790e-01     0.2699    93.4752     6.3938     6.7370    34.6183    34.6198    27.5492    27.5509    7.40331 0.0000e+00
      23503    321.499     3.3333     3.3273   3.178919   3.178487     2.3688     2.3419      8.114    -0.0029     1.5692 1.0790e-01     0.2699    93.4752     6.3926     6.7357    34.6185    34.6196    27.5493    27.5508    7.40325 0.0000e+00
      23506    321.446     3.3337     3.3272   3.178938   3.178449     2.3688     2.3419      8.115    -0.0029     1.5692 1.0790e-01     0.2695    93.4839     6.3901     6.7344    34.6183    34.6194    27.5491    27.5506    7.40319 0.0000e+00
      23509    321.399     3.3337     3.3268   3.178955   3.178439     2.3688     2.3419      8.114    -0.0029     1.5692 1.0790e-01     0.2695    93.4839     6.3901     6.7333    34.6185    34.6197    27.5493    27.5509    7.40317 0.0000e+00
      23512    321.354     3.3340     3.3270   3.179101   3.178436     2.3684     2.3419      8.115    -0.0029     1.5692 1.0790e-01     0.2710    93.4491     6.3885     6.7318    34.6200    34.6194    27.5505    27.5506    7.40305 0.0000e+00
      23515    321.312     3.3350     3.3269   3.179234   3.178444     2.3692     2.3419      8.114    -0.0029     1.5692 1.0790e-01     0.2718    93.4318     6.3907     6.7313    34.6205    34.6196    27.5508    27.5508    7.40283 0.0000e+00
      23518    321.275     3.3359     3.3272   3.179313   3.178467     2.3688     2.3419      8.115     0.0020     1.5692 1.0790e-01     0.2718    93.4318     6.3908     6.7301    34.6206    34.6196    27.5507    27.5508    7.40267 0.0000e+00
      23521    321.237     3.3371     3.3274   3.179536   3.178546     2.3688     2.3423      8.114    -0.0029     1.5692 1.0790e-01     0.2718    93.4318     6.3914     6.7302    34.6220    34.6204    27.5517    27.5514    7.40237 0.0000e+00
      23524    321.204     3.3388     3.3281   3.179635   3.178633     2.3684     2.3423      8.115    -0.0029     1.5692 1.0790e-01     0.2722    93.4231     6.3877     6.7282    34.6215    34.6207    27.5511    27.5516    7.40210 0.0000e+00
      23527    321.172     3.3392     3.3286   3.179584   3.178601     2.3684     2.3419      8.115    -0.0029     1.5692 1.0790e-01     0.2718    93.4318     6.3863     6.7258    34.6205    34.6198    27.5503    27.5508    7.40207 0.0000e+00
      23530    321.139     3.3393     3.3285   3.179528   3.178574     2.3684     2.3423      8.114    -0.0029     1.5692 1.0790e-01     0.2718    93.4318     6.3862     6.7265    34.6196    34.6196    27.5496    27.5506    7.40208 0.0000e+00
      23533    321.109     3.3391     3.3283   3.179461   3.178568     2.3688     2.3427      8.115     0.0020     1.5692 1.0790e-01     0.2736    93.3883     6.3882     6.7265    34.6190    34.6198    27.5492    27.5508    7.40215 0.0000e+00
      23536    321.079     3.3386     3.3285   3.179383   3.178606     2.3696     2.3423      8.115    -0.0029     1.5692 1.0790e-01     0.2733    93.3970     6.3894     6.7247    34.6187    34.6201    27.5490    27.5510    7.40227 0.0000e+00
      23539    321.052     3.3382     3.3285   3.179390   3.178591     2.3680     2.3419      8.114    -0.0029     1.5692 1.0790e-01     0.2736    93.3883     6.3839     6.7240    34.6192    34.6199    27.5494    27.5508    7.40231 0.0000e+00
      23542    321.023     3.3380     3.3285   3.179319   3.178599     2.3700     2.3428      8.112    -0.0029     1.5692 1.0790e-01     0.2733    93.3970     6.3925     6.7288    34.6186    34.6200    27.5490    27.5510    7.40239 0.0000e+00
      23545    320.994     3.3378     3.3285   3.179329   3.178569     2.3688     2.3423      8.115    -0.0029     1.5692 1.0790e-01     0.2740    93.3796     6.3893     6.7263    34.6189    34.6197    27.5492    27.5507    7.40240 0.0000e+00
      23548    320.966     3.3374     3.3284   3.179291   3.178575     2.3680     2.3419      8.115    -0.0029     1.5692 1.0790e-01     0.2736    93.3883     6.3870     6.7234    34.6189    34.6198    27.5492    27.5508    7.40247 0.0000e+00
      23551    320.935     3.3375     3.3284   3.179356   3.178573     2.3676     2.3423      8.114    -0.0078     1.4902 1.0790e-01     0.2744    93.3709     6.3867     6.7222    34.6196    34.6199    27.5498    27.5508    7.40242 0.0000e+00
      23554    320.906     3.3379     3.3283   3.179430   3.178568     2.3692     2.3419      8.114    -0.0029     1.4507 1.0790e-01     0.2800    93.2406     6.3923     6.7176    34.6200    34.6199    27.5501    27.5508    7.40232 0.0000e+00
      23557    320.872     3.3389     3.3278   3.179621   3.178503     2.3684     2.3419      8.112    -0.0029     1.4507 1.0790e-01     0.2803    93.2319     6.3879     6.7147    34.6213    34.6196    27.5510    27.5507    7.40208 0.0000e+00
      23560    320.835     3.3397     3.3276   3.179662   3.178446     2.3676     2.3423      8.114    -0.0029     1.4507 1.0790e-01     0.2807    93.2232     6.3860     6.7142    34.6210    34.6192    27.5507    27.5504    7.40194 0.0000e+00
      23563    320.797     3.3401     3.3271   3.179623   3.178402     2.3692     2.3432      8.115    -0.0029     1.4507 1.0790e-01     0.2807    93.2232     6.3938     6.7146    34.6202    34.6193    27.5500    27.5505    7.40192 0.0000e+00
      23566    320.755     3.3402     3.3269   3.179626   3.178373     2.3692     2.3432      8.115    -0.0029     1.4507 1.0790e-01     0.2800    93.2406     6.3929     6.7112    34.6201    34.6192    27.5499    27.5504    7.40190 0.0000e+00
      23569    320.713     3.3403     3.3267   3.179630   3.178376     2.3688     2.3419      8.115    -0.0029     1.4507 1.0790e-01     0.2807    93.2232     6.3950     6.7064    34.6201    34.6193    27.5499    27.5506    7.40189 0.0000e+00
      23572    320.670     3.3404     3.3267   3.179627   3.178362     2.3688     2.3419      8.114     0.0020     1.4507 1.0790e-01     0.2818    93.1971     6.3937     6.7054    34.6199    34.6193    27.5497    27.5505    7.40187 0.0000e+00
      23575    320.624     3.3404     3.3265   3.179590   3.178334     2.3700     2.3411      8.114    -0.0029     1.4507 1.0790e-01     0.2845    93.1363     6.3974     6.7004    34.6195    34.6191    27.5495    27.5504    7.40190 0.0000e+00
      23578    320.579     3.3400     3.3265   3.179512   3.178348     2.3692     2.3419      8.117     0.0020     1.5297 1.0790e-01     0.2845    93.1363     6.3946     6.7040    34.6190    34.6194    27.5490    27.5507    7.40199 0.0000e+00
      23581    320.533     3.3396     3.3264   3.179426   3.178349     2.3680     2.3407      8.114    -0.0029     1.5692 1.0790e-01     0.2841    93.1450     6.3919     6.6988    34.6185    34.6195    27.5487    27.5507    7.40210 0.0000e+00
      23584    320.490     3.3389     3.3264   3.179348   3.178360     2.3696     2.3411      8.117    -0.0078     1.5692 1.0790e-01     0.2848    93.1276     6.3958     6.7010    34.6182    34.6196    27.5485    27.5509    7.40223 0.0000e+00
      23587    320.443     3.3381     3.3264   3.179319   3.178339     2.3696     2.3407      8.115    -0.0029     1.5692 1.0790e-01     0.2841    93.1450     6.3956     6.7021    34.6188    34.6194    27.5490    27.5507    7.40235 0.0000e+00
      23590    320.399     3.3376     3.3265   3.179304   3.178326     2.3688     2.3407      8.114     0.0020     1.5692 1.0790e-01     0.2845    93.1363     6.3923     6.7086    34.6191    34.6192    27.5494    27.5505    7.40242 0.0000e+00
      23593    320.353     3.3373     3.3265   3.179309   3.178328     2.3696     2.3407      8.114    -0.0029     1.4902 1.0790e-01     0.2829    93.1711     6.3952     6.7156    34.6196    34.6192    27.5498    27.5505    7.40246 0.0000e+00
      23596    320.304     3.3372     3.3263   3.179293   3.178310     2.3688     2.3411      8.114    -0.0029     1.5692 1.0790e-01     0.2807    93.2232     6.3923     6.7215    34.6195    34.6193    27.5497    27.5506    7.40248 0.0000e+00
      23599    320.257     3.3372     3.3263   3.179285   3.178298     2.3700     2.3407      8.117    -0.0078     1.5692 1.0790e-01     0.2807    93.2232     6.3954     6.7241    34.6195    34.6192    27.5497    27.5505    7.40249 0.0000e+00
      23602    320.212     3.3373     3.3263   3.179266   3.178291     2.3700     2.3411      8.114    -0.0029     1.5692 1.0790e-01     0.2807    93.2232     6.3968     6.7278    34.6191    34.6191    27.5494    27.5504    7.40248 0.0000e+00
      23605    320.167     3.3372     3.3262   3.179245   3.178309     2.3696     2.3411      8.115    -0.0029     1.5692 1.0790e-01     0.2811    93.2145     6.3949     6.7315    34.6190    34.6194    27.5494    27.5507    7.40251 0.0000e+00
      23608    320.125     3.3371     3.3261   3.179237   3.178298     2.3696     2.3407      8.114    -0.0029     1.5297 1.0790e-01     0.2807    93.2232     6.3937     6.7309    34.6191    34.6194    27.5494    27.5507    7.40253 0.0000e+00
      23611    320.083     3.3371     3.3261   3.179225   3.178291     2.3704     2.3415      8.115    -0.0029     1.5692 1.0790e-01     0.2807    93.2232     6.3945     6.7359    34.6189    34.6193    27.5493    27.5506    7.40253 0.0000e+00
      23614    320.040     3.3369     3.3261   3.179164   3.178280     2.3688     2.3415      8.117    -0.0029     1.5692 1.0790e-01     0.2777    93.2927     6.3881     6.7378    34.6184    34.6192    27.5488    27.5506    7.40259 0.0000e+00
      23617    320.002     3.3365     3.3259   3.179106   3.178238     2.3700     2.3419      8.117    -0.0029     1.5692 1.0790e-01     0.2773    93.3014     6.3918     6.7403    34.6182    34.6189    27.5487    27.5504    7.40268 0.0000e+00
      23620    319.964     3.3361     3.3257   3.179103   3.178232     2.3700     2.3419      8.112    -0.0029     1.5692 1.0790e-01     0.2766    93.3188     6.3916     6.7423    34.6185    34.6192    27.5491    27.5506    7.40273 0.0000e+00
      23623    319.927     3.3359     3.3258   3.179099   3.178216     2.3688     2.3419      8.115     0.0020     1.5692 1.0790e-01     0.2773    93.3014     6.3863     6.7430    34.6187    34.6189    27.5492    27.5503    7.40275 0.0000e+00
      23626    319.889     3.3360     3.3257   3.179148   3.178225     2.3704     2.3419      8.112    -0.0029     1.5692 1.0790e-01     0.2773    93.3014     6.3923     6.7432    34.6193    34.6191    27.5497    27.5505    7.40272 0.0000e+00
      23629    319.847     3.3362     3.3257   3.179114   3.178252     2.3700     2.3423      8.115     0.0020     1.4902 1.0790e-01     0.2769    93.3101     6.3902     6.7436    34.6187    34.6194    27.5492    27.5508    7.40271 0.0000e+00
      23632    319.812     3.3362     3.3262   3.179066   3.178348     2.3696     2.3419      8.115    -0.0029     1.4507 1.0790e-01     0.2769    93.3101     6.3872     6.7409    34.6181    34.6201    27.5487    27.5512    7.40274 0.0000e+00
      23635    319.773     3.3359     3.3266   3.179031   3.178355     2.3680     2.3428      8.115    -0.0078     1.4507 1.0790e-01     0.2710    93.4491     6.3820     6.7412    34.6180    34.6198    27.5487    27.5509    7.40280 0.0000e+00
      23638    319.733     3.3357     3.3268   3.179020   3.178354     2.3696     2.3428      8.114    -0.0029     1.4507 1.0790e-01     0.2718    93.4318     6.3879     6.7397    34.6182    34.6196    27.5488    27.5508    7.40283 0.0000e+00
      23641    319.691     3.3354     3.3270   3.178985   3.178372     2.3700     2.3432      8.115    -0.0029     1.4507 1.0790e-01     0.2718    93.4318     6.3894     6.7400    34.6181    34.6196    27.5488    27.5508    7.40289 0.0000e+00
      23644    319.651     3.3352     3.3271   3.178999   3.178379     2.3696     2.3432      8.114    -0.0029     1.4507 1.0790e-01     0.2714    93.4405     6.3872     6.7387    34.6184    34.6196    27.5490    27.5508    7.40290 0.0000e+00
      23647    319.613     3.3351     3.3272   3.178989   3.178389     2.3696     2.3432      8.114    -0.0029     1.4507 1.0790e-01     0.2718    93.4318     6.3867     6.7369    34.6185    34.6196    27.5491    27.5508    7.40293 0.0000e+00
      23650    319.573     3.3350     3.3271   3.178965   3.178379     2.3692     2.3432      8.115    -0.0029     1.4507 1.0790e-01     0.2714    93.4405     6.3847     6.7346    34.6183    34.6197    27.5489    27.5508    7.40294 0.0000e+00
      23653    319.533     3.3350     3.3274   3.178981   3.178433     2.3688     2.3432      8.114    -0.0029     1.4507 1.0790e-01     0.2703    93.4665     6.3857     6.7321    34.6185    34.6200    27.5491    27.5511    7.40293 0.0000e+00
      23656    319.487     3.3349     3.3278   3.178971   3.178446     2.3684     2.3432      8.115    -0.0029     1.4902 1.0790e-01     0.2673    93.5360     6.3847     6.7298    34.6185    34.6198    27.5492    27.5508    7.40295 0.0000e+00
      23659    319.437     3.3348     3.3280   3.178969   3.178502     2.3696     2.3432      8.117    -0.0029     1.5692 1.0790e-01     0.2673    93.5360     6.3889     6.7258    34.6187    34.6202    27.5493    27.5511    7.40298 0.0000e+00
      23662    319.385     3.3349     3.3286   3.178965   3.178555     2.3692     2.3432      8.114    -0.0029     1.5692 1.0790e-01     0.2673    93.5360     6.3865     6.7227    34.6185    34.6202    27.5491    27.5511    7.40296 0.0000e+00
      23665    319.329     3.3350     3.3285   3.178974   3.178523     2.3696     2.3432      8.115    -0.0029     1.5692 1.0790e-01     0.2677    93.5273     6.3888     6.7206    34.6185    34.6200    27.5492    27.5510    7.40294 0.0000e+00
      23668    319.266     3.3348     3.3284   3.178962   3.178492     2.3680     2.3432      8.115    -0.0029     1.5692 1.0790e-01     0.2673    93.5360     6.3844     6.7175    34.6186    34.6198    27.5492    27.5507    7.40296 0.0000e+00
