Datasets/AZMP/COO001/79001119.cnv
* Sea-Bird SBE 9 Data File:
* FileName = C:\CTDDATA\79001119.hex
* Software Version Seasave V 7.26.7.110
* Temperature SN = 5660
* Conductivity SN = 3698
* Number of Bytes Per Scan = 30
* Number of Voltage Words = 4
* Number of Scans Averaged by the Deck Unit = 1
* NMEA baud rate = 9600
** VESSEL/TRIP/SEQ STN:  79001119
** LATITUDE XX XX.XX N:  47 00.00 N
** LONGITUDE XX XX.XX W:  51 00.00 W
** SOUNDING DEPTH (M):  0110
** PROBE TYPE: S1257
** CTD NUMBER: 079
** COMMENTS (14 CHAR): FC-07
** BOTTLES:  10
** LEVELS: 5,5,10,20,20,30,40,50,75,BTM
** STICKERS: 435603 - 435612
** VNET: Y
** DO2: N
# nquan = 22
# nvalues = 2795                        
# units = specified
# name 0 = scan: Scan Count
# name 1 = prDM: Pressure, Digiquartz [db]
# name 2 = t090C: Temperature [ITS-90, deg C]
# name 3 = t190C: Temperature, 2 [ITS-90, deg C]
# name 4 = c0S/m: Conductivity [S/m]
# name 5 = c1S/m: Conductivity, 2 [S/m]
# name 6 = sbeox0V: Oxygen raw, SBE 43 [V]
# name 7 = sbeox1V: Oxygen raw, SBE 43, 2 [V]
# name 8 = ph: pH
# name 9 = flECO-AFL: Fluorescence, WET Labs ECO-AFL/FL [mg/m^3]
# name 10 = wetCDOM: Fluorescence, WET Labs CDOM [mg/m^3]
# name 11 = par/sat/log: PAR/Logarithmic, Satlantic [umol photons/m^2/sec]
# name 12 = CStarAt0: Beam Attenuation, WET Labs C-Star [1/m]
# name 13 = CStarTr0: Beam Transmission, WET Labs C-Star [%]
# name 14 = sbeox0ML/L: Oxygen, SBE 43 [ml/l], WS = 2
# name 15 = sbeox1ML/L: Oxygen, SBE 43, 2 [ml/l], WS = 2
# name 16 = sal00: Salinity, Practical [PSU]
# name 17 = sal11: Salinity, Practical, 2 [PSU]
# name 18 = sigma-t00: Density [sigma-t, kg/m^3 ]
# name 19 = sigma-t11: Density, 2 [sigma-t, kg/m^3 ]
# name 20 = oxsatML/L: Oxygen Saturation, Weiss [ml/l]
# name 21 = flag: flag
# span 0 =         70,      34540       
# span 1 =      0.486,    100.927       
# span 2 =    -0.7759,     3.1063       
# span 3 =    -0.7908,     3.1076       
# span 4 =   2.675812,   2.938856       
# span 5 =   2.674460,   2.939025       
# span 6 =     2.3944,     2.7721       
# span 7 =     2.3651,     2.7354       
# span 8 =      8.021,      8.166       
# span 9 =     0.0264,     0.7297       
# span 10 =     1.4902,     2.1614      
# span 11 = 1.0777e-01, 3.8400e-01      
# span 12 =     0.0535,     0.2370      
# span 13 =    94.2790,    98.6717      
# span 14 =     6.7137,     7.8746      
# span 15 =     7.4604,     8.3567      
# span 16 =    31.9042,    33.0849      
# span 17 =    32.1226,    33.0874      
# span 18 =    25.4064,    26.5890      
# span 19 =    25.5795,    26.5911      
# span 20 =    7.57045,    8.34050      
# span 21 = 0.0000e+00, 0.0000e+00      
# interval = scans: 3                   
# start_time = Dec 07 2019 22:14:06 [System UTC, header]
# bad_flag = -9.990e-29
*END*
[from data line 856]
       3508     68.658     0.1359     0.3495   2.739387   2.754489     2.5767     2.5319      8.096     0.0947     1.9245 1.0815e-01     0.0627    98.4458     7.4677     7.6566    32.6376    32.6083    26.1929    26.1587    8.14639 0.0000e+00
       3511     68.681     0.1406     0.4010   2.739641   2.757998     2.5759     2.5307      8.096     0.0850     1.9245 1.0802e-01     0.0623    98.4545     7.4652     7.6550    32.6360    32.5996    26.1913    26.1489    8.14547 0.0000e+00
       3514     68.709     0.1512     0.4517   2.741167   2.761337     2.5735     2.5295      8.096     0.0947     1.9245 1.0815e-01     0.0627    98.4458     7.4569     7.6549    32.6446    32.5893    26.1978    26.1380    8.14268 0.0000e+00
       3517     68.741     0.1667     0.4793   2.741322   2.763447     2.5714     2.5278      8.096     0.0850     1.9245 1.0790e-01     0.0623    98.4545     7.4523     7.6551    32.6302    32.5875    26.1854    26.1351    8.14014 0.0000e+00
       3520     68.775     0.1558     0.5107   2.736359   2.766336     2.5706     2.5266      8.094     0.1094     1.8455 1.0815e-01     0.0623    98.4545     7.4602     7.6537    32.5767    32.5919    26.1428    26.1369    8.14548 0.0000e+00
       3523     68.814     0.1223     0.4864   2.732352   2.763622     2.5694     2.5254      8.096     0.1339     1.8060 1.0827e-01     0.0630    98.4371     7.4689     7.6650    32.5597    32.5823    26.1307    26.1305    8.15368 0.0000e+00
       3526     68.860     0.0777     0.4643   2.730628   2.761398     2.5678     2.5246      8.096     0.1339     1.8060 1.0827e-01     0.0630    98.4371     7.4744     7.6748    32.5844    32.5767    26.1527    26.1272    8.16198 0.0000e+00
       3529     68.911     0.0491     0.3905   2.730049   2.755850     2.5661     2.5234      8.093     0.1290     1.7665 1.0815e-01     0.0630    98.4371     7.4774     7.6911    32.6073    32.5825    26.1725    26.1357    8.16694 0.0000e+00
       3532     68.963     0.0163     0.3796   2.722946   2.757476     2.5649     2.5226      8.091     0.1290     1.8060 1.0802e-01     0.0630    98.4371     7.4846     7.6919    32.5486    32.6152    26.1267    26.1626    8.17735 0.0000e+00
       3535     69.018    -0.0994     0.3929   2.708571   2.757254     2.5637     2.5217      8.092     0.1290     1.8060 1.0815e-01     0.0630    98.4371     7.5098     7.6912    32.4821    32.5982    26.0783    26.1483    8.20636 0.0000e+00
       3538     69.087    -0.2170     0.3618   2.703430   2.756436     2.5620     2.5213      8.092     0.1339     1.8060 1.0827e-01     0.0630    98.4371     7.5297     7.6994    32.5394    32.6204    26.1298    26.1677    8.22898 0.0000e+00
       3541     69.166    -0.2964     0.3607   2.701381   2.752929     2.5600     2.5197      8.093     0.1339     1.8060 1.0802e-01     0.0634    98.4284     7.5354     7.6985    32.5972    32.5759    26.1798    26.1319    8.24326 0.0000e+00
       3544     69.249    -0.3453     0.1944   2.700230   2.737612     2.5588     2.5189      8.090     0.1339     1.8060 1.0815e-01     0.0637    98.4197     7.5411     7.7326    32.6343    32.5518    26.2119    26.1208    8.25198 0.0000e+00
       3547     69.337    -0.3809     0.0533   2.698304   2.730025     2.5576     2.5181      8.088     0.0899     1.9640 1.0802e-01     0.0634    98.4284     7.5457     7.7567    32.6468    32.6022    26.2235    26.1683    8.25917 0.0000e+00
       3550     69.435    -0.4206    -0.1000   2.695605   2.714239     2.5555     2.5169      8.088     0.0947     2.0429 1.0815e-01     0.0637    98.4197     7.5492     7.7862    32.6534    32.5574    26.2304    26.1391    8.26759 0.0000e+00
       3553     69.543    -0.4555    -0.3244   2.694071   2.701666     2.5555     2.5156      8.088     0.0850     2.0429 1.0802e-01     0.0637    98.4197     7.5574     7.8259    32.6705    32.6308    26.2456    26.2082    8.27440 0.0000e+00
       3556     69.658    -0.4807    -0.4237   2.693194   2.697270     2.5531     2.5148      8.088     0.0801     2.0429 1.0802e-01     0.0641    98.4110     7.5537     7.8412    32.6858    32.6788    26.2590    26.2511    8.27913 0.0000e+00
       3559     69.779    -0.4980    -0.4720   2.692587   2.695078     2.5519     2.5144      8.086     0.0850     2.0429 1.0827e-01     0.0630    98.4371     7.5560     7.8483    32.6963    32.7015    26.2682    26.2714    8.28239 0.0000e+00
       3562     69.905    -0.5110    -0.4996   2.692003   2.693674     2.5511     2.5132      8.084     0.0850     2.0429 1.0802e-01     0.0634    98.4284     7.5600     7.8501    32.7024    32.7125    26.2737    26.2813    8.28494 0.0000e+00
       3565     70.035    -0.5225    -0.5175   2.691232   2.692618     2.5486     2.5120      8.084     0.0899     2.0429 1.0815e-01     0.0623    98.4545     7.5584     7.8536    32.7045    32.7176    26.2758    26.2862    8.28740 0.0000e+00
       3568     70.166    -0.5339    -0.5325   2.690635   2.691581     2.5486     2.5107      8.084     0.0850     2.0429 1.0790e-01     0.0598    98.5153     7.5645     7.8545    32.7087    32.7199    26.2797    26.2886    8.28970 0.0000e+00
       3571     70.303    -0.5428    -0.5456   2.690188   2.690739     2.5470     2.5099      8.084     0.0801     2.0429 1.0827e-01     0.0598    98.5153     7.5635     7.8605    32.7123    32.7227    26.2829    26.2914    8.29148 0.0000e+00
       3574     70.442    -0.5519    -0.5592   2.689502   2.689777     2.5462     2.5087      8.084     0.0557     2.0429 1.0802e-01     0.0598    98.5153     7.5671     7.8678    32.7129    32.7244    26.2837    26.2934    8.29349 0.0000e+00
       3577     70.586    -0.5615    -0.5716   2.688822   2.688992     2.5437     2.5079      8.084     0.0557     2.0429 1.0815e-01     0.0598    98.5153     7.5644     7.8777    32.7141    32.7272    26.2851    26.2961    8.29557 0.0000e+00
       3580     70.730    -0.5707    -0.5809   2.688256   2.688290     2.5429     2.5071      8.084     0.0557     2.0429 1.0802e-01     0.0598    98.5153     7.5686     7.8858    32.7163    32.7278    26.2872    26.2969    8.29749 0.0000e+00
       3583     70.872    -0.5787    -0.5902   2.687795   2.687737     2.5425     2.5059      8.084     0.0557     2.0429 1.0815e-01     0.0598    98.5153     7.5723     7.8968    32.7186    32.7303    26.2894    26.2993    8.29914 0.0000e+00
       3586     71.015    -0.5864    -0.5978   2.687336   2.687260     2.5421     2.5055      8.079     0.0557     2.0429 1.0815e-01     0.0591    98.5327     7.5790     7.9135    32.7207    32.7320    26.2914    26.3010    8.30075 0.0000e+00
       3589     71.156    -0.5933    -0.6038   2.686912   2.686809     2.5413     2.5051      8.079     0.0557     2.0034 1.0827e-01     0.0588    98.5414     7.5831     7.9266    32.7225    32.7324    26.2931    26.3015    8.30220 0.0000e+00
       3592     71.295    -0.5994    -0.6108   2.686533   2.686200     2.5401     2.5042      8.081     0.0557     2.0429 1.0815e-01     0.0588    98.5414     7.5861     7.9364    32.7239    32.7318    26.2945    26.3013    8.30349 0.0000e+00
       3595     71.437    -0.6055    -0.6209   2.685922   2.685207     2.5388     2.5042      8.079     0.0508     2.0429 1.0815e-01     0.0588    98.5414     7.5886     7.9498    32.7221    32.7293    26.2933    26.2997    8.30494 0.0000e+00
       3598     71.573    -0.6163    -0.6432   2.684537   2.683547     2.5388     2.5042      8.079     0.0557     2.0034 1.0827e-01     0.0588    98.5414     7.5954     7.9645    32.7152    32.7310    26.2881    26.3019    8.30776 0.0000e+00
       3601     71.704    -0.6327    -0.6611   2.683154   2.682452     2.5376     2.5042      8.079     0.0557     1.9245 1.0815e-01     0.0588    98.5414     7.5986     7.9744    32.7143    32.7356    26.2880    26.3063    8.31149 0.0000e+00
       3604     71.833    -0.6481    -0.6715   2.682263   2.681863     2.5364     2.5034      8.079     0.0557     1.9245 1.0802e-01     0.0588    98.5414     7.5995     7.9792    32.7190    32.7389    26.2924    26.3094    8.31469 0.0000e+00
       3607     71.953    -0.6599    -0.6801   2.681758   2.681174     2.5368     2.5042      8.079     0.0557     1.9245 1.0815e-01     0.0588    98.5414     7.6059     7.9841    32.7249    32.7388    26.2975    26.3096    8.31699 0.0000e+00
       3610     72.069    -0.6693    -0.6911   2.681233   2.680460     2.5364     2.5042      8.079     0.0557     1.9245 1.0815e-01     0.0588    98.5414     7.6114     7.9843    32.7279    32.7411    26.3004    26.3119    8.31893 0.0000e+00
       3613     72.177    -0.6775    -0.6983   2.680787   2.680132     2.5360     2.5030      8.080     0.0606     1.9245 1.0827e-01     0.0588    98.5414     7.6178     7.9801    32.7308    32.7445    26.3030    26.3148    8.32061 0.0000e+00
       3616     72.278    -0.6841    -0.7040   2.680512   2.679698     2.5360     2.5030      8.080     0.0557     1.9245 1.0802e-01     0.0588    98.5414     7.6253     7.9769    32.7341    32.7448    26.3059    26.3153    8.32190 0.0000e+00
       3619     72.372    -0.6895    -0.7126   2.680451   2.679050     2.5344     2.5030      8.080     0.0557     1.9245 1.0827e-01     0.0588    98.5414     7.6248     7.9743    32.7390    32.7453    26.3101    26.3160    8.32282 0.0000e+00
       3622     72.461    -0.6929    -0.7205   2.680156   2.678681     2.5336     2.5026      8.080     0.0606     1.9245 1.0815e-01     0.0588    98.5414     7.6262     7.9709    32.7388    32.7489    26.3101    26.3193    8.32362 0.0000e+00
       3625     72.544    -0.6975    -0.7244   2.679911   2.678530     2.5340     2.5022      8.080     0.0459     1.9245 1.0827e-01     0.0591    98.5327     7.6332     7.9684    32.7404    32.7510    26.3116    26.3211    8.32456 0.0000e+00
       3628     72.621    -0.7035    -0.7280   2.679732   2.678431     2.5332     2.5014      8.078     0.0410     1.9245 1.0827e-01     0.0591    98.5327     7.6330     7.9649    32.7444    32.7535    26.3150    26.3233    8.32567 0.0000e+00
       3631     72.690    -0.7097    -0.7318   2.679759   2.678366     2.5332     2.5006      8.080     0.0410     1.9245 1.0815e-01     0.0588    98.5414     7.6356     7.9621    32.7515    32.7567    26.3210    26.3260    8.32666 0.0000e+00
       3634     72.751    -0.7159    -0.7340   2.679348   2.678286     2.5336     2.5006      8.077     0.0410     1.9245 1.0827e-01     0.0591    98.5327     7.6422     7.9682    32.7527    32.7580    26.3222    26.3271    8.32800 0.0000e+00
       3637     72.806    -0.7187    -0.7365   2.679695   2.678157     2.5336     2.5002      8.077     0.0459     1.9245 1.0827e-01     0.0598    98.5153     7.6464     7.9739    32.7603    32.7590    26.3284    26.3280    8.32818 0.0000e+00
       3640     72.858    -0.7085    -0.7382   2.682046   2.678098     2.5336     2.4998      8.077     0.0410     1.9245 1.0827e-01     0.0591    98.5327     7.6473     7.9802    32.7809    32.7599    26.3447    26.3288    8.32471 0.0000e+00
       3643     72.904    -0.6693    -0.7401   2.686621   2.677972     2.5332     2.4998      8.078     0.0459     1.9245 1.0815e-01     0.0598    98.5153     7.6389     7.9886    32.7998    32.7603    26.3585    26.3293    8.31482 0.0000e+00
       3646     72.944    -0.6248    -0.7398   2.688484   2.678092     2.5327     2.4990      8.076     0.0410     1.9245 1.0815e-01     0.0602    98.5066     7.6278     7.9941    32.7765    32.7616    26.3380    26.3302    8.30616 0.0000e+00
       3649     72.981    -0.5949    -0.7359   2.689809   2.678416     2.5327     2.4989      8.076     0.0361     1.9245 1.0827e-01     0.0609    98.4892     7.6208     8.0017    32.7619    32.7617    26.3251    26.3302    8.30030 0.0000e+00
       3652     73.013    -0.5734    -0.7318   2.690673   2.678605     2.5323     2.4994      8.077     0.0410     1.9245 1.0802e-01     0.0609    98.4892     7.6159     8.0124    32.7502    32.7598    26.3148    26.3285    8.29616 0.0000e+00
       3655     73.042    -0.5555    -0.7324   2.692178   2.678435     2.5327     2.4994      8.074     0.0459     1.9245 1.0815e-01     0.0609    98.4892     7.6114     8.0200    32.7510    32.7581    26.3147    26.3272    8.29212 0.0000e+00
       3681     73.173    -0.4910    -0.6595   2.695982   2.683566     2.5319     2.4982      8.076     0.0459     1.9245 1.0815e-01     0.0613    98.4805     7.5855     7.9625    32.7322    32.7480    26.2969    26.3162    8.27881 0.0000e+00
       3721     73.342    -0.4452    -0.5213   2.698883   2.692838     2.5299     2.4936      8.076     0.0557     1.9245 1.0802e-01     0.0620    98.4632     7.5440     7.8220    32.7213    32.7228    26.2863    26.2905    8.26921 0.0000e+00
       3724     73.367    -0.4365    -0.5248   2.699764   2.692565     2.5299     2.4928      8.074     0.0557     1.9245 1.0815e-01     0.0620    98.4632     7.5406     7.8235    32.7237    32.7228    26.2879    26.2907    8.26714 0.0000e+00
       3727     73.394    -0.4239    -0.5230   2.700637   2.692834     2.5287     2.4920      8.074     0.0557     1.9245 1.0802e-01     0.0620    98.4632     7.5310     7.8227    32.7218    32.7244    26.2858    26.2919    8.26446 0.0000e+00
       3730     73.424    -0.4114    -0.5186   2.700661   2.692850     2.5274     2.4908      8.074     0.0557     1.8060 1.0815e-01     0.0620    98.4632     7.5216     7.8278    32.7087    32.7199    26.2747    26.2881    8.26243 0.0000e+00
       3733     73.460    -0.4073    -0.5206   2.700843   2.692561     2.5271     2.4908      8.075     0.0557     1.8060 1.0827e-01     0.0620    98.4632     7.5195     7.8384    32.7066    32.7182    26.2729    26.2868    8.26164 0.0000e+00
       3736     73.502    -0.3992    -0.5226   2.702112   2.692572     2.5275     2.4904      8.075     0.0606     1.8060 1.0815e-01     0.0623    98.4545     7.5225     7.8468    32.7148    32.7205    26.2792    26.2888    8.25938 0.0000e+00
       3739     73.546    -0.3967    -0.5320   2.701098   2.692393     2.5279     2.4896      8.074     0.0557     1.8060 1.0815e-01     0.0620    98.4632     7.5285     7.8577    32.6986    32.7282    26.2659    26.2953    8.25974 0.0000e+00
       3742     73.595    -0.4103    -0.5116   2.698341   2.694213     2.5258     2.4892      8.077     0.0508     1.7665 1.0815e-01     0.0620    98.4632     7.5300     7.8603    32.6763    32.7305    26.2485    26.2964    8.26400 0.0000e+00
       3745     73.649    -0.4568    -0.4917   2.691655   2.695143     2.5262     2.4896      8.077     0.0557     1.8060 1.0815e-01     0.0620    98.4632     7.5481     7.8664    32.6372    32.7214    26.2187    26.2882    8.27657 0.0000e+00
       3748     73.703    -0.5074    -0.4920   2.690582   2.695401     2.5258     2.4892      8.076     0.0606     1.7665 1.0827e-01     0.0588    98.5413     7.5579     7.8707    32.6773    32.7251    26.2532    26.2912    8.28557 0.0000e+00
       3751     73.761    -0.5290    -0.4583   2.691517   2.698262     2.5250     2.4884      8.076     0.0606     1.8060 1.0815e-01     0.0577    98.5674     7.5626     7.8639    32.7131    32.7270    26.2830    26.2915    8.28835 0.0000e+00
       3754     73.824    -0.5366    -0.4311   2.691249   2.699225     2.5250     2.4884      8.074     0.0557     1.8060 1.0802e-01     0.0577    98.5674     7.5635     7.8598    32.7177    32.7105    26.2870    26.2770    8.28979 0.0000e+00
       3757     73.888    -0.5500    -0.4318   2.689991   2.699713     2.5250     2.4884      8.074     0.0606     1.9245 1.0815e-01     0.0577    98.5674     7.5643     7.8597    32.7152    32.7177    26.2856    26.2828    8.29292 0.0000e+00
       3760     73.955    -0.5622    -0.4366   2.688181   2.697981     2.5250     2.4880      8.074     0.0557     1.9245 1.0815e-01     0.0577    98.5674     7.5677     7.8625    32.7042    32.6997    26.2771    26.2685    8.29628 0.0000e+00
