Datasets/AZMP/COO001/79001068.cnv
* Sea-Bird SBE 9 Data File:
* FileName = C:\CTDDATA\79001068.hex
* Software Version Seasave V 7.26.7.110
* Temperature SN = 5660
* Conductivity SN = 3698
* Number of Bytes Per Scan = 30
* Number of Voltage Words = 4
* Number of Scans Averaged by the Deck Unit = 1
* NMEA baud rate = 9600
** VESSEL/TRIP/SEQ STN:  79001068
** LATITUDE XX XX.XX N:  48 06.80 N
** LONGITUDE XX XX.XX W:  53 06.00 W
** SOUNDING DEPTH (M):  0189
** PROBE TYPE: S1257
** CTD NUMBER: 035
** COMMENTS (14 CHAR): TB-02
** BOTTLES:  0
** LEVELS:
** STICKERS:
** VNET: N
** DO2: N
# nquan = 22
# nvalues = 4962                        
# units = specified
# name 0 = scan: Scan Count
# name 1 = prDM: Pressure, Digiquartz [db]
# name 2 = t090C: Temperature [ITS-90, deg C]
# name 3 = t190C: Temperature, 2 [ITS-90, deg C]
# name 4 = c0S/m: Conductivity [S/m]
# name 5 = c1S/m: Conductivity, 2 [S/m]
# name 6 = sbeox0V: Oxygen raw, SBE 43 [V]
# name 7 = sbeox1V: Oxygen raw, SBE 43, 2 [V]
# name 8 = ph: pH
# name 9 = flECO-AFL: Fluorescence, WET Labs ECO-AFL/FL [mg/m^3]
# name 10 = wetCDOM: Fluorescence, WET Labs CDOM [mg/m^3]
# name 11 = par/sat/log: PAR/Logarithmic, Satlantic [umol photons/m^2/sec]
# name 12 = CStarAt0: Beam Attenuation, WET Labs C-Star [1/m]
# name 13 = CStarTr0: Beam Transmission, WET Labs C-Star [%]
# name 14 = sbeox0ML/L: Oxygen, SBE 43 [ml/l], WS = 2
# name 15 = sbeox1ML/L: Oxygen, SBE 43, 2 [ml/l], WS = 2
# name 16 = sal00: Salinity, Practical [PSU]
# name 17 = sal11: Salinity, Practical, 2 [PSU]
# name 18 = sigma-t00: Density [sigma-t, kg/m^3 ]
# name 19 = sigma-t11: Density, 2 [sigma-t, kg/m^3 ]
# name 20 = oxsatML/L: Oxygen Saturation, Weiss [ml/l]
# name 21 = flag: flag
# span 0 =          2,      20023       
# span 1 =      0.049,    180.491       
# span 2 =    -0.7463,     4.0607       
# span 3 =    -0.7495,     4.0586       
# span 4 =   2.677592,   2.974489       
# span 5 =   2.677689,   2.974613       
# span 6 =     2.4768,     2.7755       
# span 7 =     2.4344,     2.7307       
# span 8 =      8.031,      8.171       
# span 9 =     0.0068,     0.6271       
# span 10 =    -1.8655,   482.1870      
# span 11 = 1.0592e-01, 2.2132e+00      
# span 12 =     0.0683,     2.2477      
# span 13 =    57.0129,    98.3067      
# span 14 =     6.5450,     7.8633      
# span 15 =     7.3339,     8.2200      
# span 16 =    30.5383,    32.7081      
# span 17 =    31.6010,    32.7102      
# span 18 =    24.2347,    26.2870      
# span 19 =    25.0776,    26.2887      
# span 20 =    7.41837,    8.33774      
# span 21 = 0.0000e+00, 0.0000e+00      
# interval = scans: 3                   
# start_time = Nov 30 2019 22:57:56 [System UTC, header]
# bad_flag = -9.990e-29
*END*
[from data line 593]
       2198     41.313     3.3517     3.3449   2.936605   2.936256     2.7579     2.7119      8.155     0.2706     1.9245 1.0790e-01     0.0931    97.6984     7.5725     7.9157    31.8350    31.8375    25.3290    25.3316    7.53847 0.0000e+00
       2201     41.353     3.3517     3.3443   2.936656   2.936224     2.7575     2.7119      8.155     0.2608     1.9245 1.0790e-01     0.0928    97.7071     7.5699     7.9170    31.8355    31.8377    25.3295    25.3318    7.53843 0.0000e+00
       2204     41.393     3.3513     3.3435   2.936695   2.936196     2.7579     2.7119      8.155     0.2608     1.9245 1.0790e-01     0.0928    97.7071     7.5707     7.9156    31.8364    31.8380    25.3301    25.3321    7.53846 0.0000e+00
       2207     41.431     3.3507     3.3432   2.936647   2.936185     2.7575     2.7119      8.155     0.2657     1.9245 1.0790e-01     0.0928    97.7071     7.5684     7.9151    31.8363    31.8382    25.3302    25.3323    7.53857 0.0000e+00
       2210     41.469     3.3503     3.3428   2.936644   2.936165     2.7571     2.7119      8.155     0.2608     1.9245 1.0790e-01     0.0928    97.7071     7.5663     7.9132    31.8367    31.8384    25.3305    25.3325    7.53864 0.0000e+00
       2213     41.506     3.3496     3.3425   2.936601   2.936157     2.7571     2.7119      8.155     0.2608     1.9245 1.0790e-01     0.0928    97.7071     7.5640     7.9104    31.8369    31.8385    25.3307    25.3326    7.53876 0.0000e+00
       2216     41.543     3.3493     3.3424   2.936623   2.936137     2.7562     2.7119      8.155     0.2559     1.9245 1.0790e-01     0.0935    97.6898     7.5599     7.9081    31.8374    31.8383    25.3312    25.3325    7.53880 0.0000e+00
       2219     41.577     3.3486     3.3421   2.936775   2.936139     2.7571     2.7119      8.155     0.2511     1.9245 1.0790e-01     0.0938    97.6811     7.5616     7.9062    31.8399    31.8387    25.3332    25.3328    7.53880 0.0000e+00
       2222     41.613     3.3484     3.3419   2.936629   2.936142     2.7575     2.7119      8.155     0.2462     1.9245 1.0790e-01     0.0938    97.6811     7.5626     7.9048    31.8383    31.8389    25.3320    25.3329    7.53892 0.0000e+00
       2225     41.649     3.3476     3.3414   2.936507   2.936100     2.7571     2.7119      8.155     0.2462     1.9245 1.0790e-01     0.0938    97.6811     7.5630     7.9039    31.8376    31.8389    25.3314    25.3330    7.53910 0.0000e+00
       2228     41.685     3.3468     3.3409   2.936428   2.936092     2.7571     2.7110      8.155     0.2608     1.9245 1.0790e-01     0.0938    97.6811     7.5624     7.9003    31.8374    31.8392    25.3314    25.3333    7.53926 0.0000e+00
       2231     41.716     3.3466     3.3411   2.936574   2.936082     2.7562     2.7119      8.155     0.2462     1.9245 1.0790e-01     0.0938    97.6811     7.5606     7.9021    31.8394    31.8389    25.3330    25.3330    7.53920 0.0000e+00
       2234     41.751     3.3461     3.3410   2.936578   2.936071     2.7558     2.7106      8.155     0.2511     1.9245 1.0790e-01     0.0942    97.6724     7.5589     7.8959    31.8399    31.8389    25.3334    25.3330    7.53927 0.0000e+00
       2237     41.782     3.3456     3.3405   2.936439   2.936054     2.7558     2.7106      8.155     0.2462     1.9245 1.0790e-01     0.0978    97.5855     7.5592     7.8950    31.8387    31.8391    25.3325    25.3332    7.53942 0.0000e+00
       2240     41.813     3.3451     3.3397   2.936448   2.935992     2.7562     2.7106      8.155     0.2462     1.9245 1.0790e-01     0.0985    97.5681     7.5608     7.8940    31.8393    31.8391    25.3330    25.3333    7.53949 0.0000e+00
       2243     41.842     3.3446     3.3387   2.936407   2.935965     2.7558     2.7106      8.155     0.2559     1.9245 1.0790e-01     0.0985    97.5681     7.5580     7.8926    31.8393    31.8397    25.3331    25.3339    7.53959 0.0000e+00
       2246     41.871     3.3441     3.3384   2.936449   2.935976     2.7567     2.7106      8.155     0.2559     1.9245 1.0790e-01     0.0981    97.5768     7.5623     7.8901    31.8402    31.8402    25.3338    25.3343    7.53962 0.0000e+00
       2249     41.901     3.3438     3.3381   2.936491   2.935953     2.7562     2.7106      8.155     0.2462     1.9245 1.0790e-01     0.0985    97.5681     7.5620     7.8889    31.8411    31.8402    25.3346    25.3344    7.53965 0.0000e+00
       2252     41.931     3.3434     3.3381   2.936420   2.935947     2.7554     2.7106      8.155     0.2608     1.9245 1.0790e-01     0.0988    97.5594     7.5596     7.8880    31.8406    31.8402    25.3342    25.3343    7.53975 0.0000e+00
       2255     41.963     3.3434     3.3373   2.936366   2.935841     2.7558     2.7098      8.155     0.2462     1.9245 1.0790e-01     0.0981    97.5768     7.5634     7.8840    31.8399    31.8396    25.3337    25.3339    7.53978 0.0000e+00
       2258     41.996     3.3432     3.3363   2.936280   2.935789     2.7554     2.7102      8.155     0.2462     1.9245 1.0790e-01     0.0917    97.7332     7.5627     7.8842    31.8390    31.8399    25.3330    25.3343    7.53985 0.0000e+00
       2261     42.028     3.3430     3.3357   2.936216   2.935818     2.7554     2.7094      8.155     0.2462     2.0034 1.0790e-01     0.0917    97.7332     7.5618     7.8792    31.8384    31.8409    25.3325    25.3351    7.53992 0.0000e+00
       2264     42.062     3.3429     3.3346   2.936189   2.935761     2.7558     2.7094      8.155     0.2608     2.0429 1.0790e-01     0.0917    97.7332     7.5621     7.8772    31.8382    31.8413    25.3324    25.3355    7.53995 0.0000e+00
       2267     42.101     3.3426     3.3337   2.936154   2.935716     2.7550     2.7086      8.155     0.2462     2.0429 1.0790e-01     0.0917    97.7332     7.5590     7.8736    31.8380    31.8416    25.3323    25.3358    7.54002 0.0000e+00
       2270     42.141     3.3426     3.3329   2.936138   2.935656     2.7562     2.7082      8.155     0.2413     2.0429 1.0790e-01     0.0917    97.7332     7.5626     7.8726    31.8379    31.8416    25.3321    25.3359    7.54003 0.0000e+00
       2273     42.183     3.3423     3.3320   2.936102   2.935635     2.7546     2.7082      8.155     0.2364     2.0429 1.0790e-01     0.0913    97.7419     7.5578     7.8744    31.8377    31.8422    25.3320    25.3365    7.54010 0.0000e+00
       2276     42.228     3.3416     3.3312   2.936016   2.935592     2.7550     2.7082      8.155     0.2364     2.0429 1.0790e-01     0.0917    97.7332     7.5587     7.8763    31.8373    31.8425    25.3318    25.3368    7.54024 0.0000e+00
       2279     42.275     3.3406     3.3300   2.935962   2.935526     2.7567     2.7078      8.155     0.2315     2.0429 1.0790e-01     0.0924    97.7158     7.5635     7.8758    31.8377    31.8429    25.3321    25.3372    7.54042 0.0000e+00
       2282     42.324     3.3388     3.3285   2.935838   2.935407     2.7550     2.7070      8.155     0.2364     2.0429 1.0790e-01     0.0928    97.7071     7.5563     7.8731    31.8379    31.8429    25.3324    25.3374    7.54074 0.0000e+00
       2285     42.379     3.3366     3.3272   2.935721   2.935340     2.7550     2.7074      8.155     0.2315     2.0429 1.0790e-01     0.0921    97.7245     7.5560     7.8771    31.8387    31.8433    25.3333    25.3378    7.54113 0.0000e+00
       2288     42.436     3.3348     3.3260   2.935616   2.935306     2.7546     2.7070      8.155     0.2315     2.0429 1.0790e-01     0.0924    97.7158     7.5550     7.8778    31.8391    31.8441    25.3338    25.3385    7.54144 0.0000e+00
       2291     42.497     3.3331     3.3250   2.935536   2.935278     2.7546     2.7070      8.155     0.2462     2.0429 1.0790e-01     0.0928    97.7071     7.5550     7.8799    31.8398    31.8447    25.3345    25.3391    7.54173 0.0000e+00
       2294     42.562     3.3312     3.3247   2.935370   2.935325     2.7546     2.7070      8.155     0.2364     2.0429 1.0790e-01     0.0921    97.7245     7.5547     7.8804    31.8396    31.8456    25.3345    25.3398    7.54209 0.0000e+00
       2297     42.632     3.3290     3.3246   2.935291   2.935435     2.7542     2.7070      8.155     0.2462     2.0429 1.0790e-01     0.0910    97.7506     7.5548     7.8806    31.8409    31.8469    25.3357    25.3409    7.54246 0.0000e+00
       2300     42.705     3.3272     3.3257   2.935246   2.935620     2.7542     2.7062      8.155     0.2559     2.0429 1.0790e-01     0.0896    97.7854     7.5559     7.8780    31.8420    31.8480    25.3368    25.3416    7.54273 0.0000e+00
       2303     42.780     3.3261     3.3264   2.935378   2.935698     2.7534     2.7058      8.155     0.2462     2.0429 1.0790e-01     0.0896    97.7854     7.5543     7.8796    31.8446    31.8482    25.3389    25.3418    7.54280 0.0000e+00
       2306     42.862     3.3261     3.3256   2.935567   2.935711     2.7534     2.7058      8.155     0.2511     2.0429 1.0790e-01     0.0896    97.7854     7.5548     7.8826    31.8468    31.8491    25.3407    25.3425    7.54269 0.0000e+00
       2309     42.949     3.3265     3.3244   2.935679   2.935804     2.7538     2.7058      8.155     0.2462     2.0429 1.0790e-01     0.0896    97.7854     7.5563     7.8853    31.8477    31.8513    25.3414    25.3445    7.54257 0.0000e+00
       2312     43.037     3.3255     3.3246   2.935649   2.935933     2.7538     2.7058      8.155     0.2511     2.0429 1.0790e-01     0.0896    97.7854     7.5562     7.8880    31.8483    31.8527    25.3419    25.3454    7.54273 0.0000e+00
       2315     43.132     3.3251     3.3254   2.935851   2.936091     2.7534     2.7054      8.155     0.2511     2.0429 1.0790e-01     0.0896    97.7854     7.5553     7.8890    31.8511    31.8537    25.3442    25.3462    7.54266 0.0000e+00
       2318     43.228     3.3257     3.3257   2.936053   2.936163     2.7534     2.7054      8.155     0.2608     2.0429 1.0790e-01     0.0878    97.8288     7.5568     7.8921    31.8529    31.8542    25.3455    25.3466    7.54246 0.0000e+00
       2321     43.327     3.3265     3.3243   2.936174   2.936143     2.7538     2.7054      8.155     0.2218     2.0429 1.0790e-01     0.0864    97.8636     7.5599     7.8960    31.8535    31.8553    25.3460    25.3476    7.54229 0.0000e+00
       2324     43.433     3.3270     3.3226   2.936220   2.936103     2.7546     2.7049      8.155     0.2022     2.0429 1.0790e-01     0.0864    97.8636     7.5638     7.8984    31.8535    31.8564    25.3459    25.3486    7.54218 0.0000e+00
       2327     43.541     3.3272     3.3224   2.936237   2.936149     2.7526     2.7058      8.155     0.2022     2.0429 1.0790e-01     0.0864    97.8636     7.5570     7.9028    31.8535    31.8572    25.3459    25.3492    7.54216 0.0000e+00
       2330     43.652     3.3262     3.3222   2.936111   2.936134     2.7522     2.7058      8.155     0.2071     2.0429 1.0790e-01     0.0867    97.8549     7.5555     7.9041    31.8529    31.8571    25.3456    25.3492    7.54238 0.0000e+00
       2333     43.764     3.3243     3.3210   2.936049   2.936026     2.7530     2.7058      8.155     0.2071     2.0429 1.0790e-01     0.0867    97.8549     7.5596     7.9069    31.8540    31.8569    25.3465    25.3491    7.54268 0.0000e+00
       2336     43.878     3.3229     3.3172   2.935973   2.935720     2.7526     2.7058      8.155     0.1973     2.0429 1.0790e-01     0.0871    97.8462     7.5602     7.9108    31.8544    31.8569    25.3470    25.3495    7.54292 0.0000e+00
       2339     43.991     3.3207     3.3129   2.935778   2.935475     2.7530     2.7058      8.155     0.2071     1.9640 1.0790e-01     0.0860    97.8723     7.5636     7.9144    31.8542    31.8582    25.3470    25.3509    7.54336 0.0000e+00
       2342     44.106     3.3177     3.3104   2.935475   2.935353     2.7534     2.7058      8.155     0.2120     1.9245 1.0790e-01     0.0860    97.8723     7.5671     7.9170    31.8534    31.8591    25.3466    25.3519    7.54395 0.0000e+00
       2345     44.220     3.3144     3.3092   2.935289   2.935259     2.7538     2.7058      8.155     0.2071     1.9245 1.0790e-01     0.0860    97.8723     7.5691     7.9181    31.8543    31.8591    25.3477    25.3520    7.54453 0.0000e+00
       2348     44.333     3.3120     3.3065   2.935172   2.935063     2.7530     2.7058      8.155     0.2120     1.9245 1.0790e-01     0.0864    97.8636     7.5685     7.9184    31.8552    31.8594    25.3487    25.3524    7.54494 0.0000e+00
       2351     44.443     3.3094     3.3046   2.935005   2.934947     2.7522     2.7058      8.155     0.2120     1.9245 1.0790e-01     0.0864    97.8636     7.5675     7.9187    31.8558    31.8598    25.3493    25.3529    7.54540 0.0000e+00
       2354     44.556     3.3068     3.3034   2.934843   2.934870     2.7534     2.7062      8.155     0.1973     1.9245 1.0790e-01     0.0853    97.8896     7.5711     7.9210    31.8563    31.8600    25.3500    25.3531    7.54587 0.0000e+00
       2357     44.665     3.3048     3.3014   2.934741   2.934723     2.7538     2.7066      8.155     0.2071     1.9245 1.0790e-01     0.0874    97.8375     7.5725     7.9252    31.8570    31.8601    25.3506    25.3534    7.54621 0.0000e+00
       2360     44.774     3.3025     3.2988   2.934557   2.934561     2.7534     2.7066      8.155     0.2120     1.9245 1.0790e-01     0.0896    97.7854     7.5704     7.9286    31.8570    31.8607    25.3508    25.3541    7.54664 0.0000e+00
       2363     44.878     3.3000     3.2967   2.934367   2.934432     2.7542     2.7070      8.155     0.2022     1.9245 1.0790e-01     0.0896    97.7854     7.5734     7.9323    31.8572    31.8612    25.3512    25.3547    7.54712 0.0000e+00
       2366     44.980     3.2976     3.2943   2.934245   2.934263     2.7538     2.7070      8.155     0.2120     1.9245 1.0790e-01     0.0896    97.7854     7.5730     7.9343    31.8580    31.8614    25.3521    25.3551    7.54752 0.0000e+00
       2369     45.078     3.2957     3.2925   2.934106   2.934115     2.7530     2.7070      8.155     0.2169     1.9245 1.0790e-01     0.0896    97.7854     7.5718     7.9377    31.8581    31.8614    25.3524    25.3552    7.54788 0.0000e+00
       2372     45.170     3.2924     3.2882   2.933740   2.933665     2.7534     2.7070      8.155     0.2120     1.9245 1.0790e-01     0.0896    97.7854     7.5746     7.9409    31.8569    31.8602    25.3517    25.3547    7.54856 0.0000e+00
       2375     45.257     3.2893     3.2809   2.933507   2.933169     2.7530     2.7070      8.155     0.2364     1.9245 1.0790e-01     0.0896    97.7854     7.5725     7.9433    31.8572    31.8614    25.3522    25.3563    7.54914 0.0000e+00
       2378     45.341     3.2855     3.2764   2.933207   2.932916     2.7534     2.7070      8.155     0.2413     1.9245 1.0790e-01     0.0860    97.8723     7.5731     7.9439    31.8572    31.8627    25.3526    25.3577    7.54985 0.0000e+00
       2381     45.422     3.2821     3.2745   2.933060   2.932843     2.7538     2.7082      8.155     0.2364     1.9245 1.0790e-01     0.0832    97.9418     7.5751     7.9485    31.8588    31.8636    25.3541    25.3586    7.55041 0.0000e+00
       2384     45.495     3.2800     3.2736   2.933023   2.932785     2.7530     2.7082      8.155     0.2413     1.9245 1.0790e-01     0.0832    97.9418     7.5727     7.9489    31.8604    31.8638    25.3555    25.3588    7.55073 0.0000e+00
       2387     45.565     3.2789     3.2732   2.932996   2.932763     2.7542     2.7082      8.155     0.2413     1.9245 1.0790e-01     0.0832    97.9418     7.5782     7.9492    31.8611    31.8639    25.3562    25.3590    7.55091 0.0000e+00
       2390     45.627     3.2786     3.2732   2.933012   2.932739     2.7534     2.7086      8.155     0.2315     1.9245 1.0790e-01     0.0832    97.9418     7.5768     7.9496    31.8616    31.8636    25.3566    25.3587    7.55094 0.0000e+00
