Datasets/AZMP/COO001/79001121.cnv
* Sea-Bird SBE 9 Data File:
* FileName = C:\CTDDATA\79001121.hex
* Software Version Seasave V 7.26.7.110
* Temperature SN = 5660
* Conductivity SN = 3698
* Number of Bytes Per Scan = 30
* Number of Voltage Words = 4
* Number of Scans Averaged by the Deck Unit = 1
* NMEA baud rate = 9600
** VESSEL/TRIP/SEQ STN:  79001121
** LATITUDE XX XX.XX N:  47 00.00 N
** LONGITUDE XX XX.XX W:  52 02.00 W
** SOUNDING DEPTH (M):  0143
** PROBE TYPE: S1257
** CTD NUMBER: 081
** COMMENTS (14 CHAR): FC-05
** BOTTLES:  19
** LEVELS: 5,5,5,5,10,20,20,20,20,30,40,50,50,50,75,100,100,100,BTM
** STICKERS: 435623 - 435641
** VNET: Y
** DO2: N
# nquan = 22
# nvalues = 3835                        
# units = specified
# name 0 = scan: Scan Count
# name 1 = prDM: Pressure, Digiquartz [db]
# name 2 = t090C: Temperature [ITS-90, deg C]
# name 3 = t190C: Temperature, 2 [ITS-90, deg C]
# name 4 = c0S/m: Conductivity [S/m]
# name 5 = c1S/m: Conductivity, 2 [S/m]
# name 6 = sbeox0V: Oxygen raw, SBE 43 [V]
# name 7 = sbeox1V: Oxygen raw, SBE 43, 2 [V]
# name 8 = ph: pH
# name 9 = flECO-AFL: Fluorescence, WET Labs ECO-AFL/FL [mg/m^3]
# name 10 = wetCDOM: Fluorescence, WET Labs CDOM [mg/m^3]
# name 11 = par/sat/log: PAR/Logarithmic, Satlantic [umol photons/m^2/sec]
# name 12 = CStarAt0: Beam Attenuation, WET Labs C-Star [1/m]
# name 13 = CStarTr0: Beam Transmission, WET Labs C-Star [%]
# name 14 = sbeox0ML/L: Oxygen, SBE 43 [ml/l], WS = 2
# name 15 = sbeox1ML/L: Oxygen, SBE 43, 2 [ml/l], WS = 2
# name 16 = sal00: Salinity, Practical [PSU]
# name 17 = sal11: Salinity, Practical, 2 [PSU]
# name 18 = sigma-t00: Density [sigma-t, kg/m^3 ]
# name 19 = sigma-t11: Density, 2 [sigma-t, kg/m^3 ]
# name 20 = oxsatML/L: Oxygen Saturation, Weiss [ml/l]
# name 21 = flag: flag
# span 0 =          2,      47918       
# span 1 =      0.610,    135.920       
# span 2 =    -1.1181,     3.0331       
# span 3 =    -1.1193,     3.0336       
# span 4 =   1.546769,   2.923510       
# span 5 =   0.758400,   2.923711       
# span 6 =     2.3847,     2.7682       
# span 7 =     2.3567,     2.7392       
# span 8 =      8.039,      8.171       
# span 9 =     0.0068,     0.9641       
# span 10 =    -1.8655,     2.1614      
# span 11 = 1.0790e-01, 1.0595e+02      
# span 12 =     0.0482,     0.2547      
# span 13 =    93.8315,    98.8021      
# span 14 =     6.9335,     8.0832      
# span 15 =     7.3924,     8.5051      
# span 16 =    16.1592,    33.1807      
# span 17 =     7.4364,    33.1689      
# span 18 =    12.8742,    26.6581      
# span 19 =     5.9296,    26.6471      
# span 20 =    7.59003,    8.45214      
# span 21 = 0.0000e+00, 0.0000e+00      
# interval = scans: 3                   
# start_time = Dec 08 2019 14:23:27 [System UTC, header]
# bad_flag = -9.990e-29
*END*
[from data line 2107]
      10172    123.472    -0.3481    -0.3224   2.739875   2.740937     2.4125     2.3762      8.054     0.0410     1.9245 1.0827e-01     0.0971    97.6029     7.1618     7.4601    33.1331    33.1192    26.6151    26.6028    8.22444 0.0000e+00
      10175    123.404    -0.3472    -0.3215   2.739910   2.740866     2.4117     2.3754      8.054     0.0410     1.9245 1.0827e-01     0.0971    97.6029     7.1603     7.4556    33.1327    33.1174    26.6147    26.6013    8.22428 0.0000e+00
      10178    123.337    -0.3462    -0.3214   2.739950   2.740934     2.4129     2.3750      8.054     0.0410     1.9245 1.0827e-01     0.0974    97.5942     7.1652     7.4530    33.1321    33.1182    26.6142    26.6019    8.22408 0.0000e+00
      10181    123.268    -0.3444    -0.3209   2.739983   2.740991     2.4129     2.3750      8.054     0.0508     1.9245 1.0827e-01     0.1003    97.5247     7.1655     7.4528    33.1306    33.1185    26.6129    26.6021    8.22377 0.0000e+00
      10184    123.196    -0.3430    -0.3211   2.740006   2.740928     2.4121     2.3750      8.054     0.0410     1.9245 1.0815e-01     0.1006    97.5160     7.1628     7.4538    33.1295    33.1179    26.6119    26.6017    8.22353 0.0000e+00
      10187    123.124    -0.3417    -0.3214   2.740032   2.740917     2.4129     2.3750      8.054     0.0361     1.9245 1.0827e-01     0.1003    97.5247     7.1642     7.4552    33.1285    33.1181    26.6111    26.6018    8.22330 0.0000e+00
      10190    123.051    -0.3404    -0.3206   2.740055   2.740967     2.4125     2.3750      8.054     0.0410     1.8455 1.0827e-01     0.1003    97.5247     7.1623     7.4555    33.1274    33.1181    26.6102    26.6017    8.22307 0.0000e+00
      10193    122.977    -0.3394    -0.3211   2.740073   2.740890     2.4129     2.3754      8.054     0.0410     1.8060 1.0802e-01     0.1003    97.5247     7.1635     7.4611    33.1266    33.1176    26.6095    26.6014    8.22291 0.0000e+00
      10196    122.900    -0.3387    -0.3225   2.740099   2.740793     2.4125     2.3750      8.054     0.0410     1.8060 1.0827e-01     0.1003    97.5247     7.1615     7.4672    33.1262    33.1179    26.6091    26.6017    8.22277 0.0000e+00
      10199    122.824    -0.3385    -0.3233   2.740116   2.740809     2.4129     2.3750      8.054     0.0410     1.8060 1.0827e-01     0.0989    97.5594     7.1634     7.4758    33.1263    33.1190    26.6091    26.6026    8.22271 0.0000e+00
      10202    122.744    -0.3376    -0.3233   2.740135   2.740808     2.4129     2.3746      8.054     0.0459     1.8060 1.0827e-01     0.0942    97.6724     7.1616     7.4780    33.1256    33.1190    26.6086    26.6027    8.22256 0.0000e+00
      10205    122.664    -0.3359    -0.3241   2.740265   2.740741     2.4133     2.3750      8.054     0.0410     1.8060 1.0827e-01     0.0945    97.6637     7.1642     7.4835    33.1256    33.1190    26.6085    26.6027    8.22219 0.0000e+00
      10208    122.585    -0.3335    -0.3255   2.740320   2.740655     2.4133     2.3750      8.054     0.0459     1.8060 1.0827e-01     0.0945    97.6637     7.1642     7.4892    33.1237    33.1195    26.6069    26.6031    8.22177 0.0000e+00
      10211    122.506    -0.3317    -0.3269   2.740372   2.740596     2.4129     2.3750      8.054     0.0410     1.8060 1.0827e-01     0.0938    97.6811     7.1614     7.4953    33.1225    33.1203    26.6058    26.6038    8.22144 0.0000e+00
      10214    122.429    -0.3300    -0.3277   2.740418   2.740600     2.4133     2.3754      8.054     0.0068     1.8060 1.0815e-01     0.0942    97.6724     7.1609     7.5042    33.1213    33.1212    26.6048    26.6046    8.22113 0.0000e+00
      10217    122.351    -0.3282    -0.3263   2.740524   2.740707     2.4129     2.3762      8.054     0.0117     1.8060 1.0827e-01     0.0945    97.6637     7.1583     7.5125    33.1208    33.1212    26.6043    26.6045    8.22075 0.0000e+00
      10220    122.270    -0.3268    -0.3245   2.740569   2.740823     2.4137     2.3762      8.054     0.0117     1.8060 1.0827e-01     0.0996    97.5420     7.1600     7.5162    33.1199    33.1208    26.6035    26.6041    8.22050 0.0000e+00
      10223    122.191    -0.3258    -0.3218   2.740567   2.741038     2.4133     2.3766      8.054     0.0117     1.8060 1.0827e-01     0.1045    97.4204     7.1589     7.5197    33.1189    33.1207    26.6026    26.6039    8.22035 0.0000e+00
      10226    122.111    -0.3259    -0.3197   2.740449   2.741118     2.4133     2.3766      8.054     0.0117     1.8060 1.0827e-01     0.1045    97.4204     7.1598     7.5195    33.1175    33.1196    26.6015    26.6029    8.22045 0.0000e+00
      10229    122.031    -0.3269    -0.3190   2.740431   2.741148     2.4137     2.3771      8.054     0.0117     1.8060 1.0815e-01     0.1045    97.4204     7.1622     7.5188    33.1184    33.1193    26.6023    26.6026    8.22062 0.0000e+00
      10232    121.952    -0.3269    -0.3174   2.740523   2.741208     2.4141     2.3775      8.054     0.0117     1.8060 1.0827e-01     0.1035    97.4464     7.1649     7.5173    33.1196    33.1184    26.6033    26.6018    8.22054 0.0000e+00
      10235    121.872    -0.3266    -0.3164   2.740502   2.741263     2.4129     2.3783      8.054     0.0166     1.8060 1.0815e-01     0.1042    97.4291     7.1612     7.5166    33.1190    33.1181    26.6027    26.6016    8.22050 0.0000e+00
      10238    121.790    -0.3266    -0.3150   2.740497   2.741319     2.4129     2.3787      8.054     0.0312     1.8060 1.0827e-01     0.1045    97.4204     7.1599     7.5129    33.1190    33.1173    26.6028    26.6009    8.22050 0.0000e+00
      10241    121.712    -0.3261    -0.3142   2.740480   2.741307     2.4133     2.3783      8.054     0.0996     1.8060 1.0827e-01     0.0935    97.6898     7.1596     7.5094    33.1183    33.1164    26.6022    26.6001    8.22044 0.0000e+00
      10244    121.631    -0.3262    -0.3141   2.740429   2.741278     2.4137     2.3787      8.054     0.0996     1.9245 1.0827e-01     0.0906    97.7593     7.1602     7.5099    33.1178    33.1159    26.6018    26.5997    8.22049 0.0000e+00
      10247    121.551    -0.3273    -0.3142   2.740324   2.741262     2.4141     2.3787      8.054     0.0996     1.9245 1.0827e-01     0.0910    97.7506     7.1626     7.5083    33.1176    33.1159    26.6017    26.5997    8.22074 0.0000e+00
      10250    121.473    -0.3282    -0.3144   2.740334   2.741212     2.4145     2.3787      8.054     0.0996     1.9245 1.0827e-01     0.0906    97.7593     7.1654     7.5051    33.1188    33.1155    26.6027    26.5994    8.22087 0.0000e+00
      10253    121.400    -0.3284    -0.3151   2.740364   2.741115     2.4141     2.3787      8.054     0.0996     1.9245 1.0827e-01     0.0906    97.7593     7.1643     7.5011    33.1194    33.1150    26.6032    26.5990    8.22087 0.0000e+00
      10256    121.337    -0.3278    -0.3158   2.740464   2.741064     2.4141     2.3787      8.054     0.0996     1.9245 1.0827e-01     0.0906    97.7593     7.1658     7.4984    33.1202    33.1151    26.6038    26.5991    8.22070 0.0000e+00
      10259    121.288    -0.3265    -0.3164   2.740501   2.741006     2.4145     2.3791      8.054     0.0996     1.9245 1.0827e-01     0.0910    97.7506     7.1662     7.4973    33.1193    33.1150    26.6030    26.5991    8.22047 0.0000e+00
      10283    121.239    -0.3332    -0.3217   2.740239   2.740778     2.4141     2.3787      8.054     0.0752     1.9245 1.0827e-01     0.0935    97.6897     7.1654     7.4851    33.1231    33.1177    26.6063    26.6015    8.22173 0.0000e+00
      10328    121.174    -0.3491    -0.3329   2.739664   2.740338     2.4141     2.3787      8.054     0.0459     1.9245 1.0827e-01     0.0956    97.6376     7.1691     7.4662    33.1328    33.1241    26.6149    26.6072    8.22468 0.0000e+00
      10331    121.124    -0.3507    -0.3330   2.739624   2.740494     2.4145     2.3787      8.054     0.0410     1.9245 1.0827e-01     0.0956    97.6376     7.1706     7.4702    33.1340    33.1264    26.6160    26.6090    8.22497 0.0000e+00
      10334    121.059    -0.3498    -0.3277   2.739778   2.740640     2.4141     2.3783      8.054     0.0410     1.9245 1.0815e-01     0.0953    97.6463     7.1672     7.4711    33.1352    33.1225    26.6169    26.6057    8.22472 0.0000e+00
      10337    120.990    -0.3479    -0.3253   2.739789   2.740701     2.4141     2.3783      8.054     0.0410     1.9245 1.0827e-01     0.0949    97.6550     7.1651     7.4723    33.1333    33.1208    26.6152    26.6041    8.22440 0.0000e+00
      10340    120.922    -0.3479    -0.3241   2.739867   2.740735     2.4141     2.3787      8.054     0.0459     1.9245 1.0802e-01     0.0956    97.6376     7.1652     7.4787    33.1343    33.1200    26.6161    26.6035    8.22433 0.0000e+00
      10343    120.862    -0.3441    -0.3231   2.740141   2.740782     2.4153     2.3787      8.054     0.0410     1.9245 1.0827e-01     0.0960    97.6289     7.1686     7.4827    33.1339    33.1195    26.6155    26.6030    8.22352 0.0000e+00
      10346    120.809    -0.3393    -0.3225   2.740258   2.740813     2.4153     2.3787      8.054     0.0410     1.9245 1.0815e-01     0.0960    97.6289     7.1664     7.4854    33.1302    33.1194    26.6124    26.6029    8.22267 0.0000e+00
      10349    120.764    -0.3359    -0.3216   2.740298   2.740816     2.4153     2.3787      8.054     0.0410     1.9245 1.0815e-01     0.0960    97.6289     7.1651     7.4885    33.1271    33.1184    26.6097    26.6021    8.22210 0.0000e+00
      10352    120.722    -0.3341    -0.3208   2.740287   2.740796     2.4153     2.3787      8.054     0.0410     1.9245 1.0827e-01     0.0960    97.6289     7.1663     7.4921    33.1250    33.1174    26.6080    26.6012    8.22182 0.0000e+00
      10355    120.678    -0.3331    -0.3207   2.740289   2.740791     2.4149     2.3791      8.054     0.0361     1.9245 1.0827e-01     0.0960    97.6289     7.1637     7.4986    33.1240    33.1172    26.6071    26.6010    8.22166 0.0000e+00
      10358    120.628    -0.3332    -0.3195   2.740232   2.740786     2.4141     2.3787      8.054     0.0410     1.9245 1.0815e-01     0.0960    97.6289     7.1605     7.4989    33.1234    33.1159    26.6066    26.5999    8.22172 0.0000e+00
      10361    120.571    -0.3335    -0.3188   2.740233   2.740842     2.4137     2.3795      8.054     0.0410     1.9245 1.0827e-01     0.0953    97.6463     7.1586     7.5045    33.1238    33.1159    26.6069    26.5999    8.22177 0.0000e+00
      10364    120.513    -0.3339    -0.3187   2.740247   2.740846     2.4153     2.3795      8.054     0.0410     1.9245 1.0827e-01     0.0935    97.6898     7.1638     7.5064    33.1244    33.1158    26.6074    26.5999    8.22181 0.0000e+00
      10367    120.455    -0.3338    -0.3192   2.740253   2.740851     2.4145     2.3787      8.054     0.0410     1.9245 1.0827e-01     0.0938    97.6811     7.1615     7.5055    33.1244    33.1165    26.6074    26.6004    8.22179 0.0000e+00
      10370    120.401    -0.3337    -0.3195   2.740276   2.740865     2.4153     2.3799      8.054     0.0264     1.9245 1.0827e-01     0.0938    97.6811     7.1668     7.5113    33.1246    33.1170    26.6076    26.6008    8.22175 0.0000e+00
      10373    120.345    -0.3337    -0.3193   2.740268   2.740866     2.4145     2.3799      8.054     0.0215     1.8850 1.0827e-01     0.0938    97.6811     7.1673     7.5131    33.1246    33.1168    26.6076    26.6007    8.22177 0.0000e+00
      10376    120.290    -0.3340    -0.3192   2.740242   2.740846     2.4153     2.3803      8.054     0.0264     1.8060 1.0815e-01     0.0938    97.6811     7.1720     7.5171    33.1245    33.1165    26.6075    26.6004    8.22182 0.0000e+00
      10379    120.231    -0.3344    -0.3194   2.740231   2.740833     2.4145     2.3807      8.054     0.0313     1.8060 1.0815e-01     0.0938    97.6811     7.1706     7.5205    33.1249    33.1166    26.6079    26.6005    8.22189 0.0000e+00
      10382    120.170    -0.3344    -0.3199   2.740232   2.740779     2.4153     2.3803      8.054     0.0264     1.8060 1.0827e-01     0.0942    97.6724     7.1725     7.5198    33.1250    33.1165    26.6080    26.6005    8.22190 0.0000e+00
      10385    120.104    -0.3347    -0.3197   2.740212   2.740642     2.4153     2.3811      8.054     0.0264     1.8060 1.0815e-01     0.0938    97.6811     7.1705     7.5221    33.1250    33.1144    26.6080    26.5987    8.22195 0.0000e+00
      10388    120.038    -0.3351    -0.3197   2.740192   2.740656     2.4153     2.3811      8.054     0.0264     1.8060 1.0827e-01     0.0949    97.6550     7.1701     7.5253    33.1253    33.1147    26.6082    26.5990    8.22203 0.0000e+00
      10391    119.971    -0.3350    -0.3199   2.740240   2.740730     2.4162     2.3811      8.054     0.0313     1.8060 1.0815e-01     0.0942    97.6724     7.1727     7.5258    33.1258    33.1159    26.6086    26.6000    8.22197 0.0000e+00
      10394    119.904    -0.3341    -0.3201   2.740301   2.740725     2.4157     2.3811      8.054     0.0264     1.8060 1.0827e-01     0.0942    97.6724     7.1715     7.5224    33.1257    33.1162    26.6085    26.6002    8.22178 0.0000e+00
      10397    119.835    -0.3324    -0.3203   2.740393   2.740710     2.4166     2.3819      8.054     0.0410     1.8060 1.0827e-01     0.0945    97.6637     7.1743     7.5262    33.1252    33.1162    26.6080    26.6002    8.22145 0.0000e+00
      10400    119.765    -0.3309    -0.3199   2.740442   2.740636     2.4153     2.3823      8.054     0.0410     1.8850 1.0827e-01     0.0945    97.6637     7.1693     7.5271    33.1242    33.1147    26.6072    26.5991    8.22117 0.0000e+00
      10403    119.694    -0.3297    -0.3193   2.740450   2.740621     2.4157     2.3823      8.054     0.0410     1.9245 1.0827e-01     0.0917    97.7332     7.1715     7.5268    33.1230    33.1139    26.6061    26.5983    8.22097 0.0000e+00
      10406    119.620    -0.3287    -0.3190   2.740435   2.740571     2.4153     2.3823      8.054     0.0459     1.9245 1.0827e-01     0.0917    97.7332     7.1695     7.5242    33.1218    33.1130    26.6051    26.5976    8.22082 0.0000e+00
      10409    119.543    -0.3287    -0.3191   2.740396   2.740546     2.4162     2.3827      8.054     0.0410     1.9245 1.0815e-01     0.0917    97.7332     7.1746     7.5234    33.1213    33.1129    26.6047    26.5975    8.22084 0.0000e+00
      10412    119.466    -0.3289    -0.3198   2.740430   2.740557     2.4157     2.3832      8.054     0.0410     1.9245 1.0827e-01     0.0913    97.7419     7.1742     7.5230    33.1221    33.1138    26.6053    26.5983    8.22085 0.0000e+00
      10415    119.388    -0.3283    -0.3196   2.740467   2.740544     2.4162     2.3832      8.054     0.0410     1.9245 1.0827e-01     0.0917    97.7332     7.1758     7.5195    33.1219    33.1135    26.6052    26.5980    8.22072 0.0000e+00
      10418    119.312    -0.3272    -0.3192   2.740544   2.740601     2.4162     2.3832      8.054     0.0410     1.9245 1.0827e-01     0.0917    97.7332     7.1751     7.5162    33.1218    33.1138    26.6050    26.5983    8.22048 0.0000e+00
      10421    119.233    -0.3259    -0.3185   2.740585   2.740675     2.4166     2.3836      8.054     0.0410     1.9245 1.0827e-01     0.0917    97.7332     7.1796     7.5171    33.1209    33.1142    26.6043    26.5985    8.22024 0.0000e+00
      10424    119.156    -0.3251    -0.3185   2.740606   2.740613     2.4166     2.3836      8.054     0.0410     1.9245 1.0827e-01     0.0917    97.7332     7.1815     7.5177    33.1203    33.1133    26.6038    26.5979    8.22009 0.0000e+00
      10427    119.075    -0.3240    -0.3185   2.740644   2.740591     2.4170     2.3836      8.056     0.0410     1.9245 1.0827e-01     0.0910    97.7506     7.1822     7.5180    33.1197    33.1131    26.6032    26.5976    8.21988 0.0000e+00
