Datasets/AZMP/COO001/79001027.cnv
* Sea-Bird SBE 9 Data File:
* FileName = C:\CTDDATA\79001027.hex
* Software Version Seasave V 7.26.7.110
* Temperature SN = 5660
* Conductivity SN = 3698
* Number of Bytes Per Scan = 30
* Number of Voltage Words = 4
* Number of Scans Averaged by the Deck Unit = 1
* NMEA baud rate = 9600
** VESSEL/TRIP/SEQ STN:  79001027
** LATITUDE XX XX.XX N:  44 43.50 N
** LONGITUDE XX XX.XX W:  51 23.70 W
** SOUNDING DEPTH (M):  0074
** PROBE TYPE: S1257
** CTD NUMBER: 014
** COMMENTS (14 CHAR): SEGB-09
** BOTTLES:  11
** LEVELS: 5,5,10,20,20,30,40,50,50,BTM,BTM
** STICKERS: 434773 - 434783
** VNET: Y
** DO2: Y
# nquan = 22
# nvalues = 1799                        
# units = specified
# name 0 = scan: Scan Count
# name 1 = prDM: Pressure, Digiquartz [db]
# name 2 = t090C: Temperature [ITS-90, deg C]
# name 3 = t190C: Temperature, 2 [ITS-90, deg C]
# name 4 = c0S/m: Conductivity [S/m]
# name 5 = c1S/m: Conductivity, 2 [S/m]
# name 6 = sbeox0V: Oxygen raw, SBE 43 [V]
# name 7 = sbeox1V: Oxygen raw, SBE 43, 2 [V]
# name 8 = ph: pH
# name 9 = flECO-AFL: Fluorescence, WET Labs ECO-AFL/FL [mg/m^3]
# name 10 = wetCDOM: Fluorescence, WET Labs CDOM [mg/m^3]
# name 11 = par/sat/log: PAR/Logarithmic, Satlantic [umol photons/m^2/sec]
# name 12 = CStarAt0: Beam Attenuation, WET Labs C-Star [1/m]
# name 13 = CStarTr0: Beam Transmission, WET Labs C-Star [%]
# name 14 = sbeox0ML/L: Oxygen, SBE 43 [ml/l], WS = 2
# name 15 = sbeox1ML/L: Oxygen, SBE 43, 2 [ml/l], WS = 2
# name 16 = sal00: Salinity, Practical [PSU]
# name 17 = sal11: Salinity, Practical, 2 [PSU]
# name 18 = sigma-t00: Density [sigma-t, kg/m^3 ]
# name 19 = sigma-t11: Density, 2 [sigma-t, kg/m^3 ]
# name 20 = oxsatML/L: Oxygen Saturation, Weiss [ml/l]
# name 21 = flag: flag
# span 0 =         57,      35739       
# span 1 =      0.279,     68.735       
# span 2 =     1.7130,     6.6524       
# span 3 =     1.7098,     6.6482       
# span 4 =   2.869988,   3.246225       
# span 5 =   1.011526,   3.246540       
# span 6 =     2.6030,     2.9490       
# span 7 =     2.4128,     2.7334       
# span 8 =      8.002,      8.173       
# span 9 =     0.1583,     1.9458       
# span 10 =     0.3848,    44.4434      
# span 11 = 1.0715e-01, 3.3018e+00      
# span 12 =     0.1649,    55.2620      
# span 13 =    -0.0269,    95.9605      
# span 14 =     6.3328,     8.2858      
# span 15 =     5.3313,     6.9958      
# span 16 =    31.6990,    33.3447      
# span 17 =     9.0526,    32.7258      
# span 18 =    25.0380,    26.6016      
# span 19 =     7.0661,    26.1389      
# span 20 =    6.94036,    7.81564      
# span 21 = 0.0000e+00, 0.0000e+00      
# interval = scans: 3                   
# start_time = Nov 24 2019 06:51:24 [System UTC, header]
# bad_flag = -9.990e-29
*END*
[from data line 1120]
      14307     47.170     1.8259     1.8341   2.878357   2.879281     2.6086     2.4149      8.007     0.1876     2.0429 1.0752e-01     0.3313    92.0501     7.3448     6.0408    32.6574    32.6605    26.1077    26.1096    7.79305 0.0000e+00
      14310     47.091     1.8254     1.8343   2.878324   2.879222     2.6091     2.4145      8.007     0.1925     2.0429 1.0752e-01     0.3313    92.0501     7.3475     6.0391    32.6575    32.6595    26.1078    26.1088    7.79314 0.0000e+00
      14313     47.017     1.8251     1.8336   2.878362   2.879146     2.6086     2.4149      8.007     0.2022     2.0429 1.0752e-01     0.3313    92.0501     7.3466     6.0410    32.6583    32.6593    26.1085    26.1087    7.79316 0.0000e+00
      14316     46.948     1.8252     1.8333   2.878382   2.879126     2.6091     2.4145      8.007     0.1876     2.0429 1.0752e-01     0.3313    92.0501     7.3491     6.0411    32.6585    32.6594    26.1086    26.1088    7.79313 0.0000e+00
      14319     46.880     1.8258     1.8327   2.878511   2.879086     2.6091     2.4141      8.007     0.1925     2.0429 1.0765e-01     0.3313    92.0501     7.3498     6.0406    32.6596    32.6596    26.1095    26.1090    7.79296 0.0000e+00
      14322     46.818     1.8267     1.8324   2.878534   2.879073     2.6091     2.4149      8.007     0.1876     2.0429 1.0765e-01     0.3313    92.0501     7.3498     6.0455    32.6590    32.6598    26.1089    26.1091    7.79281 0.0000e+00
      14325     46.761     1.8275     1.8319   2.878533   2.878993     2.6086     2.4141      8.007     0.1973     2.0429 1.0777e-01     0.3287    92.1109     7.3487     6.0439    32.6582    32.6594    26.1082    26.1088    7.79269 0.0000e+00
      14328     46.710     1.8269     1.8313   2.878454   2.878968     2.6091     2.4145      8.007     0.2022     2.0429 1.0765e-01     0.3280    92.1283     7.3502     6.0474    32.6578    32.6597    26.1080    26.1091    7.79283 0.0000e+00
      14331     46.666     1.8263     1.8317   2.878369   2.879032     2.6099     2.4145      8.007     0.2218     2.0429 1.0752e-01     0.3280    92.1283     7.3538     6.0496    32.6574    32.6601    26.1076    26.1094    7.79297 0.0000e+00
      14334     46.624     1.8256     1.8322   2.878301   2.879135     2.6095     2.4141      8.007     0.2218     2.0429 1.0765e-01     0.3280    92.1283     7.3512     6.0488    32.6573    32.6609    26.1076    26.1100    7.79312 0.0000e+00
      14337     46.588     1.8251     1.8327   2.878289   2.879119     2.6095     2.4149      8.007     0.2266     2.0824 1.0765e-01     0.3280    92.1283     7.3509     6.0521    32.6577    32.6602    26.1080    26.1095    7.79320 0.0000e+00
      14340     46.560     1.8248     1.8331   2.878267   2.879121     2.6095     2.4145      8.007     0.2266     2.1614 1.0765e-01     0.3280    92.1283     7.3495     6.0525    32.6577    32.6598    26.1080    26.1091    7.79326 0.0000e+00
      14369     46.536     1.8241     1.8337   2.878170   2.879166     2.6091     2.4149      8.007     0.2218     2.2009 1.0752e-01     0.3295    92.0935     7.3476     6.0483    32.6572    32.6597    26.1077    26.1090    7.79342 0.0000e+00
      14423     46.500     1.8243     1.8358   2.878274   2.879322     2.6086     2.4153      8.007     0.2022     2.2798 1.0765e-01     0.3321    92.0327     7.3442     6.0376    32.6584    32.6596    26.1086    26.1088    7.79332 0.0000e+00
      14426     46.448     1.8246     1.8354   2.878277   2.879310     2.6082     2.4157      8.007     0.2120     2.2798 1.0752e-01     0.3298    92.0848     7.3410     6.0371    32.6581    32.6598    26.1083    26.1090    7.79327 0.0000e+00
      14429     46.394     1.8248     1.8354   2.878311   2.879339     2.6086     2.4153      8.007     0.2120     2.2798 1.0765e-01     0.3295    92.0935     7.3406     6.0356    32.6583    32.6602    26.1085    26.1093    7.79322 0.0000e+00
      14432     46.331     1.8250     1.8367   2.878307   2.879420     2.6082     2.4153      8.007     0.2120     2.2798 1.0765e-01     0.3295    92.0935     7.3373     6.0355    32.6581    32.6599    26.1083    26.1089    7.79319 0.0000e+00
      14435     46.267     1.8252     1.8366   2.878308   2.879410     2.6078     2.4153      8.007     0.2315     2.2798 1.0765e-01     0.3291    92.1022     7.3343     6.0371    32.6580    32.6600    26.1082    26.1090    7.79316 0.0000e+00
      14438     46.197     1.8254     1.8367   2.878322   2.879440     2.6082     2.4149      8.005     0.2364     2.2798 1.0752e-01     0.3291    92.1022     7.3344     6.0372    32.6580    32.6603    26.1082    26.1092    7.79312 0.0000e+00
      14441     46.122     1.8254     1.8381   2.878324   2.879538     2.6078     2.4141      8.007     0.2413     2.2403 1.0752e-01     0.3295    92.0935     7.3320     6.0364    32.6580    32.6601    26.1082    26.1090    7.79311 0.0000e+00
      14444     46.041     1.8253     1.8381   2.878282   2.879488     2.6082     2.4153      8.007     0.2413     2.1614 1.0765e-01     0.3295    92.0935     7.3331     6.0422    32.6577    32.6596    26.1079    26.1085    7.79316 0.0000e+00
      14447     45.958     1.8250     1.8380   2.878227   2.879514     2.6070     2.4141      8.007     0.2413     2.1614 1.0752e-01     0.3302    92.0762     7.3286     6.0399    32.6574    32.6600    26.1078    26.1089    7.79324 0.0000e+00
      14450     45.873     1.8246     1.8409   2.878224   2.879873     2.6078     2.4145      8.007     0.2413     2.1614 1.0765e-01     0.3302    92.0762     7.3316     6.0423    32.6578    32.6616    26.1081    26.1100    7.79329 0.0000e+00
      14453     45.784     1.8246     1.8425   2.878286   2.879919     2.6070     2.4145      8.007     0.2364     2.1614 1.0752e-01     0.3302    92.0762     7.3290     6.0446    32.6586    32.6605    26.1087    26.1090    7.79324 0.0000e+00
      14456     45.694     1.8255     1.8438   2.878393   2.880045     2.6070     2.4141      8.007     0.2364     2.1614 1.0752e-01     0.3302    92.0762     7.3297     6.0448    32.6591    32.6607    26.1091    26.1091    7.79305 0.0000e+00
      14459     45.606     1.8262     1.8426   2.878451   2.879709     2.6070     2.4153      8.007     0.2315     2.1614 1.0752e-01     0.3302    92.0762     7.3298     6.0507    32.6591    32.6579    26.1091    26.1069    7.79291 0.0000e+00
      14462     45.516     1.8268     1.8408   2.878446   2.879755     2.6066     2.4141      8.007     0.2071     2.1614 1.0752e-01     0.3302    92.0762     7.3288     6.0488    32.6585    32.6604    26.1085    26.1090    7.79282 0.0000e+00
      14465     45.427     1.8269     1.8436   2.878431   2.880073     2.6066     2.4149      8.007     0.2022     2.1614 1.0752e-01     0.3306    92.0675     7.3296     6.0511    32.6583    32.6615    26.1083    26.1097    7.79281 0.0000e+00
      14468     45.337     1.8272     1.8459   2.878461   2.880237     2.6066     2.4153      8.007     0.2071     2.1614 1.0765e-01     0.3309    92.0588     7.3312     6.0522    32.6583    32.6612    26.1083    26.1093    7.79274 0.0000e+00
      14471     45.247     1.8274     1.8493   2.878481   2.880547     2.6062     2.4153      8.007     0.2120     2.1614 1.0765e-01     0.3313    92.0501     7.3314     6.0520    32.6584    32.6617    26.1084    26.1095    7.79270 0.0000e+00
      14474     45.162     1.8279     1.8510   2.878640   2.880615     2.6066     2.4153      8.007     0.2120     2.1614 1.0752e-01     0.3309    92.0588     7.3337     6.0505    32.6599    32.6608    26.1096    26.1086    7.79251 0.0000e+00
      14477     45.077     1.8294     1.8522   2.878793   2.880630     2.6066     2.4153      8.007     0.2120     2.1614 1.0777e-01     0.3313    92.0501     7.3353     6.0498    32.6603    32.6598    26.1098    26.1078    7.79219 0.0000e+00
      14480     44.989     1.8316     1.8520   2.879090   2.880597     2.6066     2.4153      8.007     0.2120     2.1614 1.0765e-01     0.3313    92.0501     7.3361     6.0482    32.6618    32.6596    26.1108    26.1076    7.79168 0.0000e+00
      14483     44.904     1.8341     1.8523   2.879188   2.880578     2.6058     2.4153      8.007     0.2071     2.1614 1.0777e-01     0.3313    92.0501     7.3341     6.0468    32.6605    32.6591    26.1096    26.1072    7.79124 0.0000e+00
      14486     44.819     1.8355     1.8513   2.879169   2.880457     2.6066     2.4153      8.007     0.2169     2.1614 1.0777e-01     0.3306    92.0675     7.3380     6.0464    32.6589    32.6587    26.1082    26.1069    7.79105 0.0000e+00
      14489     44.736     1.8357     1.8505   2.879040   2.880410     2.6066     2.4157      8.007     0.2218     2.1614 1.0752e-01     0.3302    92.0762     7.3400     6.0456    32.6571    32.6590    26.1068    26.1072    7.79110 0.0000e+00
      14492     44.654     1.8347     1.8497   2.878843   2.880378     2.6062     2.4153      8.007     0.2266     2.1614 1.0765e-01     0.3302    92.0762     7.3405     6.0441    32.6557    32.6594    26.1057    26.1076    7.79137 0.0000e+00
      14495     44.572     1.8334     1.8493   2.878781   2.880313     2.6070     2.4153      8.007     0.2169     2.1614 1.0752e-01     0.3306    92.0675     7.3443     6.0440    32.6564    32.6590    26.1063    26.1073    7.79160 0.0000e+00
      14498     44.493     1.8332     1.8483   2.879025   2.880220     2.6066     2.4153      8.007     0.2218     2.1614 1.0765e-01     0.3306    92.0675     7.3433     6.0440    32.6596    32.6590    26.1089    26.1074    7.79147 0.0000e+00
      14501     44.414     1.8346     1.8473   2.879085   2.880144     2.6070     2.4153      8.007     0.2218     2.1614 1.0777e-01     0.3302    92.0762     7.3445     6.0440    32.6590    32.6591    26.1083    26.1075    7.79122 0.0000e+00
      14504     44.336     1.8344     1.8473   2.878932   2.880257     2.6070     2.4153      8.007     0.2266     2.1614 1.0752e-01     0.3302    92.0762     7.3449     6.0438    32.6573    32.6606    26.1070    26.1087    7.79135 0.0000e+00
      14507     44.261     1.8343     1.8497   2.879030   2.880483     2.6070     2.4153      8.007     0.2266     2.1614 1.0765e-01     0.3257    92.1804     7.3446     6.0432    32.6587    32.6610    26.1082    26.1089    7.79130 0.0000e+00
      14510     44.186     1.8366     1.8511   2.879491   2.880505     2.6074     2.4153      8.007     0.2266     2.1614 1.0752e-01     0.3246    92.2065     7.3453     6.0428    32.6622    32.6599    26.1107    26.1079    7.79066 0.0000e+00
      14513     44.114     1.8387     1.8510   2.879447   2.880464     2.6078     2.4153      8.007     0.2462     2.1614 1.0765e-01     0.3246    92.2065     7.3454     6.0427    32.6595    32.6594    26.1085    26.1075    7.79038 0.0000e+00
      14516     44.038     1.8388     1.8520   2.879344   2.880637     2.6082     2.4153      8.007     0.2364     2.1614 1.0765e-01     0.3246    92.2065     7.3463     6.0432    32.6581    32.6607    26.1073    26.1085    7.79042 0.0000e+00
      14519     43.965     1.8391     1.8542   2.879424   2.880809     2.6070     2.4153      8.007     0.2315     2.1614 1.0765e-01     0.3246    92.2065     7.3413     6.0427    32.6589    32.6605    26.1079    26.1082    7.79033 0.0000e+00
      14522     43.890     1.8412     1.8557   2.879763   2.880937     2.6082     2.4153      8.007     0.2315     2.1614 1.0765e-01     0.3246    92.2065     7.3444     6.0416    32.6609    32.6606    26.1094    26.1082    7.78980 0.0000e+00
      14525     43.818     1.8421     1.8569   2.879674   2.880996     2.6074     2.4153      8.007     0.2315     2.1614 1.0765e-01     0.3246    92.2065     7.3410     6.0415    32.6589    32.6602    26.1078    26.1077    7.78972 0.0000e+00
      14528     43.742     1.8426     1.8578   2.879693   2.881021     2.6078     2.4153      8.007     0.2413     2.1614 1.0752e-01     0.3257    92.1804     7.3417     6.0411    32.6587    32.6596    26.1075    26.1072    7.78964 0.0000e+00
      14531     43.668     1.8438     1.8581   2.879861   2.881029     2.6078     2.4153      8.007     0.2364     2.1614 1.0765e-01     0.3253    92.1891     7.3405     6.0406    32.6596    32.6594    26.1082    26.1070    7.78935 0.0000e+00
      14534     43.595     1.8444     1.8585   2.879856   2.881058     2.6082     2.4153      8.007     0.2315     2.1614 1.0777e-01     0.3253    92.1891     7.3408     6.0407    32.6589    32.6594    26.1076    26.1070    7.78926 0.0000e+00
      14537     43.520     1.8454     1.8585   2.879968   2.881068     2.6078     2.4153      8.007     0.2364     2.1614 1.0765e-01     0.3253    92.1891     7.3379     6.0409    32.6594    32.6596    26.1079    26.1071    7.78904 0.0000e+00
      14540     43.441     1.8462     1.8587   2.880017   2.881085     2.6078     2.4153      8.007     0.2266     2.1614 1.0765e-01     0.3257    92.1804     7.3377     6.0409    32.6592    32.6596    26.1076    26.1071    7.78888 0.0000e+00
      14543     43.363     1.8469     1.8592   2.880012   2.881125     2.6082     2.4153      8.007     0.2218     2.1614 1.0752e-01     0.3257    92.1804     7.3374     6.0405    32.6585    32.6597    26.1071    26.1071    7.78878 0.0000e+00
      14546     43.283     1.8474     1.8604   2.880041   2.881244     2.6082     2.4149      8.007     0.2218     2.2009 1.0752e-01     0.3257    92.1804     7.3355     6.0382    32.6584    32.6600    26.1069    26.1073    7.78869 0.0000e+00
      14549     43.203     1.8475     1.8615   2.879933   2.881294     2.6082     2.4153      8.007     0.2266     2.2798 1.0765e-01     0.3257    92.1804     7.3340     6.0393    32.6570    32.6595    26.1058    26.1068    7.78875 0.0000e+00
      14552     43.117     1.8472     1.8623   2.879947   2.881336     2.6082     2.4149      8.007     0.2169     2.2798 1.0752e-01     0.3257    92.1804     7.3322     6.0368    32.6575    32.6593    26.1063    26.1066    7.78878 0.0000e+00
      14555     43.031     1.8470     1.8631   2.879936   2.881434     2.6082     2.4153      8.007     0.2266     2.2798 1.0752e-01     0.3257    92.1804     7.3304     6.0374    32.6576    32.6596    26.1063    26.1068    7.78881 0.0000e+00
      14558     42.945     1.8470     1.8637   2.879926   2.881450     2.6082     2.4153      8.007     0.2169     2.2798 1.0752e-01     0.3253    92.1891     7.3286     6.0370    32.6576    32.6594    26.1063    26.1066    7.78882 0.0000e+00
      14561     42.856     1.8467     1.8641   2.879885   2.881451     2.6074     2.4153      8.007     0.2266     2.2798 1.0752e-01     0.3257    92.1804     7.3241     6.0355    32.6573    32.6590    26.1062    26.1062    7.78888 0.0000e+00
      14564     42.768     1.8464     1.8643   2.879812   2.881490     2.6078     2.4153      8.007     0.2266     2.2798 1.0765e-01     0.3253    92.1891     7.3234     6.0342    32.6567    32.6593    26.1057    26.1065    7.78897 0.0000e+00
      14567     42.676     1.8460     1.8648   2.879769   2.881553     2.6070     2.4149      8.007     0.2218     2.2798 1.0752e-01     0.3238    92.2239     7.3196     6.0320    32.6568    32.6596    26.1058    26.1066    7.78906 0.0000e+00
      14570     42.582     1.8457     1.8652   2.879855   2.881567     2.6074     2.4149      8.007     0.2266     2.2798 1.0765e-01     0.3223    92.2586     7.3201     6.0321    32.6581    32.6594    26.1069    26.1065    7.78904 0.0000e+00
      14573     42.490     1.8454     1.8660   2.879790   2.881664     2.6070     2.4149      8.005     0.2218     2.1614 1.0752e-01     0.3227    92.2499     7.3185     6.0319    32.6577    32.6598    26.1066    26.1068    7.78913 0.0000e+00
      14576     42.395     1.8461     1.8682   2.880017   2.881910     2.6070     2.4145      8.007     0.2266     2.1614 1.0752e-01     0.3223    92.2586     7.3182     6.0303    32.6598    32.6607    26.1082    26.1073    7.78887 0.0000e+00
