Datasets/AZMP/COO001/79001013.cnv
* Sea-Bird SBE 9 Data File:
* FileName = C:\CTDDATA\79001013.hex
* Software Version Seasave V 7.26.7.110
* Temperature SN = 5811
* Conductivity SN = 4531
* Number of Bytes Per Scan = 30
* Number of Voltage Words = 4
* Number of Scans Averaged by the Deck Unit = 1
* NMEA baud rate = 9600
** VESSEL/TRIP/SEQ STN:  79001013
** LATITUDE XX XX.XX N:  45 56.55 N
** LONGITUDE XX XX.XX W:  56 52.69
** SOUNDING DEPTH (M):  0070
** PROBE TYPE (S1221): S1221
** CTD NUMBER: 006
** COMMENTS (14 CHAR):  SWSPB-04
** BOTTLES:  15
** LEVELS: 5,5,5,5,10,20,20,20,20,30,40,50,BTM,BTM,BTM
** STICKERS: 434638 - 434652
** VNET: Y
** DO2: N
# nquan = 22
# nvalues = 1523                        
# units = specified
# name 0 = scan: Scan Count
# name 1 = prDM: Pressure, Digiquartz [db]
# name 2 = t090C: Temperature [ITS-90, deg C]
# name 3 = t190C: Temperature, 2 [ITS-90, deg C]
# name 4 = c0S/m: Conductivity [S/m]
# name 5 = c1S/m: Conductivity, 2 [S/m]
# name 6 = sbeox0V: Oxygen raw, SBE 43 [V]
# name 7 = sbeox1V: Oxygen raw, SBE 43, 2 [V]
# name 8 = ph: pH
# name 9 = flECO-AFL: Fluorescence, WET Labs ECO-AFL/FL [mg/m^3]
# name 10 = wetCDOM: Fluorescence, WET Labs CDOM [mg/m^3]
# name 11 = par/sat/log: PAR/Logarithmic, Satlantic [umol photons/m^2/sec]
# name 12 = CStarAt0: Beam Attenuation, WET Labs C-Star [1/m]
# name 13 = CStarTr0: Beam Transmission, WET Labs C-Star [%]
# name 14 = sbeox0ML/L: Oxygen, SBE 43 [ml/l], WS = 2
# name 15 = sbeox1ML/L: Oxygen, SBE 43, 2 [ml/l], WS = 2
# name 16 = sal00: Salinity, Practical [PSU]
# name 17 = sal11: Salinity, Practical, 2 [PSU]
# name 18 = sigma-t00: Density [sigma-t, kg/m^3 ]
# name 19 = sigma-t11: Density, 2 [sigma-t, kg/m^3 ]
# name 20 = oxsatML/L: Oxygen Saturation, Weiss [ml/l]
# name 21 = flag: flag
# span 0 =         39,      32742       
# span 1 =      0.869,     61.892       
# span 2 =     3.5044,     7.4240       
# span 3 =     3.5120,     7.4237       
# span 4 =   2.987429,   3.275707       
# span 5 =   2.988143,   3.275657       
# span 6 =     2.5801,     2.6838       
# span 7 =     2.4567,     2.5509       
# span 8 =      8.096,      8.167       
# span 9 =     0.2731,     0.9813       
# span 10 =    -1.0780,   108.9220      
# span 11 = 1.4540e-01, 2.4395e+02      
# span 12 =    -0.0525,    -0.0007      
# span 13 =   100.0186,   101.3208      
# span 14 =     7.1359,     8.0219      
# span 15 =     7.0534,     8.2907      
# span 16 =    31.8226,    32.3072      
# span 17 =    31.8222,    32.2948      
# span 18 =    24.8675,    25.6868      
# span 19 =    24.8675,    25.6798      
# span 20 =    6.83394,    7.48687      
# span 21 = 0.0000e+00, 0.0000e+00      
# interval = scans: 3                   
# start_time = Nov 19 2019 13:30:29 [System UTC, header]
# bad_flag = -9.990e-29
*END*
[from data line 791]
       7319     55.872     3.5361     3.5332   2.990687   2.990441     2.5809     2.4604      8.098     0.3219     4.8316 3.6609e-01    -0.0378   100.9500     7.7395     7.8322    32.2915    32.2915    25.6760    25.6763    7.48102 0.0000e+00
       7322     55.775     3.5355     3.5315   2.990646   2.990316     2.5805     2.4600      8.098     0.3195     4.8316 3.6735e-01    -0.0382   100.9591     7.7388     7.8300    32.2917    32.2918    25.6762    25.6766    7.48113 0.0000e+00
       7325     55.670     3.5349     3.5305   2.990579   2.990222     2.5801     2.4600      8.098     0.3170     4.8316 3.7292e-01    -0.0389   100.9771     7.7377     7.8304    32.2915    32.2917    25.6761    25.6767    7.48125 0.0000e+00
       7328     55.557     3.5350     3.5301   2.990583   2.990189     2.5805     2.4604      8.098     0.3244     4.7779 3.8167e-01    -0.0385   100.9681     7.7395     7.8298    32.2915    32.2917    25.6761    25.6767    7.48122 0.0000e+00
       7331     55.440     3.5337     3.5297   2.990444   2.990159     2.5809     2.4592      8.098     0.3268     4.4914 3.8342e-01    -0.0385   100.9681     7.7417     7.8221    32.2912    32.2919    25.6760    25.6769    7.48148 0.0000e+00
       7334     55.319     3.5323     3.5306   2.990348   2.990225     2.5809     2.4596      8.098     0.3244     4.4914 3.9195e-01    -0.0385   100.9681     7.7421     7.8198    32.2916    32.2918    25.6764    25.6767    7.48174 0.0000e+00
       7337     55.197     3.5316     3.5306   2.990298   2.990224     2.5809     2.4592      8.098     0.3268     4.4824 3.9697e-01    -0.0385   100.9681     7.7424     7.8169    32.2918    32.2918    25.6766    25.6767    7.48186 0.0000e+00
       7340     55.070     3.5301     3.5297   2.990165   2.990115     2.5813     2.4592      8.098     0.3268     4.4824 4.0864e-01    -0.0385   100.9681     7.7446     7.8172    32.2917    32.2915    25.6767    25.6766    7.48213 0.0000e+00
       7343     54.939     3.5288     3.5282   2.990043   2.989985     2.5813     2.4596      8.098     0.3268     4.4824 4.1386e-01    -0.0396   100.9952     7.7463     7.8180    32.2916    32.2915    25.6767    25.6767    7.48238 0.0000e+00
       7346     54.807     3.5283     3.5269   2.990031   2.989865     2.5813     2.4592      8.097     0.3268     4.4824 4.1869e-01    -0.0396   100.9952     7.7465     7.8169    32.2921    32.2915    25.6772    25.6768    7.48246 0.0000e+00
       7349     54.674     3.5277     3.5262   2.989958   2.989839     2.5813     2.4592      8.098     0.3293     4.4824 4.3452e-01    -0.0396   100.9952     7.7468     7.8165    32.2918    32.2919    25.6770    25.6772    7.48258 0.0000e+00
       7352     54.546     3.5272     3.5259   2.989914   2.989790     2.5817     2.4588      8.098     0.3268     4.4824 4.3348e-01    -0.0396   100.9952     7.7478     7.8160    32.2919    32.2917    25.6771    25.6771    7.48267 0.0000e+00
       7355     54.428     3.5266     3.5256   2.989847   2.989785     2.5813     2.4580      8.098     0.3073     2.9155 4.4674e-01    -0.0396   100.9952     7.7459     7.8140    32.2917    32.2920    25.6770    25.6773    7.48279 0.0000e+00
       7358     54.316     3.5261     3.5258   2.989799   2.989801     2.5817     2.4580      8.098     0.2951     0.5516 4.6734e-01    -0.0396   100.9952     7.7484     7.8137    32.2917    32.2920    25.6771    25.6773    7.48289 0.0000e+00
       7361     54.209     3.5261     3.5258   2.989822   2.989765     2.5821     2.4588      8.098     0.2951     0.6412 4.6249e-01    -0.0389   100.9771     7.7499     7.8179    32.2921    32.2916    25.6774    25.6770    7.48286 0.0000e+00
       7364     54.104     3.5263     3.5259   2.989832   2.989760     2.5821     2.4584      8.098     0.3000     0.6412 4.7664e-01    -0.0378   100.9500     7.7495     7.8169    32.2920    32.2915    25.6773    25.6770    7.48283 0.0000e+00
       7367     53.999     3.5267     3.5259   2.989855   2.989787     2.5825     2.4580      8.098     0.3024     0.6412 4.7663e-01    -0.0378   100.9500     7.7496     7.8167    32.2920    32.2920    25.6772    25.6773    7.48276 0.0000e+00
       7370     53.896     3.5271     3.5259   2.989894   2.989771     2.5821     2.4580      8.098     0.3000     0.6412 4.8667e-01    -0.0375   100.9410     7.7471     7.8188    32.2920    32.2918    25.6772    25.6772    7.48267 0.0000e+00
       7373     53.801     3.5273     3.5258   2.989885   2.989760     2.5825     2.4580      8.098     0.3000     0.6412 4.8385e-01    -0.0375   100.9410     7.7475     7.8206    32.2918    32.2918    25.6770    25.6772    7.48265 0.0000e+00
       7376     53.714     3.5270     3.5259   2.989847   2.989774     2.5825     2.4580      8.098     0.2975     0.6412 4.9462e-01    -0.0375   100.9410     7.7466     7.8221    32.2917    32.2919    25.6770    25.6773    7.48272 0.0000e+00
       7379     53.635     3.5268     3.5262   2.989839   2.989763     2.5825     2.4580      8.098     0.3000     0.6412 4.9577e-01    -0.0378   100.9500     7.7451     7.8227    32.2918    32.2915    25.6771    25.6770    7.48274 0.0000e+00
       7382     53.562     3.5268     3.5262   2.989837   2.989787     2.5837     2.4580      8.098     0.3244     1.1605 4.9806e-01    -0.0350   100.8777     7.7476     7.8221    32.2919    32.2919    25.6771    25.6772    7.48274 0.0000e+00
       7385     53.493     3.5267     3.5261   2.989821   2.989795     2.5829     2.4580      8.098     0.3268     1.4291 5.0154e-01    -0.0332   100.8325     7.7435     7.8220    32.2918    32.2921    25.6771    25.6774    7.48276 0.0000e+00
       7388     53.429     3.5272     3.5261   2.989897   2.989774     2.5825     2.4580      8.098     0.3268     1.4202 4.9806e-01    -0.0332   100.8325     7.7407     7.8236    32.2923    32.2919    25.6774    25.6772    7.48266 0.0000e+00
       7391     53.372     3.5286     3.5265   2.989991   2.989804     2.5821     2.4580      8.098     0.3268     1.4023 5.0327e-01    -0.0332   100.8325     7.7372     7.8237    32.2920    32.2918    25.6771    25.6771    7.48240 0.0000e+00
       7394     53.321     3.5289     3.5264   2.989984   2.989795     2.5825     2.4584      8.098     0.3268     1.4202 5.0678e-01    -0.0332   100.8325     7.7367     7.8249    32.2916    32.2919    25.6767    25.6772    7.48236 0.0000e+00
       7397     53.280     3.5293     3.5265   2.990025   2.989784     2.5825     2.4580      8.098     0.3268     1.4202 5.0387e-01    -0.0332   100.8325     7.7351     7.8223    32.2917    32.2917    25.6768    25.6770    7.48228 0.0000e+00
       7400     53.250     3.5291     3.5269   2.990004   2.989843     2.5829     2.4580      8.098     0.3244     1.4202 4.9864e-01    -0.0332   100.8325     7.7355     7.8209    32.2918    32.2920    25.6768    25.6772    7.48233 0.0000e+00
       8222     53.192     3.5257     3.5261   2.989740   2.989776     2.5813     2.4617      8.098     0.3219    -0.0751 5.0975e-01    -0.0418   101.0495     7.7492     7.8328    32.2920    32.2920    25.6774    25.6773    7.48295 0.0000e+00
       8225     53.094     3.5257     3.5256   2.989750   2.989743     2.5825     2.4617      8.097     0.3170    -0.0035 5.1748e-01    -0.0418   101.0495     7.7536     7.8347    32.2922    32.2922    25.6775    25.6775    7.48294 0.0000e+00
       8228     52.994     3.5257     3.5255   2.989739   2.989718     2.5825     2.4617      8.098     0.3195    -0.0035 5.1987e-01    -0.0418   101.0495     7.7528     7.8348    32.2921    32.2920    25.6774    25.6774    7.48294 0.0000e+00
       8231     52.889     3.5258     3.5256   2.989740   2.989751     2.5825     2.4617      8.098     0.3195    -0.0035 5.2835e-01    -0.0411   101.0314     7.7526     7.8359    32.2920    32.2924    25.6774    25.6777    7.48292 0.0000e+00
       8234     52.778     3.5258     3.5260   2.989723   2.989769     2.5829     2.4613      8.098     0.3195    -0.0035 5.3389e-01    -0.0407   101.0224     7.7536     7.8341    32.2919    32.2923    25.6772    25.6775    7.48293 0.0000e+00
       8237     52.665     3.5259     3.5273   2.989744   2.989859     2.5829     2.4613      8.098     0.3219    -0.0035 5.3512e-01    -0.0403   101.0133     7.7532     7.8318    32.2921    32.2921    25.6774    25.6773    7.48290 0.0000e+00
       8240     52.549     3.5265     3.5271   2.989797   2.989818     2.5834     2.4617      8.098     0.3195    -0.0035 5.3950e-01    -0.0407   101.0224     7.7542     7.8317    32.2922    32.2918    25.6774    25.6771    7.48278 0.0000e+00
       8243     52.430     3.5267     3.5270   2.989785   2.989824     2.5834     2.4617      8.098     0.3048    -0.0035 5.5338e-01    -0.0407   101.0224     7.7531     7.8304    32.2919    32.2921    25.6772    25.6773    7.48275 0.0000e+00
       8246     52.314     3.5266     3.5276   2.989773   2.989871     2.5834     2.4617      8.098     0.2804     1.9126 5.6439e-01    -0.0407   101.0224     7.7514     7.8295    32.2919    32.2921    25.6772    25.6772    7.48278 0.0000e+00
       8249     52.198     3.5265     3.5278   2.989766   2.989885     2.5829     2.4617      8.098     0.2804     2.2798 5.6964e-01    -0.0403   101.0133     7.7482     7.8288    32.2920    32.2921    25.6773    25.6772    7.48279 0.0000e+00
       8252     52.083     3.5265     3.5280   2.989779   2.989889     2.5834     2.4613      8.098     0.2804     2.2529 5.7827e-01    -0.0368   100.9229     7.7492     7.8277    32.2922    32.2921    25.6774    25.6772    7.48278 0.0000e+00
       8255     51.972     3.5266     3.5279   2.989775   2.989878     2.5834     2.4617      8.098     0.2804     2.2529 5.7496e-01    -0.0364   100.9139     7.7483     7.8289    32.2921    32.2921    25.6774    25.6772    7.48277 0.0000e+00
       8258     51.868     3.5267     3.5276   2.989771   2.989854     2.5838     2.4608      8.098     0.2853     2.2529 5.8911e-01    -0.0364   100.9139     7.7488     7.8252    32.2920    32.2921    25.6773    25.6773    7.48275 0.0000e+00
       8261     51.768     3.5268     3.5275   2.989779   2.989827     2.5838     2.4604      8.098     0.2853     2.2529 5.9801e-01    -0.0364   100.9139     7.7481     7.8210    32.2921    32.2920    25.6773    25.6771    7.48273 0.0000e+00
       8264     51.674     3.5269     3.5275   2.989784   2.989837     2.5838     2.4604      8.098     0.2780     2.2529 6.0427e-01    -0.0364   100.9139     7.7474     7.8189    32.2920    32.2922    25.6773    25.6773    7.48271 0.0000e+00
       8267     51.589     3.5271     3.5276   2.989799   2.989825     2.5838     2.4608      8.098     0.2829     2.2619 5.9872e-01    -0.0364   100.9139     7.7471     7.8192    32.2921    32.2919    25.6773    25.6771    7.48267 0.0000e+00
       8270     51.513     3.5274     3.5276   2.989822   2.989819     2.5838     2.4604      8.098     0.3097    17.2867 6.0358e-01    -0.0371   100.9320     7.7468     7.8167    32.2922    32.2919    25.6773    25.6771    7.48262 0.0000e+00
       8273     51.448     3.5274     3.5276   2.989822   2.989812     2.5838     2.4608      8.098     0.3293   105.7433 6.1628e-01    -0.0403   101.0133     7.7463     7.8183    32.2921    32.2918    25.6773    25.6770    7.48261 0.0000e+00
       8276     51.393     3.5274     3.5276   2.989807   2.989804     2.5838     2.4608      8.098     0.3268   108.4564 6.1558e-01    -0.0403   101.0133     7.7452     7.8187    32.2921    32.2918    25.6773    25.6770    7.48263 0.0000e+00
       8279     51.348     3.5272     3.5276   2.989786   2.989814     2.5838     2.4604      8.098     0.3268   108.3937 6.1486e-01    -0.0407   101.0224     7.7446     7.8175    32.2920    32.2920    25.6772    25.6772    7.48266 0.0000e+00
       8282     51.314     3.5270     3.5276   2.989790   2.989818     2.5838     2.4604      8.097     0.3268   108.4116 6.0990e-01    -0.0403   101.0133     7.7429     7.8181    32.2923    32.2920    25.6774    25.6771    7.48269 0.0000e+00
       8326     51.273     3.5271     3.5278   2.989783   2.989826     2.5830     2.4604      8.098     0.3073    71.9778 6.2573e-01    -0.0393   100.9862     7.7430     7.8199    32.2921    32.2919    25.6773    25.6771    7.48267 0.0000e+00
       8412     51.115     3.5276     3.5281   2.989821   2.989838     2.5825     2.4617      8.098     0.2731    -0.8541 6.5153e-01    -0.0368   100.9229     7.7461     7.8312    32.2921    32.2918    25.6773    25.6770    7.48258 0.0000e+00
       8415     50.932     3.5277     3.5280   2.989805   2.989834     2.5825     2.4617      8.098     0.2756    -0.8631 6.6752e-01    -0.0349   100.8777     7.7442     7.8316    32.2920    32.2920    25.6771    25.6772    7.48258 0.0000e+00
       8418     50.754     3.5278     3.5280   2.989820   2.989816     2.5825     2.4613      8.098     0.2756    -0.8541 6.7767e-01    -0.0353   100.8867     7.7431     7.8310    32.2921    32.2919    25.6772    25.6771    7.48254 0.0000e+00
       8421     50.581     3.5278     3.5281   2.989799   2.989817     2.5821     2.4617      8.098     0.2756    -0.8631 6.9674e-01    -0.0353   100.8867     7.7396     7.8334    32.2919    32.2919    25.6771    25.6771    7.48255 0.0000e+00
       8424     50.416     3.5277     3.5280   2.989776   2.989809     2.5825     2.4613      8.098     0.2731    -0.8452 7.0488e-01    -0.0353   100.8867     7.7399     7.8316    32.2919    32.2920    25.6770    25.6771    7.48257 0.0000e+00
       8427     50.262     3.5275     3.5281   2.989804   2.989803     2.5825     2.4613      8.098     0.2853    -0.1468 7.3571e-01    -0.0353   100.8867     7.7393     7.8324    32.2924    32.2919    25.6775    25.6771    7.48258 0.0000e+00
       8430     50.117     3.5276     3.5279   2.989790   2.989793     2.5829     2.4608      8.098     0.2951     4.2138 7.3912e-01    -0.0353   100.8867     7.7409     7.8312    32.2922    32.2920    25.6774    25.6772    7.48257 0.0000e+00
       8433     49.988     3.5277     3.5273   2.989780   2.989721     2.5825     2.4604      8.098     0.2975     4.2765 7.5467e-01    -0.0357   100.8958     7.7391     7.8303    32.2921    32.2918    25.6773    25.6771    7.48256 0.0000e+00
       8436     49.870     3.5277     3.5267   2.989758   2.989681     2.5821     2.4613      8.098     0.2975     4.2675 7.6524e-01    -0.0357   100.8958     7.7370     7.8349    32.2919    32.2920    25.6771    25.6773    7.48257 0.0000e+00
       8439     49.770     3.5277     3.5265   2.989762   2.989675     2.5825     2.4617      8.098     0.2951     4.2675 7.7055e-01    -0.0357   100.8958     7.7384     7.8377    32.2920    32.2921    25.6772    25.6774    7.48257 0.0000e+00
       8442     49.681     3.5278     3.5269   2.989775   2.989689     2.5825     2.4617      8.098     0.2975     4.2675 7.8953e-01    -0.0360   100.9048     7.7384     7.8384    32.2921    32.2920    25.6772    25.6773    7.48254 0.0000e+00
       8445     49.605     3.5277     3.5274   2.989755   2.989727     2.5821     2.4613      8.098     0.2951     4.2675 7.8405e-01    -0.0360   100.9048     7.7369     7.8369    32.2920    32.2920    25.6772    25.6772    7.48257 0.0000e+00
       8448     49.541     3.5280     3.5280   2.989789   2.989767     2.5825     2.4617      8.098     0.3000     4.2675 7.9136e-01    -0.0357   100.8958     7.7373     7.8392    32.2922    32.2919    25.6773    25.6771    7.48251 0.0000e+00
       8451     49.493     3.5281     3.5280   2.989781   2.989777     2.5825     2.4617      8.098     0.3000     4.2675 7.7686e-01    -0.0357   100.8958     7.7367     7.8391    32.2920    32.2921    25.6771    25.6772    7.48250 0.0000e+00
