Datasets/AZMP/COO001/79001053.cnv
* Sea-Bird SBE 9 Data File:
* FileName = C:\CTDDATA\79001053.hex
* Software Version Seasave V 7.26.7.110
* Temperature SN = 5660
* Conductivity SN = 3698
* Number of Bytes Per Scan = 30
* Number of Voltage Words = 4
* Number of Scans Averaged by the Deck Unit = 1
* NMEA baud rate = 9600
** VESSEL/TRIP/SEQ STN:  79001053
** LATITUDE XX XX.XX N:  47 00.00 N
** LONGITUDE XX XX.XX W:  45 12.80 W
** SOUNDING DEPTH (M):  0174
** PROBE TYPE: S1257
** CTD NUMBER: 028
** COMMENTS (14 CHAR): FC-24
** BOTTLES:  20
** LEVELS: 5,5,5,5,10,20,20,20,20,30,40,50,50,50,75,100,100,100,150,BTM
** STICKERS: 435026 - 435045
** VNET: Y
** DO2: Y
# nquan = 22
# nvalues = 4642                        
# units = specified
# name 0 = scan: Scan Count
# name 1 = prDM: Pressure, Digiquartz [db]
# name 2 = t090C: Temperature [ITS-90, deg C]
# name 3 = t190C: Temperature, 2 [ITS-90, deg C]
# name 4 = c0S/m: Conductivity [S/m]
# name 5 = c1S/m: Conductivity, 2 [S/m]
# name 6 = sbeox0V: Oxygen raw, SBE 43 [V]
# name 7 = sbeox1V: Oxygen raw, SBE 43, 2 [V]
# name 8 = ph: pH
# name 9 = flECO-AFL: Fluorescence, WET Labs ECO-AFL/FL [mg/m^3]
# name 10 = wetCDOM: Fluorescence, WET Labs CDOM [mg/m^3]
# name 11 = par/sat/log: PAR/Logarithmic, Satlantic [umol photons/m^2/sec]
# name 12 = CStarAt0: Beam Attenuation, WET Labs C-Star [1/m]
# name 13 = CStarTr0: Beam Transmission, WET Labs C-Star [%]
# name 14 = sbeox0ML/L: Oxygen, SBE 43 [ml/l], WS = 2
# name 15 = sbeox1ML/L: Oxygen, SBE 43, 2 [ml/l], WS = 2
# name 16 = sal00: Salinity, Practical [PSU]
# name 17 = sal11: Salinity, Practical, 2 [PSU]
# name 18 = sigma-t00: Density [sigma-t, kg/m^3 ]
# name 19 = sigma-t11: Density, 2 [sigma-t, kg/m^3 ]
# name 20 = oxsatML/L: Oxygen Saturation, Weiss [ml/l]
# name 21 = flag: flag
# span 0 =         11,      60109       
# span 1 =      1.042,    166.293       
# span 2 =     3.6094,     7.9509       
# span 3 =     3.6075,     7.9495       
# span 4 =   3.176471,   3.479468       
# span 5 =   3.176633,   3.479641       
# span 6 =     2.2761,     2.7858       
# span 7 =     2.2455,     2.7460       
# span 8 =      8.000,      8.207       
# span 9 =    -0.0078,     1.5258       
# span 10 =    -2.8130,   482.1870      
# span 11 = 1.0666e-01, 1.4485e+00      
# span 12 =     0.0493,     0.2130      
# span 13 =    94.8134,    98.7760      
# span 14 =     5.8880,     6.8909      
# span 15 =     6.1569,     7.1511      
# span 16 =    33.2067,    34.6505      
# span 17 =    33.4569,    34.6533      
# span 18 =    26.0015,    27.5437      
# span 19 =    26.1120,    27.5460      
# span 20 =    6.67875,    7.36192      
# span 21 = 0.0000e+00, 0.0000e+00      
# interval = scans: 3                   
# start_time = Nov 28 2019 19:30:47 [System UTC, header]
# bad_flag = -9.990e-29
*END*
[from data line 791]
       3574     52.474     5.6625     5.2894   3.325123   3.291232     2.5445     2.5116      8.126     0.3194    -1.3918 1.0790e-01     0.0953    97.6463     6.2811     6.5747    34.0544    34.0459    26.8473    26.8853    7.02073 0.0000e+00
       3577     52.582     5.6902     5.3781   3.314827   3.300517     2.5421     2.5095      8.126     0.3194    -1.3918 1.0790e-01     0.0906    97.7593     6.2738     6.5581    33.9094    34.0620    26.7292    26.8875    7.02277 0.0000e+00
       3580     52.701     5.5784     5.5681   3.296839   3.314294     2.5421     2.5079      8.122     0.3097    -1.3918 1.0790e-01     0.0836    97.9331     6.2953     6.5293    33.8175    34.0266    26.6700    26.8367    7.04579 0.0000e+00
       3583     52.832     5.3865     5.6531   3.275631   3.313847     2.5393     2.5063      8.119     0.3048    -1.3918 1.0790e-01     0.0836    97.9331     6.3181     6.5212    33.7687    33.9356    26.6542    26.7544    7.08052 0.0000e+00
       3586     52.974     5.1788     5.4619   3.263476   3.289112     2.5376     2.5046      8.119     0.3145    -1.4707 1.0790e-01     0.0839    97.9244     6.3426     6.5585    33.8392    33.8465    26.7344    26.7069    7.11267 0.0000e+00
       3589     53.119     5.0448     5.1105   3.259715   3.266915     2.5352     2.5026      8.115     0.3145    -1.5102 1.0790e-01     0.0843    97.9157     6.3547     6.6160    33.9319    33.9480    26.8233    26.8285    7.13134 0.0000e+00
       3592     53.267     4.9583     4.9384   3.256869   3.259248     2.5348     2.5006      8.113     0.3194    -1.5102 1.0790e-01     0.0839    97.9244     6.3668     6.6477    33.9871    34.0350    26.8770    26.9172    7.14365 0.0000e+00
       3595     53.420     4.9055     4.8708   3.255711   3.256257     2.5327     2.4993      8.110     0.2901    -1.5102 1.0790e-01     0.0839    97.9244     6.3697     6.6681    34.0276    34.0695    26.9151    26.9522    7.15087 0.0000e+00
       3598     53.579     4.8764     4.8500   3.255305   3.255508     2.5307     2.4981      8.109     0.2218    -1.5102 1.0790e-01     0.0796    98.0287     6.3700     6.6834    34.0526    34.0821    26.9382    26.9645    7.15473 0.0000e+00
       3601     53.740     4.8559     4.8410   3.253989   3.254618     2.5299     2.4969      8.108     0.2315    -1.5102 1.0790e-01     0.0768    98.0982     6.3756     6.6998    34.0584    34.0810    26.9451    26.9646    7.15802 0.0000e+00
       3604     53.904     4.8364     4.8246   3.252687   3.253214     2.5283     2.4965      8.106     0.2169    -1.5102 1.0790e-01     0.0768    98.0982     6.3782     6.7173    34.0631    34.0813    26.9510    26.9668    7.16117 0.0000e+00
       3607     54.066     4.8228     4.8108   3.252242   3.252348     2.5266     2.4961      8.106     0.2266    -1.5102 1.0790e-01     0.0768    98.0982     6.3792     6.7357    34.0719    34.0853    26.9595    26.9715    7.16312 0.0000e+00
       3610     54.228     4.8146     4.8022   3.251959   3.251724     2.5258     2.4969      8.106     0.2169    -1.5102 1.0790e-01     0.0768    98.0982     6.3822     6.7571    34.0769    34.0868    26.9644    26.9737    7.16431 0.0000e+00
       3613     54.388     4.8089     4.7948   3.251668   3.251091     2.5250     2.4969      8.101     0.2266    -1.6286 1.0790e-01     0.0768    98.0982     6.3845     6.7727    34.0793    34.0870    26.9669    26.9746    7.16519 0.0000e+00
       3616     54.544     4.8051     4.7840   3.251476   3.249982     2.5238     2.4969      8.103     0.2266    -1.6286 1.0790e-01     0.0775    98.0808     6.3867     6.7878    34.0809    34.0851    26.9686    26.9743    7.16577 0.0000e+00
       3619     54.696     4.7993     4.7691   3.250568   3.248866     2.5234     2.4965      8.101     0.2218    -1.6681 1.0790e-01     0.0750    98.1416     6.3912     6.7994    34.0762    34.0874    26.9656    26.9778    7.16700 0.0000e+00
       3622     54.843     4.7872     4.7547   3.249239   3.247710     2.5226     2.4965      8.101     0.2266    -1.6286 1.0790e-01     0.0747    98.1503     6.3935     6.8095    34.0730    34.0886    26.9644    26.9804    7.16925 0.0000e+00
       3625     54.984     4.7756     4.7417   3.248429   3.246858     2.5217     2.4969      8.101     0.2266    -1.6286 1.0790e-01     0.0750    98.1416     6.3952     6.8219    34.0755    34.0921    26.9676    26.9846    7.17115 0.0000e+00
       3628     55.119     4.7664     4.7175   3.247866   3.243937     2.5213     2.4965      8.101     0.2266    -1.6286 1.0790e-01     0.0747    98.1503     6.3994     6.8318    34.0783    34.0828    26.9709    26.9799    7.17262 0.0000e+00
       3631     55.244     4.7569     4.6742   3.247045   3.240813     2.5185     2.4969      8.101     0.2266    -1.6286 1.0790e-01     0.0747    98.1503     6.3954     6.8467    34.0785    34.0909    26.9721    26.9912    7.17427 0.0000e+00
       3634     55.362     4.7391     4.6315   3.244410   3.237722     2.5193     2.4977      8.101     0.2218    -1.6681 1.0790e-01     0.0750    98.1416     6.4042     6.8632    34.0660    34.0987    26.9642    27.0021    7.17795 0.0000e+00
       3637     55.468     4.7129     4.6076   3.242154   3.236958     2.5189     2.4973      8.102     0.2266    -1.6681 1.0790e-01     0.0750    98.1416     6.4090     6.8757    34.0666    34.1144    26.9676    27.0171    7.18249 0.0000e+00
       3640     55.564     4.6841     4.6014   3.239849   3.236202     2.5189     2.4981      8.102     0.2218    -1.7866 1.0790e-01     0.0747    98.1503     6.4158     6.8898    34.0694    34.1119    26.9730    27.0159    7.18740 0.0000e+00
       3643     55.650     4.6574     4.5733   3.238519   3.233810     2.5169     2.4981      8.102     0.2218    -1.7471 1.0790e-01     0.0747    98.1503     6.4154     6.9040    34.0812    34.1129    26.9853    27.0197    7.19149 0.0000e+00
       3646     55.725     4.6348     4.5558   3.238184   3.232849     2.5161     2.4989      8.100     0.2169    -1.7471 1.0790e-01     0.0743    98.1590     6.4171     6.9161    34.1006    34.1197    27.0032    27.0271    7.19453 0.0000e+00
       3649     55.786     4.6411     4.5423   3.244036   3.232124     2.5165     2.5002      8.102     0.2071    -1.7471 1.0790e-01     0.0743    98.1590     6.4176     6.9284    34.1624    34.1251    27.0515    27.0328    7.19049 0.0000e+00
       3652     55.839     4.7215     4.5302   3.250874   3.231516     2.5161     2.5006      8.102     0.2120    -1.7471 1.0790e-01     0.0747    98.1503     6.4055     6.9356    34.1592    34.1305    27.0401    27.0384    7.17661 0.0000e+00
       3655     55.878     4.7738     4.5262   3.258674   3.231630     2.5165     2.5018      8.101     0.2120    -1.8260 1.0790e-01     0.0747    98.1503     6.3978     6.9412    34.1960    34.1359    27.0635    27.0431    7.16576 0.0000e+00
       3693     55.912     4.9610     4.5751   3.269414   3.236130     2.5128     2.4953      8.107     0.2217   159.0905 1.0790e-01     0.0797    98.0287     6.3473     6.7976    34.1286    34.1380    26.9887    27.0394    7.13661 0.0000e+00
       3767     55.994     5.1580     4.7218   3.274510   3.247198     2.5042     2.4798      8.116     0.2706   480.8053 1.0790e-01     0.0889    97.8027     6.2698     6.4986    33.9856    34.1160    26.8528    27.0058    7.10936 0.0000e+00
       3770     56.094     5.1223     4.7366   3.273438   3.247622     2.5034     2.4770      8.114     0.2657   480.7658 1.0790e-01     0.0889    97.8027     6.2686     6.4911    34.0096    34.1056    26.8760    26.9959    7.11437 0.0000e+00
       3773     56.199     5.0972     4.7354   3.272396   3.247656     2.5022     2.4749      8.114     0.2755   480.7658 1.0790e-01     0.0889    97.8027     6.2661     6.4910    34.0232    34.1072    26.8897    26.9973    7.11804 0.0000e+00
       3776     56.306     5.0792     4.7583   3.271722   3.250407     2.5006     2.4733      8.111     0.2657   480.7658 1.0790e-01     0.0892    97.7941     6.2621     6.4891    34.0337    34.1155    26.9000    27.0013    7.12064 0.0000e+00
       3779     56.416     5.0634     4.7890   3.270394   3.251990     2.4998     2.4709      8.113     0.2462   480.7658 1.0790e-01     0.0864    97.8636     6.2606     6.4865    34.0345    34.1024    26.9025    26.9875    7.12332 0.0000e+00
       3782     56.529     5.0492     4.8031   3.269812   3.253357     2.4998     2.4692      8.112     0.2364   480.7658 1.0790e-01     0.0811    97.9939     6.2616     6.4878    34.0422    34.1038    26.9102    26.9870    7.12540 0.0000e+00
       3785     56.646     5.0383     4.8599   3.269328   3.259081     2.4977     2.4684      8.110     0.2462   480.7658 1.0790e-01     0.0811    97.9939     6.2568     6.4842    34.0477    34.1118    26.9159    26.9869    7.12701 0.0000e+00
       3788     56.762     5.0324     4.8783   3.268446   3.258021     2.4965     2.4660      8.108     0.2364   480.7658 1.0790e-01     0.0811    97.9939     6.2541     6.4831    34.0435    34.0806    26.9132    26.9602    7.12823 0.0000e+00
       3791     56.881     5.0008     4.8969   3.263964   3.260626     2.4949     2.4643      8.107     0.2364   480.7658 1.0790e-01     0.0811    97.9939     6.2560     6.4815    34.0239    34.0916    26.9013    26.9668    7.13459 0.0000e+00
       3794     57.004     4.9653     4.9416   3.260640   3.264730     2.4945     2.4627      8.105     0.2315   480.7658 1.0790e-01     0.0811    97.9939     6.2592     6.4768    34.0217    34.0933    26.9036    26.9630    7.14082 0.0000e+00
       3797     57.121     4.8981     4.9927   3.253142   3.268495     2.4932     2.4607      8.104     0.2462   480.7658 1.0790e-01     0.0811    97.9939     6.2654     6.4689    34.0035    34.0844    26.8968    26.9502    7.15329 0.0000e+00
       3800     57.239     4.8514     5.0192   3.252421   3.269302     2.4916     2.4590      8.104     0.2413   480.7658 1.0790e-01     0.0761    98.1156     6.2642     6.4651    34.0429    34.0666    26.9333    26.9331    7.15953 0.0000e+00
       3803     57.362     4.7987     4.9861   3.246131   3.264355     2.4896     2.4578      8.101     0.2364   480.7658 1.0790e-01     0.0726    98.2025     6.2663     6.4720    34.0238    34.0431    26.9241    26.9182    7.16958 0.0000e+00
       3806     57.484     4.7143     4.8979   3.236891   3.255298     2.4896     2.4562      8.102     0.2315   480.7658 1.0790e-01     0.0726    98.2025     6.2807     6.4843    34.0028    34.0285    26.9168    26.9166    7.18529 0.0000e+00
       3809     57.603     4.6111     4.7610   3.229321   3.248384     2.4880     2.4550      8.102     0.2266   480.7658 1.0790e-01     0.0722    98.2112     6.2928     6.5033    34.0205    34.0886    26.9422    26.9796    7.20249 0.0000e+00
       3812     57.724     4.5303     4.7522   3.226118   3.247794     2.4867     2.4538      8.098     0.2218   480.7658 1.0790e-01     0.0726    98.2025     6.2999     6.5055    34.0662    34.0907    26.9874    26.9824    7.21450 0.0000e+00
       3815     57.840     4.4780     4.6136   3.224668   3.233560     2.4855     2.4521      8.098     0.2266   480.7658 1.0790e-01     0.0726    98.2025     6.3029     6.5264    34.1031    34.0673    27.0223    26.9791    7.22194 0.0000e+00
       3818     57.958     4.4457     4.4811   3.223870   3.226693     2.4839     2.4521      8.096     0.2218   480.8053 1.0790e-01     0.0726    98.2025     6.3030     6.5495    34.1271    34.1236    27.0449    27.0382    7.22649 0.0000e+00
       3821     58.074     4.4263     4.4293   3.223192   3.224882     2.4823     2.4501      8.093     0.2169   321.7442 1.0790e-01     0.0704    98.2546     6.3022     6.5567    34.1392    34.1559    27.0565    27.0695    7.22933 0.0000e+00
       3824     58.188     4.4072     4.4058   3.221569   3.223208     2.4810     2.4489      8.093     0.2266    -2.8130 1.0790e-01     0.0697    98.2720     6.3028     6.5630    34.1398    34.1605    27.0591    27.0756    7.23267 0.0000e+00
       3827     58.301     4.3854     4.3756   3.219889   3.220773     2.4802     2.4472      8.090     0.2266    -1.9050 1.0790e-01     0.0697    98.2720     6.3039     6.5712    34.1426    34.1632    27.0637    27.0810    7.23640 0.0000e+00
       3830     58.413     4.3640     4.3420   3.218507   3.218724     2.4798     2.4460      8.089     0.2217    -1.1154 1.0790e-01     0.0694    98.2807     6.3071     6.5831    34.1485    34.1739    27.0706    27.0932    7.23991 0.0000e+00
       3833     58.523     4.3446     4.3218   3.217453   3.217421     2.4778     2.4448      8.089     0.1729    -1.1549 1.0790e-01     0.0694    98.2807     6.3054     6.5959    34.1561    34.1794    27.0788    27.0997    7.24297 0.0000e+00
       3836     58.631     4.3263     4.2968   3.216032   3.215711     2.4765     2.4436      8.089     0.1778    -1.1549 1.0790e-01     0.0697    98.2720     6.3059     6.6115    34.1583    34.1852    27.0825    27.1069    7.24610 0.0000e+00
       3839     58.734     4.3074     4.2791   3.215004   3.214840     2.4761     2.4423      8.086     0.1729    -1.1549 1.0790e-01     0.0697    98.2720     6.3095     6.6253    34.1658    34.1933    27.0904    27.1152    7.24910 0.0000e+00
       3842     58.839     4.2927     4.2710   3.214394   3.214444     2.4749     2.4419      8.087     0.1729    -1.1549 1.0790e-01     0.0679    98.3154     6.3089     6.6403    34.1738    34.1970    27.0983    27.1191    7.25132 0.0000e+00
       3845     58.938     4.2826     4.2670   3.214080   3.214172     2.4737     2.4419      8.084     0.1729    -1.1549 1.0790e-01     0.0676    98.3241     6.3080     6.6559    34.1806    34.1978    27.1048    27.1201    7.25280 0.0000e+00
       3848     59.037     4.2761     4.2651   3.213899   3.214086     2.4725     2.4419      8.084     0.1778    -1.0759 1.0790e-01     0.0679    98.3154     6.3062     6.6687    34.1851    34.1987    27.1091    27.1211    7.25373 0.0000e+00
       3851     59.134     4.2720     4.2617   3.213782   3.213731     2.4713     2.4419      8.084     0.1876    -1.0364 1.0790e-01     0.0679    98.3154     6.3041     6.6803    34.1879    34.1980    27.1117    27.1209    7.25432 0.0000e+00
       3854     59.223     4.2688     4.2517   3.213690   3.212952     2.4709     2.4419      8.081     0.1778    -1.0364 1.0790e-01     0.0683    98.3067     6.3040     6.6913    34.1901    34.1992    27.1138    27.1229    7.25478 0.0000e+00
       3857     59.313     4.2649     4.2412   3.213293   3.212511     2.4692     2.4432      8.082     0.1778    -1.0364 1.0790e-01     0.0683    98.3067     6.3022     6.7064    34.1895    34.2049    27.1138    27.1285    7.25551 0.0000e+00
       3860     59.400     4.2584     4.2370   3.212704   3.212370     2.4692     2.4432      8.081     0.1632    -1.0364 1.0777e-01     0.0672    98.3328     6.3057     6.7145    34.1892    34.2075    27.1142    27.1310    7.25667 0.0000e+00
       3863     59.484     4.2524     4.2349   3.212501   3.212326     2.4676     2.4432      8.079     0.1632    -1.0364 1.0790e-01     0.0662    98.3589     6.3051     6.7207    34.1931    34.2091    27.1179    27.1325    7.25757 0.0000e+00
       3866     59.561     4.2487     4.2344   3.212458   3.212260     2.4664     2.4428      8.079     0.1632    -1.0364 1.0790e-01     0.0662    98.3589     6.3064     6.7225    34.1963    34.2089    27.1209    27.1324    7.25806 0.0000e+00
       3869     59.636     4.2453     4.2331   3.212414   3.212173     2.4664     2.4428      8.080     0.1680    -1.0364 1.0790e-01     0.0662    98.3589     6.3117     6.7243    34.1993    34.2092    27.1236    27.1328    7.25852 0.0000e+00
