Datasets/AZMP/COO001/79001012.cnv
* Sea-Bird SBE 9 Data File:
* FileName = C:\CTDDATA\79001012.hex
* Software Version Seasave V 7.26.7.110
* Temperature SN = 5811
* Conductivity SN = 4531
* Number of Bytes Per Scan = 30
* Number of Voltage Words = 4
* Number of Scans Averaged by the Deck Unit = 1
* NMEA baud rate = 9600
** VESSEL/TRIP/SEQ STN:  79001012
** LATITUDE XX XX.XX N:  46 10.88 N
** LONGITUDE XX XX.XX W:  56 30.65 W
** SOUNDING DEPTH (M):  0070
** PROBE TYPE (S1221): S1221
** CTD NUMBER: 005
** COMMENTS (14 CHAR):  SWSPB-03
** BOTTLES:  9
** LEVELS: 5,5,10,20,20,30,40,50,BTM
** STICKERS: 434629 - 434637
** VNET: Y
** DO2: N
# nquan = 22
# nvalues = 1922                        
# units = specified
# name 0 = scan: Scan Count
# name 1 = prDM: Pressure, Digiquartz [db]
# name 2 = t090C: Temperature [ITS-90, deg C]
# name 3 = t190C: Temperature, 2 [ITS-90, deg C]
# name 4 = c0S/m: Conductivity [S/m]
# name 5 = c1S/m: Conductivity, 2 [S/m]
# name 6 = sbeox0V: Oxygen raw, SBE 43 [V]
# name 7 = sbeox1V: Oxygen raw, SBE 43, 2 [V]
# name 8 = ph: pH
# name 9 = flECO-AFL: Fluorescence, WET Labs ECO-AFL/FL [mg/m^3]
# name 10 = wetCDOM: Fluorescence, WET Labs CDOM [mg/m^3]
# name 11 = par/sat/log: PAR/Logarithmic, Satlantic [umol photons/m^2/sec]
# name 12 = CStarAt0: Beam Attenuation, WET Labs C-Star [1/m]
# name 13 = CStarTr0: Beam Transmission, WET Labs C-Star [%]
# name 14 = sbeox0ML/L: Oxygen, SBE 43 [ml/l], WS = 2
# name 15 = sbeox1ML/L: Oxygen, SBE 43, 2 [ml/l], WS = 2
# name 16 = sal00: Salinity, Practical [PSU]
# name 17 = sal11: Salinity, Practical, 2 [PSU]
# name 18 = sigma-t00: Density [sigma-t, kg/m^3 ]
# name 19 = sigma-t11: Density, 2 [sigma-t, kg/m^3 ]
# name 20 = oxsatML/L: Oxygen Saturation, Weiss [ml/l]
# name 21 = flag: flag
# span 0 =         40,      34633       
# span 1 =      0.363,     62.860       
# span 2 =     2.1160,     6.1038       
# span 3 =     2.1151,     6.1042       
# span 4 =   1.197988,   3.154962       
# span 5 =   1.561976,   3.155011       
# span 6 =     2.4518,     2.6577       
# span 7 =     2.3379,     2.5354       
# span 8 =      8.044,      8.159       
# span 9 =     0.1315,     0.9837       
# span 10 =    -1.0780,   108.9220      
# span 11 = 1.1746e-01, 2.5415e+00      
# span 12 =    -0.0689,    -0.0202      
# span 13 =   100.5069,   101.7368      
# span 14 =     7.1651,     7.6560      
# span 15 =     7.0150,     7.7978      
# span 16 =    11.1475,    32.3846      
# span 17 =    14.7749,    32.3644      
# span 18 =     8.7474,    25.8584      
# span 19 =    11.6040,    25.8430      
# span 20 =    7.05452,    8.07435      
# span 21 = 0.0000e+00, 0.0000e+00      
# interval = scans: 3                   
# start_time = Nov 19 2019 03:45:35 [System UTC, header]
# bad_flag = -9.990e-29
*END*
[from data line 396]
       2481     46.819     2.2243     2.2385   2.884024   2.884761     2.4900     2.3728      8.070     0.1705     4.6973 1.1787e-01    -0.0653   101.6463     7.6475     7.7617    32.3194    32.3140    25.8079    25.8025    7.73142 0.0000e+00
       2484     46.887     2.2161     2.2137   2.883830   2.883465     2.4900     2.3724      8.070     0.1754     4.7331 1.1773e-01    -0.0653   101.6463     7.6510     7.7673    32.3253    32.3232    25.8132    25.8118    7.73272 0.0000e+00
       2487     46.954     2.2129     2.2309   2.883864   2.884383     2.4904     2.3732      8.070     0.1608     6.1926 1.1787e-01    -0.0653   101.6463     7.6530     7.7684    32.3289    32.3170    25.8164    25.8055    7.73317 0.0000e+00
       2490     47.023     2.2020     2.2336   2.882617   2.885050     2.4904     2.3728      8.070     0.1535     6.3449 1.1787e-01    -0.0653   101.6463     7.6546     7.7666    32.3245    32.3224    25.8137    25.8097    7.73554 0.0000e+00
       2493     47.100     2.1977     2.2139   2.882570   2.883235     2.4908     2.3724      8.070     0.1608     6.3449 1.1773e-01    -0.0642   101.6192     7.6549     7.7703    32.3283    32.3201    25.8170    25.8092    7.73620 0.0000e+00
       2496     47.183     2.1979     2.1939   2.882553   2.882202     2.4900     2.3724      8.070     0.1584     6.3359 1.1787e-01    -0.0642   101.6192     7.6506     7.7766    32.3278    32.3275    25.8166    25.8166    7.73619 0.0000e+00
       2499     47.267     2.1879     2.1803   2.882002   2.881486     2.4900     2.3728      8.070     0.1584     6.3449 1.1773e-01    -0.0639   101.6102     7.6509     7.7839    32.3311    32.3325    25.8200    25.8217    7.73799 0.0000e+00
       2502     47.345     2.1901     2.1738   2.882162   2.881188     2.4888     2.3736      8.070     0.1559     6.3449 1.1787e-01    -0.0639   101.6102     7.6434     7.7895    32.3308    32.3354    25.8196    25.8245    7.73757 0.0000e+00
       2505     47.427     2.1836     2.1963   2.881604   2.882344     2.4884     2.3728      8.070     0.1559     6.3359 1.1787e-01    -0.0642   101.6192     7.6425     7.7837    32.3305    32.3268    25.8198    25.8159    7.73888 0.0000e+00
       2508     47.513     2.1702     2.1883   2.880952   2.881610     2.4884     2.3736      8.070     0.1584     6.3359 1.1787e-01    -0.0642   101.6192     7.6443     7.7903    32.3360    32.3257    25.8252    25.8156    7.74124 0.0000e+00
       2511     47.601     2.1709     2.1798   2.881056   2.881283     2.4868     2.3736      8.070     0.1535     4.8854 1.1787e-01    -0.0642   101.6192     7.6379     7.7933    32.3365    32.3303    25.8256    25.8200    7.74108 0.0000e+00
       2514     47.698     2.1694     2.1629   2.880738   2.880586     2.4863     2.3736      8.070     0.1412    -0.7915 1.1773e-01    -0.0646   101.6282     7.6370     7.7976    32.3341    32.3388    25.8238    25.8281    7.74151 0.0000e+00
       2517     47.795     2.1603     2.1657   2.880320   2.880786     2.4859     2.3736      8.070     0.1412    -0.7109 1.1787e-01    -0.0653   101.6463     7.6383     7.7971    32.3381    32.3384    25.8277    25.8275    7.74310 0.0000e+00
       2520     47.891     2.1519     2.1633   2.879691   2.880412     2.4855     2.3740      8.068     0.1388    -0.7288 1.1773e-01    -0.0653   101.6463     7.6416     7.7978    32.3388    32.3362    25.8289    25.8259    7.74473 0.0000e+00
       2523     47.983     2.1591     2.1671   2.880329   2.880849     2.4855     2.3744      8.070     0.1412    -0.7198 1.1787e-01    -0.0653   101.6463     7.6436     7.7961    32.3394    32.3376    25.8288    25.8268    7.74327 0.0000e+00
       2526     48.071     2.1619     2.1809   2.880211   2.881730     2.4855     2.3744      8.070     0.1437    -0.7288 1.1773e-01    -0.0653   101.6463     7.6471     7.7912    32.3350    32.3344    25.8251    25.8232    7.74295 0.0000e+00
       2529     48.136     2.1505     2.1536   2.879630   2.879704     2.4859     2.3748      8.068     0.1437    -0.7109 1.1787e-01    -0.0653   101.6463     7.6525     7.7959    32.3394    32.3372    25.8294    25.8274    7.74497 0.0000e+00
       2698     48.165     2.2052     2.1712   2.884294   2.881910     2.4745     2.3691      8.070     0.1681    -0.7198 1.1787e-01    -0.0639   101.6102     7.6008     7.7506    32.3414    32.3465    25.8269    25.8336    7.73404 0.0000e+00
       2784     48.187     2.2044     2.1735   2.884074   2.882425     2.4684     2.3651      8.067     0.1803    -0.7198 1.1787e-01    -0.0628   101.5831     7.5798     7.7282    32.3395    32.3505    25.8255    25.8366    7.73430 0.0000e+00
       2787     48.211     2.1723     2.1645   2.881960   2.881794     2.4688     2.3651      8.070     0.1754    -0.7288 1.1787e-01    -0.0628   101.5831     7.5897     7.7309    32.3460    32.3519    25.8331    25.8384    7.74032 0.0000e+00
       2790     48.237     2.1603     2.1549   2.881365   2.881148     2.4684     2.3651      8.070     0.1803    -0.7288 1.1773e-01    -0.0632   101.5921     7.5927     7.7331    32.3508    32.3537    25.8378    25.8405    7.74243 0.0000e+00
       2793     48.264     2.1527     2.1500   2.880731   2.880880     2.4688     2.3651      8.070     0.1779    -0.7198 1.1787e-01    -0.0632   101.5921     7.5989     7.7354    32.3507    32.3552    25.8383    25.8422    7.74394 0.0000e+00
       2796     48.293     2.1474     2.1487   2.880586   2.880732     2.4676     2.3651      8.070     0.1754    -0.7288 1.1787e-01    -0.0625   101.5740     7.5973     7.7349    32.3543    32.3548    25.8416    25.8419    7.74481 0.0000e+00
       2799     48.321     2.1536     2.1469   2.881057   2.880555     2.4680     2.3651      8.068     0.1754    -0.0483 1.1773e-01    -0.0632   101.5921     7.6004     7.7362    32.3538    32.3544    25.8407    25.8417    7.74361 0.0000e+00
       2802     48.349     2.1552     2.1475   2.881031   2.880622     2.4684     2.3651      8.070     0.1803     2.0290 1.1787e-01    -0.0628   101.5831     7.6058     7.7366    32.3518    32.3546    25.8390    25.8418    7.74339 0.0000e+00
       2805     48.380     2.1478     2.1453   2.880462   2.880416     2.4688     2.3651      8.070     0.1779     1.9843 1.1773e-01    -0.0628   101.5831     7.6122     7.7379    32.3523    32.3543    25.8400    25.8417    7.74483 0.0000e+00
       2808     48.411     2.1452     2.1442   2.880372   2.880391     2.4684     2.3651      8.068     0.1779     1.9932 1.1773e-01    -0.0628   101.5831     7.6146     7.7391    32.3537    32.3551    25.8413    25.8424    7.74526 0.0000e+00
       2811     48.444     2.1439     2.1454   2.880221   2.880518     2.4688     2.3642      8.067     0.1779     1.9843 1.1773e-01    -0.0628   101.5831     7.6188     7.7369    32.3532    32.3554    25.8410    25.8426    7.74555 0.0000e+00
       2814     48.477     2.1408     2.1461   2.880020   2.880503     2.4688     2.3651      8.065     0.1803     1.9843 1.1787e-01    -0.0625   101.5740     7.6224     7.7408    32.3539    32.3545    25.8417    25.8419    7.74614 0.0000e+00
       2817     48.508     2.1418     2.1455   2.880088   2.880344     2.4697     2.3642      8.065     0.1803     1.9843 1.1773e-01    -0.0646   101.6282     7.6288     7.7387    32.3537    32.3530    25.8415    25.8407    7.74595 0.0000e+00
       2820     48.539     2.1402     2.1408   2.879960   2.880040     2.4688     2.3642      8.065     0.1828     1.9843 1.1787e-01    -0.0657   101.6554     7.6289     7.7418    32.3537    32.3541    25.8416    25.8420    7.74626 0.0000e+00
       2823     48.570     2.1402     2.1406   2.880051   2.880080     2.4701     2.3642      8.067     0.1803     1.9843 1.1787e-01    -0.0657   101.6554     7.6357     7.7452    32.3549    32.3548    25.8426    25.8425    7.74621 0.0000e+00
       2826     48.599     2.1400     2.1407   2.879979   2.880091     2.4709     2.3638      8.065     0.1656     3.7572 1.1787e-01    -0.0657   101.6554     7.6415     7.7493    32.3541    32.3548    25.8420    25.8425    7.74628 0.0000e+00
       2829     48.628     2.1383     2.1434   2.879811   2.880300     2.4709     2.3638      8.065     0.1412     5.4495 1.1787e-01    -0.0653   101.6463     7.6451     7.7569    32.3537    32.3547    25.8418    25.8422    7.74663 0.0000e+00
       2832     48.652     2.1379     2.1448   2.879774   2.880370     2.4713     2.3642      8.065     0.1388     5.3778 1.1787e-01    -0.0664   101.6735     7.6517     7.7678    32.3537    32.3540    25.8418    25.8416    7.74673 0.0000e+00
       3051     48.678     2.1356     2.1403   2.879656   2.879975     2.4717     2.3590      8.064     0.1486     1.5813 1.1787e-01    -0.0635   101.6012     7.6455     7.7414    32.3546    32.3537    25.8426    25.8417    7.74713 0.0000e+00
       3162     48.719     2.1348     2.1391   2.879706   2.879935     2.4717     2.3553      8.062     0.1608    -0.3348 1.1787e-01    -0.0625   101.5740     7.6404     7.7273    32.3560    32.3544    25.8439    25.8423    7.74722 0.0000e+00
       3165     48.757     2.1361     2.1459   2.879744   2.880335     2.4725     2.3557      8.060     0.1559     0.5158 1.1787e-01    -0.0621   101.5650     7.6455     7.7367    32.3551    32.3525    25.8431    25.8402    7.74701 0.0000e+00
       3168     48.790     2.1372     2.1527   2.879609   2.880402     2.4725     2.3561      8.062     0.1437     5.1809 1.1773e-01    -0.0621   101.5650     7.6485     7.7467    32.3523    32.3463    25.8407    25.8348    7.74693 0.0000e+00
       3171     48.816     2.1327     2.1415   2.879342   2.879901     2.4733     2.3561      8.061     0.1437     5.2167 1.1787e-01    -0.0625   101.5740     7.6560     7.7609    32.3535    32.3515    25.8421    25.8398    7.74776 0.0000e+00
       3756     48.845     2.1322     2.1350   2.879232   2.879420     2.4664     2.3512      8.058     0.1486     3.6318 1.1787e-01    -0.0635   101.6011     7.6102     7.7094    32.3527    32.3522    25.8414    25.8408    7.74791 0.0000e+00
       4050     48.928     2.1312     2.1307   2.879130   2.879094     2.4632     2.3492      8.056     0.1486     2.8618 1.1787e-01    -0.0593   101.4926     7.5865     7.6825    32.3524    32.3525    25.8412    25.8414    7.74811 0.0000e+00
       4053     49.020     2.1310     2.1307   2.879157   2.879099     2.4632     2.3488      8.056     0.1535     2.8528 1.1787e-01    -0.0568   101.4293     7.5862     7.6801    32.3529    32.3524    25.8417    25.8413    7.74813 0.0000e+00
       4056     49.113     2.1312     2.1313   2.879166   2.879134     2.4628     2.3488      8.056     0.1437     5.1719 1.1773e-01    -0.0571   101.4383     7.5839     7.6799    32.3528    32.3523    25.8416    25.8412    7.74811 0.0000e+00
       4059     49.201     2.1309     2.1315   2.879158   2.879157     2.4632     2.3492      8.058     0.1388     6.9448 1.1787e-01    -0.0575   101.4474     7.5845     7.6828    32.3529    32.3523    25.8417    25.8412    7.74815 0.0000e+00
       4062     49.286     2.1307     2.1317   2.879141   2.879180     2.4632     2.3484      8.056     0.1437     6.8732 1.1787e-01    -0.0571   101.4383     7.5833     7.6808    32.3528    32.3523    25.8416    25.8412    7.74819 0.0000e+00
       4065     49.363     2.1306     2.1320   2.879136   2.879189     2.4628     2.3488      8.056     0.1437     6.8732 1.1773e-01    -0.0575   101.4474     7.5819     7.6819    32.3528    32.3521    25.8417    25.8410    7.74822 0.0000e+00
       4068     49.433     2.1305     2.1313   2.879114   2.879162     2.4628     2.3488      8.056     0.1412     6.8732 1.1787e-01    -0.0575   101.4474     7.5824     7.6837    32.3526    32.3524    25.8415    25.8413    7.74824 0.0000e+00
       4071     49.501     2.1302     2.1306   2.879115   2.879129     2.4628     2.3484      8.056     0.1437     6.8732 1.1787e-01    -0.0642   101.6192     7.5826     7.6841    32.3529    32.3526    25.8417    25.8415    7.74829 0.0000e+00
       4074     49.565     2.1314     2.1306   2.879166   2.879124     2.4628     2.3492      8.056     0.1412     6.8821 1.1787e-01    -0.0642   101.6192     7.5825     7.6883    32.3523    32.3526    25.8411    25.8415    7.74808 0.0000e+00
       4077     49.632     2.1302     2.1303   2.879064   2.879071     2.4628     2.3480      8.056     0.1412     6.8732 1.1773e-01    -0.0642   101.6192     7.5829     7.6849    32.3522    32.3522    25.8412    25.8412    7.74832 0.0000e+00
       4080     49.695     2.1298     2.1300   2.879056   2.879073     2.4624     2.3488      8.056     0.1437     7.0344 1.1787e-01    -0.0642   101.6192     7.5812     7.6887    32.3526    32.3524    25.8415    25.8414    7.74840 0.0000e+00
       4083     49.756     2.1298     2.1301   2.879065   2.879078     2.4628     2.3492      8.056     0.1412    92.8585 1.1787e-01    -0.0642   101.6192     7.5824     7.6914    32.3526    32.3524    25.8415    25.8414    7.74839 0.0000e+00
       4086     49.816     2.1300     2.1300   2.879039   2.879054     2.4628     2.3488      8.056     0.1412   108.5370 1.1787e-01    -0.0642   101.6192     7.5837     7.6904    32.3521    32.3522    25.8411    25.8412    7.74838 0.0000e+00
       4089     49.873     2.1294     2.1302   2.879016   2.879076     2.4624     2.3484      8.056     0.1388   108.3758 1.1773e-01    -0.0642   101.6192     7.5823     7.6874    32.3523    32.3523    25.8414    25.8412    7.74848 0.0000e+00
       4092     49.931     2.1291     2.1302   2.878998   2.879070     2.4628     2.3492      8.056     0.1388   108.4116 1.1787e-01    -0.0649   101.6373     7.5845     7.6900    32.3523    32.3521    25.8414    25.8411    7.74853 0.0000e+00
       4095     49.991     2.1286     2.1299   2.878963   2.879037     2.4628     2.3492      8.056     0.1437   108.4116 1.1787e-01    -0.0642   101.6192     7.5847     7.6879    32.3524    32.3520    25.8415    25.8410    7.74863 0.0000e+00
       4098     50.049     2.1286     2.1299   2.878976   2.879051     2.4628     2.3492      8.056     0.1437   108.4027 1.1773e-01    -0.0649   101.6373     7.5851     7.6856    32.3526    32.3521    25.8416    25.8411    7.74863 0.0000e+00
       4101     50.110     2.1285     2.1297   2.878967   2.879064     2.4624     2.3492      8.056     0.1388   108.4116 1.1787e-01    -0.0653   101.6463     7.5827     7.6839    32.3525    32.3524    25.8415    25.8414    7.74865 0.0000e+00
       4104     50.170     2.1286     2.1297   2.878967   2.879066     2.4624     2.3492      8.056     0.1412   108.4116 1.1773e-01    -0.0646   101.6282     7.5820     7.6813    32.3524    32.3525    25.8415    25.8415    7.74864 0.0000e+00
       4107     50.232     2.1286     2.1300   2.879032   2.879064     2.4624     2.3488      8.056     0.1461    92.2765 1.1787e-01    -0.0646   101.6282     7.5804     7.6790    32.3532    32.3521    25.8421    25.8411    7.74860 0.0000e+00
       4110     50.292     2.1292     2.1302   2.879043   2.879080     2.4628     2.3492      8.056     0.1412     3.0229 1.1773e-01    -0.0621   101.5650     7.5823     7.6803    32.3527    32.3521    25.8416    25.8411    7.74851 0.0000e+00
       4113     50.354     2.1306     2.1303   2.879148   2.879105     2.4624     2.3488      8.056     0.1437     2.2977 1.1787e-01    -0.0600   101.5107     7.5803     7.6766    32.3525    32.3522    25.8413    25.8412    7.74824 0.0000e+00
       4116     50.414     2.1305     2.1303   2.879109   2.879097     2.4628     2.3484      8.056     0.1437     2.3603 1.1787e-01    -0.0600   101.5107     7.5816     7.6741    32.3520    32.3521    25.8410    25.8411    7.74828 0.0000e+00
