Datasets/AZMP/COO001/79001098.cnv
* Sea-Bird SBE 9 Data File:
* FileName = C:\CTDDATA\79001098.hex
* Software Version Seasave V 7.26.7.110
* Temperature SN = 5660
* Conductivity SN = 3698
* Number of Bytes Per Scan = 30
* Number of Voltage Words = 4
* Number of Scans Averaged by the Deck Unit = 1
* NMEA baud rate = 9600
** VESSEL/TRIP/SEQ STN:  79001098
** LATITUDE XX XX.XX N:  49 22.00 N
** LONGITUDE XX XX.XX W:  51 01.00 W
** SOUNDING DEPTH (M):  0345
** PROBE TYPE: S1257
** CTD NUMBER: 064
** COMMENTS (14 CHAR): BB-09
** BOTTLES:  13
** LEVELS: 5,5,10,20,20,30,40,50,75,100,150,250,BTM
** STICKERS: 435371 - 435383
** VNET: Y
** DO2: N
# nquan = 22
# nvalues = 8562                        
# units = specified
# name 0 = scan: Scan Count
# name 1 = prDM: Pressure, Digiquartz [db]
# name 2 = t090C: Temperature [ITS-90, deg C]
# name 3 = t190C: Temperature, 2 [ITS-90, deg C]
# name 4 = c0S/m: Conductivity [S/m]
# name 5 = c1S/m: Conductivity, 2 [S/m]
# name 6 = sbeox0V: Oxygen raw, SBE 43 [V]
# name 7 = sbeox1V: Oxygen raw, SBE 43, 2 [V]
# name 8 = ph: pH
# name 9 = flECO-AFL: Fluorescence, WET Labs ECO-AFL/FL [mg/m^3]
# name 10 = wetCDOM: Fluorescence, WET Labs CDOM [mg/m^3]
# name 11 = par/sat/log: PAR/Logarithmic, Satlantic [umol photons/m^2/sec]
# name 12 = CStarAt0: Beam Attenuation, WET Labs C-Star [1/m]
# name 13 = CStarTr0: Beam Transmission, WET Labs C-Star [%]
# name 14 = sbeox0ML/L: Oxygen, SBE 43 [ml/l], WS = 2
# name 15 = sbeox1ML/L: Oxygen, SBE 43, 2 [ml/l], WS = 2
# name 16 = sal00: Salinity, Practical [PSU]
# name 17 = sal11: Salinity, Practical, 2 [PSU]
# name 18 = sigma-t00: Density [sigma-t, kg/m^3 ]
# name 19 = sigma-t11: Density, 2 [sigma-t, kg/m^3 ]
# name 20 = oxsatML/L: Oxygen Saturation, Weiss [ml/l]
# name 21 = flag: flag
# span 0 =          2,      67730       
# span 1 =      1.168,    334.415       
# span 2 =     0.4122,     3.3583       
# span 3 =     0.4002,     3.3612       
# span 4 =   2.837937,   3.180835       
# span 5 =   2.838179,   3.180944       
# span 6 =     2.3291,     2.7389       
# span 7 =     2.3054,     2.7045       
# span 8 =      8.097,      8.201       
# span 9 =    -0.0127,     1.0081       
# span 10 =    -0.4048,     2.0035      
# span 11 = 1.0703e-01, 6.0069e-01      
# span 12 =     0.0556,     1.9015      
# span 13 =    62.5744,    98.6196      
# span 14 =     6.2659,     7.6945      
# span 15 =     6.5906,     8.1804      
# span 16 =    33.1046,    34.6451      
# span 17 =    33.1099,    34.6248      
# span 18 =    26.4483,    27.5800      
# span 19 =    26.4525,    27.5535      
# span 20 =    7.39900,    8.03264      
# span 21 = 0.0000e+00, 0.0000e+00      
# interval = scans: 3                   
# start_time = Dec 03 2019 07:44:17 [System UTC, header]
# bad_flag = -9.990e-29
*END*
[from data line 1515]
       7051    123.165     1.9688     1.9455   2.996635   2.995604     2.4921     2.4616      8.151     0.0264     1.6876 1.0790e-01     0.0577    98.5674     6.9098     7.2542    33.9457    33.9577    27.1293    27.1408    7.69742 0.0000e+00
       7054    123.235     1.9640     1.9395   2.996230   2.995046     2.4925     2.4608      8.151     0.0264     1.6876 1.0790e-01     0.0577    98.5674     6.9142     7.2520    33.9456    33.9571    27.1297    27.1408    7.69836 0.0000e+00
       7057    123.307     1.9592     1.9263   2.995893   2.993804     2.4921     2.4608      8.151     0.0264     1.6876 1.0790e-01     0.0577    98.5674     6.9147     7.2544    33.9466    33.9556    27.1308    27.1406    7.69925 0.0000e+00
       7060    123.380     1.9539     1.9125   2.995474   2.992866     2.4921     2.4616      8.151     0.0215     1.6087 1.0790e-01     0.0577    98.5674     6.9161     7.2583    33.9470    33.9588    27.1315    27.1441    7.70028 0.0000e+00
       7063    123.457     1.9460     1.9058   2.994470   2.992603     2.4917     2.4604      8.151     0.0264     1.5692 1.0790e-01     0.0577    98.5674     6.9168     7.2541    33.9428    33.9626    27.1289    27.1477    7.70207 0.0000e+00
       7066    123.536     1.9332     1.9021   2.993130   2.992383     2.4921     2.4604      8.151     0.0313     1.5692 1.0790e-01     0.0577    98.5674     6.9217     7.2543    33.9397    33.9637    27.1273    27.1489    7.70475 0.0000e+00
       7069    123.625     1.9208     1.9004   2.992494   2.992407     2.4917     2.4600      8.151     0.0264     1.5692 1.0802e-01     0.0577    98.5674     6.9235     7.2555    33.9450    33.9658    27.1325    27.1507    7.70692 0.0000e+00
       7072    123.714     1.9118     1.9005   2.992219   2.992487     2.4917     2.4604      8.151     0.0264     1.5692 1.0790e-01     0.0577    98.5674     6.9258     7.2623    33.9512    33.9666    27.1381    27.1514    7.70838 0.0000e+00
       7075    123.801     1.9066     1.8989   2.992313   2.992375     2.4917     2.4604      8.151     0.0313     1.5692 1.0790e-01     0.0581    98.5587     6.9286     7.2680    33.9579    33.9669    27.1439    27.1517    7.70906 0.0000e+00
       7078    123.894     1.9041     1.8961   2.992303   2.992141     2.4921     2.4595      8.151     0.0264     1.5692 1.0802e-01     0.0577    98.5674     6.9309     7.2696    33.9604    33.9669    27.1461    27.1519    7.70942 0.0000e+00
       7081    123.989     1.9014     1.8909   2.992124   2.991608     2.4917     2.4595      8.151     0.0313     1.5692 1.0790e-01     0.0577    98.5674     6.9294     7.2738    33.9609    33.9658    27.1467    27.1514    7.70992 0.0000e+00
       7084    124.087     1.8980     1.8822   2.991689   2.990986     2.4909     2.4600      8.151     0.0361     1.5692 1.0790e-01     0.0581    98.5587     6.9270     7.2814    33.9591    33.9672    27.1455    27.1532    7.71068 0.0000e+00
       7087    124.187     1.8913     1.8762   2.990912   2.990656     2.4905     2.4591      8.151     0.0264     1.6876 1.0802e-01     0.0577    98.5674     6.9268     7.2855    33.9564    33.9695    27.1439    27.1555    7.71215 0.0000e+00
       7090    124.290     1.8841     1.8731   2.990504   2.990489     2.4917     2.4595      8.152     0.0313     1.8060 1.0790e-01     0.0581    98.5587     6.9327     7.2924    33.9590    33.9707    27.1465    27.1567    7.71345 0.0000e+00
       7093    124.391     1.8789     1.8699   2.990328   2.990201     2.4909     2.4604      8.152     0.0264     1.8060 1.0790e-01     0.0581    98.5587     6.9314     7.3004    33.9623    33.9704    27.1495    27.1567    7.71429 0.0000e+00
       7096    124.490     1.8755     1.8680   2.990204   2.990106     2.4917     2.4612      8.152     0.0264     1.8060 1.0790e-01     0.0577    98.5674     6.9358     7.3059    33.9644    33.9712    27.1515    27.1576    7.71487 0.0000e+00
       7099    124.590     1.8726     1.8662   2.989987   2.989906     2.4921     2.4604      8.149     0.0264     1.8060 1.0790e-01     0.0581    98.5587     6.9382     7.3063    33.9647    33.9706    27.1519    27.1571    7.71542 0.0000e+00
       7102    124.689     1.8703     1.8649   2.989846   2.989858     2.4909     2.4604      8.150     0.0264     1.8060 1.0790e-01     0.0581    98.5587     6.9351     7.3078    33.9654    33.9713    27.1526    27.1578    7.71584 0.0000e+00
       7105    124.790     1.8681     1.8641   2.989700   2.989780     2.4905     2.4608      8.152     0.0215     1.8060 1.0802e-01     0.0584    98.5501     6.9360     7.3093    33.9659    33.9712    27.1532    27.1578    7.71626 0.0000e+00
       7108    124.883     1.8668     1.8623   2.989676   2.989682     2.4905     2.4612      8.150     0.0264     1.8060 1.0790e-01     0.0577    98.5674     6.9372     7.3089    33.9669    33.9718    27.1541    27.1584    7.71646 0.0000e+00
       7111    124.978     1.8659     1.8618   2.989631   2.989651     2.4905     2.4612      8.152     0.0264     1.8060 1.0790e-01     0.0577    98.5674     6.9373     7.3075    33.9672    33.9719    27.1544    27.1585    7.71662 0.0000e+00
       7114    125.067     1.8652     1.8614   2.989563   2.989638     2.4913     2.4616      8.150     0.0215     1.8060 1.0790e-01     0.0577    98.5674     6.9414     7.3047    33.9671    33.9721    27.1544    27.1587    7.71676 0.0000e+00
       7117    125.152     1.8645     1.8611   2.989548   2.989593     2.4909     2.4616      8.149     0.0264     1.8060 1.0790e-01     0.0577    98.5674     6.9419     7.3016    33.9676    33.9718    27.1548    27.1585    7.71687 0.0000e+00
       7120    125.232     1.8638     1.8608   2.989464   2.989568     2.4913     2.4616      8.149     0.0313     1.8060 1.0790e-01     0.0577    98.5674     6.9428     7.3001    33.9672    33.9718    27.1546    27.1585    7.71703 0.0000e+00
       7123    125.304     1.8630     1.8602   2.989421   2.989539     2.4909     2.4616      8.150     0.0264     1.8060 1.0790e-01     0.0577    98.5674     6.9431     7.3001    33.9676    33.9720    27.1550    27.1587    7.71718 0.0000e+00
       7126    125.370     1.8624     1.8594   2.989428   2.989504     2.4905     2.4616      8.149     0.0264     1.8060 1.0790e-01     0.0577    98.5674     6.9436     7.2976    33.9682    33.9724    27.1555    27.1591    7.71726 0.0000e+00
       7129    125.429     1.8618     1.8594   2.989406   2.989557     2.4917     2.4616      8.149     0.0361     1.8060 1.0790e-01     0.0577    98.5674     6.9481     7.2954    33.9685    33.9731    27.1558    27.1597    7.71736 0.0000e+00
       7132    125.482     1.8617     1.8602   2.989376   2.989656     2.4909     2.4616      8.152     0.0264     1.8060 1.0790e-01     0.0577    98.5674     6.9455     7.2922    33.9683    33.9734    27.1557    27.1599    7.71740 0.0000e+00
       7135    125.527     1.8616     1.8611   2.989459   2.989710     2.4917     2.4616      8.149     0.0313     1.8060 1.0790e-01     0.0581    98.5587     6.9477     7.2898    33.9694    33.9731    27.1565    27.1595    7.71735 0.0000e+00
       7138    125.563     1.8642     1.8618   2.990240   2.989785     2.4921     2.4616      8.150     0.0264     1.8060 1.0790e-01     0.0577    98.5674     6.9482     7.2879    33.9764    33.9732    27.1619    27.1596    7.71648 0.0000e+00
       7141    125.594     1.8694     1.8624   2.991082   2.989822     2.4913     2.4616      8.150     0.0264     1.8060 1.0790e-01     0.0577    98.5674     6.9445     7.2878    33.9814    33.9730    27.1656    27.1594    7.71520 0.0000e+00
       7195    125.628     1.9090     1.8630   2.993358   2.989818     2.4917     2.4599      8.150     0.0313     1.6481 1.0790e-01     0.0588    98.5414     6.9356     7.2625    33.9674    33.9723    27.1513    27.1588    7.70810 0.0000e+00
       7224    125.687     1.9259     1.8625   2.994007   2.989808     2.4921     2.4591      8.150     0.0264     1.5692 1.0827e-01     0.0595    98.5240     6.9309     7.2492    33.9573    33.9727    27.1420    27.1591    7.70527 0.0000e+00
       7227    125.757     1.9261     1.8626   2.994066   2.989871     2.4905     2.4591      8.151     0.0264     1.5692 1.0802e-01     0.0598    98.5153     6.9241     7.2474    33.9579    33.9734    27.1424    27.1597    7.70521 0.0000e+00
       7230    125.831     1.9200     1.8629   2.993042   2.989943     2.4917     2.4579      8.151     0.0313     1.5692 1.0790e-01     0.0598    98.5153     6.9291     7.2412    33.9515    33.9739    27.1377    27.1600    7.70675 0.0000e+00
       7233    125.918     1.9157     1.8628   2.993269   2.989923     2.4913     2.4579      8.151     0.0264     1.5692 1.0790e-01     0.0598    98.5153     6.9263     7.2355    33.9589    33.9737    27.1440    27.1599    7.70721 0.0000e+00
       7236    126.011     1.9154     1.8630   2.993401   2.990012     2.4925     2.4579      8.150     0.0264     1.5692 1.0802e-01     0.0598    98.5153     6.9286     7.2289    33.9608    33.9745    27.1455    27.1605    7.70716 0.0000e+00
       7239    126.116     1.9156     1.8637   2.993458   2.990132     2.4917     2.4575      8.151     0.0264     1.5692 1.0790e-01     0.0595    98.5240     6.9239     7.2216    33.9612    33.9752    27.1459    27.1610    7.70710 0.0000e+00
       7242    126.228     1.9164     1.8670   2.993388   2.990433     2.4897     2.4567      8.151     0.0264     1.5692 1.0802e-01     0.0598    98.5153     6.9137     7.2134    33.9594    33.9754    27.1444    27.1609    7.70703 0.0000e+00
       7245    126.348     1.9111     1.8719   2.992489   2.990704     2.4909     2.4567      8.151     0.0264     1.7665 1.0790e-01     0.0595    98.5240     6.9164     7.2095    33.9537    33.9735    27.1402    27.1590    7.70837 0.0000e+00
       7248    126.472     1.9062     1.8691   2.992478   2.990375     2.4905     2.4567      8.150     0.0264     1.8060 1.0790e-01     0.0591    98.5327     6.9156     7.2076    33.9588    33.9723    27.1447    27.1583    7.70909 0.0000e+00
       7251    126.613     1.9036     1.8707   2.992267   2.991554     2.4905     2.4555      8.151     0.0264     1.8060 1.0790e-01     0.0591    98.5327     6.9162     7.2015    33.9589    33.9853    27.1449    27.1686    7.70959 0.0000e+00
       7254    126.763     1.8937     1.8878   2.990818   2.993942     2.4909     2.4555      8.151     0.0264     1.8060 1.0790e-01     0.0588    98.5414     6.9171     7.1980    33.9513    33.9968    27.1396    27.1765    7.71195 0.0000e+00
       7257    126.917     1.8815     1.9033   2.990691   2.995340     2.4897     2.4543      8.150     0.0264     1.8060 1.0790e-01     0.0588    98.5414     6.9129     7.1905    33.9626    33.9976    27.1496    27.1760    7.71376 0.0000e+00
       7260    127.078     1.8837     1.9089   2.993665   2.995793     2.4901     2.4539      8.152     0.0313     1.8060 1.0790e-01     0.0588    98.5414     6.9138     7.1878    33.9976    33.9972    27.1774    27.1752    7.71152 0.0000e+00
       7263    127.244     1.8952     1.9105   2.995357   2.995929     2.4889     2.4530      8.148     0.0264     1.8060 1.0790e-01     0.0588    98.5414     6.9089     7.1895    34.0064    33.9971    27.1836    27.1751    7.70879 0.0000e+00
       7266    127.417     1.9027     1.9094   2.995669   2.995910     2.4885     2.4530      8.150     0.0313     1.8060 1.0790e-01     0.0588    98.5414     6.9050     7.1951    34.0021    33.9979    27.1796    27.1758    7.70752 0.0000e+00
       7269    127.595     1.9066     1.9076   2.995772   2.995897     2.4885     2.4526      8.150     0.0264     1.7665 1.0790e-01     0.0581    98.5587     6.9024     7.1999    33.9991    33.9995    27.1769    27.1772    7.70691 0.0000e+00
       7272    127.777     1.9081     1.9068   2.995733   2.995880     2.4889     2.4522      8.148     0.0264     1.6876 1.0790e-01     0.0577    98.5674     6.9054     7.2066    33.9969    34.0002    27.1750    27.1778    7.70673 0.0000e+00
       7275    127.962     1.9082     1.9060   2.995727   2.995862     2.4889     2.4518      8.147     0.0361     1.6876 1.0790e-01     0.0581    98.5587     6.9073     7.2138    33.9966    34.0006    27.1748    27.1782    7.70672 0.0000e+00
       7278    128.147     1.9078     1.9056   2.995717   2.995865     2.4873     2.4518      8.150     0.0264     1.6876 1.0790e-01     0.0577    98.5674     6.9024     7.2215    33.9968    34.0011    27.1750    27.1786    7.70679 0.0000e+00
       7281    128.334     1.9070     1.9040   2.995682   2.995832     2.4877     2.4514      8.147     0.0264     1.6876 1.0802e-01     0.0577    98.5674     6.9069     7.2280    33.9972    34.0022    27.1754    27.1796    7.70694 0.0000e+00
       7284    128.522     1.9061     1.9031   2.995642   2.995790     2.4885     2.4510      8.148     0.0264     1.6876 1.0802e-01     0.0577    98.5674     6.9123     7.2336    33.9975    34.0025    27.1757    27.1799    7.70710 0.0000e+00
       7287    128.709     1.9049     1.9009   2.995592   2.995580     2.4869     2.4518      8.148     0.0264     1.6876 1.0802e-01     0.0577    98.5674     6.9082     7.2433    33.9980    34.0022    27.1762    27.1798    7.70730 0.0000e+00
       7290    128.891     1.9020     1.8952   2.995090   2.995053     2.4869     2.4518      8.148     0.0264     1.6876 1.0802e-01     0.0581    98.5587     6.9106     7.2508    33.9948    34.0016    27.1738    27.1798    7.70805 0.0000e+00
       7293    129.066     1.8970     1.8849   2.994670   2.994067     2.4864     2.4518      8.150     0.0264     1.6876 1.0790e-01     0.0577    98.5674     6.9122     7.2592    33.9948    34.0002    27.1742    27.1794    7.70904 0.0000e+00
       7296    129.240     1.8914     1.8713   2.993922   2.993030     2.4881     2.4518      8.148     0.0264     1.6481 1.0790e-01     0.0577    98.5674     6.9210     7.2657    33.9913    34.0017    27.1719    27.1817    7.71033 0.0000e+00
       7299    129.406     1.8816     1.8608   2.992894   2.992266     2.4869     2.4518      8.147     0.0117     1.5692 1.0802e-01     0.0577    98.5674     6.9213     7.2712    33.9889    34.0033    27.1706    27.1837    7.71239 0.0000e+00
       7302    129.562     1.8717     1.8493   2.992205   2.991184     2.4864     2.4518      8.147     0.0117     1.5692 1.0815e-01     0.0577    98.5674     6.9231     7.2758    33.9907    34.0020    27.1728    27.1836    7.71424 0.0000e+00
       7305    129.711     1.8626     1.8317   2.991509   2.989781     2.4873     2.4518      8.149     0.0068     1.5692 1.0790e-01     0.0581    98.5587     6.9282     7.2810    33.9916    34.0032    27.1743    27.1859    7.71599 0.0000e+00
       7308    129.850     1.8530     1.8183   2.990572   2.988971     2.4869     2.4526      8.147     0.0117     1.5692 1.0790e-01     0.0588    98.5414     6.9293     7.2851    33.9901    34.0074    27.1738    27.1902    7.71798 0.0000e+00
       7311    129.980     1.8413     1.8107   2.989579   2.988534     2.4864     2.4522      8.147     0.0117     1.5692 1.0790e-01     0.0588    98.5414     6.9309     7.2840    33.9902    34.0100    27.1747    27.1929    7.72029 0.0000e+00
       7314    130.098     1.8312     1.8070   2.989091   2.988376     2.4877     2.4530      8.147     0.0117     1.5692 1.0790e-01     0.0588    98.5414     6.9374     7.2874    33.9948    34.0119    27.1792    27.1947    7.72205 0.0000e+00
       7317    130.206     1.8243     1.8046   2.988947   2.988151     2.4873     2.4526      8.147     0.0117     1.5692 1.0790e-01     0.0588    98.5414     6.9368     7.2858    34.0004    34.0116    27.1842    27.1947    7.72313 0.0000e+00
       7320    130.302     1.8207     1.8025   2.988867   2.988035     2.4869     2.4530      8.147     0.0117     1.5692 1.0790e-01     0.0584    98.5501     6.9344     7.2878    34.0033    34.0124    27.1868    27.1955    7.72370 0.0000e+00
