Datasets/AZMP/COO001/79001027.cnv
* Sea-Bird SBE 9 Data File:
* FileName = C:\CTDDATA\79001027.hex
* Software Version Seasave V 7.26.7.110
* Temperature SN = 5660
* Conductivity SN = 3698
* Number of Bytes Per Scan = 30
* Number of Voltage Words = 4
* Number of Scans Averaged by the Deck Unit = 1
* NMEA baud rate = 9600
** VESSEL/TRIP/SEQ STN:  79001027
** LATITUDE XX XX.XX N:  44 43.50 N
** LONGITUDE XX XX.XX W:  51 23.70 W
** SOUNDING DEPTH (M):  0074
** PROBE TYPE: S1257
** CTD NUMBER: 014
** COMMENTS (14 CHAR): SEGB-09
** BOTTLES:  11
** LEVELS: 5,5,10,20,20,30,40,50,50,BTM,BTM
** STICKERS: 434773 - 434783
** VNET: Y
** DO2: Y
# nquan = 22
# nvalues = 1799                        
# units = specified
# name 0 = scan: Scan Count
# name 1 = prDM: Pressure, Digiquartz [db]
# name 2 = t090C: Temperature [ITS-90, deg C]
# name 3 = t190C: Temperature, 2 [ITS-90, deg C]
# name 4 = c0S/m: Conductivity [S/m]
# name 5 = c1S/m: Conductivity, 2 [S/m]
# name 6 = sbeox0V: Oxygen raw, SBE 43 [V]
# name 7 = sbeox1V: Oxygen raw, SBE 43, 2 [V]
# name 8 = ph: pH
# name 9 = flECO-AFL: Fluorescence, WET Labs ECO-AFL/FL [mg/m^3]
# name 10 = wetCDOM: Fluorescence, WET Labs CDOM [mg/m^3]
# name 11 = par/sat/log: PAR/Logarithmic, Satlantic [umol photons/m^2/sec]
# name 12 = CStarAt0: Beam Attenuation, WET Labs C-Star [1/m]
# name 13 = CStarTr0: Beam Transmission, WET Labs C-Star [%]
# name 14 = sbeox0ML/L: Oxygen, SBE 43 [ml/l], WS = 2
# name 15 = sbeox1ML/L: Oxygen, SBE 43, 2 [ml/l], WS = 2
# name 16 = sal00: Salinity, Practical [PSU]
# name 17 = sal11: Salinity, Practical, 2 [PSU]
# name 18 = sigma-t00: Density [sigma-t, kg/m^3 ]
# name 19 = sigma-t11: Density, 2 [sigma-t, kg/m^3 ]
# name 20 = oxsatML/L: Oxygen Saturation, Weiss [ml/l]
# name 21 = flag: flag
# span 0 =         57,      35739       
# span 1 =      0.279,     68.735       
# span 2 =     1.7130,     6.6524       
# span 3 =     1.7098,     6.6482       
# span 4 =   2.869988,   3.246225       
# span 5 =   1.011526,   3.246540       
# span 6 =     2.6030,     2.9490       
# span 7 =     2.4128,     2.7334       
# span 8 =      8.002,      8.173       
# span 9 =     0.1583,     1.9458       
# span 10 =     0.3848,    44.4434      
# span 11 = 1.0715e-01, 3.3018e+00      
# span 12 =     0.1649,    55.2620      
# span 13 =    -0.0269,    95.9605      
# span 14 =     6.3328,     8.2858      
# span 15 =     5.3313,     6.9958      
# span 16 =    31.6990,    33.3447      
# span 17 =     9.0526,    32.7258      
# span 18 =    25.0380,    26.6016      
# span 19 =     7.0661,    26.1389      
# span 20 =    6.94036,    7.81564      
# span 21 = 0.0000e+00, 0.0000e+00      
# interval = scans: 3                   
# start_time = Nov 24 2019 06:51:24 [System UTC, header]
# bad_flag = -9.990e-29
*END*
[from data line 1581]
      25116     15.474     6.6403     6.6414   3.245369   3.245601     2.9136     2.7231      8.172     0.8958     1.5692 1.0777e-01     0.1736    95.7519     7.3593     6.1697    32.2262    32.2276    25.2813    25.2823    6.94241 0.0000e+00
      25119     15.348     6.6403     6.6412   3.245377   3.245574     2.9132     2.7231      8.170     0.9055     1.5692 1.0777e-01     0.1736    95.7519     7.3552     6.1679    32.2263    32.2276    25.2814    25.2823    6.94241 0.0000e+00
      25122     15.221     6.6403     6.6407   3.245367   3.245573     2.9124     2.7231      8.170     0.8909     1.5692 1.0777e-01     0.1736    95.7519     7.3503     6.1667    32.2263    32.2281    25.2814    25.2828    6.94241 0.0000e+00
      25125     15.097     6.6402     6.6407   3.245336   3.245544     2.9116     2.7231      8.170     0.8958     1.5692 1.0777e-01     0.1736    95.7519     7.3462     6.1642    32.2260    32.2279    25.2812    25.2825    6.94243 0.0000e+00
      25128     14.972     6.6400     6.6407   3.245358   3.245534     2.9112     2.7235      8.170     0.8958     1.5692 1.0752e-01     0.1736    95.7519     7.3439     6.1633    32.2265    32.2278    25.2816    25.2826    6.94244 0.0000e+00
      25131     14.853     6.6401     6.6405   3.245344   3.245528     2.9108     2.7239      8.170     0.8909     1.5692 1.0777e-01     0.1736    95.7519     7.3423     6.1630    32.2263    32.2279    25.2814    25.2827    6.94243 0.0000e+00
      25134     14.736     6.6403     6.6405   3.245336   3.245493     2.9096     2.7231      8.172     0.9006     1.5692 1.0777e-01     0.1729    95.7693     7.3387     6.1604    32.2261    32.2277    25.2813    25.2825    6.94241 0.0000e+00
      25137     14.620     6.6405     6.6402   3.245375   3.245483     2.9087     2.7231      8.170     0.9690     1.5692 1.0777e-01     0.1725    95.7780     7.3362     6.1607    32.2264    32.2279    25.2814    25.2827    6.94236 0.0000e+00
      25140     14.507     6.6406     6.6404   3.245357   3.245483     2.9075     2.7231      8.170     1.0618     1.5692 1.0777e-01     0.1725    95.7780     7.3341     6.1609    32.2262    32.2278    25.2813    25.2826    6.94236 0.0000e+00
      25143     14.402     6.6406     6.6398   3.245355   3.245417     2.9079     2.7231      8.170     1.0667     1.5692 1.0765e-01     0.1725    95.7780     7.3376     6.1617    32.2262    32.2276    25.2813    25.2825    6.94236 0.0000e+00
      25146     14.302     6.6407     6.6395   3.245384   3.245380     2.9075     2.7231      8.170     1.0618     1.5692 1.0777e-01     0.1725    95.7780     7.3393     6.1623    32.2265    32.2276    25.2815    25.2825    6.94233 0.0000e+00
      25149     14.210     6.6407     6.6395   3.245388   3.245410     2.9063     2.7231      8.170     1.0520     1.5692 1.0777e-01     0.1725    95.7780     7.3387     6.1631    32.2265    32.2280    25.2816    25.2829    6.94232 0.0000e+00
      25152     14.120     6.6410     6.6394   3.245407   3.245422     2.9059     2.7231      8.170     1.0667     1.5692 1.0765e-01     0.1729    95.7693     7.3403     6.1647    32.2265    32.2282    25.2815    25.2830    6.94227 0.0000e+00
      25155     14.037     6.6411     6.6392   3.245397   3.245373     2.9063     2.7235      8.170     1.0667     1.5692 1.0777e-01     0.1758    95.6998     7.3445     6.1681    32.2263    32.2279    25.2813    25.2828    6.94226 0.0000e+00
      25158     13.959     6.6411     6.6392   3.245368   3.245380     2.9055     2.7243      8.170     1.0618     1.5692 1.0790e-01     0.1758    95.6998     7.3452     6.1723    32.2261    32.2280    25.2812    25.2829    6.94229 0.0000e+00
      25161     13.885     6.6411     6.6391   3.245401   3.245391     2.9051     2.7239      8.170     1.0569     1.5692 1.0752e-01     0.1758    95.6998     7.3461     6.1719    32.2265    32.2283    25.2814    25.2831    6.94226 0.0000e+00
      25164     13.816     6.6411     6.6388   3.245381   3.245333     2.9059     2.7239      8.172     0.8909     1.5692 1.0777e-01     0.1758    95.6998     7.3504     6.1723    32.2263    32.2279    25.2813    25.2829    6.94227 0.0000e+00
      25167     13.750     6.6410     6.6389   3.245386   3.245377     2.9055     2.7243      8.170     0.8371     1.5692 1.0777e-01     0.1758    95.6998     7.3519     6.1729    32.2265    32.2283    25.2814    25.2832    6.94227 0.0000e+00
      25170     13.688     6.6411     6.6392   3.245373   3.245382     2.9055     2.7243      8.170     0.8371     1.5692 1.0765e-01     0.1758    95.6998     7.3543     6.1722    32.2262    32.2282    25.2812    25.2830    6.94227 0.0000e+00
      25173     13.627     6.6411     6.6394   3.245344   3.245390     2.9059     2.7247      8.170     0.8371     1.4902 1.0752e-01     0.1751    95.7172     7.3566     6.1716    32.2260    32.2281    25.2811    25.2829    6.94229 0.0000e+00
      25176     13.572     6.6410     6.6396   3.245345   3.245383     2.9051     2.7255      8.170     0.8420     1.4112 1.0777e-01     0.1736    95.7519     7.3546     6.1712    32.2261    32.2279    25.2811    25.2827    6.94229 0.0000e+00
      25179     13.518     6.6409     6.6395   3.245335   3.245391     2.9051     2.7255      8.172     0.8371     1.4507 1.0765e-01     0.1736    95.7519     7.3544     6.1677    32.2261    32.2281    25.2812    25.2829    6.94231 0.0000e+00
      25182     13.468     6.6409     6.6394   3.245316   3.245390     2.9051     2.7255      8.170     0.8420     1.4507 1.0765e-01     0.1736    95.7519     7.3546     6.1643    32.2259    32.2281    25.2810    25.2830    6.94232 0.0000e+00
      25185     13.417     6.6406     6.6394   3.245316   3.245383     2.9051     2.7255      8.170     0.8322     1.4507 1.0777e-01     0.1736    95.7519     7.3532     6.1616    32.2263    32.2281    25.2813    25.2829    6.94236 0.0000e+00
      25188     13.369     6.6403     6.6394   3.245246   3.245357     2.9055     2.7255      8.170     0.8322     1.4507 1.0765e-01     0.1736    95.7519     7.3538     6.1583    32.2258    32.2278    25.2810    25.2827    6.94242 0.0000e+00
      25191     13.322     6.6402     6.6393   3.245245   3.245385     2.9063     2.7251      8.172     0.8665     1.4507 1.0777e-01     0.1736    95.7519     7.3555     6.1544    32.2259    32.2282    25.2811    25.2830    6.94244 0.0000e+00
      25194     13.278     6.6402     6.6394   3.245312   3.245363     2.9055     2.7251      8.170     0.8762     1.4507 1.0790e-01     0.1736    95.7519     7.3519     6.1520    32.2266    32.2280    25.2817    25.2828    6.94240 0.0000e+00
      25197     13.236     6.6400     6.6394   3.245284   3.245344     2.9051     2.7247      8.172     0.8665     1.4507 1.0777e-01     0.1736    95.7519     7.3497     6.1483    32.2266    32.2278    25.2816    25.2827    6.94244 0.0000e+00
      25200     13.191     6.6402     6.6393   3.245292   3.245360     2.9051     2.7243      8.170     0.8713     1.4507 1.0777e-01     0.1736    95.7519     7.3487     6.1460    32.2265    32.2280    25.2816    25.2829    6.94241 0.0000e+00
      25203     13.148     6.6401     6.6392   3.245284   3.245344     2.9047     2.7235      8.170     0.8665     1.4507 1.0777e-01     0.1736    95.7519     7.3458     6.1443    32.2265    32.2280    25.2816    25.2829    6.94243 0.0000e+00
      25206     13.105     6.6400     6.6393   3.245284   3.245385     2.9051     2.7231      8.170     0.8616     1.4507 1.0765e-01     0.1736    95.7519     7.3457     6.1442    32.2266    32.2284    25.2817    25.2832    6.94244 0.0000e+00
      25209     13.062     6.6399     6.6396   3.245267   3.245402     2.9038     2.7231      8.172     0.8665     1.4507 1.0777e-01     0.1736    95.7519     7.3407     6.1456    32.2265    32.2283    25.2816    25.2830    6.94245 0.0000e+00
      25212     13.018     6.6399     6.6399   3.245271   3.245414     2.9047     2.7231      8.170     0.8665     1.4507 1.0777e-01     0.1736    95.7519     7.3430     6.1474    32.2266    32.2281    25.2817    25.2829    6.94245 0.0000e+00
      25215     12.973     6.6400     6.6399   3.245259   3.245376     2.9038     2.7231      8.172     0.8665     1.4507 1.0765e-01     0.1715    95.8041     7.3406     6.1493    32.2264    32.2278    25.2815    25.2827    6.94245 0.0000e+00
      25218     12.929     6.6399     6.6396   3.245263   3.245374     2.9038     2.7227      8.172     0.8665     1.4507 1.0765e-01     0.1711    95.8128     7.3417     6.1506    32.2266    32.2280    25.2817    25.2828    6.94246 0.0000e+00
      25221     12.883     6.6399     6.6396   3.245233   3.245372     2.9034     2.7227      8.170     0.8713     1.4507 1.0790e-01     0.1715    95.8041     7.3404     6.1529    32.2262    32.2281    25.2814    25.2829    6.94247 0.0000e+00
      25224     12.837     6.6399     6.6395   3.245250   3.245355     2.9034     2.7227      8.172     0.8616     1.4507 1.0777e-01     0.1711    95.8128     7.3402     6.1546    32.2265    32.2280    25.2816    25.2828    6.94246 0.0000e+00
      25227     12.794     6.6400     6.6395   3.245226   3.245356     2.9026     2.7231      8.170     0.8713     1.4507 1.0777e-01     0.1715    95.8041     7.3380     6.1579    32.2261    32.2280    25.2813    25.2829    6.94246 0.0000e+00
      25230     12.753     6.6401     6.6395   3.245220   3.245361     2.9030     2.7231      8.170     0.8665     1.4507 1.0777e-01     0.1711    95.8128     7.3394     6.1587    32.2260    32.2281    25.2812    25.2830    6.94245 0.0000e+00
      25233     12.713     6.6398     6.6394   3.245228   3.245353     2.9030     2.7231      8.170     0.8665     1.4507 1.0777e-01     0.1715    95.8041     7.3396     6.1589    32.2263    32.2281    25.2815    25.2830    6.94248 0.0000e+00
      25236     12.676     6.6398     6.6394   3.245216   3.245323     2.9030     2.7231      8.170     0.8713     1.4507 1.0765e-01     0.1715    95.8041     7.3397     6.1599    32.2263    32.2278    25.2814    25.2827    6.94249 0.0000e+00
      25239     12.640     6.6397     6.6393   3.245220   3.245351     2.9026     2.7231      8.172     0.8713     1.4507 1.0777e-01     0.1715    95.8041     7.3387     6.1598    32.2265    32.2282    25.2816    25.2830    6.94250 0.0000e+00
      25242     12.607     6.6397     6.6392   3.245232   3.245335     2.9026     2.7231      8.172     0.8469     1.4507 1.0777e-01     0.1715    95.8041     7.3388     6.1597    32.2265    32.2282    25.2817    25.2830    6.94248 0.0000e+00
      25245     12.576     6.6395     6.6394   3.245205   3.245343     2.9018     2.7231      8.170     0.8273     1.4507 1.0777e-01     0.1715    95.8041     7.3360     6.1586    32.2264    32.2281    25.2816    25.2830    6.94252 0.0000e+00
      25249     12.541     6.6394     6.6396   3.245194   3.245324     2.9014     2.7235      8.172     0.8273     1.4507 1.0777e-01     0.1715    95.8041     7.3336     6.1587    32.2265    32.2277    25.2817    25.2826    6.94255 0.0000e+00
      25310     12.503     6.6393     6.6389   3.245165   3.245304     2.9014     2.7260      8.170     0.8371     1.5692 1.0752e-01     0.1715    95.8041     7.3447     6.1742    32.2263    32.2281    25.2815    25.2830    6.94257 0.0000e+00
      25342     12.423     6.6391     6.6387   3.245142   3.245274     2.9014     2.7272      8.170     0.8469     1.5692 1.0790e-01     0.1718    95.7954     7.3503     6.1812    32.2263    32.2280    25.2815    25.2830    6.94260 0.0000e+00
      25345     12.334     6.6391     6.6388   3.245165   3.245274     2.9014     2.7272      8.172     0.8616     1.5692 1.0765e-01     0.1715    95.8041     7.3490     6.1800    32.2265    32.2280    25.2817    25.2830    6.94259 0.0000e+00
      25348     12.236     6.6392     6.6387   3.245140   3.245208     2.9014     2.7276      8.170     1.0032     1.5692 1.0752e-01     0.1722    95.7867     7.3482     6.1801    32.2262    32.2274    25.2815    25.2825    6.94259 0.0000e+00
      25351     12.130     6.6391     6.6385   3.245099   3.245192     2.9014     2.7272      8.170     1.0081     1.5692 1.0765e-01     0.1715    95.8041     7.3478     6.1774    32.2259    32.2275    25.2812    25.2825    6.94262 0.0000e+00
      25354     12.016     6.6391     6.6384   3.245106   3.245205     2.9014     2.7280      8.170     1.0081     1.5692 1.0752e-01     0.1718    95.7954     7.3472     6.1771    32.2260    32.2278    25.2813    25.2828    6.94261 0.0000e+00
      25357     11.894     6.6389     6.6385   3.245103   3.245245     2.9014     2.7276      8.170     1.0178     1.5692 1.0790e-01     0.1736    95.7519     7.3464     6.1748    32.2263    32.2281    25.2816    25.2831    6.94264 0.0000e+00
      25360     11.762     6.6389     6.6386   3.245116   3.245238     2.9018     2.7280      8.170     1.0227     1.5692 1.0790e-01     0.1736    95.7519     7.3466     6.1751    32.2264    32.2280    25.2817    25.2830    6.94262 0.0000e+00
      25363     11.625     6.6389     6.6385   3.245077   3.245206     2.9022     2.7280      8.170     1.0178     1.5692 1.0752e-01     0.1736    95.7519     7.3470     6.1741    32.2261    32.2279    25.2814    25.2829    6.94264 0.0000e+00
      25366     11.487     6.6387     6.6386   3.245077   3.245212     2.9018     2.7280      8.172     1.0130     1.5692 1.0790e-01     0.1736    95.7519     7.3453     6.1729    32.2263    32.2279    25.2816    25.2829    6.94266 0.0000e+00
      25369     11.342     6.6388     6.6387   3.245054   3.245222     2.9014     2.7280      8.172     1.0081     1.5692 1.0777e-01     0.1736    95.7519     7.3435     6.1720    32.2261    32.2280    25.2814    25.2829    6.94266 0.0000e+00
      25372     11.193     6.6386     6.6387   3.245043   3.245216     2.9022     2.7280      8.170     0.9641     1.5692 1.0765e-01     0.1736    95.7519     7.3455     6.1703    32.2262    32.2280    25.2815    25.2830    6.94269 0.0000e+00
      25375     11.042     6.6385     6.6387   3.245006   3.245194     2.9018     2.7280      8.172     0.8469     1.5692 1.0777e-01     0.1732    95.7606     7.3438     6.1682    32.2259    32.2279    25.2814    25.2829    6.94271 0.0000e+00
      25378     10.889     6.6384     6.6386   3.245004   3.245202     2.9018     2.7280      8.172     0.8518     1.5692 1.0790e-01     0.1725    95.7780     7.3431     6.1662    32.2261    32.2281    25.2815    25.2830    6.94273 0.0000e+00
      25381     10.734     6.6383     6.6387   3.245012   3.245211     2.9014     2.7280      8.172     0.8518     1.5692 1.0777e-01     0.1725    95.7780     7.3411     6.1647    32.2264    32.2281    25.2817    25.2830    6.94273 0.0000e+00
      25384     10.578     6.6383     6.6387   3.245006   3.245190     2.9014     2.7280      8.172     0.8518     1.6876 1.0765e-01     0.1725    95.7780     7.3407     6.1635    32.2263    32.2279    25.2817    25.2829    6.94272 0.0000e+00
      25387     10.426     6.6382     6.6388   3.245002   3.245193     2.9018     2.7280      8.172     0.8616     1.6876 1.0765e-01     0.1725    95.7780     7.3416     6.1624    32.2265    32.2280    25.2818    25.2829    6.94274 0.0000e+00
      25390     10.276     6.6383     6.6389   3.245000   3.245177     2.9014     2.7280      8.170     0.8567     1.6481 1.0790e-01     0.1725    95.7780     7.3406     6.1607    32.2264    32.2278    25.2817    25.2828    6.94272 0.0000e+00
      25393     10.130     6.6382     6.6390   3.244976   3.245183     2.9014     2.7280      8.172     0.8567     1.6876 1.0777e-01     0.1725    95.7780     7.3406     6.1592    32.2263    32.2279    25.2816    25.2828    6.94274 0.0000e+00
      25396      9.990     6.6383     6.6390   3.245000   3.245177     2.9018     2.7268      8.172     0.8567     1.6876 1.0790e-01     0.1743    95.7346     7.3419     6.1550    32.2265    32.2278    25.2818    25.2828    6.94271 0.0000e+00
