Datasets/AZMP/COO001/79001095.cnv
* Sea-Bird SBE 9 Data File:
* FileName = C:\CTDDATA\79001095.hex
* Software Version Seasave V 7.26.7.110
* Temperature SN = 5660
* Conductivity SN = 3698
* Number of Bytes Per Scan = 30
* Number of Voltage Words = 4
* Number of Scans Averaged by the Deck Unit = 1
* NMEA baud rate = 9600
** VESSEL/TRIP/SEQ STN:  79001095
** LATITUDE XX XX.XX N:  49 06.00 N
** LONGITUDE XX XX.XX W:  51 49.80 W
** SOUNDING DEPTH (M):  0296
** PROBE TYPE: S1257
** CTD NUMBER: 061
** COMMENTS (14 CHAR): BB-06
** BOTTLES:  20
** LEVELS: 5,5,5,5,10,20,20,20,20,30,40,50,50,50,75,100,100,100,150,BTM
** STICKERS: 435318 - 435337
** VNET: N
** DO2: N
# nquan = 22
# nvalues = 6310                        
# units = specified
# name 0 = scan: Scan Count
# name 1 = prDM: Pressure, Digiquartz [db]
# name 2 = t090C: Temperature [ITS-90, deg C]
# name 3 = t190C: Temperature, 2 [ITS-90, deg C]
# name 4 = c0S/m: Conductivity [S/m]
# name 5 = c1S/m: Conductivity, 2 [S/m]
# name 6 = sbeox0V: Oxygen raw, SBE 43 [V]
# name 7 = sbeox1V: Oxygen raw, SBE 43, 2 [V]
# name 8 = ph: pH
# name 9 = flECO-AFL: Fluorescence, WET Labs ECO-AFL/FL [mg/m^3]
# name 10 = wetCDOM: Fluorescence, WET Labs CDOM [mg/m^3]
# name 11 = par/sat/log: PAR/Logarithmic, Satlantic [umol photons/m^2/sec]
# name 12 = CStarAt0: Beam Attenuation, WET Labs C-Star [1/m]
# name 13 = CStarTr0: Beam Transmission, WET Labs C-Star [%]
# name 14 = sbeox0ML/L: Oxygen, SBE 43 [ml/l], WS = 2
# name 15 = sbeox1ML/L: Oxygen, SBE 43, 2 [ml/l], WS = 2
# name 16 = sal00: Salinity, Practical [PSU]
# name 17 = sal11: Salinity, Practical, 2 [PSU]
# name 18 = sigma-t00: Density [sigma-t, kg/m^3 ]
# name 19 = sigma-t11: Density, 2 [sigma-t, kg/m^3 ]
# name 20 = oxsatML/L: Oxygen Saturation, Weiss [ml/l]
# name 21 = flag: flag
# span 0 =         94,      77767       
# span 1 =      1.224,    285.834       
# span 2 =     0.5341,     2.4610       
# span 3 =     0.5020,     2.4614       
# span 4 =   2.828022,   3.080204       
# span 5 =   2.825533,   3.080437       
# span 6 =     2.3091,     2.7560       
# span 7 =     2.2803,     2.7185       
# span 8 =      8.082,      8.198       
# span 9 =    -0.0127,     1.1497       
# span 10 =    -0.8785,     1.9245      
# span 11 = 1.0666e-01, 6.0093e-01      
# span 12 =     0.0574,     0.3454      
# span 13 =    91.7286,    98.5761      
# span 14 =     6.3140,     7.7293      
# span 15 =     6.6071,     8.1147      
# span 16 =    32.8080,    34.4495      
# span 17 =    32.8110,    34.3697      
# span 18 =    26.1961,    27.5222      
# span 19 =    26.1980,    27.4311      
# span 20 =    7.58008,    8.02143      
# span 21 = 0.0000e+00, 0.0000e+00      
# interval = scans: 3                   
# start_time = Dec 02 2019 22:21:37 [System UTC, header]
# bad_flag = -9.990e-29
*END*
[from data line 330]
       2241     31.510     2.2558     2.2550   2.925652   2.925800     2.7432     2.7086      8.189     0.8567     1.5692 1.0790e-01     0.1418    96.5167     7.6975     8.0717    32.8107    32.8133    26.1986    26.2008    7.69973 0.0000e+00
       2244     31.560     2.2558     2.2548   2.925656   2.925800     2.7436     2.7082      8.184     0.8518     1.5692 1.0790e-01     0.1411    96.5340     7.6983     8.0716    32.8106    32.8135    26.1986    26.2008    7.69972 0.0000e+00
       2247     31.604     2.2561     2.2548   2.925701   2.925809     2.7428     2.7094      8.189     0.8469     1.5297 1.0790e-01     0.1411    96.5340     7.6967     8.0764    32.8109    32.8136    26.1987    26.2009    7.69965 0.0000e+00
       2250     31.642     2.2563     2.2555   2.925712   2.925843     2.7436     2.7082      8.187     0.8469     1.5692 1.0790e-01     0.1411    96.5340     7.6992     8.0731    32.8108    32.8133    26.1986    26.2006    7.69962 0.0000e+00
       2253     31.675     2.2565     2.2554   2.925718   2.925825     2.7428     2.7086      8.189     0.8518     1.5692 1.0790e-01     0.1418    96.5167     7.6964     8.0753    32.8106    32.8131    26.1985    26.2005    7.69959 0.0000e+00
       2256     31.703     2.2567     2.2553   2.925727   2.925847     2.7436     2.7086      8.186     0.8469     1.5692 1.0790e-01     0.1422    96.5080     7.6999     8.0762    32.8106    32.8135    26.1984    26.2009    7.69956 0.0000e+00
       2260     31.736     2.2569     2.2555   2.925729   2.925827     2.7432     2.7094      8.187     0.8567     1.6087 1.0790e-01     0.1422    96.5080     7.7008     8.0763    32.8104    32.8130    26.1982    26.2005    7.69953 0.0000e+00
       2420     31.852     2.2573     2.2550   2.925748   2.925822     2.7400     2.7054      8.189     0.8518     1.8060 1.0790e-01     0.1400    96.5601     7.6775     8.0440    32.8101    32.8134    26.1979    26.2007    7.69945 0.0000e+00
       2423     32.000     2.2573     2.2553   2.925752   2.925859     2.7400     2.7045      8.189     0.8713     1.8060 1.0790e-01     0.1400    96.5601     7.6792     8.0439    32.8101    32.8135    26.1980    26.2008    7.69947 0.0000e+00
       2426     32.160     2.2570     2.2552   2.925746   2.925874     2.7400     2.7049      8.189     0.8762     1.8060 1.0790e-01     0.1400    96.5601     7.6802     8.0488    32.8102    32.8137    26.1981    26.2010    7.69951 0.0000e+00
       2429     32.330     2.2573     2.2553   2.925783   2.925880     2.7404     2.7049      8.187     0.8762     1.8060 1.0790e-01     0.1400    96.5601     7.6822     8.0511    32.8102    32.8136    26.1981    26.2009    7.69945 0.0000e+00
       2432     32.513     2.2571     2.2555   2.925804   2.925911     2.7400     2.7045      8.187     0.8811     1.8060 1.0790e-01     0.1400    96.5601     7.6810     8.0521    32.8106    32.8137    26.1984    26.2010    7.69947 0.0000e+00
       2435     32.705     2.2570     2.2556   2.925796   2.925904     2.7400     2.7045      8.189     0.8860     1.8060 1.0790e-01     0.1400    96.5601     7.6819     8.0541    32.8105    32.8133    26.1983    26.2007    7.69950 0.0000e+00
       2438     32.899     2.2572     2.2556   2.925789   2.925940     2.7400     2.7045      8.187     0.8860     1.8060 1.0790e-01     0.1404    96.5514     7.6833     8.0565    32.8102    32.8136    26.1980    26.2009    7.69948 0.0000e+00
       2441     33.098     2.2569     2.2558   2.925767   2.925949     2.7404     2.7045      8.189     0.8762     1.7665 1.0790e-01     0.1400    96.5601     7.6869     8.0590    32.8100    32.8135    26.1980    26.2008    7.69954 0.0000e+00
       2444     33.307     2.2568     2.2561   2.925772   2.925991     2.7404     2.7049      8.187     0.8860     1.6876 1.0790e-01     0.1400    96.5601     7.6878     8.0622    32.8102    32.8135    26.1980    26.2008    7.69956 0.0000e+00
       2447     33.526     2.2565     2.2564   2.925760   2.926015     2.7400     2.7045      8.184     0.8860     1.6876 1.0790e-01     0.1400    96.5601     7.6862     8.0590    32.8101    32.8134    26.1981    26.2007    7.69961 0.0000e+00
       2450     33.753     2.2564     2.2563   2.925793   2.926013     2.7404     2.7045      8.187     0.8665     1.6876 1.0790e-01     0.1400    96.5601     7.6887     8.0570    32.8105    32.8134    26.1984    26.2007    7.69961 0.0000e+00
       2453     33.989     2.2565     2.2561   2.925817   2.926008     2.7400     2.7045      8.187     0.8665     1.6876 1.0790e-01     0.1400    96.5601     7.6889     8.0575    32.8106    32.8134    26.1984    26.2007    7.69959 0.0000e+00
       2456     34.232     2.2565     2.2558   2.925835   2.926004     2.7400     2.7045      8.186     0.8616     1.6876 1.0790e-01     0.1400    96.5601     7.6905     8.0557    32.8107    32.8135    26.1985    26.2008    7.69959 0.0000e+00
       2459     34.486     2.2567     2.2556   2.925877   2.926002     2.7400     2.7045      8.184     0.8713     1.6876 1.0790e-01     0.1400    96.5601     7.6927     8.0551    32.8108    32.8135    26.1986    26.2009    7.69953 0.0000e+00
       2462     34.744     2.2570     2.2563   2.925918   2.926066     2.7408     2.7045      8.186     0.8616     1.6876 1.0790e-01     0.1400    96.5601     7.6956     8.0568    32.8109    32.8135    26.1987    26.2008    7.69947 0.0000e+00
       2465     35.005     2.2571     2.2561   2.925924   2.926041     2.7412     2.7045      8.186     0.8713     1.6876 1.0790e-01     0.1400    96.5601     7.6967     8.0588    32.8107    32.8132    26.1985    26.2006    7.69946 0.0000e+00
       2468     35.268     2.2571     2.2553   2.925913   2.925984     2.7400     2.7041      8.186     0.8713     1.7271 1.0790e-01     0.1396    96.5688     7.6913     8.0579    32.8104    32.8132    26.1982    26.2006    7.69948 0.0000e+00
       2471     35.528     2.2569     2.2548   2.925901   2.925962     2.7404     2.7033      8.189     0.8713     1.8060 1.0790e-01     0.1396    96.5688     7.6919     8.0580    32.8104    32.8133    26.1983    26.2007    7.69953 0.0000e+00
       2474     35.784     2.2567     2.2551   2.925892   2.926016     2.7412     2.7041      8.187     0.8420     1.8060 1.0790e-01     0.1396    96.5688     7.6951     8.0631    32.8104    32.8135    26.1982    26.2009    7.69957 0.0000e+00
       2477     36.032     2.2563     2.2552   2.925855   2.926033     2.7412     2.7033      8.184     0.7834     1.8060 1.0790e-01     0.1400    96.5601     7.6966     8.0626    32.8102    32.8135    26.1981    26.2009    7.69966 0.0000e+00
       2480     36.278     2.2561     2.2549   2.925881   2.925995     2.7416     2.7033      8.186     0.7931     1.8060 1.0790e-01     0.1400    96.5601     7.6981     8.0659    32.8105    32.8132    26.1984    26.2007    7.69967 0.0000e+00
       2483     36.515     2.2563     2.2547   2.925937   2.926010     2.7424     2.7041      8.184     0.7932     1.8060 1.0790e-01     0.1400    96.5601     7.7003     8.0714    32.8109    32.8135    26.1987    26.2009    7.69961 0.0000e+00
       2486     36.746     2.2564     2.2548   2.925929   2.926059     2.7408     2.7045      8.184     0.7883     1.8060 1.0790e-01     0.1400    96.5601     7.6941     8.0762    32.8106    32.8138    26.1984    26.2011    7.69961 0.0000e+00
       2489     36.964     2.2565     2.2553   2.925955   2.926068     2.7404     2.7045      8.186     0.7883     1.8060 1.0790e-01     0.1400    96.5601     7.6933     8.0794    32.8107    32.8133    26.1985    26.2007    7.69959 0.0000e+00
       2492     37.165     2.2561     2.2552   2.925854   2.926067     2.7404     2.7037      8.184     0.7932     1.8060 1.0790e-01     0.1400    96.5601     7.6948     8.0783    32.8097    32.8132    26.1978    26.2006    7.69971 0.0000e+00
       2495     37.350     2.2558     2.2551   2.925865   2.926102     2.7404     2.7045      8.184     0.7980     1.7271 1.0790e-01     0.1400    96.5601     7.6944     8.0841    32.8101    32.8138    26.1981    26.2011    7.69976 0.0000e+00
       2498     37.514     2.2554     2.2552   2.925892   2.926103     2.7416     2.7045      8.187     0.7932     1.6876 1.0790e-01     0.1400    96.5601     7.6978     8.0853    32.8107    32.8135    26.1986    26.2009    7.69980 0.0000e+00
       2501     37.657     2.2556     2.2554   2.925918   2.926130     2.7420     2.7045      8.186     0.7834     1.6876 1.0790e-01     0.1400    96.5601     7.6995     8.0874    32.8108    32.8136    26.1986    26.2010    7.69976 0.0000e+00
       2504     37.776     2.2558     2.2555   2.925962   2.926128     2.7420     2.7049      8.186     0.7736     1.6876 1.0790e-01     0.1400    96.5601     7.7002     8.0886    32.8111    32.8134    26.1989    26.2008    7.69971 0.0000e+00
       2507     37.875     2.2563     2.2552   2.925969   2.926114     2.7412     2.7045      8.186     0.7785     1.6876 1.0790e-01     0.1400    96.5601     7.6991     8.0884    32.8106    32.8134    26.1985    26.2008    7.69963 0.0000e+00
       2510     37.956     2.2561     2.2549   2.925968   2.926077     2.7416     2.7049      8.186     0.7785     1.6876 1.0790e-01     0.1404    96.5514     7.7027     8.0920    32.8107    32.8133    26.1985    26.2007    7.69966 0.0000e+00
       2513     38.016     2.2561     2.2550   2.925980   2.926079     2.7416     2.7049      8.186     0.7834     1.6876 1.0790e-01     0.1400    96.5601     7.7030     8.0943    32.8109    32.8132    26.1987    26.2006    7.69966 0.0000e+00
       2516     38.059     2.2563     2.2546   2.925990   2.926050     2.7424     2.7049      8.186     0.7785     1.6876 1.0790e-01     0.1400    96.5601     7.7035     8.0955    32.8107    32.8132    26.1986    26.2007    7.69963 0.0000e+00
       2691     38.205     2.2568     2.2549   2.926025   2.926106     2.7400     2.7025      8.189     0.8371     1.6876 1.0790e-01     0.1389    96.5862     7.6837     8.0676    32.8105    32.8135    26.1983    26.2009    7.69953 0.0000e+00
       2694     38.417     2.2569     2.2549   2.926051   2.926095     2.7396     2.7033      8.189     0.8371     1.6876 1.0790e-01     0.1393    96.5775     7.6841     8.0726    32.8107    32.8133    26.1985    26.2007    7.69952 0.0000e+00
       2697     38.629     2.2570     2.2546   2.926049   2.926117     2.7400     2.7033      8.187     0.8420     1.6876 1.0790e-01     0.1393    96.5775     7.6869     8.0750    32.8104    32.8137    26.1982    26.2011    7.69950 0.0000e+00
       2700     38.839     2.2571     2.2549   2.926067   2.926124     2.7396     2.7033      8.187     0.8371     1.6876 1.0790e-01     0.1400    96.5601     7.6860     8.0760    32.8105    32.8134    26.1983    26.2008    7.69949 0.0000e+00
       2703     39.055     2.2569     2.2551   2.926061   2.926191     2.7400     2.7037      8.189     0.8322     1.6481 1.0790e-01     0.1411    96.5340     7.6867     8.0798    32.8104    32.8139    26.1983    26.2012    7.69952 0.0000e+00
       2706     39.272     2.2568     2.2559   2.926051   2.926258     2.7387     2.7033      8.187     0.8322     1.5692 1.0790e-01     0.1411    96.5340     7.6823     8.0802    32.8102    32.8138    26.1981    26.2011    7.69954 0.0000e+00
       2709     39.490     2.2563     2.2562   2.926020   2.926255     2.7387     2.7033      8.189     0.8322     1.5692 1.0790e-01     0.1411    96.5340     7.6848     8.0818    32.8102    32.8133    26.1982    26.2007    7.69964 0.0000e+00
       2712     39.707     2.2562     2.2562   2.926048   2.926265     2.7387     2.7037      8.189     0.7785     1.5692 1.0790e-01     0.1411    96.5340     7.6877     8.0843    32.8106    32.8133    26.1984    26.2006    7.69965 0.0000e+00
       2715     39.924     2.2565     2.2559   2.926064   2.926274     2.7400     2.7037      8.184     0.7883     1.5692 1.0790e-01     0.1411    96.5340     7.6934     8.0838    32.8104    32.8136    26.1983    26.2009    7.69961 0.0000e+00
       2718     40.137     2.2564     2.2554   2.926101   2.926212     2.7400     2.7041      8.187     0.7785     1.5692 1.0790e-01     0.1411    96.5340     7.6945     8.0846    32.8109    32.8132    26.1986    26.2006    7.69961 0.0000e+00
       2721     40.347     2.2566     2.2549   2.926125   2.926206     2.7400     2.7045      8.187     0.7785     1.5692 1.0790e-01     0.1407    96.5427     7.6949     8.0889    32.8108    32.8136    26.1986    26.2010    7.69956 0.0000e+00
       2724     40.549     2.2565     2.2550   2.926156   2.926264     2.7391     2.7045      8.189     0.7736     1.5692 1.0790e-01     0.1404    96.5514     7.6925     8.0911    32.8111    32.8141    26.1989    26.2013    7.69956 0.0000e+00
       2727     40.745     2.2586     2.2586   2.926588   2.926689     2.7396     2.7045      8.189     0.7785     1.5692 1.0790e-01     0.1404    96.5514     7.6961     8.0919    32.8143    32.8155    26.2012    26.2022    7.69899 0.0000e+00
       2730     40.934     2.2613     2.2626   2.926760   2.926930     2.7396     2.7045      8.189     0.7736     1.5692 1.0790e-01     0.1404    96.5514     7.6977     8.0924    32.8135    32.8143    26.2004    26.2009    7.69850 0.0000e+00
       2733     41.118     2.2629     2.2636   2.926797   2.926958     2.7400     2.7045      8.186     0.7736     1.5692 1.0790e-01     0.1407    96.5427     7.6989     8.0918    32.8122    32.8135    26.1992    26.2002    7.69825 0.0000e+00
       2736     41.299     2.2639     2.2638   2.926825   2.926961     2.7412     2.7045      8.186     0.8078     1.5692 1.0790e-01     0.1404    96.5514     7.7016     8.0904    32.8115    32.8133    26.1985    26.2000    7.69810 0.0000e+00
       2739     41.475     2.2642     2.2637   2.926825   2.926984     2.7396     2.7045      8.187     0.8322     1.5692 1.0790e-01     0.1404    96.5514     7.6972     8.0895    32.8110    32.8135    26.1982    26.2002    7.69806 0.0000e+00
       2742     41.646     2.2644     2.2638   2.926786   2.926999     2.7400     2.7049      8.187     0.8322     1.5692 1.0790e-01     0.1411    96.5340     7.7000     8.0900    32.8103    32.8135    26.1976    26.2002    7.69806 0.0000e+00
       2745     41.809     2.2639     2.2634   2.926734   2.926915     2.7396     2.7058      8.188     0.8371     1.5692 1.0790e-01     0.1411    96.5340     7.6995     8.0926    32.8100    32.8128    26.1974    26.1996    7.69817 0.0000e+00
       2748     41.964     2.2632     2.2618   2.926626   2.926804     2.7404     2.7058      8.187     0.8322     1.5692 1.0790e-01     0.1411    96.5340     7.7029     8.0925    32.8093    32.8130    26.1969    26.1999    7.69835 0.0000e+00
       2751     42.112     2.2626     2.2608   2.926618   2.926767     2.7412     2.7058      8.186     0.8371     1.5692 1.0790e-01     0.1411    96.5340     7.7039     8.0908    32.8098    32.8135    26.1973    26.2004    7.69844 0.0000e+00
       2754     42.248     2.2621     2.2611   2.926569   2.926851     2.7412     2.7058      8.186     0.8322     1.5692 1.0790e-01     0.1411    96.5340     7.7030     8.0885    32.8096    32.8142    26.1972    26.2010    7.69854 0.0000e+00
       2757     42.372     2.2617     2.2628   2.926608   2.926995     2.7408     2.7058      8.187     0.8371     1.5692 1.0790e-01     0.1415    96.5253     7.7024     8.0843    32.8104    32.8141    26.1979    26.2008    7.69857 0.0000e+00
       2760     42.483     2.2618     2.2640   2.926631   2.927074     2.7408     2.7058      8.189     0.8371     1.5692 1.0790e-01     0.1418    96.5167     7.7037     8.0800    32.8106    32.8137    26.1980    26.2004    7.69856 0.0000e+00
       2763     42.580     2.2618     2.2642   2.926643   2.927078     2.7420     2.7058      8.187     0.8469     1.5692 1.0790e-01     0.1429    96.4906     7.7085     8.0748    32.8106    32.8136    26.1980    26.2002    7.69855 0.0000e+00
