Datasets/AZMP/COO001/79001030.cnv
* Sea-Bird SBE 9 Data File:
* FileName = C:\CTDDATA\79001030.hex
* Software Version Seasave V 7.26.7.110
* Temperature SN = 5660
* Conductivity SN = 3698
* Number of Bytes Per Scan = 30
* Number of Voltage Words = 4
* Number of Scans Averaged by the Deck Unit = 1
* NMEA baud rate = 9600
** VESSEL/TRIP/SEQ STN:  79001030
** LATITUDE XX XX.XX N:  43 38.00 N
** LONGITUDE XX XX.XX W:  50 31.00 W
** SOUNDING DEPTH (M):  0066
** PROBE TYPE: S1257
** CTD NUMBER: 017
** COMMENTS (14 CHAR): SEGB-12
** BOTTLES: 19
** LEVELS: 5,5,5,5,10,20,20,20,20,30,40,50,50,50,50,BTM,BTM,BTM,BTM
** STICKERS: 434802 - 434820
** VNET: Y
** DO2: N
# nquan = 22
# nvalues = 1634                        
# units = specified
# name 0 = scan: Scan Count
# name 1 = prDM: Pressure, Digiquartz [db]
# name 2 = t090C: Temperature [ITS-90, deg C]
# name 3 = t190C: Temperature, 2 [ITS-90, deg C]
# name 4 = c0S/m: Conductivity [S/m]
# name 5 = c1S/m: Conductivity, 2 [S/m]
# name 6 = sbeox0V: Oxygen raw, SBE 43 [V]
# name 7 = sbeox1V: Oxygen raw, SBE 43, 2 [V]
# name 8 = ph: pH
# name 9 = flECO-AFL: Fluorescence, WET Labs ECO-AFL/FL [mg/m^3]
# name 10 = wetCDOM: Fluorescence, WET Labs CDOM [mg/m^3]
# name 11 = par/sat/log: PAR/Logarithmic, Satlantic [umol photons/m^2/sec]
# name 12 = CStarAt0: Beam Attenuation, WET Labs C-Star [1/m]
# name 13 = CStarTr0: Beam Transmission, WET Labs C-Star [%]
# name 14 = sbeox0ML/L: Oxygen, SBE 43 [ml/l], WS = 2
# name 15 = sbeox1ML/L: Oxygen, SBE 43, 2 [ml/l], WS = 2
# name 16 = sal00: Salinity, Practical [PSU]
# name 17 = sal11: Salinity, Practical, 2 [PSU]
# name 18 = sigma-t00: Density [sigma-t, kg/m^3 ]
# name 19 = sigma-t11: Density, 2 [sigma-t, kg/m^3 ]
# name 20 = oxsatML/L: Oxygen Saturation, Weiss [ml/l]
# name 21 = flag: flag
# span 0 =          2,      38973       
# span 1 =      1.699,     60.315       
# span 2 =     3.0748,     6.3028       
# span 3 =     3.0666,     6.3028       
# span 4 =   2.992597,   3.218624       
# span 5 =   2.992561,   3.218837       
# span 6 =     2.7022,     3.0463       
# span 7 =     2.4901,     2.8364       
# span 8 =      8.047,      8.183       
# span 9 =     0.8616,     4.9641       
# span 10 =     0.4243,     2.2798      
# span 11 = 1.0690e-01, 1.2232e+00      
# span 12 =     0.2986,     1.2430      
# span 13 =    73.2888,    92.8061      
# span 14 =     7.3887,     8.0870      
# span 15 =     6.0359,     6.6413      
# span 16 =    32.1700,    32.8479      
# span 17 =    32.2541,    32.8275      
# span 18 =    25.3144,    26.1320      
# span 19 =    25.3464,    26.1173      
# span 20 =    6.99669,    7.54342      
# span 21 = 0.0000e+00, 0.0000e+00      
# interval = scans: 3                   
# start_time = Nov 25 2019 02:57:22 [System UTC, header]
# bad_flag = -9.990e-29
*END*
[from data line 1186]
      21974     29.034     4.7760     4.8748   3.109117   3.117386     2.9482     2.7121      8.130     2.2291     1.5692 1.0752e-01     0.3552    91.5026     7.8557     6.4251    32.4732    32.4720    25.6968    25.6852    7.24729 0.0000e+00
      21977     28.988     4.7725     4.8908   3.109137   3.118451     2.9478     2.7121      8.130     2.2926     1.5692 1.0752e-01     0.3552    91.5026     7.8523     6.4198    32.4769    32.4688    25.7000    25.6808    7.24773 0.0000e+00
      21980     28.941     4.7702     4.9014   3.108842   3.118719     2.9478     2.7121      8.130     2.2926     1.5692 1.0752e-01     0.3556    91.4940     7.8511     6.4155    32.4757    32.4615    25.6994    25.6739    7.24819 0.0000e+00
      21983     28.898     4.7667     4.9009   3.108792   3.118206     2.9478     2.7121      8.130     2.2828     1.5692 1.0752e-01     0.3541    91.5287     7.8502     6.4132    32.4786    32.4561    25.7020    25.6697    7.24867 0.0000e+00
      21986     28.859     4.7632     4.8799   3.108664   3.116840     2.9478     2.7125      8.130     2.2828     1.5692 1.0752e-01     0.3541    91.5287     7.8495     6.4160    32.4806    32.4608    25.7040    25.6758    7.24919 0.0000e+00
      21989     28.824     4.7637     4.8707   3.108729   3.116678     2.9482     2.7125      8.130     2.2975     1.5692 1.0752e-01     0.3545    91.5200     7.8499     6.4144    32.4809    32.4680    25.7042    25.6824    7.24910 0.0000e+00
      21992     28.795     4.7657     4.8814   3.108819   3.117956     2.9478     2.7113      8.130     2.2877     1.5692 1.0752e-01     0.3541    91.5287     7.8485     6.4068    32.4800    32.4723    25.7032    25.6846    7.24878 0.0000e+00
      21995     28.769     4.7601     4.8979   3.107299   3.118762     2.9474     2.7121      8.130     2.2877     1.5692 1.0752e-01     0.3545    91.5200     7.8504     6.4051    32.4679    32.4655    25.6943    25.6775    7.25035 0.0000e+00
      22016     28.740     4.7444     4.8810   3.106537   3.117525     2.9502     2.7121      8.130     2.1656     1.5297 1.0752e-01     0.3511    91.5982     7.8972     6.4272    32.4745    32.4678    25.7012    25.6811    7.25281 0.0000e+00
      22055     28.702     4.7409     4.8276   3.106651   3.113694     2.9564     2.7121      8.130     1.8969     1.4507 1.0752e-01     0.3450    91.7373     7.9916     6.4830    32.4792    32.4758    25.7053    25.6932    7.25320 0.0000e+00
      22058     28.667     4.7344     4.8296   3.106092   3.114088     2.9576     2.7125      8.128     1.9116     1.4507 1.0752e-01     0.3450    91.7373     8.0063     6.4912    32.4792    32.4784    25.7060    25.6951    7.25435 0.0000e+00
      22061     28.624     4.7306     4.8356   3.106248   3.114315     2.9604     2.7137      8.130     1.9067     1.4507 1.0752e-01     0.3568    91.4679     8.0235     6.5018    32.4847    32.4752    25.7107    25.6919    7.25475 0.0000e+00
      22064     28.572     4.7315     4.8437   3.106592   3.114834     2.9637     2.7150      8.128     1.9116     1.4507 1.0752e-01     0.3731    91.0942     8.0409     6.5113    32.4878    32.4733    25.7132    25.6895    7.25445 0.0000e+00
      22067     28.511     4.7338     4.8500   3.106752   3.115197     2.9661     2.7166      8.130     1.9116     1.4507 1.0752e-01     0.3727    91.1029     8.0538     6.5223    32.4875    32.4713    25.7127    25.6873    7.25406 0.0000e+00
      22070     28.441     4.7357     4.8619   3.106837   3.116443     2.9694     2.7178      8.130     1.9116     1.5692 1.0752e-01     0.3723    91.1116     8.0676     6.5303    32.4866    32.4741    25.7117    25.6882    7.25376 0.0000e+00
      22073     28.362     4.7369     4.8904   3.106776   3.118930     2.9722     2.7198      8.130     1.9067     1.6876 1.0752e-01     0.3723    91.1116     8.0785     6.5364    32.4847    32.4749    25.7101    25.6857    7.25364 0.0000e+00
      22076     28.272     4.7377     4.9100   3.106889   3.119330     2.9743     2.7207      8.130     1.8969     1.6876 1.0752e-01     0.3723    91.1116     8.0842     6.5400    32.4853    32.4604    25.7105    25.6722    7.25347 0.0000e+00
      22079     28.173     4.7398     4.9020   3.107399   3.118395     2.9767     2.7223      8.130     1.8579     1.6876 1.0752e-01     0.3723    91.1116     8.0870     6.5478    32.4892    32.4576    25.7134    25.6707    7.25291 0.0000e+00
      22082     28.065     4.7470     4.9056   3.108230   3.119303     2.9788     2.7235      8.130     1.8481     1.6876 1.0752e-01     0.3984    90.5207     8.0856     6.5503    32.4918    32.4645    25.7146    25.6758    7.25151 0.0000e+00
      22085     27.950     4.7529     4.9266   3.108245   3.121998     2.9808     2.7247      8.130     1.8530     1.6876 1.0752e-01     0.4107    90.2426     8.0836     6.5484    32.4863    32.4751    25.7096    25.6820    7.25074 0.0000e+00
      22088     27.824     4.7557     4.9498   3.108683   3.122948     2.9828     2.7268      8.130     1.8579     1.6876 1.0752e-01     0.4103    90.2513     8.0832     6.5469    32.4887    32.4635    25.7112    25.6702    7.25013 0.0000e+00
      22091     27.689     4.7669     4.9465   3.110042   3.122387     2.9845     2.7288      8.130     1.8530     1.6876 1.0752e-01     0.4103    90.2513     8.0798     6.5478    32.4935    32.4603    25.7138    25.6680    7.24792 0.0000e+00
      22094     27.545     4.7793     4.9657   3.111380   3.124548     2.9857     2.7300      8.130     1.8530     1.6876 1.0752e-01     0.4103    90.2513     8.0761     6.5410    32.4969    32.4665    25.7152    25.6709    7.24558 0.0000e+00
      22097     27.401     4.8004     5.0009   3.113934   3.127058     2.9877     2.7313      8.135     1.8530     1.6876 1.0752e-01     0.4103    90.2513     8.0744     6.5327    32.5058    32.4611    25.7200    25.6627    7.24144 0.0000e+00
      22100     27.255     4.8218     5.0461   3.114358   3.130991     2.9889     2.7329      8.133     1.8530     1.6876 1.0752e-01     0.4099    90.2600     8.0730     6.5233    32.4898    32.4622    25.7050    25.6586    7.23843 0.0000e+00
      22103     27.111     4.8312     5.0753   3.114203   3.130826     2.9902     2.7329      8.133     1.8432     1.6876 1.0752e-01     0.3865    90.7901     8.0743     6.5139    32.4790    32.4320    25.6954    25.6315    7.23730 0.0000e+00
      22106     26.969     4.8396     5.0458   3.115613   3.128216     2.9918     2.7349      8.135     1.8042     1.6876 1.0752e-01     0.3838    90.8509     8.0761     6.5197    32.4870    32.4309    25.7009    25.6338    7.23542 0.0000e+00
      22109     26.826     4.8607     5.0247   3.119255   3.126598     2.9934     2.7353      8.134     1.8042     1.6481 1.0752e-01     0.3838    90.8509     8.0738     6.5182    32.5085    32.4329    25.7156    25.6378    7.23070 0.0000e+00
      22112     26.685     4.9056     5.0134   3.123777   3.127583     2.9954     2.7349      8.134     1.8042     1.6876 1.0752e-01     0.3838    90.8509     8.0685     6.5115    32.5168    32.4553    25.7173    25.6567    7.22242 0.0000e+00
      22115     26.546     4.9788     5.0811   3.134301   3.136571     2.9967     2.7353      8.134     1.8042     1.6876 1.0752e-01     0.3838    90.8509     8.0512     6.4936    32.5664    32.4926    25.7486    25.6788    7.20726 0.0000e+00
      22118     26.421     5.0536     5.2554   3.135906   3.149998     2.9987     2.7357      8.135     1.8139     1.6876 1.0752e-01     0.3838    90.8509     8.0411     6.4610    32.5118    32.4766    25.6970    25.6466    7.19679 0.0000e+00
      22121     26.304     5.1077     5.3783   3.137915   3.155906     3.0007     2.7365      8.138     1.8090     1.6876 1.0752e-01     0.3884    90.7466     8.0317     6.4392    32.4822    32.4249    25.6676    25.5916    7.18878 0.0000e+00
      22124     26.194     5.1235     5.4341   3.135663   3.158397     3.0024     2.7374      8.138     1.8042     1.8060 1.0752e-01     0.4049    90.3730     8.0283     6.4303    32.4411    32.3993    25.6333    25.5650    7.18798 0.0000e+00
      22127     26.090     5.1333     5.4593   3.136168   3.159566     3.0036     2.7386      8.138     1.8042     1.8060 1.0752e-01     0.4045    90.3817     8.0214     6.4261    32.4374    32.3883    25.6292    25.5534    7.18645 0.0000e+00
      22130     25.993     5.1514     5.4694   3.140468   3.159964     3.0052     2.7390      8.140     1.9312     1.8060 1.0752e-01     0.4045    90.3817     8.0115     6.4210    32.4690    32.3831    25.6523    25.5481    7.18180 0.0000e+00
      22133     25.904     5.1998     5.4732   3.147119   3.160218     3.0060     2.7390      8.141     2.0777     1.8060 1.0752e-01     0.4045    90.3817     7.9921     6.4162    32.4980    32.3824    25.6698    25.5471    7.17205 0.0000e+00
      22136     25.833     5.2642     5.4788   3.150626   3.160802     3.0064     2.7390      8.142     2.0679     1.8060 1.0752e-01     0.4045    90.3817     7.9704     6.4105    32.4755    32.3837    25.6447    25.5475    7.16197 0.0000e+00
      22139     25.765     5.3092     5.4901   3.150529   3.161549     3.0073     2.7398      8.142     2.0728     1.8060 1.0752e-01     0.4045    90.3817     7.9553     6.4038    32.4308    32.3812    25.6042    25.5442    7.15631 0.0000e+00
      22142     25.705     5.3243     5.4949   3.149910   3.161654     3.0077     2.7394      8.142     2.0630     1.8060 1.0752e-01     0.4053    90.3643     7.9433     6.3946    32.4092    32.3778    25.5854    25.5410    7.15473 0.0000e+00
      22145     25.654     5.3298     5.4904   3.150286   3.160762     3.0064     2.7394      8.142     2.0728     1.8060 1.0752e-01     0.4057    90.3556     7.9277     6.3892    32.4082    32.3720    25.5840    25.5370    7.15383 0.0000e+00
      22148     25.613     5.3379     5.4395   3.149557   3.156946     3.0064     2.7398      8.142     2.0728     1.7665 1.0752e-01     0.4057    90.3556     7.9176     6.3922    32.3921    32.3779    25.5703    25.5475    7.15319 0.0000e+00
      22151     25.585     5.3258     5.3932   3.147243   3.153306     3.0064     2.7390      8.142     2.0777     1.6876 1.0752e-01     0.4057    90.3556     7.9124     6.3939    32.3774    32.3812    25.5601    25.5554    7.15596 0.0000e+00
      22267     25.510     5.0350     5.1973   3.129016   3.138832     3.0028     2.7532      8.143     2.3854     1.8060 1.0752e-01     0.3918    90.6684     7.9964     6.5784    32.4513    32.4060    25.6512    25.5972    7.20290 0.0000e+00
      22270     25.400     5.0473     5.1691   3.131440   3.138730     3.0028     2.7549      8.143     2.3756     1.7665 1.0752e-01     0.3914    90.6771     7.9961     6.5874    32.4672    32.4322    25.6625    25.6211    7.20001 0.0000e+00
      22273     25.286     5.0887     5.2327   3.136725   3.144878     3.0040     2.7561      8.143     2.3805     1.8060 1.0752e-01     0.3918    90.6684     7.9936     6.5794    32.4876    32.4408    25.6740    25.6208    7.19184 0.0000e+00
      22276     25.168     5.1370     5.2679   3.140387   3.146209     3.0040     2.7577      8.143     2.3805     1.8060 1.0752e-01     0.3918    90.6684     7.9873     6.5799    32.4825    32.4219    25.6646    25.6019    7.18367 0.0000e+00
      22279     25.050     5.1697     5.2781   3.139268   3.145762     3.0040     2.7589      8.143     2.3805     1.6876 1.0752e-01     0.3918    90.6684     7.9858     6.5826    32.4380    32.4069    25.6257    25.5889    7.18011 0.0000e+00
      22282     24.929     5.1825     5.2794   3.141063   3.146626     3.0048     2.7597      8.143     2.3805     1.5692 1.0752e-01     0.3918    90.6684     7.9882     6.5841    32.4461    32.4156    25.6307    25.5956    7.17749 0.0000e+00
      22285     24.811     5.2083     5.2998   3.143098   3.148244     3.0056     2.7610      8.143     2.3707     1.5692 1.0752e-01     0.3891    90.7293     7.9887     6.5837    32.4444    32.4144    25.6264    25.5923    7.17311 0.0000e+00
      22288     24.692     5.2209     5.3196   3.141757   3.149139     3.0064     2.7622      8.142     2.2144     1.5692 1.0752e-01     0.3891    90.7293     7.9932     6.5853    32.4168    32.4054    25.6032    25.5830    7.17222 0.0000e+00
      22291     24.581     5.2306     5.3297   3.144111   3.149909     3.0081     2.7638      8.144     2.1753     1.5692 1.0752e-01     0.3888    90.7379     7.9989     6.5893    32.4345    32.4045    25.6160    25.5811    7.16972 0.0000e+00
      22294     24.465     5.2475     5.3318   3.144776   3.148673     3.0081     2.7650      8.147     2.1753     1.5692 1.0752e-01     0.3895    90.7206     7.9989     6.5953    32.4256    32.3884    25.6072    25.5681    7.16720 0.0000e+00
      22297     24.348     5.2663     5.3155   3.147119   3.149224     3.0097     2.7667      8.145     2.1802     1.5692 1.0752e-01     0.3891    90.7293     8.0038     6.6033    32.4343    32.4105    25.6119    25.5875    7.16356 0.0000e+00
      22300     24.234     5.2902     5.3422   3.148767   3.151070     3.0109     2.7683      8.147     2.1802     1.5692 1.0752e-01     0.3891    90.7293     8.0068     6.6048    32.4299    32.4058    25.6057    25.5807    7.15963 0.0000e+00
      22303     24.122     5.3129     5.3448   3.150422   3.151003     3.0113     2.7699      8.147     2.1705     1.5692 1.0752e-01     0.3872    90.7727     8.0063     6.6092    32.4269    32.4025    25.6007    25.5778    7.15587 0.0000e+00
      22306     24.015     5.3326     5.3526   3.151023   3.150854     3.0125     2.7711      8.147     2.1753     1.4507 1.0752e-01     0.3781    90.9812     8.0081     6.6101    32.4147    32.3934    25.5888    25.5697    7.15304 0.0000e+00
      22309     23.913     5.3549     5.3356   3.154675   3.149065     3.0138     2.7728      8.148     2.1753     1.4507 1.0752e-01     0.3788    90.9639     8.0074     6.6135    32.4347    32.3895    25.6021    25.5685    7.14826 0.0000e+00
      22312     23.821     5.3993     5.3170   3.158161   3.147962     3.0150     2.7748      8.148     2.2144     1.4507 1.0752e-01     0.3788    90.9639     8.0024     6.6172    32.4314    32.3950    25.5944    25.5750    7.14078 0.0000e+00
      22315     23.730     5.4384     5.3188   3.161119   3.149109     3.0162     2.7764      8.151     2.5758     1.4507 1.0752e-01     0.3788    90.9639     7.9979     6.6135    32.4273    32.4064    25.5867    25.5838    7.13426 0.0000e+00
      22318     23.645     5.4715     5.3455   3.161709   3.151447     3.0174     2.7777      8.151     2.5905     1.4507 1.0752e-01     0.3792    90.9552     7.9963     6.6046    32.4021    32.4072    25.5629    25.5814    7.12977 0.0000e+00
      22321     23.563     5.4807     5.3657   3.160125   3.152676     3.0195     2.7789      8.151     2.5856     1.4507 1.0752e-01     0.3785    90.9725     8.0011     6.5973    32.3752    32.4017    25.5406    25.5748    7.12944 0.0000e+00
      22324     23.486     5.4789     5.3726   3.159886   3.152409     3.0203     2.7805      8.151     2.5807     1.4507 1.0752e-01     0.3827    90.8770     8.0035     6.5941    32.3743    32.3920    25.5401    25.5663    7.12980 0.0000e+00
      22327     23.416     5.4809     5.3704   3.160355   3.152338     3.0219     2.7805      8.151     2.5856     1.4507 1.0752e-01     0.3865    90.7901     8.0063     6.5880    32.3777    32.3933    25.5425    25.5676    7.12930 0.0000e+00
      22330     23.348     5.4835     5.3709   3.160217   3.152440     3.0223     2.7809      8.151     2.5905     1.4507 1.0752e-01     0.3865    90.7901     8.0049     6.5832    32.3737    32.3941    25.5390    25.5681    7.12904 0.0000e+00
      22333     23.287     5.4799     5.3725   3.159018   3.152692     3.0235     2.7809      8.153     2.5905     1.3323 1.0752e-01     0.3872    90.7727     8.0077     6.5778    32.3636    32.3955    25.5314    25.5690    7.13013 0.0000e+00
