Datasets/AZMP/COO001/79001125.cnv
* Sea-Bird SBE 9 Data File:
* FileName = C:\CTDDATA\79001125.hex
* Software Version Seasave V 7.26.7.110
* Temperature SN = 5660
* Conductivity SN = 3698
* Number of Bytes Per Scan = 30
* Number of Voltage Words = 4
* Number of Scans Averaged by the Deck Unit = 1
* NMEA baud rate = 9600
** VESSEL/TRIP/SEQ STN:  79001125
** LATITUDE XX XX.XX N:  47 00.00 N
** LONGITUDE XX XX.XX W:  52 49.90 W
** SOUNDING DEPTH (M):  0109
** PROBE TYPE: S1257
** CTD NUMBER: 085
** COMMENTS (14 CHAR): FC-01
** BOTTLES:  18
** LEVELS: 5,5,5,5,10,20,20,20,20,30,40,50,50,50,75,BTM,BTM,BTM
** STICKERS: 435676 - 435693
** VNET: Y
** DO2: N
# nquan = 22
# nvalues = 3786                        
# units = specified
# name 0 = scan: Scan Count
# name 1 = prDM: Pressure, Digiquartz [db]
# name 2 = t090C: Temperature [ITS-90, deg C]
# name 3 = t190C: Temperature, 2 [ITS-90, deg C]
# name 4 = c0S/m: Conductivity [S/m]
# name 5 = c1S/m: Conductivity, 2 [S/m]
# name 6 = sbeox0V: Oxygen raw, SBE 43 [V]
# name 7 = sbeox1V: Oxygen raw, SBE 43, 2 [V]
# name 8 = ph: pH
# name 9 = flECO-AFL: Fluorescence, WET Labs ECO-AFL/FL [mg/m^3]
# name 10 = wetCDOM: Fluorescence, WET Labs CDOM [mg/m^3]
# name 11 = par/sat/log: PAR/Logarithmic, Satlantic [umol photons/m^2/sec]
# name 12 = CStarAt0: Beam Attenuation, WET Labs C-Star [1/m]
# name 13 = CStarTr0: Beam Transmission, WET Labs C-Star [%]
# name 14 = sbeox0ML/L: Oxygen, SBE 43 [ml/l], WS = 2
# name 15 = sbeox1ML/L: Oxygen, SBE 43, 2 [ml/l], WS = 2
# name 16 = sal00: Salinity, Practical [PSU]
# name 17 = sal11: Salinity, Practical, 2 [PSU]
# name 18 = sigma-t00: Density [sigma-t, kg/m^3 ]
# name 19 = sigma-t11: Density, 2 [sigma-t, kg/m^3 ]
# name 20 = oxsatML/L: Oxygen Saturation, Weiss [ml/l]
# name 21 = flag: flag
# span 0 =        113,      44865       
# span 1 =      0.519,    101.036       
# span 2 =     0.4903,     2.8774       
# span 3 =     0.4896,     2.8807       
# span 4 =   2.766520,   2.893506       
# span 5 =   2.766494,   2.893668       
# span 6 =     2.5437,     2.7603       
# span 7 =     2.5369,     2.7281       
# span 8 =      8.094,      8.176       
# span 9 =     0.1143,     0.9983       
# span 10 =     1.6876,     2.1614      
# span 11 = 1.0532e-01, 5.2172e-01      
# span 12 =     0.0789,     0.2837      
# span 13 =    93.1537,    98.0460      
# span 14 =     6.7648,     7.7682      
# span 15 =     7.6825,     8.1418      
# span 16 =    31.7594,    32.6207      
# span 17 =    31.7675,    32.6219      
# span 18 =    25.3098,    26.1570      
# span 19 =    25.3154,    26.1620      
# span 20 =    7.63226,    8.07235      
# span 21 = 0.0000e+00, 0.0000e+00      
# interval = scans: 3                   
# start_time = Dec 08 2019 22:24:43 [System UTC, header]
# bad_flag = -9.990e-29
*END*
[from data line 3688]
      37829      5.117     2.8617     2.8628   2.889927   2.890068     2.6935     2.7265      8.173     0.7443     1.9245 1.0777e-01     0.1523    96.2646     7.3304     8.0430    31.7744    31.7751    25.3224    25.3228    7.63503 0.0000e+00
      37832      5.088     2.8617     2.8631   2.889958   2.890117     2.6923     2.7261      8.171     0.7443     1.9245 1.0790e-01     0.1519    96.2733     7.3316     8.0385    31.7748    31.7754    25.3227    25.3230    7.63501 0.0000e+00
      37835      5.054     2.8619     2.8630   2.889950   2.890082     2.6907     2.7269      8.171     0.7834     1.9245 1.0790e-01     0.1523    96.2646     7.3292     8.0387    31.7746    31.7750    25.3225    25.3228    7.63499 0.0000e+00
      37838      5.016     2.8619     2.8642   2.889981   2.890336     2.6903     2.7265      8.171     0.8029     1.9245 1.0790e-01     0.1523    96.2646     7.3311     8.0338    31.7749    31.7770    25.3228    25.3242    7.63496 0.0000e+00
      37841      4.979     2.8622     2.8653   2.890020   2.890407     2.6891     2.7265      8.171     0.7932     1.9245 1.0790e-01     0.1523    96.2646     7.3296     8.0280    31.7752    31.7768    25.3229    25.3239    7.63490 0.0000e+00
      37844      4.940     2.8623     2.8652   2.889914   2.890332     2.6870     2.7265      8.171     0.7883     1.9245 1.0790e-01     0.1519    96.2733     7.3242     8.0257    31.7738    31.7760    25.3218    25.3234    7.63495 0.0000e+00
      37847      4.900     2.8620     2.8639   2.889814   2.890181     2.6862     2.7257      8.173     0.7932     1.9245 1.0790e-01     0.1526    96.2560     7.3238     8.0227    31.7729    31.7755    25.3212    25.3230    7.63506 0.0000e+00
      37850      4.859     2.8613     2.8623   2.889659   2.889987     2.6850     2.7257      8.171     0.8029     1.9245 1.0865e-01     0.1526    96.2560     7.3212     8.0205    31.7717    31.7747    25.3203    25.3226    7.63525 0.0000e+00
      37853      4.820     2.8601     2.8611   2.889511   2.889830     2.6846     2.7257      8.172     0.7980     1.9245 1.1752e-01     0.1519    96.2733     7.3221     8.0192    31.7711    31.7741    25.3199    25.3221    7.63550 0.0000e+00
      37856      4.780     2.8595     2.8587   2.889570   2.889499     2.6842     2.7257      8.173     0.7980     1.9245 1.3163e-01     0.1526    96.2560     7.3215     8.0186    31.7725    31.7724    25.3210    25.3210    7.63555 0.0000e+00
      37859      4.743     2.8596     2.8571   2.889568   2.889409     2.6830     2.7257      8.172     0.7932     1.9245 1.0703e-01     0.1519    96.2733     7.3185     8.0187    31.7724    31.7730    25.3209    25.3216    7.63554 0.0000e+00
      37862      4.717     2.8594     2.8569   2.889524   2.889422     2.6813     2.7253      8.172     0.7346     1.9245 1.0790e-01     0.1519    96.2733     7.3141     8.0181    31.7720    31.7733    25.3207    25.3219    7.63559 0.0000e+00
      37867      4.680     2.8591     2.8566   2.889505   2.889416     2.6797     2.7253      8.172     0.7394     1.9245 1.0969e-01     0.1523    96.2646     7.3125     8.0203    31.7721    31.7735    25.3207    25.3220    7.63565 0.0000e+00
      37870      4.654     2.8588     2.8569   2.889413   2.889423     2.6793     2.7257      8.172     0.7394     1.9245 1.0777e-01     0.1519    96.2733     7.3120     8.0234    31.7713    31.7734    25.3201    25.3219    7.63575 0.0000e+00
      37873      4.624     2.8586     2.8565   2.889438   2.889342     2.6773     2.7249      8.172     0.7297     1.9245 1.0777e-01     0.1519    96.2733     7.3064     8.0212    31.7718    31.7728    25.3206    25.3215    7.63576 0.0000e+00
      37878      4.587     2.8587     2.8547   2.889489   2.889084     2.6760     2.7245      8.173     0.7394     1.9245 1.0790e-01     0.1526    96.2560     7.3034     8.0216    31.7724    31.7714    25.3210    25.3206    7.63572 0.0000e+00
      38123      4.562     2.8599     2.8586   2.889572   2.889351     2.6655     2.7253      8.175     0.7394     2.0034 1.0790e-01     0.1512    96.2907     7.3074     8.0340    31.7722    31.7708    25.3208    25.3197    7.63549 0.0000e+00
      38247      4.526     2.8606     2.8585   2.889476   2.889389     2.6606     2.7257      8.173     0.7541     2.0429 1.0790e-01     0.1508    96.2994     7.3088     8.0396    31.7704    31.7714    25.3192    25.3203    7.63545 0.0000e+00
      38250      4.489     2.8600     2.8569   2.889461   2.889375     2.6610     2.7261      8.173     0.7492     2.0429 1.0790e-01     0.1508    96.2994     7.3106     8.0408    31.7709    31.7728    25.3197    25.3215    7.63555 0.0000e+00
      38253      4.458     2.8597     2.8569   2.889449   2.889375     2.6602     2.7253      8.175     0.7346     2.0429 1.0777e-01     0.1508    96.2994     7.3068     8.0373    31.7710    31.7728    25.3198    25.3215    7.63560 0.0000e+00
      38256      4.433     2.8592     2.8535   2.889390   2.888776     2.6598     2.7257      8.173     0.7346     1.9640 1.0790e-01     0.1508    96.2994     7.3054     8.0383    31.7708    31.7690    25.3197    25.3187    7.63570 0.0000e+00
      40367      4.408     2.8615     2.8566   2.889468   2.889117     2.6610     2.7257      8.173     0.7297     1.8850 1.0765e-01     0.1519    96.2733     7.3143     8.0454    31.7694    31.7701    25.3184    25.3193    7.63532 0.0000e+00
      44586      4.367     2.8669     2.8705   2.889760   2.890319     2.6646     2.7248      8.174     0.7248     1.8060 1.2563e-01     0.1530    96.2473     7.3318     8.0587    31.7677    31.7709    25.3166    25.3189    7.63437 0.0000e+00
      44589      4.321     2.8671     2.8704   2.889963   2.890273     2.6625     2.7256      8.174     0.7346     1.8455 1.2620e-01     0.1530    96.2473     7.3136     8.0608    31.7700    31.7705    25.3184    25.3185    7.63422 0.0000e+00
      44592      4.273     2.8691     2.8703   2.890398   2.890284     2.6646     2.7252      8.173     0.7346     1.9245 1.2464e-01     0.1530    96.2473     7.3055     8.0543    31.7733    31.7707    25.3209    25.3187    7.63366 0.0000e+00
      44595      4.224     2.8711     2.8707   2.890425   2.890395     2.6642     2.7256      8.176     0.7346     1.9245 1.6654e-01     0.1530    96.2473     7.2862     8.0508    31.7716    31.7717    25.3194    25.3195    7.63335 0.0000e+00
      44598      4.176     2.8720     2.8734   2.890383   2.890776     2.6654     2.7256      8.173     0.7297     1.9245 1.7483e-01     0.1526    96.2560     7.2681     8.0462    31.7703    31.7736    25.3182    25.3208    7.63325 0.0000e+00
      44601      4.127     2.8723     2.8767   2.890407   2.891039     2.6670     2.7256      8.176     0.7346     1.9245 1.5393e-01     0.1530    96.2473     7.2525     8.0413    31.7703    31.7736    25.3183    25.3205    7.63320 0.0000e+00
      44604      4.076     2.8732     2.8777   2.890531   2.891065     2.6662     2.7260      8.174     0.7346     1.9245 1.0642e-01     0.1526    96.2560     7.2298     8.0382    31.7710    31.7730    25.3187    25.3200    7.63299 0.0000e+00
      44607      4.023     2.8735     2.8783   2.890446   2.891135     2.6634     2.7264      8.173     0.7346     1.9245 1.3794e-01     0.1519    96.2733     7.2007     8.0357    31.7697    31.7733    25.3176    25.3201    7.63300 0.0000e+00
      44610      3.966     2.8734     2.8786   2.890441   2.891020     2.6601     2.7268      8.176     0.7346     1.9245 1.1841e-01     0.1515    96.2820     7.1723     8.0326    31.7697    31.7716    25.3176    25.3187    7.63301 0.0000e+00
      44613      3.911     2.8733     2.8777   2.890402   2.890821     2.6564     2.7260      8.174     0.7394     1.9245 1.0752e-01     0.1519    96.2733     7.1437     8.0287    31.7693    31.7701    25.3174    25.3176    7.63305 0.0000e+00
      44616      3.857     2.8732     2.8766   2.890468   2.890764     2.6528     2.7252      8.176     0.7639     1.9245 1.3126e-01     0.1519    96.2733     7.1146     8.0243    31.7703    31.7705    25.3181    25.3180    7.63302 0.0000e+00
      44619      3.799     2.8739     2.8755   2.890614   2.890623     2.6495     2.7256      8.173     0.7639     1.9245 1.3449e-01     0.1519    96.2733     7.0923     8.0250    31.7714    31.7699    25.3189    25.3176    7.63283 0.0000e+00
      44622      3.744     2.8746     2.8752   2.890670   2.890694     2.6454     2.7256      8.176     0.7590     1.9245 1.0691e-01     0.1519    96.2733     7.0703     8.0248    31.7714    31.7712    25.3189    25.3187    7.63269 0.0000e+00
      44625      3.686     2.8754     2.8751   2.890701   2.890622     2.6442     2.7252      8.174     0.7639     1.9245 1.0790e-01     0.1512    96.2907     7.0639     8.0221    31.7711    31.7704    25.3186    25.3181    7.63257 0.0000e+00
      44628      3.628     2.8759     2.8757   2.890690   2.890787     2.6418     2.7248      8.174     0.7590     1.9245 1.0929e-01     0.1504    96.3081     7.0618     8.0193    31.7705    31.7718    25.3181    25.3191    7.63250 0.0000e+00
      44631      3.572     2.8761     2.8760   2.890710   2.890710     2.6398     2.7256      8.176     0.7687     1.9245 1.5075e-01     0.1504    96.3081     7.0632     8.0248    31.7705    31.7706    25.3181    25.3182    7.63245 0.0000e+00
      44634      3.515     2.8760     2.8764   2.890637   2.890811     2.6377     2.7252      8.174     0.7590     1.9245 1.0629e-01     0.1501    96.3168     7.0641     8.0253    31.7697    31.7715    25.3175    25.3188    7.63251 0.0000e+00
      44637      3.456     2.8761     2.8776   2.890646   2.890943     2.6349     2.7256      8.176     0.7639     1.9245 1.3322e-01     0.1504    96.3081     7.0632     8.0301    31.7699    31.7720    25.3175    25.3191    7.63250 0.0000e+00
      44640      3.396     2.8760     2.8791   2.890652   2.890931     2.6320     2.7252      8.176     0.7541     1.9245 1.5475e-01     0.1504    96.3081     7.0620     8.0292    31.7700    31.7703    25.3177    25.3177    7.63250 0.0000e+00
      44643      3.342     2.8762     2.8794   2.890693   2.891024     2.6304     2.7256      8.174     0.7541     1.9245 1.1766e-01     0.1508    96.2994     7.0627     8.0308    31.7703    31.7712    25.3179    25.3183    7.63244 0.0000e+00
      44646      3.288     2.8763     2.8807   2.890646   2.891114     2.6275     2.7256      8.176     0.7443     1.9245 1.0753e-01     0.1508    96.2994     7.0571     8.0295    31.7697    31.7711    25.3174    25.3181    7.63246 0.0000e+00
      44649      3.235     2.8761     2.8795   2.890616   2.890725     2.6263     2.7252      8.174     0.7492     1.9245 1.0777e-01     0.1508    96.2994     7.0564     8.0273    31.7695    31.7675    25.3173    25.3154    7.63250 0.0000e+00
      44652      3.183     2.8760     2.8742   2.890590   2.890306     2.6243     2.7252      8.176     0.7492     1.9245 1.0790e-01     0.1508    96.2994     7.0555     8.0255    31.7693    31.7677    25.3172    25.3160    7.63253 0.0000e+00
      44655      3.131     2.8757     2.8741   2.890579   2.890579     2.6227     2.7256      8.174     0.7492     1.9245 1.0790e-01     0.1508    96.2994     7.0563     8.0248    31.7695    31.7711    25.3173    25.3187    7.63258 0.0000e+00
      44658      3.083     2.8759     2.8749   2.890661   2.890615     2.6206     2.7252      8.176     0.7541     1.9245 1.0790e-01     0.1508    96.2994     7.0556     8.0211    31.7704    31.7708    25.3180    25.3185    7.63250 0.0000e+00
      44661      3.035     2.8767     2.8754   2.890778   2.890610     2.6198     2.7256      8.174     0.7541     1.9245 1.0790e-01     0.1508    96.2994     7.0591     8.0210    31.7711    31.7703    25.3185    25.3180    7.63231 0.0000e+00
      44664      2.991     2.8772     2.8757   2.890748   2.890627     2.6186     2.7256      8.173     0.7443     1.9245 1.0790e-01     0.1508    96.2994     7.0604     8.0199    31.7702    31.7702    25.3177    25.3178    7.63226 0.0000e+00
      44667      2.946     2.8772     2.8750   2.890685   2.890463     2.6153     2.7252      8.176     0.7492     1.9245 1.0790e-01     0.1519    96.2733     7.0532     8.0188    31.7694    31.7689    25.3172    25.3169    7.63229 0.0000e+00
      44670      2.897     2.8770     2.8737   2.890675   2.890336     2.6149     2.7248      8.173     0.7492     2.0429 1.0790e-01     0.1519    96.2733     7.0569     8.0175    31.7695    31.7687    25.3172    25.3168    7.63232 0.0000e+00
      44673      2.849     2.8768     2.8718   2.890666   2.890285     2.6129     2.7248      8.174     0.7541     2.0429 1.0777e-01     0.1519    96.2733     7.0550     8.0174    31.7697    31.7700    25.3174    25.3180    7.63236 0.0000e+00
      44676      2.805     2.8768     2.8716   2.890687   2.890066     2.6125     2.7244      8.174     0.7541     2.0429 1.1572e-01     0.1515    96.2820     7.0585     8.0157    31.7699    31.7675    25.3176    25.3160    7.63235 0.0000e+00
      44679      2.759     2.8771     2.8683   2.890690   2.889841     2.6113     2.7248      8.176     0.7492     2.0429 1.0918e-01     0.1519    96.2733     7.0595     8.0184    31.7698    31.7681    25.3174    25.3168    7.63231 0.0000e+00
      44682      2.716     2.8772     2.8690   2.890689   2.890177     2.6096     2.7244      8.174     0.7541     2.0429 1.0802e-01     0.1519    96.2733     7.0570     8.0187    31.7696    31.7716    25.3173    25.3195    7.63228 0.0000e+00
      44685      2.672     2.8773     2.8726   2.890689   2.890437     2.6092     2.7244      8.174     0.7492     2.0429 1.5825e-01     0.1519    96.2733     7.0604     8.0209    31.7695    31.7712    25.3172    25.3189    7.63227 0.0000e+00
      44688      2.633     2.8774     2.8716   2.890687   2.890058     2.6068     2.7244      8.176     0.7443     2.0429 2.8770e-01     0.1508    96.2994     7.0590     8.0255    31.7695    31.7676    25.3172    25.3161    7.63226 0.0000e+00
      44691      2.594     2.8774     2.8681   2.890652   2.889814     2.6064     2.7248      8.174     0.7590     2.0429 1.6094e-01     0.1512    96.2907     7.0611     8.0324    31.7690    31.7681    25.3168    25.3168    7.63228 0.0000e+00
      44694      2.556     2.8773     2.8666   2.890650   2.889804     2.6060     2.7244      8.173     0.9006     2.0824 1.1183e-01     0.1512    96.2907     7.0617     8.0335    31.7692    31.7694    25.3169    25.3180    7.63230 0.0000e+00
      44697      2.520     2.8773     2.8666   2.890639   2.889790     2.6056     2.7244      8.173     0.9153     2.1614 1.0878e-01     0.1512    96.2907     7.0635     8.0356    31.7690    31.7692    25.3168    25.3179    7.63229 0.0000e+00
      44700      2.487     2.8772     2.8665   2.890619   2.889821     2.6043     2.7244      8.176     0.9104     2.1614 1.0765e-01     0.1512    96.2907     7.0616     8.0365    31.7689    31.7698    25.3167    25.3183    7.63233 0.0000e+00
      44703      2.455     2.8769     2.8680   2.890585   2.889996     2.6031     2.7244      8.174     0.9055     2.1614 1.8221e-01     0.1512    96.2907     7.0609     8.0377    31.7688    31.7705    25.3166    25.3187    7.63239 0.0000e+00
      44706      2.428     2.8768     2.8694   2.890585   2.890076     2.6027     2.7252      8.174     0.9104     2.1614 1.8174e-01     0.1508    96.2994     7.0616     8.0412    31.7690    31.7701    25.3168    25.3183    7.63241 0.0000e+00
      44709      2.404     2.8767     2.8702   2.890600   2.890148     2.6023     2.7252      8.173     0.9153     2.1614 1.2703e-01     0.1497    96.3255     7.0633     8.0411    31.7692    31.7702    25.3169    25.3183    7.63240 0.0000e+00
      44712      2.382     2.8765     2.8713   2.890478   2.890214     2.6023     2.7252      8.176     0.9104     2.1614 1.4032e-01     0.1497    96.3255     7.0693     8.0406    31.7679    31.7699    25.3160    25.3180    7.63250 0.0000e+00
