Datasets/AZMP/COO001/79001087.cnv
* Sea-Bird SBE 9 Data File:
* FileName = C:\CTDDATA\79001087.hex
* Software Version Seasave V 7.26.7.110
* Temperature SN = 5660
* Conductivity SN = 3698
* Number of Bytes Per Scan = 30
* Number of Voltage Words = 4
* Number of Scans Averaged by the Deck Unit = 1
* NMEA baud rate = 9600
** VESSEL/TRIP/SEQ STN:  79001087
** LATITUDE XX XX.XX N:  48 10.15 N
** LONGITUDE XX XX.XX W:  53 43.79 W
** SOUNDING DEPTH (M):  0175
** PROBE TYPE: S1257
** CTD NUMBER: 054
** COMMENTS (14 CHAR): SS-15
** BOTTLES:  0
** LEVELS:
** STICKERS:
** VNET: N
** DO2: N
# nquan = 22
# nvalues = 6616                        
# units = specified
# name 0 = scan: Scan Count
# name 1 = prDM: Pressure, Digiquartz [db]
# name 2 = t090C: Temperature [ITS-90, deg C]
# name 3 = t190C: Temperature, 2 [ITS-90, deg C]
# name 4 = c0S/m: Conductivity [S/m]
# name 5 = c1S/m: Conductivity, 2 [S/m]
# name 6 = sbeox0V: Oxygen raw, SBE 43 [V]
# name 7 = sbeox1V: Oxygen raw, SBE 43, 2 [V]
# name 8 = ph: pH
# name 9 = flECO-AFL: Fluorescence, WET Labs ECO-AFL/FL [mg/m^3]
# name 10 = wetCDOM: Fluorescence, WET Labs CDOM [mg/m^3]
# name 11 = par/sat/log: PAR/Logarithmic, Satlantic [umol photons/m^2/sec]
# name 12 = CStarAt0: Beam Attenuation, WET Labs C-Star [1/m]
# name 13 = CStarTr0: Beam Transmission, WET Labs C-Star [%]
# name 14 = sbeox0ML/L: Oxygen, SBE 43 [ml/l], WS = 2
# name 15 = sbeox1ML/L: Oxygen, SBE 43, 2 [ml/l], WS = 2
# name 16 = sal00: Salinity, Practical [PSU]
# name 17 = sal11: Salinity, Practical, 2 [PSU]
# name 18 = sigma-t00: Density [sigma-t, kg/m^3 ]
# name 19 = sigma-t11: Density, 2 [sigma-t, kg/m^3 ]
# name 20 = oxsatML/L: Oxygen Saturation, Weiss [ml/l]
# name 21 = flag: flag
# span 0 =        237,      22402       
# span 1 =      2.611,    162.428       
# span 2 =     0.2853,     3.4971       
# span 3 =     0.2842,     3.4945       
# span 4 =   2.760771,   2.934740       
# span 5 =   2.760918,   2.934893       
# span 6 =     2.4532,     2.7365       
# span 7 =     2.4218,     2.7047       
# span 8 =      8.058,      8.185       
# span 9 =     0.0215,     0.6955       
# span 10 =     1.7665,     4.5301      
# span 11 = 1.0752e-01, 1.1482e+00      
# span 12 =     0.0860,     0.2863      
# span 13 =    93.0929,    97.8723      
# span 14 =     6.8486,     7.6097      
# span 15 =     7.5421,     7.8985      
# span 16 =    30.9631,    32.7129      
# span 17 =    30.9655,    32.7150      
# span 18 =    24.6411,    26.2462      
# span 19 =    24.6431,    26.2479      
# span 20 =    7.52960,    8.10997      
# span 21 = 0.0000e+00, 0.0000e+00      
# interval = scans: 3                   
# start_time = Dec 02 2019 00:09:11 [System UTC, header]
# bad_flag = -9.990e-29
*END*
[from data line 5005]
      17473     75.939     3.0421     3.0651   2.925579   2.927155     2.6835     2.6526      8.156     0.1241     2.0429 1.0790e-01     0.0896    97.7854     7.4191     7.8093    31.9901    31.9862    25.4794    25.4744    7.58941 0.0000e+00
      17476     75.854     3.0424     3.0652   2.925560   2.927146     2.6844     2.6534      8.156     0.1290     2.0429 1.0790e-01     0.0896    97.7854     7.4226     7.8130    31.9896    31.9861    25.4790    25.4743    7.58938 0.0000e+00
      17479     75.768     3.0417     3.0654   2.925454   2.927182     2.6835     2.6538      8.156     0.1290     2.0034 1.0790e-01     0.0899    97.7767     7.4201     7.8165    31.9890    31.9865    25.4786    25.4745    7.58954 0.0000e+00
      17482     75.682     3.0413     3.0662   2.925564   2.927242     2.6835     2.6538      8.158     0.1485     2.0429 1.0790e-01     0.0917    97.7332     7.4214     7.8175    31.9909    31.9864    25.4801    25.4744    7.58954 0.0000e+00
      17485     75.599     3.0426     3.0677   2.925739   2.927310     2.6835     2.6538      8.156     0.1436     2.0429 1.0790e-01     0.0917    97.7332     7.4221     7.8176    31.9917    31.9858    25.4807    25.4738    7.58925 0.0000e+00
      17488     75.514     3.0447     3.0698   2.925877   2.927444     2.6844     2.6538      8.156     0.1436     2.0429 1.0790e-01     0.0917    97.7332     7.4252     7.8167    31.9914    31.9853    25.4802    25.4732    7.58886 0.0000e+00
      17491     75.428     3.0464     3.0720   2.925914   2.927602     2.6840     2.6538      8.156     0.1436     2.1614 1.0790e-01     0.0917    97.7332     7.4246     7.8148    31.9901    31.9851    25.4791    25.4729    7.58860 0.0000e+00
      17494     75.341     3.0478     3.0748   2.925972   2.927750     2.6844     2.6546      8.156     0.1387     2.1614 1.0790e-01     0.0917    97.7332     7.4252     7.8149    31.9895    31.9842    25.4784    25.4719    7.58835 0.0000e+00
      17497     75.257     3.0492     3.0772   2.926043   2.927863     2.6852     2.6546      8.156     0.1436     2.1614 1.0790e-01     0.0917    97.7332     7.4268     7.8126    31.9890    31.9832    25.4779    25.4709    7.58812 0.0000e+00
      17500     75.172     3.0497     3.0787   2.926075   2.927910     2.6848     2.6546      8.156     0.1485     2.1614 1.0790e-01     0.0913    97.7419     7.4254     7.8089    31.9889    31.9824    25.4778    25.4701    7.58802 0.0000e+00
      17503     75.090     3.0506     3.0795   2.926117   2.927949     2.6844     2.6550      8.156     0.1436     2.1614 1.0790e-01     0.0896    97.7854     7.4229     7.8101    31.9886    31.9820    25.4775    25.4698    7.58788 0.0000e+00
      17506     75.006     3.0515     3.0801   2.926153   2.927959     2.6856     2.6550      8.156     0.1436     2.1614 1.0790e-01     0.0899    97.7767     7.4245     7.8096    31.9882    31.9816    25.4771    25.4694    7.58772 0.0000e+00
      17509     74.923     3.0518     3.0807   2.926127   2.927971     2.6852     2.6550      8.156     0.1290     2.1614 1.0790e-01     0.0906    97.7593     7.4216     7.8098    31.9876    31.9812    25.4766    25.4690    7.58770 0.0000e+00
      17512     74.839     3.0518     3.0811   2.926129   2.928031     2.6860     2.6550      8.156     0.1339     2.1614 1.0790e-01     0.0899    97.7767     7.4231     7.8104    31.9876    31.9816    25.4766    25.4693    7.58768 0.0000e+00
      17515     74.756     3.0521     3.0817   2.926121   2.928050     2.6860     2.6550      8.156     0.1290     2.0429 1.0790e-01     0.0896    97.7854     7.4227     7.8101    31.9873    31.9813    25.4764    25.4690    7.58765 0.0000e+00
      17518     74.672     3.0522     3.0830   2.926174   2.928140     2.6856     2.6550      8.156     0.1387     1.9245 1.0790e-01     0.0899    97.7767     7.4188     7.8096    31.9879    31.9810    25.4768    25.4687    7.58760 0.0000e+00
      17521     74.586     3.0532     3.0845   2.926228   2.928195     2.6856     2.6550      8.156     0.1290     1.9245 1.0790e-01     0.0896    97.7854     7.4190     7.8103    31.9877    31.9803    25.4765    25.4680    7.58743 0.0000e+00
      17524     74.499     3.0540     3.0861   2.926271   2.928243     2.6856     2.6550      8.156     0.1339     1.9245 1.0790e-01     0.0885    97.8114     7.4184     7.8093    31.9874    31.9794    25.4763    25.4671    7.58729 0.0000e+00
      17527     74.412     3.0547     3.0874   2.926250   2.928334     2.6844     2.6559      8.156     0.1290     1.9245 1.0790e-01     0.0885    97.8114     7.4147     7.8134    31.9865    31.9792    25.4755    25.4669    7.58719 0.0000e+00
      17530     74.326     3.0551     3.0895   2.926295   2.928442     2.6856     2.6550      8.158     0.1290     1.9245 1.0790e-01     0.0885    97.8114     7.4177     7.8109    31.9867    31.9785    25.4756    25.4661    7.58711 0.0000e+00
      17533     74.243     3.0572     3.0908   2.926663   2.928502     2.6856     2.6563      8.156     0.1339     1.9245 1.0790e-01     0.0885    97.8114     7.4178     7.8168    31.9891    31.9779    25.4774    25.4656    7.58659 0.0000e+00
      17536     74.159     3.0609     3.0918   2.926849   2.928543     2.6856     2.6563      8.156     0.1339     1.9245 1.0790e-01     0.0885    97.8114     7.4174     7.8174    31.9877    31.9775    25.4759    25.4651    7.58594 0.0000e+00
      17539     74.075     3.0631     3.0925   2.926834   2.928633     2.6860     2.6563      8.158     0.1339     1.9245 1.0790e-01     0.0885    97.8114     7.4200     7.8150    31.9854    31.9780    25.4739    25.4655    7.58565 0.0000e+00
      17542     73.994     3.0635     3.0940   2.926708   2.928702     2.6852     2.6563      8.156     0.1339     2.1219 1.0790e-01     0.0946    97.6637     7.4171     7.8121    31.9835    31.9773    25.4724    25.4648    7.58567 0.0000e+00
      17545     73.906     3.0626     3.0951   2.926607   2.928738     2.6864     2.6563      8.156     0.1290     2.2798 1.0790e-01     0.0956    97.6376     7.4219     7.8088    31.9832    31.9767    25.4722    25.4642    7.58585 0.0000e+00
      17548     73.821     3.0623     3.0957   2.926625   2.928781     2.6860     2.6563      8.158     0.1290     2.2798 1.0790e-01     0.0956    97.6376     7.4223     7.8051    31.9838    31.9767    25.4727    25.4642    7.58588 0.0000e+00
      17551     73.736     3.0631     3.0969   2.926732   2.928834     2.6868     2.6567      8.156     0.1290     2.2798 1.0790e-01     0.0956    97.6376     7.4239     7.8027    31.9843    31.9762    25.4730    25.4636    7.58570 0.0000e+00
      17554     73.653     3.0630     3.0993   2.926723   2.929051     2.6856     2.6567      8.156     0.1290     2.2798 1.0790e-01     0.0953    97.6463     7.4187     7.8000    31.9843    31.9764    25.4731    25.4637    7.58572 0.0000e+00
      17557     73.569     3.0632     3.1025   2.926731   2.929228     2.6868     2.6575      8.156     0.1387     2.2798 1.0790e-01     0.0956    97.6376     7.4225     7.7989    31.9843    31.9754    25.4730    25.4626    7.58568 0.0000e+00
      17560     73.487     3.0633     3.1050   2.926764   2.929303     2.6864     2.6567      8.158     0.1436     2.2798 1.0790e-01     0.0942    97.6724     7.4206     7.7946    31.9846    31.9739    25.4733    25.4612    7.58564 0.0000e+00
      17563     73.404     3.0637     3.1061   2.926776   2.929338     2.6864     2.6563      8.156     0.1485     2.2798 1.0790e-01     0.0881    97.8201     7.4203     7.7920    31.9845    31.9733    25.4731    25.4605    7.58558 0.0000e+00
      17566     73.321     3.0650     3.1069   2.926964   2.929404     2.6856     2.6563      8.158     0.1436     2.2403 1.0790e-01     0.0885    97.8114     7.4177     7.7909    31.9854    31.9733    25.4737    25.4605    7.58528 0.0000e+00
      17569     73.235     3.0675     3.1076   2.927111   2.929454     2.6872     2.6563      8.156     0.1436     2.0429 1.0790e-01     0.0885    97.8114     7.4231     7.7899    31.9847    31.9733    25.4730    25.4605    7.58483 0.0000e+00
      17572     73.149     3.0695     3.1087   2.927170   2.929569     2.6872     2.6563      8.156     0.1436     2.0429 1.0790e-01     0.0885    97.8114     7.4242     7.7886    31.9836    31.9736    25.4719    25.4606    7.58452 0.0000e+00
      17575     73.063     3.0697     3.1105   2.926974   2.929708     2.6864     2.6563      8.159     0.1436     2.0429 1.0790e-01     0.0885    97.8114     7.4229     7.7881    31.9810    31.9736    25.4699    25.4604    7.58461 0.0000e+00
      17578     72.980     3.0683     3.1127   2.926896   2.929810     2.6868     2.6563      8.156     0.1436     2.0429 1.0790e-01     0.0885    97.8114     7.4254     7.7881    31.9815    31.9727    25.4704    25.4595    7.58485 0.0000e+00
      17581     72.896     3.0704     3.1141   2.927224   2.929863     2.6868     2.6563      8.158     0.1387     2.0429 1.0790e-01     0.0889    97.8027     7.4246     7.7888    31.9834    31.9719    25.4717    25.4588    7.58435 0.0000e+00
      17584     72.812     3.0731     3.1159   2.927372   2.929932     2.6868     2.6563      8.156     0.1387     2.0429 1.0790e-01     0.0885    97.8114     7.4260     7.7913    31.9826    31.9710    25.4708    25.4579    7.58388 0.0000e+00
      17587     72.726     3.0745     3.1171   2.927426   2.929980     2.6872     2.6563      8.156     0.1339     2.0429 1.0790e-01     0.0885    97.8114     7.4281     7.7936    31.9819    31.9705    25.4701    25.4574    7.58364 0.0000e+00
      17590     72.642     3.0771     3.1179   2.927659   2.929969     2.6876     2.6563      8.156     0.1290     2.0429 1.0790e-01     0.0885    97.8114     7.4275     7.7960    31.9822    31.9696    25.4701    25.4566    7.58313 0.0000e+00
      17593     72.557     3.0796     3.1184   2.927669   2.929962     2.6880     2.6563      8.159     0.1339     2.0429 1.0790e-01     0.0885    97.8114     7.4264     7.7977    31.9799    31.9691    25.4681    25.4561    7.58278 0.0000e+00
      17596     72.472     3.0803     3.1186   2.927607   2.929986     2.6884     2.6563      8.156     0.1290     2.0429 1.0790e-01     0.0885    97.8114     7.4297     7.7998    31.9784    31.9692    25.4669    25.4563    7.58271 0.0000e+00
      17599     72.386     3.0804     3.1190   2.927608   2.929994     2.6884     2.6563      8.158     0.1290     2.0429 1.0790e-01     0.0885    97.8114     7.4291     7.8016    31.9785    31.9690    25.4669    25.4560    7.58270 0.0000e+00
      17602     72.300     3.0807     3.1190   2.927628   2.930028     2.6880     2.6563      8.156     0.1290     2.0429 1.0790e-01     0.0889    97.8027     7.4273     7.8029    31.9784    31.9694    25.4668    25.4564    7.58264 0.0000e+00
      17605     72.218     3.0807     3.1191   2.927612   2.929993     2.6884     2.6563      8.156     0.1290     2.0429 1.0790e-01     0.0889    97.8027     7.4283     7.8038    31.9783    31.9690    25.4667    25.4560    7.58264 0.0000e+00
      17608     72.134     3.0813     3.1192   2.927635   2.929985     2.6892     2.6563      8.156     0.1290     2.0429 1.0790e-01     0.0885    97.8114     7.4295     7.8043    31.9780    31.9688    25.4664    25.4559    7.58254 0.0000e+00
      17611     72.051     3.0814     3.1195   2.927632   2.930023     2.6888     2.6575      8.159     0.1339     2.0429 1.0790e-01     0.0885    97.8114     7.4257     7.8085    31.9779    31.9690    25.4663    25.4560    7.58253 0.0000e+00
      17614     71.967     3.0819     3.1204   2.927689   2.930084     2.6880     2.6571      8.156     0.1290     2.0429 1.0790e-01     0.0889    97.8027     7.4206     7.8069    31.9782    31.9689    25.4665    25.4559    7.58243 0.0000e+00
      17617     71.881     3.0826     3.1213   2.927757   2.930150     2.6884     2.6575      8.156     0.1339     2.0429 1.0790e-01     0.0885    97.8114     7.4192     7.8103    31.9783    31.9689    25.4666    25.4557    7.58228 0.0000e+00
      17620     71.795     3.0832     3.1230   2.927714   2.930284     2.6896     2.6575      8.156     0.1290     2.0429 1.0790e-01     0.0889    97.8027     7.4227     7.8115    31.9773    31.9687    25.4657    25.4555    7.58222 0.0000e+00
      17623     71.712     3.0833     3.1254   2.927729   2.930494     2.6888     2.6575      8.156     0.1290     2.0429 1.0790e-01     0.0906    97.7593     7.4192     7.8118    31.9774    31.9690    25.4657    25.4555    7.58219 0.0000e+00
      17626     71.625     3.0842     3.1283   2.927774   2.930663     2.6896     2.6575      8.156     0.1290     2.0429 1.0790e-01     0.0906    97.7593     7.4217     7.8119    31.9771    31.9682    25.4654    25.4546    7.58204 0.0000e+00
      17629     71.538     3.0850     3.1302   2.927836   2.930718     2.6892     2.6575      8.156     0.1290     2.0429 1.0790e-01     0.0906    97.7593     7.4180     7.8123    31.9771    31.9670    25.4654    25.4535    7.58189 0.0000e+00
      17632     71.453     3.0864     3.1312   2.928029   2.930787     2.6892     2.6575      8.158     0.1290     2.0429 1.0790e-01     0.0906    97.7593     7.4174     7.8129    31.9780    31.9669    25.4661    25.4533    7.58157 0.0000e+00
      17635     71.370     3.0896     3.1325   2.928335   2.930839     2.6888     2.6575      8.159     0.1290     2.0429 1.0790e-01     0.0906    97.7593     7.4162     7.8138    31.9786    31.9663    25.4662    25.4527    7.58093 0.0000e+00
      17638     71.286     3.0935     3.1334   2.928517   2.930905     2.6880     2.6579      8.158     0.1485     2.0429 1.0790e-01     0.0906    97.7593     7.4126     7.8175    31.9770    31.9662    25.4646    25.4526    7.58028 0.0000e+00
      17641     71.201     3.0963     3.1341   2.928588   2.930948     2.6880     2.6587      8.158     0.1436     2.0429 1.0790e-01     0.0910    97.7506     7.4112     7.8206    31.9751    31.9661    25.4628    25.4524    7.57983 0.0000e+00
      17644     71.114     3.0975     3.1347   2.928510   2.930999     2.6892     2.6587      8.156     0.1534     2.0429 1.0790e-01     0.0906    97.7593     7.4151     7.8211    31.9730    31.9662    25.4611    25.4524    7.57971 0.0000e+00
      17647     71.026     3.0975     3.1361   2.928453   2.931131     2.6888     2.6587      8.158     0.1436     1.9245 1.0790e-01     0.0906    97.7593     7.4135     7.8209    31.9724    31.9665    25.4606    25.4525    7.57974 0.0000e+00
      17650     70.942     3.0978     3.1390   2.928545   2.931405     2.6892     2.6591      8.158     0.1534     1.9245 1.0790e-01     0.0906    97.7593     7.4153     7.8213    31.9732    31.9669    25.4612    25.4526    7.57964 0.0000e+00
      17653     70.856     3.0993     3.1419   2.928699   2.931574     2.6880     2.6595      8.159     0.1436     1.9245 1.0790e-01     0.0906    97.7593     7.4127     7.8201    31.9736    31.9662    25.4614    25.4518    7.57933 0.0000e+00
      17656     70.773     3.1013     3.1441   2.928809   2.931667     2.6888     2.6599      8.158     0.1534     1.9245 1.0790e-01     0.0906    97.7593     7.4161     7.8189    31.9731    31.9651    25.4608    25.4508    7.57899 0.0000e+00
      17659     70.688     3.1030     3.1452   2.928854   2.931714     2.6892     2.6599      8.158     0.1436     1.9245 1.0790e-01     0.0906    97.7593     7.4185     7.8156    31.9720    31.9646    25.4598    25.4503    7.57871 0.0000e+00
      17662     70.605     3.1037     3.1459   2.928959   2.931782     2.6892     2.6599      8.158     0.1485     1.9245 1.0790e-01     0.0896    97.7854     7.4201     7.8136    31.9726    31.9648    25.4602    25.4504    7.57855 0.0000e+00
