Datasets/AZMP/COO001/79001112.cnv
* Sea-Bird SBE 9 Data File:
* FileName = C:\CTDDATA\79001112.hex
* Software Version Seasave V 7.26.7.110
* Temperature SN = 5660
* Conductivity SN = 3698
* Number of Bytes Per Scan = 30
* Number of Voltage Words = 4
* Number of Scans Averaged by the Deck Unit = 1
* NMEA baud rate = 9600
** VESSEL/TRIP/SEQ STN:  79001112
** LATITUDE XX XX.XX N:  47 00.00 N
** LONGITUDE XX XX.XX W:  47 15.00 W
** SOUNDING DEPTH (M):  0535
** PROBE TYPE: S1257
** CTD NUMBER: 072
** COMMENTS (14 CHAR): FC-15
** BOTTLES:  13
** LEVELS: 5,5,10,20,20,30,40,50,75,100,150,250,BTM
** STICKERS: 435520 - 435532
** VNET: Y
** DO2: N
# nquan = 22
# nvalues = 10517                       
# units = specified
# name 0 = scan: Scan Count
# name 1 = prDM: Pressure, Digiquartz [db]
# name 2 = t090C: Temperature [ITS-90, deg C]
# name 3 = t190C: Temperature, 2 [ITS-90, deg C]
# name 4 = c0S/m: Conductivity [S/m]
# name 5 = c1S/m: Conductivity, 2 [S/m]
# name 6 = sbeox0V: Oxygen raw, SBE 43 [V]
# name 7 = sbeox1V: Oxygen raw, SBE 43, 2 [V]
# name 8 = ph: pH
# name 9 = flECO-AFL: Fluorescence, WET Labs ECO-AFL/FL [mg/m^3]
# name 10 = wetCDOM: Fluorescence, WET Labs CDOM [mg/m^3]
# name 11 = par/sat/log: PAR/Logarithmic, Satlantic [umol photons/m^2/sec]
# name 12 = CStarAt0: Beam Attenuation, WET Labs C-Star [1/m]
# name 13 = CStarTr0: Beam Transmission, WET Labs C-Star [%]
# name 14 = sbeox0ML/L: Oxygen, SBE 43 [ml/l], WS = 2
# name 15 = sbeox1ML/L: Oxygen, SBE 43, 2 [ml/l], WS = 2
# name 16 = sal00: Salinity, Practical [PSU]
# name 17 = sal11: Salinity, Practical, 2 [PSU]
# name 18 = sigma-t00: Density [sigma-t, kg/m^3 ]
# name 19 = sigma-t11: Density, 2 [sigma-t, kg/m^3 ]
# name 20 = oxsatML/L: Oxygen Saturation, Weiss [ml/l]
# name 21 = flag: flag
# span 0 =          2,      80008       
# span 1 =      0.702,    521.028       
# span 2 =     2.7577,     3.9801       
# span 3 =     2.7560,     3.9797       
# span 4 =   3.030774,   3.257030       
# span 5 =   3.030804,   3.257208       
# span 6 =     2.3729,     2.7783       
# span 7 =     2.3489,     2.7488       
# span 8 =      8.051,      8.150       
# span 9 =    -0.0176,     1.5795       
# span 10 =    -1.8655,     2.0429      
# span 11 = 1.0752e-01, 1.8289e+00      
# span 12 =     0.0556,     0.1959      
# span 13 =    95.2219,    98.6196      
# span 14 =     6.4253,     7.5507      
# span 15 =     6.7517,     7.9862      
# span 16 =    33.1383,    34.7717      
# span 17 =    33.1414,    34.7677      
# span 18 =    26.3814,    27.6099      
# span 19 =    26.3842,    27.6044      
# span 20 =    7.27880,    7.53156      
# span 21 = 0.0000e+00, 0.0000e+00      
# interval = scans: 3                   
# start_time = Dec 06 2019 07:10:02 [System UTC, header]
# bad_flag = -9.990e-29
*END*
[from data line 8560]
      40548    168.951     3.1710     3.1656   3.147318   3.146681     2.4428     2.4179      8.064    -0.0029     1.5692 1.0790e-01     0.0789    98.0460     6.5510     6.8809    34.4925    34.4905    27.4641    27.4631    7.43954 0.0000e+00
      40551    168.844     3.1701     3.1654   3.147435   3.146620     2.4436     2.4175      8.061    -0.0029     1.5692 1.0790e-01     0.0793    98.0373     6.5521     6.8785    34.4949    34.4901    27.4661    27.4628    7.43958 0.0000e+00
      40554    168.751     3.1727     3.1650   3.148370   3.146637     2.4440     2.4167      8.064    -0.0029     1.5692 1.0790e-01     0.0789    98.0460     6.5528     6.8745    34.5036    34.4908    27.4728    27.4633    7.43868 0.0000e+00
      40557    168.669     3.1769     3.1648   3.148656   3.146614     2.4436     2.4167      8.063    -0.0029     1.5692 1.0790e-01     0.0789    98.0460     6.5530     6.8723    34.5026    34.4907    27.4716    27.4633    7.43794 0.0000e+00
      40560    168.605     3.1787     3.1645   3.148635   3.146616     2.4436     2.4167      8.064    -0.0029     1.5692 1.0790e-01     0.0789    98.0460     6.5537     6.8708    34.5005    34.4911    27.4698    27.4636    7.43772 0.0000e+00
      40563    168.559     3.1793     3.1644   3.148488   3.146662     2.4436     2.4167      8.064    -0.0029     1.5692 1.0790e-01     0.0789    98.0460     6.5527     6.8703    34.4980    34.4918    27.4678    27.4642    7.43772 0.0000e+00
      40566    168.520     3.1794     3.1646   3.148437   3.146680     2.4444     2.4167      8.064    -0.0029     1.5692 1.0790e-01     0.0793    98.0373     6.5554     6.8733    34.4974    34.4918    27.4673    27.4642    7.43774 0.0000e+00
      40569    168.482     3.1785     3.1647   3.148235   3.146707     2.4440     2.4167      8.064    -0.0029     1.5692 1.0790e-01     0.0789    98.0460     6.5538     6.8749    34.4959    34.4921    27.4662    27.4644    7.43798 0.0000e+00
      40669    168.421     3.1770     3.1647   3.148196   3.147066     2.4448     2.4188      8.064    -0.0029     1.5692 1.0790e-01     0.0768    98.0982     6.5526     6.9120    34.4971    34.4964    27.4672    27.4679    7.43821 0.0000e+00
      40672    168.291     3.1771     3.1652   3.148185   3.147058     2.4452     2.4183      8.064    -0.0029     1.5692 1.0790e-01     0.0768    98.0982     6.5532     6.9095    34.4969    34.4958    27.4671    27.4674    7.43819 0.0000e+00
      40675    168.151     3.1768     3.1647   3.148145   3.146940     2.4448     2.4188      8.064    -0.0029     1.5692 1.0790e-01     0.0764    98.1069     6.5515     6.9108    34.4967    34.4950    27.4670    27.4668    7.43825 0.0000e+00
      40678    168.005     3.1769     3.1649   3.148136   3.147074     2.4452     2.4192      8.063    -0.0029     1.5692 1.0790e-01     0.0757    98.1243     6.5518     6.9113    34.4967    34.4966    27.4669    27.4680    7.43824 0.0000e+00
      40681    167.850     3.1767     3.1654   3.148070   3.147094     2.4448     2.4192      8.063    -0.0029     1.5692 1.0790e-01     0.0757    98.1243     6.5496     6.9098    34.4961    34.4964    27.4665    27.4678    7.43830 0.0000e+00
      40684    167.686     3.1760     3.1650   3.147979   3.146998     2.4452     2.4192      8.064     0.0020     1.5692 1.0790e-01     0.0761    98.1156     6.5525     6.9096    34.4959    34.4957    27.4664    27.4673    7.43844 0.0000e+00
      40687    167.513     3.1757     3.1644   3.147866   3.146848     2.4453     2.4192      8.064     0.0020     1.4902 1.0790e-01     0.0764    98.1069     6.5533     6.9104    34.4949    34.4946    27.4656    27.4665    7.43855 0.0000e+00
      40690    167.332     3.1746     3.1643   3.147683   3.146884     2.4457     2.4192      8.064    -0.0029     1.4507 1.0790e-01     0.0764    98.1069     6.5555     6.9088    34.4940    34.4952    27.4650    27.4669    7.43880 0.0000e+00
      40693    167.147     3.1743     3.1651   3.147795   3.147083     2.4448     2.4188      8.064    -0.0029     1.4507 1.0790e-01     0.0768    98.0982     6.5537     6.9072    34.4957    34.4969    27.4664    27.4682    7.43876 0.0000e+00
      40696    166.958     3.1745     3.1653   3.147819   3.146994     2.4452     2.4192      8.064    -0.0029     1.4507 1.0790e-01     0.0782    98.0634     6.5550     6.9094    34.4959    34.4957    27.4665    27.4673    7.43872 0.0000e+00
      40699    166.765     3.1745     3.1640   3.147764   3.146499     2.4452     2.4192      8.064    -0.0029     1.4507 1.0790e-01     0.0779    98.0721     6.5553     6.9087    34.4953    34.4912    27.4661    27.4638    7.43874 0.0000e+00
      40702    166.571     3.1743     3.1617   3.147649   3.146252     2.4452     2.4192      8.064    -0.0029     1.4507 1.0790e-01     0.0779    98.0721     6.5558     6.9093    34.4943    34.4907    27.4653    27.4636    7.43884 0.0000e+00
      40705    166.377     3.1739     3.1618   3.147597   3.146348     2.4457     2.4192      8.064    -0.0029     1.4507 1.0790e-01     0.0779    98.0721     6.5584     6.9105    34.4942    34.4919    27.4652    27.4646    7.43892 0.0000e+00
      40708    166.183     3.1736     3.1600   3.147543   3.145781     2.4452     2.4200      8.064    -0.0029     1.4507 1.0790e-01     0.0779    98.0721     6.5573     6.9140    34.4940    34.4871    27.4651    27.4609    7.43898 0.0000e+00
      40711    165.991     3.1733     3.1584   3.147442   3.145994     2.4461     2.4196      8.064    -0.0029     1.4507 1.0790e-01     0.0779    98.0721     6.5607     6.9128    34.4932    34.4915    27.4645    27.4645    7.43908 0.0000e+00
      40714    165.801     3.1727     3.1618   3.147335   3.146587     2.4452     2.4200      8.064     0.0020     1.5297 1.0790e-01     0.0779    98.0721     6.5599     6.9136    34.4926    34.4952    27.4641    27.4671    7.43921 0.0000e+00
      40717    165.612     3.1705     3.1643   3.146445   3.146785     2.4465     2.4204      8.064    -0.0029     1.5692 1.0790e-01     0.0768    98.0982     6.5661     6.9142    34.4842    34.4950    27.4576    27.4668    7.44004 0.0000e+00
      40720    165.430     3.1676     3.1655   3.146257   3.146932     2.4457     2.4204      8.064     0.0020     1.5692 1.0790e-01     0.0768    98.0982     6.5638     6.9100    34.4852    34.4956    27.4586    27.4672    7.44054 0.0000e+00
      40723    165.254     3.1663     3.1656   3.146315   3.146851     2.4461     2.4196      8.065    -0.0029     1.5692 1.0790e-01     0.0768    98.0982     6.5660     6.9047    34.4874    34.4946    27.4605    27.4663    7.44068 0.0000e+00
      40726    165.083     3.1647     3.1634   3.145670   3.146396     2.4465     2.4204      8.065    -0.0029     1.5692 1.0790e-01     0.0768    98.0982     6.5689     6.9064    34.4813    34.4915    27.4558    27.4641    7.44127 0.0000e+00
      40729    164.918     3.1613     3.1595   3.145282   3.145380     2.4469     2.4204      8.065     0.0020     1.5692 1.0790e-01     0.0768    98.0982     6.5712     6.9029    34.4803    34.4834    27.4553    27.4579    7.44195 0.0000e+00
      40732    164.761     3.1597     3.1500   3.145118   3.143776     2.4465     2.4200      8.065    -0.0029     1.5692 1.0790e-01     0.0764    98.1069     6.5714     6.9001    34.4802    34.4742    27.4554    27.4515    7.44226 0.0000e+00
      40735    164.613     3.1577     3.1426   3.144863   3.142819     2.4469     2.4204      8.065    -0.0029     1.5692 1.0790e-01     0.0750    98.1416     6.5731     6.9034    34.4792    34.4705    27.4548    27.4493    7.44267 0.0000e+00
      40738    164.472     3.1563     3.1393   3.144762   3.142473     2.4477     2.4204      8.065    -0.0029     1.5692 1.0790e-01     0.0729    98.1938     6.5768     6.9028    34.4796    34.4699    27.4552    27.4491    7.44292 0.0000e+00
      40741    164.343     3.1554     3.1385   3.144906   3.142406     2.4473     2.4204      8.065    -0.0029     1.4507 1.0790e-01     0.0729    98.1938     6.5759     6.9013    34.4824    34.4701    27.4575    27.4493    7.44294 0.0000e+00
      40744    164.224     3.1553     3.1387   3.144903   3.142419     2.4477     2.4196      8.065     0.0020     1.4507 1.0790e-01     0.0733    98.1851     6.5781     6.9000    34.4825    34.4700    27.4577    27.4492    7.44296 0.0000e+00
      40747    164.116     3.1557     3.1392   3.145149   3.142439     2.4481     2.4200      8.065    -0.0029     1.4507 1.0790e-01     0.0729    98.1938     6.5789     6.9022    34.4851    34.4698    27.4597    27.4490    7.44275 0.0000e+00
      40750    164.019     3.1591     3.1399   3.146086   3.142468     2.4481     2.4200      8.065    -0.0029     1.4507 1.0790e-01     0.0726    98.2025     6.5777     6.9028    34.4930    34.4695    27.4657    27.4487    7.44174 0.0000e+00
      40753    163.931     3.1623     3.1416   3.146388   3.142737     2.4485     2.4192      8.065     0.0020     1.4507 1.0790e-01     0.0733    98.1851     6.5787     6.9013    34.4932    34.4709    27.4655    27.4497    7.44111 0.0000e+00
      40756    163.852     3.1644     3.1436   3.146517   3.143068     2.4489     2.4200      8.065     0.0020     1.4507 1.0790e-01     0.0722    98.2112     6.5787     6.9051    34.4926    34.4729    27.4648    27.4511    7.44076 0.0000e+00
      40759    163.781     3.1661     3.1445   3.146740   3.143223     2.4485     2.4200      8.065    -0.0029     1.4507 1.0790e-01     0.0722    98.2112     6.5764     6.9062    34.4935    34.4739    27.4654    27.4517    7.44040 0.0000e+00
      40762    163.718     3.1673     3.1451   3.146690   3.143232     2.4497     2.4200      8.064    -0.0029     1.4507 1.0790e-01     0.0722    98.2112     6.5783     6.9096    34.4917    34.4734    27.4639    27.4513    7.44027 0.0000e+00
      40765    163.671     3.1674     3.1444   3.146689   3.143090     2.4493     2.4196      8.064     0.0020     1.4507 1.0790e-01     0.0722    98.2112     6.5771     6.9130    34.4916    34.4724    27.4638    27.4506    7.44026 0.0000e+00
      40768    163.625     3.1676     3.1449   3.146654   3.143341     2.4497     2.4204      8.064    -0.0029     1.5692 1.0790e-01     0.0722    98.2112     6.5784     6.9188    34.4910    34.4750    27.4633    27.4526    7.44025 0.0000e+00
      40771    163.587     3.1676     3.1454   3.146598   3.143380     2.4501     2.4204      8.064    -0.0029     1.5692 1.0790e-01     0.0719    98.2198     6.5795     6.9207    34.4903    34.4749    27.4627    27.4525    7.44028 0.0000e+00
      40774    163.554     3.1671     3.1463   3.146535   3.143676     2.4497     2.4204      8.064    -0.0029     1.5692 1.0790e-01     0.0726    98.2025     6.5781     6.9259    34.4901    34.4776    27.4626    27.4546    7.44038 0.0000e+00
      40812    163.411     3.1573     3.1425   3.145150   3.142790     2.4522     2.4240      8.065     0.0166     1.5692 1.0790e-01     0.0779    98.0721     6.5815     6.9469    34.4839    34.4709    27.4586    27.4496    7.44252 0.0000e+00
      40816    163.379     3.1562     3.1425   3.144634   3.142844     2.4522     2.4240      8.065     0.0117     1.5692 1.0790e-01     0.0772    98.0895     6.5825     6.9437    34.4788    34.4716    27.4546    27.4501    7.44298 0.0000e+00
      40819    163.349     3.1541     3.1428   3.144396   3.142885     2.4518     2.4240      8.065     0.0117     1.4507 1.0790e-01     0.0768    98.0982     6.5819     6.9413    34.4781    34.4718    27.4542    27.4502    7.44340 0.0000e+00
      40822    163.312     3.1531     3.1433   3.144423   3.142859     2.4522     2.4244      8.065     0.0117     1.4507 1.0790e-01     0.0768    98.0982     6.5840     6.9404    34.4795    34.4710    27.4554    27.4496    7.44351 0.0000e+00
      40825    163.274     3.1529     3.1436   3.144532   3.142908     2.4522     2.4240      8.065     0.0020     1.4507 1.0777e-01     0.0768    98.0982     6.5858     6.9368    34.4811    34.4712    27.4568    27.4497    7.44347 0.0000e+00
      40828    163.227     3.1532     3.1433   3.144765   3.142914     2.4526     2.4249      8.065    -0.0029     1.4507 1.0790e-01     0.0768    98.0982     6.5875     6.9372    34.4836    34.4717    27.4588    27.4501    7.44330 0.0000e+00
      40831    163.176     3.1548     3.1433   3.145055   3.142913     2.4526     2.4244      8.065     0.0020     1.4507 1.0790e-01     0.0768    98.0982     6.5872     6.9333    34.4855    34.4717    27.4601    27.4501    7.44291 0.0000e+00
      40834    163.119     3.1562     3.1433   3.145187   3.142904     2.4526     2.4253      8.065    -0.0029     1.4507 1.0790e-01     0.0768    98.0982     6.5878     6.9324    34.4856    34.4716    27.4601    27.4501    7.44264 0.0000e+00
      40837    163.058     3.1570     3.1434   3.145247   3.142878     2.4534     2.4249      8.065    -0.0029     1.4507 1.0790e-01     0.0768    98.0982     6.5906     6.9291    34.4855    34.4713    27.4598    27.4498    7.44249 0.0000e+00
      40840    162.992     3.1577     3.1432   3.145294   3.142883     2.4534     2.4249      8.065     0.0020     1.4507 1.0790e-01     0.0764    98.1069     6.5914     6.9266    34.4853    34.4716    27.4597    27.4500    7.44236 0.0000e+00
      40843    162.922     3.1582     3.1434   3.145320   3.142864     2.4534     2.4253      8.065    -0.0029     1.4507 1.0790e-01     0.0764    98.1069     6.5919     6.9249    34.4852    34.4712    27.4595    27.4497    7.44228 0.0000e+00
      40846    162.847     3.1589     3.1432   3.145461   3.142825     2.4542     2.4249      8.065    -0.0029     1.4507 1.0790e-01     0.0761    98.1156     6.5932     6.9217    34.4862    34.4709    27.4603    27.4495    7.44211 0.0000e+00
      40849    162.768     3.1599     3.1432   3.145589   3.142767     2.4534     2.4244      8.065    -0.0078     1.4507 1.0790e-01     0.0764    98.1069     6.5900     6.9183    34.4867    34.4702    27.4606    27.4490    7.44189 0.0000e+00
      40852    162.683     3.1605     3.1431   3.145593   3.142773     2.4542     2.4253      8.065    -0.0029     1.4507 1.0790e-01     0.0764    98.1069     6.5931     6.9205    34.4862    34.4706    27.4601    27.4492    7.44181 0.0000e+00
      40855    162.595     3.1607     3.1433   3.145534   3.142763     2.4538     2.4253      8.065    -0.0029     1.4507 1.0790e-01     0.0764    98.1069     6.5910     6.9215    34.4854    34.4702    27.4594    27.4489    7.44182 0.0000e+00
      40858    162.507     3.1605     3.1429   3.145465   3.142459     2.4546     2.4244      8.065     0.0020     1.4507 1.0790e-01     0.0747    98.1503     6.5924     6.9200    34.4847    34.4670    27.4590    27.4464    7.44188 0.0000e+00
      40861    162.414     3.1603     3.1418   3.145365   3.142144     2.4542     2.4253      8.065    -0.0029     1.4507 1.0790e-01     0.0747    98.1503     6.5924     6.9252    34.4838    34.4644    27.4582    27.4445    7.44197 0.0000e+00
      40864    162.317     3.1603     3.1412   3.145486   3.142070     2.4554     2.4244      8.065     0.0020     1.4507 1.0790e-01     0.0747    98.1503     6.5974     6.9236    34.4854    34.4642    27.4595    27.4444    7.44189 0.0000e+00
      40867    162.215     3.1605     3.1409   3.145558   3.142063     2.4546     2.4244      8.065     0.0020     1.4507 1.0790e-01     0.0747    98.1503     6.5945     6.9256    34.4860    34.4644    27.4600    27.4446    7.44182 0.0000e+00
      40870    162.110     3.1609     3.1406   3.145592   3.142053     2.4546     2.4249      8.065    -0.0029     1.4902 1.0790e-01     0.0743    98.1590     6.5942     6.9300    34.4861    34.4647    27.4600    27.4448    7.44174 0.0000e+00
      40873    162.005     3.1612     3.1406   3.145629   3.142019     2.4554     2.4249      8.065     0.0020     1.5692 1.0790e-01     0.0747    98.1503     6.5971     6.9331    34.4863    34.4643    27.4601    27.4445    7.44167 0.0000e+00
