Datasets/AZMP/COO001/79001074.cnv
* Sea-Bird SBE 9 Data File:
* FileName = C:\CTDDATA\79001074.hex
* Software Version Seasave V 7.26.7.110
* Temperature SN = 5660
* Conductivity SN = 3698
* Number of Bytes Per Scan = 30
* Number of Voltage Words = 4
* Number of Scans Averaged by the Deck Unit = 1
* NMEA baud rate = 9600
** VESSEL/TRIP/SEQ STN:  79001074
** LATITUDE XX XX.XX N:  48 14.80 N
** LONGITUDE XX XX.XX W:  53 28.23 W
** SOUNDING DEPTH (M):  0289
** PROBE TYPE: S1257
** CTD NUMBER: 041
** COMMENTS (14 CHAR): SS-02
** BOTTLES:  0
** LEVELS:
** STICKERS:
** VNET: N
** DO2: N
# nquan = 22
# nvalues = 8368                        
# units = specified
# name 0 = scan: Scan Count
# name 1 = prDM: Pressure, Digiquartz [db]
# name 2 = t090C: Temperature [ITS-90, deg C]
# name 3 = t190C: Temperature, 2 [ITS-90, deg C]
# name 4 = c0S/m: Conductivity [S/m]
# name 5 = c1S/m: Conductivity, 2 [S/m]
# name 6 = sbeox0V: Oxygen raw, SBE 43 [V]
# name 7 = sbeox1V: Oxygen raw, SBE 43, 2 [V]
# name 8 = ph: pH
# name 9 = flECO-AFL: Fluorescence, WET Labs ECO-AFL/FL [mg/m^3]
# name 10 = wetCDOM: Fluorescence, WET Labs CDOM [mg/m^3]
# name 11 = par/sat/log: PAR/Logarithmic, Satlantic [umol photons/m^2/sec]
# name 12 = CStarAt0: Beam Attenuation, WET Labs C-Star [1/m]
# name 13 = CStarTr0: Beam Transmission, WET Labs C-Star [%]
# name 14 = sbeox0ML/L: Oxygen, SBE 43 [ml/l], WS = 2
# name 15 = sbeox1ML/L: Oxygen, SBE 43, 2 [ml/l], WS = 2
# name 16 = sal00: Salinity, Practical [PSU]
# name 17 = sal11: Salinity, Practical, 2 [PSU]
# name 18 = sigma-t00: Density [sigma-t, kg/m^3 ]
# name 19 = sigma-t11: Density, 2 [sigma-t, kg/m^3 ]
# name 20 = oxsatML/L: Oxygen Saturation, Weiss [ml/l]
# name 21 = flag: flag
# span 0 =         80,      30601       
# span 1 =      1.559,    297.416       
# span 2 =    -0.3425,     3.5516       
# span 3 =    -0.3539,     3.5519       
# span 4 =   2.710316,   2.938442       
# span 5 =   2.709770,   2.938629       
# span 6 =     2.1415,     2.7611       
# span 7 =     2.1100,     2.7167       
# span 8 =      7.947,      8.169       
# span 9 =     0.0068,     0.8420       
# span 10 =    -0.4048,     2.2798      
# span 11 = 1.0752e-01, 3.2962e+01      
# span 12 =     0.0789,     0.4072      
# span 13 =    90.3208,    98.0460      
# span 14 =     6.0433,     7.6568      
# span 15 =     6.3058,     7.9866      
# span 16 =    31.6408,    33.7054      
# span 17 =    31.6428,    33.7114      
# span 18 =    25.1599,    27.0130      
# span 19 =    25.1635,    27.0180      
# span 20 =    7.50891,    8.24704      
# span 21 = 0.0000e+00, 0.0000e+00      
# interval = scans: 3                   
# start_time = Dec 01 2019 11:21:46 [System UTC, header]
# bad_flag = -9.990e-29
*END*
[from data line 7243]
      26787     76.673     2.9562     3.0257   2.917799   2.921926     2.7237     2.6764      8.147     0.1876     1.9245 1.0790e-01     0.0814    97.9852     7.5713     7.8897    31.9810    31.9618    25.4794    25.4582    7.60633 0.0000e+00
      26790     76.585     2.9570     3.0267   2.917854   2.921946     2.7233     2.6764      8.147     0.1925     1.9245 1.0790e-01     0.0811    97.9939     7.5696     7.8886    31.9809    31.9612    25.4792    25.4577    7.60618 0.0000e+00
      26793     76.498     2.9579     3.0270   2.917887   2.921982     2.7229     2.6776      8.147     0.1778     1.9245 1.0790e-01     0.0811    97.9939     7.5676     7.8907    31.9804    31.9613    25.4788    25.4577    7.60603 0.0000e+00
      26796     76.414     2.9579     3.0270   2.917820   2.921967     2.7225     2.6772      8.147     0.1729     1.9245 1.0790e-01     0.0807    98.0026     7.5665     7.8852    31.9796    31.9612    25.4781    25.4576    7.60606 0.0000e+00
      26799     76.334     2.9599     3.0271   2.918247   2.921977     2.7229     2.6768      8.147     0.1778     1.9245 1.0790e-01     0.0811    97.9939     7.5664     7.8812    31.9829    31.9612    25.4806    25.4576    7.60552 0.0000e+00
      26802     76.256     2.9664     3.0275   2.918675   2.921976     2.7220     2.6764      8.147     0.1778     1.9245 1.0790e-01     0.0811    97.9939     7.5611     7.8774    31.9816    31.9609    25.4790    25.4574    7.60434 0.0000e+00
      26805     76.179     2.9711     3.0275   2.918819   2.922002     2.7229     2.6764      8.147     0.1827     1.9245 1.0790e-01     0.0811    97.9939     7.5621     7.8743    31.9787    31.9613    25.4763    25.4577    7.60358 0.0000e+00
      26808     76.104     2.9736     3.0281   2.918917   2.922022     2.7225     2.6764      8.147     0.1729     1.9245 1.0790e-01     0.0821    97.9678     7.5593     7.8715    31.9775    31.9609    25.4751    25.4573    7.60316 0.0000e+00
      26811     76.033     2.9758     3.0288   2.918918   2.922056     2.7233     2.6764      8.147     0.1729     2.0429 1.0790e-01     0.0821    97.9678     7.5620     7.8691    31.9753    31.9607    25.4733    25.4571    7.60286 0.0000e+00
      26814     75.962     2.9757     3.0304   2.918779   2.922162     2.7233     2.6764      8.147     0.1729     2.0429 1.0790e-01     0.0821    97.9678     7.5639     7.8670    31.9738    31.9604    25.4720    25.4567    7.60295 0.0000e+00
      26817     75.897     2.9737     3.0318   2.918393   2.922231     2.7233     2.6756      8.147     0.1778     2.0429 1.0790e-01     0.0821    97.9678     7.5644     7.8637    31.9711    31.9599    25.4701    25.4562    7.60347 0.0000e+00
      26820     75.831     2.9663     3.0327   2.917913   2.922303     2.7229     2.6752      8.147     0.1924     2.0429 1.0790e-01     0.0821    97.9678     7.5644     7.8642    31.9728    31.9599    25.4720    25.4561    7.60481 0.0000e+00
      26823     75.765     2.9593     3.0353   2.917299   2.922404     2.7229     2.6760      8.147     0.2071     2.0429 1.0790e-01     0.0821    97.9678     7.5665     7.8687    31.9723    31.9586    25.4722    25.4549    7.60618 0.0000e+00
      26826     75.699     2.9501     3.0366   2.916639   2.922431     2.7229     2.6752      8.147     0.2071     2.0429 1.0790e-01     0.0821    97.9678     7.5676     7.8656    31.9735    31.9576    25.4739    25.4540    7.60788 0.0000e+00
      26829     75.636     2.9413     3.0365   2.916349   2.922437     2.7233     2.6752      8.147     0.2120     2.0429 1.0790e-01     0.0818    97.9765     7.5692     7.8645    31.9787    31.9578    25.4789    25.4541    7.60930 0.0000e+00
      26832     75.575     2.9357     3.0380   2.916248   2.922538     2.7233     2.6752      8.147     0.2022     2.0429 1.0790e-01     0.0821    97.9678     7.5699     7.8631    31.9831    31.9576    25.4828    25.4539    7.61015 0.0000e+00
      26835     75.511     2.9328     3.0382   2.916217   2.922494     2.7237     2.6752      8.147     0.2120     2.0429 1.0790e-01     0.0818    97.9765     7.5710     7.8629    31.9857    31.9570    25.4851    25.4533    7.61058 0.0000e+00
      26838     75.449     2.9313     3.0393   2.916180   2.922617     2.7229     2.6752      8.147     0.2022     2.0429 1.0790e-01     0.0821    97.9678     7.5697     7.8633    31.9867    31.9574    25.4860    25.4536    7.61081 0.0000e+00
      26841     75.387     2.9307     3.0405   2.916241   2.922620     2.7229     2.6752      8.147     0.2120     2.0429 1.0790e-01     0.0818    97.9765     7.5693     7.8643    31.9881    31.9563    25.4872    25.4526    7.61086 0.0000e+00
      26844     75.323     2.9315     3.0398   2.916336   2.922547     2.7233     2.6752      8.147     0.2071     2.0429 1.0790e-01     0.0818    97.9765     7.5698     7.8634    31.9885    31.9561    25.4874    25.4525    7.61068 0.0000e+00
      26847     75.262     2.9322     3.0384   2.916338   2.922490     2.7241     2.6752      8.147     0.1778     2.0429 1.0790e-01     0.0835    97.9331     7.5727     7.8621    31.9878    31.9568    25.4868    25.4532    7.61058 0.0000e+00
      26850     75.198     2.9325     3.0388   2.916333   2.922529     2.7229     2.6744      8.147     0.1729     2.0429 1.0790e-01     0.0853    97.8896     7.5674     7.8586    31.9876    31.9569    25.4866    25.4532    7.61055 0.0000e+00
      26853     75.135     2.9328     3.0413   2.916361   2.922706     2.7233     2.6740      8.147     0.1827     2.0429 1.0790e-01     0.0853    97.8896     7.5678     7.8541    31.9876    31.9566    25.4866    25.4528    7.61048 0.0000e+00
      26856     75.072     2.9328     3.0438   2.916286   2.922771     2.7233     2.6740      8.147     0.1729     2.0429 1.0790e-01     0.0853    97.8896     7.5684     7.8518    31.9867    31.9549    25.4858    25.4512    7.61052 0.0000e+00
      26859     75.007     2.9313     3.0437   2.916147   2.922700     2.7237     2.6740      8.147     0.1729     2.0429 1.0790e-01     0.0853    97.8896     7.5710     7.8510    31.9865    31.9542    25.4859    25.4507    7.61081 0.0000e+00
      26862     74.942     2.9302     3.0419   2.916112   2.922598     2.7233     2.6740      8.147     0.1729     2.0429 1.0790e-01     0.0853    97.8896     7.5713     7.8513    31.9872    31.9548    25.4865    25.4513    7.61099 0.0000e+00
      26865     74.876     2.9299     3.0430   2.916115   2.922694     2.7229     2.6740      8.147     0.1729     2.0429 1.0790e-01     0.0853    97.8896     7.5712     7.8518    31.9876    31.9549    25.4869    25.4512    7.61103 0.0000e+00
      26868     74.808     2.9297     3.0442   2.916085   2.922780     2.7233     2.6740      8.147     0.1729     2.0429 1.0790e-01     0.0843    97.9157     7.5732     7.8532    31.9875    31.9548    25.4868    25.4511    7.61108 0.0000e+00
      26871     74.740     2.9297     3.0460   2.916177   2.922854     2.7237     2.6732      8.147     0.1729     2.0429 1.0790e-01     0.0836    97.9331     7.5776     7.8525    31.9887    31.9539    25.4877    25.4502    7.61103 0.0000e+00
      26874     74.670     2.9315     3.0441   2.916378   2.922597     2.7229     2.6732      8.147     0.1680     2.0429 1.0790e-01     0.0832    97.9418     7.5769     7.8552    31.9893    31.9527    25.4881    25.4494    7.61063 0.0000e+00
      26877     74.598     2.9336     3.0403   2.916429   2.922421     2.7233     2.6728      8.147     0.1632     2.0429 1.0790e-01     0.0836    97.9331     7.5785     7.8560    31.9879    31.9545    25.4868    25.4512    7.61031 0.0000e+00
      26880     74.525     2.9353     3.0388   2.916479   2.922353     2.7237     2.6728      8.147     0.1583     2.0429 1.0790e-01     0.0832    97.9418     7.5812     7.8594    31.9869    31.9551    25.4858    25.4518    7.61004 0.0000e+00
      26883     74.453     2.9356     3.0369   2.916456   2.922248     2.7241     2.6728      8.147     0.1583     2.0429 1.0790e-01     0.0832    97.9418     7.5834     7.8631    31.9863    31.9558    25.4854    25.4525    7.61001 0.0000e+00
      26886     74.381     2.9356     3.0346   2.916488   2.922076     2.7241     2.6728      8.147     0.1583     2.0034 1.0790e-01     0.0839    97.9244     7.5860     7.8681    31.9868    31.9561    25.4857    25.4529    7.60998 0.0000e+00
      26889     74.305     2.9363     3.0317   2.916514   2.921925     2.7249     2.6728      8.147     0.1583     1.9245 1.0790e-01     0.0832    97.9418     7.5890     7.8732    31.9863    31.9571    25.4854    25.4540    7.60986 0.0000e+00
      26892     74.228     2.9371     3.0280   2.916591   2.921710     2.7249     2.6728      8.147     0.1583     1.9245 1.0790e-01     0.0832    97.9418     7.5870     7.8788    31.9865    31.9583    25.4854    25.4552    7.60970 0.0000e+00
      26895     74.151     2.9389     3.0255   2.916669   2.921625     2.7257     2.6728      8.147     0.1583     1.9245 1.0790e-01     0.0832    97.9418     7.5892     7.8852    31.9857    31.9598    25.4846    25.4566    7.60939 0.0000e+00
      26898     74.070     2.9399     3.0243   2.916682   2.921577     2.7253     2.6728      8.147     0.1681     1.9245 1.0790e-01     0.0832    97.9418     7.5858     7.8904    31.9850    31.9604    25.4839    25.4572    7.60925 0.0000e+00
      26901     73.988     2.9401     3.0235   2.916706   2.921478     2.7253     2.6728      8.147     0.1876     1.9245 1.0790e-01     0.0836    97.9331     7.5842     7.8940    31.9851    31.9601    25.4840    25.4570    7.60920 0.0000e+00
      26904     73.902     2.9409     3.0218   2.916695   2.921430     2.7257     2.6740      8.147     0.1973     1.9245 1.0790e-01     0.0832    97.9418     7.5832     7.9008    31.9842    31.9611    25.4833    25.4580    7.60909 0.0000e+00
      26907     73.815     2.9404     3.0233   2.916689   2.921504     2.7261     2.6736      8.147     0.1876     1.9245 1.0790e-01     0.0846    97.9070     7.5842     7.9005    31.9847    31.9606    25.4837    25.4575    7.60917 0.0000e+00
      26910     73.732     2.9401     3.0237   2.916630   2.921522     2.7265     2.6740      8.147     0.1925     1.9245 1.0790e-01     0.0871    97.8462     7.5846     7.9023    31.9843    31.9605    25.4834    25.4574    7.60924 0.0000e+00
      26913     73.641     2.9397     3.0235   2.916588   2.921474     2.7261     2.6740      8.147     0.1876     1.9245 1.0790e-01     0.0867    97.8549     7.5823     7.9024    31.9843    31.9601    25.4834    25.4571    7.60932 0.0000e+00
      26916     73.547     2.9399     3.0223   2.916626   2.921408     2.7253     2.6744      8.147     0.1925     1.9245 1.0790e-01     0.0874    97.8375     7.5771     7.9057    31.9846    31.9606    25.4836    25.4576    7.60927 0.0000e+00
      26919     73.454     2.9420     3.0228   2.917004   2.921538     2.7261     2.6748      8.147     0.1876     1.9245 1.0790e-01     0.0871    97.8462     7.5786     7.9078    31.9871    31.9617    25.4854    25.4584    7.60873 0.0000e+00
      26922     73.359     2.9485     3.0325   2.917628   2.922180     2.7257     2.6752      8.147     0.1876     1.9245 1.0790e-01     0.0867    97.8549     7.5740     7.9067    31.9883    31.9599    25.4858    25.4561    7.60743 0.0000e+00
      26925     73.262     2.9546     3.0441   2.917800   2.922715     2.7265     2.6752      8.147     0.1876     1.9245 1.0790e-01     0.0864    97.8636     7.5725     7.9026    31.9843    31.9550    25.4822    25.4512    7.60646 0.0000e+00
      26928     73.163     2.9582     3.0488   2.917843   2.922855     2.7261     2.6752      8.147     0.1876     1.9245 1.0790e-01     0.0864    97.8636     7.5698     7.8999    31.9814    31.9521    25.4795    25.4485    7.60593 0.0000e+00
      26931     73.063     2.9630     3.0529   2.918348   2.922996     2.7269     2.6752      8.147     0.1925     1.9245 1.0790e-01     0.0853    97.8896     7.5709     7.8989    31.9827    31.9497    25.4802    25.4462    7.60493 0.0000e+00
      26934     72.960     2.9710     3.0554   2.918911   2.923276     2.7269     2.6752      8.147     0.1876     1.9245 1.0790e-01     0.0853    97.8896     7.5706     7.8974    31.9816    31.9506    25.4786    25.4468    7.60345 0.0000e+00
      26937     72.856     2.9841     3.0656   2.919968   2.923795     2.7261     2.6756      8.147     0.1876     1.9245 1.0790e-01     0.0853    97.8896     7.5652     7.8974    31.9814    31.9469    25.4774    25.4429    7.60095 0.0000e+00
      26940     72.749     2.9949     3.0742   2.920231   2.924171     2.7261     2.6764      8.147     0.1925     1.9245 1.0790e-01     0.0853    97.8896     7.5635     7.8973    31.9740    31.9430    25.4706    25.4391    7.59927 0.0000e+00
      26943     72.640     3.0017     3.0796   2.920255   2.924318     2.7261     2.6764      8.147     0.1876     1.9245 1.0790e-01     0.0853    97.8896     7.5631     7.8953    31.9676    31.9395    25.4649    25.4358    7.59829 0.0000e+00
      26946     72.529     3.0033     3.0806   2.920232   2.924281     2.7253     2.6764      8.147     0.1925     1.9245 1.0790e-01     0.0853    97.8896     7.5613     7.8949    31.9658    31.9381    25.4633    25.4346    7.59807 0.0000e+00
      26949     72.418     3.0105     3.0828   2.921513   2.924504     2.7249     2.6764      8.147     0.1876     1.9245 1.0790e-01     0.0853    97.8896     7.5574     7.8944    31.9741    31.9387    25.4694    25.4349    7.59626 0.0000e+00
      26952     72.302     3.0236     3.0851   2.921738   2.924487     2.7265     2.6764      8.147     0.1876     1.9245 1.0790e-01     0.0853    97.8896     7.5606     7.8932    31.9640    31.9362    25.4602    25.4328    7.59428 0.0000e+00
      26955     72.185     3.0258     3.0845   2.921300   2.924491     2.7265     2.6768      8.147     0.1729     1.9245 1.0790e-01     0.0846    97.9070     7.5600     7.8931    31.9565    31.9369    25.4540    25.4334    7.59423 0.0000e+00
      26958     72.068     3.0283     3.0875   2.921579   2.924738     2.7261     2.6772      8.147     0.1729     1.9245 1.0790e-01     0.0846    97.9070     7.5587     7.8913    31.9575    31.9370    25.4546    25.4332    7.59371 0.0000e+00
      26961     71.951     3.0341     3.0926   2.922124   2.924965     2.7261     2.6776      8.147     0.1729     1.9245 1.0790e-01     0.0843    97.9157     7.5590     7.8883    31.9584    31.9347    25.4548    25.4310    7.59256 0.0000e+00
      26964     71.833     3.0394     3.0979   2.922168   2.925223     2.7269     2.6772      8.147     0.1729     1.9245 1.0790e-01     0.0850    97.8983     7.5619     7.8865    31.9537    31.9327    25.4506    25.4289    7.59178 0.0000e+00
      26967     71.712     3.0422     3.1033   2.922159   2.925467     2.7273     2.6772      8.147     0.1729     1.9245 1.0790e-01     0.0850    97.8983     7.5647     7.8876    31.9508    31.9302    25.4481    25.4265    7.59138 0.0000e+00
      26970     71.590     3.0439     3.1072   2.922211   2.925592     2.7273     2.6776      8.147     0.1778     1.9245 1.0790e-01     0.0889    97.8027     7.5647     7.8899    31.9499    31.9280    25.4472    25.4243    7.59111 0.0000e+00
      26973     71.466     3.0475     3.1092   2.922624   2.925658     2.7261     2.6776      8.147     0.1729     1.9245 1.0790e-01     0.0885    97.8114     7.5584     7.8905    31.9514    31.9269    25.4481    25.4233    7.59035 0.0000e+00
      26976     71.341     3.0521     3.1103   2.922736   2.925723     2.7265     2.6776      8.147     0.1778     1.9245 1.0790e-01     0.0885    97.8114     7.5581     7.8907    31.9483    31.9266    25.4452    25.4230    7.58963 0.0000e+00
      26979     71.218     3.0537     3.1113   2.922636   2.925746     2.7257     2.6776      8.147     0.1925     1.9245 1.0790e-01     0.0885    97.8114     7.5550     7.8929    31.9455    31.9260    25.4429    25.4224    7.58946 0.0000e+00
