Datasets/AZMP/COO001/79001053.cnv
* Sea-Bird SBE 9 Data File:
* FileName = C:\CTDDATA\79001053.hex
* Software Version Seasave V 7.26.7.110
* Temperature SN = 5660
* Conductivity SN = 3698
* Number of Bytes Per Scan = 30
* Number of Voltage Words = 4
* Number of Scans Averaged by the Deck Unit = 1
* NMEA baud rate = 9600
** VESSEL/TRIP/SEQ STN:  79001053
** LATITUDE XX XX.XX N:  47 00.00 N
** LONGITUDE XX XX.XX W:  45 12.80 W
** SOUNDING DEPTH (M):  0174
** PROBE TYPE: S1257
** CTD NUMBER: 028
** COMMENTS (14 CHAR): FC-24
** BOTTLES:  20
** LEVELS: 5,5,5,5,10,20,20,20,20,30,40,50,50,50,75,100,100,100,150,BTM
** STICKERS: 435026 - 435045
** VNET: Y
** DO2: Y
# nquan = 22
# nvalues = 4642                        
# units = specified
# name 0 = scan: Scan Count
# name 1 = prDM: Pressure, Digiquartz [db]
# name 2 = t090C: Temperature [ITS-90, deg C]
# name 3 = t190C: Temperature, 2 [ITS-90, deg C]
# name 4 = c0S/m: Conductivity [S/m]
# name 5 = c1S/m: Conductivity, 2 [S/m]
# name 6 = sbeox0V: Oxygen raw, SBE 43 [V]
# name 7 = sbeox1V: Oxygen raw, SBE 43, 2 [V]
# name 8 = ph: pH
# name 9 = flECO-AFL: Fluorescence, WET Labs ECO-AFL/FL [mg/m^3]
# name 10 = wetCDOM: Fluorescence, WET Labs CDOM [mg/m^3]
# name 11 = par/sat/log: PAR/Logarithmic, Satlantic [umol photons/m^2/sec]
# name 12 = CStarAt0: Beam Attenuation, WET Labs C-Star [1/m]
# name 13 = CStarTr0: Beam Transmission, WET Labs C-Star [%]
# name 14 = sbeox0ML/L: Oxygen, SBE 43 [ml/l], WS = 2
# name 15 = sbeox1ML/L: Oxygen, SBE 43, 2 [ml/l], WS = 2
# name 16 = sal00: Salinity, Practical [PSU]
# name 17 = sal11: Salinity, Practical, 2 [PSU]
# name 18 = sigma-t00: Density [sigma-t, kg/m^3 ]
# name 19 = sigma-t11: Density, 2 [sigma-t, kg/m^3 ]
# name 20 = oxsatML/L: Oxygen Saturation, Weiss [ml/l]
# name 21 = flag: flag
# span 0 =         11,      60109       
# span 1 =      1.042,    166.293       
# span 2 =     3.6094,     7.9509       
# span 3 =     3.6075,     7.9495       
# span 4 =   3.176471,   3.479468       
# span 5 =   3.176633,   3.479641       
# span 6 =     2.2761,     2.7858       
# span 7 =     2.2455,     2.7460       
# span 8 =      8.000,      8.207       
# span 9 =    -0.0078,     1.5258       
# span 10 =    -2.8130,   482.1870      
# span 11 = 1.0666e-01, 1.4485e+00      
# span 12 =     0.0493,     0.2130      
# span 13 =    94.8134,    98.7760      
# span 14 =     5.8880,     6.8909      
# span 15 =     6.1569,     7.1511      
# span 16 =    33.2067,    34.6505      
# span 17 =    33.4569,    34.6533      
# span 18 =    26.0015,    27.5437      
# span 19 =    26.1120,    27.5460      
# span 20 =    6.67875,    7.36192      
# span 21 = 0.0000e+00, 0.0000e+00      
# interval = scans: 3                   
# start_time = Nov 28 2019 19:30:47 [System UTC, header]
# bad_flag = -9.990e-29
*END*
[from data line 1712]
       7763    130.190     3.6551     3.6542   3.200609   3.200763     2.2885     2.2588      8.005     0.0020     1.5692 1.0790e-01     0.1163    97.1336     5.9106     6.1719    34.6414    34.6442    27.5360    27.5384    7.34320 0.0000e+00
       7766    130.346     3.6552     3.6542   3.200648   3.200803     2.2881     2.2588      8.005    -0.0029     1.5692 1.0790e-01     0.1160    97.1423     5.9084     6.1742    34.6417    34.6446    27.5363    27.5387    7.34318 0.0000e+00
       7769    130.500     3.6555     3.6546   3.200713   3.200837     2.2881     2.2588      8.005     0.0020     1.5692 1.0790e-01     0.1163    97.1336     5.9091     6.1771    34.6421    34.6445    27.5366    27.5386    7.34311 0.0000e+00
       7772    130.654     3.6556     3.6548   3.200678   3.200859     2.2881     2.2584      8.005    -0.0029     1.5692 1.0790e-01     0.1160    97.1423     5.9093     6.1799    34.6415    34.6445    27.5361    27.5386    7.34312 0.0000e+00
       7775    130.805     3.6557     3.6547   3.200734   3.200883     2.2890     2.2576      8.005    -0.0029     1.5692 1.0790e-01     0.1163    97.1336     5.9123     6.1821    34.6419    34.6448    27.5364    27.5388    7.34308 0.0000e+00
       7778    130.958     3.6560     3.6547   3.200761   3.200879     2.2881     2.2576      8.005    -0.0029     1.5692 1.0790e-01     0.1163    97.1336     5.9108     6.1836    34.6419    34.6447    27.5363    27.5387    7.34303 0.0000e+00
       7781    131.106     3.6559     3.6547   3.200792   3.200881     2.2869     2.2576      8.005     0.0117     1.5692 1.0790e-01     0.1199    97.0467     5.9079     6.1851    34.6422    34.6446    27.5366    27.5386    7.34302 0.0000e+00
       7784    131.248     3.6560     3.6546   3.200776   3.200874     2.2881     2.2576      8.005     0.0166     1.5692 1.0790e-01     0.1213    97.0120     5.9125     6.1891    34.6418    34.6445    27.5363    27.5386    7.34302 0.0000e+00
       7787    131.382     3.6561     3.6545   3.200780   3.200886     2.2881     2.2576      8.005     0.0117     1.5692 1.0790e-01     0.1217    97.0033     5.9126     6.1928    34.6417    34.6447    27.5362    27.5388    7.34301 0.0000e+00
       7790    131.511     3.6560     3.6542   3.200782   3.200863     2.2877     2.2576      8.005     0.0166     1.5692 1.0790e-01     0.1217    97.0033     5.9120     6.1948    34.6418    34.6447    27.5363    27.5388    7.34303 0.0000e+00
       7793    131.637     3.6559     3.6538   3.200782   3.200817     2.2881     2.2576      8.005     0.0117     1.5692 1.0790e-01     0.1217    97.0033     5.9130     6.1973    34.6418    34.6445    27.5364    27.5386    7.34305 0.0000e+00
       7796    131.754     3.6559     3.6535   3.200745   3.200836     2.2869     2.2576      8.005     0.0117     1.5692 1.0790e-01     0.1217    97.0033     5.9085     6.1996    34.6414    34.6449    27.5360    27.5390    7.34307 0.0000e+00
       7799    131.864     3.6555     3.6537   3.200750   3.200859     2.2881     2.2576      8.005     0.0117     1.4902 1.0790e-01     0.1217    97.0033     5.9123     6.2016    34.6417    34.6450    27.5363    27.5391    7.34312 0.0000e+00
       7802    131.969     3.6552     3.6539   3.200749   3.200909     2.2881     2.2568      8.003     0.0117     1.4507 1.0790e-01     0.1228    96.9772     5.9146     6.2000    34.6420    34.6453    27.5365    27.5393    7.34316 0.0000e+00
       7805    132.068     3.6552     3.6543   3.200728   3.200956     2.2885     2.2564      8.005     0.0117     1.4507 1.0790e-01     0.1232    96.9685     5.9155     6.1999    34.6418    34.6454    27.5363    27.5393    7.34318 0.0000e+00
       7808    132.159     3.6550     3.6547   3.200715   3.200968     2.2881     2.2576      8.005     0.0020     1.4507 1.0790e-01     0.1235    96.9598     5.9125     6.2053    34.6417    34.6451    27.5363    27.5391    7.34321 0.0000e+00
       7811    132.243     3.6550     3.6549   3.200731   3.201014     2.2877     2.2576      8.005    -0.0029     1.4507 1.0790e-01     0.1228    96.9772     5.9116     6.2066    34.6419    34.6453    27.5364    27.5392    7.34321 0.0000e+00
       7814    132.320     3.6549     3.6549   3.200744   3.201010     2.2877     2.2572      8.005    -0.0029     1.4507 1.0790e-01     0.1228    96.9772     5.9110     6.2065    34.6421    34.6453    27.5366    27.5391    7.34322 0.0000e+00
       7817    132.392     3.6549     3.6548   3.200715   3.201009     2.2873     2.2568      8.005     0.0020     1.4507 1.0790e-01     0.1228    96.9772     5.9079     6.2064    34.6417    34.6454    27.5363    27.5393    7.34323 0.0000e+00
       7820    132.456     3.6550     3.6549   3.200719   3.201004     2.2873     2.2572      8.005    -0.0029     1.4507 1.0790e-01     0.1235    96.9598     5.9067     6.2091    34.6415    34.6451    27.5362    27.5390    7.34322 0.0000e+00
       7823    132.515     3.6550     3.6548   3.200735   3.200995     2.2877     2.2576      8.005    -0.0029     1.4507 1.0790e-01     0.1232    96.9685     5.9055     6.2118    34.6417    34.6451    27.5363    27.5390    7.34321 0.0000e+00
       7826    132.568     3.6550     3.6546   3.200751   3.200987     2.2877     2.2576      8.005    -0.0029     1.4507 1.0790e-01     0.1235    96.9598     5.9051     6.2120    34.6419    34.6451    27.5365    27.5391    7.34321 0.0000e+00
       7829    132.615     3.6550     3.6548   3.200727   3.201019     2.2877     2.2576      8.005    -0.0029     1.4507 1.0790e-01     0.1228    96.9772     5.9053     6.2107    34.6416    34.6453    27.5362    27.5391    7.34322 0.0000e+00
       7832    132.661     3.6550     3.6551   3.200597   3.201021     2.2869     2.2576      8.005    -0.0029     1.4507 1.0790e-01     0.1228    96.9772     5.9040     6.2091    34.6401    34.6450    27.5350    27.5389    7.34330 0.0000e+00
       7835    132.703     3.6549     3.6551   3.200508   3.201006     2.2877     2.2576      8.005    -0.0029     1.4507 1.0790e-01     0.1228    96.9772     5.9073     6.2097    34.6390    34.6448    27.5342    27.5387    7.34336 0.0000e+00
       7838    132.739     3.6546     3.6551   3.200452   3.201021     2.2869     2.2576      8.005    -0.0029     1.4507 1.0790e-01     0.1235    96.9598     5.9045     6.2094    34.6387    34.6449    27.5339    27.5389    7.34344 0.0000e+00
       7841    132.778     3.6546     3.6551   3.200383   3.201035     2.2861     2.2576      8.005    -0.0029     1.4507 1.0790e-01     0.1228    96.9772     5.9018     6.2091    34.6378    34.6451    27.5332    27.5390    7.34348 0.0000e+00
       7844    132.809     3.6546     3.6553   3.200324   3.201063     2.2865     2.2576      8.005    -0.0029     1.4507 1.0790e-01     0.1217    97.0033     5.9029     6.2079    34.6371    34.6452    27.5327    27.5391    7.34352 0.0000e+00
       7847    132.836     3.6545     3.6554   3.200287   3.201076     2.2857     2.2576      8.005     0.0020     1.4507 1.0790e-01     0.1217    97.0033     5.8996     6.2075    34.6367    34.6453    27.5324    27.5391    7.34355 0.0000e+00
       7922    132.956     3.6543     3.6560   3.200121   3.201093     2.2845     2.2601      8.005     0.0020     1.3323 1.0790e-01     0.1024    97.4725     5.9019     6.2124    34.6349    34.6447    27.5310    27.5386    7.34368 0.0000e+00
       7925    132.983     3.6543     3.6557   3.200010   3.201076     2.2853     2.2601      8.007    -0.0029     1.3323 1.0790e-01     0.1013    97.4986     5.9057     6.2081    34.6335    34.6448    27.5299    27.5387    7.34374 0.0000e+00
       7928    133.015     3.6542     3.6554   3.199893   3.201059     2.2849     2.2597      8.005     0.0020     1.3323 1.0790e-01     0.1013    97.4986     5.9043     6.2038    34.6322    34.6449    27.5288    27.5388    7.34382 0.0000e+00
       7931    133.054     3.6543     3.6552   3.199979   3.200933     2.2845     2.2601      8.005    -0.0029     1.4112 1.0790e-01     0.1013    97.4986     5.9039     6.2032    34.6331    34.6437    27.5296    27.5378    7.34376 0.0000e+00
       7934    133.100     3.6544     3.6550   3.200261   3.200843     2.2845     2.2601      8.005    -0.0029     1.4507 1.0790e-01     0.1013    97.4986     5.9044     6.2010    34.6363    34.6427    27.5321    27.5372    7.34358 0.0000e+00
       7937    133.153     3.6547     3.6548   3.200423   3.200817     2.2849     2.2597      8.007    -0.0029     1.4507 1.0790e-01     0.1013    97.4986     5.9059     6.1962    34.6380    34.6426    27.5334    27.5370    7.34345 0.0000e+00
       7940    133.210     3.6551     3.6546   3.200552   3.200697     2.2845     2.2588      8.005     0.0117     1.4507 1.0790e-01     0.1017    97.4899     5.9038     6.1916    34.6391    34.6414    27.5342    27.5361    7.34333 0.0000e+00
       7943    133.272     3.6551     3.6543   3.200414   3.200604     2.2841     2.2588      8.005     0.0117     1.4507 1.0790e-01     0.1042    97.4291     5.9028     6.1904    34.6374    34.6405    27.5329    27.5354    7.34341 0.0000e+00
       7946    133.339     3.6553     3.6541   3.200528   3.200631     2.2849     2.2592      8.005     0.0117     1.4507 1.0790e-01     0.1045    97.4204     5.9064     6.1910    34.6385    34.6410    27.5337    27.5358    7.34332 0.0000e+00
       7949    133.410     3.6554     3.6548   3.200555   3.200846     2.2857     2.2588      8.005     0.0166     1.4507 1.0790e-01     0.1045    97.4204     5.9107     6.1894    34.6387    34.6428    27.5339    27.5372    7.34329 0.0000e+00
       7952    133.489     3.6555     3.6553   3.200531   3.200891     2.2841     2.2588      8.005     0.0117     1.4507 1.0790e-01     0.1045    97.4204     5.9068     6.1893    34.6382    34.6427    27.5335    27.5371    7.34329 0.0000e+00
       7955    133.574     3.6557     3.6549   3.200622   3.200738     2.2853     2.2584      8.005     0.0117     1.4507 1.0790e-01     0.1045    97.4204     5.9101     6.1882    34.6391    34.6413    27.5342    27.5360    7.34322 0.0000e+00
       7958    133.664     3.6559     3.6545   3.200732   3.200571     2.2845     2.2584      8.005     0.0166     1.4507 1.0790e-01     0.1045    97.4204     5.9069     6.1878    34.6401    34.6397    27.5349    27.5348    7.34312 0.0000e+00
       7961    133.755     3.6561     3.6541   3.200765   3.200524     2.2853     2.2576      8.005     0.0166     1.4507 1.0790e-01     0.1056    97.3943     5.9081     6.1858    34.6402    34.6395    27.5350    27.5346    7.34308 0.0000e+00
       7964    133.846     3.6561     3.6539   3.200811   3.200549     2.2841     2.2580      8.005     0.0068     1.4507 1.0790e-01     0.1135    97.2031     5.9034     6.1866    34.6407    34.6400    27.5355    27.5350    7.34306 0.0000e+00
       7967    133.941     3.6563     3.6540   3.200769   3.200578     2.2853     2.2576      8.005    -0.0029     1.4507 1.0790e-01     0.1131    97.2118     5.9073     6.1843    34.6400    34.6401    27.5348    27.5352    7.34306 0.0000e+00
       7970    134.050     3.6561     3.6539   3.200552   3.200462     2.2853     2.2576      8.005    -0.0029     1.4507 1.0790e-01     0.1131    97.2118     5.9070     6.1852    34.6375    34.6388    27.5329    27.5342    7.34321 0.0000e+00
       7973    134.167     3.6561     3.6536   3.200728   3.200405     2.2857     2.2576      8.005     0.0020     1.4507 1.0790e-01     0.1131    97.2118     5.9087     6.1865    34.6395    34.6384    27.5345    27.5338    7.34311 0.0000e+00
       7976    134.287     3.6566     3.6537   3.201035   3.200521     2.2853     2.2576      8.005    -0.0029     1.4507 1.0790e-01     0.1131    97.2118     5.9088     6.1883    34.6427    34.6396    27.5369    27.5347    7.34288 0.0000e+00
       7979    134.411     3.6571     3.6540   3.201117   3.200665     2.2845     2.2568      8.005     0.0020     1.4507 1.0790e-01     0.1131    97.2118     5.9059     6.1872    34.6430    34.6409    27.5372    27.5358    7.34276 0.0000e+00
       7982    134.537     3.6574     3.6551   3.201134   3.201050     2.2853     2.2564      8.005    -0.0029     1.4507 1.0790e-01     0.1163    97.1336     5.9098     6.1849    34.6429    34.6443    27.5370    27.5383    7.34272 0.0000e+00
       7985    134.665     3.6578     3.6558   3.201196   3.201190     2.2837     2.2564      8.005    -0.0029     1.4507 1.0790e-01     0.1232    96.9685     5.9038     6.1841    34.6431    34.6451    27.5371    27.5390    7.34263 0.0000e+00
       7988    134.796     3.6580     3.6562   3.201200   3.201250     2.2845     2.2564      8.005    -0.0029     1.4507 1.0790e-01     0.1228    96.9772     5.9063     6.1831    34.6429    34.6454    27.5370    27.5391    7.34261 0.0000e+00
       7991    134.927     3.6580     3.6563   3.201212   3.201286     2.2857     2.2564      8.005    -0.0029     1.4507 1.0790e-01     0.1228    96.9772     5.9092     6.1812    34.6430    34.6456    27.5370    27.5393    7.34260 0.0000e+00
       7994    135.062     3.6581     3.6565   3.201208   3.201290     2.2849     2.2564      8.005     0.0020     1.4507 1.0790e-01     0.1228    96.9772     5.9047     6.1797    34.6428    34.6455    27.5369    27.5391    7.34260 0.0000e+00
       7997    135.195     3.6581     3.6564   3.201206   3.201288     2.2853     2.2564      8.005    -0.0029     1.4507 1.0790e-01     0.1228    96.9772     5.9060     6.1783    34.6427    34.6454    27.5367    27.5391    7.34261 0.0000e+00
       8000    135.327     3.6581     3.6565   3.201213   3.201324     2.2853     2.2564      8.005    -0.0029     1.4507 1.0790e-01     0.1228    96.9772     5.9077     6.1780    34.6426    34.6457    27.5367    27.5394    7.34260 0.0000e+00
       8003    135.459     3.6581     3.6567   3.201223   3.201320     2.2861     2.2560      8.005    -0.0029     1.4507 1.0790e-01     0.1257    96.9077     5.9095     6.1773    34.6427    34.6454    27.5368    27.5391    7.34260 0.0000e+00
       8006    135.591     3.6581     3.6564   3.201217   3.201307     2.2849     2.2552      8.005    -0.0029     1.4507 1.0790e-01     0.1271    96.8729     5.9057     6.1736    34.6426    34.6455    27.5367    27.5392    7.34261 0.0000e+00
       8009    135.720     3.6580     3.6564   3.201217   3.201329     2.2853     2.2552      8.003    -0.0029     1.5297 1.0790e-01     0.1271    96.8729     5.9054     6.1732    34.6426    34.6456    27.5367    27.5393    7.34263 0.0000e+00
       8012    135.850     3.6580     3.6563   3.201241   3.201299     2.2853     2.2552      8.005     0.0020     1.5692 1.0790e-01     0.1271    96.8729     5.9023     6.1737    34.6428    34.6454    27.5369    27.5391    7.34262 0.0000e+00
       8015    135.975     3.6580     3.6562   3.201263   3.201342     2.2845     2.2539      8.005    -0.0029     1.5692 1.0790e-01     0.1271    96.8729     5.8995     6.1705    34.6430    34.6458    27.5370    27.5395    7.34260 0.0000e+00
       8018    136.096     3.6582     3.6562   3.201262   3.201319     2.2837     2.2543      8.005    -0.0029     1.5692 1.0790e-01     0.1271    96.8729     5.8973     6.1742    34.6428    34.6455    27.5368    27.5392    7.34259 0.0000e+00
       8021    136.212     3.6581     3.6562   3.201253   3.201327     2.2845     2.2539      8.005    -0.0029     1.5692 1.0790e-01     0.1271    96.8729     5.8995     6.1757    34.6427    34.6455    27.5367    27.5392    7.34260 0.0000e+00
       8024    136.326     3.6581     3.6562   3.201241   3.201332     2.2853     2.2539      8.005     0.0020     1.5692 1.0790e-01     0.1282    96.8469     5.9033     6.1796    34.6424    34.6455    27.5366    27.5393    7.34262 0.0000e+00
       8027    136.434     3.6578     3.6561   3.201252   3.201320     2.2845     2.2539      8.005     0.0020     1.5692 1.0790e-01     0.1275    96.8642     5.9006     6.1840    34.6428    34.6455    27.5369    27.5392    7.34265 0.0000e+00
