Datasets/AZMP/COO001/79001071.cnv
* Sea-Bird SBE 9 Data File:
* FileName = C:\CTDDATA\79001071.hex
* Software Version Seasave V 7.26.7.110
* Temperature SN = 5660
* Conductivity SN = 3698
* Number of Bytes Per Scan = 30
* Number of Voltage Words = 4
* Number of Scans Averaged by the Deck Unit = 1
* NMEA baud rate = 9600
** VESSEL/TRIP/SEQ STN:  79001071
** LATITUDE XX XX.XX N:  48 12.20 N
** LONGITUDE XX XX.XX W:  53 18.60 W
** SOUNDING DEPTH (M):  0355
** PROBE TYPE: S1257
** CTD NUMBER: 038
** COMMENTS (14 CHAR): TB-05
** BOTTLES:  12
** LEVELS: 5,5,10,20,20,30,40,50,75,100,150,BTM
** STICKERS: 435175 - 435186
** VNET: Y
** DO2: N
# nquan = 22
# nvalues = 8508                        
# units = specified
# name 0 = scan: Scan Count
# name 1 = prDM: Pressure, Digiquartz [db]
# name 2 = t090C: Temperature [ITS-90, deg C]
# name 3 = t190C: Temperature, 2 [ITS-90, deg C]
# name 4 = c0S/m: Conductivity [S/m]
# name 5 = c1S/m: Conductivity, 2 [S/m]
# name 6 = sbeox0V: Oxygen raw, SBE 43 [V]
# name 7 = sbeox1V: Oxygen raw, SBE 43, 2 [V]
# name 8 = ph: pH
# name 9 = flECO-AFL: Fluorescence, WET Labs ECO-AFL/FL [mg/m^3]
# name 10 = wetCDOM: Fluorescence, WET Labs CDOM [mg/m^3]
# name 11 = par/sat/log: PAR/Logarithmic, Satlantic [umol photons/m^2/sec]
# name 12 = CStarAt0: Beam Attenuation, WET Labs C-Star [1/m]
# name 13 = CStarTr0: Beam Transmission, WET Labs C-Star [%]
# name 14 = sbeox0ML/L: Oxygen, SBE 43 [ml/l], WS = 2
# name 15 = sbeox1ML/L: Oxygen, SBE 43, 2 [ml/l], WS = 2
# name 16 = sal00: Salinity, Practical [PSU]
# name 17 = sal11: Salinity, Practical, 2 [PSU]
# name 18 = sigma-t00: Density [sigma-t, kg/m^3 ]
# name 19 = sigma-t11: Density, 2 [sigma-t, kg/m^3 ]
# name 20 = oxsatML/L: Oxygen Saturation, Weiss [ml/l]
# name 21 = flag: flag
# span 0 =         63,      65601       
# span 1 =      0.073,    330.728       
# span 2 =    -0.8433,     3.9958       
# span 3 =    -0.8457,     3.9954       
# span 4 =   2.383192,   2.966981       
# span 5 =   0.628308,   2.967070       
# span 6 =     2.0770,     2.7786       
# span 7 =     0.8071,     2.7180       
# span 8 =      7.883,      8.172       
# span 9 =    -0.0469,     3.3035       
# span 10 =    -1.8655,     9.9782      
# span 11 = 1.0690e-01, 1.9156e+00      
# span 12 =     0.0715,    55.2620      
# span 13 =    -0.0703,    98.2285      
# span 14 =     5.7734,     8.1352      
# span 15 =     1.2575,     8.2308      
# span 16 =    26.8236,    33.8969      
# span 17 =     5.8759,    33.8959      
# span 18 =    21.4068,    27.1442      
# span 19 =     4.6716,    27.1409      
# span 20 =    7.43099,    8.53345      
# span 21 = 0.0000e+00, 0.0000e+00      
# interval = scans: 3                   
# start_time = Dec 01 2019 03:21:19 [System UTC, header]
# bad_flag = -9.990e-29
*END*
[from data line 4675]
      21686    294.406     0.9949     0.8896   2.493424   2.897117     2.1526     1.2002      7.962     0.0410     1.7665 1.0765e-01     0.2491    93.9619     6.3806     2.7748    28.5095    33.7477    22.8298    27.0454    8.19007 0.0000e+00
      21689    294.270     0.9863     0.8884   2.493391   2.897010     2.1546     1.2002      7.962     0.0459     1.8850 1.0765e-01     0.2447    94.0661     6.3900     2.7726    28.5170    33.7477    22.8362    27.0455    8.19151 0.0000e+00
      21692    294.133     0.9825     0.8882   2.493357   2.896993     2.1550     1.1998      7.962     0.0410     1.9245 1.0752e-01     0.2451    94.0574     6.3928     2.7716    28.5201    33.7477    22.8389    27.0455    8.19215 0.0000e+00
      21695    294.001     0.9825     0.8878   2.493352   2.896935     2.1550     1.2002      7.962     0.0459     1.9245 1.0765e-01     0.2451    94.0574     6.3925     2.7723    28.5201    33.7476    22.8389    27.0454    8.19215 0.0000e+00
      21698    293.875     0.9830     0.8874   2.493342   2.896908     2.1575     1.1998      7.963     0.0410     1.9245 1.0765e-01     0.2451    94.0574     6.4013     2.7668    28.5196    33.7477    22.8384    27.0455    8.19208 0.0000e+00
      21701    293.748     0.9829     0.8875   2.493313   2.896964     2.1583     1.1993      7.966     0.0410     1.9245 1.0752e-01     0.2451    94.0574     6.4056     2.7638    28.5193    33.7484    22.8382    27.0461    8.19210 0.0000e+00
      21704    293.627     0.9818     0.8888   2.493293   2.897143     2.1587     1.1998      7.965     0.0410     1.9245 1.0777e-01     0.2414    94.1443     6.4062     2.7640    28.5202    33.7493    22.8390    27.0468    8.19230 0.0000e+00
      21707    293.510     0.9797     0.8905   2.493293   2.897279     2.1611     1.1998      7.966     0.0410     1.9245 1.0777e-01     0.2270    94.4832     6.4139     2.7624    28.5222    33.7494    22.8407    27.0467    8.19264 0.0000e+00
      21710    293.396     0.9771     0.8909   2.493260   2.897290     2.1620     1.1993      7.966     0.0264     1.9245 1.0790e-01     0.2274    94.4745     6.4163     2.7623    28.5241    33.7492    22.8423    27.0465    8.19308 0.0000e+00
      21713    293.286     0.9754     0.8899   2.493260   2.896942     2.1624     1.1989      7.966     0.0264     1.9245 1.0777e-01     0.2274    94.4745     6.4166     2.7617    28.5258    33.7458    22.8437    27.0438    8.19336 0.0000e+00
      21716    293.180     0.9741     0.8845   2.493247   2.896288     2.1636     1.1998      7.966     0.0264     1.9245 1.0765e-01     0.2270    94.4832     6.4213     2.7670    28.5269    33.7433    22.8447    27.0421    8.19359 0.0000e+00
      21719    293.080     0.9729     0.8824   2.493220   2.896226     2.1644     1.1989      7.966     0.0361     1.9245 1.0752e-01     0.2274    94.4745     6.4216     2.7656    28.5277    33.7448    22.8454    27.0435    8.19380 0.0000e+00
      21722    292.989     0.9721     0.8801   2.493205   2.895710     2.1656     1.1989      7.966     0.0264     1.9245 1.0752e-01     0.2274    94.4745     6.4220     2.7667    28.5283    33.7407    22.8459    27.0404    8.19395 0.0000e+00
      21725    292.898     0.9714     0.8752   2.493191   2.895167     2.1669     1.1989      7.966     0.0313     1.9245 1.0777e-01     0.2263    94.5006     6.4250     2.7680    28.5288    33.7391    22.8463    27.0394    8.19406 0.0000e+00
      21728    292.811     0.9712     0.8712   2.493178   2.894854     2.1677     1.1989      7.966     0.0313     1.9245 1.0790e-01     0.2240    94.5528     6.4256     2.7677    28.5288    33.7395    22.8464    27.0399    8.19410 0.0000e+00
      21731    292.728     0.9713     0.8689   2.493173   2.894670     2.1681     1.1989      7.971     0.0264     1.9245 1.0777e-01     0.2244    94.5441     6.4223     2.7708    28.5287    33.7396    22.8463    27.0402    8.19408 0.0000e+00
      21734    292.650     0.9719     0.8653   2.493151   2.893873     2.1697     1.1993      7.968     0.0264     1.9245 1.0790e-01     0.2244    94.5441     6.4256     2.7747    28.5279    33.7332    22.8457    27.0353    8.19401 0.0000e+00
      21737    292.577     0.9726     0.8600   2.493144   2.893318     2.1697     1.1989      7.971     0.0264     1.9245 1.0790e-01     0.2244    94.5441     6.4221     2.7724    28.5273    33.7319    22.8451    27.0345    8.19389 0.0000e+00
      21740    292.508     0.9733     0.8585   2.493136   2.893195     2.1718     1.1989      7.971     0.0313     1.9245 1.0765e-01     0.2252    94.5267     6.4266     2.7714    28.5265    33.7321    22.8445    27.0347    8.19378 0.0000e+00
      21743    292.444     0.9742     0.8559   2.493132   2.892825     2.1714     1.1993      7.971     0.0264     1.9245 1.0752e-01     0.2244    94.5441     6.4231     2.7741    28.5257    33.7301    22.8438    27.0333    8.19363 0.0000e+00
      21746    292.389     0.9787     0.8543   2.493130   2.892779     2.1722     1.1985      7.971     0.0264     1.9245 1.0777e-01     0.2196    94.6570     6.4229     2.7713    28.5216    33.7313    22.8403    27.0343    8.19289 0.0000e+00
      21749    292.337     0.9900     0.8549   2.493145   2.893004     2.1730     1.1989      7.971     0.0264     1.9245 1.0790e-01     0.2178    94.7005     6.4238     2.7731    28.5115    33.7335    22.8316    27.0361    8.19101 0.0000e+00
      21752    292.290     1.0049     0.8582   2.493161   2.893256     2.1746     1.1989      7.971     0.0215     1.9245 1.0777e-01     0.2174    94.7092     6.4259     2.7732    28.4981    33.7333    22.8201    27.0357    8.18853 0.0000e+00
      21755    292.247     1.0182     0.8571   2.493198   2.892821     2.1734     1.1989      7.971     0.0264     1.9245 1.0790e-01     0.2185    94.6831     6.4179     2.7732    28.4864    33.7289    22.8101    27.0322    8.18631 0.0000e+00
      21758    292.207     1.0291     0.8536   2.493190   2.892578     2.1746     1.1989      7.971     0.0264     1.9245 1.0790e-01     0.2181    94.6918     6.4176     2.7722    28.4764    33.7295    22.8016    27.0330    8.18452 0.0000e+00
      21761    292.173     1.0369     0.8533   2.493202   2.892610     2.1750     1.1985      7.968     0.0410     1.9245 1.0790e-01     0.2185    94.6831     6.4161     2.7698    28.4695    33.7303    22.7956    27.0336    8.18322 0.0000e+00
      21764    292.143     1.0427     0.8569   2.493206   2.893569     2.1763     1.1981      7.971     0.0459     1.9245 1.0777e-01     0.2240    94.5528     6.4187     2.7653    28.4642    33.7387    22.7912    27.0402    8.18226 0.0000e+00
      21768    292.108     1.0462     0.8685   2.493218   2.895060     2.1775     1.1989      7.968     0.0410     1.9245 1.0752e-01     0.3028    92.7105     6.4212     2.7662    28.4613    33.7454    22.7886    27.0449    8.18168 0.0000e+00
      21783    292.015     1.0568     0.8737   2.493159   2.895191     2.1799     1.1989      7.966     0.0410     1.8850 1.0752e-01     0.4118    90.2773     6.4217     2.7702    28.4509    33.7415    22.7798    27.0414    8.17996 0.0000e+00
      21803    291.900     1.0713     0.8710   2.493095   2.894808     2.1828     1.1985      7.961     0.0410     1.7665 1.0740e-01     0.6202    85.6370     6.4260     2.7752    28.4370    33.7396    22.7679    27.0400    8.17762 0.0000e+00
      21806    291.875     1.0708     0.8697   2.493069   2.894391     2.1819     1.1985      7.961     0.0410     1.8060 1.0727e-01     0.7044    83.8643     6.4248     2.7771    28.4371    33.7356    22.7680    27.0369    8.17771 0.0000e+00
      21809    291.846     1.0699     0.8648   2.493053   2.893351     2.1828     1.1989      7.961     0.0459     1.8060 1.0715e-01     0.7821    82.2393     6.4310     2.7806    28.4377    33.7275    22.7686    27.0307    8.17788 0.0000e+00
      21812    291.811     1.0675     0.8539   2.493023   2.891931     2.1832     1.1985      7.961     0.0410     1.8060 1.0715e-01     0.7792    82.3002     6.4351     2.7761    28.4395    33.7211    22.7702    27.0262    8.17829 0.0000e+00
      21815    291.774     1.0635     0.8427   2.492999   2.890686     2.1844     1.1981      7.961     0.0410     1.8060 1.0715e-01     0.7792    82.3002     6.4435     2.7727    28.4429    33.7172    22.7731    27.0237    8.17897 0.0000e+00
      21818    291.733     1.0587     0.8374   2.492952   2.890253     2.1844     1.1985      7.961     0.0410     1.8060 1.0715e-01     0.7792    82.3002     6.4448     2.7738    28.4467    33.7174    22.7763    27.0243    8.17979 0.0000e+00
      21821    291.688     1.0536     0.8363   2.492935   2.890641     2.1860     1.1981      7.961     0.0459     1.8060 1.0715e-01     0.7792    82.3002     6.4512     2.7729    28.4512    33.7236    22.7802    27.0293    8.18064 0.0000e+00
      21824    291.637     1.0489     0.8402   2.492886   2.891412     2.1868     1.1981      7.961     0.0410     1.8060 1.0715e-01     0.7792    82.3002     6.4530     2.7752    28.4548    33.7293    22.7833    27.0336    8.18144 0.0000e+00
      21827    291.579     1.0457     0.8412   2.492871   2.891079     2.1864     1.1981      7.961     0.0508     1.8060 1.0740e-01     0.5715    86.6972     6.4501     2.7769    28.4576    33.7240    22.7857    27.0293    8.18199 0.0000e+00
      21830    291.514     1.0440     0.8364   2.492849   2.890010     2.1881     1.1990      7.961     0.0410     1.8060 1.0752e-01     0.5240    87.7226     6.4556     2.7818    28.4589    33.7155    22.7868    27.0228    8.18228 0.0000e+00
      21833    291.444     1.0440     0.8303   2.492824   2.889382     2.1885     1.1986      7.961     0.0410     1.8060 1.0752e-01     0.5256    87.6878     6.4527     2.7809    28.4586    33.7140    22.7866    27.0220    8.18230 0.0000e+00
      21836    291.369     1.0447     0.8243   2.492805   2.888798     2.1885     1.1977      7.961     0.0410     1.8060 1.0752e-01     0.5259    87.6791     6.4502     2.7811    28.4578    33.7130    22.7859    27.0215    8.18219 0.0000e+00
      21839    291.286     1.0454     0.8161   2.492783   2.887823     2.1897     1.1981      7.961     0.0459     1.8060 1.0752e-01     0.5252    87.6965     6.4502     2.7835    28.4569    33.7095    22.7852    27.0191    8.18209 0.0000e+00
      21842    291.199     1.0453     0.8099   2.492766   2.887566     2.1893     1.1990      7.961     0.0410     1.8060 1.0752e-01     0.5256    87.6878     6.4454     2.7870    28.4569    33.7129    22.7851    27.0223    8.18212 0.0000e+00
      21845    291.109     1.0439     0.8095   2.492764   2.887973     2.1889     1.1986      7.961     0.0410     1.9245 1.0740e-01     0.5204    87.8008     6.4385     2.7863    28.4581    33.7186    22.7862    27.0269    8.18234 0.0000e+00
      21848    291.010     1.0410     0.8107   2.492745   2.887592     2.1893     1.1990      7.961     0.0410     2.0429 1.0752e-01     0.4775    88.7480     6.4397     2.7885    28.4606    33.7125    22.7883    27.0219    8.18283 0.0000e+00
      21851    290.910     1.0383     0.8043   2.492692   2.886764     2.1901     1.1986      7.964     0.0410     2.0429 1.0752e-01     0.4767    88.7654     6.4410     2.7858    28.4625    33.7088    22.7899    27.0193    8.18331 0.0000e+00
      21854    290.803     1.0350     0.7988   2.492666   2.886148     2.1905     1.1990      7.964     0.0410     2.0429 1.0752e-01     0.4759    88.7827     6.4416     2.7885    28.4651    33.7068    22.7922    27.0181    8.18387 0.0000e+00
      21857    290.691     1.0309     0.7947   2.492631   2.886116     2.1909     1.1981      7.966     0.0459     2.0429 1.0752e-01     0.4767    88.7654     6.4435     2.7875    28.4685    33.7109    22.7952    27.0216    8.18457 0.0000e+00
      21860    290.575     1.0272     0.8119   2.492604   2.889887     2.1917     1.1990      7.966     0.0410     2.0429 1.0752e-01     0.4767    88.7654     6.4453     2.7876    28.4716    33.7410    22.7979    27.0447    8.18519 0.0000e+00
      21863    290.455     1.0246     0.8439   2.492599   2.892791     2.1905     1.1986      7.964     0.0410     2.0429 1.0752e-01     0.4767    88.7654     6.4383     2.7800    28.4740    33.7439    22.7998    27.0451    8.18562 0.0000e+00
      21866    290.331     1.0230     0.8513   2.492550   2.893047     2.1913     1.1990      7.966     0.0410     2.0429 1.0752e-01     0.4896    88.4786     6.4413     2.7806    28.4748    33.7391    22.8006    27.0409    8.18591 0.0000e+00
      21869    290.201     1.0198     0.8786   2.492512   2.897180     2.1909     1.1990      7.966     0.0410     2.0429 1.0752e-01     0.5176    87.8616     6.4381     2.7778    28.4774    33.7629    22.8028    27.0583    8.18647 0.0000e+00
      21872    290.069     1.0136     0.9092   2.492479   2.900277     2.1922     1.1990      7.966     0.0410     1.9640 1.0727e-01     0.5168    87.8790     6.4403     2.7759    28.4827    33.7696    22.8073    27.0618    8.18751 0.0000e+00
      21875    289.931     1.0047     0.9159   2.492436   2.899519     2.1926     1.1990      7.966     0.0410     1.9245 1.0752e-01     0.5168    87.8790     6.4388     2.7767    28.4903    33.7527    22.8139    27.0478    8.18900 0.0000e+00
      21878    289.793     0.9808     0.8984   2.492349   2.895978     2.1926     1.1990      7.966     0.0410     1.9245 1.0740e-01     0.5168    87.8790     6.4410     2.7779    28.5111    33.7261    22.8317    27.0275    8.19301 0.0000e+00
      21881    289.651     0.9482     0.8527   2.492254   2.889670     2.1922     1.1990      7.970     0.0410     1.9245 1.0752e-01     0.5168    87.8790     6.4416     2.7809    28.5398    33.6945    22.8563    27.0048    8.19846 0.0000e+00
      21884    289.507     0.9198     0.8093   2.492149   2.885875     2.1917     1.1990      7.968     0.0459     1.9245 1.0740e-01     0.5168    87.8790     6.4435     2.7842    28.5645    33.6927    22.8775    27.0061    8.20323 0.0000e+00
      21887    289.359     0.8949     0.7905   2.492057   2.884577     2.1922     1.1990      7.970     0.0410     1.9245 1.0752e-01     0.3969    90.5728     6.4470     2.7876    28.5863    33.6964    22.8961    27.0101    8.20741 0.0000e+00
      21890    289.207     0.8741     0.7837   2.491990   2.884102     2.1922     1.1990      7.969     0.0410     1.9245 1.0765e-01     0.3099    92.5454     6.4464     2.7864    28.6046    33.6977    22.9117    27.0116    8.21090 0.0000e+00
      21893    289.052     0.8573     0.7820   2.491923   2.883920     2.1926     1.1990      7.972     0.0410     1.9245 1.0752e-01     0.3137    92.4585     6.4479     2.7858    28.6192    33.6974    22.9243    27.0115    8.21372 0.0000e+00
      21896    288.898     0.8502     0.7822   2.491897   2.883856     2.1917     1.1994      7.972     0.0459     1.9245 1.0752e-01     0.3133    92.4672     6.4432     2.7884    28.6255    33.6963    22.9297    27.0106    8.21492 0.0000e+00
      21899    288.746     0.8437     0.7826   2.491869   2.883856     2.1917     1.1990      7.972     0.0410     1.9245 1.0752e-01     0.3133    92.4672     6.4418     2.7867    28.6313    33.6960    22.9346    27.0104    8.21602 0.0000e+00
      21902    288.593     0.8330     0.7843   2.491828   2.883995     2.1926     1.1990      7.974     0.0410     1.9245 1.0752e-01     0.3133    92.4672     6.4473     2.7882    28.6407    33.6961    22.9426    27.0103    8.21782 0.0000e+00
      21905    288.440     0.8273     0.7851   2.491798   2.883995     2.1917     1.1990      7.972     0.0410     1.9245 1.0752e-01     0.3133    92.4672     6.4472     2.7880    28.6456    33.6952    22.9469    27.0096    8.21878 0.0000e+00
      21908    288.286     0.8242     0.7846   2.491759   2.883775     2.1926     1.1998      7.975     0.0459     1.9245 1.0765e-01     0.2422    94.1269     6.4507     2.7909    28.6480    33.6931    22.9490    27.0079    8.21932 0.0000e+00
