Datasets/AZMP/COO001/79001114.cnv
* Sea-Bird SBE 9 Data File:
* FileName = C:\CTDDATA\79001114.hex
* Software Version Seasave V 7.26.7.110
* Temperature SN = 5660
* Conductivity SN = 3698
* Number of Bytes Per Scan = 30
* Number of Voltage Words = 4
* Number of Scans Averaged by the Deck Unit = 1
* NMEA baud rate = 9600
** VESSEL/TRIP/SEQ STN:  79001114
** LATITUDE XX XX.XX N:  47 00.00 N
** LONGITUDE XX XX.XX W:  47 30.00 W
** SOUNDING DEPTH (M):  0221
** PROBE TYPE: S1257
** CTD NUMBER: 74
** COMMENTS (14 CHAR): FC-14
** BOTTLES:  12
** LEVELS: 5,5,10,20,20,30,40,50,75,100,150,BTM
** STICKERS: 435533 - 435544
** VNET: Y
** DO2: Y
# nquan = 22
# nvalues = 5209                        
# units = specified
# name 0 = scan: Scan Count
# name 1 = prDM: Pressure, Digiquartz [db]
# name 2 = t090C: Temperature [ITS-90, deg C]
# name 3 = t190C: Temperature, 2 [ITS-90, deg C]
# name 4 = c0S/m: Conductivity [S/m]
# name 5 = c1S/m: Conductivity, 2 [S/m]
# name 6 = sbeox0V: Oxygen raw, SBE 43 [V]
# name 7 = sbeox1V: Oxygen raw, SBE 43, 2 [V]
# name 8 = ph: pH
# name 9 = flECO-AFL: Fluorescence, WET Labs ECO-AFL/FL [mg/m^3]
# name 10 = wetCDOM: Fluorescence, WET Labs CDOM [mg/m^3]
# name 11 = par/sat/log: PAR/Logarithmic, Satlantic [umol photons/m^2/sec]
# name 12 = CStarAt0: Beam Attenuation, WET Labs C-Star [1/m]
# name 13 = CStarTr0: Beam Transmission, WET Labs C-Star [%]
# name 14 = sbeox0ML/L: Oxygen, SBE 43 [ml/l], WS = 2
# name 15 = sbeox1ML/L: Oxygen, SBE 43, 2 [ml/l], WS = 2
# name 16 = sal00: Salinity, Practical [PSU]
# name 17 = sal11: Salinity, Practical, 2 [PSU]
# name 18 = sigma-t00: Density [sigma-t, kg/m^3 ]
# name 19 = sigma-t11: Density, 2 [sigma-t, kg/m^3 ]
# name 20 = oxsatML/L: Oxygen Saturation, Weiss [ml/l]
# name 21 = flag: flag
# span 0 =        101,      50690       
# span 1 =      1.307,    211.723       
# span 2 =     0.9911,     3.7436       
# span 3 =     0.9917,     3.7437       
# span 4 =   2.856254,   3.138203       
# span 5 =   2.856122,   3.138355       
# span 6 =     2.3675,     2.7819       
# span 7 =     2.3384,     2.7473       
# span 8 =      8.031,      8.141       
# span 9 =    -0.0078,     1.4183       
# span 10 =    -1.7471,     1.9245      
# span 11 = 1.0790e-01, 9.6814e+01      
# span 12 =     0.0574,     0.2366      
# span 13 =    94.2573,    98.5761      
# span 14 =     6.5482,     7.7402      
# span 15 =     6.8502,     8.1756      
# span 16 =    32.7587,    34.2245      
# span 17 =    32.7677,    34.2236      
# span 18 =    26.1301,    27.3581      
# span 19 =    26.1350,    27.3526      
# span 20 =    7.36681,    7.93020      
# span 21 = 0.0000e+00, 0.0000e+00      
# interval = scans: 3                   
# start_time = Dec 06 2019 18:20:40 [System UTC, header]
# bad_flag = -9.990e-29
*END*
[from data line 3951]
      24913     97.387     2.5223     2.5261   3.043546   3.043110     2.5752     2.5430      8.101     0.1045     1.5692 1.0790e-01     0.0605    98.4979     7.1004     7.4635    33.9526    33.9431    27.0905    27.0826    7.58934 0.0000e+00
      24916     97.337     2.5317     2.5439   3.043292   3.044855     2.5756     2.5422      8.101     0.0996     1.5692 1.0790e-01     0.0605    98.4979     7.0991     7.4590    33.9395    33.9458    27.0792    27.0832    7.58819 0.0000e+00
      24919     97.291     2.5375     2.5576   3.043571   3.045869     2.5764     2.5430      8.101     0.1045     1.5692 1.0790e-01     0.0605    98.4979     7.0990     7.4616    33.9368    33.9438    27.0765    27.0805    7.58721 0.0000e+00
      24922     97.246     2.5400     2.5692   3.043338   3.046428     2.5760     2.5430      8.101     0.0996     1.5692 1.0790e-01     0.0605    98.4979     7.0964     7.4634    33.9312    33.9384    27.0719    27.0751    7.58701 0.0000e+00
      24925     97.199     2.5380     2.5551   3.042683   3.044093     2.5764     2.5430      8.101     0.0996     1.5692 1.0790e-01     0.0605    98.4979     7.0985     7.4724    33.9254    33.9247    27.0673    27.0653    7.58770 0.0000e+00
      24928     97.160     2.5341     2.5191   3.042323   3.041174     2.5768     2.5439      8.101     0.0996     1.5692 1.0790e-01     0.0598    98.5153     7.1023     7.4921    33.9250    33.9269    27.0674    27.0701    7.58846 0.0000e+00
      24931     97.122     2.5301     2.5238   3.041897   3.043307     2.5764     2.5443      8.101     0.0996     1.5692 1.0790e-01     0.0598    98.5153     7.1069     7.5031    33.9241    33.9482    27.0670    27.0868    7.58928 0.0000e+00
      24934     97.083     2.5264     2.5343   3.041548   3.042842     2.5768     2.5443      8.101     0.0996     1.5692 1.0790e-01     0.0598    98.5153     7.1167     7.5110    33.9237    33.9314    27.0671    27.0725    7.59001 0.0000e+00
      24937     97.042     2.5238     2.4946   3.041515   3.038850     2.5772     2.5447      8.101     0.0996     1.5692 1.0790e-01     0.0598    98.5153     7.1247     7.5314    33.9262    33.9242    27.0692    27.0701    7.59039 0.0000e+00
      24940     97.001     2.5227     2.4800   3.041814   3.039121     2.5776     2.5455      8.101     0.0996     1.5692 1.0790e-01     0.0598    98.5153     7.1336     7.5486    33.9310    33.9431    27.0732    27.0863    7.59035 0.0000e+00
      24943     96.957     2.5214     2.5120   3.041863   3.042373     2.5776     2.5463      8.101     0.0996     1.5692 1.0790e-01     0.0605    98.4979     7.1420     7.5557    33.9330    33.9493    27.0749    27.0887    7.59050 0.0000e+00
      24946     96.910     2.5197     2.5488   3.041756   3.044847     2.5785     2.5475      8.101     0.0996     1.5692 1.0790e-01     0.0609    98.4892     7.1544     7.5640    33.9335    33.9408    27.0754    27.0788    7.59080 0.0000e+00
      24949     96.865     2.5216     2.5602   3.042264   3.045258     2.5793     2.5483      8.101     0.0996     1.5692 1.0790e-01     0.0609    98.4892     7.1649     7.5737    33.9378    33.9338    27.0787    27.0722    7.59022 0.0000e+00
      24952     96.816     2.5271     2.5594   3.042810   3.045503     2.5809     2.5500      8.101     0.0703     1.5692 1.0790e-01     0.0609    98.4892     7.1762     7.5869    33.9387    33.9376    27.0789    27.0753    7.58911 0.0000e+00
      24955     96.763     2.5315     2.5812   3.042903   3.048405     2.5834     2.5516      8.101     0.0703     1.5692 1.0790e-01     0.0609    98.4892     7.1907     7.5932    33.9353    33.9503    27.0758    27.0837    7.58845 0.0000e+00
      24958     96.704     2.5350     2.6099   3.043084   3.050537     2.5858     2.5516      8.101     0.0703     1.5692 1.0790e-01     0.0609    98.4892     7.2022     7.5897    33.9337    33.9462    27.0743    27.0779    7.58784 0.0000e+00
      24961     96.640     2.5368     2.6209   3.043008   3.050979     2.5862     2.5536      8.101     0.0703     1.5692 1.0790e-01     0.0605    98.4979     7.2075     7.5943    33.9310    33.9399    27.0720    27.0720    7.58765 0.0000e+00
      24964     96.572     2.5363     2.6094   3.042916   3.048389     2.5870     2.5548      8.101     0.0703     1.5692 1.0790e-01     0.0605    98.4979     7.2134     7.6006    33.9304    33.9202    27.0715    27.0572    7.58777 0.0000e+00
      24967     96.499     2.5357     2.5839   3.042859   3.046611     2.5891     2.5561      8.101     0.0703     1.5692 1.0790e-01     0.0588    98.5414     7.2202     7.6057    33.9304    33.9255    27.0716    27.0636    7.58789 0.0000e+00
      24970     96.420     2.5356     2.5741   3.042725   3.046528     2.5903     2.5573      8.101     0.0703     1.5692 1.0790e-01     0.0591    98.5327     7.2227     7.6066    33.9288    33.9349    27.0703    27.0719    7.58798 0.0000e+00
      24973     96.334     2.5320     2.5776   3.041799   3.047392     2.5919     2.5581      8.101     0.0703     1.5692 1.0790e-01     0.0588    98.5414     7.2271     7.6019    33.9214    33.9419    27.0647    27.0772    7.58906 0.0000e+00
      24976     96.241     2.5244     2.5915   3.041074   3.048871     2.5927     2.5589      8.101     0.0752     1.5692 1.0790e-01     0.0591    98.5327     7.2272     7.5953    33.9205    33.9454    27.0646    27.0789    7.59056 0.0000e+00
      24979     96.146     2.5234     2.6016   3.042279   3.049336     2.5939     2.5601      8.101     0.0703     1.5692 1.0790e-01     0.0588    98.5414     7.2263     7.5916    33.9364    33.9405    27.0774    27.0741    7.58993 0.0000e+00
      24982     96.041     2.5367     2.5977   3.044939   3.048040     2.5956     2.5601      8.101     0.0703     1.5692 1.0790e-01     0.0591    98.5327     7.2262     7.5851    33.9553    33.9287    27.0914    27.0650    7.58643 0.0000e+00
      24985     95.932     2.5509     2.5827   3.045695   3.047204     2.5968     2.5614      8.101     0.0703     1.5692 1.0790e-01     0.0598    98.5153     7.2266     7.5840    33.9496    33.9344    27.0856    27.0708    7.58399 0.0000e+00
      24988     95.820     2.5599     2.5910   3.046200   3.048747     2.5980     2.5626      8.101     0.0703     1.5692 1.0790e-01     0.0598    98.5153     7.2266     7.5790    33.9462    33.9447    27.0822    27.0783    7.58243 0.0000e+00
      24991     95.701     2.5739     2.6026   3.049155   3.049513     2.5984     2.5626      8.100     0.0703     1.5692 1.0790e-01     0.0598    98.5153     7.2211     7.5718    33.9679    33.9418    27.0983    27.0750    7.57865 0.0000e+00
      24994     95.575     2.6185     2.6037   3.057602   3.049156     2.6001     2.5638      8.100     0.0703     1.5692 1.0790e-01     0.0598    98.5153     7.2124     7.5709    34.0246    33.9363    27.1398    27.0706    7.56722 0.0000e+00
      24997     95.444     2.6887     2.5995   3.065395   3.048859     2.6017     2.5642      8.100     0.0703     1.5692 1.0790e-01     0.0598    98.5153     7.1989     7.5645    34.0459    33.9372    27.1509    27.0716    7.55273 0.0000e+00
      25000     95.305     2.7630     2.6025   3.071292   3.050284     2.6017     2.5650      8.100     0.0703     1.5692 1.0790e-01     0.0598    98.5153     7.1792     7.5566    34.0395    33.9516    27.1394    27.0829    7.53891 0.0000e+00
      25003     95.162     2.8076     2.7164   3.070730   3.068287     2.6029     2.5650      8.100     0.0752     1.5692 1.0790e-01     0.0598    98.5153     7.1728     7.5167    33.9855    34.0521    27.0923    27.1534    7.53318 0.0000e+00
      25006     95.019     2.8183     2.9315   3.068448   3.085267     2.6033     2.5654      8.104     0.0850     1.5692 1.0790e-01     0.0595    98.5240     7.1690     7.4629    33.9462    34.0322    27.0600    27.1186    7.53311 0.0000e+00
      25009     94.874     2.8352     3.0438   3.074540   3.091191     2.6053     2.5662      8.104     0.0899     1.5692 1.0790e-01     0.0595    98.5240     7.1660     7.4322    34.0031    33.9858    27.1039    27.0715    7.52706 0.0000e+00
      25012     94.727     2.8959     3.0801   3.082428   3.092620     2.6062     2.5666      8.104     0.0850     1.5692 1.0790e-01     0.0591    98.5327     7.1532     7.4155    34.0354    33.9650    27.1243    27.0516    7.51394 0.0000e+00
      25015     94.582     2.9374     3.0923   3.082742   3.093458     2.6066     2.5675      8.104     0.0850     1.5692 1.0790e-01     0.0588    98.5414     7.1455     7.4070    33.9953    33.9625    27.0887    27.0486    7.50811 0.0000e+00
      25018     94.441     2.9685     3.0994   3.085157   3.094024     2.6074     2.5671      8.104     0.0801     1.5692 1.0790e-01     0.0591    98.5327     7.1381     7.3937    33.9920    33.9620    27.0833    27.0475    7.50241 0.0000e+00
      25021     94.295     2.9859     3.1020   3.085141   3.094162     2.6070     2.5662      8.104     0.0850     1.5692 1.0790e-01     0.0591    98.5327     7.1318     7.3830    33.9736    33.9610    27.0669    27.0464    7.50007 0.0000e+00
      25024     94.149     2.9973     3.1028   3.084103   3.094322     2.6078     2.5662      8.104     0.0801     1.5692 1.0790e-01     0.0598    98.5153     7.1320     7.3766    33.9490    33.9622    27.0463    27.0473    7.49915 0.0000e+00
      25027     94.006     2.9943     3.1088   3.085219   3.095206     2.6082     2.5654      8.104     0.0850     1.5692 1.0790e-01     0.0591    98.5327     7.1297     7.3689    33.9659    33.9666    27.0601    27.0503    7.49888 0.0000e+00
      25030     93.863     3.0134     3.1434   3.088208   3.099754     2.6090     2.5650      8.108     0.0899     1.5692 1.0790e-01     0.0598    98.5153     7.1248     7.3553    33.9821    33.9856    27.0714    27.0623    7.49446 0.0000e+00
      25033     93.726     3.0241     3.2012   3.087544   3.104071     2.6098     2.5646      8.107     0.0850     1.5692 1.0790e-01     0.0598    98.5153     7.1223     7.3423    33.9629    33.9772    27.0550    27.0503    7.49342 0.0000e+00
      25036     93.599     3.0302     3.2209   3.089376   3.104495     2.6106     2.5646      8.108     0.0801     1.5692 1.0790e-01     0.0598    98.5153     7.1211     7.3404    33.9788    33.9617    27.0671    27.0361    7.49147 0.0000e+00
      25039     93.469     3.0504     3.2071   3.091735   3.102736     2.6111     2.5650      8.108     0.0801     1.5692 1.0790e-01     0.0598    98.5153     7.1156     7.3491    33.9863    33.9550    27.0713    27.0320    7.48731 0.0000e+00
      25042     93.344     3.0644     3.2078   3.091950   3.103572     2.6111     2.5642      8.108     0.0899     1.5692 1.0790e-01     0.0598    98.5153     7.1110     7.3506    33.9743    33.9644    27.0604    27.0395    7.48528 0.0000e+00
      25045     93.226     3.0725     3.2088   3.092268   3.103088     2.6119     2.5646      8.108     0.0801     1.5297 1.0790e-01     0.0598    98.5153     7.1090     7.3562    33.9696    33.9576    27.0560    27.0339    7.48399 0.0000e+00
      25048     93.115     3.0785     3.1979   3.092553   3.102133     2.6123     2.5646      8.108     0.0850     1.4507 1.0790e-01     0.0598    98.5153     7.1048     7.3651    33.9668    33.9575    27.0532    27.0348    7.48300 0.0000e+00
      25051     93.008     3.0831     3.1806   3.092757   3.100846     2.6127     2.5646      8.108     0.0899     1.4507 1.0790e-01     0.0602    98.5066     7.1007     7.3782    33.9645    33.9602    27.0510    27.0386    7.48226 0.0000e+00
      25054     92.907     3.0826     3.1746   3.091908   3.100888     2.6123     2.5646      8.108     0.0899     1.4507 1.0790e-01     0.0602    98.5066     7.0949     7.3878    33.9547    33.9671    27.0432    27.0446    7.48283 0.0000e+00
      25057     92.814     3.0762     3.1842   3.090945   3.101815     2.6123     2.5650      8.108     0.1143     1.4507 1.0790e-01     0.0602    98.5066     7.0916     7.3967    33.9499    33.9682    27.0399    27.0446    7.48428 0.0000e+00
      25060     92.725     3.0740     3.1914   3.090274   3.102027     2.6127     2.5650      8.108     0.1192     1.4507 1.0790e-01     0.0605    98.4979     7.0913     7.4035    33.9441    33.9633    27.0355    27.0401    7.48498 0.0000e+00
      25063     92.643     3.0612     3.1924   3.089084   3.101928     2.6123     2.5650      8.108     0.1143     1.4507 1.0790e-01     0.0605    98.4979     7.0914     7.4097    33.9431    33.9610    27.0358    27.0382    7.48743 0.0000e+00
      25066     92.567     3.0534     3.1878   3.087609   3.101328     2.6127     2.5642      8.108     0.1192     1.4507 1.0790e-01     0.0602    98.5066     7.0942     7.4145    33.9335    33.9587    27.0289    27.0367    7.48939 0.0000e+00
      25069     92.495     3.0134     3.1811   3.078417   3.100883     2.6123     2.5650      8.108     0.1143     1.4507 1.0790e-01     0.0595    98.5240     7.1043     7.4233    33.8637    33.9603    26.9768    27.0387    7.50041 0.0000e+00
      25072     92.430     2.9332     3.1749   3.069714   3.100108     2.6127     2.5666      8.109     0.1094     1.4902 1.0790e-01     0.0598    98.5153     7.1255     7.4328    33.8420    33.9575    26.9667    27.0370    7.51662 0.0000e+00
      25075     92.373     2.8612     3.1506   3.065272   3.096746     2.6115     2.5675      8.109     0.1143     1.5692 1.0790e-01     0.0598    98.5153     7.1382     7.4461    33.8636    33.9423    26.9902    27.0271    7.52915 0.0000e+00
      25078     92.319     2.8229     3.1052   3.065927   3.093362     2.6119     2.5683      8.109     0.1143     1.5692 1.0790e-01     0.0598    98.5153     7.1495     7.4606    33.9120    33.9490    27.0323    27.0366    7.53397 0.0000e+00
      25081     92.270     2.7970     3.1016   3.062810   3.094387     2.6115     2.5691      8.109     0.1045     1.5692 1.0790e-01     0.0598    98.5153     7.1574     7.4666    33.9012    33.9653    27.0259    27.0499    7.53943 0.0000e+00
      25084     92.230     2.7688     3.1124   3.061754   3.095412     2.6127     2.5691      8.109     0.0899     1.5692 1.0790e-01     0.0598    98.5153     7.1709     7.4662    33.9181    33.9664    27.0418    27.0498    7.54394 0.0000e+00
      25087     92.199     2.7562     3.1205   3.061928   3.095906     2.6131     2.5695      8.109     0.0899     1.5692 1.0790e-01     0.0598    98.5153     7.1776     7.4679    33.9336    33.9639    27.0553    27.0471    7.54556 0.0000e+00
      25122     92.174     2.9105     3.1398   3.077653   3.096964     2.6192     2.5776      8.112     0.0997     1.5297 1.0790e-01     0.0605    98.4979     7.1895     7.5151    33.9626    33.9564    27.0646    27.0393    7.51504 0.0000e+00
      25190     92.118     3.2381     3.1633   3.106559   3.098395     2.6322     2.5939      8.114     0.1143     1.4507 1.0790e-01     0.0620    98.4632     7.2077     7.6160    33.9695    33.9491    27.0406    27.0314    7.45305 0.0000e+00
      25193     92.046     3.2559     3.1616   3.107631   3.098126     2.6338     2.5952      8.115     0.1143     1.4507 1.0790e-01     0.0613    98.4805     7.2067     7.6238    33.9638    33.9476    27.0345    27.0303    7.45002 0.0000e+00
      25196     91.962     3.2739     3.1655   3.110112   3.098952     2.6334     2.5960      8.117     0.1143     1.4507 1.0790e-01     0.0613    98.4805     7.1993     7.6268    33.9749    33.9536    27.0417    27.0348    7.44612 0.0000e+00
      25199     91.874     3.2920     3.1605   3.111148   3.097001     2.6359     2.5976      8.117     0.1241     1.4507 1.0790e-01     0.0616    98.4719     7.2027     7.6342    33.9685    33.9353    27.0349    27.0206    7.44307 0.0000e+00
      25202     91.772     3.3045     3.1310   3.111794   3.094408     2.6375     2.5988      8.117     0.1143     1.4507 1.0790e-01     0.0609    98.4892     7.2053     7.6448    33.9632    33.9349    27.0296    27.0230    7.44101 0.0000e+00
