Datasets/AZMP/COO001/79001076.cnv
* Sea-Bird SBE 9 Data File:
* FileName = C:\CTDDATA\79001076.hex
* Software Version Seasave V 7.26.7.110
* Temperature SN = 5660
* Conductivity SN = 3698
* Number of Bytes Per Scan = 30
* Number of Voltage Words = 4
* Number of Scans Averaged by the Deck Unit = 1
* NMEA baud rate = 9600
** VESSEL/TRIP/SEQ STN:  79001076
** LATITUDE XX XX.XX N:  48 13.05 N
** LONGITUDE XX XX.XX W:  53 32.75 W
** SOUNDING DEPTH (M):  0242
** PROBE TYPE: S1257
** CTD NUMBER: 043
** COMMENTS (14 CHAR): SS-04
** BOTTLES:  0
** LEVELS:
** STICKERS:
** VNET: N
** DO2: N
# nquan = 22
# nvalues = 7092                        
# units = specified
# name 0 = scan: Scan Count
# name 1 = prDM: Pressure, Digiquartz [db]
# name 2 = t090C: Temperature [ITS-90, deg C]
# name 3 = t190C: Temperature, 2 [ITS-90, deg C]
# name 4 = c0S/m: Conductivity [S/m]
# name 5 = c1S/m: Conductivity, 2 [S/m]
# name 6 = sbeox0V: Oxygen raw, SBE 43 [V]
# name 7 = sbeox1V: Oxygen raw, SBE 43, 2 [V]
# name 8 = ph: pH
# name 9 = flECO-AFL: Fluorescence, WET Labs ECO-AFL/FL [mg/m^3]
# name 10 = wetCDOM: Fluorescence, WET Labs CDOM [mg/m^3]
# name 11 = par/sat/log: PAR/Logarithmic, Satlantic [umol photons/m^2/sec]
# name 12 = CStarAt0: Beam Attenuation, WET Labs C-Star [1/m]
# name 13 = CStarTr0: Beam Transmission, WET Labs C-Star [%]
# name 14 = sbeox0ML/L: Oxygen, SBE 43 [ml/l], WS = 2
# name 15 = sbeox1ML/L: Oxygen, SBE 43, 2 [ml/l], WS = 2
# name 16 = sal00: Salinity, Practical [PSU]
# name 17 = sal11: Salinity, Practical, 2 [PSU]
# name 18 = sigma-t00: Density [sigma-t, kg/m^3 ]
# name 19 = sigma-t11: Density, 2 [sigma-t, kg/m^3 ]
# name 20 = oxsatML/L: Oxygen Saturation, Weiss [ml/l]
# name 21 = flag: flag
# span 0 =        353,      23859       
# span 1 =      0.256,    237.064       
# span 2 =    -0.0088,     3.4972       
# span 3 =    -0.0107,     3.5005       
# span 4 =   2.739264,   2.932779       
# span 5 =   2.739327,   2.933708       
# span 6 =     2.1978,     2.7599       
# span 7 =     2.1684,     2.7163       
# span 8 =      7.971,      8.183       
# span 9 =     0.0068,     0.7150       
# span 10 =    -1.1549,     4.2932      
# span 11 = 1.0790e-01, 1.3934e+02      
# span 12 =     0.0786,     1.3533      
# span 13 =    71.3337,    98.0547      
# span 14 =     6.2492,     7.7195      
# span 15 =     6.5104,     7.9318      
# span 16 =    31.2233,    33.5727      
# span 17 =    31.1982,    33.5737      
# span 18 =    24.8342,    26.9196      
# span 19 =    24.8140,    26.9201      
# span 20 =    7.52180,    8.15928      
# span 21 = 0.0000e+00, 0.0000e+00      
# interval = scans: 3                   
# start_time = Dec 01 2019 13:23:55 [System UTC, header]
# bad_flag = -9.990e-29
*END*
[from data line 2766]
       8821    184.306    -0.0040    -0.0054   2.758053   2.758206     2.3960     2.3565      8.028     0.0264     1.9245 1.0790e-01     0.1325    96.7426     7.0697     7.3574    32.9655    32.9691    26.4641    26.4671    8.15849 0.0000e+00
       8824    184.377    -0.0047    -0.0058   2.758046   2.758215     2.3960     2.3565      8.028     0.0264     1.9245 1.0790e-01     0.1332    96.7252     7.0681     7.3552    32.9662    32.9696    26.4647    26.4675    8.15861 0.0000e+00
       8827    184.452    -0.0052    -0.0068   2.758055   2.758140     2.3956     2.3565      8.028     0.0264     2.0429 1.0790e-01     0.1361    96.6557     7.0645     7.3547    32.9668    32.9697    26.4652    26.4676    8.15868 0.0000e+00
       8830    184.528    -0.0055    -0.0074   2.758044   2.758187     2.3952     2.3561      8.028     0.0264     2.0429 1.0790e-01     0.1357    96.6644     7.0635     7.3531    32.9669    32.9708    26.4654    26.4686    8.15875 0.0000e+00
       8833    184.603    -0.0062    -0.0081   2.757993   2.758206     2.3948     2.3561      8.028     0.0313     2.0429 1.0790e-01     0.1361    96.6557     7.0654     7.3543    32.9669    32.9719    26.4654    26.4695    8.15889 0.0000e+00
       8836    184.681    -0.0068    -0.0087   2.757998   2.758194     2.3944     2.3557      8.028     0.0264     2.0429 1.0790e-01     0.1357    96.6644     7.0638     7.3522    32.9676    32.9723    26.4660    26.4698    8.15898 0.0000e+00
       8839    184.760    -0.0070    -0.0095   2.757981   2.758185     2.3940     2.3553      8.028     0.0264     2.0429 1.0790e-01     0.1357    96.6644     7.0599     7.3500    32.9676    32.9730    26.4659    26.4704    8.15903 0.0000e+00
       8842    184.839    -0.0076    -0.0101   2.757998   2.758206     2.3944     2.3545      8.028     0.0264     2.0429 1.0790e-01     0.1357    96.6644     7.0606     7.3465    32.9684    32.9739    26.4667    26.4712    8.15912 0.0000e+00
       8845    184.922    -0.0082    -0.0102   2.757969   2.758262     2.3944     2.3545      8.028     0.0264     2.0429 1.0790e-01     0.1339    96.7078     7.0599     7.3439    32.9686    32.9747    26.4668    26.4718    8.15923 0.0000e+00
       8848    185.006    -0.0085    -0.0103   2.757999   2.758265     2.3932     2.3545      8.026     0.0117     2.0429 1.0790e-01     0.1314    96.7686     7.0557     7.3417    32.9693    32.9748    26.4674    26.4719    8.15927 0.0000e+00
       8851    185.093    -0.0087    -0.0105   2.758020   2.758335     2.3932     2.3541      8.028     0.0117     2.0429 1.0790e-01     0.1314    96.7686     7.0559     7.3392    32.9697    32.9758    26.4677    26.4727    8.15928 0.0000e+00
       8854    185.176    -0.0088    -0.0098   2.758253   2.758671     2.3936     2.3541      8.028     0.0117     2.0429 1.0790e-01     0.1314    96.7686     7.0564     7.3395    32.9729    32.9794    26.4703    26.4757    8.15913 0.0000e+00
       8857    185.261    -0.0086    -0.0083   2.758434   2.758979     2.3940     2.3541      8.026     0.0117     2.0429 1.0790e-01     0.1314    96.7686     7.0599     7.3357    32.9750    32.9818    26.4720    26.4775    8.15897 0.0000e+00
       8860    185.348    -0.0084    -0.0063   2.758582   2.759289     2.3928     2.3541      8.026     0.0117     2.0429 1.0790e-01     0.1314    96.7686     7.0559     7.3343    32.9767    32.9837    26.4734    26.4789    8.15884 0.0000e+00
       8863    185.434    -0.0077    -0.0038   2.758849   2.759499     2.3919     2.3537      8.026     0.0117     2.0429 1.0790e-01     0.1314    96.7686     7.0515     7.3296    32.9794    32.9838    26.4755    26.4789    8.15853 0.0000e+00
       8866    185.523    -0.0068    -0.0023   2.759102   2.759708     2.3923     2.3533      8.028     0.0117     2.0429 1.0790e-01     0.1314    96.7686     7.0531     7.3253    32.9817    32.9848    26.4773    26.4796    8.15820 0.0000e+00
       8869    185.613    -0.0044    -0.0005   2.759625   2.759938     2.3919     2.3525      8.026     0.0117     2.0429 1.0790e-01     0.1307    96.7860     7.0528     7.3211    32.9859    32.9859    26.4806    26.4804    8.15745 0.0000e+00
       8872    185.702    -0.0018    -0.0002   2.759882   2.760010     2.3915     2.3525      8.026     0.0166     2.0429 1.0790e-01     0.1310    96.7773     7.0515     7.3175    32.9864    32.9864    26.4809    26.4808    8.15685 0.0000e+00
       8875    185.794    -0.0007    -0.0015   2.759852   2.759916     2.3911     2.3520      8.025     0.0264     2.0429 1.0790e-01     0.1307    96.7860     7.0484     7.3154    32.9848    32.9866    26.4795    26.4810    8.15670 0.0000e+00
       8878    185.887    -0.0008    -0.0030   2.759791   2.759873     2.3911     2.3520      8.023     0.0264     2.0429 1.0790e-01     0.1303    96.7947     7.0482     7.3146    32.9841    32.9876    26.4790    26.4819    8.15677 0.0000e+00
       8881    185.978    -0.0014    -0.0044   2.759743   2.759818     2.3919     2.3504      8.023     0.0313     2.0429 1.0790e-01     0.1307    96.7860     7.0542     7.3106    32.9841    32.9883    26.4790    26.4826    8.15691 0.0000e+00
       8884    186.071    -0.0023    -0.0047   2.759740   2.759889     2.3911     2.3508      8.025     0.0264     2.0429 1.0790e-01     0.1307    96.7860     7.0517     7.3150    32.9850    32.9895    26.4797    26.4835    8.15705 0.0000e+00
       8887    186.165    -0.0027    -0.0041   2.759746   2.759927     2.3907     2.3504      8.023     0.0215     2.0429 1.0790e-01     0.1332    96.7252     7.0494     7.3169    32.9853    32.9892    26.4801    26.4833    8.15710 0.0000e+00
       8890    186.256    -0.0029    -0.0049   2.759774   2.759822     2.3907     2.3504      8.023     0.0264     2.0429 1.0790e-01     0.1335    96.7165     7.0488     7.3219    32.9859    32.9887    26.4806    26.4829    8.15712 0.0000e+00
       8893    186.352    -0.0031    -0.0061   2.759717   2.759794     2.3907     2.3504      8.025     0.0264     2.0429 1.0790e-01     0.1335    96.7165     7.0480     7.3251    32.9853    32.9896    26.4801    26.4837    8.15719 0.0000e+00
       8896    186.445    -0.0037    -0.0061   2.759670   2.759801     2.3903     2.3496      8.023     0.0313     2.0429 1.0790e-01     0.1335    96.7165     7.0475     7.3237    32.9853    32.9896    26.4801    26.4837    8.15734 0.0000e+00
       8899    186.540    -0.0043    -0.0063   2.759673   2.759777     2.3895     2.3496      8.023     0.0215     2.0429 1.0790e-01     0.1335    96.7165     7.0429     7.3258    32.9860    32.9895    26.4807    26.4836    8.15743 0.0000e+00
       8902    186.636    -0.0045    -0.0074   2.759707   2.759694     2.3899     2.3492      8.023     0.0117     2.0429 1.0790e-01     0.1335    96.7165     7.0430     7.3244    32.9866    32.9895    26.4811    26.4836    8.15744 0.0000e+00
       8905    186.731    -0.0047    -0.0088   2.759681   2.759594     2.3899     2.3496      8.023     0.0117     2.0429 1.0790e-01     0.1335    96.7165     7.0434     7.3247    32.9864    32.9897    26.4810    26.4839    8.15749 0.0000e+00
       8908    186.828    -0.0050    -0.0097   2.759649   2.759546     2.3883     2.3492      8.023     0.0117     2.0429 1.0790e-01     0.1325    96.7426     7.0365     7.3207    32.9862    32.9899    26.4809    26.4841    8.15757 0.0000e+00
       8911    186.923    -0.0057    -0.0104   2.759563   2.759529     2.3891     2.3488      8.023     0.0117     2.0429 1.0790e-01     0.1325    96.7426     7.0388     7.3179    32.9858    32.9903    26.4806    26.4845    8.15774 0.0000e+00
       8914    187.019    -0.0069    -0.0107   2.759458   2.759568     2.3887     2.3488      8.023     0.0117     2.0429 1.0790e-01     0.1325    96.7426     7.0365     7.3169    32.9856    32.9911    26.4805    26.4851    8.15801 0.0000e+00
       8917    187.113    -0.0080    -0.0098   2.759399   2.759700     2.3883     2.3488      8.023     0.0166     2.0429 1.0790e-01     0.1325    96.7426     7.0349     7.3161    32.9860    32.9919    26.4808    26.4857    8.15822 0.0000e+00
       8920    187.207    -0.0088    -0.0082   2.759408   2.759913     2.3883     2.3480      8.023     0.0068     2.0429 1.0790e-01     0.1325    96.7426     7.0369     7.3102    32.9869    32.9929    26.4816    26.4864    8.15835 0.0000e+00
       8923    187.303    -0.0088    -0.0063   2.759526   2.760104     2.3879     2.3480      8.023     0.0117     2.0429 1.0790e-01     0.1325    96.7426     7.0355     7.3083    32.9884    32.9933    26.4828    26.4867    8.15827 0.0000e+00
       8926    187.396    -0.0080    -0.0043   2.759817   2.760359     2.3879     2.3467      8.023     0.0215     2.0429 1.0790e-01     0.1332    96.7252     7.0357     7.3027    32.9913    32.9944    26.4851    26.4875    8.15793 0.0000e+00
       8929    187.490    -0.0058    -0.0018   2.760108   2.760740     2.3875     2.3467      8.023     0.0264     2.0034 1.0790e-01     0.1335    96.7165     7.0339     7.3033    32.9928    32.9968    26.4862    26.4893    8.15738 0.0000e+00
       8932    187.584    -0.0038     0.0007   2.760400   2.761244     2.3858     2.3467      8.023     0.0264     1.9245 1.0790e-01     0.1335    96.7165     7.0286     7.3033    32.9944    33.0006    26.4874    26.4922    8.15685 0.0000e+00
       8935    187.677    -0.0014     0.0018   2.760934   2.761757     2.3871     2.3467      8.023     0.0264     1.9245 1.0790e-01     0.1335    96.7165     7.0329     7.3070    32.9987    33.0062    26.4908    26.4967    8.15607 0.0000e+00
       8938    187.771     0.0008     0.0020   2.761454   2.762091     2.3858     2.3463      8.023     0.0264     1.9245 1.0790e-01     0.1339    96.7078     7.0289     7.3062    33.0032    33.0103    26.4943    26.5000    8.15536 0.0000e+00
       8941    187.862     0.0020     0.0020   2.761881   2.762269     2.3862     2.3455      8.023     0.0313     1.9245 1.0790e-01     0.1335    96.7165     7.0305     7.3045    33.0074    33.0126    26.4977    26.5018    8.15485 0.0000e+00
       8944    187.954     0.0028     0.0021   2.762129   2.762330     2.3862     2.3455      8.025     0.0264     1.9245 1.0790e-01     0.1335    96.7165     7.0306     7.3085    33.0098    33.0132    26.4996    26.5023    8.15455 0.0000e+00
       8947    188.044     0.0032     0.0016   2.762198   2.762292     2.3862     2.3455      8.023     0.0264     1.9245 1.0790e-01     0.1346    96.6904     7.0275     7.3120    33.0103    33.0132    26.4999    26.5023    8.15444 0.0000e+00
       8950    188.135     0.0028    -0.0012   2.762213   2.762364     2.3854     2.3455      8.023     0.0264     1.9245 1.0790e-01     0.1346    96.6904     7.0243     7.3129    33.0108    33.0171    26.5004    26.5057    8.15449 0.0000e+00
       8953    188.224     0.0007     0.0036   2.761990   2.763204     2.3850     2.3451      8.023     0.0264     1.9245 1.0790e-01     0.1346    96.6904     7.0245     7.3075    33.0101    33.0230    26.4999    26.5102    8.15499 0.0000e+00
       8956    188.314    -0.0009     0.0120   2.762314   2.764005     2.3858     2.3451      8.023     0.0264     1.9245 1.0790e-01     0.1346    96.6904     7.0258     7.3033    33.0160    33.0245    26.5048    26.5109    8.15500 0.0000e+00
       8959    188.404     0.0025     0.0124   2.763291   2.764010     2.3850     2.3451      8.023     0.0264     1.9245 1.0790e-01     0.1346    96.6904     7.0170     7.3000    33.0252    33.0240    26.5120    26.5106    8.15377 0.0000e+00
       8962    188.494     0.0084     0.0122   2.763907   2.764150     2.3850     2.3443      8.023     0.0215     1.9245 1.0790e-01     0.1346    96.6904     7.0131     7.2952    33.0269    33.0260    26.5131    26.5122    8.15239 0.0000e+00
       8965    188.586     0.0105     0.0075   2.763817   2.763701     2.3854     2.3443      8.023     0.0264     1.9245 1.0790e-01     0.1346    96.6904     7.0113     7.2932    33.0234    33.0252    26.5101    26.5117    8.15212 0.0000e+00
       8968    188.675     0.0115     0.0025   2.764016   2.763564     2.3826     2.3443      8.023     0.0264     1.9245 1.0790e-01     0.1361    96.6557     7.0004     7.2874    33.0249    33.0286    26.5113    26.5147    8.15183 0.0000e+00
       8971    188.760     0.0118     0.0022   2.763898   2.763726     2.3830     2.3443      8.023     0.0313     1.9245 1.0790e-01     0.1361    96.6557     7.0006     7.2825    33.0230    33.0311    26.5098    26.5168    8.15187 0.0000e+00
       8974    188.845     0.0086     0.0008   2.763470   2.763652     2.3830     2.3431      8.023     0.0264     1.9245 1.0790e-01     0.1361    96.6557     7.0013     7.2737    33.0208    33.0315    26.5081    26.5172    8.15269 0.0000e+00
       8977    188.929     0.0058    -0.0001   2.763490   2.763787     2.3834     2.3431      8.021     0.0264     1.9245 1.0790e-01     0.1361    96.6557     7.0005     7.2707    33.0240    33.0342    26.5109    26.5194    8.15312 0.0000e+00
       8980    189.017     0.0033     0.0022   2.763393   2.764219     2.3818     2.3423      8.023     0.0313     1.9245 1.0790e-01     0.1361    96.6557     6.9951     7.2639    33.0253    33.0373    26.5120    26.5218    8.15357 0.0000e+00
       8983    189.104     0.0018     0.0089   2.763600   2.765180     2.3809     2.3419      8.022     0.0264     1.9245 1.0790e-01     0.1357    96.6644     6.9929     7.2609    33.0297    33.0428    26.5156    26.5259    8.15367 0.0000e+00
       8986    189.188     0.0030     0.0203   2.764213   2.766465     2.3809     2.3419      8.022     0.0215     1.9245 1.0790e-01     0.1361    96.6557     6.9935     7.2561    33.0364    33.0474    26.5209    26.5290    8.15303 0.0000e+00
       8989    189.272     0.0061     0.0292   2.764823   2.767220     2.3809     2.3410      8.020     0.0264     1.9245 1.0790e-01     0.1350    96.6817     6.9943     7.2499    33.0410    33.0477    26.5245    26.5289    8.15209 0.0000e+00
       8992    189.358     0.0128     0.0372   2.766087   2.768079     2.3809     2.3402      8.020     0.0264     1.9245 1.0790e-01     0.1346    96.6904     6.9962     7.2453    33.0504    33.0503    26.5318    26.5306    8.15012 0.0000e+00
       8995    189.442     0.0214     0.0487   2.766935   2.769168     2.3801     2.3406      8.021     0.0313     1.9245 1.0790e-01     0.1346    96.6904     6.9890     7.2451    33.0523    33.0522    26.5329    26.5316    8.14816 0.0000e+00
       8998    189.525     0.0300     0.0556   2.767887   2.769660     2.3793     2.3394      8.018     0.0264     1.9245 1.0790e-01     0.1346    96.6904     6.9833     7.2415    33.0554    33.0512    26.5350    26.5304    8.14610 0.0000e+00
       9001    189.608     0.0394     0.0584   2.768875   2.769899     2.3793     2.3394      8.020     0.0313     1.9245 1.0790e-01     0.1350    96.6817     6.9830     7.2434    33.0583    33.0513    26.5369    26.5304    8.14392 0.0000e+00
       9004    189.692     0.0477     0.0591   2.769426   2.769980     2.3789     2.3394      8.018     0.0264     1.9245 1.0790e-01     0.1350    96.6817     6.9819     7.2480    33.0565    33.0515    26.5351    26.5305    8.14221 0.0000e+00
       9007    189.776     0.0534     0.0587   2.769742   2.770102     2.3785     2.3386      8.018     0.0264     1.9245 1.0790e-01     0.1371    96.6296     6.9772     7.2486    33.0545    33.0535    26.5332    26.5321    8.14109 0.0000e+00
       9010    189.860     0.0565     0.0591   2.769749   2.770187     2.3785     2.3382      8.018     0.0264     1.9245 1.0790e-01     0.1393    96.5775     6.9769     7.2519    33.0512    33.0542    26.5303    26.5326    8.14060 0.0000e+00
       9013    189.946     0.0567     0.0489   2.769663   2.769088     2.3781     2.3382      8.018     0.0264     1.9245 1.0790e-01     0.1389    96.5862     6.9769     7.2575    33.0498    33.0506    26.5292    26.5303    8.14064 0.0000e+00
