Datasets/AZMP/COO001/79001022.cnv
* Sea-Bird SBE 9 Data File:
* FileName = C:\CTDDATA\79001022.hex
* Software Version Seasave V 7.26.7.110
* Temperature SN = 5660
* Conductivity SN = 3698
* Number of Bytes Per Scan = 30
* Number of Voltage Words = 4
* Number of Scans Averaged by the Deck Unit = 1
* NMEA baud rate = 9600
** VESSEL/TRIP/SEQ STN:  79001022
** LATITUDE XX XX.XX N:  46 30.00 N
** LONGITUDE XX XX.XX W:  52 51.00 W
** SOUNDING DEPTH (M):  0184
** PROBE TYPE (S1221): S1257
** CTD NUMBER: 022
** COMMENTS (14 CHAR):  SEGB-02
** BOTTLES:  12
** LEVELS: 5,5,10,20,20,30,40,50,75,100,150,BTM
** STICKERS: 434701 - 434712
** VNET: Y
** DO2: N
# nquan = 22
# nvalues = 5583                        
# units = specified
# name 0 = scan: Scan Count
# name 1 = prDM: Pressure, Digiquartz [db]
# name 2 = t090C: Temperature [ITS-90, deg C]
# name 3 = t190C: Temperature, 2 [ITS-90, deg C]
# name 4 = c0S/m: Conductivity [S/m]
# name 5 = c1S/m: Conductivity, 2 [S/m]
# name 6 = sbeox0V: Oxygen raw, SBE 43 [V]
# name 7 = sbeox1V: Oxygen raw, SBE 43, 2 [V]
# name 8 = ph: pH
# name 9 = flECO-AFL: Fluorescence, WET Labs ECO-AFL/FL [mg/m^3]
# name 10 = wetCDOM: Fluorescence, WET Labs CDOM [mg/m^3]
# name 11 = par/sat/log: PAR/Logarithmic, Satlantic [umol photons/m^2/sec]
# name 12 = CStarAt0: Beam Attenuation, WET Labs C-Star [1/m]
# name 13 = CStarTr0: Beam Transmission, WET Labs C-Star [%]
# name 14 = sbeox0ML/L: Oxygen, SBE 43 [ml/l], WS = 2
# name 15 = sbeox1ML/L: Oxygen, SBE 43, 2 [ml/l], WS = 2
# name 16 = sal00: Salinity, Practical [PSU]
# name 17 = sal11: Salinity, Practical, 2 [PSU]
# name 18 = sigma-t00: Density [sigma-t, kg/m^3 ]
# name 19 = sigma-t11: Density, 2 [sigma-t, kg/m^3 ]
# name 20 = oxsatML/L: Oxygen Saturation, Weiss [ml/l]
# name 21 = flag: flag
# span 0 =        106,      46197       
# span 1 =      0.455,    175.520       
# span 2 =    -0.9016,     4.9109       
# span 3 =    -0.9033,     4.9097       
# span 4 =   2.662552,   3.049706       
# span 5 =   2.662573,   3.049800       
# span 6 =     2.6500,     2.9459       
# span 7 =     2.4776,     2.7479       
# span 8 =      8.015,      8.149       
# span 9 =     0.0215,     0.8762       
# span 10 =    -1.7471,     3.1089      
# span 11 = 1.0777e-01, 1.4179e+02      
# span 12 =     0.0704,     2.3438      
# span 13 =    55.6573,    98.2546      
# span 14 =     7.3990,     8.3990      
# span 15 =     6.1707,     7.0179      
# span 16 =    31.6649,    32.6680      
# span 17 =    31.6699,    32.6693      
# span 18 =    25.0417,    26.2602      
# span 19 =    25.0462,    26.2613      
# span 20 =    7.26196,    8.37494      
# span 21 = 0.0000e+00, 0.0000e+00      
# interval = scans: 3                   
# start_time = Nov 23 2019 12:21:38 [System UTC, header]
# bad_flag = -9.990e-29
*END*
[from data line 3095]
      13870    156.231    -0.8688    -0.8634   2.663732   2.664198     2.6574     2.4876      8.017     0.0264     1.8060 1.0815e-01     0.0757    98.1243     8.2614     6.9254    32.6581    32.6585    26.2510    26.2512    8.36797 0.0000e+00
      13873    156.202    -0.8688    -0.8635   2.663749   2.664173     2.6561     2.4876      8.017     0.0313     1.8060 1.0815e-01     0.0761    98.1156     8.2565     6.9252    32.6583    32.6583    26.2512    26.2511    8.36795 0.0000e+00
      13876    156.174    -0.8687    -0.8635   2.663738   2.664182     2.6570     2.4872      8.017     0.0264     1.8060 1.0827e-01     0.0757    98.1243     8.2599     6.9235    32.6581    32.6584    26.2511    26.2511    8.36795 0.0000e+00
      13879    156.143    -0.8685    -0.8636   2.663757   2.664177     2.6565     2.4876      8.017     0.0264     1.8060 1.0827e-01     0.0757    98.1243     8.2596     6.9238    32.6582    32.6586    26.2511    26.2512    8.36790 0.0000e+00
      13882    156.112    -0.8684    -0.8633   2.663782   2.664176     2.6570     2.4876      8.017     0.0410     1.8060 1.0815e-01     0.0757    98.1243     8.2615     6.9231    32.6584    32.6582    26.2512    26.2510    8.36785 0.0000e+00
      13885    156.077    -0.8683    -0.8632   2.663777   2.664208     2.6565     2.4876      8.017     0.0410     1.8060 1.0815e-01     0.0747    98.1503     8.2614     6.9234    32.6582    32.6585    26.2511    26.2512    8.36784 0.0000e+00
      13888    156.039    -0.8682    -0.8629   2.663786   2.664241     2.6570     2.4872      8.017     0.0410     1.9245 1.0827e-01     0.0747    98.1503     8.2631     6.9223    32.6583    32.6587    26.2512    26.2514    8.36782 0.0000e+00
      13891    156.001    -0.8681    -0.8623   2.663769   2.664331     2.6570     2.4876      8.017     0.0410     2.0429 1.0815e-01     0.0747    98.1503     8.2644     6.9239    32.6580    32.6593    26.2509    26.2518    8.36781 0.0000e+00
      13894    155.961    -0.8682    -0.8609   2.663750   2.664403     2.6574     2.4872      8.017     0.0410     2.0429 1.0827e-01     0.0747    98.1503     8.2659     6.9225    32.6578    32.6587    26.2508    26.2513    8.36784 0.0000e+00
      13897    155.919    -0.8683    -0.8608   2.663738   2.664335     2.6570     2.4876      8.017     0.0410     2.0034 1.0827e-01     0.0747    98.1503     8.2646     6.9243    32.6578    32.6578    26.2508    26.2505    8.36787 0.0000e+00
      13900    155.876    -0.8683    -0.8610   2.663761   2.664306     2.6574     2.4876      8.017     0.0410     2.0429 1.0827e-01     0.0747    98.1503     8.2656     6.9239    32.6581    32.6576    26.2511    26.2504    8.36785 0.0000e+00
      13903    155.828    -0.8682    -0.8612   2.663748   2.664302     2.6574     2.4876      8.017     0.0410     2.0429 1.0815e-01     0.0729    98.1938     8.2651     6.9239    32.6579    32.6578    26.2509    26.2506    8.36785 0.0000e+00
      13906    155.778    -0.8683    -0.8614   2.663768   2.664273     2.6574     2.4876      8.017     0.0410     2.0429 1.0827e-01     0.0726    98.2025     8.2654     6.9241    32.6583    32.6577    26.2512    26.2505    8.36784 0.0000e+00
      13909    155.727    -0.8681    -0.8617   2.663774   2.664276     2.6574     2.4876      8.017     0.0459     2.0429 1.0827e-01     0.0729    98.1938     8.2655     6.9244    32.6582    32.6581    26.2511    26.2508    8.36781 0.0000e+00
      13912    155.678    -0.8681    -0.8618   2.663763   2.664264     2.6574     2.4876      8.017     0.0410     2.0429 1.0827e-01     0.0726    98.2025     8.2662     6.9242    32.6581    32.6581    26.2510    26.2508    8.36782 0.0000e+00
      13915    155.620    -0.8680    -0.8618   2.663794   2.664248     2.6574     2.4876      8.017     0.0459     1.8455 1.0827e-01     0.0729    98.1938     8.2663     6.9244    32.6584    32.6579    26.2513    26.2506    8.36777 0.0000e+00
      13918    155.562    -0.8678    -0.8620   2.663796   2.664277     2.6574     2.4876      8.017     0.0410     1.8060 1.0815e-01     0.0729    98.1938     8.2675     6.9257    32.6583    32.6584    26.2511    26.2511    8.36773 0.0000e+00
      13921    155.501    -0.8676    -0.8618   2.663808   2.664251     2.6574     2.4876      8.017     0.0410     1.8060 1.0827e-01     0.0729    98.1938     8.2680     6.9253    32.6582    32.6580    26.2511    26.2507    8.36768 0.0000e+00
      13924    155.438    -0.8675    -0.8622   2.663795   2.664181     2.6578     2.4876      8.017     0.0410     1.8060 1.0827e-01     0.0747    98.1503     8.2697     6.9253    32.6580    32.6575    26.2509    26.2503    8.36769 0.0000e+00
      13927    155.372    -0.8674    -0.8627   2.663801   2.664193     2.6574     2.4876      8.017     0.0410     1.8060 1.0827e-01     0.0747    98.1503     8.2681     6.9259    32.6580    32.6582    26.2510    26.2509    8.36766 0.0000e+00
      13930    155.305    -0.8671    -0.8630   2.663828   2.664152     2.6582     2.4876      8.017     0.0410     1.8060 1.0815e-01     0.0747    98.1503     8.2708     6.9267    32.6581    32.6580    26.2510    26.2507    8.36759 0.0000e+00
      13933    155.235    -0.8670    -0.8632   2.663820   2.664155     2.6582     2.4876      8.017     0.0459     1.8060 1.0827e-01     0.0747    98.1503     8.2705     6.9279    32.6579    32.6584    26.2508    26.2510    8.36757 0.0000e+00
      13936    155.162    -0.8669    -0.8631   2.663824   2.664151     2.6586     2.4876      8.017     0.0410     1.8060 1.0815e-01     0.0750    98.1416     8.2717     6.9271    32.6579    32.6582    26.2508    26.2510    8.36754 0.0000e+00
      13939    155.087    -0.8670    -0.8632   2.663774   2.664130     2.6582     2.4880      8.017     0.0410     1.8060 1.0802e-01     0.0747    98.1503     8.2696     6.9275    32.6574    32.6581    26.2504    26.2509    8.36760 0.0000e+00
      13942    155.008    -0.8672    -0.8632   2.663756   2.664141     2.6586     2.4880      8.017     0.0410     1.9245 1.0827e-01     0.0747    98.1503     8.2702     6.9274    32.6574    32.6583    26.2504    26.2510    8.36764 0.0000e+00
      13945    154.927    -0.8670    -0.8632   2.663814   2.664147     2.6586     2.4880      8.017     0.0410     1.9245 1.0827e-01     0.0736    98.1764     8.2688     6.9291    32.6580    32.6584    26.2509    26.2511    8.36757 0.0000e+00
      13948    154.842    -0.8664    -0.8633   2.663898   2.664134     2.6582     2.4880      8.017     0.0410     1.8850 1.0827e-01     0.0736    98.1764     8.2662     6.9284    32.6586    32.6583    26.2514    26.2510    8.36741 0.0000e+00
      13951    154.756    -0.8656    -0.8634   2.663972   2.664136     2.6586     2.4880      8.017     0.0410     1.9245 1.0827e-01     0.0736    98.1764     8.2659     6.9267    32.6587    32.6586    26.2514    26.2513    8.36720 0.0000e+00
      13954    154.670    -0.8648    -0.8633   2.663980   2.664106     2.6582     2.4880      8.017     0.0410     1.9245 1.0802e-01     0.0736    98.1764     8.2630     6.9250    32.6580    32.6581    26.2508    26.2509    8.36706 0.0000e+00
      13957    154.582    -0.8641    -0.8634   2.664008   2.664131     2.6586     2.4884      8.017     0.0410     1.9245 1.0827e-01     0.0736    98.1764     8.2632     6.9266    32.6577    32.6586    26.2505    26.2512    8.36692 0.0000e+00
      13960    154.493    -0.8637    -0.8635   2.663991   2.664099     2.6586     2.4876      8.017     0.0264     1.8850 1.0827e-01     0.0736    98.1764     8.2625     6.9248    32.6570    32.6584    26.2500    26.2511    8.36686 0.0000e+00
      13963    154.400    -0.8636    -0.8636   2.664014   2.664099     2.6586     2.4876      8.017     0.0264     1.9245 1.0827e-01     0.0754    98.1330     8.2619     6.9257    32.6574    32.6585    26.2503    26.2512    8.36683 0.0000e+00
      13966    154.307    -0.8634    -0.8636   2.664015   2.664081     2.6586     2.4884      8.017     0.0264     1.9245 1.0827e-01     0.0768    98.0982     8.2604     6.9292    32.6572    32.6583    26.2501    26.2510    8.36679 0.0000e+00
      13969    154.213    -0.8632    -0.8635   2.664011   2.664099     2.6586     2.4888      8.017     0.0313     1.9245 1.0802e-01     0.0757    98.1243     8.2605     6.9319    32.6570    32.6585    26.2499    26.2512    8.36676 0.0000e+00
      13972    154.119    -0.8631    -0.8633   2.664009   2.664103     2.6586     2.4876      8.017     0.0264     1.9245 1.0827e-01     0.0764    98.1069     8.2601     6.9278    32.6569    32.6584    26.2499    26.2511    8.36675 0.0000e+00
      13975    154.025    -0.8631    -0.8625   2.664020   2.664168     2.6586     2.4876      8.017     0.0264     1.9245 1.0815e-01     0.0764    98.1069     8.2597     6.9283    32.6571    32.6585    26.2500    26.2511    8.36673 0.0000e+00
      13978    153.932    -0.8631    -0.8620   2.664003   2.664182     2.6586     2.4876      8.017     0.0264     1.9245 1.0827e-01     0.0761    98.1156     8.2585     6.9289    32.6570    32.6582    26.2499    26.2509    8.36674 0.0000e+00
      13981    153.840    -0.8629    -0.8616   2.664012   2.664218     2.6586     2.4888      8.017     0.0215     1.9245 1.0827e-01     0.0768    98.0982     8.2581     6.9340    32.6569    32.6583    26.2499    26.2510    8.36670 0.0000e+00
      13984    153.748    -0.8631    -0.8613   2.664008   2.664200     2.6582     2.4888      8.017     0.0264     1.9245 1.0827e-01     0.0768    98.0982     8.2572     6.9343    32.6571    32.6578    26.2500    26.2506    8.36673 0.0000e+00
      13987    153.658    -0.8629    -0.8607   2.664014   2.664325     2.6586     2.4888      8.017     0.0264     1.9245 1.0802e-01     0.0772    98.0895     8.2592     6.9354    32.6571    32.6589    26.2500    26.2514    8.36670 0.0000e+00
      13990    153.570    -0.8628    -0.8586   2.664008   2.664472     2.6578     2.4884      8.017     0.0264     1.9245 1.0827e-01     0.0768    98.0982     8.2558     6.9347    32.6569    32.6586    26.2499    26.2511    8.36668 0.0000e+00
      13993    153.489    -0.8625    -0.8568   2.664028   2.664544     2.6586     2.4888      8.019     0.0264     1.9245 1.0827e-01     0.0768    98.0982     8.2584     6.9387    32.6569    32.6577    26.2499    26.2503    8.36661 0.0000e+00
      13996    153.404    -0.8626    -0.8561   2.664040   2.664555     2.6582     2.4888      8.017     0.0264     1.9245 1.0815e-01     0.0772    98.0895     8.2563     6.9398    32.6572    32.6571    26.2501    26.2498    8.36661 0.0000e+00
      13999    153.318    -0.8624    -0.8559   2.664021   2.664549     2.6586     2.4888      8.017     0.0264     1.9245 1.0815e-01     0.0768    98.0982     8.2585     6.9384    32.6568    32.6569    26.2498    26.2496    8.36660 0.0000e+00
      14002    153.237    -0.8624    -0.8562   2.664033   2.664515     2.6578     2.4888      8.017     0.0264     1.9245 1.0815e-01     0.0768    98.0982     8.2542     6.9364    32.6570    32.6568    26.2499    26.2496    8.36658 0.0000e+00
      14005    153.157    -0.8623    -0.8562   2.664041   2.664538     2.6586     2.4888      8.017     0.0264     1.9245 1.0827e-01     0.0729    98.1938     8.2575     6.9337    32.6570    32.6572    26.2500    26.2499    8.36655 0.0000e+00
      14008    153.079    -0.8619    -0.8561   2.664054   2.664540     2.6586     2.4892      8.017     0.0264     1.9245 1.0827e-01     0.0726    98.2025     8.2563     6.9345    32.6569    32.6571    26.2498    26.2498    8.36648 0.0000e+00
      14011    153.003    -0.8619    -0.8556   2.664058   2.664578     2.6586     2.4900      8.017     0.0264     1.9245 1.0815e-01     0.0729    98.1938     8.2563     6.9355    32.6569    32.6571    26.2498    26.2498    8.36647 0.0000e+00
      14014    152.928    -0.8618    -0.8552   2.664048   2.664599     2.6582     2.4900      8.017     0.0215     1.9245 1.0827e-01     0.0726    98.2025     8.2534     6.9346    32.6568    32.6570    26.2497    26.2497    8.36647 0.0000e+00
      14017    152.854    -0.8618    -0.8552   2.664053   2.664609     2.6578     2.4900      8.017     0.0264     1.8850 1.0815e-01     0.0726    98.2025     8.2510     6.9343    32.6569    32.6572    26.2498    26.2498    8.36645 0.0000e+00
      14020    152.781    -0.8617    -0.8547   2.664065   2.664637     2.6582     2.4896      8.017     0.0264     1.9245 1.0827e-01     0.0726    98.2025     8.2518     6.9325    32.6570    32.6571    26.2499    26.2498    8.36643 0.0000e+00
      14023    152.707    -0.8616    -0.8546   2.664065   2.664601     2.6582     2.4896      8.017     0.0264     1.9245 1.0815e-01     0.0736    98.1764     8.2521     6.9318    32.6569    32.6565    26.2498    26.2493    8.36640 0.0000e+00
      14026    152.635    -0.8616    -0.8547   2.664078   2.664615     2.6574     2.4900      8.017     0.0313     1.9245 1.0815e-01     0.0747    98.1503     8.2487     6.9321    32.6571    32.6569    26.2500    26.2496    8.36639 0.0000e+00
      14029    152.564    -0.8611    -0.8547   2.664134   2.664570     2.6582     2.4892      8.017     0.0264     1.9245 1.0815e-01     0.0747    98.1503     8.2519     6.9269    32.6574    32.6564    26.2502    26.2492    8.36627 0.0000e+00
      14032    152.493    -0.8607    -0.8546   2.664163   2.664648     2.6574     2.4892      8.017     0.0264     1.9245 1.0802e-01     0.0740    98.1677     8.2504     6.9251    32.6573    32.6573    26.2502    26.2499    8.36617 0.0000e+00
      14035    152.423    -0.8599    -0.8546   2.664203   2.664598     2.6582     2.4892      8.017     0.0264     1.9245 1.0827e-01     0.0747    98.1503     8.2548     6.9252    32.6571    32.6567    26.2500    26.2494    8.36602 0.0000e+00
      14038    152.354    -0.8593    -0.8548   2.664236   2.664586     2.6574     2.4900      8.017     0.0361     1.9245 1.0827e-01     0.0747    98.1503     8.2524     6.9309    32.6569    32.6568    26.2497    26.2495    8.36588 0.0000e+00
      14041    152.289    -0.8589    -0.8551   2.664248   2.664573     2.6578     2.4900      8.017     0.0410     1.9245 1.0802e-01     0.0747    98.1503     8.2558     6.9322    32.6567    32.6570    26.2496    26.2497    8.36581 0.0000e+00
      14044    152.224    -0.8586    -0.8545   2.664250   2.664589     2.6574     2.4900      8.017     0.0410     1.9245 1.0827e-01     0.0736    98.1764     8.2541     6.9325    32.6565    32.6566    26.2494    26.2493    8.36576 0.0000e+00
      14047    152.159    -0.8583    -0.8540   2.664256   2.664639     2.6578     2.4900      8.017     0.0410     2.0429 1.0827e-01     0.0726    98.2025     8.2578     6.9324    32.6562    32.6567    26.2492    26.2494    8.36570 0.0000e+00
      14050    152.094    -0.8581    -0.8536   2.664268   2.664661     2.6578     2.4900      8.017     0.0410     2.0429 1.0827e-01     0.0726    98.2025     8.2579     6.9319    32.6562    32.6566    26.2492    26.2493    8.36565 0.0000e+00
      14053    152.034    -0.8580    -0.8535   2.664251   2.664650     2.6578     2.4896      8.017     0.0410     2.0429 1.0815e-01     0.0729    98.1938     8.2585     6.9300    32.6559    32.6564    26.2489    26.2492    8.36565 0.0000e+00
      14056    151.974    -0.8579    -0.8535   2.664264   2.664642     2.6582     2.4900      8.017     0.0410     2.0429 1.0802e-01     0.0729    98.1938     8.2609     6.9297    32.6560    32.6564    26.2490    26.2491    8.36562 0.0000e+00
      14059    151.911    -0.8580    -0.8539   2.664250   2.664631     2.6578     2.4900      8.017     0.0410     2.0429 1.0815e-01     0.0729    98.1938     8.2585     6.9272    32.6559    32.6566    26.2489    26.2493    8.36564 0.0000e+00
      14062    151.853    -0.8580    -0.8545   2.664253   2.664555     2.6582     2.4909      8.017     0.0410     2.0429 1.0815e-01     0.0729    98.1938     8.2593     6.9290    32.6561    32.6563    26.2491    26.2491    8.36564 0.0000e+00
