Datasets/AZMP/COO001/79001068.cnv
* Sea-Bird SBE 9 Data File:
* FileName = C:\CTDDATA\79001068.hex
* Software Version Seasave V 7.26.7.110
* Temperature SN = 5660
* Conductivity SN = 3698
* Number of Bytes Per Scan = 30
* Number of Voltage Words = 4
* Number of Scans Averaged by the Deck Unit = 1
* NMEA baud rate = 9600
** VESSEL/TRIP/SEQ STN:  79001068
** LATITUDE XX XX.XX N:  48 06.80 N
** LONGITUDE XX XX.XX W:  53 06.00 W
** SOUNDING DEPTH (M):  0189
** PROBE TYPE: S1257
** CTD NUMBER: 035
** COMMENTS (14 CHAR): TB-02
** BOTTLES:  0
** LEVELS:
** STICKERS:
** VNET: N
** DO2: N
# nquan = 22
# nvalues = 4962                        
# units = specified
# name 0 = scan: Scan Count
# name 1 = prDM: Pressure, Digiquartz [db]
# name 2 = t090C: Temperature [ITS-90, deg C]
# name 3 = t190C: Temperature, 2 [ITS-90, deg C]
# name 4 = c0S/m: Conductivity [S/m]
# name 5 = c1S/m: Conductivity, 2 [S/m]
# name 6 = sbeox0V: Oxygen raw, SBE 43 [V]
# name 7 = sbeox1V: Oxygen raw, SBE 43, 2 [V]
# name 8 = ph: pH
# name 9 = flECO-AFL: Fluorescence, WET Labs ECO-AFL/FL [mg/m^3]
# name 10 = wetCDOM: Fluorescence, WET Labs CDOM [mg/m^3]
# name 11 = par/sat/log: PAR/Logarithmic, Satlantic [umol photons/m^2/sec]
# name 12 = CStarAt0: Beam Attenuation, WET Labs C-Star [1/m]
# name 13 = CStarTr0: Beam Transmission, WET Labs C-Star [%]
# name 14 = sbeox0ML/L: Oxygen, SBE 43 [ml/l], WS = 2
# name 15 = sbeox1ML/L: Oxygen, SBE 43, 2 [ml/l], WS = 2
# name 16 = sal00: Salinity, Practical [PSU]
# name 17 = sal11: Salinity, Practical, 2 [PSU]
# name 18 = sigma-t00: Density [sigma-t, kg/m^3 ]
# name 19 = sigma-t11: Density, 2 [sigma-t, kg/m^3 ]
# name 20 = oxsatML/L: Oxygen Saturation, Weiss [ml/l]
# name 21 = flag: flag
# span 0 =          2,      20023       
# span 1 =      0.049,    180.491       
# span 2 =    -0.7463,     4.0607       
# span 3 =    -0.7495,     4.0586       
# span 4 =   2.677592,   2.974489       
# span 5 =   2.677689,   2.974613       
# span 6 =     2.4768,     2.7755       
# span 7 =     2.4344,     2.7307       
# span 8 =      8.031,      8.171       
# span 9 =     0.0068,     0.6271       
# span 10 =    -1.8655,   482.1870      
# span 11 = 1.0592e-01, 2.2132e+00      
# span 12 =     0.0683,     2.2477      
# span 13 =    57.0129,    98.3067      
# span 14 =     6.5450,     7.8633      
# span 15 =     7.3339,     8.2200      
# span 16 =    30.5383,    32.7081      
# span 17 =    31.6010,    32.7102      
# span 18 =    24.2347,    26.2870      
# span 19 =    25.0776,    26.2887      
# span 20 =    7.41837,    8.33774      
# span 21 = 0.0000e+00, 0.0000e+00      
# interval = scans: 3                   
# start_time = Nov 30 2019 22:57:56 [System UTC, header]
# bad_flag = -9.990e-29
*END*
[from data line 3688]
      14894     85.840     1.8710     2.0946   2.852603   2.865943     2.6998     2.6468      8.123     0.0899     1.9245 1.0790e-01     0.0761    98.1156     7.7245     7.9361    32.2678    32.2061    25.7923    25.7269    7.80448 0.0000e+00
      14897     85.719     1.8910     2.1036   2.853490   2.866524     2.6994     2.6464      8.123     0.0850     1.9245 1.0790e-01     0.0757    98.1243     7.7167     7.9350    32.2585    32.2042    25.7834    25.7247    7.80095 0.0000e+00
      14900     85.602     1.9166     2.1104   2.856735   2.866883     2.7002     2.6464      8.122     0.0850     1.9245 1.0790e-01     0.0764    98.1069     7.7101     7.9392    32.2729    32.2019    25.7932    25.7223    7.79506 0.0000e+00
      14903     85.491     1.9490     2.1151   2.858341   2.867098     2.7002     2.6460      8.122     0.0899     2.0034 1.0790e-01     0.0764    98.1069     7.7039     7.9450    32.2600    32.1997    25.7806    25.7203    7.78926 0.0000e+00
      14906     85.387     1.9682     2.1180   2.858339   2.867330     2.7002     2.6452      8.122     0.0899     2.0429 1.0790e-01     0.0768    98.0982     7.6998     7.9512    32.2404    32.1997    25.7635    25.7201    7.78644 0.0000e+00
      14909     85.284     1.9799     2.1222   2.858877   2.867673     2.7002     2.6452      8.122     0.0850     2.0429 1.0790e-01     0.0740    98.1677     7.6969     7.9593    32.2352    32.1998    25.7585    25.7198    7.78437 0.0000e+00
      14912     85.188     1.9903     2.1304   2.859372   2.868386     2.7002     2.6456      8.122     0.0801     2.0429 1.0790e-01     0.0736    98.1764     7.6938     7.9661    32.2308    32.2004    25.7542    25.7197    7.78252 0.0000e+00
      14915     85.099     1.9977     2.1406   2.859393   2.869076     2.6994     2.6464      8.122     0.0850     2.0429 1.0790e-01     0.0736    98.1764     7.6907     7.9744    32.2237    32.1987    25.7480    25.7175    7.78143 0.0000e+00
      14918     85.016     1.9983     2.1513   2.858883   2.869793     2.7002     2.6456      8.122     0.0850     2.0429 1.0790e-01     0.0736    98.1764     7.6920     7.9759    32.2167    32.1967    25.7424    25.7152    7.78166 0.0000e+00
      14921     84.946     1.9928     2.1593   2.858253   2.870292     2.7002     2.6464      8.122     0.0850     2.0429 1.0790e-01     0.0736    98.1764     7.6917     7.9817    32.2145    32.1948    25.7411    25.7131    7.78288 0.0000e+00
      14924     84.879     1.9855     2.1619   2.858043   2.870227     2.7002     2.6468      8.122     0.0850     2.0429 1.0790e-01     0.0736    98.1764     7.6935     7.9888    32.2194    32.1914    25.7454    25.7101    7.78408 0.0000e+00
      14927     84.818     1.9928     2.1608   2.859997   2.869926     2.7014     2.6468      8.124     0.0850     2.0034 1.0790e-01     0.0743    98.1590     7.6950     7.9942    32.2363    32.1889    25.7584    25.7082    7.78174 0.0000e+00
      14930     84.763     2.0025     2.1437   2.859367   2.868835     2.7006     2.6477      8.122     0.0899     1.9245 1.0790e-01     0.0747    98.1503     7.6914     8.0039    32.2186    32.1927    25.7436    25.7125    7.78073 0.0000e+00
      14933     84.714     1.9566     2.1250   2.850998   2.868290     2.7006     2.6468      8.122     0.0850     1.9245 1.0790e-01     0.0747    98.1503     7.7054     8.0052    32.1612    32.2049    25.7009    25.7238    7.79292 0.0000e+00
      14936     84.672     1.8837     2.1350   2.846158   2.868405     2.7006     2.6473      8.123     0.0947     1.9245 1.0790e-01     0.0747    98.1503     7.7205     8.0052    32.1751    32.1962    25.7172    25.7160    7.80681 0.0000e+00
      14939     84.634     1.8426     2.1388   2.845946   2.868121     2.7014     2.6477      8.125     0.0850     1.9245 1.0790e-01     0.0750    98.1416     7.7283     8.0073    32.2143    32.1888    25.7515    25.7098    7.81301 0.0000e+00
      14942     84.606     1.8212     2.1274   2.845393   2.867507     2.6998     2.6477      8.126     0.0850     1.9245 1.0790e-01     0.0747    98.1503     7.7250     8.0100    32.2293    32.1928    25.7650    25.7138    7.81652 0.0000e+00
      15002     84.579     1.8490     2.0673   2.847860   2.863668     2.7018     2.6477      8.118     0.0947     2.0034 1.0790e-01     0.0740    98.1677     7.7295     8.0420    32.2316    32.2062    25.7649    25.7289    7.81080 0.0000e+00
      15034     84.524     1.8628     2.0411   2.849203   2.861893     2.7030     2.6485      8.116     0.0996     2.0429 1.0790e-01     0.0743    98.1590     7.7347     8.0669    32.2345    32.2108    25.7662    25.7346    7.80789 0.0000e+00
      15037     84.461     1.8594     2.0454   2.849233   2.862552     2.7035     2.6493      8.118     0.0996     2.0429 1.0790e-01     0.0736    98.1764     7.7396     8.0764    32.2383    32.2147    25.7695    25.7374    7.80835 0.0000e+00
      15040     84.392     1.8582     2.0601   2.849279   2.863627     2.7039     2.6505      8.118     0.0996     2.0429 1.0790e-01     0.0743    98.1590     7.7435     8.0851    32.2402    32.2132    25.7711    25.7351    7.80851 0.0000e+00
      15043     84.315     1.8581     2.0674   2.849416   2.863637     2.7026     2.6509      8.118     0.0996     2.0429 1.0790e-01     0.0743    98.1590     7.7432     8.0930    32.2420    32.2059    25.7726    25.7287    7.80843 0.0000e+00
      15046     84.228     1.8600     2.0646   2.849657   2.863252     2.7035     2.6513      8.118     0.0996     2.0429 1.0790e-01     0.0743    98.1590     7.7521     8.1029    32.2431    32.2040    25.7733    25.7274    7.80798 0.0000e+00
      15049     84.136     1.8615     2.0678   2.849637   2.864106     2.7035     2.6525      8.120     0.0996     2.0429 1.0790e-01     0.0747    98.1503     7.7612     8.1131    32.2414    32.2114    25.7719    25.7331    7.80778 0.0000e+00
      15052     84.037     1.8612     2.0922   2.849420   2.866006     2.7047     2.6534      8.123     0.1045     2.0429 1.0790e-01     0.0747    98.1503     7.7734     8.1152    32.2390    32.2103    25.7700    25.7304    7.80797 0.0000e+00
      15055     83.933     1.8610     2.1083   2.849591   2.866824     2.7055     2.6538      8.123     0.0996     2.0429 1.0790e-01     0.0747    98.1503     7.7809     8.1163    32.2414    32.2042    25.7719    25.7243    7.80787 0.0000e+00
      15058     83.823     1.8628     2.1229   2.849809   2.867412     2.7067     2.6550      8.123     0.0947     2.0429 1.0790e-01     0.0747    98.1503     7.7861     8.1167    32.2424    32.1967    25.7726    25.7172    7.80747 0.0000e+00
      15061     83.707     1.8657     2.1207   2.850038   2.867581     2.7067     2.6562      8.123     0.0996     2.0429 1.0790e-01     0.0747    98.1503     7.7864     8.1215    32.2424    32.2011    25.7724    25.7209    7.80689 0.0000e+00
      15064     83.586     1.8666     2.1551   2.849886   2.871751     2.7075     2.6566      8.121     0.0996     2.0429 1.0790e-01     0.0747    98.1503     7.7909     8.1145    32.2396    32.2179    25.7701    25.7319    7.80685 0.0000e+00
      15067     83.464     1.8675     2.2085   2.850108   2.875286     2.7087     2.6574      8.121     0.0996     2.0429 1.0790e-01     0.0747    98.1503     7.7951     8.1025    32.2415    32.2076    25.7715    25.7196    7.80656 0.0000e+00
      15070     83.337     1.8724     2.2326   2.850842   2.874473     2.7096     2.6587      8.123     0.0996     2.0429 1.0790e-01     0.0754    98.1330     7.7961     8.0972    32.2457    32.1731    25.7746    25.6902    7.80536 0.0000e+00
      15073     83.205     1.8807     2.1956   2.851712   2.871761     2.7112     2.6595      8.123     0.0996     2.0429 1.0790e-01     0.0750    98.1416     7.7984     8.1005    32.2482    32.1772    25.7760    25.6963    7.80356 0.0000e+00
      15076     83.071     1.8916     2.1836   2.852510   2.871221     2.7112     2.6603      8.123     0.1045     2.0429 1.0790e-01     0.0750    98.1416     7.7920     8.0976    32.2471    32.1827    25.7743    25.7016    7.80143 0.0000e+00
      15079     82.934     1.9013     2.1517   2.852920   2.867718     2.7112     2.6611      8.122     0.0996     2.0429 1.0790e-01     0.0747    98.1503     7.7855     8.0976    32.2424    32.1717    25.7699    25.6952    7.79973 0.0000e+00
      15082     82.800     1.9126     2.0930   2.854242   2.863974     2.7112     2.6615      8.122     0.1045     2.0429 1.0790e-01     0.0754    98.1330     7.7788     8.0976    32.2475    32.1849    25.7731    25.7100    7.79721 0.0000e+00
      15085     82.665     1.9311     2.0520   2.855952   2.861194     2.7116     2.6627      8.122     0.0899     1.9640 1.0790e-01     0.0750    98.1416     7.7712     8.0943    32.2499    32.1921    25.7738    25.7188    7.79336 0.0000e+00
      15088     82.529     1.9510     2.0118   2.857220   2.859296     2.7124     2.6631      8.122     0.0899     1.9245 1.0790e-01     0.0754    98.1330     7.7639     8.0852    32.2455    32.2095    25.7688    25.7356    7.78961 0.0000e+00
      15091     82.396     1.9735     2.0233   2.859561   2.861913     2.7132     2.6623      8.122     0.0899     1.9245 1.0790e-01     0.0747    98.1503     7.7560     8.0569    32.2519    32.2304    25.7723    25.7515    7.78478 0.0000e+00
      15094     82.264     2.0003     2.0532   2.861352   2.863040     2.7140     2.6627      8.122     0.0850     1.9245 1.0790e-01     0.0750    98.1416     7.7505     8.0304    32.2469    32.2140    25.7664    25.7362    7.77969 0.0000e+00
      15097     82.133     2.0281     2.0496   2.863191   2.861812     2.7149     2.6627      8.122     0.0899     1.9245 1.0790e-01     0.0747    98.1503     7.7457     8.0136    32.2415    32.2025    25.7601    25.7273    7.77442 0.0000e+00
      15100     82.009     2.0560     2.0345   2.865317   2.861721     2.7136     2.6631      8.122     0.0850     1.9245 1.0790e-01     0.0747    98.1503     7.7324     8.0023    32.2397    32.2168    25.7565    25.7398    7.76896 0.0000e+00
      15103     81.885     2.0804     2.0975   2.865982   2.870296     2.7136     2.6623      8.122     0.0850     1.9245 1.0790e-01     0.0747    98.1503     7.7248     7.9723    32.2231    32.2593    25.7415    25.7692    7.76495 0.0000e+00
      15106     81.764     2.1064     2.2549   2.868563   2.879997     2.7140     2.6615      8.122     0.0850     1.9245 1.0790e-01     0.0747    98.1503     7.7183     7.9291    32.2288    32.2196    25.7441    25.7258    7.75949 0.0000e+00
      15109     81.647     2.1475     2.3188   2.872838   2.881225     2.7136     2.6603      8.125     0.0801     1.9245 1.0790e-01     0.0743    98.1590     7.7043     7.9096    32.2401    32.1701    25.7502    25.6814    7.75074 0.0000e+00
      15112     81.536     2.1882     2.3295   2.874713   2.881387     2.7136     2.6595      8.124     0.0947     2.0034 1.0790e-01     0.0729    98.1938     7.6928     7.9055    32.2220    32.1614    25.7327    25.6736    7.74361 0.0000e+00
      15115     81.431     2.2131     2.3218   2.874963   2.880771     2.7140     2.6578      8.124     0.1045     2.0429 1.0790e-01     0.0736    98.1764     7.6873     7.9046    32.1999    32.1617    25.7132    25.6744    7.73983 0.0000e+00
      15118     81.327     2.2256     2.3238   2.874720   2.881632     2.7153     2.6574      8.126     0.0996     2.0429 1.0790e-01     0.0736    98.1764     7.6900     7.9073    32.1843    32.1703    25.6997    25.6812    7.73817 0.0000e+00
      15121     81.228     2.2301     2.3570   2.875197   2.884486     2.7145     2.6574      8.126     0.0996     2.0429 1.0790e-01     0.0733    98.1851     7.6867     7.9102    32.1857    32.1720    25.7005    25.6799    7.73721 0.0000e+00
      15124     81.135     2.2471     2.3869   2.878327   2.885963     2.7132     2.6574      8.126     0.0996     2.0429 1.0790e-01     0.0733    98.1851     7.6789     7.9169    32.2073    32.1601    25.7165    25.6681    7.73273 0.0000e+00
      15127     81.046     2.2751     2.4053   2.880028   2.886766     2.7145     2.6574      8.126     0.0996     2.0429 1.0790e-01     0.0736    98.1764     7.6770     7.9278    32.1999    32.1514    25.7085    25.6598    7.72758 0.0000e+00
      15130     80.960     2.2971     2.4166   2.881088   2.887228     2.7149     2.6574      8.126     0.0996     2.0429 1.0790e-01     0.0729    98.1938     7.6747     7.9407    32.1908    32.1458    25.6995    25.6544    7.72371 0.0000e+00
      15133     80.880     2.3144     2.4227   2.881305   2.887615     2.7145     2.6574      8.126     0.0996     2.0429 1.0790e-01     0.0726    98.2025     7.6687     7.9527    32.1761    32.1444    25.6864    25.6528    7.72107 0.0000e+00
      15136     80.806     2.3278     2.4272   2.881641   2.887855     2.7140     2.6574      8.126     0.0996     2.0429 1.0790e-01     0.0726    98.2025     7.6624     7.9621    32.1667    32.1429    25.6779    25.6513    7.71892 0.0000e+00
      15139     80.734     2.3248     2.4288   2.880633   2.887889     2.7140     2.6578      8.126     0.0996     2.0429 1.0790e-01     0.0726    98.2025     7.6633     7.9703    32.1573    32.1417    25.6706    25.6502    7.71999 0.0000e+00
      15142     80.665     2.3076     2.4317   2.878297   2.888239     2.7149     2.6583      8.126     0.0996     2.0429 1.0790e-01     0.0726    98.2025     7.6717     7.9753    32.1459    32.1431    25.6628    25.6511    7.72397 0.0000e+00
      15145     80.606     2.2897     2.4328   2.876708   2.888005     2.7145     2.6587      8.126     0.0996     2.0429 1.0790e-01     0.0726    98.2025     7.6776     7.9805    32.1445    32.1392    25.6631    25.6479    7.72758 0.0000e+00
      15148     80.547     2.2754     2.4345   2.876103   2.888349     2.7149     2.6591      8.126     0.0996     2.0429 1.0790e-01     0.0726    98.2025     7.6820     7.9838    32.1515    32.1417    25.6697    25.6498    7.73004 0.0000e+00
      15151     80.484     2.2599     2.4404   2.874776   2.888580     2.7145     2.6591      8.126     0.0996     2.0429 1.0790e-01     0.0736    98.1764     7.6830     7.9839    32.1508    32.1387    25.6704    25.6469    7.73314 0.0000e+00
      15154     80.423     2.2055     2.4358   2.866144   2.887764     2.7153     2.6599      8.128     0.0996     2.0429 1.0790e-01     0.0736    98.1764     7.7015     7.9906    32.0992    32.1333    25.6331    25.6429    7.74658 0.0000e+00
      15157     80.368     2.1264     2.3943   2.860960   2.884530     2.7136     2.6599      8.128     0.0996     2.0429 1.0790e-01     0.0736    98.1764     7.7130     8.0008    32.1151    32.1354    25.6517    25.6478    7.76146 0.0000e+00
      15160     80.325     2.0512     2.3647   2.857263   2.882805     2.7140     2.6599      8.128     0.0947     2.0429 1.0790e-01     0.0736    98.1764     7.7299     8.0066    32.1454    32.1441    25.6815    25.6570    7.77485 0.0000e+00
      15163     80.273     1.9991     2.3542   2.855817   2.882749     2.7153     2.6599      8.130     0.0996     2.0034 1.0790e-01     0.0736    98.1764     7.7441     8.0080    32.1804    32.1540    25.7132    25.6657    7.78341 0.0000e+00
      15166     80.225     1.9736     2.3673   2.855887   2.884977     2.7153     2.6611      8.132     0.0996     1.9245 1.0790e-01     0.0733    98.1851     7.7481     8.0086    32.2071    32.1682    25.7365    25.6762    7.78709 0.0000e+00
      15169     80.180     1.9706     2.4118   2.857224   2.887090     2.7161     2.6611      8.130     0.0996     1.9245 1.0790e-01     0.0736    98.1764     7.7517     8.0016    32.2268    32.1493    25.7525    25.6576    7.78666 0.0000e+00
      15172     80.136     1.9818     2.4266   2.859182   2.887749     2.7149     2.6611      8.130     0.1045     1.9245 1.0790e-01     0.0750    98.1416     7.7433     8.0005    32.2399    32.1425    25.7621    25.6510    7.78374 0.0000e+00
