Datasets/AZMP/COO001/79001094.cnv
* Sea-Bird SBE 9 Data File:
* FileName = C:\CTDDATA\79001094.hex
* Software Version Seasave V 7.26.7.110
* Temperature SN = 5660
* Conductivity SN = 3698
* Number of Bytes Per Scan = 30
* Number of Voltage Words = 4
* Number of Scans Averaged by the Deck Unit = 1
* NMEA baud rate = 9600
** VESSEL/TRIP/SEQ STN:  79001094
** LATITUDE XX XX.XX N:  49 01.50 N
** LONGITUDE XX XX.XX W:  52 04.00 W
** SOUNDING DEPTH (M):  0297
** PROBE TYPE: S1257
** CTD NUMBER: 060
** COMMENTS (14 CHAR): BB-05
** BOTTLES:  13
** LEVELS: 5,5,10,20,20,30,40,50,75,100,150,250,BTM
** STICKERS: 435305 - 435317
** VNET: N
** DO2: Y
# nquan = 22
# nvalues = 6452                        
# units = specified
# name 0 = scan: Scan Count
# name 1 = prDM: Pressure, Digiquartz [db]
# name 2 = t090C: Temperature [ITS-90, deg C]
# name 3 = t190C: Temperature, 2 [ITS-90, deg C]
# name 4 = c0S/m: Conductivity [S/m]
# name 5 = c1S/m: Conductivity, 2 [S/m]
# name 6 = sbeox0V: Oxygen raw, SBE 43 [V]
# name 7 = sbeox1V: Oxygen raw, SBE 43, 2 [V]
# name 8 = ph: pH
# name 9 = flECO-AFL: Fluorescence, WET Labs ECO-AFL/FL [mg/m^3]
# name 10 = wetCDOM: Fluorescence, WET Labs CDOM [mg/m^3]
# name 11 = par/sat/log: PAR/Logarithmic, Satlantic [umol photons/m^2/sec]
# name 12 = CStarAt0: Beam Attenuation, WET Labs C-Star [1/m]
# name 13 = CStarTr0: Beam Transmission, WET Labs C-Star [%]
# name 14 = sbeox0ML/L: Oxygen, SBE 43 [ml/l], WS = 2
# name 15 = sbeox1ML/L: Oxygen, SBE 43, 2 [ml/l], WS = 2
# name 16 = sal00: Salinity, Practical [PSU]
# name 17 = sal11: Salinity, Practical, 2 [PSU]
# name 18 = sigma-t00: Density [sigma-t, kg/m^3 ]
# name 19 = sigma-t11: Density, 2 [sigma-t, kg/m^3 ]
# name 20 = oxsatML/L: Oxygen Saturation, Weiss [ml/l]
# name 21 = flag: flag
# span 0 =         57,      59345       
# span 1 =      1.894,    287.850       
# span 2 =     0.5651,     2.5737       
# span 3 =     0.5654,     2.5728       
# span 4 =   2.832050,   3.093025       
# span 5 =   2.826664,   3.093198       
# span 6 =     2.3081,     2.7562       
# span 7 =     2.2737,     2.7216       
# span 8 =      8.076,      8.198       
# span 9 =    -0.0078,     1.0911       
# span 10 =     1.2928,     2.0429      
# span 11 = 1.0703e-01, 1.9288e+00      
# span 12 =     0.0570,     0.3189      
# span 13 =    92.3369,    98.5848      
# span 14 =     6.2481,     7.8217      
# span 15 =     6.3959,     8.1687      
# span 16 =    32.7202,    34.4527      
# span 17 =    32.7091,    34.4072      
# span 18 =    26.1298,    27.4992      
# span 19 =    26.1209,    27.4556      
# span 20 =    7.55666,    8.00301      
# span 21 = 0.0000e+00, 0.0000e+00      
# interval = scans: 3                   
# start_time = Dec 02 2019 19:47:14 [System UTC, header]
# bad_flag = -9.990e-29
*END*
[from data line 2503]
      10316    213.498     0.5769     0.5912   2.867518   2.869158     2.4418     2.4121      8.123     0.0117     1.6876 1.0827e-01     0.0577    98.5674     7.1470     7.5626    33.7516    33.7573    27.0673    27.0711    7.99104 0.0000e+00
      10319    213.588     0.5804     0.5951   2.868156   2.869417     2.4430     2.4129      8.126     0.0166     1.6876 1.0827e-01     0.0574    98.5761     7.1499     7.5501    33.7561    33.7564    27.0707    27.0701    7.99007 0.0000e+00
      10322    213.669     0.5824     0.5965   2.868611   2.869461     2.4430     2.4129      8.125     0.0117     1.6876 1.0815e-01     0.0574    98.5761     7.1503     7.5395    33.7597    33.7554    27.0735    27.0691    7.98944 0.0000e+00
      10325    213.743     0.5843     0.5964   2.868272   2.869421     2.4426     2.4141      8.125     0.0117     1.6876 1.0827e-01     0.0577    98.5674     7.1497     7.5354    33.7532    33.7549    27.0682    27.0688    7.98940 0.0000e+00
      10328    213.805     0.5880     0.5956   2.868853   2.869325     2.4434     2.4141      8.125     0.0117     1.6876 1.0815e-01     0.0570    98.5848     7.1510     7.5282    33.7567    33.7546    27.0708    27.0686    7.98844 0.0000e+00
      10331    213.861     0.5992     0.5951   2.870907   2.869360     2.4434     2.4149      8.125     0.0117     1.6876 1.0827e-01     0.0577    98.5674     7.1469     7.5233    33.7711    33.7555    27.0817    27.0694    7.98529 0.0000e+00
      10334    213.913     0.6217     0.5961   2.875101   2.869429     2.4450     2.4141      8.125     0.0117     1.6876 1.0827e-01     0.0577    98.5674     7.1444     7.5118    33.8010    33.7552    27.1045    27.0691    7.97896 0.0000e+00
      10337    213.956     0.6651     0.5969   2.878199   2.869472     2.4446     2.4145      8.125     0.0117     1.6876 1.0827e-01     0.0577    98.5674     7.1352     7.5076    33.7939    33.7550    27.0962    27.0688    7.97025 0.0000e+00
      10340    213.990     0.7001     0.5974   2.880273   2.869477     2.4446     2.4145      8.127     0.0117     1.6876 1.0815e-01     0.0577    98.5674     7.1272     7.5053    33.7825    33.7545    27.0850    27.0684    7.96354 0.0000e+00
      10343    214.019     0.7245     0.5977   2.880415   2.869521     2.4446     2.4145      8.125     0.0117     1.6876 1.0827e-01     0.0577    98.5674     7.1205     7.5028    33.7578    33.7546    27.0636    27.0685    7.95978 0.0000e+00
      10410    214.248     0.7482     0.5847   2.881717   2.868165     2.4487     2.4153      8.127     0.0117     1.6481 1.0790e-01     0.0609    98.4892     7.1219     7.4382    33.7487    33.7511    27.0549    27.0664    7.95532 0.0000e+00
      10414    214.276     0.7631     0.5832   2.882417   2.867976     2.4495     2.4141      8.127     0.0117     1.6876 1.0790e-01     0.0609    98.4892     7.1183     7.4322    33.7416    33.7502    27.0482    27.0658    7.95261 0.0000e+00
      10417    214.302     0.7670     0.5823   2.882531   2.867939     2.4487     2.4141      8.127     0.0117     1.6876 1.0790e-01     0.0627    98.4458     7.1149     7.4339    33.7388    33.7508    27.0458    27.0663    7.95195 0.0000e+00
      10420    214.336     0.7711     0.5818   2.883071   2.867918     2.4499     2.4145      8.125     0.0117     1.6481 1.0790e-01     0.0630    98.4371     7.1168     7.4366    33.7413    33.7510    27.0474    27.0666    7.95095 0.0000e+00
      10423    214.375     0.7805     0.5818   2.884550   2.867941     2.4495     2.4137      8.127     0.0117     1.6876 1.0790e-01     0.0630    98.4371     7.1079     7.4316    33.7502    33.7512    27.0541    27.0667    7.94852 0.0000e+00
      10426    214.422     0.7852     0.5839   2.883183   2.868314     2.4487     2.4129      8.127     0.0117     1.6876 1.0790e-01     0.0630    98.4371     7.1018     7.4284    33.7274    33.7538    27.0354    27.0686    7.94877 0.0000e+00
      10429    214.473     0.7738     0.5965   2.881658   2.869356     2.4487     2.4129      8.127     0.0117     1.6876 1.0790e-01     0.0630    98.4371     7.1044     7.4278    33.7201    33.7535    27.0302    27.0677    7.95154 0.0000e+00
      10432    214.532     0.7628     0.6035   2.880748   2.870057     2.4491     2.4129      8.127     0.0117     1.6876 1.0802e-01     0.0630    98.4371     7.1061     7.4298    33.7201    33.7550    27.0310    27.0685    7.95382 0.0000e+00
      10435    214.595     0.7454     0.6167   2.878366   2.871039     2.4479     2.4129      8.127     0.0117     1.6876 1.0790e-01     0.0630    98.4371     7.1067     7.4313    33.7082    33.7533    27.0224    27.0664    7.95810 0.0000e+00
      10438    214.659     0.7225     0.6248   2.876158   2.871405     2.4487     2.4121      8.127     0.0117     1.6481 1.0815e-01     0.0630    98.4371     7.1153     7.4323    33.7045    33.7492    27.0208    27.0626    7.96308 0.0000e+00
      10441    214.728     0.6998     0.6325   2.875264   2.871963     2.4495     2.4125      8.127     0.0166     1.6876 1.0827e-01     0.0627    98.4458     7.1206     7.4388    33.7176    33.7480    27.0327    27.0611    7.96712 0.0000e+00
      10444    214.797     0.6911     0.6354   2.876056   2.872114     2.4487     2.4117      8.127     0.0117     1.6876 1.0827e-01     0.0627    98.4458     7.1191     7.4426    33.7373    33.7468    27.0490    27.0599    7.96788 0.0000e+00
      10447    214.870     0.6931     0.6414   2.876896   2.872773     2.4479     2.4117      8.127     0.0117     1.6876 1.0827e-01     0.0630    98.4371     7.1172     7.4493    33.7459    33.7487    27.0559    27.0612    7.96699 0.0000e+00
      10450    214.947     0.6936     0.6492   2.876194   2.873224     2.4487     2.4117      8.127     0.0117     1.6876 1.0827e-01     0.0630    98.4371     7.1211     7.4534    33.7362    33.7460    27.0480    27.0586    7.96740 0.0000e+00
      10453    215.023     0.6839     0.6523   2.875057   2.873710     2.4495     2.4121      8.127     0.0117     1.6876 1.0827e-01     0.0627    98.4458     7.1254     7.4580    33.7321    33.7490    27.0453    27.0607    7.96967 0.0000e+00
      10456    215.105     0.6754     0.6791   2.874630   2.876767     2.4487     2.4117      8.128     0.0166     1.6876 1.0827e-01     0.0627    98.4458     7.1252     7.4539    33.7357    33.7594    27.0487    27.0676    7.97125 0.0000e+00
      10459    215.191     0.6706     0.7111   2.874953   2.878681     2.4487     2.4117      8.128     0.0264     1.6876 1.0827e-01     0.0613    98.4805     7.1281     7.4513    33.7451    33.7493    27.0565    27.0575    7.97174 0.0000e+00
      10462    215.281     0.6737     0.7188   2.875563   2.878774     2.4483     2.4125      8.128     0.0410     1.6087 1.0827e-01     0.0613    98.4805     7.1240     7.4554    33.7495    33.7420    27.0599    27.0512    7.97085 0.0000e+00
      10465    215.379     0.6742     0.7189   2.875114   2.878726     2.4479     2.4129      8.128     0.0264     1.5692 1.0827e-01     0.0613    98.4805     7.1233     7.4586    33.7430    33.7412    27.0547    27.0506    7.97109 0.0000e+00
      10468    215.482     0.6695     0.7204   2.874524   2.878968     2.4491     2.4129      8.128     0.0264     1.5692 1.0827e-01     0.0609    98.4892     7.1314     7.4591    33.7405    33.7426    27.0530    27.0516    7.97222 0.0000e+00
      10471    215.585     0.6654     0.7188   2.874232   2.877954     2.4479     2.4129      8.126     0.0313     1.5692 1.0827e-01     0.0613    98.4805     7.1283     7.4590    33.7411    33.7312    27.0536    27.0425    7.97304 0.0000e+00
      10474    215.692     0.6507     0.6582   2.871587   2.872301     2.4483     2.4129      8.128     0.0264     1.5692 1.0827e-01     0.0613    98.4805     7.1344     7.4740    33.7227    33.7238    27.0397    27.0402    7.97711 0.0000e+00
      10477    215.803     0.6289     0.6187   2.870203   2.870940     2.4483     2.4129      8.125     0.0313     1.5692 1.0827e-01     0.0602    98.5066     7.1418     7.4812    33.7285    33.7492    27.0456    27.0629    7.98138 0.0000e+00
      10480    215.919     0.6149     0.6082   2.869829   2.870350     2.4491     2.4129      8.125     0.0313     1.5692 1.0827e-01     0.0595    98.5240     7.1504     7.4845    33.7388    33.7528    27.0547    27.0665    7.98375 0.0000e+00
      10483    216.035     0.6069     0.6002   2.869759   2.869917     2.4495     2.4129      8.125     0.0166     1.5297 1.0827e-01     0.0595    98.5240     7.1558     7.4853    33.7465    33.7559    27.0614    27.0694    7.98501 0.0000e+00
      10486    216.153     0.6068     0.6003   2.871157   2.870566     2.4479     2.4129      8.126     0.0117     1.5692 1.0827e-01     0.0598    98.5153     7.1501     7.4844    33.7648    33.7641    27.0762    27.0760    7.98405 0.0000e+00
      10489    216.276     0.6166     0.6174   2.872895   2.872783     2.4487     2.4129      8.125     0.0117     1.6876 1.0827e-01     0.0595    98.5240     7.1505     7.4822    33.7765    33.7742    27.0850    27.0831    7.98134 0.0000e+00
      10492    216.396     0.6259     0.6320   2.873479   2.873730     2.4491     2.4129      8.125     0.0117     1.6876 1.0827e-01     0.0598    98.5153     7.1499     7.4839    33.7739    33.7705    27.0824    27.0793    7.97954 0.0000e+00
      10495    216.519     0.6328     0.6415   2.874048   2.874704     2.4495     2.4133      8.128     0.0117     1.6876 1.0827e-01     0.0598    98.5153     7.1516     7.4859    33.7737    33.7727    27.0819    27.0805    7.97811 0.0000e+00
      10498    216.641     0.6408     0.6494   2.874972   2.875367     2.4495     2.4141      8.123     0.0166     1.6876 1.0827e-01     0.0588    98.5414     7.1503     7.4905    33.7769    33.7726    27.0840    27.0800    7.97626 0.0000e+00
      10501    216.761     0.6480     0.6549   2.875476   2.875777     2.4504     2.4137      8.123     0.0117     1.6876 1.0827e-01     0.0588    98.5414     7.1516     7.4898    33.7755    33.7719    27.0824    27.0791    7.97482 0.0000e+00
      10504    216.884     0.6531     0.6579   2.875683   2.876016     2.4499     2.4141      8.126     0.0117     1.6876 1.0827e-01     0.0588    98.5414     7.1482     7.4932    33.7726    33.7716    27.0797    27.0786    7.97392 0.0000e+00
      10507    217.005     0.6564     0.6591   2.875854   2.876066     2.4499     2.4141      8.125     0.0117     1.6876 1.0827e-01     0.0588    98.5414     7.1470     7.4957    33.7711    33.7709    27.0784    27.0781    7.97330 0.0000e+00
      10510    217.123     0.6590     0.6604   2.876118   2.876289     2.4495     2.4145      8.126     0.0117     1.6876 1.0827e-01     0.0588    98.5414     7.1445     7.4986    33.7716    33.7723    27.0786    27.0791    7.97273 0.0000e+00
      10513    217.239     0.6626     0.6622   2.876613   2.876412     2.4508     2.4145      8.128     0.0166     1.6876 1.0802e-01     0.0588    98.5414     7.1476     7.4975    33.7741    33.7720    27.0804    27.0787    7.97184 0.0000e+00
      10516    217.353     0.6660     0.6695   2.876939   2.877658     2.4495     2.4153      8.128     0.0117     1.8060 1.0790e-01     0.0588    98.5414     7.1410     7.4984    33.7746    33.7801    27.0806    27.0848    7.97111 0.0000e+00
      10519    217.464     0.6699     0.6821   2.877466   2.878776     2.4512     2.4149      8.128     0.0117     1.8060 1.0790e-01     0.0577    98.5674     7.1437     7.4922    33.7771    33.7807    27.0823    27.0846    7.97016 0.0000e+00
      10522    217.572     0.6760     0.6892   2.878376   2.879280     2.4508     2.4153      8.126     0.0215     1.8060 1.0790e-01     0.0577    98.5674     7.1401     7.4933    33.7821    33.7795    27.0860    27.0831    7.96860 0.0000e+00
      10525    217.681     0.6832     0.6941   2.879012   2.879721     2.4504     2.4153      8.124     0.0117     1.8060 1.0802e-01     0.0577    98.5674     7.1383     7.4955    33.7824    33.7798    27.0859    27.0831    7.96707 0.0000e+00
      10528    217.787     0.6896     0.6984   2.879495   2.880086     2.4508     2.4162      8.127     0.0166     1.7665 1.0790e-01     0.0577    98.5674     7.1400     7.4989    33.7817    33.7797    27.0849    27.0828    7.96578 0.0000e+00
      10531    217.890     0.6937     0.7023   2.879708   2.880490     2.4495     2.4162      8.127     0.0117     1.8060 1.0790e-01     0.0577    98.5674     7.1347     7.4983    33.7799    33.7807    27.0832    27.0833    7.96501 0.0000e+00
      10534    217.991     0.6974     0.7051   2.880081   2.880720     2.4512     2.4162      8.127     0.0117     1.8060 1.0790e-01     0.0577    98.5674     7.1397     7.4968    33.7807    33.7805    27.0836    27.0830    7.96421 0.0000e+00
      10537    218.089     0.7015     0.7078   2.880448   2.880910     2.4512     2.4162      8.126     0.0313     1.8060 1.0790e-01     0.0588    98.5414     7.1359     7.4944    33.7809    33.7801    27.0835    27.0825    7.96333 0.0000e+00
      10540    218.187     0.7041     0.7082   2.880443   2.880899     2.4508     2.4166      8.126     0.0264     1.6481 1.0790e-01     0.0598    98.5153     7.1341     7.4946    33.7780    33.7794    27.0810    27.0819    7.96296 0.0000e+00
      10543    218.284     0.7051     0.7077   2.880488   2.880824     2.4500     2.4166      8.127     0.0264     1.5692 1.0790e-01     0.0598    98.5153     7.1291     7.4926    33.7774    33.7789    27.0805    27.0816    7.96277 0.0000e+00
      10546    218.376     0.7062     0.7076   2.880570   2.880913     2.4512     2.4174      8.127     0.0264     1.5692 1.0790e-01     0.0602    98.5066     7.1338     7.4927    33.7772    33.7801    27.0803    27.0825    7.96256 0.0000e+00
      10549    218.468     0.7065     0.7089   2.880514   2.881063     2.4520     2.4178      8.127     0.0264     1.5692 1.0790e-01     0.0602    98.5066     7.1370     7.4905    33.7761    33.7806    27.0793    27.0829    7.96255 0.0000e+00
      10552    218.558     0.7062     0.7101   2.880465   2.881114     2.4512     2.4178      8.127     0.0264     1.5692 1.0790e-01     0.0602    98.5066     7.1325     7.4862    33.7757    33.7799    27.0791    27.0822    7.96262 0.0000e+00
      10555    218.645     0.7067     0.7126   2.880676   2.881635     2.4516     2.4178      8.127     0.0264     1.5692 1.0790e-01     0.0605    98.4979     7.1334     7.4835    33.7779    33.7839    27.0808    27.0853    7.96242 0.0000e+00
      10558    218.731     0.7094     0.7226   2.881159   2.882655     2.4508     2.4178      8.127     0.0313     1.5692 1.0802e-01     0.0591    98.5327     7.1279     7.4809    33.7811    33.7862    27.0832    27.0865    7.96167 0.0000e+00
      10561    218.814     0.7121     0.7292   2.881364   2.883208     2.4504     2.4178      8.127     0.0166     1.5692 1.0790e-01     0.0581    98.5587     7.1260     7.4763    33.7808    33.7860    27.0828    27.0860    7.96112 0.0000e+00
      10564    218.898     0.7158     0.7333   2.882011   2.883576     2.4512     2.4178      8.127     0.0117     1.5692 1.0790e-01     0.0577    98.5674     7.1277     7.4732    33.7850    33.7863    27.0860    27.0860    7.96012 0.0000e+00
      10567    218.980     0.7199     0.7400   2.882285   2.884344     2.4508     2.4178      8.127     0.0117     1.4507 1.0790e-01     0.0577    98.5674     7.1253     7.4710    33.7841    33.7889    27.0850    27.0877    7.95931 0.0000e+00
      10570    219.060     0.7238     0.7465   2.882788   2.884841     2.4508     2.4178      8.127     0.0117     1.4507 1.0790e-01     0.0577    98.5674     7.1248     7.4690    33.7864    33.7882    27.0866    27.0867    7.95838 0.0000e+00
