Datasets/AZMP/COO001/79001070.cnv
* Sea-Bird SBE 9 Data File:
* FileName = C:\CTDDATA\79001070.hex
* Software Version Seasave V 7.26.7.110
* Temperature SN = 5660
* Conductivity SN = 3698
* Number of Bytes Per Scan = 30
* Number of Voltage Words = 4
* Number of Scans Averaged by the Deck Unit = 1
* NMEA baud rate = 9600
** VESSEL/TRIP/SEQ STN:  79001070
** LATITUDE XX XX.XX N:  48 10.20 N
** LONGITUDE XX XX.XX W:  53 13.70 W
** SOUNDING DEPTH (M):  0306
** PROBE TYPE: S1257
** CTD NUMBER: 037
** COMMENTS (14 CHAR): TB-04
** BOTTLES:  0
** LEVELS:
** STICKERS:
** VNET: N
** DO2: N
# nquan = 22
# nvalues = 7582                        
# units = specified
# name 0 = scan: Scan Count
# name 1 = prDM: Pressure, Digiquartz [db]
# name 2 = t090C: Temperature [ITS-90, deg C]
# name 3 = t190C: Temperature, 2 [ITS-90, deg C]
# name 4 = c0S/m: Conductivity [S/m]
# name 5 = c1S/m: Conductivity, 2 [S/m]
# name 6 = sbeox0V: Oxygen raw, SBE 43 [V]
# name 7 = sbeox1V: Oxygen raw, SBE 43, 2 [V]
# name 8 = ph: pH
# name 9 = flECO-AFL: Fluorescence, WET Labs ECO-AFL/FL [mg/m^3]
# name 10 = wetCDOM: Fluorescence, WET Labs CDOM [mg/m^3]
# name 11 = par/sat/log: PAR/Logarithmic, Satlantic [umol photons/m^2/sec]
# name 12 = CStarAt0: Beam Attenuation, WET Labs C-Star [1/m]
# name 13 = CStarTr0: Beam Transmission, WET Labs C-Star [%]
# name 14 = sbeox0ML/L: Oxygen, SBE 43 [ml/l], WS = 2
# name 15 = sbeox1ML/L: Oxygen, SBE 43, 2 [ml/l], WS = 2
# name 16 = sal00: Salinity, Practical [PSU]
# name 17 = sal11: Salinity, Practical, 2 [PSU]
# name 18 = sigma-t00: Density [sigma-t, kg/m^3 ]
# name 19 = sigma-t11: Density, 2 [sigma-t, kg/m^3 ]
# name 20 = oxsatML/L: Oxygen Saturation, Weiss [ml/l]
# name 21 = flag: flag
# span 0 =         46,      30081       
# span 1 =      1.509,    299.018       
# span 2 =    -0.6988,     3.5771       
# span 3 =    -0.7036,     3.5770       
# span 4 =   2.681258,   2.980354       
# span 5 =   2.681318,   2.980560       
# span 6 =     2.0879,     2.7680       
# span 7 =     2.0770,     2.7244       
# span 8 =      7.935,      8.166       
# span 9 =     0.0020,     0.7736       
# span 10 =    -1.3523,     2.2798      
# span 11 = 1.0642e-01, 4.9390e-01      
# span 12 =     0.0715,     0.4130      
# span 13 =    90.1905,    98.2285      
# span 14 =     5.7060,     7.9170      
# span 15 =     5.8433,     8.2638      
# span 16 =    31.7048,    34.0871      
# span 17 =    31.7036,    34.0559      
# span 18 =    25.2054,    27.2756      
# span 19 =    25.2044,    27.2544      
# span 20 =    7.50256,    8.32328      
# span 21 = 0.0000e+00, 0.0000e+00      
# interval = scans: 3                   
# start_time = Dec 01 2019 02:03:09 [System UTC, header]
# bad_flag = -9.990e-29
*END*
[from data line 4610]
      18435    238.908     0.5576     0.4924   2.851738   2.846468     2.2965     2.2525      8.010     0.0117     1.9245 1.0790e-01     0.1591    96.0995     6.6448     6.9499    33.5528    33.5549    26.9083    26.9137    8.00592 0.0000e+00
      18438    238.777     0.5437     0.4926   2.850851   2.846305     2.2974     2.2530      8.012     0.0117     1.9245 1.0790e-01     0.1595    96.0908     6.6517     6.9569    33.5564    33.5527    26.9120    26.9119    8.00865 0.0000e+00
      18441    238.648     0.5331     0.4905   2.849822   2.845999     2.2982     2.2534      8.012     0.0117     1.9245 1.0790e-01     0.1595    96.0908     6.6566     6.9641    33.5546    33.5512    26.9111    26.9107    8.01099 0.0000e+00
      18444    238.520     0.5239     0.4901   2.848896   2.846186     2.2982     2.2534      8.012     0.0117     1.9245 1.0790e-01     0.1595    96.0908     6.6580     6.9675    33.5527    33.5541    26.9101    26.9131    8.01304 0.0000e+00
      18447    238.393     0.5171     0.4923   2.848486   2.846612     2.2978     2.2534      8.010     0.0117     1.9245 1.0790e-01     0.1595    96.0908     6.6573     6.9720    33.5547    33.5573    26.9121    26.9156    8.01435 0.0000e+00
      18450    238.267     0.5144     0.4942   2.848760   2.846710     2.2974     2.2546      8.012     0.0117     1.9245 1.0790e-01     0.1595    96.0908     6.6557     6.9791    33.5614    33.5566    26.9176    26.9149    8.01458 0.0000e+00
      18453    238.144     0.5126     0.4934   2.848515   2.846464     2.2982     2.2546      8.012     0.0117     1.9245 1.0790e-01     0.1584    96.1169     6.6566     6.9812    33.5602    33.5543    26.9168    26.9132    8.01501 0.0000e+00
      18456    238.026     0.5109     0.4949   2.848454   2.846954     2.2986     2.2558      8.012     0.0215     1.9245 1.0790e-01     0.1584    96.1169     6.6572     6.9845    33.5612    33.5591    26.9177    26.9169    8.01531 0.0000e+00
      18459    237.907     0.5096     0.4962   2.848204   2.846884     2.2982     2.2558      8.012     0.0264     1.9245 1.0790e-01     0.1584    96.1169     6.6543     6.9811    33.5595    33.5568    26.9164    26.9150    8.01569 0.0000e+00
      18462    237.794     0.5086     0.4944   2.848397   2.846337     2.2994     2.2570      8.012     0.0215     1.9245 1.0790e-01     0.1584    96.1169     6.6592     6.9858    33.5631    33.5518    26.9193    26.9111    8.01569 0.0000e+00
      18465    237.683     0.5094     0.4914   2.848565   2.846074     2.2986     2.2570      8.012     0.0264     1.9245 1.0790e-01     0.1584    96.1169     6.6558     6.9855    33.5646    33.5516    26.9205    26.9111    8.01546 0.0000e+00
      18468    237.578     0.5095     0.4897   2.848444   2.845906     2.2986     2.2579      8.012     0.0264     1.9245 1.0790e-01     0.1584    96.1169     6.6568     6.9861    33.5629    33.5514    26.9191    26.9110    8.01552 0.0000e+00
      18471    237.477     0.5098     0.4891   2.848407   2.845899     2.2994     2.2579      8.012     0.0264     1.9245 1.0790e-01     0.1584    96.1169     6.6589     6.9803    33.5622    33.5520    26.9186    26.9115    8.01550 0.0000e+00
      18474    237.381     0.5097     0.4890   2.848424   2.845933     2.2990     2.2583      8.012     0.0264     1.9245 1.0790e-01     0.1566    96.1604     6.6561     6.9749    33.5625    33.5526    26.9188    26.9120    8.01549 0.0000e+00
      18477    237.290     0.5099     0.4909   2.848466   2.846432     2.2986     2.2583      8.012     0.0264     1.9245 1.0790e-01     0.1566    96.1604     6.6525     6.9677    33.5629    33.5570    26.9191    26.9155    8.01544 0.0000e+00
      18480    237.202     0.5099     0.4919   2.848462   2.846239     2.2998     2.2583      8.012     0.0264     1.9245 1.0790e-01     0.1566    96.1604     6.6577     6.9633    33.5629    33.5536    26.9191    26.9126    8.01543 0.0000e+00
      18483    237.119     0.5101     0.4905   2.848434   2.845928     2.2998     2.2587      8.012     0.0166     1.9245 1.0790e-01     0.1570    96.1517     6.6566     6.9630    33.5624    33.5511    26.9187    26.9107    8.01543 0.0000e+00
      18486    237.044     0.5101     0.4902   2.848412   2.846246     2.3006     2.2595      8.012     0.0117     1.9245 1.0790e-01     0.1570    96.1517     6.6597     6.9630    33.5621    33.5556    26.9185    26.9143    8.01544 0.0000e+00
      18489    236.974     0.5099     0.4926   2.848377   2.846525     2.2998     2.2595      8.012     0.0117     1.9245 1.0790e-01     0.1563    96.1691     6.6558     6.9621    33.5619    33.5567    26.9183    26.9151    8.01548 0.0000e+00
      18492    236.908     0.5101     0.4923   2.848457   2.846438     2.2998     2.2595      8.012     0.0117     1.9245 1.0790e-01     0.1563    96.1691     6.6530     6.9628    33.5628    33.5558    26.9190    26.9144    8.01539 0.0000e+00
      18495    236.849     0.5105     0.4927   2.848640   2.846490     2.2998     2.2595      8.012     0.0117     1.9245 1.0790e-01     0.1541    96.2212     6.6505     6.9642    33.5648    33.5561    26.9206    26.9146    8.01521 0.0000e+00
      18498    236.792     0.5128     0.4924   2.849203   2.846442     2.2998     2.2595      8.012     0.0117     1.9245 1.0790e-01     0.1541    96.2212     6.6482     6.9641    33.5696    33.5559    26.9244    26.9145    8.01445 0.0000e+00
      18501    236.740     0.5168     0.4922   2.850568   2.846436     2.3002     2.2595      8.012     0.0117     1.9245 1.0790e-01     0.1541    96.2212     6.6435     6.9639    33.5831    33.5561    26.9350    26.9146    8.01287 0.0000e+00
      18504    236.694     0.5318     0.4920   2.854941   2.846362     2.3006     2.2607      8.012     0.0068     1.9245 1.0790e-01     0.1541    96.2212     6.6375     6.9664    33.6237    33.5553    26.9668    26.9140    8.00749 0.0000e+00
      18507    236.648     0.5539     0.4916   2.857439   2.846261     2.3002     2.2607      8.012     0.0117     1.9245 1.0790e-01     0.1541    96.2212     6.6296     6.9632    33.6322    33.5545    26.9724    26.9134    8.00238 0.0000e+00
      18510    236.606     0.5651     0.4906   2.856446   2.846136     2.3006     2.2607      8.012     0.0215     1.9245 1.0790e-01     0.1541    96.2212     6.6285     6.9622    33.6072    33.5539    26.9517    26.9130    8.00139 0.0000e+00
      18513    236.564     0.5641     0.4899   2.854893   2.846000     2.2994     2.2615      8.012     0.0264     1.8060 1.0790e-01     0.1552    96.1951     6.6234     6.9646    33.5881    33.5530    26.9363    26.9122    8.00263 0.0000e+00
      18516    236.526     0.5600     0.4896   2.854104   2.845966     2.2998     2.2615      8.012     0.0313     1.8060 1.0790e-01     0.1552    96.1951     6.6225     6.9612    33.5823    33.5529    26.9318    26.9121    8.00380 0.0000e+00
      18519    236.491     0.5548     0.4893   2.853256   2.846023     2.2998     2.2619      8.012     0.0264     1.8060 1.0790e-01     0.1552    96.1951     6.6227     6.9557    33.5770    33.5540    26.9279    26.9131    8.00520 0.0000e+00
      18522    236.457     0.5532     0.4899   2.854249   2.846132     2.2990     2.2615      8.012     0.0215     1.8060 1.0790e-01     0.1552    96.1951     6.6188     6.9463    33.5917    33.5548    26.9398    26.9137    8.00474 0.0000e+00
      18525    236.429     0.5507     0.4911   2.852878   2.846313     2.2986     2.2619      8.012     0.0264     1.8060 1.0790e-01     0.1552    96.1951     6.6176     6.9394    33.5765    33.5558    26.9277    26.9145    8.00608 0.0000e+00
      18528    236.402     0.5453     0.4924   2.852361   2.846320     2.2998     2.2615      8.012     0.0313     1.8060 1.0790e-01     0.1552    96.1951     6.6252     6.9300    33.5757    33.5545    26.9274    26.9134    8.00727 0.0000e+00
      18533    236.363     0.5412     0.4928   2.852255   2.846367     2.2986     2.2619      8.012     0.0264     1.8060 1.0790e-01     0.1621    96.0300     6.6274     6.9193    33.5788    33.5547    26.9301    26.9135    8.00797 0.0000e+00
      18536    236.337     0.5410     0.4927   2.852464   2.846335     2.2982     2.2619      8.012     0.0215     1.8060 1.0777e-01     0.1675    95.8997     6.6303     6.9129    33.5818    33.5544    26.9326    26.9133    8.00785 0.0000e+00
      18539    236.312     0.5409     0.4926   2.852366   2.846327     2.2974     2.2615      8.012     0.0215     1.8060 1.0790e-01     0.1675    95.8997     6.6324     6.9071    33.5806    33.5544    26.9316    26.9133    8.00793 0.0000e+00
      18542    236.288     0.5415     0.4928   2.852646   2.846324     2.2986     2.2607      8.012     0.0313     1.8060 1.0777e-01     0.1675    95.8997     6.6447     6.9011    33.5836    33.5542    26.9340    26.9131    8.00764 0.0000e+00
      18545    236.265     0.5432     0.4928   2.853156   2.846258     2.2986     2.2607      8.012     0.0264     1.8060 1.0790e-01     0.1671    95.9084     6.6551     6.8997    33.5884    33.5534    26.9378    26.9124    8.00702 0.0000e+00
      18548    236.241     0.5496     0.4913   2.855489   2.846046     2.2982     2.2607      8.012     0.0313     1.8060 1.0790e-01     0.1671    95.9084     6.6618     6.8986    33.6118    33.5523    26.9562    26.9116    8.00440 0.0000e+00
      18551    236.219     0.5701     0.4884   2.859973   2.845106     2.2986     2.2607      8.012     0.0264     1.8060 1.0790e-01     0.1671    95.9084     6.6681     6.8988    33.6478    33.5432    26.9841    26.9044    7.99813 0.0000e+00
      18554    236.192     0.5884     0.4801   2.860883   2.842622     2.2998     2.2599      8.011     0.0264     1.8060 1.0790e-01     0.1686    95.8736     6.6824     6.8975    33.6397    33.5199    26.9765    26.8862    7.99470 0.0000e+00
      18557    236.166     0.5931     0.4514   2.859274   2.839986     2.2994     2.2595      8.010     0.0264     1.8060 1.0790e-01     0.1682    95.8823     6.6945     6.9049    33.6137    33.5168    26.9553    26.8852    7.99513 0.0000e+00
      18560    236.139     0.5933     0.4415   2.859581   2.839264     2.2998     2.2599      8.011     0.0215     1.8060 1.0790e-01     0.1686    95.8736     6.7117     6.9130    33.6175    33.5181    26.9583    26.8868    7.99489 0.0000e+00
      18563    236.107     0.5955     0.4350   2.859665   2.839129     2.3014     2.2595      8.011     0.0264     1.8060 1.0790e-01     0.1686    95.8736     6.7296     6.9183    33.6163    33.5234    26.9572    26.8914    7.99449 0.0000e+00
      18566    236.074     0.5919     0.4409   2.858481   2.839693     2.3031     2.2595      8.011     0.0215     1.8060 1.0790e-01     0.1689    95.8649     6.7491     6.9199    33.6048    33.5243    26.9482    26.8919    7.99588 0.0000e+00
      18569    236.039     0.5897     0.4376   2.858652   2.837927     2.3047     2.2595      8.011     0.0264     1.8060 1.0790e-01     0.1682    95.8823     6.7661     6.9221    33.6094    33.5048    26.9520    26.8764    7.99608 0.0000e+00
      18572    236.002     0.5931     0.4280   2.859781   2.836785     2.3059     2.2595      8.011     0.0215     1.8060 1.0790e-01     0.1689    95.8649     6.7791     6.9254    33.6204    33.5005    26.9607    26.8734    7.99477 0.0000e+00
      18575    235.960     0.5934     0.4079   2.859047   2.833565     2.3072     2.2587      8.011     0.0264     1.8060 1.0790e-01     0.1704    95.8301     6.7890     6.9306    33.6106    33.4803    26.9528    26.8582    7.99524 0.0000e+00
      18578    235.919     0.5930     0.3807   2.858873   2.829916     2.3088     2.2591      8.011     0.0215     1.8060 1.0790e-01     0.1704    95.8301     6.7983     6.9421    33.6088    33.4622    26.9513    26.8451    7.99543 0.0000e+00
      18581    235.873     0.5850     0.3571   2.857134   2.828105     2.3117     2.2595      8.010     0.0215     1.8060 1.0790e-01     0.1708    95.8214     6.8120     6.9506    33.5949    33.4643    26.9406    26.8481    7.99786 0.0000e+00
      18584    235.827     0.5788     0.3421   2.856423   2.826074     2.3137     2.2595      8.009     0.0215     1.8060 1.0790e-01     0.1704    95.8301     6.8186     6.9566    33.5925    33.4540    26.9390    26.8406    7.99930 0.0000e+00
      18587    235.777     0.5713     0.3215   2.854615   2.823163     2.3149     2.2595      8.009     0.0264     1.8060 1.0790e-01     0.1704    95.8301     6.8203     6.9632    33.5771    33.4384    26.9270    26.8291    8.00171 0.0000e+00
      18590    235.724     0.5616     0.3134   2.853773   2.822664     2.3169     2.2591      8.012     0.0264     1.8455 1.0777e-01     0.1704    95.8301     6.8252     6.9610    33.5767    33.4406    26.9273    26.8313    8.00378 0.0000e+00
      18593    235.668     0.5580     0.3076   2.853971   2.822379     2.3178     2.2587      8.012     0.0264     1.9245 1.0790e-01     0.1686    95.8736     6.8232     6.9584    33.5833    33.4432    26.9328    26.8337    8.00418 0.0000e+00
      18596    235.608     0.5573     0.2994   2.853974   2.820891     2.3198     2.2587      8.010     0.0215     1.9245 1.0790e-01     0.1649    95.9605     6.8237     6.9572    33.5841    33.4327    26.9335    26.8258    8.00428 0.0000e+00
      18599    235.541     0.5539     0.2868   2.853162   2.819438     2.3194     2.2591      8.010     0.0264     1.9245 1.0790e-01     0.1649    95.9605     6.8157     6.9560    33.5773    33.4275    26.9282    26.8221    8.00537 0.0000e+00
      18602    235.472     0.5484     0.2783   2.852230   2.818787     2.3214     2.2595      8.012     0.0215     1.9245 1.0790e-01     0.1649    95.9605     6.8163     6.9525    33.5711    33.4281    26.9236    26.8231    8.00686 0.0000e+00
      18605    235.402     0.5435     0.2736   2.851896   2.818424     2.3218     2.2595      8.012     0.0264     1.9245 1.0790e-01     0.1649    95.9605     6.8104     6.9481    33.5721    33.4286    26.9247    26.8237    8.00784 0.0000e+00
      18608    235.326     0.5402     0.2721   2.851890   2.818904     2.3235     2.2595      8.012     0.0215     1.9245 1.0790e-01     0.1653    95.9518     6.8122     6.9449    33.5757    33.4365    26.9278    26.8303    8.00835 0.0000e+00
      18611    235.250     0.5390     0.2930   2.852041   2.824456     2.3239     2.2591      8.012     0.0264     1.9245 1.0790e-01     0.1649    95.9605     6.8085     6.9337    33.5790    33.4865    26.9305    26.8694    8.00842 0.0000e+00
      18614    235.167     0.5389     0.3198   2.852227   2.823951     2.3255     2.2583      8.012     0.0264     1.9245 1.0790e-01     0.1620    96.0300     6.8120     6.9258    33.5816    33.4508    26.9325    26.8392    8.00830 0.0000e+00
      18617    235.081     0.5393     0.3177   2.852237   2.824432     2.3255     2.2583      8.012     0.0264     1.8455 1.0790e-01     0.1595    96.0908     6.8098     6.9228    33.5814    33.4595    26.9323    26.8463    8.00823 0.0000e+00
      18620    234.992     0.5391     0.3567   2.852084   2.832556     2.3267     2.2575      8.012     0.0215     1.8060 1.0790e-01     0.1591    96.0995     6.8144     6.9059    33.5796    33.5233    26.9309    26.8957    8.00836 0.0000e+00
      18623    234.900     0.5383     0.4049   2.851850   2.836685     2.3271     2.2571      8.012     0.0264     1.8060 1.0777e-01     0.1595    96.0908     6.8185     6.8960    33.5776    33.5249    26.9293    26.8943    8.00865 0.0000e+00
      18626    234.803     0.5370     0.4193   2.851682   2.837578     2.3284     2.2571      8.012     0.0264     1.8060 1.0790e-01     0.1595    96.0908     6.8247     6.8993    33.5768    33.5210    26.9288    26.8904    8.00896 0.0000e+00
