Datasets/AZMP/COO001/79001081.cnv
* Sea-Bird SBE 9 Data File:
* FileName = C:\CTDDATA\79001081.hex
* Software Version Seasave V 7.26.7.110
* Temperature SN = 5660
* Conductivity SN = 3698
* Number of Bytes Per Scan = 30
* Number of Voltage Words = 4
* Number of Scans Averaged by the Deck Unit = 1
* NMEA baud rate = 9600
** VESSEL/TRIP/SEQ STN:  79001081
** LATITUDE XX XX.XX N:  48 09.43 N
** LONGITUDE XX XX.XX W:  53 42.05 W
** SOUNDING DEPTH (M):  0209
** PROBE TYPE: S1257
** CTD NUMBER: 048
** COMMENTS (14 CHAR): SS-09
** BOTTLES:  18
** LEVELS: 5,5,5,5,10,20,20,20,20,30,40,50,50,50,75,100,150,BTM
** STICKERS: 435225 - 435242
** VNET: Y
** DO2: N
# nquan = 22
# nvalues = 7842                        
# units = specified
# name 0 = scan: Scan Count
# name 1 = prDM: Pressure, Digiquartz [db]
# name 2 = t090C: Temperature [ITS-90, deg C]
# name 3 = t190C: Temperature, 2 [ITS-90, deg C]
# name 4 = c0S/m: Conductivity [S/m]
# name 5 = c1S/m: Conductivity, 2 [S/m]
# name 6 = sbeox0V: Oxygen raw, SBE 43 [V]
# name 7 = sbeox1V: Oxygen raw, SBE 43, 2 [V]
# name 8 = ph: pH
# name 9 = flECO-AFL: Fluorescence, WET Labs ECO-AFL/FL [mg/m^3]
# name 10 = wetCDOM: Fluorescence, WET Labs CDOM [mg/m^3]
# name 11 = par/sat/log: PAR/Logarithmic, Satlantic [umol photons/m^2/sec]
# name 12 = CStarAt0: Beam Attenuation, WET Labs C-Star [1/m]
# name 13 = CStarTr0: Beam Transmission, WET Labs C-Star [%]
# name 14 = sbeox0ML/L: Oxygen, SBE 43 [ml/l], WS = 2
# name 15 = sbeox1ML/L: Oxygen, SBE 43, 2 [ml/l], WS = 2
# name 16 = sal00: Salinity, Practical [PSU]
# name 17 = sal11: Salinity, Practical, 2 [PSU]
# name 18 = sigma-t00: Density [sigma-t, kg/m^3 ]
# name 19 = sigma-t11: Density, 2 [sigma-t, kg/m^3 ]
# name 20 = oxsatML/L: Oxygen Saturation, Weiss [ml/l]
# name 21 = flag: flag
# span 0 =        299,      56690       
# span 1 =      2.351,    196.826       
# span 2 =     0.1238,     3.4577       
# span 3 =     0.1217,     3.4573       
# span 4 =   2.762237,   2.931674       
# span 5 =   2.767085,   2.931853       
# span 6 =     2.3667,     2.7449       
# span 7 =     2.3325,     2.7067       
# span 8 =      8.031,      8.181       
# span 9 =     0.0166,     0.6857       
# span 10 =    -1.8260,     3.2273      
# span 11 = 1.0777e-01, 5.0611e+01      
# span 12 =     0.0821,     0.2307      
# span 13 =    94.3963,    97.9678      
# span 14 =     6.8083,     7.6015      
# span 15 =     7.2627,     7.9167      
# span 16 =    31.3337,    32.9916      
# span 17 =    31.3363,    32.9937      
# span 18 =    24.9237,    26.4790      
# span 19 =    24.9259,    26.4808      
# span 20 =    7.53332,    8.12936      
# span 21 = 0.0000e+00, 0.0000e+00      
# interval = scans: 3                   
# start_time = Dec 01 2019 18:23:20 [System UTC, header]
# bad_flag = -9.990e-29
*END*
[from data line 2305]
       7364    133.734     0.6359     0.6306   2.773893   2.773835     2.5373     2.5007      8.096     0.0557     2.1614 1.0790e-01     0.1325    96.7426     7.4054     7.7506    32.5208    32.5257    26.0730    26.0772    8.04571 0.0000e+00
       7367    133.794     0.6343     0.6290   2.773855   2.773793     2.5369     2.5007      8.094     0.0557     2.1614 1.0790e-01     0.1325    96.7426     7.4035     7.7477    32.5220    32.5268    26.0740    26.0782    8.04598 0.0000e+00
       7370    133.853     0.6328     0.6274   2.773743   2.773730     2.5353     2.5003      8.096     0.0606     2.1614 1.0790e-01     0.1328    96.7339     7.3967     7.7447    32.5221    32.5276    26.0742    26.0789    8.04630 0.0000e+00
       7373    133.911     0.6309     0.6248   2.773653   2.773534     2.5365     2.4998      8.096     0.0557     2.1614 1.0790e-01     0.1353    96.6731     7.4010     7.7409    32.5228    32.5278    26.0749    26.0792    8.04665 0.0000e+00
       7376    133.971     0.6291     0.6219   2.773569   2.773359     2.5357     2.5003      8.096     0.0557     2.1614 1.0790e-01     0.1353    96.6731     7.3977     7.7416    32.5237    32.5285    26.0756    26.0799    8.04700 0.0000e+00
       7379    134.029     0.6273     0.6198   2.773496   2.773294     2.5349     2.4998      8.096     0.0557     2.1614 1.0790e-01     0.1353    96.6731     7.3955     7.7379    32.5246    32.5299    26.0765    26.0811    8.04733 0.0000e+00
       7382    134.089     0.6256     0.6182   2.773418   2.773222     2.5345     2.4990      8.094     0.0508     2.1614 1.0790e-01     0.1346    96.6904     7.3943     7.7305    32.5253    32.5305    26.0771    26.0818    8.04764 0.0000e+00
       7385    134.148     0.6237     0.6175   2.773241   2.773205     2.5340     2.4990      8.096     0.0459     2.1219 1.0790e-01     0.1353    96.6731     7.3943     7.7281    32.5249    32.5310    26.0770    26.0822    8.04806 0.0000e+00
       7388    134.206     0.6214     0.6168   2.773089   2.773135     2.5345     2.4982      8.094     0.0410     2.0034 1.0790e-01     0.1350    96.6817     7.3986     7.7218    32.5254    32.5308    26.0775    26.0821    8.04854 0.0000e+00
       7391    134.263     0.6196     0.6150   2.773052   2.773041     2.5340     2.4982      8.094     0.0410     2.0429 1.0790e-01     0.1357    96.6644     7.3978     7.7181    32.5267    32.5315    26.0787    26.0827    8.04883 0.0000e+00
       7394    134.321     0.6187     0.6114   2.773058   2.772758     2.5324     2.4982      8.094     0.0410     2.0429 1.0790e-01     0.1346    96.6904     7.3926     7.7136    32.5277    32.5315    26.0795    26.0830    8.04897 0.0000e+00
       7397    134.380     0.6179     0.6102   2.773028   2.772776     2.5324     2.4966      8.094     0.0410     2.0429 1.0790e-01     0.1346    96.6904     7.3910     7.7033    32.5282    32.5331    26.0799    26.0843    8.04912 0.0000e+00
       7400    134.439     0.6175     0.6110   2.773047   2.772868     2.5312     2.4974      8.094     0.0410     2.0429 1.0790e-01     0.1346    96.6904     7.3897     7.7039    32.5288    32.5333    26.0804    26.0844    8.04916 0.0000e+00
       7403    134.498     0.6168     0.6123   2.772990   2.772955     2.5320     2.4966      8.094     0.0410     2.0429 1.0790e-01     0.1346    96.6904     7.3950     7.6994    32.5287    32.5330    26.0804    26.0841    8.04932 0.0000e+00
       7406    134.556     0.6161     0.6115   2.772952   2.772856     2.5312     2.4958      8.094     0.0459     2.0429 1.0790e-01     0.1346    96.6904     7.3935     7.6953    32.5290    32.5326    26.0806    26.0837    8.04946 0.0000e+00
       7409    134.613     0.6155     0.6110   2.772925   2.772853     2.5312     2.4958      8.094     0.0410     2.0429 1.0790e-01     0.1346    96.6904     7.3932     7.6934    32.5293    32.5331    26.0809    26.0842    8.04958 0.0000e+00
       7412    134.670     0.6151     0.6093   2.772896   2.772653     2.5312     2.4950      8.094     0.0557     2.0429 1.0790e-01     0.1361    96.6557     7.3931     7.6911    32.5293    32.5322    26.0809    26.0836    8.04966 0.0000e+00
       7415    134.730     0.6148     0.6033   2.772927   2.772217     2.5300     2.4942      8.094     0.0557     2.0429 1.0790e-01     0.1379    96.6122     7.3918     7.6886    32.5299    32.5329    26.0815    26.0845    8.04968 0.0000e+00
       7418    134.790     0.6148     0.5976   2.772950   2.771856     2.5304     2.4933      8.094     0.0557     2.0429 1.0790e-01     0.1379    96.6122     7.3947     7.6889    32.5302    32.5342    26.0817    26.0858    8.04967 0.0000e+00
       7421    134.848     0.6147     0.5907   2.772904   2.771424     2.5288     2.4933      8.094     0.0654     2.0429 1.0790e-01     0.1379    96.6122     7.3870     7.6946    32.5297    32.5358    26.0813    26.0875    8.04971 0.0000e+00
       7424    134.904     0.6136     0.5823   2.772760   2.770937     2.5304     2.4929      8.094     0.0557     2.0429 1.0790e-01     0.1379    96.6122     7.3933     7.6949    32.5289    32.5383    26.0807    26.0900    8.04999 0.0000e+00
       7427    134.961     0.6129     0.5702   2.772815   2.770328     2.5296     2.4925      8.094     0.0606     2.0429 1.0790e-01     0.1379    96.6122     7.3888     7.6992    32.5304    32.5431    26.0819    26.0945    8.05006 0.0000e+00
       7430    135.019     0.6119     0.5607   2.772619   2.769927     2.5292     2.4921      8.094     0.0557     2.0429 1.0790e-01     0.1379    96.6122     7.3884     7.7015    32.5288    32.5478    26.0808    26.0988    8.05036 0.0000e+00
       7433    135.077     0.6081     0.5554   2.772256   2.769748     2.5279     2.4913      8.094     0.0606     2.0429 1.0790e-01     0.1357    96.6644     7.3836     7.7001    32.5281    32.5512    26.0803    26.1017    8.05120 0.0000e+00
       7436    135.135     0.6031     0.5535   2.771861   2.769700     2.5275     2.4913      8.094     0.0508     2.0429 1.0790e-01     0.1350    96.6817     7.3844     7.7034    32.5282    32.5524    26.0807    26.1029    8.05226 0.0000e+00
       7439    135.192     0.5976     0.5520   2.771453   2.769605     2.5288     2.4909      8.094     0.0410     2.1219 1.0790e-01     0.1350    96.6817     7.3895     7.7017    32.5287    32.5528    26.0814    26.1033    8.05340 0.0000e+00
       7442    135.251     0.5884     0.5509   2.770777   2.769587     2.5271     2.4909      8.094     0.0410     2.1614 1.0790e-01     0.1346    96.6904     7.3840     7.7004    32.5296    32.5536    26.0826    26.1040    8.05530 0.0000e+00
       7445    135.309     0.5792     0.5516   2.770367   2.769618     2.5267     2.4905      8.094     0.0410     2.1614 1.0790e-01     0.1346    96.6904     7.3853     7.6980    32.5340    32.5533    26.0866    26.1036    8.05702 0.0000e+00
       7448    135.366     0.5720     0.5512   2.770097   2.769555     2.5271     2.4897      8.094     0.0410     2.1614 1.0790e-01     0.1353    96.6731     7.3875     7.6939    32.5380    32.5529    26.0903    26.1034    8.05833 0.0000e+00
       7451    135.423     0.5663     0.5500   2.769906   2.769530     2.5263     2.4897      8.094     0.0410     2.1614 1.0790e-01     0.1357    96.6644     7.3875     7.6937    32.5415    32.5537    26.0934    26.1041    8.05935 0.0000e+00
       7454    135.480     0.5626     0.5489   2.769861   2.769400     2.5263     2.4888      8.094     0.0410     2.1614 1.0790e-01     0.1379    96.6122     7.3888     7.6911    32.5448    32.5533    26.0962    26.1038    8.05995 0.0000e+00
       7457    135.540     0.5590     0.5427   2.769552   2.768904     2.5255     2.4884      8.094     0.0410     2.1614 1.0790e-01     0.1379    96.6122     7.3872     7.6926    32.5445    32.5533    26.0962    26.1042    8.06073 0.0000e+00
       7460    135.595     0.5512     0.5293   2.768807   2.768346     2.5255     2.4880      8.094     0.0459     2.1614 1.0790e-01     0.1379    96.6122     7.3881     7.6946    32.5431    32.5602    26.0955    26.1104    8.06248 0.0000e+00
       7463    135.653     0.5417     0.5223   2.768323   2.768102     2.5247     2.4872      8.094     0.0361     2.1614 1.0790e-01     0.1379    96.6122     7.3880     7.6931    32.5468    32.5643    26.0990    26.1141    8.06430 0.0000e+00
       7466    135.711     0.5336     0.5196   2.768119   2.768064     2.5247     2.4872      8.094     0.0410     2.1614 1.0790e-01     0.1379    96.6122     7.3928     7.6950    32.5526    32.5666    26.1041    26.1162    8.06570 0.0000e+00
       7469    135.768     0.5278     0.5196   2.768087   2.768094     2.5251     2.4868      8.094     0.0410     2.1614 1.0790e-01     0.1379    96.6122     7.3947     7.6973    32.5583    32.5670    26.1090    26.1164    8.06662 0.0000e+00
       7472    135.824     0.5256     0.5199   2.768137   2.768098     2.5239     2.4860      8.094     0.0459     2.1614 1.0790e-01     0.1386    96.5949     7.3912     7.6987    32.5612    32.5667    26.1115    26.1162    8.06693 0.0000e+00
       7475    135.880     0.5247     0.5199   2.768132   2.768114     2.5239     2.4860      8.094     0.0410     2.1614 1.0790e-01     0.1389    96.5862     7.3941     7.7026    32.5620    32.5669    26.1122    26.1164    8.06707 0.0000e+00
       7478    135.942     0.5235     0.5197   2.768051   2.768091     2.5231     2.4860      8.094     0.0410     2.1614 1.0790e-01     0.1389    96.5862     7.3932     7.7070    32.5622    32.5667    26.1124    26.1163    8.06731 0.0000e+00
       7481    135.999     0.5222     0.5204   2.767990   2.768103     2.5235     2.4856      8.094     0.0410     2.1614 1.0790e-01     0.1389    96.5862     7.3950     7.7069    32.5628    32.5661    26.1129    26.1157    8.06756 0.0000e+00
       7484    136.057     0.5213     0.5201   2.767975   2.768094     2.5227     2.4856      8.094     0.0459     2.1614 1.0790e-01     0.1389    96.5862     7.3923     7.7102    32.5635    32.5663    26.1136    26.1159    8.06772 0.0000e+00
       7487    136.113     0.5207     0.5196   2.767966   2.768076     2.5235     2.4848      8.092     0.0410     2.1614 1.0790e-01     0.1389    96.5862     7.3947     7.7095    32.5640    32.5665    26.1139    26.1161    8.06781 0.0000e+00
       7490    136.170     0.5208     0.5193   2.768010   2.768065     2.5227     2.4844      8.092     0.0410     2.1219 1.0790e-01     0.1389    96.5862     7.3924     7.7076    32.5644    32.5667    26.1143    26.1162    8.06776 0.0000e+00
       7493    136.230     0.5208     0.5190   2.768017   2.768079     2.5223     2.4848      8.089     0.0410     2.0429 1.0790e-01     0.1396    96.5688     7.3919     7.7108    32.5645    32.5672    26.1144    26.1166    8.06777 0.0000e+00
       7496    136.289     0.5203     0.5188   2.768075   2.768055     2.5223     2.4848      8.089     0.0410     2.0429 1.0790e-01     0.1400    96.5601     7.3948     7.7099    32.5657    32.5671    26.1153    26.1166    8.06780 0.0000e+00
       7499    136.347     0.5202     0.5190   2.768059   2.768105     2.5231     2.4844      8.091     0.0410     2.0429 1.0790e-01     0.1400    96.5601     7.3998     7.7076    32.5655    32.5674    26.1153    26.1168    8.06783 0.0000e+00
       7502    136.406     0.5201     0.5187   2.768084   2.768108     2.5218     2.4836      8.091     0.0410     2.0429 1.0777e-01     0.1400    96.5601     7.3951     7.7055    32.5660    32.5678    26.1156    26.1171    8.06783 0.0000e+00
       7505    136.463     0.5199     0.5186   2.768053   2.768142     2.5214     2.4836      8.089     0.0410     2.0429 1.0790e-01     0.1404    96.5514     7.3917     7.7080    32.5657    32.5683    26.1154    26.1175    8.06789 0.0000e+00
       7508    136.520     0.5198     0.5185   2.768120   2.768137     2.5206     2.4836      8.089     0.0410     2.0429 1.0790e-01     0.1400    96.5601     7.3885     7.7107    32.5667    32.5683    26.1162    26.1175    8.06786 0.0000e+00
       7511    136.579     0.5196     0.5185   2.768202   2.768159     2.5210     2.4836      8.089     0.0410     2.0429 1.0790e-01     0.1400    96.5601     7.3899     7.7133    32.5679    32.5686    26.1172    26.1178    8.06783 0.0000e+00
       7514    136.639     0.5194     0.5187   2.768285   2.768150     2.5214     2.4823      8.089     0.0459     2.0429 1.0790e-01     0.1418    96.5167     7.3929     7.7105    32.5692    32.5682    26.1183    26.1175    8.06781 0.0000e+00
       7517    136.698     0.5192     0.5187   2.768451   2.768209     2.5210     2.4827      8.089     0.0361     2.1219 1.0790e-01     0.1418    96.5167     7.3915     7.7141    32.5715    32.5689    26.1201    26.1180    8.06772 0.0000e+00
       7520    136.756     0.5192     0.5187   2.768348   2.768198     2.5218     2.4823      8.089     0.0410     2.1614 1.0790e-01     0.1422    96.5080     7.3933     7.7163    32.5701    32.5687    26.1190    26.1179    8.06779 0.0000e+00
       7523    136.815     0.5193     0.5188   2.768179   2.768168     2.5210     2.4823      8.089     0.0410     2.1614 1.0790e-01     0.1422    96.5080     7.3905     7.7172    32.5679    32.5682    26.1172    26.1175    8.06791 0.0000e+00
       7526    136.874     0.5193     0.5189   2.768317   2.768116     2.5202     2.4823      8.089     0.0410     2.1614 1.0790e-01     0.1422    96.5080     7.3904     7.7181    32.5696    32.5674    26.1186    26.1168    8.06781 0.0000e+00
       7529    136.935     0.5191     0.5190   2.768381   2.768142     2.5194     2.4823      8.089     0.0410     2.1614 1.0790e-01     0.1422    96.5080     7.3857     7.7178    32.5706    32.5676    26.1194    26.1169    8.06780 0.0000e+00
       7532    136.996     0.5192     0.5192   2.768348   2.768141     2.5202     2.4823      8.089     0.0410     2.1614 1.0790e-01     0.1422    96.5080     7.3866     7.7186    32.5701    32.5673    26.1189    26.1167    8.06781 0.0000e+00
       7535    137.054     0.5192     0.5188   2.768350   2.768275     2.5198     2.4823      8.089     0.0459     2.1614 1.0790e-01     0.1407    96.5427     7.3823     7.7206    32.5700    32.5694    26.1189    26.1184    8.06781 0.0000e+00
       7538    137.113     0.5194     0.5185   2.768278   2.768465     2.5202     2.4823      8.089     0.0410     2.1614 1.0790e-01     0.1407    96.5427     7.3842     7.7219    32.5688    32.5722    26.1180    26.1207    8.06783 0.0000e+00
       7541    137.172     0.5193     0.5178   2.768263   2.768652     2.5194     2.4823      8.089     0.0410     2.1614 1.0790e-01     0.1404    96.5514     7.3818     7.7220    32.5687    32.5753    26.1179    26.1232    8.06786 0.0000e+00
       7544    137.231     0.5195     0.5176   2.768289   2.768825     2.5186     2.4819      8.089     0.0410     1.9640 1.0790e-01     0.1404    96.5514     7.3777     7.7205    32.5689    32.5777    26.1179    26.1252    8.06781 0.0000e+00
       7547    137.289     0.5195     0.5173   2.768236   2.768931     2.5190     2.4811      8.089     0.0410     1.9245 1.0790e-01     0.1407    96.5427     7.3809     7.7177    32.5681    32.5795    26.1174    26.1266    8.06785 0.0000e+00
       7550    137.351     0.5194     0.5170   2.768233   2.768914     2.5194     2.4811      8.089     0.0361     1.9245 1.0790e-01     0.1404    96.5514     7.3824     7.7185    32.5681    32.5794    26.1173    26.1266    8.06786 0.0000e+00
       7553    137.411     0.5195     0.5170   2.768318   2.768921     2.5178     2.4811      8.089     0.0410     1.9245 1.0790e-01     0.1418    96.5166     7.3753     7.7198    32.5690    32.5796    26.1181    26.1267    8.06779 0.0000e+00
       7556    137.470     0.5195     0.5157   2.768246   2.768986     2.5178     2.4811      8.089     0.0410     1.9245 1.0790e-01     0.1440    96.4645     7.3745     7.7208    32.5681    32.5817    26.1173    26.1285    8.06784 0.0000e+00
