Datasets/AZMP/COO001/79001013.cnv
* Sea-Bird SBE 9 Data File:
* FileName = C:\CTDDATA\79001013.hex
* Software Version Seasave V 7.26.7.110
* Temperature SN = 5811
* Conductivity SN = 4531
* Number of Bytes Per Scan = 30
* Number of Voltage Words = 4
* Number of Scans Averaged by the Deck Unit = 1
* NMEA baud rate = 9600
** VESSEL/TRIP/SEQ STN:  79001013
** LATITUDE XX XX.XX N:  45 56.55 N
** LONGITUDE XX XX.XX W:  56 52.69
** SOUNDING DEPTH (M):  0070
** PROBE TYPE (S1221): S1221
** CTD NUMBER: 006
** COMMENTS (14 CHAR):  SWSPB-04
** BOTTLES:  15
** LEVELS: 5,5,5,5,10,20,20,20,20,30,40,50,BTM,BTM,BTM
** STICKERS: 434638 - 434652
** VNET: Y
** DO2: N
# nquan = 22
# nvalues = 1523                        
# units = specified
# name 0 = scan: Scan Count
# name 1 = prDM: Pressure, Digiquartz [db]
# name 2 = t090C: Temperature [ITS-90, deg C]
# name 3 = t190C: Temperature, 2 [ITS-90, deg C]
# name 4 = c0S/m: Conductivity [S/m]
# name 5 = c1S/m: Conductivity, 2 [S/m]
# name 6 = sbeox0V: Oxygen raw, SBE 43 [V]
# name 7 = sbeox1V: Oxygen raw, SBE 43, 2 [V]
# name 8 = ph: pH
# name 9 = flECO-AFL: Fluorescence, WET Labs ECO-AFL/FL [mg/m^3]
# name 10 = wetCDOM: Fluorescence, WET Labs CDOM [mg/m^3]
# name 11 = par/sat/log: PAR/Logarithmic, Satlantic [umol photons/m^2/sec]
# name 12 = CStarAt0: Beam Attenuation, WET Labs C-Star [1/m]
# name 13 = CStarTr0: Beam Transmission, WET Labs C-Star [%]
# name 14 = sbeox0ML/L: Oxygen, SBE 43 [ml/l], WS = 2
# name 15 = sbeox1ML/L: Oxygen, SBE 43, 2 [ml/l], WS = 2
# name 16 = sal00: Salinity, Practical [PSU]
# name 17 = sal11: Salinity, Practical, 2 [PSU]
# name 18 = sigma-t00: Density [sigma-t, kg/m^3 ]
# name 19 = sigma-t11: Density, 2 [sigma-t, kg/m^3 ]
# name 20 = oxsatML/L: Oxygen Saturation, Weiss [ml/l]
# name 21 = flag: flag
# span 0 =         39,      32742       
# span 1 =      0.869,     61.892       
# span 2 =     3.5044,     7.4240       
# span 3 =     3.5120,     7.4237       
# span 4 =   2.987429,   3.275707       
# span 5 =   2.988143,   3.275657       
# span 6 =     2.5801,     2.6838       
# span 7 =     2.4567,     2.5509       
# span 8 =      8.096,      8.167       
# span 9 =     0.2731,     0.9813       
# span 10 =    -1.0780,   108.9220      
# span 11 = 1.4540e-01, 2.4395e+02      
# span 12 =    -0.0525,    -0.0007      
# span 13 =   100.0186,   101.3208      
# span 14 =     7.1359,     8.0219      
# span 15 =     7.0534,     8.2907      
# span 16 =    31.8226,    32.3072      
# span 17 =    31.8222,    32.2948      
# span 18 =    24.8675,    25.6868      
# span 19 =    24.8675,    25.6798      
# span 20 =    6.83394,    7.48687      
# span 21 = 0.0000e+00, 0.0000e+00      
# interval = scans: 3                   
# start_time = Nov 19 2019 13:30:29 [System UTC, header]
# bad_flag = -9.990e-29
*END*
[from data line 593]
       2983     50.753     3.5316     3.5319   2.990150   2.990184     2.5938     2.4685      8.108     0.2926     4.6436 6.0217e-01    -0.0403   101.0133     7.7884     7.8709    32.2923    32.2924    25.6771    25.6771    7.48183 0.0000e+00
       2986     50.823     3.5282     3.5294   2.989856   2.989991     2.5942     2.4689      8.108     0.3048     3.6497 6.0009e-01    -0.0407   101.0224     7.7918     7.8751    32.2921    32.2925    25.6772    25.6774    7.48247 0.0000e+00
       2989     50.882     3.5276     3.5273   2.989872   2.989844     2.5946     2.4689      8.108     0.3170     2.9871 6.0708e-01    -0.0407   101.0224     7.7942     7.8776    32.2928    32.2928    25.6779    25.6778    7.48254 0.0000e+00
       2992     50.929     3.5280     3.5298   2.989937   2.990024     2.5946     2.4693      8.108     0.3219     3.0140 6.0292e-01    -0.0407   101.0224     7.7945     7.8801    32.2932    32.2925    25.6781    25.6773    7.48245 0.0000e+00
       2995     50.963     3.5300     3.5337   2.990161   2.990338     2.5946     2.4689      8.108     0.3195     3.0050 6.0291e-01    -0.0407   101.0224     7.7939     7.8774    32.2939    32.2923    25.6785    25.6769    7.48205 0.0000e+00
       3129     51.028     3.5317     3.5286   2.990165   2.989993     2.5898     2.4664      8.106     0.3195    -0.4333 5.8299e-01    -0.0450   101.1309     7.7171     7.8475    32.2922    32.2933    25.6770    25.6781    7.48181 0.0000e+00
       3132     51.159     3.5296     3.5277   2.990077   2.989947     2.5898     2.4664      8.106     0.3219    -0.4333 5.7163e-01    -0.0450   101.1309     7.7346     7.8487    32.2932    32.2935    25.6779    25.6784    7.48216 0.0000e+00
       3135     51.297     3.5281     3.5275   2.989980   2.989935     2.5894     2.4664      8.106     0.3219    -0.4333 5.6776e-01    -0.0450   101.1309     7.7467     7.8495    32.2935    32.2935    25.6783    25.6784    7.48242 0.0000e+00
       3138     51.439     3.5298     3.5270   2.990158   2.989913     2.5889     2.4668      8.108     0.3170    -0.4333 5.5596e-01    -0.0446   101.1219     7.7544     7.8524    32.2938    32.2936    25.6784    25.6785    7.48209 0.0000e+00
       3141     51.588     3.5305     3.5283   2.990155   2.990033     2.5894     2.4664      8.105     0.3195    -0.4333 5.4829e-01    -0.0443   101.1128     7.7617     7.8510    32.2930    32.2937    25.6777    25.6785    7.48200 0.0000e+00
       3144     51.747     3.5329     3.5305   2.990374   2.990202     2.5889     2.4664      8.106     0.3024    -0.3885 5.3575e-01    -0.0439   101.1038     7.7630     7.8513    32.2931    32.2935    25.6776    25.6781    7.48154 0.0000e+00
       3147     51.908     3.5356     3.5337   2.990547   2.990437     2.5898     2.4668      8.108     0.2975    -0.3796 5.2838e-01    -0.0439   101.1038     7.7683     7.8544    32.2925    32.2930    25.6768    25.6774    7.48108 0.0000e+00
       3150     52.071     3.5333     3.5336   2.990337   2.990415     2.5894     2.4668      8.108     0.2926    -0.3796 5.2166e-01    -0.0439   101.1038     7.7685     7.8547    32.2922    32.2927    25.6768    25.6772    7.48152 0.0000e+00
       3153     52.233     3.5322     3.5326   2.990299   2.990352     2.5898     2.4664      8.108     0.3024    -0.3796 5.1391e-01    -0.0439   101.1038     7.7722     7.8536    32.2927    32.2929    25.6773    25.6774    7.48169 0.0000e+00
       3156     52.393     3.5316     3.5319   2.990244   2.990294     2.5898     2.4664      8.106     0.2975    -0.3796 5.0620e-01    -0.0439   101.1038     7.7741     7.8536    32.2925    32.2929    25.6772    25.6775    7.48181 0.0000e+00
       3159     52.556     3.5304     3.5315   2.990162   2.990266     2.5898     2.4664      8.103     0.2975    -0.3885 4.9749e-01    -0.0421   101.0586     7.7755     7.8535    32.2927    32.2928    25.6774    25.6775    7.48203 0.0000e+00
       3162     52.711     3.5306     3.5305   2.990205   2.990198     2.5898     2.4664      8.106     0.3000    -0.3796 4.9462e-01    -0.0407   101.0224     7.7761     7.8539    32.2929    32.2930    25.6776    25.6777    7.48198 0.0000e+00
       3165     52.858     3.5310     3.5302   2.990225   2.990195     2.5902     2.4664      8.105     0.2951    -0.3796 4.9577e-01    -0.0407   101.0224     7.7775     7.8544    32.2926    32.2931    25.6773    25.6778    7.48192 0.0000e+00
       3168     52.999     3.5302     3.5300   2.990136   2.990179     2.5902     2.4664      8.106     0.2975     0.4442 4.7995e-01    -0.0407   101.0224     7.7775     7.8544    32.2924    32.2931    25.6772    25.6778    7.48209 0.0000e+00
       3171     53.128     3.5290     3.5298   2.990074   2.990163     2.5906     2.4664      8.106     0.3170     3.2199 4.7663e-01    -0.0407   101.0224     7.7785     7.8547    32.2927    32.2930    25.6776    25.6778    7.48229 0.0000e+00
       3174     53.249     3.5300     3.5300   2.990155   2.990189     2.5906     2.4664      8.106     0.3219     3.1662 4.7116e-01    -0.0407   101.0224     7.7780     7.8559    32.2926    32.2931    25.6775    25.6778    7.48211 0.0000e+00
       3177     53.364     3.5296     3.5298   2.990104   2.990192     2.5910     2.4664      8.108     0.3195     3.1752 4.6951e-01    -0.0407   101.0224     7.7789     7.8563    32.2923    32.2932    25.6773    25.6779    7.48220 0.0000e+00
       3180     53.470     3.5290     3.5295   2.990104   2.990156     2.5910     2.4664      8.105     0.3195     3.1752 4.6039e-01    -0.0400   101.0043     7.7785     7.8565    32.2930    32.2930    25.6778    25.6778    7.48229 0.0000e+00
       3183     53.569     3.5285     3.5297   2.990040   2.990166     2.5910     2.4664      8.106     0.3195     3.1931 4.6629e-01    -0.0400   101.0043     7.7778     7.8578    32.2926    32.2928    25.6775    25.6777    7.48239 0.0000e+00
       3186     53.658     3.5283     3.5302   2.990025   2.990186     2.5910     2.4664      8.105     0.3219     3.1662 4.6091e-01    -0.0396   100.9952     7.7769     7.8600    32.2926    32.2926    25.6775    25.6774    7.48243 0.0000e+00
       3189     53.738     3.5288     3.5313   2.990099   2.990278     2.5910     2.4664      8.105     0.3219     3.1752 4.6360e-01    -0.0400   101.0043     7.7758     7.8620    32.2929    32.2926    25.6778    25.6773    7.48232 0.0000e+00
       3192     53.804     3.5307     3.5312   2.990249   2.990260     2.5910     2.4664      8.105     0.3195     3.1662 4.6251e-01    -0.0400   101.0043     7.7747     7.8639    32.2928    32.2924    25.6775    25.6771    7.48198 0.0000e+00
       3195     53.858     3.5316     3.5309   2.990281   2.990235     2.5910     2.4664      8.105     0.3219     4.0437 4.5507e-01    -0.0396   100.9952     7.7742     7.8655    32.2923    32.2924    25.6770    25.6771    7.48184 0.0000e+00
       3198     53.905     3.5319     3.5304   2.990286   2.990203     2.5910     2.4664      8.106     0.3268     4.9212 4.5929e-01    -0.0403   101.0133     7.7737     7.8668    32.2919    32.2924    25.6767    25.6772    7.48178 0.0000e+00
       3201     53.946     3.5320     3.5307   2.990267   2.990197     2.5910     2.4664      8.105     0.3268     4.8854 4.6688e-01    -0.0418   101.0495     7.7732     7.8676    32.2916    32.2920    25.6764    25.6769    7.48178 0.0000e+00
       3204     53.981     3.5319     3.5303   2.990284   2.990235     2.5910     2.4664      8.106     0.3244     4.8854 4.6682e-01    -0.0418   101.0495     7.7740     7.8682    32.2919    32.2929    25.6767    25.6776    7.48179 0.0000e+00
       3386     54.013     3.5210     3.5218   2.989453   2.989498     2.5910     2.4652      8.103     0.3439     0.2920 4.4726e-01    -0.0439   101.1038     7.7692     7.8427    32.2927    32.2926    25.6784    25.6781    7.48377 0.0000e+00
       3389     54.046     3.5220     3.5217   2.989512   2.989497     2.5918     2.4648      8.105     0.3439     0.2830 4.4417e-01    -0.0439   101.1038     7.7718     7.8412    32.2925    32.2926    25.6781    25.6782    7.48361 0.0000e+00
       3392     54.082     3.5231     3.5215   2.989608   2.989510     2.5910     2.4644      8.103     0.3439     0.2920 4.4829e-01    -0.0439   101.1038     7.7688     7.8401    32.2926    32.2929    25.6780    25.6785    7.48341 0.0000e+00
       3395     54.120     3.5246     3.5225   2.989716   2.989566     2.5910     2.4644      8.103     0.3415     0.2920 4.4932e-01    -0.0439   101.1038     7.7690     7.8405    32.2923    32.2926    25.6777    25.6781    7.48313 0.0000e+00
       3398     54.159     3.5254     3.5238   2.989779   2.989652     2.5914     2.4640      8.103     0.3415     0.2920 4.4726e-01    -0.0439   101.1038     7.7704     7.8398    32.2923    32.2924    25.6776    25.6778    7.48299 0.0000e+00
       3401     54.197     3.5266     3.5252   2.989885   2.989769     2.5910     2.4640      8.103     0.3415     0.2920 4.4413e-01    -0.0432   101.0857     7.7674     7.8405    32.2923    32.2924    25.6775    25.6777    7.48276 0.0000e+00
       3404     54.237     3.5269     3.5243   2.989874   2.989729     2.5910     2.4640      8.103     0.3464     0.5337 4.4415e-01    -0.0428   101.0766     7.7677     7.8420    32.2918    32.2927    25.6771    25.6781    7.48272 0.0000e+00
       3407     54.279     3.5269     3.5244   2.989885   2.989740     2.5910     2.4640      8.103     0.3683     0.8561 4.4987e-01    -0.0428   101.0766     7.7686     7.8436    32.2920    32.2927    25.6772    25.6780    7.48272 0.0000e+00
       3410     54.320     3.5266     3.5259   2.989865   2.989824     2.5902     2.4640      8.103     0.3659     0.8561 4.4312e-01    -0.0428   101.0766     7.7653     7.8443    32.2919    32.2922    25.6772    25.6775    7.48277 0.0000e+00
       3413     54.367     3.5261     3.5260   2.989812   2.989823     2.5906     2.4640      8.103     0.3732     0.8561 4.4827e-01    -0.0428   101.0766     7.7675     7.8462    32.2918    32.2921    25.6771    25.6774    7.48287 0.0000e+00
       3416     54.409     3.5255     3.5258   2.989789   2.989810     2.5906     2.4640      8.103     0.3683     0.8561 4.4516e-01    -0.0428   101.0766     7.7683     7.8477    32.2921    32.2921    25.6775    25.6774    7.48297 0.0000e+00
       3419     54.450     3.5256     3.5242   2.989753   2.989699     2.5906     2.4640      8.103     0.3708     0.8561 4.4930e-01    -0.0428   101.0766     7.7682     7.8486    32.2916    32.2923    25.6770    25.6778    7.48298 0.0000e+00
       3422     54.488     3.5245     3.5237   2.989676   2.989674     2.5898     2.4640      8.103     0.3708     0.8561 4.3449e-01    -0.0418   101.0495     7.7655     7.8493    32.2917    32.2924    25.6772    25.6779    7.48318 0.0000e+00
       3425     54.524     3.5237     3.5250   2.989654   2.989777     2.5898     2.4640      8.103     0.3708     0.8561 4.3752e-01    -0.0428   101.0766     7.7663     7.8491    32.2922    32.2924    25.6777    25.6778    7.48330 0.0000e+00
       3428     54.554     3.5243     3.5260   2.989656   2.989848     2.5906     2.4640      8.103     0.3708     0.8561 4.3953e-01    -0.0425   101.0676     7.7695     7.8489    32.2917    32.2922    25.6772    25.6775    7.48322 0.0000e+00
       3431     54.580     3.5246     3.5270   2.989707   2.989904     2.5902     2.4640      8.103     0.3512     0.9993 4.4059e-01    -0.0421   101.0585     7.7686     7.8487    32.2920    32.2920    25.6775    25.6772    7.48316 0.0000e+00
       3550     54.608     3.5269     3.5285   2.989900   2.990011     2.5894     2.4636      8.103     0.3073     0.3367 4.0549e-01    -0.0418   101.0495     7.7749     7.8411    32.2919    32.2917    25.6772    25.6769    7.48271 0.0000e+00
       3611     54.660     3.5273     3.5286   2.989891   2.989998     2.5885     2.4632      8.103     0.2951    -0.0304 3.9149e-01    -0.0407   101.0224     7.7758     7.8359    32.2914    32.2914    25.6767    25.6766    7.48267 0.0000e+00
       3614     54.708     3.5260     3.5273   2.989768   2.989949     2.5894     2.4628      8.103     0.3049     0.7397 3.8882e-01    -0.0407   101.0224     7.7784     7.8346    32.2913    32.2921    25.6767    25.6772    7.48293 0.0000e+00
       3617     54.749     3.5229     3.5286   2.989620   2.990006     2.5898     2.4628      8.103     0.3146     1.1247 3.9788e-01    -0.0411   101.0314     7.7801     7.8343    32.2925    32.2915    25.6780    25.6767    7.48344 0.0000e+00
       3620     54.785     3.5241     3.5299   2.989704   2.990086     2.5898     2.4628      8.103     0.3097     1.1157 3.9240e-01    -0.0407   101.0224     7.7795     7.8334    32.2923    32.2911    25.6778    25.6762    7.48323 0.0000e+00
       3623     54.814     3.5253     3.5288   2.989771   2.990062     2.5898     2.4628      8.103     0.3097     1.1157 3.9331e-01    -0.0403   101.0133     7.7789     7.8334    32.2919    32.2919    25.6773    25.6770    7.48303 0.0000e+00
       3819     54.852     3.5227     3.5257   2.989517   2.989778     2.5861     2.4603      8.103     0.3586     6.1121 3.9376e-01    -0.0443   101.1128     7.7454     7.8307    32.2915    32.2916    25.6772    25.6770    7.48353 0.0000e+00
       3822     54.916     3.5221     3.5238   2.989516   2.989664     2.5853     2.4603      8.103     0.3464    27.6554 3.8925e-01    -0.0450   101.1309     7.7431     7.8329    32.2919    32.2920    25.6776    25.6775    7.48361 0.0000e+00
       3825     54.986     3.5224     3.5233   2.989503   2.989615     2.5853     2.4603      8.103     0.3073   108.0714 3.8653e-01    -0.0432   101.0857     7.7442     7.8343    32.2915    32.2920    25.6772    25.6775    7.48358 0.0000e+00
       3828     55.068     3.5210     3.5215   2.989436   2.989480     2.5853     2.4599      8.103     0.3073   108.3758 3.8298e-01    -0.0414   101.0405     7.7469     7.8342    32.2920    32.2921    25.6778    25.6778    7.48382 0.0000e+00
       3831     55.160     3.5197     3.5203   2.989293   2.989384     2.5857     2.4603      8.103     0.3049   108.4027 3.8521e-01    -0.0418   101.0495     7.7507     7.8384    32.2915    32.2921    25.6775    25.6780    7.48408 0.0000e+00
       3834     55.260     3.5179     3.5186   2.989196   2.989271     2.5849     2.4603      8.103     0.3073   108.4116 3.7640e-01    -0.0418   101.0495     7.7498     7.8402    32.2921    32.2923    25.6782    25.6782    7.48439 0.0000e+00
       3837     55.372     3.5170     3.5171   2.989114   2.989160     2.5853     2.4603      8.103     0.3049   108.4116 3.7205e-01    -0.0418   101.0495     7.7536     7.8410    32.2920    32.2925    25.6782    25.6785    7.48457 0.0000e+00
       3840     55.493     3.5170     3.5152   2.989118   2.989041     2.5849     2.4603      8.103     0.3073   108.4116 3.6745e-01    -0.0418   101.0495     7.7540     7.8413    32.2920    32.2929    25.6782    25.6790    7.48457 0.0000e+00
       3843     55.624     3.5161     3.5156   2.989057   2.989056     2.5849     2.4607      8.101     0.3049   108.4116 3.5275e-01    -0.0418   101.0495     7.7559     7.8448    32.2921    32.2926    25.6783    25.6788    7.48472 0.0000e+00
       3846     55.766     3.5155     3.5164   2.989009   2.989143     2.5849     2.4603      8.103     0.3049   108.4116 3.5032e-01    -0.0418   101.0495     7.7571     7.8447    32.2920    32.2928    25.6783    25.6788    7.48484 0.0000e+00
       3849     55.920     3.5161     3.5175   2.989089   2.989213     2.5853     2.4603      8.103     0.3024    55.1711 3.5235e-01    -0.0428   101.0766     7.7592     7.8454    32.2923    32.2925    25.6785    25.6785    7.48471 0.0000e+00
       3852     56.082     3.5165     3.5175   2.989153   2.989215     2.5857     2.4607      8.103     0.3000    -1.0780 3.4152e-01    -0.0428   101.0766     7.7621     7.8475    32.2926    32.2923    25.6786    25.6784    7.48462 0.0000e+00
