Datasets/AZMP/COO001/79001056.cnv
* Sea-Bird SBE 9 Data File:
* FileName = C:\CTDDATA\79001056.hex
* Software Version Seasave V 7.26.7.110
* Temperature SN = 5660
* Conductivity SN = 3698
* Number of Bytes Per Scan = 30
* Number of Voltage Words = 4
* Number of Scans Averaged by the Deck Unit = 1
* NMEA baud rate = 9600
** VESSEL/TRIP/SEQ STN:  79001056
** LATITUDE XX XX.XX N:  47 00.00 N
** LONGITUDE XX XX.XX W:  46 29.00 W
** SOUNDING DEPTH (M):  0357
** PROBE TYPE: S1257
** CTD NUMBER: 031
** COMMENTS (14 CHAR): FC-20
** BOTTLES:  12
** LEVELS: 5,5,10,20,20,30,40,50,75,100,150,BTM
** STICKERS: 435088 - 435099
** VNET: Y
** DO2: Y
# nquan = 22
# nvalues = 9115                        
# units = specified
# name 0 = scan: Scan Count
# name 1 = prDM: Pressure, Digiquartz [db]
# name 2 = t090C: Temperature [ITS-90, deg C]
# name 3 = t190C: Temperature, 2 [ITS-90, deg C]
# name 4 = c0S/m: Conductivity [S/m]
# name 5 = c1S/m: Conductivity, 2 [S/m]
# name 6 = sbeox0V: Oxygen raw, SBE 43 [V]
# name 7 = sbeox1V: Oxygen raw, SBE 43, 2 [V]
# name 8 = ph: pH
# name 9 = flECO-AFL: Fluorescence, WET Labs ECO-AFL/FL [mg/m^3]
# name 10 = wetCDOM: Fluorescence, WET Labs CDOM [mg/m^3]
# name 11 = par/sat/log: PAR/Logarithmic, Satlantic [umol photons/m^2/sec]
# name 12 = CStarAt0: Beam Attenuation, WET Labs C-Star [1/m]
# name 13 = CStarTr0: Beam Transmission, WET Labs C-Star [%]
# name 14 = sbeox0ML/L: Oxygen, SBE 43 [ml/l], WS = 2
# name 15 = sbeox1ML/L: Oxygen, SBE 43, 2 [ml/l], WS = 2
# name 16 = sal00: Salinity, Practical [PSU]
# name 17 = sal11: Salinity, Practical, 2 [PSU]
# name 18 = sigma-t00: Density [sigma-t, kg/m^3 ]
# name 19 = sigma-t11: Density, 2 [sigma-t, kg/m^3 ]
# name 20 = oxsatML/L: Oxygen Saturation, Weiss [ml/l]
# name 21 = flag: flag
# span 0 =          2,      74600       
# span 1 =      0.400,    349.162       
# span 2 =     3.6704,     8.4289       
# span 3 =     3.6614,     8.4280       
# span 4 =   3.190565,   3.511870       
# span 5 =   3.189569,   3.511930       
# span 6 =     2.3040,     2.7883       
# span 7 =     2.2797,     2.7558       
# span 8 =      7.994,      8.229       
# span 9 =    -0.0176,     1.7846       
# span 10 =    -2.8130,   482.1870      
# span 11 = 1.0715e-01, 1.1951e+00      
# span 12 =     0.0429,     1.7543      
# span 13 =    64.4948,    98.9324      
# span 14 =     5.8720,     6.9075      
# span 15 =     6.1574,     7.1946      
# span 16 =    33.2772,    34.8984      
# span 17 =    33.3901,    34.8828      
# span 18 =    25.9331,    27.6998      
# span 19 =    25.9481,    27.6983      
# span 20 =    6.61125,    7.34641      
# span 21 = 0.0000e+00, 0.0000e+00      
# interval = scans: 3                   
# start_time = Nov 29 2019 05:34:05 [System UTC, header]
# bad_flag = -9.990e-29
*END*
[from data line 1844]
       8208    139.267     3.8213     3.8184   3.217344   3.217347     2.3627     2.3260      8.043     0.0020     1.2139 1.0790e-01     0.0510    98.7325     6.1411     6.4298    34.6603    34.6634    27.5344    27.5371    7.31220 0.0000e+00
       8211    139.324     3.8212     3.8175   3.217327   3.217321     2.3619     2.3260      8.043     0.0020     1.2928 1.0790e-01     0.0510    98.7325     6.1383     6.4257    34.6602    34.6640    27.5343    27.5377    7.31222 0.0000e+00
       8214    139.378     3.8210     3.8169   3.217331   3.217326     2.3635     2.3260      8.043    -0.0029     1.3323 1.0790e-01     0.0507    98.7412     6.1426     6.4214    34.6604    34.6646    27.5344    27.5382    7.31224 0.0000e+00
       8217    139.425     3.8211     3.8172   3.217310   3.217415     2.3631     2.3260      8.043    -0.0029     1.3323 1.0790e-01     0.0503    98.7499     6.1420     6.4171    34.6600    34.6654    27.5342    27.5388    7.31225 0.0000e+00
       8220    139.473     3.8209     3.8177   3.217323   3.217470     2.3627     2.3256      8.043    -0.0029     1.3323 1.0790e-01     0.0503    98.7499     6.1412     6.4120    34.6603    34.6655    27.5344    27.5389    7.31226 0.0000e+00
       8223    139.516     3.8209     3.8181   3.217314   3.217556     2.3631     2.3260      8.043    -0.0029     1.3323 1.0790e-01     0.0507    98.7412     6.1429     6.4113    34.6601    34.6661    27.5343    27.5393    7.31226 0.0000e+00
       8226    139.553     3.8209     3.8189   3.217290   3.217659     2.3627     2.3256      8.043     0.0020     1.3323 1.0790e-01     0.0503    98.7499     6.1405     6.4095    34.6599    34.6664    27.5341    27.5395    7.31229 0.0000e+00
       8229    139.592     3.8210     3.8200   3.217278   3.217814     2.3631     2.3260      8.043     0.0020     1.3323 1.0790e-01     0.0507    98.7412     6.1421     6.4105    34.6596    34.6671    27.5338    27.5399    7.31228 0.0000e+00
       8232    139.626     3.8212     3.8213   3.217210   3.217991     2.3631     2.3248      8.043    -0.0029     1.3323 1.0790e-01     0.0510    98.7325     6.1431     6.4062    34.6585    34.6678    27.5329    27.5403    7.31229 0.0000e+00
       8235    139.656     3.8212     3.8226   3.217146   3.218139     2.3627     2.3248      8.045     0.0020     1.3323 1.0790e-01     0.0507    98.7412     6.1400     6.4065    34.6578    34.6682    27.5323    27.5405    7.31233 0.0000e+00
       8238    139.683     3.8214     3.8235   3.217082   3.218192     2.3627     2.3248      8.043    -0.0029     1.2139 1.0790e-01     0.0503    98.7499     6.1393     6.4074    34.6568    34.6678    27.5315    27.5401    7.31234 0.0000e+00
       8241    139.708     3.8215     3.8243   3.217029   3.218275     2.3635     2.3248      8.043    -0.0029     1.2139 1.0790e-01     0.0503    98.7499     6.1422     6.4086    34.6561    34.6680    27.5310    27.5402    7.31236 0.0000e+00
       8244    139.731     3.8215     3.8249   3.216991   3.218304     2.3627     2.3248      8.043    -0.0029     1.2139 1.0790e-01     0.0503    98.7499     6.1388     6.4100    34.6556    34.6677    27.5306    27.5399    7.31239 0.0000e+00
       8247    139.753     3.8214     3.8249   3.216918   3.218272     2.3639     2.3252      8.043    -0.0029     1.2139 1.0790e-01     0.0503    98.7499     6.1426     6.4127    34.6548    34.6673    27.5300    27.5395    7.31244 0.0000e+00
       8250    139.775     3.8214     3.8247   3.216875   3.218249     2.3635     2.3248      8.043     0.0020     1.2139 1.0790e-01     0.0503    98.7499     6.1403     6.4130    34.6542    34.6673    27.5295    27.5395    7.31246 0.0000e+00
       8254    139.803     3.8216     3.8253   3.216873   3.218344     2.3639     2.3248      8.043    -0.0029     1.2139 1.0790e-01     0.0503    98.7499     6.1404     6.4160    34.6540    34.6677    27.5293    27.5398    7.31244 0.0000e+00
       8258    139.835     3.8216     3.8266   3.216885   3.218544     2.3627     2.3248      8.043     0.0020     1.2139 1.0790e-01     0.0503    98.7499     6.1348     6.4179    34.6542    34.6687    27.5295    27.5405    7.31244 0.0000e+00
       8261    139.858     3.8217     3.8271   3.216912   3.218695     2.3631     2.3248      8.043    -0.0029     1.2139 1.0790e-01     0.0503    98.7499     6.1346     6.4185    34.6543    34.6699    27.5296    27.5414    7.31240 0.0000e+00
       8264    139.885     3.8217     3.8280   3.216898   3.218822     2.3631     2.3248      8.043     0.0020     1.4112 1.0790e-01     0.0507    98.7412     6.1327     6.4198    34.6542    34.6705    27.5294    27.5418    7.31242 0.0000e+00
       8267    139.914     3.8219     3.8288   3.216880   3.218958     2.3627     2.3248      8.043    -0.0029     1.4507 1.0790e-01     0.0503    98.7499     6.1308     6.4204    34.6537    34.6713    27.5291    27.5423    7.31240 0.0000e+00
       8270    139.946     3.8219     3.8293   3.216918   3.219036     2.3631     2.3248      8.043    -0.0029     1.4507 1.0790e-01     0.0503    98.7499     6.1323     6.4215    34.6542    34.6716    27.5294    27.5426    7.31238 0.0000e+00
       8273    139.977     3.8220     3.8297   3.216918   3.219078     2.3627     2.3248      8.043     0.0020     1.4507 1.0790e-01     0.0510    98.7325     6.1312     6.4216    34.6541    34.6717    27.5293    27.5426    7.31237 0.0000e+00
       8276    140.012     3.8219     3.8300   3.216946   3.219148     2.3627     2.3248      8.043    -0.0029     1.4507 1.0790e-01     0.0507    98.7412     6.1309     6.4223    34.6545    34.6721    27.5297    27.5429    7.31237 0.0000e+00
       8279    140.047     3.8218     3.8305   3.216926   3.219236     2.3623     2.3252      8.043     0.0020     1.4507 1.0790e-01     0.0510    98.7325     6.1297     6.4228    34.6543    34.6727    27.5295    27.5433    7.31239 0.0000e+00
       8282    140.085     3.8215     3.8308   3.216995   3.219309     2.3623     2.3248      8.043    -0.0029     1.4507 1.0790e-01     0.0510    98.7325     6.1282     6.4201    34.6554    34.6732    27.5304    27.5437    7.31239 0.0000e+00
       8285    140.128     3.8210     3.8313   3.217084   3.219341     2.3619     2.3252      8.043     0.0020     1.4507 1.0790e-01     0.0510    98.7325     6.1265     6.4203    34.6570    34.6731    27.5318    27.5435    7.31240 0.0000e+00
       8288    140.174     3.8203     3.8315   3.217243   3.219377     2.3623     2.3256      8.043    -0.0029     1.3718 1.0790e-01     0.0503    98.7499     6.1283     6.4208    34.6596    34.6732    27.5339    27.5436    7.31240 0.0000e+00
       8291    140.223     3.8206     3.8317   3.217681   3.219417     2.3619     2.3256      8.043     0.0020     1.2139 1.0790e-01     0.0507    98.7412     6.1261     6.4202    34.6645    34.6734    27.5378    27.5437    7.31211 0.0000e+00
       8294    140.275     3.8223     3.8320   3.218093   3.219492     2.3631     2.3252      8.043    -0.0029     1.2139 1.0790e-01     0.0514    98.7238     6.1286     6.4174    34.6676    34.6740    27.5400    27.5442    7.31165 0.0000e+00
       8297    140.334     3.8240     3.8322   3.218266   3.219565     2.3615     2.3248      8.043     0.0020     1.2139 1.0790e-01     0.0514    98.7238     6.1212     6.4147    34.6678    34.6746    27.5401    27.5446    7.31133 0.0000e+00
       8300    140.395     3.8256     3.8325   3.218570   3.219647     2.3615     2.3256      8.043     0.0020     1.2139 1.0790e-01     0.0514    98.7238     6.1197     6.4157    34.6698    34.6753    27.5415    27.5451    7.31096 0.0000e+00
       8303    140.461     3.8277     3.8327   3.218923   3.219721     2.3611     2.3248      8.043    -0.0029     1.2139 1.0790e-01     0.0514    98.7238     6.1180     6.4092    34.6717    34.6760    27.5427    27.5456    7.31048 0.0000e+00
       8306    140.530     3.8295     3.8328   3.219165   3.219803     2.3606     2.3248      8.043    -0.0029     1.2139 1.0790e-01     0.0517    98.7151     6.1142     6.4070    34.6726    34.6768    27.5433    27.5463    7.31011 0.0000e+00
       8309    140.599     3.8314     3.8325   3.219349   3.219848     2.3615     2.3248      8.043    -0.0029     1.2139 1.0790e-01     0.0514    98.7238     6.1162     6.4042    34.6728    34.6775    27.5433    27.5469    7.30977 0.0000e+00
       8312    140.675     3.8325     3.8325   3.219511   3.219849     2.3615     2.3252      8.043     0.0020     1.2139 1.0790e-01     0.0514    98.7238     6.1149     6.4040    34.6735    34.6775    27.5437    27.5469    7.30952 0.0000e+00
       8315    140.749     3.8334     3.8323   3.219703   3.219884     2.3602     2.3248      8.043     0.0020     1.2534 1.0790e-01     0.0507    98.7412     6.1095     6.4013    34.6748    34.6781    27.5447    27.5474    7.30931 0.0000e+00
       8318    140.828     3.8338     3.8323   3.219748   3.219902     2.3598     2.3248      8.043    -0.0029     1.3323 1.0790e-01     0.0503    98.7499     6.1087     6.3994    34.6749    34.6783    27.5447    27.5475    7.30923 0.0000e+00
       8321    140.914     3.8338     3.8323   3.219792   3.219933     2.3594     2.3248      8.043    -0.0029     1.3323 1.0790e-01     0.0503    98.7499     6.1077     6.3959    34.6754    34.6786    27.5450    27.5478    7.30921 0.0000e+00
       8324    141.000     3.8339     3.8324   3.219814   3.219968     2.3594     2.3244      8.043     0.0020     1.3323 1.0790e-01     0.0503    98.7499     6.1077     6.3914    34.6754    34.6789    27.5451    27.5481    7.30918 0.0000e+00
       8327    141.090     3.8339     3.8325   3.219857   3.220004     2.3598     2.3236      8.043    -0.0029     1.3323 1.0790e-01     0.0503    98.7499     6.1091     6.3844    34.6759    34.6791    27.5455    27.5482    7.30916 0.0000e+00
       8330    141.182     3.8340     3.8324   3.219884   3.220013     2.3586     2.3240      8.043    -0.0029     1.3323 1.0790e-01     0.0503    98.7499     6.1040     6.3808    34.6761    34.6793    27.5456    27.5483    7.30913 0.0000e+00
       8333    141.276     3.8340     3.8322   3.219906   3.219990     2.3590     2.3236      8.043     0.0020     1.3323 1.0790e-01     0.0507    98.7412     6.1052     6.3738    34.6764    34.6793    27.5458    27.5483    7.30913 0.0000e+00
       8336    141.377     3.8339     3.8318   3.219918   3.219995     2.3586     2.3236      8.043    -0.0029     1.3323 1.0790e-01     0.0503    98.7499     6.1055     6.3698    34.6765    34.6796    27.5460    27.5486    7.30914 0.0000e+00
       8339    141.478     3.8337     3.8315   3.219866   3.219943     2.3582     2.3232      8.043     0.0020     1.3323 1.0790e-01     0.0503    98.7499     6.1057     6.3652    34.6760    34.6793    27.5456    27.5485    7.30918 0.0000e+00
       8342    141.581     3.8334     3.8310   3.219845   3.219934     2.3578     2.3224      8.043    -0.0029     1.3323 1.0790e-01     0.0503    98.7499     6.1043     6.3591    34.6761    34.6797    27.5457    27.5488    7.30925 0.0000e+00
       8345    141.684     3.8330     3.8305   3.219839   3.219915     2.3578     2.3224      8.043    -0.0029     1.3323 1.0790e-01     0.0503    98.7499     6.1027     6.3565    34.6764    34.6799    27.5460    27.5490    7.30931 0.0000e+00
       8348    141.792     3.8326     3.8302   3.219784   3.219874     2.3578     2.3215      8.043    -0.0029     1.3323 1.0790e-01     0.0503    98.7499     6.1023     6.3517    34.6761    34.6797    27.5458    27.5489    7.30939 0.0000e+00
       8351    141.900     3.8319     3.8298   3.219785   3.219882     2.3570     2.3211      8.043     0.0020     1.3323 1.0790e-01     0.0503    98.7499     6.1017     6.3470    34.6767    34.6801    27.5463    27.5492    7.30948 0.0000e+00
       8354    142.007     3.8316     3.8296   3.219767   3.219879     2.3570     2.3203      8.043    -0.0029     1.3323 1.0790e-01     0.0503    98.7499     6.1021     6.3410    34.6768    34.6803    27.5464    27.5494    7.30953 0.0000e+00
       8357    142.111     3.8314     3.8296   3.219784   3.219903     2.3570     2.3199      8.043     0.0020     1.3323 1.0790e-01     0.0503    98.7499     6.1028     6.3377    34.6771    34.6805    27.5467    27.5496    7.30955 0.0000e+00
       8360    142.216     3.8312     3.8295   3.219805   3.219901     2.3566     2.3199      8.043    -0.0029     1.3323 1.0790e-01     0.0503    98.7499     6.1028     6.3370    34.6775    34.6805    27.5470    27.5496    7.30956 0.0000e+00
       8363    142.323     3.8311     3.8293   3.219818   3.219902     2.3566     2.3187      8.043    -0.0029     1.3323 1.0790e-01     0.0503    98.7499     6.1027     6.3336    34.6777    34.6807    27.5472    27.5498    7.30957 0.0000e+00
       8366    142.429     3.8311     3.8291   3.219832   3.219927     2.3554     2.3187      8.043     0.0020     1.3323 1.0790e-01     0.0503    98.7499     6.0995     6.3347    34.6778    34.6811    27.5473    27.5501    7.30957 0.0000e+00
       8369    142.532     3.8308     3.8291   3.219842   3.219976     2.3550     2.3179      8.043    -0.0029     1.3323 1.0790e-01     0.0503    98.7499     6.0971     6.3343    34.6783    34.6816    27.5477    27.5506    7.30961 0.0000e+00
       8372    142.637     3.8308     3.8293   3.219864   3.220042     2.3562     2.3175      8.043     0.0020     1.3323 1.0790e-01     0.0503    98.7499     6.1009     6.3374    34.6784    34.6822    27.5478    27.5509    7.30959 0.0000e+00
       8375    142.736     3.8309     3.8296   3.219905   3.220080     2.3558     2.3167      8.043    -0.0029     1.3323 1.0790e-01     0.0503    98.7499     6.1004     6.3386    34.6787    34.6822    27.5481    27.5510    7.30956 0.0000e+00
       8378    142.834     3.8309     3.8297   3.219935   3.220104     2.3554     2.3163      8.043    -0.0029     1.3323 1.0790e-01     0.0507    98.7412     6.0988     6.3414    34.6790    34.6824    27.5483    27.5511    7.30954 0.0000e+00
       8381    142.930     3.8310     3.8298   3.219979   3.220102     2.3554     2.3159      8.043    -0.0029     1.3323 1.0790e-01     0.0503    98.7499     6.0987     6.3416    34.6795    34.6822    27.5486    27.5509    7.30951 0.0000e+00
       8384    143.021     3.8311     3.8290   3.220010   3.220044     2.3550     2.3154      8.043     0.0020     1.3323 1.0790e-01     0.0503    98.7499     6.0981     6.3436    34.6796    34.6823    27.5488    27.5511    7.30948 0.0000e+00
       8387    143.110     3.8313     3.8282   3.220025   3.220030     2.3550     2.3150      8.043     0.0020     1.3323 1.0790e-01     0.0507    98.7412     6.0981     6.3464    34.6796    34.6830    27.5487    27.5517    7.30945 0.0000e+00
       8390    143.195     3.8311     3.8283   3.219995   3.220133     2.3541     2.3150      8.043     0.0020     1.3323 1.0790e-01     0.0503    98.7499     6.0963     6.3480    34.6794    34.6840    27.5485    27.5525    7.30949 0.0000e+00
       8393    143.272     3.8308     3.8293   3.219974   3.220315     2.3537     2.3150      8.043    -0.0029     1.3323 1.0790e-01     0.0507    98.7412     6.0959     6.3496    34.6794    34.6851    27.5486    27.5533    7.30955 0.0000e+00
       8396    143.345     3.8303     3.8300   3.219962   3.220372     2.3537     2.3150      8.043    -0.0029     1.3323 1.0790e-01     0.0500    98.7586     6.0951     6.3514    34.6798    34.6850    27.5489    27.5531    7.30962 0.0000e+00
       8399    143.414     3.8300     3.8301   3.219986   3.220382     2.3537     2.3150      8.043    -0.0029     1.3323 1.0790e-01     0.0496    98.7673     6.0953     6.3538    34.6803    34.6850    27.5494    27.5531    7.30964 0.0000e+00
       8402    143.477     3.8299     3.8299   3.220024   3.220350     2.3533     2.3142      8.043    -0.0029     1.3323 1.0790e-01     0.0496    98.7673     6.0952     6.3523    34.6808    34.6847    27.5498    27.5529    7.30964 0.0000e+00
