Datasets/AZMP/COO001/79001064.cnv
* Sea-Bird SBE 9 Data File:
* FileName = C:\CTDDATA\79001064.hex
* Software Version Seasave V 7.26.7.110
* Temperature SN = 5660
* Conductivity SN = 3698
* Number of Bytes Per Scan = 30
* Number of Voltage Words = 4
* Number of Scans Averaged by the Deck Unit = 1
* NMEA baud rate = 9600
** VESSEL/TRIP/SEQ STN:  79001064
** LATITUDE XX XX.XX N:  47 32.80 N
** LONGITUDE XX XX.XX W:  52 35.20 W
** SOUNDING DEPTH (M):  0176
** PROBE TYPE: S1257
** CTD NUMBER: 033
** COMMENTS (14 CHAR): S27-01
** BOTTLES:  20
** LEVELS: 5,5,5,5,10,20,20,20,20,30,40,50,50,50,75,100,100,100,150,BTM
** STICKERS: 435135 - 435154
** VNET: Y
** DO2: N
# nquan = 22
# nvalues = 4440                        
# units = specified
# name 0 = scan: Scan Count
# name 1 = prDM: Pressure, Digiquartz [db]
# name 2 = t090C: Temperature [ITS-90, deg C]
# name 3 = t190C: Temperature, 2 [ITS-90, deg C]
# name 4 = c0S/m: Conductivity [S/m]
# name 5 = c1S/m: Conductivity, 2 [S/m]
# name 6 = sbeox0V: Oxygen raw, SBE 43 [V]
# name 7 = sbeox1V: Oxygen raw, SBE 43, 2 [V]
# name 8 = ph: pH
# name 9 = flECO-AFL: Fluorescence, WET Labs ECO-AFL/FL [mg/m^3]
# name 10 = wetCDOM: Fluorescence, WET Labs CDOM [mg/m^3]
# name 11 = par/sat/log: PAR/Logarithmic, Satlantic [umol photons/m^2/sec]
# name 12 = CStarAt0: Beam Attenuation, WET Labs C-Star [1/m]
# name 13 = CStarTr0: Beam Transmission, WET Labs C-Star [%]
# name 14 = sbeox0ML/L: Oxygen, SBE 43 [ml/l], WS = 2
# name 15 = sbeox1ML/L: Oxygen, SBE 43, 2 [ml/l], WS = 2
# name 16 = sal00: Salinity, Practical [PSU]
# name 17 = sal11: Salinity, Practical, 2 [PSU]
# name 18 = sigma-t00: Density [sigma-t, kg/m^3 ]
# name 19 = sigma-t11: Density, 2 [sigma-t, kg/m^3 ]
# name 20 = oxsatML/L: Oxygen Saturation, Weiss [ml/l]
# name 21 = flag: flag
# span 0 =         11,      50778       
# span 1 =      0.492,    173.708       
# span 2 =    -0.6248,     2.9403       
# span 3 =    -0.6269,     2.9413       
# span 4 =   2.688014,   2.908616       
# span 5 =   2.687524,   2.908749       
# span 6 =     2.4288,     2.7801       
# span 7 =     2.3910,     2.7417       
# span 8 =      8.006,      8.142       
# span 9 =     0.0215,     0.6662       
# span 10 =    -2.8130,   481.1606      
# span 11 = 1.0765e-01, 2.1153e+02      
# span 12 =     0.0821,     0.1852      
# span 13 =    95.4739,    97.9678      
# span 14 =     6.9936,     7.9002      
# span 15 =     7.6422,     8.2437      
# span 16 =    31.9216,    32.8065      
# span 17 =    31.9188,    32.8086      
# span 18 =    25.4333,    26.3623      
# span 19 =    25.4311,    26.3640      
# span 20 =    7.61239,    8.30488      
# span 21 = 0.0000e+00, 0.0000e+00      
# interval = scans: 3                   
# start_time = Nov 30 2019 13:38:47 [System UTC, header]
# bad_flag = -9.990e-29
*END*
[from data line 3227]
      20270     97.375     1.8639     1.8715   2.855725   2.855981     2.7004     2.6540      8.113     0.2755     1.9245 1.0790e-01     0.0843    97.9157     7.7247     8.0319    32.3077    32.3031    25.8248    25.8206    7.80380 0.0000e+00
      22836     97.304     1.8634     1.8953   2.856070   2.858634     2.7033     2.6565      8.116     0.2364     1.8060 1.0790e-01     0.0864    97.8636     7.7398     8.0852    32.3126    32.3120    25.8288    25.8260    7.80366 0.0000e+00
      22839     97.174     1.8653     1.9042   2.856156   2.859020     2.7041     2.6565      8.113     0.2413     1.8850 1.0790e-01     0.0860    97.8723     7.7423     8.0816    32.3118    32.3077    25.8280    25.8220    7.80332 0.0000e+00
      22842     97.054     1.8668     1.9077   2.856326   2.859019     2.7033     2.6569      8.113     0.2315     1.9245 1.0790e-01     0.0843    97.9157     7.7376     8.0798    32.3124    32.3043    25.8284    25.8190    7.80297 0.0000e+00
      22845     96.942     1.8698     1.9027   2.856599   2.858435     2.7041     2.6573      8.115     0.2413     1.9245 1.0790e-01     0.0843    97.9157     7.7389     8.0802    32.3129    32.3021    25.8285    25.8176    7.80236 0.0000e+00
      22848     96.838     1.8719     1.8967   2.856629   2.858154     2.7033     2.6569      8.115     0.2364     1.9245 1.0790e-01     0.0846    97.9070     7.7337     8.0798    32.3111    32.3048    25.8269    25.8202    7.80201 0.0000e+00
      22851     96.744     1.8733     1.8936   2.856636   2.858042     2.7033     2.6577      8.113     0.2413     1.9245 1.0790e-01     0.0843    97.9157     7.7343     8.0828    32.3099    32.3067    25.8259    25.8219    7.80181 0.0000e+00
      22854     96.663     1.8737     1.8960   2.856559   2.858579     2.7045     2.6573      8.113     0.2511     1.9245 1.0790e-01     0.0843    97.9157     7.7413     8.0795    32.3085    32.3109    25.8248    25.8251    7.80180 0.0000e+00
      22857     96.593     1.8732     1.9057   2.856508   2.859222     2.7033     2.6577      8.113     0.2559     1.9245 1.0790e-01     0.0850    97.8983     7.7375     8.0774    32.3084    32.3091    25.8247    25.8230    7.80190 0.0000e+00
      22860     96.531     1.8722     1.9096   2.856276   2.859211     2.7041     2.6577      8.113     0.2511     1.9245 1.0790e-01     0.0853    97.8896     7.7419     8.0748    32.3065    32.3049    25.8233    25.8194    7.80219 0.0000e+00
      22863     96.482     1.8688     1.9113   2.855910   2.859334     2.7041     2.6577      8.115     0.2462     1.8850 1.0790e-01     0.0853    97.8896     7.7425     8.0720    32.3055    32.3048    25.8227    25.8191    7.80294 0.0000e+00
      22866     96.439     1.8656     1.9141   2.855873   2.859439     2.7041     2.6577      8.115     0.2559     1.8060 1.0790e-01     0.0853    97.8896     7.7443     8.0690    32.3084    32.3032    25.8252    25.8177    7.80344 0.0000e+00
      22869     96.406     1.8642     1.9114   2.855822   2.859017     2.7041     2.6577      8.113     0.2559     1.8060 1.0790e-01     0.0853    97.8896     7.7452     8.0683    32.3091    32.3008    25.8259    25.8159    7.80367 0.0000e+00
      22963     96.326     1.8693     1.9019   2.856365   2.858790     2.7094     2.6601      8.113     0.2511     2.0429 1.0790e-01     0.0853    97.8896     7.7693     8.0869    32.3108    32.3077    25.8269    25.8221    7.80256 0.0000e+00
      22966     96.204     1.8698     1.9052   2.856327   2.858962     2.7090     2.6601      8.113     0.2462     2.0429 1.0790e-01     0.0857    97.8809     7.7691     8.0826    32.3098    32.3065    25.8261    25.8209    7.80251 0.0000e+00
      22969     96.066     1.8697     1.9055   2.856253   2.858848     2.7090     2.6601      8.115     0.2511     1.9245 1.0790e-01     0.0853    97.8896     7.7699     8.0809    32.3091    32.3049    25.8255    25.8196    7.80257 0.0000e+00
      22972     95.918     1.8700     1.9035   2.856395   2.858622     2.7102     2.6614      8.113     0.2608     1.8060 1.0790e-01     0.0853    97.8896     7.7723     8.0815    32.3106    32.3042    25.8267    25.8192    7.80242 0.0000e+00
      22975     95.760     1.8710     1.9022   2.856383   2.858678     2.7102     2.6605      8.113     0.2559     1.8060 1.0790e-01     0.0853    97.8896     7.7702     8.0738    32.3096    32.3063    25.8258    25.8209    7.80229 0.0000e+00
      22978     95.596     1.8716     1.9035   2.856520   2.858701     2.7102     2.6614      8.113     0.2511     1.8060 1.0790e-01     0.0853    97.8896     7.7696     8.0727    32.3107    32.3054    25.8267    25.8201    7.80210 0.0000e+00
      22981     95.427     1.8732     1.9096   2.856619   2.859266     2.7098     2.6610      8.113     0.2462     1.8060 1.0790e-01     0.0874    97.8375     7.7672     8.0648    32.3105    32.3063    25.8264    25.8204    7.80180 0.0000e+00
      22984     95.259     1.8742     1.9219   2.856608   2.859808     2.7102     2.6610      8.113     0.2315     1.8060 1.0790e-01     0.0874    97.8375     7.7669     8.0584    32.3093    32.3005    25.8254    25.8149    7.80165 0.0000e+00
      22987     95.086     1.8745     1.9280   2.856602   2.860142     2.7102     2.6601      8.113     0.2364     1.8060 1.0790e-01     0.0885    97.8114     7.7654     8.0507    32.3090    32.2985    25.8251    25.8129    7.80160 0.0000e+00
      22990     94.910     1.8752     1.9427   2.856652   2.860767     2.7114     2.6605      8.115     0.2315     1.8060 1.0790e-01     0.0885    97.8114     7.7695     8.0470    32.3091    32.2914    25.8251    25.8061    7.80146 0.0000e+00
      22993     94.732     1.8761     1.9459   2.856733   2.860447     2.7114     2.6601      8.113     0.2364     1.8060 1.0790e-01     0.0881    97.8201     7.7682     8.0422    32.3092    32.2843    25.8252    25.8002    7.80127 0.0000e+00
      22996     94.549     1.8770     1.9324   2.856752   2.859751     2.7102     2.6597      8.113     0.2462     1.8850 1.0790e-01     0.0885    97.8114     7.7624     8.0451    32.3087    32.2895    25.8247    25.8054    7.80113 0.0000e+00
      22999     94.368     1.8780     1.9275   2.856864   2.859758     2.7110     2.6589      8.113     0.2413     1.9245 1.0790e-01     0.0881    97.8201     7.7643     8.0478    32.3092    32.2947    25.8250    25.8098    7.80091 0.0000e+00
      23002     94.194     1.8793     1.9268   2.856939   2.859781     2.7106     2.6589      8.113     0.2413     1.9245 1.0790e-01     0.0871    97.8462     7.7622     8.0513    32.3089    32.2957    25.8247    25.8108    7.80066 0.0000e+00
      23005     94.022     1.8810     1.9417   2.857061   2.861231     2.7118     2.6589      8.113     0.2315     1.9245 1.0790e-01     0.0874    97.8375     7.7647     8.0538    32.3088    32.2987    25.8244    25.8121    7.80032 0.0000e+00
      23008     93.855     1.8822     1.9739   2.857127   2.863408     2.7114     2.6593      8.115     0.2657     1.9245 1.0790e-01     0.0871    97.8462     7.7618     8.0530    32.3084    32.2931    25.8242    25.8053    7.80010 0.0000e+00
      23011     93.697     1.8851     2.0029   2.857506   2.864830     2.7110     2.6589      8.115     0.2852     1.9245 1.0790e-01     0.0871    97.8462     7.7582     8.0500    32.3102    32.2813    25.8254    25.7937    7.79941 0.0000e+00
      23014     93.550     1.8881     2.0182   2.857556   2.865695     2.7123     2.6593      8.116     0.2852     1.9245 1.0790e-01     0.0874    97.8375     7.7608     8.0523    32.3079    32.2765    25.8232    25.7888    7.79893 0.0000e+00
      23017     93.413     1.8899     2.0277   2.857886   2.866229     2.7118     2.6593      8.115     0.2852     1.9245 1.0790e-01     0.0874    97.8375     7.7586     8.0548    32.3102    32.2736    25.8250    25.7858    7.79845 0.0000e+00
      23020     93.289     1.9074     2.0346   2.860171   2.866761     2.7114     2.6601      8.113     0.2804     1.9245 1.0790e-01     0.0874    97.8375     7.7504     8.0614    32.3210    32.2732    25.8324    25.7850    7.79439 0.0000e+00
      23023     93.174     1.9248     2.0404   2.860630   2.867271     2.7114     2.6601      8.115     0.2852     1.8060 1.0790e-01     0.0860    97.8723     7.7445     8.0642    32.3089    32.2737    25.8215    25.7850    7.79152 0.0000e+00
      23026     93.068     1.9361     2.0493   2.860830   2.867988     2.7118     2.6601      8.116     0.2755     1.8060 1.0790e-01     0.0864    97.8636     7.7432     8.0634    32.3000    32.2736    25.8135    25.7842    7.78974 0.0000e+00
      23029     92.982     1.9384     2.0551   2.860274   2.868200     2.7114     2.6601      8.115     0.2804     1.8060 1.0790e-01     0.0864    97.8636     7.7405     8.0625    32.2908    32.2704    25.8060    25.7812    7.78976 0.0000e+00
      23032     92.907     1.9341     2.0521   2.859635   2.867492     2.7118     2.6601      8.113     0.2852     1.8060 1.0790e-01     0.0864    97.8636     7.7433     8.0628    32.2871    32.2647    25.8034    25.7769    7.79080 0.0000e+00
      23035     92.845     1.9246     2.0331   2.858253   2.866457     2.7118     2.6601      8.116     0.2657     1.8060 1.0790e-01     0.0860    97.8723     7.7453     8.0663    32.2797    32.2712    25.7981    25.7835    7.79310 0.0000e+00
      23038     92.796     1.9046     2.0272   2.856817   2.866363     2.7114     2.6605      8.116     0.2657     1.8060 1.0790e-01     0.0864    97.8636     7.7480     8.0674    32.2823    32.2761    25.8016    25.7878    7.79698 0.0000e+00
      23041     92.754     1.8907     2.0215   2.856653   2.865628     2.7114     2.6605      8.115     0.2657     1.8060 1.0790e-01     0.0860    97.8723     7.7511     8.0659    32.2944    32.2727    25.8122    25.7855    7.79912 0.0000e+00
      23044     92.721     1.8832     2.0109   2.856574   2.864815     2.7102     2.6614      8.116     0.2706     1.8060 1.0790e-01     0.0853    97.8896     7.7482     8.0690    32.3011    32.2735    25.8182    25.7869    7.80028 0.0000e+00
      23126     92.676     1.8975     2.0031   2.857873   2.864155     2.7127     2.6610      8.118     0.2755     1.9245 1.0790e-01     0.0857    97.8809     7.7735     8.0681    32.3027    32.2732    25.8185    25.7872    7.79733 0.0000e+00
      23129     92.601     1.8980     1.9958   2.857916   2.863915     2.7123     2.6605      8.115     0.2804     1.9245 1.0790e-01     0.0857    97.8809     7.7721     8.0692    32.3029    32.2777    25.8185    25.7914    7.79723 0.0000e+00
      23132     92.523     1.8980     1.9919   2.857880   2.863737     2.7135     2.6610      8.118     0.2804     1.9245 1.0790e-01     0.0864    97.8636     7.7761     8.0721    32.3024    32.2795    25.8181    25.7931    7.79724 0.0000e+00
      23135     92.440     1.8980     1.9876   2.857878   2.863454     2.7139     2.6610      8.118     0.2755     1.9245 1.0790e-01     0.0860    97.8723     7.7754     8.0735    32.3024    32.2804    25.8182    25.7942    7.79724 0.0000e+00
      23138     92.353     1.8979     1.9855   2.857885   2.863593     2.7131     2.6614      8.118     0.2852     1.9245 1.0790e-01     0.0860    97.8723     7.7702     8.0783    32.3026    32.2843    25.8184    25.7974    7.79725 0.0000e+00
      23141     92.262     1.8983     1.9970   2.857910   2.864258     2.7135     2.6614      8.118     0.2852     1.9245 1.0790e-01     0.0860    97.8723     7.7700     8.0771    32.3026    32.2809    25.8183    25.7939    7.79717 0.0000e+00
      23144     92.166     1.8983     1.9909   2.857863   2.863466     2.7139     2.6614      8.118     0.2755     1.9245 1.0790e-01     0.0867    97.8549     7.7697     8.0764    32.3021    32.2773    25.8179    25.7914    7.79721 0.0000e+00
      23147     92.068     1.8979     1.9933   2.857815   2.864217     2.7139     2.6614      8.116     0.2804     1.9245 1.0790e-01     0.0867    97.8549     7.7672     8.0735    32.3019    32.2843    25.8178    25.7968    7.79729 0.0000e+00
      23150     91.973     1.8980     2.0033   2.857906   2.864788     2.7131     2.6614      8.118     0.2852     1.9245 1.0790e-01     0.0867    97.8549     7.7617     8.0713    32.3031    32.2813    25.8187    25.7937    7.79722 0.0000e+00
      23153     91.876     1.8983     2.0066   2.857919   2.864587     2.7147     2.6622      8.116     0.2804     1.9245 1.0790e-01     0.0871    97.8462     7.7663     8.0717    32.3029    32.2755    25.8185    25.7888    7.79715 0.0000e+00
      23156     91.777     1.8988     2.0091   2.857922   2.865811     2.7139     2.6614      8.116     0.2901     1.9245 1.0790e-01     0.0864    97.8636     7.7632     8.0669    32.3025    32.2882    25.8181    25.7989    7.79707 0.0000e+00
      23159     91.677     1.8988     2.0547   2.857931   2.868507     2.7139     2.6622      8.118     0.2755     1.9245 1.0790e-01     0.0864    97.8636     7.7629     8.0594    32.3027    32.2753    25.8183    25.7851    7.79707 0.0000e+00
      23162     91.578     1.8993     2.0551   2.857951   2.867853     2.7139     2.6622      8.118     0.2755     1.9245 1.0790e-01     0.0867    97.8549     7.7630     8.0608    32.3025    32.2668    25.8181    25.7784    7.79698 0.0000e+00
      23165     91.483     1.8999     2.0687   2.858078   2.868626     2.7139     2.6626      8.116     0.2706     1.9245 1.0790e-01     0.0864    97.8636     7.7619     8.0606    32.3035    32.2626    25.8189    25.7740    7.79680 0.0000e+00
      23168     91.389     1.9012     2.0691   2.858137   2.869467     2.7143     2.6618      8.116     0.2706     1.9245 1.0790e-01     0.0864    97.8636     7.7640     8.0579    32.3030    32.2727    25.8184    25.7821    7.79657 0.0000e+00
      23171     91.295     1.9020     2.0933   2.858107   2.870755     2.7135     2.6626      8.116     0.2755     1.9245 1.0790e-01     0.0864    97.8636     7.7625     8.0547    32.3019    32.2642    25.8174    25.7734    7.79648 0.0000e+00
      23174     91.206     1.9026     2.1073   2.858170   2.870971     2.7143     2.6626      8.118     0.2657     1.9245 1.0790e-01     0.0860    97.8723     7.7653     8.0501    32.3021    32.2526    25.8175    25.7632    7.79634 0.0000e+00
      23177     91.125     1.9064     2.0899   2.858792   2.869870     2.7147     2.6622      8.115     0.2657     1.8850 1.0790e-01     0.0864    97.8636     7.7659     8.0504    32.3060    32.2567    25.8205    25.7677    7.79537 0.0000e+00
      23180     91.039     1.9126     2.0864   2.859116   2.869690     2.7147     2.6626      8.115     0.2755     1.8060 1.0790e-01     0.0864    97.8636     7.7660     8.0531    32.3037    32.2581    25.8182    25.7691    7.79425 0.0000e+00
      23183     90.956     1.9137     2.0779   2.858844   2.869962     2.7139     2.6630      8.118     0.2706     1.8060 1.0790e-01     0.0864    97.8636     7.7643     8.0517    32.2993    32.2701    25.8145    25.7794    7.79427 0.0000e+00
      23186     90.878     1.9133     2.1105   2.858838   2.872469     2.7143     2.6630      8.118     0.2657     1.8060 1.0790e-01     0.0860    97.8723     7.7660     8.0423    32.2996    32.2681    25.8148    25.7753    7.79432 0.0000e+00
      23189     90.801     1.9154     2.1279   2.859155   2.872611     2.7151     2.6634      8.116     0.2755     1.8060 1.0790e-01     0.0864    97.8636     7.7689     8.0391    32.3014    32.2523    25.8161    25.7614    7.79380 0.0000e+00
      23192     90.725     1.9191     2.1210   2.859660   2.871448     2.7151     2.6634      8.116     0.2804     1.8060 1.0790e-01     0.0864    97.8636     7.7700     8.0395    32.3040    32.2449    25.8180    25.7560    7.79293 0.0000e+00
      23195     90.652     1.9231     2.1112   2.859568   2.871216     2.7155     2.6630      8.118     0.2804     1.8060 1.0790e-01     0.0864    97.8636     7.7733     8.0374    32.2988    32.2520    25.8135    25.7623    7.79239 0.0000e+00
