Datasets/AZMP/COO001/79001050.cnv
* Sea-Bird SBE 9 Data File:
* FileName = C:\CTDDATA\79001050.hex
* Software Version Seasave V 7.26.7.110
* Temperature SN = 5660
* Conductivity SN = 3698
* Number of Bytes Per Scan = 30
* Number of Voltage Words = 4
* Number of Scans Averaged by the Deck Unit = 1
* NMEA baud rate = 9600
** VESSEL/TRIP/SEQ STN:  79001050
** LATITUDE XX XX.XX N:  47 00.0  N
** LONGITUDE XX XX.XX W:  43 50.00
** SOUNDING DEPTH (M):  0575
** PROBE TYPE: S1257
** CTD NUMBER: 025
** COMMENTS (14 CHAR): FC-31
** BOTTLES:  21
** LEVELS: 5,5,5,5,10,20,20,20,20,30,40,50,50,50,50,75,100,100,100,150,BTM
** STICKERS: 434965 - 434985
** VNET: Y
** DO2: N
# nquan = 22
# nvalues = 12391                       
# units = specified
# name 0 = scan: Scan Count
# name 1 = prDM: Pressure, Digiquartz [db]
# name 2 = t090C: Temperature [ITS-90, deg C]
# name 3 = t190C: Temperature, 2 [ITS-90, deg C]
# name 4 = c0S/m: Conductivity [S/m]
# name 5 = c1S/m: Conductivity, 2 [S/m]
# name 6 = sbeox0V: Oxygen raw, SBE 43 [V]
# name 7 = sbeox1V: Oxygen raw, SBE 43, 2 [V]
# name 8 = ph: pH
# name 9 = flECO-AFL: Fluorescence, WET Labs ECO-AFL/FL [mg/m^3]
# name 10 = wetCDOM: Fluorescence, WET Labs CDOM [mg/m^3]
# name 11 = par/sat/log: PAR/Logarithmic, Satlantic [umol photons/m^2/sec]
# name 12 = CStarAt0: Beam Attenuation, WET Labs C-Star [1/m]
# name 13 = CStarTr0: Beam Transmission, WET Labs C-Star [%]
# name 14 = sbeox0ML/L: Oxygen, SBE 43 [ml/l], WS = 2
# name 15 = sbeox1ML/L: Oxygen, SBE 43, 2 [ml/l], WS = 2
# name 16 = sal00: Salinity, Practical [PSU]
# name 17 = sal11: Salinity, Practical, 2 [PSU]
# name 18 = sigma-t00: Density [sigma-t, kg/m^3 ]
# name 19 = sigma-t11: Density, 2 [sigma-t, kg/m^3 ]
# name 20 = oxsatML/L: Oxygen Saturation, Weiss [ml/l]
# name 21 = flag: flag
# span 0 =         31,      87584       
# span 1 =      0.323,    565.528       
# span 2 =     3.6335,     7.2370       
# span 3 =     3.6227,     7.2360       
# span 4 =   1.071538,   3.465577       
# span 5 =   2.837938,   3.465718       
# span 6 =     2.3041,     2.7899       
# span 7 =     2.2886,     2.7460       
# span 8 =      8.027,      8.180       
# span 9 =    -0.0176,     2.1509       
# span 10 =    -2.8130,   482.1870      
# span 11 = 1.0752e-01, 1.8162e+00      
# span 12 =     0.0366,     1.1362      
# span 13 =    75.2745,    99.0888      
# span 14 =     5.8185,     7.0823      
# span 15 =     6.1188,     7.2032      
# span 16 =     9.4966,    34.8926      
# span 17 =    27.4032,    34.8879      
# span 18 =     7.3737,    27.7195      
# span 19 =    21.4202,    27.7222      
# span 20 =    6.76796,    7.94016      
# span 21 = 0.0000e+00, 0.0000e+00      
# interval = scans: 3                   
# start_time = Nov 28 2019 08:30:27 [System UTC, header]
# bad_flag = -9.990e-29
*END*
[from data line 10931]
      45491    111.549     4.0133     4.0050   3.232422   3.231556     2.4192     2.3862      8.047     0.0166     1.4507 1.0790e-01     0.0461    98.8542     6.2763     6.5916    34.6517    34.6501    27.5077    27.5073    7.27811 0.0000e+00
      45494    111.499     4.0122     4.0053   3.232193   3.231555     2.4192     2.3862      8.047     0.0117     1.4507 1.0790e-01     0.0461    98.8542     6.2765     6.5913    34.6502    34.6498    27.5066    27.5070    7.27839 0.0000e+00
      45497    111.455     4.0084     4.0053   3.231859   3.231572     2.4196     2.3862      8.049     0.0117     1.4507 1.0790e-01     0.0461    98.8542     6.2768     6.5912    34.6502    34.6501    27.5070    27.5072    7.27906 0.0000e+00
      45500    111.415     4.0035     4.0056   3.231163   3.231643     2.4196     2.3862      8.047     0.0117     1.4507 1.0790e-01     0.0461    98.8542     6.2778     6.5896    34.6471    34.6506    27.5051    27.5077    7.28009 0.0000e+00
      45503    111.382     3.9962     4.0070   3.230885   3.231845     2.4196     2.3866      8.047     0.0117     1.4507 1.0790e-01     0.0461    98.8542     6.2786     6.5904    34.6515    34.6516    27.5094    27.5082    7.28118 0.0000e+00
      45506    111.357     3.9972     4.0086   3.231410   3.231956     2.4192     2.3871      8.047     0.0117     1.4507 1.0790e-01     0.0461    98.8542     6.2772     6.5921    34.6568    34.6512    27.5134    27.5078    7.28075 0.0000e+00
      45558    111.335     3.9957     4.0089   3.231156   3.231936     2.4209     2.3858      8.047     0.0117     1.3718 1.0790e-01     0.0461    98.8542     6.2800     6.5805    34.6554    34.6507    27.5125    27.5073    7.28109 0.0000e+00
      45586    111.287     3.9954     4.0085   3.231265   3.231889     2.4221     2.3846      8.047     0.0215     1.3323 1.0790e-01     0.0461    98.8542     6.2821     6.5730    34.6569    34.6506    27.5138    27.5073    7.28105 0.0000e+00
      45589    111.227     3.9955     4.0083   3.231183   3.231876     2.4229     2.3850      8.047     0.0117     1.3323 1.0790e-01     0.0461    98.8542     6.2851     6.5749    34.6559    34.6506    27.5129    27.5074    7.28109 0.0000e+00
      45592    111.163     3.9946     4.0084   3.231078   3.231894     2.4217     2.3850      8.047     0.0068     1.2928 1.0790e-01     0.0461    98.8542     6.2805     6.5753    34.6556    34.6507    27.5128    27.5075    7.28126 0.0000e+00
      45595    111.089     3.9941     4.0085   3.231112   3.231924     2.4225     2.3850      8.047    -0.0029     1.3323 1.0790e-01     0.0465    98.8455     6.2818     6.5758    34.6567    34.6510    27.5137    27.5077    7.28131 0.0000e+00
      45598    111.011     3.9943     4.0089   3.231134   3.231952     2.4221     2.3850      8.047     0.0020     1.3323 1.0790e-01     0.0461    98.8542     6.2808     6.5769    34.6567    34.6510    27.5137    27.5076    7.28126 0.0000e+00
      45601    110.928     3.9943     4.0094   3.231124   3.231987     2.4221     2.3850      8.047    -0.0029     1.3323 1.0790e-01     0.0461    98.8542     6.2815     6.5771    34.6566    34.6509    27.5136    27.5075    7.28127 0.0000e+00
      45604    110.836     3.9942     4.0093   3.231047   3.231955     2.4225     2.3850      8.047    -0.0029     1.3323 1.0790e-01     0.0461    98.8542     6.2826     6.5750    34.6559    34.6507    27.5131    27.5073    7.28132 0.0000e+00
      45607    110.740     3.9935     4.0089   3.230955   3.231892     2.4221     2.3854      8.047    -0.0029     1.3323 1.0790e-01     0.0461    98.8542     6.2796     6.5769    34.6556    34.6505    27.5128    27.5072    7.28146 0.0000e+00
      45610    110.636     3.9929     4.0087   3.230997   3.231840     2.4217     2.3850      8.047    -0.0029     1.4507 1.0790e-01     0.0461    98.8542     6.2785     6.5774    34.6568    34.6501    27.5138    27.5069    7.28151 0.0000e+00
      45613    110.529     3.9938     4.0061   3.231159   3.231423     2.4229     2.3850      8.047    -0.0029     1.4507 1.0790e-01     0.0461    98.8542     6.2833     6.5773    34.6578    34.6479    27.5146    27.5055    7.28131 0.0000e+00
      45616    110.420     3.9955     4.0043   3.231266   3.231240     2.4209     2.3850      8.047    -0.0078     1.4507 1.0790e-01     0.0472    98.8281     6.2788     6.5795    34.6573    34.6477    27.5140    27.5055    7.28102 0.0000e+00
      45619    110.308     3.9964     4.0030   3.231213   3.231308     2.4217     2.3850      8.047     0.0068     1.4112 1.0790e-01     0.0472    98.8281     6.2823     6.5812    34.6558    34.6500    27.5127    27.5075    7.28093 0.0000e+00
      45622    110.193     3.9970     4.0044   3.231271   3.231568     2.4229     2.3854      8.047     0.0117     1.4507 1.0790e-01     0.0472    98.8281     6.2896     6.5833    34.6559    34.6516    27.5128    27.5086    7.28082 0.0000e+00
      45625    110.078     3.9976     4.0055   3.231312   3.231478     2.4229     2.3850      8.047     0.0117     1.4507 1.0790e-01     0.0472    98.8281     6.2920     6.5829    34.6559    34.6495    27.5127    27.5068    7.28072 0.0000e+00
      45628    109.960     3.9981     4.0021   3.231288   3.231020     2.4221     2.3854      8.047     0.0117     1.4507 1.0790e-01     0.0472    98.8281     6.2909     6.5876    34.6551    34.6477    27.5120    27.5057    7.28067 0.0000e+00
      45631    109.845     3.9986     4.0009   3.231317   3.231149     2.4225     2.3858      8.047     0.0117     1.4507 1.0790e-01     0.0472    98.8281     6.2946     6.5917    34.6550    34.6505    27.5119    27.5081    7.28058 0.0000e+00
      45634    109.730     3.9998     4.0001   3.231402   3.231295     2.4229     2.3858      8.047     0.0117     1.4507 1.0790e-01     0.0472    98.8281     6.2968     6.5941    34.6548    34.6532    27.5116    27.5103    7.28038 0.0000e+00
      45637    109.615     4.0019     4.0005   3.231447   3.231534     2.4229     2.3858      8.047     0.0117     1.4507 1.0790e-01     0.0472    98.8281     6.2982     6.5952    34.6532    34.6557    27.5101    27.5123    7.28008 0.0000e+00
      45640    109.503     4.0027     4.0008   3.231367   3.231610     2.4241     2.3862      8.047     0.0166     1.4507 1.0790e-01     0.0472    98.8281     6.3049     6.5969    34.6514    34.6564    27.5086    27.5127    7.28001 0.0000e+00
      45643    109.391     4.0025     4.0011   3.231317   3.231629     2.4237     2.3862      8.047     0.0117     1.4507 1.0790e-01     0.0468    98.8368     6.3032     6.5976    34.6511    34.6563    27.5084    27.5127    7.28007 0.0000e+00
      45646    109.281     4.0026     4.0012   3.231174   3.231562     2.4253     2.3862      8.047     0.0117     1.4507 1.0790e-01     0.0468    98.8368     6.3089     6.6000    34.6494    34.6555    27.5070    27.5120    7.28014 0.0000e+00
      45649    109.175     4.0022     4.0014   3.231082   3.231317     2.4249     2.3866      8.047     0.0166     1.4507 1.0790e-01     0.0472    98.8281     6.3082     6.6031    34.6487    34.6523    27.5065    27.5095    7.28023 0.0000e+00
      45652    109.072     4.0006     3.9986   3.230431   3.230789     2.4249     2.3870      8.047     0.0117     1.4507 1.0790e-01     0.0472    98.8281     6.3090     6.6052    34.6427    34.6491    27.5019    27.5072    7.28081 0.0000e+00
      45655    108.970     3.9976     3.9970   3.230087   3.230526     2.4253     2.3874      8.047     0.0166     1.4507 1.0790e-01     0.0472    98.8281     6.3084     6.6073    34.6419    34.6477    27.5016    27.5063    7.28139 0.0000e+00
      45658    108.872     3.9958     3.9930   3.230134   3.229834     2.4257     2.3874      8.047     0.0117     1.4507 1.0790e-01     0.0461    98.8542     6.3081     6.6110    34.6444    34.6438    27.5038    27.5036    7.28160 0.0000e+00
      45661    108.775     3.9945     3.9857   3.229953   3.228770     2.4262     2.3874      8.047     0.0117     1.4507 1.0790e-01     0.0465    98.8455     6.3062     6.6132    34.6437    34.6390    27.5033    27.5004    7.28187 0.0000e+00
      45664    108.682     3.9933     3.9780   3.229980   3.227915     2.4270     2.3874      8.047     0.0117     1.4507 1.0790e-01     0.0468    98.8368     6.3047     6.6159    34.6453    34.6370    27.5047    27.4997    7.28199 0.0000e+00
      45667    108.591     3.9928     3.9740   3.229795   3.227475     2.4274     2.3883      8.049     0.0117     1.4507 1.0790e-01     0.0461    98.8542     6.3031     6.6222    34.6437    34.6360    27.5035    27.4993    7.28217 0.0000e+00
      45670    108.503     3.9910     3.9724   3.229394   3.227317     2.4266     2.3887      8.047     0.0117     1.4507 1.0790e-01     0.0465    98.8455     6.2969     6.6253    34.6409    34.6359    27.5014    27.4994    7.28262 0.0000e+00
      45673    108.416     3.9887     3.9722   3.229184   3.227336     2.4270     2.3887      8.049     0.0117     1.4507 1.0790e-01     0.0461    98.8542     6.2950     6.6251    34.6409    34.6363    27.5017    27.4997    7.28304 0.0000e+00
      45676    108.330     3.9879     3.9754   3.229267   3.227862     2.4274     2.3887      8.047     0.0117     1.4507 1.0790e-01     0.0472    98.8281     6.2921     6.6251    34.6428    34.6392    27.5033    27.5018    7.28309 0.0000e+00
      45679    108.244     3.9877     3.9873   3.229388   3.228887     2.4266     2.3891      8.047     0.0117     1.4507 1.0790e-01     0.0472    98.8281     6.2848     6.6262    34.6444    34.6389    27.5046    27.5002    7.28304 0.0000e+00
      45682    108.162     3.9880     3.9977   3.229413   3.229646     2.4270     2.3899      8.047     0.0117     1.4507 1.0790e-01     0.0472    98.8281     6.2807     6.6288    34.6445    34.6370    27.5047    27.4977    7.28299 0.0000e+00
      45685    108.081     3.9880     4.0097   3.229417   3.230916     2.4257     2.3899      8.047     0.0117     1.4507 1.0790e-01     0.0472    98.8281     6.2731     6.6264    34.6446    34.6394    27.5047    27.4983    7.28299 0.0000e+00
      45688    107.999     3.9878     4.0253   3.229341   3.232460     2.4262     2.3903      8.050     0.0166     1.4507 1.0790e-01     0.0472    98.8281     6.2710     6.6232    34.6439    34.6413    27.5042    27.4982    7.28305 0.0000e+00
      45691    107.915     3.9875     4.0437   3.229289   3.233912     2.4257     2.3911      8.049     0.0117     1.4507 1.0790e-01     0.0472    98.8281     6.2657     6.6199    34.6437    34.6392    27.5040    27.4946    7.28312 0.0000e+00
      45694    107.835     3.9872     4.0567   3.229189   3.234853     2.4253     2.3911      8.049     0.0117     1.4507 1.0790e-01     0.0472    98.8281     6.2611     6.6161    34.6428    34.6367    27.5034    27.4913    7.28321 0.0000e+00
      45697    107.755     3.9867     4.0649   3.228933   3.235364     2.4245     2.3911      8.050     0.0117     1.4507 1.0790e-01     0.0465    98.8455     6.2556     6.6135    34.6404    34.6341    27.5015    27.4883    7.28342 0.0000e+00
      45700    107.674     3.9856     4.0721   3.228806   3.236188     2.4245     2.3915      8.049     0.0166     1.4507 1.0790e-01     0.0465    98.8455     6.2519     6.6130    34.6401    34.6364    27.5013    27.4894    7.28363 0.0000e+00
      45703    107.596     3.9847     4.0832   3.228654   3.237098     2.4237     2.3923      8.047     0.0117     1.4507 1.0790e-01     0.0468    98.8368     6.2461     6.6118    34.6392    34.6354    27.5008    27.4875    7.28383 0.0000e+00
      45706    107.518     3.9839     4.0897   3.228690   3.237557     2.4233     2.3923      8.047     0.0117     1.4507 1.0790e-01     0.0468    98.8368     6.2426     6.6092    34.6405    34.6341    27.5019    27.4858    7.28391 0.0000e+00
      45709    107.440     3.9840     4.0956   3.228853   3.238116     2.4233     2.3923      8.049     0.0117     1.4507 1.0790e-01     0.0465    98.8455     6.2398     6.6066    34.6425    34.6345    27.5034    27.4855    7.28380 0.0000e+00
      45712    107.361     3.9844     4.1009   3.228925   3.238536     2.4217     2.3923      8.049     0.0117     1.4507 1.0790e-01     0.0468    98.8368     6.2318     6.6032    34.6428    34.6340    27.5037    27.4845    7.28370 0.0000e+00
      45715    107.282     3.9848     4.1045   3.229036   3.238682     2.4209     2.3923      8.050     0.0068     1.4507 1.0790e-01     0.0465    98.8455     6.2278     6.6031    34.6438    34.6319    27.5044    27.4824    7.28359 0.0000e+00
      45718    107.206     3.9855     4.1063   3.229044   3.238719     2.4205     2.3923      8.049     0.0117     1.4507 1.0790e-01     0.0468    98.8368     6.2248     6.6033    34.6432    34.6306    27.5039    27.4812    7.28350 0.0000e+00
      45721    107.128     3.9858     4.1068   3.228959   3.238722     2.4201     2.3932      8.047     0.0117     1.4507 1.0790e-01     0.0472    98.8281     6.2222     6.6051    34.6420    34.6300    27.5028    27.4807    7.28351 0.0000e+00
      45724    107.052     3.9860     4.1081   3.228908   3.238854     2.4180     2.3936      8.047     0.0117     1.4507 1.0790e-01     0.0468    98.8368     6.2147     6.6043    34.6412    34.6303    27.5022    27.4807    7.28351 0.0000e+00
      45727    106.980     3.9858     4.1093   3.228892   3.238926     2.4176     2.3936      8.049     0.0117     1.4507 1.0790e-01     0.0472    98.8281     6.2138     6.6041    34.6412    34.6299    27.5022    27.4804    7.28353 0.0000e+00
      45730    106.904     3.9857     4.1115   3.228846   3.239435     2.4176     2.3936      8.047     0.0117     1.4507 1.0790e-01     0.0468    98.8368     6.2147     6.6038    34.6408    34.6337    27.5019    27.4831    7.28358 0.0000e+00
      45733    106.830     3.9866     4.1181   3.229058   3.239844     2.4160     2.3936      8.047     0.0117     1.4507 1.0790e-01     0.0468    98.8368     6.2117     6.6022    34.6424    34.6316    27.5032    27.4808    7.28334 0.0000e+00
      45736    106.757     3.9899     4.1221   3.229640   3.240053     2.4156     2.3940      8.047     0.0117     1.4507 1.0790e-01     0.0472    98.8281     6.2130     6.6016    34.6459    34.6299    27.5056    27.4790    7.28258 0.0000e+00
      45739    106.685     3.9921     4.1198   3.229424   3.239824     2.4152     2.3944      8.049     0.0117     1.4507 1.0790e-01     0.0472    98.8281     6.2157     6.6011    34.6411    34.6296    27.5015    27.4790    7.28242 0.0000e+00
      45742    106.617     3.9917     4.1173   3.229177   3.239394     2.4143     2.3948      8.049     0.0117     1.4507 1.0790e-01     0.0468    98.8368     6.2175     6.6000    34.6386    34.6273    27.4995    27.4774    7.28261 0.0000e+00
      45745    106.549     3.9907     4.1200   3.229409   3.239607     2.4135     2.3940      8.047     0.0117     1.4507 1.0790e-01     0.0472    98.8281     6.2207     6.5933    34.6424    34.6270    27.5027    27.4768    7.28260 0.0000e+00
      45748    106.483     3.9942     4.1150   3.229853   3.239013     2.4127     2.3948      8.049     0.0166     1.4507 1.0790e-01     0.0472    98.8281     6.2226     6.5956    34.6440    34.6252    27.5036    27.4760    7.28189 0.0000e+00
      45751    106.422     3.9979     4.1142   3.229726   3.239399     2.4131     2.3948      8.052     0.0068     1.4507 1.0790e-01     0.0472    98.8281     6.2277     6.5942    34.6387    34.6307    27.4989    27.4804    7.28150 0.0000e+00
      45754    106.363     3.9974     4.1145   3.229531   3.239190     2.4123     2.3948      8.047     0.0166     1.4507 1.0790e-01     0.0472    98.8281     6.2289     6.5925    34.6370    34.6279    27.4976    27.4782    7.28167 0.0000e+00
