Datasets/AZMP/COO001/79001115.cnv
* Sea-Bird SBE 9 Data File:
* FileName = C:\CTDDATA\79001115.hex
* Software Version Seasave V 7.26.7.110
* Temperature SN = 5660
* Conductivity SN = 3698
* Number of Bytes Per Scan = 30
* Number of Voltage Words = 4
* Number of Scans Averaged by the Deck Unit = 1
* NMEA baud rate = 9600
** VESSEL/TRIP/SEQ STN:  79001115
** LATITUDE XX XX.XX N:  47 00.00 N
** LONGITUDE XX XX.XX W:  47 49.00 W
** SOUNDING DEPTH (M):  0165
** PROBE TYPE: S1257
** CTD NUMBER: 075
** COMMENTS (14 CHAR): FC-13
** BOTTLES:  12
** LEVELS: 5,5,10,20,20,30,40,50,75,100,150,BTM
** STICKERS: 435545 - 435556
** VNET: Y
** DO2: N
# nquan = 22
# nvalues = 4127                        
# units = specified
# name 0 = scan: Scan Count
# name 1 = prDM: Pressure, Digiquartz [db]
# name 2 = t090C: Temperature [ITS-90, deg C]
# name 3 = t190C: Temperature, 2 [ITS-90, deg C]
# name 4 = c0S/m: Conductivity [S/m]
# name 5 = c1S/m: Conductivity, 2 [S/m]
# name 6 = sbeox0V: Oxygen raw, SBE 43 [V]
# name 7 = sbeox1V: Oxygen raw, SBE 43, 2 [V]
# name 8 = ph: pH
# name 9 = flECO-AFL: Fluorescence, WET Labs ECO-AFL/FL [mg/m^3]
# name 10 = wetCDOM: Fluorescence, WET Labs CDOM [mg/m^3]
# name 11 = par/sat/log: PAR/Logarithmic, Satlantic [umol photons/m^2/sec]
# name 12 = CStarAt0: Beam Attenuation, WET Labs C-Star [1/m]
# name 13 = CStarTr0: Beam Transmission, WET Labs C-Star [%]
# name 14 = sbeox0ML/L: Oxygen, SBE 43 [ml/l], WS = 2
# name 15 = sbeox1ML/L: Oxygen, SBE 43, 2 [ml/l], WS = 2
# name 16 = sal00: Salinity, Practical [PSU]
# name 17 = sal11: Salinity, Practical, 2 [PSU]
# name 18 = sigma-t00: Density [sigma-t, kg/m^3 ]
# name 19 = sigma-t11: Density, 2 [sigma-t, kg/m^3 ]
# name 20 = oxsatML/L: Oxygen Saturation, Weiss [ml/l]
# name 21 = flag: flag
# span 0 =        100,      44199       
# span 1 =      0.510,    161.180       
# span 2 =    -0.3448,     2.9673       
# span 3 =    -0.3593,     2.9667       
# span 4 =   2.719756,   2.964543       
# span 5 =   2.719589,   2.964797       
# span 6 =     2.3946,     2.7842       
# span 7 =     2.3690,     2.7493       
# span 8 =      8.048,      8.147       
# span 9 =    -0.0078,     1.3011       
# span 10 =     1.0954,     2.3982      
# span 11 = 1.0728e-01, 2.2209e+00      
# span 12 =     0.0545,     0.9823      
# span 13 =    78.2246,    98.6456      
# span 14 =     6.4758,     7.7918      
# span 15 =     7.0915,     8.3199      
# span 16 =    32.4933,    33.9042      
# span 17 =    32.5692,    33.8936      
# span 18 =    25.9487,    27.1601      
# span 19 =    25.9479,    27.1488      
# span 20 =    7.57421,    8.23673      
# span 21 = 0.0000e+00, 0.0000e+00      
# interval = scans: 3                   
# start_time = Dec 06 2019 21:49:21 [System UTC, header]
# bad_flag = -9.990e-29
*END*
[from data line 3359]
      26572     49.568     2.5561     2.5618   2.947231   2.947488     2.7305     2.7004      8.131     0.7541     1.5692 1.0790e-01     0.1242    96.9425     7.6092     8.0012    32.7579    32.7552    26.1327    26.1301    7.64382 0.0000e+00
      26628     49.536     2.5625     2.5586   2.947285   2.947140     2.7309     2.7012      8.134     0.7541     1.5692 1.0790e-01     0.1249    96.9251     7.6087     7.9996    32.7521    32.7543    26.1275    26.1296    7.64289 0.0000e+00
      26631     49.505     2.5620     2.5578   2.947250   2.947117     2.7309     2.7008      8.131     0.7541     1.5692 1.0790e-01     0.1249    96.9251     7.6089     8.0001    32.7522    32.7548    26.1276    26.1300    7.64297 0.0000e+00
      26634     49.477     2.5598     2.5576   2.946998   2.947133     2.7309     2.7012      8.134     0.7443     1.6087 1.0790e-01     0.1249    96.9251     7.6098     8.0024    32.7513    32.7552    26.1271    26.1304    7.64344 0.0000e+00
      27356     49.446     2.5749     2.5770   2.948200   2.948652     2.7334     2.7016      8.134     0.7004     1.6876 1.0790e-01     0.1213    97.0120     7.6134     8.0089    32.7507    32.7540    26.1254    26.1279    7.64056 0.0000e+00
      27359     49.390     2.5736     2.5760   2.948085   2.948588     2.7330     2.7016      8.134     0.7053     1.6876 1.0790e-01     0.1217    97.0033     7.6117     8.0070    32.7506    32.7543    26.1254    26.1282    7.64081 0.0000e+00
      27362     49.334     2.5727     2.5762   2.948057   2.948645     2.7334     2.7016      8.134     0.7004     1.6876 1.0790e-01     0.1221    96.9946     7.6125     8.0065    32.7512    32.7548    26.1260    26.1286    7.64095 0.0000e+00
      27365     49.283     2.5721     2.5788   2.948030   2.948895     2.7334     2.7020      8.134     0.7053     1.6876 1.0790e-01     0.1249    96.9251     7.6101     8.0067    32.7515    32.7553    26.1263    26.1287    7.64105 0.0000e+00
      27368     49.235     2.5718     2.5813   2.948027   2.949029     2.7346     2.7016      8.134     0.7150     1.5692 1.0790e-01     0.1249    96.9251     7.6138     8.0040    32.7518    32.7544    26.1265    26.1278    7.64109 0.0000e+00
      27371     49.190     2.5719     2.5842   2.948072   2.949192     2.7342     2.7016      8.134     0.7053     1.5692 1.0790e-01     0.1249    96.9251     7.6115     8.0052    32.7523    32.7534    26.1269    26.1268    7.64105 0.0000e+00
      27374     49.149     2.5719     2.5868   2.948102   2.949325     2.7334     2.7016      8.134     0.7053     1.5692 1.0790e-01     0.1246    96.9338     7.6063     8.0073    32.7527    32.7525    26.1272    26.1258    7.64103 0.0000e+00
      27377     49.115     2.5731     2.5870   2.948308   2.949299     2.7334     2.7016      8.134     0.7150     1.5692 1.0790e-01     0.1249    96.9251     7.6025     8.0091    32.7540    32.7519    26.1281    26.1254    7.64073 0.0000e+00
      27572     49.086     2.5807     2.5891   2.948725   2.949452     2.7342     2.7020      8.134     0.8322     1.6481 1.0790e-01     0.1253    96.9164     7.6071     8.0085    32.7513    32.7516    26.1254    26.1250    7.63939 0.0000e+00
      27958     49.014     2.5929     2.5938   2.949465   2.949773     2.7358     2.7040      8.136     0.8078     1.8060 1.0790e-01     0.1264    96.8903     7.6154     8.0070    32.7480    32.7508    26.1217    26.1239    7.63721 0.0000e+00
      27961     48.932     2.5921     2.5936   2.949394   2.949697     2.7366     2.7040      8.134     0.8029     1.8060 1.0777e-01     0.1264    96.8903     7.6176     8.0029    32.7479    32.7501    26.1218    26.1234    7.63736 0.0000e+00
      27964     48.853     2.5918     2.5930   2.949364   2.949695     2.7362     2.7040      8.137     0.8127     1.8060 1.0790e-01     0.1267    96.8816     7.6167     7.9992    32.7479    32.7508    26.1218    26.1240    7.63742 0.0000e+00
      27967     48.779     2.5920     2.5929   2.949607   2.949692     2.7354     2.7032      8.136     0.8029     1.8060 1.0790e-01     0.1264    96.8903     7.6156     7.9927    32.7507    32.7509    26.1240    26.1240    7.63723 0.0000e+00
      27970     48.709     2.5943     2.5938   2.949815   2.949805     2.7358     2.7028      8.134     0.8127     1.6087 1.0790e-01     0.1249    96.9251     7.6161     7.9876    32.7510    32.7514    26.1240    26.1244    7.63677 0.0000e+00
      27973     48.646     2.5970     2.5966   2.949876   2.950055     2.7358     2.7028      8.137     0.8078     1.5692 1.0790e-01     0.1239    96.9511     7.6159     7.9877    32.7490    32.7516    26.1222    26.1243    7.63635 0.0000e+00
      27976     48.585     2.5961     2.6003   2.949648   2.950251     2.7358     2.7028      8.137     0.8029     1.5692 1.0777e-01     0.1239    96.9511     7.6170     7.9870    32.7471    32.7503    26.1208    26.1230    7.63662 0.0000e+00
      27979     48.528     2.5954     2.6019   2.949671   2.950268     2.7358     2.7028      8.134     0.8127     1.5692 1.0790e-01     0.1239    96.9511     7.6178     7.9859    32.7482    32.7489    26.1218    26.1217    7.63671 0.0000e+00
      27982     48.473     2.5953     2.6006   2.949688   2.950181     2.7354     2.7028      8.136     0.8469     1.5692 1.0790e-01     0.1239    96.9511     7.6174     7.9841    32.7486    32.7491    26.1220    26.1220    7.63671 0.0000e+00
      27985     48.420     2.5969     2.6023   2.949896   2.950339     2.7362     2.7028      8.136     0.8518     1.5692 1.0790e-01     0.1239    96.9511     7.6206     7.9844    32.7495    32.7494    26.1227    26.1221    7.63636 0.0000e+00
      27988     48.371     2.5991     2.6021   2.949988   2.950261     2.7362     2.7024      8.139     0.8518     1.5692 1.0790e-01     0.1239    96.9511     7.6213     7.9846    32.7484    32.7486    26.1215    26.1215    7.63598 0.0000e+00
      27991     48.326     2.5998     2.6009   2.949950   2.950198     2.7362     2.7024      8.137     0.8518     1.5692 1.0790e-01     0.1292    96.8208     7.6211     7.9869    32.7472    32.7491    26.1206    26.1220    7.63591 0.0000e+00
      27994     48.284     2.5998     2.6019   2.949929   2.950407     2.7358     2.7024      8.137     0.8567     1.5692 1.0790e-01     0.1292    96.8208     7.6196     7.9865    32.7469    32.7507    26.1204    26.1232    7.63591 0.0000e+00
      27997     48.248     2.5997     2.6113   2.949891   2.951232     2.7362     2.7024      8.137     0.8518     1.5692 1.0790e-01     0.1292    96.8208     7.6208     7.9844    32.7466    32.7512    26.1201    26.1228    7.63595 0.0000e+00
      28000     48.221     2.5986     2.6202   2.949717   2.951650     2.7366     2.7020      8.136     0.8616     1.5692 1.0790e-01     0.1292    96.8208     7.6220     7.9816    32.7456    32.7472    26.1194    26.1189    7.63621 0.0000e+00
      28037     48.201     2.5921     2.6204   2.949303   2.951532     2.7366     2.7020      8.136     0.9153     1.5692 1.0790e-01     0.1274    96.8642     7.6198     7.9897    32.7472    32.7456    26.1212    26.1176    7.63740 0.0000e+00
      28108     48.166     2.5845     2.6166   2.949031   2.951334     2.7362     2.7028      8.136     1.0325     1.5692 1.0790e-01     0.1239    96.9511     7.6161     8.0071    32.7517    32.7470    26.1254    26.1191    7.63864 0.0000e+00
      28111     48.118     2.5856     2.6198   2.949124   2.951593     2.7370     2.7024      8.137     0.9739     1.5692 1.0790e-01     0.1246    96.9338     7.6203     8.0040    32.7517    32.7471    26.1254    26.1188    7.63842 0.0000e+00
      28114     48.065     2.5868     2.6242   2.949181   2.951900     2.7374     2.7028      8.139     0.8371     1.5297 1.0790e-01     0.1249    96.9251     7.6217     8.0052    32.7512    32.7463    26.1248    26.1178    7.63821 0.0000e+00
      28117     48.006     2.5877     2.6278   2.949169   2.952057     2.7383     2.7024      8.139     0.8322     1.5692 1.0790e-01     0.1249    96.9251     7.6263     8.0040    32.7503    32.7446    26.1240    26.1162    7.63810 0.0000e+00
      28120     47.942     2.5884     2.6288   2.949251   2.951934     2.7366     2.7028      8.137     0.8420     1.5692 1.0790e-01     0.1249    96.9251     7.6227     8.0075    32.7505    32.7420    26.1241    26.1141    7.63794 0.0000e+00
      28123     47.875     2.5897     2.6219   2.949333   2.951218     2.7370     2.7028      8.137     0.8420     1.5692 1.0790e-01     0.1253    96.9164     7.6257     8.0111    32.7502    32.7404    26.1238    26.1133    7.63770 0.0000e+00
      28126     47.803     2.5902     2.6157   2.949298   2.950975     2.7370     2.7028      8.137     0.8420     1.6087 1.0790e-01     0.1249    96.9251     7.6264     8.0137    32.7493    32.7438    26.1231    26.1165    7.63765 0.0000e+00
      28129     47.726     2.5904     2.6107   2.949319   2.950626     2.7379     2.7028      8.136     0.8322     1.6876 1.0790e-01     0.1249    96.9251     7.6301     8.0158    32.7494    32.7447    26.1231    26.1177    7.63761 0.0000e+00
      28132     47.644     2.5907     2.6065   2.949361   2.950442     2.7383     2.7028      8.137     0.8371     1.6876 1.0790e-01     0.1267    96.8816     7.6306     8.0173    32.7497    32.7468    26.1233    26.1197    7.63755 0.0000e+00
      28135     47.554     2.5915     2.6044   2.949475   2.950387     2.7379     2.7032      8.137     0.8371     1.6876 1.0790e-01     0.1278    96.8556     7.6283     8.0201    32.7503    32.7483    26.1237    26.1210    7.63735 0.0000e+00
      28138     47.466     2.5929     2.6100   2.949528   2.951137     2.7370     2.7032      8.136     0.7736     1.6876 1.0790e-01     0.1271    96.8729     7.6260     8.0190    32.7496    32.7518    26.1230    26.1234    7.63712 0.0000e+00
      28141     47.374     2.5939     2.6164   2.949601   2.951257     2.7383     2.7040      8.137     0.7199     1.6876 1.0790e-01     0.1275    96.8642     7.6304     8.0212    32.7495    32.7468    26.1229    26.1189    7.63693 0.0000e+00
      28144     47.280     2.5948     2.6176   2.949587   2.951355     2.7379     2.7040      8.137     0.7199     1.6876 1.0790e-01     0.1271    96.8729     7.6301     8.0217    32.7485    32.7468    26.1219    26.1188    7.63681 0.0000e+00
      28147     47.181     2.5951     2.6221   2.949654   2.951743     2.7383     2.7040      8.137     0.7199     1.6876 1.0790e-01     0.1271    96.8729     7.6302     8.0203    32.7491    32.7470    26.1224    26.1186    7.63673 0.0000e+00
      28150     47.082     2.5964     2.6245   2.949773   2.951720     2.7383     2.7044      8.137     0.7248     1.6876 1.0790e-01     0.1278    96.8556     7.6290     8.0195    32.7492    32.7443    26.1224    26.1162    7.63646 0.0000e+00
      28153     46.983     2.5978     2.6240   2.949892   2.951556     2.7383     2.7040      8.137     0.7199     1.6876 1.0790e-01     0.1271    96.8729     7.6289     8.0144    32.7493    32.7428    26.1224    26.1152    7.63619 0.0000e+00
      28156     46.882     2.6002     2.6213   2.950143   2.951364     2.7379     2.7044      8.136     0.7199     1.6876 1.0790e-01     0.1271    96.8729     7.6272     8.0124    32.7500    32.7433    26.1228    26.1157    7.63569 0.0000e+00
      28159     46.779     2.6020     2.6166   2.950218   2.950959     2.7387     2.7044      8.137     0.7248     1.6876 1.0790e-01     0.1271    96.8729     7.6299     8.0092    32.7491    32.7432    26.1219    26.1160    7.63539 0.0000e+00
      28162     46.677     2.6041     2.6105   2.950311   2.950554     2.7391     2.7044      8.137     0.7199     1.6876 1.0790e-01     0.1271    96.8729     7.6307     8.0063    32.7481    32.7446    26.1210    26.1176    7.63502 0.0000e+00
      28165     46.575     2.6047     2.6083   2.950188   2.950609     2.7383     2.7049      8.139     0.7834     1.6876 1.0790e-01     0.1271    96.8729     7.6256     8.0054    32.7461    32.7476    26.1193    26.1202    7.63501 0.0000e+00
      28168     46.477     2.6044     2.6107   2.950130   2.950898     2.7391     2.7049      8.137     0.8029     1.6876 1.0790e-01     0.1271    96.8729     7.6281     8.0031    32.7457    32.7486    26.1190    26.1208    7.63509 0.0000e+00
      28171     46.378     2.6047     2.6143   2.950252   2.951117     2.7387     2.7049      8.136     0.8078     1.6876 1.0790e-01     0.1310    96.7773     7.6265     8.0007    32.7469    32.7477    26.1200    26.1198    7.63496 0.0000e+00
      28174     46.279     2.6061     2.6175   2.950475   2.951257     2.7391     2.7040      8.139     0.8029     1.6876 1.0790e-01     0.1389    96.5862     7.6269     7.9953    32.7483    32.7463    26.1209    26.1184    7.63463 0.0000e+00
      28177     46.185     2.6086     2.6209   2.950669   2.951632     2.7395     2.7040      8.137     0.8127     1.6876 1.0790e-01     0.1389    96.5862     7.6274     7.9942    32.7482    32.7474    26.1207    26.1190    7.63415 0.0000e+00
      28180     46.093     2.6119     2.6294   2.950914   2.952253     2.7387     2.7040      8.137     0.8078     1.5692 1.0790e-01     0.1389    96.5862     7.6218     7.9913    32.7479    32.7464    26.1201    26.1175    7.63353 0.0000e+00
      28183     46.005     2.6146     2.6363   2.951144   2.952507     2.7395     2.7040      8.139     0.8029     1.5692 1.0777e-01     0.1389    96.5862     7.6235     7.9915    32.7479    32.7425    26.1199    26.1138    7.63300 0.0000e+00
      28186     45.924     2.6205     2.6394   2.951715   2.952627     2.7391     2.7040      8.139     0.8078     1.5692 1.0790e-01     0.1389    96.5862     7.6219     7.9927    32.7490    32.7408    26.1203    26.1122    7.63181 0.0000e+00
      28189     45.844     2.6258     2.6442   2.951823   2.952972     2.7383     2.7040      8.137     0.8078     1.5692 1.0790e-01     0.1389    96.5862     7.6191     7.9938    32.7449    32.7402    26.1166    26.1113    7.63099 0.0000e+00
      28192     45.772     2.6280     2.6481   2.951653   2.953100     2.7395     2.7040      8.139     0.8469     1.5692 1.0777e-01     0.1353    96.6730     7.6221     7.9981    32.7406    32.7378    26.1130    26.1091    7.63078 0.0000e+00
      28195     45.706     2.6276     2.6467   2.951454   2.952898     2.7395     2.7040      8.139     0.8371     1.5692 1.0790e-01     0.1310    96.7773     7.6218     8.0025    32.7386    32.7368    26.1114    26.1084    7.63096 0.0000e+00
      28198     45.646     2.6246     2.6459   2.951329   2.952947     2.7391     2.7040      8.137     0.8371     1.5692 1.0790e-01     0.1314    96.7686     7.6190     8.0065    32.7402    32.7382    26.1129    26.1096    7.63146 0.0000e+00
      28201     45.593     2.6221     2.6465   2.951246   2.952985     2.7391     2.7040      8.137     0.8420     1.5692 1.0777e-01     0.1314    96.7686     7.6199     8.0078    32.7417    32.7381    26.1144    26.1094    7.63187 0.0000e+00
      28204     45.547     2.6218     2.6453   2.951287   2.952863     2.7387     2.7040      8.139     0.8420     1.5692 1.0790e-01     0.1314    96.7686     7.6192     8.0093    32.7426    32.7379    26.1151    26.1094    7.63189 0.0000e+00
      28207     45.506     2.6223     2.6445   2.951344   2.952796     2.7395     2.7049      8.137     0.8420     1.6876 1.0790e-01     0.1314    96.7686     7.6214     8.0160    32.7428    32.7378    26.1152    26.1094    7.63178 0.0000e+00
      28210     45.468     2.6236     2.6427   2.951378   2.952606     2.7403     2.7049      8.139     0.8322     1.6876 1.0777e-01     0.1314    96.7686     7.6252     8.0193    32.7419    32.7374    26.1144    26.1092    7.63157 0.0000e+00
