Datasets/AZMP/COO001/79001070.cnv
* Sea-Bird SBE 9 Data File:
* FileName = C:\CTDDATA\79001070.hex
* Software Version Seasave V 7.26.7.110
* Temperature SN = 5660
* Conductivity SN = 3698
* Number of Bytes Per Scan = 30
* Number of Voltage Words = 4
* Number of Scans Averaged by the Deck Unit = 1
* NMEA baud rate = 9600
** VESSEL/TRIP/SEQ STN:  79001070
** LATITUDE XX XX.XX N:  48 10.20 N
** LONGITUDE XX XX.XX W:  53 13.70 W
** SOUNDING DEPTH (M):  0306
** PROBE TYPE: S1257
** CTD NUMBER: 037
** COMMENTS (14 CHAR): TB-04
** BOTTLES:  0
** LEVELS:
** STICKERS:
** VNET: N
** DO2: N
# nquan = 22
# nvalues = 7582                        
# units = specified
# name 0 = scan: Scan Count
# name 1 = prDM: Pressure, Digiquartz [db]
# name 2 = t090C: Temperature [ITS-90, deg C]
# name 3 = t190C: Temperature, 2 [ITS-90, deg C]
# name 4 = c0S/m: Conductivity [S/m]
# name 5 = c1S/m: Conductivity, 2 [S/m]
# name 6 = sbeox0V: Oxygen raw, SBE 43 [V]
# name 7 = sbeox1V: Oxygen raw, SBE 43, 2 [V]
# name 8 = ph: pH
# name 9 = flECO-AFL: Fluorescence, WET Labs ECO-AFL/FL [mg/m^3]
# name 10 = wetCDOM: Fluorescence, WET Labs CDOM [mg/m^3]
# name 11 = par/sat/log: PAR/Logarithmic, Satlantic [umol photons/m^2/sec]
# name 12 = CStarAt0: Beam Attenuation, WET Labs C-Star [1/m]
# name 13 = CStarTr0: Beam Transmission, WET Labs C-Star [%]
# name 14 = sbeox0ML/L: Oxygen, SBE 43 [ml/l], WS = 2
# name 15 = sbeox1ML/L: Oxygen, SBE 43, 2 [ml/l], WS = 2
# name 16 = sal00: Salinity, Practical [PSU]
# name 17 = sal11: Salinity, Practical, 2 [PSU]
# name 18 = sigma-t00: Density [sigma-t, kg/m^3 ]
# name 19 = sigma-t11: Density, 2 [sigma-t, kg/m^3 ]
# name 20 = oxsatML/L: Oxygen Saturation, Weiss [ml/l]
# name 21 = flag: flag
# span 0 =         46,      30081       
# span 1 =      1.509,    299.018       
# span 2 =    -0.6988,     3.5771       
# span 3 =    -0.7036,     3.5770       
# span 4 =   2.681258,   2.980354       
# span 5 =   2.681318,   2.980560       
# span 6 =     2.0879,     2.7680       
# span 7 =     2.0770,     2.7244       
# span 8 =      7.935,      8.166       
# span 9 =     0.0020,     0.7736       
# span 10 =    -1.3523,     2.2798      
# span 11 = 1.0642e-01, 4.9390e-01      
# span 12 =     0.0715,     0.4130      
# span 13 =    90.1905,    98.2285      
# span 14 =     5.7060,     7.9170      
# span 15 =     5.8433,     8.2638      
# span 16 =    31.7048,    34.0871      
# span 17 =    31.7036,    34.0559      
# span 18 =    25.2054,    27.2756      
# span 19 =    25.2044,    27.2544      
# span 20 =    7.50256,    8.32328      
# span 21 = 0.0000e+00, 0.0000e+00      
# interval = scans: 3                   
# start_time = Dec 01 2019 02:03:09 [System UTC, header]
# bad_flag = -9.990e-29
*END*
[from data line 7243]
      28438     22.454     3.5500     3.5524   2.943289   2.943460     2.7603     2.7167      8.159     0.5246     1.9245 1.0790e-01     0.1156    97.1510     7.5209     7.8668    31.7303    31.7299    25.2279    25.2274    7.50644 0.0000e+00
      28441     22.416     3.5504     3.5531   2.943266   2.943525     2.7599     2.7167      8.157     0.5197     1.9245 1.0790e-01     0.1156    97.1510     7.5200     7.8685    31.7296    31.7300    25.2273    25.2274    7.50639 0.0000e+00
      28444     22.379     3.5503     3.5534   2.943106   2.943505     2.7599     2.7167      8.159     0.5148     1.9245 1.0790e-01     0.1153    97.1597     7.5214     7.8700    31.7277    31.7295    25.2258    25.2270    7.50649 0.0000e+00
      28447     22.343     3.5485     3.5532   2.942951   2.943491     2.7603     2.7167      8.157     0.5197     1.9245 1.0790e-01     0.1156    97.1510     7.5254     7.8722    31.7277    31.7296    25.2260    25.2270    7.50684 0.0000e+00
      28450     22.307     3.5458     3.5528   2.942675   2.943484     2.7595     2.7167      8.156     0.5539     1.9245 1.0790e-01     0.1153    97.1597     7.5230     7.8749    31.7271    31.7299    25.2258    25.2273    7.50738 0.0000e+00
      28453     22.275     3.5427     3.5531   2.942501   2.943465     2.7607     2.7167      8.157     0.5588     1.9245 1.0790e-01     0.1160    97.1423     7.5284     7.8766    31.7281    31.7294    25.2268    25.2269    7.50790 0.0000e+00
      28456     22.240     3.5341     3.5528   2.942245   2.943477     2.7603     2.7167      8.157     0.5490     1.9245 1.0790e-01     0.1156    97.1510     7.5296     7.8772    31.7334    31.7299    25.2318    25.2273    7.50925 0.0000e+00
      28459     22.208     3.5258     3.5536   2.942023   2.943506     2.7603     2.7167      8.154     0.5539     2.0034 1.0790e-01     0.1156    97.1510     7.5323     7.8769    31.7389    31.7294    25.2369    25.2269    7.51053 0.0000e+00
      28462     22.177     3.5198     3.5541   2.942027   2.943513     2.7599     2.7167      8.157     0.5588     2.0429 1.0790e-01     0.1160    97.1423     7.5338     7.8766    31.7448    31.7290    25.2422    25.2265    7.51136 0.0000e+00
      28465     22.147     3.5174     3.5538   2.942028   2.943499     2.7599     2.7167      8.157     0.5588     2.0429 1.0790e-01     0.1156    97.1510     7.5350     7.8765    31.7473    31.7291    25.2443    25.2266    7.51169 0.0000e+00
      28468     22.118     3.5170     3.5542   2.942043   2.943503     2.7607     2.7167      8.159     0.5490     2.0429 1.0790e-01     0.1153    97.1597     7.5379     7.8763    31.7478    31.7288    25.2448    25.2264    7.51174 0.0000e+00
      28471     22.091     3.5182     3.5540   2.942058   2.943501     2.7607     2.7167      8.157     0.5490     2.0429 1.0790e-01     0.1156    97.1510     7.5389     7.8762    31.7468    31.7290    25.2439    25.2265    7.51156 0.0000e+00
      28474     22.062     3.5176     3.5536   2.942000   2.943484     2.7595     2.7167      8.159     0.5539     2.0429 1.0790e-01     0.1167    97.1249     7.5351     7.8761    31.7467    31.7293    25.2440    25.2268    7.51168 0.0000e+00
      28477     22.035     3.5156     3.5534   2.941848   2.943479     2.7607     2.7171      8.156     0.5734     2.0429 1.0790e-01     0.1174    97.1075     7.5393     7.8777    31.7469    31.7293    25.2442    25.2268    7.51205 0.0000e+00
      28480     22.008     3.5138     3.5536   2.941841   2.943485     2.7603     2.7167      8.159     0.5685     2.0429 1.0790e-01     0.1178    97.0988     7.5402     7.8767    31.7486    31.7292    25.2457    25.2267    7.51230 0.0000e+00
      28483     21.981     3.5114     3.5539   2.941697   2.943498     2.7615     2.7167      8.157     0.5734     2.0429 1.0790e-01     0.1174    97.1075     7.5453     7.8785    31.7493    31.7291    25.2465    25.2266    7.51272 0.0000e+00
      28486     21.955     3.5073     3.5533   2.941642   2.943462     2.7611     2.7167      8.159     0.5685     2.1614 1.0790e-01     0.1174    97.1075     7.5435     7.8812    31.7526    31.7293    25.2495    25.2268    7.51331 0.0000e+00
      28489     21.930     3.5070     3.5528   2.941797   2.943450     2.7615     2.7167      8.159     0.5588     2.1614 1.0790e-01     0.1174    97.1075     7.5450     7.8834    31.7547    31.7296    25.2512    25.2271    7.51327 0.0000e+00
      28492     21.903     3.5077     3.5529   2.941934   2.943449     2.7611     2.7167      8.159     0.5685     2.1614 1.0790e-01     0.1174    97.1075     7.5432     7.8855    31.7557    31.7295    25.2520    25.2270    7.51309 0.0000e+00
      28495     21.879     3.5107     3.5532   2.942089   2.943450     2.7619     2.7167      8.157     0.5685     2.1614 1.0790e-01     0.1156    97.1510     7.5466     7.8875    31.7546    31.7293    25.2508    25.2268    7.51258 0.0000e+00
      28499     21.844     3.5152     3.5535   2.942173   2.943442     2.7611     2.7167      8.159     0.5685     2.1614 1.0790e-01     0.1131    97.2118     7.5438     7.8921    31.7512    31.7289    25.2477    25.2265    7.51190 0.0000e+00
      28503     21.813     3.5165     3.5539   2.942103   2.943447     2.7623     2.7171      8.159     0.5685     2.1614 1.0790e-01     0.1131    97.2118     7.5479     7.8976    31.7492    31.7286    25.2459    25.2262    7.51176 0.0000e+00
      28506     21.787     3.5157     3.5537   2.942026   2.943443     2.7619     2.7175      8.157     0.5588     2.1614 1.0790e-01     0.1131    97.2118     7.5458     7.8986    31.7491    31.7287    25.2460    25.2263    7.51192 0.0000e+00
      28509     21.758     3.5142     3.5537   2.941998   2.943440     2.7607     2.7179      8.159     0.5685     2.1614 1.0790e-01     0.1131    97.2118     7.5419     7.8984    31.7502    31.7288    25.2470    25.2264    7.51214 0.0000e+00
      28512     21.730     3.5125     3.5537   2.941913   2.943450     2.7628     2.7179      8.157     0.5734     2.0429 1.0790e-01     0.1131    97.2118     7.5490     7.8964    31.7509    31.7289    25.2477    25.2265    7.51243 0.0000e+00
      28515     21.698     3.5105     3.5548   2.941826   2.943498     2.7619     2.7179      8.157     0.5685     2.0429 1.0790e-01     0.1178    97.0988     7.5462     7.8937    31.7518    31.7284    25.2486    25.2260    7.51276 0.0000e+00
      28518     21.664     3.5095     3.5555   2.941849   2.943517     2.7628     2.7183      8.159     0.5588     2.0429 1.0790e-01     0.1232    96.9685     7.5483     7.8923    31.7530    31.7279    25.2496    25.2255    7.51287 0.0000e+00
      28521     21.629     3.5108     3.5545   2.941943   2.943437     2.7632     2.7188      8.159     0.5685     2.0429 1.0790e-01     0.1228    96.9772     7.5485     7.8907    31.7530    31.7280    25.2495    25.2257    7.51265 0.0000e+00
      28524     21.588     3.5106     3.5538   2.941895   2.943412     2.7632     2.7192      8.157     0.5734     2.0429 1.0790e-01     0.1228    96.9772     7.5474     7.8887    31.7526    31.7284    25.2492    25.2261    7.51270 0.0000e+00
      28527     21.549     3.5098     3.5533   2.941854   2.943385     2.7632     2.7188      8.157     0.5050     2.0429 1.0790e-01     0.1228    96.9772     7.5468     7.8840    31.7529    31.7286    25.2495    25.2263    7.51283 0.0000e+00
      28530     21.504     3.5093     3.5530   2.941849   2.943398     2.7628     2.7179      8.159     0.4610     2.0429 1.0790e-01     0.1228    96.9772     7.5452     7.8774    31.7533    31.7291    25.2499    25.2267    7.51290 0.0000e+00
      28533     21.459     3.5103     3.5524   2.941862   2.943373     2.7628     2.7179      8.159     0.4610     2.0429 1.0790e-01     0.1228    96.9772     7.5438     7.8759    31.7525    31.7294    25.2492    25.2269    7.51275 0.0000e+00
      28536     21.408     3.5100     3.5523   2.941814   2.943372     2.7628     2.7179      8.157     0.4610     2.0429 1.0790e-01     0.1156    97.1510     7.5412     7.8746    31.7523    31.7295    25.2490    25.2271    7.51283 0.0000e+00
      28539     21.358     3.5096     3.5526   2.941800   2.943396     2.7632     2.7179      8.159     0.4610     2.0429 1.0790e-01     0.1120    97.2379     7.5420     7.8734    31.7525    31.7295    25.2492    25.2271    7.51288 0.0000e+00
      28542     21.305     3.5091     3.5531   2.941784   2.943402     2.7628     2.7179      8.156     0.4610     2.0429 1.0790e-01     0.1120    97.2379     7.5396     7.8729    31.7528    31.7291    25.2495    25.2267    7.51296 0.0000e+00
      28545     21.252     3.5093     3.5528   2.941794   2.943404     2.7628     2.7179      8.159     0.4610     2.0429 1.0790e-01     0.1120    97.2379     7.5400     7.8726    31.7528    31.7295    25.2495    25.2270    7.51294 0.0000e+00
      28548     21.198     3.5104     3.5529   2.941815   2.943388     2.7628     2.7179      8.159     0.4610     2.0429 1.0790e-01     0.1120    97.2379     7.5400     7.8736    31.7520    31.7292    25.2488    25.2268    7.51276 0.0000e+00
      28551     21.138     3.5106     3.5528   2.941791   2.943387     2.7632     2.7179      8.157     0.4659     2.0429 1.0790e-01     0.1120    97.2379     7.5418     7.8763    31.7516    31.7293    25.2484    25.2269    7.51275 0.0000e+00
      28554     21.078     3.5076     3.5528   2.941703   2.943413     2.7632     2.7179      8.159     0.4610     2.0429 1.0790e-01     0.1124    97.2292     7.5434     7.8769    31.7534    31.7296    25.2502    25.2271    7.51321 0.0000e+00
      28557     21.016     3.5116     3.5530   2.942252   2.943407     2.7632     2.7179      8.159     0.4659     2.0429 1.0790e-01     0.1117    97.2466     7.5421     7.8769    31.7561    31.7295    25.2520    25.2270    7.51233 0.0000e+00
      28560     20.949     3.5225     3.5531   2.942703   2.943427     2.7623     2.7179      8.157     0.4610     2.0429 1.0790e-01     0.1120    97.2379     7.5375     7.8772    31.7509    31.7296    25.2468    25.2271    7.51055 0.0000e+00
      28563     20.883     3.5313     3.5537   2.942885   2.943445     2.7632     2.7179      8.157     0.4562     2.0429 1.0790e-01     0.1117    97.2466     7.5388     7.8774    31.7445    31.7292    25.2409    25.2267    7.50922 0.0000e+00
      28566     20.817     3.5369     3.5548   2.942935   2.943508     2.7632     2.7179      8.157     0.4610     2.0429 1.0790e-01     0.1120    97.2379     7.5394     7.8775    31.7397    31.7290    25.2366    25.2264    7.50842 0.0000e+00
      28569     20.747     3.5409     3.5551   2.943029   2.943498     2.7632     2.7179      8.159     0.4610     2.0429 1.0790e-01     0.1113    97.2553     7.5398     7.8778    31.7369    31.7286    25.2340    25.2261    7.50780 0.0000e+00
      28572     20.676     3.5443     3.5548   2.943104   2.943430     2.7628     2.7171      8.159     0.4659     2.0429 1.0790e-01     0.1120    97.2379     7.5390     7.8733    31.7345    31.7281    25.2318    25.2258    7.50728 0.0000e+00
      28575     20.607     3.5463     3.5541   2.943050   2.943436     2.7632     2.7179      8.159     0.4562     2.0429 1.0790e-01     0.1124    97.2292     7.5393     7.8755    31.7319    31.7289    25.2295    25.2264    7.50704 0.0000e+00
      28578     20.536     3.5426     3.5545   2.942474   2.943448     2.7636     2.7175      8.159     0.4659     2.0429 1.0790e-01     0.1142    97.1858     7.5425     7.8730    31.7287    31.7287    25.2273    25.2262    7.50789 0.0000e+00
      28581     20.463     3.5387     3.5544   2.942554   2.943445     2.7632     2.7179      8.159     0.4757     2.0429 1.0790e-01     0.1142    97.1858     7.5428     7.8723    31.7335    31.7288    25.2315    25.2263    7.50838 0.0000e+00
      28584     20.388     3.5408     3.5542   2.942925   2.943411     2.7632     2.7179      8.159     0.4806     2.0429 1.0790e-01     0.1142    97.1858     7.5413     7.8707    31.7359    31.7287    25.2332    25.2262    7.50787 0.0000e+00
      28587     20.313     3.5440     3.5537   2.943013   2.943390     2.7636     2.7179      8.159     0.4708     2.0429 1.0790e-01     0.1142    97.1858     7.5411     7.8694    31.7339    31.7289    25.2313    25.2265    7.50737 0.0000e+00
      28590     20.237     3.5464     3.5538   2.943090   2.943414     2.7640     2.7179      8.159     0.4757     2.1219 1.0790e-01     0.1142    97.1858     7.5419     7.8678    31.7325    31.7291    25.2300    25.2266    7.50699 0.0000e+00
      28593     20.159     3.5479     3.5542   2.943123   2.943436     2.7652     2.7179      8.159     0.4806     2.1614 1.0790e-01     0.1142    97.1858     7.5455     7.8670    31.7315    31.7290    25.2291    25.2265    7.50677 0.0000e+00
      28596     20.080     3.5486     3.5527   2.943085   2.943320     2.7636     2.7167      8.159     0.4757     2.1614 1.0790e-01     0.1171    97.1162     7.5382     7.8624    31.7304    31.7291    25.2281    25.2267    7.50668 0.0000e+00
      28599     20.001     3.5495     3.5516   2.943186   2.943276     2.7636     2.7175      8.159     0.4806     2.1614 1.0790e-01     0.1196    97.0554     7.5363     7.8642    31.7307    31.7298    25.2283    25.2274    7.50649 0.0000e+00
      28602     19.919     3.5506     3.5510   2.943214   2.943271     2.7648     2.7171      8.159     0.4806     2.1614 1.0790e-01     0.1196    97.0554     7.5388     7.8631    31.7300    31.7303    25.2276    25.2279    7.50633 0.0000e+00
      28605     19.837     3.5513     3.5512   2.943215   2.943279     2.7640     2.7167      8.159     0.4855     2.1614 1.0790e-01     0.1196    97.0554     7.5349     7.8618    31.7294    31.7303    25.2271    25.2278    7.50622 0.0000e+00
      28608     19.754     3.5520     3.5521   2.943232   2.943331     2.7636     2.7167      8.159     0.4904     2.1614 1.0790e-01     0.1196    97.0554     7.5308     7.8639    31.7290    31.7300    25.2267    25.2275    7.50613 0.0000e+00
      28611     19.671     3.5519     3.5535   2.943164   2.943378     2.7640     2.7167      8.157     0.4953     2.1614 1.0790e-01     0.1196    97.0554     7.5307     7.8652    31.7283    31.7292    25.2262    25.2268    7.50617 0.0000e+00
      28614     19.588     3.5519     3.5557   2.943214   2.943418     2.7644     2.7163      8.159     0.4904     2.1614 1.0790e-01     0.1196    97.0554     7.5310     7.8654    31.7289    31.7277    25.2267    25.2253    7.50614 0.0000e+00
      28617     19.502     3.5519     3.5570   2.943157   2.943432     2.7640     2.7167      8.159     0.4953     2.0429 1.0790e-01     0.1156    97.1510     7.5304     7.8693    31.7283    31.7266    25.2262    25.2243    7.50618 0.0000e+00
      28620     19.416     3.5506     3.5582   2.943067   2.943472     2.7632     2.7167      8.157     0.4904     2.0429 1.0790e-01     0.1142    97.1858     7.5283     7.8713    31.7285    31.7260    25.2264    25.2238    7.50640 0.0000e+00
      28623     19.332     3.5505     3.5589   2.943162   2.943467     2.7636     2.7167      8.159     0.4904     2.0429 1.0790e-01     0.1142    97.1858     7.5253     7.8718    31.7298    31.7253    25.2275    25.2231    7.50635 0.0000e+00
      28626     19.247     3.5519     3.5599   2.943252   2.943481     2.7640     2.7167      8.159     0.4806     2.0429 1.0790e-01     0.1142    97.1858     7.5256     7.8731    31.7296    31.7245    25.2272    25.2224    7.50611 0.0000e+00
      28629     19.162     3.5530     3.5609   2.943317   2.943551     2.7627     2.7167      8.159     0.4904     2.0429 1.0790e-01     0.1142    97.1858     7.5230     7.8730    31.7293    31.7244    25.2269    25.2222    7.50592 0.0000e+00
      28632     19.078     3.5540     3.5622   2.943288   2.943596     2.7632     2.7171      8.159     0.5295     2.0429 1.0790e-01     0.1142    97.1858     7.5246     7.8740    31.7281    31.7237    25.2258    25.2215    7.50579 0.0000e+00
