Datasets/AZMP/COO001/79001052.cnv
* Sea-Bird SBE 9 Data File:
* FileName = C:\CTDDATA\79001052.hex
* Software Version Seasave V 7.26.7.110
* Temperature SN = 5660
* Conductivity SN = 3698
* Number of Bytes Per Scan = 30
* Number of Voltage Words = 4
* Number of Scans Averaged by the Deck Unit = 1
* NMEA baud rate = 9600
** VESSEL/TRIP/SEQ STN:  79001052
** LATITUDE XX XX.XX N:  47 00.00 N
** LONGITUDE XX XX.XX W:  44 46.30 W
** SOUNDING DEPTH (M):  0154
** PROBE TYPE: S1257
** CTD NUMBER: 027
** COMMENTS (14 CHAR): FC-26
** BOTTLES:  20
** LEVELS: 5,5,5,5,10,20,20,20,20,30,40,50,50,50,50,75,100,100,100,BTM
** STICKERS: 435006 - 435025
** VNET: Y
** DO2: N
# nquan = 22
# nvalues = 4280                        
# units = specified
# name 0 = scan: Scan Count
# name 1 = prDM: Pressure, Digiquartz [db]
# name 2 = t090C: Temperature [ITS-90, deg C]
# name 3 = t190C: Temperature, 2 [ITS-90, deg C]
# name 4 = c0S/m: Conductivity [S/m]
# name 5 = c1S/m: Conductivity, 2 [S/m]
# name 6 = sbeox0V: Oxygen raw, SBE 43 [V]
# name 7 = sbeox1V: Oxygen raw, SBE 43, 2 [V]
# name 8 = ph: pH
# name 9 = flECO-AFL: Fluorescence, WET Labs ECO-AFL/FL [mg/m^3]
# name 10 = wetCDOM: Fluorescence, WET Labs CDOM [mg/m^3]
# name 11 = par/sat/log: PAR/Logarithmic, Satlantic [umol photons/m^2/sec]
# name 12 = CStarAt0: Beam Attenuation, WET Labs C-Star [1/m]
# name 13 = CStarTr0: Beam Transmission, WET Labs C-Star [%]
# name 14 = sbeox0ML/L: Oxygen, SBE 43 [ml/l], WS = 2
# name 15 = sbeox1ML/L: Oxygen, SBE 43, 2 [ml/l], WS = 2
# name 16 = sal00: Salinity, Practical [PSU]
# name 17 = sal11: Salinity, Practical, 2 [PSU]
# name 18 = sigma-t00: Density [sigma-t, kg/m^3 ]
# name 19 = sigma-t11: Density, 2 [sigma-t, kg/m^3 ]
# name 20 = oxsatML/L: Oxygen Saturation, Weiss [ml/l]
# name 21 = flag: flag
# span 0 =          2,      58188       
# span 1 =      2.458,    147.116       
# span 2 =     3.5923,     7.9956       
# span 3 =     3.5888,     7.9939       
# span 4 =   3.177608,   3.485084       
# span 5 =   3.177799,   3.485175       
# span 6 =     2.2783,     2.7853       
# span 7 =     2.2493,     2.7474       
# span 8 =      8.003,      8.207       
# span 9 =    -0.0078,     1.3451       
# span 10 =    -2.8130,   482.1080      
# span 11 = 1.0752e-01, 1.4646e+02      
# span 12 =     0.0535,     0.1999      
# span 13 =    95.1263,    98.6717      
# span 14 =     5.8710,     6.9752      
# span 15 =     6.1131,     7.2127      
# span 16 =    33.4232,    34.6042      
# span 17 =    33.5089,    34.6072      
# span 18 =    26.1019,    27.5084      
# span 19 =    26.1044,    27.5109      
# span 20 =    6.67184,    7.35954      
# span 21 = 0.0000e+00, 0.0000e+00      
# interval = scans: 3                   
# start_time = Nov 28 2019 16:17:41 [System UTC, header]
# bad_flag = -9.990e-29
*END*
[from data line 3359]
      26860     54.979     7.3031     7.9254   3.437170   3.481277     2.7321     2.6124      8.103     0.5490     1.4507 2.4183e-01     0.1382    96.6035     6.7005     6.6556    33.6709    33.5454    26.3300    26.1424    6.77203 0.0000e+00
      26863     54.951     7.2932     7.9302   3.433653   3.481599     2.7321     2.6124      8.106     0.5343     1.4507 2.3714e-01     0.1379    96.6122     6.7018     6.6684    33.6423    33.5442    26.3089    26.1408    6.77485 0.0000e+00
      26866     54.923     7.2664     7.9342   3.428143   3.481672     2.7325     2.6115      8.106     0.5343     1.4507 2.3908e-01     0.1382    96.6035     6.7064     6.6808    33.6084    33.5412    26.2859    26.1378    6.78054 0.0000e+00
      26869     54.899     7.2427     7.9335   3.422866   3.481253     2.7325     2.6107      8.106     0.5343     1.4507 2.4662e-01     0.1379    96.6122     6.7105     6.6917    33.5740    33.5373    26.2621    26.1349    6.78578 0.0000e+00
      26872     54.872     7.1803     7.9221   3.417829   3.480027     2.7325     2.6111      8.111     0.5392     1.4507 2.3659e-01     0.1379    96.6122     6.7190     6.7057    33.5797    33.5352    26.2753    26.1349    6.79536 0.0000e+00
      26875     54.848     7.1337     7.9106   3.419050   3.479480     2.7325     2.6120      8.111     0.5392     1.4507 2.3604e-01     0.1382    96.6035     6.7217     6.7167    33.6384    33.5403    26.3279    26.1406    6.80013 0.0000e+00
      26878     54.822     7.1144     7.9027   3.417618   3.478909     2.7321     2.6136      8.114     0.5295     1.4507 2.4155e-01     0.1379    96.6122     6.7206     6.7249    33.6417    33.5419    26.3331    26.1430    6.80304 0.0000e+00
      26881     54.799     7.1006     7.8925   3.409117   3.478205     2.7317     2.6152      8.116     0.5343     1.3718 2.4156e-01     0.1379    96.6122     6.7241     6.7309    33.5621    33.5441    26.2724    26.1462    6.80872 0.0000e+00
      26884     54.778     7.0639     7.8914   3.405144   3.478305     2.7309     2.6168      8.121     0.5343     1.3323 2.4099e-01     0.1368    96.6383     6.7278     6.7383    33.5545    33.5463    26.2714    26.1481    6.81488 0.0000e+00
      26890     54.737     6.9593     7.8947   3.400474   3.478346     2.7313     2.6185      8.121     0.5392     1.3323 2.4161e-01     0.1368    96.6383     6.7470     6.7638    33.6053    33.5436    26.3257    26.1455    6.82925 0.0000e+00
      26895     54.697     6.8240     7.8899   3.395841   3.478027     2.7309     2.6181      8.124     0.5392     1.3323 2.4806e-01     0.1372    96.6296     6.7706     6.7911    33.6869    33.5448    26.4082    26.1472    6.84721 0.0000e+00
      26898     54.672     6.7669     7.8933   3.389781   3.478539     2.7309     2.6164      8.122     0.5343     1.3323 2.4577e-01     0.1372    96.6296     6.7842     6.8042    33.6762    33.5470    26.4075    26.1484    6.85684 0.0000e+00
      26901     54.647     6.7029     7.8964   3.382889   3.478612     2.7305     2.6152      8.122     0.5050     1.3323 2.4778e-01     0.1357    96.6644     6.7979     6.8201    33.6630    33.5448    26.4056    26.1462    6.86770 0.0000e+00
      26904     54.621     6.6609     7.8970   3.380790   3.478295     2.7313     2.6152      8.122     0.4220     1.3323 2.4523e-01     0.1325    96.7426     6.8099     6.8430    33.6812    33.5409    26.4255    26.1430    6.87366 0.0000e+00
      26907     54.594     6.5846     7.8946   3.377657   3.478211     2.7317     2.6177      8.121     0.4317     1.3323 2.4634e-01     0.1325    96.7426     6.8242     6.8756    33.7217    33.5422    26.4675    26.1444    6.88416 0.0000e+00
      26910     54.564     6.5110     7.8951   3.378165   3.478079     2.7321     2.6213      8.118     0.4464     1.3323 2.4295e-01     0.1332    96.7252     6.8360     6.9124    33.8001    33.5404    26.5390    26.1429    6.89254 0.0000e+00
      26913     54.530     6.4932     7.8937   3.380834   3.477668     2.7325     2.6266      8.118     0.4317     1.3323 2.4238e-01     0.1325    96.7426     6.8400     6.9544    33.8474    33.5373    26.5787    26.1407    6.89330 0.0000e+00
      26916     54.492     6.5200     7.8852   3.378357   3.477159     2.7341     2.6307      8.118     0.4415     1.3323 2.4411e-01     0.1325    96.7426     6.8440     6.9907    33.7934    33.5400    26.5325    26.1441    6.89139 0.0000e+00
      26919     54.452     6.5156     7.8750   3.375184   3.476372     2.7349     2.6343      8.118     0.4464     1.3323 2.4610e-01     0.1325    96.7426     6.8499     7.0218    33.7625    33.5415    26.5087    26.1467    6.89348 0.0000e+00
      26922     54.408     6.5024     7.8750   3.376879   3.477242     2.7349     2.6380      8.117     0.4317     1.3323 2.4806e-01     0.1350    96.6817     6.8507     7.0431    33.7944    33.5508    26.5356    26.1540    6.89419 0.0000e+00
      26925     54.358     6.5915     7.8952   3.397552   3.478887     2.7345     2.6404      8.113     0.4415     1.3323 2.4834e-01     0.1353    96.6731     6.8279     7.0477    33.9355    33.5490    26.6352    26.1497    6.87348 0.0000e+00
      26928     54.306     6.8023     7.8933   3.415605   3.477392     2.7353     2.6441      8.112     0.4610     1.3323 2.4810e-01     0.1350    96.6817     6.7939     7.0517    33.9264    33.5349    26.5999    26.1389    6.84004 0.0000e+00
      26931     54.252     6.8977     7.8577   3.417725   3.473194     2.7353     2.6470      8.112     0.4708     1.3323 2.4636e-01     0.1353    96.6731     6.7804     7.0534    33.8556    33.5240    26.5312    26.1355    6.82796 0.0000e+00
      26934     54.191     6.9729     7.8084   3.421046   3.469871     2.7357     2.6490      8.112     0.4659     1.2139 2.4921e-01     0.1350    96.6817     6.7708     7.0544    33.8180    33.5358    26.4914    26.1519    6.81766 0.0000e+00
      26937     54.128     7.0119     7.7567   3.416909   3.466041     2.7357     2.6510      8.111     0.4659     1.2139 2.5831e-01     0.1353    96.6731     6.7673     7.0574    33.7345    33.5445    26.4202    26.1662    6.81517 0.0000e+00
      26940     54.058     7.0015     7.7046   3.410748   3.463217     2.7366     2.6539      8.112     0.4610     1.2139 2.5509e-01     0.1357    96.6644     6.7750     7.0673    33.6771    33.5643    26.3765    26.1892    6.81936 0.0000e+00
      26943     53.984     6.9408     7.7165   3.399554   3.468322     2.7370     2.6559      8.112     0.4708     1.2139 2.5623e-01     0.1368    96.6383     6.7918     7.0626    33.6137    33.6078    26.3348    26.2218    6.83183 0.0000e+00
      26946     53.906     6.8135     7.7676   3.386305   3.470723     2.7370     2.6579      8.115     0.4659     1.2139 2.6160e-01     0.1372    96.6296     6.8148     7.0551    33.5926    33.5844    26.3353    26.1960    6.85310 0.0000e+00
      26949     53.823     6.6906     7.7442   3.380291   3.464680     2.7382     2.6596      8.119     0.4708     1.2139 2.5862e-01     0.1372    96.6296     6.8377     7.0617    33.6469    33.5420    26.3945    26.1661    6.87041 0.0000e+00
      26952     53.735     6.6305     7.6759   3.383325   3.459246     2.7378     2.6620      8.122     0.4659     1.2139 2.6102e-01     0.1375    96.6209     6.8429     7.0759    33.7396    33.5493    26.4755    26.1816    6.87594 0.0000e+00
      26955     53.644     6.6506     7.6325   3.398469   3.460906     2.7390     2.6641      8.126     0.5392     1.2139 2.6347e-01     0.1375    96.6209     6.8361     7.0847    33.8874    33.6091    26.5894    26.2348    6.86611 0.0000e+00
      26958     53.547     6.9139     7.7842   3.439196   3.475913     2.7394     2.6673      8.126     0.5343     1.2139 2.6899e-01     0.1372    96.6296     6.7848     7.0651    34.0761    33.6244    26.7027    26.2250    6.81564 0.0000e+00
      26961     53.444     7.2291     7.9012   3.456481   3.481292     2.7398     2.6698      8.130     0.5392     1.2139 2.6041e-01     0.1393    96.5775     6.7386     7.0520    33.9546    33.5695    26.5636    26.1649    6.77121 0.0000e+00
      26964     53.337     7.4268     7.9482   3.459846   3.482760     2.7414     2.6718      8.130     0.5343     1.2139 2.6836e-01     0.1458    96.4210     6.7161     7.0471    33.7976    33.5401    26.4123    26.1350    6.74715 0.0000e+00
      26967     53.231     7.5472     7.9630   3.461667   3.483258     2.7414     2.6734      8.135     0.5392     1.2139 2.7083e-01     0.1454    96.4297     6.7004     7.0444    33.7003    33.5313    26.3187    26.1259    6.73268 0.0000e+00
      26970     53.120     7.6064     7.9693   3.462625   3.483553     2.7410     2.6755      8.138     0.5295     1.2139 2.8141e-01     0.1454    96.4297     6.6905     7.0398    33.6532    33.5285    26.2733    26.1227    6.72554 0.0000e+00
      26973     53.004     7.6603     7.9724   3.467114   3.483704     2.7418     2.6771      8.144     0.5343     1.2139 2.8433e-01     0.1454    96.4297     6.6838     7.0295    33.6496    33.5272    26.2626    26.1213    6.71736 0.0000e+00
      26976     52.892     7.7159     7.9744   3.471360   3.483790     2.7422     2.6791      8.147     0.5392     1.2139 2.9234e-01     0.1454    96.4297     6.6756     7.0147    33.6416    33.5262    26.2484    26.1202    6.70912 0.0000e+00
      26979     52.775     7.7727     7.9757   3.474222   3.483823     2.7422     2.6812      8.151     0.5441     1.2139 2.9643e-01     0.1454    96.4297     6.6656     6.9975    33.6176    33.5254    26.2214    26.1194    6.70141 0.0000e+00
      26982     52.658     7.8053     7.9762   3.474052   3.483826     2.7431     2.6828      8.154     0.5636     1.2139 3.0057e-01     0.1505    96.3081     6.6639     6.9791    33.5845    33.5250    26.1906    26.1190    6.69784 0.0000e+00
      26985     52.541     7.8266     7.9769   3.475928   3.483878     2.7431     2.6848      8.157     0.5685     1.2139 2.9850e-01     0.1545    96.2125     6.6601     6.9653    33.5841    33.5249    26.1872    26.1188    6.69457 0.0000e+00
      26988     52.428     7.8424     7.9772   3.475905   3.483728     2.7427     2.6856      8.160     0.5685     1.2139 3.0902e-01     0.1545    96.2125     6.6558     6.9535    33.5688    33.5230    26.1729    26.1173    6.69281 0.0000e+00
      26991     52.315     7.8516     7.9770   3.476484   3.483689     2.7439     2.6860      8.160     0.5685     1.2139 3.1225e-01     0.1541    96.2212     6.6580     6.9446    33.5661    33.5229    26.1695    26.1172    6.69151 0.0000e+00
      26994     52.206     7.8635     7.9776   3.477446   3.483768     2.7443     2.6856      8.165     0.5685     1.2139 3.1695e-01     0.1541    96.2212     6.6563     6.9363    33.5651    33.5232    26.1669    26.1173    6.68973 0.0000e+00
      26997     52.097     7.8739     7.9782   3.478106   3.483819     2.7447     2.6840      8.165     0.5685     1.2139 3.3048e-01     0.1541    96.2212     6.6554     6.9290    33.5622    33.5233    26.1631    26.1173    6.68826 0.0000e+00
      27000     51.993     7.8879     7.9782   3.480335   3.483819     2.7447     2.6824      8.166     0.5783     1.2139 3.3619e-01     0.1545    96.2125     6.6529     6.9249    33.5727    33.5233    26.1693    26.1173    6.68566 0.0000e+00
      27003     51.893     7.9123     7.9783   3.482194   3.483816     2.7447     2.6816      8.169     0.5685     1.2139 3.4508e-01     0.1591    96.0995     6.6482     6.9270    33.5692    33.5232    26.1630    26.1173    6.68208 0.0000e+00
      27006     51.800     7.9327     7.9781   3.483162   3.483778     2.7455     2.6816      8.169     0.6174     1.2139 3.4970e-01     0.1602    96.0735     6.6466     6.9337    33.5600    33.5230    26.1529    26.1172    6.67935 0.0000e+00
      27009     51.709     7.9472     7.9778   3.483485   3.483712     2.7463     2.6828      8.171     0.6760     1.2139 3.5294e-01     0.1606    96.0648     6.6457     6.9468    33.5496    33.5226    26.1425    26.1169    6.67758 0.0000e+00
      27012     51.628     7.9541     7.9774   3.483255   3.483624     2.7451     2.6848      8.169     0.6662     1.1349 3.5501e-01     0.1599    96.0821     6.6391     6.9654    33.5405    33.5222    26.1344    26.1166    6.67692 0.0000e+00
      27015     51.551     7.9563     7.9772   3.483031   3.483587     2.7455     2.6865      8.171     0.6711     1.0954 3.6123e-01     0.1599    96.0821     6.6377     6.9830    33.5361    33.5220    26.1306    26.1165    6.67677 0.0000e+00
      27018     51.479     7.9556     7.9767   3.482883   3.483519     2.7459     2.6885      8.174     0.6613     1.0954 3.5997e-01     0.1599    96.0821     6.6372     7.0008    33.5352    33.5218    26.1300    26.1164    6.67692 0.0000e+00
      27021     51.414     7.9503     7.9762   3.482306   3.483490     2.7467     2.6901      8.174     0.6613     1.0954 3.6964e-01     0.1610    96.0561     6.6396     7.0137    33.5341    33.5219    26.1300    26.1166    6.67777 0.0000e+00
      27024     51.357     7.9513     7.9757   3.483046   3.483428     2.7471     2.6917      8.174     0.6662     1.0954 3.7437e-01     0.1638    95.9866     6.6385     7.0201    33.5412    33.5218    26.1353    26.1165    6.67732 0.0000e+00
      27027     51.307     7.9581     7.9749   3.483556   3.483409     2.7463     2.6930      8.174     0.6613     1.0954 3.7741e-01     0.1638    95.9866     6.6334     7.0195    33.5401    33.5224    26.1334    26.1171    6.67632 0.0000e+00
      27030     51.262     7.9618     7.9740   3.483475   3.483370     2.7463     2.6934      8.174     0.6564     1.0954 3.7611e-01     0.1642    95.9779     6.6318     7.0113    33.5357    33.5229    26.1295    26.1177    6.67595 0.0000e+00
      27033     51.227     7.9622     7.9738   3.483138   3.483332     2.7459     2.6942      8.174     0.7101     1.0954 3.8050e-01     0.1638    95.9866     6.6311     7.0016    33.5318    33.5227    26.1263    26.1175    6.67606 0.0000e+00
      27036     51.197     7.9575     7.9742   3.482373   3.483296     2.7459     2.6954      8.174     0.7199     1.0954 3.8311e-01     0.1638    95.9866     6.6321     6.9939    33.5281    33.5219    26.1241    26.1168    6.67694 0.0000e+00
      27142     51.150     7.8497     7.9737   3.476504   3.483184     2.7496     2.7068      8.174     0.7932     1.0954 3.8716e-01     0.1512    96.2907     6.6670     6.9841    33.5688    33.5212    26.1718    26.1164    6.69169 0.0000e+00
      27145     51.088     7.8626     7.9745   3.476419   3.483263     2.7492     2.7068      8.174     0.7932     1.0954 3.8312e-01     0.1519    96.2733     6.6639     6.9824    33.5554    33.5213    26.1595    26.1163    6.69028 0.0000e+00
      27148     51.019     7.8619     7.9746   3.474886   3.483296     2.7492     2.7072      8.174     0.7980     1.0954 3.8092e-01     0.1519    96.2733     6.6645     6.9823    33.5398    33.5216    26.1473    26.1165    6.69107 0.0000e+00
      27151     50.952     7.8571     7.9746   3.475209   3.483261     2.7504     2.7076      8.174     0.7932     1.0954 3.9895e-01     0.1519    96.2733     6.6678     6.9816    33.5478    33.5212    26.1543    26.1163    6.69146 0.0000e+00
      27154     50.883     7.8672     7.9750   3.477730   3.483259     2.7504     2.7076      8.174     0.7980     1.0954 3.9894e-01     0.1519    96.2733     6.6652     6.9793    33.5652    33.5209    26.1665    26.1160    6.68916 0.0000e+00
      27157     50.810     7.8934     7.9747   3.480522   3.483218     2.7508     2.7076      8.174     0.7980     1.0954 4.0781e-01     0.1519    96.2733     6.6613     6.9775    33.5700    33.5208    26.1664    26.1159    6.68494 0.0000e+00
