Datasets/AZMP/COO001/79001021.cnv
* Sea-Bird SBE 9 Data File:
* FileName = C:\CTDDATA\79001021.hex
* Software Version Seasave V 7.26.7.110
* Temperature SN = 5660
* Conductivity SN = 3698
* Number of Bytes Per Scan = 30
* Number of Voltage Words = 4
* Number of Scans Averaged by the Deck Unit = 1
* NMEA baud rate = 9600
** VESSEL/TRIP/SEQ STN:  79001021
** LATITUDE XX XX.XX N:  46 35.00 N
** LONGITUDE XX XX.XX W:  52 56.00 W
** SOUNDING DEPTH (M):  0055
** PROBE TYPE (S1221): S1257
** CTD NUMBER: 021
** COMMENTS (14 CHAR):  SEGB-01
** BOTTLES:  14
** LEVELS: 5,5,5,5,10,20,20,20,20,30,40,BTM,BTM,BTM
** STICKERS: 434687 - 434700
** VNET: Y
** DO2: N
# nquan = 22
# nvalues = 1914                        
# units = specified
# name 0 = scan: Scan Count
# name 1 = prDM: Pressure, Digiquartz [db]
# name 2 = t090C: Temperature [ITS-90, deg C]
# name 3 = t190C: Temperature, 2 [ITS-90, deg C]
# name 4 = c0S/m: Conductivity [S/m]
# name 5 = c1S/m: Conductivity, 2 [S/m]
# name 6 = sbeox0V: Oxygen raw, SBE 43 [V]
# name 7 = sbeox1V: Oxygen raw, SBE 43, 2 [V]
# name 8 = ph: pH
# name 9 = flECO-AFL: Fluorescence, WET Labs ECO-AFL/FL [mg/m^3]
# name 10 = wetCDOM: Fluorescence, WET Labs CDOM [mg/m^3]
# name 11 = par/sat/log: PAR/Logarithmic, Satlantic [umol photons/m^2/sec]
# name 12 = CStarAt0: Beam Attenuation, WET Labs C-Star [1/m]
# name 13 = CStarTr0: Beam Transmission, WET Labs C-Star [%]
# name 14 = sbeox0ML/L: Oxygen, SBE 43 [ml/l], WS = 2
# name 15 = sbeox1ML/L: Oxygen, SBE 43, 2 [ml/l], WS = 2
# name 16 = sal00: Salinity, Practical [PSU]
# name 17 = sal11: Salinity, Practical, 2 [PSU]
# name 18 = sigma-t00: Density [sigma-t, kg/m^3 ]
# name 19 = sigma-t11: Density, 2 [sigma-t, kg/m^3 ]
# name 20 = oxsatML/L: Oxygen Saturation, Weiss [ml/l]
# name 21 = flag: flag
# span 0 =        236,      32608       
# span 1 =      0.522,     47.566       
# span 2 =     4.1493,     4.8641       
# span 3 =     3.9500,     4.8631       
# span 4 =   2.941287,   3.044672       
# span 5 =   2.989175,   3.044796       
# span 6 =     2.8230,     2.9062       
# span 7 =     2.7046,     2.7444       
# span 8 =      8.124,      8.144       
# span 9 =     0.5099,     0.9055       
# span 10 =     1.3323,     1.9245      
# span 11 = 1.0790e-01, 8.3455e+00      
# span 12 =     0.1099,     0.1911      
# span 13 =    95.3348,    97.2900      
# span 14 =     7.4743,     7.8096      
# span 15 =     6.4177,     6.6680      
# span 16 =    30.4743,    31.8416      
# span 17 =    31.6606,    31.8913      
# span 18 =    24.1033,    25.2565      
# span 19 =    25.0434,    25.3115      
# span 20 =    7.27076,    7.39042      
# span 21 = 0.0000e+00, 0.0000e+00      
# interval = scans: 3                   
# start_time = Nov 23 2019 10:30:38 [System UTC, header]
# bad_flag = -9.990e-29
*END*
[from data line 725]
       4001     39.409     4.7159     4.7110   3.039137   3.038971     2.8474     2.7290      8.140     0.7883     1.6876 1.0802e-01     0.1153    97.1597     7.5928     6.5400    31.7180    31.7209    25.1044    25.1071    7.29417 0.0000e+00
       4004     39.443     4.7163     4.7115   3.039140   3.039029     2.8474     2.7290      8.140     0.6857     1.6876 1.0790e-01     0.1160    97.1423     7.5937     6.5387    31.7177    31.7210    25.1041    25.1072    7.29411 0.0000e+00
       4007     39.474     4.7160     4.7122   3.039022   3.039033     2.8474     2.7290      8.140     0.6906     1.6876 1.0815e-01     0.1163    97.1336     7.5956     6.5382    31.7166    31.7204    25.1033    25.1067    7.29422 0.0000e+00
       4010     39.503     4.7150     4.7124   3.038948   3.039037     2.8478     2.7294      8.140     0.6906     1.6876 1.0815e-01     0.1163    97.1336     7.5968     6.5379    31.7167    31.7202    25.1034    25.1065    7.29440 0.0000e+00
       4013     39.532     4.7143     4.7125   3.038953   3.039083     2.8478     2.7290      8.140     0.6857     1.6876 1.0802e-01     0.1163    97.1336     7.5973     6.5354    31.7174    31.7207    25.1040    25.1069    7.29448 0.0000e+00
       4016     39.557     4.7145     4.7128   3.039069   3.039090     2.8486     2.7290      8.138     0.7004     1.6876 1.0815e-01     0.1167    97.1249     7.5995     6.5340    31.7186    31.7204    25.1050    25.1066    7.29440 0.0000e+00
       4019     39.586     4.7152     4.7131   3.039143   3.039109     2.8474     2.7290      8.140     0.6857     1.6876 1.0815e-01     0.1163    97.1336     7.5952     6.5325    31.7187    31.7204    25.1050    25.1066    7.29426 0.0000e+00
       4022     39.610     4.7157     4.7123   3.039158   3.039073     2.8486     2.7290      8.140     0.7004     1.6876 1.0802e-01     0.1167    97.1249     7.5983     6.5300    31.7184    31.7207    25.1047    25.1069    7.29419 0.0000e+00
       4025     39.637     4.7162     4.7129   3.039124   3.039145     2.8478     2.7286      8.140     0.6857     1.6876 1.0802e-01     0.1156    97.1510     7.5946     6.5261    31.7176    31.7209    25.1040    25.1070    7.29415 0.0000e+00
       4028     39.662     4.7159     4.7133   3.039124   3.039114     2.8482     2.7290      8.140     0.7297     1.7665 1.0802e-01     0.1153    97.1597     7.5954     6.5248    31.7178    31.7202    25.1042    25.1063    7.29419 0.0000e+00
       4032     39.689     4.7158     4.7123   3.039128   3.039046     2.8486     2.7281      8.140     0.7736     1.8060 1.0802e-01     0.1153    97.1597     7.5954     6.5186    31.7179    31.7204    25.1043    25.1066    7.29419 0.0000e+00
       4036     39.721     4.7158     4.7109   3.039181   3.038860     2.8478     2.7281      8.140     0.7639     1.8060 1.0802e-01     0.1153    97.1597     7.5914     6.5154    31.7186    31.7195    25.1048    25.1061    7.29417 0.0000e+00
       4079     39.950     4.7189     4.6985   3.039443   3.037845     2.8486     2.7253      8.140     0.7345     1.8060 1.0815e-01     0.1246    96.9338     7.5895     6.5284    31.7185    31.7196    25.1044    25.1074    7.29362 0.0000e+00
       4103     40.085     4.7209     4.6917   3.039549   3.037342     2.8474     2.7241      8.140     0.7053     1.8060 1.0790e-01     0.1263    96.8903     7.5832     6.5368    31.7177    31.7202    25.1036    25.1086    7.29330 0.0000e+00
       4107     40.112     4.7210     4.6911   3.039543   3.037276     2.8474     2.7241      8.140     0.7297     1.8060 1.0815e-01     0.1163    97.1336     7.5821     6.5371    31.7175    31.7200    25.1034    25.1085    7.29329 0.0000e+00
       4110     40.138     4.7207     4.6908   3.039431   3.037270     2.8474     2.7241      8.140     0.7492     1.8060 1.0815e-01     0.1163    97.1336     7.5820     6.5370    31.7165    31.7202    25.1026    25.1087    7.29339 0.0000e+00
       4113     40.166     4.7200     4.6908   3.039323   3.037303     2.8474     2.7241      8.140     0.7492     1.8060 1.0790e-01     0.1163    97.1336     7.5816     6.5373    31.7159    31.7205    25.1023    25.1090    7.29355 0.0000e+00
       4116     40.194     4.7187     4.6914   3.039304   3.037357     2.8466     2.7241      8.140     0.7590     1.8060 1.0815e-01     0.1163    97.1336     7.5788     6.5369    31.7169    31.7206    25.1032    25.1090    7.29372 0.0000e+00
       4119     40.225     4.7182     4.6906   3.039253   3.037193     2.8474     2.7241      8.140     0.7492     1.8060 1.0802e-01     0.1163    97.1336     7.5809     6.5367    31.7168    31.7195    25.1032    25.1082    7.29382 0.0000e+00
       4122     40.262     4.7177     4.6900   3.039276   3.037223     2.8466     2.7241      8.140     0.7443     1.8060 1.0815e-01     0.1163    97.1336     7.5772     6.5359    31.7176    31.7203    25.1038    25.1089    7.29388 0.0000e+00
       4125     40.301     4.7178     4.6908   3.039326   3.037329     2.8462     2.7245      8.140     0.7541     1.8060 1.0827e-01     0.1167    97.1249     7.5761     6.5362    31.7180    31.7208    25.1041    25.1092    7.29383 0.0000e+00
       4128     40.341     4.7178     4.6956   3.039261   3.037606     2.8466     2.7249      8.140     0.7541     1.8060 1.0815e-01     0.1163    97.1336     7.5768     6.5357    31.7172    31.7194    25.1035    25.1076    7.29387 0.0000e+00
       4131     40.384     4.7164     4.6937   3.038892   3.037580     2.8462     2.7249      8.140     0.7541     1.8060 1.0802e-01     0.1163    97.1336     7.5762     6.5343    31.7143    31.7209    25.1014    25.1090    7.29427 0.0000e+00
       4134     40.433     4.7124     4.6973   3.038355   3.038028     2.8462     2.7253      8.140     0.7638     1.8060 1.0815e-01     0.1163    97.1336     7.5765     6.5332    31.7119    31.7226    25.0999    25.1100    7.29510 0.0000e+00
       4137     40.482     4.7091     4.7004   3.038196   3.038216     2.8450     2.7253      8.140     0.7639     1.8060 1.0815e-01     0.1163    97.1336     7.5736     6.5311    31.7132    31.7218    25.1013    25.1090    7.29562 0.0000e+00
       4140     40.534     4.7048     4.7013   3.037745   3.038196     2.8454     2.7253      8.140     0.7736     1.8060 1.0802e-01     0.1163    97.1336     7.5761     6.5294    31.7121    31.7207    25.1009    25.1080    7.29644 0.0000e+00
       4143     40.590     4.7012     4.6992   3.037498   3.037997     2.8446     2.7253      8.140     0.7639     1.8060 1.0802e-01     0.1163    97.1336     7.5746     6.5283    31.7126    31.7203    25.1016    25.1080    7.29705 0.0000e+00
       4146     40.650     4.6966     4.6972   3.037010   3.037776     2.8450     2.7249      8.140     0.7590     1.8060 1.0815e-01     0.1181    97.0902     7.5785     6.5258    31.7114    31.7197    25.1012    25.1077    7.29793 0.0000e+00
       4149     40.710     4.6920     4.6911   3.036731   3.037211     2.8446     2.7245      8.140     0.7639     1.8060 1.0815e-01     0.1185    97.0815     7.5784     6.5240    31.7126    31.7190    25.1026    25.1077    7.29870 0.0000e+00
       4152     40.774     4.6878     4.6852   3.036554   3.036848     2.8446     2.7241      8.140     0.7639     1.8060 1.0815e-01     0.1185    97.0815     7.5800     6.5229    31.7144    31.7204    25.1045    25.1094    7.29935 0.0000e+00
       4155     40.840     4.6849     4.6876   3.036431   3.037380     2.8446     2.7241      8.140     0.7590     1.8060 1.0802e-01     0.1185    97.0815     7.5815     6.5220    31.7159    31.7242    25.1059    25.1122    7.29981 0.0000e+00
       4158     40.908     4.6831     4.6951   3.036306   3.037764     2.8438     2.7241      8.140     0.7541     1.7271 1.0790e-01     0.1185    97.0815     7.5808     6.5195    31.7161    31.7214    25.1063    25.1092    7.30012 0.0000e+00
       4161     40.976     4.6788     4.6882   3.035743   3.036781     2.8446     2.7241      8.140     0.6955     1.6876 1.0815e-01     0.1185    97.0815     7.5858     6.5205    31.7136    31.7166    25.1048    25.1061    7.30099 0.0000e+00
       4164     41.047     4.6746     4.6749   3.035578   3.035892     2.8438     2.7241      8.140     0.6906     1.6876 1.0802e-01     0.1185    97.0815     7.5845     6.5228    31.7158    31.7191    25.1069    25.1095    7.30165 0.0000e+00
       4167     41.122     4.6725     4.6703   3.035532   3.035796     2.8442     2.7241      8.140     0.6955     1.6876 1.0802e-01     0.1185    97.0815     7.5879     6.5240    31.7172    31.7223    25.1082    25.1125    7.30195 0.0000e+00
       4170     41.194     4.6705     4.6724   3.035385   3.035946     2.8438     2.7241      8.140     0.6955     1.6876 1.0790e-01     0.1181    97.0902     7.5875     6.5242    31.7174    31.7220    25.1086    25.1121    7.30230 0.0000e+00
       4173     41.268     4.6693     4.6706   3.035361   3.035833     2.8438     2.7237      8.140     0.6906     1.6876 1.0802e-01     0.1178    97.0988     7.5891     6.5232    31.7182    31.7224    25.1094    25.1126    7.30247 0.0000e+00
       4176     41.344     4.6673     4.6717   3.035082   3.035963     2.8434     2.7237      8.140     0.6906     1.6876 1.0815e-01     0.1174    97.1075     7.5887     6.5222    31.7168    31.7228    25.1085    25.1127    7.30289 0.0000e+00
       4179     41.419     4.6639     4.6706   3.034754   3.035612     2.8438     2.7237      8.140     0.6955     1.6876 1.0815e-01     0.1174    97.1075     7.5928     6.5211    31.7162    31.7198    25.1084    25.1105    7.30352 0.0000e+00
       4182     41.496     4.6614     4.6612   3.034614   3.034831     2.8438     2.7229      8.140     0.6906     1.6876 1.0815e-01     0.1178    97.0988     7.5938     6.5196    31.7170    31.7197    25.1092    25.1115    7.30393 0.0000e+00
       4185     41.571     4.6589     4.6548   3.034501   3.034525     2.8438     2.7229      8.140     0.6759     1.7665 1.0815e-01     0.1174    97.1075     7.5955     6.5198    31.7180    31.7222    25.1104    25.1141    7.30433 0.0000e+00
       4188     41.644     4.6582     4.6520   3.034509   3.034350     2.8438     2.7229      8.138     0.6467     1.8060 1.0802e-01     0.1163    97.1336     7.5976     6.5200    31.7188    31.7229    25.1110    25.1149    7.30443 0.0000e+00
       4191     41.712     4.6559     4.6486   3.033387   3.034164     2.8442     2.7229      8.138     0.6515     1.8060 1.0802e-01     0.1163    97.1336     7.6005     6.5208    31.7079    31.7239    25.1026    25.1161    7.30535 0.0000e+00
       4194     41.780     4.6540     4.6492   3.033904   3.034278     2.8438     2.7229      8.140     0.6515     1.8060 1.0827e-01     0.1163    97.1336     7.6003     6.5214    31.7158    31.7246    25.1091    25.1166    7.30532 0.0000e+00
       4197     41.848     4.6532     4.6501   3.034230   3.034294     2.8442     2.7220      8.140     0.6515     1.8060 1.0790e-01     0.1163    97.1336     7.6021     6.5198    31.7203    31.7240    25.1127    25.1160    7.30525 0.0000e+00
       4200     41.913     4.6529     4.6502   3.034228   3.034293     2.8438     2.7220      8.140     0.6564     1.8060 1.0827e-01     0.1163    97.1336     7.6014     6.5210    31.7204    31.7238    25.1128    25.1158    7.30528 0.0000e+00
       4203     41.976     4.6523     4.6492   3.034104   3.034173     2.8446     2.7220      8.140     0.6515     1.8060 1.0815e-01     0.1160    97.1423     7.6038     6.5247    31.7196    31.7233    25.1123    25.1155    7.30544 0.0000e+00
       4206     42.033     4.6509     4.6475   3.033956   3.034120     2.8442     2.7216      8.140     0.6515     1.8060 1.0827e-01     0.1163    97.1336     7.6031     6.5267    31.7192    31.7244    25.1121    25.1165    7.30571 0.0000e+00
       4209     42.089     4.6493     4.6459   3.033831   3.033861     2.8450     2.7216      8.138     0.6564     1.8060 1.0827e-01     0.1163    97.1336     7.6061     6.5293    31.7192    31.7228    25.1123    25.1155    7.30599 0.0000e+00
       4212     42.140     4.6483     4.6392   3.033904   3.033287     2.8446     2.7216      8.138     0.6515     1.8060 1.0815e-01     0.1163    97.1336     7.6045     6.5331    31.7210    31.7226    25.1138    25.1160    7.30608 0.0000e+00
       4215     42.186     4.6479     4.6337   3.033848   3.033018     2.8450     2.7216      8.138     0.6564     1.8060 1.0802e-01     0.1167    97.1249     7.6053     6.5367    31.7208    31.7248    25.1136    25.1183    7.30617 0.0000e+00
       4218     42.229     4.6470     4.6304   3.033759   3.032850     2.8446     2.7216      8.137     0.6515     1.8060 1.0815e-01     0.1163    97.1336     7.6034     6.5408    31.7205    31.7259    25.1135    25.1195    7.30633 0.0000e+00
       4221     42.269     4.6467     4.6294   3.033733   3.032796     2.8450     2.7216      8.140     0.6515     1.8060 1.0802e-01     0.1163    97.1336     7.6043     6.5442    31.7205    31.7262    25.1136    25.1199    7.30639 0.0000e+00
       4224     42.303     4.6461     4.6293   3.033742   3.032804     2.8450     2.7220      8.138     0.6515     1.8060 1.0815e-01     0.1167    97.1249     7.6035     6.5481    31.7211    31.7264    25.1141    25.1201    7.30646 0.0000e+00
       4227     42.331     4.6455     4.6297   3.033725   3.032808     2.8450     2.7229      8.138     0.6515     1.8060 1.0802e-01     0.1181    97.0902     7.6029     6.5518    31.7216    31.7261    25.1145    25.1197    7.30656 0.0000e+00
       4230     42.356     4.6453     4.6299   3.033763   3.032816     2.8454     2.7229      8.140     0.6418     1.8060 1.0815e-01     0.1185    97.0815     7.6022     6.5530    31.7221    31.7260    25.1150    25.1197    7.30656 0.0000e+00
       4233     42.380     4.6451     4.6300   3.033987   3.032896     2.8450     2.7229      8.138     0.6467     1.8060 1.0790e-01     0.1185    97.0815     7.5992     6.5531    31.7249    31.7268    25.1172    25.1203    7.30646 0.0000e+00
       4276     42.550     4.6724     4.6345   3.036161   3.033178     2.8442     2.7237      8.138     0.6515     1.8060 1.0815e-01     0.1156    97.1510     7.5876     6.5329    31.7238    31.7257    25.1135    25.1189    7.30165 0.0000e+00
       4303     42.668     4.6886     4.6354   3.037159   3.033194     2.8438     2.7237      8.135     0.6564     1.8060 1.0802e-01     0.1142    97.1858     7.5798     6.5171    31.7198    31.7249    25.1086    25.1182    7.29895 0.0000e+00
       4306     42.691     4.6893     4.6335   3.037101   3.033003     2.8438     2.7229      8.138     0.6467     1.8060 1.0815e-01     0.1149    97.1684     7.5797     6.5136    31.7184    31.7245    25.1074    25.1181    7.29889 0.0000e+00
       4309     42.717     4.6895     4.6305   3.037100   3.032821     2.8438     2.7229      8.137     0.6467     1.8060 1.0790e-01     0.1181    97.0902     7.5787     6.5114    31.7183    31.7252    25.1073    25.1190    7.29887 0.0000e+00
       4312     42.745     4.6890     4.6288   3.037080   3.032784     2.8438     2.7229      8.140     0.6418     1.8060 1.0815e-01     0.1181    97.0902     7.5786     6.5102    31.7184    31.7265    25.1075    25.1201    7.29894 0.0000e+00
       4315     42.775     4.6879     4.6289   3.036978   3.032844     2.8429     2.7220      8.140     0.6467     1.8455 1.0815e-01     0.1178    97.0988     7.5754     6.5068    31.7183    31.7270    25.1075    25.1205    7.29915 0.0000e+00
       4318     42.809     4.6870     4.6281   3.036938   3.032739     2.8425     2.7216      8.138     0.6662     1.9245 1.0802e-01     0.1181    97.0902     7.5750     6.5066    31.7187    31.7266    25.1079    25.1203    7.29929 0.0000e+00
       4321     42.848     4.6870     4.6264   3.037008   3.032630     2.8421     2.7212      8.140     0.6613     1.9245 1.0802e-01     0.1178    97.0988     7.5731     6.5064    31.7195    31.7269    25.1086    25.1207    7.29926 0.0000e+00
