Datasets/AZMP/COO001/79001053.cnv
* Sea-Bird SBE 9 Data File:
* FileName = C:\CTDDATA\79001053.hex
* Software Version Seasave V 7.26.7.110
* Temperature SN = 5660
* Conductivity SN = 3698
* Number of Bytes Per Scan = 30
* Number of Voltage Words = 4
* Number of Scans Averaged by the Deck Unit = 1
* NMEA baud rate = 9600
** VESSEL/TRIP/SEQ STN:  79001053
** LATITUDE XX XX.XX N:  47 00.00 N
** LONGITUDE XX XX.XX W:  45 12.80 W
** SOUNDING DEPTH (M):  0174
** PROBE TYPE: S1257
** CTD NUMBER: 028
** COMMENTS (14 CHAR): FC-24
** BOTTLES:  20
** LEVELS: 5,5,5,5,10,20,20,20,20,30,40,50,50,50,75,100,100,100,150,BTM
** STICKERS: 435026 - 435045
** VNET: Y
** DO2: Y
# nquan = 22
# nvalues = 4642                        
# units = specified
# name 0 = scan: Scan Count
# name 1 = prDM: Pressure, Digiquartz [db]
# name 2 = t090C: Temperature [ITS-90, deg C]
# name 3 = t190C: Temperature, 2 [ITS-90, deg C]
# name 4 = c0S/m: Conductivity [S/m]
# name 5 = c1S/m: Conductivity, 2 [S/m]
# name 6 = sbeox0V: Oxygen raw, SBE 43 [V]
# name 7 = sbeox1V: Oxygen raw, SBE 43, 2 [V]
# name 8 = ph: pH
# name 9 = flECO-AFL: Fluorescence, WET Labs ECO-AFL/FL [mg/m^3]
# name 10 = wetCDOM: Fluorescence, WET Labs CDOM [mg/m^3]
# name 11 = par/sat/log: PAR/Logarithmic, Satlantic [umol photons/m^2/sec]
# name 12 = CStarAt0: Beam Attenuation, WET Labs C-Star [1/m]
# name 13 = CStarTr0: Beam Transmission, WET Labs C-Star [%]
# name 14 = sbeox0ML/L: Oxygen, SBE 43 [ml/l], WS = 2
# name 15 = sbeox1ML/L: Oxygen, SBE 43, 2 [ml/l], WS = 2
# name 16 = sal00: Salinity, Practical [PSU]
# name 17 = sal11: Salinity, Practical, 2 [PSU]
# name 18 = sigma-t00: Density [sigma-t, kg/m^3 ]
# name 19 = sigma-t11: Density, 2 [sigma-t, kg/m^3 ]
# name 20 = oxsatML/L: Oxygen Saturation, Weiss [ml/l]
# name 21 = flag: flag
# span 0 =         11,      60109       
# span 1 =      1.042,    166.293       
# span 2 =     3.6094,     7.9509       
# span 3 =     3.6075,     7.9495       
# span 4 =   3.176471,   3.479468       
# span 5 =   3.176633,   3.479641       
# span 6 =     2.2761,     2.7858       
# span 7 =     2.2455,     2.7460       
# span 8 =      8.000,      8.207       
# span 9 =    -0.0078,     1.5258       
# span 10 =    -2.8130,   482.1870      
# span 11 = 1.0666e-01, 1.4485e+00      
# span 12 =     0.0493,     0.2130      
# span 13 =    94.8134,    98.7760      
# span 14 =     5.8880,     6.8909      
# span 15 =     6.1569,     7.1511      
# span 16 =    33.2067,    34.6505      
# span 17 =    33.4569,    34.6533      
# span 18 =    26.0015,    27.5437      
# span 19 =    26.1120,    27.5460      
# span 20 =    6.67875,    7.36192      
# span 21 = 0.0000e+00, 0.0000e+00      
# interval = scans: 3                   
# start_time = Nov 28 2019 19:30:47 [System UTC, header]
# bad_flag = -9.990e-29
*END*
[from data line 396]
       2089     27.340     7.9448     7.9440   3.478994   3.479121     2.7693     2.7318      8.195     1.1350   480.7658 1.0752e-01     0.2064    94.9699     6.6871     7.0316    33.5154    33.5175    26.1160    26.1179    6.67942 0.0000e+00
       2092     27.424     7.9445     7.9438   3.478985   3.479127     2.7697     2.7322      8.196     1.1253   480.7658 1.0752e-01     0.2064    94.9699     6.6891     7.0290    33.5155    33.5177    26.1162    26.1180    6.67946 0.0000e+00
       2095     27.515     7.9445     7.9435   3.478993   3.479120     2.7705     2.7326      8.196     1.1350   224.8231 1.0765e-01     0.2064    94.9699     6.6913     7.0265    33.5156    33.5179    26.1162    26.1182    6.67946 0.0000e+00
       2098     27.610     7.9445     7.9429   3.479006   3.479102     2.7697     2.7326      8.196     1.1302    -2.8130 1.0752e-01     0.2064    94.9699     6.6894     7.0222    33.5157    33.5183    26.1163    26.1186    6.67946 0.0000e+00
       2101     27.714     7.9439     7.9425   3.478944   3.479106     2.7697     2.7314      8.198     1.1302    -2.2208 1.0752e-01     0.2064    94.9699     6.6894     7.0145    33.5155    33.5186    26.1163    26.1189    6.67955 0.0000e+00
       2104     27.824     7.9426     7.9418   3.478920   3.479092     2.7701     2.7314      8.198     1.1155    -1.7471 1.0752e-01     0.2064    94.9699     6.6895     7.0116    33.5164    33.5191    26.1172    26.1194    6.67971 0.0000e+00
       2107     27.940     7.9423     7.9419   3.478942   3.479123     2.7697     2.7310      8.198     1.1009    -1.7471 1.0765e-01     0.2064    94.9699     6.6873     7.0094    33.5170    33.5193    26.1176    26.1195    6.67974 0.0000e+00
       2110     28.061     7.9422     7.9420   3.478959   3.479119     2.7693     2.7302      8.196     1.1009    -1.7471 1.0765e-01     0.2064    94.9699     6.6854     7.0050    33.5172    33.5191    26.1178    26.1193    6.67975 0.0000e+00
       2113     28.185     7.9424     7.9414   3.478970   3.479077     2.7709     2.7302      8.196     1.1009    -1.7471 1.0752e-01     0.2064    94.9699     6.6899     7.0038    33.5171    33.5191    26.1177    26.1194    6.67972 0.0000e+00
       2116     28.311     7.9423     7.9405   3.478953   3.479068     2.7705     2.7302      8.195     1.1106    -1.7471 1.0752e-01     0.2064    94.9699     6.6885     7.0050    33.5169    33.5198    26.1176    26.1202    6.67974 0.0000e+00
       2119     28.444     7.9423     7.9399   3.478958   3.479047     2.7705     2.7302      8.195     1.1009    -1.7471 1.0765e-01     0.2064    94.9699     6.6893     7.0079    33.5169    33.5201    26.1176    26.1205    6.67974 0.0000e+00
       2122     28.578     7.9420     7.9393   3.478944   3.479025     2.7705     2.7293      8.196     1.1009    -0.2074 1.0752e-01     0.2064    94.9699     6.6894     7.0099    33.5169    33.5204    26.1177    26.1208    6.67978 0.0000e+00
       2125     28.710     7.9420     7.9396   3.478972   3.479057     2.7701     2.7298      8.196     1.1009     0.1479 1.0752e-01     0.2057    94.9872     6.6877     7.0155    33.5171    33.5204    26.1178    26.1207    6.67977 0.0000e+00
       2128     28.834     7.9419     7.9397   3.478962   3.479072     2.7701     2.7298      8.195     1.1057     0.1479 1.0765e-01     0.2053    94.9959     6.6877     7.0185    33.5171    33.5203    26.1178    26.1207    6.67979 0.0000e+00
       2131     28.957     7.9418     7.9397   3.478991   3.479058     2.7693     2.7302      8.195     1.1204     0.1479 1.0765e-01     0.2057    94.9872     6.6865     7.0232    33.5174    33.5202    26.1181    26.1206    6.67979 0.0000e+00
       2134     29.079     7.9420     7.9397   3.478987   3.479083     2.7701     2.7289      8.196     1.1351     0.1479 1.0765e-01     0.2057    94.9872     6.6892     7.0211    33.5172    33.5204    26.1178    26.1207    6.67978 0.0000e+00
       2137     29.199     7.9421     7.9395   3.478992   3.479072     2.7705     2.7298      8.195     1.1302     0.1479 1.0752e-01     0.2057    94.9872     6.6914     7.0253    33.5171    33.5204    26.1178    26.1208    6.67977 0.0000e+00
       2140     29.311     7.9421     7.9391   3.478988   3.479049     2.7705     2.7293      8.193     1.1302     0.1479 1.0752e-01     0.2053    94.9959     6.6930     7.0256    33.5170    33.5205    26.1177    26.1209    6.67977 0.0000e+00
       2143     29.415     7.9423     7.9390   3.478995   3.479078     2.7709     2.7302      8.195     1.1350     0.1479 1.0752e-01     0.2057    94.9872     6.6943     7.0309    33.5169    33.5208    26.1175    26.1211    6.67975 0.0000e+00
       2146     29.512     7.9419     7.9392   3.478999   3.479064     2.7697     2.7302      8.195     1.1302     0.1874 1.0752e-01     0.2053    94.9959     6.6917     7.0337    33.5172    33.5205    26.1178    26.1209    6.67978 0.0000e+00
       2149     29.600     7.9419     7.9394   3.478984   3.479100     2.7701     2.7302      8.193     1.1350     0.5822 1.0752e-01     0.2049    95.0046     6.6928     7.0343    33.5170    33.5207    26.1178    26.1210    6.67980 0.0000e+00
       2152     29.680     7.9420     7.9398   3.479001   3.479117     2.7709     2.7302      8.193     1.1302     0.6217 1.0765e-01     0.2053    94.9959     6.6941     7.0359    33.5171    33.5204    26.1178    26.1207    6.67978 0.0000e+00
       2155     29.752     7.9420     7.9393   3.478993   3.479090     2.7709     2.7302      8.193     1.1448     0.6217 1.0752e-01     0.2053    94.9959     6.6931     7.0372    33.5169    33.5205    26.1177    26.1209    6.67979 0.0000e+00
       2158     29.812     7.9420     7.9393   3.479020   3.479074     2.7721     2.7302      8.195     1.1888     0.6217 1.0752e-01     0.2053    94.9959     6.6952     7.0378    33.5172    33.5203    26.1178    26.1207    6.67977 0.0000e+00
       2161     29.863     7.9421     7.9393   3.479021   3.479088     2.7717     2.7306      8.195     1.1839     0.6217 1.0752e-01     0.2053    94.9959     6.6934     7.0376    33.5171    33.5205    26.1178    26.1208    6.67976 0.0000e+00
       2164     29.905     7.9422     7.9394   3.479030   3.479075     2.7713     2.7302      8.193     1.1936     0.6217 1.0765e-01     0.2053    94.9959     6.6918     7.0356    33.5171    33.5202    26.1178    26.1206    6.67975 0.0000e+00
       2205     29.942     7.9425     7.9398   3.479025   3.479118     2.7693     2.7306      8.196     1.2230     0.5033 1.0765e-01     0.2049    95.0046     6.6868     7.0360    33.5167    33.5202    26.1174    26.1206    6.67972 0.0000e+00
       2284     30.024     7.9425     7.9410   3.479032   3.479161     2.7672     2.7290      8.198     1.2914     0.2664 1.0752e-01     0.2049    95.0046     6.6851     7.0342    33.5167    33.5196    26.1174    26.1199    6.67971 0.0000e+00
       2287     30.116     7.9420     7.9411   3.479026   3.479197     2.7680     2.7302      8.195     1.1937     0.2664 1.0752e-01     0.2038    95.0307     6.6882     7.0422    33.5171    33.5198    26.1178    26.1200    6.67978 0.0000e+00
       2290     30.214     7.9417     7.9415   3.479024   3.479183     2.7680     2.7302      8.195     1.0715     0.2664 1.0765e-01     0.2042    95.0220     6.6886     7.0456    33.5173    33.5192    26.1180    26.1196    6.67982 0.0000e+00
       2293     30.311     7.9415     7.9416   3.479004   3.479214     2.7680     2.7302      8.195     1.0667     0.2664 1.0752e-01     0.2038    95.0307     6.6890     7.0481    33.5172    33.5194    26.1179    26.1197    6.67985 0.0000e+00
       2296     30.407     7.9414     7.9414   3.479044   3.479218     2.7680     2.7314      8.195     1.0716     0.2269 1.0752e-01     0.2042    95.0220     6.6886     7.0538    33.5177    33.5196    26.1183    26.1198    6.67984 0.0000e+00
       2299     30.505     7.9413     7.9411   3.479017   3.479192     2.7680     2.7314      8.195     1.0764     0.2664 1.0752e-01     0.2038    95.0307     6.6883     7.0556    33.5175    33.5196    26.1182    26.1199    6.67987 0.0000e+00
       2302     30.603     7.9410     7.9409   3.479005   3.479196     2.7672     2.7314      8.196     1.0716     0.2664 1.0752e-01     0.2042    95.0220     6.6861     7.0573    33.5176    33.5197    26.1184    26.1200    6.67991 0.0000e+00
       2305     30.699     7.9409     7.9409   3.479014   3.479198     2.7693     2.7314      8.196     1.0813     0.1479 1.0752e-01     0.2049    95.0046     6.6919     7.0585    33.5178    33.5197    26.1185    26.1200    6.67992 0.0000e+00
       2308     30.792     7.9408     7.9410   3.479010   3.479191     2.7689     2.7326      8.196     1.0764     0.1479 1.0752e-01     0.2053    94.9959     6.6890     7.0620    33.5178    33.5195    26.1185    26.1198    6.67994 0.0000e+00
       2311     30.887     7.9408     7.9409   3.479014   3.479200     2.7693     2.7326      8.196     1.0716     0.1479 1.0752e-01     0.2046    95.0133     6.6899     7.0617    33.5178    33.5197    26.1185    26.1200    6.67994 0.0000e+00
       2314     30.983     7.9404     7.9407   3.479013   3.479202     2.7689     2.7326      8.196     1.0911     0.1479 1.0752e-01     0.2053    94.9959     6.6887     7.0618    33.5180    33.5198    26.1188    26.1201    6.67998 0.0000e+00
       2317     31.077     7.9401     7.9401   3.478977   3.479171     2.7684     2.7334      8.193     1.1057     0.1479 1.0752e-01     0.2053    94.9959     6.6874     7.0631    33.5179    33.5200    26.1187    26.1204    6.68003 0.0000e+00
       2320     31.165     7.9399     7.9395   3.479008   3.479146     2.7684     2.7334      8.196     1.0960     0.1479 1.0752e-01     0.2053    94.9959     6.6867     7.0617    33.5184    33.5202    26.1191    26.1206    6.68004 0.0000e+00
       2323     31.253     7.9400     7.9387   3.479008   3.479132     2.7693     2.7338      8.193     1.1009     0.1479 1.0752e-01     0.2053    94.9959     6.6880     7.0621    33.5183    33.5209    26.1190    26.1212    6.68003 0.0000e+00
       2326     31.336     7.9401     7.9382   3.479019   3.479112     2.7689     2.7338      8.193     1.1057     0.1479 1.0765e-01     0.2053    94.9959     6.6859     7.0603    33.5183    33.5211    26.1190    26.1215    6.68002 0.0000e+00
       2329     31.413     7.9403     7.9371   3.479033   3.479056     2.7689     2.7342      8.195     1.1057    51.3127 1.0765e-01     0.2053    94.9959     6.6847     7.0591    33.5182    33.5215    26.1189    26.1219    6.67999 0.0000e+00
       2332     31.489     7.9404     7.9365   3.479031   3.479057     2.7684     2.7351      8.195     1.1009   462.8817 1.0752e-01     0.2053    94.9959     6.6830     7.0573    33.5180    33.5220    26.1188    26.1225    6.67998 0.0000e+00
       2335     31.562     7.9405     7.9369   3.479019   3.479068     2.7689     2.7351      8.195     1.1057   481.1606 1.0765e-01     0.2053    94.9959     6.6837     7.0531    33.5177    33.5217    26.1185    26.1222    6.67997 0.0000e+00
       2338     31.635     7.9401     7.9372   3.479026   3.479106     2.7693     2.7351      8.193     1.1009   480.7263 1.0752e-01     0.2046    95.0133     6.6845     7.0483    33.5182    33.5219    26.1189    26.1222    6.68002 0.0000e+00
       2341     31.700     7.9396     7.9371   3.478958   3.479065     2.7689     2.7351      8.195     1.1302   480.7658 1.0752e-01     0.2046    95.0133     6.6829     7.0418    33.5180    33.5215    26.1188    26.1220    6.68011 0.0000e+00
       2344     31.766     7.9384     7.9364   3.478926   3.479054     2.7684     2.7351      8.195     1.1253   480.7658 1.0765e-01     0.2049    95.0046     6.6814     7.0371    33.5187    33.5220    26.1196    26.1224    6.68026 0.0000e+00
       2347     31.830     7.9376     7.9371   3.478886   3.479115     2.7684     2.7351      8.195     1.1350   480.7658 1.0765e-01     0.2038    95.0307     6.6804     7.0312    33.5190    33.5220    26.1199    26.1224    6.68036 0.0000e+00
       2350     31.887     7.9367     7.9378   3.478884   3.479139     2.7689     2.7351      8.196     1.1302   480.7658 1.0752e-01     0.2042    95.0220     6.6820     7.0247    33.5198    33.5215    26.1208    26.1219    6.68047 0.0000e+00
       2353     31.942     7.9375     7.9382   3.478966   3.479085     2.7684     2.7351      8.195     1.1350   480.7658 1.0752e-01     0.2042    95.0220     6.6803     7.0174    33.5199    33.5205    26.1206    26.1210    6.68034 0.0000e+00
       2356     31.996     7.9385     7.9359   3.479008   3.479006     2.7680     2.7338      8.196     1.1350   480.7658 1.0752e-01     0.2038    95.0307     6.6781     7.0075    33.5194    33.5219    26.1201    26.1224    6.68022 0.0000e+00
       2359     32.048     7.9394     7.9338   3.479034   3.478933     2.7676     2.7338      8.195     1.1350   480.7658 1.0752e-01     0.2042    95.0220     6.6773     7.0017    33.5188    33.5231    26.1195    26.1237    6.68010 0.0000e+00
       2362     32.097     7.9402     7.9330   3.479062   3.478910     2.7680     2.7334      8.195     1.1302   480.7658 1.0752e-01     0.2042    95.0220     6.6781     6.9944    33.5183    33.5235    26.1190    26.1242    6.68000 0.0000e+00
       2365     32.144     7.9400     7.9330   3.478984   3.478922     2.7680     2.7326      8.198     1.1350   480.7658 1.0752e-01     0.2035    95.0394     6.6786     6.9873    33.5176    33.5237    26.1184    26.1243    6.68006 0.0000e+00
       2368     32.187     7.9387     7.9327   3.478912   3.478907     2.7680     2.7326      8.193     1.1497   480.7658 1.0752e-01     0.2031    95.0481     6.6798     6.9829    33.5180    33.5238    26.1190    26.1244    6.68024 0.0000e+00
       2371     32.229     7.9380     7.9326   3.478954   3.478899     2.7672     2.7318      8.195     1.1497   480.7658 1.0752e-01     0.2031    95.0481     6.6774     6.9770    33.5191    33.5237    26.1200    26.1244    6.68030 0.0000e+00
       2374     32.270     7.9379     7.9322   3.478958   3.478880     2.7680     2.7310      8.195     1.1448   480.7658 1.0752e-01     0.2031    95.0481     6.6808     6.9725    33.5193    33.5239    26.1201    26.1246    6.68031 0.0000e+00
       2377     32.308     7.9384     7.9324   3.478989   3.478889     2.7668     2.7302      8.195     1.1497   480.7658 1.0752e-01     0.2031    95.0481     6.6787     6.9703    33.5191    33.5238    26.1199    26.1245    6.68024 0.0000e+00
       2380     32.346     7.9386     7.9321   3.479002   3.478860     2.7676     2.7294      8.193     1.1497   480.7658 1.0765e-01     0.2031    95.0481     6.6815     6.9698    33.5190    33.5238    26.1198    26.1245    6.68021 0.0000e+00
       2383     32.383     7.9391     7.9320   3.479014   3.478868     2.7676     2.7281      8.195     1.1497   480.7658 1.0752e-01     0.2031    95.0481     6.6823     6.9677    33.5187    33.5239    26.1195    26.1246    6.68015 0.0000e+00
       2386     32.418     7.9397     7.9321   3.479064   3.478887     2.7668     2.7277      8.195     1.1497   480.7658 1.0752e-01     0.2024    95.0654     6.6802     6.9708    33.5186    33.5240    26.1193    26.1247    6.68006 0.0000e+00
       2389     32.453     7.9401     7.9328   3.479057   3.478906     2.7672     2.7273      8.195     1.1497   480.7658 1.0752e-01     0.2021    95.0741     6.6822     6.9740    33.5181    33.5236    26.1189    26.1242    6.68002 0.0000e+00
       2392     32.487     7.9398     7.9332   3.478971   3.478940     2.7676     2.7265      8.195     1.1301   480.7658 1.0752e-01     0.2021    95.0741     6.6845     6.9774    33.5175    33.5234    26.1184    26.1240    6.68010 0.0000e+00
