Datasets/AZMP/COO001/79001080.cnv
* Sea-Bird SBE 9 Data File:
* FileName = C:\CTDDATA\79001080.hex
* Software Version Seasave V 7.26.7.110
* Temperature SN = 5660
* Conductivity SN = 3698
* Number of Bytes Per Scan = 30
* Number of Voltage Words = 4
* Number of Scans Averaged by the Deck Unit = 1
* NMEA baud rate = 9600
** VESSEL/TRIP/SEQ STN:  79001080
** LATITUDE XX XX.XX N:  48 09.83 N
** LONGITUDE XX XX.XX W:  53 40.10 W
** SOUNDING DEPTH (M):  0218
** PROBE TYPE: S1257
** CTD NUMBER: 047
** COMMENTS (14 CHAR): SS-08
** BOTTLES:  0
** LEVELS:
** STICKERS:
** VNET: N
** DO2: N
# nquan = 22
# nvalues = 6948                        
# units = specified
# name 0 = scan: Scan Count
# name 1 = prDM: Pressure, Digiquartz [db]
# name 2 = t090C: Temperature [ITS-90, deg C]
# name 3 = t190C: Temperature, 2 [ITS-90, deg C]
# name 4 = c0S/m: Conductivity [S/m]
# name 5 = c1S/m: Conductivity, 2 [S/m]
# name 6 = sbeox0V: Oxygen raw, SBE 43 [V]
# name 7 = sbeox1V: Oxygen raw, SBE 43, 2 [V]
# name 8 = ph: pH
# name 9 = flECO-AFL: Fluorescence, WET Labs ECO-AFL/FL [mg/m^3]
# name 10 = wetCDOM: Fluorescence, WET Labs CDOM [mg/m^3]
# name 11 = par/sat/log: PAR/Logarithmic, Satlantic [umol photons/m^2/sec]
# name 12 = CStarAt0: Beam Attenuation, WET Labs C-Star [1/m]
# name 13 = CStarTr0: Beam Transmission, WET Labs C-Star [%]
# name 14 = sbeox0ML/L: Oxygen, SBE 43 [ml/l], WS = 2
# name 15 = sbeox1ML/L: Oxygen, SBE 43, 2 [ml/l], WS = 2
# name 16 = sal00: Salinity, Practical [PSU]
# name 17 = sal11: Salinity, Practical, 2 [PSU]
# name 18 = sigma-t00: Density [sigma-t, kg/m^3 ]
# name 19 = sigma-t11: Density, 2 [sigma-t, kg/m^3 ]
# name 20 = oxsatML/L: Oxygen Saturation, Weiss [ml/l]
# name 21 = flag: flag
# span 0 =        138,      22642       
# span 1 =      0.288,    205.662       
# span 2 =     0.1988,     3.4673       
# span 3 =     0.1963,     3.4673       
# span 4 =   2.767698,   2.930955       
# span 5 =   1.000101,   2.931135       
# span 6 =     2.3599,     2.7431       
# span 7 =     2.3261,     2.7057       
# span 8 =      8.032,      8.179       
# span 9 =     0.0215,     0.6711       
# span 10 =    -2.8130,   482.1870      
# span 11 = 1.0790e-01, 9.7372e+01      
# span 12 =     0.0800,     0.2424      
# span 13 =    94.1183,    98.0200      
# span 14 =     6.6120,     7.5595      
# span 15 =     7.2239,     7.9106      
# span 16 =    31.1227,    33.0240      
# span 17 =     9.8445,    33.0272      
# span 18 =    24.7546,    26.5014      
# span 19 =     7.8402,    26.5041      
# span 20 =    7.53019,    8.11687      
# span 21 = 0.0000e+00, 0.0000e+00      
# interval = scans: 3                   
# start_time = Dec 01 2019 17:37:19 [System UTC, header]
# bad_flag = -9.990e-29
*END*
[from data line 1515]
       4693     85.077     2.9620     2.9524   2.919745   2.919334     2.7034     2.6659      8.171     0.1925    -1.6286 1.0790e-01     0.0832    97.9418     7.4837     7.8495    31.9943    31.9988    25.4896    25.4939    7.60454 0.0000e+00
       4696     85.140     2.9617     2.9518   2.919738   2.919321     2.7026     2.6663      8.171     0.2120    -1.6286 1.0790e-01     0.0832    97.9418     7.4814     7.8523    31.9945    31.9993    25.4897    25.4943    7.60458 0.0000e+00
       4699     85.201     2.9614     2.9517   2.919705   2.919320     2.7030     2.6655      8.169     0.2511    -1.0759 1.0790e-01     0.0832    97.9418     7.4856     7.8496    31.9944    31.9994    25.4896    25.4944    7.60465 0.0000e+00
       4702     85.264     2.9600     2.9516   2.919500   2.919292     2.7017     2.6647      8.169     0.2608    -1.0759 1.0790e-01     0.0832    97.9418     7.4832     7.8473    31.9933    31.9991    25.4889    25.4942    7.60498 0.0000e+00
       4705     85.326     2.9580     2.9510   2.919361   2.919270     2.7009     2.6659      8.171     0.2462    -1.1154 1.0790e-01     0.0832    97.9418     7.4814     7.8511    31.9935    31.9994    25.4893    25.4945    7.60535 0.0000e+00
       4708     85.388     2.9566     2.9506   2.919348   2.919295     2.7018     2.6659      8.166     0.2559    -1.1549 1.0802e-01     0.0839    97.9244     7.4852     7.8517    31.9948    32.0001    25.4903    25.4950    7.60556 0.0000e+00
       4711     85.448     2.9556     2.9504   2.919284   2.919269     2.7009     2.6643      8.171     0.2559    -1.1154 1.0790e-01     0.0846    97.9070     7.4833     7.8436    31.9949    31.9998    25.4905    25.4949    7.60573 0.0000e+00
       4714     85.508     2.9548     2.9502   2.919255   2.919249     2.7013     2.6643      8.168     0.2559    -1.0759 1.0790e-01     0.0846    97.9070     7.4855     7.8443    31.9953    31.9998    25.4909    25.4950    7.60586 0.0000e+00
       4717     85.569     2.9543     2.9501   2.919250   2.919262     2.7005     2.6643      8.169     0.2511    -1.1154 1.0790e-01     0.0843    97.9157     7.4851     7.8449    31.9957    32.0001    25.4913    25.4951    7.60593 0.0000e+00
       4720     85.630     2.9534     2.9505   2.919210   2.919275     2.7005     2.6643      8.166     0.2559    -1.0364 1.0802e-01     0.0843    97.9157     7.4869     7.8453    31.9961    31.9998    25.4916    25.4949    7.60609 0.0000e+00
       4723     85.690     2.9530     2.9512   2.919166   2.919323     2.7018     2.6643      8.169     0.2071    -1.0759 1.0790e-01     0.0843    97.9157     7.4934     7.8454    31.9959    31.9996    25.4916    25.4947    7.60617 0.0000e+00
       4726     85.753     2.9524     2.9509   2.919142   2.919266     2.7009     2.6643      8.168     0.1729    -1.0364 1.0790e-01     0.0843    97.9157     7.4929     7.8460    31.9962    31.9992    25.4919    25.4943    7.60628 0.0000e+00
       4729     85.815     2.9525     2.9496   2.919184   2.919199     2.7005     2.6635      8.171     0.1827    -1.0759 1.0790e-01     0.0846    97.9070     7.4901     7.8433    31.9966    31.9996    25.4922    25.4948    7.60624 0.0000e+00
       4732     85.877     2.9525     2.9481   2.919207   2.919161     2.7005     2.6643      8.168     0.1778    -1.1154 1.0790e-01     0.0843    97.9157     7.4884     7.8504    31.9968    32.0006    25.4923    25.4957    7.60622 0.0000e+00
       4735     85.938     2.9526     2.9473   2.919157   2.919151     2.7005     2.6631      8.168     0.1729    -1.0364 1.0790e-01     0.0843    97.9157     7.4871     7.8468    31.9960    32.0012    25.4917    25.4963    7.60624 0.0000e+00
       4738     85.998     2.9519     2.9467   2.919080   2.919140     2.7001     2.6635      8.166     0.1729    -1.1154 1.0790e-01     0.0843    97.9157     7.4853     7.8473    31.9958    32.0017    25.4916    25.4967    7.60639 0.0000e+00
       4741     86.059     2.9517     2.9460   2.919154   2.919130     2.7005     2.6639      8.166     0.1778    -1.0759 1.0790e-01     0.0843    97.9157     7.4869     7.8490    31.9968    32.0022    25.4924    25.4972    7.60637 0.0000e+00
       4744     86.121     2.9515     2.9450   2.919129   2.919118     2.7001     2.6631      8.166     0.1729    -1.0364 1.0790e-01     0.0839    97.9244     7.4825     7.8461    31.9967    32.0031    25.4924    25.4979    7.60642 0.0000e+00
       4747     86.184     2.9508     2.9448   2.919071   2.919090     2.7009     2.6627      8.169     0.1778    -1.0759 1.0790e-01     0.0846    97.9070     7.4858     7.8450    31.9967    32.0029    25.4923    25.4978    7.60655 0.0000e+00
       4750     86.243     2.9498     2.9441   2.919044   2.919110     2.6997     2.6631      8.166     0.1778    -1.1154 1.0790e-01     0.0836    97.9331     7.4844     7.8467    31.9974    32.0038    25.4930    25.4986    7.60673 0.0000e+00
       4753     86.306     2.9496     2.9440   2.919068   2.919118     2.6989     2.6627      8.169     0.1778    -1.1944 1.0790e-01     0.0832    97.9418     7.4823     7.8453    31.9978    32.0040    25.4934    25.4988    7.60673 0.0000e+00
       4756     86.368     2.9497     2.9438   2.919074   2.919131     2.6989     2.6627      8.168     0.1729    -1.1944 1.0790e-01     0.0832    97.9418     7.4827     7.8460    31.9977    32.0043    25.4933    25.4991    7.60671 0.0000e+00
       4759     86.429     2.9493     2.9438   2.919049   2.919148     2.6985     2.6627      8.166     0.1729    -1.2338 1.0790e-01     0.0832    97.9418     7.4823     7.8465    31.9978    32.0045    25.4934    25.4991    7.60680 0.0000e+00
       4762     86.489     2.9485     2.9438   2.919014   2.919117     2.6993     2.6622      8.168     0.1827    -1.2338 1.0790e-01     0.0832    97.9418     7.4854     7.8465    31.9981    32.0041    25.4937    25.4989    7.60692 0.0000e+00
       4765     86.550     2.9478     2.9438   2.918984   2.919133     2.6989     2.6627      8.166     0.1778    -1.1549 1.0790e-01     0.0832    97.9418     7.4854     7.8487    31.9984    32.0042    25.4940    25.4990    7.60704 0.0000e+00
       4768     86.611     2.9470     2.9438   2.918978   2.919153     2.6977     2.6622      8.166     0.1729    -1.2338 1.0790e-01     0.0832    97.9418     7.4824     7.8491    31.9991    32.0045    25.4946    25.4991    7.60717 0.0000e+00
       4771     86.673     2.9463     2.9438   2.918997   2.919141     2.6993     2.6618      8.168     0.1827    -1.1944 1.0790e-01     0.0832    97.9418     7.4898     7.8485    32.0001    32.0043    25.4954    25.4990    7.60726 0.0000e+00
       4774     86.733     2.9458     2.9439   2.918997   2.919149     2.6993     2.6618      8.166     0.1729    -1.2338 1.0790e-01     0.0832    97.9418     7.4922     7.8485    32.0005    32.0042    25.4958    25.4990    7.60733 0.0000e+00
       4777     86.795     2.9453     2.9438   2.919000   2.919144     2.6985     2.6618      8.168     0.1729    -0.9180 1.0790e-01     0.0832    97.9418     7.4900     7.8501    32.0010    32.0043    25.4963    25.4990    7.60740 0.0000e+00
       4780     86.858     2.9451     2.9438   2.919001   2.919136     2.6989     2.6618      8.166     0.1729    -0.7996 1.0790e-01     0.0832    97.9418     7.4901     7.8522    32.0012    32.0041    25.4964    25.4988    7.60743 0.0000e+00
       4783     86.919     2.9451     2.9437   2.919002   2.919138     2.6985     2.6618      8.166     0.1729    -0.8785 1.0790e-01     0.0832    97.9418     7.4892     7.8538    32.0011    32.0042    25.4964    25.4990    7.60742 0.0000e+00
       4786     86.977     2.9450     2.9437   2.919019   2.919155     2.6985     2.6618      8.166     0.1778    -0.7996 1.0790e-01     0.0832    97.9418     7.4892     7.8533    32.0015    32.0044    25.4966    25.4991    7.60744 0.0000e+00
       4789     87.042     2.9447     2.9436   2.919074   2.919139     2.6985     2.6618      8.168     0.1778    -0.8785 1.0790e-01     0.0832    97.9418     7.4908     7.8526    32.0024    32.0043    25.4974    25.4990    7.60745 0.0000e+00
       4792     87.104     2.9444     2.9436   2.919055   2.919119     2.6985     2.6618      8.168     0.1729    -0.8785 1.0790e-01     0.0832    97.9418     7.4902     7.8521    32.0025    32.0040    25.4975    25.4987    7.60750 0.0000e+00
       4795     87.166     2.9440     2.9432   2.919026   2.919172     2.6985     2.6614      8.166     0.1729    -0.9180 1.0790e-01     0.0832    97.9418     7.4881     7.8499    32.0024    32.0049    25.4975    25.4996    7.60757 0.0000e+00
       4798     87.226     2.9437     2.9430   2.919090   2.919259     2.6985     2.6614      8.166     0.1729    -0.8785 1.0790e-01     0.0832    97.9418     7.4896     7.8483    32.0034    32.0062    25.4983    25.5006    7.60757 0.0000e+00
       4801     87.286     2.9436     2.9434   2.919083   2.919333     2.6977     2.6618      8.166     0.1729    -0.6417 1.0790e-01     0.0832    97.9418     7.4870     7.8486    32.0035    32.0066    25.4984    25.5009    7.60760 0.0000e+00
       4804     87.349     2.9426     2.9422   2.918970   2.919256     2.6977     2.6618      8.166     0.1778     0.4637 1.0790e-01     0.0832    97.9418     7.4867     7.8482    32.0031    32.0069    25.4981    25.5012    7.60782 0.0000e+00
       4807     87.410     2.9407     2.9399   2.918753   2.919030     2.6989     2.6618      8.166     0.1729     0.5032 1.0790e-01     0.0832    97.9418     7.4913     7.8462    32.0022    32.0065    25.4976    25.5011    7.60821 0.0000e+00
       4810     87.474     2.9385     2.9360   2.918521   2.918683     2.6985     2.6606      8.166     0.1778     0.4637 1.0790e-01     0.0839    97.9244     7.4901     7.8421    32.0016    32.0061    25.4973    25.5011    7.60868 0.0000e+00
       4813     87.535     2.9360     2.9317   2.918308   2.918329     2.6985     2.6610      8.166     0.1778     0.5032 1.0790e-01     0.0843    97.9157     7.4902     7.8456    32.0015    32.0061    25.4974    25.5014    7.60916 0.0000e+00
       4816     87.597     2.9333     2.9287   2.918091   2.918195     2.6981     2.6606      8.166     0.1827     0.5032 1.0790e-01     0.0843    97.9157     7.4885     7.8439    32.0015    32.0073    25.4977    25.5027    7.60967 0.0000e+00
       4819     87.659     2.9311     2.9275   2.918036   2.918165     2.6973     2.6606      8.166     0.1778     0.5032 1.0790e-01     0.0843    97.9157     7.4855     7.8430    32.0029    32.0081    25.4990    25.5034    7.61002 0.0000e+00
       4822     87.720     2.9295     2.9270   2.917994   2.918148     2.6985     2.6606      8.166     0.1778     0.5032 1.0790e-01     0.0843    97.9157     7.4895     7.8408    32.0040    32.0084    25.5000    25.5036    7.61027 0.0000e+00
       4825     87.781     2.9282     2.9265   2.917972   2.918190     2.6977     2.6606      8.166     0.1827     0.4637 1.0790e-01     0.0843    97.9157     7.4856     7.8409    32.0051    32.0094    25.5009    25.5045    7.61048 0.0000e+00
       4828     87.842     2.9274     2.9260   2.917993   2.918207     2.6977     2.6606      8.166     0.1729     0.5032 1.0790e-01     0.0843    97.9157     7.4832     7.8421    32.0061    32.0101    25.5018    25.5051    7.61058 0.0000e+00
       4831     87.906     2.9268     2.9252   2.918038   2.918278     2.6973     2.6594      8.166     0.1729     0.5822 1.0790e-01     0.0832    97.9418     7.4811     7.8400    32.0071    32.0117    25.5027    25.5064    7.61063 0.0000e+00
       4834     87.968     2.9261     2.9247   2.918139   2.918374     2.6977     2.6606      8.166     0.1827     0.5822 1.0790e-01     0.0832    97.9418     7.4831     7.8461    32.0090    32.0133    25.5043    25.5078    7.61067 0.0000e+00
       4837     88.028     2.9258     2.9243   2.918247   2.918479     2.6973     2.6606      8.166     0.1729     0.6217 1.0790e-01     0.0832    97.9418     7.4827     7.8464    32.0106    32.0149    25.5055    25.5091    7.61064 0.0000e+00
       4840     88.090     2.9253     2.9240   2.918302   2.918500     2.6965     2.6594      8.166     0.1778     0.5822 1.0790e-01     0.0832    97.9418     7.4791     7.8411    32.0117    32.0154    25.5065    25.5095    7.61069 0.0000e+00
       4843     88.150     2.9250     2.9241   2.918350   2.918502     2.6973     2.6594      8.166     0.1778     0.5822 1.0790e-01     0.0832    97.9418     7.4809     7.8389    32.0126    32.0154    25.5072    25.5095    7.61070 0.0000e+00
       4846     88.211     2.9249     2.9237   2.918374   2.918554     2.6965     2.6594      8.166     0.1729     0.6217 1.0790e-01     0.0832    97.9418     7.4759     7.8381    32.0130    32.0163    25.5075    25.5103    7.61070 0.0000e+00
       4849     88.271     2.9246     2.9236   2.918398   2.918605     2.6961     2.6594      8.166     0.1827     0.5822 1.0790e-01     0.0836    97.9331     7.4732     7.8392    32.0135    32.0171    25.5080    25.5109    7.61073 0.0000e+00
       4852     88.334     2.9245     2.9233   2.918427   2.918611     2.6961     2.6594      8.166     0.1778     0.6217 1.0790e-01     0.0843    97.9157     7.4716     7.8409    32.0140    32.0174    25.5083    25.5112    7.61073 0.0000e+00
       4855     88.397     2.9243     2.9231   2.918437   2.918640     2.6961     2.6594      8.166     0.1876    -0.7206 1.0790e-01     0.0843    97.9157     7.4708     7.8407    32.0142    32.0179    25.5086    25.5116    7.61075 0.0000e+00
       4858     88.457     2.9239     2.9231   2.918457   2.918630     2.6965     2.6594      8.166     0.1973    -1.2338 1.0790e-01     0.0843    97.9157     7.4712     7.8398    32.0148    32.0177    25.5091    25.5114    7.61080 0.0000e+00
       4861     88.517     2.9238     2.9231   2.918462   2.918654     2.6961     2.6594      8.166     0.1876    -1.1944 1.0790e-01     0.0843    97.9157     7.4711     7.8420    32.0150    32.0180    25.5092    25.5117    7.61082 0.0000e+00
       4864     88.579     2.9236     2.9228   2.918486   2.918684     2.6948     2.6582      8.166     0.1876    -1.2338 1.0790e-01     0.0843    97.9157     7.4663     7.8396    32.0154    32.0186    25.5095    25.5122    7.61082 0.0000e+00
       4867     88.638     2.9237     2.9227   2.918484   2.918672     2.6957     2.6582      8.166     0.1876    -1.1944 1.0790e-01     0.0843    97.9157     7.4673     7.8397    32.0153    32.0185    25.5095    25.5121    7.61082 0.0000e+00
       4870     88.703     2.9234     2.9228   2.918479   2.918638     2.6936     2.6586      8.166     0.1876    -1.2338 1.0790e-01     0.0846    97.9070     7.4593     7.8405    32.0154    32.0179    25.5096    25.5117    7.61086 0.0000e+00
       4873     88.765     2.9235     2.9228   2.918488   2.918666     2.6940     2.6586      8.166     0.1925    -1.2338 1.0790e-01     0.0846    97.9070     7.4600     7.8390    32.0154    32.0183    25.5096    25.5119    7.61085 0.0000e+00
       4876     88.826     2.9234     2.9228   2.918493   2.918696     2.6936     2.6586      8.166     0.1925    -1.1944 1.0790e-01     0.0843    97.9157     7.4590     7.8378    32.0156    32.0186    25.5097    25.5122    7.61086 0.0000e+00
       4879     88.888     2.9232     2.9228   2.918508   2.918706     2.6936     2.6582      8.165     0.1778    -1.1943 1.0790e-01     0.0843    97.9157     7.4593     7.8365    32.0159    32.0187    25.5100    25.5123    7.61087 0.0000e+00
       4882     88.948     2.9234     2.9229   2.918539   2.918734     2.6932     2.6582      8.166     0.1632    -0.2864 1.0790e-01     0.0843    97.9157     7.4584     7.8369    32.0160    32.0190    25.5101    25.5124    7.61083 0.0000e+00
       4885     89.007     2.9234     2.9229   2.918534   2.918737     2.6944     2.6582      8.166     0.1632    -0.2863 1.0790e-01     0.0843    97.9157     7.4648     7.8379    32.0160    32.0189    25.5100    25.5124    7.61084 0.0000e+00
