Datasets/AZMP/COO001/79001079.cnv
* Sea-Bird SBE 9 Data File:
* FileName = C:\CTDDATA\79001079.hex
* Software Version Seasave V 7.26.7.110
* Temperature SN = 5660
* Conductivity SN = 3698
* Number of Bytes Per Scan = 30
* Number of Voltage Words = 4
* Number of Scans Averaged by the Deck Unit = 1
* NMEA baud rate = 9600
** VESSEL/TRIP/SEQ STN:  79001079
** LATITUDE XX XX.XX N:  48 10.51 N
** LONGITUDE XX XX.XX W:  53 37.73 W
** SOUNDING DEPTH (M):  0214
** PROBE TYPE: S1257
** CTD NUMBER: 046
** COMMENTS (14 CHAR): SS-07
** BOTTLES:  0
** LEVELS:
** STICKERS:
** VNET: N
** DO2: N
# nquan = 22
# nvalues = 6412                        
# units = specified
# name 0 = scan: Scan Count
# name 1 = prDM: Pressure, Digiquartz [db]
# name 2 = t090C: Temperature [ITS-90, deg C]
# name 3 = t190C: Temperature, 2 [ITS-90, deg C]
# name 4 = c0S/m: Conductivity [S/m]
# name 5 = c1S/m: Conductivity, 2 [S/m]
# name 6 = sbeox0V: Oxygen raw, SBE 43 [V]
# name 7 = sbeox1V: Oxygen raw, SBE 43, 2 [V]
# name 8 = ph: pH
# name 9 = flECO-AFL: Fluorescence, WET Labs ECO-AFL/FL [mg/m^3]
# name 10 = wetCDOM: Fluorescence, WET Labs CDOM [mg/m^3]
# name 11 = par/sat/log: PAR/Logarithmic, Satlantic [umol photons/m^2/sec]
# name 12 = CStarAt0: Beam Attenuation, WET Labs C-Star [1/m]
# name 13 = CStarTr0: Beam Transmission, WET Labs C-Star [%]
# name 14 = sbeox0ML/L: Oxygen, SBE 43 [ml/l], WS = 2
# name 15 = sbeox1ML/L: Oxygen, SBE 43, 2 [ml/l], WS = 2
# name 16 = sal00: Salinity, Practical [PSU]
# name 17 = sal11: Salinity, Practical, 2 [PSU]
# name 18 = sigma-t00: Density [sigma-t, kg/m^3 ]
# name 19 = sigma-t11: Density, 2 [sigma-t, kg/m^3 ]
# name 20 = oxsatML/L: Oxygen Saturation, Weiss [ml/l]
# name 21 = flag: flag
# span 0 =        195,      21378       
# span 1 =      1.708,    202.747       
# span 2 =     0.2102,     3.4944       
# span 3 =     0.2092,     3.4878       
# span 4 =   2.766097,   2.932344       
# span 5 =   2.766098,   2.932538       
# span 6 =     2.3888,     2.7499       
# span 7 =     2.3554,     2.7121       
# span 8 =      8.037,      8.179       
# span 9 =     0.0215,     1.4378       
# span 10 =     1.4507,     3.2668      
# span 11 = 1.0752e-01, 9.8051e+01      
# span 12 =     0.0800,     0.7775      
# span 13 =    82.3349,    98.0200      
# span 14 =     6.7907,     7.5994      
# span 15 =     7.3359,     7.9261      
# span 16 =    31.2536,    32.9336      
# span 17 =    31.2581,    32.9365      
# span 18 =    24.8566,    26.4279      
# span 19 =    24.8602,    26.4303      
# span 20 =    7.53567,    8.11394      
# span 21 = 0.0000e+00, 0.0000e+00      
# interval = scans: 3                   
# start_time = Dec 01 2019 16:47:08 [System UTC, header]
# bad_flag = -9.990e-29
*END*
[from data line 6387]
      21265      2.698     3.4702     3.4759   2.898215   2.902152     2.5537     2.6941      8.174     0.7101     3.1089 6.7650e+01     0.1736    95.7519     6.8224     7.8226    31.2811    31.3224    24.8774    24.9098    7.54394 0.0000e+00
      21268      2.673     3.4701     3.4756   2.898184   2.902067     2.5529     2.6941      8.174     0.6955     3.1089 6.7650e+01     0.1747    95.7259     6.8213     7.8207    31.2807    31.3217    24.8771    24.9093    7.54397 0.0000e+00
      21271      2.649     3.4698     3.4750   2.898097   2.901874     2.5517     2.6941      8.174     0.7004     3.1089 6.8516e+01     0.1747    95.7259     6.8192     7.8187    31.2800    31.3199    24.8766    24.9079    7.54406 0.0000e+00
      21274      2.626     3.4696     3.4745   2.898076   2.901687     2.5513     2.6941      8.174     0.7101     3.1089 6.8358e+01     0.1747    95.7259     6.8191     7.8194    31.2800    31.3182    24.8766    24.9066    7.54411 0.0000e+00
      21279      2.591     3.4693     3.4752   2.898072   2.901550     2.5513     2.6941      8.174     0.6662     3.1089 7.0125e+01     0.1743    95.7346     6.8238     7.8189    31.2802    31.3160    24.8768    24.9048    7.54415 0.0000e+00
      21290      2.517     3.4689     3.4728   2.898009   2.900877     2.5500     2.6941      8.174     0.6662     3.2273 7.4469e+01     0.1791    95.6216     6.8314     7.8201    31.2799    31.3103    24.8766    24.9004    7.54424 0.0000e+00
      21298      2.466     3.4687     3.4719   2.898048   2.900752     2.5500     2.6945      8.174     0.6711     3.2273 7.1935e+01     0.1791    95.6216     6.8352     7.8235    31.2806    31.3097    24.8772    24.9001    7.54425 0.0000e+00
      21305      2.418     3.4687     3.4731   2.898080   2.901102     2.5488     2.6941      8.174     0.6808     3.2273 7.3192e+01     0.1795    95.6129     6.8356     7.8237    31.2810    31.3127    24.8775    24.9023    7.54423 0.0000e+00
      21308      2.396     3.4687     3.4729   2.898217   2.900923     2.5496     2.6945      8.174     0.6955     3.2273 7.6916e+01     0.1835    95.5173     6.8385     7.8260    31.2826    31.3108    24.8787    24.9008    7.54414 0.0000e+00
      21311      2.374     3.4690     3.4727   2.898273   2.900227     2.5488     2.6949      8.174     0.6955     3.2273 7.6120e+01     0.1831    95.5260     6.8363     7.8292    31.2830    31.3027    24.8791    24.8944    7.54407 0.0000e+00
      21314      2.349     3.4691     3.4721   2.898215   2.900203     2.5476     2.6953      8.174     0.6906     3.1484 7.4983e+01     0.1835    95.5173     6.8335     7.8309    31.2822    31.3030    24.8784    24.8947    7.54408 0.0000e+00
      21317      2.326     3.4691     3.4718   2.898123   2.900269 -9.990e-29 -9.990e-29      8.174     0.6906     3.1089 7.6472e+01     0.1835    95.5173 -9.990e-29 -9.990e-29    31.2811    31.3041    24.8776    24.8956    7.54414 0.0000e+00
      21320      2.304     3.4690     3.4719   2.898031   2.900900 -9.990e-29 -9.990e-29      8.174     0.6955     3.1089 7.8534e+01     0.1835    95.5173 -9.990e-29 -9.990e-29    31.2802    31.3115    24.8768    24.9015    7.54421 0.0000e+00
      21323      2.283     3.4688     3.4728   2.897951   2.901071 -9.990e-29 -9.990e-29      8.174     0.6906     3.1089 8.1308e+01     0.1835    95.5173 -9.990e-29 -9.990e-29    31.2794    31.3128    24.8762    24.9024    7.54428 0.0000e+00
      21326      2.258     3.4684     3.4730   2.897768   2.901246 -9.990e-29 -9.990e-29      8.174     0.6906     3.1089 8.2347e+01     0.1809    95.5781 -9.990e-29 -9.990e-29    31.2777    31.3146    24.8749    24.9038    7.54445 0.0000e+00
      21329      2.235     3.4681     3.4731   2.897690   2.901123 -9.990e-29 -9.990e-29      8.174     0.6857     3.1089 8.0555e+01     0.1736    95.7519 -9.990e-29 -9.990e-29    31.2771    31.3131    24.8744    24.9026    7.54454 0.0000e+00
      21332      2.212     3.4677     3.4731   2.897623   2.900784 -9.990e-29 -9.990e-29      8.174     0.6467     3.1089 8.0090e+01     0.1736    95.7519 -9.990e-29 -9.990e-29    31.2766    31.3091    24.8741    24.8994    7.54463 0.0000e+00
      21336      2.185     3.4676     3.4721   2.897645   2.900421 -9.990e-29 -9.990e-29      8.174     0.6515     3.1089 7.8714e+01     0.1740    95.7432 -9.990e-29 -9.990e-29    31.2770    31.3058    24.8744    24.8969    7.54463 0.0000e+00
      21353      2.078     3.4669     3.4726   2.897411   2.900495 -9.990e-29 -9.990e-29      8.174     0.6418     3.1089 8.0410e+01     0.1773    95.6650 -9.990e-29 -9.990e-29    31.2749    31.3062    24.8728    24.8972    7.54486 0.0000e+00
      21362      2.018     3.4665     3.4729   2.897389   2.900177 -9.990e-29 -9.990e-29      8.174     0.6467     3.1089 7.7903e+01     0.1791    95.6216 -9.990e-29 -9.990e-29    31.2751    31.3022    24.8729    24.8939    7.54493 0.0000e+00
      21366      1.986     3.4665     3.4715   2.897373   2.899444 -9.990e-29 -9.990e-29      8.174     0.6467     3.1878 8.2139e+01     0.1765    95.6824 -9.990e-29 -9.990e-29    31.2749    31.2948    24.8728    24.8882    7.54494 0.0000e+00
      21370      1.957     3.4663     3.4699   2.897295   2.899064 -9.990e-29 -9.990e-29      8.174     0.6515     3.2273 8.8883e+01     0.1740    95.7432 -9.990e-29 -9.990e-29    31.2742    31.2918    24.8723    24.8860    7.54502 0.0000e+00
      21373      1.928     3.4661     3.4697   2.897211   2.899090 -9.990e-29 -9.990e-29      8.174     0.6515     3.2273 9.1162e+01     0.1740    95.7432 -9.990e-29 -9.990e-29    31.2734    31.2923    24.8716    24.8864    7.54510 0.0000e+00
      21376      1.900     3.4657     3.4705   2.897129   2.899261 -9.990e-29 -9.990e-29      8.174     0.6467     3.2273 8.9399e+01     0.1736    95.7519 -9.990e-29 -9.990e-29    31.2728    31.2936    24.8712    24.8873    7.54519 0.0000e+00
      21378      1.884     3.4656     3.4703   2.897065   2.899223 -9.990e-29 -9.990e-29      8.174     0.6564     3.2273 8.5942e+01     0.1747    95.7259 -9.990e-29 -9.990e-29    31.2722    31.2933    24.8707    24.8872    7.54525 0.0000e+00
