Datasets/AZMP/COO001/79001064.cnv
* Sea-Bird SBE 9 Data File:
* FileName = C:\CTDDATA\79001064.hex
* Software Version Seasave V 7.26.7.110
* Temperature SN = 5660
* Conductivity SN = 3698
* Number of Bytes Per Scan = 30
* Number of Voltage Words = 4
* Number of Scans Averaged by the Deck Unit = 1
* NMEA baud rate = 9600
** VESSEL/TRIP/SEQ STN:  79001064
** LATITUDE XX XX.XX N:  47 32.80 N
** LONGITUDE XX XX.XX W:  52 35.20 W
** SOUNDING DEPTH (M):  0176
** PROBE TYPE: S1257
** CTD NUMBER: 033
** COMMENTS (14 CHAR): S27-01
** BOTTLES:  20
** LEVELS: 5,5,5,5,10,20,20,20,20,30,40,50,50,50,75,100,100,100,150,BTM
** STICKERS: 435135 - 435154
** VNET: Y
** DO2: N
# nquan = 22
# nvalues = 4440                        
# units = specified
# name 0 = scan: Scan Count
# name 1 = prDM: Pressure, Digiquartz [db]
# name 2 = t090C: Temperature [ITS-90, deg C]
# name 3 = t190C: Temperature, 2 [ITS-90, deg C]
# name 4 = c0S/m: Conductivity [S/m]
# name 5 = c1S/m: Conductivity, 2 [S/m]
# name 6 = sbeox0V: Oxygen raw, SBE 43 [V]
# name 7 = sbeox1V: Oxygen raw, SBE 43, 2 [V]
# name 8 = ph: pH
# name 9 = flECO-AFL: Fluorescence, WET Labs ECO-AFL/FL [mg/m^3]
# name 10 = wetCDOM: Fluorescence, WET Labs CDOM [mg/m^3]
# name 11 = par/sat/log: PAR/Logarithmic, Satlantic [umol photons/m^2/sec]
# name 12 = CStarAt0: Beam Attenuation, WET Labs C-Star [1/m]
# name 13 = CStarTr0: Beam Transmission, WET Labs C-Star [%]
# name 14 = sbeox0ML/L: Oxygen, SBE 43 [ml/l], WS = 2
# name 15 = sbeox1ML/L: Oxygen, SBE 43, 2 [ml/l], WS = 2
# name 16 = sal00: Salinity, Practical [PSU]
# name 17 = sal11: Salinity, Practical, 2 [PSU]
# name 18 = sigma-t00: Density [sigma-t, kg/m^3 ]
# name 19 = sigma-t11: Density, 2 [sigma-t, kg/m^3 ]
# name 20 = oxsatML/L: Oxygen Saturation, Weiss [ml/l]
# name 21 = flag: flag
# span 0 =         11,      50778       
# span 1 =      0.492,    173.708       
# span 2 =    -0.6248,     2.9403       
# span 3 =    -0.6269,     2.9413       
# span 4 =   2.688014,   2.908616       
# span 5 =   2.687524,   2.908749       
# span 6 =     2.4288,     2.7801       
# span 7 =     2.3910,     2.7417       
# span 8 =      8.006,      8.142       
# span 9 =     0.0215,     0.6662       
# span 10 =    -2.8130,   481.1606      
# span 11 = 1.0765e-01, 2.1153e+02      
# span 12 =     0.0821,     0.1852      
# span 13 =    95.4739,    97.9678      
# span 14 =     6.9936,     7.9002      
# span 15 =     7.6422,     8.2437      
# span 16 =    31.9216,    32.8065      
# span 17 =    31.9188,    32.8086      
# span 18 =    25.4333,    26.3623      
# span 19 =    25.4311,    26.3640      
# span 20 =    7.61239,    8.30488      
# span 21 = 0.0000e+00, 0.0000e+00      
# interval = scans: 3                   
# start_time = Nov 30 2019 13:38:47 [System UTC, header]
# bad_flag = -9.990e-29
*END*
[from data line 1515]
       6490    122.837     0.4903     0.3503   2.753475   2.748894     2.5959     2.5605      8.075     0.1192     0.5032 1.0790e-01     0.0864    97.8636     7.6714     8.0338    32.4155    32.5034    25.9960    26.0740    8.08246 0.0000e+00
       6493    122.872     0.4343     0.3505   2.751698   2.748878     2.5967     2.5609      8.077     0.1143     0.5032 1.0790e-01     0.0857    97.8809     7.6848     8.0330    32.4513    32.5030    26.0277    26.0737    8.09246 0.0000e+00
       6496    122.909     0.4026     0.3509   2.750714   2.748882     2.5967     2.5605      8.075     0.1192     0.5032 1.0790e-01     0.0857    97.8809     7.6905     8.0256    32.4719    32.5026    26.0460    26.0733    8.09811 0.0000e+00
       6499    122.945     0.3827     0.3509   2.750295   2.748906     2.5959     2.5605      8.075     0.1143     0.5032 1.0790e-01     0.0857    97.8809     7.6928     8.0225    32.4874    32.5029    26.0595    26.0736    8.10153 0.0000e+00
       6502    122.980     0.3738     0.3514   2.750309   2.748967     2.5959     2.5605      8.075     0.0996     0.4637 1.0790e-01     0.0857    97.8809     7.6952     8.0201    32.4969    32.5031    26.0676    26.0737    8.10290 0.0000e+00
       6505    123.016     0.3705     0.3514   2.750161   2.748943     2.5959     2.5601      8.075     0.0850     0.5032 1.0790e-01     0.0853    97.8896     7.6961     8.0143    32.4985    32.5027    26.0690    26.0735    8.10353 0.0000e+00
       6508    123.050     0.3666     0.3511   2.749707   2.748969     2.5951     2.5593      8.075     0.0850     0.5032 1.0790e-01     0.0853    97.8896     7.6929     8.0062    32.4966    32.5035    26.0677    26.0741    8.10446 0.0000e+00
       6511    123.081     0.3622     0.3509   2.749525   2.748950     2.5955     2.5589      8.075     0.0850     0.5032 1.0790e-01     0.0867    97.8549     7.6960     8.0003    32.4989    32.5033    26.0698    26.0739    8.10529 0.0000e+00
       6514    123.114     0.3592     0.3513   2.749344   2.749004     2.5955     2.5580      8.075     0.0899     0.5032 1.0790e-01     0.0874    97.8375     7.6961     7.9943    32.4997    32.5036    26.0707    26.0742    8.10589 0.0000e+00
       6517    123.149     0.3588     0.3515   2.749272   2.749021     2.5947     2.5572      8.075     0.0899     0.5032 1.0790e-01     0.0874    97.8375     7.6930     7.9909    32.4992    32.5036    26.0702    26.0741    8.10600 0.0000e+00
       6520    123.179     0.3577     0.3514   2.749083   2.748979     2.5943     2.5568      8.075     0.0899     0.5032 1.0790e-01     0.0874    97.8375     7.6939     7.9890    32.4978    32.5031    26.0692    26.0738    8.10630 0.0000e+00
       6523    123.210     0.3574     0.3504   2.749159   2.748929     2.5959     2.5572      8.075     0.0850     0.5032 1.0790e-01     0.0874    97.8375     7.7006     7.9919    32.4991    32.5035    26.0702    26.0741    8.10630 0.0000e+00
       6526    123.238     0.3582     0.3503   2.749401   2.749000     2.5959     2.5564      8.075     0.0850     0.4637 1.0790e-01     0.0874    97.8375     7.6991     7.9928    32.5014    32.5045    26.0720    26.0750    8.10600 0.0000e+00
       6529    123.268     0.3592     0.3517   2.749334   2.749055     2.5947     2.5556      8.077     0.1045     0.5427 1.0790e-01     0.0874    97.8375     7.6931     7.9933    32.4995    32.5038    26.0704    26.0743    8.10589 0.0000e+00
       6532    123.298     0.3592     0.3518   2.749277   2.749038     2.5947     2.5556      8.077     0.0996     1.0559 1.0790e-01     0.0874    97.8375     7.6915     7.9954    32.4988    32.5034    26.0698    26.0740    8.10594 0.0000e+00
       6535    123.329     0.3587     0.3525   2.749281   2.749104     2.5951     2.5556      8.080     0.1045     1.0954 1.0790e-01     0.0864    97.8636     7.6901     7.9962    32.4993    32.5035    26.0703    26.0740    8.10602 0.0000e+00
       6538    123.359     0.3599     0.3532   2.750078   2.749142     2.5947     2.5552      8.077     0.1045     1.0954 1.0790e-01     0.0864    97.8636     7.6856     7.9929    32.5084    32.5032    26.0776    26.0737    8.10526 0.0000e+00
       6541    123.386     0.3745     0.3539   2.753515   2.749310     2.5947     2.5552      8.077     0.1045     1.0954 1.0790e-01     0.0864    97.8636     7.6771     7.9901    32.5377    32.5047    26.1004    26.0749    8.10050 0.0000e+00
       6544    123.415     0.4095     0.3575   2.756165   2.749825     2.5947     2.5544      8.080     0.0996     1.0954 1.0790e-01     0.0864    97.8636     7.6643     7.9810    32.5353    32.5076    26.0967    26.0771    8.09315 0.0000e+00
       6547    123.448     0.4410     0.3619   2.757354   2.749903     2.5943     2.5544      8.078     0.1094     1.0954 1.0790e-01     0.0867    97.8549     7.6525     7.9754    32.5175    32.5039    26.0807    26.0739    8.08739 0.0000e+00
       6550    123.481     0.4372     0.3580   2.755400   2.749628     2.5935     2.5544      8.080     0.0996     1.0954 1.0790e-01     0.0864    97.8636     7.6499     7.9738    32.4960    32.5044    26.0636    26.0745    8.08937 0.0000e+00
       6553    123.516     0.4134     0.3555   2.751996   2.749502     2.5931     2.5532      8.080     0.1045     1.0954 1.0790e-01     0.0853    97.8896     7.6536     7.9655    32.4768    32.5055    26.0494    26.0754    8.09552 0.0000e+00
       6556    123.552     0.3945     0.3553   2.750644   2.749554     2.5926     2.5528      8.078     0.0899     1.1744 1.0790e-01     0.0846    97.9070     7.6534     7.9585    32.4792    32.5063    26.0523    26.0761    8.09945 0.0000e+00
       6559    123.589     0.3822     0.3581   2.750260   2.749673     2.5926     2.5523      8.080     0.0850     1.4507 1.0790e-01     0.0843    97.9157     7.6531     7.9541    32.4871    32.5049    26.0592    26.0749    8.10164 0.0000e+00
       6562    123.629     0.3743     0.3589   2.750012   2.749672     2.5922     2.5515      8.078     0.0899     1.4507 1.0790e-01     0.0846    97.9070     7.6521     7.9499    32.4922    32.5040    26.0638    26.0741    8.10306 0.0000e+00
       6565    123.671     0.3696     0.3585   2.749797   2.749820     2.5910     2.5507      8.077     0.0947     1.4507 1.0790e-01     0.0853    97.8896     7.6486     7.9459    32.4943    32.5063    26.0657    26.0760    8.10395 0.0000e+00
       6568    123.717     0.3672     0.3578   2.749716   2.749795     2.5910     2.5503      8.078     0.0899     1.4507 1.0790e-01     0.0846    97.9070     7.6463     7.9444    32.4958    32.5067    26.0670    26.0764    8.10439 0.0000e+00
       6571    123.766     0.3660     0.3580   2.749800   2.749763     2.5902     2.5495      8.078     0.0899     1.4507 1.0790e-01     0.0850    97.8983     7.6410     7.9417    32.4980    32.5061    26.0689    26.0757    8.10451 0.0000e+00
       6574    123.819     0.3655     0.3595   2.749772   2.749758     2.5902     2.5495      8.080     0.0850     1.4507 1.0790e-01     0.0864    97.8636     7.6400     7.9437    32.4982    32.5044    26.0691    26.0744    8.10461 0.0000e+00
       6577    123.875     0.3649     0.3596   2.749696   2.749724     2.5898     2.5487      8.080     0.0850     1.4507 1.0790e-01     0.0864    97.8636     7.6354     7.9416    32.4978    32.5038    26.0688    26.0739    8.10476 0.0000e+00
       6580    123.929     0.3641     0.3602   2.749694   2.749718     2.5890     2.5483      8.078     0.0899     1.4507 1.0790e-01     0.0864    97.8636     7.6295     7.9401    32.4986    32.5031    26.0694    26.0732    8.10489 0.0000e+00
       6583    123.988     0.3635     0.3604   2.749661   2.749715     2.5886     2.5483      8.078     0.0899     1.2534 1.0790e-01     0.0864    97.8636     7.6257     7.9382    32.4988    32.5028    26.0696    26.0730    8.10501 0.0000e+00
       6586    124.049     0.3630     0.3598   2.749613   2.749684     2.5886     2.5474      8.075     0.0899     1.2139 1.0790e-01     0.0864    97.8636     7.6229     7.9304    32.4987    32.5030    26.0696    26.0733    8.10513 0.0000e+00
       6589    124.112     0.3601     0.3576   2.748862   2.749486     2.5882     2.5470      8.075     0.0850     1.2139 1.0790e-01     0.0864    97.8636     7.6186     7.9232    32.4919    32.5026    26.0643    26.0731    8.10612 0.0000e+00
       6592    124.176     0.3493     0.3558   2.747668   2.749374     2.5853     2.5466      8.074     0.0899     1.2139 1.0790e-01     0.0867    97.8549     7.6071     7.9149    32.4877    32.5031    26.0614    26.0735    8.10867 0.0000e+00
       6595    124.242     0.3415     0.3550   2.747584   2.749306     2.5857     2.5462      8.072     0.0899     1.2139 1.0790e-01     0.0864    97.8636     7.6071     7.9074    32.4948    32.5030    26.0676    26.0735    8.10996 0.0000e+00
       6598    124.312     0.3393     0.3546   2.747846   2.749249     2.5853     2.5454      8.071     0.0850     1.2139 1.0790e-01     0.0864    97.8636     7.6023     7.8970    32.5005    32.5026    26.0723    26.0732    8.11012 0.0000e+00
       6601    124.386     0.3388     0.3433   2.747810   2.747958     2.5837     2.5446      8.071     0.0850     1.2139 1.0790e-01     0.0864    97.8636     7.5958     7.8925    32.5005    32.4977    26.0723    26.0698    8.11023 0.0000e+00
       6604    124.461     0.3291     0.3250   2.745767   2.746876     2.5829     2.5438      8.071     0.0947     1.2139 1.0790e-01     0.0864    97.8636     7.5963     7.8855    32.4840    32.5028    26.0595    26.0749    8.11321 0.0000e+00
       6607    124.541     0.3070     0.3140   2.743455   2.746104     2.5829     2.5430      8.071     0.0850     1.1744 1.0790e-01     0.0864    97.8636     7.6010     7.8789    32.4773    32.5044    26.0551    26.0767    8.11835 0.0000e+00
       6610    124.623     0.2824     0.3019   2.741814   2.745122     2.5812     2.5413      8.071     0.0752     0.6217 1.0790e-01     0.0860    97.8723     7.6000     7.8709    32.4817    32.5043    26.0599    26.0772    8.12339 0.0000e+00
       6613    124.708     0.2646     0.2859   2.741312   2.743882     2.5800     2.5405      8.069     0.0752     0.6217 1.0790e-01     0.0864    97.8636     7.6019     7.8687    32.4939    32.5050    26.0707    26.0786    8.12656 0.0000e+00
       6616    124.794     0.2535     0.2724   2.740966   2.743396     2.5800     2.5397      8.068     0.0703     0.5427 1.0790e-01     0.0864    97.8636     7.6067     7.8660    32.5011    32.5128    26.0770    26.0856    8.12855 0.0000e+00
       6619    124.884     0.2449     0.2690   2.740487   2.742748     2.5788     2.5393      8.066     0.0703     0.6217 1.0790e-01     0.0864    97.8636     7.6039     7.8657    32.5039    32.5079    26.0797    26.0817    8.13026 0.0000e+00
       6622    124.977     0.2376     0.2487   2.740243   2.741068     2.5780     2.5381      8.066     0.0703     0.5822 1.0790e-01     0.0864    97.8636     7.6040     7.8695    32.5084    32.5074    26.0837    26.0824    8.13159 0.0000e+00
       6625    125.075     0.2328     0.2323   2.739933   2.740288     2.5776     2.5377      8.066     0.0752     0.6217 1.0790e-01     0.0864    97.8636     7.6058     7.8743    32.5093    32.5145    26.0847    26.0889    8.13256 0.0000e+00
       6628    125.173     0.2273     0.2243   2.739543   2.739875     2.5772     2.5361      8.066     0.0703     0.6217 1.0790e-01     0.0864    97.8636     7.6058     7.8754    32.5100    32.5176    26.0855    26.0917    8.13372 0.0000e+00
       6631    125.271     0.2231     0.2202   2.739439   2.739684     2.5760     2.5352      8.066     0.0752     0.5822 1.0790e-01     0.0864    97.8636     7.6026     7.8809    32.5130    32.5193    26.0881    26.0933    8.13445 0.0000e+00
       6634    125.374     0.2197     0.2178   2.739151   2.739446     2.5751     2.5348      8.064     0.0801     0.5427 1.0790e-01     0.0860    97.8723     7.6022     7.8892    32.5128    32.5187    26.0881    26.0930    8.13520 0.0000e+00
       6637    125.481     0.2157     0.2014   2.738883   2.737606     2.5751     2.5340      8.061     0.0996     0.2664 1.0790e-01     0.0860    97.8723     7.6067     7.8996    32.5134    32.5119    26.0888    26.0883    8.13602 0.0000e+00
       6640    125.590     0.2118     0.1865   2.738623   2.736887     2.5747     2.5332      8.061     0.0899     0.2269 1.0790e-01     0.0860    97.8723     7.6069     7.9128    32.5141    32.5181    26.0896    26.0941    8.13684 0.0000e+00
       6643    125.699     0.2069     0.1655   2.737635   2.735436     2.5731     2.5324      8.061     0.0899     0.2664 1.0790e-01     0.0857    97.8809     7.6042     7.9301    32.5063    32.5213    26.0835    26.0977    8.13833 0.0000e+00
       6646    125.811     0.1763     0.1363   2.732987   2.732987     2.5727     2.5324      8.062     0.0850     0.2664 1.0790e-01     0.0857    97.8809     7.6126     7.9551    32.4778    32.5202    26.0620    26.0981    8.14653 0.0000e+00
       6649    125.923     0.1372     0.1019   2.730614   2.730315     2.5723     2.5312      8.062     0.0850     0.2664 1.0790e-01     0.0857    97.8809     7.6218     7.9784    32.4880    32.5215    26.0722    26.1009    8.15443 0.0000e+00
       6652    126.035     0.1064     0.0487   2.729251   2.726612     2.5711     2.5312      8.062     0.0899     0.2664 1.0790e-01     0.0860    97.8722     7.6258     8.0101    32.5027    32.5293    26.0855    26.1096    8.16029 0.0000e+00
       6655    126.144     0.0808     0.0107   2.727541   2.724466     2.5698     2.5312      8.062     0.0850     0.2664 1.0790e-01     0.0910    97.7506     7.6278     8.0370    32.5074    32.5414    26.0904    26.1211    8.16561 0.0000e+00
       6658    126.250     0.0511    -0.0104   2.725313   2.723463     2.5711     2.5312      8.062     0.0850     0.2664 1.0790e-01     0.0917    97.7332     7.6394     8.0539    32.5095    32.5505    26.0936    26.1295    8.17194 0.0000e+00
       6661    126.353     0.0274    -0.0261   2.724501   2.722459     2.5711     2.5316      8.062     0.0557     0.8586 1.0790e-01     0.0917    97.7332     7.6438     8.0661    32.5240    32.5540    26.1064    26.1330    8.17630 0.0000e+00
       6664    126.453     0.0115    -0.0326   2.723995   2.722429     2.5690     2.5324      8.062     0.0557     1.5692 1.0790e-01     0.0917    97.7332     7.6407     8.0690    32.5341    32.5605    26.1153    26.1386    8.17919 0.0000e+00
       6667    126.550     0.0022    -0.0310   2.723975   2.722409     2.5690     2.5324      8.060     0.0557     1.5692 1.0790e-01     0.0917    97.7332     7.6435     8.0603    32.5437    32.5584    26.1235    26.1368    8.18069 0.0000e+00
       6670    126.644    -0.0031    -0.0337   2.723493   2.722253     2.5686     2.5336      8.059     0.0606     1.5692 1.0790e-01     0.0917    97.7332     7.6419     8.0519    32.5430    32.5591    26.1231    26.1376    8.18189 0.0000e+00
       6673    126.735    -0.0167    -0.0444   2.721854   2.721095     2.5686     2.5340      8.057     0.0557     1.5692 1.0790e-01     0.0913    97.7419     7.6460     8.0386    32.5358    32.5552    26.1179    26.1349    8.18526 0.0000e+00
       6676    126.819    -0.0360    -0.0612   2.719983   2.719978     2.5674     2.5344      8.058     0.0557     1.5692 1.0790e-01     0.0892    97.7941     7.6459     8.0226    32.5316    32.5584    26.1155    26.1382    8.18971 0.0000e+00
       6679    126.901    -0.0592    -0.0732   2.718490   2.719128     2.5666     2.5348      8.058     0.0557     1.5692 1.0790e-01     0.0896    97.7854     7.6475     8.0044    32.5366    32.5599    26.1205    26.1400    8.19450 0.0000e+00
       6682    126.975    -0.0750    -0.0947   2.718197   2.717758     2.5662     2.5336      8.058     0.0508     1.5692 1.0790e-01     0.0896    97.7854     7.6468     7.9795    32.5495    32.5647    26.1316    26.1448    8.19724 0.0000e+00
