Datasets/AZMP/COO001/79001118.cnv
* Sea-Bird SBE 9 Data File:
* FileName = C:\CTDDATA\79001118.hex
* Software Version Seasave V 7.26.7.110
* Temperature SN = 5660
* Conductivity SN = 3698
* Number of Bytes Per Scan = 30
* Number of Voltage Words = 4
* Number of Scans Averaged by the Deck Unit = 1
* NMEA baud rate = 9600
** VESSEL/TRIP/SEQ STN:  79001118
** LATITUDE XX XX.XX N:  47 00.00 N
** LONGITUDE XX XX.XX W:  50 00.00 W
** SOUNDING DEPTH (M):  0087
** PROBE TYPE: S1257
** CTD NUMBER: 078
** COMMENTS (14 CHAR): FC-09
** BOTTLES:  18
** LEVELS: 5,5,5,5,10,20,20,20,20,30,40,50,50,50,75,BTM,BTM,BTM
** STICKERS: 435585 - 435602
** VNET: N
** DO2: N
# nquan = 22
# nvalues = 2371                        
# units = specified
# name 0 = scan: Scan Count
# name 1 = prDM: Pressure, Digiquartz [db]
# name 2 = t090C: Temperature [ITS-90, deg C]
# name 3 = t190C: Temperature, 2 [ITS-90, deg C]
# name 4 = c0S/m: Conductivity [S/m]
# name 5 = c1S/m: Conductivity, 2 [S/m]
# name 6 = sbeox0V: Oxygen raw, SBE 43 [V]
# name 7 = sbeox1V: Oxygen raw, SBE 43, 2 [V]
# name 8 = ph: pH
# name 9 = flECO-AFL: Fluorescence, WET Labs ECO-AFL/FL [mg/m^3]
# name 10 = wetCDOM: Fluorescence, WET Labs CDOM [mg/m^3]
# name 11 = par/sat/log: PAR/Logarithmic, Satlantic [umol photons/m^2/sec]
# name 12 = CStarAt0: Beam Attenuation, WET Labs C-Star [1/m]
# name 13 = CStarTr0: Beam Transmission, WET Labs C-Star [%]
# name 14 = sbeox0ML/L: Oxygen, SBE 43 [ml/l], WS = 2
# name 15 = sbeox1ML/L: Oxygen, SBE 43, 2 [ml/l], WS = 2
# name 16 = sal00: Salinity, Practical [PSU]
# name 17 = sal11: Salinity, Practical, 2 [PSU]
# name 18 = sigma-t00: Density [sigma-t, kg/m^3 ]
# name 19 = sigma-t11: Density, 2 [sigma-t, kg/m^3 ]
# name 20 = oxsatML/L: Oxygen Saturation, Weiss [ml/l]
# name 21 = flag: flag
# span 0 =        125,      42023       
# span 1 =      1.700,     80.553       
# span 2 =    -0.4379,     3.6451       
# span 3 =    -0.4391,     3.6366       
# span 4 =   2.711842,   2.983978       
# span 5 =   2.711881,   2.983464       
# span 6 =     2.3743,     2.7627       
# span 7 =     2.3451,     2.7367       
# span 8 =      8.006,      8.169       
# span 9 =     0.0703,     1.0032       
# span 10 =     1.4507,     2.2798      
# span 11 = 1.0790e-01, 1.6288e+02      
# span 12 =     0.1013,     0.6968      
# span 13 =    84.0120,    97.4986      
# span 14 =     6.6381,     7.6222      
# span 15 =     6.7275,     8.1250      
# span 16 =    31.9931,    33.1287      
# span 17 =    32.1195,    32.9910      
# span 18 =    25.5324,    26.5897      
# span 19 =    25.5303,    26.4704      
# span 20 =    7.46894,    8.25796      
# span 21 = 0.0000e+00, 0.0000e+00      
# interval = scans: 3                   
# start_time = Dec 07 2019 16:17:55 [System UTC, header]
# bad_flag = -9.990e-29
*END*
[from data line 1383]
      13588     59.723    -0.4340    -0.4343   2.711866   2.711969     2.3812     2.3506      8.013     0.4610     1.9245 4.5520e-01     0.1697    95.8475     7.0112     7.3397    32.8908    32.8925    26.4228    26.4242    8.25714 0.0000e+00
      13591     59.678    -0.4339    -0.4343   2.711874   2.711960     2.3812     2.3523      8.012     0.4708     1.9640 4.6633e-01     0.1700    95.8388     7.0093     7.3441    32.8907    32.8923    26.4228    26.4241    8.25711 0.0000e+00
      13594     59.634    -0.4338    -0.4343   2.711866   2.711958     2.3812     2.3506      8.010     0.4659     2.1614 4.6741e-01     0.1697    95.8475     7.0094     7.3408    32.8906    32.8923    26.4227    26.4241    8.25711 0.0000e+00
      13597     59.593    -0.4339    -0.4343   2.711851   2.711969     2.3808     2.3518      8.012     0.4610     2.1614 4.7284e-01     0.1704    95.8301     7.0074     7.3457    32.8905    32.8925    26.4226    26.4243    8.25712 0.0000e+00
      13600     59.552    -0.4340    -0.4343   2.711860   2.711956     2.3812     2.3518      8.010     0.4610     2.1614 4.7558e-01     0.1700    95.8388     7.0088     7.3469    32.8907    32.8924    26.4228    26.4242    8.25713 0.0000e+00
      13603     59.511    -0.4340    -0.4343   2.711854   2.711967     2.3816     2.3510      8.013     0.4610     2.1614 4.6958e-01     0.1693    95.8562     7.0115     7.3421    32.8908    32.8925    26.4228    26.4243    8.25714 0.0000e+00
      13606     59.473    -0.4339    -0.4344   2.711866   2.711932     2.3808     2.3518      8.012     0.4610     2.1614 4.7339e-01     0.1693    95.8562     7.0094     7.3491    32.8908    32.8922    26.4228    26.4240    8.25712 0.0000e+00
      13609     59.435    -0.4339    -0.4344   2.711868   2.711932     2.3803     2.3514      8.012     0.3780     2.1614 4.8059e-01     0.1693    95.8562     7.0097     7.3467    32.8908    32.8922    26.4229    26.4240    8.25711 0.0000e+00
      13612     59.400    -0.4338    -0.4344   2.711849   2.711956     2.3803     2.3514      8.012     0.0996     2.1614 4.8001e-01     0.1693    95.8562     7.0087     7.3497    32.8905    32.8926    26.4226    26.4243    8.25711 0.0000e+00
      13615     59.362    -0.4339    -0.4342   2.711845   2.711967     2.3812     2.3510      8.012     0.0996     2.1614 4.8002e-01     0.1693    95.8562     7.0141     7.3439    32.8906    32.8926    26.4227    26.4243    8.25713 0.0000e+00
      13618     59.327    -0.4339    -0.4340   2.711855   2.711953     2.3812     2.3518      8.013     0.0996     2.0824 4.8167e-01     0.1697    95.8475     7.0150     7.3467    32.8907    32.8921    26.4228    26.4239    8.25712 0.0000e+00
      13621     59.297    -0.4337    -0.4341   2.711867   2.711960     2.3803     2.3514      8.013     0.0996     2.0429 4.7889e-01     0.1700    95.8388     7.0139     7.3460    32.8906    32.8924    26.4227    26.4241    8.25707 0.0000e+00
      13624     59.269    -0.4337    -0.4340   2.711857   2.711960     2.3812     2.3510      8.013     0.0996     2.0429 4.8558e-01     0.1697    95.8475     7.0154     7.3407    32.8906    32.8923    26.4227    26.4241    8.25707 0.0000e+00
      13627     59.238    -0.4338    -0.4341   2.711865   2.711959     2.3812     2.3523      8.013     0.0996     2.0429 4.8168e-01     0.1697    95.8475     7.0164     7.3480    32.8908    32.8924    26.4228    26.4242    8.25708 0.0000e+00
      13630     59.210    -0.4337    -0.4342   2.711867   2.711950     2.3812     2.3522      8.013     0.0996     2.0429 4.9015e-01     0.1693    95.8562     7.0177     7.3464    32.8907    32.8924    26.4228    26.4242    8.25707 0.0000e+00
      13633     59.185    -0.4338    -0.4343   2.711865   2.711922     2.3812     2.3506      8.015     0.0996     2.0429 4.9353e-01     0.1697    95.8475     7.0174     7.3413    32.8908    32.8921    26.4229    26.4239    8.25708 0.0000e+00
      13636     59.160    -0.4337    -0.4345   2.711865   2.711937     2.3812     2.3527      8.015     0.0996     2.0429 4.8671e-01     0.1697    95.8475     7.0173     7.3501    32.8908    32.8925    26.4229    26.4243    8.25708 0.0000e+00
      13639     59.137    -0.4338    -0.4343   2.711865   2.711926     2.3816     2.3506      8.012     0.0996     2.0429 4.8727e-01     0.1704    95.8301     7.0158     7.3367    32.8908    32.8922    26.4229    26.4241    8.25708 0.0000e+00
      13642     59.111    -0.4335    -0.4345   2.711865   2.711916     2.3816     2.3514      8.012     0.0996     2.0429 4.9465e-01     0.1704    95.8301     7.0156     7.3419    32.8905    32.8923    26.4227    26.4241    8.25704 0.0000e+00
      13645     59.082    -0.4333    -0.4347   2.711884   2.711937     2.3816     2.3514      8.010     0.1045     2.0429 4.9466e-01     0.1711    95.8128     7.0143     7.3397    32.8906    32.8928    26.4227    26.4245    8.25698 0.0000e+00
      13648     59.056    -0.4332    -0.4345   2.711875   2.711931     2.3808     2.3506      8.013     0.0996     2.0429 4.9522e-01     0.1708    95.8214     7.0107     7.3394    32.8903    32.8925    26.4225    26.4243    8.25698 0.0000e+00
      13652     59.022    -0.4332    -0.4344   2.711885   2.711928     2.3812     2.3518      8.013     0.0996     2.0429 4.9869e-01     0.1704    95.8301     7.0120     7.3433    32.8905    32.8925    26.4226    26.4242    8.25696 0.0000e+00
      13656     58.982    -0.4332    -0.4345   2.711879   2.711931     2.3816     2.3523      8.013     0.0996     2.0429 5.0563e-01     0.1708    95.8214     7.0127     7.3493    32.8905    32.8926    26.4226    26.4243    8.25697 0.0000e+00
      13659     58.951    -0.4332    -0.4345   2.711883   2.711928     2.3820     2.3510      8.010     0.1045     2.0429 5.0040e-01     0.1718    95.7954     7.0137     7.3451    32.8905    32.8926    26.4226    26.4243    8.25697 0.0000e+00
      13662     58.918    -0.4333    -0.4346   2.711883   2.711924     2.3803     2.3506      8.012     0.0996     2.0429 5.0742e-01     0.1754    95.7085     7.0090     7.3503    32.8907    32.8926    26.4227    26.4244    8.25698 0.0000e+00
      13665     58.886    -0.4333    -0.4344   2.711883   2.711926     2.3812     2.3518      8.010     0.0996     2.0429 5.0858e-01     0.1758    95.6998     7.0126     7.3551    32.8907    32.8925    26.4228    26.4243    8.25699 0.0000e+00
      13668     58.853    -0.4333    -0.4344   2.711860   2.711913     2.3808     2.3510      8.013     0.0996     2.0429 5.0564e-01     0.1758    95.6998     7.0112     7.3539    32.8904    32.8923    26.4225    26.4241    8.25700 0.0000e+00
      13671     58.819    -0.4333    -0.4342   2.711884   2.711955     2.3820     2.3523      8.012     0.0996     2.0429 5.0739e-01     0.1758    95.6998     7.0160     7.3597    32.8908    32.8927    26.4229    26.4244    8.25699 0.0000e+00
      13674     58.784    -0.4333    -0.4342   2.711877   2.711940     2.3812     2.3506      8.012     0.0996     2.0429 5.1747e-01     0.1758    95.6998     7.0118     7.3518    32.8907    32.8925    26.4228    26.4243    8.25699 0.0000e+00
      13677     58.750    -0.4334    -0.4343   2.711876   2.711926     2.3812     2.3518      8.010     0.0996     2.0429 5.2106e-01     0.1758    95.6998     7.0138     7.3596    32.8908    32.8925    26.4229    26.4242    8.25700 0.0000e+00
      13680     58.713    -0.4332    -0.4341   2.711861   2.711927     2.3812     2.3510      8.012     0.0996     2.0429 5.2227e-01     0.1751    95.7172     7.0156     7.3552    32.8904    32.8923    26.4226    26.4241    8.25698 0.0000e+00
      13683     58.674    -0.4332    -0.4343   2.711842   2.711918     2.3816     2.3523      8.015     0.0996     2.0429 5.2287e-01     0.1722    95.7867     7.0198     7.3642    32.8902    32.8923    26.4224    26.4241    8.25700 0.0000e+00
      13686     58.633    -0.4334    -0.4342   2.711859   2.711907     2.3820     2.3527      8.013     0.0947     2.0429 5.2834e-01     0.1722    95.7867     7.0203     7.3630    32.8907    32.8922    26.4227    26.4240    8.25701 0.0000e+00
      13689     58.591    -0.4334    -0.4342   2.711859   2.711921     2.3812     2.3522      8.012     0.0996     2.0429 5.2897e-01     0.1722    95.7867     7.0151     7.3604    32.8907    32.8924    26.4227    26.4242    8.25701 0.0000e+00
      13692     58.548    -0.4334    -0.4342   2.711872   2.711929     2.3812     2.3518      8.012     0.0899     2.0429 5.2654e-01     0.1722    95.7867     7.0145     7.3603    32.8909    32.8925    26.4229    26.4242    8.25699 0.0000e+00
      13695     58.500    -0.4333    -0.4342   2.711848   2.711912     2.3812     2.3522      8.010     0.0996     2.0429 5.3572e-01     0.1725    95.7780     7.0145     7.3597    32.8905    32.8923    26.4226    26.4241    8.25700 0.0000e+00
      13698     58.451    -0.4333    -0.4342   2.711870   2.711901     2.3816     2.3522      8.012     0.0996     2.1614 5.3637e-01     0.1718    95.7954     7.0159     7.3603    32.8908    32.8922    26.4229    26.4240    8.25698 0.0000e+00
      13701     58.400    -0.4332    -0.4342   2.711884   2.711881     2.3824     2.3522      8.012     0.0996     2.1614 5.4832e-01     0.1715    95.8041     7.0187     7.3556    32.8909    32.8919    26.4230    26.4238    8.25696 0.0000e+00
      13704     58.347    -0.4330    -0.4344   2.711925   2.711883     2.3824     2.3522      8.012     0.0996     2.1614 5.5149e-01     0.1708    95.8214     7.0175     7.3560    32.8913    32.8923    26.4232    26.4241    8.25688 0.0000e+00
      13707     58.292    -0.4324    -0.4345   2.711991   2.711885     2.3820     2.3527      8.013     0.1045     2.1614 5.4447e-01     0.1708    95.8214     7.0145     7.3561    32.8916    32.8924    26.4234    26.4241    8.25675 0.0000e+00
      13710     58.233    -0.4315    -0.4345   2.712092   2.711887     2.3812     2.3522      8.012     0.1045     2.1614 5.4765e-01     0.1708    95.8214     7.0112     7.3540    32.8920    32.8925    26.4237    26.4242    8.25652 0.0000e+00
      13713     58.171    -0.4308    -0.4346   2.712151   2.711896     2.3812     2.3531      8.015     0.0996     2.1614 5.5464e-01     0.1704    95.8301     7.0101     7.3563    32.8920    32.8927    26.4237    26.4245    8.25636 0.0000e+00
      13716     58.108    -0.4299    -0.4345   2.712250   2.711896     2.3820     2.3522      8.012     0.0996     2.1614 5.5335e-01     0.1704    95.8301     7.0102     7.3529    32.8924    32.8926    26.4240    26.4243    8.25613 0.0000e+00
      13719     58.044    -0.4290    -0.4343   2.712264   2.711907     2.3820     2.3527      8.013     0.1094     2.1614 5.6501e-01     0.1711    95.8128     7.0064     7.3533    32.8916    32.8926    26.4234    26.4243    8.25598 0.0000e+00
      13722     57.978    -0.4284    -0.4340   2.712276   2.711918     2.3812     2.3527      8.013     0.0996     2.1614 5.6629e-01     0.1700    95.8388     7.0011     7.3502    32.8911    32.8925    26.4229    26.4242    8.25586 0.0000e+00
      13725     57.911    -0.4281    -0.4337   2.712243   2.711949     2.3824     2.3527      8.013     0.1094     2.1614 5.7954e-01     0.1704    95.8301     7.0054     7.3476    32.8905    32.8926    26.4224    26.4243    8.25584 0.0000e+00
      13728     57.842    -0.4281    -0.4337   2.712192   2.711965     2.3812     2.3527      8.012     0.0996     2.1614 5.7620e-01     0.1704    95.8301     7.0026     7.3452    32.8899    32.8929    26.4219    26.4245    8.25589 0.0000e+00
      13731     57.770    -0.4282    -0.4293   2.712291   2.712537     2.3816     2.3527      8.013     0.0996     2.1614 5.8157e-01     0.1704    95.8301     7.0050     7.3428    32.8913    32.8957    26.4231    26.4267    8.25582 0.0000e+00
      13734     57.699    -0.4276    -0.4247   2.712327   2.712658     2.3812     2.3527      8.012     0.0996     2.1614 5.8494e-01     0.1700    95.8388     7.0015     7.3400    32.8911    32.8925    26.4229    26.4238    8.25569 0.0000e+00
      13737     57.629    -0.4272    -0.4242   2.712282   2.712645     2.3812     2.3522      8.013     0.1045     2.1614 5.9104e-01     0.1704    95.8301     7.0002     7.3377    32.8902    32.8917    26.4221    26.4232    8.25567 0.0000e+00
      13740     57.559    -0.4275    -0.4248   2.712155   2.712590     2.3803     2.3527      8.013     0.1045     2.1614 5.9861e-01     0.1711    95.8127     6.9974     7.3388    32.8888    32.8918    26.4210    26.4232    8.25580 0.0000e+00
      13743     57.492    -0.4279    -0.4254   2.712171   2.712571     2.3803     2.3527      8.013     0.0996     2.1614 6.0557e-01     0.1754    95.7085     6.9993     7.3376    32.8896    32.8922    26.4216    26.4236    8.25585 0.0000e+00
      13746     57.425    -0.4279    -0.4256   2.712251   2.712568     2.3808     2.3518      8.012     0.1045     2.1614 6.0838e-01     0.1758    95.6998     7.0011     7.3318    32.8907    32.8924    26.4225    26.4238    8.25579 0.0000e+00
      13749     57.362    -0.4280    -0.4257   2.712174   2.712506     2.3812     2.3518      8.010     0.0996     2.0824 6.0487e-01     0.1758    95.6998     7.0041     7.3308    32.8897    32.8917    26.4217    26.4233    8.25586 0.0000e+00
      13752     57.307    -0.4280    -0.4263   2.712189   2.712454     2.3812     2.3522      8.012     0.1045     2.0429 6.1546e-01     0.1758    95.6998     7.0065     7.3340    32.8900    32.8917    26.4220    26.4233    8.25585 0.0000e+00
      13755     57.254    -0.4285    -0.4265   2.712146   2.712428     2.3803     2.3527      8.015     0.0996     2.0429 6.1761e-01     0.1758    95.6998     7.0044     7.3342    32.8900    32.8916    26.4220    26.4232    8.25596 0.0000e+00
      13758     57.206    -0.4287    -0.4272   2.712162   2.712404     2.3799     2.3518      8.010     0.0996     2.0429 6.2261e-01     0.1758    95.6998     7.0044     7.3310    32.8904    32.8920    26.4223    26.4236    8.25597 0.0000e+00
      13761     57.162    -0.4289    -0.4273   2.712127   2.712421     2.3808     2.3518      8.012     0.0996     2.0429 6.2477e-01     0.1754    95.7085     7.0075     7.3288    32.8902    32.8924    26.4222    26.4239    8.25603 0.0000e+00
      13764     57.123    -0.4292    -0.4271   2.712096   2.712436     2.3812     2.3518      8.012     0.0996     2.0429 6.2550e-01     0.1736    95.7519     7.0092     7.3309    32.8901    32.8924    26.4221    26.4239    8.25610 0.0000e+00
      13767     57.087    -0.4294    -0.4265   2.712120   2.712454     2.3803     2.3522      8.012     0.1045     2.0429 6.3570e-01     0.1736    95.7519     7.0036     7.3354    32.8908    32.8920    26.4227    26.4236    8.25612 0.0000e+00
      13770     57.053    -0.4285    -0.4262   2.712170   2.712477     2.3808     2.3514      8.010     0.1143     2.0429 6.4014e-01     0.1740    95.7432     7.0035     7.3355    32.8905    32.8921    26.4224    26.4236    8.25594 0.0000e+00
      13773     57.024    -0.4277    -0.4266   2.712225   2.712481     2.3808     2.3514      8.012     0.1094     2.0429 6.3645e-01     0.1740    95.7432     7.0041     7.3342    32.8903    32.8926    26.4222    26.4240    8.25576 0.0000e+00
      13776     56.997    -0.4269    -0.4262   2.712291   2.712466     2.3812     2.3518      8.012     0.1143     2.0429 6.3423e-01     0.1736    95.7519     7.0068     7.3366    32.8903    32.8919    26.4222    26.4234    8.25559 0.0000e+00
      13779     56.970    -0.4273    -0.4258   2.712189   2.712499     2.3808     2.3514      8.013     0.1094     2.0429 6.4309e-01     0.1740    95.7432     7.0049     7.3358    32.8895    32.8920    26.4215    26.4235    8.25572 0.0000e+00
      13782     56.947    -0.4283    -0.4254   2.712095   2.712529     2.3808     2.3510      8.010     0.1143     2.0429 6.4462e-01     0.1740    95.7432     7.0040     7.3373    32.8893    32.8920    26.4214    26.4235    8.25596 0.0000e+00
