Datasets/AZMP/COO001/79001118.cnv
* Sea-Bird SBE 9 Data File:
* FileName = C:\CTDDATA\79001118.hex
* Software Version Seasave V 7.26.7.110
* Temperature SN = 5660
* Conductivity SN = 3698
* Number of Bytes Per Scan = 30
* Number of Voltage Words = 4
* Number of Scans Averaged by the Deck Unit = 1
* NMEA baud rate = 9600
** VESSEL/TRIP/SEQ STN:  79001118
** LATITUDE XX XX.XX N:  47 00.00 N
** LONGITUDE XX XX.XX W:  50 00.00 W
** SOUNDING DEPTH (M):  0087
** PROBE TYPE: S1257
** CTD NUMBER: 078
** COMMENTS (14 CHAR): FC-09
** BOTTLES:  18
** LEVELS: 5,5,5,5,10,20,20,20,20,30,40,50,50,50,75,BTM,BTM,BTM
** STICKERS: 435585 - 435602
** VNET: N
** DO2: N
# nquan = 22
# nvalues = 2371                        
# units = specified
# name 0 = scan: Scan Count
# name 1 = prDM: Pressure, Digiquartz [db]
# name 2 = t090C: Temperature [ITS-90, deg C]
# name 3 = t190C: Temperature, 2 [ITS-90, deg C]
# name 4 = c0S/m: Conductivity [S/m]
# name 5 = c1S/m: Conductivity, 2 [S/m]
# name 6 = sbeox0V: Oxygen raw, SBE 43 [V]
# name 7 = sbeox1V: Oxygen raw, SBE 43, 2 [V]
# name 8 = ph: pH
# name 9 = flECO-AFL: Fluorescence, WET Labs ECO-AFL/FL [mg/m^3]
# name 10 = wetCDOM: Fluorescence, WET Labs CDOM [mg/m^3]
# name 11 = par/sat/log: PAR/Logarithmic, Satlantic [umol photons/m^2/sec]
# name 12 = CStarAt0: Beam Attenuation, WET Labs C-Star [1/m]
# name 13 = CStarTr0: Beam Transmission, WET Labs C-Star [%]
# name 14 = sbeox0ML/L: Oxygen, SBE 43 [ml/l], WS = 2
# name 15 = sbeox1ML/L: Oxygen, SBE 43, 2 [ml/l], WS = 2
# name 16 = sal00: Salinity, Practical [PSU]
# name 17 = sal11: Salinity, Practical, 2 [PSU]
# name 18 = sigma-t00: Density [sigma-t, kg/m^3 ]
# name 19 = sigma-t11: Density, 2 [sigma-t, kg/m^3 ]
# name 20 = oxsatML/L: Oxygen Saturation, Weiss [ml/l]
# name 21 = flag: flag
# span 0 =        125,      42023       
# span 1 =      1.700,     80.553       
# span 2 =    -0.4379,     3.6451       
# span 3 =    -0.4391,     3.6366       
# span 4 =   2.711842,   2.983978       
# span 5 =   2.711881,   2.983464       
# span 6 =     2.3743,     2.7627       
# span 7 =     2.3451,     2.7367       
# span 8 =      8.006,      8.169       
# span 9 =     0.0703,     1.0032       
# span 10 =     1.4507,     2.2798      
# span 11 = 1.0790e-01, 1.6288e+02      
# span 12 =     0.1013,     0.6968      
# span 13 =    84.0120,    97.4986      
# span 14 =     6.6381,     7.6222      
# span 15 =     6.7275,     8.1250      
# span 16 =    31.9931,    33.1287      
# span 17 =    32.1195,    32.9910      
# span 18 =    25.5324,    26.5897      
# span 19 =    25.5303,    26.4704      
# span 20 =    7.46894,    8.25796      
# span 21 = 0.0000e+00, 0.0000e+00      
# interval = scans: 3                   
# start_time = Dec 07 2019 16:17:55 [System UTC, header]
# bad_flag = -9.990e-29
*END*
[from data line 725]
       2923     57.560    -0.4240    -0.4172   2.712758   2.713659     2.3858     2.3585      8.020     0.0996     2.1614 4.7177e-01     0.1758    95.6998     7.0107     7.3360    32.8931    32.8978    26.4243    26.4278    8.25479 0.0000e+00
       2926     57.679    -0.4252    -0.4214   2.712785   2.713244     2.3850     2.3585      8.020     0.0996     2.1614 4.7503e-01     0.1758    95.6998     7.0088     7.3394    32.8948    32.8967    26.4257    26.4271    8.25497 0.0000e+00
       2929     57.804    -0.4254    -0.4239   2.712879   2.713203     2.3846     2.3577      8.020     0.0996     2.1614 4.6525e-01     0.1758    95.6998     7.0067     7.3404    32.8961    32.8988    26.4268    26.4289    8.25493 0.0000e+00
       2932     57.929    -0.4254    -0.4236   2.712827   2.713238     2.3837     2.3577      8.020     0.0996     2.1614 4.6045e-01     0.1751    95.7172     7.0070     7.3455    32.8953    32.8989    26.4262    26.4290    8.25497 0.0000e+00
       2935     58.053    -0.4260    -0.4233   2.712733   2.713243     2.3833     2.3577      8.022     0.1045     2.1614 4.5833e-01     0.1740    95.7432     7.0068     7.3516    32.8946    32.8986    26.4256    26.4287    8.25514 0.0000e+00
       2938     58.179    -0.4264    -0.4237   2.712752   2.713184     2.3837     2.3577      8.020     0.0947     2.0429 4.4477e-01     0.1743    95.7346     7.0080     7.3542    32.8952    32.8981    26.4261    26.4284    8.25519 0.0000e+00
       2941     58.305    -0.4266    -0.4241   2.712781   2.713168     2.3842     2.3577      8.020     0.0801     1.9245 4.4838e-01     0.1740    95.7432     7.0103     7.3568    32.8958    32.8982    26.4266    26.4285    8.25521 0.0000e+00
       2944     58.428    -0.4265    -0.4266   2.712825   2.712897     2.3829     2.3577      8.020     0.0752     1.9245 4.4786e-01     0.1740    95.7432     7.0069     7.3604    32.8963    32.8973    26.4269    26.4278    8.25517 0.0000e+00
       2947     58.552    -0.4262    -0.4288   2.712891   2.712808     2.3837     2.3577      8.020     0.0850     1.9245 4.3463e-01     0.1740    95.7432     7.0141     7.3650    32.8967    32.8983    26.4273    26.4287    8.25508 0.0000e+00
       2950     58.672    -0.4259    -0.4295   2.712819   2.712779     2.3833     2.3577      8.020     0.0899     1.9245 4.2024e-01     0.1743    95.7346     7.0176     7.3680    32.8953    32.8987    26.4261    26.4291    8.25508 0.0000e+00
       2953     58.789    -0.4267    -0.4296   2.712688   2.712788     2.3842     2.3577      8.020     0.0850     1.9245 4.2710e-01     0.1722    95.7867     7.0243     7.3733    32.8943    32.8989    26.4254    26.4292    8.25531 0.0000e+00
       2956     58.907    -0.4276    -0.4296   2.712702   2.712787     2.3837     2.3581      8.020     0.0850     1.9245 4.1880e-01     0.1704    95.8301     7.0277     7.3775    32.8954    32.8988    26.4264    26.4291    8.25544 0.0000e+00
       2959     59.021    -0.4278    -0.4298   2.712691   2.712767     2.3833     2.3577      8.020     0.0947     1.9245 4.0827e-01     0.1711    95.8128     7.0264     7.3790    32.8955    32.8986    26.4264    26.4290    8.25550 0.0000e+00
       2962     59.132    -0.4280    -0.4300   2.712711   2.712740     2.3837     2.3577      8.020     0.0850     1.9245 4.0686e-01     0.1704    95.8301     7.0277     7.3816    32.8959    32.8984    26.4267    26.4288    8.25552 0.0000e+00
       2965     59.239    -0.4279    -0.4299   2.712722   2.712758     2.3837     2.3577      8.020     0.0899     2.0034 4.0079e-01     0.1711    95.8128     7.0300     7.3835    32.8958    32.8986    26.4267    26.4290    8.25549 0.0000e+00
       2968     59.341    -0.4279    -0.4299   2.712766   2.712778     2.3837     2.3577      8.023     0.0899     2.0429 4.0125e-01     0.1704    95.8301     7.0302     7.3863    32.8964    32.8987    26.4271    26.4291    8.25547 0.0000e+00
       2971     59.439    -0.4277    -0.4299   2.712737   2.712767     2.3846     2.3581      8.020     0.0850     2.0429 3.9896e-01     0.1715    95.8041     7.0331     7.3928    32.8957    32.8985    26.4266    26.4290    8.25546 0.0000e+00
       2974     59.533    -0.4277    -0.4298   2.712720   2.712780     2.3842     2.3581      8.020     0.0850     2.0429 3.8579e-01     0.1751    95.7172     7.0324     7.3965    32.8954    32.8985    26.4263    26.4289    8.25547 0.0000e+00
       2977     59.617    -0.4279    -0.4297   2.712746   2.712779     2.3850     2.3585      8.020     0.0850     2.0429 3.8716e-01     0.1751    95.7172     7.0341     7.4036    32.8959    32.8983    26.4267    26.4288    8.25548 0.0000e+00
       2980     59.692    -0.4279    -0.4296   2.712775   2.712788     2.3854     2.3589      8.020     0.0850     2.0429 3.6707e-01     0.1747    95.7259     7.0357     7.4105    32.8963    32.8983    26.4271    26.4287    8.25547 0.0000e+00
       2983     59.755    -0.4272    -0.4296   2.713045   2.712787     2.3842     2.3589      8.020     0.0947     2.0429 3.5170e-01     0.1758    95.6998     7.0311     7.4159    32.8991    32.8983    26.4293    26.4288    8.25515 0.0000e+00
       2986     59.812    -0.4233    -0.4296   2.713369   2.712774     2.3846     2.3589      8.020     0.0850     2.0429 3.5623e-01     0.1751    95.7172     7.0292     7.4182    32.8992    32.8981    26.4292    26.4286    8.25429 0.0000e+00
       2989     59.862    -0.4158    -0.4299   2.714903   2.712789     2.3850     2.3589      8.020     0.0850     2.0429 3.4645e-01     0.1751    95.7172     7.0275     7.4188    32.9115    32.8985    26.4388    26.4289    8.25193 0.0000e+00
       2992     59.897    -0.4034    -0.4296   2.715904   2.712837     2.3846     2.3597      8.020     0.0996     2.0429 3.3855e-01     0.1747    95.7259     7.0213     7.4224    32.9114    32.8988    26.4383    26.4292    8.24919 0.0000e+00
       3048     59.933    -0.3921    -0.4207   2.715776   2.713611     2.3850     2.3585      8.020     0.0996     2.0429 3.3906e-01     0.1743    95.7345     7.0196     7.4018    32.8974    32.8995    26.4265    26.4293    8.24747 0.0000e+00
       3156     60.072    -0.3899    -0.3972   2.714713   2.715155     2.3842     2.3561      8.020     0.0996     2.0429 3.2108e-01     0.1732    95.7606     7.0145     7.3676    32.8808    32.8945    26.4129    26.4244    8.24792 0.0000e+00
       3159     60.234    -0.4028    -0.4062   2.713330   2.714189     2.3837     2.3561      8.020     0.0996     2.0429 3.0970e-01     0.1732    95.7606     7.0186     7.3702    32.8761    32.8913    26.4097    26.4221    8.25104 0.0000e+00
       3162     60.388    -0.4138    -0.4109   2.712984   2.714145     2.3846     2.3565      8.020     0.0996     2.0429 3.0439e-01     0.1729    95.7693     7.0272     7.3732    32.8834    32.8958    26.4161    26.4259    8.25307 0.0000e+00
       3165     60.537    -0.4205    -0.4083   2.712851   2.714350     2.3842     2.3561      8.020     0.0996     2.0429 2.8399e-01     0.1725    95.7780     7.0293     7.3714    32.8888    32.8956    26.4207    26.4257    8.25425 0.0000e+00
       3168     60.680    -0.4244    -0.4121   2.712792   2.713900     2.3842     2.3561      8.020     0.0996     2.0429 2.8861e-01     0.1729    95.7693     7.0279     7.3754    32.8921    32.8936    26.4235    26.4242    8.25492 0.0000e+00
       3171     60.812    -0.4261    -0.4143   2.712838   2.713849     2.3850     2.3565      8.020     0.0996     2.0429 2.8697e-01     0.1732    95.7606     7.0299     7.3816    32.8945    32.8952    26.4255    26.4256    8.25517 0.0000e+00
       3174     60.930    -0.4266    -0.4120   2.712866   2.714170     2.3837     2.3556      8.020     0.0947     2.0429 2.7911e-01     0.1714    95.8041     7.0262     7.3791    32.8953    32.8970    26.4262    26.4270    8.25523 0.0000e+00
       3177     61.035    -0.4268    -0.4055   2.712859   2.714755     2.3837     2.3556      8.020     0.1045     2.0429 2.7086e-01     0.1689    95.8649     7.0269     7.3779    32.8954    32.8976    26.4263    26.4272    8.25527 0.0000e+00
       3180     61.129    -0.4266    -0.3963   2.712890   2.715305     2.3846     2.3565      8.020     0.1045     2.0429 2.7177e-01     0.1693    95.8562     7.0317     7.3791    32.8956    32.8950    26.4264    26.4247    8.25523 0.0000e+00
       3183     61.215    -0.4266    -0.3946   2.712896   2.715347     2.3854     2.3561      8.020     0.0996     2.0429 2.6991e-01     0.1689    95.8649     7.0337     7.3792    32.8956    32.8936    26.4264    26.4235    8.25523 0.0000e+00
       3186     61.289    -0.4264    -0.3929   2.712853   2.715397     2.3858     2.3565      8.020     0.0996     2.0429 2.6743e-01     0.1693    95.8562     7.0348     7.3819    32.8948    32.8924    26.4258    26.4225    8.25523 0.0000e+00
       3189     61.349    -0.4262    -0.3908   2.713021   2.715538     2.3850     2.3569      8.018     0.0996     2.0429 2.5829e-01     0.1689    95.8649     7.0334     7.3849    32.8968    32.8920    26.4274    26.4220    8.25507 0.0000e+00
       3192     61.398    -0.4197    -0.3918   2.714450   2.715358     2.3842     2.3577      8.020     0.0996     2.0429 2.6311e-01     0.1693    95.8562     7.0270     7.3873    32.9087    32.8906    26.4368    26.4210    8.25294 0.0000e+00
       3195     61.435    -0.4059    -0.3959   2.715475   2.715093     2.3846     2.3577      8.020     0.0996     2.0429 2.5831e-01     0.1708    95.8215     7.0263     7.3874    32.9074    32.8916    26.4352    26.4219    8.24996 0.0000e+00
       3198     61.462    -0.3965    -0.3988   2.715698   2.714958     2.3842     2.3577      8.020     0.0947     2.0429 2.6682e-01     0.1715    95.8041     7.0221     7.3846    32.9003    32.8928    26.4289    26.4230    8.24829 0.0000e+00
       3377     61.511    -0.4316    -0.3975   2.712390   2.714857     2.3854     2.3552      8.015     0.0850     2.0429 2.5010e-01     0.1711    95.8128     7.0308     7.3618    32.8941    32.8901    26.4254    26.4208    8.25642 0.0000e+00
       3380     61.586    -0.4315    -0.4039   2.712428   2.714223     2.3850     2.3548      8.015     0.0899     2.0429 2.4663e-01     0.1715    95.8041     7.0275     7.3600    32.8944    32.8885    26.4257    26.4198    8.25637 0.0000e+00
       3383     61.655    -0.4314    -0.4047   2.712426   2.714379     2.3854     2.3552      8.015     0.0947     2.0824 2.5949e-01     0.1715    95.8041     7.0283     7.3606    32.8942    32.8914    26.4255    26.4222    8.25636 0.0000e+00
       3386     61.720    -0.4313    -0.4054   2.712441   2.714107     2.3850     2.3552      8.015     0.0996     2.1614 2.5299e-01     0.1715    95.8041     7.0279     7.3623    32.8943    32.8885    26.4256    26.4198    8.25634 0.0000e+00
       3389     61.780    -0.4313    -0.4091   2.712498   2.713913     2.3854     2.3552      8.015     0.0996     2.1614 2.5155e-01     0.1715    95.8041     7.0263     7.3644    32.8950    32.8899    26.4261    26.4211    8.25629 0.0000e+00
       3392     61.833    -0.4309    -0.4133   2.712818   2.713745     2.3850     2.3552      8.015     0.0996     2.1614 2.4126e-01     0.1715    95.8041     7.0261     7.3670    32.8988    32.8921    26.4292    26.4231    8.25599 0.0000e+00
       3395     61.880    -0.4277    -0.4156   2.713088   2.713704     2.3854     2.3552      8.017     0.1045     2.1614 2.4436e-01     0.1715    95.8041     7.0275     7.3664    32.8990    32.8940    26.4292    26.4247    8.25528 0.0000e+00
       3398     61.923    -0.4245    -0.4108   2.713526   2.714196     2.3846     2.3552      8.015     0.0996     2.1614 2.4723e-01     0.1667    95.9170     7.0239     7.3629    32.9013    32.8954    26.4309    26.4257    8.25443 0.0000e+00
       3401     61.960    -0.4172    -0.4044   2.714109   2.714524     2.3846     2.3552      8.015     0.0996     2.1614 2.4182e-01     0.1660    95.9344     7.0225     7.3645    32.9011    32.8929    26.4305    26.4233    8.25282 0.0000e+00
       3404     61.989    -0.4116    -0.4044   2.714200   2.714494     2.3842     2.3552      8.015     0.1045     2.1614 2.4102e-01     0.1660    95.9344     7.0197     7.3658    32.8963    32.8924    26.4264    26.4229    8.25186 0.0000e+00
       3477     62.040    -0.4120    -0.4073   2.713900   2.714296     2.3846     2.3536      8.015     0.0996     2.0824 2.3879e-01     0.1685    95.8736     7.0211     7.3558    32.8927    32.8929    26.4235    26.4234    8.25215 0.0000e+00
       3630     62.174    -0.4120    -0.4070   2.713734   2.714256     2.3837     2.3504      8.015     0.0850     2.0429 2.4582e-01     0.1715    95.8041     7.0202     7.3450    32.8904    32.8919    26.4216    26.4226    8.25228 0.0000e+00
       3633     62.197    -0.4128    -0.4072   2.713720   2.714270     2.3829     2.3496      8.015     0.0801     2.0429 2.4016e-01     0.1715    95.8041     7.0171     7.3444    32.8911    32.8923    26.4222    26.4230    8.25242 0.0000e+00
       3636     62.221    -0.4131    -0.4066   2.713693   2.714370     2.3829     2.3508      8.015     0.0850     2.0429 2.3961e-01     0.1715    95.8041     7.0182     7.3515    32.8910    32.8930    26.4221    26.4235    8.25248 0.0000e+00
       3639     62.249    -0.4135    -0.4054   2.713801   2.714374     2.3833     2.3504      8.015     0.0899     2.0429 2.3849e-01     0.1715    95.8041     7.0181     7.3489    32.8928    32.8918    26.4237    26.4225    8.25246 0.0000e+00
       3642     62.277    -0.4119    -0.4071   2.714141   2.714273     2.3842     2.3504      8.015     0.0899     2.0429 2.3828e-01     0.1711    95.8128     7.0220     7.3517    32.8956    32.8922    26.4258    26.4229    8.25195 0.0000e+00
       3645     62.305    -0.4103    -0.4072   2.714022   2.714238     2.3837     2.3504      8.015     0.0850     2.0429 2.3575e-01     0.1711    95.8128     7.0239     7.3528    32.8923    32.8918    26.4231    26.4225    8.25179 0.0000e+00
       3648     62.334    -0.4102    -0.4086   2.713880   2.714075     2.3829     2.3508      8.015     0.0899     2.0429 2.3171e-01     0.1715    95.8041     7.0216     7.3551    32.8903    32.8912    26.4215    26.4221    8.25189 0.0000e+00
       3651     62.365    -0.4124    -0.4104   2.713525   2.713911     2.3834     2.3504      8.013     0.0899     2.0429 2.2930e-01     0.1711    95.8128     7.0232     7.3521    32.8879    32.8909    26.4196    26.4220    8.25250 0.0000e+00
       3654     62.396    -0.4150    -0.4116   2.713268   2.713808     2.3834     2.3504      8.015     0.0850     2.0429 2.3711e-01     0.1715    95.8041     7.0235     7.3539    32.8873    32.8908    26.4193    26.4220    8.25312 0.0000e+00
       3657     62.427    -0.4187    -0.4129   2.712984   2.713753     2.3834     2.3516      8.015     0.0899     2.0429 2.3334e-01     0.1715    95.8041     7.0237     7.3587    32.8875    32.8914    26.4196    26.4225    8.25393 0.0000e+00
       3660     62.459    -0.4217    -0.4143   2.712885   2.713662     2.3842     2.3508      8.015     0.0850     2.0429 2.3198e-01     0.1686    95.8736     7.0249     7.3543    32.8894    32.8917    26.4212    26.4228    8.25448 0.0000e+00
       3663     62.492    -0.4238    -0.4142   2.712820   2.713761     2.3834     2.3504      8.015     0.0850     2.0429 2.2799e-01     0.1682    95.8823     7.0217     7.3548    32.8907    32.8929    26.4224    26.4238    8.25487 0.0000e+00
       3666     62.523    -0.4254    -0.4126   2.712695   2.713948     2.3850     2.3520      8.015     0.0899     2.0429 2.2614e-01     0.1682    95.8823     7.0281     7.3588    32.8908    32.8937    26.4225    26.4243    8.25522 0.0000e+00
       3669     62.555    -0.4268    -0.4103   2.712657   2.714104     2.3838     2.3508      8.015     0.0801     2.0429 2.2750e-01     0.1682    95.8823     7.0253     7.3528    32.8918    32.8932    26.4234    26.4238    8.25548 0.0000e+00
