Datasets/AZMP/COO001/79001091.cnv
* Sea-Bird SBE 9 Data File:
* FileName = C:\CTDDATA\79001091.hex
* Software Version Seasave V 7.26.7.110
* Temperature SN = 5660
* Conductivity SN = 3698
* Number of Bytes Per Scan = 30
* Number of Voltage Words = 4
* Number of Scans Averaged by the Deck Unit = 1
* NMEA baud rate = 9600
** VESSEL/TRIP/SEQ STN:  79001091
** LATITUDE XX XX.XX N:  48 44.00 N
** LONGITUDE XX XX.XX W:  52 58.00 W
** SOUNDING DEPTH (M):  0100
** PROBE TYPE: S1257
** CTD NUMBER: 057
** COMMENTS (14 CHAR): BB-01
** BOTTLES:  18
** LEVELS: 5,5,5,5,10,20,20,20,20,30,40,50,50,50,75,BTM,BTM,BTM
** STICKERS: 435255 - 435272
** VNET: Y
** DO2: Y
# nquan = 22
# nvalues = 2494                        
# units = specified
# name 0 = scan: Scan Count
# name 1 = prDM: Pressure, Digiquartz [db]
# name 2 = t090C: Temperature [ITS-90, deg C]
# name 3 = t190C: Temperature, 2 [ITS-90, deg C]
# name 4 = c0S/m: Conductivity [S/m]
# name 5 = c1S/m: Conductivity, 2 [S/m]
# name 6 = sbeox0V: Oxygen raw, SBE 43 [V]
# name 7 = sbeox1V: Oxygen raw, SBE 43, 2 [V]
# name 8 = ph: pH
# name 9 = flECO-AFL: Fluorescence, WET Labs ECO-AFL/FL [mg/m^3]
# name 10 = wetCDOM: Fluorescence, WET Labs CDOM [mg/m^3]
# name 11 = par/sat/log: PAR/Logarithmic, Satlantic [umol photons/m^2/sec]
# name 12 = CStarAt0: Beam Attenuation, WET Labs C-Star [1/m]
# name 13 = CStarTr0: Beam Transmission, WET Labs C-Star [%]
# name 14 = sbeox0ML/L: Oxygen, SBE 43 [ml/l], WS = 2
# name 15 = sbeox1ML/L: Oxygen, SBE 43, 2 [ml/l], WS = 2
# name 16 = sal00: Salinity, Practical [PSU]
# name 17 = sal11: Salinity, Practical, 2 [PSU]
# name 18 = sigma-t00: Density [sigma-t, kg/m^3 ]
# name 19 = sigma-t11: Density, 2 [sigma-t, kg/m^3 ]
# name 20 = oxsatML/L: Oxygen Saturation, Weiss [ml/l]
# name 21 = flag: flag
# span 0 =         82,      46771       
# span 1 =      0.972,     94.683       
# span 2 =     2.6581,     3.2689       
# span 3 =     2.6555,     3.2739       
# span 4 =   2.896451,   2.924570       
# span 5 =   2.896523,   2.924439       
# span 6 =     2.5539,     2.7550       
# span 7 =     2.6633,     2.7159       
# span 8 =      8.180,      8.196       
# span 9 =     0.1876,     0.5441       
# span 10 =    -0.2469,     2.1614      
# span 11 = 1.0777e-01, 9.5322e+00      
# span 12 =     0.0874,     0.1163      
# span 13 =    97.1336,    97.8375      
# span 14 =     6.7837,     7.5984      
# span 15 =     7.8532,     7.9842      
# span 16 =    31.7497,    32.0096      
# span 17 =    31.7535,    32.0149      
# span 18 =    25.2700,    25.5264      
# span 19 =    25.2734,    25.5309      
# span 20 =    7.55730,    7.66242      
# span 21 = 0.0000e+00, 0.0000e+00      
# interval = scans: 3                   
# start_time = Dec 02 2019 10:42:25 [System UTC, header]
# bad_flag = -9.990e-29
*END*
[from data line 264]
       2014     23.585     3.2503     3.2402   2.923606   2.923677     2.7322     2.7070      8.189     0.3292     0.3848 1.0790e-01     0.1020    97.4812     7.4985     7.8961    31.7880    31.7988    25.3004    25.3099    7.56001 0.0000e+00
       2017     23.648     3.2453     3.2383   2.923560   2.923674     2.7318     2.7070      8.189     0.3341     0.3848 1.0790e-01     0.1024    97.4725     7.4972     7.8951    31.7923    31.8006    25.3043    25.3115    7.56074 0.0000e+00
       2020     23.711     3.2452     3.2369   2.923700   2.923636     2.7314     2.7070      8.189     0.3243     0.3848 1.0790e-01     0.1024    97.4725     7.4976     7.8943    31.7941    31.8015    25.3057    25.3123    7.56067 0.0000e+00
       2023     23.770     3.2463     3.2366   2.923760   2.923653     2.7314     2.7061      8.189     0.3243    -0.2074 1.0790e-01     0.1024    97.4725     7.4979     7.8926    31.7936    31.8019    25.3053    25.3127    7.56048 0.0000e+00
       2026     23.827     3.2475     3.2371   2.923795   2.923629     2.7326     2.7061      8.189     0.3292    -0.2074 1.0790e-01     0.1024    97.4725     7.5016     7.8927    31.7928    31.8011    25.3045    25.3121    7.56029 0.0000e+00
       2029     23.887     3.2478     3.2394   2.923750   2.923709     2.7318     2.7066      8.189     0.3438    -0.2074 1.0790e-01     0.1020    97.4812     7.4978     7.8941    31.7919    31.7997    25.3038    25.3107    7.56028 0.0000e+00
       2032     23.946     3.2461     3.2418   2.923666   2.923723     2.7314     2.7070      8.189     0.3390    -0.2469 1.0790e-01     0.1024    97.4725     7.4947     7.8949    31.7926    31.7976    25.3045    25.3088    7.56056 0.0000e+00
       2035     24.005     3.2455     3.2380   2.923702   2.923579     2.7318     2.7057      8.189     0.3438    -0.2074 1.0790e-01     0.1024    97.4725     7.4947     7.8910    31.7936    31.7995    25.3053    25.3107    7.56063 0.0000e+00
       2038     24.059     3.2447     3.2319   2.923648   2.923161     2.7314     2.7061      8.189     0.3390    -0.2469 1.0790e-01     0.1010    97.5073     7.4925     7.8943    31.7937    31.8005    25.3055    25.3120    7.56078 0.0000e+00
       2041     24.116     3.2431     3.2239   2.923584   2.922926     2.7322     2.7066      8.189     0.3390    -0.2074 1.0802e-01     0.1003    97.5247     7.4964     7.8982    31.7945    31.8055    25.3062    25.3167    7.56104 0.0000e+00
       2044     24.173     3.2407     3.2231   2.923479   2.922885     2.7326     2.7057      8.189     0.3341    -0.2074 1.0790e-01     0.1003    97.5247     7.4977     7.8967    31.7956    31.8058    25.3073    25.3169    7.56144 0.0000e+00
       2047     24.229     3.2384     3.2268   2.923389   2.923257     2.7326     2.7066      8.189     0.3390    -0.2074 1.0790e-01     0.1003    97.5247     7.4971     7.9001    31.7967    31.8065    25.3084    25.3173    7.56182 0.0000e+00
       2050     24.285     3.2374     3.2294   2.923409   2.923297     2.7326     2.7057      8.189     0.3390    -0.2074 1.0790e-01     0.1003    97.5247     7.4977     7.8951    31.7980    31.8045    25.3095    25.3154    7.56196 0.0000e+00
       2053     24.341     3.2373     3.2261   2.923416   2.923077     2.7322     2.7057      8.189     0.3390    -0.2469 1.0790e-01     0.1003    97.5247     7.4972     7.8949    31.7980    31.8051    25.3096    25.3161    7.56196 0.0000e+00
       2056     24.399     3.2364     3.2216   2.923405   2.922963     2.7314     2.7057      8.189     0.3341    -0.2074 1.0790e-01     0.1006    97.5160     7.4935     7.8977    31.7988    31.8080    25.3103    25.3189    7.56210 0.0000e+00
       2059     24.455     3.2361     3.2187   2.923432   2.922797     2.7318     2.7057      8.189     0.3292    -0.2469 1.0790e-01     0.1013    97.4986     7.4949     7.9002    31.7994    31.8089    25.3107    25.3199    7.56212 0.0000e+00
       2062     24.510     3.2357     3.2142   2.923356   2.922516     2.7326     2.7057      8.189     0.3341    -0.2074 1.0790e-01     0.1010    97.5073     7.4969     7.8994    31.7988    31.8099    25.3103    25.3210    7.56222 0.0000e+00
       2065     24.567     3.2330     3.2107   2.923109   2.922388     2.7318     2.7057      8.189     0.3341    -0.2074 1.0790e-01     0.1013    97.4986     7.4949     7.8998    31.7985    31.8118    25.3103    25.3228    7.56276 0.0000e+00
       2068     24.623     3.2310     3.2104   2.923127   2.922466     2.7322     2.7057      8.189     0.3292    -0.2469 1.0790e-01     0.1013    97.4986     7.4990     7.9021    31.8006    31.8130    25.3122    25.3238    7.56302 0.0000e+00
       2071     24.681     3.2294     3.2108   2.922993   2.922274     2.7322     2.7053      8.189     0.3292    -0.2074 1.0790e-01     0.1010    97.5073     7.5006     7.9017    31.8006    31.8103    25.3122    25.3216    7.56333 0.0000e+00
       2074     24.737     3.2269     3.2014   2.922874   2.921654     2.7326     2.7057      8.189     0.3341    -0.0100 1.0790e-01     0.1013    97.4986     7.5042     7.9077    31.8016    31.8121    25.3133    25.3238    7.56376 0.0000e+00
       2077     24.794     3.2281     3.1952   2.923107   2.921547     2.7318     2.7053      8.189     0.3243     0.2664 1.0790e-01     0.1006    97.5160     7.5020     7.9067    31.8032    31.8169    25.3144    25.3282    7.56345 0.0000e+00
       2080     24.853     3.2320     3.1970   2.923271   2.921736     2.7322     2.7057      8.189     0.3292     0.2664 1.0790e-01     0.0992    97.5507     7.5028     7.9079    31.8013    31.8173    25.3127    25.3283    7.56281 0.0000e+00
       2083     24.918     3.2289     3.1945   2.922836   2.921541     2.7326     2.7057      8.189     0.3341     0.2664 1.0790e-01     0.0992    97.5507     7.5059     7.9091    31.7991    31.8174    25.3111    25.3287    7.56351 0.0000e+00
       2086     24.984     3.2238     3.1947   2.922538   2.921593     2.7322     2.7045      8.189     0.3438     0.2664 1.0790e-01     0.0992    97.5507     7.5065     7.9041    31.8005    31.8178    25.3127    25.3290    7.56441 0.0000e+00
       2089     25.049     3.2171     3.1931   2.922098   2.921350     2.7334     2.7057      8.189     0.3438     0.2269 1.0790e-01     0.0992    97.5507     7.5146     7.9080    31.8017    31.8164    25.3142    25.3281    7.56561 0.0000e+00
       2092     25.117     3.2129     3.1909   2.922242   2.921282     2.7334     2.7057      8.189     0.3487     0.2664 1.0790e-01     0.0996    97.5420     7.5168     7.9100    31.8076    31.8177    25.3193    25.3292    7.56611 0.0000e+00
       2095     25.190     3.2129     3.1897   2.922454   2.921345     2.7330     2.7057      8.189     0.3438     0.2664 1.0790e-01     0.0996    97.5420     7.5156     7.9117    31.8101    31.8196    25.3212    25.3309    7.56599 0.0000e+00
       2098     25.267     3.2141     3.1915   2.922506   2.921500     2.7330     2.7057      8.189     0.3390     0.2664 1.0790e-01     0.1003    97.5247     7.5174     7.9118    31.8095    31.8197    25.3207    25.3307    7.56579 0.0000e+00
       2101     25.346     3.2121     3.1921   2.922055   2.921420     2.7330     2.7049      8.189     0.3438     0.2664 1.0790e-01     0.1013    97.4986     7.5203     7.9100    31.8060    31.8181    25.3181    25.3294    7.56634 0.0000e+00
       2104     25.423     3.2064     3.1912   2.921603   2.921303     2.7334     2.7057      8.189     0.3341     0.2664 1.0790e-01     0.1010    97.5073     7.5219     7.9137    31.8062    31.8175    25.3187    25.3291    7.56743 0.0000e+00
       2107     25.504     3.2012     3.1867   2.921466   2.920915     2.7342     2.7053      8.189     0.3390     0.2664 1.0790e-01     0.1013    97.4986     7.5267     7.9145    31.8096    31.8172    25.3218    25.3292    7.56823 0.0000e+00
       2110     25.587     3.1982     3.1805   2.921398   2.920762     2.7342     2.7049      8.189     0.3292     0.2664 1.0790e-01     0.1013    97.4986     7.5278     7.9155    31.8117    31.8214    25.3238    25.3331    7.56870 0.0000e+00
       2113     25.675     3.1963     3.1779   2.921380   2.920692     2.7351     2.7053      8.189     0.3243     0.2664 1.0790e-01     0.1013    97.4986     7.5314     7.9160    31.8133    31.8231    25.3253    25.3347    7.56899 0.0000e+00
       2116     25.760     3.1930     3.1763   2.921019   2.920594     2.7351     2.7057      8.189     0.3341     0.2664 1.0790e-01     0.1013    97.4986     7.5347     7.9189    31.8122    31.8235    25.3247    25.3351    7.56967 0.0000e+00
       2119     25.850     3.1885     3.1752   2.920813   2.920551     2.7347     2.7057      8.189     0.3341     0.2664 1.0790e-01     0.1031    97.4551     7.5338     7.9206    31.8141    31.8240    25.3265    25.3356    7.57043 0.0000e+00
       2122     25.943     3.1858     3.1747   2.920863   2.920573     2.7359     2.7057      8.189     0.3341     0.2664 1.0790e-01     0.1035    97.4464     7.5385     7.9213    31.8172    31.8247    25.3293    25.3362    7.57077 0.0000e+00
       2125     26.036     3.1847     3.1746   2.920797   2.920549     2.7359     2.7057      8.189     0.3292     0.2664 1.0790e-01     0.1035    97.4464     7.5379     7.9212    31.8175    31.8245    25.3296    25.3361    7.57097 0.0000e+00
       2128     26.127     3.1825     3.1735   2.920559   2.920421     2.7355     2.7057      8.189     0.3341     0.4637 1.0790e-01     0.1035    97.4464     7.5358     7.9204    31.8168    31.8239    25.3292    25.3357    7.57143 0.0000e+00
       2131     26.220     3.1796     3.1726   2.920409   2.920412     2.7367     2.7057      8.189     0.3292     0.5032 1.0790e-01     0.1035    97.4464     7.5411     7.9209    31.8177    31.8247    25.3302    25.3364    7.57193 0.0000e+00
       2134     26.316     3.1772     3.1718   2.920335   2.920354     2.7363     2.7061      8.189     0.3292     0.5032 1.0790e-01     0.1035    97.4464     7.5393     7.9210    31.8192    31.8247    25.3316    25.3365    7.57231 0.0000e+00
       2137     26.406     3.1755     3.1706   2.920285   2.920254     2.7371     2.7057      8.189     0.3341     0.5032 1.0790e-01     0.1031    97.4551     7.5407     7.9164    31.8202    31.8247    25.3325    25.3366    7.57258 0.0000e+00
       2140     26.496     3.1746     3.1700   2.920237   2.920236     2.7375     2.7061      8.189     0.3243     0.4637 1.0790e-01     0.0996    97.5420     7.5419     7.9154    31.8204    31.8250    25.3329    25.3369    7.57274 0.0000e+00
       2143     26.589     3.1734     3.1694   2.920157   2.920211     2.7367     2.7057      8.189     0.3292     0.5032 1.0790e-01     0.0992    97.5507     7.5381     7.9110    31.8206    31.8253    25.3331    25.3371    7.57296 0.0000e+00
       2146     26.676     3.1722     3.1691   2.920073   2.920163     2.7375     2.7057      8.189     0.3243     0.5032 1.0790e-01     0.0992    97.5507     7.5389     7.9095    31.8207    31.8249    25.3333    25.3368    7.57318 0.0000e+00
       2149     26.760     3.1715     3.1687   2.920115   2.920182     2.7375     2.7057      8.189     0.3292     0.5032 1.0790e-01     0.0996    97.5420     7.5392     7.9084    31.8219    31.8254    25.3342    25.3373    7.57326 0.0000e+00
       2152     26.837     3.1716     3.1682   2.920139   2.920099     2.7383     2.7057      8.189     0.3243     0.5822 1.0790e-01     0.0992    97.5507     7.5393     7.9097    31.8221    31.8250    25.3344    25.3370    7.57323 0.0000e+00
       2155     26.911     3.1718     3.1680   2.920161   2.920111     2.7387     2.7057      8.189     0.3341     0.8586 1.0790e-01     0.0992    97.5507     7.5396     7.9087    31.8221    31.8253    25.3344    25.3373    7.57319 0.0000e+00
       2158     26.976     3.1718     3.1687   2.920183   2.920190     2.7379     2.7053      8.189     0.3341     0.8586 1.0790e-01     0.0999    97.5334     7.5380     7.9066    31.8223    31.8254    25.3346    25.3373    7.57318 0.0000e+00
       2161     27.035     3.1718     3.1687   2.920323   2.920179     2.7375     2.7057      8.189     0.3292     0.8586 1.0790e-01     0.1003    97.5247     7.5344     7.9089    31.8240    31.8253    25.3359    25.3372    7.57310 0.0000e+00
       2164     27.087     3.1760     3.1686   2.921015   2.920141     2.7387     2.7045      8.189     0.3243     0.8586 1.0790e-01     0.1003    97.5247     7.5372     7.9043    31.8282    31.8250    25.3389    25.3369    7.57209 0.0000e+00
       2167     27.130     3.1865     3.1684   2.921486   2.920160     2.7379     2.7045      8.189     0.3292     0.8586 1.0790e-01     0.1006    97.5160     7.5322     7.9067    31.8234    31.8253    25.3342    25.3372    7.57033 0.0000e+00
       2170     27.164     3.1915     3.1690   2.921258   2.920242     2.7383     2.7049      8.189     0.3341     0.8586 1.0790e-01     0.1006    97.5160     7.5310     7.9086    31.8158    31.8257    25.3277    25.3375    7.56977 0.0000e+00
       2205     27.196     3.1907     3.1816   2.921293   2.920868     2.7379     2.7037      8.189     0.3487     0.8191 1.0790e-01     0.1010    97.5073     7.5244     7.8997    31.8170    31.8209    25.3287    25.3326    7.56986 0.0000e+00
       2272     27.277     3.1833     3.2054   2.920522   2.922137     2.7367     2.7009      8.189     0.3683     0.7401 1.0790e-01     0.1013    97.4986     7.5159     7.8798    31.8149    31.8126    25.3277    25.3239    7.57137 0.0000e+00
       2275     27.377     3.1783     3.2084   2.920147   2.922345     2.7351     2.7009      8.189     0.3683     0.7401 1.0790e-01     0.1013    97.4986     7.5120     7.8847    31.8153    31.8120    25.3284    25.3232    7.57230 0.0000e+00
       2278     27.484     3.1736     3.2077   2.919952   2.922101     2.7363     2.7013      8.189     0.3731     0.7006 1.0790e-01     0.1017    97.4899     7.5178     7.8909    31.8175    31.8098    25.3306    25.3215    7.57309 0.0000e+00
       2281     27.593     3.1704     3.1944   2.919858   2.921470     2.7367     2.7009      8.189     0.3780     0.7401 1.0790e-01     0.0996    97.5420     7.5225     7.8972    31.8195    31.8152    25.3324    25.3270    7.57359 0.0000e+00
       2284     27.705     3.1684     3.1958   2.919858   2.921821     2.7355     2.7013      8.189     0.3780     0.7401 1.0790e-01     0.0992    97.5507     7.5210     7.9027    31.8214    31.8180    25.3341    25.3291    7.57388 0.0000e+00
       2287     27.817     3.1676     3.2015   2.919818   2.922054     2.7355     2.7013      8.189     0.3731     0.7401 1.0790e-01     0.0992    97.5507     7.5228     7.9047    31.8217    31.8151    25.3344    25.3263    7.57402 0.0000e+00
       2290     27.928     3.1667     3.2001   2.919798   2.921721     2.7355     2.7017      8.189     0.3634     0.7401 1.0790e-01     0.0992    97.5507     7.5261     7.9095    31.8222    31.8124    25.3349    25.3242    7.57416 0.0000e+00
       2293     28.042     3.1662     3.1899   2.919763   2.921320     2.7363     2.7013      8.189     0.3438     0.7401 1.0790e-01     0.0992    97.5507     7.5296     7.9143    31.8223    31.8177    25.3350    25.3293    7.57426 0.0000e+00
       2296     28.154     3.1655     3.1916   2.919662   2.921623     2.7363     2.7021      8.189     0.3438     0.7401 1.0790e-01     0.0992    97.5507     7.5316     7.9195    31.8217    31.8195    25.3346    25.3306    7.57442 0.0000e+00
       2299     28.267     3.1647     3.1995   2.919655   2.922057     2.7351     2.7021      8.189     0.3438     0.7401 1.0790e-01     0.0996    97.5420     7.5289     7.9202    31.8223    31.8169    25.3352    25.3279    7.57454 0.0000e+00
       2302     28.375     3.1643     3.2011   2.919599   2.921783     2.7363     2.7017      8.189     0.3487     0.7006 1.0790e-01     0.1013    97.4986     7.5331     7.9201    31.8220    31.8120    25.3349    25.3238    7.57463 0.0000e+00
