Datasets/AZMP/COO001/79001121.cnv
* Sea-Bird SBE 9 Data File:
* FileName = C:\CTDDATA\79001121.hex
* Software Version Seasave V 7.26.7.110
* Temperature SN = 5660
* Conductivity SN = 3698
* Number of Bytes Per Scan = 30
* Number of Voltage Words = 4
* Number of Scans Averaged by the Deck Unit = 1
* NMEA baud rate = 9600
** VESSEL/TRIP/SEQ STN:  79001121
** LATITUDE XX XX.XX N:  47 00.00 N
** LONGITUDE XX XX.XX W:  52 02.00 W
** SOUNDING DEPTH (M):  0143
** PROBE TYPE: S1257
** CTD NUMBER: 081
** COMMENTS (14 CHAR): FC-05
** BOTTLES:  19
** LEVELS: 5,5,5,5,10,20,20,20,20,30,40,50,50,50,75,100,100,100,BTM
** STICKERS: 435623 - 435641
** VNET: Y
** DO2: N
# nquan = 22
# nvalues = 3835                        
# units = specified
# name 0 = scan: Scan Count
# name 1 = prDM: Pressure, Digiquartz [db]
# name 2 = t090C: Temperature [ITS-90, deg C]
# name 3 = t190C: Temperature, 2 [ITS-90, deg C]
# name 4 = c0S/m: Conductivity [S/m]
# name 5 = c1S/m: Conductivity, 2 [S/m]
# name 6 = sbeox0V: Oxygen raw, SBE 43 [V]
# name 7 = sbeox1V: Oxygen raw, SBE 43, 2 [V]
# name 8 = ph: pH
# name 9 = flECO-AFL: Fluorescence, WET Labs ECO-AFL/FL [mg/m^3]
# name 10 = wetCDOM: Fluorescence, WET Labs CDOM [mg/m^3]
# name 11 = par/sat/log: PAR/Logarithmic, Satlantic [umol photons/m^2/sec]
# name 12 = CStarAt0: Beam Attenuation, WET Labs C-Star [1/m]
# name 13 = CStarTr0: Beam Transmission, WET Labs C-Star [%]
# name 14 = sbeox0ML/L: Oxygen, SBE 43 [ml/l], WS = 2
# name 15 = sbeox1ML/L: Oxygen, SBE 43, 2 [ml/l], WS = 2
# name 16 = sal00: Salinity, Practical [PSU]
# name 17 = sal11: Salinity, Practical, 2 [PSU]
# name 18 = sigma-t00: Density [sigma-t, kg/m^3 ]
# name 19 = sigma-t11: Density, 2 [sigma-t, kg/m^3 ]
# name 20 = oxsatML/L: Oxygen Saturation, Weiss [ml/l]
# name 21 = flag: flag
# span 0 =          2,      47918       
# span 1 =      0.610,    135.920       
# span 2 =    -1.1181,     3.0331       
# span 3 =    -1.1193,     3.0336       
# span 4 =   1.546769,   2.923510       
# span 5 =   0.758400,   2.923711       
# span 6 =     2.3847,     2.7682       
# span 7 =     2.3567,     2.7392       
# span 8 =      8.039,      8.171       
# span 9 =     0.0068,     0.9641       
# span 10 =    -1.8655,     2.1614      
# span 11 = 1.0790e-01, 1.0595e+02      
# span 12 =     0.0482,     0.2547      
# span 13 =    93.8315,    98.8021      
# span 14 =     6.9335,     8.0832      
# span 15 =     7.3924,     8.5051      
# span 16 =    16.1592,    33.1807      
# span 17 =     7.4364,    33.1689      
# span 18 =    12.8742,    26.6581      
# span 19 =     5.9296,    26.6471      
# span 20 =    7.59003,    8.45214      
# span 21 = 0.0000e+00, 0.0000e+00      
# interval = scans: 3                   
# start_time = Dec 08 2019 14:23:27 [System UTC, header]
# bad_flag = -9.990e-29
*END*
[from data line 3754]
      41849      5.157     3.0099     3.0127   2.922276   2.922574     2.6562     2.7347      8.169     0.7346     1.8060 4.8101e+01     0.1368    96.6383     7.2221     8.0346    32.0193    32.0201    25.5055    25.5059    7.59409 0.0000e+00
      41852      5.132     3.0100     3.0133   2.922248   2.922591     2.6554     2.7347      8.171     0.7541     1.8060 4.8999e+01     0.1372    96.6296     7.2259     8.0347    32.0189    32.0197    25.5051    25.5055    7.59410 0.0000e+00
      41942      5.095     3.0094     3.0105   2.922217   2.922412     2.6428     2.7368      8.171     0.6906     1.8060 4.4877e+01     0.1364    96.6470     7.2022     8.0210    32.0191    32.0204    25.5054    25.5062    7.59419 0.0000e+00
      41945      5.044     3.0095     3.0106   2.922223   2.922416     2.6424     2.7368      8.171     0.6857     1.8060 4.5714e+01     0.1357    96.6644     7.2028     8.0207    32.0191    32.0204    25.5053    25.5063    7.59418 0.0000e+00
      41948      5.006     3.0096     3.0106   2.922259   2.922401     2.6432     2.7368      8.171     0.6857     1.8060 4.5242e+01     0.1353    96.6731     7.2077     8.0185    32.0194    32.0203    25.5056    25.5061    7.59413 0.0000e+00
      42010      4.957     3.0114     3.0096   2.922344   2.922332     2.6407     2.7372      8.171     0.6515     1.8850 4.6044e+01     0.1353    96.6731     7.1948     8.0374    32.0188    32.0204    25.5049    25.5063    7.59384 0.0000e+00
      42046      4.905     3.0116     3.0091   2.922355   2.922313     2.6411     2.7380      8.169     0.6222     1.9245 4.9626e+01     0.1357    96.6644     7.1930     8.0462    32.0187    32.0207    25.5048    25.5066    7.59380 0.0000e+00
      42049      4.881     3.0119     3.0091   2.922415   2.922316     2.6399     2.7380      8.171     0.6271     1.9245 4.8829e+01     0.1357    96.6644     7.1863     8.0423    32.0192    32.0207    25.5052    25.5066    7.59372 0.0000e+00
      42052      4.854     3.0126     3.0091   2.922491   2.922308     2.6411     2.7384      8.171     0.6174     1.9245 4.8156e+01     0.1357    96.6644     7.1912     8.0408    32.0194    32.0207    25.5053    25.5066    7.59357 0.0000e+00
      42055      4.828     3.0131     3.0090   2.922482   2.922301     2.6391     2.7384      8.171     0.6222     1.9245 4.7438e+01     0.1361    96.6557     7.1874     8.0379    32.0188    32.0206    25.5048    25.5066    7.59350 0.0000e+00
      42058      4.801     3.0135     3.0092   2.922480   2.922308     2.6391     2.7392      8.171     0.6174     1.9245 4.7328e+01     0.1357    96.6644     7.1883     8.0396    32.0184    32.0206    25.5044    25.5065    7.59345 0.0000e+00
      42061      4.775     3.0139     3.0092   2.922537   2.922301     2.6391     2.7384      8.171     0.6418     1.9245 4.7934e+01     0.1364    96.6470     7.1874     8.0345    32.0187    32.0206    25.5046    25.5065    7.59336 0.0000e+00
      42064      4.750     3.0147     3.0091   2.922584   2.922280     2.6379     2.7384      8.171     0.6515     1.9245 4.9398e+01     0.1368    96.6383     7.1830     8.0323    32.0185    32.0204    25.5044    25.5063    7.59321 0.0000e+00
      42067      4.724     3.0159     3.0091   2.922691   2.922309     2.6387     2.7388      8.171     0.6467     1.9245 5.0144e+01     0.1364    96.6470     7.1870     8.0334    32.0186    32.0208    25.5044    25.5067    7.59298 0.0000e+00
      42070      4.700     3.0170     3.0090   2.922719   2.922295     2.6379     2.7384      8.171     0.6467     1.9245 5.0728e+01     0.1361    96.6557     7.1878     8.0316    32.0178    32.0207    25.5036    25.5066    7.59280 0.0000e+00
      42073      4.677     3.0175     3.0091   2.922681   2.922308     2.6379     2.7384      8.171     0.6564     1.9245 5.0904e+01     0.1368    96.6383     7.1899     8.0308    32.0169    32.0208    25.5029    25.5067    7.59277 0.0000e+00
      42405      4.657     3.0200     3.0179   2.922847   2.922828     2.6302     2.7368      8.171     0.6027     1.8060 4.9343e+01     0.1346    96.6904     7.1667     8.0348    32.0165    32.0183    25.5023    25.5040    7.59231 0.0000e+00
      42408      4.630     3.0198     3.0175   2.922847   2.922786     2.6297     2.7368      8.171     0.6076     1.8060 5.1201e+01     0.1357    96.6644     7.1675     8.0331    32.0167    32.0182    25.5025    25.5039    7.59233 0.0000e+00
      42411      4.600     3.0199     3.0170   2.922833   2.922777     2.6297     2.7368      8.171     0.6125     1.8060 5.2216e+01     0.1357    96.6644     7.1707     8.0307    32.0164    32.0186    25.5022    25.5043    7.59232 0.0000e+00
      42414      4.574     3.0199     3.0168   2.922831   2.922756     2.6302     2.7364      8.171     0.6076     1.8060 5.2700e+01     0.1357    96.6644     7.1756     8.0267    32.0164    32.0186    25.5023    25.5042    7.59233 0.0000e+00
      42417      4.550     3.0198     3.0168   2.922819   2.922786     2.6297     2.7368      8.169     0.6125     1.8060 5.2700e+01     0.1357    96.6644     7.1755     8.0258    32.0164    32.0189    25.5023    25.5046    7.59235 0.0000e+00
      42453      4.531     3.0198     3.0172   2.922820   2.922793     2.6310     2.7356      8.171     0.5930     1.8455 5.2414e+01     0.1353    96.6731     7.1854     8.0191    32.0164    32.0186    25.5023    25.5043    7.59235 0.0000e+00
      42613      4.499     3.0216     3.0202   2.922922   2.922931     2.6269     2.7347      8.171     0.5734     1.6876 5.0669e+01     0.1346    96.6904     7.1588     8.0186    32.0159    32.0174    25.5017    25.5030    7.59203 0.0000e+00
      42616      4.446     3.0216     3.0200   2.922890   2.922945     2.6257     2.7343      8.169     0.5685     1.6876 5.0904e+01     0.1346    96.6904     7.1601     8.0166    32.0155    32.0178    25.5014    25.5034    7.59205 0.0000e+00
      42619      4.394     3.0216     3.0204   2.922892   2.922961     2.6269     2.7343      8.171     0.5636     1.6876 5.1377e+01     0.1346    96.6904     7.1686     8.0159    32.0156    32.0176    25.5015    25.5032    7.59204 0.0000e+00
      42622      4.348     3.0215     3.0207   2.922879   2.922969     2.6273     2.7347      8.171     0.5636     1.8850 5.1081e+01     0.1346    96.6904     7.1717     8.0170    32.0155    32.0174    25.5014    25.5030    7.59207 0.0000e+00
      42625      4.310     3.0211     3.0204   2.922799   2.922944     2.6277     2.7343      8.171     0.5588     1.9245 5.0728e+01     0.1346    96.6904     7.1763     8.0199    32.0150    32.0174    25.5011    25.5030    7.59218 0.0000e+00
      42835      4.284     3.0213     3.0219   2.922816   2.923040     2.6273     2.7339      8.169     0.5783     1.8850 5.0676e+01     0.1350    96.6817     7.1724     8.0229    32.0150    32.0171    25.5010    25.5026    7.59212 0.0000e+00
      43253      4.255     3.0238     3.0252   2.923052   2.923288     2.6281     2.7339      8.169     0.6076     1.8060 4.9626e+01     0.1346    96.6904     7.1651     8.0286    32.0154    32.0168    25.5011    25.5021    7.59164 0.0000e+00
      43256      4.223     3.0235     3.0257   2.923039   2.923299     2.6277     2.7335      8.171     0.6027     1.8060 5.0437e+01     0.1346    96.6904     7.1652     8.0295    32.0156    32.0165    25.5013    25.5019    7.59169 0.0000e+00
      43259      4.197     3.0235     3.0259   2.923054   2.923309     2.6289     2.7339      8.171     0.6027     1.8060 5.2278e+01     0.1346    96.6904     7.1699     8.0334    32.0157    32.0164    25.5014    25.5018    7.59167 0.0000e+00
      43373      4.176     3.0237     3.0251   2.923032   2.923243     2.6265     2.7347      8.169     0.6027     1.8455 5.3078e+01     0.1357    96.6643     7.1586     8.0339    32.0153    32.0164    25.5011    25.5019    7.59166 0.0000e+00
      43597      4.122     3.0233     3.0234   2.922993   2.923120     2.6244     2.7355      8.171     0.5832     1.9245 5.2947e+01     0.1379    96.6122     7.1462     8.0281    32.0153    32.0166    25.5011    25.5022    7.59174 0.0000e+00
      43600      4.056     3.0234     3.0235   2.922994   2.923128     2.6248     2.7368      8.169     0.5832     1.9245 5.4121e+01     0.1361    96.6557     7.1528     8.0304    32.0151    32.0167    25.5010    25.5022    7.59172 0.0000e+00
      43603      3.997     3.0234     3.0236   2.922984   2.923128     2.6248     2.7368      8.169     0.5881     1.9245 5.5132e+01     0.1346    96.6904     7.1563     8.0280    32.0151    32.0166    25.5009    25.5021    7.59173 0.0000e+00
      43606      3.946     3.0234     3.0235   2.922976   2.923120     2.6240     2.7368      8.171     0.5783     1.9245 5.6160e+01     0.1350    96.6817     7.1562     8.0253    32.0150    32.0166    25.5008    25.5022    7.59172 0.0000e+00
      43609      3.908     3.0233     3.0233   2.922970   2.923108     2.6253     2.7368      8.171     0.5783     1.9245 5.5260e+01     0.1350    96.6817     7.1641     8.0202    32.0150    32.0167    25.5009    25.5022    7.59174 0.0000e+00
      44691      3.878     3.0223     3.0222   2.922873   2.923025     2.6244     2.7319      8.171     0.5734     1.8060 5.3008e+01     0.1353    96.6731     7.1732     8.0126    32.0149    32.0168    25.5008    25.5024    7.59194 0.0000e+00
      45567      3.850     3.0251     3.0247   2.923053   2.923148     2.6244     2.7343      8.171     0.5929     1.8850 5.5256e+01     0.1350    96.6817     7.1666     8.0188    32.0143    32.0158    25.5002    25.5014    7.59144 0.0000e+00
      46006      3.812     3.0265     3.0260   2.923165   2.923200     2.6244     2.7355      8.171     0.6076     1.9245 5.6486e+01     0.1346    96.6904     7.1639     8.0208    32.0143    32.0151    25.5000    25.5008    7.59117 0.0000e+00
      47075      3.771     3.0310     3.0313   2.923460   2.923608     2.6252     2.7363      8.171     0.5978     1.7666 5.6225e+01     0.1361    96.6557     7.1342     8.0227    32.0134    32.0149    25.4989    25.5001    7.59036 0.0000e+00
      47611      3.700     3.0331     3.0336   2.923504   2.923703     2.6252     2.7367      8.171     0.5881     1.6876 5.7143e+01     0.1368    96.6383     7.1235     8.0249    32.0118    32.0137    25.4975    25.4990    7.59003 0.0000e+00
      47614      3.633     3.0325     3.0328   2.923479   2.923666     2.6236     2.7367      8.171     0.5978     1.6876 5.7807e+01     0.1372    96.6296     7.1255     8.0250    32.0122    32.0141    25.4978    25.4994    7.59012 0.0000e+00
      47617      3.569     3.0322     3.0327   2.923445   2.923703     2.6236     2.7367      8.171     0.5881     1.6876 5.8685e+01     0.1368    96.6383     7.1313     8.0241    32.0121    32.0147    25.4978    25.4998    7.59019 0.0000e+00
      47620      3.501     3.0318     3.0328   2.923444   2.923697     2.6240     2.7367      8.171     0.5881     1.7271 6.0759e+01     0.1379    96.6122     7.1376     8.0235    32.0125    32.0146    25.4982    25.4997    7.59024 0.0000e+00
      47623      3.437     3.0315     3.0329   2.923424   2.923699     2.6240     2.7367      8.171     0.5978     1.8060 6.4002e+01     0.1389    96.5862     7.1437     8.0233    32.0126    32.0146    25.4982    25.4997    7.59030 0.0000e+00
      47626      3.380     3.0315     3.0330   2.923416   2.923711     2.6244     2.7367      8.171     0.5929     1.8060 6.4671e+01     0.1389    96.5862     7.1533     8.0231    32.0126    32.0146    25.4983    25.4998    7.59031 0.0000e+00
      47629      3.332     3.0314     3.0329   2.923439   2.923688     2.6244     2.7367      8.171     0.5929     1.8060 6.2104e+01     0.1389    96.5862     7.1603     8.0229    32.0130    32.0145    25.4986    25.4997    7.59031 0.0000e+00
      47632      3.288     3.0314     3.0323   2.923437   2.923566     2.6236     2.7367      8.171     0.5978     1.8060 6.0967e+01     0.1393    96.5775     7.1645     8.0229    32.0130    32.0137    25.4986    25.4990    7.59030 0.0000e+00
      47635      3.244     3.0314     3.0305   2.923405   2.923411     2.6248     2.7371      8.171     0.5783     1.8060 5.9709e+01     0.1389    96.5862     7.1760     8.0245    32.0126    32.0135    25.4982    25.4991    7.59032 0.0000e+00
      47638      3.202     3.0311     3.0291   2.923374   2.923335     2.6244     2.7367      8.171     0.5685     1.8060 5.7880e+01     0.1389    96.5862     7.1812     8.0232    32.0125    32.0141    25.4982    25.4996    7.59038 0.0000e+00
      47669      3.170     3.0315     3.0284   2.923399   2.923300     2.6199     2.7363      8.171     0.5783     1.7665 5.5524e+01     0.1375    96.6209     7.1568     8.0239    32.0125    32.0144    25.4982    25.4999    7.59031 0.0000e+00
      47727      3.112     3.0322     3.0283   2.923437   2.923282     2.6085     2.7355      8.171     0.5929     1.6876 5.5967e+01     0.1361    96.6557     7.0949     8.0259    32.0123    32.0143    25.4980    25.4999    7.59018 0.0000e+00
      47730      3.036     3.0318     3.0280   2.923440   2.923268     2.6089     2.7355      8.171     0.5929     1.6876 5.5387e+01     0.1364    96.6470     7.0948     8.0268    32.0127    32.0145    25.4983    25.5001    7.59023 0.0000e+00
      47733      2.969     3.0317     3.0281   2.923412   2.923297     2.6110     2.7355      8.171     0.5929     1.6876 5.3504e+01     0.1357    96.6644     7.0947     8.0272    32.0126    32.0147    25.4982    25.5003    7.59027 0.0000e+00
      47736      2.921     3.0312     3.0282   2.923378   2.923275     2.6110     2.7355      8.171     0.5978     1.6876 4.9519e+01     0.1361    96.6557     7.0854     8.0269    32.0127    32.0144    25.4984    25.5000    7.59036 0.0000e+00
      47764      2.893     3.0320     3.0280   2.923469   2.923257     2.5991     2.7359      8.171     0.5832     1.8060 6.5009e+01     0.1350    96.6817     6.9816     8.0116    32.0129    32.0143    25.4985    25.4999    7.59018 0.0000e+00
      47779      2.869     3.0326     3.0282   2.923502   2.923307     2.5906     2.7355      8.171     0.5734     1.9245 7.3778e+01     0.1346    96.6904     6.9335     8.0018    32.0127    32.0147    25.4983    25.5003    7.59008 0.0000e+00
      47782      2.838     3.0326     3.0288   2.923510   2.923329     2.5882     2.7351      8.171     0.5734     1.9245 7.2599e+01     0.1361    96.6557     6.9360     8.0013    32.0129    32.0145    25.4983    25.5000    7.59007 0.0000e+00
      47785      2.804     3.0325     3.0290   2.923497   2.923343     2.5869     2.7351      8.171     0.5734     1.9245 6.9158e+01     0.1368    96.6383     6.9446     8.0018    32.0128    32.0145    25.4984    25.5000    7.59009 0.0000e+00
      47788      2.763     3.0325     3.0282   2.923481   2.923252     2.5865     2.7351      8.171     0.5734     1.9245 6.7263e+01     0.1372    96.6296     6.9591     8.0030    32.0127    32.0141    25.4983    25.4998    7.59011 0.0000e+00
      47791      2.716     3.0323     3.0276   2.923442   2.923211     2.5857     2.7343      8.169     0.5832     1.9245 6.6105e+01     0.1372    96.6296     6.9730     8.0016    32.0125    32.0143    25.4981    25.5000    7.59016 0.0000e+00
      47794      2.659     3.0321     3.0282   2.923444   2.923308     2.5853     2.7347      8.171     0.5685     1.9245 6.5574e+01     0.1372    96.6296     6.9869     8.0036    32.0126    32.0149    25.4983    25.5004    7.59018 0.0000e+00
      47797      2.592     3.0321     3.0291   2.923469   2.923367     2.5841     2.7343      8.171     0.5636     1.9245 6.7496e+01     0.1372    96.6296     6.9969     8.0030    32.0130    32.0148    25.4985    25.5002    7.59016 0.0000e+00
