Datasets/AZMP/COO001/79001011.cnv
* Sea-Bird SBE 9 Data File:
* FileName = C:\CTDDATA\79001011.hex
* Software Version Seasave V 7.26.7.110
* Temperature SN = 5811
* Conductivity SN = 4531
* Number of Bytes Per Scan = 30
* Number of Voltage Words = 4
* Number of Scans Averaged by the Deck Unit = 1
* NMEA baud rate = 9600
** VESSEL/TRIP/SEQ STN:  79001011
** LATITUDE XX XX.XX N:  46 30.29 N
** LONGITUDE XX XX.XX W:  56 01.79 W
** SOUNDING DEPTH (M):  0150
** PROBE TYPE (S1221): S1221
** CTD NUMBER: 004
** COMMENTS (14 CHAR):  SWSPB-02
** BOTTLES:  11
** LEVELS: 5,5,10,20,20,30,40,50,75,100,BTM
** STICKERS: 434618 - 434628
** VNET: Y
** DO2: Y
# nquan = 22
# nvalues = 3504                        
# units = specified
# name 0 = scan: Scan Count
# name 1 = prDM: Pressure, Digiquartz [db]
# name 2 = t090C: Temperature [ITS-90, deg C]
# name 3 = t190C: Temperature, 2 [ITS-90, deg C]
# name 4 = c0S/m: Conductivity [S/m]
# name 5 = c1S/m: Conductivity, 2 [S/m]
# name 6 = sbeox0V: Oxygen raw, SBE 43 [V]
# name 7 = sbeox1V: Oxygen raw, SBE 43, 2 [V]
# name 8 = ph: pH
# name 9 = flECO-AFL: Fluorescence, WET Labs ECO-AFL/FL [mg/m^3]
# name 10 = wetCDOM: Fluorescence, WET Labs CDOM [mg/m^3]
# name 11 = par/sat/log: PAR/Logarithmic, Satlantic [umol photons/m^2/sec]
# name 12 = CStarAt0: Beam Attenuation, WET Labs C-Star [1/m]
# name 13 = CStarTr0: Beam Transmission, WET Labs C-Star [%]
# name 14 = sbeox0ML/L: Oxygen, SBE 43 [ml/l], WS = 2
# name 15 = sbeox1ML/L: Oxygen, SBE 43, 2 [ml/l], WS = 2
# name 16 = sal00: Salinity, Practical [PSU]
# name 17 = sal11: Salinity, Practical, 2 [PSU]
# name 18 = sigma-t00: Density [sigma-t, kg/m^3 ]
# name 19 = sigma-t11: Density, 2 [sigma-t, kg/m^3 ]
# name 20 = oxsatML/L: Oxygen Saturation, Weiss [ml/l]
# name 21 = flag: flag
# span 0 =         22,      31717       
# span 1 =      1.160,    141.664       
# span 2 =    -0.6623,     5.8790       
# span 3 =    -0.6560,     5.8789       
# span 4 =   2.680635,   3.139722       
# span 5 =   2.681067,   3.139738       
# span 6 =     2.4076,     3.1214       
# span 7 =     2.2895,     2.5377       
# span 8 =      8.027,      8.161       
# span 9 =     0.0460,     0.7420       
# span 10 =    -1.0780,   108.8772      
# span 11 = 1.1746e-01, 6.1713e-01      
# span 12 =    -0.1236,    -0.0083      
# span 13 =   100.2085,   103.1385      
# span 14 =     6.0034,     9.0620      
# span 15 =     7.4867,     8.6316      
# span 16 =    31.7726,    32.6713      
# span 17 =    31.7728,    32.6707      
# span 18 =    25.0176,    26.2543      
# span 19 =    25.0179,    26.2536      
# span 20 =    7.08972,    8.32060      
# span 21 = 0.0000e+00, 0.0000e+00      
# interval = scans: 3                   
# start_time = Nov 18 2019 22:50:38 [System UTC, header]
# bad_flag = -9.990e-29
*END*
[from data line 2898]
      19837     37.733     5.2810     5.2870   3.098892   3.099267     2.6244     2.5059      8.147     0.3024     0.4352 1.1787e-01    -0.0813   102.0533     7.5500     7.6423    31.8641    31.8627    25.1589    25.1571    7.18791 0.0000e+00
      19840     37.677     5.2809     5.2866   3.098891   3.099203     2.6244     2.5063      8.149     0.3073     0.4263 1.1787e-01    -0.0809   102.0443     7.5490     7.6453    31.8642    31.8624    25.1590    25.1569    7.18792 0.0000e+00
      19843     37.625     5.2819     5.2858   3.098906   3.099183     2.6248     2.5068      8.149     0.3049     0.4352 1.1773e-01    -0.0813   102.0533     7.5494     7.6478    31.8634    31.8629    25.1583    25.1574    7.18778 0.0000e+00
      19846     37.572     5.2867     5.2854   3.099408   3.099146     2.6244     2.5059      8.149     0.3049     0.4352 1.1773e-01    -0.0813   102.0533     7.5455     7.6453    31.8647    31.8629    25.1587    25.1574    7.18690 0.0000e+00
      19849     37.514     5.2912     5.2848   3.099611   3.099115     2.6252     2.5059      8.147     0.3049     0.4352 1.1787e-01    -0.0813   102.0533     7.5460     7.6462    31.8627    31.8631    25.1566    25.1577    7.18620 0.0000e+00
      19852     37.451     5.2911     5.2845   3.099543   3.099064     2.6256     2.5063      8.149     0.3049     0.4352 1.1787e-01    -0.0820   102.0714     7.5472     7.6484    31.8621    31.8629    25.1562    25.1575    7.18626 0.0000e+00
      19855     37.381     5.2902     5.2853   3.099455   3.099116     2.6256     2.5059      8.149     0.3073     0.4531 1.1773e-01    -0.0813   102.0533     7.5462     7.6467    31.8619    31.8627    25.1562    25.1573    7.18642 0.0000e+00
      19858     37.310     5.2890     5.2869   3.099379   3.099277     2.6256     2.5068      8.149     0.3146     0.6501 1.1787e-01    -0.0813   102.0533     7.5459     7.6495    31.8622    31.8630    25.1565    25.1574    7.18660 0.0000e+00
      19861     37.246     5.2888     5.2891   3.099379   3.099472     2.6256     2.5068      8.147     0.3122     1.3127 1.1787e-01    -0.0813   102.0533     7.5457     7.6486    31.8624    31.8632    25.1567    25.1573    7.18663 0.0000e+00
      19864     37.178     5.2890     5.2956   3.099408   3.100024     2.6256     2.5072      8.149     0.3097     1.3038 1.1773e-01    -0.0813   102.0533     7.5452     7.6484    31.8627    31.8634    25.1569    25.1567    7.18659 0.0000e+00
      19867     37.106     5.2881     5.3008   3.099273   3.100316     2.6256     2.5068      8.149     0.3073     1.2948 1.1773e-01    -0.0820   102.0714     7.5449     7.6461    31.8620    31.8617    25.1565    25.1548    7.18678 0.0000e+00
      19870     37.032     5.2859     5.3025   3.099086   3.100435     2.6256     2.5072      8.146     0.3122     1.3038 1.1787e-01    -0.0813   102.0533     7.5445     7.6471    31.8620    31.8615    25.1567    25.1544    7.18715 0.0000e+00
      19873     36.957     5.2862     5.3069   3.099242   3.100742     2.6260     2.5072      8.149     0.3097     1.3038 1.1787e-01    -0.0813   102.0533     7.5449     7.6449    31.8635    31.8609    25.1578    25.1535    7.18702 0.0000e+00
      19876     36.882     5.2896     5.3120   3.099497   3.101092     2.6264     2.5072      8.149     0.3097     1.3038 1.1773e-01    -0.0817   102.0623     7.5456     7.6422    31.8632    31.8600    25.1572    25.1522    7.18645 0.0000e+00
      19879     36.802     5.2903     5.3154   3.099533   3.101264     2.6264     2.5072      8.149     0.3097     1.3038 1.1773e-01    -0.0813   102.0533     7.5455     7.6404    31.8630    31.8588    25.1570    25.1508    7.18634 0.0000e+00
      19882     36.715     5.2941     5.3145   3.099974   3.101180     2.6264     2.5072      8.149     0.2829     1.3127 1.1787e-01    -0.0820   102.0714     7.5450     7.6390    31.8644    31.8587    25.1577    25.1509    7.18561 0.0000e+00
      19885     36.629     5.2975     5.3115   3.099961   3.100956     2.6268     2.5072      8.147     0.2804     0.4084 1.1773e-01    -0.0817   102.0623     7.5454     7.6389    31.8611    31.8591    25.1546    25.1515    7.18518 0.0000e+00
      19888     36.544     5.2955     5.3097   3.099846   3.100849     2.6264     2.5072      8.147     0.2804    -0.4333 1.1787e-01    -0.0820   102.0714     7.5432     7.6387    31.8618    31.8596    25.1554    25.1521    7.18551 0.0000e+00
      19891     36.459     5.2959     5.3111   3.099873   3.100987     2.6264     2.5072      8.149     0.2829    -0.3885 1.1787e-01    -0.0820   102.0714     7.5420     7.6389    31.8617    31.8599    25.1553    25.1522    7.18543 0.0000e+00
      19894     36.373     5.2952     5.3179   3.099834   3.101636     2.6268     2.5072      8.149     0.2804    -0.3885 1.1787e-01    -0.0820   102.0714     7.5424     7.6368    31.8619    31.8608    25.1556    25.1522    7.18554 0.0000e+00
      19897     36.285     5.2975     5.3255   3.100023   3.102073     2.6268     2.5072      8.148     0.2829    -0.3885 1.1787e-01    -0.0820   102.0714     7.5411     7.6360    31.8619    31.8586    25.1553    25.1495    7.18514 0.0000e+00
      19900     36.198     5.3020     5.3310   3.100437   3.102346     2.6268     2.5072      8.148     0.2780    -0.3796 1.1787e-01    -0.0813   102.0533     7.5403     7.6366    31.8624    31.8566    25.1552    25.1473    7.18434 0.0000e+00
      19903     36.112     5.3121     5.3345   3.101326   3.102602     2.6268     2.5072      8.148     0.2804    -0.3885 1.1787e-01    -0.0824   102.0804     7.5377     7.6380    31.8630    31.8562    25.1545    25.1467    7.18257 0.0000e+00
      19906     36.022     5.3175     5.3364   3.101451   3.102714     2.6272     2.5072      8.148     0.2780    -0.3796 1.1773e-01    -0.0817   102.0623     7.5381     7.6391    31.8593    31.8557    25.1510    25.1460    7.18180 0.0000e+00
      19909     35.928     5.3191     5.3376   3.101661   3.102753     2.6268     2.5072      8.148     0.2756    -0.3975 1.1787e-01    -0.0820   102.0714     7.5351     7.6398    31.8602    31.8550    25.1515    25.1454    7.18148 0.0000e+00
      19912     35.836     5.3277     5.3369   3.102234   3.102683     2.6264     2.5072      8.148     0.2731     0.9098 1.1787e-01    -0.0817   102.0623     7.5317     7.6413    31.8585    31.8550    25.1493    25.1454    7.18007 0.0000e+00
      19915     35.742     5.3326     5.3359   3.102443   3.102623     2.6264     2.5076      8.148     0.2756     1.1963 1.1760e-01    -0.0817   102.0623     7.5305     7.6447    31.8563    31.8553    25.1469    25.1457    7.17932 0.0000e+00
      19918     35.650     5.3325     5.3341   3.102386   3.102514     2.6268     2.5072      8.148     0.2756     1.1784 1.1773e-01    -0.0820   102.0714     7.5313     7.6454    31.8558    31.8557    25.1466    25.1463    7.17938 0.0000e+00
      19921     35.560     5.3299     5.3371   3.102190   3.102746     2.6272     2.5080      8.148     0.2707     1.1784 1.1787e-01    -0.0817   102.0623     7.5336     7.6492    31.8561    31.8555    25.1471    25.1458    7.17981 0.0000e+00
      19924     35.475     5.3297     5.3405   3.102167   3.102958     2.6268     2.5084      8.148     0.2731     1.1874 1.1773e-01    -0.0824   102.0804     7.5323     7.6510    31.8561    31.8548    25.1471    25.1449    7.17984 0.0000e+00
      19927     35.387     5.3358     5.3411   3.102706   3.102980     2.6268     2.5088      8.148     0.2731     1.1963 1.1787e-01    -0.0820   102.0714     7.5314     7.6526    31.8565    31.8545    25.1467    25.1446    7.17877 0.0000e+00
      19930     35.296     5.3425     5.3399   3.103106   3.102891     2.6268     2.5084      8.148     0.2707     1.1963 1.1787e-01    -0.0824   102.0804     7.5311     7.6511    31.8547    31.8547    25.1445    25.1448    7.17769 0.0000e+00
      19933     35.207     5.3425     5.3398   3.103075   3.102877     2.6260     2.5084      8.148     0.2682     1.1874 1.1787e-01    -0.0824   102.0804     7.5285     7.6515    31.8543    31.8547    25.1443    25.1449    7.17770 0.0000e+00
      19936     35.121     5.3435     5.3432   3.103173   3.103108     2.6268     2.5092      8.148     0.2633     1.1068 1.1787e-01    -0.0824   102.0804     7.5317     7.6525    31.8546    31.8542    25.1443    25.1440    7.17752 0.0000e+00
      19939     35.034     5.3462     5.3445   3.103355   3.103183     2.6268     2.5092      8.148     0.2633     0.6681 1.1773e-01    -0.0820   102.0714     7.5315     7.6507    31.8541    31.8537    25.1436    25.1436    7.17707 0.0000e+00
      19942     34.951     5.3485     5.3417   3.103488   3.102962     2.6264     2.5096      8.148     0.2682     0.6412 1.1787e-01    -0.0824   102.0804     7.5292     7.6504    31.8534    31.8540    25.1429    25.1440    7.17671 0.0000e+00
      19945     34.867     5.3516     5.3381   3.103719   3.102682     2.6272     2.5096      8.148     0.2682     0.6412 1.1787e-01    -0.0824   102.0804     7.5317     7.6486    31.8531    31.8542    25.1423    25.1447    7.17619 0.0000e+00
      19948     34.785     5.3528     5.3420   3.103716   3.103067     2.6268     2.5096      8.148     0.2658     0.6412 1.1773e-01    -0.0824   102.0804     7.5304     7.6453    31.8521    31.8550    25.1413    25.1448    7.17604 0.0000e+00
      19951     34.703     5.3511     5.3497   3.103535   3.103508     2.6272     2.5096      8.148     0.2682     0.6501 1.1787e-01    -0.0824   102.0804     7.5320     7.6426    31.8517    31.8527    25.1412    25.1421    7.17635 0.0000e+00
      19954     34.624     5.3491     5.3515   3.103448   3.103576     2.6272     2.5096      8.148     0.2633     0.6680 1.1787e-01    -0.0827   102.0894     7.5315     7.6411    31.8526    31.8518    25.1421    25.1412    7.17664 0.0000e+00
      19957     34.548     5.3501     5.3511   3.103602   3.103592     2.6268     2.5104      8.148     0.2658     0.6412 1.1760e-01    -0.0824   102.0804     7.5283     7.6418    31.8534    31.8524    25.1427    25.1418    7.17643 0.0000e+00
      19960     34.473     5.3526     5.3510   3.103823   3.103603     2.6277     2.5096      8.148     0.2658     0.6412 1.1773e-01    -0.0824   102.0804     7.5297     7.6367    31.8537    31.8527    25.1426    25.1419    7.17600 0.0000e+00
      19963     34.400     5.3558     5.3528   3.103979   3.103721     2.6277     2.5096      8.148     0.2707     0.7307 1.1773e-01    -0.0824   102.0804     7.5286     7.6344    31.8524    31.8523    25.1413    25.1415    7.17550 0.0000e+00
      19966     34.327     5.3558     5.3546   3.103931   3.103894     2.6268     2.5096      8.148     0.2633     0.8829 1.1773e-01    -0.0824   102.0804     7.5256     7.6329    31.8519    31.8526    25.1408    25.1415    7.17553 0.0000e+00
      19969     34.258     5.3561     5.3569   3.103965   3.104023     2.6272     2.5096      8.148     0.2633     0.8561 1.1760e-01    -0.0824   102.0804     7.5266     7.6305    31.8520    31.8519    25.1409    25.1407    7.17547 0.0000e+00
      19972     34.191     5.3563     5.3572   3.103975   3.104031     2.6272     2.5092      8.148     0.2658     0.8561 1.1787e-01    -0.0824   102.0804     7.5263     7.6273    31.8520    31.8517    25.1409    25.1405    7.17544 0.0000e+00
      19975     34.129     5.3557     5.3584   3.103987   3.104108     2.6268     2.5096      8.148     0.2682     0.8740 1.1760e-01    -0.0824   102.0804     7.5245     7.6273    31.8527    31.8515    25.1415    25.1402    7.17550 0.0000e+00
      19978     34.067     5.3581     5.3600   3.104148   3.104043     2.6264     2.5096      8.148     0.2707     0.8650 1.1787e-01    -0.0824   102.0804     7.5226     7.6265    31.8523    31.8493    25.1409    25.1382    7.17511 0.0000e+00
      19981     34.004     5.3605     5.3612   3.104285   3.104220     2.6264     2.5092      8.148     0.2682     0.8740 1.1787e-01    -0.0824   102.0804     7.5220     7.6248    31.8516    31.8502    25.1400    25.1389    7.17472 0.0000e+00
      19984     33.945     5.3604     5.3614   3.104225   3.104244     2.6268     2.5096      8.148     0.2658     0.8740 1.1773e-01    -0.0824   102.0804     7.5241     7.6265    31.8511    31.8502    25.1397    25.1389    7.17477 0.0000e+00
      19987     33.887     5.3600     5.3621   3.104225   3.104298     2.6268     2.5088      8.148     0.2951     0.8561 1.1773e-01    -0.0834   102.1075     7.5262     7.6232    31.8514    31.8503    25.1400    25.1389    7.17482 0.0000e+00
      19990     33.831     5.3598     5.3628   3.104197   3.104369     2.6277     2.5088      8.148     0.2951     0.8292 1.1773e-01    -0.0827   102.0894     7.5311     7.6232    31.8513    31.8504    25.1400    25.1389    7.17486 0.0000e+00
      19993     33.777     5.3591     5.3638   3.104143   3.104430     2.6268     2.5084      8.148     0.2951     0.8023 1.1787e-01    -0.0831   102.0985     7.5295     7.6214    31.8514    31.8502    25.1401    25.1386    7.17497 0.0000e+00
      19996     33.723     5.3581     5.3638   3.104058   3.104398     2.6268     2.5084      8.148     0.2975     0.8113 1.1787e-01    -0.0827   102.0894     7.5308     7.6212    31.8514    31.8499    25.1402    25.1383    7.17515 0.0000e+00
      19999     33.671     5.3572     5.3638   3.103982   3.104395     2.6268     2.5084      8.148     0.2975     0.8113 1.1787e-01    -0.0827   102.0894     7.5323     7.6207    31.8515    31.8499    25.1404    25.1383    7.17531 0.0000e+00
      20002     33.622     5.3572     5.3630   3.103914   3.104340     2.6268     2.5088      8.148     0.2951     0.8202 1.1787e-01    -0.0827   102.0894     7.5332     7.6225    31.8507    31.8500    25.1397    25.1386    7.17534 0.0000e+00
      20005     33.571     5.3533     5.3628   3.103548   3.104317     2.6268     2.5084      8.148     0.2975     0.8023 1.1787e-01    -0.0827   102.0894     7.5346     7.6205    31.8503    31.8500    25.1399    25.1386    7.17604 0.0000e+00
      20008     33.522     5.3453     5.3621   3.103239   3.104282     2.6277     2.5084      8.148     0.3024     0.8113 1.1773e-01    -0.0824   102.0804     7.5391     7.6204    31.8544    31.8503    25.1440    25.1389    7.17722 0.0000e+00
      20011     33.472     5.3496     5.3620   3.103470   3.104261     2.6281     2.5084      8.148     0.3097     0.8113 1.1787e-01    -0.0827   102.0894     7.5395     7.6204    31.8529    31.8501    25.1423    25.1387    7.17654 0.0000e+00
      20014     33.423     5.3492     5.3614   3.103221   3.104193     2.6281     2.5084      8.148     0.3342     0.7844 1.1787e-01    -0.0827   102.0894     7.5401     7.6207    31.8505    31.8499    25.1405    25.1387    7.17673 0.0000e+00
      20017     33.372     5.3391     5.3606   3.102802   3.104152     2.6281     2.5080      8.148     0.3366     0.2830 1.1787e-01    -0.0827   102.0894     7.5416     7.6188    31.8554    31.8503    25.1455    25.1390    7.17825 0.0000e+00
      20020     33.323     5.3351     5.3601   3.102564   3.104125     2.6281     2.5080      8.148     0.3317     0.2382 1.1787e-01    -0.0827   102.0894     7.5410     7.6185    31.8565    31.8505    25.1469    25.1392    7.17889 0.0000e+00
      20023     33.273     5.3285     5.3600   3.101977   3.104095     2.6285     2.5076      8.148     0.3342     0.2382 1.1773e-01    -0.0827   102.0894     7.5422     7.6169    31.8561    31.8503    25.1472    25.1391    7.18005 0.0000e+00
      20026     33.225     5.3235     5.3601   3.101667   3.104080     2.6289     2.5076      8.148     0.3342     0.2382 1.1773e-01    -0.0827   102.0894     7.5426     7.6173    31.8574    31.8500    25.1488    25.1389    7.18085 0.0000e+00
