Datasets/AZMP/COO001/79001081.cnv
* Sea-Bird SBE 9 Data File:
* FileName = C:\CTDDATA\79001081.hex
* Software Version Seasave V 7.26.7.110
* Temperature SN = 5660
* Conductivity SN = 3698
* Number of Bytes Per Scan = 30
* Number of Voltage Words = 4
* Number of Scans Averaged by the Deck Unit = 1
* NMEA baud rate = 9600
** VESSEL/TRIP/SEQ STN:  79001081
** LATITUDE XX XX.XX N:  48 09.43 N
** LONGITUDE XX XX.XX W:  53 42.05 W
** SOUNDING DEPTH (M):  0209
** PROBE TYPE: S1257
** CTD NUMBER: 048
** COMMENTS (14 CHAR): SS-09
** BOTTLES:  18
** LEVELS: 5,5,5,5,10,20,20,20,20,30,40,50,50,50,75,100,150,BTM
** STICKERS: 435225 - 435242
** VNET: Y
** DO2: N
# nquan = 22
# nvalues = 7842                        
# units = specified
# name 0 = scan: Scan Count
# name 1 = prDM: Pressure, Digiquartz [db]
# name 2 = t090C: Temperature [ITS-90, deg C]
# name 3 = t190C: Temperature, 2 [ITS-90, deg C]
# name 4 = c0S/m: Conductivity [S/m]
# name 5 = c1S/m: Conductivity, 2 [S/m]
# name 6 = sbeox0V: Oxygen raw, SBE 43 [V]
# name 7 = sbeox1V: Oxygen raw, SBE 43, 2 [V]
# name 8 = ph: pH
# name 9 = flECO-AFL: Fluorescence, WET Labs ECO-AFL/FL [mg/m^3]
# name 10 = wetCDOM: Fluorescence, WET Labs CDOM [mg/m^3]
# name 11 = par/sat/log: PAR/Logarithmic, Satlantic [umol photons/m^2/sec]
# name 12 = CStarAt0: Beam Attenuation, WET Labs C-Star [1/m]
# name 13 = CStarTr0: Beam Transmission, WET Labs C-Star [%]
# name 14 = sbeox0ML/L: Oxygen, SBE 43 [ml/l], WS = 2
# name 15 = sbeox1ML/L: Oxygen, SBE 43, 2 [ml/l], WS = 2
# name 16 = sal00: Salinity, Practical [PSU]
# name 17 = sal11: Salinity, Practical, 2 [PSU]
# name 18 = sigma-t00: Density [sigma-t, kg/m^3 ]
# name 19 = sigma-t11: Density, 2 [sigma-t, kg/m^3 ]
# name 20 = oxsatML/L: Oxygen Saturation, Weiss [ml/l]
# name 21 = flag: flag
# span 0 =        299,      56690       
# span 1 =      2.351,    196.826       
# span 2 =     0.1238,     3.4577       
# span 3 =     0.1217,     3.4573       
# span 4 =   2.762237,   2.931674       
# span 5 =   2.767085,   2.931853       
# span 6 =     2.3667,     2.7449       
# span 7 =     2.3325,     2.7067       
# span 8 =      8.031,      8.181       
# span 9 =     0.0166,     0.6857       
# span 10 =    -1.8260,     3.2273      
# span 11 = 1.0777e-01, 5.0611e+01      
# span 12 =     0.0821,     0.2307      
# span 13 =    94.3963,    97.9678      
# span 14 =     6.8083,     7.6015      
# span 15 =     7.2627,     7.9167      
# span 16 =    31.3337,    32.9916      
# span 17 =    31.3363,    32.9937      
# span 18 =    24.9237,    26.4790      
# span 19 =    24.9259,    26.4808      
# span 20 =    7.53332,    8.12936      
# span 21 = 0.0000e+00, 0.0000e+00      
# interval = scans: 3                   
# start_time = Dec 01 2019 18:23:20 [System UTC, header]
# bad_flag = -9.990e-29
*END*
[from data line 7046]
      42832     32.470     3.3775     3.3790   2.926353   2.926420     2.7413     2.7055      8.179     0.4268     2.1614 1.0790e-01     0.1163    97.1336     7.5112     7.8917    31.6916    31.6909    25.2125    25.2118    7.54080 0.0000e+00
      42835     32.431     3.3778     3.3790   2.926300   2.926418     2.7413     2.7055      8.179     0.4024     2.1614 1.0790e-01     0.1210    97.0207     7.5105     7.8910    31.6907    31.6909    25.2117    25.2118    7.54079 0.0000e+00
      42838     32.393     3.3782     3.3791   2.926245   2.926418     2.7413     2.7055      8.179     0.3976     2.1614 1.0790e-01     0.1228    96.9772     7.5109     7.8898    31.6897    31.6908    25.2109    25.2117    7.54077 0.0000e+00
      42841     32.355     3.3784     3.3792   2.926149   2.926428     2.7409     2.7055      8.179     0.4073     2.1614 1.0790e-01     0.1228    96.9772     7.5093     7.8887    31.6883    31.6909    25.2098    25.2118    7.54079 0.0000e+00
      42844     32.318     3.3785     3.3793   2.926300   2.926429     2.7417     2.7055      8.179     0.4073     2.1614 1.0790e-01     0.1224    96.9859     7.5101     7.8874    31.6901    31.6908    25.2112    25.2117    7.54069 0.0000e+00
      42847     32.282     3.3785     3.3793   2.926300   2.926442     2.7417     2.7055      8.179     0.4024     2.1614 1.0790e-01     0.1228    96.9772     7.5081     7.8863    31.6901    31.6909    25.2112    25.2118    7.54069 0.0000e+00
      42850     32.244     3.3786     3.3793   2.926314   2.926433     2.7409     2.7055      8.179     0.4024     2.1614 1.0790e-01     0.1228    96.9772     7.5056     7.8864    31.6902    31.6908    25.2112    25.2118    7.54066 0.0000e+00
      42853     32.206     3.3786     3.3794   2.926337   2.926419     2.7409     2.7055      8.179     0.3976     2.2403 1.0790e-01     0.1224    96.9859     7.5074     7.8857    31.6904    31.6907    25.2115    25.2116    7.54065 0.0000e+00
      42856     32.168     3.3786     3.3792   2.926319   2.926410     2.7409     2.7055      8.179     0.4024     2.2798 1.0790e-01     0.1142    97.1858     7.5073     7.8853    31.6902    31.6907    25.2113    25.2116    7.54066 0.0000e+00
      42859     32.132     3.3785     3.3792   2.926295   2.926414     2.7409     2.7055      8.179     0.4366     2.2798 1.0790e-01     0.1142    97.1858     7.5069     7.8853    31.6900    31.6908    25.2112    25.2117    7.54068 0.0000e+00
      42862     32.095     3.3786     3.3795   2.926307   2.926399     2.7421     2.7055      8.179     0.4513     2.2798 1.0790e-01     0.1142    97.1858     7.5111     7.8852    31.6901    31.6903    25.2112    25.2113    7.54066 0.0000e+00
      42865     32.058     3.3785     3.3794   2.926289   2.926424     2.7409     2.7055      8.179     0.4562     2.2798 1.0790e-01     0.1142    97.1858     7.5078     7.8840    31.6900    31.6907    25.2111    25.2116    7.54069 0.0000e+00
      42868     32.020     3.3786     3.3794   2.926292   2.926405     2.7405     2.7055      8.179     0.4562     2.2798 1.0790e-01     0.1142    97.1858     7.5066     7.8810    31.6899    31.6906    25.2111    25.2115    7.54066 0.0000e+00
      42871     31.983     3.3787     3.3797   2.926284   2.926442     2.7405     2.7055      8.179     0.4513     2.2798 1.0790e-01     0.1142    97.1858     7.5077     7.8799    31.6898    31.6908    25.2110    25.2116    7.54066 0.0000e+00
      42874     31.948     3.3786     3.3797   2.926262   2.926420     2.7413     2.7055      8.179     0.4464     2.2798 1.0790e-01     0.1135    97.2032     7.5097     7.8772    31.6897    31.6905    25.2109    25.2115    7.54068 0.0000e+00
      42877     31.912     3.3787     3.3796   2.926244   2.926418     2.7421     2.7055      8.179     0.4464     2.2798 1.0790e-01     0.1110    97.2640     7.5118     7.8749    31.6894    31.6905    25.2106    25.2115    7.54069 0.0000e+00
      42880     31.874     3.3786     3.3797   2.926277   2.926424     2.7409     2.7055      8.179     0.4610     2.3587 1.0790e-01     0.1113    97.2553     7.5073     7.8731    31.6899    31.6906    25.2110    25.2115    7.54067 0.0000e+00
      42883     31.836     3.3786     3.3796   2.926236   2.926414     2.7409     2.7055      8.179     0.4513     2.3982 1.0790e-01     0.1117    97.2466     7.5070     7.8717    31.6894    31.6906    25.2107    25.2115    7.54070 0.0000e+00
      42886     31.798     3.3786     3.3795   2.926249   2.926402     2.7409     2.7055      8.179     0.4610     2.3982 1.0790e-01     0.1113    97.2553     7.5069     7.8716    31.6896    31.6905    25.2108    25.2115    7.54069 0.0000e+00
      42889     31.768     3.3785     3.3797   2.926242   2.926436     2.7421     2.7046      8.179     0.4610     2.3982 1.0790e-01     0.1113    97.2553     7.5117     7.8682    31.6897    31.6907    25.2109    25.2116    7.54071 0.0000e+00
      42892     31.732     3.3786     3.3798   2.926267   2.926421     2.7409     2.7046      8.179     0.4708     2.3982 1.0790e-01     0.1117    97.2466     7.5083     7.8700    31.6898    31.6905    25.2110    25.2114    7.54067 0.0000e+00
      42895     31.697     3.3788     3.3798   2.926246   2.926414     2.7413     2.7046      8.179     0.4659     2.3982 1.0790e-01     0.1160    97.1423     7.5079     7.8715    31.6894    31.6905    25.2106    25.2114    7.54066 0.0000e+00
      42898     31.664     3.3788     3.3798   2.926250   2.926437     2.7405     2.7042      8.179     0.4659     2.3982 1.0790e-01     0.1196    97.0554     7.5039     7.8737    31.6894    31.6908    25.2106    25.2116    7.54065 0.0000e+00
      42901     31.632     3.3789     3.3800   2.926276   2.926432     2.7409     2.7042      8.179     0.4610     2.3982 1.0790e-01     0.1196    97.0554     7.5050     7.8774    31.6897    31.6905    25.2109    25.2114    7.54063 0.0000e+00
      42904     31.598     3.3789     3.3801   2.926277   2.926417     2.7413     2.7042      8.179     0.4708     2.3587 1.0790e-01     0.1196    97.0554     7.5072     7.8811    31.6898    31.6903    25.2109    25.2112    7.54063 0.0000e+00
      42907     31.565     3.3788     3.3799   2.926277   2.926428     2.7409     2.7042      8.179     0.4708     2.1614 1.0790e-01     0.1196    97.0554     7.5055     7.8848    31.6899    31.6906    25.2110    25.2115    7.54064 0.0000e+00
      42910     31.531     3.3789     3.3800   2.926287   2.926413     2.7409     2.7046      8.179     0.4659     2.1614 1.0790e-01     0.1196    97.0554     7.5046     7.8901    31.6899    31.6903    25.2110    25.2112    7.54062 0.0000e+00
      42913     31.503     3.3789     3.3799   2.926296   2.926410     2.7409     2.7042      8.179     0.4659     2.1614 1.0790e-01     0.1196    97.0554     7.5049     7.8918    31.6901    31.6904    25.2111    25.2113    7.54061 0.0000e+00
      42916     31.471     3.3786     3.3797   2.926284   2.926406     2.7421     2.7051      8.179     0.4610     2.1614 1.0790e-01     0.1156    97.1510     7.5101     7.8952    31.6902    31.6906    25.2113    25.2115    7.54065 0.0000e+00
      42919     31.436     3.3789     3.3796   2.926249   2.926409     2.7401     2.7051      8.179     0.4659     2.1614 1.0790e-01     0.1142    97.1858     7.5040     7.8967    31.6895    31.6907    25.2107    25.2116    7.54064 0.0000e+00
      42922     31.404     3.3790     3.3798   2.926255   2.926419     2.7409     2.7055      8.179     0.4562     2.1614 1.0790e-01     0.1142    97.1858     7.5067     7.8978    31.6895    31.6906    25.2107    25.2115    7.54062 0.0000e+00
      42925     31.374     3.3790     3.3801   2.926241   2.926437     2.7405     2.7055      8.179     0.4610     2.1614 1.0790e-01     0.1142    97.1858     7.5041     7.8965    31.6893    31.6906    25.2106    25.2115    7.54063 0.0000e+00
      42928     31.344     3.3791     3.3803   2.926237   2.926447     2.7409     2.7055      8.179     0.4610     2.1614 1.0790e-01     0.1142    97.1858     7.5060     7.8948    31.6892    31.6906    25.2104    25.2114    7.54061 0.0000e+00
      42931     31.309     3.3791     3.3802   2.926238   2.926424     2.7409     2.7055      8.179     0.4659     2.2009 1.0790e-01     0.1142    97.1858     7.5069     7.8927    31.6893    31.6903    25.2105    25.2113    7.54062 0.0000e+00
      42934     31.278     3.3792     3.3802   2.926249   2.926435     2.7405     2.7055      8.179     0.4659     2.2798 1.0790e-01     0.1149    97.1684     7.5067     7.8905    31.6893    31.6905    25.2105    25.2114    7.54060 0.0000e+00
      42937     31.246     3.3791     3.3804   2.926261   2.926428     2.7409     2.7055      8.179     0.4757     2.2798 1.0790e-01     0.1189    97.0728     7.5095     7.8884    31.6895    31.6902    25.2107    25.2111    7.54060 0.0000e+00
      42940     31.213     3.3791     3.3806   2.926233   2.926430     2.7409     2.7055      8.179     0.4904     2.2798 1.0790e-01     0.1185    97.0815     7.5104     7.8855    31.6892    31.6901    25.2105    25.2111    7.54062 0.0000e+00
      42943     31.184     3.3793     3.3806   2.926224   2.926447     2.7413     2.7055      8.179     0.5002     2.2798 1.0790e-01     0.1189    97.0728     7.5119     7.8822    31.6890    31.6903    25.2102    25.2112    7.54059 0.0000e+00
      42946     31.155     3.3792     3.3806   2.926241   2.926439     2.7405     2.7055      8.179     0.4953     2.2798 1.0790e-01     0.1192    97.0641     7.5096     7.8810    31.6892    31.6903    25.2105    25.2112    7.54059 0.0000e+00
      42949     31.127     3.3792     3.3806   2.926241   2.926454     2.7405     2.7055      8.179     0.4953     2.2798 1.0790e-01     0.1189    97.0728     7.5100     7.8813    31.6892    31.6905    25.2104    25.2113    7.54059 0.0000e+00
      42952     31.101     3.3793     3.3805   2.926253   2.926449     2.7413     2.7055      8.179     0.5050     2.2798 1.0790e-01     0.1185    97.0815     7.5123     7.8818    31.6893    31.6905    25.2105    25.2113    7.54058 0.0000e+00
      42955     31.075     3.3792     3.3806   2.926225   2.926449     2.7413     2.7055      8.179     0.4953     2.2798 1.0790e-01     0.1163    97.1336     7.5121     7.8822    31.6891    31.6904    25.2104    25.2113    7.54060 0.0000e+00
      42958     31.048     3.3792     3.3805   2.926251   2.926427     2.7417     2.7055      8.179     0.4904     2.2009 1.0790e-01     0.1120    97.2379     7.5131     7.8827    31.6894    31.6902    25.2106    25.2111    7.54059 0.0000e+00
      42961     31.025     3.3792     3.3803   2.926274   2.926402     2.7421     2.7055      8.179     0.5002     2.1614 1.0790e-01     0.1124    97.2292     7.5134     7.8831    31.6897    31.6902    25.2108    25.2111    7.54057 0.0000e+00
      42964     31.003     3.3790     3.3802   2.926281   2.926400     2.7409     2.7051      8.179     0.4806     2.1614 1.0790e-01     0.1120    97.2379     7.5081     7.8820    31.6900    31.6903    25.2111    25.2112    7.54059 0.0000e+00
      42967     30.979     3.3789     3.3803   2.926286   2.926434     2.7405     2.7046      8.179     0.4757     2.1614 1.0790e-01     0.1120    97.2379     7.5056     7.8809    31.6902    31.6906    25.2113    25.2114    7.54061 0.0000e+00
      42970     30.956     3.3788     3.3804   2.926329   2.926421     2.7425     2.7055      8.179     0.4806     2.1614 1.0790e-01     0.1120    97.2379     7.5126     7.8854    31.6908    31.6904    25.2118    25.2113    7.54059 0.0000e+00
      42974     30.929     3.3786     3.3804   2.926333   2.926427     2.7417     2.7055      8.179     0.4757     2.1614 1.0790e-01     0.1124    97.2292     7.5079     7.8875    31.6910    31.6904    25.2119    25.2113    7.54061 0.0000e+00
      42981     30.879     3.3781     3.3803   2.926679   2.926396     2.7417     2.7055      8.179     0.4806     2.1614 1.0790e-01     0.1131    97.2118     7.5071     7.8937    31.6957    31.6902    25.2157    25.2111    7.54048 0.0000e+00
      42984     30.854     3.3773     3.3801   2.926788   2.926397     2.7409     2.7055      8.179     0.4806     2.1614 1.0790e-01     0.1131    97.2118     7.5040     7.8951    31.6978    31.6904    25.2174    25.2113    7.54052 0.0000e+00
      42990     30.814     3.3762     3.3801   2.926976   2.926395     2.7413     2.7055      8.179     0.4659     2.1614 1.0790e-01     0.1131    97.2118     7.5041     7.8972    31.7011    31.6904    25.2202    25.2113    7.54056 0.0000e+00
      42994     30.783     3.3756     3.3801   2.926990   2.926411     2.7409     2.7059      8.179     0.4659     2.1614 1.0790e-01     0.1131    97.2118     7.5018     7.8977    31.7019    31.6905    25.2209    25.2114    7.54063 0.0000e+00
      42997     30.759     3.3754     3.3801   2.927067   2.926397     2.7417     2.7063      8.179     0.4610     2.1614 1.0790e-01     0.1124    97.2292     7.5049     7.8994    31.7031    31.6904    25.2218    25.2113    7.54062 0.0000e+00
      43004     30.713     3.3741     3.3801   2.927291   2.926393     2.7413     2.7063      8.179     0.4659     2.1614 1.0790e-01     0.1124    97.2292     7.5034     7.8984    31.7071    31.6904    25.2251    25.2113    7.54067 0.0000e+00
      43007     30.690     3.3736     3.3800   2.927290   2.926381     2.7405     2.7063      8.179     0.4610     2.1614 1.0790e-01     0.1120    97.2379     7.5025     7.8973    31.7075    31.6903    25.2255    25.2113    7.54073 0.0000e+00
      43012     30.655     3.3733     3.3801   2.927311   2.926395     2.7409     2.7067      8.179     0.4610     2.1614 1.0790e-01     0.1124    97.2292     7.5028     7.8958    31.7081    31.6905    25.2260    25.2114    7.54076 0.0000e+00
      43018     30.617     3.3735     3.3800   2.927271   2.926392     2.7397     2.7067      8.179     0.4904     2.1614 1.0790e-01     0.1120    97.2379     7.4977     7.8874    31.7074    31.6906    25.2254    25.2115    7.54075 0.0000e+00
      43022     30.587     3.3738     3.3799   2.927256   2.926371     2.7409     2.7067      8.179     0.4904     2.1614 1.0790e-01     0.1120    97.2379     7.5027     7.8810    31.7070    31.6904    25.2251    25.2113    7.54073 0.0000e+00
      43027     30.553     3.3739     3.3799   2.927268   2.926377     2.7413     2.7067      8.179     0.5002     2.1614 1.0790e-01     0.1120    97.2379     7.5057     7.8767    31.7070    31.6904    25.2251    25.2114    7.54070 0.0000e+00
      43041     30.464     3.3735     3.3798   2.927391   2.926369     2.7397     2.7059      8.179     0.5050     2.2798 1.0790e-01     0.1142    97.1858     7.5002     7.8579    31.7089    31.6905    25.2267    25.2114    7.54068 0.0000e+00
      43045     30.432     3.3733     3.3799   2.927393   2.926384     2.7409     2.7055      8.179     0.5148     2.2798 1.0790e-01     0.1142    97.1858     7.5045     7.8530    31.7092    31.6906    25.2268    25.2115    7.54070 0.0000e+00
      43053     30.378     3.3733     3.3797   2.927329   2.926372     2.7405     2.7046      8.179     0.5099     2.2798 1.0790e-01     0.1142    97.1858     7.5018     7.8518    31.7084    31.6907    25.2263    25.2116    7.54075 0.0000e+00
      43067     30.286     3.3739     3.3796   2.927220   2.926368     2.7401     2.7038      8.179     0.4806     2.1614 1.0790e-01     0.1142    97.1858     7.5031     7.8590    31.7066    31.6908    25.2247    25.2117    7.54072 0.0000e+00
      43076     30.227     3.3740     3.3793   2.927128   2.926379     2.7397     2.7034      8.179     0.4659     2.1614 1.0790e-01     0.1146    97.1771     7.5048     7.8647    31.7054    31.6912    25.2238    25.2121    7.54076 0.0000e+00
      43086     30.156     3.3744     3.3792   2.927014   2.926392     2.7397     2.7030      8.179     0.4610     2.1614 1.0790e-01     0.1156    97.1510     7.5071     7.8724    31.7037    31.6916    25.2224    25.2124    7.54077 0.0000e+00
