Datasets/AZMP/COO001/79001064.cnv
* Sea-Bird SBE 9 Data File:
* FileName = C:\CTDDATA\79001064.hex
* Software Version Seasave V 7.26.7.110
* Temperature SN = 5660
* Conductivity SN = 3698
* Number of Bytes Per Scan = 30
* Number of Voltage Words = 4
* Number of Scans Averaged by the Deck Unit = 1
* NMEA baud rate = 9600
** VESSEL/TRIP/SEQ STN:  79001064
** LATITUDE XX XX.XX N:  47 32.80 N
** LONGITUDE XX XX.XX W:  52 35.20 W
** SOUNDING DEPTH (M):  0176
** PROBE TYPE: S1257
** CTD NUMBER: 033
** COMMENTS (14 CHAR): S27-01
** BOTTLES:  20
** LEVELS: 5,5,5,5,10,20,20,20,20,30,40,50,50,50,75,100,100,100,150,BTM
** STICKERS: 435135 - 435154
** VNET: Y
** DO2: N
# nquan = 22
# nvalues = 4440                        
# units = specified
# name 0 = scan: Scan Count
# name 1 = prDM: Pressure, Digiquartz [db]
# name 2 = t090C: Temperature [ITS-90, deg C]
# name 3 = t190C: Temperature, 2 [ITS-90, deg C]
# name 4 = c0S/m: Conductivity [S/m]
# name 5 = c1S/m: Conductivity, 2 [S/m]
# name 6 = sbeox0V: Oxygen raw, SBE 43 [V]
# name 7 = sbeox1V: Oxygen raw, SBE 43, 2 [V]
# name 8 = ph: pH
# name 9 = flECO-AFL: Fluorescence, WET Labs ECO-AFL/FL [mg/m^3]
# name 10 = wetCDOM: Fluorescence, WET Labs CDOM [mg/m^3]
# name 11 = par/sat/log: PAR/Logarithmic, Satlantic [umol photons/m^2/sec]
# name 12 = CStarAt0: Beam Attenuation, WET Labs C-Star [1/m]
# name 13 = CStarTr0: Beam Transmission, WET Labs C-Star [%]
# name 14 = sbeox0ML/L: Oxygen, SBE 43 [ml/l], WS = 2
# name 15 = sbeox1ML/L: Oxygen, SBE 43, 2 [ml/l], WS = 2
# name 16 = sal00: Salinity, Practical [PSU]
# name 17 = sal11: Salinity, Practical, 2 [PSU]
# name 18 = sigma-t00: Density [sigma-t, kg/m^3 ]
# name 19 = sigma-t11: Density, 2 [sigma-t, kg/m^3 ]
# name 20 = oxsatML/L: Oxygen Saturation, Weiss [ml/l]
# name 21 = flag: flag
# span 0 =         11,      50778       
# span 1 =      0.492,    173.708       
# span 2 =    -0.6248,     2.9403       
# span 3 =    -0.6269,     2.9413       
# span 4 =   2.688014,   2.908616       
# span 5 =   2.687524,   2.908749       
# span 6 =     2.4288,     2.7801       
# span 7 =     2.3910,     2.7417       
# span 8 =      8.006,      8.142       
# span 9 =     0.0215,     0.6662       
# span 10 =    -2.8130,   481.1606      
# span 11 = 1.0765e-01, 2.1153e+02      
# span 12 =     0.0821,     0.1852      
# span 13 =    95.4739,    97.9678      
# span 14 =     6.9936,     7.9002      
# span 15 =     7.6422,     8.2437      
# span 16 =    31.9216,    32.8065      
# span 17 =    31.9188,    32.8086      
# span 18 =    25.4333,    26.3623      
# span 19 =    25.4311,    26.3640      
# span 20 =    7.61239,    8.30488      
# span 21 = 0.0000e+00, 0.0000e+00      
# interval = scans: 3                   
# start_time = Nov 30 2019 13:38:47 [System UTC, header]
# bad_flag = -9.990e-29
*END*
[from data line 3754]
      27404     50.818     2.6448     2.6420   2.897086   2.896848     2.7502     2.7058      8.131     0.3194     1.9245 2.9031e-01     0.0960    97.6289     7.6943     8.0389    32.0534    32.0532    25.5627    25.5628    7.66275 0.0000e+00
      27407     50.777     2.6444     2.6420   2.897145   2.896842     2.7514     2.7066      8.131     0.3097     1.9245 2.9996e-01     0.0956    97.6376     7.6977     8.0401    32.0545    32.0532    25.5636    25.5628    7.66277 0.0000e+00
      27410     50.741     2.6435     2.6420   2.897516   2.896833     2.7510     2.7058      8.129     0.3145     1.9245 2.9504e-01     0.0953    97.6463     7.6958     8.0358    32.0599    32.0531    25.5679    25.5627    7.66266 0.0000e+00
      27413     50.706     2.6434     2.6416   2.897635   2.896794     2.7514     2.7054      8.132     0.3145     1.9245 2.9810e-01     0.0956    97.6376     7.6972     8.0367    32.0615    32.0530    25.5693    25.5626    7.66261 0.0000e+00
      27416     50.675     2.6437     2.6412   2.897645   2.896742     2.7510     2.7066      8.129     0.3097     1.9245 3.0340e-01     0.0953    97.6463     7.6951     8.0421    32.0613    32.0529    25.5691    25.5625    7.66255 0.0000e+00
      27419     50.648     2.6440     2.6410   2.897567   2.896730     2.7506     2.7062      8.129     0.3194     1.8455 3.0869e-01     0.0953    97.6463     7.6927     8.0437    32.0601    32.0529    25.5681    25.5626    7.66255 0.0000e+00
      27455     50.533     2.6450     2.6417   2.897213   2.896789     2.7510     2.7066      8.132     0.3829     1.8060 3.2873e-01     0.0928    97.7071     7.6970     8.0478    32.0548    32.0530    25.5638    25.5626    7.66263 0.0000e+00
      27479     50.437     2.6453     2.6415   2.897143   2.896764     2.7506     2.7066      8.131     0.4122     1.8060 3.3977e-01     0.0913    97.7419     7.6984     8.0457    32.0538    32.0530    25.5629    25.5626    7.66263 0.0000e+00
      27482     50.406     2.6458     2.6411   2.897187   2.896750     2.7518     2.7070      8.132     0.3731     1.8060 3.4215e-01     0.0917    97.7332     7.7013     8.0466    32.0538    32.0532    25.5630    25.5628    7.66254 0.0000e+00
      27485     50.370     2.6458     2.6410   2.897229   2.896731     2.7518     2.7066      8.134     0.3780     1.8060 3.5375e-01     0.0913    97.7419     7.7032     8.0446    32.0543    32.0531    25.5633    25.5627    7.66250 0.0000e+00
      27488     50.330     2.6461     2.6407   2.897237   2.896717     2.7510     2.7066      8.134     0.3683     1.8060 3.5089e-01     0.0924    97.7158     7.7008     8.0440    32.0541    32.0532    25.5631    25.5628    7.66245 0.0000e+00
      27491     50.287     2.6458     2.6409   2.897273   2.896744     2.7518     2.7066      8.131     0.3732     1.8060 3.5300e-01     0.0931    97.6984     7.7036     8.0433    32.0549    32.0534    25.5638    25.5629    7.66247 0.0000e+00
      27494     50.239     2.6457     2.6411   2.897303   2.896750     2.7518     2.7066      8.134     0.3731     1.8060 3.5214e-01     0.0928    97.7071     7.7020     8.0452    32.0554    32.0533    25.5642    25.5628    7.66247 0.0000e+00
      27497     50.186     2.6455     2.6412   2.897302   2.896732     2.7514     2.7066      8.132     0.3780     1.8455 3.5460e-01     0.0928    97.7071     7.6980     8.0461    32.0556    32.0530    25.5644    25.5626    7.66249 0.0000e+00
      27500     50.137     2.6456     2.6411   2.897263   2.896726     2.7514     2.7066      8.132     0.3780     1.9245 3.5827e-01     0.0928    97.7071     7.6971     8.0460    32.0551    32.0530    25.5639    25.5627    7.66251 0.0000e+00
      27503     50.087     2.6454     2.6412   2.897268   2.896724     2.7518     2.7066      8.134     0.3731     1.9245 3.6328e-01     0.0928    97.7071     7.6971     8.0458    32.0553    32.0530    25.5641    25.5626    7.66253 0.0000e+00
      27506     50.044     2.6454     2.6409   2.897285   2.896713     2.7518     2.7066      8.132     0.3780     1.9245 3.6454e-01     0.0935    97.6898     7.6956     8.0460    32.0556    32.0531    25.5643    25.5627    7.66252 0.0000e+00
      27512     49.998     2.6454     2.6407   2.897288   2.896678     2.7518     2.7066      8.132     0.3683     1.9245 3.7007e-01     0.0938    97.6811     7.6955     8.0500    32.0557    32.0529    25.5645    25.5626    7.66252 0.0000e+00
      27521     49.937     2.6452     2.6406   2.897279   2.896681     2.7510     2.7066      8.134     0.3683     1.9245 3.5868e-01     0.0938    97.6811     7.6911     8.0556    32.0558    32.0531    25.5645    25.5628    7.66255 0.0000e+00
      27524     49.890     2.6451     2.6405   2.897279   2.896658     2.7514     2.7066      8.131     0.3780     2.0034 3.6622e-01     0.0938    97.6811     7.6916     8.0575    32.0559    32.0529    25.5646    25.5626    7.66256 0.0000e+00
      27527     49.837     2.6450     2.6404   2.897284   2.896675     2.7514     2.7066      8.132     0.3731     2.0429 3.7784e-01     0.0942    97.6724     7.6916     8.0589    32.0561    32.0532    25.5648    25.5629    7.66257 0.0000e+00
      27530     49.788     2.6450     2.6403   2.897296   2.896606     2.7514     2.7066      8.131     0.3731     2.0429 3.7876e-01     0.0938    97.6811     7.6906     8.0599    32.0563    32.0526    25.5649    25.5624    7.66256 0.0000e+00
      27533     49.739     2.6449     2.6401   2.897291   2.896584     2.7514     2.7074      8.131     0.3683     2.0429 3.8003e-01     0.0938    97.6811     7.6918     8.0634    32.0564    32.0525    25.5650    25.5623    7.66258 0.0000e+00
      27536     49.684     2.6448     2.6404   2.897263   2.896650     2.7506     2.7074      8.134     0.3585     2.0429 3.8669e-01     0.0938    97.6811     7.6904     8.0634    32.0561    32.0531    25.5648    25.5627    7.66261 0.0000e+00
      27539     49.623     2.6447     2.6413   2.897245   2.896781     2.7510     2.7070      8.132     0.3585     2.0429 3.8002e-01     0.0938    97.6811     7.6930     8.0614    32.0561    32.0538    25.5648    25.5633    7.66264 0.0000e+00
      27542     49.553     2.6445     2.6420   2.897251   2.896830     2.7518     2.7078      8.131     0.3585     2.0429 3.7877e-01     0.0938    97.6811     7.6972     8.0633    32.0564    32.0537    25.5650    25.5632    7.66266 0.0000e+00
      27545     49.481     2.6446     2.6421   2.897215   2.896832     2.7510     2.7078      8.132     0.3585     2.0429 3.8134e-01     0.0938    97.6811     7.6939     8.0620    32.0559    32.0536    25.5647    25.5631    7.66267 0.0000e+00
      27548     49.410     2.6444     2.6421   2.897252   2.896838     2.7514     2.7078      8.132     0.3585     2.0429 3.8579e-01     0.0945    97.6637     7.6929     8.0604    32.0565    32.0538    25.5651    25.5632    7.66266 0.0000e+00
      27551     49.338     2.6444     2.6423   2.897281   2.896896     2.7506     2.7078      8.132     0.3634     1.8455 3.8713e-01     0.0949    97.6550     7.6904     8.0581    32.0569    32.0543    25.5655    25.5636    7.66264 0.0000e+00
      27554     49.266     2.6444     2.6423   2.897306   2.896886     2.7510     2.7078      8.134     0.3634     1.8060 3.9618e-01     0.0949    97.6550     7.6906     8.0556    32.0573    32.0542    25.5657    25.5635    7.66262 0.0000e+00
      27557     49.194     2.6445     2.6424   2.897277   2.896890     2.7514     2.7078      8.131     0.3634     1.8060 3.9165e-01     0.0949    97.6550     7.6903     8.0534    32.0568    32.0542    25.5654    25.5635    7.66262 0.0000e+00
      27560     49.119     2.6445     2.6422   2.897195   2.896850     2.7510     2.7078      8.132     0.3487     1.8060 3.9619e-01     0.0949    97.6550     7.6880     8.0530    32.0560    32.0540    25.5647    25.5633    7.66268 0.0000e+00
      27563     49.045     2.6445     2.6419   2.897263   2.896807     2.7514     2.7078      8.134     0.3487     1.8060 3.9487e-01     0.0949    97.6550     7.6875     8.0509    32.0567    32.0538    25.5653    25.5632    7.66263 0.0000e+00
      27566     48.973     2.6449     2.6414   2.897293   2.896743     2.7518     2.7078      8.134     0.3390     1.8060 3.9668e-01     0.0949    97.6550     7.6894     8.0499    32.0568    32.0536    25.5653    25.5631    7.66256 0.0000e+00
      27569     48.901     2.6450     2.6411   2.897303   2.896719     2.7506     2.7078      8.132     0.3438     1.8060 3.9803e-01     0.0956    97.6376     7.6860     8.0498    32.0568    32.0536    25.5654    25.5631    7.66254 0.0000e+00
      27572     48.834     2.6450     2.6411   2.897267   2.896733     2.7497     2.7078      8.131     0.3487     1.8060 3.9759e-01     0.0956    97.6376     7.6820     8.0498    32.0564    32.0538    25.5651    25.5633    7.66256 0.0000e+00
      27575     48.773     2.6449     2.6412   2.897253   2.896754     2.7514     2.7078      8.131     0.3487     1.8455 4.0498e-01     0.0956    97.6376     7.6880     8.0485    32.0564    32.0540    25.5650    25.5634    7.66257 0.0000e+00
      27578     48.713     2.6450     2.6411   2.897275   2.896756     2.7497     2.7078      8.132     0.3390     1.9245 3.9573e-01     0.0956    97.6376     7.6825     8.0464    32.0566    32.0541    25.5652    25.5635    7.66255 0.0000e+00
      27581     48.655     2.6449     2.6413   2.897261   2.896732     2.7493     2.7078      8.129     0.3487     1.9245 4.0033e-01     0.0953    97.6463     7.6803     8.0456    32.0565    32.0537    25.5651    25.5632    7.66256 0.0000e+00
      27584     48.607     2.6451     2.6412   2.897291   2.896737     2.7506     2.7078      8.134     0.3438     1.9245 3.9390e-01     0.0953    97.6463     7.6866     8.0428    32.0568    32.0539    25.5653    25.5633    7.66252 0.0000e+00
      27587     48.562     2.6452     2.6412   2.897275   2.896724     2.7497     2.7078      8.134     0.3585     1.9245 3.9895e-01     0.0960    97.6289     7.6834     8.0404    32.0565    32.0538    25.5651    25.5632    7.66251 0.0000e+00
      27590     48.524     2.6451     2.6411   2.897286   2.896686     2.7510     2.7078      8.132     0.3536     1.9245 4.0313e-01     0.0942    97.6724     7.6885     8.0385    32.0567    32.0534    25.5653    25.5630    7.66252 0.0000e+00
      27593     48.491     2.6452     2.6410   2.897253   2.896675     2.7502     2.7078      8.131     0.3585     1.9245 3.9484e-01     0.0942    97.6724     7.6874     8.0370    32.0562    32.0534    25.5649    25.5630    7.66253 0.0000e+00
      27596     48.464     2.6448     2.6409   2.897205   2.896682     2.7493     2.7078      8.134     0.3536     1.9245 4.0172e-01     0.0938    97.6811     7.6840     8.0360    32.0560    32.0536    25.5648    25.5631    7.66260 0.0000e+00
      28148     48.427     2.6424     2.6401   2.896901   2.896593     2.7506     2.7074      8.134     0.3536     1.9245 4.1026e-01     0.0949    97.6550     7.6873     8.0424    32.0547    32.0533    25.5639    25.5630    7.66314 0.0000e+00
      29248     48.312     2.6381     2.6394   2.896312   2.896465     2.7506     2.7070      8.132     0.3634     1.9245 4.2171e-01     0.0974    97.5942     7.6869     8.0590    32.0519    32.0525    25.5620    25.5624    7.66412 0.0000e+00
      29251     48.195     2.6382     2.6395   2.896283   2.896449     2.7502     2.7074      8.132     0.3585     1.9245 4.3110e-01     0.0971    97.6029     7.6865     8.0606    32.0516    32.0522    25.5617    25.5622    7.66413 0.0000e+00
      29254     48.087     2.6381     2.6393   2.896294   2.896430     2.7497     2.7070      8.134     0.3536     1.9245 4.2513e-01     0.0971    97.6029     7.6853     8.0589    32.0518    32.0523    25.5620    25.5622    7.66413 0.0000e+00
      29257     47.987     2.6381     2.6392   2.896306   2.896439     2.7506     2.7078      8.131     0.3585     1.9245 4.3558e-01     0.0971    97.6029     7.6875     8.0612    32.0521    32.0526    25.5621    25.5625    7.66412 0.0000e+00
      29260     47.901     2.6380     2.6392   2.896286   2.896456     2.7497     2.7078      8.134     0.3732     1.9245 4.3759e-01     0.0971    97.6029     7.6833     8.0601    32.0519    32.0529    25.5620    25.5627    7.66414 0.0000e+00
      29263     47.826     2.6382     2.6396   2.896286   2.896469     2.7502     2.7070      8.134     0.3927     1.9245 4.3608e-01     0.0971    97.6029     7.6851     8.0555    32.0518    32.0526    25.5619    25.5625    7.66411 0.0000e+00
      29266     47.765     2.6382     2.6397   2.896279   2.896463     2.7493     2.7078      8.134     0.3878     1.9245 4.3359e-01     0.0974    97.5942     7.6829     8.0564    32.0517    32.0525    25.5618    25.5624    7.66411 0.0000e+00
      29269     47.720     2.6382     2.6397   2.896289   2.896448     2.7493     2.7078      8.134     0.3927     1.9245 4.3913e-01     0.0974    97.5942     7.6835     8.0549    32.0519    32.0523    25.5620    25.5622    7.66411 0.0000e+00
      29272     47.685     2.6382     2.6394   2.896299   2.896407     2.7493     2.7078      8.134     0.3927     1.9245 4.3508e-01     0.0971    97.6029     7.6844     8.0558    32.0520    32.0522    25.5621    25.5621    7.66410 0.0000e+00
      31467     47.627     2.6408     2.6409   2.896434   2.896573     2.7518     2.7078      8.134     0.3731     1.8060 4.9237e-01     0.0971    97.6029     7.6885     8.0435    32.0511    32.0527    25.5611    25.5624    7.66364 0.0000e+00
      31470     47.518     2.6407     2.6410   2.896431   2.896586     2.7518     2.7078      8.134     0.3731     1.8060 4.9927e-01     0.0964    97.6202     7.6904     8.0452    32.0512    32.0528    25.5613    25.5624    7.66366 0.0000e+00
      31473     47.420     2.6406     2.6407   2.896403   2.896544     2.7518     2.7078      8.134     0.3683     1.8060 5.0042e-01     0.0960    97.6289     7.6916     8.0473    32.0510    32.0527    25.5611    25.5624    7.66369 0.0000e+00
      31476     47.327     2.6404     2.6400   2.896381   2.896456     2.7518     2.7078      8.134     0.3731     1.8060 4.9751e-01     0.0960    97.6289     7.6921     8.0504    32.0510    32.0523    25.5611    25.5622    7.66373 0.0000e+00
      31479     47.241     2.6402     2.6393   2.896378   2.896399     2.7522     2.7078      8.134     0.3731     1.8060 5.0161e-01     0.0960    97.6289     7.6935     8.0510    32.0512    32.0524    25.5613    25.5623    7.66375 0.0000e+00
      31482     47.163     2.6401     2.6390   2.896378   2.896374     2.7518     2.7078      8.134     0.3683     1.8060 5.0857e-01     0.0960    97.6289     7.6928     8.0536    32.0513    32.0524    25.5614    25.5623    7.66376 0.0000e+00
      31485     47.100     2.6401     2.6389   2.896386   2.896359     2.7514     2.7078      8.134     0.3536     1.8060 5.0505e-01     0.0964    97.6202     7.6919     8.0562    32.0515    32.0524    25.5615    25.5623    7.66376 0.0000e+00
      31488     47.049     2.6400     2.6390   2.896378   2.896388     2.7518     2.7078      8.131     0.3292     1.8060 5.0447e-01     0.0967    97.6116     7.6929     8.0583    32.0515    32.0527    25.5615    25.5625    7.66378 0.0000e+00
      31491     47.009     2.6403     2.6392   2.896427   2.896415     2.7518     2.7078      8.134     0.3292     1.8060 5.1092e-01     0.0960    97.6289     7.6929     8.0600    32.0518    32.0528    25.5618    25.5626    7.66370 0.0000e+00
      31494     46.976     2.6409     2.6393   2.896466   2.896411     2.7530     2.7078      8.132     0.3341     1.8060 5.0388e-01     0.0960    97.6289     7.6970     8.0605    32.0518    32.0527    25.5616    25.5625    7.66359 0.0000e+00
