Datasets/AZMP/COO001/79001078.cnv
* Sea-Bird SBE 9 Data File:
* FileName = C:\CTDDATA\79001078.hex
* Software Version Seasave V 7.26.7.110
* Temperature SN = 5660
* Conductivity SN = 3698
* Number of Bytes Per Scan = 30
* Number of Voltage Words = 4
* Number of Scans Averaged by the Deck Unit = 1
* NMEA baud rate = 9600
** VESSEL/TRIP/SEQ STN:  79001078
** LATITUDE XX XX.XX N:  48 11.45 N
** LONGITUDE XX XX.XX W:  53 35.70 W
** SOUNDING DEPTH (M):  0211
** PROBE TYPE: S1257
** CTD NUMBER: 045
** COMMENTS (14 CHAR): SS-06
** BOTTLES:  0
** LEVELS:
** STICKERS:
** VNET: N
** DO2: N
# nquan = 22
# nvalues = 7111                        
# units = specified
# name 0 = scan: Scan Count
# name 1 = prDM: Pressure, Digiquartz [db]
# name 2 = t090C: Temperature [ITS-90, deg C]
# name 3 = t190C: Temperature, 2 [ITS-90, deg C]
# name 4 = c0S/m: Conductivity [S/m]
# name 5 = c1S/m: Conductivity, 2 [S/m]
# name 6 = sbeox0V: Oxygen raw, SBE 43 [V]
# name 7 = sbeox1V: Oxygen raw, SBE 43, 2 [V]
# name 8 = ph: pH
# name 9 = flECO-AFL: Fluorescence, WET Labs ECO-AFL/FL [mg/m^3]
# name 10 = wetCDOM: Fluorescence, WET Labs CDOM [mg/m^3]
# name 11 = par/sat/log: PAR/Logarithmic, Satlantic [umol photons/m^2/sec]
# name 12 = CStarAt0: Beam Attenuation, WET Labs C-Star [1/m]
# name 13 = CStarTr0: Beam Transmission, WET Labs C-Star [%]
# name 14 = sbeox0ML/L: Oxygen, SBE 43 [ml/l], WS = 2
# name 15 = sbeox1ML/L: Oxygen, SBE 43, 2 [ml/l], WS = 2
# name 16 = sal00: Salinity, Practical [PSU]
# name 17 = sal11: Salinity, Practical, 2 [PSU]
# name 18 = sigma-t00: Density [sigma-t, kg/m^3 ]
# name 19 = sigma-t11: Density, 2 [sigma-t, kg/m^3 ]
# name 20 = oxsatML/L: Oxygen Saturation, Weiss [ml/l]
# name 21 = flag: flag
# span 0 =        216,      25715       
# span 1 =      0.807,    199.842       
# span 2 =     0.1506,     3.4700       
# span 3 =     0.1492,     3.4687       
# span 4 =   2.761276,   2.931293       
# span 5 =   2.761624,   2.931439       
# span 6 =     2.3800,     2.7555       
# span 7 =     2.3471,     2.7131       
# span 8 =      8.031,      8.179       
# span 9 =     0.0215,     0.7394       
# span 10 =    -2.6551,   481.6343      
# span 11 = 1.0790e-01, 1.7020e+02      
# span 12 =     0.0786,     0.1911      
# span 13 =    95.3348,    98.0547      
# span 14 =     6.7225,     7.6566      
# span 15 =     7.3191,     7.9302      
# span 16 =    31.2816,    32.9720      
# span 17 =    31.2847,    32.9751      
# span 18 =    24.8799,    26.4618      
# span 19 =    24.8823,    26.4643      
# span 20 =    7.53123,    8.12619      
# span 21 = 0.0000e+00, 0.0000e+00      
# interval = scans: 3                   
# start_time = Dec 01 2019 15:54:20 [System UTC, header]
# bad_flag = -9.990e-29
*END*
[from data line 922]
       2982     55.750     3.3174     3.3165   2.927829   2.928028     2.7339     2.6956      8.171     0.4659     2.1614 1.0790e-01     0.1092    97.3074     7.5157     7.8969    31.7560    31.7593    25.2691    25.2718    7.54890 0.0000e+00
       2985     55.817     3.3173     3.3163   2.927833   2.928022     2.7347     2.6952      8.170     0.4659     2.1614 1.0790e-01     0.1088    97.3161     7.5197     7.8969    31.7562    31.7594    25.2692    25.2719    7.54892 0.0000e+00
       2988     55.883     3.3172     3.3161   2.927849   2.928047     2.7351     2.6960      8.173     0.4513     2.1614 1.0790e-01     0.1088    97.3161     7.5215     7.9011    31.7564    31.7599    25.2694    25.2723    7.54893 0.0000e+00
       2991     55.952     3.3170     3.3162   2.927834   2.928035     2.7343     2.6960      8.171     0.4610     2.1614 1.0790e-01     0.1088    97.3161     7.5197     7.9016    31.7564    31.7596    25.2694    25.2721    7.54897 0.0000e+00
       2994     56.019     3.3169     3.3162   2.927858   2.928043     2.7351     2.6960      8.174     0.4562     2.0429 1.0790e-01     0.1088    97.3161     7.5233     7.9020    31.7567    31.7597    25.2697    25.2721    7.54896 0.0000e+00
       2997     56.089     3.3169     3.3159   2.927866   2.928067     2.7343     2.6960      8.173     0.4464     2.0429 1.0790e-01     0.1088    97.3161     7.5214     7.9036    31.7569    31.7602    25.2698    25.2725    7.54897 0.0000e+00
       3000     56.158     3.3168     3.3158   2.927889   2.928093     2.7347     2.6964      8.173     0.4513     2.0429 1.0790e-01     0.1092    97.3074     7.5237     7.9078    31.7572    31.7606    25.2701    25.2729    7.54897 0.0000e+00
       3003     56.225     3.3167     3.3155   2.927934   2.928097     2.7347     2.6960      8.171     0.4513     2.0429 1.0790e-01     0.1092    97.3074     7.5248     7.9070    31.7577    31.7609    25.2705    25.2731    7.54895 0.0000e+00
       3006     56.293     3.3164     3.3151   2.927938   2.928117     2.7359     2.6964      8.173     0.4415     2.0429 1.0790e-01     0.1092    97.3074     7.5294     7.9112    31.7580    31.7615    25.2708    25.2737    7.54899 0.0000e+00
       3009     56.359     3.3164     3.3151   2.927938   2.928127     2.7347     2.6972      8.174     0.4415     2.0429 1.0790e-01     0.1099    97.2900     7.5257     7.9143    31.7580    31.7616    25.2708    25.2737    7.54900 0.0000e+00
       3012     56.426     3.3161     3.3150   2.927948   2.928158     2.7351     2.6972      8.171     0.4513     2.0429 1.0790e-01     0.1095    97.2987     7.5274     7.9143    31.7584    31.7620    25.2711    25.2741    7.54903 0.0000e+00
       3015     56.493     3.3160     3.3149   2.927961   2.928166     2.7351     2.6972      8.171     0.4464     2.0429 1.0790e-01     0.1095    97.2987     7.5268     7.9145    31.7587    31.7622    25.2713    25.2742    7.54905 0.0000e+00
       3018     56.561     3.3159     3.3149   2.928017   2.928153     2.7351     2.6972      8.173     0.4513     2.0429 1.0790e-01     0.1092    97.3074     7.5262     7.9139    31.7593    31.7620    25.2719    25.2741    7.54902 0.0000e+00
       3021     56.627     3.3159     3.3149   2.927986   2.928161     2.7351     2.6980      8.173     0.4415     2.0429 1.0790e-01     0.1103    97.2813     7.5256     7.9152    31.7590    31.7621    25.2716    25.2741    7.54905 0.0000e+00
       3024     56.693     3.3159     3.3149   2.927993   2.928158     2.7363     2.6976      8.174     0.4220     2.0429 1.0790e-01     0.1110    97.2640     7.5279     7.9115    31.7590    31.7620    25.2716    25.2741    7.54905 0.0000e+00
       3027     56.761     3.3160     3.3151   2.928034   2.928177     2.7351     2.6984      8.171     0.4317     2.0429 1.0790e-01     0.1110    97.2640     7.5231     7.9124    31.7594    31.7620    25.2719    25.2740    7.54901 0.0000e+00
       3030     56.826     3.3160     3.3149   2.928064   2.928209     2.7359     2.6984      8.173     0.4317     2.0429 1.0790e-01     0.1110    97.2640     7.5244     7.9094    31.7597    31.7625    25.2722    25.2744    7.54899 0.0000e+00
       3033     56.891     3.3161     3.3153   2.928105   2.928222     2.7363     2.6984      8.174     0.4269     2.0429 1.0790e-01     0.1110    97.2640     7.5265     7.9085    31.7600    31.7623    25.2724    25.2743    7.54895 0.0000e+00
       3036     56.957     3.3162     3.3150   2.928158   2.928239     2.7351     2.6984      8.173     0.4317     2.0429 1.0790e-01     0.1110    97.2640     7.5221     7.9066    31.7606    31.7627    25.2728    25.2746    7.54891 0.0000e+00
       3039     57.023     3.3163     3.3151   2.928175   2.928249     2.7355     2.6984      8.173     0.4366     2.0429 1.0790e-01     0.1110    97.2640     7.5224     7.9043    31.7606    31.7627    25.2729    25.2746    7.54889 0.0000e+00
       3042     57.088     3.3164     3.3153   2.928168   2.928292     2.7351     2.6984      8.171     0.4318     2.0429 1.0790e-01     0.1092    97.3074     7.5201     7.9015    31.7604    31.7630    25.2727    25.2748    7.54888 0.0000e+00
       3045     57.152     3.3164     3.3154   2.928203   2.928350     2.7351     2.6984      8.173     0.4317     2.0429 1.0790e-01     0.1078    97.3422     7.5203     7.8986    31.7608    31.7636    25.2730    25.2753    7.54885 0.0000e+00
       3048     57.214     3.3166     3.3158   2.928228   2.928449     2.7355     2.6984      8.174     0.4220     2.1614 1.0790e-01     0.1078    97.3422     7.5215     7.9001    31.7609    31.7643    25.2731    25.2759    7.54882 0.0000e+00
       3051     57.277     3.3166     3.3162   2.928240   2.928516     2.7351     2.6984      8.170     0.4073     2.1614 1.0790e-01     0.1071    97.3595     7.5207     7.9012    31.7610    31.7647    25.2731    25.2761    7.54881 0.0000e+00
       3054     57.343     3.3169     3.3163   2.928288   2.928487     2.7351     2.6988      8.174     0.4122     2.1614 1.0790e-01     0.1078    97.3422     7.5200     7.9052    31.7612    31.7642    25.2733    25.2758    7.54874 0.0000e+00
       3057     57.407     3.3170     3.3164   2.928383   2.928521     2.7351     2.6988      8.170     0.4220     2.1614 1.0790e-01     0.1071    97.3595     7.5211     7.9072    31.7622    31.7645    25.2741    25.2759    7.54867 0.0000e+00
       3060     57.467     3.3173     3.3164   2.928432   2.928555     2.7359     2.6984      8.173     0.4171     2.1614 1.0790e-01     0.1078    97.3422     7.5257     7.9072    31.7625    31.7648    25.2742    25.2762    7.54861 0.0000e+00
       3063     57.528     3.3174     3.3164   2.928436   2.928549     2.7347     2.6984      8.171     0.4220     2.1614 1.0790e-01     0.1074    97.3509     7.5218     7.9084    31.7624    31.7648    25.2742    25.2762    7.54859 0.0000e+00
       3066     57.590     3.3177     3.3165   2.928455   2.928578     2.7351     2.6984      8.173     0.4220     2.1614 1.0790e-01     0.1067    97.3682     7.5238     7.9090    31.7623    31.7650    25.2741    25.2763    7.54854 0.0000e+00
       3069     57.652     3.3176     3.3166   2.928478   2.928599     2.7359     2.6984      8.170     0.4220     2.1614 1.0790e-01     0.1071    97.3595     7.5261     7.9092    31.7627    31.7651    25.2743    25.2764    7.54853 0.0000e+00
       3072     57.711     3.3177     3.3167   2.928495   2.928617     2.7351     2.6997      8.170     0.4171     2.2403 1.0790e-01     0.1071    97.3595     7.5232     7.9136    31.7628    31.7651    25.2744    25.2764    7.54851 0.0000e+00
       3075     57.771     3.3178     3.3167   2.928511   2.928669     2.7351     2.6997      8.171     0.4171     2.2798 1.0790e-01     0.1067    97.3682     7.5232     7.9124    31.7628    31.7657    25.2745    25.2769    7.54850 0.0000e+00
       3078     57.829     3.3178     3.3167   2.928501   2.928673     2.7351     2.6997      8.173     0.4171     2.2798 1.0790e-01     0.1074    97.3509     7.5229     7.9086    31.7627    31.7658    25.2744    25.2769    7.54850 0.0000e+00
       3081     57.887     3.3178     3.3167   2.928492   2.928675     2.7351     2.6997      8.171     0.4220     2.2798 1.0790e-01     0.1078    97.3422     7.5238     7.9080    31.7625    31.7658    25.2743    25.2770    7.54851 0.0000e+00
       3084     57.945     3.3179     3.3168   2.928514   2.928672     2.7363     2.6997      8.171     0.4220     2.2798 1.0790e-01     0.1103    97.2813     7.5282     7.9049    31.7626    31.7656    25.2743    25.2768    7.54848 0.0000e+00
       3087     58.003     3.3179     3.3166   2.928522   2.928632     2.7351     2.6997      8.173     0.4171     2.2798 1.0790e-01     0.1099    97.2900     7.5245     7.9010    31.7628    31.7653    25.2744    25.2766    7.54848 0.0000e+00
       3090     58.059     3.3178     3.3166   2.928509   2.928669     2.7355     2.6997      8.171     0.4122     2.2798 1.0790e-01     0.1099    97.2900     7.5262     7.8968    31.7627    31.7657    25.2744    25.2769    7.54851 0.0000e+00
       3093     58.114     3.3178     3.3165   2.928535   2.928691     2.7355     2.6997      8.171     0.4122     2.2798 1.0790e-01     0.1099    97.2900     7.5255     7.8926    31.7629    31.7660    25.2746    25.2772    7.54849 0.0000e+00
       3096     58.168     3.3174     3.3164   2.928520   2.928684     2.7351     2.6997      8.174     0.4220     2.2798 1.0790e-01     0.1103    97.2813     7.5238     7.8888    31.7631    31.7661    25.2747    25.2772    7.54855 0.0000e+00
       3099     58.227     3.3171     3.3161   2.928536   2.928689     2.7351     2.6993      8.171     0.4220     2.1614 1.0790e-01     0.1103    97.2813     7.5233     7.8867    31.7635    31.7664    25.2751    25.2775    7.54859 0.0000e+00
       3102     58.282     3.3169     3.3158   2.928541   2.928674     2.7359     2.6988      8.171     0.4220     2.1614 1.0790e-01     0.1099    97.2900     7.5257     7.8854    31.7638    31.7664    25.2753    25.2775    7.54862 0.0000e+00
       3105     58.337     3.3169     3.3158   2.928555   2.928676     2.7355     2.6988      8.173     0.4220     2.1614 1.0790e-01     0.1081    97.3335     7.5241     7.8851    31.7640    31.7664    25.2755    25.2775    7.54861 0.0000e+00
       3108     58.390     3.3167     3.3158   2.928526   2.928683     2.7355     2.6988      8.170     0.4171     2.1614 1.0790e-01     0.1088    97.3161     7.5239     7.8846    31.7637    31.7665    25.2753    25.2776    7.54865 0.0000e+00
       3111     58.443     3.3167     3.3158   2.928534   2.928699     2.7359     2.6988      8.170     0.4171     2.1614 1.0790e-01     0.1081    97.3335     7.5269     7.8850    31.7638    31.7666    25.2754    25.2777    7.54865 0.0000e+00
       3114     58.497     3.3166     3.3156   2.928524   2.928703     2.7359     2.6988      8.171     0.4220     2.1614 1.0790e-01     0.1088    97.3161     7.5265     7.8841    31.7637    31.7669    25.2753    25.2779    7.54867 0.0000e+00
       3117     58.551     3.3166     3.3156   2.928542   2.928702     2.7347     2.6984      8.171     0.4171     2.1614 1.0790e-01     0.1088    97.3161     7.5217     7.8810    31.7639    31.7668    25.2755    25.2778    7.54866 0.0000e+00
       3120     58.601     3.3168     3.3159   2.928547   2.928771     2.7351     2.6984      8.173     0.4171     2.1614 1.0790e-01     0.1088    97.3161     7.5230     7.8787    31.7638    31.7674    25.2754    25.2783    7.54864 0.0000e+00
       3123     58.653     3.3166     3.3160   2.928576   2.928774     2.7355     2.6988      8.171     0.4122     2.1614 1.0790e-01     0.1103    97.2814     7.5230     7.8779    31.7643    31.7673    25.2758    25.2782    7.54865 0.0000e+00
       3126     58.706     3.3166     3.3162   2.928577   2.928813     2.7355     2.6984      8.171     0.4024     2.1614 1.0790e-01     0.1110    97.2640     7.5216     7.8725    31.7642    31.7675    25.2757    25.2783    7.54864 0.0000e+00
       3129     58.758     3.3166     3.3161   2.928608   2.928801     2.7355     2.6984      8.171     0.3927     2.1614 1.0790e-01     0.1110    97.2640     7.5233     7.8707    31.7647    31.7675    25.2761    25.2783    7.54863 0.0000e+00
       3132     58.809     3.3168     3.3159   2.928634   2.928784     2.7355     2.6980      8.171     0.4024     2.1614 1.0790e-01     0.1106    97.2727     7.5234     7.8676    31.7647    31.7674    25.2761    25.2783    7.54858 0.0000e+00
       3135     58.862     3.3169     3.3162   2.928694   2.928840     2.7359     2.6984      8.173     0.3976     2.1614 1.0790e-01     0.1110    97.2640     7.5243     7.8671    31.7653    31.7678    25.2765    25.2786    7.54854 0.0000e+00
       3138     58.915     3.3169     3.3163   2.928698   2.928858     2.7351     2.6972      8.171     0.4073     2.1614 1.0790e-01     0.1110    97.2640     7.5227     7.8620    31.7653    31.7679    25.2765    25.2786    7.54853 0.0000e+00
       3141     58.966     3.3171     3.3161   2.928675   2.928833     2.7351     2.6968      8.171     0.4073     2.1614 1.0790e-01     0.1110    97.2640     7.5227     7.8591    31.7648    31.7677    25.2761    25.2785    7.54852 0.0000e+00
       3144     59.018     3.3171     3.3164   2.928719   2.928878     2.7355     2.6964      8.173     0.4024     2.1614 1.0790e-01     0.1095    97.2987     7.5229     7.8558    31.7653    31.7679    25.2766    25.2786    7.54850 0.0000e+00
       3147     59.068     3.3172     3.3165   2.928743   2.928869     2.7343     2.6960      8.171     0.4024     2.1614 1.0802e-01     0.1095    97.2987     7.5179     7.8528    31.7655    31.7677    25.2767    25.2785    7.54847 0.0000e+00
       3150     59.121     3.3173     3.3166   2.928755   2.928913     2.7351     2.6960      8.173     0.4073     2.1614 1.0790e-01     0.1099    97.2900     7.5212     7.8528    31.7655    31.7682    25.2766    25.2788    7.54845 0.0000e+00
       3153     59.175     3.3174     3.3168   2.928765   2.928914     2.7359     2.6960      8.171     0.4415     2.1614 1.0790e-01     0.1099    97.2900     7.5244     7.8521    31.7655    31.7679    25.2767    25.2786    7.54844 0.0000e+00
       3156     59.229     3.3175     3.3171   2.928754   2.929016     2.7351     2.6960      8.171     0.4513     2.1614 1.0790e-01     0.1099    97.2900     7.5214     7.8526    31.7653    31.7687    25.2765    25.2793    7.54843 0.0000e+00
       3159     59.283     3.3175     3.3176   2.928762   2.929036     2.7351     2.6956      8.174     0.4513     2.1614 1.0790e-01     0.1099    97.2900     7.5224     7.8530    31.7654    31.7685    25.2765    25.2790    7.54843 0.0000e+00
       3162     59.338     3.3178     3.3179   2.928871   2.929089     2.7351     2.6956      8.171     0.4415     2.1614 1.0790e-01     0.1099    97.2900     7.5230     7.8548    31.7662    31.7688    25.2772    25.2793    7.54831 0.0000e+00
       3165     59.392     3.3184     3.3185   2.928941   2.929173     2.7351     2.6948      8.170     0.4464     2.1614 1.0790e-01     0.1088    97.3161     7.5230     7.8506    31.7665    31.7692    25.2774    25.2795    7.54819 0.0000e+00
       3168     59.452     3.3186     3.3187   2.928994   2.929136     2.7347     2.6948      8.170     0.4464     2.1614 1.0790e-01     0.1092    97.3074     7.5210     7.8495    31.7669    31.7685    25.2777    25.2789    7.54813 0.0000e+00
       3171     59.508     3.3191     3.3189   2.929015   2.929216     2.7351     2.6944      8.171     0.4513     2.1614 1.0790e-01     0.1092    97.3074     7.5226     7.8447    31.7667    31.7692    25.2775    25.2795    7.54806 0.0000e+00
       3174     59.564     3.3195     3.3191   2.929069   2.929240     2.7351     2.6936      8.171     0.4464     2.1614 1.0790e-01     0.1092    97.3074     7.5217     7.8386    31.7669    31.7693    25.2775    25.2795    7.54796 0.0000e+00
