Datasets/AZMP/COO001/79001092.cnv
* Sea-Bird SBE 9 Data File:
* FileName = C:\CTDDATA\79001092.hex
* Software Version Seasave V 7.26.7.110
* Temperature SN = 5660
* Conductivity SN = 3698
* Number of Bytes Per Scan = 30
* Number of Voltage Words = 4
* Number of Scans Averaged by the Deck Unit = 1
* NMEA baud rate = 9600
** VESSEL/TRIP/SEQ STN:  79001092
** LATITUDE XX XX.XX N:  48 50.00 N
** LONGITUDE XX XX.XX W:  52 39.00 W
** SOUNDING DEPTH (M):  0252
** PROBE TYPE: S1257
** CTD NUMBER: 058
** COMMENTS (14 CHAR): BB-03
** BOTTLES:  12
** LEVELS: 5,5,10,20,20,30,40,50,75,100,150,BTM
** STICKERS: 435273 - 435284
** VNET: Y
** DO2: N
# nquan = 22
# nvalues = 5695                        
# units = specified
# name 0 = scan: Scan Count
# name 1 = prDM: Pressure, Digiquartz [db]
# name 2 = t090C: Temperature [ITS-90, deg C]
# name 3 = t190C: Temperature, 2 [ITS-90, deg C]
# name 4 = c0S/m: Conductivity [S/m]
# name 5 = c1S/m: Conductivity, 2 [S/m]
# name 6 = sbeox0V: Oxygen raw, SBE 43 [V]
# name 7 = sbeox1V: Oxygen raw, SBE 43, 2 [V]
# name 8 = ph: pH
# name 9 = flECO-AFL: Fluorescence, WET Labs ECO-AFL/FL [mg/m^3]
# name 10 = wetCDOM: Fluorescence, WET Labs CDOM [mg/m^3]
# name 11 = par/sat/log: PAR/Logarithmic, Satlantic [umol photons/m^2/sec]
# name 12 = CStarAt0: Beam Attenuation, WET Labs C-Star [1/m]
# name 13 = CStarTr0: Beam Transmission, WET Labs C-Star [%]
# name 14 = sbeox0ML/L: Oxygen, SBE 43 [ml/l], WS = 2
# name 15 = sbeox1ML/L: Oxygen, SBE 43, 2 [ml/l], WS = 2
# name 16 = sal00: Salinity, Practical [PSU]
# name 17 = sal11: Salinity, Practical, 2 [PSU]
# name 18 = sigma-t00: Density [sigma-t, kg/m^3 ]
# name 19 = sigma-t11: Density, 2 [sigma-t, kg/m^3 ]
# name 20 = oxsatML/L: Oxygen Saturation, Weiss [ml/l]
# name 21 = flag: flag
# span 0 =        123,      57108       
# span 1 =      0.793,    245.950       
# span 2 =    -0.3070,     2.0575       
# span 3 =    -0.3075,     2.0575       
# span 4 =   2.724876,   2.959524       
# span 5 =   2.725027,   2.957947       
# span 6 =     2.3843,     2.7458       
# span 7 =     2.3504,     2.7067       
# span 8 =      8.097,      8.204       
# span 9 =    -0.0078,     0.8273       
# span 10 =     0.7401,     2.1614      
# span 11 = 1.0790e-01, 1.1020e+02      
# span 12 =     0.0630,     0.1551      
# span 13 =    96.1951,    98.4371      
# span 14 =     6.8173,     7.7739      
# span 15 =     7.1832,     8.1649      
# span 16 =    32.1177,    33.6949      
# span 17 =    32.1196,    33.6928      
# span 18 =    25.6589,    27.0090      
# span 19 =    25.6604,    27.0061      
# span 20 =    7.73817,    8.22551      
# span 21 = 0.0000e+00, 0.0000e+00      
# interval = scans: 3                   
# start_time = Dec 02 2019 13:41:37 [System UTC, header]
# bad_flag = -9.990e-29
*END*
[from data line 4478]
      31689     93.169     0.3625     0.5621   2.758054   2.773313     2.5624     2.5184      8.139     0.0801     1.9245 1.0790e-01     0.0630    98.4371     7.5571     7.8394    32.6270    32.6142    26.1730    26.1522    8.09816 0.0000e+00
      31692     93.109     0.3786     0.5657   2.760112   2.773634     2.5628     2.5188      8.138     0.0801     1.9245 1.0790e-01     0.0630    98.4371     7.5543     7.8354    32.6367    32.6146    26.1800    26.1523    8.09416 0.0000e+00
      31695     93.052     0.4040     0.5696   2.762979   2.773876     2.5624     2.5184      8.138     0.0850     1.9245 1.0790e-01     0.0630    98.4371     7.5451     7.8283    32.6472    32.6137    26.1871    26.1513    8.08815 0.0000e+00
      31698     92.990     0.4263     0.5722   2.764035   2.773957     2.5632     2.5184      8.138     0.0899     1.9245 1.0790e-01     0.0630    98.4371     7.5437     7.8217    32.6373    32.6120    26.1780    26.1498    8.08392 0.0000e+00
      31701     92.927     0.4420     0.5741   2.765021   2.774015     2.5636     2.5184      8.138     0.0850     1.9245 1.0802e-01     0.0630    98.4371     7.5423     7.8162    32.6336    32.6108    26.1742    26.1487    8.08078 0.0000e+00
      31704     92.864     0.4542     0.5751   2.765291   2.774030     2.5632     2.5176      8.138     0.0850     1.9245 1.0790e-01     0.0630    98.4371     7.5386     7.8104    32.6242    32.6099    26.1660    26.1480    8.07868 0.0000e+00
      31707     92.803     0.4592     0.5752   2.765079   2.774040     2.5628     2.5188      8.138     0.0899     1.9245 1.0802e-01     0.0665    98.3502     7.5345     7.8107    32.6162    32.6099    26.1593    26.1480    8.07806 0.0000e+00
      31710     92.741     0.4625     0.5752   2.765803   2.774083     2.5640     2.5176      8.138     0.0850     1.9245 1.0790e-01     0.0726    98.2025     7.5382     7.8012    32.6222    32.6106    26.1639    26.1486    8.07703 0.0000e+00
      31713     92.678     0.4698     0.5759   2.766298   2.774125     2.5649     2.5176      8.138     0.0801     1.9245 1.0790e-01     0.0729    98.1938     7.5409     7.7970    32.6209    32.6105    26.1625    26.1484    8.07553 0.0000e+00
      31716     92.618     0.4754     0.5767   2.766584   2.774170     2.5628     2.5176      8.138     0.0606     1.9245 1.0790e-01     0.0726    98.2025     7.5316     7.7984    32.6188    32.6101    26.1605    26.1481    8.07447 0.0000e+00
      31719     92.556     0.4801     0.5770   2.766944   2.774169     2.5640     2.5176      8.138     0.0606     1.9245 1.0790e-01     0.0726    98.2025     7.5336     7.8019    32.6185    32.6099    26.1600    26.1479    8.07347 0.0000e+00
      31722     92.497     0.4863     0.5776   2.767742   2.774233     2.5644     2.5176      8.138     0.0557     1.9245 1.0802e-01     0.0726    98.2025     7.5324     7.8034    32.6224    32.6101    26.1628    26.1480    8.07194 0.0000e+00
      31725     92.439     0.4936     0.5784   2.768304   2.774324     2.5640     2.5176      8.138     0.0606     1.9245 1.0790e-01     0.0726    98.2025     7.5285     7.8083    32.6220    32.6105    26.1621    26.1483    8.07041 0.0000e+00
      31728     92.385     0.4999     0.5795   2.768522   2.774393     2.5636     2.5176      8.138     0.0606     1.9245 1.0790e-01     0.0683    98.3067     7.5252     7.8124    32.6182    32.6103    26.1587    26.1480    8.06928 0.0000e+00
      31731     92.334     0.5019     0.5803   2.768145   2.774377     2.5640     2.5168      8.138     0.0557     1.9245 1.0790e-01     0.0648    98.3936     7.5252     7.8146    32.6112    32.6092    26.1530    26.1472    8.06923 0.0000e+00
      31734     92.287     0.4983     0.5801   2.767602   2.774409     2.5644     2.5168      8.141     0.0606     1.9245 1.0802e-01     0.0651    98.3849     7.5235     7.8226    32.6080    32.6098    26.1506    26.1477    8.07018 0.0000e+00
      31737     92.243     0.4986     0.5822   2.767504   2.774703     2.5640     2.5168      8.138     0.0557     2.0429 1.0802e-01     0.0648    98.3936     7.5232     7.8263    32.6064    32.6115    26.1493    26.1489    8.07020 0.0000e+00
      31740     92.203     0.4953     0.5848   2.766708   2.774920     2.5644     2.5176      8.138     0.0606     2.0429 1.0790e-01     0.0651    98.3849     7.5263     7.8333    32.5995    32.6116    26.1439    26.1488    8.07127 0.0000e+00
      31743     92.169     0.4898     0.5869   2.766043   2.775067     2.5640     2.5176      8.140     0.0557     2.0429 1.0802e-01     0.0655    98.3762     7.5243     7.8398    32.5968    32.6113    26.1420    26.1485    8.07261 0.0000e+00
      31782     92.141     0.4627     0.5871   2.764619   2.775041     2.5669     2.5196      8.138     0.0606     2.0429 1.0790e-01     0.0655    98.3762     7.5496     7.8694    32.6069    32.6108    26.1516    26.1480    8.07782 0.0000e+00
      31857     92.040     0.4295     0.5868   2.763038   2.775012     2.5698     2.5241      8.138     0.0557     2.0429 1.0790e-01     0.0662    98.3589     7.5835     7.9204    32.6215    32.6107    26.1651    26.1480    8.08411 0.0000e+00
      31860     91.898     0.4297     0.5922   2.761937   2.775332     2.5702     2.5241      8.138     0.0557     2.0429 1.0790e-01     0.0662    98.3589     7.5864     7.9190    32.6070    32.6093    26.1534    26.1466    8.08486 0.0000e+00
      31863     91.747     0.4204     0.5925   2.760628   2.775153     2.5706     2.5253      8.138     0.0557     2.0429 1.0790e-01     0.0662    98.3589     7.5861     7.9229    32.6000    32.6067    26.1483    26.1445    8.08725 0.0000e+00
      31866     91.587     0.4128     0.5890   2.760865   2.774697     2.5698     2.5262      8.138     0.0557     2.0429 1.0790e-01     0.0662    98.3589     7.5812     7.9252    32.6112    32.6046    26.1576    26.1430    8.08825 0.0000e+00
      31869     91.416     0.4149     0.5811   2.762045   2.774054     2.5714     2.5262      8.140     0.0557     2.0429 1.0790e-01     0.0662    98.3589     7.5822     7.9239    32.6245    32.6047    26.1683    26.1435    8.08708 0.0000e+00
      31872     91.238     0.4277     0.5861   2.764108   2.775624     2.5706     2.5274      8.138     0.0557     2.0429 1.0790e-01     0.0662    98.3589     7.5735     7.9242    32.6378    32.6199    26.1783    26.1554    8.08360 0.0000e+00
      31875     91.054     0.4465     0.6377   2.765437   2.779987     2.5710     2.5274      8.140     0.0508     2.0429 1.0790e-01     0.0662    98.3589     7.5696     7.9066    32.6353    32.6220    26.1754    26.1544    8.07972 0.0000e+00
      31878     90.865     0.4619     0.6741   2.766659   2.781705     2.5714     2.5274      8.138     0.0557     2.0034 1.0790e-01     0.0662    98.3589     7.5644     7.8899    32.6350    32.6060    26.1743    26.1394    8.07645 0.0000e+00
      31881     90.671     0.4905     0.6888   2.771079   2.782302     2.5714     2.5278      8.138     0.0557     2.0429 1.0802e-01     0.0662    98.3589     7.5541     7.8787    32.6623    32.5983    26.1947    26.1324    8.06885 0.0000e+00
      31884     90.468     0.5146     0.6984   2.770049   2.782893     2.5714     2.5286      8.138     0.0508     2.0429 1.0790e-01     0.0662    98.3589     7.5487     7.8697    32.6236    32.5959    26.1622    26.1300    8.06585 0.0000e+00
      31887     90.261     0.5192     0.7051   2.769733   2.782992     2.5706     2.5286      8.138     0.0557     2.0429 1.0790e-01     0.0662    98.3589     7.5444     7.8613    32.6147    32.5903    26.1549    26.1251    8.06536 0.0000e+00
      31890     90.054     0.5282     0.7047   2.771408   2.783235     2.5714     2.5294      8.141     0.0557     2.0429 1.0790e-01     0.0658    98.3676     7.5435     7.8577    32.6270    32.5939    26.1643    26.1280    8.06275 0.0000e+00
      31893     89.850     0.5370     0.7177   2.771596   2.784158     2.5710     2.5294      8.141     0.0557     1.9245 1.0802e-01     0.0651    98.3849     7.5406     7.8498    32.6203    32.5923    26.1584    26.1260    8.06125 0.0000e+00
      31896     89.643     0.5455     0.7267   2.772435   2.784525     2.5718     2.5298      8.143     0.0557     1.9245 1.0790e-01     0.0655    98.3762     7.5424     7.8455    32.6223    32.5878    26.1596    26.1218    8.05934 0.0000e+00
      31899     89.437     0.5574     0.7296   2.773079   2.784629     2.5714     2.5290      8.141     0.0703     1.9245 1.0790e-01     0.0655    98.3762     7.5387     7.8400    32.6182    32.5862    26.1556    26.1203    8.05703 0.0000e+00
      31902     89.230     0.5667     0.7307   2.773722   2.784701     2.5714     2.5290      8.143     0.0703     1.9245 1.0802e-01     0.0651    98.3849     7.5394     7.8385    32.6169    32.5861    26.1541    26.1202    8.05514 0.0000e+00
      31905     89.028     0.5772     0.7323   2.774987   2.784800     2.5710     2.5286      8.142     0.0703     1.9245 1.0790e-01     0.0658    98.3676     7.5363     7.8360    32.6223    32.5857    26.1579    26.1198    8.05261 0.0000e+00
      31908     88.827     0.5975     0.7335   2.777755   2.784869     2.5714     2.5286      8.142     0.0703     1.9245 1.0790e-01     0.0655    98.3762     7.5342     7.8379    32.6369    32.5854    26.1685    26.1196    8.04751 0.0000e+00
      31911     88.635     0.6327     0.7343   2.781295   2.784914     2.5714     2.5298      8.142     0.0703     1.9245 1.0790e-01     0.0651    98.3849     7.5281     7.8470    32.6456    32.5854    26.1736    26.1195    8.03956 0.0000e+00
      31914     88.445     0.6651     0.7355   2.782067   2.784988     2.5722     2.5290      8.142     0.0703     1.9245 1.0790e-01     0.0651    98.3849     7.5260     7.8483    32.6215    32.5852    26.1525    26.1192    8.03403 0.0000e+00
      31917     88.264     0.6803     0.7377   2.782040   2.785072     2.5726     2.5294      8.142     0.0606     1.9245 1.0790e-01     0.0651    98.3849     7.5255     7.8550    32.6053    32.5840    26.1385    26.1181    8.03170 0.0000e+00
      31920     88.092     0.6869     0.7405   2.781667   2.785258     2.5714     2.5298      8.145     0.0703     1.9245 1.0790e-01     0.0651    98.3849     7.5216     7.8639    32.5936    32.5835    26.1287    26.1177    8.03093 0.0000e+00
      31923     87.925     0.6838     0.7432   2.780641   2.785515     2.5734     2.5298      8.144     0.0703     1.9245 1.0790e-01     0.0651    98.3849     7.5297     7.8712    32.5837    32.5842    26.1209    26.1180    8.03213 0.0000e+00
      31926     87.763     0.6781     0.7455   2.780621   2.785631     2.5730     2.5306      8.147     0.0703     1.9245 1.0790e-01     0.0651    98.3849     7.5304     7.8780    32.5896    32.5834    26.1260    26.1172    8.03302 0.0000e+00
      31929     87.612     0.6807     0.7424   2.781435   2.784462     2.5726     2.5310      8.144     0.0703     1.9245 1.0790e-01     0.0651    98.3849     7.5296     7.8851    32.5974    32.5715    26.1322    26.1079    8.03205 0.0000e+00
      31932     87.466     0.6884     0.7251   2.782162   2.781714     2.5734     2.5314      8.147     0.0654     1.9245 1.0790e-01     0.0651    98.3849     7.5288     7.8935    32.5988    32.5544    26.1328    26.0950    8.03034 0.0000e+00
      31935     87.326     0.6936     0.7105   2.782188   2.780466     2.5742     2.5323      8.145     0.0703     1.9245 1.0790e-01     0.0651    98.3849     7.5291     7.9034    32.5937    32.5537    26.1284    26.0953    8.02951 0.0000e+00
      31938     87.194     0.6961     0.7027   2.782112   2.779714     2.5738     2.5323      8.147     0.0654     1.9245 1.0790e-01     0.0651    98.3849     7.5259     7.9086    32.5902    32.5522    26.1255    26.0945    8.02919 0.0000e+00
      31941     87.072     0.6970     0.6978   2.782156   2.778993     2.5738     2.5323      8.147     0.0654     1.9245 1.0790e-01     0.0651    98.3849     7.5255     7.9095    32.5898    32.5482    26.1251    26.0916    8.02901 0.0000e+00
      31944     86.963     0.6860     0.6904   2.778836   2.778119     2.5742     2.5335      8.147     0.0703     1.9640 1.0790e-01     0.0651    98.3849     7.5296     7.9134    32.5586    32.5448    26.1006    26.0892    8.03304 0.0000e+00
      31947     86.860     0.6453     0.6860   2.774340   2.777780     2.5734     2.5335      8.147     0.0703     2.0429 1.0790e-01     0.0651    98.3849     7.5356     7.9110    32.5434    32.5450    26.0906    26.0897    8.04248 0.0000e+00
      31950     86.765     0.6080     0.6829   2.772062   2.777532     2.5754     2.5339      8.147     0.0703     2.0429 1.0790e-01     0.0662    98.3589     7.5521     7.9083    32.5532    32.5451    26.1006    26.0899    8.04985 0.0000e+00
      31953     86.680     0.5754     0.6810   2.770745   2.777278     2.5750     2.5347      8.147     0.0703     2.0429 1.0790e-01     0.0662    98.3589     7.5572     7.9073    32.5706    32.5439    26.1163    26.0890    8.05582 0.0000e+00
      31956     86.602     0.5566     0.6785   2.770723   2.777086     2.5746     2.5347      8.147     0.0703     2.0429 1.0790e-01     0.0658    98.3676     7.5582     7.9054    32.5901    32.5441    26.1331    26.0894    8.05874 0.0000e+00
      31959     86.531     0.5519     0.6781   2.771617   2.777005     2.5746     2.5359      8.147     0.0703     2.0429 1.0790e-01     0.0662    98.3589     7.5575     7.9045    32.6068    32.5435    26.1467    26.0889    8.05883 0.0000e+00
      31962     86.466     0.5561     0.6756   2.772366   2.776802     2.5750     2.5359      8.147     0.0703     2.0429 1.0790e-01     0.0658    98.3676     7.5577     7.8993    32.6120    32.5436    26.1508    26.0891    8.05764 0.0000e+00
      31965     86.413     0.5606     0.6744   2.772569   2.776775     2.5750     2.5355      8.147     0.0703     2.0429 1.0790e-01     0.0662    98.3589     7.5557     7.8907    32.6100    32.5445    26.1489    26.0899    8.05681 0.0000e+00
      31968     86.370     0.5640     0.6767   2.772858   2.777387     2.5750     2.5359      8.147     0.0703     2.0429 1.0790e-01     0.0662    98.3589     7.5542     7.8841    32.6102    32.5500    26.1489    26.0942    8.05608 0.0000e+00
      31971     86.337     0.5716     0.6846   2.773915   2.778456     2.5763     2.5359      8.147     0.0703     1.9640 1.0790e-01     0.0658    98.3676     7.5561     7.8772    32.6159    32.5555    26.1530    26.0982    8.05415 0.0000e+00
      32087     86.293     0.6679     0.6838   2.779573   2.777566     2.5795     2.5392      8.147     0.0703     1.9245 1.0790e-01     0.0651    98.3849     7.5472     7.8851    32.5875    32.5449    26.1249    26.0897    8.03530 0.0000e+00
      32147     86.145     0.7077     0.6744   2.781669   2.776539     2.5820     2.5408      8.147     0.0654     1.9245 1.0790e-01     0.0651    98.3849     7.5500     7.8941    32.5729    32.5416    26.1109    26.0876    8.02769 0.0000e+00
      32150     85.985     0.7033     0.6773   2.781362   2.777319     2.5811     2.5408      8.147     0.0703     1.9245 1.0790e-01     0.0655    98.3762     7.5497     7.8941    32.5737    32.5487    26.1117    26.0931    8.02857 0.0000e+00
      32153     85.817     0.7016     0.6799   2.781360   2.777061     2.5811     2.5408      8.147     0.0654     1.9245 1.0802e-01     0.0669    98.3415     7.5518     7.8944    32.5755    32.5428    26.1134    26.0882    8.02883 0.0000e+00
      32156     85.644     0.7000     0.6701   2.780964   2.775941     2.5824     2.5416      8.147     0.0703     1.9245 1.0790e-01     0.0672    98.3328     7.5582     7.9008    32.5722    32.5387    26.1108    26.0854    8.02935 0.0000e+00
      32159     85.468     0.6975     0.6722   2.780621   2.776776     2.5828     2.5420      8.147     0.0703     1.9245 1.0790e-01     0.0672    98.3328     7.5620     7.9041    32.5705    32.5474    26.1095    26.0923    8.02997 0.0000e+00
