Datasets/AZMP/COO001/79001083.cnv
* Sea-Bird SBE 9 Data File:
* FileName = C:\CTDDATA\79001083.hex
* Software Version Seasave V 7.26.7.110
* Temperature SN = 5660
* Conductivity SN = 3698
* Number of Bytes Per Scan = 30
* Number of Voltage Words = 4
* Number of Scans Averaged by the Deck Unit = 1
* NMEA baud rate = 9600
** VESSEL/TRIP/SEQ STN:  79001083
** LATITUDE XX XX.XX N:  48 09.56 N
** LONGITUDE XX XX.XX W:  53 44.76 W
** SOUNDING DEPTH (M):  0064
** PROBE TYPE: S1257
** CTD NUMBER: 050
** COMMENTS (14 CHAR): SS-12
** BOTTLES:  0
** LEVELS:
** STICKERS:
** VNET: N
** DO2: N
# nquan = 22
# nvalues = 2488                        
# units = specified
# name 0 = scan: Scan Count
# name 1 = prDM: Pressure, Digiquartz [db]
# name 2 = t090C: Temperature [ITS-90, deg C]
# name 3 = t190C: Temperature, 2 [ITS-90, deg C]
# name 4 = c0S/m: Conductivity [S/m]
# name 5 = c1S/m: Conductivity, 2 [S/m]
# name 6 = sbeox0V: Oxygen raw, SBE 43 [V]
# name 7 = sbeox1V: Oxygen raw, SBE 43, 2 [V]
# name 8 = ph: pH
# name 9 = flECO-AFL: Fluorescence, WET Labs ECO-AFL/FL [mg/m^3]
# name 10 = wetCDOM: Fluorescence, WET Labs CDOM [mg/m^3]
# name 11 = par/sat/log: PAR/Logarithmic, Satlantic [umol photons/m^2/sec]
# name 12 = CStarAt0: Beam Attenuation, WET Labs C-Star [1/m]
# name 13 = CStarTr0: Beam Transmission, WET Labs C-Star [%]
# name 14 = sbeox0ML/L: Oxygen, SBE 43 [ml/l], WS = 2
# name 15 = sbeox1ML/L: Oxygen, SBE 43, 2 [ml/l], WS = 2
# name 16 = sal00: Salinity, Practical [PSU]
# name 17 = sal11: Salinity, Practical, 2 [PSU]
# name 18 = sigma-t00: Density [sigma-t, kg/m^3 ]
# name 19 = sigma-t11: Density, 2 [sigma-t, kg/m^3 ]
# name 20 = oxsatML/L: Oxygen Saturation, Weiss [ml/l]
# name 21 = flag: flag
# span 0 =        170,       8690       
# span 1 =      1.581,     59.630       
# span 2 =     3.3011,     3.5690       
# span 3 =     3.3008,     3.5701       
# span 4 =   2.878995,   2.931940       
# span 5 =   2.859048,   2.932072       
# span 6 =     2.5508,     2.7242       
# span 7 =     2.6785,     2.6948       
# span 8 =      8.167,      8.179       
# span 9 =     0.2901,     0.9739       
# span 10 =     2.0034,     3.5826      
# span 11 = 1.0520e-01, 4.6014e-01      
# span 12 =     0.0971,     0.2097      
# span 13 =    94.8917,    97.6029      
# span 14 =     6.8090,     7.4701      
# span 15 =     7.7313,     7.8692      
# span 16 =    31.1054,    31.8117      
# span 17 =    30.8064,    31.8141      
# span 18 =    24.7419,    25.3145      
# span 19 =    24.4991,    25.3168      
# span 20 =    7.51955,    7.56406      
# span 21 = 0.0000e+00, 0.0000e+00      
# interval = scans: 3                   
# start_time = Dec 01 2019 21:43:54 [System UTC, header]
# bad_flag = -9.990e-29
*END*
[from data line 791]
       3037     45.960     3.3655     3.3630   2.931580   2.931618     2.7156     2.6875      8.174     0.3927     2.2798 1.0827e-01     0.1060    97.3856     7.4385     7.8402    31.7588    31.7618    25.2671    25.2697    7.53968 0.0000e+00
       3040     46.022     3.3652     3.3629   2.931604   2.931618     2.7160     2.6875      8.176     0.3780     2.2798 1.0827e-01     0.1056    97.3943     7.4408     7.8373    31.7594    31.7618    25.2676    25.2697    7.53971 0.0000e+00
       3043     46.086     3.3650     3.3627   2.931605   2.931603     2.7152     2.6875      8.174     0.3878     2.2798 1.0827e-01     0.1056    97.3943     7.4381     7.8354    31.7596    31.7618    25.2677    25.2697    7.53974 0.0000e+00
       3046     46.144     3.3647     3.3625   2.931605   2.931583     2.7160     2.6875      8.174     0.3927     2.2798 1.0827e-01     0.1056    97.3943     7.4407     7.8333    31.7598    31.7617    25.2680    25.2697    7.53978 0.0000e+00
       3049     46.203     3.3645     3.3627   2.931564   2.931607     2.7160     2.6875      8.176     0.3878     2.2798 1.0827e-01     0.1060    97.3856     7.4403     7.8338    31.7596    31.7618    25.2678    25.2697    7.53984 0.0000e+00
       3052     46.264     3.3641     3.3625   2.931556   2.931559     2.7156     2.6875      8.174     0.3780     2.2798 1.0827e-01     0.1078    97.3422     7.4402     7.8304    31.7598    31.7614    25.2680    25.2694    7.53989 0.0000e+00
       3055     46.322     3.3642     3.3622   2.931569   2.931572     2.7152     2.6875      8.176     0.3878     2.2798 1.0827e-01     0.1071    97.3595     7.4401     7.8275    31.7598    31.7618    25.2680    25.2698    7.53988 0.0000e+00
       3058     46.384     3.3641     3.3623   2.931614   2.931575     2.7152     2.6875      8.174     0.3927     2.2798 1.0827e-01     0.1071    97.3595     7.4399     7.8266    31.7604    31.7618    25.2685    25.2697    7.53987 0.0000e+00
       3061     46.444     3.3642     3.3622   2.931639   2.931583     2.7164     2.6875      8.176     0.3829     2.2798 1.0827e-01     0.1071    97.3595     7.4429     7.8249    31.7606    31.7619    25.2686    25.2699    7.53985 0.0000e+00
       3064     46.504     3.3641     3.3624   2.931639   2.931615     2.7168     2.6871      8.174     0.3878     2.2798 1.0827e-01     0.1071    97.3595     7.4450     7.8220    31.7607    31.7621    25.2687    25.2700    7.53986 0.0000e+00
       3067     46.568     3.3642     3.3623   2.931590   2.931625     2.7164     2.6871      8.174     0.3878     2.2798 1.0827e-01     0.1074    97.3509     7.4433     7.8212    31.7599    31.7623    25.2681    25.2701    7.53987 0.0000e+00
       3070     46.628     3.3639     3.3624   2.931526   2.931651     2.7156     2.6866      8.174     0.3878     2.2798 1.0827e-01     0.1071    97.3595     7.4401     7.8192    31.7595    31.7624    25.2678    25.2702    7.53996 0.0000e+00
       3073     46.688     3.3634     3.3627   2.931420   2.931668     2.7168     2.6875      8.174     0.3927     2.1614 1.0827e-01     0.1063    97.3769     7.4447     7.8223    31.7586    31.7623    25.2671    25.2702    7.54008 0.0000e+00
       3076     46.748     3.3629     3.3621   2.931421   2.931567     2.7168     2.6862      8.174     0.3878     2.1614 1.0827e-01     0.1067    97.3682     7.4460     7.8176    31.7591    31.7617    25.2676    25.2697    7.54016 0.0000e+00
       3079     46.806     3.3626     3.3608   2.931394   2.931471     2.7160     2.6862      8.174     0.3927     2.1614 1.0827e-01     0.1063    97.3769     7.4427     7.8186    31.7591    31.7617    25.2675    25.2698    7.54022 0.0000e+00
       3082     46.868     3.3624     3.3607   2.931392   2.931473     2.7160     2.6866      8.174     0.3927     2.1614 1.0827e-01     0.1060    97.3856     7.4423     7.8217    31.7592    31.7618    25.2676    25.2699    7.54024 0.0000e+00
       3085     46.932     3.3623     3.3614   2.931383   2.931586     2.7160     2.6862      8.176     0.3878     2.1614 1.0827e-01     0.1067    97.3682     7.4410     7.8220    31.7591    31.7625    25.2676    25.2704    7.54027 0.0000e+00
       3088     46.991     3.3622     3.3619   2.931416   2.931568     2.7164     2.6862      8.174     0.3878     2.1614 1.0827e-01     0.1063    97.3769     7.4418     7.8244    31.7597    31.7617    25.2681    25.2697    7.54027 0.0000e+00
       3091     47.051     3.3623     3.3618   2.931425   2.931565     2.7160     2.6862      8.174     0.3829     2.1614 1.0827e-01     0.1067    97.3682     7.4403     7.8260    31.7596    31.7617    25.2680    25.2697    7.54025 0.0000e+00
       3094     47.112     3.3622     3.3612   2.931424   2.931514     2.7168     2.6862      8.174     0.3878     2.1614 1.0827e-01     0.1067    97.3682     7.4417     7.8268    31.7596    31.7617    25.2680    25.2698    7.54026 0.0000e+00
       3097     47.174     3.3621     3.3607   2.931409   2.931501     2.7164     2.6862      8.174     0.3780     2.1219 1.0827e-01     0.1067    97.3682     7.4401     7.8285    31.7595    31.7620    25.2680    25.2700    7.54029 0.0000e+00
       3100     47.234     3.3621     3.3611   2.931435   2.931553     2.7172     2.6858      8.176     0.3731     2.0429 1.0827e-01     0.1067    97.3682     7.4422     7.8288    31.7598    31.7622    25.2682    25.2702    7.54027 0.0000e+00
       3103     47.294     3.3618     3.3618   2.931370   2.931639     2.7164     2.6862      8.174     0.3780     2.0429 1.0827e-01     0.1067    97.3682     7.4376     7.8291    31.7593    31.7625    25.2678    25.2704    7.54035 0.0000e+00
       3106     47.355     3.3613     3.3626   2.931324   2.931690     2.7176     2.6862      8.174     0.3683     2.0034 1.0827e-01     0.1067    97.3682     7.4412     7.8301    31.7592    31.7623    25.2678    25.2701    7.54046 0.0000e+00
       3109     47.416     3.3610     3.3624   2.931318   2.931621     2.7156     2.6862      8.174     0.3731     2.0429 1.0827e-01     0.1071    97.3595     7.4333     7.8307    31.7594    31.7616    25.2680    25.2696    7.54050 0.0000e+00
       3112     47.476     3.3611     3.3620   2.931351   2.931611     2.7164     2.6862      8.174     0.3683     2.0429 1.0827e-01     0.1088    97.3161     7.4356     7.8296    31.7597    31.7619    25.2682    25.2699    7.54047 0.0000e+00
       3115     47.539     3.3606     3.3620   2.931221   2.931598     2.7156     2.6862      8.176     0.3683     2.0429 1.0827e-01     0.1088    97.3161     7.4324     7.8282    31.7586    31.7617    25.2673    25.2697    7.54062 0.0000e+00
       3118     47.601     3.3598     3.3600   2.931184   2.931412     2.7160     2.6862      8.174     0.3683     2.0429 1.0827e-01     0.1088    97.3161     7.4335     7.8264    31.7588    31.7614    25.2676    25.2696    7.54075 0.0000e+00
       3121     47.658     3.3596     3.3579   2.931225   2.931289     2.7164     2.6858      8.174     0.3731     2.0429 1.0827e-01     0.1088    97.3161     7.4352     7.8237    31.7595    31.7620    25.2682    25.2703    7.54077 0.0000e+00
       3124     47.716     3.3594     3.3564   2.931253   2.931241     2.7152     2.6862      8.174     0.3829     2.1614 1.0827e-01     0.1088    97.3161     7.4321     7.8254    31.7600    31.7628    25.2686    25.2711    7.54077 0.0000e+00
       3127     47.778     3.3598     3.3565   2.931284   2.931242     2.7147     2.6858      8.174     0.3927     2.2798 1.0827e-01     0.1088    97.3161     7.4321     7.8245    31.7600    31.7627    25.2686    25.2710    7.54071 0.0000e+00
       3130     47.838     3.3598     3.3567   2.931269   2.931208     2.7160     2.6862      8.174     0.3829     2.2798 1.0827e-01     0.1092    97.3074     7.4386     7.8268    31.7598    31.7620    25.2684    25.2705    7.54072 0.0000e+00
       3133     47.900     3.3597     3.3553   2.931256   2.931122     2.7156     2.6858      8.174     0.3829     2.2798 1.0827e-01     0.1099    97.2900     7.4386     7.8257    31.7597    31.7624    25.2683    25.2708    7.54074 0.0000e+00
       3136     47.962     3.3594     3.3546   2.931209   2.931064     2.7156     2.6854      8.174     0.3927     2.2798 1.0815e-01     0.1099    97.2900     7.4371     7.8236    31.7594    31.7624    25.2681    25.2709    7.54080 0.0000e+00
       3139     48.024     3.3591     3.3535   2.931208   2.931060     2.7156     2.6854      8.174     0.3829     2.2798 1.0827e-01     0.1099    97.2900     7.4392     7.8235    31.7597    31.7634    25.2683    25.2718    7.54085 0.0000e+00
       3142     48.084     3.3587     3.3535   2.931154   2.931046     2.7156     2.6850      8.174     0.3878     2.2798 1.0827e-01     0.1099    97.2900     7.4402     7.8221    31.7593    31.7631    25.2681    25.2716    7.54094 0.0000e+00
       3145     48.145     3.3580     3.3524   2.931103   2.930965     2.7156     2.6850      8.174     0.3878     2.2798 1.0827e-01     0.1099    97.2900     7.4395     7.8228    31.7594    31.7632    25.2682    25.2717    7.54107 0.0000e+00
       3148     48.208     3.3575     3.3512   2.931091   2.930916     2.7156     2.6858      8.174     0.3927     2.2798 1.0827e-01     0.1099    97.2900     7.4374     7.8256    31.7597    31.7638    25.2685    25.2723    7.54115 0.0000e+00
       3151     48.269     3.3571     3.3490   2.931082   2.930897     2.7164     2.6862      8.174     0.3732     2.3587 1.0827e-01     0.1092    97.3074     7.4390     7.8274    31.7599    31.7657    25.2687    25.2740    7.54121 0.0000e+00
       3154     48.333     3.3566     3.3475   2.931055   2.931098     2.7156     2.6854      8.174     0.3731     2.3982 1.0827e-01     0.1088    97.3161     7.4358     7.8229    31.7601    31.7695    25.2689    25.2772    7.54130 0.0000e+00
       3157     48.395     3.3556     3.3465   2.931010   2.931408     2.7152     2.6854      8.174     0.3731     2.3982 1.0827e-01     0.1088    97.3161     7.4350     7.8220    31.7605    31.7741    25.2693    25.2810    7.54146 0.0000e+00
       3160     48.455     3.3549     3.3462   2.930969   2.931471     2.7147     2.6850      8.174     0.3731     2.3982 1.0827e-01     0.1088    97.3161     7.4344     7.8188    31.7606    31.7752    25.2694    25.2818    7.54159 0.0000e+00
       3163     48.516     3.3545     3.3465   2.930984   2.931492     2.7168     2.6850      8.174     0.3683     2.3982 1.0827e-01     0.1088    97.3161     7.4417     7.8170    31.7612    31.7751    25.2700    25.2817    7.54165 0.0000e+00
       3166     48.577     3.3534     3.3463   2.930973   2.931561     2.7156     2.6850      8.174     0.3731     2.3982 1.0827e-01     0.1088    97.3161     7.4390     7.8149    31.7621    31.7761    25.2708    25.2826    7.54180 0.0000e+00
       3169     48.638     3.3515     3.3458   2.931041   2.931622     2.7139     2.6850      8.174     0.3731     2.3982 1.0827e-01     0.1088    97.3161     7.4344     7.8129    31.7648    31.7773    25.2731    25.2836    7.54203 0.0000e+00
       3172     48.701     3.3495     3.3456   2.931200   2.931571     2.7139     2.6850      8.174     0.3731     2.3982 1.0827e-01     0.1074    97.3509     7.4354     7.8125    31.7686    31.7768    25.2763    25.2832    7.54221 0.0000e+00
       3175     48.765     3.3483     3.3458   2.931273   2.931597     2.7156     2.6846      8.174     0.3683     2.3587 1.0827e-01     0.1071    97.3595     7.4429     7.8113    31.7706    31.7769    25.2780    25.2832    7.54234 0.0000e+00
       3178     48.825     3.3474     3.3459   2.931327   2.931590     2.7147     2.6838      8.174     0.3780     2.1614 1.0827e-01     0.1078    97.3422     7.4410     7.8083    31.7721    31.7767    25.2792    25.2831    7.54243 0.0000e+00
       3181     48.885     3.3469     3.3458   2.931344   2.931599     2.7156     2.6838      8.174     0.3731     2.1614 1.0827e-01     0.1074    97.3509     7.4461     7.8084    31.7728    31.7768    25.2798    25.2832    7.54249 0.0000e+00
       3184     48.945     3.3466     3.3456   2.931315   2.931616     2.7156     2.6838      8.174     0.3731     2.1614 1.0827e-01     0.1074    97.3509     7.4479     7.8085    31.7727    31.7773    25.2798    25.2836    7.54255 0.0000e+00
       3187     49.008     3.3463     3.3457   2.931354   2.931637     2.7156     2.6838      8.174     0.3683     2.1614 1.0827e-01     0.1078    97.3422     7.4502     7.8078    31.7734    31.7774    25.2804    25.2836    7.54257 0.0000e+00
       3190     49.070     3.3463     3.3452   2.931340   2.931772     2.7156     2.6838      8.174     0.3731     2.1614 1.0827e-01     0.1074    97.3509     7.4523     7.8095    31.7732    31.7795    25.2802    25.2853    7.54258 0.0000e+00
       3193     49.130     3.3461     3.3438   2.931393   2.931929     2.7156     2.6838      8.174     0.3731     2.1614 1.0827e-01     0.1088    97.3161     7.4524     7.8129    31.7740    31.7827    25.2809    25.2880    7.54258 0.0000e+00
       3196     49.191     3.3457     3.3422   2.931624   2.932016     2.7156     2.6838      8.174     0.3731     2.1614 1.0827e-01     0.1092    97.3074     7.4508     7.8170    31.7772    31.7853    25.2835    25.2902    7.54250 0.0000e+00
       3199     49.251     3.3436     3.3405   2.931784   2.932024     2.7160     2.6830      8.174     0.3731     2.1614 1.0827e-01     0.1088    97.3161     7.4504     7.8184    31.7811    31.7870    25.2868    25.2918    7.54270 0.0000e+00
       3202     49.312     3.3417     3.3393   2.931836   2.932021     2.7152     2.6826      8.174     0.3731     2.1614 1.0827e-01     0.1088    97.3161     7.4470     7.8172    31.7836    31.7881    25.2889    25.2927    7.54294 0.0000e+00
       3205     49.374     3.3402     3.3377   2.931853   2.932015     2.7168     2.6834      8.174     0.3536     2.2798 1.0827e-01     0.1088    97.3161     7.4508     7.8208    31.7851    31.7896    25.2903    25.2941    7.54313 0.0000e+00
       3208     49.434     3.3389     3.3364   2.931859   2.932008     2.7176     2.6826      8.174     0.3634     2.2798 1.0827e-01     0.1092    97.3074     7.4530     7.8199    31.7865    31.7908    25.2915    25.2951    7.54331 0.0000e+00
       3211     49.497     3.3381     3.3348   2.931837   2.932053     2.7164     2.6826      8.174     0.3634     2.2798 1.0827e-01     0.1081    97.3335     7.4474     7.8231    31.7870    31.7927    25.2920    25.2968    7.54344 0.0000e+00
       3214     49.560     3.3375     3.3338   2.931826   2.932008     2.7156     2.6834      8.174     0.3634     2.2798 1.0827e-01     0.1038    97.4377     7.4441     7.8291    31.7874    31.7932    25.2923    25.2973    7.54353 0.0000e+00
       3217     49.622     3.3367     3.3329   2.931855   2.931986     2.7168     2.6834      8.174     0.3585     2.2798 1.0827e-01     0.1042    97.4291     7.4478     7.8345    31.7885    31.7938    25.2933    25.2978    7.54363 0.0000e+00
       3220     49.681     3.3355     3.3321   2.931845   2.931976     2.7168     2.6838      8.174     0.3634     2.2798 1.0827e-01     0.1042    97.4291     7.4461     7.8420    31.7895    31.7944    25.2942    25.2984    7.54381 0.0000e+00
       3223     49.744     3.3345     3.3312   2.931821   2.931953     2.7156     2.6830      8.174     0.3536     2.2798 1.0827e-01     0.1038    97.4377     7.4413     7.8433    31.7902    31.7950    25.2948    25.2989    7.54397 0.0000e+00
       3226     49.806     3.3332     3.3307   2.931800   2.931943     2.7160     2.6826      8.174     0.3634     2.2798 1.0827e-01     0.1038    97.4377     7.4413     7.8440    31.7912    31.7953    25.2957    25.2993    7.54415 0.0000e+00
