Datasets/AZMP/COO001/79001076.cnv
* Sea-Bird SBE 9 Data File:
* FileName = C:\CTDDATA\79001076.hex
* Software Version Seasave V 7.26.7.110
* Temperature SN = 5660
* Conductivity SN = 3698
* Number of Bytes Per Scan = 30
* Number of Voltage Words = 4
* Number of Scans Averaged by the Deck Unit = 1
* NMEA baud rate = 9600
** VESSEL/TRIP/SEQ STN:  79001076
** LATITUDE XX XX.XX N:  48 13.05 N
** LONGITUDE XX XX.XX W:  53 32.75 W
** SOUNDING DEPTH (M):  0242
** PROBE TYPE: S1257
** CTD NUMBER: 043
** COMMENTS (14 CHAR): SS-04
** BOTTLES:  0
** LEVELS:
** STICKERS:
** VNET: N
** DO2: N
# nquan = 22
# nvalues = 7092                        
# units = specified
# name 0 = scan: Scan Count
# name 1 = prDM: Pressure, Digiquartz [db]
# name 2 = t090C: Temperature [ITS-90, deg C]
# name 3 = t190C: Temperature, 2 [ITS-90, deg C]
# name 4 = c0S/m: Conductivity [S/m]
# name 5 = c1S/m: Conductivity, 2 [S/m]
# name 6 = sbeox0V: Oxygen raw, SBE 43 [V]
# name 7 = sbeox1V: Oxygen raw, SBE 43, 2 [V]
# name 8 = ph: pH
# name 9 = flECO-AFL: Fluorescence, WET Labs ECO-AFL/FL [mg/m^3]
# name 10 = wetCDOM: Fluorescence, WET Labs CDOM [mg/m^3]
# name 11 = par/sat/log: PAR/Logarithmic, Satlantic [umol photons/m^2/sec]
# name 12 = CStarAt0: Beam Attenuation, WET Labs C-Star [1/m]
# name 13 = CStarTr0: Beam Transmission, WET Labs C-Star [%]
# name 14 = sbeox0ML/L: Oxygen, SBE 43 [ml/l], WS = 2
# name 15 = sbeox1ML/L: Oxygen, SBE 43, 2 [ml/l], WS = 2
# name 16 = sal00: Salinity, Practical [PSU]
# name 17 = sal11: Salinity, Practical, 2 [PSU]
# name 18 = sigma-t00: Density [sigma-t, kg/m^3 ]
# name 19 = sigma-t11: Density, 2 [sigma-t, kg/m^3 ]
# name 20 = oxsatML/L: Oxygen Saturation, Weiss [ml/l]
# name 21 = flag: flag
# span 0 =        353,      23859       
# span 1 =      0.256,    237.064       
# span 2 =    -0.0088,     3.4972       
# span 3 =    -0.0107,     3.5005       
# span 4 =   2.739264,   2.932779       
# span 5 =   2.739327,   2.933708       
# span 6 =     2.1978,     2.7599       
# span 7 =     2.1684,     2.7163       
# span 8 =      7.971,      8.183       
# span 9 =     0.0068,     0.7150       
# span 10 =    -1.1549,     4.2932      
# span 11 = 1.0790e-01, 1.3934e+02      
# span 12 =     0.0786,     1.3533      
# span 13 =    71.3337,    98.0547      
# span 14 =     6.2492,     7.7195      
# span 15 =     6.5104,     7.9318      
# span 16 =    31.2233,    33.5727      
# span 17 =    31.1982,    33.5737      
# span 18 =    24.8342,    26.9196      
# span 19 =    24.8140,    26.9201      
# span 20 =    7.52180,    8.15928      
# span 21 = 0.0000e+00, 0.0000e+00      
# interval = scans: 3                   
# start_time = Dec 01 2019 13:23:55 [System UTC, header]
# bad_flag = -9.990e-29
*END*
[from data line 1120]
       3713     66.775     3.2970     3.2947   2.929855   2.930147     2.7351     2.6911      8.162     0.3878     2.2798 1.0790e-01     0.1067    97.3682     7.5314     7.8660    31.7946    31.8004    25.3017    25.3065    7.55082 0.0000e+00
       3716     66.847     3.2963     3.2942   2.930008   2.930265     2.7347     2.6911      8.162     0.3927     2.2798 1.0790e-01     0.1056    97.3943     7.5299     7.8655    31.7972    31.8023    25.3038    25.3080    7.55084 0.0000e+00
       3719     66.918     3.2957     3.2933   2.930089   2.930248     2.7347     2.6911      8.162     0.3829     2.2798 1.0790e-01     0.1060    97.3856     7.5287     7.8628    31.7987    31.8029    25.3050    25.3086    7.55087 0.0000e+00
       3722     66.987     3.2950     3.2916   2.930076   2.930179     2.7355     2.6907      8.160     0.4171     2.1614 1.0790e-01     0.1060    97.3856     7.5316     7.8607    31.7992    31.8037    25.3055    25.3094    7.55098 0.0000e+00
       3725     67.057     3.2932     3.2896   2.929929   2.930069     2.7351     2.6899      8.162     0.4220     2.1614 1.0790e-01     0.1060    97.3856     7.5315     7.8559    31.7991    31.8043    25.3055    25.3100    7.55132 0.0000e+00
       3728     67.127     3.2912     3.2876   2.929821   2.930058     2.7351     2.6903      8.162     0.4220     2.1614 1.0790e-01     0.1056    97.3943     7.5306     7.8561    31.7997    31.8061    25.3062    25.3116    7.55166 0.0000e+00
       3731     67.199     3.2897     3.2869   2.929807   2.930221     2.7351     2.6903      8.160     0.4171     2.1614 1.0790e-01     0.1067    97.3682     7.5304     7.8555    31.8010    31.8087    25.3074    25.3137    7.55188 0.0000e+00
       3734     67.271     3.2884     3.2889   2.929866   2.930596     2.7351     2.6895      8.162     0.4220     2.1614 1.0790e-01     0.1038    97.4377     7.5303     7.8520    31.8030    31.8113    25.3090    25.3156    7.55203 0.0000e+00
       3737     67.338     3.2878     3.2914   2.929946   2.930850     2.7347     2.6899      8.160     0.4220     2.1614 1.0790e-01     0.1035    97.4464     7.5285     7.8521    31.8045    31.8118    25.3103    25.3158    7.55207 0.0000e+00
       3740     67.407     3.2881     3.2930   2.930259   2.930994     2.7343     2.6895      8.160     0.4171     2.1614 1.0790e-01     0.1035    97.4464     7.5267     7.8504    31.8079    31.8119    25.3130    25.3157    7.55184 0.0000e+00
       3743     67.476     3.2899     3.2939   2.930625   2.931054     2.7343     2.6887      8.160     0.4220     2.1219 1.0790e-01     0.1028    97.4638     7.5249     7.8499    31.8105    31.8117    25.3149    25.3156    7.55137 0.0000e+00
       3746     67.544     3.2919     3.2941   2.930784   2.931078     2.7351     2.6887      8.160     0.4024     2.1219 1.0790e-01     0.1035    97.4464     7.5260     7.8527    31.8104    31.8118    25.3146    25.3156    7.55100 0.0000e+00
       3749     67.611     3.2931     3.2931   2.930841   2.930974     2.7351     2.6887      8.160     0.3536     2.1614 1.0790e-01     0.1028    97.4638     7.5254     7.8526    31.8099    31.8114    25.3141    25.3154    7.55080 0.0000e+00
       3752     67.677     3.2937     3.2913   2.930804   2.930891     2.7331     2.6887      8.160     0.3634     2.1614 1.0790e-01     0.1038    97.4377     7.5194     7.8530    31.8088    31.8123    25.3133    25.3162    7.55074 0.0000e+00
       3755     67.742     3.2931     3.2897   2.930711   2.930836     2.7339     2.6887      8.160     0.3536     2.1614 1.0790e-01     0.1052    97.4030     7.5219     7.8552    31.8083    31.8131    25.3129    25.3170    7.55088 0.0000e+00
       3758     67.810     3.2921     3.2885   2.930645   2.930834     2.7339     2.6883      8.160     0.3634     2.1614 1.0790e-01     0.1056    97.3943     7.5220     7.8563    31.8084    31.8142    25.3131    25.3180    7.55106 0.0000e+00
       3761     67.876     3.2909     3.2876   2.930625   2.930847     2.7339     2.6879      8.160     0.3634     2.1614 1.0790e-01     0.1052    97.4030     7.5217     7.8559    31.8093    31.8152    25.3139    25.3189    7.55124 0.0000e+00
       3764     67.942     3.2899     3.2871   2.930664   2.930848     2.7339     2.6883      8.160     0.3585     2.1614 1.0790e-01     0.1052    97.4030     7.5215     7.8602    31.8107    31.8157    25.3151    25.3193    7.55136 0.0000e+00
       3767     68.006     3.2891     3.2870   2.930652   2.930849     2.7335     2.6883      8.160     0.3634     2.1614 1.0802e-01     0.1052    97.4030     7.5192     7.8614    31.8113    31.8158    25.3157    25.3193    7.55148 0.0000e+00
       3770     68.071     3.2885     3.2868   2.930644   2.930853     2.7331     2.6879      8.163     0.3585     2.1614 1.0790e-01     0.1056    97.3943     7.5186     7.8604    31.8118    31.8160    25.3161    25.3195    7.55157 0.0000e+00
       3773     68.134     3.2883     3.2861   2.930660   2.930828     2.7331     2.6875      8.162     0.3634     2.0824 1.0790e-01     0.1042    97.4291     7.5209     7.8600    31.8121    31.8163    25.3164    25.3199    7.55159 0.0000e+00
       3776     68.197     3.2877     3.2851   2.930644   2.930698     2.7339     2.6875      8.162     0.3731     2.0429 1.0790e-01     0.1013    97.4986     7.5244     7.8592    31.8125    31.8157    25.3167    25.3195    7.55168 0.0000e+00
       3779     68.259     3.2873     3.2841   2.930648   2.930750     2.7327     2.6879      8.160     0.3780     2.0429 1.0802e-01     0.1013    97.4986     7.5200     7.8593    31.8129    31.8173    25.3170    25.3208    7.55174 0.0000e+00
       3782     68.321     3.2868     3.2833   2.930600   2.930760     2.7323     2.6875      8.160     0.3683     2.0429 1.0790e-01     0.1013    97.4986     7.5186     7.8575    31.8128    31.8182    25.3171    25.3216    7.55184 0.0000e+00
       3785     68.384     3.2860     3.2829   2.930587   2.930752     2.7327     2.6875      8.160     0.3683     2.0429 1.0815e-01     0.1013    97.4986     7.5210     7.8562    31.8134    31.8184    25.3176    25.3219    7.55197 0.0000e+00
       3788     68.450     3.2851     3.2824   2.930593   2.930768     2.7318     2.6875      8.160     0.3731     2.0429 1.0802e-01     0.1013    97.4986     7.5195     7.8544    31.8143    31.8191    25.3184    25.3224    7.55209 0.0000e+00
       3791     68.511     3.2845     3.2798   2.930594   2.930624     2.7323     2.6875      8.160     0.3780     2.0429 1.0815e-01     0.1013    97.4986     7.5212     7.8546    31.8149    31.8199    25.3189    25.3233    7.55217 0.0000e+00
       3794     68.572     3.2839     3.2717   2.930590   2.930622     2.7331     2.6875      8.160     0.3731     2.0429 1.0790e-01     0.1024    97.4725     7.5237     7.8550    31.8154    31.8278    25.3193    25.3303    7.55226 0.0000e+00
       3797     68.633     3.2832     3.2624   2.930550   2.930604     2.7323     2.6875      8.160     0.3731     2.0429 1.0815e-01     0.1024    97.4725     7.5207     7.8534    31.8156    31.8367    25.3195    25.3382    7.55238 0.0000e+00
       3800     68.694     3.2790     3.2558   2.930471   2.930638     2.7323     2.6862      8.160     0.3536     2.1219 1.0815e-01     0.1024    97.4725     7.5222     7.8470    31.8187    31.8436    25.3224    25.3442    7.55301 0.0000e+00
       3803     68.754     3.2720     3.2521   2.930440   2.930734     2.7327     2.6862      8.160     0.3390     2.1614 1.0802e-01     0.1024    97.4725     7.5253     7.8448    31.8252    31.8483    25.3282    25.3484    7.55402 0.0000e+00
       3806     68.813     3.2655     3.2498   2.930471   2.930753     2.7314     2.6862      8.162     0.3390     2.1614 1.0790e-01     0.1024    97.4725     7.5212     7.8430    31.8320    31.8508    25.3342    25.3505    7.55492 0.0000e+00
       3809     68.872     3.2598     3.2481   2.930557   2.930794     2.7327     2.6862      8.162     0.3390     2.1614 1.0790e-01     0.1024    97.4725     7.5250     7.8409    31.8386    31.8529    25.3399    25.3524    7.55566 0.0000e+00
       3812     68.930     3.2552     3.2465   2.930567   2.930836     2.7318     2.6862      8.162     0.3390     2.1614 1.0790e-01     0.1028    97.4638     7.5216     7.8400    31.8431    31.8550    25.3439    25.3542    7.55629 0.0000e+00
       3815     68.989     3.2523     3.2453   2.930590   2.930859     2.7314     2.6858      8.160     0.3390     2.1614 1.0802e-01     0.1024    97.4725     7.5186     7.8390    31.8463    31.8564    25.3467    25.3554    7.55669 0.0000e+00
       3818     69.047     3.2503     3.2447   2.930603   2.930858     2.7310     2.6850      8.160     0.3438     2.1614 1.0790e-01     0.1024    97.4725     7.5159     7.8378    31.8484    31.8570    25.3485    25.3559    7.55696 0.0000e+00
       3821     69.105     3.2488     3.2439   2.930612   2.930875     2.7323     2.6850      8.160     0.3438     2.1614 1.0802e-01     0.1024    97.4725     7.5225     7.8407    31.8499    31.8579    25.3499    25.3567    7.55717 0.0000e+00
       3824     69.165     3.2479     3.2435   2.930635   2.930895     2.7310     2.6846      8.160     0.3390     2.1614 1.0790e-01     0.1024    97.4725     7.5189     7.8422    31.8510    31.8585    25.3509    25.3572    7.55728 0.0000e+00
       3827     69.220     3.2472     3.2433   2.930659   2.930895     2.7310     2.6846      8.160     0.3341     2.0429 1.0827e-01     0.1024    97.4725     7.5198     7.8436    31.8519    31.8586    25.3517    25.3574    7.55736 0.0000e+00
       3830     69.279     3.2465     3.2431   2.930659   2.930897     2.7310     2.6838      8.160     0.3292     2.0429 1.0790e-01     0.1024    97.4725     7.5210     7.8429    31.8527    31.8588    25.3523    25.3575    7.55747 0.0000e+00
       3833     69.338     3.2458     3.2422   2.930695   2.930893     2.7302     2.6838      8.163     0.3292     2.0429 1.0802e-01     0.1020    97.4812     7.5205     7.8461    31.8538    31.8597    25.3532    25.3583    7.55755 0.0000e+00
       3836     69.391     3.2452     3.2406   2.930703   2.930926     2.7302     2.6838      8.160     0.3292     2.0429 1.0802e-01     0.0985    97.5681     7.5224     7.8491    31.8545    31.8616    25.3538    25.3600    7.55763 0.0000e+00
       3839     69.448     3.2443     3.2390   2.930717   2.930878     2.7298     2.6838      8.160     0.3292     2.0429 1.0790e-01     0.0988    97.5594     7.5201     7.8509    31.8554    31.8626    25.3547    25.3609    7.55774 0.0000e+00
       3842     69.507     3.2436     3.2358   2.930688   2.930782     2.7298     2.6838      8.160     0.3243     2.0429 1.0790e-01     0.0981    97.5768     7.5205     7.8529    31.8558    31.8646    25.3550    25.3627    7.55786 0.0000e+00
       3845     69.566     3.2427     3.2320   2.930729   2.930616     2.7310     2.6838      8.160     0.3243     2.0429 1.0790e-01     0.0992    97.5507     7.5251     7.8555    31.8571    31.8663    25.3562    25.3644    7.55797 0.0000e+00
       3848     69.624     3.2411     3.2275   2.930686   2.930442     2.7306     2.6838      8.162     0.3341     2.0429 1.0790e-01     0.0988    97.5594     7.5263     7.8577    31.8581    31.8685    25.3571    25.3666    7.55821 0.0000e+00
       3851     69.679     3.2393     3.2222   2.930617   2.930261     2.7302     2.6838      8.160     0.3341     2.0429 1.0790e-01     0.0992    97.5507     7.5249     7.8596    31.8590    31.8716    25.3580    25.3695    7.55851 0.0000e+00
       3854     69.732     3.2368     3.2176   2.930479   2.930075     2.7306     2.6838      8.160     0.3194     2.1614 1.0790e-01     0.0981    97.5768     7.5257     7.8600    31.8599    31.8739    25.3589    25.3717    7.55895 0.0000e+00
       3857     69.789     3.2336     3.2142   2.930327   2.929947     2.7314     2.6838      8.160     0.3097     2.1614 1.0790e-01     0.0960    97.6289     7.5295     7.8596    31.8611    31.8757    25.3601    25.3734    7.55949 0.0000e+00
       3860     69.845     3.2295     3.2123   2.930132   2.929892     2.7294     2.6830      8.160     0.3145     2.1614 1.0790e-01     0.0960    97.6289     7.5228     7.8564    31.8628    31.8768    25.3618    25.3746    7.56018 0.0000e+00
       3863     69.902     3.2250     3.2100   2.929921   2.929812     2.7294     2.6830      8.160     0.3145     2.1614 1.0790e-01     0.0960    97.6289     7.5227     7.8566    31.8647    31.8781    25.3637    25.3757    7.56093 0.0000e+00
       3866     69.959     3.2208     3.2076   2.929809   2.929737     2.7298     2.6826      8.160     0.3194     2.1614 1.0790e-01     0.0960    97.6289     7.5235     7.8550    31.8674    31.8795    25.3663    25.3771    7.56160 0.0000e+00
       3869     70.017     3.2171     3.2051   2.929715   2.929646     2.7302     2.6834      8.160     0.3145     2.1614 1.0790e-01     0.0960    97.6289     7.5246     7.8565    31.8699    31.8809    25.3686    25.3784    7.56218 0.0000e+00
       3872     70.075     3.2141     3.2031   2.929686   2.929610     2.7302     2.6830      8.160     0.3145     2.1614 1.0790e-01     0.0960    97.6289     7.5245     7.8540    31.8725    31.8824    25.3709    25.3798    7.56262 0.0000e+00
       3875     70.131     3.2118     3.2016   2.929597   2.929556     2.7286     2.6826      8.160     0.3048     2.1614 1.0790e-01     0.0989    97.5594     7.5202     7.8548    31.8737    31.8832    25.3721    25.3805    7.56299 0.0000e+00
       3878     70.187     3.2095     3.2006   2.929516   2.929534     2.7290     2.6826      8.162     0.3145     2.0035 1.0790e-01     0.1003    97.5247     7.5223     7.8577    31.8749    31.8839    25.3733    25.3812    7.56336 0.0000e+00
       3881     70.244     3.2076     3.2004   2.929467   2.929520     2.7298     2.6826      8.162     0.3145     1.9245 1.0790e-01     0.1003    97.5247     7.5274     7.8610    31.8762    31.8839    25.3744    25.3812    7.56366 0.0000e+00
       3884     70.302     3.2059     3.1999   2.929436   2.929489     2.7290     2.6826      8.160     0.3097     1.9245 1.0790e-01     0.1003    97.5247     7.5270     7.8632    31.8775    31.8840    25.3756    25.3813    7.56392 0.0000e+00
       3887     70.357     3.2044     3.1995   2.929397   2.929496     2.7290     2.6826      8.160     0.3194     1.9245 1.0790e-01     0.1003    97.5247     7.5255     7.8645    31.8785    31.8844    25.3765    25.3817    7.56416 0.0000e+00
       3890     70.412     3.2031     3.1993   2.929366   2.929458     2.7294     2.6822      8.160     0.3097     1.9245 1.0790e-01     0.1003    97.5247     7.5272     7.8649    31.8793    31.8841    25.3773    25.3815    7.56435 0.0000e+00
       3893     70.474     3.2024     3.1988   2.929359   2.929447     2.7282     2.6814      8.160     0.3194     1.9245 1.0790e-01     0.1003    97.5247     7.5252     7.8668    31.8799    31.8845    25.3779    25.3818    7.56447 0.0000e+00
       3896     70.535     3.2016     3.1986   2.929331   2.929478     2.7286     2.6818      8.160     0.3145     1.9245 1.0790e-01     0.0939    97.6810     7.5292     7.8731    31.8803    31.8851    25.3782    25.3823    7.56459 0.0000e+00
       3899     70.591     3.2010     3.1983   2.929312   2.929479     2.7290     2.6826      8.162     0.3048     1.9245 1.0790e-01     0.0928    97.7071     7.5322     7.8806    31.8806    31.8853    25.3785    25.3825    7.56469 0.0000e+00
       3902     70.647     3.2003     3.1974   2.929272   2.929421     2.7290     2.6826      8.160     0.3194     1.9245 1.0790e-01     0.0928    97.7071     7.5297     7.8838    31.8808    31.8855    25.3788    25.3827    7.56481 0.0000e+00
       3905     70.702     3.1995     3.1964   2.929265   2.929404     2.7290     2.6826      8.160     0.2853     1.9245 1.0790e-01     0.0931    97.6984     7.5293     7.8865    31.8815    31.8863    25.3793    25.3834    7.56493 0.0000e+00
