Datasets/AZMP/HUD120/hud120_2020_074.cnv
* Sea-Bird SBE 9 Data File:
* FileName = C:\CTDDATA\hud120_2020_074.hex
* Software Version Seasave V 7.26.7.110
* Temperature SN = 1697
* Conductivity SN = 4216
* Number of Bytes Per Scan = 30
* Number of Voltage Words = 4
* Number of Scans Averaged by the Deck Unit = 1
* NMEA baud rate = 4800
** VESSEL/TRIP/SEQ STN:  hud120_2020_074
** LATITUDE XX XX.XX: 47 00.00 N
** LONGITUDE XX XX.XX: 050 40.00 W
** SOUNDING DEPTH (M): 0177
** PROBE TYPE: S1146
** CTD NUMBER: 053
** FORMAT: V
** COMMENTS (14 CHAR): FC-08
** BOTTLES:  0
** LEVELS:
** STICKERS:
** VNET: N
** DO2: N
# nquan = 22
# nvalues = 2598                        
# units = specified
# name 0 = scan: Scan Count
# name 1 = prDM: Pressure, Digiquartz [db]
# name 2 = t090C: Temperature [ITS-90, deg C]
# name 3 = t190C: Temperature, 2 [ITS-90, deg C]
# name 4 = c0S/m: Conductivity [S/m]
# name 5 = c1S/m: Conductivity, 2 [S/m]
# name 6 = sbeox0V: Oxygen raw, SBE 43 [V]
# name 7 = sbeox1V: Oxygen raw, SBE 43, 2 [V]
# name 8 = ph: pH
# name 9 = flECO-AFL: Fluorescence, WET Labs ECO-AFL/FL [mg/m^3]
# name 10 = wetCDOM: Fluorescence, WET Labs CDOM [mg/m^3]
# name 11 = par/sat/log: PAR/Logarithmic, Satlantic [umol photons/m^2/sec]
# name 12 = CStarAt0: Beam Attenuation, WET Labs C-Star [1/m]
# name 13 = CStarTr0: Beam Transmission, WET Labs C-Star [%]
# name 14 = sbeox0ML/L: Oxygen, SBE 43 [ml/l], WS = 2
# name 15 = sbeox1ML/L: Oxygen, SBE 43, 2 [ml/l], WS = 2
# name 16 = sal00: Salinity, Practical [PSU]
# name 17 = sal11: Salinity, Practical, 2 [PSU]
# name 18 = sigma-t00: Density [sigma-t, kg/m^3 ]
# name 19 = sigma-t11: Density, 2 [sigma-t, kg/m^3 ]
# name 20 = oxsatML/L: Oxygen Saturation, Weiss [ml/l]
# name 21 = flag: flag
# span 0 =         80,      10778       
# span 1 =      2.339,    171.927       
# span 2 =    -0.3355,     6.7138       
# span 3 =    -0.3407,     6.7101       
# span 4 =   2.734714,   3.212470       
# span 5 =   2.734264,   3.211979       
# span 6 =     1.7895,     2.2080       
# span 7 =     2.1147,     2.6303       
# span 8 =      7.910,      8.165       
# span 9 =     1.1088,     3.7035       
# span 10 =    -2.4972,   482.1870      
# span 11 = 1.0605e-01, 4.4564e-01      
# span 12 =     0.1249,     0.5575      
# span 13 =    86.9899,    96.9252      
# span 14 =     6.1705,     7.0331      
# span 15 =     6.2363,     7.2851      
# span 16 =    31.7752,    33.0267      
# span 17 =    31.7676,    33.0263      
# span 18 =    24.9181,    26.5285      
# span 19 =    24.9126,    26.5284      
# span 20 =    6.95048,    8.22770      
# span 21 = 0.0000e+00, 0.0000e+00      
# interval = scans: 3                   
# start_time = Nov 26 2020 03:03:10 [System UTC, header]
# bad_flag = -9.990e-29
*END*
[from data line 132]
        830     14.272     6.6955     6.6891   3.209596   3.208880     2.1990     2.5682      8.163     3.5814     7.7279 1.0752e-01     0.1364    96.6471     6.8667     6.8999    31.7821    31.7803    24.9244    24.9237    6.95346 0.0000e+00
        833     14.370     6.6950     6.6892   3.209560   3.208894     2.1986     2.5694      8.163     3.4592     7.7279 1.0752e-01     0.1364    96.6471     6.8662     6.9136    31.7822    31.7802    24.9245    24.9237    6.95354 0.0000e+00
        836     14.479     6.6946     6.6898   3.209516   3.208972     2.1978     2.5702      8.163     3.1641     7.7279 1.0752e-01     0.1364    96.6471     6.8640     6.9254    31.7820    31.7805    24.9244    24.9238    6.95362 0.0000e+00
        839     14.599     6.6944     6.6893   3.209549   3.208923     2.1986     2.5710      8.163     3.1947     9.6624 1.0740e-01     0.1386    96.5949     6.8677     6.9395    31.7826    31.7804    24.9248    24.9237    6.95363 0.0000e+00
        842     14.734     6.6948     6.6889   3.209554   3.208902     2.1990     2.5723      8.163     3.1845    11.7943 1.0740e-01     0.1389    96.5862     6.8696     6.9543    31.7821    31.7805    24.9244    24.9239    6.95358 0.0000e+00
        845     14.882     6.6942     6.6889   3.209496   3.208893     2.1982     2.5731      8.163     3.1845    11.6758 1.0740e-01     0.1389    96.5862     6.8675     6.9654    31.7819    31.7803    24.9244    24.9237    6.95368 0.0000e+00
        848     15.045     6.6947     6.6890   3.209591   3.208897     2.1990     2.5751      8.163     3.1845    11.7153 1.0752e-01     0.1389    96.5862     6.8708     6.9803    31.7825    31.7802    24.9248    24.9236    6.95359 0.0000e+00
        851     15.221     6.6951     6.6895   3.209643   3.209005     2.1982     2.5763      8.163     3.1845    11.6758 1.0740e-01     0.1389    96.5862     6.8668     6.9900    31.7826    31.7808    24.9248    24.9240    6.95351 0.0000e+00
        854     15.410     6.6972     6.6905   3.209863   3.209069     2.1982     2.5771      8.163     3.1743    11.6758 1.0752e-01     0.1389    96.5862     6.8677     6.9979    31.7830    31.7805    24.9248    24.9237    6.95315 0.0000e+00
        857     15.608     6.6979     6.6899   3.209880   3.209026     2.1978     2.5792      8.163     3.1845    11.7548 1.0740e-01     0.1389    96.5862     6.8664     7.0101    31.7824    31.7805    24.9242    24.9238    6.95306 0.0000e+00
        860     15.821     6.6976     6.6896   3.209850   3.209023     2.1982     2.5812      8.164     3.0420    11.6758 1.0740e-01     0.1372    96.6297     6.8679     7.0206    31.7823    31.7806    24.9242    24.9239    6.95312 0.0000e+00
        863     16.042     6.6976     6.6934   3.209840   3.209336     2.1982     2.5836      8.163     2.9403    11.7153 1.0752e-01     0.1375    96.6210     6.8666     7.0302    31.7820    31.7804    24.9240    24.9233    6.95312 0.0000e+00
        866     16.274     6.6960     6.6941   3.209678   3.209392     2.1978     2.5845      8.163     2.9403   368.7242 1.0740e-01     0.1368    96.6384     6.8662     7.0340    31.7816    31.7803    24.9239    24.9231    6.95340 0.0000e+00
        869     16.517     6.6940     6.6909   3.209549   3.209112     2.1986     2.5861      8.163     2.9403   481.9896 1.0752e-01     0.1368    96.6384     6.8695     7.0403    31.7820    31.7801    24.9244    24.9233    6.95371 0.0000e+00
        872     16.767     6.6927     6.6889   3.209459   3.208977     2.1978     2.5889      8.163     2.9301   481.0421 1.0727e-01     0.1368    96.6384     6.8673     7.0480    31.7821    31.7803    24.9247    24.9238    6.95393 0.0000e+00
        875     17.017     6.6921     6.6880   3.209429   3.208927     2.1982     2.5901      8.163     2.9301   481.3579 1.0727e-01     0.1368    96.6384     6.8709     7.0500    31.7821    31.7805    24.9248    24.9240    6.95401 0.0000e+00
        878     17.272     6.6924     6.6880   3.209493   3.208934     2.1982     2.5918      8.163     2.9505   481.3579 1.0715e-01     0.1372    96.6297     6.8717     7.0501    31.7825    31.7805    24.9250    24.9240    6.95395 0.0000e+00
        881     17.522     6.6929     6.6887   3.209535   3.209010     2.1978     2.5938      8.163     2.9505   481.3579 1.0715e-01     0.1368    96.6384     6.8682     7.0492    31.7824    31.7805    24.9249    24.9239    6.95389 0.0000e+00
        884     17.771     6.6928     6.6891   3.209518   3.209041     2.1978     2.5946      8.163     2.9403   481.3579 1.0715e-01     0.1372    96.6297     6.8673     7.0455    31.7821    31.7804    24.9247    24.9238    6.95390 0.0000e+00
        887     18.014     6.6931     6.6890   3.209575   3.209064     2.1978     2.5959      8.164     2.9607   481.3579 1.0727e-01     0.1368    96.6384     6.8677     7.0435    31.7824    31.7806    24.9249    24.9240    6.95385 0.0000e+00
        890     18.247     6.6933     6.6893   3.209574   3.209098     2.1978     2.5979      8.163     2.9607   441.9973 1.0715e-01     0.1368    96.6384     6.8671     7.0452    31.7821    31.7805    24.9246    24.9239    6.95383 0.0000e+00
        893     18.474     6.6937     6.6913   3.209666   3.209302     2.1974     2.5991      8.163     2.9607    26.3620 1.0715e-01     0.1368    96.6384     6.8644     7.0409    31.7826    31.7809    24.9250    24.9239    6.95373 0.0000e+00
        896     18.689     6.6965     6.6947   3.209919   3.209563     2.1978     2.5995      8.163     2.9810     7.7279 1.0715e-01     0.1368    96.6384     6.8671     7.0353    31.7827    31.7805    24.9246    24.9232    6.95327 0.0000e+00
        899     18.897     6.6968     6.6934   3.209821   3.209380     2.1986     2.6007      8.163     2.9709     8.9912 1.0715e-01     0.1393    96.5775     6.8708     7.0353    31.7813    31.7795    24.9235    24.9226    6.95330 0.0000e+00
        902     19.089     6.6948     6.6905   3.209765   3.209233     2.1974     2.6007      8.163     2.9912     8.9123 1.0715e-01     0.1396    96.5689     6.8683     7.0311    31.7823    31.7805    24.9246    24.9237    6.95356 0.0000e+00
        905     19.266     6.6969     6.6912   3.209993   3.209351     2.1966     2.6016      8.163     2.9709     8.9123 1.0727e-01     0.1400    96.5602     6.8663     7.0289    31.7829    31.7811    24.9248    24.9241    6.95321 0.0000e+00
        908     19.423     6.6970     6.6934   3.209954   3.209529     2.1978     2.6028      8.163     2.9607     8.9123 1.0715e-01     0.1393    96.5775     6.8708     7.0286    31.7823    31.7809    24.9243    24.9237    6.95322 0.0000e+00
        911     19.565     6.6978     6.6939   3.210111   3.209490     2.1974     2.6036      8.163     3.0115     8.9123 1.0715e-01     0.1393    96.5775     6.8701     7.0284    31.7832    31.7800    24.9249    24.9229    6.95304 0.0000e+00
        914     19.685     6.7006     6.6923   3.210294   3.209369     2.1970     2.6044      8.162     3.1438     8.9518 1.0715e-01     0.1404    96.5515     6.8692     7.0275    31.7825    31.7801    24.9240    24.9232    6.95261 0.0000e+00
        917     19.788     6.7018     6.6940   3.210350   3.209558     2.1970     2.6044      8.162     3.1336     8.1227 1.0715e-01     0.1400    96.5602     6.8703     7.0249    31.7820    31.7806    24.9234    24.9233    6.95244 0.0000e+00
        920     19.874     6.7015     6.6964   3.210306   3.209729     2.1978     2.6056      8.162     3.1336     6.2277 1.0715e-01     0.1389    96.5862     6.8742     7.0248    31.7817    31.7802    24.9233    24.9227    6.95250 0.0000e+00
        923     19.942     6.7016     6.6972   3.210312   3.209772     2.1974     2.6068      8.162     3.1336     6.3067 1.0715e-01     0.1389    96.5862     6.8743     7.0255    31.7817    31.7799    24.9233    24.9224    6.95249 0.0000e+00
        926     19.996     6.7018     6.6972   3.210326   3.209812     2.1982     2.6068      8.162     3.1133     6.3067 1.0715e-01     0.1389    96.5862     6.8800     7.0218    31.7816    31.7802    24.9232    24.9227    6.95246 0.0000e+00
        929     20.032     6.7014     6.6969   3.210290   3.209763     2.1974     2.6068      8.162     3.1235     6.3067 1.0715e-01     0.1389    96.5862     6.8766     7.0167    31.7816    31.7800    24.9232    24.9225    6.95253 0.0000e+00
        996     20.072     6.7008     6.6960   3.210298   3.209691     2.1966     2.6077      8.162     3.3575   323.0075 1.0715e-01     0.1375    96.6210     6.8657     6.9897    31.7822    31.7800    24.9237    24.9227    6.95259 0.0000e+00
       1031     20.156     6.7007     6.6947   3.210302   3.209597     2.1962     2.6077      8.162     3.4389   481.3579 1.0715e-01     0.1368    96.6384     6.8622     6.9780    31.7823    31.7802    24.9238    24.9229    6.95261 0.0000e+00
       1034     20.249     6.7000     6.6941   3.210239   3.209559     2.1970     2.6081      8.162     3.4491   481.3579 1.0715e-01     0.1368    96.6384     6.8665     6.9812    31.7822    31.7803    24.9238    24.9231    6.95273 0.0000e+00
       1037     20.356     6.7004     6.6940   3.210255   3.209559     2.1962     2.6077      8.162     3.4389   481.3579 1.0715e-01     0.1368    96.6384     6.8636     6.9835    31.7820    31.7802    24.9236    24.9231    6.95267 0.0000e+00
       1040     20.475     6.7002     6.6939   3.210232   3.209561     2.1966     2.6081      8.162     3.4491   481.3579 1.0715e-01     0.1393    96.5776     6.8656     6.9887    31.7818    31.7804    24.9235    24.9232    6.95271 0.0000e+00
       1043     20.606     6.6997     6.6950   3.210233   3.209665     2.1974     2.6081      8.162     3.2558   481.3579 1.0715e-01     0.1400    96.5602     6.8704     6.9905    31.7822    31.7804    24.9239    24.9230    6.95277 0.0000e+00
       1046     20.747     6.7004     6.6965   3.210307   3.209818     2.1970     2.6077      8.162     3.0624   481.3579 1.0715e-01     0.1400    96.5602     6.8691     6.9917    31.7823    31.7806    24.9239    24.9230    6.95265 0.0000e+00
       1049     20.898     6.7016     6.6977   3.210433   3.209914     2.1966     2.6077      8.162     3.0522   171.5264 1.0715e-01     0.1400    96.5602     6.8660     6.9933    31.7826    31.7805    24.9239    24.9228    6.95245 0.0000e+00
       1052     21.064     6.7024     6.6986   3.210467   3.209997     2.1974     2.6081      8.162     3.0726     1.2928 1.0715e-01     0.1400    96.5602     6.8687     6.9966    31.7821    31.7805    24.9234    24.9226    6.95234 0.0000e+00
       1055     21.241     6.7025     6.6986   3.210491   3.209975     2.1974     2.6081      8.162     3.0726     7.0568 1.0715e-01     0.1400    96.5602     6.8664     6.9971    31.7822    31.7802    24.9235    24.9224    6.95233 0.0000e+00
       1058     21.428     6.7025     6.6983   3.210490   3.209972     2.1958     2.6081      8.162     3.0726     6.7804 1.0715e-01     0.1404    96.5515     6.8572     6.9978    31.7821    31.7803    24.9234    24.9226    6.95232 0.0000e+00
       1061     21.625     6.7022     6.6970   3.210490   3.209831     2.1970     2.6097      8.162     3.0522     6.7804 1.0715e-01     0.1411    96.5341     6.8598     7.0045    31.7823    31.7799    24.9236    24.9224    6.95236 0.0000e+00
       1064     21.833     6.7029     6.6957   3.210611   3.209802     2.1966     2.6093      8.162     3.0726     6.7804 1.0715e-01     0.1411    96.5341     6.8554     7.0035    31.7828    31.7807    24.9240    24.9232    6.95222 0.0000e+00
       1067     22.052     6.7039     6.6985   3.210627   3.210015     2.1966     2.6085      8.164     3.0624     6.7804 1.0715e-01     0.1411    96.5341     6.8541     7.0007    31.7820    31.7804    24.9232    24.9226    6.95210 0.0000e+00
       1070     22.276     6.7030     6.6981   3.210564   3.209969     2.1962     2.6093      8.162     2.9708     6.7804 1.0715e-01     0.1411    96.5341     6.8534     7.0060    31.7820    31.7801    24.9233    24.9225    6.95224 0.0000e+00
       1073     22.506     6.7022     6.6975   3.210523   3.209959     2.1958     2.6093      8.162     2.9403     6.6620 1.0715e-01     0.1411    96.5341     6.8498     7.0072    31.7822    31.7804    24.9236    24.9228    6.95236 0.0000e+00
       1076     22.743     6.7030     6.6998   3.210607   3.210147     2.1958     2.6097      8.162     2.9301     2.3193 1.0715e-01     0.1411    96.5341     6.8489     7.0090    31.7823    31.7802    24.9236    24.9223    6.95224 0.0000e+00
       1079     22.985     6.7070     6.7037   3.210977   3.210479     2.1954     2.6093      8.162     2.9505     1.8850 1.0715e-01     0.1415    96.5254     6.8469     7.0077    31.7826    31.7802    24.9232    24.9217    6.95157 0.0000e+00
       1082     23.229     6.7105     6.7067   3.211241   3.210746     2.1950     2.6097      8.162     2.9301     1.9245 1.0715e-01     0.1411    96.5341     6.8468     7.0080    31.7821    31.7802    24.9224    24.9214    6.95102 0.0000e+00
       1085     23.472     6.7112     6.7073   3.211300   3.210770     2.1950     2.6101      8.162     2.9403     1.9245 1.0715e-01     0.1411    96.5341     6.8488     7.0101    31.7819    31.7798    24.9222    24.9210    6.95091 0.0000e+00
       1088     23.722     6.7112     6.7069   3.211323   3.210792     2.1950     2.6093      8.162     2.9403     1.9245 1.0715e-01     0.1411    96.5341     6.8520     7.0098    31.7821    31.7802    24.9223    24.9214    6.95090 0.0000e+00
       1091     23.967     6.7111     6.7069   3.211318   3.210785     2.1954     2.6101      8.162     2.9505     1.9245 1.0715e-01     0.1411    96.5341     6.8551     7.0139    31.7820    31.7801    24.9222    24.9213    6.95092 0.0000e+00
       1094     24.202     6.7112     6.7065   3.211343   3.210783     2.1945     2.6117      8.162     2.9403     1.9245 1.0715e-01     0.1411    96.5341     6.8550     7.0179    31.7821    31.7803    24.9223    24.9215    6.95091 0.0000e+00
       1097     24.431     6.7111     6.7071   3.211362   3.210835     2.1941     2.6117      8.162     2.9912     1.9245 1.0715e-01     0.1411    96.5341     6.8534     7.0168    31.7823    31.7802    24.9225    24.9213    6.95091 0.0000e+00
       1100     24.660     6.7114     6.7074   3.211374   3.210886     2.1941     2.6113      8.162     3.0014     3.8590 1.0715e-01     0.1407    96.5428     6.8559     7.0144    31.7820    31.7804    24.9222    24.9214    6.95087 0.0000e+00
       1103     24.879     6.7111     6.7070   3.211362   3.210870     2.1941     2.6117      8.162     2.9912    11.9916 1.0715e-01     0.1389    96.5862     6.8582     7.0141    31.7820    31.7805    24.9223    24.9216    6.95092 0.0000e+00
       1106     25.089     6.7102     6.7069   3.211346   3.210844     2.1950     2.6113      8.162     3.0115    11.7943 1.0715e-01     0.1396    96.5689     6.8622     7.0106    31.7826    31.7802    24.9229    24.9214    6.95104 0.0000e+00
       1109     25.288     6.7099     6.7064   3.211253   3.210823     2.1958     2.6121      8.162     3.0014    11.8732 1.0715e-01     0.1400    96.5602     6.8665     7.0128    31.7818    31.7804    24.9223    24.9216    6.95113 0.0000e+00
       1112     25.470     6.7077     6.7057   3.211105   3.210772     2.1945     2.6121      8.162     2.9912    11.8732 1.0715e-01     0.1393    96.5775     6.8638     7.0103    31.7821    31.7803    24.9228    24.9216    6.95147 0.0000e+00
       1115     25.642     6.7070     6.7050   3.211053   3.210715     2.1945     2.6126      8.162     3.0115    11.8337 1.0715e-01     0.1400    96.5602     6.8650     7.0082    31.7821    31.7802    24.9229    24.9216    6.95159 0.0000e+00
       1118     25.799     6.7072     6.7034   3.211091   3.210577     2.1945     2.6117      8.162     3.0115    11.8732 1.0715e-01     0.1396    96.5689     6.8662     7.0043    31.7823    31.7802    24.9230    24.9218    6.95155 0.0000e+00
