Datasets/AZMP/HUD120/hud120_2020_071.cnv
* Sea-Bird SBE 9 Data File:
* FileName = C:\CTDDATA\hud120_2020_071.hex
* Software Version Seasave V 7.26.7.110
* Temperature SN = 1697
* Conductivity SN = 4216
* Number of Bytes Per Scan = 30
* Number of Voltage Words = 4
* Number of Scans Averaged by the Deck Unit = 1
* NMEA baud rate = 4800
** VESSEL/TRIP/SEQ STN:  hud120_2020_071
** LATITUDE XX XX.XX: 47 00.00 N
** LONGITUDE XX XX.XX: 048 37.00 W
** SOUNDING DEPTH (M): 0109
** PROBE TYPE: S1146
** CTD NUMBER: 050
** FORMAT: V
** COMMENTS (14 CHAR): FC-11
** BOTTLES:  0
** LEVELS:
** STICKERS:
** VNET: N
** DO2: N
# nquan = 22
# nvalues = 1502                        
# units = specified
# name 0 = scan: Scan Count
# name 1 = prDM: Pressure, Digiquartz [db]
# name 2 = t090C: Temperature [ITS-90, deg C]
# name 3 = t190C: Temperature, 2 [ITS-90, deg C]
# name 4 = c0S/m: Conductivity [S/m]
# name 5 = c1S/m: Conductivity, 2 [S/m]
# name 6 = sbeox0V: Oxygen raw, SBE 43 [V]
# name 7 = sbeox1V: Oxygen raw, SBE 43, 2 [V]
# name 8 = ph: pH
# name 9 = flECO-AFL: Fluorescence, WET Labs ECO-AFL/FL [mg/m^3]
# name 10 = wetCDOM: Fluorescence, WET Labs CDOM [mg/m^3]
# name 11 = par/sat/log: PAR/Logarithmic, Satlantic [umol photons/m^2/sec]
# name 12 = CStarAt0: Beam Attenuation, WET Labs C-Star [1/m]
# name 13 = CStarTr0: Beam Transmission, WET Labs C-Star [%]
# name 14 = sbeox0ML/L: Oxygen, SBE 43 [ml/l], WS = 2
# name 15 = sbeox1ML/L: Oxygen, SBE 43, 2 [ml/l], WS = 2
# name 16 = sal00: Salinity, Practical [PSU]
# name 17 = sal11: Salinity, Practical, 2 [PSU]
# name 18 = sigma-t00: Density [sigma-t, kg/m^3 ]
# name 19 = sigma-t11: Density, 2 [sigma-t, kg/m^3 ]
# name 20 = oxsatML/L: Oxygen Saturation, Weiss [ml/l]
# name 21 = flag: flag
# span 0 =        105,       7964       
# span 1 =      2.426,     98.838       
# span 2 =    -0.5873,     4.7753       
# span 3 =    -0.5927,     4.7703       
# span 4 =   2.707934,   3.076571       
# span 5 =   2.707514,   3.076108       
# span 6 =     1.8660,     2.2202       
# span 7 =     2.2120,     2.6273       
# span 8 =      7.963,      8.147       
# span 9 =     1.0579,     4.7922       
# span 10 =    -2.8130,   482.1870      
# span 11 = 1.0715e-01, 1.3711e+02      
# span 12 =     0.0906,     0.6731      
# span 13 =    84.5126,    97.7597      
# span 14 =     6.4950,     7.3083      
# span 15 =     6.3626,     7.4526      
# span 16 =    32.0884,    33.3508      
# span 17 =    32.0841,    33.3513      
# span 18 =    25.3922,    26.7874      
# span 19 =    25.3896,    26.7880      
# span 20 =    7.26530,    8.28451      
# span 21 = 0.0000e+00, 0.0000e+00      
# interval = scans: 3                   
# start_time = Nov 25 2020 16:33:50 [System UTC, header]
# bad_flag = -9.990e-29
*END*
[from data line 461]
       2547     64.731    -0.2169    -0.2199   2.726115   2.725801     1.9010     2.2486      8.016     1.2818   481.3579 1.0715e-01     0.1849    95.4823     6.9981     7.1710    32.8428    32.8419    26.3748    26.3742    8.21190 0.0000e+00
       2550     64.945    -0.2049    -0.2075   2.727430   2.726955     1.9026     2.2498      8.017     1.2716   481.3579 1.0715e-01     0.1839    95.5084     7.0044     7.1804    32.8471    32.8437    26.3778    26.3751    8.20901 0.0000e+00
       2553     65.149    -0.2071    -0.2132   2.727068   2.726611     1.9031     2.2523      8.017     1.2716   356.6831 1.0715e-01     0.1806    95.5866     7.0107     7.1970    32.8446    32.8451    26.3759    26.3765    8.20965 0.0000e+00
       2556     65.341    -0.2311    -0.2389   2.725014   2.724713     1.9039     2.2535      8.014     1.2818     8.5569 1.0715e-01     0.1809    95.5779     7.0223     7.2117    32.8431    32.8476    26.3757    26.3796    8.21501 0.0000e+00
       2559     65.526    -0.2547    -0.2623   2.723476   2.723086     1.9051     2.2551      8.013     1.2818    19.6506 1.0715e-01     0.1809    95.5779     7.0298     7.2264    32.8480    32.8511    26.3807    26.3835    8.21992 0.0000e+00
       2562     65.702    -0.2693    -0.2761   2.722570   2.722106     1.9059     2.2571      8.015     1.2716    19.0979 1.0715e-01     0.1806    95.5866     7.0302     7.2328    32.8517    32.8529    26.3843    26.3855    8.22294 0.0000e+00
       2565     65.862    -0.2832    -0.2890   2.721483   2.721050     1.9067     2.2579      8.015     1.2716    19.0979 1.0715e-01     0.1806    95.5866     7.0321     7.2309    32.8521    32.8527    26.3852    26.3859    8.22596 0.0000e+00
       2568     66.012    -0.2985    -0.3042   2.720276   2.719882     1.9063     2.2588      8.016     1.2615    19.0979 1.0715e-01     0.1802    95.5953     7.0257     7.2287    32.8525    32.8535    26.3862    26.3872    8.22932 0.0000e+00
       2571     66.147    -0.3145    -0.3180   2.719185   2.718850     1.9071     2.2604      8.016     1.3021    19.0979 1.0715e-01     0.1737    95.7518     7.0237     7.2265    32.8552    32.8544    26.3891    26.3886    8.23271 0.0000e+00
       2574     66.267    -0.3275    -0.3306   2.718265   2.717932     1.9067     2.2616      8.016     1.3428    19.0979 1.0715e-01     0.1675    95.8995     7.0168     7.2228    32.8569    32.8558    26.3910    26.3903    8.23547 0.0000e+00
       2577     66.373    -0.3358    -0.3401   2.717854   2.717374     1.9083     2.2624      8.016     1.3632    19.0979 1.0715e-01     0.1682    95.8822     7.0209     7.2178    32.8604    32.8585    26.3942    26.3929    8.23712 0.0000e+00
       2580     66.466    -0.3396    -0.3455   2.717577   2.717150     1.9079     2.2641      8.016     1.3734   267.0262 1.0715e-01     0.1682    95.8822     7.0139     7.2171    32.8607    32.8614    26.3946    26.3954    8.23794 0.0000e+00
       2583     66.545    -0.3442    -0.3491   2.717348   2.717110     1.9083     2.2649      8.016     1.3530   481.8712 1.0715e-01     0.1682    95.8822     7.0109     7.2097    32.8626    32.8647    26.3963    26.3982    8.23885 0.0000e+00
       2586     66.609    -0.3504    -0.3508   2.717455   2.717215     1.9087     2.2645      8.016     1.3530   481.0026 1.0715e-01     0.1682    95.8822     7.0122     7.1984    32.8707    32.8679    26.4031    26.4009    8.23976 0.0000e+00
       2589     66.658    -0.3526    -0.3291   2.717671   2.719261     1.9092     2.2661      8.016     1.3632   481.3579 1.0715e-01     0.1682    95.8822     7.0138     7.1903    32.8759    32.8717    26.4074    26.4030    8.23994 0.0000e+00
       2592     66.692    -0.3345    -0.2288   2.719250   2.726173     1.9092     2.2661      8.015     1.3632   481.3579 1.0715e-01     0.1552    96.1951     7.0088     7.1589    32.8773    32.8553    26.4078    26.3854    8.23586 0.0000e+00
       2674     66.734    -0.3057    -0.1714   2.721307   2.730029     1.9104     2.2628      8.016     1.3123   161.3803 1.0715e-01     0.1418    96.5167     6.9892     7.0674    32.8736    32.8445    26.4035    26.3742    8.22972 0.0000e+00
       2716     66.839    -0.3008    -0.1926   2.721100   2.728195     1.9120     2.2600      8.018     1.3123    13.4129 1.0715e-01     0.1368    96.6384     6.9858     7.0397    32.8655    32.8429    26.3968    26.3738    8.22910 0.0000e+00
       2719     66.954    -0.3005    -0.2823   2.720398   2.721016     1.9112     2.2608      8.018     1.3021    13.0971 1.0715e-01     0.1361    96.6558     6.9793     7.0722    32.8557    32.8443    26.3889    26.3789    8.22958 0.0000e+00
       2722     67.074    -0.3341    -0.3518   2.718282   2.717268     1.9120     2.2612      8.018     1.3123    13.1760 1.0715e-01     0.1368    96.6384     6.9879     7.0928    32.8638    32.8694    26.3969    26.4021    8.23655 0.0000e+00
       2725     67.198    -0.3411    -0.3681   2.717746   2.716142     1.9124     2.2604      8.018     1.3123    13.1760 1.0715e-01     0.1368    96.6384     6.9891     7.0958    32.8641    32.8719    26.3974    26.4049    8.23806 0.0000e+00
       2728     67.325    -0.3671    -0.3863   2.715533   2.714730     1.9132     2.2600      8.018     1.2716    13.0971 1.0715e-01     0.1368    96.6384     6.9998     7.1028    32.8627    32.8728    26.3973    26.4064    8.24389 0.0000e+00
       2731     67.453    -0.4041    -0.4152   2.713386   2.712956     1.9120     2.2612      8.015     1.1902    13.1760 1.0715e-01     0.1368    96.6384     7.0050     7.1164    32.8740    32.8803    26.4081    26.4137    8.25145 0.0000e+00
       2734     67.580    -0.4232    -0.4324   2.712596   2.712087     1.9132     2.2612      8.013     1.1800    13.1365 1.0715e-01     0.1357    96.6645     7.0188     7.1207    32.8841    32.8873    26.4170    26.4199    8.25511 0.0000e+00
       2737     67.708    -0.4318    -0.4392   2.712143   2.711674     1.9120     2.2620      8.013     1.1902   244.2468 1.0715e-01     0.1353    96.6732     7.0151     7.1313    32.8873    32.8891    26.4199    26.4217    8.25684 0.0000e+00
       2740     67.841    -0.4397    -0.4460   2.711643   2.711171     1.9120     2.2628      8.013     1.1902   482.1870 1.0727e-01     0.1357    96.6645     7.0125     7.1387    32.8891    32.8896    26.4218    26.4224    8.25849 0.0000e+00
       2743     67.971    -0.4490    -0.4560   2.711101   2.710599     1.9120     2.2628      8.013     1.1902   481.0421 1.0715e-01     0.1353    96.6732     7.0131     7.1389    32.8919    32.8928    26.4243    26.4253    8.26040 0.0000e+00
       2746     68.104    -0.4571    -0.4643   2.710734   2.710198     1.9124     2.2620      8.013     1.1902   481.3184 1.0715e-01     0.1353    96.6732     7.0133     7.1403    32.8956    32.8963    26.4277    26.4285    8.26198 0.0000e+00
       2749     68.235    -0.4630    -0.4690   2.710441   2.709950     1.9124     2.2612      8.013     1.1902   481.2395 1.0715e-01     0.1357    96.6645     7.0130     7.1416    32.8981    32.8980    26.4300    26.4301    8.26317 0.0000e+00
       2752     68.363    -0.4664    -0.4721   2.710295   2.709775     1.9128     2.2624      8.013     1.1902   481.3184 1.0715e-01     0.1339    96.7079     7.0187     7.1468    32.8998    32.8990    26.4315    26.4311    8.26383 0.0000e+00
       2755     68.491    -0.4682    -0.4736   2.710240   2.709705     1.9136     2.2624      8.013     1.2105   481.3579 1.0715e-01     0.1303    96.7948     7.0292     7.1445    32.9008    32.8996    26.4324    26.4316    8.26416 0.0000e+00
       2758     68.620    -0.4689    -0.4743   2.710198   2.709680     1.9136     2.2624      8.013     1.2309   481.3579 1.0715e-01     0.1303    96.7948     7.0332     7.1434    32.9009    32.8999    26.4325    26.4319    8.26430 0.0000e+00
       2761     68.746    -0.4694    -0.4748   2.710190   2.709606     1.9132     2.2637      8.013     1.2513   481.3579 1.0715e-01     0.1303    96.7948     7.0353     7.1485    32.9013    32.8993    26.4329    26.4315    8.26440 0.0000e+00
       2764     68.872    -0.4701    -0.4755   2.710135   2.709607     1.9124     2.2628      8.013     1.2411   114.7161 1.0715e-01     0.1303    96.7948     7.0311     7.1453    32.9013    32.9001    26.4329    26.4322    8.26456 0.0000e+00
       2767     68.999    -0.4711    -0.4767   2.710080   2.709543     1.9128     2.2633      8.013     1.2411     6.8594 1.0715e-01     0.1303    96.7948     7.0338     7.1516    32.9016    32.9005    26.4331    26.4324    8.26477 0.0000e+00
       2770     69.124    -0.4727    -0.4780   2.709970   2.709420     1.9132     2.2641      8.013     1.2411    11.6758 1.0715e-01     0.1303    96.7948     7.0321     7.1574    32.9017    32.9002    26.4333    26.4323    8.26510 0.0000e+00
       2773     69.247    -0.4749    -0.4800   2.709839   2.709325     1.9128     2.2649      8.013     1.2411    11.4784 1.0715e-01     0.1299    96.8035     7.0287     7.1585    32.9024    32.9010    26.4339    26.4330    8.26557 0.0000e+00
       2776     69.369    -0.4759    -0.4814   2.709783   2.709240     1.9141     2.2645      8.014     1.2513    11.5179 1.0715e-01     0.1296    96.8122     7.0340     7.1546    32.9025    32.9013    26.4341    26.4333    8.26577 0.0000e+00
       2779     69.491    -0.4803    -0.4850   2.709435   2.708932     1.9145     2.2637      8.014     1.2513    11.5179 1.0715e-01     0.1292    96.8209     7.0345     7.1530    32.9026    32.9010    26.4344    26.4332    8.26675 0.0000e+00
       2782     69.617    -0.4875    -0.4926   2.709106   2.708591     1.9145     2.2645      8.014     1.1902    11.5179 1.0715e-01     0.1292    96.8209     7.0375     7.1572    32.9060    32.9046    26.4374    26.4365    8.26816 0.0000e+00
       2785     69.739    -0.4929    -0.4982   2.708930   2.708379     1.9141     2.2645      8.014     1.1800    11.5179 1.0715e-01     0.1292    96.8209     7.0398     7.1565    32.9094    32.9078    26.4403    26.4393    8.26917 0.0000e+00
       2788     69.864    -0.4980    -0.5035   2.708767   2.708205     1.9145     2.2645      8.014     1.1902    52.2208 1.0715e-01     0.1292    96.8209     7.0421     7.1561    32.9127    32.9111    26.4432    26.4421    8.27012 0.0000e+00
       2791     69.993    -0.5019    -0.5074   2.708657   2.708103     1.9145     2.2653      8.014     1.1800   457.7100 1.0715e-01     0.1292    96.8209     7.0399     7.1573    32.9154    32.9139    26.4456    26.4446    8.27084 0.0000e+00
       2794     70.122    -0.5060    -0.5110   2.708460   2.707955     1.9136     2.2649      8.014     1.1800   481.5553 1.0715e-01     0.1253    96.9165     7.0354     7.1564    32.9171    32.9158    26.4471    26.4462    8.27165 0.0000e+00
       2797     70.255    -0.5095    -0.5154   2.708386   2.707828     1.9145     2.2649      8.014     1.1902   481.2000 1.0715e-01     0.1242    96.9426     7.0375     7.1580    32.9198    32.9187    26.4494    26.4488    8.27226 0.0000e+00
       2800     70.392    -0.5119    -0.5172   2.708359   2.707804     1.9141     2.2657      8.012     1.1902   481.2790 1.0715e-01     0.1242    96.9426     7.0309     7.1622    32.9220    32.9203    26.4512    26.4501    8.27267 0.0000e+00
       2803     70.533    -0.5128    -0.5184   2.708373   2.707799     1.9141     2.2661      8.014     1.1902   481.3579 1.0715e-01     0.1242    96.9426     7.0305     7.1633    32.9231    32.9215    26.4522    26.4511    8.27282 0.0000e+00
       2806     70.675    -0.5140    -0.5194   2.708346   2.707792     1.9141     2.2661      8.014     1.2004   481.3184 1.0715e-01     0.1245    96.9339     7.0327     7.1603    32.9239    32.9224    26.4530    26.4519    8.27303 0.0000e+00
       2809     70.820    -0.5147    -0.5202   2.708345   2.707793     1.9153     2.2653      8.014     1.2207   481.3579 1.0715e-01     0.1238    96.9513     7.0393     7.1574    32.9246    32.9232    26.4535    26.4526    8.27315 0.0000e+00
       2812     70.967    -0.5153    -0.5208   2.708359   2.707775     1.9145     2.2657      8.014     1.2411   481.2790 1.0727e-01     0.1249    96.9252     7.0352     7.1592    32.9254    32.9235    26.4541    26.4528    8.27325 0.0000e+00
       2815     71.114    -0.5163    -0.5215   2.708355   2.707815     1.9149     2.2661      8.012     1.2411   339.1149 1.0715e-01     0.1260    96.8992     7.0389     7.1604    32.9263    32.9247    26.4550    26.4539    8.27342 0.0000e+00
       2818     71.266    -0.5164    -0.5220   2.708368   2.707810     1.9153     2.2665      8.014     1.2411     1.8850 1.0715e-01     0.1260    96.8992     7.0378     7.1626    32.9265    32.9251    26.4551    26.4542    8.27343 0.0000e+00
       2821     71.418    -0.5169    -0.5224   2.708368   2.707810     1.9145     2.2661      8.014     1.2411    13.4523 1.0715e-01     0.1260    96.8992     7.0312     7.1607    32.9270    32.9254    26.4555    26.4545    8.27352 0.0000e+00
       2824     71.573    -0.5172    -0.5226   2.708377   2.707829     1.9141     2.2661      8.014     1.2309    13.0181 1.0715e-01     0.1260    96.8992     7.0295     7.1600    32.9273    32.9259    26.4558    26.4548    8.27356 0.0000e+00
       2827     71.732    -0.5174    -0.5227   2.708400   2.707823     1.9145     2.2661      8.014     1.2411    13.0576 1.0715e-01     0.1260    96.8992     7.0296     7.1591    32.9277    32.9257    26.4561    26.4547    8.27358 0.0000e+00
       2830     71.884    -0.5173    -0.5228   2.708410   2.707871     1.9149     2.2661      8.012     1.2309    13.0576 1.0715e-01     0.1260    96.8992     7.0292     7.1585    32.9277    32.9264    26.4560    26.4552    8.27355 0.0000e+00
       2833     72.035    -0.5178    -0.5232   2.708426   2.707861     1.9145     2.2669      8.012     1.2207    13.0576 1.0715e-01     0.1256    96.9079     7.0221     7.1606    32.9284    32.9266    26.4567    26.4555    8.27364 0.0000e+00
       2836     72.185    -0.5188    -0.5243   2.708415   2.707889     1.9149     2.2673      8.011     1.1800    13.0576 1.0715e-01     0.1238    96.9513     7.0236     7.1585    32.9292    32.9282    26.4574    26.4568    8.27382 0.0000e+00
       2839     72.337    -0.5194    -0.5250   2.708441   2.707881     1.9145     2.2665      8.014     1.1800    12.9786 1.0715e-01     0.1238    96.9513     7.0222     7.1546    32.9301    32.9286    26.4581    26.4572    8.27388 0.0000e+00
       2842     72.487    -0.5196    -0.5251   2.708468   2.707903     1.9141     2.2673      8.014     1.1800   280.2517 1.0715e-01     0.1242    96.9426     7.0210     7.1553    32.9306    32.9290    26.4586    26.4574    8.27391 0.0000e+00
       2845     72.633    -0.5200    -0.5256   2.708458   2.707899     1.9145     2.2673      8.012     1.1800   481.6343 1.0715e-01     0.1242    96.9426     7.0252     7.1538    32.9308    32.9294    26.4587    26.4578    8.27398 0.0000e+00
       2848     72.778    -0.5208    -0.5271   2.708435   2.707867     1.9149     2.2673      8.011     1.1800   480.9237 1.0715e-01     0.1242    96.9426     7.0266     7.1542    32.9312    32.9305    26.4591    26.4587    8.27413 0.0000e+00
       2851     72.921    -0.5223    -0.5287   2.708412   2.707811     1.9145     2.2661      8.012     1.1902   481.3184 1.0715e-01     0.1242    96.9426     7.0223     7.1498    32.9325    32.9314    26.4602    26.4596    8.27439 0.0000e+00
       2854     73.062    -0.5238    -0.5299   2.708348   2.707799     1.9141     2.2669      8.011     1.1800   481.3184 1.0715e-01     0.1249    96.9252     7.0203     7.1518    32.9332    32.9325    26.4608    26.4605    8.27469 0.0000e+00
       2857     73.196    -0.5246    -0.5303   2.708353   2.707809     1.9132     2.2661      8.009     1.1800   481.2790 1.0715e-01     0.1245    96.9339     7.0169     7.1485    32.9340    32.9329    26.4615    26.4609    8.27482 0.0000e+00
