Datasets/AZMP/HUD120/hud120_2020_090.cnv
* Sea-Bird SBE 9 Data File:
* FileName = C:\CTDDATA\hud120_2020_090.hex
* Software Version Seasave V 7.26.7.110
* Temperature SN = 1697
* Conductivity SN = 4216
* Number of Bytes Per Scan = 30
* Number of Voltage Words = 4
* Number of Scans Averaged by the Deck Unit = 1
* NMEA baud rate = 4800
** VESSEL/TRIP/SEQ STN:  hud120_2020_090
** LATITUDE XX XX.XX: 49 01.50 N
** LONGITUDE XX XX.XX: 052 04.00 W
** SOUNDING DEPTH (M): 0296
** PROBE TYPE: S1146
** CTD NUMBER: 067
** FORMAT: V
** COMMENTS (14 CHAR): BB-05
** BOTTLES:  11
** LEVELS: 5,10,20,30,40,50,75,100,150,250,BTM
** STICKERS: 439966 - 439976
** VNET: Y
** DO2: N
# nquan = 22
# nvalues = 6790                        
# units = specified
# name 0 = scan: Scan Count
# name 1 = prDM: Pressure, Digiquartz [db]
# name 2 = t090C: Temperature [ITS-90, deg C]
# name 3 = t190C: Temperature, 2 [ITS-90, deg C]
# name 4 = c0S/m: Conductivity [S/m]
# name 5 = c1S/m: Conductivity, 2 [S/m]
# name 6 = sbeox0V: Oxygen raw, SBE 43 [V]
# name 7 = sbeox1V: Oxygen raw, SBE 43, 2 [V]
# name 8 = ph: pH
# name 9 = flECO-AFL: Fluorescence, WET Labs ECO-AFL/FL [mg/m^3]
# name 10 = wetCDOM: Fluorescence, WET Labs CDOM [mg/m^3]
# name 11 = par/sat/log: PAR/Logarithmic, Satlantic [umol photons/m^2/sec]
# name 12 = CStarAt0: Beam Attenuation, WET Labs C-Star [1/m]
# name 13 = CStarTr0: Beam Transmission, WET Labs C-Star [%]
# name 14 = sbeox0ML/L: Oxygen, SBE 43 [ml/l], WS = 2
# name 15 = sbeox1ML/L: Oxygen, SBE 43, 2 [ml/l], WS = 2
# name 16 = sal00: Salinity, Practical [PSU]
# name 17 = sal11: Salinity, Practical, 2 [PSU]
# name 18 = sigma-t00: Density [sigma-t, kg/m^3 ]
# name 19 = sigma-t11: Density, 2 [sigma-t, kg/m^3 ]
# name 20 = oxsatML/L: Oxygen Saturation, Weiss [ml/l]
# name 21 = flag: flag
# span 0 =        129,      48772       
# span 1 =      0.297,    286.684       
# span 2 =    -0.3681,     2.2216       
# span 3 =    -0.3741,     2.2171       
# span 4 =   2.214127,   3.051768       
# span 5 =   2.233772,   3.051223       
# span 6 =     1.8221,     2.2102       
# span 7 =     2.1464,     2.6101       
# span 8 =      8.025,      8.145       
# span 9 =     0.8850,     4.6599       
# span 10 =    -2.8130,   482.1870      
# span 11 = 1.0629e-01, 8.7062e-01      
# span 12 =     0.0874,     0.3502      
# span 13 =    91.6229,    97.8379      
# span 14 =     6.1665,     8.1160      
# span 15 =     6.2557,     7.9734      
# span 16 =    24.7854,    34.2716      
# span 17 =    25.0136,    34.2699      
# span 18 =    19.8158,    27.3704      
# span 19 =    19.9987,    27.3695      
# span 20 =    7.63115,    8.26198      
# span 21 = 0.0000e+00, 0.0000e+00      
# interval = scans: 3                   
# start_time = Nov 28 2020 04:11:40 [System UTC, header]
# bad_flag = -9.990e-29
*END*
[from data line 725]
       2679     46.552     1.5747     1.5696   2.855977   2.855416     2.1714     2.5804      8.136     3.9477    12.6628 1.0715e-01     0.1552    96.1951     7.7679     7.8852    32.6369    32.6352    26.1087    26.1076    7.84479 0.0000e+00
       2682     46.648     1.5748     1.5701   2.856016   2.855556     2.1718     2.5808      8.136     3.9578    12.6233 1.0715e-01     0.1552    96.1951     7.7680     7.8881    32.6373    32.6364    26.1090    26.1086    7.84476 0.0000e+00
       2685     46.740     1.5751     1.5703   2.856063   2.855560     2.1718     2.5812      8.136     3.9375    12.5838 1.0715e-01     0.1577    96.1342     7.7681     7.8906    32.6375    32.6361    26.1091    26.1083    7.84469 0.0000e+00
       2688     46.829     1.5753     1.5706   2.856091   2.855594     2.1714     2.5804      8.136     3.9375    12.5838 1.0715e-01     0.1595    96.0908     7.7656     7.8864    32.6376    32.6362    26.1092    26.1084    7.84464 0.0000e+00
       2691     46.923     1.5758     1.5708   2.856185   2.855688     2.1706     2.5808      8.136     4.0189    12.6628 1.0715e-01     0.1599    96.0821     7.7626     7.8874    32.6382    32.6371    26.1097    26.1091    7.84451 0.0000e+00
       2694     47.017     1.5764     1.5714   2.856272   2.855768     2.1714     2.5800      8.136     4.1104    94.0686 1.0715e-01     0.1595    96.0908     7.7640     7.8859    32.6386    32.6374    26.1099    26.1093    7.84436 0.0000e+00
       2697     47.106     1.5768     1.5722   2.856344   2.855840     2.1714     2.5804      8.136     4.1003   475.9888 1.0715e-01     0.1595    96.0908     7.7635     7.8892    32.6391    32.6375    26.1103    26.1093    7.84427 0.0000e+00
       2700     47.195     1.5768     1.5724   2.856365   2.855874     2.1714     2.5800      8.136     4.1003   481.3974 1.0715e-01     0.1595    96.0908     7.7683     7.8896    32.6393    32.6377    26.1105    26.1095    7.84425 0.0000e+00
       2703     47.283     1.5771     1.5724   2.856419   2.855894     2.1714     2.5808      8.136     4.1104   481.2395 1.0715e-01     0.1595    96.0908     7.7694     7.8916    32.6396    32.6378    26.1107    26.1096    7.84417 0.0000e+00
       2706     47.367     1.5775     1.5728   2.856461   2.855941     2.1710     2.5796      8.136     4.1003   481.2790 1.0715e-01     0.1559    96.1777     7.7653     7.8874    32.6397    32.6380    26.1108    26.1097    7.84409 0.0000e+00
       2709     47.450     1.5778     1.5731   2.856491   2.856005     2.1718     2.5804      8.136     4.1104   481.3184 1.0715e-01     0.1552    96.1951     7.7695     7.8927    32.6397    32.6384    26.1107    26.1100    7.84402 0.0000e+00
       2712     47.530     1.5783     1.5733   2.856570   2.856046     2.1710     2.5800      8.136     4.1003   481.3184 1.0715e-01     0.1552    96.1951     7.7630     7.8932    32.6402    32.6387    26.1111    26.1102    7.84391 0.0000e+00
       2715     47.605     1.5792     1.5740   2.856695   2.856141     2.1714     2.5804      8.136     4.1003   481.2790 1.0715e-01     0.1552    96.1951     7.7639     7.8946    32.6407    32.6391    26.1114    26.1105    7.84368 0.0000e+00
       2718     47.674     1.5799     1.5750   2.856788   2.856238     2.1706     2.5804      8.136     4.0494   481.2790 1.0715e-01     0.1552    96.1951     7.7582     7.8948    32.6411    32.6393    26.1117    26.1105    7.84352 0.0000e+00
       2721     47.740     1.5815     1.5756   2.856904   2.856324     2.1718     2.5808      8.136     4.0290   481.3184 1.0715e-01     0.1552    96.1951     7.7652     7.8951    32.6409    32.6398    26.1115    26.1109    7.84321 0.0000e+00
       2724     47.804     1.5826     1.5771   2.857046   2.856467     2.1726     2.5804      8.136     4.0392   481.3579 1.0715e-01     0.1556    96.1864     7.7699     7.8937    32.6414    32.6399    26.1118    26.1109    7.84295 0.0000e+00
       2727     47.863     1.5836     1.5783   2.857134   2.856584     2.1718     2.5804      8.136     4.0494   481.3579 1.0715e-01     0.1584    96.1168     7.7689     7.8914    32.6416    32.6402    26.1118    26.1110    7.84275 0.0000e+00
       2730     47.920     1.5841     1.5790   2.857204   2.856658     2.1706     2.5804      8.136     4.0392   481.3579 1.0715e-01     0.1584    96.1168     7.7629     7.8909    32.6419    32.6403    26.1121    26.1111    7.84264 0.0000e+00
       2733     47.974     1.5843     1.5794   2.857248   2.856699     2.1706     2.5808      8.136     4.0392   481.3184 1.0715e-01     0.1584    96.1168     7.7626     7.8916    32.6421    32.6403    26.1122    26.1111    7.84257 0.0000e+00
       2736     48.024     1.5845     1.5798   2.857261   2.856738     2.1701     2.5808      8.136     4.0392   481.2790 1.0715e-01     0.1580    96.1255     7.7588     7.8932    32.6422    32.6404    26.1122    26.1112    7.84254 0.0000e+00
       2739     48.073     1.5848     1.5799   2.857283   2.856748     2.1714     2.5804      8.136     4.0290   481.3184 1.0715e-01     0.1577    96.1342     7.7644     7.8917    32.6421    32.6403    26.1122    26.1111    7.84249 0.0000e+00
       2742     48.118     1.5850     1.5800   2.857294   2.856777     2.1710     2.5800      8.136     4.0494   481.3184 1.0715e-01     0.1584    96.1168     7.7603     7.8908    32.6420    32.6406    26.1121    26.1113    7.84244 0.0000e+00
       2745     48.161     1.5853     1.5802   2.857343   2.856807     2.1718     2.5804      8.136     4.1613   481.3184 1.0727e-01     0.1580    96.1255     7.7629     7.8922    32.6422    32.6408    26.1122    26.1115    7.84236 0.0000e+00
       2748     48.208     1.5858     1.5806   2.857379   2.856852     2.1714     2.5804      8.136     4.1613   137.2586 1.0715e-01     0.1563    96.1690     7.7664     7.8921    32.6421    32.6409    26.1121    26.1115    7.84227 0.0000e+00
       2751     48.251     1.5863     1.5815   2.857469   2.856926     2.1722     2.5796      8.136     4.1613    -2.6156 1.0715e-01     0.1563    96.1690     7.7727     7.8880    32.6427    32.6409    26.1126    26.1115    7.84214 0.0000e+00
       2754     48.293     1.5874     1.5827   2.857566   2.857062     2.1714     2.5804      8.136     4.1613    -0.1284 1.0715e-01     0.1563    96.1690     7.7692     7.8925    32.6428    32.6413    26.1126    26.1117    7.84192 0.0000e+00
       2757     48.333     1.5877     1.5829   2.857586   2.857096     2.1706     2.5808      8.136     4.1613    -0.0889 1.0715e-01     0.1566    96.1603     7.7643     7.8956    32.6427    32.6415    26.1125    26.1118    7.84186 0.0000e+00
       2760     48.373     1.5881     1.5830   2.857610   2.857090     2.1710     2.5808      8.136     4.1613    -0.0889 1.0715e-01     0.1563    96.1690     7.7636     7.8994    32.6426    32.6413    26.1123    26.1117    7.84178 0.0000e+00
       2763     48.415     1.5882     1.5828   2.857623   2.857058     2.1706     2.5808      8.136     4.1511    -0.0889 1.0715e-01     0.1563    96.1690     7.7597     7.9015    32.6426    32.6411    26.1124    26.1115    7.84176 0.0000e+00
       2766     48.457     1.5880     1.5821   2.857624   2.856965     2.1710     2.5808      8.136     4.1511    -0.0889 1.0715e-01     0.1552    96.1951     7.7633     7.9017    32.6429    32.6406    26.1126    26.1112    7.84179 0.0000e+00
       2769     48.498     1.5873     1.5813   2.857535   2.856929     2.1718     2.5804      8.136     4.1511    -0.0889 1.0715e-01     0.1541    96.2212     7.7670     7.9001    32.6424    32.6410    26.1122    26.1115    7.84195 0.0000e+00
       2772     48.539     1.5870     1.5822   2.857523   2.857034     2.1714     2.5800      8.136     4.1613    24.7829 1.0715e-01     0.1545    96.2125     7.7645     7.9008    32.6425    32.6414    26.1124    26.1118    7.84201 0.0000e+00
       2775     48.583     1.5863     1.5823   2.857352   2.857044     2.1710     2.5808      8.136     4.1613   445.9058 1.0715e-01     0.1541    96.2212     7.7633     7.9022    32.6411    32.6414    26.1113    26.1118    7.84223 0.0000e+00
       2778     48.628     1.5854     1.5827   2.857313   2.857076     2.1714     2.5812      8.136     4.1511   481.2790 1.0715e-01     0.1537    96.2299     7.7649     7.9022    32.6415    32.6414    26.1117    26.1117    7.84239 0.0000e+00
       2781     48.674     1.5859     1.5828   2.857366   2.857089     2.1710     2.5808      8.136     4.1409   481.1211 1.0715e-01     0.1541    96.2212     7.7637     7.8997    32.6417    32.6414    26.1117    26.1117    7.84228 0.0000e+00
       2784     48.720     1.5855     1.5829   2.857301   2.857091     2.1714     2.5821      8.136     4.1613   481.2790 1.0715e-01     0.1541    96.2212     7.7622     7.9048    32.6412    32.6413    26.1114    26.1116    7.84239 0.0000e+00
       2787     48.768     1.5853     1.5831   2.857330   2.857069     2.1714     2.5816      8.136     4.1613   481.3184 1.0715e-01     0.1530    96.2472     7.7610     7.9027    32.6417    32.6407    26.1118    26.1112    7.84240 0.0000e+00
       2790     48.817     1.5859     1.5820   2.857349   2.856952     2.1718     2.5808      8.136     4.1511   481.2790 1.0715e-01     0.1519    96.2733     7.7599     7.8989    32.6413    32.6404    26.1115    26.1110    7.84229 0.0000e+00
       2793     48.868     1.5858     1.5815   2.857347   2.856893     2.1706     2.5816      8.136     4.1511   481.3579 1.0715e-01     0.1523    96.2646     7.7524     7.9004    32.6414    32.6401    26.1115    26.1108    7.84231 0.0000e+00
       2796     48.919     1.5858     1.5815   2.857361   2.856906     2.1710     2.5816      8.136     4.2224   481.3184 1.0715e-01     0.1526    96.2559     7.7563     7.8972    32.6415    32.6403    26.1116    26.1109    7.84230 0.0000e+00
       2799     48.976     1.5875     1.5815   2.857594   2.856906     2.1706     2.5816      8.136     4.2630   481.2790 1.0715e-01     0.1530    96.2472     7.7546     7.8938    32.6427    32.6402    26.1125    26.1109    7.84190 0.0000e+00
       2802     49.029     1.5880     1.5819   2.857641   2.857005     2.1701     2.5812      8.136     4.2427   481.3184 1.0715e-01     0.1526    96.2559     7.7533     7.8918    32.6427    32.6410    26.1125    26.1115    7.84180 0.0000e+00
       2805     49.079     1.5884     1.5836   2.857692   2.857206     2.1714     2.5812      8.136     4.2529   481.3184 1.0727e-01     0.1534    96.2385     7.7591     7.8889    32.6429    32.6417    26.1126    26.1120    7.84170 0.0000e+00
       2808     49.132     1.5886     1.5842   2.857692   2.857233     2.1701     2.5812      8.136     4.2427   481.3184 1.0715e-01     0.1530    96.2472     7.7536     7.8869    32.6427    32.6414    26.1124    26.1117    7.84168 0.0000e+00
       2811     49.188     1.5886     1.5838   2.857708   2.857217     2.1710     2.5812      8.136     4.2427   481.3579 1.0715e-01     0.1530    96.2472     7.7570     7.8863    32.6429    32.6416    26.1126    26.1119    7.84167 0.0000e+00
       2814     49.241     1.5887     1.5839   2.857721   2.857214     2.1701     2.5812      8.136     4.2529   481.3579 1.0715e-01     0.1534    96.2385     7.7550     7.8843    32.6429    32.6415    26.1126    26.1117    7.84165 0.0000e+00
       2817     49.297     1.5888     1.5843   2.857728   2.857258     2.1706     2.5808      8.136     4.2427   481.2790 1.0715e-01     0.1530    96.2472     7.7570     7.8817    32.6428    32.6416    26.1125    26.1118    7.84163 0.0000e+00
       2820     49.348     1.5884     1.5846   2.857694   2.857300     2.1706     2.5808      8.136     4.2529   481.3579 1.0715e-01     0.1530    96.2472     7.7539     7.8818    32.6428    32.6418    26.1125    26.1120    7.84171 0.0000e+00
       2823     49.402     1.5890     1.5845   2.857768   2.857295     2.1710     2.5812      8.136     4.1003   481.3579 1.0715e-01     0.1530    96.2472     7.7540     7.8800    32.6431    32.6418    26.1127    26.1120    7.84158 0.0000e+00
       2826     49.457     1.5896     1.5848   2.857840   2.856841     2.1706     2.5812      8.136     4.1003   239.2330 1.0715e-01     0.1545    96.2125     7.7475     7.8760    32.6433    32.6357    26.1128    26.1071    7.84144 0.0000e+00
       2829     49.509     1.5900     1.5852   2.857887   2.857381     2.1706     2.5800      8.136     4.0901     2.6351 1.0715e-01     0.1552    96.1951     7.7448     7.8665    32.6435    32.6421    26.1129    26.1122    7.84136 0.0000e+00
       2832     49.559     1.5905     1.5861   2.857946   2.857474     2.1706     2.5804      8.136     4.0901    11.0441 1.0715e-01     0.1548    96.2038     7.7419     7.8645    32.6437    32.6423    26.1131    26.1123    7.84125 0.0000e+00
       2835     49.605     1.5914     1.5869   2.858055   2.857556     2.1697     2.5800      8.136     4.1003    10.6493 1.0715e-01     0.1552    96.1951     7.7326     7.8601    32.6440    32.6424    26.1133    26.1123    7.84103 0.0000e+00
       2838     49.653     1.5919     1.5872   2.858110   2.857616     2.1706     2.5800      8.136     4.0901    10.6493 1.0727e-01     0.1548    96.2038     7.7318     7.8561    32.6442    32.6428    26.1134    26.1126    7.84092 0.0000e+00
       2841     49.701     1.5922     1.5877   2.858132   2.857638     2.1689     2.5804      8.136     4.1003    10.6888 1.0715e-01     0.1552    96.1951     7.7167     7.8522    32.6442    32.6426    26.1134    26.1124    7.84087 0.0000e+00
       2844     49.749     1.5923     1.5875   2.858134   2.857645     2.1697     2.5796      8.136     4.1104    10.6493 1.0715e-01     0.1552    96.1951     7.7185     7.8446    32.6441    32.6429    26.1132    26.1126    7.84085 0.0000e+00
       2847     49.797     1.5922     1.5876   2.858160   2.857679     2.1689     2.5784      8.136     4.0494    10.6099 1.0715e-01     0.1534    96.2385     7.7127     7.8362    32.6444    32.6432    26.1136    26.1128    7.84085 0.0000e+00
       2850     49.848     1.5923     1.5878   2.858205   2.857690     2.1685     2.5776      8.136     3.8357    10.6099 1.0715e-01     0.1519    96.2733     7.7090     7.8298    32.6449    32.6431    26.1140    26.1127    7.84081 0.0000e+00
       2853     49.894     1.5927     1.5881   2.858254   2.857737     2.1689     2.5776      8.136     3.8561     6.0698 1.0715e-01     0.1519    96.2733     7.7060     7.8248    32.6450    32.6434    26.1140    26.1130    7.84071 0.0000e+00
       2856     49.942     1.5939     1.5889   2.858380   2.857854     2.1677     2.5776      8.136     3.8561     4.9643 1.0715e-01     0.1519    96.2733     7.6971     7.8194    32.6454    32.6439    26.1142    26.1134    7.84046 0.0000e+00
       2859     49.986     1.5949     1.5901   2.858475   2.857970     2.1677     2.5772      8.136     3.8561     5.0038 1.0715e-01     0.1523    96.2646     7.6925     7.8142    32.6455    32.6441    26.1142    26.1134    7.84025 0.0000e+00
       2862     50.031     1.5954     1.5907   2.858520   2.858023     2.1665     2.5763      8.136     3.8561     5.0038 1.0715e-01     0.1519    96.2733     7.6833     7.8042    32.6455    32.6442    26.1142    26.1134    7.84014 0.0000e+00
       2865     50.076     1.5956     1.5912   2.858581   2.858081     2.1665     2.5751      8.136     3.8256     5.0038 1.0715e-01     0.1523    96.2646     7.6785     7.7946    32.6461    32.6444    26.1146    26.1136    7.84007 0.0000e+00
       2868     50.120     1.5958     1.5912   2.858598   2.858100     2.1673     2.5751      8.136     3.8459     5.0038 1.0715e-01     0.1548    96.2038     7.6759     7.7900    32.6461    32.6445    26.1146    26.1137    7.84004 0.0000e+00
       2871     50.165     1.5955     1.5911   2.858640   2.858124     2.1661     2.5743      8.136     3.8561     5.0038 1.0715e-01     0.1552    96.1951     7.6689     7.7801    32.6469    32.6449    26.1153    26.1140    7.84005 0.0000e+00
