Datasets/AZMP/HUD120/hud120_2020_053.cnv
* Sea-Bird SBE 9 Data File:
* FileName = C:\CTDDATA\hud120_2020_053.hex
* Software Version Seasave V 7.26.7.110
* Temperature SN = 1697
* Conductivity SN = 4216
* Number of Bytes Per Scan = 30
* Number of Voltage Words = 4
* Number of Scans Averaged by the Deck Unit = 1
* NMEA baud rate = 4800
** VESSEL/TRIP/SEQ STN:  hud120_2020_053
** LATITUDE XX XX.XX: 47 00.00 N
** LONGITUDE XX XX.XX: 044 13.90 W
** SOUNDING DEPTH (M): 0280
** PROBE TYPE: S1146
** CTD NUMBER: 032
** FORMAT: V
** COMMENTS (14 CHAR): FC-29
** BOTTLES:  10
** LEVELS: 5,10,20,30,40,50,75,100,150,BTM
** STICKERS: 439709 - 439718
** VNET: Y
** DO2: N
# nquan = 22
# nvalues = 4870                        
# units = specified
# name 0 = scan: Scan Count
# name 1 = prDM: Pressure, Digiquartz [db]
# name 2 = t090C: Temperature [ITS-90, deg C]
# name 3 = t190C: Temperature, 2 [ITS-90, deg C]
# name 4 = c0S/m: Conductivity [S/m]
# name 5 = c1S/m: Conductivity, 2 [S/m]
# name 6 = sbeox0V: Oxygen raw, SBE 43 [V]
# name 7 = sbeox1V: Oxygen raw, SBE 43, 2 [V]
# name 8 = ph: pH
# name 9 = flECO-AFL: Fluorescence, WET Labs ECO-AFL/FL [mg/m^3]
# name 10 = wetCDOM: Fluorescence, WET Labs CDOM [mg/m^3]
# name 11 = par/sat/log: PAR/Logarithmic, Satlantic [umol photons/m^2/sec]
# name 12 = CStarAt0: Beam Attenuation, WET Labs C-Star [1/m]
# name 13 = CStarTr0: Beam Transmission, WET Labs C-Star [%]
# name 14 = sbeox0ML/L: Oxygen, SBE 43 [ml/l], WS = 2
# name 15 = sbeox1ML/L: Oxygen, SBE 43, 2 [ml/l], WS = 2
# name 16 = sal00: Salinity, Practical [PSU]
# name 17 = sal11: Salinity, Practical, 2 [PSU]
# name 18 = sigma-t00: Density [sigma-t, kg/m^3 ]
# name 19 = sigma-t11: Density, 2 [sigma-t, kg/m^3 ]
# name 20 = oxsatML/L: Oxygen Saturation, Weiss [ml/l]
# name 21 = flag: flag
# span 0 =         53,      39061       
# span 1 =      1.545,    273.322       
# span 2 =     4.0704,     6.9419       
# span 3 =     4.0652,     6.9373       
# span 4 =   3.207688,   3.421584       
# span 5 =   3.206853,   3.421117       
# span 6 =     1.7995,     2.2155       
# span 7 =     2.1411,     2.6710       
# span 8 =      7.939,      8.114       
# span 9 =     0.8850,     5.0974       
# span 10 =    -2.8130,   482.1870      
# span 11 = 1.0678e-01, 2.1848e-01      
# span 12 =     0.0800,     0.9318      
# span 13 =    79.2190,    98.0205      
# span 14 =     5.4388,     6.8437      
# span 15 =     5.6003,     7.1057      
# span 16 =    33.8333,    34.8490      
# span 17 =    33.8346,    34.8485      
# span 18 =    26.5088,    27.6489      
# span 19 =    26.5103,    27.6490      
# span 20 =    6.82092,    7.28157      
# span 21 = 0.0000e+00, 0.0000e+00      
# interval = scans: 3                   
# start_time = Nov 23 2020 03:05:03 [System UTC, header]
# bad_flag = -9.990e-29
*END*
[from data line 2700]
      12686    223.505     4.1801     4.1817   3.268778   3.268787     1.8665     2.2301      7.958     0.9257   481.3579 1.0715e-01     0.0960    97.6293     5.9620     6.1660    34.8458    34.8442    27.6445    27.6431    7.23906 0.0000e+00
      12689    223.421     4.1793     4.1823   3.268717   3.268797     1.8665     2.2301      7.958     0.9257   481.3579 1.0715e-01     0.0960    97.6293     5.9628     6.1659    34.8459    34.8437    27.6447    27.6426    7.23918 0.0000e+00
      12692    223.334     4.1791     4.1823   3.268726   3.268771     1.8673     2.2288      7.958     0.9358   354.9460 1.0715e-01     0.0960    97.6293     5.9694     6.1595    34.8463    34.8435    27.6450    27.6424    7.23920 0.0000e+00
      12695    223.252     4.1800     4.1819   3.268809   3.268763     1.8661     2.2301      7.958     0.9460    -2.7735 1.0715e-01     0.0960    97.6293     5.9633     6.1640    34.8464    34.8438    27.6450    27.6427    7.23904 0.0000e+00
      12698    223.172     4.1826     4.1814   3.269083   3.268752     1.8665     2.2301      7.958     0.9257     4.2143 1.0715e-01     0.0960    97.6293     5.9635     6.1642    34.8469    34.8443    27.6451    27.6432    7.23856 0.0000e+00
      12701    223.094     4.1912     4.1812   3.269609   3.268753     1.8685     2.2301      7.958     0.9460     4.5696 1.0715e-01     0.0960    97.6293     5.9713     6.1642    34.8440    34.8446    27.6419    27.6434    7.23716 0.0000e+00
      12704    223.020     4.1949     4.1808   3.269789   3.268743     1.8669     2.2305      7.958     0.9358     4.5301 1.0715e-01     0.0960    97.6293     5.9643     6.1648    34.8424    34.8449    27.6402    27.6437    7.23660 0.0000e+00
      12707    222.948     4.1958     4.1825   3.269791   3.268827     1.8665     2.2305      7.958     0.9257     4.5301 1.0715e-01     0.0960    97.6293     5.9616     6.1623    34.8415    34.8441    27.6394    27.6429    7.23648 0.0000e+00
      12710    222.873     4.1960     4.1851   3.269823   3.269042     1.8669     2.2297      7.958     0.9053     4.5301 1.0727e-01     0.0960    97.6293     5.9628     6.1590    34.8417    34.8440    27.6395    27.6425    7.23644 0.0000e+00
      12713    222.803     4.1963     4.1879   3.269838   3.269142     1.8677     2.2305      7.958     0.9053     4.5301 1.0715e-01     0.0960    97.6293     5.9650     6.1606    34.8416    34.8422    27.6395    27.6409    7.23639 0.0000e+00
      12716    222.731     4.1970     4.1876   3.269863   3.269109     1.8673     2.2301      7.956     0.9155     4.5301 1.0715e-01     0.0960    97.6293     5.9632     6.1577    34.8411    34.8422    27.6390    27.6408    7.23628 0.0000e+00
      12719    222.662     4.1971     4.1873   3.269856   3.269091     1.8673     2.2301      7.958     0.8952     6.7409 1.0727e-01     0.0960    97.6293     5.9609     6.1538    34.8410    34.8424    27.6389    27.6410    7.23627 0.0000e+00
      12722    222.595     4.1975     4.1849   3.269896   3.269011     1.8673     2.2305      7.958     0.8952     8.6754 1.0715e-01     0.0960    97.6293     5.9561     6.1540    34.8411    34.8439    27.6390    27.6425    7.23620 0.0000e+00
      12725    222.528     4.1981     4.1856   3.269932   3.269091     1.8669     2.2301      7.956     0.9053     8.5570 1.0727e-01     0.0960    97.6293     5.9529     6.1514    34.8409    34.8442    27.6387    27.6427    7.23610 0.0000e+00
      12728    222.461     4.1982     4.1899   3.269931   3.269326     1.8661     2.2292      7.958     0.8850     8.5570 1.0715e-01     0.0949    97.6554     5.9518     6.1464    34.8409    34.8424    27.6386    27.6408    7.23609 0.0000e+00
      12731    222.393     4.1989     4.1931   3.270001   3.269468     1.8665     2.2292      7.958     0.9053     8.5570 1.0715e-01     0.0956    97.6380     5.9515     6.1466    34.8410    34.8407    27.6387    27.6391    7.23596 0.0000e+00
      12734    222.325     4.1996     4.1924   3.270004   3.269452     1.8673     2.2301      7.958     0.9053     8.5570 1.0715e-01     0.0953    97.6467     5.9540     6.1490    34.8403    34.8413    27.6381    27.6397    7.23586 0.0000e+00
      12737    222.259     4.1993     4.1938   3.270009   3.269509     1.8673     2.2292      7.958     0.8952     8.5570 1.0715e-01     0.0949    97.6554     5.9532     6.1456    34.8406    34.8405    27.6383    27.6389    7.23589 0.0000e+00
      12740    222.193     4.1994     4.1952   3.270014   3.269560     1.8669     2.2292      7.958     0.9053     8.5570 1.0715e-01     0.0953    97.6467     5.9532     6.1455    34.8406    34.8397    27.6383    27.6381    7.23588 0.0000e+00
      12743    222.122     4.1996     4.1953   3.269987   3.269575     1.8661     2.2288      7.958     0.9053     8.5570 1.0715e-01     0.0949    97.6554     5.9501     6.1453    34.8402    34.8399    27.6379    27.6382    7.23587 0.0000e+00
      12746    222.048     4.1990     4.1953   3.269947   3.269555     1.8661     2.2292      7.958     0.8952   395.0568 1.0715e-01     0.0935    97.6901     5.9512     6.1478    34.8404    34.8396    27.6382    27.6380    7.23597 0.0000e+00
      12749    221.973     4.1986     4.1947   3.269897   3.269514     1.8661     2.2288      7.958     0.9053   481.9106 1.0715e-01     0.0928    97.7075     5.9500     6.1481    34.8403    34.8398    27.6382    27.6382    7.23605 0.0000e+00
      12752    221.894     4.1983     4.1946   3.269909   3.269493     1.8665     2.2288      7.958     0.9155   481.0026 1.0727e-01     0.0928    97.7075     5.9509     6.1489    34.8407    34.8397    27.6386    27.6381    7.23607 0.0000e+00
      12755    221.810     4.1983     4.1946   3.269876   3.269495     1.8665     2.2288      7.958     0.8952   481.3184 1.0715e-01     0.0924    97.7162     5.9492     6.1485    34.8404    34.8398    27.6383    27.6382    7.23608 0.0000e+00
      12758    221.721     4.1981     4.1941   3.269879   3.269450     1.8665     2.2288      7.958     0.9257   481.2790 1.0727e-01     0.0928    97.7075     5.9494     6.1499    34.8407    34.8399    27.6385    27.6384    7.23610 0.0000e+00
      12761    221.627     4.1978     4.1932   3.269819   3.269393     1.8661     2.2284      7.958     0.9257   481.3579 1.0727e-01     0.0928    97.7075     5.9498     6.1485    34.8404    34.8402    27.6383    27.6387    7.23618 0.0000e+00
      12764    221.525     4.1969     4.1934   3.269772   3.269346     1.8665     2.2288      7.958     0.9460   481.3184 1.0715e-01     0.0931    97.6988     5.9543     6.1497    34.8409    34.8395    27.6388    27.6381    7.23632 0.0000e+00
      12767    221.420     4.1968     4.1947   3.269732   3.269338     1.8661     2.2292      7.958     0.9257   481.3184 1.0715e-01     0.0910    97.7510     5.9509     6.1497    34.8405    34.8381    27.6385    27.6369    7.23635 0.0000e+00
      12770    221.310     4.1965     4.1951   3.269738   3.269340     1.8661     2.2284      7.958     0.9358   421.1919 1.0715e-01     0.0913    97.7423     5.9489     6.1450    34.8410    34.8378    27.6389    27.6365    7.23638 0.0000e+00
      12773    221.197     4.1965     4.1941   3.269738   3.269273     1.8653     2.2288      7.958     0.9460    14.4788 1.0715e-01     0.0913    97.7423     5.9450     6.1475    34.8411    34.8380    27.6390    27.6369    7.23638 0.0000e+00
      12776    221.078     4.1969     4.1921   3.269742   3.269206     1.8657     2.2284      7.958     0.9460     2.7141 1.0715e-01     0.0910    97.7510     5.9458     6.1450    34.8407    34.8395    27.6387    27.6382    7.23632 0.0000e+00
      12779    220.951     4.1961     4.1911   3.269692   3.269157     1.8661     2.2288      7.958     0.9358     4.2932 1.0715e-01     0.0910    97.7510     5.9467     6.1444    34.8410    34.8400    27.6390    27.6387    7.23645 0.0000e+00
      12782    220.818     4.1946     4.1893   3.269593   3.269039     1.8657     2.2288      7.958     0.9460     4.1748 1.0715e-01     0.0906    97.7597     5.9449     6.1438    34.8415    34.8406    27.6396    27.6394    7.23669 0.0000e+00
      12785    220.682     4.1948     4.1898   3.269531   3.268942     1.8661     2.2276      7.958     0.9053     4.1748 1.0727e-01     0.0910    97.7510     5.9464     6.1388    34.8406    34.8390    27.6388    27.6381    7.23669 0.0000e+00
      12788    220.538     4.1969     4.1918   3.269543   3.268753     1.8661     2.2280      7.958     0.9257     4.1748 1.0715e-01     0.0906    97.7597     5.9449     6.1372    34.8387    34.8347    27.6370    27.6344    7.23642 0.0000e+00
      12791    220.391     4.1978     4.1921   3.269506   3.268552     1.8645     2.2276      7.958     0.9053     4.2143 1.0715e-01     0.0906    97.7597     5.9380     6.1340    34.8373    34.8321    27.6359    27.6323    7.23632 0.0000e+00
      12794    220.243     4.1978     4.1919   3.269285   3.268425     1.8653     2.2276      7.958     0.9155     4.2143 1.0727e-01     0.0906    97.7597     5.9429     6.1333    34.8348    34.8309    27.6338    27.6314    7.23644 0.0000e+00
      12797    220.089     4.1972     4.1916   3.269063   3.268364     1.8661     2.2284      7.958     0.8952     4.9644 1.0715e-01     0.0906    97.7597     5.9442     6.1330    34.8329    34.8305    27.6324    27.6311    7.23664 0.0000e+00
      12800    219.933     4.1969     4.1915   3.268891   3.268362     1.8649     2.2272      7.958     0.9053     6.3462 1.0715e-01     0.0906    97.7597     5.9363     6.1269    34.8313    34.8307    27.6312    27.6313    7.23678 0.0000e+00
      12803    219.772     4.1970     4.1920   3.268879   3.268367     1.8649     2.2268      7.958     0.9155     6.3067 1.0715e-01     0.0906    97.7597     5.9359     6.1242    34.8311    34.8304    27.6310    27.6310    7.23676 0.0000e+00
      12806    219.612     4.1977     4.1923   3.268866   3.268408     1.8649     2.2276      7.958     0.8952     6.3067 1.0715e-01     0.0910    97.7510     5.9351     6.1269    34.8303    34.8306    27.6303    27.6311    7.23667 0.0000e+00
      12809    219.454     4.1976     4.1926   3.268893   3.268395     1.8649     2.2268      7.956     0.9155     6.3067 1.0715e-01     0.0906    97.7597     5.9346     6.1238    34.8308    34.8302    27.6307    27.6308    7.23668 0.0000e+00
      12812    219.295     4.1975     4.1924   3.268837   3.268398     1.8645     2.2264      7.955     0.9358     6.3067 1.0715e-01     0.0906    97.7597     5.9334     6.1213    34.8303    34.8305    27.6303    27.6311    7.23671 0.0000e+00
      12815    219.137     4.1975     4.1926   3.268856   3.268395     1.8649     2.2260      7.958     0.9358     6.3067 1.0715e-01     0.0906    97.7597     5.9348     6.1193    34.8306    34.8304    27.6306    27.6309    7.23669 0.0000e+00
      12818    218.979     4.1983     4.1933   3.268987   3.268469     1.8649     2.2256      7.956     0.9460     6.3067 1.0715e-01     0.0906    97.7597     5.9346     6.1147    34.8314    34.8306    27.6311    27.6310    7.23652 0.0000e+00
      12821    218.824     4.2001     4.1948   3.269129   3.268596     1.8636     2.2252      7.956     0.9460     6.3067 1.0715e-01     0.0906    97.7597     5.9301     6.1143    34.8313    34.8306    27.6309    27.6309    7.23621 0.0000e+00
      12824    218.670     4.2012     4.1963   3.269145   3.268704     1.8640     2.2252      7.958     0.9358     1.4902 1.0715e-01     0.0910    97.7510     5.9341     6.1136    34.8304    34.8304    27.6300    27.6305    7.23606 0.0000e+00
      12827    218.515     4.2018     4.1971   3.269187   3.268746     1.8640     2.2248      7.956     0.9460    -1.1944 1.0727e-01     0.0875    97.8379     5.9346     6.1110    34.8303    34.8301    27.6299    27.6302    7.23595 0.0000e+00
      12830    218.365     4.2023     4.1974   3.269194   3.268757     1.8636     2.2252      7.956     0.9358    -1.0759 1.0715e-01     0.0864    97.8640     5.9323     6.1128    34.8300    34.8300    27.6296    27.6301    7.23588 0.0000e+00
      12833    218.218     4.2021     4.1976   3.269139   3.268733     1.8637     2.2248      7.956     0.9358    -1.0364 1.0715e-01     0.0864    97.8640     5.9322     6.1118    34.8296    34.8295    27.6293    27.6297    7.23593 0.0000e+00
      12836    218.076     4.2022     4.1976   3.269123   3.268705     1.8633     2.2244      7.955     0.9257    -1.0364 1.0715e-01     0.0864    97.8640     5.9302     6.1110    34.8294    34.8293    27.6291    27.6295    7.23592 0.0000e+00
      12839    217.939     4.2021     4.1976   3.269081   3.268695     1.8637     2.2240      7.955     0.8952    -1.0364 1.0715e-01     0.0864    97.8640     5.9319     6.1117    34.8291    34.8293    27.6288    27.6295    7.23595 0.0000e+00
      12842    217.810     4.2020     4.1975   3.269054   3.268652     1.8641     2.2231      7.953     0.8952    -1.0364 1.0715e-01     0.0864    97.8640     5.9362     6.1086    34.8289    34.8289    27.6288    27.6292    7.23598 0.0000e+00
      12845    217.683     4.2017     4.1975   3.269021   3.268602     1.8637     2.2240      7.955     0.8952    -1.0364 1.0727e-01     0.0864    97.8640     5.9342     6.1111    34.8289    34.8284    27.6288    27.6289    7.23603 0.0000e+00
      12848    217.561     4.2013     4.1971   3.268989   3.268554     1.8637     2.2227      7.955     0.9155    -0.9970 1.0715e-01     0.0849    97.8988     5.9331     6.1086    34.8290    34.8283    27.6289    27.6288    7.23610 0.0000e+00
      12851    217.449     4.2014     4.1967   3.268947   3.268518     1.8637     2.2231      7.953     0.8952     3.6221 1.0715e-01     0.0849    97.8988     5.9321     6.1138    34.8285    34.8284    27.6285    27.6289    7.23610 0.0000e+00
      12854    217.340     4.2013     4.1967   3.268924   3.268494     1.8628     2.2227      7.953     0.9053     4.0959 1.0715e-01     0.0846    97.9075     5.9270     6.1131    34.8284    34.8281    27.6284    27.6287    7.23614 0.0000e+00
      12857    217.240     4.2011     4.1967   3.268896   3.268516     1.8628     2.2215      7.953     0.9155     4.0564 1.0715e-01     0.0846    97.9075     5.9261     6.1104    34.8283    34.8285    27.6284    27.6290    7.23617 0.0000e+00
      12860    217.149     4.2009     4.1964   3.268879   3.268490     1.8628     2.2231      7.953     0.8952     4.0564 1.0715e-01     0.0846    97.9075     5.9255     6.1170    34.8283    34.8285    27.6284    27.6290    7.23620 0.0000e+00
      12863    217.063     4.2007     4.1963   3.268862   3.268447     1.8633     2.2227      7.953     0.9155     4.0564 1.0715e-01     0.0842    97.9162     5.9244     6.1167    34.8285    34.8282    27.6285    27.6288    7.23624 0.0000e+00
      12866    216.981     4.2006     4.1962   3.268857   3.268403     1.8628     2.2215      7.953     0.9358     4.0564 1.0715e-01     0.0846    97.9075     5.9215     6.1124    34.8285    34.8278    27.6285    27.6285    7.23624 0.0000e+00
      12869    216.906     4.2004     4.1958   3.268833   3.268361     1.8624     2.2219      7.953     0.9358     4.0564 1.0715e-01     0.0832    97.9422     5.9210     6.1153    34.8285    34.8277    27.6285    27.6285    7.23628 0.0000e+00
      12872    216.837     4.2006     4.1958   3.268819   3.268373     1.8628     2.2231      7.953     0.9358     4.0564 1.0715e-01     0.0832    97.9422     5.9229     6.1189    34.8282    34.8279    27.6283    27.6286    7.23627 0.0000e+00
      12875    216.777     4.2003     4.1957   3.268834   3.268351     1.8620     2.2227      7.953     0.9460     4.0169 1.0715e-01     0.0832    97.9422     5.9214     6.1180    34.8287    34.8278    27.6288    27.6285    7.23630 0.0000e+00
      12878    216.720     4.2004     4.1959   3.268840   3.268364     1.8620     2.2215      7.953     0.9257     3.8195 1.0715e-01     0.0832    97.9422     5.9230     6.1151    34.8286    34.8278    27.6287    27.6285    7.23627 0.0000e+00
