Datasets/AZMP/HUD120/hud120_2020_015.cnv
* Sea-Bird SBE 9 Data File:
* FileName = C:\CTDDATA\hud120_2020_015.hex
* Software Version Seasave V 7.26.7.110
* Temperature SN = 1697
* Conductivity SN = 4216
* Number of Bytes Per Scan = 30
* Number of Voltage Words = 4
* Number of Scans Averaged by the Deck Unit = 1
* NMEA baud rate = 4800
** VESSEL/TRIP/SEQ STN:  hud120_2020_015
** LATITUDE XX XX.XX: 46 35.00 N
** LONGITUDE XX XX.XX: 052 56.00 W
** SOUNDING DEPTH (M): 0056
** PROBE TYPE: S1146
** CTD NUMBER: 005
** FORMAT: V
** COMMENTS (14 CHAR): SEGB-01
** BOTTLES:  06
** LEVELS: 5,10,20,30,40,BTM
** STICKERS: 439547 - 439552
** VNET: Y
** DO2: N
# nquan = 22
# nvalues = 1123                        
# units = specified
# name 0 = scan: Scan Count
# name 1 = prDM: Pressure, Digiquartz [db]
# name 2 = t090C: Temperature [ITS-90, deg C]
# name 3 = t190C: Temperature, 2 [ITS-90, deg C]
# name 4 = c0S/m: Conductivity [S/m]
# name 5 = c1S/m: Conductivity, 2 [S/m]
# name 6 = sbeox0V: Oxygen raw, SBE 43 [V]
# name 7 = sbeox1V: Oxygen raw, SBE 43, 2 [V]
# name 8 = ph: pH
# name 9 = flECO-AFL: Fluorescence, WET Labs ECO-AFL/FL [mg/m^3]
# name 10 = wetCDOM: Fluorescence, WET Labs CDOM [mg/m^3]
# name 11 = par/sat/log: PAR/Logarithmic, Satlantic [umol photons/m^2/sec]
# name 12 = CStarAt0: Beam Attenuation, WET Labs C-Star [1/m]
# name 13 = CStarTr0: Beam Transmission, WET Labs C-Star [%]
# name 14 = sbeox0ML/L: Oxygen, SBE 43 [ml/l], WS = 2
# name 15 = sbeox1ML/L: Oxygen, SBE 43, 2 [ml/l], WS = 2
# name 16 = sal00: Salinity, Practical [PSU]
# name 17 = sal11: Salinity, Practical, 2 [PSU]
# name 18 = sigma-t00: Density [sigma-t, kg/m^3 ]
# name 19 = sigma-t11: Density, 2 [sigma-t, kg/m^3 ]
# name 20 = oxsatML/L: Oxygen Saturation, Weiss [ml/l]
# name 21 = flag: flag
# span 0 =         10,      23556       
# span 1 =      0.249,     50.333       
# span 2 =     5.1060,     5.6870       
# span 3 =     5.1018,     5.6865       
# span 4 =   2.549548,   3.088617       
# span 5 =   2.135395,   3.088722       
# span 6 =     2.1796,     2.2118       
# span 7 =     2.5057,     2.6310       
# span 8 =      8.017,      8.034       
# span 9 =     2.3909,     3.8764       
# span 10 =    -2.8130,   482.1870      
# span 11 = 3.0650e-01, 1.3727e+02      
# span 12 =     0.0857,     0.1120      
# span 13 =    97.2382,    97.8814      
# span 14 =     6.8454,     7.1941      
# span 15 =     6.5294,     7.3547      
# span 16 =    25.4068,    31.5755      
# span 17 =    20.9215,    31.5755      
# span 18 =    20.0144,    24.9497      
# span 19 =    16.4779,    24.9502      
# span 20 =    7.14053,    7.42626      
# span 21 = 0.0000e+00, 0.0000e+00      
# interval = scans: 3                   
# start_time = Nov 17 2020 12:15:53 [System UTC, header]
# bad_flag = -9.990e-29
*END*
[from data line 988]
      18234      8.714     5.4728     5.4703   3.076752   3.076415     2.2012     2.6229      8.032     2.7572   481.1211 3.2654e+01     0.0906    97.7597     7.0878     7.2273    31.4461    31.4445    24.8066    24.8057    7.17443 0.0000e+00
      18237      8.616     5.4771     5.4742   3.076786   3.076539     2.2008     2.6217      8.030     2.7368   481.1211 3.2996e+01     0.0906    97.7597     7.0884     7.2261    31.4424    31.4423    24.8032    24.8035    7.17386 0.0000e+00
      18240      8.529     5.4765     5.4767   3.076802   3.076616     2.2012     2.6208      8.030     2.6961   481.1211 3.3225e+01     0.0906    97.7597     7.0913     7.2268    31.4432    31.4409    24.8040    24.8021    7.17392 0.0000e+00
      18243      8.450     5.4772     5.4786   3.076826   3.076697     2.2008     2.6204      8.030     2.6961   481.1211 3.3573e+01     0.0910    97.7510     7.0905     7.2298    31.4429    31.4401    24.8036    24.8012    7.17382 0.0000e+00
      18246      8.380     5.4813     5.4806   3.077012   3.076759     2.2004     2.6204      8.030     2.6859   102.8329 3.3885e+01     0.0913    97.7423     7.0925     7.2334    31.4412    31.4390    24.8018    24.8001    7.17320 0.0000e+00
      18249      8.320     5.4847     5.4811   3.077124   3.076765     2.2012     2.6204      8.032     2.6961    -2.8130 3.4160e+01     0.0917    97.7336     7.0969     7.2399    31.4392    31.4386    24.7999    24.7998    7.17269 0.0000e+00
      18252      8.273     5.4868     5.4798   3.077084   3.076708     2.1996     2.6204      8.032     2.6961    -1.9445 3.4358e+01     0.0917    97.7336     7.0919     7.2463    31.4368    31.4392    24.7977    24.8004    7.17244 0.0000e+00
      18545      8.240     5.4912     5.4826   3.077366   3.076864     2.2016     2.6220      8.030     2.6961   159.2485 3.5018e+01     0.0917    97.7336     7.1001     7.2551    31.4360    31.4384    24.7966    24.7994    7.17173 0.0000e+00
      19129      8.165     5.5004     5.4956   3.077804   3.077486     2.2040     2.6257      8.032     2.6859   481.1211 3.6741e+01     0.0917    97.7336     7.1067     7.2658    31.4323    31.4333    24.7926    24.7939    7.17031 0.0000e+00
      19132      8.080     5.5037     5.4978   3.077929   3.077512     2.2028     2.6253      8.031     2.7165   481.1211 3.6614e+01     0.0917    97.7336     7.1047     7.2664    31.4307    31.4315    24.7910    24.7923    7.16982 0.0000e+00
      19135      8.007     5.5050     5.4958   3.077976   3.077400     2.2032     2.6253      8.031     2.6859   321.3494 3.6614e+01     0.0924    97.7162     7.1082     7.2690    31.4301    31.4321    24.7903    24.7930    7.16963 0.0000e+00
      19138      7.943     5.5061     5.4952   3.078015   3.077409     2.2040     2.6253      8.030     2.7165     0.1874 3.6826e+01     0.0928    97.7075     7.1116     7.2697    31.4295    31.4328    24.7897    24.7936    7.16946 0.0000e+00
      19141      7.890     5.5062     5.4945   3.078015   3.077352     2.2032     2.6249      8.031     2.6859    11.2415 3.7040e+01     0.0924    97.7162     7.1094     7.2688    31.4294    31.4329    24.7896    24.7937    7.16944 0.0000e+00
      19144      7.845     5.5068     5.4947   3.078068   3.077396     2.2036     2.6253      8.030     2.7063    10.8468 3.7384e+01     0.0928    97.7075     7.1142     7.2736    31.4295    31.4332    24.7897    24.7940    7.16935 0.0000e+00
      19147      7.808     5.5085     5.4972   3.078192   3.077522     2.2032     2.6253      8.031     2.7063    10.8468 3.7601e+01     0.0928    97.7075     7.1147     7.2752    31.4294    31.4323    24.7893    24.7930    7.16906 0.0000e+00
      19150      7.777     5.5109     5.4991   3.078281   3.077585     2.2036     2.6265      8.031     2.7165    10.8073 3.7298e+01     0.0928    97.7075     7.1176     7.2801    31.4281    31.4313    24.7881    24.7920    7.16870 0.0000e+00
      19153      7.749     5.5127     5.5012   3.078350   3.077711     2.2040     2.6265      8.031     2.7368    10.8468 3.6869e+01     0.0924    97.7162     7.1211     7.2824    31.4272    31.4308    24.7872    24.7913    7.16843 0.0000e+00
      19223      7.724     5.5149     5.5076   3.078482   3.078014     2.2044     2.6290      8.033     3.0014    10.0966 3.8730e+01     0.0938    97.6815     7.1218     7.2807    31.4267    31.4282    24.7865    24.7885    7.16808 0.0000e+00
      19259      7.667     5.5152     5.5108   3.078336   3.078154     2.2049     2.6302      8.033     3.0828     9.7808 4.0630e+01     0.0928    97.7075     7.1233     7.2779    31.4247    31.4268    24.7849    24.7871    7.16812 0.0000e+00
      19262      7.600     5.5154     5.5112   3.078498   3.078194     2.2044     2.6302      8.031     3.0828     9.7413 4.1629e+01     0.0928    97.7075     7.1226     7.2782    31.4264    31.4269    24.7862    24.7871    7.16801 0.0000e+00
      19265      7.529     5.5163     5.5124   3.078566   3.078253     2.2049     2.6302      8.031     3.0828    49.1414 4.2356e+01     0.0928    97.7075     7.1244     7.2774    31.4264    31.4265    24.7861    24.7866    7.16785 0.0000e+00
      19268      7.457     5.5179     5.5134   3.078672   3.078311     2.2044     2.6310      8.033     3.0930   456.7230 4.2700e+01     0.0928    97.7075     7.1202     7.2764    31.4261    31.4262    24.7857    24.7863    7.16759 0.0000e+00
      19271      7.380     5.5201     5.5149   3.078769   3.078383     2.2044     2.6306      8.030     3.1031   481.5948 4.2799e+01     0.0928    97.7075     7.1206     7.2721    31.4252    31.4256    24.7848    24.7857    7.16725 0.0000e+00
      19274      7.305     5.5221     5.5169   3.078846   3.078472     2.2049     2.6302      8.030     3.1031   481.0421 4.2948e+01     0.0928    97.7075     7.1223     7.2665    31.4241    31.4248    24.7837    24.7848    7.16695 0.0000e+00
      19277      7.230     5.5232     5.5164   3.078861   3.078384     2.2049     2.6302      8.033     3.0930   481.1211 4.3047e+01     0.0981    97.5772     7.1224     7.2603    31.4234    31.4244    24.7830    24.7845    7.16680 0.0000e+00
      19280      7.157     5.5231     5.5132   3.078860   3.078231     2.2044     2.6306      8.031     3.0828   481.1606 4.3347e+01     0.1002    97.5250     7.1184     7.2547    31.4235    31.4256    24.7831    24.7859    7.16682 0.0000e+00
      19283      7.083     5.5229     5.5115   3.078866   3.078170     2.2053     2.6294      8.031     3.0828   481.1211 4.3699e+01     0.1002    97.5250     7.1201     7.2424    31.4238    31.4266    24.7833    24.7868    7.16683 0.0000e+00
      19286      7.013     5.5235     5.5101   3.078911   3.078107     2.2053     2.6302      8.030     2.8284   481.1211 4.4464e+01     0.1002    97.5250     7.1195     7.2364    31.4238    31.4272    24.7833    24.7875    7.16674 0.0000e+00
      19289      6.943     5.5239     5.5115   3.078917   3.078256     2.2040     2.6298      8.031     2.8182   481.1211 4.5716e+01     0.1002    97.5250     7.1123     7.2260    31.4235    31.4276    24.7830    24.7876    7.16668 0.0000e+00
      19292      6.873     5.5244     5.5124   3.078989   3.078272     2.2044     2.6278      8.031     2.7978   481.1211 4.6730e+01     0.1002    97.5250     7.1113     7.2102    31.4239    31.4270    24.7832    24.7871    7.16657 0.0000e+00
      19295      6.806     5.5290     5.5153   3.079282   3.078415     2.2053     2.6274      8.034     2.8284   481.1606 4.7001e+01     0.1002    97.5250     7.1114     7.2044    31.4229    31.4259    24.7819    24.7859    7.16583 0.0000e+00
      19298      6.742     5.5338     5.5168   3.079492   3.078431     2.2049     2.6274      8.030     2.8080   481.1606 4.6568e+01     0.0956    97.6380     7.1078     7.1993    31.4208    31.4247    24.7797    24.7847    7.16509 0.0000e+00
      19301      6.679     5.5338     5.5148   3.079429   3.078328     2.2049     2.6253      8.033     2.8284   481.1211 4.6246e+01     0.0949    97.6554     7.1055     7.1881    31.4201    31.4255    24.7792    24.7856    7.16512 0.0000e+00
      19304      6.621     5.5365     5.5168   3.079705   3.078612     2.2040     2.6241      8.031     2.8182   481.1211 4.6193e+01     0.0953    97.6467     7.0994     7.1822    31.4208    31.4268    24.7794    24.7865    7.16464 0.0000e+00
      19307      6.567     5.5422     5.5298   3.079940   3.079475     2.2044     2.6229      8.030     2.8080   481.1211 4.6353e+01     0.0949    97.6554     7.0980     7.1761    31.4181    31.4244    24.7767    24.7831    7.16378 0.0000e+00
      19310      6.517     5.5411     5.5373   3.079843   3.079646     2.2044     2.6217      8.033     2.8386   481.2000 4.6622e+01     0.0949    97.6554     7.0977     7.1711    31.4180    31.4194    24.7767    24.7782    7.16396 0.0000e+00
      19313      6.467     5.5439     5.5380   3.080169   3.079656     2.2040     2.6204      8.033     2.8793   481.1211 4.5874e+01     0.0949    97.6554     7.0941     7.1686    31.4192    31.4189    24.7773    24.7777    7.16344 0.0000e+00
      19316      6.418     5.5506     5.5395   3.080462   3.079636     2.2028     2.6200      8.031     2.8691   481.1211 4.5241e+01     0.0949    97.6554     7.0861     7.1676    31.4162    31.4173    24.7742    24.7763    7.16242 0.0000e+00
      19319      6.367     5.5548     5.5395   3.080640   3.079682     2.2040     2.6200      8.033     2.8894   214.9139 4.5033e+01     0.0917    97.7336     7.0886     7.1679    31.4143    31.4178    24.7721    24.7767    7.16178 0.0000e+00
      19322      6.317     5.5567     5.5434   3.080730   3.079939     2.2036     2.6188      8.031     2.8894     2.8325 4.5346e+01     0.0917    97.7336     7.0864     7.1645    31.4136    31.4171    24.7714    24.7757    7.16150 0.0000e+00
      19325      6.267     5.5590     5.5451   3.080905   3.080062     2.2028     2.6180      8.031     2.8793    10.2940 4.6033e+01     0.0917    97.7336     7.0829     7.1638    31.4135    31.4169    24.7710    24.7754    7.16111 0.0000e+00
      19328      6.215     5.5619     5.5495   3.080992   3.080322     2.2028     2.6180      8.033     2.8691     9.8993 4.6839e+01     0.0917    97.7336     7.0801     7.1635    31.4117    31.4157    24.7693    24.7739    7.16068 0.0000e+00
      19331      6.160     5.5623     5.5535   3.081055   3.080510     2.2028     2.6172      8.031     2.8793     9.8993 4.7769e+01     0.0917    97.7336     7.0780     7.1584    31.4121    31.4142    24.7696    24.7722    7.16059 0.0000e+00
      19334      6.100     5.5648     5.5556   3.081207   3.080659     2.2024     2.6164      8.030     2.8793     9.8598 4.8943e+01     0.0917    97.7336     7.0751     7.1536    31.4115    31.4140    24.7688    24.7718    7.16020 0.0000e+00
      19337      6.038     5.5660     5.5584   3.081227   3.080804     2.2024     2.6147      8.031     2.8996     9.9387 4.9856e+01     0.0924    97.7162     7.0741     7.1449    31.4106    31.4129    24.7680    24.7707    7.16003 0.0000e+00
      19340      5.972     5.5664     5.5615   3.081274   3.080964     2.2024     2.6135      8.031     2.8996     9.8993 5.0260e+01     0.0928    97.7075     7.0718     7.1367    31.4108    31.4119    24.7681    24.7695    7.15995 0.0000e+00
      19343      5.907     5.5684     5.5623   3.081428   3.080985     2.2012     2.6131      8.031     2.8996     9.9782 5.0963e+01     0.0928    97.7075     7.0619     7.1342    31.4107    31.4114    24.7678    24.7691    7.15962 0.0000e+00
      19346      5.838     5.5701     5.5642   3.081476   3.081106     2.2020     2.6119      8.031     2.9098   406.0714 5.1735e+01     0.0928    97.7075     7.0641     7.1293    31.4097    31.4110    24.7668    24.7685    7.15937 0.0000e+00
      19349      5.768     5.5712     5.5663   3.081513   3.081263     2.2008     2.6115      8.031     2.9098   481.8317 5.2518e+01     0.0928    97.7075     7.0569     7.1258    31.4092    31.4109    24.7663    24.7682    7.15921 0.0000e+00
      19352      5.697     5.5748     5.5684   3.081814   3.081370     2.2004     2.6103      8.032     2.8996   480.9632 5.2639e+01     0.0928    97.7075     7.0531     7.1211    31.4092    31.4101    24.7659    24.7673    7.15858 0.0000e+00
      19355      5.625     5.5777     5.5704   3.081923   3.081485     2.2004     2.6086      8.032     2.9098   481.2000 5.1975e+01     0.0928    97.7075     7.0528     7.1162    31.4077    31.4096    24.7644    24.7667    7.15815 0.0000e+00
      19358      5.558     5.5779     5.5725   3.081939   3.081598     2.2000     2.6078      8.031     2.8996   481.1211 5.1317e+01     0.0917    97.7336     7.0520     7.1140    31.4078    31.4089    24.7644    24.7659    7.15812 0.0000e+00
      19361      5.491     5.5818     5.5740   3.082283   3.081685     2.1996     2.6070      8.031     2.9098   481.1606 5.1675e+01     0.0906    97.7597     7.0492     7.1133    31.4080    31.4086    24.7641    24.7655    7.15743 0.0000e+00
      19364      5.427     5.5872     5.5750   3.082498   3.081731     2.1988     2.6062      8.032     2.8691   481.2395 5.2579e+01     0.0906    97.7597     7.0482     7.1116    31.4055    31.4082    24.7615    24.7650    7.15663 0.0000e+00
      19367      5.359     5.5875     5.5752   3.082343   3.081710     2.1979     2.6058      8.029     2.8386   481.1606 5.2822e+01     0.0906    97.7597     7.0510     7.1123    31.4034    31.4078    24.7599    24.7647    7.15667 0.0000e+00
      19370      5.294     5.5876     5.5747   3.082482   3.081731     2.1983     2.6046      8.031     2.8488   409.7430 5.3314e+01     0.0906    97.7597     7.0582     7.1128    31.4049    31.4085    24.7610    24.7654    7.15658 0.0000e+00
      19373      5.229     5.5894     5.5789   3.082666   3.082045     2.1975     2.6033      8.032     2.8488     8.8728 5.3684e+01     0.0910    97.7510     7.0618     7.1143    31.4054    31.4082    24.7612    24.7646    7.15626 0.0000e+00
      19376      5.168     5.6007     5.5832   3.083558   3.082242     2.1979     2.6029      8.031     2.8488    -0.9970 5.3809e+01     0.0910    97.7510     7.0641     7.1182    31.4049    31.4064    24.7595    24.7627    7.15433 0.0000e+00
      19379      5.110     5.6123     5.5858   3.084092   3.082385     2.1979     2.6017      8.029     2.8488     0.5822 5.3499e+01     0.0910    97.7510     7.0651     7.1189    31.4001    31.4056    24.7544    24.7618    7.15257 0.0000e+00
      19382      5.052     5.6133     5.5882   3.084159   3.082510     2.1975     2.6009      8.031     2.8589     0.5032 5.3623e+01     0.0906    97.7597     7.0650     7.1222    31.3999    31.4048    24.7542    24.7609    7.15239 0.0000e+00
      19385      4.998     5.6144     5.5912   3.084133   3.082789     2.1971     2.6009      8.031     2.8589     0.5032 5.4625e+01     0.0910    97.7510     7.0636     7.1271    31.3987    31.4052    24.7530    24.7609    7.15227 0.0000e+00
      19388      4.944     5.6134     5.5999   3.084005   3.083352     2.1979     2.5997      8.034     2.8589     0.5032 5.5708e+01     0.0906    97.7597     7.0678     7.1279    31.3981    31.4034    24.7527    24.7584    7.15246 0.0000e+00
      19391      4.894     5.6104     5.6029   3.083809   3.083346     2.1992     2.6001      8.032     2.9199     0.5032 5.6617e+01     0.0910    97.7510     7.0735     7.1356    31.3988    31.4006    24.7536    24.7558    7.15295 0.0000e+00
      19394      4.849     5.6076     5.6039   3.083473   3.083449     2.1992     2.6005      8.034     2.9098     0.5032 5.7408e+01     0.0917    97.7336     7.0734     7.1443    31.3976    31.4008    24.7530    24.7560    7.15348 0.0000e+00
      19397      4.811     5.5959     5.6046   3.082746   3.083393     2.1988     2.6005      8.029     2.9199     5.2012 5.7011e+01     0.0913    97.7423     7.0729     7.1508    31.4004    31.3996    24.7565    24.7549    7.15537 0.0000e+00
