Datasets/AZMP/HUD120/hud120_2020_088.cnv
* Sea-Bird SBE 9 Data File:
* FileName = C:\CTDDATA\hud120_2020_088.hex
* Software Version Seasave V 7.26.7.110
* Temperature SN = 1697
* Conductivity SN = 4216
* Number of Bytes Per Scan = 30
* Number of Voltage Words = 4
* Number of Scans Averaged by the Deck Unit = 1
* NMEA baud rate = 4800
** VESSEL/TRIP/SEQ STN:  hud120_2020_088
** LATITUDE XX XX.XX: 48 50.00 N
** LONGITUDE XX XX.XX: 052 39.00 W
** SOUNDING DEPTH (M): 0256
** PROBE TYPE: S1146
** CTD NUMBER: 065
** FORMAT: V
** COMMENTS (14 CHAR): BB-03
** BOTTLES:  10
** LEVELS: 5,10,20,30,40,50,75,100,150,BTM
** STICKERS: 439946 - 439955
** VNET: Y
** DO2: N
# nquan = 22
# nvalues = 5818                        
# units = specified
# name 0 = scan: Scan Count
# name 1 = prDM: Pressure, Digiquartz [db]
# name 2 = t090C: Temperature [ITS-90, deg C]
# name 3 = t190C: Temperature, 2 [ITS-90, deg C]
# name 4 = c0S/m: Conductivity [S/m]
# name 5 = c1S/m: Conductivity, 2 [S/m]
# name 6 = sbeox0V: Oxygen raw, SBE 43 [V]
# name 7 = sbeox1V: Oxygen raw, SBE 43, 2 [V]
# name 8 = ph: pH
# name 9 = flECO-AFL: Fluorescence, WET Labs ECO-AFL/FL [mg/m^3]
# name 10 = wetCDOM: Fluorescence, WET Labs CDOM [mg/m^3]
# name 11 = par/sat/log: PAR/Logarithmic, Satlantic [umol photons/m^2/sec]
# name 12 = CStarAt0: Beam Attenuation, WET Labs C-Star [1/m]
# name 13 = CStarTr0: Beam Transmission, WET Labs C-Star [%]
# name 14 = sbeox0ML/L: Oxygen, SBE 43 [ml/l], WS = 2
# name 15 = sbeox1ML/L: Oxygen, SBE 43, 2 [ml/l], WS = 2
# name 16 = sal00: Salinity, Practical [PSU]
# name 17 = sal11: Salinity, Practical, 2 [PSU]
# name 18 = sigma-t00: Density [sigma-t, kg/m^3 ]
# name 19 = sigma-t11: Density, 2 [sigma-t, kg/m^3 ]
# name 20 = oxsatML/L: Oxygen Saturation, Weiss [ml/l]
# name 21 = flag: flag
# span 0 =         80,      37380       
# span 1 =      1.849,    243.997       
# span 2 =    -0.2838,     2.8490       
# span 3 =    -0.2885,     2.8443       
# span 4 =   2.735519,   2.889175       
# span 5 =   2.735084,   2.888631       
# span 6 =     1.8797,     2.1966       
# span 7 =     2.2229,     2.6206       
# span 8 =      8.050,      8.170       
# span 9 =     0.9155,     3.9273       
# span 10 =    -2.8130,   482.1870      
# span 11 = 1.0690e-01, 2.7422e-01      
# span 12 =     0.0874,     0.3219      
# span 13 =    92.2662,    97.8379      
# span 14 =     6.7383,     7.7230      
# span 15 =     6.8684,     7.9358      
# span 16 =    31.7644,    33.6042      
# span 17 =    31.7637,    33.6022      
# span 18 =    25.3197,    26.9489      
# span 19 =    25.3194,    26.9476      
# span 20 =    7.63743,    8.21642      
# span 21 = 0.0000e+00, 0.0000e+00      
# interval = scans: 3                   
# start_time = Nov 27 2020 23:45:11 [System UTC, header]
# bad_flag = -9.990e-29
*END*
[from data line 5729]
      34799      6.337     2.7952     2.7913   2.884690   2.884188     2.1948     2.6190      8.169     2.8589    16.3738 1.0715e-01     0.1249    96.9252     7.6071     7.7870    31.7760    31.7738    25.3291    25.3276    7.64779 0.0000e+00
      34808      6.282     2.7999     2.7911   2.885053   2.884194     2.1952     2.6198      8.169     2.8589   171.3290 1.0715e-01     0.1242    96.9426     7.6115     7.7821    31.7759    31.7741    25.3286    25.3279    7.64691 0.0000e+00
      34823      6.194     2.8093     2.7912   2.885812   2.884178     2.1948     2.6206      8.169     2.8793   481.2395 1.0715e-01     0.1249    96.9252     7.6137     7.7661    31.7758    31.7738    25.3277    25.3276    7.64508 0.0000e+00
      34826      6.171     2.8100     2.7945   2.885874   2.884550     2.1948     2.6198      8.169     2.8691   481.2790 1.0715e-01     0.1249    96.9252     7.6128     7.7591    31.7758    31.7751    25.3277    25.3284    7.64494 0.0000e+00
      34829      6.143     2.8102     2.7990   2.885831   2.884903     2.1948     2.6190      8.169     2.8894   476.8573 1.0715e-01     0.1249    96.9252     7.6114     7.7512    31.7751    31.7749    25.3271    25.3279    7.64494 0.0000e+00
      34832      6.109     2.8096     2.8017   2.885782   2.884965     2.1952     2.6186      8.169     2.8691    66.0385 1.0715e-01     0.1249    96.9252     7.6089     7.7448    31.7752    31.7731    25.3272    25.3262    7.64506 0.0000e+00
      34835      6.075     2.8075     2.7994   2.885613   2.884853     2.1956     2.6182      8.169     2.8487    12.6233 1.0715e-01     0.1249    96.9252     7.6065     7.7373    31.7752    31.7740    25.3274    25.3271    7.64546 0.0000e+00
      34838      6.034     2.8039     2.8003   2.885276   2.884957     2.1951     2.6182      8.169     2.7572    14.9525 1.0715e-01     0.1249    96.9252     7.6029     7.7337    31.7747    31.7744    25.3273    25.3273    7.64618 0.0000e+00
      34841      5.993     2.8001     2.7983   2.884935   2.884677     2.1956     2.6174      8.169     2.7673    14.8341 1.0715e-01     0.1253    96.9165     7.6041     7.7270    31.7744    31.7730    25.3274    25.3264    7.64694 0.0000e+00
      34844      5.944     2.7903     2.7901   2.884114   2.883960     2.1964     2.6178      8.169     2.7470    14.8341 1.0715e-01     0.1249    96.9252     7.6109     7.7290    31.7741    31.7724    25.3279    25.3267    7.64884 0.0000e+00
      34847      5.888     2.7873     2.7868   2.883915   2.883803     2.1951     2.6178      8.169     2.7673    14.8341 1.0715e-01     0.1245    96.9339     7.6053     7.7300    31.7747    31.7739    25.3287    25.3280    7.64940 0.0000e+00
      34850      5.829     2.7824     2.7837   2.883663   2.883475     2.1947     2.6161      8.169     2.7572    14.8341 1.0715e-01     0.1245    96.9339     7.6027     7.7264    31.7766    31.7729    25.3305    25.3275    7.65026 0.0000e+00
      34853      5.767     2.7890     2.7801   2.884232   2.883246     2.1947     2.6161      8.169     2.7470    14.8341 1.0715e-01     0.1249    96.9252     7.5982     7.7279    31.7769    31.7738    25.3303    25.3285    7.64895 0.0000e+00
      34856      5.695     2.7924     2.7809   2.884563   2.883446     2.1951     2.6153      8.169     2.7775    94.5028 1.0715e-01     0.1249    96.9252     7.5988     7.7239    31.7776    31.7755    25.3306    25.3298    7.64826 0.0000e+00
      34859      5.623     2.8000     2.7884   2.885208   2.884126     2.1947     2.6157      8.169     2.7775   475.5150 1.0715e-01     0.1249    96.9252     7.6003     7.7234    31.7779    31.7763    25.3302    25.3298    7.64677 0.0000e+00
      34862      5.548     2.8047     2.7958   2.885473   2.884642     2.1943     2.6157      8.169     2.7673   481.3974 1.0715e-01     0.1256    96.9079     7.5984     7.7219    31.7766    31.7753    25.3287    25.3285    7.64593 0.0000e+00
      34865      5.472     2.8065     2.7991   2.885601   2.884900     2.1951     2.6149      8.169     2.7775   481.2395 1.0715e-01     0.1260    96.8992     7.5998     7.7178    31.7764    31.7752    25.3285    25.3281    7.64560 0.0000e+00
      34868      5.391     2.8080     2.8057   2.885682   2.885442     2.1947     2.6149      8.169     2.7877   481.2395 1.0715e-01     0.1260    96.8992     7.5986     7.7173    31.7759    31.7753    25.3279    25.3276    7.64532 0.0000e+00
      34871      5.310     2.8088     2.8082   2.885741   2.885532     2.1947     2.6145      8.169     2.8080   481.2395 1.0715e-01     0.1260    96.8992     7.6008     7.7169    31.7759    31.7740    25.3278    25.3264    7.64517 0.0000e+00
      34874      5.233     2.8096     2.8073   2.885771   2.885422     2.1947     2.6141      8.169     2.7978   481.2790 1.0715e-01     0.1260    96.8992     7.5979     7.7172    31.7755    31.7735    25.3275    25.3261    7.64504 0.0000e+00
      34877      5.156     2.8073     2.8073   2.885508   2.885431     2.1939     2.6137      8.169     2.7877   481.2790 1.0715e-01     0.1260    96.8992     7.5923     7.7172    31.7746    31.7737    25.3270    25.3263    7.64553 0.0000e+00
      34880      5.087     2.8048     2.8047   2.885348   2.885186     2.1956     2.6129      8.169     2.7877   481.3184 1.0715e-01     0.1260    96.8992     7.5984     7.7164    31.7752    31.7733    25.3276    25.3262    7.64598 0.0000e+00
      34883      5.018     2.8030     2.8024   2.885189   2.885035     2.1964     2.6137      8.169     2.7775   275.6722 1.0715e-01     0.1242    96.9426     7.6043     7.7196    31.7750    31.7738    25.3276    25.3267    7.64633 0.0000e+00
      34886      4.953     2.8006     2.8035   2.885003   2.885141     2.1943     2.6121      8.169     2.7775    -0.8785 1.0715e-01     0.1238    96.9513     7.5948     7.7176    31.7753    31.7740    25.3280    25.3268    7.64680 0.0000e+00
      34889      4.897     2.7991     2.8030   2.884887   2.885084     2.1943     2.6125      8.169     2.6859     6.8988 1.0715e-01     0.1238    96.9513     7.5904     7.7208    31.7753    31.7738    25.3282    25.3267    7.64707 0.0000e+00
      34892      4.843     2.7989     2.8031   2.884916   2.885093     2.1947     2.6125      8.169     2.6656     6.6620 1.0715e-01     0.1238    96.9513     7.5909     7.7230    31.7760    31.7739    25.3287    25.3267    7.64709 0.0000e+00
      34895      4.800     2.7978     2.8024   2.884763   2.885022     2.1939     2.6117      8.169     2.6656     6.6620 1.0715e-01     0.1238    96.9513     7.5868     7.7248    31.7752    31.7737    25.3282    25.3267    7.64734 0.0000e+00
      34898      4.762     2.7918     2.8003   2.884328   2.884830     2.1939     2.6121      8.169     2.6656     6.6620 1.0715e-01     0.1238    96.9513     7.5869     7.7288    31.7759    31.7735    25.3292    25.3267    7.64847 0.0000e+00
      34901      4.731     2.7910     2.7976   2.884355   2.884596     2.1935     2.6125      8.169     2.6656     6.6620 1.0715e-01     0.1238    96.9513     7.5834     7.7338    31.7769    31.7734    25.3301    25.3267    7.64856 0.0000e+00
      35006      4.707     2.7889     2.7886   2.884129   2.883920     2.1935     2.6092      8.169     2.7368     8.0043 1.0715e-01     0.1260    96.8992     7.5872     7.7222    31.7763    31.7741    25.3298    25.3280    7.64900 0.0000e+00
      35060      4.664     2.7874     2.7852   2.883996   2.883671     2.1931     2.6072      8.169     2.7775     8.6754 1.0715e-01     0.1271    96.8731     7.5906     7.7141    31.7762    31.7744    25.3299    25.3286    7.64930 0.0000e+00
      35063      4.620     2.7868     2.7854   2.883954   2.883654     2.1923     2.6076      8.169     2.7470     8.6754 1.0715e-01     0.1267    96.8818     7.5852     7.7200    31.7763    31.7741    25.3300    25.3283    7.64941 0.0000e+00
      35066      4.581     2.7863     2.7853   2.883936   2.883642     2.1927     2.6076      8.169     2.7673     8.0832 1.0715e-01     0.1256    96.9079     7.5896     7.7257    31.7766    31.7740    25.3302    25.3283    7.64949 0.0000e+00
      35069      4.544     2.7868     2.7849   2.883953   2.883643     2.1915     2.6076      8.169     2.7673     6.8593 1.1018e-01     0.1249    96.9252     7.5848     7.7304    31.7763    31.7745    25.3300    25.3287    7.64941 0.0000e+00
      35072      4.511     2.7868     2.7849   2.883919   2.883615     2.1927     2.6076      8.169     2.8793     6.8988 1.0752e-01     0.1249    96.9252     7.5893     7.7343    31.7760    31.7741    25.3297    25.3284    7.64944 0.0000e+00
      35075      4.484     2.7860     2.7842   2.883883   2.883568     2.1931     2.6076      8.169     2.9098     6.8988 1.0727e-01     0.1253    96.9165     7.5951     7.7379    31.7763    31.7743    25.3301    25.3286    7.64957 0.0000e+00
      36691      4.421     2.7712     2.7686   2.882548   2.882233     2.1939     2.6063      8.169     2.7368    -1.3918 1.0715e-01     0.1282    96.8470     7.6020     7.7376    31.7748    31.7735    25.3300    25.3292    7.65250 0.0000e+00
      36694      4.350     2.7709     2.7687   2.882540   2.882233     2.1943     2.6059      8.169     2.7368    -1.3918 1.0715e-01     0.1282    96.8470     7.6071     7.7373    31.7750    31.7735    25.3302    25.3291    7.65256 0.0000e+00
      36697      4.301     2.7709     2.7686   2.882545   2.882210     2.1939     2.6080      8.169     2.7673    -1.3918 1.0715e-01     0.1278    96.8557     7.6060     7.7477    31.7751    31.7733    25.3303    25.3291    7.65255 0.0000e+00
      36889      4.266     2.7777     2.7737   2.883152   2.882664     2.1935     2.6100      8.169     2.6045     7.1752 1.0715e-01     0.1307    96.7862     7.5981     7.7428    31.7757    31.7739    25.3303    25.3291    7.65119 0.0000e+00
      36987      4.193     2.7800     2.7758   2.883368   2.882853     2.1935     2.6092      8.169     2.5536    11.3995 1.0715e-01     0.1318    96.7601     7.5983     7.7353    31.7761    31.7741    25.3304    25.3291    7.65073 0.0000e+00
      36990      4.119     2.7798     2.7759   2.883362   2.882878     2.1931     2.6108      8.169     2.5435    11.3995 1.0715e-01     0.1318    96.7601     7.5967     7.7435    31.7763    31.7744    25.3305    25.3293    7.65076 0.0000e+00
      36993      4.045     2.7801     2.7758   2.883355   2.882876     2.1927     2.6104      8.169     2.5333    11.3995 1.0715e-01     0.1314    96.7688     7.5919     7.7404    31.7760    31.7744    25.3303    25.3294    7.65073 0.0000e+00
      36996      3.975     2.7798     2.7756   2.883331   2.882867     2.1931     2.6112      8.169     2.5435    11.3995 1.0715e-01     0.1314    96.7688     7.5908     7.7425    31.7760    31.7746    25.3303    25.3295    7.65078 0.0000e+00
      36999      3.909     2.7795     2.7754   2.883336   2.882837     2.1935     2.6104      8.169     2.5333    11.4390 1.0715e-01     0.1314    96.7688     7.5955     7.7430    31.7764    31.7744    25.3307    25.3294    7.65082 0.0000e+00
      37002      3.847     2.7796     2.7755   2.883323   2.882852     2.1935     2.6100      8.169     2.5638    30.2705 1.0715e-01     0.1314    96.7688     7.5976     7.7415    31.7763    31.7745    25.3305    25.3295    7.65082 0.0000e+00
      37005      3.788     2.7797     2.7755   2.883314   2.882841     2.1935     2.6112      8.169     2.5435   442.2342 1.0715e-01     0.1256    96.9079     7.5976     7.7439    31.7760    31.7745    25.3304    25.3294    7.65081 0.0000e+00
      37008      3.738     2.7796     2.7754   2.883304   2.882840     2.1935     2.6100      8.169     2.6045   481.2790 1.0715e-01     0.1260    96.8992     7.5992     7.7366    31.7760    31.7745    25.3303    25.3295    7.65081 0.0000e+00
      37011      3.683     2.7796     2.7754   2.883306   2.882819     2.1943     2.6116      8.169     2.7063   481.0816 1.0715e-01     0.1260    96.8992     7.6024     7.7393    31.7760    31.7743    25.3303    25.3293    7.65081 0.0000e+00
      37014      3.632     2.7796     2.7755   2.883313   2.882828     2.1931     2.6104      8.169     2.6961   481.2790 1.0715e-01     0.1260    96.8992     7.5979     7.7292    31.7762    31.7743    25.3304    25.3293    7.65081 0.0000e+00
      37017      3.585     2.7799     2.7752   2.883314   2.882827     2.1923     2.6092      8.169     2.6859   481.2790 1.0715e-01     0.1256    96.9079     7.5935     7.7236    31.7759    31.7747    25.3302    25.3296    7.65077 0.0000e+00
      37020      3.544     2.7801     2.7754   2.883333   2.882827     2.1927     2.6108      8.169     2.6961   481.3184 1.0715e-01     0.1260    96.8992     7.5919     7.7288    31.7761    31.7745    25.3303    25.3295    7.65073 0.0000e+00
      37023      3.506     2.7799     2.7757   2.883342   2.882834     2.1939     2.6120      8.169     2.6961   481.2790 1.0880e-01     0.1264    96.8905     7.5956     7.7317    31.7764    31.7743    25.3305    25.3293    7.65075 0.0000e+00
      37026      3.471     2.7801     2.7756   2.883322   2.882843     2.1931     2.6112      8.169     2.6961   481.2395 1.0905e-01     0.1260    96.8992     7.5908     7.7242    31.7759    31.7746    25.3302    25.3295    7.65073 0.0000e+00
      37029      3.440     2.7798     2.7758   2.883314   2.882813     2.1927     2.6096      8.169     2.6859   481.2790 1.0703e-01     0.1260    96.8992     7.5893     7.7154    31.7761    31.7740    25.3304    25.3290    7.65077 0.0000e+00
      37032      3.409     2.7793     2.7758   2.883292   2.882787     2.1931     2.6088      8.169     2.7063   481.3184 1.0715e-01     0.1260    96.8992     7.5944     7.7094    31.7764    31.7737    25.3306    25.3288    7.65087 0.0000e+00
      37035      3.381     2.7797     2.7757   2.883285   2.882815     2.1931     2.6088      8.169     2.8081   481.3184 1.1357e-01     0.1264    96.8905     7.5955     7.7025    31.7759    31.7741    25.3302    25.3291    7.65081 0.0000e+00
      37044      3.322     2.7796     2.7750   2.883290   2.882764     2.1939     2.6080      8.169     2.8488   480.5684 1.0765e-01     0.1267    96.8818     7.6034     7.6884    31.7760    31.7743    25.3303    25.3293    7.65081 0.0000e+00
      37057      3.248     2.7798     2.7742   2.883298   2.882697     2.1927     2.6059      8.169     2.8488    77.4479 1.7475e-01     0.1282    96.8470     7.6016     7.6621    31.7760    31.7743    25.3303    25.3294    7.65078 0.0000e+00
      37060      3.224     2.7798     2.7740   2.883303   2.882697     2.1931     2.6055      8.169     2.8894    -1.0759 1.3377e-01     0.1282    96.8470     7.6039     7.6582    31.7761    31.7745    25.3304    25.3295    7.65078 0.0000e+00
      37063      3.198     2.7798     2.7745   2.883305   2.882733     2.1931     2.6047      8.169     2.9709     2.0429 1.0913e-01     0.1282    96.8470     7.6052     7.6530    31.7762    31.7745    25.3304    25.3295    7.65078 0.0000e+00
      37066      3.168     2.7800     2.7747   2.883315   2.882729     2.1931     2.6039      8.169     2.9709     1.9245 1.7240e-01     0.1278    96.8557     7.6050     7.6516    31.7760    31.7742    25.3303    25.3292    7.65074 0.0000e+00
      37069      3.133     2.7796     2.7747   2.883301   2.882720     2.1931     2.6027      8.169     2.9810     1.9245 2.3567e-01     0.1282    96.8470     7.6052     7.6533    31.7763    31.7741    25.3305    25.3292    7.65080 0.0000e+00
      37072      3.093     2.7798     2.7741   2.883286   2.882705     2.1935     2.6027      8.169     2.9709     1.9245 1.4562e-01     0.1282    96.8470     7.6066     7.6574    31.7759    31.7745    25.3303    25.3296    7.65079 0.0000e+00
      37075      3.046     2.7799     2.7737   2.883285   2.882655     2.1931     2.6019      8.169     2.9810     1.9245 1.1068e-01     0.1282    96.8470     7.6029     7.6589    31.7759    31.7744    25.3301    25.3295    7.65077 0.0000e+00
