Datasets/AZMP/HUD120/hud120_2020_078.cnv
* Sea-Bird SBE 9 Data File:
* FileName = C:\CTDDATA\hud120_2020_078.hex
* Software Version Seasave V 7.26.7.110
* Temperature SN = 1697
* Conductivity SN = 4216
* Number of Bytes Per Scan = 30
* Number of Voltage Words = 4
* Number of Scans Averaged by the Deck Unit = 1
* NMEA baud rate = 4800
** VESSEL/TRIP/SEQ STN:  hud120_2020_078
** LATITUDE XX XX.XX: 47 32.80 N
** LONGITUDE XX XX.XX: 052 35.20 W
** SOUNDING DEPTH (M): 0181
** PROBE TYPE: S1146
** CTD NUMBER: 057
** FORMAT: V
** COMMENTS (14 CHAR): S27-01
** BOTTLES:  10
** LEVELS: 5,10,20,30,40,50,75,100,150,BTM
** STICKERS: 439892 - 439901
** VNET: Y
** DO2: N
# nquan = 22
# nvalues = 3560                        
# units = specified
# name 0 = scan: Scan Count
# name 1 = prDM: Pressure, Digiquartz [db]
# name 2 = t090C: Temperature [ITS-90, deg C]
# name 3 = t190C: Temperature, 2 [ITS-90, deg C]
# name 4 = c0S/m: Conductivity [S/m]
# name 5 = c1S/m: Conductivity, 2 [S/m]
# name 6 = sbeox0V: Oxygen raw, SBE 43 [V]
# name 7 = sbeox1V: Oxygen raw, SBE 43, 2 [V]
# name 8 = ph: pH
# name 9 = flECO-AFL: Fluorescence, WET Labs ECO-AFL/FL [mg/m^3]
# name 10 = wetCDOM: Fluorescence, WET Labs CDOM [mg/m^3]
# name 11 = par/sat/log: PAR/Logarithmic, Satlantic [umol photons/m^2/sec]
# name 12 = CStarAt0: Beam Attenuation, WET Labs C-Star [1/m]
# name 13 = CStarTr0: Beam Transmission, WET Labs C-Star [%]
# name 14 = sbeox0ML/L: Oxygen, SBE 43 [ml/l], WS = 2
# name 15 = sbeox1ML/L: Oxygen, SBE 43, 2 [ml/l], WS = 2
# name 16 = sal00: Salinity, Practical [PSU]
# name 17 = sal11: Salinity, Practical, 2 [PSU]
# name 18 = sigma-t00: Density [sigma-t, kg/m^3 ]
# name 19 = sigma-t11: Density, 2 [sigma-t, kg/m^3 ]
# name 20 = oxsatML/L: Oxygen Saturation, Weiss [ml/l]
# name 21 = flag: flag
# span 0 =        122,      31944       
# span 1 =      2.280,    172.091       
# span 2 =    -0.4628,     4.3302       
# span 3 =    -0.4680,     4.3261       
# span 4 =   2.707451,   2.982500       
# span 5 =   2.706740,   2.982021       
# span 6 =     1.8869,     2.2059       
# span 7 =     2.2357,     2.6297       
# span 8 =      7.997,      8.149       
# span 9 =     1.0681,     6.0335       
# span 10 =    -2.8130,   482.1870      
# span 11 = 1.0641e-01, 3.6875e-01      
# span 12 =     0.1006,     0.3223      
# span 13 =    92.2575,    97.5163      
# span 14 =     6.9412,     7.6360      
# span 15 =     7.0674,     7.8412      
# span 16 =    31.4418,    33.1895      
# span 17 =    31.4404,    33.1887      
# span 18 =    24.9246,    26.6616      
# span 19 =    24.9239,    26.6613      
# span 20 =    7.37688,    8.25792      
# span 21 = 0.0000e+00, 0.0000e+00      
# interval = scans: 3                   
# start_time = Nov 26 2020 20:16:35 [System UTC, header]
# bad_flag = -9.990e-29
*END*
[from data line 3095]
      21336     32.670     3.9288     3.9243   2.961642   2.961134     2.1852     2.6013      8.141     2.2281   481.2790 1.0727e-01     0.1056    97.3946     7.3711     7.5028    31.5746    31.5729    25.0690    25.0681    7.44378 0.0000e+00
      21339     32.593     3.9283     3.9242   2.961654   2.961140     2.1852     2.6013      8.141     2.1975   481.2790 1.0727e-01     0.1056    97.3946     7.3714     7.5023    31.5752    31.5732    25.0695    25.0683    7.44383 0.0000e+00
      21342     32.520     3.9285     3.9242   2.961647   2.961132     2.1852     2.6013      8.141     2.2077   131.1789 1.0715e-01     0.1070    97.3598     7.3699     7.5012    31.5750    31.5731    25.0693    25.0683    7.44381 0.0000e+00
      21345     32.447     3.9287     3.9238   2.961651   2.961111     2.1848     2.6009      8.141     2.1975     7.4910 1.0727e-01     0.1088    97.3164     7.3683     7.4993    31.5749    31.5733    25.0693    25.0684    7.44378 0.0000e+00
      21348     32.373     3.9290     3.9239   2.961642   2.961099     2.1856     2.6013      8.141     2.2077    12.8996 1.0715e-01     0.1088    97.3164     7.3710     7.5018    31.5745    31.5731    25.0689    25.0683    7.44374 0.0000e+00
      21351     32.301     3.9290     3.9245   2.961648   2.961129     2.1860     2.6013      8.141     2.2077    12.6233 1.0715e-01     0.1088    97.3164     7.3725     7.5024    31.5746    31.5729    25.0690    25.0681    7.44373 0.0000e+00
      21354     32.228     3.9294     3.9245   2.961679   2.961142     2.1848     2.6013      8.141     2.2077    12.6628 1.0715e-01     0.1088    97.3164     7.3666     7.5025    31.5747    31.5730    25.0690    25.0681    7.44366 0.0000e+00
      21357     32.155     3.9308     3.9245   2.961772   2.961150     2.1856     2.6005      8.141     2.2077    12.6233 1.0715e-01     0.1088    97.3164     7.3718     7.5019    31.5744    31.5732    25.0687    25.0683    7.44341 0.0000e+00
      21360     32.086     3.9313     3.9249   2.961765   2.961152     2.1856     2.6013      8.141     2.2077    12.6233 1.0715e-01     0.1092    97.3077     7.3714     7.5079    31.5739    31.5729    25.0682    25.0680    7.44335 0.0000e+00
      21363     32.017     3.9309     3.9253   2.961728   2.961166     2.1856     2.6013      8.141     2.2383    12.6233 1.0715e-01     0.1081    97.3338     7.3692     7.5096    31.5739    31.5727    25.0682    25.0679    7.44342 0.0000e+00
      21366     31.946     3.9312     3.9261   2.961772   2.961238     2.1852     2.6013      8.141     2.2484    43.3775 1.0715e-01     0.1077    97.3425     7.3669     7.5103    31.5741    31.5728    25.0684    25.0678    7.44335 0.0000e+00
      21369     31.875     3.9326     3.9274   2.961841   2.961301     2.1852     2.6013      8.141     2.2484   451.5907 1.0715e-01     0.1077    97.3425     7.3652     7.5116    31.5737    31.5723    25.0679    25.0673    7.44312 0.0000e+00
      21372     31.806     3.9335     3.9284   2.961896   2.961349     2.1852     2.6021      8.141     2.2281   481.4764 1.0715e-01     0.1077    97.3425     7.3654     7.5159    31.5734    31.5719    25.0676    25.0669    7.44296 0.0000e+00
      21375     31.737     3.9349     3.9303   2.961950   2.961491     2.1869     2.6017      8.141     2.2586   481.1211 1.0715e-01     0.1077    97.3425     7.3731     7.5142    31.5728    31.5718    25.0670    25.0666    7.44274 0.0000e+00
      21378     31.672     3.9352     3.9313   2.961994   2.961514     2.1856     2.6009      8.141     2.2383   481.2395 1.0715e-01     0.1077    97.3425     7.3679     7.5104    31.5731    31.5712    25.0672    25.0661    7.44267 0.0000e+00
      21381     31.604     3.9353     3.9318   2.961972   2.961573     2.1873     2.6013      8.141     2.2383   481.2790 1.0715e-01     0.1077    97.3425     7.3739     7.5124    31.5727    31.5714    25.0669    25.0662    7.44266 0.0000e+00
      21384     31.537     3.9357     3.9325   2.962021   2.961588     2.1852     2.6025      8.141     2.2281   481.2790 1.0715e-01     0.1077    97.3425     7.3640     7.5163    31.5730    31.5710    25.0671    25.0658    7.44259 0.0000e+00
      21387     31.468     3.9362     3.9326   2.962043   2.961587     2.1852     2.6021      8.141     2.2586   481.2395 1.0715e-01     0.1077    97.3425     7.3648     7.5127    31.5728    31.5709    25.0668    25.0657    7.44250 0.0000e+00
      21390     31.401     3.9362     3.9326   2.962039   2.961598     2.1856     2.6021      8.141     2.3094   481.2395 1.0715e-01     0.1077    97.3425     7.3671     7.5115    31.5727    31.5711    25.0668    25.0658    7.44250 0.0000e+00
      21393     31.331     3.9363     3.9320   2.962050   2.961595     2.1860     2.6025      8.141     2.3298   352.9721 1.0715e-01     0.1077    97.3425     7.3659     7.5129    31.5728    31.5716    25.0669    25.0663    7.44248 0.0000e+00
      21396     31.263     3.9362     3.9320   2.962035   2.961602     2.1864     2.6029      8.141     2.3298    -2.2208 1.0715e-01     0.1077    97.3425     7.3651     7.5131    31.5728    31.5718    25.0669    25.0664    7.44250 0.0000e+00
      21399     31.193     3.9360     3.9319   2.962026   2.961575     2.1860     2.6017      8.141     2.3298     5.6750 1.0715e-01     0.1077    97.3425     7.3645     7.5093    31.5729    31.5715    25.0669    25.0662    7.44253 0.0000e+00
      21402     31.122     3.9362     3.9318   2.962053   2.961578     2.1860     2.6021      8.141     2.3400     5.8329 1.0715e-01     0.1077    97.3425     7.3660     7.5087    31.5731    31.5718    25.0671    25.0664    7.44249 0.0000e+00
      21405     31.052     3.9360     3.9316   2.962025   2.961545     2.1860     2.6029      8.141     2.3298     5.8329 1.0715e-01     0.1060    97.3859     7.3664     7.5098    31.5729    31.5715    25.0670    25.0663    7.44253 0.0000e+00
      21408     30.980     3.9358     3.9319   2.962042   2.961554     2.1856     2.6025      8.141     2.3298     5.8329 1.0715e-01     0.1060    97.3859     7.3649     7.5071    31.5733    31.5714    25.0673    25.0662    7.44254 0.0000e+00
      21411     30.907     3.9360     3.9318   2.962051   2.961527     2.1869     2.6017      8.141     2.3196     5.8329 1.0715e-01     0.1060    97.3859     7.3679     7.5028    31.5734    31.5712    25.0673    25.0661    7.44251 0.0000e+00
      21414     30.834     3.9365     3.9315   2.962060   2.961517     2.1864     2.6025      8.141     2.3909     5.8329 1.0715e-01     0.1063    97.3772     7.3668     7.5038    31.5730    31.5714    25.0670    25.0662    7.44243 0.0000e+00
      21417     30.756     3.9363     3.9313   2.962042   2.961525     2.1852     2.6025      8.141     2.4926     5.8329 1.0715e-01     0.1063    97.3772     7.3612     7.5037    31.5730    31.5718    25.0670    25.0665    7.44247 0.0000e+00
      21420     30.680     3.9359     3.9315   2.962005   2.961531     2.1864     2.6021      8.141     2.4926   264.8944 1.0715e-01     0.1063    97.3772     7.3675     7.5036    31.5730    31.5716    25.0670    25.0664    7.44254 0.0000e+00
      21423     30.604     3.9355     3.9314   2.961983   2.961483     2.1869     2.6021      8.141     2.4825   481.8317 1.0715e-01     0.1067    97.3685     7.3696     7.5048    31.5732    31.5712    25.0672    25.0661    7.44261 0.0000e+00
      21426     30.529     3.9355     3.9314   2.961998   2.961502     2.1860     2.6025      8.141     2.4825   480.9632 1.0715e-01     0.1074    97.3512     7.3651     7.5052    31.5734    31.5715    25.0674    25.0663    7.44260 0.0000e+00
      21429     30.454     3.9354     3.9316   2.962017   2.961530     2.1860     2.6025      8.141     2.4825   481.2395 1.0715e-01     0.1074    97.3512     7.3647     7.5058    31.5738    31.5717    25.0677    25.0664    7.44260 0.0000e+00
      21432     30.379     3.9357     3.9319   2.962003   2.961523     2.1852     2.6021      8.141     2.4926   481.2790 1.0715e-01     0.1074    97.3512     7.3601     7.5059    31.5734    31.5713    25.0674    25.0661    7.44257 0.0000e+00
      21435     30.303     3.9358     3.9315   2.961991   2.961489     2.1864     2.6017      8.141     2.4723   481.2395 1.0715e-01     0.1070    97.3598     7.3641     7.5039    31.5731    31.5714    25.0671    25.0662    7.44255 0.0000e+00
      21438     30.229     3.9360     3.9311   2.961992   2.961467     2.1869     2.6017      8.141     2.4825   481.2395 1.0715e-01     0.1070    97.3598     7.3671     7.5030    31.5730    31.5715    25.0670    25.0664    7.44253 0.0000e+00
      21441     30.159     3.9359     3.9307   2.962001   2.961426     2.1869     2.6021      8.141     2.3807   481.2790 1.0715e-01     0.1074    97.3512     7.3662     7.5059    31.5733    31.5714    25.0673    25.0663    7.44254 0.0000e+00
      21444     30.088     3.9364     3.9308   2.962013   2.961453     2.1860     2.6025      8.141     2.3400   481.2395 1.0715e-01     0.1070    97.3598     7.3599     7.5067    31.5730    31.5717    25.0669    25.0666    7.44246 0.0000e+00
      21447     30.021     3.9371     3.9318   2.962036   2.961536     2.1864     2.6025      8.141     2.3298    81.5142 1.0715e-01     0.1067    97.3685     7.3631     7.5072    31.5726    31.5717    25.0666    25.0664    7.44235 0.0000e+00
      21450     29.955     3.9371     3.9324   2.962024   2.961527     2.1860     2.6025      8.141     2.3196    -2.5761 1.0715e-01     0.1063    97.3772     7.3632     7.5075    31.5725    31.5712    25.0665    25.0659    7.44235 0.0000e+00
      21453     29.897     3.9372     3.9329   2.962018   2.961545     2.1864     2.6025      8.141     2.3400    -0.5627 1.0715e-01     0.1067    97.3685     7.3656     7.5074    31.5723    31.5709    25.0664    25.0656    7.44234 0.0000e+00
      21456     29.847     3.9374     3.9332   2.962047   2.961576     2.1860     2.6021      8.141     2.3400    -0.5627 1.0715e-01     0.1067    97.3685     7.3613     7.5051    31.5725    31.5710    25.0665    25.0657    7.44230 0.0000e+00
      21459     29.810     3.9374     3.9334   2.962058   2.961543     2.1860     2.6021      8.141     2.3298    -0.5627 1.0715e-01     0.1067    97.3685     7.3592     7.5027    31.5726    31.5704    25.0666    25.0652    7.44229 0.0000e+00
      21510     29.784     3.9352     3.9300   2.961907   2.961370     2.1860     2.6025      8.141     2.3502   481.3184 1.0715e-01     0.1067    97.3685     7.3590     7.5040    31.5730    31.5717    25.0672    25.0665    7.44268 0.0000e+00
      21513     29.756     3.9350     3.9301   2.961888   2.961376     2.1856     2.6017      8.141     2.3604   481.2790 1.0715e-01     0.1070    97.3598     7.3570     7.5027    31.5729    31.5717    25.0671    25.0665    7.44271 0.0000e+00
      21516     29.727     3.9346     3.9303   2.961881   2.961379     2.1860     2.6025      8.141     2.3705   481.2790 1.0715e-01     0.1070    97.3598     7.3565     7.5070    31.5733    31.5715    25.0674    25.0664    7.44278 0.0000e+00
      21519     29.696     3.9351     3.9300   2.961878   2.961367     2.1860     2.6025      8.141     2.3604   481.3579 1.0715e-01     0.1067    97.3685     7.3561     7.5101    31.5728    31.5717    25.0670    25.0665    7.44270 0.0000e+00
      21522     29.663     3.9347     3.9300   2.961890   2.961377     2.1860     2.6017      8.141     2.4010   481.2790 1.0715e-01     0.1070    97.3598     7.3563     7.5091    31.5733    31.5718    25.0674    25.0666    7.44274 0.0000e+00
      21525     29.632     3.9345     3.9304   2.961884   2.961364     2.1860     2.6025      8.141     2.3909   160.0775 1.0727e-01     0.1084    97.3251     7.3579     7.5119    31.5735    31.5713    25.0676    25.0662    7.44278 0.0000e+00
      21528     29.598     3.9345     3.9305   2.961799   2.961393     2.1856     2.6029      8.141     2.3909    -2.4577 1.0715e-01     0.1084    97.3251     7.3592     7.5138    31.5725    31.5716    25.0667    25.0664    7.44282 0.0000e+00
      21531     29.563     3.9354     3.9308   2.961922   2.961408     2.1864     2.6013      8.141     2.3909     0.6612 1.0715e-01     0.1088    97.3164     7.3636     7.5089    31.5731    31.5715    25.0671    25.0663    7.44263 0.0000e+00
      21534     29.529     3.9367     3.9308   2.961975   2.961393     2.1868     2.6025      8.141     2.4112     0.6217 1.0715e-01     0.1088    97.3164     7.3654     7.5131    31.5724    31.5713    25.0665    25.0662    7.44242 0.0000e+00
      21537     29.500     3.9375     3.9310   2.961986   2.961394     2.1852     2.6029      8.141     2.3909     0.6217 1.0715e-01     0.1088    97.3164     7.3576     7.5156    31.5718    31.5712    25.0660    25.0660    7.44231 0.0000e+00
      21540     29.473     3.9385     3.9311   2.962019   2.961417     2.1852     2.6033      8.141     2.4010     0.6217 1.0715e-01     0.1084    97.3251     7.3558     7.5169    31.5712    31.5713    25.0654    25.0661    7.44214 0.0000e+00
      21543     29.447     3.9386     3.9312   2.962015   2.961397     2.1860     2.6037      8.141     2.4010     0.6217 1.0715e-01     0.1088    97.3164     7.3600     7.5182    31.5711    31.5709    25.0653    25.0659    7.44213 0.0000e+00
      21704     29.410     3.9366     3.9356   2.961973   2.961585     2.1877     2.6005      8.141     2.1568    10.4125 1.0715e-01     0.1070    97.3598     7.3804     7.4952    31.5726    31.5690    25.0667    25.0639    7.44243 0.0000e+00
      21707     29.360     3.9378     3.9362   2.961999   2.961606     2.1881     2.6021      8.141     2.1365   114.2424 1.0715e-01     0.1095    97.2990     7.3777     7.5000    31.5717    31.5687    25.0659    25.0636    7.44225 0.0000e+00
      21710     29.312     3.9400     3.9370   2.962084   2.961641     2.1885     2.6021      8.141     2.1467   481.2000 1.0715e-01     0.1106    97.2729     7.3737     7.5005    31.5707    31.5684    25.0648    25.0633    7.44191 0.0000e+00
      21713     29.266     3.9408     3.9374   2.962072   2.961671     2.1881     2.6013      8.141     2.1568   480.8447 1.0715e-01     0.1103    97.2816     7.3682     7.4986    31.5698    31.5683    25.0641    25.0632    7.44180 0.0000e+00
      21716     29.226     3.9408     3.9380   2.962076   2.961670     2.1885     2.6017      8.141     2.1467   481.2000 1.0715e-01     0.1106    97.2729     7.3705     7.5005    31.5699    31.5678    25.0641    25.0627    7.44179 0.0000e+00
      21719     29.189     3.9408     3.9369   2.962080   2.961638     2.1877     2.6017      8.141     2.1467   481.2790 1.0715e-01     0.1103    97.2816     7.3678     7.5011    31.5699    31.5685    25.0641    25.0634    7.44179 0.0000e+00
      21722     29.157     3.9413     3.9368   2.962083   2.961626     2.1881     2.6013      8.141     2.1467   481.2790 1.0715e-01     0.1099    97.2903     7.3693     7.4995    31.5695    31.5684    25.0637    25.0633    7.44172 0.0000e+00
      21725     29.126     3.9418     3.9369   2.962116   2.961625     2.1881     2.6021      8.141     2.1568   481.2395 1.0715e-01     0.1103    97.2816     7.3664     7.5050    31.5694    31.5684    25.0636    25.0633    7.44163 0.0000e+00
      21728     29.102     3.9416     3.9373   2.962104   2.961653     2.1885     2.6013      8.141     2.1772   481.2395 1.0715e-01     0.1088    97.3164     7.3682     7.5021    31.5695    31.5683    25.0637    25.0632    7.44167 0.0000e+00
      22161     29.074     3.9388     3.9348   2.962266   2.961799     2.1856     2.6025      8.141     2.0653   160.5118 1.0715e-01     0.1081    97.3338     7.3570     7.5005    31.5741    31.5724    25.0676    25.0667    7.44195 0.0000e+00
      22379     29.016     3.9378     3.9338   2.962357   2.961915     2.1852     2.6025      8.141     2.0042     0.1084 1.0715e-01     0.1074    97.3512     7.3550     7.4963    31.5762    31.5748    25.0694    25.0687    7.44204 0.0000e+00
