Datasets/AZMP/HUD120/hud120_2020_109.cnv
* Sea-Bird SBE 9 Data File:
* FileName = C:\CTDDATA\hud120_2020_109.hex
* Software Version Seasave V 7.26.7.110
* Temperature SN = 1697
* Conductivity SN = 4216
* Number of Bytes Per Scan = 30
* Number of Voltage Words = 4
* Number of Scans Averaged by the Deck Unit = 1
* NMEA baud rate = 4800
** VESSEL/TRIP/SEQ STN:  hud120_2020_109
** LATITUDE XX XX.XX: 47 37.80 N
** LONGITUDE XX XX.XX: 052 07.20 W
** SOUNDING DEPTH (M): 0172
** PROBE TYPE: S1146
** CTD NUMBER: 079
** FORMAT: V
** COMMENTS (14 CHAR): S27-03
** BOTTLES:  10
** LEVELS: 5,10,20,30,40,50,75,100,150,BTM
** STICKERS: 440089 - 440098
** VNET: Y
** DO2: N
# nquan = 22
# nvalues = 3411                        
# units = specified
# name 0 = scan: Scan Count
# name 1 = prDM: Pressure, Digiquartz [db]
# name 2 = t090C: Temperature [ITS-90, deg C]
# name 3 = t190C: Temperature, 2 [ITS-90, deg C]
# name 4 = c0S/m: Conductivity [S/m]
# name 5 = c1S/m: Conductivity, 2 [S/m]
# name 6 = sbeox0V: Oxygen raw, SBE 43 [V]
# name 7 = sbeox1V: Oxygen raw, SBE 43, 2 [V]
# name 8 = ph: pH
# name 9 = flECO-AFL: Fluorescence, WET Labs ECO-AFL/FL [mg/m^3]
# name 10 = wetCDOM: Fluorescence, WET Labs CDOM [mg/m^3]
# name 11 = par/sat/log: PAR/Logarithmic, Satlantic [umol photons/m^2/sec]
# name 12 = CStarAt0: Beam Attenuation, WET Labs C-Star [1/m]
# name 13 = CStarTr0: Beam Transmission, WET Labs C-Star [%]
# name 14 = sbeox0ML/L: Oxygen, SBE 43 [ml/l], WS = 2
# name 15 = sbeox1ML/L: Oxygen, SBE 43, 2 [ml/l], WS = 2
# name 16 = sal00: Salinity, Practical [PSU]
# name 17 = sal11: Salinity, Practical, 2 [PSU]
# name 18 = sigma-t00: Density [sigma-t, kg/m^3 ]
# name 19 = sigma-t11: Density, 2 [sigma-t, kg/m^3 ]
# name 20 = oxsatML/L: Oxygen Saturation, Weiss [ml/l]
# name 21 = flag: flag
# span 0 =        112,      37070       
# span 1 =      0.542,    166.971       
# span 2 =    -0.5664,     3.4081       
# span 3 =    -0.5713,     3.4036       
# span 4 =   2.696968,   2.929570       
# span 5 =   2.696917,   2.929033       
# span 6 =     1.8115,     2.2218       
# span 7 =     2.1244,     2.6208       
# span 8 =      8.015,      8.189       
# span 9 =     0.9765,     5.2500       
# span 10 =    -2.8130,   482.1870      
# span 11 = 1.0328e-01, 1.0758e+00      
# span 12 =     0.0963,     0.2718      
# span 13 =    93.4309,    97.6206      
# span 14 =     6.3941,     7.7730      
# span 15 =     6.4427,     7.8635      
# span 16 =    31.6269,    33.6084      
# span 17 =    29.8316,    33.6069      
# span 18 =    25.1609,    26.9643      
# span 19 =    23.7321,    26.9633      
# span 20 =    7.53402,    8.29055      
# span 21 = 0.0000e+00, 0.0000e+00      
# interval = scans: 3                   
# start_time = Dec 01 2020 04:26:09 [System UTC, header]
# bad_flag = -9.990e-29
*END*
[from data line 2634]
      19653     71.687     1.7559     1.6925   2.857965   2.852479     2.1189     2.5110      8.145     1.4344     0.0295 1.0715e-01     0.1124    97.2295     7.5535     7.6774    32.4606    32.4571    25.9549    25.9565    7.81748 0.0000e+00
      19656     71.535     1.7691     1.7078   2.858485   2.854217     2.1193     2.5110      8.145     1.4141     0.6217 1.0740e-01     0.1135    97.2034     7.5480     7.6689    32.4537    32.4633    25.9484    25.9604    7.81519 0.0000e+00
      19659     71.386     1.7698     1.7163   2.858807   2.854334     2.1197     2.5110      8.145     1.4141     0.6217 1.0727e-01     0.1135    97.2034     7.5482     7.6634    32.4570    32.4561    25.9511    25.9540    7.81486 0.0000e+00
      19662     71.235     1.7851     1.7208   2.859851   2.854688     2.1197     2.5110      8.145     1.4039     0.5822 1.0727e-01     0.1131    97.2121     7.5466     7.6583    32.4544    32.4559    25.9479    25.9535    7.81192 0.0000e+00
      19665     71.083     1.7957     1.6985   2.860757   2.852484     2.1201     2.5110      8.145     1.4141     0.5822 1.0715e-01     0.1131    97.2121     7.5472     7.6617    32.4550    32.4513    25.9476    25.9514    7.80977 0.0000e+00
      19668     70.925     1.8037     1.7222   2.861149   2.856267     2.1201     2.5118      8.145     1.4242     0.6217 1.0715e-01     0.1135    97.2034     7.5443     7.6560    32.4518    32.4744    25.9445    25.9683    7.80833 0.0000e+00
      19671     70.770     1.8101     1.7863   2.861957   2.860309     2.1197     2.5114      8.148     1.4141     0.5822 1.0715e-01     0.1138    97.1947     7.5409     7.6377    32.4554    32.4592    25.9469    25.9517    7.80685 0.0000e+00
      19674     70.612     1.8365     1.8021   2.864288   2.860529     2.1209     2.5114      8.149     1.4242     0.5427 1.0727e-01     0.1135    97.2034     7.5422     7.6323    32.4574    32.4457    25.9467    25.9397    7.80143 0.0000e+00
      19677     70.449     1.8516     1.7884   2.865031   2.860159     2.1213     2.5122      8.148     1.4141     0.5822 1.0752e-01     0.1110    97.2642     7.5403     7.6373    32.4513    32.4553    25.9407    25.9484    7.79873 0.0000e+00
      19680     70.285     1.8653     1.8367   2.866086   2.864459     2.1205     2.5126      8.149     1.4242     0.5032 1.0740e-01     0.1110    97.2642     7.5324     7.6288    32.4505    32.4595    25.9391    25.9484    7.79602 0.0000e+00
      19683     70.121     1.8769     1.8647   2.866662   2.865569     2.1217     2.5122      8.149     1.4242     0.3848 1.0752e-01     0.1110    97.2642     7.5356     7.6220    32.4459    32.4447    25.9346    25.9345    7.79394 0.0000e+00
      19686     69.959     1.8819     1.8718   2.866588   2.865877     2.1222     2.5122      8.149     1.4141     0.3453 1.0752e-01     0.1110    97.2642     7.5400     7.6200    32.4399    32.4414    25.9295    25.9313    7.79325 0.0000e+00
      19689     69.799     1.8800     1.8741   2.866167   2.865717     2.1213     2.5130      8.149     1.4344     0.3453 1.0752e-01     0.1110    97.2642     7.5349     7.6214    32.4366    32.4372    25.9270    25.9278    7.79379 0.0000e+00
      19692     69.639     1.8745     1.8692   2.865220   2.864813     2.1217     2.5122      8.149     1.4649     0.3848 1.0727e-01     0.1110    97.2642     7.5397     7.6183    32.4306    32.4309    25.9225    25.9232    7.79522 0.0000e+00
      19695     69.478     1.8653     1.8619   2.864248   2.863972     2.1226     2.5126      8.149     1.4751     0.3453 1.0727e-01     0.1120    97.2382     7.5440     7.6227    32.4280    32.4280    25.9211    25.9213    7.79720 0.0000e+00
      19698     69.318     1.8599     1.8554   2.863700   2.863552     2.1226     2.5130      8.149     1.4751     0.3059 1.0715e-01     0.1131    97.2121     7.5448     7.6240    32.4268    32.4295    25.9205    25.9231    7.79836 0.0000e+00
      19701     69.160     1.8539     1.8507   2.863117   2.863125     2.1222     2.5134      8.149     1.4853     0.3848 1.0715e-01     0.1131    97.2121     7.5449     7.6246    32.4257    32.4291    25.9201    25.9230    7.79960 0.0000e+00
      19704     69.009     1.8485     1.8456   2.862669   2.862261     2.1230     2.5134      8.149     1.4751     0.3848 1.0715e-01     0.1131    97.2121     7.5467     7.6227    32.4258    32.4236    25.9205    25.9189    7.80069 0.0000e+00
      19707     68.859     1.8408     1.8393   2.861979   2.861687     2.1234     2.5134      8.149     1.4853    -0.0890 1.0715e-01     0.1131    97.2121     7.5476     7.6248    32.4251    32.4230    25.9205    25.9189    7.80226 0.0000e+00
      19710     68.713     1.8352     1.8357   2.861726   2.861510     2.1238     2.5134      8.149     1.4853    -0.2469 1.0727e-01     0.1131    97.2121     7.5512     7.6260    32.4277    32.4245    25.9230    25.9204    7.80325 0.0000e+00
      19713     68.573     1.8356     1.8342   2.861557   2.861349     2.1234     2.5134      8.151     1.4853    -0.2074 1.0715e-01     0.1131    97.2121     7.5491     7.6252    32.4254    32.4242    25.9211    25.9202    7.80330 0.0000e+00
      19716     68.434     1.8325     1.8247   2.861335   2.860554     2.1242     2.5138      8.152     1.4751    -0.2074 1.0715e-01     0.1127    97.2208     7.5507     7.6274    32.4258    32.4240    25.9217    25.9208    7.80390 0.0000e+00
      19719     68.303     1.8291     1.8158   2.861138   2.860089     2.1238     2.5138      8.151     1.5463    -0.2863 1.0752e-01     0.1131    97.2121     7.5468     7.6273    32.4269    32.4275    25.9228    25.9241    7.80452 0.0000e+00
      19722     68.176     1.8324     1.8152   2.861200   2.859995     2.1250     2.5142      8.152     1.5362    -0.2074 1.0752e-01     0.1127    97.2208     7.5506     7.6251    32.4244    32.4269    25.9205    25.9238    7.80399 0.0000e+00
      19725     68.056     1.8288     1.8145   2.861133   2.860013     2.1242     2.5134      8.154     1.5463    -0.2074 1.0752e-01     0.1131    97.2121     7.5467     7.6205    32.4273    32.4280    25.9231    25.9246    7.80456 0.0000e+00
      19728     67.941     1.8349     1.8188   2.861394   2.860184     2.1238     2.5126      8.154     1.5260    -0.2074 1.0752e-01     0.1120    97.2382     7.5390     7.6160    32.4244    32.4258    25.9203    25.9226    7.80350 0.0000e+00
      19731     67.834     1.8353     1.8185   2.861295   2.860159     2.1246     2.5146      8.154     1.5362    -0.2469 1.0752e-01     0.1131    97.2121     7.5392     7.6234    32.4227    32.4258    25.9190    25.9226    7.80349 0.0000e+00
      19734     67.734     1.8362     1.8236   2.861398   2.860447     2.1250     2.5146      8.154     1.5463     0.2269 1.0740e-01     0.1131    97.2121     7.5402     7.6226    32.4232    32.4243    25.9193    25.9211    7.80330 0.0000e+00
      19737     67.638     1.8351     1.8253   2.861226   2.860545     2.1250     2.5134      8.154     1.5463     0.2269 1.0715e-01     0.1142    97.1860     7.5370     7.6160    32.4223    32.4238    25.9186    25.9205    7.80357 0.0000e+00
      19740     67.550     1.8264     1.8252   2.860544   2.860379     2.1246     2.5142      8.154     1.5362     0.2269 1.0715e-01     0.1142    97.1860     7.5332     7.6173    32.4227    32.4218    25.9196    25.9190    7.80529 0.0000e+00
      19743     67.468     1.8049     1.8226   2.859786   2.859890     2.1246     2.5134      8.154     1.5463     0.2664 1.0727e-01     0.1142    97.1860     7.5343     7.6157    32.4353    32.4185    25.9312    25.9164    7.80894 0.0000e+00
      19746     67.392     1.8188     1.8094   2.860314   2.859147     2.1254     2.5134      8.154     1.5870     0.2664 1.0715e-01     0.1142    97.1860     7.5309     7.6196    32.4278    32.4228    25.9241    25.9209    7.80656 0.0000e+00
      19749     67.324     1.8297     1.7714   2.860887   2.857470     2.1250     2.5134      8.154     1.5667     0.2269 1.0715e-01     0.1142    97.1860     7.5224     7.6269    32.4237    32.4408    25.9202    25.9380    7.80457 0.0000e+00
      19752     67.264     1.8315     1.8020   2.860905   2.859188     2.1250     2.5138      8.154     1.5667     0.1479 1.0715e-01     0.1142    97.1860     7.5172     7.6200    32.4221    32.4310    25.9187    25.9279    7.80429 0.0000e+00
      19755     67.209     1.8319     1.7998   2.860974   2.858680     2.1246     2.5142      8.154     1.5768     0.2269 1.0715e-01     0.1149    97.1686     7.5109     7.6215    32.4225    32.4269    25.9191    25.9248    7.80418 0.0000e+00
      19758     67.161     1.8353     1.7963   2.861271   2.858576     2.1250     2.5138      8.154     1.5667     0.2269 1.0715e-01     0.1159    97.1425     7.5074     7.6222    32.4229    32.4292    25.9191    25.9269    7.80350 0.0000e+00
      19761     67.114     1.8384     1.7952   2.861450   2.858509     2.1246     2.5134      8.154     1.5667     0.2269 1.0715e-01     0.1163    97.1338     7.5012     7.6214    32.4219    32.4295    25.9181    25.9272    7.80292 0.0000e+00
      19764     67.074     1.8402     1.7917   2.861557   2.858281     2.1238     2.5134      8.154     1.5463     0.1874 1.0727e-01     0.1152    97.1599     7.4932     7.6207    32.4215    32.4303    25.9177    25.9281    7.80259 0.0000e+00
      19767     67.037     1.8362     1.7864   2.861043   2.857924     2.1246     2.5138      8.154     1.5870     0.2664 1.0715e-01     0.1159    97.1425     7.4948     7.6220    32.4191    32.4312    25.9161    25.9293    7.80351 0.0000e+00
      19770     67.003     1.8263     1.7905   2.860443   2.858188     2.1230     2.5142      8.154     1.5056     0.1874 1.0727e-01     0.1159    97.1425     7.4861     7.6166    32.4218    32.4304    25.9189    25.9283    7.80536 0.0000e+00
      19773     66.972     1.8253     1.7902   2.860531   2.858131     2.1230     2.5134      8.154     1.4751     0.2664 1.0727e-01     0.1156    97.1512     7.4863     7.6089    32.4240    32.4300    25.9207    25.9280    7.80545 0.0000e+00
      19776     66.944     1.8309     1.7885   2.860902   2.857895     2.1238     2.5138      8.154     1.4955     0.2664 1.0715e-01     0.1159    97.1425     7.4895     7.6078    32.4229    32.4289    25.9195    25.9272    7.80438 0.0000e+00
      19779     66.915     1.8352     1.7762   2.861080   2.856907     2.1230     2.5138      8.154     1.4853     0.1874 1.0727e-01     0.1149    97.1686     7.4877     7.6049    32.4207    32.4291    25.9174    25.9283    7.80363 0.0000e+00
      19782     66.890     1.8249     1.7737   2.859674   2.857072     2.1222     2.5134      8.154     1.4751     0.2664 1.0715e-01     0.1152    97.1599     7.4876     7.5995    32.4137    32.4337    25.9125    25.9321    7.80607 0.0000e+00
      19785     66.864     1.8098     1.7869   2.858680   2.857717     2.1222     2.5134      8.154     1.4649     0.4638 1.0715e-01     0.1152    97.1599     7.4929     7.5913    32.4168    32.4283    25.9161    25.9269    7.80894 0.0000e+00
      19788     66.838     1.8253     1.7894   2.860179   2.857493     2.1213     2.5130      8.154     1.4751     0.6217 1.0715e-01     0.1152    97.1599     7.4864     7.5838    32.4197    32.4229    25.9172    25.9224    7.80568 0.0000e+00
      19791     66.812     1.8326     1.7828   2.860812   2.857177     2.1222     2.5122      8.154     1.4751     0.5822 1.0715e-01     0.1152    97.1599     7.4900     7.5786    32.4201    32.4257    25.9171    25.9251    7.80418 0.0000e+00
      19794     66.787     1.8259     1.7805   2.859931   2.857322     2.1213     2.5110      8.154     1.4955     0.6217 1.0715e-01     0.1152    97.1599     7.4902     7.5684    32.4160    32.4299    25.9143    25.9286    7.80575 0.0000e+00
      19797     66.758     1.8076     1.7788   2.857716   2.857230     2.1213     2.5118      8.154     1.5667     0.5822 1.0715e-01     0.1149    97.1686     7.4915     7.5676    32.4070    32.4306    25.9084    25.9292    7.80989 0.0000e+00
      19800     66.726     1.7316     1.7766   2.850796   2.857132     2.1222     2.5114      8.155     1.5667     0.6217 1.0715e-01     0.1142    97.1860     7.5130     7.5640    32.3985    32.4316    25.9068    25.9302    7.82566 0.0000e+00
      19803     66.689     1.7132     1.7751   2.850400   2.857007     2.1217     2.5097      8.155     1.5667     0.5427 1.0727e-01     0.1145    97.1773     7.5188     7.5584    32.4125    32.4316    25.9193    25.9303    7.82864 0.0000e+00
      19806     66.652     1.6968     1.7746   2.849757   2.856883     2.1213     2.5097      8.155     1.5768     0.6217 1.0727e-01     0.1142    97.1860     7.5198     7.5566    32.4212    32.4306    25.9274    25.9296    7.83148 0.0000e+00
      19809     66.611     1.6647     1.7806   2.846160   2.857087     2.1209     2.5089      8.155     1.5870     0.6217 1.0715e-01     0.1149    97.1686     7.5274     7.5529    32.4092    32.4270    25.9199    25.9262    7.83861 0.0000e+00
      19812     66.562     1.6278     1.7710   2.843263   2.855441     2.1205     2.5093      8.155     1.5768     0.6217 1.0715e-01     0.1149    97.1686     7.5327     7.5598    32.4108    32.4163    25.9238    25.9183    7.84601 0.0000e+00
      19815     66.512     1.6246     1.7602   2.842094   2.854369     2.1209     2.5085      8.155     1.5768     0.5427 1.0727e-01     0.1149    97.1686     7.5380     7.5619    32.3994    32.4140    25.9149    25.9172    7.84726 0.0000e+00
      19818     66.453     1.6153     1.7476   2.840049   2.853370     2.1205     2.5065      8.155     1.5667     0.6217 1.0727e-01     0.1145    97.1773     7.5440     7.5581    32.3834    32.4145    25.9026    25.9185    7.85001 0.0000e+00
      19821     66.388     1.6083     1.7382   2.840805   2.853345     2.1193     2.5073      8.155     1.5870     0.5822 1.0715e-01     0.1145    97.1773     7.5405     7.5656    32.4000    32.4238    25.9164    25.9266    7.85053 0.0000e+00
      19824     66.316     1.6432     1.7542   2.843531   2.854328     2.1205     2.5073      8.155     1.6786     0.6217 1.0715e-01     0.1149    97.1686     7.5409     7.5697    32.3985    32.4198    25.9128    25.9223    7.84355 0.0000e+00
      19827     66.239     1.5968     1.7607   2.836864   2.855239     2.1201     2.5069      8.155     1.6583     0.5822 1.0727e-01     0.1142    97.1860     7.5562     7.5728    32.3624    32.4245    25.8871    25.9256    7.85487 0.0000e+00
      19830     66.153     1.5105     1.7690   2.828672   2.856077     2.1197     2.5053      8.156     1.6481     0.6217 1.0715e-01     0.1142    97.1860     7.5792     7.5698    32.3481    32.4265    25.8813    25.9267    7.87320 0.0000e+00
      19833     66.062     1.4644     1.7630   2.825325   2.853274     2.1201     2.5057      8.156     1.6684     0.5822 1.0727e-01     0.1149    97.1686     7.5979     7.5817    32.3534    32.3976    25.8886    25.9039    7.88232 0.0000e+00
      19836     65.967     1.4574     1.6600   2.825123   2.841855     2.1197     2.5061      8.156     1.6583     0.5033 1.0715e-01     0.1145    97.1773     7.6009     7.6148    32.3581    32.3603    25.8929    25.8811    7.88349 0.0000e+00
      19839     65.863     1.4621     1.6078   2.826197   2.838270     2.1209     2.5053      8.154     1.6684    -0.0494 1.0727e-01     0.1124    97.2295     7.6070     7.6322    32.3669    32.3690    25.8996    25.8916    7.88207 0.0000e+00
      19842     65.754     1.4438     1.5756   2.823261   2.836037     2.1213     2.5053      8.154     1.6786     0.0295 1.0727e-01     0.1127    97.2208     7.6175     7.6446    32.3488    32.3740    25.8863    25.8978    7.88678 0.0000e+00
      19845     65.637     1.4127     1.5513   2.820967   2.833734     2.1201     2.5057      8.151     1.6583     0.0295 1.0715e-01     0.1124    97.2295     7.6218     7.6548    32.3520    32.3702    25.8908    25.8964    7.89298 0.0000e+00
