Datasets/AZMP/HUD120/hud120_2020_069.cnv
* Sea-Bird SBE 9 Data File:
* FileName = C:\CTDDATA\hud120_2020_069.hex
* Software Version Seasave V 7.26.7.110
* Temperature SN = 1697
* Conductivity SN = 4216
* Number of Bytes Per Scan = 30
* Number of Voltage Words = 4
* Number of Scans Averaged by the Deck Unit = 1
* NMEA baud rate = 4800
** VESSEL/TRIP/SEQ STN:  hud120_2020_069
** LATITUDE XX XX.XX: 47 00.00 N
** LONGITUDE XX XX.XX: 047 49.00 W
** SOUNDING DEPTH (M): 0168
** PROBE TYPE: S1146
** CTD NUMBER: 048
** FORMAT: V
** COMMENTS (14 CHAR): FC-13
** BOTTLES:  10
** LEVELS: 5,10,20,30,40,50,75,100,150,BTM
** STICKERS: 439834 - 439843
** VNET: Y
** DO2: N
# nquan = 22
# nvalues = 3139                        
# units = specified
# name 0 = scan: Scan Count
# name 1 = prDM: Pressure, Digiquartz [db]
# name 2 = t090C: Temperature [ITS-90, deg C]
# name 3 = t190C: Temperature, 2 [ITS-90, deg C]
# name 4 = c0S/m: Conductivity [S/m]
# name 5 = c1S/m: Conductivity, 2 [S/m]
# name 6 = sbeox0V: Oxygen raw, SBE 43 [V]
# name 7 = sbeox1V: Oxygen raw, SBE 43, 2 [V]
# name 8 = ph: pH
# name 9 = flECO-AFL: Fluorescence, WET Labs ECO-AFL/FL [mg/m^3]
# name 10 = wetCDOM: Fluorescence, WET Labs CDOM [mg/m^3]
# name 11 = par/sat/log: PAR/Logarithmic, Satlantic [umol photons/m^2/sec]
# name 12 = CStarAt0: Beam Attenuation, WET Labs C-Star [1/m]
# name 13 = CStarTr0: Beam Transmission, WET Labs C-Star [%]
# name 14 = sbeox0ML/L: Oxygen, SBE 43 [ml/l], WS = 2
# name 15 = sbeox1ML/L: Oxygen, SBE 43, 2 [ml/l], WS = 2
# name 16 = sal00: Salinity, Practical [PSU]
# name 17 = sal11: Salinity, Practical, 2 [PSU]
# name 18 = sigma-t00: Density [sigma-t, kg/m^3 ]
# name 19 = sigma-t11: Density, 2 [sigma-t, kg/m^3 ]
# name 20 = oxsatML/L: Oxygen Saturation, Weiss [ml/l]
# name 21 = flag: flag
# span 0 =        107,      30601       
# span 1 =      3.192,    162.355       
# span 2 =     0.4502,     2.9275       
# span 3 =     0.4404,     2.9214       
# span 4 =   2.832911,   2.977038       
# span 5 =   2.832098,   2.976547       
# span 6 =     1.8583,     2.2376       
# span 7 =     2.2071,     2.6822       
# span 8 =      7.959,      8.102       
# span 9 =     0.9257,     8.3025       
# span 10 =    -2.8130,   482.1870      
# span 11 = 1.0715e-01, 4.5953e+01      
# span 12 =     0.0683,     1.1766      
# span 13 =    74.5165,    98.3073      
# span 14 =     6.4006,     7.7317      
# span 15 =     6.5908,     7.9489      
# span 16 =    32.6424,    33.9533      
# span 17 =    32.6375,    33.9524      
# span 18 =    26.0104,    27.1914      
# span 19 =    26.0069,    27.1909      
# span 20 =    7.57498,    8.03111      
# span 21 = 0.0000e+00, 0.0000e+00      
# interval = scans: 3                   
# start_time = Nov 24 2020 16:29:03 [System UTC, header]
# bad_flag = -9.990e-29
*END*
[from data line 3095]
      28791      5.775     2.9203     2.9167   2.968792   2.968324     2.2157     2.6545      8.102     5.0567    16.9660 2.5675e+01     0.2644    93.6048     7.6284     7.8242    32.6732    32.6712    26.0348    26.0335    7.57805 0.0000e+00
      28794      5.661     2.9204     2.9172   2.968792   2.968268     2.2169     2.6537      8.102     5.0466    16.9660 2.6428e+01     0.2644    93.6048     7.6349     7.8231    32.6732    32.6701    26.0348    26.0326    7.57804 0.0000e+00
      28797      5.551     2.9208     2.9174   2.968820   2.968211     2.2169     2.6537      8.102     5.0567    16.9660 2.7203e+01     0.2644    93.6048     7.6363     7.8248    32.6732    32.6692    26.0348    26.0319    7.57796 0.0000e+00
      28800      5.447     2.9212     2.9172   2.968798   2.968325     2.2169     2.6549      8.102     5.1076   210.0580 2.7839e+01     0.2644    93.6048     7.6367     7.8340    32.6726    32.6709    26.0342    26.0332    7.57791 0.0000e+00
      28803      5.347     2.9211     2.9171   2.968716   2.968267     2.2165     2.6541      8.102     5.3314   482.1870 2.8523e+01     0.2751    93.3527     7.6365     7.8323    32.6717    32.6704    26.0335    26.0328    7.57797 0.0000e+00
      28806      5.251     2.9210     2.9170   2.968670   2.968281     2.2169     2.6553      8.102     5.3314   480.9631 2.9123e+01     0.2882    93.0485     7.6418     7.8362    32.6713    32.6706    26.0332    26.0330    7.57801 0.0000e+00
      28809      5.159     2.9210     2.9171   2.968755   2.968257     2.2169     2.6558      8.102     5.3213   481.0816 2.9667e+01     0.2871    93.0745     7.6442     7.8407    32.6724    32.6703    26.0341    26.0327    7.57796 0.0000e+00
      28812      5.074     2.9213     2.9169   2.968718   2.968221     2.2169     2.6549      8.102     5.3111   481.0026 3.0256e+01     0.2871    93.0745     7.6450     7.8392    32.6717    32.6701    26.0335    26.0326    7.57794 0.0000e+00
      28815      4.998     2.9214     2.9168   2.968716   2.968206     2.2173     2.6562      8.102     5.3314   481.0026 3.0714e+01     0.2875    93.0658     7.6438     7.8448    32.6717    32.6701    26.0335    26.0325    7.57793 0.0000e+00
      28818      4.937     2.9212     2.9167   2.968722   2.968267     2.2173     2.6553      8.102     5.3213   481.1211 3.1107e+01     0.2875    93.0658     7.6410     7.8404    32.6719    32.6710    26.0336    26.0333    7.57794 0.0000e+00
      28821      4.878     2.9215     2.9168   2.968625   2.968298     2.2169     2.6562      8.102     5.3213   481.0421 3.1432e+01     0.2875    93.0658     7.6392     7.8415    32.6705    32.6713    26.0325    26.0336    7.57796 0.0000e+00
      28824      4.828     2.9214     2.9167   2.968716   2.968169     2.2177     2.6562      8.102     5.3009   481.1211 3.1835e+01     0.3220    92.2662     7.6432     7.8414    32.6717    32.6698    26.0335    26.0324    7.57792 0.0000e+00
      28827      4.785     2.9216     2.9169   2.968696   2.968288     2.2185     2.6553      8.102     5.3213   481.0816 3.2093e+01     0.3341    91.9880     7.6481     7.8381    32.6713    32.6711    26.0332    26.0334    7.57790 0.0000e+00
      28830      4.744     2.9220     2.9168   2.968751   2.968280     2.2189     2.6558      8.102     5.3213   481.1211 3.2354e+01     0.3337    91.9967     7.6506     7.8385    32.6715    32.6711    26.0333    26.0334    7.57781 0.0000e+00
      28833      4.711     2.9222     2.9169   2.968717   2.968200     2.2177     2.6570      8.102     5.3213   481.0816 3.2579e+01     0.3337    91.9967     7.6448     7.8426    32.6710    32.6701    26.0328    26.0326    7.57780 0.0000e+00
      29123      4.685     2.9180     2.9128   2.968421   2.967926     2.2136     2.6480      8.102     5.8504   168.6050 3.4705e+01     0.2529    93.8829     7.6041     7.8017    32.6716    32.6709    26.0337    26.0336    7.57856 0.0000e+00
      29350      4.656     2.9161     2.9116   2.968398   2.967916     2.2091     2.6431      8.102     5.7079   324.7841 2.9849e+01     0.2138    94.7956     7.5848     7.7829    32.6734    32.6721    26.0353    26.0346    7.57885 0.0000e+00
      29393      4.613     2.9159     2.9121   2.968408   2.967909     2.2079     2.6439      8.102     5.5044   481.0421 2.7140e+01     0.2109    94.8652     7.5831     7.7872    32.6736    32.6714    26.0355    26.0340    7.57887 0.0000e+00
      29740      4.582     2.9167     2.9124   2.967769   2.967533     2.2165     2.6541      8.102     5.4230   480.8842 2.4874e+01     0.4550    89.5716     7.6303     7.8251    32.6651    32.6666    26.0287    26.0302    7.57915 0.0000e+00
      30432      4.545     2.9171     2.9129   2.966870   2.966865     2.2340     2.6781      8.102     5.2908   480.9631 2.0304e+01     0.9410    79.0365     7.7259     7.9137    32.6537    32.6580    26.0195    26.0232    7.57964 0.0000e+00
      30435      4.495     2.9174     2.9130   2.967133   2.966715     2.2332     2.6789      8.102     5.2908   481.0026 2.0588e+01     0.9415    79.0278     7.7216     7.9178    32.6567    32.6561    26.0219    26.0217    7.57945 0.0000e+00
      30438      4.442     2.9175     2.9128   2.966518   2.966534     2.2328     2.6781      8.102     5.3009   481.0026 2.1021e+01     0.9441    78.9756     7.7202     7.9141    32.6492    32.6541    26.0158    26.0202    7.57981 0.0000e+00
      30441      4.385     2.9174     2.9127   2.966360   2.966158     2.2340     2.6781      8.102     5.3009   481.0026 2.1587e+01     1.1480    75.0554     7.7256     7.9167    32.6474    32.6497    26.0144    26.0167    7.57991 0.0000e+00
      30444      4.326     2.9173     2.9127   2.966392   2.966220     2.2336     2.6781      8.102     5.2908   481.0026 2.2143e+01     1.1766    74.5165     7.7255     7.9178    32.6479    32.6505    26.0148    26.0173    7.57990 0.0000e+00
      30447      4.261     2.9174     2.9128   2.966494   2.966261     2.2344     2.6789      8.102     5.3009   481.0026 2.2767e+01     1.1752    74.5425     7.7300     7.9234    32.6491    32.6509    26.0158    26.0176    7.57983 0.0000e+00
      30450      4.189     2.9175     2.9128   2.966065   2.966298     2.2348     2.6781      8.102     5.2399   299.0437 2.3516e+01     1.1752    74.5425     7.7317     7.9236    32.6438    32.6514    26.0116    26.0180    7.58008 0.0000e+00
      30453      4.120     2.9173     2.9128   2.965927   2.966763     2.2336     2.6793      8.102     5.1992     0.1084 2.4487e+01     1.1752    74.5425     7.7242     7.9329    32.6424    32.6571    26.0104    26.0226    7.58020 0.0000e+00
      30456      4.055     2.9175     2.9128   2.967128   2.966603     2.2348     2.6793      8.102     5.2093    10.1361 2.5440e+01     1.1752    74.5425     7.7286     7.9373    32.6568    32.6551    26.0219    26.0210    7.57942 0.0000e+00
      30459      3.989     2.9175     2.9128   2.966709   2.965861     2.2348     2.6793      8.102     5.2093     9.7413 2.6521e+01     1.1636    74.7599     7.7286     7.9395    32.6518    32.6462    26.0179    26.0139    7.57968 0.0000e+00
      30462      3.924     2.9173     2.9130   2.966209   2.965930     2.2344     2.6789      8.102     5.2195     9.7413 2.7648e+01     1.1027    75.9072     7.7241     7.9418    32.6459    32.6468    26.0132    26.0144    7.58001 0.0000e+00
      30465      3.860     2.9173     2.9131   2.967121   2.966057     2.2352     2.6806      8.102     5.2093     9.7413 2.8757e+01     1.1026    75.9072     7.7244     7.9489    32.6571    32.6484    26.0221    26.0156    7.57945 0.0000e+00
      30468      3.797     2.9175     2.9130   2.966432   2.966259     2.2360     2.6797      8.102     5.2093     9.7413 3.0048e+01     1.1026    75.9072     7.7265     7.9430    32.6485    32.6509    26.0153    26.0176    7.57985 0.0000e+00
      30471      3.742     2.9174     2.9131   2.967068   2.967034     2.2360     2.6814      8.102     5.1992     9.7413 3.1252e+01     1.1026    75.9072     7.7227     7.9471    32.6563    32.6603    26.0216    26.0251    7.57946 0.0000e+00
      30474      3.696     2.9177     2.9132   2.967014   2.966562     2.2352     2.6806      8.102     5.2093     9.7413 3.2393e+01     1.1022    75.9159     7.7201     7.9446    32.6553    32.6545    26.0208    26.0205    7.57945 0.0000e+00
      30477      3.659     2.9175     2.9133   2.967736   2.967076     2.2356     2.6822      8.102     5.2398   312.7035 3.3419e+01     1.1022    75.9159     7.7213     7.9468    32.6644    32.6607    26.0280    26.0254    7.57903 0.0000e+00
      30480      3.631     2.9175     2.9134   2.967694   2.967251     2.2360     2.6822      8.102     5.2602   482.1870 3.4240e+01     1.0438    77.0372     7.7212     7.9452    32.6639    32.6627    26.0276    26.0270    7.57906 0.0000e+00
      30580      3.589     2.9179     2.9133   2.967146   2.965167     2.2376     2.6793      8.102     5.4332    97.4638 3.7257e+01     0.8679    80.4968     7.7114     7.9052    32.6569    32.6375    26.0220    26.0069    7.57935 0.0000e+00
      30583      3.511     2.9180     2.9134   2.967120   2.966663     2.2372     2.6793      8.102     5.1177   460.5920 3.8841e+01     1.0336    77.2285     7.7081     7.9068    32.6564    32.6556    26.0216    26.0213    7.57933 0.0000e+00
      30586      3.442     2.9178     2.9133   2.967237   2.966677     2.2360     2.6802      8.102     5.1076   481.4369 4.0257e+01     1.0386    77.1328     7.6996     7.9102    32.6581    32.6559    26.0229    26.0216    7.57929 0.0000e+00
      30589      3.373     2.9177     2.9133   2.966921   2.966603     2.2364     2.6806      8.102     5.1076   481.0421 4.1678e+01     1.0386    77.1328     7.6983     7.9135    32.6545    32.6551    26.0200    26.0209    7.57950 0.0000e+00
      30592      3.308     2.9181     2.9134   2.967315   2.966322     2.2372     2.6806      8.102     5.1076   481.1211 4.3048e+01     1.0386    77.1328     7.7007     7.9140    32.6589    32.6516    26.0236    26.0181    7.57920 0.0000e+00
      30595      3.257     2.9178     2.9136   2.966754   2.966288     2.2364     2.6797      8.102     5.1177   481.1211 4.4208e+01     1.0386    77.1328     7.6963     7.9122    32.6524    32.6510    26.0184    26.0176    7.57959 0.0000e+00
      30598      3.216     2.9181     2.9137   2.966771   2.966409     2.2368     2.6797      8.102     5.1076   481.1211 4.5242e+01     1.0386    77.1328     7.6973     7.9146    32.6523    32.6524    26.0183    26.0187    7.57953 0.0000e+00
      30601      3.192     2.9185     2.9139   2.967354   2.965832     2.2366     2.6799      8.102     5.0974   481.1211 4.5953e+01     1.0237    77.4197     7.6961     7.9177    32.6590    32.6452    26.0236    26.0130    7.57912 0.0000e+00
