Datasets/AZMP/HUD120/hud120_2020_093.cnv
* Sea-Bird SBE 9 Data File:
* FileName = C:\CTDDATA\hud120_2020_093.hex
* Software Version Seasave V 7.26.7.110
* Temperature SN = 1697
* Conductivity SN = 4216
* Number of Bytes Per Scan = 30
* Number of Voltage Words = 4
* Number of Scans Averaged by the Deck Unit = 1
* NMEA baud rate = 4800
** VESSEL/TRIP/SEQ STN:  hud120_2020_093
** LATITUDE XX XX.XX: 49 16.80 N
** LONGITUDE XX XX.XX: 051 16.80 W
** SOUNDING DEPTH (M): 0327
** PROBE TYPE: S1146
** CTD NUMBER: 070
** FORMAT: V
** COMMENTS (14 CHAR): BB-08
** BOTTLES:  10
** LEVELS: 5,10,20,30,40,50,75,100,150,BTM
** STICKERS: 439998 - 440007
** VNET: Y
** DO2: N
# nquan = 22
# nvalues = 6280                        
# units = specified
# name 0 = scan: Scan Count
# name 1 = prDM: Pressure, Digiquartz [db]
# name 2 = t090C: Temperature [ITS-90, deg C]
# name 3 = t190C: Temperature, 2 [ITS-90, deg C]
# name 4 = c0S/m: Conductivity [S/m]
# name 5 = c1S/m: Conductivity, 2 [S/m]
# name 6 = sbeox0V: Oxygen raw, SBE 43 [V]
# name 7 = sbeox1V: Oxygen raw, SBE 43, 2 [V]
# name 8 = ph: pH
# name 9 = flECO-AFL: Fluorescence, WET Labs ECO-AFL/FL [mg/m^3]
# name 10 = wetCDOM: Fluorescence, WET Labs CDOM [mg/m^3]
# name 11 = par/sat/log: PAR/Logarithmic, Satlantic [umol photons/m^2/sec]
# name 12 = CStarAt0: Beam Attenuation, WET Labs C-Star [1/m]
# name 13 = CStarTr0: Beam Transmission, WET Labs C-Star [%]
# name 14 = sbeox0ML/L: Oxygen, SBE 43 [ml/l], WS = 2
# name 15 = sbeox1ML/L: Oxygen, SBE 43, 2 [ml/l], WS = 2
# name 16 = sal00: Salinity, Practical [PSU]
# name 17 = sal11: Salinity, Practical, 2 [PSU]
# name 18 = sigma-t00: Density [sigma-t, kg/m^3 ]
# name 19 = sigma-t11: Density, 2 [sigma-t, kg/m^3 ]
# name 20 = oxsatML/L: Oxygen Saturation, Weiss [ml/l]
# name 21 = flag: flag
# span 0 =        113,      47601       
# span 1 =      0.679,    318.978       
# span 2 =     1.1346,     3.0627       
# span 3 =     1.1299,     3.0582       
# span 4 =   2.889613,   3.148288       
# span 5 =   2.886529,   3.147737       
# span 6 =     1.8279,     2.2164       
# span 7 =     2.1466,     2.6309       
# span 8 =      8.024,      8.153       
# span 9 =     0.8850,     7.7429       
# span 10 =    -2.8130,   482.1870      
# span 11 = 1.0703e-01, 1.2659e+02      
# span 12 =     0.0775,     0.6033      
# span 13 =    85.9990,    98.0813      
# span 14 =     6.0449,     7.8345      
# span 15 =     6.1202,     7.9624      
# span 16 =    32.5721,    34.5385      
# span 17 =    32.5403,    34.5368      
# span 18 =    26.0218,    27.5111      
# span 19 =    25.9967,    27.5100      
# span 20 =    7.45745,    7.87757      
# span 21 = 0.0000e+00, 0.0000e+00      
# interval = scans: 3                   
# start_time = Nov 28 2020 11:25:47 [System UTC, header]
# bad_flag = -9.990e-29
*END*
[from data line 1976]
       6749    213.084     2.4589     2.4599   3.072294   3.072350     1.9239     2.2646      8.065     0.9460     6.3856 1.0740e-01     0.0853    97.8901     6.5219     6.5828    34.3108    34.3105    27.3822    27.3819    7.58328 0.0000e+00
       6752    213.166     2.4630     2.4618   3.072821   3.072557     1.9231     2.2634      8.062     0.9562     7.4121 1.0715e-01     0.0853    97.8901     6.5198     6.5771    34.3129    34.3109    27.3836    27.3821    7.58239 0.0000e+00
       6755    213.261     2.4693     2.4644   3.073599   3.072946     1.9235     2.2629      8.062     0.9765     7.3726 1.0715e-01     0.0874    97.8379     6.5187     6.5744    34.3156    34.3129    27.3852    27.3834    7.58103 0.0000e+00
       6758    213.365     2.4757     2.4697   3.074288   3.073566     1.9235     2.2629      8.062     0.9663     7.3726 1.0740e-01     0.0874    97.8379     6.5168     6.5757    34.3173    34.3148    27.3860    27.3845    7.57972 0.0000e+00
       6761    213.479     2.4816     2.4756   3.074928   3.074227     1.9235     2.2629      8.060     0.9562     7.3726 1.0715e-01     0.0878    97.8292     6.5163     6.5745    34.3189    34.3166    27.3867    27.3855    7.57852 0.0000e+00
       6764    213.605     2.4854     2.4805   3.075339   3.074704     1.9231     2.2625      8.063     0.9562     7.3726 1.0740e-01     0.0874    97.8379     6.5129     6.5720    34.3197    34.3172    27.3871    27.3855    7.57774 0.0000e+00
       6767    213.739     2.4889     2.4841   3.075656   3.075072     1.9227     2.2625      8.060     0.9867     7.3726 1.0715e-01     0.0881    97.8205     6.5092     6.5729    34.3198    34.3177    27.3869    27.3857    7.57706 0.0000e+00
       6770    213.880     2.4906     2.4861   3.075749   3.075220     1.9231     2.2613      8.065     0.9969     7.3726 1.0715e-01     0.0878    97.8292     6.5087     6.5684    34.3191    34.3174    27.3861    27.3852    7.57678 0.0000e+00
       6773    214.027     2.4912     2.4867   3.075816   3.075289     1.9227     2.2617      8.062     0.9969    60.6693 1.0715e-01     0.0881    97.8205     6.5059     6.5712    34.3192    34.3175    27.3862    27.3852    7.57666 0.0000e+00
       6776    214.179     2.4919     2.4872   3.075922   3.075360     1.9231     2.2617      8.063     0.9867   463.9872 1.0715e-01     0.0864    97.8640     6.5060     6.5748    34.3196    34.3177    27.3865    27.3854    7.57650 0.0000e+00
       6779    214.342     2.4927     2.4882   3.075954   3.075440     1.9227     2.2621      8.060     0.9969   481.4764 1.0727e-01     0.0864    97.8640     6.5034     6.5771    34.3191    34.3175    27.3860    27.3852    7.57637 0.0000e+00
       6782    214.511     2.4928     2.4883   3.075988   3.075490     1.9219     2.2625      8.062     0.9867   481.2000 1.0715e-01     0.0860    97.8727     6.5008     6.5794    34.3193    34.3180    27.3862    27.3855    7.57635 0.0000e+00
       6785    214.686     2.4929     2.4884   3.076027   3.075486     1.9223     2.2617      8.060     0.9969   481.2790 1.0715e-01     0.0860    97.8727     6.5041     6.5784    34.3195    34.3177    27.3864    27.3853    7.57630 0.0000e+00
       6788    214.862     2.4932     2.4886   3.076042   3.075543     1.9223     2.2621      8.062     0.9969   481.2395 1.0715e-01     0.0864    97.8640     6.5050     6.5816    34.3193    34.3181    27.3862    27.3855    7.57627 0.0000e+00
       6791    215.040     2.4937     2.4896   3.076178   3.075658     1.9219     2.2613      8.060     0.9969   481.2395 1.0715e-01     0.0864    97.8640     6.5027     6.5799    34.3204    34.3184    27.3870    27.3857    7.57611 0.0000e+00
       6794    215.219     2.4951     2.4909   3.076329   3.075788     1.9227     2.2613      8.060     1.0071   481.3579 1.0715e-01     0.0867    97.8553     6.5077     6.5805    34.3207    34.3185    27.3871    27.3857    7.57584 0.0000e+00
       6797    215.399     2.4971     2.4924   3.076587   3.075988     1.9219     2.2613      8.060     1.0071   481.2395 1.0740e-01     0.0874    97.8379     6.5040     6.5789    34.3215    34.3192    27.3876    27.3862    7.57539 0.0000e+00
       6800    215.574     2.4996     2.4950   3.076870   3.076307     1.9215     2.2613      8.060     0.9867   319.9676 1.0727e-01     0.0874    97.8379     6.5032     6.5763    34.3223    34.3203    27.3880    27.3868    7.57489 0.0000e+00
       6803    215.748     2.5015     2.4970   3.077096   3.076514     1.9219     2.2613      8.062     1.0071     0.6612 1.0715e-01     0.0874    97.8379     6.5063     6.5773    34.3229    34.3206    27.3884    27.3869    7.57449 0.0000e+00
       6806    215.920     2.5035     2.4985   3.077325   3.076694     1.9219     2.2613      8.060     0.9969    12.3470 1.0727e-01     0.0871    97.8466     6.5067     6.5793    34.3235    34.3211    27.3887    27.3871    7.57407 0.0000e+00
       6809    216.088     2.5083     2.5012   3.077935   3.077074     1.9219     2.2613      8.060     1.0071    11.9521 1.0727e-01     0.0874    97.8379     6.5061     6.5813    34.3258    34.3228    27.3901    27.3883    7.57304 0.0000e+00
       6812    216.249     2.5141     2.5083   3.078576   3.077905     1.9210     2.2613      8.060     0.9969    11.8732 1.0727e-01     0.0871    97.8466     6.5015     6.5813    34.3274    34.3253    27.3909    27.3897    7.57184 0.0000e+00
       6815    216.404     2.5177     2.5132   3.078885   3.078338     1.9219     2.2613      8.060     0.9867    11.9127 1.0715e-01     0.0878    97.8292     6.5057     6.5817    34.3273    34.3254    27.3904    27.3893    7.57116 0.0000e+00
       6818    216.555     2.5202     2.5162   3.079203   3.078671     1.9219     2.2613      8.060     0.9867    11.9521 1.0715e-01     0.0878    97.8292     6.5067     6.5815    34.3284    34.3262    27.3912    27.3897    7.57062 0.0000e+00
       6821    216.700     2.5232     2.5185   3.079481   3.078912     1.9210     2.2605      8.060     0.9562    11.9521 1.0740e-01     0.0878    97.8292     6.5049     6.5766    34.3286    34.3266    27.3911    27.3899    7.57005 0.0000e+00
       6824    216.838     2.5248     2.5203   3.079701   3.079116     1.9219     2.2613      8.060     0.9663    11.9127 1.0715e-01     0.0878    97.8292     6.5076     6.5786    34.3295    34.3271    27.3916    27.3901    7.56969 0.0000e+00
       6827    216.966     2.5269     2.5221   3.079906   3.079325     1.9210     2.2613      8.060     0.9562   297.8199 1.0715e-01     0.0878    97.8292     6.5038     6.5769    34.3298    34.3277    27.3916    27.3904    7.56928 0.0000e+00
       6830    217.088     2.5289     2.5240   3.080134   3.079558     1.9215     2.2613      8.062     0.9663   481.6343 1.0715e-01     0.0881    97.8205     6.5045     6.5772    34.3303    34.3285    27.3919    27.3909    7.56886 0.0000e+00
       6833    217.200     2.5309     2.5258   3.080321   3.079762     1.9219     2.2613      8.060     0.9562   480.9632 1.0740e-01     0.0878    97.8292     6.5060     6.5779    34.3304    34.3290    27.3919    27.3911    7.56847 0.0000e+00
       6836    217.307     2.5323     2.5275   3.080469   3.079922     1.9210     2.2613      8.062     0.9765   481.3184 1.0715e-01     0.0889    97.8031     6.5013     6.5786    34.3307    34.3290    27.3919    27.3910    7.56820 0.0000e+00
       6839    217.406     2.5333     2.5287   3.080582   3.080090     1.9215     2.2613      8.060     0.9765   481.2395 1.0727e-01     0.0885    97.8118     6.5007     6.5791    34.3309    34.3298    27.3920    27.3915    7.56798 0.0000e+00
       6842    217.498     2.5346     2.5298   3.080729   3.080201     1.9219     2.2613      8.062     0.9562   481.2790 1.0727e-01     0.0885    97.8118     6.5034     6.5772    34.3313    34.3299    27.3922    27.3915    7.56771 0.0000e+00
       6845    217.579     2.5364     2.5313   3.080942   3.080381     1.9211     2.2601      8.060     0.9562   481.2395 1.0727e-01     0.0885    97.8118     6.5022     6.5705    34.3320    34.3305    27.3926    27.3919    7.56734 0.0000e+00
       6848    217.655     2.5381     2.5337   3.081191   3.080646     1.9215     2.2609      8.062     0.9460   481.3184 1.0715e-01     0.0885    97.8118     6.5050     6.5711    34.3332    34.3311    27.3935    27.3922    7.56696 0.0000e+00
       6851    217.727     2.5435     2.5362   3.081862   3.080929     1.9215     2.2605      8.060     0.9358   477.6469 1.0727e-01     0.0881    97.8205     6.5038     6.5687    34.3356    34.3319    27.3949    27.3926    7.56580 0.0000e+00
       6854    217.791     2.5509     2.5414   3.082475   3.081482     1.9207     2.2613      8.062     0.9460    66.4727 1.0727e-01     0.0889    97.8031     6.4969     6.5700    34.3352    34.3332    27.3940    27.3932    7.56441 0.0000e+00
       6857    217.849     2.5532     2.5478   3.082614   3.082132     1.9211     2.2613      8.062     0.9358     9.3860 1.0727e-01     0.0896    97.7858     6.4975     6.5685    34.3344    34.3342    27.3931    27.3934    7.56400 0.0000e+00
       6860    217.903     2.5538     2.5499   3.082655   3.082338     1.9207     2.2613      8.063     0.9358    12.0706 1.0715e-01     0.0896    97.7858     6.4942     6.5672    34.3343    34.3345    27.3930    27.3935    7.56390 0.0000e+00
       6863    217.952     2.5541     2.5505   3.082635   3.082422     1.9207     2.2609      8.062     0.9358    11.9521 1.0715e-01     0.0896    97.7858     6.4912     6.5634    34.3336    34.3349    27.3924    27.3938    7.56386 0.0000e+00
       6866    218.000     2.5550     2.5506   3.082782   3.082417     1.9215     2.2597      8.062     0.9358    11.9521 1.0727e-01     0.0892    97.7945     6.4920     6.5574    34.3345    34.3347    27.3931    27.3936    7.56366 0.0000e+00
       6869    218.046     2.5560     2.5509   3.082888   3.082444     1.9219     2.2605      8.062     0.9460    11.9916 1.0727e-01     0.0896    97.7858     6.4926     6.5585    34.3347    34.3347    27.3931    27.3936    7.56346 0.0000e+00
       6872    218.087     2.5562     2.5512   3.082874   3.082455     1.9215     2.2605      8.060     0.9663    11.9127 1.0740e-01     0.0899    97.7771     6.4903     6.5552    34.3343    34.3344    27.3928    27.3933    7.56344 0.0000e+00
       6875    218.127     2.5562     2.5522   3.082967   3.082519     1.9207     2.2601      8.062     0.9562    11.9127 1.0727e-01     0.0892    97.7945     6.4875     6.5510    34.3354    34.3342    27.3937    27.3931    7.56338 0.0000e+00
       6878    218.164     2.5568     2.5521   3.083064   3.082581     1.9207     2.2601      8.060     0.9765    92.6473 1.0727e-01     0.0885    97.8118     6.4855     6.5481    34.3360    34.3350    27.3940    27.3937    7.56324 0.0000e+00
       6881    218.201     2.5569     2.5521   3.083117   3.082596     1.9207     2.2601      8.060     0.9460   475.6730 1.0727e-01     0.0881    97.8205     6.4821     6.5473    34.3364    34.3352    27.3944    27.3938    7.56318 0.0000e+00
       6884    218.242     2.5577     2.5524   3.083290   3.082658     1.9198     2.2593      8.062     0.9663   481.3974 1.0715e-01     0.0885    97.8118     6.4759     6.5429    34.3377    34.3356    27.3954    27.3941    7.56297 0.0000e+00
       6887    218.282     2.5619     2.5529   3.083864   3.082716     1.9198     2.2589      8.060     0.9562   481.2790 1.0727e-01     0.0885    97.8118     6.4727     6.5402    34.3403    34.3358    27.3971    27.3942    7.56204 0.0000e+00
       6890    218.323     2.5690     2.5545   3.084691   3.082986     1.9194     2.2589      8.062     0.9663   481.3579 1.0715e-01     0.0885    97.8118     6.4662     6.5375    34.3428    34.3373    27.3985    27.3954    7.56055 0.0000e+00
       6893    218.369     2.5761     2.5601   3.085482   3.083699     1.9198     2.2589      8.060     0.9562   481.3184 1.0727e-01     0.0885    97.8118     6.4702     6.5339    34.3450    34.3401    27.3996    27.3971    7.55909 0.0000e+00
       6896    218.417     2.5807     2.5688   3.085974   3.084653     1.9203     2.2585      8.060     0.9765   481.2790 1.0740e-01     0.0892    97.7945     6.4732     6.5294    34.3460    34.3426    27.4000    27.3983    7.55815 0.0000e+00
       6899    218.471     2.5845     2.5765   3.086286   3.085382     1.9198     2.2581      8.060     0.9562   481.3579 1.0727e-01     0.0896    97.7858     6.4719     6.5269    34.3458    34.3432    27.3995    27.3982    7.55744 0.0000e+00
       6902    218.532     2.5815     2.5811   3.085848   3.085840     1.9194     2.2577      8.060     0.9663   481.3579 1.0715e-01     0.0896    97.7858     6.4708     6.5222    34.3435    34.3439    27.3980    27.3983    7.55812 0.0000e+00
       6905    218.596     2.5824     2.5833   3.086145   3.086090     1.9186     2.2577      8.062     0.9663   275.9485 1.0715e-01     0.0896    97.7858     6.4680     6.5199    34.3462    34.3446    27.4001    27.3987    7.55782 0.0000e+00
       6908    218.666     2.5876     2.5845   3.086686   3.086273     1.9194     2.2568      8.060     0.9562     0.3058 1.0727e-01     0.0896    97.7858     6.4733     6.5150    34.3472    34.3455    27.4004    27.3993    7.55677 0.0000e+00
       6911    218.738     2.5887     2.5854   3.086776   3.086354     1.9186     2.2560      8.062     0.9562     9.8203 1.0715e-01     0.0896    97.7858     6.4695     6.5094    34.3471    34.3455    27.4003    27.3992    7.55656 0.0000e+00
       6914    218.817     2.5891     2.5855   3.086814   3.086334     1.9186     2.2568      8.060     0.9663     9.3860 1.0715e-01     0.0896    97.7858     6.4710     6.5117    34.3472    34.3451    27.4002    27.3989    7.55649 0.0000e+00
       6917    218.908     2.5896     2.5850   3.086929   3.086317     1.9194     2.2560      8.063     0.9663     9.4650 1.0715e-01     0.0906    97.7597     6.4741     6.5073    34.3480    34.3454    27.4008    27.3992    7.55635 0.0000e+00
       6920    219.007     2.5904     2.5857   3.087022   3.086497     1.9178     2.2556      8.062     0.9663     9.3860 1.0752e-01     0.0906    97.7597     6.4652     6.5048    34.3482    34.3468    27.4010    27.4002    7.55619 0.0000e+00
       6923    219.115     2.5892     2.5859   3.086909   3.086481     1.9186     2.2560      8.062     0.9867     9.3860 1.0715e-01     0.0906    97.7597     6.4710     6.5048    34.3480    34.3463    27.4009    27.3999    7.55643 0.0000e+00
       6926    219.230     2.5864     2.5836   3.086635   3.086286     1.9182     2.2540      8.062     0.9969     9.3860 1.0715e-01     0.0910    97.7510     6.4672     6.4956    34.3476    34.3463    27.4008    27.4000    7.55698 0.0000e+00
       6929    219.353     2.5844     2.5806   3.086533   3.086054     1.9182     2.2540      8.060     0.9867     9.4255 1.0740e-01     0.0906    97.7597     6.4629     6.4949    34.3484    34.3466    27.4016    27.4005    7.55732 0.0000e+00
       6932    219.486     2.5838     2.5791   3.086515   3.085964     1.9186     2.2532      8.060     0.9867   340.8915 1.0715e-01     0.0906    97.7597     6.4618     6.4920    34.3488    34.3470    27.4020    27.4010    7.55742 0.0000e+00
       6935    219.624     2.5830     2.5784   3.086455   3.085919     1.9182     2.2536      8.060     1.0071   481.9896 1.0715e-01     0.0910    97.7510     6.4585     6.4925    34.3488    34.3471    27.4021    27.4011    7.55757 0.0000e+00
       6938    219.770     2.5819     2.5772   3.086344   3.085828     1.9190     2.2532      8.060     0.9969   480.9631 1.0727e-01     0.0889    97.8031     6.4599     6.4894    34.3486    34.3472    27.4020    27.4013    7.55780 0.0000e+00
       6941    219.921     2.5798     2.5762   3.086050   3.085688     1.9174     2.2524      8.060     0.9969   481.3579 1.0715e-01     0.0889    97.8031     6.4529     6.4888    34.3471    34.3465    27.4010    27.4008    7.55828 0.0000e+00
