Datasets/AZMP/HUD120/hud120_2020_061.cnv
* Sea-Bird SBE 9 Data File:
* FileName = C:\CTDDATA\hud120_2020_061.hex
* Software Version Seasave V 7.26.7.110
* Temperature SN = 1697
* Conductivity SN = 4216
* Number of Bytes Per Scan = 30
* Number of Voltage Words = 4
* Number of Scans Averaged by the Deck Unit = 1
* NMEA baud rate = 4800
** VESSEL/TRIP/SEQ STN:  hud120_2020_061
** LATITUDE XX XX.XX: 47 00.00 N
** LONGITUDE XX XX.XX: 046 01.00 W
** SOUNDING DEPTH (M): 0308
** PROBE TYPE: S1146
** CTD NUMBER: 040
** FORMAT: V
** COMMENTS (14 CHAR): FC-21
** BOTTLES:  11
** LEVELS: 5,10,20,30,40,50,75,100,150,250,BTM
** STICKERS: 439770 - 439780
** VNET: Y
** DO2: N
# nquan = 22
# nvalues = 4832                        
# units = specified
# name 0 = scan: Scan Count
# name 1 = prDM: Pressure, Digiquartz [db]
# name 2 = t090C: Temperature [ITS-90, deg C]
# name 3 = t190C: Temperature, 2 [ITS-90, deg C]
# name 4 = c0S/m: Conductivity [S/m]
# name 5 = c1S/m: Conductivity, 2 [S/m]
# name 6 = sbeox0V: Oxygen raw, SBE 43 [V]
# name 7 = sbeox1V: Oxygen raw, SBE 43, 2 [V]
# name 8 = ph: pH
# name 9 = flECO-AFL: Fluorescence, WET Labs ECO-AFL/FL [mg/m^3]
# name 10 = wetCDOM: Fluorescence, WET Labs CDOM [mg/m^3]
# name 11 = par/sat/log: PAR/Logarithmic, Satlantic [umol photons/m^2/sec]
# name 12 = CStarAt0: Beam Attenuation, WET Labs C-Star [1/m]
# name 13 = CStarTr0: Beam Transmission, WET Labs C-Star [%]
# name 14 = sbeox0ML/L: Oxygen, SBE 43 [ml/l], WS = 2
# name 15 = sbeox1ML/L: Oxygen, SBE 43, 2 [ml/l], WS = 2
# name 16 = sal00: Salinity, Practical [PSU]
# name 17 = sal11: Salinity, Practical, 2 [PSU]
# name 18 = sigma-t00: Density [sigma-t, kg/m^3 ]
# name 19 = sigma-t11: Density, 2 [sigma-t, kg/m^3 ]
# name 20 = oxsatML/L: Oxygen Saturation, Weiss [ml/l]
# name 21 = flag: flag
# span 0 =         72,      40112       
# span 1 =      2.763,    303.084       
# span 2 =     3.5725,     8.0665       
# span 3 =     3.5690,     8.0616       
# span 4 =   3.173311,   3.451546       
# span 5 =   3.172933,   3.451048       
# span 6 =     1.7902,     2.2129       
# span 7 =     2.1181,     2.6465       
# span 8 =      7.949,      8.159       
# span 9 =     0.8850,     6.0132       
# span 10 =    -2.8130,   482.1870      
# span 11 = 1.0690e-01, 9.9373e+00      
# span 12 =     0.0810,     0.2517      
# span 13 =    93.9003,    97.9944      
# span 14 =     5.6395,     7.0771      
# span 15 =     5.7817,     7.4297      
# span 16 =    33.1112,    34.8565      
# span 17 =    33.1097,    34.8558      
# span 18 =    25.7816,    27.6517      
# span 19 =    25.7812,    27.6517      
# span 20 =    6.67818,    7.36945      
# span 21 = 0.0000e+00, 0.0000e+00      
# interval = scans: 3                   
# start_time = Nov 23 2020 19:02:47 [System UTC, header]
# bad_flag = -9.990e-29
*END*
[from data line 2173]
       8432    290.533     4.1897     4.1846   3.273470   3.272973     1.7953     2.1233      7.952     0.9663     7.5305 1.0727e-01     0.1163    97.1338     5.7037     5.8308    34.8552    34.8547    27.6509    27.6511    7.23690 0.0000e+00
       8435    290.598     4.1891     4.1845   3.273428   3.272970     1.7949     2.1237      7.952     0.9663     7.6095 1.0752e-01     0.1163    97.1338     5.7014     5.8318    34.8552    34.8547    27.6511    27.6511    7.23700 0.0000e+00
       8438    290.673     4.1891     4.1842   3.273440   3.272942     1.7949     2.1242      7.952     0.9562     7.6095 1.0740e-01     0.1163    97.1338     5.7021     5.8329    34.8553    34.8546    27.6511    27.6511    7.23699 0.0000e+00
       8441    290.740     4.1891     4.1843   3.273426   3.272963     1.7949     2.1237      7.952     0.9562     7.6095 1.0740e-01     0.1167    97.1251     5.7002     5.8311    34.8551    34.8548    27.6510    27.6512    7.23701 0.0000e+00
       8444    290.808     4.1890     4.1843   3.273409   3.272965     1.7957     2.1233      7.952     0.9562     7.6095 1.0740e-01     0.1174    97.1078     5.7012     5.8281    34.8551    34.8547    27.6510    27.6512    7.23704 0.0000e+00
       8447    290.879     4.1892     4.1842   3.273418   3.272959     1.7953     2.1233      7.950     0.9867     7.6095 1.0752e-01     0.1174    97.1078     5.6981     5.8275    34.8549    34.8548    27.6508    27.6512    7.23701 0.0000e+00
       8450    290.947     4.1889     4.1845   3.273422   3.272955     1.7949     2.1246      7.950     0.9765     7.6095 1.0740e-01     0.1174    97.1078     5.6971     5.8350    34.8552    34.8544    27.6510    27.6509    7.23704 0.0000e+00
       8453    291.018     4.1890     4.1842   3.273443   3.272953     1.7949     2.1237      7.952     0.9969     7.6095 1.0740e-01     0.1174    97.1078     5.6963     5.8333    34.8553    34.8546    27.6512    27.6510    7.23702 0.0000e+00
       8456    291.087     4.1888     4.1844   3.273461   3.272981     1.7945     2.1233      7.952     0.9969   149.6946 1.0740e-01     0.1174    97.1078     5.6937     5.8295    34.8557    34.8547    27.6514    27.6511    7.23703 0.0000e+00
       8459    291.155     4.1889     4.1842   3.273454   3.272985     1.7945     2.1233      7.949     0.9867   482.1870 1.0740e-01     0.1174    97.1078     5.6949     5.8281    34.8554    34.8549    27.6512    27.6513    7.23703 0.0000e+00
       8462    291.221     4.1888     4.1842   3.273452   3.272964     1.7945     2.1237      7.952     0.9867   480.8842 1.0740e-01     0.1178    97.0991     5.6948     5.8304    34.8555    34.8546    27.6513    27.6511    7.23704 0.0000e+00
       8465    291.282     4.1889     4.1841   3.273475   3.272964     1.7949     2.1225      7.953     0.9969   481.3184 1.0740e-01     0.1181    97.0904     5.6948     5.8293    34.8556    34.8547    27.6514    27.6511    7.23702 0.0000e+00
       8468    291.342     4.1891     4.1842   3.273456   3.272966     1.7945     2.1225      7.953     0.9765   481.3579 1.0740e-01     0.1174    97.1078     5.6932     5.8300    34.8552    34.8546    27.6510    27.6511    7.23701 0.0000e+00
       8471    291.395     4.1889     4.1840   3.273485   3.272963     1.7945     2.1237      7.950     0.9562   481.3579 1.0727e-01     0.1174    97.1078     5.6965     5.8345    34.8557    34.8547    27.6515    27.6512    7.23702 0.0000e+00
       8474    291.445     4.1891     4.1841   3.273490   3.272974     1.7945     2.1242      7.952     0.9053   481.3579 1.0752e-01     0.1178    97.0991     5.6982     5.8359    34.8555    34.8547    27.6513    27.6512    7.23700 0.0000e+00
       8477    291.490     4.1891     4.1841   3.273459   3.272981     1.7937     2.1229      7.953     0.8952   481.3579 1.0727e-01     0.1174    97.1078     5.6941     5.8327    34.8552    34.8548    27.6510    27.6512    7.23701 0.0000e+00
       8480    291.531     4.1888     4.1843   3.273452   3.273011     1.7949     2.1221      7.950     0.8952   481.3184 1.0752e-01     0.1174    97.1078     5.6994     5.8312    34.8553    34.8549    27.6512    27.6513    7.23705 0.0000e+00
       8483    291.569     4.1886     4.1842   3.273455   3.272979     1.7945     2.1233      7.950     0.9155   208.8341 1.0752e-01     0.1174    97.1078     5.6974     5.8368    34.8556    34.8546    27.6514    27.6511    7.23708 0.0000e+00
       8486    291.606     4.1885     4.1839   3.273455   3.272957     1.7945     2.1233      7.951     0.8952    -0.2074 1.0752e-01     0.1163    97.1338     5.6979     5.8379    34.8557    34.8546    27.6515    27.6511    7.23709 0.0000e+00
       8489    291.639     4.1890     4.1835   3.273474   3.272939     1.7937     2.1237      7.950     0.8952     6.2277 1.0740e-01     0.1163    97.1338     5.6943     5.8409    34.8554    34.8548    27.6512    27.6513    7.23702 0.0000e+00
       8492    291.670     4.1885     4.1837   3.273434   3.272974     1.7945     2.1237      7.953     0.8952     5.9513 1.0752e-01     0.1163    97.1338     5.6993     5.8388    34.8553    34.8550    27.6512    27.6514    7.23710 0.0000e+00
       8495    291.702     4.1885     4.1839   3.273452   3.272972     1.7945     2.1233      7.949     0.8952     5.9513 1.0727e-01     0.1163    97.1338     5.7005     5.8363    34.8555    34.8547    27.6513    27.6512    7.23709 0.0000e+00
       8498    291.734     4.1889     4.1839   3.273444   3.272974     1.7945     2.1225      7.952     0.9257     5.9513 1.0715e-01     0.1167    97.1251     5.7023     5.8355    34.8551    34.8548    27.6510    27.6512    7.23705 0.0000e+00
       8501    291.768     4.1885     4.1835   3.273490   3.272941     1.7937     2.1233      7.952     0.8952     5.9513 1.0740e-01     0.1167    97.1251     5.6997     5.8388    34.8560    34.8548    27.6517    27.6513    7.23708 0.0000e+00
       8504    291.799     4.1889     4.1834   3.273453   3.272929     1.7941     2.1233      7.949     0.8952     5.9513 1.0740e-01     0.1174    97.1078     5.7025     5.8372    34.8551    34.8547    27.6510    27.6513    7.23705 0.0000e+00
       8507    291.829     4.1888     4.1833   3.273446   3.272913     1.7941     2.1237      7.952     0.9053     6.0698 1.0740e-01     0.1174    97.1078     5.7054     5.8367    34.8551    34.8547    27.6510    27.6512    7.23707 0.0000e+00
       8510    291.859     4.1886     4.1833   3.273448   3.272922     1.7941     2.1234      7.950     0.8952   405.7951 1.0727e-01     0.1174    97.1078     5.7053     5.8323    34.8553    34.8548    27.6512    27.6513    7.23709 0.0000e+00
       8513    291.888     4.1886     4.1835   3.273464   3.272961     1.7941     2.1238      7.952     0.9053   481.8712 1.0740e-01     0.1174    97.1078     5.7056     5.8344    34.8555    34.8550    27.6513    27.6514    7.23708 0.0000e+00
       8516    291.917     4.1888     4.1838   3.273448   3.272960     1.7945     2.1234      7.952     0.9155   481.0421 1.0740e-01     0.1174    97.1078     5.7073     5.8337    34.8551    34.8546    27.6510    27.6512    7.23707 0.0000e+00
       8519    291.948     4.1889     4.1839   3.273468   3.272996     1.7949     2.1234      7.953     0.8952   481.3579 1.0740e-01     0.1174    97.1078     5.7102     5.8340    34.8552    34.8549    27.6510    27.6513    7.23704 0.0000e+00
       8522    291.981     4.1890     4.1842   3.273478   3.273027     1.7941     2.1234      7.950     0.9155   481.3579 1.0740e-01     0.1174    97.1078     5.7078     5.8328    34.8552    34.8549    27.6510    27.6513    7.23703 0.0000e+00
       8525    292.017     4.1889     4.1844   3.273449   3.273059     1.7949     2.1230      7.950     0.9257   481.3579 1.0740e-01     0.1174    97.1078     5.7092     5.8280    34.8550    34.8552    27.6509    27.6515    7.23706 0.0000e+00
       8528    292.060     4.1882     4.1847   3.273406   3.273063     1.7953     2.1234      7.950     0.9358   481.3579 1.0740e-01     0.1170    97.1165     5.7071     5.8285    34.8551    34.8548    27.6511    27.6512    7.23716 0.0000e+00
       8531    292.109     4.1880     4.1843   3.273372   3.273019     1.7949     2.1230      7.951     0.9358   481.3579 1.0752e-01     0.1174    97.1078     5.7030     5.8285    34.8550    34.8547    27.6510    27.6511    7.23722 0.0000e+00
       8534    292.165     4.1881     4.1839   3.273398   3.272973     1.7941     2.1221      7.949     0.9358   413.2960 1.0727e-01     0.1174    97.1078     5.6985     5.8271    34.8551    34.8545    27.6511    27.6511    7.23719 0.0000e+00
       8537    292.222     4.1877     4.1838   3.273372   3.272975     1.7949     2.1234      7.952     0.9358    11.5574 1.0727e-01     0.1174    97.1078     5.7009     5.8338    34.8552    34.8547    27.6512    27.6512    7.23725 0.0000e+00
       8540    292.284     4.1875     4.1836   3.273377   3.272983     1.7949     2.1230      7.951     0.9358     4.9644 1.0752e-01     0.1174    97.1078     5.6991     5.8341    34.8554    34.8549    27.6514    27.6514    7.23727 0.0000e+00
       8543    292.343     4.1876     4.1840   3.273395   3.272992     1.7949     2.1230      7.952     0.9358     6.0303 1.0727e-01     0.1178    97.0991     5.6987     5.8347    34.8555    34.8546    27.6514    27.6511    7.23726 0.0000e+00
       8546    292.402     4.1884     4.1841   3.273462   3.273025     1.7945     2.1230      7.953     0.9358     5.9513 1.0740e-01     0.1185    97.0817     5.6959     5.8346    34.8554    34.8548    27.6513    27.6512    7.23712 0.0000e+00
       8549    292.469     4.1890     4.1842   3.273517   3.273015     1.7941     2.1221      7.949     0.9155     5.9513 1.0727e-01     0.1185    97.0817     5.6905     5.8328    34.8554    34.8546    27.6512    27.6510    7.23702 0.0000e+00
       8552    292.540     4.1891     4.1842   3.273547   3.273019     1.7937     2.1225      7.952     0.9358     5.9513 1.0740e-01     0.1185    97.0817     5.6883     5.8349    34.8556    34.8545    27.6514    27.6510    7.23699 0.0000e+00
       8555    292.616     4.1891     4.1842   3.273513   3.273025     1.7941     2.1234      7.950     0.9358     5.9513 1.0740e-01     0.1185    97.0817     5.6929     5.8372    34.8552    34.8546    27.6510    27.6511    7.23701 0.0000e+00
       8558    292.697     4.1887     4.1843   3.273496   3.273024     1.7945     2.1234      7.953     0.9358     5.9513 1.0740e-01     0.1185    97.0817     5.6958     5.8366    34.8554    34.8544    27.6512    27.6509    7.23707 0.0000e+00
       8561    292.782     4.1887     4.1844   3.273514   3.273060     1.7945     2.1234      7.950     0.9358   193.0425 1.0752e-01     0.1185    97.0817     5.6937     5.8367    34.8556    34.8547    27.6514    27.6511    7.23707 0.0000e+00
       8564    292.873     4.1888     4.1845   3.273497   3.273062     1.7941     2.1234      7.952     0.9358   482.1870 1.0752e-01     0.1185    97.0817     5.6927     5.8365    34.8552    34.8546    27.6511    27.6510    7.23706 0.0000e+00
       8567    292.965     4.1882     4.1838   3.273452   3.273018     1.7941     2.1225      7.952     0.9358   481.1606 1.0727e-01     0.1185    97.0817     5.6944     5.8307    34.8552    34.8547    27.6512    27.6512    7.23717 0.0000e+00
       8570    293.064     4.1878     4.1835   3.273436   3.273001     1.7937     2.1230      7.951     0.9460   481.3184 1.0740e-01     0.1188    97.0730     5.6957     5.8305    34.8554    34.8548    27.6513    27.6513    7.23723 0.0000e+00
       8573    293.166     4.1876     4.1832   3.273394   3.272951     1.7928     2.1234      7.952     0.9257   481.3579 1.0740e-01     0.1185    97.0817     5.6927     5.8327    34.8551    34.8545    27.6511    27.6511    7.23728 0.0000e+00
       8576    293.272     4.1874     4.1829   3.273419   3.272956     1.7937     2.1225      7.951     0.9257   481.3579 1.0727e-01     0.1185    97.0817     5.6969     5.8284    34.8555    34.8548    27.6514    27.6514    7.23729 0.0000e+00
       8579    293.380     4.1872     4.1830   3.273428   3.272967     1.7949     2.1221      7.951     0.9358   481.3579 1.0727e-01     0.1185    97.0817     5.7017     5.8266    34.8558    34.8548    27.6517    27.6514    7.23731 0.0000e+00
       8582    293.490     4.1876     4.1830   3.273436   3.272952     1.7937     2.1234      7.949     0.9460   481.3579 1.0740e-01     0.1188    97.0730     5.6983     5.8321    34.8554    34.8545    27.6513    27.6512    7.23726 0.0000e+00
       8585    293.605     4.1877     4.1829   3.273440   3.272954     1.7933     2.1234      7.949     0.9358   481.3184 1.0752e-01     0.1350    96.6818     5.6980     5.8332    34.8553    34.8546    27.6513    27.6512    7.23726 0.0000e+00
       8588    293.723     4.1874     4.1828   3.273429   3.272974     1.7933     2.1217      7.951     0.9257   481.3579 1.0715e-01     0.1368    96.6384     5.6998     5.8293    34.8554    34.8549    27.6514    27.6515    7.23730 0.0000e+00
       8591    293.839     4.1875     4.1826   3.273423   3.272960     1.7941     2.1217      7.951     0.9257   481.3579 1.0727e-01     0.1364    96.6471     5.7043     5.8314    34.8552    34.8548    27.6512    27.6514    7.23730 0.0000e+00
       8594    293.955     4.1875     4.1830   3.273446   3.272983     1.7941     2.1221      7.951     0.9460   481.3579 1.0752e-01     0.1368    96.6384     5.7024     5.8325    34.8553    34.8547    27.6513    27.6513    7.23728 0.0000e+00
       8597    294.072     4.1874     4.1832   3.273439   3.273011     1.7937     2.1234      7.952     0.9460   481.3579 1.0740e-01     0.1368    96.6384     5.6983     5.8376    34.8553    34.8547    27.6513    27.6512    7.23730 0.0000e+00
       8600    294.188     4.1876     4.1833   3.273454   3.273009     1.7941     2.1225      7.951     0.9257   481.3579 1.0740e-01     0.1368    96.6384     5.6975     5.8374    34.8553    34.8545    27.6512    27.6511    7.23728 0.0000e+00
       8603    294.300     4.1874     4.1833   3.273457   3.273012     1.7937     2.1230      7.949     0.9155   481.3579 1.0740e-01     0.1332    96.7253     5.6976     5.8372    34.8554    34.8545    27.6514    27.6511    7.23730 0.0000e+00
       8606    294.414     4.1875     4.1832   3.273483   3.273033     1.7945     2.1221      7.952     0.9358   481.3579 1.0740e-01     0.1167    97.1251     5.7051     5.8338    34.8555    34.8548    27.6514    27.6513    7.23727 0.0000e+00
       8609    294.527     4.1872     4.1832   3.273469   3.273015     1.7937     2.1230      7.949     0.9358   481.3579 1.0752e-01     0.1174    97.1078     5.7021     5.8392    34.8556    34.8546    27.6515    27.6511    7.23732 0.0000e+00
       8612    294.632     4.1876     4.1832   3.273476   3.273020     1.7941     2.1225      7.952     0.9358   466.8296 1.0740e-01     0.1170    97.1165     5.7035     5.8378    34.8553    34.8545    27.6513    27.6511    7.23727 0.0000e+00
       8615    294.736     4.1877     4.1830   3.273492   3.273009     1.7937     2.1234      7.952     0.9155    44.0486 1.0740e-01     0.1170    97.1165     5.6996     5.8374    34.8553    34.8546    27.6512    27.6512    7.23725 0.0000e+00
       8618    294.836     4.1875     4.1831   3.273483   3.273031     1.7925     2.1221      7.951     0.9460     0.7006 1.0727e-01     0.1170    97.1165     5.6966     5.8304    34.8554    34.8546    27.6513    27.6512    7.23729 0.0000e+00
       8621    294.927     4.1875     4.1827   3.273474   3.273015     1.7933     2.1230      7.952     0.9358     3.5036 1.0740e-01     0.1170    97.1165     5.7020     5.8326    34.8552    34.8548    27.6512    27.6514    7.23730 0.0000e+00
       8624    295.013     4.1877     4.1835   3.273547   3.273058     1.7937     2.1230      7.951     0.9358     3.3457 1.0752e-01     0.1174    97.1078     5.7023     5.8340    34.8558    34.8544    27.6516    27.6510    7.23723 0.0000e+00
