Datasets/AZMP/HUD120/hud120_2020_082.cnv
* Sea-Bird SBE 9 Data File:
* FileName = C:\CTDDATA\hud120_2020_082.hex
* Software Version Seasave V 7.26.7.110
* Temperature SN = 1697
* Conductivity SN = 4216
* Number of Bytes Per Scan = 30
* Number of Voltage Words = 4
* Number of Scans Averaged by the Deck Unit = 1
* NMEA baud rate = 4800
** VESSEL/TRIP/SEQ STN:  hud120_2020_082
** LATITUDE XX XX.XX: 47 00.00 N
** LONGITUDE XX XX.XX W: 052 49.90 W
** SOUNDING DEPTH (M): 0107
** PROBE TYPE: S1146
** CTD NUMBER: 061
** FORMAT: V
** COMMENTS (14 CHAR): FC-01
** BOTTLES:  8
** LEVELS: 5,10,20,30,40,50,75,BTM
** STICKERS: 439930 - 439937
** VNET: Y
** DO2: N
# nquan = 22
# nvalues = 2824                        
# units = specified
# name 0 = scan: Scan Count
# name 1 = prDM: Pressure, Digiquartz [db]
# name 2 = t090C: Temperature [ITS-90, deg C]
# name 3 = t190C: Temperature, 2 [ITS-90, deg C]
# name 4 = c0S/m: Conductivity [S/m]
# name 5 = c1S/m: Conductivity, 2 [S/m]
# name 6 = sbeox0V: Oxygen raw, SBE 43 [V]
# name 7 = sbeox1V: Oxygen raw, SBE 43, 2 [V]
# name 8 = ph: pH
# name 9 = flECO-AFL: Fluorescence, WET Labs ECO-AFL/FL [mg/m^3]
# name 10 = wetCDOM: Fluorescence, WET Labs CDOM [mg/m^3]
# name 11 = par/sat/log: PAR/Logarithmic, Satlantic [umol photons/m^2/sec]
# name 12 = CStarAt0: Beam Attenuation, WET Labs C-Star [1/m]
# name 13 = CStarTr0: Beam Transmission, WET Labs C-Star [%]
# name 14 = sbeox0ML/L: Oxygen, SBE 43 [ml/l], WS = 2
# name 15 = sbeox1ML/L: Oxygen, SBE 43, 2 [ml/l], WS = 2
# name 16 = sal00: Salinity, Practical [PSU]
# name 17 = sal11: Salinity, Practical, 2 [PSU]
# name 18 = sigma-t00: Density [sigma-t, kg/m^3 ]
# name 19 = sigma-t11: Density, 2 [sigma-t, kg/m^3 ]
# name 20 = oxsatML/L: Oxygen Saturation, Weiss [ml/l]
# name 21 = flag: flag
# span 0 =         44,      33619       
# span 1 =      0.760,    102.468       
# span 2 =     1.2517,     4.1363       
# span 3 =     1.2536,     4.1322       
# span 4 =   2.806955,   2.976465       
# span 5 =   2.806868,   2.975960       
# span 6 =     2.1030,     2.2108       
# span 7 =     2.4994,     2.6328       
# span 8 =      8.105,      8.154       
# span 9 =     1.1902,     3.0420       
# span 10 =    -2.8130,   482.1870      
# span 11 = 1.0497e-01, 6.9409e-01      
# span 12 =     0.1060,     0.1498      
# span 13 =    96.3255,    97.3859      
# span 14 =     7.3245,     7.6114      
# span 15 =     7.2942,     7.7925      
# span 16 =    31.5422,    32.3202      
# span 17 =    31.5409,    32.3182      
# span 18 =    25.0255,    25.8756      
# span 19 =    25.0255,    25.8738      
# span 20 =    7.40653,    7.92779      
# span 21 = 0.0000e+00, 0.0000e+00      
# interval = scans: 3                   
# start_time = Nov 27 2020 05:04:09 [System UTC, header]
# bad_flag = -9.990e-29
*END*
[from data line 1515]
       6590     80.738     2.1348     2.1098   2.864198   2.862198     2.1304     2.5349      8.114     1.5057     2.7535 1.0752e-01     0.1120    97.2382     7.5361     7.6753    32.1465    32.1470    25.6762    25.6785    7.75815 0.0000e+00
       6593     80.684     2.1342     2.1155   2.863776   2.863079     2.1299     2.5349      8.114     1.5158    -2.0234 1.0752e-01     0.1134    97.2034     7.5412     7.6806    32.1418    32.1522    25.6725    25.6822    7.75850 0.0000e+00
       6596     80.625     2.1188     2.1165   2.862788   2.862831     2.1291     2.5349      8.115     1.5057    -0.7601 1.0752e-01     0.1163    97.1338     7.5494     7.6886    32.1453    32.1481    25.6764    25.6788    7.76139 0.0000e+00
       6599     80.560     2.1150     2.1323   2.862762   2.863173     2.1295     2.5353      8.115     1.5057    -0.7996 1.0740e-01     0.1159    97.1425     7.5597     7.6989    32.1489    32.1364    25.6796    25.6683    7.76196 0.0000e+00
       6602     80.494     2.1172     2.1493   2.862916   2.864087     2.1291     2.5353      8.115     1.4853    -0.7996 1.0727e-01     0.1163    97.1338     7.5633     7.7052    32.1485    32.1306    25.6791    25.6624    7.76153 0.0000e+00
       6605     80.425     2.1180     2.1419   2.862845   2.864685     2.1312     2.5350      8.115     1.4853    -0.7996 1.0752e-01     0.1159    97.1425     7.5783     7.7144    32.1468    32.1455    25.6777    25.6749    7.76146 0.0000e+00
       6608     80.351     2.1245     2.1288   2.863831   2.864032     2.1320     2.5370      8.115     1.4853    -0.7996 1.0752e-01     0.1159    97.1425     7.5866     7.7349    32.1526    32.1507    25.6819    25.6800    7.75988 0.0000e+00
       6611     80.272     2.1332     2.1258   2.864117   2.863723     2.1324     2.5382      8.114     1.4649    -0.8391 1.0752e-01     0.1163    97.1338     7.5910     7.7487    32.1473    32.1499    25.6770    25.6796    7.75841 0.0000e+00
       6614     80.189     2.1365     2.1488   2.864432   2.864997     2.1332     2.5390      8.114     1.4649     0.8980 1.0752e-01     0.1135    97.2034     7.5955     7.7508    32.1479    32.1425    25.6773    25.6720    7.75774 0.0000e+00
       6617     80.103     2.1515     2.1420   2.865133   2.864103     2.1336     2.5398      8.114     1.4853     3.0694 1.0752e-01     0.1106    97.2729     7.5970     7.7564    32.1415    32.1383    25.6709    25.6691    7.75509 0.0000e+00
       6620     80.014     2.1706     2.1301   2.866483   2.863517     2.1344     2.5415      8.114     1.4751     2.9904 1.0752e-01     0.1103    97.2816     7.5922     7.7630    32.1389    32.1431    25.6675    25.6739    7.75143 0.0000e+00
       6623     79.924     2.1935     2.1637   2.867743   2.866475     2.1352     2.5427      8.114     1.4853     2.9904 1.0752e-01     0.1106    97.2729     7.5839     7.7562    32.1313    32.1458    25.6597    25.6735    7.74728 0.0000e+00
       6626     79.832     2.1971     2.1973   2.867765   2.867882     2.1356     2.5423      8.114     1.4853     2.9904 1.0740e-01     0.1110    97.2642     7.5775     7.7472    32.1281    32.1293    25.6569    25.6578    7.74675 0.0000e+00
       6629     79.737     2.1895     2.1901   2.867144   2.866514     2.1356     2.5431      8.114     1.4853     2.9904 1.0752e-01     0.1110    97.2642     7.5712     7.7472    32.1281    32.1197    25.6575    25.6506    7.74825 0.0000e+00
       6632     79.642     2.1721     2.1614   2.865947   2.864260     2.1360     2.5443      8.114     1.4751     2.9904 1.0752e-01     0.1110    97.2642     7.5715     7.7482    32.1310    32.1209    25.6610    25.6538    7.75155 0.0000e+00
       6635     79.544     2.1545     2.1260   2.864675   2.862780     2.1360     2.5443      8.114     1.4751     2.9904 1.0752e-01     0.1110    97.2642     7.5692     7.7474    32.1330    32.1384    25.6640    25.6704    7.75493 0.0000e+00
       6638     79.446     2.1450     2.1092   2.864354   2.862174     2.1365     2.5447      8.114     1.4751     2.9904 1.0752e-01     0.1110    97.2642     7.5665     7.7437    32.1387    32.1480    25.6692    25.6793    7.75652 0.0000e+00
       6641     79.345     2.1374     2.1117   2.863776   2.862316     2.1365     2.5443      8.116     1.4853     6.2672 1.0752e-01     0.1110    97.2642     7.5645     7.7363    32.1393    32.1473    25.6703    25.6786    7.75800 0.0000e+00
       6644     79.243     2.1202     2.1103   2.862687   2.862125     2.1360     2.5447      8.116     1.4649     7.4121 1.0752e-01     0.1110    97.2642     7.5626     7.7329    32.1433    32.1464    25.6747    25.6780    7.76121 0.0000e+00
       6647     79.140     2.1219     2.1103   2.864055   2.862255     2.1365     2.5455      8.116     1.4649     7.3726 1.0752e-01     0.1110    97.2642     7.5592     7.7338    32.1586    32.1481    25.6868    25.6792    7.76007 0.0000e+00
       6650     79.038     2.1626     2.1082   2.865884   2.861976     2.1369     2.5472      8.116     1.4751     7.3726 1.0740e-01     0.1110    97.2642     7.5525     7.7409    32.1401    32.1468    25.6690    25.6784    7.75296 0.0000e+00
       6653     78.935     2.1570     2.1323   2.866279   2.865036     2.1373     2.5468      8.116     1.4751     7.3726 1.0752e-01     0.1117    97.2468     7.5513     7.7310    32.1507    32.1603    25.6780    25.6875    7.75352 0.0000e+00
       6656     78.833     2.3103     2.2926   2.877660   2.876692     2.1369     2.5459      8.117     1.4649     7.3726 1.0752e-01     0.1167    97.1251     7.5162     7.6916    32.1364    32.1423    25.6550    25.6611    7.72394 0.0000e+00
       6659     78.732     2.4161     2.4159   2.882807   2.882005     2.1369     2.5459      8.115     1.4446     7.3726 1.0752e-01     0.1163    97.1338     7.4959     7.6668    32.0931    32.0834    25.6123    25.6046    7.70536 0.0000e+00
       6662     78.631     2.4593     2.4424   2.884606   2.882969     2.1369     2.5463      8.115     1.4344     7.3726 1.0740e-01     0.1163    97.1338     7.4876     7.6638    32.0718    32.0687    25.5920    25.5908    7.69800 0.0000e+00
       6665     78.530     2.4711     2.4586   2.885058   2.884013     2.1377     2.5472      8.115     1.4446    36.7055 1.0740e-01     0.1163    97.1338     7.4895     7.6644    32.0656    32.0653    25.5861    25.5868    7.69601 0.0000e+00
       6668     78.430     2.4765     2.4690   2.885345   2.884670     2.1373     2.5472      8.116     1.4344   450.0116 1.0740e-01     0.1163    97.1338     7.4817     7.6606    32.0637    32.0629    25.5841    25.5841    7.69504 0.0000e+00
       6671     78.329     2.4812     2.4729   2.885739   2.884906     2.1373     2.5480      8.113     1.4547   481.3974 1.0740e-01     0.1163    97.1338     7.4781     7.6604    32.0639    32.0620    25.5839    25.5831    7.69411 0.0000e+00
       6674     78.232     2.4847     2.4757   2.885801   2.885068     2.1373     2.5484      8.115     1.4547   481.1605 1.0752e-01     0.1152    97.1599     7.4740     7.6594    32.0612    32.0613    25.5815    25.5822    7.69357 0.0000e+00
       6677     78.136     2.4832     2.4752   2.885767   2.885008     2.1369     2.5484      8.113     1.4344   481.3184 1.0752e-01     0.1099    97.2903     7.4693     7.6589    32.0624    32.0611    25.5826    25.5821    7.69381 0.0000e+00
       6680     78.046     2.4847     2.4753   2.885868   2.885069     2.1377     2.5476      8.115     1.4547   481.2790 1.0752e-01     0.1099    97.2903     7.4720     7.6528    32.0621    32.0617    25.5823    25.5826    7.69352 0.0000e+00
       6683     77.957     2.4853     2.4755   2.885885   2.885067     2.1381     2.5484      8.113     1.4955   481.2790 1.0740e-01     0.1103    97.2816     7.4747     7.6509    32.0618    32.0616    25.5819    25.5825    7.69343 0.0000e+00
       6686     77.873     2.4856     2.4739   2.885918   2.884947     2.1381     2.5496      8.115     1.4955   481.3579 1.0752e-01     0.1103    97.2816     7.4740     7.6519    32.0619    32.0618    25.5820    25.5828    7.69336 0.0000e+00
       6689     77.790     2.4851     2.4719   2.885929   2.884888     2.1373     2.5496      8.115     1.5158   481.2790 1.0752e-01     0.1099    97.2903     7.4724     7.6485    32.0626    32.0631    25.5826    25.5840    7.69342 0.0000e+00
       6692     77.711     2.4904     2.4738   2.886279   2.885048     2.1365     2.5496      8.115     1.5158   481.3579 1.0752e-01     0.1099    97.2903     7.4679     7.6431    32.0616    32.0632    25.5814    25.5839    7.69244 0.0000e+00
       6695     77.636     2.4897     2.4784   2.886074   2.885382     2.1377     2.5492      8.113     1.5057   481.3579 1.0752e-01     0.1117    97.2469     7.4742     7.6364    32.0599    32.0627    25.5800    25.5832    7.69267 0.0000e+00
       6698     77.567     2.4878     2.4785   2.886023   2.885327     2.1365     2.5484      8.115     1.5057   481.3579 1.0727e-01     0.1117    97.2469     7.4724     7.6314    32.0612    32.0619    25.5813    25.5826    7.69297 0.0000e+00
       6701     77.499     2.4881     2.4757   2.886054   2.885154     2.1365     2.5484      8.115     1.5158   481.3579 1.0752e-01     0.1113    97.2555     7.4706     7.6290    32.0613    32.0627    25.5814    25.5834    7.69291 0.0000e+00
       6704     77.437     2.4886     2.4778   2.886115   2.885260     2.1373     2.5484      8.116     1.5158   481.3184 1.0752e-01     0.1117    97.2469     7.4747     7.6253    32.0616    32.0619    25.5815    25.5826    7.69280 0.0000e+00
       6707     77.382     2.4848     2.4758   2.885870   2.885191     2.1381     2.5484      8.115     1.5158   481.3579 1.0752e-01     0.1120    97.2382     7.4813     7.6200    32.0625    32.0631    25.5825    25.5837    7.69350 0.0000e+00
       6710     77.327     2.4823     2.4752   2.885680   2.885242     2.1377     2.5496      8.118     1.5362   481.3579 1.0740e-01     0.1117    97.2469     7.4856     7.6214    32.0625    32.0643    25.5828    25.5847    7.69396 0.0000e+00
       6713     77.278     2.4788     2.4791   2.885436   2.885363     2.1377     2.5480      8.116     1.5463   481.3579 1.0752e-01     0.1117    97.2469     7.4905     7.6144    32.0632    32.0620    25.5836    25.5826    7.69463 0.0000e+00
       6716     77.231     2.4865     2.4772   2.886606   2.885069     2.1373     2.5480      8.116     1.5463   481.3579 1.0752e-01     0.1120    97.2382     7.4853     7.6159    32.0698    32.0603    25.5882    25.5814    7.69278 0.0000e+00
       6719     77.193     2.5131     2.4759   2.887599   2.884999     2.1385     2.5480      8.116     1.5362   217.5195 1.0752e-01     0.1113    97.2555     7.4839     7.6161    32.0553    32.0608    25.5746    25.5818    7.68832 0.0000e+00
       6722     77.154     2.4984     2.4812   2.886622   2.885189     2.1385     2.5484      8.118     1.5362    -2.8130 1.0752e-01     0.1117    97.2469     7.4853     7.6144    32.0581    32.0578    25.5779    25.5791    7.69105 0.0000e+00
       6725     77.116     2.4922     2.4799   2.886336   2.885286     2.1373     2.5472      8.118     1.5260     0.1874 1.0740e-01     0.1110    97.2642     7.4751     7.6049    32.0609    32.0603    25.5806    25.5812    7.69213 0.0000e+00
       6728     77.082     2.4668     2.4815   2.884841   2.885515     2.1377     2.5476      8.116     1.5362     0.3848 1.0752e-01     0.1117    97.2469     7.4788     7.6046    32.0680    32.0615    25.5883    25.5820    7.69672 0.0000e+00
       6731     77.051     2.4588     2.4831   2.884358   2.885590     2.1385     2.5468      8.116     1.5362     0.3848 1.0752e-01     0.1117    97.2469     7.4862     7.6004    32.0701    32.0608    25.5907    25.5813    7.69818 0.0000e+00
       6734     77.021     2.4582     2.4798   2.884152   2.885188     2.1393     2.5463      8.116     1.5057     0.3848 1.0752e-01     0.1120    97.2382     7.4914     7.5990    32.0682    32.0592    25.5892    25.5803    7.69840 0.0000e+00
       6737     76.993     2.4386     2.4685   2.882595   2.884625     2.1385     2.5472      8.116     1.4751     0.3848 1.0740e-01     0.1117    97.2469     7.4922     7.6076    32.0689    32.0637    25.5912    25.5848    7.70221 0.0000e+00
       6740     76.968     2.3966     2.4653   2.880314   2.884304     2.1381     2.5468      8.118     1.4649     0.3848 1.0740e-01     0.1120    97.2382     7.4953     7.6076    32.0831    32.0630    25.6058    25.5844    7.70972 0.0000e+00
       6743     76.944     2.3906     2.4558   2.880018   2.883694     2.1377     2.5463      8.116     1.4853     0.3848 1.0752e-01     0.1120    97.2382     7.4920     7.6084    32.0854    32.0650    25.6082    25.5868    7.71077 0.0000e+00
       6746     76.922     2.4051     2.4478   2.880979   2.883285     2.1381     2.5451      8.118     1.4751   397.8598 1.0740e-01     0.1120    97.2382     7.4889     7.6065    32.0827    32.0681    25.6048    25.5899    7.70806 0.0000e+00
       6749     76.897     2.4124     2.4422   2.881440   2.882568     2.1373     2.5447      8.118     1.4649   481.9106 1.0752e-01     0.1120    97.2382     7.4816     7.6091    32.0810    32.0649    25.6029    25.5878    7.70671 0.0000e+00
       6752     76.871     2.4295     2.4134   2.882926   2.881072     2.1385     2.5455      8.118     1.4853   481.0816 1.0752e-01     0.1117    97.2469     7.4814     7.6192    32.0821    32.0755    25.6025    25.5985    7.70331 0.0000e+00
       6755     76.845     2.4610     2.4128   2.885051   2.881402     2.1393     2.5455      8.116     1.4751   481.3579 1.0752e-01     0.1127    97.2208     7.4796     7.6211    32.0765    32.0802    25.5956    25.6023    7.69742 0.0000e+00
       6758     76.820     2.5008     2.4122   2.886559   2.880890     2.1385     2.5447      8.118     1.4751   481.2790 1.0740e-01     0.1131    97.2121     7.4732     7.6226    32.0551    32.0745    25.5754    25.5978    7.69074 0.0000e+00
       6761     76.795     2.4995     2.4129   2.886515   2.881136     2.1385     2.5459      8.118     1.5667   481.3184 1.0740e-01     0.1131    97.2121     7.4802     7.6303    32.0559    32.0768    25.5761    25.5995    7.69095 0.0000e+00
       6764     76.769     2.4870     2.4137   2.885759   2.881401     2.1377     2.5451      8.116     1.5667   481.3579 1.0752e-01     0.1131    97.2121     7.4838     7.6326    32.0592    32.0793    25.5797    25.6015    7.69323 0.0000e+00
       6767     76.741     2.4756     2.4186   2.884877   2.881657     2.1381     2.5447      8.116     1.5667   481.3579 1.0752e-01     0.1131    97.2121     7.4907     7.6334    32.0598    32.0776    25.5811    25.5997    7.69543 0.0000e+00
       6770     76.711     2.4753     2.4258   2.884652   2.882278     2.1369     2.5447      8.118     1.5667   417.7177 1.0740e-01     0.1131    97.2121     7.4892     7.6352    32.0573    32.0780    25.5791    25.5995    7.69560 0.0000e+00
       6773     76.681     2.4782     2.4322   2.884946   2.882520     2.1377     2.5451      8.118     1.5667    12.8602 1.0752e-01     0.1131    97.2121     7.4946     7.6361    32.0581    32.0745    25.5795    25.5962    7.69501 0.0000e+00
       6776     76.650     2.4868     2.4317   2.885483   2.882578     2.1381     2.5447      8.115     1.5565     2.3982 1.0752e-01     0.1124    97.2295     7.4943     7.6386    32.0561    32.0758    25.5773    25.5973    7.69343 0.0000e+00
       6779     76.619     2.4953     2.4363   2.886173   2.882633     2.1393     2.5451      8.118     1.5667     3.8985 1.0740e-01     0.1117    97.2469     7.5020     7.6441    32.0560    32.0718    25.5765    25.5937    7.69177 0.0000e+00
       6782     76.585     2.5040     2.4403   2.886262   2.882817     2.1393     2.5459      8.116     1.5768     3.8195 1.0752e-01     0.1120    97.2382     7.5079     7.6521    32.0483    32.0700    25.5697    25.5920    7.69046 0.0000e+00
