Datasets/AZMP/HUD120/hud120_2020_089.cnv
* Sea-Bird SBE 9 Data File:
* FileName = C:\CTDDATA\hud120_2020_089.hex
* Software Version Seasave V 7.26.7.110
* Temperature SN = 1697
* Conductivity SN = 4216
* Number of Bytes Per Scan = 30
* Number of Voltage Words = 4
* Number of Scans Averaged by the Deck Unit = 1
* NMEA baud rate = 4800
** VESSEL/TRIP/SEQ STN:  hud120_2020_089
** LATITUDE XX XX.XX: 48 55.00 N
** LONGITUDE XX XX.XX: 052 24.00 W
** SOUNDING DEPTH (M): 0356
** PROBE TYPE: S1146
** CTD NUMBER: 066
** FORMAT: V
** COMMENTS (14 CHAR): BB-04
** BOTTLES:  10
** LEVELS: 5,10,20,30,40,50,75,100,150,BTM
** STICKERS: 439956 - 439965
** VNET: Y
** DO2: N
# nquan = 22
# nvalues = 7437                        
# units = specified
# name 0 = scan: Scan Count
# name 1 = prDM: Pressure, Digiquartz [db]
# name 2 = t090C: Temperature [ITS-90, deg C]
# name 3 = t190C: Temperature, 2 [ITS-90, deg C]
# name 4 = c0S/m: Conductivity [S/m]
# name 5 = c1S/m: Conductivity, 2 [S/m]
# name 6 = sbeox0V: Oxygen raw, SBE 43 [V]
# name 7 = sbeox1V: Oxygen raw, SBE 43, 2 [V]
# name 8 = ph: pH
# name 9 = flECO-AFL: Fluorescence, WET Labs ECO-AFL/FL [mg/m^3]
# name 10 = wetCDOM: Fluorescence, WET Labs CDOM [mg/m^3]
# name 11 = par/sat/log: PAR/Logarithmic, Satlantic [umol photons/m^2/sec]
# name 12 = CStarAt0: Beam Attenuation, WET Labs C-Star [1/m]
# name 13 = CStarTr0: Beam Transmission, WET Labs C-Star [%]
# name 14 = sbeox0ML/L: Oxygen, SBE 43 [ml/l], WS = 2
# name 15 = sbeox1ML/L: Oxygen, SBE 43, 2 [ml/l], WS = 2
# name 16 = sal00: Salinity, Practical [PSU]
# name 17 = sal11: Salinity, Practical, 2 [PSU]
# name 18 = sigma-t00: Density [sigma-t, kg/m^3 ]
# name 19 = sigma-t11: Density, 2 [sigma-t, kg/m^3 ]
# name 20 = oxsatML/L: Oxygen Saturation, Weiss [ml/l]
# name 21 = flag: flag
# span 0 =        179,      47013       
# span 1 =      1.462,    344.217       
# span 2 =    -0.5387,     2.1372       
# span 3 =    -0.5439,     2.1333       
# span 4 =   2.702627,   3.042588       
# span 5 =   2.702200,   3.042101       
# span 6 =     1.8228,     2.2055       
# span 7 =     2.1477,     2.6237       
# span 8 =      8.033,      8.158       
# span 9 =     0.9155,     5.4942       
# span 10 =    -2.8130,   482.1870      
# span 11 = 1.0532e-01, 3.6801e-01      
# span 12 =     0.0800,     0.3808      
# span 13 =    90.9188,    98.0205      
# span 14 =     6.2258,     7.8372      
# span 15 =     6.3256,     8.0191      
# span 16 =    32.0343,    34.2338      
# span 17 =    32.0437,    34.2323      
# span 18 =    25.5882,    27.3484      
# span 19 =    25.5943,    27.3476      
# span 20 =    7.65290,    8.27932      
# span 21 = 0.0000e+00, 0.0000e+00      
# interval = scans: 3                   
# start_time = Nov 28 2020 01:47:24 [System UTC, header]
# bad_flag = -9.990e-29
*END*
[from data line 6124]
      27745     81.896     0.5832     0.5564   2.778008   2.775985     2.0376     2.4213      8.097     1.4242    -1.6681 1.0715e-01     0.0953    97.6467     7.4556     7.5963    32.6592    32.6613    26.1873    26.1904    8.04931 0.0000e+00
      27748     81.791     0.5654     0.5558   2.777364   2.776012     2.0380     2.4225      8.097     1.4141    -1.6681 1.0715e-01     0.0960    97.6293     7.4607     7.5984    32.6697    32.6623    26.1967    26.1913    8.05251 0.0000e+00
      27751     81.687     0.5599     0.5593   2.777330   2.776225     2.0380     2.4229      8.097     1.4344   189.2130 1.0727e-01     0.0960    97.6293     7.4591     7.5955    32.6752    32.6615    26.2014    26.1904    8.05338 0.0000e+00
      27754     81.584     0.5666     0.5592   2.777505   2.776301     2.0389     2.4221      8.097     1.4242   482.1870 1.0727e-01     0.0960    97.6293     7.4588     7.5888    32.6704    32.6626    26.1971    26.1913    8.05222 0.0000e+00
      27757     81.481     0.5571     0.5501   2.777125   2.776076     2.0397     2.4237      8.097     1.4344   481.1211 1.0715e-01     0.0960    97.6293     7.4642     7.5922    32.6756    32.6694    26.2019    26.1973    8.05395 0.0000e+00
      27760     81.379     0.5543     0.5289   2.777151   2.776021     2.0401     2.4237      8.097     1.4141   481.2395 1.0715e-01     0.0963    97.6206     7.4673     7.5941    32.6790    32.6912    26.2048    26.2160    8.05437 0.0000e+00
      27763     81.280     0.5595     0.5305   2.777309   2.776164     2.0401     2.4237      8.097     1.4141   481.2395 1.0715e-01     0.0963    97.6206     7.4670     7.5922    32.6755    32.6914    26.2017    26.2160    8.05345 0.0000e+00
      27766     81.181     0.5531     0.5290   2.777225   2.776157     2.0401     2.4237      8.097     1.4141   481.2395 1.0715e-01     0.0963    97.6206     7.4699     7.5899    32.6813    32.6929    26.2067    26.2173    8.05449 0.0000e+00
      27769     81.082     0.5507     0.5233   2.777193   2.775873     2.0409     2.4241      8.097     1.4039   481.2395 1.0740e-01     0.0960    97.6293     7.4711     7.5929    32.6835    32.6954    26.2086    26.2196    8.05489 0.0000e+00
      27772     80.987     0.5618     0.5145   2.778109   2.775770     2.0413     2.4250      8.097     1.3836   481.2395 1.0715e-01     0.0960    97.6293     7.4641     7.5968    32.6837    32.7035    26.2081    26.2266    8.05251 0.0000e+00
      27775     80.896     0.5938     0.5131   2.779624   2.775754     2.0409     2.4250      8.097     1.3836   481.2790 1.0715e-01     0.0960    97.6293     7.4493     7.5977    32.6695    32.7048    26.1950    26.2277    8.04650 0.0000e+00
      27778     80.809     0.5960     0.5179   2.779161   2.775888     2.0413     2.4250      8.097     1.3836   161.3014 1.0715e-01     0.0960    97.6293     7.4464     7.5965    32.6613    32.7014    26.1882    26.2248    8.04649 0.0000e+00
      27781     80.724     0.5741     0.5218   2.778486   2.776302     2.0417     2.4250      8.097     1.3734     0.4638 1.0715e-01     0.0960    97.6293     7.4504     7.5947    32.6757    32.7027    26.2011    26.2256    8.05034 0.0000e+00
      27784     80.647     0.5692     0.5558   2.778355   2.778293     2.0425     2.4258      8.097     1.3836     5.7539 1.0715e-01     0.0963    97.6206     7.4548     7.5913    32.6792    32.6926    26.2042    26.2157    8.05119 0.0000e+00
      27787     80.573     0.5748     0.5907   2.778521   2.779007     2.0429     2.4254      8.097     1.3836     5.4776 1.0715e-01     0.0977    97.5859     7.4575     7.5828    32.6755    32.6650    26.2009    26.1915    8.05021 0.0000e+00
      27790     80.505     0.5865     0.5894   2.779071   2.778793     2.0429     2.4254      8.097     1.3734     5.4776 1.0727e-01     0.0981    97.5772     7.4542     7.5835    32.6703    32.6636    26.1960    26.1905    8.04801 0.0000e+00
      27793     80.445     0.5930     0.5895   2.779662   2.778762     2.0417     2.4266      8.098     1.4039     5.4776 1.0715e-01     0.0981    97.5772     7.4437     7.5891    32.6711    32.6632    26.1963    26.1901    8.04658 0.0000e+00
      27796     80.390     0.6111     0.5909   2.780351   2.778825     2.0417     2.4266      8.099     1.4751     5.4776 1.0715e-01     0.0977    97.5859     7.4423     7.5893    32.6609    32.6626    26.1872    26.1895    8.04331 0.0000e+00
      27799     80.341     0.6257     0.5890   2.780684   2.778905     2.0425     2.4266      8.099     1.5463     5.4776 1.0727e-01     0.0974    97.5945     7.4453     7.5904    32.6498    32.6655    26.1774    26.1920    8.04081 0.0000e+00
      27802     80.301     0.6240     0.5861   2.780780   2.778795     2.0425     2.4274      8.099     1.5463     5.6355 1.0715e-01     0.0981    97.5772     7.4440     7.5961    32.6529    32.6673    26.1800    26.1936    8.04101 0.0000e+00
      27805     80.265     0.6133     0.5712   2.780245   2.777883     2.0434     2.4274      8.099     1.5362    10.4519 1.0715e-01     0.0985    97.5685     7.4495     7.6001    32.6573    32.6712    26.1841    26.1976    8.04303 0.0000e+00
      27808     80.233     0.6359     0.5619   2.781380   2.777353     2.0438     2.4274      8.099     1.5260    10.8468 1.0715e-01     0.0981    97.5772     7.4472     7.6013    32.6481    32.6742    26.1754    26.2005    8.03874 0.0000e+00
      27846     80.155     0.6160     0.5824   2.779839   2.778144     2.0483     2.4315      8.101     1.5362    13.3340 1.0715e-01     0.0995    97.5424     7.4855     7.6210    32.6493    32.6628    26.1775    26.1902    8.04291 0.0000e+00
      27866     80.105     0.5899     0.5943   2.778455   2.778696     2.0499     2.4351      8.101     1.4955    14.5973 1.0715e-01     0.0999    97.5337     7.5081     7.6373    32.6590    32.6574    26.1867    26.1852    8.04791 0.0000e+00
      27869     80.074     0.5861     0.5975   2.778375   2.778655     2.0486     2.4356      8.101     1.4955    14.5973 1.0715e-01     0.1002    97.5250     7.5027     7.6401    32.6619    32.6535    26.1893    26.1819    8.04855 0.0000e+00
      27872     80.035     0.5897     0.5907   2.778539   2.778315     2.0507     2.4347      8.101     1.5158    14.5973 1.0740e-01     0.1002    97.5250     7.5129     7.6400    32.6602    32.6563    26.1877    26.1845    8.04787 0.0000e+00
      27875     79.992     0.5896     0.5832   2.778336   2.778097     2.0503     2.4335      8.101     1.5260    14.5973 1.0715e-01     0.1002    97.5250     7.5133     7.6409    32.6577    32.6614    26.1857    26.1890    8.04803 0.0000e+00
      27878     79.942     0.5801     0.5807   2.778095   2.777670     2.0507     2.4356      8.101     1.5260    14.5973 1.0715e-01     0.0995    97.5424     7.5214     7.6558    32.6647    32.6586    26.1919    26.1869    8.04967 0.0000e+00
      27881     79.885     0.5809     0.5729   2.778002   2.777292     2.0511     2.4360      8.101     1.5565    69.4732 1.0727e-01     0.0999    97.5337     7.5266     7.6670    32.6627    32.6620    26.1902    26.1900    8.04961 0.0000e+00
      27884     79.819     0.5809     0.5702   2.777936   2.777127     2.0515     2.4372      8.101     1.5463   465.4084 1.0715e-01     0.0999    97.5337     7.5310     7.6784    32.6619    32.6627    26.1895    26.1907    8.04966 0.0000e+00
      27887     79.750     0.5821     0.5695   2.778220   2.777461     2.0519     2.4376      8.101     1.5463   481.4764 1.0715e-01     0.1013    97.4989     7.5375     7.6847    32.6643    32.6678    26.1915    26.1949    8.04927 0.0000e+00
      27890     79.674     0.5921     0.5831   2.779044   2.778724     2.0531     2.4384      8.101     1.5260   481.1605 1.0715e-01     0.1013    97.4989     7.5463     7.6875    32.6645    32.6699    26.1910    26.1959    8.04713 0.0000e+00
      27893     79.591     0.6337     0.6112   2.782886   2.780610     2.0523     2.4384      8.101     1.5362   481.2790 1.0727e-01     0.1013    97.4989     7.5308     7.6887    32.6703    32.6647    26.1935    26.1901    8.03801 0.0000e+00
      27896     79.505     0.6892     0.6131   2.786202   2.779946     2.0535     2.4400      8.101     1.5260   481.2395 1.0715e-01     0.1013    97.4989     7.5242     7.7002    32.6546    32.6541    26.1777    26.1815    8.02712 0.0000e+00
      27899     79.412     0.7111     0.6066   2.787773   2.779893     2.0543     2.4404      8.101     1.5260   481.2790 1.0715e-01     0.1017    97.4902     7.5239     7.7061    32.6519    32.6603    26.1743    26.1869    8.02265 0.0000e+00
      27902     79.317     0.7492     0.6192   2.790392   2.780159     2.0560     2.4421      8.101     1.5362   481.2395 1.0715e-01     0.1017    97.4902     7.5248     7.7093    32.6456    32.6505    26.1671    26.1783    8.01496 0.0000e+00
      27905     79.217     0.7413     0.6221   2.789116   2.781183     2.0560     2.4437      8.101     1.5260   481.2395 1.0727e-01     0.1017    97.4902     7.5267     7.7139    32.6375    32.6608    26.1610    26.1864    8.01706 0.0000e+00
      27908     79.116     0.7400     0.6498   2.789659   2.782573     2.0556     2.4433      8.101     1.5260   316.1776 1.0715e-01     0.1013    97.4989     7.5231     7.7038    32.6460    32.6495    26.1679    26.1758    8.01689 0.0000e+00
      27911     79.012     0.7583     0.6827   2.790915   2.785546     2.0568     2.4433      8.101     1.5463     0.9375 1.0715e-01     0.1013    97.4989     7.5214     7.6951    32.6430    32.6533    26.1644    26.1771    8.01320 0.0000e+00
      27914     78.909     0.7600     0.6827   2.791192   2.784762     2.0560     2.4445      8.103     1.5362    12.8602 1.0715e-01     0.1013    97.4989     7.5126     7.6989    32.6448    32.6432    26.1658    26.1689    8.01273 0.0000e+00
      27917     78.802     0.7750     0.6541   2.792445   2.782261     2.0572     2.4457      8.104     1.5463    12.3470 1.0715e-01     0.1013    97.4989     7.5096     7.7074    32.6452    32.6412    26.1653    26.1688    8.00955 0.0000e+00
      27920     78.694     0.7763     0.6260   2.791886   2.780722     2.0576     2.4465      8.104     1.5463    12.3865 1.0715e-01     0.1013    97.4989     7.5104     7.7109    32.6367    32.6510    26.1583    26.1783    8.00974 0.0000e+00
      27923     78.586     0.7634     0.6186   2.791268   2.780859     2.0580     2.4482      8.104     1.5463    12.3865 1.0715e-01     0.1013    97.4989     7.5135     7.7137    32.6423    32.6606    26.1636    26.1865    8.01214 0.0000e+00
      27926     78.478     0.7830     0.6399   2.793277   2.783184     2.0588     2.4482      8.104     1.5463    12.3470 1.0727e-01     0.1013    97.4989     7.5118     7.7071    32.6477    32.6683    26.1668    26.1914    8.00773 0.0000e+00
      27929     78.372     0.8111     0.6753   2.795756   2.785824     2.0592     2.4482      8.105     1.5972    12.3865 1.0715e-01     0.0995    97.5424     7.5083     7.6993    32.6501    32.6651    26.1672    26.1869    8.00171 0.0000e+00
      27932     78.267     0.8597     0.7448   2.799425   2.791205     2.0596     2.4486      8.105     1.5972    12.3865 1.0715e-01     0.0999    97.5337     7.5016     7.6871    32.6462    32.6614    26.1612    26.1800    7.99171 0.0000e+00
      27935     78.164     0.8845     0.7864   2.800766   2.792608     2.0592     2.4498      8.105     1.5870   301.6493 1.0715e-01     0.1002    97.5250     7.4944     7.6813    32.6374    32.6357    26.1527    26.1570    7.98700 0.0000e+00
      27938     78.063     0.8928     0.7735   2.801382   2.791951     2.0588     2.4506      8.105     1.5972   481.7133 1.0715e-01     0.0999    97.5337     7.4907     7.6833    32.6368    32.6409    26.1516    26.1619    7.98531 0.0000e+00
      27941     77.964     0.9078     0.8310   2.802845   2.797134     2.0600     2.4510      8.105     1.5870   480.9632 1.0715e-01     0.1002    97.5250     7.4918     7.6682    32.6399    32.6472    26.1533    26.1636    7.98200 0.0000e+00
      27944     77.867     0.9293     0.8388   2.804521   2.796362     2.0621     2.4506      8.105     1.6074   481.2395 1.0727e-01     0.1002    97.5250     7.4958     7.6632    32.6388    32.6291    26.1512    26.1486    7.97756 0.0000e+00
      27947     77.774     0.9461     0.8767   2.805651   2.800354     2.0613     2.4518      8.105     1.5870   481.2395 1.0715e-01     0.1009    97.5076     7.4872     7.6572    32.6357    32.6406    26.1477    26.1557    7.97422 0.0000e+00
      27950     77.683     0.9542     0.9076   2.806107   2.802682     2.0613     2.4531      8.103     1.5972   481.3184 1.0715e-01     0.1024    97.4728     7.4856     7.6555    32.6331    32.6381    26.1451    26.1519    7.97266 0.0000e+00
      27953     77.594     0.9545     0.9269   2.806125   2.804069     2.0621     2.4539      8.105     1.6684   481.2790 1.0727e-01     0.1024    97.4728     7.4913     7.6522    32.6331    32.6357    26.1450    26.1488    7.97260 0.0000e+00
      27956     77.508     0.9549     0.9364   2.806082   2.804583     2.0629     2.4543      8.105     1.7091   481.3184 1.0715e-01     0.1024    97.4728     7.4988     7.6480    32.6322    32.6323    26.1443    26.1456    7.97258 0.0000e+00
      27959     77.426     0.9528     0.9458   2.805909   2.805504     2.0629     2.4547      8.105     1.7193   476.5415 1.0715e-01     0.1024    97.4728     7.4993     7.6435    32.6322    32.6344    26.1445    26.1467    7.97302 0.0000e+00
      27962     77.346     0.9502     0.9564   2.805798   2.806219     2.0633     2.4547      8.105     1.7193    61.8931 1.0715e-01     0.1024    97.4728     7.4951     7.6361    32.6336    32.6324    26.1457    26.1444    7.97348 0.0000e+00
      27965     77.274     0.9538     0.9558   2.806279   2.805746     2.0641     2.4555      8.105     1.7193     5.3986 1.0715e-01     0.1024    97.4728     7.4934     7.6355    32.6360    32.6270    26.1474    26.1401    7.97260 0.0000e+00
      27968     77.204     0.9613     0.9471   2.806650   2.804897     2.0637     2.4559      8.105     1.7193     8.4780 1.0715e-01     0.1045    97.4207     7.4915     7.6353    32.6329    32.6253    26.1446    26.1393    7.97120 0.0000e+00
      27971     77.138     0.9597     0.9444   2.806474   2.805131     2.0645     2.4559      8.105     1.7091     8.3201 1.0715e-01     0.1056    97.3946     7.4964     7.6291    32.6323    32.6312    26.1441    26.1442    7.97156 0.0000e+00
      27974     77.074     0.9509     0.9473   2.805604   2.805154     2.0649     2.4567      8.105     1.7295     8.3201 1.0727e-01     0.1056    97.3946     7.4987     7.6307    32.6305    32.6285    26.1432    26.1418    7.97351 0.0000e+00
      27977     77.016     0.9447     0.9443   2.804934   2.804797     2.0657     2.4567      8.105     1.7295     8.3201 1.0715e-01     0.1049    97.4120     7.5022     7.6310    32.6284    32.6271    26.1419    26.1408    7.97490 0.0000e+00
      27980     76.964     0.9375     0.9388   2.804221   2.804532     2.0666     2.4575      8.105     1.9126     8.3201 1.0715e-01     0.1056    97.3946     7.5114     7.6354    32.6269    32.6294    26.1411    26.1431    7.97649 0.0000e+00
      27983     76.919     0.9315     0.9408   2.804007   2.804782     2.0653     2.4567      8.105     1.9228     8.3201 1.0715e-01     0.1052    97.4033     7.5084     7.6303    32.6304    32.6306    26.1443    26.1439    7.97756 0.0000e+00
      27986     76.882     0.9310     0.9445   2.803890   2.804921     2.0653     2.4571      8.105     1.9228    92.0946 1.0727e-01     0.1056    97.3946     7.5046     7.6303    32.6295    32.6286    26.1436    26.1420    7.97771 0.0000e+00
      27989     76.848     0.9305     0.9483   2.803495   2.805186     2.0674     2.4575      8.105     1.9330   476.4625 1.0727e-01     0.1056    97.3946     7.5126     7.6288    32.6249    32.6279    26.1400    26.1413    7.97806 0.0000e+00
