Datasets/AZMP/HUD120/hud120_2020_058.cnv
* Sea-Bird SBE 9 Data File:
* FileName = C:\CTDDATA\hud120_2020_058.hex
* Software Version Seasave V 7.26.7.110
* Temperature SN = 1697
* Conductivity SN = 4216
* Number of Bytes Per Scan = 30
* Number of Voltage Words = 4
* Number of Scans Averaged by the Deck Unit = 1
* NMEA baud rate = 4800
** VESSEL/TRIP/SEQ STN:  hud120_2020_058
** LATITUDE XX XX.XX: 47 00.00 N
** LONGITUDE XX XX.XX: 045 12.80 W
** SOUNDING DEPTH (M): 0171
** PROBE TYPE: S1146
** CTD NUMBER: 037
** FORMAT: V
** COMMENTS (14 CHAR): FC-24
** BOTTLES:  10
** LEVELS: 5,10,20,30,40,50,75,100,150,BTM
** STICKERS: 439750 - 439759
** VNET: Y
** DO2: Y
# nquan = 22
# nvalues = 3080                        
# units = specified
# name 0 = scan: Scan Count
# name 1 = prDM: Pressure, Digiquartz [db]
# name 2 = t090C: Temperature [ITS-90, deg C]
# name 3 = t190C: Temperature, 2 [ITS-90, deg C]
# name 4 = c0S/m: Conductivity [S/m]
# name 5 = c1S/m: Conductivity, 2 [S/m]
# name 6 = sbeox0V: Oxygen raw, SBE 43 [V]
# name 7 = sbeox1V: Oxygen raw, SBE 43, 2 [V]
# name 8 = ph: pH
# name 9 = flECO-AFL: Fluorescence, WET Labs ECO-AFL/FL [mg/m^3]
# name 10 = wetCDOM: Fluorescence, WET Labs CDOM [mg/m^3]
# name 11 = par/sat/log: PAR/Logarithmic, Satlantic [umol photons/m^2/sec]
# name 12 = CStarAt0: Beam Attenuation, WET Labs C-Star [1/m]
# name 13 = CStarTr0: Beam Transmission, WET Labs C-Star [%]
# name 14 = sbeox0ML/L: Oxygen, SBE 43 [ml/l], WS = 2
# name 15 = sbeox1ML/L: Oxygen, SBE 43, 2 [ml/l], WS = 2
# name 16 = sal00: Salinity, Practical [PSU]
# name 17 = sal11: Salinity, Practical, 2 [PSU]
# name 18 = sigma-t00: Density [sigma-t, kg/m^3 ]
# name 19 = sigma-t11: Density, 2 [sigma-t, kg/m^3 ]
# name 20 = oxsatML/L: Oxygen Saturation, Weiss [ml/l]
# name 21 = flag: flag
# span 0 =          9,      39341       
# span 1 =      0.427,    166.781       
# span 2 =     3.5055,     7.6729       
# span 3 =     3.5005,     7.6687       
# span 4 =   0.597003,   3.421394       
# span 5 =   0.428602,   3.420841       
# span 6 =     1.8413,     2.2372       
# span 7 =     2.1879,     2.6594       
# span 8 =      7.926,      8.146       
# span 9 =     0.8850,     6.8577       
# span 10 =    -2.8130,   482.1870      
# span 11 = 1.0690e-01, 1.9530e+02      
# span 12 =     0.0949,     0.5479      
# span 13 =    87.1985,    97.6554      
# span 14 =     5.8700,     7.3608      
# span 15 =     5.9832,     7.3468      
# span 16 =     5.1420,    34.6441      
# span 17 =     3.6161,    34.6436      
# span 18 =     3.9910,    27.5247      
# span 19 =     2.7902,    27.5247      
# span 20 =    6.73747,    8.37708      
# span 21 = 0.0000e+00, 0.0000e+00      
# interval = scans: 3                   
# start_time = Nov 23 2020 12:24:44 [System UTC, header]
# bad_flag = -9.990e-29
*END*
[from data line 1120]
       4018    129.911     3.7300     3.7252   3.203696   3.203196     1.8709     2.2184      7.941     0.9765     0.1479 1.0715e-01     0.1174    97.1078     5.9774     6.1237    34.5990    34.5981    27.4948    27.4946    7.33169 0.0000e+00
       4021    130.002     3.7304     3.7254   3.203723   3.203219     1.8705     2.2184      7.941     0.9969     0.1479 1.0715e-01     0.1174    97.1078     5.9751     6.1255    34.5988    34.5981    27.4946    27.4945    7.33161 0.0000e+00
       4024    130.090     3.7302     3.7256   3.203734   3.203225     1.8705     2.2184      7.939     0.9867    -0.2864 1.0715e-01     0.1174    97.1078     5.9770     6.1274    34.5991    34.5980    27.4948    27.4944    7.33164 0.0000e+00
       4027    130.176     3.7306     3.7255   3.203731   3.203251     1.8713     2.2180      7.941     0.9867    -0.8785 1.0715e-01     0.1174    97.1078     5.9822     6.1284    34.5987    34.5983    27.4945    27.4947    7.33160 0.0000e+00
       4030    130.262     3.7304     3.7257   3.203761   3.203267     1.8709     2.2184      7.941     0.9969    -0.8391 1.0715e-01     0.1178    97.0991     5.9809     6.1309    34.5992    34.5982    27.4949    27.4946    7.33160 0.0000e+00
       4033    130.343     3.7309     3.7259   3.203808   3.203302     1.8709     2.2180      7.941     0.9969    -0.7996 1.0715e-01     0.1195    97.0556     5.9816     6.1291    34.5992    34.5984    27.4948    27.4947    7.33151 0.0000e+00
       4036    130.430     3.7307     3.7260   3.203824   3.203334     1.8705     2.2184      7.941     0.9867    -0.7996 1.0715e-01     0.1195    97.0556     5.9814     6.1291    34.5996    34.5986    27.4952    27.4949    7.33154 0.0000e+00
       4039    130.510     3.7306     3.7259   3.203819   3.203335     1.8701     2.2184      7.939     0.9969    -0.8391 1.0715e-01     0.1195    97.0556     5.9786     6.1287    34.5995    34.5987    27.4951    27.4950    7.33155 0.0000e+00
       4042    130.589     3.7309     3.7260   3.203834   3.203336     1.8701     2.2188      7.941     0.9867    -0.7996 1.0715e-01     0.1195    97.0556     5.9776     6.1301    34.5993    34.5986    27.4949    27.4948    7.33150 0.0000e+00
       4045    130.671     3.7309     3.7259   3.203838   3.203351     1.8701     2.2180      7.941     0.9358    -0.7996 1.0715e-01     0.1195    97.0556     5.9738     6.1261    34.5993    34.5988    27.4950    27.4950    7.33151 0.0000e+00
       4048    130.752     3.7311     3.7260   3.203845   3.203360     1.8701     2.2184      7.941     0.9358    -0.7996 1.0715e-01     0.1195    97.0556     5.9700     6.1260    34.5991    34.5987    27.4948    27.4950    7.33148 0.0000e+00
       4051    130.835     3.7309     3.7263   3.203848   3.203397     1.8701     2.2184      7.941     0.9257   329.2057 1.0715e-01     0.1192    97.0643     5.9684     6.1246    34.5994    34.5989    27.4950    27.4951    7.33150 0.0000e+00
       4054    130.922     3.7314     3.7276   3.203999   3.203617     1.8692     2.2184      7.941     0.9257   482.0291 1.0715e-01     0.1185    97.0817     5.9676     6.1212    34.6006    34.6001    27.4959    27.4959    7.33135 0.0000e+00
       4057    131.010     3.7327     3.7283   3.204209   3.203749     1.8701     2.2176      7.941     0.9358   480.9632 1.0715e-01     0.1185    97.0817     5.9703     6.1158    34.6016    34.6008    27.4966    27.4964    7.33106 0.0000e+00
       4060    131.099     3.7335     3.7290   3.204344   3.203887     1.8701     2.2172      7.939     0.9358   481.3579 1.0715e-01     0.1185    97.0817     5.9706     6.1114    34.6024    34.6016    27.4972    27.4970    7.33089 0.0000e+00
       4063    131.191     3.7346     3.7304   3.204545   3.204107     1.8692     2.2180      7.941     0.9257   481.3579 1.0715e-01     0.1185    97.0817     5.9667     6.1113    34.6036    34.6028    27.4980    27.4978    7.33063 0.0000e+00
       4066    131.283     3.7352     3.7309   3.204638   3.204138     1.8688     2.2180      7.941     0.9460   481.3579 1.0715e-01     0.1185    97.0817     5.9641     6.1096    34.6040    34.6026    27.4982    27.4975    7.33049 0.0000e+00
       4069    131.378     3.7359     3.7314   3.204734   3.204282     1.8680     2.2172      7.938     0.9358   481.3579 1.0715e-01     0.1185    97.0817     5.9601     6.1048    34.6043    34.6038    27.4984    27.4985    7.33035 0.0000e+00
       4072    131.474     3.7374     3.7326   3.204982   3.204459     1.8680     2.2168      7.939     0.9867   481.3579 1.0715e-01     0.1185    97.0817     5.9605     6.1000    34.6057    34.6046    27.4994    27.4990    7.33002 0.0000e+00
       4075    131.573     3.7389     3.7342   3.205238   3.204777     1.8688     2.2172      7.941     0.9867   460.4340 1.0715e-01     0.1185    97.0817     5.9639     6.1002    34.6071    34.6066    27.5003    27.5004    7.32968 0.0000e+00
       4078    131.670     3.7404     3.7360   3.205476   3.205055     1.8688     2.2160      7.941     1.0071    37.4556 1.0715e-01     0.1185    97.0817     5.9599     6.0940    34.6083    34.6079    27.5012    27.5013    7.32935 0.0000e+00
       4081    131.772     3.7428     3.7385   3.205866   3.205418     1.8680     2.2160      7.941     1.0071    -1.8260 1.0715e-01     0.1185    97.0817     5.9527     6.0915    34.6104    34.6095    27.5026    27.5023    7.32882 0.0000e+00
       4084    131.875     3.7456     3.7411   3.206401   3.205914     1.8680     2.2160      7.939     0.9867     0.3848 1.0727e-01     0.1185    97.0817     5.9524     6.0885    34.6138    34.6127    27.5050    27.5046    7.32814 0.0000e+00
       4087    131.980     3.7491     3.7452   3.206866   3.206500     1.8684     2.2152      7.941     0.9867     0.2664 1.0715e-01     0.1188    97.0730     5.9516     6.0845    34.6155    34.6154    27.5060    27.5063    7.32741 0.0000e+00
       4090    132.084     3.7518     3.7481   3.207293   3.206811     1.8672     2.2152      7.939     0.9969     0.2664 1.0727e-01     0.1188    97.0730     5.9455     6.0833    34.6178    34.6159    27.5076    27.5064    7.32683 0.0000e+00
       4093    132.189     3.7545     3.7501   3.207610   3.207131     1.8676     2.2144      7.939     0.9969     0.2664 1.0715e-01     0.1206    97.0295     5.9440     6.0782    34.6186    34.6176    27.5080    27.5076    7.32630 0.0000e+00
       4096    132.298     3.7555     3.7514   3.207665   3.207266     1.8676     2.2144      7.939     0.9460     0.2664 1.0715e-01     0.1202    97.0382     5.9402     6.0758    34.6181    34.6177    27.5075    27.5076    7.32613 0.0000e+00
       4099    132.408     3.7561     3.7521   3.207807   3.207353     1.8668     2.2139      7.939     0.9358     0.2664 1.0715e-01     0.1202    97.0382     5.9331     6.0735    34.6192    34.6180    27.5082    27.5076    7.32597 0.0000e+00
       4102    132.519     3.7586     3.7534   3.208174   3.207570     1.8656     2.2135      7.938     0.9358     0.5033 1.0715e-01     0.1206    97.0295     5.9264     6.0710    34.6208    34.6192    27.5093    27.5085    7.32544 0.0000e+00
       4105    132.633     3.7595     3.7551   3.208246   3.207779     1.8660     2.2127      7.936     0.9358     1.3323 1.0715e-01     0.1202    97.0382     5.9268     6.0664    34.6207    34.6197    27.5091    27.5088    7.32529 0.0000e+00
       4108    132.749     3.7599     3.7557   3.208347   3.207838     1.8656     2.2131      7.938     0.9358     1.3323 1.0715e-01     0.1206    97.0295     5.9242     6.0663    34.6214    34.6198    27.5096    27.5088    7.32517 0.0000e+00
       4111    132.866     3.7604     3.7568   3.208444   3.208073     1.8648     2.2127      7.936     0.9257     1.3323 1.0715e-01     0.1206    97.0295     5.9198     6.0642    34.6219    34.6213    27.5100    27.5098    7.32506 0.0000e+00
       4114    132.988     3.7618     3.7572   3.208596   3.208081     1.8648     2.2115      7.936     0.9460     1.3323 1.0715e-01     0.1202    97.0382     5.9204     6.0604    34.6223    34.6210    27.5101    27.5096    7.32480 0.0000e+00
       4117    133.112     3.7625     3.7566   3.208737   3.208014     1.8648     2.2107      7.936     0.9358     1.3323 1.0727e-01     0.1202    97.0382     5.9194     6.0592    34.6231    34.6207    27.5107    27.5094    7.32462 0.0000e+00
       4120    133.239     3.7632     3.7573   3.208756   3.208145     1.8644     2.2107      7.936     0.9358     1.3323 1.0715e-01     0.1206    97.0295     5.9200     6.0597    34.6225    34.6215    27.5102    27.5099    7.32453 0.0000e+00
       4123    133.375     3.7638     3.7577   3.208990   3.208207     1.8635     2.2103      7.936     0.9867     1.3323 1.0715e-01     0.1206    97.0295     5.9190     6.0593    34.6246    34.6217    27.5117    27.5101    7.32431 0.0000e+00
       4126    133.514     3.7649     3.7600   3.209097   3.208626     1.8631     2.2099      7.936     0.9867     1.3323 1.0715e-01     0.1202    97.0382     5.9161     6.0566    34.6247    34.6242    27.5117    27.5119    7.32412 0.0000e+00
       4129    133.656     3.7658     3.7615   3.209289   3.208858     1.8631     2.2091      7.936     0.9969     5.5565 1.0715e-01     0.1206    97.0295     5.9136     6.0537    34.6259    34.6253    27.5126    27.5126    7.32389 0.0000e+00
       4132    133.804     3.7675     3.7628   3.209539   3.209031     1.8631     2.2087      7.936     1.0071     9.8598 1.0715e-01     0.1213    97.0122     5.9143     6.0523    34.6270    34.6259    27.5134    27.5129    7.32354 0.0000e+00
       4135    133.959     3.7685     3.7639   3.209656   3.209178     1.8623     2.2087      7.936     0.9867     9.6229 1.0715e-01     0.1217    97.0035     5.9096     6.0532    34.6272    34.6264    27.5134    27.5132    7.32333 0.0000e+00
       4138    134.119     3.7686     3.7643   3.209644   3.209238     1.8615     2.2083      7.936     0.9969     9.6624 1.0715e-01     0.1217    97.0035     5.9047     6.0521    34.6269    34.6266    27.5131    27.5133    7.32333 0.0000e+00
       4141    134.286     3.7687     3.7643   3.209713   3.209278     1.8619     2.2087      7.936     0.9765     9.6229 1.0715e-01     0.1217    97.0035     5.9068     6.0557    34.6275    34.6270    27.5136    27.5136    7.32328 0.0000e+00
       4144    134.459     3.7702     3.7657   3.210003   3.209557     1.8619     2.2078      7.936     0.9969     9.6624 1.0715e-01     0.1217    97.0035     5.9057     6.0527    34.6293    34.6288    27.5149    27.5149    7.32293 0.0000e+00
       4147    134.642     3.7713     3.7675   3.210152   3.209820     1.8611     2.2070      7.936     0.9969     9.6229 1.0715e-01     0.1217    97.0035     5.9030     6.0506    34.6299    34.6300    27.5152    27.5156    7.32271 0.0000e+00
       4150    134.828     3.7720     3.7682   3.210257   3.209936     1.8607     2.2062      7.936     0.9765     9.6229 1.0715e-01     0.1221    96.9948     5.9015     6.0484    34.6303    34.6304    27.5154    27.5160    7.32255 0.0000e+00
       4153    135.022     3.7724     3.7688   3.210317   3.210010     1.8599     2.2062      7.936     0.9663     9.6624 1.0715e-01     0.1238    96.9513     5.8975     6.0493    34.6305    34.6306    27.5156    27.5160    7.32248 0.0000e+00
       4156    135.226     3.7734     3.7693   3.210557   3.210097     1.8603     2.2062      7.936     0.9460   379.4626 1.0715e-01     0.1245    96.9339     5.8996     6.0512    34.6322    34.6310    27.5168    27.5163    7.32221 0.0000e+00
       4159    135.431     3.7746     3.7703   3.210751   3.210275     1.8587     2.2042      7.936     0.9663   481.9896 1.0715e-01     0.1249    96.9252     5.8935     6.0450    34.6331    34.6320    27.5174    27.5170    7.32195 0.0000e+00
       4162    135.643     3.7752     3.7708   3.210862   3.210416     1.8591     2.2054      7.936     0.9562   481.0421 1.0715e-01     0.1249    96.9252     5.8969     6.0512    34.6337    34.6330    27.5178    27.5178    7.32181 0.0000e+00
       4165    135.857     3.7763     3.7714   3.211007   3.210528     1.8583     2.2054      7.936     0.9663   481.3579 1.0715e-01     0.1249    96.9252     5.8933     6.0535    34.6341    34.6335    27.5181    27.5181    7.32159 0.0000e+00
       4168    136.076     3.7766     3.7722   3.211072   3.210657     1.8583     2.2050      7.936     0.9765   481.3579 1.0715e-01     0.1249    96.9252     5.8957     6.0559    34.6344    34.6341    27.5183    27.5185    7.32152 0.0000e+00
       4171    136.295     3.7770     3.7724   3.211166   3.210659     1.8583     2.2042      7.936     0.9562   481.3579 1.0715e-01     0.1256    96.9078     5.8987     6.0574    34.6350    34.6338    27.5187    27.5182    7.32142 0.0000e+00
       4174    136.514     3.7770     3.7723   3.211121   3.210643     1.8579     2.2038      7.936     0.9358   481.3579 1.0715e-01     0.1307    96.7861     5.8995     6.0606    34.6344    34.6337    27.5182    27.5182    7.32146 0.0000e+00
       4177    136.734     3.7768     3.7722   3.211134   3.210670     1.8574     2.2038      7.936     0.9053   481.3579 1.0715e-01     0.1303    96.7948     5.8993     6.0629    34.6346    34.6340    27.5184    27.5184    7.32147 0.0000e+00
       4180    136.948     3.7771     3.7724   3.211219   3.210719     1.8570     2.2046      7.936     0.9053   434.8516 1.0715e-01     0.1307    96.7861     5.8981     6.0683    34.6352    34.6342    27.5189    27.5186    7.32139 0.0000e+00
       4183    137.162     3.7774     3.7726   3.211264   3.210751     1.8570     2.2034      7.936     0.8952    24.7039 1.0715e-01     0.1303    96.7948     5.9000     6.0666    34.6354    34.6343    27.5190    27.5185    7.32134 0.0000e+00
       4186    137.366     3.7774     3.7726   3.211252   3.210775     1.8570     2.2038      7.936     0.9053    13.9656 1.0727e-01     0.1303    96.7948     5.9011     6.0674    34.6351    34.6344    27.5187    27.5187    7.32135 0.0000e+00
       4189    137.557     3.7774     3.7727   3.211311   3.210824     1.8562     2.2029      7.936     0.8952    14.3999 1.0715e-01     0.1307    96.7861     5.9012     6.0653    34.6357    34.6348    27.5192    27.5190    7.32132 0.0000e+00
       4192    137.735     3.7778     3.7729   3.211355   3.210856     1.8566     2.2034      7.936     0.8952    14.3604 1.0715e-01     0.1321    96.7514     5.9035     6.0693    34.6356    34.6349    27.5191    27.5191    7.32124 0.0000e+00
       4195    137.896     3.7773     3.7730   3.211318   3.210886     1.8558     2.2046      7.936     0.8952    14.3604 1.0715e-01     0.1357    96.6645     5.9018     6.0753    34.6357    34.6351    27.5192    27.5192    7.32134 0.0000e+00
       4198    138.042     3.7772     3.7729   3.211336   3.210906     1.8562     2.2042      7.936     0.8850    14.3604 1.0715e-01     0.1357    96.6645     5.9054     6.0754    34.6359    34.6353    27.5194    27.5194    7.32134 0.0000e+00
       4201    138.164     3.7778     3.7730   3.211353   3.210910     1.8558     2.2034      7.936     0.9358    14.3999 1.0715e-01     0.1357    96.6645     5.9041     6.0722    34.6354    34.6352    27.5190    27.5193    7.32126 0.0000e+00
       4204    138.264     3.7773     3.7729   3.211344   3.210893     1.8550     2.2038      7.936     0.9663    14.3999 1.0715e-01     0.1357    96.6645     5.9022     6.0728    34.6357    34.6350    27.5193    27.5192    7.32133 0.0000e+00
       4207    138.343     3.7773     3.7727   3.211321   3.210863     1.8550     2.2038      7.936     0.9562   166.8679 1.0715e-01     0.1357    96.6645     5.9043     6.0730    34.6355    34.6349    27.5191    27.5190    7.32135 0.0000e+00
       4210    138.401     3.7775     3.7725   3.211321   3.210838     1.8558     2.2029      7.936     0.9562   482.1870 1.0715e-01     0.1357    96.6645     5.9084     6.0705    34.6352    34.6347    27.5188    27.5190    7.32132 0.0000e+00
