Datasets/AZMP/HUD120/hud120_2020_067.cnv
* Sea-Bird SBE 9 Data File:
* FileName = C:\CTDDATA\hud120_2020_067.hex
* Software Version Seasave V 7.26.7.110
* Temperature SN = 1697
* Conductivity SN = 4216
* Number of Bytes Per Scan = 30
* Number of Voltage Words = 4
* Number of Scans Averaged by the Deck Unit = 1
* NMEA baud rate = 4800
** VESSEL/TRIP/SEQ STN:  hud120_2020_067
** LATITUDE XX XX.XX: 47 00.00 N
** LONGITUDE XX XX.XX: 047 15.00 W
** SOUNDING DEPTH (M): 0535
** PROBE TYPE: S1146
** CTD NUMBER: 046
** FORMAT: V
** COMMENTS (14 CHAR): FC-15
** BOTTLES:  11
** LEVELS: 5,10,20,30,40,50,75,100,150,250,BTM
** STICKERS: 439813 - 439823
** VNET: Y
** DO2: N
# nquan = 22
# nvalues = 10976                       
# units = specified
# name 0 = scan: Scan Count
# name 1 = prDM: Pressure, Digiquartz [db]
# name 2 = t090C: Temperature [ITS-90, deg C]
# name 3 = t190C: Temperature, 2 [ITS-90, deg C]
# name 4 = c0S/m: Conductivity [S/m]
# name 5 = c1S/m: Conductivity, 2 [S/m]
# name 6 = sbeox0V: Oxygen raw, SBE 43 [V]
# name 7 = sbeox1V: Oxygen raw, SBE 43, 2 [V]
# name 8 = ph: pH
# name 9 = flECO-AFL: Fluorescence, WET Labs ECO-AFL/FL [mg/m^3]
# name 10 = wetCDOM: Fluorescence, WET Labs CDOM [mg/m^3]
# name 11 = par/sat/log: PAR/Logarithmic, Satlantic [umol photons/m^2/sec]
# name 12 = CStarAt0: Beam Attenuation, WET Labs C-Star [1/m]
# name 13 = CStarTr0: Beam Transmission, WET Labs C-Star [%]
# name 14 = sbeox0ML/L: Oxygen, SBE 43 [ml/l], WS = 2
# name 15 = sbeox1ML/L: Oxygen, SBE 43, 2 [ml/l], WS = 2
# name 16 = sal00: Salinity, Practical [PSU]
# name 17 = sal11: Salinity, Practical, 2 [PSU]
# name 18 = sigma-t00: Density [sigma-t, kg/m^3 ]
# name 19 = sigma-t11: Density, 2 [sigma-t, kg/m^3 ]
# name 20 = oxsatML/L: Oxygen Saturation, Weiss [ml/l]
# name 21 = flag: flag
# span 0 =         48,      71967       
# span 1 =      0.390,    542.175       
# span 2 =     1.2663,     3.7550       
# span 3 =     1.2612,     3.7501       
# span 4 =   2.920440,   3.236689       
# span 5 =   2.919979,   3.236199       
# span 6 =     1.8652,     2.1954       
# span 7 =     2.2132,     2.6325       
# span 8 =      7.978,      8.075       
# span 9 =     0.8850,     6.4202       
# span 10 =    -2.8130,   482.1870      
# span 11 = 1.0715e-01, 3.4816e+02      
# span 12 =     0.0683,     0.2054      
# span 13 =    94.9955,    98.3073      
# span 14 =     6.1784,     7.6265      
# span 15 =     6.3418,     7.8379      
# span 16 =    33.3989,    34.7469      
# span 17 =    33.0863,    34.7452      
# span 18 =    26.6616,    27.6101      
# span 19 =    26.4119,    27.6093      
# span 20 =    7.32004,    7.84713      
# span 21 = 0.0000e+00, 0.0000e+00      
# interval = scans: 3                   
# start_time = Nov 24 2020 11:09:54 [System UTC, header]
# bad_flag = -9.990e-29
*END*
[from data line 10667]
      60916     20.380     2.3570     2.3522   2.982791   2.982294     2.1826     2.6188      8.073     5.2908   468.4483 6.8563e+00     0.1628    96.0125     7.5768     7.7921    33.4191    33.4179    26.6773    26.6768    7.64858 0.0000e+00
      60919     20.326     2.3570     2.3522   2.982787   2.982310     2.1822     2.6180      8.073     5.0567    47.0885 6.9441e+00     0.1628    96.0125     7.5760     7.7875    33.4191    33.4182    26.6773    26.6770    7.64858 0.0000e+00
      60922     20.276     2.3570     2.3522   2.982793   2.982290     2.1822     2.6184      8.073     5.0262     2.9509 7.0248e+00     0.1628    96.0125     7.5755     7.7889    33.4191    33.4179    26.6773    26.6768    7.64857 0.0000e+00
      60925     20.230     2.3570     2.3523   2.982798   2.982313     2.1822     2.6184      8.073     5.0160     5.8329 7.1148e+00     0.1628    96.0125     7.5736     7.7894    33.4192    33.4181    26.6775    26.6769    7.64857 0.0000e+00
      60928     20.185     2.3569     2.3523   2.982785   2.982305     2.1822     2.6184      8.073     5.0262     5.7145 7.1975e+00     0.1632    96.0038     7.5721     7.7874    33.4192    33.4180    26.6774    26.6769    7.64859 0.0000e+00
      60931     20.143     2.3570     2.3525   2.982783   2.982332     2.1818     2.6188      8.075     5.0364     5.7145 7.2392e+00     0.1639    95.9865     7.5706     7.7858    33.4191    33.4183    26.6773    26.6770    7.64858 0.0000e+00
      60934     20.105     2.3570     2.3524   2.982766   2.982330     2.1818     2.6180      8.073     5.0262     5.7145 7.2981e+00     0.1639    95.9865     7.5699     7.7798    33.4189    33.4183    26.6772    26.6771    7.64859 0.0000e+00
      60937     20.077     2.3570     2.3524   2.982783   2.982316     2.1826     2.6176      8.073     5.0364     5.7145 7.3573e+00     0.1639    95.9865     7.5733     7.7773    33.4191    33.4181    26.6774    26.6770    7.64858 0.0000e+00
      60940     20.054     2.3569     2.3525   2.982793   2.982320     2.1818     2.6172      8.073     5.0262     5.7145 7.4000e+00     0.1639    95.9865     7.5719     7.7762    33.4194    33.4181    26.6776    26.6769    7.64858 0.0000e+00
      61614     20.024     2.3548     2.3501   2.982700   2.982235     2.1834     2.6180      8.075     5.2093    -0.6811 8.8421e+00     0.1639    95.9865     7.5838     7.7773    33.4204    33.4196    26.6786    26.6783    7.64893 0.0000e+00
      61617     19.983     2.3548     2.3501   2.982689   2.982221     2.1834     2.6172      8.075     5.1890    -0.6811 8.8831e+00     0.1632    96.0038     7.5801     7.7748    33.4203    33.4194    26.6785    26.6781    7.64895 0.0000e+00
      61620     19.945     2.3546     2.3502   2.982677   2.982250     2.1834     2.6176      8.072     5.2093    -0.6811 8.9037e+00     0.1628    96.0125     7.5785     7.7750    33.4204    33.4197    26.6785    26.6783    7.64898 0.0000e+00
      61623     19.911     2.3545     2.3502   2.982713   2.982240     2.1825     2.6172      8.075     5.2093    -0.4048 8.9243e+00     0.1628    96.0125     7.5732     7.7718    33.4209    33.4196    26.6790    26.6783    7.64896 0.0000e+00
      61626     19.884     2.3545     2.3501   2.982698   2.982242     2.1825     2.6172      8.073     5.4027     7.5305 8.9346e+00     0.1628    96.0125     7.5733     7.7729    33.4208    33.4198    26.6789    26.6785    7.64898 0.0000e+00
      62570     19.856     2.3545     2.3504   2.982660   2.982222     2.1838     2.6180      8.075     5.3823   165.8415 1.0465e+01     0.1624    96.0212     7.5812     7.7805    33.4203    33.4192    26.6785    26.6780    7.64899 0.0000e+00
      64454     19.805     2.3550     2.3505   2.982607   2.982154     2.1845     2.6195      8.075     5.3213   481.0026 1.3578e+01     0.1617    96.0386     7.5862     7.7928    33.4191    33.4182    26.6776    26.6772    7.64896 0.0000e+00
      64457     19.742     2.3551     2.3504   2.982603   2.982136     2.1849     2.6175      8.075     5.3314   481.0026 1.3784e+01     0.1617    96.0386     7.5885     7.7853    33.4190    33.4182    26.6774    26.6772    7.64894 0.0000e+00
      64460     19.680     2.3551     2.3505   2.982609   2.982133     2.1845     2.6183      8.075     5.3314   481.0026 1.4025e+01     0.1617    96.0386     7.5883     7.7889    33.4192    33.4181    26.6776    26.6770    7.64895 0.0000e+00
      64463     19.621     2.3548     2.3505   2.982606   2.982122     2.1845     2.6187      8.075     5.3213   481.0026 1.4237e+01     0.1617    96.0386     7.5861     7.7916    33.4195    33.4180    26.6778    26.6770    7.64898 0.0000e+00
      64466     19.561     2.3550     2.3504   2.982591   2.982130     2.1841     2.6195      8.073     5.3314   481.0026 1.4486e+01     0.1646    95.9691     7.5820     7.7971    33.4191    33.4182    26.6775    26.6771    7.64897 0.0000e+00
      64469     19.501     2.3551     2.3505   2.982586   2.982147     2.1845     2.6183      8.075     5.3314   481.0026 1.4740e+01     0.1649    95.9604     7.5843     7.7937    33.4190    33.4184    26.6774    26.6773    7.64895 0.0000e+00
      64472     19.439     2.3548     2.3506   2.982574   2.982131     2.1845     2.6183      8.073     5.3314   481.0026 1.4911e+01     0.1649    95.9604     7.5856     7.7924    33.4192    33.4181    26.6775    26.6770    7.64899 0.0000e+00
      64475     19.381     2.3549     2.3506   2.982570   2.982124     2.1845     2.6191      8.075     5.3416   481.0026 1.5050e+01     0.1649    95.9604     7.5864     7.7946    33.4190    33.4181    26.6775    26.6771    7.64898 0.0000e+00
      64478     19.322     2.3548     2.3506   2.982562   2.982114     2.1845     2.6191      8.073     5.3111   369.8691 1.5190e+01     0.1649    95.9604     7.5870     7.7965    33.4191    33.4180    26.6775    26.6769    7.64900 0.0000e+00
      64481     19.262     2.3548     2.3507   2.982575   2.982129     2.1849     2.6187      8.072     5.2806    -0.9180 1.5313e+01     0.1649    95.9604     7.5895     7.7969    33.4193    33.4180    26.6777    26.6770    7.64899 0.0000e+00
      64484     19.203     2.3549     2.3508   2.982564   2.982142     2.1849     2.6187      8.075     5.2908     3.5431 1.5455e+01     0.1653    95.9517     7.5888     7.7952    33.4191    33.4181    26.6775    26.6771    7.64898 0.0000e+00
      64487     19.145     2.3549     2.3507   2.982557   2.982125     2.1849     2.6187      8.075     5.2908     4.0959 1.5563e+01     0.1664    95.9256     7.5867     7.7939    33.4190    33.4181    26.6774    26.6771    7.64898 0.0000e+00
      64490     19.089     2.3550     2.3507   2.982544   2.982127     2.1845     2.6195      8.075     5.2908     4.0564 1.5635e+01     0.1660    95.9343     7.5819     7.7971    33.4188    33.4182    26.6772    26.6771    7.64898 0.0000e+00
      64493     19.031     2.3548     2.3506   2.982562   2.982102     2.1853     2.6187      8.075     5.2806     4.0564 1.5689e+01     0.1660    95.9343     7.5854     7.7955    33.4193    33.4180    26.6777    26.6770    7.64899 0.0000e+00
      64496     18.973     2.3551     2.3506   2.982543   2.982118     2.1849     2.6191      8.075     5.2806     4.0564 1.5725e+01     0.1660    95.9343     7.5830     7.7961    33.4187    33.4182    26.6772    26.6771    7.64896 0.0000e+00
      64499     18.915     2.3550     2.3506   2.982543   2.982106     2.1845     2.6191      8.073     5.2908     4.0564 1.5799e+01     0.1660    95.9343     7.5812     7.7955    33.4189    33.4180    26.6773    26.6770    7.64897 0.0000e+00
      64502     18.856     2.3549     2.3506   2.982557   2.982119     2.1849     2.6195      8.075     5.2806     4.0564 1.5890e+01     0.1660    95.9343     7.5818     7.7972    33.4192    33.4183    26.6776    26.6772    7.64898 0.0000e+00
      64505     18.797     2.3548     2.3506   2.982537   2.982102     2.1849     2.6195      8.075     5.1279     2.8325 1.5945e+01     0.1660    95.9343     7.5832     7.7978    33.4190    33.4181    26.6775    26.6770    7.64900 0.0000e+00
      64508     18.733     2.3549     2.3506   2.982535   2.982079     2.1845     2.6195      8.075     5.1076     1.6481 1.6038e+01     0.1649    95.9604     7.5851     7.7978    33.4190    33.4179    26.6774    26.6769    7.64899 0.0000e+00
      64511     18.664     2.3547     2.3504   2.982541   2.982075     2.1837     2.6187      8.075     5.1177     1.6876 1.6149e+01     0.1649    95.9604     7.5843     7.7944    33.4193    33.4180    26.6777    26.6770    7.64900 0.0000e+00
      64514     18.597     2.3547     2.3505   2.982528   2.982085     2.1845     2.6195      8.075     5.1279     1.6876 1.6262e+01     0.1649    95.9604     7.5895     7.7984    33.4192    33.4181    26.6775    26.6771    7.64901 0.0000e+00
      64517     18.532     2.3550     2.3503   2.982525   2.982082     2.1849     2.6195      8.075     5.1076     1.6876 1.6394e+01     0.1649    95.9604     7.5915     7.7985    33.4189    33.4183    26.6773    26.6772    7.64898 0.0000e+00
      64520     18.468     2.3550     2.3505   2.982516   2.982075     2.1845     2.6195      8.072     5.1076     1.6876 1.6489e+01     0.1649    95.9604     7.5911     7.7972    33.4188    33.4180    26.6772    26.6770    7.64898 0.0000e+00
      64523     18.401     2.3549     2.3505   2.982513   2.982069     2.1849     2.6195      8.075     5.1076     1.6876 1.6623e+01     0.1649    95.9604     7.5931     7.7980    33.4189    33.4180    26.6773    26.6770    7.64899 0.0000e+00
      64526     18.332     2.3548     2.3503   2.982509   2.982051     2.1845     2.6195      8.075     5.1177     1.6876 1.6758e+01     0.1649    95.9604     7.5920     7.7969    33.4189    33.4181    26.6774    26.6770    7.64900 0.0000e+00
      64529     18.263     2.3548     2.3504   2.982515   2.982066     2.1861     2.6195      8.073     5.1279     1.6876 1.6875e+01     0.1639    95.9865     7.6010     7.7962    33.4191    33.4182    26.6775    26.6771    7.64900 0.0000e+00
      64532     18.195     2.3549     2.3505   2.982506   2.982060     2.1853     2.6199      8.073     5.1177   377.5281 1.6992e+01     0.1642    95.9778     7.5982     7.7970    33.4189    33.4180    26.6774    26.6770    7.64899 0.0000e+00
      64535     18.125     2.3551     2.3504   2.982493   2.982058     2.1857     2.6199      8.072     5.1177   481.8712 1.7032e+01     0.1639    95.9865     7.5981     7.7960    33.4186    33.4181    26.6771    26.6771    7.64897 0.0000e+00
      64538     18.055     2.3549     2.3505   2.982482   2.982051     2.1857     2.6203      8.073     5.1177   480.8052 1.7091e+01     0.1639    95.9865     7.5936     7.7960    33.4187    33.4180    26.6772    26.6770    7.64900 0.0000e+00
      64541     17.986     2.3550     2.3505   2.982500   2.982056     2.1849     2.6195      8.073     5.1177   481.0026 1.7130e+01     0.1642    95.9778     7.5884     7.7921    33.4189    33.4181    26.6773    26.6770    7.64898 0.0000e+00
      64544     17.916     2.3548     2.3504   2.982494   2.982029     2.1853     2.6203      8.073     5.1076   481.0026 1.7130e+01     0.1642    95.9778     7.5897     7.7941    33.4191    33.4179    26.6775    26.6769    7.64901 0.0000e+00
      64547     17.849     2.3550     2.3504   2.982502   2.982043     2.1853     2.6199      8.073     5.1076   481.0026 1.7130e+01     0.1646    95.9691     7.5919     7.7922    33.4190    33.4182    26.6774    26.6771    7.64898 0.0000e+00
      64550     17.782     2.3550     2.3504   2.982489   2.982020     2.1853     2.6195      8.075     5.1177   481.0026 1.7091e+01     0.1642    95.9778     7.5901     7.7903    33.4188    33.4179    26.6773    26.6769    7.64898 0.0000e+00
      64553     17.716     2.3550     2.3503   2.982485   2.982031     2.1861     2.6195      8.073     5.0974   481.0026 1.7012e+01     0.1649    95.9604     7.5909     7.7912    33.4188    33.4181    26.6772    26.6771    7.64897 0.0000e+00
      64556     17.649     2.3548     2.3504   2.982481   2.982043     2.1857     2.6195      8.073     5.1381   432.7197 1.6992e+01     0.1649    95.9604     7.5902     7.7904    33.4190    33.4182    26.6774    26.6771    7.64901 0.0000e+00
      64559     17.587     2.3549     2.3505   2.982468   2.982016     2.1853     2.6195      8.073     5.1483    19.9664 1.6973e+01     0.1642    95.9778     7.5880     7.7897    33.4188    33.4178    26.6772    26.6769    7.64900 0.0000e+00
      64562     17.524     2.3551     2.3503   2.982478   2.982010     2.1853     2.6199      8.073     5.1279     1.1349 1.7012e+01     0.1642    95.9778     7.5880     7.7936    33.4187    33.4179    26.6772    26.6770    7.64896 0.0000e+00
      64565     17.461     2.3547     2.3505   2.982491   2.982008     2.1849     2.6195      8.075     5.1483     3.2273 1.7071e+01     0.1649    95.9604     7.5871     7.7941    33.4194    33.4178    26.6778    26.6768    7.64902 0.0000e+00
      64568     17.402     2.3547     2.3506   2.982470   2.982025     2.1865     2.6195      8.073     5.1483     3.1089 1.7190e+01     0.1639    95.9865     7.5942     7.7931    33.4191    33.4180    26.6775    26.6769    7.64902 0.0000e+00
      64571     17.344     2.3549     2.3505   2.982483   2.982031     2.1869     2.6199      8.075     5.1381     3.1484 1.7370e+01     0.1639    95.9865     7.5960     7.7954    33.4191    33.4182    26.6775    26.6771    7.64898 0.0000e+00
      64574     17.285     2.3548     2.3504   2.982464   2.982023     2.1853     2.6199      8.073     5.1279     3.1089 1.7551e+01     0.1639    95.9865     7.5890     7.7963    33.4190    33.4182    26.6774    26.6771    7.64900 0.0000e+00
      64577     17.227     2.3550     2.3504   2.982461   2.982010     2.1853     2.6203      8.075     5.1483     3.1089 1.7673e+01     0.1639    95.9865     7.5897     7.8005    33.4188    33.4180    26.6772    26.6770    7.64897 0.0000e+00
      64580     17.166     2.3548     2.3504   2.982482   2.982010     2.1857     2.6195      8.073     5.1483     3.1089 1.7837e+01     0.1639    95.9865     7.5939     7.7985    33.4193    33.4181    26.6777    26.6770    7.64900 0.0000e+00
      64583     17.110     2.3548     2.3505   2.982443   2.982013     2.1853     2.6195      8.075     5.0567   157.0376 1.7920e+01     0.1639    95.9865     7.5916     7.7999    33.4188    33.4181    26.6773    26.6771    7.64901 0.0000e+00
      64586     17.049     2.3547     2.3504   2.982450   2.982016     2.1857     2.6207      8.075     5.0262   482.1870 1.7962e+01     0.1639    95.9865     7.5934     7.8054    33.4190    33.4182    26.6775    26.6772    7.64902 0.0000e+00
      64589     16.986     2.3548     2.3504   2.982454   2.982021     2.1861     2.6203      8.075     5.0262   481.1605 1.8087e+01     0.1632    96.0038     7.5936     7.8043    33.4191    33.4183    26.6775    26.6772    7.64900 0.0000e+00
      64592     16.925     2.3551     2.3505   2.982463   2.981994     2.1861     2.6195      8.075     5.0160   481.0026 1.8213e+01     0.1635    95.9952     7.5930     7.8016    33.4189    33.4179    26.6773    26.6769    7.64896 0.0000e+00
      64595     16.859     2.3551     2.3504   2.982449   2.982000     2.1861     2.6195      8.075     5.0262   481.0026 1.8424e+01     0.1635    95.9952     7.5954     7.8034    33.4188    33.4181    26.6773    26.6771    7.64896 0.0000e+00
      64598     16.797     2.3550     2.3504   2.982461   2.981992     2.1861     2.6207      8.073     5.0262   481.0026 1.8617e+01     0.1632    96.0038     7.5965     7.8106    33.4190    33.4180    26.6774    26.6770    7.64896 0.0000e+00
      64601     16.732     2.3552     2.3506   2.982474   2.982021     2.1865     2.6215      8.073     5.0262   481.0026 1.8769e+01     0.1635    95.9952     7.5979     7.8136    33.4191    33.4183    26.6774    26.6772    7.64893 0.0000e+00
