Datasets/AZMP/HUD120/hud120_2020_024.cnv
* Sea-Bird SBE 9 Data File:
* FileName = C:\CTDDATA\hud120_2020_024.hex
* Software Version Seasave V 7.26.7.110
* Temperature SN = 1697
* Conductivity SN = 4216
* Number of Bytes Per Scan = 30
* Number of Voltage Words = 4
* Number of Scans Averaged by the Deck Unit = 1
* NMEA baud rate = 4800
** VESSEL/TRIP/SEQ STN:  hud120_2020_024
** LATITUDE XX XX.XX: 44 21.80 N
** LONGITUDE XX XX.XX: 051 06.20 W
** SOUNDING DEPTH (M): 0074
** PROBE TYPE: S1146
** CTD NUMBER: 014
** FORMAT: V
** COMMENTS (14 CHAR): SEGB-10
** BOTTLES:  07
** LEVELS: 5,10,20,30,40,50,BTM
** STICKERS: 439602 - 439608
** VNET: Y
** DO2: N
# nquan = 22
# nvalues = 1585                        
# units = specified
# name 0 = scan: Scan Count
# name 1 = prDM: Pressure, Digiquartz [db]
# name 2 = t090C: Temperature [ITS-90, deg C]
# name 3 = t190C: Temperature, 2 [ITS-90, deg C]
# name 4 = c0S/m: Conductivity [S/m]
# name 5 = c1S/m: Conductivity, 2 [S/m]
# name 6 = sbeox0V: Oxygen raw, SBE 43 [V]
# name 7 = sbeox1V: Oxygen raw, SBE 43, 2 [V]
# name 8 = ph: pH
# name 9 = flECO-AFL: Fluorescence, WET Labs ECO-AFL/FL [mg/m^3]
# name 10 = wetCDOM: Fluorescence, WET Labs CDOM [mg/m^3]
# name 11 = par/sat/log: PAR/Logarithmic, Satlantic [umol photons/m^2/sec]
# name 12 = CStarAt0: Beam Attenuation, WET Labs C-Star [1/m]
# name 13 = CStarTr0: Beam Transmission, WET Labs C-Star [%]
# name 14 = sbeox0ML/L: Oxygen, SBE 43 [ml/l], WS = 2
# name 15 = sbeox1ML/L: Oxygen, SBE 43, 2 [ml/l], WS = 2
# name 16 = sal00: Salinity, Practical [PSU]
# name 17 = sal11: Salinity, Practical, 2 [PSU]
# name 18 = sigma-t00: Density [sigma-t, kg/m^3 ]
# name 19 = sigma-t11: Density, 2 [sigma-t, kg/m^3 ]
# name 20 = oxsatML/L: Oxygen Saturation, Weiss [ml/l]
# name 21 = flag: flag
# span 0 =          5,      25704       
# span 1 =      0.162,     69.442       
# span 2 =     2.9764,    12.1085       
# span 3 =     2.9715,    12.1042       
# span 4 =   1.365792,   3.732814       
# span 5 =   1.922442,   3.732267       
# span 6 =     2.0594,     2.2100       
# span 7 =     2.4070,     2.6132       
# span 8 =      7.934,      8.131       
# span 9 =     1.5870,     4.2630       
# span 10 =    -2.8130,   482.1870      
# span 11 = 1.0678e-01, 2.8339e+02      
# span 12 =     0.0988,     0.7016      
# span 13 =    83.9128,    97.5598      
# span 14 =     5.5725,     8.6058      
# span 15 =     5.3905,     8.6131      
# span 16 =    10.7464,    33.0966      
# span 17 =    15.5821,    33.0538      
# span 18 =     7.8119,    26.1612      
# span 19 =    11.5454,    26.2314      
# span 20 =    6.14011,    7.57528      
# span 21 = 0.0000e+00, 0.0000e+00      
# interval = scans: 3                   
# start_time = Nov 18 2020 14:22:36 [System UTC, header]
# bad_flag = -9.990e-29
*END*
[from data line 593]
       1927     60.149     2.9843     3.0035   2.965194   2.966432     2.0732     2.4676      8.015     1.7499    70.4206 6.5893e-01     0.5071    88.0939     7.0267     7.1379    32.5356    32.5312    25.9195    25.9143    7.57281 0.0000e+00
       1930     60.255     2.9824     2.9882   2.965089   2.965209     2.0724     2.4672      8.015     1.7499    70.3022 6.3723e-01     0.5075    88.0852     7.0225     7.1413    32.5362    32.5318    25.9202    25.9161    7.57315 0.0000e+00
       1933     60.363     2.9821     2.9793   2.964997   2.964732     2.0724     2.4668      8.015     1.7499    70.2627 6.2189e-01     0.5075    88.0852     7.0222     7.1432    32.5353    32.5349    25.9195    25.9194    7.57324 0.0000e+00
       1936     60.471     2.9814     2.9770   2.965069   2.964666     2.0728     2.4664      8.015     1.7499    70.2627 6.0629e-01     0.5075    88.0852     7.0216     7.1436    32.5368    32.5364    25.9208    25.9208    7.57330 0.0000e+00
       1939     60.580     2.9814     2.9767   2.965150   2.964648     2.0720     2.4660      8.015     1.7499    70.3022 5.8292e-01     0.5181    87.8505     7.0195     7.1407    32.5377    32.5364    25.9214    25.9208    7.57325 0.0000e+00
       1942     60.690     2.9813     2.9766   2.965152   2.964695     2.0720     2.4656      8.015     1.7397    70.2627 5.6827e-01     0.5205    87.7983     7.0187     7.1396    32.5379    32.5370    25.9216    25.9213    7.57328 0.0000e+00
       1945     60.800     2.9814     2.9766   2.965178   2.964712     2.0724     2.4648      8.015     1.7397    70.3022 5.3701e-01     0.5205    87.7983     7.0213     7.1382    32.5380    32.5372    25.9217    25.9214    7.57325 0.0000e+00
       1948     60.907     2.9816     2.9766   2.965234   2.964742     2.0728     2.4644      8.015     1.7804    70.2627 5.2896e-01     0.5205    87.7983     7.0261     7.1392    32.5385    32.5375    25.9220    25.9217    7.57319 0.0000e+00
       1951     61.014     2.9819     2.9769   2.965321   2.964836     2.0720     2.4640      8.015     1.7702   204.7283 5.0566e-01     0.5205    87.7983     7.0242     7.1402    32.5391    32.5382    25.9225    25.9223    7.57309 0.0000e+00
       1954     61.120     2.9820     2.9771   2.965361   2.964836     2.0708     2.4640      8.015     1.7804   482.1870 4.8504e-01     0.5205    87.7983     7.0190     7.1426    32.5394    32.5381    25.9227    25.9221    7.57305 0.0000e+00
       1957     61.223     2.9820     2.9771   2.965404   2.964857     2.0716     2.4636      8.015     1.7905   481.2395 4.7504e-01     0.5217    87.7722     7.0221     7.1429    32.5399    32.5382    25.9232    25.9222    7.57303 0.0000e+00
       1960     61.327     2.9821     2.9772   2.965440   2.964917     2.0708     2.4627      8.015     1.7804   481.3184 4.6311e-01     0.5300    87.5897     7.0192     7.1394    32.5401    32.5388    25.9233    25.9227    7.57299 0.0000e+00
       1963     61.424     2.9819     2.9765   2.965438   2.964841     2.0716     2.4615      8.015     1.7804   481.3579 4.4939e-01     0.5300    87.5897     7.0212     7.1349    32.5403    32.5386    25.9235    25.9226    7.57303 0.0000e+00
       1966     61.518     2.9818     2.9767   2.965560   2.964889     2.0708     2.4619      8.015     1.7804   481.3184 4.3509e-01     0.5300    87.5897     7.0162     7.1371    32.5419    32.5389    25.9247    25.9228    7.57298 0.0000e+00
       1969     61.602     2.9820     2.9768   2.965521   2.964918     2.0712     2.4627      8.015     1.7804   481.3579 4.3307e-01     0.5300    87.5897     7.0175     7.1399    32.5411    32.5391    25.9241    25.9229    7.57296 0.0000e+00
       1972     61.685     2.9823     2.9769   2.965551   2.964927     2.0720     2.4615      8.015     1.7804   481.3579 4.1643e-01     0.5300    87.5897     7.0211     7.1347    32.5412    32.5390    25.9241    25.9228    7.57291 0.0000e+00
       1975     61.764     2.9832     2.9771   2.965605   2.964963     2.0708     2.4615      8.015     1.7804   481.3579 4.0219e-01     0.5296    87.5984     7.0174     7.1336    32.5408    32.5392    25.9238    25.9230    7.57275 0.0000e+00
       1978     61.838     2.9840     2.9772   2.965676   2.964989     2.0708     2.4615      8.015     1.7804   481.3579 4.0126e-01     0.5364    87.4506     7.0170     7.1339    32.5409    32.5394    25.9238    25.9232    7.57261 0.0000e+00
       1981     61.909     2.9835     2.9770   2.965638   2.965004     2.0708     2.4611      8.015     1.7600   481.3579 3.8409e-01     0.5483    87.1898     7.0152     7.1342    32.5409    32.5397    25.9238    25.9234    7.57270 0.0000e+00
       1984     61.975     2.9822     2.9770   2.965607   2.965077     2.0704     2.4591      8.015     1.7804   481.3579 3.7653e-01     0.5479    87.1985     7.0125     7.1284    32.5418    32.5405    25.9246    25.9241    7.57290 0.0000e+00
       1987     62.034     2.9819     2.9771   2.965641   2.965044     2.0696     2.4595      8.015     1.7702   481.3579 3.7136e-01     0.5479    87.1985     7.0084     7.1263    32.5425    32.5401    25.9252    25.9237    7.57292 0.0000e+00
       1990     62.091     2.9816     2.9771   2.965679   2.965134     2.0704     2.4591      8.013     1.7804   481.3579 3.6120e-01     0.5479    87.1985     7.0112     7.1212    32.5432    32.5411    25.9258    25.9245    7.57294 0.0000e+00
       1993     62.142     2.9815     2.9772   2.965786   2.965154     2.0696     2.4587      8.015     1.7804   481.3579 3.4846e-01     0.5479    87.1985     7.0063     7.1194    32.5445    32.5412    25.9269    25.9246    7.57289 0.0000e+00
       1996     62.197     2.9819     2.9770   2.965880   2.965192     2.0696     2.4579      8.015     1.7905   481.3579 3.4446e-01     0.5479    87.1985     7.0080     7.1197    32.5453    32.5418    25.9274    25.9251    7.57278 0.0000e+00
       1999     62.245     2.9821     2.9770   2.965854   2.965288     2.0696     2.4579      8.015     1.7905   481.3579 3.4809e-01     0.5519    87.1116     7.0108     7.1212    32.5447    32.5430    25.9270    25.9260    7.57277 0.0000e+00
       2002     62.288     2.9823     2.9777   2.965888   2.965396     2.0696     2.4579      8.015     1.9228   480.1735 3.2814e-01     0.5531    87.0855     7.0128     7.1227    32.5449    32.5436    25.9271    25.9265    7.57272 0.0000e+00
       2005     62.331     2.9824     2.9774   2.965950   2.965459     2.0692     2.4575      8.015     1.9330    83.8040 3.2214e-01     0.5535    87.0769     7.0118     7.1237    32.5456    32.5446    25.9276    25.9273    7.57267 0.0000e+00
       2008     62.372     2.9823     2.9773   2.965990   2.965430     2.0692     2.4575      8.015     1.9330    21.7430 3.2181e-01     0.5535    87.0769     7.0128     7.1238    32.5460    32.5444    25.9280    25.9271    7.57265 0.0000e+00
       2011     62.414     2.9829     2.9773   2.965976   2.965488     2.0688     2.4554      8.015     1.9228    24.2301 3.0829e-01     0.5527    87.0942     7.0090     7.1146    32.5453    32.5450    25.9273    25.9276    7.57258 0.0000e+00
       2014     62.455     2.9832     2.9775   2.966023   2.965460     2.0692     2.4554      8.012     1.9431    24.0722 3.1553e-01     0.5531    87.0855     7.0076     7.1163    32.5455    32.5445    25.9275    25.9272    7.57252 0.0000e+00
       2017     62.495     2.9834     2.9782   2.965965   2.965437     2.0684     2.4562      8.013     1.9228    24.0722 2.9540e-01     0.5535    87.0769     7.0035     7.1193    32.5447    32.5435    25.9268    25.9264    7.57253 0.0000e+00
       2020     62.537     2.9836     2.9786   2.965990   2.965431     2.0688     2.4562      8.015     1.9330    24.0722 3.1009e-01     0.5439    87.2854     7.0038     7.1188    32.5447    32.5430    25.9268    25.9259    7.57248 0.0000e+00
       2023     62.579     2.9832     2.9785   2.965986   2.965412     2.0688     2.4554      8.013     1.9228    24.1117 2.9640e-01     0.5420    87.3289     7.0032     7.1148    32.5450    32.5428    25.9271    25.9257    7.57255 0.0000e+00
       2026     62.623     2.9828     2.9780   2.965946   2.965408     2.0692     2.4546      8.013     1.8923    24.1117 2.9571e-01     0.5420    87.3289     7.0042     7.1124    32.5450    32.5432    25.9271    25.9261    7.57263 0.0000e+00
       2029     62.666     2.9832     2.9780   2.965970   2.965413     2.0680     2.4546      8.012     1.8414    22.0588 2.7687e-01     0.5420    87.3289     6.9964     7.1140    32.5447    32.5433    25.9269    25.9262    7.57255 0.0000e+00
       2032     62.709     2.9825     2.9778   2.965952   2.965354     2.0684     2.4534      8.012     1.8312    11.0836 2.8497e-01     0.5420    87.3289     6.9972     7.1129    32.5452    32.5427    25.9273    25.9257    7.57266 0.0000e+00
       2035     62.755     2.9824     2.9780   2.965970   2.965394     2.0671     2.4538      8.010     1.8414    11.1626 2.7589e-01     0.5420    87.3289     6.9923     7.1156    32.5456    32.5431    25.9276    25.9260    7.57267 0.0000e+00
       2038     62.803     2.9818     2.9773   2.965911   2.965435     2.0671     2.4538      8.010     1.8312    11.1626 2.7118e-01     0.5439    87.2854     6.9926     7.1153    32.5454    32.5442    25.9275    25.9269    7.57279 0.0000e+00
       2041     62.851     2.9812     2.9775   2.965876   2.965408     2.0671     2.4526      8.012     1.8414    11.1231 2.6711e-01     0.5511    87.1290     6.9962     7.1109    32.5456    32.5436    25.9277    25.9265    7.57290 0.0000e+00
       2044     62.898     2.9810     2.9762   2.965872   2.965292     2.0671     2.4530      8.010     1.8312    11.1626 2.5591e-01     0.5511    87.1290     6.9978     7.1141    32.5457    32.5435    25.9279    25.9265    7.57293 0.0000e+00
       2047     62.951     2.9811     2.9759   2.965932   2.965317     2.0671     2.4518      8.013     1.8210    11.1626 2.5801e-01     0.5515    87.1203     6.9998     7.1139    32.5463    32.5441    25.9283    25.9270    7.57288 0.0000e+00
       2050     63.002     2.9812     2.9758   2.965969   2.965352     2.0663     2.4522      8.010     1.8312    11.1626 2.5681e-01     0.5507    87.1377     7.0008     7.1171    32.5466    32.5446    25.9286    25.9274    7.57285 0.0000e+00
       2053     63.054     2.9809     2.9755   2.965938   2.965328     2.0659     2.4522      8.010     1.7804    11.1626 2.5926e-01     0.5515    87.1203     7.0037     7.1199    32.5465    32.5445    25.9285    25.9274    7.57291 0.0000e+00
       2056     63.108     2.9818     2.9755   2.966061   2.965338     2.0667     2.4522      8.012     1.7804   201.6095 2.4778e-01     0.5511    87.1290     7.0082     7.1205    32.5471    32.5447    25.9289    25.9275    7.57271 0.0000e+00
       2059     63.161     2.9821     2.9757   2.966072   2.965381     2.0663     2.4518      8.010     1.7804   482.1870 2.4211e-01     0.5459    87.2420     7.0086     7.1172    32.5469    32.5449    25.9287    25.9277    7.57266 0.0000e+00
       2062     63.213     2.9810     2.9758   2.966023   2.965394     2.0667     2.4518      8.012     1.7905   481.2000 2.4690e-01     0.5376    87.4245     7.0100     7.1181    32.5474    32.5450    25.9292    25.9277    7.57285 0.0000e+00
       2065     63.272     2.9807     2.9756   2.966033   2.965395     2.0671     2.4509      8.010     1.7600   481.3579 2.4326e-01     0.5376    87.4245     7.0128     7.1159    32.5477    32.5452    25.9295    25.9279    7.57288 0.0000e+00
       2068     63.327     2.9812     2.9751   2.966048   2.965387     2.0663     2.4509      8.010     1.7600   481.3579 2.3823e-01     0.5384    87.4072     7.0090     7.1153    32.5474    32.5456    25.9292    25.9282    7.57281 0.0000e+00
       2071     63.377     2.9813     2.9748   2.966055   2.965378     2.0663     2.4514      8.010     1.7702   481.3579 2.2277e-01     0.5372    87.4332     7.0093     7.1178    32.5474    32.5457    25.9292    25.9284    7.57279 0.0000e+00
       2074     63.426     2.9808     2.9745   2.966048   2.965405     2.0671     2.4505      8.010     1.7702   481.3579 2.2957e-01     0.5384    87.4072     7.0154     7.1147    32.5477    32.5463    25.9295    25.9289    7.57286 0.0000e+00
       2077     63.477     2.9812     2.9756   2.966077   2.965489     2.0663     2.4514      8.010     1.7702   481.3579 2.3063e-01     0.5380    87.4159     7.0102     7.1161    32.5477    32.5461    25.9294    25.9287    7.57279 0.0000e+00
       2080     63.528     2.9811     2.9758   2.966112   2.965489     2.0663     2.4497      8.010     1.8312   481.3579 2.2177e-01     0.5261    87.6766     7.0096     7.1095    32.5481    32.5459    25.9298    25.9285    7.57278 0.0000e+00
       2083     63.579     2.9810     2.9755   2.966154   2.965466     2.0659     2.4497      8.010     1.8414   481.3579 2.2123e-01     0.5193    87.8244     7.0077     7.1090    32.5487    32.5460    25.9303    25.9285    7.57277 0.0000e+00
       2086     63.629     2.9812     2.9756   2.966117   2.965500     2.0659     2.4497      8.010     1.8312   481.3579 2.1074e-01     0.5193    87.8244     7.0060     7.1092    32.5481    32.5462    25.9298    25.9287    7.57278 0.0000e+00
       2089     63.679     2.9806     2.9755   2.966064   2.965528     2.0663     2.4497      8.010     1.8312   481.3579 2.1271e-01     0.5197    87.8157     7.0070     7.1109    32.5480    32.5466    25.9298    25.9291    7.57289 0.0000e+00
       2092     63.728     2.9801     2.9752   2.966060   2.965469     2.0655     2.4493      8.010     1.8312   481.3579 2.0265e-01     0.5193    87.8244     7.0049     7.1080    32.5484    32.5462    25.9301    25.9288    7.57296 0.0000e+00
       2095     63.770     2.9797     2.9749   2.966046   2.965453     2.0663     2.4501      8.010     1.8516   481.3579 2.0929e-01     0.5193    87.8244     7.0084     7.1102    32.5486    32.5463    25.9303    25.9289    7.57302 0.0000e+00
       2098     63.816     2.9799     2.9751   2.966047   2.965464     2.0667     2.4489      8.010     1.8414   481.3579 2.0880e-01     0.5205    87.7983     7.0084     7.1044    32.5485    32.5462    25.9302    25.9288    7.57300 0.0000e+00
       2101     63.860     2.9800     2.9753   2.966087   2.965463     2.0655     2.4485      8.010     1.8516   481.3579 2.0077e-01     0.5463    87.2333     7.0039     7.1000    32.5488    32.5459    25.9304    25.9285    7.57296 0.0000e+00
       2104     63.900     2.9800     2.9757   2.966084   2.965523     2.0667     2.4481      8.010     1.8516   481.3579 2.0121e-01     0.5491    87.1725     7.0090     7.0983    32.5488    32.5463    25.9304    25.9288    7.57296 0.0000e+00
       2107     63.939     2.9802     2.9754   2.966100   2.965514     2.0659     2.4481      8.010     1.8109   466.1585 1.9798e-01     0.5491    87.1725     7.0069     7.0966    32.5487    32.5464    25.9303    25.9289    7.57292 0.0000e+00
       2110     63.977     2.9795     2.9751   2.966082   2.965509     2.0651     2.4481      8.010     1.8312    42.6274 1.9822e-01     0.5491    87.1725     7.0021     7.0954    32.5492    32.5466    25.9308    25.9291    7.57304 0.0000e+00
       2113     64.016     2.9796     2.9748   2.966059   2.965459     2.0655     2.4485      8.010     1.8210    -2.2208 1.9709e-01     0.5491    87.1725     7.0040     7.0971    32.5488    32.5464    25.9304    25.9289    7.57304 0.0000e+00
       2116     64.056     2.9797     2.9746   2.966112   2.965457     2.0659     2.4473      8.010     1.8109    -0.2469 1.9390e-01     0.5491    87.1725     7.0057     7.0938    32.5493    32.5465    25.9308    25.9291    7.57299 0.0000e+00
       2119     64.096     2.9795     2.9744   2.966088   2.965460     2.0655     2.4469      8.010     1.8109    -0.3258 1.9014e-01     0.5491    87.1725     7.0041     7.0932    32.5492    32.5468    25.9307    25.9292    7.57304 0.0000e+00
