Datasets/AZMP/HUD120/hud120_2020_021.cnv
* Sea-Bird SBE 9 Data File:
* FileName = C:\CTDDATA\hud120_2020_021.hex
* Software Version Seasave V 7.26.7.110
* Temperature SN = 1697
* Conductivity SN = 4216
* Number of Bytes Per Scan = 30
* Number of Voltage Words = 4
* Number of Scans Averaged by the Deck Unit = 1
* NMEA baud rate = 4800
** VESSEL/TRIP/SEQ STN:  hud120_2020_021
** LATITUDE XX XX.XX: 45 27.50 N
** LONGITUDE XX XX.XX: 052 00.00 W
** SOUNDING DEPTH (M): 0080
** PROBE TYPE: S1146
** CTD NUMBER: 011
** FORMAT: V
** COMMENTS (14 CHAR): SEGB-07
** BOTTLES:  7
** LEVELS: 5,10,20,30,40,50,BTM
** STICKERS: 439581 - 439587
** VNET: Y
** DO2: N
# nquan = 22
# nvalues = 1634                        
# units = specified
# name 0 = scan: Scan Count
# name 1 = prDM: Pressure, Digiquartz [db]
# name 2 = t090C: Temperature [ITS-90, deg C]
# name 3 = t190C: Temperature, 2 [ITS-90, deg C]
# name 4 = c0S/m: Conductivity [S/m]
# name 5 = c1S/m: Conductivity, 2 [S/m]
# name 6 = sbeox0V: Oxygen raw, SBE 43 [V]
# name 7 = sbeox1V: Oxygen raw, SBE 43, 2 [V]
# name 8 = ph: pH
# name 9 = flECO-AFL: Fluorescence, WET Labs ECO-AFL/FL [mg/m^3]
# name 10 = wetCDOM: Fluorescence, WET Labs CDOM [mg/m^3]
# name 11 = par/sat/log: PAR/Logarithmic, Satlantic [umol photons/m^2/sec]
# name 12 = CStarAt0: Beam Attenuation, WET Labs C-Star [1/m]
# name 13 = CStarTr0: Beam Transmission, WET Labs C-Star [%]
# name 14 = sbeox0ML/L: Oxygen, SBE 43 [ml/l], WS = 2
# name 15 = sbeox1ML/L: Oxygen, SBE 43, 2 [ml/l], WS = 2
# name 16 = sal00: Salinity, Practical [PSU]
# name 17 = sal11: Salinity, Practical, 2 [PSU]
# name 18 = sigma-t00: Density [sigma-t, kg/m^3 ]
# name 19 = sigma-t11: Density, 2 [sigma-t, kg/m^3 ]
# name 20 = oxsatML/L: Oxygen Saturation, Weiss [ml/l]
# name 21 = flag: flag
# span 0 =         49,      22007       
# span 1 =      2.668,     78.676       
# span 2 =     3.3198,    11.4492       
# span 3 =     3.3146,    11.4446       
# span 4 =   3.008964,   3.670264       
# span 5 =   3.008767,   3.669844       
# span 6 =     1.7484,     2.1923       
# span 7 =     2.0500,     2.5977       
# span 8 =      7.803,      8.125       
# span 9 =     1.4039,     4.6090       
# span 10 =    -2.8130,   482.1870      
# span 11 = 1.0629e-01, 8.0632e-01      
# span 12 =     0.1152,     0.3701      
# span 13 =    91.1622,    97.1599      
# span 14 =     5.4007,     6.2500      
# span 15 =     5.0381,     6.3859      
# span 16 =    32.2404,    32.9360      
# span 17 =    32.2563,    32.8396      
# span 18 =    24.5589,    26.0435      
# span 19 =    24.5613,    26.0489      
# span 20 =    6.22883,    7.50017      
# span 21 = 0.0000e+00, 0.0000e+00      
# interval = scans: 3                   
# start_time = Nov 18 2020 03:05:08 [System UTC, header]
# bad_flag = -9.990e-29
*END*
[from data line 856]
       5259     71.173     3.3358     3.3295   3.010066   3.009627     1.7570     2.0622      7.827     1.4853   481.3579 1.0715e-01     0.3303    92.0749     5.5863     5.6717    32.7163    32.7173    26.0326    26.0340    7.49728 0.0000e+00
       5262     71.042     3.3347     3.3295   3.010026   3.009650     1.7557     2.0634      7.825     1.4751   481.3579 1.0715e-01     0.3303    92.0749     5.5867     5.6749    32.7169    32.7177    26.0332    26.0343    7.49745 0.0000e+00
       5265     70.914     3.3352     3.3300   3.010061   3.009659     1.7561     2.0622      7.825     1.4955   481.3579 1.0715e-01     0.3303    92.0749     5.5919     5.6694    32.7169    32.7173    26.0332    26.0340    7.49736 0.0000e+00
       5268     70.793     3.3358     3.3305   3.010076   3.009708     1.7561     2.0622      7.825     1.4955   481.3579 1.0715e-01     0.3303    92.0749     5.5924     5.6712    32.7165    32.7175    26.0328    26.0341    7.49726 0.0000e+00
       5271     70.674     3.3360     3.3311   3.010105   3.009764     1.7570     2.0630      7.824     1.5158   481.3579 1.0715e-01     0.3303    92.0749     5.5979     5.6744    32.7167    32.7176    26.0330    26.0341    7.49721 0.0000e+00
       5274     70.561     3.3367     3.3315   3.010116   3.009773     1.7582     2.0618      7.827     1.5158   227.9025 1.0715e-01     0.3314    92.0488     5.6056     5.6677    32.7162    32.7174    26.0325    26.0339    7.49711 0.0000e+00
       5277     70.455     3.3366     3.3312   3.010164   3.009749     1.7582     2.0630      7.827     1.4955     0.8980 1.0715e-01     0.3314    92.0488     5.6065     5.6719    32.7170    32.7175    26.0331    26.0340    7.49709 0.0000e+00
       5280     70.355     3.3372     3.3316   3.010154   3.009775     1.7570     2.0630      7.825     1.5158     8.3201 1.0715e-01     0.3310    92.0575     5.5975     5.6705    32.7163    32.7174    26.0325    26.0339    7.49701 0.0000e+00
       5283     70.262     3.3373     3.3316   3.010178   3.009772     1.7578     2.0622      7.825     1.4955     7.9648 1.0703e-01     0.3314    92.0488     5.5994     5.6668    32.7166    32.7174    26.0327    26.0339    7.49699 0.0000e+00
       5286     70.174     3.3374     3.3331   3.010209   3.009976     1.7570     2.0630      7.824     1.4955     7.9648 1.0715e-01     0.3314    92.0488     5.5960     5.6715    32.7169    32.7184    26.0330    26.0346    7.49695 0.0000e+00
       5289     70.091     3.3390     3.3355   3.010397   3.010139     1.7574     2.0622      7.824     1.5362     7.9648 1.0715e-01     0.3314    92.0488     5.5930     5.6684    32.7175    32.7180    26.0333    26.0340    7.49661 0.0000e+00
       5292     70.014     3.3412     3.3364   3.010547   3.010174     1.7570     2.0634      7.825     1.6583     7.9648 1.0715e-01     0.3314    92.0488     5.5885     5.6710    32.7172    32.7175    26.0329    26.0336    7.49623 0.0000e+00
       5295     69.945     3.3454     3.3358   3.011014   3.010103     1.7574     2.0622      7.824     1.6786     7.9648 1.0715e-01     0.3355    91.9532     5.5875     5.6659    32.7186    32.7173    26.0336    26.0335    7.49536 0.0000e+00
       5298     69.878     3.3507     3.3408   3.011479   3.010709     1.7578     2.0622      7.824     1.6684     7.9648 1.0715e-01     0.3359    91.9445     5.5878     5.6661    32.7188    32.7196    26.0333    26.0348    7.49436 0.0000e+00
       5301     69.816     3.3637     3.3552   3.012850   3.011916     1.7570     2.0630      7.825     1.6583     5.0433 1.0715e-01     0.3359    91.9445     5.5814     5.6632    32.7222    32.7196    26.0348    26.0335    7.49175 0.0000e+00
       5304     69.757     3.3724     3.3614   3.013186   3.012286     1.7561     2.0622      7.824     1.6481     4.4117 1.0715e-01     0.3359    91.9445     5.5757     5.6588    32.7175    32.7178    26.0303    26.0316    7.49036 0.0000e+00
       5307     69.700     3.3704     3.3623   3.012931   3.012285     1.7578     2.0630      7.827     1.6786     4.4117 1.0715e-01     0.3359    91.9445     5.5844     5.6629    32.7165    32.7169    26.0297    26.0308    7.49079 0.0000e+00
       5310     69.649     3.3678     3.3624   3.012726   3.012349     1.7574     2.0634      7.824     1.6786     4.4117 1.0715e-01     0.3359    91.9445     5.5842     5.6643    32.7167    32.7176    26.0300    26.0313    7.49126 0.0000e+00
       5313     69.600     3.3680     3.3636   3.012849   3.012470     1.7570     2.0622      7.827     1.6786     4.4117 1.0715e-01     0.3359    91.9445     5.5817     5.6592    32.7179    32.7179    26.0310    26.0314    7.49116 0.0000e+00
       5316     69.550     3.3702     3.3645   3.013012   3.012502     1.7578     2.0626      7.824     1.6176     4.4117 1.0715e-01     0.3318    92.0401     5.5840     5.6598    32.7178    32.7174    26.0307    26.0309    7.49077 0.0000e+00
       5319     69.503     3.3716     3.3645   3.013104   3.012595     1.7574     2.0626      7.825     1.5972     4.4117 1.0715e-01     0.3318    92.0401     5.5816     5.6602    32.7174    32.7185    26.0303    26.0318    7.49051 0.0000e+00
       5322     69.456     3.3705     3.3666   3.012924   3.012736     1.7566     2.0626      7.824     1.6074     4.4117 1.0715e-01     0.3321    92.0315     5.5775     5.6587    32.7164    32.7181    26.0296    26.0313    7.49077 0.0000e+00
       5325     69.404     3.3618     3.3711   3.012084   3.012981     1.7561     2.0614      7.827     1.5972     6.5830 1.0715e-01     0.3318    92.0401     5.5789     5.6537    32.7152    32.7165    26.0294    26.0297    7.49246 0.0000e+00
       5328     69.348     3.3572     3.3682   3.012225   3.012748     1.7566     2.0626      7.825     1.6074    21.8219 1.0715e-01     0.3314    92.0488     5.5800     5.6597    32.7215    32.7167    26.0349    26.0300    7.49301 0.0000e+00
       5331     69.291     3.3701     3.3664   3.013333   3.012688     1.7574     2.0630      7.824     1.5972    21.9799 1.0715e-01     0.3318    92.0401     5.5798     5.6601    32.7218    32.7178    26.0340    26.0311    7.49058 0.0000e+00
       5334     69.227     3.3764     3.3657   3.013527   3.012779     1.7570     2.0622      7.825     1.5972    21.9404 1.0715e-01     0.3321    92.0315     5.5794     5.6587    32.7178    32.7197    26.0302    26.0326    7.48960 0.0000e+00
       5337     69.160     3.3742     3.3696   3.013246   3.012985     1.7570     2.0622      7.824     1.5972    21.9404 1.0715e-01     0.3314    92.0488     5.5815     5.6587    32.7167    32.7182    26.0295    26.0311    7.49006 0.0000e+00
       5340     69.086     3.3786     3.3690   3.013836   3.013033     1.7566     2.0622      7.822     1.5870    21.9404 1.0715e-01     0.3314    92.0488     5.5808     5.6581    32.7194    32.7194    26.0313    26.0322    7.48911 0.0000e+00
       5343     69.007     3.3821     3.3761   3.013994   3.013608     1.7570     2.0622      7.825     1.6379    21.9404 1.0715e-01     0.3314    92.0488     5.5864     5.6566    32.7178    32.7192    26.0297    26.0313    7.48854 0.0000e+00
       5346     68.922     3.3838     3.3783   3.014135   3.013620     1.7561     2.0622      7.824     1.6278    21.9404 1.0715e-01     0.3314    92.0488     5.5850     5.6574    32.7178    32.7172    26.0295    26.0294    7.48821 0.0000e+00
       5349     68.828     3.3828     3.3753   3.013956   3.013329     1.7570     2.0626      7.824     1.6481    21.9404 1.0715e-01     0.3314    92.0488     5.5879     5.6592    32.7167    32.7167    26.0287    26.0294    7.48845 0.0000e+00
       5352     68.728     3.3797     3.3705   3.013734   3.013004     1.7570     2.0626      7.824     1.6379   184.7124 1.0715e-01     0.3314    92.0488     5.5869     5.6584    32.7172    32.7178    26.0294    26.0307    7.48901 0.0000e+00
       5355     68.622     3.3810     3.3656   3.013724   3.012528     1.7561     2.0618      7.822     1.6379   482.1870 1.0715e-01     0.3295    92.0923     5.5837     5.6587    32.7159    32.7170    26.0282    26.0305    7.48884 0.0000e+00
       5358     68.505     3.3695     3.3606   3.012364   3.012133     1.7574     2.0622      7.824     1.6176   481.2000 1.0715e-01     0.3287    92.1097     5.5936     5.6633    32.7112    32.7174    26.0256    26.0313    7.49122 0.0000e+00
       5361     68.382     3.3616     3.3617   3.012119   3.012359     1.7570     2.0622      7.824     1.6379   481.3184 1.0715e-01     0.3287    92.1097     5.5944     5.6620    32.7163    32.7191    26.0303    26.0325    7.49244 0.0000e+00
       5364     68.258     3.3612     3.3618   3.012039   3.012166     1.7574     2.0622      7.824     1.6278   481.3579 1.0715e-01     0.3291    92.1010     5.5966     5.6614    32.7158    32.7168    26.0300    26.0306    7.49254 0.0000e+00
       5367     68.125     3.3582     3.3566   3.011747   3.011673     1.7578     2.0618      7.825     1.5972   481.3579 1.0715e-01     0.3287    92.1097     5.5975     5.6604    32.7154    32.7161    26.0299    26.0306    7.49312 0.0000e+00
       5370     67.989     3.3574     3.3512   3.011770   3.011226     1.7574     2.0622      7.822     1.5057   481.3579 1.0715e-01     0.3287    92.1097     5.5941     5.6631    32.7166    32.7163    26.0309    26.0312    7.49322 0.0000e+00
       5373     67.847     3.3563     3.3471   3.011649   3.010892     1.7574     2.0622      7.822     1.4955   481.3579 1.0715e-01     0.3287    92.1097     5.5910     5.6640    32.7163    32.7165    26.0307    26.0317    7.49343 0.0000e+00
       5376     67.703     3.3548     3.3460   3.011576   3.011093     1.7570     2.0626      7.825     1.5158   481.3579 1.0715e-01     0.3273    92.1445     5.5889     5.6663    32.7170    32.7201    26.0315    26.0347    7.49368 0.0000e+00
       5379     67.554     3.3616     3.3611   3.012785   3.012641     1.7578     2.0630      7.822     1.4955   183.6070 1.0715e-01     0.3269    92.1532     5.5870     5.6657    32.7248    32.7235    26.0370    26.0361    7.49202 0.0000e+00
       5382     67.399     3.3842     3.3707   3.014716   3.013112     1.7578     2.0626      7.824     1.5057     2.9114 1.0715e-01     0.3269    92.1532     5.5798     5.6618    32.7251    32.7196    26.0353    26.0321    7.48777 0.0000e+00
       5385     67.243     3.3940     3.3795   3.015060   3.013960     1.7578     2.0618      7.824     1.5057     9.4255 1.0715e-01     0.3269    92.1532     5.5805     5.6568    32.7194    32.7210    26.0299    26.0324    7.48622 0.0000e+00
       5388     67.083     3.3989     3.3872   3.015374   3.014386     1.7574     2.0622      7.824     1.5260     9.0307 1.0715e-01     0.3269    92.1532     5.5771     5.6565    32.7184    32.7184    26.0286    26.0296    7.48536 0.0000e+00
       5391     66.921     3.3982     3.3860   3.015026   3.014137     1.7574     2.0622      7.824     1.5057     9.0702 1.0715e-01     0.3269    92.1532     5.5799     5.6564    32.7150    32.7167    26.0260    26.0284    7.48566 0.0000e+00
       5394     66.764     3.3927     3.3832   3.014609   3.013945     1.7570     2.0630      7.822     1.4853     9.0307 1.0715e-01     0.3250    92.1966     5.5785     5.6607    32.7156    32.7172    26.0269    26.0291    7.48665 0.0000e+00
       5397     66.607     3.3932     3.3861   3.014954   3.014412     1.7566     2.0622      7.824     1.4649     9.0702 1.0715e-01     0.3174    92.3705     5.5762     5.6566    32.7194    32.7200    26.0299    26.0310    7.48638 0.0000e+00
       5400     66.450     3.3988     3.3934   3.015413   3.014993     1.7578     2.0622      7.824     1.4751     9.0307 1.0715e-01     0.3174    92.3705     5.5811     5.6557    32.7193    32.7198    26.0294    26.0302    7.48534 0.0000e+00
       5403     66.301     3.4016     3.3970   3.015547   3.015203     1.7557     2.0626      7.822     1.4853     8.9912 1.0715e-01     0.3178    92.3618     5.5705     5.6584    32.7182    32.7187    26.0281    26.0290    7.48486 0.0000e+00
       5406     66.146     3.4029     3.3982   3.015616   3.015273     1.7578     2.0622      7.822     1.4649     6.7015 1.0715e-01     0.3178    92.3618     5.5820     5.6572    32.7178    32.7184    26.0278    26.0286    7.48465 0.0000e+00
       5409     65.999     3.4039     3.3988   3.015668   3.015298     1.7578     2.0622      7.824     1.4751     6.3856 1.0715e-01     0.3178    92.3618     5.5832     5.6568    32.7175    32.7182    26.0274    26.0284    7.48448 0.0000e+00
       5412     65.852     3.4053     3.3997   3.015858   3.015379     1.7574     2.0622      7.825     1.4853     6.4251 1.0715e-01     0.3178    92.3618     5.5820     5.6546    32.7185    32.7184    26.0280    26.0285    7.48417 0.0000e+00
       5415     65.711     3.4090     3.4013   3.016128   3.015517     1.7582     2.0630      7.822     1.4751     6.4251 1.0715e-01     0.3006    92.7616     5.5838     5.6561    32.7180    32.7185    26.0273    26.0284    7.48350 0.0000e+00
       5418     65.573     3.4095     3.4028   3.016132   3.015667     1.7570     2.0630      7.822     1.4649     6.4251 1.0715e-01     0.2815    93.2049     5.5780     5.6569    32.7176    32.7188    26.0270    26.0285    7.48342 0.0000e+00
       5421     65.440     3.4111     3.4048   3.016247   3.015850     1.7574     2.0626      7.822     1.4751     6.4251 1.0715e-01     0.2826    93.1789     5.5775     5.6559    32.7174    32.7190    26.0267    26.0285    7.48313 0.0000e+00
       5424     65.319     3.4114     3.4065   3.016277   3.015967     1.7574     2.0630      7.822     1.4853     6.4251 1.0715e-01     0.2823    93.1875     5.5770     5.6563    32.7175    32.7188    26.0268    26.0282    7.48307 0.0000e+00
       5427     65.204     3.4127     3.4077   3.015855   3.016032     1.7574     2.0626      7.825     1.4751     6.4251 1.0715e-01     0.2819    93.1962     5.5782     5.6558    32.7113    32.7184    26.0216    26.0278    7.48314 0.0000e+00
       5430     65.095     3.4131     3.4087   3.016440   3.016117     1.7578     2.0622      7.824     1.4751    90.3970 1.0715e-01     0.2826    93.1789     5.5762     5.6554    32.7180    32.7185    26.0269    26.0278    7.48273 0.0000e+00
       5433     64.992     3.4129     3.4092   3.016372   3.016126     1.7574     2.0626      7.825     1.4751   476.3836 1.0715e-01     0.2823    93.1875     5.5752     5.6570    32.7173    32.7181    26.0265    26.0274    7.48279 0.0000e+00
       5436     64.898     3.4132     3.4089   3.016437   3.016085     1.7570     2.0622      7.824     1.4751   481.3974 1.0715e-01     0.2737    93.3875     5.5731     5.6533    32.7178    32.7180    26.0268    26.0273    7.48271 0.0000e+00
       5439     64.809     3.4138     3.4088   3.016421   3.016068     1.7574     2.0626      7.824     1.4751   481.2790 1.0715e-01     0.2707    93.4570     5.5755     5.6522    32.7172    32.7180    26.0262    26.0274    7.48265 0.0000e+00
       5442     64.727     3.4123     3.4086   3.016306   3.016050     1.7570     2.0634      7.822     1.4751   481.3579 1.0715e-01     0.2707    93.4570     5.5712     5.6564    32.7174    32.7180    26.0265    26.0274    7.48292 0.0000e+00
       5445     64.656     3.4111     3.4084   3.016119   3.016062     1.7570     2.0622      7.822     1.4751   481.3579 1.0715e-01     0.2707    93.4570     5.5697     5.6510    32.7163    32.7184    26.0258    26.0277    7.48318 0.0000e+00
       5448     64.592     3.4087     3.4082   3.016044   3.016020     1.7578     2.0630      7.822     1.5362   481.3579 1.0715e-01     0.2707    93.4570     5.5734     5.6537    32.7179    32.7181    26.0272    26.0275    7.48355 0.0000e+00
       5451     64.535     3.4108     3.4075   3.016265   3.015949     1.7582     2.0634      7.822     1.5463   481.3579 1.0715e-01     0.2707    93.4570     5.5760     5.6568    32.7184    32.7180    26.0275    26.0275    7.48313 0.0000e+00
