Datasets/AZMP/HUD120/hud120_2020_058.cnv
* Sea-Bird SBE 9 Data File:
* FileName = C:\CTDDATA\hud120_2020_058.hex
* Software Version Seasave V 7.26.7.110
* Temperature SN = 1697
* Conductivity SN = 4216
* Number of Bytes Per Scan = 30
* Number of Voltage Words = 4
* Number of Scans Averaged by the Deck Unit = 1
* NMEA baud rate = 4800
** VESSEL/TRIP/SEQ STN:  hud120_2020_058
** LATITUDE XX XX.XX: 47 00.00 N
** LONGITUDE XX XX.XX: 045 12.80 W
** SOUNDING DEPTH (M): 0171
** PROBE TYPE: S1146
** CTD NUMBER: 037
** FORMAT: V
** COMMENTS (14 CHAR): FC-24
** BOTTLES:  10
** LEVELS: 5,10,20,30,40,50,75,100,150,BTM
** STICKERS: 439750 - 439759
** VNET: Y
** DO2: Y
# nquan = 22
# nvalues = 3080                        
# units = specified
# name 0 = scan: Scan Count
# name 1 = prDM: Pressure, Digiquartz [db]
# name 2 = t090C: Temperature [ITS-90, deg C]
# name 3 = t190C: Temperature, 2 [ITS-90, deg C]
# name 4 = c0S/m: Conductivity [S/m]
# name 5 = c1S/m: Conductivity, 2 [S/m]
# name 6 = sbeox0V: Oxygen raw, SBE 43 [V]
# name 7 = sbeox1V: Oxygen raw, SBE 43, 2 [V]
# name 8 = ph: pH
# name 9 = flECO-AFL: Fluorescence, WET Labs ECO-AFL/FL [mg/m^3]
# name 10 = wetCDOM: Fluorescence, WET Labs CDOM [mg/m^3]
# name 11 = par/sat/log: PAR/Logarithmic, Satlantic [umol photons/m^2/sec]
# name 12 = CStarAt0: Beam Attenuation, WET Labs C-Star [1/m]
# name 13 = CStarTr0: Beam Transmission, WET Labs C-Star [%]
# name 14 = sbeox0ML/L: Oxygen, SBE 43 [ml/l], WS = 2
# name 15 = sbeox1ML/L: Oxygen, SBE 43, 2 [ml/l], WS = 2
# name 16 = sal00: Salinity, Practical [PSU]
# name 17 = sal11: Salinity, Practical, 2 [PSU]
# name 18 = sigma-t00: Density [sigma-t, kg/m^3 ]
# name 19 = sigma-t11: Density, 2 [sigma-t, kg/m^3 ]
# name 20 = oxsatML/L: Oxygen Saturation, Weiss [ml/l]
# name 21 = flag: flag
# span 0 =          9,      39341       
# span 1 =      0.427,    166.781       
# span 2 =     3.5055,     7.6729       
# span 3 =     3.5005,     7.6687       
# span 4 =   0.597003,   3.421394       
# span 5 =   0.428602,   3.420841       
# span 6 =     1.8413,     2.2372       
# span 7 =     2.1879,     2.6594       
# span 8 =      7.926,      8.146       
# span 9 =     0.8850,     6.8577       
# span 10 =    -2.8130,   482.1870      
# span 11 = 1.0690e-01, 1.9530e+02      
# span 12 =     0.0949,     0.5479      
# span 13 =    87.1985,    97.6554      
# span 14 =     5.8700,     7.3608      
# span 15 =     5.9832,     7.3468      
# span 16 =     5.1420,    34.6441      
# span 17 =     3.6161,    34.6436      
# span 18 =     3.9910,    27.5247      
# span 19 =     2.7902,    27.5247      
# span 20 =    6.73747,    8.37708      
# span 21 = 0.0000e+00, 0.0000e+00      
# interval = scans: 3                   
# start_time = Nov 23 2020 12:24:44 [System UTC, header]
# bad_flag = -9.990e-29
*END*
[from data line 1317]
       4969    159.042     3.7884     3.7835   3.213864   3.213404     1.8465     2.1924      7.931     0.9257    -0.4443 1.0715e-01     0.1433    96.4819     5.9015     6.0481    34.6428    34.6425    27.5238    27.5240    7.31898 0.0000e+00
       4972    159.147     3.7885     3.7834   3.213868   3.213384     1.8461     2.1920      7.931     0.9257    -0.4443 1.0715e-01     0.1433    96.4819     5.8974     6.0456    34.6427    34.6423    27.5237    27.5239    7.31897 0.0000e+00
       4975    159.244     3.7883     3.7833   3.213870   3.213399     1.8465     2.1916      7.931     0.9358    -0.4443 1.0727e-01     0.1433    96.4819     5.8991     6.0434    34.6429    34.6425    27.5239    27.5241    7.31900 0.0000e+00
       4978    159.339     3.7885     3.7835   3.213883   3.213389     1.8473     2.1916      7.931     0.9358    -0.4443 1.0715e-01     0.1433    96.4819     5.8992     6.0413    34.6428    34.6421    27.5238    27.5237    7.31897 0.0000e+00
       4981    159.429     3.7885     3.7834   3.213872   3.213408     1.8465     2.1912      7.931     0.9257    -0.4443 1.0715e-01     0.1433    96.4819     5.8945     6.0395    34.6426    34.6425    27.5236    27.5240    7.31898 0.0000e+00
       4984    159.514     3.7884     3.7835   3.213883   3.213404     1.8473     2.1916      7.931     0.9358    -0.4443 1.0715e-01     0.1433    96.4819     5.8986     6.0406    34.6428    34.6422    27.5238    27.5238    7.31899 0.0000e+00
       4987    159.595     3.7884     3.7835   3.213893   3.213403     1.8465     2.1916      7.931     0.9358    -0.4443 1.0715e-01     0.1433    96.4819     5.8940     6.0409    34.6429    34.6422    27.5238    27.5238    7.31898 0.0000e+00
       4990    159.671     3.7885     3.7836   3.213891   3.213406     1.8465     2.1916      7.931     0.9460    -0.4443 1.0715e-01     0.1436    96.4732     5.8944     6.0438    34.6427    34.6421    27.5237    27.5237    7.31897 0.0000e+00
       4993    159.739     3.7886     3.7837   3.213895   3.213421     1.8457     2.1916      7.931     0.9460   271.6453 1.0715e-01     0.1433    96.4819     5.8905     6.0452    34.6426    34.6422    27.5236    27.5238    7.31896 0.0000e+00
       4996    159.800     3.7884     3.7837   3.213891   3.213418     1.8465     2.1908      7.931     0.9257   481.7527 1.0715e-01     0.1433    96.4819     5.8939     6.0467    34.6427    34.6421    27.5237    27.5237    7.31899 0.0000e+00
       4999    159.857     3.7885     3.7837   3.213875   3.213416     1.8461     2.1904      7.931     0.9460   481.0026 1.0740e-01     0.1436    96.4732     5.8909     6.0468    34.6424    34.6421    27.5235    27.5236    7.31898 0.0000e+00
       5002    159.909     3.7885     3.7837   3.213891   3.213435     1.8452     2.1904      7.931     0.9257   481.3579 1.0727e-01     0.1472    96.3863     5.8885     6.0477    34.6426    34.6422    27.5236    27.5238    7.31898 0.0000e+00
       5005    159.952     3.7885     3.7837   3.213906   3.213446     1.8461     2.1916      7.931     0.9460   481.3579 1.0715e-01     0.1476    96.3776     5.8942     6.0533    34.6427    34.6423    27.5237    27.5238    7.31897 0.0000e+00
       5008    159.986     3.7887     3.7839   3.213904   3.213435     1.8465     2.1908      7.931     0.9460   481.3579 1.0715e-01     0.1476    96.3776     5.8972     6.0530    34.6425    34.6420    27.5235    27.5235    7.31895 0.0000e+00
       5011    160.015     3.7887     3.7838   3.213918   3.213462     1.8461     2.1916      7.931     0.9257   481.3579 1.0715e-01     0.1472    96.3863     5.8979     6.0583    34.6426    34.6424    27.5236    27.5239    7.31894 0.0000e+00
       5128    160.062     3.7888     3.7842   3.213974   3.213535     1.8448     2.1916      7.931     0.9663   481.2000 1.0727e-01     0.1443    96.4558     5.8842     6.0357    34.6432    34.6428    27.5240    27.5242    7.31889 0.0000e+00
       5131    160.163     3.7887     3.7841   3.213978   3.213518     1.8452     2.1908      7.931     0.9663   481.1605 1.0715e-01     0.1443    96.4558     5.8894     6.0336    34.6432    34.6426    27.5240    27.5241    7.31890 0.0000e+00
       5134    160.271     3.7889     3.7839   3.214000   3.213511     1.8448     2.1904      7.931     0.9562   481.3579 1.0715e-01     0.1443    96.4558     5.8887     6.0323    34.6433    34.6427    27.5241    27.5241    7.31887 0.0000e+00
       5137    160.385     3.7888     3.7841   3.214002   3.213520     1.8461     2.1904      7.931     0.9663   481.3579 1.0740e-01     0.1443    96.4558     5.8945     6.0301    34.6433    34.6426    27.5241    27.5240    7.31888 0.0000e+00
       5140    160.504     3.7888     3.7841   3.214003   3.213512     1.8452     2.1908      7.931     0.9663   481.3184 1.0740e-01     0.1443    96.4558     5.8912     6.0301    34.6432    34.6424    27.5240    27.5238    7.31888 0.0000e+00
       5143    160.628     3.7890     3.7841   3.214031   3.213552     1.8444     2.1908      7.931     0.9562   481.3579 1.0727e-01     0.1450    96.4385     5.8889     6.0306    34.6433    34.6427    27.5241    27.5241    7.31885 0.0000e+00
       5146    160.759     3.7890     3.7842   3.214029   3.213569     1.8448     2.1904      7.931     0.9562   481.3579 1.0715e-01     0.1450    96.4385     5.8882     6.0302    34.6432    34.6429    27.5241    27.5243    7.31886 0.0000e+00
       5149    160.893     3.7887     3.7842   3.214030   3.213579     1.8444     2.1904      7.931     0.9562   386.3319 1.0715e-01     0.1443    96.4558     5.8868     6.0311    34.6435    34.6429    27.5243    27.5243    7.31889 0.0000e+00
       5152    161.033     3.7889     3.7842   3.214041   3.213564     1.8452     2.1892      7.931     0.9562     8.3596 1.0715e-01     0.1443    96.4558     5.8908     6.0297    34.6433    34.6426    27.5241    27.5240    7.31886 0.0000e+00
       5155    161.174     3.7895     3.7842   3.214061   3.213552     1.8452     2.1904      7.931     0.9663    15.1499 1.0715e-01     0.1447    96.4471     5.8889     6.0362    34.6428    34.6424    27.5236    27.5239    7.31878 0.0000e+00
       5158    161.322     3.7893     3.7843   3.214072   3.213609     1.8452     2.1900      7.931     0.9663    14.8341 1.0715e-01     0.1447    96.4471     5.8871     6.0353    34.6432    34.6429    27.5240    27.5242    7.31881 0.0000e+00
       5161    161.473     3.7892     3.7842   3.214076   3.213611     1.8448     2.1888      7.931     0.9460    14.8341 1.0715e-01     0.1450    96.4385     5.8846     6.0310    34.6431    34.6429    27.5240    27.5243    7.31882 0.0000e+00
       5164    161.627     3.7891     3.7843   3.214086   3.213601     1.8452     2.1892      7.931     0.9663    14.8341 1.0715e-01     0.1465    96.4037     5.8889     6.0325    34.6433    34.6426    27.5241    27.5241    7.31883 0.0000e+00
       5167    161.781     3.7891     3.7845   3.214111   3.213635     1.8444     2.1896      7.931     0.9460    14.8341 1.0715e-01     0.1461    96.4124     5.8873     6.0356    34.6436    34.6428    27.5243    27.5241    7.31882 0.0000e+00
       5170    161.936     3.7892     3.7845   3.214104   3.213643     1.8444     2.1892      7.931     0.9053    14.8341 1.0727e-01     0.1465    96.4037     5.8872     6.0358    34.6433    34.6428    27.5241    27.5242    7.31882 0.0000e+00
       5173    162.091     3.7891     3.7843   3.214095   3.213657     1.8448     2.1892      7.931     0.8952    14.8341 1.0727e-01     0.1465    96.4037     5.8882     6.0368    34.6432    34.6430    27.5240    27.5243    7.31884 0.0000e+00
       5176    162.247     3.7891     3.7847   3.214113   3.213689     1.8448     2.1900      7.931     0.9155     6.6620 1.0715e-01     0.1465    96.4037     5.8877     6.0404    34.6433    34.6429    27.5241    27.5242    7.31883 0.0000e+00
       5179    162.401     3.7893     3.7848   3.214141   3.213691     1.8436     2.1896      7.931     0.8952    -2.2208 1.0715e-01     0.1465    96.4037     5.8860     6.0394    34.6434    34.6427    27.5241    27.5241    7.31879 0.0000e+00
       5182    162.550     3.7895     3.7849   3.214181   3.213715     1.8440     2.1892      7.931     0.9053    -1.7471 1.0727e-01     0.1465    96.4037     5.8909     6.0404    34.6436    34.6429    27.5243    27.5242    7.31875 0.0000e+00
       5185    162.696     3.7897     3.7850   3.214212   3.213765     1.8440     2.1892      7.931     0.9053    -1.7471 1.0727e-01     0.1465    96.4037     5.8918     6.0417    34.6436    34.6432    27.5242    27.5244    7.31870 0.0000e+00
       5188    162.838     3.7899     3.7853   3.214250   3.213807     1.8449     2.1888      7.931     0.9155    -1.7866 1.0752e-01     0.1469    96.3950     5.8969     6.0394    34.6438    34.6433    27.5244    27.5245    7.31866 0.0000e+00
       5191    162.978     3.7898     3.7851   3.214271   3.213793     1.8449     2.1892      7.931     0.8952    -1.8260 1.0715e-01     0.1465    96.4037     5.8999     6.0407    34.6441    34.6434    27.5246    27.5245    7.31867 0.0000e+00
       5194    163.109     3.7900     3.7852   3.214291   3.213808     1.8449     2.1892      7.931     0.9257    -1.7471 1.0715e-01     0.1465    96.4037     5.8997     6.0406    34.6441    34.6433    27.5246    27.5245    7.31864 0.0000e+00
       5197    163.232     3.7903     3.7853   3.214294   3.213827     1.8445     2.1888      7.931     0.9969    -1.7866 1.0715e-01     0.1465    96.4037     5.8985     6.0385    34.6437    34.6434    27.5243    27.5246    7.31860 0.0000e+00
       5200    163.349     3.7900     3.7852   3.214302   3.213837     1.8445     2.1892      7.931     0.9765    -1.7866 1.0715e-01     0.1465    96.4037     5.8973     6.0421    34.6440    34.6436    27.5246    27.5247    7.31863 0.0000e+00
       5203    163.457     3.7902     3.7850   3.214293   3.213820     1.8453     2.1892      7.931     0.9867   366.3950 1.0715e-01     0.1451    96.4385     5.8993     6.0434    34.6436    34.6435    27.5242    27.5247    7.31861 0.0000e+00
       5206    163.560     3.7900     3.7849   3.214292   3.213788     1.8449     2.1892      7.931     0.9969   482.0291 1.0715e-01     0.1433    96.4819     5.8986     6.0435    34.6438    34.6432    27.5244    27.5244    7.31865 0.0000e+00
       5209    163.654     3.7897     3.7849   3.214237   3.213796     1.8445     2.1896      7.931     1.0071   481.0026 1.0727e-01     0.1433    96.4819     5.8946     6.0444    34.6434    34.6433    27.5241    27.5245    7.31872 0.0000e+00
       5212    163.739     3.7898     3.7848   3.214243   3.213756     1.8449     2.1892      7.931     0.9969   481.3579 1.0715e-01     0.1433    96.4819     5.8944     6.0426    34.6434    34.6428    27.5241    27.5241    7.31871 0.0000e+00
       5215    163.817     3.7898     3.7848   3.214247   3.213794     1.8453     2.1888      7.931     1.0071   481.3579 1.0715e-01     0.1433    96.4819     5.8995     6.0406    34.6434    34.6432    27.5241    27.5244    7.31871 0.0000e+00
       5218    163.892     3.7897     3.7849   3.214257   3.213788     1.8449     2.1892      7.931     1.0071   481.3184 1.0727e-01     0.1433    96.4819     5.8990     6.0426    34.6435    34.6430    27.5242    27.5242    7.31871 0.0000e+00
       5221    163.952     3.7898     3.7848   3.214282   3.213775     1.8449     2.1888      7.931     0.9663   481.3579 1.0715e-01     0.1433    96.4819     5.8984     6.0402    34.6437    34.6429    27.5243    27.5242    7.31869 0.0000e+00
       5224    164.008     3.7898     3.7851   3.214280   3.213795     1.8436     2.1900      7.931     0.9460   481.3579 1.0715e-01     0.1458    96.4211     5.8919     6.0461    34.6436    34.6428    27.5242    27.5241    7.31869 0.0000e+00
       5227    164.057     3.7900     3.7849   3.214275   3.213779     1.8449     2.1892      7.931     0.9562   440.2997 1.0715e-01     0.1465    96.4037     5.8974     6.0442    34.6433    34.6428    27.5240    27.5241    7.31866 0.0000e+00
       5230    164.100     3.7899     3.7851   3.214296   3.213812     1.8457     2.1883      7.931     0.9562    24.5065 1.0727e-01     0.1465    96.4037     5.9015     6.0421    34.6436    34.6429    27.5242    27.5242    7.31867 0.0000e+00
       5233    164.134     3.7898     3.7851   3.214284   3.213814     1.8440     2.1892      7.931     0.9562     3.3457 1.0715e-01     0.1461    96.4124     5.8935     6.0473    34.6436    34.6430    27.5243    27.5243    7.31870 0.0000e+00
       5236    164.162     3.7900     3.7850   3.214266   3.213818     1.8453     2.1888      7.931     0.9460     5.2407 1.0715e-01     0.1465    96.4037     5.8996     6.0459    34.6431    34.6431    27.5238    27.5243    7.31867 0.0000e+00
       5264    164.252     3.7900     3.7852   3.214294   3.213815     1.8457     2.1888      7.931     0.9663   163.8675 1.0715e-01     0.1461    96.4124     5.8998     6.0430    34.6434    34.6428    27.5241    27.5240    7.31866 0.0000e+00
       5318    164.409     3.7899     3.7853   3.214310   3.213827     1.8445     2.1879      7.931     0.9969   481.3579 1.0715e-01     0.1458    96.4211     5.8917     6.0357    34.6436    34.6428    27.5243    27.5241    7.31867 0.0000e+00
       5321    164.445     3.7900     3.7851   3.214310   3.213833     1.8445     2.1879      7.931     0.9867   481.3579 1.0715e-01     0.1454    96.4298     5.8911     6.0379    34.6435    34.6430    27.5242    27.5242    7.31866 0.0000e+00
       5324    164.492     3.7898     3.7850   3.214290   3.213822     1.8449     2.1883      7.931     0.9969   481.3579 1.0727e-01     0.1458    96.4211     5.8942     6.0427    34.6435    34.6430    27.5242    27.5243    7.31869 0.0000e+00
       5327    164.540     3.7896     3.7852   3.214264   3.213838     1.8440     2.1892      7.931     0.9969   481.3579 1.0715e-01     0.1454    96.4298     5.8910     6.0462    34.6434    34.6429    27.5241    27.5242    7.31874 0.0000e+00
       5330    164.586     3.7897     3.7851   3.214274   3.213826     1.8457     2.1883      7.931     1.0071   481.3579 1.0715e-01     0.1454    96.4298     5.8979     6.0406    34.6433    34.6429    27.5241    27.5241    7.31873 0.0000e+00
       5333    164.626     3.7900     3.7849   3.214293   3.213817     1.8449     2.1892      7.931     0.9765   267.8947 1.0715e-01     0.1454    96.4298     5.8955     6.0445    34.6432    34.6430    27.5239    27.5243    7.31867 0.0000e+00
       5336    164.662     3.7898     3.7850   3.214319   3.213797     1.8436     2.1883      7.931     1.0071    -0.6811 1.0715e-01     0.1454    96.4298     5.8917     6.0438    34.6437    34.6426    27.5244    27.5239    7.31868 0.0000e+00
       5339    164.701     3.7900     3.7848   3.214298   3.213794     1.8453     2.1888      7.931     0.9969     7.1752 1.0715e-01     0.1454    96.4298     5.8999     6.0489    34.6433    34.6427    27.5240    27.5241    7.31868 0.0000e+00
       5342    164.739     3.7901     3.7850   3.214318   3.213825     1.8440     2.1892      7.931     1.0071     6.8988 1.0727e-01     0.1454    96.4298     5.8945     6.0516    34.6434    34.6429    27.5240    27.5242    7.31866 0.0000e+00
       5345    164.776     3.7897     3.7850   3.214305   3.213839     1.8449     2.1892      7.931     0.9867     6.8988 1.0715e-01     0.1458    96.4211     5.8975     6.0519    34.6436    34.6430    27.5242    27.5243    7.31871 0.0000e+00
       5348    164.811     3.7898     3.7850   3.214277   3.213826     1.8449     2.1892      7.931     0.9969     6.8988 1.0727e-01     0.1454    96.4298     5.8973     6.0500    34.6432    34.6429    27.5239    27.5242    7.31872 0.0000e+00
       5497    164.923     3.7902     3.7854   3.214345   3.213860     1.8436     2.1888      7.931     0.9663     5.4776 1.0715e-01     0.1454    96.4298     5.8801     6.0426    34.6435    34.6428    27.5241    27.5241    7.31863 0.0000e+00
