Datasets/AZMP/HUD120/hud120_2020_055.cnv
* Sea-Bird SBE 9 Data File:
* FileName = C:\CTDDATA\hud120_2020_055.hex
* Software Version Seasave V 7.26.7.110
* Temperature SN = 1697
* Conductivity SN = 4216
* Number of Bytes Per Scan = 30
* Number of Voltage Words = 4
* Number of Scans Averaged by the Deck Unit = 1
* NMEA baud rate = 4800
** VESSEL/TRIP/SEQ STN:  hud120(2020_055
** LATITUDE XX XX.XX: 47 00.00 N
** LONGITUDE XX XX.XX: 044 34.70 W
** SOUNDING DEPTH (M): 0138
** PROBE TYPE: S1146
** CTD NUMBER: 034
** FORMAT: V
** COMMENTS (14 CHAR): FC-27
** BOTTLES:  0
** LEVELS: 0
** STICKERS:
** VNET: N
** DO2: N
# nquan = 22
# nvalues = 1958                        
# units = specified
# name 0 = scan: Scan Count
# name 1 = prDM: Pressure, Digiquartz [db]
# name 2 = t090C: Temperature [ITS-90, deg C]
# name 3 = t190C: Temperature, 2 [ITS-90, deg C]
# name 4 = c0S/m: Conductivity [S/m]
# name 5 = c1S/m: Conductivity, 2 [S/m]
# name 6 = sbeox0V: Oxygen raw, SBE 43 [V]
# name 7 = sbeox1V: Oxygen raw, SBE 43, 2 [V]
# name 8 = ph: pH
# name 9 = flECO-AFL: Fluorescence, WET Labs ECO-AFL/FL [mg/m^3]
# name 10 = wetCDOM: Fluorescence, WET Labs CDOM [mg/m^3]
# name 11 = par/sat/log: PAR/Logarithmic, Satlantic [umol photons/m^2/sec]
# name 12 = CStarAt0: Beam Attenuation, WET Labs C-Star [1/m]
# name 13 = CStarTr0: Beam Transmission, WET Labs C-Star [%]
# name 14 = sbeox0ML/L: Oxygen, SBE 43 [ml/l], WS = 2
# name 15 = sbeox1ML/L: Oxygen, SBE 43, 2 [ml/l], WS = 2
# name 16 = sal00: Salinity, Practical [PSU]
# name 17 = sal11: Salinity, Practical, 2 [PSU]
# name 18 = sigma-t00: Density [sigma-t, kg/m^3 ]
# name 19 = sigma-t11: Density, 2 [sigma-t, kg/m^3 ]
# name 20 = oxsatML/L: Oxygen Saturation, Weiss [ml/l]
# name 21 = flag: flag
# span 0 =          2,       8132       
# span 1 =      0.418,    129.620       
# span 2 =     3.8436,     7.4182       
# span 3 =     3.8389,     7.4137       
# span 4 =   3.197798,   3.409082       
# span 5 =   3.197504,   3.408599       
# span 6 =     1.8819,     2.2112       
# span 7 =     2.2449,     2.6591       
# span 8 =      7.933,      8.131       
# span 9 =     0.9257,     6.9492       
# span 10 =    -2.8130,   482.1870      
# span 11 = 1.0520e-01, 7.2946e-01      
# span 12 =     0.0974,     0.4522      
# span 13 =    89.3108,    97.5945      
# span 14 =     6.0139,     6.7377      
# span 15 =     6.2047,     6.9635      
# span 16 =    32.8074,    34.4215      
# span 17 =    32.5550,    34.4207      
# span 18 =    25.6356,    27.3419      
# span 19 =    25.4378,    27.3417      
# span 20 =    6.77470,    7.31983      
# span 21 = 0.0000e+00, 0.0000e+00      
# interval = scans: 3                   
# start_time = Nov 23 2020 06:34:16 [System UTC, header]
# bad_flag = -9.990e-29
*END*
[from data line 1910]
       7730      5.124     7.4143     7.4100   3.401400   3.400976     2.2073     2.6571      8.120     5.5248   481.3579 1.0715e-01     0.2551    93.8221     6.7184     6.9494    33.1991    33.1986    25.9434    25.9436    6.77530 0.0000e+00
       7733      5.022     7.4145     7.4100   3.401412   3.401000     2.2069     2.6571      8.120     5.5248   481.3579 1.0715e-01     0.2551    93.8221     6.7147     6.9470    33.1991    33.1989    25.9433    25.9438    6.77526 0.0000e+00
       7736      4.920     7.4146     7.4102   3.401393   3.400991     2.2073     2.6571      8.122     5.3925   481.3579 1.0727e-01     0.2551    93.8221     6.7154     6.9432    33.1988    33.1986    25.9431    25.9435    6.77525 0.0000e+00
       7739      4.815     7.4140     7.4103   3.401347   3.401002     2.2065     2.6571      8.120     5.3721   481.3579 1.0715e-01     0.2551    93.8221     6.7129     6.9403    33.1990    33.1988    25.9433    25.9436    6.77535 0.0000e+00
       7742      4.706     7.4141     7.4102   3.401347   3.401004     2.2061     2.6571      8.122     5.3721   470.8960 1.0715e-01     0.2551    93.8221     6.7129     6.9376    33.1989    33.1989    25.9432    25.9437    6.77533 0.0000e+00
       7745      4.590     7.4143     7.4103   3.401352   3.400946     2.2065     2.6571      8.122     5.3823    52.8130 1.0715e-01     0.2547    93.8308     6.7129     6.9354    33.1988    33.1983    25.9431    25.9433    6.77531 0.0000e+00
       7748      4.473     7.4139     7.4102   3.401331   3.400954     2.2065     2.6571      8.120     5.3823     8.4385 1.0715e-01     0.2551    93.8221     6.7121     6.9333    33.1990    33.1985    25.9434    25.9435    6.77536 0.0000e+00
       7751      4.359     7.4143     7.4103   3.401363   3.400950     2.2065     2.6571      8.122     5.3823    10.7283 1.0715e-01     0.2551    93.8221     6.7107     6.9309    33.1990    33.1984    25.9433    25.9434    6.77529 0.0000e+00
       7754      4.244     7.4154     7.4103   3.401580   3.400995     2.2065     2.6567      8.122     5.3721    10.6493 1.0715e-01     0.2551    93.8221     6.7100     6.9282    33.2004    33.1990    25.9442    25.9438    6.77506 0.0000e+00
       7757      4.125     7.4156     7.4109   3.401632   3.401138     2.2065     2.6562      8.119     5.3925    10.6493 1.0715e-01     0.2551    93.8221     6.7098     6.9253    33.2008    33.2000    25.9445    25.9445    6.77501 0.0000e+00
       7760      4.004     7.4158     7.4110   3.401547   3.401114     2.2069     2.6558      8.122     5.3721    10.6493 1.0715e-01     0.2551    93.8221     6.7119     6.9244    33.1998    33.1997    25.9437    25.9443    6.77503 0.0000e+00
       7763      3.879     7.4153     7.4109   3.401449   3.401075     2.2077     2.6550      8.119     5.3416    10.6099 1.0715e-01     0.2547    93.8308     6.7162     6.9221    33.1993    33.1994    25.9433    25.9441    6.77513 0.0000e+00
       7766      3.752     7.4142     7.4097   3.401316   3.400863     2.2073     2.6550      8.120     5.3416    10.6493 1.0715e-01     0.2551    93.8221     6.7144     6.9235    33.1990    33.1983    25.9432    25.9434    6.77532 0.0000e+00
       7769      3.629     7.4136     7.4092   3.401262   3.400791     2.2069     2.6546      8.122     5.3518   102.1223 1.0715e-01     0.2547    93.8308     6.7114     6.9239    33.1989    33.1981    25.9433    25.9433    6.77541 0.0000e+00
       7772      3.502     7.4136     7.4093   3.401255   3.400835     2.2073     2.6546      8.122     5.3619   478.8313 1.0715e-01     0.2551    93.8221     6.7110     6.9269    33.1990    33.1985    25.9433    25.9435    6.77541 0.0000e+00
       7775      3.377     7.4143     7.4103   3.401388   3.400945     2.2065     2.6546      8.120     5.3518   481.3580 1.0715e-01     0.2551    93.8221     6.7062     6.9288    33.1998    33.1988    25.9439    25.9436    6.77527 0.0000e+00
       7778      3.254     7.4149     7.4109   3.401422   3.401009     2.2065     2.6546      8.122     5.3518   481.2790 1.0715e-01     0.2547    93.8308     6.7054     6.9319    33.1996    33.1991    25.9437    25.9438    6.77518 0.0000e+00
       7781      3.136     7.4150     7.4107   3.401442   3.401004     2.2065     2.6542      8.122     5.3518   481.3184 1.0715e-01     0.2551    93.8221     6.7027     6.9329    33.1998    33.1992    25.9439    25.9439    6.77516 0.0000e+00
       7784      3.018     7.4150     7.4106   3.401422   3.400984     2.2069     2.6550      8.120     5.3518   481.3579 1.0790e-01     0.2551    93.8221     6.7030     6.9368    33.1997    33.1992    25.9437    25.9439    6.77516 0.0000e+00
       7787      2.909     7.4151     7.4105   3.401431   3.400973     2.2073     2.6546      8.122     5.2297   481.3579 1.1442e-01     0.2551    93.8221     6.7034     6.9379    33.1997    33.1992    25.9437    25.9440    6.77514 0.0000e+00
       7790      2.804     7.4151     7.4104   3.401443   3.400919     2.2065     2.6550      8.120     5.1585   481.3579 1.0791e-01     0.2551    93.8221     6.7028     6.9387    33.1999    33.1987    25.9438    25.9436    6.77513 0.0000e+00
       7793      2.706     7.4151     7.4105   3.401470   3.400932     2.2069     2.6550      8.122     5.1381   481.3579 1.1488e-01     0.2551    93.8221     6.7049     6.9392    33.2003    33.1988    25.9441    25.9437    6.77512 0.0000e+00
       7796      2.614     7.4149     7.4103   3.401513   3.400964     2.2056     2.6554      8.122     5.1483   481.3579 1.0954e-01     0.2555    93.8134     6.7002     6.9414    33.2010    33.1994    25.9447    25.9441    6.77512 0.0000e+00
       7799      2.531     7.4152     7.4101   3.401624   3.400933     2.2069     2.6546      8.120     5.1381   481.3579 1.0916e-01     0.2555    93.8134     6.7061     6.9390    33.2019    33.1993    25.9454    25.9441    6.77503 0.0000e+00
       7802      2.454     7.4155     7.4098   3.401629   3.400887     2.2065     2.6554      8.122     5.1585   481.3579 1.2514e-01     0.2540    93.8482     6.7023     6.9417    33.2016    33.1991    25.9452    25.9440    6.77499 0.0000e+00
       7805      2.388     7.4157     7.4099   3.401741   3.400900     2.2056     2.6546      8.120     5.1483   481.3579 1.2328e-01     0.2540    93.8482     6.6963     6.9402    33.2028    33.1991    25.9460    25.9440    6.77492 0.0000e+00
       7808      2.330     7.4159     7.4101   3.401813   3.400907     2.2061     2.6550      8.120     5.1585   481.3579 1.2869e-01     0.2544    93.8395     6.6977     6.9412    33.2034    33.1991    25.9465    25.9439    6.77486 0.0000e+00
       7811      2.283     7.4159     7.4102   3.401850   3.400941     2.2061     2.6554      8.122     5.1381   481.3579 1.4913e-01     0.2540    93.8482     6.6976     6.9425    33.2038    33.1994    25.9468    25.9442    6.77484 0.0000e+00
       7884      2.241     7.4150     7.4096   3.401598   3.400886     2.2065     2.6558      8.122     5.3518   481.3579 1.4826e-01     0.2544    93.8395     6.7025     6.9455    33.2020    33.1994    25.9455    25.9442    6.77506 0.0000e+00
       8027      2.133     7.4131     7.4081   3.401138   3.400628     2.2061     2.6571      8.122     5.4332   481.3579 1.8941e-01     0.2547    93.8308     6.7092     6.9510    33.1988    33.1981    25.9433    25.9434    6.77550 0.0000e+00
       8030      2.006     7.4130     7.4082   3.401122   3.400635     2.2061     2.6575      8.122     5.4434   477.4495 1.2033e-01     0.2547    93.8308     6.7115     6.9540    33.1988    33.1981    25.9433    25.9434    6.77552 0.0000e+00
       8033      1.883     7.4129     7.4085   3.401110   3.400679     2.2065     2.6583      8.122     5.4637    68.4467 1.9257e-01     0.2551    93.8221     6.7145     6.9588    33.1988    33.1984    25.9433    25.9436    6.77552 0.0000e+00
       8036      1.768     7.4132     7.4086   3.401111   3.400692     2.2061     2.6583      8.122     5.4637    14.9526 1.8477e-01     0.2551    93.8221     6.7149     6.9593    33.1986    33.1985    25.9431    25.9437    6.77549 0.0000e+00
       8039      1.660     7.4133     7.4088   3.401133   3.400662     2.2061     2.6583      8.122     5.4434    17.0844 2.6617e-01     0.2547    93.8308     6.7177     6.9616    33.1988    33.1980    25.9432    25.9433    6.77546 0.0000e+00
       8042      1.567     7.4133     7.4088   3.401185   3.400682     2.2056     2.6583      8.122     5.4434    16.9660 2.5979e-01     0.2555    93.8134     6.7189     6.9634    33.1994    33.1983    25.9437    25.9435    6.77543 0.0000e+00
       8045      1.497     7.4138     7.4088   3.401212   3.400680     2.2065     2.6591      8.122     5.4535    16.9660 2.7307e-01     0.2558    93.8047     6.7302     6.9635    33.1992    33.1983    25.9435    25.9435    6.77537 0.0000e+00
       8065      1.451     7.4136     7.4088   3.401178   3.400669     2.2065     2.6589      8.122     5.4230    16.0185 3.6254e-01     0.2558    93.8047     6.7377     6.9554    33.1991    33.1982    25.9435    25.9434    6.77541 0.0000e+00
       8102      1.398     7.4134     7.4085   3.401153   3.400631 -9.990e-29 -9.990e-29      8.122     5.6977    14.1630 5.4266e-01     0.2562    93.7960 -9.990e-29 -9.990e-29    33.1990    33.1981    25.9434    25.9434    6.77543 0.0000e+00
       8105      1.334     7.4137     7.4087   3.401170   3.400656 -9.990e-29 -9.990e-29      8.122     5.7486    14.2024 5.5401e-01     0.2544    93.8395 -9.990e-29 -9.990e-29    33.1990    33.1981    25.9433    25.9434    6.77539 0.0000e+00
       8108      1.258     7.4139     7.4090   3.401197   3.400689 -9.990e-29 -9.990e-29      8.122     5.7486    14.1630 5.7362e-01     0.2547    93.8308 -9.990e-29 -9.990e-29    33.1991    33.1983    25.9434    25.9435    6.77536 0.0000e+00
       8111      1.171     7.4140     7.4092   3.401209   3.400711 -9.990e-29 -9.990e-29      8.122     5.7384   338.7597 5.9861e-01     0.2544    93.8395 -9.990e-29 -9.990e-29    33.1992    33.1984    25.9435    25.9435    6.77534 0.0000e+00
       8114      1.075     7.4137     7.4092   3.401200   3.400683 -9.990e-29 -9.990e-29      8.122     5.7486   482.1080 6.1264e-01     0.2547    93.8308 -9.990e-29 -9.990e-29    33.1995    33.1981    25.9437    25.9433    6.77537 0.0000e+00
       8117      0.968     7.4133     7.4093   3.401115   3.400720 -9.990e-29 -9.990e-29      8.122     5.7486   480.9237 6.3352e-01     0.2547    93.8308 -9.990e-29 -9.990e-29    33.1990    33.1985    25.9434    25.9436    6.77546 0.0000e+00
       8120      0.854     7.4130     7.4092   3.401094   3.400694 -9.990e-29 -9.990e-29      8.122     5.7486   481.2790 6.5213e-01     0.2547    93.8308 -9.990e-29 -9.990e-29    33.1990    33.1984    25.9435    25.9435    6.77550 0.0000e+00
       8123      0.727     7.4130     7.4089   3.401100   3.400659 -9.990e-29 -9.990e-29      8.122     5.7486   481.2395 6.8058e-01     0.3184    92.3618 -9.990e-29 -9.990e-29    33.1992    33.1983    25.9436    25.9435    6.77550 0.0000e+00
       8126      0.599     7.4130     7.4085   3.401061   3.400625 -9.990e-29 -9.990e-29      8.122     5.7181   481.2395 6.9091e-01     0.4522    89.3108 -9.990e-29 -9.990e-29    33.1988    33.1984    25.9433    25.9436    6.77551 0.0000e+00
       8129      0.486     7.4125     7.4085   3.400964   3.400598 -9.990e-29 -9.990e-29      8.122     5.5858   481.2790 7.1536e-01     0.4471    89.4238 -9.990e-29 -9.990e-29    33.1983    33.1982    25.9429    25.9435    6.77561 0.0000e+00
       8132      0.418     7.4123     7.4080   3.364810   3.341088 -9.990e-29 -9.990e-29      8.122     5.5858   481.2395 7.2946e-01     0.4475    89.4151 -9.990e-29 -9.990e-29    32.8074    32.5550    25.6356    25.4378    6.79282 0.0000e+00
