Datasets/AZMP/HUD120/hud120_2020_111.cnv
* Sea-Bird SBE 9 Data File:
* FileName = C:\CTDDATA\hud120_2020_111.hex
* Software Version Seasave V 7.26.7.110
* Temperature SN = 1697
* Conductivity SN = 4216
* Number of Bytes Per Scan = 30
* Number of Voltage Words = 4
* Number of Scans Averaged by the Deck Unit = 1
* NMEA baud rate = 4800
** VESSEL/TRIP/SEQ STN:  hub120_2020_111
** LATITUDE XX XX.XX: 47 32.80 N
** LONGITUDE XX XX.XX: 052 35.20 W
** SOUNDING DEPTH (M): 0176
** PROBE TYPE: S1146
** CTD NUMBER: 081
** FORMAT: V
** COMMENTS (14 CHAR): S27-01
** BOTTLES:  10
** LEVELS: 5,10,20,30,40,50,75,100,150,BTM
** STICKERS: 440099 - 440108
** VNET: Y
** DO2: N
# nquan = 22
# nvalues = 3741                        
# units = specified
# name 0 = scan: Scan Count
# name 1 = prDM: Pressure, Digiquartz [db]
# name 2 = t090C: Temperature [ITS-90, deg C]
# name 3 = t190C: Temperature, 2 [ITS-90, deg C]
# name 4 = c0S/m: Conductivity [S/m]
# name 5 = c1S/m: Conductivity, 2 [S/m]
# name 6 = sbeox0V: Oxygen raw, SBE 43 [V]
# name 7 = sbeox1V: Oxygen raw, SBE 43, 2 [V]
# name 8 = ph: pH
# name 9 = flECO-AFL: Fluorescence, WET Labs ECO-AFL/FL [mg/m^3]
# name 10 = wetCDOM: Fluorescence, WET Labs CDOM [mg/m^3]
# name 11 = par/sat/log: PAR/Logarithmic, Satlantic [umol photons/m^2/sec]
# name 12 = CStarAt0: Beam Attenuation, WET Labs C-Star [1/m]
# name 13 = CStarTr0: Beam Transmission, WET Labs C-Star [%]
# name 14 = sbeox0ML/L: Oxygen, SBE 43 [ml/l], WS = 2
# name 15 = sbeox1ML/L: Oxygen, SBE 43, 2 [ml/l], WS = 2
# name 16 = sal00: Salinity, Practical [PSU]
# name 17 = sal11: Salinity, Practical, 2 [PSU]
# name 18 = sigma-t00: Density [sigma-t, kg/m^3 ]
# name 19 = sigma-t11: Density, 2 [sigma-t, kg/m^3 ]
# name 20 = oxsatML/L: Oxygen Saturation, Weiss [ml/l]
# name 21 = flag: flag
# span 0 =         62,      32583       
# span 1 =      0.547,    172.916       
# span 2 =    -0.4786,     4.7052       
# span 3 =    -0.4842,     4.7005       
# span 4 =   2.704042,   3.007070       
# span 5 =   2.703568,   3.006579       
# span 6 =     1.8819,     2.2247       
# span 7 =     2.2149,     2.6301       
# span 8 =      8.037,      8.200       
# span 9 =     1.0071,     4.2732       
# span 10 =    -2.8130,   482.1870      
# span 11 = 1.0556e-01, 9.3424e-01      
# span 12 =     0.0995,     0.5940      
# span 13 =    86.1989,    97.5424      
# span 14 =     6.8797,     7.7913      
# span 15 =     6.9481,     7.9271      
# span 16 =    31.3580,    33.2632      
# span 17 =    31.3568,    33.2626      
# span 18 =    24.8203,    26.7163      
# span 19 =    24.8196,    26.7160      
# span 20 =    7.31329,    8.26715      
# span 21 = 0.0000e+00, 0.0000e+00      
# interval = scans: 3                   
# start_time = Dec 01 2020 09:53:22 [System UTC, header]
# bad_flag = -9.990e-29
*END*
[from data line 3161]
      20763     39.258     4.5401     4.5607   2.997756   2.998629     2.2056     2.6111      8.191     2.9403   481.3184 1.0715e-01     0.1289    96.8296     7.3408     7.4187    31.4075    31.3981    24.8762    24.8667    7.34063 0.0000e+00
      20766     39.223     4.5431     4.5601   2.997874   2.998596     2.2064     2.6111      8.191     2.9301    84.9884 1.0715e-01     0.1285    96.8383     7.3446     7.4198    31.4061    31.3983    24.8749    24.8669    7.34017 0.0000e+00
      20769     39.193     4.5429     4.5594   2.997888   2.998578     2.2072     2.6111      8.191     2.9301     2.4377 1.0715e-01     0.1321    96.7514     7.3479     7.4199    31.4064    31.3987    24.8751    24.8673    7.34018 0.0000e+00
      20839     39.168     4.5513     4.5554   2.998351   2.998360     2.2064     2.6107      8.191     2.8080     6.8989 1.0715e-01     0.1314    96.7688     7.3429     7.4215    31.4038    31.4001    24.8722    24.8688    7.33880 0.0000e+00
      20976     39.142     4.5557     4.5470   2.998571   2.997890     2.2056     2.6115      8.191     2.6656     2.7930 1.0715e-01     0.1292    96.8209     7.3437     7.4351    31.4022    31.4026    24.8704    24.8717    7.33808 0.0000e+00
      21534     39.109     4.5645     4.5572   2.999134   2.998482     2.2080     2.6135      8.192     2.7877     2.9510 1.0715e-01     0.1296    96.8122     7.3503     7.4407    31.4004    31.3997    24.8681    24.8683    7.33659 0.0000e+00
      22648     39.020     4.5843     4.5769   3.000352   2.999694     2.2093     2.6160      8.195     3.0726     3.8195 1.0715e-01     0.1310    96.7775     7.3500     7.4458    31.3957    31.3952    24.8624    24.8627    7.33326 0.0000e+00
      22651     38.919     4.5867     4.5807   3.000574   2.999927     2.2089     2.6151      8.193     3.0624     9.7413 1.0715e-01     0.1307    96.7861     7.3480     7.4425    31.3961    31.3942    24.8624    24.8616    7.33282 0.0000e+00
      22654     38.816     4.5955     4.5845   3.001145   3.000168     2.2089     2.6155      8.193     3.0421    11.3995 1.0715e-01     0.1307    96.7861     7.3478     7.4439    31.3944    31.3935    24.8602    24.8607    7.33132 0.0000e+00
      22657     38.708     4.6042     4.5915   3.001614   3.000643     2.2101     2.6164      8.192     2.7063    11.3600 1.0715e-01     0.1303    96.7948     7.3516     7.4463    31.3916    31.3924    24.8571    24.8590    7.32990 0.0000e+00
      22660     38.592     4.6097     4.6006   3.001857   3.001145     2.2089     2.6168      8.193     2.6859    11.3600 1.0715e-01     0.1303    96.7948     7.3453     7.4448    31.3892    31.3896    24.8546    24.8559    7.32902 0.0000e+00
      22663     38.478     4.6128     4.6064   3.001999   3.001413     2.2093     2.6160      8.195     2.6961    11.3995 1.0715e-01     0.1303    96.7948     7.3452     7.4410    31.3880    31.3872    24.8534    24.8534    7.32853 0.0000e+00
      22666     38.368     4.6145     4.6088   3.002103   3.001499     2.2097     2.6160      8.195     2.6961    11.3600 1.0715e-01     0.1307    96.7861     7.3463     7.4390    31.3876    31.3860    24.8529    24.8522    7.32824 0.0000e+00
      22669     38.265     4.6160     4.6103   3.002180   3.001583     2.2101     2.6160      8.195     2.6961    11.3600 1.0715e-01     0.1296    96.8122     7.3483     7.4386    31.3871    31.3857    24.8523    24.8518    7.32799 0.0000e+00
      22672     38.168     4.6163     4.6114   3.002197   3.001658     2.2097     2.6160      8.193     2.7063    11.3600 1.0715e-01     0.1296    96.8122     7.3469     7.4385    31.3871    31.3855    24.8523    24.8515    7.32793 0.0000e+00
      22675     38.071     4.6165     4.6118   3.002197   3.001595     2.2101     2.6164      8.193     2.6961    53.9579 1.0715e-01     0.1296    96.8122     7.3483     7.4388    31.3869    31.3845    24.8521    24.8507    7.32791 0.0000e+00
      22678     37.972     4.6170     4.6130   3.002225   3.001744     2.2105     2.6168      8.195     2.6961   458.7365 1.0715e-01     0.1296    96.8122     7.3479     7.4367    31.3869    31.3851    24.8520    24.8511    7.32783 0.0000e+00
      22681     37.876     4.6173     4.6139   3.002232   3.001776     2.2097     2.6164      8.193     2.7063   481.5159 1.0715e-01     0.1299    96.8035     7.3445     7.4358    31.3867    31.3847    24.8518    24.8506    7.32778 0.0000e+00
      22684     37.784     4.6160     4.6145   3.002130   3.001794     2.2093     2.6156      8.195     2.7165   481.1605 1.0715e-01     0.1292    96.8209     7.3408     7.4327    31.3868    31.3843    24.8521    24.8503    7.32801 0.0000e+00
      22687     37.698     4.6162     4.6149   3.002183   3.001846     2.2093     2.6168      8.193     2.7165   481.2395 1.0715e-01     0.1317    96.7601     7.3387     7.4386    31.3873    31.3846    24.8524    24.8504    7.32795 0.0000e+00
      22690     37.610     4.6177     4.6155   3.002261   3.001887     2.2093     2.6164      8.195     2.7368   481.2395 1.0715e-01     0.1339    96.7079     7.3373     7.4366    31.3868    31.3845    24.8519    24.8504    7.32771 0.0000e+00
      22693     37.525     4.6185     4.6159   3.002344   3.001899     2.2097     2.6164      8.195     2.7267   481.2790 1.0715e-01     0.1335    96.7166     7.3390     7.4353    31.3871    31.3844    24.8520    24.8502    7.32756 0.0000e+00
      22696     37.442     4.6196     4.6156   3.002392   3.001890     2.2093     2.6160      8.195     2.7267   481.2395 1.0715e-01     0.1335    96.7166     7.3371     7.4335    31.3866    31.3846    24.8516    24.8504    7.32738 0.0000e+00
      22699     37.362     4.6197     4.6159   3.002396   3.001901     2.2101     2.6160      8.192     2.7165   481.2395 1.0715e-01     0.1342    96.6992     7.3413     7.4321    31.3865    31.3845    24.8515    24.8502    7.32735 0.0000e+00
      22702     37.285     4.6200     4.6160   3.002392   3.001886     2.2097     2.6160      8.193     2.7368   481.2790 1.0715e-01     0.1335    96.7166     7.3415     7.4324    31.3863    31.3842    24.8513    24.8501    7.32732 0.0000e+00
      22705     37.205     4.6206     4.6159   3.002415   3.001885     2.2097     2.6168      8.193     2.7165   481.3184 1.0715e-01     0.1335    96.7166     7.3429     7.4352    31.3860    31.3843    24.8510    24.8501    7.32722 0.0000e+00
      22708     37.127     4.6210     4.6161   3.002438   3.001899     2.2089     2.6160      8.193     2.7673   481.3184 1.0715e-01     0.1314    96.7687     7.3384     7.4300    31.3859    31.3844    24.8509    24.8502    7.32715 0.0000e+00
      22711     37.051     4.6207     4.6166   3.002406   3.001926     2.2093     2.6172      8.195     2.8080   481.2790 1.0715e-01     0.1296    96.8122     7.3388     7.4334    31.3859    31.3843    24.8509    24.8500    7.32722 0.0000e+00
      22714     36.975     4.6204     4.6166   3.002381   3.001933     2.2097     2.6160      8.195     2.8080   481.2790 1.0715e-01     0.1303    96.7948     7.3407     7.4301    31.3859    31.3843    24.8509    24.8501    7.32726 0.0000e+00
      22717     36.899     4.6199     4.6167   3.002318   3.001930     2.2093     2.6160      8.193     2.8182   481.2790 1.0715e-01     0.1303    96.7948     7.3399     7.4303    31.3856    31.3843    24.8508    24.8500    7.32736 0.0000e+00
      22720     36.821     4.6189     4.6167   3.002291   3.001901     2.2093     2.6164      8.195     2.8182   481.3184 1.0715e-01     0.1296    96.8122     7.3414     7.4316    31.3864    31.3839    24.8515    24.8497    7.32751 0.0000e+00
      22723     36.741     4.6185     4.6166   3.002265   3.001904     2.2097     2.6160      8.195     2.8080   481.2790 1.0715e-01     0.1292    96.8209     7.3467     7.4298    31.3865    31.3841    24.8516    24.8499    7.32758 0.0000e+00
      22726     36.662     4.6190     4.6170   3.002286   3.001917     2.2097     2.6160      8.195     2.8386   481.2790 1.0715e-01     0.1303    96.7948     7.3494     7.4287    31.3863    31.3839    24.8514    24.8497    7.32750 0.0000e+00
      22729     36.581     4.6188     4.6168   3.002297   3.001889     2.2093     2.6156      8.195     2.8386   205.1231 1.0715e-01     0.1342    96.6992     7.3497     7.4271    31.3866    31.3838    24.8517    24.8496    7.32751 0.0000e+00
      22732     36.498     4.6194     4.6175   3.002320   3.001943     2.2089     2.6156      8.195     2.8182    -0.8390 1.0715e-01     0.1346    96.6905     7.3478     7.4271    31.3864    31.3839    24.8514    24.8496    7.32742 0.0000e+00
      22735     36.414     4.6208     4.6176   3.002443   3.001931     2.2093     2.6160      8.193     2.9098     5.1617 1.0715e-01     0.1346    96.6905     7.3504     7.4331    31.3866    31.3837    24.8514    24.8494    7.32717 0.0000e+00
      22738     36.328     4.6210     4.6172   3.002377   3.001879     2.2101     2.6160      8.192     2.9403     4.8854 1.0715e-01     0.1346    96.6905     7.3537     7.4385    31.3856    31.3835    24.8506    24.8494    7.32717 0.0000e+00
      22741     36.244     4.6203     4.6157   3.002304   3.001788     2.2097     2.6160      8.192     2.9403     4.8854 1.0715e-01     0.1342    96.6992     7.3547     7.4405    31.3854    31.3839    24.8506    24.8498    7.32730 0.0000e+00
      22744     36.158     4.6178     4.6143   3.002168   3.001698     2.2105     2.6160      8.193     2.9301     4.8854 1.0715e-01     0.1346    96.6905     7.3570     7.4423    31.3863    31.3842    24.8515    24.8502    7.32770 0.0000e+00
      22747     36.070     4.6174     4.6135   3.002160   3.001658     2.2109     2.6160      8.193     2.9403     4.8854 1.0715e-01     0.1342    96.6992     7.3592     7.4442    31.3867    31.3846    24.8518    24.8506    7.32776 0.0000e+00
      22750     35.981     4.6167     4.6136   3.002088   3.001656     2.2105     2.6156      8.193     2.9403     4.8854 1.0715e-01     0.1314    96.7688     7.3576     7.4433    31.3865    31.3845    24.8518    24.8505    7.32790 0.0000e+00
      22753     35.892     4.6157     4.6129   3.002024   3.001592     2.2101     2.6156      8.193     2.9403     4.8854 1.0715e-01     0.1314    96.7688     7.3549     7.4440    31.3868    31.3845    24.8521    24.8506    7.32807 0.0000e+00
      22756     35.802     4.6162     4.6111   3.002139   3.001467     2.2105     2.6164      8.195     2.9403     0.5427 1.0715e-01     0.1318    96.7601     7.3548     7.4462    31.3877    31.3848    24.8528    24.8510    7.32793 0.0000e+00
      22759     35.712     4.6198     4.6097   3.002348   3.001423     2.2109     2.6184      8.195     2.9607    -0.1284 1.0715e-01     0.1314    96.7688     7.3529     7.4534    31.3867    31.3857    24.8517    24.8518    7.32734 0.0000e+00
      22762     35.623     4.6222     4.6081   3.002430   3.001290     2.2105     2.6180      8.193     3.0828    -0.0889 1.0715e-01     0.1314    96.7688     7.3487     7.4516    31.3855    31.3857    24.8504    24.8520    7.32697 0.0000e+00
      22765     35.535     4.6207     4.6062   3.002286   3.001218     2.2113     2.6168      8.195     3.0930    -0.0889 1.0715e-01     0.1314    96.7688     7.3520     7.4485    31.3852    31.3867    24.8504    24.8530    7.32724 0.0000e+00
      22768     35.448     4.6173     4.6057   3.002048   3.001173     2.2105     2.6176      8.195     3.0828    -0.0889 1.0715e-01     0.1343    96.6992     7.3460     7.4510    31.3857    31.3866    24.8511    24.8530    7.32782 0.0000e+00
      22771     35.360     4.6152     4.6049   3.002008   3.001134     2.2109     2.6172      8.195     3.1031    -0.0889 1.0715e-01     0.1379    96.6123     7.3492     7.4476    31.3874    31.3870    24.8526    24.8534    7.32813 0.0000e+00
      22774     35.272     4.6177     4.6067   3.002315   3.001261     2.2105     2.6172      8.195     3.0930    -0.0889 1.0715e-01     0.1379    96.6123     7.3477     7.4456    31.3885    31.3868    24.8533    24.8530    7.32762 0.0000e+00
      22777     35.186     4.6270     4.6060   3.002863   3.001123     2.2109     2.6176      8.195     3.0930    -0.0889 1.0715e-01     0.1379    96.6123     7.3474     7.4442    31.3861    31.3860    24.8504    24.8524    7.32607 0.0000e+00
      22780     35.102     4.6308     4.6039   3.002914   3.000986     2.2105     2.6172      8.195     3.0930    73.6974 1.0715e-01     0.1379    96.6123     7.3445     7.4409    31.3831    31.3864    24.8477    24.8530    7.32553 0.0000e+00
      22783     35.016     4.6288     4.6023   3.002834   3.000937     2.2113     2.6176      8.193     3.1031   472.2383 1.0715e-01     0.1379    96.6123     7.3478     7.4430    31.3841    31.3874    24.8486    24.8540    7.32584 0.0000e+00
      22786     34.931     4.6341     4.6049   3.003099   3.001314     2.2105     2.6176      8.195     3.0014   481.4369 1.0715e-01     0.1379    96.6123     7.3446     7.4449    31.3823    31.3893    24.8466    24.8552    7.32499 0.0000e+00
      22789     34.850     4.6335     4.6229   3.003190   3.002904     2.2109     2.6184      8.195     2.8488   481.1605 1.0715e-01     0.1332    96.7253     7.3493     7.4454    31.3839    31.3907    24.8480    24.8544    7.32501 0.0000e+00
      22792     34.769     4.6438     4.6425   3.003940   3.003656     2.2105     2.6176      8.195     2.8691   481.2395 1.0715e-01     0.1314    96.7688     7.3467     7.4384    31.3828    31.3808    24.8461    24.8446    7.32322 0.0000e+00
      22795     34.690     4.6509     4.6512   3.004388   3.004075     2.2113     2.6176      8.195     2.8589   481.2395 1.0715e-01     0.1314    96.7688     7.3470     7.4374    31.3813    31.3774    24.8442    24.8410    7.32203 0.0000e+00
      22798     34.614     4.6602     4.6565   3.004877   3.004342     2.2109     2.6176      8.195     2.8386   481.2395 1.0715e-01     0.1314    96.7688     7.3431     7.4359    31.3782    31.3755    24.8407    24.8389    7.32051 0.0000e+00
      22801     34.538     4.6642     4.6617   3.005103   3.004726     2.2109     2.6180      8.193     2.8386   481.3184 1.0715e-01     0.1314    96.7688     7.3421     7.4354    31.3770    31.3751    24.8394    24.8381    7.31985 0.0000e+00
      22804     34.462     4.6690     4.6680   3.005323   3.005100     2.2113     2.6184      8.195     2.8386   481.3184 1.0715e-01     0.1307    96.7861     7.3446     7.4351    31.3750    31.3734    24.8373    24.8361    7.31908 0.0000e+00
      22807     34.392     4.6697     4.6723   3.004831   3.005244     2.2109     2.6184      8.195     2.8386   481.3579 1.0715e-01     0.1318    96.7601     7.3431     7.4331    31.3687    31.3710    24.8322    24.8338    7.31927 0.0000e+00
      22810     34.323     4.6697     4.6716   3.005195   3.005149     2.2117     2.6184      8.195     2.8488   481.2790 1.0715e-01     0.1353    96.6732     7.3469     7.4321    31.3730    31.3707    24.8356    24.8336    7.31906 0.0000e+00
      22813     34.255     4.6724     4.6723   3.005450   3.005252     2.2125     2.6184      8.193     2.9810   481.3184 1.0715e-01     0.1350    96.6818     7.3493     7.4319    31.3734    31.3713    24.8357    24.8340    7.31856 0.0000e+00
      22816     34.187     4.6729     4.6730   3.005438   3.005235     2.2113     2.6184      8.193     3.0420   481.2790 1.0715e-01     0.1350    96.6818     7.3436     7.4322    31.3728    31.3704    24.8352    24.8332    7.31850 0.0000e+00
      22819     34.115     4.6707     4.6737   3.005461   3.005347     2.2105     2.6184      8.195     3.0319   481.2790 1.0715e-01     0.1357    96.6645     7.3393     7.4297    31.3752    31.3711    24.8372    24.8337    7.31877 0.0000e+00
      22822     34.042     4.6775     4.6752   3.005880   3.005403     2.2113     2.6184      8.195     3.0319   481.3184 1.0715e-01     0.1346    96.6905     7.3438     7.4283    31.3737    31.3703    24.8354    24.8329    7.31764 0.0000e+00
