Datasets/AZMP/HUD120/hud120_2020_020.cnv
* Sea-Bird SBE 9 Data File:
* FileName = C:\CTDDATA\hud120_2020_020.hex
* Software Version Seasave V 7.26.7.110
* Temperature SN = 1697
* Conductivity SN = 4216
* Number of Bytes Per Scan = 30
* Number of Voltage Words = 4
* Number of Scans Averaged by the Deck Unit = 1
* NMEA baud rate = 4800
** VESSEL/TRIP/SEQ STN:  hud120_2020_020
** LATITUDE XX XX.XX: 45 47.30 N
** LONGITUDE XX XX.XX: 052 16.00 W
** SOUNDING DEPTH (M): 0086
** PROBE TYPE: S1146
** CTD NUMBER: 010
** FORMAT: V
** COMMENTS (14 CHAR): SEGB-06
** BOTTLES:  0
** LEVELS:
** STICKERS:
** VNET: N
** DO2: N
# nquan = 22
# nvalues = 1231                        
# units = specified
# name 0 = scan: Scan Count
# name 1 = prDM: Pressure, Digiquartz [db]
# name 2 = t090C: Temperature [ITS-90, deg C]
# name 3 = t190C: Temperature, 2 [ITS-90, deg C]
# name 4 = c0S/m: Conductivity [S/m]
# name 5 = c1S/m: Conductivity, 2 [S/m]
# name 6 = sbeox0V: Oxygen raw, SBE 43 [V]
# name 7 = sbeox1V: Oxygen raw, SBE 43, 2 [V]
# name 8 = ph: pH
# name 9 = flECO-AFL: Fluorescence, WET Labs ECO-AFL/FL [mg/m^3]
# name 10 = wetCDOM: Fluorescence, WET Labs CDOM [mg/m^3]
# name 11 = par/sat/log: PAR/Logarithmic, Satlantic [umol photons/m^2/sec]
# name 12 = CStarAt0: Beam Attenuation, WET Labs C-Star [1/m]
# name 13 = CStarTr0: Beam Transmission, WET Labs C-Star [%]
# name 14 = sbeox0ML/L: Oxygen, SBE 43 [ml/l], WS = 2
# name 15 = sbeox1ML/L: Oxygen, SBE 43, 2 [ml/l], WS = 2
# name 16 = sal00: Salinity, Practical [PSU]
# name 17 = sal11: Salinity, Practical, 2 [PSU]
# name 18 = sigma-t00: Density [sigma-t, kg/m^3 ]
# name 19 = sigma-t11: Density, 2 [sigma-t, kg/m^3 ]
# name 20 = oxsatML/L: Oxygen Saturation, Weiss [ml/l]
# name 21 = flag: flag
# span 0 =          2,       5587       
# span 1 =      3.135,     76.851       
# span 2 =     1.6419,    10.7109       
# span 3 =     1.6373,    10.7050       
# span 4 =   2.864029,   3.591160       
# span 5 =   2.863580,   3.590687       
# span 6 =     1.8660,     2.1945       
# span 7 =     2.2006,     2.6057       
# span 8 =      7.874,      8.114       
# span 9 =     1.4649,     5.7893       
# span 10 =    -2.8130,   482.1870      
# span 11 = 1.0703e-01, 6.1895e-01      
# span 12 =     0.1573,     0.2614      
# span 13 =    93.6743,    96.1429      
# span 14 =     5.6754,     7.6444      
# span 15 =     5.2284,     8.0044      
# span 16 =    31.9933,    32.8983      
# span 17 =    32.0196,    33.0031      
# span 18 =    24.5906,    26.1886      
# span 19 =    24.5945,    26.3073      
# span 20 =    6.33436,    7.82932      
# span 21 = 0.0000e+00, 0.0000e+00      
# interval = scans: 3                   
# start_time = Nov 17 2020 23:56:19 [System UTC, header]
# bad_flag = -9.990e-29
*END*
[from data line 527]
       2467     64.877     1.6533     1.6476   2.868467   2.867705     1.8839     2.2242      7.914     1.6786   481.2790 1.0715e-01     0.2529    93.8742     6.4138     6.5157    32.7023    32.6987    26.1558    26.1532    7.82542 0.0000e+00
       2470     64.927     1.6548     1.6475   2.868544   2.867685     1.8839     2.2242      7.916     1.6786   481.3579 1.0715e-01     0.2529    93.8742     6.4156     6.5160    32.7018    32.6985    26.1553    26.1531    7.82516 0.0000e+00
       2473     64.968     1.6550     1.6464   2.868630   2.867623     1.8851     2.2246      7.917     1.7193   481.3579 1.0715e-01     0.2510    93.9177     6.4238     6.5163    32.7026    32.6989    26.1559    26.1535    7.82507 0.0000e+00
       2476     65.008     1.6545     1.6463   2.868742   2.867592     1.8843     2.2233      7.916     1.7193   481.3579 1.0715e-01     0.2506    93.9264     6.4208     6.5120    32.7045    32.6986    26.1575    26.1533    7.82507 0.0000e+00
       2479     65.048     1.6562     1.6464   2.868983   2.867645     1.8827     2.2233      7.914     1.7295   481.3579 1.0715e-01     0.2506    93.9264     6.4144     6.5124    32.7058    32.6991    26.1583    26.1537    7.82466 0.0000e+00
       2482     65.077     1.6602     1.6534   2.869270   2.868313     1.8827     2.2225      7.914     1.7193   481.3579 1.0715e-01     0.2506    93.9264     6.4157     6.5066    32.7052    32.7002    26.1576    26.1541    7.82387 0.0000e+00
       2485     65.103     1.6620     1.6637   2.869444   2.868926     1.8831     2.2233      7.917     1.7193   288.6607 1.0715e-01     0.2506    93.9264     6.4153     6.5082    32.7055    32.6973    26.1577    26.1510    7.82350 0.0000e+00
       2488     65.125     1.6628     1.6604   2.869412   2.868711     1.8835     2.2225      7.914     1.7193     9.6624 1.0715e-01     0.2506    93.9264     6.4173     6.5059    32.7042    32.6979    26.1566    26.1518    7.82340 0.0000e+00
       2501     65.212     1.6540     1.6494   2.868625   2.868080     1.8823     2.2213      7.914     1.6786    21.1508 1.0715e-01     0.2517    93.9003     6.4124     6.5031    32.7034    32.7014    26.1566    26.1553    7.82522 0.0000e+00
       2505     65.244     1.6541     1.6475   2.868600   2.867909     1.8819     2.2197      7.914     1.6786    21.1902 1.0715e-01     0.2517    93.9003     6.4118     6.4978    32.7030    32.7012    26.1563    26.1552    7.82523 0.0000e+00
       2508     65.270     1.6535     1.6475   2.868535   2.867874     1.8811     2.2197      7.914     1.6888    21.1113 1.0715e-01     0.2517    93.9003     6.4082     6.4984    32.7028    32.7008    26.1561    26.1549    7.82536 0.0000e+00
       2511     65.299     1.6539     1.6478   2.868601   2.867916     1.8815     2.2201      7.914     1.6888   185.6599 1.0715e-01     0.2506    93.9264     6.4096     6.5022    32.7032    32.7010    26.1565    26.1550    7.82526 0.0000e+00
       2514     65.332     1.6546     1.6473   2.868651   2.867870     1.8815     2.2197      7.914     1.6888   482.1870 1.0715e-01     0.2462    94.0307     6.4105     6.5004    32.7031    32.7008    26.1563    26.1550    7.82512 0.0000e+00
       2517     65.370     1.6547     1.6476   2.868691   2.867907     1.8815     2.2197      7.914     1.6786   481.2000 1.0715e-01     0.2462    94.0307     6.4106     6.4983    32.7035    32.7010    26.1566    26.1551    7.82509 0.0000e+00
       2520     65.411     1.6556     1.6483   2.868789   2.867973     1.8807     2.2189      7.914     1.6786   481.3579 1.0715e-01     0.2462    94.0307     6.4088     6.4934    32.7037    32.7011    26.1568    26.1551    7.82489 0.0000e+00
       2523     65.455     1.6563     1.6495   2.868883   2.868077     1.8807     2.2189      7.914     1.6786   481.3579 1.0715e-01     0.2462    94.0307     6.4131     6.4926    32.7042    32.7011    26.1571    26.1551    7.82473 0.0000e+00
       2526     65.507     1.6575     1.6502   2.868927   2.868140     1.8815     2.2185      7.914     1.6684   481.3579 1.0715e-01     0.2462    94.0307     6.4170     6.4925    32.7035    32.7012    26.1564    26.1551    7.82452 0.0000e+00
       2529     65.563     1.6557     1.6506   2.868755   2.868161     1.8815     2.2185      7.914     1.6684   481.3579 1.0715e-01     0.2462    94.0307     6.4185     6.4919    32.7031    32.7009    26.1563    26.1548    7.82490 0.0000e+00
       2532     65.625     1.6540     1.6504   2.868618   2.868138     1.8815     2.2185      7.914     1.6583   481.3579 1.0715e-01     0.2503    93.9351     6.4165     6.4886    32.7031    32.7009    26.1564    26.1548    7.82524 0.0000e+00
       2535     65.697     1.6534     1.6488   2.868624   2.868046     1.8807     2.2181      7.914     1.6684   481.3579 1.0715e-01     0.2533    93.8655     6.4113     6.4858    32.7038    32.7013    26.1569    26.1552    7.82532 0.0000e+00
       2538     65.768     1.6532     1.6482   2.868592   2.868009     1.8803     2.2164      7.914     1.6684   188.3050 1.0715e-01     0.2540    93.8482     6.4127     6.4801    32.7036    32.7014    26.1568    26.1554    7.82538 0.0000e+00
       2541     65.848     1.6525     1.6483   2.868574   2.868030     1.8794     2.2168      7.914     1.6684    11.2810 1.0715e-01     0.2536    93.8569     6.4108     6.4829    32.7041    32.7016    26.1572    26.1555    7.82550 0.0000e+00
       2544     65.932     1.6526     1.6481   2.868627   2.868042     1.8799     2.2160      7.914     1.6684    18.8610 1.0715e-01     0.2536    93.8569     6.4113     6.4809    32.7045    32.7018    26.1576    26.1558    7.82545 0.0000e+00
       2547     66.023     1.6544     1.6477   2.868775   2.867997     1.8803     2.2160      7.914     1.6684    18.5057 1.0715e-01     0.2529    93.8742     6.4125     6.4798    32.7045    32.7016    26.1574    26.1556    7.82509 0.0000e+00
       2550     66.123     1.6553     1.6483   2.868817   2.868055     1.8803     2.2160      7.914     1.6379    18.5057 1.0715e-01     0.2533    93.8655     6.4117     6.4787    32.7040    32.7017    26.1570    26.1557    7.82494 0.0000e+00
       2553     66.228     1.6546     1.6494   2.868770   2.868197     1.8794     2.2152      7.914     1.6379    18.5057 1.0715e-01     0.2502    93.9351     6.4096     6.4774    32.7041    32.7023    26.1571    26.1560    7.82507 0.0000e+00
       2556     66.339     1.6537     1.6490   2.868746   2.868146     1.8790     2.2148      7.914     1.6278    18.5057 1.0715e-01     0.2495    93.9525     6.4069     6.4785    32.7047    32.7020    26.1577    26.1559    7.82522 0.0000e+00
       2559     66.459     1.6538     1.6486   2.868765   2.868166     1.8799     2.2148      7.914     1.6379    18.5057 1.0715e-01     0.2495    93.9525     6.4097     6.4801    32.7047    32.7026    26.1576    26.1564    7.82520 0.0000e+00
       2562     66.583     1.6538     1.6487   2.868793   2.868172     1.8807     2.2148      7.914     1.6278    24.8618 1.0715e-01     0.2491    93.9612     6.4109     6.4823    32.7051    32.7025    26.1579    26.1562    7.82519 0.0000e+00
       2565     66.712     1.6537     1.6492   2.868826   2.868246     1.8794     2.2148      7.914     1.6379   428.4560 1.0727e-01     0.2495    93.9525     6.4039     6.4820    32.7055    32.7029    26.1583    26.1565    7.82518 0.0000e+00
       2568     66.846     1.6546     1.6493   2.868931   2.868264     1.8790     2.2140      7.914     1.6278   481.2395 1.0715e-01     0.2495    93.9525     6.3992     6.4807    32.7058    32.7028    26.1584    26.1565    7.82498 0.0000e+00
       2571     66.990     1.6550     1.6503   2.868905   2.868348     1.8794     2.2128      7.914     1.6176   481.1605 1.0715e-01     0.2491    93.9612     6.4009     6.4770    32.7050    32.7029    26.1578    26.1564    7.82495 0.0000e+00
       2574     67.138     1.6548     1.6499   2.868915   2.868303     1.8790     2.2132      7.914     1.6278   481.3579 1.0715e-01     0.2455    94.0481     6.3974     6.4810    32.7052    32.7026    26.1580    26.1562    7.82497 0.0000e+00
       2577     67.290     1.6548     1.6501   2.868929   2.868388     1.8786     2.2136      7.914     1.6481   481.3579 1.0715e-01     0.2451    94.0568     6.3951     6.4844    32.7052    32.7034    26.1580    26.1568    7.82497 0.0000e+00
       2580     67.448     1.6544     1.6502   2.868876   2.868367     1.8778     2.2128      7.914     1.6481   481.3579 1.0715e-01     0.2451    94.0568     6.3903     6.4805    32.7049    32.7029    26.1578    26.1565    7.82506 0.0000e+00
       2583     67.612     1.6543     1.6494   2.868890   2.868335     1.8774     2.2124      7.914     1.6786   481.3579 1.0715e-01     0.2451    94.0568     6.3862     6.4777    32.7052    32.7033    26.1580    26.1568    7.82508 0.0000e+00
       2586     67.783     1.6535     1.6494   2.868873   2.868321     1.8774     2.2124      7.914     1.6583   481.3579 1.0715e-01     0.2451    94.0568     6.3883     6.4785    32.7057    32.7030    26.1585    26.1566    7.82521 0.0000e+00
       2589     67.956     1.6533     1.6487   2.868856   2.868271     1.8778     2.2124      7.909     1.6583   395.8463 1.0715e-01     0.2451    94.0568     6.3936     6.4832    32.7056    32.7030    26.1584    26.1567    7.82526 0.0000e+00
       2592     68.137     1.6538     1.6485   2.868946   2.868307     1.8778     2.2120      7.914     1.6583    10.5309 1.0715e-01     0.2480    93.9872     6.3950     6.4846    32.7061    32.7035    26.1588    26.1571    7.82513 0.0000e+00
       2595     68.320     1.6540     1.6488   2.868950   2.868329     1.8774     2.2124      7.914     1.6583    14.9920 1.0715e-01     0.2529    93.8742     6.3966     6.4881    32.7058    32.7034    26.1585    26.1569    7.82510 0.0000e+00
       2598     68.507     1.6541     1.6488   2.868975   2.868341     1.8770     2.2120      7.912     1.6481    14.7552 1.0715e-01     0.2529    93.8742     6.3973     6.4839    32.7060    32.7035    26.1586    26.1570    7.82508 0.0000e+00
       2601     68.692     1.6541     1.6489   2.868950   2.868346     1.8766     2.2115      7.912     1.6277    14.7552 1.0715e-01     0.2529    93.8742     6.3975     6.4824    32.7055    32.7033    26.1583    26.1569    7.82509 0.0000e+00
       2604     68.882     1.6538     1.6491   2.868993   2.868366     1.8774     2.2107      7.914     1.5667    14.7552 1.0715e-01     0.2529    93.8742     6.4015     6.4807    32.7062    32.7033    26.1589    26.1568    7.82511 0.0000e+00
       2607     69.074     1.6539     1.6490   2.868975   2.868344     1.8762     2.2103      7.912     1.5667    14.7157 1.0715e-01     0.2529    93.8742     6.3962     6.4815    32.7058    32.7029    26.1585    26.1566    7.82512 0.0000e+00
       2610     69.266     1.6538     1.6489   2.868954   2.868354     1.8766     2.2111      7.909     1.5768    14.7552 1.0715e-01     0.2529    93.8742     6.3964     6.4863    32.7055    32.7031    26.1583    26.1567    7.82515 0.0000e+00
       2613     69.458     1.6539     1.6488   2.868971   2.868429     1.8766     2.2120      7.911     1.5667    14.7157 1.0715e-01     0.2547    93.8308     6.3963     6.4909    32.7056    32.7040    26.1583    26.1574    7.82513 0.0000e+00
       2616     69.652     1.6540     1.6490   2.868995   2.868395     1.8766     2.2111      7.911     1.5667     7.8069 1.0715e-01     0.2558    93.8047     6.3975     6.4906    32.7056    32.7033    26.1584    26.1568    7.82510 0.0000e+00
       2619     69.843     1.6543     1.6490   2.869035   2.868412     1.8762     2.2107      7.912     1.5667    -0.7206 1.0715e-01     0.2555    93.8134     6.3966     6.4895    32.7057    32.7034    26.1584    26.1569    7.82505 0.0000e+00
       2622     70.037     1.6545     1.6491   2.869018   2.868440     1.8762     2.2099      7.909     1.5667    -0.3258 1.0715e-01     0.2558    93.8047     6.3949     6.4886    32.7052    32.7035    26.1580    26.1570    7.82503 0.0000e+00
       2625     70.227     1.6547     1.6499   2.869094   2.868518     1.8758     2.2099      7.909     1.5667    -0.3258 1.0715e-01     0.2551    93.8221     6.3945     6.4899    32.7059    32.7036    26.1585    26.1570    7.82496 0.0000e+00
       2628     70.412     1.6555     1.6508   2.869151   2.868617     1.8758     2.2103      7.909     1.5972    -0.3258 1.0715e-01     0.2555    93.8134     6.3959     6.4918    32.7056    32.7038    26.1583    26.1572    7.82480 0.0000e+00
       2631     70.594     1.6560     1.6508   2.869172   2.868618     1.8758     2.2111      7.909     1.6278    -0.3258 1.0715e-01     0.2562    93.7960     6.3977     6.4935    32.7052    32.7037    26.1579    26.1571    7.82472 0.0000e+00
       2634     70.773     1.6561     1.6508   2.869210   2.868615     1.8754     2.2103      7.909     1.6379    -0.3258 1.0715e-01     0.2551    93.8221     6.3965     6.4869    32.7055    32.7035    26.1582    26.1569    7.82469 0.0000e+00
       2637     70.942     1.6564     1.6509   2.869239   2.868622     1.8754     2.2107      7.909     1.6278    -0.3258 1.0715e-01     0.2551    93.8221     6.3977     6.4879    32.7055    32.7034    26.1582    26.1568    7.82464 0.0000e+00
       2640     71.109     1.6562     1.6509   2.869180   2.868595     1.8754     2.2103      7.909     1.6278    -0.3258 1.0715e-01     0.2547    93.8308     6.4008     6.4879    32.7049    32.7031    26.1577    26.1565    7.82471 0.0000e+00
       2643     71.269     1.6557     1.6506   2.869168   2.868607     1.8746     2.2099      7.909     1.6278     1.4507 1.0715e-01     0.2551    93.8221     6.3983     6.4893    32.7052    32.7034    26.1579    26.1568    7.82480 0.0000e+00
       2646     71.418     1.6563     1.6507   2.869225   2.868625     1.8750     2.2099      7.909     1.6278     2.0824 1.0715e-01     0.2544    93.8395     6.3995     6.4885    32.7051    32.7034    26.1578    26.1568    7.82467 0.0000e+00
       2649     71.556     1.6563     1.6505   2.869206   2.868594     1.8754     2.2099      7.909     1.6176     2.0429 1.0715e-01     0.2547    93.8308     6.4006     6.4864    32.7049    32.7032    26.1576    26.1567    7.82469 0.0000e+00
       2652     71.686     1.6560     1.6500   2.869169   2.868566     1.8754     2.2099      7.909     1.6379     2.0429 1.0715e-01     0.2547    93.8308     6.4024     6.4858    32.7047    32.7033    26.1575    26.1568    7.82476 0.0000e+00
       2655     71.804     1.6554     1.6498   2.869181   2.868533     1.8750     2.2095      7.909     1.6684     2.0429 1.0715e-01     0.2551    93.8221     6.4034     6.4845    32.7053    32.7030    26.1580    26.1565    7.82484 0.0000e+00
       2658     71.912     1.6553     1.6501   2.869147   2.868585     1.8754     2.2087      7.909     1.6481     2.0429 1.0715e-01     0.2547    93.8308     6.4078     6.4829    32.7050    32.7033    26.1578    26.1567    7.82489 0.0000e+00
       2661     72.008     1.6555     1.6507   2.869152   2.868615     1.8750     2.2087      7.909     1.6684     2.0429 1.0715e-01     0.2551    93.8221     6.4047     6.4828    32.7048    32.7030    26.1576    26.1565    7.82486 0.0000e+00
       2664     72.094     1.6562     1.6514   2.869236   2.868691     1.8754     2.2095      7.909     1.6786     2.0429 1.0715e-01     0.2551    93.8221     6.4060     6.4879    32.7051    32.7032    26.1578    26.1566    7.82470 0.0000e+00
       2667     72.169     1.6565     1.6516   2.869289   2.868686     1.8742     2.2099      7.909     1.6583     2.5167 1.0715e-01     0.2547    93.8308     6.4024     6.4902    32.7053    32.7028    26.1580    26.1563    7.82462 0.0000e+00
       2670     72.232     1.6582     1.6514   2.869387   2.868660     1.8742     2.2087      7.909     1.6481     8.9913 1.0715e-01     0.2551    93.8221     6.3999     6.4865    32.7047    32.7027    26.1574    26.1562    7.82430 0.0000e+00
