Datasets/AZMP/HUD120/hud120_2020_079.cnv
* Sea-Bird SBE 9 Data File:
* FileName = C:\CTDDATA\hud120_2020_079.hex
* Software Version Seasave V 7.26.7.110
* Temperature SN = 1697
* Conductivity SN = 4216
* Number of Bytes Per Scan = 30
* Number of Voltage Words = 4
* Number of Scans Averaged by the Deck Unit = 1
* NMEA baud rate = 4800
** VESSEL/TRIP/SEQ STN:  hud120_2020_079
** LATITUDE XX XX.XX: 47 00.00 N
** LONGITUDE XX XX.XX: 052 19.30 W
** SOUNDING DEPTH (M): 0126
** PROBE TYPE: S1146
** CTD NUMBER: 058
** FORMAT: V
** COMMENTS (14 CHAR): FC-04
** BOTTLES:  9
** LEVELS: 5,10,20,30,40,50,75,100,BTM
** STICKERS: 439902 - 439910
** VNET: Y
** DO2: N
# nquan = 22
# nvalues = 2913                        
# units = specified
# name 0 = scan: Scan Count
# name 1 = prDM: Pressure, Digiquartz [db]
# name 2 = t090C: Temperature [ITS-90, deg C]
# name 3 = t190C: Temperature, 2 [ITS-90, deg C]
# name 4 = c0S/m: Conductivity [S/m]
# name 5 = c1S/m: Conductivity, 2 [S/m]
# name 6 = sbeox0V: Oxygen raw, SBE 43 [V]
# name 7 = sbeox1V: Oxygen raw, SBE 43, 2 [V]
# name 8 = ph: pH
# name 9 = flECO-AFL: Fluorescence, WET Labs ECO-AFL/FL [mg/m^3]
# name 10 = wetCDOM: Fluorescence, WET Labs CDOM [mg/m^3]
# name 11 = par/sat/log: PAR/Logarithmic, Satlantic [umol photons/m^2/sec]
# name 12 = CStarAt0: Beam Attenuation, WET Labs C-Star [1/m]
# name 13 = CStarTr0: Beam Transmission, WET Labs C-Star [%]
# name 14 = sbeox0ML/L: Oxygen, SBE 43 [ml/l], WS = 2
# name 15 = sbeox1ML/L: Oxygen, SBE 43, 2 [ml/l], WS = 2
# name 16 = sal00: Salinity, Practical [PSU]
# name 17 = sal11: Salinity, Practical, 2 [PSU]
# name 18 = sigma-t00: Density [sigma-t, kg/m^3 ]
# name 19 = sigma-t11: Density, 2 [sigma-t, kg/m^3 ]
# name 20 = oxsatML/L: Oxygen Saturation, Weiss [ml/l]
# name 21 = flag: flag
# span 0 =        161,      26897       
# span 1 =      2.379,    120.050       
# span 2 =    -0.8531,     4.4694       
# span 3 =    -0.8589,     4.4643       
# span 4 =   2.680769,   3.023868       
# span 5 =   2.680123,   3.023370       
# span 6 =     1.9044,     2.2129       
# span 7 =     2.2605,     2.6377       
# span 8 =      7.987,      8.162       
# span 9 =     0.9867,     3.8256       
# span 10 =    -2.8130,   482.1870      
# span 11 = 1.0459e-01, 2.8597e-01      
# span 12 =     0.0800,     0.1515      
# span 13 =    96.2820,    98.0205      
# span 14 =     6.9543,     7.8999      
# span 15 =     7.0289,     8.0979      
# span 16 =    31.7688,    33.2043      
# span 17 =    31.7684,    33.2041      
# span 18 =    25.1868,    26.6777      
# span 19 =    25.1858,    26.6778      
# span 20 =    7.33454,    8.34970      
# span 21 = 0.0000e+00, 0.0000e+00      
# interval = scans: 3                   
# start_time = Nov 26 2020 23:47:21 [System UTC, header]
# bad_flag = -9.990e-29
*END*
[from data line 132]
        643     13.405     4.4357     4.4274   3.020843   3.020202     2.2064     2.5653      8.156     3.1438   481.3579 1.0715e-01     0.1382    96.6036     7.3213     7.2605    31.7882    31.7888    25.1890    25.1902    7.34094 0.0000e+00
        646     13.510     4.4296     4.4216   3.020265   3.019715     2.2064     2.5661      8.156     3.1540   414.5594 1.0715e-01     0.1379    96.6123     7.3211     7.2645    31.7873    31.7886    25.1888    25.1907    7.34208 0.0000e+00
        649     13.610     4.4268     4.4250   3.020321   3.020123     2.2055     2.5665      8.156     3.1540    11.7942 1.0715e-01     0.1382    96.6036     7.3169     7.2653    31.7906    31.7900    25.1918    25.1915    7.34243 0.0000e+00
        652     13.708     4.4343     4.4336   3.021038   3.020757     2.2055     2.5665      8.158     3.1540     3.7011 1.0715e-01     0.1386    96.5949     7.3144     7.2651    31.7917    31.7890    25.1918    25.1898    7.34103 0.0000e+00
        655     13.801     4.4385     4.4351   3.021344   3.020872     2.2047     2.5665      8.156     3.1641     4.9644 1.0715e-01     0.1382    96.6036     7.3111     7.2662    31.7912    31.7889    25.1910    25.1895    7.34030 0.0000e+00
        658     13.889     4.4403     4.4353   3.021424   3.020884     2.2055     2.5665      8.156     3.1641     4.8854 1.0715e-01     0.1350    96.6818     7.3170     7.2665    31.7903    31.7888    25.1901    25.1895    7.34002 0.0000e+00
        661     13.973     4.4405     4.4343   3.021466   3.020793     2.2051     2.5661      8.158     3.1540     4.8854 1.0715e-01     0.1350    96.6818     7.3162     7.2656    31.7906    31.7887    25.1903    25.1895    7.33997 0.0000e+00
        664     14.058     4.4404     4.4309   3.021442   3.020512     2.2064     2.5669      8.158     3.1641     4.8854 1.0715e-01     0.1353    96.6732     7.3215     7.2707    31.7903    31.7886    25.1901    25.1898    7.33999 0.0000e+00
        667     14.135     4.4404     4.4300   3.021454   3.020454     2.2055     2.5669      8.158     3.2252     4.8854 1.0715e-01     0.1350    96.6818     7.3185     7.2725    31.7904    31.7888    25.1902    25.1900    7.33999 0.0000e+00
        670     14.210     4.4412     4.4310   3.021519   3.020542     2.2051     2.5665      8.156     3.3778     4.8854 1.0715e-01     0.1353    96.6732     7.3187     7.2706    31.7903    31.7888    25.1901    25.1899    7.33984 0.0000e+00
        673     14.282     4.4412     4.4315   3.021525   3.020596     2.2047     2.5669      8.156     3.3677     6.1487 1.0715e-01     0.1350    96.6818     7.3176     7.2732    31.7904    31.7889    25.1901    25.1899    7.33985 0.0000e+00
        676     14.348     4.4401     4.4312   3.021382   3.020562     2.2060     2.5674      8.158     3.3575     8.2806 1.0715e-01     0.1397    96.5689     7.3225     7.2767    31.7897    31.7888    25.1897    25.1899    7.34007 0.0000e+00
        679     14.411     4.4374     4.4304   3.021159   3.020478     2.2064     2.5678      8.158     3.3575     8.2017 1.0740e-01     0.1433    96.4819     7.3243     7.2811    31.7897    31.7886    25.1899    25.1898    7.34056 0.0000e+00
        682     14.476     4.4349     4.4283   3.020989   3.020301     2.2060     2.5678      8.158     3.3778     8.2017 1.0740e-01     0.1433    96.4819     7.3210     7.2833    31.7901    31.7885    25.1905    25.1899    7.34099 0.0000e+00
        685     14.536     4.4327     4.4277   3.020762   3.020288     2.2051     2.5686      8.158     3.3575     8.2017 1.0727e-01     0.1433    96.4819     7.3166     7.2865    31.7896    31.7889    25.1903    25.1903    7.34141 0.0000e+00
        688     14.594     4.4272     4.4266   3.020245   3.020220     2.2060     2.5686      8.158     3.3677     8.2017 1.0740e-01     0.1429    96.4906     7.3234     7.2865    31.7889    31.7891    25.1903    25.1906    7.34244 0.0000e+00
        691     14.650     4.4257     4.4261   3.020262   3.020144     2.2055     2.5690      8.158     3.3677     8.2017 1.0740e-01     0.1433    96.4819     7.3230     7.2905    31.7904    31.7887    25.1917    25.1903    7.34263 0.0000e+00
        694     14.709     4.4287     4.4258   3.020381   3.020105     2.2060     2.5686      8.158     3.4694     8.2017 1.0727e-01     0.1433    96.4819     7.3219     7.2897    31.7889    31.7885    25.1902    25.1902    7.34217 0.0000e+00
        697     14.768     4.4278     4.4261   3.020411   3.020152     2.2051     2.5690      8.158     3.5203     8.2017 1.0752e-01     0.1393    96.5775     7.3170     7.2900    31.7901    31.7888    25.1913    25.1903    7.34228 0.0000e+00
        700     14.828     4.4308     4.4271   3.020571   3.020246     2.2051     2.5698      8.156     3.5203   316.6514 1.0727e-01     0.1379    96.6123     7.3148     7.2922    31.7890    31.7888    25.1901    25.1903    7.34178 0.0000e+00
        703     14.890     4.4300     4.4290   3.020547   3.020409     2.2060     2.5702      8.155     3.5101   481.8712 1.0727e-01     0.1379    96.6123     7.3193     7.2943    31.7895    31.7888    25.1906    25.1901    7.34191 0.0000e+00
        706     14.954     4.4293     4.4288   3.020553   3.020374     2.2051     2.5702      8.156     3.4999   481.0026 1.0715e-01     0.1382    96.6036     7.3171     7.2942    31.7902    31.7886    25.1912    25.1900    7.34200 0.0000e+00
        709     15.020     4.4261     4.4245   3.020241   3.019988     2.2055     2.5702      8.156     3.5101   481.3579 1.0715e-01     0.1379    96.6123     7.3207     7.2949    31.7896    31.7883    25.1910    25.1901    7.34260 0.0000e+00
        712     15.093     4.4263     4.4203   3.020246   3.019746     2.2064     2.5706      8.158     3.5203   481.3184 1.0715e-01     0.1379    96.6123     7.3244     7.2983    31.7895    31.7894    25.1909    25.1915    7.34257 0.0000e+00
        715     15.168     4.4243     4.4241   3.020129   3.020008     2.2051     2.5714      8.155     3.5203   481.3184 1.0715e-01     0.1382    96.6036     7.3191     7.3006    31.7900    31.7888    25.1916    25.1905    7.34291 0.0000e+00
        718     15.243     4.4257     4.4262   3.020222   3.020155     2.2047     2.5714      8.156     3.5203   481.3579 1.0715e-01     0.1368    96.6384     7.3160     7.3011    31.7897    31.7884    25.1911    25.1900    7.34267 0.0000e+00
        721     15.324     4.4271     4.4264   3.020382   3.020189     2.2059     2.5714      8.158     3.6526   481.3579 1.0715e-01     0.1368    96.6384     7.3213     7.3006    31.7901    31.7886    25.1914    25.1902    7.34239 0.0000e+00
        724     15.410     4.4285     4.4265   3.020496   3.020217     2.2051     2.5718      8.158     3.6729   481.3579 1.0715e-01     0.1368    96.6384     7.3172     7.3038    31.7901    31.7888    25.1912    25.1903    7.34215 0.0000e+00
        727     15.500     4.4281     4.4239   3.020457   3.019931     2.2051     2.5727      8.158     3.6627   481.3579 1.0727e-01     0.1368    96.6384     7.3176     7.3105    31.7900    31.7879    25.1911    25.1899    7.34222 0.0000e+00
        730     15.598     4.4271     4.4222   3.020402   3.019863     2.2051     2.5723      8.156     3.6525   481.3579 1.0740e-01     0.1368    96.6384     7.3199     7.3105    31.7903    31.7887    25.1915    25.1907    7.34240 0.0000e+00
        733     15.702     4.4275     4.4222   3.020487   3.019893     2.2064     2.5727      8.156     3.6627   481.3579 1.0715e-01     0.1368    96.6384     7.3251     7.3119    31.7908    31.7891    25.1918    25.1910    7.34229 0.0000e+00
        736     15.810     4.4315     4.4267   3.021012   3.020408     2.2047     2.5731      8.158     3.6729   481.3579 1.0715e-01     0.1372    96.6297     7.3182     7.3140    31.7930    31.7906    25.1932    25.1917    7.34146 0.0000e+00
        739     15.921     4.4345     4.4310   3.021144   3.020741     2.2051     2.5735      8.156     3.6525   481.3579 1.0715e-01     0.1357    96.6645     7.3217     7.3170    31.7915    31.7903    25.1917    25.1911    7.34099 0.0000e+00
        742     16.038     4.4360     4.4333   3.021200   3.020884     2.2047     2.5739      8.158     3.6627   481.3579 1.0727e-01     0.1357    96.6645     7.3192     7.3196    31.7908    31.7896    25.1909    25.1903    7.34077 0.0000e+00
        745     16.161     4.4369     4.4331   3.021351   3.020745     2.2051     2.5743      8.158     3.5304   481.3579 1.0727e-01     0.1357    96.6645     7.3200     7.3213    31.7916    31.7882    25.1915    25.1892    7.34057 0.0000e+00
        748     16.287     4.4371     4.4279   3.021296   3.020343     2.2055     2.5759      8.156     3.1235   481.3579 1.0715e-01     0.1368    96.6384     7.3217     7.3274    31.7906    31.7884    25.1907    25.1899    7.34057 0.0000e+00
        751     16.415     4.4391     4.4321   3.021564   3.020935     2.2055     2.5759      8.158     3.1235   389.2928 1.0715e-01     0.1361    96.6558     7.3212     7.3278    31.7918    31.7912    25.1914    25.1917    7.34015 0.0000e+00
        754     16.547     4.4422     4.4371   3.021791   3.021267     2.2055     2.5751      8.158     3.1235     5.9908 1.0715e-01     0.1361    96.6558     7.3198     7.3249    31.7914    31.7902    25.1908    25.1904    7.33962 0.0000e+00
        757     16.683     4.4442     4.4376   3.021993   3.021339     2.2055     2.5759      8.156     3.1336    10.4125 1.0715e-01     0.1418    96.5167     7.3213     7.3271    31.7917    31.7905    25.1909    25.1905    7.33924 0.0000e+00
        760     16.823     4.4451     4.4393   3.021955   3.021490     2.2051     2.5775      8.158     3.1336    10.4520 1.0715e-01     0.1454    96.4298     7.3219     7.3338    31.7904    31.7905    25.1897    25.1904    7.33915 0.0000e+00
        763     16.963     4.4444     4.4412   3.021983   3.021673     2.2055     2.5775      8.158     3.1438    10.4520 1.0715e-01     0.1454    96.4298     7.3230     7.3342    31.7912    31.7908    25.1905    25.1904    7.33922 0.0000e+00
        766     17.106     4.4451     4.4418   3.022109   3.021704     2.2055     2.5775      8.156     3.1235    10.4520 1.0715e-01     0.1454    96.4298     7.3214     7.3340    31.7921    31.7904    25.1910    25.1901    7.33907 0.0000e+00
        769     17.246     4.4442     4.4410   3.021811   3.021457     2.2051     2.5775      8.156     3.1235    10.4520 1.0715e-01     0.1454    96.4298     7.3178     7.3325    31.7894    31.7883    25.1890    25.1885    7.33936 0.0000e+00
        772     17.388     4.4371     4.4322   3.021180   3.020691     2.2051     2.5784      8.158     3.1438    10.4520 1.0715e-01     0.1454    96.4298     7.3186     7.3378    31.7888    31.7878    25.1893    25.1890    7.34067 0.0000e+00
        775     17.530     4.4370     4.4276   3.021302   3.020431     2.2051     2.5788      8.156     3.1845    10.4125 1.0715e-01     0.1450    96.4385     7.3184     7.3432    31.7902    31.7891    25.1904    25.1905    7.34061 0.0000e+00
        778     17.669     4.4336     4.4271   3.020939   3.020397     2.2051     2.5792      8.158     3.1845   228.5342 1.0715e-01     0.1379    96.6123     7.3195     7.3454    31.7892    31.7892    25.1899    25.1906    7.34127 0.0000e+00
        781     17.807     4.4301     4.4249   3.020634   3.020106     2.2064     2.5796      8.156     3.1743   482.1870 1.0715e-01     0.1361    96.6558     7.3261     7.3464    31.7890    31.7879    25.1901    25.1898    7.34192 0.0000e+00
        784     17.939     4.4265     4.4217   3.020333   3.019876     2.2051     2.5812      8.156     3.1845   481.1211 1.0715e-01     0.1361    96.6558     7.3214     7.3519    31.7889    31.7881    25.1904    25.1903    7.34257 0.0000e+00
        787     18.069     4.4264     4.4206   3.020448   3.019829     2.2060     2.5812      8.156     3.1743   481.3184 1.0715e-01     0.1361    96.6558     7.3250     7.3520    31.7902    31.7886    25.1915    25.1908    7.34252 0.0000e+00
        790     18.196     4.4279     4.4205   3.020579   3.019800     2.2047     2.5808      8.156     3.1947   481.3579 1.0715e-01     0.1361    96.6558     7.3192     7.3496    31.7902    31.7883    25.1913    25.1906    7.34225 0.0000e+00
        793     18.315     4.4259     4.4199   3.020338   3.019748     2.2047     2.5812      8.156     3.1845   481.3579 1.0715e-01     0.1361    96.6558     7.3191     7.3488    31.7893    31.7882    25.1908    25.1906    7.34265 0.0000e+00
        796     18.427     4.4275     4.4188   3.020741   3.019675     2.2055     2.5824      8.158     3.1845   481.3184 1.0715e-01     0.1371    96.6297     7.3191     7.3499    31.7924    31.7884    25.1931    25.1908    7.34221 0.0000e+00
        799     18.534     4.4322     4.4242   3.021109   3.020377     2.2051     2.5832      8.158     3.3473   481.3579 1.0715e-01     0.1411    96.5341     7.3172     7.3516    31.7921    31.7913    25.1924    25.1926    7.34139 0.0000e+00
        802     18.634     4.4360     4.4317   3.021383   3.020955     2.2047     2.5832      8.156     3.3778   481.3184 1.0727e-01     0.1411    96.5341     7.3138     7.3488    31.7916    31.7907    25.1916    25.1913    7.34073 0.0000e+00
        805     18.732     4.4384     4.4350   3.021559   3.021146     2.2055     2.5836      8.158     3.4083   481.3579 1.0727e-01     0.1411    96.5341     7.3178     7.3471    31.7913    31.7897    25.1911    25.1902    7.34031 0.0000e+00
        808     18.823     4.4403     4.4360   3.021707   3.021206     2.2051     2.5832      8.158     3.3880   481.3579 1.0740e-01     0.1411    96.5341     7.3181     7.3436    31.7911    31.7894    25.1908    25.1898    7.33997 0.0000e+00
        811     18.909     4.4400     4.4334   3.021643   3.020961     2.2051     2.5836      8.155     3.3778   481.3579 1.0740e-01     0.1411    96.5341     7.3173     7.3459    31.7906    31.7890    25.1904    25.1898    7.34005 0.0000e+00
        814     18.990     4.4365     4.4285   3.021420   3.020603     2.2047     2.5840      8.158     3.3880   481.3579 1.0740e-01     0.1411    96.5341     7.3142     7.3478    31.7914    31.7895    25.1913    25.1907    7.34065 0.0000e+00
        817     19.064     4.4362     4.4244   3.021212   3.020186     2.2043     2.5836      8.158     3.4083   481.3579 1.0740e-01     0.1400    96.5602     7.3111     7.3445    31.7892    31.7886    25.1896    25.1904    7.34081 0.0000e+00
        820     19.131     4.4275     4.4246   3.020518   3.020250     2.2047     2.5845      8.156     3.3880   481.3579 1.0727e-01     0.1368    96.6384     7.3128     7.3462    31.7894    31.7892    25.1907    25.1908    7.34236 0.0000e+00
        823     19.198     4.4295     4.4192   3.020793   3.019793     2.2051     2.5857      8.158     3.3982   481.3184 1.0715e-01     0.1368    96.6384     7.3120     7.3555    31.7907    31.7890    25.1915    25.1912    7.34194 0.0000e+00
        826     19.262     4.4334     4.4195   3.020946   3.019886     2.2047     2.5853      8.158     3.3473   481.3579 1.0715e-01     0.1368    96.6384     7.3082     7.3560    31.7887    31.7898    25.1896    25.1918    7.34134 0.0000e+00
        829     19.324     4.4306     4.4217   3.020722   3.020010     2.2051     2.5853      8.156     3.3575   451.1170 1.0727e-01     0.1368    96.6384     7.3106     7.3579    31.7887    31.7890    25.1899    25.1910    7.34183 0.0000e+00
        832     19.387     4.4282     4.4223   3.020580   3.020081     2.2047     2.5853      8.156     3.3677    35.5211 1.0727e-01     0.1372    96.6297     7.3114     7.3581    31.7893    31.7892    25.1906    25.1911    7.34223 0.0000e+00
        835     19.447     4.4292     4.4226   3.020778   3.020109     2.2043     2.5861      8.155     3.3575    14.8736 1.0727e-01     0.1368    96.6384     7.3086     7.3613    31.7907    31.7893    25.1916    25.1911    7.34199 0.0000e+00
