Datasets/AZMP/HUD120/hud120_2020_075.cnv
* Sea-Bird SBE 9 Data File:
* FileName = C:\CTDDATA\hud120_2020_075.hex
* Software Version Seasave V 7.26.7.110
* Temperature SN = 1697
* Conductivity SN = 4216
* Number of Bytes Per Scan = 30
* Number of Voltage Words = 4
* Number of Scans Averaged by the Deck Unit = 1
* NMEA baud rate = 4800
** VESSEL/TRIP/SEQ STN:  hub120_2020_075
** LATITUDE XX XX.XX: 47 00.00 N
** LONGITUDE XX XX.XX: 051 00.00 W
** SOUNDING DEPTH (M): 0106
** PROBE TYPE: S1146
** CTD NUMBER: 054
** FORMAT: V
** COMMENTS (14 CHAR): FC-07
** BOTTLES:  8
** LEVELS: 5,10,20,30,40,50,75,BTM
** STICKERS: 439867 - 439874
** VNET: Y
** DO2: N
# nquan = 22
# nvalues = 2081                        
# units = specified
# name 0 = scan: Scan Count
# name 1 = prDM: Pressure, Digiquartz [db]
# name 2 = t090C: Temperature [ITS-90, deg C]
# name 3 = t190C: Temperature, 2 [ITS-90, deg C]
# name 4 = c0S/m: Conductivity [S/m]
# name 5 = c1S/m: Conductivity, 2 [S/m]
# name 6 = sbeox0V: Oxygen raw, SBE 43 [V]
# name 7 = sbeox1V: Oxygen raw, SBE 43, 2 [V]
# name 8 = ph: pH
# name 9 = flECO-AFL: Fluorescence, WET Labs ECO-AFL/FL [mg/m^3]
# name 10 = wetCDOM: Fluorescence, WET Labs CDOM [mg/m^3]
# name 11 = par/sat/log: PAR/Logarithmic, Satlantic [umol photons/m^2/sec]
# name 12 = CStarAt0: Beam Attenuation, WET Labs C-Star [1/m]
# name 13 = CStarTr0: Beam Transmission, WET Labs C-Star [%]
# name 14 = sbeox0ML/L: Oxygen, SBE 43 [ml/l], WS = 2
# name 15 = sbeox1ML/L: Oxygen, SBE 43, 2 [ml/l], WS = 2
# name 16 = sal00: Salinity, Practical [PSU]
# name 17 = sal11: Salinity, Practical, 2 [PSU]
# name 18 = sigma-t00: Density [sigma-t, kg/m^3 ]
# name 19 = sigma-t11: Density, 2 [sigma-t, kg/m^3 ]
# name 20 = oxsatML/L: Oxygen Saturation, Weiss [ml/l]
# name 21 = flag: flag
# span 0 =          2,      34036       
# span 1 =      0.423,    102.650       
# span 2 =    -0.4849,     8.3446       
# span 3 =    -0.4900,     8.3402       
# span 4 =   2.718848,   3.374585       
# span 5 =   2.718465,   3.374127       
# span 6 =     1.8021,     2.1925       
# span 7 =     2.1268,     2.6100       
# span 8 =      7.899,      8.184       
# span 9 =     1.0986,     5.4027       
# span 10 =    -2.8130,   482.1870      
# span 11 = 1.0641e-01, 1.0261e+00      
# span 12 =     0.1238,     0.3066      
# span 13 =    92.6225,    96.9513      
# span 14 =     6.1655,     7.0153      
# span 15 =     5.9392,     7.2722      
# span 16 =    32.0156,    33.0229      
# span 17 =    32.0015,    33.0205      
# span 18 =    24.8900,    26.5312      
# span 19 =    24.8751,    26.5300      
# span 20 =    6.68236,    8.26123      
# span 21 = 0.0000e+00, 0.0000e+00      
# interval = scans: 3                   
# start_time = Nov 26 2020 05:04:57 [System UTC, header]
# bad_flag = -9.990e-29
*END*
[from data line 2042]
      33232      3.192     8.3130     8.3088   3.369977   3.369499     2.1895     2.6047      8.184     3.9782    17.9135 1.4996e-01     0.1951    95.2389     6.5451     6.6890    32.0244    32.0232    24.8923    24.8920    6.68735 0.0000e+00
      33235      3.140     8.3129     8.3090   3.369974   3.369497     2.1899     2.6047      8.184     3.9985    19.2953 1.0720e-01     0.1951    95.2389     6.5439     6.6916    32.0245    32.0231    24.8923    24.8918    6.68736 0.0000e+00
      33238      3.096     8.3131     8.3092   3.369985   3.369515     2.1899     2.6047      8.184     4.0087    19.2163 1.3409e-01     0.1951    95.2389     6.5434     6.6932    32.0244    32.0230    24.8923    24.8917    6.68733 0.0000e+00
      33241      3.060     8.3132     8.3093   3.369995   3.369529     2.1895     2.6047      8.184     3.9985    19.2163 1.6841e-01     0.1977    95.1781     6.5419     6.6937    32.0245    32.0232    24.8923    24.8918    6.68731 0.0000e+00
      33573      3.029     8.3131     8.3081   3.369949   3.369443     2.1907     2.6035      8.184     4.2732    -1.0364 1.9660e-01     0.1955    95.2302     6.5469     6.6784    32.0241    32.0233    24.8920    24.8921    6.68734 0.0000e+00
      33576      2.971     8.3131     8.3085   3.369959   3.369444     2.1911     2.6031      8.184     4.2732    -1.0759 1.2754e-01     0.1955    95.2302     6.5485     6.6779    32.0243    32.0230    24.8922    24.8918    6.68735 0.0000e+00
      33579      2.920     8.3130     8.3086   3.369968   3.369472     2.1899     2.6039      8.184     4.2834    -1.0759 1.6413e-01     0.1959    95.2215     6.5439     6.6812    32.0245    32.0233    24.8924    24.8921    6.68735 0.0000e+00
      33582      2.875     8.3131     8.3086   3.369947   3.369457     2.1895     2.6027      8.184     4.2834    -1.0364 3.4469e-01     0.1955    95.2302     6.5412     6.6777    32.0241    32.0230    24.8921    24.8919    6.68735 0.0000e+00
      33585      2.840     8.3130     8.3087   3.369955   3.369468     2.1899     2.6027      8.184     4.2834    -1.0364 4.3827e-01     0.1959    95.2215     6.5424     6.6792    32.0243    32.0232    24.8922    24.8919    6.68735 0.0000e+00
      33688      2.795     8.3135     8.3089   3.369981   3.369477     2.1891     2.5994      8.184     4.1410     3.3852 1.5848e-01     0.1970    95.1954     6.5405     6.6532    32.0242    32.0230    24.8921    24.8918    6.68729 0.0000e+00
      33890      2.644     8.3141     8.3090   3.370002   3.369490     2.1883     2.5901      8.184     3.8052    11.6758 3.1164e-01     0.1999    95.1259     6.5392     6.5925    32.0240    32.0232    24.8918    24.8919    6.68721 0.0000e+00
      33893      2.479     8.3139     8.3092   3.369972   3.369475     2.1887     2.5901      8.184     3.8256    11.6363 1.2033e-01     0.1999    95.1259     6.5422     6.5969    32.0239    32.0229    24.8917    24.8917    6.68724 0.0000e+00
      33896      2.318     8.3138     8.3091   3.369980   3.369486     2.1883     2.5901      8.184     3.8154    11.6363 1.2864e-01     0.1999    95.1259     6.5407     6.6008    32.0241    32.0232    24.8919    24.8919    6.68724 0.0000e+00
      33899      2.163     8.3138     8.3093   3.369962   3.369475     2.1887     2.5888      8.184     3.8052    11.5968 1.4585e-01     0.1999    95.1259     6.5406     6.5996    32.0240    32.0230    24.8919    24.8917    6.68725 0.0000e+00
      33902      2.020     8.3139     8.3093   3.369954   3.369469     2.1883     2.5888      8.184     3.8154    11.5968 5.2855e-01     0.1999    95.1259     6.5382     6.6030    32.0239    32.0229    24.8918    24.8917    6.68724 0.0000e+00
      33905      1.888     8.3138     8.3094   3.369930   3.369417     2.1883     2.5888      8.184     3.8256    11.5968 2.3425e-01     0.1999    95.1259     6.5384     6.6054    32.0238    32.0223    24.8917    24.8912    6.68726 0.0000e+00
      33908      1.768     8.3136     8.3093   3.369923   3.369449     2.1879     2.5880      8.184     3.8154   166.5521 3.9461e-01     0.1984    95.1607     6.5376     6.6051    32.0239    32.0229    24.8919    24.8917    6.68728 0.0000e+00
      33911      1.660     8.3136     8.3093   3.369907   3.369449     2.1883     2.5872      8.184     3.8154   482.1870 5.0511e-01     0.1966    95.2042     6.5396     6.6036    32.0238    32.0229    24.8918    24.8916    6.68729 0.0000e+00
      33914      1.569     8.3135     8.3091   3.369907   3.369433     2.1883     2.5876      8.184     3.8154   481.1606 4.9751e-01     0.1970    95.1955     6.5398     6.6056    32.0240    32.0230    24.8919    24.8918    6.68730 0.0000e+00
      33917      1.496     8.3130     8.3090   3.369871   3.369434     2.1883     2.5872      8.184     3.8154   481.3184 5.1153e-01     0.1977    95.1781     6.5403     6.6048    32.0241    32.0231    24.8921    24.8918    6.68737 0.0000e+00
      33920      1.438     8.3128     8.3089   3.369869   3.369448     2.1879     2.5868      8.184     3.8052   481.2790 5.0506e-01     0.1970    95.1955     6.5396     6.6050    32.0242    32.0233    24.8922    24.8921    6.68739 0.0000e+00
      33923      1.393     8.3129     8.3090   3.369857   3.369412     2.1879     2.5872      8.184     3.8154   481.2790 5.0798e-01     0.1966    95.2042     6.5385     6.6080    32.0240    32.0230    24.8920    24.8918    6.68738 0.0000e+00
      33967      1.331     8.3129     8.3090   3.369892   3.369405     2.1883     2.5864      8.184     4.3038   170.5789 6.9713e-01     0.1970    95.1955     6.5405     6.6061    32.0244    32.0229    24.8923    24.8917    6.68736 0.0000e+00
      33991      1.294     8.3134     8.3091   3.369905   3.369416 -9.990e-29 -9.990e-29      8.184     4.9244     6.0698 7.8277e-01     0.1977    95.1781 -9.990e-29 -9.990e-29    32.0242    32.0229    24.8921    24.8917    6.68731 0.0000e+00
      33994      1.271     8.3134     8.3092   3.369887   3.369427 -9.990e-29 -9.990e-29      8.184     5.0466    10.2545 7.8731e-01     0.1973    95.1868 -9.990e-29 -9.990e-29    32.0240    32.0230    24.8919    24.8917    6.68731 0.0000e+00
      33997      1.241     8.3135     8.3092   3.369905   3.369446 -9.990e-29 -9.990e-29      8.184     5.0567    10.0571 7.8731e-01     0.1977    95.1781 -9.990e-29 -9.990e-29    32.0241    32.0232    24.8919    24.8919    6.68729 0.0000e+00
      34000      1.208     8.3136     8.3091   3.369885   3.369442 -9.990e-29 -9.990e-29      8.184     5.0567    10.0571 8.0017e-01     0.1977    95.1781 -9.990e-29 -9.990e-29    32.0238    32.0232    24.8918    24.8919    6.68729 0.0000e+00
      34003      1.169     8.3136     8.3091   3.369905   3.369431 -9.990e-29 -9.990e-29      8.184     5.0567    10.0571 8.2077e-01     0.1970    95.1955 -9.990e-29 -9.990e-29    32.0240    32.0232    24.8919    24.8919    6.68727 0.0000e+00
      34006      1.121     8.3137     8.3093   3.369902   3.369436 -9.990e-29 -9.990e-29      8.184     5.0669    10.0571 8.3708e-01     0.1977    95.1781 -9.990e-29 -9.990e-29    32.0239    32.0230    24.8918    24.8918    6.68726 0.0000e+00
      34009      1.067     8.3137     8.3094   3.369911   3.369447 -9.990e-29 -9.990e-29      8.184     5.0466    10.0177 8.5567e-01     0.1970    95.1955 -9.990e-29 -9.990e-29    32.0241    32.0231    24.8920    24.8918    6.68727 0.0000e+00
      34012      1.003     8.3136     8.3094   3.369895   3.369434 -9.990e-29 -9.990e-29      8.184     5.0466    66.0384 8.6465e-01     0.1962    95.2129 -9.990e-29 -9.990e-29    32.0241    32.0230    24.8919    24.8917    6.68728 0.0000e+00
      34015      0.934     8.3136     8.3093   3.369879   3.369408 -9.990e-29 -9.990e-29      8.184     5.0058   465.5663 8.9202e-01     0.1966    95.2042 -9.990e-29 -9.990e-29    32.0239    32.0228    24.8918    24.8916    6.68728 0.0000e+00
      34018      0.863     8.3136     8.3094   3.369873   3.369419 -9.990e-29 -9.990e-29      8.184     4.0087   481.5159 9.0762e-01     0.1966    95.2042 -9.990e-29 -9.990e-29    32.0238    32.0229    24.8917    24.8916    6.68728 0.0000e+00
      34021      0.788     8.3133     8.3093   3.369875   3.369388 -9.990e-29 -9.990e-29      8.184     3.9477   481.1605 9.1927e-01     0.1966    95.2042 -9.990e-29 -9.990e-29    32.0241    32.0227    24.8920    24.8915    6.68732 0.0000e+00
      34024      0.710     8.3131     8.3093   3.369818   3.369390 -9.990e-29 -9.990e-29      8.184     3.9477   481.2395 9.4510e-01     0.1966    95.2042 -9.990e-29 -9.990e-29    32.0238    32.0228    24.8918    24.8915    6.68737 0.0000e+00
      34027      0.629     8.3129     8.3092   3.369838   3.369386 -9.990e-29 -9.990e-29      8.184     3.9477   481.2395 9.6164e-01     0.1966    95.2042 -9.990e-29 -9.990e-29    32.0242    32.0229    24.8922    24.8916    6.68738 0.0000e+00
      34030      0.551     8.3131     8.3090   3.369814   3.369338 -9.990e-29 -9.990e-29      8.184     3.9477   481.2395 9.7958e-01     0.2014    95.0912 -9.990e-29 -9.990e-29    32.0238    32.0226    24.8918    24.8915    6.68736 0.0000e+00
      34033      0.474     8.3127     8.3072   3.369755   3.369165 -9.990e-29 -9.990e-29      8.184     3.9477   481.2395 9.9675e-01     0.2021    95.0738 -9.990e-29 -9.990e-29    32.0236    32.0224    24.8916    24.8916    6.68743 0.0000e+00
      34036      0.423     8.3125     8.3055   3.369732   3.367061 -9.990e-29 -9.990e-29      8.184     3.9477   481.2395 1.0261e+00     0.2021    95.0738 -9.990e-29 -9.990e-29    32.0236    32.0017    24.8917    24.8756    6.68747 0.0000e+00
