Datasets/AZMP/HUD120/hud120_2020_020.cnv
* Sea-Bird SBE 9 Data File:
* FileName = C:\CTDDATA\hud120_2020_020.hex
* Software Version Seasave V 7.26.7.110
* Temperature SN = 1697
* Conductivity SN = 4216
* Number of Bytes Per Scan = 30
* Number of Voltage Words = 4
* Number of Scans Averaged by the Deck Unit = 1
* NMEA baud rate = 4800
** VESSEL/TRIP/SEQ STN:  hud120_2020_020
** LATITUDE XX XX.XX: 45 47.30 N
** LONGITUDE XX XX.XX: 052 16.00 W
** SOUNDING DEPTH (M): 0086
** PROBE TYPE: S1146
** CTD NUMBER: 010
** FORMAT: V
** COMMENTS (14 CHAR): SEGB-06
** BOTTLES:  0
** LEVELS:
** STICKERS:
** VNET: N
** DO2: N
# nquan = 22
# nvalues = 1231                        
# units = specified
# name 0 = scan: Scan Count
# name 1 = prDM: Pressure, Digiquartz [db]
# name 2 = t090C: Temperature [ITS-90, deg C]
# name 3 = t190C: Temperature, 2 [ITS-90, deg C]
# name 4 = c0S/m: Conductivity [S/m]
# name 5 = c1S/m: Conductivity, 2 [S/m]
# name 6 = sbeox0V: Oxygen raw, SBE 43 [V]
# name 7 = sbeox1V: Oxygen raw, SBE 43, 2 [V]
# name 8 = ph: pH
# name 9 = flECO-AFL: Fluorescence, WET Labs ECO-AFL/FL [mg/m^3]
# name 10 = wetCDOM: Fluorescence, WET Labs CDOM [mg/m^3]
# name 11 = par/sat/log: PAR/Logarithmic, Satlantic [umol photons/m^2/sec]
# name 12 = CStarAt0: Beam Attenuation, WET Labs C-Star [1/m]
# name 13 = CStarTr0: Beam Transmission, WET Labs C-Star [%]
# name 14 = sbeox0ML/L: Oxygen, SBE 43 [ml/l], WS = 2
# name 15 = sbeox1ML/L: Oxygen, SBE 43, 2 [ml/l], WS = 2
# name 16 = sal00: Salinity, Practical [PSU]
# name 17 = sal11: Salinity, Practical, 2 [PSU]
# name 18 = sigma-t00: Density [sigma-t, kg/m^3 ]
# name 19 = sigma-t11: Density, 2 [sigma-t, kg/m^3 ]
# name 20 = oxsatML/L: Oxygen Saturation, Weiss [ml/l]
# name 21 = flag: flag
# span 0 =          2,       5587       
# span 1 =      3.135,     76.851       
# span 2 =     1.6419,    10.7109       
# span 3 =     1.6373,    10.7050       
# span 4 =   2.864029,   3.591160       
# span 5 =   2.863580,   3.590687       
# span 6 =     1.8660,     2.1945       
# span 7 =     2.2006,     2.6057       
# span 8 =      7.874,      8.114       
# span 9 =     1.4649,     5.7893       
# span 10 =    -2.8130,   482.1870      
# span 11 = 1.0703e-01, 6.1895e-01      
# span 12 =     0.1573,     0.2614      
# span 13 =    93.6743,    96.1429      
# span 14 =     5.6754,     7.6444      
# span 15 =     5.2284,     8.0044      
# span 16 =    31.9933,    32.8983      
# span 17 =    32.0196,    33.0031      
# span 18 =    24.5906,    26.1886      
# span 19 =    24.5945,    26.3073      
# span 20 =    6.33436,    7.82932      
# span 21 = 0.0000e+00, 0.0000e+00      
# interval = scans: 3                   
# start_time = Nov 17 2020 23:56:19 [System UTC, header]
# bad_flag = -9.990e-29
*END*
[from data line 791]
       4091     52.855     1.6542     1.6470   2.867499   2.866857     1.8726     2.2095      7.876     1.5667     4.6485 1.0715e-01     0.2495    93.9525     6.3838     6.4750    32.6960    32.6954    26.1506    26.1507    7.82558 0.0000e+00
       4094     52.698     1.6635     1.6607   2.868578   2.868134     1.8738     2.2095      7.876     1.6481     4.6880 1.0715e-01     0.2491    93.9612     6.3914     6.4696    32.7000    32.6973    26.1532    26.1512    7.82349 0.0000e+00
       4097     52.561     1.6643     1.6687   2.868013   2.868485     1.8730     2.2095      7.876     1.6481     4.6485 1.0715e-01     0.2491    93.9612     6.3924     6.4667    32.6921    32.6935    26.1469    26.1476    7.82375 0.0000e+00
       4100     52.441     1.6631     1.6667   2.868050   2.868215     1.8730     2.2091      7.876     1.6684     4.6880 1.0715e-01     0.2495    93.9525     6.3975     6.4688    32.6939    32.6923    26.1484    26.1468    7.82389 0.0000e+00
       4103     52.339     1.6695     1.6637   2.868558   2.867928     1.8726     2.2087      7.876     1.6684     4.6880 1.0715e-01     0.2491    93.9612     6.3953     6.4690    32.6937    32.6917    26.1477    26.1466    7.82261 0.0000e+00
       4106     52.253     1.6719     1.6491   2.868711   2.866732     1.8734     2.2087      7.876     1.6583     4.6485 1.0715e-01     0.2495    93.9525     6.3975     6.4739    32.6932    32.6919    26.1471    26.1477    7.82215 0.0000e+00
       4109     52.182     1.6725     1.6447   2.868739   2.866623     1.8734     2.2083      7.876     1.6481    15.3868 1.0715e-01     0.2447    94.0654     6.3954     6.4748    32.6930    32.6952    26.1470    26.1506    7.82205 0.0000e+00
       4112     52.125     1.6727     1.6500   2.868725   2.867104     1.8734     2.2087      7.876     1.6583    20.4402 1.0715e-01     0.2444    94.0741     6.3925     6.4767    32.6926    32.6958    26.1467    26.1507    7.82203 0.0000e+00
       4115     52.087     1.6701     1.6576   2.868542   2.867687     1.8746     2.2087      7.876     1.6684    20.2427 1.0715e-01     0.2444    94.0741     6.3932     6.4756    32.6930    32.6952    26.1471    26.1497    7.82253 0.0000e+00
       4217     52.017     1.6526     1.6566   2.867111   2.867602     1.8758     2.2148      7.876     1.6074    12.5838 1.0715e-01     0.2395    94.1872     6.4802     6.5754    32.6932    32.6952    26.1486    26.1499    7.82605 0.0000e+00
       4220     51.885     1.6528     1.6605   2.867207   2.867759     1.8754     2.2148      7.876     1.5870    12.5049 1.0715e-01     0.2391    94.1959     6.4864     6.5841    32.6943    32.6932    26.1494    26.1480    7.82595 0.0000e+00
       4223     51.746     1.6536     1.6602   2.867196   2.867784     1.8770     2.2152      7.876     1.6074    12.5443 1.0715e-01     0.2391    94.1959     6.5002     6.5932    32.6934    32.6939    26.1486    26.1486    7.82584 0.0000e+00
       4226     51.602     1.6531     1.6598   2.867153   2.867535     1.8787     2.2177      7.876     1.6278    12.5049 1.0715e-01     0.2391    94.1959     6.5174     6.6084    32.6935    32.6913    26.1487    26.1465    7.82594 0.0000e+00
       4229     51.450     1.6534     1.6535   2.867176   2.867049     1.8799     2.2173      7.876     1.6379    12.4654 1.0715e-01     0.2462    94.0307     6.5323     6.6122    32.6935    32.6918    26.1487    26.1473    7.82587 0.0000e+00
       4232     51.293     1.6511     1.6467   2.866888   2.866461     1.8811     2.2193      7.876     1.6278    12.5443 1.0715e-01     0.2529    93.8742     6.5483     6.6196    32.6924    32.6915    26.1479    26.1476    7.82640 0.0000e+00
       4235     51.133     1.6501     1.6415   2.866893   2.866197     1.8827     2.2205      7.876     1.6176    12.4654 1.0715e-01     0.2529    93.8742     6.5691     6.6215    32.6935    32.6937    26.1489    26.1497    7.82653 0.0000e+00
       4238     50.971     1.6499     1.6428   2.866876   2.866624     1.8831     2.2230      7.876     1.6278    11.3994 1.0715e-01     0.2525    93.8829     6.5889     6.6261    32.6936    32.6978    26.1490    26.1529    7.82657 0.0000e+00
       4241     50.805     1.6566     1.6692   2.867895   2.869167     1.8836     2.2226      7.876     1.6278    -0.2469 1.0715e-01     0.2529    93.8742     6.6181     6.6143    32.6996    32.7025    26.1534    26.1548    7.82491 0.0000e+00
       4244     50.641     1.6688     1.7035   2.868751   2.872216     1.8844     2.2238      7.876     1.6278    -0.6022 1.0715e-01     0.2525    93.8829     6.6547     6.6072    32.6978    32.7053    26.1511    26.1547    7.82254 0.0000e+00
       4247     50.473     1.6942     1.7489   2.871640   2.875325     1.8852     2.2246      7.875     1.6176    -0.5627 1.0715e-01     0.2529    93.8742     6.6951     6.6049    32.7078    32.6973    26.1573    26.1451    7.81688 0.0000e+00
       4250     50.302     1.7372     1.7558   2.874302   2.875111     1.8864     2.2254      7.875     1.5870    -0.5627 1.0715e-01     0.2403    94.1698     6.7423     6.6282    32.6967    32.6876    26.1455    26.1368    7.80881 0.0000e+00
       4253     50.133     1.7481     1.7607   2.874747   2.875755     1.8876     2.2254      7.875     1.5667    -0.6022 1.0715e-01     0.2373    94.2393     6.8071     6.6672    32.6911    32.6906    26.1402    26.1389    7.80691 0.0000e+00
       4256     49.967     1.7530     1.7650   2.874878   2.875810     1.8901     2.2246      7.875     1.5667    -0.5627 1.0715e-01     0.2373    94.2393     6.8869     6.7148    32.6878    32.6869    26.1372    26.1357    7.80610 0.0000e+00
       4259     49.804     1.7625     1.7705   2.876361   2.876506     1.8925     2.2254      7.875     1.5667    -0.5627 1.0715e-01     0.2373    94.2393     6.9689     6.7831    32.6966    32.6900    26.1436    26.1378    7.80373 0.0000e+00
       4262     49.636     1.7776     1.7812   2.877373   2.877556     1.8974     2.2258      7.875     1.5768    -0.5627 1.0715e-01     0.2373    94.2393     7.0693     6.8611    32.6937    32.6923    26.1402    26.1388    7.80084 0.0000e+00
       4265     49.473     1.8032     1.7990   2.879579   2.879207     1.9035     2.2258      7.875     1.5565     1.0954 1.0715e-01     0.2373    94.2393     7.1694     6.9457    32.6950    32.6946    26.1394    26.1394    7.79564 0.0000e+00
       4268     49.317     1.8196     1.8274   2.881413   2.881760     1.9096     2.2283      7.875     1.5768     4.9249 1.0715e-01     0.2362    94.2654     7.2688     7.0404    32.7009    32.6972    26.1430    26.1395    7.79202 0.0000e+00
       4271     49.165     1.9284     1.8461   2.891438   2.881972     1.9157     2.2348      7.875     1.5565     4.7670 1.0715e-01     0.2274    94.4740     7.3376     7.1485    32.7138    32.6806    26.1455    26.1249    7.76959 0.0000e+00
       4274     49.018     2.0035     1.8310   2.897249   2.881394     1.9222     2.2438      7.875     1.5768     4.7670 1.0715e-01     0.2274    94.4740     7.4108     7.2682    32.7087    32.6891    26.1360    26.1327    7.75490 0.0000e+00
       4277     48.875     2.0971     1.8980   2.903375   2.889616     1.9300     2.2535      7.874     1.6278     4.7670 1.0715e-01     0.2274    94.4740     7.4744     7.3620    32.6885    32.7226    26.1128    26.1548    7.73738 0.0000e+00
       4280     48.733     2.0543     2.0703   2.898516   2.901669     1.9369     2.2621      7.876     1.6278     4.7670 1.0715e-01     0.2274    94.4740     7.5551     7.4098    32.6722    32.6949    26.1030    26.1199    7.74671 0.0000e+00
       4283     48.596     2.1168     2.1787   2.909135   2.912620     1.9458     2.2722      7.874     1.6176     4.7670 1.0715e-01     0.2274    94.4740     7.5972     7.4609    32.7398    32.7193    26.1524    26.1312    7.73083 0.0000e+00
       4286     48.463     2.3714     2.3635   2.928478   2.924160     1.9536     2.2824      7.877     1.6379     4.7670 1.0715e-01     0.2274    94.4740     7.5750     7.4883    32.7172    32.6720    26.1148    26.0793    7.68190 0.0000e+00
       4289     48.331     2.4497     2.3104   2.930216   2.917349     1.9621     2.2922      7.876     1.6278     4.7670 1.0715e-01     0.2226    94.5870     7.5956     7.5640    32.6585    32.6425    26.0617    26.0598    7.66963 0.0000e+00
       4292     48.201     2.4417     2.2832   2.929516   2.915757     1.9699     2.3016      7.878     1.6176     1.4113 1.0715e-01     0.2124    94.8304     7.6264     7.6192    32.6581    32.6508    26.0620    26.0686    7.67121 0.0000e+00
       4295     48.074     2.4593     2.2473   2.931586   2.913240     1.9776     2.3081      7.878     1.6379    -1.0364 1.0715e-01     0.2131    94.8130     7.6444     7.6595    32.6656    32.6567    26.0666    26.0760    7.66739 0.0000e+00
       4298     47.948     2.6027     2.2699   2.944036   2.914263     1.9865     2.3162      7.877     1.6379    -0.9180 1.0715e-01     0.2131    94.8130     7.6241     7.6902    32.6719    32.6462    26.0602    26.0659    7.63920 0.0000e+00
       4301     47.823     2.5615     2.1986   2.940733   2.905481     1.9935     2.3231      7.879     1.6481    -0.9180 1.0715e-01     0.2131    94.8130     7.6374     7.7428    32.6737    32.6107    26.0649    26.0429    7.64709 0.0000e+00
       4304     47.700     2.6524     2.0283   2.948823   2.894610     2.0004     2.3284      7.882     1.6888    -0.9180 1.0715e-01     0.2127    94.8217     7.6127     7.8124    32.6799    32.6510    26.0625    26.0879    7.62917 0.0000e+00
       4307     47.578     2.8054     1.9883   2.966327   2.893603     2.0057     2.3362      7.883     1.6888    -0.9180 1.0715e-01     0.2131    94.8130     7.5528     7.8549    32.7377    32.6798    26.0959    26.1139    7.59682 0.0000e+00
       4310     47.457     3.3057     1.9943   3.007460   2.893347     2.0130     2.3471      7.885     1.6786    -0.9180 1.0715e-01     0.2039    95.0303     7.4179     7.9009    32.7279    32.6704    26.0446    26.1060    7.50239 0.0000e+00
       4313     47.336     3.6539     1.9725   3.038339   2.891801     2.0183     2.3581      7.889     1.6888    -0.9180 1.0715e-01     0.1977    95.1781     7.3097     7.9548    32.7463    32.6737    26.0270    26.1102    7.43667 0.0000e+00
       4316     47.209     4.3872     1.9438   3.104150   2.889120     2.0248     2.3696      7.886     1.6888    -0.9180 1.0715e-01     0.1981    95.1694     7.1161     8.0044    32.7898    32.6700    25.9888    26.1093    7.30130 0.0000e+00
       4319     47.084     5.0630     2.2260   3.149474   2.934852     2.0301     2.3801      7.889     1.6786    -1.7076 1.0715e-01     0.1977    95.1781     6.9414     7.9376    32.6481    32.9448    25.8039    26.3073    7.18877 0.0000e+00
       4322     46.960     5.2810     4.0327   3.152931   3.092046     2.0350     2.3899      7.895     1.6888    -1.7866 1.0715e-01     0.1977    95.1781     6.8639     7.4868    32.4750    33.0031    25.6424    26.1935    7.15909 0.0000e+00
       4325     46.831     5.3803     5.0555   3.171662   3.141479     2.0395     2.3989      7.900     1.6888    -1.7471 1.0715e-01     0.1984    95.1607     6.7960     7.2680    32.5919    32.5639    25.7235    25.7380    7.13659 0.0000e+00
       4328     46.695     5.7031     4.9103   3.196594   3.119789     2.0440     2.4078      7.907     1.7295    -1.7471 1.0715e-01     0.1977    95.1781     6.6943     7.2841    32.5616    32.4563    25.6619    25.6688    7.08290 0.0000e+00
       4331     46.562     6.3067     5.3713   3.256897   3.181548     2.0456     2.4160      7.916     1.7905    -1.8260 1.0715e-01     0.1776    95.6562     6.5328     7.1323    32.6556    32.7125    25.6622    25.8190    6.97780 0.0000e+00
       4334     46.431     7.0214     6.4327   3.306407   3.249937     2.0484     2.4241      7.923     1.7905    -1.7471 1.0715e-01     0.1743    95.7344     6.3810     6.8811    32.5207    32.4583    25.4632    25.4908    6.86761 0.0000e+00
       4337     46.293     7.3826     6.8098   3.329976   3.278795     2.0492     2.4318      7.933     1.7702    -1.7866 1.0715e-01     0.1747    95.7257     6.2929     6.7686    32.4369    32.4188    25.3484    25.4109    6.81383 0.0000e+00
       4340     46.148     7.6181     6.9777   3.350344   3.282584     2.0484     2.4343      7.940     1.7702    -1.7866 1.0715e-01     0.1743    95.7344     6.2261     6.6899    32.4362    32.3020    25.3151    25.2970    6.77684 0.0000e+00
       4343     46.001     7.9394     6.7382   3.367987   3.252253     2.0472     2.4371      7.949     1.7702    78.9481 1.0715e-01     0.1747    95.7257     6.1626     6.6939    32.3267    32.1947    25.1836    25.2435    6.73164 0.0000e+00
       4346     45.850     7.9737     6.1676   3.376008   3.220557     2.0460     2.4400      7.956     1.7702   474.6465 1.0715e-01     0.1740    95.7431     6.1496     6.7517    32.3804    32.3847    25.2208    25.4658    6.72404 0.0000e+00
       4349     45.704     8.2332     7.1869   3.394188   3.319347     2.0448     2.4420      7.962     1.7702   481.4369 1.0715e-01     0.1733    95.7605     6.1175     6.5423    32.3338    32.5062    25.1466    25.4293    6.68624 0.0000e+00
       4352     45.551     8.3391     7.2891   3.398672   3.284755     2.0452     2.4400      7.968     1.7905   481.2790 1.0715e-01     0.1664    95.9256     6.1245     6.5216    32.2839    32.0344    25.0919    25.0441    6.67224 0.0000e+00
       4355     45.391     8.5360     6.0936   3.417254   3.205728     2.0464     2.4387      7.972     2.0958   481.3579 1.0715e-01     0.1660    95.9343     6.1245     6.7042    32.2990    32.2909    25.0744    25.4010    6.64179 0.0000e+00
       4358     45.229     8.5865     6.3768   3.414554   3.265321     2.0488     2.4387      7.976     2.1772   481.3579 1.0715e-01     0.1660    95.9343     6.1579     6.6412    32.2246    32.6823    25.0086    25.6742    6.63734 0.0000e+00
       4361     45.071     8.6146     7.5850   3.423928   3.363787     2.0509     2.4408      7.979     2.1670   481.3579 1.0715e-01     0.1660    95.9343     6.1903     6.4618    32.2971    32.6129    25.0611    25.4581    6.63004 0.0000e+00
       4364     44.909     9.0253     8.3713   3.462730   3.409324     2.0541     2.4436      7.981     2.1670   481.3579 1.0715e-01     0.1660    95.9343     6.1666     6.3766    32.3274    32.3669    25.0219    25.1521    6.56760 0.0000e+00
       4367     44.744     9.2147     8.7041   3.470233   3.429827     2.0586     2.4465      7.983     2.1772   481.3579 1.0715e-01     0.1660    95.9343     6.1821     6.3576    32.2334    32.2773    24.9189    25.0320    6.54360 0.0000e+00
       4370     44.585     9.3353     9.0077   3.478558   3.448669     2.0635     2.4502      7.986     2.1873   276.2643 1.0715e-01     0.1642    95.9778     6.2001     6.3471    32.2104    32.1977    24.8819    24.9233    6.52690 0.0000e+00
       4373     44.431     9.2586     8.8059   3.469145   3.426385     2.0684     2.4567      7.988     2.1670    -2.0629 1.0715e-01     0.1606    96.0647     6.2407     6.4238    32.1827    32.1490    24.8724    24.9161    6.53928 0.0000e+00
       4376     44.284     9.2846     8.6953   3.474737   3.424781     2.0720     2.4628      7.993     2.1772     4.0564 1.0715e-01     0.1606    96.0647     6.2521     6.4760    32.2170    32.2329    24.8951    24.9986    6.53405 0.0000e+00
       4379     44.136     9.4263     9.2185   3.485243   3.475936     2.0757     2.4668      7.995     2.2382     3.9379 1.0715e-01     0.1606    96.0647     6.2407     6.4107    32.1974    32.2891    24.8573    24.9617    6.51418 0.0000e+00
