Datasets/AZMP/HUD120/hud120_2020_094.cnv
* Sea-Bird SBE 9 Data File:
* FileName = C:\CTDDATA\hud120_2020_094.hex
* Software Version Seasave V 7.26.7.110
* Temperature SN = 1697
* Conductivity SN = 4216
* Number of Bytes Per Scan = 30
* Number of Voltage Words = 4
* Number of Scans Averaged by the Deck Unit = 1
* NMEA baud rate = 4800
** VESSEL/TRIP/SEQ STN:  hud120-2020_094
** LATITUDE XX XX.XX: 49 22.00 N
** LONGITUDE XX XX.XX: 051 01.00 W
** SOUNDING DEPTH (M): 0343
** PROBE TYPE: S1146
** CTD NUMBER: 071
** FORMAT: V
** COMMENTS (14 CHAR): BB-09
** BOTTLES:  11
** LEVELS: 5,10,20,30,40,50,75,100,150,250,BTM
** STICKERS: 440008 - 440018
** VNET: Y
** DO2: N
# nquan = 22
# nvalues = 6591                        
# units = specified
# name 0 = scan: Scan Count
# name 1 = prDM: Pressure, Digiquartz [db]
# name 2 = t090C: Temperature [ITS-90, deg C]
# name 3 = t190C: Temperature, 2 [ITS-90, deg C]
# name 4 = c0S/m: Conductivity [S/m]
# name 5 = c1S/m: Conductivity, 2 [S/m]
# name 6 = sbeox0V: Oxygen raw, SBE 43 [V]
# name 7 = sbeox1V: Oxygen raw, SBE 43, 2 [V]
# name 8 = ph: pH
# name 9 = flECO-AFL: Fluorescence, WET Labs ECO-AFL/FL [mg/m^3]
# name 10 = wetCDOM: Fluorescence, WET Labs CDOM [mg/m^3]
# name 11 = par/sat/log: PAR/Logarithmic, Satlantic [umol photons/m^2/sec]
# name 12 = CStarAt0: Beam Attenuation, WET Labs C-Star [1/m]
# name 13 = CStarTr0: Beam Transmission, WET Labs C-Star [%]
# name 14 = sbeox0ML/L: Oxygen, SBE 43 [ml/l], WS = 2
# name 15 = sbeox1ML/L: Oxygen, SBE 43, 2 [ml/l], WS = 2
# name 16 = sal00: Salinity, Practical [PSU]
# name 17 = sal11: Salinity, Practical, 2 [PSU]
# name 18 = sigma-t00: Density [sigma-t, kg/m^3 ]
# name 19 = sigma-t11: Density, 2 [sigma-t, kg/m^3 ]
# name 20 = oxsatML/L: Oxygen Saturation, Weiss [ml/l]
# name 21 = flag: flag
# span 0 =        222,      53839       
# span 1 =      0.191,    335.245       
# span 2 =     0.7390,     3.2817       
# span 3 =     0.7285,     3.2770       
# span 4 =   2.360299,   3.173744       
# span 5 =   1.710947,   3.173213       
# span 6 =     1.8282,     2.2140       
# span 7 =     2.1452,     2.6237       
# span 8 =      8.033,      8.149       
# span 9 =     0.8850,     4.1409       
# span 10 =    -2.8130,   482.1870      
# span 11 = 1.0690e-01, 9.4709e+01      
# span 12 =     0.0810,     1.6923      
# span 13 =    65.5025,    97.9944      
# span 14 =     6.0273,     8.0153      
# span 15 =     6.0910,     7.9259      
# span 16 =    26.1834,    34.6043      
# span 17 =    18.4345,    34.6024      
# span 18 =    20.9186,    27.5431      
# span 19 =    14.7254,    27.5419      
# span 20 =    7.41352,    8.11678      
# span 21 = 0.0000e+00, 0.0000e+00      
# interval = scans: 3                   
# start_time = Nov 28 2020 14:19:24 [System UTC, header]
# bad_flag = -9.990e-29
*END*
[from data line 6190]
      38813     32.563     1.9233     1.9175   2.908201   2.907602     2.1792     2.5852      8.144     2.7979    13.6498 2.1954e+00     0.1368    96.6384     7.7144     7.8402    32.9378    32.9363    26.3253    26.3245    7.75889 0.0000e+00
      38816     32.462     1.9203     1.9214   2.908306   2.907608     2.1792     2.5865      8.144     3.1540    13.6498 2.2030e+00     0.1368    96.6384     7.7140     7.8442    32.9422    32.9324    26.3291    26.3212    7.75925 0.0000e+00
      38819     32.376     1.9229     1.9196   2.908174   2.907691     2.1792     2.5857      8.141     3.1540    13.6498 2.2183e+00     0.1368    96.6384     7.7158     7.8412    32.9380    32.9353    26.3255    26.3236    7.75897 0.0000e+00
      38822     32.305     1.9259     1.9170   2.908115   2.907778     2.1796     2.5857      8.144     3.1641    13.6498 2.2390e+00     0.1368    96.6384     7.7148     7.8391    32.9341    32.9392    26.3222    26.3269    7.75857 0.0000e+00
      38825     32.250     1.9263     1.9143   2.908132   2.907932     2.1809     2.5865      8.144     3.1743    13.6498 2.2494e+00     0.1372    96.6297     7.7203     7.8402    32.9340    32.9439    26.3221    26.3309    7.75850 0.0000e+00
      38828     32.209     1.9226     1.9167   2.908501   2.907731     2.1796     2.5861      8.142     3.1743   388.4243 2.2676e+00     0.1407    96.5428     7.7160     7.8359    32.9425    32.9390    26.3291    26.3268    7.75879 0.0000e+00
      38914     32.117     1.9090     1.8979   2.908916   2.908644     2.1837     2.5905      8.144     3.1641     4.7670 2.3020e+00     0.1422    96.5080     7.7261     7.8270    32.9619    32.9701    26.3456    26.3531    7.76048 0.0000e+00
      38917     31.988     1.9085     1.9028   2.908911   2.908341     2.1837     2.5901      8.144     3.1540     4.7670 2.3207e+00     0.1429    96.4906     7.7257     7.8291    32.9624    32.9612    26.3461    26.3456    7.76055 0.0000e+00
      38920     31.853     1.9107     1.9019   2.908808   2.908567     2.1841     2.5901      8.144     3.1031     4.7670 2.3477e+00     0.1429    96.4906     7.7296     7.8321    32.9589    32.9651    26.3431    26.3487    7.76030 0.0000e+00
      38923     31.709     1.9102     1.8979   2.908709   2.908763     2.1837     2.5901      8.144     3.0930     4.7670 2.3722e+00     0.1426    96.4993     7.7257     7.8341    32.9583    32.9717    26.3427    26.3544    7.76043 0.0000e+00
      38926     31.563     1.9146     1.8979   2.908453   2.908597     2.1829     2.5905      8.144     3.0930     4.7670 2.4082e+00     0.1429    96.4906     7.7195     7.8362    32.9505    32.9698    26.3362    26.3528    7.75996 0.0000e+00
      38929     31.414     1.9182     1.9028   2.908411   2.908386     2.1841     2.5909      8.144     3.0930     4.7670 2.4418e+00     0.1404    96.5515     7.7223     7.8368    32.9464    32.9622    26.3326    26.3463    7.75946 0.0000e+00
      38932     31.263     1.9174     1.9039   2.908430   2.908454     2.1845     2.5909      8.142     3.0828     7.3331 2.4874e+00     0.1400    96.5602     7.7245     7.8418    32.9476    32.9619    26.3336    26.3460    7.75956 0.0000e+00
      38935     31.108     1.9201     1.9033   2.908182   2.908290     2.1841     2.5901      8.142     3.0930     9.3860 2.5222e+00     0.1404    96.5515     7.7265     7.8412    32.9417    32.9606    26.3287    26.3450    7.75932 0.0000e+00
      38938     30.954     1.9226     1.9116   2.908087   2.907780     2.1841     2.5913      8.144     3.0828     9.2676 2.5692e+00     0.1400    96.5602     7.7295     7.8466    32.9380    32.9456    26.3255    26.3324    7.75902 0.0000e+00
      38941     30.798     1.9250     1.9181   2.908020   2.907543     2.1845     2.5922      8.144     3.0828     9.2676 2.5931e+00     0.1404    96.5515     7.7326     7.8518    32.9347    32.9360    26.3227    26.3242    7.75871 0.0000e+00
      38944     30.639     1.9258     1.9199   2.908020   2.907529     2.1853     2.5918      8.144     3.1438     9.2676 2.6355e+00     0.1407    96.5428     7.7380     7.8513    32.9339    32.9340    26.3220    26.3225    7.75859 0.0000e+00
      38947     30.484     1.9262     1.9205   2.908022   2.907528     2.1841     2.5922      8.144     3.3270     9.2676 2.6815e+00     0.1415    96.5254     7.7363     7.8549    32.9337    32.9334    26.3218    26.3220    7.75853 0.0000e+00
      38950     30.332     1.9262     1.9206   2.908073   2.907544     2.1837     2.5918      8.144     3.3372     9.2676 2.7221e+00     0.1450    96.4385     7.7350     7.8534    32.9344    32.9336    26.3224    26.3222    7.75849 0.0000e+00
      38953     30.184     1.9245     1.9198   2.908166   2.907646     2.1841     2.5922      8.144     3.3168     9.2676 2.7634e+00     0.1447    96.4471     7.7371     7.8560    32.9374    32.9358    26.3249    26.3240    7.75867 0.0000e+00
      38956     30.042     1.9239     1.9176   2.908164   2.907730     2.1853     2.5934      8.144     3.3270     9.2676 2.7987e+00     0.1450    96.4385     7.7444     7.8605    32.9381    32.9392    26.3255    26.3269    7.75876 0.0000e+00
      38959     29.908     1.9226     1.9158   2.908197   2.907752     2.1862     2.5930      8.144     3.3168   401.8077 2.8312e+00     0.1450    96.4385     7.7487     7.8571    32.9399    32.9414    26.3271    26.3288    7.75892 0.0000e+00
      38962     29.783     1.9217     1.9156   2.908219   2.907733     2.1862     2.5934      8.144     3.3270   481.7922 2.8675e+00     0.1450    96.4385     7.7465     7.8573    32.9412    32.9415    26.3282    26.3289    7.75903 0.0000e+00
      38965     29.672     1.9210     1.9166   2.908219   2.907652     2.1853     2.5942      8.144     3.3372   480.8052 2.9042e+00     0.1447    96.4471     7.7408     7.8615    32.9420    32.9396    26.3289    26.3272    7.75912 0.0000e+00
      38968     29.580     1.9219     1.9178   2.908141   2.907636     2.1862     2.5942      8.144     3.3270   481.0026 2.9210e+00     0.1480    96.3689     7.7453     7.8603    32.9402    32.9382    26.3273    26.3260    7.75905 0.0000e+00
      38971     29.510     1.9234     1.9181   2.908102   2.907630     2.1866     2.5946      8.144     3.3982   481.0026 2.9447e+00     0.1505    96.3081     7.7467     7.8595    32.9382    32.9378    26.3256    26.3257    7.75885 0.0000e+00
      38974     29.462     1.9238     1.9180   2.908073   2.907646     2.1866     2.5950      8.144     3.4898   481.0026 2.9447e+00     0.1505    96.3081     7.7444     7.8596    32.9374    32.9381    26.3249    26.3259    7.75881 0.0000e+00
      40580     29.441     1.9059     1.9014   2.909146   2.908693     2.1792     2.5832      8.144     3.0827   322.2574 2.5008e+00     0.1425    96.4993     7.6929     7.7884    32.9695    32.9685    26.3520    26.3515    7.76071 0.0000e+00
      41570     29.418     1.8997     1.8926   2.910373   2.910479     2.1739     2.5762      8.144     2.9607     4.5301 3.1819e+00     0.1379    96.6123     7.6686     7.7583    32.9913    33.0001    26.3699    26.3775    7.76079 0.0000e+00
      41830     29.395     1.9040     1.8969   2.909517   2.909517     2.1755     2.5774      8.144     2.9301     4.8065 3.2616e+00     0.1386    96.5949     7.6799     7.7665    32.9761    32.9836    26.3574    26.3639    7.76073 0.0000e+00
      42444     29.368     1.9079     1.9033   2.908806   2.908279     2.1776     2.5795      8.144     2.8793   214.4796 3.3028e+00     0.1400    96.5602     7.6899     7.7892    32.9631    32.9614    26.3468    26.3457    7.76063 0.0000e+00
      42495     29.287     1.9069     1.9024   2.909070   2.908591     2.1771     2.5799      8.144     2.8182    -0.9970 3.2752e+00     0.1400    96.5602     7.6861     7.7959    32.9676    32.9663    26.3503    26.3497    7.76060 0.0000e+00
      42498     29.194     1.9072     1.9025   2.908976   2.908297     2.1771     2.5811      8.144     2.8284     1.3718 3.3172e+00     0.1400    96.5602     7.6901     7.8021    32.9662    32.9625    26.3492    26.3467    7.76062 0.0000e+00
      42501     29.106     1.9073     1.9028   2.908732   2.908051     2.1788     2.5803      8.144     2.8182     2.3193 3.3596e+00     0.1400    96.5602     7.7000     7.8003    32.9631    32.9592    26.3468    26.3440    7.76076 0.0000e+00
      42504     29.019     1.9084     1.9039   2.908403   2.907816     2.1792     2.5807      8.144     2.8284     2.3587 3.4026e+00     0.1411    96.5341     7.7041     7.8025    32.9578    32.9551    26.3424    26.3406    7.76081 0.0000e+00
      42507     28.938     1.9099     1.9054   2.908279   2.907659     2.1788     2.5799      8.144     2.8894     2.3193 3.4223e+00     0.1422    96.5080     7.7025     7.8005    32.9547    32.9517    26.3399    26.3377    7.76067 0.0000e+00
      42510     28.865     1.9109     1.9066   2.908098   2.907586     2.1783     2.5811      8.144     2.8894     2.3587 3.4541e+00     0.1422    96.5080     7.7007     7.8057    32.9514    32.9496    26.3372    26.3360    7.76065 0.0000e+00
      42513     28.799     1.9117     1.9066   2.908092   2.907582     2.1783     2.5811      8.144     2.8894     2.2798 3.4742e+00     0.1418    96.5167     7.7024     7.8062    32.9506    32.9495    26.3364    26.3359    7.76054 0.0000e+00
      42516     28.741     1.9113     1.9064   2.908092   2.907654     2.1788     2.5811      8.144     2.8691     2.3193 3.5024e+00     0.1418    96.5167     7.7062     7.8073    32.9511    32.9507    26.3368    26.3369    7.76059 0.0000e+00
      42519     28.691     1.9113     1.9059   2.908114   2.907693     2.1792     2.5823      8.144     2.8894     6.2672 3.5268e+00     0.1422    96.5080     7.7063     7.8126    32.9514    32.9518    26.3371    26.3378    7.76058 0.0000e+00
      42522     28.647     1.9108     1.9057   2.908154   2.907678     2.1792     2.5819      8.144     2.8793    10.4125 3.5472e+00     0.1418    96.5167     7.7011     7.8131    32.9524    32.9517    26.3379    26.3378    7.76062 0.0000e+00
      42525     28.614     1.9107     1.9056   2.908092   2.907639     2.1792     2.5819      8.144     2.8894    10.2151 3.5554e+00     0.1433    96.4819     7.7002     7.8134    32.9518    32.9515    26.3375    26.3375    7.76067 0.0000e+00
      42528     28.588     1.9105     1.9058   2.908038   2.907666     2.1796     2.5823      8.144     2.8793    10.2546 3.5636e+00     0.1433    96.4819     7.7064     7.8163    32.9513    32.9516    26.3371    26.3376    7.76074 0.0000e+00
      42582     28.557     1.9074     1.9048   2.908123   2.907782     2.1816     2.5860      8.144     3.2862     7.6095 3.4782e+00     0.1411    96.5341     7.7113     7.8182    32.9556    32.9541    26.3407    26.3397    7.76113 0.0000e+00
      42585     28.517     1.9079     1.9050   2.908094   2.907615     2.1808     2.5860      8.144     3.2862     7.6095 3.4742e+00     0.1429    96.4906     7.7072     7.8209    32.9547    32.9518    26.3400    26.3378    7.76107 0.0000e+00
      42588     28.464     1.9076     1.9055   2.908166   2.907564     2.1816     2.5868      8.144     3.2862     7.6095 3.4782e+00     0.1440    96.4645     7.7121     7.8257    32.9560    32.9506    26.3411    26.3369    7.76107 0.0000e+00
      42591     28.403     1.9075     1.9057   2.908111   2.907470     2.1808     2.5872      8.144     3.2862     7.6095 3.4742e+00     0.1443    96.4558     7.7097     7.8264    32.9555    32.9493    26.3406    26.3358    7.76112 0.0000e+00
      42594     28.332     1.9082     1.9059   2.908088   2.907483     2.1816     2.5864      8.144     3.3066     7.6095 3.4983e+00     0.1440    96.4645     7.7127     7.8252    32.9545    32.9493    26.3398    26.3358    7.76103 0.0000e+00
      42597     28.248     1.9085     1.9053   2.908091   2.907538     2.1816     2.5868      8.144     3.3066     7.3331 3.5227e+00     0.1440    96.4645     7.7130     7.8279    32.9542    32.9507    26.3396    26.3369    7.76098 0.0000e+00
      42600     28.153     1.9087     1.9049   2.908069   2.907517     2.1816     2.5872      8.144     3.2862     6.7804 3.5472e+00     0.1443    96.4558     7.7159     7.8305    32.9538    32.9508    26.3392    26.3371    7.76097 0.0000e+00
      42603     28.051     1.9094     1.9045   2.908025   2.907600     2.1816     2.5872      8.144     3.2964     6.7804 3.5595e+00     0.1436    96.4732     7.7140     7.8318    32.9526    32.9524    26.3382    26.3384    7.76088 0.0000e+00
      42606     27.940     1.9097     1.9048   2.908096   2.907530     2.1816     2.5872      8.144     3.2862     6.7804 3.5843e+00     0.1440    96.4645     7.7129     7.8329    32.9532    32.9513    26.3387    26.3375    7.76079 0.0000e+00
      42609     27.823     1.9096     1.9055   2.908040   2.907459     2.1820     2.5884      8.144     3.1947     6.7804 3.6218e+00     0.1440    96.4645     7.7157     7.8381    32.9526    32.9496    26.3382    26.3361    7.76084 0.0000e+00
      42612     27.700     1.9109     1.9066   2.907926   2.907394     2.1824     2.5884      8.144     2.9810     6.7804 3.6428e+00     0.1443    96.4558     7.7186     7.8373    32.9500    32.9478    26.3360    26.3346    7.76073 0.0000e+00
      42615     27.572     1.9122     1.9071   2.907858   2.907373     2.1824     2.5880      8.144     2.9607     6.7804 3.6724e+00     0.1440    96.4645     7.7189     7.8382    32.9479    32.9471    26.3342    26.3340    7.76058 0.0000e+00
      42618     27.439     1.9129     1.9086   2.907798   2.907258     2.1816     2.5896      8.144     2.9709     6.7804 3.7023e+00     0.1443    96.4558     7.7142     7.8466    32.9465    32.9441    26.3330    26.3315    7.76052 0.0000e+00
      42621     27.305     1.9137     1.9090   2.907777   2.907240     2.1828     2.5892      8.144     2.9709     6.7409 3.7367e+00     0.1443    96.4558     7.7204     7.8436    32.9454    32.9436    26.3322    26.3310    7.76041 0.0000e+00
      42624     27.171     1.9140     1.9095   2.907727   2.907219     2.1824     2.5892      8.144     2.9709   280.5675 3.7670e+00     0.1443    96.4558     7.7166     7.8421    32.9446    32.9429    26.3314    26.3304    7.76039 0.0000e+00
      42627     27.034     1.9144     1.9096   2.907718   2.907172     2.1816     2.5896      8.144     2.9709   482.0686 3.8064e+00     0.1443    96.4558     7.7112     7.8427    32.9441    32.9422    26.3310    26.3299    7.76034 0.0000e+00
      42630     26.900     1.9145     1.9098   2.907673   2.907148     2.1824     2.5900      8.144     2.9709   480.6868 3.8329e+00     0.1440    96.4645     7.7138     7.8423    32.9435    32.9419    26.3305    26.3296    7.76035 0.0000e+00
      42633     26.763     1.9149     1.9100   2.907657   2.907165     2.1828     2.5900      8.144     2.9607   481.0026 3.8685e+00     0.1443    96.4558     7.7182     7.8415    32.9429    32.9419    26.3301    26.3296    7.76030 0.0000e+00
      42636     26.631     1.9155     1.9103   2.907600   2.907124     2.1837     2.5905      8.144     3.0014   481.0026 3.9090e+00     0.1443    96.4558     7.7235     7.8444    32.9417    32.9412    26.3290    26.3290    7.76024 0.0000e+00
      42639     26.499     1.9155     1.9105   2.907569   2.907078     2.1824     2.5909      8.144     3.0217   481.0026 3.9591e+00     0.1443    96.4558     7.7184     7.8465    32.9414    32.9405    26.3288    26.3284    7.76026 0.0000e+00
      42642     26.371     1.9155     1.9108   2.907563   2.907048     2.1832     2.5917      8.144     3.0217   481.0026 4.0051e+00     0.1440    96.4645     7.7241     7.8478    32.9414    32.9398    26.3288    26.3279    7.76025 0.0000e+00
      42645     26.245     1.9154     1.9106   2.907544   2.907044     2.1832     2.5909      8.144     3.0420   481.0026 4.0423e+00     0.1443    96.4558     7.7240     7.8440    32.9413    32.9401    26.3287    26.3280    7.76028 0.0000e+00
