Datasets/AZMP/HUD120/hud120_2020_082.cnv
* Sea-Bird SBE 9 Data File:
* FileName = C:\CTDDATA\hud120_2020_082.hex
* Software Version Seasave V 7.26.7.110
* Temperature SN = 1697
* Conductivity SN = 4216
* Number of Bytes Per Scan = 30
* Number of Voltage Words = 4
* Number of Scans Averaged by the Deck Unit = 1
* NMEA baud rate = 4800
** VESSEL/TRIP/SEQ STN:  hud120_2020_082
** LATITUDE XX XX.XX: 47 00.00 N
** LONGITUDE XX XX.XX W: 052 49.90 W
** SOUNDING DEPTH (M): 0107
** PROBE TYPE: S1146
** CTD NUMBER: 061
** FORMAT: V
** COMMENTS (14 CHAR): FC-01
** BOTTLES:  8
** LEVELS: 5,10,20,30,40,50,75,BTM
** STICKERS: 439930 - 439937
** VNET: Y
** DO2: N
# nquan = 22
# nvalues = 2824                        
# units = specified
# name 0 = scan: Scan Count
# name 1 = prDM: Pressure, Digiquartz [db]
# name 2 = t090C: Temperature [ITS-90, deg C]
# name 3 = t190C: Temperature, 2 [ITS-90, deg C]
# name 4 = c0S/m: Conductivity [S/m]
# name 5 = c1S/m: Conductivity, 2 [S/m]
# name 6 = sbeox0V: Oxygen raw, SBE 43 [V]
# name 7 = sbeox1V: Oxygen raw, SBE 43, 2 [V]
# name 8 = ph: pH
# name 9 = flECO-AFL: Fluorescence, WET Labs ECO-AFL/FL [mg/m^3]
# name 10 = wetCDOM: Fluorescence, WET Labs CDOM [mg/m^3]
# name 11 = par/sat/log: PAR/Logarithmic, Satlantic [umol photons/m^2/sec]
# name 12 = CStarAt0: Beam Attenuation, WET Labs C-Star [1/m]
# name 13 = CStarTr0: Beam Transmission, WET Labs C-Star [%]
# name 14 = sbeox0ML/L: Oxygen, SBE 43 [ml/l], WS = 2
# name 15 = sbeox1ML/L: Oxygen, SBE 43, 2 [ml/l], WS = 2
# name 16 = sal00: Salinity, Practical [PSU]
# name 17 = sal11: Salinity, Practical, 2 [PSU]
# name 18 = sigma-t00: Density [sigma-t, kg/m^3 ]
# name 19 = sigma-t11: Density, 2 [sigma-t, kg/m^3 ]
# name 20 = oxsatML/L: Oxygen Saturation, Weiss [ml/l]
# name 21 = flag: flag
# span 0 =         44,      33619       
# span 1 =      0.760,    102.468       
# span 2 =     1.2517,     4.1363       
# span 3 =     1.2536,     4.1322       
# span 4 =   2.806955,   2.976465       
# span 5 =   2.806868,   2.975960       
# span 6 =     2.1030,     2.2108       
# span 7 =     2.4994,     2.6328       
# span 8 =      8.105,      8.154       
# span 9 =     1.1902,     3.0420       
# span 10 =    -2.8130,   482.1870      
# span 11 = 1.0497e-01, 6.9409e-01      
# span 12 =     0.1060,     0.1498      
# span 13 =    96.3255,    97.3859      
# span 14 =     7.3245,     7.6114      
# span 15 =     7.2942,     7.7925      
# span 16 =    31.5422,    32.3202      
# span 17 =    31.5409,    32.3182      
# span 18 =    25.0255,    25.8756      
# span 19 =    25.0255,    25.8738      
# span 20 =    7.40653,    7.92779      
# span 21 = 0.0000e+00, 0.0000e+00      
# interval = scans: 3                   
# start_time = Nov 27 2020 05:04:09 [System UTC, header]
# bad_flag = -9.990e-29
*END*
[from data line 659]
       2048     54.929     3.0736     3.0686   2.919766   2.919229     2.1718     2.5833      8.139     1.7702    14.9526 1.0727e-01     0.1195    97.0556     7.4770     7.6284    31.8997    31.8981    25.4046    25.4038    7.58798 0.0000e+00
       2051     55.011     3.0736     3.0690   2.919745   2.919252     2.1718     2.5833      8.139     1.7804    14.9526 1.0727e-01     0.1206    97.0295     7.4744     7.6254    31.8994    31.8980    25.4044    25.4037    7.58800 0.0000e+00
       2054     55.093     3.0735     3.0688   2.919768   2.919236     2.1709     2.5837      8.139     1.7702    14.9526 1.0727e-01     0.1199    97.0469     7.4696     7.6252    31.8997    31.8980    25.4047    25.4037    7.58799 0.0000e+00
       2057     55.174     3.0731     3.0682   2.919774   2.919244     2.1718     2.5828      8.139     1.7804   103.4646 1.0740e-01     0.1206    97.0295     7.4746     7.6242    31.9001    31.8986    25.4050    25.4042    7.58805 0.0000e+00
       2060     55.260     3.0730     3.0678   2.919747   2.919201     2.1718     2.5828      8.139     1.7804   478.3181 1.0727e-01     0.1202    97.0382     7.4753     7.6269    31.8999    31.8985    25.4049    25.4042    7.58809 0.0000e+00
       2063     55.340     3.0722     3.0672   2.919750   2.919210     2.1709     2.5824      8.139     1.7702   481.3580 1.0715e-01     0.1199    97.0469     7.4712     7.6243    31.9007    31.8991    25.4055    25.4048    7.58820 0.0000e+00
       2066     55.421     3.0716     3.0666   2.919724   2.919189     2.1713     2.5833      8.139     1.7905   481.2395 1.0740e-01     0.1206    97.0295     7.4721     7.6233    31.9009    31.8994    25.4057    25.4050    7.58830 0.0000e+00
       2069     55.505     3.0717     3.0667   2.919735   2.919208     2.1709     2.5837      8.139     1.7905   481.2395 1.0715e-01     0.1235    96.9600     7.4694     7.6212    31.9009    31.8994    25.4057    25.4051    7.58828 0.0000e+00
       2072     55.587     3.0707     3.0671   2.919712   2.919232     2.1705     2.5828      8.139     1.7905   481.3184 1.0727e-01     0.1238    96.9513     7.4652     7.6140    31.9016    31.8993    25.4064    25.4049    7.58845 0.0000e+00
       2075     55.669     3.0692     3.0667   2.919677   2.919213     2.1697     2.5824      8.139     1.7905   481.3579 1.0727e-01     0.1238    96.9513     7.4640     7.6111    31.9025    31.8995    25.4073    25.4051    7.58867 0.0000e+00
       2078     55.752     3.0691     3.0646   2.919685   2.919171     2.1705     2.5828      8.139     1.7397   481.3579 1.0740e-01     0.1238    96.9513     7.4687     7.6139    31.9028    31.9010    25.4075    25.4065    7.58869 0.0000e+00
       2081     55.836     3.0691     3.0639   2.919703   2.919187     2.1697     2.5837      8.139     1.6786   481.3579 1.0727e-01     0.1235    96.9600     7.4646     7.6167    31.9029    31.9019    25.4076    25.4072    7.58869 0.0000e+00
       2084     55.925     3.0685     3.0634   2.919694   2.919163     2.1705     2.5837      8.139     1.6888   266.9473 1.0727e-01     0.1238    96.9513     7.4705     7.6153    31.9033    31.9020    25.4080    25.4073    7.58877 0.0000e+00
       2087     56.014     3.0683     3.0631   2.919717   2.919167     2.1701     2.5828      8.139     1.6989     5.4381 1.0727e-01     0.1235    96.9600     7.4701     7.6088    31.9038    31.9023    25.4084    25.4076    7.58880 0.0000e+00
       2090     56.101     3.0687     3.0632   2.919699   2.919173     2.1701     2.5816      8.139     1.6989    16.1369 1.0727e-01     0.1202    97.0382     7.4684     7.6019    31.9031    31.9022    25.4078    25.4075    7.58874 0.0000e+00
       2093     56.190     3.0686     3.0636   2.919741   2.919180     2.1701     2.5816      8.139     1.6888    15.6632 1.0727e-01     0.1195    97.0556     7.4675     7.6024    31.9037    31.9019    25.4082    25.4073    7.58873 0.0000e+00
       2096     56.280     3.0687     3.0637   2.919735   2.919200     2.1697     2.5816      8.139     1.6989    15.6632 1.0727e-01     0.1202    97.0382     7.4653     7.6032    31.9035    31.9019    25.4081    25.4073    7.58873 0.0000e+00
       2099     56.372     3.0679     3.0638   2.919677   2.919201     2.1701     2.5820      8.139     1.6989    15.6632 1.0740e-01     0.1195    97.0556     7.4654     7.6042    31.9035    31.9019    25.4082    25.4072    7.58888 0.0000e+00
       2102     56.463     3.0649     3.0622   2.919533   2.919131     2.1701     2.5820      8.139     1.6888    15.6632 1.0752e-01     0.1202    97.0382     7.4630     7.6020    31.9047    31.9025    25.4093    25.4079    7.58939 0.0000e+00
       2105     56.557     3.0631     3.0600   2.919455   2.918998     2.1693     2.5816      8.139     1.7499    15.6632 1.0740e-01     0.1199    97.0469     7.4579     7.6010    31.9055    31.9031    25.4102    25.4085    7.58969 0.0000e+00
       2108     56.653     3.0614     3.0582   2.919369   2.918935     2.1697     2.5816      8.139     1.7804    15.6632 1.0727e-01     0.1220    96.9948     7.4593     7.6032    31.9061    31.9040    25.4108    25.4094    7.58999 0.0000e+00
       2111     56.749     3.0609     3.0571   2.919381   2.918894     2.1693     2.5804      8.139     1.7905   354.7487 1.0740e-01     0.1249    96.9252     7.4562     7.6000    31.9066    31.9046    25.4113    25.4099    7.59006 0.0000e+00
       2114     56.845     3.0610     3.0546   2.919356   2.918723     2.1681     2.5812      8.139     1.7905   482.0291 1.0727e-01     0.1249    96.9252     7.4494     7.6019    31.9062    31.9049    25.4109    25.4104    7.59006 0.0000e+00
       2117     56.946     3.0588     3.0509   2.919177   2.918527     2.1685     2.5808      8.139     1.7702   481.0026 1.0727e-01     0.1249    96.9252     7.4505     7.5988    31.9061    31.9062    25.4110    25.4117    7.59047 0.0000e+00
       2120     57.049     3.0544     3.0484   2.918960   2.918412     2.1685     2.5812      8.140     1.7905   481.3579 1.0715e-01     0.1249    96.9252     7.4523     7.5993    31.9078    31.9072    25.4127    25.4128    7.59123 0.0000e+00
       2123     57.153     3.0515     3.0468   2.918820   2.918303     2.1681     2.5808      8.140     1.7905   481.2790 1.0740e-01     0.1249    96.9252     7.4521     7.5969    31.9090    31.9074    25.4139    25.4131    7.59174 0.0000e+00
       2126     57.258     3.0484     3.0436   2.918609   2.918136     2.1677     2.5800      8.140     1.7804   481.3579 1.0727e-01     0.1249    96.9252     7.4533     7.5955    31.9094    31.9085    25.4146    25.4142    7.59230 0.0000e+00
       2129     57.365     3.0428     3.0404   2.918311   2.917937     2.1681     2.5800      8.140     1.8007   481.2790 1.0715e-01     0.1213    97.0121     7.4582     7.5947    31.9113    31.9092    25.4165    25.4150    7.59327 0.0000e+00
       2132     57.475     3.0389     3.0363   2.918176   2.917778     2.1681     2.5800      8.140     1.8923   481.3579 1.0740e-01     0.1192    97.0643     7.4627     7.5955    31.9135    31.9113    25.4186    25.4171    7.59391 0.0000e+00
       2135     57.584     3.0374     3.0345   2.918166   2.917728     2.1673     2.5788      8.140     1.9025   452.0645 1.0740e-01     0.1195    97.0556     7.4621     7.5914    31.9148    31.9124    25.4198    25.4181    7.59413 0.0000e+00
       2138     57.696     3.0385     3.0343   2.918218   2.917715     2.1669     2.5788      8.140     1.9025    35.1659 1.0740e-01     0.1192    97.0643     7.4614     7.5917    31.9143    31.9124    25.4192    25.4181    7.59395 0.0000e+00
       2141     57.811     3.0376     3.0322   2.918164   2.917613     2.1673     2.5788      8.140     1.9025    13.6103 1.0740e-01     0.1188    97.0730     7.4624     7.5924    31.9144    31.9132    25.4195    25.4189    7.59411 0.0000e+00
       2144     57.929     3.0371     3.0316   2.918139   2.917594     2.1673     2.5792      8.140     1.9025    14.5578 1.0715e-01     0.1195    97.0556     7.4622     7.5929    31.9147    31.9135    25.4197    25.4192    7.59420 0.0000e+00
       2147     58.047     3.0372     3.0307   2.918162   2.917539     2.1673     2.5784      8.140     1.9228    14.4788 1.0727e-01     0.1195    97.0556     7.4608     7.5934    31.9148    31.9136    25.4198    25.4194    7.59418 0.0000e+00
       2150     58.168     3.0367     3.0293   2.918135   2.917481     2.1669     2.5784      8.140     1.9126    14.4788 1.0752e-01     0.1206    97.0295     7.4577     7.5961    31.9148    31.9143    25.4198    25.4200    7.59427 0.0000e+00
       2153     58.291     3.0343     3.0295   2.917900   2.917445     2.1673     2.5776      8.140     1.9228    14.4788 1.0740e-01     0.1206    97.0295     7.4593     7.5941    31.9143    31.9136    25.4196    25.4195    7.59475 0.0000e+00
       2156     58.416     3.0278     3.0247   2.917600   2.917205     2.1677     2.5776      8.140     1.8516    14.4788 1.0740e-01     0.1202    97.0382     7.4624     7.5984    31.9170    31.9153    25.4224    25.4213    7.59586 0.0000e+00
       2159     58.543     3.0236     3.0215   2.917373   2.917072     2.1665     2.5784      8.140     1.7702    14.4788 1.0752e-01     0.1206    97.0295     7.4581     7.6045    31.9185    31.9168    25.4239    25.4227    7.59659 0.0000e+00
       2162     58.672     3.0176     3.0189   2.917096   2.916935     2.1669     2.5776      8.140     1.7702   136.4296 1.0727e-01     0.1206    97.0295     7.4616     7.6027    31.9209    31.9177    25.4263    25.4237    7.59760 0.0000e+00
       2165     58.797     3.0154     3.0165   2.917031   2.916787     2.1661     2.5767      8.140     1.7702   482.1870 1.0740e-01     0.1195    97.0556     7.4571     7.6005    31.9222    31.9183    25.4275    25.4243    7.59796 0.0000e+00
       2168     58.925     3.0117     3.0110   2.916898   2.916475     2.1661     2.5767      8.140     1.7702   480.7263 1.0740e-01     0.1206    97.0295     7.4582     7.6019    31.9243    31.9198    25.4295    25.4260    7.59858 0.0000e+00
       2171     59.056     3.0121     3.0072   2.916929   2.916361     2.1652     2.5776      8.140     1.7804   481.2395 1.0715e-01     0.1231    96.9687     7.4561     7.6073    31.9242    31.9222    25.4294    25.4282    7.59850 0.0000e+00
       2174     59.185     3.0119     3.0057   2.916896   2.916296     2.1657     2.5772      8.140     1.7702   481.2790 1.0740e-01     0.1228    96.9774     7.4605     7.6090    31.9239    31.9228    25.4292    25.4288    7.59855 0.0000e+00
       2177     59.315     3.0104     3.0030   2.916819   2.916164     2.1657     2.5772      8.140     1.7804   481.3184 1.0740e-01     0.1231    96.9687     7.4618     7.6098    31.9244    31.9238    25.4297    25.4299    7.59881 0.0000e+00
       2180     59.444     3.0091     3.0020   2.916694   2.916160     2.1652     2.5776      8.140     1.7804   481.3579 1.0727e-01     0.1228    96.9774     7.4634     7.6110    31.9241    31.9247    25.4296    25.4306    7.59908 0.0000e+00
       2183     59.575     3.0082     3.0031   2.916742   2.916189     2.1657     2.5772      8.140     1.7193   481.3184 1.0715e-01     0.1235    96.9600     7.4673     7.6084    31.9255    31.9239    25.4308    25.4299    7.59918 0.0000e+00
       2186     59.705     3.0082     3.0016   2.916728   2.916099     2.1657     2.5772      8.140     1.6888   481.3579 1.0727e-01     0.1231    96.9687     7.4691     7.6090    31.9253    31.9243    25.4305    25.4303    7.59919 0.0000e+00
       2189     59.833     3.0083     3.0014   2.916742   2.916110     2.1652     2.5763      8.140     1.6786   229.4027 1.0740e-01     0.1221    96.9948     7.4695     7.6057    31.9253    31.9245    25.4306    25.4305    7.59917 0.0000e+00
       2192     59.958     3.0083     3.0013   2.916726   2.916112     2.1657     2.5763      8.140     1.6786     1.8061 1.0715e-01     0.1206    97.0295     7.4715     7.6035    31.9250    31.9245    25.4303    25.4306    7.59918 0.0000e+00
       2195     60.081     3.0074     3.0012   2.916707   2.916101     2.1657     2.5767      8.140     1.6786     9.5834 1.0715e-01     0.1206    97.0295     7.4722     7.6035    31.9256    31.9245    25.4309    25.4305    7.59933 0.0000e+00
       2198     60.204     3.0074     3.0003   2.916735   2.916079     2.1657     2.5772      8.140     1.6888     9.1491 1.0740e-01     0.1206    97.0295     7.4718     7.6054    31.9259    31.9250    25.4311    25.4310    7.59931 0.0000e+00
       2201     60.323     3.0076     3.0003   2.916724   2.916079     2.1657     2.5763      8.138     1.6888     9.1491 1.0740e-01     0.1206    97.0295     7.4705     7.6007    31.9255    31.9249    25.4308    25.4310    7.59930 0.0000e+00
       2204     60.439     3.0052     2.9994   2.916532   2.916020     2.1648     2.5763      8.140     1.6888     9.1491 1.0752e-01     0.1206    97.0295     7.4667     7.6030    31.9255    31.9250    25.4310    25.4311    7.59975 0.0000e+00
       2207     60.553     3.0025     2.9982   2.916476   2.915970     2.1652     2.5755      8.140     1.6786     9.1491 1.0715e-01     0.1206    97.0295     7.4690     7.6020    31.9274    31.9256    25.4328    25.4316    7.60017 0.0000e+00
       2210     60.668     3.0025     2.9972   2.916497   2.915930     2.1652     2.5755      8.140     1.6278     9.1491 1.0740e-01     0.1224    96.9861     7.4676     7.6034    31.9277    31.9260    25.4330    25.4320    7.60017 0.0000e+00
       2213     60.781     3.0007     2.9961   2.916320   2.915839     2.1648     2.5763      8.140     1.6379     9.1491 1.0740e-01     0.1228    96.9774     7.4631     7.6078    31.9272    31.9260    25.4328    25.4321    7.60053 0.0000e+00
       2216     60.886     2.9988     2.9934   2.916258   2.915699     2.1648     2.5755      8.140     1.6278   390.5561 1.0727e-01     0.1228    96.9774     7.4612     7.6026    31.9283    31.9269    25.4338    25.4331    7.60084 0.0000e+00
       2219     60.989     2.9989     2.9918   2.916300   2.915641     2.1657     2.5755      8.140     1.6278   481.9106 1.0727e-01     0.1228    96.9774     7.4649     7.6013    31.9287    31.9278    25.4341    25.4339    7.60080 0.0000e+00
       2222     61.092     2.9980     2.9929   2.916245   2.915754     2.1648     2.5751      8.140     1.6481   481.0026 1.0740e-01     0.1228    96.9774     7.4628     7.6005    31.9288    31.9280    25.4343    25.4340    7.60096 0.0000e+00
       2225     61.189     2.9992     2.9949   2.916332   2.915849     2.1644     2.5751      8.140     1.6176   481.3184 1.0715e-01     0.1231    96.9687     7.4644     7.6018    31.9286    31.9270    25.4340    25.4331    7.60074 0.0000e+00
       2228     61.287     3.0010     2.9957   2.916459   2.915892     2.1652     2.5763      8.140     1.6481   481.3579 1.0727e-01     0.1228    96.9774     7.4705     7.6080    31.9283    31.9267    25.4336    25.4328    7.60041 0.0000e+00
       2231     61.380     3.0017     2.9959   2.916487   2.915894     2.1648     2.5751      8.140     1.6278   481.2790 1.0752e-01     0.1199    97.0469     7.4672     7.6048    31.9279    31.9265    25.4332    25.4326    7.60030 0.0000e+00
       2234     61.473     3.0007     2.9964   2.916413   2.915914     2.1636     2.5759      8.140     1.6278   481.3579 1.0727e-01     0.1195    97.0556     7.4613     7.6075    31.9280    31.9262    25.4334    25.4323    7.60049 0.0000e+00
       2237     61.563     3.0009     2.9937   2.916460   2.915760     2.1636     2.5747      8.140     1.6278   481.3579 1.0727e-01     0.1195    97.0556     7.4597     7.6051    31.9283    31.9270    25.4336    25.4332    7.60044 0.0000e+00
       2240     61.653     3.0000     2.9900   2.916387   2.915539     2.1640     2.5739      8.140     1.6176   424.7844 1.0740e-01     0.1195    97.0556     7.4623     7.6039    31.9282    31.9279    25.4336    25.4343    7.60060 0.0000e+00
