Datasets/AZMP/HUD120/hud120_2020_069.cnv
* Sea-Bird SBE 9 Data File:
* FileName = C:\CTDDATA\hud120_2020_069.hex
* Software Version Seasave V 7.26.7.110
* Temperature SN = 1697
* Conductivity SN = 4216
* Number of Bytes Per Scan = 30
* Number of Voltage Words = 4
* Number of Scans Averaged by the Deck Unit = 1
* NMEA baud rate = 4800
** VESSEL/TRIP/SEQ STN:  hud120_2020_069
** LATITUDE XX XX.XX: 47 00.00 N
** LONGITUDE XX XX.XX: 047 49.00 W
** SOUNDING DEPTH (M): 0168
** PROBE TYPE: S1146
** CTD NUMBER: 048
** FORMAT: V
** COMMENTS (14 CHAR): FC-13
** BOTTLES:  10
** LEVELS: 5,10,20,30,40,50,75,100,150,BTM
** STICKERS: 439834 - 439843
** VNET: Y
** DO2: N
# nquan = 22
# nvalues = 3139                        
# units = specified
# name 0 = scan: Scan Count
# name 1 = prDM: Pressure, Digiquartz [db]
# name 2 = t090C: Temperature [ITS-90, deg C]
# name 3 = t190C: Temperature, 2 [ITS-90, deg C]
# name 4 = c0S/m: Conductivity [S/m]
# name 5 = c1S/m: Conductivity, 2 [S/m]
# name 6 = sbeox0V: Oxygen raw, SBE 43 [V]
# name 7 = sbeox1V: Oxygen raw, SBE 43, 2 [V]
# name 8 = ph: pH
# name 9 = flECO-AFL: Fluorescence, WET Labs ECO-AFL/FL [mg/m^3]
# name 10 = wetCDOM: Fluorescence, WET Labs CDOM [mg/m^3]
# name 11 = par/sat/log: PAR/Logarithmic, Satlantic [umol photons/m^2/sec]
# name 12 = CStarAt0: Beam Attenuation, WET Labs C-Star [1/m]
# name 13 = CStarTr0: Beam Transmission, WET Labs C-Star [%]
# name 14 = sbeox0ML/L: Oxygen, SBE 43 [ml/l], WS = 2
# name 15 = sbeox1ML/L: Oxygen, SBE 43, 2 [ml/l], WS = 2
# name 16 = sal00: Salinity, Practical [PSU]
# name 17 = sal11: Salinity, Practical, 2 [PSU]
# name 18 = sigma-t00: Density [sigma-t, kg/m^3 ]
# name 19 = sigma-t11: Density, 2 [sigma-t, kg/m^3 ]
# name 20 = oxsatML/L: Oxygen Saturation, Weiss [ml/l]
# name 21 = flag: flag
# span 0 =        107,      30601       
# span 1 =      3.192,    162.355       
# span 2 =     0.4502,     2.9275       
# span 3 =     0.4404,     2.9214       
# span 4 =   2.832911,   2.977038       
# span 5 =   2.832098,   2.976547       
# span 6 =     1.8583,     2.2376       
# span 7 =     2.2071,     2.6822       
# span 8 =      7.959,      8.102       
# span 9 =     0.9257,     8.3025       
# span 10 =    -2.8130,   482.1870      
# span 11 = 1.0715e-01, 4.5953e+01      
# span 12 =     0.0683,     1.1766      
# span 13 =    74.5165,    98.3073      
# span 14 =     6.4006,     7.7317      
# span 15 =     6.5908,     7.9489      
# span 16 =    32.6424,    33.9533      
# span 17 =    32.6375,    33.9524      
# span 18 =    26.0104,    27.1914      
# span 19 =    26.0069,    27.1909      
# span 20 =    7.57498,    8.03111      
# span 21 = 0.0000e+00, 0.0000e+00      
# interval = scans: 3                   
# start_time = Nov 24 2020 16:29:03 [System UTC, header]
# bad_flag = -9.990e-29
*END*
[from data line 1515]
       6950    157.077     1.1844     1.1792   2.931718   2.931241     1.8592     2.2100      7.961     0.9663   481.3184 1.0740e-01     0.1350    96.6818     6.4460     6.6063    33.9511    33.9505    27.1899    27.1898    7.85447 0.0000e+00
       6953    156.999     1.1839     1.1789   2.931679   2.931230     1.8596     2.2088      7.959     1.0274   481.3579 1.0740e-01     0.1353    96.6732     6.4504     6.5996    33.9511    33.9508    27.1900    27.1901    7.85457 0.0000e+00
       6956    156.936     1.1833     1.1789   2.931644   2.931209     1.8600     2.2092      7.962     1.0274   481.3579 1.0752e-01     0.1350    96.6818     6.4506     6.6033    33.9513    33.9506    27.1902    27.1899    7.85467 0.0000e+00
       6959    156.883     1.1830     1.1787   2.931611   2.931187     1.8600     2.2100      7.961     1.0274   481.3184 1.0752e-01     0.1350    96.6818     6.4489     6.6068    33.9512    33.9505    27.1901    27.1898    7.85473 0.0000e+00
       6962    156.842     1.1831     1.1790   2.931611   2.931232     1.8596     2.2100      7.961     1.0173   455.9729 1.0740e-01     0.1357    96.6645     6.4483     6.6056    33.9512    33.9507    27.1901    27.1900    7.85472 0.0000e+00
       6992    156.813     1.1832     1.1791   2.931631   2.931214     1.8596     2.2092      7.961     1.0274    39.2322 1.0752e-01     0.1357    96.6645     6.4498     6.6028    33.9514    33.9505    27.1902    27.1898    7.85469 0.0000e+00
       7048    156.721     1.1836     1.1789   2.931651   2.931199     1.8604     2.2096      7.959     0.9969     6.6620 1.0752e-01     0.1357    96.6645     6.4572     6.6106    33.9512    33.9506    27.1901    27.1899    7.85462 0.0000e+00
       7051    156.589     1.1834     1.1789   2.931607   2.931199     1.8604     2.2100      7.962     0.9765     6.6620 1.0752e-01     0.1357    96.6645     6.4560     6.6118    33.9510    33.9506    27.1899    27.1899    7.85467 0.0000e+00
       7054    156.450     1.1833     1.1788   2.931607   2.931187     1.8608     2.2080      7.959     0.9969     6.6620 1.0752e-01     0.1357    96.6645     6.4587     6.6047    33.9512    33.9507    27.1900    27.1900    7.85468 0.0000e+00
       7057    156.304     1.1831     1.1788   2.931597   2.931166     1.8608     2.2092      7.959     1.0274     6.6620 1.0752e-01     0.1357    96.6645     6.4575     6.6107    33.9513    33.9505    27.1902    27.1899    7.85471 0.0000e+00
       7060    156.152     1.1833     1.1788   2.931595   2.931185     1.8612     2.2088      7.959     1.0173     6.6620 1.0727e-01     0.1361    96.6558     6.4542     6.6060    33.9511    33.9508    27.1900    27.1901    7.85467 0.0000e+00
       7063    155.996     1.1837     1.1789   2.931670   2.931181     1.8604     2.2088      7.959     1.0173     6.6620 1.0752e-01     0.1361    96.6558     6.4502     6.6032    33.9517    33.9507    27.1905    27.1900    7.85456 0.0000e+00
       7066    155.833     1.1848     1.1794   2.931737   2.931207     1.8608     2.2088      7.961     1.0173     6.6620 1.0740e-01     0.1357    96.6645     6.4486     6.6017    33.9516    33.9506    27.1903    27.1899    7.85436 0.0000e+00
       7069    155.672     1.1852     1.1795   2.931744   2.931213     1.8608     2.2100      7.961     1.0274   362.7234 1.0740e-01     0.1357    96.6645     6.4472     6.6060    33.9513    33.9507    27.1901    27.1900    7.85429 0.0000e+00
       7072    155.513     1.1847     1.1795   2.931654   2.931203     1.8608     2.2096      7.961     1.0274   481.9896 1.0740e-01     0.1357    96.6645     6.4448     6.6029    33.9507    33.9507    27.1896    27.1899    7.85441 0.0000e+00
       7075    155.355     1.1841     1.1794   2.931608   2.931164     1.8604     2.2088      7.959     1.0376   480.9631 1.0752e-01     0.1357    96.6645     6.4410     6.6013    33.9510    33.9504    27.1899    27.1897    7.85454 0.0000e+00
       7078    155.201     1.1834     1.1785   2.931571   2.931086     1.8612     2.2096      7.959     1.0274   481.3184 1.0752e-01     0.1357    96.6645     6.4454     6.6045    33.9513    33.9505    27.1901    27.1898    7.85465 0.0000e+00
       7081    155.056     1.1837     1.1781   2.931551   2.931047     1.8600     2.2096      7.959     1.0173   481.3579 1.0752e-01     0.1357    96.6645     6.4392     6.6013    33.9508    33.9505    27.1898    27.1899    7.85463 0.0000e+00
       7084    154.911     1.1838     1.1781   2.931576   2.931062     1.8596     2.2088      7.959     1.0071   481.3579 1.0752e-01     0.1361    96.6558     6.4387     6.5971    33.9511    33.9507    27.1900    27.1900    7.85458 0.0000e+00
       7087    154.772     1.1841     1.1786   2.931620   2.931100     1.8604     2.2088      7.959     1.0071   481.3184 1.0752e-01     0.1364    96.6471     6.4443     6.5962    33.9514    33.9507    27.1902    27.1901    7.85450 0.0000e+00
       7090    154.637     1.1849     1.1791   2.931669   2.931163     1.8604     2.2096      7.959     0.9969   481.3579 1.0740e-01     0.1364    96.6471     6.4441     6.5984    33.9512    33.9510    27.1900    27.1903    7.85435 0.0000e+00
       7093    154.508     1.1849     1.1798   2.931680   2.931181     1.8608     2.2092      7.961     0.9969   439.7865 1.0752e-01     0.1364    96.6471     6.4464     6.5957    33.9514    33.9506    27.1902    27.1899    7.85433 0.0000e+00
       7096    154.388     1.1850     1.1797   2.931645   2.931160     1.8604     2.2092      7.961     0.9969    22.5720 1.0740e-01     0.1357    96.6645     6.4477     6.5968    33.9510    33.9505    27.1899    27.1898    7.85435 0.0000e+00
       7099    154.274     1.1850     1.1795   2.931660   2.931139     1.8600     2.2088      7.962     0.9969    -2.8130 1.0752e-01     0.1361    96.6558     6.4475     6.5959    33.9512    33.9505    27.1900    27.1898    7.85433 0.0000e+00
       7102    154.172     1.1850     1.1794   2.931640   2.931118     1.8608     2.2088      7.961     0.9969    -1.7866 1.0752e-01     0.1361    96.6558     6.4516     6.5952    33.9511    33.9504    27.1899    27.1897    7.85435 0.0000e+00
       7105    154.084     1.1844     1.1792   2.931611   2.931128     1.8600     2.2088      7.961     1.0071    -1.7866 1.0752e-01     0.1346    96.6905     6.4507     6.5974    33.9514    33.9508    27.1902    27.1901    7.85445 0.0000e+00
       7108    154.001     1.1841     1.1792   2.931595   2.931120     1.8604     2.2088      7.959     1.0071    -1.8260 1.0752e-01     0.1346    96.6905     6.4504     6.5983    33.9515    33.9508    27.1903    27.1900    7.85449 0.0000e+00
       7111    153.930     1.1844     1.1789   2.931614   2.931081     1.8608     2.2096      7.961     1.0071    -1.7866 1.0740e-01     0.1346    96.6905     6.4510     6.6002    33.9515    33.9506    27.1902    27.1900    7.85443 0.0000e+00
       7114    153.874     1.1847     1.1788   2.931642   2.931078     1.8604     2.2092      7.959     1.0274    -1.8260 1.0752e-01     0.1346    96.6905     6.4494     6.5981    33.9515    33.9508    27.1903    27.1901    7.85437 0.0000e+00
       7117    153.824     1.1847     1.1790   2.931624   2.931085     1.8604     2.2084      7.962     1.0376    -1.7866 1.0752e-01     0.1346    96.6905     6.4491     6.5982    33.9514    33.9506    27.1902    27.1900    7.85438 0.0000e+00
       7120    153.784     1.1846     1.1791   2.931602   2.931089     1.8612     2.2088      7.959     1.0274    -1.7866 1.0752e-01     0.1346    96.6905     6.4531     6.5989    33.9512    33.9506    27.1901    27.1899    7.85442 0.0000e+00
       7123    153.752     1.1847     1.1793   2.931595   2.931092     1.8604     2.2092      7.962     1.0071    -1.7866 1.0752e-01     0.1350    96.6818     6.4502     6.6022    33.9510    33.9504    27.1899    27.1897    7.85440 0.0000e+00
       7139    153.717     1.1845     1.1798   2.931610   2.931129     1.8608     2.2092      7.959     1.0376   159.2090 1.0752e-01     0.1350    96.6818     6.4504     6.6062    33.9514    33.9504    27.1903    27.1897    7.85442 0.0000e+00
       7167    153.676     1.1844     1.1800   2.931597   2.931150     1.8612     2.2104      7.961     1.0579   481.2790 1.0752e-01     0.1357    96.6645     6.4479     6.6208    33.9514    33.9505    27.1902    27.1898    7.85444 0.0000e+00
       7170    153.648     1.1845     1.1799   2.931612   2.931148     1.8608     2.2104      7.961     1.0579   481.3184 1.0740e-01     0.1361    96.6558     6.4444     6.6225    33.9515    33.9506    27.1903    27.1898    7.85441 0.0000e+00
       7173    153.608     1.1843     1.1798   2.931606   2.931159     1.8608     2.2092      7.961     1.0681   226.2049 1.0752e-01     0.1361    96.6558     6.4453     6.6181    33.9517    33.9509    27.1905    27.1901    7.85446 0.0000e+00
       7176    153.560     1.1845     1.1798   2.931588   2.931133     1.8608     2.2100      7.961     1.0478    -2.5366 1.0752e-01     0.1357    96.6645     6.4484     6.6212    33.9513    33.9505    27.1901    27.1898    7.85443 0.0000e+00
       7179    153.500     1.1847     1.1798   2.931631   2.931133     1.8612     2.2112      7.961     1.0579     1.4113 1.0752e-01     0.1361    96.6558     6.4523     6.6268    33.9517    33.9506    27.1904    27.1898    7.85437 0.0000e+00
       7182    153.432     1.1851     1.1798   2.931670   2.931141     1.8608     2.2104      7.964     1.0478     1.4507 1.0740e-01     0.1357    96.6645     6.4535     6.6215    33.9517    33.9507    27.1904    27.1900    7.85428 0.0000e+00
       7185    153.354     1.1853     1.1796   2.931699   2.931108     1.8608     2.2108      7.959     1.0478     1.4507 1.0752e-01     0.1346    96.6905     6.4547     6.6234    33.9519    33.9506    27.1905    27.1898    7.85423 0.0000e+00
       7188    153.265     1.1859     1.1797   2.931717   2.931104     1.8616     2.2108      7.964     0.9969     1.4507 1.0752e-01     0.1346    96.6905     6.4611     6.6221    33.9516    33.9505    27.1902    27.1897    7.85413 0.0000e+00
       7191    153.168     1.1864     1.1798   2.931768   2.931118     1.8616     2.2112      7.959     0.9969     1.4507 1.0752e-01     0.1346    96.6905     6.4611     6.6248    33.9517    33.9506    27.1903    27.1899    7.85402 0.0000e+00
       7194    153.062     1.1871     1.1805   2.931843   2.931196     1.8608     2.2116      7.961     0.9969     1.4507 1.0752e-01     0.1346    96.6905     6.4525     6.6284    33.9520    33.9509    27.1905    27.1901    7.85386 0.0000e+00
       7197    152.943     1.1877     1.1821   2.931859   2.931343     1.8620     2.2108      7.961     1.0071     1.4507 1.0752e-01     0.1346    96.6905     6.4580     6.6228    33.9516    33.9511    27.1902    27.1901    7.85376 0.0000e+00
       7200    152.816     1.1879     1.1830   2.931830   2.931382     1.8616     2.2116      7.962     0.9867     5.3986 1.0752e-01     0.1346    96.6905     6.4561     6.6247    33.9511    33.9507    27.1897    27.1897    7.85374 0.0000e+00
       7203    152.688     1.1874     1.1825   2.931771   2.931299     1.8612     2.2121      7.962     0.9765     6.2277 1.0752e-01     0.1339    96.7079     6.4519     6.6274    33.9510    33.9503    27.1897    27.1894    7.85386 0.0000e+00
       7206    152.547     1.1866     1.1818   2.931737   2.931283     1.8624     2.2112      7.964     0.9969     6.1882 1.0740e-01     0.1314    96.7688     6.4581     6.6257    33.9515    33.9509    27.1901    27.1899    7.85399 0.0000e+00
       7209    152.400     1.1869     1.1820   2.931722   2.931281     1.8616     2.2125      7.961     0.9765     6.1882 1.0740e-01     0.1303    96.7948     6.4533     6.6283    33.9510    33.9507    27.1897    27.1898    7.85395 0.0000e+00
       7212    152.249     1.1868     1.1816   2.931728   2.931247     1.8620     2.2121      7.961     0.9765     6.1882 1.0740e-01     0.1310    96.7775     6.4521     6.6274    33.9513    33.9508    27.1899    27.1899    7.85396 0.0000e+00
       7215    152.092     1.1872     1.1821   2.931791   2.931332     1.8608     2.2125      7.962     0.9969     6.1882 1.0752e-01     0.1310    96.7775     6.4474     6.6291    33.9518    33.9514    27.1903    27.1904    7.85386 0.0000e+00
       7218    151.923     1.1885     1.1835   2.931881   2.931393     1.8608     2.2125      7.964     0.9867     6.1882 1.0752e-01     0.1303    96.7948     6.4497     6.6286    33.9516    33.9508    27.1901    27.1898    7.85359 0.0000e+00
       7221    151.754     1.1889     1.1840   2.931907   2.931429     1.8620     2.2121      7.964     0.9969     6.1882 1.0752e-01     0.1310    96.7775     6.4561     6.6259    33.9516    33.9509    27.1900    27.1898    7.85351 0.0000e+00
       7224    151.581     1.1893     1.1850   2.931899   2.931544     1.8620     2.2133      7.962     0.9969    61.2615 1.0752e-01     0.1325    96.7427     6.4614     6.6290    33.9512    33.9513    27.1897    27.1901    7.85346 0.0000e+00
       7227    151.411     1.1894     1.1860   2.931918   2.931515     1.8612     2.2129      7.964     0.9867   464.7373 1.0740e-01     0.1335    96.7166     6.4623     6.6275    33.9514    33.9500    27.1899    27.1890    7.85343 0.0000e+00
       7230    151.236     1.1900     1.1839   2.931967   2.931350     1.8620     2.2133      7.964     0.9867   481.4764 1.0752e-01     0.1335    96.7166     6.4702     6.6301    33.9515    33.9502    27.1899    27.1893    7.85330 0.0000e+00
       7233    151.058     1.1912     1.1856   2.932088   2.931608     1.8620     2.2129      7.962     0.9969   481.2395 1.0740e-01     0.1335    96.7166     6.4739     6.6278    33.9518    33.9518    27.1901    27.1904    7.85303 0.0000e+00
       7236    150.881     1.1922     1.1874   2.932166   2.931702     1.8612     2.2137      7.961     0.9969   481.3184 1.0752e-01     0.1335    96.7166     6.4746     6.6316    33.9518    33.9512    27.1900    27.1898    7.85282 0.0000e+00
       7239    150.699     1.1931     1.1883   2.932203   2.931747     1.8620     2.2137      7.961     0.9867   481.3184 1.0752e-01     0.1335    96.7166     6.4829     6.6319    33.9515    33.9508    27.1897    27.1895    7.85267 0.0000e+00
       7242    150.521     1.1937     1.1886   2.932261   2.931780     1.8629     2.2133      7.961     1.0071   481.2790 1.0752e-01     0.1335    96.7166     6.4864     6.6301    33.9517    33.9510    27.1898    27.1896    7.85254 0.0000e+00
       7245    150.347     1.1946     1.1888   2.932348   2.931754     1.8624     2.2137      7.961     0.9969   481.3579 1.0727e-01     0.1335    96.7166     6.4804     6.6279    33.9519    33.9506    27.1899    27.1892    7.85234 0.0000e+00
       7248    150.172     1.1952     1.1889   2.932340   2.931743     1.8637     2.2137      7.959     0.9867   481.3184 1.0752e-01     0.1335    96.7166     6.4813     6.6263    33.9512    33.9505    27.1893    27.1891    7.85224 0.0000e+00
       7251    150.000     1.1946     1.1889   2.932247   2.931735     1.8641     2.2141      7.961     0.9867   313.3351 1.0752e-01     0.1335    96.7166     6.4783     6.6282    33.9508    33.9504    27.1891    27.1891    7.85240 0.0000e+00
       7254    149.834     1.1940     1.1886   2.932151   2.931676     1.8637     2.2145      7.961     0.9969    -2.4182 1.0752e-01     0.1335    96.7166     6.4734     6.6273    33.9503    33.9501    27.1887    27.1889    7.85254 0.0000e+00
       7257    149.673     1.1938     1.1885   2.932152   2.931686     1.8637     2.2149      7.964     1.0071     4.1353 1.0752e-01     0.1335    96.7166     6.4709     6.6276    33.9506    33.9505    27.1889    27.1892    7.85256 0.0000e+00
       7260    149.522     1.1940     1.1879   2.932148   2.931612     1.8645     2.2149      7.964     0.9867     4.2143 1.0740e-01     0.1335    96.7166     6.4662     6.6285    33.9504    33.9502    27.1888    27.1890    7.85253 0.0000e+00
