Datasets/AZMP/HUD120/hud120_2020_022.cnv
* Sea-Bird SBE 9 Data File:
* FileName = C:\CTDDATA\hud120_2020_022.hex
* Software Version Seasave V 7.26.7.110
* Temperature SN = 1697
* Conductivity SN = 4216
* Number of Bytes Per Scan = 30
* Number of Voltage Words = 4
* Number of Scans Averaged by the Deck Unit = 1
* NMEA baud rate = 4800
** VESSEL/TRIP/SEQ STN:  hud120_2020_022
** LATITUDE XX XX.XX: 45 05.70 N
** LONGITUDE XX XX.XX: 051 42.00 W
** SOUNDING DEPTH (M): 0074
** PROBE TYPE: S1146
** CTD NUMBER: 012
** FORMAT: V
** COMMENTS (14 CHAR): SEGB-08
** BOTTLES:  07
** LEVELS: 5,10,20,30,40,50,BTM
** STICKERS: 439588 - 439594
** VNET: Y
** DO2: N
# nquan = 22
# nvalues = 1697                        
# units = specified
# name 0 = scan: Scan Count
# name 1 = prDM: Pressure, Digiquartz [db]
# name 2 = t090C: Temperature [ITS-90, deg C]
# name 3 = t190C: Temperature, 2 [ITS-90, deg C]
# name 4 = c0S/m: Conductivity [S/m]
# name 5 = c1S/m: Conductivity, 2 [S/m]
# name 6 = sbeox0V: Oxygen raw, SBE 43 [V]
# name 7 = sbeox1V: Oxygen raw, SBE 43, 2 [V]
# name 8 = ph: pH
# name 9 = flECO-AFL: Fluorescence, WET Labs ECO-AFL/FL [mg/m^3]
# name 10 = wetCDOM: Fluorescence, WET Labs CDOM [mg/m^3]
# name 11 = par/sat/log: PAR/Logarithmic, Satlantic [umol photons/m^2/sec]
# name 12 = CStarAt0: Beam Attenuation, WET Labs C-Star [1/m]
# name 13 = CStarTr0: Beam Transmission, WET Labs C-Star [%]
# name 14 = sbeox0ML/L: Oxygen, SBE 43 [ml/l], WS = 2
# name 15 = sbeox1ML/L: Oxygen, SBE 43, 2 [ml/l], WS = 2
# name 16 = sal00: Salinity, Practical [PSU]
# name 17 = sal11: Salinity, Practical, 2 [PSU]
# name 18 = sigma-t00: Density [sigma-t, kg/m^3 ]
# name 19 = sigma-t11: Density, 2 [sigma-t, kg/m^3 ]
# name 20 = oxsatML/L: Oxygen Saturation, Weiss [ml/l]
# name 21 = flag: flag
# span 0 =          8,      27525       
# span 1 =      0.775,     68.573       
# span 2 =     3.6420,    11.9190       
# span 3 =     3.6367,    11.9139       
# span 4 =   3.029842,   3.712272       
# span 5 =   3.029272,   3.711786       
# span 6 =     1.7163,     2.1996       
# span 7 =     2.0109,     2.6001       
# span 8 =      7.799,      8.132       
# span 9 =     1.4955,     5.3416       
# span 10 =    -2.8130,   482.1870      
# span 11 = 1.0703e-01, 1.4103e+00      
# span 12 =     0.0985,     0.3766      
# span 13 =    91.0144,    97.5685      
# span 14 =     5.0518,     6.0717      
# span 15 =     5.1264,     6.2945      
# span 16 =    32.2379,    32.9336      
# span 17 =    32.1574,    33.3498      
# span 18 =    24.4719,    26.0174      
# span 19 =    24.4724,    26.3077      
# span 20 =    6.16648,    7.44220      
# span 21 = 0.0000e+00, 0.0000e+00      
# interval = scans: 3                   
# start_time = Nov 18 2020 06:57:32 [System UTC, header]
# bad_flag = -9.990e-29
*END*
          8      2.271    11.9110    11.9066   3.709699   3.709404     2.1860     2.5405      8.123     4.1104   481.3579 5.1164e-01     0.2157    94.7521     6.0080     5.9645    32.2582    32.2592    24.4769    24.4785    6.16767 0.0000e+00
         11      2.307    11.9112    11.9067   3.709877   3.709429     2.1856     2.5405      8.123     4.0799   481.3184 5.9672e-01     0.2241    94.5522     6.0066     5.9645    32.2598    32.2593    24.4781    24.4785    6.16759 0.0000e+00
         14      2.355    11.9108    11.9067   3.709682   3.709433     2.1852     2.5409      8.123     4.0494   481.3579 6.6211e-01     0.2234    94.5696     6.0053     5.9658    32.2582    32.2594    24.4769    24.4786    6.16770 0.0000e+00
         17      2.405    11.9108    11.9067   3.709709   3.709433     2.1856     2.5409      8.123     4.0596   158.2615 5.1100e-01     0.2237    94.5609     6.0067     5.9658    32.2584    32.2593    24.4771    24.4786    6.16769 0.0000e+00
         20      2.462    11.9107    11.9067   3.709739   3.709435     2.1844     2.5409      8.124     4.0799     9.9782 5.2978e-01     0.2241    94.5522     6.0025     5.9658    32.2588    32.2593    24.4774    24.4785    6.16769 0.0000e+00
         23      2.525    11.9108    11.9068   3.709369   3.709440     2.1848     2.5409      8.123     4.0698    16.3738 4.4761e-01     0.2234    94.5696     6.0041     5.9659    32.2551    32.2592    24.4745    24.4785    6.16782 0.0000e+00
         26      2.591    11.9113    11.9071   3.709865   3.709335     2.1852     2.5409      8.123     4.0698    16.0974 5.5151e-01     0.2241    94.5522     6.0038     5.9680    32.2595    32.2580    24.4778    24.4774    6.16759 0.0000e+00
         29      2.660    11.9111    11.9072   3.709914   3.709374     2.1848     2.5409      8.124     4.0596    16.1369 5.8597e-01     0.2381    94.2219     6.0037     5.9679    32.2600    32.2583    24.4783    24.4776    6.16759 0.0000e+00
         32      2.727    11.9110    11.9068   3.709784   3.709384     2.1852     2.5413      8.123     4.0698    16.0974 4.6192e-01     0.2395    94.1872     6.0067     5.9684    32.2589    32.2586    24.4774    24.4779    6.16765 0.0000e+00
         35      2.792    11.9111    11.9067   3.709676   3.709198     2.1852     2.5409      8.123     4.0698    16.0974 5.0050e-01     0.2395    94.1872     6.0094     5.9681    32.2577    32.2569    24.4765    24.4766    6.16768 0.0000e+00
         38      2.856    11.9109    11.9066   3.709763   3.709356     2.1844     2.5409      8.123     4.0596    16.0185 6.0279e-01     0.2395    94.1872     6.0091     5.9682    32.2587    32.2585    24.4773    24.4780    6.16767 0.0000e+00
         41      2.913    11.9109    11.9065   3.709829   3.709251     2.1844     2.5405      8.123     4.0698    32.2444 5.2902e-01     0.2395    94.1872     6.0121     5.9683    32.2593    32.2575    24.4777    24.4771    6.16765 0.0000e+00
         44      2.965    11.9109    11.9068   3.709609   3.709252     2.1856     2.5409      8.123     4.0698   440.2997 4.8510e-01     0.2395    94.1872     6.0180     5.9719    32.2571    32.2573    24.4760    24.4770    6.16773 0.0000e+00
         47      3.014    11.9112    11.9065   3.709708   3.709318     2.1856     2.5409      8.123     4.0799   481.3974 4.3862e-01     0.2358    94.2741     6.0187     5.9740    32.2579    32.2581    24.4766    24.4777    6.16766 0.0000e+00
         50      3.058    11.9110    11.9067   3.709838   3.709252     2.1856     2.5413      8.123     4.0596   481.1605 3.9138e-01     0.2179    94.7000     6.0203     5.9769    32.2593    32.2573    24.4777    24.4770    6.16763 0.0000e+00
         53      3.102    11.9109    11.9066   3.709846   3.709173     2.1856     2.5409      8.124     4.0698   481.3579 3.7445e-01     0.2186    94.6826     6.0217     5.9781    32.2594    32.2566    24.4779    24.4764    6.16764 0.0000e+00
         56      3.145    11.9112    11.9066   3.709826   3.709296     2.1864     2.5417      8.126     4.0799   481.3579 4.5198e-01     0.2186    94.6826     6.0260     5.9825    32.2589    32.2578    24.4774    24.4774    6.16762 0.0000e+00
         59      3.181    11.9112    11.9068   3.709477   3.709312     2.1864     2.5417      8.124     4.0494   481.3579 5.6701e-01     0.2179    94.7000     6.0272     5.9834    32.2555    32.2578    24.4748    24.4773    6.16775 0.0000e+00
         62      3.216    11.9113    11.9067   3.709805   3.709218     2.1872     2.5417      8.124     4.0698   481.3579 4.1680e-01     0.2182    94.6913     6.0293     5.9842    32.2586    32.2569    24.4771    24.4767    6.16762 0.0000e+00
         65      3.245    11.9111    11.9068   3.709894   3.709261     2.1876     2.5425      8.124     4.4869   481.3579 4.2612e-01     0.2179    94.7000     6.0289     5.9864    32.2597    32.2573    24.4780    24.4769    6.16761 0.0000e+00
         68      3.270    11.9111    11.9069   3.709898   3.709374     2.1868     2.5437      8.126     4.7311   379.3836 4.2324e-01     0.2315    94.3784     6.0252     5.9900    32.2597    32.2582    24.4780    24.4777    6.16761 0.0000e+00
        216      3.306    11.9113    11.9068   3.709894   3.709397     2.1884     2.5348      8.124     3.8866   481.3579 4.3819e-01     0.2153    94.7608     6.0210     5.9589    32.2595    32.2585    24.4778    24.4779    6.16759 0.0000e+00
        219      3.349    11.9112    11.9068   3.709935   3.709381     2.1880     2.5352      8.126     3.8764   481.3579 4.5259e-01     0.2153    94.7608     6.0203     5.9573    32.2599    32.2583    24.4782    24.4778    6.16758 0.0000e+00
        222      3.384    11.9113    11.9070   3.709876   3.709350     2.1889     2.5360      8.123     4.0697   481.3579 4.1733e-01     0.2153    94.7608     6.0227     5.9576    32.2592    32.2578    24.4776    24.4774    6.16759 0.0000e+00
        862      3.439    11.9119    11.9078   3.710092   3.709531     2.1897     2.5348      8.124     3.8764   481.3579 6.6057e-01     0.2028    95.0564     6.0286     5.9430    32.2608    32.2589    24.4787    24.4781    6.16746 0.0000e+00
        865      3.527    11.9120    11.9078   3.710102   3.709487     2.1897     2.5348      8.124     3.8866   481.3579 5.2053e-01     0.2032    95.0477     6.0261     5.9350    32.2607    32.2585    24.4787    24.4777    6.16745 0.0000e+00
        868      3.601    11.9119    11.9077   3.709978   3.709594     2.1897     2.5348      8.126     3.8764   481.3579 4.4315e-01     0.2032    95.0477     6.0225     5.9277    32.2596    32.2595    24.4778    24.4785    6.16750 0.0000e+00
        871      3.656    11.9117    11.9076   3.710006   3.709522     2.1893     2.5336      8.126     3.8764   481.3579 2.8704e-01     0.2032    95.0477     6.0182     5.9192    32.2600    32.2589    24.4781    24.4781    6.16751 0.0000e+00
        874      3.692    11.9119    11.9078   3.709833   3.709292     2.1889     2.5332      8.126     3.8866   481.3579 2.1517e-01     0.2032    95.0477     6.0134     5.9123    32.2582    32.2565    24.4767    24.4762    6.16756 0.0000e+00
        918      3.718    11.9118    11.9077   3.710031   3.709450     2.1880     2.5299      8.124     3.9375   324.9420 2.8795e-01     0.2047    95.0129     6.0129     5.9149    32.2602    32.2580    24.4783    24.4773    6.16750 0.0000e+00
       1003      3.814    11.9118    11.9076   3.710072   3.709533     2.1876     2.5250      8.124     3.9069    12.1101 3.5474e-01     0.2043    95.0216     6.0221     5.9309    32.2605    32.2589    24.4785    24.4781    6.16748 0.0000e+00
       1006      3.931    11.9121    11.9075   3.710129   3.709613     2.1876     2.5254      8.126     3.9476    12.1101 2.9034e-01     0.2047    95.0129     6.0200     5.9328    32.2607    32.2597    24.4786    24.4787    6.16743 0.0000e+00
       1009      4.044    11.9120    11.9076   3.710083   3.709602     2.1872     2.5259      8.123     4.1308    12.1101 2.9543e-01     0.2043    95.0216     6.0173     5.9337    32.2604    32.2595    24.4784    24.4785    6.16746 0.0000e+00
       1012      4.151    11.9121    11.9077   3.710065   3.709593     2.1872     2.5254      8.123     4.1308   294.4642 2.0257e-01     0.2043    95.0216     6.0163     5.9305    32.2600    32.2593    24.4781    24.4784    6.16746 0.0000e+00
       1015      4.256    11.9121    11.9079   3.710180   3.709724     2.1880     2.5259      8.124     4.1308   481.6738 1.3623e-01     0.2043    95.0216     6.0157     5.9293    32.2611    32.2603    24.4789    24.4791    6.16742 0.0000e+00
       1018      4.359    11.9124    11.9081   3.710053   3.709738     2.1868     2.5263      8.127     4.1308   481.0026 1.4436e-01     0.1959    95.2215     6.0097     5.9293    32.2596    32.2602    24.4777    24.4790    6.16743 0.0000e+00
       1021      4.454    11.9124    11.9081   3.710210   3.709530     2.1872     2.5259      8.126     4.1308   481.3579 1.8030e-01     0.1882    95.4041     6.0100     5.9269    32.2611    32.2582    24.4788    24.4774    6.16738 0.0000e+00
       1024      4.539    11.9123    11.9081   3.710168   3.709635     2.1872     2.5254      8.127     4.1308   481.3579 2.0880e-01     0.1889    95.3867     6.0087     5.9238    32.2608    32.2592    24.4786    24.4781    6.16741 0.0000e+00
       1027      4.616    11.9117    11.9082   3.710089   3.709687     2.1868     2.5267      8.123     4.1206   481.3579 3.0901e-01     0.1889    95.3867     6.0081     5.9262    32.2604    32.2596    24.4784    24.4785    6.16749 0.0000e+00
       1030      4.685    11.9112    11.9073   3.710017   3.709501     2.1872     2.5271      8.124     4.1206   481.3579 2.7846e-01     0.1889    95.3867     6.0117     5.9269    32.2601    32.2585    24.4783    24.4778    6.16757 0.0000e+00
       1033      4.744    11.9111    11.9069   3.710054   3.709423     2.1876     2.5263      8.126     4.1817   481.3579 2.5014e-01     0.1889    95.3867     6.0139     5.9244    32.2606    32.2581    24.4787    24.4775    6.16757 0.0000e+00
       1036      4.799    11.9112    11.9067   3.710070   3.709502     2.1864     2.5250      8.124     4.2427   478.7523 2.4445e-01     0.1889    95.3867     6.0112     5.9212    32.2606    32.2590    24.4787    24.4783    6.16755 0.0000e+00
       1039      4.844    11.9120    11.9071   3.710145   3.709519     2.1860     2.5259      8.126     4.2122    71.7234 2.5035e-01     0.1940    95.2650     6.0111     5.9225    32.2606    32.2588    24.4786    24.4780    6.16745 0.0000e+00
       1042      4.883    11.9118    11.9074   3.710049   3.709559     2.1872     2.5263      8.123     4.2224    14.2814 2.1976e-01     0.1948    95.2476     6.0175     5.9238    32.2599    32.2590    24.4780    24.4781    6.16751 0.0000e+00
       1045      4.920    11.9119    11.9077   3.710132   3.709648     2.1860     2.5254      8.124     4.2122    16.6107 1.5963e-01     0.1948    95.2476     6.0140     5.9205    32.2606    32.2595    24.4785    24.4785    6.16746 0.0000e+00
       1048      4.950    11.9122    11.9079   3.710148   3.709661     2.1864     2.5250      8.127     4.2224    16.4923 1.1201e-01     0.1948    95.2476     6.0168     5.9181    32.2605    32.2595    24.4784    24.4785    6.16743 0.0000e+00
       1051      4.976    11.9124    11.9079   3.710119   3.709630     2.1876     2.5259      8.126     4.2122    16.4923 1.0993e-01     0.1948    95.2476     6.0232     5.9203    32.2600    32.2592    24.4780    24.4782    6.16742 0.0000e+00
       1061      5.049    11.9115    11.9076   3.710069   3.709604     2.1880     2.5259      8.126     4.2122   171.3686 1.8639e-01     0.1944    95.2563     6.0246     5.9210    32.2602    32.2592    24.4783    24.4782    6.16753 0.0000e+00
       1073      5.126    11.9103    11.9068   3.709953   3.709508     2.1889     2.5254      8.124     4.2122   481.3579 1.8495e-01     0.1940    95.2650     6.0247     5.9195    32.2601    32.2588    24.4785    24.4782    6.16770 0.0000e+00
       1076      5.154    11.9105    11.9063   3.709947   3.709449     2.1884     2.5250      8.124     4.2224   481.3579 1.5323e-01     0.1944    95.2563     6.0233     5.9179    32.2599    32.2587    24.4783    24.4781    6.16768 0.0000e+00
       1079      5.188    11.9102    11.9063   3.709855   3.709440     2.1876     2.5250      8.124     4.2325   481.3579 1.4796e-01     0.1849    95.4823     6.0204     5.9184    32.2593    32.2586    24.4779    24.4781    6.16774 0.0000e+00
       1082      5.229    11.9102    11.9063   3.709855   3.709398     2.1884     2.5250      8.124     4.2325   481.3579 1.9115e-01     0.1802    95.5953     6.0227     5.9193    32.2592    32.2582    24.4778    24.4777    6.16774 0.0000e+00
       1085      5.279    11.9104    11.9062   3.709868   3.709379     2.1880     2.5254      8.123     4.2325   481.3579 1.6782e-01     0.1802    95.5953     6.0216     5.9229    32.2592    32.2581    24.4778    24.4776    6.16772 0.0000e+00
       1088      5.337    11.9102    11.9062   3.709912   3.709400     2.1884     2.5263      8.123     4.2936   481.3579 1.7037e-01     0.1806    95.5866     6.0240     5.9266    32.2597    32.2582    24.4782    24.4777    6.16773 0.0000e+00
       1091      5.401    11.9103    11.9060   3.709936   3.709386     2.1893     2.5242      8.126     4.2732   124.1121 1.5626e-01     0.1806    95.5866     6.0263     5.9211    32.2599    32.2582    24.4783    24.4778    6.16770 0.0000e+00
       1094      5.472    11.9106    11.9059   3.709939   3.709370     2.1880     2.5250      8.127     4.2936     8.5569 1.0962e-01     0.1802    95.5953     6.0205     5.9240    32.2596    32.2582    24.4780    24.4778    6.16767 0.0000e+00
       1097      5.543    11.9108    11.9062   3.709979   3.709420     2.1884     2.5250      8.126     4.2936    13.6103 1.0753e-01     0.1806    95.5866     6.0234     5.9233    32.2598    32.2583    24.4781    24.4778    6.16765 0.0000e+00
       1100      5.612    11.9112    11.9065   3.710049   3.709432     2.1893     2.5250      8.126     4.2834    13.4129 1.1686e-01     0.1747    95.7257     6.0283     5.9240    32.2601    32.2582    24.4783    24.4777    6.16758 0.0000e+00
       1103      5.684    11.9113    11.9064   3.710119   3.709465     2.1880     2.5250      8.124     4.2732    13.4129 1.4210e-01     0.1736    95.7518     6.0233     5.9246    32.2606    32.2586    24.4787    24.4780    6.16754 0.0000e+00
       1106      5.755    11.9116    11.9062   3.710118   3.709415     2.1889     2.5254      8.124     4.2834    13.4129 1.2622e-01     0.1747    95.7257     6.0258     5.9252    32.2603    32.2582    24.4784    24.4777    6.16751 0.0000e+00
       1109      5.825    11.9113    11.9062   3.710070   3.709400     2.1893     2.5263      8.126     4.2834    13.4129 1.1159e-01     0.1743    95.7344     6.0279     5.9272    32.2601    32.2580    24.4782    24.4776    6.16756 0.0000e+00
       1112      5.891    11.9107    11.9065   3.710013   3.709493     2.1897     2.5254      8.126     4.2325    13.4129 1.0715e-01     0.1740    95.7431     6.0301     5.9250    32.2600    32.2586    24.4783    24.4780    6.16764 0.0000e+00
       1115      5.954    11.9101    11.9061   3.709831   3.709400     2.1880     2.5254      8.126     4.2325    48.5887 1.0715e-01     0.1743    95.7344     6.0242     5.9268    32.2588    32.2581    24.4775    24.4777    6.16777 0.0000e+00
       1118      6.015    11.9100    11.9058   3.709843   3.709352     2.1889     2.5259      8.126     4.2224   454.5912 1.0777e-01     0.1729    95.7692     6.0266     5.9314    32.2589    32.2579    24.4777    24.4776    6.16778 0.0000e+00
       1121      6.076    11.9095    11.9060   3.709801   3.709433     2.1901     2.5246      8.127     4.2325   481.5948 1.1082e-01     0.1649    95.9604     6.0303     5.9339    32.2590    32.2585    24.4777    24.4780    6.16784 0.0000e+00
