Datasets/AZMP/HUD120/hud120_2020_054.cnv
* Sea-Bird SBE 9 Data File:
* FileName = C:\CTDDATA\hud120_2020_054.hex
* Software Version Seasave V 7.26.7.110
* Temperature SN = 1697
* Conductivity SN = 4216
* Number of Bytes Per Scan = 30
* Number of Voltage Words = 4
* Number of Scans Averaged by the Deck Unit = 1
* NMEA baud rate = 4800
** VESSEL/TRIP/SEQ STN:  hud120_2020_054
** LATITUDE XX XX.XX: 47 00.00 N
** LONGITUDE XX XX.XX: 044 26.00 W
** SOUNDING DEPTH (M): 0156
** PROBE TYPE: S1146
** CTD NUMBER: 033
** FORMAT: V
** COMMENTS (14 CHAR): FC-28
** BOTTLES:  0
** LEVELS: 0
** STICKERS:
** VNET: N
** DO2: N
# nquan = 22
# nvalues = 2668                        
# units = specified
# name 0 = scan: Scan Count
# name 1 = prDM: Pressure, Digiquartz [db]
# name 2 = t090C: Temperature [ITS-90, deg C]
# name 3 = t190C: Temperature, 2 [ITS-90, deg C]
# name 4 = c0S/m: Conductivity [S/m]
# name 5 = c1S/m: Conductivity, 2 [S/m]
# name 6 = sbeox0V: Oxygen raw, SBE 43 [V]
# name 7 = sbeox1V: Oxygen raw, SBE 43, 2 [V]
# name 8 = ph: pH
# name 9 = flECO-AFL: Fluorescence, WET Labs ECO-AFL/FL [mg/m^3]
# name 10 = wetCDOM: Fluorescence, WET Labs CDOM [mg/m^3]
# name 11 = par/sat/log: PAR/Logarithmic, Satlantic [umol photons/m^2/sec]
# name 12 = CStarAt0: Beam Attenuation, WET Labs C-Star [1/m]
# name 13 = CStarTr0: Beam Transmission, WET Labs C-Star [%]
# name 14 = sbeox0ML/L: Oxygen, SBE 43 [ml/l], WS = 2
# name 15 = sbeox1ML/L: Oxygen, SBE 43, 2 [ml/l], WS = 2
# name 16 = sal00: Salinity, Practical [PSU]
# name 17 = sal11: Salinity, Practical, 2 [PSU]
# name 18 = sigma-t00: Density [sigma-t, kg/m^3 ]
# name 19 = sigma-t11: Density, 2 [sigma-t, kg/m^3 ]
# name 20 = oxsatML/L: Oxygen Saturation, Weiss [ml/l]
# name 21 = flag: flag
# span 0 =         23,      10044       
# span 1 =      0.401,    152.125       
# span 2 =     3.7601,     7.0892       
# span 3 =     3.7555,     7.0852       
# span 4 =   2.913961,   3.432945       
# span 5 =   2.743341,   3.432426       
# span 6 =     1.8452,     2.2385       
# span 7 =     2.1993,     2.6911       
# span 8 =      7.918,      8.121       
# span 9 =     0.8952,     7.1324       
# span 10 =    -2.8130,   482.1870      
# span 11 = 1.0617e-01, 8.0573e-01      
# span 12 =     0.0960,     1.1394      
# span 13 =    75.2119,    97.6293      
# span 14 =     5.8753,     6.8838      
# span 15 =     6.0577,     7.1018      
# span 16 =    28.2908,    34.5457      
# span 17 =    26.5701,    34.5451      
# span 18 =    22.1310,    27.4405      
# span 19 =    20.7829,    27.4405      
# span 20 =    6.80393,    7.33172      
# span 21 = 0.0000e+00, 0.0000e+00      
# interval = scans: 3                   
# start_time = Nov 23 2020 05:16:25 [System UTC, header]
# bad_flag = -9.990e-29
*END*
[from data line 2437]
       8899     23.022     7.0805     7.0742   3.381880   3.381272     2.1988     2.6469      8.104     6.4914   363.1182 1.0715e-01     0.2658    93.5700     6.7415     6.9874    33.2994    33.2988    26.0683    26.0687    6.82354 0.0000e+00
       8902     22.960     7.0804     7.0738   3.381850   3.381238     2.1992     2.6477      8.104     6.5118    -2.8130 1.0715e-01     0.2662    93.5613     6.7449     6.9896    33.2991    33.2988    26.0681    26.0688    6.82356 0.0000e+00
       8905     22.894     7.0803     7.0736   3.381887   3.381237     2.1980     2.6477      8.104     6.5118    -2.5366 1.0715e-01     0.2662    93.5613     6.7402     6.9882    33.2997    33.2990    26.0686    26.0690    6.82356 0.0000e+00
       8908     22.823     7.0805     7.0743   3.381909   3.381331     2.1980     2.6473      8.104     6.5016    -1.6286 1.0715e-01     0.2662    93.5613     6.7418     6.9845    33.2997    33.2994    26.0686    26.0692    6.82352 0.0000e+00
       8911     22.752     7.0807     7.0756   3.381930   3.381427     2.1971     2.6477      8.104     6.5016    -1.6286 1.0715e-01     0.2662    93.5613     6.7380     6.9829    33.2998    33.2993    26.0686    26.0689    6.82348 0.0000e+00
       8914     22.677     7.0804     7.0758   3.381892   3.381429     2.1984     2.6477      8.104     6.5219    -1.6286 1.0715e-01     0.2662    93.5613     6.7435     6.9816    33.2997    33.2992    26.0685    26.0688    6.82353 0.0000e+00
       8917     22.596     7.0805     7.0758   3.381890   3.381469     2.1988     2.6477      8.104     6.1963    -1.6286 1.0715e-01     0.2662    93.5613     6.7453     6.9802    33.2997    33.2996    26.0685    26.0691    6.82353 0.0000e+00
       8920     22.522     7.0806     7.0762   3.381909   3.381457     2.1984     2.6486      8.104     6.0742    -1.6286 1.0715e-01     0.2666    93.5526     6.7442     6.9811    33.2998    33.2991    26.0686    26.0687    6.82350 0.0000e+00
       8923     22.445     7.0812     7.0761   3.381948   3.381437     2.1984     2.6477      8.104     6.0844    -1.6286 1.0715e-01     0.2662    93.5613     6.7434     6.9740    33.2997    33.2991    26.0685    26.0687    6.82341 0.0000e+00
       8926     22.365     7.0811     7.0758   3.381934   3.381414     2.1996     2.6473      8.106     6.0844     7.2937 1.0715e-01     0.2662    93.5613     6.7487     6.9708    33.2997    33.2992    26.0685    26.0688    6.82342 0.0000e+00
       8929     22.282     7.0813     7.0756   3.381970   3.381400     2.1984     2.6469      8.104     6.0742    16.0580 1.0715e-01     0.2662    93.5613     6.7447     6.9696    33.2999    33.2992    26.0686    26.0688    6.82338 0.0000e+00
       8932     22.199     7.0812     7.0755   3.381938   3.381393     2.1984     2.6465      8.104     6.0742    15.6632 1.0715e-01     0.2662    93.5613     6.7437     6.9667    33.2997    33.2992    26.0685    26.0688    6.82341 0.0000e+00
       8935     22.114     7.0812     7.0753   3.381916   3.381362     2.1984     2.6461      8.104     6.0844    15.6632 1.0715e-01     0.2662    93.5613     6.7415     6.9650    33.2995    33.2991    26.0683    26.0688    6.82342 0.0000e+00
       8938     22.024     7.0811     7.0750   3.381887   3.381325     2.1988     2.6469      8.104     6.1047    15.6632 1.0715e-01     0.2655    93.5787     6.7404     6.9668    33.2994    33.2991    26.0682    26.0688    6.82345 0.0000e+00
       8941     21.931     7.0810     7.0747   3.381881   3.381282     2.1980     2.6465      8.104     6.0844    15.6632 1.0715e-01     0.2651    93.5874     6.7366     6.9661    33.2994    33.2990    26.0682    26.0687    6.82345 0.0000e+00
       8944     21.834     7.0807     7.0742   3.381886   3.381247     2.1980     2.6461      8.104     5.9928    15.6632 1.0715e-01     0.2651    93.5874     6.7376     6.9655    33.2998    33.2991    26.0687    26.0689    6.82349 0.0000e+00
       8947     21.738     7.0804     7.0737   3.381885   3.381193     2.1980     2.6453      8.104     5.9928    15.6632 1.0715e-01     0.2651    93.5874     6.7370     6.9653    33.3001    33.2990    26.0689    26.0689    6.82351 0.0000e+00
       8950     21.636     7.0806     7.0740   3.381892   3.381216     2.1980     2.6461      8.104     5.9928    15.6632 1.0715e-01     0.2651    93.5874     6.7380     6.9695    33.3000    33.2990    26.0688    26.0689    6.82348 0.0000e+00
       8953     21.531     7.0807     7.0738   3.381882   3.381198     2.1984     2.6461      8.104     5.9928   383.9237 1.0715e-01     0.2651    93.5874     6.7399     6.9714    33.2999    33.2991    26.0687    26.0689    6.82348 0.0000e+00
       8956     21.423     7.0804     7.0742   3.381876   3.381262     2.1980     2.6453      8.104     6.0030   481.9501 1.0703e-01     0.2658    93.5700     6.7378     6.9694    33.3002    33.2994    26.0690    26.0692    6.82352 0.0000e+00
       8959     21.310     7.0802     7.0744   3.381861   3.381260     2.1980     2.6457      8.104     5.9826   481.0421 1.0715e-01     0.2658    93.5700     6.7386     6.9716    33.3002    33.2993    26.0690    26.0691    6.82354 0.0000e+00
       8962     21.193     7.0800     7.0745   3.381851   3.381280     2.1976     2.6453      8.104     6.0030   481.3184 1.0715e-01     0.2662    93.5613     6.7393     6.9719    33.3004    33.2994    26.0692    26.0692    6.82357 0.0000e+00
       8965     21.069     7.0805     7.0748   3.381841   3.381307     2.1980     2.6457      8.106     5.9928   481.3184 1.0715e-01     0.2662    93.5613     6.7432     6.9751    33.2999    33.2995    26.0687    26.0692    6.82352 0.0000e+00
       8968     20.945     7.0800     7.0750   3.381812   3.381317     2.1984     2.6449      8.106     5.8503   481.3579 1.0715e-01     0.2662    93.5613     6.7448     6.9741    33.3001    33.2995    26.0690    26.0692    6.82358 0.0000e+00
       8971     20.814     7.0797     7.0752   3.381807   3.381350     2.1980     2.6457      8.106     5.4637   481.3579 1.0703e-01     0.2658    93.5700     6.7435     6.9772    33.3004    33.2998    26.0692    26.0693    6.82362 0.0000e+00
       8974     20.678     7.0794     7.0751   3.381819   3.381361     2.1980     2.6453      8.104     5.4739   481.3579 1.0715e-01     0.2662    93.5613     6.7436     6.9765    33.3008    33.3000    26.0696    26.0695    6.82364 0.0000e+00
       8977     20.540     7.0795     7.0751   3.381805   3.381350     2.1971     2.6461      8.106     5.4739   430.7063 1.0715e-01     0.2658    93.5700     6.7414     6.9804    33.3007    33.3000    26.0695    26.0695    6.82364 0.0000e+00
       8980     20.400     7.0792     7.0749   3.381779   3.381311     2.1980     2.6453      8.104     5.4637    19.1768 1.0715e-01     0.2651    93.5874     6.7472     6.9794    33.3007    33.2998    26.0695    26.0694    6.82368 0.0000e+00
       8983     20.254     7.0792     7.0748   3.381771   3.381287     2.1984     2.6461      8.109     5.4739     3.0299 1.0703e-01     0.2655    93.5787     6.7485     6.9830    33.3008    33.2997    26.0696    26.0693    6.82368 0.0000e+00
       8986     20.110     7.0791     7.0746   3.381764   3.381265     2.1988     2.6461      8.106     5.4739     4.7670 1.0715e-01     0.2658    93.5700     6.7512     6.9823    33.3008    33.2997    26.0696    26.0693    6.82369 0.0000e+00
       8989     19.968     7.0788     7.0750   3.381707   3.381246     2.1984     2.6461      8.106     5.4739     4.6485 1.0715e-01     0.2658    93.5700     6.7501     6.9812    33.3006    33.2992    26.0695    26.0689    6.82376 0.0000e+00
       8992     19.825     7.0789     7.0750   3.381716   3.381242     2.1984     2.6461      8.106     5.4840     4.6485 1.0703e-01     0.2655    93.5787     6.7513     6.9814    33.3006    33.2992    26.0695    26.0689    6.82373 0.0000e+00
       8995     19.679     7.0795     7.0749   3.381705   3.381255     2.1984     2.6461      8.104     5.4230     4.6485 1.0715e-01     0.2655    93.5787     6.7513     6.9807    33.3001    33.2996    26.0690    26.0692    6.82367 0.0000e+00
       8998     19.531     7.0799     7.0751   3.381690   3.381234     2.1980     2.6465      8.104     5.3823     4.6485 1.0715e-01     0.2658    93.5700     6.7494     6.9810    33.2995    33.2991    26.0685    26.0689    6.82362 0.0000e+00
       9001     19.383     7.0800     7.0752   3.381707   3.381304     2.1996     2.6461      8.106     5.3925     4.6880 1.0715e-01     0.2658    93.5700     6.7564     6.9782    33.2997    33.2999    26.0686    26.0694    6.82360 0.0000e+00
       9004     19.239     7.0799     7.0748   3.381734   3.381286     2.1988     2.6473      8.104     5.4027     2.6746 1.0715e-01     0.2662    93.5613     6.7503     6.9836    33.3001    33.3002    26.0690    26.0697    6.82359 0.0000e+00
       9007     19.098     7.0795     7.0745   3.381717   3.381271     2.1984     2.6465      8.106     5.3823    -1.3523 1.0715e-01     0.2658    93.5700     6.7480     6.9806    33.3004    33.3004    26.0692    26.0699    6.82364 0.0000e+00
       9010     18.960     7.0794     7.0743   3.381695   3.381271     2.1996     2.6457      8.104     5.3925    -1.1549 1.0715e-01     0.2658    93.5700     6.7533     6.9782    33.3004    33.3006    26.0693    26.0701    6.82367 0.0000e+00
       9013     18.823     7.0793     7.0744   3.381692   3.381287     2.1992     2.6461      8.107     5.3721    -1.1549 1.0715e-01     0.2655    93.5787     6.7533     6.9812    33.3005    33.3007    26.0693    26.0702    6.82368 0.0000e+00
       9016     18.686     7.0791     7.0750   3.381672   3.381343     2.1996     2.6473      8.104     5.3925    -1.1944 1.0715e-01     0.2662    93.5613     6.7552     6.9862    33.3005    33.3009    26.0694    26.0703    6.82370 0.0000e+00
       9019     18.556     7.0793     7.0754   3.381696   3.381359     2.1984     2.6465      8.106     5.3721    -1.1549 1.0715e-01     0.2662    93.5613     6.7503     6.9838    33.3007    33.3007    26.0695    26.0700    6.82367 0.0000e+00
       9022     18.429     7.0797     7.0768   3.381776   3.381412     2.1996     2.6461      8.107     5.3213    -1.1549 1.0715e-01     0.2662    93.5613     6.7546     6.9817    33.3012    33.3001    26.0698    26.0694    6.82358 0.0000e+00
       9025     18.307     7.0803     7.0774   3.381775   3.381434     2.2000     2.6465      8.106     5.3213    -1.1944 1.0715e-01     0.2662    93.5613     6.7553     6.9843    33.3007    33.2998    26.0693    26.0691    6.82351 0.0000e+00
       9028     18.191     7.0808     7.0770   3.381807   3.381421     2.1988     2.6477      8.107     5.3314    -1.1944 1.0715e-01     0.2662    93.5613     6.7515     6.9896    33.3006    33.3001    26.0692    26.0693    6.82343 0.0000e+00
       9031     18.078     7.0810     7.0768   3.381815   3.381412     2.1996     2.6469      8.106     5.3213   295.3327 1.0715e-01     0.2662    93.5613     6.7527     6.9890    33.3006    33.3002    26.0691    26.0695    6.82340 0.0000e+00
       9034     17.970     7.0813     7.0768   3.381834   3.381417     2.1996     2.6473      8.106     5.3314   481.6343 1.0715e-01     0.2662    93.5613     6.7513     6.9903    33.3005    33.3004    26.0691    26.0696    6.82336 0.0000e+00
       9037     17.869     7.0810     7.0767   3.381838   3.381411     2.2004     2.6486      8.104     5.3213   481.0026 1.0715e-01     0.2662    93.5613     6.7539     6.9937    33.3009    33.3004    26.0695    26.0696    6.82339 0.0000e+00
       9040     17.771     7.0811     7.0765   3.381847   3.381351     2.2004     2.6482      8.107     5.3213   481.3579 1.0703e-01     0.2662    93.5613     6.7528     6.9919    33.3010    33.3000    26.0695    26.0693    6.82337 0.0000e+00
       9043     17.675     7.0811     7.0764   3.381844   3.381364     2.2000     2.6473      8.106     5.3213   481.3184 1.0715e-01     0.2662    93.5613     6.7498     6.9893    33.3010    33.3002    26.0695    26.0695    6.82337 0.0000e+00
       9046     17.585     7.0807     7.0762   3.381826   3.381369     2.2004     2.6477      8.104     5.3213   481.3579 1.0715e-01     0.2662    93.5613     6.7482     6.9890    33.3012    33.3005    26.0697    26.0698    6.82342 0.0000e+00
       9049     17.500     7.0807     7.0764   3.381835   3.381353     2.2004     2.6486      8.106     5.4230   481.3184 1.0715e-01     0.2662    93.5613     6.7497     6.9893    33.3013    33.3003    26.0698    26.0696    6.82341 0.0000e+00
       9052     17.417     7.0806     7.0761   3.381834   3.381341     2.2000     2.6486      8.107     5.4129   481.3579 1.0715e-01     0.2662    93.5613     6.7478     6.9882    33.3014    33.3004    26.0699    26.0697    6.82342 0.0000e+00
       9055     17.334     7.0808     7.0761   3.381819   3.381322     2.1996     2.6486      8.109     5.4129   481.3579 1.0715e-01     0.2662    93.5613     6.7455     6.9873    33.3012    33.3003    26.0697    26.0696    6.82341 0.0000e+00
       9058     17.253     7.0807     7.0759   3.381782   3.381288     2.2004     2.6486      8.106     5.4027   481.3579 1.0715e-01     0.2662    93.5613     6.7485     6.9863    33.3009    33.3002    26.0695    26.0696    6.82344 0.0000e+00
       9061     17.176     7.0816     7.0755   3.381813   3.381275     2.1996     2.6490      8.107     5.4027   481.3579 1.0715e-01     0.2662    93.5613     6.7431     6.9867    33.3003    33.3004    26.0689    26.0698    6.82331 0.0000e+00
       9064     17.099     7.0817     7.0753   3.381766   3.381243     2.1996     2.6486      8.106     5.4230   481.3579 1.0715e-01     0.2662    93.5613     6.7433     6.9847    33.2998    33.3003    26.0685    26.0698    6.82332 0.0000e+00
       9067     17.019     7.0816     7.0754   3.381773   3.381233     2.1996     2.6486      8.109     5.4230   481.3579 1.0703e-01     0.2666    93.5526     6.7432     6.9832    33.3000    33.3001    26.0687    26.0696    6.82333 0.0000e+00
       9070     16.941     7.0820     7.0755   3.381765   3.381211     2.1996     2.6486      8.109     5.4027   481.3579 1.0715e-01     0.2662    93.5613     6.7448     6.9822    33.2996    33.2998    26.0683    26.0693    6.82329 0.0000e+00
       9073     16.863     7.0819     7.0756   3.381738   3.381210     2.2012     2.6486      8.109     5.4434   481.3579 1.0715e-01     0.2662    93.5613     6.7529     6.9812    33.2994    33.2998    26.0681    26.0693    6.82331 0.0000e+00
       9076     16.785     7.0821     7.0764   3.381759   3.381241     2.2000     2.6486      8.107     5.4739   481.3579 1.0715e-01     0.2666    93.5526     6.7486     6.9807    33.2994    33.2994    26.0681    26.0688    6.82327 0.0000e+00
       9079     16.705     7.0826     7.0775   3.381784   3.381304     2.2008     2.6486      8.107     5.4637   481.3579 1.0715e-01     0.2669    93.5439     6.7506     6.9803    33.2993    33.2990    26.0680    26.0684    6.82320 0.0000e+00
       9082     16.620     7.0826     7.0782   3.381799   3.381333     2.2000     2.6494      8.104     5.4840   400.7022 1.0715e-01     0.2673    93.5352     6.7474     6.9831    33.2995    33.2987    26.0681    26.0681    6.82319 0.0000e+00
       9085     16.533     7.0822     7.0784   3.381769   3.381350     2.1992     2.6486      8.107     5.4637     8.4385 1.0715e-01     0.2673    93.5352     6.7455     6.9813    33.2996    33.2987    26.0683    26.0681    6.82325 0.0000e+00
       9088     16.450     7.0818     7.0780   3.381765   3.381315     2.2000     2.6482      8.107     5.4840     9.3071 1.0715e-01     0.2673    93.5352     6.7479     6.9804    33.3000    33.2987    26.0686    26.0681    6.82330 0.0000e+00
       9091     16.365     7.0823     7.0777   3.381805   3.381302     2.2000     2.6486      8.109     5.4739     9.5440 1.0715e-01     0.2673    93.5352     6.7460     6.9829    33.3000    33.2990    26.0686    26.0684    6.82322 0.0000e+00
