Datasets/AZMP/HUD120/hud120_2020_068.cnv
* Sea-Bird SBE 9 Data File:
* FileName = C:\CTDDATA\hud120_2020_068.hex
* Software Version Seasave V 7.26.7.110
* Temperature SN = 1697
* Conductivity SN = 4216
* Number of Bytes Per Scan = 30
* Number of Voltage Words = 4
* Number of Scans Averaged by the Deck Unit = 1
* NMEA baud rate = 4800
** VESSEL/TRIP/SEQ STN:  hud120_2020_068
** LATITUDE XX XX.XX: 47 00.00 N
** LONGITUDE XX XX.XX: 047 30.00 W
** SOUNDING DEPTH (M): 0220
** PROBE TYPE: S1146
** CTD NUMBER: 047
** FORMAT: V
** COMMENTS (14 CHAR): FC-14
** BOTTLES:  10
** LEVELS: 5,10,20,30,40,50,75,100,150,BTM
** STICKERS: 439824 - 439833
** VNET: Y
** DO2: Y
# nquan = 22
# nvalues = 4384                        
# units = specified
# name 0 = scan: Scan Count
# name 1 = prDM: Pressure, Digiquartz [db]
# name 2 = t090C: Temperature [ITS-90, deg C]
# name 3 = t190C: Temperature, 2 [ITS-90, deg C]
# name 4 = c0S/m: Conductivity [S/m]
# name 5 = c1S/m: Conductivity, 2 [S/m]
# name 6 = sbeox0V: Oxygen raw, SBE 43 [V]
# name 7 = sbeox1V: Oxygen raw, SBE 43, 2 [V]
# name 8 = ph: pH
# name 9 = flECO-AFL: Fluorescence, WET Labs ECO-AFL/FL [mg/m^3]
# name 10 = wetCDOM: Fluorescence, WET Labs CDOM [mg/m^3]
# name 11 = par/sat/log: PAR/Logarithmic, Satlantic [umol photons/m^2/sec]
# name 12 = CStarAt0: Beam Attenuation, WET Labs C-Star [1/m]
# name 13 = CStarTr0: Beam Transmission, WET Labs C-Star [%]
# name 14 = sbeox0ML/L: Oxygen, SBE 43 [ml/l], WS = 2
# name 15 = sbeox1ML/L: Oxygen, SBE 43, 2 [ml/l], WS = 2
# name 16 = sal00: Salinity, Practical [PSU]
# name 17 = sal11: Salinity, Practical, 2 [PSU]
# name 18 = sigma-t00: Density [sigma-t, kg/m^3 ]
# name 19 = sigma-t11: Density, 2 [sigma-t, kg/m^3 ]
# name 20 = oxsatML/L: Oxygen Saturation, Weiss [ml/l]
# name 21 = flag: flag
# span 0 =          2,      40325       
# span 1 =      2.111,    214.005       
# span 2 =    -0.4799,     2.6392       
# span 3 =    -0.4704,     2.6346       
# span 4 =   2.721347,   3.042226       
# span 5 =   2.721941,   3.041756       
# span 6 =     1.8740,     2.2007       
# span 7 =     2.2239,     2.6368       
# span 8 =      7.970,      8.093       
# span 9 =     0.9155,     5.6774       
# span 10 =    -2.8130,   482.1870      
# span 11 = 1.0715e-01, 1.4147e+02      
# span 12 =     0.0665,     0.2946      
# span 13 =    92.9007,    98.3508      
# span 14 =     6.3294,     7.6303      
# span 15 =     6.4900,     7.8303      
# span 16 =    32.7186,    34.2413      
# span 17 =    32.7169,    34.2405      
# span 18 =    26.0951,    27.3501      
# span 19 =    26.0941,    27.3498      
# span 20 =    7.62951,    8.25637      
# span 21 = 0.0000e+00, 0.0000e+00      
# interval = scans: 3                   
# start_time = Nov 24 2020 13:59:25 [System UTC, header]
# bad_flag = -9.990e-29
*END*
[from data line 4149]
      34685     17.770     2.6332     2.6285   2.949592   2.949102     2.1845     2.6152      8.088     4.8735     0.8586 1.1285e+01     0.1863    95.4475     7.5685     7.7749    32.7252    32.7240    26.1003    26.0997    7.63057 0.0000e+00
      34688     17.688     2.6329     2.6286   2.949572   2.949097     2.1845     2.6160      8.088     4.8735     0.8586 1.1324e+01     0.1915    95.3258     7.5657     7.7788    32.7254    32.7239    26.1004    26.0996    7.63063 0.0000e+00
      34691     17.612     2.6330     2.6283   2.949589   2.949101     2.1841     2.6160      8.088     4.8939     0.8586 1.1364e+01     0.1911    95.3345     7.5621     7.7761    32.7255    32.7243    26.1005    26.0999    7.63060 0.0000e+00
      34694     17.542     2.6332     2.6280   2.949607   2.949083     2.1841     2.6160      8.088     4.8939     0.8586 1.1403e+01     0.1915    95.3258     7.5611     7.7747    32.7255    32.7244    26.1005    26.1000    7.63056 0.0000e+00
      34697     17.478     2.6334     2.6284   2.949592   2.949117     2.1849     2.6169      8.088     4.9041     2.9905 1.1456e+01     0.1911    95.3345     7.5659     7.7803    32.7251    32.7245    26.1002    26.1001    7.63053 0.0000e+00
      34700     17.421     2.6335     2.6295   2.949590   2.949140     2.1849     2.6164      8.088     4.8939    17.2029 1.1509e+01     0.1911    95.3345     7.5689     7.7802    32.7251    32.7236    26.1001    26.0993    7.63052 0.0000e+00
      34703     17.368     2.6333     2.6288   2.949595   2.949140     2.1845     2.6169      8.088     4.9041    17.2424 1.1563e+01     0.1911    95.3345     7.5659     7.7816    32.7254    32.7244    26.1004    26.1000    7.63055 0.0000e+00
      34706     17.318     2.6329     2.6283   2.949576   2.949106     2.1849     2.6177      8.088     4.8939    17.2818 1.1629e+01     0.1904    95.3519     7.5692     7.7843    32.7256    32.7245    26.1006    26.1001    7.63061 0.0000e+00
      34709     17.274     2.6329     2.6244   2.949581   2.949030     2.1849     2.6177      8.088     4.8939    17.3213 1.1710e+01     0.1867    95.4388     7.5724     7.7839    32.7257    32.7276    26.1007    26.1029    7.63061 0.0000e+00
      34712     17.236     2.6329     2.6203   2.949578   2.948974     2.1857     2.6173      8.088     4.8939    17.2818 1.1764e+01     0.1871    95.4301     7.5772     7.7817    32.7256    32.7312    26.1006    26.1061    7.63060 0.0000e+00
      34715     17.199     2.6330     2.6202   2.949561   2.948986     2.1853     2.6164      8.088     5.1687    17.2818 1.1805e+01     0.1871    95.4301     7.5771     7.7773    32.7254    32.7314    26.1004    26.1063    7.63061 0.0000e+00
      34718     17.169     2.6328     2.6231   2.949574   2.949024     2.1849     2.6181      8.088     5.6774    17.2818 1.1846e+01     0.1874    95.4215     7.5781     7.7816    32.7257    32.7289    26.1007    26.1040    7.63061 0.0000e+00
      34721     17.140     2.6325     2.6242   2.949527   2.949019     2.1853     2.6185      8.088     5.6672    17.2424 1.1929e+01     0.1878    95.4128     7.5799     7.7813    32.7255    32.7277    26.1005    26.1030    7.63069 0.0000e+00
      34724     17.111     2.6336     2.6250   2.949586   2.949044     2.1857     2.6185      8.088     5.6571   188.5814 1.1984e+01     0.1871    95.4301     7.5819     7.7801    32.7251    32.7272    26.1001    26.1026    7.63049 0.0000e+00
      34727     17.085     2.6347     2.6271   2.949604   2.949070     2.1853     2.6185      8.088     5.6672   482.1870 1.2026e+01     0.1878    95.4128     7.5793     7.7779    32.7242    32.7255    26.0993    26.1010    7.63033 0.0000e+00
      34730     17.062     2.6348     2.6275   2.949625   2.949104     2.1861     2.6193      8.088     5.6469   480.9632 1.2068e+01     0.1871    95.4301     7.5837     7.7808    32.7244    32.7255    26.0995    26.1009    7.63031 0.0000e+00
      34733     17.035     2.6347     2.6274   2.949617   2.949069     2.1861     2.6189      8.088     5.6469   480.9237 1.2110e+01     0.1871    95.4301     7.5843     7.7798    32.7244    32.7251    26.0995    26.1007    7.63033 0.0000e+00
      34736     17.009     2.6348     2.6266   2.949610   2.949064     2.1861     2.6185      8.088     5.6571   480.8842 1.2138e+01     0.1871    95.4301     7.5837     7.7777    32.7242    32.7259    26.0993    26.1013    7.63031 0.0000e+00
      34739     16.985     2.6348     2.6268   2.949601   2.949050     2.1869     2.6189      8.088     5.6571   480.9237 1.2180e+01     0.1874    95.4215     7.5889     7.7762    32.7241    32.7255    26.0993    26.1010    7.63031 0.0000e+00
      34742     16.960     2.6346     2.6284   2.949603   2.949088     2.1877     2.6189      8.088     5.3111   480.8842 1.2194e+01     0.1874    95.4215     7.5918     7.7720    32.7243    32.7244    26.0995    26.1000    7.63034 0.0000e+00
      34745     16.931     2.6336     2.6291   2.949562   2.949100     2.1869     2.6189      8.088     5.1177   480.8842 1.2236e+01     0.1878    95.4128     7.5880     7.7698    32.7249    32.7238    26.0999    26.0995    7.63050 0.0000e+00
      34748     16.901     2.6336     2.6291   2.949561   2.949103     2.1865     2.6193      8.088     5.1076   480.9237 1.2250e+01     0.1918    95.3172     7.5872     7.7711    32.7249    32.7239    26.1000    26.0995    7.63051 0.0000e+00
      34751     16.867     2.6339     2.6292   2.949575   2.949124     2.1869     2.6193      8.088     5.1177   480.9631 1.2279e+01     0.1922    95.3085     7.5880     7.7718    32.7248    32.7240    26.0998    26.0997    7.63045 0.0000e+00
      34754     16.832     2.6342     2.6285   2.949582   2.949095     2.1877     2.6197      8.088     5.1076   480.9237 1.2279e+01     0.1922    95.3085     7.5908     7.7740    32.7246    32.7245    26.0997    26.1001    7.63041 0.0000e+00
      34757     16.797     2.6343     2.6286   2.949579   2.949082     2.1873     2.6193      8.088     5.1076   480.9237 1.2293e+01     0.1922    95.3085     7.5871     7.7752    32.7245    32.7242    26.0996    26.0998    7.63040 0.0000e+00
      34760     16.756     2.6345     2.6283   2.949575   2.949080     2.1873     2.6193      8.088     5.1279   480.9631 1.2378e+01     0.1922    95.3085     7.5846     7.7763    32.7242    32.7245    26.0994    26.1001    7.63037 0.0000e+00
      34763     16.711     2.6344     2.6275   2.949589   2.949055     2.1877     2.6197      8.088     5.1177   480.9631 1.2421e+01     0.1922    95.3085     7.5841     7.7763    32.7245    32.7251    26.0996    26.1006    7.63037 0.0000e+00
      34766     16.662     2.6346     2.6279   2.949562   2.949053     2.1877     2.6189      8.088     5.1381   481.0026 1.2465e+01     0.1922    95.3085     7.5850     7.7738    32.7240    32.7246    26.0992    26.1002    7.63036 0.0000e+00
      34769     16.609     2.6345     2.6280   2.949583   2.949056     2.1886     2.6189      8.088     5.5248   480.9237 1.2479e+01     0.1885    95.3954     7.5897     7.7736    32.7244    32.7246    26.0995    26.1002    7.63036 0.0000e+00
      34772     16.552     2.6349     2.6289   2.949600   2.949082     2.1886     2.6197      8.088     5.5756   481.0026 1.2508e+01     0.1885    95.3954     7.5883     7.7775    32.7242    32.7240    26.0993    26.0996    7.63029 0.0000e+00
      34775     16.493     2.6351     2.6290   2.949576   2.949082     2.1886     2.6205      8.088     5.5655   473.3437 1.2537e+01     0.1878    95.4128     7.5854     7.7810    32.7238    32.7239    26.0989    26.0996    7.63027 0.0000e+00
      34778     16.434     2.6351     2.6295   2.949609   2.949082     2.1886     2.6197      8.088     5.5553    54.1947 1.2537e+01     0.1882    95.4041     7.5842     7.7791    32.7242    32.7235    26.0993    26.0992    7.63025 0.0000e+00
      34781     16.376     2.6349     2.6299   2.949586   2.949094     2.1877     2.6209      8.088     5.5655     1.8455 1.2537e+01     0.1882    95.4041     7.5810     7.7838    32.7242    32.7232    26.0993    26.0989    7.63030 0.0000e+00
      34784     16.314     2.6340     2.6296   2.949547   2.949077     2.1886     2.6201      8.088     5.5655     5.0433 1.2537e+01     0.1885    95.3954     7.5835     7.7822    32.7246    32.7234    26.0997    26.0991    7.63044 0.0000e+00
      34787     16.250     2.6331     2.6294   2.949547   2.949088     2.1882     2.6201      8.088     5.5655     4.8854 1.2537e+01     0.1900    95.3606     7.5823     7.7813    32.7255    32.7238    26.1005    26.0994    7.63056 0.0000e+00
      34790     16.186     2.6335     2.6293   2.949564   2.949076     2.1886     2.6201      8.088     5.5655     4.8854 1.2523e+01     0.1907    95.3432     7.5815     7.7813    32.7254    32.7237    26.1004    26.0994    7.63050 0.0000e+00
      34793     16.119     2.6341     2.6294   2.949563   2.949087     2.1890     2.6209      8.088     5.5044     4.8854 1.2479e+01     0.1907    95.3432     7.5821     7.7820    32.7248    32.7238    26.0999    26.0995    7.63041 0.0000e+00
      34796     16.050     2.6345     2.6297   2.949570   2.949103     2.1886     2.6209      8.088     5.2195     4.8854 1.2421e+01     0.1904    95.3519     7.5816     7.7820    32.7246    32.7237    26.0996    26.0994    7.63035 0.0000e+00
      34799     15.983     2.6347     2.6295   2.949558   2.949116     2.1886     2.6209      8.088     5.2398     4.8854 1.2350e+01     0.1904    95.3519     7.5827     7.7826    32.7242    32.7241    26.0994    26.0997    7.63033 0.0000e+00
      34802     15.910     2.6349     2.6296   2.949576   2.949102     2.1890     2.6209      8.088     5.2195     3.9379 1.2265e+01     0.1907    95.3432     7.5864     7.7839    32.7243    32.7239    26.0994    26.0995    7.63029 0.0000e+00
      34805     15.836     2.6350     2.6296   2.949574   2.949101     2.1890     2.6209      8.088     5.2398    -0.2074 1.2180e+01     0.1907    95.3432     7.5884     7.7849    32.7241    32.7239    26.0993    26.0995    7.63027 0.0000e+00
      34808     15.760     2.6352     2.6290   2.949550   2.949070     2.1894     2.6213      8.088     5.2297    -0.1679 1.2082e+01     0.1904    95.3519     7.5889     7.7885    32.7238    32.7242    26.0989    26.0998    7.63026 0.0000e+00
      34811     15.678     2.6354     2.6288   2.949548   2.949049     2.1894     2.6209      8.088     5.2398    -0.1679 1.2026e+01     0.1896    95.3693     7.5872     7.7878    32.7236    32.7241    26.0988    26.0998    7.63023 0.0000e+00
      34814     15.597     2.6357     2.6287   2.949547   2.949040     2.1886     2.6213      8.088     5.2297    -0.0889 1.1970e+01     0.1893    95.3780     7.5830     7.7882    32.7233    32.7243    26.0986    26.0999    7.63019 0.0000e+00
      34817     15.510     2.6359     2.6294   2.949563   2.949041     2.1894     2.6217      8.088     5.2297    -0.0889 1.1929e+01     0.1893    95.3780     7.5873     7.7892    32.7233    32.7236    26.0985    26.0993    7.63014 0.0000e+00
      34820     15.422     2.6360     2.6306   2.949567   2.949078     2.1890     2.6221      8.088     5.0771    -0.1284 1.1874e+01     0.1900    95.3606     7.5880     7.7899    32.7233    32.7229    26.0985    26.0986    7.63012 0.0000e+00
      34823     15.333     2.6360     2.6309   2.949539   2.949050     2.1898     2.6221      8.088     4.8532    -0.1284 1.1860e+01     0.1893    95.3780     7.5900     7.7890    32.7231    32.7222    26.0983    26.0981    7.63014 0.0000e+00
      34826     15.241     2.6357     2.6308   2.949530   2.949049     2.1898     2.6221      8.088     4.8634    -0.1284 1.1819e+01     0.1896    95.3693     7.5882     7.7876    32.7232    32.7224    26.0985    26.0982    7.63018 0.0000e+00
      34829     15.151     2.6355     2.6310   2.949489   2.949022     2.1906     2.6225      8.088     4.8735   221.4279 1.1805e+01     0.1882    95.4041     7.5921     7.7858    32.7230    32.7219    26.0983    26.0978    7.63024 0.0000e+00
      34832     15.060     2.6355     2.6306   2.949484   2.949038     2.1894     2.6230      8.088     4.8735   482.1870 1.1792e+01     0.1874    95.4215     7.5859     7.7857    32.7230    32.7225    26.0983    26.0983    7.63024 0.0000e+00
      34835     14.970     2.6351     2.6309   2.949472   2.949001     2.1894     2.6230      8.088     4.8837   480.8053 1.1778e+01     0.1878    95.4128     7.5849     7.7854    32.7233    32.7218    26.0986    26.0977    7.63031 0.0000e+00
      34838     14.880     2.6351     2.6305   2.949473   2.948976     2.1898     2.6221      8.088     4.8634   480.9237 1.1778e+01     0.1878    95.4128     7.5844     7.7814    32.7234    32.7220    26.0986    26.0979    7.63029 0.0000e+00
      34841     14.788     2.6349     2.6301   2.949441   2.948929     2.1906     2.6234      8.088     4.8735   480.8842 1.1778e+01     0.1878    95.4128     7.5845     7.7829    32.7232    32.7219    26.0985    26.0978    7.63034 0.0000e+00
      34844     14.698     2.6340     2.6296   2.949380   2.948859     2.1906     2.6221      8.088     4.8735   480.8842 1.1778e+01     0.1878    95.4128     7.5823     7.7775    32.7234    32.7216    26.0988    26.0977    7.63050 0.0000e+00
      34847     14.611     2.6338     2.6292   2.949339   2.948849     2.1898     2.6230      8.088     4.8837   480.9237 1.1805e+01     0.1882    95.4041     7.5763     7.7793    32.7232    32.7219    26.0986    26.0979    7.63056 0.0000e+00
      34850     14.521     2.6334     2.6289   2.949305   2.948874     2.1898     2.6221      8.088     4.8837   480.9237 1.1833e+01     0.1889    95.3867     7.5756     7.7756    32.7233    32.7226    26.0987    26.0985    7.63064 0.0000e+00
      34853     14.436     2.6330     2.6286   2.949284   2.948833     2.1906     2.6217      8.088     4.8634   480.8842 1.1860e+01     0.1896    95.3693     7.5795     7.7751    32.7234    32.7224    26.0988    26.0984    7.63069 0.0000e+00
      34856     14.348     2.6329     2.6285   2.949251   2.948832     2.1898     2.6230      8.090     4.8735   132.7975 1.1929e+01     0.1889    95.3867     7.5785     7.7797    32.7232    32.7226    26.0987    26.0985    7.63073 0.0000e+00
      34859     14.267     2.6325     2.6284   2.949267   2.948804     2.1898     2.6234      8.088     4.8837     7.9253 1.1984e+01     0.1889    95.3867     7.5785     7.7835    32.7238    32.7224    26.0992    26.0984    7.63077 0.0000e+00
      34862     14.188     2.6326     2.6281   2.949245   2.948811     2.1898     2.6230      8.088     4.8634    13.2945 1.2040e+01     0.1889    95.3867     7.5771     7.7827    32.7235    32.7228    26.0989    26.0988    7.63077 0.0000e+00
      34865     14.107     2.6328     2.6281   2.949269   2.948840     2.1898     2.6225      8.088     4.8634    13.0576 1.2096e+01     0.1889    95.3867     7.5756     7.7812    32.7236    32.7232    26.0991    26.0991    7.63072 0.0000e+00
      34868     14.027     2.6332     2.6281   2.949307   2.948861     2.1894     2.6225      8.088     4.8735    13.0576 1.2166e+01     0.1889    95.3867     7.5749     7.7819    32.7238    32.7235    26.0991    26.0993    7.63064 0.0000e+00
      34871     13.944     2.6338     2.6285   2.949350   2.948842     2.1898     2.6225      8.088     4.8837    13.0576 1.2208e+01     0.1878    95.4128     7.5758     7.7804    32.7237    32.7229    26.0990    26.0988    7.63053 0.0000e+00
      34874     13.859     2.6342     2.6288   2.949394   2.948889     2.1898     2.6234      8.088     5.1279    13.0576 1.2307e+01     0.1878    95.4128     7.5733     7.7824    32.7238    32.7232    26.0991    26.0990    7.63044 0.0000e+00
