Datasets/AZMP/HUD120/hud120_2020_111.cnv
* Sea-Bird SBE 9 Data File:
* FileName = C:\CTDDATA\hud120_2020_111.hex
* Software Version Seasave V 7.26.7.110
* Temperature SN = 1697
* Conductivity SN = 4216
* Number of Bytes Per Scan = 30
* Number of Voltage Words = 4
* Number of Scans Averaged by the Deck Unit = 1
* NMEA baud rate = 4800
** VESSEL/TRIP/SEQ STN:  hub120_2020_111
** LATITUDE XX XX.XX: 47 32.80 N
** LONGITUDE XX XX.XX: 052 35.20 W
** SOUNDING DEPTH (M): 0176
** PROBE TYPE: S1146
** CTD NUMBER: 081
** FORMAT: V
** COMMENTS (14 CHAR): S27-01
** BOTTLES:  10
** LEVELS: 5,10,20,30,40,50,75,100,150,BTM
** STICKERS: 440099 - 440108
** VNET: Y
** DO2: N
# nquan = 22
# nvalues = 3741                        
# units = specified
# name 0 = scan: Scan Count
# name 1 = prDM: Pressure, Digiquartz [db]
# name 2 = t090C: Temperature [ITS-90, deg C]
# name 3 = t190C: Temperature, 2 [ITS-90, deg C]
# name 4 = c0S/m: Conductivity [S/m]
# name 5 = c1S/m: Conductivity, 2 [S/m]
# name 6 = sbeox0V: Oxygen raw, SBE 43 [V]
# name 7 = sbeox1V: Oxygen raw, SBE 43, 2 [V]
# name 8 = ph: pH
# name 9 = flECO-AFL: Fluorescence, WET Labs ECO-AFL/FL [mg/m^3]
# name 10 = wetCDOM: Fluorescence, WET Labs CDOM [mg/m^3]
# name 11 = par/sat/log: PAR/Logarithmic, Satlantic [umol photons/m^2/sec]
# name 12 = CStarAt0: Beam Attenuation, WET Labs C-Star [1/m]
# name 13 = CStarTr0: Beam Transmission, WET Labs C-Star [%]
# name 14 = sbeox0ML/L: Oxygen, SBE 43 [ml/l], WS = 2
# name 15 = sbeox1ML/L: Oxygen, SBE 43, 2 [ml/l], WS = 2
# name 16 = sal00: Salinity, Practical [PSU]
# name 17 = sal11: Salinity, Practical, 2 [PSU]
# name 18 = sigma-t00: Density [sigma-t, kg/m^3 ]
# name 19 = sigma-t11: Density, 2 [sigma-t, kg/m^3 ]
# name 20 = oxsatML/L: Oxygen Saturation, Weiss [ml/l]
# name 21 = flag: flag
# span 0 =         62,      32583       
# span 1 =      0.547,    172.916       
# span 2 =    -0.4786,     4.7052       
# span 3 =    -0.4842,     4.7005       
# span 4 =   2.704042,   3.007070       
# span 5 =   2.703568,   3.006579       
# span 6 =     1.8819,     2.2247       
# span 7 =     2.2149,     2.6301       
# span 8 =      8.037,      8.200       
# span 9 =     1.0071,     4.2732       
# span 10 =    -2.8130,   482.1870      
# span 11 = 1.0556e-01, 9.3424e-01      
# span 12 =     0.0995,     0.5940      
# span 13 =    86.1989,    97.5424      
# span 14 =     6.8797,     7.7913      
# span 15 =     6.9481,     7.9271      
# span 16 =    31.3580,    33.2632      
# span 17 =    31.3568,    33.2626      
# span 18 =    24.8203,    26.7163      
# span 19 =    24.8196,    26.7160      
# span 20 =    7.31329,    8.26715      
# span 21 = 0.0000e+00, 0.0000e+00      
# interval = scans: 3                   
# start_time = Dec 01 2020 09:53:22 [System UTC, header]
# bad_flag = -9.990e-29
*END*
[from data line 2898]
      17581     61.086     2.7675     2.4013   2.904353   2.882613     2.1685     2.5610      8.165     1.7193   481.2790 1.0715e-01     0.1088    97.3164     7.6066     7.7740    32.0139    32.1151    25.5212    25.6310    7.64100 0.0000e+00
      17584     61.001     2.8296     2.3934   2.906392   2.882341     2.1689     2.5630      8.164     1.7091   481.2395 1.0715e-01     0.1084    97.3251     7.5970     7.7939    31.9768    32.1197    25.4865    25.6354    7.63089 0.0000e+00
      17587     60.912     2.8528     2.4326   2.907822   2.886124     2.1689     2.5638      8.164     1.7295   481.2395 1.0715e-01     0.1088    97.3164     7.5913     7.8005    31.9711    32.1268    25.4801    25.6380    7.62671 0.0000e+00
      17590     60.821     2.9758     2.5566   2.914900   2.890856     2.1689     2.5659      8.164     1.7193   481.2395 1.0715e-01     0.1088    97.3164     7.5631     7.7971    31.9347    32.0602    25.4408    25.5751    7.60492 0.0000e+00
      17593     60.726     3.0505     2.6345   2.918165   2.895867     2.1697     2.5687      8.163     1.7091   481.2395 1.0715e-01     0.1084    97.3251     7.5465     7.7999    31.9002    32.0435    25.4070    25.5556    7.59237 0.0000e+00
      17596     60.625     3.0886     2.7336   2.920880   2.901480     2.1710     2.5695      8.163     1.7193   394.4251 1.0715e-01     0.1088    97.3164     7.5407     7.7874    31.8953    32.0130    25.3999    25.5232    7.58534 0.0000e+00
      17599     60.524     3.1205     2.8137   2.922370   2.905473     2.1710     2.5716      8.163     1.7193     4.8065 1.0715e-01     0.1088    97.3164     7.5295     7.7796    31.8818    31.9817    25.3863    25.4917    7.57994 0.0000e+00
      17602     60.417     3.1732     2.8826   2.925085   2.909796     2.1714     2.5724      8.163     1.7193     4.5696 1.0715e-01     0.1092    97.3077     7.5159     7.7654    31.8626    31.9657    25.3665    25.4733    7.57089 0.0000e+00
      17605     60.306     3.2247     3.0265   2.927576   2.917335     2.1722     2.5740      8.163     1.7499     5.2802 1.0715e-01     0.1088    97.3164     7.5057     7.7346    31.8417    31.9142    25.3455    25.4202    7.56215 0.0000e+00
      17608     60.191     3.2379     3.1413   2.926743   2.922489     2.1726     2.5748      8.163     1.7600     5.2407 1.0715e-01     0.1088    97.3164     7.5044     7.7049    31.8189    31.8629    25.3261    25.3695    7.56081 0.0000e+00
      17611     60.072     3.1339     3.0768   2.919781   2.915213     2.1726     2.5765      8.163     1.7499     5.2407 1.0715e-01     0.1088    97.3164     7.5204     7.7152    31.8377    31.8390    25.3501    25.3559    7.57963 0.0000e+00
      17614     59.947     3.1733     2.9000   2.924525   2.909261     2.1722     2.5781      8.163     1.7397     5.2407 1.0715e-01     0.1092    97.3077     7.5028     7.7418    31.8560    31.9421    25.3613    25.4530    7.57120 0.0000e+00
      17617     59.820     3.2032     2.9090   2.926481   2.909248     2.1730     2.5781      8.163     1.7397     5.2407 1.0715e-01     0.1099    97.2903     7.4934     7.7303    31.8500    31.9331    25.3539    25.4451    7.56581 0.0000e+00
      17620     59.688     3.2681     2.8024   2.929359   2.902691     2.1730     2.5793      8.163     1.7499     5.2407 1.0727e-01     0.1103    97.2816     7.4785     7.7454    31.8208    31.9596    25.3250    25.4750    7.55499 0.0000e+00
      17623     59.552     3.3063     2.6548   2.931770   2.895887     2.1730     2.5809      8.162     1.7600     7.3331 1.0715e-01     0.1099    97.2903     7.4680     7.7678    31.8122    32.0240    25.3148    25.5384    7.54818 0.0000e+00
      17626     59.414     3.3264     2.5624   2.932685   2.893020     2.1730     2.5809      8.162     1.7600    10.0177 1.0740e-01     0.1099    97.2903     7.4617     7.7753    31.8035    32.0817    25.3061    25.5918    7.54482 0.0000e+00
      17629     59.274     3.3539     2.6290   2.933939   2.896878     2.1742     2.5809      8.162     1.7498     9.8598 1.0727e-01     0.1099    97.2903     7.4617     7.7492    31.7916    32.0622    25.2942    25.5709    7.54022 0.0000e+00
      17632     59.127     3.3650     2.8177   2.934473   2.910852     2.1738     2.5809      8.162     1.6176     9.8993 1.0715e-01     0.1103    97.2816     7.4594     7.6990    31.7872    32.0439    25.2897    25.5410    7.53835 0.0000e+00
      17635     58.975     3.3907     3.1126   2.936126   2.923264     2.1726     2.5818      8.162     1.6176     9.8598 1.0740e-01     0.1106    97.2729     7.4492     7.6373    31.7819    31.9012    25.2832    25.4026    7.53378 0.0000e+00
      17638     58.828     3.4409     3.2539   2.939381   2.928712     2.1734     2.5818      8.162     1.5972     9.8598 1.0727e-01     0.1099    97.2903     7.4444     7.6042    31.7716    31.8274    25.2706    25.3315    7.52484 0.0000e+00
      17641     58.681     3.4786     3.3322   2.940741   2.932911     2.1734     2.5826      8.162     1.6176     9.8993 1.0715e-01     0.1099    97.2903     7.4375     7.5855    31.7510    31.8009    25.2508    25.3035    7.51878 0.0000e+00
      17644     58.536     3.4863     3.3836   2.941095   2.935179     2.1742     2.5809      8.162     1.5972     9.8993 1.0715e-01     0.1099    97.2903     7.4396     7.5647    31.7478    31.7777    25.2476    25.2806    7.51750 0.0000e+00
      17647     58.391     3.4936     3.4083   2.941540   2.936298     2.1734     2.5818      8.162     1.6074     9.8598 1.0715e-01     0.1099    97.2903     7.4359     7.5584    31.7461    31.7669    25.2455    25.2697    7.51622 0.0000e+00
      17650     58.244     3.4979     3.4192   2.941715   2.937092     2.1742     2.5822      8.162     1.5972   347.7609 1.0715e-01     0.1099    97.2903     7.4369     7.5554    31.7440    31.7658    25.2435    25.2679    7.51551 0.0000e+00
      17653     58.097     3.5016     3.4425   2.942093   2.938632     2.1750     2.5809      8.163     1.6074   482.0291 1.0715e-01     0.1103    97.2816     7.4415     7.5420    31.7450    31.7614    25.2440    25.2623    7.51477 0.0000e+00
      17656     57.954     3.5078     3.4545   2.942394   2.938925     2.1746     2.5818      8.162     1.6175   480.9631 1.0715e-01     0.1110    97.2642     7.4427     7.5382    31.7426    31.7533    25.2415    25.2548    7.51373 0.0000e+00
      17659     57.820     3.5153     3.4544   2.943029   2.939203     2.1746     2.5818      8.162     1.6888   481.2395 1.0715e-01     0.1124    97.2295     7.4425     7.5331    31.7429    31.7568    25.2411    25.2576    7.51231 0.0000e+00
      17662     57.688     3.5351     3.4648   2.943997   2.940050     2.1754     2.5814      8.161     1.6786   481.2395 1.0715e-01     0.1120    97.2382     7.4402     7.5261    31.7351    31.7567    25.2331    25.2566    7.50898 0.0000e+00
      17665     57.553     3.5410     3.5094   2.944263   2.942383     2.1754     2.5814      8.161     1.6888   481.2790 1.0715e-01     0.1124    97.2295     7.4372     7.5164    31.7326    31.7411    25.2306    25.2402    7.50800 0.0000e+00
      17668     57.425     3.5451     3.5130   2.944337   2.942340     2.1750     2.5818      8.164     1.6786   481.2395 1.0752e-01     0.1124    97.2295     7.4322     7.5157    31.7295    31.7371    25.2277    25.2367    7.50738 0.0000e+00
      17671     57.304     3.5367     3.5155   2.943797   2.942585     2.1754     2.5809      8.161     1.6888   481.2395 1.0752e-01     0.1124    97.2295     7.4348     7.5039    31.7313    31.7376    25.2299    25.2368    7.50886 0.0000e+00
      17674     57.188     3.5296     3.5102   2.943430   2.942151     2.1754     2.5805      8.164     1.6989   453.6042 1.0752e-01     0.1127    97.2208     7.4342     7.4998    31.7340    31.7377    25.2327    25.2374    7.51007 0.0000e+00
      17677     57.078     3.5281     3.5019   2.943370   2.941827     2.1763     2.5801      8.164     1.6888    32.4023 1.0752e-01     0.1095    97.2990     7.4365     7.4957    31.7347    31.7420    25.2335    25.2416    7.51030 0.0000e+00
      17680     56.972     3.5341     3.5251   2.943739   2.943201     2.1767     2.5793      8.164     1.6888    -0.5232 1.0752e-01     0.1077    97.3425     7.4354     7.4851    31.7334    31.7357    25.2318    25.2345    7.50925 0.0000e+00
      17683     56.870     3.5502     3.5386   2.944328   2.943642     2.1763     2.5793      8.166     1.7397     1.8060 1.0740e-01     0.1077    97.3425     7.4275     7.4778    31.7247    31.7279    25.2235    25.2270    7.50667 0.0000e+00
      17686     56.774     3.5442     3.5160   2.943917   2.942311     2.1763     2.5789      8.164     1.7702     1.6876 1.0715e-01     0.1077    97.3425     7.4268     7.4754    31.7257    31.7341    25.2248    25.2340    7.50774 0.0000e+00
      17689     56.687     3.5372     3.5032   2.943857   2.941576     2.1759     2.5793      8.166     1.7905     1.6876 1.0715e-01     0.1081    97.3338     7.4231     7.4752    31.7319    31.7380    25.2303    25.2382    7.50874 0.0000e+00
      17692     56.604     3.5190     3.4831   2.942061   2.940922     2.1759     2.5781      8.166     1.7804     1.6876 1.0715e-01     0.1077    97.3425     7.4258     7.4714    31.7284    31.7498    25.2291    25.2495    7.51234 0.0000e+00
      17695     56.526     3.5212     3.4807   2.941854   2.940692     2.1771     2.5760      8.166     1.7905     1.6876 1.0715e-01     0.1081    97.3338     7.4302     7.4645    31.7237    31.7495    25.2253    25.2494    7.51215 0.0000e+00
      17698     56.454     3.5783     3.4912   2.945516   2.941283     2.1767     2.5769      8.166     1.7804     1.6876 1.0715e-01     0.1077    97.3425     7.4161     7.4661    31.7116    31.7463    25.2105    25.2460    7.50206 0.0000e+00
      17701     56.386     3.6063     3.4961   2.947290   2.940969     2.1763     2.5765      8.164     1.7702     2.5167 1.0715e-01     0.1074    97.3512     7.4085     7.4638    31.7055    31.7378    25.2031    25.2387    7.49714 0.0000e+00
      17704     56.323     3.6193     3.4738   2.948021   2.940006     2.1759     2.5756      8.166     1.7702     4.9249 1.0715e-01     0.1077    97.3425     7.4068     7.4672    31.7016    31.7482    25.1987    25.2490    7.49491 0.0000e+00
      17707     56.262     3.6095     3.4858   2.947198   2.941313     2.1763     2.5740      8.166     1.7804     4.8854 1.0727e-01     0.1077    97.3425     7.4162     7.4629    31.7014    31.7521    25.1995    25.2510    7.49675 0.0000e+00
      17710     56.203     3.5865     3.4945   2.946407   2.941419     2.1763     2.5736      8.166     1.7702     4.8854 1.0715e-01     0.1077    97.3425     7.4267     7.4673    31.7144    31.7449    25.2119    25.2445    7.50039 0.0000e+00
      17713     56.148     3.5918     3.5327   2.946864   2.943928     2.1754     2.5732      8.166     1.7702     4.8854 1.0715e-01     0.1077    97.3425     7.4300     7.4684    31.7147    31.7374    25.2117    25.2351    7.49939 0.0000e+00
      17716     56.096     3.6328     3.5729   2.949015   2.946130     2.1771     2.5724      8.166     1.7905     4.8854 1.0715e-01     0.1081    97.3338     7.4351     7.4719    31.7004    31.7244    25.1965    25.2211    7.49245 0.0000e+00
      17719     56.044     3.6589     3.5797   2.950373   2.945589     2.1767     2.5732      8.166     1.7804     4.8854 1.0715e-01     0.1077    97.3425     7.4375     7.4859    31.6911    31.7114    25.1868    25.2102    7.48804 0.0000e+00
      17722     55.994     3.6727     3.4798   2.950883   2.939432     2.1771     2.5720      8.166     1.7804     4.8854 1.0715e-01     0.1081    97.3338     7.4493     7.5149    31.6837    31.7356    25.1796    25.2385    7.48583 0.0000e+00
      17725     55.945     3.6569     3.4473   2.949720   2.939069     2.1767     2.5720      8.166     1.7804     4.8854 1.0727e-01     0.1081    97.3338     7.4610     7.5367    31.6853    31.7631    25.1824    25.2632    7.48870 0.0000e+00
      17728     55.896     3.6377     3.4747   2.949010   2.940175     2.1779     2.5732      8.166     1.7804     8.2806 1.0727e-01     0.1077    97.3425     7.4767     7.5535    31.6956    31.7495    25.1923    25.2500    7.49176 0.0000e+00
      17731     55.844     3.6314     3.4696   2.948600   2.939604     2.1787     2.5732      8.166     1.7600    11.3205 1.0727e-01     0.1077    97.3425     7.4888     7.5687    31.6969    31.7477    25.1940    25.2490    7.49288 0.0000e+00
      17734     55.793     3.6349     3.4338   2.948769   2.937760     2.1799     2.5744      8.166     1.7804    11.1626 1.0715e-01     0.1077    97.3425     7.4983     7.5932    31.6955    31.7608    25.1925    25.2626    7.49230 0.0000e+00
      17737     55.740     3.6621     3.4099   2.949921   2.936840     2.1808     2.5752      8.166     1.7702    11.1626 1.0715e-01     0.1077    97.3425     7.4982     7.6144    31.6828    31.7732    25.1799    25.2746    7.48786 0.0000e+00
      17740     55.683     3.6801     3.3858   2.950258   2.935021     2.1808     2.5765      8.166     1.7804    11.2021 1.0715e-01     0.1067    97.3685     7.4934     7.6356    31.6693    31.7751    25.1675    25.2783    7.48518 0.0000e+00
      17743     55.626     3.6604     3.3574   2.948525   2.933423     2.1832     2.5773      8.166     1.7804    11.1626 1.0727e-01     0.1067    97.3685     7.5079     7.6542    31.6679    31.7838    25.1682    25.2878    7.48891 0.0000e+00
      17746     55.565     3.6654     3.3224   2.948104   2.931647     2.1836     2.5793      8.166     1.7804    11.2021 1.0715e-01     0.1067    97.3685     7.5082     7.6779    31.6581    31.7970    25.1599    25.3013    7.48847 0.0000e+00
      17749     55.502     3.6371     3.3021   2.947574   2.930577     2.1844     2.5805      8.166     1.7905    11.2021 1.0715e-01     0.1067    97.3685     7.5147     7.6919    31.6793    31.8041    25.1794    25.3087    7.49268 0.0000e+00
      17752     55.434     3.6963     3.2983   2.950029   2.930081     2.1844     2.5814      8.166     1.7702    11.2021 1.0715e-01     0.1067    97.3685     7.4969     7.6983    31.6510    31.8019    25.1514    25.3074    7.48307 0.0000e+00
      17755     55.362     3.6470     3.2943   2.948243   2.930167     2.1856     2.5822      8.166     1.7702   390.3588 1.0752e-01     0.1067    97.3685     7.5040     7.7020    31.6777    31.8069    25.1772    25.3117    7.49092 0.0000e+00
      17758     55.287     3.5710     3.3024   2.944896   2.930308     2.1856     2.5842      8.166     1.7600   481.9106 1.0740e-01     0.1084    97.3251     7.5116     7.7068    31.7120    31.8008    25.2115    25.3061    7.50342 0.0000e+00
      17761     55.205     3.6323     3.2871   2.947287   2.929303     2.1856     2.5862      8.166     1.7702   481.0026 1.0752e-01     0.1088    97.3164     7.4945     7.7151    31.6808    31.8038    25.1810    25.3098    7.49352 0.0000e+00
      17764     55.125     3.5596     3.3005   2.944650   2.931046     2.1856     2.5870      8.166     1.7702   481.2790 1.0752e-01     0.1084    97.3251     7.5014     7.7117    31.7203    31.8116    25.2191    25.3148    7.50513 0.0000e+00
      17767     55.039     3.4980     3.3487   2.942860   2.932735     2.1864     2.5879      8.166     1.7905   481.2790 1.0752e-01     0.1088    97.3164     7.5093     7.7009    31.7592    31.7844    25.2556    25.2890    7.51473 0.0000e+00
      17770     54.948     3.6782     3.3699   2.952971   2.933864     2.1877     2.5903      8.169     1.7804   481.2790 1.0727e-01     0.1088    97.3164     7.4765     7.7001    31.7037    31.7772    25.1951    25.2814    7.48383 0.0000e+00
