Datasets/AZMP/HUD120/hud120_2020_012.cnv
* Sea-Bird SBE 9 Data File:
* FileName = C:\CTDDATA\hud120_2020_012.hex
* Software Version Seasave V 7.26.7.110
* Temperature SN = 1697
* Conductivity SN = 4216
* Number of Bytes Per Scan = 30
* Number of Voltage Words = 4
* Number of Scans Averaged by the Deck Unit = 1
* NMEA baud rate = 4800
** VESSEL/TRIP/SEQ STN:  hud120_2020_012
** LATITUDE XX XX.XX: 47 32.80 N
** LONGITUDE XX XX.XX: 052 35.20 W
** SOUNDING DEPTH (M): 0178
** PROBE TYPE: S1146
** CTD NUMBER: 004
** FORMAT: V
** COMMENTS (14 CHAR): S27-01
** BOTTLES:  10
** LEVELS: 5,10,20,30,40,50,75,100,150,BTM
** STICKERS: 439537 - 439546
** VNET: Y
** DO2: N
# nquan = 22
# nvalues = 3433                        
# units = specified
# name 0 = scan: Scan Count
# name 1 = prDM: Pressure, Digiquartz [db]
# name 2 = t090C: Temperature [ITS-90, deg C]
# name 3 = t190C: Temperature, 2 [ITS-90, deg C]
# name 4 = c0S/m: Conductivity [S/m]
# name 5 = c1S/m: Conductivity, 2 [S/m]
# name 6 = sbeox0V: Oxygen raw, SBE 43 [V]
# name 7 = sbeox1V: Oxygen raw, SBE 43, 2 [V]
# name 8 = ph: pH
# name 9 = flECO-AFL: Fluorescence, WET Labs ECO-AFL/FL [mg/m^3]
# name 10 = wetCDOM: Fluorescence, WET Labs CDOM [mg/m^3]
# name 11 = par/sat/log: PAR/Logarithmic, Satlantic [umol photons/m^2/sec]
# name 12 = CStarAt0: Beam Attenuation, WET Labs C-Star [1/m]
# name 13 = CStarTr0: Beam Transmission, WET Labs C-Star [%]
# name 14 = sbeox0ML/L: Oxygen, SBE 43 [ml/l], WS = 2
# name 15 = sbeox1ML/L: Oxygen, SBE 43, 2 [ml/l], WS = 2
# name 16 = sal00: Salinity, Practical [PSU]
# name 17 = sal11: Salinity, Practical, 2 [PSU]
# name 18 = sigma-t00: Density [sigma-t, kg/m^3 ]
# name 19 = sigma-t11: Density, 2 [sigma-t, kg/m^3 ]
# name 20 = oxsatML/L: Oxygen Saturation, Weiss [ml/l]
# name 21 = flag: flag
# span 0 =         31,      40815       
# span 1 =      1.378,    177.749       
# span 2 =    -0.6417,     5.8161       
# span 3 =    -0.6469,     5.8116       
# span 4 =   2.690721,   3.091386       
# span 5 =   2.690388,   3.091061       
# span 6 =     1.8988,     2.2342       
# span 7 =     2.2371,     2.6535       
# span 8 =      7.867,      8.049       
# span 9 =     1.0071,     3.3168       
# span 10 =    -2.8130,   482.1870      
# span 11 = 1.0678e-01, 7.3627e-01      
# span 12 =     0.0352,     0.6669      
# span 13 =    84.6430,    99.1244      
# span 14 =     6.5222,     7.8303      
# span 15 =     6.5579,     7.9593      
# span 16 =    31.1642,    33.2923      
# span 17 =    30.6386,    33.2942      
# span 18 =    24.5510,    26.7391      
# span 19 =    24.1364,    26.7409      
# span 20 =    7.12275,    8.30937      
# span 21 = 0.0000e+00, 0.0000e+00      
# interval = scans: 3                   
# start_time = Nov 17 2020 02:00:35 [System UTC, header]
# bad_flag = -9.990e-29
*END*
[from data line 330]
       1619     36.342     5.5102     5.5054   3.075242   3.074877     2.2003     2.6068      8.020     2.8182   481.2790 1.0715e-01     0.0725    98.2030     7.1285     7.2143    31.3807    31.3811    24.7507    24.7516    7.17105 0.0000e+00
       1622     36.506     5.5062     5.5035   3.075015   3.074766     2.1999     2.6060      8.020     2.8284   481.3184 1.0715e-01     0.0725    98.2030     7.1290     7.2130    31.3818    31.3815    24.7520    24.7521    7.17169 0.0000e+00
       1625     36.672     5.5059     5.5017   3.074962   3.074637     2.2003     2.6064      8.020     2.8182   481.3579 1.0715e-01     0.0725    98.2030     7.1291     7.2161    31.3814    31.3816    24.7517    24.7524    7.17176 0.0000e+00
       1628     36.842     5.5018     5.5013   3.074673   3.074620     2.2011     2.6056      8.022     2.4824   481.3184 1.0715e-01     0.0725    98.2030     7.1313     7.2145    31.3819    31.3817    24.7526    24.7525    7.17245 0.0000e+00
       1631     37.011     5.4966     5.4943   3.074232   3.074040     2.2003     2.6056      8.020     2.4519   413.3750 1.0715e-01     0.0732    98.1856     7.1273     7.2170    31.3816    31.3817    24.7530    24.7533    7.17335 0.0000e+00
       1634     37.184     5.4895     5.4838   3.073843   3.073443     2.1999     2.6064      8.022     2.4417    16.1369 1.0715e-01     0.0718    98.2204     7.1245     7.2210    31.3838    31.3847    24.7555    24.7568    7.17447 0.0000e+00
       1637     37.355     5.4774     5.4780   3.073064   3.073150     2.1999     2.6056      8.020     2.4417    15.1894 1.0715e-01     0.0722    98.2117     7.1271     7.2196    31.3862    31.3867    24.7588    24.7591    7.17644 0.0000e+00
       1640     37.525     5.4720     5.4732   3.072708   3.072803     2.1999     2.6052      8.020     2.4621    15.1105 1.0715e-01     0.0722    98.2117     7.1272     7.2191    31.3872    31.3871    24.7601    24.7600    7.17733 0.0000e+00
       1643     37.696     5.4631     5.4614   3.072165   3.072019     2.2003     2.6056      8.020     2.4519    15.1499 1.0715e-01     0.0722    98.2117     7.1302     7.2224    31.3893    31.3893    24.7629    24.7630    7.17878 0.0000e+00
       1646     37.868     5.4591     5.4569   3.071955   3.071811     2.1999     2.6056      8.020     2.4519    15.0710 1.0715e-01     0.0715    98.2291     7.1292     7.2238    31.3905    31.3910    24.7643    24.7649    7.17940 0.0000e+00
       1649     38.033     5.4552     5.4552   3.071747   3.071705     2.1994     2.6048      8.020     2.4723    15.0710 1.0715e-01     0.0725    98.2030     7.1279     7.2215    31.3918    31.3913    24.7656    24.7653    7.18002 0.0000e+00
       1652     38.194     5.4560     5.4522   3.071825   3.071521     2.1994     2.6048      8.020     2.4519    15.0710 1.0715e-01     0.0725    98.2030     7.1267     7.2232    31.3919    31.3920    24.7657    24.7662    7.17988 0.0000e+00
       1655     38.354     5.4569     5.4509   3.071936   3.071452     2.1990     2.6048      8.020     2.4723    15.0710 1.0715e-01     0.0725    98.2030     7.1253     7.2242    31.3922    31.3924    24.7658    24.7666    7.17971 0.0000e+00
       1658     38.515     5.4604     5.4519   3.072152   3.071571     2.1986     2.6044      8.020     2.4926   196.5167 1.0715e-01     0.0725    98.2030     7.1230     7.2231    31.3913    31.3927    24.7647    24.7667    7.17915 0.0000e+00
       1661     38.674     5.4612     5.4563   3.072115   3.071872     2.1994     2.6044      8.020     2.4926   482.1870 1.0715e-01     0.0725    98.2030     7.1265     7.2222    31.3900    31.3919    24.7636    24.7656    7.17907 0.0000e+00
       1664     38.827     5.4610     5.4562   3.072171   3.071793     2.1990     2.6040      8.020     2.4825   481.1605 1.0715e-01     0.0725    98.2030     7.1251     7.2210    31.3908    31.3910    24.7642    24.7650    7.17906 0.0000e+00
       1667     38.979     5.4601     5.4549   3.072133   3.071705     2.1990     2.6040      8.020     2.4825   481.3184 1.0715e-01     0.0725    98.2030     7.1254     7.2203    31.3912    31.3912    24.7647    24.7652    7.17921 0.0000e+00
       1670     39.128     5.4609     5.4552   3.072167   3.071762     2.1999     2.6036      8.020     2.4723   481.3184 1.0715e-01     0.0725    98.2030     7.1301     7.2205    31.3907    31.3915    24.7642    24.7654    7.17909 0.0000e+00
       1673     39.275     5.4590     5.4549   3.071990   3.071707     2.1982     2.6044      8.020     2.4926   481.2395 1.0715e-01     0.0718    98.2204     7.1237     7.2244    31.3904    31.3911    24.7642    24.7652    7.17944 0.0000e+00
       1676     39.418     5.4561     5.4537   3.071827   3.071631     2.1982     2.6044      8.020     2.4926   481.2790 1.0715e-01     0.0704    98.2552     7.1247     7.2240    31.3912    31.3912    24.7651    24.7654    7.17990 0.0000e+00
       1679     39.559     5.4569     5.4504   3.071943   3.071445     2.1982     2.6044      8.020     2.4621   481.3184 1.0715e-01     0.0708    98.2465     7.1255     7.2238    31.3917    31.3921    24.7654    24.7665    7.17973 0.0000e+00
       1682     39.698     5.4557     5.4480   3.071700   3.071274     2.1982     2.6036      8.020     2.4519   481.3579 1.0715e-01     0.0711    98.2378     7.1252     7.2210    31.3900    31.3924    24.7642    24.7670    7.18003 0.0000e+00
       1685     39.834     5.4547     5.4459   3.071737   3.071063     2.1982     2.6028      8.020     2.4417   167.8549 1.0715e-01     0.0708    98.2465     7.1241     7.2183    31.3913    31.3919    24.7653    24.7668    7.18013 0.0000e+00
       1688     39.969     5.4489     5.4353   3.071150   3.070368     2.1986     2.6032      8.020     2.4417     4.9249 1.0715e-01     0.0711    98.2378     7.1265     7.2221    31.3900    31.3939    24.7650    24.7696    7.18120 0.0000e+00
       1691     40.101     5.4411     5.4315   3.070849   3.070288     2.1978     2.6028      8.020     2.4723    11.4784 1.0715e-01     0.0715    98.2291     7.1250     7.2217    31.3939    31.3965    24.7689    24.7721    7.18237 0.0000e+00
       1694     40.235     5.4400     5.4325   3.070904   3.070380     2.1978     2.6036      8.020     2.4621    11.1626 1.0715e-01     0.0715    98.2291     7.1268     7.2242    31.3954    31.3965    24.7703    24.7720    7.18248 0.0000e+00
       1697     40.362     5.4434     5.4367   3.071175   3.070681     2.1978     2.6028      8.020     2.4621    11.1626 1.0715e-01     0.0711    98.2378     7.1292     7.2204    31.3953    31.3960    24.7698    24.7711    7.18191 0.0000e+00
       1700     40.490     5.4461     5.4399   3.071283   3.070833     2.1982     2.6024      8.020     2.4519    11.1626 1.0715e-01     0.0715    98.2291     7.1302     7.2199    31.3939    31.3947    24.7683    24.7697    7.18150 0.0000e+00
       1703     40.616     5.4467     5.4398   3.071333   3.070829     2.1978     2.6020      8.020     2.4417    11.1231 1.0715e-01     0.0711    98.2378     7.1269     7.2208    31.3938    31.3945    24.7682    24.7696    7.18139 0.0000e+00
       1706     40.747     5.4471     5.4355   3.071357   3.070502     2.1978     2.6024      8.020     2.4214    11.1231 1.0715e-01     0.0711    98.2378     7.1247     7.2264    31.3937    31.3949    24.7681    24.7704    7.18134 0.0000e+00
       1709     40.873     5.4467     5.4294   3.071328   3.070136     2.1966     2.6020      8.020     2.4214    10.7678 1.0715e-01     0.0715    98.2291     7.1184     7.2255    31.3937    31.3964    24.7681    24.7722    7.18141 0.0000e+00
       1712     41.004     5.4393     5.4278   3.070783   3.070080     2.1974     2.6028      8.020     2.4214     0.3058 1.0715e-01     0.0718    98.2204     7.1243     7.2278    31.3944    31.3971    24.7695    24.7730    7.18266 0.0000e+00
       1715     41.133     5.4348     5.4296   3.070545   3.070134     2.1974     2.6024      8.020     2.4214    -0.6022 1.0715e-01     0.0732    98.1856     7.1241     7.2268    31.3958    31.3960    24.7711    24.7719    7.18336 0.0000e+00
       1718     41.260     5.4309     5.4279   3.070251   3.070052     2.1974     2.6020      8.021     2.4112    -0.5627 1.0715e-01     0.0729    98.1943     7.1227     7.2288    31.3961    31.3966    24.7718    24.7725    7.18402 0.0000e+00
       1721     41.391     5.4270     5.4250   3.069998   3.069899     2.1974     2.6020      8.021     2.4315    -0.5627 1.0715e-01     0.0732    98.1856     7.1228     7.2326    31.3968    31.3975    24.7728    24.7736    7.18467 0.0000e+00
       1724     41.525     5.4164     5.4152   3.069192   3.068987     2.1974     2.6020      8.021     2.4112    -0.5627 1.0715e-01     0.0729    98.1943     7.1247     7.2363    31.3975    31.3964    24.7746    24.7738    7.18647 0.0000e+00
       1727     41.661     5.4066     5.4003   3.068689   3.068200     2.1962     2.6024      8.021     2.4214    -0.5627 1.0715e-01     0.0729    98.1943     7.1238     7.2411    31.4009    31.4013    24.7784    24.7794    7.18800 0.0000e+00
       1730     41.796     5.4028     5.3977   3.068473   3.068127     2.1958     2.6024      8.021     2.4417    -0.5627 1.0715e-01     0.0732    98.1856     7.1260     7.2412    31.4020    31.4028    24.7797    24.7809    7.18862 0.0000e+00
       1733     41.937     5.4002     5.3919   3.068279   3.067711     2.1966     2.6016      8.021     2.5944    -0.5627 1.0715e-01     0.0732    98.1856     7.1310     7.2415    31.4022    31.4035    24.7801    24.7821    7.18906 0.0000e+00
       1736     42.075     5.3941     5.3879   3.067888   3.067463     2.1966     2.6011      8.021     2.6147     1.5692 1.0727e-01     0.0725    98.2030     7.1322     7.2410    31.4034    31.4044    24.7817    24.7832    7.19005 0.0000e+00
       1739     42.215     5.3916     5.3844   3.067743   3.067282     2.1954     2.6024      8.021     2.5944     9.8598 1.0715e-01     0.0725    98.2030     7.1306     7.2485    31.4041    31.4056    24.7825    24.7845    7.19046 0.0000e+00
       1742     42.356     5.3888     5.3842   3.067593   3.067260     2.1954     2.6028      8.021     2.6147     9.6229 1.0715e-01     0.0725    98.2030     7.1351     7.2518    31.4049    31.4054    24.7835    24.7844    7.19090 0.0000e+00
       1745     42.497     5.3853     5.3825   3.067407   3.067198     2.1962     2.6028      8.021     2.6046     9.6229 1.0715e-01     0.0722    98.2117     7.1411     7.2541    31.4059    31.4062    24.7847    24.7852    7.19145 0.0000e+00
       1748     42.635     5.3853     5.3829   3.067445   3.067191     2.1954     2.6028      8.021     2.6046     9.6229 1.0715e-01     0.0725    98.2030     7.1401     7.2570    31.4064    31.4057    24.7851    24.7848    7.19145 0.0000e+00
       1751     42.771     5.3889     5.3795   3.067716   3.066970     2.1966     2.6024      8.021     2.6249     9.6624 1.0715e-01     0.0725    98.2030     7.1472     7.2585    31.4060    31.4063    24.7844    24.7856    7.19084 0.0000e+00
       1754     42.908     5.3918     5.3800   3.067842   3.067056     2.1970     2.6024      8.021     2.5944     9.6624 1.0715e-01     0.0715    98.2291     7.1481     7.2613    31.4046    31.4067    24.7829    24.7860    7.19040 0.0000e+00
       1757     43.041     5.3884     5.3800   3.067532   3.067023     2.1958     2.6036      8.021     2.5944     9.7018 1.0715e-01     0.0704    98.2552     7.1437     7.2674    31.4043    31.4063    24.7831    24.7856    7.19101 0.0000e+00
       1760     43.168     5.3855     5.3795   3.067401   3.067047     2.1962     2.6024      8.021     2.5842     9.6624 1.0715e-01     0.0704    98.2552     7.1504     7.2637    31.4054    31.4070    24.7843    24.7863    7.19145 0.0000e+00
       1763     43.297     5.3848     5.3812   3.067381   3.067114     2.1970     2.6032      8.021     2.5740   234.6534 1.0715e-01     0.0704    98.2552     7.1568     7.2679    31.4058    31.4061    24.7846    24.7853    7.19155 0.0000e+00
       1766     43.422     5.3824     5.3779   3.067248   3.066877     2.1966     2.6036      8.021     2.5740   482.1870 1.0715e-01     0.0704    98.2552     7.1559     7.2718    31.4065    31.4065    24.7855    24.7860    7.19194 0.0000e+00
       1769     43.542     5.3799     5.3744   3.067049   3.066638     2.1962     2.6044      8.021     2.5842   481.0421 1.0715e-01     0.0704    98.2552     7.1544     7.2767    31.4065    31.4070    24.7858    24.7868    7.19237 0.0000e+00
       1772     43.657     5.3767     5.3728   3.066861   3.066576     2.1962     2.6052      8.021     2.5740   481.2395 1.0715e-01     0.0704    98.2552     7.1551     7.2798    31.4073    31.4077    24.7867    24.7876    7.19288 0.0000e+00
       1775     43.767     5.3752     5.3686   3.066745   3.066212     2.1966     2.6044      8.021     2.5638   481.2790 1.0715e-01     0.0704    98.2552     7.1572     7.2790    31.4074    31.4075    24.7870    24.7878    7.19315 0.0000e+00
       1778     43.876     5.3711     5.3620   3.066439   3.065784     2.1962     2.6052      8.021     2.5740   481.2395 1.0715e-01     0.0711    98.2378     7.1594     7.2818    31.4076    31.4088    24.7876    24.7896    7.19384 0.0000e+00
       1781     43.980     5.3654     5.3588   3.066091   3.065630     2.1970     2.6052      8.021     2.5740   481.3579 1.0715e-01     0.0711    98.2378     7.1648     7.2817    31.4090    31.4100    24.7893    24.7909    7.19476 0.0000e+00
       1784     44.078     5.3616     5.3568   3.065865   3.065526     2.1978     2.6060      8.021     2.5028   481.3579 1.0715e-01     0.0708    98.2465     7.1672     7.2836    31.4099    31.4106    24.7905    24.7916    7.19538 0.0000e+00
       1787     44.176     5.3607     5.3560   3.065817   3.065480     2.1978     2.6065      8.021     2.4825   481.3184 1.0715e-01     0.0708    98.2465     7.1667     7.2832    31.4103    31.4108    24.7909    24.7918    7.19553 0.0000e+00
       1790     44.265     5.3605     5.3564   3.065844   3.065546     2.1974     2.6060      8.021     2.4926   124.5859 1.0715e-01     0.0711    98.2378     7.1657     7.2811    31.4106    31.4111    24.7912    24.7920    7.19554 0.0000e+00
       1793     44.347     5.3640     5.3589   3.066129   3.065674     2.1978     2.6065      8.021     2.5028     8.8728 1.0715e-01     0.0715    98.2291     7.1663     7.2801    31.4106    31.4102    24.7908    24.7911    7.19493 0.0000e+00
       1796     44.427     5.3676     5.3582   3.066301   3.065670     2.1974     2.6060      8.021     2.4926    13.8866 1.0715e-01     0.0725    98.2030     7.1628     7.2780    31.4091    31.4108    24.7892    24.7916    7.19437 0.0000e+00
       1799     44.502     5.3667     5.3631   3.066252   3.066010     2.1982     2.6069      8.021     2.4723    13.6498 1.0715e-01     0.0725    98.2030     7.1650     7.2803    31.4094    31.4099    24.7896    24.7904    7.19453 0.0000e+00
       1802     44.572     5.3683     5.3629   3.066395   3.065884     2.1986     2.6069      8.021     2.4723    13.6893 1.0715e-01     0.0725    98.2030     7.1637     7.2784    31.4095    31.4088    24.7895    24.7895    7.19425 0.0000e+00
       1805     44.635     5.3675     5.3593   3.066288   3.065678     2.1974     2.6069      8.021     2.4825    13.6498 1.0715e-01     0.0725    98.2030     7.1569     7.2798    31.4090    31.4097    24.7891    24.7907    7.19441 0.0000e+00
       1808     44.692     5.3645     5.3577   3.066063   3.065649     2.1978     2.6069      8.021     2.4825    13.6498 1.0715e-01     0.0725    98.2030     7.1581     7.2783    31.4092    31.4109    24.7896    24.7917    7.19492 0.0000e+00
       1811     44.744     5.3640     5.3580   3.066109   3.065661     2.1974     2.6077      8.021     2.3909    13.7287 1.0715e-01     0.0725    98.2030     7.1553     7.2812    31.4102    31.4107    24.7904    24.7916    7.19496 0.0000e+00
