Datasets/AZMP/HUD120/hud120_2020_067.cnv
* Sea-Bird SBE 9 Data File:
* FileName = C:\CTDDATA\hud120_2020_067.hex
* Software Version Seasave V 7.26.7.110
* Temperature SN = 1697
* Conductivity SN = 4216
* Number of Bytes Per Scan = 30
* Number of Voltage Words = 4
* Number of Scans Averaged by the Deck Unit = 1
* NMEA baud rate = 4800
** VESSEL/TRIP/SEQ STN:  hud120_2020_067
** LATITUDE XX XX.XX: 47 00.00 N
** LONGITUDE XX XX.XX: 047 15.00 W
** SOUNDING DEPTH (M): 0535
** PROBE TYPE: S1146
** CTD NUMBER: 046
** FORMAT: V
** COMMENTS (14 CHAR): FC-15
** BOTTLES:  11
** LEVELS: 5,10,20,30,40,50,75,100,150,250,BTM
** STICKERS: 439813 - 439823
** VNET: Y
** DO2: N
# nquan = 22
# nvalues = 10976                       
# units = specified
# name 0 = scan: Scan Count
# name 1 = prDM: Pressure, Digiquartz [db]
# name 2 = t090C: Temperature [ITS-90, deg C]
# name 3 = t190C: Temperature, 2 [ITS-90, deg C]
# name 4 = c0S/m: Conductivity [S/m]
# name 5 = c1S/m: Conductivity, 2 [S/m]
# name 6 = sbeox0V: Oxygen raw, SBE 43 [V]
# name 7 = sbeox1V: Oxygen raw, SBE 43, 2 [V]
# name 8 = ph: pH
# name 9 = flECO-AFL: Fluorescence, WET Labs ECO-AFL/FL [mg/m^3]
# name 10 = wetCDOM: Fluorescence, WET Labs CDOM [mg/m^3]
# name 11 = par/sat/log: PAR/Logarithmic, Satlantic [umol photons/m^2/sec]
# name 12 = CStarAt0: Beam Attenuation, WET Labs C-Star [1/m]
# name 13 = CStarTr0: Beam Transmission, WET Labs C-Star [%]
# name 14 = sbeox0ML/L: Oxygen, SBE 43 [ml/l], WS = 2
# name 15 = sbeox1ML/L: Oxygen, SBE 43, 2 [ml/l], WS = 2
# name 16 = sal00: Salinity, Practical [PSU]
# name 17 = sal11: Salinity, Practical, 2 [PSU]
# name 18 = sigma-t00: Density [sigma-t, kg/m^3 ]
# name 19 = sigma-t11: Density, 2 [sigma-t, kg/m^3 ]
# name 20 = oxsatML/L: Oxygen Saturation, Weiss [ml/l]
# name 21 = flag: flag
# span 0 =         48,      71967       
# span 1 =      0.390,    542.175       
# span 2 =     1.2663,     3.7550       
# span 3 =     1.2612,     3.7501       
# span 4 =   2.920440,   3.236689       
# span 5 =   2.919979,   3.236199       
# span 6 =     1.8652,     2.1954       
# span 7 =     2.2132,     2.6325       
# span 8 =      7.978,      8.075       
# span 9 =     0.8850,     6.4202       
# span 10 =    -2.8130,   482.1870      
# span 11 = 1.0715e-01, 3.4816e+02      
# span 12 =     0.0683,     0.2054      
# span 13 =    94.9955,    98.3073      
# span 14 =     6.1784,     7.6265      
# span 15 =     6.3418,     7.8379      
# span 16 =    33.3989,    34.7469      
# span 17 =    33.0863,    34.7452      
# span 18 =    26.6616,    27.6101      
# span 19 =    26.4119,    27.6093      
# span 20 =    7.32004,    7.84713      
# span 21 = 0.0000e+00, 0.0000e+00      
# interval = scans: 3                   
# start_time = Nov 24 2020 11:09:54 [System UTC, header]
# bad_flag = -9.990e-29
*END*
[from data line 9877]
      46652     98.168     2.3123     2.3074   3.043972   3.043469     1.9607     2.3373      8.022     0.9867   481.5553 1.0715e-01     0.0732    98.1856     6.6316     6.8009    34.1818    34.1808    27.2912    27.2907    7.61815 0.0000e+00
      46655     98.086     2.3119     2.3074   3.043892   3.043480     1.9607     2.3381      8.022     0.9867   481.2000 1.0715e-01     0.0732    98.1856     6.6330     6.8030    34.1812    34.1809    27.2907    27.2909    7.61825 0.0000e+00
      46658     98.005     2.3109     2.3074   3.043826   3.043480     1.9607     2.3369      8.019     0.9969   481.2790 1.0715e-01     0.0725    98.2030     6.6337     6.7969    34.1815    34.1810    27.2911    27.2909    7.61843 0.0000e+00
      46661     97.929     2.3094     2.3059   3.043643   3.043241     1.9607     2.3369      8.021     0.9969   481.2790 1.0715e-01     0.0732    98.1856     6.6321     6.7977    34.1809    34.1797    27.2907    27.2900    7.61875 0.0000e+00
      46664     97.854     2.3070     2.3023   3.043335   3.042856     1.9607     2.3369      8.022     0.9867   481.3184 1.0715e-01     0.0736    98.1769     6.6295     6.7970    34.1797    34.1788    27.2900    27.2896    7.61929 0.0000e+00
      46667     97.779     2.3029     2.3006   3.042913   3.042611     1.9612     2.3369      8.022     0.9969   481.2790 1.0715e-01     0.0743    98.1595     6.6336     6.8000    34.1789    34.1776    27.2896    27.2888    7.62011 0.0000e+00
      46670     97.703     2.3046     2.3011   3.043188   3.042764     1.9612     2.3373      8.021     0.9867   481.3579 1.0715e-01     0.0740    98.1682     6.6362     6.8048    34.1805    34.1790    27.2908    27.2899    7.61970 0.0000e+00
      46673     97.629     2.3055     2.2994   3.043118   3.042525     1.9607     2.3381      8.019     0.9867   332.5220 1.0715e-01     0.0736    98.1769     6.6336     6.8117    34.1788    34.1779    27.2893    27.2891    7.61963 0.0000e+00
      46676     97.554     2.3057     2.2974   3.043118   3.042307     1.9607     2.3369      8.021     1.0071    -2.2998 1.0715e-01     0.0740    98.1682     6.6336     6.8093    34.1786    34.1775    27.2892    27.2889    7.61959 0.0000e+00
      46679     97.480     2.3030     2.2968   3.042632   3.042157     1.9612     2.3369      8.021     0.9867     5.2012 1.0727e-01     0.0740    98.1682     6.6368     6.8094    34.1755    34.1762    27.2869    27.2880    7.62028 0.0000e+00
      46682     97.414     2.3014     2.2944   3.042498   3.041954     1.9603     2.3369      8.021     0.9867     5.2802 1.0715e-01     0.0740    98.1682     6.6337     6.8118    34.1756    34.1763    27.2871    27.2882    7.62058 0.0000e+00
      46685     97.352     2.3003     2.2945   3.041941   3.041932     1.9603     2.3373      8.018     0.9867     5.2407 1.0715e-01     0.0743    98.1595     6.6321     6.8113    34.1699    34.1760    27.2826    27.2880    7.62108 0.0000e+00
      46688     97.293     2.2916     2.2922   3.040996   3.041489     1.9607     2.3369      8.021     0.9867     5.2407 1.0715e-01     0.0740    98.1682     6.6345     6.8091    34.1675    34.1729    27.2815    27.2857    7.62289 0.0000e+00
      46691     97.240     2.2828     2.2893   3.039982   3.041307     1.9616     2.3381      8.023     1.0071     5.2407 1.0715e-01     0.0743    98.1595     6.6386     6.8143    34.1644    34.1739    27.2797    27.2867    7.62477 0.0000e+00
      46694     97.193     2.2798     2.2898   3.039624   3.041351     1.9616     2.3381      8.021     0.9969     5.2407 1.0715e-01     0.0740    98.1682     6.6401     6.8142    34.1631    34.1739    27.2789    27.2867    7.62541 0.0000e+00
      46697     97.149     2.2767     2.2900   3.039323   3.041406     1.9607     2.3381      8.021     0.9867     5.2407 1.0715e-01     0.0740    98.1682     6.6358     6.8157    34.1627    34.1744    27.2789    27.2871    7.62602 0.0000e+00
      46700     97.106     2.2757     2.2906   3.039259   3.041375     1.9612     2.3377      8.023     0.9765     7.1752 1.0715e-01     0.0736    98.1769     6.6360     6.8157    34.1631    34.1734    27.2792    27.2862    7.62620 0.0000e+00
      46703     97.062     2.2770     2.2844   3.039459   3.040470     1.9616     2.3373      8.023     0.9969     8.6359 1.0727e-01     0.0743    98.1595     6.6372     6.8147    34.1642    34.1688    27.2800    27.2831    7.62589 0.0000e+00
      46706     97.019     2.2766     2.2778   3.039276   3.039588     1.9607     2.3377      8.021     0.9969     8.5570 1.0715e-01     0.0747    98.1508     6.6315     6.8161    34.1624    34.1650    27.2786    27.2806    7.62607 0.0000e+00
      46709     96.974     2.2783     2.2738   3.039643   3.039069     1.9607     2.3369      8.023     1.0478     8.5570 1.0715e-01     0.0747    98.1508     6.6284     6.8135    34.1651    34.1628    27.2806    27.2792    7.62559 0.0000e+00
      46712     96.927     2.2781     2.2724   3.039549   3.039011     1.9603     2.3377      8.023     1.0274     8.5570 1.0715e-01     0.0747    98.1508     6.6204     6.8155    34.1642    34.1636    27.2799    27.2799    7.62568 0.0000e+00
      46715     96.874     2.2765     2.2746   3.039162   3.039387     1.9607     2.3381      8.023     1.0274     8.5570 1.0715e-01     0.0747    98.1508     6.6221     6.8156    34.1611    34.1660    27.2776    27.2817    7.62615 0.0000e+00
      46718     96.816     2.2756     2.2804   3.039235   3.040314     1.9607     2.3381      8.023     1.0173     8.5570 1.0715e-01     0.0747    98.1508     6.6252     6.8153    34.1631    34.1713    27.2792    27.2854    7.62622 0.0000e+00
      46721     96.750     2.2752     2.2841   3.039140   3.040449     1.9603     2.3381      8.021     1.0274     8.5570 1.0715e-01     0.0747    98.1508     6.6248     6.8157    34.1623    34.1690    27.2786    27.2833    7.62634 0.0000e+00
      46724     96.680     2.2771     2.2822   3.039525   3.040181     1.9603     2.3381      8.023     1.0274     9.7019 1.0715e-01     0.0750    98.1421     6.6243     6.8183    34.1651    34.1678    27.2807    27.2825    7.62583 0.0000e+00
      46727     96.600     2.2790     2.2810   3.039723   3.040053     1.9607     2.3377      8.023     1.0274   413.2566 1.0715e-01     0.0736    98.1769     6.6285     6.8192    34.1656    34.1675    27.2810    27.2823    7.62544 0.0000e+00
      46730     96.514     2.2804     2.2766   3.040006   3.039385     1.9599     2.3381      8.023     1.0274   481.7922 1.0715e-01     0.0736    98.1769     6.6271     6.8235    34.1676    34.1640    27.2825    27.2799    7.62506 0.0000e+00
      46733     96.421     2.2777     2.2792   3.039266   3.039984     1.9599     2.3381      8.023     1.0071   481.0026 1.0715e-01     0.0736    98.1769     6.6292     6.8232    34.1614    34.1687    27.2777    27.2834    7.62590 0.0000e+00
      46736     96.316     2.2750     2.2794   3.039074   3.039784     1.9591     2.3381      8.023     1.0071   481.2790 1.0715e-01     0.0740    98.1682     6.6271     6.8223    34.1620    34.1661    27.2784    27.2813    7.62640 0.0000e+00
      46739     96.201     2.2719     2.2717   3.038434   3.038514     1.9603     2.3381      8.023     1.0071   481.2790 1.0715e-01     0.0736    98.1769     6.6343     6.8249    34.1574    34.1587    27.2749    27.2760    7.62723 0.0000e+00
      46742     96.082     2.2689     2.2646   3.038177   3.037668     1.9603     2.3381      8.023     0.9969   481.2395 1.0715e-01     0.0736    98.1769     6.6373     6.8271    34.1575    34.1558    27.2753    27.2742    7.62781 0.0000e+00
      46745     95.953     2.2689     2.2608   3.037921   3.037131     1.9603     2.3381      8.023     1.0071   481.2790 1.0715e-01     0.0736    98.1769     6.6397     6.8286    34.1544    34.1533    27.2728    27.2726    7.62797 0.0000e+00
      46748     95.812     2.2656     2.2582   3.037375   3.036688     1.9603     2.3393      8.021     0.9867   481.3184 1.0727e-01     0.0732    98.1856     6.6422     6.8370    34.1512    34.1506    27.2705    27.2707    7.62877 0.0000e+00
      46751     95.661     2.2608     2.2581   3.036693   3.036750     1.9603     2.3393      8.023     0.9969   406.0714 1.0715e-01     0.0736    98.1769     6.6448     6.8389    34.1479    34.1516    27.2683    27.2714    7.62987 0.0000e+00
      46754     95.507     2.2567     2.2599   3.036173   3.037013     1.9603     2.3393      8.023     1.0071     7.6489 1.0715e-01     0.0736    98.1769     6.6465     6.8377    34.1460    34.1530    27.2671    27.2724    7.63077 0.0000e+00
      46757     95.344     2.2530     2.2597   3.035726   3.036844     1.9603     2.3393      8.023     0.9969    -0.0100 1.0715e-01     0.0732    98.1856     6.6470     6.8382    34.1445    34.1512    27.2661    27.2710    7.63156 0.0000e+00
      46760     95.176     2.2481     2.2513   3.035140   3.035622     1.9603     2.3393      8.023     0.9867     1.7666 1.0715e-01     0.0736    98.1769     6.6460     6.8399    34.1426    34.1452    27.2650    27.2668    7.63262 0.0000e+00
      46763     95.003     2.2456     2.2468   3.034890   3.035192     1.9603     2.3393      8.023     0.9969     1.6876 1.0715e-01     0.0736    98.1769     6.6436     6.8407    34.1422    34.1447    27.2649    27.2668    7.63311 0.0000e+00
      46766     94.832     2.2442     2.2454   3.034743   3.035030     1.9607     2.3393      8.021     1.0071     1.6876 1.0727e-01     0.0736    98.1769     6.6479     6.8422    34.1420    34.1443    27.2648    27.2666    7.63340 0.0000e+00
      46769     94.657     2.2440     2.2478   3.034665   3.035547     1.9612     2.3397      8.023     0.9867     1.6876 1.0715e-01     0.0736    98.1769     6.6515     6.8420    34.1413    34.1483    27.2643    27.2696    7.63347 0.0000e+00
      46772     94.481     2.2434     2.2524   3.034564   3.035930     1.9607     2.3409      8.023     0.9867     1.6876 1.0715e-01     0.0736    98.1769     6.6520     6.8451    34.1409    34.1482    27.2641    27.2691    7.63362 0.0000e+00
      46775     94.304     2.2434     2.2475   3.034494   3.035154     1.9603     2.3405      8.023     1.0071     1.6876 1.0715e-01     0.0736    98.1769     6.6523     6.8469    34.1400    34.1439    27.2634    27.2661    7.63365 0.0000e+00
      46778     94.133     2.2430     2.2421   3.034221   3.034336     1.9607     2.3401      8.023     0.9867     3.3852 1.0727e-01     0.0736    98.1769     6.6559     6.8444    34.1371    34.1396    27.2611    27.2631    7.63387 0.0000e+00
      46781     93.967     2.2426     2.2380   3.034054   3.033629     1.9607     2.3405      8.023     1.0071     5.8724 1.0715e-01     0.0736    98.1769     6.6570     6.8459    34.1357    34.1352    27.2600    27.2600    7.63404 0.0000e+00
      46784     93.808     2.2417     2.2361   3.033764   3.033307     1.9603     2.3405      8.023     1.0071     5.7934 1.0715e-01     0.0736    98.1769     6.6554     6.8457    34.1331    34.1335    27.2579    27.2587    7.63434 0.0000e+00
      46787     93.655     2.2406     2.2356   3.033578   3.033190     1.9607     2.3414      8.023     1.0071     5.8329 1.0715e-01     0.0747    98.1508     6.6554     6.8494    34.1321    34.1326    27.2572    27.2580    7.63461 0.0000e+00
      46790     93.509     2.2391     2.2346   3.033473   3.033012     1.9616     2.3418      8.023     0.9867     5.8329 1.0715e-01     0.0747    98.1508     6.6605     6.8517    34.1325    34.1315    27.2577    27.2573    7.63489 0.0000e+00
      46793     93.372     2.2417     2.2366   3.033795   3.033392     1.9616     2.3414      8.023     1.0071     5.8329 1.0715e-01     0.0747    98.1508     6.6621     6.8488    34.1337    34.1341    27.2584    27.2592    7.63431 0.0000e+00
      46796     93.244     2.2435     2.2394   3.034316   3.033897     1.9620     2.3418      8.023     0.9969     5.8329 1.0715e-01     0.0747    98.1508     6.6663     6.8498    34.1384    34.1375    27.2620    27.2617    7.63373 0.0000e+00
      46799     93.126     2.2495     2.2406   3.035286   3.034062     1.9620     2.3418      8.023     0.9867     5.8329 1.0715e-01     0.0747    98.1508     6.6628     6.8494    34.1440    34.1383    27.2661    27.2622    7.63226 0.0000e+00
      46802     93.018     2.2468     2.2442   3.034440   3.034550     1.9620     2.3405      8.023     0.9867     5.8329 1.0715e-01     0.0747    98.1508     6.6592     6.8434    34.1365    34.1406    27.2603    27.2638    7.63318 0.0000e+00
      46805     92.920     2.2481     2.2456   3.034883   3.034746     1.9620     2.3418      8.023     0.9867   328.5741 1.0727e-01     0.0743    98.1595     6.6571     6.8495    34.1406    34.1416    27.2635    27.2645    7.63271 0.0000e+00
      46808     92.831     2.2487     2.2435   3.034736   3.034409     1.9616     2.3418      8.023     0.9867   481.9896 1.0715e-01     0.0736    98.1769     6.6531     6.8505    34.1382    34.1397    27.2615    27.2631    7.63272 0.0000e+00
      46811     92.752     2.2454     2.2421   3.034137   3.034225     1.9616     2.3430      8.023     0.9765   480.9237 1.0715e-01     0.0740    98.1682     6.6512     6.8529    34.1343    34.1389    27.2586    27.2626    7.63356 0.0000e+00
      46814     92.680     2.2448     2.2413   3.034053   3.034073     1.9624     2.3430      8.023     0.9358   481.3184 1.0715e-01     0.0736    98.1769     6.6565     6.8524    34.1340    34.1380    27.2584    27.2619    7.63370 0.0000e+00
      46817     92.614     2.2463     2.2414   3.034270   3.034158     1.9632     2.3430      8.023     0.9460   481.2395 1.0715e-01     0.0736    98.1769     6.6591     6.8509    34.1352    34.1390    27.2592    27.2627    7.63335 0.0000e+00
      46820     92.558     2.2479     2.2408   3.034227   3.033906     1.9624     2.3426      8.023     0.9155   481.2395 1.0715e-01     0.0736    98.1769     6.6554     6.8491    34.1329    34.1365    27.2573    27.2607    7.63315 0.0000e+00
      46823     92.507     2.2481     2.2391   3.034103   3.033582     1.9616     2.3422      8.023     0.9257   481.2790 1.0715e-01     0.0736    98.1769     6.6543     6.8497    34.1312    34.1344    27.2559    27.2592    7.63320 0.0000e+00
      46826     92.460     2.2482     2.2395   3.033920   3.033620     1.9616     2.3438      8.023     0.9460   481.2790 1.0727e-01     0.0747    98.1508     6.6543     6.8532    34.1288    34.1344    27.2540    27.2592    7.63330 0.0000e+00
      46829     92.414     2.2494     2.2422   3.033877   3.033732     1.9624     2.3442      8.023     0.9460   481.3579 1.0715e-01     0.0747    98.1508     6.6599     6.8489    34.1270    34.1329    27.2525    27.2578    7.63316 0.0000e+00
      46832     92.371     2.2500     2.2438   3.033851   3.033755     1.9620     2.3438      8.023     0.9460   481.2790 1.0715e-01     0.0743    98.1595     6.6594     6.8453    34.1261    34.1315    27.2517    27.2565    7.63309 0.0000e+00
      46835     92.328     2.2504     2.2446   3.033768   3.033506     1.9628     2.3430      8.023     0.9257   481.2790 1.0715e-01     0.0747    98.1508     6.6595     6.8419    34.1246    34.1276    27.2504    27.2533    7.63308 0.0000e+00
      46838     92.284     2.2500     2.2444   3.033791   3.033581     1.9636     2.3430      8.023     0.9765   481.2790 1.0715e-01     0.0747    98.1508     6.6616     6.8431    34.1254    34.1287    27.2511    27.2543    7.63312 0.0000e+00
      46841     92.239     2.2495     2.2436   3.033755   3.033611     1.9624     2.3430      8.023     1.0071   481.2790 1.0715e-01     0.0747    98.1508     6.6569     6.8461    34.1255    34.1301    27.2512    27.2554    7.63322 0.0000e+00
      46844     92.190     2.2494     2.2444   3.033637   3.033261     1.9632     2.3438      8.023     0.9969   481.2790 1.0715e-01     0.0747    98.1508     6.6624     6.8492    34.1242    34.1248    27.2502    27.2511    7.63331 0.0000e+00
