Datasets/AZMP/HUD120/hud120_2020_079.cnv
* Sea-Bird SBE 9 Data File:
* FileName = C:\CTDDATA\hud120_2020_079.hex
* Software Version Seasave V 7.26.7.110
* Temperature SN = 1697
* Conductivity SN = 4216
* Number of Bytes Per Scan = 30
* Number of Voltage Words = 4
* Number of Scans Averaged by the Deck Unit = 1
* NMEA baud rate = 4800
** VESSEL/TRIP/SEQ STN:  hud120_2020_079
** LATITUDE XX XX.XX: 47 00.00 N
** LONGITUDE XX XX.XX: 052 19.30 W
** SOUNDING DEPTH (M): 0126
** PROBE TYPE: S1146
** CTD NUMBER: 058
** FORMAT: V
** COMMENTS (14 CHAR): FC-04
** BOTTLES:  9
** LEVELS: 5,10,20,30,40,50,75,100,BTM
** STICKERS: 439902 - 439910
** VNET: Y
** DO2: N
# nquan = 22
# nvalues = 2913                        
# units = specified
# name 0 = scan: Scan Count
# name 1 = prDM: Pressure, Digiquartz [db]
# name 2 = t090C: Temperature [ITS-90, deg C]
# name 3 = t190C: Temperature, 2 [ITS-90, deg C]
# name 4 = c0S/m: Conductivity [S/m]
# name 5 = c1S/m: Conductivity, 2 [S/m]
# name 6 = sbeox0V: Oxygen raw, SBE 43 [V]
# name 7 = sbeox1V: Oxygen raw, SBE 43, 2 [V]
# name 8 = ph: pH
# name 9 = flECO-AFL: Fluorescence, WET Labs ECO-AFL/FL [mg/m^3]
# name 10 = wetCDOM: Fluorescence, WET Labs CDOM [mg/m^3]
# name 11 = par/sat/log: PAR/Logarithmic, Satlantic [umol photons/m^2/sec]
# name 12 = CStarAt0: Beam Attenuation, WET Labs C-Star [1/m]
# name 13 = CStarTr0: Beam Transmission, WET Labs C-Star [%]
# name 14 = sbeox0ML/L: Oxygen, SBE 43 [ml/l], WS = 2
# name 15 = sbeox1ML/L: Oxygen, SBE 43, 2 [ml/l], WS = 2
# name 16 = sal00: Salinity, Practical [PSU]
# name 17 = sal11: Salinity, Practical, 2 [PSU]
# name 18 = sigma-t00: Density [sigma-t, kg/m^3 ]
# name 19 = sigma-t11: Density, 2 [sigma-t, kg/m^3 ]
# name 20 = oxsatML/L: Oxygen Saturation, Weiss [ml/l]
# name 21 = flag: flag
# span 0 =        161,      26897       
# span 1 =      2.379,    120.050       
# span 2 =    -0.8531,     4.4694       
# span 3 =    -0.8589,     4.4643       
# span 4 =   2.680769,   3.023868       
# span 5 =   2.680123,   3.023370       
# span 6 =     1.9044,     2.2129       
# span 7 =     2.2605,     2.6377       
# span 8 =      7.987,      8.162       
# span 9 =     0.9867,     3.8256       
# span 10 =    -2.8130,   482.1870      
# span 11 = 1.0459e-01, 2.8597e-01      
# span 12 =     0.0800,     0.1515      
# span 13 =    96.2820,    98.0205      
# span 14 =     6.9543,     7.8999      
# span 15 =     7.0289,     8.0979      
# span 16 =    31.7688,    33.2043      
# span 17 =    31.7684,    33.2041      
# span 18 =    25.1868,    26.6777      
# span 19 =    25.1858,    26.6778      
# span 20 =    7.33454,    8.34970      
# span 21 = 0.0000e+00, 0.0000e+00      
# interval = scans: 3                   
# start_time = Nov 26 2020 23:47:21 [System UTC, header]
# bad_flag = -9.990e-29
*END*
[from data line 2700]
      22439     16.388     4.4559     4.4516   3.023023   3.022481     2.2046     2.6304      8.158     3.0319    13.8866 1.0715e-01     0.1346    96.6905     7.3162     7.4725    31.7926    31.7904    25.1903    25.1891    7.33709 0.0000e+00
      22442     16.285     4.4560     4.4515   3.023042   3.022512     2.2054     2.6296      8.158     3.0319    13.8866 1.0715e-01     0.1346    96.6905     7.3191     7.4698    31.7928    31.7910    25.1905    25.1895    7.33707 0.0000e+00
      22445     16.182     4.4562     4.4521   3.023085   3.022602     2.2054     2.6304      8.158     3.0420    13.8866 1.0715e-01     0.1346    96.6905     7.3189     7.4733    31.7931    31.7915    25.1907    25.1899    7.33701 0.0000e+00
      22448     16.078     4.4574     4.4526   3.023140   3.022579     2.2042     2.6292      8.158     3.0217    13.8866 1.0715e-01     0.1346    96.6905     7.3160     7.4706    31.7927    31.7907    25.1903    25.1892    7.33683 0.0000e+00
      22451     15.971     4.4577     4.4526   3.023177   3.022634     2.2054     2.6300      8.158     3.0420   320.7967 1.0715e-01     0.1346    96.6905     7.3213     7.4751    31.7929    31.7914    25.1904    25.1898    7.33676 0.0000e+00
      22454     15.867     4.4576     4.4531   3.023175   3.022646     2.2054     2.6288      8.158     3.0319   481.9501 1.0715e-01     0.1346    96.6905     7.3219     7.4718    31.7930    31.7911    25.1905    25.1895    7.33678 0.0000e+00
      22457     15.764     4.4580     4.4532   3.023164   3.022592     2.2046     2.6288      8.159     3.0522   480.9237 1.0715e-01     0.1353    96.6731     7.3185     7.4726    31.7925    31.7905    25.1901    25.1890    7.33672 0.0000e+00
      22460     15.662     4.4577     4.4527   3.023138   3.022569     2.2062     2.6300      8.158     3.0420   481.2790 1.0715e-01     0.1379    96.6123     7.3269     7.4770    31.7925    31.7908    25.1901    25.1892    7.33677 0.0000e+00
      22463     15.561     4.4575     4.4524   3.023116   3.022548     2.2054     2.6296      8.158     3.1031   481.2790 1.0727e-01     0.1379    96.6123     7.3219     7.4762    31.7925    31.7908    25.1901    25.1893    7.33681 0.0000e+00
      22466     15.461     4.4572     4.4523   3.023077   3.022510     2.2046     2.6292      8.158     3.1031   481.2395 1.0752e-01     0.1379    96.6123     7.3179     7.4760    31.7925    31.7905    25.1901    25.1891    7.33688 0.0000e+00
      22469     15.365     4.4565     4.4523   3.023050   3.022514     2.2058     2.6300      8.158     3.1031   481.2395 1.0740e-01     0.1375    96.6210     7.3240     7.4798    31.7928    31.7907    25.1905    25.1892    7.33697 0.0000e+00
      22472     15.271     4.4566     4.4523   3.023021   3.022518     2.2058     2.6312      8.158     3.1031   481.2395 1.0752e-01     0.1379    96.6123     7.3236     7.4849    31.7924    31.7908    25.1902    25.1893    7.33697 0.0000e+00
      22475     15.179     4.4563     4.4522   3.023018   3.022523     2.2050     2.6296      8.158     3.0828   469.5142 1.0727e-01     0.1379    96.6123     7.3177     7.4788    31.7927    31.7909    25.1904    25.1894    7.33701 0.0000e+00
      22478     15.091     4.4567     4.4525   3.023004   3.022563     2.2054     2.6304      8.158     3.1031    52.8919 1.0752e-01     0.1368    96.6384     7.3196     7.4814    31.7923    31.7912    25.1900    25.1896    7.33697 0.0000e+00
      22481     15.004     4.4565     4.4530   3.023031   3.022579     2.2062     2.6312      8.159     3.0828    12.4259 1.0727e-01     0.1357    96.6645     7.3224     7.4835    31.7928    31.7910    25.1904    25.1893    7.33697 0.0000e+00
      22484     14.928     4.4568     4.4533   3.023017   3.022578     2.2058     2.6296      8.158     3.0930    14.2419 1.0715e-01     0.1357    96.6645     7.3187     7.4780    31.7924    31.7906    25.1901    25.1891    7.33695 0.0000e+00
      22487     14.851     4.4568     4.4534   3.023029   3.022621     2.2058     2.6304      8.158     3.1438    14.1630 1.0715e-01     0.1357    96.6645     7.3209     7.4809    31.7925    31.7911    25.1902    25.1895    7.33693 0.0000e+00
      22490     14.778     4.4568     4.4535   3.022985   3.022601     2.2054     2.6304      8.159     3.1947    14.1235 1.0715e-01     0.1357    96.6645     7.3174     7.4810    31.7921    31.7908    25.1899    25.1892    7.33696 0.0000e+00
      22493     14.711     4.4564     4.4530   3.022971   3.022560     2.2062     2.6304      8.158     3.1947    14.1235 1.0715e-01     0.1357    96.6645     7.3176     7.4799    31.7923    31.7909    25.1901    25.1893    7.33701 0.0000e+00
      22496     14.648     4.4561     4.4528   3.022939   3.022534     2.2054     2.6304      8.158     3.1947    14.1630 1.0715e-01     0.1361    96.6558     7.3149     7.4811    31.7923    31.7907    25.1901    25.1892    7.33708 0.0000e+00
      22499     14.592     4.4559     4.4527   3.022929   3.022519     2.2054     2.6300      8.158     3.1845    14.1235 1.0715e-01     0.1357    96.6645     7.3141     7.4832    31.7923    31.7907    25.1902    25.1892    7.33710 0.0000e+00
      22502     14.535     4.4557     4.4524   3.022945   3.022465     2.2062     2.6308      8.158     3.1743   106.7808 1.0715e-01     0.1357    96.6645     7.3159     7.4870    31.7928    31.7904    25.1905    25.1890    7.33712 0.0000e+00
      22505     14.482     4.4562     4.4522   3.022956   3.022447     2.2050     2.6316      8.158     3.1947   479.2656 1.0715e-01     0.1357    96.6645     7.3098     7.4916    31.7924    31.7904    25.1902    25.1890    7.33704 0.0000e+00
      22508     14.436     4.4557     4.4521   3.022937   3.022457     2.2062     2.6308      8.158     3.1743   481.1606 1.0715e-01     0.1357    96.6645     7.3165     7.4910    31.7928    31.7907    25.1905    25.1893    7.33712 0.0000e+00
      22511     14.392     4.4558     4.4521   3.022961   3.022453     2.2058     2.6316      8.158     3.1743   481.2000 1.0715e-01     0.1357    96.6645     7.3161     7.4935    31.7930    31.7907    25.1907    25.1892    7.33710 0.0000e+00
      22514     14.347     4.4559     4.4516   3.022961   3.022416     2.2054     2.6312      8.158     3.2151   481.2395 1.0715e-01     0.1357    96.6645     7.3140     7.4907    31.7929    31.7907    25.1906    25.1893    7.33709 0.0000e+00
      22517     14.306     4.4564     4.4517   3.022972   3.022429     2.2050     2.6316      8.158     3.2151   481.2395 1.0727e-01     0.1361    96.6558     7.3115     7.4913    31.7925    31.7907    25.1903    25.1893    7.33700 0.0000e+00
      22520     14.267     4.4568     4.4519   3.022980   3.022458     2.2058     2.6316      8.159     3.2151   481.2790 1.0715e-01     0.1364    96.6471     7.3166     7.4898    31.7922    31.7910    25.1900    25.1895    7.33694 0.0000e+00
      22523     14.230     4.4565     4.4521   3.023006   3.022462     2.2054     2.6325      8.158     3.2151   481.2395 1.0715e-01     0.1364    96.6471     7.3140     7.4911    31.7929    31.7908    25.1906    25.1893    7.33697 0.0000e+00
      22526     14.195     4.4569     4.4520   3.023012   3.022456     2.2054     2.6329      8.158     3.2049   481.3579 1.0715e-01     0.1361    96.6558     7.3143     7.4885    31.7926    31.7909    25.1903    25.1894    7.33692 0.0000e+00
      22529     14.158     4.4579     4.4521   3.023118   3.022443     2.2054     2.6320      8.159     3.2151   261.6966 1.0715e-01     0.1364    96.6471     7.3149     7.4832    31.7929    31.7907    25.1904    25.1892    7.33672 0.0000e+00
      22532     14.127     4.4587     4.4521   3.023154   3.022462     2.2058     2.6329      8.158     3.2252     4.7670 1.0715e-01     0.1364    96.6471     7.3163     7.4853    31.7926    31.7909    25.1901    25.1894    7.33660 0.0000e+00
      22535     14.094     4.4586     4.4520   3.023161   3.022463     2.2058     2.6325      8.158     3.2252    14.9921 1.0715e-01     0.1364    96.6471     7.3192     7.4833    31.7927    31.7910    25.1902    25.1894    7.33660 0.0000e+00
      22538     14.060     4.4591     4.4521   3.023220   3.022469     2.2054     2.6316      8.158     3.2558    14.4788 1.0715e-01     0.1364    96.6471     7.3187     7.4785    31.7929    31.7910    25.1903    25.1895    7.33649 0.0000e+00
      22541     14.028     4.4598     4.4521   3.023301   3.022453     2.2054     2.6325      8.159     3.5304    14.4788 1.0715e-01     0.1357    96.6645     7.3176     7.4791    31.7932    31.7908    25.1905    25.1893    7.33636 0.0000e+00
      22544     13.992     4.4606     4.4520   3.023335   3.022434     2.2058     2.6325      8.158     3.5304    14.4788 1.0715e-01     0.1357    96.6645     7.3179     7.4779    31.7929    31.7907    25.1902    25.1893    7.33624 0.0000e+00
      22547     13.956     4.4608     4.4520   3.023332   3.022441     2.2054     2.6320      8.158     3.5304    14.4788 1.0715e-01     0.1357    96.6645     7.3156     7.4771    31.7926    31.7908    25.1899    25.1893    7.33620 0.0000e+00
      22550     13.918     4.4614     4.4520   3.023383   3.022426     2.2058     2.6316      8.158     3.5406    14.4788 1.0715e-01     0.1357    96.6645     7.3171     7.4770    31.7927    31.7906    25.1899    25.1892    7.33610 0.0000e+00
      22553     13.878     4.4613     4.4523   3.023392   3.022543     2.2054     2.6316      8.158     3.5508    14.4788 1.0715e-01     0.1357    96.6645     7.3147     7.4772    31.7929    31.7918    25.1901    25.1901    7.33611 0.0000e+00
      22556     13.838     4.4615     4.4537   3.023398   3.022666     2.2062     2.6325      8.158     3.5406   359.6835 1.0715e-01     0.1357    96.6645     7.3166     7.4809    31.7928    31.7918    25.1900    25.1900    7.33608 0.0000e+00
      22559     13.795     4.4612     4.4548   3.023376   3.022739     2.2062     2.6329      8.158     3.5508   482.0291 1.0715e-01     0.1368    96.6384     7.3168     7.4848    31.7929    31.7917    25.1901    25.1897    7.33613 0.0000e+00
      22562     13.751     4.4612     4.4555   3.023379   3.022785     2.2058     2.6312      8.159     3.5406   480.9631 1.0715e-01     0.1368    96.6384     7.3145     7.4798    31.7929    31.7915    25.1901    25.1895    7.33612 0.0000e+00
      22565     13.705     4.4612     4.4558   3.023354   3.022808     2.2058     2.6325      8.159     3.4796   481.2395 1.0715e-01     0.1368    96.6384     7.3139     7.4852    31.7927    31.7915    25.1899    25.1895    7.33614 0.0000e+00
      22568     13.660     4.4609     4.4558   3.023305   3.022742     2.2050     2.6320      8.159     3.3677   481.2395 1.0715e-01     0.1368    96.6384     7.3102     7.4843    31.7924    31.7908    25.1897    25.1890    7.33620 0.0000e+00
      22571     13.610     4.4606     4.4554   3.023305   3.022686     2.2062     2.6329      8.158     3.3677   481.2395 1.0715e-01     0.1368    96.6384     7.3165     7.4879    31.7927    31.7906    25.1900    25.1888    7.33624 0.0000e+00
      22574     13.561     4.4605     4.4542   3.023294   3.022563     2.2058     2.6325      8.159     3.3677   481.2395 1.0727e-01     0.1372    96.6297     7.3142     7.4861    31.7927    31.7903    25.1900    25.1887    7.33626 0.0000e+00
      22577     13.508     4.4599     4.4534   3.023232   3.022532     2.2054     2.6320      8.158     3.3473   481.3184 1.0715e-01     0.1372    96.6297     7.3125     7.4836    31.7926    31.7907    25.1900    25.1891    7.33638 0.0000e+00
      22580     13.456     4.4600     4.4536   3.023274   3.022615     2.2054     2.6329      8.159     3.3677   448.4324 1.0715e-01     0.1386    96.5949     7.3130     7.4854    31.7931    31.7915    25.1903    25.1897    7.33634 0.0000e+00
      22583     13.405     4.4602     4.4544   3.023245   3.022716     2.2054     2.6329      8.158     3.3575    30.7442 1.0715e-01     0.1389    96.5862     7.3133     7.4862    31.7925    31.7919    25.1898    25.1900    7.33632 0.0000e+00
      22586     13.354     4.4601     4.4549   3.023272   3.022748     2.2058     2.6333      8.159     3.3677     9.2676 1.0715e-01     0.1389    96.5862     7.3131     7.4883    31.7929    31.7919    25.1902    25.1899    7.33632 0.0000e+00
      22589     13.304     4.4605     4.4558   3.023314   3.022812     2.2054     2.6329      8.158     3.3575    10.5309 1.0715e-01     0.1386    96.5949     7.3096     7.4854    31.7931    31.7918    25.1903    25.1898    7.33625 0.0000e+00
      22592     13.255     4.4612     4.4561   3.023354   3.022844     2.2058     2.6329      8.158     3.2964    10.4915 1.0715e-01     0.1389    96.5862     7.3110     7.4864    31.7929    31.7918    25.1901    25.1897    7.33613 0.0000e+00
      22595     13.206     4.4611     4.4568   3.023327   3.022889     2.2062     2.6325      8.159     3.2456    10.5309 1.0715e-01     0.1386    96.5949     7.3115     7.4846    31.7927    31.7917    25.1900    25.1896    7.33616 0.0000e+00
      22598     13.161     4.4603     4.4575   3.023296   3.022907     2.2054     2.6329      8.158     3.2456    10.5309 1.0715e-01     0.1386    96.5949     7.3094     7.4871    31.7931    31.7914    25.1904    25.1892    7.33628 0.0000e+00
      22601     13.115     4.4601     4.4576   3.023270   3.022870     2.2062     2.6329      8.158     3.2456    10.4915 1.0715e-01     0.1368    96.6384     7.3144     7.4847    31.7930    31.7908    25.1903    25.1888    7.33631 0.0000e+00
      22604     13.071     4.4603     4.4574   3.023309   3.022865     2.2058     2.6329      8.158     3.2557    10.5309 1.0715e-01     0.1368    96.6384     7.3144     7.4835    31.7934    31.7910    25.1905    25.1890    7.33627 0.0000e+00
      22607     13.026     4.4609     4.4571   3.023342   3.022841     2.2050     2.6333      8.158     3.2456   138.7983 1.0715e-01     0.1368    96.6384     7.3099     7.4842    31.7932    31.7910    25.1903    25.1890    7.33617 0.0000e+00
      22610     12.977     4.4607     4.4568   3.023303   3.022826     2.2042     2.6333      8.158     3.2659   482.1870 1.0715e-01     0.1368    96.6384     7.3065     7.4826    31.7929    31.7911    25.1901    25.1891    7.33621 0.0000e+00
      22613     12.926     4.4604     4.4567   3.023331   3.022802     2.2050     2.6337      8.159     3.2456   480.7658 1.0715e-01     0.1368    96.6384     7.3115     7.4834    31.7935    31.7910    25.1907    25.1890    7.33623 0.0000e+00
      22616     12.874     4.4613     4.4567   3.023364   3.022819     2.2054     2.6337      8.159     3.2659   481.2000 1.0715e-01     0.1368    96.6384     7.3141     7.4812    31.7931    31.7912    25.1902    25.1891    7.33610 0.0000e+00
      22619     12.821     4.4617     4.4566   3.023382   3.022797     2.2054     2.6337      8.158     3.4287   481.2395 1.0715e-01     0.1375    96.6210     7.3150     7.4792    31.7929    31.7911    25.1900    25.1891    7.33603 0.0000e+00
      22622     12.764     4.4624     4.4566   3.023475   3.022820     2.2054     2.6333      8.159     3.4491   481.2790 1.0715e-01     0.1379    96.6123     7.3152     7.4744    31.7934    31.7914    25.1904    25.1893    7.33589 0.0000e+00
      22625     12.712     4.4629     4.4568   3.023547   3.022855     2.2062     2.6329      8.159     3.4593   481.2395 1.0715e-01     0.1379    96.6123     7.3194     7.4722    31.7938    31.7916    25.1906    25.1895    7.33578 0.0000e+00
      22628     12.654     4.4631     4.4576   3.023463   3.022926     2.2058     2.6333      8.159     3.4593   481.2395 1.0715e-01     0.1379    96.6123     7.3196     7.4737    31.7927    31.7917    25.1897    25.1895    7.33580 0.0000e+00
      22631     12.595     4.4622     4.4582   3.023426   3.022995     2.2054     2.6329      8.159     3.4491   481.2790 1.0740e-01     0.1379    96.6123     7.3200     7.4713    31.7931    31.7919    25.1901    25.1896    7.33594 0.0000e+00
