Datasets/AZMP/HUD120/hud120_2020_108.cnv
* Sea-Bird SBE 9 Data File:
* FileName = C:\CTDDATA\hud120_2020_108.hex
* Software Version Seasave V 7.26.7.110
* Temperature SN = 1697
* Conductivity SN = 4216
* Number of Bytes Per Scan = 30
* Number of Voltage Words = 4
* Number of Scans Averaged by the Deck Unit = 1
* NMEA baud rate = 4800
** VESSEL/TRIP/SEQ STN:  hud120_2020_108
** LATITUDE XX XX.XX: 47 40.80 N
** LONGITUDE XX XX.XX: 051 52.80 W
** SOUNDING DEPTH (M): 0188
** PROBE TYPE: S1146
** CTD NUMBER: 078
** FORMAT: V
** COMMENTS (14 CHAR): S27-04
** BOTTLES:  0
** LEVELS:
** STICKERS:
** VNET: N
** DO2: N
# nquan = 22
# nvalues = 3321                        
# units = specified
# name 0 = scan: Scan Count
# name 1 = prDM: Pressure, Digiquartz [db]
# name 2 = t090C: Temperature [ITS-90, deg C]
# name 3 = t190C: Temperature, 2 [ITS-90, deg C]
# name 4 = c0S/m: Conductivity [S/m]
# name 5 = c1S/m: Conductivity, 2 [S/m]
# name 6 = sbeox0V: Oxygen raw, SBE 43 [V]
# name 7 = sbeox1V: Oxygen raw, SBE 43, 2 [V]
# name 8 = ph: pH
# name 9 = flECO-AFL: Fluorescence, WET Labs ECO-AFL/FL [mg/m^3]
# name 10 = wetCDOM: Fluorescence, WET Labs CDOM [mg/m^3]
# name 11 = par/sat/log: PAR/Logarithmic, Satlantic [umol photons/m^2/sec]
# name 12 = CStarAt0: Beam Attenuation, WET Labs C-Star [1/m]
# name 13 = CStarTr0: Beam Transmission, WET Labs C-Star [%]
# name 14 = sbeox0ML/L: Oxygen, SBE 43 [ml/l], WS = 2
# name 15 = sbeox1ML/L: Oxygen, SBE 43, 2 [ml/l], WS = 2
# name 16 = sal00: Salinity, Practical [PSU]
# name 17 = sal11: Salinity, Practical, 2 [PSU]
# name 18 = sigma-t00: Density [sigma-t, kg/m^3 ]
# name 19 = sigma-t11: Density, 2 [sigma-t, kg/m^3 ]
# name 20 = oxsatML/L: Oxygen Saturation, Weiss [ml/l]
# name 21 = flag: flag
# span 0 =         75,      10923       
# span 1 =      1.720,    182.424       
# span 2 =    -0.5529,     2.8047       
# span 3 =    -0.5597,     2.7995       
# span 4 =   2.702568,   2.907376       
# span 5 =   2.701948,   2.906867       
# span 6 =     1.7475,     2.2116       
# span 7 =     2.0437,     2.6189       
# span 8 =      7.980,      8.179       
# span 9 =     0.9765,     4.3851       
# span 10 =    -2.8130,   482.1870      
# span 11 = 1.0331e-01, 1.2567e+00      
# span 12 =     0.0853,     0.3371      
# span 13 =    91.9185,    97.8901      
# span 14 =     6.0057,     7.9572      
# span 15 =     6.0506,     8.1554      
# span 16 =    32.0341,    33.8059      
# span 17 =    32.0328,    33.8047      
# span 18 =    25.5359,    27.0963      
# span 19 =    25.5346,    27.0956      
# span 20 =    7.63249,    8.28421      
# span 21 = 0.0000e+00, 0.0000e+00      
# interval = scans: 3                   
# start_time = Dec 01 2020 02:51:32 [System UTC, header]
# bad_flag = -9.990e-29
*END*
[from data line 461]
       1737     49.761     2.3715     2.3654   2.887963   2.886939     2.1832     2.5812      8.171     2.8284   327.1528 1.0715e-01     0.1292    96.8209     7.6569     7.7470    32.2170    32.2106    25.7148    25.7102    7.70771 0.0000e+00
       1740     49.796     2.3875     2.3644   2.888239   2.886958     2.1828     2.5820      8.171     2.8488   481.9896 1.0715e-01     0.1292    96.8209     7.6549     7.7498    32.2043    32.2119    25.7034    25.7113    7.70523 0.0000e+00
       1743     49.830     2.4097     2.3642   2.888573   2.886995     2.1828     2.5816      8.171     2.8488   481.0026 1.0715e-01     0.1282    96.8470     7.6463     7.7478    32.1859    32.2125    25.6870    25.7117    7.70182 0.0000e+00
       1746     49.865     2.4204     2.3644   2.888695   2.887017     2.1819     2.5812      8.171     2.8386   481.3579 1.0715e-01     0.1271    96.8731     7.6376     7.7448    32.1766    32.2125    25.6788    25.7118    7.70021 0.0000e+00
       1749     49.898     2.4309     2.3659   2.888565   2.887143     2.1828     2.5820      8.171     2.8691   481.2790 1.0715e-01     0.1271    96.8731     7.6375     7.7453    32.1644    32.2126    25.6682    25.7117    7.69877 0.0000e+00
       1752     49.933     2.4430     2.3642   2.888511   2.887016     2.1832     2.5816      8.171     2.8284   481.3184 1.0715e-01     0.1271    96.8731     7.6387     7.7428    32.1515    32.2127    25.6569    25.7119    7.69707 0.0000e+00
       1755     49.973     2.4371     2.3644   2.888478   2.886893     2.1815     2.5816      8.171     2.8488   481.3579 1.0715e-01     0.1271    96.8731     7.6367     7.7409    32.1571    32.2110    25.6618    25.7106    7.69795 0.0000e+00
       1758     50.016     2.4098     2.3623   2.888013   2.886670     2.1828     2.5820      8.171     2.8996   481.3184 1.0715e-01     0.1271    96.8731     7.6505     7.7390    32.1788    32.2103    25.6814    25.7102    7.70217 0.0000e+00
       1761     50.058     2.3772     2.3576   2.887126   2.886322     2.1828     2.5812      8.171     2.8793   467.1455 1.0715e-01     0.1275    96.8644     7.6596     7.7317    32.2008    32.2108    25.7015    25.7109    7.70743 0.0000e+00
       1764     50.108     2.3627     2.3534   2.886701   2.886032     2.1823     2.5816      8.171     2.8996    50.1679 1.0715e-01     0.1292    96.8209     7.6601     7.7303    32.2102    32.2114    25.7101    25.7117    7.70979 0.0000e+00
       1767     50.161     2.3586     2.3510   2.886494   2.885858     2.1815     2.5812      8.171     2.8691    13.6103 1.0715e-01     0.1292    96.8209     7.6566     7.7270    32.2119    32.2117    25.7117    25.7122    7.71053 0.0000e+00
       1770     50.221     2.3555     2.3479   2.886373   2.885721     2.1819     2.5808      8.171     2.8691    15.1894 1.0715e-01     0.1292    96.8209     7.6562     7.7226    32.2134    32.2131    25.7132    25.7135    7.71104 0.0000e+00
       1773     50.287     2.3526     2.3441   2.886247   2.885520     2.1819     2.5812      8.171     2.8793    15.1105 1.0715e-01     0.1292    96.8209     7.6563     7.7226    32.2148    32.2144    25.7145    25.7149    7.71154 0.0000e+00
       1776     50.360     2.3475     2.3364   2.885868   2.885067     2.1828     2.5800      8.171     2.8996    15.0710 1.0715e-01     0.1292    96.8209     7.6621     7.7202    32.2153    32.2166    25.7153    25.7172    7.71253 0.0000e+00
       1779     50.441     2.3396     2.3294   2.885382   2.884637     2.1824     2.5804      8.171     2.8793    15.0710 1.0715e-01     0.1292    96.8209     7.6616     7.7204    32.2171    32.2184    25.7174    25.7191    7.71397 0.0000e+00
       1782     50.530     2.3332     2.3262   2.885189   2.884615     2.1823     2.5796      8.171     2.9709    15.0710 1.0715e-01     0.1292    96.8209     7.6639     7.7196    32.2212    32.2213    25.7211    25.7217    7.71502 0.0000e+00
       1785     50.625     2.3309     2.3245   2.885256   2.884716     2.1815     2.5788      8.171     3.1031    15.0710 1.0715e-01     0.1267    96.8818     7.6655     7.7189    32.2244    32.2241    25.7238    25.7241    7.71532 0.0000e+00
       1788     50.731     2.3265     2.3198   2.885075   2.884455     2.1815     2.5788      8.171     3.0828   111.4788 1.0715e-01     0.1271    96.8731     7.6705     7.7226    32.2265    32.2256    25.7258    25.7256    7.71607 0.0000e+00
       1791     50.843     2.3227     2.3167   2.884922   2.884327     2.1815     2.5788      8.171     3.0930   480.1341 1.0715e-01     0.1271    96.8731     7.6721     7.7250    32.2283    32.2271    25.7276    25.7271    7.71672 0.0000e+00
       1794     50.961     2.3221     2.3165   2.884934   2.884387     2.1811     2.5784      8.171     3.0930   481.0421 1.0715e-01     0.1271    96.8731     7.6730     7.7272    32.2291    32.2281    25.7283    25.7279    7.71681 0.0000e+00
       1797     51.089     2.3187     2.3128   2.884611   2.884079     2.1819     2.5788      8.171     3.0930   481.3184 1.0715e-01     0.1271    96.8731     7.6776     7.7343    32.2285    32.2279    25.7281    25.7280    7.71751 0.0000e+00
       1800     51.223     2.3108     2.3041   2.883939   2.883404     2.1811     2.5784      8.171     3.0930   481.3579 1.0715e-01     0.1271    96.8731     7.6793     7.7392    32.2281    32.2283    25.7284    25.7290    7.71908 0.0000e+00
       1803     51.368     2.3001     2.2931   2.883298   2.882767     2.1815     2.5775      8.171     3.0930   481.3184 1.0715e-01     0.1289    96.8296     7.6889     7.7426    32.2310    32.2315    25.7314    25.7324    7.72104 0.0000e+00
       1806     51.518     2.2892     2.2813   2.882716   2.882156     2.1823     2.5788      8.172     3.0930   481.3579 1.0715e-01     0.1299    96.8035     7.6967     7.7525    32.2347    32.2358    25.7353    25.7368    7.72299 0.0000e+00
       1809     51.676     2.2766     2.2690   2.882054   2.881527     2.1832     2.5788      8.172     2.6656   481.3579 1.0715e-01     0.1299    96.8035     7.7051     7.7581    32.2392    32.2405    25.7398    25.7414    7.72524 0.0000e+00
       1812     51.838     2.2637     2.2567   2.881339   2.880864     2.1823     2.5779      8.172     2.5028   481.3579 1.0715e-01     0.1296    96.8122     7.7048     7.7597    32.2434    32.2447    25.7442    25.7457    7.72758 0.0000e+00
       1815     52.003     2.2531     2.2461   2.880737   2.880198     2.1823     2.5784      8.172     2.5333   254.0771 1.0715e-01     0.1303    96.7948     7.7071     7.7652    32.2467    32.2471    25.7476    25.7484    7.72950 0.0000e+00
       1818     52.172     2.2440     2.2363   2.880192   2.879646     2.1832     2.5788      8.170     2.5028    -0.1284 1.0715e-01     0.1299    96.8035     7.7123     7.7703    32.2491    32.2501    25.7502    25.7516    7.73118 0.0000e+00
       1821     52.344     2.2346     2.2271   2.879744   2.879217     2.1823     2.5788      8.170     2.5130     8.0832 1.0715e-01     0.1299    96.8035     7.7089     7.7749    32.2530    32.2540    25.7540    25.7554    7.73283 0.0000e+00
       1824     52.514     2.2260     2.2195   2.879354   2.878828     2.1832     2.5788      8.169     2.5130     7.7279 1.0715e-01     0.1285    96.8383     7.7148     7.7795    32.2568    32.2569    25.7577    25.7583    7.73433 0.0000e+00
       1827     52.686     2.2178     2.2108   2.878718   2.878239     2.1828     2.5788      8.170     2.5028     7.7279 1.0715e-01     0.1282    96.8470     7.7113     7.7819    32.2572    32.2583    25.7586    25.7600    7.73593 0.0000e+00
       1830     52.859     2.2048     2.1972   2.878065   2.877579     2.1828     2.5784      8.170     2.5130     7.7279 1.0715e-01     0.1282    96.8470     7.7104     7.7832    32.2621    32.2639    25.7636    25.7655    7.73823 0.0000e+00
       1833     53.028     2.1948     2.1875   2.877770   2.877242     2.1832     2.5796      8.169     2.5028     7.7279 1.0715e-01     0.1282    96.8470     7.7138     7.7926    32.2686    32.2694    25.7695    25.7707    7.73989 0.0000e+00
       1836     53.197     2.1857     2.1797   2.877476   2.876980     2.1832     2.5792      8.167     2.5333     7.7279 1.0715e-01     0.1282    96.8470     7.7160     7.7919    32.2741    32.2741    25.7746    25.7750    7.74139 0.0000e+00
       1839     53.362     2.1827     2.1777   2.877761   2.877329     2.1832     2.5788      8.169     2.5536     7.7279 1.0715e-01     0.1282    96.8470     7.7129     7.7868    32.2806    32.2803    25.7800    25.7801    7.74166 0.0000e+00
       1842     53.522     2.1845     2.1797   2.878001   2.877541     2.1836     2.5796      8.169     2.5536   366.4740 1.0715e-01     0.1282    96.8470     7.7112     7.7871    32.2817    32.2809    25.7807    25.7804    7.74125 0.0000e+00
       1845     53.681     2.1863     2.1817   2.878353   2.877844     2.1832     2.5800      8.169     2.5333   482.0291 1.0715e-01     0.1282    96.8470     7.7076     7.7869    32.2841    32.2825    25.7825    25.7815    7.74076 0.0000e+00
       1848     53.836     2.1951     2.1912   2.879436   2.878861     2.1840     2.5800      8.167     2.5333   480.9631 1.0715e-01     0.1282    96.8470     7.7073     7.7812    32.2885    32.2853    25.7854    25.7831    7.73880 0.0000e+00
       1851     53.988     2.2045     2.1998   2.880335   2.879617     2.1832     2.5800      8.167     2.5435   481.3184 1.0715e-01     0.1282    96.8470     7.6994     7.7753    32.2899    32.2859    25.7858    25.7829    7.73684 0.0000e+00
       1854     54.136     2.2111     2.2062   2.880968   2.880388     2.1828     2.5804      8.167     2.5435   481.3184 1.0715e-01     0.1282    96.8470     7.6927     7.7700    32.2910    32.2888    25.7862    25.7848    7.73549 0.0000e+00
       1857     54.277     2.2184     2.2141   2.881829   2.881275     2.1836     2.5804      8.167     2.5536   481.2790 1.0715e-01     0.1282    96.8470     7.6905     7.7657    32.2941    32.2916    25.7881    25.7865    7.73388 0.0000e+00
       1860     54.412     2.2251     2.2214   2.882469   2.882005     2.1832     2.5792      8.167     2.5842   481.3579 1.0715e-01     0.1282    96.8470     7.6851     7.7585    32.2952    32.2932    25.7885    25.7872    7.73251 0.0000e+00
       1863     54.543     2.2306     2.2265   2.882925   2.882420     2.1823     2.5792      8.167     2.7063   481.3579 1.0715e-01     0.1285    96.8383     7.6787     7.7522    32.2952    32.2931    25.7880    25.7867    7.73142 0.0000e+00
       1866     54.669     2.2332     2.2285   2.883123   2.882617     2.1823     2.5792      8.167     2.6859   442.9448 1.0715e-01     0.1282    96.8470     7.6771     7.7490    32.2950    32.2934    25.7876    25.7868    7.73092 0.0000e+00
       1869     54.794     2.2373     2.2319   2.883595   2.883031     2.1832     2.5792      8.167     2.6757    26.7173 1.0715e-01     0.1282    96.8470     7.6782     7.7470    32.2965    32.2950    25.7886    25.7879    7.73003 0.0000e+00
       1872     54.913     2.2429     2.2375   2.884196   2.883673     2.1823     2.5784      8.167     2.7063     6.7014 1.0740e-01     0.1282    96.8470     7.6723     7.7438    32.2981    32.2972    25.7895    25.7892    7.72883 0.0000e+00
       1875     55.030     2.2491     2.2443   2.884809   2.884325     2.1823     2.5779      8.167     2.6961     8.1622 1.0740e-01     0.1282    96.8470     7.6727     7.7413    32.2994    32.2983    25.7900    25.7895    7.72754 0.0000e+00
       1878     55.143     2.2524     2.2479   2.885034   2.884610     2.1819     2.5784      8.169     2.6859     8.0832 1.0727e-01     0.1282    96.8470     7.6697     7.7445    32.2987    32.2981    25.7892    25.7891    7.72692 0.0000e+00
       1881     55.255     2.2524     2.2480   2.885051   2.884565     2.1815     2.5788      8.169     2.6961     8.0832 1.0740e-01     0.1282    96.8470     7.6705     7.7493    32.2989    32.2974    25.7894    25.7885    7.72692 0.0000e+00
       1884     55.366     2.2509     2.2469   2.884892   2.884482     2.1819     2.5784      8.169     2.6961     8.0832 1.0740e-01     0.1296    96.8122     7.6769     7.7504    32.2984    32.2974    25.7891    25.7886    7.72724 0.0000e+00
       1887     55.478     2.2482     2.2438   2.884666   2.884196     2.1819     2.5767      8.167     2.7673     8.0832 1.0740e-01     0.1303    96.7948     7.6789     7.7456    32.2983    32.2970    25.7892    25.7885    7.72779 0.0000e+00
       1890     55.589     2.2454     2.2398   2.884434   2.883920     2.1811     2.5784      8.167     2.8589     8.0832 1.0715e-01     0.1303    96.7948     7.6784     7.7555    32.2982    32.2976    25.7893    25.7893    7.72834 0.0000e+00
       1893     55.698     2.2422     2.2371   2.884184   2.883687     2.1811     2.5775      8.169     2.8386   145.4703 1.0715e-01     0.1303    96.7948     7.6802     7.7558    32.2983    32.2974    25.7897    25.7893    7.72897 0.0000e+00
       1896     55.806     2.2388     2.2340   2.883916   2.883446     2.1815     2.5784      8.167     2.8386   482.1870 1.0715e-01     0.1303    96.7948     7.6836     7.7616    32.2984    32.2975    25.7900    25.7897    7.72963 0.0000e+00
       1899     55.916     2.2350     2.2303   2.883580   2.883113     2.1811     2.5779      8.169     2.8488   480.8447 1.0715e-01     0.1303    96.7948     7.6836     7.7627    32.2980    32.2970    25.7900    25.7896    7.73039 0.0000e+00
       1902     56.027     2.2298     2.2250   2.883061   2.882620     2.1815     2.5779      8.169     2.8386   481.2790 1.0715e-01     0.1303    96.7948     7.6889     7.7643    32.2969    32.2963    25.7895    25.7894    7.73149 0.0000e+00
       1905     56.138     2.2221     2.2173   2.882311   2.881890     2.1819     2.5779      8.167     2.8488   481.3184 1.0715e-01     0.1282    96.8470     7.6917     7.7669    32.2954    32.2950    25.7888    25.7889    7.73310 0.0000e+00
       1908     56.245     2.2133     2.2085   2.881621   2.881196     2.1815     2.5775      8.167     2.8488   481.2790 1.0715e-01     0.1278    96.8557     7.6931     7.7701    32.2957    32.2953    25.7897    25.7898    7.73480 0.0000e+00
       1911     56.357     2.2063     2.2014   2.881111   2.880653     2.1815     2.5775      8.167     2.8589   481.3579 1.0715e-01     0.1278    96.8557     7.6967     7.7698    32.2964    32.2958    25.7909    25.7907    7.73615 0.0000e+00
       1914     56.468     2.2019     2.1958   2.880813   2.880196     2.1819     2.5788      8.167     2.8996   481.3579 1.0715e-01     0.1278    96.8557     7.6997     7.7739    32.2972    32.2957    25.7918    25.7911    7.73699 0.0000e+00
       1917     56.579     2.1983     2.1916   2.880458   2.879856     2.1807     2.5775      8.167     2.9098   481.3579 1.0715e-01     0.1282    96.8470     7.6914     7.7692    32.2964    32.2958    25.7914    25.7914    7.73774 0.0000e+00
       1920     56.686     2.1943     2.1883   2.880167   2.879640     2.1807     2.5784      8.167     2.9098   481.3579 1.0715e-01     0.1278    96.8557     7.6901     7.7724    32.2968    32.2963    25.7921    25.7922    7.73852 0.0000e+00
       1923     56.795     2.1921     2.1864   2.880004   2.879480     2.1815     2.5784      8.167     2.8996   481.3579 1.0715e-01     0.1285    96.8383     7.6935     7.7723    32.2970    32.2963    25.7924    25.7922    7.73894 0.0000e+00
       1926     56.900     2.1899     2.1849   2.879851   2.879389     2.1811     2.5779      8.167     2.9199   481.3184 1.0715e-01     0.1303    96.7948     7.6923     7.7723    32.2972    32.2966    25.7927    25.7926    7.73936 0.0000e+00
       1929     57.002     2.1887     2.1836   2.879797   2.879264     2.1807     2.5779      8.167     2.9098   481.3579 1.0715e-01     0.1303    96.7948     7.6921     7.7715    32.2977    32.2963    25.7932    25.7925    7.73957 0.0000e+00
