Datasets/AZMP/HUD120/hud120_2020_092.cnv
* Sea-Bird SBE 9 Data File:
* FileName = C:\CTDDATA\hud120_2020_092.hex
* Software Version Seasave V 7.26.7.110
* Temperature SN = 1697
* Conductivity SN = 4216
* Number of Bytes Per Scan = 30
* Number of Voltage Words = 4
* Number of Scans Averaged by the Deck Unit = 1
* NMEA baud rate = 4800
** VESSEL/TRIP/SEQ STN:  hud120_2020_092
** LATITUDE XX XX.XX: 49 11.40 N
** LONGITUDE XX XX.XX: 051 32.50 W
** SOUNDING DEPTH (M): 0318
** PROBE TYPE: S1146
** CTD NUMBER: 069
** FORMAT: V
** COMMENTS (14 CHAR): BB-07
** BOTTLES:  11
** LEVELS: 5,10,20,30,40,50,75,100,150,250,BTM
** STICKERS: 439987 - 439997
** VNET: Y
** DO2: N
# nquan = 22
# nvalues = 6816                        
# units = specified
# name 0 = scan: Scan Count
# name 1 = prDM: Pressure, Digiquartz [db]
# name 2 = t090C: Temperature [ITS-90, deg C]
# name 3 = t190C: Temperature, 2 [ITS-90, deg C]
# name 4 = c0S/m: Conductivity [S/m]
# name 5 = c1S/m: Conductivity, 2 [S/m]
# name 6 = sbeox0V: Oxygen raw, SBE 43 [V]
# name 7 = sbeox1V: Oxygen raw, SBE 43, 2 [V]
# name 8 = ph: pH
# name 9 = flECO-AFL: Fluorescence, WET Labs ECO-AFL/FL [mg/m^3]
# name 10 = wetCDOM: Fluorescence, WET Labs CDOM [mg/m^3]
# name 11 = par/sat/log: PAR/Logarithmic, Satlantic [umol photons/m^2/sec]
# name 12 = CStarAt0: Beam Attenuation, WET Labs C-Star [1/m]
# name 13 = CStarTr0: Beam Transmission, WET Labs C-Star [%]
# name 14 = sbeox0ML/L: Oxygen, SBE 43 [ml/l], WS = 2
# name 15 = sbeox1ML/L: Oxygen, SBE 43, 2 [ml/l], WS = 2
# name 16 = sal00: Salinity, Practical [PSU]
# name 17 = sal11: Salinity, Practical, 2 [PSU]
# name 18 = sigma-t00: Density [sigma-t, kg/m^3 ]
# name 19 = sigma-t11: Density, 2 [sigma-t, kg/m^3 ]
# name 20 = oxsatML/L: Oxygen Saturation, Weiss [ml/l]
# name 21 = flag: flag
# span 0 =         62,      50181       
# span 1 =      0.228,    310.051       
# span 2 =     0.5826,     2.7383       
# span 3 =     0.5766,     2.7338       
# span 4 =   2.806127,   3.111860       
# span 5 =   2.815583,   3.111340       
# span 6 =     1.8208,     2.2372       
# span 7 =     2.1365,     2.6135       
# span 8 =      8.021,      8.145       
# span 9 =     0.8850,     5.1585       
# span 10 =    -2.8130,   482.1870      
# span 11 = 1.0703e-01, 7.0222e-01      
# span 12 =     0.0842,     0.4231      
# span 13 =    89.9627,    97.9162      
# span 14 =     6.0783,     8.2701      
# span 15 =     6.1402,     7.9739      
# span 16 =    31.8660,    34.4452      
# span 17 =    31.9885,    34.4433      
# span 18 =    25.4795,    27.4658      
# span 19 =    25.5779,    27.4647      
# span 20 =    7.52319,    7.99501      
# span 21 = 0.0000e+00, 0.0000e+00      
# interval = scans: 3                   
# start_time = Nov 28 2020 09:01:06 [System UTC, header]
# bad_flag = -9.990e-29
*END*
[from data line 3029]
      10997    301.778     2.7366     2.7323   3.111353   3.110816     1.8243     2.1413      8.021     0.9867   481.2790 1.0715e-01     0.4030    90.4147     6.0925     6.1658    34.4448    34.4428    27.4654    27.4642    7.52350 0.0000e+00
      11000    301.812     2.7370     2.7323   3.111348   3.110810     1.8239     2.1417      8.024     0.9867   481.3579 1.0715e-01     0.4042    90.3886     6.0922     6.1683    34.4443    34.4426    27.4650    27.4641    7.52345 0.0000e+00
      11003    301.853     2.7363     2.7324   3.111329   3.110831     1.8243     2.1417      8.021     0.9867   481.2790 1.0715e-01     0.4038    90.3973     6.0942     6.1695    34.4447    34.4427    27.4654    27.4642    7.52355 0.0000e+00
      11006    301.898     2.7362     2.7322   3.111324   3.110837     1.8243     2.1417      8.021     1.0071   481.2790 1.0715e-01     0.4042    90.3886     6.0898     6.1690    34.4448    34.4430    27.4655    27.4644    7.52357 0.0000e+00
      11009    301.946     2.7364     2.7323   3.111337   3.110833     1.8247     2.1417      8.021     1.0071   481.3184 1.0715e-01     0.4038    90.3973     6.0905     6.1677    34.4447    34.4429    27.4654    27.4643    7.52354 0.0000e+00
      11012    301.996     2.7367     2.7323   3.111353   3.110831     1.8239     2.1417      8.021     1.0071   481.3184 1.0715e-01     0.4046    90.3799     6.0864     6.1681    34.4444    34.4428    27.4652    27.4642    7.52348 0.0000e+00
      11015    302.049     2.7367     2.7323   3.111366   3.110862     1.8247     2.1413      8.023     0.9969   129.6786 1.0715e-01     0.4042    90.3886     6.0928     6.1677    34.4446    34.4432    27.4654    27.4645    7.52349 0.0000e+00
      11018    302.105     2.7365     2.7324   3.111366   3.110871     1.8230     2.1413      8.023     1.0071    17.2029 1.0715e-01     0.4046    90.3799     6.0851     6.1683    34.4448    34.4431    27.4655    27.4645    7.52351 0.0000e+00
      11021    302.164     2.7364     2.7325   3.111358   3.110854     1.8243     2.1418      8.021     0.9969    21.8219 1.0715e-01     0.4050    90.3712     6.0911     6.1681    34.4447    34.4428    27.4654    27.4642    7.52352 0.0000e+00
      11024    302.227     2.7365     2.7325   3.111354   3.110841     1.8243     2.1418      8.023     0.9765    21.5850 1.0715e-01     0.4050    90.3712     6.0909     6.1679    34.4446    34.4426    27.4653    27.4641    7.52351 0.0000e+00
      11027    302.293     2.7366     2.7324   3.111378   3.110865     1.8243     2.1418      8.021     0.9867    21.6245 1.0715e-01     0.4050    90.3712     6.0918     6.1696    34.4448    34.4430    27.4654    27.4644    7.52349 0.0000e+00
      11030    302.364     2.7366     2.7325   3.111362   3.110879     1.8230     2.1418      8.024     0.9969    21.6245 1.0715e-01     0.4057    90.3538     6.0848     6.1697    34.4445    34.4430    27.4652    27.4644    7.52350 0.0000e+00
      11033    302.437     2.7363     2.7323   3.111360   3.110865     1.8230     2.1414      8.021     0.9969    21.5850 1.0715e-01     0.4053    90.3625     6.0868     6.1695    34.4448    34.4429    27.4655    27.4644    7.52355 0.0000e+00
      11036    302.512     2.7366     2.7325   3.111389   3.110871     1.8234     2.1418      8.023     0.9969    21.5850 1.0715e-01     0.4050    90.3712     6.0896     6.1729    34.4448    34.4428    27.4655    27.4643    7.52349 0.0000e+00
      11039    302.588     2.7368     2.7324   3.111392   3.110886     1.8247     2.1418      8.021     0.9765    55.8133 1.0715e-01     0.4053    90.3625     6.0956     6.1727    34.4445    34.4430    27.4653    27.4644    7.52347 0.0000e+00
      11042    302.659     2.7370     2.7325   3.111419   3.110873     1.8239     2.1426      8.024     0.9969   454.8675 1.0715e-01     0.4069    90.3278     6.0924     6.1734    34.4446    34.4428    27.4653    27.4643    7.52343 0.0000e+00
      11045    302.727     2.7371     2.7324   3.111420   3.110879     1.8234     2.1418      8.023     0.9969   481.5159 1.0715e-01     0.4069    90.3278     6.0877     6.1681    34.4445    34.4429    27.4652    27.4643    7.52341 0.0000e+00
      11048    302.794     2.7369     2.7324   3.111408   3.110875     1.8239     2.1418      8.023     0.9969   481.2000 1.0715e-01     0.4069    90.3278     6.0917     6.1673    34.4445    34.4428    27.4652    27.4642    7.52345 0.0000e+00
      11051    302.855     2.7370     2.7324   3.111429   3.110888     1.8239     2.1426      8.021     0.9765   481.3184 1.0715e-01     0.4069    90.3278     6.0941     6.1705    34.4447    34.4429    27.4653    27.4643    7.52342 0.0000e+00
      11054    302.910     2.7369     2.7323   3.111422   3.110885     1.8230     2.1418      8.021     0.9969   481.3184 1.0715e-01     0.4069    90.3278     6.0916     6.1679    34.4446    34.4429    27.4653    27.4643    7.52344 0.0000e+00
      11057    302.962     2.7369     2.7325   3.111423   3.110884     1.8239     2.1426      8.023     1.0071   481.3184 1.0715e-01     0.4069    90.3278     6.0908     6.1713    34.4446    34.4427    27.4653    27.4641    7.52344 0.0000e+00
      11060    303.006     2.7370     2.7325   3.111436   3.110888     1.8234     2.1430      8.026     1.0071   481.3579 1.0715e-01     0.4065    90.3365     6.0849     6.1710    34.4446    34.4427    27.4653    27.4642    7.52342 0.0000e+00
      11063    303.044     2.7367     2.7324   3.111438   3.110915     1.8234     2.1418      8.024     1.0071   481.3579 1.0715e-01     0.4053    90.3625     6.0873     6.1663    34.4450    34.4431    27.4656    27.4645    7.52346 0.0000e+00
      11066    303.077     2.7371     2.7326   3.111421   3.110899     1.8234     2.1418      8.021     0.9969   351.9062 1.0715e-01     0.4053    90.3625     6.0902     6.1674    34.4443    34.4427    27.4650    27.4641    7.52341 0.0000e+00
      11071    303.114     2.7371     2.7327   3.111429   3.110903     1.8234     2.1418      8.021     0.9765    24.5065 1.0715e-01     0.4053    90.3625     6.0911     6.1656    34.4444    34.4426    27.4651    27.4640    7.52342 0.0000e+00
      11111    303.138     2.7366     2.7324   3.111412   3.110894     1.8234     2.1409      8.021     0.9867    17.7951 1.0715e-01     0.4069    90.3278     6.0969     6.1575    34.4447    34.4428    27.4654    27.4643    7.52349 0.0000e+00
      11132    303.168     2.7369     2.7323   3.111423   3.110879     1.8239     2.1418      8.021     0.9867    13.7682 1.0715e-01     0.4077    90.3104     6.1011     6.1602    34.4445    34.4428    27.4652    27.4642    7.52344 0.0000e+00
      11135    303.203     2.7366     2.7324   3.111428   3.110894     1.8239     2.1405      8.023     0.9867    13.7682 1.0715e-01     0.4081    90.3017     6.0972     6.1556    34.4449    34.4428    27.4655    27.4642    7.52349 0.0000e+00
      11138    303.245     2.7369     2.7325   3.111423   3.110890     1.8230     2.1405      8.024     1.0071    13.7682 1.0715e-01     0.4081    90.3017     6.0947     6.1561    34.4444    34.4427    27.4652    27.4641    7.52345 0.0000e+00
      11141    303.296     2.7369     2.7324   3.111440   3.110906     1.8234     2.1414      8.021     0.9969    13.7682 1.0715e-01     0.4081    90.3017     6.1002     6.1595    34.4446    34.4429    27.4653    27.4644    7.52344 0.0000e+00
      11144    303.348     2.7370     2.7325   3.111436   3.110925     1.8239     2.1409      8.024     0.9867    76.0266 1.0715e-01     0.4085    90.2930     6.1028     6.1571    34.4445    34.4429    27.4652    27.4643    7.52344 0.0000e+00
      11147    303.409     2.7369     2.7326   3.111440   3.110936     1.8239     2.1405      8.023     1.0071   468.6852 1.0715e-01     0.4081    90.3017     6.1013     6.1554    34.4446    34.4430    27.4653    27.4644    7.52345 0.0000e+00
      11150    303.474     2.7370     2.7326   3.111438   3.110930     1.8243     2.1405      8.023     0.9969   481.5159 1.0715e-01     0.4081    90.3017     6.1049     6.1569    34.4444    34.4428    27.4651    27.4643    7.52343 0.0000e+00
      11153    303.544     2.7368     2.7325   3.111443   3.110935     1.8243     2.1401      8.023     0.9765   481.2395 1.0715e-01     0.4081    90.3017     6.1008     6.1562    34.4446    34.4431    27.4653    27.4645    7.52345 0.0000e+00
      11156    303.617     2.7366     2.7325   3.111430   3.110919     1.8239     2.1405      8.021     0.9969   481.3184 1.0715e-01     0.4085    90.2930     6.0959     6.1598    34.4446    34.4428    27.4653    27.4642    7.52349 0.0000e+00
      11159    303.689     2.7368     2.7325   3.111448   3.110927     1.8234     2.1405      8.023     0.9969   481.3184 1.0715e-01     0.4085    90.2930     6.0922     6.1614    34.4446    34.4429    27.4653    27.4643    7.52345 0.0000e+00
      11162    303.765     2.7368     2.7323   3.111438   3.110929     1.8247     2.1405      8.021     1.0274   481.3579 1.0715e-01     0.4085    90.2930     6.0991     6.1609    34.4444    34.4430    27.4652    27.4645    7.52346 0.0000e+00
      11165    303.843     2.7369     2.7323   3.111463   3.110939     1.8247     2.1409      8.021     1.0173   481.3579 1.0715e-01     0.4081    90.3017     6.0980     6.1623    34.4446    34.4431    27.4653    27.4645    7.52345 0.0000e+00
      11168    303.919     2.7369     2.7325   3.111459   3.110946     1.8247     2.1405      8.021     1.0274   481.3579 1.0715e-01     0.4081    90.3017     6.0952     6.1629    34.4445    34.4430    27.4652    27.4644    7.52344 0.0000e+00
      11171    303.991     2.7370     2.7325   3.111491   3.110944     1.8239     2.1397      8.021     1.0173   301.1361 1.0715e-01     0.4081    90.3017     6.0905     6.1601    34.4448    34.4429    27.4654    27.4643    7.52341 0.0000e+00
      11174    304.058     2.7369     2.7326   3.111477   3.110947     1.8235     2.1409      8.024     1.0376    -1.9050 1.0715e-01     0.4081    90.3017     6.0881     6.1636    34.4447    34.4428    27.4654    27.4642    7.52345 0.0000e+00
      11177    304.126     2.7370     2.7326   3.111477   3.110951     1.8227     2.1409      8.023     1.0274     5.2407 1.0715e-01     0.4081    90.3017     6.0847     6.1611    34.4445    34.4428    27.4652    27.4643    7.52343 0.0000e+00
      11180    304.192     2.7371     2.7325   3.111498   3.110947     1.8231     2.1409      8.026     1.0376     5.1618 1.0715e-01     0.4081    90.3017     6.0884     6.1609    34.4447    34.4429    27.4653    27.4643    7.52341 0.0000e+00
      11183    304.256     2.7370     2.7328   3.111506   3.110979     1.8239     2.1405      8.021     1.0274     5.1223 1.0715e-01     0.4077    90.3104     6.0924     6.1601    34.4448    34.4429    27.4655    27.4643    7.52342 0.0000e+00
      11186    304.317     2.7370     2.7327   3.111489   3.110985     1.8243     2.1405      8.021     0.9969     5.1223 1.0715e-01     0.4077    90.3104     6.0940     6.1597    34.4445    34.4429    27.4652    27.4643    7.52342 0.0000e+00
      11189    304.375     2.7370     2.7327   3.111496   3.110978     1.8243     2.1405      8.021     0.9765     5.1223 1.0715e-01     0.4077    90.3104     6.0966     6.1598    34.4446    34.4429    27.4653    27.4643    7.52342 0.0000e+00
      11192    304.433     2.7369     2.7327   3.111506   3.110991     1.8231     2.1405      8.021     0.9562     5.1618 1.0715e-01     0.4081    90.3017     6.0924     6.1608    34.4448    34.4430    27.4654    27.4644    7.52343 0.0000e+00
      11195    304.486     2.7372     2.7328   3.111509   3.110974     1.8239     2.1405      8.021     0.9562     5.1223 1.0715e-01     0.4073    90.3191     6.0957     6.1595    34.4445    34.4427    27.4652    27.4641    7.52340 0.0000e+00
      11198    304.533     2.7371     2.7326   3.111509   3.110976     1.8231     2.1397      8.021     0.9663     9.2281 1.0715e-01     0.4077    90.3104     6.0917     6.1549    34.4445    34.4429    27.4652    27.4643    7.52340 0.0000e+00
      11201    304.575     2.7370     2.7328   3.111505   3.110972     1.8239     2.1401      8.023     0.9663    11.4784 1.0715e-01     0.4081    90.3017     6.0936     6.1577    34.4446    34.4426    27.4653    27.4641    7.52342 0.0000e+00
      11204    304.608     2.7372     2.7327   3.111505   3.110995     1.8239     2.1405      8.024     0.9663    11.3995 1.0715e-01     0.4104    90.2495     6.0923     6.1615    34.4444    34.4430    27.4651    27.4644    7.52340 0.0000e+00
      11207    304.638     2.7372     2.7327   3.111516   3.110978     1.8243     2.1405      8.023     0.9562    11.3995 1.0715e-01     0.4104    90.2495     6.0919     6.1625    34.4446    34.4427    27.4652    27.4641    7.52339 0.0000e+00
      11210    304.662     2.7373     2.7327   3.111518   3.110974     1.8235     2.1405      8.024     0.9562    11.3995 1.0715e-01     0.4104    90.2495     6.0886     6.1631    34.4445    34.4427    27.4651    27.4641    7.52338 0.0000e+00
      11253    304.710     2.7371     2.7326   3.111498   3.110973     1.8235     2.1406      8.024     1.0172    14.6368 1.0715e-01     0.4081    90.3017     6.0904     6.1583    34.4443    34.4427    27.4651    27.4642    7.52341 0.0000e+00
      11276    304.744     2.7370     2.7325   3.111529   3.110969     1.8235     2.1393      8.023     1.0274   229.7580 1.0715e-01     0.4069    90.3278     6.0889     6.1507    34.4448    34.4427    27.4654    27.4642    7.52341 0.0000e+00
      11279    304.772     2.7371     2.7326   3.111529   3.110983     1.8222     2.1393      8.023     1.0376   482.1870 1.0715e-01     0.4069    90.3278     6.0842     6.1507    34.4447    34.4428    27.4654    27.4643    7.52340 0.0000e+00
      11282    304.804     2.7371     2.7326   3.111514   3.111007     1.8231     2.1402      8.021     1.0274   481.0816 1.0715e-01     0.4073    90.3191     6.0893     6.1565    34.4445    34.4431    27.4652    27.4645    7.52341 0.0000e+00
      11285    304.839     2.7371     2.7328   3.111540   3.111003     1.8231     2.1393      8.021     1.0274   481.3579 1.0715e-01     0.4081    90.3017     6.0885     6.1555    34.4448    34.4429    27.4654    27.4643    7.52339 0.0000e+00
      11288    304.881     2.7373     2.7326   3.111543   3.111003     1.8222     2.1393      8.024     1.0173   481.3579 1.0715e-01     0.4081    90.3017     6.0849     6.1581    34.4446    34.4430    27.4653    27.4644    7.52337 0.0000e+00
      11291    304.928     2.7370     2.7327   3.111548   3.111030     1.8222     2.1397      8.023     1.0071   481.3579 1.0715e-01     0.4081    90.3017     6.0839     6.1603    34.4449    34.4432    27.4655    27.4646    7.52340 0.0000e+00
      11294    304.977     2.7372     2.7328   3.111545   3.110995     1.8227     2.1393      8.021     0.9867   481.3184 1.0715e-01     0.4081    90.3017     6.0864     6.1585    34.4447    34.4426    27.4653    27.4641    7.52338 0.0000e+00
      11297    305.027     2.7372     2.7327   3.111537   3.111018     1.8235     2.1393      8.024     0.9867   481.3579 1.0715e-01     0.4081    90.3017     6.0950     6.1595    34.4446    34.4429    27.4653    27.4643    7.52339 0.0000e+00
      11300    305.078     2.7372     2.7327   3.111564   3.110999     1.8218     2.1389      8.024     0.9969   481.3579 1.0715e-01     0.4081    90.3017     6.0907     6.1603    34.4449    34.4428    27.4655    27.4642    7.52338 0.0000e+00
      11303    305.133     2.7376     2.7328   3.111567   3.111016     1.8227     2.1393      8.026     0.9969   133.9424 1.0715e-01     0.4092    90.2756     6.0964     6.1589    34.4445    34.4428    27.4651    27.4643    7.52332 0.0000e+00
      11306    305.189     2.7372     2.7327   3.111562   3.111024     1.8222     2.1406      8.026     0.9867     9.8992 1.0715e-01     0.4104    90.2495     6.0964     6.1652    34.4448    34.4430    27.4654    27.4643    7.52338 0.0000e+00
