Datasets/AZMP/HUD120/hud120_2020_110.cnv
* Sea-Bird SBE 9 Data File:
* FileName = C:\CTDDATA\hud120_2020_110.hex
* Software Version Seasave V 7.26.7.110
* Temperature SN = 1697
* Conductivity SN = 4216
* Number of Bytes Per Scan = 30
* Number of Voltage Words = 4
* Number of Scans Averaged by the Deck Unit = 1
* NMEA baud rate = 4800
** VESSEL/TRIP/SEQ STN:  hud120_2020_110
** LATITUDE XX XX.XX: 47 34.80 N
** LONGITUDE XX XX.XX: 052 21.00 W
** SOUNDING DEPTH (M): 0170
** PROBE TYPE: S1146
** CTD NUMBER: 080
** FORMAT: V
** COMMENTS (14 CHAR): S27-02
** BOTTLES:  0
** LEVELS: 0
** STICKERS:
** VNET: N
** DO2: N
# nquan = 22
# nvalues = 3146                        
# units = specified
# name 0 = scan: Scan Count
# name 1 = prDM: Pressure, Digiquartz [db]
# name 2 = t090C: Temperature [ITS-90, deg C]
# name 3 = t190C: Temperature, 2 [ITS-90, deg C]
# name 4 = c0S/m: Conductivity [S/m]
# name 5 = c1S/m: Conductivity, 2 [S/m]
# name 6 = sbeox0V: Oxygen raw, SBE 43 [V]
# name 7 = sbeox1V: Oxygen raw, SBE 43, 2 [V]
# name 8 = ph: pH
# name 9 = flECO-AFL: Fluorescence, WET Labs ECO-AFL/FL [mg/m^3]
# name 10 = wetCDOM: Fluorescence, WET Labs CDOM [mg/m^3]
# name 11 = par/sat/log: PAR/Logarithmic, Satlantic [umol photons/m^2/sec]
# name 12 = CStarAt0: Beam Attenuation, WET Labs C-Star [1/m]
# name 13 = CStarTr0: Beam Transmission, WET Labs C-Star [%]
# name 14 = sbeox0ML/L: Oxygen, SBE 43 [ml/l], WS = 2
# name 15 = sbeox1ML/L: Oxygen, SBE 43, 2 [ml/l], WS = 2
# name 16 = sal00: Salinity, Practical [PSU]
# name 17 = sal11: Salinity, Practical, 2 [PSU]
# name 18 = sigma-t00: Density [sigma-t, kg/m^3 ]
# name 19 = sigma-t11: Density, 2 [sigma-t, kg/m^3 ]
# name 20 = oxsatML/L: Oxygen Saturation, Weiss [ml/l]
# name 21 = flag: flag
# span 0 =          5,      10826       
# span 1 =      0.500,    161.876       
# span 2 =    -0.5447,     4.4034       
# span 3 =    -0.5499,     4.3950       
# span 4 =   2.694364,   2.987968       
# span 5 =   2.693777,   2.987165       
# span 6 =     1.8163,     2.2289       
# span 7 =     2.1268,     2.6173       
# span 8 =      8.015,      8.193       
# span 9 =     1.0173,     3.7136       
# span 10 =    -2.8130,   482.1870      
# span 11 = 1.0569e-01, 1.0720e+00      
# span 12 =     0.1067,     0.8880      
# span 13 =    80.0926,    97.3685      
# span 14 =     6.4116,     7.7266      
# span 15 =     6.4319,     7.8634      
# span 16 =    31.4420,    33.6221      
# span 17 =    30.3995,    33.6207      
# span 18 =    24.9175,    26.9738      
# span 19 =    24.1164,    26.9730      
# span 20 =    7.36361,    8.28558      
# span 21 = 0.0000e+00, 0.0000e+00      
# interval = scans: 3                   
# start_time = Dec 01 2020 06:34:30 [System UTC, header]
# bad_flag = -9.990e-29
*END*
[from data line 132]
        497      9.119     4.2495     4.2515   2.978055   2.977972     2.2035     2.5723      8.192     2.9810     3.3852 1.0715e-01     0.1357    96.6645     7.3366     7.2885    31.4706    31.4677    24.9554    24.9529    7.39013 0.0000e+00
        500      9.148     4.2451     4.2515   2.977742   2.978050     2.2027     2.5714      8.192     2.9810     8.3201 1.0715e-01     0.1357    96.6645     7.3336     7.2850    31.4712    31.4686    24.9563    24.9536    7.39091 0.0000e+00
        503      9.180     4.2408     4.2580   2.977450   2.978437     2.2015     2.5714      8.192     2.9709     8.0832 1.0727e-01     0.1353    96.6732     7.3275     7.2841    31.4719    31.4669    24.9573    24.9517    7.39166 0.0000e+00
        506      9.212     4.2331     4.2515   2.977061   2.977689     2.2019     2.5714      8.192     2.9709     8.0832 1.0715e-01     0.1353    96.6732     7.3303     7.2854    31.4747    31.4644    24.9602    24.9503    7.39292 0.0000e+00
        509      9.248     4.2357     4.1946   2.977393   2.973623     2.2015     2.5714      8.192     2.9709     8.0832 1.0715e-01     0.1353    96.6732     7.3288     7.2964    31.4761    31.4713    24.9611    24.9614    7.39238 0.0000e+00
        512      9.286     4.2249     4.1444   2.976119   2.970310     2.2015     2.5714      8.192     2.9810     8.0832 1.0715e-01     0.1353    96.6732     7.3304     7.3059    31.4715    31.4807    24.9585    24.9737    7.39457 0.0000e+00
        515      9.330     4.1646     4.1232   2.971209   2.969258     2.2011     2.5702      8.191     2.9912     8.0832 1.0715e-01     0.1353    96.6732     7.3415     7.3053    31.4719    31.4887    24.9647    24.9821    7.40556 0.0000e+00
        518      9.379     4.1144     4.1128   2.968862   2.968615     2.2015     2.5694      8.192     3.1540    46.7727 1.0727e-01     0.1357    96.6645     7.3544     7.3055    31.4925    31.4911    24.9859    24.9850    7.41372 0.0000e+00
        521      9.431     4.1000     4.1345   2.967861   2.970357     2.2011     2.5690      8.191     3.2354   456.1703 1.0727e-01     0.1357    96.6645     7.3598     7.3023    31.4945    31.4906    24.9890    24.9826    7.41626 0.0000e+00
        524      9.485     4.1052     4.1196   2.968596   2.968659     2.2011     2.5690      8.192     3.2456   481.4764 1.0727e-01     0.1357    96.6645     7.3627     7.3077    31.4982    31.4851    24.9914    24.9796    7.41513 0.0000e+00
        527      9.548     4.1046     4.0945   2.968285   2.967371     2.1998     2.5686      8.191     3.2354   481.2000 1.0715e-01     0.1357    96.6645     7.3587     7.3124    31.4951    31.4941    24.9890    24.9891    7.41539 0.0000e+00
        530      9.620     4.1009     4.0824   2.968002   2.966479     2.2006     2.5678      8.192     3.2456   481.3184 1.0715e-01     0.1357    96.6645     7.3628     7.3131    31.4952    31.4952    24.9894    24.9912    7.41605 0.0000e+00
        533      9.698     4.0901     4.0826   2.967240   2.966771     2.1998     2.5682      8.193     3.2456   481.3579 1.0715e-01     0.1357    96.6645     7.3626     7.3181    31.4967    31.4984    24.9916    24.9937    7.41797 0.0000e+00
        536      9.779     4.0864     4.0940   2.967148   2.967416     2.2002     2.5678      8.191     3.2456   481.3579 1.0715e-01     0.1357    96.6645     7.3672     7.3193    31.4991    31.4949    24.9939    24.9898    7.41852 0.0000e+00
        539      9.865     4.0830     4.0880   2.966387   2.966665     2.2011     2.5678      8.193     3.2659   481.3184 1.0715e-01     0.1342    96.6992     7.3755     7.3259    31.4934    31.4918    24.9897    24.9879    7.41943 0.0000e+00
        542      9.959     4.0444     4.0476   2.963575   2.963661     2.1998     2.5678      8.193     3.2456   481.2790 1.0715e-01     0.1335    96.7166     7.3786     7.3373    31.4974    31.4953    24.9966    24.9946    7.42631 0.0000e+00
        545     10.063     4.0163     4.0194   2.961971   2.962303     2.2006     2.5678      8.191     3.0217   334.2590 1.0715e-01     0.1335    96.7166     7.3893     7.3445    31.5056    31.5065    25.0058    25.0062    7.43107 0.0000e+00
        548     10.170     4.0091     4.0154   2.961763   2.961839     2.2002     2.5682      8.193     3.0217    -2.8130 1.0715e-01     0.1335    96.7166     7.3906     7.3508    31.5100    31.5048    25.0100    25.0053    7.43217 0.0000e+00
        551     10.283     4.0060     4.0008   2.961383   2.960941     2.1998     2.5674      8.193     2.9912    -1.1154 1.0715e-01     0.1335    96.7166     7.3902     7.3549    31.5084    31.5082    25.0091    25.0094    7.43282 0.0000e+00
        554     10.400     3.9986     3.9982   2.961000   2.960894     2.1998     2.5674      8.191     3.0115    -0.0494 1.0752e-01     0.1332    96.7253     7.3915     7.3579    31.5110    31.5101    25.0118    25.0112    7.43406 0.0000e+00
        557     10.522     3.9909     3.9978   2.960111   2.960644     2.1998     2.5678      8.193     3.0115    -0.0889 1.0752e-01     0.1339    96.7079     7.3910     7.3620    31.5079    31.5076    25.0101    25.0091    7.43563 0.0000e+00
        560     10.645     3.9532     3.9709   2.957406   2.958338     2.2006     2.5678      8.193     3.0115    -0.0889 1.0752e-01     0.1375    96.6210     7.4020     7.3704    31.5123    31.5062    25.0172    25.0106    7.44235 0.0000e+00
        563     10.772     3.9496     3.9602   2.957536   2.958576     2.2006     2.5682      8.193     3.0014    -0.1284 1.0752e-01     0.1379    96.6123     7.4053     7.3762    31.5172    31.5193    25.0214    25.0220    7.44277 0.0000e+00
        566     10.902     3.9207     3.9770   2.955243   2.959249     2.1998     2.5678      8.190     3.0115    -0.0889 1.0752e-01     0.1379    96.6123     7.4120     7.3743    31.5180    31.5109    25.0248    25.0138    7.44807 0.0000e+00
        569     11.030     3.9046     3.9313   2.954382   2.955473     2.1998     2.5682      8.192     2.9708    -0.0889 1.0740e-01     0.1379    96.6123     7.4159     7.3871    31.5233    31.5105    25.0305    25.0178    7.45077 0.0000e+00
        572     11.160     3.8993     3.9017   2.954125   2.954047     2.2002     2.5690      8.193     2.8182     6.8988 1.0727e-01     0.1379    96.6123     7.4198     7.3998    31.5254    31.5221    25.0327    25.0298    7.45165 0.0000e+00
        575     11.289     3.8980     3.8947   2.954000   2.953627     2.2002     2.5690      8.190     2.8182    12.3075 1.0727e-01     0.1379    96.6123     7.4206     7.4067    31.5250    31.5239    25.0325    25.0319    7.45190 0.0000e+00
        578     11.413     3.8944     3.8911   2.953721   2.953437     2.1998     2.5690      8.192     2.8182    12.0311 1.0715e-01     0.1372    96.6297     7.4213     7.4083    31.5253    31.5250    25.0330    25.0331    7.45257 0.0000e+00
        581     11.531     3.8924     3.8893   2.953718   2.953242     2.1990     2.5694      8.190     2.8182    12.0706 1.0715e-01     0.1346    96.6905     7.4182     7.4100    31.5271    31.5244    25.0346    25.0328    7.45285 0.0000e+00
        584     11.651     3.8924     3.8873   2.953757   2.953078     2.2006     2.5698      8.190     2.8182    12.0311 1.0715e-01     0.1346    96.6905     7.4266     7.4128    31.5274    31.5244    25.0349    25.0330    7.45282 0.0000e+00
        587     11.764     3.8931     3.8809   2.953615   2.952485     2.2011     2.5702      8.189     2.8386    12.0311 1.0715e-01     0.1346    96.6905     7.4292     7.4168    31.5250    31.5235    25.0330    25.0329    7.45282 0.0000e+00
        590     11.871     3.8846     3.8719   2.952835   2.951958     2.2015     2.5702      8.189     2.8284    12.0311 1.0727e-01     0.1346    96.6905     7.4328     7.4206    31.5240    31.5259    25.0329    25.0357    7.45444 0.0000e+00
        593     11.970     3.8778     3.8690   2.952524   2.951826     2.2002     2.5706      8.189     2.8182    12.0311 1.0715e-01     0.1346    96.6905     7.4272     7.4212    31.5269    31.5271    25.0358    25.0368    7.45556 0.0000e+00
        596     12.068     3.8745     3.8663   2.952316   2.951547     2.2002     2.5723      8.189     2.9607    12.2680 1.0727e-01     0.1346    96.6905     7.4267     7.4260    31.5275    31.5263    25.0367    25.0365    7.45614 0.0000e+00
        599     12.157     3.8683     3.8608   2.951836   2.951109     2.2011     2.5723      8.190     3.1336   408.0059 1.0740e-01     0.1353    96.6732     7.4306     7.4253    31.5278    31.5264    25.0374    25.0371    7.45726 0.0000e+00
        602     12.236     3.8695     3.8596   2.952063   2.951154     2.2011     2.5718      8.189     3.1336   481.8317 1.0727e-01     0.1353    96.6732     7.4292     7.4214    31.5293    31.5281    25.0386    25.0386    7.45697 0.0000e+00
        605     12.309     3.8710     3.8635   2.952196   2.951464     2.2015     2.5714      8.190     3.1235   481.0421 1.0727e-01     0.1353    96.6732     7.4290     7.4171    31.5293    31.5280    25.0384    25.0381    7.45668 0.0000e+00
        608     12.379     3.8710     3.8658   2.952164   2.951610     2.2006     2.5727      8.189     3.1235   481.2790 1.0727e-01     0.1350    96.6818     7.4225     7.4180    31.5290    31.5274    25.0382    25.0374    7.45671 0.0000e+00
        611     12.443     3.8620     3.8663   2.951520   2.951535     2.2002     2.5731      8.189     3.1336   481.2395 1.0752e-01     0.1350    96.6818     7.4217     7.4159    31.5300    31.5260    25.0398    25.0362    7.45832 0.0000e+00
        614     12.505     3.8623     3.8510   2.951411   2.950386     2.2006     2.5739      8.189     3.1235   481.3579 1.0752e-01     0.1350    96.6818     7.4233     7.4183    31.5284    31.5272    25.0385    25.0387    7.45834 0.0000e+00
        617     12.558     3.8500     3.8445   2.950773   2.950021     2.2006     2.5727      8.189     3.1438   481.2395 1.0752e-01     0.1357    96.6645     7.4262     7.4107    31.5327    31.5291    25.0431    25.0408    7.46040 0.0000e+00
        620     12.608     3.8466     3.8317   2.950604   2.949542     2.2006     2.5727      8.189     3.1336   481.3184 1.0752e-01     0.1404    96.5515     7.4249     7.4097    31.5340    31.5358    25.0444    25.0472    7.46098 0.0000e+00
        623     12.653     3.8511     3.8529   2.950914   2.950909     2.2006     2.5727      8.189     2.8996   413.6119 1.0752e-01     0.1411    96.5341     7.4239     7.4053    31.5333    31.5314    25.0434    25.0418    7.46017 0.0000e+00
        626     12.692     3.8495     3.8577   2.950691   2.951118     2.2006     2.5731      8.189     2.8080    15.9395 1.0740e-01     0.1411    96.5341     7.4284     7.4041    31.5321    31.5292    25.0427    25.0396    7.46052 0.0000e+00
        629     12.729     3.8405     3.8587   2.950405   2.951117     2.2011     2.5735      8.189     2.8284    14.5973 1.0727e-01     0.1415    96.5254     7.4356     7.4006    31.5374    31.5283    25.0478    25.0388    7.46193 0.0000e+00
        632     12.761     3.8530     3.8570   2.951040   2.950996     2.2011     2.5727      8.189     2.8284    14.6368 1.0727e-01     0.1411    96.5341     7.4377     7.3956    31.5329    31.5284    25.0429    25.0391    7.45984 0.0000e+00
        635     12.794     3.8427     3.8526   2.950149   2.950665     2.2002     2.5731      8.189     2.8284    14.5973 1.0715e-01     0.1411    96.5341     7.4359     7.3974    31.5323    31.5288    25.0434    25.0398    7.46178 0.0000e+00
        638     12.824     3.8420     3.8524   2.950359   2.950722     2.2002     2.5727      8.189     2.8284    14.5973 1.0727e-01     0.1411    96.5341     7.4363     7.3981    31.5355    31.5297    25.0460    25.0405    7.46176 0.0000e+00
        642     12.851     3.8477     3.8583   2.950728   2.951095     2.2002     2.5727      8.189     2.8284    14.5973 1.0715e-01     0.1357    96.6645     7.4332     7.4014    31.5342    31.5284    25.0445    25.0389    7.46075 0.0000e+00
        647     12.889     3.8574     3.8550   2.951352   2.950925     2.2011     2.5727      8.189     2.8894    61.1036 1.0715e-01     0.1353    96.6732     7.4326     7.4028    31.5322    31.5295    25.0420    25.0401    7.45906 0.0000e+00
        654     12.935     3.8491     3.8481   2.950537   2.950454     2.2023     2.5723      8.189     3.0115   460.5130 1.0715e-01     0.1357    96.6645     7.4378     7.4044    31.5306    31.5306    25.0415    25.0416    7.46068 0.0000e+00
        658     12.963     3.8133     3.8401   2.947839   2.949736     2.2011     2.5727      8.189     3.0014   481.2000 1.0715e-01     0.1357    96.6645     7.4381     7.4076    31.5333    31.5299    25.0470    25.0417    7.46717 0.0000e+00
        661     12.987     3.7913     3.8215   2.946762   2.948396     2.2015     2.5731      8.189     3.0014   481.3184 1.0715e-01     0.1386    96.5949     7.4416     7.4145    31.5418    31.5319    25.0558    25.0451    7.47083 0.0000e+00
        664     13.010     3.7897     3.8011   2.946534   2.946743     2.2002     2.5743      8.189     3.0014   481.3184 1.0715e-01     0.1389    96.5862     7.4341     7.4237    31.5407    31.5321    25.0551    25.0472    7.47119 0.0000e+00
        667     13.036     3.7863     3.7731   2.946265   2.944831     2.2011     2.5731      8.189     2.9912   481.2790 1.0715e-01     0.1389    96.5862     7.4379     7.4253    31.5408    31.5366    25.0555    25.0533    7.47182 0.0000e+00
        670     13.064     3.7768     3.7558   2.945619   2.944217     2.2006     2.5731      8.189     3.0115   481.3184 1.0727e-01     0.1389    96.5862     7.4366     7.4277    31.5422    31.5460    25.0575    25.0624    7.47350 0.0000e+00
        673     13.090     3.7668     3.7632   2.944832   2.944938     2.2011     2.5739      8.189     3.0217   481.3184 1.0715e-01     0.1389    96.5862     7.4399     7.4278    31.5426    31.5474    25.0587    25.0629    7.47534 0.0000e+00
        676     13.124     3.7567     3.7769   2.944302   2.945605     2.2011     2.5727      8.189     3.4897   330.2322 1.0715e-01     0.1389    96.5862     7.4430     7.4223    31.5461    31.5420    25.0625    25.0573    7.47704 0.0000e+00
        679     13.162     3.7527     3.7709   2.943987   2.944949     2.2002     2.5727      8.189     3.5508     3.3852 1.0715e-01     0.1389    96.5862     7.4434     7.4226    31.5462    31.5400    25.0629    25.0563    7.47778 0.0000e+00
        682     13.201     3.7497     3.7552   2.943756   2.943857     2.2002     2.5731      8.189     3.5406    15.6237 1.0715e-01     0.1389    96.5862     7.4463     7.4270    31.5464    31.5422    25.0633    25.0595    7.47833 0.0000e+00
        685     13.246     3.7485     3.7507   2.943608   2.943541     2.2006     2.5739      8.189     3.5406    15.0710 1.0715e-01     0.1382    96.6036     7.4486     7.4313    31.5458    31.5429    25.0629    25.0604    7.47859 0.0000e+00
        688     13.296     3.7468     3.7395   2.943503   2.942648     2.2011     2.5731      8.189     3.5406    15.0710 1.0715e-01     0.1389    96.5862     7.4524     7.4324    31.5461    31.5431    25.0634    25.0617    7.47888 0.0000e+00
        691     13.355     3.7532     3.7343   2.944112   2.942441     2.2015     2.5739      8.189     3.5406    15.0710 1.0727e-01     0.1389    96.5862     7.4539     7.4378    31.5471    31.5457    25.0636    25.0642    7.47765 0.0000e+00
        694     13.420     3.7518     3.7276   2.943939   2.941794     2.2006     2.5727      8.189     3.5508    15.0710 1.0715e-01     0.1389    96.5862     7.4509     7.4348    31.5464    31.5444    25.0631    25.0638    7.47794 0.0000e+00
        697     13.492     3.7751     3.7244   2.946108   2.941796     2.2006     2.5731      8.189     3.5508    15.0710 1.0715e-01     0.1389    96.5862     7.4473     7.4392    31.5495    31.5475    25.0634    25.0666    7.47345 0.0000e+00
