Datasets/AZMP/HUD120/hud120_2020_072.cnv
* Sea-Bird SBE 9 Data File:
* FileName = C:\CTDDATA\hud120_2020_072.hex
* Software Version Seasave V 7.26.7.110
* Temperature SN = 1697
* Conductivity SN = 4216
* Number of Bytes Per Scan = 30
* Number of Voltage Words = 4
* Number of Scans Averaged by the Deck Unit = 1
* NMEA baud rate = 4800
** VESSEL/TRIP/SEQ STN:  hud120_2020_072
** LATITUDE XX XX.XX: 47 00.00 N
** LONGITUDE XX XX.XX: 049 07.00 W
** SOUNDING DEPTH (M): 0086
** PROBE TYPE: S1146
** CTD NUMBER: 051
** FORMAT: V
** COMMENTS (14 CHAR): FC-10
** BOTTLES:  7
** LEVELS: 5,10,20,30,40,50,BTM
** STICKERS: 439853 - 439859
** VNET: Y
** DO2: N
# nquan = 22
# nvalues = 1398                        
# units = specified
# name 0 = scan: Scan Count
# name 1 = prDM: Pressure, Digiquartz [db]
# name 2 = t090C: Temperature [ITS-90, deg C]
# name 3 = t190C: Temperature, 2 [ITS-90, deg C]
# name 4 = c0S/m: Conductivity [S/m]
# name 5 = c1S/m: Conductivity, 2 [S/m]
# name 6 = sbeox0V: Oxygen raw, SBE 43 [V]
# name 7 = sbeox1V: Oxygen raw, SBE 43, 2 [V]
# name 8 = ph: pH
# name 9 = flECO-AFL: Fluorescence, WET Labs ECO-AFL/FL [mg/m^3]
# name 10 = wetCDOM: Fluorescence, WET Labs CDOM [mg/m^3]
# name 11 = par/sat/log: PAR/Logarithmic, Satlantic [umol photons/m^2/sec]
# name 12 = CStarAt0: Beam Attenuation, WET Labs C-Star [1/m]
# name 13 = CStarTr0: Beam Transmission, WET Labs C-Star [%]
# name 14 = sbeox0ML/L: Oxygen, SBE 43 [ml/l], WS = 2
# name 15 = sbeox1ML/L: Oxygen, SBE 43, 2 [ml/l], WS = 2
# name 16 = sal00: Salinity, Practical [PSU]
# name 17 = sal11: Salinity, Practical, 2 [PSU]
# name 18 = sigma-t00: Density [sigma-t, kg/m^3 ]
# name 19 = sigma-t11: Density, 2 [sigma-t, kg/m^3 ]
# name 20 = oxsatML/L: Oxygen Saturation, Weiss [ml/l]
# name 21 = flag: flag
# span 0 =         53,      20594       
# span 1 =      2.929,     79.509       
# span 2 =     0.4704,     5.5707       
# span 3 =     0.4631,     5.5655       
# span 4 =   2.792775,   3.127597       
# span 5 =   2.792191,   3.127009       
# span 6 =     1.6117,     2.1951       
# span 7 =     1.8819,     2.6147       
# span 8 =      7.855,      8.144       
# span 9 =     1.2309,     4.8125       
# span 10 =    -2.8130,   482.1870      
# span 11 = 1.0703e-01, 6.3620e-01      
# span 12 =     0.1628,     0.3655      
# span 13 =    91.2665,    96.0125      
# span 14 =     4.9446,     7.0719      
# span 15 =     5.0221,     7.2231      
# span 16 =    31.9275,    33.0350      
# span 17 =    31.9263,    33.0830      
# span 18 =    25.1773,    26.4836      
# span 19 =    25.1771,    26.5105      
# span 20 =    7.13486,    8.05560      
# span 21 = 0.0000e+00, 0.0000e+00      
# interval = scans: 3                   
# start_time = Nov 25 2020 19:42:34 [System UTC, header]
# bad_flag = -9.990e-29
*END*
[from data line 1317]
      17949      8.312     5.4741     5.4784   3.120067   3.120143     2.1882     2.6095      8.144     4.6090     2.1614 1.0715e-01     0.1835    95.5171     7.0208     7.2023    31.9350    31.9318    25.1932    25.1902    7.15121 0.0000e+00
      17952      8.263     5.4726     5.4778   3.119923   3.120164     2.1886     2.6099      8.144     4.5988     2.1614 1.0715e-01     0.1860    95.4562     7.0283     7.2061    31.9348    31.9326    25.1932    25.1908    7.15147 0.0000e+00
      17955      8.213     5.4739     5.4796   3.120013   3.120249     2.1882     2.6107      8.144     4.5887     2.1614 1.0715e-01     0.1933    95.2824     7.0329     7.2096    31.9346    31.9319    25.1929    25.1901    7.15126 0.0000e+00
      17958      8.163     5.4756     5.4798   3.120076   3.120182     2.1882     2.6107      8.144     4.5988     2.1614 1.0715e-01     0.1933    95.2824     7.0360     7.2096    31.9338    31.9310    25.1920    25.1893    7.15101 0.0000e+00
      17961      8.113     5.4750     5.4773   3.120102   3.120018     2.1886     2.6107      8.144     4.5988     2.1614 1.0715e-01     0.1933    95.2824     7.0393     7.2127    31.9347    31.9315    25.1928    25.1901    7.15107 0.0000e+00
      17964      8.063     5.4777     5.4766   3.120341   3.119974     2.1882     2.6115      8.144     4.5785   278.3172 1.0715e-01     0.1933    95.2824     7.0375     7.2166    31.9348    31.9317    25.1925    25.1903    7.15060 0.0000e+00
      17967      8.013     5.4810     5.4761   3.120563   3.119883     2.1882     2.6107      8.144     4.6090   481.6343 1.0727e-01     0.1933    95.2824     7.0381     7.2127    31.9342    31.9312    25.1917    25.1899    7.15006 0.0000e+00
      17970      7.963     5.4813     5.4737   3.120480   3.119722     2.1886     2.6111      8.144     4.5988   480.9632 1.0715e-01     0.1933    95.2824     7.0416     7.2131    31.9330    31.9316    25.1908    25.1905    7.15006 0.0000e+00
      17973      7.910     5.4787     5.4735   3.120305   3.119711     2.1882     2.6115      8.144     4.4055   481.2395 1.0715e-01     0.2006    95.1085     7.0414     7.2144    31.9335    31.9317    25.1915    25.1906    7.15049 0.0000e+00
      17976      7.858     5.4791     5.4733   3.120374   3.119625     2.1890     2.6119      8.144     4.3241   481.3579 1.0715e-01     0.2076    94.9434     7.0450     7.2148    31.9339    31.9310    25.1917    25.1900    7.15040 0.0000e+00
      17979      7.805     5.4792     5.4729   3.120344   3.119666     2.1890     2.6119      8.144     4.3343   481.2790 1.0727e-01     0.2076    94.9434     7.0464     7.2146    31.9335    31.9319    25.1914    25.1908    7.15040 0.0000e+00
      17982      7.752     5.4788     5.4730   3.120302   3.119660     2.1882     2.6119      8.144     4.3546   481.3579 1.0715e-01     0.2076    94.9434     7.0435     7.2151    31.9335    31.9318    25.1914    25.1907    7.15047 0.0000e+00
      17985      7.701     5.4786     5.4733   3.120273   3.119708     2.1886     2.6131      8.144     4.3343   481.2790 1.0715e-01     0.2076    94.9434     7.0452     7.2183    31.9334    31.9320    25.1913    25.1909    7.15051 0.0000e+00
      17988      7.650     5.4786     5.4728   3.120269   3.119648     2.1886     2.6123      8.144     4.3445   481.0026 1.0715e-01     0.2076    94.9434     7.0468     7.2151    31.9334    31.9319    25.1914    25.1908    7.15052 0.0000e+00
      17991      7.605     5.4786     5.4728   3.120271   3.119665     2.1894     2.6119      8.144     4.3445    83.9619 1.0727e-01     0.2076    94.9434     7.0496     7.2142    31.9334    31.9320    25.1914    25.1910    7.15052 0.0000e+00
      17994      7.562     5.4782     5.4736   3.120239   3.119706     2.1894     2.6123      8.144     4.3343    18.2293 1.0715e-01     0.2113    94.8565     7.0508     7.2144    31.9334    31.9318    25.1914    25.1907    7.15058 0.0000e+00
      17997      7.520     5.4782     5.4748   3.120195   3.119821     2.1894     2.6131      8.144     4.3445    20.8744 1.0715e-01     0.2120    94.8391     7.0518     7.2153    31.9330    31.9320    25.1911    25.1907    7.15061 0.0000e+00
      18000      7.480     5.4780     5.4752   3.120231   3.119835     2.1890     2.6131      8.144     4.2122    20.7560 1.0727e-01     0.2120    94.8391     7.0491     7.2155    31.9335    31.9318    25.1915    25.1905    7.15060 0.0000e+00
      18003      7.444     5.4784     5.4745   3.120246   3.119775     2.1898     2.6131      8.144     4.1919    20.7560 1.0727e-01     0.2120    94.8391     7.0541     7.2160    31.9334    31.9318    25.1914    25.1906    7.15055 0.0000e+00
      18006      7.410     5.4786     5.4740   3.120239   3.119751     2.1894     2.6135      8.144     4.1715    20.7165 1.0715e-01     0.2120    94.8391     7.0521     7.2171    31.9332    31.9319    25.1912    25.1907    7.15053 0.0000e+00
      18009      7.380     5.4788     5.4741   3.120271   3.119744     2.1894     2.6131      8.144     4.2020    20.7560 1.0727e-01     0.2124    94.8304     7.0520     7.2156    31.9333    31.9318    25.1912    25.1906    7.15048 0.0000e+00
      18012      7.349     5.4790     5.4742   3.120279   3.119749     2.1902     2.6131      8.144     4.2020    20.7165 1.0715e-01     0.2124    94.8304     7.0539     7.2148    31.9332    31.9318    25.1912    25.1906    7.15045 0.0000e+00
      18015      7.321     5.4789     5.4740   3.120244   3.119722     2.1898     2.6143      8.144     4.1919    87.4756 1.0715e-01     0.2160    94.7435     7.0508     7.2177    31.9329    31.9317    25.1909    25.1905    7.15048 0.0000e+00
      18018      7.293     5.4790     5.4741   3.120297   3.119741     2.1906     2.6135      8.144     4.1919   471.1329 1.0715e-01     0.2164    94.7348     7.0534     7.2132    31.9334    31.9319    25.1913    25.1907    7.15044 0.0000e+00
      18021      7.263     5.4791     5.4743   3.120299   3.119739     2.1902     2.6131      8.144     4.1715   481.4369 1.0715e-01     0.2160    94.7435     7.0512     7.2118    31.9334    31.9317    25.1913    25.1905    7.15043 0.0000e+00
      18024      7.235     5.4792     5.4742   3.120276   3.119706     2.1902     2.6147      8.144     4.2834   481.2000 1.0715e-01     0.2157    94.7521     7.0506     7.2156    31.9331    31.9313    25.1911    25.1902    7.15043 0.0000e+00
      18027      7.203     5.4786     5.4738   3.120232   3.119671     2.1902     2.6143      8.144     4.5988   481.3184 1.0715e-01     0.2160    94.7435     7.0517     7.2113    31.9331    31.9314    25.1912    25.1904    7.15052 0.0000e+00
      18030      7.170     5.4782     5.4719   3.120199   3.119524     2.1906     2.6143      8.144     4.5785   481.3579 1.0715e-01     0.2157    94.7521     7.0541     7.2077    31.9332    31.9315    25.1912    25.1907    7.15060 0.0000e+00
      18033      7.133     5.4780     5.4728   3.120148   3.119594     2.1910     2.6139      8.144     4.5988   481.3184 1.0715e-01     0.2157    94.7522     7.0548     7.2027    31.9328    31.9314    25.1910    25.1905    7.15065 0.0000e+00
      18036      7.091     5.4782     5.4727   3.120162   3.119627     2.1902     2.6135      8.144     4.5988   481.3579 1.0715e-01     0.2131    94.8130     7.0506     7.1972    31.9328    31.9320    25.1909    25.1909    7.15061 0.0000e+00
      18039      7.045     5.4785     5.4710   3.120245   3.119439     2.1906     2.6143      8.144     4.5887   481.3579 1.0727e-01     0.2131    94.8130     7.0525     7.1971    31.9334    31.9315    25.1914    25.1907    7.15052 0.0000e+00
      18042      6.994     5.4788     5.4706   3.120249   3.119429     2.1902     2.6143      8.144     4.5988   481.3184 1.0715e-01     0.2131    94.8130     7.0520     7.1943    31.9332    31.9317    25.1912    25.1910    7.15048 0.0000e+00
      18045      6.940     5.4786     5.4736   3.120208   3.119599     2.1906     2.6147      8.144     4.5785   481.3184 1.0727e-01     0.2131    94.8130     7.0562     7.1899    31.9330    31.9309    25.1910    25.1899    7.15053 0.0000e+00
      18048      6.884     5.4787     5.4745   3.120250   3.119710     2.1910     2.6131      8.144     4.5988   481.3184 1.0727e-01     0.2131    94.8130     7.0578     7.1792    31.9334    31.9313    25.1914    25.1902    7.15050 0.0000e+00
      18051      6.825     5.4787     5.4737   3.120189   3.119652     2.1918     2.6127      8.144     4.4361   481.3184 1.0715e-01     0.2131    94.8130     7.0612     7.1739    31.9327    31.9315    25.1908    25.1904    7.15052 0.0000e+00
      18054      6.760     5.4787     5.4743   3.120197   3.119733     2.1910     2.6119      8.144     4.3038   481.3184 1.0715e-01     0.2153    94.7608     7.0579     7.1686    31.9329    31.9319    25.1910    25.1906    7.15052 0.0000e+00
      18057      6.689     5.4786     5.4747   3.120204   3.119749     2.1914     2.6123      8.142     4.3140   481.3579 1.0715e-01     0.2168    94.7261     7.0590     7.1691    31.9331    31.9316    25.1911    25.1904    7.15053 0.0000e+00
      18060      6.615     5.4782     5.4748   3.120209   3.119741     2.1910     2.6119      8.144     4.3140   481.3579 1.0727e-01     0.2171    94.7174     7.0571     7.1662    31.9336    31.9315    25.1916    25.1903    7.15058 0.0000e+00
      18063      6.533     5.4780     5.4743   3.120168   3.119694     2.1918     2.6119      8.144     4.3140   481.3184 1.0715e-01     0.2164    94.7348     7.0585     7.1665    31.9334    31.9315    25.1914    25.1904    7.15062 0.0000e+00
      18066      6.443     5.4781     5.4744   3.120191   3.119732     2.1922     2.6107      8.144     4.3140   481.2790 1.0727e-01     0.2164    94.7348     7.0600     7.1630    31.9336    31.9319    25.1916    25.1906    7.15060 0.0000e+00
      18069      6.349     5.4783     5.4744   3.120212   3.119692     2.1922     2.6099      8.144     4.3038   481.3579 1.0715e-01     0.2164    94.7348     7.0591     7.1626    31.9336    31.9314    25.1916    25.1903    7.15056 0.0000e+00
      18072      6.251     5.4787     5.4746   3.120226   3.119745     2.1918     2.6095      8.144     4.3140   481.2790 1.0715e-01     0.2168    94.7261     7.0563     7.1639    31.9335    31.9319    25.1914    25.1906    7.15049 0.0000e+00
      18075      6.154     5.4791     5.4744   3.120225   3.119680     2.1918     2.6086      8.144     4.3038   481.3579 1.0740e-01     0.2076    94.9434     7.0558     7.1637    31.9331    31.9314    25.1911    25.1903    7.15044 0.0000e+00
      18078      6.046     5.4793     5.4746   3.120232   3.119687     2.1922     2.6091      8.144     4.2630   481.2790 1.0715e-01     0.2058    94.9868     7.0576     7.1669    31.9331    31.9313    25.1910    25.1902    7.15042 0.0000e+00
      18081      5.935     5.4792     5.4747   3.120224   3.119700     2.1914     2.6095      8.144     4.2427   481.3579 1.0715e-01     0.2054    94.9955     7.0524     7.1699    31.9332    31.9315    25.1911    25.1903    7.15043 0.0000e+00
      18084      5.824     5.4788     5.4747   3.120117   3.119658     2.1918     2.6091      8.144     4.2427   481.3579 1.0715e-01     0.2054    94.9955     7.0534     7.1700    31.9323    31.9311    25.1905    25.1900    7.15053 0.0000e+00
      18087      5.715     5.4788     5.4742   3.120136   3.119685     2.1922     2.6091      8.144     4.2427   481.3184 1.0715e-01     0.2054    94.9955     7.0542     7.1741    31.9326    31.9318    25.1907    25.1906    7.15052 0.0000e+00
      18090      5.601     5.4797     5.4741   3.120142   3.119654     2.1922     2.6082      8.144     4.2630   481.3579 1.0715e-01     0.2058    94.9868     7.0540     7.1762    31.9319    31.9317    25.1901    25.1905    7.15040 0.0000e+00
      18093      5.485     5.4802     5.4741   3.120267   3.119610     2.1931     2.6082      8.144     4.2427   468.4088 1.0740e-01     0.2050    95.0042     7.0603     7.1790    31.9329    31.9312    25.1908    25.1902    7.15027 0.0000e+00
      18096      5.366     5.4804     5.4747   3.120294   3.119731     2.1922     2.6082      8.144     4.2529    47.7991 1.0715e-01     0.1992    95.1433     7.0585     7.1805    31.9331    31.9321    25.1909    25.1908    7.15022 0.0000e+00
      18099      5.249     5.4799     5.4768   3.120255   3.119756     2.1922     2.6086      8.144     4.2427     5.1223 1.0727e-01     0.1988    95.1520     7.0593     7.1820    31.9331    31.9305    25.1910    25.1893    7.15030 0.0000e+00
      18102      5.137     5.4805     5.4783   3.120318   3.119933     2.1922     2.6082      8.144     4.2020     7.7279 1.0752e-01     0.1988    95.1520     7.0593     7.1820    31.9334    31.9311    25.1911    25.1896    7.15020 0.0000e+00
      18105      5.028     5.4814     5.4778   3.120400   3.119890     2.1922     2.6074      8.144     3.7136     7.6095 1.0891e-01     0.1988    95.1520     7.0577     7.1824    31.9334    31.9311    25.1911    25.1897    7.15002 0.0000e+00
      18108      4.924     5.4823     5.4776   3.120429   3.119862     2.1931     2.6078      8.144     3.6933     7.6095 1.0715e-01     0.1988    95.1520     7.0597     7.1863    31.9330    31.9310    25.1906    25.1896    7.14990 0.0000e+00
      18111      4.827     5.4821     5.4772   3.120383   3.119844     2.1922     2.6086      8.144     3.6831     7.6095 1.0727e-01     0.1988    95.1520     7.0558     7.1912    31.9327    31.9313    25.1905    25.1898    7.14995 0.0000e+00
      18114      4.738     5.4816     5.4761   3.120390   3.119759     2.1931     2.6086      8.144     3.6933     7.6095 1.0727e-01     0.2047    95.0129     7.0591     7.1929    31.9333    31.9314    25.1910    25.1901    7.15001 0.0000e+00
      18117      4.660     5.4824     5.4755   3.120432   3.119745     2.1939     2.6086      8.144     3.6831     7.6095 1.0765e-01     0.2153    94.7608     7.0617     7.1940    31.9331    31.9319    25.1907    25.1905    7.14988 0.0000e+00
      18120      4.596     5.4824     5.4755   3.120475   3.119684     2.1931     2.6082      8.144     3.6933     9.4650 1.0765e-01     0.2142    94.7869     7.0613     7.1940    31.9336    31.9312    25.1911    25.1900    7.14986 0.0000e+00
      18123      4.548     5.4828     5.4760   3.120462   3.119774     2.1935     2.6082      8.144     3.7035    16.7291 1.1119e-01     0.2146    94.7782     7.0642     7.1952    31.9331    31.9317    25.1906    25.1904    7.14980 0.0000e+00
      20148      4.509     5.4742     5.4690   3.119765   3.119199     2.1939     2.6095      8.144     3.7441   481.3579 1.0715e-01     0.2043    95.0216     7.0506     7.1929    31.9333    31.9319    25.1918    25.1912    7.15127 0.0000e+00
      20151      4.466     5.4741     5.4690   3.119799   3.119203     2.1943     2.6099      8.144     3.7645   481.3579 1.0715e-01     0.2039    95.0303     7.0497     7.1973    31.9339    31.9320    25.1923    25.1913    7.15127 0.0000e+00
      20154      4.426     5.4738     5.4694   3.119783   3.119244     2.1943     2.6091      8.144     3.7543   481.3579 1.2647e-01     0.2036    95.0390     7.0492     7.1959    31.9340    31.9321    25.1924    25.1914    7.15131 0.0000e+00
      20285      4.395     5.4723     5.4697   3.119620   3.119260     2.1923     2.6099      8.144     3.9476   324.6261 1.9555e-01     0.1944    95.2563     7.0439     7.1815    31.9336    31.9320    25.1922    25.1913    7.15158 0.0000e+00
      20544      4.338     5.4707     5.4685   3.119467   3.119172     2.1906     2.6078      8.144     4.3546    11.2810 2.8696e-01     0.1817    95.5605     7.0425     7.1365    31.9334    31.9322    25.1923    25.1916    7.15187 0.0000e+00
      20547      4.261     5.4704     5.4681   3.119461   3.119163     2.1906     2.6066      8.144     4.3343    11.2021 1.3422e-01     0.1813    95.5692     7.0425     7.1326    31.9337    31.9325    25.1925    25.1918    7.15191 0.0000e+00
