Datasets/AZMP/HUD120/hud120_2020_019.cnv
* Sea-Bird SBE 9 Data File:
* FileName = C:\CTDDATA\hud120_2020_019.hex
* Software Version Seasave V 7.26.7.110
* Temperature SN = 1697
* Conductivity SN = 4216
* Number of Bytes Per Scan = 30
* Number of Voltage Words = 4
* Number of Scans Averaged by the Deck Unit = 1
* NMEA baud rate = 4800
** VESSEL/TRIP/SEQ STN:  hud120_2020_019
** LATITUDE XX XX.XX: 46 04.20 N
** LONGITUDE XX XX.XX: 052 30.00 W
** SOUNDING DEPTH (M): 0091
** PROBE TYPE: S1146
** CTD NUMBER: 009
** FORMAT: V
** COMMENTS (14 CHAR): SEGB-05
** BOTTLES:  8
** LEVELS: 5,10,20,30,40,50,75,BTM
** STICKERS: 439573 - 439580
** VNET: Y
** DO2: N
# nquan = 22
# nvalues = 1623                        
# units = specified
# name 0 = scan: Scan Count
# name 1 = prDM: Pressure, Digiquartz [db]
# name 2 = t090C: Temperature [ITS-90, deg C]
# name 3 = t190C: Temperature, 2 [ITS-90, deg C]
# name 4 = c0S/m: Conductivity [S/m]
# name 5 = c1S/m: Conductivity, 2 [S/m]
# name 6 = sbeox0V: Oxygen raw, SBE 43 [V]
# name 7 = sbeox1V: Oxygen raw, SBE 43, 2 [V]
# name 8 = ph: pH
# name 9 = flECO-AFL: Fluorescence, WET Labs ECO-AFL/FL [mg/m^3]
# name 10 = wetCDOM: Fluorescence, WET Labs CDOM [mg/m^3]
# name 11 = par/sat/log: PAR/Logarithmic, Satlantic [umol photons/m^2/sec]
# name 12 = CStarAt0: Beam Attenuation, WET Labs C-Star [1/m]
# name 13 = CStarTr0: Beam Transmission, WET Labs C-Star [%]
# name 14 = sbeox0ML/L: Oxygen, SBE 43 [ml/l], WS = 2
# name 15 = sbeox1ML/L: Oxygen, SBE 43, 2 [ml/l], WS = 2
# name 16 = sal00: Salinity, Practical [PSU]
# name 17 = sal11: Salinity, Practical, 2 [PSU]
# name 18 = sigma-t00: Density [sigma-t, kg/m^3 ]
# name 19 = sigma-t11: Density, 2 [sigma-t, kg/m^3 ]
# name 20 = oxsatML/L: Oxygen Saturation, Weiss [ml/l]
# name 21 = flag: flag
# span 0 =         27,      24065       
# span 1 =      2.058,     86.785       
# span 2 =    -0.0735,    10.0661       
# span 3 =    -0.0784,    10.0618       
# span 4 =   2.762082,   3.531414       
# span 5 =   2.761785,   3.530948       
# span 6 =     1.7599,     2.2041       
# span 7 =     2.0684,     2.6177       
# span 8 =      7.795,      8.116       
# span 9 =     1.1292,     7.2342       
# span 10 =    -2.8130,   482.1870      
# span 11 = 1.0629e-01, 9.5006e-01      
# span 12 =     0.0928,     0.2673      
# span 13 =    93.5352,    97.7075      
# span 14 =     5.6191,     6.6050      
# span 15 =     5.4264,     7.1061      
# span 16 =    32.0746,    33.1615      
# span 17 =    32.0780,    33.1625      
# span 18 =    24.6872,    26.6223      
# span 19 =    24.6872,    26.6220      
# span 20 =    6.42571,    8.16308      
# span 21 = 0.0000e+00, 0.0000e+00      
# interval = scans: 3                   
# start_time = Nov 17 2020 21:11:50 [System UTC, header]
# bad_flag = -9.990e-29
*END*
[from data line 593]
       2289     71.613     0.2744     0.1627   2.785680   2.777720     1.8184     2.1395      7.861     1.3123    14.8736 1.0727e-01     0.1389    96.5862     6.3421     6.4539    33.0946    33.1106    26.5545    26.5731    8.09125 0.0000e+00
       2292     71.685     0.2158     0.1448   2.780077   2.776516     1.8188     2.1399      7.861     1.2920    14.8341 1.0727e-01     0.1386    96.5949     6.3523     6.4642    33.0843    33.1141    26.5491    26.5768    8.10439 0.0000e+00
       2295     71.764     0.1548     0.1261   2.776569   2.775257     1.8168     2.1399      7.861     1.3021    14.8341 1.0727e-01     0.1389    96.5862     6.3536     6.4699    33.1040    33.1177    26.5681    26.5806    8.11644 0.0000e+00
       2298     71.857     0.1245     0.1131   2.775160   2.774499     1.8172     2.1395      7.861     1.3123    14.8341 1.0715e-01     0.1429    96.4906     6.3623     6.4734    33.1181    33.1217    26.5810    26.5845    8.12219 0.0000e+00
       2301     71.952     0.1147     0.1076   2.774814   2.774227     1.8180     2.1391      7.861     1.2411    14.8341 1.0715e-01     0.1443    96.4558     6.3708     6.4798    33.1241    33.1240    26.5863    26.5866    8.12396 0.0000e+00
       2304     72.052     0.1097     0.1020   2.774348   2.773746     1.8168     2.1391      7.861     1.2105    14.8341 1.0715e-01     0.1443    96.4558     6.3704     6.4886    33.1232    33.1237    26.5859    26.5866    8.12508 0.0000e+00
       2307     72.158     0.1022     0.0942   2.773778   2.773199     1.8172     2.1383      7.861     1.2105   357.1569 1.0740e-01     0.1443    96.4558     6.3767     6.4908    33.1239    33.1249    26.5867    26.5880    8.12668 0.0000e+00
       2310     72.271     0.0928     0.0868   2.773047   2.772656     1.8164     2.1399      7.861     1.2105   482.0686 1.0715e-01     0.1443    96.4558     6.3788     6.5016    33.1243    33.1257    26.5876    26.5890    8.12868 0.0000e+00
       2313     72.387     0.0825     0.0752   2.772289   2.771689     1.8159     2.1391      7.861     1.1902   481.0421 1.0727e-01     0.1443    96.4558     6.3853     6.5035    33.1254    33.1254    26.5890    26.5893    8.13085 0.0000e+00
       2316     72.507     0.0706     0.0632   2.771423   2.770942     1.8151     2.1391      7.861     1.2207   481.3579 1.0715e-01     0.1454    96.4298     6.3844     6.5064    33.1268    33.1285    26.5907    26.5924    8.13334 0.0000e+00
       2319     72.633     0.0576     0.0528   2.770533   2.770150     1.8155     2.1379      7.861     1.2004   481.3579 1.0727e-01     0.1505    96.3081     6.3908     6.5054    33.1291    33.1292    26.5932    26.5935    8.13604 0.0000e+00
       2322     72.765     0.0438     0.0380   2.769513   2.769056     1.8159     2.1383      7.861     1.2004   481.3579 1.0715e-01     0.1498    96.3255     6.3948     6.5113    33.1305    33.1308    26.5949    26.5954    8.13894 0.0000e+00
       2325     72.900     0.0351     0.0268   2.769110   2.768489     1.8159     2.1399      7.861     1.2207   481.3579 1.0715e-01     0.1498    96.3255     6.3963     6.5223    33.1345    33.1353    26.5986    26.5997    8.14060 0.0000e+00
       2328     73.041     0.0315     0.0239   2.768957   2.768333     1.8155     2.1391      7.861     1.2105   481.3579 1.0727e-01     0.1498    96.3255     6.3975     6.5205    33.1362    33.1363    26.6002    26.6007    8.14128 0.0000e+00
       2331     73.184     0.0295     0.0232   2.768867   2.768329     1.8151     2.1387      7.861     1.2207   446.9322 1.0715e-01     0.1498    96.3255     6.3982     6.5186    33.1372    33.1369    26.6011    26.6012    8.14167 0.0000e+00
       2334     73.328     0.0296     0.0233   2.768887   2.768348     1.8147     2.1391      7.861     1.2004    27.1911 1.0727e-01     0.1498    96.3255     6.4002     6.5201    33.1372    33.1370    26.6011    26.6012    8.14164 0.0000e+00
       2337     73.475     0.0292     0.0226   2.768893   2.768297     1.8151     2.1391      7.861     1.2105    -2.4182 1.0715e-01     0.1541    96.2211     6.4055     6.5228    33.1377    33.1370    26.6015    26.6012    8.14171 0.0000e+00
       2340     73.621     0.0299     0.0223   2.768881   2.768301     1.8143     2.1391      7.861     1.2004    -0.8785 1.0715e-01     0.1617    96.0386     6.4027     6.5237    33.1367    33.1373    26.6007    26.6015    8.14162 0.0000e+00
       2343     73.767     0.0292     0.0221   2.768910   2.768254     1.8143     2.1383      7.861     1.2207    -0.9180 1.0715e-01     0.1617    96.0386     6.4007     6.5202    33.1378    33.1368    26.6016    26.6011    8.14171 0.0000e+00
       2346     73.914     0.0257     0.0191   2.768671   2.768093     1.8147     2.1395      7.861     1.2207    -0.9180 1.0715e-01     0.1613    96.0473     6.4027     6.5236    33.1383    33.1379    26.6021    26.6021    8.14243 0.0000e+00
       2349     74.062     0.0225     0.0160   2.768552   2.767967     1.8131     2.1391      7.861     1.2105    -0.9180 1.0715e-01     0.1617    96.0386     6.3962     6.5229    33.1400    33.1394    26.6037    26.6035    8.14302 0.0000e+00
       2352     74.206     0.0212     0.0148   2.768495   2.767881     1.8139     2.1391      7.861     1.2004    -0.9180 1.0715e-01     0.1613    96.0473     6.4034     6.5240    33.1407    33.1395    26.6043    26.6036    8.14328 0.0000e+00
       2355     74.350     0.0211     0.0147   2.768492   2.767879     1.8143     2.1391      7.861     1.1902    -0.9180 1.0715e-01     0.1613    96.0473     6.4082     6.5239    33.1406    33.1395    26.6042    26.6037    8.14329 0.0000e+00
       2358     74.492     0.0207     0.0146   2.768426   2.767893     1.8143     2.1391      7.861     1.1902   130.9815 1.0715e-01     0.1660    95.9343     6.4093     6.5254    33.1401    33.1397    26.6038    26.6038    8.14341 0.0000e+00
       2361     74.630     0.0199     0.0143   2.768433   2.767933     1.8143     2.1391      7.861     1.1902   482.1870 1.0727e-01     0.1697    95.8474     6.4121     6.5252    33.1410    33.1404    26.6046    26.6044    8.14353 0.0000e+00
       2364     74.765     0.0200     0.0143   2.768432   2.767948     1.8143     2.1391      7.861     1.1902   480.8052 1.0715e-01     0.1693    95.8561     6.4129     6.5250    33.1408    33.1406    26.6045    26.6046    8.14353 0.0000e+00
       2367     74.899     0.0206     0.0145   2.768549   2.767982     1.8131     2.1391      7.861     1.1699   481.3184 1.0715e-01     0.1693    95.8561     6.4069     6.5219    33.1417    33.1407    26.6051    26.6046    8.14336 0.0000e+00
       2370     75.030     0.0211     0.0144   2.768546   2.768001     1.8131     2.1399      7.861     1.1800   481.3579 1.0715e-01     0.1693    95.8561     6.4082     6.5228    33.1410    33.1410    26.6045    26.6049    8.14328 0.0000e+00
       2373     75.156     0.0206     0.0142   2.768564   2.767980     1.8131     2.1391      7.861     1.1902   481.3579 1.0715e-01     0.1693    95.8561     6.4110     6.5215    33.1417    33.1409    26.6051    26.6048    8.14335 0.0000e+00
       2376     75.282     0.0201     0.0134   2.768531   2.767940     1.8139     2.1387      7.861     1.1902   481.3579 1.0715e-01     0.1700    95.8387     6.4126     6.5200    33.1417    33.1412    26.6052    26.6050    8.14345 0.0000e+00
       2379     75.401     0.0188     0.0124   2.768373   2.767849     1.8131     2.1395      7.861     1.2004   481.3579 1.0715e-01     0.1758    95.6996     6.4081     6.5233    33.1410    33.1410    26.6047    26.6049    8.14378 0.0000e+00
       2382     75.520     0.0152     0.0091   2.768038   2.767531     1.8139     2.1395      7.861     1.2411   481.3579 1.0715e-01     0.1769    95.6735     6.4140     6.5240    33.1404    33.1403    26.6043    26.6046    8.14460 0.0000e+00
       2385     75.635     0.0106     0.0022   2.767694   2.767029     1.8131     2.1391      7.861     1.2513   226.7971 1.0715e-01     0.1765    95.6822     6.4117     6.5237    33.1407    33.1411    26.6048    26.6056    8.14557 0.0000e+00
       2388     75.750     0.0064    -0.0013   2.767486   2.766859     1.8131     2.1391      7.862     1.2513     6.5435 1.0715e-01     0.1765    95.6822     6.4142     6.5243    33.1425    33.1425    26.6064    26.6068    8.14639 0.0000e+00
       2391     75.863     0.0038    -0.0027   2.767339   2.766780     1.8131     2.1379      7.862     1.2411    15.5447 1.0715e-01     0.1765    95.6822     6.4158     6.5198    33.1433    33.1429    26.6072    26.6073    8.14690 0.0000e+00
       2394     75.973     0.0040    -0.0033   2.767408   2.766740     1.8135     2.1395      7.862     1.2513    15.0710 1.0715e-01     0.1762    95.6909     6.4171     6.5272    33.1439    33.1430    26.6077    26.6073    8.14683 0.0000e+00
       2397     76.081     0.0042    -0.0025   2.767467   2.766823     1.8135     2.1391      7.862     1.2513    15.1105 1.0715e-01     0.1784    95.6387     6.4156     6.5278    33.1444    33.1431    26.6081    26.6074    8.14675 0.0000e+00
       2400     76.187     0.0044    -0.0029   2.767446   2.766797     1.8127     2.1391      7.860     1.2411    15.1105 1.0715e-01     0.1860    95.4562     6.4110     6.5272    33.1439    33.1432    26.6077    26.6075    8.14674 0.0000e+00
       2403     76.293     0.0038    -0.0036   2.767306   2.766701     1.8131     2.1391      7.862     1.2411    15.1105 1.0715e-01     0.1860    95.4562     6.4159     6.5287    33.1426    33.1426    26.6067    26.6071    8.14694 0.0000e+00
       2406     76.400     0.0009    -0.0055   2.767093   2.766633     1.8127     2.1391      7.862     1.2411    15.1105 1.0715e-01     0.1863    95.4475     6.4165     6.5311    33.1429    33.1437    26.6071    26.6080    8.14756 0.0000e+00
       2409     76.503    -0.0014    -0.0068   2.767044   2.766523     1.8127     2.1391      7.859     1.2309    15.0710 1.0727e-01     0.1860    95.4562     6.4194     6.5328    33.1446    33.1437    26.6085    26.6080    8.14795 0.0000e+00
       2412     76.606    -0.0008    -0.0067   2.767151   2.766544     1.8127     2.1391      7.860     1.2309     4.9249 1.0715e-01     0.1863    95.4475     6.4197     6.5332    33.1453    33.1437    26.6091    26.6081    8.14779 0.0000e+00
       2415     76.706     0.0001    -0.0066   2.767201   2.766577     1.8127     2.1391      7.862     1.2411     2.9114 1.0715e-01     0.1856    95.4649     6.4214     6.5310    33.1449    33.1440    26.6087    26.6083    8.14761 0.0000e+00
       2418     76.804     0.0002    -0.0064   2.767180   2.766604     1.8131     2.1395      7.857     1.2309     2.9904 1.0715e-01     0.1885    95.3954     6.4241     6.5298    33.1445    33.1440    26.6084    26.6083    8.14761 0.0000e+00
       2421     76.900    -0.0008    -0.0068   2.767070   2.766576     1.8123     2.1391      7.859     1.2207     2.9904 1.0715e-01     0.1933    95.2824     6.4202     6.5289    33.1441    33.1441    26.6081    26.6083    8.14785 0.0000e+00
       2424     76.995    -0.0025    -0.0086   2.766944   2.766416     1.8131     2.1391      7.860     1.2513     2.9904 1.0715e-01     0.1933    95.2824     6.4239     6.5288    33.1443    33.1439    26.6084    26.6083    8.14822 0.0000e+00
       2427     77.089    -0.0081    -0.0098   2.766402   2.766355     1.8131     2.1399      7.857     1.2411     2.9904 1.0715e-01     0.1929    95.2911     6.4255     6.5316    33.1431    33.1443    26.6077    26.6087    8.14950 0.0000e+00
       2430     77.183    -0.0130    -0.0127   2.765971   2.766103     1.8131     2.1391      7.860     1.2309     2.9904 1.0715e-01     0.1933    95.2824     6.4279     6.5297    33.1426    33.1441    26.6075    26.6087    8.15058 0.0000e+00
       2433     77.277    -0.0212    -0.0224   2.765475   2.765202     1.8131     2.1399      7.859     1.2004     2.9904 1.0715e-01     0.1929    95.2911     6.4293     6.5353    33.1449    33.1427    26.6097    26.6080    8.15223 0.0000e+00
       2436     77.374    -0.0242    -0.0298   2.765541   2.764864     1.8131     2.1387      7.859     1.2105     5.0828 1.0715e-01     0.1929    95.2911     6.4312     6.5300    33.1490    33.1461    26.6132    26.6111    8.15266 0.0000e+00
       2439     77.470    -0.0177    -0.0321   2.766249   2.764730     1.8135     2.1391      7.859     1.1902    18.8610 1.0715e-01     0.1988    95.1520     6.4302     6.5314    33.1512    33.1468    26.6147    26.6118    8.15112 0.0000e+00
       2442     77.565    -0.0135    -0.0349   2.766404   2.764562     1.8127     2.1391      7.857     1.2105    18.9794 1.0715e-01     0.2021    95.0738     6.4237     6.5327    33.1487    33.1476    26.6125    26.6125    8.15036 0.0000e+00
       2445     77.660    -0.0210    -0.0356   2.765489   2.764548     1.8119     2.1391      7.859     1.2207    18.9794 1.0715e-01     0.2021    95.0738     6.4225     6.5333    33.1447    33.1481    26.6095    26.6130    8.15221 0.0000e+00
       2448     77.753    -0.0275    -0.0363   2.765202   2.764511     1.8127     2.1391      7.859     1.2105    18.9794 1.0715e-01     0.2021    95.0738     6.4278     6.5357    33.1479    33.1483    26.6124    26.6132    8.15344 0.0000e+00
       2451     77.846    -0.0298    -0.0357   2.765126   2.764631     1.8131     2.1391      7.857     1.2105    18.9794 1.0715e-01     0.2021    95.0738     6.4349     6.5389    33.1493    33.1492    26.6137    26.6139    8.15386 0.0000e+00
       2454     77.936    -0.0295    -0.0346   2.765139   2.764672     1.8127     2.1395      7.857     1.2207    18.9794 1.0715e-01     0.2021    95.0738     6.4369     6.5450    33.1491    33.1485    26.6136    26.6133    8.15382 0.0000e+00
       2457     78.025    -0.0307    -0.0341   2.765056   2.764699     1.8135     2.1395      7.859     1.2309    18.9794 1.0715e-01     0.2021    95.0738     6.4446     6.5498    33.1492    33.1483    26.6137    26.6131    8.15406 0.0000e+00
       2460     78.110    -0.0310    -0.0346   2.765131   2.764657     1.8135     2.1387      7.857     1.2513    18.9794 1.0715e-01     0.2043    95.0216     6.4477     6.5529    33.1505    33.1481    26.6147    26.6130    8.15405 0.0000e+00
       2463     78.193    -0.0302    -0.0352   2.765123   2.764637     1.8123     2.1391      7.857     1.2818   187.7918 1.0727e-01     0.2043    95.0216     6.4453     6.5569    33.1495    33.1485    26.6139    26.6133    8.15394 0.0000e+00
       2466     78.270    -0.0299    -0.0391   2.765177   2.764263     1.8127     2.1395      7.857     1.2716   482.1870 1.0727e-01     0.2047    95.0129     6.4506     6.5617    33.1498    33.1477    26.6141    26.6129    8.15385 0.0000e+00
       2469     78.341    -0.0320    -0.0420   2.764937   2.764112     1.8131     2.1395      7.857     1.2716   481.2000 1.0715e-01     0.2043    95.0216     6.4509     6.5638    33.1489    33.1488    26.6135    26.6139    8.15436 0.0000e+00
       2472     78.406    -0.0349    -0.0442   2.764767   2.764022     1.8139     2.1403      7.857     1.2716   481.3184 1.0715e-01     0.2043    95.0216     6.4528     6.5681    33.1498    33.1500    26.6143    26.6149    8.15495 0.0000e+00
       2475     78.465    -0.0350    -0.0444   2.764745   2.764040     1.8143     2.1403      7.857     1.2716   481.3579 1.0715e-01     0.2043    95.0216     6.4538     6.5683    33.1496    33.1504    26.6142    26.6153    8.15499 0.0000e+00
       2478     78.516    -0.0363    -0.0438   2.764803   2.764107     1.8139     2.1412      7.857     1.2513   481.3579 1.0715e-01     0.2047    95.0129     6.4530     6.5753    33.1517    33.1507    26.6159    26.6155    8.15514 0.0000e+00
       2481     78.558    -0.0372    -0.0452   2.764825   2.764016     1.8143     2.1416      7.857     1.2513   481.3579 1.0715e-01     0.2043    95.0216     6.4533     6.5803    33.1529    33.1509    26.6170    26.6157    8.15527 0.0000e+00
