Datasets/AZMP/HUD120/hud120_2020_056.cnv
* Sea-Bird SBE 9 Data File:
* FileName = C:\CTDDATA\hud120_2020_056.hex
* Software Version Seasave V 7.26.7.110
* Temperature SN = 1697
* Conductivity SN = 4216
* Number of Bytes Per Scan = 30
* Number of Voltage Words = 4
* Number of Scans Averaged by the Deck Unit = 1
* NMEA baud rate = 4800
** VESSEL/TRIP/SEQ STN:  hud120_2020_056
** LATITUDE XX XX.XX: 47 00.00 N
** LONGITUDE XX XX.XX: 044 46.30 W
** SOUNDING DEPTH (M): 0152
** PROBE TYPE: S1146
** CTD NUMBER: 035
** FORMAT: V
** COMMENTS (14 CHAR): FC-26
** BOTTLES:  09
** LEVELS: 5,10,20,30,40,50,75,100,BTM
** STICKERS: 439719 - 439727
** VNET: Y
** DO2: N
# nquan = 22
# nvalues = 2772                        
# units = specified
# name 0 = scan: Scan Count
# name 1 = prDM: Pressure, Digiquartz [db]
# name 2 = t090C: Temperature [ITS-90, deg C]
# name 3 = t190C: Temperature, 2 [ITS-90, deg C]
# name 4 = c0S/m: Conductivity [S/m]
# name 5 = c1S/m: Conductivity, 2 [S/m]
# name 6 = sbeox0V: Oxygen raw, SBE 43 [V]
# name 7 = sbeox1V: Oxygen raw, SBE 43, 2 [V]
# name 8 = ph: pH
# name 9 = flECO-AFL: Fluorescence, WET Labs ECO-AFL/FL [mg/m^3]
# name 10 = wetCDOM: Fluorescence, WET Labs CDOM [mg/m^3]
# name 11 = par/sat/log: PAR/Logarithmic, Satlantic [umol photons/m^2/sec]
# name 12 = CStarAt0: Beam Attenuation, WET Labs C-Star [1/m]
# name 13 = CStarTr0: Beam Transmission, WET Labs C-Star [%]
# name 14 = sbeox0ML/L: Oxygen, SBE 43 [ml/l], WS = 2
# name 15 = sbeox1ML/L: Oxygen, SBE 43, 2 [ml/l], WS = 2
# name 16 = sal00: Salinity, Practical [PSU]
# name 17 = sal11: Salinity, Practical, 2 [PSU]
# name 18 = sigma-t00: Density [sigma-t, kg/m^3 ]
# name 19 = sigma-t11: Density, 2 [sigma-t, kg/m^3 ]
# name 20 = oxsatML/L: Oxygen Saturation, Weiss [ml/l]
# name 21 = flag: flag
# span 0 =         48,      31204       
# span 1 =      0.587,    148.466       
# span 2 =     3.7393,     7.3712       
# span 3 =     3.7347,     7.3666       
# span 4 =   3.190745,   3.410347       
# span 5 =   3.190464,   3.409299       
# span 6 =     1.8633,     2.2080       
# span 7 =     2.2174,     2.6439       
# span 8 =      7.920,      8.132       
# span 9 =     0.9155,     6.4608       
# span 10 =    -2.8130,   482.1870      
# span 11 = 1.0544e-01, 4.0874e-01      
# span 12 =     0.1099,     0.2807      
# span 13 =    93.2223,    97.2903      
# span 14 =     5.9616,     6.7283      
# span 15 =     6.1299,     6.9291      
# span 16 =    33.2342,    34.4887      
# span 17 =    33.2333,    34.4881      
# span 18 =    25.9787,    27.4060      
# span 19 =    25.9782,    27.4060      
# span 20 =    6.77968,    7.33538      
# span 21 = 0.0000e+00, 0.0000e+00      
# interval = scans: 3                   
# start_time = Nov 23 2020 08:11:42 [System UTC, header]
# bad_flag = -9.990e-29
*END*
[from data line 1910]
      12044     89.216     3.9662     3.9501   3.201310   3.200146     1.9090     2.2782      7.930     0.9867     1.2139 1.0715e-01     0.1188    97.0730     6.1306     6.3288    34.3434    34.3465    27.2673    27.2715    7.30146 0.0000e+00
      12047     89.071     3.9714     3.9594   3.201582   3.200768     1.9086     2.2794      7.932     0.9969     1.2139 1.0715e-01     0.1188    97.0730     6.1267     6.3285    34.3413    34.3442    27.2651    27.2686    7.30063 0.0000e+00
      12050     88.929     3.9749     3.9636   3.201811   3.200933     1.9098     2.2802      7.935     0.9969     1.2139 1.0715e-01     0.1185    97.0817     6.1281     6.3282    34.3404    34.3419    27.2640    27.2664    7.30005 0.0000e+00
      12053     88.789     3.9782     3.9679   3.202037   3.201208     1.9102     2.2807      7.932     1.0579     1.2139 1.0715e-01     0.1185    97.0817     6.1289     6.3269    34.3397    34.3406    27.2631    27.2650    7.29949 0.0000e+00
      12056     88.651     3.9799     3.9717   3.202109   3.201505     1.9098     2.2807      7.935     1.0579     1.2139 1.0715e-01     0.1199    97.0469     6.1260     6.3237    34.3389    34.3403    27.2623    27.2643    7.29923 0.0000e+00
      12059     88.512     3.9838     3.9769   3.202361   3.201758     1.9098     2.2811      7.932     1.0478     1.2139 1.0715e-01     0.1192    97.0643     6.1248     6.3226    34.3378    34.3379    27.2611    27.2618    7.29857 0.0000e+00
      12062     88.378     3.9871     3.9813   3.202483   3.202026     1.9106     2.2823      7.932     1.0681     1.2139 1.0715e-01     0.1195    97.0556     6.1289     6.3229    34.3359    34.3366    27.2592    27.2604    7.29808 0.0000e+00
      12065     88.250     3.9876     3.9838   3.202550   3.202144     1.9114     2.2815      7.935     1.0681     4.6880 1.0715e-01     0.1195    97.0556     6.1328     6.3147    34.3362    34.3355    27.2594    27.2592    7.29797 0.0000e+00
      12068     88.126     3.9897     3.9820   3.202679   3.201991     1.9123     2.2823      7.935     1.0579     5.2802 1.0715e-01     0.1195    97.0556     6.1375     6.3144    34.3357    34.3356    27.2587    27.2595    7.29762 0.0000e+00
      12071     88.009     3.9921     3.9815   3.202786   3.201999     1.9114     2.2811      7.935     1.0681     5.2407 1.0715e-01     0.1195    97.0556     6.1324     6.3076    34.3345    34.3363    27.2576    27.2601    7.29725 0.0000e+00
      12074     87.896     3.9934     3.9838   3.202877   3.202155     1.9114     2.2831      7.933     1.0579     5.2407 1.0715e-01     0.1192    97.0643     6.1306     6.3124    34.3343    34.3358    27.2573    27.2594    7.29703 0.0000e+00
      12077     87.793     3.9946     3.9866   3.202940   3.202311     1.9123     2.2831      7.933     1.0579     5.2407 1.0715e-01     0.1192    97.0643     6.1339     6.3097    34.3338    34.3347    27.2568    27.2583    7.29683 0.0000e+00
      12080     87.697     3.9936     3.9875   3.202901   3.202328     1.9123     2.2823      7.933     1.0579     5.2407 1.0715e-01     0.1174    97.1078     6.1320     6.3060    34.3345    34.3340    27.2574    27.2577    7.29699 0.0000e+00
      12083     87.608     3.9962     3.9876   3.203029   3.202400     1.9123     2.2835      7.935     1.0579     5.2407 1.0715e-01     0.1174    97.1078     6.1284     6.3077    34.3333    34.3348    27.2561    27.2582    7.29657 0.0000e+00
      12086     87.529     3.9951     3.9916   3.202931   3.202636     1.9135     2.2823      7.935     1.0579     5.2407 1.0715e-01     0.1174    97.1078     6.1300     6.3013    34.3333    34.3335    27.2563    27.2568    7.29676 0.0000e+00
      12089     87.458     3.9926     3.9929   3.202722   3.202654     1.9127     2.2827      7.935     1.0579     5.9513 1.0715e-01     0.1174    97.1078     6.1262     6.3014    34.3335    34.3324    27.2567    27.2558    7.29721 0.0000e+00
      12092     87.397     3.9838     3.9932   3.202211   3.202714     1.9135     2.2835      7.935     1.0579     9.9782 1.0715e-01     0.1174    97.1078     6.1322     6.3034    34.3367    34.3328    27.2602    27.2561    7.29863 0.0000e+00
      12095     87.348     3.9794     3.9931   3.201250   3.202669     1.9139     2.2839      7.935     1.0579    10.0177 1.0715e-01     0.1174    97.1078     6.1343     6.3043    34.3299    34.3324    27.2552    27.2558    7.29976 0.0000e+00
      12098     87.313     3.9553     3.9856   3.200542   3.201964     1.9135     2.2835      7.937     1.0681    10.0177 1.0715e-01     0.1163    97.1338     6.1343     6.3017    34.3468    34.3319    27.2711    27.2562    7.30327 0.0000e+00
      12172     87.259     3.9704     3.9564   3.201304   3.200153     1.9188     2.2892      7.940     1.0579   324.1919 1.0715e-01     0.1156    97.1512     6.1592     6.3450    34.3400    34.3410    27.2641    27.2664    7.30087 0.0000e+00
      12210     87.097     3.9690     3.9546   3.201117   3.200240     1.9196     2.2921      7.940     1.0478   481.3579 1.0715e-01     0.1163    97.1338     6.1662     6.3661    34.3393    34.3441    27.2638    27.2690    7.30116 0.0000e+00
      12213     86.916     3.9703     3.9650   3.201519   3.201170     1.9196     2.2912      7.940     1.0681   481.3579 1.0715e-01     0.1163    97.1338     6.1696     6.3647    34.3428    34.3443    27.2665    27.2682    7.30076 0.0000e+00
      12216     86.735     3.9802     3.9813   3.202086   3.202051     1.9200     2.2929      7.940     1.0579   481.3579 1.0715e-01     0.1163    97.1338     6.1722     6.3687    34.3393    34.3378    27.2627    27.2613    7.29915 0.0000e+00
      12219     86.551     3.9926     3.9929   3.203100   3.202785     1.9200     2.2933      7.942     1.0579   481.3579 1.0715e-01     0.1167    97.1251     6.1701     6.3687    34.3385    34.3344    27.2607    27.2574    7.29697 0.0000e+00
      12222     86.365     4.0076     4.0029   3.203893   3.203298     1.9204     2.2933      7.943     1.0579    91.4629 1.0715e-01     0.1163    97.1338     6.1698     6.3666    34.3322    34.3301    27.2541    27.2530    7.29457 0.0000e+00
      12225     86.176     4.0180     4.0095   3.204381   3.203691     1.9208     2.2941      7.942     1.0579    -0.3653 1.0715e-01     0.1163    97.1338     6.1699     6.3662    34.3272    34.3280    27.2491    27.2505    7.29294 0.0000e+00
      12228     85.984     4.0230     4.0150   3.204593   3.203982     1.9212     2.2945      7.943     1.0579     3.1878 1.0715e-01     0.1159    97.1425     6.1693     6.3669    34.3247    34.3258    27.2466    27.2483    7.29219 0.0000e+00
      12231     85.792     4.0273     4.0205   3.204885   3.204335     1.9216     2.2949      7.945     1.0478     2.9904 1.0715e-01     0.1163    97.1338     6.1699     6.3670    34.3237    34.3243    27.2453    27.2465    7.29145 0.0000e+00
      12234     85.603     4.0275     4.0258   3.204625   3.204542     1.9220     2.2957      7.943     1.0579     2.9904 1.0715e-01     0.1163    97.1338     6.1747     6.3719    34.3205    34.3213    27.2428    27.2435    7.29157 0.0000e+00
      12237     85.415     4.0204     4.0229   3.204240   3.204161     1.9233     2.2961      7.945     1.0274     2.9904 1.0715e-01     0.1163    97.1338     6.1817     6.3761    34.3235    34.3200    27.2459    27.2428    7.29270 0.0000e+00
      12240     85.229     4.0137     4.0056   3.203829   3.203009     1.9229     2.2957      7.943     1.0274     2.9904 1.0715e-01     0.1152    97.1599     6.1807     6.3773    34.3258    34.3245    27.2484    27.2482    7.29380 0.0000e+00
      12243     85.042     4.0163     4.0005   3.204260   3.203249     1.9224     2.2969      7.945     1.0274     2.9904 1.0715e-01     0.1145    97.1773     6.1804     6.3828    34.3282    34.3327    27.2501    27.2553    7.29321 0.0000e+00
      12246     84.867     4.0267     4.0160   3.204915   3.204073     1.9233     2.2969      7.945     1.0173     3.2273 1.0715e-01     0.1142    97.1860     6.1823     6.3819    34.3252    34.3264    27.2466    27.2487    7.29149 0.0000e+00
      12249     84.696     4.0382     4.0148   3.205485   3.203737     1.9229     2.2969      7.944     1.0173     4.9249 1.0715e-01     0.1142    97.1860     6.1784     6.3829    34.3200    34.3238    27.2413    27.2467    7.28968 0.0000e+00
      12252     84.528     4.0448     4.0191   3.205834   3.204311     1.9237     2.2978      7.944     1.0274     4.8854 1.0715e-01     0.1142    97.1860     6.1795     6.3874    34.3173    34.3262    27.2385    27.2482    7.28862 0.0000e+00
      12255     84.365     4.0523     4.0427   3.206217   3.205594     1.9241     2.2986      7.944     1.0274     4.8854 1.0715e-01     0.1142    97.1860     6.1813     6.3885    34.3141    34.3168    27.2351    27.2382    7.28743 0.0000e+00
      12258     84.206     4.0620     4.0468   3.206937   3.205739     1.9249     2.3002      7.944     1.0274     4.8854 1.0715e-01     0.1145    97.1773     6.1832     6.3963    34.3125    34.3143    27.2328    27.2358    7.28577 0.0000e+00
      12261     84.053     4.0807     4.0647   3.207876   3.206903     1.9249     2.3006      7.944     0.9867     4.8854 1.0715e-01     0.1145    97.1773     6.1827     6.3980    34.3042    34.3095    27.2243    27.2302    7.28283 0.0000e+00
      12264     83.905     4.0956     4.0858   3.208295   3.207723     1.9253     2.3002      7.944     0.9969     4.8854 1.0715e-01     0.1149    97.1686     6.1864     6.3945    34.2937    34.2972    27.2144    27.2182    7.28067 0.0000e+00
      12267     83.760     4.0932     4.0939   3.208135   3.207995     1.9265     2.3010      7.946     0.9867     4.8854 1.0715e-01     0.1142    97.1860     6.1935     6.3957    34.2944    34.2919    27.2152    27.2132    7.28107 0.0000e+00
      12270     83.625     4.1001     4.1013   3.208455   3.208276     1.9261     2.3018      7.944     0.9969     4.8854 1.0715e-01     0.1145    97.1773     6.1910     6.3977    34.2910    34.2876    27.2118    27.2090    7.28000 0.0000e+00
      12273     83.498     4.0956     4.1007   3.207962   3.208160     1.9261     2.3027      7.944     0.9765     5.0828 1.0715e-01     0.1149    97.1686     6.1926     6.3968    34.2899    34.2870    27.2114    27.2085    7.28085 0.0000e+00
      12276     83.374     4.0907     4.1003   3.207871   3.208124     1.9265     2.3031      7.946     0.9867     5.4776 1.0715e-01     0.1145    97.1773     6.1973     6.3940    34.2940    34.2871    27.2151    27.2086    7.28153 0.0000e+00
      12279     83.258     4.0991     4.1011   3.208240   3.207942     1.9277     2.3043      7.946     0.9969     5.4776 1.0715e-01     0.1149    97.1686     6.2014     6.3955    34.2897    34.2841    27.2108    27.2062    7.28023 0.0000e+00
      12282     83.144     4.1185     4.1009   3.209019   3.207951     1.9281     2.3051      7.947     0.9867     5.4776 1.0715e-01     0.1138    97.1947     6.2016     6.3958    34.2788    34.2845    27.2001    27.2066    7.27730 0.0000e+00
      12285     83.037     4.1226     4.1122   3.208841   3.208404     1.9281     2.3055      7.947     1.0173     5.4776 1.0715e-01     0.1138    97.1947     6.2012     6.3955    34.2724    34.2781    27.1946    27.2003    7.27687 0.0000e+00
      12288     82.938     4.1124     4.1171   3.208418   3.208409     1.9294     2.3055      7.947     1.0884     5.4776 1.0715e-01     0.1131    97.2121     6.2097     6.3943    34.2781    34.2731    27.2002    27.1958    7.27842 0.0000e+00
      12291     82.841     4.1153     4.1095   3.208646   3.208042     1.9294     2.3063      7.947     1.0783     5.4776 1.0715e-01     0.1131    97.2121     6.2109     6.3951    34.2778    34.2767    27.1997    27.1995    7.27792 0.0000e+00
      12294     82.750     4.1270     4.1038   3.208840   3.207855     1.9294     2.3063      7.949     1.0884     5.4776 1.0715e-01     0.1131    97.2121     6.2124     6.3938    34.2680    34.2805    27.1907    27.2030    7.27631 0.0000e+00
      12297     82.667     4.1233     4.1064   3.208597   3.207997     1.9306     2.3055      7.947     1.0884     5.4776 1.0715e-01     0.1131    97.2121     6.2193     6.3878    34.2690    34.2796    27.1919    27.2021    7.27691 0.0000e+00
      12300     82.589     4.1140     4.1107   3.208280   3.207986     1.9318     2.3067      7.949     1.0986     4.1353 1.0715e-01     0.1138    97.1947     6.2237     6.3898    34.2750    34.2750    27.1977    27.1980    7.27829 0.0000e+00
      12303     82.518     4.1081     4.0970   3.208004   3.207174     1.9310     2.3079      7.949     1.0783     3.3457 1.0715e-01     0.1131    97.2121     6.2206     6.3947    34.2779    34.2796    27.2005    27.2031    7.27919 0.0000e+00
      12306     82.450     4.1058     4.0937   3.207738   3.207077     1.9322     2.3075      7.949     1.0681     3.3457 1.0715e-01     0.1131    97.2121     6.2262     6.3926    34.2772    34.2820    27.2002    27.2053    7.27964 0.0000e+00
      12309     82.390     4.1002     4.1039   3.207505   3.207333     1.9322     2.3088      7.949     1.0884     3.3457 1.0715e-01     0.1131    97.2121     6.2270     6.3942    34.2803    34.2744    27.2032    27.1982    7.28049 0.0000e+00
      12312     82.329     4.0983     4.0987   3.207413   3.207240     1.9334     2.3092      7.951     1.1190     3.3457 1.0715e-01     0.1131    97.2121     6.2329     6.3962    34.2813    34.2788    27.2042    27.2022    7.28079 0.0000e+00
      12315     82.274     4.0968     4.1086   3.207313   3.207519     1.9339     2.3088      7.951     1.1394     3.3457 1.0715e-01     0.1131    97.2121     6.2356     6.3910    34.2817    34.2718    27.2047    27.1956    7.28104 0.0000e+00
      12318     82.227     4.1060     4.1077   3.207539   3.207532     1.9347     2.3100      7.952     1.1597     3.3457 1.0715e-01     0.1131    97.2121     6.2372     6.3951    34.2748    34.2729    27.1983    27.1966    7.27973 0.0000e+00
      12321     82.185     4.1100     4.1052   3.207667   3.207421     1.9347     2.3092      7.954     1.1394     3.3457 1.0715e-01     0.1142    97.1860     6.2359     6.3923    34.2722    34.2743    27.1958    27.1980    7.27914 0.0000e+00
      12324     82.145     4.1022     4.1135   3.207551   3.207565     1.9347     2.3104      7.954     1.1495    12.5048 1.0715e-01     0.1142    97.1860     6.2381     6.3939    34.2789    34.2673    27.2019    27.1915    7.28020 0.0000e+00
      12327     82.108     4.1054     4.0930   3.207633   3.206761     1.9355     2.3104      7.954     1.1597   430.9037 1.0715e-01     0.1142    97.1860     6.2398     6.3956    34.2765    34.2792    27.1997    27.2031    7.27974 0.0000e+00
      12330     82.072     4.1022     4.0965   3.207436   3.207033     1.9363     2.3104      7.956     1.1394   481.2000 1.0715e-01     0.1142    97.1860     6.2411     6.3959    34.2776    34.2788    27.2009    27.2024    7.28027 0.0000e+00
      12333     82.041     4.0963     4.0862   3.207154   3.206704     1.9367     2.3100      7.954     1.1495   481.1605 1.0715e-01     0.1142    97.1860     6.2423     6.3959    34.2805    34.2857    27.2038    27.2090    7.28119 0.0000e+00
      12336     82.009     4.0923     4.0757   3.207118   3.206392     1.9375     2.3112      7.959     1.1495   481.3184 1.0715e-01     0.1142    97.1860     6.2477     6.4027    34.2842    34.2929    27.2072    27.2158    7.28171 0.0000e+00
      12339     81.978     4.0903     4.0723   3.207188   3.206252     1.9379     2.3104      7.959     1.1597   481.3184 1.0715e-01     0.1145    97.1773     6.2496     6.3995    34.2871    34.2949    27.2097    27.2177    7.28193 0.0000e+00
      12342     81.948     4.0918     4.0723   3.207270   3.206238     1.9383     2.3116      7.959     1.1495   481.3579 1.0715e-01     0.1138    97.1947     6.2528     6.4026    34.2865    34.2947    27.2091    27.2177    7.28169 0.0000e+00
