Datasets/AZMP/HUD120/hud120_2020_062.cnv
* Sea-Bird SBE 9 Data File:
* FileName = C:\CTDDATA\hud120_2020_062.hex
* Software Version Seasave V 7.26.7.110
* Temperature SN = 1697
* Conductivity SN = 4216
* Number of Bytes Per Scan = 30
* Number of Voltage Words = 4
* Number of Scans Averaged by the Deck Unit = 1
* NMEA baud rate = 4800
** VESSEL/TRIP/SEQ STN:  hud120_2020_062
** LATITUDE XX XX.XX: 47 00.00 N
** LONGITUDE XX XX.XX: 046 29.00 W
** SOUNDING DEPTH (M): 0350
** PROBE TYPE: S1146
** CTD NUMBER: 041
** FORMAT: V
** COMMENTS (14 CHAR): FC-20
** BOTTLES:  10
** LEVELS: 5,10,20,30,40,50,75,100,150,BTM
** STICKERS: 439781 - 439790
** VNET: Y
** DO2: Y
# nquan = 22
# nvalues = 5836                        
# units = specified
# name 0 = scan: Scan Count
# name 1 = prDM: Pressure, Digiquartz [db]
# name 2 = t090C: Temperature [ITS-90, deg C]
# name 3 = t190C: Temperature, 2 [ITS-90, deg C]
# name 4 = c0S/m: Conductivity [S/m]
# name 5 = c1S/m: Conductivity, 2 [S/m]
# name 6 = sbeox0V: Oxygen raw, SBE 43 [V]
# name 7 = sbeox1V: Oxygen raw, SBE 43, 2 [V]
# name 8 = ph: pH
# name 9 = flECO-AFL: Fluorescence, WET Labs ECO-AFL/FL [mg/m^3]
# name 10 = wetCDOM: Fluorescence, WET Labs CDOM [mg/m^3]
# name 11 = par/sat/log: PAR/Logarithmic, Satlantic [umol photons/m^2/sec]
# name 12 = CStarAt0: Beam Attenuation, WET Labs C-Star [1/m]
# name 13 = CStarTr0: Beam Transmission, WET Labs C-Star [%]
# name 14 = sbeox0ML/L: Oxygen, SBE 43 [ml/l], WS = 2
# name 15 = sbeox1ML/L: Oxygen, SBE 43, 2 [ml/l], WS = 2
# name 16 = sal00: Salinity, Practical [PSU]
# name 17 = sal11: Salinity, Practical, 2 [PSU]
# name 18 = sigma-t00: Density [sigma-t, kg/m^3 ]
# name 19 = sigma-t11: Density, 2 [sigma-t, kg/m^3 ]
# name 20 = oxsatML/L: Oxygen Saturation, Weiss [ml/l]
# name 21 = flag: flag
# span 0 =         81,      42150       
# span 1 =      2.474,    348.471       
# span 2 =     3.9958,     7.2963       
# span 3 =     3.9897,     7.2835       
# span 4 =   3.231080,   3.386599       
# span 5 =   3.230762,   3.385234       
# span 6 =     1.8165,     2.2186       
# span 7 =     2.1527,     2.6587       
# span 8 =      7.979,      8.165       
# span 9 =     0.8646,     6.7560       
# span 10 =    -2.8130,   482.1870      
# span 11 = 1.0641e-01, 6.1264e-01      
# span 12 =     0.0725,     0.2803      
# span 13 =    93.2310,    98.2030      
# span 14 =     5.7434,     6.8783      
# span 15 =     5.8785,     7.1015      
# span 16 =    33.1489,    34.8914      
# span 17 =    33.1464,    34.8893      
# span 18 =    25.9225,    27.6812      
# span 19 =    25.9217,    27.6811      
# span 20 =    6.79591,    7.27653      
# span 21 = 0.0000e+00, 0.0000e+00      
# interval = scans: 3                   
# start_time = Nov 23 2020 22:47:16 [System UTC, header]
# bad_flag = -9.990e-29
*END*
[from data line 3095]
      14295    303.640     4.1645     4.1559   3.274074   3.273145     1.8345     2.1765      7.982     0.8952   481.5554 1.0740e-01     0.0928    97.7075     5.8921     6.0277    34.8820    34.8801    27.6750    27.6743    7.24009 0.0000e+00
      14298    303.589     4.1647     4.1552   3.274108   3.273054     1.8349     2.1773      7.982     0.9155   481.2000 1.0752e-01     0.0928    97.7075     5.8945     6.0330    34.8822    34.8797    27.6751    27.6741    7.24005 0.0000e+00
      14301    303.534     4.1652     4.1547   3.274121   3.273038     1.8345     2.1769      7.982     0.9053   481.3579 1.0752e-01     0.0928    97.7075     5.8932     6.0341    34.8818    34.8801    27.6747    27.6745    7.23996 0.0000e+00
      14304    303.472     4.1658     4.1552   3.274086   3.273037     1.8337     2.1773      7.982     0.9053   481.3579 1.0740e-01     0.0928    97.7075     5.8907     6.0389    34.8809    34.8796    27.6739    27.6741    7.23992 0.0000e+00
      14307    303.405     4.1658     4.1556   3.274005   3.273075     1.8345     2.1769      7.982     0.9053   481.3579 1.0727e-01     0.0928    97.7075     5.8941     6.0401    34.8799    34.8797    27.6732    27.6741    7.23996 0.0000e+00
      14310    303.333     4.1637     4.1558   3.273710   3.273118     1.8349     2.1773      7.982     0.9053   481.3579 1.0740e-01     0.0938    97.6815     5.8971     6.0417    34.8787    34.8800    27.6724    27.6743    7.24039 0.0000e+00
      14313    303.252     4.1597     4.1565   3.273447   3.273215     1.8349     2.1773      7.982     0.9053   481.3579 1.0740e-01     0.0960    97.6293     5.8955     6.0428    34.8799    34.8804    27.6738    27.6746    7.24104 0.0000e+00
      14316    303.160     4.1581     4.1576   3.273342   3.273293     1.8357     2.1773      7.982     0.8952   481.3579 1.0727e-01     0.0953    97.6467     5.8976     6.0426    34.8804    34.8803    27.6744    27.6744    7.24130 0.0000e+00
      14319    303.062     4.1569     4.1586   3.273218   3.273359     1.8353     2.1773      7.982     0.8952   481.3579 1.0727e-01     0.0960    97.6293     5.8950     6.0404    34.8802    34.8801    27.6743    27.6741    7.24151 0.0000e+00
      14322    302.953     4.1565     4.1585   3.273268   3.273349     1.8349     2.1773      7.982     0.8952   481.3579 1.0715e-01     0.0960    97.6293     5.8913     6.0357    34.8813    34.8801    27.6753    27.6741    7.24154 0.0000e+00
      14325    302.832     4.1578     4.1586   3.273438   3.273350     1.8353     2.1785      7.982     0.8952   481.3579 1.0752e-01     0.0953    97.6467     5.8920     6.0385    34.8819    34.8801    27.6756    27.6740    7.24127 0.0000e+00
      14328    302.699     4.1585     4.1595   3.273480   3.273474     1.8349     2.1777      7.982     0.8850   481.3579 1.0727e-01     0.0960    97.6293     5.8862     6.0324    34.8818    34.8807    27.6754    27.6744    7.24115 0.0000e+00
      14331    302.554     4.1618     4.1635   3.273934   3.273720     1.8349     2.1777      7.982     0.9053   481.3579 1.0752e-01     0.0942    97.6728     5.8806     6.0283    34.8837    34.8794    27.6766    27.6731    7.24048 0.0000e+00
      14334    302.398     4.1696     4.1602   3.274568   3.273377     1.8349     2.1769      7.982     0.9053   481.3579 1.0727e-01     0.0928    97.7075     5.8763     6.0224    34.8830    34.8789    27.6752    27.6730    7.23912 0.0000e+00
      14337    302.232     4.1715     4.1577   3.274474   3.273163     1.8345     2.1777      7.982     0.8952   481.3579 1.0752e-01     0.0928    97.7075     5.8738     6.0241    34.8801    34.8791    27.6727    27.6734    7.23894 0.0000e+00
      14340    302.058     4.1679     4.1570   3.274038   3.273177     1.8349     2.1765      7.982     0.8952   481.3579 1.0715e-01     0.0928    97.7075     5.8743     6.0176    34.8788    34.8801    27.6721    27.6743    7.23964 0.0000e+00
      14343    301.877     4.1660     4.1567   3.274209   3.272998     1.8349     2.1757      7.982     0.8952   196.5956 1.0715e-01     0.0931    97.6988     5.8740     6.0128    34.8829    34.8785    27.6755    27.6730    7.23977 0.0000e+00
      14346    301.689     4.1759     4.1542   3.275427   3.273367     1.8345     2.1761      7.982     0.9053    -0.1284 1.0727e-01     0.0931    97.6988     5.8697     6.0114    34.8869    34.8856    27.6777    27.6789    7.23782 0.0000e+00
      14349    301.493     4.1972     4.1824   3.277341   3.276199     1.8345     2.1765      7.982     0.9155     5.9119 1.0740e-01     0.0931    97.6988     5.8642     6.0065    34.8871    34.8893    27.6755    27.6788    7.23404 0.0000e+00
      14352    301.286     4.2125     4.2054   3.278304   3.277679     1.8337     2.1753      7.982     0.8952     5.5960 1.0740e-01     0.0917    97.7336     5.8563     5.9989    34.8823    34.8825    27.6701    27.6710    7.23156 0.0000e+00
      14355    301.072     4.2168     4.2130   3.278478   3.278064     1.8341     2.1753      7.982     0.8952     5.5960 1.0752e-01     0.0910    97.7510     5.8538     5.9974    34.8800    34.8792    27.6678    27.6675    7.23091 0.0000e+00
      14358    300.857     4.2176     4.2141   3.278520   3.278104     1.8337     2.1753      7.982     0.8850     5.6355 1.0727e-01     0.0910    97.7510     5.8506     5.9966    34.8798    34.8786    27.6675    27.6670    7.23078 0.0000e+00
      14361    300.640     4.2184     4.2141   3.278608   3.278109     1.8345     2.1753      7.982     0.9053     5.5960 1.0727e-01     0.0913    97.7423     5.8521     5.9942    34.8801    34.8787    27.6677    27.6670    7.23063 0.0000e+00
      14364    300.418     4.2217     4.2157   3.278966   3.278329     1.8333     2.1753      7.982     0.8952     5.5960 1.0740e-01     0.0910    97.7510     5.8453     5.9934    34.8809    34.8797    27.6680    27.6677    7.23000 0.0000e+00
      14367    300.196     4.2269     4.2192   3.279398   3.278611     1.8333     2.1744      7.982     0.8850     5.5960 1.0715e-01     0.0910    97.7510     5.8437     5.9881    34.8806    34.8794    27.6672    27.6671    7.22909 0.0000e+00
      14370    299.977     4.2316     4.2242   3.279871   3.279078     1.8333     2.1744      7.982     0.9053     5.7934 1.0740e-01     0.0913    97.7423     5.8403     5.9843    34.8813    34.8799    27.6672    27.6669    7.22822 0.0000e+00
      14373    299.758     4.2388     4.2307   3.280522   3.279639     1.8329     2.1732      7.982     0.8850     5.8329 1.0740e-01     0.0896    97.7858     5.8362     5.9780    34.8816    34.8797    27.6667    27.6661    7.22695 0.0000e+00
      14376    299.537     4.2435     4.2359   3.280766   3.280112     1.8320     2.1736      7.982     0.9053     5.8329 1.0727e-01     0.0899    97.7771     5.8298     5.9756    34.8796    34.8799    27.6646    27.6657    7.22621 0.0000e+00
      14379    299.315     4.2447     4.2401   3.280774   3.280347     1.8320     2.1732      7.982     0.8850     5.8329 1.0715e-01     0.0896    97.7858     5.8258     5.9704    34.8785    34.8783    27.6636    27.6639    7.22605 0.0000e+00
      14382    299.095     4.2444     4.2404   3.280753   3.280260     1.8320     2.1728      7.982     0.8952     5.8329 1.0715e-01     0.0896    97.7858     5.8241     5.9669    34.8787    34.8771    27.6638    27.6629    7.22609 0.0000e+00
      14385    298.882     4.2445     4.2402   3.280689   3.280306     1.8320     2.1716      7.982     0.8850     5.8329 1.0727e-01     0.0896    97.7858     5.8235     5.9618    34.8780    34.8779    27.6632    27.6637    7.22612 0.0000e+00
      14388    298.680     4.2435     4.2416   3.280692   3.280458     1.8316     2.1720      7.982     0.9155     5.8329 1.0740e-01     0.0896    97.7858     5.8219     5.9628    34.8791    34.8784    27.6642    27.6638    7.22622 0.0000e+00
      14391    298.483     4.2443     4.2428   3.280767   3.280419     1.8312     2.1716      7.982     0.9053     5.8329 1.0727e-01     0.0896    97.7858     5.8191     5.9640    34.8793    34.8768    27.6643    27.6625    7.22608 0.0000e+00
      14394    298.297     4.2473     4.2395   3.281054   3.280201     1.8304     2.1712      7.982     0.9155     5.1223 1.0752e-01     0.0885    97.8118     5.8162     5.9647    34.8796    34.8778    27.6642    27.6636    7.22553 0.0000e+00
      14397    298.116     4.2492     4.2430   3.281178   3.280579     1.8308     2.1704      7.982     0.8952     1.4113 1.0727e-01     0.0885    97.8118     5.8188     5.9624    34.8791    34.8787    27.6636    27.6639    7.22521 0.0000e+00
      14400    297.945     4.2514     4.2459   3.281335   3.280725     1.8296     2.1696      7.982     0.9155     1.4507 1.0727e-01     0.0892    97.7945     5.8140     5.9565    34.8788    34.8774    27.6631    27.6626    7.22485 0.0000e+00
      14403    297.786     4.2525     4.2459   3.281401   3.280732     1.8296     2.1692      7.982     0.9053     1.4507 1.0740e-01     0.0885    97.8118     5.8147     5.9545    34.8785    34.8775    27.6628    27.6627    7.22467 0.0000e+00
      14406    297.642     4.2519     4.2457   3.281253   3.280684     1.8292     2.1692      7.982     0.9053     1.4507 1.0752e-01     0.0885    97.8118     5.8151     5.9555    34.8775    34.8773    27.6620    27.6626    7.22483 0.0000e+00
      14409    297.508     4.2508     4.2447   3.281222   3.280596     1.8292     2.1688      7.982     0.9155     1.4507 1.0740e-01     0.0889    97.8031     5.8162     5.9553    34.8783    34.8774    27.6628    27.6627    7.22498 0.0000e+00
      14412    297.389     4.2507     4.2439   3.281202   3.280519     1.8288     2.1688      7.982     0.9155     1.4507 1.0740e-01     0.0889    97.8031     5.8155     5.9545    34.8782    34.8774    27.6627    27.6628    7.22500 0.0000e+00
      14415    297.280     4.2505     4.2431   3.281211   3.280428     1.8288     2.1692      7.982     0.8952     1.4507 1.0727e-01     0.0878    97.8292     5.8161     5.9568    34.8787    34.8772    27.6631    27.6628    7.22502 0.0000e+00
      14418    297.186     4.2500     4.2427   3.281102   3.280440     1.8284     2.1688      7.982     0.8952     1.4507 1.0715e-01     0.0878    97.8292     5.8130     5.9556    34.8780    34.8778    27.6626    27.6632    7.22514 0.0000e+00
      14421    297.108     4.2473     4.2467   3.280851   3.280788     1.8284     2.1675      7.982     0.8952     3.5036 1.0740e-01     0.0874    97.8379     5.8141     5.9509    34.8778    34.8777    27.6628    27.6628    7.22561 0.0000e+00
      14424    297.043     4.2479     4.2473   3.280971   3.280797     1.8284     2.1659      7.982     0.9155     6.4251 1.0715e-01     0.0881    97.8205     5.8159     5.9443    34.8786    34.8773    27.6633    27.6623    7.22547 0.0000e+00
      14427    296.990     4.2477     4.2441   3.280917   3.280451     1.8284     2.1667      7.982     0.8952     6.3067 1.0727e-01     0.0881    97.8205     5.8162     5.9481    34.8783    34.8765    27.6631    27.6621    7.22553 0.0000e+00
      14430    296.949     4.2475     4.2373   3.280911   3.279880     1.8284     2.1667      7.982     0.8952     6.3067 1.0727e-01     0.0885    97.8118     5.8165     5.9496    34.8784    34.8771    27.6632    27.6633    7.22556 0.0000e+00
      14433    296.916     4.2451     4.2329   3.280640   3.279552     1.8271     2.1663      7.982     0.8952     6.3067 1.0727e-01     0.0885    97.8118     5.8109     5.9494    34.8778    34.8779    27.6629    27.6644    7.22601 0.0000e+00
      14471    296.887     4.2385     4.2364   3.280053   3.279793     1.8263     2.1647      7.980     0.9155     3.8590 1.0740e-01     0.0885    97.8118     5.8238     5.9727    34.8778    34.8770    27.6637    27.6633    7.22717 0.0000e+00
      14492    296.829     4.2357     4.2349   3.279846   3.279687     1.8243     2.1630      7.980     0.8850     2.6351 1.0727e-01     0.0885    97.8118     5.8233     5.9829    34.8784    34.8774    27.6644    27.6638    7.22764 0.0000e+00
      14495    296.752     4.2350     4.2339   3.279781   3.279649     1.8255     2.1622      7.982     0.8952     2.6351 1.0727e-01     0.0874    97.8379     5.8285     5.9816    34.8785    34.8781    27.6646    27.6644    7.22777 0.0000e+00
      14498    296.659     4.2339     4.2337   3.279680   3.279556     1.8259     2.1639      7.982     0.8952     2.6746 1.0727e-01     0.0874    97.8379     5.8324     5.9883    34.8785    34.8772    27.6647    27.6637    7.22796 0.0000e+00
      14501    296.551     4.2331     4.2313   3.279640   3.279377     1.8255     2.1639      7.982     0.8952     4.2538 1.0727e-01     0.0874    97.8379     5.8334     5.9893    34.8789    34.8777    27.6652    27.6644    7.22809 0.0000e+00
      14504    296.430     4.2335     4.2301   3.279663   3.279238     1.8259     2.1639      7.982     0.9053     4.4117 1.0727e-01     0.0874    97.8379     5.8330     5.9923    34.8788    34.8773    27.6651    27.6642    7.22802 0.0000e+00
      14507    296.297     4.2340     4.2305   3.279681   3.279350     1.8251     2.1639      7.982     0.8952     4.4117 1.0715e-01     0.0874    97.8379     5.8311     5.9887    34.8785    34.8784    27.6648    27.6650    7.22794 0.0000e+00
      14510    296.154     4.2339     4.2333   3.279667   3.279550     1.8259     2.1643      7.982     0.8952     4.4117 1.0715e-01     0.0878    97.8292     5.8333     5.9886    34.8785    34.8778    27.6648    27.6643    7.22795 0.0000e+00
      14513    295.997     4.2342     4.2339   3.279695   3.279618     1.8247     2.1643      7.982     0.8952     4.4117 1.0740e-01     0.0881    97.8205     5.8256     5.9887    34.8787    34.8781    27.6648    27.6644    7.22789 0.0000e+00
      14516    295.833     4.2366     4.2347   3.279954   3.279618     1.8251     2.1643      7.982     0.9053     4.4117 1.0727e-01     0.0874    97.8379     5.8256     5.9878    34.8792    34.8773    27.6650    27.6637    7.22744 0.0000e+00
      14519    295.659     4.2383     4.2345   3.280019   3.279665     1.8247     2.1651      7.980     0.9053     4.4117 1.0727e-01     0.0874    97.8379     5.8206     5.9885    34.8784    34.8782    27.6642    27.6644    7.22719 0.0000e+00
      14522    295.478     4.2392     4.2362   3.280120   3.279825     1.8255     2.1643      7.982     0.9053     4.4117 1.0715e-01     0.0874    97.8379     5.8234     5.9811    34.8787    34.8784    27.6644    27.6644    7.22702 0.0000e+00
      14525    295.290     4.2418     4.2372   3.280397   3.279824     1.8255     2.1655      7.982     0.9053     3.9774 1.0740e-01     0.0874    97.8379     5.8226     5.9842    34.8792    34.8774    27.6645    27.6635    7.22652 0.0000e+00
      14528    295.101     4.2437     4.2389   3.280522   3.280038     1.8247     2.1651      7.982     0.8850     2.0824 1.0727e-01     0.0874    97.8379     5.8178     5.9801    34.8788    34.8782    27.6640    27.6640    7.22620 0.0000e+00
      14531    294.906     4.2456     4.2402   3.280733   3.280093     1.8259     2.1643      7.982     0.8850     2.1614 1.0727e-01     0.0878    97.8292     5.8241     5.9751    34.8795    34.8776    27.6643    27.6633    7.22585 0.0000e+00
      14534    294.712     4.2496     4.2409   3.281108   3.280174     1.8247     2.1655      7.980     0.9053     2.1614 1.0740e-01     0.0874    97.8379     5.8198     5.9771    34.8798    34.8778    27.6641    27.6635    7.22512 0.0000e+00
      14537    294.518     4.2508     4.2430   3.281058   3.280333     1.8251     2.1643      7.982     0.9053     2.1614 1.0727e-01     0.0874    97.8379     5.8204     5.9709    34.8780    34.8776    27.6625    27.6631    7.22499 0.0000e+00
      14540    294.324     4.2505     4.2453   3.280999   3.280604     1.8247     2.1643      7.982     0.9460     2.1614 1.0740e-01     0.0874    97.8379     5.8177     5.9690    34.8777    34.8786    27.6624    27.6635    7.22506 0.0000e+00
