Datasets/AZMP/HUD120/hud120_2020_096.cnv
* Sea-Bird SBE 9 Data File:
* FileName = C:\CTDDATA\hud120_2020_096.hex
* Software Version Seasave V 7.26.7.110
* Temperature SN = 1697
* Conductivity SN = 4216
* Number of Bytes Per Scan = 30
* Number of Voltage Words = 4
* Number of Scans Averaged by the Deck Unit = 1
* NMEA baud rate = 4800
** VESSEL/TRIP/SEQ STN:  hud120_2020_096
** LATITUDE XX XX.XX: 49 41.00 N
** LONGITUDE XX XX.XX: 050 01.00 W
** SOUNDING DEPTH (M): 0610
** PROBE TYPE: S1146
** CTD NUMBER: 073
** FORMAT: V
** COMMENTS (14 CHAR): BB-11
** BOTTLES:  12
** LEVELS: 5,10,20,30,40,50,75,100,150,250,500,BTM
** STICKERS: 440029 - 440040
** VNET: Y
** DO2: N
# nquan = 22
# nvalues = 11503                       
# units = specified
# name 0 = scan: Scan Count
# name 1 = prDM: Pressure, Digiquartz [db]
# name 2 = t090C: Temperature [ITS-90, deg C]
# name 3 = t190C: Temperature, 2 [ITS-90, deg C]
# name 4 = c0S/m: Conductivity [S/m]
# name 5 = c1S/m: Conductivity, 2 [S/m]
# name 6 = sbeox0V: Oxygen raw, SBE 43 [V]
# name 7 = sbeox1V: Oxygen raw, SBE 43, 2 [V]
# name 8 = ph: pH
# name 9 = flECO-AFL: Fluorescence, WET Labs ECO-AFL/FL [mg/m^3]
# name 10 = wetCDOM: Fluorescence, WET Labs CDOM [mg/m^3]
# name 11 = par/sat/log: PAR/Logarithmic, Satlantic [umol photons/m^2/sec]
# name 12 = CStarAt0: Beam Attenuation, WET Labs C-Star [1/m]
# name 13 = CStarTr0: Beam Transmission, WET Labs C-Star [%]
# name 14 = sbeox0ML/L: Oxygen, SBE 43 [ml/l], WS = 2
# name 15 = sbeox1ML/L: Oxygen, SBE 43, 2 [ml/l], WS = 2
# name 16 = sal00: Salinity, Practical [PSU]
# name 17 = sal11: Salinity, Practical, 2 [PSU]
# name 18 = sigma-t00: Density [sigma-t, kg/m^3 ]
# name 19 = sigma-t11: Density, 2 [sigma-t, kg/m^3 ]
# name 20 = oxsatML/L: Oxygen Saturation, Weiss [ml/l]
# name 21 = flag: flag
# span 0 =         40,      63014       
# span 1 =      2.187,    604.355       
# span 2 =     1.9424,     3.8791       
# span 3 =     1.9381,     3.8745       
# span 4 =   2.963342,   3.242993       
# span 5 =   2.962834,   3.242419       
# span 6 =     1.9144,     2.1941       
# span 7 =     2.2505,     2.6027       
# span 8 =      8.097,      8.163       
# span 9 =     0.8544,     3.8561       
# span 10 =    -2.8130,   482.1870      
# span 11 = 1.0496e-01, 4.5423e-01      
# span 12 =     0.0743,     0.2340      
# span 13 =    94.3175,    98.1595      
# span 14 =     6.4178,     7.6987      
# span 15 =     6.4759,     7.8233      
# span 16 =    33.6246,    34.8332      
# span 17 =    33.6229,    34.8306      
# span 18 =    26.8742,    27.6836      
# span 19 =    26.8731,    27.6819      
# span 20 =    7.29867,    7.71928      
# span 21 = 0.0000e+00, 0.0000e+00      
# interval = scans: 3                   
# start_time = Nov 28 2020 22:09:56 [System UTC, header]
# bad_flag = -9.990e-29
*END*
[from data line 330]
       1319     27.141     2.2550     2.2511   3.010689   3.010203     2.1828     2.5690      8.138     3.4796    13.5313 1.0715e-01     0.1314    96.7688     7.5463     7.6217    33.8694    33.8676    27.0458    27.0447    7.64529 0.0000e+00
       1322     27.265     2.2567     2.2527   3.010906   3.010370     2.1811     2.5690      8.138     3.3880    13.5313 1.0727e-01     0.1303    96.7948     7.5370     7.6207    33.8702    33.8678    27.0463    27.0447    7.64492 0.0000e+00
       1325     27.388     2.2585     2.2539   3.011110   3.010572     2.1799     2.5698      8.138     3.3880     6.0303 1.0715e-01     0.1307    96.7861     7.5295     7.6227    33.8708    33.8689    27.0467    27.0455    7.64455 0.0000e+00
       1328     27.514     2.2588     2.2550   3.011122   3.010711     2.1803     2.5690      8.138     3.3982     1.0559 1.0715e-01     0.1303    96.7948     7.5303     7.6201    33.8705    33.8695    27.0464    27.0459    7.64449 0.0000e+00
       1331     27.637     2.2596     2.2555   3.011312   3.010788     2.1791     2.5694      8.138     3.3880     1.3323 1.0715e-01     0.1303    96.7948     7.5262     7.6205    33.8720    33.8698    27.0475    27.0461    7.64427 0.0000e+00
       1334     27.761     2.2615     2.2561   3.011518   3.010879     2.1803     2.5698      8.138     3.3880     1.3323 1.0715e-01     0.1303    96.7948     7.5310     7.6226    33.8724    33.8702    27.0477    27.0464    7.64387 0.0000e+00
       1337     27.883     2.2620     2.2568   3.011557   3.010983     2.1799     2.5682      8.138     3.3880     1.3323 1.0715e-01     0.1307    96.7861     7.5341     7.6175    33.8723    33.8708    27.0476    27.0468    7.64378 0.0000e+00
       1340     28.004     2.2626     2.2576   3.011646   3.011076     2.1803     2.5698      8.138     3.3880     1.3323 1.0727e-01     0.1303    96.7948     7.5430     7.6240    33.8727    33.8710    27.0479    27.0469    7.64365 0.0000e+00
       1343     28.125     2.2628     2.2580   3.011692   3.011152     2.1795     2.5690      8.138     3.3982     1.2928 1.0715e-01     0.1299    96.8035     7.5447     7.6246    33.8730    33.8714    27.0481    27.0472    7.64359 0.0000e+00
       1346     28.242     2.2629     2.2582   3.011694   3.011179     2.1787     2.5702      8.138     3.4185     1.3323 1.0715e-01     0.1296    96.8122     7.5476     7.6287    33.8728    33.8715    27.0480    27.0473    7.64358 0.0000e+00
       1349     28.357     2.2627     2.2584   3.011703   3.011198     2.1787     2.5694      8.138     3.4083     1.3718 1.0727e-01     0.1292    96.8209     7.5513     7.6252    33.8731    33.8714    27.0482    27.0471    7.64361 0.0000e+00
       1352     28.469     2.2629     2.2583   3.011752   3.011184     2.1795     2.5702      8.138     3.4083    10.0177 1.0715e-01     0.1296    96.8122     7.5554     7.6287    33.8734    33.8712    27.0484    27.0470    7.64354 0.0000e+00
       1355     28.578     2.2632     2.2584   3.011762   3.011221     2.1787     2.5698      8.138     3.4083    11.1231 1.0715e-01     0.1292    96.8209     7.5497     7.6285    33.8732    33.8716    27.0482    27.0473    7.64351 0.0000e+00
       1358     28.687     2.2634     2.2586   3.011788   3.011206     2.1783     2.5706      8.138     3.4185    11.0441 1.0715e-01     0.1296    96.8122     7.5458     7.6321    33.8733    33.8711    27.0482    27.0469    7.64347 0.0000e+00
       1361     28.792     2.2636     2.2587   3.011859   3.011265     2.1791     2.5702      8.138     3.4185    11.0441 1.0715e-01     0.1275    96.8644     7.5495     7.6316    33.8738    33.8716    27.0487    27.0473    7.64339 0.0000e+00
       1364     28.894     2.2639     2.2590   3.011883   3.011321     2.1787     2.5706      8.138     3.4083    11.0441 1.0715e-01     0.1275    96.8644     7.5496     7.6310    33.8738    33.8720    27.0486    27.0476    7.64334 0.0000e+00
       1367     28.995     2.2641     2.2591   3.011895   3.011338     2.1787     2.5710      8.138     3.4287    11.0441 1.0715e-01     0.1278    96.8557     7.5507     7.6310    33.8737    33.8720    27.0485    27.0476    7.64331 0.0000e+00
       1370     29.092     2.2638     2.2591   3.011877   3.011321     2.1787     2.5702      8.138     3.4287    11.0441 1.0715e-01     0.1278    96.8557     7.5498     7.6265    33.8736    33.8717    27.0485    27.0474    7.64336 0.0000e+00
       1373     29.185     2.2638     2.2590   3.011864   3.011333     2.1795     2.5698      8.138     3.4491    11.0836 1.0715e-01     0.1278    96.8557     7.5518     7.6251    33.8735    33.8719    27.0484    27.0475    7.64338 0.0000e+00
       1376     29.274     2.2637     2.2592   3.011863   3.011353     2.1783     2.5710      8.138     3.4389    90.2391 1.0715e-01     0.1278    96.8557     7.5448     7.6261    33.8735    33.8720    27.0484    27.0475    7.64338 0.0000e+00
       1379     29.357     2.2639     2.2595   3.011901   3.011364     2.1774     2.5714      8.138     3.4491   475.0808 1.0715e-01     0.1282    96.8470     7.5423     7.6250    33.8737    33.8718    27.0486    27.0474    7.64334 0.0000e+00
       1382     29.440     2.2638     2.2594   3.011844   3.011385     2.1774     2.5706      8.138     3.4491   481.3579 1.0715e-01     0.1282    96.8470     7.5401     7.6210    33.8730    33.8720    27.0480    27.0476    7.64339 0.0000e+00
       1385     29.518     2.2635     2.2587   3.011803   3.011278     2.1779     2.5714      8.138     3.4593   481.2395 1.0715e-01     0.1282    96.8470     7.5397     7.6227    33.8729    33.8714    27.0479    27.0471    7.64347 0.0000e+00
       1388     29.594     2.2636     2.2595   3.011884   3.011466     2.1779     2.5710      8.138     3.4593   481.3184 1.0715e-01     0.1278    96.8557     7.5412     7.6190    33.8737    33.8729    27.0486    27.0483    7.64340 0.0000e+00
       1391     29.668     2.2643     2.2630   3.011915   3.011916     2.1774     2.5706      8.140     3.4491   481.2790 1.0715e-01     0.1278    96.8557     7.5397     7.6166    33.8733    33.8747    27.0482    27.0494    7.64328 0.0000e+00
       1394     29.738     2.2650     2.2642   3.012036   3.011994     2.1774     2.5710      8.138     3.4694   481.2790 1.0715e-01     0.1282    96.8470     7.5412     7.6171    33.8740    33.8744    27.0487    27.0491    7.64310 0.0000e+00
       1397     29.805     2.2658     2.2614   3.012119   3.011616     2.1770     2.5706      8.138     3.5406   481.3184 1.0715e-01     0.1282    96.8470     7.5400     7.6143    33.8741    33.8726    27.0488    27.0479    7.64295 0.0000e+00
       1400     29.873     2.2655     2.2597   3.012083   3.011412     2.1770     2.5702      8.138     3.6729   481.3184 1.0715e-01     0.1275    96.8644     7.5425     7.6112    33.8739    33.8718    27.0486    27.0474    7.64301 0.0000e+00
       1403     29.938     2.2651     2.2606   3.012032   3.011586     2.1774     2.5702      8.138     3.6424   279.1858 1.0715e-01     0.1271    96.8731     7.5439     7.6119    33.8738    33.8730    27.0485    27.0483    7.64311 0.0000e+00
       1406     30.003     2.2681     2.2619   3.012433   3.011721     2.1766     2.5706      8.138     3.6729     1.2928 1.0715e-01     0.1271    96.8731     7.5386     7.6119    33.8755    33.8733    27.0497    27.0484    7.64243 0.0000e+00
       1409     30.065     2.2709     2.2641   3.012834   3.012085     2.1762     2.5702      8.138     3.6525    11.3205 1.0715e-01     0.1271    96.8731     7.5347     7.6091    33.8774    33.8754    27.0510    27.0499    7.64178 0.0000e+00
       1412     30.129     2.2719     2.2665   3.012968   3.012363     2.1770     2.5702      8.138     3.6729    10.8073 1.0727e-01     0.1271    96.8731     7.5401     7.6104    33.8781    33.8763    27.0514    27.0504    7.64157 0.0000e+00
       1415     30.192     2.2723     2.2674   3.013018   3.012451     2.1770     2.5702      8.138     3.6525    10.8468 1.0715e-01     0.1267    96.8818     7.5432     7.6099    33.8782    33.8763    27.0515    27.0504    7.64147 0.0000e+00
       1418     30.256     2.2725     2.2676   3.013055   3.012471     2.1766     2.5702      8.138     3.6525    10.8468 1.0715e-01     0.1271    96.8731     7.5415     7.6114    33.8784    33.8763    27.0516    27.0504    7.64143 0.0000e+00
       1421     30.324     2.2725     2.2677   3.013065   3.012534     2.1758     2.5702      8.138     3.6729    10.8468 1.0715e-01     0.1271    96.8731     7.5380     7.6140    33.8785    33.8770    27.0517    27.0509    7.64142 0.0000e+00
       1424     30.394     2.2725     2.2680   3.013087   3.012542     2.1762     2.5702      8.138     3.6729    10.8468 1.0715e-01     0.1275    96.8644     7.5385     7.6167    33.8787    33.8767    27.0519    27.0506    7.64142 0.0000e+00
       1427     30.466     2.2725     2.2677   3.013066   3.012551     2.1758     2.5702      8.138     3.6627    10.8468 1.0715e-01     0.1267    96.8818     7.5383     7.6184    33.8784    33.8772    27.0517    27.0510    7.64143 0.0000e+00
       1430     30.542     2.2724     2.2676   3.013080   3.012545     2.1758     2.5690      8.138     3.6525     7.6884 1.0715e-01     0.1267    96.8818     7.5408     7.6170    33.8786    33.8771    27.0518    27.0510    7.64143 0.0000e+00
       1433     30.623     2.2721     2.2677   3.013094   3.012554     2.1758     2.5698      8.138     3.6525     6.3856 1.0715e-01     0.1267    96.8818     7.5416     7.6206    33.8791    33.8771    27.0522    27.0509    7.64147 0.0000e+00
       1436     30.708     2.2722     2.2676   3.013095   3.012550     2.1762     2.5698      8.138     3.6729     6.4251 1.0715e-01     0.1267    96.8818     7.5443     7.6225    33.8789    33.8771    27.0521    27.0509    7.64145 0.0000e+00
       1439     30.801     2.2722     2.2675   3.013069   3.012566     2.1766     2.5698      8.138     3.6627     6.4251 1.0715e-01     0.1271    96.8731     7.5486     7.6250    33.8786    33.8773    27.0518    27.0511    7.64147 0.0000e+00
       1442     30.897     2.2722     2.2678   3.013063   3.012560     2.1754     2.5702      8.138     3.6525     6.4251 1.0715e-01     0.1260    96.8992     7.5439     7.6286    33.8784    33.8769    27.0517    27.0508    7.64148 0.0000e+00
       1445     30.998     2.2721     2.2676   3.013094   3.012573     2.1754     2.5702      8.138     3.6525     6.4251 1.0715e-01     0.1260    96.8992     7.5428     7.6305    33.8789    33.8772    27.0520    27.0511    7.64147 0.0000e+00
       1448     31.102     2.2722     2.2678   3.013113   3.012565     2.1754     2.5714      8.138     3.6627     6.4251 1.0727e-01     0.1260    96.8992     7.5403     7.6383    33.8789    33.8769    27.0521    27.0508    7.64146 0.0000e+00
       1451     31.213     2.2725     2.2678   3.013126   3.012604     2.1758     2.5706      8.138     3.5712     6.4251 1.0715e-01     0.1260    96.8992     7.5405     7.6375    33.8787    33.8773    27.0519    27.0511    7.64140 0.0000e+00
       1454     31.334     2.2725     2.2678   3.013133   3.012610     2.1762     2.5710      8.138     3.5508    27.1911 1.0727e-01     0.1260    96.8992     7.5405     7.6400    33.8788    33.8773    27.0519    27.0511    7.64141 0.0000e+00
       1457     31.461     2.2725     2.2678   3.013175   3.012620     2.1758     2.5702      8.138     3.5508   443.3396 1.0715e-01     0.1260    96.8992     7.5398     7.6370    33.8792    33.8773    27.0522    27.0511    7.64138 0.0000e+00
       1460     31.594     2.2723     2.2679   3.013183   3.012631     2.1758     2.5714      8.138     3.5406   481.2395 1.0715e-01     0.1267    96.8818     7.5432     7.6425    33.8794    33.8773    27.0525    27.0511    7.64141 0.0000e+00
       1463     31.733     2.2726     2.2679   3.013189   3.012612     2.1758     2.5714      8.138     3.5610   481.1605 1.0715e-01     0.1271    96.8731     7.5473     7.6441    33.8792    33.8770    27.0522    27.0508    7.64138 0.0000e+00
       1466     31.878     2.2726     2.2680   3.013203   3.012658     2.1750     2.5714      8.138     3.5508   481.2395 1.0715e-01     0.1271    96.8731     7.5452     7.6436    33.8792    33.8774    27.0522    27.0512    7.64136 0.0000e+00
       1469     32.033     2.2725     2.2683   3.013188   3.012732     2.1746     2.5714      8.138     3.5508   481.2790 1.0715e-01     0.1271    96.8731     7.5421     7.6441    33.8790    33.8778    27.0521    27.0515    7.64139 0.0000e+00
       1472     32.189     2.2727     2.2682   3.013211   3.012729     2.1746     2.5727      8.138     3.5406   481.2395 1.0715e-01     0.1275    96.8644     7.5413     7.6489    33.8791    33.8779    27.0522    27.0516    7.64136 0.0000e+00
       1475     32.351     2.2728     2.2685   3.013283   3.012751     2.1746     2.5718      8.138     3.4592   481.3579 1.0715e-01     0.1271    96.8731     7.5418     7.6472    33.8798    33.8777    27.0527    27.0514    7.64130 0.0000e+00
       1478     32.522     2.2732     2.2688   3.013315   3.012808     2.1746     2.5723      8.138     3.1845   481.2395 1.0715e-01     0.1271    96.8731     7.5438     7.6487    33.8796    33.8780    27.0525    27.0516    7.64123 0.0000e+00
       1481     32.695     2.2737     2.2694   3.013394   3.012864     2.1762     2.5727      8.138     3.1743   371.2114 1.0715e-01     0.1260    96.8992     7.5530     7.6478    33.8800    33.8780    27.0528    27.0515    7.64111 0.0000e+00
       1484     32.872     2.2737     2.2691   3.013374   3.012839     2.1762     2.5731      8.138     3.1845     3.9379 1.0715e-01     0.1253    96.9165     7.5523     7.6481    33.8796    33.8779    27.0525    27.0515    7.64113 0.0000e+00
       1487     33.052     2.2735     2.2689   3.013381   3.012796     2.1754     2.5735      8.138     3.1947    12.0311 1.0727e-01     0.1260    96.8992     7.5471     7.6513    33.8798    33.8774    27.0527    27.0511    7.64116 0.0000e+00
       1490     33.231     2.2740     2.2687   3.013416   3.012779     2.1750     2.5727      8.138     3.1743    11.8337 1.0715e-01     0.1249    96.9252     7.5445     7.6464    33.8797    33.8773    27.0525    27.0510    7.64108 0.0000e+00
       1493     33.411     2.2770     2.2705   3.014041   3.013276     2.1750     2.5739      8.138     3.1947    11.8337 1.0715e-01     0.1260    96.8992     7.5435     7.6463    33.8841    33.8815    27.0559    27.0542    7.64027 0.0000e+00
       1496     33.591     2.2821     2.2796   3.014741   3.014676     2.1754     2.5731      8.138     3.2049    11.7548 1.0715e-01     0.1253    96.9165     7.5452     7.6395    33.8873    33.8891    27.0579    27.0596    7.63911 0.0000e+00
       1499     33.767     2.2853     2.2927   3.015111   3.016215     2.1750     2.5739      8.138     3.1845    11.8337 1.0715e-01     0.1256    96.9079     7.5416     7.6393    33.8884    33.8942    27.0586    27.0626    7.63843 0.0000e+00
       1502     33.937     2.2935     2.2972   3.016592   3.016725     2.1758     2.5731      8.138     3.2049    11.7943 1.0715e-01     0.1260    96.8992     7.5409     7.6321    33.8979    33.8956    27.0656    27.0634    7.63635 0.0000e+00
       1505     34.105     2.3044     2.3055   3.017631   3.017768     2.1746     2.5735      8.138     3.2151    11.8337 1.0715e-01     0.1256    96.9079     7.5297     7.6294    33.8991    33.8996    27.0656    27.0659    7.63417 0.0000e+00
       1508     34.270     2.3075     2.3071   3.017851   3.017817     2.1746     2.5743      8.138     3.2151     7.5700 1.0715e-01     0.1260    96.8992     7.5323     7.6299    33.8984    33.8985    27.0648    27.0649    7.63359 0.0000e+00
       1511     34.428     2.3081     2.3074   3.018135   3.018067     2.1734     2.5747      8.138     3.2151     3.3063 1.0715e-01     0.1260    96.8992     7.5318     7.6308    33.9013    33.9011    27.0670    27.0670    7.63334 0.0000e+00
