Datasets/AZMP/HUD120/hud120_2020_020.cnv
* Sea-Bird SBE 9 Data File:
* FileName = C:\CTDDATA\hud120_2020_020.hex
* Software Version Seasave V 7.26.7.110
* Temperature SN = 1697
* Conductivity SN = 4216
* Number of Bytes Per Scan = 30
* Number of Voltage Words = 4
* Number of Scans Averaged by the Deck Unit = 1
* NMEA baud rate = 4800
** VESSEL/TRIP/SEQ STN:  hud120_2020_020
** LATITUDE XX XX.XX: 45 47.30 N
** LONGITUDE XX XX.XX: 052 16.00 W
** SOUNDING DEPTH (M): 0086
** PROBE TYPE: S1146
** CTD NUMBER: 010
** FORMAT: V
** COMMENTS (14 CHAR): SEGB-06
** BOTTLES:  0
** LEVELS:
** STICKERS:
** VNET: N
** DO2: N
# nquan = 22
# nvalues = 1231                        
# units = specified
# name 0 = scan: Scan Count
# name 1 = prDM: Pressure, Digiquartz [db]
# name 2 = t090C: Temperature [ITS-90, deg C]
# name 3 = t190C: Temperature, 2 [ITS-90, deg C]
# name 4 = c0S/m: Conductivity [S/m]
# name 5 = c1S/m: Conductivity, 2 [S/m]
# name 6 = sbeox0V: Oxygen raw, SBE 43 [V]
# name 7 = sbeox1V: Oxygen raw, SBE 43, 2 [V]
# name 8 = ph: pH
# name 9 = flECO-AFL: Fluorescence, WET Labs ECO-AFL/FL [mg/m^3]
# name 10 = wetCDOM: Fluorescence, WET Labs CDOM [mg/m^3]
# name 11 = par/sat/log: PAR/Logarithmic, Satlantic [umol photons/m^2/sec]
# name 12 = CStarAt0: Beam Attenuation, WET Labs C-Star [1/m]
# name 13 = CStarTr0: Beam Transmission, WET Labs C-Star [%]
# name 14 = sbeox0ML/L: Oxygen, SBE 43 [ml/l], WS = 2
# name 15 = sbeox1ML/L: Oxygen, SBE 43, 2 [ml/l], WS = 2
# name 16 = sal00: Salinity, Practical [PSU]
# name 17 = sal11: Salinity, Practical, 2 [PSU]
# name 18 = sigma-t00: Density [sigma-t, kg/m^3 ]
# name 19 = sigma-t11: Density, 2 [sigma-t, kg/m^3 ]
# name 20 = oxsatML/L: Oxygen Saturation, Weiss [ml/l]
# name 21 = flag: flag
# span 0 =          2,       5587       
# span 1 =      3.135,     76.851       
# span 2 =     1.6419,    10.7109       
# span 3 =     1.6373,    10.7050       
# span 4 =   2.864029,   3.591160       
# span 5 =   2.863580,   3.590687       
# span 6 =     1.8660,     2.1945       
# span 7 =     2.2006,     2.6057       
# span 8 =      7.874,      8.114       
# span 9 =     1.4649,     5.7893       
# span 10 =    -2.8130,   482.1870      
# span 11 = 1.0703e-01, 6.1895e-01      
# span 12 =     0.1573,     0.2614      
# span 13 =    93.6743,    96.1429      
# span 14 =     5.6754,     7.6444      
# span 15 =     5.2284,     8.0044      
# span 16 =    31.9933,    32.8983      
# span 17 =    32.0196,    33.0031      
# span 18 =    24.5906,    26.1886      
# span 19 =    24.5945,    26.3073      
# span 20 =    6.33436,    7.82932      
# span 21 = 0.0000e+00, 0.0000e+00      
# interval = scans: 3                   
# start_time = Nov 17 2020 23:56:19 [System UTC, header]
# bad_flag = -9.990e-29
*END*
[from data line 922]
       4601     37.372     9.8111     9.7512   3.507223   3.503026     2.1559     2.5544      8.044     3.7035     6.8988 1.0715e-01     0.1660    95.9343     6.2666     6.3650    32.0805    32.0911    24.7040    24.7221    6.46342 0.0000e+00
       4604     37.263     9.8134     9.7787   3.507457   3.504787     2.1551     2.5556      8.045     3.6933     8.7149 1.0715e-01     0.1660    95.9343     6.2627     6.3643    32.0809    32.0846    24.7039    24.7125    6.46307 0.0000e+00
       4607     37.160     9.8137     9.7502   3.507015   3.501284     2.1555     2.5556      8.047     3.6729   415.7438 1.0715e-01     0.1660    95.9343     6.2640     6.3696    32.0761    32.0745    24.7002    24.7092    6.46322 0.0000e+00
       4610     37.062     9.8073     9.6667   3.506533   3.495834     2.1571     2.5560      8.045     3.6933   481.7527 1.0715e-01     0.1660    95.9343     6.2713     6.3846    32.0770    32.0934    24.7019    24.7376    6.46411 0.0000e+00
       4613     36.965     9.7958     9.6336   3.504406   3.492698     2.1563     2.5560      8.045     3.7035   481.1211 1.0715e-01     0.1660    95.9343     6.2702     6.3920    32.0657    32.0911    24.6950    24.7411    6.46623 0.0000e+00
       4616     36.874     9.7428     9.6015   3.500441   3.490549     2.1571     2.5568      8.045     3.6424   481.3579 1.0715e-01     0.1649    95.9604     6.2813     6.4028    32.0725    32.0978    24.7089    24.7515    6.47355 0.0000e+00
       4619     36.788     9.7659     9.6216   3.500937   3.492273     2.1588     2.5568      8.047     3.6220   481.3579 1.0715e-01     0.1649    95.9604     6.2844     6.4040    32.0571    32.0976    24.6931    24.7481    6.47087 0.0000e+00
       4622     36.708     9.7645     9.6746   3.502638   3.495784     2.1588     2.5576      8.047     3.6322   481.3579 1.0715e-01     0.1649    95.9604     6.2846     6.4019    32.0757    32.0861    24.7078    24.7305    6.47031 0.0000e+00
       4625     36.626     9.7732     9.7065   3.503622   3.498365     2.1600     2.5589      8.047     3.6119   481.3579 1.0715e-01     0.1649    95.9604     6.2894     6.4054    32.0780    32.0839    24.7083    24.7237    6.46896 0.0000e+00
       4628     36.553     9.7712     9.7387   3.504031   3.501147     2.1604     2.5588      8.045     3.6119   481.3579 1.0715e-01     0.1649    95.9604     6.2928     6.4051    32.0840    32.0836    24.7132    24.7183    6.46901 0.0000e+00
       4631     36.479     9.7892     9.7269   3.504472   3.499329     2.1616     2.5613      8.047     3.6119   406.0714 1.0715e-01     0.1649    95.9604     6.2947     6.4184    32.0724    32.0756    24.7013    24.7140    6.46689 0.0000e+00
       4634     36.405     9.8091     9.7162   3.506417   3.499159     2.1616     2.5617      8.047     3.6017    10.6099 1.0715e-01     0.1632    96.0038     6.2903     6.4248    32.0745    32.0835    24.6997    24.7218    6.46395 0.0000e+00
       4637     36.334     9.8368     9.7430   3.508702   3.501560     2.1620     2.5629      8.047     3.6017    10.0572 1.0715e-01     0.1624    96.0212     6.2884     6.4287    32.0731    32.0840    24.6941    24.7179    6.46004 0.0000e+00
       4640     36.266     9.8372     9.7586   3.508161   3.502577     2.1636     2.5645      8.047     3.5915    10.3335 1.0715e-01     0.1624    96.0212     6.2944     6.4357    32.0672    32.0805    24.6894    24.7126    6.46022 0.0000e+00
       4643     36.198     9.8455     9.7788   3.509739   3.504311     2.1636     2.5650      8.047     3.6729    10.3335 1.0715e-01     0.1628    96.0125     6.2941     6.4362    32.0759    32.0802    24.6949    24.7091    6.45868 0.0000e+00
       4646     36.133     9.8528     9.8076   3.509801   3.506627     2.1636     2.5666      8.047     3.6831    10.2546 1.0715e-01     0.1628    96.0125     6.2942     6.4373    32.0701    32.0781    24.6891    24.7027    6.45787 0.0000e+00
       4649     36.071     9.8524     9.8020   3.510358   3.505404     2.1649     2.5690      8.047     3.7035    10.2940 1.0715e-01     0.1628    96.0125     6.2983     6.4461    32.0761    32.0707    24.6939    24.6979    6.45768 0.0000e+00
       4652     36.007     9.8560     9.7998   3.510096   3.505087     2.1661     2.5690      8.047     3.6933    10.3335 1.0715e-01     0.1632    96.0038     6.3002     6.4448    32.0703    32.0694    24.6888    24.6972    6.45740 0.0000e+00
       4655     35.939     9.8405     9.8054   3.509010   3.505263     2.1661     2.5694      8.047     3.7035    10.2940 1.0715e-01     0.1632    96.0038     6.3019     6.4431    32.0731    32.0662    24.6935    24.6938    6.45951 0.0000e+00
       4658     35.870     9.8281     9.7999   3.508588   3.505690     2.1661     2.5719      8.047     3.7035   203.7413 1.0715e-01     0.1632    96.0038     6.3034     6.4488    32.0799    32.0756    24.7008    24.7020    6.46101 0.0000e+00
       4661     35.795     9.8481     9.8027   3.509551   3.505563     2.1677     2.5735      8.047     3.6933   482.1870 1.0715e-01     0.1635    95.9952     6.3044     6.4500    32.0719    32.0718    24.6913    24.6986    6.45847 0.0000e+00
       4664     35.712     9.8458     9.7725   3.508889   3.501568     2.1694     2.5751      8.047     3.6831   481.2000 1.0715e-01     0.1635    95.9952     6.3086     6.4564    32.0672    32.0582    24.6880    24.6929    6.45899 0.0000e+00
       4667     35.624     9.8466     9.7333   3.509817   3.500390     2.1698     2.5751      8.047     3.7543   481.3184 1.0715e-01     0.1628    96.0125     6.3088     6.4566    32.0761    32.0810    24.6948    24.7171    6.45852 0.0000e+00
       4670     35.530     9.8677     9.7676   3.512659   3.503286     2.1702     2.5764      8.047     4.0901   481.3579 1.0715e-01     0.1632    96.0038     6.3038     6.4506    32.0861    32.0800    24.6992    24.7107    6.45509 0.0000e+00
       4673     35.428     9.8925     9.7785   3.514950   3.503930     2.1693     2.5772      8.047     4.1003   481.3579 1.0715e-01     0.1635    95.9952     6.2929     6.4465    32.0874    32.0769    24.6961    24.7065    6.45149 0.0000e+00
       4676     35.320     9.9328     9.7625   3.518604   3.503336     2.1702     2.5776      8.046     4.1003   481.3579 1.0715e-01     0.1628    96.0125     6.2869     6.4450    32.0886    32.0852    24.6904    24.7156    6.44568 0.0000e+00
       4679     35.200     9.9600     9.7985   3.520750   3.508527     2.1710     2.5780      8.046     4.1104   481.3579 1.0715e-01     0.1628    96.0125     6.2825     6.4337    32.0862    32.1059    24.6841    24.7259    6.44190 0.0000e+00
       4682     35.075     9.9792     9.8955   3.523168   3.516548     2.1714     2.5788      8.046     4.1104   481.3579 1.0715e-01     0.1628    96.0125     6.2759     6.4155    32.0937    32.1010    24.6867    24.7063    6.43885 0.0000e+00
       4685     34.940    10.0096     9.9402   3.525585   3.518943     2.1714     2.5796      8.046     4.1003   158.6563 1.0715e-01     0.1628    96.0125     6.2662     6.4066    32.0912    32.0856    24.6798    24.6869    6.43463 0.0000e+00
       4688     34.795    10.0094     9.9535   3.525186   3.521283     2.1718     2.5796      8.046     4.1003     8.2016 1.0715e-01     0.1628    96.0125     6.2650     6.3994    32.0874    32.0976    24.6769    24.6940    6.43481 0.0000e+00
       4691     34.640    10.0168     9.9592   3.526438   3.519966     2.1726     2.5800      8.046     4.0901    14.6762 1.0715e-01     0.1628    96.0125     6.2646     6.3951    32.0935    32.0792    24.6805    24.6788    6.43351 0.0000e+00
       4694     34.478    10.0281     9.9632   3.527778   3.524526     2.1722     2.5804      8.046     3.9069    14.3604 1.0715e-01     0.1657    95.9430     6.2593     6.3882    32.0971    32.1219    24.6814    24.7114    6.43176 0.0000e+00
       4697     34.310    10.0401    10.0525   3.529211   3.532513     2.1726     2.5804      8.046     3.5814    14.4393 1.0715e-01     0.1671    95.9082     6.2584     6.3705    32.1010    32.1234    24.6824    24.6978    6.42989 0.0000e+00
       4700     34.132    10.0778    10.1059   3.533823   3.535832     2.1722     2.5804      8.049     3.6119    14.3604 1.0715e-01     0.1671    95.9082     6.2480     6.3596    32.1142    32.1096    24.6865    24.6782    6.42400 0.0000e+00
       4703     33.951    10.1163    10.1162   3.536548   3.535733     2.1726     2.5808      8.049     3.6220    14.3604 1.0715e-01     0.1671    95.9082     6.2431     6.3554    32.1077    32.0995    24.6750    24.6686    6.41881 0.0000e+00
       4706     33.767    10.1376    10.1371   3.538809   3.538448     2.1718     2.5804      8.046     3.5915    14.3604 1.0715e-01     0.1671    95.9082     6.2354     6.3480    32.1117    32.1084    24.6746    24.6721    6.41563 0.0000e+00
       4709     33.578    10.1686    10.1414   3.542448   3.538586     2.1726     2.5800      8.048     3.6119    29.7572 1.0715e-01     0.1671    95.9082     6.2321     6.3442    32.1209    32.1061    24.6766    24.6696    6.41087 0.0000e+00
       4712     33.387    10.2245    10.1965   3.547855   3.545837     2.1726     2.5796      8.048     3.6119   439.3128 1.0715e-01     0.1675    95.8995     6.2224     6.3334    32.1259    32.1304    24.6711    24.6793    6.40278 0.0000e+00
       4715     33.196    10.2550    10.2562   3.550007   3.550219     2.1722     2.5788      8.050     3.6119   481.2790 1.0715e-01     0.1671    95.9082     6.2160     6.3214    32.1206    32.1217    24.6619    24.6626    6.39869 0.0000e+00
       4718     33.005    10.2711    10.2511   3.551122   3.548226     2.1726     2.5788      8.048     3.6119   481.1605 1.0715e-01     0.1671    95.9082     6.2146     6.3230    32.1177    32.1063    24.6569    24.6514    6.39655 0.0000e+00
       4721     32.814    10.2867    10.2373   3.552903   3.548036     2.1730     2.5788      8.050     3.5000   481.3579 1.0715e-01     0.1671    95.9082     6.2132     6.3245    32.1218    32.1166    24.6575    24.6618    6.39418 0.0000e+00
       4724     32.627    10.3112    10.2752   3.554856   3.551989     2.1734     2.5788      8.050     3.4389   481.3579 1.0715e-01     0.1671    95.9082     6.2104     6.3190    32.1199    32.1229    24.6519    24.6603    6.39082 0.0000e+00
       4727     32.444    10.3195    10.2825   3.555370   3.551944     2.1730     2.5784      8.047     3.4389   481.3579 1.0715e-01     0.1671    95.9082     6.2063     6.3175    32.1178    32.1161    24.6489    24.6538    6.38974 0.0000e+00
       4730     32.264    10.3286    10.2951   3.556427   3.553388     2.1730     2.5788      8.050     3.4491   481.3579 1.0715e-01     0.1671    95.9082     6.2037     6.3185    32.1204    32.1195    24.6494    24.6544    6.38836 0.0000e+00
       4733     32.089    10.3353    10.3101   3.556770   3.555002     2.1726     2.5788      8.050     3.4694   481.3579 1.0715e-01     0.1682    95.8822     6.1976     6.3173    32.1180    32.1225    24.6464    24.6542    6.38751 0.0000e+00
       4736     31.929    10.3446    10.3204   3.557957   3.555355     2.1730     2.5788      8.050     3.4694   380.7259 1.0715e-01     0.1704    95.8300     6.1955     6.3173    32.1217    32.1170    24.6477    24.6481    6.38605 0.0000e+00
       4739     31.779    10.3601    10.3255   3.559298   3.556397     2.1722     2.5784      8.049     3.4491     7.4910 1.0715e-01     0.1704    95.8300     6.1895     6.3146    32.1215    32.1230    24.6450    24.6520    6.38388 0.0000e+00
       4742     31.638    10.3678    10.3377   3.559636   3.557241     2.1726     2.5788      8.049     3.4593    15.3474 1.0715e-01     0.1704    95.8300     6.1883     6.3132    32.1182    32.1207    24.6411    24.6481    6.38294 0.0000e+00
       4745     31.509    10.3665    10.3404   3.559085   3.557022     2.1726     2.5780      8.049     3.4593    14.9526 1.0715e-01     0.1704    95.8300     6.1880     6.3101    32.1138    32.1163    24.6379    24.6442    6.38330 0.0000e+00
       4748     31.390    10.3614    10.3315   3.558802   3.556250     2.1722     2.5784      8.049     3.5813    14.9526 1.0715e-01     0.1704    95.8300     6.1876     6.3123    32.1156    32.1164    24.6401    24.6458    6.38394 0.0000e+00
       4751     31.287    10.3622    10.3408   3.558554   3.556507     2.1722     2.5780      8.049     3.6119    14.9526 1.0715e-01     0.1704    95.8300     6.1890     6.3100    32.1124    32.1108    24.6375    24.6398    6.38396 0.0000e+00
       4754     31.199    10.3257    10.3320   3.554873   3.555861     2.1714     2.5788      8.050     3.6017    14.9526 1.0715e-01     0.1719    95.7952     6.1913     6.3128    32.1078    32.1122    24.6401    24.6424    6.38927 0.0000e+00
       4757     31.127    10.3340    10.3391   3.556414   3.556934     2.1710     2.5776      8.053     3.6017    14.9526 1.0715e-01     0.1722    95.7865     6.1900     6.3079    32.1160    32.1167    24.6450    24.6448    6.38778 0.0000e+00
       4760     31.070    10.3446    10.3298   3.556837   3.555302     2.1710     2.5784      8.051     3.6119    14.9526 1.0715e-01     0.1726    95.7778     6.1912     6.3134    32.1109    32.1086    24.6393    24.6400    6.38650 0.0000e+00
       4763     31.029    10.3617    10.3143   3.558812   3.554395     2.1722     2.5772      8.054     3.6220   240.6148 1.0715e-01     0.1726    95.7778     6.1944     6.3132    32.1155    32.1131    24.6400    24.6461    6.38390 0.0000e+00
       4807     30.981    10.3687    10.3358   3.558827   3.556006     2.1730     2.5792      8.052     3.9578   481.6343 1.0715e-01     0.1747    95.7257     6.2040     6.3306    32.1096    32.1104    24.6342    24.6404    6.38317 0.0000e+00
       4831     30.884    10.3705    10.3572   3.558667   3.557876     2.1738     2.5800      8.054     4.1613   481.3579 1.0715e-01     0.1762    95.6909     6.2103     6.3378    32.1064    32.1102    24.6314    24.6366    6.38304 0.0000e+00
       4834     30.773    10.3688    10.3609   3.558509   3.557958     2.1734     2.5800      8.054     4.1613   481.3579 1.0715e-01     0.1769    95.6735     6.2107     6.3397    32.1064    32.1079    24.6317    24.6342    6.38328 0.0000e+00
       4837     30.653    10.3685    10.3584   3.558198   3.557071     2.1734     2.5804      8.054     4.1511   481.3579 1.0715e-01     0.1758    95.6996     6.2123     6.3422    32.1036    32.1012    24.6296    24.6294    6.38344 0.0000e+00
       4840     30.521    10.3596    10.3241   3.556617   3.553403     2.1734     2.5812      8.054     4.1511   461.5394 1.0715e-01     0.1758    95.6996     6.2158     6.3497    32.0956    32.0947    24.6248    24.6301    6.38500 0.0000e+00
       4843     30.378    10.3426    10.3006   3.555399   3.552051     2.1746     2.5817      8.054     4.1715    42.2326 1.0715e-01     0.1758    95.6996     6.2228     6.3545    32.0985    32.1020    24.6299    24.6397    6.38727 0.0000e+00
       4846     30.224    10.3483    10.3167   3.556278   3.553950     2.1738     2.5829      8.054     4.1715    10.6494 1.0715e-01     0.1758    95.6996     6.2194     6.3556    32.1024    32.1069    24.6320    24.6409    6.38632 0.0000e+00
       4849     30.067    10.3653    10.3208   3.557992   3.553451     2.1746     2.5825      8.054     4.1613    12.3075 1.0715e-01     0.1758    95.6996     6.2201     6.3531    32.1046    32.0983    24.6309    24.6335    6.38384 0.0000e+00
       4852     29.904    10.3773    10.3083   3.558786   3.552484     2.1746     2.5829      8.054     3.8968    12.2285 1.0715e-01     0.1758    95.6996     6.2180     6.3552    32.1020    32.0998    24.6269    24.6368    6.38226 0.0000e+00
       4855     29.737    10.3841    10.3146   3.559250   3.554299     2.1750     2.5837      8.056     3.8154    12.2285 1.0715e-01     0.1754    95.7083     6.2188     6.3551    32.1007    32.1125    24.6247    24.6456    6.38136 0.0000e+00
