Datasets/AZMP/HUD120/hud120_2020_052.cnv
* Sea-Bird SBE 9 Data File:
* FileName = C:\CTDDATA\hud120_2020_052.hex
* Software Version Seasave V 7.26.7.110
* Temperature SN = 1697
* Conductivity SN = 4216
* Number of Bytes Per Scan = 30
* Number of Voltage Words = 4
* Number of Scans Averaged by the Deck Unit = 1
* NMEA baud rate = 4800
** VESSEL/TRIP/SEQ STN:  hud120_2020_052
** LATITUDE XX XX.XX: 47 00.00 N
** LONGITUDE XX XX.XX: 044 05.00 W
** SOUNDING DEPTH (M): 0334
** PROBE TYPE: S1146
** CTD NUMBER: 031
** FORMAT: V
** COMMENTS (14 CHAR): FC-30
** BOTTLES:  0
** LEVELS:
** STICKERS:
** VNET: N
** DO2: N
# nquan = 22
# nvalues = 5137                        
# units = specified
# name 0 = scan: Scan Count
# name 1 = prDM: Pressure, Digiquartz [db]
# name 2 = t090C: Temperature [ITS-90, deg C]
# name 3 = t190C: Temperature, 2 [ITS-90, deg C]
# name 4 = c0S/m: Conductivity [S/m]
# name 5 = c1S/m: Conductivity, 2 [S/m]
# name 6 = sbeox0V: Oxygen raw, SBE 43 [V]
# name 7 = sbeox1V: Oxygen raw, SBE 43, 2 [V]
# name 8 = ph: pH
# name 9 = flECO-AFL: Fluorescence, WET Labs ECO-AFL/FL [mg/m^3]
# name 10 = wetCDOM: Fluorescence, WET Labs CDOM [mg/m^3]
# name 11 = par/sat/log: PAR/Logarithmic, Satlantic [umol photons/m^2/sec]
# name 12 = CStarAt0: Beam Attenuation, WET Labs C-Star [1/m]
# name 13 = CStarTr0: Beam Transmission, WET Labs C-Star [%]
# name 14 = sbeox0ML/L: Oxygen, SBE 43 [ml/l], WS = 2
# name 15 = sbeox1ML/L: Oxygen, SBE 43, 2 [ml/l], WS = 2
# name 16 = sal00: Salinity, Practical [PSU]
# name 17 = sal11: Salinity, Practical, 2 [PSU]
# name 18 = sigma-t00: Density [sigma-t, kg/m^3 ]
# name 19 = sigma-t11: Density, 2 [sigma-t, kg/m^3 ]
# name 20 = oxsatML/L: Oxygen Saturation, Weiss [ml/l]
# name 21 = flag: flag
# span 0 =         91,      19733       
# span 1 =      1.875,    330.729       
# span 2 =     4.2124,     7.2178       
# span 3 =     4.2079,     7.2141       
# span 4 =   3.277118,   3.428615       
# span 5 =   3.276645,   3.426447       
# span 6 =     1.7669,     2.2144       
# span 7 =     2.1016,     2.6696       
# span 8 =      7.953,      8.115       
# span 9 =     0.8544,     6.0640       
# span 10 =    -2.8130,   482.1870      
# span 11 = 1.0605e-01, 2.0384e-01      
# span 12 =     0.0768,     0.3523      
# span 13 =    91.5708,    98.0987      
# span 14 =     5.2880,     6.7917      
# span 15 =     5.4511,     7.0153      
# span 16 =    33.6120,    34.9223      
# span 17 =    33.6109,    34.9189      
# span 18 =    26.2976,    27.6616      
# span 19 =    26.2968,    27.6671      
# span 20 =    6.78781,    7.23247      
# span 21 = 0.0000e+00, 0.0000e+00      
# interval = scans: 3                   
# start_time = Nov 23 2020 01:07:02 [System UTC, header]
# bad_flag = -9.990e-29
*END*
[from data line 3951]
      14850    168.935     5.0545     5.0472   3.346887   3.346197     1.7938     2.1346      7.960     0.8952    -1.6286 1.0715e-01     0.0789    98.0465     5.4777     5.6513    34.8687    34.8683    27.5648    27.5654    7.08582 0.0000e+00
      14853    168.806     5.0541     5.0476   3.346792   3.346218     1.7934     2.1350      7.960     0.9155     0.6612 1.0715e-01     0.0796    98.0292     5.4738     5.6516    34.8681    34.8681    27.5644    27.5652    7.08591 0.0000e+00
      14856    168.684     5.0534     5.0476   3.346740   3.346188     1.7942     2.1350      7.960     0.9257     2.9904 1.0715e-01     0.0796    98.0292     5.4754     5.6499    34.8682    34.8679    27.5646    27.5650    7.08602 0.0000e+00
      14859    168.568     5.0529     5.0463   3.346695   3.346086     1.7930     2.1338      7.960     0.9460     2.8720 1.0715e-01     0.0793    98.0378     5.4693     5.6463    34.8683    34.8681    27.5647    27.5653    7.08611 0.0000e+00
      14862    168.460     5.0525     5.0457   3.346609   3.346061     1.7930     2.1350      7.960     0.9358     2.8720 1.0715e-01     0.0789    98.0465     5.4691     5.6495    34.8678    34.8685    27.5644    27.5657    7.08620 0.0000e+00
      14865    168.361     5.0527     5.0463   3.346646   3.346085     1.7930     2.1342      7.960     0.9155     2.8720 1.0715e-01     0.0793    98.0378     5.4680     5.6447    34.8681    34.8682    27.5645    27.5655    7.08615 0.0000e+00
      14868    168.267     5.0528     5.0471   3.346669   3.346148     1.7938     2.1338      7.960     0.9358     2.8720 1.0715e-01     0.0793    98.0378     5.4710     5.6432    34.8682    34.8682    27.5647    27.5653    7.08612 0.0000e+00
      14871    168.179     5.0527     5.0475   3.346685   3.346156     1.7934     2.1350      7.960     0.9460     2.8720 1.0715e-01     0.0796    98.0292     5.4711     5.6459    34.8686    34.8679    27.5649    27.5650    7.08612 0.0000e+00
      14874    168.098     5.0529     5.0476   3.346664   3.346191     1.7930     2.1346      7.960     0.9358     2.8720 1.0727e-01     0.0796    98.0292     5.4673     5.6445    34.8682    34.8683    27.5646    27.5653    7.08611 0.0000e+00
      14877    168.024     5.0530     5.0480   3.346669   3.346195     1.7917     2.1338      7.960     0.9460     2.8720 1.0715e-01     0.0796    98.0292     5.4614     5.6423    34.8682    34.8679    27.5646    27.5650    7.08610 0.0000e+00
      14880    167.954     5.0528     5.0479   3.346674   3.346194     1.7926     2.1338      7.960     0.9257     8.3596 1.0715e-01     0.0789    98.0465     5.4655     5.6436    34.8685    34.8680    27.5649    27.5651    7.08612 0.0000e+00
      14883    167.889     5.0530     5.0479   3.346683   3.346182     1.7926     2.1342      7.960     0.9358     9.7413 1.0715e-01     0.0800    98.0205     5.4659     5.6457    34.8684    34.8680    27.5648    27.5650    7.08608 0.0000e+00
      14886    167.831     5.0530     5.0476   3.346676   3.346170     1.7930     2.1329      7.960     0.9460     9.6624 1.0715e-01     0.0793    98.0378     5.4679     5.6406    34.8684    34.8682    27.5647    27.5652    7.08609 0.0000e+00
      14889    167.777     5.0534     5.0474   3.346684   3.346175     1.7917     2.1338      7.960     0.9460     9.7413 1.0715e-01     0.0793    98.0378     5.4622     5.6452    34.8681    34.8684    27.5645    27.5654    7.08604 0.0000e+00
      14892    167.724     5.0533     5.0483   3.346678   3.346204     1.7930     2.1338      7.960     0.9358     9.6624 1.0727e-01     0.0796    98.0292     5.4687     5.6451    34.8682    34.8678    27.5646    27.5649    7.08605 0.0000e+00
      14895    167.672     5.0534     5.0477   3.346687   3.346154     1.7938     2.1338      7.960     0.9358     9.6229 1.0715e-01     0.0796    98.0292     5.4763     5.6443    34.8682    34.8679    27.5646    27.5650    7.08603 0.0000e+00
      14898    167.623     5.0534     5.0473   3.346678   3.346110     1.7917     2.1338      7.960     0.9257     9.6624 1.0715e-01     0.0796    98.0292     5.4694     5.6466    34.8680    34.8679    27.5644    27.5651    7.08603 0.0000e+00
      14901    167.570     5.0531     5.0473   3.346626   3.346116     1.7921     2.1338      7.960     0.9358     9.6624 1.0715e-01     0.0800    98.0205     5.4720     5.6472    34.8678    34.8680    27.5643    27.5651    7.08609 0.0000e+00
      14904    167.515     5.0528     5.0467   3.346636   3.346062     1.7921     2.1338      7.960     0.9358    62.9591 1.0715e-01     0.0800    98.0205     5.4702     5.6483    34.8683    34.8680    27.5647    27.5652    7.08613 0.0000e+00
      14907    167.461     5.0528     5.0459   3.346611   3.346005     1.7917     2.1338      7.960     0.9053   464.2240 1.0727e-01     0.0796    98.0292     5.4692     5.6477    34.8680    34.8682    27.5645    27.5655    7.08613 0.0000e+00
      14910    167.405     5.0529     5.0455   3.346620   3.345933     1.7926     2.1334      7.960     0.8952   481.5553 1.0715e-01     0.0800    98.0205     5.4733     5.6464    34.8680    34.8679    27.5645    27.5652    7.08612 0.0000e+00
      14913    167.346     5.0527     5.0452   3.346586   3.345958     1.7921     2.1338      7.960     0.8952   481.2000 1.0715e-01     0.0800    98.0205     5.4731     5.6476    34.8679    34.8684    27.5644    27.5657    7.08616 0.0000e+00
      14916    167.278     5.0524     5.0448   3.346584   3.345893     1.7926     2.1338      7.960     0.9053   481.2790 1.0715e-01     0.0793    98.0378     5.4752     5.6484    34.8682    34.8681    27.5647    27.5655    7.08620 0.0000e+00
      14919    167.204     5.0519     5.0445   3.346548   3.345872     1.7930     2.1329      7.960     0.9053   481.3579 1.0715e-01     0.0796    98.0292     5.4804     5.6472    34.8683    34.8682    27.5648    27.5656    7.08627 0.0000e+00
      14922    167.128     5.0516     5.0454   3.346526   3.345906     1.7921     2.1338      7.960     0.9155   481.3579 1.0715e-01     0.0800    98.0205     5.4801     5.6511    34.8685    34.8678    27.5650    27.5652    7.08632 0.0000e+00
      14925    167.043     5.0515     5.0458   3.346511   3.345998     1.7930     2.1334      7.960     0.8850   481.3579 1.0715e-01     0.0796    98.0292     5.4819     5.6512    34.8684    34.8685    27.5650    27.5657    7.08634 0.0000e+00
      14928    166.951     5.0517     5.0464   3.346507   3.346020     1.7922     2.1342      7.960     0.9155   481.3579 1.0715e-01     0.0800    98.0205     5.4753     5.6548    34.8683    34.8681    27.5648    27.5653    7.08632 0.0000e+00
      14931    166.855     5.0520     5.0471   3.346568   3.346069     1.7926     2.1325      7.960     0.8952   315.0722 1.0715e-01     0.0796    98.0292     5.4745     5.6492    34.8687    34.8680    27.5652    27.5652    7.08625 0.0000e+00
      14934    166.752     5.0529     5.0475   3.346621   3.346109     1.7926     2.1342      7.960     0.9053    -2.8130 1.0715e-01     0.0800    98.0205     5.4713     5.6537    34.8684    34.8681    27.5648    27.5652    7.08610 0.0000e+00
      14937    166.641     5.0532     5.0480   3.346623   3.346109     1.7930     2.1338      7.960     0.9257     2.4772 1.0715e-01     0.0796    98.0292     5.4715     5.6527    34.8682    34.8677    27.5646    27.5648    7.08606 0.0000e+00
      14940    166.524     5.0538     5.0483   3.346667   3.346139     1.7930     2.1342      7.960     0.9460     2.7930 1.0727e-01     0.0800    98.0205     5.4685     5.6549    34.8681    34.8678    27.5644    27.5648    7.08596 0.0000e+00
      14943    166.407     5.0544     5.0488   3.346734   3.346187     1.7930     2.1342      7.960     0.9257     2.7535 1.0715e-01     0.0796    98.0292     5.4675     5.6537    34.8683    34.8679    27.5645    27.5648    7.08584 0.0000e+00
      14946    166.277     5.0547     5.0486   3.346739   3.346181     1.7934     2.1346      7.960     0.9460     2.7535 1.0715e-01     0.0796    98.0292     5.4699     5.6552    34.8681    34.8680    27.5644    27.5650    7.08581 0.0000e+00
      14949    166.145     5.0547     5.0491   3.346690   3.346216     1.7921     2.1342      7.960     0.9257     2.7535 1.0715e-01     0.0796    98.0292     5.4631     5.6540    34.8677    34.8680    27.5640    27.5649    7.08583 0.0000e+00
      14952    166.010     5.0552     5.0503   3.346822   3.346360     1.7917     2.1346      7.960     0.9358     2.7535 1.0715e-01     0.0800    98.0205     5.4602     5.6541    34.8687    34.8684    27.5648    27.5651    7.08570 0.0000e+00
      14955    165.873     5.0553     5.0521   3.346764   3.346515     1.7921     2.1334      7.960     0.9257     2.7535 1.0715e-01     0.0800    98.0205     5.4608     5.6477    34.8680    34.8685    27.5642    27.5649    7.08571 0.0000e+00
      14958    165.730     5.0550     5.0536   3.346776   3.346659     1.7917     2.1338      7.960     0.9257     6.8594 1.0715e-01     0.0796    98.0292     5.4571     5.6458    34.8685    34.8686    27.5646    27.5649    7.08573 0.0000e+00
      14961    165.582     5.0566     5.0557   3.346965   3.346827     1.7921     2.1346      7.960     0.9053     9.4255 1.0715e-01     0.0800    98.0205     5.4586     5.6475    34.8692    34.8685    27.5650    27.5645    7.08544 0.0000e+00
      14964    165.429     5.0579     5.0571   3.347008   3.346932     1.7917     2.1342      7.960     0.9155     9.3071 1.0715e-01     0.0800    98.0205     5.4576     5.6445    34.8683    34.8683    27.5641    27.5642    7.08525 0.0000e+00
      14967    165.274     5.0580     5.0561   3.347021   3.346809     1.7917     2.1342      7.960     0.9155     9.3071 1.0727e-01     0.0800    98.0205     5.4578     5.6445    34.8685    34.8680    27.5642    27.5641    7.08523 0.0000e+00
      14970    165.119     5.0569     5.0563   3.346926   3.346961     1.7922     2.1346      7.960     0.9053     9.2676 1.0715e-01     0.0800    98.0205     5.4610     5.6451    34.8686    34.8696    27.5645    27.5653    7.08540 0.0000e+00
      14973    164.963     5.0578     5.0589   3.347072   3.347162     1.7921     2.1346      7.960     0.9053     9.2676 1.0715e-01     0.0796    98.0292     5.4637     5.6454    34.8694    34.8693    27.5650    27.5648    7.08521 0.0000e+00
      14976    164.803     5.0611     5.0596   3.347401   3.347132     1.7917     2.1338      7.960     0.8952     9.2676 1.0715e-01     0.0789    98.0465     5.4613     5.6408    34.8699    34.8684    27.5650    27.5640    7.08463 0.0000e+00
      14979    164.641     5.0642     5.0618   3.347658   3.347412     1.7913     2.1338      7.960     0.9053     9.2676 1.0715e-01     0.0789    98.0465     5.4607     5.6400    34.8697    34.8693    27.5645    27.5645    7.08411 0.0000e+00
      14982    164.476     5.0646     5.0629   3.347595   3.347416     1.7913     2.1338      7.960     0.8952     9.1492 1.0715e-01     0.0789    98.0465     5.4597     5.6361    34.8686    34.8683    27.5636    27.5636    7.08409 0.0000e+00
      14985    164.313     5.0649     5.0625   3.347612   3.347385     1.7917     2.1338      7.960     0.8952     0.3453 1.0715e-01     0.0789    98.0465     5.4603     5.6340    34.8686    34.8685    27.5635    27.5638    7.08404 0.0000e+00
      14988    164.147     5.0644     5.0622   3.347591   3.347345     1.7913     2.1338      7.960     0.9460    -0.7601 1.0715e-01     0.0793    98.0378     5.4571     5.6334    34.8690    34.8684    27.5638    27.5637    7.08411 0.0000e+00
      14991    163.983     5.0669     5.0613   3.347936   3.347255     1.7909     2.1338      7.960     0.9257    -0.6811 1.0715e-01     0.0789    98.0465     5.4534     5.6329    34.8704    34.8684    27.5647    27.5638    7.08361 0.0000e+00
      14994    163.819     5.0703     5.0603   3.348150   3.347190     1.7913     2.1338      7.960     0.9257    -0.6811 1.0715e-01     0.0796    98.0292     5.4527     5.6344    34.8694    34.8688    27.5636    27.5642    7.08308 0.0000e+00
      14997    163.656     5.0699     5.0614   3.348179   3.347278     1.7917     2.1338      7.960     0.9358    -0.6811 1.0715e-01     0.0800    98.0205     5.4535     5.6335    34.8703    34.8688    27.5643    27.5641    7.08311 0.0000e+00
      15000    163.499     5.0754     5.0649   3.348750   3.347679     1.7917     2.1329      7.960     0.9358    -0.6811 1.0715e-01     0.0800    98.0205     5.4545     5.6303    34.8712    34.8698    27.5644    27.5645    7.08213 0.0000e+00
      15003    163.340     5.0781     5.0681   3.348916   3.347926     1.7917     2.1329      7.960     0.9460    -0.6811 1.0715e-01     0.0800    98.0205     5.4537     5.6295    34.8704    34.8694    27.5634    27.5638    7.08171 0.0000e+00
      15006    163.187     5.0786     5.0696   3.348945   3.348053     1.7909     2.1325      7.960     0.9358    -0.6811 1.0715e-01     0.0800    98.0205     5.4491     5.6260    34.8704    34.8694    27.5633    27.5636    7.08163 0.0000e+00
      15009    163.036     5.0801     5.0695   3.349130   3.348009     1.7905     2.1325      7.960     0.9460     1.2928 1.0715e-01     0.0800    98.0205     5.4471     5.6246    34.8709    34.8690    27.5636    27.5633    7.08134 0.0000e+00
      15012    162.887     5.0816     5.0704   3.349224   3.348160     1.7905     2.1325      7.960     0.9358    10.3730 1.0715e-01     0.0796    98.0292     5.4477     5.6229    34.8705    34.8699    27.5631    27.5639    7.08110 0.0000e+00
      15015    162.748     5.0820     5.0726   3.349248   3.348372     1.7905     2.1334      7.960     0.9358    10.2940 1.0715e-01     0.0800    98.0205     5.4469     5.6256    34.8705    34.8701    27.5631    27.5639    7.08104 0.0000e+00
      15018    162.617     5.0824     5.0762   3.349254   3.348692     1.7893     2.1325      7.960     0.9460    10.2940 1.0727e-01     0.0800    98.0205     5.4399     5.6232    34.8702    34.8702    27.5627    27.5635    7.08098 0.0000e+00
      15021    162.488     5.0821     5.0784   3.349178   3.348847     1.7905     2.1321      7.960     0.9358    10.2940 1.0715e-01     0.0800    98.0205     5.4438     5.6224    34.8697    34.8698    27.5624    27.5629    7.08106 0.0000e+00
      15024    162.366     5.0790     5.0794   3.348823   3.348885     1.7909     2.1325      7.960     0.9460    10.2940 1.0715e-01     0.0800    98.0205     5.4468     5.6242    34.8689    34.8692    27.5622    27.5623    7.08163 0.0000e+00
      15027    162.251     5.0750     5.0792   3.348461   3.348900     1.7901     2.1321      7.960     0.9358    10.2151 1.0715e-01     0.0800    98.0205     5.4471     5.6218    34.8690    34.8697    27.5627    27.5627    7.08231 0.0000e+00
      15030    162.146     5.0751     5.0779   3.348681   3.348776     1.7901     2.1313      7.960     0.9460    10.2940 1.0715e-01     0.0800    98.0205     5.4477     5.6174    34.8715    34.8696    27.5646    27.5629    7.08217 0.0000e+00
      15033    162.050     5.0800     5.0769   3.349014   3.348610     1.7905     2.1313      7.960     0.9358    10.2546 1.0715e-01     0.0803    98.0118     5.4481     5.6161    34.8702    34.8688    27.5630    27.5622    7.08139 0.0000e+00
      15036    161.963     5.0807     5.0756   3.348935   3.348476     1.7901     2.1309      7.960     0.9257   222.3360 1.0715e-01     0.0800    98.0205     5.4462     5.6156    34.8687    34.8687    27.5617    27.5624    7.08135 0.0000e+00
      15039    161.887     5.0817     5.0731   3.349124   3.348280     1.7897     2.1317      7.960     0.9155   482.1870 1.0715e-01     0.0800    98.0205     5.4428     5.6200    34.8698    34.8690    27.5626    27.5629    7.08113 0.0000e+00
      15042    161.820     5.0826     5.0705   3.349258   3.348067     1.7897     2.1313      7.960     0.9053   481.1606 1.0715e-01     0.0800    98.0205     5.4406     5.6218    34.8705    34.8694    27.5630    27.5635    7.08094 0.0000e+00
