Datasets/AZMP/HUD120/hud120_2020_019.cnv
* Sea-Bird SBE 9 Data File:
* FileName = C:\CTDDATA\hud120_2020_019.hex
* Software Version Seasave V 7.26.7.110
* Temperature SN = 1697
* Conductivity SN = 4216
* Number of Bytes Per Scan = 30
* Number of Voltage Words = 4
* Number of Scans Averaged by the Deck Unit = 1
* NMEA baud rate = 4800
** VESSEL/TRIP/SEQ STN:  hud120_2020_019
** LATITUDE XX XX.XX: 46 04.20 N
** LONGITUDE XX XX.XX: 052 30.00 W
** SOUNDING DEPTH (M): 0091
** PROBE TYPE: S1146
** CTD NUMBER: 009
** FORMAT: V
** COMMENTS (14 CHAR): SEGB-05
** BOTTLES:  8
** LEVELS: 5,10,20,30,40,50,75,BTM
** STICKERS: 439573 - 439580
** VNET: Y
** DO2: N
# nquan = 22
# nvalues = 1623                        
# units = specified
# name 0 = scan: Scan Count
# name 1 = prDM: Pressure, Digiquartz [db]
# name 2 = t090C: Temperature [ITS-90, deg C]
# name 3 = t190C: Temperature, 2 [ITS-90, deg C]
# name 4 = c0S/m: Conductivity [S/m]
# name 5 = c1S/m: Conductivity, 2 [S/m]
# name 6 = sbeox0V: Oxygen raw, SBE 43 [V]
# name 7 = sbeox1V: Oxygen raw, SBE 43, 2 [V]
# name 8 = ph: pH
# name 9 = flECO-AFL: Fluorescence, WET Labs ECO-AFL/FL [mg/m^3]
# name 10 = wetCDOM: Fluorescence, WET Labs CDOM [mg/m^3]
# name 11 = par/sat/log: PAR/Logarithmic, Satlantic [umol photons/m^2/sec]
# name 12 = CStarAt0: Beam Attenuation, WET Labs C-Star [1/m]
# name 13 = CStarTr0: Beam Transmission, WET Labs C-Star [%]
# name 14 = sbeox0ML/L: Oxygen, SBE 43 [ml/l], WS = 2
# name 15 = sbeox1ML/L: Oxygen, SBE 43, 2 [ml/l], WS = 2
# name 16 = sal00: Salinity, Practical [PSU]
# name 17 = sal11: Salinity, Practical, 2 [PSU]
# name 18 = sigma-t00: Density [sigma-t, kg/m^3 ]
# name 19 = sigma-t11: Density, 2 [sigma-t, kg/m^3 ]
# name 20 = oxsatML/L: Oxygen Saturation, Weiss [ml/l]
# name 21 = flag: flag
# span 0 =         27,      24065       
# span 1 =      2.058,     86.785       
# span 2 =    -0.0735,    10.0661       
# span 3 =    -0.0784,    10.0618       
# span 4 =   2.762082,   3.531414       
# span 5 =   2.761785,   3.530948       
# span 6 =     1.7599,     2.2041       
# span 7 =     2.0684,     2.6177       
# span 8 =      7.795,      8.116       
# span 9 =     1.1292,     7.2342       
# span 10 =    -2.8130,   482.1870      
# span 11 = 1.0629e-01, 9.5006e-01      
# span 12 =     0.0928,     0.2673      
# span 13 =    93.5352,    97.7075      
# span 14 =     5.6191,     6.6050      
# span 15 =     5.4264,     7.1061      
# span 16 =    32.0746,    33.1615      
# span 17 =    32.0780,    33.1625      
# span 18 =    24.6872,    26.6223      
# span 19 =    24.6872,    26.6220      
# span 20 =    6.42571,    8.16308      
# span 21 = 0.0000e+00, 0.0000e+00      
# interval = scans: 3                   
# start_time = Nov 17 2020 21:11:50 [System UTC, header]
# bad_flag = -9.990e-29
*END*
[from data line 1449]
      19823     15.086    10.0508    10.0463   3.530327   3.529862     2.2008     2.6055      8.111     5.3416    13.3734 1.0715e-01     0.2502    93.9351     6.3172     6.4174    32.1111    32.1104    24.6886    24.6888    6.42796 0.0000e+00
      19826     14.863    10.0500    10.0461   3.530306   3.529802     2.2004     2.6046      8.116     5.3416    12.9391 1.0703e-01     0.2499    93.9438     6.3153     6.4153    32.1116    32.1100    24.6891    24.6885    6.42805 0.0000e+00
      19829     14.654    10.0511    10.0464   3.530383   3.529874     2.2017     2.6050      8.111     5.4128    12.9786 1.0703e-01     0.2506    93.9264     6.3191     6.4169    32.1116    32.1106    24.6889    24.6889    6.42790 0.0000e+00
      19832     14.462    10.0509    10.0469   3.530356   3.529900     2.2013     2.6055      8.116     5.4840    12.9786 1.0715e-01     0.2506    93.9264     6.3166     6.4187    32.1115    32.1105    24.6888    24.6887    6.42792 0.0000e+00
      19835     14.278    10.0508    10.0468   3.530317   3.529902     2.2013     2.6046      8.113     5.4739    12.9786 1.0703e-01     0.2510    93.9177     6.3168     6.4168    32.1114    32.1107    24.6887    24.6889    6.42795 0.0000e+00
      19838     14.110    10.0503    10.0466   3.530284   3.529867     2.2004     2.6050      8.114     5.4840    12.9391 1.0703e-01     0.2513    93.9090     6.3147     6.4195    32.1115    32.1106    24.6890    24.6889    6.42802 0.0000e+00
      19841     13.958    10.0499    10.0464   3.530241   3.529825     2.2004     2.6046      8.114     5.4739    12.9391 1.0703e-01     0.2510    93.9177     6.3162     6.4186    32.1115    32.1104    24.6890    24.6887    6.42807 0.0000e+00
      19844     13.819    10.0494    10.0462   3.530233   3.529784     2.1996     2.6046      8.111     5.4840    12.9391 1.0715e-01     0.2510    93.9177     6.3134     6.4190    32.1119    32.1102    24.6894    24.6886    6.42812 0.0000e+00
      19847     13.700    10.0497    10.0455   3.530179   3.529714     2.1992     2.6059      8.114     5.4637   265.8813 1.0715e-01     0.2513    93.9090     6.3115     6.4261    32.1111    32.1102    24.6888    24.6887    6.42811 0.0000e+00
      19850     13.603    10.0486    10.0443   3.530118   3.529617     2.1992     2.6038      8.113     5.4840   481.8712 1.0715e-01     0.2510    93.9177     6.3111     6.4222    32.1116    32.1104    24.6893    24.6890    6.42825 0.0000e+00
      19853     13.523    10.0481    10.0428   3.530048   3.529457     2.1988     2.6046      8.114     5.4739   480.9632 1.0715e-01     0.2510    93.9177     6.3111     6.4269    32.1114    32.1101    24.6892    24.6890    6.42834 0.0000e+00
      19856     13.459    10.0471    10.0420   3.529954   3.529409     2.1980     2.6038      8.113     5.8809   481.3579 1.0715e-01     0.2499    93.9438     6.3102     6.4282    32.1114    32.1103    24.6893    24.6894    6.42848 0.0000e+00
      19859     13.414    10.0467    10.0424   3.529928   3.529439     2.1988     2.6042      8.113     5.9928   481.3184 1.0715e-01     0.2495    93.9525     6.3150     6.4327    32.1114    32.1103    24.6894    24.6893    6.42852 0.0000e+00
      19902     13.382    10.0477    10.0435   3.530022   3.529534     2.2000     2.6071      8.116     5.9826   320.1255 1.0715e-01     0.2491    93.9612     6.3207     6.4415    32.1115    32.1103    24.6893    24.6891    6.42838 0.0000e+00
      19985     13.248    10.0483    10.0449   3.530036   3.529646     2.2013     2.6136      8.113     5.9013    -1.0364 1.0703e-01     0.2488    93.9698     6.3227     6.4556    32.1111    32.1103    24.6890    24.6889    6.42831 0.0000e+00
      19988     13.054    10.0479    10.0445   3.529998   3.529606     2.2013     2.6132      8.111     5.4434    -1.0364 1.0715e-01     0.2491    93.9612     6.3191     6.4541    32.1112    32.1103    24.6891    24.6889    6.42837 0.0000e+00
      19991     12.864    10.0478    10.0442   3.529957   3.529585     2.2013     2.6132      8.114     5.4535    -1.0364 1.0715e-01     0.2484    93.9785     6.3173     6.4546    32.1110    32.1104    24.6889    24.6891    6.42839 0.0000e+00
      19994     12.682    10.0476    10.0443   3.529934   3.529568     2.2004     2.6120      8.114     5.4434    -1.0759 1.0703e-01     0.2495    93.9525     6.3129     6.4513    32.1110    32.1102    24.6890    24.6889    6.42842 0.0000e+00
      19997     12.506    10.0475    10.0439   3.529926   3.529527     2.2004     2.6132      8.113     5.4434    -1.0364 1.0715e-01     0.2536    93.8569     6.3115     6.4551    32.1110    32.1102    24.6890    24.6890    6.42842 0.0000e+00
      20000     12.343    10.0473    10.0438   3.529887   3.529489     2.1992     2.6132      8.114     5.4332    -1.0364 1.0703e-01     0.2540    93.8482     6.3060     6.4556    32.1109    32.1100    24.6890    24.6889    6.42847 0.0000e+00
      20003     12.193    10.0473    10.0439   3.529898   3.529500     2.1992     2.6132      8.116     5.4332     0.2269 1.0703e-01     0.2540    93.8482     6.3074     6.4561    32.1111    32.1101    24.6891    24.6889    6.42846 0.0000e+00
      20006     12.056    10.0479    10.0445   3.529963   3.529596     2.1988     2.6132      8.116     5.4434     5.8329 1.0715e-01     0.2540    93.8482     6.3081     6.4557    32.1113    32.1106    24.6892    24.6892    6.42836 0.0000e+00
      20009     11.931    10.0482    10.0451   3.529996   3.529616     2.1984     2.6132      8.113     5.4434     5.7145 1.0715e-01     0.2540    93.8482     6.3100     6.4547    32.1114    32.1103    24.6892    24.6889    6.42831 0.0000e+00
      20012     11.818    10.0486    10.0450   3.530029   3.529563     2.1988     2.6136      8.113     5.7079     5.7145 1.0715e-01     0.2540    93.8482     6.3135     6.4554    32.1115    32.1099    24.6892    24.6886    6.42826 0.0000e+00
      20015     11.709    10.0494    10.0445   3.530092   3.529548     2.1984     2.6144      8.116     6.0640     5.7145 1.0690e-01     0.2529    93.8743     6.3137     6.4567    32.1114    32.1103    24.6890    24.6889    6.42814 0.0000e+00
      20018     11.614    10.0497    10.0441   3.530117   3.529503     2.1984     2.6144      8.113     6.0640     5.7145 1.0715e-01     0.2495    93.9525     6.3179     6.4550    32.1115    32.1102    24.6890    24.6889    6.42810 0.0000e+00
      20021     11.526    10.0498    10.0442   3.530083   3.529492     2.1988     2.6144      8.114     6.0539     5.7145 1.0703e-01     0.2495    93.9525     6.3219     6.4529    32.1111    32.1100    24.6887    24.6888    6.42811 0.0000e+00
      20024     11.443    10.0494    10.0441   3.530067   3.529500     2.1988     2.6144      8.111     6.0437     5.7145 1.0715e-01     0.2495    93.9525     6.3232     6.4511    32.1112    32.1103    24.6889    24.6890    6.42815 0.0000e+00
      20027     11.365    10.0492    10.0445   3.530014   3.529505     2.1980     2.6144      8.116     6.0640     5.7145 1.0715e-01     0.2495    93.9525     6.3207     6.4488    32.1109    32.1100    24.6887    24.6887    6.42819 0.0000e+00
      20030     11.294    10.0488    10.0445   3.530004   3.529529     2.1992     2.6140      8.113     6.0640     5.9908 1.0715e-01     0.2495    93.9525     6.3268     6.4461    32.1113    32.1102    24.6890    24.6889    6.42824 0.0000e+00
      20033     11.225    10.0488    10.0445   3.529995   3.529530     2.1996     2.6140      8.113     6.0539     6.3067 1.0715e-01     0.2495    93.9525     6.3264     6.4447    32.1112    32.1103    24.6889    24.6890    6.42824 0.0000e+00
      20036     11.157    10.0490    10.0445   3.530009   3.529518     2.1980     2.6132      8.114     6.0539     6.3067 1.0690e-01     0.2491    93.9612     6.3183     6.4397    32.1112    32.1102    24.6889    24.6889    6.42821 0.0000e+00
      20039     11.093    10.0491    10.0446   3.530015   3.529514     2.1988     2.6132      8.114     6.2574     6.3067 1.0715e-01     0.2484    93.9785     6.3207     6.4382    32.1112    32.1101    24.6889    24.6888    6.42820 0.0000e+00
      20042     11.031    10.0494    10.0443   3.530050   3.529498     2.1992     2.6132      8.113     6.3387     6.3067 1.0715e-01     0.2484    93.9785     6.3199     6.4383    32.1113    32.1102    24.6889    24.6889    6.42815 0.0000e+00
      20045     10.970    10.0496    10.0443   3.530091   3.529502     2.1992     2.6136      8.114     6.3286     6.3067 1.0715e-01     0.2484    93.9785     6.3190     6.4408    32.1115    32.1103    24.6891    24.6890    6.42811 0.0000e+00
      20048     10.908    10.0499    10.0445   3.530094   3.529498     2.1980     2.6128      8.114     6.3082     6.3067 1.0715e-01     0.2484    93.9785     6.3142     6.4401    32.1113    32.1101    24.6889    24.6888    6.42807 0.0000e+00
      20051     10.853    10.0499    10.0446   3.530089   3.529498     2.1988     2.6124      8.114     6.3184     6.3067 1.0703e-01     0.2484    93.9785     6.3170     6.4409    32.1113    32.1101    24.6889    24.6888    6.42808 0.0000e+00
      20054     10.802    10.0499    10.0445   3.530098   3.529505     2.1992     2.6132      8.111     6.3184     6.3067 1.0715e-01     0.2484    93.9785     6.3186     6.4452    32.1114    32.1102    24.6889    24.6889    6.42807 0.0000e+00
      20057     10.749    10.0499    10.0446   3.530124   3.529492     2.1972     2.6128      8.114     6.3286     3.3062 1.0703e-01     0.2484    93.9785     6.3126     6.4456    32.1117    32.1101    24.6891    24.6888    6.42806 0.0000e+00
      20060     10.695    10.0504    10.0448   3.530127   3.529549     2.1980     2.6120      8.116     6.3286     2.2403 1.0703e-01     0.2484    93.9785     6.3164     6.4442    32.1113    32.1104    24.6888    24.6890    6.42800 0.0000e+00
      20063     10.638    10.0501    10.0448   3.530100   3.529521     2.1980     2.6120      8.113     6.3591     2.2798 1.0703e-01     0.2484    93.9785     6.3157     6.4447    32.1113    32.1102    24.6888    24.6888    6.42805 0.0000e+00
      20066     10.583    10.0506    10.0449   3.530170   3.529527     2.1976     2.6128      8.113     6.8374     2.2798 1.0715e-01     0.2484    93.9785     6.3155     6.4477    32.1116    32.1102    24.6890    24.6888    6.42796 0.0000e+00
      20069     10.535    10.0517    10.0453   3.530246   3.529574     2.1980     2.6132      8.116     6.8475     2.2798 1.0715e-01     0.2484    93.9785     6.3178     6.4496    32.1114    32.1103    24.6886    24.6889    6.42782 0.0000e+00
      20072     10.491    10.0522    10.0454   3.530336   3.529575     2.1980     2.6136      8.114     6.8373     2.2798 1.0715e-01     0.2484    93.9785     6.3180     6.4524    32.1119    32.1103    24.6889    24.6888    6.42772 0.0000e+00
      20075     10.460    10.0518    10.0451   3.530258   3.529560     2.1980     2.6132      8.114     6.8271     2.2798 1.0715e-01     0.2484    93.9785     6.3185     6.4519    32.1115    32.1104    24.6887    24.6889    6.42780 0.0000e+00
      20078     10.423    10.0519    10.0450   3.530308   3.529551     2.1988     2.6132      8.114     6.8475     2.2798 1.0690e-01     0.2491    93.9612     6.3230     6.4526    32.1119    32.1104    24.6890    24.6889    6.42777 0.0000e+00
      20081     10.380    10.0518    10.0457   3.530235   3.529606     2.1984     2.6132      8.114     6.8373     2.2798 1.0715e-01     0.2488    93.9698     6.3206     6.4541    32.1113    32.1104    24.6885    24.6888    6.42781 0.0000e+00
      20084     10.332    10.0504    10.0462   3.530048   3.529627     2.1980     2.6132      8.113     6.8373     2.2798 1.0703e-01     0.2484    93.9785     6.3178     6.4537    32.1107    32.1101    24.6883    24.6885    6.42803 0.0000e+00
      20087     10.288    10.0500    10.0461   3.530092   3.529639     2.1984     2.6132      8.113     6.8271     2.2798 1.0703e-01     0.2491    93.9612     6.3187     6.4516    32.1115    32.1103    24.6890    24.6888    6.42806 0.0000e+00
      20090     10.252    10.0501    10.0462   3.530122   3.529649     2.1984     2.6132      8.116     6.7661     2.2798 1.0715e-01     0.2484    93.9785     6.3185     6.4499    32.1118    32.1104    24.6892    24.6888    6.42804 0.0000e+00
      20093     10.219    10.0511    10.0466   3.530222   3.529678     2.1976     2.6132      8.114     6.5626     2.2798 1.0703e-01     0.2488    93.9698     6.3157     6.4501    32.1119    32.1104    24.6891    24.6887    6.42789 0.0000e+00
      20096     10.183    10.0507    10.0463   3.530127   3.529629     2.1976     2.6144      8.114     6.5728     2.2798 1.0715e-01     0.2491    93.9612     6.3161     6.4534    32.1113    32.1101    24.6887    24.6885    6.42797 0.0000e+00
      20099     10.143    10.0498    10.0460   3.530016   3.529626     2.1984     2.6136      8.114     6.5728     2.2798 1.0715e-01     0.2480    93.9872     6.3192     6.4509    32.1110    32.1103    24.6886    24.6888    6.42811 0.0000e+00
      20102     10.104    10.0496    10.0465   3.530023   3.529678     2.1980     2.6144      8.114     6.5829     2.2798 1.0715e-01     0.2480    93.9872     6.3196     6.4532    32.1113    32.1105    24.6888    24.6887    6.42813 0.0000e+00
      20105     10.072    10.0490    10.0466   3.529943   3.529678     2.1968     2.6144      8.116     6.5626     2.2798 1.0690e-01     0.2484    93.9785     6.3161     6.4532    32.1110    32.1104    24.6887    24.6887    6.42822 0.0000e+00
      20108     10.040    10.0491    10.0460   3.529969   3.529632     2.1980     2.6136      8.113     6.5728     2.5561 1.0715e-01     0.2480    93.9872     6.3208     6.4506    32.1112    32.1105    24.6889    24.6889    6.42820 0.0000e+00
      20111     10.012    10.0492    10.0458   3.529986   3.529596     2.1976     2.6132      8.113     6.5626     3.2273 1.0703e-01     0.2477    93.9959     6.3187     6.4488    32.1113    32.1103    24.6889    24.6888    6.42818 0.0000e+00
      20351      9.974    10.0536    10.0500   3.530436   3.529995     2.2013     2.6107      8.116     6.1556    14.8736 1.0715e-01     0.2529    93.8742     6.3143     6.4274    32.1119    32.1107    24.6887    24.6883    6.42752 0.0000e+00
      20354      9.900    10.0534    10.0500   3.530421   3.529993     2.2004     2.6099      8.116     6.0844    14.5973 1.0715e-01     0.2529    93.8742     6.3097     6.4250    32.1120    32.1107    24.6888    24.6883    6.42756 0.0000e+00
      20357      9.833    10.0536    10.0501   3.530421   3.529993     2.2008     2.6099      8.116     6.0844    14.5973 1.0703e-01     0.2529    93.8742     6.3120     6.4247    32.1118    32.1106    24.6886    24.6882    6.42752 0.0000e+00
      20360      9.768    10.0537    10.0502   3.530407   3.530024     2.2008     2.6095      8.116     6.0844    14.5973 1.0715e-01     0.2525    93.8829     6.3128     6.4250    32.1116    32.1109    24.6885    24.6885    6.42752 0.0000e+00
      20363      9.710    10.0537    10.0503   3.530429   3.530017     2.1996     2.6091      8.114     6.0742    14.6368 1.0703e-01     0.2517    93.9003     6.3090     6.4256    32.1118    32.1107    24.6887    24.6883    6.42751 0.0000e+00
      20366      9.658    10.0537    10.0504   3.530426   3.530027     2.1996     2.6095      8.116     6.0742    14.5973 1.0703e-01     0.2517    93.9003     6.3086     6.4294    32.1119    32.1108    24.6887    24.6883    6.42752 0.0000e+00
      20369      9.612    10.0538    10.0504   3.530399   3.530018     2.1996     2.6099      8.114     6.0742    41.3246 1.0703e-01     0.2517    93.9003     6.3101     6.4317    32.1115    32.1107    24.6884    24.6883    6.42752 0.0000e+00
      20372      9.572    10.0534    10.0501   3.530391   3.529984     2.1992     2.6095      8.116     6.0742   448.8667 1.0715e-01     0.2517    93.9003     6.3085     6.4326    32.1118    32.1106    24.6887    24.6883    6.42756 0.0000e+00
