Datasets/AZMP/HUD120/hud120_2020_026.cnv
* Sea-Bird SBE 9 Data File:
* FileName = C:\CTDDATA\hud120_2020_026.hex
* Software Version Seasave V 7.26.7.110
* Temperature SN = 1697
* Conductivity SN = 4216
* Number of Bytes Per Scan = 30
* Number of Voltage Words = 4
* Number of Scans Averaged by the Deck Unit = 1
* NMEA baud rate = 4800
** VESSEL/TRIP/SEQ STN:  hud120_2020_026
** LATITUDE XX XX.XX: 43 38.00 N
** LONGITUDE XX XX.XX: 050 31.00 W
** SOUNDING DEPTH (M): 0065
** PROBE TYPE: S1146
** CTD NUMBER: 016
** FORMAT: V
** COMMENTS (14 CHAR): SEGB-12
** BOTTLES:  7
** LEVELS: 5,10,20,30,40,50,BTM
** STICKERS: 439616 - 439622
** VNET: Y
** DO2: N
# nquan = 22
# nvalues = 1290                        
# units = specified
# name 0 = scan: Scan Count
# name 1 = prDM: Pressure, Digiquartz [db]
# name 2 = t090C: Temperature [ITS-90, deg C]
# name 3 = t190C: Temperature, 2 [ITS-90, deg C]
# name 4 = c0S/m: Conductivity [S/m]
# name 5 = c1S/m: Conductivity, 2 [S/m]
# name 6 = sbeox0V: Oxygen raw, SBE 43 [V]
# name 7 = sbeox1V: Oxygen raw, SBE 43, 2 [V]
# name 8 = ph: pH
# name 9 = flECO-AFL: Fluorescence, WET Labs ECO-AFL/FL [mg/m^3]
# name 10 = wetCDOM: Fluorescence, WET Labs CDOM [mg/m^3]
# name 11 = par/sat/log: PAR/Logarithmic, Satlantic [umol photons/m^2/sec]
# name 12 = CStarAt0: Beam Attenuation, WET Labs C-Star [1/m]
# name 13 = CStarTr0: Beam Transmission, WET Labs C-Star [%]
# name 14 = sbeox0ML/L: Oxygen, SBE 43 [ml/l], WS = 2
# name 15 = sbeox1ML/L: Oxygen, SBE 43, 2 [ml/l], WS = 2
# name 16 = sal00: Salinity, Practical [PSU]
# name 17 = sal11: Salinity, Practical, 2 [PSU]
# name 18 = sigma-t00: Density [sigma-t, kg/m^3 ]
# name 19 = sigma-t11: Density, 2 [sigma-t, kg/m^3 ]
# name 20 = oxsatML/L: Oxygen Saturation, Weiss [ml/l]
# name 21 = flag: flag
# span 0 =         77,      20250       
# span 1 =      2.290,     62.713       
# span 2 =     3.9025,     9.7348       
# span 3 =     3.8980,     9.7302       
# span 4 =   3.036615,   3.492753       
# span 5 =   3.036263,   3.492211       
# span 6 =     1.9715,     2.2370       
# span 7 =     2.3284,     2.6628       
# span 8 =      7.942,      8.119       
# span 9 =     1.7905,     8.1194       
# span 10 =    -2.8130,   482.1870      
# span 11 = 1.0580e-01, 6.7068e-01      
# span 12 =     0.1791,     1.0067      
# span 13 =    77.7500,    95.6214      
# span 14 =     6.2148,     6.6304      
# span 15 =     6.0875,     6.7717      
# span 16 =    32.0023,    32.5987      
# span 17 =    32.0037,    32.5418      
# span 18 =    24.6653,    25.8442      
# span 19 =    24.6649,    25.7923      
# span 20 =    6.47708,    7.40416      
# span 21 = 0.0000e+00, 0.0000e+00      
# interval = scans: 3                   
# start_time = Nov 18 2020 20:24:53 [System UTC, header]
# bad_flag = -9.990e-29
*END*
[from data line 856]
      10117     33.244     9.5424     9.4950   3.479608   3.476094     2.1898     2.5968      8.079     3.5203     1.6086 1.0715e-01     0.1882    95.4041     6.4220     6.5119    32.0404    32.0468    24.7162    24.7287    6.50382 0.0000e+00
      10120     33.132     9.5421     9.5078   3.479506   3.476746     2.1910     2.5968      8.081     3.5203    -0.3258 1.0715e-01     0.1907    95.3432     6.4263     6.5090    32.0397    32.0422    24.7156    24.7230    6.50390 0.0000e+00
      10123     33.027     9.5377     9.5080   3.479077   3.476677     2.1910     2.5984      8.081     3.4999    -0.2074 1.0715e-01     0.1907    95.3432     6.4249     6.5130    32.0393    32.0413    24.7160    24.7223    6.50455 0.0000e+00
      10126     32.930     9.5380     9.5097   3.479422   3.476826     2.1918     2.5984      8.081     3.5203    -0.2074 1.0715e-01     0.1907    95.3432     6.4265     6.5119    32.0425    32.0413    24.7185    24.7221    6.50437 0.0000e+00
      10129     32.836     9.5372     9.5106   3.479016   3.476860     2.1926     2.5980      8.081     4.2834    -0.2074 1.0715e-01     0.1911    95.3345     6.4278     6.5093    32.0392    32.0409    24.7160    24.7216    6.50463 0.0000e+00
      10132     32.749     9.5320     9.5139   3.478711   3.477371     2.1922     2.5984      8.081     4.4055    -0.2074 1.0715e-01     0.1911    95.3345     6.4247     6.5084    32.0407    32.0432    24.7181    24.7229    6.50532 0.0000e+00
      10135     32.669     9.5380     9.5287   3.479219   3.478521     2.1930     2.5980      8.081     4.3851    -0.2074 1.0715e-01     0.1907    95.3432     6.4258     6.5048    32.0406    32.0418    24.7170    24.7195    6.50445 0.0000e+00
      10138     32.593     9.5427     9.5309   3.479535   3.478220     2.1934     2.5980      8.081     4.4157    -0.2074 1.0715e-01     0.1966    95.2041     6.4264     6.5040    32.0397    32.0367    24.7155    24.7151    6.50381 0.0000e+00
      10141     32.520     9.5407     9.5286   3.479220   3.478123     2.1934     2.5984      8.081     4.4055    41.0482 1.0715e-01     0.2076    94.9434     6.4251     6.5052    32.0383    32.0379    24.7148    24.7164    6.50416 0.0000e+00
      10144     32.453     9.5383     9.5241   3.478865   3.477829     2.1938     2.5976      8.084     4.3953   456.8020 1.0715e-01     0.2072    94.9521     6.4246     6.5026    32.0368    32.0389    24.7140    24.7179    6.50456 0.0000e+00
      10147     32.391     9.5351     9.5188   3.478372   3.477318     2.1946     2.5984      8.084     4.4055   481.5553 1.0715e-01     0.2076    94.9434     6.4268     6.5058    32.0347    32.0384    24.7128    24.7183    6.50513 0.0000e+00
      10150     32.336     9.5295     9.5094   3.478193   3.476293     2.1942     2.5984      8.084     4.3953   481.1605 1.0715e-01     0.2076    94.9434     6.4237     6.5085    32.0379    32.0364    24.7162    24.7183    6.50580 0.0000e+00
      10153     32.283     9.5273     9.4973   3.477964   3.475495     2.1942     2.5984      8.085     4.4055   481.3184 1.0715e-01     0.2072    94.9521     6.4241     6.5108    32.0375    32.0390    24.7163    24.7223    6.50614 0.0000e+00
      10156     32.231     9.5209     9.4935   3.477682   3.475315     2.1951     2.5988      8.084     4.4361   481.3579 1.0715e-01     0.2076    94.9434     6.4283     6.5140    32.0404    32.0406    24.7196    24.7241    6.50695 0.0000e+00
      10159     32.179     9.5308     9.4982   3.478520   3.475560     2.1959     2.5992      8.082     4.4361   481.3579 1.0715e-01     0.2120    94.8391     6.4283     6.5149    32.0401    32.0390    24.7177    24.7221    6.50552 0.0000e+00
      10162     32.131     9.5408     9.4957   3.479369   3.475387     2.1959     2.5984      8.084     4.4361   481.3579 1.0715e-01     0.2153    94.7608     6.4269     6.5123    32.0399    32.0395    24.7159    24.7229    6.50407 0.0000e+00
      10165     32.088     9.5480     9.4949   3.479684   3.475233     2.1959     2.5996      8.085     4.4564   481.3184 1.0715e-01     0.2153    94.7608     6.4260     6.5181    32.0367    32.0386    24.7123    24.7223    6.50317 0.0000e+00
      10168     32.044     9.5483     9.4989   3.479784   3.475730     2.1959     2.5992      8.085     4.4361   340.3783 1.0715e-01     0.2153    94.7608     6.4253     6.5166    32.0375    32.0401    24.7129    24.7229    6.50309 0.0000e+00
      10171     32.003     9.5524     9.5029   3.479942   3.476061     2.1959     2.5996      8.085     4.4259     2.2403 1.0715e-01     0.2153    94.7608     6.4235     6.5166    32.0355    32.0399    24.7107    24.7221    6.50259 0.0000e+00
      10174     31.964     9.5533     9.5114   3.479910   3.476784     2.1959     2.5996      8.085     4.4361    13.8472 1.0715e-01     0.2157    94.7521     6.4235     6.5162    32.0344    32.0398    24.7097    24.7207    6.50250 0.0000e+00
      10177     31.927     9.5547     9.5057   3.480124   3.476113     2.1975     2.5996      8.085     4.4361    13.3734 1.0715e-01     0.2157    94.7521     6.4276     6.5187    32.0353    32.0381    24.7102    24.7201    6.50225 0.0000e+00
      10180     31.886     9.5569     9.5034   3.480229   3.475804     2.1967     2.6005      8.085     4.5988    13.4129 1.0715e-01     0.2182    94.6913     6.4222     6.5227    32.0344    32.0369    24.7091    24.7197    6.50197 0.0000e+00
      10183     31.848     9.5561     9.4948   3.480185   3.474955     2.1971     2.5992      8.085     4.8532    13.3734 1.0715e-01     0.2186    94.6826     6.4229     6.5227    32.0347    32.0359    24.7095    24.7202    6.50208 0.0000e+00
      10186     31.808     9.5565     9.4831   3.480035   3.474220     2.1979     2.6005      8.085     4.8329    13.4129 1.0715e-01     0.2186    94.6826     6.4244     6.5286    32.0329    32.0389    24.7080    24.7244    6.50210 0.0000e+00
      10189     31.768     9.5557     9.4828   3.479553   3.474014     2.1979     2.6013      8.085     4.8430    13.3734 1.0715e-01     0.2186    94.6826     6.4233     6.5318    32.0286    32.0371    24.7048    24.7231    6.50238 0.0000e+00
      10192     31.727     9.5486     9.4780   3.479291   3.473401     2.1979     2.6009      8.085     4.8329    13.3734 1.0715e-01     0.2186    94.6826     6.4233     6.5324    32.0323    32.0351    24.7088    24.7223    6.50326 0.0000e+00
      10195     31.685     9.5473     9.4719   3.478853   3.473042     2.1975     2.6005      8.085     4.8329   282.5810 1.0715e-01     0.2186    94.6826     6.4211     6.5333    32.0290    32.0369    24.7064    24.7246    6.50359 0.0000e+00
      10198     31.644     9.5498     9.4753   3.478980   3.472976     2.1983     2.6021      8.085     4.8430   481.6343 1.0715e-01     0.2193    94.6652     6.4221     6.5394    32.0281    32.0332    24.7054    24.7212    6.50327 0.0000e+00
      10201     31.602     9.5442     9.4652   3.478654   3.472245     2.1979     2.6021      8.085     4.8329   480.9237 1.0715e-01     0.2208    94.6305     6.4197     6.5419    32.0298    32.0348    24.7075    24.7240    6.50400 0.0000e+00
      10204     31.558     9.5475     9.4609   3.478873   3.472301     2.1983     2.6029      8.085     4.8227   481.3579 1.0715e-01     0.2208    94.6305     6.4217     6.5464    32.0291    32.0392    24.7065    24.7283    6.50356 0.0000e+00
      10207     31.514     9.5413     9.4629   3.478051   3.472454     2.1979     2.6033      8.085     5.1076   481.3184 1.0715e-01     0.2208    94.6305     6.4219     6.5477    32.0262    32.0390    24.7052    24.7277    6.50457 0.0000e+00
      10210     31.470     9.5305     9.4588   3.477176   3.472104     2.1971     2.6025      8.085     5.2398   481.3184 1.0715e-01     0.2208    94.6305     6.4224     6.5434    32.0269    32.0391    24.7075    24.7284    6.50611 0.0000e+00
      10213     31.422     9.5234     9.4577   3.476600   3.471418     2.1979     2.6033      8.085     5.2195   481.3579 1.0715e-01     0.2208    94.6305     6.4270     6.5459    32.0274    32.0331    24.7090    24.7240    6.50712 0.0000e+00
      10216     31.372     9.5244     9.4491   3.476596   3.470769     2.1987     2.6037      8.085     5.2297   481.3579 1.0715e-01     0.2208    94.6305     6.4299     6.5479    32.0265    32.0342    24.7082    24.7262    6.50701 0.0000e+00
      10219     31.321     9.5172     9.4379   3.476362   3.469976     2.1987     2.6045      8.085     5.2398   481.1210 1.0715e-01     0.2219    94.6044     6.4310     6.5513    32.0305    32.0361    24.7125    24.7294    6.50789 0.0000e+00
      10222     31.266     9.5007     9.4302   3.474877   3.469972     2.1983     2.6049      8.085     5.2195    76.4609 1.0715e-01     0.2230    94.5783     6.4338     6.5523    32.0301    32.0429    24.7148    24.7360    6.51030 0.0000e+00
      10225     31.211     9.4893     9.4306   3.474650   3.469623     2.1987     2.6054      8.085     5.2297     2.5956 1.0715e-01     0.2230    94.5783     6.4374     6.5539    32.0380    32.0390    24.7228    24.7329    6.51164 0.0000e+00
      10228     31.153     9.5000     9.4311   3.475583   3.469918     2.1991     2.6058      8.085     5.2297     6.5041 1.0715e-01     0.2230    94.5783     6.4374     6.5553    32.0381    32.0416    24.7210    24.7348    6.51008 0.0000e+00
      10231     31.091     9.5043     9.4407   3.475827   3.470921     2.2003     2.6058      8.085     5.2398     6.3067 1.0715e-01     0.2230    94.5783     6.4419     6.5522    32.0367    32.0434    24.7193    24.7347    6.50951 0.0000e+00
      10234     31.024     9.5043     9.4530   3.475595   3.471668     2.1999     2.6045      8.085     5.3721     6.3067 1.0715e-01     0.2230    94.5783     6.4397     6.5454    32.0344    32.0400    24.7175    24.7301    6.50961 0.0000e+00
      10237     30.955     9.5015     9.4554   3.475711   3.471921     2.1991     2.6058      8.087     5.3721     6.3067 1.0715e-01     0.2230    94.5783     6.4354     6.5482    32.0381    32.0405    24.7209    24.7300    6.50986 0.0000e+00
      10240     30.885     9.5046     9.4786   3.476028   3.474598     2.1991     2.6062      8.085     5.3925     6.3067 1.0715e-01     0.2256    94.5175     6.4352     6.5446    32.0386    32.0472    24.7208    24.7316    6.50939 0.0000e+00
      10243     30.813     9.5055     9.5056   3.476300   3.476350     2.2003     2.6070      8.085     5.3721     6.3067 1.0715e-01     0.2263    94.5001     6.4401     6.5425    32.0406    32.0410    24.7222    24.7225    6.50918 0.0000e+00
      10246     30.738     9.5189     9.5220   3.477021   3.477354     2.2003     2.6070      8.085     5.3925    74.4870 1.0715e-01     0.2263    94.5001     6.4384     6.5397    32.0361    32.0367    24.7165    24.7164    6.50741 0.0000e+00
      10249     30.666     9.5265     9.5290   3.477847   3.477648     2.1999     2.6074      8.085     5.3721   470.5407 1.0715e-01     0.2263    94.5001     6.4355     6.5400    32.0378    32.0335    24.7166    24.7129    6.50625 0.0000e+00
      10252     30.610     9.5352     9.5295   3.478738   3.477570     2.2003     2.6078      8.085     5.3925   481.5159 1.0715e-01     0.2263    94.5001     6.4355     6.5424    32.0391    32.0323    24.7163    24.7119    6.50492 0.0000e+00
      10259     30.552     9.5453     9.5190   3.478904   3.476587     2.2007     2.6066      8.087     5.3416   481.2000 1.0715e-01     0.2252    94.5262     6.4354     6.5412    32.0318    32.0316    24.7089    24.7130    6.50376 0.0000e+00
      10269     30.489     9.5433     9.5085   3.478519   3.475639     2.2012     2.6082      8.085     5.2806   481.3579 1.0715e-01     0.2226    94.5870     6.4369     6.5483    32.0297    32.0313    24.7076    24.7145    6.50414 0.0000e+00
      10272     30.460     9.5398     9.5050   3.478330   3.475293     2.2024     2.6090      8.085     5.2806   433.9831 1.0715e-01     0.2230    94.5783     6.4419     6.5516    32.0309    32.0309    24.7091    24.7147    6.50460 0.0000e+00
      10275     30.431     9.5322     9.5012   3.477399   3.475134     2.2016     2.6094      8.087     5.3111    23.7564 1.0715e-01     0.2226    94.5870     6.4386     6.5549    32.0282    32.0327    24.7083    24.7167    6.50581 0.0000e+00
      10278     30.401     9.5219     9.5022   3.476950   3.475294     2.2016     2.6094      8.085     5.2806    12.8602 1.0715e-01     0.2230    94.5783     6.4394     6.5561    32.0328    32.0334    24.7135    24.7171    6.50712 0.0000e+00
      10281     30.364     9.5275     9.5049   3.476982   3.475319     2.2020     2.6102      8.085     5.2908    13.4129 1.0715e-01     0.2267    94.4914     6.4394     6.5568    32.0281    32.0313    24.7089    24.7150    6.50650 0.0000e+00
      10284     30.316     9.5193     9.5024   3.476543   3.475060     2.2024     2.6102      8.087     5.3111    13.4129 1.0715e-01     0.2274    94.4740     6.4411     6.5583    32.0310    32.0308    24.7124    24.7151    6.50756 0.0000e+00
      10287     30.255     9.5185     9.5000   3.476605   3.474943     2.2024     2.6110      8.085     5.4129    13.3339 1.0715e-01     0.2274    94.4740     6.4410     6.5616    32.0323    32.0319    24.7136    24.7163    6.50762 0.0000e+00
      10290     30.162     9.5194     9.5023   3.476714   3.475151     2.2020     2.6106      8.085     5.4230    13.3339 1.0715e-01     0.2274    94.4740     6.4385     6.5595    32.0327    32.0320    24.7138    24.7160    6.50748 0.0000e+00
      10293     30.063     9.5238     9.5079   3.477294   3.475784     2.2020     2.6106      8.085     5.4129    13.3734 1.0715e-01     0.2274    94.4740     6.4381     6.5579    32.0348    32.0335    24.7147    24.7163    6.50676 0.0000e+00
      10296     29.987     9.5396     9.5117   3.478720   3.476045     2.2024     2.6115      8.085     5.4129    13.3734 1.0715e-01     0.2274    94.4740     6.4362     6.5585    32.0352    32.0329    24.7125    24.7152    6.50444 0.0000e+00
      10299     29.942     9.5464     9.5143   3.478796   3.476227     2.2020     2.6123      8.085     5.4230   163.1964 1.0715e-01     0.2274    94.4740     6.4352     6.5595    32.0300    32.0324    24.7074    24.7143    6.50368 0.0000e+00
      10310     29.874     9.5599     9.5127   3.479845   3.476008     2.2028     2.6131      8.087     5.3315   481.3579 1.0715e-01     0.2263    94.5001     6.4372     6.5607    32.0287    32.0316    24.7042    24.7140    6.50177 0.0000e+00
      10313     29.846     9.5643     9.5167   3.480179   3.476269     2.2028     2.6127      8.088     4.9041   481.3184 1.0715e-01     0.2259    94.5088     6.4385     6.5575    32.0282    32.0307    24.7031    24.7127    6.50116 0.0000e+00
      10449     29.803     9.5655     9.5420   3.479944   3.477967     2.2077     2.6184      8.088     5.4841   167.2232 1.0715e-01     0.2285    94.4479     6.4542     6.5599    32.0247    32.0255    24.7002    24.7045    6.50112 0.0000e+00
      10518     29.707     9.5637     9.5539   3.479737   3.478984     2.2093     2.6208      8.090     5.7588    10.1361 1.0715e-01     0.2296    94.4218     6.4580     6.5598    32.0243    32.0253    24.7002    24.7025    6.50141 0.0000e+00
      10521     29.611     9.5652     9.5560   3.479966   3.479103     2.2101     2.6204      8.090     5.1279    10.1361 1.0715e-01     0.2296    94.4218     6.4591     6.5575    32.0253    32.0247    24.7007    24.7017    6.50114 0.0000e+00
      10524     29.517     9.5667     9.5571   3.479987   3.479231     2.2097     2.6204      8.090     4.7514    10.1361 1.0715e-01     0.2285    94.4479     6.4570     6.5560    32.0242    32.0251    24.6996    24.7018    6.50097 0.0000e+00
      10527     29.424     9.5682     9.5608   3.480218   3.479544     2.2097     2.6204      8.090     4.7718    10.2151 1.0715e-01     0.2285    94.4479     6.4554     6.5543    32.0253    32.0250    24.7002    24.7012    6.50071 0.0000e+00
