Datasets/AZMP/HUD120/hud120_2020_080.cnv
* Sea-Bird SBE 9 Data File:
* FileName = C:\CTDDATA\hud120_2020_080.hex
* Software Version Seasave V 7.26.7.110
* Temperature SN = 1697
* Conductivity SN = 4216
* Number of Bytes Per Scan = 30
* Number of Voltage Words = 4
* Number of Scans Averaged by the Deck Unit = 1
* NMEA baud rate = 4800
** VESSEL/TRIP/SEQ STN:  hud120_2020_080
** LATITUDE XX XX.XX: 47 00.00 N
** LONGITUDE XX XX.XX: 052 34.80 W
** SOUNDING DEPTH (M): 0160
** PROBE TYPE: S1146
** CTD NUMBER: 059
** FORMAT: V
** COMMENTS (14 CHAR): FC-03
** BOTTLES:  9
** LEVELS: 5,10,20,30,40,50,75,100,BTM
** STICKERS: 439911 - 439919
** VNET: Y
** DO2: Y
# nquan = 22
# nvalues = 3725                        
# units = specified
# name 0 = scan: Scan Count
# name 1 = prDM: Pressure, Digiquartz [db]
# name 2 = t090C: Temperature [ITS-90, deg C]
# name 3 = t190C: Temperature, 2 [ITS-90, deg C]
# name 4 = c0S/m: Conductivity [S/m]
# name 5 = c1S/m: Conductivity, 2 [S/m]
# name 6 = sbeox0V: Oxygen raw, SBE 43 [V]
# name 7 = sbeox1V: Oxygen raw, SBE 43, 2 [V]
# name 8 = ph: pH
# name 9 = flECO-AFL: Fluorescence, WET Labs ECO-AFL/FL [mg/m^3]
# name 10 = wetCDOM: Fluorescence, WET Labs CDOM [mg/m^3]
# name 11 = par/sat/log: PAR/Logarithmic, Satlantic [umol photons/m^2/sec]
# name 12 = CStarAt0: Beam Attenuation, WET Labs C-Star [1/m]
# name 13 = CStarTr0: Beam Transmission, WET Labs C-Star [%]
# name 14 = sbeox0ML/L: Oxygen, SBE 43 [ml/l], WS = 2
# name 15 = sbeox1ML/L: Oxygen, SBE 43, 2 [ml/l], WS = 2
# name 16 = sal00: Salinity, Practical [PSU]
# name 17 = sal11: Salinity, Practical, 2 [PSU]
# name 18 = sigma-t00: Density [sigma-t, kg/m^3 ]
# name 19 = sigma-t11: Density, 2 [sigma-t, kg/m^3 ]
# name 20 = oxsatML/L: Oxygen Saturation, Weiss [ml/l]
# name 21 = flag: flag
# span 0 =         75,      33544       
# span 1 =      2.931,    153.865       
# span 2 =    -0.7495,     4.0530       
# span 3 =    -0.7543,     4.0489       
# span 4 =   2.684756,   2.984613       
# span 5 =   2.684280,   2.984143       
# span 6 =     1.9247,     2.2121       
# span 7 =     2.2841,     2.6342       
# span 8 =      8.017,      8.159       
# span 9 =     0.9765,     4.7311       
# span 10 =    -2.8130,   482.1870      
# span 11 = 1.0451e-01, 4.6423e-01      
# span 12 =     0.0796,     0.1700      
# span 13 =    95.8387,    98.0292      
# span 14 =     7.1510,     7.7508      
# span 15 =     7.2759,     7.9571      
# span 16 =    31.7233,    33.0945      
# span 17 =    31.7206,    33.0938      
# span 18 =    25.1763,    26.5923      
# span 19 =    25.1801,    26.5920      
# span 20 =    7.41324,    8.32881      
# span 21 = 0.0000e+00, 0.0000e+00      
# interval = scans: 3                   
# start_time = Nov 27 2020 02:12:05 [System UTC, header]
# bad_flag = -9.990e-29
*END*
[from data line 1252]
       4393    125.855    -0.5898    -0.5951   2.714802   2.714282     1.9666     2.3284      8.033     1.0579     3.5037 1.0740e-01     0.1042    97.4294     7.2678     7.3744    33.0601    33.0588    26.5661    26.5652    8.28221 0.0000e+00
       4396    125.976    -0.5895    -0.5945   2.714858   2.714395     1.9658     2.3272      8.033     1.0579     9.8993 1.0727e-01     0.1042    97.4294     7.2642     7.3745    33.0604    33.0597    26.5663    26.5659    8.28212 0.0000e+00
       4399    126.100    -0.5891    -0.5940   2.714900   2.714459     1.9658     2.3264      8.033     1.0579     9.5045 1.0752e-01     0.1038    97.4381     7.2649     7.3759    33.0604    33.0599    26.5663    26.5660    8.28202 0.0000e+00
       4402    126.223    -0.5888    -0.5932   2.714960   2.714599     1.9645     2.3264      8.033     1.0478     9.5834 1.0752e-01     0.1038    97.4381     7.2606     7.3764    33.0609    33.0608    26.5667    26.5668    8.28194 0.0000e+00
       4405    126.348    -0.5883    -0.5927   2.715064   2.714661     1.9645     2.3251      8.033     1.0478     9.5440 1.0740e-01     0.1038    97.4381     7.2595     7.3747    33.0616    33.0610    26.5673    26.5669    8.28179 0.0000e+00
       4408    126.473    -0.5875    -0.5925   2.715219   2.714692     1.9633     2.3247      8.033     1.0579     9.5045 1.0752e-01     0.1038    97.4381     7.2575     7.3762    33.0627    33.0612    26.5681    26.5670    8.28153 0.0000e+00
       4411    126.597    -0.5869    -0.5920   2.715285   2.714806     1.9633     2.3247      8.033     1.0783     9.5045 1.0752e-01     0.1056    97.3946     7.2580     7.3769    33.0629    33.0621    26.5682    26.5678    8.28139 0.0000e+00
       4414    126.720    -0.5867    -0.5918   2.715330   2.714815     1.9637     2.3231      8.033     1.0884    18.5057 1.0752e-01     0.1063    97.3772     7.2627     7.3681    33.0633    33.0619    26.5685    26.5676    8.28133 0.0000e+00
       4417    126.844    -0.5864    -0.5918   2.715383   2.714824     1.9629     2.3235      8.033     1.0884   431.5354 1.0752e-01     0.1067    97.3685     7.2622     7.3695    33.0635    33.0619    26.5687    26.5676    8.28125 0.0000e+00
       4420    126.969    -0.5860    -0.5912   2.715430   2.714922     1.9617     2.3235      8.033     1.0986   481.1605 1.0752e-01     0.1063    97.3772     7.2541     7.3702    33.0637    33.0625    26.5688    26.5681    8.28116 0.0000e+00
       4423    127.094    -0.5861    -0.5911   2.715412   2.714951     1.9621     2.3219      8.033     1.0783   481.1605 1.0752e-01     0.1060    97.3859     7.2582     7.3651    33.0634    33.0627    26.5686    26.5682    8.28118 0.0000e+00
       4426    127.218    -0.5859    -0.5910   2.715456   2.714956     1.9613     2.3219      8.033     1.0885   481.3184 1.0752e-01     0.1063    97.3772     7.2586     7.3674    33.0638    33.0626    26.5689    26.5682    8.28113 0.0000e+00
       4429    127.342    -0.5859    -0.5907   2.715449   2.715021     1.9601     2.3215      8.033     1.0986   481.3184 1.0752e-01     0.1063    97.3772     7.2526     7.3679    33.0636    33.0631    26.5687    26.5686    8.28114 0.0000e+00
       4432    127.469    -0.5859    -0.5891   2.715481   2.715321     1.9609     2.3211      8.033     1.0884   481.3579 1.0752e-01     0.1095    97.2990     7.2551     7.3649    33.0639    33.0653    26.5690    26.5702    8.28111 0.0000e+00
       4435    127.596    -0.5844    -0.5876   2.715814   2.715527     1.9605     2.3207      8.033     1.0884   481.3579 1.0740e-01     0.1106    97.2729     7.2525     7.3649    33.0667    33.0663    26.5712    26.5711    8.28063 0.0000e+00
       4438    127.719    -0.5824    -0.5864   2.716080   2.715718     1.9609     2.3202      8.033     1.0681   481.3579 1.0752e-01     0.1110    97.2642     7.2536     7.3660    33.0680    33.0676    26.5722    26.5720    8.28010 0.0000e+00
       4441    127.843    -0.5814    -0.5853   2.716235   2.715835     1.9592     2.3186      8.033     1.0579   390.0034 1.0752e-01     0.1110    97.2642     7.2480     7.3606    33.0689    33.0678    26.5728    26.5721    8.27982 0.0000e+00
       4444    127.970    -0.5793    -0.5845   2.716581   2.716050     1.9580     2.3186      8.031     1.0579     3.5036 1.0752e-01     0.1103    97.2816     7.2394     7.3628    33.0712    33.0698    26.5746    26.5737    8.27923 0.0000e+00
       4447    128.096    -0.5774    -0.5825   2.716795   2.716312     1.9593     2.3186      8.033     1.0478     5.3987 1.0752e-01     0.1099    97.2903     7.2452     7.3654    33.0719    33.0710    26.5752    26.5746    8.27877 0.0000e+00
       4450    128.223    -0.5767    -0.5818   2.716924   2.716375     1.9588     2.3190      8.033     1.0579     5.9908 1.0752e-01     0.1110    97.2642     7.2427     7.3679    33.0728    33.0710    26.5758    26.5746    8.27856 0.0000e+00
       4453    128.346    -0.5762    -0.5815   2.716939   2.716436     1.9576     2.3170      8.033     1.0681     5.9513 1.0752e-01     0.1106    97.2729     7.2340     7.3618    33.0723    33.0714    26.5755    26.5749    8.27847 0.0000e+00
       4456    128.471    -0.5756    -0.5809   2.717031   2.716510     1.9572     2.3174      8.030     1.0579     5.9513 1.0752e-01     0.1103    97.2816     7.2284     7.3638    33.0729    33.0717    26.5759    26.5751    8.27832 0.0000e+00
       4459    128.597    -0.5750    -0.5803   2.717096   2.716625     1.9576     2.3174      8.028     1.0681     5.9513 1.0752e-01     0.1103    97.2816     7.2325     7.3646    33.0731    33.0725    26.5760    26.5757    8.27817 0.0000e+00
       4462    128.723    -0.5745    -0.5795   2.717191   2.716727     1.9564     2.3174      8.033     1.0478     5.9513 1.0752e-01     0.1099    97.2903     7.2284     7.3652    33.0737    33.0729    26.5765    26.5760    8.27802 0.0000e+00
       4465    128.848    -0.5740    -0.5791   2.717258   2.716769     1.9564     2.3166      8.033     1.0681     5.9513 1.0740e-01     0.1103    97.2816     7.2325     7.3626    33.0739    33.0730    26.5766    26.5761    8.27789 0.0000e+00
       4468    128.970    -0.5739    -0.5789   2.717305   2.716812     1.9556     2.3162      8.033     1.0681   224.5468 1.0752e-01     0.1103    97.2816     7.2283     7.3579    33.0744    33.0732    26.5770    26.5763    8.27784 0.0000e+00
       4471    129.090    -0.5733    -0.5786   2.717380   2.716883     1.9556     2.3158      8.030     1.0579   482.1870 1.0740e-01     0.1117    97.2468     7.2297     7.3554    33.0747    33.0738    26.5772    26.5767    8.27769 0.0000e+00
       4474    129.213    -0.5729    -0.5780   2.717415   2.716947     1.9548     2.3158      8.031     1.0579   481.1211 1.0752e-01     0.1138    97.1947     7.2326     7.3581    33.0747    33.0740    26.5772    26.5769    8.27761 0.0000e+00
       4477    129.334    -0.5729    -0.5776   2.717489   2.717027     1.9548     2.3150      8.028     1.0579   481.3579 1.0727e-01     0.1135    97.2034     7.2382     7.3565    33.0755    33.0745    26.5779    26.5772    8.27755 0.0000e+00
       4480    129.448    -0.5724    -0.5771   2.717553   2.717061     1.9535     2.3141      8.031     1.0478   481.3579 1.0727e-01     0.1135    97.2034     7.2352     7.3518    33.0758    33.0744    26.5781    26.5771    8.27743 0.0000e+00
       4483    129.564    -0.5721    -0.5772   2.717538   2.717063     1.9548     2.3141      8.028     1.0579   481.3579 1.0752e-01     0.1135    97.2034     7.2442     7.3510    33.0751    33.0744    26.5775    26.5771    8.27739 0.0000e+00
       4486    129.678    -0.5720    -0.5769   2.717605   2.717160     1.9531     2.3137      8.030     1.0579   481.3579 1.0740e-01     0.1131    97.2121     7.2370     7.3521    33.0759    33.0753    26.5781    26.5778    8.27733 0.0000e+00
       4489    129.785    -0.5713    -0.5764   2.717657   2.717212     1.9535     2.3137      8.028     1.0681   481.3579 1.0752e-01     0.1138    97.1947     7.2394     7.3550    33.0759    33.0754    26.5781    26.5779    8.27719 0.0000e+00
       4492    129.892    -0.5713    -0.5760   2.717715   2.717261     1.9535     2.3125      8.028     1.0681   481.3579 1.0740e-01     0.1145    97.1773     7.2379     7.3507    33.0765    33.0756    26.5787    26.5780    8.27715 0.0000e+00
       4495    129.992    -0.5707    -0.5754   2.717759   2.717340     1.9535     2.3133      8.028     1.0579   481.3579 1.0752e-01     0.1152    97.1599     7.2394     7.3545    33.0763    33.0759    26.5785    26.5783    8.27702 0.0000e+00
       4498    130.088    -0.5708    -0.5756   2.717721   2.717305     1.9535     2.3129      8.028     1.0579   481.3579 1.0752e-01     0.1152    97.1599     7.2421     7.3564    33.0759    33.0756    26.5781    26.5781    8.27707 0.0000e+00
       4501    130.175    -0.5699    -0.5753   2.717896   2.717394     1.9531     2.3125      8.028     1.0579   481.3579 1.0752e-01     0.1149    97.1686     7.2406     7.3567    33.0773    33.0765    26.5792    26.5787    8.27680 0.0000e+00
       4504    130.259    -0.5690    -0.5747   2.718050   2.717452     1.9531     2.3121      8.028     1.0579   481.3579 1.0752e-01     0.1149    97.1686     7.2403     7.3533    33.0783    33.0764    26.5800    26.5787    8.27654 0.0000e+00
       4507    130.344    -0.5683    -0.5737   2.718150   2.717603     1.9519     2.3113      8.028     1.0681   481.3579 1.0752e-01     0.1152    97.1599     7.2312     7.3472    33.0788    33.0773    26.5804    26.5794    8.27635 0.0000e+00
       4510    130.425    -0.5678    -0.5730   2.718208   2.717710     1.9515     2.3121      8.028     1.0478   481.3579 1.0752e-01     0.1152    97.1599     7.2279     7.3475    33.0790    33.0780    26.5805    26.5799    8.27623 0.0000e+00
       4513    130.509    -0.5676    -0.5727   2.718215   2.717726     1.9511     2.3113      8.028     1.0579   481.3579 1.0740e-01     0.1156    97.1512     7.2232     7.3450    33.0788    33.0779    26.5803    26.5798    8.27619 0.0000e+00
       4516    130.592    -0.5677    -0.5727   2.718222   2.717737     1.9511     2.3105      8.028     1.0478   481.3579 1.0752e-01     0.1152    97.1599     7.2223     7.3395    33.0790    33.0779    26.5805    26.5799    8.27620 0.0000e+00
       4519    130.673    -0.5675    -0.5726   2.718235   2.717765     1.9511     2.3105      8.028     1.0579   449.5773 1.0752e-01     0.1156    97.1512     7.2185     7.3367    33.0788    33.0782    26.5804    26.5800    8.27617 0.0000e+00
       4522    130.756    -0.5667    -0.5722   2.718372   2.717806     1.9515     2.3113      8.028     1.0681    31.2179 1.0752e-01     0.1159    97.1425     7.2214     7.3447    33.0798    33.0782    26.5811    26.5800    8.27593 0.0000e+00
       4525    130.838    -0.5662    -0.5715   2.718450   2.717915     1.9507     2.3097      8.028     1.0579     8.0043 1.0752e-01     0.1159    97.1425     7.2181     7.3381    33.0802    33.0788    26.5814    26.5805    8.27580 0.0000e+00
       4528    130.915    -0.5657    -0.5711   2.718522   2.718011     1.9507     2.3089      8.028     1.0579     9.4650 1.0752e-01     0.1156    97.1512     7.2197     7.3336    33.0806    33.0796    26.5817    26.5811    8.27566 0.0000e+00
       4531    130.992    -0.5653    -0.5701   2.718578   2.718115     1.9495     2.3089      8.028     1.0681     9.4650 1.0752e-01     0.1163    97.1338     7.2142     7.3319    33.0808    33.0799    26.5819    26.5814    8.27555 0.0000e+00
       4534    131.071    -0.5647    -0.5696   2.718693   2.718213     1.9495     2.3080      8.028     1.0579     9.5045 1.0752e-01     0.1174    97.1078     7.2129     7.3276    33.0817    33.0807    26.5825    26.5819    8.27537 0.0000e+00
       4537    131.150    -0.5641    -0.5694   2.718719   2.718228     1.9499     2.3093      8.028     1.0579     9.4650 1.0752e-01     0.1181    97.0904     7.2159     7.3349    33.0813    33.0806    26.5822    26.5818    8.27526 0.0000e+00
       4540    131.231    -0.5641    -0.5693   2.718735   2.718256     1.9487     2.3068      8.028     1.0681     9.4650 1.0752e-01     0.1178    97.0991     7.2097     7.3251    33.0815    33.0808    26.5824    26.5820    8.27525 0.0000e+00
       4543    131.315    -0.5637    -0.5688   2.718805   2.718336     1.9483     2.3085      8.028     1.1394     9.4255 1.0752e-01     0.1181    97.0904     7.2109     7.3316    33.0820    33.0813    26.5828    26.5824    8.27515 0.0000e+00
       4546    131.400    -0.5633    -0.5684   2.718847   2.718387     1.9487     2.3085      8.028     1.1088   135.4821 1.0752e-01     0.1174    97.1078     7.2150     7.3302    33.0821    33.0814    26.5828    26.5825    8.27506 0.0000e+00
       4549    131.489    -0.5636    -0.5685   2.718837   2.718365     1.9478     2.3068      8.028     1.1292   482.1870 1.0752e-01     0.1178    97.0991     7.2130     7.3252    33.0822    33.0812    26.5829    26.5824    8.27511 0.0000e+00
       4552    131.577    -0.5636    -0.5685   2.718853   2.718389     1.9478     2.3064      8.028     1.1190   480.7263 1.0752e-01     0.1192    97.0643     7.2164     7.3232    33.0823    33.0815    26.5830    26.5825    8.27509 0.0000e+00
       4555    131.668    -0.5632    -0.5683   2.718897   2.718435     1.9470     2.3064      8.028     1.1190   481.3184 1.0740e-01     0.1217    97.0035     7.2163     7.3248    33.0825    33.0818    26.5832    26.5828    8.27501 0.0000e+00
       4558    131.763    -0.5628    -0.5681   2.718922   2.718431     1.9478     2.3060      8.028     1.1190   481.3579 1.0740e-01     0.1217    97.0035     7.2220     7.3206    33.0823    33.0815    26.5830    26.5825    8.27493 0.0000e+00
       4561    131.861    -0.5630    -0.5679   2.718914   2.718431     1.9474     2.3060      8.028     1.1495   481.3579 1.0752e-01     0.1217    97.0035     7.2201     7.3191    33.0824    33.0813    26.5830    26.5823    8.27496 0.0000e+00
       4564    131.961    -0.5628    -0.5680   2.718951   2.718463     1.9478     2.3056      8.028     1.1088   481.3579 1.0740e-01     0.1213    97.0122     7.2271     7.3172    33.0826    33.0818    26.5832    26.5827    8.27491 0.0000e+00
       4567    132.064    -0.5621    -0.5675   2.719004   2.718539     1.9478     2.3048      8.028     1.1088   481.3184 1.0752e-01     0.1213    97.0122     7.2238     7.3099    33.0825    33.0821    26.5831    26.5830    8.27476 0.0000e+00
       4570    132.167    -0.5622    -0.5670   2.719028   2.718576     1.9462     2.3040      8.028     1.0681   481.3579 1.0752e-01     0.1213    97.0122     7.2155     7.3109    33.0828    33.0820    26.5833    26.5829    8.27475 0.0000e+00
       4573    132.273    -0.5622    -0.5671   2.719030   2.718588     1.9462     2.3040      8.028     1.0884   230.7450 1.0752e-01     0.1210    97.0208     7.2148     7.3151    33.0828    33.0822    26.5834    26.5830    8.27477 0.0000e+00
       4576    132.379    -0.5621    -0.5671   2.719035   2.718570     1.9470     2.3044      8.028     1.0986     8.0437 1.0752e-01     0.1199    97.0469     7.2161     7.3186    33.0827    33.0819    26.5833    26.5828    8.27475 0.0000e+00
       4579    132.484    -0.5622    -0.5673   2.719046   2.718562     1.9466     2.3044      8.028     1.0884    17.6372 1.0752e-01     0.1199    97.0469     7.2151     7.3193    33.0829    33.0820    26.5835    26.5829    8.27476 0.0000e+00
       4582    132.594    -0.5620    -0.5671   2.719038   2.718580     1.9462     2.3027      8.028     1.0783    17.2029 1.0752e-01     0.1195    97.0556     7.2093     7.3148    33.0825    33.0819    26.5831    26.5829    8.27474 0.0000e+00
