Datasets/AZMP/HUD120/hud120_2020_028.cnv
* Sea-Bird SBE 9 Data File:
* FileName = C:\CTDDATA\hud120_2020_028.hex
* Software Version Seasave V 7.26.7.110
* Temperature SN = 1697
* Conductivity SN = 4216
* Number of Bytes Per Scan = 30
* Number of Voltage Words = 4
* Number of Scans Averaged by the Deck Unit = 1
* NMEA baud rate = 4800
** VESSEL/TRIP/SEQ STN:  hud120_2020_028
** LATITUDE XX XX.XX: 42 55.20 N
** LONGITUDE XX XX.XX: 049 56.50 W
** SOUNDING DEPTH (M): 0177
** PROBE TYPE: S1146
** CTD NUMBER: 018
** FORMAT: V
** COMMENTS (14 CHAR): SEGB-14
** BOTTLES:  0
** LEVELS:
** STICKERS:
** VNET: Y
** DO2: N
# nquan = 22
# nvalues = 2985                        
# units = specified
# name 0 = scan: Scan Count
# name 1 = prDM: Pressure, Digiquartz [db]
# name 2 = t090C: Temperature [ITS-90, deg C]
# name 3 = t190C: Temperature, 2 [ITS-90, deg C]
# name 4 = c0S/m: Conductivity [S/m]
# name 5 = c1S/m: Conductivity, 2 [S/m]
# name 6 = sbeox0V: Oxygen raw, SBE 43 [V]
# name 7 = sbeox1V: Oxygen raw, SBE 43, 2 [V]
# name 8 = ph: pH
# name 9 = flECO-AFL: Fluorescence, WET Labs ECO-AFL/FL [mg/m^3]
# name 10 = wetCDOM: Fluorescence, WET Labs CDOM [mg/m^3]
# name 11 = par/sat/log: PAR/Logarithmic, Satlantic [umol photons/m^2/sec]
# name 12 = CStarAt0: Beam Attenuation, WET Labs C-Star [1/m]
# name 13 = CStarTr0: Beam Transmission, WET Labs C-Star [%]
# name 14 = sbeox0ML/L: Oxygen, SBE 43 [ml/l], WS = 2
# name 15 = sbeox1ML/L: Oxygen, SBE 43, 2 [ml/l], WS = 2
# name 16 = sal00: Salinity, Practical [PSU]
# name 17 = sal11: Salinity, Practical, 2 [PSU]
# name 18 = sigma-t00: Density [sigma-t, kg/m^3 ]
# name 19 = sigma-t11: Density, 2 [sigma-t, kg/m^3 ]
# name 20 = oxsatML/L: Oxygen Saturation, Weiss [ml/l]
# name 21 = flag: flag
# span 0 =         32,      11632       
# span 1 =      3.621,    171.549       
# span 2 =    -0.1790,     5.1882       
# span 3 =    -0.1847,     5.1825       
# span 4 =   2.762246,   3.143476       
# span 5 =   2.761778,   3.143084       
# span 6 =     1.9154,     2.2096       
# span 7 =     2.2674,     2.6377       
# span 8 =      7.930,      8.070       
# span 9 =     0.8850,     6.2370       
# span 10 =    -2.8130,   482.1870      
# span 11 = 1.0666e-01, 3.5952e-01      
# span 12 =     0.0647,     0.2830      
# span 13 =    93.1702,    98.3942      
# span 14 =     6.7276,     7.4936      
# span 15 =     6.8453,     7.7110      
# span 16 =    32.4382,    33.8681      
# span 17 =    32.4362,    33.8677      
# span 18 =    25.6432,    27.1276      
# span 19 =    25.6403,    27.1274      
# span 20 =    7.17501,    8.17926      
# span 21 = 0.0000e+00, 0.0000e+00      
# interval = scans: 3                   
# start_time = Nov 19 2020 03:04:35 [System UTC, header]
# bad_flag = -9.990e-29
*END*
[from data line 1252]
       4664    151.734     0.8908     0.8712   2.894400   2.892381     1.9239     2.2751      7.931     1.0274     1.2139 1.0752e-01     0.0729    98.1943     6.8105     6.9239    33.7938    33.7891    27.0824    27.0798    7.92326 0.0000e+00
       4667    151.860     0.8932     0.8756   2.894409   2.892325     1.9243     2.2759      7.931     1.0376     1.2139 1.0752e-01     0.0725    98.2030     6.8076     6.9265    33.7912    33.7835    27.0802    27.0750    7.92289 0.0000e+00
       4670    151.991     0.8970     0.8802   2.894722   2.893149     1.9251     2.2751      7.931     1.0376     1.1744 1.0752e-01     0.0725    98.2030     6.8086     6.9236    33.7911    33.7890    27.0798    27.0792    7.92211 0.0000e+00
       4673    152.129     0.8973     0.8819   2.894728   2.893040     1.9239     2.2755      7.931     1.0274     1.2139 1.0752e-01     0.0725    98.2030     6.8010     6.9275    33.7907    33.7857    27.0795    27.0764    7.92207 0.0000e+00
       4676    152.271     0.8996     0.8884   2.895324   2.894335     1.9227     2.2755      7.931     1.0376     1.2139 1.0752e-01     0.0725    98.2030     6.7898     6.9267    33.7958    33.7953    27.0835    27.0837    7.92132 0.0000e+00
       4679    152.415     0.9164     0.9089   2.897476   2.896712     1.9231     2.2755      7.931     1.0274     1.2139 1.0752e-01     0.0736    98.1769     6.7855     6.9205    33.8052    33.8035    27.0900    27.0891    7.91733 0.0000e+00
       4682    152.560     0.9260     0.9227   2.897939   2.897880     1.9231     2.2763      7.931     1.0376     1.2139 1.0752e-01     0.0736    98.1769     6.7794     6.9188    33.8007    33.8035    27.0857    27.0882    7.91560 0.0000e+00
       4685    152.710     0.9242     0.9240   2.897881   2.897582     1.9227     2.2755      7.931     1.0173     2.9114 1.0740e-01     0.0736    98.1769     6.7761     6.9155    33.8018    33.7982    27.0868    27.0839    7.91591 0.0000e+00
       4688    152.860     0.9306     0.9167   2.898430   2.896779     1.9218     2.2755      7.931     1.0173     3.6221 1.0752e-01     0.0736    98.1769     6.7714     6.9160    33.8018    33.7956    27.0863    27.0823    7.91458 0.0000e+00
       4691    153.012     0.9334     0.9193   2.899020   2.897667     1.9231     2.2759      7.931     1.0173     3.5826 1.0752e-01     0.0736    98.1769     6.7779     6.9154    33.8063    33.8042    27.0898    27.0890    7.91377 0.0000e+00
       4694    153.165     0.9393     0.9321   2.899467   2.899296     1.9239     2.2759      7.933     1.0173     3.5826 1.0740e-01     0.0736    98.1769     6.7831     6.9096    33.8056    33.8111    27.0889    27.0938    7.91259 0.0000e+00
       4697    153.320     0.9422     0.9444   2.899880   2.900215     1.9227     2.2759      7.931     1.0274     3.5826 1.0752e-01     0.0740    98.1682     6.7804     6.9049    33.8076    33.8096    27.0903    27.0917    7.91187 0.0000e+00
       4700    153.472     0.9467     0.9459   2.900427   2.900276     1.9222     2.2759      7.931     1.0376     3.5826 1.0752e-01     0.0736    98.1769     6.7781     6.9020    33.8097    33.8086    27.0917    27.0909    7.91084 0.0000e+00
       4703    153.624     0.9502     0.9478   2.900688   2.900549     1.9227     2.2759      7.931     1.0071     3.5826 1.0752e-01     0.0736    98.1769     6.7793     6.8969    33.8091    33.8099    27.0910    27.0918    7.91013 0.0000e+00
       4706    153.774     0.9550     0.9476   2.901343   2.900559     1.9222     2.2751      7.931     0.9969     3.5826 1.0752e-01     0.0736    98.1769     6.7747     6.8927    33.8123    33.8102    27.0933    27.0920    7.90898 0.0000e+00
       4709    153.923     0.9576     0.9466   2.901396   2.900293     1.9227     2.2759      7.931     0.9867     3.5431 1.0740e-01     0.0732    98.1856     6.7744     6.8961    33.8101    33.8078    27.0912    27.0902    7.90856 0.0000e+00
       4712    154.072     0.9518     0.9414   2.900572   2.899721     1.9222     2.2759      7.931     0.9867     2.3193 1.0752e-01     0.0736    98.1769     6.7756     6.8971    33.8057    33.8060    27.0881    27.0890    7.91000 0.0000e+00
       4715    154.219     0.9484     0.9423   2.900435   2.899882     1.9222     2.2751      7.934     0.9867     2.2798 1.0752e-01     0.0736    98.1769     6.7743     6.8923    33.8075    33.8070    27.0898    27.0898    7.91060 0.0000e+00
       4718    154.363     0.9527     0.9404   2.901132   2.899802     1.9218     2.2747      7.933     1.0071     2.2798 1.0752e-01     0.0743    98.1595     6.7718     6.8904    33.8117    33.8080    27.0929    27.0907    7.90948 0.0000e+00
       4721    154.506     0.9550     0.9490   2.901318   2.901130     1.9218     2.2755      7.933     0.9867     2.2798 1.0752e-01     0.0757    98.1248     6.7759     6.8924    33.8115    33.8157    27.0926    27.0963    7.90901 0.0000e+00
       4724    154.646     0.9635     0.9578   2.902732   2.901597     1.9218     2.2739      7.931     0.9969     2.2798 1.0752e-01     0.0757    98.1248     6.7718     6.8841    33.8204    33.8120    27.0992    27.0929    7.90678 0.0000e+00
       4727    154.782     0.9731     0.9558   2.903538   2.901532     1.9222     2.2739      7.931     0.9969     2.2798 1.0752e-01     0.0754    98.1335     6.7701     6.8843    33.8202    33.8133    27.0985    27.0940    7.90481 0.0000e+00
       4730    154.916     0.9821     0.9639   2.904338   2.902432     1.9206     2.2747      7.931     0.9663     2.2798 1.0740e-01     0.0757    98.1248     6.7597     6.8855    33.8207    33.8160    27.0983    27.0957    7.90293 0.0000e+00
       4733    155.048     0.9798     0.9663   2.904182   2.902806     1.9214     2.2747      7.931     0.9562     2.2798 1.0752e-01     0.0757    98.1248     6.7627     6.8857    33.8212    33.8181    27.0989    27.0972    7.90339 0.0000e+00
       4736    155.175     0.9875     0.9697   2.904974   2.903236     1.9231     2.2747      7.931     0.9765   115.6241 1.0752e-01     0.0757    98.1248     6.7675     6.8868    33.8229    33.8198    27.0997    27.0984    7.90170 0.0000e+00
       4739    155.301     0.9926     0.9807   2.905968   2.904569     1.9214     2.2739      7.931     0.9562   481.6343 1.0740e-01     0.0757    98.1248     6.7573     6.8835    33.8300    33.8251    27.1052    27.1019    7.90026 0.0000e+00
       4742    155.424     1.0052     0.9834   2.907015   2.904206     1.9214     2.2743      7.931     0.9663   480.7658 1.0752e-01     0.0754    98.1335     6.7545     6.8855    33.8298    33.8173    27.1042    27.0955    7.89769 0.0000e+00
       4745    155.544     0.9929     0.9757   2.904539   2.903317     1.9214     2.2743      7.931     0.9663   481.2790 1.0740e-01     0.0750    98.1421     6.7589     6.8886    33.8112    33.8142    27.0900    27.0935    7.90122 0.0000e+00
       4748    155.661     0.9676     0.9624   2.902007   2.901753     1.9210     2.2735      7.931     0.9562   481.3184 1.0752e-01     0.0757    98.1248     6.7601     6.8897    33.8061    33.8085    27.0875    27.0897    7.90672 0.0000e+00
       4751    155.774     0.9546     0.9460   2.901061   2.900234     1.9202     2.2735      7.934     0.9663   481.3579 1.0752e-01     0.0754    98.1335     6.7590     6.8914    33.8080    33.8066    27.0897    27.0893    7.90929 0.0000e+00
       4754    155.885     0.9540     0.9467   2.901184   2.900732     1.9210     2.2739      7.931     0.9969   481.2790 1.0752e-01     0.0754    98.1335     6.7637     6.8928    33.8101    33.8122    27.0916    27.0937    7.90931 0.0000e+00
       4757    155.992     0.9528     0.9525   2.901095   2.901280     1.9202     2.2735      7.933     1.0274   481.3184 1.0752e-01     0.0754    98.1335     6.7592     6.8914    33.8103    33.8129    27.0918    27.0939    7.90955 0.0000e+00
       4760    156.097     0.9534     0.9499   2.901178   2.900940     1.9198     2.2735      7.931     1.0274   481.3184 1.0752e-01     0.0754    98.1335     6.7594     6.8924    33.8105    33.8113    27.0919    27.0928    7.90940 0.0000e+00
       4763    156.198     0.9534     0.9498   2.901111   2.900998     1.9202     2.2735      7.933     1.0274   481.3579 1.0740e-01     0.0754    98.1335     6.7674     6.8938    33.8097    33.8121    27.0912    27.0934    7.90946 0.0000e+00
       4766    156.299     0.9561     0.9520   2.901545   2.901160     1.9206     2.2739      7.931     1.0376   481.3579 1.0752e-01     0.0757    98.1248     6.7719     6.8958    33.8123    33.8117    27.0932    27.0930    7.90876 0.0000e+00
       4769    156.396     0.9625     0.9522   2.902308   2.901263     1.9202     2.2735      7.931     1.0376   481.3579 1.0752e-01     0.0757    98.1248     6.7727     6.8968    33.8151    33.8128    27.0950    27.0939    7.90729 0.0000e+00
       4772    156.490     0.9638     0.9585   2.902130   2.901992     1.9194     2.2731      7.933     1.0173   481.3579 1.0752e-01     0.0750    98.1421     6.7704     6.8942    33.8113    33.8153    27.0919    27.0954    7.90722 0.0000e+00
       4775    156.579     0.9574     0.9595   2.901466   2.901970     1.9198     2.2735      7.931     1.0173   481.3579 1.0740e-01     0.0754    98.1335     6.7773     6.8940    33.8097    33.8139    27.0910    27.0942    7.90862 0.0000e+00
       4778    156.668     0.9545     0.9532   2.901255   2.901099     1.9202     2.2735      7.931     1.0274   481.3579 1.0752e-01     0.0754    98.1335     6.7816     6.8963    33.8100    33.8094    27.0914    27.0910    7.90920 0.0000e+00
       4781    156.752     0.9588     0.9512   2.901750   2.901042     1.9202     2.2731      7.931     1.0376   481.3579 1.0752e-01     0.0747    98.1508     6.7842     6.8970    33.8117    33.8108    27.0925    27.0923    7.90823 0.0000e+00
       4784    156.835     0.9555     0.9512   2.901234   2.900905     1.9198     2.2727      7.933     1.0173   481.3579 1.0752e-01     0.0743    98.1595     6.7836     6.8974    33.8085    33.8090    27.0902    27.0908    7.90907 0.0000e+00
       4787    156.913     0.9528     0.9526   2.900958   2.901019     1.9206     2.2735      7.931     1.0376   481.3579 1.0752e-01     0.0747    98.1508     6.7881     6.9040    33.8079    33.8089    27.0899    27.0907    7.90967 0.0000e+00
       4790    156.989     0.9490     0.9451   2.900483   2.900086     1.9202     2.2735      7.931     1.0274   100.9379 1.0752e-01     0.0747    98.1508     6.7896     6.9088    33.8059    33.8051    27.0885    27.0881    7.91056 0.0000e+00
       4793    157.064     0.9476     0.9378   2.900410   2.899401     1.9202     2.2735      7.933     1.0173     0.5822 1.0740e-01     0.0747    98.1508     6.7951     6.9117    33.8064    33.8041    27.0890    27.0877    7.91082 0.0000e+00
       4796    157.136     0.9457     0.9355   2.900204   2.899461     1.9202     2.2727      7.931     1.0274     4.5301 1.0752e-01     0.0743    98.1595     6.7969     6.9083    33.8058    33.8073    27.0885    27.0905    7.91125 0.0000e+00
       4799    157.203     0.9418     0.9415   2.899834   2.900021     1.9206     2.2731      7.931     1.0376     4.3327 1.0752e-01     0.0743    98.1595     6.8015     6.9092    33.8052    33.8079    27.0883    27.0906    7.91208 0.0000e+00
       4802    157.267     0.9421     0.9397   2.899756   2.899537     1.9206     2.2735      7.931     1.0173     4.2932 1.0752e-01     0.0725    98.2030     6.8038     6.9162    33.8039    33.8036    27.0873    27.0873    7.91210 0.0000e+00
       4805    157.329     0.9378     0.9215   2.899365   2.897545     1.9206     2.2735      7.933     1.0478     4.2932 1.0752e-01     0.0725    98.2030     6.8057     6.9230    33.8034    33.7977    27.0872    27.0836    7.91300 0.0000e+00
       4808    157.389     0.9383     0.9148   2.899297   2.897077     1.9206     2.2743      7.931     1.1190     4.2932 1.0752e-01     0.0725    98.2030     6.8065     6.9269    33.8020    33.7989    27.0860    27.0850    7.91298 0.0000e+00
       4811    157.448     0.9339     0.9123   2.898915   2.897068     1.9206     2.2747      7.933     1.1190     4.3327 1.0752e-01     0.0725    98.2030     6.8101     6.9292    33.8019    33.8015    27.0862    27.0872    7.91391 0.0000e+00
       4814    157.503     0.9349     0.9293   2.899073   2.898797     1.9214     2.2743      7.931     1.1292     4.9249 1.0752e-01     0.0725    98.2030     6.8192     6.9244    33.8028    33.8053    27.0868    27.0892    7.91365 0.0000e+00
       4817    157.559     0.9308     0.9427   2.898605   2.900059     1.9214     2.2735      7.931     1.1190    10.0572 1.0752e-01     0.0725    98.2030     6.8196     6.9168    33.8011    33.8069    27.0858    27.0897    7.91458 0.0000e+00
       4820    157.615     0.9371     0.9435   2.899453   2.900023     1.9214     2.2735      7.933     1.1190    10.1361 1.0740e-01     0.0736    98.1769     6.8177     6.9159    33.8052    33.8056    27.0886    27.0886    7.91306 0.0000e+00
       4823    157.669     0.9366     0.9370   2.898547   2.899464     1.9222     2.2743      7.931     1.1190    10.1361 1.0752e-01     0.0736    98.1769     6.8196     6.9172    33.7940    33.8054    27.0797    27.0888    7.91376 0.0000e+00
       4826    157.724     0.9176     0.9360   2.896685   2.899321     1.9218     2.2759      7.931     1.1088    10.1361 1.0752e-01     0.0736    98.1769     6.8166     6.9219    33.7907    33.8047    27.0782    27.0883    7.91787 0.0000e+00
       4829    157.780     0.9195     0.9336   2.897234   2.899005     1.9218     2.2743      7.931     1.1088    10.0966 1.0752e-01     0.0736    98.1769     6.8176     6.9129    33.7956    33.8031    27.0821    27.0872    7.91721 0.0000e+00
       4832    157.839     0.9213     0.9289   2.897795   2.898603     1.9222     2.2747      7.931     1.0681    10.1756 1.0752e-01     0.0736    98.1769     6.8183     6.9116    33.8008    33.8030    27.0861    27.0874    7.91655 0.0000e+00
       4835    157.902     0.9336     0.9342   2.899253   2.899130     1.9231     2.2751      7.931     1.0274    10.1361 1.0752e-01     0.0736    98.1769     6.8135     6.9115    33.8062    33.8040    27.0897    27.0879    7.91372 0.0000e+00
       4838    157.966     0.9369     0.9335   2.899283   2.899056     1.9235     2.2747      7.931     1.0376    10.1361 1.0752e-01     0.0736    98.1769     6.8032     6.9111    33.8030    33.8037    27.0869    27.0877    7.91321 0.0000e+00
       4841    158.032     0.9427     0.9338   2.900200   2.899252     1.9222     2.2739      7.931     1.0274   165.8020 1.0752e-01     0.0740    98.1682     6.7894     6.9047    33.8084    33.8060    27.0909    27.0895    7.91172 0.0000e+00
       4844    158.106     0.9582     0.9383   2.902171   2.900209     1.9231     2.2747      7.931     1.0274   482.1870 1.0752e-01     0.0736    98.1769     6.7842     6.9023    33.8169    33.8134    27.0968    27.0952    7.90806 0.0000e+00
       4847    158.182     0.9831     0.9677   2.905291   2.903551     1.9214     2.2747      7.931     1.0173   481.0026 1.0752e-01     0.0736    98.1769     6.7672     6.8922    33.8300    33.8244    27.1057    27.1022    7.90223 0.0000e+00
       4850    158.264     1.0023     0.9748   2.906884   2.903923     1.9218     2.2747      7.931     1.0376   481.2790 1.0752e-01     0.0736    98.1769     6.7604     6.8915    33.8296    33.8214    27.1042    27.0993    7.89830 0.0000e+00
       4853    158.353     1.0088     0.9957   2.907427   2.906556     1.9239     2.2739      7.931     1.0071   481.3579 1.0752e-01     0.0736    98.1769     6.7602     6.8879    33.8294    33.8325    27.1036    27.1070    7.89696 0.0000e+00
