Datasets/AZMP/HUD120/hud120_2020_060.cnv
* Sea-Bird SBE 9 Data File:
* FileName = C:\CTDDATA\hud120_2020_060.hex
* Software Version Seasave V 7.26.7.110
* Temperature SN = 1697
* Conductivity SN = 4216
* Number of Bytes Per Scan = 30
* Number of Voltage Words = 4
* Number of Scans Averaged by the Deck Unit = 1
* NMEA baud rate = 4800
** VESSEL/TRIP/SEQ STN:  hud120_2020_060
** LATITUDE XX XX.XX: 47 00.00 N
** LONGITUDE XX XX.XX: 045 43.80 W
** SOUNDING DEPTH (M): 0281
** PROBE TYPE: S1146
** CTD NUMBER: 039
** FORMAT: V
** COMMENTS (14 CHAR): FC-22
** BOTTLES:  0
** LEVELS:
** STICKERS:
** VNET: N
** DO2: N
# nquan = 22
# nvalues = 4719                        
# units = specified
# name 0 = scan: Scan Count
# name 1 = prDM: Pressure, Digiquartz [db]
# name 2 = t090C: Temperature [ITS-90, deg C]
# name 3 = t190C: Temperature, 2 [ITS-90, deg C]
# name 4 = c0S/m: Conductivity [S/m]
# name 5 = c1S/m: Conductivity, 2 [S/m]
# name 6 = sbeox0V: Oxygen raw, SBE 43 [V]
# name 7 = sbeox1V: Oxygen raw, SBE 43, 2 [V]
# name 8 = ph: pH
# name 9 = flECO-AFL: Fluorescence, WET Labs ECO-AFL/FL [mg/m^3]
# name 10 = wetCDOM: Fluorescence, WET Labs CDOM [mg/m^3]
# name 11 = par/sat/log: PAR/Logarithmic, Satlantic [umol photons/m^2/sec]
# name 12 = CStarAt0: Beam Attenuation, WET Labs C-Star [1/m]
# name 13 = CStarTr0: Beam Transmission, WET Labs C-Star [%]
# name 14 = sbeox0ML/L: Oxygen, SBE 43 [ml/l], WS = 2
# name 15 = sbeox1ML/L: Oxygen, SBE 43, 2 [ml/l], WS = 2
# name 16 = sal00: Salinity, Practical [PSU]
# name 17 = sal11: Salinity, Practical, 2 [PSU]
# name 18 = sigma-t00: Density [sigma-t, kg/m^3 ]
# name 19 = sigma-t11: Density, 2 [sigma-t, kg/m^3 ]
# name 20 = oxsatML/L: Oxygen Saturation, Weiss [ml/l]
# name 21 = flag: flag
# span 0 =        145,      16725       
# span 1 =      4.180,    275.362       
# span 2 =     3.6723,     7.8993       
# span 3 =     3.6687,     7.8915       
# span 4 =   3.162920,   3.429145       
# span 5 =   3.162218,   3.428325       
# span 6 =     1.7994,     2.2121       
# span 7 =     2.1331,     2.6490       
# span 8 =      7.944,      8.153       
# span 9 =     0.8850,     6.5626       
# span 10 =    -2.8130,   482.1870      
# span 11 = 1.0715e-01, 9.3511e+01      
# span 12 =     0.0821,     0.2785      
# span 13 =    93.2745,    97.9683      
# span 14 =     5.6019,     7.1268      
# span 15 =     5.7291,     7.4303      
# span 16 =    33.0295,    34.8373      
# span 17 =    33.0325,    34.8366      
# span 18 =    25.7453,    27.6402      
# span 19 =    25.7458,    27.6401      
# span 20 =    6.70711,    7.35826      
# span 21 = 0.0000e+00, 0.0000e+00      
# interval = scans: 3                   
# start_time = Nov 23 2020 17:06:21 [System UTC, header]
# bad_flag = -9.990e-29
*END*
[from data line 1120]
       3883    129.068     4.1549     4.1494   3.241482   3.240930     1.8766     2.2303      7.973     1.0071     0.8191 1.0715e-01     0.0864    97.8640     5.9494     6.1061    34.6002    34.5994    27.4519    27.4519    7.25532 0.0000e+00
       3886    129.135     4.1547     4.1507   3.241474   3.241072     1.8766     2.2294      7.968     0.9867     0.8586 1.0715e-01     0.0864    97.8640     5.9470     6.0982    34.6003    34.5998    27.4520    27.4520    7.25535 0.0000e+00
       3889    129.211     4.1551     4.1510   3.241527   3.241074     1.8766     2.2294      7.970     0.9867     0.8586 1.0715e-01     0.0864    97.8640     5.9441     6.0951    34.6004    34.5994    27.4520    27.4517    7.25527 0.0000e+00
       3892    129.293     4.1557     4.1512   3.241592   3.241128     1.8762     2.2307      7.971     0.9969     0.8586 1.0715e-01     0.0864    97.8640     5.9417     6.0931    34.6005    34.5998    27.4521    27.4520    7.25516 0.0000e+00
       3895    129.381     4.1561     4.1522   3.241611   3.241204     1.8770     2.2294      7.971     0.9765     0.8586 1.0715e-01     0.0867    97.8553     5.9425     6.0841    34.6003    34.5995    27.4518    27.4517    7.25511 0.0000e+00
       3898    129.477     4.1555     4.1521   3.241590   3.241200     1.8770     2.2294      7.971     0.9663     0.8586 1.0715e-01     0.0874    97.8379     5.9404     6.0800    34.6006    34.5997    27.4522    27.4517    7.25519 0.0000e+00
       3901    129.578     4.1583     4.1562   3.242407   3.242098     1.8762     2.2290      7.973     0.9765     0.8191 1.0715e-01     0.0874    97.8379     5.9354     6.0732    34.6073    34.6059    27.4572    27.4563    7.25438 0.0000e+00
       3904    129.688     4.1872     4.1958   3.247013   3.247701     1.8758     2.2290      7.971     0.9562     1.3718 1.0715e-01     0.0874    97.8379     5.9247     6.0627    34.6313    34.6304    27.4732    27.4716    7.24809 0.0000e+00
       3907    129.809     4.2458     4.2621   3.254182   3.254590     1.8758     2.2286      7.969     0.9562     1.4507 1.0715e-01     0.0874    97.8379     5.9096     6.0460    34.6543    34.6419    27.4852    27.4737    7.23660 0.0000e+00
       3910    129.935     4.2895     4.2940   3.257146   3.256805     1.8762     2.2282      7.967     0.9663     1.4507 1.0715e-01     0.0874    97.8379     5.8998     6.0332    34.6432    34.6345    27.4717    27.4643    7.22939 0.0000e+00
       3913    130.067     4.3035     4.3021   3.257775   3.257349     1.8754     2.2278      7.970     0.9765     1.4507 1.0715e-01     0.0874    97.8379     5.8900     6.0241    34.6358    34.6322    27.4644    27.4617    7.22727 0.0000e+00
       3916    130.205     4.3056     4.3015   3.257801   3.257237     1.8762     2.2270      7.970     0.9663     1.4507 1.0715e-01     0.0874    97.8379     5.8891     6.0184    34.6338    34.6315    27.4625    27.4611    7.22699 0.0000e+00
       3919    130.351     4.3047     4.2989   3.257644   3.257015     1.8758     2.2274      7.970     0.9562     1.4507 1.0715e-01     0.0864    97.8640     5.8826     6.0169    34.6329    34.6315    27.4619    27.4614    7.22720 0.0000e+00
       3922    130.501     4.3038     4.2982   3.257614   3.257031     1.8754     2.2262      7.970     0.9765     1.4507 1.0715e-01     0.0867    97.8553     5.8776     6.0070    34.6334    34.6323    27.4624    27.4622    7.22733 0.0000e+00
       3925    130.655     4.3033     4.2984   3.257607   3.257055     1.8750     2.2262      7.972     0.9663     1.4507 1.0715e-01     0.0864    97.8640     5.8704     6.0004    34.6337    34.6323    27.4627    27.4621    7.22740 0.0000e+00
       3928    130.815     4.3037     4.2991   3.257768   3.257275     1.8741     2.2250      7.972     0.9765     1.9639 1.0715e-01     0.0871    97.8466     5.8612     5.9919    34.6351    34.6341    27.4638    27.4635    7.22726 0.0000e+00
       3931    130.982     4.3057     4.3019   3.257874   3.257458     1.8733     2.2237      7.972     0.9663     4.2932 1.0715e-01     0.0867    97.8553     5.8509     5.9835    34.6342    34.6333    27.4628    27.4625    7.22696 0.0000e+00
       3934    131.152     4.3055     4.3009   3.257899   3.257343     1.8729     2.2221      7.972     0.9562     4.2932 1.0715e-01     0.0864    97.8640     5.8436     5.9732    34.6345    34.6329    27.4631    27.4623    7.22697 0.0000e+00
       3937    131.321     4.3074     4.3019   3.258189   3.257545     1.8725     2.2225      7.972     0.9663     4.2932 1.0715e-01     0.0874    97.8379     5.8361     5.9703    34.6359    34.6341    27.4640    27.4631    7.22658 0.0000e+00
       3940    131.495     4.3123     4.3045   3.258791   3.257889     1.8725     2.2221      7.972     0.9663     4.2932 1.0715e-01     0.0874    97.8379     5.8316     5.9642    34.6378    34.6353    27.4650    27.4639    7.22562 0.0000e+00
       3943    131.666     4.3179     4.3115   3.259713   3.258813     1.8713     2.2205      7.970     0.9562     4.2932 1.0727e-01     0.0874    97.8379     5.8240     5.9536    34.6426    34.6388    27.4683    27.4658    7.22440 0.0000e+00
       3946    131.842     4.3355     4.3381   3.261979   3.262013     1.8705     2.2193      7.970     0.9460     4.2932 1.0715e-01     0.0874    97.8379     5.8153     5.9423    34.6508    34.6484    27.4728    27.4707    7.22091 0.0000e+00
       3949    132.013     4.3547     4.3597   3.264134   3.264077     1.8696     2.2176      7.972     0.9053     4.2932 1.0715e-01     0.0874    97.8379     5.8058     5.9303    34.6558    34.6500    27.4748    27.4695    7.21727 0.0000e+00
       3952    132.184     4.3822     4.3805   3.267237   3.266577     1.8692     2.2180      7.972     0.8952     4.2932 1.0715e-01     0.0871    97.8466     5.7974     5.9275    34.6634    34.6574    27.4778    27.4732    7.21207 0.0000e+00
       3955    132.355     4.4053     4.4083   3.269920   3.269796     1.8680     2.2168      7.972     0.8952     2.7930 1.0715e-01     0.0874    97.8379     5.7864     5.9171    34.6706    34.6660    27.4810    27.4770    7.20766 0.0000e+00
       3958    132.521     4.4367     4.4368   3.273229   3.272557     1.8672     2.2148      7.972     0.8952     0.8981 1.0715e-01     0.0874    97.8379     5.7770     5.9034    34.6764    34.6684    27.4822    27.4758    7.20187 0.0000e+00
       3961    132.683     4.4554     4.4524   3.274529   3.273972     1.8668     2.2139      7.972     0.9053     0.9770 1.0715e-01     0.0874    97.8379     5.7714     5.8965    34.6720    34.6686    27.4766    27.4742    7.19879 0.0000e+00
       3964    132.842     4.4615     4.4591   3.274961   3.274533     1.8664     2.2131      7.972     0.9053     0.9770 1.0715e-01     0.0871    97.8466     5.7681     5.8933    34.6705    34.6680    27.4748    27.4731    7.19778 0.0000e+00
       3967    132.998     4.4636     4.4605   3.275120   3.274657     1.8656     2.2115      7.972     0.9053     0.9770 1.0715e-01     0.0874    97.8379     5.7662     5.8900    34.6702    34.6679    27.4743    27.4728    7.19744 0.0000e+00
       3970    133.148     4.4638     4.4603   3.275129   3.274683     1.8640     2.2103      7.972     0.8952     0.9770 1.0715e-01     0.0867    97.8553     5.7609     5.8867    34.6699    34.6684    27.4741    27.4732    7.19741 0.0000e+00
       3973    133.293     4.4636     4.4594   3.275039   3.274607     1.8631     2.2091      7.972     0.9053     0.9770 1.0715e-01     0.0867    97.8553     5.7593     5.8834    34.6690    34.6684    27.4733    27.4733    7.19749 0.0000e+00
       3976    133.435     4.4634     4.4582   3.275115   3.274531     1.8627     2.2087      7.972     0.9053     0.9770 1.0715e-01     0.0874    97.8379     5.7592     5.8826    34.6701    34.6686    27.4743    27.4736    7.19748 0.0000e+00
       3979    133.565     4.4641     4.4586   3.275275   3.274624     1.8619     2.2074      7.972     0.9155     0.9770 1.0715e-01     0.0874    97.8379     5.7559     5.8810    34.6712    34.6693    27.4750    27.4741    7.19731 0.0000e+00
       3982    133.692     4.4666     4.4615   3.275692   3.275084     1.8619     2.2062      7.972     0.9155    -0.1284 1.0715e-01     0.0874    97.8379     5.7568     5.8801    34.6733    34.6716    27.4764    27.4756    7.19676 0.0000e+00
       3985    133.810     4.4705     4.4661   3.276030   3.275551     1.8603     2.2058      7.972     0.8952    -0.4838 1.0715e-01     0.0874    97.8379     5.7513     5.8827    34.6732    34.6721    27.4759    27.4755    7.19609 0.0000e+00
       3988    133.921     4.4731     4.4696   3.276305   3.275908     1.8599     2.2038      7.972     0.9155    -0.4443 1.0715e-01     0.0874    97.8379     5.7522     5.8795    34.6736    34.6726    27.4759    27.4755    7.19561 0.0000e+00
       3991    134.029     4.4751     4.4708   3.276501   3.276005     1.8591     2.2042      7.972     0.8952    -0.4443 1.0715e-01     0.0871    97.8466     5.7523     5.8845    34.6737    34.6724    27.4758    27.4753    7.19525 0.0000e+00
       3994    134.131     4.4765     4.4717   3.276586   3.276108     1.8591     2.2025      7.972     0.9053    -0.4443 1.0715e-01     0.0874    97.8379     5.7550     5.8820    34.6732    34.6726    27.4753    27.4753    7.19503 0.0000e+00
       3997    134.229     4.4771     4.4722   3.276667   3.276137     1.8587     2.2017      7.972     0.8952    -0.4443 1.0715e-01     0.0871    97.8466     5.7543     5.8817    34.6735    34.6724    27.4754    27.4751    7.19492 0.0000e+00
       4000    134.320     4.4770     4.4721   3.276655   3.276155     1.8570     2.2005      7.972     0.9257    -0.4443 1.0715e-01     0.0864    97.8640     5.7486     5.8803    34.6734    34.6727    27.4754    27.4753    7.19494 0.0000e+00
       4003    134.408     4.4769     4.4720   3.276635   3.276121     1.8566     2.2001      7.972     0.9257    -0.4443 1.0715e-01     0.0864    97.8640     5.7469     5.8820    34.6732    34.6723    27.4752    27.4750    7.19497 0.0000e+00
       4006    134.488     4.4766     4.4722   3.276620   3.276148     1.8562     2.2001      7.972     0.9358    33.3893 1.0715e-01     0.0864    97.8640     5.7476     5.8833    34.6733    34.6723    27.4753    27.4750    7.19501 0.0000e+00
       4009    134.566     4.4767     4.4723   3.276626   3.276127     1.8562     2.1997      7.972     0.9257   452.2224 1.0715e-01     0.0864    97.8640     5.7511     5.8850    34.6733    34.6720    27.4753    27.4747    7.19500 0.0000e+00
       4012    134.639     4.4766     4.4721   3.276642   3.276126     1.8554     2.1989      7.972     0.9257   481.4764 1.0715e-01     0.0864    97.8640     5.7481     5.8835    34.6735    34.6721    27.4755    27.4749    7.19501 0.0000e+00
       4015    134.710     4.4765     4.4715   3.276646   3.276109     1.8550     2.1977      7.972     0.9358   481.2000 1.0715e-01     0.0864    97.8640     5.7474     5.8808    34.6736    34.6726    27.4756    27.4753    7.19502 0.0000e+00
       4018    134.780     4.4761     4.4705   3.276579   3.276020     1.8546     2.1977      7.972     0.9257   481.3184 1.0715e-01     0.0864    97.8640     5.7464     5.8846    34.6732    34.6725    27.4754    27.4754    7.19511 0.0000e+00
       4021    134.847     4.4752     4.4696   3.276490   3.275943     1.8534     2.1964      7.972     0.9358   481.3579 1.0715e-01     0.0864    97.8640     5.7453     5.8820    34.6731    34.6725    27.4753    27.4755    7.19527 0.0000e+00
       4024    134.912     4.4740     4.4699   3.276421   3.275965     1.8534     2.1964      7.972     0.9257   481.3579 1.0715e-01     0.0864    97.8640     5.7498     5.8824    34.6735    34.6724    27.4758    27.4754    7.19546 0.0000e+00
       4027    134.972     4.4725     4.4700   3.276307   3.275982     1.8521     2.1952      7.972     0.9562   481.3579 1.0715e-01     0.0864    97.8640     5.7460     5.8786    34.6737    34.6725    27.4761    27.4754    7.19571 0.0000e+00
       4030    135.033     4.4732     4.4690   3.276377   3.275914     1.8530     2.1944      7.972     0.9460   481.3579 1.0715e-01     0.0853    97.8901     5.7520     5.8777    34.6737    34.6727    27.4760    27.4757    7.19558 0.0000e+00
       4033    135.092     4.4739     4.4685   3.276440   3.275876     1.8521     2.1944      7.972     0.9765   346.8528 1.0727e-01     0.0864    97.8640     5.7509     5.8830    34.6737    34.6727    27.4760    27.4758    7.19547 0.0000e+00
       4036    135.150     4.4728     4.4666   3.276298   3.275718     1.8513     2.1932      7.972     0.9562    -2.8130 1.0715e-01     0.0864    97.8640     5.7507     5.8826    34.6732    34.6729    27.4757    27.4761    7.19569 0.0000e+00
       4039    135.209     4.4696     4.4645   3.276046   3.275545     1.8509     2.1936      7.972     0.9562     0.4638 1.0715e-01     0.0853    97.8901     5.7512     5.8884    34.6735    34.6729    27.4762    27.4764    7.19622 0.0000e+00
       4042    135.273     4.4675     4.4633   3.275828   3.275417     1.8505     2.1932      7.972     0.9663     1.3718 1.0715e-01     0.0853    97.8901     5.7523     5.8894    34.6732    34.6728    27.4762    27.4764    7.19662 0.0000e+00
       4045    135.336     4.4664     4.4624   3.275812   3.275347     1.8509     2.1924      7.972     0.9765     1.3323 1.0715e-01     0.0853    97.8901     5.7569     5.8890    34.6741    34.6728    27.4771    27.4765    7.19677 0.0000e+00
       4048    135.401     4.4675     4.4613   3.275886   3.275243     1.8505     2.1920      7.972     0.9460     1.3323 1.0715e-01     0.0853    97.8901     5.7547     5.8887    34.6738    34.6727    27.4767    27.4765    7.19658 0.0000e+00
       4051    135.470     4.4683     4.4604   3.275964   3.275172     1.8505     2.1916      7.972     0.9562     1.3323 1.0715e-01     0.0853    97.8901     5.7548     5.8895    34.6738    34.6728    27.4766    27.4767    7.19644 0.0000e+00
       4054    135.539     4.4671     4.4601   3.275860   3.275168     1.8501     2.1916      7.972     0.9562     1.3323 1.0715e-01     0.0853    97.8901     5.7544     5.8899    34.6738    34.6730    27.4767    27.4769    7.19665 0.0000e+00
       4057    135.610     4.4658     4.4606   3.275757   3.275199     1.8497     2.1924      7.972     0.9460     1.3323 1.0715e-01     0.0853    97.8901     5.7568     5.8941    34.6739    34.6728    27.4769    27.4767    7.19687 0.0000e+00
       4060    135.685     4.4648     4.4603   3.275667   3.275136     1.8489     2.1912      7.972     0.9663     4.6485 1.0715e-01     0.0853    97.8901     5.7548     5.8900    34.6739    34.6723    27.4771    27.4763    7.19705 0.0000e+00
       4063    135.762     4.4645     4.4590   3.275630   3.275069     1.8489     2.1912      7.972     0.9663     7.4910 1.0715e-01     0.0860    97.8727     5.7536     5.8904    34.6737    34.6729    27.4770    27.4769    7.19711 0.0000e+00
       4066    135.843     4.4655     4.4586   3.275710   3.275055     1.8493     2.1903      7.972     0.9663     7.3726 1.0715e-01     0.0853    97.8901     5.7558     5.8889    34.6735    34.6731    27.4767    27.4771    7.19694 0.0000e+00
       4069    135.926     4.4652     4.4588   3.275635   3.275005     1.8485     2.1899      7.972     0.9663     7.3726 1.0715e-01     0.0857    97.8814     5.7533     5.8887    34.6730    34.6723    27.4763    27.4764    7.19703 0.0000e+00
       4072    136.013     4.4620     4.4564   3.275309   3.274781     1.8473     2.1891      7.972     0.9663     7.3726 1.0715e-01     0.0857    97.8814     5.7507     5.8861    34.6724    34.6721    27.4763    27.4766    7.19761 0.0000e+00
       4075    136.106     4.4585     4.4544   3.275031   3.274567     1.8481     2.1895      7.972     0.9562     7.3726 1.0715e-01     0.0857    97.8814     5.7551     5.8886    34.6727    34.6717    27.4769    27.4765    7.19821 0.0000e+00
