Datasets/AZMP/HUD120/hud120_2020_074.cnv
* Sea-Bird SBE 9 Data File:
* FileName = C:\CTDDATA\hud120_2020_074.hex
* Software Version Seasave V 7.26.7.110
* Temperature SN = 1697
* Conductivity SN = 4216
* Number of Bytes Per Scan = 30
* Number of Voltage Words = 4
* Number of Scans Averaged by the Deck Unit = 1
* NMEA baud rate = 4800
** VESSEL/TRIP/SEQ STN:  hud120_2020_074
** LATITUDE XX XX.XX: 47 00.00 N
** LONGITUDE XX XX.XX: 050 40.00 W
** SOUNDING DEPTH (M): 0177
** PROBE TYPE: S1146
** CTD NUMBER: 053
** FORMAT: V
** COMMENTS (14 CHAR): FC-08
** BOTTLES:  0
** LEVELS:
** STICKERS:
** VNET: N
** DO2: N
# nquan = 22
# nvalues = 2598                        
# units = specified
# name 0 = scan: Scan Count
# name 1 = prDM: Pressure, Digiquartz [db]
# name 2 = t090C: Temperature [ITS-90, deg C]
# name 3 = t190C: Temperature, 2 [ITS-90, deg C]
# name 4 = c0S/m: Conductivity [S/m]
# name 5 = c1S/m: Conductivity, 2 [S/m]
# name 6 = sbeox0V: Oxygen raw, SBE 43 [V]
# name 7 = sbeox1V: Oxygen raw, SBE 43, 2 [V]
# name 8 = ph: pH
# name 9 = flECO-AFL: Fluorescence, WET Labs ECO-AFL/FL [mg/m^3]
# name 10 = wetCDOM: Fluorescence, WET Labs CDOM [mg/m^3]
# name 11 = par/sat/log: PAR/Logarithmic, Satlantic [umol photons/m^2/sec]
# name 12 = CStarAt0: Beam Attenuation, WET Labs C-Star [1/m]
# name 13 = CStarTr0: Beam Transmission, WET Labs C-Star [%]
# name 14 = sbeox0ML/L: Oxygen, SBE 43 [ml/l], WS = 2
# name 15 = sbeox1ML/L: Oxygen, SBE 43, 2 [ml/l], WS = 2
# name 16 = sal00: Salinity, Practical [PSU]
# name 17 = sal11: Salinity, Practical, 2 [PSU]
# name 18 = sigma-t00: Density [sigma-t, kg/m^3 ]
# name 19 = sigma-t11: Density, 2 [sigma-t, kg/m^3 ]
# name 20 = oxsatML/L: Oxygen Saturation, Weiss [ml/l]
# name 21 = flag: flag
# span 0 =         80,      10778       
# span 1 =      2.339,    171.927       
# span 2 =    -0.3355,     6.7138       
# span 3 =    -0.3407,     6.7101       
# span 4 =   2.734714,   3.212470       
# span 5 =   2.734264,   3.211979       
# span 6 =     1.7895,     2.2080       
# span 7 =     2.1147,     2.6303       
# span 8 =      7.910,      8.165       
# span 9 =     1.1088,     3.7035       
# span 10 =    -2.4972,   482.1870      
# span 11 = 1.0605e-01, 4.4564e-01      
# span 12 =     0.1249,     0.5575      
# span 13 =    86.9899,    96.9252      
# span 14 =     6.1705,     7.0331      
# span 15 =     6.2363,     7.2851      
# span 16 =    31.7752,    33.0267      
# span 17 =    31.7676,    33.0263      
# span 18 =    24.9181,    26.5285      
# span 19 =    24.9126,    26.5284      
# span 20 =    6.95048,    8.22770      
# span 21 = 0.0000e+00, 0.0000e+00      
# interval = scans: 3                   
# start_time = Nov 26 2020 03:03:10 [System UTC, header]
# bad_flag = -9.990e-29
*END*
[from data line 264]
       1487     37.290     6.7108     6.7062   3.211856   3.211314     2.1917     2.6093      8.162     2.9607    12.6233 1.0715e-01     0.1375    96.6210     6.8619     7.0106    31.7820    31.7803    24.9223    24.9215    6.95098 0.0000e+00
       1490     37.451     6.7109     6.7064   3.211887   3.211353     2.1929     2.6097      8.162     2.9607    12.5838 1.0715e-01     0.1379    96.6123     6.8663     7.0114    31.7821    31.7804    24.9223    24.9216    6.95095 0.0000e+00
       1493     37.601     6.7108     6.7063   3.211869   3.211331     2.1929     2.6101      8.162     2.9607     8.7544 1.0715e-01     0.1379    96.6123     6.8675     7.0116    31.7819    31.7802    24.9222    24.9215    6.95097 0.0000e+00
       1496     37.742     6.7108     6.7059   3.211893   3.211290     2.1917     2.6101      8.162     2.9709    -1.2733 1.0715e-01     0.1379    96.6123     6.8631     7.0114    31.7821    31.7800    24.9224    24.9214    6.95097 0.0000e+00
       1499     37.870     6.7102     6.7057   3.211820   3.211278     2.1925     2.6105      8.162     2.9709    -0.9180 1.0715e-01     0.1379    96.6123     6.8645     7.0106    31.7818    31.7801    24.9222    24.9214    6.95107 0.0000e+00
       1502     37.984     6.7101     6.7059   3.211845   3.211366     2.1929     2.6097      8.162     2.9607    -0.9180 1.0715e-01     0.1379    96.6123     6.8663     7.0061    31.7821    31.7808    24.9225    24.9220    6.95108 0.0000e+00
       1505     38.084     6.7105     6.7062   3.211905   3.211411     2.1913     2.6093      8.162     2.9709    -0.9180 1.0715e-01     0.1372    96.6297     6.8590     7.0026    31.7824    31.7810    24.9226    24.9220    6.95100 0.0000e+00
       1508     38.173     6.7107     6.7066   3.211928   3.211427     2.1921     2.6105      8.162     2.9607    -0.9180 1.0715e-01     0.1368    96.6384     6.8623     7.0063    31.7824    31.7807    24.9227    24.9218    6.95097 0.0000e+00
       1511     38.250     6.7107     6.7067   3.211942   3.211439     2.1921     2.6105      8.162     2.9709    -0.9180 1.0715e-01     0.1368    96.6384     6.8612     7.0053    31.7825    31.7807    24.9227    24.9218    6.95096 0.0000e+00
       1514     38.318     6.7109     6.7066   3.211958   3.211460     2.1921     2.6089      8.162     3.1235    -0.9180 1.0715e-01     0.1368    96.6384     6.8597     6.9977    31.7825    31.7810    24.9227    24.9220    6.95093 0.0000e+00
       1517     38.372     6.7107     6.7066   3.211959   3.211441     2.1933     2.6093      8.162     3.2964    -0.9180 1.0715e-01     0.1368    96.6384     6.8640     6.9977    31.7826    31.7808    24.9228    24.9218    6.95096 0.0000e+00
       1520     38.415     6.7109     6.7067   3.211975   3.211439     2.1921     2.6089      8.162     3.3066     2.5562 1.0715e-01     0.1368    96.6384     6.8601     6.9967    31.7826    31.7806    24.9228    24.9217    6.95093 0.0000e+00
       1523     38.454     6.7110     6.7069   3.211954   3.211477     2.1917     2.6093      8.162     3.3066     5.3592 1.0715e-01     0.1375    96.6210     6.8578     6.9985    31.7823    31.7808    24.9225    24.9219    6.95093 0.0000e+00
       1526     38.487     6.7109     6.7072   3.211973   3.211476     2.1921     2.6089      8.162     3.2862     5.2407 1.0715e-01     0.1400    96.5602     6.8589     6.9972    31.7826    31.7805    24.9227    24.9216    6.95093 0.0000e+00
       1529     38.514     6.7110     6.7070   3.211981   3.211473     2.1917     2.6093      8.162     3.2862     5.2407 1.0715e-01     0.1400    96.5602     6.8573     6.9981    31.7825    31.7807    24.9227    24.9217    6.95091 0.0000e+00
       1532     38.541     6.7111     6.7070   3.211987   3.211458     2.1921     2.6093      8.162     3.2964     5.2407 1.0727e-01     0.1400    96.5602     6.8572     6.9990    31.7825    31.7806    24.9226    24.9216    6.95090 0.0000e+00
       1535     38.568     6.7112     6.7070   3.212001   3.211468     2.1917     2.6097      8.162     3.2964     5.2407 1.0715e-01     0.1400    96.5602     6.8536     6.9999    31.7826    31.7806    24.9227    24.9217    6.95088 0.0000e+00
       1538     38.593     6.7112     6.7069   3.211989   3.211474     2.1913     2.6081      8.162     3.3168     5.2407 1.0715e-01     0.1400    96.5602     6.8505     6.9955    31.7824    31.7807    24.9225    24.9218    6.95088 0.0000e+00
       1541     38.623     6.7113     6.7069   3.211995   3.211494     2.1913     2.6081      8.162     3.2964     5.2407 1.0715e-01     0.1400    96.5602     6.8508     6.9934    31.7824    31.7810    24.9225    24.9220    6.95088 0.0000e+00
       1544     38.660     6.7111     6.7070   3.212000   3.211489     2.1921     2.6097      8.162     3.2964     5.2407 1.0715e-01     0.1396    96.5689     6.8565     6.9966    31.7826    31.7808    24.9227    24.9219    6.95090 0.0000e+00
       1547     38.700     6.7110     6.7070   3.212004   3.211474     2.1917     2.6081      8.162     3.2862    10.4520 1.0715e-01     0.1375    96.6210     6.8558     6.9893    31.7827    31.7806    24.9228    24.9217    6.95090 0.0000e+00
       1550     38.749     6.7110     6.7070   3.211998   3.211478     2.1905     2.6081      8.162     3.2964    11.3995 1.0715e-01     0.1379    96.6123     6.8504     6.9888    31.7826    31.7806    24.9227    24.9217    6.95091 0.0000e+00
       1553     38.807     6.7111     6.7069   3.211986   3.211499     2.1917     2.6093      8.162     3.2964    11.3995 1.0715e-01     0.1375    96.6210     6.8553     6.9920    31.7824    31.7809    24.9226    24.9220    6.95091 0.0000e+00
       1556     38.874     6.7111     6.7066   3.211999   3.211472     2.1909     2.6081      8.162     3.3066    11.3995 1.0715e-01     0.1379    96.6123     6.8523     6.9878    31.7825    31.7809    24.9227    24.9220    6.95091 0.0000e+00
       1559     38.954     6.7108     6.7064   3.211996   3.211476     2.1905     2.6073      8.162     3.2964    11.3995 1.0715e-01     0.1375    96.6210     6.8510     6.9865    31.7827    31.7811    24.9228    24.9221    6.95094 0.0000e+00
       1562     39.046     6.7109     6.7066   3.212012   3.211466     2.1905     2.6081      8.162     3.2964    11.3600 1.0715e-01     0.1375    96.6210     6.8506     6.9883    31.7828    31.7807    24.9229    24.9218    6.95093 0.0000e+00
       1565     39.147     6.7108     6.7064   3.212022   3.211484     2.1909     2.6069      8.162     3.2862    11.3995 1.0715e-01     0.1386    96.5949     6.8497     6.9836    31.7829    31.7811    24.9230    24.9221    6.95093 0.0000e+00
       1568     39.263     6.7110     6.7065   3.212022   3.211493     2.1909     2.6065      8.162     3.3880    11.3995 1.0715e-01     0.1400    96.5602     6.8496     6.9831    31.7826    31.7810    24.9227    24.9220    6.95091 0.0000e+00
       1571     39.393     6.7108     6.7065   3.212039   3.211495     2.1913     2.6069      8.162     3.3982    75.5134 1.0715e-01     0.1396    96.5689     6.8537     6.9875    31.7829    31.7809    24.9231    24.9220    6.95092 0.0000e+00
       1574     39.531     6.7108     6.7066   3.212056   3.211519     2.1905     2.6069      8.162     3.3880   469.2774 1.0715e-01     0.1400    96.5602     6.8529     6.9882    31.7831    31.7811    24.9231    24.9221    6.95092 0.0000e+00
       1577     39.682     6.7110     6.7069   3.212068   3.211546     2.1905     2.6069      8.162     3.3982   481.5159 1.0715e-01     0.1396    96.5689     6.8544     6.9886    31.7829    31.7811    24.9230    24.9221    6.95089 0.0000e+00
       1580     39.847     6.7110     6.7070   3.212066   3.211566     2.1905     2.6065      8.162     3.3880   481.2790 1.0715e-01     0.1396    96.5689     6.8559     6.9901    31.7828    31.7811    24.9230    24.9221    6.95090 0.0000e+00
       1583     40.021     6.7111     6.7069   3.212080   3.211570     2.1901     2.6065      8.162     3.3778   481.3579 1.0715e-01     0.1396    96.5689     6.8537     6.9906    31.7828    31.7811    24.9229    24.9221    6.95089 0.0000e+00
       1586     40.202     6.7109     6.7069   3.212110   3.211583     2.1897     2.6056      8.162     3.3880   481.3579 1.0715e-01     0.1379    96.6123     6.8516     6.9883    31.7833    31.7812    24.9233    24.9221    6.95090 0.0000e+00
       1589     40.389     6.7114     6.7069   3.212102   3.211584     2.1897     2.6065      8.162     3.3982   481.3579 1.0715e-01     0.1372    96.6297     6.8509     6.9936    31.7827    31.7812    24.9228    24.9221    6.95085 0.0000e+00
       1592     40.585     6.7112     6.7069   3.212122   3.211595     2.1897     2.6069      8.162     3.2761   481.3579 1.0715e-01     0.1372    96.6297     6.8509     6.9970    31.7830    31.7811    24.9230    24.9221    6.95087 0.0000e+00
       1595     40.789     6.7111     6.7069   3.212106   3.211618     2.1905     2.6069      8.162     2.9709   481.3579 1.0715e-01     0.1375    96.6210     6.8556     6.9981    31.7828    31.7813    24.9229    24.9222    6.95089 0.0000e+00
       1598     41.001     6.7111     6.7065   3.212141   3.211588     2.1909     2.6060      8.162     2.9810   300.8598 1.0715e-01     0.1375    96.6210     6.8589     6.9965    31.7831    31.7812    24.9231    24.9222    6.95088 0.0000e+00
       1601     41.212     6.7110     6.7068   3.212146   3.211639     2.1909     2.6056      8.162     2.9607    -0.7601 1.0715e-01     0.1372    96.6297     6.8584     6.9982    31.7831    31.7815    24.9231    24.9224    6.95088 0.0000e+00
       1604     41.428     6.7115     6.7072   3.212204   3.211651     2.1897     2.6065      8.162     2.9709     8.0437 1.0715e-01     0.1375    96.6210     6.8544     7.0042    31.7831    31.7811    24.9231    24.9220    6.95080 0.0000e+00
       1607     41.642     6.7117     6.7076   3.212214   3.211673     2.1901     2.6056      8.162     2.9505     7.7279 1.0715e-01     0.1379    96.6123     6.8569     7.0051    31.7830    31.7808    24.9230    24.9218    6.95078 0.0000e+00
       1610     41.860     6.7117     6.7076   3.212244   3.211715     2.1897     2.6056      8.162     2.9709     7.7279 1.0715e-01     0.1379    96.6123     6.8560     7.0066    31.7832    31.7812    24.9231    24.9221    6.95076 0.0000e+00
       1613     42.073     6.7116     6.7074   3.212222   3.211725     2.1897     2.6069      8.162     2.9709     7.7279 1.0715e-01     0.1375    96.6210     6.8553     7.0108    31.7829    31.7815    24.9229    24.9223    6.95079 0.0000e+00
       1616     42.282     6.7113     6.7076   3.212227   3.211726     2.1893     2.6069      8.162     2.9607     7.7279 1.0715e-01     0.1375    96.6210     6.8520     7.0121    31.7832    31.7811    24.9232    24.9220    6.95084 0.0000e+00
       1619     42.488     6.7118     6.7077   3.212279   3.211772     2.1905     2.6069      8.162     2.9912     7.7279 1.0715e-01     0.1375    96.6210     6.8575     7.0140    31.7832    31.7814    24.9231    24.9223    6.95075 0.0000e+00
       1622     42.688     6.7120     6.7077   3.212271   3.211751     2.1897     2.6065      8.162     2.9912     7.7279 1.0715e-01     0.1375    96.6210     6.8556     7.0140    31.7828    31.7811    24.9228    24.9220    6.95073 0.0000e+00
       1625     42.881     6.7120     6.7076   3.212301   3.211755     2.1893     2.6081      8.162     2.9912     6.7804 1.0715e-01     0.1375    96.6210     6.8556     7.0192    31.7831    31.7812    24.9230    24.9221    6.95072 0.0000e+00
       1628     43.062     6.7118     6.7074   3.212009   3.211708     2.1901     2.6081      8.162     3.0014     6.2277 1.0715e-01     0.1368    96.6384     6.8611     7.0182    31.7800    31.7807    24.9206    24.9217    6.95090 0.0000e+00
       1631     43.231     6.7117     6.7074   3.211718   3.211737     2.1897     2.6085      8.162     3.0014     6.3067 1.0715e-01     0.1368    96.6384     6.8609     7.0187    31.7768    31.7810    24.9181    24.9219    6.95106 0.0000e+00
       1634     43.388     6.7120     6.7073   3.212322   3.211770     2.1905     2.6081      8.162     3.0115     6.3067 1.0715e-01     0.1375    96.6210     6.8644     7.0147    31.7830    31.7814    24.9230    24.9223    6.95073 0.0000e+00
       1637     43.534     6.7120     6.7075   3.212322   3.211776     2.1897     2.6073      8.162     2.9912     6.3067 1.0715e-01     0.1368    96.6384     6.8607     7.0090    31.7830    31.7812    24.9229    24.9221    6.95073 0.0000e+00
       1640     43.668     6.7121     6.7075   3.212325   3.211809     2.1897     2.6081      8.162     3.0115     6.3067 1.0715e-01     0.1368    96.6384     6.8598     7.0112    31.7829    31.7815    24.9228    24.9223    6.95072 0.0000e+00
       1643     43.790     6.7118     6.7077   3.212313   3.211806     2.1901     2.6081      8.162     3.0115     6.3067 1.0715e-01     0.1368    96.6384     6.8602     7.0103    31.7829    31.7812    24.9229    24.9220    6.95076 0.0000e+00
       1646     43.898     6.7119     6.7076   3.212350   3.211822     2.1897     2.6081      8.162     3.1642     6.3067 1.0715e-01     0.1372    96.6297     6.8587     7.0091    31.7832    31.7814    24.9231    24.9223    6.95074 0.0000e+00
       1649     43.992     6.7117     6.7076   3.212363   3.211850     2.1893     2.6085      8.162     3.2151    15.7422 1.0715e-01     0.1368    96.6384     6.8562     7.0095    31.7835    31.7817    24.9234    24.9225    6.95075 0.0000e+00
       1652     44.076     6.7120     6.7079   3.212386   3.211844     2.1905     2.6081      8.162     3.2151   431.6933 1.0715e-01     0.1375    96.6210     6.8605     7.0087    31.7834    31.7813    24.9232    24.9221    6.95071 0.0000e+00
       1655     44.146     6.7123     6.7081   3.212398   3.211885     2.1905     2.6081      8.162     3.2049   481.1605 1.0715e-01     0.1368    96.6384     6.8614     7.0096    31.7832    31.7815    24.9231    24.9223    6.95066 0.0000e+00
       1658     44.204     6.7124     6.7082   3.212402   3.211887     2.1897     2.6077      8.162     3.2252   481.1605 1.0715e-01     0.1368    96.6384     6.8588     7.0085    31.7831    31.7814    24.9230    24.9222    6.95065 0.0000e+00
       1661     44.254     6.7125     6.7081   3.212387   3.211869     2.1897     2.6081      8.162     3.2252   481.3579 1.0715e-01     0.1379    96.6123     6.8600     7.0100    31.7829    31.7813    24.9228    24.9221    6.95065 0.0000e+00
       1664     44.297     6.7124     6.7081   3.212403   3.211863     2.1897     2.6081      8.162     3.2151   481.3579 1.0715e-01     0.1375    96.6210     6.8599     7.0088    31.7831    31.7812    24.9230    24.9220    6.95065 0.0000e+00
       1667     44.328     6.7123     6.7079   3.212376   3.211837     2.1893     2.6085      8.162     3.2252   481.3579 1.0715e-01     0.1379    96.6123     6.8604     7.0096    31.7830    31.7812    24.9228    24.9220    6.95068 0.0000e+00
       1703     44.358     6.7117     6.7076   3.212348   3.211825     2.1893     2.6077      8.162     3.2354   481.3579 1.0715e-01     0.1389    96.5862     6.8589     6.9943    31.7832    31.7812    24.9232    24.9221    6.95078 0.0000e+00
       1723     44.387     6.7116     6.7076   3.212314   3.211868     2.1893     2.6081      8.162     3.3168   481.3579 1.0715e-01     0.1389    96.5862     6.8570     6.9883    31.7829    31.7817    24.9229    24.9224    6.95080 0.0000e+00
       1726     44.420     6.7114     6.7078   3.212311   3.211837     2.1893     2.6065      8.162     3.5203   481.3579 1.0715e-01     0.1386    96.5949     6.8572     6.9799    31.7830    31.7812    24.9230    24.9221    6.95083 0.0000e+00
       1729     44.459     6.7114     6.7074   3.212317   3.211828     2.1893     2.6065      8.162     3.5101   481.3579 1.0715e-01     0.1368    96.6384     6.8586     6.9790    31.7831    31.7814    24.9231    24.9223    6.95083 0.0000e+00
