Datasets/AZMP/HUD120/hud120_2020_078.cnv
* Sea-Bird SBE 9 Data File:
* FileName = C:\CTDDATA\hud120_2020_078.hex
* Software Version Seasave V 7.26.7.110
* Temperature SN = 1697
* Conductivity SN = 4216
* Number of Bytes Per Scan = 30
* Number of Voltage Words = 4
* Number of Scans Averaged by the Deck Unit = 1
* NMEA baud rate = 4800
** VESSEL/TRIP/SEQ STN:  hud120_2020_078
** LATITUDE XX XX.XX: 47 32.80 N
** LONGITUDE XX XX.XX: 052 35.20 W
** SOUNDING DEPTH (M): 0181
** PROBE TYPE: S1146
** CTD NUMBER: 057
** FORMAT: V
** COMMENTS (14 CHAR): S27-01
** BOTTLES:  10
** LEVELS: 5,10,20,30,40,50,75,100,150,BTM
** STICKERS: 439892 - 439901
** VNET: Y
** DO2: N
# nquan = 22
# nvalues = 3560                        
# units = specified
# name 0 = scan: Scan Count
# name 1 = prDM: Pressure, Digiquartz [db]
# name 2 = t090C: Temperature [ITS-90, deg C]
# name 3 = t190C: Temperature, 2 [ITS-90, deg C]
# name 4 = c0S/m: Conductivity [S/m]
# name 5 = c1S/m: Conductivity, 2 [S/m]
# name 6 = sbeox0V: Oxygen raw, SBE 43 [V]
# name 7 = sbeox1V: Oxygen raw, SBE 43, 2 [V]
# name 8 = ph: pH
# name 9 = flECO-AFL: Fluorescence, WET Labs ECO-AFL/FL [mg/m^3]
# name 10 = wetCDOM: Fluorescence, WET Labs CDOM [mg/m^3]
# name 11 = par/sat/log: PAR/Logarithmic, Satlantic [umol photons/m^2/sec]
# name 12 = CStarAt0: Beam Attenuation, WET Labs C-Star [1/m]
# name 13 = CStarTr0: Beam Transmission, WET Labs C-Star [%]
# name 14 = sbeox0ML/L: Oxygen, SBE 43 [ml/l], WS = 2
# name 15 = sbeox1ML/L: Oxygen, SBE 43, 2 [ml/l], WS = 2
# name 16 = sal00: Salinity, Practical [PSU]
# name 17 = sal11: Salinity, Practical, 2 [PSU]
# name 18 = sigma-t00: Density [sigma-t, kg/m^3 ]
# name 19 = sigma-t11: Density, 2 [sigma-t, kg/m^3 ]
# name 20 = oxsatML/L: Oxygen Saturation, Weiss [ml/l]
# name 21 = flag: flag
# span 0 =        122,      31944       
# span 1 =      2.280,    172.091       
# span 2 =    -0.4628,     4.3302       
# span 3 =    -0.4680,     4.3261       
# span 4 =   2.707451,   2.982500       
# span 5 =   2.706740,   2.982021       
# span 6 =     1.8869,     2.2059       
# span 7 =     2.2357,     2.6297       
# span 8 =      7.997,      8.149       
# span 9 =     1.0681,     6.0335       
# span 10 =    -2.8130,   482.1870      
# span 11 = 1.0641e-01, 3.6875e-01      
# span 12 =     0.1006,     0.3223      
# span 13 =    92.2575,    97.5163      
# span 14 =     6.9412,     7.6360      
# span 15 =     7.0674,     7.8412      
# span 16 =    31.4418,    33.1895      
# span 17 =    31.4404,    33.1887      
# span 18 =    24.9246,    26.6616      
# span 19 =    24.9239,    26.6613      
# span 20 =    7.37688,    8.25792      
# span 21 = 0.0000e+00, 0.0000e+00      
# interval = scans: 3                   
# start_time = Nov 26 2020 20:16:35 [System UTC, header]
# bad_flag = -9.990e-29
*END*
[from data line 3490]
      29851      5.766     4.3251     4.3209   2.981955   2.981460     2.2051     2.6244      8.149     2.6452   149.0629 1.0715e-01     0.1321    96.7514     7.3475     7.4712    31.4455    31.4438    24.9280    24.9270    7.37762 0.0000e+00
      29854      5.672     4.3251     4.3205   2.981948   2.981431     2.2043     2.6253      8.149     2.6452    -1.8260 1.0715e-01     0.1325    96.7427     7.3406     7.4762    31.4455    31.4438    24.9280    24.9272    7.37763 0.0000e+00
      29857      5.584     4.3249     4.3202   2.981939   2.981424     2.2043     2.6248      8.149     2.6351     1.9640 1.0715e-01     0.1321    96.7514     7.3387     7.4764    31.4456    31.4441    24.9281    24.9274    7.37765 0.0000e+00
      29860      5.492     4.3247     4.3200   2.981940   2.981377     2.2043     2.6244      8.149     2.6351     1.8060 1.0715e-01     0.1318    96.7601     7.3361     7.4764    31.4458    31.4437    24.9284    24.9271    7.37768 0.0000e+00
      29863      5.404     4.3247     4.3198   2.981900   2.981388     2.2043     2.6248      8.149     2.6351     1.8060 1.0715e-01     0.1321    96.7514     7.3338     7.4799    31.4455    31.4442    24.9280    24.9275    7.37770 0.0000e+00
      29866      5.317     4.3245     4.3199   2.981937   2.981397     2.2035     2.6257      8.149     2.5028     1.8060 1.0715e-01     0.1321    96.7514     7.3297     7.4861    31.4461    31.4442    24.9285    24.9275    7.37770 0.0000e+00
      29869      5.235     4.3241     4.3193   2.981872   2.981355     2.2043     2.6244      8.149     2.4519     1.8060 1.0715e-01     0.1325    96.7427     7.3329     7.4816    31.4457    31.4443    24.9283    24.9277    7.37779 0.0000e+00
      29872      5.149     4.3232     4.3192   2.981849   2.981351     2.2039     2.6244      8.147     2.4519     1.8060 1.0715e-01     0.1325    96.7427     7.3304     7.4803    31.4464    31.4444    24.9289    24.9277    7.37793 0.0000e+00
      29875      5.064     4.3234     4.3191   2.981824   2.981338     2.2031     2.6240      8.146     2.4417     2.1613 1.0715e-01     0.1325    96.7427     7.3267     7.4778    31.4460    31.4444    24.9286    24.9277    7.37792 0.0000e+00
      29878      4.982     4.3228     4.3192   2.981803   2.981304     2.2031     2.6244      8.149     2.4417    10.0572 1.0715e-01     0.1325    96.7427     7.3287     7.4790    31.4463    31.4440    24.9289    24.9274    7.37800 0.0000e+00
      29881      4.901     4.3220     4.3188   2.981762   2.981298     2.2031     2.6244      8.149     2.4621    10.6099 1.0715e-01     0.1325    96.7427     7.3286     7.4762    31.4466    31.4443    24.9292    24.9277    7.37813 0.0000e+00
      29884      4.825     4.3221     4.3183   2.981764   2.981278     2.2031     2.6244      8.147     2.4417    10.6099 1.0715e-01     0.1325    96.7427     7.3299     7.4721    31.4466    31.4446    24.9292    24.9280    7.37811 0.0000e+00
      29887      4.756     4.3218     4.3181   2.981745   2.981267     2.2031     2.6253      8.149     2.4417    10.5704 1.0715e-01     0.1325    96.7427     7.3342     7.4706    31.4467    31.4446    24.9293    24.9280    7.37815 0.0000e+00
      29890      4.700     4.3214     4.3179   2.981716   2.981221     2.2035     2.6244      8.149     2.4519    10.5704 1.0715e-01     0.1335    96.7166     7.3396     7.4688    31.4468    31.4443    24.9293    24.9278    7.37823 0.0000e+00
      29893      4.661     4.3212     4.3173   2.981713   2.981244     2.2035     2.6232      8.147     2.5333    10.6099 1.0727e-01     0.1335    96.7166     7.3416     7.4671    31.4470    31.4452    24.9296    24.9285    7.37826 0.0000e+00
      31110      4.629     4.3213     4.3173   2.981677   2.981204     2.2035     2.6236      8.149     2.7978    10.6099 1.0715e-01     0.1314    96.7687     7.3419     7.4849    31.4464    31.4448    24.9291    24.9282    7.37826 0.0000e+00
      31720      4.559     4.3212     4.3171   2.981626   2.981152     2.2035     2.6232      8.149     2.9505    10.6493 1.0715e-01     0.1310    96.7775     7.3422     7.4891    31.4460    31.4444    24.9287    24.9279    7.37830 0.0000e+00
      31723      4.481     4.3208     4.3166   2.981616   2.981123     2.2039     2.6236      8.149     2.8691    10.6493 1.0715e-01     0.1307    96.7861     7.3426     7.4870    31.4462    31.4445    24.9290    24.9281    7.37836 0.0000e+00
      31726      4.406     4.3210     4.3164   2.981626   2.981107     2.2039     2.6236      8.149     2.4621    10.5704 1.0715e-01     0.1303    96.7948     7.3406     7.4846    31.4463    31.4446    24.9291    24.9282    7.37833 0.0000e+00
      31729      4.334     4.3206     4.3163   2.981633   2.981115     2.2031     2.6236      8.149     2.4519    10.6099 1.3016e-01     0.1299    96.8035     7.3369     7.4826    31.4467    31.4448    24.9294    24.9283    7.37837 0.0000e+00
      31732      4.265     4.3208     4.3163   2.981620   2.981099     2.2035     2.6252      8.149     2.4417    10.6099 1.1010e-01     0.1292    96.8209     7.3391     7.4844    31.4464    31.4446    24.9291    24.9282    7.37835 0.0000e+00
      31735      4.199     4.3208     4.3164   2.981600   2.981095     2.2031     2.6248      8.149     2.4621     8.3990 1.0703e-01     0.1303    96.7948     7.3404     7.4774    31.4463    31.4445    24.9291    24.9281    7.37837 0.0000e+00
      31738      4.134     4.3207     4.3163   2.981613   2.981078     2.2035     2.6244      8.149     2.4621     2.0824 1.0715e-01     0.1303    96.7948     7.3426     7.4681    31.4466    31.4445    24.9293    24.9281    7.37837 0.0000e+00
      31741      4.069     4.3207     4.3161   2.981607   2.980999     2.2043     2.6236      8.149     2.4417     2.2798 1.0715e-01     0.1299    96.8035     7.3453     7.4594    31.4465    31.4438    24.9292    24.9276    7.37838 0.0000e+00
      31744      4.017     4.3208     4.3164   2.981602   2.981083     2.2039     2.6220      8.149     2.4519     2.2798 1.0715e-01     0.1303    96.7948     7.3436     7.4494    31.4463    31.4445    24.9291    24.9281    7.37835 0.0000e+00
      31747      3.967     4.3207     4.3164   2.981593   2.981107     2.2035     2.6220      8.149     2.4519     2.2798 1.1121e-01     0.1307    96.7861     7.3413     7.4453    31.4464    31.4448    24.9291    24.9283    7.37838 0.0000e+00
      31750      3.919     4.3207     4.3164   2.981600   2.981068     2.2035     2.6220      8.149     2.4926     2.2798 1.6573e-01     0.1325    96.7427     7.3414     7.4421    31.4465    31.4444    24.9292    24.9280    7.37838 0.0000e+00
      31753      3.877     4.3209     4.3162   2.981599   2.981072     2.2031     2.6220      8.149     2.5842     2.2798 1.1082e-01     0.1325    96.7427     7.3399     7.4391    31.4463    31.4447    24.9290    24.9282    7.37834 0.0000e+00
      31756      3.844     4.3212     4.3165   2.981590   2.981078     2.2039     2.6220      8.149     2.5638     2.2798 1.0703e-01     0.1325    96.7427     7.3424     7.4380    31.4460    31.4445    24.9288    24.9280    7.37831 0.0000e+00
      31759      3.816     4.3213     4.3165   2.981626   2.981099     2.2043     2.6204      8.149     2.5944     2.2798 1.0715e-01     0.1325    96.7427     7.3438     7.4354    31.4463    31.4447    24.9290    24.9283    7.37828 0.0000e+00
      31762      3.789     4.3211     4.3166   2.981609   2.981122     2.2035     2.6195      8.149     2.5740     6.7015 1.1030e-01     0.1325    96.7427     7.3403     7.4352    31.4463    31.4449    24.9290    24.9284    7.37831 0.0000e+00
      31765      3.763     4.3213     4.3168   2.981606   2.981111     2.2035     2.6195      8.149     2.5638    10.6888 1.0690e-01     0.1325    96.7427     7.3407     7.4378    31.4461    31.4446    24.9288    24.9281    7.37829 0.0000e+00
      31768      3.736     4.3210     4.3168   2.981611   2.981127     2.2035     2.6195      8.149     2.5740    10.4520 1.1093e-01     0.1314    96.7688     7.3416     7.4367    31.4464    31.4447    24.9291    24.9282    7.37832 0.0000e+00
      31771      3.710     4.3214     4.3171   2.981614   2.981132     2.2035     2.6195      8.149     2.5740    10.4520 1.3298e-01     0.1292    96.8209     7.3400     7.4365    31.4461    31.4446    24.9289    24.9281    7.37826 0.0000e+00
      31774      3.680     4.3212     4.3171   2.981626   2.981138     2.2035     2.6183      8.149     2.5638    10.4520 1.0820e-01     0.1292    96.8209     7.3396     7.4318    31.4464    31.4446    24.9291    24.9281    7.37829 0.0000e+00
      31777      3.652     4.3213     4.3168   2.981630   2.981111     2.2035     2.6187      8.149     2.6147    10.4520 1.4436e-01     0.1292    96.8209     7.3391     7.4341    31.4464    31.4446    24.9291    24.9281    7.37827 0.0000e+00
      31780      3.622     4.3213     4.3170   2.981623   2.981127     2.2039     2.6183      8.149     2.6452    10.4520 1.0693e-01     0.1292    96.8209     7.3387     7.4341    31.4463    31.4446    24.9291    24.9281    7.37828 0.0000e+00
      31783      3.590     4.3214     4.3168   2.981619   2.981123     2.2035     2.6183      8.149     2.6452    10.4520 1.0777e-01     0.1292    96.8209     7.3377     7.4345    31.4462    31.4448    24.9289    24.9283    7.37826 0.0000e+00
      31786      3.555     4.3212     4.3169   2.981626   2.981109     2.2043     2.6179      8.149     2.6249    10.4520 1.5846e-01     0.1292    96.8209     7.3424     7.4329    31.4465    31.4446    24.9292    24.9281    7.37828 0.0000e+00
      31789      3.522     4.3214     4.3170   2.981632   2.981131     2.2035     2.6171      8.149     2.6351   392.3722 1.0758e-01     0.1375    96.6210     7.3384     7.4316    31.4463    31.4448    24.9291    24.9283    7.37824 0.0000e+00
      31792      3.487     4.3211     4.3170   2.981607   2.981129     2.2031     2.6163      8.149     2.6452   481.9106 1.0727e-01     0.1404    96.5515     7.3380     7.4304    31.4464    31.4448    24.9292    24.9282    7.37831 0.0000e+00
      31795      3.451     4.3211     4.3172   2.981637   2.981115     2.2031     2.6167      8.149     2.6452   481.0026 1.1201e-01     0.1400    96.5602     7.3369     7.4325    31.4467    31.4445    24.9294    24.9280    7.37828 0.0000e+00
      31798      3.413     4.3212     4.3171   2.981628   2.981105     2.2039     2.6159      8.149     2.6452   481.3184 1.1260e-01     0.1400    96.5602     7.3403     7.4297    31.4466    31.4444    24.9293    24.9279    7.37828 0.0000e+00
      31801      3.375     4.3213     4.3171   2.981630   2.981130     2.2031     2.6159      8.149     2.6452   481.2395 1.0998e-01     0.1400    96.5602     7.3375     7.4320    31.4466    31.4447    24.9292    24.9282    7.37826 0.0000e+00
      31804      3.338     4.3211     4.3172   2.981637   2.981145     2.2031     2.6150      8.149     2.6351   481.2790 1.0703e-01     0.1400    96.5602     7.3367     7.4318    31.4468    31.4448    24.9294    24.9283    7.37828 0.0000e+00
      31807      3.304     4.3210     4.3172   2.981620   2.981124     2.2035     2.6146      8.149     2.6351   481.2395 1.0715e-01     0.1400    96.5602     7.3368     7.4329    31.4467    31.4446    24.9294    24.9281    7.37831 0.0000e+00
      31810      3.273     4.3214     4.3172   2.981617   2.981116     2.2031     2.6155      8.149     2.6554   481.3184 1.1266e-01     0.1372    96.6297     7.3365     7.4380    31.4464    31.4445    24.9291    24.9280    7.37826 0.0000e+00
      31813      3.239     4.3213     4.3170   2.981609   2.981111     2.2039     2.6159      8.149     2.6554   425.1398 1.2881e-01     0.1368    96.6384     7.3422     7.4415    31.4464    31.4446    24.9291    24.9281    7.37827 0.0000e+00
      31816      3.208     4.3211     4.3170   2.981622   2.981123     2.2035     2.6150      8.149     2.6452    18.6636 1.4407e-01     0.1368    96.6384     7.3421     7.4394    31.4467    31.4448    24.9294    24.9283    7.37829 0.0000e+00
      31819      3.182     4.3214     4.3171   2.981619   2.981101     2.2035     2.6142      8.149     2.6554    11.0441 1.1920e-01     0.1368    96.6384     7.3415     7.4353    31.4464    31.4444    24.9291    24.9279    7.37824 0.0000e+00
      31822      3.156     4.3211     4.3171   2.981635   2.981117     2.2035     2.6142      8.149     2.6452    11.6363 1.1281e-01     0.1368    96.6384     7.3403     7.4339    31.4469    31.4447    24.9295    24.9282    7.37829 0.0000e+00
      31825      3.132     4.3213     4.3172   2.981630   2.981109     2.2039     2.6155      8.149     2.6452    11.6363 1.0690e-01     0.1368    96.6384     7.3421     7.4388    31.4467    31.4445    24.9294    24.9280    7.37826 0.0000e+00
      31831      3.090     4.3215     4.3177   2.981617   2.981140     2.2031     2.6146      8.149     2.8996    11.5574 1.2247e-01     0.1325    96.7427     7.3363     7.4360    31.4464    31.4444    24.9290    24.9279    7.37824 0.0000e+00
      31834      3.066     4.3215     4.3174   2.981627   2.981124     2.2035     2.6134      8.149     2.8793    11.5968 3.0543e-01     0.1325    96.7427     7.3392     7.4299    31.4464    31.4446    24.9291    24.9280    7.37822 0.0000e+00
      31837      3.039     4.3213     4.3176   2.981624   2.981149     2.2039     2.6142      8.149     2.8793    11.5968 1.9293e-01     0.1321    96.7514     7.3407     7.4342    31.4466    31.4446    24.9293    24.9280    7.37826 0.0000e+00
      31840      3.010     4.3214     4.3178   2.981615   2.981142     2.2039     2.6138      8.149     2.8793     7.6884 1.1187e-01     0.1318    96.7601     7.3425     7.4323    31.4464    31.4444    24.9291    24.9278    7.37824 0.0000e+00
      31843      2.982     4.3213     4.3177   2.981617   2.981139     2.2031     2.6122      8.149     2.8691     0.6612 2.5569e-01     0.1321    96.7514     7.3409     7.4257    31.4465    31.4444    24.9292    24.9279    7.37826 0.0000e+00
      31846      2.953     4.3216     4.3178   2.981627   2.981152     2.2031     2.6126      8.149     2.8894     0.9770 1.2510e-01     0.1325    96.7427     7.3411     7.4239    31.4465    31.4445    24.9291    24.9279    7.37822 0.0000e+00
      31849      2.921     4.3219     4.3177   2.981613   2.981145     2.2031     2.6134      8.149     2.8793     0.9770 2.2020e-01     0.1325    96.7427     7.3426     7.4256    31.4460    31.4446    24.9287    24.9280    7.37819 0.0000e+00
      31852      2.893     4.3217     4.3177   2.981610   2.981148     2.2031     2.6134      8.149     2.8894     0.9770 3.6875e-01     0.1321    96.7514     7.3431     7.4266    31.4462    31.4446    24.9289    24.9280    7.37821 0.0000e+00
      31896      2.655     4.3213     4.3176   2.981582   2.981130     2.2039     2.6085      8.149     2.7775    -0.6022 2.5548e-01     0.1321    96.7514     7.3410     7.4122    31.4463    31.4446    24.9290    24.9280    7.37827 0.0000e+00
      31920      2.525     4.3214     4.3174   2.981581   2.981127     2.2035     2.6061      8.149     2.7267     5.0433 1.9951e-01     0.1325    96.7427     7.3387     7.4063    31.4463    31.4448    24.9290    24.9282    7.37826 0.0000e+00
      31923      2.496     4.3215     4.3174   2.981585   2.981101     2.2043     2.6065      8.149     2.7165     6.1093 1.2575e-01     0.1325    96.7427     7.3416     7.4092    31.4463    31.4445    24.9290    24.9280    7.37824 0.0000e+00
      31926      2.465     4.3214     4.3172   2.981569   2.981106     2.2039     2.6061      8.149     2.7165     6.0698 1.0641e-01     0.1325    96.7427     7.3400     7.4083    31.4462    31.4448    24.9290    24.9282    7.37826 0.0000e+00
      31929      2.434     4.3214     4.3172   2.981571   2.981084     2.2031     2.6061      8.149     2.7165     6.0698 2.1502e-01     0.1343    96.6992     7.3365     7.4091    31.4462    31.4445    24.9290    24.9280    7.37826 0.0000e+00
