Datasets/AZMP/HUD120/hud120_2020_086.cnv
* Sea-Bird SBE 9 Data File:
* FileName = C:\CTDDATA\hud120_2020_086.hex
* Software Version Seasave V 7.26.7.110
* Temperature SN = 1697
* Conductivity SN = 4216
* Number of Bytes Per Scan = 30
* Number of Voltage Words = 4
* Number of Scans Averaged by the Deck Unit = 1
* NMEA baud rate = 4800
** VESSEL/TRIP/SEQ STN:  hud120_2020_086
** LATITUDE XX XX.XX: 48 44.00 N
** LONGITUDE XX XX.XX W: 052 58.00 W
** SOUNDING DEPTH (M): 0106
** PROBE TYPE: S1146
** CTD NUMBER: 063
** FORMAT: V
** COMMENTS (14 CHAR): BB-01
** BOTTLES:  8
** LEVELS: 5,10,20,30,40,50,75,BTM
** STICKERS: 439938 - 439945
** VNET: Y
** DO2: Y
# nquan = 22
# nvalues = 2162                        
# units = specified
# name 0 = scan: Scan Count
# name 1 = prDM: Pressure, Digiquartz [db]
# name 2 = t090C: Temperature [ITS-90, deg C]
# name 3 = t190C: Temperature, 2 [ITS-90, deg C]
# name 4 = c0S/m: Conductivity [S/m]
# name 5 = c1S/m: Conductivity, 2 [S/m]
# name 6 = sbeox0V: Oxygen raw, SBE 43 [V]
# name 7 = sbeox1V: Oxygen raw, SBE 43, 2 [V]
# name 8 = ph: pH
# name 9 = flECO-AFL: Fluorescence, WET Labs ECO-AFL/FL [mg/m^3]
# name 10 = wetCDOM: Fluorescence, WET Labs CDOM [mg/m^3]
# name 11 = par/sat/log: PAR/Logarithmic, Satlantic [umol photons/m^2/sec]
# name 12 = CStarAt0: Beam Attenuation, WET Labs C-Star [1/m]
# name 13 = CStarTr0: Beam Transmission, WET Labs C-Star [%]
# name 14 = sbeox0ML/L: Oxygen, SBE 43 [ml/l], WS = 2
# name 15 = sbeox1ML/L: Oxygen, SBE 43, 2 [ml/l], WS = 2
# name 16 = sal00: Salinity, Practical [PSU]
# name 17 = sal11: Salinity, Practical, 2 [PSU]
# name 18 = sigma-t00: Density [sigma-t, kg/m^3 ]
# name 19 = sigma-t11: Density, 2 [sigma-t, kg/m^3 ]
# name 20 = oxsatML/L: Oxygen Saturation, Weiss [ml/l]
# name 21 = flag: flag
# span 0 =        104,      23763       
# span 1 =      2.876,     98.015       
# span 2 =     0.9525,     4.1394       
# span 3 =     0.9558,     4.1357       
# span 4 =   2.791935,   2.962806       
# span 5 =   2.792519,   2.963465       
# span 6 =     2.0883,     2.2027       
# span 7 =     2.4774,     2.6185       
# span 8 =      8.137,      8.181       
# span 9 =     1.3734,     2.9505       
# span 10 =    -2.8130,   482.1870      
# span 11 = 1.0629e-01, 4.5810e-01      
# span 12 =     0.0889,     0.1353      
# span 13 =    96.6732,    97.8031      
# span 14 =     7.3354,     7.6171      
# span 15 =     7.2394,     7.7685      
# span 16 =    31.3976,    32.4423      
# span 17 =    31.3964,    32.4464      
# span 18 =    24.9083,    25.9918      
# span 19 =    24.9076,    25.9949      
# span 20 =    7.41374,    7.98335      
# span 21 = 0.0000e+00, 0.0000e+00      
# interval = scans: 3                   
# start_time = Nov 27 2020 20:33:33 [System UTC, header]
# bad_flag = -9.990e-29
*END*
[from data line 1581]
      12564     42.860     3.3925     3.3854   2.919923   2.919391     2.1732     2.5872      8.175     1.8720     9.7413 1.0715e-01     0.0938    97.6815     7.4338     7.5829    31.5947    31.5953    25.1340    25.1351    7.54283 0.0000e+00
      12567     42.793     3.3917     3.3858   2.919927   2.919404     2.1728     2.5872      8.175     1.8618     9.7808 1.0727e-01     0.0938    97.6815     7.4315     7.5815    31.5956    31.5951    25.1348    25.1349    7.54294 0.0000e+00
      12570     42.726     3.3905     3.3860   2.919916   2.919421     2.1728     2.5872      8.175     1.8516     9.7413 1.0715e-01     0.0938    97.6815     7.4304     7.5804    31.5967    31.5951    25.1357    25.1349    7.54311 0.0000e+00
      12573     42.662     3.3921     3.3868   2.919919   2.919419     2.1712     2.5876      8.175     1.8720     9.7413 1.0715e-01     0.0938    97.6815     7.4233     7.5809    31.5952    31.5944    25.1344    25.1343    7.54289 0.0000e+00
      12576     42.597     3.3926     3.3868   2.919926   2.919422     2.1699     2.5872      8.175     1.8516     9.7413 1.0715e-01     0.0938    97.6815     7.4179     7.5795    31.5948    31.5944    25.1340    25.1343    7.54281 0.0000e+00
      12579     42.532     3.3927     3.3870   2.919935   2.919412     2.1712     2.5876      8.175     1.8720     9.7413 1.0715e-01     0.0938    97.6815     7.4268     7.5812    31.5948    31.5941    25.1340    25.1340    7.54279 0.0000e+00
      12582     42.473     3.3926     3.3865   2.919909   2.919410     2.1736     2.5876      8.176     1.8720   241.7201 1.0715e-01     0.0938    97.6815     7.4424     7.5836    31.5947    31.5946    25.1340    25.1345    7.54283 0.0000e+00
      12585     42.413     3.3918     3.3863   2.919857   2.919411     2.1724     2.5876      8.175     1.8720   482.1870 1.0715e-01     0.0938    97.6815     7.4353     7.5847    31.5948    31.5949    25.1342    25.1347    7.54296 0.0000e+00
      12588     42.355     3.3913     3.3856   2.919900   2.919379     2.1728     2.5884      8.175     1.8618   481.0026 1.0715e-01     0.0949    97.6554     7.4352     7.5855    31.5959    31.5952    25.1351    25.1350    7.54301 0.0000e+00
      12591     42.296     3.3919     3.3853   2.919905   2.919376     2.1728     2.5872      8.173     1.8618   481.2395 1.0715e-01     0.0992    97.5511     7.4391     7.5817    31.5954    31.5955    25.1346    25.1353    7.54292 0.0000e+00
      12594     42.238     3.3923     3.3847   2.919885   2.919351     2.1728     2.5876      8.175     1.8720   481.2395 1.0715e-01     0.0995    97.5424     7.4389     7.5834    31.5947    31.5958    25.1340    25.1356    7.54286 0.0000e+00
      12597     42.183     3.3920     3.3845   2.919904   2.919357     2.1724     2.5884      8.175     1.8618   481.2395 1.0715e-01     0.0992    97.5511     7.4373     7.5858    31.5953    31.5961    25.1346    25.1358    7.54289 0.0000e+00
      12600     42.124     3.3922     3.3848   2.919893   2.919375     2.1724     2.5884      8.175     1.8720   481.2395 1.0715e-01     0.0992    97.5511     7.4344     7.5860    31.5950    31.5960    25.1343    25.1357    7.54288 0.0000e+00
      12603     42.068     3.3941     3.3857   2.919939   2.919375     2.1740     2.5884      8.175     1.8821   481.2395 1.0715e-01     0.0992    97.5511     7.4382     7.5854    31.5937    31.5952    25.1331    25.1350    7.54258 0.0000e+00
      12606     42.006     3.3950     3.3866   2.919946   2.919403     2.1736     2.5888      8.173     1.8618   481.2395 1.0715e-01     0.0992    97.5511     7.4362     7.5866    31.5930    31.5948    25.1324    25.1345    7.54244 0.0000e+00
      12609     41.942     3.3940     3.3873   2.919943   2.919415     2.1724     2.5880      8.176     1.8618   113.4923 1.0715e-01     0.0967    97.6119     7.4320     7.5847    31.5940    31.5942    25.1333    25.1340    7.54259 0.0000e+00
      12612     41.877     3.3930     3.3876   2.919908   2.919403     2.1728     2.5876      8.175     1.8720     2.5561 1.0715e-01     0.0931    97.6988     7.4326     7.5828    31.5945    31.5938    25.1338    25.1337    7.54274 0.0000e+00
      12615     41.807     3.3920     3.3879   2.919884   2.919400     2.1728     2.5888      8.175     1.8720     7.1357 1.0715e-01     0.0935    97.6902     7.4319     7.5872    31.5953    31.5935    25.1345    25.1335    7.54290 0.0000e+00
      12618     41.733     3.3929     3.3872   2.919896   2.919395     2.1724     2.5884      8.175     1.8720     6.8988 1.0715e-01     0.0928    97.7075     7.4307     7.5848    31.5946    31.5942    25.1339    25.1341    7.54276 0.0000e+00
      12621     41.652     3.3934     3.3864   2.919905   2.919369     2.1728     2.5888      8.176     1.8618     6.8988 1.0715e-01     0.0938    97.6815     7.4304     7.5845    31.5943    31.5947    25.1336    25.1345    7.54269 0.0000e+00
      12624     41.566     3.3941     3.3871   2.919921   2.919384     2.1740     2.5888      8.176     1.8618     6.8988 1.0715e-01     0.0931    97.6988     7.4338     7.5845    31.5938    31.5942    25.1332    25.1341    7.54258 0.0000e+00
      12627     41.475     3.3944     3.3857   2.919929   2.919329     2.1744     2.5888      8.176     1.8312     6.8988 1.0715e-01     0.0935    97.6902     7.4378     7.5835    31.5937    31.5950    25.1330    25.1348    7.54253 0.0000e+00
      12630     41.379     3.3952     3.3841   2.919948   2.919322     2.1736     2.5888      8.175     1.8414     6.8988 1.0715e-01     0.0942    97.6728     7.4374     7.5830    31.5931    31.5965    25.1325    25.1361    7.54240 0.0000e+00
      12633     41.287     3.3967     3.3878   2.919970   2.919442     2.1728     2.5900      8.175     1.8414    50.0889 1.0715e-01     0.0949    97.6554     7.4322     7.5863    31.5920    31.5944    25.1315    25.1341    7.54218 0.0000e+00
      12636     41.202     3.3994     3.3916   2.920045   2.919486     2.1736     2.5884      8.175     1.8414   458.6575 1.0715e-01     0.0949    97.6554     7.4337     7.5776    31.5903    31.5912    25.1299    25.1313    7.54175 0.0000e+00
      12639     41.127     3.4023     3.3903   2.920143   2.919468     2.1728     2.5892      8.176     1.8516   481.5553 1.0715e-01     0.0949    97.6554     7.4350     7.5788    31.5887    31.5923    25.1284    25.1323    7.54129 0.0000e+00
      12642     41.058     3.4035     3.3945   2.920158   2.919550     2.1736     2.5892      8.175     1.8312   481.1211 1.0715e-01     0.0949    97.6554     7.4367     7.5770    31.5877    31.5893    25.1274    25.1295    7.54110 0.0000e+00
      12645     40.986     3.4046     3.3982   2.920190   2.919614     2.1728     2.5888      8.176     1.8312   481.2395 1.0715e-01     0.0945    97.6641     7.4286     7.5718    31.5871    31.5864    25.1269    25.1269    7.54093 0.0000e+00
      12648     40.905     3.4055     3.3984   2.920207   2.919620     2.1740     2.5888      8.173     1.7804   481.2395 1.0715e-01     0.0949    97.6554     7.4302     7.5693    31.5864    31.5863    25.1263    25.1268    7.54079 0.0000e+00
      12651     40.827     3.4062     3.3964   2.920213   2.919566     2.1744     2.5888      8.176     1.8007   481.2395 1.0715e-01     0.0960    97.6293     7.4352     7.5677    31.5859    31.5877    25.1257    25.1281    7.54069 0.0000e+00
      12654     40.765     3.4070     3.3959   2.920237   2.919615     2.1740     2.5884      8.175     1.7804   481.2395 1.0715e-01     0.0960    97.6293     7.4353     7.5647    31.5854    31.5888    25.1253    25.1290    7.54056 0.0000e+00
      12657     40.711     3.4071     3.3993   2.920238   2.919666     2.1724     2.5888      8.175     1.7804   481.2790 1.0715e-01     0.0960    97.6293     7.4276     7.5668    31.5853    31.5862    25.1253    25.1266    7.54055 0.0000e+00
      12660     40.653     3.4072     3.4005   2.920237   2.919670     2.1748     2.5888      8.176     1.7905   481.2395 1.0715e-01     0.0960    97.6293     7.4371     7.5670    31.5853    31.5851    25.1252    25.1256    7.54054 0.0000e+00
      12663     40.580     3.4076     3.4014   2.920237   2.919684     2.1760     2.5888      8.173     1.7804   481.2790 1.0715e-01     0.0960    97.6293     7.4427     7.5656    31.5849    31.5844    25.1248    25.1250    7.54047 0.0000e+00
      12666     40.494     3.4080     3.4013   2.920244   2.919689     2.1732     2.5884      8.173     1.7804   481.2395 1.0715e-01     0.0960    97.6293     7.4267     7.5647    31.5847    31.5846    25.1246    25.1251    7.54041 0.0000e+00
      12669     40.404     3.4082     3.4009   2.920243   2.919707     2.1728     2.5872      8.176     1.7702   481.3184 1.0715e-01     0.0981    97.5771     7.4186     7.5614    31.5845    31.5852    25.1245    25.1257    7.54039 0.0000e+00
      12672     40.323     3.4089     3.4027   2.920224   2.919754     2.1736     2.5880      8.176     1.8007   481.2790 1.0715e-01     0.1045    97.4207     7.4191     7.5647    31.5837    31.5841    25.1237    25.1246    7.54030 0.0000e+00
      12675     40.251     3.4097     3.4050   2.920278   2.919816     2.1744     2.5876      8.176     1.8414   481.2395 1.0715e-01     0.1045    97.4207     7.4250     7.5632    31.5835    31.5826    25.1236    25.1233    7.54015 0.0000e+00
      12678     40.179     3.4126     3.4087   2.920380   2.919906     2.1744     2.5880      8.175     1.8414   481.2395 1.0715e-01     0.1045    97.4207     7.4261     7.5634    31.5820    31.5801    25.1221    25.1209    7.53968 0.0000e+00
      12681     40.102     3.4164     3.4120   2.920453   2.919971     2.1736     2.5884      8.176     1.8414   481.2395 1.0715e-01     0.1045    97.4207     7.4241     7.5638    31.5791    31.5777    25.1195    25.1187    7.53910 0.0000e+00
      12684     40.021     3.4184     3.4144   2.920502   2.920041     2.1744     2.5876      8.175     1.8414   481.2790 1.0715e-01     0.1045    97.4207     7.4255     7.5610    31.5779    31.5763    25.1183    25.1174    7.53879 0.0000e+00
      12687     39.948     3.4213     3.4159   2.920561   2.920064     2.1744     2.5876      8.176     1.8516   481.3579 1.0715e-01     0.1045    97.4207     7.4290     7.5625    31.5758    31.5751    25.1164    25.1163    7.53835 0.0000e+00
      12690     39.884     3.4230     3.4168   2.920596   2.920040     2.1724     2.5876      8.176     1.8414   481.2790 1.0715e-01     0.0995    97.5424     7.4215     7.5636    31.5746    31.5740    25.1153    25.1154    7.53810 0.0000e+00
      12693     39.828     3.4231     3.4176   2.920582   2.920094     2.1724     2.5884      8.176     1.8312   481.3184 1.0715e-01     0.0938    97.6815     7.4219     7.5655    31.5744    31.5738    25.1151    25.1151    7.53808 0.0000e+00
      12696     39.780     3.4234     3.4181   2.920600   2.920112     2.1740     2.5876      8.176     1.8414   481.2790 1.0715e-01     0.0938    97.6815     7.4296     7.5614    31.5743    31.5737    25.1150    25.1150    7.53803 0.0000e+00
      12699     39.736     3.4235     3.4183   2.920598   2.920113     2.1740     2.5876      8.176     1.9025   481.2790 1.0715e-01     0.0938    97.6815     7.4303     7.5606    31.5742    31.5734    25.1149    25.1148    7.53801 0.0000e+00
      12702     39.699     3.4234     3.4190   2.920602   2.920087     2.1744     2.5868      8.174     1.9737   481.3184 1.0715e-01     0.0938    97.6815     7.4294     7.5571    31.5744    31.5725    25.1151    25.1139    7.53803 0.0000e+00
      14886     39.669     3.4293     3.4249   2.920694   2.920196     2.1761     2.5913      8.176     1.8618   175.7112 1.0715e-01     0.0967    97.6119     7.4367     7.5957    31.5697    31.5681    25.1108    25.1099    7.53714 0.0000e+00
      14889     39.630     3.4302     3.4254   2.920703   2.920203     2.1765     2.5917      8.176     1.8720    -2.6551 1.0715e-01     0.0970    97.6032     7.4423     7.5953    31.5690    31.5677    25.1102    25.1095    7.53702 0.0000e+00
      14892     39.593     3.4311     3.4252   2.920737   2.920203     2.1769     2.5917      8.176     1.8720     0.3848 1.0715e-01     0.0981    97.5772     7.4433     7.5952    31.5686    31.5679    25.1098    25.1098    7.53687 0.0000e+00
      14895     39.556     3.4306     3.4246   2.920693   2.920169     2.1761     2.5925      8.176     1.8923     0.3848 1.0715e-01     0.1002    97.5250     7.4392     7.5970    31.5685    31.5681    25.1098    25.1100    7.53697 0.0000e+00
      14898     39.516     3.4297     3.4246   2.920703   2.920173     2.1761     2.5929      8.176     1.9533     0.3848 1.0715e-01     0.0992    97.5511     7.4359     7.5974    31.5696    31.5682    25.1107    25.1101    7.53709 0.0000e+00
      14901     39.467     3.4284     3.4249   2.920674   2.920196     2.1765     2.5921      8.176     1.9635     0.3848 1.0715e-01     0.0999    97.5337     7.4330     7.5955    31.5705    31.5682    25.1116    25.1100    7.53729 0.0000e+00
      14904     39.413     3.4293     3.4246   2.920686   2.920191     2.1781     2.5933      8.176     1.9533     0.3848 1.0715e-01     0.0995    97.5424     7.4421     7.6008    31.5698    31.5684    25.1109    25.1102    7.53715 0.0000e+00
      14907     39.355     3.4301     3.4247   2.920671   2.920167     2.1781     2.5929      8.176     1.9737     0.3848 1.0715e-01     0.1002    97.5250     7.4422     7.5980    31.5688    31.5680    25.1101    25.1099    7.53704 0.0000e+00
      14910     39.297     3.4299     3.4250   2.920653   2.920183     2.1769     2.5937      8.176     1.9533     8.5175 1.0715e-01     0.0995    97.5424     7.4329     7.5996    31.5688    31.5680    25.1101    25.1098    7.53708 0.0000e+00
      14913     39.234     3.4289     3.4252   2.920673   2.920174     2.1761     2.5925      8.176     1.9635   429.1666 1.0715e-01     0.0995    97.5424     7.4259     7.5940    31.5701    31.5677    25.1112    25.1096    7.53720 0.0000e+00
      14916     39.162     3.4290     3.4244   2.920673   2.920174     2.1765     2.5929      8.176     1.9635   481.2395 1.0715e-01     0.0999    97.5337     7.4268     7.5934    31.5701    31.5686    25.1112    25.1104    7.53719 0.0000e+00
      14919     39.082     3.4293     3.4243   2.920672   2.920131     2.1773     2.5925      8.176     1.9533   481.0421 1.0715e-01     0.0995    97.5424     7.4311     7.5910    31.5698    31.5681    25.1109    25.1100    7.53715 0.0000e+00
      14922     38.997     3.4302     3.4257   2.920690   2.920173     2.1765     2.5933      8.176     1.9228   481.2790 1.0715e-01     0.0992    97.5511     7.4243     7.5937    31.5691    31.5674    25.1103    25.1093    7.53701 0.0000e+00
      14925     38.905     3.4309     3.4268   2.920706   2.920241     2.1761     2.5945      8.176     1.9126   481.2395 1.0715e-01     0.0999    97.5337     7.4203     7.5967    31.5688    31.5671    25.1099    25.1090    7.53691 0.0000e+00
      14928     38.807     3.4310     3.4266   2.920710   2.920210     2.1773     2.5933      8.176     1.9025   481.2395 1.0727e-01     0.1002    97.5250     7.4265     7.5904    31.5687    31.5670    25.1099    25.1089    7.53689 0.0000e+00
      14931     38.707     3.4314     3.4266   2.920727   2.920194     2.1761     2.5933      8.176     1.8923   481.2790 1.0715e-01     0.0999    97.5337     7.4254     7.5906    31.5686    31.5669    25.1097    25.1089    7.53681 0.0000e+00
      14934     38.602     3.4312     3.4267   2.920667   2.920161     2.1752     2.5937      8.176     1.9126   481.2790 1.0715e-01     0.0985    97.5685     7.4261     7.5915    31.5681    31.5664    25.1094    25.1085    7.53687 0.0000e+00
      14937     38.491     3.4311     3.4267   2.920654   2.920173     2.1757     2.5937      8.176     1.9126   387.4768 1.0715e-01     0.0981    97.5772     7.4272     7.5918    31.5681    31.5666    25.1094    25.1086    7.53689 0.0000e+00
