Datasets/AZMP/HUD120/hud120_2020_109.cnv
* Sea-Bird SBE 9 Data File:
* FileName = C:\CTDDATA\hud120_2020_109.hex
* Software Version Seasave V 7.26.7.110
* Temperature SN = 1697
* Conductivity SN = 4216
* Number of Bytes Per Scan = 30
* Number of Voltage Words = 4
* Number of Scans Averaged by the Deck Unit = 1
* NMEA baud rate = 4800
** VESSEL/TRIP/SEQ STN:  hud120_2020_109
** LATITUDE XX XX.XX: 47 37.80 N
** LONGITUDE XX XX.XX: 052 07.20 W
** SOUNDING DEPTH (M): 0172
** PROBE TYPE: S1146
** CTD NUMBER: 079
** FORMAT: V
** COMMENTS (14 CHAR): S27-03
** BOTTLES:  10
** LEVELS: 5,10,20,30,40,50,75,100,150,BTM
** STICKERS: 440089 - 440098
** VNET: Y
** DO2: N
# nquan = 22
# nvalues = 3411                        
# units = specified
# name 0 = scan: Scan Count
# name 1 = prDM: Pressure, Digiquartz [db]
# name 2 = t090C: Temperature [ITS-90, deg C]
# name 3 = t190C: Temperature, 2 [ITS-90, deg C]
# name 4 = c0S/m: Conductivity [S/m]
# name 5 = c1S/m: Conductivity, 2 [S/m]
# name 6 = sbeox0V: Oxygen raw, SBE 43 [V]
# name 7 = sbeox1V: Oxygen raw, SBE 43, 2 [V]
# name 8 = ph: pH
# name 9 = flECO-AFL: Fluorescence, WET Labs ECO-AFL/FL [mg/m^3]
# name 10 = wetCDOM: Fluorescence, WET Labs CDOM [mg/m^3]
# name 11 = par/sat/log: PAR/Logarithmic, Satlantic [umol photons/m^2/sec]
# name 12 = CStarAt0: Beam Attenuation, WET Labs C-Star [1/m]
# name 13 = CStarTr0: Beam Transmission, WET Labs C-Star [%]
# name 14 = sbeox0ML/L: Oxygen, SBE 43 [ml/l], WS = 2
# name 15 = sbeox1ML/L: Oxygen, SBE 43, 2 [ml/l], WS = 2
# name 16 = sal00: Salinity, Practical [PSU]
# name 17 = sal11: Salinity, Practical, 2 [PSU]
# name 18 = sigma-t00: Density [sigma-t, kg/m^3 ]
# name 19 = sigma-t11: Density, 2 [sigma-t, kg/m^3 ]
# name 20 = oxsatML/L: Oxygen Saturation, Weiss [ml/l]
# name 21 = flag: flag
# span 0 =        112,      37070       
# span 1 =      0.542,    166.971       
# span 2 =    -0.5664,     3.4081       
# span 3 =    -0.5713,     3.4036       
# span 4 =   2.696968,   2.929570       
# span 5 =   2.696917,   2.929033       
# span 6 =     1.8115,     2.2218       
# span 7 =     2.1244,     2.6208       
# span 8 =      8.015,      8.189       
# span 9 =     0.9765,     5.2500       
# span 10 =    -2.8130,   482.1870      
# span 11 = 1.0328e-01, 1.0758e+00      
# span 12 =     0.0963,     0.2718      
# span 13 =    93.4309,    97.6206      
# span 14 =     6.3941,     7.7730      
# span 15 =     6.4427,     7.8635      
# span 16 =    31.6269,    33.6084      
# span 17 =    29.8316,    33.6069      
# span 18 =    25.1609,    26.9643      
# span 19 =    23.7321,    26.9633      
# span 20 =    7.53402,    8.29055      
# span 21 = 0.0000e+00, 0.0000e+00      
# interval = scans: 3                   
# start_time = Dec 01 2020 04:26:09 [System UTC, header]
# bad_flag = -9.990e-29
*END*
[from data line 1647]
       8001    166.965     0.3612     0.3539   2.836096   2.835281     1.8127     2.1269      8.015     1.0884     8.6754 1.0727e-01     0.2411    94.1524     6.4029     6.4619    33.6044    33.6018    26.9608    26.9591    8.04467 0.0000e+00
       8013    166.971     0.3548     0.3482   2.835315   2.834736     1.8127     2.1269      8.015     1.0884     2.5956 1.0715e-01     0.2407    94.1611     6.4061     6.4539    33.6012    33.6009    26.9586    26.9586    8.04622 0.0000e+00
       8021    166.943     0.3501     0.3451   2.834833   2.834418     1.8127     2.1265      8.015     1.0884    -0.4443 1.0715e-01     0.2407    94.1611     6.4045     6.4482    33.6001    33.6000    26.9579    26.9582    8.04728 0.0000e+00
       8024    166.910     0.3499     0.3451   2.834903   2.834418     1.8135     2.1257      8.015     1.0884    -0.4443 1.0715e-01     0.2407    94.1611     6.4075     6.4477    33.6012    33.6001    26.9589    26.9582    8.04726 0.0000e+00
       8027    166.869     0.3521     0.3467   2.835272   2.834654     1.8119     2.1257      8.015     1.0783    -0.4443 1.0715e-01     0.2403    94.1698     6.3979     6.4486    33.6036    33.6015    26.9607    26.9592    8.04665 0.0000e+00
       8030    166.821     0.3545     0.3476   2.835484   2.834723     1.8123     2.1253      8.015     1.0884    -0.4443 1.0715e-01     0.2407    94.1611     6.3984     6.4467    33.6039    33.6014    26.9607    26.9591    8.04613 0.0000e+00
       8033    166.764     0.3562     0.3480   2.835675   2.834762     1.8119     2.1249      8.015     1.0986     0.6611 1.0715e-01     0.2407    94.1611     6.3946     6.4430    33.6045    33.6016    26.9612    26.9592    8.04573 0.0000e+00
       8036    166.702     0.3566     0.3476   2.835670   2.834670     1.8123     2.1257      8.015     1.0783     5.5566 1.0715e-01     0.2411    94.1524     6.3967     6.4458    33.6040    33.6008    26.9608    26.9587    8.04567 0.0000e+00
       8039    166.635     0.3553     0.3468   2.835454   2.834512     1.8139     2.1245      8.015     1.0884     5.4776 1.0715e-01     0.2407    94.1611     6.4061     6.4427    33.6027    33.5997    26.9598    26.9578    8.04603 0.0000e+00
       8042    166.561     0.3549     0.3451   2.835469   2.834342     1.8115     2.1245      8.015     1.0884     5.4776 1.0727e-01     0.2407    94.1611     6.3965     6.4431    33.6034    33.5993    26.9603    26.9576    8.04608 0.0000e+00
       8045    166.481     0.3562     0.3467   2.835668   2.834685     1.8119     2.1249      8.015     1.0884     5.4776 1.0727e-01     0.2407    94.1611     6.3969     6.4476    33.6045    33.6021    26.9612    26.9597    8.04572 0.0000e+00
       8048    166.395     0.3570     0.3482   2.835632   2.834736     1.8127     2.1257      8.015     1.0783     5.4776 1.0715e-01     0.2407    94.1611     6.4039     6.4526    33.6033    33.6012    26.9601    26.9589    8.04562 0.0000e+00
       8051    166.309     0.3502     0.3443   2.834477   2.834117     1.8119     2.1245      8.015     1.0884     5.4776 1.0752e-01     0.2407    94.1611     6.4034     6.4507    33.5957    33.5973    26.9543    26.9561    8.04750 0.0000e+00
       8054    166.215     0.3434     0.3428   2.833948   2.834011     1.8115     2.1245      8.015     1.1292     5.4776 1.0715e-01     0.2407    94.1611     6.4014     6.4546    33.5962    33.5977    26.9552    26.9564    8.04891 0.0000e+00
       8057    166.117     0.3451     0.3416   2.834299   2.833900     1.8127     2.1245      8.015     1.1088     5.4776 1.0715e-01     0.2395    94.1872     6.4072     6.4562    33.5991    33.5976    26.9574    26.9564    8.04840 0.0000e+00
       8060    166.014     0.3476     0.3416   2.834553   2.833866     1.8123     2.1245      8.015     1.1190     3.7010 1.0740e-01     0.2391    94.1959     6.4049     6.4572    33.5997    33.5972    26.9577    26.9561    8.04783 0.0000e+00
       8063    165.909     0.3475     0.3413   2.834527   2.833932     1.8119     2.1245      8.015     1.1190     1.4507 1.0727e-01     0.2391    94.1959     6.4067     6.4582    33.5995    33.5984    26.9576    26.9571    8.04786 0.0000e+00
       8066    165.803     0.3486     0.3427   2.834686   2.834089     1.8123     2.1245      8.015     1.1088     1.5692 1.0715e-01     0.2388    94.2045     6.4168     6.4578    33.6004    33.5990    26.9583    26.9575    8.04757 0.0000e+00
       8069    165.692     0.3486     0.3432   2.834593   2.834042     1.8119     2.1245      8.015     1.1190     1.5692 1.0740e-01     0.2395    94.1872     6.4177     6.4574    33.5993    33.5980    26.9574    26.9566    8.04764 0.0000e+00
       8072    165.581     0.3463     0.3430   2.834185   2.834017     1.8127     2.1245      8.015     1.1292     1.5692 1.0727e-01     0.2395    94.1872     6.4306     6.4584    33.5966    33.5979    26.9553    26.9566    8.04828 0.0000e+00
       8075    165.474     0.3424     0.3423   2.833745   2.833983     1.8119     2.1249      8.015     1.1088     1.5692 1.0740e-01     0.2403    94.1698     6.4324     6.4635    33.5951    33.5983    26.9543    26.9569    8.04919 0.0000e+00
       8078    165.365     0.3420     0.3420   2.833778   2.833875     1.8123     2.1253      8.015     1.0986     1.5692 1.0715e-01     0.2692    93.4917     6.4411     6.4671    33.5960    33.5973    26.9550    26.9561    8.04921 0.0000e+00
       8081    165.257     0.3407     0.3403   2.833509   2.833656     1.8123     2.1249      8.015     1.0884     1.5692 1.0715e-01     0.2718    93.4309     6.4400     6.4664    33.5940    33.5964    26.9535    26.9555    8.04960 0.0000e+00
       8084    165.148     0.3384     0.3394   2.833224   2.833527     1.8127     2.1245      8.015     1.0884     1.5692 1.0715e-01     0.2711    93.4483     6.4385     6.4635    33.5928    33.5957    26.9527    26.9549    8.05016 0.0000e+00
       8087    165.042     0.3369     0.3346   2.833022   2.832761     1.8131     2.1245      8.015     1.0986   351.7877 1.0715e-01     0.2714    93.4396     6.4338     6.4652    33.5919    33.5910    26.9521    26.9514    8.05054 0.0000e+00
       8090    164.938     0.3327     0.3314   2.832204   2.832485     1.8140     2.1253      8.018     1.0783   481.9896 1.0715e-01     0.2714    93.4396     6.4315     6.4671    33.5858    33.5909    26.9473    26.9515    8.05175 0.0000e+00
       8093    164.844     0.3264     0.3310   2.831632   2.832534     1.8148     2.1245      8.015     1.0986   480.9631 1.0727e-01     0.2711    93.4483     6.4311     6.4620    33.5853    33.5920    26.9472    26.9525    8.05313 0.0000e+00
       8096    164.754     0.3247     0.3314   2.831437   2.832512     1.8148     2.1245      8.015     1.0986   481.3579 1.0715e-01     0.2644    93.6048     6.4286     6.4603    33.5846    33.5914    26.9468    26.9519    8.05353 0.0000e+00
       8099    164.670     0.3217     0.3315   2.831157   2.832545     1.8148     2.1257      8.015     1.0783   481.2790 1.0727e-01     0.2380    94.2219     6.4240     6.4647    33.5843    33.5918    26.9467    26.9522    8.05419 0.0000e+00
       8102    164.585     0.3232     0.3312   2.831406   2.832438     1.8160     2.1257      8.015     1.0986   481.2790 1.0727e-01     0.2384    94.2132     6.4226     6.4669    33.5860    33.5907    26.9480    26.9514    8.05378 0.0000e+00
       8105    164.506     0.3244     0.3280   2.831494   2.832000     1.8131     2.1249      8.015     1.0783   481.3184 1.0727e-01     0.2384    94.2132     6.4039     6.4671    33.5858    33.5885    26.9479    26.9499    8.05353 0.0000e+00
       8108    164.426     0.3235     0.3255   2.831364   2.831778     1.8123     2.1249      8.015     1.0783   481.3184 1.0727e-01     0.2384    94.2132     6.3997     6.4664    33.5852    33.5883    26.9473    26.9498    8.05376 0.0000e+00
       8111    164.351     0.3250     0.3257   2.831643   2.831817     1.8123     2.1253      8.015     1.0884   447.7613 1.0715e-01     0.2384    94.2132     6.3964     6.4669    33.5872    33.5888    26.9489    26.9501    8.05332 0.0000e+00
       8114    164.281     0.3258     0.3245   2.831727   2.831440     1.8119     2.1245      8.015     1.0783    27.8622 1.0727e-01     0.2384    94.2132     6.3941     6.4622    33.5875    33.5852    26.9491    26.9473    8.05314 0.0000e+00
       8117    164.219     0.3271     0.3203   2.831884   2.831127     1.8135     2.1249      8.015     1.0884    -1.9445 1.0727e-01     0.2391    94.1959     6.4059     6.4660    33.5882    33.5856    26.9496    26.9479    8.05283 0.0000e+00
       8120    164.172     0.3279     0.3210   2.831960   2.831251     1.8131     2.1245      8.017     1.0884    -0.0100 1.0715e-01     0.2384    94.2132     6.4102     6.4620    33.5883    33.5865    26.9496    26.9485    8.05265 0.0000e+00
       8123    164.139     0.3279     0.3194   2.831932   2.830906     1.8127     2.1257      8.017     1.0884    -0.0889 1.0727e-01     0.2384    94.2132     6.4140     6.4645    33.5880    33.5838    26.9494    26.9464    8.05267 0.0000e+00
       8569    164.084     0.3175     0.3034   2.830303   2.828951     1.8144     2.1269      8.017     1.1088     0.2664 1.0740e-01     0.2407    94.1611     6.4236     6.4946    33.5780    33.5757    26.9419    26.9408    8.05542 0.0000e+00
       8572    163.965     0.3116     0.3059   2.829603   2.829369     1.8144     2.1278      8.015     1.1190     0.2664 1.0715e-01     0.2407    94.1611     6.4260     6.4978    33.5753    33.5785    26.9400    26.9429    8.05682 0.0000e+00
       8575    163.851     0.3075     0.3057   2.829093   2.829221     1.8135     2.1290      8.015     1.0986     0.2664 1.0727e-01     0.2407    94.1611     6.4247     6.5039    33.5733    33.5768    26.9386    26.9416    8.05782 0.0000e+00
       8578    163.742     0.3045     0.3053   2.828810   2.828978     1.8148     2.1278      8.018     1.0681     0.2664 1.0727e-01     0.2407    94.1611     6.4316     6.4995    33.5729    33.5742    26.9384    26.9395    8.05848 0.0000e+00
       8581    163.641     0.3013     0.2978   2.828346   2.827824     1.8152     2.1278      8.015     1.0478     0.2664 1.0740e-01     0.2399    94.1785     6.4329     6.5014    33.5703    33.5673    26.9365    26.9343    8.05929 0.0000e+00
       8584    163.541     0.2978     0.2909   2.827957   2.827152     1.8144     2.1282      8.017     1.0681     0.9375 1.0727e-01     0.2366    94.2567     6.4330     6.5053    33.5691    33.5660    26.9357    26.9337    8.06011 0.0000e+00
       8587    163.444     0.2953     0.2877   2.827618   2.826881     1.8136     2.1294      8.020     1.0681     1.4507 1.0752e-01     0.2362    94.2654     6.4356     6.5119    33.5674    33.5661    26.9345    26.9338    8.06073 0.0000e+00
       8590    163.351     0.2933     0.2866   2.827408   2.826780     1.8144     2.1294      8.020     1.0579     1.4507 1.0740e-01     0.2369    94.2480     6.4436     6.5122    33.5669    33.5661    26.9342    26.9339    8.06119 0.0000e+00
       8593    163.260     0.2919     0.2866   2.827234   2.826762     1.8156     2.1290      8.020     1.0783     1.4507 1.0715e-01     0.2369    94.2480     6.4539     6.5093    33.5662    33.5658    26.9338    26.9337    8.06153 0.0000e+00
       8596    163.175     0.2899     0.2856   2.826981   2.826592     1.8148     2.1290      8.018     1.0681     1.4507 1.0740e-01     0.2369    94.2480     6.4520     6.5079    33.5651    33.5647    26.9330    26.9328    8.06201 0.0000e+00
       8599    163.096     0.2877     0.2844   2.826714   2.826417     1.8148     2.1294      8.019     1.0681     1.4507 1.0740e-01     0.2366    94.2567     6.4511     6.5105    33.5641    33.5638    26.9323    26.9322    8.06255 0.0000e+00
       8602    163.020     0.2837     0.2812   2.826074   2.825983     1.8144     2.1294      8.019     1.0986     1.4507 1.0740e-01     0.2355    94.2828     6.4482     6.5124    33.5602    33.5616    26.9293    26.9307    8.06362 0.0000e+00
       8605    162.949     0.2797     0.2788   2.825701   2.825726     1.8148     2.1298      8.020     1.0986     1.4507 1.0740e-01     0.2340    94.3175     6.4549     6.5131    33.5596    33.5609    26.9290    26.9302    8.06449 0.0000e+00
       8608    162.883     0.2809     0.2659   2.825547   2.823318     1.8168     2.1302      8.020     1.0884     4.4116 1.0715e-01     0.2340    94.3175     6.4702     6.5180    33.5563    33.5435    26.9264    26.9168    8.06442 0.0000e+00
       8611    162.818     0.2806     0.2483   2.825493   2.821779     1.8168     2.1298      8.020     1.0884   418.7047 1.0715e-01     0.2340    94.3175     6.4756     6.5202    33.5560    33.5425    26.9262    26.9169    8.06451 0.0000e+00
       8614    162.756     0.2747     0.2522   2.824543   2.822663     1.8156     2.1306      8.020     1.0884   481.5553 1.0727e-01     0.2340    94.3175     6.4680     6.5238    33.5500    33.5499    26.9216    26.9227    8.06609 0.0000e+00
       8617    162.698     0.2593     0.2584   2.822750   2.823242     1.8168     2.1306      8.020     1.0884   481.0421 1.0740e-01     0.2340    94.3175     6.4759     6.5238    33.5433    33.5507    26.9170    26.9230    8.06974 0.0000e+00
       8620    162.640     0.2556     0.2611   2.822523   2.823577     1.8156     2.1306      8.019     1.1088   481.3184 1.0727e-01     0.2340    94.3175     6.4756     6.5242    33.5444    33.5523    26.9181    26.9241    8.07047 0.0000e+00
       8623    162.587     0.2574     0.2666   2.822926   2.824088     1.8156     2.1310      8.020     1.0986   481.2790 1.0727e-01     0.2333    94.3349     6.4764     6.5250    33.5477    33.5530    26.9207    26.9244    8.06990 0.0000e+00
       8626    162.535     0.2623     0.2663   2.823698   2.823759     1.8164     2.1306      8.020     1.0884   481.2790 1.0727e-01     0.2329    94.3436     6.4760     6.5232    33.5526    33.5490    26.9243    26.9212    8.06859 0.0000e+00
       8629    162.484     0.2653     0.2550   2.823577   2.822434     1.8172     2.1318      8.020     1.1190   481.3184 1.0727e-01     0.2333    94.3349     6.4780     6.5315    33.5477    33.5440    26.9203    26.9178    8.06822 0.0000e+00
       8632    162.431     0.2572     0.2513   2.822460   2.822179     1.8180     2.1318      8.020     1.1292   481.3184 1.0727e-01     0.2329    94.3436     6.4836     6.5348    33.5420    33.5447    26.9161    26.9186    8.07028 0.0000e+00
       8635    162.379     0.2521     0.2480   2.821967   2.821791     1.8189     2.1318      8.020     1.1292   402.2024 1.0715e-01     0.2329    94.3436     6.4942     6.5382    33.5412    33.5433    26.9157    26.9176    8.07142 0.0000e+00
       8638    162.328     0.2551     0.2492   2.822599   2.821878     1.8168     2.1318      8.020     1.1292     7.6489 1.0740e-01     0.2333    94.3349     6.4864     6.5380    33.5461    33.5431    26.9195    26.9174    8.07049 0.0000e+00
       8641    162.278     0.2587     0.2516   2.823180   2.822302     1.8176     2.1322      8.020     1.1190     6.7409 1.0740e-01     0.2336    94.3262     6.4907     6.5394    33.5499    33.5461    26.9224    26.9197    8.06952 0.0000e+00
       8644    162.229     0.2567     0.2548   2.822111   2.822761     1.8193     2.1331      8.020     1.1394     7.2937 1.0740e-01     0.2384    94.2132     6.5025     6.5418    33.5381    33.5487    26.9130    26.9216    8.07060 0.0000e+00
       8647    162.184     0.2376     0.2602   2.819410   2.823219     1.8180     2.1322      8.021     1.1190     7.2542 1.0727e-01     0.2384    94.2132     6.4980     6.5403    33.5235    33.5488    26.9022    26.9214    8.07548 0.0000e+00
