Datasets/AZMP/HUD120/hud120_2020_066.cnv
* Sea-Bird SBE 9 Data File:
* FileName = C:\CTDDATA\hud120_2020_066.hex
* Software Version Seasave V 7.26.7.110
* Temperature SN = 1697
* Conductivity SN = 4216
* Number of Bytes Per Scan = 30
* Number of Voltage Words = 4
* Number of Scans Averaged by the Deck Unit = 1
* NMEA baud rate = 4800
** VESSEL/TRIP/SEQ STN:  hud120_2020_066
** LATITUDE XX XX.XX: 47 00.00 N
** LONGITUDE XX XX.XX: 047 10.10 W
** SOUNDING DEPTH (M): 0860
** PROBE TYPE: S1146
** CTD NUMBER: 045
** FORMAT: V
** COMMENTS (14 CHAR): FC-16
** BOTTLES:  0
** LEVELS: 0
** STICKERS:
** VNET: N
** DO2: N
# nquan = 22
# nvalues = 15995                       
# units = specified
# name 0 = scan: Scan Count
# name 1 = prDM: Pressure, Digiquartz [db]
# name 2 = t090C: Temperature [ITS-90, deg C]
# name 3 = t190C: Temperature, 2 [ITS-90, deg C]
# name 4 = c0S/m: Conductivity [S/m]
# name 5 = c1S/m: Conductivity, 2 [S/m]
# name 6 = sbeox0V: Oxygen raw, SBE 43 [V]
# name 7 = sbeox1V: Oxygen raw, SBE 43, 2 [V]
# name 8 = ph: pH
# name 9 = flECO-AFL: Fluorescence, WET Labs ECO-AFL/FL [mg/m^3]
# name 10 = wetCDOM: Fluorescence, WET Labs CDOM [mg/m^3]
# name 11 = par/sat/log: PAR/Logarithmic, Satlantic [umol photons/m^2/sec]
# name 12 = CStarAt0: Beam Attenuation, WET Labs C-Star [1/m]
# name 13 = CStarTr0: Beam Transmission, WET Labs C-Star [%]
# name 14 = sbeox0ML/L: Oxygen, SBE 43 [ml/l], WS = 2
# name 15 = sbeox1ML/L: Oxygen, SBE 43, 2 [ml/l], WS = 2
# name 16 = sal00: Salinity, Practical [PSU]
# name 17 = sal11: Salinity, Practical, 2 [PSU]
# name 18 = sigma-t00: Density [sigma-t, kg/m^3 ]
# name 19 = sigma-t11: Density, 2 [sigma-t, kg/m^3 ]
# name 20 = oxsatML/L: Oxygen Saturation, Weiss [ml/l]
# name 21 = flag: flag
# span 0 =         25,      52178       
# span 1 =      0.297,    852.405       
# span 2 =     1.9506,     3.8221       
# span 3 =     1.9509,     3.8195       
# span 4 =   0.442701,   3.240682       
# span 5 =   0.457352,   3.240184       
# span 6 =     1.8658,     2.1954       
# span 7 =     2.2051,     2.6343       
# span 8 =      7.992,      8.076       
# span 9 =     0.8544,     6.5118       
# span 10 =    -2.8130,   482.1870      
# span 11 = 1.0690e-01, 8.9433e-01      
# span 12 =     0.0630,     0.1962      
# span 13 =    95.2129,    98.4377      
# span 14 =     6.3434,     7.6866      
# span 15 =     6.4400,     7.8038      
# span 16 =     4.2229,    34.8210      
# span 17 =     4.3712,    34.8194      
# span 18 =     3.3591,    27.6874      
# span 19 =     3.4781,    27.6865      
# span 20 =    7.31131,    9.25619      
# span 21 = 0.0000e+00, 0.0000e+00      
# interval = scans: 3                   
# start_time = Nov 24 2020 08:58:04 [System UTC, header]
# bad_flag = -9.990e-29
*END*
[from data line 9153]
      31021    739.109     3.5835     3.5788   3.236194   3.235724     1.8852     2.2405      7.999     0.9053     0.0295 1.0715e-01     0.0849    97.8988     6.5718     6.7455    34.8171    34.8165    27.6832    27.6832    7.34765 0.0000e+00
      31024    738.990     3.5832     3.5786   3.236217   3.235673     1.8864     2.2409      7.999     0.9053     6.3856 1.0727e-01     0.0849    97.8988     6.5782     6.7456    34.8178    34.8161    27.6838    27.6829    7.34767 0.0000e+00
      31027    738.873     3.5833     3.5787   3.236214   3.235684     1.8860     2.2409      7.999     0.9053     6.0698 1.0715e-01     0.0853    97.8901     6.5760     6.7458    34.8177    34.8162    27.6837    27.6829    7.34765 0.0000e+00
      31030    738.752     3.5833     3.5789   3.236192   3.235695     1.8860     2.2409      7.999     0.8850     6.0698 1.0715e-01     0.0853    97.8901     6.5748     6.7453    34.8175    34.8162    27.6835    27.6829    7.34767 0.0000e+00
      31033    738.632     3.5834     3.5791   3.236194   3.235663     1.8860     2.2396      7.999     0.8952     6.0698 1.0715e-01     0.0846    97.9075     6.5726     6.7408    34.8175    34.8157    27.6835    27.6825    7.34764 0.0000e+00
      31036    738.506     3.5840     3.5791   3.236243   3.235693     1.8860     2.2409      7.999     0.9053     6.0698 1.0715e-01     0.0842    97.9162     6.5758     6.7461    34.8176    34.8162    27.6835    27.6829    7.34754 0.0000e+00
      31039    738.381     3.5844     3.5791   3.236242   3.235691     1.8860     2.2409      7.999     0.9155     6.0698 1.0715e-01     0.0842    97.9162     6.5806     6.7429    34.8171    34.8161    27.6831    27.6829    7.34748 0.0000e+00
      31042    738.255     3.5846     3.5792   3.236252   3.235680     1.8872     2.2409      7.999     0.8952     6.4646 1.0715e-01     0.0842    97.9162     6.5857     6.7420    34.8171    34.8160    27.6831    27.6827    7.34745 0.0000e+00
      31045    738.129     3.5845     3.5791   3.236236   3.235682     1.8860     2.2409      7.999     0.9053   408.4007 1.0715e-01     0.0842    97.9162     6.5776     6.7385    34.8171    34.8163    27.6831    27.6830    7.34747 0.0000e+00
      31048    738.002     3.5842     3.5792   3.236239   3.235680     1.8868     2.2409      7.999     0.8850   481.8317 1.0715e-01     0.0839    97.9249     6.5788     6.7383    34.8175    34.8161    27.6834    27.6828    7.34750 0.0000e+00
      31051    737.876     3.5842     3.5793   3.236223   3.235674     1.8860     2.2405      7.999     0.9053   481.0421 1.0715e-01     0.0846    97.9075     6.5757     6.7363    34.8174    34.8160    27.6833    27.6827    7.34751 0.0000e+00
      31054    737.749     3.5845     3.5799   3.236224   3.235684     1.8860     2.2409      7.999     0.9155   481.3579 1.0715e-01     0.0842    97.9162     6.5762     6.7379    34.8171    34.8156    27.6831    27.6823    7.34746 0.0000e+00
      31057    737.624     3.5847     3.5805   3.236218   3.235745     1.8864     2.2409      7.999     0.9155   481.3579 1.0715e-01     0.0842    97.9162     6.5771     6.7378    34.8170    34.8158    27.6830    27.6824    7.34744 0.0000e+00
      31060    737.499     3.5846     3.5806   3.236222   3.235792     1.8868     2.2409      7.999     0.9053   481.2395 1.0727e-01     0.0842    97.9162     6.5778     6.7357    34.8171    34.8163    27.6831    27.6828    7.34744 0.0000e+00
      31063    737.376     3.5849     3.5813   3.236262   3.235806     1.8860     2.2405      7.999     0.8952   481.3184 1.0715e-01     0.0842    97.9162     6.5722     6.7325    34.8174    34.8157    27.6833    27.6823    7.34738 0.0000e+00
      31066    737.253     3.5848     3.5814   3.236226   3.235809     1.8864     2.2405      7.999     0.8952   481.3184 1.0715e-01     0.0842    97.9162     6.5728     6.7307    34.8171    34.8158    27.6831    27.6823    7.34741 0.0000e+00
      31069    737.131     3.5845     3.5810   3.236169   3.235758     1.8864     2.2405      7.999     0.9053   411.9932 1.0715e-01     0.0842    97.9162     6.5732     6.7317    34.8168    34.8156    27.6828    27.6823    7.34748 0.0000e+00
      31072    737.017     3.5842     3.5804   3.236158   3.235706     1.8864     2.2405      7.999     0.9155    12.9391 1.0715e-01     0.0842    97.9162     6.5720     6.7332    34.8170    34.8157    27.6830    27.6824    7.34752 0.0000e+00
      31075    736.907     3.5840     3.5800   3.236137   3.235672     1.8864     2.2401      7.999     0.8952    10.4125 1.0715e-01     0.0846    97.9075     6.5743     6.7317    34.8171    34.8158    27.6831    27.6825    7.34756 0.0000e+00
      31078    736.797     3.5838     3.5797   3.236125   3.235653     1.8868     2.2409      7.999     0.8952    10.7678 1.0715e-01     0.0846    97.9075     6.5772     6.7363    34.8172    34.8160    27.6832    27.6826    7.34759 0.0000e+00
      31081    736.691     3.5838     3.5795   3.236113   3.235636     1.8864     2.2409      7.999     0.9155    10.6888 1.0715e-01     0.0846    97.9075     6.5757     6.7380    34.8172    34.8160    27.6832    27.6827    7.34760 0.0000e+00
      31084    736.588     3.5840     3.5795   3.236120   3.235612     1.8864     2.2405      7.999     0.8952    10.6888 1.0715e-01     0.0842    97.9162     6.5777     6.7382    34.8171    34.8157    27.6831    27.6825    7.34757 0.0000e+00
      31087    736.488     3.5835     3.5794   3.236095   3.235624     1.8860     2.2397      7.999     0.8952    10.6888 1.0715e-01     0.0849    97.8988     6.5763     6.7362    34.8173    34.8161    27.6834    27.6828    7.34764 0.0000e+00
      31090    736.395     3.5836     3.5794   3.236134   3.235603     1.8860     2.2397      7.999     0.8850    10.7283 1.0715e-01     0.0846    97.9075     6.5744     6.7364    34.8177    34.8159    27.6836    27.6826    7.34760 0.0000e+00
      31093    736.305     3.5851     3.5799   3.236252   3.235661     1.8860     2.2413      7.999     0.8952    10.7283 1.0715e-01     0.0846    97.9075     6.5748     6.7414    34.8176    34.8160    27.6834    27.6827    7.34733 0.0000e+00
      31096    736.216     3.5871     3.5804   3.236357   3.235669     1.8860     2.2401      7.999     0.8952   195.1744 1.0715e-01     0.0853    97.8901     6.5762     6.7369    34.8168    34.8156    27.6826    27.6823    7.34702 0.0000e+00
      31099    736.132     3.5871     3.5805   3.236370   3.235688     1.8872     2.2409      7.999     0.8952   482.1870 1.0727e-01     0.0853    97.8901     6.5845     6.7391    34.8170    34.8158    27.6828    27.6824    7.34701 0.0000e+00
      31102    736.052     3.5865     3.5809   3.236292   3.235732     1.8868     2.2409      7.999     0.8952   481.1211 1.0715e-01     0.0853    97.8901     6.5849     6.7379    34.8167    34.8159    27.6825    27.6825    7.34712 0.0000e+00
      31105    735.978     3.5863     3.5810   3.236293   3.235724     1.8872     2.2409      7.999     0.9053   481.2790 1.0715e-01     0.0853    97.8901     6.5879     6.7385    34.8170    34.8158    27.6828    27.6824    7.34714 0.0000e+00
      31108    735.903     3.5866     3.5813   3.236326   3.235748     1.8868     2.2409      7.999     0.8952   481.3579 1.0715e-01     0.0853    97.8901     6.5838     6.7375    34.8171    34.8158    27.6828    27.6823    7.34708 0.0000e+00
      31111    735.827     3.5868     3.5817   3.236365   3.235757     1.8864     2.2409      7.999     0.8952   481.2790 1.0715e-01     0.0853    97.8901     6.5786     6.7349    34.8174    34.8155    27.6831    27.6821    7.34703 0.0000e+00
      31114    735.756     3.5874     3.5818   3.236378   3.235759     1.8864     2.2401      7.999     0.8952   481.3579 1.0715e-01     0.0842    97.9162     6.5752     6.7296    34.8169    34.8155    27.6826    27.6821    7.34694 0.0000e+00
      31117    735.686     3.5875     3.5815   3.236384   3.235754     1.8868     2.2409      7.999     0.8850   481.3184 1.0715e-01     0.0842    97.9162     6.5740     6.7313    34.8169    34.8157    27.6827    27.6823    7.34693 0.0000e+00
      31120    735.618     3.5878     3.5811   3.236412   3.235702     1.8876     2.2405      7.999     0.9053   481.2790 1.0715e-01     0.0842    97.9162     6.5754     6.7294    34.8170    34.8157    27.6826    27.6823    7.34687 0.0000e+00
      31123    735.550     3.5880     3.5807   3.236411   3.235707     1.8876     2.2401      7.999     0.8850   167.6575 1.0715e-01     0.0842    97.9162     6.5747     6.7272    34.8168    34.8161    27.6825    27.6827    7.34684 0.0000e+00
      31126    735.485     3.5882     3.5811   3.236413   3.235729     1.8872     2.2409      7.999     0.9053     7.2936 1.0715e-01     0.0842    97.9162     6.5750     6.7321    34.8166    34.8160    27.6823    27.6826    7.34681 0.0000e+00
      31129    735.419     3.5880     3.5818   3.236427   3.235753     1.8872     2.2401      7.999     0.9053    14.2025 1.0715e-01     0.0846    97.9075     6.5755     6.7304    34.8171    34.8156    27.6827    27.6821    7.34683 0.0000e+00
      31132    735.358     3.5885     3.5824   3.236434   3.235779     1.8860     2.2401      7.999     0.8952    13.8866 1.0715e-01     0.0842    97.9162     6.5699     6.7306    34.8167    34.8154    27.6824    27.6819    7.34676 0.0000e+00
      31135    735.294     3.5890     3.5824   3.236453   3.235783     1.8860     2.2397      7.999     0.8850    13.8866 1.0715e-01     0.0821    97.9683     6.5689     6.7307    34.8164    34.8154    27.6821    27.6819    7.34669 0.0000e+00
      31138    735.229     3.5884     3.5824   3.236402   3.235787     1.8864     2.2409      7.999     0.9155    13.8866 1.0715e-01     0.0821    97.9683     6.5718     6.7366    34.8165    34.8155    27.6822    27.6820    7.34679 0.0000e+00
      31141    735.165     3.5872     3.5828   3.236317   3.235850     1.8868     2.2401      7.999     0.8952    13.8866 1.0715e-01     0.0825    97.9596     6.5734     6.7333    34.8167    34.8158    27.6825    27.6822    7.34699 0.0000e+00
      31144    735.102     3.5871     3.5832   3.236309   3.235857     1.8868     2.2397      8.000     0.8850    13.8866 1.0715e-01     0.0821    97.9683     6.5722     6.7340    34.8168    34.8155    27.6826    27.6819    7.34701 0.0000e+00
      31147    735.039     3.5878     3.5831   3.236354   3.235825     1.8872     2.2409      7.999     0.9053    25.3355 1.0715e-01     0.0821    97.9683     6.5761     6.7402    34.8167    34.8152    27.6824    27.6818    7.34690 0.0000e+00
      31150    734.969     3.5879     3.5829   3.236351   3.235831     1.8872     2.2405      7.999     0.9053   435.0490 1.0715e-01     0.0821    97.9683     6.5793     6.7392    34.8166    34.8156    27.6823    27.6820    7.34688 0.0000e+00
      31153    734.900     3.5877     3.5831   3.236341   3.235839     1.8868     2.2409      7.999     0.9053   481.2000 1.0715e-01     0.0825    97.9596     6.5811     6.7417    34.8167    34.8156    27.6824    27.6820    7.34691 0.0000e+00
      31156    734.830     3.5879     3.5831   3.236384   3.235837     1.8864     2.2397      7.999     0.9053   481.1211 1.0715e-01     0.0821    97.9683     6.5788     6.7358    34.8170    34.8155    27.6826    27.6820    7.34686 0.0000e+00
      31159    734.759     3.5885     3.5830   3.236419   3.235809     1.8872     2.2409      7.999     0.9053   481.2790 1.0715e-01     0.0821    97.9683     6.5804     6.7400    34.8168    34.8153    27.6825    27.6818    7.34676 0.0000e+00
      31162    734.686     3.5885     3.5827   3.236399   3.235793     1.8876     2.2401      7.999     0.8952   481.2790 1.0715e-01     0.0821    97.9683     6.5801     6.7366    34.8166    34.8156    27.6823    27.6820    7.34677 0.0000e+00
      31165    734.610     3.5884     3.5827   3.236403   3.235803     1.8868     2.2409      7.999     0.8850   481.3184 1.0715e-01     0.0817    97.9770     6.5766     6.7399    34.8167    34.8156    27.6824    27.6821    7.34677 0.0000e+00
      31168    734.531     3.5883     3.5832   3.236396   3.235830     1.8864     2.2409      7.999     0.9155   481.3579 1.0715e-01     0.0821    97.9683     6.5734     6.7386    34.8169    34.8155    27.6825    27.6820    7.34678 0.0000e+00
      31171    734.452     3.5884     3.5835   3.236369   3.235865     1.8872     2.2409      7.999     0.8952   481.3184 1.0715e-01     0.0821    97.9683     6.5738     6.7393    34.8165    34.8157    27.6822    27.6821    7.34679 0.0000e+00
      31174    734.372     3.5876     3.5834   3.236341   3.235820     1.8872     2.2409      7.999     0.8952   386.8846 1.0715e-01     0.0832    97.9422     6.5746     6.7405    34.8171    34.8153    27.6827    27.6817    7.34691 0.0000e+00
      31177    734.289     3.5879     3.5832   3.236358   3.235798     1.8876     2.2401      7.999     0.9155     7.3331 1.0715e-01     0.0832    97.9422     6.5769     6.7382    34.8169    34.8153    27.6826    27.6818    7.34686 0.0000e+00
      31180    734.204     3.5881     3.5827   3.236340   3.235762     1.8868     2.2409      7.999     0.8952    13.3734 1.0740e-01     0.0832    97.9422     6.5733     6.7428    34.8166    34.8154    27.6823    27.6819    7.34684 0.0000e+00
      31183    734.118     3.5876     3.5826   3.236311   3.235766     1.8872     2.2409      7.999     0.8952    13.0971 1.0715e-01     0.0832    97.9422     6.5739     6.7424    34.8168    34.8155    27.6826    27.6820    7.34692 0.0000e+00
      31186    734.026     3.5876     3.5818   3.236323   3.235687     1.8872     2.2409      7.999     0.9155    13.1365 1.0727e-01     0.0832    97.9422     6.5757     6.7422    34.8170    34.8156    27.6827    27.6821    7.34691 0.0000e+00
      31189    733.931     3.5877     3.5815   3.236311   3.235689     1.8876     2.2405      7.999     0.9053    13.1365 1.0715e-01     0.0832    97.9422     6.5780     6.7384    34.8168    34.8159    27.6825    27.6824    7.34690 0.0000e+00
      31192    733.836     3.5880     3.5819   3.236344   3.235730     1.8864     2.2409      7.999     0.9053    13.0971 1.0715e-01     0.0835    97.9335     6.5753     6.7393    34.8169    34.8160    27.6826    27.6825    7.34684 0.0000e+00
      31195    733.736     3.5882     3.5824   3.236346   3.235727     1.8864     2.2417      7.999     0.9053    13.0971 1.0715e-01     0.0832    97.9422     6.5774     6.7417    34.8168    34.8155    27.6825    27.6820    7.34681 0.0000e+00
      31198    733.627     3.5884     3.5824   3.236342   3.235733     1.8872     2.2409      7.999     0.8952    13.1365 1.0715e-01     0.0832    97.9422     6.5805     6.7380    34.8166    34.8156    27.6823    27.6821    7.34678 0.0000e+00
      31201    733.516     3.5880     3.5820   3.236302   3.235681     1.8872     2.2417      7.999     0.9053   236.3510 1.0715e-01     0.0832    97.9422     6.5790     6.7408    34.8166    34.8155    27.6823    27.6821    7.34685 0.0000e+00
      31204    733.402     3.5877     3.5823   3.236278   3.235705     1.8872     2.2413      7.999     0.8952   482.1870 1.0715e-01     0.0832    97.9422     6.5782     6.7376    34.8167    34.8156    27.6824    27.6821    7.34691 0.0000e+00
      31207    733.285     3.5885     3.5826   3.236366   3.235699     1.8872     2.2417      7.999     0.8952   481.0816 1.0715e-01     0.0835    97.9335     6.5769     6.7386    34.8170    34.8153    27.6826    27.6818    7.34675 0.0000e+00
      31210    733.161     3.5897     3.5825   3.236414   3.235688     1.8872     2.2409      7.999     0.9053   481.2790 1.0715e-01     0.0832    97.9422     6.5756     6.7367    34.8162    34.8153    27.6819    27.6818    7.34656 0.0000e+00
      31213    733.028     3.5899     3.5830   3.236410   3.235728     1.8872     2.2409      7.999     0.8952   481.3184 1.0715e-01     0.0835    97.9335     6.5780     6.7347    34.8161    34.8153    27.6817    27.6818    7.34653 0.0000e+00
