Datasets/AZMP/HUD120/hud120_2020_060.cnv
* Sea-Bird SBE 9 Data File:
* FileName = C:\CTDDATA\hud120_2020_060.hex
* Software Version Seasave V 7.26.7.110
* Temperature SN = 1697
* Conductivity SN = 4216
* Number of Bytes Per Scan = 30
* Number of Voltage Words = 4
* Number of Scans Averaged by the Deck Unit = 1
* NMEA baud rate = 4800
** VESSEL/TRIP/SEQ STN:  hud120_2020_060
** LATITUDE XX XX.XX: 47 00.00 N
** LONGITUDE XX XX.XX: 045 43.80 W
** SOUNDING DEPTH (M): 0281
** PROBE TYPE: S1146
** CTD NUMBER: 039
** FORMAT: V
** COMMENTS (14 CHAR): FC-22
** BOTTLES:  0
** LEVELS:
** STICKERS:
** VNET: N
** DO2: N
# nquan = 22
# nvalues = 4719                        
# units = specified
# name 0 = scan: Scan Count
# name 1 = prDM: Pressure, Digiquartz [db]
# name 2 = t090C: Temperature [ITS-90, deg C]
# name 3 = t190C: Temperature, 2 [ITS-90, deg C]
# name 4 = c0S/m: Conductivity [S/m]
# name 5 = c1S/m: Conductivity, 2 [S/m]
# name 6 = sbeox0V: Oxygen raw, SBE 43 [V]
# name 7 = sbeox1V: Oxygen raw, SBE 43, 2 [V]
# name 8 = ph: pH
# name 9 = flECO-AFL: Fluorescence, WET Labs ECO-AFL/FL [mg/m^3]
# name 10 = wetCDOM: Fluorescence, WET Labs CDOM [mg/m^3]
# name 11 = par/sat/log: PAR/Logarithmic, Satlantic [umol photons/m^2/sec]
# name 12 = CStarAt0: Beam Attenuation, WET Labs C-Star [1/m]
# name 13 = CStarTr0: Beam Transmission, WET Labs C-Star [%]
# name 14 = sbeox0ML/L: Oxygen, SBE 43 [ml/l], WS = 2
# name 15 = sbeox1ML/L: Oxygen, SBE 43, 2 [ml/l], WS = 2
# name 16 = sal00: Salinity, Practical [PSU]
# name 17 = sal11: Salinity, Practical, 2 [PSU]
# name 18 = sigma-t00: Density [sigma-t, kg/m^3 ]
# name 19 = sigma-t11: Density, 2 [sigma-t, kg/m^3 ]
# name 20 = oxsatML/L: Oxygen Saturation, Weiss [ml/l]
# name 21 = flag: flag
# span 0 =        145,      16725       
# span 1 =      4.180,    275.362       
# span 2 =     3.6723,     7.8993       
# span 3 =     3.6687,     7.8915       
# span 4 =   3.162920,   3.429145       
# span 5 =   3.162218,   3.428325       
# span 6 =     1.7994,     2.2121       
# span 7 =     2.1331,     2.6490       
# span 8 =      7.944,      8.153       
# span 9 =     0.8850,     6.5626       
# span 10 =    -2.8130,   482.1870      
# span 11 = 1.0715e-01, 9.3511e+01      
# span 12 =     0.0821,     0.2785      
# span 13 =    93.2745,    97.9683      
# span 14 =     5.6019,     7.1268      
# span 15 =     5.7291,     7.4303      
# span 16 =    33.0295,    34.8373      
# span 17 =    33.0325,    34.8366      
# span 18 =    25.7453,    27.6402      
# span 19 =    25.7458,    27.6401      
# span 20 =    6.70711,    7.35826      
# span 21 = 0.0000e+00, 0.0000e+00      
# interval = scans: 3                   
# start_time = Nov 23 2020 17:06:21 [System UTC, header]
# bad_flag = -9.990e-29
*END*
[from data line 3029]
      10832    203.170     4.2627     4.2603   3.271696   3.271398     1.8269     2.1716      7.958     0.8952     0.3848 1.0715e-01     0.0874    97.8379     5.7713     5.9435    34.8039    34.8028    27.6023    27.6018    7.22645 0.0000e+00
      10835    203.004     4.2638     4.2611   3.271779   3.271371     1.8265     2.1712      7.958     0.9053     0.3848 1.0715e-01     0.0874    97.8379     5.7721     5.9435    34.8037    34.8018    27.6021    27.6008    7.22625 0.0000e+00
      10838    202.831     4.2639     4.2597   3.271692   3.271271     1.8269     2.1704      7.958     0.9155     1.2533 1.0715e-01     0.0874    97.8379     5.7769     5.9434    34.8027    34.8021    27.6012    27.6012    7.22628 0.0000e+00
      10841    202.647     4.2643     4.2608   3.271916   3.271405     1.8273     2.1716      7.958     0.8952     2.5562 1.0715e-01     0.0874    97.8379     5.7798     5.9490    34.8050    34.8026    27.6030    27.6015    7.22610 0.0000e+00
      10844    202.455     4.2676     4.2627   3.272071   3.271557     1.8269     2.1716      7.958     0.8952     2.5167 1.0715e-01     0.0874    97.8379     5.7784     5.9507    34.8034    34.8026    27.6014    27.6013    7.22559 0.0000e+00
      10847    202.259     4.2690     4.2646   3.272123   3.271739     1.8273     2.1721      7.958     0.9053     2.5167 1.0715e-01     0.0874    97.8379     5.7796     5.9535    34.8027    34.8028    27.6007    27.6012    7.22538 0.0000e+00
      10850    202.055     4.2712     4.2680   3.272006   3.271543     1.8273     2.1716      7.958     0.8952     2.5167 1.0715e-01     0.0874    97.8379     5.7801     5.9530    34.7991    34.7970    27.5976    27.5963    7.22517 0.0000e+00
      10853    201.844     4.2581     4.2526   3.269975   3.269385     1.8277     2.1725      7.958     0.9053     2.5167 1.0715e-01     0.0874    97.8379     5.7838     5.9602    34.7891    34.7879    27.5911    27.5907    7.22796 0.0000e+00
      10856    201.625     4.2431     4.2365   3.268476   3.267885     1.8281     2.1725      7.958     0.9155     2.5167 1.0715e-01     0.0874    97.8379     5.7895     5.9630    34.7873    34.7873    27.5913    27.5920    7.23069 0.0000e+00
      10859    201.405     4.2279     4.2228   3.266861   3.266506     1.8281     2.1733      7.958     0.8952     2.5167 1.0715e-01     0.0874    97.8379     5.7935     5.9723    34.7845    34.7856    27.5907    27.5921    7.23353 0.0000e+00
      10862    201.177     4.2173     4.2126   3.265987   3.265625     1.8277     2.1737      7.958     0.9155     2.5167 1.0715e-01     0.0874    97.8379     5.7933     5.9774    34.7854    34.7861    27.5926    27.5936    7.23535 0.0000e+00
      10865    200.949     4.2146     4.2088   3.265755   3.265233     1.8277     2.1737      7.958     0.8952     4.8854 1.0715e-01     0.0874    97.8379     5.7951     5.9782    34.7857    34.7856    27.5931    27.5936    7.23583 0.0000e+00
      10868    200.717     4.2086     4.2035   3.264640   3.264304     1.8281     2.1741      7.958     0.9155     5.9908 1.0715e-01     0.0878    97.8292     5.7983     5.9819    34.7790    34.7803    27.5884    27.5900    7.23721 0.0000e+00
      10871    200.477     4.1962     4.1871   3.263406   3.262334     1.8281     2.1749      7.958     0.9053     5.9513 1.0715e-01     0.0874    97.8379     5.8018     5.9865    34.7776    34.7745    27.5885    27.5871    7.23947 0.0000e+00
      10874    200.235     4.1902     4.1783   3.262683   3.261967     1.8285     2.1749      7.958     0.8850     5.9118 1.0715e-01     0.0874    97.8379     5.8056     5.9885    34.7755    34.7796    27.5875    27.5921    7.24063 0.0000e+00
      10877    199.996     4.1814     4.1804   3.262260   3.261950     1.8289     2.1745      7.958     0.9155     5.9513 1.0715e-01     0.0874    97.8379     5.8080     5.9868    34.7799    34.7773    27.5920    27.5901    7.24198 0.0000e+00
      10880    199.758     4.1836     4.1732   3.262257   3.261228     1.8293     2.1757      7.958     0.9257     5.9513 1.0715e-01     0.0874    97.8379     5.8098     5.9920    34.7777    34.7765    27.5900    27.5902    7.24170 0.0000e+00
      10883    199.515     4.1797     4.1721   3.261952   3.261350     1.8293     2.1765      7.958     0.9358     5.9513 1.0715e-01     0.0874    97.8379     5.8120     5.9937    34.7784    34.7793    27.5910    27.5925    7.24237 0.0000e+00
      10886    199.277     4.1808     4.1772   3.262168   3.261845     1.8297     2.1774      7.958     0.9460     5.9513 1.0715e-01     0.0874    97.8379     5.8158     5.9955    34.7799    34.7799    27.5921    27.5924    7.24210 0.0000e+00
      10889    199.038     4.1814     4.1768   3.262053   3.261614     1.8297     2.1765      7.958     0.9460    22.2562 1.0715e-01     0.0867    97.8553     5.8135     5.9921    34.7780    34.7777    27.5905    27.5907    7.24207 0.0000e+00
      10892    198.805     4.1808     4.1754   3.262051   3.261540     1.8297     2.1774      7.958     0.9257   439.1943 1.0715e-01     0.0864    97.8640     5.8114     5.9942    34.7788    34.7784    27.5912    27.5914    7.24215 0.0000e+00
      10895    198.579     4.1810     4.1751   3.262019   3.261400     1.8305     2.1770      7.960     0.9257   481.2790 1.0715e-01     0.0867    97.8553     5.8147     5.9913    34.7783    34.7772    27.5907    27.5905    7.24213 0.0000e+00
      10898    198.361     4.1817     4.1749   3.262145   3.261506     1.8305     2.1782      7.958     0.9155   481.1211 1.0715e-01     0.0864    97.8640     5.8140     5.9956    34.7792    34.7787    27.5914    27.5918    7.24197 0.0000e+00
      10901    198.144     4.1818     4.1768   3.262053   3.261543     1.8301     2.1786      7.958     0.9257   481.3579 1.0715e-01     0.0867    97.8553     5.8115     5.9947    34.7781    34.7774    27.5905    27.5904    7.24200 0.0000e+00
      10904    197.932     4.1806     4.1745   3.261915   3.261327     1.8305     2.1786      7.958     0.9460   481.3184 1.0715e-01     0.0871    97.8466     5.8142     5.9918    34.7778    34.7773    27.5904    27.5907    7.24223 0.0000e+00
      10907    197.731     4.1801     4.1754   3.261932   3.261493     1.8313     2.1790      7.958     0.9358   481.2790 1.0715e-01     0.0874    97.8379     5.8192     5.9905    34.7786    34.7784    27.5911    27.5914    7.24227 0.0000e+00
      10910    197.539     4.1816     4.1766   3.262055   3.261520     1.8313     2.1786      7.958     0.9257   481.3579 1.0715e-01     0.0871    97.8466     5.8192     5.9892    34.7786    34.7775    27.5909    27.5906    7.24201 0.0000e+00
      10913    197.352     4.1816     4.1762   3.262064   3.261555     1.8309     2.1798      7.958     0.9257   481.3579 1.0727e-01     0.0874    97.8379     5.8184     5.9934    34.7788    34.7785    27.5911    27.5915    7.24200 0.0000e+00
      10916    197.178     4.1805     4.1778   3.262014   3.261717     1.8309     2.1798      7.958     0.9257   376.2253 1.0715e-01     0.0871    97.8466     5.8171     5.9915    34.7795    34.7788    27.5918    27.5915    7.24217 0.0000e+00
      10919    197.012     4.1832     4.1791   3.262318   3.261893     1.8321     2.1794      7.958     0.9358     0.3848 1.0715e-01     0.0874    97.8379     5.8208     5.9872    34.7804    34.7797    27.5922    27.5921    7.24165 0.0000e+00
      10922    196.854     4.1854     4.1810   3.262525   3.262104     1.8321     2.1810      7.958     0.9358     4.6880 1.0715e-01     0.0871    97.8466     5.8191     5.9909    34.7805    34.7803    27.5920    27.5923    7.24124 0.0000e+00
      10925    196.708     4.1869     4.1842   3.262721   3.262384     1.8317     2.1802      7.958     0.9358     5.1618 1.0715e-01     0.0874    97.8379     5.8154     5.9864    34.7813    34.7802    27.5926    27.5919    7.24094 0.0000e+00
      10928    196.574     4.1910     4.1847   3.263056   3.262403     1.8330     2.1802      7.958     0.9155     5.1223 1.0715e-01     0.0874    97.8379     5.8192     5.9865    34.7810    34.7800    27.5919    27.5917    7.24022 0.0000e+00
      10931    196.454     4.1923     4.1850   3.263125   3.262446     1.8330     2.1806      7.958     0.9257     5.1223 1.0715e-01     0.0874    97.8379     5.8192     5.9874    34.7805    34.7803    27.5913    27.5919    7.24002 0.0000e+00
      10934    196.345     4.1927     4.1841   3.263162   3.262307     1.8330     2.1810      7.958     0.9257     5.1223 1.0715e-01     0.0874    97.8379     5.8210     5.9893    34.7806    34.7796    27.5913    27.5915    7.23994 0.0000e+00
      10937    196.247     4.1931     4.1852   3.263194   3.262539     1.8330     2.1810      7.958     0.9257     5.1223 1.0715e-01     0.0874    97.8379     5.8195     5.9883    34.7806    34.7813    27.5913    27.5927    7.23988 0.0000e+00
      10940    196.161     4.1934     4.1870   3.263247   3.262667     1.8330     2.1814      7.958     0.9460     5.1223 1.0715e-01     0.0874    97.8379     5.8163     5.9880    34.7810    34.7809    27.5916    27.5922    7.23981 0.0000e+00
      10943    196.091     4.1935     4.1907   3.263278   3.263089     1.8326     2.1810      7.958     0.9257     6.1487 1.0715e-01     0.0874    97.8379     5.8129     5.9838    34.7813    34.7820    27.5918    27.5927    7.23977 0.0000e+00
      10946    196.032     4.1925     4.1902   3.263188   3.262957     1.8330     2.1819      7.958     0.9460     7.2937 1.0715e-01     0.0874    97.8379     5.8154     5.9871    34.7813    34.7810    27.5919    27.5919    7.23994 0.0000e+00
      10949    195.987     4.1913     4.1885   3.263055   3.262854     1.8330     2.1814      7.958     0.9358     7.2542 1.0727e-01     0.0874    97.8379     5.8140     5.9873    34.7810    34.7816    27.5918    27.5926    7.24017 0.0000e+00
      10952    195.953     4.1908     4.1876   3.263027   3.262680     1.8338     2.1823      7.958     0.9358     7.2542 1.0715e-01     0.0874    97.8379     5.8174     5.9908    34.7812    34.7806    27.5920    27.5918    7.24025 0.0000e+00
      10955    195.924     4.1898     4.1858   3.262910   3.262508     1.8346     2.1823      7.958     0.9257     7.2542 1.0715e-01     0.0871    97.8466     5.8215     5.9896    34.7810    34.7804    27.5919    27.5919    7.24045 0.0000e+00
      11009    195.884     4.1899     4.1866   3.262887   3.262588     1.8362     2.1839      7.958     0.9155     3.7011 1.0715e-01     0.0874    97.8379     5.8235     5.9931    34.7806    34.7805    27.5917    27.5919    7.24045 0.0000e+00
      11037    195.783     4.1891     4.1879   3.262806   3.262688     1.8366     2.1847      7.958     0.9053     1.9245 1.0715e-01     0.0874    97.8379     5.8240     5.9958    34.7805    34.7804    27.5917    27.5917    7.24059 0.0000e+00
      11040    195.670     4.1881     4.1890   3.262665   3.262843     1.8366     2.1855      7.958     0.9155     1.9245 1.0715e-01     0.0871    97.8466     5.8233     6.0000    34.7799    34.7811    27.5913    27.5921    7.24079 0.0000e+00
      11043    195.547     4.1877     4.1893   3.262659   3.262807     1.8370     2.1859      7.958     0.9053     1.9245 1.0715e-01     0.0874    97.8379     5.8269     6.0016    34.7804    34.7805    27.5917    27.5916    7.24084 0.0000e+00
      11046    195.417     4.1892     4.1885   3.262864   3.262734     1.8370     2.1859      7.958     0.9053     2.0035 1.0715e-01     0.0874    97.8379     5.8280     5.9998    34.7813    34.7805    27.5922    27.5917    7.24053 0.0000e+00
      11049    195.278     4.1898     4.1881   3.262843   3.262645     1.8370     2.1859      7.958     0.8850     4.9249 1.0715e-01     0.0874    97.8379     5.8308     5.9985    34.7805    34.7800    27.5916    27.5914    7.24047 0.0000e+00
      11052    195.132     4.1899     4.1873   3.262832   3.262507     1.8370     2.1859      7.958     0.8952     5.1223 1.0715e-01     0.0864    97.8640     5.8319     5.9992    34.7803    34.7792    27.5914    27.5908    7.24046 0.0000e+00
      11055    194.979     4.1900     4.1866   3.262863   3.262463     1.8370     2.1863      7.958     0.9155     5.1223 1.0715e-01     0.0871    97.8466     5.8311     6.0010    34.7807    34.7795    27.5917    27.5911    7.24042 0.0000e+00
      11058    194.820     4.1900     4.1861   3.262810   3.262352     1.8375     2.1859      7.958     0.8952     5.1223 1.0715e-01     0.0864    97.8640     5.8311     6.0023    34.7801    34.7788    27.5912    27.5907    7.24045 0.0000e+00
      11061    194.661     4.1903     4.1856   3.262855   3.262289     1.8375     2.1863      7.958     0.9053     5.1223 1.0715e-01     0.0864    97.8640     5.8318     6.0042    34.7804    34.7788    27.5915    27.5906    7.24038 0.0000e+00
      11064    194.501     4.1902     4.1852   3.262745   3.262280     1.8375     2.1875      7.958     0.9460     5.1223 1.0715e-01     0.0867    97.8553     5.8303     6.0082    34.7793    34.7791    27.5906    27.5909    7.24045 0.0000e+00
      11067    194.336     4.1899     4.1857   3.262692   3.262331     1.8387     2.1867      7.958     0.9257     5.1223 1.0715e-01     0.0867    97.8553     5.8352     6.0057    34.7791    34.7793    27.5904    27.5910    7.24051 0.0000e+00
      11070    194.170     4.1893     4.1862   3.262593   3.262349     1.8383     2.1863      7.958     0.9358     5.1223 1.0715e-01     0.0874    97.8379     5.8327     6.0042    34.7786    34.7790    27.5901    27.5908    7.24064 0.0000e+00
      11073    194.000     4.1891     4.1885   3.262544   3.262558     1.8387     2.1871      7.958     0.9257     4.8854 1.0715e-01     0.0874    97.8379     5.8348     6.0065    34.7784    34.7791    27.5900    27.5906    7.24069 0.0000e+00
      11076    193.836     4.1901     4.1898   3.262661   3.262577     1.8383     2.1867      7.958     0.9257     3.9379 1.0715e-01     0.0874    97.8379     5.8313     6.0043    34.7788    34.7782    27.5902    27.5897    7.24050 0.0000e+00
      11079    193.673     4.1916     4.1884   3.262772   3.262509     1.8379     2.1880      7.958     0.9358     3.9379 1.0715e-01     0.0874    97.8379     5.8283     6.0087    34.7786    34.7789    27.5899    27.5904    7.24024 0.0000e+00
      11082    193.509     4.1920     4.1888   3.262805   3.262594     1.8379     2.1884      7.958     0.9358     3.9379 1.0715e-01     0.0874    97.8379     5.8284     6.0093    34.7786    34.7795    27.5899    27.5909    7.24016 0.0000e+00
      11085    193.352     4.1918     4.1894   3.262838   3.262654     1.8387     2.1884      7.958     0.9358     3.9379 1.0715e-01     0.0874    97.8379     5.8318     6.0064    34.7793    34.7797    27.5904    27.5910    7.24016 0.0000e+00
      11088    193.196     4.1931     4.1896   3.263045   3.262656     1.8383     2.1884      7.958     0.9053     3.9379 1.0715e-01     0.0878    97.8292     5.8269     6.0050    34.7805    34.7796    27.5912    27.5909    7.23988 0.0000e+00
      11091    193.046     4.1984     4.1945   3.263662   3.263258     1.8387     2.1880      7.958     0.8952     3.9379 1.0715e-01     0.0874    97.8379     5.8272     6.0022    34.7822    34.7816    27.5920    27.5919    7.23885 0.0000e+00
      11094    192.900     4.2067     4.2060   3.264307   3.264150     1.8387     2.1884      7.958     0.8952     3.9379 1.0715e-01     0.0874    97.8379     5.8269     5.9990    34.7812    34.7800    27.5903    27.5895    7.23744 0.0000e+00
      11097    192.760     4.2137     4.2115   3.264983   3.264553     1.8387     2.1884      7.958     0.8952     3.9379 1.0715e-01     0.0874    97.8379     5.8264     5.9957    34.7819    34.7792    27.5901    27.5882    7.23616 0.0000e+00
      11100    192.620     4.2261     4.2148   3.266262   3.264807     1.8387     2.1884      7.958     0.9053     2.6746 1.0715e-01     0.0874    97.8379     5.8246     5.9924    34.7840    34.7787    27.5904    27.5874    7.23387 0.0000e+00
