Datasets/AZMP/HUD120/hud120_2020_023.cnv
* Sea-Bird SBE 9 Data File:
* FileName = C:\CTDDATA\hud120_2020_023.hex
* Software Version Seasave V 7.26.7.110
* Temperature SN = 1697
* Conductivity SN = 4216
* Number of Bytes Per Scan = 30
* Number of Voltage Words = 4
* Number of Scans Averaged by the Deck Unit = 1
* NMEA baud rate = 4800
** VESSEL/TRIP/SEQ STN:  hud120_2020_023
** LATITUDE XX XX.XX: 44 43.50 N
** LONGITUDE XX XX.XX: 051 23.70 W
** SOUNDING DEPTH (M): 0072
** PROBE TYPE: S1146
** CTD NUMBER: 013
** FORMAT: V
** COMMENTS (14 CHAR): SEGB-09
** BOTTLES:  07
** LEVELS: 5,10,20,30,40,50,BTM
** STICKERS: 439595 - 439601
** VNET: Y
** DO2: Y
# nquan = 22
# nvalues = 1305                        
# units = specified
# name 0 = scan: Scan Count
# name 1 = prDM: Pressure, Digiquartz [db]
# name 2 = t090C: Temperature [ITS-90, deg C]
# name 3 = t190C: Temperature, 2 [ITS-90, deg C]
# name 4 = c0S/m: Conductivity [S/m]
# name 5 = c1S/m: Conductivity, 2 [S/m]
# name 6 = sbeox0V: Oxygen raw, SBE 43 [V]
# name 7 = sbeox1V: Oxygen raw, SBE 43, 2 [V]
# name 8 = ph: pH
# name 9 = flECO-AFL: Fluorescence, WET Labs ECO-AFL/FL [mg/m^3]
# name 10 = wetCDOM: Fluorescence, WET Labs CDOM [mg/m^3]
# name 11 = par/sat/log: PAR/Logarithmic, Satlantic [umol photons/m^2/sec]
# name 12 = CStarAt0: Beam Attenuation, WET Labs C-Star [1/m]
# name 13 = CStarTr0: Beam Transmission, WET Labs C-Star [%]
# name 14 = sbeox0ML/L: Oxygen, SBE 43 [ml/l], WS = 2
# name 15 = sbeox1ML/L: Oxygen, SBE 43, 2 [ml/l], WS = 2
# name 16 = sal00: Salinity, Practical [PSU]
# name 17 = sal11: Salinity, Practical, 2 [PSU]
# name 18 = sigma-t00: Density [sigma-t, kg/m^3 ]
# name 19 = sigma-t11: Density, 2 [sigma-t, kg/m^3 ]
# name 20 = oxsatML/L: Oxygen Saturation, Weiss [ml/l]
# name 21 = flag: flag
# span 0 =         12,      35469       
# span 1 =      0.138,     69.542       
# span 2 =     4.4959,    12.0918       
# span 3 =     4.4914,    12.0876       
# span 4 =   3.101650,   3.723868       
# span 5 =   3.101114,   3.723312       
# span 6 =     1.7297,     2.1956       
# span 7 =     2.0292,     2.6050       
# span 8 =      7.805,      8.136       
# span 9 =     1.6379,     5.4535       
# span 10 =    -2.8130,   482.1870      
# span 11 = 1.0678e-01, 6.9635e+01      
# span 12 =     0.1357,     0.4627      
# span 13 =    89.0761,    96.6645      
# span 14 =     5.0155,     6.1784      
# span 15 =     4.9034,     6.1955      
# span 16 =    30.4329,    33.0197      
# span 17 =    31.1845,    32.9230      
# span 18 =    23.0312,    25.9847      
# span 19 =    23.6148,    25.9467      
# span 20 =    6.14524,    7.28665      
# span 21 = 0.0000e+00, 0.0000e+00      
# interval = scans: 3                   
# start_time = Nov 18 2020 10:49:08 [System UTC, header]
# bad_flag = -9.990e-29
*END*
[from data line 330]
       7610     27.951    12.0885    12.0842   3.723085   3.722547     2.1876     2.5877      8.125     5.0872   479.0287 2.9984e-01     0.1820    95.5519     6.0061     6.0909    32.2234    32.2220    24.4169    24.4166    6.14571 0.0000e+00
       7613     28.028    12.0887    12.0842   3.723074   3.722549     2.1868     2.5885      8.124     5.0974    67.3807 3.1079e-01     0.1824    95.5432     6.0037     6.0938    32.2232    32.2219    24.4167    24.4166    6.14569 0.0000e+00
       7616     28.106    12.0884    12.0841   3.723048   3.722542     2.1868     2.5885      8.127     5.0974     2.8720 2.9882e-01     0.1824    95.5432     6.0048     6.0943    32.2232    32.2220    24.4167    24.4166    6.14574 0.0000e+00
       7619     28.189    12.0886    12.0841   3.723125   3.722582     2.1868     2.5873      8.125     5.0974     6.6225 2.9367e-01     0.1824    95.5432     6.0064     6.0933    32.2237    32.2223    24.4171    24.4169    6.14569 0.0000e+00
       7622     28.269    12.0886    12.0843   3.723158   3.722595     2.1872     2.5873      8.124     5.0872     6.4251 2.7813e-01     0.1824    95.5432     6.0089     6.0959    32.2239    32.2222    24.4173    24.4168    6.14568 0.0000e+00
       7625     28.351    12.0888    12.0841   3.723156   3.722572     2.1872     2.5877      8.122     5.0872     6.4251 2.8010e-01     0.1824    95.5432     6.0095     6.0994    32.2237    32.2221    24.4171    24.4167    6.14566 0.0000e+00
       7628     28.434    12.0885    12.0842   3.723142   3.722558     2.1864     2.5873      8.125     5.0872     6.4251 2.8104e-01     0.1824    95.5432     6.0064     6.1000    32.2239    32.2219    24.4172    24.4165    6.14570 0.0000e+00
       7631     28.521    12.0886    12.0841   3.723169   3.722576     2.1868     2.5873      8.127     5.0466     6.4251 2.7117e-01     0.1824    95.5432     6.0076     6.1008    32.2239    32.2221    24.4173    24.4167    6.14567 0.0000e+00
       7634     28.612    12.0886    12.0843   3.723177   3.722588     2.1864     2.5873      8.125     5.0160     6.4251 2.6897e-01     0.1824    95.5432     6.0061     6.1013    32.2240    32.2220    24.4173    24.4166    6.14568 0.0000e+00
       7637     28.706    12.0887    12.0843   3.723204   3.722585     2.1868     2.5873      8.127     5.0160    82.6986 2.6840e-01     0.1824    95.5432     6.0076     6.1020    32.2241    32.2219    24.4174    24.4165    6.14566 0.0000e+00
       7640     28.802    12.0889    12.0844   3.723212   3.722607     2.1868     2.5873      8.125     5.0262   473.6990 2.5532e-01     0.1824    95.5432     6.0077     6.1035    32.2240    32.2220    24.4173    24.4166    6.14563 0.0000e+00
       7643     28.899    12.0886    12.0847   3.723201   3.722657     2.1876     2.5885      8.122     5.0364   481.4764 2.5592e-01     0.1824    95.5432     6.0103     6.1079    32.2241    32.2223    24.4175    24.4167    6.14567 0.0000e+00
       7646     28.999    12.0886    12.0844   3.723160   3.722627     2.1868     2.5881      8.124     5.0058   481.2790 2.5538e-01     0.1824    95.5432     6.0074     6.1072    32.2237    32.2222    24.4171    24.4167    6.14569 0.0000e+00
       7649     29.101    12.0885    12.0844   3.723186   3.722667     2.1868     2.5885      8.125     5.0160   481.3579 2.4805e-01     0.1824    95.5432     6.0089     6.1093    32.2239    32.2225    24.4173    24.4170    6.14568 0.0000e+00
       7652     29.206    12.0889    12.0847   3.723222   3.722706     2.1868     2.5885      8.127     5.0262   481.3579 2.4435e-01     0.1824    95.5432     6.0091     6.1102    32.2239    32.2226    24.4172    24.4170    6.14564 0.0000e+00
       7655     29.314    12.0886    12.0847   3.723169   3.722715     2.1860     2.5885      8.125     5.0262   481.3579 2.3877e-01     0.1824    95.5432     6.0068     6.1107    32.2236    32.2226    24.4170    24.4169    6.14569 0.0000e+00
       7658     29.425    12.0885    12.0846   3.723152   3.722698     2.1868     2.5885      8.125     5.0872   481.3579 2.3851e-01     0.1824    95.5432     6.0111     6.1109    32.2235    32.2225    24.4170    24.4170    6.14571 0.0000e+00
       7661     29.536    12.0885    12.0842   3.723172   3.722643     2.1864     2.5885      8.127     5.0872   481.3579 2.4581e-01     0.1824    95.5432     6.0102     6.1108    32.2237    32.2223    24.4171    24.4168    6.14570 0.0000e+00
       7664     29.649    12.0886    12.0843   3.723162   3.722652     2.1868     2.5885      8.127     5.0974   276.4617 2.2745e-01     0.1824    95.5432     6.0127     6.1102    32.2234    32.2222    24.4169    24.4167    6.14569 0.0000e+00
       7667     29.767    12.0887    12.0842   3.723187   3.722674     2.1868     2.5885      8.125     5.0872    -2.8130 2.2588e-01     0.1806    95.5866     6.0142     6.1105    32.2235    32.2224    24.4170    24.4170    6.14568 0.0000e+00
       7670     29.889    12.0886    12.0845   3.723213   3.722715     2.1864     2.5894      8.125     5.0974     0.3453 2.1995e-01     0.1791    95.6214     6.0143     6.1134    32.2238    32.2225    24.4172    24.4170    6.14568 0.0000e+00
       7673     30.010    12.0888    12.0843   3.723218   3.722707     2.1872     2.5894      8.127     5.0872     0.7796 2.1945e-01     0.1791    95.6214     6.0171     6.1141    32.2236    32.2226    24.4170    24.4170    6.14566 0.0000e+00
       7676     30.134    12.0887    12.0845   3.723246   3.722706     2.1864     2.5898      8.125     5.0872     0.7401 2.1027e-01     0.1791    95.6214     6.0150     6.1163    32.2239    32.2224    24.4173    24.4169    6.14566 0.0000e+00
       7679     30.261    12.0888    12.0845   3.723225   3.722701     2.1876     2.5898      8.124     5.0771     0.7401 2.1970e-01     0.1791    95.6214     6.0210     6.1168    32.2236    32.2223    24.4170    24.4168    6.14566 0.0000e+00
       7682     30.386    12.0891    12.0845   3.723247   3.722696     2.1876     2.5898      8.124     4.9956     0.7401 2.1769e-01     0.1791    95.6214     6.0208     6.1178    32.2235    32.2222    24.4169    24.4166    6.14563 0.0000e+00
       7685     30.515    12.0890    12.0846   3.723296   3.722735     2.1876     2.5898      8.124     4.8329     0.7401 2.0426e-01     0.1791    95.6214     6.0217     6.1189    32.2240    32.2224    24.4173    24.4168    6.14562 0.0000e+00
       7688     30.649    12.0893    12.0846   3.723291   3.722720     2.1880     2.5898      8.127     4.8430     0.7401 2.0285e-01     0.1802    95.5953     6.0248     6.1191    32.2237    32.2222    24.4170    24.4167    6.14560 0.0000e+00
       7691     30.779    12.0889    12.0846   3.723260   3.722736     2.1880     2.5906      8.125     4.8430   336.9831 2.0056e-01     0.1802    95.5953     6.0250     6.1212    32.2236    32.2223    24.4170    24.4168    6.14565 0.0000e+00
       7694     30.909    12.0889    12.0845   3.723277   3.722747     2.1876     2.5902      8.124     4.8227   482.1080 1.9707e-01     0.1802    95.5953     6.0223     6.1197    32.2237    32.2224    24.4171    24.4169    6.14564 0.0000e+00
       7697     31.041    12.0889    12.0847   3.723311   3.722760     2.1868     2.5910      8.127     4.8329   481.0421 1.9753e-01     0.1802    95.5953     6.0184     6.1222    32.2240    32.2224    24.4173    24.4168    6.14564 0.0000e+00
       7700     31.173    12.0890    12.0847   3.723332   3.722747     2.1884     2.5910      8.127     4.8430   481.3579 1.9301e-01     0.1806    95.5866     6.0237     6.1216    32.2241    32.2221    24.4174    24.4166    6.14562 0.0000e+00
       7703     31.307    12.0894    12.0847   3.723306   3.722754     2.1889     2.5910      8.127     4.8430   481.3579 1.8885e-01     0.1802    95.5953     6.0244     6.1215    32.2234    32.2222    24.4167    24.4166    6.14559 0.0000e+00
       7706     31.437    12.0892    12.0849   3.723351   3.722794     2.1880     2.5922      8.127     4.8430   481.3579 1.8773e-01     0.1813    95.5692     6.0218     6.1245    32.2240    32.2224    24.4172    24.4168    6.14560 0.0000e+00
       7709     31.563    12.0896    12.0849   3.723420   3.722854     2.1893     2.5922      8.122     4.7413   481.3579 1.7885e-01     0.1817    95.5605     6.0271     6.1241    32.2243    32.2228    24.4173    24.4171    6.14553 0.0000e+00
       7712     31.691    12.0897    12.0849   3.723451   3.722877     2.1897     2.5918      8.124     4.6701   481.3579 1.7357e-01     0.1813    95.5692     6.0289     6.1225    32.2245    32.2230    24.4175    24.4173    6.14552 0.0000e+00
       7715     31.816    12.0896    12.0853   3.723471   3.722911     2.1884     2.5922      8.125     4.6803   456.8414 1.6647e-01     0.1813    95.5692     6.0245     6.1228    32.2246    32.2230    24.4177    24.4172    6.14552 0.0000e+00
       7718     31.932    12.0898    12.0853   3.723491   3.722918     2.1884     2.5922      8.125     4.6803    34.4157 1.6744e-01     0.1813    95.5692     6.0250     6.1223    32.2246    32.2230    24.4176    24.4172    6.14549 0.0000e+00
       7721     32.046    12.0899    12.0854   3.723506   3.722902     2.1884     2.5922      8.124     4.7006    -2.1813 1.6801e-01     0.1813    95.5692     6.0249     6.1212    32.2246    32.2227    24.4176    24.4170    6.14548 0.0000e+00
       7724     32.157    12.0900    12.0854   3.723520   3.722936     2.1889     2.5918      8.127     4.6904    -0.2469 1.6269e-01     0.1817    95.5605     6.0247     6.1199    32.2246    32.2230    24.4175    24.4172    6.14547 0.0000e+00
       7727     32.260    12.0899    12.0854   3.723498   3.722984     2.1889     2.5922      8.127     4.6904    -0.3258 1.6135e-01     0.1806    95.5866     6.0263     6.1209    32.2245    32.2234    24.4175    24.4175    6.14549 0.0000e+00
       7730     32.359    12.0898    12.0854   3.723502   3.722991     2.1893     2.5922      8.125     4.6904    -0.3258 1.6236e-01     0.1780    95.6475     6.0296     6.1206    32.2245    32.2234    24.4175    24.4175    6.14549 0.0000e+00
       7733     32.453    12.0897    12.0854   3.723524   3.722942     2.1897     2.5930      8.125     4.6803    -0.3258 1.5789e-01     0.1780    95.6475     6.0303     6.1226    32.2249    32.2229    24.4178    24.4171    6.14550 0.0000e+00
       7736     32.538    12.0898    12.0853   3.723560   3.722959     2.1897     2.5926      8.125     4.7006    -0.3258 1.5298e-01     0.1780    95.6475     6.0309     6.1215    32.2250    32.2232    24.4179    24.4173    6.14548 0.0000e+00
       7739     32.618    12.0902    12.0854   3.723577   3.722961     2.1893     2.5926      8.125     4.7311    -0.3258 1.5299e-01     0.1787    95.6301     6.0293     6.1211    32.2248    32.2230    24.4176    24.4172    6.14543 0.0000e+00
       7742     32.692    12.0899    12.0855   3.723564   3.722950     2.1905     2.5934      8.125     4.7209     0.1874 1.4881e-01     0.1787    95.6301     6.0320     6.1242    32.2249    32.2229    24.4178    24.4170    6.14547 0.0000e+00
       7745     32.759    12.0900    12.0854   3.723553   3.722982     2.1901     2.5922      8.125     4.7311     1.8455 1.4778e-01     0.1784    95.6388     6.0289     6.1206    32.2247    32.2232    24.4176    24.4173    6.14546 0.0000e+00
       7748     32.819    12.0901    12.0855   3.723545   3.722979     2.1897     2.5938      8.125     4.7209     1.8060 1.4599e-01     0.1813    95.5692     6.0262     6.1241    32.2245    32.2230    24.4174    24.4171    6.14546 0.0000e+00
       7751     32.870    12.0900    12.0857   3.723555   3.723020     2.1913     2.5930      8.124     4.7108     1.8060 1.3724e-01     0.1824    95.5432     6.0327     6.1213    32.2247    32.2233    24.4176    24.4173    6.14547 0.0000e+00
       7754     32.916    12.0900    12.0857   3.723544   3.722995     2.1909     2.5934      8.127     4.7108     1.8060 1.4575e-01     0.1824    95.5432     6.0319     6.1220    32.2246    32.2230    24.4175    24.4171    6.14547 0.0000e+00
       7757     32.954    12.0902    12.0858   3.723549   3.722908     2.1897     2.5922      8.125     4.7311     1.8060 1.4570e-01     0.1824    95.5432     6.0281     6.1181    32.2244    32.2220    24.4174    24.4163    6.14545 0.0000e+00
       7760     32.986    12.0903    12.0857   3.723541   3.722984     2.1901     2.5934      8.127     4.7108     1.8060 1.4134e-01     0.1824    95.5432     6.0283     6.1215    32.2243    32.2228    24.4172    24.4170    6.14544 0.0000e+00
       7763     33.012    12.0903    12.0857   3.723553   3.723010     2.1901     2.5930      8.122     4.7108     1.8060 1.4275e-01     0.1824    95.5432     6.0254     6.1194    32.2244    32.2231    24.4173    24.4171    6.14544 0.0000e+00
       7802     33.145    12.0905    12.0857   3.723589   3.722974     2.1880     2.5902      8.127     4.5683     5.8329 1.5124e-01     0.1835    95.5171     6.0012     6.0878    32.2245    32.2227    24.4174    24.4169    6.14541 0.0000e+00
       7805     33.171    12.0903    12.0856   3.723565   3.722970     2.1876     2.5889      8.124     4.5582     5.8329 1.5383e-01     0.1835    95.5171     6.0012     6.0855    32.2244    32.2227    24.4174    24.4169    6.14544 0.0000e+00
       7808     33.203    12.0902    12.0855   3.723583   3.722985     2.1880     2.5889      8.127     4.5582     5.8329 1.5177e-01     0.1831    95.5258     6.0032     6.0875    32.2246    32.2229    24.4175    24.4171    6.14544 0.0000e+00
       7811     33.245    12.0902    12.0857   3.723570   3.722996     2.1876     2.5889      8.125     4.5378     5.8329 1.4590e-01     0.1813    95.5692     6.0023     6.0903    32.2245    32.2229    24.4175    24.4170    6.14545 0.0000e+00
       7814     33.294    12.0903    12.0858   3.723585   3.723019     2.1876     2.5877      8.122     4.5988     5.8329 1.5106e-01     0.1813    95.5692     6.0042     6.0892    32.2246    32.2230    24.4175    24.4171    6.14544 0.0000e+00
       7817     33.354    12.0900    12.0859   3.723588   3.723019     2.1880     2.5885      8.124     4.6192     5.8329 1.4659e-01     0.1813    95.5692     6.0088     6.0938    32.2248    32.2229    24.4177    24.4170    6.14546 0.0000e+00
       7820     33.421    12.0901    12.0858   3.723601   3.723050     2.1880     2.5885      8.124     4.6090    57.7084 1.4373e-01     0.1813    95.5692     6.0113     6.0969    32.2248    32.2232    24.4177    24.4173    6.14544 0.0000e+00
       7823     33.501    12.0901    12.0857   3.723613   3.723032     2.1876     2.5873      8.124     4.6192   463.1186 1.3884e-01     0.1813    95.5692     6.0110     6.0956    32.2249    32.2230    24.4178    24.4172    6.14544 0.0000e+00
       7826     33.589    12.0901    12.0857   3.723603   3.723020     2.1868     2.5873      8.122     4.6293   481.5948 1.4682e-01     0.1813    95.5692     6.0077     6.0994    32.2247    32.2229    24.4176    24.4170    6.14545 0.0000e+00
       7829     33.683    12.0902    12.0858   3.723630   3.723061     2.1860     2.5885      8.124     4.6192   481.2395 1.4088e-01     0.1824    95.5432     6.0046     6.1056    32.2249    32.2232    24.4178    24.4173    6.14543 0.0000e+00
       7832     33.792    12.0902    12.0857   3.723644   3.723029     2.1868     2.5881      8.122     4.6090   481.3579 1.3630e-01     0.1824    95.5432     6.0069     6.1063    32.2250    32.2230    24.4179    24.4171    6.14543 0.0000e+00
       7835     33.913    12.0904    12.0857   3.723665   3.723060     2.1872     2.5885      8.122     4.6293   481.3579 1.3059e-01     0.1824    95.5432     6.0081     6.1089    32.2250    32.2232    24.4178    24.4173    6.14541 0.0000e+00
       7838     34.043    12.0905    12.0860   3.723657   3.723097     2.1880     2.5881      8.124     4.5988   481.3579 1.2749e-01     0.1824    95.5432     6.0104     6.1080    32.2248    32.2232    24.4176    24.4172    6.14540 0.0000e+00
