Datasets/AZMP/HUD120/hud120_2020_025.cnv
* Sea-Bird SBE 9 Data File:
* FileName = C:\CTDDATA\hud120_2020_025.hex
* Software Version Seasave V 7.26.7.110
* Temperature SN = 1697
* Conductivity SN = 4216
* Number of Bytes Per Scan = 30
* Number of Voltage Words = 4
* Number of Scans Averaged by the Deck Unit = 1
* NMEA baud rate = 4800
** VESSEL/TRIP/SEQ STN:  hud120_2020_025
** LATITUDE XX XX.XX: 44 00.00 N
** LONGITUDE XX XX.XX: 050 48.50 W
** SOUNDING DEPTH (M): 0072
** PROBE TYPE: S1146
** CTD NUMBER: 015
** FORMAT: V
** COMMENTS (14 CHAR): SEGB-11
** BOTTLES:  7
** LEVELS: 5,10,20,30,40,50,BTM
** STICKERS: 439609 - 439615
** VNET: Y
** DO2: N
# nquan = 22
# nvalues = 1329                        
# units = specified
# name 0 = scan: Scan Count
# name 1 = prDM: Pressure, Digiquartz [db]
# name 2 = t090C: Temperature [ITS-90, deg C]
# name 3 = t190C: Temperature, 2 [ITS-90, deg C]
# name 4 = c0S/m: Conductivity [S/m]
# name 5 = c1S/m: Conductivity, 2 [S/m]
# name 6 = sbeox0V: Oxygen raw, SBE 43 [V]
# name 7 = sbeox1V: Oxygen raw, SBE 43, 2 [V]
# name 8 = ph: pH
# name 9 = flECO-AFL: Fluorescence, WET Labs ECO-AFL/FL [mg/m^3]
# name 10 = wetCDOM: Fluorescence, WET Labs CDOM [mg/m^3]
# name 11 = par/sat/log: PAR/Logarithmic, Satlantic [umol photons/m^2/sec]
# name 12 = CStarAt0: Beam Attenuation, WET Labs C-Star [1/m]
# name 13 = CStarTr0: Beam Transmission, WET Labs C-Star [%]
# name 14 = sbeox0ML/L: Oxygen, SBE 43 [ml/l], WS = 2
# name 15 = sbeox1ML/L: Oxygen, SBE 43, 2 [ml/l], WS = 2
# name 16 = sal00: Salinity, Practical [PSU]
# name 17 = sal11: Salinity, Practical, 2 [PSU]
# name 18 = sigma-t00: Density [sigma-t, kg/m^3 ]
# name 19 = sigma-t11: Density, 2 [sigma-t, kg/m^3 ]
# name 20 = oxsatML/L: Oxygen Saturation, Weiss [ml/l]
# name 21 = flag: flag
# span 0 =        100,      23768       
# span 1 =      2.358,     68.523       
# span 2 =     2.8811,    11.2754       
# span 3 =     2.8756,    11.2714       
# span 4 =   2.951703,   3.638118       
# span 5 =   2.951326,   3.637682       
# span 6 =     2.0737,     2.2301       
# span 7 =     2.4277,     2.6514       
# span 8 =      7.966,      8.138       
# span 9 =     1.7397,     6.0945       
# span 10 =    -2.8130,   482.1870      
# span 11 = 1.0678e-01, 6.8866e+02      
# span 12 =     0.1736,     0.9773      
# span 13 =    78.3237,    95.7518      
# span 14 =     5.7240,     7.9125      
# span 15 =     5.3980,     8.4484      
# span 16 =    31.9551,    32.5540      
# span 17 =    32.0884,    32.5652      
# span 18 =    24.4782,    25.9286      
# span 19 =    24.4785,    25.9377      
# span 20 =    6.25824,    7.59395      
# span 21 = 0.0000e+00, 0.0000e+00      
# interval = scans: 3                   
# start_time = Nov 18 2020 17:20:19 [System UTC, header]
# bad_flag = -9.990e-29
*END*
[from data line 922]
       8631     41.793    10.5607    10.6002   3.585396   3.589981     2.1955     2.6204      8.039     2.3909   480.9237 2.2209e+00     0.2032    95.0477     6.2116     6.3182    32.2012    32.2121    24.6729    24.6747    6.35267 0.0000e+00
       8634     41.573    10.6044    10.6645   3.594607   3.598165     2.1951     2.6180      8.039     2.3807   481.1211 2.2572e+00     0.2032    95.0477     6.2022     6.2968    32.2545    32.2370    24.7070    24.6830    6.34446 0.0000e+00
       8637     41.353    10.7266    10.7502   3.600223   3.603639     2.1939     2.6168      8.039     2.6249   481.1211 2.2940e+00     0.2032    95.0477     6.1838     6.2779    32.2028    32.2160    24.6457    24.6518    6.32961 0.0000e+00
       8640     41.132    10.6365    10.8031   3.590410   3.608566     2.1934     2.6143      8.039     2.7063   481.1211 2.3342e+00     0.2032    95.0477     6.1954     6.2606    32.1846    32.2185    24.6471    24.6446    6.34281 0.0000e+00
       8643     40.908    10.7123    10.8471   3.606076   3.610942     2.1926     2.6119      8.042     2.6859   481.1606 2.3722e+00     0.1860    95.4563     6.1804     6.2468    32.2738    32.2034    24.7034    24.6252    6.32876 0.0000e+00
       8646     40.683    10.8305    10.8659   3.608429   3.612659     2.1926     2.6115      8.043     2.7165   481.1606 2.4277e+00     0.1795    95.6127     6.1699     6.2422    32.1932    32.2040    24.6202    24.6224    6.31568 0.0000e+00
       8649     40.461    10.7959    10.8630   3.605008   3.611329     2.1918     2.6103      8.043     2.6859   481.1211 2.4816e+00     0.1791    95.6214     6.1735     6.2399    32.1897    32.1935    24.6235    24.6147    6.32057 0.0000e+00
       8652     40.245    10.8546    10.8448   3.613423   3.609317     2.1910     2.6078      8.043     2.6961   481.1211 2.5309e+00     0.1795    95.6127     6.1635     6.2362    32.2217    32.1895    24.6382    24.6149    6.31123 0.0000e+00
       8655     40.033    10.9008    10.8078   3.612642   3.608051     2.1906     2.6058      8.046     2.7063   481.1211 2.5931e+00     0.1798    95.6040     6.1605     6.2372    32.1735    32.2096    24.5926    24.6369    6.30681 0.0000e+00
       8658     39.822    10.8492    10.8978   3.611431   3.617603     2.1906     2.6033      8.048     2.6859   481.1211 2.6416e+00     0.1791    95.6214     6.1683     6.2199    32.2068    32.2253    24.6275    24.6335    6.31256 0.0000e+00
       8661     39.617    10.9293    10.9253   3.619846   3.617775     2.1898     2.6009      8.047     2.7266   481.1211 2.7096e+00     0.1798    95.6040     6.1554     6.2132    32.2199    32.2030    24.6237    24.6113    6.30105 0.0000e+00
       8664     39.413    10.9913    10.9257   3.622519   3.616803     2.1894     2.6005      8.049     2.9912   481.1211 2.7762e+00     0.1747    95.7257     6.1460     6.2152    32.1920    32.1930    24.5912    24.6034    6.29367 0.0000e+00
       8667     39.216    10.9699    10.9582   3.619550   3.620785     2.1894     2.5988      8.052     3.0115   481.1211 2.8313e+00     0.1743    95.7344     6.1486     6.2080    32.1815    32.2040    24.5867    24.6063    6.29702 0.0000e+00
       8670     39.025    10.9759    10.9883   3.621703   3.622766     2.1890     2.5972      8.050     3.0014   481.1211 2.8975e+00     0.1736    95.7518     6.1443     6.2022    32.1976    32.1972    24.5982    24.5957    6.29556 0.0000e+00
       8673     38.842    10.9878    11.0122   3.622488   3.624669     2.1885     2.5964      8.052     2.9912   481.1211 2.9482e+00     0.1740    95.7431     6.1399     6.2005    32.1950    32.1952    24.5941    24.5899    6.29403 0.0000e+00
       8676     38.668    10.9949    11.0197   3.621240   3.623968     2.1881     2.5940      8.052     3.0115   481.1211 3.0102e+00     0.1740    95.7431     6.1370     6.1971    32.1765    32.1817    24.5785    24.5782    6.29380 0.0000e+00
       8679     38.503    10.9560    10.9970   3.617900   3.621916     2.1881     2.5940      8.052     2.9912   481.1211 3.0735e+00     0.1740    95.7431     6.1409     6.2038    32.1777    32.1815    24.5862    24.5820    6.29907 0.0000e+00
       8682     38.346    10.9698    10.9348   3.620842   3.616128     2.1877     2.5927      8.053     2.9912   481.1211 3.1309e+00     0.1751    95.7170     6.1364     6.2116    32.1947    32.1789    24.5971    24.5908    6.29651 0.0000e+00
       8685     38.197    10.9813    10.8930   3.619570   3.613400     2.1865     2.5915      8.056     3.0217   481.1211 3.2005e+00     0.1762    95.6909     6.1310     6.2143    32.1721    32.1885    24.5775    24.6057    6.29583 0.0000e+00
       8688     38.056    10.9379    10.9086   3.616602   3.615262     2.1857     2.5899      8.057     3.2049   481.1211 3.2828e+00     0.1758    95.6996     6.1327     6.2069    32.1809    32.1934    24.5919    24.6067    6.30142 0.0000e+00
       8691     37.928    10.9431    10.9593   3.618149   3.620481     2.1853     2.5895      8.057     3.6933   481.1211 3.3597e+00     0.1762    95.6909     6.1289     6.1989    32.1918    32.2005    24.5994    24.6034    6.30029 0.0000e+00
       8694     37.814    10.9797    10.9863   3.620347   3.621321     2.1841     2.5879      8.056     3.6729   481.1211 3.4144e+00     0.1762    95.6909     6.1189     6.1914    32.1814    32.1852    24.5850    24.5868    6.29568 0.0000e+00
       8697     37.709    10.9992    10.9821   3.621906   3.620354     2.1841     2.5866      8.056     3.6627   481.1211 3.4742e+00     0.1758    95.6996     6.1162     6.1887    32.1798    32.1794    24.5803    24.5830    6.29309 0.0000e+00
       8700     37.616    10.9949    10.9740   3.621564   3.618891     2.1837     2.5862      8.056     3.6627   481.1211 3.5350e+00     0.1762    95.6909     6.1167     6.1901    32.1801    32.1721    24.5813    24.5787    6.29365 0.0000e+00
       8703     37.536    10.9835    10.8947   3.620034   3.611693     2.1833     2.5850      8.058     3.6627   344.7605 3.5885e+00     0.1795    95.6127     6.1193     6.1990    32.1751    32.1705    24.5794    24.5913    6.29541 0.0000e+00
       8706     37.468    10.9845    10.8199   3.619673   3.605646     2.1833     2.5838      8.059     3.6424     0.5822 3.6470e+00     0.1817    95.5605     6.1245     6.2084    32.1707    32.1762    24.5758    24.6088    6.29545 0.0000e+00
       8709     37.411    10.9382    10.8040   3.615637   3.605414     2.1824     2.5822      8.060     3.6525    10.9652 3.6852e+00     0.1813    95.5692     6.1341     6.2081    32.1714    32.1879    24.5844    24.6207    6.30176 0.0000e+00
       9598     37.367    11.0080    10.9218   3.621512   3.614049     2.1902     2.5927      8.081     4.0290     8.0043 3.7194e+00     0.1864    95.4475     6.1669     6.2449    32.1683    32.1701    24.5698    24.5862    6.29236 0.0000e+00
      11372     37.318    11.1423    11.1323   3.630406   3.629547     2.2077     2.6156      8.121     4.7616     2.8720 3.7108e+00     0.1955    95.2302     6.2310     6.3220    32.1386    32.1388    24.5230    24.5250    6.27521 0.0000e+00
      11375     37.263    11.1398    11.1322   3.630199   3.629491     2.2077     2.6156      8.121     4.7820    10.3730 3.7237e+00     0.1959    95.2215     6.2311     6.3228    32.1387    32.1384    24.5236    24.5247    6.27555 0.0000e+00
      11378     37.199    11.1392    11.1320   3.630288   3.629519     2.2085     2.6164      8.121     4.7820    15.0315 3.7194e+00     0.1959    95.2215     6.2338     6.3252    32.1401    32.1389    24.5247    24.5251    6.27557 0.0000e+00
      11381     37.126    11.1421    11.1334   3.630605   3.629670     2.2081     2.6164      8.121     4.7820    14.8341 3.7194e+00     0.1962    95.2129     6.2320     6.3245    32.1408    32.1392    24.5248    24.5251    6.27515 0.0000e+00
      11384     37.042    11.1488    11.1358   3.631277   3.629916     2.2085     2.6156      8.121     4.7515    14.8341 3.7237e+00     0.1962    95.2129     6.2315     6.3220    32.1416    32.1395    24.5242    24.5249    6.27421 0.0000e+00
      11387     36.947    11.1547    11.1424   3.631726   3.630678     2.2089     2.6168      8.121     4.6497    14.8341 3.7410e+00     0.1959    95.2215     6.2311     6.3247    32.1408    32.1413    24.5226    24.5251    6.27343 0.0000e+00
      11390     36.841    11.1580    11.1503   3.631941   3.631261     2.2089     2.6164      8.121     4.6497    14.8341 3.7671e+00     0.1977    95.1781     6.2299     6.3230    32.1402    32.1402    24.5215    24.5228    6.27302 0.0000e+00
      11393     36.733    11.1598    11.1542   3.632034   3.631491     2.2089     2.6160      8.121     4.6497    14.8341 3.8108e+00     0.1981    95.1694     6.2283     6.3220    32.1395    32.1390    24.5206    24.5213    6.27279 0.0000e+00
      11396     36.624    11.1602    11.1556   3.631996   3.631570     2.2089     2.6160      8.121     4.6497    14.8341 3.8462e+00     0.1988    95.1520     6.2264     6.3236    32.1389    32.1386    24.5201    24.5207    6.27277 0.0000e+00
      11399     36.504    11.1591    11.1555   3.631878   3.631484     2.2089     2.6168      8.121     4.6497    19.3347 3.8685e+00     0.1981    95.1694     6.2265     6.3265    32.1387    32.1380    24.5202    24.5202    6.27293 0.0000e+00
      11402     36.374    11.1586    11.1532   3.631828   3.631174     2.2093     2.6160      8.121     4.6395   424.4292 3.9317e+00     0.1977    95.1781     6.2253     6.3244    32.1387    32.1370    24.5202    24.5199    6.27300 0.0000e+00
      11405     36.237    11.1558    11.1466   3.631486   3.630606     2.2093     2.6168      8.121     4.6497   481.4764 3.9820e+00     0.1984    95.1607     6.2238     6.3300    32.1379    32.1372    24.5201    24.5212    6.27341 0.0000e+00
      11408     36.097    11.1549    11.1446   3.631700   3.630544     2.2089     2.6168      8.121     4.6497   480.8842 4.0376e+00     0.1984    95.1607     6.2211     6.3303    32.1408    32.1384    24.5224    24.5225    6.27341 0.0000e+00
      11411     35.956    11.1622    11.1438   3.632401   3.630510     2.2093     2.6168      8.121     4.5174   481.0816 4.1083e+00     0.1981    95.1694     6.2210     6.3300    32.1413    32.1388    24.5216    24.5230    6.27240 0.0000e+00
      11414     35.815    11.1670    11.1490   3.632810   3.631249     2.2085     2.6172      8.121     4.3750   481.0816 4.1608e+00     0.1977    95.1781     6.2174     6.3301    32.1412    32.1416    24.5208    24.5242    6.27175 0.0000e+00
      11417     35.671    11.1710    11.1596   3.633115   3.632159     2.2089     2.6176      8.121     4.4055   481.0816 4.2238e+00     0.1977    95.1781     6.2169     6.3291    32.1408    32.1414    24.5196    24.5221    6.27122 0.0000e+00
      11420     35.520    11.1735    11.1651   3.633307   3.632457     2.2093     2.6180      8.121     4.4157   481.1211 4.2779e+00     0.1973    95.1868     6.2174     6.3277    32.1406    32.1396    24.5191    24.5198    6.27090 0.0000e+00
      11423     35.370    11.1747    11.1684   3.633411   3.632782     2.2098     2.6180      8.121     4.4055   481.1211 4.3477e+00     0.1977    95.1781     6.2184     6.3260    32.1406    32.1400    24.5188    24.5195    6.27072 0.0000e+00
      11426     35.217    11.1757    11.1705   3.633483   3.632917     2.2077     2.6180      8.121     4.3953   481.1211 4.4034e+00     0.1977    95.1781     6.2105     6.3244    32.1406    32.1395    24.5186    24.5188    6.27060 0.0000e+00
      11429     35.067    11.1766    11.1714   3.633532   3.632986     2.2085     2.6188      8.121     4.4259   481.0816 4.4856e+00     0.1981    95.1694     6.2145     6.3253    32.1403    32.1395    24.5183    24.5185    6.27048 0.0000e+00
      11432     34.917    11.1769    11.1721   3.633498   3.633012     2.2089     2.6180      8.121     4.3953   481.1211 4.5641e+00     0.2010    95.0998     6.2163     6.3218    32.1398    32.1391    24.5178    24.5181    6.27046 0.0000e+00
      11435     34.768    11.1764    11.1720   3.633460   3.632990     2.2089     2.6180      8.121     4.4055   481.1211 4.6332e+00     0.2010    95.0998     6.2168     6.3199    32.1399    32.1391    24.5179    24.5182    6.27052 0.0000e+00
      11438     34.620    11.1764    11.1718   3.633428   3.632954     2.2085     2.6172      8.121     4.1308   481.0816 4.7471e+00     0.2010    95.0998     6.2168     6.3153    32.1396    32.1390    24.5178    24.5181    6.27053 0.0000e+00
      11441     34.474    11.1763    11.1722   3.633473   3.633032     2.2089     2.6180      8.121     4.0596   481.1211 4.8134e+00     0.2010    95.0998     6.2180     6.3156    32.1402    32.1394    24.5183    24.5184    6.27053 0.0000e+00
      11444     34.328    11.1782    11.1734   3.633682   3.633104     2.2081     2.6172      8.121     4.0596   481.1211 4.8806e+00     0.2010    95.0998     6.2165     6.3116    32.1407    32.1392    24.5183    24.5180    6.27025 0.0000e+00
      11447     34.185    11.1803    11.1739   3.633782   3.633137     2.2085     2.6180      8.121     4.0596   481.0816 4.9603e+00     0.2010    95.0998     6.2194     6.3129    32.1399    32.1392    24.5173    24.5179    6.26999 0.0000e+00
      11450     34.047    11.1807    11.1748   3.633810   3.633256     2.2089     2.6176      8.121     4.0698   481.1211 5.0295e+00     0.2010    95.0998     6.2221     6.3108    32.1399    32.1396    24.5172    24.5180    6.26995 0.0000e+00
      11453     33.919    11.1804    11.1761   3.633754   3.633351     2.2089     2.6180      8.121     4.0596   276.6591 5.1116e+00     0.2021    95.0738     6.2228     6.3125    32.1397    32.1395    24.5171    24.5177    6.27000 0.0000e+00
      11456     33.795    11.1798    11.1770   3.633665   3.633427     2.2089     2.6176      8.121     4.0596     0.8191 5.1710e+00     0.2014    95.0911     6.2238     6.3120    32.1394    32.1395    24.5170    24.5176    6.27009 0.0000e+00
      11459     33.684    11.1793    11.1777   3.633687   3.633465     2.2089     2.6172      8.121     4.0698    10.5309 5.2071e+00     0.2014    95.0911     6.2249     6.3122    32.1400    32.1393    24.5176    24.5173    6.27012 0.0000e+00
      11462     33.591    11.1811    11.1772   3.633918   3.633358     2.2093     2.6168      8.121     4.1003    10.0966 5.2798e+00     0.2017    95.0825     6.2277     6.3123    32.1407    32.1386    24.5178    24.5169    6.26985 0.0000e+00
      11465     33.504    11.1827    11.1753   3.634008   3.633232     2.2093     2.6168      8.121     4.4055    10.0966 5.3165e+00     0.2021    95.0738     6.2283     6.3135    32.1403    32.1392    24.5172    24.5176    6.26965 0.0000e+00
      11468     33.429    11.1830    11.1753   3.634010   3.633238     2.2098     2.6160      8.121     4.4157    10.0966 5.3597e+00     0.2014    95.0911     6.2298     6.3127    32.1401    32.1392    24.5170    24.5177    6.26963 0.0000e+00
      11471     33.359    11.1833    11.1753   3.634030   3.633192     2.2093     2.6168      8.121     4.3953    10.0966 5.3721e+00     0.2036    95.0390     6.2277     6.3159    32.1400    32.1388    24.5169    24.5173    6.26959 0.0000e+00
      11474     33.282    11.1836    11.1750   3.634049   3.633205     2.2098     2.6168      8.121     4.4259    10.0966 5.4158e+00     0.2043    95.0216     6.2296     6.3174    32.1400    32.1392    24.5168    24.5177    6.26955 0.0000e+00
      11477     33.203    11.1831    11.1750   3.633964   3.633248     2.2106     2.6168      8.121     4.4157    10.0966 5.4724e+00     0.2047    95.0129     6.2331     6.3184    32.1396    32.1397    24.5166    24.5181    6.26963 0.0000e+00
      11480     33.131    11.1823    11.1754   3.633882   3.633241     2.2102     2.6172      8.121     4.4259     8.4780 5.5169e+00     0.2043    95.0216     6.2311     6.3200    32.1395    32.1393    24.5167    24.5177    6.26974 0.0000e+00
