Datasets/AZMP/HUD120/hud120_2020_012.cnv
* Sea-Bird SBE 9 Data File:
* FileName = C:\CTDDATA\hud120_2020_012.hex
* Software Version Seasave V 7.26.7.110
* Temperature SN = 1697
* Conductivity SN = 4216
* Number of Bytes Per Scan = 30
* Number of Voltage Words = 4
* Number of Scans Averaged by the Deck Unit = 1
* NMEA baud rate = 4800
** VESSEL/TRIP/SEQ STN:  hud120_2020_012
** LATITUDE XX XX.XX: 47 32.80 N
** LONGITUDE XX XX.XX: 052 35.20 W
** SOUNDING DEPTH (M): 0178
** PROBE TYPE: S1146
** CTD NUMBER: 004
** FORMAT: V
** COMMENTS (14 CHAR): S27-01
** BOTTLES:  10
** LEVELS: 5,10,20,30,40,50,75,100,150,BTM
** STICKERS: 439537 - 439546
** VNET: Y
** DO2: N
# nquan = 22
# nvalues = 3433                        
# units = specified
# name 0 = scan: Scan Count
# name 1 = prDM: Pressure, Digiquartz [db]
# name 2 = t090C: Temperature [ITS-90, deg C]
# name 3 = t190C: Temperature, 2 [ITS-90, deg C]
# name 4 = c0S/m: Conductivity [S/m]
# name 5 = c1S/m: Conductivity, 2 [S/m]
# name 6 = sbeox0V: Oxygen raw, SBE 43 [V]
# name 7 = sbeox1V: Oxygen raw, SBE 43, 2 [V]
# name 8 = ph: pH
# name 9 = flECO-AFL: Fluorescence, WET Labs ECO-AFL/FL [mg/m^3]
# name 10 = wetCDOM: Fluorescence, WET Labs CDOM [mg/m^3]
# name 11 = par/sat/log: PAR/Logarithmic, Satlantic [umol photons/m^2/sec]
# name 12 = CStarAt0: Beam Attenuation, WET Labs C-Star [1/m]
# name 13 = CStarTr0: Beam Transmission, WET Labs C-Star [%]
# name 14 = sbeox0ML/L: Oxygen, SBE 43 [ml/l], WS = 2
# name 15 = sbeox1ML/L: Oxygen, SBE 43, 2 [ml/l], WS = 2
# name 16 = sal00: Salinity, Practical [PSU]
# name 17 = sal11: Salinity, Practical, 2 [PSU]
# name 18 = sigma-t00: Density [sigma-t, kg/m^3 ]
# name 19 = sigma-t11: Density, 2 [sigma-t, kg/m^3 ]
# name 20 = oxsatML/L: Oxygen Saturation, Weiss [ml/l]
# name 21 = flag: flag
# span 0 =         31,      40815       
# span 1 =      1.378,    177.749       
# span 2 =    -0.6417,     5.8161       
# span 3 =    -0.6469,     5.8116       
# span 4 =   2.690721,   3.091386       
# span 5 =   2.690388,   3.091061       
# span 6 =     1.8988,     2.2342       
# span 7 =     2.2371,     2.6535       
# span 8 =      7.867,      8.049       
# span 9 =     1.0071,     3.3168       
# span 10 =    -2.8130,   482.1870      
# span 11 = 1.0678e-01, 7.3627e-01      
# span 12 =     0.0352,     0.6669      
# span 13 =    84.6430,    99.1244      
# span 14 =     6.5222,     7.8303      
# span 15 =     6.5579,     7.9593      
# span 16 =    31.1642,    33.2923      
# span 17 =    30.6386,    33.2942      
# span 18 =    24.5510,    26.7391      
# span 19 =    24.1364,    26.7409      
# span 20 =    7.12275,    8.30937      
# span 21 = 0.0000e+00, 0.0000e+00      
# interval = scans: 3                   
# start_time = Nov 17 2020 02:00:35 [System UTC, header]
# bad_flag = -9.990e-29
*END*
[from data line 3161]
      32255     24.626     5.7635     5.7561   3.090298   3.089721     2.2187     2.6279      8.046     2.4010   481.2790 1.0715e-01     0.0821    97.9683     7.1748     7.2698    31.3198    31.3202    24.6735    24.6746    7.13044 0.0000e+00
      32284     24.600     5.7677     5.7583   3.090324   3.089773     2.2203     2.6303      8.048     2.4417   324.8235 1.0715e-01     0.0839    97.9248     7.1767     7.2762    31.3162    31.3187    24.6702    24.6732    7.12989 0.0000e+00
      32340     24.569     5.7767     5.7625   3.090394   3.089829     2.2236     2.6352      8.046     2.7775   365.9212 1.0715e-01     0.0874    97.8379     7.1787     7.2868    31.3085    31.3154    24.6631    24.6701    7.12870 0.0000e+00
      32343     24.538     5.7749     5.7647   3.090353   3.089922     2.2244     2.6348      8.048     2.8080   482.0291 1.0715e-01     0.0874    97.8379     7.1813     7.2867    31.3098    31.3145    24.6643    24.6692    7.12895 0.0000e+00
      32346     24.503     5.7754     5.7648   3.090343   3.089891     2.2240     2.6356      8.048     2.8080   480.9631 1.0715e-01     0.0874    97.8379     7.1755     7.2898    31.3093    31.3140    24.6638    24.6688    7.12889 0.0000e+00
      32349     24.471     5.7743     5.7655   3.090330   3.089923     2.2236     2.6356      8.048     2.8182   481.2790 1.0715e-01     0.0864    97.8640     7.1726     7.2902    31.3101    31.3138    24.6646    24.6685    7.12904 0.0000e+00
      32352     24.435     5.7735     5.7663   3.090284   3.089909     2.2240     2.6356      8.046     2.8182   481.2395 1.0715e-01     0.0853    97.8901     7.1738     7.2904    31.3104    31.3129    24.6649    24.6677    7.12916 0.0000e+00
      32355     24.401     5.7727     5.7667   3.090294   3.089935     2.2228     2.6365      8.048     2.8284   481.3184 1.0715e-01     0.0853    97.8901     7.1685     7.2941    31.3113    31.3128    24.6657    24.6676    7.12926 0.0000e+00
      32358     24.364     5.7709     5.7670   3.090253   3.089915     2.2240     2.6365      8.048     2.8080   481.2790 1.0715e-01     0.0853    97.8901     7.1739     7.2936    31.3125    31.3123    24.6668    24.6672    7.12951 0.0000e+00
      32361     24.324     5.7701     5.7674   3.090249   3.089909     2.2249     2.6360      8.046     2.8080   481.3579 1.0715e-01     0.0853    97.8901     7.1780     7.2916    31.3132    31.3119    24.6675    24.6668    7.12961 0.0000e+00
      32364     24.285     5.7696     5.7674   3.090226   3.089918     2.2232     2.6377      8.048     2.7877   443.7739 1.0715e-01     0.0853    97.8901     7.1696     7.2966    31.3134    31.3120    24.6677    24.6669    7.12968 0.0000e+00
      32367     24.242     5.7667     5.7674   3.090205   3.089927     2.2240     2.6373      8.045     2.5944    27.0726 1.0715e-01     0.0853    97.8901     7.1729     7.2944    31.3159    31.3121    24.6701    24.6670    7.13007 0.0000e+00
      32370     24.202     5.7661     5.7675   3.090161   3.089915     2.2236     2.6369      8.048     2.6147     5.3986 1.0715e-01     0.0825    97.9596     7.1719     7.2912    31.3160    31.3119    24.6702    24.6668    7.13017 0.0000e+00
      32373     24.160     5.7651     5.7668   3.090138   3.089903     2.2232     2.6373      8.048     2.5944     7.0963 1.0715e-01     0.0814    97.9857     7.1721     7.2915    31.3167    31.3125    24.6709    24.6674    7.13031 0.0000e+00
      32376     24.120     5.7651     5.7645   3.090117   3.089887     2.2240     2.6377      8.048     2.6046     7.0173 1.0715e-01     0.0821    97.9683     7.1769     7.2930    31.3165    31.3145    24.6707    24.6692    7.13032 0.0000e+00
      32379     24.077     5.7651     5.7638   3.090173   3.089851     2.2240     2.6381      8.048     2.6046     7.0173 1.0715e-01     0.0817    97.9770     7.1754     7.2940    31.3171    31.3148    24.6711    24.6695    7.13028 0.0000e+00
      32382     24.036     5.7661     5.7638   3.090158   3.089839     2.2249     2.6381      8.046     2.6046     7.0173 1.0715e-01     0.0821    97.9683     7.1750     7.2933    31.3160    31.3146    24.6702    24.6694    7.13016 0.0000e+00
      32385     23.995     5.7673     5.7642   3.090194   3.089851     2.2240     2.6381      8.048     2.6249     7.0173 1.0715e-01     0.0825    97.9596     7.1721     7.2902    31.3153    31.3144    24.6695    24.6692    7.12999 0.0000e+00
      32388     23.955     5.7672     5.7645   3.090197   3.089863     2.2232     2.6381      8.048     2.5944     7.0173 1.0715e-01     0.0839    97.9248     7.1676     7.2875    31.3155    31.3143    24.6697    24.6690    7.13001 0.0000e+00
      32391     23.913     5.7668     5.7642   3.090219   3.089880     2.2240     2.6381      8.048     2.6147   143.0621 1.0715e-01     0.0924    97.7162     7.1701     7.2878    31.3162    31.3148    24.6703    24.6695    7.13004 0.0000e+00
      32394     23.877     5.7672     5.7641   3.090220   3.089856     2.2240     2.6381      8.046     2.6046   482.1870 1.0715e-01     0.0917    97.7336     7.1674     7.2871    31.3158    31.3146    24.6699    24.6693    7.12999 0.0000e+00
      32397     23.835     5.7678     5.7640   3.090218   3.089834     2.2249     2.6385      8.048     2.5944   480.8447 1.0715e-01     0.0917    97.7336     7.1696     7.2859    31.3152    31.3145    24.6694    24.6692    7.12991 0.0000e+00
      32400     23.790     5.7680     5.7631   3.090201   3.089836     2.2240     2.6393      8.048     2.6046   481.2790 1.0715e-01     0.0917    97.7336     7.1678     7.2864    31.3149    31.3153    24.6691    24.6700    7.12990 0.0000e+00
      32403     23.745     5.7689     5.7624   3.090223   3.089827     2.2236     2.6393      8.046     2.5944   481.2790 1.0715e-01     0.0917    97.7336     7.1674     7.2853    31.3143    31.3159    24.6686    24.6705    7.12977 0.0000e+00
      32406     23.699     5.7706     5.7628   3.090230   3.089850     2.2228     2.6381      8.046     2.6147   481.2790 1.0727e-01     0.0917    97.7336     7.1655     7.2809    31.3128    31.3158    24.6671    24.6704    7.12954 0.0000e+00
      32409     23.651     5.7705     5.7629   3.090242   3.089855     2.2236     2.6381      8.048     2.6046   481.2395 1.0715e-01     0.0889    97.8032     7.1701     7.2810    31.3131    31.3158    24.6673    24.6704    7.12955 0.0000e+00
      32412     23.601     5.7710     5.7633   3.090233   3.089837     2.2232     2.6381      8.045     2.5944   481.3184 1.0715e-01     0.0832    97.9422     7.1668     7.2814    31.3125    31.3153    24.6669    24.6700    7.12948 0.0000e+00
      32415     23.547     5.7694     5.7640   3.090216   3.089827     2.2232     2.6389      8.048     2.5944   481.3184 1.0715e-01     0.0832    97.9422     7.1676     7.2842    31.3139    31.3145    24.6682    24.6693    7.12971 0.0000e+00
      32418     23.487     5.7692     5.7644   3.090227   3.089838     2.2228     2.6385      8.048     2.6351   207.6892 1.0715e-01     0.0832    97.9422     7.1665     7.2828    31.3142    31.3143    24.6684    24.6690    7.12972 0.0000e+00
      32421     23.419     5.7684     5.7647   3.090258   3.089829     2.2240     2.6381      8.048     2.6554    -2.8130 1.0715e-01     0.0835    97.9335     7.1747     7.2798    31.3153    31.3140    24.6694    24.6688    7.12980 0.0000e+00
      32424     23.347     5.7666     5.7647   3.090223   3.089824     2.2240     2.6381      8.048     2.6656    -0.1679 1.0715e-01     0.0832    97.9422     7.1790     7.2797    31.3166    31.3139    24.6706    24.6687    7.13005 0.0000e+00
      32427     23.272     5.7653     5.7647   3.090202   3.089815     2.2244     2.6381      8.045     2.6656     0.0295 1.0715e-01     0.0832    97.9422     7.1804     7.2822    31.3177    31.3138    24.6716    24.6686    7.13023 0.0000e+00
      32430     23.194     5.7658     5.7648   3.090215   3.089837     2.2244     2.6385      8.046     2.6554     0.0295 1.0715e-01     0.0814    97.9857     7.1805     7.2853    31.3174    31.3141    24.6714    24.6688    7.13016 0.0000e+00
      32433     23.109     5.7672     5.7633   3.090247   3.089857     2.2232     2.6389      8.048     2.6757     0.0295 1.0715e-01     0.0803    98.0118     7.1757     7.2860    31.3164    31.3157    24.6704    24.6703    7.12996 0.0000e+00
      32436     23.018     5.7680     5.7612   3.090273   3.089867     2.2232     2.6393      8.048     2.6554     0.0295 1.0715e-01     0.0800    98.0205     7.1732     7.2885    31.3161    31.3178    24.6700    24.6722    7.12984 0.0000e+00
      32439     22.923     5.7682     5.7610   3.090298   3.089880     2.2244     2.6389      8.046     2.6859     0.0295 1.0715e-01     0.0803    98.0118     7.1763     7.2872    31.3162    31.3182    24.6701    24.6725    7.12980 0.0000e+00
      32442     22.820     5.7690     5.7627   3.090300   3.089694     2.2240     2.6389      8.048     2.6656     0.0295 1.0715e-01     0.0800    98.0205     7.1698     7.2885    31.3156    31.3145    24.6695    24.6694    7.12970 0.0000e+00
      32445     22.710     5.7703     5.7649   3.090435   3.090010     2.2244     2.6381      8.048     2.5435   402.8341 1.0715e-01     0.0803    98.0118     7.1679     7.2851    31.3159    31.3161    24.6696    24.6704    7.12946 0.0000e+00
      32448     22.602     5.7717     5.7657   3.090432   3.090016     2.2244     2.6385      8.046     2.5435   481.8712 1.0715e-01     0.0803    98.0118     7.1671     7.2853    31.3146    31.3155    24.6684    24.6698    7.12928 0.0000e+00
      32451     22.484     5.7713     5.7665   3.090404   3.090019     2.2232     2.6393      8.048     2.5536   481.0026 1.0715e-01     0.0849    97.8988     7.1618     7.2858    31.3147    31.3148    24.6685    24.6693    7.12933 0.0000e+00
      32454     22.356     5.7715     5.7669   3.090366   3.089986     2.2249     2.6389      8.046     2.5435   481.3184 1.0715e-01     0.0842    97.9162     7.1676     7.2831    31.3142    31.3141    24.6681    24.6687    7.12933 0.0000e+00
      32457     22.221     5.7717     5.7663   3.090318   3.089937     2.2240     2.6389      8.045     2.5536   481.3184 1.0715e-01     0.0842    97.9162     7.1627     7.2809    31.3135    31.3142    24.6676    24.6687    7.12933 0.0000e+00
      32460     22.075     5.7721     5.7664   3.090326   3.089935     2.2236     2.6397      8.048     2.5435   481.2790 1.0715e-01     0.0842    97.9162     7.1580     7.2819    31.3133    31.3142    24.6673    24.6687    7.12926 0.0000e+00
      32463     21.928     5.7734     5.7667   3.090340   3.089937     2.2236     2.6393      8.048     2.5435   481.3184 1.0715e-01     0.0842    97.9162     7.1579     7.2796    31.3123    31.3140    24.6664    24.6685    7.12909 0.0000e+00
      32466     21.779     5.7754     5.7671   3.090377   3.089930     2.2228     2.6393      8.046     2.5333   481.3184 1.0715e-01     0.0842    97.9162     7.1549     7.2788    31.3109    31.3137    24.6651    24.6682    7.12882 0.0000e+00
      32469     21.634     5.7762     5.7670   3.090380   3.089900     2.2232     2.6393      8.048     2.5333   416.4544 1.0715e-01     0.0846    97.9075     7.1574     7.2782    31.3103    31.3135    24.6645    24.6681    7.12871 0.0000e+00
      32472     21.490     5.7775     5.7671   3.090405   3.089822     2.2232     2.6389      8.048     2.4315    16.9660 1.0715e-01     0.0835    97.9335     7.1600     7.2754    31.3094    31.3125    24.6637    24.6673    7.12852 0.0000e+00
      32475     21.347     5.7771     5.7675   3.090375   3.089891     2.2232     2.6389      8.046     2.4315    14.5973 1.0715e-01     0.0842    97.9162     7.1610     7.2742    31.3095    31.3130    24.6638    24.6677    7.12859 0.0000e+00
      32478     21.204     5.7774     5.7695   3.090363   3.089933     2.2228     2.6385      8.046     2.4112    14.6368 1.0715e-01     0.0832    97.9422     7.1597     7.2722    31.3092    31.3117    24.6635    24.6664    7.12855 0.0000e+00
      32481     21.061     5.7773     5.7705   3.090352   3.089947     2.2228     2.6381      8.046     2.4112    14.5973 1.0715e-01     0.0835    97.9335     7.1635     7.2694    31.3092    31.3110    24.6636    24.6657    7.12857 0.0000e+00
      32484     20.918     5.7780     5.7713   3.090360   3.089944     2.2228     2.6381      8.048     2.4315    14.5973 1.0715e-01     0.0835    97.9335     7.1647     7.2698    31.3088    31.3103    24.6631    24.6651    7.12848 0.0000e+00
      32487     20.775     5.7783     5.7715   3.090347   3.089971     2.2240     2.6381      8.046     2.4214    14.5973 1.0715e-01     0.0832    97.9422     7.1707     7.2715    31.3084    31.3105    24.6628    24.6652    7.12844 0.0000e+00
      32490     20.639     5.7788     5.7722   3.090351   3.089974     2.2228     2.6385      8.046     2.4214    14.6368 1.0715e-01     0.0860    97.8727     7.1645     7.2733    31.3080    31.3099    24.6624    24.6647    7.12836 0.0000e+00
      32493     20.508     5.7795     5.7732   3.090329   3.089986     2.2236     2.6385      8.045     2.4417    14.6762 1.0715e-01     0.0885    97.8118     7.1683     7.2739    31.3072    31.3092    24.6617    24.6640    7.12830 0.0000e+00
      32496     20.385     5.7797     5.7749   3.090316   3.089977     2.2232     2.6389      8.045     2.3909   191.3844 1.0715e-01     0.0885    97.8118     7.1670     7.2761    31.3070    31.3076    24.6615    24.6626    7.12827 0.0000e+00
      32499     20.272     5.7789     5.7755   3.090282   3.089976     2.2236     2.6381      8.048     2.3909   482.1870 1.0715e-01     0.0885    97.8118     7.1712     7.2734    31.3073    31.3070    24.6618    24.6620    7.12838 0.0000e+00
      32502     20.166     5.7792     5.7756   3.090275   3.089968     2.2232     2.6381      8.046     2.3909   481.1605 1.0715e-01     0.0885    97.8118     7.1700     7.2743    31.3070    31.3069    24.6616    24.6619    7.12835 0.0000e+00
      32505     20.068     5.7794     5.7749   3.090251   3.089930     2.2232     2.6381      8.046     2.3909   481.2790 1.0715e-01     0.0885    97.8118     7.1706     7.2740    31.3066    31.3073    24.6613    24.6622    7.12833 0.0000e+00
      32508     19.981     5.7789     5.7736   3.090239   3.089904     2.2240     2.6385      8.043     2.3909   481.2790 1.0715e-01     0.0885    97.8118     7.1750     7.2750    31.3070    31.3082    24.6616    24.6632    7.12841 0.0000e+00
      32511     19.904     5.7782     5.7707   3.090227   3.089863     2.2228     2.6385      8.046     2.4112   481.2790 1.0715e-01     0.0881    97.8205     7.1710     7.2759    31.3075    31.3104    24.6621    24.6652    7.12849 0.0000e+00
      32514     19.838     5.7783     5.7715   3.090205   3.089883     2.2232     2.6381      8.048     2.4010   481.3184 1.0715e-01     0.0878    97.8292     7.1768     7.2739    31.3073    31.3099    24.6619    24.6648    7.12849 0.0000e+00
      32517     19.782     5.7770     5.7716   3.090197   3.089882     2.2232     2.6381      8.048     2.3807   481.2790 1.0715e-01     0.0878    97.8292     7.1782     7.2747    31.3084    31.3099    24.6629    24.6647    7.12866 0.0000e+00
      32520     19.739     5.7780     5.7722   3.090193   3.089891     2.2244     2.6381      8.048     2.3807   481.3184 1.0715e-01     0.0874    97.8379     7.1831     7.2761    31.3074    31.3094    24.6620    24.6643    7.12853 0.0000e+00
      32798     19.707     5.7800     5.7757   3.090270   3.089892     2.2269     2.6414      8.048     2.5537   481.2790 1.0715e-01     0.0867    97.8553     7.1832     7.2757    31.3064    31.3062    24.6610    24.6613    7.12823 0.0000e+00
      32939     19.612     5.7806     5.7771   3.090279   3.089928     2.2281     2.6430      8.046     2.6452   481.2395 1.0715e-01     0.0864    97.8640     7.1842     7.2753    31.3060    31.3054    24.6606    24.6605    7.12815 0.0000e+00
