Datasets/AZMP/HUD120/hud120_2020_081.cnv
* Sea-Bird SBE 9 Data File:
* FileName = C:\CTDDATA\hud120_2020_081.hex
* Software Version Seasave V 7.26.7.110
* Temperature SN = 1697
* Conductivity SN = 4216
* Number of Bytes Per Scan = 30
* Number of Voltage Words = 4
* Number of Scans Averaged by the Deck Unit = 1
* NMEA baud rate = 4800
** VESSEL/TRIP/SEQ STN:  hud120_2020_081
** LATITUDE XX XX.XX: 47 00.00 N
** LONGITUDE XX XX.XX: 052 42.30 W
** SOUNDING DEPTH (M): 0190
** PROBE TYPE: S1146
** CTD NUMBER: 060
** FORMAT: V
** COMMENTS (14 CHAR): FC-02
** BOTTLES:  10
** LEVELS: 5,10,20,30,40,50,75,100,150,BTM
** STICKERS: 439920 - 439929
** VNET: Y
** DO2: N
# nquan = 22
# nvalues = 4332                        
# units = specified
# name 0 = scan: Scan Count
# name 1 = prDM: Pressure, Digiquartz [db]
# name 2 = t090C: Temperature [ITS-90, deg C]
# name 3 = t190C: Temperature, 2 [ITS-90, deg C]
# name 4 = c0S/m: Conductivity [S/m]
# name 5 = c1S/m: Conductivity, 2 [S/m]
# name 6 = sbeox0V: Oxygen raw, SBE 43 [V]
# name 7 = sbeox1V: Oxygen raw, SBE 43, 2 [V]
# name 8 = ph: pH
# name 9 = flECO-AFL: Fluorescence, WET Labs ECO-AFL/FL [mg/m^3]
# name 10 = wetCDOM: Fluorescence, WET Labs CDOM [mg/m^3]
# name 11 = par/sat/log: PAR/Logarithmic, Satlantic [umol photons/m^2/sec]
# name 12 = CStarAt0: Beam Attenuation, WET Labs C-Star [1/m]
# name 13 = CStarTr0: Beam Transmission, WET Labs C-Star [%]
# name 14 = sbeox0ML/L: Oxygen, SBE 43 [ml/l], WS = 2
# name 15 = sbeox1ML/L: Oxygen, SBE 43, 2 [ml/l], WS = 2
# name 16 = sal00: Salinity, Practical [PSU]
# name 17 = sal11: Salinity, Practical, 2 [PSU]
# name 18 = sigma-t00: Density [sigma-t, kg/m^3 ]
# name 19 = sigma-t11: Density, 2 [sigma-t, kg/m^3 ]
# name 20 = oxsatML/L: Oxygen Saturation, Weiss [ml/l]
# name 21 = flag: flag
# span 0 =          2,      38049       
# span 1 =      0.417,    181.326       
# span 2 =    -0.6001,     3.9304       
# span 3 =    -0.6045,     3.9259       
# span 4 =   2.694346,   2.962577       
# span 5 =   2.693850,   2.962064       
# span 6 =     1.8853,     2.2196       
# span 7 =     2.2331,     2.6237       
# span 8 =      8.003,      8.148       
# span 9 =     1.0173,     5.2094       
# span 10 =    -2.8130,   482.1870      
# span 11 = 1.0424e-01, 6.5737e-01      
# span 12 =     0.0881,     1.3795      
# span 13 =    70.8309,    97.8205      
# span 14 =     6.8527,     7.7292      
# span 15 =     6.9808,     7.8774      
# span 16 =    31.5965,    33.2320      
# span 17 =    31.5970,    33.2312      
# span 18 =    25.0868,    26.6953      
# span 19 =    25.0872,    26.6949      
# span 20 =    7.44228,    8.29438      
# span 21 = 0.0000e+00, 0.0000e+00      
# interval = scans: 3                   
# start_time = Nov 27 2020 03:38:50 [System UTC, header]
# bad_flag = -9.990e-29
*END*
[from data line 1186]
       4201    120.350    -0.4613    -0.4666   2.698413   2.697906     2.0329     2.4098      8.075     1.1190   481.2395 1.0740e-01     0.0974    97.5945     7.6270     7.7249    32.7046    32.7036    26.2735    26.2729    8.27375 0.0000e+00
       4204    120.453    -0.4618    -0.4670   2.698434   2.697923     2.0333     2.4102      8.077     1.1088   481.3579 1.0715e-01     0.0956    97.6380     7.6266     7.7249    32.7054    32.7042    26.2741    26.2734    8.27381 0.0000e+00
       4207    120.556    -0.4622    -0.4671   2.698439   2.697907     2.0329     2.4094      8.075     1.1088   481.3184 1.0715e-01     0.0960    97.6293     7.6248     7.7218    32.7059    32.7040    26.2745    26.2732    8.27388 0.0000e+00
       4210    120.662    -0.4633    -0.4674   2.698467   2.697934     2.0321     2.4086      8.077     1.1292   481.3579 1.0715e-01     0.0960    97.6293     7.6164     7.7205    32.7073    32.7046    26.2757    26.2737    8.27404 0.0000e+00
       4213    120.768    -0.4646    -0.4690   2.698467   2.697995     2.0317     2.4094      8.077     1.1800   481.3184 1.0715e-01     0.0960    97.6293     7.6112     7.7265    32.7086    32.7071    26.2769    26.2758    8.27425 0.0000e+00
       4216    120.877    -0.4668    -0.4712   2.698436   2.697905     2.0321     2.4090      8.077     1.1800   481.3579 1.0727e-01     0.0960    97.6293     7.6180     7.7272    32.7106    32.7082    26.2785    26.2767    8.27464 0.0000e+00
       4219    120.984    -0.4711    -0.4757   2.698294   2.697780     2.0325     2.4082      8.077     1.1800   251.1951 1.0727e-01     0.0956    97.6380     7.6204     7.7258    32.7133    32.7114    26.2809    26.2795    8.27545 0.0000e+00
       4222    121.092    -0.4794    -0.4837   2.698072   2.697575     2.0329     2.4078      8.077     1.1699     1.4507 1.0727e-01     0.0945    97.6641     7.6273     7.7245    32.7192    32.7172    26.2860    26.2845    8.27696 0.0000e+00
       4225    121.202    -0.4866    -0.4918   2.697804   2.697326     2.0317     2.4070      8.075     1.1800    10.0571 1.0727e-01     0.0938    97.6815     7.6242     7.7213    32.7233    32.7225    26.2896    26.2892    8.27833 0.0000e+00
       4228    121.315    -0.4915    -0.4964   2.697677   2.697170     2.0309     2.4070      8.074     1.1902     9.6229 1.0752e-01     0.0942    97.6728     7.6215     7.7203    32.7268    32.7253    26.2926    26.2916    8.27921 0.0000e+00
       4231    121.430    -0.4954    -0.5001   2.697478   2.696976     2.0309     2.4066      8.074     1.1902     9.6229 1.0715e-01     0.0938    97.6815     7.6228     7.7220    32.7283    32.7267    26.2939    26.2928    8.27999 0.0000e+00
       4234    121.544    -0.4988    -0.5038   2.697342   2.696841     2.0293     2.4066      8.072     1.1800     9.6229 1.0715e-01     0.0938    97.6815     7.6166     7.7245    32.7301    32.7288    26.2956    26.2947    8.28066 0.0000e+00
       4237    121.663    -0.5014    -0.5069   2.697203   2.696687     2.0305     2.4057      8.072     1.1699     9.6624 1.0727e-01     0.0942    97.6728     7.6215     7.7209    32.7309    32.7300    26.2963    26.2958    8.28118 0.0000e+00
       4240    121.779    -0.5045    -0.5096   2.697063   2.696604     2.0313     2.4066      8.072     1.1292     9.6624 1.0715e-01     0.0949    97.6554     7.6238     7.7290    32.7323    32.7318    26.2976    26.2974    8.28179 0.0000e+00
       4243    121.895    -0.5069    -0.5115   2.696970   2.696512     2.0301     2.4053      8.074     1.1190     9.6229 1.0715e-01     0.0960    97.6293     7.6171     7.7287    32.7337    32.7325    26.2988    26.2980    8.28226 0.0000e+00
       4246    122.010    -0.5086    -0.5134   2.696874   2.696396     2.0309     2.4053      8.074     1.1088   368.2505 1.0727e-01     0.0953    97.6467     7.6235     7.7321    32.7341    32.7329    26.2992    26.2984    8.28261 0.0000e+00
       4249    122.128    -0.5119    -0.5167   2.696713   2.696233     2.0293     2.4041      8.072     1.1292   481.9896 1.0715e-01     0.0960    97.6293     7.6197     7.7301    32.7355    32.7342    26.3004    26.2996    8.28327 0.0000e+00
       4252    122.246    -0.5157    -0.5212   2.696525   2.696018     2.0301     2.4041      8.072     1.1190   480.9631 1.0715e-01     0.0953    97.6467     7.6245     7.7329    32.7370    32.7361    26.3018    26.3014    8.28403 0.0000e+00
       4255    122.365    -0.5211    -0.5261   2.696323   2.695841     2.0289     2.4053      8.072     1.1190   481.3184 1.0727e-01     0.0956    97.6380     7.6182     7.7372    32.7400    32.7390    26.3045    26.3038    8.28506 0.0000e+00
       4258    122.483    -0.5257    -0.5308   2.696164   2.695668     2.0297     2.4041      8.072     1.1190   481.3579 1.0727e-01     0.0949    97.6554     7.6218     7.7304    32.7428    32.7417    26.3069    26.3061    8.28592 0.0000e+00
       4261    122.602    -0.5286    -0.5340   2.696109   2.695563     2.0289     2.4037      8.072     1.1190   481.3579 1.0740e-01     0.0960    97.6293     7.6160     7.7315    32.7451    32.7437    26.3089    26.3079    8.28644 0.0000e+00
       4264    122.719    -0.5298    -0.5350   2.696054   2.695550     2.0289     2.4041      8.072     1.1597   481.3184 1.0727e-01     0.0960    97.6293     7.6207     7.7349    32.7456    32.7445    26.3093    26.3086    8.28668 0.0000e+00
       4267    122.834    -0.5301    -0.5354   2.696063   2.695562     2.0281     2.4041      8.072     1.1902   481.3579 1.0715e-01     0.0956    97.6380     7.6182     7.7366    32.7460    32.7450    26.3096    26.3091    8.28672 0.0000e+00
       4270    122.949    -0.5310    -0.5357   2.696028   2.695540     2.0281     2.4037      8.072     1.1800   441.7604 1.0715e-01     0.0960    97.6293     7.6175     7.7354    32.7465    32.7450    26.3100    26.3091    8.28691 0.0000e+00
       4273    123.061    -0.5314    -0.5363   2.696004   2.695516     2.0281     2.4037      8.072     1.1902    25.6119 1.0727e-01     0.0960    97.6293     7.6195     7.7360    32.7465    32.7452    26.3102    26.3093    8.28700 0.0000e+00
       4276    123.172    -0.5319    -0.5366   2.696042   2.695530     2.0277     2.4033      8.072     1.1800     4.6090 1.0727e-01     0.0960    97.6293     7.6187     7.7336    32.7475    32.7457    26.3109    26.3097    8.28705 0.0000e+00
       4279    123.280    -0.5319    -0.5368   2.696100   2.695598     2.0272     2.4017      8.070     1.1800     6.3856 1.0727e-01     0.0960    97.6293     7.6173     7.7271    32.7482    32.7467    26.3115    26.3105    8.28702 0.0000e+00
       4282    123.385    -0.5325    -0.5370   2.696094   2.695641     2.0281     2.4013      8.072     1.1800     6.3067 1.0715e-01     0.0953    97.6467     7.6195     7.7262    32.7487    32.7475    26.3119    26.3111    8.28711 0.0000e+00
       4285    123.489    -0.5332    -0.5377   2.696115   2.695615     2.0281     2.4029      8.070     1.1902     6.3067 1.0727e-01     0.0942    97.6728     7.6194     7.7344    32.7496    32.7478    26.3127    26.3114    8.28721 0.0000e+00
       4288    123.592    -0.5333    -0.5382   2.696130   2.695611     2.0277     2.4021      8.067     1.1902     6.3067 1.0740e-01     0.0945    97.6641     7.6172     7.7308    32.7500    32.7483    26.3130    26.3118    8.28723 0.0000e+00
       4291    123.694    -0.5334    -0.5383   2.696144   2.695602     2.0268     2.4017      8.069     1.0986     6.3067 1.0727e-01     0.0942    97.6728     7.6152     7.7294    32.7502    32.7482    26.3132    26.3117    8.28724 0.0000e+00
       4294    123.795    -0.5338    -0.5385   2.696152   2.695627     2.0264     2.4017      8.069     1.0884     6.3067 1.0715e-01     0.0942    97.6728     7.6127     7.7312    32.7506    32.7486    26.3135    26.3121    8.28729 0.0000e+00
       4297    123.890    -0.5340    -0.5386   2.696134   2.695641     2.0268     2.4017      8.070     1.0986   149.1418 1.0740e-01     0.0942    97.6728     7.6120     7.7335    32.7506    32.7490    26.3135    26.3124    8.28735 0.0000e+00
       4300    123.985    -0.5337    -0.5388   2.696143   2.695632     2.0268     2.4017      8.069     1.0884   482.1870 1.0727e-01     0.0945    97.6641     7.6104     7.7369    32.7502    32.7489    26.3132    26.3124    8.28728 0.0000e+00
       4303    124.077    -0.5339    -0.5388   2.696163   2.695648     2.0260     2.4009      8.070     1.0884   480.8447 1.0715e-01     0.0949    97.6554     7.6038     7.7322    32.7507    32.7491    26.3136    26.3125    8.28731 0.0000e+00
       4306    124.168    -0.5347    -0.5393   2.696106   2.695629     2.0252     2.4009      8.072     1.0986   481.3184 1.0727e-01     0.0949    97.6554     7.5978     7.7303    32.7507    32.7493    26.3137    26.3127    8.28748 0.0000e+00
       4309    124.257    -0.5350    -0.5396   2.696113   2.695636     2.0256     2.4017      8.069     1.0986   481.2790 1.0727e-01     0.0949    97.6554     7.6007     7.7322    32.7511    32.7497    26.3140    26.3131    8.28753 0.0000e+00
       4312    124.342    -0.5353    -0.5402   2.696150   2.695616     2.0256     2.3996      8.067     1.0681   481.3184 1.0715e-01     0.0949    97.6554     7.6039     7.7253    32.7519    32.7500    26.3147    26.3133    8.28756 0.0000e+00
       4315    124.426    -0.5361    -0.5407   2.696210   2.695674     2.0260     2.4005      8.067     1.0884   481.3579 1.0740e-01     0.0949    97.6554     7.6069     7.7263    32.7535    32.7513    26.3160    26.3144    8.28764 0.0000e+00
       4318    124.510    -0.5372    -0.5419   2.696221   2.695700     2.0252     2.4001      8.069     1.1597   481.3184 1.0740e-01     0.0949    97.6554     7.6033     7.7254    32.7548    32.7528    26.3170    26.3157    8.28781 0.0000e+00
       4321    124.593    -0.5377    -0.5426   2.696189   2.695700     2.0244     2.4005      8.069     1.1597   481.3579 1.0715e-01     0.0949    97.6554     7.6001     7.7269    32.7548    32.7536    26.3171    26.3163    8.28792 0.0000e+00
       4324    124.672    -0.5384    -0.5434   2.696181   2.695659     2.0244     2.3996      8.067     1.1394   204.6493 1.0727e-01     0.0938    97.6815     7.6028     7.7234    32.7554    32.7539    26.3176    26.3165    8.28804 0.0000e+00
       4327    124.751    -0.5389    -0.5442   2.696172   2.695638     2.0244     2.3992      8.067     1.1394    -2.2603 1.0727e-01     0.0938    97.6815     7.6056     7.7233    32.7559    32.7545    26.3180    26.3171    8.28814 0.0000e+00
       4330    124.831    -0.5398    -0.5455   2.696144   2.695617     2.0236     2.4001      8.067     1.1495     1.8455 1.0727e-01     0.0942    97.6728     7.5990     7.7264    32.7563    32.7554    26.3184    26.3179    8.28830 0.0000e+00
       4333    124.911    -0.5414    -0.5465   2.696086   2.695591     2.0240     2.3992      8.067     1.1699     1.8060 1.0752e-01     0.0938    97.6815     7.6009     7.7251    32.7573    32.7561    26.3192    26.3185    8.28861 0.0000e+00
       4336    124.988    -0.5431    -0.5477   2.696032   2.695557     2.0236     2.3988      8.067     1.1597     1.8060 1.0715e-01     0.0938    97.6815     7.6035     7.7265    32.7583    32.7570    26.3201    26.3192    8.28892 0.0000e+00
       4339    125.066    -0.5454    -0.5499   2.695962   2.695448     2.0240     2.3984      8.067     1.1495     1.8060 1.0740e-01     0.0938    97.6815     7.6115     7.7226    32.7598    32.7578    26.3214    26.3200    8.28935 0.0000e+00
       4342    125.145    -0.5481    -0.5524   2.695865   2.695383     2.0232     2.3992      8.069     1.1495     1.8060 1.0727e-01     0.0949    97.6554     7.6106     7.7259    32.7614    32.7596    26.3229    26.3216    8.28987 0.0000e+00
       4345    125.224    -0.5484    -0.5533   2.695859   2.695368     2.0236     2.3980      8.069     1.1190     1.8060 1.0727e-01     0.0960    97.6293     7.6097     7.7217    32.7616    32.7603    26.3230    26.3222    8.28992 0.0000e+00
       4348    125.304    -0.5488    -0.5536   2.695851   2.695354     2.0232     2.3980      8.067     1.1190     1.8060 1.0715e-01     0.0960    97.6293     7.6045     7.7238    32.7619    32.7604    26.3232    26.3223    8.28999 0.0000e+00
       4351    125.387    -0.5491    -0.5540   2.695818   2.695325     2.0228     2.3984      8.067     1.1292     4.8065 1.0727e-01     0.0963    97.6206     7.6006     7.7240    32.7617    32.7604    26.3231    26.3223    8.29007 0.0000e+00
       4354    125.468    -0.5500    -0.5542   2.695782   2.695316     2.0223     2.3980      8.067     1.1292     5.2802 1.0727e-01     0.0960    97.6293     7.5993     7.7240    32.7622    32.7605    26.3236    26.3223    8.29026 0.0000e+00
       4357    125.551    -0.5505    -0.5548   2.695765   2.695299     2.0232     2.3980      8.067     1.1190     5.2407 1.0740e-01     0.0960    97.6293     7.6051     7.7234    32.7624    32.7608    26.3238    26.3226    8.29035 0.0000e+00
       4360    125.634    -0.5522    -0.5560   2.695729   2.695245     2.0236     2.3980      8.067     1.1292     5.2407 1.0715e-01     0.0960    97.6293     7.6095     7.7225    32.7638    32.7614    26.3249    26.3231    8.29066 0.0000e+00
       4363    125.716    -0.5537    -0.5580   2.695703   2.695205     2.0228     2.3968      8.067     1.1394     5.2407 1.0715e-01     0.0942    97.6728     7.6069     7.7158    32.7649    32.7629    26.3259    26.3244    8.29092 0.0000e+00
       4366    125.801    -0.5541    -0.5589   2.695690   2.695208     2.0219     2.3972      8.067     1.1088     5.2407 1.0715e-01     0.0928    97.7075     7.6013     7.7194    32.7652    32.7639    26.3261    26.3253    8.29100 0.0000e+00
       4369    125.887    -0.5541    -0.5593   2.695711   2.695191     2.0211     2.3972      8.067     1.1292     5.2407 1.0727e-01     0.0928    97.7075     7.5962     7.7197    32.7655    32.7641    26.3264    26.3255    8.29099 0.0000e+00
       4372    125.977    -0.5543    -0.5594   2.695701   2.695184     2.0211     2.3968      8.067     1.1292     5.2407 1.0715e-01     0.0938    97.6815     7.5961     7.7166    32.7655    32.7641    26.3264    26.3254    8.29103 0.0000e+00
       4375    126.070    -0.5547    -0.5595   2.695692   2.695186     2.0211     2.3968      8.067     1.1292     4.3722 1.0715e-01     0.0928    97.7075     7.5955     7.7165    32.7657    32.7641    26.3266    26.3255    8.29111 0.0000e+00
       4378    126.161    -0.5552    -0.5599   2.695678   2.695192     2.0219     2.3964      8.067     1.1292    -0.2864 1.0715e-01     0.0935    97.6902     7.5994     7.7142    32.7660    32.7645    26.3268    26.3258    8.29120 0.0000e+00
       4381    126.252    -0.5555    -0.5602   2.695673   2.695167     2.0219     2.3956      8.067     1.1292    -0.2074 1.0727e-01     0.0931    97.6988     7.5998     7.7104    32.7662    32.7645    26.3270    26.3258    8.29125 0.0000e+00
       4384    126.348    -0.5555    -0.5605   2.695696   2.695175     2.0219     2.3956      8.067     1.1292    -0.2074 1.0740e-01     0.0935    97.6902     7.6032     7.7083    32.7664    32.7649    26.3272    26.3261    8.29124 0.0000e+00
       4387    126.446    -0.5558    -0.5607   2.695668   2.695169     2.0211     2.3956      8.067     1.1088    -0.2074 1.0727e-01     0.0928    97.7075     7.6031     7.7064    32.7663    32.7650    26.3271    26.3262    8.29130 0.0000e+00
       4390    126.543    -0.5557    -0.5609   2.695724   2.695232     2.0203     2.3964      8.067     1.1190    -0.2074 1.0727e-01     0.0931    97.6988     7.5963     7.7068    32.7670    32.7660    26.3276    26.3270    8.29126 0.0000e+00
       4393    126.642    -0.5555    -0.5607   2.695776   2.695247     2.0203     2.3948      8.067     1.1190    -0.2074 1.0715e-01     0.0928    97.7075     7.5933     7.6990    32.7674    32.7659    26.3279    26.3270    8.29119 0.0000e+00
