Datasets/AZMP/HUD120/hud120_2020_025.cnv
* Sea-Bird SBE 9 Data File:
* FileName = C:\CTDDATA\hud120_2020_025.hex
* Software Version Seasave V 7.26.7.110
* Temperature SN = 1697
* Conductivity SN = 4216
* Number of Bytes Per Scan = 30
* Number of Voltage Words = 4
* Number of Scans Averaged by the Deck Unit = 1
* NMEA baud rate = 4800
** VESSEL/TRIP/SEQ STN:  hud120_2020_025
** LATITUDE XX XX.XX: 44 00.00 N
** LONGITUDE XX XX.XX: 050 48.50 W
** SOUNDING DEPTH (M): 0072
** PROBE TYPE: S1146
** CTD NUMBER: 015
** FORMAT: V
** COMMENTS (14 CHAR): SEGB-11
** BOTTLES:  7
** LEVELS: 5,10,20,30,40,50,BTM
** STICKERS: 439609 - 439615
** VNET: Y
** DO2: N
# nquan = 22
# nvalues = 1329                        
# units = specified
# name 0 = scan: Scan Count
# name 1 = prDM: Pressure, Digiquartz [db]
# name 2 = t090C: Temperature [ITS-90, deg C]
# name 3 = t190C: Temperature, 2 [ITS-90, deg C]
# name 4 = c0S/m: Conductivity [S/m]
# name 5 = c1S/m: Conductivity, 2 [S/m]
# name 6 = sbeox0V: Oxygen raw, SBE 43 [V]
# name 7 = sbeox1V: Oxygen raw, SBE 43, 2 [V]
# name 8 = ph: pH
# name 9 = flECO-AFL: Fluorescence, WET Labs ECO-AFL/FL [mg/m^3]
# name 10 = wetCDOM: Fluorescence, WET Labs CDOM [mg/m^3]
# name 11 = par/sat/log: PAR/Logarithmic, Satlantic [umol photons/m^2/sec]
# name 12 = CStarAt0: Beam Attenuation, WET Labs C-Star [1/m]
# name 13 = CStarTr0: Beam Transmission, WET Labs C-Star [%]
# name 14 = sbeox0ML/L: Oxygen, SBE 43 [ml/l], WS = 2
# name 15 = sbeox1ML/L: Oxygen, SBE 43, 2 [ml/l], WS = 2
# name 16 = sal00: Salinity, Practical [PSU]
# name 17 = sal11: Salinity, Practical, 2 [PSU]
# name 18 = sigma-t00: Density [sigma-t, kg/m^3 ]
# name 19 = sigma-t11: Density, 2 [sigma-t, kg/m^3 ]
# name 20 = oxsatML/L: Oxygen Saturation, Weiss [ml/l]
# name 21 = flag: flag
# span 0 =        100,      23768       
# span 1 =      2.358,     68.523       
# span 2 =     2.8811,    11.2754       
# span 3 =     2.8756,    11.2714       
# span 4 =   2.951703,   3.638118       
# span 5 =   2.951326,   3.637682       
# span 6 =     2.0737,     2.2301       
# span 7 =     2.4277,     2.6514       
# span 8 =      7.966,      8.138       
# span 9 =     1.7397,     6.0945       
# span 10 =    -2.8130,   482.1870      
# span 11 = 1.0678e-01, 6.8866e+02      
# span 12 =     0.1736,     0.9773      
# span 13 =    78.3237,    95.7518      
# span 14 =     5.7240,     7.9125      
# span 15 =     5.3980,     8.4484      
# span 16 =    31.9551,    32.5540      
# span 17 =    32.0884,    32.5652      
# span 18 =    24.4782,    25.9286      
# span 19 =    24.4785,    25.9377      
# span 20 =    6.25824,    7.59395      
# span 21 = 0.0000e+00, 0.0000e+00      
# interval = scans: 3                   
# start_time = Nov 18 2020 17:20:19 [System UTC, header]
# bad_flag = -9.990e-29
*END*
        100      2.951    11.2337    11.2293   3.636095   3.635581     2.2100     2.5804      8.125     4.3953     8.6359 1.9357e+02     0.2651    93.5874     6.1966     6.1862    32.1291    32.1279    24.4995    24.4992    6.26319 0.0000e+00
        103      2.979    11.2338    11.2292   3.636099   3.635561     2.2116     2.5812      8.125     4.4055     8.5965 1.6175e+02     0.2651    93.5874     6.2031     6.1898    32.1291    32.1278    24.4994    24.4992    6.26318 0.0000e+00
        106      3.013    11.2337    11.2290   3.636121   3.635587     2.2116     2.5816      8.125     4.4055     8.6754 1.5572e+02     0.2651    93.5874     6.2051     6.1926    32.1294    32.1282    24.4996    24.4996    6.26318 0.0000e+00
        109      3.053    11.2337    11.2289   3.636110   3.635588     2.2112     2.5820      8.125     4.5072     8.5570 2.1064e+02     0.2651    93.5874     6.2056     6.1940    32.1291    32.1283    24.4995    24.4997    6.26318 0.0000e+00
        112      3.097    11.2337    11.2288   3.636103   3.635568     2.2116     2.5812      8.125     4.5072     7.1752 2.5139e+02     0.2655    93.5787     6.2091     6.1916    32.1291    32.1282    24.4994    24.4996    6.26318 0.0000e+00
        115      3.148    11.2334    11.2287   3.636090   3.635588     2.2121     2.5820      8.125     4.5072     5.7540 2.3636e+02     0.2669    93.5439     6.2110     6.1947    32.1292    32.1284    24.4996    24.4998    6.26323 0.0000e+00
        118      3.201    11.2329    11.2287   3.636122   3.635570     2.2133     2.5828      8.125     4.4869     5.8329 3.3023e+02     0.2673    93.5352     6.2173     6.1983    32.1299    32.1282    24.5002    24.4996    6.26326 0.0000e+00
        121      3.257    11.2333    11.2286   3.636132   3.635597     2.2133     2.5828      8.125     4.4971     5.8329 5.4304e+02     0.2673    93.5352     6.2180     6.1983    32.1297    32.1285    24.4999    24.4999    6.26321 0.0000e+00
        124      3.317    11.2336    11.2292   3.636163   3.635617     2.2125     2.5836      8.125     4.4869     5.8329 4.2229e+02     0.2666    93.5526     6.2135     6.2001    32.1297    32.1282    24.4999    24.4996    6.26317 0.0000e+00
        127      3.386    11.2333    11.2294   3.636183   3.635644     2.2129     2.5836      8.125     4.4971     5.8329 3.4520e+02     0.2673    93.5352     6.2139     6.1996    32.1301    32.1282    24.5003    24.4995    6.26319 0.0000e+00
        130      3.458    11.2334    11.2304   3.636191   3.635635     2.2125     2.5836      8.125     4.4971     5.8329 3.2371e+02     0.2673    93.5352     6.2133     6.1992    32.1301    32.1272    24.5002    24.4985    6.26319 0.0000e+00
        133      3.533    11.2338    11.2307   3.636178   3.635672     2.2145     2.5832      8.125     4.5276     5.8329 3.2414e+02     0.2662    93.5613     6.2208     6.1969    32.1295    32.1273    24.4998    24.4986    6.26315 0.0000e+00
        136      3.613    11.2342    11.2306   3.636199   3.635681     2.2137     2.5845      8.125     4.5887     5.8329 3.2266e+02     0.2651    93.5874     6.2180     6.1999    32.1294    32.1274    24.4996    24.4987    6.26311 0.0000e+00
        139      3.696    11.2350    11.2307   3.636196   3.635677     2.2141     2.5849      8.125     4.5988   384.2000 3.1709e+02     0.2651    93.5874     6.2189     6.1995    32.1287    32.1273    24.4989    24.4986    6.26303 0.0000e+00
        142      3.781    11.2354    11.2306   3.636195   3.635692     2.2141     2.5840      8.125     4.5988   481.9501 3.0157e+02     0.2651    93.5874     6.2191     6.1961    32.1283    32.1275    24.4985    24.4987    6.26299 0.0000e+00
        145      3.868    11.2358    11.2310   3.636200   3.635662     2.2137     2.5845      8.125     4.5988   481.1605 3.5433e+02     0.2651    93.5874     6.2188     6.1961    32.1279    32.1268    24.4981    24.4981    6.26295 0.0000e+00
        148      3.953    11.2357    11.2313   3.636210   3.635651     2.2145     2.5849      8.125     4.5988   481.3579 2.4852e+02     0.2651    93.5874     6.2217     6.1975    32.1281    32.1264    24.4983    24.4978    6.26296 0.0000e+00
        151      4.038    11.2358    11.2314   3.636225   3.635694     2.2149     2.5853      8.125     4.5887   481.3579 2.2600e+02     0.2651    93.5874     6.2206     6.1981    32.1280    32.1267    24.4982    24.4980    6.26294 0.0000e+00
        154      4.120    11.2356    11.2313   3.636236   3.635665     2.2149     2.5849      8.125     4.5785   481.3579 2.3110e+02     0.2669    93.5439     6.2192     6.1967    32.1283    32.1264    24.4985    24.4978    6.26295 0.0000e+00
        157      4.195    11.2356    11.2311   3.636214   3.635684     2.2161     2.5845      8.125     4.5988   481.3579 2.2548e+02     0.2673    93.5352     6.2225     6.1948    32.1281    32.1268    24.4983    24.4981    6.26297 0.0000e+00
        160      4.262    11.2357    11.2311   3.636208   3.635691     2.2157     2.5857      8.125     4.7108   481.3579 2.5991e+02     0.2673    93.5352     6.2212     6.1966    32.1279    32.1269    24.4982    24.4982    6.26296 0.0000e+00
        163      4.326    11.2355    11.2311   3.636228   3.635689     2.2161     2.5849      8.125     4.8125   430.8642 2.7468e+02     0.2673    93.5352     6.2208     6.1932    32.1282    32.1268    24.4984    24.4981    6.26297 0.0000e+00
        166      4.379    11.2356    11.2311   3.636224   3.635706     2.2157     2.5853      8.125     4.8227    22.5720 2.9599e+02     0.2673    93.5352     6.2179     6.1924    32.1281    32.1270    24.4983    24.4983    6.26297 0.0000e+00
        169      4.419    11.2357    11.2310   3.636228   3.635684     2.2165     2.5853      8.125     4.8125    13.5708 3.1900e+02     0.2673    93.5352     6.2180     6.1897    32.1280    32.1268    24.4983    24.4981    6.26296 0.0000e+00
        172      4.452    11.2357    11.2311   3.636247   3.635700     2.2153     2.5861      8.125     4.8125    13.9656 3.4295e+02     0.2673    93.5352     6.2109     6.1900    32.1282    32.1269    24.4984    24.4982    6.26294 0.0000e+00
        389      4.485    11.2358    11.2308   3.636266   3.635725     2.2124     2.5824      8.125     4.8227   325.5341 2.7476e+02     0.2677    93.5265     6.1984     6.1849    32.1283    32.1273    24.4984    24.4986    6.26294 0.0000e+00
        499      4.539    11.2355    11.2306   3.636283   3.635690     2.2116     2.5804      8.125     4.8125   481.3579 2.5354e+02     0.2673    93.5352     6.1975     6.1814    32.1287    32.1272    24.4988    24.4985    6.26295 0.0000e+00
        502      4.599    11.2356    11.2301   3.636263   3.635762     2.2125     2.5808      8.125     4.6192   481.3579 2.7194e+02     0.2673    93.5352     6.2035     6.1822    32.1284    32.1282    24.4985    24.4994    6.26295 0.0000e+00
        505      4.665    11.2353    11.2291   3.636293   3.635797     2.2121     2.5800      8.125     4.6293   204.8073 2.3066e+02     0.2673    93.5352     6.2041     6.1796    32.1289    32.1295    24.4990    24.5005    6.26298 0.0000e+00
        508      4.736    11.2337    11.2286   3.636356   3.635817     2.2116     2.5808      8.125     4.6192    12.1101 2.3476e+02     0.2666    93.5526     6.2049     6.1827    32.1309    32.1301    24.5009    24.5011    6.26312 0.0000e+00
        511      4.812    11.2331    11.2287   3.636387   3.635794     2.2121     2.5804      8.125     4.6293    20.4402 3.2918e+02     0.2673    93.5352     6.2095     6.1814    32.1317    32.1297    24.5016    24.5008    6.26316 0.0000e+00
        514      4.893    11.2327    11.2293   3.636378   3.635813     2.2129     2.5812      8.125     4.6293    20.0454 3.0545e+02     0.2673    93.5352     6.2148     6.1830    32.1320    32.1294    24.5018    24.5005    6.26321 0.0000e+00
        517      4.974    11.2326    11.2284   3.636405   3.635820     2.2125     2.5812      8.125     4.6090    20.0454 2.5214e+02     0.2680    93.5179     6.2145     6.1835    32.1323    32.1301    24.5021    24.5012    6.26321 0.0000e+00
        520      5.058    11.2326    11.2281   3.636389   3.635834     2.2129     2.5812      8.125     4.6090    20.0454 2.3744e+02     0.2684    93.5092     6.2175     6.1830    32.1320    32.1305    24.5019    24.5015    6.26322 0.0000e+00
        523      5.140    11.2323    11.2282   3.636396   3.635839     2.2133     2.5804      8.125     4.6293    20.0454 2.3069e+02     0.2684    93.5092     6.2192     6.1805    32.1324    32.1304    24.5022    24.5014    6.26325 0.0000e+00
        526      5.220    11.2321    11.2284   3.636340   3.635862     2.2141     2.5808      8.125     4.5785    20.0454 2.1378e+02     0.2684    93.5092     6.2217     6.1815    32.1320    32.1305    24.5019    24.5015    6.26329 0.0000e+00
        529      5.301    11.2318    11.2284   3.636297   3.635880     2.2141     2.5812      8.125     4.5174    21.6245 1.8823e+02     0.2684    93.5092     6.2221     6.1823    32.1317    32.1307    24.5018    24.5016    6.26333 0.0000e+00
        532      5.380    11.2324    11.2283   3.636286   3.635853     2.2145     2.5816      8.125     4.5174   416.8887 1.7971e+02     0.2684    93.5092     6.2232     6.1830    32.1311    32.1304    24.5012    24.5014    6.26328 0.0000e+00
        535      5.461    11.2348    11.2283   3.636330   3.635864     2.2153     2.5812      8.125     4.5276   481.8712 1.9473e+02     0.2688    93.5005     6.2236     6.1807    32.1294    32.1305    24.4995    24.5015    6.26302 0.0000e+00
        538      5.544    11.2344    11.2288   3.636338   3.635824     2.2145     2.5812      8.125     4.5378   481.2000 2.1106e+02     0.2669    93.5439     6.2191     6.1796    32.1298    32.1296    24.4998    24.5007    6.26306 0.0000e+00
        541      5.620    11.2350    11.2303   3.636300   3.635795     2.2145     2.5816      8.125     4.5276   481.3579 2.2051e+02     0.2658    93.5700     6.2177     6.1800    32.1288    32.1280    24.4990    24.4992    6.26302 0.0000e+00
        544      5.694    11.2357    11.2306   3.636321   3.635805     2.2149     2.5808      8.125     4.5276   481.3579 2.2962e+02     0.2658    93.5700     6.2178     6.1769    32.1284    32.1278    24.4986    24.4989    6.26294 0.0000e+00
        547      5.765    11.2361    11.2297   3.636309   3.635858     2.2153     2.5808      8.125     4.5276   481.3579 2.2568e+02     0.2662    93.5613     6.2167     6.1758    32.1279    32.1291    24.4981    24.5002    6.26290 0.0000e+00
        550      5.834    11.2358    11.2299   3.636318   3.635814     2.2149     2.5812      8.125     4.5276   481.3579 2.1753e+02     0.2662    93.5613     6.2140     6.1743    32.1283    32.1284    24.4984    24.4996    6.26293 0.0000e+00
        553      5.901    11.2354    11.2303   3.636342   3.635808     2.2157     2.5812      8.125     4.2936   481.3579 1.9924e+02     0.2662    93.5613     6.2163     6.1731    32.1288    32.1280    24.4989    24.4992    6.26296 0.0000e+00
        556      5.962    11.2354    11.2301   3.636314   3.635828     2.2153     2.5812      8.125     4.2020   481.3579 1.8567e+02     0.2662    93.5613     6.2134     6.1739    32.1285    32.1284    24.4987    24.4995    6.26298 0.0000e+00
        559      6.021    11.2359    11.2300   3.636286   3.635819     2.2153     2.5808      8.124     4.2224   481.3579 1.6599e+02     0.2666    93.5526     6.2129     6.1720    32.1277    32.1283    24.4980    24.4995    6.26294 0.0000e+00
        562      6.077    11.2359    11.2298   3.636321   3.635832     2.2149     2.5800      8.125     4.2224   481.3579 1.5428e+02     0.2666    93.5526     6.2111     6.1680    32.1281    32.1286    24.4983    24.4997    6.26293 0.0000e+00
        565      6.132    11.2347    11.2306   3.636367   3.635792     2.2153     2.5804      8.125     4.2325   481.3579 1.5921e+02     0.2669    93.5439     6.2103     6.1690    32.1296    32.1275    24.4996    24.4987    6.26303 0.0000e+00
        568      6.183    11.2345    11.2307   3.636367   3.635797     2.2161     2.5800      8.125     4.2122   481.3579 1.6631e+02     0.2666    93.5526     6.2127     6.1675    32.1297    32.1274    24.4997    24.4987    6.26305 0.0000e+00
        571      6.235    11.2350    11.2303   3.636345   3.635815     2.2149     2.5796      8.125     4.2020   481.3579 1.6943e+02     0.2662    93.5613     6.2080     6.1664    32.1291    32.1280    24.4992    24.4992    6.26301 0.0000e+00
        574      6.289    11.2359    11.2299   3.636329   3.635834     2.2157     2.5792      8.125     4.2122   481.3579 1.6981e+02     0.2662    93.5613     6.2111     6.1650    32.1281    32.1284    24.4983    24.4996    6.26293 0.0000e+00
        577      6.342    11.2361    11.2298   3.636344   3.635854     2.2153     2.5796      8.125     4.2325   481.3579 1.6825e+02     0.2673    93.5352     6.2111     6.1668    32.1280    32.1287    24.4982    24.4998    6.26291 0.0000e+00
        580      6.393    11.2357    11.2312   3.636384   3.635782     2.2153     2.5804      8.125     4.4666   481.3579 1.6961e+02     0.2673    93.5352     6.2129     6.1703    32.1288    32.1268    24.4988    24.4980    6.26293 0.0000e+00
        583      6.446    11.2355    11.2322   3.636383   3.635783     2.2149     2.5788      8.125     4.4767   280.5675 1.6785e+02     0.2673    93.5352     6.2127     6.1663    32.1289    32.1259    24.4990    24.4972    6.26295 0.0000e+00
        586      6.499    11.2354    11.2316   3.636377   3.635790     2.2149     2.5784      8.125     4.4767    -2.8130 1.6383e+02     0.2673    93.5352     6.2146     6.1657    32.1289    32.1264    24.4990    24.4977    6.26296 0.0000e+00
        589      6.550    11.2352    11.2325   3.636387   3.635784     2.2145     2.5788      8.125     4.4666     0.7401 1.5698e+02     0.2673    93.5352     6.2148     6.1675    32.1292    32.1255    24.4992    24.4969    6.26298 0.0000e+00
        592      6.604    11.2354    11.2337   3.636387   3.635785     2.2153     2.5788      8.125     4.4666     1.1349 1.5250e+02     0.2669    93.5439     6.2187     6.1688    32.1289    32.1245    24.4990    24.4959    6.26296 0.0000e+00
        595      6.654    11.2366    11.2335   3.636305   3.635753     2.2153     2.5788      8.125     4.4869     1.0954 1.5391e+02     0.2673    93.5352     6.2207     6.1706    32.1270    32.1243    24.4973    24.4958    6.26287 0.0000e+00
        598      6.710    11.2379    11.2330   3.636279   3.635805     2.2157     2.5784      8.125     4.4666     1.0954 1.4851e+02     0.2669    93.5439     6.2227     6.1702    32.1257    32.1253    24.4960    24.4966    6.26275 0.0000e+00
        601      6.768    11.2382    11.2330   3.636299   3.635776     2.2165     2.5788      8.125     4.4767     1.0954 1.4278e+02     0.2662    93.5613     6.2270     6.1725    32.1256    32.1250    24.4958    24.4963    6.26271 0.0000e+00
        604      6.827    11.2381    11.2336   3.636327   3.635795     2.2161     2.5788      8.125     4.4564     1.0954 1.3823e+02     0.2662    93.5613     6.2262     6.1750    32.1259    32.1246    24.4961    24.4960    6.26271 0.0000e+00
        607      6.890    11.2387    11.2340   3.636356   3.635796     2.2165     2.5779      8.125     4.4666     1.0954 1.3290e+02     0.2662    93.5613     6.2274     6.1750    32.1256    32.1243    24.4958    24.4956    6.26264 0.0000e+00
        610      6.957    11.2390    11.2343   3.636342   3.635797     2.2169     2.5784      8.125     4.4666   329.0083 1.3445e+02     0.2662    93.5613     6.2281     6.1773    32.1253    32.1240    24.4955    24.4954    6.26262 0.0000e+00
        613      7.031    11.2394    11.2347   3.636373   3.635819     2.2173     2.5788      8.125     4.4666   482.1870 1.3886e+02     0.2662    93.5613     6.2293     6.1803    32.1252    32.1238    24.4954    24.4951    6.26257 0.0000e+00
