Datasets/AZMP/HUD120/hud120_2020_058.cnv
* Sea-Bird SBE 9 Data File:
* FileName = C:\CTDDATA\hud120_2020_058.hex
* Software Version Seasave V 7.26.7.110
* Temperature SN = 1697
* Conductivity SN = 4216
* Number of Bytes Per Scan = 30
* Number of Voltage Words = 4
* Number of Scans Averaged by the Deck Unit = 1
* NMEA baud rate = 4800
** VESSEL/TRIP/SEQ STN:  hud120_2020_058
** LATITUDE XX XX.XX: 47 00.00 N
** LONGITUDE XX XX.XX: 045 12.80 W
** SOUNDING DEPTH (M): 0171
** PROBE TYPE: S1146
** CTD NUMBER: 037
** FORMAT: V
** COMMENTS (14 CHAR): FC-24
** BOTTLES:  10
** LEVELS: 5,10,20,30,40,50,75,100,150,BTM
** STICKERS: 439750 - 439759
** VNET: Y
** DO2: Y
# nquan = 22
# nvalues = 3080                        
# units = specified
# name 0 = scan: Scan Count
# name 1 = prDM: Pressure, Digiquartz [db]
# name 2 = t090C: Temperature [ITS-90, deg C]
# name 3 = t190C: Temperature, 2 [ITS-90, deg C]
# name 4 = c0S/m: Conductivity [S/m]
# name 5 = c1S/m: Conductivity, 2 [S/m]
# name 6 = sbeox0V: Oxygen raw, SBE 43 [V]
# name 7 = sbeox1V: Oxygen raw, SBE 43, 2 [V]
# name 8 = ph: pH
# name 9 = flECO-AFL: Fluorescence, WET Labs ECO-AFL/FL [mg/m^3]
# name 10 = wetCDOM: Fluorescence, WET Labs CDOM [mg/m^3]
# name 11 = par/sat/log: PAR/Logarithmic, Satlantic [umol photons/m^2/sec]
# name 12 = CStarAt0: Beam Attenuation, WET Labs C-Star [1/m]
# name 13 = CStarTr0: Beam Transmission, WET Labs C-Star [%]
# name 14 = sbeox0ML/L: Oxygen, SBE 43 [ml/l], WS = 2
# name 15 = sbeox1ML/L: Oxygen, SBE 43, 2 [ml/l], WS = 2
# name 16 = sal00: Salinity, Practical [PSU]
# name 17 = sal11: Salinity, Practical, 2 [PSU]
# name 18 = sigma-t00: Density [sigma-t, kg/m^3 ]
# name 19 = sigma-t11: Density, 2 [sigma-t, kg/m^3 ]
# name 20 = oxsatML/L: Oxygen Saturation, Weiss [ml/l]
# name 21 = flag: flag
# span 0 =          9,      39341       
# span 1 =      0.427,    166.781       
# span 2 =     3.5055,     7.6729       
# span 3 =     3.5005,     7.6687       
# span 4 =   0.597003,   3.421394       
# span 5 =   0.428602,   3.420841       
# span 6 =     1.8413,     2.2372       
# span 7 =     2.1879,     2.6594       
# span 8 =      7.926,      8.146       
# span 9 =     0.8850,     6.8577       
# span 10 =    -2.8130,   482.1870      
# span 11 = 1.0690e-01, 1.9530e+02      
# span 12 =     0.0949,     0.5479      
# span 13 =    87.1985,    97.6554      
# span 14 =     5.8700,     7.3608      
# span 15 =     5.9832,     7.3468      
# span 16 =     5.1420,    34.6441      
# span 17 =     3.6161,    34.6436      
# span 18 =     3.9910,    27.5247      
# span 19 =     2.7902,    27.5247      
# span 20 =    6.73747,    8.37708      
# span 21 = 0.0000e+00, 0.0000e+00      
# interval = scans: 3                   
# start_time = Nov 23 2020 12:24:44 [System UTC, header]
# bad_flag = -9.990e-29
*END*
[from data line 1778]
      11617    128.949     3.7546     3.7509   3.207282   3.207053     1.8496     2.1984      7.926     0.9562     0.5822 1.0715e-01     0.1282    96.8470     5.9097     6.0818    34.6164    34.6176    27.5061    27.5075    7.32638 0.0000e+00
      11620    128.855     3.7551     3.7540   3.207409   3.207679     1.8500     2.1984      7.928     0.9663     0.6217 1.0715e-01     0.1282    96.8470     5.9113     6.0803    34.6174    34.6218    27.5069    27.5105    7.32624 0.0000e+00
      11623    128.758     3.7566     3.7573   3.207758   3.208021     1.8500     2.1992      7.926     0.9460     0.6217 1.0715e-01     0.1282    96.8470     5.9107     6.0849    34.6200    34.6224    27.5089    27.5106    7.32584 0.0000e+00
      11626    128.659     3.7567     3.7547   3.207396   3.207432     1.8500     2.1992      7.928     0.9765     0.5822 1.0715e-01     0.1285    96.8383     5.9120     6.0895    34.6156    34.6182    27.5053    27.5076    7.32604 0.0000e+00
      11629    128.559     3.7528     3.7515   3.206823   3.207103     1.8496     2.1992      7.926     0.9663     0.6217 1.0715e-01     0.1271    96.8731     5.9101     6.0921    34.6129    34.6177    27.5036    27.5076    7.32687 0.0000e+00
      11632    128.460     3.7499     3.7533   3.206391   3.207413     1.8500     2.2001      7.926     0.9663     0.5822 1.0715e-01     0.1267    96.8818     5.9120     6.0977    34.6109    34.6196    27.5023    27.5089    7.32749 0.0000e+00
      11635    128.361     3.7487     3.7521   3.206246   3.206899     1.8504     2.2005      7.928     0.9663     0.5822 1.0715e-01     0.1264    96.8905     5.9178     6.1012    34.6105    34.6148    27.5021    27.5051    7.32773 0.0000e+00
      11638    128.260     3.7467     3.7425   3.205895   3.205323     1.8512     2.2017      7.929     0.9562     0.6217 1.0715e-01     0.1260    96.8992     5.9244     6.1084    34.6085    34.6062    27.5007    27.4992    7.32820 0.0000e+00
      11641    128.157     3.7438     3.7395   3.205524   3.205124     1.8512     2.2013      7.928     0.9765     0.6217 1.0715e-01     0.1267    96.8818     5.9258     6.1090    34.6072    34.6070    27.4999    27.5002    7.32878 0.0000e+00
      11644    128.052     3.7436     3.7385   3.205594   3.204890     1.8500     2.2013      7.929     0.9663     0.6217 1.0715e-01     0.1264    96.8905     5.9242     6.1081    34.6084    34.6053    27.5009    27.4990    7.32877 0.0000e+00
      11647    127.945     3.7447     3.7344   3.205741   3.204262     1.8516     2.2021      7.928     0.9663     0.6217 1.0715e-01     0.1264    96.8905     5.9311     6.1120    34.6090    34.6021    27.5013    27.4968    7.32854 0.0000e+00
      11650    127.837     3.7423     3.7310   3.205066   3.203883     1.8508     2.2029      7.929     0.9562     0.6217 1.0715e-01     0.1256    96.9079     5.9302     6.1157    34.6035    34.6013    27.4971    27.4965    7.32923 0.0000e+00
      11653    127.727     3.7385     3.7298   3.204761   3.203752     1.8512     2.2037      7.928     0.9765     0.6217 1.0715e-01     0.1253    96.9165     5.9346     6.1192    34.6039    34.6010    27.4978    27.4965    7.32990 0.0000e+00
      11656    127.616     3.7364     3.7284   3.204362   3.203561     1.8516     2.2041      7.929     0.9969     0.6217 1.0715e-01     0.1249    96.9252     5.9355     6.1195    34.6015    34.6003    27.4961    27.4960    7.33041 0.0000e+00
      11659    127.505     3.7347     3.7279   3.204227   3.203474     1.8537     2.2037      7.931     0.9867     0.6217 1.0715e-01     0.1249    96.9252     5.9450     6.1173    34.6016    34.5999    27.4964    27.4956    7.33070 0.0000e+00
      11662    127.390     3.7351     3.7270   3.204286   3.203325     1.8520     2.2045      7.931     1.0071     0.6217 1.0715e-01     0.1253    96.9165     5.9400     6.1192    34.6020    34.5991    27.4967    27.4952    7.33061 0.0000e+00
      11665    127.274     3.7357     3.7303   3.204432   3.203959     1.8528     2.2050      7.931     0.9867     0.5822 1.0715e-01     0.1249    96.9252     5.9454     6.1207    34.6032    34.6033    27.4975    27.4981    7.33044 0.0000e+00
      11668    127.154     3.7364     3.7337   3.204513   3.204285     1.8537     2.2045      7.926     0.9969     1.7666 1.0715e-01     0.1245    96.9339     5.9491     6.1161    34.6035    34.6037    27.4977    27.4982    7.33031 0.0000e+00
      11671    127.035     3.7377     3.7293   3.204816   3.203462     1.8524     2.2058      7.928     1.0071     2.0429 1.0715e-01     0.1235    96.9600     5.9422     6.1198    34.6058    34.5986    27.4994    27.4945    7.32995 0.0000e+00
      11674    126.910     3.7374     3.7285   3.204456   3.203570     1.8537     2.2062      7.929     0.9867     2.0429 1.0715e-01     0.1228    96.9774     5.9500     6.1193    34.6018    34.6007    27.4963    27.4963    7.33020 0.0000e+00
      11677    126.785     3.7331     3.7316   3.203836   3.204113     1.8541     2.2070      7.929     0.9969     2.0429 1.0727e-01     0.1228    96.9774     5.9504     6.1190    34.5991    34.6040    27.4946    27.4986    7.33112 0.0000e+00
      11680    126.661     3.7315     3.7345   3.203757   3.204532     1.8537     2.2070      7.929     0.9664     2.0429 1.0715e-01     0.1228    96.9774     5.9465     6.1184    34.5999    34.6060    27.4954    27.5000    7.33137 0.0000e+00
      11683    126.531     3.7321     3.7368   3.203807   3.204728     1.8549     2.2066      7.929     0.9053     2.0429 1.0715e-01     0.1228    96.9774     5.9529     6.1172    34.5999    34.6059    27.4953    27.4996    7.33126 0.0000e+00
      11686    126.400     3.7311     3.7360   3.203642   3.204575     1.8549     2.2074      7.929     0.8850     2.0429 1.0715e-01     0.1228    96.9774     5.9551     6.1186    34.5991    34.6051    27.4947    27.4990    7.33148 0.0000e+00
      11689    126.266     3.7309     3.7356   3.203563   3.204503     1.8549     2.2078      7.929     0.9155     2.0429 1.0727e-01     0.1206    97.0295     5.9528     6.1192    34.5984    34.6048    27.4943    27.4988    7.33155 0.0000e+00
      11692    126.126     3.7305     3.7328   3.203412   3.204002     1.8553     2.2078      7.931     0.9155    62.3669 1.0715e-01     0.1188    97.0730     5.9548     6.1187    34.5971    34.6017    27.4932    27.4967    7.33168 0.0000e+00
      11695    125.987     3.7286     3.7292   3.203127   3.203443     1.8557     2.2086      7.928     0.9053   466.7902 1.0715e-01     0.1192    97.0643     5.9572     6.1224    34.5958    34.5989    27.4924    27.4949    7.33209 0.0000e+00
      11698    125.842     3.7268     3.7265   3.202869   3.203107     1.8561     2.2082      7.931     0.9053   481.5159 1.0715e-01     0.1188    97.0730     5.9585     6.1204    34.5947    34.5979    27.4917    27.4943    7.33247 0.0000e+00
      11701    125.697     3.7259     3.7248   3.202739   3.202927     1.8561     2.2082      7.931     0.9053   481.2000 1.0715e-01     0.1188    97.0730     5.9597     6.1201    34.5942    34.5976    27.4914    27.4942    7.33266 0.0000e+00
      11704    125.554     3.7259     3.7262   3.202791   3.203283     1.8561     2.2090      7.931     0.8952   481.3184 1.0715e-01     0.1188    97.0730     5.9579     6.1234    34.5949    34.6004    27.4919    27.4963    7.33262 0.0000e+00
      11707    125.411     3.7265     3.7287   3.202908   3.203619     1.8569     2.2102      7.931     0.9155   481.3579 1.0715e-01     0.1199    97.0469     5.9580     6.1271    34.5958    34.6019    27.4926    27.4972    7.33248 0.0000e+00
      11710    125.264     3.7269     3.7312   3.202718   3.203809     1.8569     2.2094      7.931     0.9257   481.3184 1.0715e-01     0.1526    96.2559     5.9570     6.1228    34.5931    34.6016    27.4904    27.4967    7.33253 0.0000e+00
      11713    125.116     3.7241     3.7256   3.202375   3.202700     1.8569     2.2098      7.929     0.9460   481.3184 1.0715e-01     0.1563    96.1690     5.9554     6.1261    34.5920    34.5943    27.4898    27.4915    7.33309 0.0000e+00
      11716    124.969     3.7226     3.7218   3.202198   3.202342     1.8577     2.2106      7.931     0.9358   481.3184 1.0715e-01     0.1563    96.1690     5.9576     6.1298    34.5916    34.5942    27.4896    27.4918    7.33339 0.0000e+00
      11719    124.823     3.7224     3.7202   3.202234   3.202144     1.8581     2.2115      7.931     0.9257   481.3184 1.0715e-01     0.1563    96.1690     5.9580     6.1334    34.5924    34.5936    27.4903    27.4915    7.33339 0.0000e+00
      11722    124.680     3.7222     3.7198   3.202188   3.202139     1.8581     2.2102      7.931     0.9257   481.3579 1.0715e-01     0.1563    96.1690     5.9561     6.1301    34.5921    34.5940    27.4901    27.4918    7.33344 0.0000e+00
      11725    124.537     3.7215     3.7194   3.202046   3.202038     1.8585     2.2111      7.931     0.9460   481.3579 1.0715e-01     0.1563    96.1690     5.9567     6.1327    34.5912    34.5933    27.4895    27.4913    7.33361 0.0000e+00
      11728    124.398     3.7212     3.7188   3.201979   3.201883     1.8577     2.2115      7.931     0.9257   481.3579 1.0715e-01     0.1491    96.3428     5.9532     6.1335    34.5908    34.5922    27.4891    27.4905    7.33367 0.0000e+00
      11731    124.262     3.7211     3.7177   3.201990   3.201743     1.8581     2.2115      7.931     0.9358   481.3579 1.0715e-01     0.1167    97.1251     5.9546     6.1340    34.5911    34.5917    27.4894    27.4902    7.33368 0.0000e+00
      11734    124.126     3.7214     3.7171   3.202043   3.201658     1.8581     2.2123      7.931     0.9562   481.3579 1.0715e-01     0.1174    97.1078     5.9540     6.1386    34.5915    34.5914    27.4896    27.4901    7.33361 0.0000e+00
      11737    123.996     3.7208     3.7168   3.201924   3.201601     1.8585     2.2123      7.931     0.9460   481.3579 1.0715e-01     0.1174    97.1078     5.9551     6.1381    34.5908    34.5912    27.4892    27.4899    7.33376 0.0000e+00
      11740    123.868     3.7207     3.7174   3.201849   3.201757     1.8594     2.2127      7.931     0.9765   481.3579 1.0715e-01     0.1174    97.1078     5.9592     6.1378    34.5901    34.5924    27.4886    27.4908    7.33381 0.0000e+00
      11743    123.750     3.7196     3.7174   3.201659   3.201691     1.8585     2.2131      7.931     0.9562   481.3579 1.0715e-01     0.1174    97.1078     5.9566     6.1395    34.5890    34.5917    27.4878    27.4902    7.33405 0.0000e+00
      11746    123.638     3.7186     3.7168   3.201549   3.201585     1.8585     2.2139      7.931     0.9562   173.6978 1.0715e-01     0.1174    97.1078     5.9574     6.1428    34.5888    34.5912    27.4878    27.4899    7.33425 0.0000e+00
      11749    123.528     3.7174     3.7169   3.201383   3.201617     1.8594     2.2139      7.931     0.9562    -1.9839 1.0715e-01     0.1170    97.1165     5.9617     6.1421    34.5882    34.5915    27.4874    27.4901    7.33450 0.0000e+00
      11752    123.423     3.7173     3.7173   3.201431   3.201676     1.8598     2.2139      7.931     0.9663     1.9245 1.0715e-01     0.1163    97.1338     5.9657     6.1420    34.5889    34.5918    27.4880    27.4903    7.33448 0.0000e+00
      11755    123.322     3.7185     3.7174   3.201783   3.201690     1.8598     2.2147      7.931     0.9663     1.8060 1.0715e-01     0.1163    97.1338     5.9642     6.1429    34.5919    34.5919    27.4903    27.4904    7.33412 0.0000e+00
      11758    123.230     3.7201     3.7193   3.201824   3.201949     1.8594     2.2151      7.931     0.9562     1.8060 1.0715e-01     0.1163    97.1338     5.9635     6.1421    34.5907    34.5931    27.4892    27.4911    7.33388 0.0000e+00
      11761    123.144     3.7194     3.7219   3.201885   3.202373     1.8606     2.2143      7.931     0.9358     1.8060 1.0727e-01     0.1163    97.1338     5.9691     6.1365    34.5923    34.5954    27.4905    27.4928    7.33393 0.0000e+00
      11764    123.062     3.7231     3.7235   3.202092   3.202679     1.8606     2.2151      7.931     0.9358     1.8060 1.0715e-01     0.1159    97.1425     5.9685     6.1368    34.5908    34.5974    27.4890    27.4942    7.33333 0.0000e+00
      11767    122.985     3.7183     3.7233   3.201322   3.202648     1.8606     2.2151      7.931     0.9257     1.8060 1.0715e-01     0.1167    97.1251     5.9698     6.1355    34.5868    34.5973    27.4862    27.4941    7.33440 0.0000e+00
      11770    122.911     3.7147     3.7243   3.201117   3.202823     1.8602     2.2160      7.931     0.9358     1.8850 1.0715e-01     0.1145    97.1773     5.9680     6.1366    34.5881    34.5984    27.4877    27.4949    7.33498 0.0000e+00
      11773    122.840     3.7136     3.7261   3.200897   3.203104     1.8602     2.2164      7.931     0.9358     6.3067 1.0715e-01     0.1131    97.2121     5.9673     6.1376    34.5867    34.5999    27.4867    27.4959    7.33525 0.0000e+00
      11776    122.772     3.7119     3.7249   3.200623   3.202987     1.8614     2.2164      7.931     0.9460     6.8199 1.0715e-01     0.1135    97.2034     5.9745     6.1361    34.5853    34.5998    27.4856    27.4959    7.33563 0.0000e+00
      11779    122.705     3.7105     3.7262   3.200497   3.203140     1.8610     2.2160      7.931     0.9358     6.7804 1.0715e-01     0.1135    97.2034     5.9738     6.1330    34.5853    34.6003    27.4859    27.4962    7.33589 0.0000e+00
      11782    122.639     3.7103     3.7256   3.200500   3.203020     1.8622     2.2164      7.931     0.9460     6.7804 1.0715e-01     0.1138    97.1947     5.9787     6.1346    34.5856    34.5996    27.4861    27.4957    7.33591 0.0000e+00
      11785    122.569     3.7116     3.7281   3.200591   3.203310     1.8618     2.2160      7.931     0.9460     6.7804 1.0715e-01     0.1135    97.2034     5.9753     6.1317    34.5853    34.6004    27.4857    27.4961    7.33568 0.0000e+00
      11788    122.497     3.7115     3.7259   3.200459   3.202995     1.8618     2.2164      7.931     0.9358     6.7804 1.0715e-01     0.1131    97.2121     5.9771     6.1309    34.5840    34.5990    27.4847    27.4952    7.33578 0.0000e+00
      11791    122.418     3.7118     3.7259   3.200614   3.202988     1.8622     2.2172      7.931     0.9358     6.7804 1.0715e-01     0.1113    97.2555     5.9785     6.1331    34.5855    34.5990    27.4858    27.4952    7.33564 0.0000e+00
      11794    122.337     3.7138     3.7253   3.200640   3.202819     1.8622     2.2164      7.931     0.9155     6.7804 1.0715e-01     0.1110    97.2642     5.9802     6.1290    34.5837    34.5977    27.4842    27.4942    7.33537 0.0000e+00
      11797    122.249     3.7074     3.7211   3.199997   3.202086     1.8630     2.2176      7.931     0.9460    95.5293 1.0727e-01     0.1110    97.2642     5.9858     6.1345    34.5828    34.5933    27.4842    27.4912    7.33657 0.0000e+00
      11800    122.156     3.7071     3.7197   3.199821   3.202012     1.8630     2.2168      7.931     0.9358   477.8443 1.0715e-01     0.1110    97.2642     5.9885     6.1332    34.5811    34.5940    27.4828    27.4918    7.33671 0.0000e+00
      11803    122.056     3.7055     3.7223   3.199502   3.202223     1.8630     2.2172      7.931     0.9358   481.3974 1.0715e-01     0.1113    97.2555     5.9911     6.1359    34.5791    34.5939    27.4814    27.4914    7.33711 0.0000e+00
      11806    121.947     3.7045     3.7209   3.199429   3.201966     1.8630     2.2176      7.933     0.9358   481.2000 1.0715e-01     0.1110    97.2642     5.9897     6.1406    34.5793    34.5923    27.4816    27.4904    7.33727 0.0000e+00
      11809    121.831     3.7013     3.7170   3.198929   3.201595     1.8634     2.2168      7.931     0.9257   481.3184 1.0715e-01     0.1110    97.2642     5.9947     6.1399    34.5767    34.5920    27.4799    27.4905    7.33797 0.0000e+00
