Datasets/AZMP/HUD120/hud120_2020_022.cnv
* Sea-Bird SBE 9 Data File:
* FileName = C:\CTDDATA\hud120_2020_022.hex
* Software Version Seasave V 7.26.7.110
* Temperature SN = 1697
* Conductivity SN = 4216
* Number of Bytes Per Scan = 30
* Number of Voltage Words = 4
* Number of Scans Averaged by the Deck Unit = 1
* NMEA baud rate = 4800
** VESSEL/TRIP/SEQ STN:  hud120_2020_022
** LATITUDE XX XX.XX: 45 05.70 N
** LONGITUDE XX XX.XX: 051 42.00 W
** SOUNDING DEPTH (M): 0074
** PROBE TYPE: S1146
** CTD NUMBER: 012
** FORMAT: V
** COMMENTS (14 CHAR): SEGB-08
** BOTTLES:  07
** LEVELS: 5,10,20,30,40,50,BTM
** STICKERS: 439588 - 439594
** VNET: Y
** DO2: N
# nquan = 22
# nvalues = 1697                        
# units = specified
# name 0 = scan: Scan Count
# name 1 = prDM: Pressure, Digiquartz [db]
# name 2 = t090C: Temperature [ITS-90, deg C]
# name 3 = t190C: Temperature, 2 [ITS-90, deg C]
# name 4 = c0S/m: Conductivity [S/m]
# name 5 = c1S/m: Conductivity, 2 [S/m]
# name 6 = sbeox0V: Oxygen raw, SBE 43 [V]
# name 7 = sbeox1V: Oxygen raw, SBE 43, 2 [V]
# name 8 = ph: pH
# name 9 = flECO-AFL: Fluorescence, WET Labs ECO-AFL/FL [mg/m^3]
# name 10 = wetCDOM: Fluorescence, WET Labs CDOM [mg/m^3]
# name 11 = par/sat/log: PAR/Logarithmic, Satlantic [umol photons/m^2/sec]
# name 12 = CStarAt0: Beam Attenuation, WET Labs C-Star [1/m]
# name 13 = CStarTr0: Beam Transmission, WET Labs C-Star [%]
# name 14 = sbeox0ML/L: Oxygen, SBE 43 [ml/l], WS = 2
# name 15 = sbeox1ML/L: Oxygen, SBE 43, 2 [ml/l], WS = 2
# name 16 = sal00: Salinity, Practical [PSU]
# name 17 = sal11: Salinity, Practical, 2 [PSU]
# name 18 = sigma-t00: Density [sigma-t, kg/m^3 ]
# name 19 = sigma-t11: Density, 2 [sigma-t, kg/m^3 ]
# name 20 = oxsatML/L: Oxygen Saturation, Weiss [ml/l]
# name 21 = flag: flag
# span 0 =          8,      27525       
# span 1 =      0.775,     68.573       
# span 2 =     3.6420,    11.9190       
# span 3 =     3.6367,    11.9139       
# span 4 =   3.029842,   3.712272       
# span 5 =   3.029272,   3.711786       
# span 6 =     1.7163,     2.1996       
# span 7 =     2.0109,     2.6001       
# span 8 =      7.799,      8.132       
# span 9 =     1.4955,     5.3416       
# span 10 =    -2.8130,   482.1870      
# span 11 = 1.0703e-01, 1.4103e+00      
# span 12 =     0.0985,     0.3766      
# span 13 =    91.0144,    97.5685      
# span 14 =     5.0518,     6.0717      
# span 15 =     5.1264,     6.2945      
# span 16 =    32.2379,    32.9336      
# span 17 =    32.1574,    33.3498      
# span 18 =    24.4719,    26.0174      
# span 19 =    24.4724,    26.3077      
# span 20 =    6.16648,    7.44220      
# span 21 = 0.0000e+00, 0.0000e+00      
# interval = scans: 3                   
# start_time = Nov 18 2020 06:57:32 [System UTC, header]
# bad_flag = -9.990e-29
*END*
[from data line 1120]
      10766     47.975     9.5860     8.6010   3.525930   3.461129     1.9496     2.2894      7.893     1.9228    -0.3258 1.0715e-01     0.1024    97.4728     5.7627     5.8984    32.4685    32.6982    25.0435    25.3774    6.47982 0.0000e+00
      10769     47.948     9.6334     8.6372   3.530637   3.469317     1.9520     2.2939      7.895     1.9330    -0.3653 1.0727e-01     0.1024    97.4728     5.7649     5.9091    32.4738    32.7506    25.0400    25.4129    6.47276 0.0000e+00
      10772     47.921     9.6751     8.7045   3.531774   3.475707     1.9553     2.2984      7.898     1.9330    -0.3258 1.0715e-01     0.1024    97.4728     5.7764     5.9188    32.4479    32.7552    25.0130    25.4063    6.46784 0.0000e+00
      10775     47.893     9.6813     8.7633   3.531775   3.478265     1.9589     2.3041      7.899     1.9228    -0.3258 1.0715e-01     0.1024    97.4728     5.7985     5.9381    32.4422    32.7276    25.0076    25.3757    6.46717 0.0000e+00
      10778     47.863     9.6979     8.8006   3.528243   3.478765     1.9618     2.3082      7.902     1.9330   331.4955 1.0715e-01     0.1035    97.4468     5.8193     5.9584    32.3913    32.6985    24.9651    25.3472    6.46689 0.0000e+00
      10781     47.834     9.6385     8.8252   3.524391   3.478674     1.9659     2.3118      7.904     1.9431   482.0291 1.0740e-01     0.1035    97.4468     5.8554     5.9822    32.4054    32.6749    24.9858    25.3249    6.47484 0.0000e+00
      10784     47.803     9.5263     8.8332   3.523100   3.474432     1.9679     2.3139      7.907     1.9228   481.0026 1.0715e-01     0.1024    97.4728     5.8906     6.0066    32.4937    32.6233    25.0728    25.2833    6.48739 0.0000e+00
      10787     47.767     9.5231     8.8369   3.517403   3.471441     1.9716     2.3167      7.907     1.9330   481.3579 1.0715e-01     0.1031    97.4555     5.9180     6.0338    32.4383    32.5887    25.0300    25.2557    6.49015 0.0000e+00
      10790     47.728     9.5163     8.8291   3.518840   3.462850     1.9781     2.3191      7.910     1.9838   481.3579 1.0727e-01     0.1031    97.4555     5.9536     6.0634    32.4591    32.5063    25.0475    25.1923    6.49027 0.0000e+00
      10793     47.682     9.4431     8.7507   3.507448   3.447681     1.9850     2.3236      7.912     2.1670   481.3579 1.0715e-01     0.1028    97.4641     6.0024     6.1094    32.4086    32.4198    25.0197    25.1366    6.50298 0.0000e+00
      10796     47.631     9.6463     8.6791   3.528341   3.440170     1.9915     2.3297      7.912     2.1772   481.3579 1.0727e-01     0.1028    97.4641     5.9977     6.1560    32.4389    32.4070    25.0106    25.1374    6.47236 0.0000e+00
      10799     47.575     9.7962     8.5706   3.544310   3.415085     1.9968     2.3383      7.913     2.1670   481.3579 1.0727e-01     0.0988    97.5598     5.9947     6.2226    32.4665    32.2435    25.0078    25.0257    6.44970 0.0000e+00
      10802     47.512     9.9284     8.4055   3.561494   3.402247     2.0021     2.3460      7.914     2.1670   459.4865 1.0715e-01     0.0988    97.5598     5.9902     6.2899    32.5221    32.2598    25.0294    25.0632    6.42860 0.0000e+00
      10805     47.445    10.1352     8.5762   3.569809   3.470127     2.0074     2.3538      7.915     2.1772    36.6266 1.0715e-01     0.0988    97.5598     5.9772     6.2771    32.4206    32.8158    24.9159    25.4732    6.40341 0.0000e+00
      10808     47.371    10.1305     8.8058   3.565461   3.492417     2.0119     2.3615      7.916     2.1772    -1.9050 1.0715e-01     0.0992    97.5511     5.9870     6.2729    32.3809    32.8365    24.8857    25.4544    6.40568 0.0000e+00
      10811     47.290    10.0762     8.9228   3.564495   3.493611     2.0155     2.3676      7.918     2.1772     0.2269 1.0715e-01     0.0985    97.5685     5.9934     6.2821    32.4198    32.7408    24.9251    25.3615    6.41177 0.0000e+00
      10814     47.204    10.1859     8.9836   3.572048   3.493162     2.0204     2.3741      7.919     2.1772     0.1479 1.0715e-01     0.0985    97.5685     5.9808     6.2942    32.3980    32.6802    24.8897    25.3046    6.39718 0.0000e+00
      10817     47.114    10.0725     9.0565   3.560066   3.501432     2.0241     2.3798      7.924     2.1060     0.1479 1.0740e-01     0.0995    97.5424     5.9996     6.2923    32.3784    32.6992    24.8934    25.3080    6.41398 0.0000e+00
      10820     47.018    10.1154     9.1760   3.571878   3.532014     2.0273     2.3851      7.926     2.0246     0.1479 1.0727e-01     0.1013    97.4989     5.9914     6.2702    32.4593    32.9059    24.9494    25.4509    6.40464 0.0000e+00
      10823     46.915    10.2746     9.4038   3.573039   3.546633     2.0318     2.3912      7.930     2.0246     0.1479 1.0715e-01     0.1006    97.5163     5.9805     6.2435    32.3289    32.8476    24.8210    25.3691    6.38751 0.0000e+00
      10826     46.806    10.2077     9.4797   3.579753   3.545069     2.0355     2.3977      7.937     2.0144     0.1479 1.0715e-01     0.1006    97.5163     5.9911     6.2448    32.4562    32.7619    24.9315    25.2899    6.39175 0.0000e+00
      10829     46.697    10.1330     9.5266   3.559357   3.537391     2.0391     2.4030      7.944     2.0144     0.7401 1.0715e-01     0.1006    97.5163     6.0134     6.2491    32.3174    32.6404    24.8357    25.1874    6.40795 0.0000e+00
      10832     46.581     9.9271     9.5287   3.546414   3.531934     2.0424     2.4100      7.950     2.0144     2.6746 1.0727e-01     0.1002    97.5250     6.0492     6.2635    32.3706    32.5826    24.9115    25.1419    6.43494 0.0000e+00
      10835     46.461     9.8728     9.4895   3.544052   3.517740     2.0465     2.4156      7.956     2.0246     2.6351 1.0715e-01     0.1009    97.5076     6.0647     6.2822    32.3955    32.4726    24.9398    25.0623    6.44167 0.0000e+00
      10838     46.339    10.0944     9.4486   3.583075   3.517444     2.0505     2.4209      7.962     2.0246     2.6351 1.0715e-01     0.1006    97.5163     6.0326     6.2945    32.5915    32.5068    25.0559    25.0955    6.40231 0.0000e+00
      10841     46.212    10.6490     9.4933   3.632269   3.546413     2.0538     2.4267      7.966     2.0246     2.6351 1.0715e-01     0.1002    97.5250     5.9578     6.2832    32.5887    32.7634    24.9594    25.2889    6.32497 0.0000e+00
      10844     46.086    11.1541     9.8153   3.666807   3.624531     2.0571     2.4315      7.967     2.0551     2.6351 1.0715e-01     0.1002    97.5250     5.8951     6.2129    32.4830    33.2673    24.7888    25.6298    6.26004 0.0000e+00
      10847     45.954    11.4095    10.2241   3.680164   3.663166     2.0599     2.4368      7.971     2.0754     2.6351 1.0715e-01     0.1002    97.5250     5.8651     6.1474    32.3897    33.2838    24.6705    25.5742    6.22925 0.0000e+00
      10850     45.819    11.5236    10.5223   3.686173   3.675823     2.0636     2.4413      7.975     2.0856     2.6351 1.0715e-01     0.1002    97.5250     5.8568     6.1031    32.3486    33.1389    24.6180    25.4101    6.21557 0.0000e+00
      10853     45.686    11.5735    10.7248   3.688897   3.680757     2.0656     2.4458      7.980     2.0754     2.6351 1.0715e-01     0.1002    97.5250     5.8498     6.0725    32.3317    33.0047    24.5958    25.2704    6.20957 0.0000e+00
      10856     45.554    11.5954    10.8651   3.690437   3.683121     2.0693     2.4494      7.980     2.0754     2.3982 1.0727e-01     0.1002    97.5250     5.8504     6.0485    32.3276    32.9020    24.5887    25.1659    6.20681 0.0000e+00
      10859     45.421    11.6054    10.9682   3.691170   3.685156     2.0717     2.4531      7.984     2.0856     2.1614 1.0715e-01     0.1045    97.4207     5.8477     6.0310    32.3262    32.8298    24.5857    25.0915    6.20553 0.0000e+00
      10862     45.290    11.6266    11.0517   3.693622   3.687395     2.0750     2.4580      7.984     2.0856     2.1614 1.0715e-01     0.1052    97.4033     5.8477     6.0204    32.3315    32.7774    24.5860    25.0360    6.20249 0.0000e+00
      10865     45.163    11.6493    11.1220   3.695273   3.689288     2.0778     2.4596      7.989     2.0958     2.1614 1.0715e-01     0.1052    97.4033     5.8463     6.0023    32.3279    32.7335    24.5791    24.9894    6.19962 0.0000e+00
      10868     45.035    11.6641    11.1800   3.696370   3.690659     2.0798     2.4616      7.989     2.1263     2.1614 1.0727e-01     0.1056    97.3946     5.8444     5.9899    32.3257    32.6955    24.5747    24.9495    6.19773 0.0000e+00
      10871     44.910    11.6708    11.2319   3.696523   3.691879     2.0819     2.4625      7.991     2.7368     2.1614 1.0715e-01     0.1052    97.4033     5.8433     5.9755    32.3215    32.6616    24.5701    24.9138    6.19701 0.0000e+00
      10874     44.788    11.6725    11.2722   3.696631   3.691926     2.0839     2.4645      7.993     2.7775     2.1614 1.0715e-01     0.1052    97.4033     5.8415     5.9682    32.3210    32.6264    24.5695    24.8792    6.19679 0.0000e+00
      10877     44.667    11.6736    11.3069   3.696684   3.692694     2.0856     2.4661      7.993     2.7572     2.1614 1.0715e-01     0.1059    97.3859     5.8385     5.9607    32.3207    32.6033    24.5690    24.8551    6.19667 0.0000e+00
      10880     44.550    11.6481    11.3407   3.693440   3.693663     2.0868     2.4686      7.994     2.7572     2.1614 1.0715e-01     0.1106    97.2729     5.8381     5.9567    32.3113    32.5831    24.5664    24.8333    6.20042 0.0000e+00
      10883     44.436    11.6625    11.3705   3.696830   3.694507     2.0888     2.4714      7.995     2.7572     1.9640 1.0727e-01     0.1099    97.2903     5.8358     5.9542    32.3319    32.5651    24.5797    24.8139    6.19771 0.0000e+00
      10886     44.325    11.6927    11.3987   3.698722   3.695425     2.0904     2.4730      7.998     2.7572     1.9245 1.0715e-01     0.1099    97.2903     5.8310     5.9499    32.3240    32.5493    24.5681    24.7965    6.19400 0.0000e+00
      10889     44.220    11.6926    11.4266   3.697395   3.696440     2.0925     2.4751      8.001     2.7470     1.9245 1.0715e-01     0.1103    97.2816     5.8321     5.9485    32.3112    32.5348    24.5582    24.7802    6.19451 0.0000e+00
      10892     44.120    11.6664    11.4506   3.696043   3.696950     2.0945     2.4775      8.003     2.7470     1.9245 1.0715e-01     0.1099    97.2903     5.8375     5.9486    32.3210    32.5186    24.5706    24.7633    6.19761 0.0000e+00
      10895     44.023    11.6797    11.4735   3.697292   3.697237     2.0953     2.4787      8.006     2.8691     1.9245 1.0715e-01     0.1099    97.2903     5.8340     5.9434    32.3216    32.5014    24.5686    24.7457    6.19582 0.0000e+00
      10898     43.931    11.6854    11.4916   3.697639   3.697530     2.0961     2.4808      8.007     3.1641     1.9245 1.0715e-01     0.1135    97.2034     5.8323     5.9405    32.3200    32.4883    24.5663    24.7324    6.19512 0.0000e+00
      10901     43.844    11.7082    11.5121   3.700393   3.698233     2.0969     2.4812      8.012     3.1540     1.9245 1.0715e-01     0.1174    97.1078     5.8288     5.9324    32.3270    32.4773    24.5676    24.7201    6.19183 0.0000e+00
      10904     43.765    11.7215    11.5224   3.699915   3.696910     2.0986     2.4824      8.012     3.1540     1.9245 1.0727e-01     0.1174    97.1078     5.8300     5.9279    32.3108    32.4553    24.5525    24.7011    6.19069 0.0000e+00
      10907     43.687    11.7143    11.5321   3.699096   3.696717     2.1006     2.4828      8.012     3.1641    53.9973 1.0715e-01     0.1174    97.1078     5.8346     5.9219    32.3091    32.4450    24.5526    24.6913    6.19171 0.0000e+00
      10910     43.617    11.7093    11.5408   3.698487   3.696135     2.1002     2.4836      8.017     3.1540   462.8423 1.0715e-01     0.1170    97.1165     5.8320     5.9186    32.3076    32.4317    24.5523    24.6795    6.19244 0.0000e+00
      10913     43.550    11.6991    11.5470   3.697392   3.688916     2.1010     2.4845      8.017     3.1641   481.5553 1.0727e-01     0.1174    97.1078     5.8348     5.9185    32.3058    32.3559    24.5528    24.6194    6.19386 0.0000e+00
      10916     43.485    11.6866    11.4899   3.696369   3.666655     2.1031     2.4857      8.020     3.1540   481.2000 1.0715e-01     0.1174    97.1078     5.8425     5.9324    32.3068    32.1884    24.5559    24.4996    6.19548 0.0000e+00
      10919     43.427    11.6674    11.3568   3.695138   3.651639     2.1035     2.4853      8.021     3.1641   481.3579 1.0715e-01     0.1192    97.0643     5.8463     5.9476    32.3116    32.1574    24.5631    24.4994    6.19784 0.0000e+00
      10922     43.372    11.6530    11.2693   3.694302   3.651604     2.1051     2.4865      8.021     3.2252   481.3184 1.0715e-01     0.1195    97.0556     5.8525     5.9577    32.3160    32.2334    24.5691    24.5742    6.19959 0.0000e+00
      10925     43.319    11.6450    11.2469   3.692517   3.657411     2.1055     2.4873      8.026     3.2659   481.3579 1.0715e-01     0.1195    97.0556     5.8546     5.9590    32.3056    32.3101    24.5625    24.6378    6.20105 0.0000e+00
      10928     43.271    11.6083    11.2619   3.682287   3.661950     2.1071     2.4877      8.031     3.2761   481.3579 1.0715e-01     0.1195    97.0556     5.8665     5.9565    32.2379    32.3415    24.5166    24.6595    6.20858 0.0000e+00
      10931     43.227    11.5779    11.2858   3.680249   3.671352     2.1083     2.4885      8.031     3.2659   481.3579 1.0715e-01     0.1195    97.0556     5.8749     5.9527    32.2445    32.4129    24.5273    24.7108    6.21237 0.0000e+00
      10934     43.181    11.5660    11.3475   3.685678   3.680038     2.1092     2.4893      8.034     3.2659   481.3579 1.0715e-01     0.1195    97.0556     5.8782     5.9462    32.3079    32.4439    24.5787    24.7239    6.21150 0.0000e+00
      10937     43.137    11.5871    11.3726   3.687629   3.677036     2.1104     2.4897      8.036     3.2557   481.3579 1.0715e-01     0.1199    97.0469     5.8779     5.9466    32.3085    32.3925    24.5753    24.6794    6.20865 0.0000e+00
      10940     43.098    11.5540    11.3801   3.683944   3.677725     2.1108     2.4901      8.039     3.2659   481.3579 1.0715e-01     0.1253    96.9166     5.8824     5.9477    32.3014    32.3928    24.5758    24.6782    6.21335 0.0000e+00
      10943     43.058    11.4967    11.3741   3.676296   3.671004     2.1116     2.4910      8.041     3.2659   481.3579 1.0715e-01     0.1260    96.8992     5.8935     5.9554    32.2768    32.3322    24.5670    24.6322    6.22197 0.0000e+00
      10946     43.021    11.4462    11.3396   3.672624   3.664112     2.1128     2.4910      8.044     3.2659   481.3579 1.0715e-01     0.1260    96.8992     5.9028     5.9633    32.2850    32.2948    24.5826    24.6094    6.22842 0.0000e+00
      10949     42.984    11.4907    11.3084   3.679696   3.660610     2.1145     2.4918      8.045     3.2862   481.3579 1.0715e-01     0.1260    96.8992     5.9011     5.9729    32.3153    32.2877    24.5981    24.6094    6.22127 0.0000e+00
      10952     42.944    11.4441    11.2918   3.671025   3.661604     2.1145     2.4930      8.048     3.2862   481.3579 1.0715e-01     0.1260    96.8992     5.9075     5.9806    32.2712    32.3121    24.5722    24.6313    6.22924 0.0000e+00
      10955     42.908    11.2997    11.2914   3.661134   3.663770     2.1161     2.4934      8.051     3.3066   481.3579 1.0727e-01     0.1260    96.8992     5.9301     5.9846    32.3006    32.3337    24.6210    24.6482    6.24752 0.0000e+00
      10958     42.872    11.2496    11.2943   3.658526   3.664457     2.1173     2.4950      8.052     3.3066   481.3579 1.0727e-01     0.1264    96.8905     5.9403     5.9915    32.3188    32.3379    24.6441    24.6509    6.25356 0.0000e+00
