Datasets/AZMP/HUD120/hud120_2020_062.cnv
* Sea-Bird SBE 9 Data File:
* FileName = C:\CTDDATA\hud120_2020_062.hex
* Software Version Seasave V 7.26.7.110
* Temperature SN = 1697
* Conductivity SN = 4216
* Number of Bytes Per Scan = 30
* Number of Voltage Words = 4
* Number of Scans Averaged by the Deck Unit = 1
* NMEA baud rate = 4800
** VESSEL/TRIP/SEQ STN:  hud120_2020_062
** LATITUDE XX XX.XX: 47 00.00 N
** LONGITUDE XX XX.XX: 046 29.00 W
** SOUNDING DEPTH (M): 0350
** PROBE TYPE: S1146
** CTD NUMBER: 041
** FORMAT: V
** COMMENTS (14 CHAR): FC-20
** BOTTLES:  10
** LEVELS: 5,10,20,30,40,50,75,100,150,BTM
** STICKERS: 439781 - 439790
** VNET: Y
** DO2: Y
# nquan = 22
# nvalues = 5836                        
# units = specified
# name 0 = scan: Scan Count
# name 1 = prDM: Pressure, Digiquartz [db]
# name 2 = t090C: Temperature [ITS-90, deg C]
# name 3 = t190C: Temperature, 2 [ITS-90, deg C]
# name 4 = c0S/m: Conductivity [S/m]
# name 5 = c1S/m: Conductivity, 2 [S/m]
# name 6 = sbeox0V: Oxygen raw, SBE 43 [V]
# name 7 = sbeox1V: Oxygen raw, SBE 43, 2 [V]
# name 8 = ph: pH
# name 9 = flECO-AFL: Fluorescence, WET Labs ECO-AFL/FL [mg/m^3]
# name 10 = wetCDOM: Fluorescence, WET Labs CDOM [mg/m^3]
# name 11 = par/sat/log: PAR/Logarithmic, Satlantic [umol photons/m^2/sec]
# name 12 = CStarAt0: Beam Attenuation, WET Labs C-Star [1/m]
# name 13 = CStarTr0: Beam Transmission, WET Labs C-Star [%]
# name 14 = sbeox0ML/L: Oxygen, SBE 43 [ml/l], WS = 2
# name 15 = sbeox1ML/L: Oxygen, SBE 43, 2 [ml/l], WS = 2
# name 16 = sal00: Salinity, Practical [PSU]
# name 17 = sal11: Salinity, Practical, 2 [PSU]
# name 18 = sigma-t00: Density [sigma-t, kg/m^3 ]
# name 19 = sigma-t11: Density, 2 [sigma-t, kg/m^3 ]
# name 20 = oxsatML/L: Oxygen Saturation, Weiss [ml/l]
# name 21 = flag: flag
# span 0 =         81,      42150       
# span 1 =      2.474,    348.471       
# span 2 =     3.9958,     7.2963       
# span 3 =     3.9897,     7.2835       
# span 4 =   3.231080,   3.386599       
# span 5 =   3.230762,   3.385234       
# span 6 =     1.8165,     2.2186       
# span 7 =     2.1527,     2.6587       
# span 8 =      7.979,      8.165       
# span 9 =     0.8646,     6.7560       
# span 10 =    -2.8130,   482.1870      
# span 11 = 1.0641e-01, 6.1264e-01      
# span 12 =     0.0725,     0.2803      
# span 13 =    93.2310,    98.2030      
# span 14 =     5.7434,     6.8783      
# span 15 =     5.8785,     7.1015      
# span 16 =    33.1489,    34.8914      
# span 17 =    33.1464,    34.8893      
# span 18 =    25.9225,    27.6812      
# span 19 =    25.9217,    27.6811      
# span 20 =    6.79591,    7.27653      
# span 21 = 0.0000e+00, 0.0000e+00      
# interval = scans: 3                   
# start_time = Nov 23 2020 22:47:16 [System UTC, header]
# bad_flag = -9.990e-29
*END*
[from data line 1515]
       6149    203.022     4.2078     4.2031   3.265975   3.265487     1.9011     2.2564      8.001     0.9663    -1.8260 1.0715e-01     0.0747    98.1508     6.0718     6.2199    34.7944    34.7935    27.6007    27.6005    7.23662 0.0000e+00
       6152    203.061     4.2078     4.2033   3.265965   3.265472     1.9007     2.2564      8.001     0.9562    -0.7601 1.0727e-01     0.0747    98.1508     6.0696     6.2206    34.7943    34.7931    27.6006    27.6001    7.23662 0.0000e+00
       6155    203.090     4.2073     4.2030   3.265837   3.265458     1.9015     2.2564      8.001     0.9460    -0.3258 1.0715e-01     0.0747    98.1508     6.0737     6.2213    34.7932    34.7933    27.5998    27.6003    7.23675 0.0000e+00
       6188    203.204     4.2019     4.1876   3.265386   3.263751     1.8983     2.2544      8.001     0.9460    -0.2074 1.0727e-01     0.0754    98.1335     6.0636     6.2132    34.7936    34.7893    27.6006    27.5988    7.23770 0.0000e+00
       6191    203.232     4.2051     4.1829   3.265748   3.263466     1.8987     2.2540      8.001     0.9358    -0.2074 1.0715e-01     0.0750    98.1421     6.0643     6.2112    34.7944    34.7908    27.6010    27.6005    7.23708 0.0000e+00
       6194    203.268     4.2067     4.1909   3.265907   3.264393     1.8991     2.2540      8.001     0.9155    -0.2469 1.0715e-01     0.0747    98.1508     6.0654     6.2087    34.7945    34.7934    27.6009    27.6017    7.23679 0.0000e+00
       6197    203.313     4.2070     4.2000   3.265938   3.265179     1.8987     2.2548      8.001     0.9155    -0.2074 1.0715e-01     0.0747    98.1508     6.0642     6.2094    34.7946    34.7930    27.6009    27.6004    7.23675 0.0000e+00
       6200    203.369     4.2077     4.1981   3.265981   3.264873     1.8987     2.2528      8.001     0.9460    -0.2074 1.0727e-01     0.0750    98.1421     6.0652     6.2008    34.7943    34.7914    27.6006    27.5994    7.23662 0.0000e+00
       6203    203.436     4.2083     4.1950   3.266056   3.264680     1.8987     2.2528      8.001     0.9358    -0.1679 1.0715e-01     0.0747    98.1508     6.0664     6.1977    34.7946    34.7924    27.6008    27.6004    7.23652 0.0000e+00
       6206    203.518     4.2084     4.2018   3.266070   3.265409     1.8983     2.2528      8.001     0.9358     0.0295 1.0727e-01     0.0754    98.1335     6.0648     6.1976    34.7945    34.7937    27.6007    27.6008    7.23649 0.0000e+00
       6209    203.614     4.2086     4.2036   3.266101   3.265558     1.8974     2.2528      8.001     0.9257     0.0295 1.0715e-01     0.0747    98.1508     6.0618     6.1987    34.7947    34.7935    27.6008    27.6004    7.23646 0.0000e+00
       6212    203.723     4.2084     4.2040   3.266099   3.265612     1.8983     2.2524      8.001     0.9358     0.0295 1.0715e-01     0.0747    98.1508     6.0636     6.1996    34.7948    34.7937    27.6009    27.6005    7.23648 0.0000e+00
       6215    203.845     4.2091     4.2043   3.266188   3.265634     1.8978     2.2515      8.001     0.9358     0.0295 1.0715e-01     0.0750    98.1421     6.0599     6.1966    34.7950    34.7935    27.6010    27.6004    7.23634 0.0000e+00
       6218    203.982     4.2099     4.2048   3.266285   3.265710     1.8974     2.2519      8.001     0.9358     0.0295 1.0715e-01     0.0747    98.1508     6.0578     6.1969    34.7953    34.7938    27.6012    27.6005    7.23620 0.0000e+00
       6221    204.134     4.2126     4.2054   3.266620   3.265796     1.8974     2.2515      8.003     0.9358     0.0295 1.0727e-01     0.0754    98.1335     6.0580     6.1971    34.7963    34.7941    27.6017    27.6007    7.23567 0.0000e+00
       6224    204.301     4.2150     4.2073   3.266832   3.266056     1.8974     2.2507      8.001     0.9257     0.0295 1.0715e-01     0.0747    98.1508     6.0571     6.1948    34.7961    34.7951    27.6013    27.6013    7.23524 0.0000e+00
       6227    204.480     4.2153     4.2104   3.266901   3.266358     1.8974     2.2503      8.001     0.9460     0.0295 1.0727e-01     0.0750    98.1421     6.0565     6.1923    34.7965    34.7953    27.6016    27.6012    7.23517 0.0000e+00
       6230    204.669     4.2159     4.2113   3.266945   3.266449     1.8970     2.2507      8.001     0.9358     0.3848 1.0715e-01     0.0750    98.1421     6.0543     6.1931    34.7964    34.7954    27.6014    27.6011    7.23508 0.0000e+00
       6233    204.873     4.2167     4.2125   3.267049   3.266565     1.8970     2.2515      8.001     0.9257     0.7006 1.0740e-01     0.0747    98.1508     6.0525     6.1957    34.7966    34.7954    27.6015    27.6010    7.23492 0.0000e+00
       6236    205.092     4.2188     4.2146   3.267307   3.266819     1.8958     2.2511      8.001     0.9155     0.7006 1.0740e-01     0.0747    98.1508     6.0465     6.1957    34.7973    34.7960    27.6019    27.6012    7.23452 0.0000e+00
       6239    205.322     4.2217     4.2179   3.267641   3.267175     1.8966     2.2499      8.001     0.9460     0.7401 1.0727e-01     0.0747    98.1508     6.0487     6.1903    34.7981    34.7966    27.6021    27.6014    7.23397 0.0000e+00
       6242    205.559     4.2265     4.2230   3.268185   3.267738     1.8966     2.2495      8.001     0.9460     0.7006 1.0740e-01     0.0750    98.1421     6.0471     6.1888    34.7993    34.7977    27.6026    27.6017    7.23306 0.0000e+00
       6245    205.805     4.2315     4.2274   3.268695   3.268199     1.8962     2.2495      8.001     0.9358     0.7401 1.0715e-01     0.0747    98.1508     6.0442     6.1893    34.7999    34.7984    27.6026    27.6018    7.23214 0.0000e+00
       6248    206.056     4.2373     4.2323   3.269391   3.268754     1.8954     2.2491      8.001     0.9053     0.7401 1.0715e-01     0.0750    98.1421     6.0386     6.1867    34.8019    34.7996    27.6035    27.6022    7.23102 0.0000e+00
       6251    206.317     4.2452     4.2408   3.270257   3.269681     1.8954     2.2491      8.001     0.9053     0.7006 1.0727e-01     0.0743    98.1595     6.0349     6.1843    34.8037    34.8015    27.6040    27.6028    7.22955 0.0000e+00
       6254    206.586     4.2524     4.2483   3.271045   3.270548     1.8950     2.2483      8.001     0.9053     0.6612 1.0727e-01     0.0747    98.1508     6.0305     6.1788    34.8051    34.8036    27.6044    27.6037    7.22819 0.0000e+00
       6257    206.854     4.2574     4.2534   3.271532   3.271082     1.8950     2.2487      8.001     0.8952     1.0165 1.0715e-01     0.0747    98.1508     6.0307     6.1796    34.8055    34.8045    27.6042    27.6038    7.22730 0.0000e+00
       6260    207.122     4.2592     4.2552   3.271729   3.271270     1.8954     2.2483      8.001     0.9053     1.0954 1.0715e-01     0.0747    98.1508     6.0318     6.1807    34.8058    34.8046    27.6042    27.6037    7.22696 0.0000e+00
       6263    207.391     4.2603     4.2559   3.271875   3.271386     1.8942     2.2479      8.001     0.8952     1.0559 1.0727e-01     0.0743    98.1595     6.0283     6.1815    34.8062    34.8051    27.6044    27.6040    7.22675 0.0000e+00
       6266    207.659     4.2617     4.2571   3.272030   3.271539     1.8942     2.2487      8.001     0.8952     1.0559 1.0715e-01     0.0747    98.1508     6.0303     6.1838    34.8064    34.8055    27.6044    27.6042    7.22650 0.0000e+00
       6269    207.920     4.2623     4.2579   3.272109   3.271617     1.8942     2.2475      8.001     0.8850     1.0954 1.0715e-01     0.0747    98.1508     6.0322     6.1806    34.8065    34.8054    27.6045    27.6041    7.22637 0.0000e+00
       6272    208.172     4.2624     4.2581   3.272176   3.271680     1.8934     2.2475      8.001     0.9155     1.0954 1.0727e-01     0.0747    98.1508     6.0307     6.1814    34.8071    34.8058    27.6049    27.6043    7.22633 0.0000e+00
       6275    208.418     4.2626     4.2582   3.272186   3.271709     1.8926     2.2471      8.001     0.9460     1.0954 1.0740e-01     0.0747    98.1508     6.0282     6.1796    34.8069    34.8059    27.6047    27.6044    7.22631 0.0000e+00
       6278    208.655     4.2631     4.2585   3.272254   3.271788     1.8926     2.2467      8.001     0.9460     1.0954 1.0715e-01     0.0747    98.1508     6.0279     6.1784    34.8070    34.8064    27.6048    27.6048    7.22621 0.0000e+00
       6281    208.880     4.2632     4.2586   3.272314   3.271798     1.8934     2.2467      8.001     0.9358     1.2928 1.0715e-01     0.0747    98.1508     6.0315     6.1778    34.8075    34.8063    27.6052    27.6047    7.22617 0.0000e+00
       6284    209.091     4.2636     4.2591   3.272370   3.271877     1.8926     2.2467      8.001     0.9358     2.4772 1.0727e-01     0.0747    98.1508     6.0296     6.1790    34.8076    34.8066    27.6052    27.6049    7.22609 0.0000e+00
       6287    209.288     4.2640     4.2598   3.272465   3.271972     1.8938     2.2467      8.001     0.9358     2.5167 1.0715e-01     0.0747    98.1508     6.0367     6.1783    34.8082    34.8069    27.6057    27.6050    7.22599 0.0000e+00
       6290    209.469     4.2649     4.2607   3.272541   3.272081     1.8926     2.2458      8.001     0.9460     2.5167 1.0715e-01     0.0750    98.1421     6.0319     6.1781    34.8081    34.8071    27.6054    27.6051    7.22585 0.0000e+00
       6293    209.632     4.2654     4.2612   3.272604   3.272134     1.8926     2.2467      8.001     0.9257     2.5167 1.0715e-01     0.0747    98.1508     6.0346     6.1862    34.8082    34.8071    27.6055    27.6051    7.22576 0.0000e+00
       6296    209.776     4.2659     4.2615   3.272635   3.272202     1.8922     2.2458      8.001     0.9460     2.5167 1.0715e-01     0.0750    98.1421     6.0354     6.1847    34.8080    34.8075    27.6053    27.6053    7.22568 0.0000e+00
       6299    209.900     4.2663     4.2618   3.272738   3.272229     1.8926     2.2454      8.001     0.9053     2.5167 1.0740e-01     0.0747    98.1508     6.0382     6.1855    34.8087    34.8074    27.6057    27.6052    7.22556 0.0000e+00
       6302    210.002     4.2672     4.2623   3.272808   3.272312     1.8913     2.2454      8.001     0.9053     2.5167 1.0715e-01     0.0747    98.1508     6.0331     6.1862    34.8085    34.8078    27.6055    27.6055    7.22542 0.0000e+00
       6305    210.085     4.2672     4.2640   3.272789   3.272405     1.8917     2.2454      8.001     0.8850     2.5167 1.0715e-01     0.0747    98.1508     6.0345     6.1868    34.8082    34.8072    27.6053    27.6048    7.22543 0.0000e+00
       6308    210.152     4.2677     4.2645   3.272824   3.272424     1.8913     2.2450      8.001     0.9053     3.4247 1.0727e-01     0.0750    98.1421     6.0318     6.1865    34.8081    34.8067    27.6052    27.6044    7.22535 0.0000e+00
       6311    210.199     4.2685     4.2633   3.272862   3.272225     1.8917     2.2450      8.001     0.9053     4.7670 1.0727e-01     0.0743    98.1595     6.0361     6.1882    34.8077    34.8057    27.6047    27.6037    7.22523 0.0000e+00
       6314    210.235     4.2675     4.2568   3.272709   3.271464     1.8913     2.2463      8.001     0.9155     4.7670 1.0727e-01     0.0747    98.1508     6.0359     6.1972    34.8069    34.8035    27.6042    27.6027    7.22544 0.0000e+00
       6417    210.314     4.2576     4.2419   3.271701   3.269993     1.8901     2.2442      8.001     0.9460     1.6876 1.0727e-01     0.0750    98.1421     6.0317     6.1853    34.8054    34.8019    27.6041    27.6030    7.22726 0.0000e+00
       6420    210.430     4.2570     4.2435   3.271653   3.270180     1.8901     2.2434      8.001     0.9358     5.4381 1.0752e-01     0.0747    98.1508     6.0309     6.1814    34.8054    34.8022    27.6042    27.6031    7.22737 0.0000e+00
       6423    210.549     4.2589     4.2472   3.271953   3.270730     1.8897     2.2430      8.001     0.9155     5.2407 1.0740e-01     0.0747    98.1508     6.0300     6.1782    34.8069    34.8048    27.6052    27.6047    7.22697 0.0000e+00
       6426    210.673     4.2621     4.2568   3.272310   3.271801     1.8889     2.2430      8.001     0.9358     5.2407 1.0715e-01     0.0743    98.1595     6.0263     6.1759    34.8077    34.8073    27.6054    27.6057    7.22636 0.0000e+00
       6429    210.804     4.2657     4.2582   3.272652   3.271720     1.8901     2.2430      8.001     0.9155     5.2407 1.0715e-01     0.0747    98.1508     6.0292     6.1741    34.8079    34.8048    27.6052    27.6035    7.22572 0.0000e+00
       6432    210.943     4.2660     4.2561   3.272655   3.271566     1.8897     2.2430      8.001     0.8952     5.2407 1.0715e-01     0.0747    98.1508     6.0259     6.1758    34.8074    34.8051    27.6048    27.6040    7.22568 0.0000e+00
       6435    211.087     4.2637     4.2556   3.272293   3.271522     1.8881     2.2434      8.001     0.8952     5.2407 1.0727e-01     0.0743    98.1595     6.0209     6.1779    34.8055    34.8050    27.6035    27.6040    7.22617 0.0000e+00
       6438    211.237     4.2599     4.2549   3.271944   3.271463     1.8889     2.2434      8.001     0.9155     5.5565 1.0727e-01     0.0747    98.1508     6.0231     6.1774    34.8054    34.8050    27.6039    27.6041    7.22687 0.0000e+00
       6441    211.394     4.2607     4.2539   3.272229   3.271356     1.8889     2.2426      8.001     0.8952     7.6095 1.0715e-01     0.0747    98.1508     6.0202     6.1733    34.8079    34.8047    27.6057    27.6039    7.22661 0.0000e+00
       6444    211.557     4.2665     4.2576   3.273004   3.272002     1.8893     2.2430      8.001     0.8952     7.6095 1.0715e-01     0.0743    98.1595     6.0201     6.1727    34.8108    34.8083    27.6074    27.6064    7.22544 0.0000e+00
       6447    211.729     4.2718     4.2656   3.273480   3.272766     1.8889     2.2430      8.001     0.8952     7.6095 1.0727e-01     0.0747    98.1508     6.0171     6.1687    34.8106    34.8087    27.6067    27.6059    7.22450 0.0000e+00
       6450    211.905     4.2743     4.2701   3.273691   3.273201     1.8889     2.2418      8.001     0.9053     7.6095 1.0715e-01     0.0743    98.1595     6.0161     6.1624    34.8104    34.8091    27.6063    27.6057    7.22407 0.0000e+00
       6453    212.088     4.2759     4.2713   3.273835   3.273268     1.8877     2.2422      8.001     0.8952     7.6095 1.0727e-01     0.0736    98.1769     6.0111     6.1628    34.8103    34.8085    27.6061    27.6050    7.22380 0.0000e+00
       6456    212.272     4.2782     4.2723   3.274142   3.273445     1.8881     2.2426      8.001     0.9358     7.6095 1.0740e-01     0.0740    98.1682     6.0143     6.1616    34.8114    34.8094    27.6067    27.6057    7.22334 0.0000e+00
       6459    212.462     4.2808     4.2760   3.274430   3.273871     1.8885     2.2418      8.001     0.9460     7.6095 1.0752e-01     0.0736    98.1769     6.0153     6.1580    34.8120    34.8104    27.6069    27.6061    7.22286 0.0000e+00
       6462    212.656     4.2816     4.2776   3.274483   3.274016     1.8877     2.2414      8.001     0.9460     7.6095 1.0740e-01     0.0736    98.1769     6.0079     6.1584    34.8117    34.8104    27.6065    27.6059    7.22273 0.0000e+00
       6465    212.856     4.2837     4.2796   3.274765   3.274267     1.8873     2.2406      8.001     0.9257     4.8459 1.0727e-01     0.0736    98.1769     6.0029     6.1547    34.8126    34.8111    27.6070    27.6063    7.22230 0.0000e+00
       6468    213.057     4.2867     4.2824   3.275102   3.274594     1.8869     2.2402      8.001     0.9257     0.2664 1.0715e-01     0.0740    98.1682     6.0007     6.1512    34.8134    34.8119    27.6073    27.6065    7.22175 0.0000e+00
       6471    213.255     4.2891     4.2852   3.275339   3.274893     1.8869     2.2406      8.001     0.9257     0.4637 1.0715e-01     0.0747    98.1508     6.0011     6.1526    34.8136    34.8123    27.6072    27.6066    7.22132 0.0000e+00
