Datasets/AZMP/HUD120/hud120_2020_073.cnv
* Sea-Bird SBE 9 Data File:
* FileName = C:\CTDDATA\hud120_2020_073.hex
* Software Version Seasave V 7.26.7.110
* Temperature SN = 1697
* Conductivity SN = 4216
* Number of Bytes Per Scan = 30
* Number of Voltage Words = 4
* Number of Scans Averaged by the Deck Unit = 1
* NMEA baud rate = 4800
** VESSEL/TRIP/SEQ STN:  hud120_2020_073
** LATITUDE XX XX.XX: 47 00.00 N
** LONGITUDE XX XX.XX: 050 00.00 W
** SOUNDING DEPTH (M): 0085
** PROBE TYPE: S1146
** CTD NUMBER: 052
** FORMAT: V
** COMMENTS (14 CHAR): FC-09
** BOTTLES:  7
** LEVELS: 5,10,20,30,40,50,BTM
** STICKERS: 439860 - 439866
** VNET: Y
** DO2: N
# nquan = 22
# nvalues = 1503                        
# units = specified
# name 0 = scan: Scan Count
# name 1 = prDM: Pressure, Digiquartz [db]
# name 2 = t090C: Temperature [ITS-90, deg C]
# name 3 = t190C: Temperature, 2 [ITS-90, deg C]
# name 4 = c0S/m: Conductivity [S/m]
# name 5 = c1S/m: Conductivity, 2 [S/m]
# name 6 = sbeox0V: Oxygen raw, SBE 43 [V]
# name 7 = sbeox1V: Oxygen raw, SBE 43, 2 [V]
# name 8 = ph: pH
# name 9 = flECO-AFL: Fluorescence, WET Labs ECO-AFL/FL [mg/m^3]
# name 10 = wetCDOM: Fluorescence, WET Labs CDOM [mg/m^3]
# name 11 = par/sat/log: PAR/Logarithmic, Satlantic [umol photons/m^2/sec]
# name 12 = CStarAt0: Beam Attenuation, WET Labs C-Star [1/m]
# name 13 = CStarTr0: Beam Transmission, WET Labs C-Star [%]
# name 14 = sbeox0ML/L: Oxygen, SBE 43 [ml/l], WS = 2
# name 15 = sbeox1ML/L: Oxygen, SBE 43, 2 [ml/l], WS = 2
# name 16 = sal00: Salinity, Practical [PSU]
# name 17 = sal11: Salinity, Practical, 2 [PSU]
# name 18 = sigma-t00: Density [sigma-t, kg/m^3 ]
# name 19 = sigma-t11: Density, 2 [sigma-t, kg/m^3 ]
# name 20 = oxsatML/L: Oxygen Saturation, Weiss [ml/l]
# name 21 = flag: flag
# span 0 =         72,      20053       
# span 1 =      1.552,     82.716       
# span 2 =     0.7282,     5.4317       
# span 3 =     0.7236,     5.4278       
# span 4 =   2.799192,   3.110758       
# span 5 =   2.798454,   3.110071       
# span 6 =     1.8465,     2.2016       
# span 7 =     2.1863,     2.6278       
# span 8 =      7.951,      8.149       
# span 9 =     1.2818,     4.1409       
# span 10 =    -2.8130,   482.1870      
# span 11 = 1.0533e-01, 7.6842e-01      
# span 12 =     0.1368,     0.3568      
# span 13 =    91.4665,    96.6384      
# span 14 =     6.4437,     7.1373      
# span 15 =     6.4687,     7.4780      
# span 16 =    31.8443,    32.8657      
# span 17 =    31.8441,    32.8013      
# span 18 =    25.1268,    26.3372      
# span 19 =    25.1274,    26.2936      
# span 20 =    7.16258,    8.01116      
# span 21 = 0.0000e+00, 0.0000e+00      
# interval = scans: 3                   
# start_time = Nov 26 2020 00:02:19 [System UTC, header]
# bad_flag = -9.990e-29
*END*
[from data line 132]
        773     12.273     5.4217     5.4178   3.108190   3.107717     2.1978     2.5661      8.149     3.3982    95.0161 1.0715e-01     0.1422    96.5080     7.0951     7.0552    31.8484    31.8467    25.1306    25.1297    7.16431 0.0000e+00
        776     12.418     5.4216     5.4177   3.108222   3.107744     2.1970     2.5665      8.146     3.3982   476.1467 1.0715e-01     0.1429    96.4906     7.0908     7.0583    31.8487    31.8470    25.1309    25.1300    7.16431 0.0000e+00
        779     12.563     5.4222     5.4183   3.108257   3.107783     2.1970     2.5657      8.147     3.3880   481.3974 1.0715e-01     0.1429    96.4906     7.0892     7.0564    31.8485    31.8468    25.1306    25.1298    7.16422 0.0000e+00
        782     12.711     5.4225     5.4181   3.108302   3.107773     2.1974     2.5657      8.146     3.3880   481.2790 1.0715e-01     0.1426    96.4993     7.0891     7.0579    31.8486    31.8468    25.1307    25.1298    7.16416 0.0000e+00
        785     12.858     5.4230     5.4188   3.108335   3.107866     2.1986     2.5645      8.149     3.3880   481.3579 1.0715e-01     0.1429    96.4906     7.0924     7.0561    31.8485    31.8471    25.1305    25.1300    7.16408 0.0000e+00
        788     12.999     5.4232     5.4194   3.108353   3.107878     2.1978     2.5657      8.146     3.3982   481.3579 1.0715e-01     0.1429    96.4906     7.0876     7.0632    31.8484    31.8466    25.1305    25.1295    7.16405 0.0000e+00
        791     13.136     5.4224     5.4195   3.108259   3.107905     2.1970     2.5653      8.146     3.3982   481.3579 1.0715e-01     0.1433    96.4819     7.0818     7.0640    31.8481    31.8468    25.1302    25.1296    7.16420 0.0000e+00
        794     13.270     5.4218     5.4190   3.108220   3.107856     2.1974     2.5657      8.144     3.4592   481.3579 1.0715e-01     0.1422    96.5080     7.0815     7.0656    31.8481    31.8466    25.1304    25.1295    7.16431 0.0000e+00
        797     13.403     5.4211     5.4188   3.108217   3.107863     2.1970     2.5653      8.146     3.5406   481.3579 1.0715e-01     0.1415    96.5254     7.0801     7.0648    31.8487    31.8469    25.1309    25.1298    7.16440 0.0000e+00
        800     13.532     5.4216     5.4191   3.108245   3.107896     2.1966     2.5657      8.144     3.5406   481.3579 1.0715e-01     0.1418    96.5167     7.0775     7.0682    31.8485    31.8469    25.1307    25.1297    7.16433 0.0000e+00
        803     13.653     5.4216     5.4188   3.108299   3.107834     2.1966     2.5653      8.146     3.5406   481.3579 1.0715e-01     0.1415    96.5254     7.0774     7.0691    31.8490    31.8463    25.1311    25.1293    7.16429 0.0000e+00
        806     13.771     5.4226     5.4186   3.108332   3.107848     2.1962     2.5661      8.146     3.5508   481.3184 1.0715e-01     0.1418    96.5167     7.0731     7.0730    31.8483    31.8466    25.1305    25.1296    7.16415 0.0000e+00
        809     13.885     5.4226     5.4185   3.108344   3.107860     2.1966     2.5661      8.147     3.5508   481.3184 1.0715e-01     0.1415    96.5254     7.0735     7.0722    31.8484    31.8469    25.1305    25.1298    7.16415 0.0000e+00
        812     13.993     5.4229     5.4185   3.108358   3.107829     2.1966     2.5665      8.144     3.5508   481.3579 1.0715e-01     0.1422    96.5080     7.0755     7.0729    31.8483    31.8465    25.1304    25.1295    7.16411 0.0000e+00
        815     14.096     5.4227     5.4182   3.108373   3.107807     2.1962     2.5657      8.144     3.5304   481.3184 1.0715e-01     0.1534    96.2386     7.0759     7.0711    31.8486    31.8465    25.1307    25.1295    7.16413 0.0000e+00
        818     14.193     5.4227     5.4180   3.108380   3.107811     2.1958     2.5665      8.146     3.5508   481.3579 1.0715e-01     0.1545    96.2125     7.0759     7.0752    31.8486    31.8466    25.1306    25.1297    7.16412 0.0000e+00
        821     14.283     5.4232     5.4183   3.108430   3.107826     2.1962     2.5661      8.144     3.5508   481.3579 1.0715e-01     0.1552    96.1951     7.0819     7.0735    31.8487    31.8465    25.1306    25.1295    7.16403 0.0000e+00
        824     14.362     5.4236     5.4187   3.108433   3.107888     2.1962     2.5665      8.146     3.5406   481.3579 1.0715e-01     0.1545    96.2125     7.0844     7.0736    31.8483    31.8467    25.1303    25.1296    7.16398 0.0000e+00
        827     14.433     5.4238     5.4191   3.108462   3.107912     2.1962     2.5665      8.147     3.5508   147.8390 1.0715e-01     0.1552    96.1951     7.0862     7.0732    31.8484    31.8466    25.1303    25.1295    7.16394 0.0000e+00
        830     14.497     5.4239     5.4191   3.108468   3.107924     2.1950     2.5665      8.147     3.5304    11.2020 1.0715e-01     0.1541    96.2212     7.0829     7.0726    31.8484    31.8467    25.1303    25.1296    7.16394 0.0000e+00
        833     14.553     5.4238     5.4183   3.108487   3.107853     2.1950     2.5661      8.146     3.5406    17.0055 1.0715e-01     0.1530    96.2473     7.0851     7.0715    31.8486    31.8466    25.1305    25.1296    7.16393 0.0000e+00
        836     14.603     5.4240     5.4182   3.108476   3.107844     2.1954     2.5665      8.144     3.5406    16.7291 1.0715e-01     0.1436    96.4732     7.0891     7.0735    31.8482    31.8466    25.1302    25.1295    7.16392 0.0000e+00
        839     14.644     5.4240     5.4188   3.108469   3.107873     2.1958     2.5674      8.147     3.5508    16.7686 1.0715e-01     0.1443    96.4558     7.0930     7.0755    31.8481    31.8463    25.1302    25.1293    7.16392 0.0000e+00
        842     14.679     5.4244     5.4191   3.108524   3.107905     2.1962     2.5674      8.146     3.5406    16.7291 1.0715e-01     0.1443    96.4558     7.0962     7.0737    31.8484    31.8464    25.1303    25.1293    7.16385 0.0000e+00
        845     14.708     5.4247     5.4192   3.108525   3.107890     2.1970     2.5665      8.147     3.5712    16.7291 1.0715e-01     0.1436    96.4732     7.1001     7.0717    31.8481    31.8461    25.1301    25.1291    7.16381 0.0000e+00
        872     14.732     5.4240     5.4189   3.108480   3.107906     2.1962     2.5661      8.147     3.7543    11.1626 1.0715e-01     0.1436    96.4732     7.0918     7.0745    31.8483    31.8466    25.1303    25.1295    7.16392 0.0000e+00
        922     14.786     5.4229     5.4189   3.108385   3.107917     2.1949     2.5657      8.146     3.7848     0.0295 1.0715e-01     0.1433    96.4819     7.0782     7.0876    31.8482    31.8466    25.1303    25.1295    7.16411 0.0000e+00
        925     14.859     5.4229     5.4189   3.108387   3.107903     2.1950     2.5661      8.147     3.5711     0.0295 1.0715e-01     0.1429    96.4906     7.0800     7.0939    31.8482    31.8465    25.1303    25.1294    7.16411 0.0000e+00
        928     14.944     5.4230     5.4188   3.108399   3.107915     2.1950     2.5665      8.146     3.3677     0.0295 1.0715e-01     0.1436    96.4732     7.0807     7.1005    31.8481    31.8466    25.1303    25.1296    7.16409 0.0000e+00
        931     15.040     5.4230     5.4188   3.108414   3.107896     2.1941     2.5665      8.146     3.3677     7.8463 1.0715e-01     0.1433    96.4819     7.0782     7.1064    31.8483    31.8464    25.1304    25.1293    7.16409 0.0000e+00
        934     15.144     5.4231     5.4186   3.108434   3.107916     2.1941     2.5669      8.146     3.3677    17.2424 1.0715e-01     0.1433    96.4819     7.0791     7.1142    31.8484    31.8467    25.1304    25.1297    7.16407 0.0000e+00
        937     15.264     5.4232     5.4191   3.108449   3.107948     2.1950     2.5682      8.147     3.3575    16.8081 1.0715e-01     0.1433    96.4819     7.0846     7.1235    31.8484    31.8466    25.1304    25.1295    7.16405 0.0000e+00
        940     15.393     5.4232     5.4191   3.108467   3.107966     2.1954     2.5686      8.147     3.3677    16.8476 1.0715e-01     0.1429    96.4906     7.0854     7.1311    31.8485    31.8467    25.1305    25.1296    7.16404 0.0000e+00
        943     15.534     5.4233     5.4192   3.108490   3.107962     2.1950     2.5698      8.149     3.3778    16.8476 1.0715e-01     0.1426    96.4993     7.0817     7.1401    31.8486    31.8465    25.1306    25.1294    7.16402 0.0000e+00
        946     15.683     5.4235     5.4191   3.108512   3.107970     2.1954     2.5702      8.146     3.3677    16.8476 1.0715e-01     0.1426    96.4993     7.0846     7.1476    31.8486    31.8466    25.1306    25.1295    7.16399 0.0000e+00
        949     15.841     5.4238     5.4196   3.108549   3.108034     2.1945     2.5706      8.146     3.3575    16.8476 1.0715e-01     0.1426    96.4993     7.0803     7.1530    31.8487    31.8468    25.1306    25.1296    7.16393 0.0000e+00
        952     16.009     5.4241     5.4197   3.108560   3.108061     2.1945     2.5714      8.146     3.1133    16.8476 1.0715e-01     0.1429    96.4906     7.0801     7.1591    31.8485    31.8470    25.1304    25.1297    7.16390 0.0000e+00
        955     16.188     5.4240     5.4199   3.108577   3.108070     2.1950     2.5727      8.146     3.0624    16.8476 1.0715e-01     0.1433    96.4819     7.0816     7.1673    31.8487    31.8467    25.1305    25.1295    7.16390 0.0000e+00
        958     16.378     5.4242     5.4197   3.108577   3.108063     2.1941     2.5739      8.147     3.0522   357.7491 1.0715e-01     0.1433    96.4819     7.0758     7.1739    31.8483    31.8468    25.1303    25.1296    7.16387 0.0000e+00
        961     16.574     5.4239     5.4199   3.108576   3.108068     2.1954     2.5743      8.146     3.0624   482.0291 1.0715e-01     0.1433    96.4819     7.0799     7.1765    31.8485    31.8466    25.1305    25.1294    7.16392 0.0000e+00
        964     16.779     5.4243     5.4199   3.108613   3.108093     2.1941     2.5763      8.146     3.0624   480.9631 1.0715e-01     0.1436    96.4732     7.0756     7.1855    31.8484    31.8467    25.1303    25.1295    7.16385 0.0000e+00
        967     16.987     5.4241     5.4199   3.108615   3.108089     2.1945     2.5767      8.146     3.0624   481.2790 1.0715e-01     0.1433    96.4819     7.0792     7.1875    31.8486    31.8466    25.1305    25.1294    7.16388 0.0000e+00
        970     17.205     5.4239     5.4198   3.108576   3.108103     2.1945     2.5788      8.146     3.0828   481.2395 1.0715e-01     0.1433    96.4819     7.0811     7.1952    31.8482    31.8468    25.1302    25.1296    7.16394 0.0000e+00
        973     17.421     5.4239     5.4201   3.108593   3.108131     2.1941     2.5788      8.146     3.0522   481.3579 1.0715e-01     0.1433    96.4819     7.0793     7.1947    31.8483    31.8467    25.1303    25.1295    7.16394 0.0000e+00
        976     17.641     5.4236     5.4197   3.108612   3.108086     2.1945     2.5796      8.146     3.0624   481.3184 1.0715e-01     0.1433    96.4819     7.0806     7.1959    31.8487    31.8465    25.1306    25.1293    7.16396 0.0000e+00
        979     17.859     5.4233     5.4189   3.108567   3.108042     2.1941     2.5816      8.146     3.0624   481.3184 1.0715e-01     0.1429    96.4906     7.0781     7.2009    31.8484    31.8465    25.1304    25.1295    7.16404 0.0000e+00
        982     18.072     5.4234     5.4192   3.108640   3.108078     2.1941     2.5820      8.146     3.0624   450.4063 1.0715e-01     0.1433    96.4819     7.0796     7.2009    31.8490    31.8467    25.1309    25.1295    7.16399 0.0000e+00
        985     18.286     5.4242     5.4198   3.108666   3.108149     2.1945     2.5828      8.147     3.0624    35.2843 1.0715e-01     0.1433    96.4819     7.0823     7.2003    31.8484    31.8468    25.1304    25.1295    7.16387 0.0000e+00
        988     18.493     5.4245     5.4200   3.108697   3.108158     2.1945     2.5840      8.147     3.0726    15.3079 1.0715e-01     0.1433    96.4819     7.0836     7.2009    31.8484    31.8465    25.1303    25.1293    7.16383 0.0000e+00
        991     18.694     5.4240     5.4202   3.108661   3.108211     2.1945     2.5840      8.144     3.0624    16.0580 1.0715e-01     0.1433    96.4819     7.0826     7.1984    31.8483    31.8468    25.1303    25.1295    7.16391 0.0000e+00
        994     18.887     5.4244     5.4199   3.108703   3.108187     2.1945     2.5857      8.146     3.0726    16.0580 1.0715e-01     0.1433    96.4819     7.0852     7.2027    31.8484    31.8467    25.1303    25.1295    7.16385 0.0000e+00
        997     19.074     5.4239     5.4198   3.108613   3.108145     2.1933     2.5861      8.144     3.0522    16.0185 1.0715e-01     0.1450    96.4385     7.0819     7.2041    31.8477    31.8463    25.1299    25.1292    7.16397 0.0000e+00
       1000     19.249     5.4222     5.4180   3.108535   3.107995     2.1941     2.5869      8.146     3.0726    16.0185 1.0715e-01     0.1454    96.4298     7.0872     7.2058    31.8484    31.8463    25.1305    25.1294    7.16423 0.0000e+00
       1003     19.415     5.4223     5.4174   3.108541   3.108000     2.1937     2.5881      8.147     3.0726    16.0185 1.0715e-01     0.1454    96.4298     7.0874     7.2075    31.8483    31.8468    25.1305    25.1298    7.16421 0.0000e+00
       1006     19.567     5.4225     5.4170   3.108555   3.107949     2.1950     2.5885      8.144     3.0828    16.0185 1.0715e-01     0.1447    96.4471     7.0917     7.2078    31.8482    31.8465    25.1304    25.1297    7.16418 0.0000e+00
       1009     19.709     5.4220     5.4174   3.108525   3.108005     2.1941     2.5885      8.147     3.1133   140.4169 1.0715e-01     0.1454    96.4298     7.0867     7.2066    31.8482    31.8467    25.1304    25.1297    7.16426 0.0000e+00
       1012     19.839     5.4212     5.4175   3.108492   3.108007     2.1941     2.5894      8.146     3.0930   482.1870 1.0715e-01     0.1454    96.4298     7.0861     7.2072    31.8485    31.8466    25.1308    25.1296    7.16438 0.0000e+00
       1015     19.958     5.4213     5.4173   3.108517   3.107989     2.1941     2.5902      8.146     3.0828   480.7658 1.0715e-01     0.1454    96.4298     7.0862     7.2085    31.8487    31.8466    25.1309    25.1296    7.16436 0.0000e+00
       1018     20.065     5.4214     5.4175   3.108501   3.108022     2.1950     2.5914      8.144     3.0828   481.3184 1.0715e-01     0.1443    96.4558     7.0908     7.2093    31.8484    31.8466    25.1306    25.1297    7.16436 0.0000e+00
       1021     20.159     5.4213     5.4172   3.108496   3.108011     2.1950     2.5922      8.146     3.0930   481.3579 1.0715e-01     0.1443    96.4558     7.0906     7.2112    31.8483    31.8467    25.1306    25.1298    7.16438 0.0000e+00
       1024     20.244     5.4208     5.4166   3.108497   3.107936     2.1950     2.5930      8.144     3.0930   481.3184 1.0715e-01     0.1443    96.4558     7.0890     7.2116    31.8488    31.8464    25.1310    25.1296    7.16445 0.0000e+00
       1027     20.318     5.4205     5.4164   3.108462   3.107954     2.1950     2.5926      8.147     3.1031   481.3579 1.0715e-01     0.1443    96.4558     7.0888     7.2080    31.8486    31.8468    25.1309    25.1299    7.16450 0.0000e+00
       1030     20.379     5.4207     5.4167   3.108468   3.107978     2.1941     2.5938      8.144     3.3778   481.3184 1.0715e-01     0.1443    96.4558     7.0840     7.2115    31.8485    31.8468    25.1308    25.1299    7.16447 0.0000e+00
       1033     20.431     5.4209     5.4176   3.108471   3.108060     2.1937     2.5942      8.146     3.5814   481.3579 1.0715e-01     0.1443    96.4558     7.0826     7.2115    31.8483    31.8468    25.1306    25.1298    7.16445 0.0000e+00
       1036     20.475     5.4210     5.4193   3.108496   3.108169     2.1941     2.5942      8.144     3.5915   481.3579 1.0715e-01     0.1436    96.4732     7.0836     7.2072    31.8485    31.8464    25.1308    25.1293    7.16443 0.0000e+00
