Datasets/AZMP/HUD120/hud120_2020_095.cnv
* Sea-Bird SBE 9 Data File:
* FileName = C:\CTDDATA\hud120_2020_095.hex
* Software Version Seasave V 7.26.7.110
* Temperature SN = 1697
* Conductivity SN = 4216
* Number of Bytes Per Scan = 30
* Number of Voltage Words = 4
* Number of Scans Averaged by the Deck Unit = 1
* NMEA baud rate = 4800
** VESSEL/TRIP/SEQ STN:  hud120_2020_096
** LATITUDE XX XX.XX: 49 31.00 N
** LONGITUDE XX XX.XX: 050 32.00 W
** SOUNDING DEPTH (M): 0337
** PROBE TYPE: S1146
** CTD NUMBER: 072
** FORMAT: V
** COMMENTS (14 CHAR): BB-10
** BOTTLES:  10
** LEVELS: 5,10,20,30,40,50,75,100,150,BTM
** STICKERS: 440019 - 440028
** VNET: Y
** DO2: Y
# nquan = 22
# nvalues = 6432                        
# units = specified
# name 0 = scan: Scan Count
# name 1 = prDM: Pressure, Digiquartz [db]
# name 2 = t090C: Temperature [ITS-90, deg C]
# name 3 = t190C: Temperature, 2 [ITS-90, deg C]
# name 4 = c0S/m: Conductivity [S/m]
# name 5 = c1S/m: Conductivity, 2 [S/m]
# name 6 = sbeox0V: Oxygen raw, SBE 43 [V]
# name 7 = sbeox1V: Oxygen raw, SBE 43, 2 [V]
# name 8 = ph: pH
# name 9 = flECO-AFL: Fluorescence, WET Labs ECO-AFL/FL [mg/m^3]
# name 10 = wetCDOM: Fluorescence, WET Labs CDOM [mg/m^3]
# name 11 = par/sat/log: PAR/Logarithmic, Satlantic [umol photons/m^2/sec]
# name 12 = CStarAt0: Beam Attenuation, WET Labs C-Star [1/m]
# name 13 = CStarTr0: Beam Transmission, WET Labs C-Star [%]
# name 14 = sbeox0ML/L: Oxygen, SBE 43 [ml/l], WS = 2
# name 15 = sbeox1ML/L: Oxygen, SBE 43, 2 [ml/l], WS = 2
# name 16 = sal00: Salinity, Practical [PSU]
# name 17 = sal11: Salinity, Practical, 2 [PSU]
# name 18 = sigma-t00: Density [sigma-t, kg/m^3 ]
# name 19 = sigma-t11: Density, 2 [sigma-t, kg/m^3 ]
# name 20 = oxsatML/L: Oxygen Saturation, Weiss [ml/l]
# name 21 = flag: flag
# span 0 =         76,      42837       
# span 1 =      2.336,    332.192       
# span 2 =     1.9651,     3.4043       
# span 3 =     1.9604,     3.3997       
# span 4 =   2.949657,   3.186183       
# span 5 =   2.949563,   3.185639       
# span 6 =     1.8569,     2.2002       
# span 7 =     2.1822,     2.5906       
# span 8 =      8.057,      8.144       
# span 9 =     0.8850,     4.1409       
# span 10 =    -2.8130,   482.1870      
# span 11 = 1.0715e-01, 4.4003e+01      
# span 12 =     0.0821,     0.2418      
# span 13 =    94.1350,    97.9683      
# span 14 =     6.1291,     7.7259      
# span 15 =     6.1938,     7.7828      
# span 16 =    33.4132,    34.6255      
# span 17 =    33.4162,    34.6234      
# span 18 =    26.7019,    27.5483      
# span 19 =    26.7046,    27.5472      
# span 20 =    7.38988,    7.72468      
# span 21 = 0.0000e+00, 0.0000e+00      
# interval = scans: 3                   
# start_time = Nov 28 2020 18:26:36 [System UTC, header]
# bad_flag = -9.990e-29
*END*
[from data line 3424]
      13068    304.669     3.4019     3.3975   3.184738   3.184134     1.8637     2.1898      8.060     0.9358     0.7401 1.0727e-01     0.1765    95.6822     6.1541     6.2277    34.6247    34.6222    27.5476    27.5461    7.39031 0.0000e+00
      13071    304.537     3.4021     3.3974   3.184747   3.184153     1.8628     2.1890      8.062     0.9358     0.8586 1.0727e-01     0.1762    95.6909     6.1473     6.2239    34.6248    34.6226    27.5477    27.5463    7.39028 0.0000e+00
      13074    304.407     3.4024     3.3974   3.184744   3.184172     1.8628     2.1898      8.061     0.9358     1.2139 1.0715e-01     0.1765    95.6822     6.1461     6.2270    34.6244    34.6228    27.5473    27.5466    7.39023 0.0000e+00
      13077    304.273     3.4024     3.3976   3.184745   3.184155     1.8633     2.1898      8.061     0.9257     1.2139 1.0727e-01     0.1769    95.6735     6.1478     6.2270    34.6246    34.6226    27.5475    27.5464    7.39024 0.0000e+00
      13080    304.139     3.4023     3.3979   3.184745   3.184196     1.8628     2.1898      8.062     0.9155     1.2139 1.0727e-01     0.1758    95.6996     6.1471     6.2259    34.6247    34.6228    27.5476    27.5465    7.39024 0.0000e+00
      13083    304.010     3.4026     3.3980   3.184736   3.184198     1.8633     2.1898      8.061     0.9562     1.2139 1.0727e-01     0.1765    95.6822     6.1501     6.2252    34.6243    34.6228    27.5473    27.5465    7.39020 0.0000e+00
      13086    303.882     3.4025     3.3979   3.184747   3.184200     1.8624     2.1898      8.061     0.9562     1.1744 1.0715e-01     0.1765    95.6822     6.1440     6.2256    34.6246    34.6229    27.5475    27.5466    7.39020 0.0000e+00
      13089    303.757     3.4023     3.3978   3.184715   3.184175     1.8624     2.1898      8.062     0.9562     1.2139 1.0727e-01     0.1758    95.6996     6.1442     6.2261    34.6246    34.6229    27.5475    27.5466    7.39025 0.0000e+00
      13092    303.634     3.4024     3.3979   3.184702   3.184156     1.8624     2.1898      8.061     0.9663     1.2139 1.0715e-01     0.1758    95.6996     6.1448     6.2257    34.6244    34.6226    27.5473    27.5463    7.39024 0.0000e+00
      13095    303.508     3.4021     3.3979   3.184719   3.184152     1.8628     2.1906      8.062     0.9663     1.2139 1.0740e-01     0.1758    95.6996     6.1494     6.2279    34.6249    34.6226    27.5478    27.5463    7.39026 0.0000e+00
      13098    303.385     3.4023     3.3978   3.184690   3.184122     1.8624     2.1902      8.062     0.9663     1.7666 1.0727e-01     0.1758    95.6996     6.1464     6.2243    34.6245    34.6225    27.5475    27.5462    7.39026 0.0000e+00
      13101    303.265     3.4023     3.3979   3.184674   3.184114     1.8633     2.1898      8.060     0.9765     2.0429 1.0715e-01     0.1758    95.6996     6.1529     6.2230    34.6243    34.6223    27.5473    27.5461    7.39026 0.0000e+00
      13104    303.146     3.4022     3.3979   3.184682   3.184105     1.8637     2.1898      8.062     0.9562     2.0429 1.0715e-01     0.1758    95.6996     6.1549     6.2222    34.6246    34.6223    27.5476    27.5461    7.39027 0.0000e+00
      13107    303.033     3.4018     3.3977   3.184659   3.184096     1.8628     2.1898      8.062     0.9663     2.0429 1.0715e-01     0.1769    95.6735     6.1534     6.2218    34.6249    34.6224    27.5477    27.5462    7.39033 0.0000e+00
      13110    302.924     3.4017     3.3974   3.184669   3.184077     1.8624     2.1906      8.062     0.9562     2.0429 1.0715e-01     0.1769    95.6735     6.1523     6.2254    34.6251    34.6225    27.5479    27.5463    7.39033 0.0000e+00
      13113    302.817     3.4021     3.3974   3.184654   3.184066     1.8633     2.1898      8.062     0.9663     2.0429 1.0715e-01     0.1769    95.6735     6.1547     6.2200    34.6246    34.6225    27.5475    27.5463    7.39029 0.0000e+00
      13116    302.715     3.4022     3.3974   3.184663   3.184072     1.8624     2.1898      8.062     0.9663     2.0429 1.0715e-01     0.1769    95.6735     6.1510     6.2188    34.6246    34.6226    27.5475    27.5464    7.39026 0.0000e+00
      13119    302.614     3.4019     3.3973   3.184636   3.184079     1.8633     2.1898      8.062     0.9765     2.0429 1.0740e-01     0.1769    95.6735     6.1551     6.2181    34.6247    34.6228    27.5476    27.5466    7.39032 0.0000e+00
      13122    302.518     3.4019     3.3973   3.184652   3.184080     1.8628     2.1898      8.062     0.9765     2.0034 1.0715e-01     0.1769    95.6735     6.1535     6.2189    34.6249    34.6229    27.5478    27.5467    7.39031 0.0000e+00
      13125    302.424     3.4019     3.3973   3.184627   3.184064     1.8637     2.1902      8.062     0.9663     1.2533 1.0715e-01     0.1769    95.6735     6.1579     6.2180    34.6247    34.6228    27.5477    27.5466    7.39032 0.0000e+00
      13128    302.331     3.4017     3.3973   3.184612   3.184047     1.8628     2.1898      8.062     0.9765     1.2139 1.0715e-01     0.1762    95.6909     6.1588     6.2157    34.6248    34.6226    27.5477    27.5464    7.39036 0.0000e+00
      13131    302.239     3.4019     3.3973   3.184630   3.184064     1.8637     2.1902      8.062     0.9562     1.2139 1.0727e-01     0.1758    95.6996     6.1681     6.2173    34.6248    34.6229    27.5477    27.5466    7.39031 0.0000e+00
      13134    302.149     3.4019     3.3975   3.184633   3.184057     1.8628     2.1902      8.062     0.9562     1.2139 1.0727e-01     0.1758    95.6996     6.1631     6.2178    34.6249    34.6226    27.5478    27.5464    7.39031 0.0000e+00
      13137    302.070     3.4021     3.3975   3.184629   3.184056     1.8633     2.1890      8.060     0.9155     1.2139 1.0715e-01     0.1758    95.6996     6.1611     6.2135    34.6246    34.6226    27.5476    27.5464    7.39028 0.0000e+00
      13140    301.988     3.4021     3.3974   3.184635   3.184036     1.8637     2.1898      8.062     0.9053     1.2139 1.0727e-01     0.1758    95.6996     6.1599     6.2153    34.6248    34.6225    27.5477    27.5464    7.39027 0.0000e+00
      13143    301.906     3.4019     3.3974   3.184617   3.184013     1.8637     2.1894      8.062     0.8952     1.2139 1.0715e-01     0.1758    95.6996     6.1550     6.2147    34.6248    34.6223    27.5477    27.5461    7.39031 0.0000e+00
      13146    301.828     3.4020     3.3973   3.184619   3.184011     1.8637     2.1894      8.062     0.8952     1.2139 1.0727e-01     0.1758    95.6996     6.1497     6.2156    34.6248    34.6224    27.5477    27.5463    7.39029 0.0000e+00
      13149    301.748     3.4018     3.3974   3.184613   3.184032     1.8645     2.1886      8.062     0.9053   117.2033 1.0740e-01     0.1758    95.6996     6.1519     6.2142    34.6249    34.6227    27.5478    27.5465    7.39032 0.0000e+00
      13152    301.670     3.4017     3.3974   3.184612   3.184032     1.8645     2.1898      8.062     0.9053   482.1870 1.0715e-01     0.1758    95.6996     6.1516     6.2198    34.6251    34.6227    27.5480    27.5465    7.39033 0.0000e+00
      13155    301.592     3.4018     3.3972   3.184617   3.184044     1.8657     2.1898      8.062     0.9053   480.7263 1.0715e-01     0.1758    95.6996     6.1568     6.2202    34.6251    34.6231    27.5480    27.5468    7.39031 0.0000e+00
      13158    301.512     3.4018     3.3974   3.184593   3.184019     1.8629     2.1898      8.062     0.9053   481.2395 1.0715e-01     0.1758    95.6996     6.1447     6.2241    34.6249    34.6226    27.5478    27.5464    7.39033 0.0000e+00
      13161    301.433     3.4020     3.3974   3.184619   3.184045     1.8633     2.1886      8.062     0.9358   481.2790 1.0727e-01     0.1758    95.6996     6.1450     6.2216    34.6250    34.6230    27.5478    27.5467    7.39028 0.0000e+00
      13164    301.350     3.4020     3.3972   3.184572   3.184017     1.8629     2.1894      8.062     0.9562   481.2790 1.0715e-01     0.1758    95.6996     6.1422     6.2264    34.6245    34.6229    27.5475    27.5466    7.39031 0.0000e+00
      13167    301.267     3.4020     3.3975   3.184580   3.184043     1.8625     2.1898      8.062     0.9562   481.3579 1.0715e-01     0.1765    95.6822     6.1403     6.2286    34.6246    34.6230    27.5476    27.5467    7.39030 0.0000e+00
      13170    301.179     3.4018     3.3973   3.184593   3.183996     1.8625     2.1898      8.062     0.9562   481.2790 1.0727e-01     0.1765    95.6822     6.1406     6.2271    34.6250    34.6226    27.5479    27.5464    7.39031 0.0000e+00
      13173    301.089     3.4021     3.3974   3.184576   3.183988     1.8637     2.1898      8.062     0.9663   481.2395 1.0715e-01     0.1769    95.6735     6.1464     6.2270    34.6246    34.6224    27.5475    27.5463    7.39029 0.0000e+00
      13176    300.995     3.4019     3.3974   3.184582   3.183988     1.8637     2.1898      8.062     0.9663   481.2790 1.0727e-01     0.1769    95.6735     6.1498     6.2255    34.6249    34.6225    27.5478    27.5463    7.39031 0.0000e+00
      13179    300.898     3.4018     3.3972   3.184583   3.183949     1.8641     2.1894      8.062     0.9663   481.3184 1.0715e-01     0.1769    95.6735     6.1567     6.2252    34.6251    34.6223    27.5480    27.5462    7.39032 0.0000e+00
      13182    300.797     3.4017     3.3972   3.184548   3.183964     1.8641     2.1906      8.060     0.9562   481.3579 1.0715e-01     0.1769    95.6735     6.1634     6.2308    34.6248    34.6225    27.5478    27.5464    7.39035 0.0000e+00
      13185    300.689     3.4016     3.3972   3.184540   3.183966     1.8633     2.1906      8.062     0.9562   481.3184 1.0727e-01     0.1769    95.6735     6.1604     6.2317    34.6249    34.6227    27.5478    27.5465    7.39036 0.0000e+00
      13188    300.580     3.4017     3.3973   3.184538   3.183945     1.8637     2.1906      8.062     0.9867   481.3579 1.0715e-01     0.1817    95.5606     6.1629     6.2304    34.6248    34.6224    27.5477    27.5462    7.39034 0.0000e+00
      13191    300.464     3.4017     3.3973   3.184524   3.183964     1.8637     2.1898      8.062     0.9969   481.2790 1.0740e-01     0.1835    95.5171     6.1622     6.2271    34.6247    34.6227    27.5476    27.5464    7.39035 0.0000e+00
      13194    300.344     3.4017     3.3972   3.184524   3.183981     1.8637     2.1894      8.062     0.9969   481.3184 1.0715e-01     0.1831    95.5258     6.1634     6.2261    34.6248    34.6230    27.5477    27.5467    7.39035 0.0000e+00
      13197    300.222     3.4016     3.3973   3.184524   3.183983     1.8637     2.1906      8.062     0.9867   481.3579 1.0715e-01     0.1831    95.5258     6.1614     6.2305    34.6250    34.6230    27.5479    27.5467    7.39036 0.0000e+00
      13200    300.095     3.4018     3.3974   3.184507   3.183948     1.8637     2.1902      8.062     0.9969   481.3579 1.0715e-01     0.1828    95.5345     6.1638     6.2280    34.6246    34.6225    27.5476    27.5463    7.39035 0.0000e+00
      13203    299.964     3.4018     3.3972   3.184523   3.183937     1.8641     2.1902      8.062     1.0071    97.5032 1.0715e-01     0.1828    95.5345     6.1666     6.2276    34.6249    34.6227    27.5478    27.5465    7.39033 0.0000e+00
      13206    299.832     3.4019     3.3975   3.184511   3.183948     1.8649     2.1910      8.062     0.9969    -1.3918 1.0715e-01     0.1831    95.5258     6.1700     6.2319    34.6247    34.6226    27.5476    27.5464    7.39032 0.0000e+00
      13209    299.696     3.4019     3.3974   3.184511   3.183945     1.8645     2.1910      8.062     0.9969     2.0824 1.0715e-01     0.1758    95.6996     6.1686     6.2325    34.6247    34.6227    27.5476    27.5465    7.39031 0.0000e+00
      13212    299.556     3.4017     3.3973   3.184487   3.183913     1.8641     2.1910      8.062     0.9867     1.9245 1.0715e-01     0.1751    95.7170     6.1653     6.2346    34.6247    34.6225    27.5477    27.5464    7.39034 0.0000e+00
      13215    299.417     3.4016     3.3974   3.184466   3.183886     1.8653     2.1906      8.062     0.9765     1.9245 1.0727e-01     0.1758    95.6996     6.1703     6.2325    34.6246    34.6221    27.5476    27.5460    7.39037 0.0000e+00
      13218    299.273     3.4019     3.3976   3.184466   3.183937     1.8657     2.1910      8.060     0.9663     1.9245 1.0727e-01     0.1754    95.7083     6.1726     6.2314    34.6245    34.6227    27.5475    27.5464    7.39033 0.0000e+00
      13221    299.130     3.4020     3.3978   3.184498   3.183946     1.8645     2.1910      8.062     0.9663     1.9245 1.0715e-01     0.1758    95.6996     6.1626     6.2317    34.6248    34.6226    27.5477    27.5464    7.39029 0.0000e+00
      13224    298.988     3.4024     3.3980   3.184512   3.183964     1.8657     2.1906      8.061     0.9765     1.9245 1.0715e-01     0.1751    95.7170     6.1652     6.2303    34.6246    34.6227    27.5476    27.5464    7.39023 0.0000e+00
      13227    298.850     3.4024     3.3981   3.184497   3.183970     1.8653     2.1914      8.061     0.9562     2.6351 1.0715e-01     0.1754    95.7083     6.1614     6.2323    34.6245    34.6227    27.5474    27.5464    7.39023 0.0000e+00
      13230    298.714     3.4022     3.3981   3.184506   3.183974     1.8645     2.1918      8.062     0.9562     8.2412 1.0715e-01     0.1743    95.7344     6.1555     6.2337    34.6249    34.6229    27.5477    27.5465    7.39025 0.0000e+00
      13233    298.584     3.4027     3.3981   3.184505   3.183998     1.8649     2.1910      8.060     0.9562     8.3596 1.0715e-01     0.1743    95.7344     6.1569     6.2321    34.6245    34.6232    27.5474    27.5468    7.39019 0.0000e+00
      13236    298.454     3.4025     3.3981   3.184499   3.183968     1.8653     2.1918      8.061     0.9765     8.3201 1.0715e-01     0.1743    95.7344     6.1581     6.2364    34.6246    34.6229    27.5475    27.5466    7.39020 0.0000e+00
      13239    298.328     3.4026     3.3981   3.184489   3.183953     1.8657     2.1910      8.060     0.9562     8.3201 1.0715e-01     0.1743    95.7344     6.1577     6.2334    34.6245    34.6228    27.5474    27.5465    7.39020 0.0000e+00
      13242    298.208     3.4024     3.3980   3.184485   3.183923     1.8657     2.1914      8.061     0.9663     8.3201 1.0715e-01     0.1740    95.7431     6.1577     6.2365    34.6248    34.6226    27.5476    27.5463    7.39023 0.0000e+00
      13245    298.090     3.4024     3.3980   3.184460   3.183923     1.8641     2.1922      8.062     0.9765     8.3201 1.0715e-01     0.1743    95.7344     6.1502     6.2404    34.6245    34.6227    27.5474    27.5464    7.39023 0.0000e+00
      13248    297.975     3.4022     3.3978   3.184465   3.183895     1.8653     2.1918      8.062     0.9562     8.3201 1.0715e-01     0.1754    95.7083     6.1556     6.2363    34.6248    34.6226    27.5476    27.5463    7.39025 0.0000e+00
      13251    297.864     3.4023     3.3979   3.184457   3.183880     1.8653     2.1918      8.061     0.9460     8.3201 1.0715e-01     0.1758    95.6996     6.1548     6.2341    34.6246    34.6224    27.5475    27.5462    7.39024 0.0000e+00
      13254    297.758     3.4026     3.3980   3.184468   3.183876     1.8653     2.1922      8.061     0.9663   166.9469 1.0740e-01     0.1758    95.6996     6.1523     6.2353    34.6245    34.6223    27.5475    27.5461    7.39019 0.0000e+00
      13257    297.659     3.4024     3.3978   3.184460   3.183884     1.8653     2.1926      8.061     0.9562   482.1870 1.0715e-01     0.1758    95.6996     6.1499     6.2381    34.6247    34.6227    27.5475    27.5465    7.39022 0.0000e+00
      13260    297.562     3.4024     3.3979   3.184465   3.183897     1.8657     2.1922      8.061     0.9663   481.0421 1.0715e-01     0.1758    95.6996     6.1508     6.2353    34.6248    34.6228    27.5476    27.5465    7.39021 0.0000e+00
