Datasets/AZMP/HUD120/hud120_2020_073.cnv
* Sea-Bird SBE 9 Data File:
* FileName = C:\CTDDATA\hud120_2020_073.hex
* Software Version Seasave V 7.26.7.110
* Temperature SN = 1697
* Conductivity SN = 4216
* Number of Bytes Per Scan = 30
* Number of Voltage Words = 4
* Number of Scans Averaged by the Deck Unit = 1
* NMEA baud rate = 4800
** VESSEL/TRIP/SEQ STN:  hud120_2020_073
** LATITUDE XX XX.XX: 47 00.00 N
** LONGITUDE XX XX.XX: 050 00.00 W
** SOUNDING DEPTH (M): 0085
** PROBE TYPE: S1146
** CTD NUMBER: 052
** FORMAT: V
** COMMENTS (14 CHAR): FC-09
** BOTTLES:  7
** LEVELS: 5,10,20,30,40,50,BTM
** STICKERS: 439860 - 439866
** VNET: Y
** DO2: N
# nquan = 22
# nvalues = 1503                        
# units = specified
# name 0 = scan: Scan Count
# name 1 = prDM: Pressure, Digiquartz [db]
# name 2 = t090C: Temperature [ITS-90, deg C]
# name 3 = t190C: Temperature, 2 [ITS-90, deg C]
# name 4 = c0S/m: Conductivity [S/m]
# name 5 = c1S/m: Conductivity, 2 [S/m]
# name 6 = sbeox0V: Oxygen raw, SBE 43 [V]
# name 7 = sbeox1V: Oxygen raw, SBE 43, 2 [V]
# name 8 = ph: pH
# name 9 = flECO-AFL: Fluorescence, WET Labs ECO-AFL/FL [mg/m^3]
# name 10 = wetCDOM: Fluorescence, WET Labs CDOM [mg/m^3]
# name 11 = par/sat/log: PAR/Logarithmic, Satlantic [umol photons/m^2/sec]
# name 12 = CStarAt0: Beam Attenuation, WET Labs C-Star [1/m]
# name 13 = CStarTr0: Beam Transmission, WET Labs C-Star [%]
# name 14 = sbeox0ML/L: Oxygen, SBE 43 [ml/l], WS = 2
# name 15 = sbeox1ML/L: Oxygen, SBE 43, 2 [ml/l], WS = 2
# name 16 = sal00: Salinity, Practical [PSU]
# name 17 = sal11: Salinity, Practical, 2 [PSU]
# name 18 = sigma-t00: Density [sigma-t, kg/m^3 ]
# name 19 = sigma-t11: Density, 2 [sigma-t, kg/m^3 ]
# name 20 = oxsatML/L: Oxygen Saturation, Weiss [ml/l]
# name 21 = flag: flag
# span 0 =         72,      20053       
# span 1 =      1.552,     82.716       
# span 2 =     0.7282,     5.4317       
# span 3 =     0.7236,     5.4278       
# span 4 =   2.799192,   3.110758       
# span 5 =   2.798454,   3.110071       
# span 6 =     1.8465,     2.2016       
# span 7 =     2.1863,     2.6278       
# span 8 =      7.951,      8.149       
# span 9 =     1.2818,     4.1409       
# span 10 =    -2.8130,   482.1870      
# span 11 = 1.0533e-01, 7.6842e-01      
# span 12 =     0.1368,     0.3568      
# span 13 =    91.4665,    96.6384      
# span 14 =     6.4437,     7.1373      
# span 15 =     6.4687,     7.4780      
# span 16 =    31.8443,    32.8657      
# span 17 =    31.8441,    32.8013      
# span 18 =    25.1268,    26.3372      
# span 19 =    25.1274,    26.2936      
# span 20 =    7.16258,    8.01116      
# span 21 = 0.0000e+00, 0.0000e+00      
# interval = scans: 3                   
# start_time = Nov 26 2020 00:02:19 [System UTC, header]
# bad_flag = -9.990e-29
*END*
[from data line 527]
       2540     62.279     0.8085     0.7933   2.804133   2.802619     1.9218     2.2661      7.994     1.5463   481.3184 1.0715e-01     0.1966    95.2042     6.5993     6.7107    32.7699    32.7665    26.2637    26.2618    7.99574 0.0000e+00
       2543     62.311     0.8005     0.7907   2.803644   2.802536     1.9202     2.2649      7.996     1.5362   481.3579 1.0715e-01     0.1966    95.2042     6.5964     6.7087    32.7721    32.7681    26.2659    26.2632    7.99731 0.0000e+00
       2546     62.343     0.7995     0.7976   2.803683   2.802905     1.9197     2.2640      7.994     1.5463   481.3579 1.0715e-01     0.1970    95.1955     6.5950     6.7050    32.7736    32.7656    26.2672    26.2608    7.99742 0.0000e+00
       2549     62.379     0.8061     0.7908   2.804013   2.802331     1.9177     2.2620      7.994     1.5667   481.3579 1.0715e-01     0.1962    95.2129     6.5866     6.6997    32.7709    32.7653    26.2646    26.2610    7.99619 0.0000e+00
       2552     62.417     0.8074     0.7816   2.803605   2.801708     1.9157     2.2600      7.994     1.5667   481.3579 1.0715e-01     0.1973    95.1868     6.5785     6.6942    32.7642    32.7670    26.2592    26.2629    7.99628 0.0000e+00
       2555     62.465     0.7934     0.7775   2.802518   2.801425     1.9153     2.2600      7.994     1.5768   174.1320 1.0715e-01     0.1966    95.2042     6.5792     6.6948    32.7650    32.7677    26.2606    26.2637    7.99918 0.0000e+00
       2558     62.517     0.7732     0.7649   2.801287   2.800582     1.9148     2.2584      7.994     1.5667    11.1626 1.0715e-01     0.1966    95.2042     6.5815     6.6920    32.7704    32.7700    26.2661    26.2663    8.00313 0.0000e+00
       2561     62.574     0.7615     0.7500   2.800696   2.799713     1.9132     2.2575      7.994     1.5667    18.1109 1.0715e-01     0.1966    95.2042     6.5787     6.6931    32.7752    32.7746    26.2706    26.2708    8.00533 0.0000e+00
       2564     62.635     0.7561     0.7417   2.800440   2.799221     1.9116     2.2563      7.993     1.5565    17.7951 1.0715e-01     0.1966    95.2042     6.5726     6.6916    32.7775    32.7770    26.2728    26.2732    8.00633 0.0000e+00
       2567     62.702     0.7434     0.7370   2.799568   2.798871     1.9116     2.2543      7.990     1.5667    17.7951 1.0715e-01     0.1966    95.2042     6.5764     6.6863    32.7796    32.7775    26.2752    26.2739    8.00889 0.0000e+00
       2570     62.778     0.7362     0.7280   2.799277   2.798463     1.9096     2.2530      7.990     1.5667    17.7951 1.0715e-01     0.1970    95.1955     6.5688     6.6852    32.7834    32.7816    26.2787    26.2777    8.01019 0.0000e+00
       2573     62.861     0.7334     0.7266   2.799192   2.798454     1.9087     2.2522      7.990     1.5260    17.7951 1.0715e-01     0.2006    95.1085     6.5694     6.6836    32.7853    32.7830    26.2804    26.2789    8.01069 0.0000e+00
       2576     62.949     0.7328     0.7267   2.799234   2.798493     1.9071     2.2510      7.990     1.4547    17.7951 1.0715e-01     0.2014    95.0911     6.5635     6.6779    32.7864    32.7833    26.2813    26.2791    8.01075 0.0000e+00
       2579     63.044     0.7331     0.7267   2.799269   2.798490     1.9055     2.2494      7.990     1.4446    27.6254 1.0715e-01     0.2014    95.0911     6.5531     6.6733    32.7865    32.7832    26.2814    26.2791    8.01069 0.0000e+00
       2582     63.148     0.7335     0.7267   2.799317   2.798548     1.9047     2.2490      7.988     1.4446   433.6673 1.0715e-01     0.2010    95.0998     6.5527     6.6749    32.7866    32.7839    26.2814    26.2797    8.01059 0.0000e+00
       2585     63.256     0.7338     0.7272   2.799339   2.798623     1.9039     2.2469      7.990     1.4344   481.2000 1.0715e-01     0.2010    95.0998     6.5543     6.6693    32.7865    32.7843    26.2814    26.2800    8.01053 0.0000e+00
       2588     63.370     0.7325     0.7279   2.799265   2.798651     1.9026     2.2465      7.990     1.4446   481.1605 1.0715e-01     0.2010    95.0998     6.5526     6.6739    32.7869    32.7838    26.2817    26.2795    8.01078 0.0000e+00
       2591     63.492     0.7316     0.7269   2.799260   2.798594     1.9014     2.2449      7.985     1.4446   481.3184 1.0715e-01     0.2032    95.0477     6.5512     6.6732    32.7877    32.7841    26.2824    26.2798    8.01093 0.0000e+00
       2594     63.616     0.7312     0.7260   2.799313   2.798612     1.9006     2.2441      7.985     1.4649   481.3579 1.0715e-01     0.2098    94.8912     6.5546     6.6727    32.7887    32.7853    26.2833    26.2808    8.01095 0.0000e+00
       2597     63.747     0.7309     0.7258   2.799315   2.798659     1.8998     2.2420      7.985     1.4344   481.3579 1.0715e-01     0.2098    94.8912     6.5558     6.6667    32.7890    32.7860    26.2835    26.2814    8.01100 0.0000e+00
       2600     63.884     0.7309     0.7257   2.799356   2.798674     1.8986     2.2416      7.985     1.4141   481.3579 1.0715e-01     0.2098    94.8912     6.5568     6.6677    32.7895    32.7862    26.2839    26.2815    8.01099 0.0000e+00
       2603     64.020     0.7311     0.7256   2.799319   2.798697     1.8973     2.2412      7.985     1.3734   481.2790 1.0715e-01     0.2098    94.8912     6.5551     6.6723    32.7887    32.7865    26.2832    26.2818    8.01098 0.0000e+00
       2606     64.158     0.7312     0.7257   2.799384   2.798754     1.8969     2.2396      7.985     1.3836   386.7661 1.0715e-01     0.2098    94.8912     6.5552     6.6693    32.7894    32.7870    26.2838    26.2822    8.01093 0.0000e+00
       2609     64.296     0.7314     0.7268   2.799365   2.798818     1.8961     2.2392      7.985     1.3937     2.2798 1.0715e-01     0.2098    94.8912     6.5540     6.6725    32.7888    32.7866    26.2833    26.2818    8.01091 0.0000e+00
       2612     64.436     0.7314     0.7266   2.799423   2.798812     1.8953     2.2392      7.985     1.3836     3.5826 1.0715e-01     0.2179    94.7000     6.5514     6.6749    32.7895    32.7867    26.2838    26.2819    8.01087 0.0000e+00
       2615     64.573     0.7314     0.7261   2.799382   2.798803     1.8945     2.2372      7.985     1.3734     4.3327 1.0715e-01     0.2241    94.5522     6.5476     6.6722    32.7889    32.7870    26.2834    26.2822    8.01091 0.0000e+00
       2618     64.711     0.7311     0.7258   2.799456   2.798823     1.8937     2.2364      7.985     1.3734     4.2932 1.0715e-01     0.2241    94.5522     6.5450     6.6718    32.7901    32.7875    26.2844    26.2826    8.01091 0.0000e+00
       2621     64.843     0.7308     0.7259   2.799540   2.798839     1.8929     2.2351      7.985     1.3836     4.2932 1.0715e-01     0.2241    94.5522     6.5446     6.6689    32.7914    32.7875    26.2854    26.2825    8.01090 0.0000e+00
       2624     64.972     0.7306     0.7261   2.799503   2.798890     1.8925     2.2347      7.985     1.3734     4.2932 1.0715e-01     0.2241    94.5522     6.5462     6.6673    32.7911    32.7879    26.2852    26.2829    8.01097 0.0000e+00
       2627     65.093     0.7309     0.7260   2.799568   2.798938     1.8916     2.2351      7.985     1.3836     4.2932 1.0715e-01     0.2241    94.5522     6.5432     6.6701    32.7915    32.7885    26.2855    26.2834    8.01087 0.0000e+00
       2630     65.209     0.7310     0.7260   2.799582   2.798959     1.8904     2.2331      7.985     1.3836     4.2932 1.0715e-01     0.2237    94.5609     6.5397     6.6650    32.7915    32.7887    26.2855    26.2836    8.01085 0.0000e+00
       2633     65.322     0.7309     0.7259   2.799621   2.798966     1.8892     2.2327      7.985     1.3836   226.2444 1.0715e-01     0.2333    94.3349     6.5346     6.6641    32.7921    32.7889    26.2860    26.2837    8.01085 0.0000e+00
       2636     65.428     0.7314     0.7261   2.799670   2.798998     1.8884     2.2319      7.985     1.3937   482.1870 1.0715e-01     0.2358    94.2741     6.5304     6.6618    32.7922    32.7891    26.2860    26.2838    8.01074 0.0000e+00
       2639     65.526     0.7311     0.7261   2.799682   2.799016     1.8872     2.2315      7.985     1.3734   481.1211 1.0715e-01     0.2351    94.2915     6.5261     6.6635    32.7925    32.7892    26.2863    26.2839    8.01078 0.0000e+00
       2642     65.620     0.7315     0.7261   2.799709   2.799055     1.8876     2.2307      7.985     1.3836   481.3579 1.0715e-01     0.2351    94.2915     6.5306     6.6601    32.7924    32.7897    26.2862    26.2843    8.01070 0.0000e+00
       2645     65.707     0.7317     0.7260   2.799734   2.799096     1.8868     2.2294      7.985     1.3836   481.3184 1.0715e-01     0.2351    94.2915     6.5306     6.6529    32.7925    32.7902    26.2863    26.2848    8.01066 0.0000e+00
       2648     65.783     0.7313     0.7259   2.799735   2.799092     1.8864     2.2290      7.985     1.3734   481.3579 1.0715e-01     0.2351    94.2915     6.5302     6.6513    32.7928    32.7903    26.2866    26.2848    8.01071 0.0000e+00
       2651     65.850     0.7314     0.7259   2.799751   2.799126     1.8855     2.2282      7.985     1.3836   481.3579 1.0715e-01     0.2373    94.2393     6.5300     6.6506    32.7929    32.7907    26.2866    26.2851    8.01069 0.0000e+00
       2654     65.911     0.7315     0.7262   2.799847   2.799172     1.8851     2.2282      7.985     1.3326   481.3579 1.0715e-01     0.2466    94.0220     6.5327     6.6525    32.7940    32.7909    26.2875    26.2853    8.01061 0.0000e+00
       2657     65.961     0.7314     0.7262   2.799916   2.799166     1.8831     2.2266      7.985     1.3530   481.3579 1.0715e-01     0.2466    94.0220     6.5292     6.6454    32.7950    32.7908    26.2883    26.2852    8.01058 0.0000e+00
       2660     65.996     0.7319     0.7263   2.800006   2.799221     1.8827     2.2258      7.985     1.3530   138.4035 1.0715e-01     0.2469    94.0133     6.5323     6.6417    32.7956    32.7914    26.2887    26.2857    8.01044 0.0000e+00
       2663     66.024     0.7351     0.7267   2.800238   2.799261     1.8827     2.2258      7.985     1.3428    21.0718 1.0715e-01     0.2466    94.0220     6.5340     6.6449    32.7952    32.7915    26.2883    26.2857    8.00980 0.0000e+00
       2686     66.122     0.7341     0.7347   2.800258   2.800042     1.8790     2.2204      7.985     1.4853   329.6005 1.0715e-01     0.2518    93.9003     6.5320     6.6376    32.7964    32.7930    26.2894    26.2865    8.00994 0.0000e+00
       2699     66.181     0.7316     0.7459   2.800071   2.800911     1.8778     2.2180      7.985     1.5362   481.3184 1.0715e-01     0.2540    93.8482     6.5337     6.6344    32.7967    32.7924    26.2897    26.2853    8.01045 0.0000e+00
       2702     66.208     0.7311     0.7473   2.800038   2.801010     1.8766     2.2172      7.985     1.5362   481.3184 1.0715e-01     0.2547    93.8308     6.5291     6.6317    32.7967    32.7921    26.2897    26.2851    8.01054 0.0000e+00
       2705     66.245     0.7309     0.7456   2.800038   2.800818     1.8762     2.2172      7.985     1.4344   481.3579 1.0715e-01     0.2540    93.8482     6.5269     6.6339    32.7970    32.7915    26.2899    26.2846    8.01058 0.0000e+00
       2708     66.288     0.7312     0.7386   2.800045   2.800309     1.8770     2.2172      7.985     1.3836   481.2790 1.0715e-01     0.2544    93.8395     6.5333     6.6355    32.7967    32.7923    26.2897    26.2857    8.01053 0.0000e+00
       2711     66.341     0.7312     0.7292   2.800070   2.799719     1.8750     2.2168      7.985     1.3937   481.3579 1.0715e-01     0.2551    93.8221     6.5267     6.6374    32.7970    32.7945    26.2899    26.2880    8.01051 0.0000e+00
       2714     66.401     0.7315     0.7268   2.800045   2.799531     1.8745     2.2160      7.985     1.3734   481.3579 1.0715e-01     0.2595    93.7178     6.5223     6.6373    32.7964    32.7946    26.2894    26.2882    8.01049 0.0000e+00
       2717     66.470     0.7316     0.7265   2.800121   2.799486     1.8754     2.2148      7.983     1.3836   481.3184 1.0715e-01     0.2599    93.7091     6.5257     6.6355    32.7971    32.7944    26.2900    26.2880    8.01042 0.0000e+00
       2720     66.547     0.7314     0.7273   2.800143   2.799606     1.8750     2.2148      7.985     1.3734   481.3579 1.0715e-01     0.2599    93.7091     6.5253     6.6361    32.7976    32.7950    26.2904    26.2885    8.01044 0.0000e+00
       2723     66.629     0.7316     0.7276   2.800180   2.799614     1.8741     2.2140      7.985     1.4039   481.3579 1.0715e-01     0.2599    93.7091     6.5229     6.6332    32.7978    32.7947    26.2905    26.2883    8.01038 0.0000e+00
       2726     66.724     0.7323     0.7264   2.800240   2.799527     1.8741     2.2140      7.985     1.4039   481.3579 1.0715e-01     0.2602    93.7004     6.5238     6.6333    32.7978    32.7949    26.2905    26.2885    8.01024 0.0000e+00
       2729     66.828     0.7320     0.7258   2.800224   2.799532     1.8729     2.2140      7.985     1.3836   481.3184 1.0715e-01     0.2595    93.7178     6.5170     6.6344    32.7978    32.7954    26.2905    26.2890    8.01030 0.0000e+00
       2732     66.939     0.7311     0.7257   2.800159   2.799559     1.8729     2.2136      7.985     1.3225   481.3579 1.0715e-01     0.2602    93.7004     6.5189     6.6358    32.7978    32.7958    26.2906    26.2893    8.01048 0.0000e+00
       2735     67.058     0.7308     0.7256   2.800177   2.799579     1.8725     2.2127      7.985     1.3225   481.3579 1.0715e-01     0.2610    93.6830     6.5192     6.6354    32.7984    32.7961    26.2910    26.2895    8.01053 0.0000e+00
       2738     67.179     0.7308     0.7256   2.800208   2.799571     1.8721     2.2123      7.983     1.3225   222.4544 1.0715e-01     0.2606    93.6917     6.5162     6.6356    32.7987    32.7960    26.2913    26.2894    8.01051 0.0000e+00
       2741     67.304     0.7307     0.7257   2.800217   2.799615     1.8725     2.2123      7.985     1.3326    -1.8655 1.0715e-01     0.2610    93.6830     6.5193     6.6364    32.7988    32.7964    26.2914    26.2897    8.01051 0.0000e+00
       2744     67.434     0.7309     0.7258   2.800245   2.799636     1.8721     2.2119      7.985     1.3123     3.1483 1.0715e-01     0.2606    93.6917     6.5205     6.6354    32.7989    32.7964    26.2915    26.2898    8.01047 0.0000e+00
       2747     67.563     0.7309     0.7259   2.800287   2.799655     1.8713     2.2111      7.983     1.3225     2.9904 1.0715e-01     0.2606    93.6917     6.5188     6.6327    32.7994    32.7965    26.2918    26.2898    8.01044 0.0000e+00
       2750     67.696     0.7310     0.7260   2.800291   2.799682     1.8709     2.2111      7.985     1.3123     2.9904 1.0715e-01     0.2606    93.6917     6.5192     6.6311    32.7993    32.7967    26.2918    26.2900    8.01044 0.0000e+00
       2753     67.830     0.7313     0.7260   2.800308   2.799694     1.8705     2.2111      7.985     1.3326     2.9904 1.0715e-01     0.2633    93.6308     6.5177     6.6335    32.7991    32.7967    26.2916    26.2900    8.01038 0.0000e+00
       2756     67.962     0.7311     0.7260   2.800324   2.799737     1.8705     2.2111      7.983     1.3123     2.9904 1.0715e-01     0.2651    93.5874     6.5186     6.6341    32.7994    32.7972    26.2918    26.2904    8.01040 0.0000e+00
       2759     68.092     0.7311     0.7260   2.800308   2.799717     1.8697     2.2099      7.983     1.3428     2.9904 1.0715e-01     0.2651    93.5874     6.5166     6.6316    32.7992    32.7968    26.2917    26.2901    8.01042 0.0000e+00
       2762     68.225     0.7310     0.7260   2.800310   2.799763     1.8701     2.2099      7.983     1.3123     2.9904 1.0715e-01     0.2651    93.5874     6.5175     6.6329    32.7992    32.7974    26.2917    26.2906    8.01044 0.0000e+00
