Datasets/AZMP/HUD120/hud120_2020_068.cnv
* Sea-Bird SBE 9 Data File:
* FileName = C:\CTDDATA\hud120_2020_068.hex
* Software Version Seasave V 7.26.7.110
* Temperature SN = 1697
* Conductivity SN = 4216
* Number of Bytes Per Scan = 30
* Number of Voltage Words = 4
* Number of Scans Averaged by the Deck Unit = 1
* NMEA baud rate = 4800
** VESSEL/TRIP/SEQ STN:  hud120_2020_068
** LATITUDE XX XX.XX: 47 00.00 N
** LONGITUDE XX XX.XX: 047 30.00 W
** SOUNDING DEPTH (M): 0220
** PROBE TYPE: S1146
** CTD NUMBER: 047
** FORMAT: V
** COMMENTS (14 CHAR): FC-14
** BOTTLES:  10
** LEVELS: 5,10,20,30,40,50,75,100,150,BTM
** STICKERS: 439824 - 439833
** VNET: Y
** DO2: Y
# nquan = 22
# nvalues = 4384                        
# units = specified
# name 0 = scan: Scan Count
# name 1 = prDM: Pressure, Digiquartz [db]
# name 2 = t090C: Temperature [ITS-90, deg C]
# name 3 = t190C: Temperature, 2 [ITS-90, deg C]
# name 4 = c0S/m: Conductivity [S/m]
# name 5 = c1S/m: Conductivity, 2 [S/m]
# name 6 = sbeox0V: Oxygen raw, SBE 43 [V]
# name 7 = sbeox1V: Oxygen raw, SBE 43, 2 [V]
# name 8 = ph: pH
# name 9 = flECO-AFL: Fluorescence, WET Labs ECO-AFL/FL [mg/m^3]
# name 10 = wetCDOM: Fluorescence, WET Labs CDOM [mg/m^3]
# name 11 = par/sat/log: PAR/Logarithmic, Satlantic [umol photons/m^2/sec]
# name 12 = CStarAt0: Beam Attenuation, WET Labs C-Star [1/m]
# name 13 = CStarTr0: Beam Transmission, WET Labs C-Star [%]
# name 14 = sbeox0ML/L: Oxygen, SBE 43 [ml/l], WS = 2
# name 15 = sbeox1ML/L: Oxygen, SBE 43, 2 [ml/l], WS = 2
# name 16 = sal00: Salinity, Practical [PSU]
# name 17 = sal11: Salinity, Practical, 2 [PSU]
# name 18 = sigma-t00: Density [sigma-t, kg/m^3 ]
# name 19 = sigma-t11: Density, 2 [sigma-t, kg/m^3 ]
# name 20 = oxsatML/L: Oxygen Saturation, Weiss [ml/l]
# name 21 = flag: flag
# span 0 =          2,      40325       
# span 1 =      2.111,    214.005       
# span 2 =    -0.4799,     2.6392       
# span 3 =    -0.4704,     2.6346       
# span 4 =   2.721347,   3.042226       
# span 5 =   2.721941,   3.041756       
# span 6 =     1.8740,     2.2007       
# span 7 =     2.2239,     2.6368       
# span 8 =      7.970,      8.093       
# span 9 =     0.9155,     5.6774       
# span 10 =    -2.8130,   482.1870      
# span 11 = 1.0715e-01, 1.4147e+02      
# span 12 =     0.0665,     0.2946      
# span 13 =    92.9007,    98.3508      
# span 14 =     6.3294,     7.6303      
# span 15 =     6.4900,     7.8303      
# span 16 =    32.7186,    34.2413      
# span 17 =    32.7169,    34.2405      
# span 18 =    26.0951,    27.3501      
# span 19 =    26.0941,    27.3498      
# span 20 =    7.62951,    8.25637      
# span 21 = 0.0000e+00, 0.0000e+00      
# interval = scans: 3                   
# start_time = Nov 24 2020 13:59:25 [System UTC, header]
# bad_flag = -9.990e-29
*END*
[from data line 3359]
      18997     90.057     0.8738     0.9304   2.891181   2.897753     1.9264     2.2937      7.999     1.0376     6.7804 1.0715e-01     0.0704    98.2552     6.7927     6.9394    33.8067    33.8299    27.0939    27.1090    7.92609 0.0000e+00
      19000     90.024     0.8714     0.9505   2.890832   2.899974     1.9260     2.2937      8.001     1.0376     6.7804 1.0715e-01     0.0704    98.2552     6.7943     6.9380    33.8048    33.8366    27.0925    27.1131    7.92667 0.0000e+00
      19003     89.990     0.8696     0.9352   2.890655   2.897829     1.9272     2.2949      8.001     1.0376     6.7804 1.0715e-01     0.0704    98.2552     6.8015     6.9461    33.8045    33.8257    27.0923    27.1053    7.92707 0.0000e+00
      19006     89.958     0.8682     0.8993   2.890576   2.894219     1.9276     2.2945      7.999     1.0173     6.7804 1.0727e-01     0.0704    98.2552     6.8023     6.9545    33.8050    33.8182    27.0928    27.1015    7.92733 0.0000e+00
      19009     89.926     0.8701     0.9180   2.890881   2.897381     1.9272     2.2949      7.999     1.0376     6.7804 1.0740e-01     0.0700    98.2639     6.8012     6.9523    33.8069    33.8387    27.0942    27.1168    7.92684 0.0000e+00
      19012     89.892     0.8698     0.9450   2.890670   2.900322     1.9268     2.2949      7.999     1.0173   113.9660 1.0715e-01     0.0704    98.2552     6.8004     6.9449    33.8046    33.8472    27.0924    27.1220    7.92703 0.0000e+00
      19015     89.851     0.8683     0.9238   2.890420   2.897464     1.9276     2.2949      7.999     1.0173   481.7922 1.0727e-01     0.0697    98.2725     6.8073     6.9517    33.8030    33.8334    27.0912    27.1122    7.92742 0.0000e+00
      19018     89.804     0.8646     0.8977   2.889997   2.895176     1.9281     2.2949      8.001     1.0681   480.8447 1.0727e-01     0.0700    98.2639     6.8109     6.9591    33.8016    33.8324    27.0903    27.1130    7.92827 0.0000e+00
      19021     89.751     0.8630     0.9156   2.889766   2.897040     1.9281     2.2961      7.999     1.1394   481.2000 1.0727e-01     0.0697    98.2725     6.8119     6.9610    33.8004    33.8370    27.0895    27.1156    7.92867 0.0000e+00
      19024     89.697     0.8615     0.9234   2.889552   2.897021     1.9285     2.2957      7.999     1.1699   481.3184 1.0727e-01     0.0704    98.2552     6.8169     6.9576    33.7993    33.8283    27.0886    27.1081    7.92904 0.0000e+00
      19027     89.638     0.8613     0.9062   2.889777   2.894412     1.9289     2.2965      7.999     1.1597   481.3184 1.0715e-01     0.0704    98.2552     6.8165     6.9662    33.8025    33.8134    27.0912    27.0972    7.92891 0.0000e+00
      19030     89.569     0.8683     0.8849   2.890218   2.891939     1.9285     2.2961      7.999     1.1597   481.3184 1.0715e-01     0.0704    98.2552     6.8140     6.9719    33.8006    33.8047    27.0892    27.0915    7.92755 0.0000e+00
      19033     89.493     0.8678     0.8786   2.889971   2.891131     1.9293     2.2961      8.001     1.1495   481.3184 1.0727e-01     0.0704    98.2552     6.8192     6.9739    33.7979    33.8012    27.0872    27.0891    7.92780 0.0000e+00
      19036     89.411     0.8577     0.8680   2.888758   2.889908     1.9293     2.2965      8.002     1.1597   481.2790 1.0727e-01     0.0704    98.2552     6.8187     6.9797    33.7933    33.7970    27.0841    27.0864    7.93015 0.0000e+00
      19039     89.320     0.8510     0.8585   2.888108   2.888946     1.9301     2.2977      7.999     1.1699   244.0889 1.0715e-01     0.0704    98.2552     6.8204     6.9886    33.7923    33.7949    27.0836    27.0853    7.93159 0.0000e+00
      19042     89.227     0.8463     0.8488   2.887650   2.887889     1.9297     2.2973      8.002     1.1394    -0.5232 1.0727e-01     0.0708    98.2465     6.8204     6.9915    33.7915    33.7919    27.0833    27.0835    7.93260 0.0000e+00
      19045     89.128     0.8443     0.8415   2.887359   2.887106     1.9309     2.2977      8.001     1.0681     6.8594 1.0715e-01     0.0711    98.2378     6.8273     6.9970    33.7901    33.7898    27.0822    27.0822    7.93311 0.0000e+00
      19048     89.023     0.8410     0.8369   2.886975   2.886574     1.9309     2.2977      8.002     1.0173     6.5435 1.0715e-01     0.0715    98.2291     6.8293     7.0013    33.7886    33.7880    27.0813    27.0810    7.93385 0.0000e+00
      19051     88.909     0.8393     0.8360   2.886782   2.886678     1.9301     2.2986      8.001     1.0274     6.5435 1.0715e-01     0.0718    98.2204     6.8258     7.0044    33.7881    33.7904    27.0810    27.0831    7.93424 0.0000e+00
      19054     88.787     0.8400     0.8475   2.886960   2.888141     1.9309     2.2986      8.002     1.0376     6.5435 1.0727e-01     0.0718    98.2204     6.8314     7.0043    33.7898    33.7968    27.0823    27.0875    7.93401 0.0000e+00
      19057     88.659     0.8437     0.8531   2.887315   2.888280     1.9309     2.2990      8.001     1.0274     6.5435 1.0715e-01     0.0718    98.2204     6.8307     7.0047    33.7903    33.7925    27.0826    27.0837    7.93320 0.0000e+00
      19060     88.525     0.8408     0.8412   2.886837   2.886658     1.9305     2.2994      7.999     1.0274     6.5435 1.0715e-01     0.0715    98.2291     6.8269     7.0074    33.7874    33.7846    27.0804    27.0781    7.93396 0.0000e+00
      19063     88.386     0.8373     0.8331   2.886384   2.886116     1.9309     2.3006      8.004     1.0376     6.5435 1.0727e-01     0.0718    98.2204     6.8294     7.0144    33.7855    33.7865    27.0790    27.0801    7.93480 0.0000e+00
      19066     88.242     0.8322     0.8368   2.885775   2.886431     1.9325     2.3006      7.999     1.0274   373.8170 1.0715e-01     0.0711    98.2378     6.8390     7.0151    33.7832    33.7867    27.0775    27.0800    7.93598 0.0000e+00
      19069     88.086     0.8356     0.8299   2.886333   2.885394     1.9325     2.3018      8.002     1.0376   481.9896 1.0715e-01     0.0697    98.2725     6.8379     7.0223    33.7869    33.7809    27.0802    27.0758    7.93508 0.0000e+00
      19072     87.927     0.8351     0.8230   2.885981   2.884634     1.9325     2.3010      7.999     1.0376   480.9631 1.0715e-01     0.0697    98.2725     6.8407     7.0206    33.7829    33.7787    27.0771    27.0744    7.93539 0.0000e+00
      19075     87.765     0.8300     0.8222   2.885263   2.884640     1.9325     2.3014      8.001     1.0478   481.2395 1.0715e-01     0.0697    98.2725     6.8441     7.0192    33.7793    33.7797    27.0745    27.0753    7.93665 0.0000e+00
      19078     87.599     0.8284     0.8278   2.885082   2.885003     1.9337     2.3022      7.999     1.0173   481.2790 1.0727e-01     0.0693    98.2812     6.8520     7.0208    33.7788    33.7784    27.0742    27.0739    7.93701 0.0000e+00
      19081     87.435     0.8316     0.8388   2.885417   2.885995     1.9333     2.3022      8.001     1.0173   481.3184 1.0715e-01     0.0693    98.2812     6.8472     7.0167    33.7797    33.7793    27.0747    27.0740    7.93629 0.0000e+00
      19084     87.267     0.8405     0.8499   2.886212   2.886516     1.9325     2.3026      7.999     1.0274   481.2790 1.0727e-01     0.0697    98.2725     6.8393     7.0154    33.7804    33.7741    27.0747    27.0691    7.93441 0.0000e+00
      19087     87.096     0.8499     0.8505   2.886604   2.886125     1.9337     2.3034      8.001     1.0274   481.3579 1.0715e-01     0.0718    98.2204     6.8400     7.0176    33.7753    33.7685    27.0701    27.0645    7.93273 0.0000e+00
      19090     86.923     0.8525     0.8488   2.886583   2.886137     1.9342     2.3034      8.002     1.0274   481.2790 1.0727e-01     0.0718    98.2204     6.8403     7.0204    33.7724    33.7706    27.0675    27.0663    7.93236 0.0000e+00
      19093     86.749     0.8529     0.8487   2.886339   2.886117     1.9342     2.3047      7.999     1.0274   481.2790 1.0727e-01     0.0718    98.2204     6.8429     7.0250    33.7688    33.7705    27.0647    27.0663    7.93245 0.0000e+00
      19096     86.575     0.8524     0.8495   2.886136   2.885843     1.9342     2.3043      8.001     1.0376   481.3184 1.0715e-01     0.0718    98.2204     6.8445     7.0246    33.7668    33.7663    27.0631    27.0628    7.93266 0.0000e+00
      19099     86.398     0.8533     0.8516   2.886185   2.885873     1.9358     2.3038      8.002     1.0376   481.3184 1.0727e-01     0.0725    98.2030     6.8529     7.0205    33.7666    33.7645    27.0629    27.0612    7.93250 0.0000e+00
      19102     86.224     0.8563     0.8545   2.886295   2.886098     1.9350     2.3055      8.002     1.0376   481.3184 1.0727e-01     0.0722    98.2117     6.8507     7.0278    33.7649    33.7643    27.0613    27.0609    7.93196 0.0000e+00
      19105     86.051     0.8605     0.8590   2.886591   2.886343     1.9346     2.3051      8.004     1.0274   481.3579 1.0715e-01     0.0722    98.2117     6.8536     7.0241    33.7643    33.7627    27.0605    27.0593    7.93113 0.0000e+00
      19108     85.885     0.8652     0.8596   2.886778   2.886385     1.9354     2.3059      8.004     1.0274   481.2790 1.0715e-01     0.0697    98.2725     6.8576     7.0253    33.7617    33.7626    27.0582    27.0592    7.93030 0.0000e+00
      19111     85.720     0.8664     0.8660   2.886792   2.887101     1.9354     2.3063      8.002     1.0173   481.3579 1.0727e-01     0.0693    98.2812     6.8584     7.0248    33.7606    33.7650    27.0572    27.0608    7.93009 0.0000e+00
      19114     85.556     0.8725     0.8815   2.887741   2.888263     1.9366     2.3071      8.004     1.0274   481.3579 1.0727e-01     0.0693    98.2812     6.8638     7.0234    33.7663    33.7633    27.0614    27.0584    7.92852 0.0000e+00
      19117     85.399     0.8886     0.8876   2.888865   2.888521     1.9362     2.3067      8.002     1.0173   337.1015 1.0727e-01     0.0693    98.2812     6.8627     7.0206    33.7634    33.7601    27.0581    27.0555    7.92534 0.0000e+00
      19120     85.246     0.8920     0.8876   2.888864   2.888433     1.9370     2.3071      8.004     1.0274     2.0429 1.0715e-01     0.0693    98.2812     6.8650     7.0226    33.7598    33.7591    27.0550    27.0546    7.92483 0.0000e+00
      19123     85.102     0.8910     0.8860   2.888781   2.888355     1.9374     2.3075      8.004     1.0478    13.9261 1.0727e-01     0.0693    98.2812     6.8658     7.0227    33.7599    33.7598    27.0551    27.0554    7.92503 0.0000e+00
      19126     84.960     0.8911     0.8852   2.888764   2.888356     1.9378     2.3087      8.004     1.0478    13.4129 1.0715e-01     0.0700    98.2639     6.8698     7.0258    33.7597    33.7608    27.0549    27.0562    7.92503 0.0000e+00
      19129     84.826     0.8938     0.8888   2.888956   2.888530     1.9391     2.3079      8.004     1.0478    13.4129 1.0727e-01     0.0704    98.2552     6.8761     7.0224    33.7592    33.7593    27.0544    27.0547    7.92448 0.0000e+00
      19132     84.698     0.8979     0.8891   2.889241   2.888502     1.9386     2.3087      8.004     1.0579    13.4129 1.0715e-01     0.0704    98.2552     6.8726     7.0262    33.7586    33.7586    27.0537    27.0542    7.92368 0.0000e+00
      19135     84.576     0.9024     0.8868   2.889568   2.888435     1.9395     2.3087      8.004     1.0579    13.4129 1.0715e-01     0.0704    98.2552     6.8764     7.0265    33.7579    33.7603    27.0528    27.0557    7.92277 0.0000e+00
      19138     84.458     0.9076     0.8804   2.889829   2.888199     1.9395     2.3091      8.004     1.0579    13.4129 1.0740e-01     0.0704    98.2552     6.8736     7.0321    33.7558    33.7643    27.0508    27.0593    7.92182 0.0000e+00
      19141     84.347     0.9075     0.8760   2.889880   2.888079     1.9403     2.3095      8.004     1.0579    13.4129 1.0727e-01     0.0704    98.2552     6.8768     7.0371    33.7566    33.7676    27.0514    27.0622    7.92179 0.0000e+00
      19144     84.245     0.9062     0.8737   2.890065   2.888022     1.9395     2.3095      8.004     1.0579   282.1862 1.0715e-01     0.0704    98.2552     6.8705     7.0408    33.7605    33.7694    27.0546    27.0638    7.92186 0.0000e+00
      19147     84.148     0.9172     0.8687   2.890860   2.887897     1.9399     2.3104      8.004     1.0478   481.5948 1.0715e-01     0.0700    98.2639     6.8732     7.0466    33.7588    33.7733    27.0526    27.0673    7.91966 0.0000e+00
      19150     84.057     0.9166     0.8697   2.890485   2.887894     1.9403     2.3108      8.005     1.0274   480.9237 1.0715e-01     0.0693    98.2812     6.8747     7.0511    33.7547    33.7722    27.0493    27.0664    7.92001 0.0000e+00
      19153     83.973     0.9080     0.8704   2.890355   2.887864     1.9419     2.3112      8.004     1.0376   481.3184 1.0715e-01     0.0693    98.2812     6.8877     7.0541    33.7624    33.7711    27.0561    27.0654    7.92138 0.0000e+00
      19156     83.894     0.9156     0.8751   2.890978   2.888135     1.9419     2.3116      8.004     1.0376   481.2790 1.0727e-01     0.0693    98.2812     6.8867     7.0569    33.7622    33.7696    27.0555    27.0638    7.91981 0.0000e+00
      19159     83.822     0.9262     0.8874   2.892503   2.888838     1.9423     2.3120      8.005     1.0173   481.2790 1.0727e-01     0.0693    98.2812     6.8852     7.0576    33.7704    33.7653    27.0614    27.0596    7.91718 0.0000e+00
      19162     83.757     0.9761     0.8970   2.895984   2.889354     1.9423     2.3132      8.008     1.0274   481.3184 1.0727e-01     0.0693    98.2812     6.8749     7.0611    33.7611    33.7616    27.0508    27.0561    7.90737 0.0000e+00
      19165     83.691     0.9922     0.9230   2.896360   2.891840     1.9423     2.3136      8.006     1.0274   481.3579 1.0715e-01     0.0693    98.2812     6.8722     7.0572    33.7486    33.7654    27.0396    27.0575    7.90473 0.0000e+00
      19168     83.627     0.9836     0.9457   2.896095   2.892822     1.9435     2.3144      8.005     1.0173   481.0816 1.0740e-01     0.0686    98.2986     6.8773     7.0576    33.7544    33.7535    27.0449    27.0465    7.90617 0.0000e+00
      19171     83.567     0.9926     0.9061   2.897221   2.890364     1.9443     2.3144      8.006     1.0274    79.8561 1.0727e-01     0.0679    98.3160     6.8759     7.0655    33.7592    33.7649    27.0481    27.0581    7.90406 0.0000e+00
      19174     83.512     1.0210     0.9114   2.898683   2.890809     1.9447     2.3148      8.008     1.0274     9.7808 1.0727e-01     0.0683    98.3073     6.8684     7.0646    33.7472    33.7648    27.0367    27.0578    7.89885 0.0000e+00
      19177     83.458     1.0180     0.9309   2.898752   2.892077     1.9456     2.3153      8.008     1.0274    12.8997 1.0727e-01     0.0683    98.3073     6.8731     7.0616    33.7515    33.7600    27.0403    27.0527    7.89925 0.0000e+00
      19180     83.406     1.0438     0.9592   2.900719   2.893996     1.9443     2.3161      8.008     1.0173    12.7812 1.0715e-01     0.0683    98.3073     6.8634     7.0578    33.7487    33.7540    27.0365    27.0461    7.89407 0.0000e+00
      19183     83.352     1.0478     0.9614   2.900554   2.893730     1.9452     2.3165      8.008     1.0274    12.8207 1.0715e-01     0.0683    98.3073     6.8654     7.0564    33.7424    33.7483    27.0311    27.0414    7.89360 0.0000e+00
      19186     83.294     1.0395     0.9314   2.900316   2.892262     1.9452     2.3169      8.008     1.0376    12.7418 1.0727e-01     0.0686    98.2986     6.8670     7.0612    33.7483    33.7620    27.0364    27.0543    7.89499 0.0000e+00
