Datasets/AZMP/HUD120/hud120_2020_026.cnv
* Sea-Bird SBE 9 Data File:
* FileName = C:\CTDDATA\hud120_2020_026.hex
* Software Version Seasave V 7.26.7.110
* Temperature SN = 1697
* Conductivity SN = 4216
* Number of Bytes Per Scan = 30
* Number of Voltage Words = 4
* Number of Scans Averaged by the Deck Unit = 1
* NMEA baud rate = 4800
** VESSEL/TRIP/SEQ STN:  hud120_2020_026
** LATITUDE XX XX.XX: 43 38.00 N
** LONGITUDE XX XX.XX: 050 31.00 W
** SOUNDING DEPTH (M): 0065
** PROBE TYPE: S1146
** CTD NUMBER: 016
** FORMAT: V
** COMMENTS (14 CHAR): SEGB-12
** BOTTLES:  7
** LEVELS: 5,10,20,30,40,50,BTM
** STICKERS: 439616 - 439622
** VNET: Y
** DO2: N
# nquan = 22
# nvalues = 1290                        
# units = specified
# name 0 = scan: Scan Count
# name 1 = prDM: Pressure, Digiquartz [db]
# name 2 = t090C: Temperature [ITS-90, deg C]
# name 3 = t190C: Temperature, 2 [ITS-90, deg C]
# name 4 = c0S/m: Conductivity [S/m]
# name 5 = c1S/m: Conductivity, 2 [S/m]
# name 6 = sbeox0V: Oxygen raw, SBE 43 [V]
# name 7 = sbeox1V: Oxygen raw, SBE 43, 2 [V]
# name 8 = ph: pH
# name 9 = flECO-AFL: Fluorescence, WET Labs ECO-AFL/FL [mg/m^3]
# name 10 = wetCDOM: Fluorescence, WET Labs CDOM [mg/m^3]
# name 11 = par/sat/log: PAR/Logarithmic, Satlantic [umol photons/m^2/sec]
# name 12 = CStarAt0: Beam Attenuation, WET Labs C-Star [1/m]
# name 13 = CStarTr0: Beam Transmission, WET Labs C-Star [%]
# name 14 = sbeox0ML/L: Oxygen, SBE 43 [ml/l], WS = 2
# name 15 = sbeox1ML/L: Oxygen, SBE 43, 2 [ml/l], WS = 2
# name 16 = sal00: Salinity, Practical [PSU]
# name 17 = sal11: Salinity, Practical, 2 [PSU]
# name 18 = sigma-t00: Density [sigma-t, kg/m^3 ]
# name 19 = sigma-t11: Density, 2 [sigma-t, kg/m^3 ]
# name 20 = oxsatML/L: Oxygen Saturation, Weiss [ml/l]
# name 21 = flag: flag
# span 0 =         77,      20250       
# span 1 =      2.290,     62.713       
# span 2 =     3.9025,     9.7348       
# span 3 =     3.8980,     9.7302       
# span 4 =   3.036615,   3.492753       
# span 5 =   3.036263,   3.492211       
# span 6 =     1.9715,     2.2370       
# span 7 =     2.3284,     2.6628       
# span 8 =      7.942,      8.119       
# span 9 =     1.7905,     8.1194       
# span 10 =    -2.8130,   482.1870      
# span 11 = 1.0580e-01, 6.7068e-01      
# span 12 =     0.1791,     1.0067      
# span 13 =    77.7500,    95.6214      
# span 14 =     6.2148,     6.6304      
# span 15 =     6.0875,     6.7717      
# span 16 =    32.0023,    32.5987      
# span 17 =    32.0037,    32.5418      
# span 18 =    24.6653,    25.8442      
# span 19 =    24.6649,    25.7923      
# span 20 =    6.47708,    7.40416      
# span 21 = 0.0000e+00, 0.0000e+00      
# interval = scans: 3                   
# start_time = Nov 18 2020 20:24:53 [System UTC, header]
# bad_flag = -9.990e-29
*END*
[from data line 132]
       1114     16.042     9.5836     9.5790   3.480314   3.479799     2.2292     2.6003      8.109     6.8984   481.3579 1.0715e-01     0.3088    92.5704     6.5038     6.4800    32.0184    32.0172    24.6923    24.6921    6.49876 0.0000e+00
       1117     16.136     9.5832     9.5790   3.480338   3.479799     2.2296     2.5995      8.109     6.8984   481.3579 1.0715e-01     0.3092    92.5617     6.5049     6.4774    32.0189    32.0172    24.6928    24.6922    6.49880 0.0000e+00
       1120     16.220     9.5835     9.5789   3.480331   3.479817     2.2283     2.5995      8.109     6.9086   481.3579 1.0703e-01     0.3095    92.5530     6.5011     6.4758    32.0186    32.0174    24.6925    24.6923    6.49878 0.0000e+00
       1123     16.294     9.5835     9.5789   3.480338   3.479826     2.2292     2.5995      8.109     6.9086   481.3579 1.0703e-01     0.3095    92.5530     6.5068     6.4741    32.0186    32.0175    24.6925    24.6923    6.49877 0.0000e+00
       1126     16.361     9.5834     9.5789   3.480330   3.479790     2.2292     2.5995      8.109     6.9289   481.3579 1.0703e-01     0.3099    92.5443     6.5081     6.4732    32.0185    32.0170    24.6925    24.6920    6.49878 0.0000e+00
       1129     16.421     9.5836     9.5791   3.480340   3.479786     2.2287     2.5995      8.109     7.2647   479.0287 1.0715e-01     0.3099    92.5443     6.5059     6.4731    32.0185    32.0168    24.6925    24.6919    6.49877 0.0000e+00
       1132     16.471     9.5832     9.5791   3.480330   3.479801     2.2287     2.5991      8.109     7.2850    70.9733 1.0703e-01     0.3095    92.5530     6.5070     6.4724    32.0187    32.0170    24.6927    24.6920    6.49881 0.0000e+00
       1135     16.518     9.5836     9.5792   3.480317   3.479805     2.2283     2.5995      8.109     7.2850    10.6888 1.0715e-01     0.3099    92.5443     6.5068     6.4763    32.0182    32.0168    24.6922    24.6918    6.49878 0.0000e+00
       1138     16.559     9.5835     9.5792   3.480346   3.479833     2.2283     2.5987      8.109     7.2850    13.4129 1.0715e-01     0.3099    92.5443     6.5078     6.4770    32.0185    32.0171    24.6925    24.6921    6.49877 0.0000e+00
       1141     16.592     9.5839     9.5799   3.480350   3.479861     2.2283     2.5991      8.109     7.2850    13.2944 1.0715e-01     0.3099    92.5443     6.5086     6.4789    32.0182    32.0168    24.6921    24.6917    6.49873 0.0000e+00
       1156     16.684     9.5842     9.5802   3.480370   3.479872     2.2283     2.5987      8.109     7.3054     9.0702 1.0703e-01     0.3077    92.5965     6.5076     6.4747    32.0181    32.0166    24.6920    24.6915    6.49869 0.0000e+00
       1177     16.799     9.5840     9.5793   3.480391   3.479856     2.2283     2.5979      8.109     7.3155     0.6217 1.0703e-01     0.3047    92.6660     6.5053     6.4628    32.0185    32.0172    24.6923    24.6921    6.49871 0.0000e+00
       1180     16.825     9.5838     9.5792   3.480402   3.479839     2.2279     2.5971      8.109     7.3766     0.6217 1.0703e-01     0.3050    92.6573     6.5037     6.4599    32.0187    32.0171    24.6926    24.6921    6.49872 0.0000e+00
       1183     16.856     9.5839     9.5791   3.480385   3.479841     2.2275     2.5971      8.109     7.4275   208.6367 1.0703e-01     0.3050    92.6573     6.5029     6.4612    32.0185    32.0172    24.6924    24.6921    6.49872 0.0000e+00
       1186     16.892     9.5838     9.5790   3.480383   3.479828     2.2279     2.5971      8.109     7.3970   482.1870 1.0715e-01     0.3024    92.7181     6.5043     6.4629    32.0186    32.0172    24.6925    24.6921    6.49874 0.0000e+00
       1189     16.933     9.5838     9.5788   3.480365   3.479838     2.2283     2.5963      8.109     7.4173   481.1606 1.0703e-01     0.3020    92.7268     6.5063     6.4629    32.0184    32.0174    24.6923    24.6923    6.49874 0.0000e+00
       1192     16.978     9.5837     9.5786   3.480381   3.479851     2.2275     2.5963      8.109     7.3970   481.3184 1.0715e-01     0.3020    92.7268     6.5038     6.4645    32.0186    32.0177    24.6925    24.6926    6.49875 0.0000e+00
       1195     17.029     9.5829     9.5785   3.480381   3.479849     2.2279     2.5967      8.109     7.3970   481.3579 1.0690e-01     0.3020    92.7268     6.5045     6.4687    32.0193    32.0177    24.6931    24.6926    6.49883 0.0000e+00
       1198     17.086     9.5829     9.5783   3.480381   3.479866     2.2287     2.5959      8.109     7.4173   481.3579 1.0703e-01     0.3020    92.7268     6.5075     6.4696    32.0193    32.0180    24.6931    24.6929    6.49884 0.0000e+00
       1201     17.148     9.5829     9.5785   3.480383   3.479854     2.2275     2.5963      8.109     7.4173   481.3579 1.0703e-01     0.3020    92.7268     6.5028     6.4759    32.0192    32.0177    24.6931    24.6926    6.49884 0.0000e+00
       1204     17.216     9.5828     9.5785   3.480412   3.479856     2.2275     2.5967      8.109     7.4173   481.3579 1.0703e-01     0.3020    92.7268     6.5041     6.4810    32.0196    32.0177    24.6934    24.6927    6.49883 0.0000e+00
       1207     17.295     9.5828     9.5785   3.480398   3.479881     2.2279     2.5971      8.109     7.2036   481.3579 1.0703e-01     0.3009    92.7529     6.5048     6.4841    32.0194    32.0179    24.6933    24.6928    6.49884 0.0000e+00
       1210     17.377     9.5830     9.5785   3.480393   3.479853     2.2271     2.5967      8.109     7.1629   481.3579 1.0690e-01     0.3009    92.7529     6.5007     6.4850    32.0191    32.0177    24.6930    24.6926    6.49883 0.0000e+00
       1213     17.466     9.5828     9.5785   3.480401   3.479875     2.2275     2.5975      8.109     7.1629   481.3579 1.0703e-01     0.3009    92.7529     6.5021     6.4929    32.0193    32.0178    24.6932    24.6927    6.49884 0.0000e+00
       1216     17.565     9.5828     9.5785   3.480413   3.479884     2.2271     2.5959      8.109     7.1731   481.3579 1.0703e-01     0.3009    92.7529     6.5002     6.4959    32.0194    32.0179    24.6933    24.6928    6.49884 0.0000e+00
       1219     17.671     9.5828     9.5786   3.480414   3.479898     2.2271     2.5971      8.109     7.1629   481.3579 1.0715e-01     0.3009    92.7529     6.4995     6.5113    32.0194    32.0178    24.6933    24.6927    6.49884 0.0000e+00
       1222     17.788     9.5829     9.5785   3.480434   3.479904     2.2271     2.5979      8.109     7.1629   481.3579 1.0715e-01     0.3009    92.7529     6.4999     6.5245    32.0195    32.0180    24.6933    24.6928    6.49883 0.0000e+00
       1225     17.911     9.5830     9.5783   3.480449   3.479898     2.2279     2.5991      8.109     7.1528   481.3579 1.0690e-01     0.3024    92.7181     6.5047     6.5380    32.0195    32.0180    24.6933    24.6929    6.49880 0.0000e+00
       1228     18.039     9.5829     9.5785   3.480421   3.479901     2.2275     2.5987      8.109     7.1629   481.3579 1.0715e-01     0.3043    92.6747     6.5026     6.5493    32.0192    32.0178    24.6931    24.6927    6.49883 0.0000e+00
       1231     18.176     9.5830     9.5785   3.480474   3.479916     2.2271     2.5983      8.109     7.0917   481.3579 1.0703e-01     0.3039    92.6834     6.5008     6.5597    32.0196    32.0179    24.6934    24.6928    6.49880 0.0000e+00
       1234     18.319     9.5830     9.5785   3.480494   3.479962     2.2267     2.5991      8.109     6.7051   481.3579 1.0715e-01     0.3043    92.6747     6.4989     6.5718    32.0198    32.0184    24.6935    24.6931    6.49880 0.0000e+00
       1237     18.471     9.5830     9.5785   3.480526   3.479973     2.2271     2.6024      8.109     6.6847   481.3579 1.0715e-01     0.3043    92.6747     6.4998     6.5901    32.0200    32.0184    24.6937    24.6932    6.49879 0.0000e+00
       1240     18.630     9.5831     9.5786   3.480576   3.479973     2.2267     2.6064      8.109     6.6949   481.3579 1.0703e-01     0.3039    92.6834     6.4977     6.6090    32.0203    32.0182    24.6939    24.6930    6.49875 0.0000e+00
       1243     18.792     9.5831     9.5785   3.480593   3.480000     2.2263     2.6089      8.109     6.6949   481.3579 1.0715e-01     0.3043    92.6747     6.4963     6.6197    32.0205    32.0185    24.6941    24.6932    6.49876 0.0000e+00
       1246     18.960     9.5832     9.5786   3.480616   3.480042     2.2267     2.6097      8.109     6.6949   481.3579 1.0715e-01     0.3002    92.7703     6.4975     6.6229    32.0205    32.0188    24.6941    24.6934    6.49873 0.0000e+00
       1249     19.132     9.5832     9.5786   3.480612   3.480088     2.2271     2.6117      8.109     6.6949   481.3579 1.0703e-01     0.2976    92.8312     6.4986     6.6287    32.0204    32.0191    24.6940    24.6937    6.49874 0.0000e+00
       1252     19.310     9.5832     9.5788   3.480613   3.480086     2.2259     2.6150      8.107     6.6847   481.3579 1.0703e-01     0.2980    92.8225     6.4958     6.6361    32.0203    32.0189    24.6939    24.6935    6.49875 0.0000e+00
       1255     19.488     9.5832     9.5789   3.480613   3.480102     2.2263     2.6158      8.109     6.6949   481.3579 1.0715e-01     0.2983    92.8138     6.4980     6.6333    32.0203    32.0189    24.6939    24.6935    6.49875 0.0000e+00
       1258     19.665     9.5833     9.5790   3.480642   3.480127     2.2263     2.6166      8.107     6.6338   481.3579 1.0715e-01     0.2983    92.8138     6.4978     6.6266    32.0204    32.0190    24.6940    24.6935    6.49873 0.0000e+00
       1261     19.844     9.5834     9.5789   3.480679   3.480129     2.2259     2.6182      8.107     6.5321   374.6856 1.0715e-01     0.2980    92.8225     6.4956     6.6210    32.0206    32.0190    24.6941    24.6936    6.49870 0.0000e+00
       1264     20.026     9.5834     9.5791   3.480707   3.480169     2.2255     2.6195      8.107     6.5626    10.6493 1.0715e-01     0.2983    92.8138     6.4944     6.6155    32.0208    32.0192    24.6943    24.6937    6.49869 0.0000e+00
       1267     20.206     9.5838     9.5791   3.480736   3.480204     2.2267     2.6203      8.107     6.5626    20.1638 1.0715e-01     0.2976    92.8312     6.4991     6.6122    32.0207    32.0195    24.6941    24.6939    6.49864 0.0000e+00
       1270     20.383     9.5836     9.5794   3.480764   3.480229     2.2259     2.6207      8.109     6.5524    19.6901 1.0715e-01     0.2976    92.8312     6.4947     6.6070    32.0210    32.0194    24.6944    24.6938    6.49865 0.0000e+00
       1273     20.555     9.5837     9.5792   3.480763   3.480249     2.2255     2.6215      8.109     6.5423    19.6901 1.0715e-01     0.2972    92.8399     6.4932     6.6025    32.0209    32.0197    24.6943    24.6940    6.49865 0.0000e+00
       1276     20.726     9.5837     9.5792   3.480771   3.480234     2.2259     2.6219      8.107     6.5524    19.6901 1.0715e-01     0.2976    92.8312     6.4953     6.5989    32.0209    32.0194    24.6943    24.6938    6.49865 0.0000e+00
       1279     20.894     9.5839     9.5794   3.480806   3.480270     2.2255     2.6239      8.106     6.5626    19.6901 1.0703e-01     0.2976    92.8312     6.4932     6.6025    32.0210    32.0196    24.6943    24.6939    6.49861 0.0000e+00
       1282     21.058     9.5837     9.5793   3.480814   3.480269     2.2251     2.6239      8.107     6.5524    19.6901 1.0715e-01     0.2972    92.8399     6.4905     6.5981    32.0212    32.0196    24.6945    24.6939    6.49863 0.0000e+00
       1285     21.220     9.5838     9.5795   3.480808   3.480294     2.2255     2.6239      8.107     6.6949    19.6901 1.0703e-01     0.2972    92.8399     6.4918     6.5941    32.0210    32.0196    24.6943    24.6939    6.49863 0.0000e+00
       1288     21.378     9.5838     9.5794   3.480812   3.480283     2.2251     2.6248      8.107     6.7458   250.0502 1.0690e-01     0.2953    92.8833     6.4904     6.5936    32.0209    32.0195    24.6943    24.6939    6.49863 0.0000e+00
       1291     21.527     9.5837     9.5793   3.480832   3.480287     2.2251     2.6252      8.107     6.7560   482.1870 1.0715e-01     0.2953    92.8833     6.4901     6.5919    32.0212    32.0195    24.6945    24.6939    6.49863 0.0000e+00
       1294     21.674     9.5839     9.5793   3.480904   3.480375     2.2243     2.6252      8.107     6.7560   481.0421 1.0703e-01     0.2953    92.8833     6.4874     6.5900    32.0217    32.0203    24.6948    24.6945    6.49859 0.0000e+00
       1297     21.817     9.5836     9.5792   3.480921   3.480386     2.2247     2.6260      8.106     6.7458   481.3579 1.0715e-01     0.2953    92.8833     6.4886     6.5905    32.0221    32.0205    24.6952    24.6946    6.49862 0.0000e+00
       1300     21.953     9.5836     9.5793   3.480931   3.480410     2.2247     2.6264      8.107     6.7458   481.3579 1.0703e-01     0.2953    92.8833     6.4896     6.5879    32.0221    32.0206    24.6952    24.6948    6.49861 0.0000e+00
       1303     22.084     9.5835     9.5792   3.480947   3.480425     2.2243     2.6268      8.107     6.7661   481.3579 1.0715e-01     0.2949    92.8920     6.4886     6.5871    32.0222    32.0208    24.6954    24.6949    6.49862 0.0000e+00
       1306     22.212     9.5838     9.5793   3.480934   3.480403     2.2238     2.6260      8.104     6.7560   481.3579 1.0703e-01     0.2949    92.8920     6.4840     6.5836    32.0218    32.0205    24.6950    24.6946    6.49859 0.0000e+00
       1309     22.333     9.5839     9.5794   3.480977   3.480430     2.2238     2.6272      8.106     6.7560   481.3579 1.0715e-01     0.2931    92.9355     6.4825     6.5855    32.0222    32.0206    24.6952    24.6947    6.49857 0.0000e+00
       1312     22.450     9.5838     9.5794   3.480991   3.480470     2.2243     2.6264      8.104     6.9187   481.3579 1.0715e-01     0.2931    92.9355     6.4857     6.5808    32.0223    32.0209    24.6954    24.6950    6.49858 0.0000e+00
       1315     22.563     9.5838     9.5792   3.481001   3.480465     2.2234     2.6268      8.104     6.9391   113.4133 1.0715e-01     0.2931    92.9355     6.4836     6.5808    32.0223    32.0210    24.6954    24.6951    6.49857 0.0000e+00
       1318     22.676     9.5836     9.5793   3.481015   3.480509     2.2238     2.6284      8.104     6.9289     9.8203 1.0703e-01     0.2931    92.9355     6.4850     6.5842    32.0226    32.0213    24.6957    24.6953    6.49859 0.0000e+00
       1321     22.786     9.5836     9.5795   3.481019   3.480501     2.2234     2.6272      8.104     6.9391    14.2420 1.0703e-01     0.2931    92.9355     6.4832     6.5788    32.0226    32.0210    24.6956    24.6951    6.49859 0.0000e+00
       1324     22.893     9.5837     9.5795   3.481027   3.480519     2.2238     2.6272      8.104     6.9187    14.0446 1.0703e-01     0.2931    92.9355     6.4878     6.5777    32.0226    32.0211    24.6956    24.6951    6.49857 0.0000e+00
       1327     22.998     9.5839     9.5797   3.481082   3.480570     2.2230     2.6276      8.104     6.9391    14.0446 1.0703e-01     0.2916    92.9702     6.4857     6.5789    32.0229    32.0215    24.6958    24.6954    6.49854 0.0000e+00
       1330     23.102     9.5841     9.5798   3.481134   3.480581     2.2210     2.6276      8.104     6.9492    14.0446 1.0715e-01     0.2904    92.9963     6.4784     6.5782    32.0232    32.0214    24.6960    24.6954    6.49849 0.0000e+00
       1333     23.207     9.5843     9.5797   3.481148   3.480608     2.2222     2.6276      8.104     6.9289    14.0446 1.0715e-01     0.2904    92.9963     6.4834     6.5782    32.0232    32.0217    24.6960    24.6955    6.49847 0.0000e+00
       1336     23.311     9.5843     9.5799   3.481182   3.480614     2.2234     2.6276      8.104     6.9798    14.0051 1.0715e-01     0.2904    92.9963     6.4899     6.5798    32.0234    32.0216    24.6962    24.6954    6.49846 0.0000e+00
