Datasets/AZMP/HUD120/hud120_2020_082.cnv
* Sea-Bird SBE 9 Data File:
* FileName = C:\CTDDATA\hud120_2020_082.hex
* Software Version Seasave V 7.26.7.110
* Temperature SN = 1697
* Conductivity SN = 4216
* Number of Bytes Per Scan = 30
* Number of Voltage Words = 4
* Number of Scans Averaged by the Deck Unit = 1
* NMEA baud rate = 4800
** VESSEL/TRIP/SEQ STN:  hud120_2020_082
** LATITUDE XX XX.XX: 47 00.00 N
** LONGITUDE XX XX.XX W: 052 49.90 W
** SOUNDING DEPTH (M): 0107
** PROBE TYPE: S1146
** CTD NUMBER: 061
** FORMAT: V
** COMMENTS (14 CHAR): FC-01
** BOTTLES:  8
** LEVELS: 5,10,20,30,40,50,75,BTM
** STICKERS: 439930 - 439937
** VNET: Y
** DO2: N
# nquan = 22
# nvalues = 2824                        
# units = specified
# name 0 = scan: Scan Count
# name 1 = prDM: Pressure, Digiquartz [db]
# name 2 = t090C: Temperature [ITS-90, deg C]
# name 3 = t190C: Temperature, 2 [ITS-90, deg C]
# name 4 = c0S/m: Conductivity [S/m]
# name 5 = c1S/m: Conductivity, 2 [S/m]
# name 6 = sbeox0V: Oxygen raw, SBE 43 [V]
# name 7 = sbeox1V: Oxygen raw, SBE 43, 2 [V]
# name 8 = ph: pH
# name 9 = flECO-AFL: Fluorescence, WET Labs ECO-AFL/FL [mg/m^3]
# name 10 = wetCDOM: Fluorescence, WET Labs CDOM [mg/m^3]
# name 11 = par/sat/log: PAR/Logarithmic, Satlantic [umol photons/m^2/sec]
# name 12 = CStarAt0: Beam Attenuation, WET Labs C-Star [1/m]
# name 13 = CStarTr0: Beam Transmission, WET Labs C-Star [%]
# name 14 = sbeox0ML/L: Oxygen, SBE 43 [ml/l], WS = 2
# name 15 = sbeox1ML/L: Oxygen, SBE 43, 2 [ml/l], WS = 2
# name 16 = sal00: Salinity, Practical [PSU]
# name 17 = sal11: Salinity, Practical, 2 [PSU]
# name 18 = sigma-t00: Density [sigma-t, kg/m^3 ]
# name 19 = sigma-t11: Density, 2 [sigma-t, kg/m^3 ]
# name 20 = oxsatML/L: Oxygen Saturation, Weiss [ml/l]
# name 21 = flag: flag
# span 0 =         44,      33619       
# span 1 =      0.760,    102.468       
# span 2 =     1.2517,     4.1363       
# span 3 =     1.2536,     4.1322       
# span 4 =   2.806955,   2.976465       
# span 5 =   2.806868,   2.975960       
# span 6 =     2.1030,     2.2108       
# span 7 =     2.4994,     2.6328       
# span 8 =      8.105,      8.154       
# span 9 =     1.1902,     3.0420       
# span 10 =    -2.8130,   482.1870      
# span 11 = 1.0497e-01, 6.9409e-01      
# span 12 =     0.1060,     0.1498      
# span 13 =    96.3255,    97.3859      
# span 14 =     7.3245,     7.6114      
# span 15 =     7.2942,     7.7925      
# span 16 =    31.5422,    32.3202      
# span 17 =    31.5409,    32.3182      
# span 18 =    25.0255,    25.8756      
# span 19 =    25.0255,    25.8738      
# span 20 =    7.40653,    7.92779      
# span 21 = 0.0000e+00, 0.0000e+00      
# interval = scans: 3                   
# start_time = Nov 27 2020 05:04:09 [System UTC, header]
# bad_flag = -9.990e-29
*END*
[from data line 66]
        269      5.969     4.1019     4.0984   2.972284   2.971836     2.2092     2.5641      8.150     2.6961   481.3579 1.0715e-01     0.1415    96.5254     7.4196     7.3120    31.5463    31.5444    25.0299    25.0288    7.41336 0.0000e+00
        272      6.040     4.1008     4.0967   2.972244   2.971750     2.2104     2.5649      8.150     2.5842   481.3579 1.0715e-01     0.1422    96.5080     7.4213     7.3187    31.5468    31.5450    25.0305    25.0294    7.41354 0.0000e+00
        275      6.117     4.1007     4.0960   2.972224   2.971718     2.2108     2.5645      8.150     2.3705   481.3579 1.0715e-01     0.1422    96.5080     7.4167     7.3185    31.5467    31.5453    25.0304    25.0297    7.41357 0.0000e+00
        278      6.194     4.1004     4.0965   2.972205   2.971741     2.2100     2.5641      8.150     2.4112   109.4654 1.0715e-01     0.1422    96.5080     7.4047     7.3171    31.5467    31.5450    25.0304    25.0294    7.41362 0.0000e+00
        281      6.273     4.1002     4.0972   2.972218   2.971803     2.2092     2.5649      8.150     2.3909     1.6876 1.0715e-01     0.1422    96.5080     7.3934     7.3204    31.5470    31.5451    25.0306    25.0294    7.41364 0.0000e+00
        284      6.349     4.1002     4.0966   2.972213   2.971736     2.2088     2.5649      8.150     2.3909     6.0303 1.1218e-01     0.1422    96.5080     7.3828     7.3218    31.5469    31.5447    25.0306    25.0292    7.41365 0.0000e+00
        287      6.429     4.0996     4.0950   2.972181   2.971647     2.2080     2.5645      8.150     2.4010     5.8329 1.0959e-01     0.1422    96.5080     7.3700     7.3229    31.5471    31.5453    25.0308    25.0298    7.41375 0.0000e+00
        290      6.506     4.0995     4.0953   2.972181   2.971661     2.2080     2.5641      8.150     2.3909     5.8329 1.0703e-01     0.1443    96.4558     7.3619     7.3221    31.5471    31.5451    25.0308    25.0296    7.41376 0.0000e+00
        293      6.581     4.0998     4.0940   2.972188   2.971584     2.2080     2.5641      8.150     2.4010     5.8329 1.0715e-01     0.1454    96.4298     7.3560     7.3223    31.5469    31.5454    25.0306    25.0299    7.41371 0.0000e+00
        296      6.657     4.0993     4.0942   2.972193   2.971639     2.2072     2.5653      8.150     2.4010     5.8329 1.0715e-01     0.1454    96.4298     7.3498     7.3269    31.5473    31.5458    25.0310    25.0303    7.41378 0.0000e+00
        299      6.731     4.1000     4.0936   2.972216   2.971565     2.2072     2.5645      8.150     2.4621     5.8329 1.0715e-01     0.1454    96.4298     7.3534     7.3255    31.5469    31.5455    25.0306    25.0301    7.41368 0.0000e+00
        302      6.805     4.1004     4.0935   2.972228   2.971563     2.2063     2.5649      8.150     2.5231    49.4178 1.1651e-01     0.1454    96.4298     7.3557     7.3267    31.5467    31.5455    25.0304    25.0301    7.41362 0.0000e+00
        305      6.876     4.1000     4.0930   2.972255   2.971552     2.2055     2.5653      8.150     2.5130   458.7759 1.0895e-01     0.1454    96.4298     7.3574     7.3289    31.5473    31.5458    25.0309    25.0304    7.41366 0.0000e+00
        308      6.946     4.1005     4.0951   2.972309   2.971731     2.2047     2.5653      8.150     2.5028   481.5159 1.0715e-01     0.1454    96.4298     7.3591     7.3307    31.5474    31.5459    25.0310    25.0303    7.41356 0.0000e+00
        311      7.013     4.1008     4.0960   2.972300   2.971803     2.2047     2.5653      8.150     2.5130   481.2000 1.0727e-01     0.1487    96.3515     7.3658     7.3319    31.5471    31.5458    25.0307    25.0301    7.41354 0.0000e+00
        314      7.075     4.0988     4.0960   2.972136   2.971793     2.2051     2.5653      8.150     2.5130   481.3184 1.0715e-01     0.1498    96.3255     7.3742     7.3312    31.5470    31.5457    25.0308    25.0300    7.41390 0.0000e+00
        317      7.137     4.0974     4.0970   2.972055   2.971860     2.2043     2.5653      8.150     2.5231   481.2790 1.0715e-01     0.1494    96.3342     7.3757     7.3283    31.5473    31.5455    25.0312    25.0297    7.41413 0.0000e+00
        320      7.197     4.0971     4.0950   2.972074   2.971684     2.2043     2.5653      8.150     2.5231   481.3579 1.0715e-01     0.1498    96.3255     7.3810     7.3282    31.5478    31.5453    25.0316    25.0298    7.41416 0.0000e+00
        323      7.252     4.0976     4.0931   2.972081   2.971560     2.2051     2.5657      8.150     2.5028   481.2790 1.0715e-01     0.1491    96.3428     7.3894     7.3305    31.5474    31.5457    25.0313    25.0303    7.41410 0.0000e+00
        326      7.307     4.0966     4.0921   2.972000   2.971479     2.2051     2.5653      8.150     2.5130   481.3184 1.0727e-01     0.1494    96.3342     7.3920     7.3285    31.5473    31.5457    25.0313    25.0304    7.41428 0.0000e+00
        329      7.360     4.0967     4.0912   2.972004   2.971418     2.2051     2.5665      8.150     2.5130   481.3579 1.0715e-01     0.1483    96.3602     7.3948     7.3329    31.5474    31.5458    25.0313    25.0305    7.41427 0.0000e+00
        332      7.406     4.0964     4.0916   2.971983   2.971471     2.2051     2.5661      8.150     2.5231   481.3579 1.0715e-01     0.1386    96.5949     7.3959     7.3331    31.5474    31.5459    25.0313    25.0306    7.41433 0.0000e+00
        335      7.454     4.0959     4.0919   2.971943   2.971473     2.2063     2.5665      8.150     2.5130   481.3579 1.0727e-01     0.1382    96.6036     7.3990     7.3348    31.5474    31.5457    25.0314    25.0304    7.41442 0.0000e+00
        338      7.499     4.0958     4.0922   2.971938   2.971503     2.2059     2.5653      8.150     2.5130   481.3184 1.0715e-01     0.1379    96.6123     7.3958     7.3302    31.5474    31.5457    25.0314    25.0304    7.41443 0.0000e+00
        341      7.541     4.0962     4.0932   2.971982   2.971580     2.2047     2.5653      8.150     2.5130   481.3579 1.0715e-01     0.1382    96.6036     7.3920     7.3297    31.5474    31.5457    25.0314    25.0303    7.41435 0.0000e+00
        344      7.581     4.0967     4.0932   2.972006   2.971577     2.2055     2.5665      8.150     2.5231   481.3579 1.0715e-01     0.1382    96.6036     7.3925     7.3336    31.5472    31.5456    25.0312    25.0302    7.41427 0.0000e+00
        347      7.622     4.0970     4.0919   2.972022   2.971465     2.2051     2.5661      8.150     2.5231   481.3579 1.0715e-01     0.1382    96.6036     7.3893     7.3314    31.5471    31.5455    25.0310    25.0302    7.41422 0.0000e+00
        350      7.661     4.0971     4.0909   2.972045   2.971400     2.2047     2.5665      8.150     2.5435   481.3579 1.0715e-01     0.1393    96.5775     7.3881     7.3337    31.5472    31.5457    25.0311    25.0305    7.41419 0.0000e+00
        353      7.698     4.0974     4.0905   2.972103   2.971360     2.2051     2.5661      8.150     2.6656   481.3579 1.0715e-01     0.1400    96.5602     7.3900     7.3321    31.5476    31.5456    25.0314    25.0305    7.41412 0.0000e+00
        356      7.735     4.0968     4.0910   2.971991   2.971390     2.2051     2.5674      8.148     2.6656   206.2285 1.0715e-01     0.1400    96.5602     7.3895     7.3361    31.5469    31.5455    25.0309    25.0303    7.41427 0.0000e+00
        359      7.772     4.0945     4.0896   2.971839   2.971278     2.2047     2.5665      8.150     2.6757     0.1479 1.0715e-01     0.1400    96.5602     7.3886     7.3333    31.5473    31.5455    25.0314    25.0304    7.41466 0.0000e+00
        362      7.809     4.0937     4.0888   2.971765   2.971243     2.2051     2.5665      8.150     2.6859     6.5830 1.0715e-01     0.1400    96.5602     7.3931     7.3333    31.5472    31.5458    25.0315    25.0308    7.41482 0.0000e+00
        365      7.845     4.0932     4.0892   2.971753   2.971273     2.2055     2.5669      8.150     2.6554     6.3067 1.0715e-01     0.1400    96.5602     7.3952     7.3327    31.5476    31.5457    25.0318    25.0307    7.41490 0.0000e+00
        368      7.883     4.0929     4.0893   2.971734   2.971266     2.2051     2.5665      8.150     2.6757     6.3067 1.0715e-01     0.1400    96.5602     7.3949     7.3295    31.5475    31.5456    25.0318    25.0306    7.41495 0.0000e+00
        371      7.921     4.0930     4.0894   2.971725   2.971293     2.2051     2.5665      8.150     2.6554     6.3067 1.0715e-01     0.1400    96.5602     7.3966     7.3283    31.5473    31.5457    25.0316    25.0307    7.41495 0.0000e+00
        374      7.958     4.0930     4.0893   2.971725   2.971261     2.2059     2.5678      8.150     2.6757     6.3067 1.0715e-01     0.1400    96.5602     7.3977     7.3319    31.5473    31.5454    25.0316    25.0304    7.41494 0.0000e+00
        377      7.997     4.0935     4.0889   2.971767   2.971244     2.2051     2.5665      8.148     2.7978     6.3067 1.0715e-01     0.1400    96.5602     7.3941     7.3264    31.5473    31.5456    25.0315    25.0306    7.41485 0.0000e+00
        380      8.035     4.0940     4.0891   2.971799   2.971272     2.2051     2.5665      8.150     2.9403     6.3067 1.0715e-01     0.1400    96.5602     7.3939     7.3259    31.5471    31.5457    25.0314    25.0307    7.41477 0.0000e+00
        383      8.075     4.0939     4.0892   2.971805   2.971270     2.2051     2.5665      8.150     2.9505     6.5040 1.0715e-01     0.1400    96.5602     7.3961     7.3261    31.5474    31.5455    25.0316    25.0306    7.41478 0.0000e+00
        386      8.114     4.0939     4.0893   2.971805   2.971304     2.2051     2.5669      8.150     2.9403     6.5435 1.0715e-01     0.1400    96.5602     7.3944     7.3270    31.5473    31.5459    25.0315    25.0308    7.41479 0.0000e+00
        389      8.155     4.0938     4.0899   2.971790   2.971335     2.2051     2.5669      8.150     2.9301     6.5435 1.0715e-01     0.1400    96.5602     7.3958     7.3260    31.5473    31.5457    25.0315    25.0306    7.41481 0.0000e+00
        392      8.195     4.0938     4.0896   2.971809   2.971317     2.2060     2.5665      8.150     2.9505     6.5435 1.0715e-01     0.1396    96.5689     7.3985     7.3247    31.5474    31.5457    25.0316    25.0306    7.41479 0.0000e+00
        395      8.237     4.0938     4.0889   2.971793   2.971279     2.2051     2.5665      8.150     2.9403     6.5435 1.0715e-01     0.1389    96.5862     7.3947     7.3257    31.5472    31.5458    25.0315    25.0308    7.41481 0.0000e+00
        398      8.278     4.0937     4.0888   2.971805   2.971248     2.2047     2.5665      8.150     2.9505     6.5435 1.0715e-01     0.1393    96.5775     7.3920     7.3261    31.5474    31.5457    25.0316    25.0307    7.41480 0.0000e+00
        401      8.321     4.0933     4.0890   2.971755   2.971268     2.2055     2.5665      8.150     2.9403     6.5435 1.0715e-01     0.1389    96.5862     7.3962     7.3272    31.5472    31.5456    25.0314    25.0307    7.41489 0.0000e+00
        404      8.364     4.0934     4.0885   2.971751   2.971226     2.2055     2.5665      8.150     2.8487     6.5435 1.0715e-01     0.1389    96.5862     7.3956     7.3265    31.5471    31.5456    25.0313    25.0307    7.41489 0.0000e+00
        407      8.410     4.0930     4.0881   2.971747   2.971200     2.2064     2.5665      8.150     2.8182    75.6318 1.0727e-01     0.1393    96.5775     7.3999     7.3264    31.5474    31.5456    25.0317    25.0307    7.41495 0.0000e+00
        410      8.454     4.0930     4.0881   2.971766   2.971196     2.2051     2.5665      8.150     2.8080   470.9355 1.0715e-01     0.1400    96.5602     7.3930     7.3257    31.5475    31.5456    25.0317    25.0307    7.41493 0.0000e+00
        413      8.498     4.0929     4.0882   2.971745   2.971208     2.2055     2.5661      8.150     2.8182   481.4369 1.0715e-01     0.1426    96.4993     7.3939     7.3225    31.5473    31.5456    25.0316    25.0307    7.41495 0.0000e+00
        416      8.543     4.0927     4.0887   2.971721   2.971255     2.2051     2.5669      8.150     2.8182   481.2790 1.0715e-01     0.1426    96.4993     7.3918     7.3259    31.5472    31.5457    25.0316    25.0307    7.41500 0.0000e+00
        419      8.588     4.0922     4.0888   2.971672   2.971270     2.2055     2.5669      8.150     2.8182   481.3579 1.0715e-01     0.1426    96.4993     7.3921     7.3248    31.5472    31.5457    25.0316    25.0307    7.41510 0.0000e+00
        422      8.632     4.0920     4.0889   2.971693   2.971272     2.2051     2.5665      8.150     2.8182   481.2790 1.0715e-01     0.1426    96.4993     7.3891     7.3204    31.5475    31.5456    25.0319    25.0306    7.41511 0.0000e+00
        425      8.673     4.0924     4.0883   2.971716   2.971224     2.2051     2.5661      8.150     2.8386   481.3184 1.0715e-01     0.1422    96.5080     7.3885     7.3179    31.5475    31.5456    25.0318    25.0307    7.41505 0.0000e+00
        428      8.719     4.0920     4.0880   2.971662   2.971211     2.2055     2.5665      8.150     2.8487   481.3579 1.0727e-01     0.1429    96.4906     7.3905     7.3194    31.5471    31.5457    25.0315    25.0308    7.41513 0.0000e+00
        431      8.762     4.0917     4.0889   2.971680   2.971311     2.2055     2.5665      8.150     3.0115   481.3579 1.0727e-01     0.1418    96.5167     7.3900     7.3204    31.5476    31.5460    25.0320    25.0309    7.41516 0.0000e+00
        434      8.803     4.0921     4.0897   2.971682   2.971346     2.2051     2.5657      8.150     3.0014   295.7670 1.0715e-01     0.1400    96.5602     7.3880     7.3171    31.5473    31.5456    25.0317    25.0306    7.41512 0.0000e+00
        437      8.846     4.0922     4.0882   2.971694   2.971203     2.2055     2.5653      8.150     3.0115     1.1744 1.0715e-01     0.1400    96.5602     7.3907     7.3173    31.5473    31.5453    25.0316    25.0305    7.41509 0.0000e+00
        440      8.887     4.0914     4.0867   2.971638   2.971121     2.2047     2.5665      8.150     2.9912    12.0706 1.0715e-01     0.1400    96.5602     7.3881     7.3245    31.5473    31.5458    25.0317    25.0310    7.41523 0.0000e+00
        443      8.928     4.0916     4.0872   2.971659   2.971139     2.2043     2.5653      8.150     2.9912    11.5968 1.0715e-01     0.1400    96.5602     7.3879     7.3223    31.5474    31.5455    25.0318    25.0307    7.41520 0.0000e+00
        446      8.970     4.0914     4.0870   2.971645   2.971137     2.2055     2.5645      8.150     3.0115    11.6363 1.0715e-01     0.1400    96.5602     7.3944     7.3198    31.5474    31.5457    25.0318    25.0309    7.41523 0.0000e+00
        449      9.008     4.0914     4.0872   2.971655   2.971140     2.2051     2.5657      8.150     3.0115    11.5968 1.0715e-01     0.1400    96.5602     7.3936     7.3239    31.5475    31.5455    25.0319    25.0307    7.41522 0.0000e+00
        452      9.051     4.0914     4.0871   2.971652   2.971133     2.2051     2.5657      8.150     3.0014    11.5574 1.0715e-01     0.1411    96.5341     7.3943     7.3231    31.5475    31.5455    25.0319    25.0307    7.41523 0.0000e+00
        455      9.092     4.0908     4.0871   2.971604   2.971129     2.2043     2.5661      8.150     2.9200    11.5574 1.0715e-01     0.1411    96.5341     7.3919     7.3262    31.5474    31.5455    25.0319    25.0307    7.41533 0.0000e+00
        458      9.132     4.0904     4.0876   2.971582   2.971203     2.2043     2.5653      8.150     2.7165    11.5968 1.0727e-01     0.1407    96.5428     7.3913     7.3247    31.5475    31.5458    25.0320    25.0309    7.41540 0.0000e+00
        461      9.176     4.0913     4.0883   2.971602   2.971256     2.2055     2.5665      8.150     2.7368     3.0694 1.0715e-01     0.1411    96.5341     7.3969     7.3280    31.5469    31.5458    25.0315    25.0308    7.41528 0.0000e+00
