Datasets/AZMP/HUD120/hud120_2020_092.cnv
* Sea-Bird SBE 9 Data File:
* FileName = C:\CTDDATA\hud120_2020_092.hex
* Software Version Seasave V 7.26.7.110
* Temperature SN = 1697
* Conductivity SN = 4216
* Number of Bytes Per Scan = 30
* Number of Voltage Words = 4
* Number of Scans Averaged by the Deck Unit = 1
* NMEA baud rate = 4800
** VESSEL/TRIP/SEQ STN:  hud120_2020_092
** LATITUDE XX XX.XX: 49 11.40 N
** LONGITUDE XX XX.XX: 051 32.50 W
** SOUNDING DEPTH (M): 0318
** PROBE TYPE: S1146
** CTD NUMBER: 069
** FORMAT: V
** COMMENTS (14 CHAR): BB-07
** BOTTLES:  11
** LEVELS: 5,10,20,30,40,50,75,100,150,250,BTM
** STICKERS: 439987 - 439997
** VNET: Y
** DO2: N
# nquan = 22
# nvalues = 6816                        
# units = specified
# name 0 = scan: Scan Count
# name 1 = prDM: Pressure, Digiquartz [db]
# name 2 = t090C: Temperature [ITS-90, deg C]
# name 3 = t190C: Temperature, 2 [ITS-90, deg C]
# name 4 = c0S/m: Conductivity [S/m]
# name 5 = c1S/m: Conductivity, 2 [S/m]
# name 6 = sbeox0V: Oxygen raw, SBE 43 [V]
# name 7 = sbeox1V: Oxygen raw, SBE 43, 2 [V]
# name 8 = ph: pH
# name 9 = flECO-AFL: Fluorescence, WET Labs ECO-AFL/FL [mg/m^3]
# name 10 = wetCDOM: Fluorescence, WET Labs CDOM [mg/m^3]
# name 11 = par/sat/log: PAR/Logarithmic, Satlantic [umol photons/m^2/sec]
# name 12 = CStarAt0: Beam Attenuation, WET Labs C-Star [1/m]
# name 13 = CStarTr0: Beam Transmission, WET Labs C-Star [%]
# name 14 = sbeox0ML/L: Oxygen, SBE 43 [ml/l], WS = 2
# name 15 = sbeox1ML/L: Oxygen, SBE 43, 2 [ml/l], WS = 2
# name 16 = sal00: Salinity, Practical [PSU]
# name 17 = sal11: Salinity, Practical, 2 [PSU]
# name 18 = sigma-t00: Density [sigma-t, kg/m^3 ]
# name 19 = sigma-t11: Density, 2 [sigma-t, kg/m^3 ]
# name 20 = oxsatML/L: Oxygen Saturation, Weiss [ml/l]
# name 21 = flag: flag
# span 0 =         62,      50181       
# span 1 =      0.228,    310.051       
# span 2 =     0.5826,     2.7383       
# span 3 =     0.5766,     2.7338       
# span 4 =   2.806127,   3.111860       
# span 5 =   2.815583,   3.111340       
# span 6 =     1.8208,     2.2372       
# span 7 =     2.1365,     2.6135       
# span 8 =      8.021,      8.145       
# span 9 =     0.8850,     5.1585       
# span 10 =    -2.8130,   482.1870      
# span 11 = 1.0703e-01, 7.0222e-01      
# span 12 =     0.0842,     0.4231      
# span 13 =    89.9627,    97.9162      
# span 14 =     6.0783,     8.2701      
# span 15 =     6.1402,     7.9739      
# span 16 =    31.8660,    34.4452      
# span 17 =    31.9885,    34.4433      
# span 18 =    25.4795,    27.4658      
# span 19 =    25.5779,    27.4647      
# span 20 =    7.52319,    7.99501      
# span 21 = 0.0000e+00, 0.0000e+00      
# interval = scans: 3                   
# start_time = Nov 28 2020 09:01:06 [System UTC, header]
# bad_flag = -9.990e-29
*END*
[from data line 6782]
      50082      3.314     1.7418     1.7359   2.867855   2.866960     2.2046     2.6098      8.145     4.5582   481.2790 1.3879e-01     0.2399    94.1785     7.8424     7.9059    32.6371    32.6319    26.0974    26.0936    7.81102 0.0000e+00
      50085      3.233     1.7410     1.7355   2.867661   2.866932     2.2046     2.6094      8.145     4.5582   481.2790 1.6887e-01     0.2407    94.1611     7.8415     7.8970    32.6356    32.6321    26.0962    26.0938    7.81127 0.0000e+00
      50088      3.147     1.7400     1.7347   2.867457   2.867060     2.2034     2.6098      8.145     4.5582   481.3579 1.5008e-01     0.2403    94.1698     7.8343     7.8863    32.6340    32.6346    26.0950    26.0958    7.81154 0.0000e+00
      50091      3.054     1.7396     1.7345   2.867643   2.867036     2.2038     2.6090      8.145     4.5582   481.2790 1.0993e-01     0.2407    94.1611     7.8367     7.8753    32.6368    32.6345    26.0973    26.0958    7.81147 0.0000e+00
      50094      2.954     1.7413     1.7351   2.867714   2.866910     2.2046     2.6102      8.145     4.2936   481.3579 1.3257e-01     0.2399    94.1785     7.8498     7.8648    32.6360    32.6324    26.0965    26.0941    7.81117 0.0000e+00
      50097      2.852     1.7419     1.7363   2.867865   2.867302     2.2042     2.6122      8.145     3.8764   481.2790 1.1107e-01     0.2521    93.8916     7.8623     7.8383    32.6374    32.6361    26.0975    26.0969    7.81098 0.0000e+00
      50100      2.746     1.7421     1.7365   2.867906   2.867305     2.2042     2.6122      8.145     3.8764   481.3579 2.0460e-01     0.2562    93.7960     7.9178     7.7929    32.6377    32.6361    26.0978    26.0969    7.81092 0.0000e+00
      50103      2.643     1.7414     1.7358   2.867773   2.867123     2.2042     2.6102      8.145     3.8764   481.2395 1.5358e-01     0.2562    93.7960     7.9894     7.7349    32.6369    32.6345    26.0972    26.0957    7.81111 0.0000e+00
      50106      2.545     1.7406     1.7357   2.867572   2.866802     2.2038     2.6074      8.145     3.8866   481.2790 1.5065e-01     0.2562    93.7960     7.9823     7.6786    32.6352    32.6306    26.0959    26.0926    7.81136 0.0000e+00
      50109      2.449     1.7395     1.7353   2.867492   2.867101     2.2038     2.6045      8.145     3.8866   279.3437 2.6609e-01     0.2562    93.7960     7.9963     7.6297    32.6354    32.6348    26.0961    26.0960    7.81157 0.0000e+00
      50112      2.357     1.7387     1.7348   2.867450   2.867014     2.2038     2.6029      8.145     3.8764    -2.8130 2.4484e-01     0.2562    93.7960     8.0125     7.5988    32.6358    32.6344    26.0965    26.0957    7.81172 0.0000e+00
      50115      2.272     1.7373     1.7342   2.867299   2.866800     2.2050     2.6045      8.145     3.8866     1.1349 1.6026e-01     0.2566    93.7873     8.0412     7.5620    32.6353    32.6323    26.0963    26.0940    7.81201 0.0000e+00
      50118      2.199     1.7355     1.7335   2.867324   2.866988     2.2100     2.5976      8.145     3.8967     1.4507 2.1762e-01     0.2640    93.6135     8.0818     7.5055    32.6376    32.6355    26.0982    26.0966    7.81226 0.0000e+00
      50121      2.133     1.7336     1.7332   2.867209   2.866910     2.2103     2.5886      8.145     3.8561     1.4507 2.4251e-01     0.2640    93.6135     8.1139     7.4315    32.6381    32.6348    26.0987    26.0961    7.81261 0.0000e+00
      50124      2.074     1.7331     1.7320   2.867082   2.866882     2.2372     2.5809      8.145     3.8256     1.4507 2.4965e-01     0.2640    93.6135     8.2701     7.3530    32.6371    32.6357    26.0979    26.0969    7.81276 0.0000e+00
      50127      2.023     1.7336     1.7322   2.867342   2.866850     2.2238     2.5776      8.145     3.8256     1.4507 2.5404e-01     0.2644    93.6048     8.2403     7.3448    32.6399    32.6352    26.1001    26.0965    7.81252 0.0000e+00
      50130      1.975     1.7367     1.7328   2.867484   2.866971     2.2091     2.5756      8.145     3.8154     1.4507 3.1385e-01     0.2640    93.6135     8.2094     7.2980    32.6385    32.6361    26.0988    26.0972    7.81198 0.0000e+00
      50133      1.927     1.7382     1.7330   2.867557   2.866959 -9.990e-29 -9.990e-29      8.145     3.8052     1.4507 2.2492e-01     0.2640    93.6135 -9.990e-29 -9.990e-29    32.6379    32.6357    26.0982    26.0968    7.81170 0.0000e+00
      50136      1.877     1.7391     1.7334   2.867571   2.867078 -9.990e-29 -9.990e-29      8.145     3.8256   331.0218 4.5433e-01     0.2677    93.5265 -9.990e-29 -9.990e-29    32.6371    32.6368    26.0976    26.0977    7.81156 0.0000e+00
      50139      1.820     1.7392     1.7343   2.867430   2.867107 -9.990e-29 -9.990e-29      8.145     3.8357   482.0291 4.2365e-01     0.2778    93.2918 -9.990e-29 -9.990e-29    32.6353    32.6363    26.0961    26.0972    7.81163 0.0000e+00
      50142      1.756     1.7391     1.7351   2.867407   2.867009 -9.990e-29 -9.990e-29      8.145     3.8256   480.9237 2.7803e-01     0.2774    93.3005 -9.990e-29 -9.990e-29    32.6352    32.6343    26.0960    26.0956    7.81167 0.0000e+00
      50145      1.681     1.7391     1.7350   2.867351   2.867029 -9.990e-29 -9.990e-29      8.145     3.8256   481.3184 2.0069e-01     0.2774    93.3005 -9.990e-29 -9.990e-29    32.6345    32.6346    26.0954    26.0959    7.81169 0.0000e+00
      50148      1.600     1.7394     1.7346   2.867218   2.866974 -9.990e-29 -9.990e-29      8.145     3.9985   481.2395 2.6553e-01     0.2774    93.3005 -9.990e-29 -9.990e-29    32.6325    32.6344    26.0938    26.0957    7.81174 0.0000e+00
      50151      1.506     1.7400     1.7345   2.867588   2.866643 -9.990e-29 -9.990e-29      8.145     4.0087   481.2790 3.1116e-01     0.2774    93.3005 -9.990e-29 -9.990e-29    32.6366    32.6304    26.0971    26.0925    7.81141 0.0000e+00
      50154      1.405     1.7404     1.7347   2.867598   2.866932 -9.990e-29 -9.990e-29      8.145     4.0188   481.2395 3.2470e-01     0.2774    93.3005 -9.990e-29 -9.990e-29    32.6364    32.6339    26.0969    26.0953    7.81134 0.0000e+00
      50157      1.301     1.7405     1.7354   2.867567   2.867069 -9.990e-29 -9.990e-29      8.145     4.0087   481.2395 2.4801e-01     0.2815    93.2049 -9.990e-29 -9.990e-29    32.6359    32.6350    26.0965    26.0961    7.81134 0.0000e+00
      50160      1.192     1.7411     1.7366   2.867680   2.867228 -9.990e-29 -9.990e-29      8.145     4.0087   462.6844 5.6930e-01     0.2848    93.1267 -9.990e-29 -9.990e-29    32.6369    32.6358    26.0972    26.0967    7.81118 0.0000e+00
      50163      1.076     1.7411     1.7374   2.867753   2.867461 -9.990e-29 -9.990e-29      8.145     4.0087    43.4564 6.3574e-01     0.2841    93.1441 -9.990e-29 -9.990e-29    32.6378    32.6380    26.0980    26.0984    7.81113 0.0000e+00
      50166      0.953     1.7416     1.7374   2.867727   2.867372 -9.990e-29 -9.990e-29      8.145     3.9985    10.6099 6.4533e-01     0.2845    93.1354 -9.990e-29 -9.990e-29    32.6370    32.6369    26.0973    26.0975    7.81106 0.0000e+00
      50169      0.816     1.7419     1.7377   2.867661   2.867325 -9.990e-29 -9.990e-29      8.145     3.9985    12.2680 6.4682e-01     0.2845    93.1354 -9.990e-29 -9.990e-29    32.6360    32.6361    26.0965    26.0968    7.81106 0.0000e+00
      50172      0.649     1.7422     1.7373   2.867579   2.867209 -9.990e-29 -9.990e-29      8.145     3.9273    12.2285 6.6121e-01     0.2841    93.1441 -9.990e-29 -9.990e-29    32.6347    32.6351    26.0954    26.0961    7.81107 0.0000e+00
      50175      0.472     1.7417     1.7367   2.867583   2.866966 -9.990e-29 -9.990e-29      8.145     3.6525    12.2285 6.6502e-01     0.2845    93.1354 -9.990e-29 -9.990e-29    32.6354    32.6328    26.0960    26.0942    7.81113 0.0000e+00
      50178      0.318     1.7409     1.7362   2.867392   2.867047 -9.990e-29 -9.990e-29      8.145     3.6729    12.2285 6.7043e-01     0.2871    93.0745 -9.990e-29 -9.990e-29    32.6339    32.6344    26.0948    26.0956    7.81136 0.0000e+00
      50181      0.228     1.7411     1.7374   2.806127   2.815583 -9.990e-29 -9.990e-29      8.145     3.6475    12.2285 7.0222e-01     0.2875    93.0658 -9.990e-29 -9.990e-29    31.8660    31.9885    25.4795    25.5779    7.85194 0.0000e+00
