Datasets/AZMP/HUD120/hud120_2020_028.cnv
* Sea-Bird SBE 9 Data File:
* FileName = C:\CTDDATA\hud120_2020_028.hex
* Software Version Seasave V 7.26.7.110
* Temperature SN = 1697
* Conductivity SN = 4216
* Number of Bytes Per Scan = 30
* Number of Voltage Words = 4
* Number of Scans Averaged by the Deck Unit = 1
* NMEA baud rate = 4800
** VESSEL/TRIP/SEQ STN:  hud120_2020_028
** LATITUDE XX XX.XX: 42 55.20 N
** LONGITUDE XX XX.XX: 049 56.50 W
** SOUNDING DEPTH (M): 0177
** PROBE TYPE: S1146
** CTD NUMBER: 018
** FORMAT: V
** COMMENTS (14 CHAR): SEGB-14
** BOTTLES:  0
** LEVELS:
** STICKERS:
** VNET: Y
** DO2: N
# nquan = 22
# nvalues = 2985                        
# units = specified
# name 0 = scan: Scan Count
# name 1 = prDM: Pressure, Digiquartz [db]
# name 2 = t090C: Temperature [ITS-90, deg C]
# name 3 = t190C: Temperature, 2 [ITS-90, deg C]
# name 4 = c0S/m: Conductivity [S/m]
# name 5 = c1S/m: Conductivity, 2 [S/m]
# name 6 = sbeox0V: Oxygen raw, SBE 43 [V]
# name 7 = sbeox1V: Oxygen raw, SBE 43, 2 [V]
# name 8 = ph: pH
# name 9 = flECO-AFL: Fluorescence, WET Labs ECO-AFL/FL [mg/m^3]
# name 10 = wetCDOM: Fluorescence, WET Labs CDOM [mg/m^3]
# name 11 = par/sat/log: PAR/Logarithmic, Satlantic [umol photons/m^2/sec]
# name 12 = CStarAt0: Beam Attenuation, WET Labs C-Star [1/m]
# name 13 = CStarTr0: Beam Transmission, WET Labs C-Star [%]
# name 14 = sbeox0ML/L: Oxygen, SBE 43 [ml/l], WS = 2
# name 15 = sbeox1ML/L: Oxygen, SBE 43, 2 [ml/l], WS = 2
# name 16 = sal00: Salinity, Practical [PSU]
# name 17 = sal11: Salinity, Practical, 2 [PSU]
# name 18 = sigma-t00: Density [sigma-t, kg/m^3 ]
# name 19 = sigma-t11: Density, 2 [sigma-t, kg/m^3 ]
# name 20 = oxsatML/L: Oxygen Saturation, Weiss [ml/l]
# name 21 = flag: flag
# span 0 =         32,      11632       
# span 1 =      3.621,    171.549       
# span 2 =    -0.1790,     5.1882       
# span 3 =    -0.1847,     5.1825       
# span 4 =   2.762246,   3.143476       
# span 5 =   2.761778,   3.143084       
# span 6 =     1.9154,     2.2096       
# span 7 =     2.2674,     2.6377       
# span 8 =      7.930,      8.070       
# span 9 =     0.8850,     6.2370       
# span 10 =    -2.8130,   482.1870      
# span 11 = 1.0666e-01, 3.5952e-01      
# span 12 =     0.0647,     0.2830      
# span 13 =    93.1702,    98.3942      
# span 14 =     6.7276,     7.4936      
# span 15 =     6.8453,     7.7110      
# span 16 =    32.4382,    33.8681      
# span 17 =    32.4362,    33.8677      
# span 18 =    25.6432,    27.1276      
# span 19 =    25.6403,    27.1274      
# span 20 =    7.17501,    8.17926      
# span 21 = 0.0000e+00, 0.0000e+00      
# interval = scans: 3                   
# start_time = Nov 19 2020 03:04:35 [System UTC, header]
# bad_flag = -9.990e-29
*END*
[from data line 2766]
      10651     27.925     4.9716     5.0380   3.125038   3.130500     2.1952     2.6202      8.044     5.4027   481.3579 1.0715e-01     0.2047    95.0129     7.1693     7.3205    32.4662    32.4642    25.6700    25.6611    7.21327 0.0000e+00
      10654     27.799     4.9572     5.0408   3.124917   3.130683     2.1952     2.6198      8.046     5.4332   481.3579 1.0715e-01     0.2050    95.0042     7.1712     7.3196    32.4789    32.4636    25.6816    25.6603    7.21518 0.0000e+00
      10657     27.664     4.9569     5.0428   3.124879   3.130754     2.1960     2.6206      8.046     5.4027   481.3184 1.0715e-01     0.2043    95.0216     7.1747     7.3237    32.4788    32.4625    25.6816    25.6593    7.21524 0.0000e+00
      10660     27.526     4.9703     5.0445   3.126869   3.130890     2.1948     2.6206      8.046     5.4027   481.3579 1.0715e-01     0.2025    95.0651     7.1652     7.3251    32.4887    32.4625    25.6879    25.6590    7.21243 0.0000e+00
      10663     27.387     5.0125     5.0447   3.129758   3.130891     2.1956     2.6206      8.046     5.4129   481.3184 1.0715e-01     0.1999    95.1259     7.1601     7.3259    32.4808    32.4624    25.6771    25.6589    7.20543 0.0000e+00
      10666     27.253     5.0367     5.0455   3.130730   3.130988     2.1960     2.6206      8.046     5.1483   481.3184 1.0715e-01     0.1999    95.1259     7.1585     7.3259    32.4685    32.4628    25.6646    25.6591    7.20180 0.0000e+00
      10669     27.122     5.0457     5.0474   3.131128   3.131108     2.1956     2.6218      8.046     5.0567   481.3184 1.0715e-01     0.1999    95.1259     7.1547     7.3301    32.4643    32.4624    25.6603    25.6586    7.20042 0.0000e+00
      10672     26.992     5.0512     5.0479   3.131598   3.131160     2.1956     2.6218      8.046     5.0567   481.3579 1.0715e-01     0.1999    95.1259     7.1531     7.3271    32.4643    32.4626    25.6598    25.6587    7.19945 0.0000e+00
      10675     26.860     5.0568     5.0488   3.132085   3.131250     2.1956     2.6226      8.046     5.0669   481.3579 1.0715e-01     0.1999    95.1259     7.1533     7.3290    32.4646    32.4628    25.6593    25.6588    7.19847 0.0000e+00
      10678     26.733     5.0594     5.0500   3.132091   3.131362     2.1964     2.6222      8.046     5.0466   118.4271 1.0715e-01     0.1999    95.1259     7.1573     7.3253    32.4622    32.4630    25.6571    25.6588    7.19814 0.0000e+00
      10681     26.608     5.0598     5.0530   3.132279   3.131651     2.1964     2.6230      8.046     5.0567     3.3457 1.0715e-01     0.2006    95.1085     7.1591     7.3272    32.4640    32.4635    25.6585    25.6588    7.19797 0.0000e+00
      10684     26.492     5.0639     5.0532   3.132658   3.131583     2.1964     2.6230      8.046     5.0567     8.2412 1.0715e-01     0.2003    95.1172     7.1606     7.3256    32.4644    32.4625    25.6584    25.6580    7.19724 0.0000e+00
      10687     26.373     5.0658     5.0541   3.132646   3.131656     2.1972     2.6230      8.046     5.0466     7.9648 1.0715e-01     0.2010    95.0998     7.1636     7.3223    32.4625    32.4625    25.6567    25.6580    7.19701 0.0000e+00
      10690     26.253     5.0646     5.0537   3.132608   3.131663     2.1972     2.6234      8.046     5.0567     7.9648 1.0715e-01     0.2003    95.1172     7.1644     7.3218    32.4633    32.4631    25.6574    25.6585    7.19717 0.0000e+00
      10693     26.131     5.0657     5.0556   3.132727   3.131915     2.1968     2.6234      8.046     5.1890     7.9648 1.0715e-01     0.2006    95.1085     7.1641     7.3198    32.4637    32.4642    25.6576    25.6591    7.19697 0.0000e+00
      10696     26.009     5.0675     5.0583   3.133000   3.132089     2.1972     2.6222      8.046     5.1788     7.9648 1.0715e-01     0.2010    95.0998     7.1646     7.3126    32.4651    32.4637    25.6585    25.6584    7.19658 0.0000e+00
      10699     25.887     5.0692     5.0592   3.133000   3.132143     2.1981     2.6230      8.046     5.1788     7.9648 1.0715e-01     0.2006    95.1085     7.1667     7.3124    32.4635    32.4634    25.6571    25.6581    7.19637 0.0000e+00
      10702     25.761     5.0672     5.0602   3.132789   3.132204     2.1981     2.6234      8.046     5.1687    50.0494 1.0715e-01     0.2014    95.0911     7.1652     7.3126    32.4631    32.4633    25.6570    25.6579    7.19673 0.0000e+00
      10705     25.634     5.0659     5.0615   3.132729   3.132341     2.1985     2.6243      8.046     5.1687   458.1048 1.0715e-01     0.2010    95.0998     7.1656     7.3151    32.4637    32.4636    25.6576    25.6580    7.19693 0.0000e+00
      10708     25.507     5.0680     5.0622   3.133049   3.132343     2.1985     2.6230      8.046     5.1687   481.5159 1.0715e-01     0.2010    95.0998     7.1613     7.3113    32.4654    32.4630    25.6587    25.6574    7.19647 0.0000e+00
      10711     25.377     5.0736     5.0631   3.133596   3.132559     2.1985     2.6230      8.046     5.1788   481.2000 1.0715e-01     0.2017    95.0825     7.1582     7.3112    32.4663    32.4647    25.6588    25.6587    7.19546 0.0000e+00
      10714     25.242     5.0736     5.0685   3.133275   3.133132     2.1989     2.6243      8.046     5.1992   481.3184 1.0715e-01     0.2017    95.0825     7.1598     7.3142    32.4627    32.4660    25.6560    25.6591    7.19563 0.0000e+00
      10717     25.103     5.0687     5.0700   3.132869   3.132995     2.1993     2.6239      8.046     5.1585   481.3579 1.0715e-01     0.2017    95.0825     7.1606     7.3128    32.4629    32.4631    25.6566    25.6566    7.19648 0.0000e+00
      10720     24.959     5.0687     5.0677   3.132980   3.132981     2.1989     2.6230      8.046     5.0872   481.2395 1.0715e-01     0.2021    95.0738     7.1556     7.3076    32.4642    32.4652    25.6577    25.6586    7.19641 0.0000e+00
      10723     24.812     5.0677     5.0728   3.132667   3.133480     2.1989     2.6230      8.046     5.0872   481.3184 1.0715e-01     0.2021    95.0738     7.1538     7.3037    32.4617    32.4660    25.6558    25.6587    7.19671 0.0000e+00
      10726     24.660     5.0606     5.0846   3.132203   3.135046     2.1993     2.6234      8.046     5.0771   481.3579 1.0715e-01     0.2021    95.0738     7.1550     7.3004    32.4633    32.4726    25.6579    25.6625    7.19786 0.0000e+00
      10729     24.505     5.0677     5.0967   3.133470   3.135853     2.1989     2.6243      8.046     5.0771   335.7592 1.0715e-01     0.2021    95.0738     7.1496     7.3007    32.4710    32.4702    25.6632    25.6593    7.19626 0.0000e+00
      10732     24.344     5.0744     5.1028   3.133577   3.136266     2.1981     2.6239      8.046     5.0872    -1.4707 1.0715e-01     0.2021    95.0738     7.1444     7.2982    32.4659    32.4690    25.6584    25.6577    7.19535 0.0000e+00
      10735     24.181     5.0628     5.1007   3.132164   3.135679     2.1993     2.6243      8.046     5.0872     7.5305 1.0715e-01     0.2021    95.0738     7.1506     7.2998    32.4610    32.4644    25.6558    25.6543    7.19759 0.0000e+00
      10738     24.015     5.0600     5.0949   3.132758   3.135332     2.1997     2.6234      8.046     5.0974     7.3726 1.0715e-01     0.2021    95.0738     7.1522     7.2968    32.4706    32.4661    25.6637    25.6563    7.19762 0.0000e+00
      10741     23.848     5.0682     5.0930   3.133370   3.135203     2.1993     2.6234      8.046     5.0974     7.3726 1.0715e-01     0.2017    95.0825     7.1508     7.2978    32.4698    32.4667    25.6622    25.6569    7.19625 0.0000e+00
      10744     23.678     5.0818     5.0897   3.134878   3.134727     2.1993     2.6230      8.046     5.1076     7.3726 1.0715e-01     0.2010    95.0998     7.1490     7.2980    32.4739    32.4645    25.6639    25.6555    7.19368 0.0000e+00
      10747     23.504     5.0892     5.0812   3.134944   3.133798     2.1989     2.6230      8.046     5.1177     7.3726 1.0715e-01     0.2014    95.0911     7.1488     7.2988    32.4675    32.4622    25.6580    25.6547    7.19269 0.0000e+00
      10750     23.334     5.0898     5.0761   3.134921   3.133562     2.1993     2.6230      8.046     5.1177     7.3726 1.0715e-01     0.2010    95.0998     7.1536     7.2986    32.4668    32.4645    25.6574    25.6571    7.19262 0.0000e+00
      10753     23.162     5.0872     5.0748   3.134499   3.133446     2.1989     2.6230      8.047     5.1076     7.3726 1.0715e-01     0.2010    95.0998     7.1566     7.2990    32.4645    32.4645    25.6559    25.6572    7.19318 0.0000e+00
      10756     22.990     5.0822     5.0736   3.134066   3.133389     2.1993     2.6234      8.046     5.1177   279.6595 1.0715e-01     0.2010    95.0998     7.1586     7.3037    32.4646    32.4652    25.6564    25.6579    7.19405 0.0000e+00
      10759     22.820     5.0805     5.0770   3.133925   3.133733     2.1989     2.6234      8.046     5.1076   481.6343 1.0715e-01     0.2014    95.0911     7.1554     7.3052    32.4646    32.4659    25.6567    25.6580    7.19434 0.0000e+00
      10762     22.652     5.0798     5.0775   3.133852   3.133624     2.2001     2.6230      8.046     5.1279   480.9632 1.0715e-01     0.2109    94.8652     7.1591     7.3043    32.4646    32.4642    25.6568    25.6567    7.19447 0.0000e+00
      10765     22.488     5.0788     5.0749   3.133672   3.133254     2.1997     2.6230      8.046     5.1177   481.3579 1.0715e-01     0.2120    94.8391     7.1559     7.3031    32.4636    32.4626    25.6561    25.6557    7.19469 0.0000e+00
      10768     22.325     5.0769     5.0695   3.133554   3.132756     2.2001     2.6243      8.046     5.1076   481.2790 1.0715e-01     0.2120    94.8391     7.1575     7.3084    32.4642    32.4622    25.6568    25.6561    7.19500 0.0000e+00
      10771     22.170     5.0756     5.0668   3.133412   3.132565     2.2009     2.6230      8.046     5.1788   481.3184 1.0715e-01     0.2124    94.8304     7.1607     7.3055    32.4639    32.4627    25.6567    25.6567    7.19523 0.0000e+00
      10774     22.024     5.0739     5.0640   3.133194   3.132333     2.2013     2.6234      8.047     5.1687   481.3184 1.0715e-01     0.2120    94.8391     7.1608     7.3076    32.4631    32.4629    25.6562    25.6571    7.19556 0.0000e+00
      10777     21.882     5.0714     5.0624   3.132998   3.132187     2.2017     2.6234      8.047     5.1788   481.3184 1.0715e-01     0.2120    94.8391     7.1594     7.3074    32.4634    32.4629    25.6567    25.6573    7.19599 0.0000e+00
      10780     21.747     5.0702     5.0608   3.132879   3.132001     2.2005     2.6243      8.047     5.1687   481.1210 1.0715e-01     0.2113    94.8565     7.1506     7.3082    32.4632    32.4623    25.6567    25.6571    7.19620 0.0000e+00
      10783     21.622     5.0671     5.0540   3.132532   3.131466     2.2001     2.6239      8.046     5.1890    77.0926 1.0715e-01     0.2036    95.0390     7.1453     7.3084    32.4623    32.4628    25.6563    25.6582    7.19678 0.0000e+00
      10786     21.505     5.0627     5.0517   3.132174   3.131334     2.1993     2.6226      8.046     5.1788     3.5431 1.0715e-01     0.2039    95.0303     7.1393     7.3038    32.4626    32.4636    25.6571    25.6591    7.19754 0.0000e+00
      10789     21.402     5.0625     5.0548   3.132242   3.131420     2.1997     2.6226      8.047     5.1788     7.4516 1.0715e-01     0.2039    95.0303     7.1409     7.3038    32.4636    32.4617    25.6579    25.6572    7.19753 0.0000e+00
      10792     21.306     5.0641     5.0565   3.132391   3.131563     2.2005     2.6239      8.047     5.1890     7.2542 1.0715e-01     0.2039    95.0303     7.1449     7.3088    32.4638    32.4616    25.6579    25.6570    7.19724 0.0000e+00
      10795     21.225     5.0631     5.0576   3.132256   3.131566     2.2005     2.6243      8.049     5.2195     7.2542 1.0715e-01     0.2032    95.0477     7.1466     7.3119    32.4633    32.4607    25.6576    25.6561    7.19744 0.0000e+00
      10798     21.156     5.0608     5.0497   3.131934   3.131062     2.2001     2.6239      8.049     5.5756     7.2542 1.0715e-01     0.2039    95.0303     7.1486     7.3134    32.4618    32.4626    25.6567    25.6586    7.19790 0.0000e+00
      10801     21.099     5.0500     5.0501   3.130908   3.131206     2.1997     2.6230      8.049     5.5655     7.2542 1.0715e-01     0.2039    95.0303     7.1535     7.3151    32.4607    32.4639    25.6569    25.6595    7.19985 0.0000e+00
      10804     21.051     5.0426     5.0536   3.130637   3.131477     2.1993     2.6230      8.047     5.5756     7.2542 1.0715e-01     0.2032    95.0477     7.1564     7.3196    32.4647    32.4636    25.6610    25.6589    7.20094 0.0000e+00
      10807     21.013     5.0466     5.0559   3.130952   3.131590     2.1993     2.6234      8.046     5.5655    75.6319 1.0715e-01     0.2028    95.0564     7.1597     7.3251    32.4644    32.4628    25.6603    25.6579    7.20025 0.0000e+00
      10810     20.979     5.0425     5.0564   3.130572   3.131594     2.1997     2.6239      8.050     5.5756   470.6986 1.0715e-01     0.2032    95.0477     7.1640     7.3292    32.4641    32.4623    25.6605    25.6575    7.20098 0.0000e+00
      10849     20.869     5.0672     5.0807   3.132526   3.134144     2.2033     2.6279      8.050     5.9012   481.3579 1.0715e-01     0.2043    95.0216     7.1843     7.3377    32.4625    32.4679    25.6566    25.6593    7.19676 0.0000e+00
      10852     20.838     5.0678     5.0875   3.132611   3.134690     2.2042     2.6292      8.050     6.0742   481.3184 1.0715e-01     0.2043    95.0216     7.1857     7.3420    32.4630    32.4676    25.6568    25.6583    7.19664 0.0000e+00
      10855     20.801     5.0712     5.0955   3.133190   3.135371     2.2050     2.6296      8.050     6.0742   481.3579 1.0715e-01     0.2043    95.0216     7.1883     7.3410    32.4663    32.4677    25.6591    25.6574    7.19588 0.0000e+00
      10858     20.751     5.0733     5.0995   3.133036   3.135450     2.2042     2.6296      8.050     6.0742   481.3579 1.0715e-01     0.2043    95.0216     7.1845     7.3382    32.4625    32.4646    25.6558    25.6546    7.19570 0.0000e+00
      10861     20.691     5.0720     5.0841   3.132804   3.133490     2.2042     2.6296      8.050     6.0945   169.7893 1.0715e-01     0.2047    95.0129     7.1820     7.3393    32.4611    32.4572    25.6549    25.6504    7.19598 0.0000e+00
      10864     20.619     5.0708     5.0683   3.132788   3.132562     2.2038     2.6304      8.050     6.0742     6.8199 1.0715e-01     0.2039    95.0303     7.1786     7.3441    32.4622    32.4619    25.6559    25.6560    7.19615 0.0000e+00
      10867     20.534     5.0700     5.0680   3.132628   3.132906     2.2042     2.6296      8.050     6.0945    13.8866 1.0715e-01     0.2043    95.0216     7.1778     7.3414    32.4612    32.4663    25.6551    25.6594    7.19634 0.0000e+00
      10870     20.437     5.0691     5.0800   3.132775   3.134564     2.2033     2.6304      8.050     6.0742    13.5313 1.0715e-01     0.2043    95.0216     7.1716     7.3413    32.4638    32.4737    25.6573    25.6639    7.19637 0.0000e+00
      10873     20.329     5.0677     5.1008   3.132500   3.136401     2.2042     2.6300      8.050     6.0539    13.5313 1.0715e-01     0.2043    95.0216     7.1714     7.3352    32.4620    32.4745    25.6561    25.6622    7.19669 0.0000e+00
      10876     20.212     5.0741     5.1165   3.134026   3.137607     2.2050     2.6308      8.050     5.4841    13.5313 1.0715e-01     0.2039    95.0303     7.1693     7.3341    32.4733    32.4731    25.6643    25.6594    7.19504 0.0000e+00
      10879     20.083     5.1046     5.1220   3.137087   3.137507     2.2054     2.6308      8.050     5.4535    13.5313 1.0715e-01     0.2043    95.0216     7.1681     7.3331    32.4788    32.4667    25.6653    25.6537    7.18948 0.0000e+00
