Datasets/AZMP/HUD120/hud120_2020_025.cnv
* Sea-Bird SBE 9 Data File:
* FileName = C:\CTDDATA\hud120_2020_025.hex
* Software Version Seasave V 7.26.7.110
* Temperature SN = 1697
* Conductivity SN = 4216
* Number of Bytes Per Scan = 30
* Number of Voltage Words = 4
* Number of Scans Averaged by the Deck Unit = 1
* NMEA baud rate = 4800
** VESSEL/TRIP/SEQ STN:  hud120_2020_025
** LATITUDE XX XX.XX: 44 00.00 N
** LONGITUDE XX XX.XX: 050 48.50 W
** SOUNDING DEPTH (M): 0072
** PROBE TYPE: S1146
** CTD NUMBER: 015
** FORMAT: V
** COMMENTS (14 CHAR): SEGB-11
** BOTTLES:  7
** LEVELS: 5,10,20,30,40,50,BTM
** STICKERS: 439609 - 439615
** VNET: Y
** DO2: N
# nquan = 22
# nvalues = 1329                        
# units = specified
# name 0 = scan: Scan Count
# name 1 = prDM: Pressure, Digiquartz [db]
# name 2 = t090C: Temperature [ITS-90, deg C]
# name 3 = t190C: Temperature, 2 [ITS-90, deg C]
# name 4 = c0S/m: Conductivity [S/m]
# name 5 = c1S/m: Conductivity, 2 [S/m]
# name 6 = sbeox0V: Oxygen raw, SBE 43 [V]
# name 7 = sbeox1V: Oxygen raw, SBE 43, 2 [V]
# name 8 = ph: pH
# name 9 = flECO-AFL: Fluorescence, WET Labs ECO-AFL/FL [mg/m^3]
# name 10 = wetCDOM: Fluorescence, WET Labs CDOM [mg/m^3]
# name 11 = par/sat/log: PAR/Logarithmic, Satlantic [umol photons/m^2/sec]
# name 12 = CStarAt0: Beam Attenuation, WET Labs C-Star [1/m]
# name 13 = CStarTr0: Beam Transmission, WET Labs C-Star [%]
# name 14 = sbeox0ML/L: Oxygen, SBE 43 [ml/l], WS = 2
# name 15 = sbeox1ML/L: Oxygen, SBE 43, 2 [ml/l], WS = 2
# name 16 = sal00: Salinity, Practical [PSU]
# name 17 = sal11: Salinity, Practical, 2 [PSU]
# name 18 = sigma-t00: Density [sigma-t, kg/m^3 ]
# name 19 = sigma-t11: Density, 2 [sigma-t, kg/m^3 ]
# name 20 = oxsatML/L: Oxygen Saturation, Weiss [ml/l]
# name 21 = flag: flag
# span 0 =        100,      23768       
# span 1 =      2.358,     68.523       
# span 2 =     2.8811,    11.2754       
# span 3 =     2.8756,    11.2714       
# span 4 =   2.951703,   3.638118       
# span 5 =   2.951326,   3.637682       
# span 6 =     2.0737,     2.2301       
# span 7 =     2.4277,     2.6514       
# span 8 =      7.966,      8.138       
# span 9 =     1.7397,     6.0945       
# span 10 =    -2.8130,   482.1870      
# span 11 = 1.0678e-01, 6.8866e+02      
# span 12 =     0.1736,     0.9773      
# span 13 =    78.3237,    95.7518      
# span 14 =     5.7240,     7.9125      
# span 15 =     5.3980,     8.4484      
# span 16 =    31.9551,    32.5540      
# span 17 =    32.0884,    32.5652      
# span 18 =    24.4782,    25.9286      
# span 19 =    24.4785,    25.9377      
# span 20 =    6.25824,    7.59395      
# span 21 = 0.0000e+00, 0.0000e+00      
# interval = scans: 3                   
# start_time = Nov 18 2020 17:20:19 [System UTC, header]
# bad_flag = -9.990e-29
*END*
[from data line 1317]
      23575      3.306    11.2643    11.2596   3.637132   3.636569     2.2147     2.5895      8.135     3.4287    18.3477 5.0755e+02     0.2647    93.5961     6.1992     6.1489    32.1124    32.1110    24.4810    24.4807    6.25970 0.0000e+00
      23578      3.183    11.2646    11.2599   3.637133   3.636592     2.2147     2.5887      8.135     3.4185   403.3868 5.8915e+02     0.2651    93.5874     6.1995     6.1535    32.1123    32.1110    24.4809    24.4807    6.25967 0.0000e+00
      23581      3.057    11.2645    11.2599   3.637101   3.636570     2.2151     2.5879      8.135     3.4185   481.9106 5.7910e+02     0.2651    93.5874     6.2030     6.1570    32.1121    32.1109    24.4807    24.4806    6.25969 0.0000e+00
      23584      2.930    11.2643    11.2598   3.637088   3.636543     2.2155     2.5871      8.135     3.4083   481.2000 5.1003e+02     0.2644    93.6048     6.2052     6.1601    32.1122    32.1107    24.4808    24.4805    6.25971 0.0000e+00
      23587      2.805    11.2642    11.2596   3.637079   3.636520     2.2151     2.5879      8.135     3.4287   481.3579 4.3075e+02     0.2651    93.5874     6.2033     6.1666    32.1123    32.1107    24.4809    24.4805    6.25973 0.0000e+00
      23590      2.687    11.2642    11.2596   3.637054   3.636533     2.2155     2.5871      8.135     3.4287   481.3579 4.3142e+02     0.2651    93.5874     6.2042     6.1684    32.1120    32.1109    24.4807    24.4807    6.25973 0.0000e+00
      23593      2.585    11.2642    11.2593   3.637069   3.636524     2.2142     2.5855      8.135     3.4287   481.3579 4.1373e+02     0.2644    93.6048     6.1987     6.1679    32.1122    32.1111    24.4808    24.4809    6.25972 0.0000e+00
      23596      2.502    11.2640    11.2591   3.637058   3.636519     2.2147     2.5863      8.135     3.4185   481.3579 3.8945e+02     0.2640    93.6135     6.1992     6.1721    32.1123    32.1113    24.4810    24.4810    6.25974 0.0000e+00
      23599      2.438    11.2636    11.2594   3.637028   3.636513     2.2151     2.5863      8.135     3.4083   481.3579 4.7199e+02     0.2640    93.6135     6.2007     6.1735    32.1124    32.1110    24.4812    24.4808    6.25980 0.0000e+00
      23656      2.402    11.2629    11.2591   3.637037   3.636510     2.2135     2.5822      8.135     3.3066   320.7177 5.1514e+02     0.2647    93.5961     6.1977     6.1676    32.1131    32.1112    24.4818    24.4811    6.25986 0.0000e+00
      23766      2.375    11.2616    11.2578   3.636986   3.636453     2.2102     2.5765      8.135     3.0828     4.3722 6.1897e+02     0.2662    93.5613     6.1966     6.1587    32.1138    32.1118    24.4826    24.4817    6.26002 0.0000e+00
      23768      2.358    11.2618    11.2580   3.636965   3.636456     2.2102     2.5753      8.135     3.0522     4.2932 6.8866e+02     0.2662    93.5613     6.1980     6.1556    32.1134    32.1117    24.4822    24.4816    6.26000 0.0000e+00
