Datasets/AZMP/HUD120/hud120_2020_089.cnv
* Sea-Bird SBE 9 Data File:
* FileName = C:\CTDDATA\hud120_2020_089.hex
* Software Version Seasave V 7.26.7.110
* Temperature SN = 1697
* Conductivity SN = 4216
* Number of Bytes Per Scan = 30
* Number of Voltage Words = 4
* Number of Scans Averaged by the Deck Unit = 1
* NMEA baud rate = 4800
** VESSEL/TRIP/SEQ STN:  hud120_2020_089
** LATITUDE XX XX.XX: 48 55.00 N
** LONGITUDE XX XX.XX: 052 24.00 W
** SOUNDING DEPTH (M): 0356
** PROBE TYPE: S1146
** CTD NUMBER: 066
** FORMAT: V
** COMMENTS (14 CHAR): BB-04
** BOTTLES:  10
** LEVELS: 5,10,20,30,40,50,75,100,150,BTM
** STICKERS: 439956 - 439965
** VNET: Y
** DO2: N
# nquan = 22
# nvalues = 7437                        
# units = specified
# name 0 = scan: Scan Count
# name 1 = prDM: Pressure, Digiquartz [db]
# name 2 = t090C: Temperature [ITS-90, deg C]
# name 3 = t190C: Temperature, 2 [ITS-90, deg C]
# name 4 = c0S/m: Conductivity [S/m]
# name 5 = c1S/m: Conductivity, 2 [S/m]
# name 6 = sbeox0V: Oxygen raw, SBE 43 [V]
# name 7 = sbeox1V: Oxygen raw, SBE 43, 2 [V]
# name 8 = ph: pH
# name 9 = flECO-AFL: Fluorescence, WET Labs ECO-AFL/FL [mg/m^3]
# name 10 = wetCDOM: Fluorescence, WET Labs CDOM [mg/m^3]
# name 11 = par/sat/log: PAR/Logarithmic, Satlantic [umol photons/m^2/sec]
# name 12 = CStarAt0: Beam Attenuation, WET Labs C-Star [1/m]
# name 13 = CStarTr0: Beam Transmission, WET Labs C-Star [%]
# name 14 = sbeox0ML/L: Oxygen, SBE 43 [ml/l], WS = 2
# name 15 = sbeox1ML/L: Oxygen, SBE 43, 2 [ml/l], WS = 2
# name 16 = sal00: Salinity, Practical [PSU]
# name 17 = sal11: Salinity, Practical, 2 [PSU]
# name 18 = sigma-t00: Density [sigma-t, kg/m^3 ]
# name 19 = sigma-t11: Density, 2 [sigma-t, kg/m^3 ]
# name 20 = oxsatML/L: Oxygen Saturation, Weiss [ml/l]
# name 21 = flag: flag
# span 0 =        179,      47013       
# span 1 =      1.462,    344.217       
# span 2 =    -0.5387,     2.1372       
# span 3 =    -0.5439,     2.1333       
# span 4 =   2.702627,   3.042588       
# span 5 =   2.702200,   3.042101       
# span 6 =     1.8228,     2.2055       
# span 7 =     2.1477,     2.6237       
# span 8 =      8.033,      8.158       
# span 9 =     0.9155,     5.4942       
# span 10 =    -2.8130,   482.1870      
# span 11 = 1.0532e-01, 3.6801e-01      
# span 12 =     0.0800,     0.3808      
# span 13 =    90.9188,    98.0205      
# span 14 =     6.2258,     7.8372      
# span 15 =     6.3256,     8.0191      
# span 16 =    32.0343,    34.2338      
# span 17 =    32.0437,    34.2323      
# span 18 =    25.5882,    27.3484      
# span 19 =    25.5943,    27.3476      
# span 20 =    7.65290,    8.27932      
# span 21 = 0.0000e+00, 0.0000e+00      
# interval = scans: 3                   
# start_time = Nov 28 2020 01:47:24 [System UTC, header]
# bad_flag = -9.990e-29
*END*
[from data line 2042]
       6493    216.054     1.2618     1.2569   2.920734   2.920260     1.9418     2.2931      8.089     1.0274    10.0966 1.0727e-01     0.0810    97.9944     6.8465     6.9503    33.6932    33.6924    26.9775    26.9772    7.85238 0.0000e+00
       6496    216.159     1.2558     1.2544   2.920072   2.920093     1.9410     2.2931      8.089     1.0274    10.0966 1.0727e-01     0.0810    97.9944     6.8441     6.9527    33.6911    33.6929    26.9763    26.9778    7.85371 0.0000e+00
       6499    216.267     1.2517     1.2540   2.919880   2.920064     1.9410     2.2935      8.089     1.0173    10.1361 1.0752e-01     0.0810    97.9944     6.8476     6.9563    33.6930    33.6929    26.9782    26.9779    7.85445 0.0000e+00
       6502    216.371     1.2447     1.2477   2.918977   2.919278     1.9406     2.2931      8.089     1.0173    10.0966 1.0715e-01     0.0810    97.9944     6.8497     6.9566    33.6890    33.6896    26.9754    26.9756    7.85610 0.0000e+00
       6505    216.475     1.2325     1.2331   2.917989   2.917904     1.9406     2.2923      8.089     1.0376    10.1361 1.0727e-01     0.0807    98.0031     6.8538     6.9558    33.6894    33.6877    26.9765    26.9751    7.85856 0.0000e+00
       6508    216.579     1.2264     1.2213   2.917599   2.917093     1.9414     2.2927      8.087     1.0274    10.0966 1.0727e-01     0.0810    97.9944     6.8571     6.9582    33.6910    33.6900    26.9782    26.9777    7.85973 0.0000e+00
       6511    216.681     1.2248     1.2189   2.917567   2.917029     1.9406     2.2919      8.089     1.0274    10.1361 1.0715e-01     0.0825    97.9596     6.8539     6.9586    33.6922    33.6918    26.9793    26.9793    7.85998 0.0000e+00
       6514    216.785     1.2237     1.2184   2.917438   2.916970     1.9406     2.2915      8.086     1.0274   144.8386 1.0740e-01     0.0821    97.9683     6.8544     6.9595    33.6917    33.6914    26.9789    26.9791    7.86024 0.0000e+00
       6517    216.891     1.2219     1.2172   2.917315   2.916864     1.9406     2.2919      8.087     1.0376   482.1870 1.0715e-01     0.0821    97.9683     6.8570     6.9596    33.6920    33.6914    26.9793    26.9791    7.86058 0.0000e+00
       6520    216.996     1.2208     1.2166   2.917233   2.916801     1.9394     2.2919      8.087     1.0274   480.7658 1.0727e-01     0.0821    97.9683     6.8546     6.9589    33.6921    33.6911    26.9794    26.9790    7.86080 0.0000e+00
       6523    217.105     1.2211     1.2158   2.917306   2.916735     1.9398     2.2915      8.087     1.0173   481.2790 1.0715e-01     0.0821    97.9683     6.8548     6.9589    33.6927    33.6911    26.9798    26.9789    7.86072 0.0000e+00
       6526    217.215     1.2223     1.2158   2.917410   2.916747     1.9394     2.2919      8.086     1.0376   481.2790 1.0727e-01     0.0821    97.9683     6.8546     6.9639    33.6926    33.6911    26.9798    26.9790    7.86048 0.0000e+00
       6529    217.326     1.2202     1.2150   2.917122   2.916678     1.9394     2.2910      8.086     1.0478   481.2790 1.0727e-01     0.0821    97.9683     6.8571     6.9626    33.6911    33.6911    26.9787    26.9790    7.86098 0.0000e+00
       6532    217.440     1.2172     1.2140   2.916864   2.916556     1.9390     2.2906      8.084     1.0783   481.2790 1.0715e-01     0.0832    97.9422     6.8581     6.9651    33.6911    33.6905    26.9788    26.9786    7.86161 0.0000e+00
       6535    217.556     1.2149     1.2107   2.916731   2.916258     1.9390     2.2919      8.086     1.0783   481.3579 1.0727e-01     0.0832    97.9422     6.8625     6.9709    33.6917    33.6903    26.9795    26.9786    7.86203 0.0000e+00
       6538    217.675     1.2137     1.2087   2.916658   2.916148     1.9390     2.2915      8.084     1.0884   481.3184 1.0740e-01     0.0832    97.9422     6.8648     6.9688    33.6921    33.6909    26.9798    26.9793    7.86226 0.0000e+00
       6541    217.796     1.2137     1.2085   2.916684   2.916153     1.9398     2.2898      8.084     1.0986   213.9664 1.0727e-01     0.0832    97.9422     6.8710     6.9627    33.6923    33.6911    26.9800    26.9795    7.86224 0.0000e+00
       6544    217.916     1.2145     1.2082   2.916841   2.916153     1.9386     2.2910      8.086     1.0783    -0.8785 1.0727e-01     0.0832    97.9422     6.8658     6.9683    33.6934    33.6914    26.9809    26.9797    7.86203 0.0000e+00
       6547    218.042     1.2162     1.2091   2.916970   2.916256     1.9386     2.2906      8.087     1.0986     5.2802 1.0727e-01     0.0832    97.9422     6.8647     6.9682    33.6931    33.6916    26.9805    26.9798    7.86169 0.0000e+00
       6550    218.166     1.2163     1.2095   2.916952   2.916279     1.9394     2.2906      8.084     1.0884     5.0038 1.0727e-01     0.0832    97.9422     6.8697     6.9683    33.6927    33.6914    26.9802    26.9796    7.86169 0.0000e+00
       6553    218.291     1.2167     1.2096   2.916999   2.916322     1.9394     2.2915      8.086     1.0884     5.0038 1.0715e-01     0.0821    97.9683     6.8706     6.9728    33.6928    33.6918    26.9803    26.9799    7.86161 0.0000e+00
       6556    218.416     1.2173     1.2107   2.917059   2.916462     1.9390     2.2910      8.086     1.0579     5.0038 1.0752e-01     0.0821    97.9683     6.8666     6.9673    33.6929    33.6923    26.9803    26.9803    7.86149 0.0000e+00
       6559    218.542     1.2162     1.2115   2.916948   2.916482     1.9386     2.2898      8.086     1.0173     5.0038 1.0727e-01     0.0821    97.9683     6.8630     6.9630    33.6925    33.6917    26.9801    26.9797    7.86173 0.0000e+00
       6562    218.666     1.2159     1.2114   2.916967   2.916495     1.9390     2.2906      8.084     1.0274     5.0038 1.0740e-01     0.0821    97.9683     6.8626     6.9704    33.6930    33.6918    26.9805    26.9798    7.86175 0.0000e+00
       6565    218.793     1.2166     1.2128   2.917016   2.916645     1.9382     2.2906      8.086     1.0274     5.0038 1.0715e-01     0.0821    97.9683     6.8582     6.9719    33.6928    33.6922    26.9803    26.9801    7.86162 0.0000e+00
       6568    218.919     1.2183     1.2148   2.917269   2.916909     1.9386     2.2902      8.087     1.0274     9.8598 1.0715e-01     0.0821    97.9683     6.8633     6.9688    33.6942    33.6934    26.9812    26.9808    7.86121 0.0000e+00
       6571    219.042     1.2206     1.2170   2.917454   2.917008     1.9382     2.2906      8.086     1.0173    10.7678 1.0727e-01     0.0832    97.9422     6.8592     6.9693    33.6940    33.6921    26.9810    26.9797    7.86075 0.0000e+00
       6574    219.163     1.2215     1.2158   2.917441   2.916958     1.9390     2.2902      8.086     1.0071    10.6888 1.0727e-01     0.0842    97.9162     6.8618     6.9663    33.6928    33.6928    26.9799    26.9803    7.86063 0.0000e+00
       6577    219.282     1.2229     1.2171   2.917664   2.917070     1.9382     2.2894      8.086     1.0376    10.7283 1.0727e-01     0.0842    97.9162     6.8594     6.9621    33.6941    33.6927    26.9809    26.9802    7.86028 0.0000e+00
       6580    219.398     1.2235     1.2184   2.917664   2.917212     1.9378     2.2894      8.087     1.0173    10.6888 1.0715e-01     0.0839    97.9249     6.8576     6.9640    33.6933    33.6931    26.9802    26.9804    7.86019 0.0000e+00
       6583    219.508     1.2246     1.2218   2.917973   2.917543     1.9378     2.2906      8.086     0.9867    10.6888 1.0715e-01     0.0842    97.9162     6.8557     6.9675    33.6960    33.6936    26.9823    26.9806    7.85982 0.0000e+00
       6586    219.616     1.2336     1.2236   2.918801   2.917753     1.9378     2.2906      8.086     0.9562    10.7283 1.0727e-01     0.0842    97.9162     6.8562     6.9649    33.6968    33.6942    26.9824    26.9809    7.85794 0.0000e+00
       6589    219.717     1.2381     1.2377   2.919680   2.919434     1.9382     2.2906      8.089     0.9562    10.6888 1.0740e-01     0.0839    97.9249     6.8596     6.9624    33.7032    33.7004    26.9872    26.9851    7.85669 0.0000e+00
       6592    219.822     1.2590     1.2560   2.921540   2.921122     1.9382     2.2902      8.089     0.9562    74.4080 1.0715e-01     0.0842    97.9162     6.8531     6.9573    33.7043    33.7022    26.9867    26.9853    7.85237 0.0000e+00
       6595    219.917     1.2683     1.2644   2.922128   2.921733     1.9378     2.2894      8.089     0.9765   469.0405 1.0727e-01     0.0842    97.9162     6.8479     6.9505    33.7017    33.7009    26.9840    26.9836    7.85060 0.0000e+00
       6598    220.004     1.2712     1.2677   2.922338   2.921943     1.9378     2.2894      8.089     0.9562   481.4764 1.0727e-01     0.0842    97.9162     6.8461     6.9482    33.7012    33.6999    26.9834    26.9826    7.85004 0.0000e+00
       6601    220.087     1.2724     1.2681   2.922424   2.922009     1.9378     2.2894      8.089     0.9562   481.1605 1.0727e-01     0.0842    97.9162     6.8454     6.9453    33.7011    33.7003    26.9832    26.9829    7.84981 0.0000e+00
       6604    220.166     1.2730     1.2685   2.922483   2.922045     1.9369     2.2894      8.089     0.9562   481.3579 1.0715e-01     0.0842    97.9162     6.8391     6.9414    33.7011    33.7003    26.9832    26.9829    7.84968 0.0000e+00
       6607    220.241     1.2732     1.2687   2.922525   2.922073     1.9369     2.2890      8.089     0.9867   481.2395 1.0727e-01     0.0842    97.9162     6.8393     6.9385    33.7013    33.7004    26.9834    26.9829    7.84963 0.0000e+00
       6610    220.307     1.2730     1.2685   2.922544   2.922089     1.9386     2.2894      8.089     1.0783   481.2790 1.0715e-01     0.0842    97.9162     6.8482     6.9405    33.7018    33.7008    26.9837    26.9832    7.84965 0.0000e+00
       6613    220.371     1.2729     1.2685   2.922568   2.922122     1.9374     2.2894      8.089     1.0884   481.3184 1.0740e-01     0.0846    97.9075     6.8398     6.9406    33.7022    33.7012    26.9840    26.9836    7.84965 0.0000e+00
       6616    220.431     1.2728     1.2683   2.922574   2.922123     1.9365     2.2890      8.089     1.0884   481.2790 1.0715e-01     0.0842    97.9162     6.8355     6.9367    33.7023    33.7014    26.9842    26.9838    7.84966 0.0000e+00
       6619    220.489     1.2724     1.2682   2.922605   2.922145     1.9369     2.2882      8.089     1.0884   298.4910 1.0727e-01     0.0842    97.9162     6.8362     6.9270    33.7031    33.7018    26.9849    26.9841    7.84970 0.0000e+00
       6622    220.543     1.2725     1.2680   2.922587   2.922114     1.9361     2.2882      8.089     1.0986    -2.6551 1.0727e-01     0.0842    97.9162     6.8310     6.9211    33.7027    33.7016    26.9845    26.9839    7.84970 0.0000e+00
       6625    220.593     1.2706     1.2672   2.922403   2.922082     1.9361     2.2874      8.089     1.0884     2.9509 1.0715e-01     0.0842    97.9162     6.8278     6.9127    33.7023    33.7019    26.9843    26.9842    7.85010 0.0000e+00
       6628    220.641     1.2680     1.2658   2.922165   2.921941     1.9365     2.2882      8.089     1.0986     3.1089 1.0715e-01     0.0846    97.9075     6.8259     6.9094    33.7022    33.7017    26.9844    26.9842    7.85065 0.0000e+00
       6631    220.689     1.2657     1.2632   2.922035   2.921734     1.9369     2.2882      8.089     1.0884     3.1089 1.0715e-01     0.0842    97.9162     6.8212     6.9024    33.7029    33.7018    26.9851    26.9844    7.85107 0.0000e+00
       6634    220.734     1.2648     1.2617   2.921960   2.921620     1.9370     2.2874      8.089     1.0884     3.1089 1.0715e-01     0.0842    97.9162     6.8140     6.8923    33.7029    33.7020    26.9852    26.9846    7.85126 0.0000e+00
       6637    220.777     1.2638     1.2612   2.921886   2.921563     1.9357     2.2874      8.089     1.0884     3.1089 1.0715e-01     0.0842    97.9162     6.8063     6.8865    33.7030    33.7017    26.9853    26.9845    7.85145 0.0000e+00
       6640    220.825     1.2626     1.2601   2.921780   2.921496     1.9353     2.2849      8.089     1.0986     3.1089 1.0727e-01     0.0842    97.9162     6.7996     6.8727    33.7030    33.7020    26.9854    26.9848    7.85171 0.0000e+00
       6643    220.871     1.2604     1.2579   2.921622   2.921302     1.9357     2.2845      8.089     1.0986     3.1089 1.0715e-01     0.0842    97.9162     6.7958     6.8645    33.7032    33.7018    26.9858    26.9848    7.85214 0.0000e+00
       6646    220.922     1.2587     1.2541   2.921441   2.921008     1.9349     2.2845      8.089     1.0986     5.1223 1.0727e-01     0.0842    97.9162     6.7865     6.8574    33.7028    33.7021    26.9855    26.9853    7.85251 0.0000e+00
       6649    220.977     1.2559     1.2514   2.921198   2.920722     1.9341     2.2837      8.089     1.0681     6.2277 1.0715e-01     0.0842    97.9162     6.7770     6.8476    33.7026    33.7013    26.9856    26.9848    7.85308 0.0000e+00
       6652    221.039     1.2523     1.2477   2.920919   2.920419     1.9337     2.2825      8.089     1.0783     6.1882 1.0727e-01     0.0842    97.9162     6.7703     6.8381    33.7030    33.7015    26.9861    26.9852    7.85381 0.0000e+00
       6655    221.104     1.2469     1.2430   2.920546   2.920045     1.9329     2.2817      8.089     1.0884     6.1882 1.0715e-01     0.0839    97.9249     6.7652     6.8324    33.7040    33.7018    26.9872    26.9857    7.85486 0.0000e+00
       6658    221.178     1.2405     1.2362   2.919894   2.919319     1.9316     2.2809      8.089     1.0986     6.1882 1.0727e-01     0.0842    97.9162     6.7626     6.8276    33.7025    33.6998    26.9864    26.9846    7.85624 0.0000e+00
       6661    221.255     1.2165     1.2086   2.917758   2.916871     1.9320     2.2800      8.089     1.0478     6.1882 1.0740e-01     0.0842    97.9162     6.7683     6.8295    33.7010    33.6982    26.9869    26.9852    7.86122 0.0000e+00
       6664    221.338     1.1955     1.1868   2.915951   2.915314     1.9316     2.2796      8.089     1.0274     6.1882 1.0727e-01     0.0842    97.9162     6.7703     6.8327    33.7005    33.7018    26.9879    26.9895    7.86554 0.0000e+00
       6667    221.432     1.1885     1.1852   2.915642   2.915417     1.9308     2.2776      8.089     1.0376     6.1882 1.0727e-01     0.0842    97.9162     6.7708     6.8240    33.7040    33.7047    26.9912    26.9919    7.86677 0.0000e+00
       6670    221.534     1.1974     1.1948   2.916754   2.916453     1.9300     2.2772      8.089     1.0274    17.5582 1.0740e-01     0.0842    97.9162     6.7695     6.8188    33.7086    33.7076    26.9942    26.9936    7.86471 0.0000e+00
       6673    221.643     1.2032     1.2007   2.917079   2.916719     1.9300     2.2760      8.089     1.0274   434.0226 1.0715e-01     0.0835    97.9335     6.7708     6.8142    33.7064    33.7046    26.9921    26.9908    7.86364 0.0000e+00
       6676    221.762     1.1900     1.1875   2.915399   2.915223     1.9292     2.2752      8.089     1.0274   481.1605 1.0715e-01     0.0832    97.9422     6.7733     6.8140    33.6992    33.6996    26.9871    26.9877    7.86673 0.0000e+00
       6679    221.888     1.1592     1.1510   2.911753   2.911424     1.9288     2.2739      8.087     1.0274   481.1211 1.0727e-01     0.0832    97.9422     6.7826     6.8159    33.6856    33.6903    26.9783    26.9826    7.87375 0.0000e+00
       6682    222.022     1.1053     1.0952   2.906933   2.906448     1.9288     2.2727      8.085     1.0274   481.3184 1.0715e-01     0.0832    97.9422     6.7921     6.8237    33.6821    33.6868    26.9789    26.9834    7.88500 0.0000e+00
