Datasets/AZMP/HUD120/hud120_2020_069.cnv
* Sea-Bird SBE 9 Data File:
* FileName = C:\CTDDATA\hud120_2020_069.hex
* Software Version Seasave V 7.26.7.110
* Temperature SN = 1697
* Conductivity SN = 4216
* Number of Bytes Per Scan = 30
* Number of Voltage Words = 4
* Number of Scans Averaged by the Deck Unit = 1
* NMEA baud rate = 4800
** VESSEL/TRIP/SEQ STN:  hud120_2020_069
** LATITUDE XX XX.XX: 47 00.00 N
** LONGITUDE XX XX.XX: 047 49.00 W
** SOUNDING DEPTH (M): 0168
** PROBE TYPE: S1146
** CTD NUMBER: 048
** FORMAT: V
** COMMENTS (14 CHAR): FC-13
** BOTTLES:  10
** LEVELS: 5,10,20,30,40,50,75,100,150,BTM
** STICKERS: 439834 - 439843
** VNET: Y
** DO2: N
# nquan = 22
# nvalues = 3139                        
# units = specified
# name 0 = scan: Scan Count
# name 1 = prDM: Pressure, Digiquartz [db]
# name 2 = t090C: Temperature [ITS-90, deg C]
# name 3 = t190C: Temperature, 2 [ITS-90, deg C]
# name 4 = c0S/m: Conductivity [S/m]
# name 5 = c1S/m: Conductivity, 2 [S/m]
# name 6 = sbeox0V: Oxygen raw, SBE 43 [V]
# name 7 = sbeox1V: Oxygen raw, SBE 43, 2 [V]
# name 8 = ph: pH
# name 9 = flECO-AFL: Fluorescence, WET Labs ECO-AFL/FL [mg/m^3]
# name 10 = wetCDOM: Fluorescence, WET Labs CDOM [mg/m^3]
# name 11 = par/sat/log: PAR/Logarithmic, Satlantic [umol photons/m^2/sec]
# name 12 = CStarAt0: Beam Attenuation, WET Labs C-Star [1/m]
# name 13 = CStarTr0: Beam Transmission, WET Labs C-Star [%]
# name 14 = sbeox0ML/L: Oxygen, SBE 43 [ml/l], WS = 2
# name 15 = sbeox1ML/L: Oxygen, SBE 43, 2 [ml/l], WS = 2
# name 16 = sal00: Salinity, Practical [PSU]
# name 17 = sal11: Salinity, Practical, 2 [PSU]
# name 18 = sigma-t00: Density [sigma-t, kg/m^3 ]
# name 19 = sigma-t11: Density, 2 [sigma-t, kg/m^3 ]
# name 20 = oxsatML/L: Oxygen Saturation, Weiss [ml/l]
# name 21 = flag: flag
# span 0 =        107,      30601       
# span 1 =      3.192,    162.355       
# span 2 =     0.4502,     2.9275       
# span 3 =     0.4404,     2.9214       
# span 4 =   2.832911,   2.977038       
# span 5 =   2.832098,   2.976547       
# span 6 =     1.8583,     2.2376       
# span 7 =     2.2071,     2.6822       
# span 8 =      7.959,      8.102       
# span 9 =     0.9257,     8.3025       
# span 10 =    -2.8130,   482.1870      
# span 11 = 1.0715e-01, 4.5953e+01      
# span 12 =     0.0683,     1.1766      
# span 13 =    74.5165,    98.3073      
# span 14 =     6.4006,     7.7317      
# span 15 =     6.5908,     7.9489      
# span 16 =    32.6424,    33.9533      
# span 17 =    32.6375,    33.9524      
# span 18 =    26.0104,    27.1914      
# span 19 =    26.0069,    27.1909      
# span 20 =    7.57498,    8.03111      
# span 21 = 0.0000e+00, 0.0000e+00      
# interval = scans: 3                   
# start_time = Nov 24 2020 16:29:03 [System UTC, header]
# bad_flag = -9.990e-29
*END*
[from data line 198]
       1033     25.398     2.9172     2.9121   2.969289   2.968791     2.1954     2.6292      8.094     5.9216     7.8463 1.7995e+00     0.2120    94.8391     7.5385     7.7426    32.6719    32.6710    26.0340    26.0337    7.57871 0.0000e+00
       1036     25.523     2.9171     2.9122   2.969270   2.968789     2.1966     2.6284      8.097     5.9216     7.8463 1.7809e+00     0.2120    94.8391     7.5460     7.7405    32.6717    32.6708    26.0339    26.0335    7.57874 0.0000e+00
       1039     25.649     2.9170     2.9119   2.969281   2.968782     2.1962     2.6284      8.095     5.9216     7.8463 1.7665e+00     0.2124    94.8304     7.5478     7.7419    32.6719    32.6710    26.0340    26.0338    7.57875 0.0000e+00
       1042     25.777     2.9167     2.9120   2.969305   2.968830     2.1958     2.6284      8.097     5.9013     7.8463 1.7584e+00     0.2259    94.5088     7.5463     7.7414    32.6724    32.6714    26.0345    26.0341    7.57879 0.0000e+00
       1045     25.910     2.9163     2.9120   2.969304   2.968820     2.1945     2.6280      8.097     5.9013     7.8068 1.7381e+00     0.2289    94.4392     7.5390     7.7421    32.6727    32.6712    26.0347    26.0339    7.57884 0.0000e+00
       1048     26.047     2.9161     2.9117   2.969311   2.968815     2.1945     2.6288      8.095     5.9013     7.4910 1.7182e+00     0.2285    94.4479     7.5420     7.7477    32.6729    32.6713    26.0349    26.0340    7.57886 0.0000e+00
       1051     26.185     2.9169     2.9117   2.969340   2.968833     2.1954     2.6288      8.097     5.8911     7.4910 1.7004e+00     0.2285    94.4479     7.5467     7.7502    32.6724    32.6715    26.0345    26.0342    7.57875 0.0000e+00
       1054     26.326     2.9172     2.9123   2.969371   2.968854     2.1950     2.6280      8.095     5.9013     7.4910 1.6750e+00     0.2285    94.4479     7.5465     7.7468    32.6724    32.6711    26.0344    26.0338    7.57869 0.0000e+00
       1057     26.471     2.9173     2.9126   2.969377   2.968881     2.1950     2.6272      8.095     5.9013     7.4910 1.6539e+00     0.2285    94.4479     7.5473     7.7448    32.6723    32.6711    26.0343    26.0337    7.57867 0.0000e+00
       1060     26.610     2.9170     2.9123   2.969365   2.968868     2.1954     2.6288      8.095     5.9013     7.4910 1.6386e+00     0.2270    94.4827     7.5470     7.7514    32.6724    32.6711    26.0344    26.0338    7.57873 0.0000e+00
       1063     26.754     2.9167     2.9121   2.969351   2.968876     2.1954     2.6284      8.095     5.8809     7.4910 1.6123e+00     0.2127    94.8217     7.5504     7.7475    32.6724    32.6714    26.0345    26.0340    7.57877 0.0000e+00
       1066     26.898     2.9172     2.9123   2.969388   2.968895     2.1945     2.6276      8.095     5.8300     7.4910 1.5919e+00     0.2120    94.8391     7.5501     7.7453    32.6723    32.6713    26.0344    26.0339    7.57869 0.0000e+00
       1069     27.043     2.9173     2.9122   2.969393   2.968905     2.1950     2.6284      8.095     5.7995     7.4910 1.5755e+00     0.2120    94.8391     7.5512     7.7492    32.6722    32.6714    26.0342    26.0340    7.57868 0.0000e+00
       1072     27.190     2.9170     2.9124   2.969400   2.968908     2.1958     2.6288      8.095     5.8097   186.6074 1.5466e+00     0.2120    94.8391     7.5529     7.7509    32.6724    32.6712    26.0344    26.0339    7.57871 0.0000e+00
       1075     27.335     2.9171     2.9119   2.969400   2.968884     2.1954     2.6292      8.095     5.8097   482.1870 1.5324e+00     0.2124    94.8304     7.5516     7.7547    32.6723    32.6713    26.0343    26.0340    7.57870 0.0000e+00
       1078     27.480     2.9171     2.9117   2.969415   2.968877     2.1950     2.6276      8.097     5.8097   481.1211 1.4887e+00     0.2120    94.8391     7.5514     7.7491    32.6724    32.6714    26.0344    26.0341    7.57870 0.0000e+00
       1081     27.627     2.9170     2.9118   2.969400   2.968888     2.1941     2.6284      8.097     5.7995   481.1606 1.4665e+00     0.2116    94.8478     7.5473     7.7500    32.6723    32.6713    26.0343    26.0340    7.57873 0.0000e+00
       1084     27.771     2.9168     2.9118   2.969403   2.968897     2.1937     2.6276      8.095     5.8097   481.1211 1.4547e+00     0.2098    94.8912     7.5469     7.7468    32.6724    32.6713    26.0344    26.0340    7.57876 0.0000e+00
       1087     27.915     2.9170     2.9119   2.969430   2.968911     2.1954     2.6272      8.097     5.8097   481.1211 1.4313e+00     0.2098    94.8912     7.5543     7.7479    32.6725    32.6713    26.0345    26.0340    7.57872 0.0000e+00
       1090     28.058     2.9170     2.9118   2.969425   2.968913     2.1945     2.6284      8.095     5.7893   481.1606 1.4035e+00     0.2102    94.8825     7.5515     7.7533    32.6723    32.6714    26.0343    26.0341    7.57872 0.0000e+00
       1093     28.195     2.9171     2.9122   2.969444   2.968955     2.1945     2.6288      8.094     5.7181   481.2000 1.3746e+00     0.2098    94.8912     7.5512     7.7542    32.6724    32.6714    26.0344    26.0341    7.57871 0.0000e+00
       1096     28.331     2.9169     2.9119   2.969449   2.968909     2.1945     2.6280      8.094     5.7079   481.1606 1.3556e+00     0.2098    94.8912     7.5511     7.7540    32.6726    32.6711    26.0346    26.0338    7.57873 0.0000e+00
       1099     28.463     2.9172     2.9116   2.969453   2.968956     2.1950     2.6284      8.094     5.7079   177.6457 1.3416e+00     0.2098    94.8912     7.5552     7.7577    32.6723    32.6719    26.0343    26.0344    7.57870 0.0000e+00
       1102     28.595     2.9170     2.9118   2.969457   2.968936     2.1950     2.6276      8.095     5.7079    11.4784 1.3354e+00     0.2109    94.8652     7.5562     7.7558    32.6724    32.6713    26.0344    26.0340    7.57872 0.0000e+00
       1105     28.722     2.9170     2.9120   2.969459   2.968968     2.1950     2.6280      8.097     5.7181    18.5846 1.3124e+00     0.2109    94.8652     7.5563     7.7550    32.6724    32.6715    26.0344    26.0341    7.57872 0.0000e+00
       1108     28.846     2.9163     2.9124   2.969435   2.968956     2.1950     2.6284      8.097     5.7282    18.2688 1.2913e+00     0.2109    94.8652     7.5526     7.7568    32.6727    32.6709    26.0347    26.0336    7.57884 0.0000e+00
       1111     28.963     2.9162     2.9119   2.969441   2.968969     2.1941     2.6288      8.095     5.7181    18.2688 1.2633e+00     0.2109    94.8652     7.5469     7.7567    32.6729    32.6714    26.0349    26.0341    7.57886 0.0000e+00
       1114     29.078     2.9166     2.9116   2.969452   2.968960     2.1954     2.6288      8.092     5.7079    18.2688 1.2459e+00     0.2109    94.8652     7.5544     7.7547    32.6726    32.6717    26.0346    26.0343    7.57880 0.0000e+00
       1117     29.192     2.9160     2.9114   2.969468   2.968954     2.1945     2.6288      8.094     5.7588    18.2688 1.2188e+00     0.2109    94.8652     7.5491     7.7556    32.6732    32.6717    26.0351    26.0343    7.57887 0.0000e+00
       1120     29.300     2.9160     2.9112   2.969468   2.968959     2.1941     2.6288      8.094     5.9419    18.2688 1.2007e+00     0.2113    94.8565     7.5468     7.7568    32.6732    32.6718    26.0351    26.0345    7.57887 0.0000e+00
       1123     29.403     2.9166     2.9112   2.969479   2.968993     2.1945     2.6284      8.094     5.9318    27.1911 1.1855e+00     0.2120    94.8391     7.5492     7.7560    32.6727    32.6723    26.0347    26.0348    7.57879 0.0000e+00
       1126     29.509     2.9161     2.9115   2.969465   2.968994     2.1945     2.6280      8.092     5.9114   432.6013 1.1664e+00     0.2120    94.8391     7.5508     7.7526    32.6729    32.6719    26.0349    26.0345    7.57886 0.0000e+00
       1129     29.611     2.9157     2.9116   2.969465   2.968986     2.1941     2.6280      8.095     5.9419   481.2790 1.1570e+00     0.2120    94.8391     7.5508     7.7513    32.6734    32.6716    26.0353    26.0342    7.57893 0.0000e+00
       1132     29.708     2.9156     2.9116   2.969463   2.968961     2.1941     2.6284      8.092     5.9114   481.0026 1.1477e+00     0.2120    94.8391     7.5524     7.7529    32.6733    32.6713    26.0352    26.0340    7.57894 0.0000e+00
       1135     29.802     2.9159     2.9113   2.969483   2.968981     2.1941     2.6284      8.092     5.9216   481.2395 1.1358e+00     0.2120    94.8391     7.5542     7.7515    32.6732    32.6718    26.0351    26.0344    7.57889 0.0000e+00
       1138     29.894     2.9163     2.9107   2.969489   2.968979     2.1945     2.6284      8.094     5.9216   481.2395 1.1424e+00     0.2120    94.8391     7.5580     7.7517    32.6728    32.6723    26.0348    26.0349    7.57884 0.0000e+00
       1141     29.984     2.9160     2.9113   2.969488   2.969001     2.1941     2.6284      8.095     5.9216   481.2395 1.1163e+00     0.2120    94.8391     7.5567     7.7507    32.6730    32.6720    26.0350    26.0346    7.57888 0.0000e+00
       1144     30.070     2.9161     2.9116   2.969471   2.969009     2.1945     2.6288      8.092     5.8402   481.2395 1.1048e+00     0.2080    94.9347     7.5593     7.7537    32.6727    32.6717    26.0347    26.0343    7.57887 0.0000e+00
       1147     30.153     2.9163     2.9114   2.969479   2.969006     2.1945     2.6284      8.094     5.7690   481.2395 1.0959e+00     0.2087    94.9173     7.5579     7.7519    32.6726    32.6718    26.0346    26.0344    7.57885 0.0000e+00
       1150     30.237     2.9161     2.9109   2.969498   2.969005     2.1945     2.6280      8.094     5.7690   481.2395 1.0883e+00     0.2080    94.9347     7.5568     7.7505    32.6730    32.6722    26.0350    26.0348    7.57887 0.0000e+00
       1153     30.319     2.9158     2.9110   2.969480   2.968997     2.1945     2.6288      8.092     5.7690   481.2395 1.0745e+00     0.2076    94.9434     7.5589     7.7511    32.6730    32.6720    26.0350    26.0346    7.57892 0.0000e+00
       1156     30.397     2.9155     2.9108   2.969509   2.968969     2.1945     2.6284      8.094     5.7588   481.2395 1.0634e+00     0.2076    94.9434     7.5584     7.7487    32.6736    32.6719    26.0355    26.0345    7.57894 0.0000e+00
       1159     30.474     2.9158     2.9105   2.969530   2.968973     2.1950     2.6276      8.097     5.7792   481.2395 1.0585e+00     0.2076    94.9434     7.5595     7.7451    32.6736    32.6722    26.0354    26.0348    7.57890 0.0000e+00
       1162     30.549     2.9161     2.9103   2.969519   2.969045     2.1950     2.6280      8.094     5.7690   481.2395 1.0524e+00     0.2087    94.9173     7.5594     7.7447    32.6731    32.6732    26.0350    26.0356    7.57887 0.0000e+00
       1165     30.621     2.9156     2.9104   2.969504   2.969096     2.1937     2.6280      8.094     5.7792   481.2395 1.0451e+00     0.2087    94.9173     7.5519     7.7422    32.6734    32.6737    26.0353    26.0360    7.57894 0.0000e+00
       1168     30.692     2.9151     2.9105   2.969485   2.969107     2.1950     2.6280      8.094     5.7893   481.2395 1.0463e+00     0.2087    94.9173     7.5571     7.7413    32.6736    32.6737    26.0355    26.0360    7.57902 0.0000e+00
       1171     30.761     2.9152     2.9108   2.969484   2.969057     2.1937     2.6280      8.092     6.1047   481.2395 1.0439e+00     0.2087    94.9173     7.5503     7.7432    32.6735    32.6727    26.0354    26.0352    7.57902 0.0000e+00
       1174     30.828     2.9151     2.9106   2.969486   2.969046     2.1941     2.6276      8.095     6.2166   481.2395 1.0367e+00     0.2087    94.9173     7.5528     7.7422    32.6736    32.6727    26.0355    26.0352    7.57903 0.0000e+00
       1177     30.893     2.9148     2.9104   2.969486   2.969006     2.1954     2.6276      8.095     6.1963   261.0649 1.0295e+00     0.2087    94.9173     7.5585     7.7418    32.6738    32.6725    26.0357    26.0351    7.57907 0.0000e+00
       1180     30.961     2.9148     2.9103   2.969573   2.969029     2.1945     2.6276      8.095     6.1861    -2.1419 1.0295e+00     0.2087    94.9173     7.5529     7.7416    32.6748    32.6728    26.0365    26.0353    7.57902 0.0000e+00
       1183     31.026     2.9142     2.9099   2.969651   2.969130     2.1945     2.6272      8.097     6.2065     3.4642 1.0307e+00     0.2083    94.9260     7.5536     7.7369    32.6764    32.6744    26.0378    26.0366    7.57907 0.0000e+00
       1186     31.093     2.9138     2.9093   2.969688   2.969161     2.1941     2.6268      8.094     6.1963     3.3852 1.0272e+00     0.2080    94.9347     7.5541     7.7316    32.6771    32.6754    26.0385    26.0375    7.57909 0.0000e+00
       1189     31.159     2.9144     2.9094   2.969659   2.969160     2.1941     2.6264      8.095     6.1963     3.3457 1.0271e+00     0.2080    94.9347     7.5535     7.7294    32.6761    32.6752    26.0376    26.0373    7.57903 0.0000e+00
       1192     31.224     2.9147     2.9104   2.969649   2.969163     2.1945     2.6268      8.097     6.2065     3.3457 1.0259e+00     0.2080    94.9347     7.5546     7.7324    32.6757    32.6742    26.0372    26.0364    7.57900 0.0000e+00
       1195     31.289     2.9144     2.9106   2.969665   2.969143     2.1941     2.6276      8.095     6.4405     3.3457 1.0283e+00     0.2080    94.9347     7.5533     7.7369    32.6762    32.6737    26.0376    26.0360    7.57903 0.0000e+00
       1198     31.356     2.9141     2.9098   2.969689   2.969174     2.1950     2.6272      8.094     8.2415     3.3457 1.0260e+00     0.2080    94.9347     7.5556     7.7382    32.6767    32.6748    26.0381    26.0370    7.57906 0.0000e+00
       1201     31.426     2.9139     2.9093   2.969693   2.969208     2.1941     2.6264      8.097     8.2923     3.3457 1.0260e+00     0.2087    94.9173     7.5508     7.7364    32.6769    32.6757    26.0383    26.0377    7.57908 0.0000e+00
       1204     31.498     2.9139     2.9091   2.969693   2.969224     2.1937     2.6256      8.092     8.2822   352.2220 1.0248e+00     0.2076    94.9434     7.5489     7.7347    32.6769    32.6760    26.0382    26.0380    7.57908 0.0000e+00
       1207     31.575     2.9140     2.9095   2.969712   2.969197     2.1945     2.6248      8.094     8.2822   482.0686 1.0165e+00     0.2076    94.9434     7.5530     7.7324    32.6769    32.6753    26.0383    26.0374    7.57906 0.0000e+00
       1210     31.652     2.9140     2.9096   2.969721   2.969211     2.1941     2.6248      8.095     8.3025   480.8447 1.0200e+00     0.2076    94.9434     7.5508     7.7330    32.6771    32.6753    26.0384    26.0374    7.57907 0.0000e+00
       1213     31.734     2.9140     2.9096   2.969725   2.969236     2.1941     2.6260      8.097     8.2923   481.2395 1.0130e+00     0.2076    94.9434     7.5525     7.7379    32.6771    32.6756    26.0384    26.0376    7.57906 0.0000e+00
       1216     31.821     2.9151     2.9100   2.969661   2.969190     2.1941     2.6260      8.094     8.2923   481.2395 1.0142e+00     0.2076    94.9434     7.5556     7.7374    32.6751    32.6746    26.0367    26.0367    7.57894 0.0000e+00
       1219     31.912     2.9154     2.9100   2.969620   2.969159     2.1945     2.6264      8.092     8.2822   481.2395 1.0014e+00     0.2076    94.9434     7.5584     7.7421    32.6743    32.6741    26.0361    26.0364    7.57894 0.0000e+00
       1222     32.011     2.9154     2.9102   2.969601   2.969141     2.1941     2.6260      8.092     7.5496   481.2395 1.0060e+00     0.2083    94.9260     7.5551     7.7455    32.6740    32.6737    26.0358    26.0361    7.57894 0.0000e+00
       1225     32.111     2.9152     2.9097   2.969608   2.969179     2.1937     2.6260      8.094     6.0946   481.2395 9.9213e-01     0.2109    94.8652     7.5526     7.7475    32.6742    32.6746    26.0360    26.0367    7.57897 0.0000e+00
