Datasets/AZMP/HUD120/hud120_2020_054.cnv
* Sea-Bird SBE 9 Data File:
* FileName = C:\CTDDATA\hud120_2020_054.hex
* Software Version Seasave V 7.26.7.110
* Temperature SN = 1697
* Conductivity SN = 4216
* Number of Bytes Per Scan = 30
* Number of Voltage Words = 4
* Number of Scans Averaged by the Deck Unit = 1
* NMEA baud rate = 4800
** VESSEL/TRIP/SEQ STN:  hud120_2020_054
** LATITUDE XX XX.XX: 47 00.00 N
** LONGITUDE XX XX.XX: 044 26.00 W
** SOUNDING DEPTH (M): 0156
** PROBE TYPE: S1146
** CTD NUMBER: 033
** FORMAT: V
** COMMENTS (14 CHAR): FC-28
** BOTTLES:  0
** LEVELS: 0
** STICKERS:
** VNET: N
** DO2: N
# nquan = 22
# nvalues = 2668                        
# units = specified
# name 0 = scan: Scan Count
# name 1 = prDM: Pressure, Digiquartz [db]
# name 2 = t090C: Temperature [ITS-90, deg C]
# name 3 = t190C: Temperature, 2 [ITS-90, deg C]
# name 4 = c0S/m: Conductivity [S/m]
# name 5 = c1S/m: Conductivity, 2 [S/m]
# name 6 = sbeox0V: Oxygen raw, SBE 43 [V]
# name 7 = sbeox1V: Oxygen raw, SBE 43, 2 [V]
# name 8 = ph: pH
# name 9 = flECO-AFL: Fluorescence, WET Labs ECO-AFL/FL [mg/m^3]
# name 10 = wetCDOM: Fluorescence, WET Labs CDOM [mg/m^3]
# name 11 = par/sat/log: PAR/Logarithmic, Satlantic [umol photons/m^2/sec]
# name 12 = CStarAt0: Beam Attenuation, WET Labs C-Star [1/m]
# name 13 = CStarTr0: Beam Transmission, WET Labs C-Star [%]
# name 14 = sbeox0ML/L: Oxygen, SBE 43 [ml/l], WS = 2
# name 15 = sbeox1ML/L: Oxygen, SBE 43, 2 [ml/l], WS = 2
# name 16 = sal00: Salinity, Practical [PSU]
# name 17 = sal11: Salinity, Practical, 2 [PSU]
# name 18 = sigma-t00: Density [sigma-t, kg/m^3 ]
# name 19 = sigma-t11: Density, 2 [sigma-t, kg/m^3 ]
# name 20 = oxsatML/L: Oxygen Saturation, Weiss [ml/l]
# name 21 = flag: flag
# span 0 =         23,      10044       
# span 1 =      0.401,    152.125       
# span 2 =     3.7601,     7.0892       
# span 3 =     3.7555,     7.0852       
# span 4 =   2.913961,   3.432945       
# span 5 =   2.743341,   3.432426       
# span 6 =     1.8452,     2.2385       
# span 7 =     2.1993,     2.6911       
# span 8 =      7.918,      8.121       
# span 9 =     0.8952,     7.1324       
# span 10 =    -2.8130,   482.1870      
# span 11 = 1.0617e-01, 8.0573e-01      
# span 12 =     0.0960,     1.1394      
# span 13 =    75.2119,    97.6293      
# span 14 =     5.8753,     6.8838      
# span 15 =     6.0577,     7.1018      
# span 16 =    28.2908,    34.5457      
# span 17 =    26.5701,    34.5451      
# span 18 =    22.1310,    27.4405      
# span 19 =    20.7829,    27.4405      
# span 20 =    6.80393,    7.33172      
# span 21 = 0.0000e+00, 0.0000e+00      
# interval = scans: 3                   
# start_time = Nov 23 2020 05:16:25 [System UTC, header]
# bad_flag = -9.990e-29
*END*
[from data line 1976]
       7294     79.848     4.3652     4.3583   3.222285   3.221395     1.9834     2.3806      7.982     1.1902   481.3579 1.0715e-01     0.0988    97.5598     6.3987     6.6224    34.1802    34.1769    27.0957    27.0938    7.23816 0.0000e+00
       7297     79.749     4.3763     4.3613   3.223361   3.221684     1.9842     2.3806      7.983     1.2513   481.3579 1.0727e-01     0.0992    97.5511     6.3975     6.6220    34.1815    34.1772    27.0955    27.0937    7.23615 0.0000e+00
       7300     79.656     4.4023     4.3635   3.224870   3.221890     1.9850     2.3814      7.984     1.2411   481.3579 1.0727e-01     0.0992    97.5511     6.3947     6.6207    34.1722    34.1775    27.0854    27.0937    7.23199 0.0000e+00
       7303     79.569     4.3964     4.3654   3.224068   3.222081     1.9858     2.3831      7.984     1.2513   189.5289 1.0715e-01     0.0992    97.5511     6.3982     6.6236    34.1690    34.1778    27.0835    27.0938    7.23319 0.0000e+00
       7306     79.478     4.4015     4.3718   3.224665   3.222358     1.9858     2.3835      7.986     1.2513    -1.7865 1.0715e-01     0.0995    97.5424     6.3960     6.6222    34.1708    34.1745    27.0843    27.0905    7.23220 0.0000e+00
       7309     79.390     4.3937     4.3706   3.224529   3.222448     1.9858     2.3835      7.984     1.2411     2.7141 1.0715e-01     0.0992    97.5511     6.3937     6.6217    34.1773    34.1768    27.0903    27.0924    7.23327 0.0000e+00
       7312     79.307     4.4029     4.3702   3.224943   3.222281     1.9862     2.3835      7.986     1.2411     2.5167 1.0727e-01     0.0992    97.5511     6.3964     6.6198    34.1727    34.1753    27.0856    27.0913    7.23186 0.0000e+00
       7315     79.221     4.4042     4.3814   3.224795   3.223147     1.9875     2.3835      7.986     1.2411     2.5167 1.0715e-01     0.0992    97.5511     6.4046     6.6183    34.1696    34.1739    27.0831    27.0889    7.23178 0.0000e+00
       7318     79.140     4.4007     4.3951   3.224445   3.224190     1.9875     2.3851      7.986     1.2411     2.5167 1.0715e-01     0.0995    97.5424     6.4054     6.6226    34.1692    34.1720    27.0832    27.0860    7.23242 0.0000e+00
       7321     79.056     4.3941     4.4028   3.223848   3.224672     1.9875     2.3859      7.986     1.2309     2.5167 1.0715e-01     0.0995    97.5424     6.4047     6.6241    34.1690    34.1698    27.0837    27.0833    7.23359 0.0000e+00
       7324     78.969     4.3884     4.4058   3.223576   3.224643     1.9883     2.3859      7.986     1.2411     2.5167 1.0715e-01     0.0995    97.5424     6.4089     6.6233    34.1718    34.1663    27.0865    27.0803    7.23446 0.0000e+00
       7327     78.883     4.3876     4.4023   3.223800   3.224443     1.9887     2.3851      7.986     1.2309     2.5562 1.0715e-01     0.0992    97.5511     6.4124     6.6233    34.1754    34.1676    27.0894    27.0817    7.23444 0.0000e+00
       7330     78.794     4.3964     4.4026   3.224342   3.224611     1.9891     2.3859      7.986     1.2513     5.2802 1.0715e-01     0.0992    97.5511     6.4140     6.6294    34.1727    34.1693    27.0864    27.0830    7.23302 0.0000e+00
       7333     78.705     4.4046     4.4020   3.224872   3.224414     1.9891     2.3871      7.986     1.2513     5.6355 1.0715e-01     0.0992    97.5511     6.4126     6.6362    34.1704    34.1677    27.0836    27.0818    7.23167 0.0000e+00
       7336     78.615     4.4045     4.3937   3.224776   3.223596     1.9911     2.3875      7.986     1.2207     5.5960 1.0715e-01     0.0992    97.5511     6.4219     6.6423    34.1694    34.1668    27.0829    27.0820    7.23174 0.0000e+00
       7339     78.520     4.4036     4.3851   3.224770   3.223243     1.9915     2.3884      7.986     1.2513     5.5960 1.0715e-01     0.0999    97.5337     6.4231     6.6471    34.1703    34.1716    27.0837    27.0867    7.23185 0.0000e+00
       7342     78.422     4.4107     4.3862   3.225375   3.223577     1.9911     2.3892      7.988     1.2309     5.5960 1.0715e-01     0.1002    97.5250     6.4191     6.6498    34.1701    34.1745    27.0828    27.0889    7.23061 0.0000e+00
       7345     78.323     4.4118     4.3872   3.225378   3.223541     1.9915     2.3896      7.989     1.2513     5.5960 1.0715e-01     0.0999    97.5337     6.4184     6.6530    34.1691    34.1730    27.0818    27.0877    7.23046 0.0000e+00
       7348     78.221     4.4156     4.3866   3.225394   3.223470     1.9923     2.3904      7.991     1.3021     5.5960 1.0727e-01     0.0999    97.5337     6.4182     6.6571    34.1654    34.1728    27.0785    27.0875    7.22997 0.0000e+00
       7351     78.114     4.4218     4.3865   3.225388   3.223338     1.9927     2.3916      7.986     1.3021     5.5960 1.0715e-01     0.1002    97.5250     6.4172     6.6617    34.1590    34.1715    27.0727    27.0865    7.22918 0.0000e+00
       7354     78.004     4.4151     4.3837   3.224403   3.223044     1.9931     2.3916      7.991     1.2920     6.0303 1.0715e-01     0.0995    97.5424     6.4192     6.6598    34.1544    34.1709    27.0698    27.0863    7.23058 0.0000e+00
       7357     77.894     4.3887     4.3788   3.222797   3.222498     1.9936     2.3924      7.991     1.2920     8.2411 1.0727e-01     0.0995    97.5424     6.4224     6.6633    34.1629    34.1696    27.0794    27.0859    7.23484 0.0000e+00
       7360     77.783     4.3741     4.3654   3.222455   3.221712     1.9948     2.3937      7.991     1.3021     8.2017 1.0715e-01     0.1002    97.5250     6.4276     6.6696    34.1742    34.1744    27.0899    27.0910    7.23689 0.0000e+00
       7363     77.666     4.3732     4.3613   3.222362   3.221573     1.9940     2.3933      7.991     1.3021     8.2017 1.0715e-01     0.0992    97.5511     6.4245     6.6677    34.1740    34.1770    27.0899    27.0936    7.23705 0.0000e+00
       7366     77.547     4.3741     4.3607   3.222471   3.221564     1.9944     2.3945      7.991     1.3021     8.2017 1.0715e-01     0.0992    97.5511     6.4249     6.6697    34.1744    34.1777    27.0901    27.0942    7.23687 0.0000e+00
       7369     77.425     4.3823     4.3628   3.223240   3.221691     1.9948     2.3945      7.991     1.3021     8.2017 1.0715e-01     0.0992    97.5511     6.4229     6.6695    34.1750    34.1771    27.0898    27.0934    7.23540 0.0000e+00
       7372     77.298     4.3870     4.3664   3.223529   3.221923     1.9948     2.3953      7.991     1.3021     8.2017 1.0715e-01     0.0992    97.5511     6.4210     6.6703    34.1737    34.1761    27.0881    27.0923    7.23463 0.0000e+00
       7375     77.169     4.3849     4.3662   3.223340   3.221885     1.9956     2.3957      7.991     1.2818     8.2017 1.0727e-01     0.0992    97.5511     6.4265     6.6717    34.1736    34.1759    27.0883    27.0922    7.23499 0.0000e+00
       7378     77.042     4.4046     4.3644   3.225704   3.221716     1.9964     2.3969      7.991     1.2716     8.2017 1.0715e-01     0.0992    97.5511     6.4259     6.6768    34.1811    34.1759    27.0922    27.0923    7.23117 0.0000e+00
       7381     76.913     4.4392     4.3595   3.227034   3.221436     1.9964     2.3977      7.991     1.2716   211.2818 1.0715e-01     0.1002    97.5250     6.4202     6.6792    34.1609    34.1777    27.0724    27.0943    7.22602 0.0000e+00
       7384     76.782     4.4131     4.3811   3.225035   3.224521     1.9964     2.3981      7.991     1.2716   482.1870 1.0715e-01     0.1009    97.5076     6.4274     6.6755    34.1646    34.1917    27.0781    27.1031    7.23046 0.0000e+00
       7387     76.651     4.4141     4.4627   3.225380   3.229564     1.9968     2.3981      7.991     1.2513   481.0816 1.0715e-01     0.1002    97.5250     6.4310     6.6620    34.1677    34.1664    27.0805    27.0742    7.23013 0.0000e+00
       7390     76.515     4.4517     4.4688   3.229490   3.229230     1.9968     2.3985      7.991     1.2716   481.2790 1.0715e-01     0.1009    97.5076     6.4242     6.6611    34.1770    34.1562    27.0838    27.0655    7.22305 0.0000e+00
       7393     76.383     4.5127     4.4813   3.233441   3.230527     1.9976     2.4002      7.991     1.2716   481.3579 1.0715e-01     0.1006    97.5163     6.4161     6.6625    34.1602    34.1586    27.0639    27.0660    7.21310 0.0000e+00
       7396     76.252     4.5370     4.5095   3.234303   3.232477     1.9985     2.3998      7.990     1.2818   481.3579 1.0727e-01     0.1009    97.5076     6.4192     6.6529    34.1453    34.1524    27.0494    27.0580    7.20955 0.0000e+00
       7399     76.124     4.5398     4.5262   3.234441   3.233512     1.9993     2.4010      7.990     1.2513   481.3579 1.0715e-01     0.1013    97.4989     6.4233     6.6507    34.1440    34.1472    27.0481    27.0521    7.20911 0.0000e+00
       7402     75.998     4.5460     4.5377   3.235059   3.234119     1.9985     2.4014      7.990     1.2411   481.3579 1.0715e-01     0.1002    97.5250     6.4173     6.6468    34.1450    34.1425    27.0482    27.0471    7.20799 0.0000e+00
       7405     75.871     4.5537     4.5379   3.235456   3.234125     1.9993     2.4018      7.990     1.2411   481.3184 1.0727e-01     0.0995    97.5424     6.4206     6.6465    34.1417    34.1425    27.0447    27.0470    7.20678 0.0000e+00
       7408     75.747     4.5593     4.5390   3.236009   3.234213     2.0001     2.4018      7.990     1.2513   142.7067 1.0715e-01     0.0995    97.5424     6.4240     6.6462    34.1425    34.1424    27.0447    27.0469    7.20577 0.0000e+00
       7411     75.627     4.5667     4.5433   3.236354   3.234622     2.0005     2.4030      7.990     1.2411    -2.0629 1.0715e-01     0.0992    97.5511     6.4239     6.6464    34.1389    34.1429    27.0411    27.0468    7.20464 0.0000e+00
       7414     75.504     4.5687     4.5465   3.236523   3.234817     2.0001     2.4026      7.990     1.2513     1.3323 1.0715e-01     0.0992    97.5511     6.4190     6.6406    34.1389    34.1419    27.0409    27.0457    7.20429 0.0000e+00
       7417     75.384     4.5727     4.5522   3.236821   3.235171     2.0005     2.4030      7.992     1.2513     1.2139 1.0715e-01     0.0995    97.5424     6.4172     6.6395    34.1383    34.1402    27.0400    27.0437    7.20362 0.0000e+00
       7420     75.268     4.5731     4.5556   3.236721   3.235582     2.0029     2.4030      7.990     1.2411     1.2139 1.0715e-01     0.0999    97.5337     6.4275     6.6378    34.1368    34.1416    27.0387    27.0444    7.20361 0.0000e+00
       7423     75.154     4.5800     4.5645   3.237328   3.236157     2.0021     2.4030      7.990     1.2309     1.2139 1.0715e-01     0.1002    97.5250     6.4233     6.6350    34.1369    34.1392    27.0380    27.0415    7.20241 0.0000e+00
       7426     75.048     4.5854     4.5653   3.237763   3.236063     2.0017     2.4039      7.990     1.3021     1.2139 1.0715e-01     0.1002    97.5250     6.4208     6.6392    34.1364    34.1373    27.0370    27.0399    7.20147 0.0000e+00
       7429     74.939     4.5888     4.5601   3.237922   3.235641     2.0025     2.4043      7.993     1.3021     1.2139 1.0715e-01     0.1002    97.5250     6.4236     6.6424    34.1348    34.1378    27.0354    27.0409    7.20096 0.0000e+00
       7432     74.831     4.5857     4.5589   3.237625   3.235681     2.0033     2.4051      7.995     1.3021     1.4508 1.0715e-01     0.0999    97.5337     6.4280     6.6447    34.1346    34.1396    27.0355    27.0424    7.20151 0.0000e+00
       7435     74.728     4.5802     4.5567   3.237167   3.235497     2.0033     2.4039      7.995     1.3021     5.5565 1.0715e-01     0.0999    97.5337     6.4286     6.6415    34.1349    34.1397    27.0364    27.0428    7.20245 0.0000e+00
       7438     74.628     4.5767     4.5606   3.237171   3.235956     2.0029     2.4051      7.995     1.3021     5.8329 1.0715e-01     0.0999    97.5337     6.4281     6.6455    34.1387    34.1411    27.0398    27.0435    7.20290 0.0000e+00
       7441     74.531     4.5807     4.5630   3.237371   3.235821     2.0041     2.4055      7.995     1.3021     5.8329 1.0715e-01     0.1006    97.5163     6.4312     6.6442    34.1370    34.1371    27.0380    27.0400    7.20228 0.0000e+00
       7444     74.440     4.5822     4.5666   3.237250   3.236507     2.0050     2.4055      7.995     1.2818     5.8329 1.0715e-01     0.1024    97.4728     6.4343     6.6429    34.1341    34.1414    27.0355    27.0431    7.20215 0.0000e+00
       7447     74.345     4.5819     4.5875   3.237431   3.237904     2.0046     2.4063      7.995     1.3123     5.8329 1.0715e-01     0.1024    97.4728     6.4354     6.6423    34.1365    34.1363    27.0375    27.0367    7.20209 0.0000e+00
       7450     74.253     4.5981     4.6004   3.238804   3.238734     2.0054     2.4071      7.995     1.3225     5.8329 1.0727e-01     0.1028    97.4641     6.4349     6.6427    34.1359    34.1327    27.0352    27.0325    7.19927 0.0000e+00
       7453     74.166     4.6111     4.5980   3.239399   3.238170     2.0062     2.4067      7.997     1.3937     5.8329 1.0715e-01     0.1024    97.4728     6.4367     6.6416    34.1294    34.1286    27.0287    27.0295    7.19730 0.0000e+00
       7456     74.080     4.6080     4.5889   3.239082   3.237705     2.0062     2.4067      7.997     1.3937     5.8329 1.0715e-01     0.1024    97.4728     6.4392     6.6435    34.1290    34.1326    27.0287    27.0336    7.19786 0.0000e+00
       7459     73.999     4.6066     4.5808   3.239156   3.237068     2.0062     2.4079      7.998     1.3937   118.8614 1.0715e-01     0.1024    97.4728     6.4409     6.6501    34.1314    34.1336    27.0307    27.0353    7.19800 0.0000e+00
       7462     73.915     4.6125     4.5583   3.239549   3.235107     2.0074     2.4067      8.000     1.3836   481.8712 1.0715e-01     0.1024    97.4728     6.4438     6.6512    34.1299    34.1339    27.0289    27.0380    7.19703 0.0000e+00
       7465     73.834     4.6153     4.5345   3.239471   3.233365     2.0074     2.4071      8.000     1.3937   480.7658 1.0715e-01     0.1024    97.4728     6.4396     6.6598    34.1262    34.1382    27.0256    27.0440    7.19673 0.0000e+00
       7468     73.754     4.6152     4.5405   3.239585   3.234317     2.0070     2.4079      8.000     1.3937   481.3184 1.0715e-01     0.1024    97.4728     6.4370     6.6623    34.1277    34.1432    27.0268    27.0473    7.19667 0.0000e+00
       7471     73.675     4.6061     4.5559   3.238911   3.235519     2.0086     2.4091      8.000     1.3937   481.3579 1.0715e-01     0.1024    97.4728     6.4463     6.6636    34.1291    34.1413    27.0290    27.0442    7.19819 0.0000e+00
       7474     73.598     4.6016     4.5534   3.238675   3.235173     2.0082     2.4091      8.000     1.4039   481.3579 1.0715e-01     0.1024    97.4728     6.4455     6.6659    34.1312    34.1400    27.0311    27.0434    7.19889 0.0000e+00
       7477     73.521     4.6011     4.5647   3.238545   3.236012     2.0094     2.4087      8.000     1.3632   481.3579 1.0715e-01     0.1024    97.4728     6.4511     6.6650    34.1301    34.1382    27.0303    27.0407    7.19902 0.0000e+00
       7480     73.442     4.5971     4.5499   3.238313   3.234253     2.0098     2.4091      8.000     1.3326   481.3579 1.0715e-01     0.1028    97.4641     6.4553     6.6695    34.1316    34.1328    27.0319    27.0381    7.19965 0.0000e+00
       7483     73.362     4.5841     4.5288   3.237837   3.233333     2.0102     2.4108      8.000     1.3225   481.3184 1.0715e-01     0.1035    97.4468     6.4585     6.6806    34.1396    34.1439    27.0397    27.0492    7.20156 0.0000e+00
       7486     73.283     4.6077     4.5232   3.239523   3.232900     2.0098     2.4116      8.000     1.3225   481.3184 1.0715e-01     0.1031    97.4555     6.4519     6.6874    34.1349    34.1447    27.0334    27.0504    7.19764 0.0000e+00
