Datasets/AZMP/HUD120/hud120_2020_094.cnv
* Sea-Bird SBE 9 Data File:
* FileName = C:\CTDDATA\hud120_2020_094.hex
* Software Version Seasave V 7.26.7.110
* Temperature SN = 1697
* Conductivity SN = 4216
* Number of Bytes Per Scan = 30
* Number of Voltage Words = 4
* Number of Scans Averaged by the Deck Unit = 1
* NMEA baud rate = 4800
** VESSEL/TRIP/SEQ STN:  hud120-2020_094
** LATITUDE XX XX.XX: 49 22.00 N
** LONGITUDE XX XX.XX: 051 01.00 W
** SOUNDING DEPTH (M): 0343
** PROBE TYPE: S1146
** CTD NUMBER: 071
** FORMAT: V
** COMMENTS (14 CHAR): BB-09
** BOTTLES:  11
** LEVELS: 5,10,20,30,40,50,75,100,150,250,BTM
** STICKERS: 440008 - 440018
** VNET: Y
** DO2: N
# nquan = 22
# nvalues = 6591                        
# units = specified
# name 0 = scan: Scan Count
# name 1 = prDM: Pressure, Digiquartz [db]
# name 2 = t090C: Temperature [ITS-90, deg C]
# name 3 = t190C: Temperature, 2 [ITS-90, deg C]
# name 4 = c0S/m: Conductivity [S/m]
# name 5 = c1S/m: Conductivity, 2 [S/m]
# name 6 = sbeox0V: Oxygen raw, SBE 43 [V]
# name 7 = sbeox1V: Oxygen raw, SBE 43, 2 [V]
# name 8 = ph: pH
# name 9 = flECO-AFL: Fluorescence, WET Labs ECO-AFL/FL [mg/m^3]
# name 10 = wetCDOM: Fluorescence, WET Labs CDOM [mg/m^3]
# name 11 = par/sat/log: PAR/Logarithmic, Satlantic [umol photons/m^2/sec]
# name 12 = CStarAt0: Beam Attenuation, WET Labs C-Star [1/m]
# name 13 = CStarTr0: Beam Transmission, WET Labs C-Star [%]
# name 14 = sbeox0ML/L: Oxygen, SBE 43 [ml/l], WS = 2
# name 15 = sbeox1ML/L: Oxygen, SBE 43, 2 [ml/l], WS = 2
# name 16 = sal00: Salinity, Practical [PSU]
# name 17 = sal11: Salinity, Practical, 2 [PSU]
# name 18 = sigma-t00: Density [sigma-t, kg/m^3 ]
# name 19 = sigma-t11: Density, 2 [sigma-t, kg/m^3 ]
# name 20 = oxsatML/L: Oxygen Saturation, Weiss [ml/l]
# name 21 = flag: flag
# span 0 =        222,      53839       
# span 1 =      0.191,    335.245       
# span 2 =     0.7390,     3.2817       
# span 3 =     0.7285,     3.2770       
# span 4 =   2.360299,   3.173744       
# span 5 =   1.710947,   3.173213       
# span 6 =     1.8282,     2.2140       
# span 7 =     2.1452,     2.6237       
# span 8 =      8.033,      8.149       
# span 9 =     0.8850,     4.1409       
# span 10 =    -2.8130,   482.1870      
# span 11 = 1.0690e-01, 9.4709e+01      
# span 12 =     0.0810,     1.6923      
# span 13 =    65.5025,    97.9944      
# span 14 =     6.0273,     8.0153      
# span 15 =     6.0910,     7.9259      
# span 16 =    26.1834,    34.6043      
# span 17 =    18.4345,    34.6024      
# span 18 =    20.9186,    27.5431      
# span 19 =    14.7254,    27.5419      
# span 20 =    7.41352,    8.11678      
# span 21 = 0.0000e+00, 0.0000e+00      
# interval = scans: 3                   
# start_time = Nov 28 2020 14:19:24 [System UTC, header]
# bad_flag = -9.990e-29
*END*
[from data line 4544]
      19535    206.515     2.8320     2.8627   3.113392   3.116368     1.9309     2.2746      8.078     0.9765    10.7283 1.0715e-01     0.0917    97.7336     6.4666     6.5442    34.4203    34.4238    27.4374    27.4375    7.50668 0.0000e+00
      19538    206.428     2.8316     2.8588   3.113407   3.116205     1.9304     2.2750      8.081     0.9765    10.2151 1.0715e-01     0.0913    97.7423     6.4657     6.5492    34.4209    34.4261    27.4380    27.4397    7.50671 0.0000e+00
      19541    206.340     2.8314     2.8579   3.113221   3.115928     1.9313     2.2737      8.080     0.9663    10.2546 1.0715e-01     0.0913    97.7423     6.4739     6.5432    34.4190    34.4236    27.4364    27.4378    7.50686 0.0000e+00
      19544    206.256     2.8298     2.8504   3.113088   3.114928     1.9309     2.2746      8.078     0.9663    10.2151 1.0715e-01     0.0913    97.7423     6.4764     6.5488    34.4190    34.4196    27.4366    27.4352    7.50714 0.0000e+00
      19547    206.176     2.8281     2.8431   3.112830   3.114351     1.9304     2.2742      8.080     0.9562    10.2940 1.0715e-01     0.0917    97.7336     6.4808     6.5514    34.4177    34.4203    27.4357    27.4364    7.50753 0.0000e+00
      19550    206.099     2.8236     2.8401   3.112293   3.114012     1.9313     2.2742      8.078     0.9663    10.2151 1.0715e-01     0.0917    97.7336     6.4876     6.5522    34.4160    34.4195    27.4348    27.4361    7.50846 0.0000e+00
      19553    206.021     2.8223     2.8398   3.112136   3.114047     1.9309     2.2742      8.081     0.9663    10.2546 1.0715e-01     0.0917    97.7336     6.4868     6.5527    34.4155    34.4202    27.4345    27.4367    7.50874 0.0000e+00
      19556    205.947     2.8202     2.8410   3.111879   3.114259     1.9309     2.2742      8.081     0.9765   350.9981 1.0727e-01     0.0910    97.7510     6.4834     6.5514    34.4147    34.4215    27.4341    27.4376    7.50918 0.0000e+00
      19559    205.876     2.8204     2.8408   3.111976   3.114080     1.9300     2.2737      8.081     0.9460   482.0291 1.0715e-01     0.0917    97.7336     6.4772     6.5479    34.4157    34.4196    27.4348    27.4362    7.50909 0.0000e+00
      19562    205.805     2.8198     2.8418   3.111759   3.114208     1.9309     2.2746      8.078     0.9562   481.0026 1.0715e-01     0.0913    97.7423     6.4819     6.5532    34.4137    34.4202    27.4333    27.4365    7.50930 0.0000e+00
      19565    205.735     2.8198     2.8502   3.111678   3.115313     1.9317     2.2737      8.080     0.9765   481.3184 1.0715e-01     0.0913    97.7423     6.4849     6.5513    34.4128    34.4247    27.4325    27.4394    7.50935 0.0000e+00
      19568    205.669     2.8197     2.8469   3.111713   3.114743     1.9309     2.2742      8.080     0.9562   481.2790 1.0715e-01     0.0917    97.7336     6.4835     6.5552    34.4134    34.4213    27.4330    27.4369    7.50935 0.0000e+00
      19571    205.605     2.8191     2.8443   3.111706   3.114235     1.9313     2.2746      8.081     0.9562   481.3184 1.0727e-01     0.0910    97.7510     6.4860     6.5594    34.4139    34.4179    27.4335    27.4345    7.50943 0.0000e+00
      19574    205.540     2.8206     2.8394   3.111765   3.114120     1.9304     2.2737      8.080     0.9663   481.2790 1.0715e-01     0.0903    97.7684     6.4807     6.5558    34.4130    34.4218    27.4326    27.4380    7.50918 0.0000e+00
      19577    205.477     2.8168     2.8441   3.111436   3.114638     1.9309     2.2733      8.081     0.9562   481.3184 1.0715e-01     0.0903    97.7684     6.4848     6.5548    34.4131    34.4231    27.4331    27.4386    7.50990 0.0000e+00
      19580    205.415     2.8157     2.8339   3.111425   3.113647     1.9300     2.2733      8.080     0.9765   453.2488 1.0715e-01     0.0903    97.7684     6.4789     6.5570    34.4142    34.4220    27.4340    27.4386    7.51005 0.0000e+00
      19583    205.354     2.8161     2.8406   3.111753   3.114701     1.9309     2.2737      8.083     0.9663    36.7450 1.0727e-01     0.0903    97.7684     6.4794     6.5546    34.4178    34.4277    27.4369    27.4426    7.50980 0.0000e+00
      19586    205.290     2.8304     2.8611   3.113064   3.116560     1.9309     2.2746      8.083     0.9663    14.3209 1.0715e-01     0.0906    97.7597     6.4749     6.5536    34.4187    34.4285    27.4363    27.4414    7.50705 0.0000e+00
      19589    205.229     2.8328     2.8643   3.113226   3.116677     1.9304     2.2746      8.080     0.9460    15.2289 1.0727e-01     0.0903    97.7684     6.4751     6.5534    34.4181    34.4266    27.4356    27.4396    7.50663 0.0000e+00
      19592    205.169     2.8363     2.8615   3.113757   3.116218     1.9317     2.2750      8.083     0.9765    15.1894 1.0715e-01     0.0906    97.7597     6.4820     6.5568    34.4209    34.4240    27.4376    27.4378    7.50583 0.0000e+00
      19595    205.105     2.8362     2.8579   3.113445   3.115953     1.9309     2.2742      8.081     0.9765    15.1894 1.0727e-01     0.0910    97.7510     6.4796     6.5550    34.4172    34.4247    27.4346    27.4386    7.50603 0.0000e+00
      19598    205.039     2.8302     2.8560   3.112783   3.115732     1.9309     2.2742      8.083     0.9663    15.1894 1.0715e-01     0.0906    97.7597     6.4805     6.5556    34.4155    34.4240    27.4338    27.4382    7.50725 0.0000e+00
      19601    204.970     2.8259     2.8562   3.112192   3.115905     1.9304     2.2742      8.081     0.9663    15.1894 1.0715e-01     0.0906    97.7597     6.4796     6.5534    34.4130    34.4259    27.4321    27.4398    7.50819 0.0000e+00
      19604    204.898     2.8192     2.8594   3.111680   3.116118     1.9300     2.2742      8.083     0.9562    15.1894 1.0715e-01     0.0906    97.7597     6.4792     6.5519    34.4139    34.4252    27.4334    27.4389    7.50940 0.0000e+00
      19607    204.825     2.8219     2.8590   3.112448   3.116078     1.9300     2.2733      8.083     0.9562   134.4556 1.0715e-01     0.0906    97.7597     6.4759     6.5475    34.4205    34.4252    27.4385    27.4389    7.50857 0.0000e+00
      19610    204.745     2.8332     2.8578   3.113543   3.115984     1.9309     2.2737      8.083     0.9663   482.1870 1.0715e-01     0.0906    97.7597     6.4799     6.5498    34.4218    34.4253    27.4385    27.4392    7.50636 0.0000e+00
      19613    204.661     2.8298     2.8577   3.113075   3.115689     1.9313     2.2746      8.083     0.9663   480.7263 1.0715e-01     0.0896    97.7858     6.4833     6.5536    34.4198    34.4219    27.4372    27.4365    7.50711 0.0000e+00
      19616    204.570     2.8271     2.8555   3.112414   3.115176     1.9309     2.2746      8.083     0.9663   481.3184 1.0715e-01     0.0899    97.7771     6.4830     6.5552    34.4146    34.4180    27.4333    27.4335    7.50788 0.0000e+00
      19619    204.474     2.8207     2.8519   3.111397   3.114953     1.9309     2.2742      8.083     0.9663   481.2790 1.0715e-01     0.0896    97.7858     6.4874     6.5547    34.4091    34.4192    27.4295    27.4348    7.50937 0.0000e+00
      19622    204.372     2.8118     2.8492   3.110525   3.114747     1.9300     2.2737      8.083     0.9663   481.3184 1.0727e-01     0.0896    97.7858     6.4838     6.5519    34.4079    34.4196    27.4294    27.4354    7.51111 0.0000e+00
      19625    204.267     2.8100     2.8442   3.110434   3.113889     1.9313     2.2742      8.083     0.9562   481.3579 1.0715e-01     0.0896    97.7858     6.4902     6.5547    34.4088    34.4145    27.4303    27.4318    7.51141 0.0000e+00
      19628    204.155     2.8096     2.8273   3.110315   3.111813     1.9304     2.2746      8.083     0.9663   481.3184 1.0727e-01     0.0899    97.7771     6.4851     6.5593    34.4078    34.4073    27.4295    27.4275    7.51152 0.0000e+00
      19631    204.039     2.8071     2.8187   3.109904   3.111036     1.9309     2.2746      8.083     0.9663   481.3579 1.0715e-01     0.0906    97.7597     6.4863     6.5584    34.4056    34.4070    27.4279    27.4281    7.51212 0.0000e+00
      19634    203.916     2.8042     2.8118   3.109609   3.110419     1.9309     2.2746      8.083     0.9562   232.2057 1.0715e-01     0.0896    97.7858     6.4868     6.5582    34.4052    34.4069    27.4278    27.4286    7.51269 0.0000e+00
      19637    203.789     2.8034     2.8058   3.109588   3.109767     1.9313     2.2737      8.083     0.9562     2.4772 1.0715e-01     0.0903    97.7684     6.4931     6.5560    34.4058    34.4054    27.4284    27.4279    7.51280 0.0000e+00
      19640    203.659     2.8129     2.8053   3.111094   3.110006     1.9309     2.2742      8.083     0.9460    10.5704 1.0715e-01     0.0896    97.7858     6.4910     6.5597    34.4142    34.4089    27.4342    27.4308    7.51059 0.0000e+00
      19643    203.530     2.8135     2.8120   3.110845   3.111024     1.9313     2.2737      8.083     0.9358    10.0966 1.0715e-01     0.0896    97.7858     6.4932     6.5585    34.4105    34.4143    27.4312    27.4344    7.51065 0.0000e+00
      19646    203.402     2.8169     2.8212   3.111122   3.111898     1.9300     2.2742      8.083     0.9460    10.1756 1.0715e-01     0.0899    97.7771     6.4871     6.5602    34.4104    34.4152    27.4309    27.4344    7.51003 0.0000e+00
      19649    203.267     2.8158     2.8244   3.110904   3.111726     1.9309     2.2737      8.083     0.9358    10.2151 1.0715e-01     0.0899    97.7771     6.4907     6.5576    34.4089    34.4098    27.4298    27.4297    7.51030 0.0000e+00
      19652    203.127     2.8080     2.8132   3.109774   3.109997     1.9309     2.2737      8.083     0.9155    10.1361 1.0715e-01     0.0899    97.7771     6.4951     6.5622    34.4035    34.4006    27.4261    27.4234    7.51204 0.0000e+00
      19655    202.980     2.8013     2.8030   3.109192   3.109061     1.9313     2.2733      8.083     0.9257    10.1756 1.0715e-01     0.0896    97.7858     6.4975     6.5666    34.4036    34.4002    27.4268    27.4240    7.51330 0.0000e+00
      19658    202.828     2.7998     2.7970   3.109092   3.108654     1.9317     2.2746      8.083     0.9460    10.0966 1.0715e-01     0.0896    97.7858     6.5013     6.5758    34.4041    34.4017    27.4274    27.4257    7.51357 0.0000e+00
      19661    202.678     2.7996     2.7956   3.109056   3.108589     1.9325     2.2742      8.083     0.9257   388.6217 1.0715e-01     0.0896    97.7858     6.5042     6.5760    34.4039    34.4025    27.4272    27.4265    7.51361 0.0000e+00
      19664    202.528     2.7997     2.7955   3.109038   3.108561     1.9313     2.2746      8.083     0.9765   481.9106 1.0715e-01     0.0896    97.7858     6.4995     6.5797    34.4037    34.4024    27.4271    27.4264    7.51361 0.0000e+00
      19667    202.376     2.7995     2.7953   3.109038   3.108530     1.9313     2.2746      8.083     1.0071   481.0026 1.0715e-01     0.0896    97.7858     6.4997     6.5811    34.4040    34.4023    27.4273    27.4263    7.51362 0.0000e+00
      19670    202.220     2.7993     2.7952   3.109009   3.108528     1.9317     2.2750      8.083     0.9867   481.3184 1.0727e-01     0.0899    97.7771     6.5004     6.5830    34.4039    34.4025    27.4273    27.4265    7.51367 0.0000e+00
      19673    202.065     2.7994     2.7954   3.108974   3.108563     1.9317     2.2746      8.081     0.9765   481.3184 1.0715e-01     0.0906    97.7597     6.4965     6.5816    34.4035    34.4027    27.4269    27.4267    7.51368 0.0000e+00
      19676    201.910     2.7994     2.7952   3.108981   3.108484     1.9325     2.2754      8.083     0.9969   481.3579 1.0715e-01     0.0906    97.7597     6.5016     6.5859    34.4036    34.4021    27.4270    27.4262    7.51366 0.0000e+00
      19679    201.754     2.7990     2.7948   3.108884   3.108430     1.9317     2.2758      8.083     1.0071   481.2790 1.0727e-01     0.0906    97.7597     6.4959     6.5856    34.4030    34.4019    27.4266    27.4261    7.51378 0.0000e+00
      19682    201.604     2.7980     2.7946   3.108757   3.108386     1.9325     2.2754      8.083     0.9969   481.2790 1.0715e-01     0.0906    97.7597     6.4987     6.5829    34.4026    34.4017    27.4263    27.4259    7.51399 0.0000e+00
      19685    201.449     2.7973     2.7942   3.108656   3.108321     1.9317     2.2754      8.083     0.9969   428.5350 1.0715e-01     0.0906    97.7597     6.4960     6.5822    34.4022    34.4014    27.4261    27.4257    7.51413 0.0000e+00
      19688    201.297     2.7965     2.7936   3.108601   3.108262     1.9321     2.2762      8.083     0.9969    23.2037 1.0727e-01     0.0906    97.7597     6.4960     6.5825    34.4024    34.4014    27.4263    27.4257    7.51427 0.0000e+00
      19691    201.148     2.7959     2.7932   3.108538   3.108204     1.9325     2.2758      8.083     0.9765    16.6896 1.0727e-01     0.0913    97.7423     6.4921     6.5783    34.4024    34.4012    27.4264    27.4257    7.51439 0.0000e+00
      19694    200.998     2.7957     2.7932   3.108514   3.108224     1.9317     2.2762      8.083     0.9765    16.8871 1.0715e-01     0.0906    97.7597     6.4857     6.5775    34.4024    34.4015    27.4263    27.4259    7.51442 0.0000e+00
      19697    200.855     2.7954     2.7931   3.108454   3.108169     1.9321     2.2762      8.083     0.9663    16.8476 1.0715e-01     0.0906    97.7597     6.4873     6.5769    34.4021    34.4011    27.4262    27.4256    7.51451 0.0000e+00
      19700    200.712     2.7953     2.7923   3.108470   3.108092     1.9337     2.2770      8.083     0.9562    16.8476 1.0715e-01     0.0906    97.7597     6.4928     6.5776    34.4024    34.4010    27.4265    27.4256    7.51450 0.0000e+00
      19703    200.576     2.7952     2.7923   3.108465   3.108108     1.9321     2.2758      8.083     0.9663    16.8476 1.0715e-01     0.0906    97.7597     6.4869     6.5716    34.4025    34.4013    27.4265    27.4258    7.51451 0.0000e+00
      19706    200.443     2.7947     2.7927   3.108370   3.108144     1.9325     2.2770      8.083     0.9765    16.8476 1.0715e-01     0.0906    97.7597     6.4885     6.5761    34.4020    34.4014    27.4261    27.4259    7.51463 0.0000e+00
      19709    200.313     2.7942     2.7923   3.108335   3.108052     1.9321     2.2762      8.083     0.9765    16.8476 1.0715e-01     0.0906    97.7597     6.4861     6.5706    34.4022    34.4008    27.4263    27.4254    7.51472 0.0000e+00
      19712    200.187     2.7942     2.7915   3.108307   3.107988     1.9313     2.2758      8.083     0.9460   174.8032 1.0715e-01     0.0903    97.7684     6.4803     6.5671    34.4020    34.4009    27.4262    27.4256    7.51474 0.0000e+00
      19715    200.068     2.7929     2.7915   3.108152   3.107947     1.9309     2.2758      8.083     0.9663   482.1870 1.0727e-01     0.0899    97.7771     6.4760     6.5656    34.4015    34.4004    27.4259    27.4252    7.51501 0.0000e+00
      19718    199.951     2.7931     2.7914   3.108213   3.107950     1.9321     2.2762      8.083     0.9257   481.0421 1.0715e-01     0.0896    97.7858     6.4819     6.5657    34.4020    34.4007    27.4263    27.4254    7.51493 0.0000e+00
      19721    199.840     2.7933     2.7925   3.108225   3.108198     1.9321     2.2770      8.083     0.9358   481.2790 1.0715e-01     0.0899    97.7771     6.4798     6.5667    34.4021    34.4026    27.4263    27.4268    7.51490 0.0000e+00
      19724    199.734     2.7921     2.7964   3.107980   3.108577     1.9317     2.2762      8.083     0.9358   481.3184 1.0715e-01     0.0899    97.7771     6.4814     6.5634    34.4004    34.4031    27.4252    27.4269    7.51522 0.0000e+00
      19727    199.631     2.7911     2.7965   3.107974   3.108543     1.9325     2.2758      8.083     0.9358   481.3184 1.0715e-01     0.0896    97.7858     6.4869     6.5628    34.4014    34.4026    27.4260    27.4265    7.51534 0.0000e+00
