Datasets/AZMP/HUD120/hud120_2020_052.cnv
* Sea-Bird SBE 9 Data File:
* FileName = C:\CTDDATA\hud120_2020_052.hex
* Software Version Seasave V 7.26.7.110
* Temperature SN = 1697
* Conductivity SN = 4216
* Number of Bytes Per Scan = 30
* Number of Voltage Words = 4
* Number of Scans Averaged by the Deck Unit = 1
* NMEA baud rate = 4800
** VESSEL/TRIP/SEQ STN:  hud120_2020_052
** LATITUDE XX XX.XX: 47 00.00 N
** LONGITUDE XX XX.XX: 044 05.00 W
** SOUNDING DEPTH (M): 0334
** PROBE TYPE: S1146
** CTD NUMBER: 031
** FORMAT: V
** COMMENTS (14 CHAR): FC-30
** BOTTLES:  0
** LEVELS:
** STICKERS:
** VNET: N
** DO2: N
# nquan = 22
# nvalues = 5137                        
# units = specified
# name 0 = scan: Scan Count
# name 1 = prDM: Pressure, Digiquartz [db]
# name 2 = t090C: Temperature [ITS-90, deg C]
# name 3 = t190C: Temperature, 2 [ITS-90, deg C]
# name 4 = c0S/m: Conductivity [S/m]
# name 5 = c1S/m: Conductivity, 2 [S/m]
# name 6 = sbeox0V: Oxygen raw, SBE 43 [V]
# name 7 = sbeox1V: Oxygen raw, SBE 43, 2 [V]
# name 8 = ph: pH
# name 9 = flECO-AFL: Fluorescence, WET Labs ECO-AFL/FL [mg/m^3]
# name 10 = wetCDOM: Fluorescence, WET Labs CDOM [mg/m^3]
# name 11 = par/sat/log: PAR/Logarithmic, Satlantic [umol photons/m^2/sec]
# name 12 = CStarAt0: Beam Attenuation, WET Labs C-Star [1/m]
# name 13 = CStarTr0: Beam Transmission, WET Labs C-Star [%]
# name 14 = sbeox0ML/L: Oxygen, SBE 43 [ml/l], WS = 2
# name 15 = sbeox1ML/L: Oxygen, SBE 43, 2 [ml/l], WS = 2
# name 16 = sal00: Salinity, Practical [PSU]
# name 17 = sal11: Salinity, Practical, 2 [PSU]
# name 18 = sigma-t00: Density [sigma-t, kg/m^3 ]
# name 19 = sigma-t11: Density, 2 [sigma-t, kg/m^3 ]
# name 20 = oxsatML/L: Oxygen Saturation, Weiss [ml/l]
# name 21 = flag: flag
# span 0 =         91,      19733       
# span 1 =      1.875,    330.729       
# span 2 =     4.2124,     7.2178       
# span 3 =     4.2079,     7.2141       
# span 4 =   3.277118,   3.428615       
# span 5 =   3.276645,   3.426447       
# span 6 =     1.7669,     2.2144       
# span 7 =     2.1016,     2.6696       
# span 8 =      7.953,      8.115       
# span 9 =     0.8544,     6.0640       
# span 10 =    -2.8130,   482.1870      
# span 11 = 1.0605e-01, 2.0384e-01      
# span 12 =     0.0768,     0.3523      
# span 13 =    91.5708,    98.0987      
# span 14 =     5.2880,     6.7917      
# span 15 =     5.4511,     7.0153      
# span 16 =    33.6120,    34.9223      
# span 17 =    33.6109,    34.9189      
# span 18 =    26.2976,    27.6616      
# span 19 =    26.2968,    27.6671      
# span 20 =    6.78781,    7.23247      
# span 21 = 0.0000e+00, 0.0000e+00      
# interval = scans: 3                   
# start_time = Nov 23 2020 01:07:02 [System UTC, header]
# bad_flag = -9.990e-29
*END*
[from data line 2700]
       9877    327.897     4.2144     4.2094   3.278047   3.277620     1.8461     2.2003      7.953     0.9358     5.6355 1.0727e-01     0.1110    97.2642     5.9496     6.1297    34.8631    34.8633    27.6546    27.6553    7.23215 0.0000e+00
       9880    327.975     4.2141     4.2094   3.278052   3.277586     1.8465     2.2002      7.953     0.9358    10.0966 1.0752e-01     0.1110    97.2642     5.9520     6.1300    34.8635    34.8629    27.6549    27.6550    7.23219 0.0000e+00
       9883    328.055     4.2142     4.2093   3.278048   3.277605     1.8469     2.2019      7.953     0.9358    10.7678 1.0740e-01     0.1117    97.2469     5.9549     6.1368    34.8633    34.8632    27.6547    27.6552    7.23217 0.0000e+00
       9886    328.140     4.2142     4.2093   3.278062   3.277619     1.8465     2.2015      7.953     0.9155    10.7283 1.0752e-01     0.1117    97.2469     5.9522     6.1359    34.8634    34.8634    27.6549    27.6553    7.23217 0.0000e+00
       9889    328.228     4.2138     4.2092   3.278037   3.277606     1.8457     2.2003      7.953     0.9053    10.6888 1.0740e-01     0.1113    97.2555     5.9488     6.1331    34.8634    34.8633    27.6549    27.6553    7.23223 0.0000e+00
       9892    328.320     4.2135     4.2093   3.278027   3.277620     1.8465     2.2007      7.953     0.9053    10.6888 1.0740e-01     0.1120    97.2382     5.9536     6.1346    34.8636    34.8632    27.6551    27.6552    7.23228 0.0000e+00
       9895    328.414     4.2133     4.2091   3.278026   3.277589     1.8461     2.2007      7.953     0.8850    10.8073 1.0752e-01     0.1113    97.2555     5.9505     6.1343    34.8638    34.8631    27.6553    27.6552    7.23230 0.0000e+00
       9898    328.506     4.2136     4.2089   3.278051   3.277542     1.8465     2.2007      7.953     0.9053    10.6888 1.0740e-01     0.1117    97.2469     5.9500     6.1343    34.8637    34.8626    27.6552    27.6548    7.23226 0.0000e+00
       9901    328.598     4.2137     4.2085   3.278034   3.277562     1.8465     2.2007      7.953     0.8850    10.7283 1.0727e-01     0.1113    97.2555     5.9497     6.1371    34.8634    34.8632    27.6549    27.6553    7.23226 0.0000e+00
       9904    328.693     4.2136     4.2085   3.278020   3.277568     1.8469     2.2007      7.953     0.8952     8.9123 1.0740e-01     0.1110    97.2642     5.9508     6.1354    34.8633    34.8632    27.6548    27.6553    7.23229 0.0000e+00
       9907    328.784     4.2133     4.2087   3.278029   3.277549     1.8461     2.2007      7.953     0.8952    -0.3258 1.0752e-01     0.1106    97.2729     5.9486     6.1369    34.8636    34.8628    27.6551    27.6550    7.23231 0.0000e+00
       9910    328.879     4.2136     4.2086   3.278034   3.277571     1.8465     2.2007      7.953     0.9053    -0.2074 1.0752e-01     0.1110    97.2642     5.9509     6.1396    34.8634    34.8631    27.6549    27.6552    7.23229 0.0000e+00
       9913    328.968     4.2134     4.2087   3.278047   3.277582     1.8469     2.2007      7.953     0.8952    -0.2074 1.0740e-01     0.1110    97.2642     5.9520     6.1421    34.8636    34.8631    27.6551    27.6552    7.23230 0.0000e+00
       9916    329.058     4.2137     4.2088   3.278089   3.277606     1.8461     2.2007      7.953     0.9155    -0.2074 1.0727e-01     0.1110    97.2642     5.9484     6.1407    34.8638    34.8632    27.6552    27.6552    7.23224 0.0000e+00
       9919    329.147     4.2138     4.2091   3.278093   3.277641     1.8457     2.2007      7.953     0.8952    -0.2074 1.0752e-01     0.1110    97.2642     5.9455     6.1422    34.8637    34.8633    27.6551    27.6553    7.23223 0.0000e+00
       9922    329.235     4.2139     4.2093   3.278089   3.277665     1.8461     2.2007      7.953     0.8952    -0.2074 1.0752e-01     0.1113    97.2555     5.9471     6.1434    34.8634    34.8633    27.6549    27.6553    7.23222 0.0000e+00
       9925    329.316     4.2138     4.2093   3.278081   3.277652     1.8465     2.2015      7.953     0.9053    -0.2074 1.0752e-01     0.1131    97.2121     5.9512     6.1455    34.8634    34.8631    27.6549    27.6551    7.23223 0.0000e+00
       9928    329.394     4.2139     4.2090   3.278082   3.277630     1.8461     2.2011      7.953     0.8952    -0.2074 1.0740e-01     0.1124    97.2295     5.9507     6.1449    34.8633    34.8631    27.6548    27.6552    7.23223 0.0000e+00
       9931    329.467     4.2139     4.2089   3.278088   3.277606     1.8469     2.2011      7.953     0.9053   204.5704 1.0740e-01     0.1127    97.2208     5.9569     6.1458    34.8633    34.8629    27.6548    27.6550    7.23222 0.0000e+00
       9934    329.535     4.2138     4.2090   3.278074   3.277625     1.8453     2.2015      7.953     0.8952   482.1870 1.0752e-01     0.1120    97.2382     5.9509     6.1460    34.8633    34.8629    27.6548    27.6551    7.23225 0.0000e+00
       9937    329.596     4.2137     4.2093   3.278067   3.277635     1.8469     2.2011      7.953     0.8952   481.1606 1.0740e-01     0.1124    97.2295     5.9606     6.1440    34.8632    34.8628    27.6547    27.6549    7.23226 0.0000e+00
       9940    329.653     4.2139     4.2091   3.278084   3.277630     1.8461     2.2011      7.953     0.9053   481.3579 1.0727e-01     0.1127    97.2208     5.9591     6.1434    34.8632    34.8629    27.6547    27.6550    7.23224 0.0000e+00
       9943    329.705     4.2136     4.2093   3.278071   3.277643     1.8461     2.2019      7.953     0.9053   481.3579 1.0752e-01     0.1124    97.2295     5.9579     6.1436    34.8633    34.8628    27.6548    27.6550    7.23228 0.0000e+00
       9946    329.746     4.2139     4.2094   3.278100   3.277654     1.8465     2.2015      7.953     0.8952   481.3579 1.0752e-01     0.1120    97.2382     5.9583     6.1399    34.8633    34.8628    27.6548    27.6549    7.23222 0.0000e+00
       9949    329.780     4.2138     4.2094   3.278091   3.277646     1.8469     2.2011      7.953     0.9053   481.3184 1.0727e-01     0.1120    97.2382     5.9593     6.1390    34.8633    34.8627    27.6548    27.6548    7.23225 0.0000e+00
      10019    329.822     4.2140     4.2093   3.278121   3.277680     1.8465     2.2007      7.953     0.8952   164.7360 1.0740e-01     0.1113    97.2555     5.9494     6.1408    34.8634    34.8631    27.6548    27.6552    7.23220 0.0000e+00
      10055    329.916     4.2142     4.2094   3.278149   3.277684     1.8461     2.1995      7.953     0.9155     6.4251 1.0752e-01     0.1110    97.2642     5.9426     6.1396    34.8635    34.8630    27.6549    27.6551    7.23217 0.0000e+00
      10058    330.017     4.2144     4.2094   3.278172   3.277688     1.8461     2.2007      7.953     0.9155     6.4251 1.0752e-01     0.1110    97.2642     5.9447     6.1464    34.8635    34.8631    27.6549    27.6551    7.23213 0.0000e+00
      10061    330.122     4.2143     4.2094   3.278169   3.277703     1.8465     2.2011      7.953     0.9053    71.2892 1.0740e-01     0.1110    97.2642     5.9475     6.1489    34.8635    34.8631    27.6550    27.6552    7.23215 0.0000e+00
      10064    330.225     4.2140     4.2096   3.278164   3.277682     1.8461     2.2015      7.953     0.8850   469.1984 1.0752e-01     0.1110    97.2642     5.9455     6.1489    34.8637    34.8627    27.6551    27.6548    7.23219 0.0000e+00
      10067    330.325     4.2137     4.2095   3.278160   3.277707     1.8465     2.2003      7.953     0.8952   481.5159 1.0752e-01     0.1113    97.2555     5.9507     6.1451    34.8639    34.8630    27.6553    27.6550    7.23223 0.0000e+00
      10070    330.420     4.2138     4.2095   3.278146   3.277712     1.8457     2.2015      7.953     0.8952   481.2395 1.0727e-01     0.1110    97.2642     5.9495     6.1486    34.8636    34.8630    27.6551    27.6550    7.23223 0.0000e+00
      10073    330.503     4.2136     4.2096   3.278142   3.277719     1.8461     2.2007      7.953     0.8952   481.3579 1.0740e-01     0.1110    97.2642     5.9515     6.1468    34.8637    34.8629    27.6552    27.6550    7.23226 0.0000e+00
      10076    330.580     4.2138     4.2097   3.278142   3.277708     1.8461     2.2015      7.953     0.8850   481.3579 1.0740e-01     0.1110    97.2642     5.9488     6.1496    34.8635    34.8627    27.6550    27.6548    7.23224 0.0000e+00
      10079    330.643     4.2138     4.2093   3.278131   3.277701     1.8457     2.2015      7.953     0.9155   481.3579 1.0752e-01     0.1113    97.2555     5.9474     6.1496    34.8633    34.8630    27.6548    27.6550    7.23224 0.0000e+00
      10082    330.692     4.2139     4.2090   3.278138   3.277709     1.8465     2.2015      7.953     0.9053   481.3579 1.0740e-01     0.1113    97.2555     5.9513     6.1479    34.8633    34.8634    27.6548    27.6554    7.23223 0.0000e+00
      10085    330.729     4.2136     4.2091   3.278123   3.277698     1.8453     2.2015      7.953     0.9053   481.3579 1.0740e-01     0.1120    97.2382     5.9444     6.1473    34.8633    34.8631    27.6549    27.6552    7.23227 0.0000e+00
      10096    330.728     4.2140     4.2096   3.278159   3.277734     1.8465     2.2019      7.953     0.9053     4.9644 1.0740e-01     0.1120    97.2382     5.9445     6.1484    34.8634    34.8630    27.6549    27.6550    7.23221 0.0000e+00
      10099    330.692     4.2142     4.2096   3.278171   3.277738     1.8449     2.2011      7.953     0.9053     4.8854 1.0740e-01     0.1120    97.2382     5.9401     6.1458    34.8633    34.8630    27.6548    27.6551    7.23217 0.0000e+00
      10102    330.642     4.2146     4.2098   3.278181   3.277741     1.8461     2.2027      7.953     0.9155     4.8854 1.0727e-01     0.1120    97.2382     5.9474     6.1525    34.8630    34.8629    27.6545    27.6549    7.23211 0.0000e+00
      10105    330.575     4.2144     4.2098   3.278182   3.277736     1.8461     2.2019      7.953     0.9053     4.8854 1.0752e-01     0.1120    97.2382     5.9489     6.1487    34.8633    34.8628    27.6547    27.6549    7.23213 0.0000e+00
      10108    330.498     4.2143     4.2098   3.278153   3.277719     1.8453     2.2019      7.953     0.9155     4.8854 1.0752e-01     0.1120    97.2382     5.9484     6.1497    34.8631    34.8627    27.6547    27.6548    7.23217 0.0000e+00
      10111    330.412     4.2145     4.2098   3.278180   3.277728     1.8453     2.2027      7.953     0.8952     4.8854 1.0740e-01     0.1120    97.2382     5.9475     6.1531    34.8633    34.8629    27.6548    27.6549    7.23212 0.0000e+00
      10114    330.312     4.2146     4.2099   3.278154   3.277728     1.8445     2.2023      7.953     0.9155   158.0641 1.0740e-01     0.1120    97.2382     5.9417     6.1513    34.8629    34.8628    27.6544    27.6549    7.23212 0.0000e+00
      10117    330.206     4.2146     4.2098   3.278160   3.277708     1.8445     2.2011      7.953     0.9155   482.1870 1.0752e-01     0.1120    97.2382     5.9421     6.1456    34.8630    34.8628    27.6545    27.6549    7.23211 0.0000e+00
      10120    330.094     4.2148     4.2099   3.278142   3.277738     1.8465     2.2023      7.953     0.9053   481.0026 1.0740e-01     0.1117    97.2469     5.9555     6.1499    34.8626    34.8631    27.6542    27.6551    7.23210 0.0000e+00
      10123    329.977     4.2146     4.2099   3.278166   3.277747     1.8465     2.2031      7.953     0.9155   481.3184 1.0752e-01     0.1113    97.2555     5.9592     6.1530    34.8633    34.8632    27.6547    27.6552    7.23211 0.0000e+00
      10126    329.858     4.2149     4.2100   3.278175   3.277734     1.8465     2.2023      7.953     0.9053   481.3579 1.0740e-01     0.1110    97.2642     5.9568     6.1487    34.8630    34.8630    27.6545    27.6550    7.23206 0.0000e+00
      10129    329.732     4.2150     4.2099   3.278165   3.277706     1.8465     2.2023      7.953     0.8952   481.3579 1.0740e-01     0.1110    97.2642     5.9568     6.1487    34.8629    34.8629    27.6544    27.6549    7.23205 0.0000e+00
      10132    329.607     4.2151     4.2098   3.278165   3.277694     1.8465     2.2027      7.953     0.8952   481.3579 1.0727e-01     0.1110    97.2642     5.9577     6.1500    34.8629    34.8629    27.6544    27.6549    7.23204 0.0000e+00
      10135    329.484     4.2149     4.2099   3.278161   3.277663     1.8457     2.2031      7.953     0.8850   481.3579 1.0740e-01     0.1110    97.2642     5.9513     6.1503    34.8631    34.8625    27.6546    27.6546    7.23206 0.0000e+00
      10138    329.362     4.2148     4.2097   3.278129   3.277663     1.8445     2.2023      7.953     0.8952   481.3579 1.0740e-01     0.1110    97.2642     5.9436     6.1481    34.8629    34.8627    27.6544    27.6548    7.23209 0.0000e+00
      10141    329.243     4.2148     4.2096   3.278120   3.277646     1.8457     2.2027      7.953     0.8952   191.3449 1.0740e-01     0.1110    97.2642     5.9431     6.1489    34.8629    34.8628    27.6544    27.6549    7.23209 0.0000e+00
      10144    329.135     4.2146     4.2098   3.278128   3.277655     1.8465     2.2031      7.953     0.8952    -2.8130 1.0740e-01     0.1120    97.2382     5.9452     6.1474    34.8632    34.8627    27.6547    27.6548    7.23211 0.0000e+00
      10147    329.032     4.2145     4.2098   3.278114   3.277656     1.8473     2.2031      7.953     0.9155     0.0295 1.0752e-01     0.1135    97.2034     5.9508     6.1465    34.8632    34.8628    27.6547    27.6549    7.23213 0.0000e+00
      10150    328.936     4.2144     4.2097   3.278114   3.277633     1.8449     2.2027      7.953     0.9257     0.1479 1.0752e-01     0.1131    97.2121     5.9400     6.1459    34.8633    34.8627    27.6548    27.6548    7.23213 0.0000e+00
      10153    328.850     4.2144     4.2096   3.278120   3.277611     1.8457     2.2027      7.953     0.9358     0.1479 1.0752e-01     0.1131    97.2121     5.9428     6.1426    34.8635    34.8626    27.6549    27.6547    7.23213 0.0000e+00
      10156    328.771     4.2147     4.2096   3.278103   3.277633     1.8461     2.2031      7.953     0.9358     0.1479 1.0752e-01     0.1131    97.2121     5.9461     6.1428    34.8630    34.8628    27.6545    27.6549    7.23210 0.0000e+00
      10159    328.703     4.2143     4.2096   3.278090   3.277615     1.8453     2.2023      7.953     0.9155     0.1479 1.0752e-01     0.1131    97.2121     5.9445     6.1395    34.8633    34.8627    27.6548    27.6548    7.23215 0.0000e+00
      10162    328.649     4.2145     4.2095   3.278083   3.277637     1.8457     2.2031      7.953     0.9460     0.1479 1.0740e-01     0.1135    97.2034     5.9445     6.1415    34.8631    34.8631    27.6546    27.6551    7.23214 0.0000e+00
      10165    328.606     4.2144     4.2094   3.278098   3.277613     1.8453     2.2031      7.953     0.9460     0.1479 1.0752e-01     0.1131    97.2121     5.9405     6.1407    34.8633    34.8629    27.6548    27.6550    7.23213 0.0000e+00
      10256    328.561     4.2143     4.2095   3.278090   3.277611     1.8461     2.2027      7.953     0.9460     2.7141 1.0752e-01     0.1120    97.2382     5.9481     6.1412    34.8634    34.8628    27.6548    27.6549    7.23215 0.0000e+00
      10434    328.434     4.2146     4.2097   3.278077   3.277614     1.8465     2.2032      7.953     0.9562    13.2945 1.0740e-01     0.1120    97.2382     5.9582     6.1470    34.8630    34.8627    27.6545    27.6548    7.23212 0.0000e+00
      10437    328.288     4.2145     4.2096   3.278063   3.277596     1.8465     2.2032      7.953     0.9053    12.8996 1.0752e-01     0.1117    97.2469     5.9575     6.1477    34.8630    34.8626    27.6545    27.6547    7.23214 0.0000e+00
      10440    328.149     4.2145     4.2096   3.278053   3.277606     1.8465     2.2032      7.953     0.8850    12.8996 1.0740e-01     0.1117    97.2469     5.9564     6.1466    34.8630    34.8629    27.6545    27.6550    7.23214 0.0000e+00
