Datasets/AZMP/HUD120/hud120_2020_094.cnv
* Sea-Bird SBE 9 Data File:
* FileName = C:\CTDDATA\hud120_2020_094.hex
* Software Version Seasave V 7.26.7.110
* Temperature SN = 1697
* Conductivity SN = 4216
* Number of Bytes Per Scan = 30
* Number of Voltage Words = 4
* Number of Scans Averaged by the Deck Unit = 1
* NMEA baud rate = 4800
** VESSEL/TRIP/SEQ STN:  hud120-2020_094
** LATITUDE XX XX.XX: 49 22.00 N
** LONGITUDE XX XX.XX: 051 01.00 W
** SOUNDING DEPTH (M): 0343
** PROBE TYPE: S1146
** CTD NUMBER: 071
** FORMAT: V
** COMMENTS (14 CHAR): BB-09
** BOTTLES:  11
** LEVELS: 5,10,20,30,40,50,75,100,150,250,BTM
** STICKERS: 440008 - 440018
** VNET: Y
** DO2: N
# nquan = 22
# nvalues = 6591                        
# units = specified
# name 0 = scan: Scan Count
# name 1 = prDM: Pressure, Digiquartz [db]
# name 2 = t090C: Temperature [ITS-90, deg C]
# name 3 = t190C: Temperature, 2 [ITS-90, deg C]
# name 4 = c0S/m: Conductivity [S/m]
# name 5 = c1S/m: Conductivity, 2 [S/m]
# name 6 = sbeox0V: Oxygen raw, SBE 43 [V]
# name 7 = sbeox1V: Oxygen raw, SBE 43, 2 [V]
# name 8 = ph: pH
# name 9 = flECO-AFL: Fluorescence, WET Labs ECO-AFL/FL [mg/m^3]
# name 10 = wetCDOM: Fluorescence, WET Labs CDOM [mg/m^3]
# name 11 = par/sat/log: PAR/Logarithmic, Satlantic [umol photons/m^2/sec]
# name 12 = CStarAt0: Beam Attenuation, WET Labs C-Star [1/m]
# name 13 = CStarTr0: Beam Transmission, WET Labs C-Star [%]
# name 14 = sbeox0ML/L: Oxygen, SBE 43 [ml/l], WS = 2
# name 15 = sbeox1ML/L: Oxygen, SBE 43, 2 [ml/l], WS = 2
# name 16 = sal00: Salinity, Practical [PSU]
# name 17 = sal11: Salinity, Practical, 2 [PSU]
# name 18 = sigma-t00: Density [sigma-t, kg/m^3 ]
# name 19 = sigma-t11: Density, 2 [sigma-t, kg/m^3 ]
# name 20 = oxsatML/L: Oxygen Saturation, Weiss [ml/l]
# name 21 = flag: flag
# span 0 =        222,      53839       
# span 1 =      0.191,    335.245       
# span 2 =     0.7390,     3.2817       
# span 3 =     0.7285,     3.2770       
# span 4 =   2.360299,   3.173744       
# span 5 =   1.710947,   3.173213       
# span 6 =     1.8282,     2.2140       
# span 7 =     2.1452,     2.6237       
# span 8 =      8.033,      8.149       
# span 9 =     0.8850,     4.1409       
# span 10 =    -2.8130,   482.1870      
# span 11 = 1.0690e-01, 9.4709e+01      
# span 12 =     0.0810,     1.6923      
# span 13 =    65.5025,    97.9944      
# span 14 =     6.0273,     8.0153      
# span 15 =     6.0910,     7.9259      
# span 16 =    26.1834,    34.6043      
# span 17 =    18.4345,    34.6024      
# span 18 =    20.9186,    27.5431      
# span 19 =    14.7254,    27.5419      
# span 20 =    7.41352,    8.11678      
# span 21 = 0.0000e+00, 0.0000e+00      
# interval = scans: 3                   
# start_time = Nov 28 2020 14:19:24 [System UTC, header]
# bad_flag = -9.990e-29
*END*
[from data line 4280]
      18725    234.913     3.1929     3.1925   3.156766   3.156735     1.8933     2.2297      8.062     0.9663     8.5570 1.0715e-01     0.1512    96.2907     6.2888     6.3800    34.5475    34.5476    27.5060    27.5061    7.43275 0.0000e+00
      18728    234.749     3.1928     3.1917   3.156755   3.156632     1.8954     2.2293      8.062     0.9663     8.5570 1.0715e-01     0.1512    96.2907     6.3041     6.3772    34.5476    34.5472    27.5060    27.5059    7.43277 0.0000e+00
      18731    234.588     3.1925     3.1895   3.156717   3.156299     1.8954     2.2289      8.062     0.9663     8.5570 1.0715e-01     0.1508    96.2994     6.3084     6.3751    34.5474    34.5456    27.5060    27.5048    7.43281 0.0000e+00
      18734    234.429     3.1932     3.1891   3.156830   3.156334     1.8954     2.2293      8.062     0.9663     8.4385 1.0715e-01     0.1508    96.2994     6.3050     6.3756    34.5482    34.5466    27.5065    27.5056    7.43266 0.0000e+00
      18737    234.272     3.1938     3.1897   3.156918   3.156415     1.8958     2.2293      8.064     0.9663     8.4780 1.0715e-01     0.1508    96.2994     6.3064     6.3779    34.5487    34.5470    27.5068    27.5059    7.43251 0.0000e+00
      18740    234.119     3.1931     3.1899   3.156838   3.156438     1.8962     2.2301      8.064     0.9765     8.4780 1.0715e-01     0.1512    96.2907     6.3077     6.3794    34.5486    34.5472    27.5068    27.5060    7.43265 0.0000e+00
      18743    233.970     3.1928     3.1903   3.156683   3.156457     1.8954     2.2301      8.062     0.9765   145.2729 1.0715e-01     0.1317    96.7601     6.3041     6.3795    34.5471    34.5470    27.5057    27.5058    7.43278 0.0000e+00
      18746    233.827     3.1894     3.1891   3.156282   3.156198     1.8958     2.2317      8.065     0.9765   482.1870 1.0715e-01     0.1275    96.8644     6.3052     6.3846    34.5460    34.5452    27.5051    27.5045    7.43347 0.0000e+00
      18749    233.688     3.1873     3.1881   3.156006   3.156112     1.8958     2.2313      8.065     0.9358   480.8053 1.0715e-01     0.1271    96.8731     6.3023     6.3847    34.5450    34.5453    27.5045    27.5047    7.43392 0.0000e+00
      18752    233.549     3.1838     3.1874   3.155562   3.155998     1.8970     2.2309      8.067     0.9358   481.3184 1.0715e-01     0.1271    96.8731     6.3046     6.3837    34.5434    34.5448    27.5036    27.5044    7.43464 0.0000e+00
      18755    233.423     3.1827     3.1865   3.155542   3.155938     1.8962     2.2317      8.067     0.9155   481.2395 1.0715e-01     0.1271    96.8731     6.3016     6.3866    34.5443    34.5451    27.5044    27.5046    7.43479 0.0000e+00
      18758    233.297     3.1830     3.1861   3.155573   3.155907     1.8966     2.2321      8.067     0.9358   481.3579 1.0715e-01     0.1271    96.8731     6.3043     6.3879    34.5445    34.5452    27.5045    27.5047    7.43474 0.0000e+00
      18761    233.178     3.1833     3.1863   3.155596   3.155902     1.8974     2.2330      8.065     0.9460   481.2790 1.0715e-01     0.1271    96.8731     6.3092     6.3905    34.5445    34.5450    27.5045    27.5047    7.43467 0.0000e+00
      18764    233.065     3.1836     3.1858   3.155651   3.155870     1.8970     2.2317      8.067     0.9358   481.2790 1.0715e-01     0.1249    96.9252     6.3107     6.3842    34.5449    34.5452    27.5048    27.5048    7.43460 0.0000e+00
      18767    232.956     3.1838     3.1844   3.155583   3.155701     1.8982     2.2326      8.067     0.9358   481.3579 1.0715e-01     0.1249    96.9252     6.3175     6.3872    34.5439    34.5447    27.5040    27.5046    7.43461 0.0000e+00
      18770    232.851     3.1823     3.1831   3.155400   3.155560     1.8970     2.2330      8.067     0.9257   211.5977 1.0715e-01     0.1249    96.9252     6.3102     6.3911    34.5433    34.5444    27.5037    27.5044    7.43492 0.0000e+00
      18773    232.752     3.1835     3.1826   3.155599   3.155483     1.8974     2.2330      8.067     0.9358    -1.3128 1.0715e-01     0.1249    96.9252     6.3106     6.3928    34.5445    34.5441    27.5045    27.5042    7.43463 0.0000e+00
      18776    232.658     3.1843     3.1826   3.155701   3.155417     1.8974     2.2330      8.067     0.9257     4.1748 1.0715e-01     0.1249    96.9252     6.3082     6.3915    34.5449    34.5433    27.5048    27.5036    7.43446 0.0000e+00
      18779    232.570     3.1832     3.1821   3.155457   3.155413     1.8978     2.2338      8.067     0.9460     3.9379 1.0715e-01     0.1249    96.9252     6.3082     6.3924    34.5432    34.5439    27.5035    27.5041    7.43475 0.0000e+00
      18782    232.484     3.1788     3.1824   3.154963   3.155395     1.8986     2.2346      8.067     0.9257     3.9774 1.0715e-01     0.1238    96.9513     6.3106     6.3935    34.5419    34.5434    27.5029    27.5036    7.43563 0.0000e+00
      18785    232.401     3.1774     3.1812   3.154826   3.155268     1.8990     2.2342      8.067     0.9460     3.9379 1.0715e-01     0.1210    97.0208     6.3132     6.3916    34.5419    34.5432    27.5029    27.5036    7.43590 0.0000e+00
      18788    232.323     3.1768     3.1810   3.154797   3.155266     1.8994     2.2342      8.067     0.9257     3.9379 1.0715e-01     0.1210    97.0208     6.3155     6.3897    34.5422    34.5434    27.5032    27.5038    7.43599 0.0000e+00
      18791    232.246     3.1772     3.1795   3.154861   3.155021     1.8986     2.2358      8.067     0.9358     3.9379 1.0715e-01     0.1210    97.0208     6.3114     6.3949    34.5426    34.5421    27.5035    27.5029    7.43590 0.0000e+00
      18794    232.173     3.1777     3.1786   3.154841   3.154982     1.8990     2.2358      8.067     0.9155     3.9379 1.0715e-01     0.1210    97.0208     6.3113     6.3936    34.5419    34.5426    27.5029    27.5034    7.43585 0.0000e+00
      18797    232.104     3.1769     3.1776   3.154786   3.154733     1.8990     2.2350      8.067     0.9460     9.8992 1.0715e-01     0.1213    97.0122     6.3079     6.3906    34.5420    34.5407    27.5031    27.5020    7.43598 0.0000e+00
      18800    232.035     3.1775     3.1754   3.154869   3.154619     1.8986     2.2354      8.067     0.9460    11.0046 1.0715e-01     0.1213    97.0122     6.3028     6.3896    34.5425    34.5417    27.5034    27.5030    7.43585 0.0000e+00
      18803    231.968     3.1775     3.1789   3.154859   3.155136     1.8986     2.2354      8.067     0.9562    10.9257 1.0715e-01     0.1202    97.0382     6.2972     6.3841    34.5424    34.5443    27.5033    27.5047    7.43585 0.0000e+00
      18806    231.898     3.1785     3.1815   3.154981   3.155389     1.8998     2.2354      8.067     0.9765    10.9257 1.0715e-01     0.1195    97.0556     6.3030     6.3799    34.5428    34.5445    27.5036    27.5047    7.43564 0.0000e+00
      18809    231.828     3.1770     3.1822   3.154759   3.155446     1.8998     2.2354      8.067     0.9663    10.9652 1.0715e-01     0.1195    97.0556     6.3043     6.3776    34.5418    34.5445    27.5030    27.5046    7.43598 0.0000e+00
      18812    231.754     3.1769     3.1825   3.154791   3.155450     1.8998     2.2354      8.067     0.9663    11.0046 1.0715e-01     0.1195    97.0556     6.3074     6.3743    34.5423    34.5444    27.5034    27.5045    7.43597 0.0000e+00
      18815    231.679     3.1766     3.1849   3.154648   3.155718     1.8994     2.2366      8.067     0.9663    10.9257 1.0715e-01     0.1195    97.0556     6.3080     6.3759    34.5409    34.5450    27.5023    27.5048    7.43609 0.0000e+00
      18818    231.604     3.1738     3.1839   3.154279   3.155462     1.8990     2.2366      8.067     0.9663    11.0046 1.0715e-01     0.1195    97.0556     6.3085     6.3789    34.5395    34.5430    27.5014    27.5033    7.43669 0.0000e+00
      18821    231.524     3.1695     3.1808   3.153803   3.155435     1.8994     2.2366      8.067     0.9460    75.3555 1.0727e-01     0.1195    97.0556     6.3125     6.3815    34.5384    34.5461    27.5009    27.5060    7.43755 0.0000e+00
      18824    231.441     3.1720     3.1813   3.154241   3.155340     1.8990     2.2358      8.067     0.9663   469.3168 1.0715e-01     0.1159    97.1425     6.3094     6.3763    34.5410    34.5444    27.5028    27.5046    7.43694 0.0000e+00
      18827    231.353     3.1767     3.1810   3.154679   3.155365     1.8990     2.2354      8.067     0.9765   481.4369 1.0715e-01     0.1152    97.1599     6.3076     6.3749    34.5414    34.5451    27.5026    27.5052    7.43605 0.0000e+00
      18830    231.263     3.1755     3.1827   3.154869   3.155540     1.9003     2.2354      8.067     0.9765   481.2395 1.0715e-01     0.1152    97.1599     6.3128     6.3748    34.5450    34.5456    27.5056    27.5054    7.43609 0.0000e+00
      18833    231.171     3.1754     3.1865   3.154717   3.155951     1.9007     2.2358      8.067     0.9663   481.2395 1.0715e-01     0.1152    97.1599     6.3172     6.3771    34.5433    34.5465    27.5043    27.5058    7.43619 0.0000e+00
      18836    231.072     3.1719     3.1889   3.154347   3.156191     1.9003     2.2354      8.067     0.9663   481.3184 1.0715e-01     0.1152    97.1599     6.3202     6.3744    34.5427    34.5469    27.5041    27.5059    7.43689 0.0000e+00
      18839    230.969     3.1725     3.1889   3.154309   3.156163     1.9007     2.2362      8.067     0.9663   481.3184 1.0715e-01     0.1152    97.1599     6.3257     6.3783    34.5416    34.5466    27.5032    27.5057    7.43683 0.0000e+00
      18842    230.864     3.1741     3.1879   3.154446   3.156143     1.9011     2.2366      8.069     0.9562   481.3579 1.0715e-01     0.1163    97.1338     6.3269     6.3848    34.5416    34.5475    27.5030    27.5064    7.43652 0.0000e+00
      18845    230.754     3.1763     3.1870   3.154844   3.155975     1.9007     2.2370      8.069     0.9562   481.2790 1.0715e-01     0.1185    97.0817     6.3259     6.3926    34.5442    34.5464    27.5049    27.5057    7.43600 0.0000e+00
      18848    230.639     3.1791     3.1863   3.155256   3.155888     1.9007     2.2354      8.069     0.9562   304.0970 1.0715e-01     0.1185    97.0817     6.3275     6.3914    34.5462    34.5462    27.5063    27.5055    7.43537 0.0000e+00
      18851    230.520     3.1829     3.1859   3.155529   3.155673     1.9011     2.2370      8.067     0.9562     4.7275 1.0715e-01     0.1185    97.0817     6.3290     6.3992    34.5455    34.5441    27.5053    27.5040    7.43469 0.0000e+00
      18854    230.396     3.1830     3.1829   3.155464   3.155262     1.9007     2.2366      8.069     0.9460    17.2029 1.0715e-01     0.1185    97.0817     6.3268     6.4009    34.5448    34.5424    27.5047    27.5029    7.43472 0.0000e+00
      18857    230.267     3.1758     3.1790   3.154119   3.154830     1.9015     2.2379      8.069     0.9358    16.6107 1.0715e-01     0.1185    97.0817     6.3332     6.4085    34.5361    34.5414    27.4985    27.5024    7.43648 0.0000e+00
      18860    230.137     3.1667     3.1785   3.152869   3.154919     1.9027     2.2366      8.070     0.9460    16.6107 1.0715e-01     0.1185    97.0817     6.3465     6.4072    34.5308    34.5431    27.4951    27.5038    7.43844 0.0000e+00
      18863    230.010     3.1451     3.1793   3.149803   3.154998     1.9019     2.2375      8.070     0.9358    16.6107 1.0715e-01     0.1174    97.1078     6.3515     6.4138    34.5167    34.5432    27.4859    27.5038    7.44316 0.0000e+00
      18866    229.877     3.1310     3.1772   3.148463   3.154264     1.9019     2.2387      8.072     0.9358    16.6107 1.0715e-01     0.1152    97.1599     6.3607     6.4221    34.5155    34.5366    27.4863    27.4988    7.44584 0.0000e+00
      18869    229.740     3.1246     3.1580   3.147810   3.151156     1.9031     2.2391      8.072     0.9358    16.6107 1.0715e-01     0.1152    97.1599     6.3678     6.4313    34.5145    34.5194    27.4860    27.4869    7.44708 0.0000e+00
      18872    229.602     3.1211     3.1390   3.147359   3.149329     1.9035     2.2387      8.069     0.9358    16.6107 1.0715e-01     0.1152    97.1599     6.3732     6.4361    34.5128    34.5176    27.4850    27.4872    7.44781 0.0000e+00
      18875    229.459     3.1171     3.1236   3.146764   3.147111     1.9039     2.2391      8.070     0.9358   316.2961 1.0715e-01     0.1152    97.1599     6.3819     6.4428    34.5099    34.5073    27.4831    27.4804    7.44870 0.0000e+00
      18878    229.316     3.1125     3.1120   3.146238   3.146088     1.9031     2.2403      8.070     0.9460   481.8712 1.0715e-01     0.1152    97.1599     6.3823     6.4525    34.5086    34.5072    27.4824    27.4814    7.44964 0.0000e+00
      18881    229.177     3.1100     3.1086   3.145968   3.145864     1.9039     2.2403      8.072     0.9358   480.9632 1.0715e-01     0.1152    97.1599     6.3835     6.4565    34.5080    34.5083    27.4823    27.4825    7.45013 0.0000e+00
      18884    229.034     3.1080     3.1067   3.145718   3.145477     1.9060     2.2415      8.072     0.9257   481.2790 1.0715e-01     0.1188    97.0730     6.3932     6.4645    34.5072    34.5056    27.4817    27.4806    7.45054 0.0000e+00
      18887    228.896     3.1060     3.1021   3.145380   3.144905     1.9060     2.2423      8.070     0.9358   481.3579 1.0715e-01     0.1206    97.0295     6.3963     6.4679    34.5053    34.5037    27.4804    27.4795    7.45101 0.0000e+00
      18890    228.764     3.1002     3.0999   3.144427   3.144715     1.9064     2.2419      8.072     0.9257   481.2395 1.0715e-01     0.1206    97.0295     6.3966     6.4691    34.5000    34.5038    27.4768    27.4798    7.45236 0.0000e+00
      18893    228.633     3.0949     3.0989   3.143982   3.144710     1.9056     2.2423      8.072     0.9257   481.3184 1.0715e-01     0.1206    97.0295     6.3951     6.4737    34.5003    34.5049    27.4774    27.4807    7.45333 0.0000e+00
      18896    228.500     3.0955     3.0988   3.144250   3.144641     1.9080     2.2436      8.072     0.9358   481.3184 1.0715e-01     0.1206    97.0295     6.4051     6.4823    34.5030    34.5042    27.4796    27.4802    7.45308 0.0000e+00
      18899    228.372     3.0968     3.0969   3.144302   3.144350     1.9088     2.2444      8.072     0.9358   471.8829 1.0715e-01     0.1206    97.0295     6.4072     6.4874    34.5023    34.5028    27.4789    27.4792    7.45288 0.0000e+00
      18902    228.247     3.0953     3.0965   3.144124   3.144288     1.9080     2.2448      8.072     0.9460    54.6290 1.0715e-01     0.1206    97.0295     6.4034     6.4890    34.5018    34.5025    27.4787    27.4791    7.45318 0.0000e+00
      18905    228.124     3.0941     3.0961   3.143768   3.144425     1.9072     2.2460      8.072     0.9460     9.0307 1.0715e-01     0.1091    97.3077     6.3968     6.4927    34.4988    34.5047    27.4763    27.4808    7.45355 0.0000e+00
      18908    227.998     3.0921     3.0981   3.143721   3.144386     1.9088     2.2460      8.072     0.9663    11.3205 1.0715e-01     0.1084    97.3251     6.4042     6.4919    34.5005    34.5021    27.4779    27.4786    7.45384 0.0000e+00
      18911    227.879     3.0925     3.0922   3.143667   3.143562     1.9092     2.2468      8.072     0.9663    11.1626 1.0715e-01     0.1081    97.3338     6.4073     6.4968    34.4994    34.4984    27.4770    27.4762    7.45381 0.0000e+00
      18914    227.764     3.0914     3.0899   3.143556   3.143377     1.9088     2.2480      8.072     0.9663    11.2415 1.0715e-01     0.1077    97.3425     6.4074     6.5004    34.4993    34.4987    27.4770    27.4767    7.45402 0.0000e+00
      18917    227.649     3.0895     3.0896   3.143226   3.143474     1.9113     2.2480      8.074     0.9765    11.2021 1.0715e-01     0.1077    97.3425     6.4189     6.4984    34.4974    34.5004    27.4757    27.4780    7.45448 0.0000e+00
