Datasets/AZMP/HUD120/hud120_2020_088.cnv
* Sea-Bird SBE 9 Data File:
* FileName = C:\CTDDATA\hud120_2020_088.hex
* Software Version Seasave V 7.26.7.110
* Temperature SN = 1697
* Conductivity SN = 4216
* Number of Bytes Per Scan = 30
* Number of Voltage Words = 4
* Number of Scans Averaged by the Deck Unit = 1
* NMEA baud rate = 4800
** VESSEL/TRIP/SEQ STN:  hud120_2020_088
** LATITUDE XX XX.XX: 48 50.00 N
** LONGITUDE XX XX.XX: 052 39.00 W
** SOUNDING DEPTH (M): 0256
** PROBE TYPE: S1146
** CTD NUMBER: 065
** FORMAT: V
** COMMENTS (14 CHAR): BB-03
** BOTTLES:  10
** LEVELS: 5,10,20,30,40,50,75,100,150,BTM
** STICKERS: 439946 - 439955
** VNET: Y
** DO2: N
# nquan = 22
# nvalues = 5818                        
# units = specified
# name 0 = scan: Scan Count
# name 1 = prDM: Pressure, Digiquartz [db]
# name 2 = t090C: Temperature [ITS-90, deg C]
# name 3 = t190C: Temperature, 2 [ITS-90, deg C]
# name 4 = c0S/m: Conductivity [S/m]
# name 5 = c1S/m: Conductivity, 2 [S/m]
# name 6 = sbeox0V: Oxygen raw, SBE 43 [V]
# name 7 = sbeox1V: Oxygen raw, SBE 43, 2 [V]
# name 8 = ph: pH
# name 9 = flECO-AFL: Fluorescence, WET Labs ECO-AFL/FL [mg/m^3]
# name 10 = wetCDOM: Fluorescence, WET Labs CDOM [mg/m^3]
# name 11 = par/sat/log: PAR/Logarithmic, Satlantic [umol photons/m^2/sec]
# name 12 = CStarAt0: Beam Attenuation, WET Labs C-Star [1/m]
# name 13 = CStarTr0: Beam Transmission, WET Labs C-Star [%]
# name 14 = sbeox0ML/L: Oxygen, SBE 43 [ml/l], WS = 2
# name 15 = sbeox1ML/L: Oxygen, SBE 43, 2 [ml/l], WS = 2
# name 16 = sal00: Salinity, Practical [PSU]
# name 17 = sal11: Salinity, Practical, 2 [PSU]
# name 18 = sigma-t00: Density [sigma-t, kg/m^3 ]
# name 19 = sigma-t11: Density, 2 [sigma-t, kg/m^3 ]
# name 20 = oxsatML/L: Oxygen Saturation, Weiss [ml/l]
# name 21 = flag: flag
# span 0 =         80,      37380       
# span 1 =      1.849,    243.997       
# span 2 =    -0.2838,     2.8490       
# span 3 =    -0.2885,     2.8443       
# span 4 =   2.735519,   2.889175       
# span 5 =   2.735084,   2.888631       
# span 6 =     1.8797,     2.1966       
# span 7 =     2.2229,     2.6206       
# span 8 =      8.050,      8.170       
# span 9 =     0.9155,     3.9273       
# span 10 =    -2.8130,   482.1870      
# span 11 = 1.0690e-01, 2.7422e-01      
# span 12 =     0.0874,     0.3219      
# span 13 =    92.2662,    97.8379      
# span 14 =     6.7383,     7.7230      
# span 15 =     6.8684,     7.9358      
# span 16 =    31.7644,    33.6042      
# span 17 =    31.7637,    33.6022      
# span 18 =    25.3197,    26.9489      
# span 19 =    25.3194,    26.9476      
# span 20 =    7.63743,    8.21642      
# span 21 = 0.0000e+00, 0.0000e+00      
# interval = scans: 3                   
# start_time = Nov 27 2020 23:45:11 [System UTC, header]
# bad_flag = -9.990e-29
*END*
[from data line 1317]
       4318    131.762    -0.1722    -0.1769   2.742340   2.741829     1.9686     2.3296      8.080     1.1394   481.2395 1.0727e-01     0.0906    97.7597     7.2533     7.3580    32.9701    32.9684    26.4756    26.4745    8.19494 0.0000e+00
       4321    131.870    -0.1706    -0.1751   2.742565   2.742093     1.9674     2.3296      8.080     1.1495   481.3184 1.0727e-01     0.0906    97.7597     7.2429     7.3583    32.9714    32.9700    26.4766    26.4757    8.19453 0.0000e+00
       4324    131.982    -0.1704    -0.1754   2.742656   2.742176     1.9670     2.3292      8.080     1.1597   481.2790 1.0727e-01     0.0906    97.7597     7.2378     7.3550    32.9722    32.9713    26.4773    26.4767    8.19443 0.0000e+00
       4327    132.095    -0.1713    -0.1763   2.742679   2.742169     1.9670     2.3296      8.080     1.1597   481.3184 1.0715e-01     0.0906    97.7597     7.2407     7.3560    32.9735    32.9722    26.4783    26.4775    8.19456 0.0000e+00
       4330    132.207    -0.1722    -0.1772   2.742652   2.742169     1.9658     2.3288      8.080     1.1495   481.2790 1.0715e-01     0.0910    97.7510     7.2346     7.3543    32.9741    32.9730    26.4788    26.4782    8.19473 0.0000e+00
       4333    132.322    -0.1729    -0.1780   2.742636   2.742145     1.9658     2.3284      8.078     1.1190   436.5492 1.0727e-01     0.0917    97.7336     7.2319     7.3518    32.9746    32.9735    26.4792    26.4787    8.19486 0.0000e+00
       4336    132.436    -0.1742    -0.1792   2.742710   2.742196     1.9658     2.3284      8.078     1.1190    23.1247 1.0727e-01     0.0913    97.7423     7.2318     7.3512    32.9768    32.9754    26.4811    26.4802    8.19500 0.0000e+00
       4339    132.550    -0.1759    -0.1806   2.742684   2.742212     1.9670     2.3284      8.080     1.1190     7.2936 1.0727e-01     0.0913    97.7423     7.2356     7.3492    32.9782    32.9770    26.4824    26.4816    8.19530 0.0000e+00
       4342    132.662    -0.1809    -0.1858   2.742232   2.741784     1.9658     2.3284      8.078     1.1292     8.5175 1.0727e-01     0.0917    97.7336     7.2334     7.3480    32.9776    32.9769    26.4821    26.4817    8.19644 0.0000e+00
       4345    132.775    -0.1862    -0.1912   2.741981   2.741518     1.9658     2.3280      8.080     1.0986     8.5175 1.0727e-01     0.0910    97.7510     7.2405     7.3466    32.9799    32.9792    26.4842    26.4838    8.19746 0.0000e+00
       4348    132.888    -0.1871    -0.1925   2.742072   2.741589     1.9662     2.3272      8.078     1.1292     8.5175 1.0715e-01     0.0910    97.7510     7.2504     7.3424    32.9820    32.9815    26.4859    26.4857    8.19754 0.0000e+00
       4351    132.999    -0.1869    -0.1919   2.742256   2.741755     1.9666     2.3284      8.078     1.1292     8.4385 1.0727e-01     0.0917    97.7336     7.2555     7.3457    32.9842    32.9830    26.4877    26.4869    8.19738 0.0000e+00
       4354    133.107    -0.1861    -0.1911   2.742445   2.741947     1.9654     2.3272      8.080     1.1292     8.4780 1.0727e-01     0.0917    97.7336     7.2440     7.3402    32.9857    32.9845    26.4889    26.4882    8.19711 0.0000e+00
       4357    133.216    -0.1858    -0.1909   2.742512   2.742029     1.9649     2.3263      8.080     1.1394     8.4780 1.0727e-01     0.0917    97.7336     7.2359     7.3351    32.9863    32.9854    26.4893    26.4888    8.19703 0.0000e+00
       4360    133.320    -0.1869    -0.1914   2.742562   2.742062     1.9649     2.3272      8.080     1.1495   156.0507 1.0715e-01     0.0917    97.7336     7.2347     7.3380    32.9881    32.9863    26.4908    26.4895    8.19717 0.0000e+00
       4363    133.423    -0.1881    -0.1927   2.742566   2.742067     1.9645     2.3259      8.078     1.1597   482.1870 1.0715e-01     0.0917    97.7336     7.2320     7.3337    32.9894    32.9877    26.4919    26.4908    8.19736 0.0000e+00
       4366    133.529    -0.1886    -0.1940   2.742568   2.742064     1.9649     2.3259      8.078     1.1495   480.9237 1.0727e-01     0.0917    97.7336     7.2356     7.3360    32.9899    32.9890    26.4923    26.4918    8.19743 0.0000e+00
       4369    133.631    -0.1894    -0.1942   2.742568   2.742072     1.9658     2.3259      8.077     1.1495   481.2395 1.0715e-01     0.0917    97.7336     7.2371     7.3390    32.9907    32.9892    26.4930    26.4921    8.19757 0.0000e+00
       4372    133.731    -0.1900    -0.1946   2.742518   2.742055     1.9666     2.3255      8.080     1.1495   481.2790 1.0740e-01     0.0924    97.7162     7.2401     7.3368    32.9906    32.9894    26.4930    26.4922    8.19771 0.0000e+00
       4375    133.832    -0.1901    -0.1951   2.742518   2.742044     1.9645     2.3247      8.077     1.1597   481.3184 1.0727e-01     0.0917    97.7336     7.2283     7.3318    32.9907    32.9897    26.4931    26.4926    8.19773 0.0000e+00
       4378    133.931    -0.1906    -0.1956   2.742502   2.742034     1.9629     2.3247      8.080     1.1495   481.2790 1.0727e-01     0.0917    97.7336     7.2202     7.3331    32.9909    32.9901    26.4933    26.4928    8.19781 0.0000e+00
       4381    134.029    -0.1908    -0.1957   2.742511   2.742018     1.9641     2.3247      8.077     1.1495   481.3184 1.0715e-01     0.0917    97.7336     7.2234     7.3346    32.9912    32.9899    26.4935    26.4927    8.19784 0.0000e+00
       4384    134.127    -0.1907    -0.1959   2.742532   2.742020     1.9645     2.3247      8.077     1.1597   481.3184 1.0715e-01     0.0917    97.7336     7.2259     7.3350    32.9913    32.9901    26.4936    26.4929    8.19782 0.0000e+00
       4387    134.227    -0.1908    -0.1957   2.742515   2.742033     1.9641     2.3247      8.075     1.1495   204.8073 1.0727e-01     0.0917    97.7336     7.2265     7.3354    32.9911    32.9900    26.4934    26.4928    8.19784 0.0000e+00
       4390    134.326    -0.1912    -0.1959   2.742516   2.742038     1.9633     2.3247      8.077     1.1495     2.5956 1.0727e-01     0.0921    97.7249     7.2219     7.3321    32.9915    32.9902    26.4938    26.4930    8.19791 0.0000e+00
       4393    134.424    -0.1928    -0.1968   2.742557   2.742032     1.9637     2.3243      8.077     1.1597     9.6229 1.0715e-01     0.0928    97.7075     7.2231     7.3287    32.9937    32.9911    26.4956    26.4937    8.19813 0.0000e+00
       4396    134.527    -0.1936    -0.1984   2.742551   2.742076     1.9629     2.3235      8.075     1.1495     9.2676 1.0715e-01     0.0928    97.7075     7.2243     7.3248    32.9945    32.9934    26.4963    26.4956    8.19828 0.0000e+00
       4399    134.630    -0.1954    -0.1997   2.742537   2.742088     1.9621     2.3223      8.077     1.1394     9.2676 1.0715e-01     0.0928    97.7075     7.2217     7.3195    32.9962    32.9948    26.4977    26.4968    8.19858 0.0000e+00
       4402    134.733    -0.1978    -0.2021   2.742502   2.742020     1.9625     2.3231      8.077     1.1495     9.2676 1.0715e-01     0.0928    97.7075     7.2265     7.3192    32.9983    32.9965    26.4995    26.4983    8.19898 0.0000e+00
       4405    134.834    -0.2009    -0.2059   2.742569   2.742082     1.9621     2.3235      8.077     1.1495     9.2676 1.0727e-01     0.0928    97.7075     7.2207     7.3196    33.0025    33.0014    26.5030    26.5024    8.19943 0.0000e+00
       4408    134.938    -0.2030    -0.2082   2.742671   2.742179     1.9637     2.3223      8.076     1.1597     9.2676 1.0715e-01     0.0928    97.7075     7.2298     7.3146    33.0060    33.0051    26.5060    26.5055    8.19969 0.0000e+00
       4411    135.050    -0.2046    -0.2098   2.742703   2.742195     1.9637     2.3219      8.076     1.1902     9.8203 1.0727e-01     0.0931    97.6988     7.2296     7.3140    33.0081    33.0069    26.5078    26.5071    8.19992 0.0000e+00
       4414    135.159    -0.2064    -0.2117   2.742597   2.742114     1.9621     2.3211      8.076     1.1800   410.1772 1.0715e-01     0.0931    97.6988     7.2214     7.3115    33.0085    33.0079    26.5082    26.5080    8.20029 0.0000e+00
       4417    135.265    -0.2085    -0.2138   2.742502   2.742000     1.9625     2.3211      8.076     1.1902   481.8317 1.0727e-01     0.0935    97.6902     7.2232     7.3140    33.0095    33.0086    26.5091    26.5086    8.20070 0.0000e+00
       4420    135.375    -0.2104    -0.2158   2.742369   2.741855     1.9613     2.3211      8.076     1.1902   481.0421 1.0715e-01     0.0931    97.6988     7.2174     7.3157    33.0097    33.0087    26.5093    26.5088    8.20109 0.0000e+00
       4423    135.488    -0.2121    -0.2171   2.742282   2.741791     1.9609     2.3207      8.076     1.1902   481.3184 1.0727e-01     0.0931    97.6988     7.2142     7.3164    33.0103    33.0092    26.5099    26.5093    8.20143 0.0000e+00
       4426    135.603    -0.2130    -0.2185   2.742201   2.741644     1.9625     2.3198      8.077     1.1902   481.3579 1.0727e-01     0.0935    97.6902     7.2179     7.3124    33.0102    33.0087    26.5099    26.5089    8.20165 0.0000e+00
       4429    135.717    -0.2145    -0.2199   2.742056   2.741565     1.9613     2.3202      8.076     1.1800   481.3579 1.0715e-01     0.0931    97.6988     7.2069     7.3169    33.0098    33.0091    26.5096    26.5093    8.20200 0.0000e+00
       4432    135.835    -0.2160    -0.2217   2.741913   2.741395     1.9613     2.3198      8.076     1.1902   481.3579 1.0715e-01     0.0928    97.7075     7.2061     7.3187    33.0094    33.0088    26.5094    26.5091    8.20234 0.0000e+00
       4435    135.955    -0.2187    -0.2240   2.741748   2.741269     1.9600     2.3198      8.076     1.1394   481.3184 1.0715e-01     0.0917    97.7336     7.2049     7.3210    33.0101    33.0095    26.5100    26.5098    8.20289 0.0000e+00
       4438    136.078    -0.2203    -0.2252   2.741691   2.741214     1.9605     2.3186      8.076     1.1190   410.8878 1.0727e-01     0.0917    97.7336     7.2096     7.3166    33.0110    33.0100    26.5108    26.5102    8.20319 0.0000e+00
       4441    136.198    -0.2211    -0.2257   2.741642   2.741188     1.9605     2.3190      8.076     1.1292    12.9786 1.0727e-01     0.0917    97.7336     7.2112     7.3184    33.0112    33.0101    26.5110    26.5104    8.20337 0.0000e+00
       4444    136.320    -0.2222    -0.2275   2.741571   2.741084     1.9600     2.3186      8.076     1.1190    11.2021 1.0727e-01     0.0917    97.7336     7.2126     7.3172    33.0114    33.0106    26.5112    26.5109    8.20360 0.0000e+00
       4447    136.444    -0.2234    -0.2285   2.741474   2.741036     1.9605     2.3194      8.076     1.1088    11.4784 1.0740e-01     0.0917    97.7336     7.2122     7.3240    33.0112    33.0110    26.5112    26.5112    8.20386 0.0000e+00
       4450    136.569    -0.2264    -0.2313   2.741140   2.740733     1.9592     2.3182      8.076     1.1190    11.4390 1.0727e-01     0.0917    97.7336     7.2122     7.3201    33.0100    33.0099    26.5103    26.5105    8.20460 0.0000e+00
       4453    136.698    -0.2324    -0.2371   2.740717   2.740297     1.9588     2.3182      8.076     1.1190    11.4390 1.0715e-01     0.0913    97.7423     7.2136     7.3234    33.0108    33.0103    26.5112    26.5110    8.20586 0.0000e+00
       4456    136.828    -0.2348    -0.2404   2.740642   2.740138     1.9596     2.3178      8.076     1.1190    11.3995 1.0727e-01     0.0906    97.7597     7.2166     7.3263    33.0124    33.0118    26.5126    26.5123    8.20631 0.0000e+00
       4459    136.955    -0.2354    -0.2404   2.740612   2.740121     1.9588     2.3174      8.076     1.1190    11.4390 1.0740e-01     0.0906    97.7597     7.2112     7.3278    33.0125    33.0115    26.5127    26.5121    8.20642 0.0000e+00
       4462    137.086    -0.2366    -0.2429   2.740468   2.739870     1.9588     2.3174      8.076     1.1190    11.4390 1.0727e-01     0.0910    97.7510     7.2092     7.3298    33.0118    33.0107    26.5122    26.5116    8.20673 0.0000e+00
       4465    137.218    -0.2388    -0.2453   2.740292   2.739728     1.9592     2.3170      8.076     1.1292     6.5830 1.0715e-01     0.0910    97.7510     7.2155     7.3286    33.0118    33.0114    26.5124    26.5122    8.20722 0.0000e+00
       4468    137.350    -0.2410    -0.2459   2.740134   2.739713     1.9588     2.3170      8.076     1.1292    -0.6811 1.0715e-01     0.0910    97.7510     7.2169     7.3280    33.0120    33.0117    26.5125    26.5126    8.20769 0.0000e+00
       4471    137.479    -0.2425    -0.2458   2.739962   2.739711     1.9588     2.3174      8.076     1.1292    -0.3258 1.0727e-01     0.0910    97.7510     7.2175     7.3293    33.0113    33.0116    26.5121    26.5124    8.20806 0.0000e+00
       4474    137.609    -0.2447    -0.2478   2.739772   2.739483     1.9592     2.3166      8.076     1.1190    -0.3653 1.0727e-01     0.0917    97.7336     7.2199     7.3284    33.0110    33.0106    26.5119    26.5117    8.20855 0.0000e+00
       4477    137.740    -0.2477    -0.2509   2.739556   2.739255     1.9576     2.3174      8.076     1.1088    -0.3258 1.0715e-01     0.0917    97.7336     7.2131     7.3338    33.0114    33.0109    26.5123    26.5121    8.20920 0.0000e+00
       4480    137.872    -0.2490    -0.2527   2.739518   2.739154     1.9572     2.3174      8.076     1.1088    -0.3653 1.0727e-01     0.0917    97.7336     7.2079     7.3363    33.0122    33.0114    26.5131    26.5126    8.20944 0.0000e+00
       4483    138.001    -0.2487    -0.2528   2.739590   2.739167     1.9568     2.3170      8.076     1.1190    -0.3653 1.0715e-01     0.0917    97.7336     7.2094     7.3363    33.0128    33.0116    26.5135    26.5127    8.20934 0.0000e+00
       4486    138.130    -0.2487    -0.2533   2.739567   2.739077     1.9576     2.3166      8.076     1.1088    -0.3653 1.0727e-01     0.0917    97.7336     7.2142     7.3332    33.0124    33.0109    26.5132    26.5122    8.20936 0.0000e+00
       4489    138.258    -0.2518    -0.2577   2.739180   2.738666     1.9584     2.3162      8.076     1.0986    -0.4048 1.0740e-01     0.0917    97.7336     7.2161     7.3333    33.0105    33.0101    26.5118    26.5118    8.21015 0.0000e+00
       4492    138.383    -0.2572    -0.2629   2.738812   2.738322     1.9576     2.3154      8.076     1.0783   325.6131 1.0715e-01     0.0917    97.7336     7.2137     7.3284    33.0114    33.0110    26.5128    26.5127    8.21129 0.0000e+00
       4495    138.507    -0.2600    -0.2653   2.738683   2.738209     1.9564     2.3154      8.076     1.0783   481.9106 1.0740e-01     0.0906    97.7597     7.2091     7.3289    33.0127    33.0121    26.5139    26.5137    8.21183 0.0000e+00
       4498    138.632    -0.2609    -0.2658   2.738692   2.738229     1.9572     2.3162      8.076     1.0884   480.9237 1.0727e-01     0.0906    97.7597     7.2212     7.3340    33.0136    33.0128    26.5148    26.5143    8.21197 0.0000e+00
       4501    138.753    -0.2607    -0.2657   2.738741   2.738272     1.9568     2.3162      8.076     1.0783   481.2790 1.0727e-01     0.0910    97.7510     7.2228     7.3336    33.0141    33.0133    26.5151    26.5147    8.21191 0.0000e+00
       4504    138.872    -0.2601    -0.2652   2.738825   2.738326     1.9560     2.3162      8.076     1.0783   481.2790 1.0727e-01     0.0906    97.7597     7.2147     7.3347    33.0145    33.0134    26.5154    26.5147    8.21176 0.0000e+00
       4507    138.990    -0.2596    -0.2646   2.738884   2.738407     1.9580     2.3158      8.076     1.0986   481.2790 1.0727e-01     0.0910    97.7510     7.2157     7.3356    33.0146    33.0137    26.5154    26.5150    8.21163 0.0000e+00
       4510    139.105    -0.2582    -0.2632   2.739048   2.738552     1.9564     2.3150      8.076     1.0986   481.2790 1.0740e-01     0.0906    97.7597     7.2060     7.3330    33.0152    33.0141    26.5159    26.5152    8.21128 0.0000e+00
