Datasets/AZMP/HUD120/hud120_2020_069.cnv
* Sea-Bird SBE 9 Data File:
* FileName = C:\CTDDATA\hud120_2020_069.hex
* Software Version Seasave V 7.26.7.110
* Temperature SN = 1697
* Conductivity SN = 4216
* Number of Bytes Per Scan = 30
* Number of Voltage Words = 4
* Number of Scans Averaged by the Deck Unit = 1
* NMEA baud rate = 4800
** VESSEL/TRIP/SEQ STN:  hud120_2020_069
** LATITUDE XX XX.XX: 47 00.00 N
** LONGITUDE XX XX.XX: 047 49.00 W
** SOUNDING DEPTH (M): 0168
** PROBE TYPE: S1146
** CTD NUMBER: 048
** FORMAT: V
** COMMENTS (14 CHAR): FC-13
** BOTTLES:  10
** LEVELS: 5,10,20,30,40,50,75,100,150,BTM
** STICKERS: 439834 - 439843
** VNET: Y
** DO2: N
# nquan = 22
# nvalues = 3139                        
# units = specified
# name 0 = scan: Scan Count
# name 1 = prDM: Pressure, Digiquartz [db]
# name 2 = t090C: Temperature [ITS-90, deg C]
# name 3 = t190C: Temperature, 2 [ITS-90, deg C]
# name 4 = c0S/m: Conductivity [S/m]
# name 5 = c1S/m: Conductivity, 2 [S/m]
# name 6 = sbeox0V: Oxygen raw, SBE 43 [V]
# name 7 = sbeox1V: Oxygen raw, SBE 43, 2 [V]
# name 8 = ph: pH
# name 9 = flECO-AFL: Fluorescence, WET Labs ECO-AFL/FL [mg/m^3]
# name 10 = wetCDOM: Fluorescence, WET Labs CDOM [mg/m^3]
# name 11 = par/sat/log: PAR/Logarithmic, Satlantic [umol photons/m^2/sec]
# name 12 = CStarAt0: Beam Attenuation, WET Labs C-Star [1/m]
# name 13 = CStarTr0: Beam Transmission, WET Labs C-Star [%]
# name 14 = sbeox0ML/L: Oxygen, SBE 43 [ml/l], WS = 2
# name 15 = sbeox1ML/L: Oxygen, SBE 43, 2 [ml/l], WS = 2
# name 16 = sal00: Salinity, Practical [PSU]
# name 17 = sal11: Salinity, Practical, 2 [PSU]
# name 18 = sigma-t00: Density [sigma-t, kg/m^3 ]
# name 19 = sigma-t11: Density, 2 [sigma-t, kg/m^3 ]
# name 20 = oxsatML/L: Oxygen Saturation, Weiss [ml/l]
# name 21 = flag: flag
# span 0 =        107,      30601       
# span 1 =      3.192,    162.355       
# span 2 =     0.4502,     2.9275       
# span 3 =     0.4404,     2.9214       
# span 4 =   2.832911,   2.977038       
# span 5 =   2.832098,   2.976547       
# span 6 =     1.8583,     2.2376       
# span 7 =     2.2071,     2.6822       
# span 8 =      7.959,      8.102       
# span 9 =     0.9257,     8.3025       
# span 10 =    -2.8130,   482.1870      
# span 11 = 1.0715e-01, 4.5953e+01      
# span 12 =     0.0683,     1.1766      
# span 13 =    74.5165,    98.3073      
# span 14 =     6.4006,     7.7317      
# span 15 =     6.5908,     7.9489      
# span 16 =    32.6424,    33.9533      
# span 17 =    32.6375,    33.9524      
# span 18 =    26.0104,    27.1914      
# span 19 =    26.0069,    27.1909      
# span 20 =    7.57498,    8.03111      
# span 21 = 0.0000e+00, 0.0000e+00      
# interval = scans: 3                   
# start_time = Nov 24 2020 16:29:03 [System UTC, header]
# bad_flag = -9.990e-29
*END*
[from data line 2766]
      22333     31.357     2.9120     2.9077   2.970009   2.970174     2.1864     2.6167      8.097     6.2065     7.9253 7.4395e-01     0.2021    95.0738     7.5358     7.7083    32.6827    32.6891    26.0431    26.0485    7.57915 0.0000e+00
      22336     31.324     2.9120     2.9077   2.970236   2.970135     2.1864     2.6171      8.097     6.2675     6.8593 7.5696e-01     0.2021    95.0738     7.5348     7.7136    32.6856    32.6887    26.0454    26.0482    7.57902 0.0000e+00
      22339     31.288     2.9122     2.9078   2.970299   2.970208     2.1864     2.6171      8.097     6.2981     6.8988 7.5784e-01     0.2065    94.9695     7.5334     7.7148    32.6861    32.6894    26.0458    26.0488    7.57895 0.0000e+00
      22342     31.250     2.9122     2.9078   2.970316   2.970317     2.1864     2.6167      8.097     6.2879     6.8988 7.5608e-01     0.2065    94.9695     7.5315     7.7165    32.6864    32.6908    26.0460    26.0499    7.57893 0.0000e+00
      22345     31.212     2.9121     2.9080   2.970435   2.970385     2.1872     2.6175      8.097     6.2676     6.8988 7.6401e-01     0.2065    94.9695     7.5364     7.7203    32.6879    32.6915    26.0472    26.0504    7.57887 0.0000e+00
      22348     31.170     2.9119     2.9080   2.970419   2.970432     2.1868     2.6163      8.097     6.3082     6.8988 7.7469e-01     0.2072    94.9521     7.5351     7.7173    32.6879    32.6920    26.0472    26.0508    7.57890 0.0000e+00
      22351     31.130     2.9122     2.9081   2.970306   2.970383     2.1868     2.6167      8.097     6.2879     6.8988 7.6754e-01     0.2065    94.9695     7.5314     7.7191    32.6863    32.6914    26.0459    26.0504    7.57894 0.0000e+00
      22354     31.091     2.9120     2.9080   2.970300   2.970403     2.1876     2.6163      8.097     6.2981     6.8988 7.6932e-01     0.2069    94.9608     7.5319     7.7168    32.6864    32.6918    26.0460    26.0506    7.57896 0.0000e+00
      22357     31.054     2.9120     2.9080   2.970378   2.970395     2.1864     2.6167      8.097     6.2879     9.9387 7.7377e-01     0.2072    94.9521     7.5262     7.7172    32.6874    32.6917    26.0469    26.0506    7.57892 0.0000e+00
      22360     31.021     2.9121     2.9080   2.970320   2.970266     2.1868     2.6175      8.097     6.2370   419.7312 7.7198e-01     0.2065    94.9695     7.5288     7.7217    32.6866    32.6901    26.0462    26.0493    7.57894 0.0000e+00
      22389     30.907     2.9119     2.9074   2.969795   2.969629     2.1880     2.6175      8.099     5.8503   169.0393 7.6054e-01     0.2050    95.0042     7.5377     7.7309    32.6804    32.6830    26.0413    26.0437    7.57929 0.0000e+00
      22405     30.831     2.9116     2.9072   2.969624   2.969390     2.1884     2.6196      8.099     5.8402    12.5049 7.4740e-01     0.2043    95.0216     7.5419     7.7399    32.6787    32.6804    26.0399    26.0416    7.57943 0.0000e+00
      22408     30.786     2.9117     2.9076   2.969719   2.969562     2.1884     2.6196      8.097     5.8402    12.5049 7.4137e-01     0.2043    95.0216     7.5416     7.7383    32.6798    32.6821    26.0408    26.0430    7.57936 0.0000e+00
      22411     30.736     2.9117     2.9077   2.969741   2.969570     2.1876     2.6196      8.097     5.8300   211.2818 7.4309e-01     0.2043    95.0216     7.5364     7.7380    32.6801    32.6822    26.0410    26.0430    7.57934 0.0000e+00
      22414     30.696     2.9117     2.9076   2.969699   2.969527     2.1884     2.6208      8.097     6.1760   482.1870 7.5000e-01     0.2043    95.0216     7.5368     7.7421    32.6796    32.6817    26.0407    26.0426    7.57937 0.0000e+00
      22417     30.661     2.9116     2.9076   2.969686   2.969500     2.1880     2.6204      8.097     6.4100   481.0026 7.5959e-01     0.2043    95.0216     7.5327     7.7381    32.6796    32.6814    26.0406    26.0424    7.57938 0.0000e+00
      22420     30.626     2.9116     2.9075   2.969657   2.969477     2.1884     2.6196      8.097     6.3998   481.2000 7.6311e-01     0.2054    94.9955     7.5333     7.7347    32.6793    32.6812    26.0403    26.0423    7.57941 0.0000e+00
      22423     30.590     2.9115     2.9075   2.969663   2.969446     2.1884     2.6204      8.097     6.4202   481.2000 7.5696e-01     0.2054    94.9955     7.5342     7.7366    32.6794    32.6809    26.0405    26.0420    7.57941 0.0000e+00
      22426     30.552     2.9116     2.9075   2.969616   2.969416     2.1884     2.6204      8.097     6.4100   481.2395 7.5434e-01     0.2054    94.9955     7.5364     7.7344    32.6788    32.6805    26.0399    26.0417    7.57942 0.0000e+00
      22429     30.517     2.9117     2.9076   2.969618   2.969369     2.1884     2.6200      8.097     6.4100   481.2000 7.5871e-01     0.2054    94.9955     7.5388     7.7305    32.6787    32.6798    26.0399    26.0411    7.57941 0.0000e+00
      22432     30.483     2.9114     2.9076   2.969629   2.969385     2.1880     2.6204      8.097     6.4100   481.2000 7.5872e-01     0.2054    94.9955     7.5388     7.7308    32.6792    32.6801    26.0403    26.0414    7.57945 0.0000e+00
      22496     30.454     2.9119     2.9079   2.969567   2.969266     2.1892     2.6216      8.097     6.2167   320.4809 7.4354e-01     0.2054    94.9955     7.5414     7.7331    32.6779    32.6784    26.0392    26.0400    7.57941 0.0000e+00
      22621     30.415     2.9128     2.9083   2.969521   2.969037     2.1909     2.6224      8.097     5.8300     1.6876 7.1612e-01     0.2076    94.9434     7.5422     7.7298    32.6766    32.6751    26.0381    26.0374    7.57932 0.0000e+00
      22624     30.373     2.9127     2.9081   2.969527   2.969005     2.1917     2.6232      8.099     5.7588     3.5826 7.1860e-01     0.2105    94.8739     7.5448     7.7304    32.6767    32.6751    26.0382    26.0373    7.57933 0.0000e+00
      22627     30.333     2.9129     2.9080   2.969511   2.969007     2.1925     2.6241      8.097     5.7282     3.4642 7.2276e-01     0.2109    94.8652     7.5493     7.7360    32.6763    32.6752    26.0379    26.0374    7.57931 0.0000e+00
      22630     30.297     2.9128     2.9080   2.969513   2.969005     2.1921     2.6232      8.097     5.7486     3.4642 7.2946e-01     0.2109    94.8652     7.5472     7.7336    32.6764    32.6752    26.0380    26.0374    7.57931 0.0000e+00
      22633     30.267     2.9127     2.9080   2.969513   2.968986     2.1925     2.6232      8.097     5.7384     3.4642 7.2108e-01     0.2109    94.8652     7.5471     7.7338    32.6766    32.6749    26.0381    26.0372    7.57933 0.0000e+00
      22636     30.239     2.9127     2.9081   2.969504   2.969013     2.1921     2.6232      8.097     5.7384     3.4642 7.2694e-01     0.2102    94.8825     7.5454     7.7341    32.6764    32.6752    26.0380    26.0374    7.57933 0.0000e+00
      22640     30.214     2.9126     2.9080   2.969471   2.969009     2.1921     2.6232      8.097     5.7384     3.4642 7.2779e-01     0.2091    94.9086     7.5463     7.7324    32.6762    32.6752    26.0379    26.0375    7.57937 0.0000e+00
      22978     30.161     2.9125     2.9086   2.969451   2.968970     2.1921     2.6232      8.097     5.5756     9.5045 7.4912e-01     0.2069    94.9608     7.5505     7.7414    32.6761    32.6742    26.0377    26.0366    7.57939 0.0000e+00
      22981     30.078     2.9127     2.9085   2.969448   2.968922     2.1917     2.6224      8.100     5.5756     9.5045 7.5348e-01     0.2072    94.9521     7.5483     7.7394    32.6759    32.6737    26.0375    26.0362    7.57936 0.0000e+00
      22984     29.999     2.9128     2.9084   2.969427   2.968891     2.1921     2.6236      8.097     5.5655     9.5045 7.6046e-01     0.2072    94.9521     7.5467     7.7462    32.6756    32.6735    26.0373    26.0360    7.57937 0.0000e+00
      22987     29.927     2.9128     2.9084   2.969436   2.968895     2.1921     2.6245      8.097     5.5858   193.6347 7.7646e-01     0.2076    94.9434     7.5435     7.7511    32.6757    32.6736    26.0374    26.0362    7.57935 0.0000e+00
      22990     29.858     2.9128     2.9084   2.969429   2.968905     2.1921     2.6241      8.097     5.4637   482.1870 7.8731e-01     0.2072    94.9521     7.5427     7.7496    32.6757    32.6739    26.0374    26.0363    7.57937 0.0000e+00
      22993     29.796     2.9125     2.9083   2.969398   2.968887     2.1917     2.6236      8.097     5.4129   481.0816 7.9371e-01     0.2076    94.9434     7.5391     7.7472    32.6756    32.6736    26.0374    26.0362    7.57941 0.0000e+00
      22996     29.741     2.9126     2.9084   2.969381   2.968875     2.1913     2.6228      8.097     5.4230   481.1606 8.1133e-01     0.2076    94.9434     7.5347     7.7415    32.6753    32.6735    26.0371    26.0360    7.57941 0.0000e+00
      22999     29.689     2.9127     2.9084   2.969398   2.968873     2.1921     2.6236      8.097     5.4027   481.2395 8.0758e-01     0.2072    94.9521     7.5398     7.7448    32.6755    32.6735    26.0373    26.0360    7.57939 0.0000e+00
      23002     29.650     2.9129     2.9083   2.969382   2.968870     2.1925     2.6232      8.097     5.4027   481.2395 8.2457e-01     0.2069    94.9608     7.5424     7.7434    32.6751    32.6736    26.0370    26.0361    7.57937 0.0000e+00
      23005     29.621     2.9127     2.9083   2.969393   2.968897     2.1917     2.6245      8.097     5.4230   481.1606 8.3127e-01     0.2065    94.9695     7.5385     7.7469    32.6754    32.6739    26.0372    26.0364    7.57938 0.0000e+00
      23066     29.595     2.9125     2.9083   2.969400   2.968897     2.1917     2.6245      8.097     5.4332   325.3763 8.3609e-01     0.2061    94.9781     7.5408     7.7470    32.6758    32.6739    26.0375    26.0363    7.57941 0.0000e+00
      23184     29.566     2.9130     2.9086   2.969458   2.968896     2.1921     2.6245      8.097     5.4840    13.6893 8.3996e-01     0.2076    94.9434     7.5475     7.7497    32.6760    32.6737    26.0376    26.0361    7.57931 0.0000e+00
      23805     29.526     2.9138     2.9095   2.969717   2.969185     2.1909     2.6244      8.100     5.7282   311.8350 1.1446e+00     0.2058    94.9868     7.5368     7.7445    32.6784    32.6763    26.0395    26.0381    7.57904 0.0000e+00
      24117     29.440     2.9140     2.9099   2.969865   2.969354     2.1901     2.6244      8.099     5.3416   481.9896 1.3079e+00     0.2047    95.0129     7.5328     7.7411    32.6800    32.6780    26.0408    26.0395    7.57892 0.0000e+00
      24120     29.346     2.9140     2.9098   2.969897   2.969395     2.1901     2.6244      8.099     5.3213   480.8447 1.3215e+00     0.2043    95.0216     7.5347     7.7435    32.6804    32.6786    26.0410    26.0400    7.57888 0.0000e+00
      24123     29.246     2.9139     2.9097   2.969935   2.969436     2.1905     2.6244      8.100     5.3213   481.1211 1.3416e+00     0.2043    95.0216     7.5383     7.7435    32.6810    32.6792    26.0415    26.0405    7.57887 0.0000e+00
      24126     29.147     2.9142     2.9098   2.969946   2.969426     2.1901     2.6257      8.097     5.3009   481.1211 1.3525e+00     0.2043    95.0216     7.5375     7.7478    32.6810    32.6791    26.0415    26.0404    7.57883 0.0000e+00
      24129     29.053     2.9143     2.9099   2.969928   2.969418     2.1901     2.6244      8.099     5.3314   481.1211 1.3730e+00     0.2047    95.0129     7.5351     7.7451    32.6807    32.6789    26.0413    26.0402    7.57882 0.0000e+00
      24132     28.966     2.9140     2.9099   2.969918   2.969409     2.1901     2.6244      8.097     5.3314   481.1211 1.3922e+00     0.2043    95.0216     7.5373     7.7462    32.6808    32.6788    26.0414    26.0402    7.57886 0.0000e+00
      24135     28.880     2.9139     2.9097   2.969925   2.969409     2.1909     2.6257      8.099     5.3314   481.1211 1.4166e+00     0.2043    95.0216     7.5442     7.7512    32.6811    32.6791    26.0416    26.0404    7.57887 0.0000e+00
      24138     28.795     2.9139     2.9097   2.969927   2.969411     2.1905     2.6248      8.097     5.3213   437.5362 1.4313e+00     0.2032    95.0477     7.5446     7.7482    32.6812    32.6792    26.0417    26.0405    7.57888 0.0000e+00
      24141     28.711     2.9140     2.9098   2.969906   2.969419     2.1905     2.6244      8.099     5.3009    22.3351 1.4463e+00     0.2032    95.0477     7.5445     7.7457    32.6809    32.6792    26.0415    26.0405    7.57887 0.0000e+00
      24144     28.628     2.9138     2.9098   2.969917   2.969409     2.1909     2.6257      8.097     5.2908     0.3058 1.4597e+00     0.2032    95.0477     7.5439     7.7510    32.6813    32.6791    26.0418    26.0404    7.57889 0.0000e+00
      24147     28.547     2.9141     2.9098   2.969874   2.969401     2.1909     2.6244      8.099     5.2908     2.5167 1.4733e+00     0.2032    95.0477     7.5425     7.7458    32.6804    32.6791    26.0411    26.0403    7.57886 0.0000e+00
      24150     28.467     2.9140     2.9098   2.969862   2.969392     2.1909     2.6253      8.097     5.2908     2.3982 1.4991e+00     0.2028    95.0564     7.5421     7.7488    32.6804    32.6790    26.0411    26.0403    7.57888 0.0000e+00
      24153     28.386     2.9140     2.9098   2.969868   2.969390     2.1905     2.6257      8.097     5.2806     2.3982 1.5218e+00     0.2032    95.0477     7.5417     7.7512    32.6806    32.6791    26.0412    26.0404    7.57888 0.0000e+00
      24156     28.307     2.9137     2.9097   2.969860   2.969394     2.1909     2.6253      8.099     5.2806     2.3982 1.5520e+00     0.2061    94.9781     7.5413     7.7489    32.6808    32.6793    26.0414    26.0405    7.57892 0.0000e+00
      24159     28.231     2.9142     2.9096   2.969842   2.969390     2.1913     2.6257      8.099     5.2806     2.3982 1.5646e+00     0.2109    94.8652     7.5410     7.7504    32.6802    32.6793    26.0409    26.0406    7.57887 0.0000e+00
      24162     28.158     2.9142     2.9097   2.969844   2.969396     2.1909     2.6257      8.100     5.3009     2.3982 1.5737e+00     0.2109    94.8652     7.5391     7.7523    32.6802    32.6794    26.0409    26.0406    7.57886 0.0000e+00
      24165     28.086     2.9139     2.9097   2.969849   2.969380     2.1905     2.6253      8.099     5.2908   152.3791 1.5864e+00     0.2109    94.8652     7.5350     7.7494    32.6806    32.6792    26.0412    26.0405    7.57890 0.0000e+00
      24168     28.013     2.9138     2.9097   2.969843   2.969388     2.1901     2.6265      8.097     5.6062   482.1870 1.5864e+00     0.2109    94.8652     7.5316     7.7524    32.6806    32.6793    26.0413    26.0406    7.57891 0.0000e+00
      24171     27.938     2.9139     2.9096   2.969830   2.969369     2.1909     2.6257      8.099     5.7995   481.1211 1.5993e+00     0.2109    94.8652     7.5365     7.7507    32.6805    32.6792    26.0411    26.0405    7.57891 0.0000e+00
      24174     27.861     2.9138     2.9097   2.969845   2.969386     2.1913     2.6257      8.100     5.7995   481.0816 1.6067e+00     0.2109    94.8652     7.5393     7.7489    32.6807    32.6794    26.0413    26.0406    7.57890 0.0000e+00
      24177     27.784     2.9136     2.9098   2.969812   2.969368     2.1913     2.6257      8.100     5.7995   481.1211 1.6123e+00     0.2080    94.9347     7.5394     7.7477    32.6807    32.6791    26.0413    26.0404    7.57896 0.0000e+00
      24180     27.707     2.9136     2.9096   2.969833   2.969365     2.1905     2.6265      8.100     5.7893   481.1211 1.6273e+00     0.2061    94.9782     7.5368     7.7514    32.6809    32.6793    26.0415    26.0406    7.57894 0.0000e+00
      24183     27.628     2.9135     2.9096   2.969828   2.969349     2.1905     2.6257      8.097     5.7995   481.1211 1.6424e+00     0.2061    94.9782     7.5368     7.7478    32.6810    32.6792    26.0416    26.0405    7.57895 0.0000e+00
