Datasets/AZMP/HUD120/hud120_2020_109.cnv
* Sea-Bird SBE 9 Data File:
* FileName = C:\CTDDATA\hud120_2020_109.hex
* Software Version Seasave V 7.26.7.110
* Temperature SN = 1697
* Conductivity SN = 4216
* Number of Bytes Per Scan = 30
* Number of Voltage Words = 4
* Number of Scans Averaged by the Deck Unit = 1
* NMEA baud rate = 4800
** VESSEL/TRIP/SEQ STN:  hud120_2020_109
** LATITUDE XX XX.XX: 47 37.80 N
** LONGITUDE XX XX.XX: 052 07.20 W
** SOUNDING DEPTH (M): 0172
** PROBE TYPE: S1146
** CTD NUMBER: 079
** FORMAT: V
** COMMENTS (14 CHAR): S27-03
** BOTTLES:  10
** LEVELS: 5,10,20,30,40,50,75,100,150,BTM
** STICKERS: 440089 - 440098
** VNET: Y
** DO2: N
# nquan = 22
# nvalues = 3411                        
# units = specified
# name 0 = scan: Scan Count
# name 1 = prDM: Pressure, Digiquartz [db]
# name 2 = t090C: Temperature [ITS-90, deg C]
# name 3 = t190C: Temperature, 2 [ITS-90, deg C]
# name 4 = c0S/m: Conductivity [S/m]
# name 5 = c1S/m: Conductivity, 2 [S/m]
# name 6 = sbeox0V: Oxygen raw, SBE 43 [V]
# name 7 = sbeox1V: Oxygen raw, SBE 43, 2 [V]
# name 8 = ph: pH
# name 9 = flECO-AFL: Fluorescence, WET Labs ECO-AFL/FL [mg/m^3]
# name 10 = wetCDOM: Fluorescence, WET Labs CDOM [mg/m^3]
# name 11 = par/sat/log: PAR/Logarithmic, Satlantic [umol photons/m^2/sec]
# name 12 = CStarAt0: Beam Attenuation, WET Labs C-Star [1/m]
# name 13 = CStarTr0: Beam Transmission, WET Labs C-Star [%]
# name 14 = sbeox0ML/L: Oxygen, SBE 43 [ml/l], WS = 2
# name 15 = sbeox1ML/L: Oxygen, SBE 43, 2 [ml/l], WS = 2
# name 16 = sal00: Salinity, Practical [PSU]
# name 17 = sal11: Salinity, Practical, 2 [PSU]
# name 18 = sigma-t00: Density [sigma-t, kg/m^3 ]
# name 19 = sigma-t11: Density, 2 [sigma-t, kg/m^3 ]
# name 20 = oxsatML/L: Oxygen Saturation, Weiss [ml/l]
# name 21 = flag: flag
# span 0 =        112,      37070       
# span 1 =      0.542,    166.971       
# span 2 =    -0.5664,     3.4081       
# span 3 =    -0.5713,     3.4036       
# span 4 =   2.696968,   2.929570       
# span 5 =   2.696917,   2.929033       
# span 6 =     1.8115,     2.2218       
# span 7 =     2.1244,     2.6208       
# span 8 =      8.015,      8.189       
# span 9 =     0.9765,     5.2500       
# span 10 =    -2.8130,   482.1870      
# span 11 = 1.0328e-01, 1.0758e+00      
# span 12 =     0.0963,     0.2718      
# span 13 =    93.4309,    97.6206      
# span 14 =     6.3941,     7.7730      
# span 15 =     6.4427,     7.8635      
# span 16 =    31.6269,    33.6084      
# span 17 =    29.8316,    33.6069      
# span 18 =    25.1609,    26.9643      
# span 19 =    23.7321,    26.9633      
# span 20 =    7.53402,    8.29055      
# span 21 = 0.0000e+00, 0.0000e+00      
# interval = scans: 3                   
# start_time = Dec 01 2020 04:26:09 [System UTC, header]
# bad_flag = -9.990e-29
*END*
[from data line 66]
        544      5.972     3.3853     3.3805   2.926840   2.926253     2.2112     2.5849      8.181     4.2529    13.8866 1.0727e-01     0.1628    96.0125     7.5727     7.5400    31.7034    31.7011    25.2212    25.2198    7.53873 0.0000e+00
        547      6.065     3.3859     3.3806   2.926881   2.926284     2.2116     2.5857      8.181     4.1511   371.5667 1.0715e-01     0.1628    96.0125     7.5683     7.5428    31.7033    31.7013    25.2211    25.2200    7.53863 0.0000e+00
        550      6.153     3.3862     3.3815   2.926920   2.926325     2.2116     2.5849      8.181     4.1511   481.9896 1.0715e-01     0.1628    96.0125     7.5603     7.5390    31.7034    31.7009    25.2211    25.2196    7.53856 0.0000e+00
        553      6.244     3.3867     3.3813   2.926908   2.926343     2.2125     2.5857      8.181     4.1613   481.0816 1.0715e-01     0.1624    96.0212     7.5576     7.5408    31.7027    31.7012    25.2206    25.2198    7.53850 0.0000e+00
        556      6.330     3.3865     3.3812   2.926902   2.926333     2.2137     2.5849      8.181     4.1613   481.3579 1.0715e-01     0.1628    96.0125     7.5582     7.5358    31.7029    31.7012    25.2207    25.2198    7.53854 0.0000e+00
        559      6.414     3.3863     3.3809   2.926894   2.926312     2.2141     2.5857      8.181     4.1613   481.3184 1.0715e-01     0.1628    96.0125     7.5555     7.5368    31.7029    31.7012    25.2207    25.2198    7.53857 0.0000e+00
        562      6.499     3.3857     3.3810   2.926845   2.926341     2.2133     2.5849      8.181     4.1613   481.3184 1.0715e-01     0.1606    96.0647     7.5480     7.5337    31.7029    31.7014    25.2207    25.2200    7.53869 0.0000e+00
        565      6.582     3.3869     3.3829   2.926996   2.926550     2.2112     2.5861      8.181     4.1613   481.3579 1.0715e-01     0.1606    96.0647     7.5341     7.5357    31.7034    31.7020    25.2211    25.2203    7.53843 0.0000e+00
        568      6.657     3.3883     3.3837   2.927268   2.926692     2.2096     2.5861      8.181     4.1715   481.3184 1.0715e-01     0.1606    96.0647     7.5233     7.5335    31.7053    31.7029    25.2224    25.2209    7.53807 0.0000e+00
        571      6.726     3.3888     3.3905   2.927221   2.927486     2.2096     2.5849      8.183     3.8561   440.6550 1.0715e-01     0.1606    96.0647     7.5228     7.5281    31.7042    31.7057    25.2215    25.2225    7.53803 0.0000e+00
        574      6.788     3.3868     3.3935   2.927019   2.927669     2.2096     2.5861      8.181     3.8154    26.2436 1.0715e-01     0.1606    96.0647     7.5221     7.5304    31.7037    31.7050    25.2213    25.2217    7.53844 0.0000e+00
        577      6.846     3.3884     3.3928   2.927341   2.927562     2.2100     2.5861      8.181     3.8154    10.9652 1.0715e-01     0.1606    96.0647     7.5239     7.5294    31.7060    31.7043    25.2230    25.2212    7.53802 0.0000e+00
        580      6.896     3.3979     3.3921   2.928315   2.927536     2.2100     2.5861      8.181     3.8256    11.8732 1.0715e-01     0.1631    96.0038     7.5227     7.5299    31.7082    31.7046    25.2239    25.2216    7.53610 0.0000e+00
        583      6.943     3.4000     3.3962   2.928256   2.928051     2.2100     2.5861      8.183     3.8256    11.8732 1.0715e-01     0.1675    95.8995     7.5316     7.5269    31.7055    31.7068    25.2216    25.2229    7.53585 0.0000e+00
        586      6.985     3.3969     3.3962   2.928109   2.927948     2.2100     2.5861      8.181     3.8154    11.8732 1.0715e-01     0.1675    95.8995     7.5431     7.5266    31.7068    31.7055    25.2228    25.2220    7.53637 0.0000e+00
        589      7.016     3.3989     3.3940   2.928232   2.927736     2.2096     2.5849      8.181     3.8256    11.8732 1.0715e-01     0.1675    95.8995     7.5487     7.5217    31.7062    31.7051    25.2222    25.2218    7.53602 0.0000e+00
        614      7.044     3.4014     3.3962   2.928594   2.928019     2.2100     2.5857      8.181     3.7950    10.1361 1.0715e-01     0.1653    95.9517     7.5496     7.5256    31.7081    31.7063    25.2236    25.2225    7.53546 0.0000e+00
        660      7.076     3.4065     3.4006   2.929193   2.928478     2.2100     2.5857      8.181     3.7035     6.6620 1.0715e-01     0.1613    96.0473     7.5432     7.5253    31.7103    31.7074    25.2248    25.2231    7.53439 0.0000e+00
        663      7.106     3.4072     3.4002   2.929256   2.928427     2.2104     2.5857      8.181     3.7136     6.6620 1.0715e-01     0.1588    96.1081     7.5473     7.5249    31.7103    31.7072    25.2247    25.2230    7.53425 0.0000e+00
        666      7.139     3.4072     3.4007   2.929244   2.928544     2.2092     2.5857      8.181     3.7340     6.6620 1.0715e-01     0.1588    96.1081     7.5427     7.5249    31.7101    31.7081    25.2246    25.2236    7.53426 0.0000e+00
        669      7.178     3.4069     3.4017   2.929207   2.928620     2.2096     2.5853      8.181     3.7238     6.6620 1.0715e-01     0.1584    96.1168     7.5441     7.5227    31.7100    31.7080    25.2246    25.2234    7.53433 0.0000e+00
        672      7.222     3.4055     3.4007   2.929033   2.928508     2.2096     2.5857      8.181     3.7238     6.6620 1.0715e-01     0.1584    96.1168     7.5468     7.5217    31.7093    31.7076    25.2241    25.2232    7.53463 0.0000e+00
        675      7.270     3.4052     3.4019   2.929079   2.928719     2.2100     2.5857      8.181     3.7340     6.6620 1.0715e-01     0.1584    96.1168     7.5473     7.5179    31.7101    31.7090    25.2248    25.2242    7.53465 0.0000e+00
        678      7.316     3.4071     3.4032   2.929352   2.928822     2.2096     2.5861      8.181     3.7645   380.4100 1.0715e-01     0.1584    96.1168     7.5452     7.5163    31.7114    31.7089    25.2257    25.2240    7.53422 0.0000e+00
        681      7.368     3.4078     3.4036   2.929391   2.928837     2.2100     2.5861      8.181     3.7746   481.9501 1.0715e-01     0.1595    96.0908     7.5481     7.5166    31.7112    31.7087    25.2254    25.2238    7.53410 0.0000e+00
        684      7.423     3.4079     3.4035   2.929359   2.928817     2.2100     2.5853      8.181     3.7645   481.0816 1.0727e-01     0.1595    96.0908     7.5467     7.5141    31.7107    31.7085    25.2250    25.2237    7.53410 0.0000e+00
        687      7.478     3.4070     3.4032   2.929273   2.928787     2.2104     2.5849      8.181     3.7441   481.3184 1.0715e-01     0.1595    96.0908     7.5494     7.5136    31.7105    31.7084    25.2249    25.2236    7.53428 0.0000e+00
        690      7.530     3.4063     3.4032   2.929208   2.928832     2.2096     2.5849      8.181     3.7543   481.3184 1.0715e-01     0.1595    96.0908     7.5473     7.5135    31.7104    31.7090    25.2249    25.2241    7.53441 0.0000e+00
        693      7.587     3.4063     3.4030   2.929204   2.928816     2.2100     2.5857      8.181     3.7543   481.3579 1.0715e-01     0.1595    96.0908     7.5447     7.5156    31.7103    31.7089    25.2249    25.2241    7.53442 0.0000e+00
        696      7.645     3.4063     3.4028   2.929193   2.928810     2.2104     2.5849      8.181     3.7645   481.3579 1.0715e-01     0.1595    96.0908     7.5454     7.5116    31.7102    31.7089    25.2248    25.2241    7.53443 0.0000e+00
        699      7.703     3.4071     3.4029   2.929348   2.928837     2.2092     2.5840      8.181     3.7543   481.3184 1.0715e-01     0.1595    96.0908     7.5392     7.5094    31.7112    31.7092    25.2255    25.2243    7.53423 0.0000e+00
        702      7.762     3.4075     3.4031   2.929424   2.928878     2.2096     2.5840      8.181     3.7035   429.4430 1.0715e-01     0.1591    96.0995     7.5396     7.5098    31.7116    31.7094    25.2258    25.2244    7.53412 0.0000e+00
        705      7.819     3.4076     3.4029   2.929422   2.928879     2.2104     2.5849      8.181     3.6831    17.0450 1.0715e-01     0.1584    96.1168     7.5439     7.5138    31.7115    31.7096    25.2257    25.2246    7.53411 0.0000e+00
        708      7.874     3.4075     3.4030   2.929413   2.928879     2.2096     2.5849      8.181     3.6933    -2.6551 1.0715e-01     0.1595    96.0908     7.5407     7.5160    31.7115    31.7095    25.2257    25.2245    7.53414 0.0000e+00
        711      7.926     3.4076     3.4029   2.929424   2.928874     2.2100     2.5849      8.181     3.6831    -1.4707 1.0715e-01     0.1591    96.0995     7.5445     7.5137    31.7115    31.7095    25.2257    25.2245    7.53412 0.0000e+00
        714      7.982     3.4076     3.4032   2.929433   2.928905     2.2096     2.5849      8.181     3.6933    -1.5102 1.0715e-01     0.1591    96.0995     7.5425     7.5119    31.7116    31.7095    25.2257    25.2245    7.53411 0.0000e+00
        717      8.037     3.4076     3.4033   2.929452   2.928910     2.2088     2.5836      8.181     3.6933    -1.5497 1.0715e-01     0.1588    96.1081     7.5386     7.5063    31.7118    31.7095    25.2259    25.2245    7.53411 0.0000e+00
        720      8.087     3.4078     3.4031   2.929444   2.928905     2.2100     2.5845      8.181     3.6933    -1.5497 1.0715e-01     0.1591    96.0995     7.5436     7.5093    31.7114    31.7096    25.2256    25.2246    7.53408 0.0000e+00
        723      8.133     3.4074     3.4031   2.929381   2.928890     2.2092     2.5849      8.181     3.6933    -1.5891 1.0715e-01     0.1595    96.0908     7.5421     7.5094    31.7111    31.7094    25.2253    25.2244    7.53417 0.0000e+00
        726      8.180     3.4075     3.4033   2.929412   2.928927     2.2096     2.5836      8.181     3.7849    -1.5102 1.0715e-01     0.1595    96.0908     7.5421     7.5019    31.7114    31.7097    25.2256    25.2246    7.53415 0.0000e+00
        729      8.223     3.4078     3.4030   2.929450   2.928909     2.2100     2.5840      8.181     4.2224    -1.0364 1.0715e-01     0.1595    96.0908     7.5436     7.5012    31.7115    31.7097    25.2257    25.2246    7.53409 0.0000e+00
        732      8.270     3.4081     3.4032   2.929447   2.928922     2.2096     2.5840      8.181     4.2122     0.0295 1.0727e-01     0.1595    96.0908     7.5420     7.5014    31.7111    31.7096    25.2253    25.2246    7.53404 0.0000e+00
        735      8.317     3.4080     3.4032   2.929459   2.928886     2.2100     2.5828      8.181     4.2325     0.0295 1.0715e-01     0.1595    96.0908     7.5432     7.4982    31.7113    31.7092    25.2255    25.2242    7.53405 0.0000e+00
        738      8.362     3.4078     3.4031   2.929441   2.928914     2.2092     2.5828      8.181     4.2122     0.0295 1.0715e-01     0.1595    96.0908     7.5398     7.4994    31.7113    31.7095    25.2255    25.2245    7.53409 0.0000e+00
        741      8.405     3.4078     3.4031   2.929437   2.928918     2.2096     2.5832      8.181     4.2020     0.0295 1.0715e-01     0.1595    96.0908     7.5418     7.5010    31.7112    31.7096    25.2255    25.2246    7.53410 0.0000e+00
        744      8.451     3.4080     3.4031   2.929452   2.928915     2.2088     2.5824      8.181     4.2122     0.0295 1.0715e-01     0.1595    96.0908     7.5386     7.4967    31.7112    31.7095    25.2254    25.2245    7.53407 0.0000e+00
        747      8.498     3.4078     3.4032   2.929455   2.928913     2.2100     2.5828      8.181     4.2224     0.0295 1.0715e-01     0.1595    96.0908     7.5439     7.4991    31.7113    31.7094    25.2256    25.2244    7.53408 0.0000e+00
        750      8.543     3.4078     3.4032   2.929448   2.928923     2.2092     2.5824      8.181     4.2224     0.0295 1.0715e-01     0.1595    96.0908     7.5385     7.4986    31.7112    31.7095    25.2254    25.2245    7.53409 0.0000e+00
        753      8.591     3.4081     3.4032   2.929484   2.928926     2.2088     2.5820      8.181     4.6803     0.0295 1.0715e-01     0.1595    96.0908     7.5385     7.4976    31.7114    31.7096    25.2256    25.2245    7.53404 0.0000e+00
        756      8.641     3.4079     3.4032   2.929446   2.928943     2.2092     2.5824      8.181     5.2500     6.9384 1.0715e-01     0.1595    96.0908     7.5418     7.5021    31.7111    31.7096    25.2253    25.2246    7.53408 0.0000e+00
        759      8.690     3.4080     3.4030   2.929468   2.928903     2.2088     2.5828      8.181     5.2398    11.3995 1.0715e-01     0.1595    96.0908     7.5427     7.5063    31.7112    31.7094    25.2254    25.2244    7.53406 0.0000e+00
        762      8.741     3.4080     3.4028   2.929464   2.928906     2.2088     2.5816      8.181     5.2398    11.1626 1.0715e-01     0.1602    96.0734     7.5423     7.5030    31.7112    31.7095    25.2254    25.2246    7.53407 0.0000e+00
        765      8.795     3.4078     3.4030   2.929486   2.928894     2.2100     2.5820      8.181     5.2398    11.2415 1.0715e-01     0.1613    96.0473     7.5467     7.5051    31.7116    31.7093    25.2257    25.2243    7.53407 0.0000e+00
        768      8.852     3.4079     3.4029   2.929480   2.928913     2.2096     2.5816      8.181     5.2195    11.1626 1.0727e-01     0.1610    96.0560     7.5432     7.5069    31.7114    31.7095    25.2256    25.2245    7.53407 0.0000e+00
        771      8.914     3.4078     3.4031   2.929494   2.928946     2.2088     2.5812      8.183     5.2297    11.2415 1.0715e-01     0.1613    96.0473     7.5376     7.5073    31.7116    31.7097    25.2258    25.2247    7.53407 0.0000e+00
        774      8.977     3.4078     3.4031   2.929496   2.928946     2.2088     2.5812      8.181     5.2500    11.2415 1.0715e-01     0.1610    96.0560     7.5383     7.5101    31.7116    31.7096    25.2257    25.2246    7.53407 0.0000e+00
        777      9.041     3.4080     3.4033   2.929507   2.928993     2.2096     2.5816      8.181     5.2398    11.1626 1.0715e-01     0.1613    96.0473     7.5417     7.5129    31.7115    31.7100    25.2257    25.2248    7.53404 0.0000e+00
        780      9.109     3.4081     3.4032   2.929530   2.928992     2.2096     2.5820      8.181     4.1002    15.0710 1.0715e-01     0.1613    96.0473     7.5386     7.5156    31.7117    31.7100    25.2258    25.2249    7.53402 0.0000e+00
        783      9.175     3.4079     3.4034   2.929525   2.928987     2.2096     2.5820      8.181     3.7238   422.5736 1.0715e-01     0.1577    96.1342     7.5362     7.5165    31.7118    31.7097    25.2259    25.2246    7.53405 0.0000e+00
        786      9.240     3.4081     3.4033   2.929514   2.928998     2.2084     2.5816      8.181     3.7136   481.3579 1.0715e-01     0.1552    96.1951     7.5303     7.5196    31.7115    31.7099    25.2256    25.2248    7.53404 0.0000e+00
        789      9.310     3.4078     3.4033   2.929498   2.929001     2.2092     2.5820      8.181     3.7340   481.0816 1.0715e-01     0.1552    96.1951     7.5367     7.5209    31.7115    31.7100    25.2257    25.2249    7.53409 0.0000e+00
        792      9.382     3.4077     3.4033   2.929516   2.929032     2.2080     2.5824      8.181     3.7340   481.2790 1.0715e-01     0.1552    96.1951     7.5346     7.5225    31.7117    31.7102    25.2259    25.2251    7.53408 0.0000e+00
        795      9.455     3.4078     3.4033   2.929518   2.928995     2.2084     2.5824      8.181     3.7340   481.2790 1.0715e-01     0.1552    96.1951     7.5353     7.5220    31.7116    31.7098    25.2257    25.2247    7.53407 0.0000e+00
        798      9.527     3.4078     3.4034   2.929529   2.929004     2.2088     2.5824      8.181     3.7136   481.3579 1.0715e-01     0.1552    96.1951     7.5350     7.5214    31.7117    31.7098    25.2259    25.2247    7.53407 0.0000e+00
        801      9.596     3.4079     3.4032   2.929529   2.928994     2.2088     2.5824      8.181     3.7136   481.3184 1.0727e-01     0.1556    96.1864     7.5340     7.5201    31.7116    31.7098    25.2257    25.2247    7.53405 0.0000e+00
