Datasets/AZMP/HUD120/hud120_2020_061.cnv
* Sea-Bird SBE 9 Data File:
* FileName = C:\CTDDATA\hud120_2020_061.hex
* Software Version Seasave V 7.26.7.110
* Temperature SN = 1697
* Conductivity SN = 4216
* Number of Bytes Per Scan = 30
* Number of Voltage Words = 4
* Number of Scans Averaged by the Deck Unit = 1
* NMEA baud rate = 4800
** VESSEL/TRIP/SEQ STN:  hud120_2020_061
** LATITUDE XX XX.XX: 47 00.00 N
** LONGITUDE XX XX.XX: 046 01.00 W
** SOUNDING DEPTH (M): 0308
** PROBE TYPE: S1146
** CTD NUMBER: 040
** FORMAT: V
** COMMENTS (14 CHAR): FC-21
** BOTTLES:  11
** LEVELS: 5,10,20,30,40,50,75,100,150,250,BTM
** STICKERS: 439770 - 439780
** VNET: Y
** DO2: N
# nquan = 22
# nvalues = 4832                        
# units = specified
# name 0 = scan: Scan Count
# name 1 = prDM: Pressure, Digiquartz [db]
# name 2 = t090C: Temperature [ITS-90, deg C]
# name 3 = t190C: Temperature, 2 [ITS-90, deg C]
# name 4 = c0S/m: Conductivity [S/m]
# name 5 = c1S/m: Conductivity, 2 [S/m]
# name 6 = sbeox0V: Oxygen raw, SBE 43 [V]
# name 7 = sbeox1V: Oxygen raw, SBE 43, 2 [V]
# name 8 = ph: pH
# name 9 = flECO-AFL: Fluorescence, WET Labs ECO-AFL/FL [mg/m^3]
# name 10 = wetCDOM: Fluorescence, WET Labs CDOM [mg/m^3]
# name 11 = par/sat/log: PAR/Logarithmic, Satlantic [umol photons/m^2/sec]
# name 12 = CStarAt0: Beam Attenuation, WET Labs C-Star [1/m]
# name 13 = CStarTr0: Beam Transmission, WET Labs C-Star [%]
# name 14 = sbeox0ML/L: Oxygen, SBE 43 [ml/l], WS = 2
# name 15 = sbeox1ML/L: Oxygen, SBE 43, 2 [ml/l], WS = 2
# name 16 = sal00: Salinity, Practical [PSU]
# name 17 = sal11: Salinity, Practical, 2 [PSU]
# name 18 = sigma-t00: Density [sigma-t, kg/m^3 ]
# name 19 = sigma-t11: Density, 2 [sigma-t, kg/m^3 ]
# name 20 = oxsatML/L: Oxygen Saturation, Weiss [ml/l]
# name 21 = flag: flag
# span 0 =         72,      40112       
# span 1 =      2.763,    303.084       
# span 2 =     3.5725,     8.0665       
# span 3 =     3.5690,     8.0616       
# span 4 =   3.173311,   3.451546       
# span 5 =   3.172933,   3.451048       
# span 6 =     1.7902,     2.2129       
# span 7 =     2.1181,     2.6465       
# span 8 =      7.949,      8.159       
# span 9 =     0.8850,     6.0132       
# span 10 =    -2.8130,   482.1870      
# span 11 = 1.0690e-01, 9.9373e+00      
# span 12 =     0.0810,     0.2517      
# span 13 =    93.9003,    97.9944      
# span 14 =     5.6395,     7.0771      
# span 15 =     5.7817,     7.4297      
# span 16 =    33.1112,    34.8565      
# span 17 =    33.1097,    34.8558      
# span 18 =    25.7816,    27.6517      
# span 19 =    25.7812,    27.6517      
# span 20 =    6.67818,    7.36945      
# span 21 = 0.0000e+00, 0.0000e+00      
# interval = scans: 3                   
# start_time = Nov 23 2020 19:02:47 [System UTC, header]
# bad_flag = -9.990e-29
*END*
[from data line 1647]
       6539    225.060     4.3792     4.3741   3.283444   3.282968     1.8408     2.1823      7.975     0.9053    -0.4443 1.0715e-01     0.0821    97.9683     5.8815     6.0456    34.8076    34.8073    27.5926    27.5930    7.20571 0.0000e+00
       6542    225.256     4.3784     4.3735   3.283383   3.282898     1.8408     2.1835      7.977     0.9053    -0.4443 1.0715e-01     0.0821    97.9683     5.8823     6.0475    34.8076    34.8070    27.5927    27.5929    7.20585 0.0000e+00
       6545    225.444     4.3776     4.3732   3.283352   3.282903     1.8416     2.1835      7.977     0.8952     0.0689 1.0715e-01     0.0821    97.9683     5.8843     6.0451    34.8080    34.8073    27.5931    27.5931    7.20598 0.0000e+00
       6548    225.625     4.3777     4.3727   3.283354   3.282878     1.8421     2.1852      7.977     0.9155     2.3982 1.0715e-01     0.0821    97.9683     5.8861     6.0487    34.8078    34.8075    27.5930    27.5933    7.20597 0.0000e+00
       6551    225.800     4.3751     4.3699   3.283021   3.282558     1.8425     2.1860      7.977     0.8952     2.3982 1.0715e-01     0.0817    97.9770     5.8874     6.0491    34.8065    34.8066    27.5922    27.5929    7.20649 0.0000e+00
       6554    225.968     4.3693     4.3638   3.282411   3.281963     1.8429     2.1860      7.977     0.8952     2.3982 1.0715e-01     0.0821    97.9683     5.8874     6.0448    34.8054    34.8059    27.5920    27.5930    7.20757 0.0000e+00
       6557    226.128     4.3635     4.3580   3.281912   3.281462     1.8437     2.1880      7.977     0.9053     2.3982 1.0715e-01     0.0821    97.9683     5.8906     6.0493    34.8055    34.8060    27.5927    27.5938    7.20857 0.0000e+00
       6560    226.277     4.3590     4.3532   3.281489   3.281011     1.8437     2.1880      7.977     0.9053     2.3982 1.0715e-01     0.0821    97.9683     5.8905     6.0469    34.8053    34.8057    27.5930    27.5940    7.20939 0.0000e+00
       6563    226.415     4.3554     4.3501   3.281235   3.280754     1.8445     2.1880      7.977     0.9257     2.3982 1.0715e-01     0.0821    97.9683     5.8934     6.0447    34.8060    34.8058    27.5940    27.5944    7.20999 0.0000e+00
       6566    226.539     4.3538     4.3490   3.281145   3.280674     1.8449     2.1892      7.977     0.9358     2.3982 1.0715e-01     0.0821    97.9683     5.8964     6.0463    34.8066    34.8060    27.5946    27.5947    7.21024 0.0000e+00
       6569    226.646     4.3528     4.3476   3.281019   3.280536     1.8457     2.1896      7.977     0.9460     2.3982 1.0715e-01     0.0821    97.9683     5.8974     6.0454    34.8061    34.8058    27.5944    27.5947    7.21044 0.0000e+00
       6572    226.735     4.3510     4.3461   3.280887   3.280428     1.8453     2.1901      7.977     0.9155     3.5431 1.0715e-01     0.0821    97.9683     5.8938     6.0444    34.8064    34.8061    27.5948    27.5951    7.21074 0.0000e+00
       6575    226.809     4.3497     4.3453   3.280870   3.280367     1.8453     2.1901      7.977     0.9358     4.9643 1.0715e-01     0.0821    97.9683     5.8915     6.0427    34.8074    34.8062    27.5957    27.5953    7.21091 0.0000e+00
       6578    226.866     4.3499     4.3448   3.280905   3.280405     1.8465     2.1901      7.977     0.9358     4.8854 1.0715e-01     0.0821    97.9683     5.8953     6.0404    34.8077    34.8071    27.5959    27.5961    7.21088 0.0000e+00
       6581    226.909     4.3505     4.3451   3.281088   3.280459     1.8474     2.1905      7.977     0.9358     4.8854 1.0715e-01     0.0825    97.9596     5.8960     6.0403    34.8091    34.8074    27.5970    27.5962    7.21069 0.0000e+00
       6612    226.943     4.3736     4.3604   3.283557   3.281885     1.8482     2.1921      7.977     0.9460     5.8329 1.0715e-01     0.0817    97.9770     5.8803     6.0239    34.8139    34.8080    27.5982    27.5951    7.20641 0.0000e+00
       6672    227.025     4.3928     4.3913   3.284975   3.284773     1.8510     2.1937      7.977     0.9358     7.7279 1.0715e-01     0.0810    97.9944     5.8657     5.9828    34.8102    34.8094    27.5933    27.5928    7.20320 0.0000e+00
       6675    227.122     4.3969     4.3928   3.285382   3.284948     1.8506     2.1929      7.977     0.9460    10.0177 1.0715e-01     0.0817    97.9770     5.8620     5.9791    34.8107    34.8098    27.5932    27.5930    7.20247 0.0000e+00
       6678    227.231     4.3985     4.3921   3.285471   3.284786     1.8510     2.1921      7.977     0.9460   417.5993 1.0715e-01     0.0814    97.9857     5.8612     5.9751    34.8100    34.8086    27.5925    27.5921    7.20222 0.0000e+00
       6681    227.351     4.4002     4.3911   3.285606   3.284854     1.8502     2.1929      7.977     0.9460   481.5948 1.0727e-01     0.0817    97.9770     5.8555     5.9770    34.8097    34.8104    27.5920    27.5936    7.20193 0.0000e+00
       6684    227.479     4.3910     4.3894   3.284904   3.284548     1.8506     2.1917      7.977     0.9460   481.0816 1.0715e-01     0.0828    97.9509     5.8575     5.9735    34.8111    34.8085    27.5942    27.5923    7.20348 0.0000e+00
       6687    227.616     4.3869     4.3780   3.284237   3.283485     1.8494     2.1917      7.977     0.9358   481.3579 1.0715e-01     0.0842    97.9162     5.8492     5.9761    34.8074    34.8079    27.5917    27.5930    7.20437 0.0000e+00
       6690    227.755     4.3785     4.3776   3.283597   3.283704     1.8494     2.1917      7.975     0.9358   481.3579 1.0715e-01     0.0842    97.9162     5.8478     5.9759    34.8086    34.8109    27.5936    27.5955    7.20578 0.0000e+00
       6693    227.904     4.3792     4.3818   3.283885   3.284057     1.8494     2.1917      7.977     0.9053   481.3579 1.0715e-01     0.0842    97.9162     5.8461     5.9752    34.8112    34.8105    27.5956    27.5948    7.20554 0.0000e+00
       6696    228.062     4.3842     4.3712   3.284233   3.282629     1.8506     2.1917      7.977     0.9053   481.3579 1.0715e-01     0.0842    97.9162     5.8498     5.9765    34.8100    34.8048    27.5941    27.5914    7.20473 0.0000e+00
       6699    228.226     4.3739     4.3473   3.282696   3.280717     1.8498     2.1909      7.977     0.8850   481.3579 1.0715e-01     0.0842    97.9162     5.8474     5.9768    34.8027    34.8074    27.5893    27.5960    7.20689 0.0000e+00
       6702    228.398     4.3517     4.3380   3.280992   3.280154     1.8494     2.1905      7.977     0.9053   404.0974 1.0715e-01     0.0842    97.9162     5.8476     5.9756    34.8059    34.8105    27.5943    27.5995    7.21063 0.0000e+00
       6705    228.578     4.3395     4.3311   3.280149   3.279545     1.8494     2.1905      7.975     0.8850     8.9123 1.0715e-01     0.0824    97.9596     5.8495     5.9754    34.8088    34.8105    27.5979    27.6002    7.21265 0.0000e+00
       6708    228.758     4.3298     4.3222   3.279414   3.278821     1.8494     2.1905      7.975     0.9053     8.0437 1.0715e-01     0.0810    97.9944     5.8522     5.9774    34.8103    34.8113    27.6002    27.6018    7.21429 0.0000e+00
       6711    228.946     4.3225     4.3159   3.278925   3.278410     1.8486     2.1905      7.975     0.9053     8.5570 1.0715e-01     0.0814    97.9857     5.8517     5.9782    34.8121    34.8130    27.6024    27.6038    7.21548 0.0000e+00
       6714    229.140     4.3195     4.3140   3.278725   3.278237     1.8490     2.1892      7.972     0.8850     8.5175 1.0715e-01     0.0810    97.9944     5.8548     5.9740    34.8128    34.8128    27.6034    27.6039    7.21599 0.0000e+00
       6717    229.335     4.3172     4.3120   3.278538   3.278066     1.8486     2.1888      7.972     0.8952     8.4780 1.0715e-01     0.0810    97.9944     5.8503     5.9733    34.8129    34.8129    27.6037    27.6042    7.21638 0.0000e+00
       6720    229.532     4.3151     4.3100   3.278402   3.277902     1.8482     2.1884      7.972     0.9053     8.4385 1.0715e-01     0.0810    97.9944     5.8496     5.9737    34.8134    34.8129    27.6043    27.6045    7.21672 0.0000e+00
       6723    229.735     4.3141     4.3093   3.278300   3.277823     1.8478     2.1884      7.972     0.9053     8.4780 1.0715e-01     0.0817    97.9770     5.8491     5.9755    34.8132    34.8126    27.6042    27.6043    7.21692 0.0000e+00
       6726    229.941     4.3127     4.3079   3.278128   3.277702     1.8474     2.1880      7.972     0.8952     8.4780 1.0715e-01     0.0821    97.9683     5.8482     5.9766    34.8125    34.8126    27.6038    27.6044    7.21719 0.0000e+00
       6729    230.146     4.3093     4.3035   3.277767   3.277213     1.8478     2.1880      7.972     0.8952   206.1496 1.0715e-01     0.0821    97.9683     5.8498     5.9810    34.8117    34.8114    27.6036    27.6039    7.21783 0.0000e+00
       6732    230.355     4.3044     4.2977   3.277334   3.276734     1.8482     2.1880      7.972     0.9053   482.1870 1.0715e-01     0.0821    97.9683     5.8538     5.9849    34.8117    34.8117    27.6041    27.6048    7.21870 0.0000e+00
       6735    230.569     4.3011     4.2956   3.277060   3.276554     1.8486     2.1880      7.972     0.9053   481.1211 1.0715e-01     0.0821    97.9683     5.8571     5.9901    34.8118    34.8117    27.6045    27.6050    7.21927 0.0000e+00
       6738    230.780     4.2991     4.2940   3.276869   3.276391     1.8482     2.1872      7.972     0.9053   481.2790 1.0715e-01     0.0821    97.9683     5.8585     5.9925    34.8116    34.8114    27.6045    27.6049    7.21964 0.0000e+00
       6741    230.989     4.2942     4.2879   3.276316   3.275757     1.8470     2.1876      7.972     0.8952   481.3579 1.0715e-01     0.0821    97.9683     5.8558     5.9981    34.8102    34.8102    27.6040    27.6047    7.22058 0.0000e+00
       6744    231.202     4.2888     4.2833   3.275879   3.275403     1.8474     2.1868      7.972     0.8952   481.3184 1.0715e-01     0.0825    97.9596     5.8602     5.9963    34.8105    34.8108    27.6048    27.6056    7.22150 0.0000e+00
       6747    231.414     4.2855     4.2798   3.275548   3.275035     1.8470     2.1868      7.970     0.8850   481.3579 1.0715e-01     0.0821    97.9683     5.8592     5.9969    34.8100    34.8100    27.6048    27.6053    7.22211 0.0000e+00
       6750    231.620     4.2812     4.2749   3.275131   3.274586     1.8465     2.1880      7.969     0.9053   481.3579 1.0715e-01     0.0821    97.9683     5.8588     6.0026    34.8096    34.8098    27.6049    27.6058    7.22290 0.0000e+00
       6753    231.827     4.2770     4.2717   3.274839   3.274336     1.8470     2.1880      7.972     0.9053   481.3579 1.0715e-01     0.0821    97.9683     5.8611     6.0052    34.8104    34.8100    27.6060    27.6063    7.22359 0.0000e+00
       6756    232.029     4.2746     4.2698   3.274697   3.274225     1.8465     2.1872      7.971     0.8850   151.9448 1.0715e-01     0.0821    97.9683     5.8619     6.0049    34.8111    34.8107    27.6068    27.6070    7.22398 0.0000e+00
       6759    232.227     4.2738     4.2690   3.274647   3.274174     1.8470     2.1880      7.971     0.8952     2.3982 1.0715e-01     0.0821    97.9683     5.8666     6.0100    34.8113    34.8109    27.6071    27.6072    7.22412 0.0000e+00
       6762    232.417     4.2733     4.2686   3.274605   3.274156     1.8474     2.1880      7.972     0.8952     7.8858 1.0715e-01     0.0821    97.9683     5.8727     6.0110    34.8113    34.8110    27.6070    27.6074    7.22421 0.0000e+00
       6765    232.605     4.2731     4.2682   3.274614   3.274137     1.8470     2.1876      7.971     0.8952     7.6095 1.0715e-01     0.0821    97.9683     5.8713     6.0090    34.8115    34.8110    27.6073    27.6074    7.22424 0.0000e+00
       6768    232.786     4.2729     4.2680   3.274641   3.274168     1.8465     2.1868      7.969     0.9053     7.6095 1.0715e-01     0.0821    97.9683     5.8687     6.0068    34.8119    34.8115    27.6076    27.6078    7.22425 0.0000e+00
       6771    232.962     4.2729     4.2680   3.274621   3.274174     1.8470     2.1868      7.972     0.9155     7.6095 1.0715e-01     0.0821    97.9683     5.8726     6.0055    34.8115    34.8115    27.6073    27.6078    7.22426 0.0000e+00
       6774    233.131     4.2725     4.2676   3.274587   3.274101     1.8470     2.1876      7.972     0.9460     7.6095 1.0715e-01     0.0821    97.9683     5.8728     6.0082    34.8115    34.8109    27.6073    27.6074    7.22434 0.0000e+00
       6777    233.300     4.2700     4.2647   3.274285   3.273809     1.8470     2.1880      7.972     0.9358     7.6095 1.0715e-01     0.0821    97.9683     5.8719     6.0111    34.8105    34.8105    27.6068    27.6074    7.22482 0.0000e+00
       6780    233.466     4.2653     4.2607   3.273914   3.273462     1.8474     2.1880      7.972     0.9257    27.4280 1.0715e-01     0.0821    97.9683     5.8746     6.0121    34.8110    34.8105    27.6077    27.6078    7.22563 0.0000e+00
       6783    233.626     4.2608     4.2556   3.273410   3.272998     1.8465     2.1880      7.972     0.9358   442.5895 1.0715e-01     0.0821    97.9683     5.8709     6.0127    34.8098    34.8104    27.6072    27.6083    7.22650 0.0000e+00
       6786    233.785     4.2507     4.2455   3.272448   3.271995     1.8474     2.1872      7.972     0.9460   481.3185 1.0715e-01     0.0828    97.9509     5.8764     6.0109    34.8089    34.8091    27.6077    27.6083    7.22832 0.0000e+00
       6789    233.940     4.2421     4.2352   3.271737   3.271138     1.8461     2.1880      7.971     0.9358   481.1605 1.0715e-01     0.0821    97.9683     5.8722     6.0166    34.8095    34.8098    27.6090    27.6100    7.22980 0.0000e+00
       6792    234.092     4.2355     4.2303   3.271185   3.270769     1.8465     2.1876      7.972     0.9358   481.3579 1.0715e-01     0.0825    97.9596     5.8742     6.0138    34.8099    34.8106    27.6101    27.6111    7.23096 0.0000e+00
       6795    234.242     4.2313     4.2269   3.270835   3.270460     1.8474     2.1880      7.971     0.9257   481.3579 1.0715e-01     0.0821    97.9683     5.8768     6.0125    34.8101    34.8104    27.6107    27.6114    7.23169 0.0000e+00
       6798    234.390     4.2279     4.2234   3.270521   3.270152     1.8465     2.1880      7.972     0.9155   481.3579 1.0715e-01     0.0825    97.9596     5.8736     6.0092    34.8099    34.8104    27.6109    27.6117    7.23230 0.0000e+00
       6801    234.534     4.2256     4.2209   3.270380   3.269954     1.8470     2.1876      7.971     0.9358   481.3579 1.0715e-01     0.0821    97.9683     5.8726     6.0053    34.8106    34.8106    27.6116    27.6121    7.23267 0.0000e+00
       6804    234.678     4.2242     4.2197   3.270324   3.269879     1.8470     2.1880      7.972     0.9155   481.3579 1.0715e-01     0.0825    97.9596     5.8714     6.0068    34.8114    34.8109    27.6124    27.6125    7.23288 0.0000e+00
       6807    234.824     4.2239     4.2195   3.270312   3.269857     1.8465     2.1872      7.971     0.9358   369.6322 1.0715e-01     0.0832    97.9422     5.8687     6.0043    34.8115    34.8108    27.6126    27.6124    7.23294 0.0000e+00
       6810    234.970     4.2225     4.2175   3.270095   3.269643     1.8465     2.1872      7.971     0.9460    -1.3918 1.0715e-01     0.0832    97.9422     5.8668     6.0031    34.8103    34.8103    27.6118    27.6123    7.23324 0.0000e+00
       6813    235.115     4.2198     4.2148   3.269915   3.269463     1.8465     2.1876      7.972     0.9358     1.9640 1.0715e-01     0.0832    97.9422     5.8641     6.0021    34.8110    34.8109    27.6126    27.6131    7.23369 0.0000e+00
