Datasets/AZMP/HUD120/hud120_2020_016.cnv
* Sea-Bird SBE 9 Data File:
* FileName = C:\CTDDATA\hud120_2020_016.hex
* Software Version Seasave V 7.26.7.110
* Temperature SN = 1697
* Conductivity SN = 4216
* Number of Bytes Per Scan = 30
* Number of Voltage Words = 4
* Number of Scans Averaged by the Deck Unit = 1
* NMEA baud rate = 4800
** VESSEL/TRIP/SEQ STN:  hud120_2020_016
** LATITUDE XX XX.XX: 46 30.00 N
** LONGITUDE XX XX.XX: 052 51.00 W
** SOUNDING DEPTH (M): 0180
** PROBE TYPE: S1146
** CTD NUMBER: 006
** FORMAT: V
** COMMENTS (14 CHAR): SEGB-02
** BOTTLES:  10
** LEVELS: 5,10,20,30,40,50,75,100,150,BTM
** STICKERS: 439553 - 439562
** VNET: Y
** DO2: N
# nquan = 22
# nvalues = 2549                        
# units = specified
# name 0 = scan: Scan Count
# name 1 = prDM: Pressure, Digiquartz [db]
# name 2 = t090C: Temperature [ITS-90, deg C]
# name 3 = t190C: Temperature, 2 [ITS-90, deg C]
# name 4 = c0S/m: Conductivity [S/m]
# name 5 = c1S/m: Conductivity, 2 [S/m]
# name 6 = sbeox0V: Oxygen raw, SBE 43 [V]
# name 7 = sbeox1V: Oxygen raw, SBE 43, 2 [V]
# name 8 = ph: pH
# name 9 = flECO-AFL: Fluorescence, WET Labs ECO-AFL/FL [mg/m^3]
# name 10 = wetCDOM: Fluorescence, WET Labs CDOM [mg/m^3]
# name 11 = par/sat/log: PAR/Logarithmic, Satlantic [umol photons/m^2/sec]
# name 12 = CStarAt0: Beam Attenuation, WET Labs C-Star [1/m]
# name 13 = CStarTr0: Beam Transmission, WET Labs C-Star [%]
# name 14 = sbeox0ML/L: Oxygen, SBE 43 [ml/l], WS = 2
# name 15 = sbeox1ML/L: Oxygen, SBE 43, 2 [ml/l], WS = 2
# name 16 = sal00: Salinity, Practical [PSU]
# name 17 = sal11: Salinity, Practical, 2 [PSU]
# name 18 = sigma-t00: Density [sigma-t, kg/m^3 ]
# name 19 = sigma-t11: Density, 2 [sigma-t, kg/m^3 ]
# name 20 = oxsatML/L: Oxygen Saturation, Weiss [ml/l]
# name 21 = flag: flag
# span 0 =          2,      42729       
# span 1 =      0.233,    178.878       
# span 2 =    -0.6765,     5.2588       
# span 3 =    -0.6818,     5.2560       
# span 4 =   1.927257,   3.061938       
# span 5 =   2.115060,   3.061583       
# span 6 =     1.9125,     2.2175       
# span 7 =     2.2612,     2.6368       
# span 8 =      7.868,      8.050       
# span 9 =     1.0173,     5.3416       
# span 10 =    -2.8130,   482.1870      
# span 11 = 1.0715e-01, 1.6632e+02      
# span 12 =     0.0450,     0.1686      
# span 13 =    95.8735,    98.8810      
# span 14 =     7.0959,     7.9760      
# span 15 =     6.7264,     8.2065      
# span 16 =    19.1570,    33.0305      
# span 17 =    21.1736,    33.0311      
# span 18 =    15.1243,    26.5412      
# span 19 =    16.7166,    26.5420      
# span 20 =    7.21002,    8.31634      
# span 21 = 0.0000e+00, 0.0000e+00      
# interval = scans: 3                   
# start_time = Nov 17 2020 14:13:39 [System UTC, header]
# bad_flag = -9.990e-29
*END*
[from data line 1910]
      21097     69.281     2.5497     2.5354   2.897291   2.896410     2.1625     2.5754      8.007     1.8414     1.5692 1.1435e-01     0.0839    97.9249     7.5851     7.7443    32.1415    32.1450    25.6405    25.6445    7.67673 0.0000e+00
      21100     69.010     2.5686     2.5466   2.898775   2.897038     2.1625     2.5745      8.007     1.8312     1.5692 1.2029e-01     0.0842    97.9162     7.5791     7.7303    32.1408    32.1416    25.6385    25.6410    7.67308 0.0000e+00
      21103     68.732     2.5847     2.5541   2.899655   2.897602     2.1629     2.5762      8.007     1.8414     1.5692 1.2616e-01     0.0842    97.9162     7.5727     7.7261    32.1355    32.1411    25.6330    25.6399    7.67022 0.0000e+00
      21106     68.451     2.6065     2.5684   2.901216   2.898583     2.1633     2.5758      8.007     1.8414     8.3596 1.3393e-01     0.0842    97.9162     7.5657     7.7119    32.1329    32.1389    25.6292    25.6370    7.66612 0.0000e+00
      21109     68.167     2.6327     2.5894   2.902664   2.900062     2.1625     2.5749      8.007     1.8414    12.6628 1.4475e-01     0.0842    97.9162     7.5503     7.6949    32.1244    32.1361    25.6204    25.6332    7.66146 0.0000e+00
      21112     67.881     2.6361     2.6183   2.902176   2.901704     2.1625     2.5749      8.007     1.8109    12.4654 1.4780e-01     0.0853    97.8901     7.5445     7.6821    32.1151    32.1273    25.6127    25.6238    7.66126 0.0000e+00
      21115     67.596     2.6197     2.6189   2.901418   2.900998     2.1621     2.5745      8.007     1.7804    12.5049 1.5212e-01     0.0857    97.8814     7.5415     7.6757    32.1225    32.1182    25.6199    25.6165    7.66408 0.0000e+00
      21118     67.316     2.6365     2.6122   2.903311   2.901456     2.1629     2.5745      8.007     1.7804    12.4654 1.6496e-01     0.0860    97.8727     7.5397     7.6733    32.1290    32.1307    25.6237    25.6270    7.66049 0.0000e+00
      21121     67.046     2.6594     2.6453   2.904410   2.903796     2.1633     2.5737      8.007     1.7905    12.4654 1.6705e-01     0.0864    97.8640     7.5360     7.6635    32.1195    32.1262    25.6143    25.6207    7.65652 0.0000e+00
      21124     66.780     2.6756     2.6681   2.905682   2.905087     2.1638     2.5745      8.007     1.7804    12.4654 1.7055e-01     0.0860    97.8727     7.5320     7.6617    32.1190    32.1192    25.6126    25.6134    7.65340 0.0000e+00
      21127     66.527     2.6938     2.6915   2.906671   2.906618     2.1629     2.5737      8.008     1.7804    12.4654 1.8284e-01     0.0860    97.8727     7.5226     7.6550    32.1129    32.1146    25.6063    25.6078    7.65019 0.0000e+00
      21130     66.286     2.7068     2.7073   2.907974   2.907603     2.1629     2.5733      8.007     1.7702    16.4133 1.8584e-01     0.0864    97.8640     7.5196     7.6530    32.1159    32.1109    25.6076    25.6035    7.64751 0.0000e+00
      21133     66.055     2.7446     2.7319   2.910614   2.909822     2.1629     2.5733      8.006     1.7905   422.8105 1.9662e-01     0.0867    97.8553     7.5117     7.6508    32.1103    32.1134    25.6001    25.6036    7.64048 0.0000e+00
      21136     65.840     2.7718     2.7688   2.911736   2.911755     2.1621     2.5733      8.006     1.7804   481.2790 1.9985e-01     0.0867    97.8553     7.5021     7.6462    32.0969    32.1002    25.5872    25.5900    7.63592 0.0000e+00
      21139     65.637     2.7660     2.7815   2.910540   2.912020     2.1617     2.5733      8.009     1.8414   481.0026 2.0426e-01     0.0871    97.8466     7.4999     7.6445    32.0882    32.0907    25.5807    25.5814    7.63747 0.0000e+00
      21142     65.449     2.7755     2.7887   2.911950   2.912593     2.1629     2.5745      8.006     1.8821   481.2395 2.1370e-01     0.0864    97.8640     7.5047     7.6487    32.0960    32.0906    25.5861    25.5807    7.63524 0.0000e+00
      21145     65.281     2.8041     2.8024   2.913227   2.912978     2.1629     2.5741      8.006     1.8618   481.2790 2.2302e-01     0.0864    97.8640     7.5002     7.6470    32.0830    32.0817    25.5734    25.5725    7.63039 0.0000e+00
      21148     65.122     2.8141     2.8065   2.913193   2.912931     2.1621     2.5733      8.006     1.8720   481.2395 2.2510e-01     0.0867    97.8553     7.4996     7.6452    32.0727    32.0771    25.5644    25.5685    7.62898 0.0000e+00
      21151     64.981     2.8133     2.8126   2.912464   2.912490     2.1621     2.5741      8.006     1.8618   481.2395 2.3776e-01     0.0871    97.8466     7.5041     7.6504    32.0647    32.0657    25.5580    25.5589    7.62954 0.0000e+00
      21154     64.852     2.8127     2.8011   2.911847   2.910890     2.1621     2.5733      8.008     1.8720   481.2395 2.3796e-01     0.0857    97.8814     7.5072     7.6492    32.0578    32.0578    25.5526    25.5535    7.63000 0.0000e+00
      21157     64.741     2.8057     2.7275   2.911489   2.906469     2.1625     2.5741      8.008     1.8821   398.7283 2.3904e-01     0.0853    97.8901     7.5124     7.6650    32.0606    32.0777    25.5554    25.5754    7.63123 0.0000e+00
      21160     64.646     2.7884     2.6741   2.910137   2.904709     2.1621     2.5737      8.008     1.8821     5.8724 2.3552e-01     0.0853    97.8901     7.5133     7.6711    32.0615    32.1097    25.5575    25.6053    7.63452 0.0000e+00
      21163     64.567     2.7540     2.6718   2.908491   2.904738     2.1629     2.5733      8.008     1.8720     4.0563 2.4130e-01     0.0853    97.8901     7.5215     7.6675    32.0759    32.1125    25.5718    25.6076    7.64042 0.0000e+00
      21166     64.500     2.7227     2.6673   2.907778   2.904658     2.1633     2.5737      8.009     1.9533     4.9249 2.5211e-01     0.0853    97.8901     7.5247     7.6682    32.0985    32.1160    25.5924    25.6109    7.64532 0.0000e+00
      21169     64.442     2.7597     2.6733   2.909406   2.904962     2.1629     2.5745      8.009     1.9635     4.8854 2.5007e-01     0.0853    97.8901     7.5150     7.6698    32.0813    32.1138    25.5757    25.6086    7.63904 0.0000e+00
      21172     64.393     2.7392     2.6762   2.907447   2.905226     2.1633     2.5745      8.009     1.9635     4.8854 2.5389e-01     0.0864    97.8640     7.5217     7.6664    32.0780    32.1141    25.5747    25.6086    7.64317 0.0000e+00
      21175     64.358     2.6954     2.6796   2.906312   2.905293     2.1634     2.5745      8.010     1.9635     4.8854 2.5417e-01     0.0874    97.8379     7.5284     7.6636    32.1080    32.1115    25.6022    25.6062    7.65012 0.0000e+00
      21178     64.334     2.6946     2.6768   2.906242   2.905144     2.1629     2.5733      8.010     1.9533     4.8854 2.5562e-01     0.0874    97.8379     7.5253     7.6578    32.1080    32.1125    25.6023    25.6073    7.65028 0.0000e+00
      21195     64.240     2.7294     2.7187   2.908423   2.907702     2.1629     2.5733      8.011     1.9737   322.4548 2.5979e-01     0.0867    97.8553     7.5251     7.6539    32.0999    32.1018    25.5930    25.5953    7.64397 0.0000e+00
      21205     64.179     2.7556     2.7482   2.909952   2.909305     2.1629     2.5721      8.008     1.9941   481.2395 2.5740e-01     0.0860    97.8727     7.5267     7.6477    32.0923    32.0918    25.5848    25.5850    7.63928 0.0000e+00
      21208     64.149     2.7627     2.7453   2.910299   2.908814     2.1633     2.5729      8.011     1.9839   481.2395 2.6438e-01     0.0864    97.8640     7.5296     7.6518    32.0894    32.0887    25.5819    25.5828    7.63806 0.0000e+00
      21211     64.118     2.7688     2.7274   2.910396   2.907571     2.1638     2.5737      8.008     1.9941   138.5614 2.6220e-01     0.0864    97.8640     7.5292     7.6588    32.0845    32.0915    25.5774    25.5865    7.63712 0.0000e+00
      21214     64.076     2.7684     2.7332   2.910223   2.907911     2.1633     2.5733      8.009     1.9941    -1.3918 2.6372e-01     0.0864    97.8640     7.5258     7.6570    32.0828    32.0898    25.5761    25.5846    7.63728 0.0000e+00
      21217     64.026     2.7637     2.7468   2.909458   2.908192     2.1633     2.5729      8.011     2.0042     2.7930 2.6315e-01     0.0871    97.8466     7.5257     7.6528    32.0782    32.0797    25.5729    25.5754    7.63843 0.0000e+00
      21220     63.968     2.7511     2.7455   2.908618   2.907803     2.1638     2.5733      8.011     2.0347     2.6351 2.7307e-01     0.0867    97.8553     7.5275     7.6531    32.0806    32.0763    25.5759    25.5728    7.64074 0.0000e+00
      21223     63.906     2.7466     2.7275   2.908516   2.907767     2.1633     2.5733      8.009     2.0246     2.6351 2.6621e-01     0.0867    97.8553     7.5250     7.6532    32.0839    32.0940    25.5788    25.5884    7.64144 0.0000e+00
      21226     63.838     2.7352     2.7343   2.908459   2.908300     2.1638     2.5721      8.010     2.0347     2.6351 2.6465e-01     0.0871    97.8466     7.5245     7.6430    32.0947    32.0936    25.5883    25.5876    7.64310 0.0000e+00
      21229     63.762     2.7348     2.7322   2.908230   2.908286     2.1642     2.5733      8.011     2.0246     2.6351 2.6712e-01     0.0871    97.8466     7.5237     7.6464    32.0923    32.0956    25.5865    25.5893    7.64329 0.0000e+00
      21232     63.679     2.7376     2.7040   2.908040   2.906432     2.1638     2.5721      8.011     2.0246     2.6351 2.7526e-01     0.0871    97.8466     7.5178     7.6459    32.0873    32.1013    25.5822    25.5962    7.64302 0.0000e+00
      21235     63.590     2.7299     2.6873   2.907820   2.905530     2.1633     2.5729      8.011     2.0347     2.7535 2.7687e-01     0.0857    97.8814     7.5164     7.6514    32.0923    32.1071    25.5869    25.6021    7.64425 0.0000e+00
      21238     63.494     2.7284     2.6889   2.908127   2.905734     2.1642     2.5725      8.011     2.0246     4.8064 2.8432e-01     0.0860    97.8727     7.5196     7.6485    32.0976    32.1080    25.5912    25.6028    7.64427 0.0000e+00
      21241     63.392     2.7312     2.6933   2.908176   2.906120     2.1642     2.5725      8.011     2.0144     4.8854 2.8104e-01     0.0853    97.8901     7.5164     7.6442    32.0955    32.1084    25.5893    25.6027    7.64383 0.0000e+00
      21244     63.285     2.7322     2.7023   2.907807   2.906560     2.1633     2.5721      8.011     2.0246     4.8854 2.8141e-01     0.0853    97.8901     7.5087     7.6380    32.0900    32.1048    25.5849    25.5991    7.64392 0.0000e+00
      21247     63.178     2.7332     2.7053   2.907074   2.906560     2.1633     2.5717      8.011     2.0144     4.8854 2.8864e-01     0.0857    97.8814     7.5069     7.6353    32.0801    32.1018    25.5769    25.5965    7.64423 0.0000e+00
      21250     63.073     2.7381     2.7113   2.906366   2.906503     2.1633     2.5713      8.011     2.0347     4.8854 2.9846e-01     0.0860    97.8727     7.5045     7.6320    32.0667    32.0951    25.5658    25.5907    7.64398 0.0000e+00
      21253     62.968     2.7420     2.7161   2.905962   2.906455     2.1629     2.5721      8.011     2.0347     4.8854 3.0088e-01     0.0864    97.8640     7.5044     7.6306    32.0579    32.0898    25.5585    25.5860    7.64367 0.0000e+00
      21256     62.867     2.7462     2.7218   2.905529   2.906639     2.1629     2.5721      8.011     2.0144     4.8854 3.1152e-01     0.0864    97.8640     7.5047     7.6293    32.0485    32.0864    25.5506    25.5828    7.64333 0.0000e+00
      21259     62.768     2.7482     2.7239   2.905356   2.906658     2.1638     2.5713      8.011     2.0347     4.8854 3.0514e-01     0.0864    97.8640     7.5064     7.6257    32.0444    32.0846    25.5472    25.5812    7.64315 0.0000e+00
      21262     62.673     2.7463     2.7345   2.905488   2.905575     2.1625     2.5709      8.009     2.0144   126.2440 3.1332e-01     0.0864    97.8640     7.5018     7.6240    32.0480    32.0608    25.5501    25.5613    7.64334 0.0000e+00
      21265     62.587     2.7451     2.7414   2.905610   2.905225     2.1625     2.5697      8.009     2.0144   482.1870 3.1403e-01     0.0864    97.8640     7.5046     7.6192    32.0507    32.0497    25.5524    25.5519    7.64343 0.0000e+00
      21268     62.506     2.7449     2.7457   2.905770   2.905093     2.1621     2.5697      8.011     2.0144   480.6868 3.1772e-01     0.0864    97.8640     7.5049     7.6182    32.0529    32.0438    25.5542    25.5469    7.64336 0.0000e+00
      21271     62.434     2.7377     2.7462   2.905740   2.905115     2.1625     2.5705      8.011     1.9330   481.2000 3.2365e-01     0.0864    97.8640     7.5115     7.6217    32.0598    32.0437    25.5603    25.5467    7.64440 0.0000e+00
      21274     62.369     2.7401     2.7451   2.905622   2.905184     2.1625     2.5697      8.011     1.9330   481.2395 3.2027e-01     0.0857    97.8814     7.5128     7.6174    32.0560    32.0457    25.5571    25.5484    7.64414 0.0000e+00
      21277     62.309     2.7449     2.7439   2.905638   2.905274     2.1633     2.5688      8.011     1.9228   481.2395 3.3468e-01     0.0853    97.8901     7.5187     7.6135    32.0515    32.0480    25.5530    25.5503    7.64344 0.0000e+00
      21280     62.255     2.7479     2.7428   2.905653   2.905321     2.1617     2.5697      8.011     1.9431   481.2395 3.2220e-01     0.0853    97.8901     7.5114     7.6205    32.0486    32.0496    25.5505    25.5518    7.64300 0.0000e+00
      21283     62.209     2.7453     2.7401   2.905638   2.905252     2.1625     2.5697      8.011     1.9330   481.2395 3.1806e-01     0.0853    97.8901     7.5179     7.6269    32.0511    32.0515    25.5527    25.5535    7.64338 0.0000e+00
      21286     62.169     2.7403     2.7412   2.905510   2.905132     2.1625     2.5688      8.011     1.9330   481.2395 3.1554e-01     0.0857    97.8814     7.5218     7.6277    32.0546    32.0491    25.5559    25.5514    7.64417 0.0000e+00
      21289     62.137     2.7313     2.7415   2.905474   2.905228     2.1625     2.5693      8.011     1.9330   228.3368 3.1304e-01     0.0853    97.8901     7.5261     7.6308    32.0631    32.0500    25.5635    25.5521    7.64547 0.0000e+00
      21292     62.110     2.7254     2.7401   2.905433   2.905263     2.1629     2.5684      8.011     1.9431    -1.7471 3.0900e-01     0.0853    97.8901     7.5331     7.6318    32.0685    32.0518    25.5683    25.5537    7.64634 0.0000e+00
      21295     62.088     2.7335     2.7361   2.905356   2.905407     2.1633     2.5688      8.011     1.9838     3.5431 3.1514e-01     0.0825    97.9596     7.5387     7.6380    32.0595    32.0575    25.5604    25.5586    7.64523 0.0000e+00
      21305     62.029     2.7145     2.7364   2.905779   2.905414     2.1633     2.5693      8.011     2.0856     3.3457 3.1842e-01     0.0821    97.9683     7.5522     7.6611    32.0836    32.0573    25.5812    25.5584    7.64766 0.0000e+00
      21311     61.987     2.7166     2.7316   2.906420   2.905381     2.1633     2.5684      8.011     2.0856     3.3457 3.1701e-01     0.0821    97.9683     7.5560     7.6716    32.0894    32.0618    25.5857    25.5624    7.64697 0.0000e+00
      21314     61.959     2.7250     2.7290   2.906566   2.905330     2.1646     2.5697      8.011     2.0856     4.5301 3.2141e-01     0.0839    97.9249     7.5608     7.6825    32.0828    32.0637    25.5797    25.5641    7.64568 0.0000e+00
      21317     61.928     2.7321     2.7294   2.906699   2.905259     2.1658     2.5701      8.008     2.0754    10.7678 3.1449e-01     0.0849    97.8988     7.5630     7.6889    32.0773    32.0625    25.5747    25.5631    7.64459 0.0000e+00
      21320     61.891     2.7321     2.7312   2.906787   2.905324     2.1654     2.5713      8.008     2.0958    10.7283 3.1807e-01     0.0849    97.8988     7.5592     7.6954    32.0784    32.0615    25.5756    25.5621    7.64453 0.0000e+00
