Datasets/AZMP/HUD120/hud120_2020_016.cnv
* Sea-Bird SBE 9 Data File:
* FileName = C:\CTDDATA\hud120_2020_016.hex
* Software Version Seasave V 7.26.7.110
* Temperature SN = 1697
* Conductivity SN = 4216
* Number of Bytes Per Scan = 30
* Number of Voltage Words = 4
* Number of Scans Averaged by the Deck Unit = 1
* NMEA baud rate = 4800
** VESSEL/TRIP/SEQ STN:  hud120_2020_016
** LATITUDE XX XX.XX: 46 30.00 N
** LONGITUDE XX XX.XX: 052 51.00 W
** SOUNDING DEPTH (M): 0180
** PROBE TYPE: S1146
** CTD NUMBER: 006
** FORMAT: V
** COMMENTS (14 CHAR): SEGB-02
** BOTTLES:  10
** LEVELS: 5,10,20,30,40,50,75,100,150,BTM
** STICKERS: 439553 - 439562
** VNET: Y
** DO2: N
# nquan = 22
# nvalues = 2549                        
# units = specified
# name 0 = scan: Scan Count
# name 1 = prDM: Pressure, Digiquartz [db]
# name 2 = t090C: Temperature [ITS-90, deg C]
# name 3 = t190C: Temperature, 2 [ITS-90, deg C]
# name 4 = c0S/m: Conductivity [S/m]
# name 5 = c1S/m: Conductivity, 2 [S/m]
# name 6 = sbeox0V: Oxygen raw, SBE 43 [V]
# name 7 = sbeox1V: Oxygen raw, SBE 43, 2 [V]
# name 8 = ph: pH
# name 9 = flECO-AFL: Fluorescence, WET Labs ECO-AFL/FL [mg/m^3]
# name 10 = wetCDOM: Fluorescence, WET Labs CDOM [mg/m^3]
# name 11 = par/sat/log: PAR/Logarithmic, Satlantic [umol photons/m^2/sec]
# name 12 = CStarAt0: Beam Attenuation, WET Labs C-Star [1/m]
# name 13 = CStarTr0: Beam Transmission, WET Labs C-Star [%]
# name 14 = sbeox0ML/L: Oxygen, SBE 43 [ml/l], WS = 2
# name 15 = sbeox1ML/L: Oxygen, SBE 43, 2 [ml/l], WS = 2
# name 16 = sal00: Salinity, Practical [PSU]
# name 17 = sal11: Salinity, Practical, 2 [PSU]
# name 18 = sigma-t00: Density [sigma-t, kg/m^3 ]
# name 19 = sigma-t11: Density, 2 [sigma-t, kg/m^3 ]
# name 20 = oxsatML/L: Oxygen Saturation, Weiss [ml/l]
# name 21 = flag: flag
# span 0 =          2,      42729       
# span 1 =      0.233,    178.878       
# span 2 =    -0.6765,     5.2588       
# span 3 =    -0.6818,     5.2560       
# span 4 =   1.927257,   3.061938       
# span 5 =   2.115060,   3.061583       
# span 6 =     1.9125,     2.2175       
# span 7 =     2.2612,     2.6368       
# span 8 =      7.868,      8.050       
# span 9 =     1.0173,     5.3416       
# span 10 =    -2.8130,   482.1870      
# span 11 = 1.0715e-01, 1.6632e+02      
# span 12 =     0.0450,     0.1686      
# span 13 =    95.8735,    98.8810      
# span 14 =     7.0959,     7.9760      
# span 15 =     6.7264,     8.2065      
# span 16 =    19.1570,    33.0305      
# span 17 =    21.1736,    33.0311      
# span 18 =    15.1243,    26.5412      
# span 19 =    16.7166,    26.5420      
# span 20 =    7.21002,    8.31634      
# span 21 = 0.0000e+00, 0.0000e+00      
# interval = scans: 3                   
# start_time = Nov 17 2020 14:13:39 [System UTC, header]
# bad_flag = -9.990e-29
*END*
          2      5.467     5.2568     5.2521   3.061548   3.061178     2.1913     2.5385      8.031     3.0014    -1.1944 8.8258e+01     0.1149    97.1686     7.1084     7.0112    31.4781    31.4783    24.8561    24.8568    7.21038 0.0000e+00
          5      5.566     5.2567     5.2524   3.061563   3.061179     2.1905     2.5397      8.031     2.9912    -1.1944 8.8770e+01     0.1142    97.1860     7.1052     7.0153    31.4783    31.4780    24.8563    24.8565    7.21039 0.0000e+00
          8      5.686     5.2569     5.2524   3.061595   3.061196     2.1909     2.5397      8.031     2.9912     4.0169 9.3095e+01     0.1142    97.1860     7.1069     7.0154    31.4784    31.4781    24.8564    24.8566    7.21035 0.0000e+00
         11      5.821     5.2572     5.2525   3.061603   3.061209     2.1929     2.5401      8.031     3.0217    10.2151 9.7945e+01     0.1145    97.1773     7.1153     7.0169    31.4782    31.4782    24.8562    24.8566    7.21031 0.0000e+00
         14      5.967     5.2576     5.2531   3.061652   3.061224     2.1921     2.5409      8.031     3.0014     9.8598 9.7159e+01     0.1149    97.1686     7.1120     7.0197    31.4783    31.4776    24.8562    24.8562    7.21024 0.0000e+00
         17      6.121     5.2577     5.2541   3.061685   3.061219     2.1917     2.5405      8.032     3.0115     9.8598 8.9815e+01     0.1142    97.1860     7.1105     7.0183    31.4785    31.4766    24.8563    24.8552    7.21021 0.0000e+00
         20      6.286     5.2574     5.2546   3.061653   3.061187     2.1937     2.5417      8.031     2.9912     9.8993 8.5357e+01     0.1145    97.1773     7.1190     7.0225    31.4784    31.4757    24.8563    24.8545    7.21027 0.0000e+00
         23      6.453     5.2576     5.2538   3.061694   3.061291     2.1954     2.5421      8.031     3.0115     9.8598 8.1872e+01     0.1142    97.1860     7.1262     7.0241    31.4786    31.4776    24.8564    24.8560    7.21022 0.0000e+00
         26      6.628     5.2576     5.2545   3.061673   3.061137     2.1958     2.5417      8.031     2.9912     9.8598 7.9538e+01     0.1142    97.1860     7.1640     7.0491    31.4782    31.4750    24.8561    24.8539    7.21023 0.0000e+00
         29      6.803     5.2576     5.2545   3.061694   3.061139     2.1954     2.5421      8.031     2.9810     9.8598 7.7006e+01     0.1142    97.1860     7.1577     7.0478    31.4783    31.4750    24.8562    24.8539    7.21023 0.0000e+00
         32      6.980     5.2577     5.2560   3.061737   3.061004     2.1954     2.5421      8.031     2.9709     9.8598 7.5854e+01     0.1149    97.1686     7.1520     7.0453    31.4786    31.4719    24.8564    24.8513    7.21019 0.0000e+00
         35      7.161     5.2577     5.2549   3.061701   3.061237     2.1954     2.5433      8.032     2.9709   355.6567 7.6560e+01     0.1145    97.1773     7.1468     7.0462    31.4782    31.4756    24.8561    24.8543    7.21022 0.0000e+00
         38      7.341     5.2578     5.2540   3.061739   3.061403     2.1954     2.5433      8.031     2.9810   481.9896 7.6737e+01     0.1138    97.1947     7.1440     7.0438    31.4784    31.4782    24.8563    24.8565    7.21019 0.0000e+00
         41      7.514     5.2587     5.2553   3.061833   3.061529     2.1950     2.5433      8.031     2.9505   481.0026 7.6117e+01     0.1142    97.1860     7.1366     7.0407    31.4786    31.4783    24.8563    24.8565    7.21003 0.0000e+00
         44      7.680     5.2588     5.2545   3.061824   3.061446     2.1962     2.5433      8.031     2.9810   481.2395 7.7274e+01     0.1138    97.1947     7.1372     7.0380    31.4783    31.4780    24.8560    24.8563    7.21002 0.0000e+00
         47      7.841     5.2581     5.2535   3.061794   3.061398     2.1954     2.5433      8.031     2.9810   481.1606 7.9813e+01     0.1138    97.1947     7.1327     7.0368    31.4785    31.4783    24.8562    24.8566    7.21013 0.0000e+00
         50      7.990     5.2580     5.2534   3.061770   3.061406     2.1954     2.5442      8.031     2.9810   481.2395 7.8260e+01     0.1142    97.1860     7.1329     7.0384    31.4783    31.4784    24.8561    24.8568    7.21017 0.0000e+00
         53      8.129     5.2579     5.2534   3.061760   3.061389     2.1954     2.5433      8.031     2.9810   481.2000 7.6471e+01     0.1142    97.1860     7.1341     7.0344    31.4782    31.4782    24.8560    24.8565    7.21019 0.0000e+00
         56      8.258     5.2579     5.2529   3.061760   3.061338     2.1958     2.5433      8.031     2.9709   481.2395 7.4724e+01     0.1142    97.1860     7.1391     7.0323    31.4781    31.4780    24.8560    24.8565    7.21018 0.0000e+00
         59      8.375     5.2575     5.2529   3.061769   3.061340     2.1954     2.5433      8.031     2.9505   450.6432 7.2179e+01     0.1142    97.1860     7.1407     7.0306    31.4786    31.4780    24.8564    24.8564    7.21025 0.0000e+00
         62      8.480     5.2572     5.2529   3.061709   3.061376     2.1958     2.5433      8.032     2.9607    34.0604 6.9077e+01     0.1142    97.1860     7.1457     7.0297    31.4781    31.4784    24.8560    24.8567    7.21031 0.0000e+00
         65      8.572     5.2570     5.2525   3.061733   3.061362     2.1966     2.5433      8.031     2.9505    13.4919 6.6797e+01     0.1142    97.1860     7.1487     7.0293    31.4785    31.4785    24.8564    24.8569    7.21032 0.0000e+00
         68      8.651     5.2574     5.2526   3.061755   3.061368     2.1962     2.5433      8.031     2.9403    14.4394 6.5496e+01     0.1142    97.1860     7.1473     7.0291    31.4783    31.4785    24.8562    24.8569    7.21027 0.0000e+00
         71      8.718     5.2577     5.2529   3.061771   3.061388     2.1962     2.5433      8.031     2.9505    14.3604 6.6644e+01     0.1142    97.1860     7.1495     7.0288    31.4782    31.4783    24.8561    24.8567    7.21022 0.0000e+00
         74      8.774     5.2574     5.2527   3.061744   3.061377     2.1958     2.5437      8.031     2.9403    14.3604 6.7575e+01     0.1145    97.1773     7.1478     7.0304    31.4781    31.4784    24.8560    24.8568    7.21027 0.0000e+00
         77      8.816     5.2574     5.2525   3.061719   3.061328     2.1966     2.5437      8.031     2.9403    14.3604 6.8516e+01     0.1124    97.2295     7.1498     7.0323    31.4778    31.4780    24.8558    24.8565    7.21028 0.0000e+00
         93      8.843     5.2573     5.2521   3.061730   3.061340     2.1978     2.5433      8.032     2.9505    13.6103 7.1574e+01     0.1120    97.2382     7.1488     7.0288    31.4781    31.4785    24.8561    24.8570    7.21030 0.0000e+00
        122      8.867     5.2565     5.2521   3.061680   3.061323     2.1986     2.5442      8.032     2.9709    12.0706 7.7459e+01     0.1120    97.2382     7.1442     7.0276    31.4782    31.4784    24.8562    24.8568    7.21043 0.0000e+00
        125      8.901     5.2561     5.2522   3.061650   3.061349     2.1978     2.5421      8.031     2.9709    12.1101 8.7777e+01     0.1120    97.2382     7.1405     7.0215    31.4783    31.4784    24.8563    24.8569    7.21050 0.0000e+00
        128      8.940     5.2561     5.2522   3.061645   3.061332     2.1978     2.5429      8.032     2.9607    12.1101 1.1751e+02     0.1120    97.2382     7.1398     7.0257    31.4782    31.4783    24.8562    24.8567    7.21050 0.0000e+00
        131      8.984     5.2558     5.2521   3.061620   3.061336     2.1974     2.5429      8.031     2.9709    12.1101 1.3695e+02     0.1120    97.2382     7.1388     7.0266    31.4781    31.4784    24.8562    24.8569    7.21055 0.0000e+00
        134      9.026     5.2556     5.2515   3.061626   3.061296     2.1982     2.5425      8.031     2.9709    12.1101 1.2752e+02     0.1120    97.2382     7.1429     7.0251    31.4784    31.4785    24.8565    24.8570    7.21058 0.0000e+00
        137      9.070     5.2557     5.2513   3.061637   3.061261     2.1978     2.5421      8.031     2.9709    12.1101 1.2327e+02     0.1120    97.2382     7.1426     7.0237    31.4784    31.4782    24.8565    24.8568    7.21056 0.0000e+00
        140      9.113     5.2560     5.2514   3.061635   3.061305     2.1986     2.5425      8.031     2.9709     0.9375 1.2102e+02     0.1113    97.2555     7.1448     7.0251    31.4781    31.4786    24.8562    24.8571    7.21053 0.0000e+00
        143      9.154     5.2561     5.2514   3.061655   3.061279     2.1978     2.5433      8.031     2.9709    -1.3128 1.1595e+02     0.1117    97.2469     7.1420     7.0273    31.4782    31.4783    24.8562    24.8569    7.21050 0.0000e+00
        146      9.192     5.2562     5.2517   3.061676   3.061304     2.1978     2.5433      8.031     2.9607    -1.1944 1.1369e+02     0.1117    97.2469     7.1420     7.0280    31.4783    31.4783    24.8564    24.8569    7.21048 0.0000e+00
        149      9.225     5.2561     5.2516   3.061672   3.061290     2.1986     2.5433      8.031     2.9709    -1.1549 1.2206e+02     0.1113    97.2555     7.1453     7.0283    31.4784    31.4782    24.8564    24.8568    7.21050 0.0000e+00
        152      9.254     5.2559     5.2517   3.061654   3.061325     2.1986     2.5433      8.031     2.9810    -1.1944 1.3259e+02     0.1120    97.2382     7.1436     7.0262    31.4783    31.4785    24.8564    24.8570    7.21053 0.0000e+00
        160      9.307     5.2552     5.2514   3.061620   3.061283     2.1982     2.5425      8.031     2.9709     3.8590 1.3758e+02     0.1141    97.1860     7.1383     7.0230    31.4786    31.4783    24.8567    24.8568    7.21064 0.0000e+00
        172      9.382     5.2553     5.2509   3.061609   3.061286     2.1978     2.5421      8.031     2.9607    13.4918 1.2458e+02     0.1152    97.1599     7.1302     7.0227    31.4783    31.4788    24.8565    24.8573    7.21064 0.0000e+00
        185      9.466     5.2561     5.2509   3.061688   3.061240     2.1974     2.5417      8.031     3.0014    13.4129 1.1921e+02     0.1152    97.1599     7.1302     7.0299    31.4784    31.4782    24.8565    24.8568    7.21049 0.0000e+00
        189      9.493     5.2562     5.2511   3.061698   3.061270     2.1978     2.5425      8.031     3.1540    13.4129 1.2073e+02     0.1152    97.1599     7.1342     7.0368    31.4784    31.4784    24.8564    24.8569    7.21047 0.0000e+00
        192      9.517     5.2563     5.2511   3.061671   3.061289     2.1974     2.5421      8.032     3.1438   337.4174 1.2143e+02     0.1159    97.1425     7.1345     7.0388    31.4780    31.4786    24.8561    24.8571    7.21048 0.0000e+00
        195      9.546     5.2562     5.2516   3.061689   3.061317     2.1970     2.5421      8.031     3.1540   482.1080 1.2400e+02     0.1159    97.1425     7.1317     7.0412    31.4783    31.4784    24.8563    24.8569    7.21048 0.0000e+00
        198      9.574     5.2563     5.2518   3.061699   3.061315     2.1970     2.5413      8.032     3.1438   481.0421 1.2971e+02     0.1163    97.1338     7.1338     7.0389    31.4783    31.4782    24.8563    24.8568    7.21046 0.0000e+00
        201      9.610     5.2562     5.2515   3.061696   3.061306     2.1974     2.5425      8.031     3.1438   481.2395 1.3259e+02     0.1163    97.1338     7.1384     7.0441    31.4784    31.4784    24.8564    24.8569    7.21048 0.0000e+00
        204      9.644     5.2564     5.2513   3.061718   3.061310     2.1970     2.5433      8.034     3.1540   481.2395 1.2956e+02     0.1167    97.1251     7.1391     7.0487    31.4784    31.4786    24.8563    24.8571    7.21043 0.0000e+00
        207      9.684     5.2565     5.2513   3.061730   3.061325     2.1970     2.5433      8.032     3.1540   481.2395 1.2443e+02     0.1163    97.1338     7.1401     7.0492    31.4784    31.4787    24.8564    24.8572    7.21042 0.0000e+00
        210      9.728     5.2567     5.2518   3.061738   3.061351     2.1978     2.5433      8.032     3.1540   481.2395 1.1533e+02     0.1163    97.1338     7.1429     7.0494    31.4783    31.4786    24.8563    24.8570    7.21039 0.0000e+00
        213      9.773     5.2574     5.2520   3.061606   3.061342     2.1978     2.5446      8.031     3.1336   481.2395 1.0451e+02     0.1167    97.1251     7.1455     7.0548    31.4761    31.4782    24.8545    24.8567    7.21038 0.0000e+00
        216      9.823     5.2574     5.2524   3.061797   3.061390     2.1974     2.5446      8.031     3.1031   461.5789 9.7831e+01     0.1167    97.1251     7.1470     7.0563    31.4782    31.4783    24.8561    24.8568    7.21027 0.0000e+00
        219      9.879     5.2574     5.2534   3.061803   3.061458     2.1966     2.5442      8.032     3.0930    45.9041 9.4927e+01     0.1163    97.1338     7.1438     7.0547    31.4783    31.4781    24.8562    24.8565    7.21027 0.0000e+00
        222      9.939     5.2575     5.2534   3.061803   3.061461     2.1986     2.5437      8.031     3.0930    16.2949 9.4707e+01     0.1163    97.1338     7.1506     7.0524    31.4782    31.4782    24.8561    24.8566    7.21026 0.0000e+00
        225     10.008     5.2577     5.2531   3.061827   3.061427     2.1978     2.5446      8.032     3.0828    17.4003 9.6479e+01     0.1163    97.1338     7.1491     7.0535    31.4782    31.4780    24.8561    24.8565    7.21022 0.0000e+00
        228     10.084     5.2571     5.2527   3.061775   3.061412     2.1974     2.5446      8.032     3.1031    17.3213 9.6923e+01     0.1163    97.1338     7.1490     7.0532    31.4781    31.4782    24.8561    24.8566    7.21032 0.0000e+00
        231     10.167     5.2568     5.2525   3.061783   3.061413     2.1978     2.5446      8.031     3.1133    17.3213 9.7372e+01     0.1163    97.1338     7.1505     7.0558    31.4784    31.4783    24.8564    24.8567    7.21036 0.0000e+00
        234     10.263     5.2570     5.2525   3.061809   3.061401     2.1982     2.5450      8.031     3.0828    17.3213 9.7711e+01     0.1163    97.1338     7.1523     7.0575    31.4786    31.4782    24.8565    24.8566    7.21032 0.0000e+00
        237     10.369     5.2572     5.2525   3.061805   3.061420     2.1986     2.5458      8.031     3.0930    17.3213 9.6031e+01     0.1145    97.1773     7.1565     7.0618    31.4782    31.4784    24.8562    24.8568    7.21030 0.0000e+00
        240     10.483     5.2574     5.2529   3.061834   3.061477     2.1990     2.5458      8.031     3.0014    17.3213 9.6476e+01     0.1110    97.2642     7.1604     7.0644    31.4783    31.4785    24.8563    24.8569    7.21027 0.0000e+00
        243     10.607     5.2576     5.2531   3.061849   3.061473     2.1974     2.5458      8.031     2.9810   122.4145 1.0059e+02     0.1113    97.2555     7.1529     7.0662    31.4782    31.4783    24.8561    24.8567    7.21023 0.0000e+00
        246     10.739     5.2574     5.2528   3.061855   3.061424     2.1982     2.5462      8.032     3.0217   481.7922 1.0619e+02     0.1113    97.2555     7.1547     7.0669    31.4785    31.4779    24.8563    24.8564    7.21026 0.0000e+00
        249     10.878     5.2577     5.2526   3.061877   3.061445     2.1994     2.5462      8.031     2.9912   481.3579 1.0730e+02     0.1110    97.2642     7.1614     7.0655    31.4784    31.4783    24.8562    24.8567    7.21021 0.0000e+00
        252     11.024     5.2578     5.2529   3.061863   3.061475     2.1990     2.5470      8.031     3.0115   481.2000 1.0780e+02     0.1110    97.2642     7.1586     7.0670    31.4781    31.4783    24.8560    24.8567    7.21022 0.0000e+00
        255     11.178     5.2582     5.2537   3.061938   3.061566     2.1986     2.5478      8.034     3.0115   481.2395 1.0793e+02     0.1110    97.2642     7.1548     7.0686    31.4784    31.4785    24.8562    24.8567    7.21012 0.0000e+00
        258     11.338     5.2581     5.2543   3.061922   3.061583     2.1994     2.5474      8.031     2.9912   481.2395 1.0297e+02     0.1174    97.1078     7.1563     7.0674    31.4782    31.4780    24.8561    24.8563    7.21014 0.0000e+00
