Datasets/AZMP/HUD120/hud120_2020_068.cnv
* Sea-Bird SBE 9 Data File:
* FileName = C:\CTDDATA\hud120_2020_068.hex
* Software Version Seasave V 7.26.7.110
* Temperature SN = 1697
* Conductivity SN = 4216
* Number of Bytes Per Scan = 30
* Number of Voltage Words = 4
* Number of Scans Averaged by the Deck Unit = 1
* NMEA baud rate = 4800
** VESSEL/TRIP/SEQ STN:  hud120_2020_068
** LATITUDE XX XX.XX: 47 00.00 N
** LONGITUDE XX XX.XX: 047 30.00 W
** SOUNDING DEPTH (M): 0220
** PROBE TYPE: S1146
** CTD NUMBER: 047
** FORMAT: V
** COMMENTS (14 CHAR): FC-14
** BOTTLES:  10
** LEVELS: 5,10,20,30,40,50,75,100,150,BTM
** STICKERS: 439824 - 439833
** VNET: Y
** DO2: Y
# nquan = 22
# nvalues = 4384                        
# units = specified
# name 0 = scan: Scan Count
# name 1 = prDM: Pressure, Digiquartz [db]
# name 2 = t090C: Temperature [ITS-90, deg C]
# name 3 = t190C: Temperature, 2 [ITS-90, deg C]
# name 4 = c0S/m: Conductivity [S/m]
# name 5 = c1S/m: Conductivity, 2 [S/m]
# name 6 = sbeox0V: Oxygen raw, SBE 43 [V]
# name 7 = sbeox1V: Oxygen raw, SBE 43, 2 [V]
# name 8 = ph: pH
# name 9 = flECO-AFL: Fluorescence, WET Labs ECO-AFL/FL [mg/m^3]
# name 10 = wetCDOM: Fluorescence, WET Labs CDOM [mg/m^3]
# name 11 = par/sat/log: PAR/Logarithmic, Satlantic [umol photons/m^2/sec]
# name 12 = CStarAt0: Beam Attenuation, WET Labs C-Star [1/m]
# name 13 = CStarTr0: Beam Transmission, WET Labs C-Star [%]
# name 14 = sbeox0ML/L: Oxygen, SBE 43 [ml/l], WS = 2
# name 15 = sbeox1ML/L: Oxygen, SBE 43, 2 [ml/l], WS = 2
# name 16 = sal00: Salinity, Practical [PSU]
# name 17 = sal11: Salinity, Practical, 2 [PSU]
# name 18 = sigma-t00: Density [sigma-t, kg/m^3 ]
# name 19 = sigma-t11: Density, 2 [sigma-t, kg/m^3 ]
# name 20 = oxsatML/L: Oxygen Saturation, Weiss [ml/l]
# name 21 = flag: flag
# span 0 =          2,      40325       
# span 1 =      2.111,    214.005       
# span 2 =    -0.4799,     2.6392       
# span 3 =    -0.4704,     2.6346       
# span 4 =   2.721347,   3.042226       
# span 5 =   2.721941,   3.041756       
# span 6 =     1.8740,     2.2007       
# span 7 =     2.2239,     2.6368       
# span 8 =      7.970,      8.093       
# span 9 =     0.9155,     5.6774       
# span 10 =    -2.8130,   482.1870      
# span 11 = 1.0715e-01, 1.4147e+02      
# span 12 =     0.0665,     0.2946      
# span 13 =    92.9007,    98.3508      
# span 14 =     6.3294,     7.6303      
# span 15 =     6.4900,     7.8303      
# span 16 =    32.7186,    34.2413      
# span 17 =    32.7169,    34.2405      
# span 18 =    26.0951,    27.3501      
# span 19 =    26.0941,    27.3498      
# span 20 =    7.62951,    8.25637      
# span 21 = 0.0000e+00, 0.0000e+00      
# interval = scans: 3                   
# start_time = Nov 24 2020 13:59:25 [System UTC, header]
# bad_flag = -9.990e-29
*END*
[from data line 1449]
       4740    156.648     2.0467     2.0420   3.022799   3.022362     1.9353     2.3004      7.995     1.0376   481.3579 1.0727e-01     0.0736    98.1769     6.5953     6.7454    34.1704    34.1700    27.3034    27.3034    7.67048 0.0000e+00
       4743    156.703     2.0471     2.0425   3.022854   3.022407     1.9353     2.3000      7.995     1.0071   373.2248 1.0740e-01     0.0732    98.1856     6.5953     6.7431    34.1706    34.1700    27.3035    27.3033    7.67038 0.0000e+00
       4746    156.757     2.0474     2.0430   3.022904   3.022474     1.9341     2.2983      7.995     1.0274     5.5171 1.0740e-01     0.0736    98.1769     6.5897     6.7387    34.1709    34.1703    27.3037    27.3036    7.67031 0.0000e+00
       4749    156.806     2.0477     2.0434   3.022950   3.022519     1.9345     2.2983      7.995     1.0071    14.0051 1.0740e-01     0.0736    98.1769     6.5937     6.7389    34.1712    34.1704    27.3039    27.3036    7.67025 0.0000e+00
       4752    156.863     2.0479     2.0437   3.022939   3.022530     1.9349     2.2983      7.995     1.0173    13.6498 1.0727e-01     0.0736    98.1769     6.5982     6.7398    34.1708    34.1702    27.3036    27.3034    7.67023 0.0000e+00
       4755    156.907     2.0483     2.0434   3.022983   3.022477     1.9341     2.2979      7.995     1.0274    13.6498 1.0727e-01     0.0736    98.1769     6.5969     6.7360    34.1709    34.1699    27.3036    27.3032    7.67015 0.0000e+00
       4758    156.955     2.0484     2.0401   3.023045   3.022138     1.9345     2.2979      7.995     1.0173    13.6498 1.0740e-01     0.0736    98.1769     6.5993     6.7365    34.1715    34.1691    27.3041    27.3029    7.67009 0.0000e+00
       4761    157.000     2.0492     2.0379   3.023123   3.021994     1.9341     2.2979      7.995     1.0173    13.6498 1.0727e-01     0.0740    98.1682     6.5991     6.7378    34.1716    34.1697    27.3041    27.3035    7.66993 0.0000e+00
       4764    157.047     2.0492     2.0375   3.023186   3.021992     1.9337     2.2976      7.995     0.9969    13.6498 1.0740e-01     0.0740    98.1682     6.5974     6.7397    34.1723    34.1700    27.3047    27.3038    7.66989 0.0000e+00
       4767    157.091     2.0496     2.0380   3.023192   3.022025     1.9341     2.2976      7.995     0.9969    13.6498 1.0740e-01     0.0743    98.1595     6.6023     6.7449    34.1720    34.1699    27.3044    27.3037    7.66982 0.0000e+00
       4770    157.131     2.0496     2.0399   3.023192   3.022211     1.9341     2.2980      7.995     0.9969   247.8394 1.0752e-01     0.0740    98.1682     6.6056     6.7493    34.1719    34.1702    27.3044    27.3037    7.66983 0.0000e+00
       4773    157.173     2.0497     2.0413   3.023189   3.022330     1.9341     2.2971      7.995     0.9969   482.1870 1.0740e-01     0.0740    98.1682     6.6079     6.7461    34.1718    34.1701    27.3042    27.3035    7.66983 0.0000e+00
       4776    157.216     2.0497     2.0419   3.023213   3.022393     1.9341     2.2967      7.995     0.9867   481.0421 1.0727e-01     0.0743    98.1595     6.6125     6.7437    34.1720    34.1702    27.3044    27.3036    7.66980 0.0000e+00
       4779    157.259     2.0499     2.0413   3.023216   3.022294     1.9333     2.2959      7.995     0.9969   481.3184 1.0727e-01     0.0743    98.1595     6.6130     6.7407    34.1719    34.1696    27.3043    27.3032    7.66978 0.0000e+00
       4782    157.302     2.0490     2.0413   3.023101   3.022379     1.9333     2.2971      7.995     1.0071   481.2790 1.0740e-01     0.0757    98.1248     6.6190     6.7471    34.1713    34.1706    27.3039    27.3040    7.66998 0.0000e+00
       4785    157.342     2.0472     2.0415   3.022906   3.022426     1.9341     2.2963      7.995     0.9969   481.3184 1.0752e-01     0.0750    98.1421     6.6277     6.7443    34.1709    34.1710    27.3037    27.3043    7.67036 0.0000e+00
       4788    157.379     2.0461     2.0421   3.022834   3.022431     1.9333     2.2971      7.995     0.9867   481.2395 1.0740e-01     0.0747    98.1508     6.6235     6.7472    34.1711    34.1703    27.3040    27.3037    7.67056 0.0000e+00
       4791    157.420     2.0449     2.0423   3.022672   3.022472     1.9341     2.2967      7.995     0.9562   481.3184 1.0727e-01     0.0750    98.1421     6.6279     6.7441    34.1704    34.1706    27.3035    27.3039    7.67084 0.0000e+00
       4794    157.464     2.0457     2.0425   3.022835   3.022501     1.9345     2.2967      7.995     0.9562   481.2790 1.0740e-01     0.0754    98.1335     6.6281     6.7454    34.1715    34.1708    27.3043    27.3040    7.67062 0.0000e+00
       4797    157.504     2.0477     2.0427   3.022954   3.022456     1.9349     2.2963      7.995     0.9765   108.9127 1.0740e-01     0.0754    98.1335     6.6274     6.7437    34.1708    34.1700    27.3036    27.3033    7.67026 0.0000e+00
       4800    157.548     2.0461     2.0420   3.022842   3.022426     1.9345     2.2955      7.995     0.9663     2.7141 1.0740e-01     0.0764    98.1074     6.6219     6.7387    34.1711    34.1704    27.3040    27.3037    7.67056 0.0000e+00
       4803    157.597     2.0443     2.0425   3.022684   3.022492     1.9353     2.2963      7.995     0.9562     7.2542 1.0752e-01     0.0778    98.0726     6.6198     6.7392    34.1711    34.1706    27.3041    27.3039    7.67092 0.0000e+00
       4806    157.648     2.0446     2.0430   3.022759   3.022571     1.9365     2.2967      7.995     0.9562     7.0173 1.0715e-01     0.0771    98.0900     6.6148     6.7378    34.1716    34.1711    27.3045    27.3042    7.67082 0.0000e+00
       4809    157.697     2.0478     2.0438   3.023080   3.022646     1.9349     2.2955      7.995     0.9562     7.0568 1.0727e-01     0.0768    98.0987     6.5980     6.7340    34.1722    34.1711    27.3047    27.3041    7.67017 0.0000e+00
       4812    157.748     2.0472     2.0437   3.022965   3.022626     1.9345     2.2951      7.995     0.9460     7.0173 1.0727e-01     0.0768    98.0987     6.5890     6.7320    34.1714    34.1709    27.3041    27.3040    7.67034 0.0000e+00
       4815    157.804     2.0475     2.0434   3.022952   3.022590     1.9349     2.2955      7.995     0.9765     7.0173 1.0752e-01     0.0775    98.0813     6.5826     6.7327    34.1709    34.1707    27.3037    27.3039    7.67031 0.0000e+00
       4818    157.862     2.0474     2.0437   3.022992   3.022639     1.9341     2.2955      7.995     0.9867     7.0173 1.0727e-01     0.0775    98.0813     6.5741     6.7321    34.1714    34.1710    27.3041    27.3041    7.67029 0.0000e+00
       4821    157.922     2.0498     2.0449   3.023337   3.022746     1.9337     2.2943      7.995     1.0071    51.1549 1.0740e-01     0.0785    98.0552     6.5687     6.7275    34.1732    34.1710    27.3053    27.3040    7.66974 0.0000e+00
       4824    157.988     2.0522     2.0440   3.023604   3.022690     1.9333     2.2943      7.995     1.0071   459.2102 1.0740e-01     0.0785    98.0552     6.5670     6.7265    34.1739    34.1712    27.3057    27.3042    7.66923 0.0000e+00
       4827    158.055     2.0533     2.0437   3.023674   3.022670     1.9325     2.2943      7.995     0.9867   481.5159 1.0727e-01     0.0789    98.0465     6.5670     6.7255    34.1735    34.1713    27.3053    27.3043    7.66903 0.0000e+00
       4830    158.126     2.0545     2.0464   3.023847   3.023005     1.9316     2.2947      7.995     0.9969   481.2000 1.0752e-01     0.0789    98.0465     6.5675     6.7286    34.1743    34.1725    27.3059    27.3050    7.66875 0.0000e+00
       4833    158.203     2.0562     2.0487   3.024013   3.023251     1.9316     2.2943      7.995     0.9867   481.2790 1.0715e-01     0.0789    98.0465     6.5776     6.7282    34.1745    34.1730    27.3059    27.3053    7.66841 0.0000e+00
       4836    158.284     2.0586     2.0487   3.024287   3.023254     1.9320     2.2943      7.995     0.9969   481.3579 1.0752e-01     0.0789    98.0465     6.5846     6.7287    34.1753    34.1730    27.3064    27.3053    7.66790 0.0000e+00
       4839    158.368     2.0605     2.0520   3.024466   3.023736     1.9312     2.2931      7.995     0.9969   481.2790 1.0740e-01     0.0789    98.0465     6.5843     6.7249    34.1755    34.1755    27.3063    27.3070    7.66752 0.0000e+00
       4842    158.457     2.0615     2.0563   3.024575   3.024101     1.9316     2.2935      7.995     1.0071   481.3184 1.0752e-01     0.0771    98.0900     6.5903     6.7275    34.1756    34.1754    27.3064    27.3066    7.66730 0.0000e+00
       4845    158.553     2.0622     2.0573   3.024671   3.024222     1.9316     2.2931      7.995     0.9969   481.3579 1.0715e-01     0.0771    98.0900     6.5932     6.7277    34.1761    34.1757    27.3067    27.3067    7.66715 0.0000e+00
       4848    158.657     2.0630     2.0595   3.024826   3.024505     1.9325     2.2931      7.995     1.0071   330.6269 1.0752e-01     0.0775    98.0813     6.5994     6.7287    34.1771    34.1769    27.3075    27.3075    7.66695 0.0000e+00
       4851    158.762     2.0669     2.0658   3.025303   3.025209     1.9329     2.2931      7.995     1.0071    -2.3393 1.0752e-01     0.0771    98.0900     6.6021     6.7311    34.1788    34.1788    27.3085    27.3086    7.66609 0.0000e+00
       4854    158.873     2.0716     2.0694   3.025880   3.025597     1.9320     2.2931      7.994     0.9765     4.9249 1.0740e-01     0.0768    98.0987     6.5949     6.7339    34.1809    34.1797    27.3098    27.3091    7.66506 0.0000e+00
       4857    158.991     2.0753     2.0712   3.026200   3.025775     1.9333     2.2922      7.994     0.9969     5.0433 1.0740e-01     0.0768    98.0987     6.5955     6.7321    34.1808    34.1800    27.3094    27.3091    7.66434 0.0000e+00
       4860    159.116     2.0762     2.0728   3.026335   3.025986     1.9320     2.2931      7.994     0.9867     5.0038 1.0740e-01     0.0778    98.0726     6.5864     6.7392    34.1815    34.1808    27.3099    27.3096    7.66413 0.0000e+00
       4863    159.247     2.0775     2.0737   3.026452   3.026050     1.9316     2.2931      7.994     0.9867     5.0038 1.0740e-01     0.0782    98.0639     6.5826     6.7404    34.1814    34.1805    27.3098    27.3094    7.66387 0.0000e+00
       4866    159.381     2.0785     2.0742   3.026554   3.026116     1.9316     2.2922      7.994     0.9765     5.0038 1.0727e-01     0.0782    98.0639     6.5805     6.7376    34.1815    34.1807    27.3098    27.3094    7.66367 0.0000e+00
       4869    159.521     2.0793     2.0744   3.026643   3.026155     1.9312     2.2931      7.994     1.0071     5.0038 1.0740e-01     0.0789    98.0465     6.5758     6.7418    34.1817    34.1809    27.3099    27.3096    7.66351 0.0000e+00
       4872    159.666     2.0797     2.0747   3.026706   3.026220     1.9316     2.2931      7.994     0.9867     5.0038 1.0727e-01     0.0782    98.0639     6.5752     6.7423    34.1820    34.1813    27.3100    27.3099    7.66341 0.0000e+00
       4875    159.819     2.0805     2.0760   3.026785   3.026356     1.9308     2.2943      7.994     1.0071     6.7409 1.0752e-01     0.0789    98.0465     6.5732     6.7464    34.1820    34.1815    27.3100    27.3099    7.66326 0.0000e+00
       4878    159.972     2.0808     2.0761   3.026850   3.026385     1.9308     2.2931      7.994     0.9969     8.0043 1.0740e-01     0.0785    98.0552     6.5752     6.7414    34.1825    34.1817    27.3104    27.3101    7.66318 0.0000e+00
       4881    160.129     2.0813     2.0764   3.026897   3.026435     1.9304     2.2931      7.994     0.9867     7.9648 1.0727e-01     0.0789    98.0465     6.5760     6.7420    34.1824    34.1819    27.3103    27.3103    7.66309 0.0000e+00
       4884    160.293     2.0815     2.0764   3.026864   3.026407     1.9308     2.2931      7.994     0.9969     7.9648 1.0740e-01     0.0789    98.0465     6.5820     6.7405    34.1817    34.1815    27.3097    27.3099    7.66309 0.0000e+00
       4887    160.462     2.0807     2.0771   3.026851   3.026513     1.9308     2.2931      7.994     0.9867     7.9648 1.0740e-01     0.0789    98.0465     6.5828     6.7405    34.1823    34.1820    27.3102    27.3102    7.66321 0.0000e+00
       4890    160.635     2.0826     2.0783   3.027115   3.026688     1.9312     2.2931      7.994     0.9867     7.9648 1.0752e-01     0.0789    98.0465     6.5866     6.7399    34.1835    34.1828    27.3110    27.3108    7.66278 0.0000e+00
       4893    160.806     2.0839     2.0797   3.027235   3.026845     1.9304     2.2931      7.994     0.9867     7.9648 1.0740e-01     0.0785    98.0552     6.5842     6.7378    34.1835    34.1832    27.3109    27.3110    7.66253 0.0000e+00
       4896    160.981     2.0845     2.0804   3.027313   3.026929     1.9304     2.2935      7.994     1.0071     7.9648 1.0727e-01     0.0789    98.0465     6.5840     6.7396    34.1837    34.1833    27.3110    27.3110    7.66239 0.0000e+00
       4899    161.161     2.0861     2.0808   3.027557   3.027053     1.9304     2.2922      7.994     0.9969     8.9123 1.0752e-01     0.0785    98.0552     6.5831     6.7355    34.1850    34.1843    27.3119    27.3118    7.66202 0.0000e+00
       4902    161.344     2.0869     2.0867   3.027668   3.027806     1.9312     2.2935      7.994     1.0071   412.3091 1.0740e-01     0.0807    98.0031     6.5869     6.7410    34.1853    34.1873    27.3121    27.3137    7.66184 0.0000e+00
       4905    161.522     2.0910     2.0898   3.028266   3.028034     1.9300     2.2931      7.994     0.9867   481.8317 1.0740e-01     0.0810    97.9944     6.5818     6.7377    34.1883    34.1867    27.3142    27.3130    7.66089 0.0000e+00
       4908    161.694     2.0955     2.0910   3.028639   3.028176     1.9304     2.2931      7.994     0.9969   481.0816 1.0727e-01     0.0810    97.9944     6.5812     6.7382    34.1880    34.1871    27.3136    27.3132    7.66002 0.0000e+00
       4911    161.863     2.0970     2.0924   3.028810   3.028411     1.9300     2.2931      7.994     0.9969   481.3184 1.0740e-01     0.0807    98.0031     6.5788     6.7380    34.1884    34.1884    27.3138    27.3142    7.65970 0.0000e+00
       4914    162.030     2.0994     2.0954   3.029169   3.028754     1.9308     2.2931      7.994     0.9867   481.3579 1.0727e-01     0.0807    98.0031     6.5831     6.7376    34.1902    34.1894    27.3151    27.3147    7.65914 0.0000e+00
       4917    162.192     2.1007     2.0974   3.029256   3.028921     1.9304     2.2931      7.994     0.9765   481.3579 1.0752e-01     0.0810    97.9944     6.5808     6.7374    34.1899    34.1892    27.3147    27.3144    7.65891 0.0000e+00
       4920    162.349     2.1014     2.0982   3.029361   3.029015     1.9296     2.2935      7.994     0.9765   481.3184 1.0727e-01     0.0810    97.9944     6.5764     6.7389    34.1903    34.1894    27.3150    27.3146    7.65875 0.0000e+00
       4923    162.499     2.1037     2.1001   3.029674   3.029262     1.9292     2.2927      7.994     0.9562   481.3184 1.0752e-01     0.0800    98.0205     6.5753     6.7363    34.1916    34.1904    27.3158    27.3151    7.65823 0.0000e+00
       4926    162.639     2.1054     2.1010   3.029823   3.029355     1.9308     2.2931      7.994     0.9765   406.8610 1.0740e-01     0.0800    98.0205     6.5854     6.7360    34.1916    34.1904    27.3157    27.3152    7.65789 0.0000e+00
       4929    162.769     2.1064     2.1014   3.029883   3.029414     1.9304     2.2931      7.994     0.9663     8.0437 1.0727e-01     0.0800    98.0205     6.5882     6.7363    34.1912    34.1907    27.3153    27.3153    7.65773 0.0000e+00
       4932    162.891     2.1067     2.1018   3.029913   3.029438     1.9296     2.2931      7.994     0.9663     0.6612 1.0727e-01     0.0800    98.0205     6.5852     6.7357    34.1912    34.1905    27.3152    27.3151    7.65766 0.0000e+00
