Datasets/AZMP/HUD120/hud120_2020_055.cnv
* Sea-Bird SBE 9 Data File:
* FileName = C:\CTDDATA\hud120_2020_055.hex
* Software Version Seasave V 7.26.7.110
* Temperature SN = 1697
* Conductivity SN = 4216
* Number of Bytes Per Scan = 30
* Number of Voltage Words = 4
* Number of Scans Averaged by the Deck Unit = 1
* NMEA baud rate = 4800
** VESSEL/TRIP/SEQ STN:  hud120(2020_055
** LATITUDE XX XX.XX: 47 00.00 N
** LONGITUDE XX XX.XX: 044 34.70 W
** SOUNDING DEPTH (M): 0138
** PROBE TYPE: S1146
** CTD NUMBER: 034
** FORMAT: V
** COMMENTS (14 CHAR): FC-27
** BOTTLES:  0
** LEVELS: 0
** STICKERS:
** VNET: N
** DO2: N
# nquan = 22
# nvalues = 1958                        
# units = specified
# name 0 = scan: Scan Count
# name 1 = prDM: Pressure, Digiquartz [db]
# name 2 = t090C: Temperature [ITS-90, deg C]
# name 3 = t190C: Temperature, 2 [ITS-90, deg C]
# name 4 = c0S/m: Conductivity [S/m]
# name 5 = c1S/m: Conductivity, 2 [S/m]
# name 6 = sbeox0V: Oxygen raw, SBE 43 [V]
# name 7 = sbeox1V: Oxygen raw, SBE 43, 2 [V]
# name 8 = ph: pH
# name 9 = flECO-AFL: Fluorescence, WET Labs ECO-AFL/FL [mg/m^3]
# name 10 = wetCDOM: Fluorescence, WET Labs CDOM [mg/m^3]
# name 11 = par/sat/log: PAR/Logarithmic, Satlantic [umol photons/m^2/sec]
# name 12 = CStarAt0: Beam Attenuation, WET Labs C-Star [1/m]
# name 13 = CStarTr0: Beam Transmission, WET Labs C-Star [%]
# name 14 = sbeox0ML/L: Oxygen, SBE 43 [ml/l], WS = 2
# name 15 = sbeox1ML/L: Oxygen, SBE 43, 2 [ml/l], WS = 2
# name 16 = sal00: Salinity, Practical [PSU]
# name 17 = sal11: Salinity, Practical, 2 [PSU]
# name 18 = sigma-t00: Density [sigma-t, kg/m^3 ]
# name 19 = sigma-t11: Density, 2 [sigma-t, kg/m^3 ]
# name 20 = oxsatML/L: Oxygen Saturation, Weiss [ml/l]
# name 21 = flag: flag
# span 0 =          2,       8132       
# span 1 =      0.418,    129.620       
# span 2 =     3.8436,     7.4182       
# span 3 =     3.8389,     7.4137       
# span 4 =   3.197798,   3.409082       
# span 5 =   3.197504,   3.408599       
# span 6 =     1.8819,     2.2112       
# span 7 =     2.2449,     2.6591       
# span 8 =      7.933,      8.131       
# span 9 =     0.9257,     6.9492       
# span 10 =    -2.8130,   482.1870      
# span 11 = 1.0520e-01, 7.2946e-01      
# span 12 =     0.0974,     0.4522      
# span 13 =    89.3108,    97.5945      
# span 14 =     6.0139,     6.7377      
# span 15 =     6.2047,     6.9635      
# span 16 =    32.8074,    34.4215      
# span 17 =    32.5550,    34.4207      
# span 18 =    25.6356,    27.3419      
# span 19 =    25.4378,    27.3417      
# span 20 =    6.77470,    7.31983      
# span 21 = 0.0000e+00, 0.0000e+00      
# interval = scans: 3                   
# start_time = Nov 23 2020 06:34:16 [System UTC, header]
# bad_flag = -9.990e-29
*END*
[from data line 1317]
       5249     92.621     4.0956     4.0576   3.209883   3.207469     1.9153     2.2889      7.949     1.0681   481.3579 1.0715e-01     0.1120    97.2382     6.1852     6.3808    34.3079    34.3190    27.2257    27.2385    7.27999 0.0000e+00
       5252     92.493     4.1075     4.0628   3.210227   3.207639     1.9153     2.2897      7.949     1.0783   481.3579 1.0740e-01     0.1120    97.2382     6.1801     6.3834    34.2995    34.3156    27.2178    27.2352    7.27827 0.0000e+00
       5255     92.378     4.1061     4.0583   3.210093   3.207417     1.9173     2.2902      7.952     1.0884   465.6847 1.0752e-01     0.1085    97.3251     6.1844     6.3850    34.2994    34.3178    27.2178    27.2374    7.27851 0.0000e+00
       5258     92.275     4.1007     4.0631   3.209817   3.207696     1.9173     2.2910      7.954     1.0884    46.4568 1.0740e-01     0.1067    97.3685     6.1829     6.3876    34.3020    34.3161    27.2204    27.2356    7.27937 0.0000e+00
       5261     92.182     4.0957     4.0774   3.209622   3.208563     1.9173     2.2930      7.954     1.0884     9.7414 1.0727e-01     0.1070    97.3598     6.1816     6.3911    34.3048    34.3114    27.2233    27.2304    7.28011 0.0000e+00
       5264     92.103     4.0963     4.0822   3.209619   3.208627     1.9182     2.2930      7.957     1.0783    11.6758 1.0740e-01     0.1070    97.3598     6.1827     6.3882    34.3042    34.3072    27.2227    27.2265    7.28003 0.0000e+00
       5267     92.038     4.0899     4.0646   3.209271   3.207603     1.9194     2.2942      7.959     1.0884    11.5179 1.0727e-01     0.1070    97.3598     6.1852     6.3939    34.3068    34.3136    27.2254    27.2334    7.28105 0.0000e+00
       5270     91.989     4.0596     4.0441   3.207178   3.206929     1.9198     2.2946      7.959     1.0884    11.5574 1.0727e-01     0.1070    97.3598     6.1875     6.3973    34.3138    34.3271    27.2341    27.2462    7.28614 0.0000e+00
       5273     91.955     4.0105     4.0487   3.205218   3.207001     1.9206     2.2951      7.961     1.0783    11.5968 1.0715e-01     0.1067    97.3685     6.1956     6.3962    34.3420    34.3230    27.2616    27.2426    7.29358 0.0000e+00
       5361     91.864     4.1176     4.1133   3.210517   3.210220     1.9357     2.3187      7.968     1.1394   304.5313 1.0752e-01     0.0988    97.5598     6.2610     6.4822    34.2928    34.2937    27.2113    27.2125    7.27679 0.0000e+00
       5364     91.704     4.1067     4.1057   3.210087   3.209870     1.9361     2.3195      7.968     1.1394    -1.7865 1.0727e-01     0.0981    97.5772     6.2659     6.4847    34.2992    34.2976    27.2176    27.2164    7.27843 0.0000e+00
       5367     91.526     4.1095     4.1052   3.210407   3.209901     1.9365     2.3199      7.968     1.1292     5.5960 1.0727e-01     0.0981    97.5772     6.2683     6.4841    34.3001    34.2986    27.2181    27.2173    7.27788 0.0000e+00
       5370     91.332     4.1175     4.1065   3.210820   3.209880     1.9377     2.3219      7.968     1.1495     5.4776 1.0740e-01     0.0981    97.5772     6.2721     6.4920    34.2967    34.2971    27.2145    27.2160    7.27660 0.0000e+00
       5373     91.127     4.1246     4.0916   3.211088   3.209008     1.9389     2.3223      7.968     1.1394     5.4776 1.0740e-01     0.0985    97.5685     6.2754     6.4950    34.2926    34.3024    27.2105    27.2218    7.27554 0.0000e+00
       5376     90.908     4.1277     4.1011   3.211302   3.210097     1.9381     2.3227      7.968     1.1495     5.4776 1.0740e-01     0.0992    97.5511     6.2698     6.4956    34.2920    34.3055    27.2097    27.2232    7.27502 0.0000e+00
       5379     90.673     4.1332     4.1255   3.211568   3.211052     1.9389     2.3244      7.968     1.1495     5.4776 1.0740e-01     0.0992    97.5511     6.2699     6.4965    34.2895    34.2915    27.2071    27.2095    7.27415 0.0000e+00
       5382     90.426     4.1378     4.1332   3.211769   3.211358     1.9406     2.3252      7.968     1.1495     5.4776 1.0740e-01     0.0995    97.5424     6.2754     6.4979    34.2872    34.2872    27.2049    27.2053    7.27345 0.0000e+00
       5385     90.167     4.1409     4.1370   3.211910   3.211488     1.9406     2.3252      7.968     1.1394     5.4776 1.0727e-01     0.0992    97.5511     6.2727     6.4981    34.2858    34.2849    27.2034    27.2031    7.27296 0.0000e+00
       5388     89.897     4.1424     4.1384   3.211959   3.211533     1.9418     2.3260      7.968     1.1495     4.8854 1.0727e-01     0.0992    97.5511     6.2759     6.5001    34.2850    34.2841    27.2026    27.2023    7.27273 0.0000e+00
       5391     89.621     4.1437     4.1394   3.212027   3.211606     1.9422     2.3268      7.968     1.1597     4.5301 1.0727e-01     0.0992    97.5511     6.2768     6.5037    34.2845    34.2841    27.2021    27.2022    7.27251 0.0000e+00
       5394     89.336     4.1457     4.1405   3.212120   3.211660     1.9422     2.3288      7.968     1.1597     4.5301 1.0752e-01     0.0995    97.5424     6.2758     6.5105    34.2837    34.2837    27.2012    27.2018    7.27220 0.0000e+00
       5397     89.046     4.1471     4.1410   3.212187   3.211717     1.9430     2.3293      7.968     1.1495     4.5301 1.0740e-01     0.1009    97.5076     6.2795     6.5126    34.2832    34.2840    27.2006    27.2019    7.27197 0.0000e+00
       5400     88.749     4.1485     4.1432   3.212270   3.211854     1.9438     2.3297      7.968     1.1597     4.5301 1.0740e-01     0.1013    97.4989     6.2829     6.5111    34.2828    34.2835    27.2002    27.2013    7.27174 0.0000e+00
       5403     88.448     4.1497     4.1444   3.212307   3.211881     1.9442     2.3301      7.968     1.1495     4.5301 1.0727e-01     0.1013    97.4989     6.2832     6.5098    34.2822    34.2828    27.1996    27.2006    7.27155 0.0000e+00
       5406     88.148     4.1539     4.1559   3.212886   3.212779     1.9450     2.3317      7.968     1.1088     4.5301 1.0740e-01     0.1013    97.4989     6.2849     6.5132    34.2849    34.2815    27.2013    27.1983    7.27069 0.0000e+00
       5409     87.841     4.1731     4.1669   3.213985   3.213280     1.9450     2.3325      7.968     1.0783     4.5301 1.0727e-01     0.1013    97.4989     6.2833     6.5134    34.2780    34.2761    27.1938    27.1930    7.26759 0.0000e+00
       5412     87.538     4.1910     4.1860   3.214834   3.214209     1.9459     2.3337      7.968     1.0884     4.4117 1.0727e-01     0.1013    97.4989     6.2854     6.5133    34.2696    34.2673    27.1852    27.1839    7.26481 0.0000e+00
       5415     87.238     4.2074     4.1868   3.215711   3.214115     1.9467     2.3350      7.968     1.0783    -0.4837 1.0727e-01     0.1009    97.5076     6.2886     6.5146    34.2630    34.2656    27.1782    27.1825    7.26221 0.0000e+00
       5418     86.943     4.2196     4.1959   3.216203   3.214812     1.9479     2.3354      7.968     1.0783    -0.9575 1.0727e-01     0.0992    97.5511     6.2918     6.5139    34.2562    34.2645    27.1716    27.1806    7.26036 0.0000e+00
       5421     86.648     4.2220     4.2010   3.216057   3.215042     1.9475     2.3354      7.968     1.0783    -0.9180 1.0752e-01     0.0992    97.5511     6.2885     6.5127    34.2521    34.2620    27.1681    27.1782    7.26013 0.0000e+00
       5424     86.360     4.2232     4.2279   3.216427   3.216411     1.9487     2.3358      7.969     1.0884    -0.9180 1.0727e-01     0.0992    97.5511     6.2924     6.5084    34.2553    34.2503    27.1705    27.1660    7.25975 0.0000e+00
       5427     86.081     4.2432     4.2364   3.217454   3.216600     1.9495     2.3366      7.969     1.0884    -0.9180 1.0727e-01     0.0992    97.5511     6.2922     6.5065    34.2468    34.2439    27.1616    27.1600    7.25662 0.0000e+00
       5430     85.814     4.2526     4.2398   3.217661   3.216806     1.9499     2.3378      7.971     1.0783    -0.9575 1.0740e-01     0.0992    97.5511     6.2935     6.5075    34.2396    34.2429    27.1549    27.1588    7.25529 0.0000e+00
       5433     85.555     4.2513     4.2391   3.217478   3.216638     1.9508     2.3386      7.972     1.1292    -0.9180 1.0727e-01     0.0992    97.5511     6.2953     6.5092    34.2390    34.2418    27.1545    27.1580    7.25555 0.0000e+00
       5436     85.305     4.2478     4.2354   3.217313   3.216494     1.9516     2.3394      7.972     1.1394    -0.9180 1.0740e-01     0.0992    97.5511     6.2984     6.5101    34.2408    34.2440    27.1564    27.1602    7.25608 0.0000e+00
       5439     85.064     4.2498     4.2327   3.217657   3.216387     1.9520     2.3398      7.972     1.1292    -1.0759 1.0715e-01     0.0992    97.5511     6.3007     6.5119    34.2429    34.2457    27.1578    27.1619    7.25562 0.0000e+00
       5442     84.840     4.2604     4.2423   3.218040   3.217116     1.9524     2.3415      7.974     1.1495    -1.7471 1.0740e-01     0.0988    97.5598     6.3006     6.5164    34.2365    34.2444    27.1516    27.1598    7.25405 0.0000e+00
       5445     84.624     4.2634     4.2584   3.218158   3.217721     1.9528     2.3411      7.972     1.1699    -1.7471 1.0740e-01     0.0988    97.5598     6.3034     6.5118    34.2349    34.2349    27.1500    27.1505    7.25360 0.0000e+00
       5448     84.421     4.2681     4.2546   3.218366   3.217385     1.9532     2.3419      7.975     1.1495    -1.6286 1.0727e-01     0.0988    97.5598     6.3024     6.5129    34.2326    34.2350    27.1477    27.1510    7.25288 0.0000e+00
       5451     84.236     4.2665     4.2399   3.218259   3.216603     1.9544     2.3423      7.977     1.1495    -1.7471 1.0715e-01     0.0992    97.5511     6.3081     6.5131    34.2330    34.2412    27.1482    27.1575    7.25313 0.0000e+00
       5454     84.068     4.2681     4.2318   3.218464   3.216252     1.9548     2.3431      7.977     1.1495    -1.6681 1.0715e-01     0.0988    97.5598     6.3082     6.5144    34.2339    34.2456    27.1487    27.1618    7.25282 0.0000e+00
       5457     83.921     4.2769     4.2320   3.218891   3.216370     1.9548     2.3435      7.977     1.1699    -1.7076 1.0740e-01     0.0995    97.5424     6.3049     6.5134    34.2298    34.2468    27.1445    27.1628    7.25144 0.0000e+00
       5460     83.787     4.2796     4.2459   3.218777   3.217105     1.9569     2.3443      7.977     1.2004    -1.6681 1.0727e-01     0.0992    97.5511     6.3129     6.5139    34.2257    34.2411    27.1410    27.1568    7.25115 0.0000e+00
       5463     83.670     4.2633     4.2571   3.218055   3.217504     1.9569     2.3451      7.979     1.2207    -1.7076 1.0727e-01     0.0999    97.5337     6.3159     6.5127    34.2343    34.2342    27.1495    27.1501    7.25365 0.0000e+00
       5466     83.570     4.2755     4.2162   3.218933   3.215219     1.9581     2.3455      7.982     1.2207    -1.3918 1.0715e-01     0.0992    97.5511     6.3173     6.5207    34.2320    34.2499    27.1464    27.1669    7.25159 0.0000e+00
       5469     83.486     4.2843     4.1957   3.219214   3.214522     1.9581     2.3455      7.980     1.2207    -1.0364 1.0715e-01     0.0995    97.5424     6.3154     6.5261    34.2261    34.2631    27.1408    27.1796    7.25030 0.0000e+00
       5472     83.421     4.2817     4.2146   3.219037   3.215578     1.9585     2.3464      7.982     1.2105    -1.0759 1.0727e-01     0.0992    97.5511     6.3145     6.5262    34.2268    34.2559    27.1416    27.1719    7.25073 0.0000e+00
       5475     83.377     4.2721     4.2368   3.218326   3.216606     1.9597     2.3468      7.980     1.2207    -1.0364 1.0715e-01     0.0999    97.5337     6.3184     6.5261    34.2285    34.2449    27.1440    27.1608    7.25236 0.0000e+00
       5541     83.334     4.2822     4.2710   3.218892   3.218127     1.9686     2.3598      7.985     1.2105    -2.2208 1.0715e-01     0.0981    97.5771     6.3439     6.5604    34.2246    34.2272    27.1398    27.1431    7.25074 0.0000e+00
       5576     83.216     4.2937     4.2844   3.219556   3.218943     1.9723     2.3663      7.987     1.2105    -1.5102 1.0727e-01     0.0981    97.5772     6.3522     6.5763    34.2206    34.2230    27.1354    27.1383    7.24890 0.0000e+00
       5579     83.087     4.2925     4.2901   3.219503   3.219339     1.9735     2.3667      7.987     1.2004    -0.4048 1.0727e-01     0.0981    97.5772     6.3594     6.5757    34.2213    34.2218    27.1361    27.1368    7.24908 0.0000e+00
       5582     82.956     4.2948     4.2962   3.219705   3.219587     1.9740     2.3675      7.987     1.2105    -0.4443 1.0715e-01     0.0981    97.5772     6.3618     6.5760    34.2213    34.2185    27.1359    27.1335    7.24867 0.0000e+00
       5585     82.818     4.2969     4.2967   3.219786   3.219570     1.9744     2.3684      7.987     1.2207    -0.4443 1.0715e-01     0.0985    97.5685     6.3603     6.5780    34.2202    34.2178    27.1348    27.1329    7.24836 0.0000e+00
       5588     82.676     4.2978     4.2954   3.219801   3.219506     1.9752     2.3679      7.987     1.1902    -0.4443 1.0715e-01     0.0981    97.5772     6.3625     6.5789    34.2195    34.2185    27.1341    27.1336    7.24823 0.0000e+00
       5591     82.531     4.2969     4.2989   3.219734   3.219787     1.9744     2.3679      7.987     1.1597    -0.4443 1.0715e-01     0.0981    97.5772     6.3612     6.5813    34.2197    34.2183    27.1343    27.1330    7.24837 0.0000e+00
       5594     82.381     4.2973     4.3004   3.219804   3.219752     1.9748     2.3688      7.987     1.1495    -0.4443 1.0715e-01     0.0981    97.5772     6.3645     6.5855    34.2202    34.2164    27.1347    27.1313    7.24828 0.0000e+00
       5597     82.232     4.3002     4.3046   3.219985   3.220150     1.9756     2.3700      7.987     1.1597     2.2008 1.0727e-01     0.0985    97.5685     6.3701     6.5919    34.2194    34.2167    27.1337    27.1312    7.24780 0.0000e+00
       5600     82.080     4.3055     4.3164   3.220395   3.220828     1.9764     2.3700      7.986     1.1597     4.6485 1.0740e-01     0.0981    97.5772     6.3741     6.5917    34.2188    34.2126    27.1327    27.1267    7.24689 0.0000e+00
       5603     81.923     4.3161     4.3253   3.220873   3.221183     1.9772     2.3704      7.986     1.1394     4.5301 1.0715e-01     0.0977    97.5859     6.3760     6.5924    34.2135    34.2076    27.1274    27.1217    7.24527 0.0000e+00
       5606     81.764     4.3178     4.3227   3.220957   3.220873     1.9764     2.3708      7.986     1.1699     4.5301 1.0727e-01     0.0981    97.5772     6.3724     6.5963    34.2128    34.2067    27.1266    27.1213    7.24500 0.0000e+00
       5609     81.605     4.3225     4.3193   3.221167   3.220750     1.9764     2.3720      7.986     1.1597     4.5301 1.0740e-01     0.0981    97.5772     6.3755     6.6032    34.2104    34.2089    27.1243    27.1233    7.24427 0.0000e+00
       5612     81.446     4.3256     4.3240   3.221359   3.221125     1.9784     2.3728      7.986     1.1495     4.5301 1.0740e-01     0.0981    97.5772     6.3875     6.6082    34.2096    34.2085    27.1233    27.1226    7.24378 0.0000e+00
       5615     81.286     4.3326     4.3276   3.221751   3.221295     1.9793     2.3737      7.986     1.1699     4.5301 1.0727e-01     0.0981    97.5772     6.3901     6.6111    34.2070    34.2069    27.1205    27.1209    7.24266 0.0000e+00
       5618     81.126     4.3325     4.3264   3.221725   3.220999     1.9797     2.3741      7.988     1.1902     4.5301 1.0727e-01     0.0981    97.5772     6.3903     6.6114    34.2070    34.2047    27.1205    27.1193    7.24268 0.0000e+00
       5621     80.964     4.3473     4.3204   3.222603   3.220874     1.9797     2.3749      7.989     1.1902     4.5301 1.0727e-01     0.0981    97.5772     6.3878     6.6176    34.2020    34.2095    27.1149    27.1237    7.24030 0.0000e+00
