Datasets/AZMP/HUD120/hud120_2020_087.cnv
* Sea-Bird SBE 9 Data File:
* FileName = C:\CTDDATA\hud120_2020_087.hex
* Software Version Seasave V 7.26.7.110
* Temperature SN = 1697
* Conductivity SN = 4216
* Number of Bytes Per Scan = 30
* Number of Voltage Words = 4
* Number of Scans Averaged by the Deck Unit = 1
* NMEA baud rate = 4800
** VESSEL/TRIP/SEQ STN:  hud120_2020_087
** LATITUDE XX XX.XX: 48 48.00 N
** LONGITUDE XX XX.XX: 052 45.00 W
** SOUNDING DEPTH (M): 0183
** PROBE TYPE: S1146
** CTD NUMBER: 064
** FORMAT: V
** COMMENTS (14 CHAR): BB-02
** BOTTLES:  0
** LEVELS:
** STICKERS:
** VNET: Y
** DO2: N
# nquan = 22
# nvalues = 3401                        
# units = specified
# name 0 = scan: Scan Count
# name 1 = prDM: Pressure, Digiquartz [db]
# name 2 = t090C: Temperature [ITS-90, deg C]
# name 3 = t190C: Temperature, 2 [ITS-90, deg C]
# name 4 = c0S/m: Conductivity [S/m]
# name 5 = c1S/m: Conductivity, 2 [S/m]
# name 6 = sbeox0V: Oxygen raw, SBE 43 [V]
# name 7 = sbeox1V: Oxygen raw, SBE 43, 2 [V]
# name 8 = ph: pH
# name 9 = flECO-AFL: Fluorescence, WET Labs ECO-AFL/FL [mg/m^3]
# name 10 = wetCDOM: Fluorescence, WET Labs CDOM [mg/m^3]
# name 11 = par/sat/log: PAR/Logarithmic, Satlantic [umol photons/m^2/sec]
# name 12 = CStarAt0: Beam Attenuation, WET Labs C-Star [1/m]
# name 13 = CStarTr0: Beam Transmission, WET Labs C-Star [%]
# name 14 = sbeox0ML/L: Oxygen, SBE 43 [ml/l], WS = 2
# name 15 = sbeox1ML/L: Oxygen, SBE 43, 2 [ml/l], WS = 2
# name 16 = sal00: Salinity, Practical [PSU]
# name 17 = sal11: Salinity, Practical, 2 [PSU]
# name 18 = sigma-t00: Density [sigma-t, kg/m^3 ]
# name 19 = sigma-t11: Density, 2 [sigma-t, kg/m^3 ]
# name 20 = oxsatML/L: Oxygen Saturation, Weiss [ml/l]
# name 21 = flag: flag
# span 0 =         38,      11832       
# span 1 =      2.547,    169.096       
# span 2 =    -0.2964,     2.2765       
# span 3 =    -0.3013,     2.2722       
# span 4 =   2.726502,   2.856924       
# span 5 =   2.725994,   2.856467       
# span 6 =     1.9377,     2.1880       
# span 7 =     2.2979,     2.6080       
# span 8 =      8.066,      8.162       
# span 9 =     1.0173,     4.0188       
# span 10 =    -2.8130,   482.1870      
# span 11 = 1.0556e-01, 2.5463e-01      
# span 12 =     0.0874,     0.1461      
# span 13 =    96.4124,    97.8379      
# span 14 =     7.1701,     7.6956      
# span 15 =     7.3052,     7.8552      
# span 16 =    31.9509,    32.9890      
# span 17 =    31.9518,    32.9884      
# span 18 =    25.5106,    26.4957      
# span 19 =    25.5108,    26.4955      
# span 20 =    7.74007,    8.22298      
# span 21 = 0.0000e+00, 0.0000e+00      
# interval = scans: 3                   
# start_time = Nov 27 2020 22:38:26 [System UTC, header]
# bad_flag = -9.990e-29
*END*
[from data line 3029]
      10720     40.079     2.2049     2.2005   2.854063   2.853602     2.1704     2.5877      8.153     3.2151   481.2790 1.0727e-01     0.1296    96.8122     7.6619     7.8300    31.9722    31.9709    25.5316    25.5309    7.75332 0.0000e+00
      10723     40.006     2.2024     2.2019   2.853958   2.853642     2.1700     2.5873      8.153     3.1133   481.2790 1.0727e-01     0.1292    96.8209     7.6635     7.8286    31.9734    31.9700    25.5328    25.5301    7.75375 0.0000e+00
      10726     39.931     2.2058     2.2024   2.854099   2.853666     2.1696     2.5877      8.154     3.0828   481.3184 1.0715e-01     0.1292    96.8209     7.6627     7.8282    31.9718    31.9698    25.5312    25.5299    7.75316 0.0000e+00
      10729     39.854     2.2047     2.2015   2.854047   2.853637     2.1696     2.5885      8.153     3.1031   481.3184 1.0715e-01     0.1292    96.8209     7.6643     7.8318    31.9723    31.9705    25.5317    25.5305    7.75334 0.0000e+00
      10732     39.773     2.2059     2.2032   2.854064   2.853679     2.1700     2.5889      8.153     3.0828   481.3579 1.0715e-01     0.1299    96.8035     7.6643     7.8338    31.9714    31.9693    25.5308    25.5294    7.75316 0.0000e+00
      10735     39.690     2.2027     2.2041   2.853906   2.853733     2.1708     2.5889      8.154     3.0828   310.8085 1.0715e-01     0.1303    96.7948     7.6668     7.8318    31.9726    31.9691    25.5321    25.5292    7.75372 0.0000e+00
      10738     39.607     2.2016     2.2040   2.853953   2.853728     2.1704     2.5889      8.154     3.0930    -1.0759 1.0715e-01     0.1303    96.7948     7.6646     7.8301    31.9744    31.9692    25.5336    25.5292    7.75385 0.0000e+00
      10741     39.522     2.2043     2.2038   2.853984   2.853690     2.1708     2.5889      8.153     3.1031     7.6095 1.0727e-01     0.1303    96.7948     7.6675     7.8301    31.9721    31.9690    25.5315    25.5291    7.75344 0.0000e+00
      10744     39.430     2.2043     2.2039   2.854004   2.853692     2.1712     2.5897      8.153     3.1031     7.3726 1.0715e-01     0.1303    96.7948     7.6705     7.8332    31.9724    31.9690    25.5318    25.5291    7.75342 0.0000e+00
      10747     39.340     2.2069     2.2033   2.854070   2.853635     2.1716     2.5889      8.154     3.0726     7.3726 1.0715e-01     0.1303    96.7948     7.6710     7.8284    31.9706    31.9689    25.5302    25.5291    7.75300 0.0000e+00
      10750     39.251     2.2067     2.2031   2.854033   2.853630     2.1716     2.5889      8.153     3.0319     7.3726 1.0715e-01     0.1299    96.8035     7.6720     7.8271    31.9705    31.9690    25.5300    25.5292    7.75305 0.0000e+00
      10753     39.155     2.2057     2.2036   2.854023   2.853633     2.1716     2.5901      8.153     3.0420     7.3726 1.0715e-01     0.1303    96.7948     7.6701     7.8311    31.9714    31.9687    25.5309    25.5289    7.75321 0.0000e+00
      10756     39.058     2.2059     2.2042   2.854023   2.853670     2.1716     2.5901      8.153     3.0420     7.3726 1.0715e-01     0.1292    96.8209     7.6664     7.8311    31.9712    31.9686    25.5307    25.5288    7.75316 0.0000e+00
      10759     38.960     2.2061     2.2050   2.854016   2.853709     2.1716     2.5901      8.153     3.0319     7.3726 1.0715e-01     0.1292    96.8209     7.6613     7.8289    31.9710    31.9683    25.5305    25.5285    7.75314 0.0000e+00
      10762     38.862     2.2070     2.2049   2.854059   2.853698     2.1716     2.5901      8.153     3.0217   303.0311 1.0715e-01     0.1292    96.8209     7.6590     7.8278    31.9707    31.9683    25.5302    25.5285    7.75298 0.0000e+00
      10765     38.763     2.2070     2.2054   2.854055   2.853699     2.1708     2.5901      8.154     3.0319   481.7133 1.0715e-01     0.1292    96.8209     7.6524     7.8258    31.9706    31.9679    25.5302    25.5281    7.75298 0.0000e+00
      10768     38.665     2.2084     2.2057   2.854086   2.853706     2.1720     2.5905      8.153     3.0319   480.9632 1.0715e-01     0.1292    96.8209     7.6548     7.8266    31.9697    31.9677    25.5294    25.5279    7.75276 0.0000e+00
      10771     38.563     2.2070     2.2052   2.854050   2.853694     2.1716     2.5901      8.153     3.0217   481.3184 1.0715e-01     0.1292    96.8209     7.6535     7.8257    31.9708    31.9681    25.5303    25.5283    7.75298 0.0000e+00
      10774     38.463     2.2095     2.2058   2.854152   2.853695     2.1724     2.5913      8.153     3.0624   481.3184 1.0715e-01     0.1310    96.7775     7.6586     7.8283    31.9695    31.9676    25.5291    25.5278    7.75254 0.0000e+00
      10777     38.363     2.2111     2.2065   2.854183   2.853739     2.1724     2.5913      8.153     3.1031   481.2395 1.0727e-01     0.1321    96.7514     7.6594     7.8273    31.9683    31.9674    25.5280    25.5277    7.75228 0.0000e+00
      10780     38.262     2.2112     2.2056   2.854176   2.853658     2.1716     2.5905      8.153     3.0828   481.2790 1.0715e-01     0.1325    96.7427     7.6546     7.8239    31.9682    31.9675    25.5279    25.5278    7.75228 0.0000e+00
      10783     38.160     2.2114     2.2056   2.854173   2.853684     2.1708     2.5901      8.153     3.1031   481.2395 1.0715e-01     0.1321    96.7514     7.6540     7.8211    31.9680    31.9678    25.5277    25.5281    7.75224 0.0000e+00
      10786     38.060     2.2110     2.2065   2.854162   2.853741     2.1720     2.5909      8.153     3.1031   481.2790 1.0715e-01     0.1321    96.7514     7.6625     7.8233    31.9683    31.9677    25.5280    25.5279    7.75230 0.0000e+00
      10789     37.958     2.2117     2.2070   2.854180   2.853740     2.1712     2.5905      8.153     3.0930   481.2790 1.0727e-01     0.1318    96.7601     7.6594     7.8209    31.9679    31.9672    25.5276    25.5274    7.75218 0.0000e+00
      10792     37.857     2.2122     2.2066   2.854193   2.853686     2.1712     2.5913      8.153     3.0828   481.2790 1.0715e-01     0.1325    96.7427     7.6615     7.8242    31.9676    31.9670    25.5274    25.5273    7.75210 0.0000e+00
      10795     37.751     2.2119     2.2070   2.854169   2.853730     2.1724     2.5913      8.154     3.0930   481.3184 1.0715e-01     0.1332    96.7253     7.6684     7.8255    31.9677    31.9672    25.5275    25.5274    7.75217 0.0000e+00
      10798     37.644     2.2120     2.2070   2.854175   2.853679     2.1724     2.5913      8.153     3.0828   481.3184 1.0715e-01     0.1332    96.7253     7.6705     7.8272    31.9677    31.9667    25.5274    25.5270    7.75214 0.0000e+00
      10801     37.537     2.2121     2.2073   2.854171   2.853720     2.1720     2.5917      8.153     3.0624   481.3579 1.0715e-01     0.1335    96.7166     7.6724     7.8337    31.9676    31.9669    25.5274    25.5272    7.75212 0.0000e+00
      10804     37.426     2.2124     2.2068   2.854163   2.853682     2.1716     2.5905      8.153     3.0726   481.3184 1.0715e-01     0.1335    96.7166     7.6672     7.8315    31.9673    31.9670    25.5271    25.5273    7.75208 0.0000e+00
      10807     37.315     2.2125     2.2074   2.854161   2.853725     2.1733     2.5913      8.154     3.0624   481.3579 1.0715e-01     0.1332    96.7253     7.6665     7.8333    31.9672    31.9670    25.5271    25.5272    7.75207 0.0000e+00
      10810     37.200     2.2121     2.2076   2.854158   2.853715     2.1733     2.5913      8.153     3.0726   481.3184 1.0715e-01     0.1335    96.7166     7.6590     7.8319    31.9677    31.9667    25.5274    25.5270    7.75213 0.0000e+00
      10813     37.081     2.2118     2.2073   2.854142   2.853682     2.1728     2.5913      8.156     3.0624   394.9383 1.0715e-01     0.1332    96.7253     7.6528     7.8323    31.9679    31.9667    25.5276    25.5270    7.75218 0.0000e+00
      10816     36.962     2.2109     2.2068   2.854118   2.853644     2.1737     2.5921      8.154     3.0624     5.9513 1.0715e-01     0.1296    96.8122     7.6537     7.8343    31.9684    31.9668    25.5282    25.5271    7.75231 0.0000e+00
      10819     36.839     2.2110     2.2068   2.854125   2.853655     2.1728     2.5925      8.156     3.0726     7.6489 1.0715e-01     0.1299    96.8035     7.6481     7.8369    31.9685    31.9670    25.5282    25.5273    7.75230 0.0000e+00
      10822     36.715     2.2117     2.2063   2.854144   2.853627     2.1737     2.5929      8.153     3.0828     8.0043 1.0715e-01     0.1303    96.7948     7.6554     7.8400    31.9681    31.9672    25.5278    25.5275    7.75218 0.0000e+00
      10825     36.586     2.2139     2.2064   2.854207   2.853658     2.1733     2.5934      8.153     3.0319     7.9648 1.0715e-01     0.1299    96.8035     7.6540     7.8407    31.9668    31.9675    25.5266    25.5277    7.75182 0.0000e+00
      10828     36.459     2.2135     2.2067   2.854181   2.853629     2.1708     2.5925      8.154     2.8589     7.9648 1.0715e-01     0.1303    96.7948     7.6393     7.8371    31.9669    31.9670    25.5267    25.5272    7.75189 0.0000e+00
      10831     36.323     2.2124     2.2066   2.854126   2.853635     2.1704     2.5925      8.154     2.8589     7.9648 1.0715e-01     0.1296    96.8122     7.6359     7.8347    31.9675    31.9672    25.5273    25.5275    7.75208 0.0000e+00
      10834     36.184     2.2119     2.2067   2.854115   2.853636     2.1712     2.5925      8.153     2.8589     7.9648 1.0715e-01     0.1307    96.7861     7.6395     7.8315    31.9679    31.9672    25.5276    25.5275    7.75216 0.0000e+00
      10837     36.042     2.2118     2.2069   2.854100   2.853624     2.1712     2.5934      8.153     2.8386     7.9648 1.0715e-01     0.1292    96.8209     7.6388     7.8314    31.9679    31.9669    25.5276    25.5272    7.75218 0.0000e+00
      10840     35.900     2.2111     2.2065   2.854062   2.853609     2.1728     2.5925      8.156     2.8589   218.1907 1.0715e-01     0.1292    96.8209     7.6491     7.8264    31.9682    31.9672    25.5279    25.5275    7.75230 0.0000e+00
      10843     35.756     2.2107     2.2059   2.854045   2.853594     2.1724     2.5938      8.153     2.8488   482.1870 1.0715e-01     0.1292    96.8209     7.6525     7.8311    31.9684    31.9677    25.5281    25.5279    7.75236 0.0000e+00
      10846     35.610     2.2104     2.2059   2.854021   2.853585     2.1741     2.5938      8.154     2.8386   481.0816 1.0715e-01     0.1299    96.8035     7.6681     7.8308    31.9685    31.9677    25.5282    25.5279    7.75242 0.0000e+00
      10849     35.461     2.2104     2.2055   2.854025   2.853576     2.1724     2.5925      8.153     2.8589   481.2790 1.0715e-01     0.1292    96.8209     7.6692     7.8256    31.9687    31.9680    25.5283    25.5282    7.75241 0.0000e+00
      10852     35.309     2.2104     2.2055   2.854007   2.853533     2.1720     2.5938      8.153     2.8386   481.2790 1.0715e-01     0.1296    96.8122     7.6686     7.8281    31.9685    31.9676    25.5282    25.5278    7.75242 0.0000e+00
      10855     35.157     2.2104     2.2054   2.854011   2.853526     2.1720     2.5934      8.156     2.8182   481.2395 1.0715e-01     0.1307    96.7861     7.6646     7.8236    31.9686    31.9677    25.5284    25.5279    7.75241 0.0000e+00
      10858     35.012     2.2105     2.2056   2.854006   2.853521     2.1716     2.5929      8.153     2.8386   481.2790 1.0715e-01     0.1310    96.7775     7.6585     7.8211    31.9685    31.9675    25.5282    25.5277    7.75239 0.0000e+00
      10861     34.869     2.2114     2.2064   2.854052   2.853571     2.1716     2.5934      8.154     2.8080   481.3579 1.0715e-01     0.1310    96.7775     7.6567     7.8229    31.9683    31.9674    25.5280    25.5276    7.75223 0.0000e+00
      10864     34.729     2.2120     2.2075   2.854058   2.853584     2.1724     2.5938      8.154     2.8182   481.3184 1.0715e-01     0.1310    96.7775     7.6583     7.8250    31.9678    31.9665    25.5276    25.5269    7.75214 0.0000e+00
      10867     34.589     2.2133     2.2081   2.854095   2.853625     2.1732     2.5938      8.153     2.8080   481.2395 1.0715e-01     0.1310    96.7775     7.6635     7.8248    31.9670    31.9665    25.5268    25.5268    7.75191 0.0000e+00
      10870     34.448     2.2141     2.2101   2.854120   2.853690     2.1745     2.5938      8.153     2.8182   481.3579 1.0715e-01     0.1310    96.7775     7.6722     7.8252    31.9667    31.9654    25.5265    25.5257    7.75179 0.0000e+00
      10873     34.313     2.2140     2.2101   2.854100   2.853680     2.1733     2.5925      8.153     2.8182   481.3184 1.0715e-01     0.1307    96.7861     7.6681     7.8210    31.9666    31.9653    25.5264    25.5257    7.75180 0.0000e+00
      10876     34.184     2.2145     2.2107   2.854141   2.853694     2.1724     2.5925      8.154     2.8080   481.3184 1.0715e-01     0.1321    96.7514     7.6610     7.8207    31.9667    31.9650    25.5264    25.5254    7.75170 0.0000e+00
      10879     34.058     2.2156     2.2118   2.854170   2.853726     2.1728     2.5929      8.156     2.9200   481.3579 1.0715e-01     0.1325    96.7427     7.6596     7.8240    31.9659    31.9643    25.5258    25.5248    7.75152 0.0000e+00
      10882     33.937     2.2156     2.2120   2.854169   2.853733     2.1733     2.5938      8.154     2.9709   481.3184 1.0715e-01     0.1321    96.7514     7.6595     7.8266    31.9661    31.9642    25.5259    25.5247    7.75152 0.0000e+00
      10885     33.820     2.2168     2.2118   2.854180   2.853717     2.1733     2.5938      8.157     2.9607   481.3184 1.0715e-01     0.1321    96.7514     7.6557     7.8259    31.9650    31.9643    25.5249    25.5248    7.75133 0.0000e+00
      10888     33.706     2.2163     2.2122   2.854155   2.853739     2.1733     2.5942      8.154     2.9607   481.2790 1.0715e-01     0.1321    96.7514     7.6558     7.8292    31.9653    31.9643    25.5252    25.5247    7.75141 0.0000e+00
      10891     33.599     2.2167     2.2125   2.854164   2.853736     2.1737     2.5938      8.156     2.9607   455.1044 1.0715e-01     0.1321    96.7514     7.6566     7.8292    31.9651    31.9640    25.5250    25.5245    7.75135 0.0000e+00
      10894     33.494     2.2158     2.2118   2.854083   2.853687     2.1737     2.5934      8.154     2.9607    33.5077 1.0715e-01     0.1318    96.7601     7.6615     7.8299    31.9650    31.9641    25.5250    25.5246    7.75154 0.0000e+00
      10897     33.395     2.2146     2.2105   2.854022   2.853625     2.1724     2.5938      8.156     2.9912    -0.4443 1.0715e-01     0.1303    96.7948     7.6618     7.8309    31.9655    31.9647    25.5255    25.5252    7.75174 0.0000e+00
      10900     33.302     2.2146     2.2089   2.854046   2.853548     2.1724     2.5942      8.156     2.9709     1.9640 1.0715e-01     0.1296    96.8122     7.6624     7.8295    31.9659    31.9654    25.5258    25.5259    7.75173 0.0000e+00
      10903     33.212     2.2154     2.2083   2.854079   2.853548     2.1728     2.5938      8.154     2.9709     1.8060 1.0715e-01     0.1303    96.7948     7.6635     7.8261    31.9654    31.9661    25.5254    25.5264    7.75158 0.0000e+00
      10906     33.126     2.2140     2.2087   2.854018   2.853519     2.1737     2.5938      8.156     2.8589     1.8060 1.0715e-01     0.1299    96.8035     7.6676     7.8246    31.9662    31.9654    25.5261    25.5259    7.75182 0.0000e+00
      10909     33.046     2.2124     2.2095   2.853975   2.853587     2.1733     2.5942      8.154     2.8488     1.8060 1.0715e-01     0.1299    96.8035     7.6657     7.8276    31.9673    31.9654    25.5271    25.5258    7.75208 0.0000e+00
      10912     32.967     2.2152     2.2105   2.854086   2.853584     2.1745     2.5942      8.154     2.8488     1.8060 1.0715e-01     0.1303    96.7948     7.6694     7.8297    31.9659    31.9645    25.5258    25.5250    7.75160 0.0000e+00
