Datasets/AZMP/HUD120/hud120_2020_079.cnv
* Sea-Bird SBE 9 Data File:
* FileName = C:\CTDDATA\hud120_2020_079.hex
* Software Version Seasave V 7.26.7.110
* Temperature SN = 1697
* Conductivity SN = 4216
* Number of Bytes Per Scan = 30
* Number of Voltage Words = 4
* Number of Scans Averaged by the Deck Unit = 1
* NMEA baud rate = 4800
** VESSEL/TRIP/SEQ STN:  hud120_2020_079
** LATITUDE XX XX.XX: 47 00.00 N
** LONGITUDE XX XX.XX: 052 19.30 W
** SOUNDING DEPTH (M): 0126
** PROBE TYPE: S1146
** CTD NUMBER: 058
** FORMAT: V
** COMMENTS (14 CHAR): FC-04
** BOTTLES:  9
** LEVELS: 5,10,20,30,40,50,75,100,BTM
** STICKERS: 439902 - 439910
** VNET: Y
** DO2: N
# nquan = 22
# nvalues = 2913                        
# units = specified
# name 0 = scan: Scan Count
# name 1 = prDM: Pressure, Digiquartz [db]
# name 2 = t090C: Temperature [ITS-90, deg C]
# name 3 = t190C: Temperature, 2 [ITS-90, deg C]
# name 4 = c0S/m: Conductivity [S/m]
# name 5 = c1S/m: Conductivity, 2 [S/m]
# name 6 = sbeox0V: Oxygen raw, SBE 43 [V]
# name 7 = sbeox1V: Oxygen raw, SBE 43, 2 [V]
# name 8 = ph: pH
# name 9 = flECO-AFL: Fluorescence, WET Labs ECO-AFL/FL [mg/m^3]
# name 10 = wetCDOM: Fluorescence, WET Labs CDOM [mg/m^3]
# name 11 = par/sat/log: PAR/Logarithmic, Satlantic [umol photons/m^2/sec]
# name 12 = CStarAt0: Beam Attenuation, WET Labs C-Star [1/m]
# name 13 = CStarTr0: Beam Transmission, WET Labs C-Star [%]
# name 14 = sbeox0ML/L: Oxygen, SBE 43 [ml/l], WS = 2
# name 15 = sbeox1ML/L: Oxygen, SBE 43, 2 [ml/l], WS = 2
# name 16 = sal00: Salinity, Practical [PSU]
# name 17 = sal11: Salinity, Practical, 2 [PSU]
# name 18 = sigma-t00: Density [sigma-t, kg/m^3 ]
# name 19 = sigma-t11: Density, 2 [sigma-t, kg/m^3 ]
# name 20 = oxsatML/L: Oxygen Saturation, Weiss [ml/l]
# name 21 = flag: flag
# span 0 =        161,      26897       
# span 1 =      2.379,    120.050       
# span 2 =    -0.8531,     4.4694       
# span 3 =    -0.8589,     4.4643       
# span 4 =   2.680769,   3.023868       
# span 5 =   2.680123,   3.023370       
# span 6 =     1.9044,     2.2129       
# span 7 =     2.2605,     2.6377       
# span 8 =      7.987,      8.162       
# span 9 =     0.9867,     3.8256       
# span 10 =    -2.8130,   482.1870      
# span 11 = 1.0459e-01, 2.8597e-01      
# span 12 =     0.0800,     0.1515      
# span 13 =    96.2820,    98.0205      
# span 14 =     6.9543,     7.8999      
# span 15 =     7.0289,     8.0979      
# span 16 =    31.7688,    33.2043      
# span 17 =    31.7684,    33.2041      
# span 18 =    25.1868,    26.6777      
# span 19 =    25.1858,    26.6778      
# span 20 =    7.33454,    8.34970      
# span 21 = 0.0000e+00, 0.0000e+00      
# interval = scans: 3                   
# start_time = Nov 26 2020 23:47:21 [System UTC, header]
# bad_flag = -9.990e-29
*END*
[from data line 66]
        445      7.403     4.4451     4.4404   3.021645   3.021179     2.2096     2.5653      8.158     3.0115    -0.9180 1.0715e-01     0.1400    96.5602     7.3293     7.2534    31.7915    31.7906    25.1906    25.1903    7.33909 0.0000e+00
        448      7.535     4.4443     4.4404   3.021614   3.021210     2.2092     2.5653      8.158     3.0014    -0.9180 1.0715e-01     0.1400    96.5602     7.3278     7.2525    31.7918    31.7908    25.1909    25.1906    7.33922 0.0000e+00
        451      7.660     4.4446     4.4404   3.021650   3.021172     2.2092     2.5653      8.158     2.9912    -0.9180 1.0715e-01     0.1400    96.5602     7.3266     7.2511    31.7919    31.7904    25.1910    25.1902    7.33916 0.0000e+00
        454      7.780     4.4454     4.4401   3.021713   3.021171     2.2088     2.5657      8.158     3.0014    -0.9180 1.0715e-01     0.1382    96.6036     7.3242     7.2507    31.7918    31.7906    25.1908    25.1904    7.33902 0.0000e+00
        457      7.896     4.4456     4.4401   3.021698   3.021178     2.2096     2.5657      8.158     3.0522    -0.9180 1.0715e-01     0.1368    96.6384     7.3264     7.2489    31.7914    31.7906    25.1905    25.1904    7.33901 0.0000e+00
        460      8.007     4.4473     4.4404   3.021954   3.021219     2.2088     2.5657      8.156     3.2456    -0.9180 1.0715e-01     0.1368    96.6384     7.3232     7.2455    31.7927    31.7907    25.1913    25.1904    7.33865 0.0000e+00
        463      8.108     4.4529     4.4460   3.022398   3.021715     2.2096     2.5657      8.158     3.2456    96.4768 1.0715e-01     0.1368    96.6384     7.3264     7.2415    31.7923    31.7910    25.1905    25.1901    7.33764 0.0000e+00
        466      8.200     4.4521     4.4487   3.022241   3.021858     2.2096     2.5653      8.158     3.2456   479.5814 1.0715e-01     0.1368    96.6384     7.3240     7.2374    31.7912    31.7901    25.1897    25.1891    7.33784 0.0000e+00
        469      8.287     4.4513     4.4463   3.022196   3.021675     2.2088     2.5661      8.158     3.2557   481.3185 1.0715e-01     0.1368    96.6384     7.3192     7.2384    31.7915    31.7903    25.1899    25.1895    7.33798 0.0000e+00
        472      8.368     4.4537     4.4467   3.022452   3.021736     2.2092     2.5653      8.158     3.2354   481.2790 1.0715e-01     0.1372    96.6297     7.3198     7.2331    31.7921    31.7905    25.1901    25.1897    7.33751 0.0000e+00
        475      8.445     4.4561     4.4492   3.022652   3.021914     2.2088     2.5653      8.156     3.2557   481.2790 1.0715e-01     0.1396    96.5689     7.3183     7.2317    31.7921    31.7901    25.1899    25.1891    7.33709 0.0000e+00
        478      8.515     4.4577     4.4503   3.022725   3.021999     2.2092     2.5645      8.158     3.2354   481.3579 1.0715e-01     0.1400    96.5602     7.3195     7.2296    31.7913    31.7900    25.1892    25.1889    7.33683 0.0000e+00
        481      8.578     4.4580     4.4499   3.022731   3.021913     2.2080     2.5649      8.158     3.2354   481.3184 1.0715e-01     0.1400    96.5602     7.3136     7.2327    31.7911    31.7894    25.1889    25.1885    7.33679 0.0000e+00
        484      8.637     4.4580     4.4497   3.022734   3.021945     2.2092     2.5645      8.158     3.3473   481.3579 1.0715e-01     0.1400    96.5602     7.3201     7.2313    31.7911    31.7899    25.1890    25.1889    7.33679 0.0000e+00
        487      8.692     4.4578     4.4469   3.022704   3.021654     2.2096     2.5653      8.158     3.4796   481.3579 1.0715e-01     0.1400    96.5602     7.3201     7.2355    31.7909    31.7892    25.1888    25.1886    7.33683 0.0000e+00
        490      8.744     4.4572     4.4425   3.022681   3.021426     2.2076     2.5645      8.155     3.4796   481.3184 1.0715e-01     0.1400    96.5602     7.3115     7.2346    31.7912    31.7907    25.1891    25.1903    7.33693 0.0000e+00
        493      8.789     4.4571     4.4420   3.022629   3.021417     2.2088     2.5641      8.158     3.4796   481.3579 1.0715e-01     0.1407    96.5428     7.3163     7.2338    31.7907    31.7911    25.1887    25.1906    7.33697 0.0000e+00
        496      8.828     4.4563     4.4423   3.022544   3.021411     2.2080     2.5637      8.158     3.4796   481.3579 1.0715e-01     0.1407    96.5428     7.3146     7.2349    31.7904    31.7908    25.1886    25.1903    7.33713 0.0000e+00
        499      8.869     4.4548     4.4440   3.022454   3.021488     2.2092     2.5649      8.158     3.4898   481.3579 1.0715e-01     0.1407    96.5428     7.3219     7.2409    31.7908    31.7900    25.1890    25.1895    7.33738 0.0000e+00
        502      8.909     4.4551     4.4447   3.022526   3.021502     2.2084     2.5653      8.158     3.4898   481.3579 1.0715e-01     0.1404    96.5515     7.3195     7.2440    31.7913    31.7894    25.1895    25.1890    7.33730 0.0000e+00
        505      8.948     4.4536     4.4450   3.022290   3.021567     2.2088     2.5649      8.156     3.4999   481.3579 1.0715e-01     0.1407    96.5428     7.3213     7.2438    31.7900    31.7899    25.1885    25.1894    7.33763 0.0000e+00
        508      8.986     4.4509     4.4455   3.022131   3.021545     2.2088     2.5641      8.158     3.4796   481.3579 1.0715e-01     0.1407    96.5428     7.3200     7.2396    31.7908    31.7892    25.1894    25.1887    7.33809 0.0000e+00
        511      9.025     4.4497     4.4451   3.022071   3.021531     2.2076     2.5645      8.158     3.4593   481.3579 1.0715e-01     0.1404    96.5515     7.3160     7.2400    31.7912    31.7894    25.1899    25.1889    7.33828 0.0000e+00
        514      9.066     4.4495     4.4449   3.022063   3.021533     2.2076     2.5645      8.158     3.4491   481.3579 1.0715e-01     0.1396    96.5689     7.3157     7.2420    31.7912    31.7895    25.1899    25.1890    7.33831 0.0000e+00
        517      9.110     4.4484     4.4449   3.021964   3.021599     2.2080     2.5645      8.158     3.4491   481.3579 1.0740e-01     0.1389    96.5862     7.3171     7.2411    31.7911    31.7903    25.1900    25.1896    7.33851 0.0000e+00
        520      9.159     4.4493     4.4460   3.022098   3.021676     2.2092     2.5649      8.158     3.4389   481.3579 1.0752e-01     0.1389    96.5862     7.3219     7.2401    31.7918    31.7901    25.1904    25.1894    7.33831 0.0000e+00
        523      9.211     4.4513     4.4457   3.022298   3.021622     2.2084     2.5649      8.156     3.4593   481.3579 1.0727e-01     0.1389    96.5862     7.3173     7.2379    31.7922    31.7897    25.1905    25.1891    7.33794 0.0000e+00
        526      9.266     4.4522     4.4439   3.022357   3.021499     2.2084     2.5653      8.156     3.4593   481.3579 1.0715e-01     0.1386    96.5949     7.3180     7.2399    31.7919    31.7900    25.1902    25.1895    7.33778 0.0000e+00
        529      9.325     4.4531     4.4440   3.022424   3.021492     2.2080     2.5649      8.158     3.4491   481.3579 1.0715e-01     0.1389    96.5862     7.3160     7.2388    31.7919    31.7898    25.1901    25.1893    7.33763 0.0000e+00
        532      9.395     4.4536     4.4442   3.022427   3.021547     2.2076     2.5637      8.158     3.4491   481.3579 1.0715e-01     0.1386    96.5949     7.3144     7.2353    31.7913    31.7902    25.1896    25.1897    7.33756 0.0000e+00
        535      9.466     4.4534     4.4457   3.022390   3.021509     2.2076     2.5641      8.158     3.4389   481.3579 1.0715e-01     0.1418    96.5167     7.3136     7.2373    31.7911    31.7883    25.1895    25.1879    7.33762 0.0000e+00
        538      9.540     4.4531     4.4455   3.022372   3.021643     2.2076     2.5653      8.158     3.3575   481.3579 1.0715e-01     0.1422    96.5080     7.3123     7.2419    31.7912    31.7900    25.1895    25.1894    7.33767 0.0000e+00
        541      9.617     4.4521     4.4466   3.022285   3.021793     2.2084     2.5641      8.158     3.3473   481.3579 1.0715e-01     0.1422    96.5080     7.3133     7.2372    31.7910    31.7906    25.1895    25.1897    7.33785 0.0000e+00
        544      9.700     4.4518     4.4473   3.022284   3.021800     2.2076     2.5641      8.158     3.3575   481.3579 1.0715e-01     0.1422    96.5080     7.3109     7.2370    31.7913    31.7900    25.1897    25.1892    7.33789 0.0000e+00
        547      9.784     4.4530     4.4467   3.022396   3.021790     2.2076     2.5641      8.158     3.3677   481.3579 1.0715e-01     0.1422    96.5080     7.3140     7.2390    31.7914    31.7905    25.1897    25.1896    7.33768 0.0000e+00
        550      9.874     4.4545     4.4481   3.022541   3.021864     2.2076     2.5641      8.158     3.3575   481.3184 1.0715e-01     0.1422    96.5080     7.3163     7.2414    31.7916    31.7898    25.1897    25.1890    7.33739 0.0000e+00
        553      9.966     4.4555     4.4486   3.022619   3.021866     2.2076     2.5641      8.158     3.3575   481.3579 1.0715e-01     0.1422    96.5080     7.3172     7.2429    31.7915    31.7894    25.1895    25.1885    7.33721 0.0000e+00
        556     10.060     4.4551     4.4464   3.022547   3.021710     2.2068     2.5649      8.156     3.3677   481.3579 1.0715e-01     0.1364    96.6471     7.3150     7.2450    31.7910    31.7897    25.1892    25.1890    7.33732 0.0000e+00
        559     10.159     4.4539     4.4456   3.022475   3.021665     2.2072     2.5653      8.156     3.3677   481.3579 1.0715e-01     0.1357    96.6645     7.3173     7.2463    31.7913    31.7898    25.1896    25.1892    7.33752 0.0000e+00
        562     10.263     4.4527     4.4460   3.022342   3.021733     2.2076     2.5641      8.158     3.3473   481.3579 1.0715e-01     0.1357    96.6645     7.3198     7.2435    31.7908    31.7902    25.1893    25.1895    7.33775 0.0000e+00
        565     10.368     4.4522     4.4467   3.022333   3.021795     2.2068     2.5649      8.158     3.3778   481.3579 1.0715e-01     0.1357    96.6645     7.3167     7.2482    31.7911    31.7902    25.1896    25.1894    7.33783 0.0000e+00
        568     10.480     4.4518     4.4472   3.022303   3.021831     2.2076     2.5641      8.158     3.3677   481.3579 1.0715e-01     0.1357    96.6645     7.3188     7.2456    31.7911    31.7901    25.1896    25.1893    7.33791 0.0000e+00
        571     10.593     4.4514     4.4467   3.022294   3.021772     2.2076     2.5653      8.158     3.3677   481.3579 1.0715e-01     0.1357    96.6645     7.3184     7.2499    31.7914    31.7898    25.1899    25.1891    7.33797 0.0000e+00
        574     10.707     4.4528     4.4476   3.022426   3.021853     2.2080     2.5653      8.158     3.3677   481.3579 1.0715e-01     0.1361    96.6558     7.3191     7.2495    31.7915    31.7898    25.1898    25.1890    7.33770 0.0000e+00
        577     10.823     4.4539     4.4478   3.022495   3.021870     2.2072     2.5641      8.156     3.3677   481.3579 1.0715e-01     0.1361    96.6558     7.3132     7.2447    31.7912    31.7898    25.1894    25.1890    7.33752 0.0000e+00
        580     10.942     4.4529     4.4481   3.022406   3.021897     2.2076     2.5641      8.158     3.3677   481.3579 1.0715e-01     0.1361    96.6558     7.3137     7.2437    31.7910    31.7897    25.1894    25.1889    7.33771 0.0000e+00
        583     11.061     4.4505     4.4466   3.021931   3.021622     2.2076     2.5653      8.158     3.3677   481.3579 1.0715e-01     0.1364    96.6471     7.3122     7.2487    31.7878    31.7879    25.1871    25.1876    7.33830 0.0000e+00
        586     11.178     4.4410     4.4398   3.021351   3.021126     2.2076     2.5653      8.156     3.3677   481.3579 1.0715e-01     0.1361    96.6558     7.3134     7.2502    31.7901    31.7887    25.1899    25.1889    7.33990 0.0000e+00
        589     11.299     4.4482     4.4461   3.022211   3.021813     2.2068     2.5653      8.156     3.3168   481.3579 1.0715e-01     0.1364    96.6471     7.3084     7.2489    31.7931    31.7905    25.1916    25.1897    7.33846 0.0000e+00
        592     11.420     4.4518     4.4452   3.022318   3.021660     2.2064     2.5653      8.158     3.2761   481.3579 1.0715e-01     0.1364    96.6471     7.3054     7.2499    31.7909    31.7895    25.1894    25.1890    7.33792 0.0000e+00
        595     11.542     4.4489     4.4441   3.022041   3.021574     2.2068     2.5653      8.156     3.2659   481.3579 1.0715e-01     0.1357    96.6645     7.3069     7.2484    31.7904    31.7896    25.1893    25.1892    7.33846 0.0000e+00
        598     11.669     4.4490     4.4436   3.022093   3.021537     2.2064     2.5653      8.158     3.2862   481.3579 1.0715e-01     0.1346    96.6905     7.3056     7.2501    31.7908    31.7895    25.1897    25.1892    7.33843 0.0000e+00
        601     11.792     4.4485     4.4447   3.022078   3.021689     2.2055     2.5653      8.158     3.2761   481.3579 1.0715e-01     0.1346    96.6905     7.3028     7.2497    31.7910    31.7902    25.1899    25.1896    7.33850 0.0000e+00
        604     11.911     4.4491     4.4466   3.022124   3.021874     2.2064     2.5649      8.158     3.2659   481.3579 1.0715e-01     0.1350    96.6818     7.3061     7.2468    31.7909    31.7905    25.1897    25.1896    7.33839 0.0000e+00
        607     12.031     4.4488     4.4501   3.022109   3.022099     2.2064     2.5649      8.156     3.2761   481.3579 1.0715e-01     0.1346    96.6905     7.3067     7.2446    31.7910    31.7896    25.1898    25.1886    7.33844 0.0000e+00
        610     12.148     4.4507     4.4505   3.022365   3.022159     2.2064     2.5653      8.158     3.2557   481.3579 1.0715e-01     0.1350    96.6818     7.3106     7.2454    31.7921    31.7899    25.1905    25.1887    7.33806 0.0000e+00
        613     12.266     4.4536     4.4507   3.022578   3.022193     2.2068     2.5661      8.158     3.2761   481.3579 1.0715e-01     0.1350    96.6818     7.3141     7.2480    31.7917    31.7901    25.1899    25.1889    7.33755 0.0000e+00
        616     12.385     4.4540     4.4510   3.022556   3.022208     2.2060     2.5653      8.155     3.2862   481.3579 1.0715e-01     0.1379    96.6123     7.3099     7.2460    31.7910    31.7898    25.1893    25.1887    7.33752 0.0000e+00
        619     12.501     4.4541     4.4504   3.022628   3.022185     2.2055     2.5649      8.156     3.3066   481.3579 1.0715e-01     0.1389    96.5862     7.3093     7.2455    31.7917    31.7901    25.1898    25.1889    7.33747 0.0000e+00
        622     12.617     4.4566     4.4503   3.022850   3.022174     2.2060     2.5657      8.158     3.2964   481.3579 1.0715e-01     0.1389    96.5862     7.3136     7.2490    31.7918    31.7901    25.1897    25.1889    7.33701 0.0000e+00
        625     12.733     4.4567     4.4508   3.022777   3.022212     2.2055     2.5653      8.158     3.2862   481.3579 1.0715e-01     0.1389    96.5862     7.3113     7.2496    31.7908    31.7899    25.1889    25.1887    7.33704 0.0000e+00
        628     12.852     4.4565     4.4528   3.022910   3.022464     2.2055     2.5657      8.155     3.2964   481.3579 1.0715e-01     0.1389    96.5862     7.3101     7.2524    31.7924    31.7909    25.1902    25.1893    7.33699 0.0000e+00
        631     12.964     4.4597     4.4558   3.023142   3.022664     2.2055     2.5653      8.158     3.2964   481.3579 1.0715e-01     0.1386    96.5949     7.3081     7.2511    31.7921    31.7902    25.1895    25.1885    7.33644 0.0000e+00
        634     13.074     4.4592     4.4552   3.022913   3.022523     2.2068     2.5649      8.156     3.3066   481.3579 1.0715e-01     0.1389    96.5862     7.3136     7.2501    31.7898    31.7891    25.1878    25.1877    7.33664 0.0000e+00
        637     13.185     4.4496     4.4463   3.021975   3.021491     2.2055     2.5653      8.158     3.3066   481.3579 1.0715e-01     0.1386    96.5949     7.3108     7.2536    31.7881    31.7856    25.1875    25.1858    7.33845 0.0000e+00
