Datasets/AZMP/HUD120/hud120_2020_024.cnv
* Sea-Bird SBE 9 Data File:
* FileName = C:\CTDDATA\hud120_2020_024.hex
* Software Version Seasave V 7.26.7.110
* Temperature SN = 1697
* Conductivity SN = 4216
* Number of Bytes Per Scan = 30
* Number of Voltage Words = 4
* Number of Scans Averaged by the Deck Unit = 1
* NMEA baud rate = 4800
** VESSEL/TRIP/SEQ STN:  hud120_2020_024
** LATITUDE XX XX.XX: 44 21.80 N
** LONGITUDE XX XX.XX: 051 06.20 W
** SOUNDING DEPTH (M): 0074
** PROBE TYPE: S1146
** CTD NUMBER: 014
** FORMAT: V
** COMMENTS (14 CHAR): SEGB-10
** BOTTLES:  07
** LEVELS: 5,10,20,30,40,50,BTM
** STICKERS: 439602 - 439608
** VNET: Y
** DO2: N
# nquan = 22
# nvalues = 1585                        
# units = specified
# name 0 = scan: Scan Count
# name 1 = prDM: Pressure, Digiquartz [db]
# name 2 = t090C: Temperature [ITS-90, deg C]
# name 3 = t190C: Temperature, 2 [ITS-90, deg C]
# name 4 = c0S/m: Conductivity [S/m]
# name 5 = c1S/m: Conductivity, 2 [S/m]
# name 6 = sbeox0V: Oxygen raw, SBE 43 [V]
# name 7 = sbeox1V: Oxygen raw, SBE 43, 2 [V]
# name 8 = ph: pH
# name 9 = flECO-AFL: Fluorescence, WET Labs ECO-AFL/FL [mg/m^3]
# name 10 = wetCDOM: Fluorescence, WET Labs CDOM [mg/m^3]
# name 11 = par/sat/log: PAR/Logarithmic, Satlantic [umol photons/m^2/sec]
# name 12 = CStarAt0: Beam Attenuation, WET Labs C-Star [1/m]
# name 13 = CStarTr0: Beam Transmission, WET Labs C-Star [%]
# name 14 = sbeox0ML/L: Oxygen, SBE 43 [ml/l], WS = 2
# name 15 = sbeox1ML/L: Oxygen, SBE 43, 2 [ml/l], WS = 2
# name 16 = sal00: Salinity, Practical [PSU]
# name 17 = sal11: Salinity, Practical, 2 [PSU]
# name 18 = sigma-t00: Density [sigma-t, kg/m^3 ]
# name 19 = sigma-t11: Density, 2 [sigma-t, kg/m^3 ]
# name 20 = oxsatML/L: Oxygen Saturation, Weiss [ml/l]
# name 21 = flag: flag
# span 0 =          5,      25704       
# span 1 =      0.162,     69.442       
# span 2 =     2.9764,    12.1085       
# span 3 =     2.9715,    12.1042       
# span 4 =   1.365792,   3.732814       
# span 5 =   1.922442,   3.732267       
# span 6 =     2.0594,     2.2100       
# span 7 =     2.4070,     2.6132       
# span 8 =      7.934,      8.131       
# span 9 =     1.5870,     4.2630       
# span 10 =    -2.8130,   482.1870      
# span 11 = 1.0678e-01, 2.8339e+02      
# span 12 =     0.0988,     0.7016      
# span 13 =    83.9128,    97.5598      
# span 14 =     5.5725,     8.6058      
# span 15 =     5.3905,     8.6131      
# span 16 =    10.7464,    33.0966      
# span 17 =    15.5821,    33.0538      
# span 18 =     7.8119,    26.1612      
# span 19 =    11.5454,    26.2314      
# span 20 =    6.14011,    7.57528      
# span 21 = 0.0000e+00, 0.0000e+00      
# interval = scans: 3                   
# start_time = Nov 18 2020 14:22:36 [System UTC, header]
# bad_flag = -9.990e-29
*END*
[from data line 659]
       2125     64.180     2.9794     2.9747   2.966100   2.965509     2.0651     2.4452      8.010     1.8210    -0.3258 1.8799e-01     0.5491    87.1725     7.0045     7.0890    32.5494    32.5470    25.9310    25.9294    7.57305 0.0000e+00
       2128     64.228     2.9794     2.9747   2.966127   2.965515     2.0659     2.4460      8.010     1.8210    -0.3258 1.9193e-01     0.5487    87.1812     7.0080     7.0923    32.5497    32.5471    25.9311    25.9295    7.57303 0.0000e+00
       2131     64.277     2.9792     2.9743   2.966133   2.965494     2.0655     2.4456      8.010     1.8211    -0.3258 1.8864e-01     0.5487    87.1812     7.0076     7.0918    32.5499    32.5472    25.9314    25.9296    7.57305 0.0000e+00
       2134     64.326     2.9788     2.9741   2.966139   2.965485     2.0651     2.4456      8.010     1.8821   100.5431 1.8049e-01     0.5487    87.1812     7.0058     7.0935    32.5504    32.5472    25.9318    25.9297    7.57311 0.0000e+00
       2137     64.377     2.9789     2.9740   2.966144   2.965521     2.0655     2.4456      8.010     1.8720   480.3315 1.8196e-01     0.5483    87.1898     7.0033     7.0959    32.5503    32.5477    25.9317    25.9300    7.57310 0.0000e+00
       2140     64.435     2.9791     2.9743   2.966126   2.965541     2.0651     2.4456      8.010     1.8618   481.2790 1.7604e-01     0.5479    87.1985     7.0028     7.0999    32.5498    32.5476    25.9313    25.9299    7.57308 0.0000e+00
       2143     64.497     2.9791     2.9734   2.966202   2.965468     2.0659     2.4448      8.009     1.8618   481.2790 1.7966e-01     0.5455    87.2507     7.0066     7.0984    32.5507    32.5476    25.9320    25.9300    7.57303 0.0000e+00
       2146     64.562     2.9791     2.9724   2.966188   2.965412     2.0647     2.4444      8.010     1.8720   481.3579 1.7303e-01     0.5455    87.2507     6.9987     7.0984    32.5505    32.5479    25.9319    25.9304    7.57304 0.0000e+00
       2149     64.629     2.9794     2.9724   2.966222   2.965431     2.0651     2.4444      8.009     1.8516   481.3579 1.7023e-01     0.5455    87.2507     6.9978     7.0982    32.5507    32.5481    25.9320    25.9305    7.57299 0.0000e+00
       2152     64.703     2.9783     2.9723   2.966141   2.965453     2.0647     2.4444      8.009     1.8821   481.3579 1.7055e-01     0.5455    87.2507     6.9952     7.0983    32.5507    32.5484    25.9320    25.9308    7.57318 0.0000e+00
       2155     64.780     2.9776     2.9717   2.966097   2.965380     2.0651     2.4444      8.010     1.8618   481.3579 1.5794e-01     0.5455    87.2507     6.9997     7.0995    32.5509    32.5481    25.9322    25.9305    7.57332 0.0000e+00
       2158     64.863     2.9772     2.9717   2.966051   2.965395     2.0643     2.4440      8.009     1.8720   481.3579 1.6062e-01     0.5455    87.2507     6.9961     7.0970    32.5506    32.5483    25.9321    25.9307    7.57340 0.0000e+00
       2161     64.951     2.9768     2.9716   2.966074   2.965404     2.0639     2.4440      8.010     1.9126   277.8830 1.5141e-01     0.5559    87.0247     6.9955     7.0984    32.5513    32.5485    25.9327    25.9309    7.57344 0.0000e+00
       2164     65.044     2.9766     2.9716   2.966081   2.965429     2.0651     2.4440      8.007     1.8821    44.5224 1.5246e-01     0.5587    86.9638     7.0023     7.1003    32.5516    32.5487    25.9329    25.9311    7.57348 0.0000e+00
       2167     65.144     2.9765     2.9715   2.966029   2.965442     2.0639     2.4436      8.009     1.9025    54.8264 1.4865e-01     0.5587    86.9638     6.9979     7.0995    32.5509    32.5489    25.9324    25.9312    7.57352 0.0000e+00
       2170     65.251     2.9764     2.9715   2.966102   2.965434     2.0639     2.4436      8.009     1.9025    54.3921 1.3404e-01     0.5587    86.9638     7.0000     7.0996    32.5519    32.5487    25.9332    25.9311    7.57349 0.0000e+00
       2173     65.362     2.9767     2.9717   2.966128   2.965494     2.0639     2.4436      8.006     1.9126    54.3921 1.3384e-01     0.5587    86.9638     6.9992     7.1024    32.5518    32.5493    25.9331    25.9315    7.57343 0.0000e+00
       2176     65.481     2.9771     2.9720   2.966162   2.965508     2.0647     2.4440      8.006     1.9126    54.3921 1.3117e-01     0.5587    86.9638     7.0038     7.1073    32.5518    32.5490    25.9330    25.9312    7.57336 0.0000e+00
       2179     65.607     2.9769     2.9718   2.966192   2.965513     2.0643     2.4428      8.007     1.8923    54.3921 1.1677e-01     0.5587    86.9638     7.0035     7.1042    32.5522    32.5492    25.9334    25.9314    7.57337 0.0000e+00
       2182     65.736     2.9769     2.9717   2.966171   2.965545     2.0639     2.4428      8.006     1.8923    54.3921 1.1960e-01     0.5559    87.0247     7.0028     7.1038    32.5520    32.5496    25.9332    25.9318    7.57340 0.0000e+00
       2185     65.872     2.9764     2.9718   2.966164   2.965532     2.0647     2.4432      8.007     1.8312    54.3921 1.1277e-01     0.5555    87.0334     7.0059     7.1056    32.5523    32.5493    25.9335    25.9314    7.57348 0.0000e+00
       2188     66.012     2.9765     2.9718   2.966181   2.965559     2.0639     2.4432      8.006     1.8516   370.1455 1.0916e-01     0.5563    87.0160     7.0011     7.1074    32.5523    32.5495    25.9335    25.9317    7.57345 0.0000e+00
       2191     66.157     2.9771     2.9722   2.966225   2.965601     2.0639     2.4420      8.006     1.8414   482.0291 1.0765e-01     0.5559    87.0247     7.0008     7.1021    32.5522    32.5495    25.9334    25.9317    7.57334 0.0000e+00
       2194     66.309     2.9768     2.9723   2.966212   2.965626     2.0639     2.4432      8.006     1.8312   481.0816 1.0678e-01     0.5559    87.0247     7.0004     7.1079    32.5522    32.5497    25.9334    25.9318    7.57339 0.0000e+00
       2197     66.464     2.9767     2.9720   2.966233   2.965621     2.0635     2.4444      8.006     1.8312   481.3579 1.0703e-01     0.5559    87.0247     6.9985     7.1133    32.5526    32.5498    25.9337    25.9319    7.57341 0.0000e+00
       2200     66.618     2.9766     2.9719   2.966226   2.965607     2.0643     2.4440      8.006     1.8516   481.3579 1.0678e-01     0.5607    86.9204     7.0009     7.1134    32.5524    32.5497    25.9336    25.9318    7.57342 0.0000e+00
       2203     66.778     2.9768     2.9717   2.966217   2.965619     2.0639     2.4428      8.006     1.8414   481.3579 1.0690e-01     0.5751    86.6075     7.0001     7.1127    32.5520    32.5500    25.9333    25.9320    7.57341 0.0000e+00
       2206     66.939     2.9766     2.9717   2.966218   2.965632     2.0635     2.4424      8.006     1.8414   481.3579 1.0678e-01     0.5751    86.6075     6.9987     7.1102    32.5522    32.5500    25.9334    25.9321    7.57344 0.0000e+00
       2209     67.102     2.9767     2.9718   2.966247   2.965649     2.0639     2.4432      8.006     1.8210   481.3579 1.0678e-01     0.5747    86.6161     7.0038     7.1129    32.5524    32.5501    25.9335    25.9322    7.57341 0.0000e+00
       2212     67.265     2.9765     2.9717   2.966253   2.965631     2.0626     2.4428      8.006     1.7702   481.3579 1.0678e-01     0.5743    86.6248     7.0031     7.1116    32.5525    32.5498    25.9337    25.9320    7.57344 0.0000e+00
       2215     67.428     2.9768     2.9718   2.966284   2.965675     2.0635     2.4424      8.006     1.7702   481.3579 1.0678e-01     0.5743    86.6248     7.0090     7.1120    32.5525    32.5502    25.9337    25.9323    7.57338 0.0000e+00
       2218     67.591     2.9767     2.9718   2.966320   2.965688     2.0639     2.4436      8.006     1.7702   481.3579 1.0678e-01     0.5747    86.6161     7.0125     7.1166    32.5530    32.5502    25.9341    25.9322    7.57339 0.0000e+00
       2221     67.751     2.9767     2.9718   2.966287   2.965636     2.0635     2.4428      8.006     1.7804   481.3579 1.0678e-01     0.6026    86.0164     7.0113     7.1145    32.5525    32.5496    25.9336    25.9317    7.57340 0.0000e+00
       2224     67.903     2.9767     2.9717   2.966267   2.965634     2.0635     2.4436      8.006     1.7702   481.3579 1.0678e-01     0.6338    85.3471     7.0106     7.1199    32.5522    32.5496    25.9334    25.9317    7.57343 0.0000e+00
       2227     68.047     2.9772     2.9718   2.966246   2.965654     2.0631     2.4436      8.006     1.7702   481.3579 1.0690e-01     0.6326    85.3732     7.0084     7.1208    32.5513    32.5496    25.9327    25.9317    7.57337 0.0000e+00
       2230     68.185     2.9769     2.9718   2.966290   2.965684     2.0635     2.4432      8.006     1.7600   481.3579 1.0678e-01     0.6326    85.3732     7.0079     7.1183    32.5521    32.5499    25.9333    25.9319    7.57339 0.0000e+00
       2233     68.309     2.9774     2.9720   2.966297   2.965681     2.0647     2.4428      8.006     1.7804   481.3579 1.0678e-01     0.6326    85.3732     7.0122     7.1172    32.5517    32.5496    25.9329    25.9317    7.57332 0.0000e+00
       2236     68.419     2.9775     2.9721   2.966308   2.965691     2.0643     2.4436      8.006     1.8211   481.3579 1.0678e-01     0.6326    85.3732     7.0099     7.1197    32.5516    32.5495    25.9328    25.9317    7.57330 0.0000e+00
       2239     68.519     2.9777     2.9724   2.966297   2.965701     2.0647     2.4444      8.006     1.8414   367.3030 1.0678e-01     0.6326    85.3732     7.0091     7.1205    32.5512    32.5493    25.9325    25.9315    7.57328 0.0000e+00
       2242     68.604     2.9775     2.9722   2.966303   2.965637     2.0639     2.4440      8.006     1.8312    29.0861 1.0678e-01     0.6525    84.9472     7.0053     7.1177    32.5515    32.5488    25.9327    25.9310    7.57331 0.0000e+00
       2245     68.674     2.9775     2.9723   2.966346   2.965707     2.0639     2.4432      8.006     1.8414    39.3506 1.0678e-01     0.6595    84.7995     7.0056     7.1151    32.5519    32.5494    25.9331    25.9315    7.57328 0.0000e+00
       2248     68.728     2.9791     2.9732   2.966441   2.965802     2.0635     2.4432      8.006     1.8312    38.8769 1.0678e-01     0.6591    84.8082     7.0018     7.1141    32.5515    32.5496    25.9326    25.9316    7.57301 0.0000e+00
       2251     68.771     2.9812     2.9744   2.966727   2.965982     2.0626     2.4432      8.004     1.8312    38.8769 1.0678e-01     0.6587    84.8168     6.9959     7.1156    32.5527    32.5506    25.9334    25.9323    7.57253 0.0000e+00
       2254     68.802     2.9938     2.9835   2.967859   2.966743     2.0626     2.4440      8.006     1.8414    38.8769 1.0678e-01     0.6591    84.8082     6.9920     7.1180    32.5537    32.5506    25.9332    25.9316    7.57009 0.0000e+00
       2417     68.854     2.9944     2.9985   2.967565   2.967602     2.0623     2.4420      8.001     1.7905    56.8793 1.0678e-01     0.6966    84.0172     6.9985     7.1074    32.5495    32.5458    25.9297    25.9264    7.57018 0.0000e+00
       2420     68.921     2.9896     2.9873   2.967035   2.966723     2.0619     2.4420      8.001     1.8312    56.8793 1.0678e-01     0.6966    84.0172     6.9960     7.1097    32.5479    32.5465    25.9289    25.9280    7.57118 0.0000e+00
       2423     68.982     2.9828     2.9830   2.966451   2.966522     2.0610     2.4412      7.998     1.8414    66.0384 1.0690e-01     0.6991    83.9650     6.9937     7.1087    32.5477    32.5483    25.9293    25.9298    7.57249 0.0000e+00
       2426     69.031     2.9792     2.9769   2.966311   2.966076     2.0610     2.4416      8.001     1.8312    76.6188 1.0678e-01     0.7016    83.9128     6.9952     7.1119    32.5496    32.5491    25.9311    25.9309    7.57308 0.0000e+00
       2429     69.071     2.9776     2.9737   2.966269   2.965799     2.0610     2.4420      7.999     1.8516    76.1846 1.0678e-01     0.7016    83.9128     6.9973     7.1150    32.5507    32.5489    25.9321    25.9310    7.57333 0.0000e+00
       2432     69.101     2.9770     2.9733   2.966314   2.965704     2.0619     2.4420      7.998     1.8210    76.1846 1.0678e-01     0.7003    83.9389     7.0025     7.1153    32.5518    32.5482    25.9331    25.9305    7.57338 0.0000e+00
       3075     69.147     2.9797     2.9744   2.965942   2.965407     2.0606     2.4375      7.982     1.6989   481.3579 1.0678e-01     0.6009    86.0512     7.0063     7.0858    32.5445    32.5434    25.9270    25.9266    7.57323 0.0000e+00
       3078     69.229     2.9795     2.9744   2.965945   2.965416     2.0594     2.4383      7.982     1.7091   249.3791 1.0678e-01     0.6009    86.0512     7.0027     7.0907    32.5447    32.5435    25.9272    25.9267    7.57326 0.0000e+00
       3081     69.296     2.9798     2.9746   2.965950   2.965421     2.0606     2.4383      7.982     1.7193    -2.8130 1.0678e-01     0.6013    86.0425     7.0097     7.0914    32.5444    32.5433    25.9269    25.9264    7.57322 0.0000e+00
       3084     69.349     2.9801     2.9744   2.966009   2.965392     2.0610     2.4379      7.982     1.7193    -1.2339 1.0678e-01     0.6013    86.0425     7.0115     7.0922    32.5449    32.5431    25.9272    25.9263    7.57314 0.0000e+00
       3087     69.387     2.9805     2.9741   2.966083   2.965379     2.0606     2.4379      7.980     1.7193    -0.6811 1.0678e-01     0.6013    86.0425     7.0059     7.0922    32.5453    32.5432    25.9276    25.9264    7.57304 0.0000e+00
       4093     69.413     2.9775     2.9738   2.965547   2.965202     2.0598     2.4388      7.967     1.8007    49.0625 1.0678e-01     0.6755    84.4605     6.9985     7.1066    32.5418    32.5414    25.9250    25.9250    7.57379 0.0000e+00
       4452     69.439     2.9774     2.9724   2.965579   2.965114     2.0611     2.4396      7.964     1.8007    34.9290 1.0678e-01     0.6669    84.6430     7.0025     7.1040    32.5423    32.5417    25.9254    25.9254    7.57378 0.0000e+00
       4642     69.442     2.9814     2.9761   2.965861   2.965418     2.0607     2.4396      7.962     1.7804    27.7833 1.0678e-01     0.6636    84.7125     6.9960     7.0995    32.5417    32.5417    25.9246    25.9251    7.57305 0.0000e+00
       4649     69.411     2.9836     2.9780   2.965994   2.965530     2.0603     2.4384      7.962     1.7702    81.1589 1.0678e-01     0.6690    84.5995     6.9925     7.0950    32.5410    32.5411    25.9239    25.9244    7.57266 0.0000e+00
       4652     69.374     2.9835     2.9777   2.965980   2.965498     2.0607     2.4388      7.961     1.7804   465.8427 1.0690e-01     0.6685    84.6082     6.9944     7.0977    32.5410    32.5411    25.9239    25.9245    7.57269 0.0000e+00
       4655     69.330     2.9825     2.9770   2.965879   2.965444     2.0615     2.4384      7.962     1.7702   481.5554 1.0678e-01     0.6690    84.5995     6.9985     7.0989    32.5409    32.5411    25.9239    25.9246    7.57289 0.0000e+00
       4658     69.289     2.9821     2.9767   2.965825   2.965415     2.0611     2.4392      7.961     1.7905   481.2000 1.0678e-01     0.6690    84.5995     6.9953     7.1036    32.5406    32.5411    25.9237    25.9245    7.57297 0.0000e+00
       4661     69.237     2.9818     2.9764   2.965820   2.965390     2.0603     2.4392      7.961     1.7702   481.3579 1.0678e-01     0.6685    84.6082     6.9921     7.1029    32.5408    32.5411    25.9239    25.9246    7.57302 0.0000e+00
       4664     69.188     2.9815     2.9761   2.965804   2.965380     2.0607     2.4384      7.962     1.7702   481.3579 1.0678e-01     0.6690    84.5995     6.9943     7.0988    32.5410    32.5413    25.9241    25.9248    7.57307 0.0000e+00
       4667     69.137     2.9813     2.9761   2.965762   2.965397     2.0595     2.4384      7.961     1.7702   481.3579 1.0690e-01     0.6685    84.6082     6.9901     7.0993    32.5408    32.5416    25.9239    25.9250    7.57312 0.0000e+00
