Datasets/AZMP/HUD120/hud120_2020_068.cnv
* Sea-Bird SBE 9 Data File:
* FileName = C:\CTDDATA\hud120_2020_068.hex
* Software Version Seasave V 7.26.7.110
* Temperature SN = 1697
* Conductivity SN = 4216
* Number of Bytes Per Scan = 30
* Number of Voltage Words = 4
* Number of Scans Averaged by the Deck Unit = 1
* NMEA baud rate = 4800
** VESSEL/TRIP/SEQ STN:  hud120_2020_068
** LATITUDE XX XX.XX: 47 00.00 N
** LONGITUDE XX XX.XX: 047 30.00 W
** SOUNDING DEPTH (M): 0220
** PROBE TYPE: S1146
** CTD NUMBER: 047
** FORMAT: V
** COMMENTS (14 CHAR): FC-14
** BOTTLES:  10
** LEVELS: 5,10,20,30,40,50,75,100,150,BTM
** STICKERS: 439824 - 439833
** VNET: Y
** DO2: Y
# nquan = 22
# nvalues = 4384                        
# units = specified
# name 0 = scan: Scan Count
# name 1 = prDM: Pressure, Digiquartz [db]
# name 2 = t090C: Temperature [ITS-90, deg C]
# name 3 = t190C: Temperature, 2 [ITS-90, deg C]
# name 4 = c0S/m: Conductivity [S/m]
# name 5 = c1S/m: Conductivity, 2 [S/m]
# name 6 = sbeox0V: Oxygen raw, SBE 43 [V]
# name 7 = sbeox1V: Oxygen raw, SBE 43, 2 [V]
# name 8 = ph: pH
# name 9 = flECO-AFL: Fluorescence, WET Labs ECO-AFL/FL [mg/m^3]
# name 10 = wetCDOM: Fluorescence, WET Labs CDOM [mg/m^3]
# name 11 = par/sat/log: PAR/Logarithmic, Satlantic [umol photons/m^2/sec]
# name 12 = CStarAt0: Beam Attenuation, WET Labs C-Star [1/m]
# name 13 = CStarTr0: Beam Transmission, WET Labs C-Star [%]
# name 14 = sbeox0ML/L: Oxygen, SBE 43 [ml/l], WS = 2
# name 15 = sbeox1ML/L: Oxygen, SBE 43, 2 [ml/l], WS = 2
# name 16 = sal00: Salinity, Practical [PSU]
# name 17 = sal11: Salinity, Practical, 2 [PSU]
# name 18 = sigma-t00: Density [sigma-t, kg/m^3 ]
# name 19 = sigma-t11: Density, 2 [sigma-t, kg/m^3 ]
# name 20 = oxsatML/L: Oxygen Saturation, Weiss [ml/l]
# name 21 = flag: flag
# span 0 =          2,      40325       
# span 1 =      2.111,    214.005       
# span 2 =    -0.4799,     2.6392       
# span 3 =    -0.4704,     2.6346       
# span 4 =   2.721347,   3.042226       
# span 5 =   2.721941,   3.041756       
# span 6 =     1.8740,     2.2007       
# span 7 =     2.2239,     2.6368       
# span 8 =      7.970,      8.093       
# span 9 =     0.9155,     5.6774       
# span 10 =    -2.8130,   482.1870      
# span 11 = 1.0715e-01, 1.4147e+02      
# span 12 =     0.0665,     0.2946      
# span 13 =    92.9007,    98.3508      
# span 14 =     6.3294,     7.6303      
# span 15 =     6.4900,     7.8303      
# span 16 =    32.7186,    34.2413      
# span 17 =    32.7169,    34.2405      
# span 18 =    26.0951,    27.3501      
# span 19 =    26.0941,    27.3498      
# span 20 =    7.62951,    8.25637      
# span 21 = 0.0000e+00, 0.0000e+00      
# interval = scans: 3                   
# start_time = Nov 24 2020 13:59:25 [System UTC, header]
# bad_flag = -9.990e-29
*END*
[from data line 3556]
      22162     69.379     2.2237     2.2192   2.994445   2.994058     2.0417     2.4484      8.037     1.5158    11.3600 2.6313e-01     0.0725    98.2030     7.1876     7.4175    33.6769    33.6768    26.8943    26.8945    7.66130 0.0000e+00
      22165     69.212     2.2255     2.2231   2.994616   2.994396     2.0425     2.4497      8.037     1.4955    11.1626 2.6865e-01     0.0725    98.2030     7.1879     7.4156    33.6772    33.6770    26.8944    26.8944    7.66093 0.0000e+00
      22168     69.052     2.2274     2.2278   2.994801   2.994753     2.0445     2.4521      8.040     1.5057    11.1626 2.6867e-01     0.0722    98.2117     7.1933     7.4182    33.6776    33.6766    26.8945    26.8936    7.66055 0.0000e+00
      22171     68.897     2.2325     2.2327   2.995272   2.995174     2.0454     2.4541      8.042     1.5158    11.1626 2.7494e-01     0.0725    98.2030     7.1934     7.4177    33.6781    33.6767    26.8945    26.8933    7.65951 0.0000e+00
      22174     68.748     2.2345     2.2266   2.995424   2.994175     2.0462     2.4549      8.042     1.5057    11.1626 2.7335e-01     0.0725    98.2030     7.1922     7.4171    33.6779    33.6708    26.8942    26.8891    7.65913 0.0000e+00
      22177     68.607     2.2384     2.2155   2.995657   2.993895     2.0474     2.4558      8.042     1.5260    11.1626 2.8074e-01     0.0729    98.1943     7.1926     7.4169    33.6768    33.6791    26.8930    26.8967    7.65843 0.0000e+00
      22180     68.472     2.2396     2.2277   2.995885   2.995032     2.0490     2.4578      8.042     1.4955    43.6933 2.7955e-01     0.0736    98.1769     7.1964     7.4161    33.6785    33.6805    26.8942    26.8968    7.65812 0.0000e+00
      22183     68.344     2.2433     2.2392   2.996145   2.995760     2.0506     2.4598      8.042     1.5260   452.6172 2.9174e-01     0.0736    98.1769     7.1996     7.4153    33.6779    33.6774    26.8934    26.8934    7.65743 0.0000e+00
      22186     68.227     2.2453     2.2423   2.996291   2.995900     2.0523     2.4614      8.045     1.6074   481.5159 2.9471e-01     0.0736    98.1769     7.2029     7.4153    33.6775    33.6759    26.8930    26.8920    7.65704 0.0000e+00
      22189     68.115     2.2478     2.2379   2.996438   2.995330     2.0519     2.4627      8.044     1.5870   481.1605 2.9644e-01     0.0736    98.1769     7.1966     7.4177    33.6769    33.6736    26.8923    26.8905    7.65660 0.0000e+00
      22192     68.009     2.2457     2.2246   2.996192   2.994349     2.0539     2.4635      8.047     1.5972   481.2790 2.9434e-01     0.0736    98.1769     7.2037     7.4178    33.6761    33.6755    26.8918    26.8931    7.65705 0.0000e+00
      22195     67.912     2.2470     2.2221   2.996394   2.994240     2.0551     2.4639      8.047     1.5972   481.2790 3.0407e-01     0.0736    98.1769     7.2067     7.4160    33.6773    33.6769    26.8927    26.8943    7.65674 0.0000e+00
      22198     67.822     2.2491     2.2171   2.996536   2.993807     2.0563     2.4659      8.047     1.6074   481.2790 3.0756e-01     0.0750    98.1421     7.2091     7.4207    33.6769    33.6768    26.8922    26.8947    7.65635 0.0000e+00
      22201     67.737     2.2482     2.2277   2.996425   2.994894     2.0567     2.4672      8.047     1.6074   481.2790 3.0865e-01     0.0775    98.0813     7.2091     7.4176    33.6764    33.6792    26.8919    26.8957    7.65653 0.0000e+00
      22204     67.657     2.2489     2.2332   2.996464   2.995031     2.0588     2.4680      8.047     1.6074   481.2790 3.2365e-01     0.0768    98.0987     7.2143     7.4139    33.6762    33.6751    26.8917    26.8920    7.65641 0.0000e+00
      22207     67.585     2.2485     2.2203   2.996192   2.993801     2.0596     2.4688      8.047     1.5972   351.8272 3.2819e-01     0.0768    98.0987     7.2145     7.4135    33.6734    33.6735    26.8894    26.8918    7.65665 0.0000e+00
      22210     67.517     2.2467     2.2131   2.996175   2.993415     2.0596     2.4708      8.047     1.6074     2.2798 3.2475e-01     0.0768    98.0987     7.2129     7.4204    33.6751    33.6764    26.8909    26.8947    7.65690 0.0000e+00
      22213     67.454     2.2502     2.2142   2.996580   2.993524     2.0608     2.4720      8.047     1.5870    12.6628 3.3366e-01     0.0768    98.0987     7.2172     7.4227    33.6764    33.6765    26.8917    26.8947    7.65614 0.0000e+00
      22216     67.396     2.2528     2.2166   2.996803   2.993687     2.0625     2.4720      8.047     1.5972    12.3470 3.3739e-01     0.0768    98.0987     7.2175     7.4209    33.6765    33.6760    26.8915    26.8942    7.65564 0.0000e+00
      22219     67.346     2.2535     2.2191   2.996855   2.993923     2.0629     2.4737      8.047     1.5972    12.3470 3.4457e-01     0.0768    98.0987     7.2160     7.4228    33.6764    33.6764    26.8915    26.8943    7.65551 0.0000e+00
      22222     67.297     2.2543     2.2297   2.996924   2.994835     2.0645     2.4737      8.047     1.5870    12.3470 3.3739e-01     0.0757    98.1248     7.2215     7.4169    33.6764    33.6765    26.8914    26.8935    7.65534 0.0000e+00
      22225     67.250     2.2544     2.2319   2.996867   2.994831     2.0657     2.4753      8.047     1.5870    12.3470 3.3858e-01     0.0757    98.1248     7.2239     7.4205    33.6756    33.6742    26.8908    26.8914    7.65537 0.0000e+00
      22228     67.209     2.2538     2.2304   2.996834   2.994679     2.0661     2.4757      8.047     1.5870    12.3470 3.4370e-01     0.0757    98.1248     7.2209     7.4196    33.6759    33.6740    26.8911    26.8913    7.65548 0.0000e+00
      22231     67.167     2.2532     2.2358   2.996827   2.995334     2.0665     2.4761      8.047     1.6074    12.3470 3.4289e-01     0.0754    98.1335     7.2212     7.4170    33.6764    33.6764    26.8915    26.8929    7.65556 0.0000e+00
      22234     67.132     2.2541     2.2407   2.996876   2.995665     2.0677     2.4782      8.047     1.5972   266.7894 3.4406e-01     0.0754    98.1335     7.2237     7.4195    33.6761    33.6753    26.8912    26.8916    7.65540 0.0000e+00
      22237     67.104     2.2539     2.2429   2.996861   2.995892     2.0690     2.4786      8.047     1.6684   481.7922 3.4533e-01     0.0757    98.1248     7.2241     7.4211    33.6762    33.6758    26.8913    26.8918    7.65544 0.0000e+00
      22240     67.076     2.2543     2.2421   2.996871   2.995629     2.0681     2.4794      8.049     1.6888   480.9632 3.5333e-01     0.0757    98.1248     7.2147     7.4226    33.6759    33.6734    26.8911    26.8900    7.65538 0.0000e+00
      22243     67.047     2.2536     2.2405   2.996832   2.995603     2.0702     2.4802      8.049     1.6786   481.3184 3.5334e-01     0.0757    98.1248     7.2213     7.4228    33.6762    33.6748    26.8913    26.8912    7.65550 0.0000e+00
      22246     67.018     2.2528     2.2427   2.996751   2.995782     2.0710     2.4810      8.049     1.6786   481.2790 3.6076e-01     0.0761    98.1161     7.2196     7.4239    33.6761    33.6747    26.8913    26.8909    7.65566 0.0000e+00
      22249     66.988     2.2519     2.2409   2.996768   2.995585     2.0714     2.4818      8.047     1.6989   481.2395 3.5830e-01     0.0757    98.1248     7.2206     7.4244    33.6773    33.6742    26.8923    26.8907    7.65578 0.0000e+00
      22252     66.959     2.2537     2.2405   2.996825   2.995531     2.0718     2.4826      8.047     1.6786   481.2790 3.5091e-01     0.0757    98.1248     7.2218     7.4267    33.6760    33.6739    26.8912    26.8905    7.65549 0.0000e+00
      22255     66.929     2.2540     2.2407   2.996907   2.995656     2.0730     2.4830      8.050     1.6888   481.2395 3.6724e-01     0.0757    98.1248     7.2270     7.4247    33.6768    33.6753    26.8917    26.8916    7.65539 0.0000e+00
      22258     66.899     2.2548     2.2441   2.996953   2.995826     2.0730     2.4834      8.047     1.6786   481.2790 3.6120e-01     0.0761    98.1161     7.2224     7.4227    33.6765    33.6738    26.8914    26.8902    7.65525 0.0000e+00
      22261     66.861     2.2533     2.2408   2.996947   2.995697     2.0742     2.4851      8.049     1.6786    89.4890 3.7005e-01     0.0747    98.1508     7.2272     7.4275    33.6780    33.6757    26.8928    26.8919    7.65546 0.0000e+00
      22264     66.817     2.2558     2.2419   2.996988   2.995671     2.0738     2.4847      8.050     1.6888     2.9509 3.7740e-01     0.0747    98.1508     7.2202     7.4235    33.6759    33.6743    26.8909    26.8907    7.65508 0.0000e+00
      22267     66.770     2.2559     2.2444   2.997096   2.995851     2.0755     2.4855      8.047     1.6888     7.0962 3.7828e-01     0.0747    98.1508     7.2242     7.4221    33.6772    33.6739    26.8919    26.8902    7.65500 0.0000e+00
      22270     66.715     2.2557     2.2440   2.997019   2.995872     2.0751     2.4867      8.047     1.6786     6.8988 3.7968e-01     0.0747    98.1508     7.2217     7.4239    33.6765    33.6746    26.8914    26.8908    7.65508 0.0000e+00
      22273     66.658     2.2581     2.2483   2.997058   2.996221     2.0763     2.4867      8.048     1.6888     6.8988 3.8180e-01     0.0750    98.1421     7.2273     7.4230    33.6744    33.6744    26.8895    26.8903    7.65471 0.0000e+00
      22276     66.596     2.2585     2.2515   2.997149   2.996441     2.0775     2.4883      8.048     1.6786     6.8988 3.8356e-01     0.0747    98.1508     7.2300     7.4269    33.6751    33.6738    26.8901    26.8896    7.65459 0.0000e+00
      22279     66.530     2.2595     2.2530   2.997216   2.996548     2.0779     2.4879      8.047     1.6989     6.8988 3.8267e-01     0.0757    98.1248     7.2286     7.4232    33.6750    33.6736    26.8898    26.8892    7.65441 0.0000e+00
      22282     66.454     2.2605     2.2543   2.997239   2.996682     2.0775     2.4887      8.048     1.6786     6.8988 3.8713e-01     0.0757    98.1248     7.2280     7.4219    33.6743    33.6739    26.8892    26.8894    7.65425 0.0000e+00
      22285     66.370     2.2605     2.2556   2.997231   2.996759     2.0783     2.4891      8.047     1.6888     6.0303 3.8938e-01     0.0757    98.1248     7.2298     7.4193    33.6742    33.6735    26.8892    26.8890    7.65426 0.0000e+00
      22288     66.281     2.2606     2.2565   2.997237   2.996851     2.0783     2.4895      8.047     1.7091     0.2664 4.0033e-01     0.0757    98.1248     7.2257     7.4167    33.6742    33.6738    26.8891    26.8891    7.65423 0.0000e+00
      22291     66.190     2.2611     2.2568   2.997301   2.996830     2.0796     2.4891      8.050     1.7193     0.2664 3.9807e-01     0.0757    98.1248     7.2260     7.4096    33.6745    33.6732    26.8894    26.8887    7.65412 0.0000e+00
      22294     66.096     2.2614     2.2566   2.997318   2.996805     2.0800     2.4908      8.047     1.7091     0.2664 3.9394e-01     0.0757    98.1248     7.2210     7.4087    33.6745    33.6732    26.8893    26.8887    7.65407 0.0000e+00
      22297     65.993     2.2640     2.2584   2.997561   2.997031     2.0808     2.4916      8.050     1.7193     0.2664 3.9755e-01     0.0757    98.1248     7.2196     7.4019    33.6748    33.6742    26.8894    26.8893    7.65354 0.0000e+00
      22300     65.882     2.2656     2.2624   2.997663   2.997335     2.0804     2.4916      8.050     1.7091     0.2664 3.9527e-01     0.0775    98.0813     7.2129     7.3923    33.6744    33.6738    26.8890    26.8887    7.65325 0.0000e+00
      22303     65.762     2.2663     2.2637   2.997736   2.997411     2.0808     2.4916      8.048     1.7193     0.2664 4.0687e-01     0.0782    98.0639     7.2101     7.3849    33.6747    33.6733    26.8890    26.8882    7.65310 0.0000e+00
      22306     65.635     2.2682     2.2656   2.997921   2.997583     2.0824     2.4916      8.048     1.6989     0.2664 3.9940e-01     0.0778    98.0726     7.2112     7.3770    33.6750    33.6736    26.8892    26.8883    7.65271 0.0000e+00
      22309     65.497     2.2707     2.2664   2.998146   2.997653     2.0820     2.4916      8.050     1.7091     0.2664 4.0969e-01     0.0778    98.0726     7.2018     7.3695    33.6753    33.6737    26.8892    26.8883    7.65222 0.0000e+00
      22312     65.352     2.2718     2.2675   2.998156   2.997733     2.0816     2.4916      8.047     1.7193   178.4748 4.0827e-01     0.0778    98.0726     7.1907     7.3617    33.6743    33.6736    26.8884    26.8881    7.65205 0.0000e+00
      22315     65.201     2.2720     2.2696   2.998177   2.997944     2.0816     2.4916      8.048     1.7600   482.1870 4.1206e-01     0.0782    98.0639     7.1841     7.3541    33.6744    33.6741    26.8884    26.8883    7.65200 0.0000e+00
      22318     65.046     2.2736     2.2723   2.998331   2.998106     2.0816     2.4904      8.050     1.7499   481.1211 4.1789e-01     0.0778    98.0726     7.1784     7.3417    33.6747    33.6733    26.8885    26.8876    7.65167 0.0000e+00
      22321     64.887     2.2756     2.2734   2.998472   2.998161     2.0824     2.4891      8.050     1.7499   481.2395 4.2268e-01     0.0768    98.0987     7.1785     7.3360    33.6745    33.6730    26.8882    26.8871    7.65130 0.0000e+00
      22324     64.723     2.2765     2.2724   2.998526   2.998072     2.0816     2.4900      8.050     1.7499   481.2395 4.1685e-01     0.0764    98.1074     7.1735     7.3406    33.6742    33.6730    26.8879    26.8872    7.65113 0.0000e+00
      22327     64.553     2.2769     2.2723   2.998562   2.998025     2.0816     2.4891      8.048     1.7397   481.2395 4.3514e-01     0.0768    98.0987     7.1690     7.3376    33.6743    33.6726    26.8880    26.8870    7.65105 0.0000e+00
      22330     64.378     2.2776     2.2712   2.998547   2.997927     2.0820     2.4895      8.048     1.7499   481.2790 4.3360e-01     0.0768    98.0987     7.1685     7.3397    33.6736    33.6726    26.8873    26.8870    7.65096 0.0000e+00
      22333     64.199     2.2776     2.2727   2.998569   2.998059     2.0812     2.4891      8.048     1.7702   481.2395 4.3811e-01     0.0768    98.0987     7.1644     7.3387    33.6740    33.6728    26.8876    26.8871    7.65094 0.0000e+00
      22336     64.021     2.2788     2.2735   2.998655   2.998107     2.0812     2.4883      8.051     1.7499   481.2395 4.5357e-01     0.0768    98.0987     7.1602     7.3357    33.6739    33.6726    26.8874    26.8868    7.65071 0.0000e+00
      22339     63.836     2.2801     2.2757   2.998741   2.998275     2.0816     2.4883      8.050     1.7193   175.6323 4.4680e-01     0.0768    98.0987     7.1580     7.3346    33.6736    33.6725    26.8871    26.8866    7.65047 0.0000e+00
      22342     63.649     2.2814     2.2772   2.998788   2.998340     2.0816     2.4883      8.051     1.6278     3.0299 4.5990e-01     0.0761    98.1161     7.1558     7.3343    33.6729    33.6718    26.8864    26.8860    7.65024 0.0000e+00
      22345     63.470     2.2819     2.2780   2.998820   2.998396     2.0816     2.4891      8.050     1.6278     9.2676 4.6097e-01     0.0761    98.1161     7.1563     7.3343    33.6729    33.6718    26.8864    26.8858    7.65015 0.0000e+00
      22348     63.287     2.2825     2.2781   2.998806   2.998325     2.0820     2.4891      8.050     1.6278     8.9518 4.6579e-01     0.0761    98.1161     7.1591     7.3290    33.6722    33.6709    26.8858    26.8851    7.65008 0.0000e+00
      22351     63.100     2.2821     2.2726   2.998751   2.997577     2.0812     2.4879      8.050     1.6176     9.0307 4.6904e-01     0.0764    98.1074     7.1565     7.3231    33.6721    33.6675    26.8857    26.8828    7.65016 0.0000e+00
      22354     62.923     2.2795     2.2573   2.998268   2.995698     2.0808     2.4879      8.050     1.6379     8.9123 4.7889e-01     0.0764    98.1074     7.1530     7.3224    33.6689    33.6605    26.8834    26.8784    7.65082 0.0000e+00
