Datasets/AZMP/HUD120/hud120_2020_023.cnv
* Sea-Bird SBE 9 Data File:
* FileName = C:\CTDDATA\hud120_2020_023.hex
* Software Version Seasave V 7.26.7.110
* Temperature SN = 1697
* Conductivity SN = 4216
* Number of Bytes Per Scan = 30
* Number of Voltage Words = 4
* Number of Scans Averaged by the Deck Unit = 1
* NMEA baud rate = 4800
** VESSEL/TRIP/SEQ STN:  hud120_2020_023
** LATITUDE XX XX.XX: 44 43.50 N
** LONGITUDE XX XX.XX: 051 23.70 W
** SOUNDING DEPTH (M): 0072
** PROBE TYPE: S1146
** CTD NUMBER: 013
** FORMAT: V
** COMMENTS (14 CHAR): SEGB-09
** BOTTLES:  07
** LEVELS: 5,10,20,30,40,50,BTM
** STICKERS: 439595 - 439601
** VNET: Y
** DO2: Y
# nquan = 22
# nvalues = 1305                        
# units = specified
# name 0 = scan: Scan Count
# name 1 = prDM: Pressure, Digiquartz [db]
# name 2 = t090C: Temperature [ITS-90, deg C]
# name 3 = t190C: Temperature, 2 [ITS-90, deg C]
# name 4 = c0S/m: Conductivity [S/m]
# name 5 = c1S/m: Conductivity, 2 [S/m]
# name 6 = sbeox0V: Oxygen raw, SBE 43 [V]
# name 7 = sbeox1V: Oxygen raw, SBE 43, 2 [V]
# name 8 = ph: pH
# name 9 = flECO-AFL: Fluorescence, WET Labs ECO-AFL/FL [mg/m^3]
# name 10 = wetCDOM: Fluorescence, WET Labs CDOM [mg/m^3]
# name 11 = par/sat/log: PAR/Logarithmic, Satlantic [umol photons/m^2/sec]
# name 12 = CStarAt0: Beam Attenuation, WET Labs C-Star [1/m]
# name 13 = CStarTr0: Beam Transmission, WET Labs C-Star [%]
# name 14 = sbeox0ML/L: Oxygen, SBE 43 [ml/l], WS = 2
# name 15 = sbeox1ML/L: Oxygen, SBE 43, 2 [ml/l], WS = 2
# name 16 = sal00: Salinity, Practical [PSU]
# name 17 = sal11: Salinity, Practical, 2 [PSU]
# name 18 = sigma-t00: Density [sigma-t, kg/m^3 ]
# name 19 = sigma-t11: Density, 2 [sigma-t, kg/m^3 ]
# name 20 = oxsatML/L: Oxygen Saturation, Weiss [ml/l]
# name 21 = flag: flag
# span 0 =         12,      35469       
# span 1 =      0.138,     69.542       
# span 2 =     4.4959,    12.0918       
# span 3 =     4.4914,    12.0876       
# span 4 =   3.101650,   3.723868       
# span 5 =   3.101114,   3.723312       
# span 6 =     1.7297,     2.1956       
# span 7 =     2.0292,     2.6050       
# span 8 =      7.805,      8.136       
# span 9 =     1.6379,     5.4535       
# span 10 =    -2.8130,   482.1870      
# span 11 = 1.0678e-01, 6.9635e+01      
# span 12 =     0.1357,     0.4627      
# span 13 =    89.0761,    96.6645      
# span 14 =     5.0155,     6.1784      
# span 15 =     4.9034,     6.1955      
# span 16 =    30.4329,    33.0197      
# span 17 =    31.1845,    32.9230      
# span 18 =    23.0312,    25.9847      
# span 19 =    23.6148,    25.9467      
# span 20 =    6.14524,    7.28665      
# span 21 = 0.0000e+00, 0.0000e+00      
# interval = scans: 3                   
# start_time = Nov 18 2020 10:49:08 [System UTC, header]
# bad_flag = -9.990e-29
*END*
         12      3.607    12.0604    12.0548   3.717552   3.716944     2.1779     2.5491      8.122     4.5073   304.9656 6.8566e+00     0.1795    95.6127     5.9631     5.9735    32.2044    32.2033    24.4074    24.4076    6.15012 0.0000e+00
         20      3.666    12.0604    12.0546   3.717558   3.716926     2.1783     2.5495      8.124     4.4666     4.2143 6.8484e+00     0.1798    95.6040     5.9646     5.9748    32.2044    32.2033    24.4074    24.4076    6.15012 0.0000e+00
         23      3.708    12.0602    12.0542   3.717561   3.716895     2.1787     2.5495      8.122     4.4767    16.6502 6.7152e+00     0.1802    95.5953     5.9661     5.9749    32.2046    32.2033    24.4075    24.4077    6.15014 0.0000e+00
         26      3.747    12.0604    12.0541   3.717558   3.716886     2.1787     2.5503      8.122     4.4462    16.1369 6.5922e+00     0.1802    95.5953     5.9744     5.9846    32.2043    32.2034    24.4073    24.4078    6.15012 0.0000e+00
         29      3.781    12.0603    12.0538   3.717556   3.716861     2.1783     2.5495      8.122     4.4767    16.1369 6.4489e+00     0.1817    95.5605     5.9736     5.9833    32.2044    32.2033    24.4074    24.4078    6.15013 0.0000e+00
         32      3.807    12.0600    12.0539   3.717538   3.716872     2.1787     2.5499      8.122     4.4666    16.1369 6.3673e+00     0.1842    95.4997     5.9748     5.9855    32.2045    32.2033    24.4075    24.4078    6.15017 0.0000e+00
        209      3.839    12.0600    12.0553   3.717566   3.717011     2.1791     2.5519      8.124     4.2834   481.0816 6.4340e+00     0.1784    95.6388     5.9818     5.9836    32.2047    32.2035    24.4077    24.4076    6.15016 0.0000e+00
        212      3.907    12.0602    12.0555   3.717560   3.717048     2.1803     2.5531      8.122     4.2834   481.0816 6.3747e+00     0.1795    95.6127     5.9830     5.9836    32.2045    32.2036    24.4075    24.4077    6.15015 0.0000e+00
        215      3.971    12.0598    12.0556   3.717555   3.717033     2.1803     2.5519      8.127     4.2834   481.1211 6.3453e+00     0.1795    95.6127     5.9810     5.9775    32.2047    32.2033    24.4078    24.4075    6.15018 0.0000e+00
        218      4.027    12.0592    12.0558   3.717506   3.717049     2.1807     2.5519      8.125     4.2936   481.1211 6.2869e+00     0.1795    95.6127     5.9792     5.9720    32.2047    32.2033    24.4079    24.4074    6.15026 0.0000e+00
        221      4.079    12.0591    12.0557   3.717506   3.717033     2.1807     2.5519      8.124     4.2732   481.1211 6.2579e+00     0.1791    95.6214     5.9744     5.9672    32.2048    32.2032    24.4080    24.4074    6.15027 0.0000e+00
        224      4.123    12.0594    12.0557   3.717521   3.717015     2.1799     2.5511      8.124     4.3750   481.1211 6.2651e+00     0.1798    95.6040     5.9667     5.9617    32.2047    32.2030    24.4078    24.4072    6.15024 0.0000e+00
        227      4.157    12.0590    12.0553   3.717491   3.717005     2.1815     2.5507      8.124     4.3953   225.6522 6.2651e+00     0.1791    95.6214     5.9689     5.9581    32.2047    32.2033    24.4079    24.4075    6.15029 0.0000e+00
        498      4.182    12.0584    12.0550   3.717435   3.716961     2.1807     2.5495      8.125     4.3648   158.4984 6.4530e+00     0.1798    95.6040     5.9676     5.9583    32.2047    32.2031    24.4080    24.4074    6.15037 0.0000e+00
       1038      4.210    12.0581    12.0543   3.717394   3.716887     2.1807     2.5470      8.125     4.4055   366.3160 6.8168e+00     0.1802    95.5953     5.9783     5.9638    32.2046    32.2030    24.4079    24.4075    6.15042 0.0000e+00
       1755      4.236    12.0594    12.0554   3.717527   3.716988     2.1803     2.5470      8.124     4.3037   159.4853 7.0540e+00     0.1791    95.6214     5.9737     5.9667    32.2047    32.2030    24.4078    24.4072    6.15024 0.0000e+00
       3185      4.279    12.0616    12.0574   3.717772   3.717235     2.1791     2.5474      8.124     4.1206   412.7039 7.4086e+00     0.1769    95.6735     5.9605     5.9715    32.2051    32.2036    24.4077    24.4074    6.14993 0.0000e+00
       3188      4.322    12.0615    12.0573   3.717777   3.717216     2.1787     2.5470      8.125     4.1206    11.9127 7.3744e+00     0.1769    95.6735     5.9581     5.9667    32.2053    32.2035    24.4079    24.4073    6.14994 0.0000e+00
       4221      4.353    12.0611    12.0567   3.717697   3.717171     2.1783     2.5446      8.127     4.2732   164.6965 7.1688e+00     0.1780    95.6474     5.9580     5.9582    32.2049    32.2036    24.4076    24.4075    6.15002 0.0000e+00
       6367      4.372    12.0594    12.0553   3.717546   3.717025     2.1779     2.5389      8.127     4.2224    14.9526 6.5088e+00     0.1802    95.5953     5.9674     5.9486    32.2048    32.2033    24.4079    24.4075    6.15024 0.0000e+00
       6370      4.405    12.0595    12.0551   3.717541   3.717015     2.1791     2.5397      8.127     4.2325    14.9526 6.3821e+00     0.1802    95.5953     5.9712     5.9514    32.2047    32.2034    24.4078    24.4076    6.15023 0.0000e+00
       6373      4.442    12.0596    12.0551   3.717564   3.717020     2.1779     2.5397      8.127     4.2326    14.9526 6.3160e+00     0.1817    95.5605     5.9666     5.9523    32.2048    32.2034    24.4079    24.4076    6.15022 0.0000e+00
       6376      4.485    12.0595    12.0550   3.717578   3.717028     2.1783     2.5401      8.127     4.3038    14.9526 6.3087e+00     0.1824    95.5432     5.9696     5.9544    32.2050    32.2036    24.4080    24.4077    6.15022 0.0000e+00
       6379      4.530    12.0593    12.0552   3.717565   3.717014     2.1783     2.5397      8.127     4.3038    14.9526 6.3600e+00     0.1824    95.5432     5.9701     5.9547    32.2050    32.2033    24.4081    24.4075    6.15024 0.0000e+00
       6382      4.576    12.0596    12.0550   3.717566   3.717029     2.1783     2.5401      8.127     4.3140   402.7552 6.4414e+00     0.1824    95.5432     5.9712     5.9572    32.2048    32.2036    24.4078    24.4078    6.15021 0.0000e+00
       6385      4.628    12.0594    12.0549   3.717572   3.717017     2.1791     2.5405      8.127     4.3038   481.7922 6.5238e+00     0.1824    95.5432     5.9751     5.9584    32.2050    32.2036    24.4081    24.4078    6.15023 0.0000e+00
       6388      4.677    12.0591    12.0549   3.717577   3.716999     2.1787     2.5417      8.127     4.3038   480.8842 6.4862e+00     0.1820    95.5519     5.9757     5.9622    32.2052    32.2033    24.4083    24.4075    6.15026 0.0000e+00
       6391      4.733    12.0595    12.0550   3.717574   3.717037     2.1787     2.5409      8.127     4.3140   481.1211 6.4340e+00     0.1824    95.5432     5.9762     5.9603    32.2049    32.2036    24.4080    24.4078    6.15022 0.0000e+00
       6394      4.790    12.0594    12.0550   3.717577   3.717029     2.1787     2.5405      8.127     4.3038   481.1211 6.3380e+00     0.1813    95.5692     5.9780     5.9581    32.2050    32.2035    24.4080    24.4077    6.15023 0.0000e+00
       6397      4.841    12.0595    12.0549   3.717553   3.717022     2.1795     2.5413      8.125     4.3038   481.1211 6.2362e+00     0.1791    95.6214     5.9831     5.9592    32.2047    32.2035    24.4078    24.4077    6.15023 0.0000e+00
       6400      4.894    12.0592    12.0550   3.717582   3.717025     2.1795     2.5413      8.127     4.3546   481.1211 6.1220e+00     0.1791    95.6214     5.9843     5.9589    32.2051    32.2034    24.4082    24.4076    6.15025 0.0000e+00
       6403      4.947    12.0594    12.0550   3.717584   3.717002     2.1791     2.5421      8.127     4.3750   481.1211 5.9614e+00     0.1791    95.6214     5.9831     5.9601    32.2050    32.2032    24.4081    24.4074    6.15023 0.0000e+00
       6406      4.998    12.0591    12.0550   3.717579   3.717025     2.1799     2.5421      8.125     4.3851   418.2310 5.8251e+00     0.1791    95.6214     5.9861     5.9577    32.2052    32.2034    24.4083    24.4076    6.15026 0.0000e+00
       6409      5.049    12.0595    12.0550   3.717587   3.717054     2.1803     2.5409      8.125     4.3750    17.5977 5.7052e+00     0.1791    95.6214     5.9874     5.9535    32.2049    32.2036    24.4079    24.4078    6.15022 0.0000e+00
       6412      5.099    12.0595    12.0549   3.717601   3.717040     2.1803     2.5421      8.127     4.3851    14.2814 5.5618e+00     0.1795    95.6127     5.9873     5.9567    32.2050    32.2035    24.4080    24.4077    6.15021 0.0000e+00
       6415      5.143    12.0595    12.0550   3.717587   3.717043     2.1807     2.5425      8.127     4.3648    14.3999 5.4788e+00     0.1798    95.6040     5.9883     5.9574    32.2048    32.2035    24.4079    24.4077    6.15023 0.0000e+00
       6418      5.185    12.0594    12.0550   3.717587   3.717049     2.1815     2.5413      8.127     4.3648    14.3604 5.4095e+00     0.1795    95.6127     5.9908     5.9518    32.2049    32.2035    24.4080    24.4077    6.15023 0.0000e+00
       6421      5.225    12.0594    12.0550   3.717597   3.717034     2.1815     2.5417      8.124     4.3648    14.3604 5.3908e+00     0.1791    95.6214     5.9886     5.9510    32.2050    32.2034    24.4081    24.4076    6.15023 0.0000e+00
       6424      5.260    12.0595    12.0550   3.717605   3.717043     2.1819     2.5421      8.127     4.3648    14.3604 5.4033e+00     0.1795    95.6127     5.9881     5.9506    32.2050    32.2034    24.4080    24.4076    6.15022 0.0000e+00
       6427      5.291    12.0594    12.0551   3.717603   3.717054     2.1811     2.5413      8.127     4.6701    14.3604 5.4535e+00     0.1798    95.6040     5.9830     5.9465    32.2051    32.2034    24.4081    24.4076    6.15023 0.0000e+00
       6466      5.315    12.0597    12.0552   3.717612   3.717068     2.1811     2.5409      8.127     4.6599   158.6563 5.4290e+00     0.1802    95.5953     5.9816     5.9480    32.2048    32.2035    24.4079    24.4076    6.15020 0.0000e+00
       6541      5.372    12.0599    12.0556   3.717655   3.717107     2.1795     2.5409      8.127     4.5785   482.1870 5.2555e+00     0.1824    95.5432     5.9769     5.9537    32.2051    32.2035    24.4080    24.4076    6.15016 0.0000e+00
       6544      5.451    12.0599    12.0558   3.717665   3.717146     2.1791     2.5409      8.124     4.5480   480.9631 5.1950e+00     0.1824    95.5432     5.9756     5.9513    32.2051    32.2037    24.4080    24.4077    6.15016 0.0000e+00
       6547      5.537    12.0599    12.0557   3.717688   3.717128     2.1799     2.5421      8.127     4.5582   481.0816 5.1651e+00     0.1824    95.5432     5.9784     5.9535    32.2053    32.2036    24.4082    24.4076    6.15015 0.0000e+00
       6550      5.626    12.0600    12.0556   3.717654   3.717108     2.1799     2.5413      8.127     4.5683   481.1211 5.1591e+00     0.1824    95.5432     5.9793     5.9514    32.2049    32.2033    24.4079    24.4075    6.15016 0.0000e+00
       6553      5.715    12.0599    12.0555   3.717679   3.717141     2.1807     2.5409      8.127     4.5480   481.1211 5.1591e+00     0.1824    95.5432     5.9819     5.9495    32.2051    32.2038    24.4081    24.4078    6.15016 0.0000e+00
       6556      5.805    12.0598    12.0555   3.717666   3.717125     2.1807     2.5409      8.127     4.4768   481.1211 5.1770e+00     0.1831    95.5258     5.9812     5.9495    32.2051    32.2036    24.4080    24.4077    6.15017 0.0000e+00
       6559      5.894    12.0597    12.0555   3.717660   3.717107     2.1799     2.5409      8.127     4.1817   481.1211 5.1710e+00     0.1835    95.5171     5.9782     5.9489    32.2051    32.2034    24.4081    24.4075    6.15019 0.0000e+00
       6562      5.975    12.0594    12.0552   3.717637   3.717098     2.1811     2.5409      8.125     4.1919   481.1211 5.1293e+00     0.1831    95.5258     5.9815     5.9483    32.2050    32.2035    24.4081    24.4076    6.15022 0.0000e+00
       6565      6.052    12.0593    12.0551   3.717638   3.717071     2.1795     2.5401      8.125     4.1919   138.0877 5.0822e+00     0.1828    95.5345     5.9748     5.9455    32.2052    32.2033    24.4082    24.4075    6.15024 0.0000e+00
       6568      6.126    12.0593    12.0549   3.717612   3.717075     2.1807     2.5401      8.127     4.2020     9.3465 5.0179e+00     0.1831    95.5258     5.9776     5.9459    32.2049    32.2034    24.4080    24.4077    6.15025 0.0000e+00
       6571      6.190    12.0596    12.0550   3.717633   3.717075     2.1807     2.5409      8.127     4.1919    14.8736 4.9775e+00     0.1828    95.5345     5.9763     5.9481    32.2048    32.2034    24.4079    24.4076    6.15022 0.0000e+00
       6574      6.249    12.0595    12.0549   3.717629   3.717073     2.1811     2.5409      8.127     4.2020    14.5973 4.9145e+00     0.1831    95.5258     5.9766     5.9489    32.2048    32.2034    24.4079    24.4076    6.15023 0.0000e+00
       6577      6.302    12.0595    12.0550   3.717645   3.717090     2.1807     2.5401      8.127     4.1919    14.5973 4.8750e+00     0.1784    95.6388     5.9754     5.9465    32.2050    32.2035    24.4080    24.4077    6.15022 0.0000e+00
       6580      6.348    12.0594    12.0549   3.717653   3.717099     2.1807     2.5409      8.127     4.1919    14.5973 4.8357e+00     0.1780    95.6475     5.9763     5.9486    32.2051    32.2036    24.4081    24.4078    6.15023 0.0000e+00
       6583      6.384    12.0596    12.0550   3.717654   3.717104     2.1807     2.5397      8.127     4.3953    14.5973 4.8189e+00     0.1780    95.6475     5.9761     5.9451    32.2049    32.2035    24.4079    24.4077    6.15021 0.0000e+00
       6609      6.415    12.0599    12.0553   3.717663   3.717125     2.1807     2.5401      8.127     4.4869   170.1052 4.7315e+00     0.1795    95.6127     5.9757     5.9513    32.2047    32.2034    24.4077    24.4076    6.15018 0.0000e+00
       6659      6.443    12.0602    12.0556   3.717604   3.717146     2.1815     2.5393      8.127     4.2224   481.1211 4.5799e+00     0.1835    95.5171     5.9790     5.9594    32.2039    32.2034    24.4070    24.4075    6.15017 0.0000e+00
       6662      6.475    12.0602    12.0556   3.717705   3.717137     2.1803     2.5389      8.127     4.4666   481.1211 4.5168e+00     0.1835    95.5171     5.9745     5.9588    32.2049    32.2034    24.4078    24.4075    6.15014 0.0000e+00
       6665      6.509    12.0603    12.0555   3.717717   3.717121     2.1803     2.5405      8.127     4.6090   481.1211 4.4701e+00     0.1835    95.5171     5.9755     5.9629    32.2048    32.2032    24.4077    24.4074    6.15012 0.0000e+00
       6668      6.548    12.0601    12.0554   3.717699   3.717121     2.1807     2.5397      8.127     4.5988   409.1903 4.4084e+00     0.1835    95.5171     5.9779     5.9602    32.2048    32.2033    24.4078    24.4075    6.15014 0.0000e+00
       6671      6.587    12.0600    12.0554   3.717715   3.717134     2.1811     2.5401      8.125     4.5988    13.4524 4.3730e+00     0.1835    95.5171     5.9801     5.9616    32.2050    32.2034    24.4080    24.4076    6.15015 0.0000e+00
       6674      6.631    12.0599    12.0554   3.717692   3.717145     2.1811     2.5405      8.127     4.5887    12.9786 4.3227e+00     0.1831    95.5258     5.9802     5.9625    32.2049    32.2035    24.4079    24.4077    6.15017 0.0000e+00
       6677      6.674    12.0599    12.0554   3.717696   3.717134     2.1807     2.5413      8.127     4.5887    13.0181 4.2779e+00     0.1806    95.5866     5.9794     5.9644    32.2049    32.2034    24.4079    24.4076    6.15017 0.0000e+00
       6680      6.722    12.0599    12.0555   3.717714   3.717130     2.1811     2.5421      8.127     4.6090    13.0576 4.2434e+00     0.1780    95.6475     5.9799     5.9668    32.2051    32.2033    24.4080    24.4074    6.15016 0.0000e+00
