Datasets/AZMP/HUD120/hud120_2020_083.cnv
* Sea-Bird SBE 9 Data File:
* FileName = C:\CTDDATA\hud120_2020_083.hex
* Software Version Seasave V 7.26.7.110
* Temperature SN = 1697
* Conductivity SN = 4216
* Number of Bytes Per Scan = 30
* Number of Voltage Words = 4
* Number of Scans Averaged by the Deck Unit = 1
* NMEA baud rate = 4800
** VESSEL/TRIP/SEQ STN:  hun120_2020_083
** LATITUDE XX XX.XX: 47 32.80 N
** LONGITUDE XX XX.XX: 052 35.20 W
** SOUNDING DEPTH (M): 0176
** PROBE TYPE: S1146
** CTD NUMBER: 062
** FORMAT: V
** COMMENTS (14 CHAR): S27-01
** BOTTLES:  0
** LEVELS: 0
** STICKERS:
** VNET: Y
** DO2: N
** NO WATER SAMPLES TAKEN. TWO SETS OF NETS DEPLOYED
# nquan = 22
# nvalues = 3660                        
# units = specified
# name 0 = scan: Scan Count
# name 1 = prDM: Pressure, Digiquartz [db]
# name 2 = t090C: Temperature [ITS-90, deg C]
# name 3 = t190C: Temperature, 2 [ITS-90, deg C]
# name 4 = c0S/m: Conductivity [S/m]
# name 5 = c1S/m: Conductivity, 2 [S/m]
# name 6 = sbeox0V: Oxygen raw, SBE 43 [V]
# name 7 = sbeox1V: Oxygen raw, SBE 43, 2 [V]
# name 8 = ph: pH
# name 9 = flECO-AFL: Fluorescence, WET Labs ECO-AFL/FL [mg/m^3]
# name 10 = wetCDOM: Fluorescence, WET Labs CDOM [mg/m^3]
# name 11 = par/sat/log: PAR/Logarithmic, Satlantic [umol photons/m^2/sec]
# name 12 = CStarAt0: Beam Attenuation, WET Labs C-Star [1/m]
# name 13 = CStarTr0: Beam Transmission, WET Labs C-Star [%]
# name 14 = sbeox0ML/L: Oxygen, SBE 43 [ml/l], WS = 2
# name 15 = sbeox1ML/L: Oxygen, SBE 43, 2 [ml/l], WS = 2
# name 16 = sal00: Salinity, Practical [PSU]
# name 17 = sal11: Salinity, Practical, 2 [PSU]
# name 18 = sigma-t00: Density [sigma-t, kg/m^3 ]
# name 19 = sigma-t11: Density, 2 [sigma-t, kg/m^3 ]
# name 20 = oxsatML/L: Oxygen Saturation, Weiss [ml/l]
# name 21 = flag: flag
# span 0 =         54,      16510       
# span 1 =      0.392,    175.029       
# span 2 =    -0.4617,     4.0477       
# span 3 =    -0.4668,     4.0428       
# span 4 =   2.589396,   2.970766       
# span 5 =   2.722810,   2.970250       
# span 6 =     1.8767,     2.2108       
# span 7 =     2.2182,     2.6192       
# span 8 =      8.023,      8.167       
# span 9 =     1.0376,     3.6424       
# span 10 =    -2.8130,   482.1870      
# span 11 = 1.0715e-01, 2.1462e+01      
# span 12 =     0.0953,     1.9167      
# span 13 =    61.9300,    97.6467      
# span 14 =     6.8657,     7.5614      
# span 15 =     6.9466,     7.7569      
# span 16 =    27.1555,    33.2509      
# span 17 =    31.0792,    33.2501      
# span 18 =    21.5492,    26.7081      
# span 19 =    24.6652,    26.7077      
# span 20 =    7.42277,    8.25460      
# span 21 = 0.0000e+00, 0.0000e+00      
# interval = scans: 3                   
# start_time = Nov 27 2020 11:07:52 [System UTC, header]
# bad_flag = -9.990e-29
*END*
[from data line 2173]
      11553    143.761    -0.4437    -0.4485   2.725790   2.725406     1.9156     2.2713      8.038     1.1902    -0.5627 1.0715e-01     0.2673    93.5352     7.0888     7.2258    33.0372    33.0373    26.5416    26.5420    8.25099 0.0000e+00
      11556    143.655    -0.4437    -0.4484   2.725808   2.725262     1.9151     2.2721      8.036     1.1902    -0.5627 1.0715e-01     0.2673    93.5352     7.0895     7.2268    33.0375    33.0354    26.5419    26.5404    8.25098 0.0000e+00
      11559    143.550    -0.4438    -0.4481   2.725748   2.725227     1.9156     2.2725      8.038     1.1902    -0.5627 1.0715e-01     0.2658    93.5700     7.0918     7.2249    33.0369    33.0346    26.5414    26.5397    8.25104 0.0000e+00
      11562    143.444    -0.4431    -0.4481   2.725661   2.725217     1.9160     2.2725      8.035     1.1800    -0.5627 1.0715e-01     0.2651    93.5874     7.0952     7.2252    33.0351    33.0346    26.5399    26.5397    8.25100 0.0000e+00
      11565    143.335    -0.4429    -0.4481   2.725541   2.725167     1.9160     2.2721      8.036     1.1902    -0.5627 1.0715e-01     0.2651    93.5874     7.0965     7.2257    33.0333    33.0340    26.5384    26.5392    8.25104 0.0000e+00
      11568    143.223    -0.4421    -0.4479   2.725504   2.725124     1.9164     2.2717      8.038     1.1800    -0.5627 1.0715e-01     0.2651    93.5874     7.0964     7.2239    33.0320    33.0332    26.5374    26.5386    8.25094 0.0000e+00
      11571    143.109    -0.4421    -0.4475   2.725444   2.725056     1.9160     2.2721      8.038     1.1902    -0.5627 1.0715e-01     0.2651    93.5874     7.0947     7.2233    33.0313    33.0320    26.5368    26.5376    8.25099 0.0000e+00
      11574    142.994    -0.4420    -0.4476   2.725424   2.725024     1.9164     2.2725      8.036     1.1902     0.5032 1.0715e-01     0.2655    93.5787     7.0976     7.2277    33.0309    33.0318    26.5365    26.5374    8.25097 0.0000e+00
      11577    142.880    -0.4420    -0.4470   2.725423   2.724900     1.9164     2.2729      8.038     1.1902     1.0954 1.0715e-01     0.2658    93.5700     7.0990     7.2300    33.0310    33.0295    26.5366    26.5355    8.25098 0.0000e+00
      11580    142.765    -0.4417    -0.4463   2.725352   2.724829     1.9164     2.2713      8.038     1.1902     1.0954 1.0715e-01     0.2703    93.4657     7.0986     7.2240    33.0298    33.0279    26.5356    26.5342    8.25098 0.0000e+00
      11583    142.648    -0.4411    -0.4461   2.725263   2.724783     1.9168     2.2725      8.036     1.1902     1.0954 1.0715e-01     0.2707    93.4570     7.0997     7.2287    33.0281    33.0271    26.5341    26.5336    8.25095 0.0000e+00
      11586    142.531    -0.4407    -0.4459   2.725225   2.724778     1.9164     2.2729      8.035     1.1800     1.0954 1.0715e-01     0.2707    93.4570     7.0940     7.2334    33.0272    33.0268    26.5334    26.5333    8.25091 0.0000e+00
      11589    142.412    -0.4404    -0.4459   2.725210   2.724766     1.9168     2.2725      8.038     1.1495     1.0954 1.0715e-01     0.2707    93.4570     7.0939     7.2364    33.0268    33.0267    26.5331    26.5333    8.25087 0.0000e+00
      11592    142.291    -0.4405    -0.4457   2.725172   2.724780     1.9164     2.2725      8.036     1.1597     1.0954 1.0715e-01     0.2707    93.4570     7.0929     7.2333    33.0264    33.0269    26.5328    26.5333    8.25091 0.0000e+00
      11595    142.171    -0.4405    -0.4458   2.725194   2.724794     1.9168     2.2725      8.038     1.1597     1.0954 1.0715e-01     0.2707    93.4570     7.0963     7.2314    33.0268    33.0272    26.5331    26.5337    8.25089 0.0000e+00
      11598    142.048    -0.4406    -0.4459   2.725195   2.724790     1.9168     2.2738      8.038     1.1495     1.0559 1.0715e-01     0.2696    93.4831     7.0956     7.2365    33.0269    33.0274    26.5332    26.5338    8.25090 0.0000e+00
      11601    141.923    -0.4405    -0.4456   2.725203   2.724789     1.9172     2.2734      8.036     1.1699     0.3058 1.0715e-01     0.2651    93.5874     7.0979     7.2358    33.0271    33.0270    26.5333    26.5335    8.25088 0.0000e+00
      11604    141.797    -0.4397    -0.4440   2.725238   2.724805     1.9172     2.2738      8.038     1.1495     0.2664 1.0715e-01     0.2651    93.5874     7.0985     7.2368    33.0267    33.0256    26.5330    26.5323    8.25072 0.0000e+00
      11607    141.669    -0.4381    -0.4431   2.725273   2.724838     1.9172     2.2725      8.038     1.1597     0.2664 1.0715e-01     0.2651    93.5874     7.0974     7.2279    33.0255    33.0251    26.5320    26.5318    8.25043 0.0000e+00
      11610    141.543    -0.4367    -0.4437   2.725319   2.724846     1.9164     2.2746      8.038     1.1292     0.2664 1.0715e-01     0.2651    93.5874     7.0963     7.2385    33.0246    33.0260    26.5312    26.5326    8.25016 0.0000e+00
      11613    141.414    -0.4353    -0.4431   2.725335   2.724854     1.9168     2.2742      8.038     1.1699     0.2664 1.0715e-01     0.2647    93.5961     7.0994     7.2403    33.0235    33.0254    26.5302    26.5321    8.24992 0.0000e+00
      11616    141.285    -0.4353    -0.4413   2.725333   2.724917     1.9176     2.2726      8.036     1.1902     0.2664 1.0715e-01     0.2647    93.5961     7.1040     7.2357    33.0235    33.0244    26.5302    26.5312    8.24992 0.0000e+00
      11619    141.153    -0.4353    -0.4397   2.725373   2.724933     1.9176     2.2738      8.036     1.1902     0.2664 1.0715e-01     0.2651    93.5874     7.1048     7.2410    33.0240    33.0230    26.5307    26.5300    8.24988 0.0000e+00
      11622    141.018    -0.4344    -0.4396   2.725377   2.724937     1.9168     2.2734      8.038     1.1902     0.2664 1.0715e-01     0.2651    93.5874     7.1002     7.2352    33.0232    33.0230    26.5300    26.5300    8.24973 0.0000e+00
      11625    140.884    -0.4340    -0.4396   2.725381   2.724912     1.9180     2.2742      8.036     1.1800     0.0295 1.0715e-01     0.2651    93.5874     7.1091     7.2387    33.0230    33.0228    26.5297    26.5298    8.24966 0.0000e+00
      11628    140.746    -0.4344    -0.4402   2.725336   2.724896     1.9176     2.2738      8.036     1.1902    -0.7206 1.0715e-01     0.2651    93.5874     7.1077     7.2380    33.0229    33.0234    26.5297    26.5303    8.24976 0.0000e+00
      11631    140.607    -0.4348    -0.4390   2.725324   2.724936     1.9176     2.2738      8.036     1.1902    -0.6811 1.0715e-01     0.2651    93.5874     7.1090     7.2368    33.0232    33.0226    26.5300    26.5297    8.24982 0.0000e+00
      11634    140.469    -0.4346    -0.4385   2.725345   2.724932     1.9184     2.2754      8.038     1.2004    -0.6811 1.0715e-01     0.2651    93.5874     7.1146     7.2416    33.0233    33.0221    26.5300    26.5292    8.24977 0.0000e+00
      11637    140.330    -0.4341    -0.4386   2.725338   2.724956     1.9180     2.2754      8.038     1.1800    -0.7206 1.0715e-01     0.2651    93.5874     7.1092     7.2435    33.0228    33.0226    26.5296    26.5296    8.24969 0.0000e+00
      11640    140.192    -0.4329    -0.4376   2.725392   2.724987     1.9184     2.2762      8.038     1.1394    -0.6811 1.0715e-01     0.2673    93.5352     7.1092     7.2468    33.0223    33.0220    26.5291    26.5291    8.24945 0.0000e+00
      11643    140.053    -0.4330    -0.4379   2.725390   2.724994     1.9184     2.2750      8.036     1.1292    -0.6811 1.0715e-01     0.2677    93.5265     7.1111     7.2396    33.0225    33.0225    26.5293    26.5295    8.24947 0.0000e+00
      11646    139.916    -0.4331    -0.4378   2.725400   2.725004     1.9188     2.2738      8.036     1.1292    -0.6811 1.0715e-01     0.2684    93.5092     7.1116     7.2339    33.0228    33.0226    26.5296    26.5296    8.24948 0.0000e+00
      11649    139.783    -0.4328    -0.4375   2.725455   2.724981     1.9188     2.2754      8.038     1.1088    -0.6811 1.0715e-01     0.2680    93.5179     7.1093     7.2379    33.0233    33.0221    26.5299    26.5291    8.24938 0.0000e+00
      11652    139.653    -0.4321    -0.4367   2.725513   2.725027     1.9184     2.2750      8.038     1.1190     0.1874 1.0715e-01     0.2680    93.5179     7.1093     7.2358    33.0234    33.0218    26.5300    26.5289    8.24922 0.0000e+00
      11655    139.520    -0.4311    -0.4361   2.725544   2.725072     1.9192     2.2750      8.036     1.1292     1.1349 1.0715e-01     0.2677    93.5265     7.1111     7.2336    33.0228    33.0219    26.5294    26.5289    8.24902 0.0000e+00
      11658    139.389    -0.4307    -0.4369   2.725572   2.725021     1.9196     2.2754      8.038     1.1190     1.0954 1.0715e-01     0.2703    93.4657     7.1113     7.2325    33.0228    33.0222    26.5294    26.5292    8.24893 0.0000e+00
      11661    139.262    -0.4286    -0.4354   2.725678   2.725184     1.9184     2.2750      8.038     1.1088     1.0954 1.0715e-01     0.2889    93.0311     7.1055     7.2319    33.0220    33.0228    26.5287    26.5297    8.24851 0.0000e+00
      11664    139.137    -0.4274    -0.4327   2.725754   2.725281     1.9192     2.2762      8.036     1.1292     1.0954 1.0715e-01     0.2897    93.0137     7.1062     7.2381    33.0218    33.0212    26.5285    26.5283    8.24826 0.0000e+00
      11667    139.015    -0.4267    -0.4324   2.725770   2.725277     1.9196     2.2754      8.038     1.1394     1.0954 1.0715e-01     0.2897    93.0137     7.1073     7.2383    33.0213    33.0209    26.5281    26.5280    8.24813 0.0000e+00
      11670    138.893    -0.4265    -0.4321   2.725796   2.725316     1.9188     2.2762      8.038     1.1597     1.0954 1.0715e-01     0.2897    93.0137     7.1001     7.2394    33.0215    33.0212    26.5282    26.5282    8.24807 0.0000e+00
      11673    138.777    -0.4257    -0.4315   2.725841   2.725333     1.9196     2.2758      8.038     1.1495     1.0954 1.0715e-01     0.2897    93.0137     7.1037     7.2344    33.0213    33.0208    26.5281    26.5279    8.24791 0.0000e+00
      11676    138.663    -0.4254    -0.4319   2.725832   2.725326     1.9204     2.2762      8.038     1.1597     1.0954 1.0715e-01     0.2897    93.0137     7.1079     7.2359    33.0209    33.0212    26.5277    26.5282    8.24787 0.0000e+00
      11679    138.553    -0.4249    -0.4310   2.725906   2.725424     1.9192     2.2762      8.038     1.1495     1.2534 1.0715e-01     0.2856    93.1093     7.1041     7.2351    33.0215    33.0216    26.5281    26.5285    8.24773 0.0000e+00
      11682    138.445    -0.4241    -0.4292   2.725924   2.725485     1.9200     2.2754      8.038     1.1495     1.3323 1.0715e-01     0.2759    93.3353     7.1101     7.2300    33.0209    33.0205    26.5276    26.5275    8.24758 0.0000e+00
      11685    138.339    -0.4238    -0.4290   2.725926   2.725489     1.9196     2.2762      8.038     1.1394     1.3323 1.0715e-01     0.2759    93.3353     7.1070     7.2310    33.0207    33.0205    26.5274    26.5275    8.24754 0.0000e+00
      11688    138.239    -0.4239    -0.4287   2.725949   2.725497     1.9196     2.2762      8.038     1.1597     1.3323 1.0715e-01     0.2763    93.3266     7.1030     7.2284    33.0211    33.0203    26.5278    26.5273    8.24752 0.0000e+00
      11691    138.142    -0.4238    -0.4283   2.725932   2.725535     1.9196     2.2762      8.038     1.1394     1.3323 1.0715e-01     0.2763    93.3266     7.1019     7.2281    33.0209    33.0205    26.5276    26.5275    8.24753 0.0000e+00
      11694    138.049    -0.4238    -0.4282   2.725922   2.725507     1.9196     2.2762      8.038     1.1495     1.3323 1.0715e-01     0.2763    93.3266     7.1011     7.2258    33.0208    33.0200    26.5275    26.5271    8.24752 0.0000e+00
      11697    137.964    -0.4216    -0.4284   2.726092   2.725516     1.9196     2.2762      8.038     1.1292     1.3323 1.0715e-01     0.2763    93.3266     7.1006     7.2251    33.0207    33.0204    26.5274    26.5274    8.24704 0.0000e+00
      11700    137.878    -0.4213    -0.4284   2.726083   2.725501     1.9208     2.2762      8.038     1.1699     1.3323 1.0715e-01     0.2767    93.3179     7.1082     7.2243    33.0203    33.0203    26.5270    26.5273    8.24699 0.0000e+00
      11703    137.794    -0.4214    -0.4287   2.726084   2.725484     1.9212     2.2766      8.038     1.1495     1.3718 1.0715e-01     0.2774    93.3005     7.1088     7.2261    33.0204    33.0204    26.5271    26.5275    8.24700 0.0000e+00
      11706    137.712    -0.4210    -0.4287   2.726120   2.725472     1.9204     2.2762      8.038     1.1597     1.8850 1.0715e-01     0.2770    93.3092     7.1032     7.2245    33.0205    33.0203    26.5272    26.5273    8.24691 0.0000e+00
      11709    137.635    -0.4201    -0.4294   2.726161   2.725428     1.9200     2.2762      8.038     1.1597     1.9245 1.0715e-01     0.2767    93.3179     7.0993     7.2230    33.0202    33.0205    26.5269    26.5275    8.24674 0.0000e+00
      11712    137.558    -0.4199    -0.4301   2.726147   2.725381     1.9200     2.2758      8.038     1.1597     1.9245 1.0715e-01     0.2770    93.3092     7.0965     7.2236    33.0198    33.0207    26.5266    26.5278    8.24671 0.0000e+00
      11715    137.487    -0.4193    -0.4368   2.726173   2.725171     1.9200     2.2762      8.038     1.1597     1.9245 1.0715e-01     0.2767    93.3179     7.0925     7.2257    33.0196    33.0252    26.5264    26.5316    8.24660 0.0000e+00
      11718    137.415    -0.4191    -0.4390   2.726176   2.725107     1.9204     2.2758      8.038     1.1495     1.9245 1.0715e-01     0.2767    93.3179     7.0914     7.2216    33.0195    33.0267    26.5263    26.5330    8.24656 0.0000e+00
      11721    137.344    -0.4192    -0.4379   2.726188   2.725164     1.9212     2.2762      8.038     1.1495     1.9245 1.0715e-01     0.2755    93.3440     7.0927     7.2231    33.0197    33.0265    26.5265    26.5327    8.24656 0.0000e+00
      11724    137.276    -0.4185    -0.4335   2.726216   2.725326     1.9200     2.2758      8.038     1.1394     1.9245 1.0715e-01     0.2751    93.3527     7.0869     7.2219    33.0194    33.0238    26.5262    26.5304    8.24643 0.0000e+00
      11727    137.207    -0.4175    -0.4300   2.726245   2.725385     1.9200     2.2762      8.038     1.1495     1.9245 1.0715e-01     0.2751    93.3527     7.0906     7.2241    33.0188    33.0208    26.5257    26.5278    8.24625 0.0000e+00
      11730    137.143    -0.4167    -0.4285   2.726237   2.725434     1.9204     2.2762      8.038     1.1495     2.5167 1.0715e-01     0.2751    93.3527     7.0960     7.2241    33.0178    33.0199    26.5248    26.5270    8.24613 0.0000e+00
      11733    137.075    -0.4176    -0.4289   2.726219   2.725520     1.9200     2.2762      8.038     1.1495     3.8195 1.0715e-01     0.2751    93.3527     7.0961     7.2248    33.0186    33.0216    26.5255    26.5284    8.24627 0.0000e+00
      11736    137.011    -0.4183    -0.4273   2.726187   2.725563     1.9200     2.2770      8.038     1.1597     3.7010 1.0715e-01     0.2751    93.3527     7.0978     7.2280    33.0189    33.0204    26.5258    26.5274    8.24641 0.0000e+00
      11739    136.945    -0.4185    -0.4255   2.726180   2.725615     1.9196     2.2754      8.038     1.1495     3.7010 1.0715e-01     0.2751    93.3527     7.0931     7.2217    33.0191    33.0191    26.5259    26.5263    8.24644 0.0000e+00
      11742    136.876    -0.4183    -0.4258   2.726204   2.725632     1.9200     2.2754      8.038     1.1597     3.7010 1.0715e-01     0.2740    93.3788     7.0947     7.2221    33.0193    33.0198    26.5261    26.5268    8.24640 0.0000e+00
      11745    136.810    -0.4182    -0.4258   2.726191   2.725629     1.9204     2.2762      8.038     1.1902     3.7010 1.0715e-01     0.2740    93.3788     7.1020     7.2256    33.0190    33.0197    26.5259    26.5268    8.24638 0.0000e+00
