Datasets/AZMP/HUD120/hud120_2020_015.cnv
* Sea-Bird SBE 9 Data File:
* FileName = C:\CTDDATA\hud120_2020_015.hex
* Software Version Seasave V 7.26.7.110
* Temperature SN = 1697
* Conductivity SN = 4216
* Number of Bytes Per Scan = 30
* Number of Voltage Words = 4
* Number of Scans Averaged by the Deck Unit = 1
* NMEA baud rate = 4800
** VESSEL/TRIP/SEQ STN:  hud120_2020_015
** LATITUDE XX XX.XX: 46 35.00 N
** LONGITUDE XX XX.XX: 052 56.00 W
** SOUNDING DEPTH (M): 0056
** PROBE TYPE: S1146
** CTD NUMBER: 005
** FORMAT: V
** COMMENTS (14 CHAR): SEGB-01
** BOTTLES:  06
** LEVELS: 5,10,20,30,40,BTM
** STICKERS: 439547 - 439552
** VNET: Y
** DO2: N
# nquan = 22
# nvalues = 1123                        
# units = specified
# name 0 = scan: Scan Count
# name 1 = prDM: Pressure, Digiquartz [db]
# name 2 = t090C: Temperature [ITS-90, deg C]
# name 3 = t190C: Temperature, 2 [ITS-90, deg C]
# name 4 = c0S/m: Conductivity [S/m]
# name 5 = c1S/m: Conductivity, 2 [S/m]
# name 6 = sbeox0V: Oxygen raw, SBE 43 [V]
# name 7 = sbeox1V: Oxygen raw, SBE 43, 2 [V]
# name 8 = ph: pH
# name 9 = flECO-AFL: Fluorescence, WET Labs ECO-AFL/FL [mg/m^3]
# name 10 = wetCDOM: Fluorescence, WET Labs CDOM [mg/m^3]
# name 11 = par/sat/log: PAR/Logarithmic, Satlantic [umol photons/m^2/sec]
# name 12 = CStarAt0: Beam Attenuation, WET Labs C-Star [1/m]
# name 13 = CStarTr0: Beam Transmission, WET Labs C-Star [%]
# name 14 = sbeox0ML/L: Oxygen, SBE 43 [ml/l], WS = 2
# name 15 = sbeox1ML/L: Oxygen, SBE 43, 2 [ml/l], WS = 2
# name 16 = sal00: Salinity, Practical [PSU]
# name 17 = sal11: Salinity, Practical, 2 [PSU]
# name 18 = sigma-t00: Density [sigma-t, kg/m^3 ]
# name 19 = sigma-t11: Density, 2 [sigma-t, kg/m^3 ]
# name 20 = oxsatML/L: Oxygen Saturation, Weiss [ml/l]
# name 21 = flag: flag
# span 0 =         10,      23556       
# span 1 =      0.249,     50.333       
# span 2 =     5.1060,     5.6870       
# span 3 =     5.1018,     5.6865       
# span 4 =   2.549548,   3.088617       
# span 5 =   2.135395,   3.088722       
# span 6 =     2.1796,     2.2118       
# span 7 =     2.5057,     2.6310       
# span 8 =      8.017,      8.034       
# span 9 =     2.3909,     3.8764       
# span 10 =    -2.8130,   482.1870      
# span 11 = 3.0650e-01, 1.3727e+02      
# span 12 =     0.0857,     0.1120      
# span 13 =    97.2382,    97.8814      
# span 14 =     6.8454,     7.1941      
# span 15 =     6.5294,     7.3547      
# span 16 =    25.4068,    31.5755      
# span 17 =    20.9215,    31.5755      
# span 18 =    20.0144,    24.9497      
# span 19 =    16.4779,    24.9502      
# span 20 =    7.14053,    7.42626      
# span 21 = 0.0000e+00, 0.0000e+00      
# interval = scans: 3                   
# start_time = Nov 17 2020 12:15:53 [System UTC, header]
# bad_flag = -9.990e-29
*END*
[from data line 856]
      13297     21.724     5.3245     5.3196   3.071656   3.071339     2.2069     2.6233      8.027     2.7267   481.0026 6.6920e+00     0.0903    97.7684     7.1674     7.2992    31.5213    31.5223    24.8828    24.8841    7.19656 0.0000e+00
      13300     21.575     5.3257     5.3228   3.071822   3.071619     2.2073     2.6233      8.027     2.7165   481.0026 6.7776e+00     0.0896    97.7858     7.1691     7.2985    31.5221    31.5225    24.8833    24.8839    7.19631 0.0000e+00
      13303     21.421     5.3276     5.3262   3.071950   3.071878     2.2073     2.6241      8.027     2.7368   481.0026 6.8405e+00     0.0903    97.7684     7.1677     7.3010    31.5219    31.5224    24.8829    24.8835    7.19599 0.0000e+00
      13306     21.267     5.3292     5.3261   3.072044   3.071761     2.2065     2.6241      8.026     2.7267   481.0026 6.9280e+00     0.0896    97.7858     7.1641     7.3004    31.5215    31.5212    24.8824    24.8825    7.19573 0.0000e+00
      13309     21.117     5.3288     5.3236   3.071971   3.071576     2.2065     2.6241      8.029     2.7368   481.0026 7.0167e+00     0.0906    97.7597     7.1633     7.2999    31.5211    31.5215    24.8821    24.8831    7.19582 0.0000e+00
      13312     20.971     5.3283     5.3230   3.071931   3.071571     2.2065     2.6241      8.027     2.7267   481.0421 7.0819e+00     0.0903    97.7684     7.1645     7.2972    31.5212    31.5221    24.8823    24.8835    7.19591 0.0000e+00
      13315     20.826     5.3284     5.3241   3.071947   3.071683     2.2061     2.6241      8.026     2.7165   481.0026 7.1477e+00     0.0903    97.7684     7.1631     7.2951    31.5214    31.5224    24.8824    24.8836    7.19588 0.0000e+00
      13318     20.683     5.3282     5.3257   3.071924   3.071777     2.2065     2.6229      8.026     2.6859   481.0026 7.2058e+00     0.0906    97.7597     7.1648     7.2886    31.5214    31.5220    24.8824    24.8832    7.19592 0.0000e+00
      13321     20.539     5.3285     5.3265   3.071985   3.071819     2.2065     2.6229      8.026     2.7063   452.0250 7.2981e+00     0.0906    97.7597     7.1650     7.2869    31.5218    31.5218    24.8828    24.8829    7.19584 0.0000e+00
      13324     20.400     5.3296     5.3264   3.072050   3.071811     2.2065     2.6237      8.027     2.6961    30.7837 7.4086e+00     0.0906    97.7597     7.1667     7.2882    31.5216    31.5219    24.8824    24.8830    7.19566 0.0000e+00
      13327     20.264     5.3305     5.3272   3.072107   3.071876     2.2061     2.6233      8.026     2.6961    -2.4972 7.4688e+00     0.0906    97.7597     7.1678     7.2860    31.5215    31.5220    24.8823    24.8830    7.19551 0.0000e+00
      13330     20.133     5.3315     5.3284   3.072206   3.071938     2.2053     2.6229      8.029     2.7063    -0.9575 7.5295e+00     0.0906    97.7597     7.1646     7.2846    31.5217    31.5216    24.8823    24.8826    7.19532 0.0000e+00
      13333     20.008     5.3323     5.3293   3.072235   3.071952     2.2057     2.6229      8.026     2.6961    -1.0364 7.6082e+00     0.0906    97.7597     7.1645     7.2856    31.5214    31.5209    24.8820    24.8819    7.19521 0.0000e+00
      13336     19.891     5.3335     5.3285   3.072310   3.071894     2.2073     2.6221      8.027     2.6961    -1.0364 7.7056e+00     0.0921    97.7249     7.1708     7.2836    31.5211    31.5211    24.8816    24.8822    7.19500 0.0000e+00
      13339     19.778     5.3345     5.3300   3.072338   3.072015     2.2069     2.6225      8.026     2.6961    -1.0364 7.8043e+00     0.0928    97.7075     7.1681     7.2872    31.5206    31.5211    24.8811    24.8820    7.19486 0.0000e+00
      13342     19.667     5.3336     5.3299   3.072261   3.071959     2.2057     2.6217      8.026     2.7266    -1.0364 7.9133e+00     0.0928    97.7075     7.1618     7.2855    31.5206    31.5206    24.8812    24.8816    7.19501 0.0000e+00
      13345     19.563     5.3323     5.3300   3.072095   3.071981     2.2069     2.6225      8.029     2.7978    -1.0364 8.0145e+00     0.0928    97.7075     7.1663     7.2888    31.5199    31.5208    24.8808    24.8818    7.19526 0.0000e+00
      13348     19.469     5.3308     5.3287   3.071957   3.071859     2.2065     2.6221      8.027     2.7877   123.0462 8.0984e+00     0.0928    97.7075     7.1644     7.2888    31.5199    31.5207    24.8810    24.8819    7.19554 0.0000e+00
      13351     19.382     5.3307     5.3247   3.071983   3.071626     2.2069     2.6225      8.027     2.7877   482.1870 8.1736e+00     0.0928    97.7075     7.1666     7.2919    31.5203    31.5219    24.8813    24.8832    7.19553 0.0000e+00
      13354     19.310     5.3303     5.3240   3.071977   3.071548     2.2057     2.6221      8.027     2.7877   481.2000 8.2115e+00     0.0928    97.7075     7.1612     7.2917    31.5207    31.5217    24.8817    24.8832    7.19558 0.0000e+00
      13357     19.248     5.3317     5.3239   3.072146   3.071532     2.2057     2.6221      8.027     2.7877   480.9631 8.2020e+00     0.0903    97.7684     7.1611     7.2936    31.5212    31.5217    24.8819    24.8831    7.19530 0.0000e+00
      13360     19.199     5.3336     5.3262   3.072260   3.071747     2.2061     2.6221      8.027     2.8080   481.0026 8.1641e+00     0.0906    97.7597     7.1632     7.2944    31.5208    31.5220    24.8813    24.8831    7.19500 0.0000e+00
      13363     19.165     5.3346     5.3279   3.072349   3.071832     2.2061     2.6225      8.027     2.7978   481.0026 8.1359e+00     0.0899    97.7771     7.1644     7.2959    31.5209    31.5213    24.8813    24.8824    7.19482 0.0000e+00
      13837     19.116     5.3378     5.3331   3.072537   3.072185     2.2069     2.6257      8.029     2.5740     0.9770 8.5210e+00     0.0896    97.7858     7.1646     7.2757    31.5200    31.5205    24.8802    24.8812    7.19430 0.0000e+00
      13840     19.007     5.3377     5.3331   3.072541   3.072204     2.2065     2.6257      8.030     2.6350     0.9770 8.5407e+00     0.0903    97.7684     7.1633     7.2767    31.5202    31.5207    24.8804    24.8813    7.19431 0.0000e+00
      13843     18.906     5.3382     5.3331   3.072530   3.072185     2.2061     2.6249      8.029     2.6656     0.9770 8.5604e+00     0.0910    97.7510     7.1615     7.2759    31.5197    31.5206    24.8800    24.8812    7.19426 0.0000e+00
      13846     18.817     5.3382     5.3333   3.072532   3.072192     2.2065     2.6249      8.029     2.6656   206.5443 8.5505e+00     0.0910    97.7510     7.1640     7.2768    31.5197    31.5205    24.8800    24.8812    7.19426 0.0000e+00
      13849     18.739     5.3384     5.3331   3.072566   3.072182     2.2069     2.6237      8.030     2.6656   482.1870 8.5308e+00     0.0910    97.7510     7.1655     7.2747    31.5200    31.5206    24.8802    24.8813    7.19421 0.0000e+00
      13852     18.670     5.3391     5.3337   3.072631   3.072248     2.2065     2.6233      8.030     2.6757   480.9237 8.5308e+00     0.0910    97.7510     7.1651     7.2743    31.5201    31.5208    24.8802    24.8814    7.19408 0.0000e+00
      13855     18.608     5.3393     5.3342   3.072626   3.072214     2.2061     2.6241      8.030     2.6554   481.0026 8.5308e+00     0.0917    97.7336     7.1653     7.2770    31.5198    31.5200    24.8800    24.8807    7.19405 0.0000e+00
      13858     18.561     5.3397     5.3338   3.072646   3.072251     2.2065     2.6229      8.030     2.6656   481.0026 8.5407e+00     0.0913    97.7423     7.1672     7.2745    31.5197    31.5208    24.8798    24.8813    7.19399 0.0000e+00
      13861     18.527     5.3399     5.3345   3.072661   3.072256     2.2065     2.6229      8.030     2.6656   481.0026 8.5407e+00     0.0924    97.7162     7.1674     7.2754    31.5197    31.5202    24.8798    24.8808    7.19396 0.0000e+00
      15223     18.480     5.3844     5.3785   3.074525   3.074150     2.2073     2.6249      8.029     2.7165   162.9595 9.8368e+00     0.0935    97.6902     7.1589     7.2847    31.4991    31.5004    24.8585    24.8602    7.18723 0.0000e+00
      15906     18.363     5.4067     5.4009   3.075463   3.075080     2.2065     2.6257      8.030     2.7368     3.9379 1.0639e+01     0.0938    97.6815     7.1509     7.2899    31.4888    31.4899    24.8479    24.8494    7.18385 0.0000e+00
      15909     18.238     5.4073     5.4017   3.075476   3.075115     2.2073     2.6266      8.030     2.6656     3.9379 1.0787e+01     0.0931    97.6988     7.1548     7.2943    31.4884    31.4896    24.8475    24.8491    7.18375 0.0000e+00
      15912     18.120     5.4075     5.4024   3.075462   3.075109     2.2081     2.6262      8.030     2.6554     3.9379 1.0926e+01     0.0938    97.6815     7.1577     7.2938    31.4881    31.4889    24.8472    24.8485    7.18373 0.0000e+00
      15915     18.002     5.4075     5.4049   3.075448   3.075203     2.2081     2.6249      8.030     2.6351   280.9623 1.1078e+01     0.0931    97.6988     7.1593     7.2905    31.4880    31.4878    24.8471    24.8472    7.18373 0.0000e+00
      15918     17.892     5.4087     5.4091   3.075482   3.075256     2.2077     2.6253      8.030     2.6249   482.1870 1.1220e+01     0.0935    97.6902     7.1582     7.2943    31.4873    31.4844    24.8465    24.8441    7.18357 0.0000e+00
      15921     17.784     5.4098     5.4085   3.075503   3.075249     2.2069     2.6253      8.030     2.6249   480.7658 1.1337e+01     0.0928    97.7075     7.1562     7.2981    31.4866    31.4849    24.8458    24.8446    7.18341 0.0000e+00
      15924     17.680     5.4113     5.4113   3.075522   3.075316     2.2069     2.6262      8.030     2.6554   481.0026 1.1416e+01     0.0892    97.7945     7.1565     7.3058    31.4854    31.4832    24.8447    24.8429    7.18320 0.0000e+00
      15927     17.585     5.4120     5.4112   3.075540   3.075296     2.2073     2.6266      8.030     2.6452   481.0026 1.1523e+01     0.0889    97.8031     7.1592     7.3091    31.4851    31.4831    24.8443    24.8428    7.18310 0.0000e+00
      15930     17.499     5.4134     5.4082   3.075570   3.075223     2.2073     2.6266      8.030     2.6554   481.0026 1.1603e+01     0.0896    97.7858     7.1602     7.3094    31.4841    31.4851    24.8434    24.8447    7.18290 0.0000e+00
      15933     17.417     5.4132     5.4075   3.075529   3.075201     2.2073     2.6262      8.030     2.6452   481.0026 1.1656e+01     0.0892    97.7945     7.1603     7.3103    31.4839    31.4856    24.8432    24.8452    7.18295 0.0000e+00
      15936     17.346     5.4102     5.4081   3.075458   3.075211     2.2069     2.6266      8.030     2.6554   481.0026 1.1697e+01     0.0892    97.7945     7.1595     7.3152    31.4860    31.4851    24.8452    24.8448    7.18337 0.0000e+00
      15939     17.284     5.4101     5.4079   3.075469   3.075161     2.2077     2.6266      8.030     2.6249   481.0026 1.1710e+01     0.0885    97.8118     7.1656     7.3176    31.4862    31.4847    24.8454    24.8445    7.18338 0.0000e+00
      15942     17.230     5.4085     5.4058   3.075460   3.075111     2.2077     2.6278      8.030     2.6554   481.0026 1.1764e+01     0.0899    97.7771     7.1700     7.3201    31.4876    31.4862    24.8467    24.8459    7.18359 0.0000e+00
      15945     17.182     5.4099     5.4034   3.075515   3.075100     2.2085     2.6286      8.030     2.6452   481.0421 1.1819e+01     0.0906    97.7597     7.1746     7.3207    31.4869    31.4884    24.8460    24.8478    7.18338 0.0000e+00
      15948     17.141     5.4175     5.4051   3.075710   3.075152     2.2077     2.6290      8.030     2.6249   481.0026 1.1874e+01     0.0906    97.7597     7.1706     7.3196    31.4820    31.4873    24.8413    24.8469    7.18229 0.0000e+00
      15951     17.106     5.4221     5.4082   3.075777   3.075208     2.2077     2.6278      8.030     2.6554   481.0026 1.1929e+01     0.0906    97.7597     7.1697     7.3156    31.4785    31.4851    24.8380    24.8448    7.18166 0.0000e+00
      15954     17.077     5.4212     5.4118   3.075741   3.075327     2.2085     2.6278      8.030     2.6554   481.0026 1.1970e+01     0.0903    97.7684     7.1737     7.3166    31.4789    31.4831    24.8384    24.8428    7.18179 0.0000e+00
      15982     17.002     5.4220     5.4154   3.075759   3.075393     2.2097     2.6298      8.030     2.9810   461.6974 1.2367e+01     0.0942    97.6728     7.1800     7.3124    31.4784    31.4805    24.8379    24.8403    7.18169 0.0000e+00
      15997     16.947     5.4227     5.4169   3.075795   3.075425     2.2114     2.6306      8.030     3.1133   481.9896 1.2668e+01     0.0956    97.6380     7.1864     7.3082    31.4782    31.4795    24.8377    24.8394    7.18157 0.0000e+00
      16000     16.907     5.4235     5.4185   3.075819   3.075468     2.2105     2.6306      8.030     3.1235   480.8447 1.2845e+01     0.0960    97.6293     7.1820     7.3062    31.4778    31.4784    24.8372    24.8383    7.18146 0.0000e+00
      16003     16.853     5.4241     5.4186   3.075820   3.075464     2.2105     2.6302      8.030     3.1336   481.0026 1.2994e+01     0.0935    97.6902     7.1799     7.3072    31.4773    31.4784    24.8368    24.8383    7.18138 0.0000e+00
      16006     16.788     5.4246     5.4179   3.075820   3.075423     2.2101     2.6310      8.030     3.1235   481.0026 1.3206e+01     0.0906    97.7597     7.1760     7.3085    31.4768    31.4786    24.8363    24.8385    7.18131 0.0000e+00
      16009     16.711     5.4243     5.4177   3.075826   3.075419     2.2110     2.6306      8.030     3.1235   481.0026 1.3422e+01     0.0906    97.7597     7.1780     7.3060    31.4771    31.4787    24.8367    24.8387    7.18134 0.0000e+00
      16012     16.620     5.4245     5.4182   3.075820   3.075461     2.2118     2.6302      8.030     3.0624   481.0026 1.3562e+01     0.0906    97.7597     7.1785     7.3045    31.4769    31.4788    24.8365    24.8387    7.18132 0.0000e+00
      16015     16.517     5.4256     5.4199   3.075870   3.075509     2.2114     2.6302      8.030     2.9301   481.0026 1.3704e+01     0.0910    97.7510     7.1703     7.3028    31.4765    31.4778    24.8360    24.8377    7.18115 0.0000e+00
      16018     16.405     5.4272     5.4221   3.075925   3.075533     2.2114     2.6302      8.030     2.9301   481.0026 1.3864e+01     0.0906    97.7597     7.1687     7.3003    31.4757    31.4761    24.8352    24.8361    7.18091 0.0000e+00
      16021     16.281     5.4286     5.4245   3.075945   3.075642     2.2114     2.6298      8.030     2.9505   481.0026 1.4057e+01     0.0906    97.7597     7.1666     7.2985    31.4747    31.4751    24.8342    24.8350    7.18072 0.0000e+00
      16024     16.147     5.4307     5.4267   3.076007   3.075686     2.2114     2.6298      8.030     2.9301   481.0026 1.4303e+01     0.0935    97.6902     7.1653     7.2979    31.4735    31.4736    24.8330    24.8336    7.18041 0.0000e+00
      16027     16.005     5.4321     5.4284   3.076033   3.075713     2.2114     2.6310      8.030     2.9607   481.0026 1.4604e+01     0.0938    97.6815     7.1624     7.3013    31.4725    31.4724    24.8321    24.8325    7.18021 0.0000e+00
      16030     15.847     5.4338     5.4281   3.076063   3.075671     2.2110     2.6302      8.030     2.9403   481.0026 1.4911e+01     0.0935    97.6902     7.1554     7.2982    31.4713    31.4723    24.8310    24.8324    7.17997 0.0000e+00
      16033     15.680     5.4346     5.4270   3.076051   3.075651     2.2110     2.6310      8.030     2.9301   481.0026 1.5190e+01     0.0942    97.6728     7.1505     7.3008    31.4705    31.4731    24.8303    24.8332    7.17987 0.0000e+00
      16036     15.508     5.4345     5.4273   3.076070   3.075640     2.2101     2.6302      8.030     2.9607   481.0421 1.5491e+01     0.0938    97.6815     7.1456     7.2966    31.4709    31.4728    24.8306    24.8329    7.17987 0.0000e+00
