Datasets/AZMP/HUD120/hud120_2020_067.cnv
* Sea-Bird SBE 9 Data File:
* FileName = C:\CTDDATA\hud120_2020_067.hex
* Software Version Seasave V 7.26.7.110
* Temperature SN = 1697
* Conductivity SN = 4216
* Number of Bytes Per Scan = 30
* Number of Voltage Words = 4
* Number of Scans Averaged by the Deck Unit = 1
* NMEA baud rate = 4800
** VESSEL/TRIP/SEQ STN:  hud120_2020_067
** LATITUDE XX XX.XX: 47 00.00 N
** LONGITUDE XX XX.XX: 047 15.00 W
** SOUNDING DEPTH (M): 0535
** PROBE TYPE: S1146
** CTD NUMBER: 046
** FORMAT: V
** COMMENTS (14 CHAR): FC-15
** BOTTLES:  11
** LEVELS: 5,10,20,30,40,50,75,100,150,250,BTM
** STICKERS: 439813 - 439823
** VNET: Y
** DO2: N
# nquan = 22
# nvalues = 10976                       
# units = specified
# name 0 = scan: Scan Count
# name 1 = prDM: Pressure, Digiquartz [db]
# name 2 = t090C: Temperature [ITS-90, deg C]
# name 3 = t190C: Temperature, 2 [ITS-90, deg C]
# name 4 = c0S/m: Conductivity [S/m]
# name 5 = c1S/m: Conductivity, 2 [S/m]
# name 6 = sbeox0V: Oxygen raw, SBE 43 [V]
# name 7 = sbeox1V: Oxygen raw, SBE 43, 2 [V]
# name 8 = ph: pH
# name 9 = flECO-AFL: Fluorescence, WET Labs ECO-AFL/FL [mg/m^3]
# name 10 = wetCDOM: Fluorescence, WET Labs CDOM [mg/m^3]
# name 11 = par/sat/log: PAR/Logarithmic, Satlantic [umol photons/m^2/sec]
# name 12 = CStarAt0: Beam Attenuation, WET Labs C-Star [1/m]
# name 13 = CStarTr0: Beam Transmission, WET Labs C-Star [%]
# name 14 = sbeox0ML/L: Oxygen, SBE 43 [ml/l], WS = 2
# name 15 = sbeox1ML/L: Oxygen, SBE 43, 2 [ml/l], WS = 2
# name 16 = sal00: Salinity, Practical [PSU]
# name 17 = sal11: Salinity, Practical, 2 [PSU]
# name 18 = sigma-t00: Density [sigma-t, kg/m^3 ]
# name 19 = sigma-t11: Density, 2 [sigma-t, kg/m^3 ]
# name 20 = oxsatML/L: Oxygen Saturation, Weiss [ml/l]
# name 21 = flag: flag
# span 0 =         48,      71967       
# span 1 =      0.390,    542.175       
# span 2 =     1.2663,     3.7550       
# span 3 =     1.2612,     3.7501       
# span 4 =   2.920440,   3.236689       
# span 5 =   2.919979,   3.236199       
# span 6 =     1.8652,     2.1954       
# span 7 =     2.2132,     2.6325       
# span 8 =      7.978,      8.075       
# span 9 =     0.8850,     6.4202       
# span 10 =    -2.8130,   482.1870      
# span 11 = 1.0715e-01, 3.4816e+02      
# span 12 =     0.0683,     0.2054      
# span 13 =    94.9955,    98.3073      
# span 14 =     6.1784,     7.6265      
# span 15 =     6.3418,     7.8379      
# span 16 =    33.3989,    34.7469      
# span 17 =    33.0863,    34.7452      
# span 18 =    26.6616,    27.6101      
# span 19 =    26.4119,    27.6093      
# span 20 =    7.32004,    7.84713      
# span 21 = 0.0000e+00, 0.0000e+00      
# interval = scans: 3                   
# start_time = Nov 24 2020 11:09:54 [System UTC, header]
# bad_flag = -9.990e-29
*END*
[from data line 9548]
      42667    131.476     2.8219     2.8164   3.106418   3.105859     1.9507     2.3260      8.016     0.9358   361.2232 1.0715e-01     0.0768    98.0987     6.5109     6.6857    34.3874    34.3864    27.4120    27.4118    7.51023 0.0000e+00
      42670    131.319     2.8205     2.8150   3.106253   3.105702     1.9511     2.3268      8.016     0.9460    -2.8130 1.0715e-01     0.0768    98.0987     6.5096     6.6864    34.3869    34.3861    27.4118    27.4116    7.51051 0.0000e+00
      42673    131.163     2.8194     2.8141   3.106149   3.105636     1.9519     2.3268      8.016     0.9358    -2.4577 1.0715e-01     0.0768    98.0987     6.5104     6.6867    34.3869    34.3863    27.4119    27.4119    7.51073 0.0000e+00
      42676    131.005     2.8190     2.8135   3.106086   3.105517     1.9515     2.3268      8.016     0.9257    -1.4707 1.0715e-01     0.0768    98.0987     6.5081     6.6840    34.3867    34.3856    27.4117    27.4114    7.51082 0.0000e+00
      42679    130.851     2.8181     2.8131   3.105979   3.105469     1.9507     2.3264      8.016     0.9257    -1.5102 1.0715e-01     0.0768    98.0987     6.5045     6.6826    34.3864    34.3855    27.4116    27.4114    7.51100 0.0000e+00
      42682    130.703     2.8180     2.8132   3.105923   3.105482     1.9495     2.3264      8.016     0.9257    -1.5497 1.0715e-01     0.0768    98.0987     6.4971     6.6836    34.3859    34.3857    27.4112    27.4115    7.51105 0.0000e+00
      42685    130.555     2.8171     2.8128   3.105843   3.105357     1.9503     2.3260      8.016     0.9460    -1.5102 1.0715e-01     0.0768    98.0987     6.5009     6.6846    34.3860    34.3846    27.4114    27.4107    7.51122 0.0000e+00
      42688    130.409     2.8170     2.8121   3.105779   3.105300     1.9507     2.3260      8.016     0.9460    -1.5102 1.0715e-01     0.0768    98.0987     6.5040     6.6832    34.3854    34.3848    27.4109    27.4108    7.51127 0.0000e+00
      42691    130.268     2.8169     2.8120   3.105765   3.105265     1.9503     2.3252      8.016     0.9460    -1.5102 1.0715e-01     0.0768    98.0987     6.5011     6.6769    34.3854    34.3844    27.4110    27.4106    7.51128 0.0000e+00
      42694    130.141     2.8168     2.8121   3.105732   3.105235     1.9499     2.3256      8.016     0.9358    -1.5102 1.0715e-01     0.0768    98.0987     6.4999     6.6770    34.3851    34.3841    27.4107    27.4103    7.51130 0.0000e+00
      42697    130.010     2.8167     2.8120   3.105698   3.105212     1.9503     2.3268      8.016     0.9358    -1.5497 1.0715e-01     0.0768    98.0987     6.5033     6.6808    34.3849    34.3839    27.4106    27.4102    7.51134 0.0000e+00
      42700    129.883     2.8162     2.8119   3.105597   3.105182     1.9507     2.3252      8.016     0.9358    -1.5102 1.0715e-01     0.0768    98.0987     6.5087     6.6768    34.3843    34.3838    27.4101    27.4101    7.51147 0.0000e+00
      42703    129.764     2.8161     2.8115   3.105584   3.105125     1.9507     2.3260      8.016     0.9358    -1.5497 1.0715e-01     0.0768    98.0987     6.5071     6.6800    34.3843    34.3836    27.4102    27.4100    7.51149 0.0000e+00
      42706    129.644     2.8166     2.8116   3.105622   3.105125     1.9503     2.3268      8.016     0.9257    -1.5102 1.0715e-01     0.0757    98.1248     6.5020     6.6830    34.3843    34.3835    27.4101    27.4099    7.51139 0.0000e+00
      42709    129.527     2.8163     2.8118   3.105620   3.105175     1.9507     2.3260      8.016     0.9358    -1.5891 1.0715e-01     0.0761    98.1161     6.5010     6.6784    34.3846    34.3840    27.4104    27.4103    7.51142 0.0000e+00
      42712    129.407     2.8166     2.8119   3.105621   3.105148     1.9507     2.3252      8.016     0.9257    -1.5102 1.0715e-01     0.0757    98.1248     6.4993     6.6749    34.3845    34.3836    27.4102    27.4099    7.51139 0.0000e+00
      42715    129.291     2.8167     2.8120   3.105619   3.105181     1.9499     2.3248      8.016     0.9460    -1.5891 1.0727e-01     0.0757    98.1248     6.4949     6.6723    34.3843    34.3840    27.4101    27.4102    7.51137 0.0000e+00
      42718    129.173     2.8162     2.8118   3.105564   3.105102     1.9507     2.3256      8.016     0.9358    -1.5891 1.0715e-01     0.0757    98.1248     6.4966     6.6729    34.3843    34.3834    27.4101    27.4097    7.51147 0.0000e+00
      42721    129.057     2.8150     2.8110   3.105336   3.104943     1.9503     2.3248      8.016     0.9358   392.2538 1.0715e-01     0.0757    98.1248     6.4930     6.6714    34.3828    34.3823    27.4090    27.4090    7.51176 0.0000e+00
      42724    128.940     2.8131     2.8096   3.105126   3.104804     1.9499     2.3256      8.016     0.9358   481.9106 1.0715e-01     0.0764    98.1074     6.4907     6.6773    34.3823    34.3822    27.4088    27.4090    7.51214 0.0000e+00
      42727    128.821     2.8114     2.8084   3.104920   3.104609     1.9491     2.3252      8.016     0.9460   480.9631 1.0727e-01     0.0761    98.1161     6.4884     6.6761    34.3818    34.3811    27.4085    27.4082    7.51251 0.0000e+00
      42730    128.701     2.8058     2.8058   3.104124   3.104281     1.9491     2.3248      8.016     0.9257   481.2790 1.0715e-01     0.0757    98.1248     6.4883     6.6773    34.3780    34.3800    27.4059    27.4076    7.51374 0.0000e+00
      42733    128.581     2.7982     2.7990   3.103271   3.103479     1.9495     2.3244      8.016     0.9460   481.2395 1.0715e-01     0.0764    98.1074     6.4916     6.6801    34.3758    34.3774    27.4049    27.4061    7.51530 0.0000e+00
      42736    128.461     2.7899     2.7907   3.102374   3.102569     1.9495     2.3248      8.016     0.9460   481.2395 1.0727e-01     0.0768    98.0987     6.4929     6.6860    34.3736    34.3752    27.4039    27.4051    7.51697 0.0000e+00
      42739    128.341     2.7832     2.7840   3.101757   3.101880     1.9491     2.3244      8.016     0.9257   481.2395 1.0727e-01     0.0761    98.1161     6.4929     6.6863    34.3733    34.3741    27.4043    27.4048    7.51825 0.0000e+00
      42742    128.219     2.7801     2.7781   3.101483   3.101242     1.9495     2.3248      8.016     0.9358   481.2395 1.0715e-01     0.0771    98.0900     6.4976     6.6897    34.3734    34.3726    27.4046    27.4041    7.51884 0.0000e+00
      42745    128.094     2.7808     2.7753   3.101547   3.100953     1.9486     2.3252      8.016     0.9460   421.5077 1.0715e-01     0.0768    98.0987     6.4980     6.6921    34.3735    34.3721    27.4046    27.4040    7.51871 0.0000e+00
      42748    127.963     2.7804     2.7730   3.101594   3.100754     1.9499     2.3256      8.016     0.9460    14.1630 1.0715e-01     0.0768    98.0987     6.5078     6.6954    34.3745    34.3722    27.4055    27.4042    7.51872 0.0000e+00
      42751    127.830     2.7790     2.7723   3.101275   3.100569     1.9486     2.3248      8.016     0.9358     0.1479 1.0715e-01     0.0764    98.1074     6.5012     6.6974    34.3722    34.3708    27.4037    27.4032    7.51910 0.0000e+00
      42754    127.704     2.7731     2.7700   3.100538   3.100300     1.9486     2.3252      8.016     0.9460     2.1614 1.0715e-01     0.0768    98.0987     6.5001     6.7014    34.3696    34.3700    27.4022    27.4028    7.52037 0.0000e+00
      42757    127.576     2.7694     2.7667   3.100044   3.099870     1.9486     2.3248      8.016     0.9358     2.0429 1.0715e-01     0.0768    98.0987     6.4998     6.7016    34.3675    34.3684    27.4008    27.4017    7.52116 0.0000e+00
      42760    127.445     2.7631     2.7622   3.099353   3.099312     1.9482     2.3256      8.016     0.9663     2.0429 1.0715e-01     0.0768    98.0987     6.4996     6.7029    34.3659    34.3664    27.4000    27.4006    7.52244 0.0000e+00
      42763    127.309     2.7572     2.7571   3.098656   3.098752     1.9486     2.3256      8.016     0.9663     2.0429 1.0715e-01     0.0768    98.0987     6.5028     6.7007    34.3637    34.3650    27.3988    27.3999    7.52366 0.0000e+00
      42766    127.175     2.7483     2.7514   3.097550   3.098073     1.9495     2.3252      8.016     0.9663     2.0429 1.0715e-01     0.0764    98.1074     6.5088     6.6969    34.3597    34.3628    27.3965    27.3987    7.52556 0.0000e+00
      42769    127.048     2.7413     2.7444   3.096903   3.097220     1.9495     2.3248      8.016     0.9562     2.0429 1.0715e-01     0.0768    98.0987     6.5108     6.6956    34.3593    34.3599    27.3968    27.3970    7.52690 0.0000e+00
      42772    126.918     2.7370     2.7375   3.096434   3.096493     1.9491     2.3260      8.016     0.9663     3.4642 1.0715e-01     0.0768    98.0987     6.5097     6.7027    34.3582    34.3585    27.3963    27.3964    7.52777 0.0000e+00
      42775    126.784     2.7329     2.7349   3.096006   3.096259     1.9482     2.3272      8.016     0.9765     6.1487 1.0715e-01     0.0768    98.0987     6.5097     6.7061    34.3575    34.3584    27.3961    27.3966    7.52860 0.0000e+00
      42778    126.659     2.7327     2.7314   3.096001   3.095803     1.9482     2.3260      8.016     0.9562     6.0698 1.0715e-01     0.0768    98.0987     6.5075     6.6999    34.3576    34.3567    27.3962    27.3955    7.52861 0.0000e+00
      42781    126.531     2.7290     2.7268   3.095445   3.095258     1.9482     2.3264      8.016     0.9562     6.0698 1.0715e-01     0.0768    98.0987     6.5080     6.6993    34.3549    34.3549    27.3943    27.3945    7.52946 0.0000e+00
      42784    126.412     2.7238     2.7224   3.094866   3.094871     1.9486     2.3248      8.016     0.9562     6.0698 1.0715e-01     0.0768    98.0987     6.5105     6.6924    34.3534    34.3550    27.3936    27.3950    7.53052 0.0000e+00
      42787    126.296     2.7213     2.7210   3.094695   3.094636     1.9482     2.3248      8.016     0.9460     6.0698 1.0715e-01     0.0768    98.0987     6.5085     6.6924    34.3540    34.3537    27.3943    27.3941    7.53096 0.0000e+00
      42790    126.183     2.7188     2.7183   3.094395   3.094354     1.9486     2.3248      8.016     0.9460     6.0698 1.0715e-01     0.0768    98.0987     6.5117     6.6917    34.3531    34.3531    27.3938    27.3938    7.53149 0.0000e+00
      42793    126.072     2.7172     2.7185   3.094087   3.094388     1.9482     2.3260      8.016     0.9257     6.0698 1.0715e-01     0.0764    98.1074     6.5136     6.6946    34.3512    34.3534    27.3924    27.3940    7.53190 0.0000e+00
      42796    125.964     2.7130     2.7154   3.093662   3.094228     1.9491     2.3260      8.016     0.9358     6.0698 1.0715e-01     0.0764    98.1074     6.5211     6.6940    34.3504    34.3549    27.3921    27.3955    7.53272 0.0000e+00
      42799    125.862     2.7102     2.7219   3.093525   3.095122     1.9482     2.3248      8.016     0.9358   304.3339 1.0715e-01     0.0768    98.0987     6.5176     6.6902    34.3518    34.3589    27.3935    27.3981    7.53319 0.0000e+00
      42802    125.767     2.7099     2.7243   3.093531   3.095293     1.9478     2.3248      8.016     0.9358   481.7527 1.0715e-01     0.0768    98.0987     6.5139     6.6939    34.3523    34.3585    27.3938    27.3976    7.53322 0.0000e+00
      42805    125.681     2.7153     2.7226   3.094373   3.094888     1.9486     2.3248      8.016     0.9257   480.9632 1.0715e-01     0.0768    98.0987     6.5182     6.6963    34.3568    34.3554    27.3971    27.3953    7.53196 0.0000e+00
      42808    125.600     2.7224     2.7203   3.095115   3.094839     1.9486     2.3252      8.016     0.9460   481.2790 1.0715e-01     0.0768    98.0987     6.5168     6.7013    34.3585    34.3573    27.3977    27.3970    7.53054 0.0000e+00
      42811    125.529     2.7157     2.7250   3.094269   3.095355     1.9482     2.3252      8.016     0.9562   481.2790 1.0715e-01     0.0771    98.0900     6.5155     6.6998    34.3552    34.3586    27.3957    27.3976    7.53197 0.0000e+00
      42814    125.462     2.7167     2.7266   3.093964   3.095638     1.9491     2.3252      8.016     0.9663   481.3184 1.0715e-01     0.0768    98.0987     6.5174     6.6987    34.3505    34.3605    27.3918    27.3990    7.53201 0.0000e+00
      42817    125.399     2.7036     2.7311   3.092528   3.095834     1.9486     2.3248      8.016     0.9663   481.2395 1.0715e-01     0.0768    98.0987     6.5194     6.6969    34.3469    34.3581    27.3901    27.3967    7.53469 0.0000e+00
      42820    125.344     2.6983     2.7313   3.092612   3.095929     1.9482     2.3252      8.016     0.9663   481.3184 1.0715e-01     0.0768    98.0987     6.5181     6.7006    34.3536    34.3591    27.3960    27.3975    7.53536 0.0000e+00
      42823    125.295     2.6930     2.7377   3.091658   3.096802     1.9482     2.3256      8.016     0.9663   474.2912 1.0715e-01     0.0771    98.0900     6.5209     6.7021    34.3476    34.3629    27.3916    27.4000    7.53666 0.0000e+00
      42826    125.253     2.6864     2.7427   3.090743   3.097193     1.9482     2.3252      8.016     0.9562    54.5106 1.0715e-01     0.0768    98.0987     6.5201     6.6986    34.3435    34.3624    27.3889    27.3991    7.53814 0.0000e+00
      42829    125.218     2.6851     2.7471   3.090755   3.097508     1.9495     2.3252      8.016     0.9765     0.1085 1.0715e-01     0.0764    98.1074     6.5239     6.6991    34.3450    34.3616    27.3902    27.3981    7.53830 0.0000e+00
      42832    125.189     2.6881     2.7439   3.090974   3.097095     1.9482     2.3264      8.016     0.9663     3.0299 1.0715e-01     0.0764    98.1074     6.5172     6.7029    34.3445    34.3599    27.3896    27.3970    7.53776 0.0000e+00
      42835    125.162     2.6883     2.7341   3.090798   3.096027     1.9482     2.3252      8.016     0.9765     2.8720 1.0715e-01     0.0768    98.0987     6.5171     6.7002    34.3421    34.3574    27.3877    27.3959    7.53784 0.0000e+00
      42869    125.014     2.6879     2.6973   3.090873   3.092083     1.9490     2.3248      8.016     0.9663     8.4385 1.0715e-01     0.0761    98.1161     6.5337     6.7034    34.3435    34.3484    27.3888    27.3919    7.53784 0.0000e+00
      42872    124.991     2.6895     2.6958   3.091064   3.091873     1.9486     2.3256      8.016     0.9663     8.5175 1.0715e-01     0.0764    98.1074     6.5303     6.7057    34.3442    34.3474    27.3892    27.3912    7.53750 0.0000e+00
      42875    124.964     2.6916     2.6923   3.091227   3.091370     1.9494     2.3260      8.016     0.9663     8.4780 1.0715e-01     0.0764    98.1074     6.5332     6.7068    34.3440    34.3450    27.3889    27.3897    7.53712 0.0000e+00
      42878    124.929     2.6922     2.6885   3.091277   3.091055     1.9494     2.3264      8.016     0.9562   378.6335 1.0715e-01     0.0764    98.1074     6.5293     6.7109    34.3440    34.3453    27.3888    27.3901    7.53701 0.0000e+00
      42881    124.889     2.6916     2.6884   3.091286   3.091073     1.9494     2.3260      8.016     0.9765   481.9501 1.0715e-01     0.0768    98.0987     6.5270     6.7101    34.3448    34.3456    27.3895    27.3904    7.53708 0.0000e+00
      42884    124.839     2.6914     2.6879   3.091205   3.090974     1.9494     2.3260      8.016     0.9663   480.9631 1.0727e-01     0.0764    98.1074     6.5236     6.7081    34.3440    34.3449    27.3888    27.3899    7.53715 0.0000e+00
      42887    124.781     2.6902     2.6878   3.091099   3.090909     1.9490     2.3260      8.016     0.9765   481.2395 1.0715e-01     0.0757    98.1248     6.5211     6.7068    34.3441    34.3442    27.3891    27.3894    7.53739 0.0000e+00
      42890    124.713     2.6893     2.6860   3.091064   3.090720     1.9494     2.3260      8.016     0.9460   481.2395 1.0727e-01     0.0757    98.1248     6.5235     6.7103    34.3446    34.3439    27.3896    27.3893    7.53753 0.0000e+00
