Datasets/AZMP/HUD120/hud120_2020_070.cnv
* Sea-Bird SBE 9 Data File:
* FileName = C:\CTDDATA\hud120_2020_070.hex
* Software Version Seasave V 7.26.7.110
* Temperature SN = 1697
* Conductivity SN = 4216
* Number of Bytes Per Scan = 30
* Number of Voltage Words = 4
* Number of Scans Averaged by the Deck Unit = 1
* NMEA baud rate = 4800
** VESSEL/TRIP/SEQ STN:  hud120_2020_070
** LATITUDE XX XX.XX: 47 00.00 N
** LONGITUDE XX XX.XX: 048 07.00 W
** SOUNDING DEPTH (M): 0137
** PROBE TYPE: S1146
** CTD NUMBER: 049
** FORMAT: V
** COMMENTS (14 CHAR): FC-12
** BOTTLES:  9
** LEVELS: 5,10,20,30,40,50,75,100,BTM
** STICKERS: 439844 - 439852
** VNET: Y
** DO2: N
# nquan = 22
# nvalues = 2264                        
# units = specified
# name 0 = scan: Scan Count
# name 1 = prDM: Pressure, Digiquartz [db]
# name 2 = t090C: Temperature [ITS-90, deg C]
# name 3 = t190C: Temperature, 2 [ITS-90, deg C]
# name 4 = c0S/m: Conductivity [S/m]
# name 5 = c1S/m: Conductivity, 2 [S/m]
# name 6 = sbeox0V: Oxygen raw, SBE 43 [V]
# name 7 = sbeox1V: Oxygen raw, SBE 43, 2 [V]
# name 8 = ph: pH
# name 9 = flECO-AFL: Fluorescence, WET Labs ECO-AFL/FL [mg/m^3]
# name 10 = wetCDOM: Fluorescence, WET Labs CDOM [mg/m^3]
# name 11 = par/sat/log: PAR/Logarithmic, Satlantic [umol photons/m^2/sec]
# name 12 = CStarAt0: Beam Attenuation, WET Labs C-Star [1/m]
# name 13 = CStarTr0: Beam Transmission, WET Labs C-Star [%]
# name 14 = sbeox0ML/L: Oxygen, SBE 43 [ml/l], WS = 2
# name 15 = sbeox1ML/L: Oxygen, SBE 43, 2 [ml/l], WS = 2
# name 16 = sal00: Salinity, Practical [PSU]
# name 17 = sal11: Salinity, Practical, 2 [PSU]
# name 18 = sigma-t00: Density [sigma-t, kg/m^3 ]
# name 19 = sigma-t11: Density, 2 [sigma-t, kg/m^3 ]
# name 20 = oxsatML/L: Oxygen Saturation, Weiss [ml/l]
# name 21 = flag: flag
# span 0 =          2,      26302       
# span 1 =      3.482,    131.797       
# span 2 =    -0.5206,     6.6890       
# span 3 =    -0.5260,     6.6860       
# span 4 =   2.710306,   3.222187       
# span 5 =   2.709882,   3.221728       
# span 6 =     1.8653,     2.2714       
# span 7 =     2.2043,     2.7175       
# span 8 =      7.948,      8.134       
# span 9 =     0.9765,     6.2676       
# span 10 =    -2.8130,   482.1870      
# span 11 = 1.0678e-01, 6.4638e+00      
# span 12 =     0.0686,     0.8851      
# span 13 =    80.1491,    98.2986      
# span 14 =     6.6602,     8.4916      
# span 15 =     6.6570,     8.7482      
# span 16 =    31.9242,    33.5731      
# span 17 =    31.9189,    33.5730      
# span 18 =    25.0382,    26.9457      
# span 19 =    25.0345,    26.9459      
# span 20 =    6.94789,    8.27145      
# span 21 = 0.0000e+00, 0.0000e+00      
# interval = scans: 3                   
# start_time = Nov 24 2020 18:41:51 [System UTC, header]
# bad_flag = -9.990e-29
*END*
[from data line 198]
       1150     29.700     2.5645     2.5610   2.930370   2.929999     2.1901     2.6081      8.108     5.8707   481.3579 1.6436e-01     0.1999    95.1259     7.6155     7.7475    32.5532    32.5522    25.9684    25.9679    7.65270 0.0000e+00
       1153     29.750     2.5662     2.5692   2.930516   2.930638     2.1909     2.6081      8.110     5.8707   481.3579 1.6078e-01     0.1999    95.1259     7.6162     7.7451    32.5532    32.5516    25.9683    25.9668    7.65237 0.0000e+00
       1156     29.795     2.5664     2.5738   2.930494   2.930920     2.1909     2.6085      8.110     5.8605   481.3579 1.5913e-01     0.1999    95.1259     7.6149     7.7455    32.5527    32.5504    25.9678    25.9654    7.65234 0.0000e+00
       1159     29.837     2.5712     2.5734   2.930899   2.930796     2.1889     2.6089      8.110     5.8707   481.3579 1.5213e-01     0.1999    95.1259     7.6045     7.7488    32.5528    32.5493    25.9675    25.9645    7.65142 0.0000e+00
       1162     29.874     2.5733     2.5669   2.931030   2.930472     2.1893     2.6068      8.108     5.8707   481.3579 1.5158e-01     0.1992    95.1433     7.6058     7.7395    32.5522    32.5519    25.9669    25.9672    7.65103 0.0000e+00
       1165     29.904     2.5655     2.5708   2.930577   2.930779     2.1901     2.6072      8.108     5.9724   481.3579 1.5729e-01     0.1999    95.1259     7.6112     7.7383    32.5546    32.5517    25.9694    25.9667    7.65242 0.0000e+00
       1168     29.928     2.5612     2.5682   2.930418   2.930599     2.1905     2.6081      8.110     6.1556   481.3579 1.5288e-01     0.1999    95.1259     7.6112     7.7406    32.5570    32.5521    25.9717    25.9672    7.65313 0.0000e+00
       1171     29.952     2.5609     2.5627   2.930304   2.930179     2.1905     2.6072      8.108     6.1353   326.3238 1.4628e-01     0.1995    95.1346     7.6116     7.7363    32.5559    32.5526    25.9708    25.9680    7.65324 0.0000e+00
       1193     30.057     2.5672     2.5642   2.930874   2.930542     2.1897     2.6048      8.108     5.7995   325.6131 1.4451e-01     0.1992    95.1433     7.6044     7.7198    32.5564    32.5554    25.9707    25.9702    7.65200 0.0000e+00
       1206     30.125     2.5699     2.5684   2.931186   2.930950     2.1897     2.6040      8.110     5.6265   481.3184 1.4178e-01     0.1988    95.1520     7.6017     7.7173    32.5575    32.5562    25.9714    25.9704    7.65142 0.0000e+00
       1209     30.154     2.5681     2.5684   2.931060   2.930911     2.1893     2.6036      8.108     5.6367   481.3579 1.4142e-01     0.1988    95.1520     7.6010     7.7202    32.5577    32.5556    25.9717    25.9701    7.65175 0.0000e+00
       1212     30.184     2.5669     2.5655   2.930940   2.930671     2.1889     2.6036      8.108     5.6061   481.3579 1.3503e-01     0.1984    95.1607     7.6003     7.7226    32.5575    32.5556    25.9716    25.9702    7.65201 0.0000e+00
       1215     30.219     2.5651     2.5618   2.930818   2.930405     2.1893     2.6032      8.108     5.6265   481.3579 1.3488e-01     0.1984    95.1607     7.6013     7.7228    32.5578    32.5561    25.9720    25.9709    7.65234 0.0000e+00
       1218     30.265     2.5639     2.5613   2.930746   2.930400     2.1884     2.6024      8.108     5.6265   481.3579 1.3503e-01     0.1988    95.1520     7.5980     7.7217    32.5582    32.5565    25.9724    25.9713    7.65256 0.0000e+00
       1221     30.322     2.5639     2.5617   2.930775   2.930447     2.1880     2.6028      8.108     5.6265   481.3579 1.3449e-01     0.1981    95.1694     7.5992     7.7229    32.5585    32.5566    25.9727    25.9714    7.65254 0.0000e+00
       1224     30.384     2.5655     2.5614   2.930960   2.930472     2.1880     2.6020      8.108     5.6163   227.7841 1.2435e-01     0.1977    95.1781     7.6059     7.7179    32.5590    32.5572    25.9730    25.9718    7.65219 0.0000e+00
       1227     30.447     2.5673     2.5610   2.931081   2.930450     2.1880     2.6020      8.108     5.6163     1.6087 1.2893e-01     0.1977    95.1781     7.6119     7.7169    32.5587    32.5574    25.9726    25.9720    7.65187 0.0000e+00
       1230     30.518     2.5658     2.5577   2.930959   2.930225     2.1884     2.6024      8.108     5.6265     9.2281 1.2175e-01     0.1977    95.1781     7.6188     7.7223    32.5587    32.5579    25.9726    25.9727    7.65216 0.0000e+00
       1233     30.594     2.5626     2.5562   2.930795   2.930201     2.1884     2.6020      8.108     5.6061     8.8333 1.1605e-01     0.1977    95.1781     7.6236     7.7209    32.5598    32.5590    25.9738    25.9737    7.65271 0.0000e+00
       1236     30.680     2.5614     2.5561   2.930799   2.930244     2.1880     2.6020      8.108     5.6265     8.7938 1.2184e-01     0.1977    95.1781     7.6222     7.7227    32.5611    32.5597    25.9750    25.9743    7.65290 0.0000e+00
       1239     30.775     2.5612     2.5559   2.930823   2.930243     2.1880     2.6020      8.108     5.6265     8.7938 1.1983e-01     0.1988    95.1520     7.6206     7.7248    32.5615    32.5598    25.9753    25.9743    7.65291 0.0000e+00
       1242     30.880     2.5616     2.5581   2.930793   2.930353     2.1889     2.6016      8.108     5.6265     8.7938 1.1882e-01     0.1999    95.1259     7.6229     7.7254    32.5607    32.5589    25.9746    25.9734    7.65287 0.0000e+00
       1245     30.996     2.5610     2.5571   2.930810   2.930304     2.1897     2.6007      8.108     5.4637     8.7938 1.1727e-01     0.1999    95.1259     7.6212     7.7224    32.5615    32.5592    25.9752    25.9738    7.65295 0.0000e+00
       1248     31.119     2.5610     2.5557   2.930812   2.930240     2.1909     2.6003      8.108     5.4434     8.8333 1.1448e-01     0.1999    95.1259     7.6199     7.7225    32.5615    32.5598    25.9753    25.9743    7.65296 0.0000e+00
       1251     31.253     2.5607     2.5555   2.930819   2.930262     2.1901     2.6007      8.108     5.4637     2.0824 1.1106e-01     0.1999    95.1259     7.6104     7.7234    32.5617    32.5602    25.9755    25.9747    7.65299 0.0000e+00
       1254     31.401     2.5607     2.5558   2.930863   2.930291     2.1897     2.6011      8.108     5.4332     0.6611 1.1328e-01     0.1999    95.1259     7.6010     7.7239    32.5622    32.5601    25.9759    25.9746    7.65297 0.0000e+00
       1257     31.558     2.5612     2.5557   2.930915   2.930346     2.1897     2.6003      8.108     5.4535     0.7401 1.0840e-01     0.1999    95.1259     7.5941     7.7217    32.5623    32.5608    25.9759    25.9752    7.65287 0.0000e+00
       1260     31.718     2.5614     2.5564   2.930950   2.930422     2.1884     2.6007      8.108     5.4332     0.7401 1.0878e-01     0.2010    95.0998     7.5842     7.7227    32.5624    32.5610    25.9760    25.9753    7.65283 0.0000e+00
       1263     31.887     2.5615     2.5567   2.931017   2.930493     2.1880     2.6007      8.108     5.4434     0.7401 1.0715e-01     0.2021    95.0738     7.5759     7.7215    32.5630    32.5615    25.9764    25.9756    7.65277 0.0000e+00
       1266     32.060     2.5620     2.5569   2.931085   2.930508     2.1880     2.6011      8.108     5.4434     0.7401 1.0967e-01     0.2021    95.0738     7.5704     7.7247    32.5632    32.5614    25.9766    25.9755    7.65266 0.0000e+00
       1269     32.241     2.5611     2.5557   2.931039   2.930421     2.1868     2.5999      8.108     5.4128     0.7401 1.0954e-01     0.2021    95.0738     7.5624     7.7217    32.5635    32.5614    25.9768    25.9757    7.65282 0.0000e+00
       1272     32.429     2.5601     2.5550   2.930947   2.930423     2.1872     2.6007      8.108     5.2908     0.7401 1.0828e-01     0.2021    95.0738     7.5666     7.7239    32.5632    32.5620    25.9768    25.9762    7.65303 0.0000e+00
       1275     32.625     2.5595     2.5546   2.930964   2.930392     2.1868     2.5995      8.108     5.2806     2.8325 1.0715e-01     0.2017    95.0825     7.5671     7.7176    32.5640    32.5620    25.9774    25.9762    7.65311 0.0000e+00
       1278     32.823     2.5592     2.5544   2.930994   2.930395     2.1856     2.5995      8.108     5.3009    16.8870 1.0715e-01     0.2021    95.0738     7.5647     7.7177    32.5646    32.5621    25.9779    25.9763    7.65314 0.0000e+00
       1281     33.024     2.5592     2.5540   2.930986   2.930370     2.1864     2.5995      8.108     5.2806    16.9660 1.0715e-01     0.2003    95.1172     7.5692     7.7187    32.5643    32.5621    25.9777    25.9763    7.65315 0.0000e+00
       1284     33.228     2.5591     2.5540   2.931013   2.930399     2.1864     2.5987      8.108     5.3009    16.9660 1.0715e-01     0.1999    95.1259     7.5699     7.7157    32.5646    32.5623    25.9780    25.9765    7.65315 0.0000e+00
       1287     33.429     2.5590     2.5539   2.930994   2.930448     2.1860     2.5983      8.108     5.2908    16.9660 1.0715e-01     0.1999    95.1259     7.5682     7.7159    32.5645    32.5629    25.9778    25.9770    7.65319 0.0000e+00
       1290     33.634     2.5590     2.5540   2.931069   2.930469     2.1856     2.5995      8.108     5.2806    16.9660 1.0715e-01     0.1999    95.1259     7.5698     7.7221    32.5652    32.5630    25.9785    25.9770    7.65314 0.0000e+00
       1293     33.843     2.5588     2.5539   2.931058   2.930490     2.1856     2.5995      8.108     5.2908    16.9660 1.0715e-01     0.1999    95.1259     7.5758     7.7244    32.5652    32.5632    25.9784    25.9773    7.65318 0.0000e+00
       1296     34.047     2.5584     2.5532   2.931023   2.930481     2.1852     2.5987      8.108     5.3009    16.9660 1.0715e-01     0.1999    95.1259     7.5785     7.7251    32.5650    32.5637    25.9783    25.9777    7.65326 0.0000e+00
       1299     34.242     2.5575     2.5523   2.930983   2.930402     2.1848     2.5983      8.108     5.2908    16.9660 1.0715e-01     0.1999    95.1259     7.5837     7.7265    32.5654    32.5635    25.9787    25.9776    7.65343 0.0000e+00
       1302     34.430     2.5565     2.5513   2.930949   2.930367     2.1840     2.5987      8.108     5.2908   185.3046 1.0715e-01     0.2014    95.0911     7.5861     7.7297    32.5659    32.5640    25.9792    25.9781    7.65360 0.0000e+00
       1305     34.608     2.5558     2.5504   2.930918   2.930314     2.1836     2.5987      8.108     5.2908   482.1870 1.0715e-01     0.2010    95.0998     7.5887     7.7316    32.5661    32.5643    25.9794    25.9784    7.65372 0.0000e+00
       1308     34.777     2.5536     2.5481   2.930750   2.930164     2.1832     2.5983      8.108     5.2806   481.1606 1.0715e-01     0.2014    95.0911     7.5937     7.7332    32.5662    32.5647    25.9797    25.9788    7.65414 0.0000e+00
       1311     34.937     2.5509     2.5456   2.930602   2.930031     2.1836     2.5987      8.108     5.2908   481.3184 1.0715e-01     0.2010    95.0998     7.5990     7.7354    32.5671    32.5654    25.9806    25.9797    7.65463 0.0000e+00
       1314     35.081     2.5497     2.5448   2.930561   2.930008     2.1848     2.5983      8.108     5.3009   481.3579 1.0715e-01     0.2021    95.0738     7.6065     7.7348    32.5677    32.5659    25.9812    25.9801    7.65482 0.0000e+00
       1317     35.215     2.5493     2.5445   2.930526   2.930006     2.1852     2.5987      8.108     5.2908   481.3579 1.0715e-01     0.2017    95.0825     7.6088     7.7389    32.5676    32.5661    25.9811    25.9803    7.65490 0.0000e+00
       1320     35.337     2.5464     2.5433   2.930393   2.929966     2.1852     2.5991      8.108     5.3009   481.3579 1.0715e-01     0.2017    95.0825     7.6082     7.7438    32.5689    32.5668    25.9824    25.9809    7.65540 0.0000e+00
       1323     35.446     2.5460     2.5427   2.930392   2.929949     2.1856     2.5983      8.108     5.1483   481.3579 1.0715e-01     0.2014    95.0911     7.6070     7.7428    32.5692    32.5671    25.9827    25.9812    7.65547 0.0000e+00
       1326     35.541     2.5455     2.5430   2.930353   2.929918     2.1860     2.5991      8.108     5.0872   481.3579 1.0715e-01     0.2010    95.0998     7.6074     7.7458    32.5691    32.5664    25.9827    25.9807    7.65556 0.0000e+00
       1329     35.623     2.5434     2.5393   2.930272   2.929741     2.1856     2.5983      8.108     5.0872   185.1072 1.0715e-01     0.2010    95.0998     7.6021     7.7440    32.5703    32.5680    25.9838    25.9822    7.65592 0.0000e+00
       1332     35.695     2.5415     2.5353   2.930157   2.929557     2.1856     2.5995      8.108     5.0872    11.0047 1.0715e-01     0.2010    95.0998     7.5971     7.7492    32.5708    32.5698    25.9843    25.9839    7.65626 0.0000e+00
       1335     35.758     2.5400     2.5337   2.930115   2.929479     2.1844     2.5987      8.108     5.0771    18.5057 1.0715e-01     0.2010    95.0998     7.5883     7.7457    32.5718    32.5704    25.9852    25.9846    7.65650 0.0000e+00
       1338     35.811     2.5405     2.5340   2.930184   2.929533     2.1848     2.5995      8.108     5.0872    18.1504 1.0715e-01     0.2010    95.0998     7.5848     7.7473    32.5720    32.5707    25.9854    25.9848    7.65638 0.0000e+00
       1341     35.852     2.5401     2.5353   2.930176   2.929575     2.1836     2.5991      8.108     5.0974    18.1504 1.0715e-01     0.2014    95.0911     7.5791     7.7432    32.5723    32.5699    25.9856    25.9840    7.65644 0.0000e+00
       1344     35.885     2.5397     2.5348   2.930153   2.929555     2.1832     2.5995      8.108     5.0974    18.1504 1.0715e-01     0.2010    95.0998     7.5778     7.7455    32.5725    32.5701    25.9858    25.9843    7.65653 0.0000e+00
       1392     35.913     2.5417     2.5379   2.930433   2.929918     2.1832     2.5979      8.105     5.4535   326.8765 1.0715e-01     0.2032    95.0477     7.5778     7.7228    32.5739    32.5714    25.9867    25.9851    7.65607 0.0000e+00
       1417     35.985     2.5436     2.5389   2.930687   2.930103     2.1836     2.5963      8.106     5.6469   481.3579 1.0715e-01     0.2043    95.0216     7.5801     7.7075    32.5750    32.5726    25.9875    25.9859    7.65564 0.0000e+00
       1420     36.076     2.5435     2.5390   2.930720   2.930178     2.1836     2.5971      8.106     5.6571   481.3579 1.0715e-01     0.2043    95.0216     7.5798     7.7115    32.5755    32.5734    25.9879    25.9866    7.65564 0.0000e+00
       1423     36.178     2.5439     2.5407   2.931009   2.930387     2.1823     2.5967      8.106     5.6571   481.3579 1.0715e-01     0.2006    95.1085     7.5733     7.7110    32.5785    32.5741    25.9902    25.9870    7.65539 0.0000e+00
       1426     36.294     2.5452     2.5394   2.931109   2.930380     2.1823     2.5959      8.106     5.5655   481.3579 1.0715e-01     0.1999    95.1259     7.5673     7.7082    32.5784    32.5754    25.9900    25.9881    7.65514 0.0000e+00
       1429     36.430     2.5440     2.5391   2.930945   2.930405     2.1815     2.5959      8.105     5.0567   481.3579 1.0715e-01     0.1999    95.1259     7.5588     7.7088    32.5775    32.5759    25.9894    25.9886    7.65542 0.0000e+00
       1432     36.583     2.5438     2.5390   2.931024   2.930400     2.1824     2.5971      8.106     5.0466   481.3579 1.0715e-01     0.1999    95.1259     7.5624     7.7132    32.5785    32.5758    25.9903    25.9885    7.65540 0.0000e+00
       1435     36.753     2.5450     2.5396   2.931203   2.930530     2.1819     2.5955      8.106     5.0466   481.3579 1.0715e-01     0.1999    95.1259     7.5621     7.7050    32.5794    32.5767    25.9909    25.9892    7.65513 0.0000e+00
       1438     36.936     2.5464     2.5416   2.931393   2.930794     2.1819     2.5955      8.106     5.0669   481.3579 1.0715e-01     0.1999    95.1259     7.5612     7.7024    32.5803    32.5778    25.9915    25.9899    7.65481 0.0000e+00
