Datasets/AZMP/HUD120/hud120_2020_029.cnv
* Sea-Bird SBE 9 Data File:
* FileName = C:\CTDDATA\hud120_2020_029.hex
* Software Version Seasave V 7.26.7.110
* Temperature SN = 1697
* Conductivity SN = 4216
* Number of Bytes Per Scan = 30
* Number of Voltage Words = 4
* Number of Scans Averaged by the Deck Unit = 1
* NMEA baud rate = 4800
** VESSEL/TRIP/SEQ STN:  hud120_2020_029
** LATITUDE XX XX.XX: 42 51.00 N
** LONGITUDE XX XX.XX: 049 53.20 W
** SOUNDING DEPTH (M): 0402
** PROBE TYPE: S1146
** CTD NUMBER: 019
** FORMAT: V
** COMMENTS (14 CHAR): SEGB-15
** BOTTLES:  11
** LEVELS: 5,10,20,30,40,50,75,100,150,250,BTM
** STICKERS: 439630 - 439640
** VNET: Y
** DO2: N
# nquan = 22
# nvalues = 7144                        
# units = specified
# name 0 = scan: Scan Count
# name 1 = prDM: Pressure, Digiquartz [db]
# name 2 = t090C: Temperature [ITS-90, deg C]
# name 3 = t190C: Temperature, 2 [ITS-90, deg C]
# name 4 = c0S/m: Conductivity [S/m]
# name 5 = c1S/m: Conductivity, 2 [S/m]
# name 6 = sbeox0V: Oxygen raw, SBE 43 [V]
# name 7 = sbeox1V: Oxygen raw, SBE 43, 2 [V]
# name 8 = ph: pH
# name 9 = flECO-AFL: Fluorescence, WET Labs ECO-AFL/FL [mg/m^3]
# name 10 = wetCDOM: Fluorescence, WET Labs CDOM [mg/m^3]
# name 11 = par/sat/log: PAR/Logarithmic, Satlantic [umol photons/m^2/sec]
# name 12 = CStarAt0: Beam Attenuation, WET Labs C-Star [1/m]
# name 13 = CStarTr0: Beam Transmission, WET Labs C-Star [%]
# name 14 = sbeox0ML/L: Oxygen, SBE 43 [ml/l], WS = 2
# name 15 = sbeox1ML/L: Oxygen, SBE 43, 2 [ml/l], WS = 2
# name 16 = sal00: Salinity, Practical [PSU]
# name 17 = sal11: Salinity, Practical, 2 [PSU]
# name 18 = sigma-t00: Density [sigma-t, kg/m^3 ]
# name 19 = sigma-t11: Density, 2 [sigma-t, kg/m^3 ]
# name 20 = oxsatML/L: Oxygen Saturation, Weiss [ml/l]
# name 21 = flag: flag
# span 0 =          2,      54266       
# span 1 =      0.200,    409.569       
# span 2 =     0.1389,     8.7071       
# span 3 =     0.1323,     8.6993       
# span 4 =   2.801645,   3.468979       
# span 5 =   2.801176,   3.468042       
# span 6 =     1.8870,     2.2562       
# span 7 =     2.2281,     2.6887       
# span 8 =      7.927,      8.152       
# span 9 =     0.8850,     6.2472       
# span 10 =    -2.8130,   482.1870      
# span 11 = 1.0703e-01, 1.9602e+00      
# span 12 =     0.0683,     0.2651      
# span 13 =    93.5874,    98.3073      
# span 14 =     6.3179,     7.4847      
# span 15 =     6.1152,     7.6349      
# span 16 =    32.2247,    34.6542      
# span 17 =    30.5814,    34.6545      
# span 18 =    25.2453,    27.5710      
# span 19 =    23.7402,    27.5717      
# span 20 =    6.59912,    8.10061      
# span 21 = 0.0000e+00, 0.0000e+00      
# interval = scans: 3                   
# start_time = Nov 19 2020 04:42:41 [System UTC, header]
# bad_flag = -9.990e-29
*END*
[from data line 2700]
       9186    323.802     3.1476     3.1428   3.156905   3.156503     1.8907     2.2347      7.938     0.9460    -0.3653 1.0715e-01     0.0896    97.7858     6.3314     6.4563    34.5489    34.5491    27.5113    27.5119    7.44110 0.0000e+00
       9189    323.962     3.1476     3.1428   3.156911   3.156506     1.8907     2.2347      7.938     0.9358    -0.3258 1.0715e-01     0.0896    97.7858     6.3365     6.4587    34.5489    34.5490    27.5113    27.5119    7.44110 0.0000e+00
       9192    324.121     3.1475     3.1426   3.156919   3.156528     1.8907     2.2347      7.938     0.9460    -0.3258 1.0715e-01     0.0896    97.7858     6.3404     6.4586    34.5489    34.5494    27.5114    27.5122    7.44111 0.0000e+00
       9195    324.277     3.1468     3.1420   3.156769   3.156464     1.8907     2.2347      7.938     0.9358    -0.3258 1.0715e-01     0.0899    97.7771     6.3446     6.4601    34.5478    34.5492    27.5105    27.5121    7.44130 0.0000e+00
       9198    324.428     3.1464     3.1417   3.156778   3.156456     1.8924     2.2347      7.938     0.9257    -0.3258 1.0715e-01     0.0910    97.7510     6.3548     6.4606    34.5482    34.5493    27.5109    27.5122    7.44134 0.0000e+00
       9201    324.575     3.1469     3.1414   3.156873   3.156393     1.8916     2.2343      7.938     0.9257    -0.3258 1.0727e-01     0.0906    97.7597     6.3539     6.4578    34.5488    34.5488    27.5113    27.5118    7.44123 0.0000e+00
       9204    324.716     3.1466     3.1416   3.156871   3.156436     1.8907     2.2360      7.938     0.9460    -0.3653 1.0727e-01     0.0910    97.7510     6.3522     6.4621    34.5490    34.5490    27.5116    27.5120    7.44128 0.0000e+00
       9207    324.849     3.1473     3.1418   3.156980   3.156486     1.8916     2.2351      7.940     0.9562     0.2269 1.0715e-01     0.0910    97.7510     6.3588     6.4575    34.5495    34.5493    27.5119    27.5122    7.44112 0.0000e+00
       9210    324.975     3.1473     3.1419   3.156967   3.156497     1.8924     2.2351      7.938     0.9460     0.5032 1.0715e-01     0.0910    97.7510     6.3624     6.4581    34.5493    34.5493    27.5117    27.5122    7.44113 0.0000e+00
       9213    325.094     3.1475     3.1418   3.156976   3.156494     1.8916     2.2351      7.938     0.9358     0.5032 1.0715e-01     0.0906    97.7597     6.3576     6.4593    34.5491    34.5493    27.5115    27.5122    7.44109 0.0000e+00
       9216    325.205     3.1471     3.1418   3.156986   3.156474     1.8916     2.2347      7.938     0.9358     0.4637 1.0715e-01     0.0913    97.7423     6.3547     6.4573    34.5495    34.5490    27.5119    27.5120    7.44115 0.0000e+00
       9219    325.309     3.1471     3.1419   3.156965   3.156476     1.8924     2.2360      7.938     0.9460     0.5032 1.0715e-01     0.0917    97.7336     6.3580     6.4630    34.5493    34.5489    27.5116    27.5119    7.44116 0.0000e+00
       9222    325.401     3.1473     3.1418   3.157007   3.156507     1.8916     2.2347      7.940     0.9358     0.5032 1.0715e-01     0.0917    97.7336     6.3533     6.4585    34.5495    34.5493    27.5119    27.5122    7.44112 0.0000e+00
       9225    325.487     3.1469     3.1420   3.156933   3.156569     1.8924     2.2356      7.938     0.9257     0.5032 1.0715e-01     0.0917    97.7336     6.3604     6.4608    34.5490    34.5498    27.5115    27.5126    7.44121 0.0000e+00
       9228    325.562     3.1471     3.1419   3.156962   3.156559     1.8928     2.2343      7.940     0.9358     0.5032 1.0715e-01     0.0917    97.7336     6.3606     6.4580    34.5491    34.5497    27.5115    27.5125    7.44117 0.0000e+00
       9231    325.627     3.1472     3.1424   3.157026   3.156616     1.8928     2.2351      7.940     0.9358     0.5032 1.0715e-01     0.0917    97.7336     6.3582     6.4618    34.5497    34.5499    27.5120    27.5126    7.44112 0.0000e+00
       9234    325.680     3.1476     3.1426   3.157038   3.156630     1.8928     2.2360      7.938     0.9257     0.5032 1.0715e-01     0.0917    97.7336     6.3597     6.4654    34.5494    34.5498    27.5117    27.5125    7.44106 0.0000e+00
       9237    325.722     3.1478     3.1428   3.157042   3.156629     1.8920     2.2356      7.938     0.9358     0.5032 1.0715e-01     0.0917    97.7336     6.3579     6.4646    34.5492    34.5495    27.5116    27.5123    7.44104 0.0000e+00
       9240    325.754     3.1478     3.1429   3.157023   3.156625     1.8924     2.2356      7.938     0.9460     0.4637 1.0715e-01     0.0913    97.7423     6.3572     6.4632    34.5490    34.5494    27.5114    27.5122    7.44105 0.0000e+00
       9288    325.803     3.1468     3.1399   3.156945   3.156320     1.8924     2.2343      7.938     0.9663    -0.2863 1.0715e-01     0.0903    97.7684     6.3434     6.4433    34.5490    34.5489    27.5115    27.5121    7.44123 0.0000e+00
       9312    325.874     3.1470     3.1395   3.157011   3.156307     1.8928     2.2335      7.940     0.9663    -1.5102 1.0715e-01     0.0896    97.7858     6.3388     6.4319    34.5496    34.5491    27.5120    27.5123    7.44117 0.0000e+00
       9315    325.968     3.1470     3.1403   3.156944   3.156409     1.8928     2.2339      7.940     0.9562    -1.6681 1.0727e-01     0.0896    97.7858     6.3390     6.4349    34.5488    34.5494    27.5113    27.5124    7.44121 0.0000e+00
       9318    326.070     3.1471     3.1416   3.156998   3.156528     1.8940     2.2335      7.940     0.9663    -1.6286 1.0715e-01     0.0903    97.7684     6.3428     6.4350    34.5493    34.5494    27.5117    27.5123    7.44117 0.0000e+00
       9321    326.187     3.1477     3.1423   3.157055   3.156626     1.8932     2.2335      7.940     0.9765    -1.6286 1.0715e-01     0.0899    97.7771     6.3389     6.4377    34.5492    34.5498    27.5116    27.5126    7.44105 0.0000e+00
       9324    326.323     3.1475     3.1429   3.157076   3.156660     1.8920     2.2335      7.940     0.9663    -1.6286 1.0715e-01     0.0899    97.7771     6.3337     6.4392    34.5497    34.5496    27.5119    27.5123    7.44107 0.0000e+00
       9327    326.472     3.1477     3.1429   3.157093   3.156664     1.8924     2.2327      7.940     0.9358    -1.7076 1.0715e-01     0.0896    97.7858     6.3373     6.4359    34.5495    34.5495    27.5119    27.5122    7.44104 0.0000e+00
       9330    326.635     3.1479     3.1429   3.157096   3.156693     1.8928     2.2323      7.940     0.9460    -1.6681 1.0715e-01     0.0899    97.7771     6.3403     6.4354    34.5492    34.5497    27.5116    27.5124    7.44101 0.0000e+00
       9333    326.815     3.1481     3.1432   3.157127   3.156707     1.8920     2.2331      7.940     0.9358    -1.6286 1.0715e-01     0.0903    97.7684     6.3366     6.4406    34.5493    34.5495    27.5117    27.5122    7.44098 0.0000e+00
       9336    327.011     3.1481     3.1432   3.157154   3.156734     1.8920     2.2331      7.940     0.9460    60.2745 1.0715e-01     0.0903    97.7684     6.3353     6.4410    34.5496    34.5497    27.5118    27.5124    7.44097 0.0000e+00
       9339    327.221     3.1483     3.1432   3.157171   3.156729     1.8916     2.2335      7.938     0.9358   467.2244 1.0715e-01     0.0896    97.7858     6.3333     6.4426    34.5495    34.5495    27.5118    27.5122    7.44094 0.0000e+00
       9342    327.440     3.1481     3.1431   3.157155   3.156737     1.8916     2.2335      7.941     0.9358   481.5159 1.0715e-01     0.0896    97.7858     6.3341     6.4429    34.5494    34.5496    27.5117    27.5123    7.44098 0.0000e+00
       9345    327.674     3.1481     3.1432   3.157189   3.156759     1.8920     2.2335      7.940     0.9358   481.2000 1.0715e-01     0.0896    97.7858     6.3397     6.4451    34.5496    34.5496    27.5119    27.5123    7.44096 0.0000e+00
       9348    327.917     3.1483     3.1432   3.157189   3.156758     1.8924     2.2327      7.938     0.9358   481.2790 1.0727e-01     0.0896    97.7858     6.3420     6.4434    34.5493    34.5495    27.5116    27.5122    7.44094 0.0000e+00
       9351    328.167     3.1482     3.1431   3.157213   3.156781     1.8928     2.2323      7.938     0.9460   481.2790 1.0715e-01     0.0896    97.7858     6.3423     6.4423    34.5495    34.5498    27.5118    27.5125    7.44094 0.0000e+00
       9354    328.428     3.1485     3.1429   3.157225   3.156801     1.8920     2.2323      7.938     0.9765   481.3579 1.0715e-01     0.0899    97.7771     6.3403     6.4418    34.5492    34.5501    27.5115    27.5127    7.44090 0.0000e+00
       9357    328.696     3.1473     3.1428   3.157123   3.156771     1.8920     2.2331      7.940     0.9562   481.3184 1.0715e-01     0.0903    97.7684     6.3428     6.4451    34.5491    34.5496    27.5115    27.5124    7.44113 0.0000e+00
       9360    328.971     3.1464     3.1419   3.157011   3.156622     1.8916     2.2323      7.940     0.9765   481.3579 1.0715e-01     0.0917    97.7336     6.3403     6.4424    34.5485    34.5487    27.5112    27.5117    7.44133 0.0000e+00
       9363    329.267     3.1457     3.1410   3.156976   3.156580     1.8916     2.2323      7.940     0.9663   304.0971 1.0715e-01     0.0917    97.7336     6.3400     6.4459    34.5487    34.5490    27.5114    27.5120    7.44145 0.0000e+00
       9366    329.569     3.1458     3.1408   3.156968   3.156541     1.8916     2.2323      7.938     0.9663    -2.4972 1.0727e-01     0.0917    97.7336     6.3397     6.4492    34.5483    34.5485    27.5110    27.5116    7.44145 0.0000e+00
       9369    329.874     3.1460     3.1409   3.156976   3.156610     1.8916     2.2335      7.938     0.9663     3.6221 1.0715e-01     0.0917    97.7336     6.3401     6.4556    34.5481    34.5491    27.5109    27.5121    7.44143 0.0000e+00
       9372    330.175     3.1458     3.1414   3.157009   3.156649     1.8912     2.2323      7.940     0.9663     3.7405 1.0715e-01     0.0917    97.7336     6.3391     6.4556    34.5485    34.5489    27.5112    27.5119    7.44144 0.0000e+00
       9375    330.481     3.1454     3.1397   3.156947   3.156457     1.8916     2.2323      7.940     0.9663     3.7010 1.0715e-01     0.0917    97.7336     6.3406     6.4565    34.5480    34.5481    27.5108    27.5115    7.44154 0.0000e+00
       9378    330.786     3.1435     3.1386   3.156790   3.156392     1.8916     2.2331      7.940     0.9663     3.7010 1.0715e-01     0.0928    97.7075     6.3411     6.4585    34.5480    34.5484    27.5110    27.5118    7.44190 0.0000e+00
       9381    331.075     3.1430     3.1383   3.156758   3.156383     1.8916     2.2327      7.938     0.9257     3.7010 1.0715e-01     0.0928    97.7075     6.3433     6.4575    34.5480    34.5484    27.5111    27.5118    7.44200 0.0000e+00
       9384    331.355     3.1428     3.1384   3.156769   3.156396     1.8916     2.2331      7.941     0.9358     3.7010 1.0715e-01     0.0928    97.7075     6.3462     6.4608    34.5482    34.5484    27.5112    27.5118    7.44202 0.0000e+00
       9387    331.627     3.1435     3.1385   3.156819   3.156410     1.8912     2.2335      7.938     0.9460     3.7010 1.0715e-01     0.0928    97.7075     6.3441     6.4645    34.5479    34.5483    27.5109    27.5117    7.44191 0.0000e+00
       9390    331.881     3.1436     3.1385   3.156866   3.156442     1.8920     2.2331      7.938     0.9460     3.2273 1.0727e-01     0.0924    97.7162     6.3483     6.4628    34.5482    34.5485    27.5112    27.5119    7.44187 0.0000e+00
       9393    332.116     3.1437     3.1386   3.156864   3.156438     1.8920     2.2331      7.940     0.9358     2.9904 1.0715e-01     0.0924    97.7162     6.3494     6.4632    34.5479    34.5482    27.5109    27.5116    7.44186 0.0000e+00
       9396    332.329     3.1436     3.1385   3.156898   3.156466     1.8912     2.2339      7.938     0.9257     2.9904 1.0715e-01     0.0924    97.7162     6.3468     6.4673    34.5484    34.5485    27.5113    27.5119    7.44186 0.0000e+00
       9399    332.521     3.1434     3.1386   3.156897   3.156496     1.8904     2.2331      7.941     0.9257     2.9904 1.0715e-01     0.0935    97.6902     6.3441     6.4623    34.5485    34.5487    27.5114    27.5120    7.44190 0.0000e+00
       9402    332.692     3.1434     3.1384   3.156862   3.156464     1.8908     2.2331      7.938     0.9257     2.9904 1.0715e-01     0.0938    97.6815     6.3467     6.4619    34.5479    34.5485    27.5109    27.5119    7.44192 0.0000e+00
       9405    332.840     3.1434     3.1383   3.156920   3.156482     1.8920     2.2335      7.940     0.9155     2.9904 1.0715e-01     0.0938    97.6815     6.3531     6.4623    34.5485    34.5487    27.5114    27.5121    7.44188 0.0000e+00
       9408    332.967     3.1439     3.1385   3.156925   3.156482     1.8916     2.2339      7.940     0.8952     2.9904 1.0715e-01     0.0938    97.6815     6.3508     6.4612    34.5481    34.5484    27.5110    27.5118    7.44183 0.0000e+00
       9411    333.070     3.1433     3.1382   3.156923   3.156471     1.8912     2.2348      7.938     0.9155     2.9904 1.0715e-01     0.0938    97.6815     6.3506     6.4652    34.5485    34.5485    27.5115    27.5119    7.44190 0.0000e+00
       9414    333.150     3.1435     3.1384   3.156903   3.156521     1.8916     2.2335      7.938     0.8952     2.9904 1.0715e-01     0.0938    97.6815     6.3547     6.4598    34.5480    34.5489    27.5110    27.5122    7.44189 0.0000e+00
       9417    333.209     3.1435     3.1387   3.156941   3.156528     1.8916     2.2344      7.941     0.9053     2.2403 1.0715e-01     0.0938    97.6815     6.3572     6.4614    34.5485    34.5487    27.5114    27.5120    7.44187 0.0000e+00
       9420    333.249     3.1442     3.1390   3.157020   3.156568     1.8916     2.2335      7.940     0.8952     2.1614 1.0715e-01     0.0938    97.6815     6.3607     6.4602    34.5487    34.5487    27.5116    27.5120    7.44174 0.0000e+00
       9423    333.276     3.1450     3.1397   3.157121   3.156650     1.8920     2.2339      7.940     0.8952     2.1614 1.0715e-01     0.0935    97.6902     6.3591     6.4635    34.5490    34.5490    27.5117    27.5121    7.44156 0.0000e+00
       9470    333.300     3.1446     3.1407   3.157067   3.156734     1.8912     2.2348      7.938     0.8952     3.9379 1.0715e-01     0.0896    97.7858     6.3445     6.4599    34.5488    34.5489    27.5115    27.5120    7.44165 0.0000e+00
       9473    333.348     3.1449     3.1407   3.157091   3.156723     1.8916     2.2344      7.940     0.9053     3.9379 1.0715e-01     0.0896    97.7858     6.3443     6.4598    34.5488    34.5487    27.5115    27.5119    7.44161 0.0000e+00
       9476    333.402     3.1449     3.1405   3.157065   3.156704     1.8924     2.2339      7.940     0.8850     3.9379 1.0715e-01     0.0896    97.7858     6.3469     6.4582    34.5484    34.5487    27.5113    27.5119    7.44162 0.0000e+00
       9479    333.464     3.1445     3.1405   3.157057   3.156716     1.8916     2.2339      7.940     0.9155     3.9379 1.0715e-01     0.0896    97.7858     6.3461     6.4586    34.5487    34.5488    27.5114    27.5120    7.44168 0.0000e+00
       9482    333.535     3.1447     3.1402   3.157055   3.156721     1.8912     2.2348      7.941     0.9053     3.9379 1.0715e-01     0.0896    97.7858     6.3465     6.4617    34.5485    34.5492    27.5113    27.5122    7.44166 0.0000e+00
       9485    333.615     3.1444     3.1398   3.157060   3.156657     1.8912     2.2344      7.941     0.9663     3.9379 1.0715e-01     0.0896    97.7858     6.3452     6.4594    34.5487    34.5488    27.5115    27.5120    7.44169 0.0000e+00
       9488    333.706     3.1445     3.1394   3.157067   3.156626     1.8916     2.2348      7.941     0.9765     3.9379 1.0715e-01     0.0896    97.7858     6.3456     6.4605    34.5487    34.5488    27.5115    27.5120    7.44168 0.0000e+00
