Datasets/AZMP/HUD120/hud120_2020_057.cnv
* Sea-Bird SBE 9 Data File:
* FileName = C:\CTDDATA\hud120_2020_057.hex
* Software Version Seasave V 7.26.7.110
* Temperature SN = 1697
* Conductivity SN = 4216
* Number of Bytes Per Scan = 30
* Number of Voltage Words = 4
* Number of Scans Averaged by the Deck Unit = 1
* NMEA baud rate = 4800
** VESSEL/TRIP/SEQ STN:  hud120_2020_057
** LATITUDE XX XX.XX: 47 00.00 N
** LONGITUDE XX XX.XX: 044 59.30 W
** SOUNDING DEPTH (M): 0152
** PROBE TYPE: S1146
** CTD NUMBER: 036
** FORMAT: V
** COMMENTS (14 CHAR): FC-25
** BOTTLES:  0
** LEVELS: 0
** STICKERS:
** VNET: N
** DO2: N
# nquan = 22
# nvalues = 2340                        
# units = specified
# name 0 = scan: Scan Count
# name 1 = prDM: Pressure, Digiquartz [db]
# name 2 = t090C: Temperature [ITS-90, deg C]
# name 3 = t190C: Temperature, 2 [ITS-90, deg C]
# name 4 = c0S/m: Conductivity [S/m]
# name 5 = c1S/m: Conductivity, 2 [S/m]
# name 6 = sbeox0V: Oxygen raw, SBE 43 [V]
# name 7 = sbeox1V: Oxygen raw, SBE 43, 2 [V]
# name 8 = ph: pH
# name 9 = flECO-AFL: Fluorescence, WET Labs ECO-AFL/FL [mg/m^3]
# name 10 = wetCDOM: Fluorescence, WET Labs CDOM [mg/m^3]
# name 11 = par/sat/log: PAR/Logarithmic, Satlantic [umol photons/m^2/sec]
# name 12 = CStarAt0: Beam Attenuation, WET Labs C-Star [1/m]
# name 13 = CStarTr0: Beam Transmission, WET Labs C-Star [%]
# name 14 = sbeox0ML/L: Oxygen, SBE 43 [ml/l], WS = 2
# name 15 = sbeox1ML/L: Oxygen, SBE 43, 2 [ml/l], WS = 2
# name 16 = sal00: Salinity, Practical [PSU]
# name 17 = sal11: Salinity, Practical, 2 [PSU]
# name 18 = sigma-t00: Density [sigma-t, kg/m^3 ]
# name 19 = sigma-t11: Density, 2 [sigma-t, kg/m^3 ]
# name 20 = oxsatML/L: Oxygen Saturation, Weiss [ml/l]
# name 21 = flag: flag
# span 0 =          2,      10836       
# span 1 =      0.405,    147.795       
# span 2 =     3.6573,     7.3061       
# span 3 =     3.6523,     7.3017       
# span 4 =   2.873095,   3.400857       
# span 5 =   2.574013,   3.400332       
# span 6 =     1.8473,     2.2169       
# span 7 =     2.1961,     2.6471       
# span 8 =      7.925,      8.132       
# span 9 =     0.8850,     7.2342       
# span 10 =    -2.8130,   482.1870      
# span 11 = 1.0703e-01, 1.4757e+01      
# span 12 =     0.1074,     0.3977      
# span 13 =    90.5364,    97.3512      
# span 14 =     5.8947,     6.7802      
# span 15 =     6.0419,     6.9520      
# span 16 =    27.6889,    34.5820      
# span 17 =    24.6259,    34.5813      
# span 18 =    21.6317,    27.4794      
# span 19 =    19.2311,    27.4793      
# span 20 =    6.78913,    7.35308      
# span 21 = 0.0000e+00, 0.0000e+00      
# interval = scans: 3                   
# start_time = Nov 23 2020 10:25:47 [System UTC, header]
# bad_flag = -9.990e-29
*END*
[from data line 396]
       1309     41.234     7.3012     7.2974   3.400118   3.399559     2.1868     2.6182      8.129     5.9928    15.6632 1.0715e-01     0.2629    93.6395     6.6751     6.8754    33.2765    33.2741    26.0199    26.0185    6.78965 0.0000e+00
       1312     41.359     7.3015     7.2977   3.400081   3.399560     2.1876     2.6182      8.130     5.9826    15.6632 1.0715e-01     0.2629    93.6395     6.6784     6.8746    33.2757    33.2737    26.0193    26.0183    6.78964 0.0000e+00
       1315     41.483     7.3015     7.2975   3.400169   3.399591     2.1868     2.6191      8.130     6.0030    15.6632 1.0715e-01     0.2629    93.6395     6.6763     6.8770    33.2766    33.2742    26.0200    26.0187    6.78960 0.0000e+00
       1318     41.604     7.3016     7.2974   3.400175   3.399608     2.1876     2.6191      8.127     6.1658    15.6632 1.0715e-01     0.2629    93.6395     6.6800     6.8765    33.2766    33.2744    26.0200    26.0188    6.78959 0.0000e+00
       1321     41.718     7.3016     7.2970   3.400245   3.399692     2.1868     2.6191      8.129     6.1760   131.9290 1.0715e-01     0.2629    93.6395     6.6790     6.8761    33.2772    33.2757    26.0205    26.0199    6.78955 0.0000e+00
       1324     41.827     7.3017     7.2968   3.400251   3.399791     2.1860     2.6187      8.130     6.1760   482.1870 1.0715e-01     0.2625    93.6482     6.6769     6.8739    33.2772    33.2768    26.0204    26.0208    6.78955 0.0000e+00
       1327     41.929     7.3013     7.2969   3.400312   3.399664     2.1872     2.6191      8.129     6.1760   480.7263 1.0715e-01     0.2629    93.6395     6.6811     6.8767    33.2782    33.2754    26.0212    26.0197    6.78956 0.0000e+00
       1330     42.024     7.3012     7.2968   3.400350   3.399696     2.1872     2.6191      8.127     6.1760   481.3184 1.0715e-01     0.2636    93.6222     6.6808     6.8777    33.2787    33.2758    26.0217    26.0200    6.78956 0.0000e+00
       1333     42.111     7.3012     7.2968   3.400256   3.399718     2.1864     2.6187      8.130     6.1760   481.3579 1.0715e-01     0.2636    93.6222     6.6774     6.8779    33.2775    33.2759    26.0208    26.0201    6.78961 0.0000e+00
       1336     42.189     7.3012     7.2969   3.400326   3.399677     2.1872     2.6191      8.127     6.1760   481.3579 1.0715e-01     0.2636    93.6222     6.6799     6.8789    33.2783    33.2754    26.0214    26.0197    6.78958 0.0000e+00
       1339     42.260     7.3014     7.2969   3.400323   3.399664     2.1872     2.6191      8.129     6.1861   481.3579 1.0715e-01     0.2640    93.6135     6.6803     6.8793    33.2781    33.2753    26.0212    26.0196    6.78956 0.0000e+00
       1342     42.321     7.3011     7.2969   3.400338   3.399774     2.1872     2.6195      8.129     6.1861   481.3579 1.0715e-01     0.2636    93.6222     6.6822     6.8807    33.2785    33.2763    26.0216    26.0205    6.78959 0.0000e+00
       1345     42.371     7.3011     7.2969   3.400326   3.399822     2.1872     2.6195      8.127     6.2268   481.3579 1.0715e-01     0.2629    93.6395     6.6848     6.8805    33.2783    33.2769    26.0215    26.0209    6.78960 0.0000e+00
       1348     42.410     7.3014     7.2970   3.400341   3.399831     2.1868     2.6195      8.127     6.2472   481.3579 1.0715e-01     0.2640    93.6135     6.6822     6.8803    33.2781    33.2769    26.0213    26.0208    6.78955 0.0000e+00
       1351     42.441     7.3014     7.2971   3.400303   3.399737     2.1872     2.6199      8.127     6.2268   481.3579 1.0715e-01     0.2625    93.6482     6.6824     6.8802    33.2777    33.2757    26.0209    26.0200    6.78958 0.0000e+00
       1422     42.479     7.3012     7.2971   3.400353   3.399795     2.1864     2.6154      8.127     5.9724   481.3579 1.0715e-01     0.2610    93.6830     6.6442     6.8088    33.2785    33.2764    26.0215    26.0204    6.78957 0.0000e+00
       1459     42.585     7.3012     7.2970   3.400411   3.399877     2.1856     2.6117      8.129     5.8300   481.0026 1.0715e-01     0.2599    93.7091     6.6149     6.7588    33.2790    33.2772    26.0219    26.0212    6.78954 0.0000e+00
       1462     42.714     7.3008     7.2969   3.400484   3.399918     2.1844     2.6109      8.129     5.8300   481.3579 1.0715e-01     0.2599    93.7091     6.6019     6.7465    33.2802    33.2778    26.0229    26.0216    6.78956 0.0000e+00
       1465     42.861     7.3008     7.2967   3.400528   3.400031     2.1836     2.6097      8.129     5.8300   481.3579 1.0715e-01     0.2595    93.7178     6.5912     6.7332    33.2805    33.2791    26.0232    26.0226    6.78955 0.0000e+00
       1468     43.020     7.3007     7.2964   3.400558   3.400054     2.1828     2.6077      8.127     5.8503   481.3579 1.0715e-01     0.2606    93.6917     6.5805     6.7197    33.2809    33.2796    26.0235    26.0231    6.78955 0.0000e+00
       1471     43.192     7.3006     7.2962   3.400611   3.400034     2.1811     2.6064      8.129     5.8402   481.3579 1.0715e-01     0.2606    93.6917     6.5697     6.7100    33.2815    33.2794    26.0240    26.0230    6.78953 0.0000e+00
       1474     43.375     7.3008     7.2962   3.400671   3.400094     2.1795     2.6036      8.129     5.4230   481.3579 1.0715e-01     0.2606    93.6917     6.5599     6.6977    33.2819    33.2800    26.0243    26.0235    6.78949 0.0000e+00
       1477     43.573     7.3008     7.2962   3.400795   3.400207     2.1783     2.6020      8.127     5.1076   479.4234 1.0715e-01     0.2606    93.6917     6.5540     6.6908    33.2831    33.2812    26.0253    26.0243    6.78943 0.0000e+00
       1480     43.786     7.2999     7.2953   3.400857   3.400332     2.1762     2.5995      8.127     5.1279    73.1841 1.0715e-01     0.2606    93.6917     6.5463     6.6831    33.2846    33.2833    26.0265    26.0262    6.78951 0.0000e+00
       1483     44.009     7.2894     7.2852   3.400539   3.400080     2.1758     2.5963      8.127     5.1279    12.2680 1.0715e-01     0.2606    93.6917     6.5512     6.6758    33.2911    33.2901    26.0331    26.0329    6.79087 0.0000e+00
       1486     44.244     7.2774     7.2723   3.400164   3.399656     2.1750     2.5955      8.127     5.1076    14.8736 1.0715e-01     0.2606    93.6917     6.5593     6.6823    33.2984    33.2979    26.0405    26.0408    6.79243 0.0000e+00
       1489     44.492     7.2723     7.2665   3.400000   3.399451     2.1734     2.5942      8.127     5.0974    14.7157 1.0715e-01     0.2610    93.6830     6.5625     6.6897    33.3014    33.3011    26.0436    26.0442    6.79311 0.0000e+00
       1492     44.755     7.2694     7.2633   3.399841   3.399329     2.1730     2.5926      8.127     5.0974    14.7157 1.0715e-01     0.2606    93.6917     6.5721     6.6990    33.3024    33.3027    26.0447    26.0458    6.79352 0.0000e+00
       1495     45.028     7.2569     7.2505   3.399211   3.398726     2.1730     2.5914      8.127     5.1279    14.7157 1.0715e-01     0.2606    93.6917     6.5877     6.7120    33.3075    33.3083    26.0505    26.0520    6.79527 0.0000e+00
       1498     45.303     7.2388     7.2326   3.398432   3.397931     2.1722     2.5906      8.127     5.1177    14.7157 1.0715e-01     0.2606    93.6917     6.5957     6.7272    33.3163    33.3168    26.0599    26.0612    6.79773 0.0000e+00
       1501     45.586     7.2245     7.2183   3.397774   3.397305     2.1705     2.5889      8.127     4.7413    14.7157 1.0715e-01     0.2606    93.6917     6.5982     6.7389    33.3228    33.3237    26.0670    26.0685    6.79970 0.0000e+00
       1504     45.868     7.2036     7.1964   3.396903   3.396368     2.1709     2.5869      8.127     4.6803    88.1072 1.0715e-01     0.2602    93.7004     6.6093     6.7503    33.3333    33.3344    26.0782    26.0800    6.80254 0.0000e+00
       1507     46.148     7.1796     7.1724   3.395955   3.395427     2.1718     2.5873      8.126     4.6803   473.2647 1.0715e-01     0.2606    93.6917     6.6208     6.7672    33.3460    33.3472    26.0915    26.0934    6.80577 0.0000e+00
       1510     46.423     7.1441     7.1351   3.394389   3.393871     2.1718     2.5885      8.125     4.6701   481.4764 1.0715e-01     0.2606    93.6917     6.6315     6.7878    33.3631    33.3662    26.1098    26.1135    6.81063 0.0000e+00
       1513     46.690     7.0775     7.0674   3.391821   3.391375     2.1713     2.5889      8.123     4.6904   481.2790 1.0715e-01     0.2577    93.7612     6.6420     6.8094    33.3995    33.4044    26.1476    26.1528    6.81958 0.0000e+00
       1516     46.952     7.0032     6.9988   3.388153   3.388164     2.1722     2.5897      8.123     4.6803   481.3579 1.0715e-01     0.2573    93.7699     6.6559     6.8327    33.4312    33.4357    26.1827    26.1868    6.82997 0.0000e+00
       1519     47.202     6.9189     6.9085   3.383574   3.383346     2.1730     2.5897      8.124     4.6904   481.3579 1.0715e-01     0.2573    93.7699     6.6705     6.8562    33.4630    33.4706    26.2190    26.2264    6.84201 0.0000e+00
       1522     47.445     6.8258     6.8147   3.377302   3.377018     2.1701     2.5893      8.121     4.6904   481.3579 1.0715e-01     0.2573    93.7699     6.6709     6.8778    33.4846    33.4924    26.2486    26.2562    6.85594 0.0000e+00
       1525     47.674     6.6877     6.6774   3.369249   3.368883     2.1709     2.5906      8.118     4.5887   481.3579 1.0715e-01     0.2573    93.7699     6.6926     6.9103    33.5308    33.5368    26.3033    26.3094    6.87607 0.0000e+00
       1528     47.888     6.6385     6.6296   3.366477   3.366175     2.1705     2.5901      8.115     4.0799   481.3579 1.0715e-01     0.2573    93.7699     6.6937     6.9187    33.5482    33.5535    26.3236    26.3290    6.88322 0.0000e+00
       1531     48.088     6.6243     6.6182   3.365652   3.365309     2.1709     2.5906      8.114     4.0698   287.0816 1.0715e-01     0.2543    93.8395     6.6916     6.9187    33.5529    33.5550    26.3292    26.3316    6.88531 0.0000e+00
       1534     48.273     6.6179     6.6126   3.365185   3.364745     2.1709     2.5918      8.111     4.0698     0.9375 1.0715e-01     0.2462    94.0307     6.6889     6.9213    33.5539    33.5542    26.3308    26.3317    6.88628 0.0000e+00
       1537     48.435     6.6130     6.6079   3.364751   3.364376     2.1697     2.5914      8.111     4.0698    11.2416 1.0715e-01     0.2462    94.0307     6.6796     6.9166    33.5538    33.5546    26.3314    26.3327    6.88709 0.0000e+00
       1540     48.574     6.6080     6.6048   3.364368   3.364028     2.1693     2.5930      8.108     4.0596    10.7678 1.0715e-01     0.2462    94.0307     6.6735     6.9180    33.5545    33.5538    26.3325    26.3325    6.88787 0.0000e+00
       1543     48.693     6.6055     6.6005   3.364166   3.363663     2.1681     2.5934      8.108     4.0596    10.8073 1.0715e-01     0.2462    94.0307     6.6667     6.9143    33.5546    33.5539    26.3329    26.3330    6.88826 0.0000e+00
       1546     48.792     6.6021     6.5975   3.363941   3.363450     2.1677     2.5938      8.106     4.0698    10.7678 1.0715e-01     0.2462    94.0307     6.6644     6.9084    33.5554    33.5545    26.3341    26.3339    6.88878 0.0000e+00
       1549     48.866     6.5949     6.5944   3.363583   3.363291     2.1681     2.5946      8.106     4.0596    10.7678 1.0715e-01     0.2462    94.0307     6.6632     6.9018    33.5585    33.5557    26.3374    26.3353    6.88981 0.0000e+00
       1552     48.919     6.5935     6.5936   3.364019   3.363422     2.1677     2.5938      8.106     4.0290    10.7678 1.0715e-01     0.2326    94.3523     6.6608     6.8914    33.5646    33.5579    26.3424    26.3371    6.88975 0.0000e+00
       1608     48.967     6.5771     6.5727   3.363213   3.362365     2.1567     2.5812      8.106     3.4490     9.0702 1.0715e-01     0.2036    95.0390     6.6207     6.8255    33.5718    33.5667    26.3502    26.3468    6.89210 0.0000e+00
       1716     49.116     6.4503     6.4401   3.355147   3.354621     2.1371     2.5543      8.105     2.3094     6.0303 1.0715e-01     0.1678    95.8909     6.5658     6.7183    33.6069    33.6111    26.3945    26.3992    6.91107 0.0000e+00
       1719     49.285     6.4346     6.4291   3.354398   3.353988     2.1376     2.5531      8.102     2.2993     6.0698 1.0715e-01     0.1682    95.8822     6.5686     6.7173    33.6140    33.6148    26.4022    26.4035    6.91331 0.0000e+00
       1722     49.447     6.4227     6.4174   3.353807   3.353285     2.1359     2.5519      8.102     2.2993     6.0698 1.0715e-01     0.1682    95.8822     6.5621     6.7153    33.6191    33.6184    26.4077    26.4079    6.91502 0.0000e+00
       1725     49.611     6.4155     6.4102   3.353328   3.352894     2.1359     2.5515      8.102     2.2891     6.0698 1.0715e-01     0.1678    95.8909     6.5622     6.7162    33.6208    33.6212    26.4100    26.4110    6.91611 0.0000e+00
       1728     49.770     6.4018     6.3974   3.352432   3.352056     2.1355     2.5498      8.100     2.3094     6.0698 1.0715e-01     0.1682    95.8822     6.5607     6.7151    33.6242    33.6244    26.4145    26.4152    6.91819 0.0000e+00
       1731     49.925     6.3892     6.3832   3.351733   3.351241     2.1347     2.5482      8.099     2.3094     6.0698 1.0715e-01     0.1682    95.8822     6.5586     6.7126    33.6288    33.6293    26.4197    26.4208    6.92003 0.0000e+00
       1734     50.073     6.3805     6.3733   3.351302   3.350707     2.1343     2.5474      8.098     2.2993     6.0698 1.0715e-01     0.1650    95.9604     6.5592     6.7128    33.6325    33.6330    26.4238    26.4251    6.92129 0.0000e+00
       1737     50.208     6.3742     6.3683   3.351017   3.350486     2.1335     2.5478      8.098     2.4926     6.0698 1.0715e-01     0.1628    96.0125     6.5577     6.7178    33.6355    33.6354    26.4269    26.4276    6.92218 0.0000e+00
       1740     50.343     6.3699     6.3653   3.350715   3.350283     2.1327     2.5474      8.098     2.5130   124.3095 1.0715e-01     0.1624    96.0212     6.5567     6.7228    33.6363    33.6360    26.4281    26.4285    6.92284 0.0000e+00
       1743     50.468     6.3643     6.3605   3.350366   3.349941     2.1327     2.5458      8.098     2.5231   482.1870 1.0715e-01     0.1628    96.0125     6.5593     6.7208    33.6379    33.6369    26.4301    26.4298    6.92368 0.0000e+00
       1746     50.584     6.3588     6.3553   3.349979   3.349587     2.1319     2.5446      8.098     2.5028   480.7263 1.0715e-01     0.1628    96.0125     6.5577     6.7203    33.6390    33.6381    26.4317    26.4314    6.92454 0.0000e+00
       1749     50.695     6.3542     6.3486   3.349751   3.349150     2.1310     2.5446      8.098     2.5130   481.3184 1.0715e-01     0.1628    96.0125     6.5548     6.7246    33.6409    33.6397    26.4338    26.4335    6.92520 0.0000e+00
       1752     50.799     6.3536     6.3458   3.349730   3.349041     2.1294     2.5442      8.098     2.5130   481.3579 1.0715e-01     0.1628    96.0125     6.5500     6.7268    33.6412    33.6413    26.4341    26.4352    6.92528 0.0000e+00
       1755     50.897     6.3498     6.3437   3.349403   3.348876     2.1302     2.5421      8.096     2.5130   481.3579 1.0715e-01     0.1595    96.0908     6.5557     6.7215    33.6413    33.6414    26.4347    26.4355    6.92590 0.0000e+00
       1758     50.995     6.3446     6.3399   3.349133   3.348641     2.1294     2.5421      8.096     2.5130   481.3579 1.0715e-01     0.1584    96.1168     6.5529     6.7223    33.6433    33.6425    26.4369    26.4369    6.92666 0.0000e+00
