Datasets/AZMP/HUD120/hud120_2020_018.cnv
* Sea-Bird SBE 9 Data File:
* FileName = C:\CTDDATA\hud120_2020_018.hex
* Software Version Seasave V 7.26.7.110
* Temperature SN = 1697
* Conductivity SN = 4216
* Number of Bytes Per Scan = 30
* Number of Voltage Words = 4
* Number of Scans Averaged by the Deck Unit = 1
* NMEA baud rate = 4800
** VESSEL/TRIP/SEQ STN:  hud120_2020_018
** LATITUDE XX XX.XX: 46 12.50 N
** LONGITUDE XX XX.XX: 052 36.50 W
** SOUNDING DEPTH (M): 0131
** PROBE TYPE: S1146
** CTD NUMBER: 008
** FORMAT: V
** COMMENTS (14 CHAR): SEGB-04
** BOTTLES:  0
** LEVELS:
** STICKERS:
** VNET: Y
** DO2: N
# nquan = 22
# nvalues = 2118                        
# units = specified
# name 0 = scan: Scan Count
# name 1 = prDM: Pressure, Digiquartz [db]
# name 2 = t090C: Temperature [ITS-90, deg C]
# name 3 = t190C: Temperature, 2 [ITS-90, deg C]
# name 4 = c0S/m: Conductivity [S/m]
# name 5 = c1S/m: Conductivity, 2 [S/m]
# name 6 = sbeox0V: Oxygen raw, SBE 43 [V]
# name 7 = sbeox1V: Oxygen raw, SBE 43, 2 [V]
# name 8 = ph: pH
# name 9 = flECO-AFL: Fluorescence, WET Labs ECO-AFL/FL [mg/m^3]
# name 10 = wetCDOM: Fluorescence, WET Labs CDOM [mg/m^3]
# name 11 = par/sat/log: PAR/Logarithmic, Satlantic [umol photons/m^2/sec]
# name 12 = CStarAt0: Beam Attenuation, WET Labs C-Star [1/m]
# name 13 = CStarTr0: Beam Transmission, WET Labs C-Star [%]
# name 14 = sbeox0ML/L: Oxygen, SBE 43 [ml/l], WS = 2
# name 15 = sbeox1ML/L: Oxygen, SBE 43, 2 [ml/l], WS = 2
# name 16 = sal00: Salinity, Practical [PSU]
# name 17 = sal11: Salinity, Practical, 2 [PSU]
# name 18 = sigma-t00: Density [sigma-t, kg/m^3 ]
# name 19 = sigma-t11: Density, 2 [sigma-t, kg/m^3 ]
# name 20 = oxsatML/L: Oxygen Saturation, Weiss [ml/l]
# name 21 = flag: flag
# span 0 =          2,       8497       
# span 1 =      1.193,    123.656       
# span 2 =    -0.7193,     8.7296       
# span 3 =    -0.7279,     8.7257       
# span 4 =   2.693867,   3.405193       
# span 5 =   2.693345,   3.404804       
# span 6 =     1.7956,     2.2035       
# span 7 =     2.0906,     2.6318       
# span 8 =      7.788,      8.075       
# span 9 =     0.9765,     6.7458       
# span 10 =    -2.8130,   482.1870      
# span 11 = 1.0715e-01, 9.0397e+01      
# span 12 =     0.0640,     0.2399      
# span 13 =    94.1785,    98.4116      
# span 14 =     5.8462,     8.2488      
# span 15 =     5.8377,     8.3605      
# span 16 =    31.9278,    33.2851      
# span 17 =    31.9404,    33.2858      
# span 18 =    24.7890,    26.7368      
# span 19 =    24.7902,    26.7376      
# span 20 =    6.62493,    8.31725      
# span 21 = 0.0000e+00, 0.0000e+00      
# interval = scans: 3                   
# start_time = Nov 17 2020 19:26:10 [System UTC, header]
# bad_flag = -9.990e-29
*END*
[from data line 264]
       1367     33.273     8.4721     8.4673   3.381364   3.380904     2.1889     2.5959      8.066     5.5451   336.6673 4.2367e-01     0.2164    94.7348     6.5472     6.6554    31.9860    31.9856    24.8387    24.8391    6.66481 0.0000e+00
       1370     33.399     8.4718     8.4674   3.381355   3.380918     2.1893     2.5963      8.066     5.5350   482.0686 4.1064e-01     0.2164    94.7348     6.5491     6.6556    31.9862    31.9855    24.8389    24.8390    6.66485 0.0000e+00
       1373     33.534     8.4718     8.4676   3.381378   3.380956     2.1893     2.5959      8.066     5.5248   481.0026 4.0970e-01     0.2164    94.7348     6.5501     6.6542    31.9864    31.9858    24.8390    24.8392    6.66484 0.0000e+00
       1376     33.676     8.4719     8.4679   3.381410   3.380965     2.1893     2.5959      8.064     5.5248   481.3579 3.9941e-01     0.2164    94.7348     6.5498     6.6549    31.9865    31.9855    24.8391    24.8389    6.66481 0.0000e+00
       1379     33.822     8.4722     8.4672   3.381438   3.380898     2.1901     2.5959      8.066     5.5350   481.3579 3.9436e-01     0.2164    94.7348     6.5524     6.6548    31.9865    31.9854    24.8391    24.8390    6.66478 0.0000e+00
       1382     33.976     8.4722     8.4646   3.381388   3.380680     2.1901     2.5959      8.066     5.5451   481.3579 3.8847e-01     0.2153    94.7608     6.5525     6.6552    31.9859    31.9854    24.8386    24.8394    6.66480 0.0000e+00
       1385     34.134     8.4683     8.4619   3.381007   3.380511     2.1893     2.5955      8.064     5.3009   481.3579 3.6500e-01     0.2142    94.7869     6.5504     6.6553    31.9854    31.9860    24.8387    24.8402    6.66541 0.0000e+00
       1388     34.290     8.4644     8.4602   3.380691   3.380452     2.1897     2.5959      8.064     4.5785   481.3579 3.5924e-01     0.2142    94.7869     6.5533     6.6575    31.9855    31.9868    24.8394    24.8411    6.66600 0.0000e+00
       1391     34.451     8.4596     8.4594   3.380371   3.380300     2.1893     2.5955      8.066     4.6090   462.2106 3.4213e-01     0.2142    94.7869     6.5528     6.6562    31.9865    31.9859    24.8409    24.8405    6.66669 0.0000e+00
       1394     34.619     8.4585     8.4547   3.380268   3.379877     2.1893     2.5950      8.066     4.5988    45.6278 3.2636e-01     0.2142    94.7869     6.5528     6.6546    31.9862    31.9856    24.8409    24.8409    6.66686 0.0000e+00
       1397     34.783     8.4528     8.4495   3.379751   3.379408     2.1897     2.5959      8.066     4.5988    15.1105 2.9246e-01     0.2142    94.7869     6.5541     6.6592    31.9859    31.9853    24.8415    24.8415    6.66774 0.0000e+00
       1400     34.949     8.4480     8.4441   3.379367   3.379003     2.1884     2.5955      8.066     4.6090    16.3344 2.9710e-01     0.2142    94.7869     6.5484     6.6572    31.9862    31.9859    24.8424    24.8428    6.66846 0.0000e+00
       1403     35.115     8.4451     8.4409   3.379191   3.378810     2.1893     2.5955      8.066     4.6090    16.2554 2.8832e-01     0.2127    94.8217     6.5499     6.6552    31.9869    31.9867    24.8434    24.8439    6.66886 0.0000e+00
       1406     35.281     8.4443     8.4401   3.379146   3.378746     2.1897     2.5959      8.063     4.5887    16.2554 2.7241e-01     0.2124    94.8304     6.5503     6.6534    31.9871    31.9867    24.8437    24.8440    6.66898 0.0000e+00
       1409     35.443     8.4436     8.4393   3.379094   3.378669     2.1893     2.5959      8.064     4.5988    16.2554 2.6774e-01     0.2131    94.8130     6.5456     6.6480    31.9871    31.9865    24.8438    24.8440    6.66908 0.0000e+00
       1412     35.602     8.4426     8.4390   3.379074   3.378673     2.1897     2.5959      8.066     4.6293    16.2554 2.5831e-01     0.2131    94.8130     6.5422     6.6425    31.9877    31.9868    24.8444    24.8442    6.66921 0.0000e+00
       1415     35.756     8.4424     8.4376   3.379037   3.378536     2.1901     2.5950      8.064     4.6599    16.2554 2.5007e-01     0.2127    94.8217     6.5402     6.6350    31.9875    31.9865    24.8443    24.8442    6.66926 0.0000e+00
       1418     35.910     8.4409     8.4355   3.378940   3.378399     2.1897     2.5950      8.066     4.6599   121.4276 2.4532e-01     0.2127    94.8217     6.5351     6.6288    31.9877    31.9869    24.8447    24.8449    6.66947 0.0000e+00
       1421     36.059     8.4392     8.4327   3.378800   3.378178     2.1889     2.5950      8.066     4.6599   481.8317 2.4210e-01     0.2135    94.8043     6.5289     6.6231    31.9877    31.9871    24.8449    24.8454    6.66973 0.0000e+00
       1424     36.208     8.4366     8.4310   3.378555   3.378067     2.1884     2.5942      8.064     4.6497   480.8052 2.4043e-01     0.2142    94.7869     6.5253     6.6159    31.9874    31.9874    24.8451    24.8459    6.67013 0.0000e+00
       1427     36.353     8.4349     8.4303   3.378476   3.378051     2.1880     2.5930      8.066     4.6395   481.3184 2.3227e-01     0.2142    94.7869     6.5204     6.6082    31.9881    31.9878    24.8459    24.8463    6.67036 0.0000e+00
       1430     36.492     8.4338     8.4293   3.378357   3.377912     2.1872     2.5918      8.066     4.6497   481.3579 2.2302e-01     0.2142    94.7869     6.5156     6.6017    31.9877    31.9872    24.8457    24.8460    6.67054 0.0000e+00
       1433     36.625     8.4318     8.4279   3.378176   3.377785     2.1860     2.5902      8.066     4.6599   481.3579 2.1518e-01     0.2146    94.7782     6.5119     6.5962    31.9877    31.9871    24.8460    24.8461    6.67086 0.0000e+00
       1436     36.754     8.4311     8.4267   3.378150   3.377678     2.1860     2.5898      8.064     4.6701   481.3579 2.0952e-01     0.2149    94.7695     6.5128     6.5951    31.9879    31.9870    24.8463    24.8462    6.67094 0.0000e+00
       1439     36.877     8.4306     8.4261   3.378153   3.377781     2.1856     2.5889      8.064     4.9143   481.3579 2.0547e-01     0.2149    94.7695     6.5124     6.5930    31.9884    31.9885    24.8467    24.8475    6.67100 0.0000e+00
       1442     36.996     8.4326     8.4289   3.378542   3.378133     2.1852     2.5881      8.066     4.9753   481.3579 2.0523e-01     0.2131    94.8130     6.5118     6.5861    31.9906    31.9896    24.8482    24.8479    6.67061 0.0000e+00
       1445     37.110     8.4337     8.4301   3.378543   3.378234     2.1852     2.5869      8.063     4.9651   481.3579 2.0526e-01     0.2098    94.8912     6.5102     6.5792    31.9896    31.9896    24.8472    24.8478    6.67049 0.0000e+00
       1448     37.220     8.4331     8.4301   3.378442   3.378177     2.1848     2.5869      8.064     4.9651   481.3579 2.0010e-01     0.2102    94.8825     6.5041     6.5747    31.9890    31.9889    24.8468    24.8473    6.67060 0.0000e+00
       1451     37.330     8.4302     8.4260   3.378103   3.377692     2.1848     2.5861      8.064     4.9651   481.3579 1.9061e-01     0.2102    94.8825     6.4984     6.5661    31.9880    31.9875    24.8465    24.8467    6.67108 0.0000e+00
       1454     37.441     8.4257     8.4207   3.377791   3.377355     2.1844     2.5861      8.063     4.9651   481.3579 1.8882e-01     0.2105    94.8739     6.4884     6.5579    31.9887    31.9887    24.8477    24.8484    6.67173 0.0000e+00
       1457     37.549     8.4215     8.4162   3.377564   3.377058     2.1848     2.5857      8.066     4.9550   481.3579 1.9151e-01     0.2098    94.8912     6.4798     6.5458    31.9901    31.9896    24.8494    24.8498    6.67231 0.0000e+00
       1460     37.656     8.4152     8.4100   3.377072   3.376630     2.1844     2.5849      8.066     4.9651   481.3579 1.8133e-01     0.2105    94.8739     6.4648     6.5286    31.9907    31.9907    24.8508    24.8516    6.67325 0.0000e+00
       1463     37.764     8.4047     8.3991   3.376043   3.375531     2.1832     2.5836      8.064     4.9753   481.3579 1.8387e-01     0.2083    94.9260     6.4467     6.5082    31.9893    31.9890    24.8513    24.8518    6.67490 0.0000e+00
       1466     37.872     8.3844     8.3750   3.374115   3.373314     2.1823     2.5800      8.063     5.1076   481.3579 1.8134e-01     0.2072    94.9521     6.4288     6.4788    31.9875    31.9876    24.8528    24.8543    6.67807 0.0000e+00
       1469     37.984     8.3533     8.3401   3.371307   3.370237     2.1803     2.5784      8.063     5.1177   481.3579 1.8280e-01     0.2076    94.9434     6.4059     6.4547    31.9861    31.9869    24.8563    24.8589    6.68285 0.0000e+00
       1472     38.096     8.3096     8.2918   3.367674   3.366425     2.1779     2.5755      8.065     5.1177   117.1243 1.7929e-01     0.2076    94.9434     6.3835     6.4276    31.9874    31.9905    24.8638    24.8688    6.68946 0.0000e+00
       1475     38.211     8.2525     8.2396   3.363214   3.362792     2.1766     2.5727      8.065     5.1177    14.3999 1.7213e-01     0.2076    94.9434     6.3673     6.4006    31.9924    31.9997    24.8761    24.8836    6.69798 0.0000e+00
       1478     38.330     8.1877     8.2092   3.357690   3.360393     2.1734     2.5698      8.064     5.1177    18.6241 1.7174e-01     0.2076    94.9434     6.3487     6.3678    31.9930    32.0020    24.8860    24.8898    6.70787 0.0000e+00
       1481     38.450     8.1010     8.1343   3.351364   3.353550     2.1722     2.5666      8.064     5.1177    18.3872 1.6686e-01     0.2076    94.9434     6.3442     6.3432    32.0051    31.9978    24.9080    24.8975    6.72066 0.0000e+00
       1484     38.575     8.0616     8.0643   3.349063   3.348987     2.1693     2.5617      8.066     5.1177    18.3872 1.6423e-01     0.2072    94.9521     6.3329     6.3157    32.0167    32.0134    24.9228    24.9198    6.72623 0.0000e+00
       1487     38.701     8.0456     8.0510   3.348116   3.348639     2.1665     2.5568      8.063     5.1076    18.3872 1.5733e-01     0.2072    94.9521     6.3247     6.2870    32.0211    32.0218    24.9286    24.9284    6.72849 0.0000e+00
       1490     38.831     8.0434     8.0475   3.348071   3.348369     2.1628     2.5511      8.063     4.9142    18.3872 1.6571e-01     0.2072    94.9521     6.3192     6.2575    32.0227    32.0221    24.9301    24.9291    6.72878 0.0000e+00
       1493     38.965     8.0427     8.0329   3.347912   3.346595     2.1595     2.5462      8.063     4.5480    18.3872 1.5585e-01     0.2072    94.9521     6.3228     6.2366    32.0216    32.0165    24.9293    24.9268    6.72894 0.0000e+00
       1496     39.100     8.0249     8.0021   3.346034   3.344425     2.1563     2.5421      8.063     4.5480    59.0901 1.5266e-01     0.2076    94.9434     6.3341     6.2276    32.0179    32.0217    24.9290    24.9352    6.73184 0.0000e+00
       1499     39.237     8.0066     7.9928   3.344840   3.343951     2.1538     2.5348      8.063     4.5480   458.3811 1.5124e-01     0.2069    94.9608     6.3499     6.2124    32.0219    32.0250    24.9348    24.9392    6.73450 0.0000e+00
       1502     39.378     7.9966     7.9883   3.344171   3.343575     2.1522     2.5275      8.063     4.5480   481.5948 1.4745e-01     0.2061    94.9782     6.3709     6.2011    32.0238    32.0251    24.9377    24.9399    6.73594 0.0000e+00
       1505     39.518     7.9862     7.9749   3.343149   3.342237     2.1502     2.5234      8.063     4.5480   481.2000 1.4495e-01     0.1999    95.1259     6.3929     6.2044    32.0224    32.0231    24.9381    24.9403    6.73762 0.0000e+00
       1508     39.659     7.9626     7.9458   3.340036   3.338397     2.1502     2.5193      8.063     4.5683   481.3579 1.3645e-01     0.2010    95.0998     6.4267     6.2134    32.0109    32.0089    24.9324    24.9332    6.74177 0.0000e+00
       1511     39.799     7.8307     7.7943   3.327385   3.325016     2.1494     2.5153      8.064     4.5582   481.3579 1.4126e-01     0.2003    95.1172     6.4716     6.2400    31.9969    32.0051    24.9402    24.9518    6.76285 0.0000e+00
       1514     39.943     7.6310     7.5948   3.311897   3.310038     2.1514     2.5116      8.064     4.5683   481.3579 1.3317e-01     0.1999    95.1259     6.5343     6.2713    32.0148    32.0282    24.9823    24.9978    6.79328 0.0000e+00
       1517     40.084     7.4753     7.4284   3.300476   3.297482     2.1526     2.5087      8.065     4.1104   481.3579 1.2621e-01     0.1999    95.1259     6.5833     6.2994    32.0356    32.0467    25.0201    25.0353    6.81687 0.0000e+00
       1520     40.223     7.3403     7.3076   3.291420   3.289453     2.1538     2.5079      8.064     3.8459   481.3579 1.2667e-01     0.2003    95.1172     6.6235     6.3249    32.0627    32.0717    25.0599    25.0715    6.83704 0.0000e+00
       1523     40.361     7.2074     7.1606   3.279058   3.275985     2.1534     2.5059      8.063     3.8561   337.3384 1.1633e-01     0.1959    95.2215     6.6549     6.3510    32.0521    32.0622    25.0696    25.0838    6.85867 0.0000e+00
       1526     40.496     7.0301     6.9910   3.265707   3.263462     2.1547     2.5035      8.063     3.8459    -0.4048 1.2017e-01     0.1911    95.3345     6.6970     6.3746    32.0718    32.0838    25.1088    25.1235    6.88619 0.0000e+00
       1529     40.625     6.8259     6.7920   3.248887   3.246812     2.1559     2.4994      8.063     3.8561    10.2151 1.1819e-01     0.1911    95.3345     6.7396     6.3973    32.0787    32.0877    25.1411    25.1526    6.91888 0.0000e+00
       1532     40.754     6.6306     6.6001   3.235885   3.234335     2.1559     2.4978      8.063     3.8561     9.9387 1.1573e-01     0.1911    95.3345     6.7731     6.4279    32.1189    32.1305    25.1980    25.2111    6.94885 0.0000e+00
       1535     40.878     6.4561     6.4024   3.219423   3.215456     2.1555     2.4945      8.063     3.8662     9.9387 1.1601e-01     0.1915    95.3258     6.8019     6.4597    32.1014    32.1080    25.2064    25.2183    6.97830 0.0000e+00
       1538     40.999     6.0658     5.9887   3.186637   3.182944     2.1555     2.4900      8.061     3.8561     9.8993 1.0954e-01     0.1911    95.3345     6.8703     6.5204    32.1057    32.1376    25.2581    25.2927    7.04292 0.0000e+00
       1541     41.116     5.7083     5.6716   3.161921   3.160721     2.1563     2.4868      8.062     3.8662     9.8598 1.1223e-01     0.1911    95.3345     6.9388     6.5734    32.1686    32.1900    25.3506    25.3719    7.10029 0.0000e+00
       1544     41.228     5.4270     5.3925   3.140433   3.138031     2.1563     2.4823      8.060     3.6932     9.8993 1.1173e-01     0.1882    95.4041     6.9930     6.6238    32.1948    32.2006    25.4039    25.4125    7.14714 0.0000e+00
       1547     41.338     5.1329     5.0721   3.118802   3.115547     2.1575     2.4798      8.060     3.6525     9.9387 1.0828e-01     0.1874    95.4215     7.0548     6.6936    32.2315    32.2530    25.4662    25.4900    7.19629 0.0000e+00
       1550     41.443     4.8923     4.8414   3.101835   3.099298     2.1583     2.4786      8.059     3.6627     3.7010 1.1069e-01     0.1874    95.4215     7.1038     6.7611    32.2697    32.2898    25.5229    25.5443    7.23655 0.0000e+00
       1553     41.547     4.7326     4.6781   3.091500   3.088244     2.1587     2.4786      8.056     3.6729    -0.8785 1.0853e-01     0.1874    95.4215     7.1360     6.8219    32.3057    32.3211    25.5686    25.5866    7.26299 0.0000e+00
       1556     41.645     4.6134     4.5707   3.083816   3.081525     2.1600     2.4786      8.057     3.6729    -0.6811 1.1069e-01     0.1874    95.4215     7.1628     6.8762    32.3329    32.3481    25.6028    25.6193    7.28282 0.0000e+00
       1559     41.741     4.5605     4.5288   3.080793   3.078979     2.1608     2.4786      8.052     3.6525    -0.6811 1.0752e-01     0.1874    95.4215     7.1737     6.9223    32.3495    32.3595    25.6215    25.6327    7.29144 0.0000e+00
