Datasets/AZMP/HUD120/hud120_2020_027.cnv
* Sea-Bird SBE 9 Data File:
* FileName = C:\CTDDATA\hud120_2020_027.hex
* Software Version Seasave V 7.26.7.110
* Temperature SN = 1697
* Conductivity SN = 4216
* Number of Bytes Per Scan = 30
* Number of Voltage Words = 4
* Number of Scans Averaged by the Deck Unit = 1
* NMEA baud rate = 4800
** VESSEL/TRIP/SEQ STN:  hud120_2020_027
** LATITUDE XX XX.XX: 43 12.00 N
** LONGITUDE XX XX.XX: 050 10.00 W
** SOUNDING DEPTH (M): 0067
** PROBE TYPE: S1146
** CTD NUMBER: 017
** FORMAT: V
** COMMENTS (14 CHAR): SEGB-13
** BOTTLES:  7
** LEVELS: 5,10,20,30,40,50,BTM
** STICKERS: 439623 - 439629
** VNET: Y
** DO2: Y
# nquan = 22
# nvalues = 1304                        
# units = specified
# name 0 = scan: Scan Count
# name 1 = prDM: Pressure, Digiquartz [db]
# name 2 = t090C: Temperature [ITS-90, deg C]
# name 3 = t190C: Temperature, 2 [ITS-90, deg C]
# name 4 = c0S/m: Conductivity [S/m]
# name 5 = c1S/m: Conductivity, 2 [S/m]
# name 6 = sbeox0V: Oxygen raw, SBE 43 [V]
# name 7 = sbeox1V: Oxygen raw, SBE 43, 2 [V]
# name 8 = ph: pH
# name 9 = flECO-AFL: Fluorescence, WET Labs ECO-AFL/FL [mg/m^3]
# name 10 = wetCDOM: Fluorescence, WET Labs CDOM [mg/m^3]
# name 11 = par/sat/log: PAR/Logarithmic, Satlantic [umol photons/m^2/sec]
# name 12 = CStarAt0: Beam Attenuation, WET Labs C-Star [1/m]
# name 13 = CStarTr0: Beam Transmission, WET Labs C-Star [%]
# name 14 = sbeox0ML/L: Oxygen, SBE 43 [ml/l], WS = 2
# name 15 = sbeox1ML/L: Oxygen, SBE 43, 2 [ml/l], WS = 2
# name 16 = sal00: Salinity, Practical [PSU]
# name 17 = sal11: Salinity, Practical, 2 [PSU]
# name 18 = sigma-t00: Density [sigma-t, kg/m^3 ]
# name 19 = sigma-t11: Density, 2 [sigma-t, kg/m^3 ]
# name 20 = oxsatML/L: Oxygen Saturation, Weiss [ml/l]
# name 21 = flag: flag
# span 0 =          2,      20137       
# span 1 =      2.038,     63.626       
# span 2 =     3.8926,     7.9546       
# span 3 =     3.8879,     7.9502       
# span 4 =   3.044097,   3.335168       
# span 5 =   3.043584,   3.334697       
# span 6 =     2.0366,     2.2549       
# span 7 =     2.4172,     2.6876       
# span 8 =      7.985,      8.111       
# span 9 =     1.5260,     7.9973       
# span 10 =    -2.8130,   482.1870      
# span 11 = 1.0604e-01, 8.5531e-01      
# span 12 =     0.1458,     0.5916      
# span 13 =    86.2511,    96.4211      
# span 14 =     6.5101,     6.8847      
# span 15 =     6.6369,     7.0292      
# span 16 =    31.9371,    32.5877      
# span 17 =    31.9364,    32.5862      
# span 18 =    24.8852,    25.8780      
# span 19 =    24.8852,    25.8772      
# span 20 =    6.74460,    7.40064      
# span 21 = 0.0000e+00, 0.0000e+00      
# interval = scans: 3                   
# start_time = Nov 19 2020 00:06:31 [System UTC, header]
# bad_flag = -9.990e-29
*END*
[from data line 66]
        651      8.526     7.9242     7.9179   3.330172   3.329464     2.2507     2.6133      8.101     6.2676   481.3579 1.0715e-01     0.2248    94.5349     6.8596     6.7831    31.9553    31.9535    24.8943    24.8938    6.75013 0.0000e+00
        654      8.620     7.9265     7.9224   3.330678   3.330099     2.2503     2.6142      8.101     6.2574   481.3579 1.0715e-01     0.2248    94.5349     6.8563     6.7850    31.9585    31.9562    24.8965    24.8952    6.74964 0.0000e+00
        657      8.713     7.9322     7.9255   3.331507   3.330627     2.2503     2.6142      8.101     6.2574   481.3579 1.0715e-01     0.2252    94.5262     6.8546     6.7844    31.9621    31.9589    24.8985    24.8969    6.74860 0.0000e+00
        660      8.808     7.9354     7.9305   3.331788   3.331248     2.2499     2.6138      8.101     6.3998   481.3579 1.0715e-01     0.2252    94.5262     6.8506     6.7836    31.9622    31.9609    24.8981    24.8978    6.74811 0.0000e+00
        663      8.906     7.9360     7.9326   3.331823   3.331528     2.2499     2.6129      8.101     7.9260   473.1858 1.0715e-01     0.2256    94.5175     6.8491     6.7803    31.9620    31.9619    24.8978    24.8982    6.74802 0.0000e+00
        666      9.004     7.9363     7.9329   3.331855   3.331492     2.2511     2.6142      8.101     7.9871    57.1162 1.0715e-01     0.2252    94.5262     6.8522     6.7839    31.9619    31.9612    24.8977    24.8977    6.74797 0.0000e+00
        669      9.103     7.9363     7.9329   3.331882   3.331558     2.2503     2.6133      8.101     7.9973     9.5834 1.0715e-01     0.2252    94.5262     6.8492     6.7797    31.9621    31.9618    24.8979    24.8982    6.74796 0.0000e+00
        672      9.204     7.9364     7.9333   3.331903   3.331571     2.2503     2.6142      8.101     7.9973    11.9522 1.0715e-01     0.2252    94.5262     6.8508     6.7805    31.9623    31.9615    24.8980    24.8979    6.74795 0.0000e+00
        675      9.306     7.9364     7.9328   3.331896   3.331517     2.2499     2.6142      8.101     7.9871    11.8732 1.0715e-01     0.2241    94.5523     6.8514     6.7798    31.9622    31.9614    24.8980    24.8978    6.74795 0.0000e+00
        678      9.405     7.9367     7.9325   3.332000   3.331490     2.2507     2.6142      8.101     7.9973    11.8732 1.0715e-01     0.2157    94.7521     6.8543     6.7786    31.9630    31.9614    24.8985    24.8979    6.74787 0.0000e+00
        681      9.506     7.9372     7.9328   3.332048   3.331576     2.2511     2.6138      8.101     7.9668    11.8732 1.0715e-01     0.2157    94.7521     6.8555     6.7763    31.9630    31.9619    24.8985    24.8983    6.74779 0.0000e+00
        684      9.611     7.9370     7.9330   3.332031   3.331571     2.2503     2.6138      8.101     7.9871    11.8732 1.0715e-01     0.2164    94.7348     6.8522     6.7760    31.9629    31.9616    24.8984    24.8980    6.74782 0.0000e+00
        687      9.717     7.9371     7.9337   3.332052   3.331686     2.2503     2.6142      8.101     7.6412    11.8732 1.0715e-01     0.2157    94.7521     6.8511     6.7758    31.9630    31.9622    24.8985    24.8984    6.74781 0.0000e+00
        690      9.822     7.9373     7.9341   3.332039   3.331683     2.2499     2.6142      8.099     6.8577    12.1496 1.0715e-01     0.2160    94.7435     6.8510     6.7742    31.9626    31.9617    24.8982    24.8979    6.74779 0.0000e+00
        693      9.930     7.9376     7.9342   3.332124   3.331747     2.2507     2.6129      8.101     6.8781    13.4918 1.0715e-01     0.2157    94.7521     6.8551     6.7697    31.9632    31.9623    24.8985    24.8984    6.74771 0.0000e+00
        696     10.039     7.9379     7.9345   3.332140   3.331782     2.2511     2.6133      8.101     6.8882    13.4129 1.0715e-01     0.2138    94.7956     6.8562     6.7709    31.9630    31.9623    24.8984    24.8983    6.74767 0.0000e+00
        699     10.149     7.9377     7.9341   3.332141   3.331716     2.2503     2.6133      8.101     6.8781    13.4129 1.0715e-01     0.2098    94.8912     6.8531     6.7707    31.9632    31.9619    24.8986    24.8980    6.74770 0.0000e+00
        702     10.262     7.9380     7.9342   3.332200   3.331756     2.2503     2.6129      8.101     6.8679    13.4129 1.0715e-01     0.2098    94.8912     6.8527     6.7702    31.9635    31.9622    24.8987    24.8983    6.74764 0.0000e+00
        705     10.372     7.9388     7.9345   3.332342   3.331829     2.2503     2.6125      8.101     6.8882    13.4129 1.0715e-01     0.2098    94.8912     6.8529     6.7686    31.9642    31.9626    24.8992    24.8986    6.74749 0.0000e+00
        708     10.481     7.9396     7.9352   3.332360   3.331931     2.2503     2.6129      8.101     6.8679    13.4129 1.0715e-01     0.2098    94.8912     6.8537     6.7707    31.9636    31.9630    24.8986    24.8988    6.74738 0.0000e+00
        711     10.595     7.9397     7.9354   3.332381   3.331920     2.2507     2.6125      8.101     6.8577    13.4129 1.0715e-01     0.2098    94.8912     6.8561     6.7707    31.9637    31.9627    24.8987    24.8985    6.74737 0.0000e+00
        714     10.706     7.9401     7.9352   3.332467   3.331891     2.2515     2.6129      8.101     6.9289    13.4129 1.0715e-01     0.2102    94.8825     6.8581     6.7731    31.9642    31.9625    24.8990    24.8984    6.74729 0.0000e+00
        717     10.816     7.9404     7.9351   3.332538   3.331933     2.2503     2.6129      8.101     6.9594   226.0075 1.0715e-01     0.2116    94.8478     6.8521     6.7732    31.9646    31.9630    24.8993    24.8988    6.74722 0.0000e+00
        720     10.927     7.9408     7.9359   3.332592   3.332036     2.2507     2.6129      8.101     6.9492   482.1870 1.0715e-01     0.2120    94.8391     6.8559     6.7734    31.9648    31.9633    24.8994    24.8990    6.74716 0.0000e+00
        723     11.037     7.9416     7.9364   3.332686   3.332133     2.2507     2.6121      8.101     6.9594   481.0816 1.0715e-01     0.2124    94.8304     6.8588     6.7724    31.9650    31.9638    24.8995    24.8992    6.74702 0.0000e+00
        726     11.146     7.9414     7.9370   3.332636   3.332173     2.2507     2.6129      8.101     6.9798   481.3579 1.0715e-01     0.2124    94.8304     6.8602     6.7765    31.9646    31.9637    24.8991    24.8991    6.74706 0.0000e+00
        729     11.255     7.9412     7.9371   3.332631   3.332183     2.2503     2.6117      8.101     6.9798   481.3579 1.0715e-01     0.2124    94.8304     6.8607     6.7747    31.9647    31.9636    24.8992    24.8990    6.74709 0.0000e+00
        732     11.364     7.9411     7.9369   3.332679   3.332165     2.2511     2.6129      8.101     6.9696   481.3579 1.0715e-01     0.2120    94.8391     6.8640     6.7792    31.9652    31.9636    24.8997    24.8990    6.74709 0.0000e+00
        735     11.470     7.9416     7.9370   3.332715   3.332222     2.2511     2.6129      8.101     6.9696   481.3579 1.0715e-01     0.2127    94.8217     6.8634     6.7800    31.9651    31.9640    24.8995    24.8993    6.74702 0.0000e+00
        738     11.578     7.9414     7.9371   3.332677   3.332248     2.2503     2.6117      8.101     6.9594   481.3579 1.0715e-01     0.2105    94.8739     6.8615     6.7772    31.9648    31.9642    24.8993    24.8995    6.74705 0.0000e+00
        741     11.685     7.9410     7.9377   3.332658   3.332270     2.2507     2.6117      8.101     6.5524   481.3579 1.0715e-01     0.2102    94.8825     6.8646     6.7795    31.9649    31.9639    24.8994    24.8991    6.74711 0.0000e+00
        744     11.789     7.9413     7.9370   3.332668   3.332184     2.2519     2.6129      8.101     6.4812   135.6400 1.0715e-01     0.2109    94.8652     6.8693     6.7847    31.9648    31.9635    24.8993    24.8989    6.74708 0.0000e+00
        747     11.891     7.9414     7.9371   3.332744   3.332268     2.2523     2.6129      8.101     6.4710     7.2936 1.0715e-01     0.2105    94.8739     6.8705     6.7854    31.9654    31.9643    24.8998    24.8995    6.74704 0.0000e+00
        750     11.993     7.9418     7.9372   3.332786   3.332250     2.2519     2.6129      8.101     6.4812    12.8996 1.0715e-01     0.2109    94.8652     6.8675     6.7848    31.9654    31.9640    24.8997    24.8993    6.74696 0.0000e+00
        753     12.096     7.9415     7.9374   3.332765   3.332315     2.2527     2.6138      8.101     6.4710    12.6233 1.0715e-01     0.2102    94.8825     6.8686     6.7882    31.9655    31.9644    24.8998    24.8996    6.74702 0.0000e+00
        756     12.197     7.9417     7.9376   3.332793   3.332357     2.2515     2.6129      8.101     6.4812    12.6628 1.0715e-01     0.2116    94.8478     6.8605     6.7856    31.9655    31.9646    24.8999    24.8997    6.74698 0.0000e+00
        759     12.295     7.9421     7.9377   3.332825   3.332312     2.2519     2.6129      8.101     6.4710    12.6628 1.0715e-01     0.2164    94.7348     6.8604     6.7852    31.9654    31.9640    24.8997    24.8992    6.74692 0.0000e+00
        762     12.394     7.9424     7.9375   3.332932   3.332272     2.2519     2.6138      8.101     6.4812    12.6628 1.0715e-01     0.2164    94.7348     6.8575     6.7867    31.9663    31.9637    24.9003    24.8990    6.74684 0.0000e+00
        765     12.490     7.9431     7.9375   3.332958   3.332319     2.2523     2.6142      8.101     6.5219    12.6628 1.0715e-01     0.2164    94.7348     6.8537     6.7854    31.9658    31.9642    24.8999    24.8994    6.74675 0.0000e+00
        768     12.582     7.9427     7.9385   3.332872   3.332484     2.2523     2.6133      8.101     6.8068    40.7324 1.0715e-01     0.2164    94.7348     6.8515     6.7806    31.9652    31.9650    24.8994    24.8999    6.74683 0.0000e+00
        771     12.675     7.9422     7.9394   3.332882   3.332546     2.2519     2.6133      8.101     6.8271   449.7352 1.0715e-01     0.2164    94.7348     6.8487     6.7795    31.9657    31.9648    24.8999    24.8996    6.74689 0.0000e+00
        774     12.766     7.9434     7.9396   3.333045   3.332606     2.2515     2.6129      8.101     6.8068   481.4764 1.0715e-01     0.2164    94.7348     6.8466     6.7765    31.9664    31.9652    24.9003    24.8999    6.74668 0.0000e+00
        777     12.855     7.9433     7.9391   3.333011   3.332524     2.2511     2.6142      8.101     6.8170   481.1605 1.0715e-01     0.2116    94.8478     6.8448     6.7801    31.9661    31.9647    24.9000    24.8995    6.74671 0.0000e+00
        780     12.944     7.9424     7.9383   3.332897   3.332442     2.2511     2.6138      8.101     6.8170   481.3579 1.0715e-01     0.2054    94.9955     6.8433     6.7786    31.9656    31.9645    24.8998    24.8995    6.74686 0.0000e+00
        783     13.028     7.9419     7.9380   3.332860   3.332418     2.2515     2.6129      8.101     6.8068   481.3579 1.0715e-01     0.2054    94.9955     6.8438     6.7750    31.9657    31.9646    24.8999    24.8996    6.74694 0.0000e+00
        786     13.112     7.9435     7.9372   3.333105   3.332310     2.2503     2.6129      8.101     6.8271   481.3579 1.0715e-01     0.2054    94.9955     6.8398     6.7759    31.9668    31.9640    24.9005    24.8993    6.74664 0.0000e+00
        789     13.195     7.9446     7.9374   3.333236   3.332411     2.2503     2.6129      8.101     6.8068   481.3579 1.0715e-01     0.2054    94.9955     6.8404     6.7772    31.9671    31.9650    24.9006    24.9000    6.74646 0.0000e+00
        792     13.279     7.9455     7.9391   3.333327   3.332598     2.2511     2.6133      8.101     6.7458   481.3579 1.0715e-01     0.2054    94.9955     6.8449     6.7794    31.9672    31.9653    24.9006    24.9000    6.74632 0.0000e+00
        795     13.359     7.9458     7.9412   3.333380   3.332890     2.2503     2.6129      8.101     6.6847   481.3579 1.0715e-01     0.2054    94.9955     6.8419     6.7792    31.9675    31.9665    24.9008    24.9006    6.74626 0.0000e+00
        798     13.438     7.9455     7.9420   3.333368   3.332929     2.2507     2.6125      8.101     6.6847   481.3579 1.0715e-01     0.2120    94.8391     6.8443     6.7774    31.9676    31.9661    24.9009    24.9002    6.74630 0.0000e+00
        801     13.518     7.9458     7.9420   3.333409   3.332969     2.2499     2.6129      8.101     6.6847   481.3579 1.0715e-01     0.2138    94.7956     6.8427     6.7802    31.9677    31.9665    24.9010    24.9005    6.74625 0.0000e+00
        804     13.597     7.9456     7.9424   3.333388   3.333021     2.2491     2.6129      8.101     6.6847   481.3579 1.0715e-01     0.2138    94.7956     6.8400     6.7832    31.9677    31.9666    24.9010    24.9006    6.74629 0.0000e+00
        807     13.676     7.9463     7.9435   3.333504   3.333154     2.2507     2.6129      8.101     6.6949   481.3579 1.0715e-01     0.2135    94.8043     6.8465     6.7845    31.9681    31.9671    24.9012    24.9008    6.74615 0.0000e+00
        810     13.754     7.9476     7.9427   3.333632   3.333033     2.2503     2.6142      8.101     6.6847   481.3579 1.0715e-01     0.2142    94.7869     6.8474     6.7891    31.9683    31.9665    24.9012    24.9004    6.74595 0.0000e+00
        813     13.837     7.9477     7.9426   3.333643   3.333120     2.2499     2.6129      8.101     6.6949   481.3579 1.0715e-01     0.2138    94.7956     6.8465     6.7842    31.9683    31.9674    24.9012    24.9012    6.74593 0.0000e+00
        816     13.915     7.9481     7.9436   3.333683   3.333226     2.2499     2.6138      8.099     6.6949   481.3579 1.0715e-01     0.2138    94.7956     6.8481     6.7858    31.9684    31.9676    24.9012    24.9012    6.74587 0.0000e+00
        819     13.996     7.9483     7.9438   3.333770   3.333247     2.2491     2.6133      8.101     7.0917   481.3579 1.0715e-01     0.2072    94.9521     6.8463     6.7851    31.9690    31.9676    24.9017    24.9011    6.74581 0.0000e+00
        822     14.076     7.9484     7.9433   3.333805   3.333127     2.2495     2.6133      8.101     7.3054   232.7979 1.0715e-01     0.2065    94.9695     6.8475     6.7854    31.9693    31.9667    24.9019    24.9005    6.74578 0.0000e+00
        825     14.156     7.9484     7.9426   3.333779   3.333128     2.2499     2.6142      8.099     7.2952     2.8720 1.0715e-01     0.2069    94.9608     6.8494     6.7878    31.9690    31.9674    24.9016    24.9011    6.74580 0.0000e+00
        828     14.236     7.9483     7.9435   3.333796   3.333239     2.2495     2.6142      8.101     7.2952    11.0441 1.0715e-01     0.2069    94.9608     6.8470     6.7874    31.9692    31.9677    24.9018    24.9013    6.74580 0.0000e+00
        831     14.318     7.9487     7.9436   3.333815   3.333192     2.2495     2.6138      8.101     7.2952    10.6888 1.0715e-01     0.2069    94.9608     6.8473     6.7865    31.9690    31.9671    24.9015    24.9008    6.74574 0.0000e+00
        834     14.396     7.9487     7.9442   3.333811   3.333288     2.2503     2.6142      8.101     7.2850    10.6493 1.0715e-01     0.2065    94.9695     6.8526     6.7877    31.9690    31.9675    24.9015    24.9010    6.74575 0.0000e+00
        837     14.475     7.9487     7.9441   3.333815   3.333311     2.2499     2.6129      8.101     7.2850    10.6888 1.0715e-01     0.2080    94.9347     6.8521     6.7840    31.9690    31.9677    24.9015    24.9012    6.74575 0.0000e+00
        840     14.552     7.9484     7.9442   3.333772   3.333293     2.2503     2.6133      8.101     7.2952    10.6888 1.0715e-01     0.2109    94.8652     6.8531     6.7850    31.9688    31.9674    24.9014    24.9010    6.74580 0.0000e+00
        843     14.630     7.9482     7.9436   3.333739   3.333241     2.2495     2.6142      8.101     7.2850    10.6099 1.0715e-01     0.2109    94.8652     6.8482     6.7895    31.9685    31.9674    24.9012    24.9010    6.74584 0.0000e+00
