Datasets/AZMP/HUD120/hud120_2020_018.cnv
* Sea-Bird SBE 9 Data File:
* FileName = C:\CTDDATA\hud120_2020_018.hex
* Software Version Seasave V 7.26.7.110
* Temperature SN = 1697
* Conductivity SN = 4216
* Number of Bytes Per Scan = 30
* Number of Voltage Words = 4
* Number of Scans Averaged by the Deck Unit = 1
* NMEA baud rate = 4800
** VESSEL/TRIP/SEQ STN:  hud120_2020_018
** LATITUDE XX XX.XX: 46 12.50 N
** LONGITUDE XX XX.XX: 052 36.50 W
** SOUNDING DEPTH (M): 0131
** PROBE TYPE: S1146
** CTD NUMBER: 008
** FORMAT: V
** COMMENTS (14 CHAR): SEGB-04
** BOTTLES:  0
** LEVELS:
** STICKERS:
** VNET: Y
** DO2: N
# nquan = 22
# nvalues = 2118                        
# units = specified
# name 0 = scan: Scan Count
# name 1 = prDM: Pressure, Digiquartz [db]
# name 2 = t090C: Temperature [ITS-90, deg C]
# name 3 = t190C: Temperature, 2 [ITS-90, deg C]
# name 4 = c0S/m: Conductivity [S/m]
# name 5 = c1S/m: Conductivity, 2 [S/m]
# name 6 = sbeox0V: Oxygen raw, SBE 43 [V]
# name 7 = sbeox1V: Oxygen raw, SBE 43, 2 [V]
# name 8 = ph: pH
# name 9 = flECO-AFL: Fluorescence, WET Labs ECO-AFL/FL [mg/m^3]
# name 10 = wetCDOM: Fluorescence, WET Labs CDOM [mg/m^3]
# name 11 = par/sat/log: PAR/Logarithmic, Satlantic [umol photons/m^2/sec]
# name 12 = CStarAt0: Beam Attenuation, WET Labs C-Star [1/m]
# name 13 = CStarTr0: Beam Transmission, WET Labs C-Star [%]
# name 14 = sbeox0ML/L: Oxygen, SBE 43 [ml/l], WS = 2
# name 15 = sbeox1ML/L: Oxygen, SBE 43, 2 [ml/l], WS = 2
# name 16 = sal00: Salinity, Practical [PSU]
# name 17 = sal11: Salinity, Practical, 2 [PSU]
# name 18 = sigma-t00: Density [sigma-t, kg/m^3 ]
# name 19 = sigma-t11: Density, 2 [sigma-t, kg/m^3 ]
# name 20 = oxsatML/L: Oxygen Saturation, Weiss [ml/l]
# name 21 = flag: flag
# span 0 =          2,       8497       
# span 1 =      1.193,    123.656       
# span 2 =    -0.7193,     8.7296       
# span 3 =    -0.7279,     8.7257       
# span 4 =   2.693867,   3.405193       
# span 5 =   2.693345,   3.404804       
# span 6 =     1.7956,     2.2035       
# span 7 =     2.0906,     2.6318       
# span 8 =      7.788,      8.075       
# span 9 =     0.9765,     6.7458       
# span 10 =    -2.8130,   482.1870      
# span 11 = 1.0715e-01, 9.0397e+01      
# span 12 =     0.0640,     0.2399      
# span 13 =    94.1785,    98.4116      
# span 14 =     5.8462,     8.2488      
# span 15 =     5.8377,     8.3605      
# span 16 =    31.9278,    33.2851      
# span 17 =    31.9404,    33.2858      
# span 18 =    24.7890,    26.7368      
# span 19 =    24.7902,    26.7376      
# span 20 =    6.62493,    8.31725      
# span 21 = 0.0000e+00, 0.0000e+00      
# interval = scans: 3                   
# start_time = Nov 17 2020 19:26:10 [System UTC, header]
# bad_flag = -9.990e-29
*END*
          2      3.541     8.5835     8.5762   3.387202   3.386395     2.1990     2.5629      8.075     5.6265   481.1211 3.0431e+01     0.2395    94.1872     6.5448     6.5125    31.9596    31.9578    24.8014    24.8011    6.64909 0.0000e+00
          5      3.575     8.5848     8.5773   3.387340   3.386491     2.1986     2.5621      8.075     5.6163   177.7641 3.0856e+01     0.2395    94.1872     6.5431     6.5098    31.9599    31.9578    24.8015    24.8009    6.64888 0.0000e+00
          8      3.623     8.5851     8.5766   3.387261   3.386352     2.1986     2.5617      8.075     5.6265     8.9913 3.1763e+01     0.2384    94.2132     6.5431     6.5088    31.9587    31.9570    24.8005    24.8004    6.64888 0.0000e+00
         11      3.672     8.5838     8.5761   3.387193   3.386317     2.1986     2.5608      8.075     5.6265    16.2554 3.4133e+01     0.2362    94.2654     6.5433     6.5061    31.9592    31.9570    24.8011    24.8005    6.64907 0.0000e+00
         14      3.720     8.5840     8.5760   3.387222   3.386347     2.1982     2.5604      8.075     5.6265    15.9001 3.8506e+01     0.2366    94.2567     6.5418     6.5048    31.9593    31.9574    24.8011    24.8008    6.64903 0.0000e+00
         17      3.757     8.5842     8.5757   3.387172   3.386285     2.1978     2.5604      8.075     5.6265    15.9001 4.3005e+01     0.2369    94.2480     6.5403     6.5049    31.9586    31.9570    24.8005    24.8005    6.64903 0.0000e+00
        528      3.807     8.5702     8.5644   3.385654   3.385048     2.1945     2.5547      8.075     5.2908   299.8333 3.9656e+01     0.2373    94.2393     6.5415     6.4950    31.9553    31.9542    24.8000    24.8000    6.65128 0.0000e+00
        531      3.906     8.5718     8.5639   3.385821   3.384944     2.1941     2.5552      8.075     5.2806     0.7401 3.9201e+01     0.2373    94.2393     6.5406     6.4955    31.9556    31.9536    24.8001    24.7996    6.65103 0.0000e+00
        534      4.008     8.5718     8.5647   3.385783   3.385180     2.1945     2.5547      8.075     5.3009    11.7942 3.7217e+01     0.2369    94.2480     6.5416     6.4940    31.9552    31.9552    24.7997    24.8008    6.65105 0.0000e+00
        537      4.117     8.5704     8.5666   3.385608   3.385321     2.1950     2.5552      8.075     5.2806    11.2810 3.5819e+01     0.2366    94.2567     6.5444     6.4931    31.9546    31.9549    24.7994    24.8003    6.65129 0.0000e+00
        540      4.231     8.5686     8.5651   3.385450   3.385051     2.1954     2.5547      8.075     5.3111    11.3205 3.6110e+01     0.2362    94.2654     6.5472     6.4916    31.9545    31.9535    24.7996    24.7994    6.65156 0.0000e+00
        543      4.352     8.5672     8.5631   3.385250   3.384890     2.1958     2.5552      8.075     5.2806    11.3600 3.5003e+01     0.2362    94.2654     6.5476     6.4929    31.9536    31.9535    24.7991    24.7997    6.65181 0.0000e+00
        546      4.470     8.5659     8.5625   3.385169   3.384834     2.1950     2.5552      8.075     5.2908    11.3205 3.4279e+01     0.2369    94.2480     6.5448     6.4930    31.9539    31.9534    24.7995    24.7997    6.65199 0.0000e+00
        549      4.590     8.5662     8.5627   3.385188   3.384830     2.1954     2.5547      8.075     5.2704    11.3600 3.3308e+01     0.2366    94.2567     6.5461     6.4907    31.9537    31.9531    24.7994    24.7995    6.65195 0.0000e+00
        552      4.715     8.5655     8.5617   3.385117   3.384746     2.1962     2.5543      8.075     5.2704    11.3600 3.0442e+01     0.2373    94.2393     6.5503     6.4903    31.9535    31.9531    24.7993    24.7996    6.65206 0.0000e+00
        555      4.844     8.5651     8.5612   3.385034   3.384677     2.1962     2.5552      8.075     5.2602   316.5330 2.7406e+01     0.2377    94.2306     6.5521     6.4925    31.9530    31.9528    24.7990    24.7994    6.65215 0.0000e+00
        558      4.965     8.5648     8.5612   3.385105   3.384740     2.1954     2.5552      8.075     5.2602   482.1870 2.5148e+01     0.2373    94.2393     6.5511     6.4924    31.9539    31.9534    24.7998    24.7999    6.65215 0.0000e+00
        561      5.085     8.5659     8.5621   3.385188   3.384805     2.1966     2.5552      8.075     5.2602   480.8842 2.4288e+01     0.2373    94.2393     6.5561     6.4923    31.9538    31.9532    24.7995    24.7996    6.65200 0.0000e+00
        564      5.203     8.5646     8.5612   3.384974   3.384703     2.1966     2.5556      8.075     5.2500   481.1211 2.4373e+01     0.2373    94.2393     6.5586     6.4929    31.9527    31.9529    24.7988    24.7995    6.65224 0.0000e+00
        567      5.317     8.5634     8.5586   3.384919   3.384379     2.1954     2.5556      8.075     5.2704   481.1211 2.4177e+01     0.2373    94.2393     6.5565     6.4932    31.9531    31.9518    24.7993    24.7991    6.65240 0.0000e+00
        570      5.425     8.5646     8.5595   3.385043   3.384566     2.1970     2.5552      8.075     5.2704   481.0816 2.4093e+01     0.2373    94.2393     6.5643     6.4921    31.9533    31.9529    24.7993    24.7998    6.65222 0.0000e+00
        573      5.526     8.5633     8.5591   3.384825   3.384443     2.1958     2.5543      8.075     5.2704   481.0816 2.4176e+01     0.2377    94.2306     6.5595     6.4893    31.9522    31.9520    24.7986    24.7991    6.65246 0.0000e+00
        576      5.619     8.5610     8.5592   3.384568   3.384502     2.1978     2.5556      8.075     5.2704   481.0816 2.4514e+01     0.2351    94.2915     6.5674     6.4930    31.9515    31.9524    24.7984    24.7994    6.65284 0.0000e+00
        579      5.710     8.5582     8.5576   3.384254   3.384306     2.1982     2.5543      8.075     5.2602   470.9355 2.4177e+01     0.2351    94.2915     6.5712     6.4901    31.9506    31.9518    24.7982    24.7992    6.65329 0.0000e+00
        582      5.789     8.5570     8.5537   3.384251   3.383839     2.1990     2.5556      8.075     5.2806    54.6685 2.3816e+01     0.2351    94.2915     6.5730     6.4959    31.9517    31.9504    24.7992    24.7987    6.65343 0.0000e+00
        585      5.861     8.5604     8.5517   3.384635   3.383735     2.1982     2.5547      8.075     5.2602    11.6758 2.3542e+01     0.2351    94.2915     6.5681     6.4938    31.9526    31.9511    24.7994    24.7995    6.65288 0.0000e+00
        588      5.926     8.5605     8.5525   3.384610   3.383811     2.1994     2.5543      8.075     5.2704    13.6497 2.3733e+01     0.2351    94.2915     6.5726     6.4934    31.9522    31.9511    24.7990    24.7994    6.65287 0.0000e+00
        591      5.981     8.5616     8.5517   3.384727   3.383701     2.1990     2.5547      8.075     5.2704    13.5313 2.3191e+01     0.2351    94.2915     6.5697     6.4964    31.9525    31.9506    24.7991    24.7991    6.65271 0.0000e+00
        594      6.035     8.5615     8.5532   3.384725   3.383915     2.1994     2.5552      8.075     5.2806    13.5313 2.2898e+01     0.2377    94.2306     6.5691     6.5002    31.9525    31.9515    24.7991    24.7996    6.65272 0.0000e+00
        597      6.086     8.5625     8.5542   3.384807   3.383936     2.1990     2.5552      8.075     5.2602    13.5313 2.2272e+01     0.2391    94.1959     6.5669     6.5000    31.9524    31.9508    24.7989    24.7989    6.65257 0.0000e+00
        600      6.137     8.5633     8.5546   3.384880   3.383948     2.1994     2.5552      8.075     5.4026    13.5313 2.1537e+01     0.2388    94.2045     6.5666     6.4995    31.9524    31.9506    24.7988    24.7987    6.65244 0.0000e+00
        603      6.184     8.5630     8.5546   3.384825   3.383996     2.1998     2.5560      8.075     5.6672    13.5313 2.1215e+01     0.2391    94.1959     6.5679     6.5024    31.9521    31.9510    24.7986    24.7990    6.65250 0.0000e+00
        606      6.234     8.5625     8.5555   3.384771   3.384094     2.1990     2.5556      8.075     5.6571   103.8594 2.1044e+01     0.2395    94.1872     6.5641     6.5012    31.9520    31.9512    24.7986    24.7990    6.65259 0.0000e+00
        609      6.283     8.5620     8.5579   3.384711   3.384477     2.1998     2.5556      8.075     5.6367   478.6734 2.0779e+01     0.2388    94.2045     6.5678     6.5007    31.9518    31.9531    24.7985    24.8001    6.65267 0.0000e+00
        612      6.340     8.5621     8.5592   3.384755   3.384429     2.2002     2.5556      8.075     5.6571   481.2395 2.0257e+01     0.2391    94.1959     6.5689     6.5010    31.9521    31.9514    24.7987    24.7986    6.65264 0.0000e+00
        615      6.400     8.5628     8.5572   3.384867   3.384192     2.2002     2.5560      8.075     5.6672   480.9631 1.9908e+01     0.2380    94.2219     6.5681     6.5024    31.9526    31.9506    24.7990    24.7983    6.65251 0.0000e+00
        618      6.460     8.5630     8.5562   3.384902   3.384129     2.2006     2.5564      8.075     5.6571   481.0421 1.9680e+01     0.2380    94.2219     6.5695     6.5028    31.9528    31.9509    24.7991    24.7986    6.65247 0.0000e+00
        621      6.522     8.5635     8.5575   3.384973   3.384353     2.2015     2.5556      8.075     5.6672   481.0421 1.9230e+01     0.2377    94.2306     6.5718     6.4990    31.9530    31.9520    24.7993    24.7993    6.65238 0.0000e+00
        624      6.585     8.5630     8.5582   3.384873   3.384394     2.2011     2.5556      8.075     5.6571   481.0026 1.8682e+01     0.2377    94.2306     6.5692     6.4992    31.9525    31.9518    24.7989    24.7991    6.65249 0.0000e+00
        627      6.651     8.5628     8.5584   3.384847   3.384442     2.2011     2.5560      8.075     5.4840   481.0816 1.8382e+01     0.2377    94.2306     6.5689     6.5024    31.9523    31.9521    24.7988    24.7993    6.65253 0.0000e+00
        630      6.722     8.5631     8.5579   3.384862   3.384344     2.2006     2.5560      8.075     5.3823   481.0026 1.8424e+01     0.2377    94.2306     6.5654     6.5047    31.9522    31.9515    24.7987    24.7989    6.65249 0.0000e+00
        633      6.798     8.5621     8.5571   3.384730   3.384327     2.2019     2.5560      8.075     5.3925   264.1442 1.8340e+01     0.2380    94.2219     6.5691     6.5073    31.9517    31.9519    24.7984    24.7993    6.65266 0.0000e+00
        636      6.880     8.5605     8.5575   3.384623   3.384317     2.2006     2.5568      8.075     5.3925     4.2143 1.8297e+01     0.2373    94.2393     6.5637     6.5123    31.9519    31.9515    24.7988    24.7990    6.65289 0.0000e+00
        639      6.962     8.5613     8.5573   3.384757   3.384306     2.2011     2.5564      8.075     5.3823    14.3999 1.8129e+01     0.2373    94.2393     6.5647     6.5135    31.9526    31.9515    24.7993    24.7990    6.65274 0.0000e+00
        642      7.053     8.5617     8.5580   3.384764   3.384429     2.2015     2.5560      8.075     5.3925    13.8866 1.7674e+01     0.2373    94.2393     6.5660     6.5162    31.9522    31.9521    24.7989    24.7994    6.65269 0.0000e+00
        645      7.147     8.5624     8.5584   3.384927   3.384474     2.2011     2.5564      8.075     5.4027    13.8866 1.7210e+01     0.2373    94.2393     6.5638     6.5207    31.9533    31.9521    24.7996    24.7993    6.65255 0.0000e+00
        648      7.245     8.5653     8.5589   3.385284   3.384581     2.2015     2.5572      8.075     5.4027    13.8866 1.6855e+01     0.2373    94.2393     6.5656     6.5253    31.9544    31.9528    24.8000    24.7998    6.65206 0.0000e+00
        651      7.347     8.5670     8.5613   3.385432   3.384901     2.2015     2.5580      8.075     5.3721    13.8866 1.6319e+01     0.2373    94.2393     6.5652     6.5286    31.9543    31.9540    24.7997    24.8003    6.65180 0.0000e+00
        654      7.448     8.5666     8.5639   3.385370   3.385230     2.2011     2.5580      8.075     5.2195    13.8866 1.5909e+01     0.2384    94.2132     6.5627     6.5294    31.9541    31.9549    24.7996    24.8007    6.65188 0.0000e+00
        657      7.549     8.5666     8.5681   3.385468   3.385645     2.2019     2.5592      8.075     5.2093    13.8866 1.5599e+01     0.2399    94.1785     6.5659     6.5328    31.9550    31.9555    24.8003    24.8004    6.65184 0.0000e+00
        660      7.648     8.5743     8.5766   3.386469   3.386939     2.2019     2.5592      8.075     5.2195   356.4068 1.5296e+01     0.2399    94.1785     6.5667     6.5315    31.9584    31.9613    24.8019    24.8038    6.65053 0.0000e+00
        663      7.749     8.5778     8.5857   3.386711   3.387767     2.2019     2.5600      8.075     5.2297   481.9896 1.5207e+01     0.2399    94.1785     6.5662     6.5325    31.9577    31.9616    24.8008    24.8027    6.65003 0.0000e+00
        666      7.850     8.5788     8.5858   3.386879   3.387537     2.2023     2.5604      8.075     5.2093   480.8447 1.5172e+01     0.2395    94.1872     6.5677     6.5318    31.9585    31.9592    24.8013    24.8007    6.64984 0.0000e+00
        669      7.952     8.5847     8.5805   3.387852   3.387130     2.2015     2.5613      8.075     5.2093   481.0026 1.5102e+01     0.2395    94.1872     6.5629     6.5320    31.9634    31.9596    24.8042    24.8019    6.64875 0.0000e+00
        672      8.054     8.6045     8.5857   3.390468   3.387926     2.2015     2.5608      8.075     5.2093   481.0026 1.4911e+01     0.2395    94.1872     6.5594     6.5265    31.9727    31.9632    24.8086    24.8039    6.64536 0.0000e+00
        675      8.158     8.6143     8.5999   3.390989   3.389925     2.2019     2.5613      8.075     5.2093   481.0026 1.4604e+01     0.2369    94.2480     6.5596     6.5228    31.9693    31.9712    24.8044    24.8081    6.64403 0.0000e+00
        678      8.264     8.6081     8.6123   3.389972   3.390802     2.2015     2.5613      8.075     5.2195   481.0026 1.4453e+01     0.2351    94.2915     6.5591     6.5193    31.9642    31.9692    24.8013    24.8046    6.64518 0.0000e+00
        681      8.371     8.6120     8.6060   3.391003   3.389655     2.2023     2.5617      8.075     5.2297   481.0421 1.4320e+01     0.2351    94.2915     6.5613     6.5209    31.9714    31.9628    24.8064    24.8006    6.64428 0.0000e+00
        684      8.478     8.6240     8.5983   3.392479   3.389228     2.2027     2.5617      8.075     5.2398   450.1300 1.4270e+01     0.2351    94.2915     6.5615     6.5214    31.9760    31.9652    24.8082    24.8036    6.64229 0.0000e+00
        687      8.589     8.6303     8.6048   3.392801   3.390369     2.2027     2.5617      8.075     5.2297    31.8891 1.4237e+01     0.2351    94.2915     6.5621     6.5178    31.9736    31.9712    24.8053    24.8074    6.64143 0.0000e+00
        690      8.701     8.6146     8.6138   3.390352   3.391334     2.2023     2.5617      8.075     5.2297     8.3596 1.4122e+01     0.2351    94.2915     6.5645     6.5168    31.9621    31.9732    24.7987    24.8075    6.64429 0.0000e+00
        693      8.814     8.6013     8.6151   3.389576   3.390618     2.2019     2.5617      8.075     5.2398     9.8203 1.3960e+01     0.2355    94.2828     6.5656     6.5165    31.9660    31.9645    24.8038    24.8005    6.64613 0.0000e+00
        696      8.926     8.6036     8.6031   3.389938   3.389677     2.2027     2.5617      8.075     5.2297     9.7413 1.3720e+01     0.2362    94.2654     6.5681     6.5184    31.9677    31.9654    24.8047    24.8030    6.64571 0.0000e+00
        699      9.040     8.6233     8.6000   3.393571   3.389476     2.2023     2.5621      8.075     5.2297     9.7413 1.3500e+01     0.2362    94.2654     6.5609     6.5193    31.9878    31.9660    24.8175    24.8040    6.64189 0.0000e+00
        702      9.150     8.6593     8.6077   3.397377   3.390813     2.2027     2.5625      8.075     5.2297     9.7413 1.3146e+01     0.2362    94.2654     6.5560     6.5188    31.9949    31.9730    24.8177    24.8083    6.63616 0.0000e+00
