Datasets/AZMP/HUD120/hud120_2020_081.cnv
* Sea-Bird SBE 9 Data File:
* FileName = C:\CTDDATA\hud120_2020_081.hex
* Software Version Seasave V 7.26.7.110
* Temperature SN = 1697
* Conductivity SN = 4216
* Number of Bytes Per Scan = 30
* Number of Voltage Words = 4
* Number of Scans Averaged by the Deck Unit = 1
* NMEA baud rate = 4800
** VESSEL/TRIP/SEQ STN:  hud120_2020_081
** LATITUDE XX XX.XX: 47 00.00 N
** LONGITUDE XX XX.XX: 052 42.30 W
** SOUNDING DEPTH (M): 0190
** PROBE TYPE: S1146
** CTD NUMBER: 060
** FORMAT: V
** COMMENTS (14 CHAR): FC-02
** BOTTLES:  10
** LEVELS: 5,10,20,30,40,50,75,100,150,BTM
** STICKERS: 439920 - 439929
** VNET: Y
** DO2: N
# nquan = 22
# nvalues = 4332                        
# units = specified
# name 0 = scan: Scan Count
# name 1 = prDM: Pressure, Digiquartz [db]
# name 2 = t090C: Temperature [ITS-90, deg C]
# name 3 = t190C: Temperature, 2 [ITS-90, deg C]
# name 4 = c0S/m: Conductivity [S/m]
# name 5 = c1S/m: Conductivity, 2 [S/m]
# name 6 = sbeox0V: Oxygen raw, SBE 43 [V]
# name 7 = sbeox1V: Oxygen raw, SBE 43, 2 [V]
# name 8 = ph: pH
# name 9 = flECO-AFL: Fluorescence, WET Labs ECO-AFL/FL [mg/m^3]
# name 10 = wetCDOM: Fluorescence, WET Labs CDOM [mg/m^3]
# name 11 = par/sat/log: PAR/Logarithmic, Satlantic [umol photons/m^2/sec]
# name 12 = CStarAt0: Beam Attenuation, WET Labs C-Star [1/m]
# name 13 = CStarTr0: Beam Transmission, WET Labs C-Star [%]
# name 14 = sbeox0ML/L: Oxygen, SBE 43 [ml/l], WS = 2
# name 15 = sbeox1ML/L: Oxygen, SBE 43, 2 [ml/l], WS = 2
# name 16 = sal00: Salinity, Practical [PSU]
# name 17 = sal11: Salinity, Practical, 2 [PSU]
# name 18 = sigma-t00: Density [sigma-t, kg/m^3 ]
# name 19 = sigma-t11: Density, 2 [sigma-t, kg/m^3 ]
# name 20 = oxsatML/L: Oxygen Saturation, Weiss [ml/l]
# name 21 = flag: flag
# span 0 =          2,      38049       
# span 1 =      0.417,    181.326       
# span 2 =    -0.6001,     3.9304       
# span 3 =    -0.6045,     3.9259       
# span 4 =   2.694346,   2.962577       
# span 5 =   2.693850,   2.962064       
# span 6 =     1.8853,     2.2196       
# span 7 =     2.2331,     2.6237       
# span 8 =      8.003,      8.148       
# span 9 =     1.0173,     5.2094       
# span 10 =    -2.8130,   482.1870      
# span 11 = 1.0424e-01, 6.5737e-01      
# span 12 =     0.0881,     1.3795      
# span 13 =    70.8309,    97.8205      
# span 14 =     6.8527,     7.7292      
# span 15 =     6.9808,     7.8774      
# span 16 =    31.5965,    33.2320      
# span 17 =    31.5970,    33.2312      
# span 18 =    25.0868,    26.6953      
# span 19 =    25.0872,    26.6949      
# span 20 =    7.44228,    8.29438      
# span 21 = 0.0000e+00, 0.0000e+00      
# interval = scans: 3                   
# start_time = Nov 27 2020 03:38:50 [System UTC, header]
# bad_flag = -9.990e-29
*END*
[from data line 593]
       2422     57.378     2.7499     2.7353   2.897344   2.896502     2.1705     2.5723      8.138     2.5130     1.9245 1.0740e-01     0.1228    96.9774     7.5338     7.6370    31.9481    31.9524    25.4701    25.4747    7.64777 0.0000e+00
       2425     57.512     2.7212     2.7111   2.895973   2.895359     2.1709     2.5718      8.136     2.5130     1.9245 1.0740e-01     0.1238    96.9513     7.5411     7.6406    31.9598    31.9625    25.4818    25.4847    7.65271 0.0000e+00
       2428     57.649     2.6999     2.6917   2.894966   2.894460     2.1705     2.5723      8.136     2.5130     1.9245 1.0752e-01     0.1238    96.9513     7.5431     7.6454    31.9689    31.9708    25.4907    25.4929    7.65639 0.0000e+00
       2431     57.788     2.6692     2.6655   2.893241   2.892935     2.1693     2.5727      8.138     2.5231     1.9245 1.0752e-01     0.1238    96.9513     7.5437     7.6542    31.9784    31.9783    25.5008    25.5010    7.66186 0.0000e+00
       2434     57.931     2.6344     2.6295   2.891771   2.891391     2.1697     2.5714      8.136     2.4417     1.9245 1.0715e-01     0.1238    96.9513     7.5542     7.6569    31.9950    31.9954    25.5169    25.5175    7.66776 0.0000e+00
       2437     58.077     2.6126     2.6087   2.890862   2.890486     2.1697     2.5714      8.137     2.4112     1.9245 1.0715e-01     0.1238    96.9513     7.5572     7.6619    32.0057    32.0050    25.5271    25.5269    7.67147 0.0000e+00
       2440     58.225     2.5916     2.5884   2.890221   2.889822     2.1697     2.5723      8.137     2.4315     1.6087 1.0715e-01     0.1238    96.9513     7.5605     7.6716    32.0188    32.0171    25.5393    25.5382    7.67488 0.0000e+00
       2443     58.375     2.5783     2.5724   2.890020   2.889567     2.1685     2.5718      8.138     2.4112     1.5692 1.0715e-01     0.1256    96.9079     7.5568     7.6745    32.0296    32.0299    25.5489    25.5496    7.67691 0.0000e+00
       2446     58.531     2.5719     2.5663   2.889979   2.889543     2.1697     2.5723      8.137     2.4315     1.5692 1.0715e-01     0.1267    96.8818     7.5633     7.6808    32.0354    32.0357    25.5540    25.5548    7.67786 0.0000e+00
       2449     58.690     2.5694     2.5635   2.889979   2.889513     2.1693     2.5702      8.137     2.4112     1.5297 1.0715e-01     0.1271    96.8731     7.5627     7.6744    32.0378    32.0381    25.5562    25.5568    7.67823 0.0000e+00
       2452     58.851     2.5653     2.5610   2.889930   2.889479     2.1693     2.5706      8.137     2.4112     1.5692 1.0715e-01     0.1271    96.8731     7.5655     7.6783    32.0412    32.0401    25.5592    25.5586    7.67884 0.0000e+00
       2455     59.012     2.5622     2.5576   2.889905   2.889431     2.1689     2.5714      8.137     2.4315     1.5692 1.0715e-01     0.1271    96.8731     7.5642     7.6860    32.0439    32.0427    25.5616    25.5610    7.67931 0.0000e+00
       2458     59.175     2.5605     2.5553   2.889883   2.889373     2.1693     2.5714      8.137     2.4214     1.5692 1.0715e-01     0.1271    96.8731     7.5651     7.6893    32.0453    32.0443    25.5629    25.5624    7.67958 0.0000e+00
       2461     59.338     2.5589     2.5541   2.889815   2.889358     2.1685     2.5714      8.137     2.4010     1.5692 1.0715e-01     0.1271    96.8731     7.5598     7.6910    32.0460    32.0453    25.5635    25.5633    7.67985 0.0000e+00
       2464     59.500     2.5577     2.5523   2.889793   2.889299     2.1681     2.5714      8.137     2.4010     2.0429 1.0715e-01     0.1228    96.9774     7.5583     7.6937    32.0469    32.0462    25.5643    25.5642    7.68005 0.0000e+00
       2467     59.664     2.5553     2.5507   2.889706   2.889246     2.1685     2.5714      8.137     2.4112     4.6486 1.0715e-01     0.1217    97.0035     7.5616     7.6990    32.0480    32.0471    25.5655    25.5651    7.68045 0.0000e+00
       2470     59.829     2.5544     2.5496   2.889708   2.889220     2.1681     2.5723      8.137     2.4010     4.6485 1.0715e-01     0.1217    97.0035     7.5582     7.7052    32.0489    32.0478    25.5662    25.5657    7.68058 0.0000e+00
       2473     59.995     2.5548     2.5496   2.889716   2.889248     2.1685     2.5714      8.137     2.3909     4.6485 1.0715e-01     0.1217    97.0035     7.5633     7.7042    32.0486    32.0480    25.5659    25.5659    7.68053 0.0000e+00
       2476     60.159     2.5530     2.5476   2.889629   2.889156     2.1677     2.5723      8.137     2.4010     4.6485 1.0715e-01     0.1217    97.0035     7.5621     7.7067    32.0492    32.0489    25.5666    25.5667    7.68084 0.0000e+00
       2479     60.324     2.5477     2.5427   2.889409   2.888992     2.1677     2.5727      8.137     2.4112     4.6485 1.0715e-01     0.1217    97.0035     7.5615     7.7094    32.0517    32.0516    25.5690    25.5693    7.68175 0.0000e+00
       2482     60.489     2.5417     2.5396   2.889229   2.888865     2.1673     2.5718      8.137     2.3909     4.6485 1.0715e-01     0.1224    96.9861     7.5605     7.7063    32.0555    32.0531    25.5725    25.5707    7.68273 0.0000e+00
       2485     60.653     2.5394     2.5350   2.889103   2.888658     2.1673     2.5727      8.137     2.3807     4.6485 1.0715e-01     0.1228    96.9774     7.5603     7.7087    32.0561    32.0551    25.5732    25.5727    7.68314 0.0000e+00
       2488     60.816     2.5356     2.5314   2.888890   2.888457     2.1673     2.5731      8.137     2.3909     4.6485 1.0715e-01     0.1228    96.9774     7.5590     7.7100    32.0573    32.0562    25.5744    25.5738    7.68383 0.0000e+00
       2491     60.979     2.5329     2.5291   2.888842   2.888409     2.1677     2.5731      8.137     2.3909     6.8199 1.0715e-01     0.1228    96.9774     7.5607     7.7100    32.0593    32.0578    25.5762    25.5753    7.68425 0.0000e+00
       2494     61.140     2.5324     2.5290   2.888791   2.888405     2.1673     2.5727      8.137     2.4010    10.1361 1.0715e-01     0.1228    96.9774     7.5613     7.7087    32.0591    32.0578    25.5761    25.5753    7.68436 0.0000e+00
       2497     61.301     2.5316     2.5282   2.888785   2.888360     2.1681     2.5735      8.137     2.4010     9.9782 1.0715e-01     0.1228    96.9774     7.5649     7.7102    32.0597    32.0579    25.5766    25.5755    7.68447 0.0000e+00
       2500     61.461     2.5316     2.5271   2.888759   2.888293     2.1669     2.5731      8.137     2.3807     9.9782 1.0715e-01     0.1228    96.9774     7.5598     7.7080    32.0593    32.0582    25.5763    25.5758    7.68450 0.0000e+00
       2503     61.617     2.5311     2.5263   2.888762   2.888242     2.1661     2.5739      8.137     2.4010     9.9782 1.0727e-01     0.1228    96.9774     7.5556     7.7113    32.0598    32.0582    25.5767    25.5759    7.68457 0.0000e+00
       2506     61.771     2.5300     2.5244   2.888651   2.888140     2.1661     2.5727      8.135     2.4010     9.9782 1.0727e-01     0.1210    97.0208     7.5558     7.7071    32.0595    32.0588    25.5766    25.5765    7.68481 0.0000e+00
       2509     61.920     2.5285     2.5235   2.888604   2.888103     2.1661     2.5727      8.137     2.3807     9.9782 1.0727e-01     0.1210    97.0208     7.5555     7.7056    32.0603    32.0592    25.5774    25.5769    7.68505 0.0000e+00
       2512     62.069     2.5280     2.5232   2.888627   2.888128     2.1657     2.5735      8.137     2.4621     9.9782 1.0715e-01     0.1210    97.0208     7.5539     7.7076    32.0610    32.0597    25.5779    25.5773    7.68511 0.0000e+00
       2515     62.213     2.5284     2.5233   2.888616   2.888118     2.1661     2.5739      8.137     2.4825    10.0177 1.0715e-01     0.1210    97.0208     7.5576     7.7101    32.0603    32.0594    25.5774    25.5771    7.68506 0.0000e+00
       2518     62.359     2.5279     2.5234   2.888571   2.888149     2.1665     2.5735      8.137     2.4825   322.3759 1.0715e-01     0.1213    97.0122     7.5621     7.7081    32.0603    32.0596    25.5774    25.5772    7.68518 0.0000e+00
       2521     62.501     2.5267     2.5226   2.888533   2.888075     2.1657     2.5735      8.137     2.4825   481.9106 1.0715e-01     0.1210    97.0208     7.5624     7.7078    32.0609    32.0595    25.5780    25.5772    7.68538 0.0000e+00
       2524     62.636     2.5267     2.5219   2.888557   2.888042     2.1652     2.5739      8.135     2.4926   480.9632 1.0715e-01     0.1228    96.9774     7.5626     7.7100    32.0611    32.0596    25.5782    25.5773    7.68537 0.0000e+00
       2527     62.766     2.5261     2.5210   2.888553   2.888011     2.1657     2.5739      8.137     2.4723   481.3579 1.0715e-01     0.1238    96.9513     7.5646     7.7103    32.0616    32.0601    25.5786    25.5777    7.68545 0.0000e+00
       2530     62.888     2.5257     2.5206   2.888500   2.887988     2.1652     2.5739      8.137     2.4825   481.3184 1.0715e-01     0.1238    96.9513     7.5620     7.7127    32.0613    32.0602    25.5784    25.5779    7.68555 0.0000e+00
       2533     63.010     2.5247     2.5199   2.888450   2.887942     2.1652     2.5735      8.137     2.4723   481.3579 1.0715e-01     0.1238    96.9513     7.5633     7.7095    32.0616    32.0602    25.5787    25.5780    7.68573 0.0000e+00
       2536     63.130     2.5242     2.5196   2.888422   2.887945     2.1657     2.5739      8.137     2.4621   481.3184 1.0727e-01     0.1238    96.9513     7.5666     7.7077    32.0618    32.0605    25.5789    25.5782    7.68582 0.0000e+00
       2539     63.240     2.5235     2.5195   2.888424   2.887956     2.1652     2.5739      8.137     2.2993   481.3184 1.0715e-01     0.1238    96.9513     7.5666     7.7059    32.0624    32.0607    25.5795    25.5784    7.68593 0.0000e+00
       2542     63.349     2.5234     2.5197   2.888389   2.887978     2.1657     2.5739      8.137     2.2993   468.2904 1.0715e-01     0.1238    96.9513     7.5718     7.7058    32.0620    32.0607    25.5791    25.5784    7.68595 0.0000e+00
       2545     63.452     2.5226     2.5195   2.888387   2.887948     2.1652     2.5739      8.137     2.2993    50.4837 1.0715e-01     0.1228    96.9774     7.5719     7.7039    32.0627    32.0604    25.5797    25.5782    7.68607 0.0000e+00
       2548     63.547     2.5232     2.5195   2.888421   2.887980     2.1644     2.5739      8.137     2.3094    11.2021 1.0715e-01     0.1224    96.9861     7.5683     7.7040    32.0625    32.0608    25.5796    25.5785    7.68598 0.0000e+00
       2551     63.639     2.5238     2.5196   2.888464   2.888000     2.1648     2.5743      8.137     2.3094    13.0970 1.0715e-01     0.1228    96.9774     7.5692     7.7068    32.0624    32.0609    25.5794    25.5786    7.68587 0.0000e+00
       2554     63.725     2.5236     2.5197   2.888423   2.888003     2.1644     2.5747      8.137     2.2993    13.0576 1.0715e-01     0.1228    96.9774     7.5677     7.7103    32.0620    32.0608    25.5791    25.5785    7.68593 0.0000e+00
       2557     63.804     2.5233     2.5187   2.888440   2.887949     2.1657     2.5739      8.137     2.3094    13.0181 1.0715e-01     0.1224    96.9861     7.5734     7.7076    32.0625    32.0611    25.5796    25.5788    7.68596 0.0000e+00
       2560     63.881     2.5234     2.5179   2.888435   2.887911     2.1652     2.5731      8.137     2.2891    13.0181 1.0727e-01     0.1228    96.9774     7.5701     7.7039    32.0623    32.0614    25.5794    25.5791    7.68595 0.0000e+00
       2563     63.952     2.5217     2.5172   2.888360   2.887883     2.1652     2.5731      8.137     2.3196    13.0181 1.0752e-01     0.1224    96.9861     7.5688     7.7040    32.0630    32.0617    25.5801    25.5794    7.68623 0.0000e+00
       2566     64.019     2.5209     2.5163   2.888331   2.887850     2.1657     2.5739      8.137     2.4010    12.9391 1.0752e-01     0.1213    97.0122     7.5724     7.7052    32.0634    32.0621    25.5805    25.5798    7.68638 0.0000e+00
       2569     64.083     2.5195     2.5150   2.888299   2.887798     2.1648     2.5735      8.137     2.4112   108.0441 1.0752e-01     0.1217    97.0035     7.5692     7.7030    32.0644    32.0628    25.5814    25.5804    7.68660 0.0000e+00
       2572     64.139     2.5183     2.5139   2.888232   2.887750     2.1648     2.5739      8.137     2.3909   479.7393 1.0752e-01     0.1217    97.0035     7.5691     7.7036    32.0648    32.0633    25.5818    25.5809    7.68682 0.0000e+00
       2575     64.199     2.5152     2.5124   2.888140   2.887705     2.1648     2.5747      8.137     2.3909   481.1606 1.0752e-01     0.1213    97.0122     7.5690     7.7073    32.0668    32.0642    25.5836    25.5818    7.68733 0.0000e+00
       2578     64.253     2.5133     2.5132   2.888089   2.887731     2.1648     2.5743      8.137     2.3909   481.2790 1.0715e-01     0.1217    97.0035     7.5672     7.7091    32.0680    32.0637    25.5847    25.5813    7.68763 0.0000e+00
       2581     64.303     2.5128     2.5120   2.888075   2.887674     2.1648     2.5739      8.137     2.4010   481.3184 1.0715e-01     0.1213    97.0122     7.5659     7.7095    32.0683    32.0642    25.5850    25.5818    7.68771 0.0000e+00
       2584     64.351     2.5128     2.5100   2.888058   2.887605     2.1640     2.5739      8.137     2.3909   481.3579 1.0715e-01     0.1210    97.0209     7.5612     7.7087    32.0680    32.0654    25.5848    25.5828    7.68772 0.0000e+00
       2587     64.401     2.5120     2.5087   2.888034   2.887561     2.1644     2.5739      8.137     2.3909   481.3579 1.0715e-01     0.1195    97.0556     7.5652     7.7057    32.0685    32.0660    25.5852    25.5835    7.68785 0.0000e+00
       2590     64.448     2.5119     2.5081   2.888025   2.887560     2.1644     2.5727      8.137     2.3501   481.3579 1.0715e-01     0.1195    97.0556     7.5684     7.7006    32.0685    32.0666    25.5852    25.5841    7.68787 0.0000e+00
       2593     64.497     2.5123     2.5070   2.888053   2.887538     2.1644     2.5735      8.137     2.3400   481.3579 1.0715e-01     0.1195    97.0556     7.5712     7.7029    32.0684    32.0674    25.5851    25.5847    7.68780 0.0000e+00
       2596     64.543     2.5118     2.5064   2.888025   2.887510     2.1648     2.5735      8.137     2.3094   256.4064 1.0715e-01     0.1195    97.0556     7.5730     7.7011    32.0686    32.0677    25.5853    25.5850    7.68789 0.0000e+00
       2599     64.590     2.5106     2.5059   2.888012   2.887511     2.1648     2.5739      8.137     2.3196     0.6217 1.0715e-01     0.1195    97.0556     7.5726     7.7034    32.0696    32.0681    25.5862    25.5854    7.68807 0.0000e+00
       2602     64.639     2.5091     2.5051   2.887945   2.887456     2.1640     2.5743      8.137     2.3298     9.1886 1.0727e-01     0.1195    97.0556     7.5699     7.7065    32.0703    32.0683    25.5868    25.5856    7.68834 0.0000e+00
       2605     64.691     2.5083     2.5040   2.887913   2.887411     2.1640     2.5739      8.137     2.3400     8.7938 1.0715e-01     0.1206    97.0295     7.5702     7.7064    32.0706    32.0688    25.5872    25.5860    7.68846 0.0000e+00
       2608     64.744     2.5077     2.5035   2.887899   2.887390     2.1636     2.5731      8.137     2.3298     8.7938 1.0715e-01     0.1206    97.0295     7.5681     7.7052    32.0710    32.0690    25.5876    25.5863    7.68856 0.0000e+00
       2611     64.799     2.5073     2.5027   2.887883   2.887375     2.1648     2.5731      8.137     2.3400     8.7938 1.0715e-01     0.1206    97.0295     7.5724     7.7069    32.0712    32.0696    25.5877    25.5868    7.68863 0.0000e+00
       2614     64.859     2.5062     2.5022   2.887852   2.887360     2.1652     2.5739      8.137     2.3298     8.7938 1.0715e-01     0.1206    97.0295     7.5747     7.7085    32.0719    32.0698    25.5884    25.5871    7.68882 0.0000e+00
