Datasets/AZMP/HUD120/hud120_2020_059.cnv
* Sea-Bird SBE 9 Data File:
* FileName = C:\CTDDATA\hud120_2020_059.hex
* Software Version Seasave V 7.26.7.110
* Temperature SN = 1697
* Conductivity SN = 4216
* Number of Bytes Per Scan = 30
* Number of Voltage Words = 4
* Number of Scans Averaged by the Deck Unit = 1
* NMEA baud rate = 4800
** VESSEL/TRIP/SEQ STN:  hub120_2020_059
** LATITUDE XX XX.XX: 47 00.00 N
** LONGITUDE XX XX.XX: 045 30.00 W
** SOUNDING DEPTH (M): 0270
** PROBE TYPE: S1146
** CTD NUMBER: 038
** FORMAT: V
** COMMENTS (14 CHAR): FC-23
** BOTTLES:  10
** LEVELS: 5,10,20,30,40,50,75,100,150,BTM
** STICKERS: 439760 - 439769
** VNET: Y
** DO2: N
# nquan = 22
# nvalues = 4473                        
# units = specified
# name 0 = scan: Scan Count
# name 1 = prDM: Pressure, Digiquartz [db]
# name 2 = t090C: Temperature [ITS-90, deg C]
# name 3 = t190C: Temperature, 2 [ITS-90, deg C]
# name 4 = c0S/m: Conductivity [S/m]
# name 5 = c1S/m: Conductivity, 2 [S/m]
# name 6 = sbeox0V: Oxygen raw, SBE 43 [V]
# name 7 = sbeox1V: Oxygen raw, SBE 43, 2 [V]
# name 8 = ph: pH
# name 9 = flECO-AFL: Fluorescence, WET Labs ECO-AFL/FL [mg/m^3]
# name 10 = wetCDOM: Fluorescence, WET Labs CDOM [mg/m^3]
# name 11 = par/sat/log: PAR/Logarithmic, Satlantic [umol photons/m^2/sec]
# name 12 = CStarAt0: Beam Attenuation, WET Labs C-Star [1/m]
# name 13 = CStarTr0: Beam Transmission, WET Labs C-Star [%]
# name 14 = sbeox0ML/L: Oxygen, SBE 43 [ml/l], WS = 2
# name 15 = sbeox1ML/L: Oxygen, SBE 43, 2 [ml/l], WS = 2
# name 16 = sal00: Salinity, Practical [PSU]
# name 17 = sal11: Salinity, Practical, 2 [PSU]
# name 18 = sigma-t00: Density [sigma-t, kg/m^3 ]
# name 19 = sigma-t11: Density, 2 [sigma-t, kg/m^3 ]
# name 20 = oxsatML/L: Oxygen Saturation, Weiss [ml/l]
# name 21 = flag: flag
# span 0 =         33,      43289       
# span 1 =      0.548,    249.583       
# span 2 =     3.8317,     8.2750       
# span 3 =     3.8265,     8.2710       
# span 4 =   3.152293,   3.460210       
# span 5 =   3.151806,   3.459681       
# span 6 =     1.7942,     2.2182       
# span 7 =     2.1279,     2.6441       
# span 8 =      7.944,      8.156       
# span 9 =     0.8544,     5.5146       
# span 10 =    -2.8130,   482.1870      
# span 11 = 1.0715e-01, 2.7090e+02      
# span 12 =     0.0821,     0.7621      
# span 13 =    82.6525,    97.9683      
# span 14 =     5.4763,     6.9633      
# span 15 =     5.6184,     7.2775      
# span 16 =    32.7757,    34.8150      
# span 17 =    32.9574,    34.8143      
# span 18 =    25.4872,    27.6103      
# span 19 =    25.6302,    27.6103      
# span 20 =    6.65160,    7.34664      
# span 21 = 0.0000e+00, 0.0000e+00      
# interval = scans: 3                   
# start_time = Nov 23 2020 15:04:45 [System UTC, header]
# bad_flag = -9.990e-29
*END*
[from data line 4214]
      35887     19.738     8.2719     8.2675   3.458724   3.458176     2.1984     2.6344      8.156     4.5073     2.0035 1.8066e+01     0.2418    94.1350     6.5588     6.7520    32.9927    32.9910    25.6576    25.6569    6.65207 0.0000e+00
      35890     19.684     8.2717     8.2674   3.458715   3.458180     2.1980     2.6340      8.156     4.4869     2.0824 1.8150e+01     0.2411    94.1524     6.5568     6.7506    32.9928    32.9911    25.6577    25.6571    6.65209 0.0000e+00
      35893     19.638     8.2717     8.2675   3.458707   3.458163     2.1980     2.6332      8.156     4.4971     2.0429 1.8171e+01     0.2399    94.1785     6.5556     6.7476    32.9927    32.9909    25.6576    25.6569    6.65210 0.0000e+00
      35896     19.599     8.2717     8.2673   3.458719   3.458145     2.1988     2.6344      8.156     4.5072     2.0429 1.8192e+01     0.2403    94.1698     6.5587     6.7524    32.9928    32.9909    25.6577    25.6569    6.65209 0.0000e+00
      35899     19.570     8.2717     8.2674   3.458691   3.458148     2.1980     2.6332      8.156     4.4869     2.0429 1.8234e+01     0.2399    94.1785     6.5571     6.7475    32.9926    32.9908    25.6576    25.6568    6.65211 0.0000e+00
      37092     19.540     8.2705     8.2662   3.458646   3.458108     2.1976     2.6340      8.156     4.5480    10.7283 1.7577e+01     0.2399    94.1785     6.5551     6.7547    32.9932    32.9915    25.6582    25.6576    6.65226 0.0000e+00
      37690     19.499     8.2699     8.2656   3.458622   3.458073     2.1984     2.6340      8.156     4.5582    14.6367 1.7289e+01     0.2384    94.2132     6.5566     6.7576    32.9935    32.9918    25.6586    25.6579    6.65233 0.0000e+00
      37693     19.456     8.2701     8.2656   3.458611   3.458075     2.1984     2.6344      8.156     4.5887     0.7401 1.7329e+01     0.2384    94.2132     6.5571     6.7598    32.9933    32.9918    25.6583    25.6578    6.65232 0.0000e+00
      37696     19.412     8.2700     8.2656   3.458604   3.458065     2.1984     2.6352      8.156     4.5988    -0.5232 1.7430e+01     0.2384    94.2132     6.5584     6.7624    32.9933    32.9917    25.6584    25.6578    6.65233 0.0000e+00
      37699     19.367     8.2699     8.2656   3.458606   3.458065     2.1980     2.6356      8.156     4.6090    -0.4443 1.7510e+01     0.2388    94.2045     6.5583     6.7649    32.9934    32.9918    25.6585    25.6578    6.65234 0.0000e+00
      37702     19.325     8.2700     8.2656   3.458612   3.458063     2.1984     2.6352      8.154     4.5988    -0.4443 1.7592e+01     0.2384    94.2132     6.5605     6.7635    32.9935    32.9917    25.6585    25.6578    6.65233 0.0000e+00
      37705     19.282     8.2699     8.2654   3.458590   3.458067     2.1976     2.6356      8.156     4.5887    -0.4443 1.7694e+01     0.2384    94.2132     6.5590     6.7637    32.9934    32.9920    25.6584    25.6580    6.65235 0.0000e+00
      37708     19.234     8.2697     8.2655   3.458602   3.458054     2.1984     2.6344      8.154     4.5785    -0.4443 1.7817e+01     0.2384    94.2132     6.5626     6.7596    32.9936    32.9918    25.6587    25.6579    6.65236 0.0000e+00
      37711     19.183     8.2699     8.2656   3.458606   3.458065     2.1980     2.6348      8.156     4.5988    -0.4443 1.7941e+01     0.2384    94.2132     6.5615     6.7605    32.9935    32.9919    25.6585    25.6579    6.65233 0.0000e+00
      37714     19.133     8.2698     8.2656   3.458588   3.458056     2.1980     2.6352      8.156     4.5988    -0.4443 1.8108e+01     0.2384    94.2132     6.5608     6.7606    32.9935    32.9918    25.6585    25.6578    6.65235 0.0000e+00
      37717     19.078     8.2699     8.2654   3.458596   3.458052     2.1984     2.6356      8.156     4.6395     2.0824 1.8297e+01     0.2384    94.2132     6.5628     6.7604    32.9935    32.9919    25.6585    25.6580    6.65234 0.0000e+00
      37720     19.017     8.2698     8.2656   3.458580   3.458044     2.1980     2.6352      8.156     4.7311    12.1101 1.8510e+01     0.2384    94.2132     6.5613     6.7583    32.9934    32.9917    25.6585    25.6577    6.65235 0.0000e+00
      37723     18.952     8.2696     8.2655   3.458575   3.458004     2.1980     2.6360      8.156     4.7209    11.8732 1.8747e+01     0.2384    94.2132     6.5616     6.7608    32.9936    32.9914    25.6587    25.6576    6.65237 0.0000e+00
      37726     18.882     8.2697     8.2656   3.458578   3.458017     2.1984     2.6352      8.156     4.7311    11.8732 1.8987e+01     0.2384    94.2132     6.5630     6.7574    32.9935    32.9915    25.6586    25.6576    6.65236 0.0000e+00
      37729     18.806     8.2698     8.2655   3.458548   3.458010     2.1988     2.6352      8.156     4.7209    11.8732 1.9252e+01     0.2384    94.2132     6.5653     6.7587    32.9932    32.9915    25.6583    25.6577    6.65236 0.0000e+00
      37732     18.726     8.2698     8.2656   3.458562   3.458033     2.1984     2.6356      8.154     4.7209    11.8732 1.9544e+01     0.2384    94.2132     6.5628     6.7600    32.9934    32.9917    25.6585    25.6578    6.65236 0.0000e+00
      37735     18.640     8.2698     8.2657   3.458556   3.458011     2.1988     2.6356      8.156     4.7108    11.8732 1.9840e+01     0.2384    94.2132     6.5644     6.7581    32.9934    32.9914    25.6584    25.6575    6.65235 0.0000e+00
      37738     18.549     8.2700     8.2656   3.458554   3.458015     2.1980     2.6352      8.156     4.7108    11.8732 2.0093e+01     0.2384    94.2132     6.5604     6.7557    32.9932    32.9916    25.6583    25.6577    6.65234 0.0000e+00
      37741     18.455     8.2699     8.2657   3.458552   3.458039     2.1984     2.6356      8.156     4.7108    11.8732 2.0374e+01     0.2384    94.2132     6.5627     6.7570    32.9933    32.9918    25.6584    25.6578    6.65235 0.0000e+00
      37744     18.361     8.2699     8.2656   3.458552   3.457993     2.1984     2.6356      8.156     4.6599   234.6139 2.0659e+01     0.2384    94.2132     6.5612     6.7557    32.9933    32.9915    25.6584    25.6576    6.65234 0.0000e+00
      37747     18.262     8.2700     8.2659   3.458539   3.457987     2.1984     2.6348      8.156     4.6192   482.1870 2.0923e+01     0.2384    94.2132     6.5598     6.7538    32.9932    32.9912    25.6583    25.6573    6.65234 0.0000e+00
      37750     18.155     8.2696     8.2659   3.458537   3.458013     2.1984     2.6352      8.156     4.6192   480.8842 2.1191e+01     0.2395    94.1872     6.5591     6.7559    32.9936    32.9915    25.6587    25.6576    6.65238 0.0000e+00
      37753     18.048     8.2700     8.2657   3.458532   3.458013     2.1988     2.6360      8.156     4.6090   481.0816 2.1388e+01     0.2395    94.1872     6.5612     6.7587    32.9932    32.9917    25.6583    25.6577    6.65234 0.0000e+00
      37756     17.942     8.2696     8.2657   3.458504   3.458008     2.1984     2.6356      8.154     4.6192   481.0816 2.1612e+01     0.2395    94.1872     6.5600     6.7576    32.9933    32.9917    25.6585    25.6578    6.65240 0.0000e+00
      37759     17.835     8.2697     8.2656   3.458497   3.457978     2.1984     2.6348      8.156     4.6090   481.1211 2.1838e+01     0.2395    94.1872     6.5600     6.7553    32.9932    32.9915    25.6583    25.6576    6.65238 0.0000e+00
      37762     17.722     8.2692     8.2659   3.458469   3.458006     2.1988     2.6356      8.156     4.6293   481.0816 2.1990e+01     0.2395    94.1872     6.5621     6.7576    32.9934    32.9917    25.6586    25.6577    6.65245 0.0000e+00
      37765     17.611     8.2690     8.2657   3.458459   3.457987     2.1988     2.6352      8.154     4.6293   481.1211 2.2143e+01     0.2395    94.1872     6.5630     6.7553    32.9936    32.9916    25.6587    25.6577    6.65247 0.0000e+00
      37768     17.503     8.2695     8.2658   3.458482   3.457978     2.1976     2.6348      8.156     4.6192   481.1211 2.2271e+01     0.2391    94.1959     6.5587     6.7546    32.9934    32.9916    25.6585    25.6576    6.65241 0.0000e+00
      37771     17.400     8.2696     8.2659   3.458507   3.457995     2.1984     2.6356      8.156     4.5073   125.6913 2.2400e+01     0.2380    94.2219     6.5622     6.7575    32.9936    32.9917    25.6587    25.6577    6.65238 0.0000e+00
      37774     17.297     8.2699     8.2659   3.458536   3.458006     2.1984     2.6360      8.154     4.5072     8.4780 2.2556e+01     0.2384    94.2132     6.5621     6.7573    32.9936    32.9919    25.6586    25.6578    6.65233 0.0000e+00
      37777     17.195     8.2703     8.2659   3.458496   3.457987     2.1988     2.6356      8.154     4.4869    13.5313 2.2687e+01     0.2384    94.2132     6.5632     6.7557    32.9930    32.9917    25.6580    25.6577    6.65231 0.0000e+00
      37780     17.098     8.2700     8.2658   3.458514   3.457989     2.1984     2.6356      8.154     4.5072    13.2944 2.2924e+01     0.2384    94.2132     6.5625     6.7576    32.9935    32.9918    25.6585    25.6578    6.65233 0.0000e+00
      37783     17.002     8.2700     8.2659   3.458494   3.457967     2.1984     2.6352      8.154     4.4869    13.2944 2.3084e+01     0.2380    94.2219     6.5631     6.7572    32.9933    32.9915    25.6583    25.6575    6.65233 0.0000e+00
      37786     16.917     8.2699     8.2659   3.458514   3.457960     2.1988     2.6352      8.156     4.4971    13.3339 2.3271e+01     0.2384    94.2132     6.5642     6.7571    32.9936    32.9915    25.6586    25.6576    6.65233 0.0000e+00
      37789     16.838     8.2700     8.2659   3.458504   3.457960     2.1996     2.6352      8.154     4.4971    13.3734 2.3461e+01     0.2388    94.2045     6.5684     6.7573    32.9934    32.9916    25.6585    25.6576    6.65232 0.0000e+00
      37792     16.760     8.2700     8.2658   3.458500   3.457967     2.1988     2.6356      8.156     4.4869    13.2944 2.3706e+01     0.2391    94.1959     6.5648     6.7588    32.9934    32.9917    25.6584    25.6577    6.65232 0.0000e+00
      37795     16.691     8.2699     8.2658   3.458507   3.457958     2.1988     2.6356      8.156     4.5073    12.4259 2.3843e+01     0.2395    94.1872     6.5649     6.7586    32.9937    32.9917    25.6587    25.6578    6.65234 0.0000e+00
      37798     16.625     8.2700     8.2658   3.458468   3.457949     2.1988     2.6348      8.156     4.6497     1.9640 2.4009e+01     0.2395    94.1872     6.5656     6.7565    32.9932    32.9916    25.6583    25.6577    6.65234 0.0000e+00
      37801     16.567     8.2700     8.2657   3.458494   3.457962     2.1984     2.6356      8.156     4.6497     1.5297 2.4176e+01     0.2391    94.1959     6.5628     6.7612    32.9935    32.9919    25.6585    25.6579    6.65233 0.0000e+00
      37804     16.512     8.2700     8.2657   3.458470   3.457954     2.1996     2.6360      8.156     4.6599     1.5692 2.4345e+01     0.2395    94.1872     6.5664     6.7628    32.9932    32.9918    25.6583    25.6578    6.65233 0.0000e+00
      37807     16.461     8.2699     8.2655   3.458487   3.457949     2.1992     2.6365      8.156     4.6497     1.5692 2.4458e+01     0.2395    94.1872     6.5642     6.7638    32.9936    32.9920    25.6586    25.6580    6.65234 0.0000e+00
      37810     16.417     8.2699     8.2657   3.458462   3.457941     2.1988     2.6356      8.156     4.6497     1.5692 2.4543e+01     0.2395    94.1872     6.5625     6.7615    32.9933    32.9917    25.6584    25.6578    6.65235 0.0000e+00
      37813     16.377     8.2697     8.2657   3.458475   3.457964     2.1988     2.6356      8.156     4.6599     1.5692 2.4628e+01     0.2395    94.1872     6.5618     6.7607    32.9936    32.9920    25.6587    25.6580    6.65236 0.0000e+00
      37816     16.341     8.2698     8.2656   3.458475   3.457943     2.1992     2.6369      8.156     4.6497     1.5692 2.4685e+01     0.2395    94.1872     6.5631     6.7643    32.9936    32.9918    25.6586    25.6579    6.65235 0.0000e+00
      37819     16.306     8.2699     8.2656   3.458462   3.457935     2.2000     2.6356      8.154     4.6497     1.5692 2.4713e+01     0.2395    94.1872     6.5667     6.7610    32.9934    32.9918    25.6584    25.6579    6.65235 0.0000e+00
      37822     16.277     8.2699     8.2656   3.458476   3.457927     2.1996     2.6365      8.156     4.7311     6.5040 2.4742e+01     0.2395    94.1872     6.5659     6.7623    32.9935    32.9918    25.6585    25.6578    6.65233 0.0000e+00
      37825     16.251     8.2698     8.2655   3.458473   3.457912     2.1988     2.6365      8.156     4.8837    18.9794 2.4857e+01     0.2395    94.1872     6.5625     6.7611    32.9936    32.9917    25.6587    25.6578    6.65235 0.0000e+00
      37828     16.225     8.2698     8.2657   3.458479   3.457927     2.1988     2.6360      8.156     4.8837    18.5452 2.4943e+01     0.2403    94.1698     6.5628     6.7608    32.9936    32.9917    25.6587    25.6577    6.65234 0.0000e+00
      37831     16.198     8.2698     8.2656   3.458475   3.457947     2.1996     2.6360      8.154     4.8735    18.5452 2.5030e+01     0.2395    94.1872     6.5673     6.7609    32.9936    32.9920    25.6587    25.6580    6.65235 0.0000e+00
      37834     16.170     8.2699     8.2655   3.458441   3.457912     2.1996     2.6369      8.154     4.8634    18.5846 2.5146e+01     0.2395    94.1872     6.5664     6.7639    32.9932    32.9917    25.6583    25.6578    6.65236 0.0000e+00
      37837     16.144     8.2700     8.2653   3.458482   3.457935     2.1984     2.6360      8.156     4.8837    18.6241 2.5233e+01     0.2395    94.1872     6.5606     6.7604    32.9935    32.9922    25.6585    25.6582    6.65232 0.0000e+00
      37840     16.116     8.2698     8.2654   3.458475   3.457926     2.1992     2.6369      8.156     4.8532    18.5846 2.5350e+01     0.2395    94.1872     6.5621     6.7622    32.9937    32.9920    25.6587    25.6580    6.65235 0.0000e+00
      37843     16.088     8.2699     8.2654   3.458452   3.457926     2.1996     2.6365      8.154     4.8735    18.6241 2.5438e+01     0.2395    94.1872     6.5650     6.7626    32.9933    32.9921    25.6584    25.6580    6.65234 0.0000e+00
      37846     16.056     8.2698     8.2655   3.458463   3.457915     2.2000     2.6360      8.156     4.8735    18.6241 2.5556e+01     0.2395    94.1872     6.5678     6.7621    32.9936    32.9918    25.6586    25.6579    6.65235 0.0000e+00
      37849     16.022     8.2699     8.2653   3.458464   3.457909     2.1996     2.6373      8.156     4.8837   276.3038 2.5645e+01     0.2391    94.1959     6.5664     6.7681    32.9935    32.9919    25.6586    25.6580    6.65234 0.0000e+00
      37852     15.985     8.2697     8.2653   3.458443   3.457911     2.2004     2.6369      8.154     4.8634   482.1870 2.5763e+01     0.2384    94.2132     6.5679     6.7667    32.9935    32.9920    25.6586    25.6580    6.65237 0.0000e+00
      37855     15.945     8.2697     8.2654   3.458457   3.457922     2.1996     2.6369      8.156     4.8634   480.8842 2.5883e+01     0.2384    94.2132     6.5628     6.7665    32.9936    32.9920    25.6587    25.6580    6.65236 0.0000e+00
      37858     15.900     8.2697     8.2653   3.458441   3.457915     2.1992     2.6365      8.156     4.8837   481.1211 2.6033e+01     0.2384    94.2132     6.5619     6.7660    32.9935    32.9921    25.6586    25.6581    6.65237 0.0000e+00
      37861     15.851     8.2698     8.2652   3.458426   3.457887     2.1992     2.6369      8.156     4.8634   481.1211 2.6275e+01     0.2384    94.2132     6.5613     6.7683    32.9933    32.9919    25.6584    25.6580    6.65236 0.0000e+00
      37864     15.800     8.2697     8.2653   3.458438   3.457892     2.1992     2.6365      8.156     4.8634   481.1211 2.6519e+01     0.2384    94.2132     6.5605     6.7660    32.9936    32.9919    25.6586    25.6580    6.65237 0.0000e+00
