Datasets/AZMP/HUD120/hud120_2020_067.cnv
* Sea-Bird SBE 9 Data File:
* FileName = C:\CTDDATA\hud120_2020_067.hex
* Software Version Seasave V 7.26.7.110
* Temperature SN = 1697
* Conductivity SN = 4216
* Number of Bytes Per Scan = 30
* Number of Voltage Words = 4
* Number of Scans Averaged by the Deck Unit = 1
* NMEA baud rate = 4800
** VESSEL/TRIP/SEQ STN:  hud120_2020_067
** LATITUDE XX XX.XX: 47 00.00 N
** LONGITUDE XX XX.XX: 047 15.00 W
** SOUNDING DEPTH (M): 0535
** PROBE TYPE: S1146
** CTD NUMBER: 046
** FORMAT: V
** COMMENTS (14 CHAR): FC-15
** BOTTLES:  11
** LEVELS: 5,10,20,30,40,50,75,100,150,250,BTM
** STICKERS: 439813 - 439823
** VNET: Y
** DO2: N
# nquan = 22
# nvalues = 10976                       
# units = specified
# name 0 = scan: Scan Count
# name 1 = prDM: Pressure, Digiquartz [db]
# name 2 = t090C: Temperature [ITS-90, deg C]
# name 3 = t190C: Temperature, 2 [ITS-90, deg C]
# name 4 = c0S/m: Conductivity [S/m]
# name 5 = c1S/m: Conductivity, 2 [S/m]
# name 6 = sbeox0V: Oxygen raw, SBE 43 [V]
# name 7 = sbeox1V: Oxygen raw, SBE 43, 2 [V]
# name 8 = ph: pH
# name 9 = flECO-AFL: Fluorescence, WET Labs ECO-AFL/FL [mg/m^3]
# name 10 = wetCDOM: Fluorescence, WET Labs CDOM [mg/m^3]
# name 11 = par/sat/log: PAR/Logarithmic, Satlantic [umol photons/m^2/sec]
# name 12 = CStarAt0: Beam Attenuation, WET Labs C-Star [1/m]
# name 13 = CStarTr0: Beam Transmission, WET Labs C-Star [%]
# name 14 = sbeox0ML/L: Oxygen, SBE 43 [ml/l], WS = 2
# name 15 = sbeox1ML/L: Oxygen, SBE 43, 2 [ml/l], WS = 2
# name 16 = sal00: Salinity, Practical [PSU]
# name 17 = sal11: Salinity, Practical, 2 [PSU]
# name 18 = sigma-t00: Density [sigma-t, kg/m^3 ]
# name 19 = sigma-t11: Density, 2 [sigma-t, kg/m^3 ]
# name 20 = oxsatML/L: Oxygen Saturation, Weiss [ml/l]
# name 21 = flag: flag
# span 0 =         48,      71967       
# span 1 =      0.390,    542.175       
# span 2 =     1.2663,     3.7550       
# span 3 =     1.2612,     3.7501       
# span 4 =   2.920440,   3.236689       
# span 5 =   2.919979,   3.236199       
# span 6 =     1.8652,     2.1954       
# span 7 =     2.2132,     2.6325       
# span 8 =      7.978,      8.075       
# span 9 =     0.8850,     6.4202       
# span 10 =    -2.8130,   482.1870      
# span 11 = 1.0715e-01, 3.4816e+02      
# span 12 =     0.0683,     0.2054      
# span 13 =    94.9955,    98.3073      
# span 14 =     6.1784,     7.6265      
# span 15 =     6.3418,     7.8379      
# span 16 =    33.3989,    34.7469      
# span 17 =    33.0863,    34.7452      
# span 18 =    26.6616,    27.6101      
# span 19 =    26.4119,    27.6093      
# span 20 =    7.32004,    7.84713      
# span 21 = 0.0000e+00, 0.0000e+00      
# interval = scans: 3                   
# start_time = Nov 24 2020 11:09:54 [System UTC, header]
# bad_flag = -9.990e-29
*END*
[from data line 10404]
      53532     44.733     2.7017     2.6803   3.030962   3.029400     2.1442     2.5711      8.069     2.6452   481.1211 1.4835e+00     0.1099    97.2903     7.3764     7.5972    33.6374    33.6407    26.8233    26.8278    7.57094 0.0000e+00
      53535     44.698     2.7047     2.6810   3.031111   3.029477     2.1442     2.5703      8.069     2.6859    91.0287 1.4733e+00     0.1128    97.2208     7.3759     7.5939    33.6361    33.6409    26.8221    26.8279    7.57044 0.0000e+00
      53593     44.626     2.7052     2.7013   3.031118   3.030669     2.1495     2.5781      8.069     3.1743     2.2403 1.3385e+00     0.1138    97.1947     7.3907     7.6136    33.6357    33.6343    26.8217    26.8209    7.57036 0.0000e+00
      53596     44.499     2.7055     2.7015   3.031130   3.030694     2.1491     2.5785      8.069     3.1947     2.0429 1.3385e+00     0.1127    97.2208     7.3908     7.6141    33.6355    33.6344    26.8216    26.8210    7.57030 0.0000e+00
      53599     44.360     2.7062     2.7017   3.031141   3.030686     2.1499     2.5776      8.069     3.1947     2.0429 1.3431e+00     0.1124    97.2295     7.3957     7.6106    33.6351    33.6343    26.8211    26.8208    7.57021 0.0000e+00
      53602     44.211     2.7069     2.7023   3.031190   3.030745     2.1486     2.5781      8.069     3.1947     2.0429 1.3556e+00     0.1120    97.2382     7.3912     7.6116    33.6350    33.6344    26.8210    26.8209    7.57007 0.0000e+00
      53605     44.043     2.7078     2.7034   3.031232   3.030777     2.1499     2.5797      8.071     3.1947     2.0429 1.3682e+00     0.1120    97.2382     7.3952     7.6190    33.6346    33.6337    26.8206    26.8202    7.56991 0.0000e+00
      53608     43.858     2.7084     2.7040   3.031264   3.030825     2.1495     2.5793      8.072     3.1743     2.0429 1.4019e+00     0.1120    97.2382     7.3908     7.6157    33.6346    33.6338    26.8205    26.8203    7.56981 0.0000e+00
      53611     43.649     2.7089     2.7047   3.031313   3.030846     2.1499     2.5797      8.069     3.2049     2.4377 1.4116e+00     0.1120    97.2382     7.3891     7.6152    33.6348    33.6334    26.8206    26.8199    7.56971 0.0000e+00
      53614     43.419     2.7104     2.7066   3.031392   3.030953     2.1499     2.5797      8.069     3.1031     8.9518 1.4297e+00     0.1124    97.2295     7.3881     7.6129    33.6342    33.6329    26.8201    26.8193    7.56944 0.0000e+00
      53617     43.182     2.7126     2.7087   3.031505   3.031069     2.1503     2.5797      8.069     2.9403     9.3071 1.4631e+00     0.1127    97.2208     7.3899     7.6108    33.6335    33.6322    26.8193    26.8186    7.56906 0.0000e+00
      53620     42.941     2.7137     2.7089   3.031547   3.031085     2.1511     2.5805      8.069     2.9301     9.3071 1.4870e+00     0.1131    97.2121     7.3935     7.6135    33.6329    33.6323    26.8188    26.8187    7.56887 0.0000e+00
      53623     42.692     2.7150     2.7100   3.031592   3.031017     2.1511     2.5805      8.069     2.9403     9.2676 1.5253e+00     0.1131    97.2121     7.3956     7.6132    33.6323    33.6305    26.8181    26.8171    7.56866 0.0000e+00
      53626     42.441     2.7159     2.7111   3.031464   3.030895     2.1515     2.5809      8.069     2.9505     9.2676 1.5592e+00     0.1131    97.2121     7.4018     7.6120    33.6299    33.6279    26.8162    26.8150    7.56862 0.0000e+00
      53629     42.190     2.7164     2.7135   3.031386   3.031042     2.1507     2.5825      8.072     2.9505     9.2676 1.5828e+00     0.1131    97.2121     7.3961     7.6156    33.6286    33.6275    26.8150    26.8144    7.56858 0.0000e+00
      53632     41.928     2.7199     2.7177   3.031535   3.031160     2.1507     2.5809      8.071     2.9403     9.2676 1.6217e+00     0.1135    97.2034     7.3953     7.6096    33.6269    33.6246    26.8134    26.8118    7.56800 0.0000e+00
      53635     41.670     2.7225     2.7188   3.031608   3.031127     2.1511     2.5813      8.071     2.9301     9.2676 1.6597e+00     0.1142    97.1860     7.3933     7.6107    33.6252    33.6232    26.8118    26.8105    7.56759 0.0000e+00
      53638     41.413     2.7238     2.7191   3.031616   3.031140     2.1519     2.5817      8.071     2.9403   123.4804 1.6984e+00     0.1156    97.1512     7.3952     7.6118    33.6240    33.6231    26.8108    26.8105    7.56739 0.0000e+00
      53641     41.165     2.7241     2.7193   3.031581   3.031129     2.1519     2.5817      8.071     2.8894   482.1870 1.7362e+00     0.1152    97.1599     7.3942     7.6110    33.6235    33.6230    26.8103    26.8103    7.56737 0.0000e+00
      53644     40.929     2.7240     2.7192   3.031571   3.031112     2.1519     2.5821      8.071     2.8691   480.8447 1.7768e+00     0.1152    97.1599     7.3942     7.6105    33.6236    33.6229    26.8104    26.8103    7.56738 0.0000e+00
      53647     40.707     2.7239     2.7190   3.031503   3.031026     2.1535     2.5829      8.072     2.8793   481.0816 1.8163e+00     0.1152    97.1599     7.4012     7.6112    33.6230    33.6223    26.8100    26.8098    7.56744 0.0000e+00
      53650     40.500     2.7234     2.7181   3.031444   3.030961     2.1539     2.5825      8.071     2.8793   481.1211 1.8544e+00     0.1152    97.1599     7.4018     7.6078    33.6229    33.6225    26.8099    26.8101    7.56753 0.0000e+00
      53653     40.314     2.7229     2.7180   3.031374   3.030925     2.1523     2.5829      8.071     2.8894   481.1211 1.9133e+00     0.1156    97.1512     7.3952     7.6106    33.6227    33.6223    26.8098    26.8099    7.56765 0.0000e+00
      53656     40.144     2.7228     2.7175   3.031317   3.030884     2.1527     2.5833      8.074     2.8894   481.1211 1.9557e+00     0.1170    97.1165     7.3962     7.6133    33.6222    33.6224    26.8094    26.8100    7.56769 0.0000e+00
      53659     39.983     2.7223     2.7172   3.031306   3.030852     2.1527     2.5833      8.072     2.8894   481.1211 1.9876e+00     0.1170    97.1165     7.3938     7.6124    33.6227    33.6224    26.8098    26.8101    7.56776 0.0000e+00
      53662     39.839     2.7222     2.7164   3.031290   3.030833     2.1531     2.5837      8.072     2.8793   481.1211 2.0224e+00     0.1174    97.1078     7.3946     7.6121    33.6226    33.6231    26.8098    26.8107    7.56777 0.0000e+00
      53665     39.710     2.7220     2.7152   3.031259   3.030797     2.1539     2.5842      8.069     2.8894   237.7723 2.0578e+00     0.1174    97.1078     7.3981     7.6136    33.6225    33.6240    26.8097    26.8115    7.56782 0.0000e+00
      53668     39.599     2.7215     2.7156   3.031223   3.030810     2.1535     2.5833      8.074     3.0828     0.7796 2.0914e+00     0.1174    97.1078     7.3957     7.6105    33.6227    33.6238    26.8099    26.8113    7.56791 0.0000e+00
      53671     39.508     2.7205     2.7155   3.031195   3.030847     2.1535     2.5833      8.071     3.0828     8.5964 2.1255e+00     0.1170    97.1165     7.3957     7.6093    33.6234    33.6244    26.8106    26.8118    7.56806 0.0000e+00
      53674     39.434     2.7205     2.7156   3.031131   3.030833     2.1531     2.5842      8.072     3.0828     8.2017 2.1477e+00     0.1174    97.1078     7.3967     7.6109    33.6227    33.6242    26.8100    26.8116    7.56810 0.0000e+00
      53677     39.381     2.7205     2.7154   3.031068   3.030830     2.1543     2.5842      8.069     3.1031     8.2017 2.1752e+00     0.1192    97.0643     7.4011     7.6097    33.6219    33.6244    26.8094    26.8118    7.56814 0.0000e+00
      53680     39.343     2.7202     2.7156   3.031024   3.030798     2.1547     2.5846      8.072     3.1031     8.2017 2.1903e+00     0.1195    97.0556     7.4013     7.6111    33.6218    33.6237    26.8093    26.8113    7.56821 0.0000e+00
      53784     39.266     2.7210     2.7167   3.031094   3.030656     2.1584     2.5882      8.074     3.3880   481.0421 2.2808e+00     0.1217    97.0035     7.4064     7.6186    33.6218    33.6209    26.8092    26.8089    7.56805 0.0000e+00
      53787     39.173     2.7213     2.7166   3.031102   3.030630     2.1580     2.5894      8.071     3.3880   481.1211 2.3046e+00     0.1217    97.0035     7.4032     7.6243    33.6216    33.6208    26.8091    26.8088    7.56800 0.0000e+00
      53790     39.088     2.7213     2.7168   3.031101   3.030644     2.1568     2.5890      8.074     3.3982   481.0816 2.3261e+00     0.1217    97.0035     7.3980     7.6221    33.6216    33.6208    26.8091    26.8088    7.56799 0.0000e+00
      53793     39.013     2.7211     2.7167   3.031075   3.030642     2.1576     2.5882      8.071     3.3982   481.1211 2.3422e+00     0.1217    97.0035     7.4026     7.6195    33.6216    33.6209    26.8090    26.8089    7.56803 0.0000e+00
      53796     38.946     2.7212     2.7169   3.031077   3.030648     2.1576     2.5886      8.071     3.3880   222.4544 2.3640e+00     0.1221    96.9948     7.4039     7.6192    33.6215    33.6208    26.8090    26.8088    7.56802 0.0000e+00
      53799     38.893     2.7210     2.7169   3.031083   3.030647     2.1580     2.5894      8.074     3.2659     1.8455 2.3777e+00     0.1228    96.9774     7.4038     7.6214    33.6219    33.6208    26.8093    26.8088    7.56805 0.0000e+00
      53802     38.851     2.7210     2.7170   3.031066   3.030653     2.1588     2.5894      8.074     3.2354     9.3465 2.3832e+00     0.1228    96.9774     7.4059     7.6236    33.6217    33.6208    26.8091    26.8088    7.56805 0.0000e+00
      53805     38.818     2.7204     2.7169   3.030989   3.030635     2.1576     2.5894      8.072     3.2354     8.9123 2.3943e+00     0.1228    96.9774     7.3978     7.6238    33.6214    33.6207    26.8090    26.8087    7.56819 0.0000e+00
      55485     38.767     2.7109     2.7069   3.029535   3.029136     2.1616     2.5918      8.074     3.2456   481.1211 1.6236e+00     0.1249    96.9252     7.4174     7.6246    33.6135    33.6129    26.8035    26.8033    7.57040 0.0000e+00
      55488     38.707     2.7109     2.7073   3.029491   3.029230     2.1616     2.5918      8.074     3.2557   481.1211 1.6255e+00     0.1249    96.9252     7.4166     7.6245    33.6130    33.6136    26.8031    26.8039    7.57043 0.0000e+00
      55491     38.663     2.7096     2.7091   3.029332   3.029492     2.1616     2.5914      8.074     3.2557   481.1211 1.6329e+00     0.1249    96.9252     7.4180     7.6221    33.6124    33.6150    26.8027    26.8048    7.57070 0.0000e+00
      55579     38.624     2.7095     2.7066   3.029304   3.029091     2.1620     2.5914      8.074     3.3575   164.1834 1.5379e+00     0.1242    96.9426     7.4205     7.6180    33.6122    33.6127    26.8026    26.8032    7.57072 0.0000e+00
      55624     38.549     2.7098     2.7053   3.029361   3.028888     2.1624     2.5918      8.074     3.4185     5.7145 1.4921e+00     0.1238    96.9513     7.4223     7.6166    33.6127    33.6116    26.8029    26.8025    7.57065 0.0000e+00
      55627     38.483     2.7098     2.7053   3.029359   3.028880     2.1612     2.5918      8.074     3.4083     5.8724 1.4991e+00     0.1238    96.9513     7.4175     7.6164    33.6126    33.6115    26.8029    26.8023    7.57064 0.0000e+00
      55630     38.434     2.7096     2.7057   3.029324   3.028895     2.1628     2.5918      8.074     3.3677     9.6229 1.5026e+00     0.1238    96.9513     7.4257     7.6182    33.6125    33.6114    26.8028    26.8022    7.57070 0.0000e+00
      56093     38.393     2.7110     2.7066   3.029553   3.029057     2.1624     2.5922      8.074     3.4287   166.9864 1.7239e+00     0.1231    96.9687     7.4267     7.6249    33.6138    33.6124    26.8038    26.8029    7.57036 0.0000e+00
      57017     38.248     2.7132     2.7076   3.029839   3.029250     2.1624     2.5934      8.074     3.5101   108.4784 2.1378e+00     0.1217    97.0035     7.4282     7.6359    33.6152    33.6137    26.8046    26.8039    7.56988 0.0000e+00
      57020     38.065     2.7122     2.7069   3.029700   3.029151     2.1624     2.5930      8.074     3.1641     8.5570 2.1802e+00     0.1210    97.0208     7.4293     7.6328    33.6146    33.6134    26.8042    26.8037    7.57009 0.0000e+00
      57023     37.875     2.7118     2.7062   3.029569   3.029046     2.1624     2.5934      8.074     3.1743    12.9391 2.2056e+00     0.1217    97.0035     7.4264     7.6324    33.6135    33.6129    26.8034    26.8034    7.57022 0.0000e+00
      57026     37.691     2.7108     2.7057   3.029479   3.028952     2.1611     2.5930      8.074     3.1947    12.7418 2.2338e+00     0.1210    97.0208     7.4194     7.6325    33.6135    33.6124    26.8035    26.8031    7.57041 0.0000e+00
      57029     37.506     2.7105     2.7053   3.029396   3.028891     2.1632     2.5942      8.074     3.2049    12.7812 2.2624e+00     0.1213    97.0122     7.4286     7.6382    33.6130    33.6122    26.8031    26.8029    7.57051 0.0000e+00
      57032     37.323     2.7096     2.7047   3.029295   3.028794     2.1624     2.5942      8.074     3.1845    12.7812 2.2966e+00     0.1206    97.0295     7.4253     7.6396    33.6128    33.6117    26.8030    26.8026    7.57069 0.0000e+00
      57035     37.140     2.7092     2.7041   3.029204   3.028708     2.1619     2.5938      8.074     3.1845    12.7418 2.3341e+00     0.1206    97.0295     7.4234     7.6375    33.6122    33.6115    26.8026    26.8024    7.57080 0.0000e+00
      57038     36.961     2.7084     2.7037   3.029173   3.028683     2.1624     2.5942      8.074     3.1845    12.7023 2.3640e+00     0.1210    97.0208     7.4225     7.6373    33.6127    33.6116    26.8030    26.8026    7.57091 0.0000e+00
      57041     36.793     2.7083     2.7035   3.029114   3.028648     2.1624     2.5942      8.074     3.1845    11.5969 2.3971e+00     0.1206    97.0295     7.4217     7.6364    33.6122    33.6115    26.8026    26.8025    7.57096 0.0000e+00
      57044     36.635     2.7073     2.7027   3.028934   3.028493     2.1628     2.5930      8.074     3.1743     1.8850 2.4446e+00     0.1206    97.0295     7.4234     7.6311    33.6111    33.6105    26.8019    26.8018    7.57121 0.0000e+00
      57047     36.482     2.7063     2.7014   3.028855   3.028328     2.1619     2.5942      8.074     3.1743     1.6876 2.4788e+00     0.1206    97.0295     7.4218     7.6332    33.6113    33.6100    26.8022    26.8015    7.57139 0.0000e+00
      57050     36.329     2.7053     2.6997   3.028700   3.028130     2.1628     2.5942      8.074     3.1540     1.6876 2.5280e+00     0.1217    97.0035     7.4260     7.6313    33.6106    33.6093    26.8016    26.8011    7.57162 0.0000e+00
      57053     36.183     2.7021     2.6979   3.028288   3.027900     2.1624     2.5942      8.074     3.1641     1.6876 2.5722e+00     0.1221    96.9948     7.4231     7.6294    33.6089    33.6085    26.8005    26.8006    7.57231 0.0000e+00
      57056     36.048     2.7000     2.6956   3.028070   3.027649     2.1632     2.5942      8.074     3.1540     1.6876 2.6051e+00     0.1221    96.9948     7.4293     7.6286    33.6085    33.6080    26.8004    26.8004    7.57273 0.0000e+00
      57059     35.921     2.6982     2.6936   3.027856   3.027386     2.1628     2.5942      8.074     3.1743     1.6876 2.6507e+00     0.1217    97.0035     7.4261     7.6288    33.6078    33.6069    26.8000    26.7997    7.57312 0.0000e+00
      57062     35.802     2.6974     2.6947   3.027792   3.027589     2.1624     2.5930      8.074     3.1540     1.6876 2.6753e+00     0.1217    97.0035     7.4223     7.6247    33.6080    33.6083    26.8002    26.8007    7.57327 0.0000e+00
      57065     35.689     2.6959     2.6941   3.027443   3.027425     2.1628     2.5942      8.074     3.1540     1.6876 2.7190e+00     0.1221    96.9948     7.4215     7.6306    33.6053    33.6070    26.7982    26.7997    7.57369 0.0000e+00
