Datasets/AZMP/HUD120/hud120_2020_080.cnv
* Sea-Bird SBE 9 Data File:
* FileName = C:\CTDDATA\hud120_2020_080.hex
* Software Version Seasave V 7.26.7.110
* Temperature SN = 1697
* Conductivity SN = 4216
* Number of Bytes Per Scan = 30
* Number of Voltage Words = 4
* Number of Scans Averaged by the Deck Unit = 1
* NMEA baud rate = 4800
** VESSEL/TRIP/SEQ STN:  hud120_2020_080
** LATITUDE XX XX.XX: 47 00.00 N
** LONGITUDE XX XX.XX: 052 34.80 W
** SOUNDING DEPTH (M): 0160
** PROBE TYPE: S1146
** CTD NUMBER: 059
** FORMAT: V
** COMMENTS (14 CHAR): FC-03
** BOTTLES:  9
** LEVELS: 5,10,20,30,40,50,75,100,BTM
** STICKERS: 439911 - 439919
** VNET: Y
** DO2: Y
# nquan = 22
# nvalues = 3725                        
# units = specified
# name 0 = scan: Scan Count
# name 1 = prDM: Pressure, Digiquartz [db]
# name 2 = t090C: Temperature [ITS-90, deg C]
# name 3 = t190C: Temperature, 2 [ITS-90, deg C]
# name 4 = c0S/m: Conductivity [S/m]
# name 5 = c1S/m: Conductivity, 2 [S/m]
# name 6 = sbeox0V: Oxygen raw, SBE 43 [V]
# name 7 = sbeox1V: Oxygen raw, SBE 43, 2 [V]
# name 8 = ph: pH
# name 9 = flECO-AFL: Fluorescence, WET Labs ECO-AFL/FL [mg/m^3]
# name 10 = wetCDOM: Fluorescence, WET Labs CDOM [mg/m^3]
# name 11 = par/sat/log: PAR/Logarithmic, Satlantic [umol photons/m^2/sec]
# name 12 = CStarAt0: Beam Attenuation, WET Labs C-Star [1/m]
# name 13 = CStarTr0: Beam Transmission, WET Labs C-Star [%]
# name 14 = sbeox0ML/L: Oxygen, SBE 43 [ml/l], WS = 2
# name 15 = sbeox1ML/L: Oxygen, SBE 43, 2 [ml/l], WS = 2
# name 16 = sal00: Salinity, Practical [PSU]
# name 17 = sal11: Salinity, Practical, 2 [PSU]
# name 18 = sigma-t00: Density [sigma-t, kg/m^3 ]
# name 19 = sigma-t11: Density, 2 [sigma-t, kg/m^3 ]
# name 20 = oxsatML/L: Oxygen Saturation, Weiss [ml/l]
# name 21 = flag: flag
# span 0 =         75,      33544       
# span 1 =      2.931,    153.865       
# span 2 =    -0.7495,     4.0530       
# span 3 =    -0.7543,     4.0489       
# span 4 =   2.684756,   2.984613       
# span 5 =   2.684280,   2.984143       
# span 6 =     1.9247,     2.2121       
# span 7 =     2.2841,     2.6342       
# span 8 =      8.017,      8.159       
# span 9 =     0.9765,     4.7311       
# span 10 =    -2.8130,   482.1870      
# span 11 = 1.0451e-01, 4.6423e-01      
# span 12 =     0.0796,     0.1700      
# span 13 =    95.8387,    98.0292      
# span 14 =     7.1510,     7.7508      
# span 15 =     7.2759,     7.9571      
# span 16 =    31.7233,    33.0945      
# span 17 =    31.7206,    33.0938      
# span 18 =    25.1763,    26.5923      
# span 19 =    25.1801,    26.5920      
# span 20 =    7.41324,    8.32881      
# span 21 = 0.0000e+00, 0.0000e+00      
# interval = scans: 3                   
# start_time = Nov 27 2020 02:12:05 [System UTC, header]
# bad_flag = -9.990e-29
*END*
[from data line 2963]
      19735     46.000     3.1510     3.1484   2.914888   2.914377     2.1843     2.6016      8.139     2.6656     9.3071 1.0715e-01     0.1282    96.8470     7.5422     7.7083    31.7692    31.7656    25.2940    25.2914    7.57983 0.0000e+00
      19738     45.940     3.1516     3.1510   2.914905   2.914578     2.1835     2.6024      8.139     2.7266     9.1491 1.0715e-01     0.1282    96.8470     7.5386     7.7087    31.7688    31.7655    25.2937    25.2910    7.57973 0.0000e+00
      19741     45.884     3.1529     3.1507   2.914951   2.914508     2.1851     2.6024      8.139     2.9403     9.1491 1.0715e-01     0.1275    96.8644     7.5468     7.7069    31.7681    31.7650    25.2930    25.2906    7.57952 0.0000e+00
      19744     45.835     3.1533     3.1489   2.914976   2.914444     2.1847     2.6033      8.139     2.9403     9.1491 1.0715e-01     0.1282    96.8470     7.5432     7.7088    31.7681    31.7660    25.2929    25.2916    7.57945 0.0000e+00
      19747     45.793     3.1531     3.1478   2.914989   2.914401     2.1851     2.6028      8.139     2.9301     9.1491 1.0715e-01     0.1282    96.8470     7.5448     7.7076    31.7685    31.7666    25.2932    25.2922    7.57946 0.0000e+00
      19750     45.753     3.1540     3.1474   2.915006   2.914353     2.1856     2.6037      8.139     2.9505     9.1491 1.0715e-01     0.1278    96.8557     7.5433     7.7085    31.7679    31.7665    25.2927    25.2922    7.57934 0.0000e+00
      19753     45.716     3.1602     3.1477   2.915512   2.914381     2.1856     2.6037      8.139     2.9403     9.1491 1.0715e-01     0.1278    96.8557     7.5410     7.7071    31.7678    31.7665    25.2921    25.2921    7.57814 0.0000e+00
      19756     45.683     3.1659     3.1485   2.915763   2.914497     2.1851     2.6041      8.139     2.9403     9.1491 1.0715e-01     0.1278    96.8557     7.5397     7.7081    31.7652    31.7672    25.2896    25.2926    7.57719 0.0000e+00
      19759     45.657     3.1669     3.1488   2.915870   2.914615     2.1856     2.6049      8.139     2.9403   382.6603 1.0715e-01     0.1278    96.8557     7.5433     7.7090    31.7656    31.7683    25.2898    25.2935    7.57698 0.0000e+00
      19762     45.632     3.1744     3.1491   2.916318   2.914733     2.1860     2.6037      8.139     2.9301   481.9501 1.0715e-01     0.1275    96.8644     7.5426     7.7036    31.7636    31.7694    25.2875    25.2943    7.57566 0.0000e+00
      19765     45.607     3.1770     3.1501   2.916407   2.914915     2.1860     2.6049      8.139     3.0421   481.0026 1.0715e-01     0.1278    96.8557     7.5396     7.7078    31.7621    31.7707    25.2861    25.2952    7.57524 0.0000e+00
      19768     45.585     3.1793     3.1510   2.916630   2.914992     2.1851     2.6053      8.139     3.1235   481.2395 1.0715e-01     0.1299    96.8035     7.5338     7.7089    31.7625    31.7707    25.2862    25.2952    7.57477 0.0000e+00
      19771     45.561     3.1787     3.1510   2.916550   2.914906     2.1864     2.6057      8.139     3.1235   481.2395 1.0727e-01     0.1303    96.7948     7.5389     7.7109    31.7622    31.7696    25.2861    25.2944    7.57492 0.0000e+00
      19774     45.538     3.1781     3.1528   2.916537   2.915319     2.1856     2.6053      8.139     3.1133   481.3184 1.0715e-01     0.1303    96.7948     7.5345     7.7082    31.7626    31.7728    25.2864    25.2967    7.57500 0.0000e+00
      19779     45.500     3.1760     3.1551   2.916430   2.915646     2.1872     2.6061      8.139     3.1336   481.2790 1.0715e-01     0.1303    96.7948     7.5407     7.7088    31.7634    31.7745    25.2873    25.2979    7.57536 0.0000e+00
      19782     45.472     3.1762     3.1537   2.916423   2.915376     2.1864     2.6061      8.139     3.1336   481.3184 1.0715e-01     0.1303    96.7948     7.5364     7.7065    31.7631    31.7727    25.2870    25.2966    7.57533 0.0000e+00
      19785     45.441     3.1765     3.1529   2.916478   2.915336     2.1868     2.6065      8.139     3.1336   129.4023 1.0715e-01     0.1303    96.7948     7.5369     7.7055    31.7636    31.7731    25.2873    25.2969    7.57527 0.0000e+00
      19788     45.411     3.1750     3.1527   2.916324   2.915322     2.1868     2.6069      8.139     3.1438    -0.4048 1.0727e-01     0.1310    96.7775     7.5396     7.7055    31.7632    31.7731    25.2872    25.2970    7.57557 0.0000e+00
      19791     45.372     3.1745     3.1524   2.916508   2.915285     2.1860     2.6073      8.139     3.1031     3.9774 1.0715e-01     0.1303    96.7948     7.5377     7.7044    31.7660    31.7730    25.2894    25.2969    7.57553 0.0000e+00
      19794     45.329     3.1820     3.1517   2.916793   2.915235     2.1872     2.6073      8.139     3.0930     3.7010 1.0715e-01     0.1310    96.7775     7.5418     7.7023    31.7620    31.7731    25.2856    25.2970    7.57429 0.0000e+00
      19797     45.277     3.1760     3.1518   2.916570   2.915199     2.1864     2.6077      8.139     3.0828     3.7010 1.0715e-01     0.1307    96.7861     7.5406     7.7030    31.7652    31.7726    25.2887    25.2966    7.57527 0.0000e+00
      19800     45.224     3.1742     3.1525   2.916516   2.915411     2.1864     2.6077      8.139     3.0930     3.7010 1.0715e-01     0.1310    96.7775     7.5398     7.7003    31.7663    31.7744    25.2897    25.2980    7.57555 0.0000e+00
      19803     45.166     3.1746     3.1546   2.916495   2.915645     2.1872     2.6073      8.139     3.0930     3.7010 1.0715e-01     0.1307    96.7861     7.5451     7.6967    31.7658    31.7752    25.2893    25.2985    7.57551 0.0000e+00
      19806     45.099     3.1756     3.1570   2.916654   2.915768     2.1868     2.6065      8.139     3.1031     3.7010 1.0715e-01     0.1314    96.7688     7.5450     7.6924    31.7667    31.7744    25.2899    25.2976    7.57527 0.0000e+00
      19809     45.027     3.1799     3.1557   2.916826   2.915713     2.1872     2.6073      8.139     3.0930     3.5826 1.0715e-01     0.1303    96.7948     7.5458     7.6936    31.7646    31.7751    25.2878    25.2982    7.57456 0.0000e+00
      19812     44.952     3.1819     3.1557   2.916919   2.915774     2.1880     2.6081      8.139     3.0930     1.6086 1.0715e-01     0.1292    96.8209     7.5476     7.6963    31.7637    31.7758    25.2870    25.2988    7.57422 0.0000e+00
      19815     44.869     3.1827     3.1589   2.916942   2.915844     2.1880     2.6073      8.139     3.1031     1.5692 1.0715e-01     0.1292    96.8209     7.5439     7.6938    31.7633    31.7735    25.2866    25.2968    7.57409 0.0000e+00
      19818     44.781     3.1838     3.1661   2.917059   2.916002     2.1880     2.6073      8.139     3.0828     1.5692 1.0715e-01     0.1292    96.8209     7.5425     7.6934    31.7637    31.7685    25.2868    25.2921    7.57387 0.0000e+00
      19821     44.691     3.1854     3.1741   2.917141   2.916378     2.1880     2.6081      8.139     3.0930     1.5692 1.0715e-01     0.1292    96.8209     7.5416     7.6954    31.7631    31.7651    25.2862    25.2888    7.57358 0.0000e+00
      19824     44.593     3.1864     3.1790   2.917214   2.916569     2.1884     2.6073      8.139     3.0930     1.5692 1.0715e-01     0.1292    96.8209     7.5379     7.6934    31.7631    31.7627    25.2861    25.2864    7.57340 0.0000e+00
      19827     44.495     3.1871     3.1793   2.917247   2.916636     2.1880     2.6077      8.139     3.1133     1.5692 1.0727e-01     0.1296    96.8122     7.5321     7.6951    31.7629    31.7632    25.2859    25.2868    7.57328 0.0000e+00
      19830     44.393     3.1872     3.1801   2.917259   2.916676     2.1884     2.6085      8.139     3.0930     1.5692 1.0715e-01     0.1307    96.7861     7.5323     7.6974    31.7629    31.7629    25.2859    25.2865    7.57326 0.0000e+00
      19833     44.289     3.1872     3.1824   2.917274   2.916838     2.1880     2.6077      8.139     3.0930     1.5692 1.0715e-01     0.1310    96.7775     7.5279     7.6898    31.7632    31.7627    25.2861    25.2861    7.57324 0.0000e+00
      19836     44.185     3.1876     3.1819   2.917306   2.916793     2.1872     2.6085      8.139     3.0828     1.8455 1.0715e-01     0.1307    96.7861     7.5235     7.6931    31.7633    31.7626    25.2861    25.2861    7.57317 0.0000e+00
      19839     44.080     3.1883     3.1785   2.917346   2.916648     2.1876     2.6085      8.139     3.0930     2.5167 1.0715e-01     0.1310    96.7775     7.5247     7.6936    31.7631    31.7643    25.2860    25.2878    7.57305 0.0000e+00
      19842     43.977     3.1900     3.1749   2.917653   2.916472     2.1884     2.6085      8.139     3.0726     2.5167 1.0715e-01     0.1310    96.7775     7.5296     7.6930    31.7651    31.7658    25.2874    25.2893    7.57261 0.0000e+00
      19845     43.871     3.1970     3.1734   2.918111   2.916510     2.1876     2.6085      8.139     2.8691     2.5167 1.0715e-01     0.1310    96.7775     7.5261     7.6919    31.7639    31.7678    25.2858    25.2910    7.57135 0.0000e+00
      19848     43.769     3.2014     3.1790   2.918346   2.917055     2.1872     2.6085      8.139     2.8488     2.5167 1.0715e-01     0.1310    96.7775     7.5227     7.6903    31.7623    31.7689    25.2842    25.2913    7.57058 0.0000e+00
      19851     43.666     3.2054     3.1884   2.918716   2.917485     2.1880     2.6085      8.139     2.8589     2.5167 1.0715e-01     0.1303    96.7948     7.5265     7.6870    31.7630    31.7649    25.2844    25.2874    7.56980 0.0000e+00
      19854     43.568     3.2107     3.1948   2.919028   2.917880     2.1880     2.6085      8.139     2.8386     2.5167 1.0715e-01     0.1303    96.7948     7.5261     7.6847    31.7616    31.7634    25.2828    25.2857    7.56886 0.0000e+00
      19857     43.472     3.2130     3.1982   2.919119   2.918061     2.1880     2.6077      8.139     2.8589     2.5167 1.0727e-01     0.1303    96.7948     7.5249     7.6805    31.7605    31.7623    25.2817    25.2844    7.56848 0.0000e+00
      19860     43.375     3.2147     3.2048   2.919289   2.918508     2.1880     2.6085      8.139     2.8589     2.5167 1.0715e-01     0.1303    96.7948     7.5242     7.6823    31.7609    31.7611    25.2819    25.2830    7.56813 0.0000e+00
      19863     43.285     3.2165     3.2108   2.919365   2.918856     2.1876     2.6085      8.139     2.8386     0.8980 1.0715e-01     0.1303    96.7948     7.5197     7.6811    31.7601    31.7596    25.2811    25.2812    7.56784 0.0000e+00
      19866     43.198     3.2172     3.2144   2.919385   2.919064     2.1884     2.6085      8.139     2.8488    -0.4443 1.0715e-01     0.1303    96.7948     7.5222     7.6810    31.7596    31.7586    25.2807    25.2801    7.56772 0.0000e+00
      19869     43.116     3.2170     3.2157   2.919360   2.919073     2.1884     2.6085      8.139     2.8284    -0.3258 1.0715e-01     0.1321    96.7514     7.5227     7.6807    31.7596    31.7574    25.2807    25.2790    7.56776 0.0000e+00
      19872     43.039     3.2167     3.2150   2.919348   2.918922     2.1872     2.6085      8.139     2.8182    -0.3258 1.0715e-01     0.1325    96.7427     7.5162     7.6786    31.7597    31.7563    25.2808    25.2782    7.56780 0.0000e+00
      19875     42.967     3.2168     3.2145   2.919318   2.918836     2.1880     2.6085      8.139     2.8284    -0.3653 1.0715e-01     0.1325    96.7427     7.5180     7.6768    31.7593    31.7558    25.2805    25.2779    7.56781 0.0000e+00
      19878     42.896     3.2154     3.2136   2.919139   2.918735     2.1880     2.6085      8.139     2.8080    -0.3258 1.0715e-01     0.1325    96.7427     7.5164     7.6772    31.7586    31.7555    25.2800    25.2778    7.56811 0.0000e+00
      19881     42.829     3.2129     3.2132   2.918959   2.918771     2.1868     2.6085      8.139     2.8182    -0.3258 1.0715e-01     0.1328    96.7340     7.5108     7.6767    31.7589    31.7564    25.2805    25.2785    7.56857 0.0000e+00
      19884     42.770     3.2101     3.2124   2.918762   2.918787     2.1880     2.6089      8.139     2.8284    -0.3258 1.0715e-01     0.1325    96.7427     7.5154     7.6759    31.7594    31.7574    25.2811    25.2793    7.56909 0.0000e+00
      19887     42.711     3.2083     3.2121   2.918678   2.918784     2.1876     2.6085      8.139     2.8182    -0.3258 1.0715e-01     0.1332    96.7253     7.5141     7.6745    31.7601    31.7577    25.2819    25.2796    7.56938 0.0000e+00
      19890     42.655     3.2081     3.2114   2.918488   2.918686     2.1876     2.6089      8.139     2.8386   397.5834 1.0715e-01     0.1332    96.7253     7.5173     7.6733    31.7581    31.7572    25.2802    25.2793    7.56952 0.0000e+00
      19893     42.606     3.2059     3.2106   2.918063   2.918551     2.1872     2.6081      8.139     2.8182   481.8712 1.0715e-01     0.1325    96.7427     7.5185     7.6686    31.7551    31.7564    25.2781    25.2787    7.57009 0.0000e+00
      19896     42.564     3.2012     3.2100   2.917580   2.918491     2.1876     2.6073      8.139     3.2252   481.0026 1.0715e-01     0.1325    96.7427     7.5219     7.6627    31.7540    31.7563    25.2776    25.2786    7.57104 0.0000e+00
      19899     42.523     3.1969     3.2080   2.917253   2.918188     2.1876     2.6077      8.139     3.6220   481.2395 1.0715e-01     0.1325    96.7427     7.5245     7.6621    31.7543    31.7546    25.2782    25.2775    7.57184 0.0000e+00
      19902     42.484     3.1977     3.2058   2.917257   2.918100     2.1868     2.6085      8.139     3.6119   481.2395 1.0715e-01     0.1325    96.7427     7.5222     7.6644    31.7536    31.7558    25.2776    25.2786    7.57173 0.0000e+00
      19905     42.447     3.1986     3.2046   2.917405   2.918187     2.1872     2.6081      8.139     3.6220   481.2395 1.0715e-01     0.1328    96.7340     7.5227     7.6597    31.7545    31.7580    25.2782    25.2805    7.57151 0.0000e+00
      19908     42.415     3.1965     3.2051   2.917087   2.918262     2.1868     2.6077      8.139     3.6119   481.2395 1.0715e-01     0.1335    96.7166     7.5219     7.6558    31.7528    31.7585    25.2770    25.2808    7.57200 0.0000e+00
      19911     42.388     3.1944     3.2024   2.917035   2.918099     2.1876     2.6081      8.139     3.6017   481.2790 1.0715e-01     0.1357    96.6645     7.5277     7.6575    31.7542    31.7591    25.2783    25.2816    7.57232 0.0000e+00
      19914     42.361     3.1937     3.1974   2.917361   2.917820     2.1884     2.6065      8.139     3.6220   419.9286 1.0715e-01     0.1357    96.6645     7.5342     7.6541    31.7589    31.7608    25.2821    25.2833    7.57223 0.0000e+00
      19917     42.335     3.1916     3.1948   2.917502   2.917690     2.1872     2.6069      8.139     3.6017    17.5582 1.0715e-01     0.1357    96.6645     7.5294     7.6585    31.7627    31.7618    25.2853    25.2843    7.57244 0.0000e+00
      19921     42.302     3.1925     3.1944   2.917554   2.917614     2.1880     2.6061      8.139     3.4287    12.7023 1.0715e-01     0.1357    96.6645     7.5320     7.6545    31.7624    31.7612    25.2850    25.2839    7.57227 0.0000e+00
      19926     42.271     3.1947     3.1929   2.917360   2.917390     2.1876     2.6065      8.139     3.2456    13.4129 1.0715e-01     0.1361    96.6558     7.5318     7.6582    31.7579    31.7601    25.2812    25.2831    7.57208 0.0000e+00
      19930     42.239     3.1936     3.1938   2.916803   2.917320     2.1876     2.6053      8.139     3.2557    13.3339 1.0715e-01     0.1346    96.6905     7.5320     7.6587    31.7523    31.7584    25.2769    25.2817    7.57258 0.0000e+00
      19933     42.217     3.1939     3.1930   2.917087   2.917262     2.1876     2.6053      8.139     3.2456    13.3734 1.0715e-01     0.1342    96.6992     7.5305     7.6634    31.7554    31.7584    25.2793    25.2818    7.57236 0.0000e+00
