Datasets/AZMP/HUD120/hud120_2020_022.cnv
* Sea-Bird SBE 9 Data File:
* FileName = C:\CTDDATA\hud120_2020_022.hex
* Software Version Seasave V 7.26.7.110
* Temperature SN = 1697
* Conductivity SN = 4216
* Number of Bytes Per Scan = 30
* Number of Voltage Words = 4
* Number of Scans Averaged by the Deck Unit = 1
* NMEA baud rate = 4800
** VESSEL/TRIP/SEQ STN:  hud120_2020_022
** LATITUDE XX XX.XX: 45 05.70 N
** LONGITUDE XX XX.XX: 051 42.00 W
** SOUNDING DEPTH (M): 0074
** PROBE TYPE: S1146
** CTD NUMBER: 012
** FORMAT: V
** COMMENTS (14 CHAR): SEGB-08
** BOTTLES:  07
** LEVELS: 5,10,20,30,40,50,BTM
** STICKERS: 439588 - 439594
** VNET: Y
** DO2: N
# nquan = 22
# nvalues = 1697                        
# units = specified
# name 0 = scan: Scan Count
# name 1 = prDM: Pressure, Digiquartz [db]
# name 2 = t090C: Temperature [ITS-90, deg C]
# name 3 = t190C: Temperature, 2 [ITS-90, deg C]
# name 4 = c0S/m: Conductivity [S/m]
# name 5 = c1S/m: Conductivity, 2 [S/m]
# name 6 = sbeox0V: Oxygen raw, SBE 43 [V]
# name 7 = sbeox1V: Oxygen raw, SBE 43, 2 [V]
# name 8 = ph: pH
# name 9 = flECO-AFL: Fluorescence, WET Labs ECO-AFL/FL [mg/m^3]
# name 10 = wetCDOM: Fluorescence, WET Labs CDOM [mg/m^3]
# name 11 = par/sat/log: PAR/Logarithmic, Satlantic [umol photons/m^2/sec]
# name 12 = CStarAt0: Beam Attenuation, WET Labs C-Star [1/m]
# name 13 = CStarTr0: Beam Transmission, WET Labs C-Star [%]
# name 14 = sbeox0ML/L: Oxygen, SBE 43 [ml/l], WS = 2
# name 15 = sbeox1ML/L: Oxygen, SBE 43, 2 [ml/l], WS = 2
# name 16 = sal00: Salinity, Practical [PSU]
# name 17 = sal11: Salinity, Practical, 2 [PSU]
# name 18 = sigma-t00: Density [sigma-t, kg/m^3 ]
# name 19 = sigma-t11: Density, 2 [sigma-t, kg/m^3 ]
# name 20 = oxsatML/L: Oxygen Saturation, Weiss [ml/l]
# name 21 = flag: flag
# span 0 =          8,      27525       
# span 1 =      0.775,     68.573       
# span 2 =     3.6420,    11.9190       
# span 3 =     3.6367,    11.9139       
# span 4 =   3.029842,   3.712272       
# span 5 =   3.029272,   3.711786       
# span 6 =     1.7163,     2.1996       
# span 7 =     2.0109,     2.6001       
# span 8 =      7.799,      8.132       
# span 9 =     1.4955,     5.3416       
# span 10 =    -2.8130,   482.1870      
# span 11 = 1.0703e-01, 1.4103e+00      
# span 12 =     0.0985,     0.3766      
# span 13 =    91.0144,    97.5685      
# span 14 =     5.0518,     6.0717      
# span 15 =     5.1264,     6.2945      
# span 16 =    32.2379,    32.9336      
# span 17 =    32.1574,    33.3498      
# span 18 =    24.4719,    26.0174      
# span 19 =    24.4724,    26.3077      
# span 20 =    6.16648,    7.44220      
# span 21 = 0.0000e+00, 0.0000e+00      
# interval = scans: 3                   
# start_time = Nov 18 2020 06:57:32 [System UTC, header]
# bad_flag = -9.990e-29
*END*
[from data line 66]
       1127      6.185    11.9095    11.9058   3.709758   3.709390     2.1893     2.5259      8.127     4.2325   481.3579 1.0715e-01     0.1649    95.9604     6.0266     5.9512    32.2585    32.2582    24.4774    24.4778    6.16786 0.0000e+00
       1130      6.237    11.9091    11.9055   3.709722   3.709351     2.1893     2.5250      8.126     4.2224   481.3579 1.0715e-01     0.1649    95.9604     6.0257     5.9555    32.2585    32.2580    24.4774    24.4777    6.16792 0.0000e+00
       1133      6.289    11.9090    11.9056   3.709693   3.709312     2.1901     2.5254      8.126     4.2325   481.3579 1.0715e-01     0.1656    95.9430     6.0285     5.9637    32.2582    32.2575    24.4773    24.4773    6.16794 0.0000e+00
       1136      6.338    11.9102    11.9057   3.709944   3.709372     2.1909     2.5250      8.124     4.2325   481.3579 1.0715e-01     0.1649    95.9604     6.0321     5.9692    32.2596    32.2580    24.4781    24.4777    6.16773 0.0000e+00
       1139      6.387    11.9106    11.9060   3.709991   3.709425     2.1884     2.5275      8.124     4.7209   481.3579 1.0727e-01     0.1620    96.0299     6.0238     5.9807    32.2597    32.2582    24.4781    24.4778    6.16767 0.0000e+00
       1142      6.439    11.9107    11.9061   3.709991   3.709468     2.1897     2.5303      8.124     4.7820   346.6555 1.0715e-01     0.1573    96.1429     6.0270     5.9931    32.2596    32.2585    24.4781    24.4781    6.16766 0.0000e+00
       1145      6.489    11.9105    11.9060   3.709951   3.709410     2.1897     2.5328      8.126     4.7718    -0.7996 1.0727e-01     0.1577    96.1342     6.0265     6.0027    32.2594    32.2580    24.4779    24.4777    6.16770 0.0000e+00
       1148      6.543    11.9104    11.9056   3.709874   3.709344     2.1893     2.5336      8.123     4.7820     8.7939 1.0715e-01     0.1580    96.1255     6.0251     6.0069    32.2587    32.2577    24.4774    24.4775    6.16774 0.0000e+00
       1151      6.599    11.9097    11.9055   3.709792   3.709343     2.1897     2.5352      8.123     4.7820     8.6359 1.0715e-01     0.1573    96.1429     6.0273     6.0128    32.2585    32.2578    24.4774    24.4775    6.16784 0.0000e+00
       1154      6.654    11.9092    11.9052   3.709722   3.709278     2.1897     2.5360      8.126     4.7922     8.5570 1.0715e-01     0.1584    96.1168     6.0274     6.0136    32.2582    32.2574    24.4772    24.4773    6.16791 0.0000e+00
       1157      6.715    11.9094    11.9051   3.709733   3.709268     2.1905     2.5368      8.126     4.7718     8.5570 1.0715e-01     0.1577    96.1342     6.0303     6.0128    32.2581    32.2574    24.4771    24.4773    6.16789 0.0000e+00
       1160      6.777    11.9094    11.9050   3.709763   3.709248     2.1901     2.5372      8.126     4.7718     8.5570 1.0715e-01     0.1577    96.1342     6.0296     6.0094    32.2584    32.2572    24.4773    24.4773    6.16788 0.0000e+00
       1163      6.842    11.9093    11.9048   3.709748   3.709248     2.1905     2.5381      8.126     4.7820     8.5570 1.0715e-01     0.1577    96.1342     6.0322     6.0069    32.2583    32.2573    24.4772    24.4773    6.16789 0.0000e+00
       1166      6.910    11.9092    11.9048   3.709651   3.709234     2.1901     2.5385      8.126     4.8430     8.5570 1.0715e-01     0.1584    96.1168     6.0301     6.0040    32.2574    32.2572    24.4766    24.4773    6.16795 0.0000e+00
       1169      6.984    11.9090    11.9047   3.709746   3.709254     2.1897     2.5393      8.124     4.8430   269.8687 1.0715e-01     0.1580    96.1255     6.0301     6.0042    32.2585    32.2574    24.4774    24.4774    6.16793 0.0000e+00
       1172      7.062    11.9091    11.9053   3.709750   3.709363     2.1897     2.5409      8.123     4.8329   481.8317 1.0715e-01     0.1580    96.1255     6.0290     6.0072    32.2584    32.2580    24.4774    24.4777    6.16792 0.0000e+00
       1175      7.145    11.9095    11.9062   3.709775   3.709509     2.1909     2.5405      8.124     4.8430   481.0816 1.0715e-01     0.1584    96.1168     6.0317     6.0035    32.2583    32.2586    24.4772    24.4780    6.16787 0.0000e+00
       1178      7.236    11.9095    11.9064   3.709819   3.709510     2.1901     2.5413      8.126     4.8430   481.3579 1.0715e-01     0.1584    96.1168     6.0287     6.0048    32.2586    32.2584    24.4775    24.4779    6.16786 0.0000e+00
       1181      7.333    11.9097    11.9057   3.709853   3.709410     2.1905     2.5421      8.127     4.8329   481.3579 1.0715e-01     0.1642    95.9778     6.0309     6.0056    32.2588    32.2579    24.4776    24.4777    6.16782 0.0000e+00
       1184      7.431    11.9094    11.9059   3.709834   3.709500     2.1901     2.5433      8.126     4.8430   481.3579 1.0715e-01     0.1642    95.9778     6.0296     6.0076    32.2588    32.2586    24.4776    24.4781    6.16786 0.0000e+00
       1187      7.534    11.9100    11.9069   3.710015   3.709639     2.1905     2.5442      8.126     4.8329   481.3579 1.0715e-01     0.1646    95.9691     6.0304     6.0077    32.2599    32.2591    24.4784    24.4783    6.16773 0.0000e+00
       1190      7.642    11.9118    11.9074   3.710247   3.709766     2.1913     2.5442      8.126     4.8329   481.3579 1.0715e-01     0.1642    95.9778     6.0343     6.0059    32.2606    32.2598    24.4786    24.4788    6.16748 0.0000e+00
       1193      7.749    11.9119    11.9082   3.710311   3.709914     2.1909     2.5454      8.126     4.8329   481.3579 1.0715e-01     0.1649    95.9604     6.0340     6.0063    32.2611    32.2605    24.4790    24.4792    6.16744 0.0000e+00
       1196      7.854    11.9123    11.9083   3.710312   3.709856     2.1901     2.5446      8.126     4.8329   481.3579 1.0715e-01     0.1639    95.9865     6.0297     6.0021    32.2608    32.2598    24.4786    24.4786    6.16741 0.0000e+00
       1199      7.961    11.9122    11.9082   3.710308   3.709810     2.1901     2.5450      8.126     4.8532   481.3579 1.0715e-01     0.1617    96.0386     6.0289     6.0013    32.2608    32.2594    24.4786    24.4783    6.16742 0.0000e+00
       1202      8.066    11.9120    11.9082   3.710268   3.709867     2.1909     2.5458      8.124     4.8532   481.3579 1.0715e-01     0.1541    96.2212     6.0326     6.0004    32.2605    32.2599    24.4785    24.4787    6.16746 0.0000e+00
       1205      8.169    11.9121    11.9082   3.710273   3.709835     2.1913     2.5458      8.126     4.8329   481.3579 1.0715e-01     0.1541    96.2212     6.0332     5.9985    32.2604    32.2596    24.4784    24.4785    6.16745 0.0000e+00
       1208      8.266    11.9116    11.9077   3.710160   3.709729     2.1905     2.5462      8.126     4.8329   481.3579 1.0715e-01     0.1541    96.2212     6.0304     5.9980    32.2597    32.2589    24.4779    24.4781    6.16754 0.0000e+00
       1211      8.356    11.9111    11.9075   3.710148   3.709719     2.1901     2.5466      8.124     4.8430   481.3579 1.0715e-01     0.1541    96.2212     6.0287     5.9978    32.2599    32.2590    24.4782    24.4782    6.16759 0.0000e+00
       1214      8.444    11.9112    11.9073   3.710173   3.709641     2.1917     2.5466      8.126     4.8430   481.3579 1.0715e-01     0.1541    96.2212     6.0346     5.9963    32.2601    32.2583    24.4783    24.4776    6.16758 0.0000e+00
       1217      8.525    11.9108    11.9064   3.709998   3.709541     2.1917     2.5466      8.123     4.3648   481.3579 1.0715e-01     0.1541    96.2212     6.0360     5.9952    32.2588    32.2581    24.4773    24.4777    6.16768 0.0000e+00
       1220      8.595    11.9100    11.9063   3.709943   3.709551     2.1905     2.5470      8.124     4.2122   416.8097 1.0715e-01     0.1548    96.2038     6.0314     5.9963    32.2588    32.2583    24.4776    24.4778    6.16778 0.0000e+00
       1223      8.660    11.9102    11.9059   3.709960   3.709491     2.1905     2.5466      8.127     4.2325    12.7812 1.0715e-01     0.1552    96.1951     6.0314     5.9931    32.2588    32.2580    24.4775    24.4777    6.16776 0.0000e+00
       1226      8.724    11.9100    11.9058   3.709978   3.709450     2.1913     2.5470      8.127     4.2122     3.6616 1.0715e-01     0.1552    96.1951     6.0350     5.9934    32.2591    32.2577    24.4778    24.4774    6.16777 0.0000e+00
       1229      8.778    11.9100    11.9056   3.709926   3.709439     2.1909     2.5478      8.126     4.2325     5.0038 1.0715e-01     0.1552    96.1951     6.0341     5.9950    32.2586    32.2577    24.4774    24.4775    6.16779 0.0000e+00
       1232      8.824    11.9098    11.9057   3.709883   3.709423     2.1913     2.5474      8.126     4.2224     4.8854 1.0715e-01     0.1548    96.2038     6.0338     5.9935    32.2583    32.2575    24.4772    24.4773    6.16782 0.0000e+00
       1235      8.864    11.9098    11.9056   3.709883   3.709432     2.1909     2.5470      8.124     4.2224     4.8854 1.0715e-01     0.1552    96.1951     6.0296     5.9924    32.2584    32.2576    24.4772    24.4774    6.16783 0.0000e+00
       1238      8.899    11.9096    11.9057   3.709853   3.709473     2.1913     2.5470      8.126     4.2122     4.8854 1.0715e-01     0.1552    96.1951     6.0295     5.9922    32.2582    32.2579    24.4771    24.4776    6.16786 0.0000e+00
       1241      8.929    11.9098    11.9062   3.709866   3.709575     2.1909     2.5474      8.124     4.2427     4.8854 1.0715e-01     0.1545    96.2125     6.0291     5.9923    32.2581    32.2584    24.4771    24.4779    6.16783 0.0000e+00
       1244      8.953    11.9097    11.9068   3.709905   3.709574     2.1913     2.5474      8.124     4.4767     4.8854 1.0715e-01     0.1541    96.2212     6.0303     5.9923    32.2586    32.2579    24.4774    24.4774    6.16783 0.0000e+00
       1274      9.066    11.9100    11.9073   3.709975   3.709695     2.1909     2.5478      8.123     4.4564   323.7971 1.0715e-01     0.1526    96.2559     6.0229     5.9953    32.2589    32.2585    24.4776    24.4778    6.16778 0.0000e+00
       1289      9.130    11.9103    11.9074   3.709965   3.709704     2.1888     2.5482      8.126     4.4564   481.3579 1.0715e-01     0.1526    96.2559     6.0139     5.9980    32.2585    32.2586    24.4773    24.4779    6.16775 0.0000e+00
       1292      9.160    11.9102    11.9070   3.710012   3.709646     2.1889     2.5478      8.126     4.4361   481.3579 1.0715e-01     0.1519    96.2733     6.0146     5.9976    32.2591    32.2584    24.4777    24.4777    6.16775 0.0000e+00
       1295      9.196    11.9102    11.9069   3.710002   3.709606     2.1889     2.5491      8.123     4.2936   481.3579 1.0715e-01     0.1530    96.2472     6.0155     6.0017    32.2590    32.2581    24.4777    24.4775    6.16775 0.0000e+00
       1298      9.241    11.9106    11.9066   3.710094   3.709554     2.1880     2.5482      8.123     4.1613   470.0669 1.0715e-01     0.1530    96.2472     6.0135     5.9991    32.2595    32.2577    24.4780    24.4773    6.16768 0.0000e+00
       1301      9.288    11.9104    11.9063   3.709978   3.709571     2.1889     2.5495      8.124     4.1613    46.9701 1.0727e-01     0.1559    96.1777     6.0181     6.0039    32.2586    32.2582    24.4773    24.4777    6.16774 0.0000e+00
       1304      9.347    11.9093    11.9059   3.709764   3.709473     2.1889     2.5486      8.126     4.1715    -2.0234 1.0715e-01     0.1573    96.1429     6.0198     6.0022    32.2575    32.2575    24.4766    24.4773    6.16793 0.0000e+00
       1307      9.412    11.9090    11.9055   3.709778   3.709421     2.1893     2.5486      8.123     4.1613     0.2269 1.0715e-01     0.1570    96.1516     6.0226     6.0031    32.2578    32.2574    24.4769    24.4773    6.16795 0.0000e+00
       1310      9.485    11.9089    11.9053   3.709741   3.709357     2.1889     2.5491      8.123     4.1715     0.1479 1.0715e-01     0.1573    96.1429     6.0226     6.0049    32.2575    32.2569    24.4767    24.4769    6.16797 0.0000e+00
       1313      9.564    11.9085    11.9041   3.709659   3.709099     2.1880     2.5495      8.123     4.1613     0.1479 1.0715e-01     0.1573    96.1429     6.0223     6.0067    32.2570    32.2554    24.4764    24.4760    6.16805 0.0000e+00
       1316      9.645    11.9085    11.9032   3.709707   3.709018     2.1884     2.5495      8.126     4.1511     0.1479 1.0715e-01     0.1570    96.1516     6.0243     6.0078    32.2574    32.2554    24.4767    24.4761    6.16803 0.0000e+00
       1319      9.734    11.9082    11.9035   3.709570   3.709071     2.1889     2.5495      8.124     4.1715     0.1479 1.0715e-01     0.1573    96.1429     6.0258     6.0078    32.2564    32.2556    24.4760    24.4763    6.16811 0.0000e+00
       1322      9.830    11.9073    11.9029   3.709398   3.708915     2.1893     2.5503      8.123     4.3038     0.1479 1.0715e-01     0.1523    96.2646     6.0278     6.0109    32.2554    32.2545    24.4754    24.4755    6.16827 0.0000e+00
       1325      9.927    11.9066    11.9023   3.709359   3.708853     2.1884     2.5507      8.126     4.3445    94.4633 1.0715e-01     0.1515    96.2820     6.0249     6.0123    32.2556    32.2544    24.4757    24.4755    6.16836 0.0000e+00
       1328     10.026    11.9065    11.9022   3.709380   3.708842     2.1884     2.5507      8.123     4.3343   478.9497 1.0727e-01     0.1512    96.2907     6.0258     6.0126    32.2558    32.2543    24.4758    24.4755    6.16836 0.0000e+00
       1331     10.130    11.9069    11.9024   3.709402   3.708858     2.1893     2.5507      8.126     4.3445   481.3974 1.0715e-01     0.1515    96.2820     6.0311     6.0122    32.2557    32.2543    24.4757    24.4755    6.16832 0.0000e+00
       1334     10.234    11.9066    11.9023   3.709384   3.708818     2.1889     2.5507      8.126     4.3546   481.3184 1.0715e-01     0.1515    96.2820     6.0319     6.0106    32.2558    32.2540    24.4758    24.4752    6.16835 0.0000e+00
       1337     10.342    11.9068    11.9022   3.709429   3.708847     2.1893     2.5511      8.126     4.3546   481.3579 1.0715e-01     0.1519    96.2733     6.0340     6.0114    32.2559    32.2543    24.4759    24.4754    6.16832 0.0000e+00
       1340     10.455    11.9068    11.9021   3.709356   3.708826     2.1889     2.5519      8.123     4.3445   481.3579 1.0715e-01     0.1523    96.2646     6.0331     6.0133    32.2552    32.2541    24.4753    24.4754    6.16835 0.0000e+00
       1343     10.565    11.9063    11.9018   3.709286   3.708797     2.1889     2.5515      8.124     4.3445   481.3579 1.0715e-01     0.1559    96.1777     6.0344     6.0118    32.2549    32.2541    24.4751    24.4753    6.16842 0.0000e+00
       1346     10.673    11.9061    11.9019   3.709287   3.708797     2.1893     2.5519      8.124     4.3445   481.3579 1.0715e-01     0.1563    96.1690     6.0375     6.0126    32.2550    32.2540    24.4753    24.4753    6.16844 0.0000e+00
       1349     10.780    11.9060    11.9021   3.709285   3.708787     2.1897     2.5519      8.124     4.2732   481.3579 1.0715e-01     0.1556    96.1864     6.0407     6.0126    32.2550    32.2536    24.4753    24.4749    6.16845 0.0000e+00
       1352     10.885    11.9061    11.9020   3.709283   3.708816     2.1897     2.5519      8.126     4.2834   261.2623 1.0727e-01     0.1563    96.1690     6.0404     6.0124    32.2549    32.2539    24.4752    24.4752    6.16845 0.0000e+00
       1355     10.990    11.9064    11.9022   3.709314   3.708857     2.1905     2.5519      8.126     4.2834     1.8060 1.0715e-01     0.1556    96.1864     6.0441     6.0119    32.2549    32.2541    24.4751    24.4753    6.16841 0.0000e+00
       1358     11.093    11.9063    11.9022   3.709359   3.708844     2.1905     2.5515      8.126     4.2834    11.1231 1.0715e-01     0.1556    96.1864     6.0432     6.0095    32.2554    32.2539    24.4755    24.4752    6.16840 0.0000e+00
