Datasets/AZMP/HUD120/hud120_2020_075.cnv
* Sea-Bird SBE 9 Data File:
* FileName = C:\CTDDATA\hud120_2020_075.hex
* Software Version Seasave V 7.26.7.110
* Temperature SN = 1697
* Conductivity SN = 4216
* Number of Bytes Per Scan = 30
* Number of Voltage Words = 4
* Number of Scans Averaged by the Deck Unit = 1
* NMEA baud rate = 4800
** VESSEL/TRIP/SEQ STN:  hub120_2020_075
** LATITUDE XX XX.XX: 47 00.00 N
** LONGITUDE XX XX.XX: 051 00.00 W
** SOUNDING DEPTH (M): 0106
** PROBE TYPE: S1146
** CTD NUMBER: 054
** FORMAT: V
** COMMENTS (14 CHAR): FC-07
** BOTTLES:  8
** LEVELS: 5,10,20,30,40,50,75,BTM
** STICKERS: 439867 - 439874
** VNET: Y
** DO2: N
# nquan = 22
# nvalues = 2081                        
# units = specified
# name 0 = scan: Scan Count
# name 1 = prDM: Pressure, Digiquartz [db]
# name 2 = t090C: Temperature [ITS-90, deg C]
# name 3 = t190C: Temperature, 2 [ITS-90, deg C]
# name 4 = c0S/m: Conductivity [S/m]
# name 5 = c1S/m: Conductivity, 2 [S/m]
# name 6 = sbeox0V: Oxygen raw, SBE 43 [V]
# name 7 = sbeox1V: Oxygen raw, SBE 43, 2 [V]
# name 8 = ph: pH
# name 9 = flECO-AFL: Fluorescence, WET Labs ECO-AFL/FL [mg/m^3]
# name 10 = wetCDOM: Fluorescence, WET Labs CDOM [mg/m^3]
# name 11 = par/sat/log: PAR/Logarithmic, Satlantic [umol photons/m^2/sec]
# name 12 = CStarAt0: Beam Attenuation, WET Labs C-Star [1/m]
# name 13 = CStarTr0: Beam Transmission, WET Labs C-Star [%]
# name 14 = sbeox0ML/L: Oxygen, SBE 43 [ml/l], WS = 2
# name 15 = sbeox1ML/L: Oxygen, SBE 43, 2 [ml/l], WS = 2
# name 16 = sal00: Salinity, Practical [PSU]
# name 17 = sal11: Salinity, Practical, 2 [PSU]
# name 18 = sigma-t00: Density [sigma-t, kg/m^3 ]
# name 19 = sigma-t11: Density, 2 [sigma-t, kg/m^3 ]
# name 20 = oxsatML/L: Oxygen Saturation, Weiss [ml/l]
# name 21 = flag: flag
# span 0 =          2,      34036       
# span 1 =      0.423,    102.650       
# span 2 =    -0.4849,     8.3446       
# span 3 =    -0.4900,     8.3402       
# span 4 =   2.718848,   3.374585       
# span 5 =   2.718465,   3.374127       
# span 6 =     1.8021,     2.1925       
# span 7 =     2.1268,     2.6100       
# span 8 =      7.899,      8.184       
# span 9 =     1.0986,     5.4027       
# span 10 =    -2.8130,   482.1870      
# span 11 = 1.0641e-01, 1.0261e+00      
# span 12 =     0.1238,     0.3066      
# span 13 =    92.6225,    96.9513      
# span 14 =     6.1655,     7.0153      
# span 15 =     5.9392,     7.2722      
# span 16 =    32.0156,    33.0229      
# span 17 =    32.0015,    33.0205      
# span 18 =    24.8900,    26.5312      
# span 19 =    24.8751,    26.5300      
# span 20 =    6.68236,    8.26123      
# span 21 = 0.0000e+00, 0.0000e+00      
# interval = scans: 3                   
# start_time = Nov 26 2020 05:04:57 [System UTC, header]
# bad_flag = -9.990e-29
*END*
[from data line 791]
       2795     78.939     0.1311     0.1252   2.761361   2.760838     1.8302     2.1562      7.958     1.1902    -0.9180 1.0727e-01     0.1577    96.1342     6.4309     6.5245    32.9254    32.9249    26.4252    26.4251    8.13145 0.0000e+00
       2798     79.127     0.1255     0.1196   2.760946   2.760448     1.8302     2.1562      7.956     1.1800    -0.9180 1.0715e-01     0.1584    96.1168     6.4293     6.5251    32.9258    32.9256    26.4258    26.4260    8.13263 0.0000e+00
       2801     79.318     0.1208     0.1151   2.760633   2.760115     1.8293     2.1566      7.955     1.1902    -0.9180 1.0715e-01     0.1580    96.1255     6.4226     6.5279    32.9266    32.9260    26.4267    26.4265    8.13360 0.0000e+00
       2804     79.511     0.1156     0.1101   2.760288   2.759779     1.8277     2.1553      7.953     1.1902    10.0177 1.0715e-01     0.1584    96.1168     6.4168     6.5238    32.9276    32.9268    26.4278    26.4274    8.13467 0.0000e+00
       2807     79.701     0.1112     0.1052   2.759900   2.759404     1.8285     2.1558      7.953     1.1902    13.3734 1.0715e-01     0.1584    96.1168     6.4241     6.5253    32.9271    32.9270    26.4276    26.4278    8.13565 0.0000e+00
       2810     79.893     0.1066     0.1008   2.759604   2.759041     1.8289     2.1541      7.953     1.1800    13.2549 1.0727e-01     0.1584    96.1168     6.4286     6.5184    32.9280    32.9268    26.4286    26.4279    8.13660 0.0000e+00
       2813     80.082     0.1014     0.0961   2.759198   2.758715     1.8281     2.1537      7.953     1.1902    13.2944 1.0727e-01     0.1580    96.1255     6.4279     6.5194    32.9282    32.9275    26.4289    26.4286    8.13771 0.0000e+00
       2816     80.266     0.0967     0.0914   2.758880   2.758412     1.8273     2.1537      7.953     1.1699    13.2944 1.0727e-01     0.1573    96.1429     6.4275     6.5245    32.9290    32.9285    26.4298    26.4297    8.13870 0.0000e+00
       2819     80.449     0.0940     0.0887   2.758721   2.758205     1.8265     2.1525      7.953     1.1902    13.2549 1.0715e-01     0.1573    96.1429     6.4242     6.5206    32.9297    32.9286    26.4305    26.4299    8.13924 0.0000e+00
       2822     80.625     0.0919     0.0867   2.758517   2.758029     1.8261     2.1525      7.951     1.1800    13.2944 1.0727e-01     0.1573    96.1429     6.4253     6.5196    32.9291    32.9283    26.4302    26.4298    8.13972 0.0000e+00
       2825     80.792     0.0893     0.0843   2.758311   2.757820     1.8257     2.1521      7.951     1.1699    13.2549 1.0715e-01     0.1573    96.1429     6.4244     6.5204    32.9291    32.9280    26.4303    26.4296    8.14029 0.0000e+00
       2828     80.954     0.0861     0.0809   2.758005   2.757542     1.8261     2.1517      7.950     1.1394    51.9049 1.0715e-01     0.1573    96.1429     6.4263     6.5242    32.9284    32.9279    26.4299    26.4297    8.14101 0.0000e+00
       2831     81.106     0.0822     0.0771   2.757820   2.757230     1.8253     2.1509      7.950     1.1699   456.6835 1.0715e-01     0.1573    96.1429     6.4209     6.5276    32.9301    32.9278    26.4314    26.4298    8.14177 0.0000e+00
       2834     81.246     0.0791     0.0734   2.757520   2.756977     1.8253     2.1500      7.948     1.1394   481.5554 1.0727e-01     0.1584    96.1168     6.4231     6.5296    32.9294    32.9284    26.4310    26.4304    8.14247 0.0000e+00
       2837     81.382     0.0768     0.0708   2.757359   2.756820     1.8249     2.1513      7.948     1.1495   481.2000 1.0727e-01     0.1602    96.0734     6.4277     6.5370    32.9296    32.9290    26.4313    26.4311    8.14295 0.0000e+00
       2840     81.511     0.0756     0.0695   2.757279   2.756702     1.8245     2.1513      7.948     1.1495   481.3579 1.0727e-01     0.1602    96.0734     6.4298     6.5403    32.9298    32.9288    26.4315    26.4310    8.14321 0.0000e+00
       2843     81.635     0.0746     0.0686   2.757192   2.756611     1.8241     2.1500      7.948     1.1495   481.3579 1.0715e-01     0.1602    96.0734     6.4281     6.5389    32.9297    32.9285    26.4314    26.4308    8.14343 0.0000e+00
       2846     81.746     0.0721     0.0662   2.756996   2.756412     1.8241     2.1488      7.948     1.1597   481.3579 1.0715e-01     0.1602    96.0734     6.4268     6.5369    32.9297    32.9284    26.4316    26.4308    8.14397 0.0000e+00
       2849     81.847     0.0687     0.0632   2.756709   2.756191     1.8224     2.1496      7.949     1.1800   481.3579 1.0727e-01     0.1606    96.0647     6.4164     6.5415    32.9296    32.9287    26.4316    26.4312    8.14472 0.0000e+00
       2852     81.940     0.0658     0.0600   2.756506   2.755948     1.8232     2.1496      7.949     1.2207   481.3579 1.0727e-01     0.1602    96.0734     6.4205     6.5443    32.9300    32.9288    26.4321    26.4314    8.14533 0.0000e+00
       2855     82.024     0.0625     0.0581   2.756298   2.755841     1.8224     2.1500      7.949     1.2105   340.2993 1.0727e-01     0.1606    96.0647     6.4184     6.5458    32.9307    32.9295    26.4328    26.4321    8.14600 0.0000e+00
       2858     82.108     0.0612     0.0573   2.756220   2.755795     1.8228     2.1488      7.949     1.2105    -1.7471 1.0740e-01     0.1606    96.0647     6.4220     6.5386    32.9310    32.9297    26.4332    26.4323    8.14626 0.0000e+00
       2861     82.187     0.0565     0.0541   2.755840   2.755549     1.8224     2.1488      7.949     1.2207     6.9778 1.0715e-01     0.1606    96.0647     6.4234     6.5398    32.9310    32.9298    26.4334    26.4325    8.14728 0.0000e+00
       2864     82.263     0.0506     0.0467   2.755465   2.755075     1.8224     2.1488      7.949     1.2207     6.9383 1.0727e-01     0.1606    96.0647     6.4285     6.5442    32.9325    32.9314    26.4348    26.4342    8.14849 0.0000e+00
       2867     82.335     0.0482     0.0418   2.755338   2.754712     1.8212     2.1488      7.949     1.2105     6.8988 1.0715e-01     0.1606    96.0647     6.4232     6.5459    32.9333    32.9319    26.4356    26.4349    8.14896 0.0000e+00
       2870     82.402     0.0467     0.0391   2.755220   2.754539     1.8208     2.1484      7.949     1.2207     6.8988 1.0740e-01     0.1606    96.0647     6.4225     6.5422    32.9332    32.9325    26.4357    26.4355    8.14928 0.0000e+00
       2873     82.463     0.0447     0.0394   2.755081   2.754529     1.8204     2.1476      7.949     1.2309     6.8988 1.0715e-01     0.1610    96.0560     6.4215     6.5334    32.9335    32.9320    26.4360    26.4350    8.14969 0.0000e+00
       2876     82.527     0.0432     0.0377   2.754975   2.754395     1.8204     2.1480      7.949     1.2309     6.8988 1.0727e-01     0.1646    95.9691     6.4179     6.5335    32.9338    32.9321    26.4363    26.4352    8.15002 0.0000e+00
       2879     82.587     0.0426     0.0367   2.754959   2.754361     1.8204     2.1468      7.949     1.2411     6.8988 1.0715e-01     0.1649    95.9604     6.4150     6.5315    32.9342    32.9326    26.4366    26.4357    8.15013 0.0000e+00
       2882     82.646     0.0421     0.0374   2.754955   2.754397     1.8200     2.1472      7.949     1.2309   274.7247 1.0715e-01     0.1649    95.9604     6.4107     6.5335    32.9346    32.9324    26.4370    26.4354    8.15021 0.0000e+00
       2885     82.706     0.0425     0.0377   2.754965   2.754412     1.8204     2.1480      7.949     1.2411   481.6738 1.0715e-01     0.1649    95.9604     6.4134     6.5343    32.9343    32.9322    26.4367    26.4353    8.15014 0.0000e+00
       2888     82.761     0.0428     0.0379   2.755010   2.754430     1.8200     2.1468      7.949     1.2411   481.0421 1.0727e-01     0.1649    95.9604     6.4136     6.5296    32.9345    32.9321    26.4368    26.4352    8.15005 0.0000e+00
       2891     82.816     0.0427     0.0378   2.755001   2.754373     1.8188     2.1464      7.949     1.2513   481.3579 1.0715e-01     0.1649    95.9604     6.4132     6.5302    32.9344    32.9315    26.4368    26.4346    8.15008 0.0000e+00
       2894     82.873     0.0418     0.0376   2.754947   2.754364     1.8192     2.1456      7.949     1.2513   481.3579 1.0715e-01     0.1653    95.9517     6.4166     6.5279    32.9347    32.9316    26.4371    26.4347    8.15027 0.0000e+00
       2897     82.930     0.0415     0.0370   2.754891   2.754343     1.8188     2.1452      7.949     1.2411   481.3579 1.0715e-01     0.1639    95.9865     6.4109     6.5261    32.9342    32.9319    26.4367    26.4350    8.15036 0.0000e+00
       2900     82.987     0.0410     0.0361   2.754842   2.754295     1.8171     2.1456      7.949     1.2309   481.3579 1.0715e-01     0.1639    95.9865     6.3995     6.5286    32.9341    32.9321    26.4366    26.4353    8.15047 0.0000e+00
       2903     83.046     0.0405     0.0351   2.754835   2.754235     1.8171     2.1460      7.947     1.1800   481.3579 1.0727e-01     0.1639    95.9865     6.4005     6.5316    32.9345    32.9324    26.4370    26.4355    8.15056 0.0000e+00
       2906     83.103     0.0410     0.0347   2.754822   2.754221     1.8171     2.1448      7.949     1.1902   480.5683 1.0727e-01     0.1639    95.9865     6.4036     6.5277    32.9337    32.9326    26.4363    26.4358    8.15049 0.0000e+00
       2909     83.158     0.0414     0.0349   2.754811   2.754234     1.8171     2.1443      7.949     1.1902    82.1459 1.0715e-01     0.1639    95.9865     6.4068     6.5294    32.9332    32.9325    26.4359    26.4356    8.15044 0.0000e+00
       2912     83.215     0.0411     0.0354   2.754826   2.754258     1.8171     2.1452      7.947     1.1800     6.8199 1.0715e-01     0.1639    95.9865     6.4127     6.5379    32.9336    32.9323    26.4363    26.4354    8.15048 0.0000e+00
       2915     83.278     0.0401     0.0349   2.754696   2.754212     1.8180     2.1448      7.944     1.1902    10.4125 1.0740e-01     0.1653    95.9517     6.4235     6.5391    32.9330    32.9322    26.4358    26.4354    8.15074 0.0000e+00
       2918     83.338     0.0344     0.0295   2.754327   2.753832     1.8163     2.1439      7.946     1.1699    10.2940 1.0727e-01     0.1660    95.9343     6.4204     6.5396    32.9342    32.9329    26.4370    26.4362    8.15189 0.0000e+00
       2921     83.398     0.0323     0.0265   2.754143   2.753609     1.8155     2.1439      7.944     1.1800    10.2151 1.0740e-01     0.1660    95.9343     6.4190     6.5411    32.9340    32.9332    26.4369    26.4366    8.15236 0.0000e+00
       2924     83.458     0.0312     0.0259   2.754077   2.753532     1.8155     2.1439      7.944     1.1800    10.2546 1.0715e-01     0.1660    95.9343     6.4234     6.5404    32.9343    32.9328    26.4372    26.4363    8.15259 0.0000e+00
       2927     83.517     0.0299     0.0249   2.753953   2.753482     1.8159     2.1439      7.944     1.1902    10.2940 1.0740e-01     0.1660    95.9343     6.4254     6.5462    32.9340    32.9332    26.4371    26.4367    8.15288 0.0000e+00
       2930     83.572     0.0278     0.0238   2.753777   2.753387     1.8159     2.1443      7.946     1.1800    10.2546 1.0727e-01     0.1660    95.9343     6.4277     6.5520    32.9339    32.9331    26.4372    26.4366    8.15335 0.0000e+00
       2933     83.631     0.0261     0.0219   2.753658   2.753256     1.8159     2.1439      7.944     1.1902    77.5268 1.0740e-01     0.1660    95.9343     6.4266     6.5517    32.9342    32.9334    26.4374    26.4370    8.15371 0.0000e+00
       2936     83.690     0.0237     0.0198   2.753487   2.753103     1.8159     2.1439      7.944     1.1902   470.5012 1.0715e-01     0.1678    95.8909     6.4303     6.5529    32.9345    32.9336    26.4377    26.4372    8.15421 0.0000e+00
       2939     83.747     0.0208     0.0168   2.753237   2.752877     1.8163     2.1439      7.944     1.1902   481.5159 1.0740e-01     0.1682    95.8822     6.4404     6.5567    32.9342    32.9338    26.4377    26.4375    8.15485 0.0000e+00
       2942     83.800     0.0180     0.0135   2.753090   2.752639     1.8155     2.1439      7.946     1.1800   481.2790 1.0740e-01     0.1682    95.8822     6.4389     6.5584    32.9353    32.9342    26.4386    26.4380    8.15539 0.0000e+00
       2945     83.851     0.0172     0.0117   2.753000   2.752510     1.8147     2.1439      7.944     1.1902   481.3579 1.0740e-01     0.1682    95.8822     6.4323     6.5564    32.9349    32.9343    26.4384    26.4382    8.15559 0.0000e+00
       2948     83.898     0.0157     0.0106   2.752862   2.752446     1.8155     2.1431      7.944     1.1699   481.3579 1.0740e-01     0.1682    95.8822     6.4339     6.5511    32.9346    32.9347    26.4383    26.4386    8.15593 0.0000e+00
       2951     83.941     0.0141     0.0098   2.752807   2.752371     1.8155     2.1448      7.944     1.1699   481.3579 1.0727e-01     0.1682    95.8822     6.4333     6.5555    32.9357    32.9345    26.4392    26.4385    8.15623 0.0000e+00
       2954     83.982     0.0121     0.0090   2.752652   2.752294     1.8151     2.1439      7.944     1.1902   481.3579 1.0727e-01     0.1682    95.8822     6.4297     6.5513    32.9358    32.9344    26.4393    26.4384    8.15666 0.0000e+00
       2957     84.018     0.0074     0.0084   2.752363   2.752197     1.8147     2.1439      7.946     1.2207   481.3579 1.0740e-01     0.1678    95.8909     6.4257     6.5514    32.9370    32.9337    26.4406    26.4379    8.15761 0.0000e+00
       2960     84.050     0.0038     0.0052   2.752186   2.751986     1.8159     2.1439      7.944     1.2004   298.4515 1.0727e-01     0.1675    95.8995     6.4302     6.5503    32.9385    32.9344    26.4420    26.4386    8.15831 0.0000e+00
       2963     84.075     0.0022     0.0012   2.752096   2.751785     1.8159     2.1439      7.944     1.2105     2.4772 1.0715e-01     0.1682    95.8822     6.4308     6.5497    32.9390    32.9359    26.4425    26.4400    8.15863 0.0000e+00
       3001     84.132     0.0055     0.0025   2.752266   2.751941     1.8131     2.1419      7.944     1.1597    14.8341 1.0727e-01     0.1667    95.9169     6.4182     6.5380    32.9377    32.9366    26.4413    26.4405    8.15799 0.0000e+00
       3021     84.177     0.0058     0.0007   2.752194   2.751732     1.8127     2.1407      7.946     1.1190    14.5973 1.0715e-01     0.1660    95.9343     6.4172     6.5306    32.9364    32.9358    26.4402    26.4399    8.15800 0.0000e+00
       3024     84.212     0.0033    -0.0015   2.751991   2.751568     1.8131     2.1415      7.944     1.1190    14.5973 1.0715e-01     0.1660    95.9343     6.4239     6.5299    32.9364    32.9359    26.4403    26.4401    8.15854 0.0000e+00
       3027     84.256     0.0013    -0.0019   2.751880   2.751532     1.8118     2.1411      7.944     1.1088    14.5973 1.0715e-01     0.1660    95.9343     6.4200     6.5284    32.9370    32.9359    26.4409    26.4402    8.15893 0.0000e+00
       3030     84.308     0.0014    -0.0021   2.751961   2.751488     1.8127     2.1403      7.944     1.1190    14.5973 1.0715e-01     0.1660    95.9343     6.4190     6.5237    32.9380    32.9356    26.4417    26.4399    8.15886 0.0000e+00
       3033     84.368     0.0040    -0.0031   2.752212   2.751409     1.8118     2.1403      7.944     1.1800    14.5973 1.0715e-01     0.1660    95.9343     6.4105     6.5180    32.9384    32.9355    26.4419    26.4398    8.15826 0.0000e+00
       3036     84.433     0.0040    -0.0086   2.752101   2.750952     1.8118     2.1403      7.944     1.1800    14.5973 1.0715e-01     0.1667    95.9169     6.4106     6.5138    32.9369    32.9354    26.4407    26.4400    8.15835 0.0000e+00
