Datasets/AZMP/HUD120/hud120_2020_061.cnv
* Sea-Bird SBE 9 Data File:
* FileName = C:\CTDDATA\hud120_2020_061.hex
* Software Version Seasave V 7.26.7.110
* Temperature SN = 1697
* Conductivity SN = 4216
* Number of Bytes Per Scan = 30
* Number of Voltage Words = 4
* Number of Scans Averaged by the Deck Unit = 1
* NMEA baud rate = 4800
** VESSEL/TRIP/SEQ STN:  hud120_2020_061
** LATITUDE XX XX.XX: 47 00.00 N
** LONGITUDE XX XX.XX: 046 01.00 W
** SOUNDING DEPTH (M): 0308
** PROBE TYPE: S1146
** CTD NUMBER: 040
** FORMAT: V
** COMMENTS (14 CHAR): FC-21
** BOTTLES:  11
** LEVELS: 5,10,20,30,40,50,75,100,150,250,BTM
** STICKERS: 439770 - 439780
** VNET: Y
** DO2: N
# nquan = 22
# nvalues = 4832                        
# units = specified
# name 0 = scan: Scan Count
# name 1 = prDM: Pressure, Digiquartz [db]
# name 2 = t090C: Temperature [ITS-90, deg C]
# name 3 = t190C: Temperature, 2 [ITS-90, deg C]
# name 4 = c0S/m: Conductivity [S/m]
# name 5 = c1S/m: Conductivity, 2 [S/m]
# name 6 = sbeox0V: Oxygen raw, SBE 43 [V]
# name 7 = sbeox1V: Oxygen raw, SBE 43, 2 [V]
# name 8 = ph: pH
# name 9 = flECO-AFL: Fluorescence, WET Labs ECO-AFL/FL [mg/m^3]
# name 10 = wetCDOM: Fluorescence, WET Labs CDOM [mg/m^3]
# name 11 = par/sat/log: PAR/Logarithmic, Satlantic [umol photons/m^2/sec]
# name 12 = CStarAt0: Beam Attenuation, WET Labs C-Star [1/m]
# name 13 = CStarTr0: Beam Transmission, WET Labs C-Star [%]
# name 14 = sbeox0ML/L: Oxygen, SBE 43 [ml/l], WS = 2
# name 15 = sbeox1ML/L: Oxygen, SBE 43, 2 [ml/l], WS = 2
# name 16 = sal00: Salinity, Practical [PSU]
# name 17 = sal11: Salinity, Practical, 2 [PSU]
# name 18 = sigma-t00: Density [sigma-t, kg/m^3 ]
# name 19 = sigma-t11: Density, 2 [sigma-t, kg/m^3 ]
# name 20 = oxsatML/L: Oxygen Saturation, Weiss [ml/l]
# name 21 = flag: flag
# span 0 =         72,      40112       
# span 1 =      2.763,    303.084       
# span 2 =     3.5725,     8.0665       
# span 3 =     3.5690,     8.0616       
# span 4 =   3.173311,   3.451546       
# span 5 =   3.172933,   3.451048       
# span 6 =     1.7902,     2.2129       
# span 7 =     2.1181,     2.6465       
# span 8 =      7.949,      8.159       
# span 9 =     0.8850,     6.0132       
# span 10 =    -2.8130,   482.1870      
# span 11 = 1.0690e-01, 9.9373e+00      
# span 12 =     0.0810,     0.2517      
# span 13 =    93.9003,    97.9944      
# span 14 =     5.6395,     7.0771      
# span 15 =     5.7817,     7.4297      
# span 16 =    33.1112,    34.8565      
# span 17 =    33.1097,    34.8558      
# span 18 =    25.7816,    27.6517      
# span 19 =    25.7812,    27.6517      
# span 20 =    6.67818,    7.36945      
# span 21 = 0.0000e+00, 0.0000e+00      
# interval = scans: 3                   
# start_time = Nov 23 2020 19:02:47 [System UTC, header]
# bad_flag = -9.990e-29
*END*
[from data line 1449]
       5874    199.851     4.6173     4.6046   3.304003   3.302825     1.8216     2.1541      7.971     0.9460    -1.1549 1.0715e-01     0.0832    97.9422     5.6863     5.8121    34.8117    34.8111    27.5696    27.5706    7.16387 0.0000e+00
       5877    199.942     4.6079     4.6011   3.303206   3.302553     1.8212     2.1549      7.971     0.9358    -1.1944 1.0715e-01     0.0814    97.9857     5.6874     5.8150    34.8121    34.8116    27.5710    27.5713    7.16548 0.0000e+00
       5880    200.033     4.6055     4.5999   3.303005   3.302390     1.8204     2.1549      7.971     0.9358    -1.1944 1.0715e-01     0.0810    97.9944     5.6851     5.8187    34.8123    34.8109    27.5714    27.5710    7.16590 0.0000e+00
       5883    200.127     4.6054     4.5990   3.302962   3.302330     1.8212     2.1549      7.971     0.8952    -1.1944 1.0715e-01     0.0810    97.9944     5.6914     5.8209    34.8117    34.8111    27.5710    27.5712    7.16593 0.0000e+00
       5886    200.221     4.6068     4.5993   3.303134   3.302416     1.8212     2.1549      7.971     0.8850    -1.1549 1.0715e-01     0.0810    97.9944     5.6920     5.8195    34.8123    34.8117    27.5713    27.5716    7.16566 0.0000e+00
       5889    200.317     4.6078     4.6017   3.303201   3.302645     1.8216     2.1549      7.971     0.9155    -1.1944 1.0715e-01     0.0810    97.9944     5.6930     5.8178    34.8120    34.8119    27.5709    27.5716    7.16551 0.0000e+00
       5892    200.412     4.6067     4.6034   3.303115   3.302788     1.8216     2.1549      7.971     0.9053     1.1349 1.0715e-01     0.0810    97.9944     5.6950     5.8167    34.8120    34.8117    27.5711    27.5712    7.16569 0.0000e+00
       5895    200.506     4.6064     4.6037   3.303120   3.302819     1.8212     2.1549      7.969     0.8850     2.8325 1.0715e-01     0.0817    97.9770     5.6957     5.8161    34.8123    34.8117    27.5714    27.5712    7.16573 0.0000e+00
       5898    200.601     4.6065     4.6036   3.303108   3.302785     1.8220     2.1549      7.969     0.8850     2.7535 1.0715e-01     0.0810    97.9944     5.6991     5.8141    34.8121    34.8114    27.5711    27.5709    7.16573 0.0000e+00
       5901    200.694     4.6067     4.6034   3.303124   3.302740     1.8216     2.1549      7.971     0.9053     2.7535 1.0715e-01     0.0814    97.9857     5.6946     5.8120    34.8120    34.8110    27.5711    27.5707    7.16569 0.0000e+00
       5904    200.787     4.6065     4.6021   3.303107   3.302631     1.8216     2.1558      7.971     0.9155     2.7535 1.0715e-01     0.0814    97.9857     5.6931     5.8140    34.8120    34.8110    27.5711    27.5708    7.16573 0.0000e+00
       5907    200.882     4.6062     4.6011   3.303080   3.302545     1.8220     2.1553      7.971     0.9155     2.7535 1.0727e-01     0.0814    97.9857     5.6924     5.8109    34.8119    34.8110    27.5710    27.5709    7.16578 0.0000e+00
       5910    200.976     4.6047     4.6001   3.302827   3.302422     1.8220     2.1541      7.971     0.9155     2.7535 1.0715e-01     0.0810    97.9944     5.6921     5.8053    34.8105    34.8106    27.5701    27.5707    7.16612 0.0000e+00
       5913    201.070     4.6010     4.5974   3.302559   3.302155     1.8216     2.1549      7.971     0.9358     2.7535 1.0727e-01     0.0814    97.9857     5.6898     5.8073    34.8112    34.8102    27.5711    27.5707    7.16673 0.0000e+00
       5916    201.172     4.6009     4.5964   3.302552   3.302084     1.8229     2.1549      7.971     0.9358     2.7535 1.0715e-01     0.0821    97.9683     5.6946     5.8074    34.8111    34.8104    27.5710    27.5710    7.16674 0.0000e+00
       5919    201.273     4.6013     4.5963   3.302558   3.302077     1.8229     2.1545      7.971     0.9358     5.0433 1.0715e-01     0.0810    97.9944     5.6931     5.8061    34.8107    34.8104    27.5706    27.5710    7.16669 0.0000e+00
       5922    201.378     4.6011     4.5984   3.302578   3.302499     1.8208     2.1541      7.971     0.9460     5.3987 1.0715e-01     0.0810    97.9944     5.6828     5.8033    34.8111    34.8131    27.5710    27.5729    7.16671 0.0000e+00
       5925    201.484     4.6035     4.6093   3.303111   3.303850     1.8208     2.1545      7.971     0.9460     5.3592 1.0715e-01     0.0810    97.9944     5.6817     5.8028    34.8148    34.8173    27.5736    27.5750    7.16612 0.0000e+00
       5928    201.595     4.6127     4.6210   3.304366   3.304982     1.8220     2.1537      7.971     0.9358     5.3592 1.0715e-01     0.0810    97.9944     5.6841     5.7996    34.8197    34.8182    27.5765    27.5744    7.16428 0.0000e+00
       5931    201.715     4.6220     4.6245   3.305272   3.305237     1.8216     2.1537      7.969     0.9358     5.3592 1.0715e-01     0.0810    97.9944     5.6792     5.8000    34.8205    34.8174    27.5761    27.5734    7.16263 0.0000e+00
       5934    201.838     4.6277     4.6257   3.305653   3.305350     1.8220     2.1537      7.971     0.9155     5.3592 1.0715e-01     0.0810    97.9944     5.6783     5.7990    34.8188    34.8174    27.5741    27.5733    7.16171 0.0000e+00
       5937    201.965     4.6290     4.6259   3.305722   3.305345     1.8216     2.1537      7.971     0.9155     5.3592 1.0715e-01     0.0814    97.9857     5.6758     5.7991    34.8182    34.8171    27.5735    27.5730    7.16151 0.0000e+00
       5940    202.100     4.6296     4.6259   3.305736   3.305367     1.8216     2.1545      7.971     0.9257     5.3592 1.0715e-01     0.0810    97.9944     5.6756     5.8031    34.8178    34.8173    27.5731    27.5731    7.16144 0.0000e+00
       5943    202.243     4.6296     4.6257   3.305753   3.305361     1.8212     2.1537      7.971     0.8952     4.6880 1.0715e-01     0.0810    97.9944     5.6776     5.8005    34.8178    34.8173    27.5732    27.5732    7.16143 0.0000e+00
       5946    202.392     4.6303     4.6254   3.305837   3.305331     1.8216     2.1533      7.971     0.9053     1.2533 1.0715e-01     0.0810    97.9944     5.6817     5.7989    34.8180    34.8172    27.5732    27.5732    7.16130 0.0000e+00
       5949    202.549     4.6304     4.6240   3.305760   3.305159     1.8212     2.1541      7.971     0.9053     1.2928 1.0715e-01     0.0810    97.9944     5.6774     5.8036    34.8170    34.8166    27.5724    27.5728    7.16134 0.0000e+00
       5952    202.716     4.6282     4.6228   3.305540   3.305092     1.8216     2.1537      7.971     0.9053     1.3323 1.0727e-01     0.0810    97.9944     5.6782     5.8035    34.8166    34.8170    27.5723    27.5732    7.16174 0.0000e+00
       5955    202.890     4.6273     4.6229   3.305543   3.305121     1.8204     2.1525      7.971     0.8952     1.3323 1.0715e-01     0.0810    97.9944     5.6743     5.8010    34.8174    34.8172    27.5731    27.5734    7.16185 0.0000e+00
       5958    203.072     4.6274     4.6230   3.305568   3.305138     1.8204     2.1529      7.971     0.8952     1.3323 1.0715e-01     0.0810    97.9944     5.6746     5.8042    34.8176    34.8172    27.5732    27.5734    7.16183 0.0000e+00
       5961    203.260     4.6271     4.6225   3.305513   3.305074     1.8212     2.1537      7.971     0.9053     1.3323 1.0715e-01     0.0814    97.9857     5.6807     5.8086    34.8171    34.8168    27.5729    27.5732    7.16190 0.0000e+00
       5964    203.453     4.6265     4.6219   3.305514   3.305017     1.8208     2.1529      7.971     0.9053     1.3323 1.0715e-01     0.0817    97.9770     5.6825     5.8089    34.8176    34.8167    27.5733    27.5731    7.16198 0.0000e+00
       5967    203.655     4.6266     4.6215   3.305462   3.305011     1.8216     2.1525      7.971     0.9053     1.3323 1.0715e-01     0.0814    97.9857     5.6905     5.8132    34.8169    34.8170    27.5728    27.5734    7.16201 0.0000e+00
       5970    203.863     4.6258     4.6213   3.305403   3.304963     1.8208     2.1533      7.971     0.9155   204.3730 1.0715e-01     0.0817    97.9770     5.6889     5.8228    34.8169    34.8164    27.5729    27.5730    7.16214 0.0000e+00
       5973    204.077     4.6249     4.6192   3.305337   3.304798     1.8212     2.1533      7.971     0.9053   482.1870 1.0715e-01     0.0814    97.9857     5.6957     5.8296    34.8170    34.8166    27.5730    27.5733    7.16230 0.0000e+00
       5976    204.292     4.6224     4.6166   3.305065   3.304541     1.8204     2.1533      7.971     0.8952   481.1211 1.0715e-01     0.0817    97.9770     5.6968     5.8361    34.8162    34.8162    27.5727    27.5733    7.16275 0.0000e+00
       5979    204.514     4.6184     4.6126   3.304709   3.304235     1.8212     2.1541      7.971     0.9053   481.2395 1.0727e-01     0.0821    97.9683     5.7051     5.8439    34.8162    34.8167    27.5731    27.5742    7.16345 0.0000e+00
       5982    204.736     4.6162     4.6113   3.304624   3.304177     1.8208     2.1541      7.971     0.9053   481.3579 1.0715e-01     0.0821    97.9683     5.7058     5.8472    34.8174    34.8174    27.5743    27.5748    7.16379 0.0000e+00
       5985    204.956     4.6141     4.6088   3.304423   3.303948     1.8212     2.1537      7.971     0.9053   481.3579 1.0715e-01     0.0821    97.9683     5.7103     5.8504    34.8172    34.8172    27.5743    27.5750    7.16416 0.0000e+00
       5988    205.176     4.6083     4.6026   3.303781   3.303327     1.8225     2.1549      7.971     0.9257   481.3579 1.0715e-01     0.0821    97.9683     5.7195     5.8591    34.8157    34.8163    27.5738    27.5749    7.16525 0.0000e+00
       5991    205.400     4.6022     4.5971   3.303313   3.302860     1.8220     2.1558      7.971     0.9358   481.3184 1.0715e-01     0.0821    97.9683     5.7212     5.8647    34.8165    34.8165    27.5751    27.5758    7.16627 0.0000e+00
       5994    205.620     4.5982     4.5928   3.302919   3.302460     1.8220     2.1574      7.971     0.9257   481.3579 1.0715e-01     0.0814    97.9857     5.7258     5.8718    34.8159    34.8162    27.5751    27.5760    7.16700 0.0000e+00
       5997    205.832     4.5933     4.5881   3.302476   3.302026     1.8229     2.1574      7.971     0.9257   481.3579 1.0715e-01     0.0821    97.9683     5.7323     5.8744    34.8158    34.8160    27.5756    27.5763    7.16785 0.0000e+00
       6000    206.038     4.5907     4.5858   3.302344   3.301869     1.8233     2.1570      7.971     0.9257   481.3579 1.0715e-01     0.0810    97.9944     5.7358     5.8732    34.8169    34.8165    27.5767    27.5770    7.16825 0.0000e+00
       6003    206.233     4.5905     4.5859   3.302388   3.301878     1.8233     2.1574      7.973     0.9358   481.3579 1.0715e-01     0.0814    97.9857     5.7354     5.8752    34.8174    34.8163    27.5772    27.5768    7.16825 0.0000e+00
       6006    206.415     4.5886     4.5839   3.302080   3.301623     1.8237     2.1586      7.971     0.9460   481.3579 1.0715e-01     0.0814    97.9857     5.7370     5.8804    34.8157    34.8154    27.5761    27.5763    7.16867 0.0000e+00
       6009    206.585     4.5818     4.5768   3.301311   3.300891     1.8237     2.1586      7.971     0.9460   481.3579 1.0715e-01     0.0817    97.9770     5.7384     5.8799    34.8138    34.8141    27.5753    27.5761    7.16995 0.0000e+00
       6012    206.744     4.5750     4.5700   3.300700   3.300270     1.8241     2.1586      7.971     0.9257   481.3579 1.0715e-01     0.0814    97.9857     5.7415     5.8778    34.8137    34.8140    27.5760    27.5767    7.17113 0.0000e+00
       6015    206.885     4.5712     4.5663   3.300425   3.299963     1.8245     2.1598      7.973     0.9155   481.3579 1.0715e-01     0.0810    97.9944     5.7458     5.8808    34.8145    34.8141    27.5770    27.5773    7.17177 0.0000e+00
       6018    207.007     4.5687     4.5643   3.300255   3.299781     1.8249     2.1598      7.971     0.9358   481.3579 1.0715e-01     0.0821    97.9683     5.7463     5.8804    34.8150    34.8141    27.5777    27.5775    7.17217 0.0000e+00
       6021    207.110     4.5679     4.5633   3.300166   3.299710     1.8249     2.1607      7.973     0.9358   460.2366 1.0715e-01     0.0821    97.9683     5.7469     5.8837    34.8147    34.8142    27.5776    27.5777    7.17232 0.0000e+00
       6024    207.198     4.5672     4.5622   3.300166   3.299636     1.8257     2.1607      7.973     0.9460    38.7189 1.0715e-01     0.0821    97.9683     5.7522     5.8823    34.8154    34.8145    27.5782    27.5780    7.17241 0.0000e+00
       6027    207.267     4.5663     4.5614   3.300124   3.299610     1.8253     2.1615      7.973     0.9460     4.9644 1.0727e-01     0.0821    97.9683     5.7503     5.8825    34.8159    34.8150    27.5786    27.5785    7.17255 0.0000e+00
       6030    207.317     4.5673     4.5620   3.300168   3.299688     1.8261     2.1623      7.973     0.9358     7.2541 1.0715e-01     0.0821    97.9683     5.7522     5.8817    34.8153    34.8153    27.5781    27.5787    7.17241 0.0000e+00
       6080    207.357     4.5912     4.5874   3.302410   3.302002     1.8278     2.1627      7.973     0.9053   323.8366 1.0715e-01     0.0814    97.9857     5.7315     5.8548    34.8163    34.8156    27.5763    27.5761    7.16818 0.0000e+00
       6107    207.470     4.6037     4.5998   3.303527   3.303136     1.8282     2.1639      7.971     0.9053   481.1606 1.0715e-01     0.0814    97.9857     5.7199     5.8449    34.8163    34.8158    27.5748    27.5749    7.16601 0.0000e+00
       6110    207.605     4.6024     4.5968   3.303436   3.302862     1.8286     2.1643      7.971     0.9053   481.3579 1.0715e-01     0.0817    97.9770     5.7195     5.8456    34.8165    34.8156    27.5751    27.5751    7.16623 0.0000e+00
       6113    207.752     4.6023     4.5974   3.303454   3.302915     1.8278     2.1639      7.971     0.9053   481.3579 1.0715e-01     0.0814    97.9857     5.7155     5.8431    34.8168    34.8156    27.5753    27.5749    7.16624 0.0000e+00
       6116    207.909     4.6021     4.5953   3.303388   3.302742     1.8278     2.1635      7.973     0.9053   481.3579 1.0727e-01     0.0814    97.9857     5.7158     5.8402    34.8161    34.8157    27.5749    27.5753    7.16631 0.0000e+00
       6119    208.077     4.5991     4.5929   3.303030   3.302480     1.8278     2.1639      7.971     0.9358   481.3184 1.0715e-01     0.0817    97.9770     5.7176     5.8412    34.8150    34.8151    27.5743    27.5750    7.16688 0.0000e+00
       6122    208.255     4.5925     4.5866   3.302410   3.301949     1.8278     2.1639      7.971     0.9358   481.3579 1.0715e-01     0.0821    97.9683     5.7183     5.8409    34.8146    34.8153    27.5747    27.5760    7.16805 0.0000e+00
       6125    208.443     4.5894     4.5834   3.302479   3.301937     1.8290     2.1635      7.971     0.9257   481.3579 1.0715e-01     0.0817    97.9770     5.7240     5.8381    34.8185    34.8184    27.5782    27.5788    7.16840 0.0000e+00
       6128    208.638     4.5924     4.5909   3.302930   3.302991     1.8278     2.1627      7.971     0.9460   137.1797 1.0715e-01     0.0821    97.9683     5.7183     5.8344    34.8205    34.8228    27.5795    27.5814    7.16779 0.0000e+00
       6131    208.840     4.6000     4.5982   3.304012   3.303706     1.8274     2.1627      7.971     0.9358     1.4902 1.0715e-01     0.0821    97.9683     5.7164     5.8332    34.8251    34.8234    27.5822    27.5811    7.16624 0.0000e+00
       6134    209.053     4.6064     4.6026   3.304599   3.304106     1.8269     2.1627      7.974     0.9257     6.4251 1.0715e-01     0.0817    97.9770     5.7139     5.8311    34.8251    34.8234    27.5815    27.5805    7.16513 0.0000e+00
       6137    209.272     4.6091     4.6052   3.304803   3.304386     1.8278     2.1627      7.973     0.9257     6.1882 1.0715e-01     0.0821    97.9683     5.7168     5.8322    34.8245    34.8238    27.5807    27.5806    7.16468 0.0000e+00
