Datasets/AZMP/HUD120/hud120_2020_021.cnv
* Sea-Bird SBE 9 Data File:
* FileName = C:\CTDDATA\hud120_2020_021.hex
* Software Version Seasave V 7.26.7.110
* Temperature SN = 1697
* Conductivity SN = 4216
* Number of Bytes Per Scan = 30
* Number of Voltage Words = 4
* Number of Scans Averaged by the Deck Unit = 1
* NMEA baud rate = 4800
** VESSEL/TRIP/SEQ STN:  hud120_2020_021
** LATITUDE XX XX.XX: 45 27.50 N
** LONGITUDE XX XX.XX: 052 00.00 W
** SOUNDING DEPTH (M): 0080
** PROBE TYPE: S1146
** CTD NUMBER: 011
** FORMAT: V
** COMMENTS (14 CHAR): SEGB-07
** BOTTLES:  7
** LEVELS: 5,10,20,30,40,50,BTM
** STICKERS: 439581 - 439587
** VNET: Y
** DO2: N
# nquan = 22
# nvalues = 1634                        
# units = specified
# name 0 = scan: Scan Count
# name 1 = prDM: Pressure, Digiquartz [db]
# name 2 = t090C: Temperature [ITS-90, deg C]
# name 3 = t190C: Temperature, 2 [ITS-90, deg C]
# name 4 = c0S/m: Conductivity [S/m]
# name 5 = c1S/m: Conductivity, 2 [S/m]
# name 6 = sbeox0V: Oxygen raw, SBE 43 [V]
# name 7 = sbeox1V: Oxygen raw, SBE 43, 2 [V]
# name 8 = ph: pH
# name 9 = flECO-AFL: Fluorescence, WET Labs ECO-AFL/FL [mg/m^3]
# name 10 = wetCDOM: Fluorescence, WET Labs CDOM [mg/m^3]
# name 11 = par/sat/log: PAR/Logarithmic, Satlantic [umol photons/m^2/sec]
# name 12 = CStarAt0: Beam Attenuation, WET Labs C-Star [1/m]
# name 13 = CStarTr0: Beam Transmission, WET Labs C-Star [%]
# name 14 = sbeox0ML/L: Oxygen, SBE 43 [ml/l], WS = 2
# name 15 = sbeox1ML/L: Oxygen, SBE 43, 2 [ml/l], WS = 2
# name 16 = sal00: Salinity, Practical [PSU]
# name 17 = sal11: Salinity, Practical, 2 [PSU]
# name 18 = sigma-t00: Density [sigma-t, kg/m^3 ]
# name 19 = sigma-t11: Density, 2 [sigma-t, kg/m^3 ]
# name 20 = oxsatML/L: Oxygen Saturation, Weiss [ml/l]
# name 21 = flag: flag
# span 0 =         49,      22007       
# span 1 =      2.668,     78.676       
# span 2 =     3.3198,    11.4492       
# span 3 =     3.3146,    11.4446       
# span 4 =   3.008964,   3.670264       
# span 5 =   3.008767,   3.669844       
# span 6 =     1.7484,     2.1923       
# span 7 =     2.0500,     2.5977       
# span 8 =      7.803,      8.125       
# span 9 =     1.4039,     4.6090       
# span 10 =    -2.8130,   482.1870      
# span 11 = 1.0629e-01, 8.0632e-01      
# span 12 =     0.1152,     0.3701      
# span 13 =    91.1622,    97.1599      
# span 14 =     5.4007,     6.2500      
# span 15 =     5.0381,     6.3859      
# span 16 =    32.2404,    32.9360      
# span 17 =    32.2563,    32.8396      
# span 18 =    24.5589,    26.0435      
# span 19 =    24.5613,    26.0489      
# span 20 =    6.22883,    7.50017      
# span 21 = 0.0000e+00, 0.0000e+00      
# interval = scans: 3                   
# start_time = Nov 18 2020 03:05:08 [System UTC, header]
# bad_flag = -9.990e-29
*END*
[from data line 593]
       2079     58.191     3.4682     3.4835   3.020337   3.021107     1.7801     2.0910      7.879     1.5463   383.3315 1.0715e-01     0.1918    95.3172     5.6392     5.7088    32.7127    32.7065    26.0177    26.0114    7.47271 0.0000e+00
       2082     58.274     3.4736     3.4703   3.020778   3.020254     1.7805     2.0910      7.879     1.5260    12.6233 1.0715e-01     0.1981    95.1694     5.6401     5.7105    32.7125    32.7096    26.0170    26.0150    7.47171 0.0000e+00
       2085     58.350     3.4778     3.4708   3.021095   3.020278     1.7805     2.0902      7.879     1.5463    21.0323 1.0715e-01     0.1992    95.1433     5.6390     5.7064    32.7121    32.7093    26.0163    26.0148    7.47096 0.0000e+00
       2088     58.421     3.4864     3.4789   3.022129   3.021125     1.7793     2.0902      7.878     1.5463    20.6375 1.0715e-01     0.1988    95.1520     5.6323     5.7060    32.7157    32.7113    26.0184    26.0155    7.46918 0.0000e+00
       2091     58.490     3.4889     3.4768   3.021530   3.020560     1.7793     2.0906      7.878     1.5463    20.6375 1.0715e-01     0.1988    95.1520     5.6320     5.7068    32.7059    32.7065    26.0104    26.0120    7.46918 0.0000e+00
       2094     58.554     3.4786     3.4697   3.020866   3.020405     1.7797     2.0902      7.878     1.5362    20.6375 1.0715e-01     0.1992    95.1433     5.6368     5.7030    32.7084    32.7118    26.0133    26.0169    7.47099 0.0000e+00
       2097     58.618     3.4797     3.4753   3.021599   3.020724     1.7789     2.0898      7.879     1.5362    20.6375 1.0715e-01     0.1988    95.1520     5.6311     5.7024    32.7160    32.7100    26.0193    26.0149    7.47040 0.0000e+00
       2100     58.681     3.4989     3.4736   3.023305   3.020585     1.7777     2.0894      7.878     1.5667    20.6375 1.0715e-01     0.2006    95.1085     5.6213     5.7026    32.7171    32.7100    26.0183    26.0150    7.46678 0.0000e+00
       2103     58.742     3.4932     3.4721   3.022146   3.020241     1.7785     2.0886      7.878     1.5565    20.6375 1.0715e-01     0.2094    94.8999     5.6239     5.6993    32.7089    32.7074    26.0124    26.0131    7.46825 0.0000e+00
       2106     58.802     3.4770     3.4643   3.020675   3.019764     1.7785     2.0886      7.878     1.5768   242.4308 1.0715e-01     0.2098    94.8912     5.6256     5.6991    32.7076    32.7094    26.0128    26.0154    7.47133 0.0000e+00
       2109     58.871     3.4802     3.4704   3.021456   3.020582     1.7781     2.0878      7.879     1.5768   482.1870 1.0715e-01     0.2098    94.8912     5.6248     5.6939    32.7137    32.7130    26.0174    26.0178    7.47043 0.0000e+00
       2112     58.936     3.4840     3.4825   3.021557   3.021675     1.7781     2.0878      7.878     1.5667   481.0816 1.0715e-01     0.2091    94.9086     5.6244     5.6913    32.7110    32.7139    26.0149    26.0173    7.46986 0.0000e+00
       2115     59.003     3.4927     3.4854   3.022841   3.021417     1.7777     2.0874      7.876     1.5667   481.3579 1.0715e-01     0.2098    94.8912     5.6206     5.6891    32.7176    32.7079    26.0193    26.0122    7.46791 0.0000e+00
       2118     59.073     3.4886     3.4800   3.022116   3.021205     1.7777     2.0866      7.879     1.5768   481.3579 1.0715e-01     0.2098    94.8912     5.6201     5.6877    32.7130    32.7108    26.0161    26.0151    7.46890 0.0000e+00
       2121     59.149     3.4877     3.4819   3.022197   3.021462     1.7768     2.0870      7.875     1.5667   481.3579 1.0715e-01     0.2116    94.8478     5.6185     5.6887    32.7148    32.7118    26.0176    26.0157    7.46897 0.0000e+00
       2124     59.228     3.4876     3.4701   3.021908   3.020183     1.7773     2.0866      7.878     1.5768   481.3579 1.0715e-01     0.2153    94.7608     5.6210     5.6902    32.7114    32.7084    26.0149    26.0141    7.46916 0.0000e+00
       2127     59.311     3.4885     3.4608   3.022685   3.020136     1.7760     2.0857      7.879     1.5972   481.3579 1.0715e-01     0.2153    94.7608     5.6146     5.6893    32.7198    32.7172    26.0215    26.0219    7.46858 0.0000e+00
       2130     59.402     3.4871     3.4699   3.021733   3.020797     1.7768     2.0853      7.878     1.5972   481.3579 1.0715e-01     0.2153    94.7608     5.6199     5.6875    32.7098    32.7158    26.0136    26.0200    7.46934 0.0000e+00
       2133     59.498     3.4629     3.4540   3.020311   3.019259     1.7760     2.0853      7.875     1.6074   481.3579 1.0715e-01     0.2153    94.7608     5.6214     5.6908    32.7171    32.7134    26.0217    26.0195    7.47349 0.0000e+00
       2136     59.597     3.4664     3.4443   3.020687   3.018874     1.7756     2.0853      7.878     1.6074   481.3579 1.0715e-01     0.2153    94.7608     5.6211     5.6908    32.7180    32.7186    26.0221    26.0246    7.47279 0.0000e+00
       2139     59.706     3.4519     3.4463   3.019188   3.018923     1.7760     2.0845      7.876     1.5972   481.3579 1.0715e-01     0.2153    94.7608     5.6268     5.6883    32.7145    32.7170    26.0207    26.0231    7.47565 0.0000e+00
       2142     59.820     3.4484     3.4463   3.019159   3.018821     1.7748     2.0841      7.876     1.5972   481.3579 1.0715e-01     0.2175    94.7087     5.6235     5.6885    32.7177    32.7158    26.0235    26.0222    7.47616 0.0000e+00
       2145     59.936     3.4490     3.4437   3.019251   3.018659     1.7756     2.0837      7.875     1.6074   481.3579 1.0715e-01     0.2193    94.6652     5.6273     5.6895    32.7181    32.7164    26.0238    26.0229    7.47602 0.0000e+00
       2148     60.053     3.4481     3.4433   3.019114   3.018691     1.7756     2.0833      7.876     1.6074   481.3579 1.0715e-01     0.2186    94.6826     5.6281     5.6900    32.7173    32.7171    26.0232    26.0235    7.47623 0.0000e+00
       2151     60.177     3.4480     3.4436   3.019163   3.018687     1.7756     2.0833      7.876     1.5870   481.3579 1.0715e-01     0.2190    94.6739     5.6294     5.6922    32.7179    32.7167    26.0237    26.0231    7.47621 0.0000e+00
       2154     60.303     3.4453     3.4414   3.018937   3.018493     1.7748     2.0837      7.875     1.5667   481.3579 1.0715e-01     0.2186    94.6826     5.6264     5.6968    32.7180    32.7165    26.0240    26.0232    7.47672 0.0000e+00
       2157     60.427     3.4425     3.4378   3.018617   3.018171     1.7752     2.0825      7.875     1.5667   481.3579 1.0715e-01     0.2190    94.6739     5.6306     5.6962    32.7169    32.7162    26.0234    26.0233    7.47730 0.0000e+00
       2160     60.551     3.4378     3.4344   3.018264   3.017933     1.7748     2.0817      7.875     1.5768   481.3579 1.0715e-01     0.2190    94.6739     5.6297     5.6953    32.7173    32.7168    26.0241    26.0241    7.47815 0.0000e+00
       2163     60.674     3.4348     3.4331   3.018180   3.017922     1.7748     2.0825      7.877     1.5667   481.3579 1.0715e-01     0.2186    94.6826     5.6312     5.7003    32.7193    32.7179    26.0260    26.0251    7.47861 0.0000e+00
       2166     60.795     3.4338     3.4318   3.018096   3.017817     1.7744     2.0821      7.875     1.5667   481.3579 1.0715e-01     0.2186    94.6826     5.6289     5.6987    32.7191    32.7179    26.0260    26.0251    7.47880 0.0000e+00
       2169     60.909     3.4346     3.4314   3.018119   3.017927     1.7740     2.0825      7.875     1.5667   481.3579 1.0715e-01     0.2186    94.6826     5.6272     5.7001    32.7185    32.7195    26.0255    26.0265    7.47868 0.0000e+00
       2172     61.020     3.4306     3.4317   3.017780   3.017779     1.7740     2.0817      7.875     1.5667   481.3579 1.0715e-01     0.2186    94.6826     5.6289     5.6972    32.7185    32.7174    26.0257    26.0248    7.47943 0.0000e+00
       2175     61.129     3.4297     3.4241   3.017578   3.017299     1.7744     2.0817      7.875     1.5768   481.3579 1.0715e-01     0.2186    94.6826     5.6315     5.6979    32.7169    32.7193    26.0245    26.0270    7.47968 0.0000e+00
       2178     61.235     3.4245     3.4255   3.017327   3.017464     1.7740     2.0829      7.875     1.5463   481.3579 1.0715e-01     0.2190    94.6739     5.6303     5.7027    32.7191    32.7197    26.0268    26.0272    7.48055 0.0000e+00
       2181     61.334     3.4275     3.4302   3.017625   3.017849     1.7740     2.0821      7.875     1.5362   481.3579 1.0715e-01     0.2193    94.6652     5.6289     5.7002    32.7196    32.7195    26.0269    26.0266    7.47996 0.0000e+00
       2184     61.428     3.4286     3.4353   3.017813   3.018189     1.7740     2.0813      7.875     1.5362   342.7470 1.0715e-01     0.2208    94.6305     5.6305     5.6937    32.7207    32.7185    26.0277    26.0253    7.47969 0.0000e+00
       2187     61.518     3.4313     3.4310   3.017937   3.017732     1.7736     2.0808      7.875     1.5362    -0.8785 1.0715e-01     0.2208    94.6305     5.6319     5.6902    32.7194    32.7172    26.0264    26.0247    7.47926 0.0000e+00
       2190     61.602     3.4284     3.4230   3.017733   3.017056     1.7736     2.0804      7.875     1.5362     9.0702 1.0715e-01     0.2208    94.6305     5.6335     5.6898    32.7198    32.7172    26.0270    26.0254    7.47978 0.0000e+00
       2193     61.681     3.4294     3.4180   3.017793   3.016715     1.7740     2.0808      7.875     1.5362     8.8728 1.0715e-01     0.2208    94.6305     5.6343     5.6920    32.7195    32.7181    26.0266    26.0266    7.47961 0.0000e+00
       2196     61.757     3.4302     3.4169   3.017909   3.016738     1.7732     2.0804      7.875     1.5362     8.8333 1.0715e-01     0.2208    94.6305     5.6293     5.6893    32.7200    32.7195    26.0270    26.0278    7.47943 0.0000e+00
       2199     61.833     3.4218     3.4226   3.017034   3.017235     1.7732     2.0800      7.875     1.5260     8.7938 1.0715e-01     0.2208    94.6305     5.6291     5.6845    32.7179    32.7196    26.0261    26.0274    7.48110 0.0000e+00
       2202     61.904     3.4108     3.4219   3.016376   3.017142     1.7728     2.0804      7.875     1.5463     8.7938 1.0715e-01     0.2226    94.5870     5.6297     5.6854    32.7212    32.7192    26.0297    26.0271    7.48300 0.0000e+00
       2205     61.971     3.4101     3.4204   3.016223   3.017087     1.7728     2.0796      7.875     1.5667     8.7938 1.0715e-01     0.2252    94.5262     5.6305     5.6841    32.7200    32.7199    26.0289    26.0278    7.48319 0.0000e+00
       2208     62.036     3.4097     3.4228   3.016357   3.017399     1.7736     2.0792      7.875     1.5667     8.7938 1.0715e-01     0.2248    94.5349     5.6333     5.6836    32.7219    32.7212    26.0304    26.0286    7.48316 0.0000e+00
       2211     62.100     3.4175     3.4251   3.017132   3.017555     1.7740     2.0792      7.875     1.5565     2.7141 1.0715e-01     0.2252    94.5262     5.6320     5.6844    32.7234    32.7208    26.0308    26.0281    7.48164 0.0000e+00
       2214     62.160     3.4232     3.4294   3.017454   3.017754     1.7728     2.0792      7.875     1.5667    -1.8655 1.0715e-01     0.2252    94.5262     5.6250     5.6815    32.7214    32.7188    26.0288    26.0261    7.48067 0.0000e+00
       2217     62.225     3.4239     3.4247   3.017199   3.017363     1.7728     2.0792      7.875     1.5667    -1.6286 1.0715e-01     0.2252    94.5262     5.6248     5.6793    32.7176    32.7187    26.0257    26.0265    7.48072 0.0000e+00
       2220     62.289     3.4159     3.4223   3.016507   3.017182     1.7724     2.0780      7.875     1.5768    -1.6286 1.0715e-01     0.2252    94.5262     5.6260     5.6759    32.7174    32.7191    26.0263    26.0270    7.48224 0.0000e+00
       2223     62.358     3.4132     3.4259   3.016691   3.017786     1.7724     2.0776      7.875     1.5768    -1.6286 1.0715e-01     0.2267    94.4914     5.6253     5.6741    32.7222    32.7226    26.0304    26.0294    7.48249 0.0000e+00
       2226     62.424     3.4177     3.4434   3.017070   3.019406     1.7724     2.0776      7.875     1.5768    -1.6286 1.0715e-01     0.2274    94.4740     5.6221     5.6713    32.7222    32.7243    26.0299    26.0292    7.48166 0.0000e+00
       2229     62.492     3.4300     3.4513   3.018361   3.019699     1.7728     2.0776      7.875     1.5972    -1.6286 1.0715e-01     0.2274    94.4740     5.6192     5.6716    32.7252    32.7198    26.0312    26.0249    7.47921 0.0000e+00
       2232     62.561     3.4383     3.4545   3.018839   3.019944     1.7716     2.0780      7.875     1.6278    -1.6286 1.0715e-01     0.2274    94.4740     5.6112     5.6722    32.7226    32.7196    26.0283    26.0244    7.47779 0.0000e+00
       2235     62.635     3.4418     3.4534   3.019404   3.019671     1.7712     2.0772      7.875     1.6278    -1.6286 1.0715e-01     0.2274    94.4740     5.6104     5.6705    32.7258    32.7173    26.0306    26.0227    7.47699 0.0000e+00
       2238     62.715     3.4443     3.4497   3.019233   3.019429     1.7720     2.0760      7.875     1.6379    -0.6022 1.0715e-01     0.2274    94.4740     5.6149     5.6679    32.7212    32.7181    26.0267    26.0237    7.47675 0.0000e+00
       2241     62.796     3.4453     3.4443   3.019382   3.019117     1.7716     2.0756      7.875     1.6278    -0.4443 1.0715e-01     0.2274    94.4740     5.6120     5.6692    32.7219    32.7198    26.0271    26.0255    7.47652 0.0000e+00
       2244     62.883     3.4474     3.4417   3.019653   3.019026     1.7720     2.0768      7.875     1.6379    -0.4443 1.0715e-01     0.2296    94.4218     5.6135     5.6749    32.7230    32.7213    26.0278    26.0269    7.47607 0.0000e+00
       2247     62.978     3.4478     3.4520   3.019605   3.019947     1.7712     2.0760      7.875     1.6379    -0.4443 1.0715e-01     0.2296    94.4218     5.6095     5.6701    32.7220    32.7218    26.0270    26.0264    7.47606 0.0000e+00
       2250     63.078     3.4498     3.4550   3.019772   3.020068     1.7712     2.0756      7.875     1.6176    -0.4443 1.0715e-01     0.2296    94.4218     5.6100     5.6684    32.7219    32.7202    26.0267    26.0249    7.47568 0.0000e+00
       2253     63.183     3.4465     3.4470   3.019612   3.019482     1.7703     2.0756      7.875     1.6278    -0.4443 1.0715e-01     0.2296    94.4218     5.6086     5.6677    32.7233    32.7212    26.0281    26.0264    7.47624 0.0000e+00
       2256     63.293     3.4499     3.4481   3.019892   3.019774     1.7712     2.0752      7.875     1.5667    -0.4443 1.0715e-01     0.2296    94.4218     5.6137     5.6679    32.7231    32.7235    26.0277    26.0281    7.47560 0.0000e+00
       2259     63.407     3.4463     3.4461   3.019759   3.019297     1.7703     2.0756      7.875     1.5260    -0.4443 1.0715e-01     0.2296    94.4218     5.6105     5.6726    32.7251    32.7198    26.0295    26.0254    7.47617 0.0000e+00
       2262     63.525     3.4467     3.4345   3.019587   3.018555     1.7703     2.0747      7.873     1.5362     0.9375 1.0715e-01     0.2300    94.4131     5.6084     5.6731    32.7225    32.7225    26.0275    26.0286    7.47622 0.0000e+00
       2265     63.650     3.4433     3.4368   3.019621   3.018828     1.7699     2.0752      7.875     1.5463     8.5175 1.0715e-01     0.2285    94.4479     5.6060     5.6741    32.7264    32.7234    26.0309    26.0291    7.47668 0.0000e+00
       2268     63.781     3.4441     3.4358   3.019316   3.018847     1.7703     2.0743      7.873     1.5362     8.4780 1.0715e-01     0.2285    94.4479     5.6099     5.6699    32.7219    32.7246    26.0272    26.0302    7.47676 0.0000e+00
       2271     63.915     3.4331     3.4306   3.018630   3.018244     1.7699     2.0743      7.873     1.5463     8.4780 1.0715e-01     0.2285    94.4479     5.6125     5.6723    32.7246    32.7225    26.0304    26.0290    7.47866 0.0000e+00
