Datasets/AZMP/HUD120/hud120_2020_026.cnv
* Sea-Bird SBE 9 Data File:
* FileName = C:\CTDDATA\hud120_2020_026.hex
* Software Version Seasave V 7.26.7.110
* Temperature SN = 1697
* Conductivity SN = 4216
* Number of Bytes Per Scan = 30
* Number of Voltage Words = 4
* Number of Scans Averaged by the Deck Unit = 1
* NMEA baud rate = 4800
** VESSEL/TRIP/SEQ STN:  hud120_2020_026
** LATITUDE XX XX.XX: 43 38.00 N
** LONGITUDE XX XX.XX: 050 31.00 W
** SOUNDING DEPTH (M): 0065
** PROBE TYPE: S1146
** CTD NUMBER: 016
** FORMAT: V
** COMMENTS (14 CHAR): SEGB-12
** BOTTLES:  7
** LEVELS: 5,10,20,30,40,50,BTM
** STICKERS: 439616 - 439622
** VNET: Y
** DO2: N
# nquan = 22
# nvalues = 1290                        
# units = specified
# name 0 = scan: Scan Count
# name 1 = prDM: Pressure, Digiquartz [db]
# name 2 = t090C: Temperature [ITS-90, deg C]
# name 3 = t190C: Temperature, 2 [ITS-90, deg C]
# name 4 = c0S/m: Conductivity [S/m]
# name 5 = c1S/m: Conductivity, 2 [S/m]
# name 6 = sbeox0V: Oxygen raw, SBE 43 [V]
# name 7 = sbeox1V: Oxygen raw, SBE 43, 2 [V]
# name 8 = ph: pH
# name 9 = flECO-AFL: Fluorescence, WET Labs ECO-AFL/FL [mg/m^3]
# name 10 = wetCDOM: Fluorescence, WET Labs CDOM [mg/m^3]
# name 11 = par/sat/log: PAR/Logarithmic, Satlantic [umol photons/m^2/sec]
# name 12 = CStarAt0: Beam Attenuation, WET Labs C-Star [1/m]
# name 13 = CStarTr0: Beam Transmission, WET Labs C-Star [%]
# name 14 = sbeox0ML/L: Oxygen, SBE 43 [ml/l], WS = 2
# name 15 = sbeox1ML/L: Oxygen, SBE 43, 2 [ml/l], WS = 2
# name 16 = sal00: Salinity, Practical [PSU]
# name 17 = sal11: Salinity, Practical, 2 [PSU]
# name 18 = sigma-t00: Density [sigma-t, kg/m^3 ]
# name 19 = sigma-t11: Density, 2 [sigma-t, kg/m^3 ]
# name 20 = oxsatML/L: Oxygen Saturation, Weiss [ml/l]
# name 21 = flag: flag
# span 0 =         77,      20250       
# span 1 =      2.290,     62.713       
# span 2 =     3.9025,     9.7348       
# span 3 =     3.8980,     9.7302       
# span 4 =   3.036615,   3.492753       
# span 5 =   3.036263,   3.492211       
# span 6 =     1.9715,     2.2370       
# span 7 =     2.3284,     2.6628       
# span 8 =      7.942,      8.119       
# span 9 =     1.7905,     8.1194       
# span 10 =    -2.8130,   482.1870      
# span 11 = 1.0580e-01, 6.7068e-01      
# span 12 =     0.1791,     1.0067      
# span 13 =    77.7500,    95.6214      
# span 14 =     6.2148,     6.6304      
# span 15 =     6.0875,     6.7717      
# span 16 =    32.0023,    32.5987      
# span 17 =    32.0037,    32.5418      
# span 18 =    24.6653,    25.8442      
# span 19 =    24.6649,    25.7923      
# span 20 =    6.47708,    7.40416      
# span 21 = 0.0000e+00, 0.0000e+00      
# interval = scans: 3                   
# start_time = Nov 18 2020 20:24:53 [System UTC, header]
# bad_flag = -9.990e-29
*END*
[from data line 922]
      10533     29.250     9.5747     9.5657   3.480673   3.479875     2.2101     2.6204      8.090     4.7820    10.1361 1.0715e-01     0.2285    94.4479     6.4525     6.5520    32.0242    32.0241    24.6983    24.6997    6.49981 0.0000e+00
      10536     29.173     9.5760     9.5681   3.480753   3.480097     2.2109     2.6192      8.090     4.7718   376.8569 1.0715e-01     0.2285    94.4479     6.4535     6.5481    32.0239    32.0242    24.6979    24.6994    6.49964 0.0000e+00
      10539     29.099     9.5766     9.5708   3.480782   3.480269     2.2089     2.6200      8.090     4.7718   481.9896 1.0715e-01     0.2285    94.4479     6.4447     6.5503    32.0238    32.0236    24.6976    24.6985    6.49956 0.0000e+00
      10542     29.034     9.5769     9.5722   3.480816   3.480353     2.2089     2.6196      8.090     4.7718   481.0026 1.0715e-01     0.2300    94.4131     6.4433     6.5488    32.0238    32.0233    24.6977    24.6980    6.49951 0.0000e+00
      10545     28.972     9.5782     9.5729   3.480895   3.480387     2.2093     2.6200      8.090     4.7922   481.3579 1.0715e-01     0.2336    94.3262     6.4447     6.5492    32.0235    32.0230    24.6972    24.6977    6.49933 0.0000e+00
      10548     28.919     9.5780     9.5730   3.480836   3.480359     2.2093     2.6192      8.090     5.1890   481.3184 1.0715e-01     0.2336    94.3262     6.4452     6.5460    32.0231    32.0227    24.6969    24.6974    6.49938 0.0000e+00
      10551     28.875     9.5774     9.5731   3.480777   3.480377     2.2089     2.6196      8.090     5.2297   481.3579 1.0715e-01     0.2333    94.3349     6.4446     6.5477    32.0231    32.0227    24.6970    24.6974    6.49947 0.0000e+00
      10554     28.841     9.5772     9.5739   3.480780   3.480474     2.2089     2.6188      8.090     5.2297   481.3579 1.0715e-01     0.2329    94.3436     6.4445     6.5461    32.0233    32.0231    24.6972    24.6975    6.49950 0.0000e+00
      10557     28.816     9.5773     9.5740   3.480776   3.480441     2.2097     2.6192      8.090     5.2398   481.3579 1.0715e-01     0.2336    94.3262     6.4464     6.5480    32.0232    32.0226    24.6971    24.6972    6.49949 0.0000e+00
      12447     28.757     9.5813     9.5765   3.481246   3.480698     2.2134     2.6278      8.106     4.9143   252.8927 1.0715e-01     0.2322    94.3610     6.4626     6.5716    32.0244    32.0231    24.6974    24.6971    6.49885 0.0000e+00
      12450     28.628     9.5814     9.5765   3.481234   3.480680     2.2126     2.6274      8.106     4.9346     3.3063 1.0715e-01     0.2329    94.3436     6.4584     6.5688    32.0242    32.0230    24.6973    24.6971    6.49884 0.0000e+00
      12453     28.502     9.5810     9.5760   3.481209   3.480642     2.2126     2.6265      8.107     4.9245    12.6233 1.0715e-01     0.2329    94.3436     6.4600     6.5652    32.0244    32.0230    24.6975    24.6972    6.49889 0.0000e+00
      12456     28.378     9.5808     9.5763   3.481204   3.480677     2.2138     2.6265      8.104     4.9245    12.2285 1.0715e-01     0.2329    94.3436     6.4657     6.5643    32.0246    32.0232    24.6976    24.6973    6.49892 0.0000e+00
      12459     28.264     9.5812     9.5766   3.481227   3.480699     2.2134     2.6265      8.109     4.9041    12.2285 1.0715e-01     0.2329    94.3436     6.4652     6.5636    32.0245    32.0232    24.6975    24.6972    6.49886 0.0000e+00
      12462     28.164     9.5818     9.5769   3.481262   3.480718     2.2130     2.6265      8.107     4.9143    12.2285 1.0715e-01     0.2377    94.2306     6.4639     6.5627    32.0244    32.0232    24.6973    24.6972    6.49878 0.0000e+00
      12465     28.075     9.5816     9.5769   3.481250   3.480704     2.2134     2.6265      8.109     4.8939    12.2285 1.0715e-01     0.2414    94.1437     6.4649     6.5632    32.0245    32.0231    24.6974    24.6971    6.49881 0.0000e+00
      12468     27.995     9.5816     9.5769   3.481261   3.480732     2.2130     2.6265      8.107     4.8939    12.2285 1.0715e-01     0.2407    94.1611     6.4638     6.5642    32.0246    32.0234    24.6975    24.6973    6.49880 0.0000e+00
      12471     27.925     9.5818     9.5772   3.481262   3.480716     2.2126     2.6253      8.109     4.9041    12.2285 1.0715e-01     0.2407    94.1611     6.4636     6.5614    32.0245    32.0230    24.6974    24.6970    6.49878 0.0000e+00
      12474     27.869     9.5816     9.5772   3.481265   3.480748     2.2130     2.6257      8.109     4.9041   368.0531 1.0715e-01     0.2418    94.1350     6.4664     6.5635    32.0247    32.0234    24.6976    24.6973    6.49880 0.0000e+00
      12477     27.826     9.5819     9.5773   3.481264   3.480728     2.2138     2.6253      8.107     4.8939   482.0291 1.0715e-01     0.2407    94.1611     6.4691     6.5621    32.0244    32.0231    24.6973    24.6970    6.49876 0.0000e+00
      12512     27.783     9.5817     9.5768   3.481241   3.480698     2.2146     2.6265      8.109     5.1890   322.5337 1.0715e-01     0.2399    94.1785     6.4727     6.5684    32.0244    32.0232    24.6974    24.6972    6.49879 0.0000e+00
      12578     27.635     9.5811     9.5760   3.481181   3.480637     2.2162     2.6290      8.109     5.7486   242.4702 1.0715e-01     0.2362    94.2654     6.4808     6.5807    32.0244    32.0234    24.6975    24.6974    6.49888 0.0000e+00
      12581     27.461     9.5812     9.5764   3.481177   3.480653     2.2162     2.6290      8.107     5.7486   482.1870 1.0715e-01     0.2362    94.2654     6.4802     6.5808    32.0243    32.0232    24.6974    24.6973    6.49886 0.0000e+00
      12584     27.277     9.5812     9.5767   3.481161   3.480677     2.2166     2.6290      8.109     5.7486   481.0421 1.0715e-01     0.2340    94.3175     6.4800     6.5803    32.0243    32.0234    24.6974    24.6973    6.49887 0.0000e+00
      12587     27.092     9.5814     9.5773   3.481187   3.480711     2.2175     2.6290      8.109     5.6672   481.3579 1.0715e-01     0.2329    94.3436     6.4823     6.5796    32.0245    32.0233    24.6974    24.6972    6.49884 0.0000e+00
      12590     26.899     9.5817     9.5778   3.481210   3.480739     2.2175     2.6286      8.109     4.9651   481.3579 1.0715e-01     0.2333    94.3349     6.4801     6.5788    32.0245    32.0231    24.6974    24.6970    6.49878 0.0000e+00
      12593     26.701     9.5820     9.5781   3.481243   3.480731     2.2171     2.6290      8.109     4.9245   481.3579 1.0715e-01     0.2333    94.3349     6.4760     6.5801    32.0247    32.0229    24.6975    24.6968    6.49874 0.0000e+00
      12596     26.495     9.5825     9.5780   3.481252   3.480746     2.2175     2.6290      8.109     4.9346   481.3579 1.0715e-01     0.2333    94.3349     6.4747     6.5805    32.0244    32.0232    24.6972    24.6970    6.49868 0.0000e+00
      12599     26.289     9.5825     9.5782   3.481248   3.480731     2.2162     2.6294      8.109     4.9245   481.3579 1.0715e-01     0.2333    94.3349     6.4692     6.5833    32.0244    32.0230    24.6972    24.6968    6.49868 0.0000e+00
      12602     26.084     9.5831     9.5783   3.481251   3.480737     2.2171     2.6290      8.109     4.9245   481.3579 1.0715e-01     0.2344    94.3088     6.4722     6.5823    32.0240    32.0231    24.6968    24.6968    6.49860 0.0000e+00
      12605     25.880     9.5833     9.5783   3.481238   3.480719     2.2166     2.6290      8.109     4.9346   113.2554 1.0715e-01     0.2384    94.2132     6.4700     6.5818    32.0238    32.0230    24.6966    24.6968    6.49858 0.0000e+00
      12608     25.679     9.5827     9.5781   3.481228   3.480708     2.2162     2.6290      8.109     4.9346     8.0832 1.0715e-01     0.2384    94.2132     6.4674     6.5807    32.0243    32.0231    24.6971    24.6969    6.49865 0.0000e+00
      12611     25.478     9.5826     9.5780   3.481201   3.480662     2.2162     2.6290      8.109     4.9245    12.7023 1.0715e-01     0.2384    94.2132     6.4689     6.5805    32.0242    32.0228    24.6971    24.6967    6.49867 0.0000e+00
      12614     25.278     9.5827     9.5781   3.481173   3.480686     2.2162     2.6290      8.109     4.9041    12.5838 1.0715e-01     0.2384    94.2132     6.4695     6.5810    32.0239    32.0230    24.6968    24.6968    6.49867 0.0000e+00
      12617     25.081     9.5831     9.5786   3.481205   3.480700     2.2166     2.6290      8.109     4.8634    12.5838 1.0715e-01     0.2384    94.2132     6.4720     6.5806    32.0239    32.0228    24.6968    24.6966    6.49860 0.0000e+00
      12620     24.897     9.5833     9.5789   3.481202   3.480703     2.2158     2.6294      8.109     4.8735    12.5443 1.0715e-01     0.2384    94.2132     6.4701     6.5828    32.0239    32.0226    24.6967    24.6964    6.49859 0.0000e+00
      12623     24.711     9.5837     9.5790   3.481230   3.480710     2.2166     2.6294      8.109     4.8735    12.5443 1.0715e-01     0.2391    94.1959     6.4740     6.5831    32.0238    32.0227    24.6966    24.6964    6.49852 0.0000e+00
      12626     24.533     9.5841     9.5795   3.481210   3.480715     2.2166     2.6290      8.109     4.8634    12.4654 1.0715e-01     0.2391    94.1959     6.4743     6.5826    32.0234    32.0224    24.6962    24.6962    6.49849 0.0000e+00
      12629     24.367     9.5842     9.5794   3.481239   3.480705     2.2166     2.6286      8.109     4.8735    54.3921 1.0715e-01     0.2395    94.1872     6.4762     6.5819    32.0236    32.0225    24.6963    24.6962    6.49846 0.0000e+00
      12632     24.208     9.5844     9.5797   3.481231   3.480684     2.2171     2.6286      8.107     4.8735   458.4206 1.0715e-01     0.2391    94.1959     6.4785     6.5826    32.0235    32.0221    24.6962    24.6959    6.49844 0.0000e+00
      12635     24.053     9.5839     9.5799   3.481197   3.480699     2.2171     2.6290      8.109     4.8735   481.5948 1.0715e-01     0.2395    94.1872     6.4790     6.5852    32.0237    32.0221    24.6964    24.6959    6.49850 0.0000e+00
      12638     23.910     9.5839     9.5800   3.481187   3.480715     2.2162     2.6298      8.109     4.8735   481.2000 1.0715e-01     0.2391    94.1959     6.4759     6.5878    32.0236    32.0222    24.6964    24.6959    6.49851 0.0000e+00
      12641     23.778     9.5840     9.5800   3.481214   3.480722     2.2166     2.6294      8.109     5.3111   481.3579 1.0715e-01     0.2391    94.1959     6.4776     6.5872    32.0238    32.0223    24.6965    24.6960    6.49848 0.0000e+00
      12644     23.661     9.5841     9.5800   3.481212   3.480726     2.2171     2.6302      8.109     5.6367   481.3579 1.0715e-01     0.2418    94.1350     6.4796     6.5910    32.0237    32.0225    24.6964    24.6961    6.49847 0.0000e+00
      12647     23.555     9.5842     9.5795   3.481197   3.480674     2.2162     2.6290      8.109     5.6163   481.3579 1.0703e-01     0.2433    94.1002     6.4767     6.5888    32.0236    32.0224    24.6963    24.6961    6.49846 0.0000e+00
      12650     23.463     9.5841     9.5791   3.481198   3.480642     2.2175     2.6302      8.109     5.6163   481.3579 1.0715e-01     0.2433    94.1002     6.4829     6.5924    32.0237    32.0225    24.6964    24.6963    6.49847 0.0000e+00
      12653     23.384     9.5840     9.5788   3.481168   3.480638     2.2171     2.6298      8.107     5.6163   481.3579 1.0715e-01     0.2429    94.1089     6.4817     6.5926    32.0235    32.0228    24.6962    24.6965    6.49849 0.0000e+00
      12656     23.316     9.5835     9.5790   3.481150   3.480637     2.2175     2.6306      8.109     5.6163   337.3384 1.0715e-01     0.2433    94.1002     6.4830     6.5942    32.0239    32.0226    24.6966    24.6964    6.49856 0.0000e+00
      12659     23.259     9.5836     9.5788   3.481154   3.480647     2.2175     2.6306      8.109     5.6265     1.4507 1.0703e-01     0.2433    94.1002     6.4824     6.5934    32.0238    32.0229    24.6966    24.6966    6.49854 0.0000e+00
      12662     23.209     9.5834     9.5794   3.481121   3.480664     2.2175     2.6302      8.109     5.6265    12.9786 1.0715e-01     0.2436    94.0915     6.4815     6.5917    32.0237    32.0225    24.6965    24.6963    6.49858 0.0000e+00
      12665     23.168     9.5834     9.5795   3.481128   3.480670     2.2175     2.6310      8.109     5.6163    12.5443 1.0715e-01     0.2488    93.9699     6.4810     6.5940    32.0238    32.0226    24.6966    24.6963    6.49858 0.0000e+00
      12668     23.135     9.5831     9.5784   3.481120   3.480608     2.2179     2.6314      8.109     5.8096    12.5838 1.0715e-01     0.2495    93.9525     6.4821     6.5963    32.0239    32.0229    24.6967    24.6967    6.49860 0.0000e+00
      12671     23.110     9.5830     9.5783   3.481124   3.480582     2.2187     2.6306      8.107     5.8402    12.5443 1.0715e-01     0.2499    93.9438     6.4841     6.5944    32.0241    32.0227    24.6969    24.6966    6.49862 0.0000e+00
      12704     22.950     9.5824     9.5790   3.481081   3.480624     2.2183     2.6326      8.109     5.7181   481.3579 1.0715e-01     0.2480    93.9872     6.4838     6.5910    32.0242    32.0226    24.6971    24.6964    6.49869 0.0000e+00
      12708     22.919     9.5822     9.5792   3.481060   3.480640     2.2187     2.6330      8.109     5.7079   393.8329 1.0715e-01     0.2462    94.0307     6.4852     6.5903    32.0243    32.0227    24.6972    24.6964    6.49873 0.0000e+00
      12711     22.884     9.5822     9.5788   3.481072   3.480592     2.2187     2.6326      8.109     5.7079     8.9518 1.0715e-01     0.2462    94.0307     6.4845     6.5879    32.0244    32.0225    24.6973    24.6963    6.49872 0.0000e+00
      12714     22.845     9.5824     9.5785   3.481060   3.480592     2.2187     2.6326      8.109     5.7282    13.6498 1.0715e-01     0.2462    94.0307     6.4838     6.5867    32.0241    32.0228    24.6970    24.6966    6.49871 0.0000e+00
      12717     22.799     9.5824     9.5781   3.481064   3.480564     2.2195     2.6330      8.109     5.7181    13.4524 1.0715e-01     0.2462    94.0307     6.4871     6.5884    32.0242    32.0229    24.6970    24.6967    6.49870 0.0000e+00
      12720     22.748     9.5823     9.5780   3.481064   3.480549     2.2183     2.6318      8.109     6.2167    13.4918 1.0715e-01     0.2462    94.0307     6.4823     6.5838    32.0243    32.0228    24.6971    24.6967    6.49871 0.0000e+00
      12723     22.690     9.5822     9.5781   3.481064   3.480538     2.2187     2.6314      8.109     6.3897    13.4129 1.0703e-01     0.2462    94.0307     6.4848     6.5814    32.0243    32.0227    24.6972    24.6966    6.49872 0.0000e+00
      12726     22.627     9.5824     9.5781   3.481042   3.480562     2.2187     2.6322      8.109     6.3795    13.4524 1.0715e-01     0.2444    94.0741     6.4858     6.5846    32.0240    32.0229    24.6969    24.6967    6.49871 0.0000e+00
      12729     22.553     9.5822     9.5783   3.481028   3.480530     2.2199     2.6318      8.109     6.3897    13.4129 1.0715e-01     0.2440    94.0828     6.4894     6.5833    32.0240    32.0225    24.6970    24.6964    6.49873 0.0000e+00
      12732     22.474     9.5819     9.5781   3.481012   3.480548     2.2199     2.6322      8.109     6.3795    13.4129 1.0715e-01     0.2440    94.0828     6.4903     6.5836    32.0242    32.0229    24.6972    24.6967    6.49878 0.0000e+00
      12735     22.387     9.5820     9.5780   3.481015   3.480542     2.2191     2.6322      8.109     6.3897   224.6652 1.0715e-01     0.2440    94.0828     6.4879     6.5835    32.0242    32.0229    24.6972    24.6968    6.49876 0.0000e+00
      12738     22.296     9.5820     9.5780   3.481043   3.480522     2.2187     2.6322      8.109     6.3795   482.1870 1.0715e-01     0.2440    94.0828     6.4860     6.5826    32.0245    32.0228    24.6974    24.6966    6.49874 0.0000e+00
