Datasets/AZMP/HUD120/hud120_2020_026.cnv
* Sea-Bird SBE 9 Data File:
* FileName = C:\CTDDATA\hud120_2020_026.hex
* Software Version Seasave V 7.26.7.110
* Temperature SN = 1697
* Conductivity SN = 4216
* Number of Bytes Per Scan = 30
* Number of Voltage Words = 4
* Number of Scans Averaged by the Deck Unit = 1
* NMEA baud rate = 4800
** VESSEL/TRIP/SEQ STN:  hud120_2020_026
** LATITUDE XX XX.XX: 43 38.00 N
** LONGITUDE XX XX.XX: 050 31.00 W
** SOUNDING DEPTH (M): 0065
** PROBE TYPE: S1146
** CTD NUMBER: 016
** FORMAT: V
** COMMENTS (14 CHAR): SEGB-12
** BOTTLES:  7
** LEVELS: 5,10,20,30,40,50,BTM
** STICKERS: 439616 - 439622
** VNET: Y
** DO2: N
# nquan = 22
# nvalues = 1290                        
# units = specified
# name 0 = scan: Scan Count
# name 1 = prDM: Pressure, Digiquartz [db]
# name 2 = t090C: Temperature [ITS-90, deg C]
# name 3 = t190C: Temperature, 2 [ITS-90, deg C]
# name 4 = c0S/m: Conductivity [S/m]
# name 5 = c1S/m: Conductivity, 2 [S/m]
# name 6 = sbeox0V: Oxygen raw, SBE 43 [V]
# name 7 = sbeox1V: Oxygen raw, SBE 43, 2 [V]
# name 8 = ph: pH
# name 9 = flECO-AFL: Fluorescence, WET Labs ECO-AFL/FL [mg/m^3]
# name 10 = wetCDOM: Fluorescence, WET Labs CDOM [mg/m^3]
# name 11 = par/sat/log: PAR/Logarithmic, Satlantic [umol photons/m^2/sec]
# name 12 = CStarAt0: Beam Attenuation, WET Labs C-Star [1/m]
# name 13 = CStarTr0: Beam Transmission, WET Labs C-Star [%]
# name 14 = sbeox0ML/L: Oxygen, SBE 43 [ml/l], WS = 2
# name 15 = sbeox1ML/L: Oxygen, SBE 43, 2 [ml/l], WS = 2
# name 16 = sal00: Salinity, Practical [PSU]
# name 17 = sal11: Salinity, Practical, 2 [PSU]
# name 18 = sigma-t00: Density [sigma-t, kg/m^3 ]
# name 19 = sigma-t11: Density, 2 [sigma-t, kg/m^3 ]
# name 20 = oxsatML/L: Oxygen Saturation, Weiss [ml/l]
# name 21 = flag: flag
# span 0 =         77,      20250       
# span 1 =      2.290,     62.713       
# span 2 =     3.9025,     9.7348       
# span 3 =     3.8980,     9.7302       
# span 4 =   3.036615,   3.492753       
# span 5 =   3.036263,   3.492211       
# span 6 =     1.9715,     2.2370       
# span 7 =     2.3284,     2.6628       
# span 8 =      7.942,      8.119       
# span 9 =     1.7905,     8.1194       
# span 10 =    -2.8130,   482.1870      
# span 11 = 1.0580e-01, 6.7068e-01      
# span 12 =     0.1791,     1.0067      
# span 13 =    77.7500,    95.6214      
# span 14 =     6.2148,     6.6304      
# span 15 =     6.0875,     6.7717      
# span 16 =    32.0023,    32.5987      
# span 17 =    32.0037,    32.5418      
# span 18 =    24.6653,    25.8442      
# span 19 =    24.6649,    25.7923      
# span 20 =    6.47708,    7.40416      
# span 21 = 0.0000e+00, 0.0000e+00      
# interval = scans: 3                   
# start_time = Nov 18 2020 20:24:53 [System UTC, header]
# bad_flag = -9.990e-29
*END*
[from data line 791]
       7546     39.167     5.4987     5.4590   3.161240   3.159091     2.0306     2.3993      7.968     2.2586   481.3579 1.0703e-01     0.3523    91.5708     6.4540     6.5314    32.3629    32.3767    25.5287    25.5443    7.12695 0.0000e+00
       7713     39.134     6.8196     6.7875   3.261623   3.258871     2.0916     2.4522      8.020     2.7165   481.0026 1.0715e-01     0.2204    94.6392     6.4742     6.5101    32.2247    32.2247    25.2569    25.2611    6.91332 0.0000e+00
       7716     39.095     6.7628     6.6082   3.262356   3.239136     2.0912     2.4539      8.020     2.7368   481.3579 1.0715e-01     0.2153    94.7608     6.4641     6.5565    32.2862    32.1765    25.3127    25.2462    6.91977 0.0000e+00
       7719     39.060     6.7914     6.5116   3.265168   3.239908     2.0916     2.4559      8.023     2.7368   481.3579 1.0715e-01     0.2153    94.7608     6.4429     6.5814    32.2900    32.2761    25.3121    25.3371    6.91494 0.0000e+00
       7722     39.032     6.8525     6.5416   3.272376   3.244418     2.0916     2.4571      8.020     2.8182   481.3579 1.0715e-01     0.2153    94.7608     6.4162     6.5830    32.3115    32.2975    25.3210    25.3502    6.90409 0.0000e+00
       8012     39.010     7.6665     7.9447   3.331758   3.353248     2.1161     2.5145      8.027     2.8996    22.0983 1.0715e-01     0.2047    95.0129     6.4005     6.4439    32.1953    32.1682    25.1191    25.0584    6.77980 0.0000e+00
       8015     38.984     7.7014     7.9478   3.336166   3.352498     2.1161     2.5141      8.026     2.9098    22.0983 1.0715e-01     0.2054    94.9955     6.3907     6.4352    32.2102    32.1573    25.1260    25.0495    6.77369 0.0000e+00
       8179     38.953     7.9909     7.8178   3.358901   3.342592     2.1234     2.5198      8.025     2.7877     8.2411 1.0715e-01     0.2050    95.0042     6.3479     6.5051    32.1857    32.1714    25.0654    25.0790    6.72991 0.0000e+00
       8262     38.906     8.1238     7.7564   3.364081   3.336733     2.1258     2.5227      8.025     2.7368    12.3864 1.0715e-01     0.2010    95.0998     6.3232     6.5364    32.1188    32.1655    24.9938    25.0831    6.71224 0.0000e+00
       8265     38.858     8.1011     7.7472   3.370610   3.336218     2.1258     2.5235      8.025     2.7165    12.1101 1.0715e-01     0.2010    95.0998     6.3157     6.5306    32.2088    32.1685    25.0678    25.0868    6.71185 0.0000e+00
       8268     38.813     8.2249     7.7238   3.376993   3.334804     2.1258     2.5223      8.029     2.7368    12.1101 1.0715e-01     0.2010    95.0998     6.2887     6.5183    32.1628    32.1751    25.0137    25.0952    6.69485 0.0000e+00
       8271     38.774     8.2311     7.7684   3.374980   3.340949     2.1250     2.5215      8.029     2.8284    12.0706 1.0715e-01     0.2010    95.0998     6.2725     6.4926    32.1359    32.1996    24.9917    25.1081    6.69506 0.0000e+00
       8274     38.741     8.2512     7.8545   3.379737   3.348791     2.1258     2.5215      8.029     2.8182    12.1101 1.0715e-01     0.2010    95.0998     6.2529     6.4561    32.1677    32.2038    25.0137    25.0993    6.69062 0.0000e+00
       8277     38.711     8.2808     7.8945   3.381795   3.353564     2.1258     2.5215      8.034     2.8182    12.1101 1.0715e-01     0.2010    95.0998     6.2322     6.4200    32.1623    32.2179    25.0052    25.1046    6.68633 0.0000e+00
       8280     38.686     8.2529     7.9581   3.377934   3.356258     2.1246     2.5215      8.034     2.8182    12.1101 1.0715e-01     0.2006    95.1085     6.2148     6.3781    32.1472    32.1880    24.9973    25.0720    6.69125 0.0000e+00
       8693     38.640     8.0213     8.1142   3.360545   3.369350     2.1132     2.5268      8.021     2.6452   481.3579 1.0715e-01     0.2109    94.8652     6.2826     6.4884    32.1753    32.1835    25.0531    25.0460    6.72556 0.0000e+00
       8696     38.586     8.0490     8.1959   3.364099   3.376220     2.1112     2.5260      8.025     2.6452   481.3579 1.0715e-01     0.2109    94.8652     6.2746     6.4706    32.1877    32.1813    25.0588    25.0324    6.72077 0.0000e+00
       8699     38.540     8.1364     8.2841   3.369885   3.382271     2.1112     2.5272      8.025     2.6351   481.3579 1.0715e-01     0.2105    94.8739     6.2688     6.4537    32.1688    32.1645    25.0313    25.0063    6.70814 0.0000e+00
       8702     38.502     8.1369     8.3299   3.369615   3.385215     2.1124     2.5276      8.027     2.6351   241.9176 1.0715e-01     0.2109    94.8652     6.2776     6.4356    32.1655    32.1536    25.0286    24.9911    6.70821 0.0000e+00
       8928     38.477     8.1970     8.3938   3.374107   3.390373     2.1153     2.5276      8.032     2.6961   162.8016 1.0715e-01     0.2058    94.9869     6.2641     6.3831    32.1580    32.1496    25.0139    24.9785    6.69933 0.0000e+00
       9376     38.449     8.2758     8.4825   3.380070   3.396024     2.1197     2.5243      8.043     2.8080   481.3579 1.0715e-01     0.2021    95.0738     6.2327     6.2929    32.1488    32.1281    24.9953    24.9485    6.68767 0.0000e+00
       9555     38.415     8.1736     8.4311   3.372494   3.391329     2.1283     2.5357      8.037     2.7266   319.9676 1.0715e-01     0.2109    94.8652     6.3357     6.4052    32.1624    32.1257    25.0207    24.9542    6.70277 0.0000e+00
       9910     38.293     8.0773     8.3211   3.368723   3.382970     2.1491     2.5593      8.030     2.5333    -2.1419 1.0715e-01     0.2285    94.4479     6.5455     6.6627    32.2109    32.1381    25.0729    24.9802    6.71541 0.0000e+00
       9913     38.138     8.2237     8.3670   3.379736   3.389359     2.1499     2.5614      8.031     2.5333     1.9245 1.0715e-01     0.2278    94.4653     6.5202     6.6550    32.1932    32.1636    25.0377    24.9934    6.69373 0.0000e+00
       9916     37.985     8.3913     8.4390   3.394259   3.394336     2.1511     2.5622      8.033     2.5333     1.8060 1.0715e-01     0.2208    94.6305     6.4918     6.6383    32.1930    32.1502    25.0129    24.9723    6.66821 0.0000e+00
       9919     37.834     8.5357     8.5441   3.404019   3.402059     2.1519     2.5634      8.037     2.5842     1.8060 1.0715e-01     0.2098    94.8912     6.4655     6.6158    32.1638    32.1357    24.9685    24.9453    6.64760 0.0000e+00
       9922     37.687     8.6579     8.5482   3.412576   3.400783     2.1539     2.5655      8.037     2.5944     1.8060 1.0715e-01     0.2105    94.8739     6.4464     6.6112    32.1423    32.1186    24.9333    24.9312    6.63011 0.0000e+00
       9925     37.544     8.7088     8.5512   3.415114   3.402230     2.1543     2.5659      8.042     2.6046     1.8060 1.0715e-01     0.2109    94.8652     6.4357     6.5979    32.1226    32.1311    24.9102    24.9406    6.62330 0.0000e+00
       9928     37.402     8.7660     8.5871   3.420579   3.406481     2.1543     2.5675      8.041     2.6046     1.8060 1.0715e-01     0.2105    94.8739     6.4229     6.5831    32.1279    32.1430    24.9057    24.9446    6.61452 0.0000e+00
       9931     37.266     8.8328     8.7463   3.425159   3.418927     2.1560     2.5679      8.043     2.5944     3.5431 1.0715e-01     0.2109    94.8652     6.4141     6.5497    32.1151    32.1285    24.8855    24.9091    6.60508 0.0000e+00
       9934     37.137     8.8672     8.8414   3.427660   3.426045     2.1560     2.5691      8.046     2.6046   414.6384 1.0715e-01     0.2109    94.8652     6.4014     6.5280    32.1100    32.1166    24.8763    24.8854    6.60017 0.0000e+00
       9937     37.013     8.8763     8.8499   3.427723   3.423700     2.1560     2.5679      8.049     2.6046   481.7922 1.0715e-01     0.2047    95.0129     6.3931     6.5137    32.1025    32.0845    24.8690    24.8589    6.59913 0.0000e+00
       9940     36.895     8.8697     8.7787   3.427373   3.416999     2.1564     2.5679      8.050     2.5944   481.0816 1.0715e-01     0.2021    95.0738     6.3885     6.5150    32.1049    32.0792    24.8719    24.8656    6.60001 0.0000e+00
       9943     36.785     8.8788     8.7115   3.428483   3.412974     2.1564     2.5671      8.050     2.6249   481.3579 1.0715e-01     0.2021    95.0738     6.3792     6.5124    32.1082    32.0982    24.8731    24.8907    6.59851 0.0000e+00
       9946     36.684     8.8913     8.7105   3.429668   3.415272     2.1568     2.5663      8.052     3.0726   481.3579 1.0715e-01     0.2017    95.0825     6.3721     6.5006    32.1093    32.1231    24.8720    24.9104    6.59661 0.0000e+00
       9949     36.590     8.9514     8.7575   3.438290   3.419059     2.1580     2.5655      8.055     3.1235   481.3579 1.0715e-01     0.2021    95.0738     6.3597     6.4845    32.1445    32.1200    24.8903    24.9008    6.58619 0.0000e+00
       9952     36.504     9.0824     8.7816   3.446102   3.420881     2.1588     2.5651      8.054     3.1235   481.3579 1.0715e-01     0.2021    95.0738     6.3391     6.4723    32.1072    32.1173    24.8409    24.8950    6.56836 0.0000e+00
       9955     36.426     9.0772     8.8342   3.444024   3.425277     2.1576     2.5651      8.056     3.1438   481.3579 1.0715e-01     0.2017    95.0825     6.3327     6.4572    32.0904    32.1154    24.8286    24.8855    6.56984 0.0000e+00
       9958     36.360     9.0276     8.9184   3.439260   3.433130     2.1564     2.5642      8.059     3.1336   481.3579 1.0715e-01     0.1907    95.3432     6.3360     6.4360    32.0858    32.1209    24.8327    24.8769    6.57736 0.0000e+00
       9961     36.304     9.0512     8.9973   3.442476   3.439346     2.1576     2.5638      8.059     3.1235   481.3579 1.0715e-01     0.1896    95.3693     6.3366     6.4173    32.0979    32.1141    24.8384    24.8595    6.57336 0.0000e+00
       9964     36.255     9.1281     9.0480   3.449306   3.441265     2.1568     2.5634      8.059     3.1235   481.3579 1.0715e-01     0.1896    95.3693     6.3236     6.4032    32.0992    32.0883    24.8275    24.8314    6.56195 0.0000e+00
       9967     36.215     9.1897     8.9745   3.453291   3.433804     2.1564     2.5626      8.058     3.1336   481.3579 1.0715e-01     0.1900    95.3606     6.3141     6.4077    32.0850    32.0773    24.8068    24.8342    6.55348 0.0000e+00
       9996     36.185     9.0215     8.8409   3.439163   3.425599     2.1629     2.5687      8.062     3.1438   327.2712 1.0715e-01     0.1904    95.3519     6.3838     6.4991    32.0903    32.1129    24.8367    24.8824    6.57827 0.0000e+00
      10051     36.114     8.6432     8.7226   3.407199   3.417800     2.1780     2.5834      8.070     3.0726    19.0979 1.0715e-01     0.1911    95.3345     6.5334     6.6699    32.1001    32.1388    24.9025    24.9208    6.63410 0.0000e+00
      10054     36.023     8.6199     8.8497   3.408808   3.427158     2.1788     2.5842      8.070     3.0624    19.0979 1.0715e-01     0.1911    95.3345     6.5369     6.6483    32.1382    32.1211    24.9358    24.8876    6.63600 0.0000e+00
      10057     35.920     8.7653     8.9309   3.421944   3.434275     2.1792     2.5862      8.071     3.0624    19.0979 1.0715e-01     0.1893    95.3780     6.5135     6.6362    32.1433    32.1217    24.9179    24.8756    6.61397 0.0000e+00
      10060     35.809     8.8839     9.1167   3.435713   3.451108     2.1796     2.5878      8.074     3.0522    19.0979 1.0715e-01     0.1824    95.5432     6.4935     6.6060    32.1792    32.1284    24.9278    24.8521    6.59477 0.0000e+00
      10063     35.690     9.1423     9.2560   3.454892   3.457978     2.1796     2.5887      8.073     3.0624   116.8480 1.0715e-01     0.1824    95.5432     6.4533     6.5842    32.1444    32.0739    24.8606    24.7877    6.55797 0.0000e+00
      10066     35.563     9.2762     9.2424   3.461064   3.454867     2.1808     2.5895      8.072     3.0522   480.5289 1.0715e-01     0.1824    95.5432     6.4382     6.5842    32.0875    32.0541    24.7952    24.7744    6.54067 0.0000e+00
      10069     35.432     9.3304     9.2261   3.464626   3.453815     2.1808     2.5907      8.072     3.0522   480.9632 1.0715e-01     0.1824    95.5432     6.4315     6.5857    32.0756    32.0580    24.7773    24.7799    6.53323 0.0000e+00
      10072     35.292     9.3782     9.1771   3.468346   3.447991     2.1820     2.5915      8.077     3.0624   481.2790 1.0715e-01     0.1824    95.5432     6.4277     6.5901    32.0710    32.0420    24.7662    24.7752    6.52644 0.0000e+00
      10075     35.152     9.4195     9.1023   3.471005   3.444088     2.1829     2.5923      8.076     3.0726   481.3579 1.0715e-01     0.1824    95.5432     6.4220     6.5969    32.0613    32.0690    24.7521    24.8079    6.52082 0.0000e+00
      10078     35.014     9.4443     9.1602   3.472728   3.452759     2.1833     2.5935      8.076     3.1031   481.3579 1.0715e-01     0.1809    95.5779     6.4206     6.5840    32.0569    32.1065    24.7447    24.8282    6.51739 0.0000e+00
      10081     34.873     9.4672     9.2675   3.474512   3.460428     2.1833     2.5939      8.078     3.0828   481.3579 1.0715e-01     0.1791    95.6214     6.4175     6.5634    32.0547    32.0891    24.7393    24.7979    6.51415 0.0000e+00
      10084     34.733     9.4870     9.3359   3.475805   3.464349     2.1837     2.5948      8.076     3.1031   481.3579 1.0715e-01     0.1791    95.6214     6.4157     6.5509    32.0504    32.0681    24.7328    24.7706    6.51146 0.0000e+00
      10087     34.586     9.4994     9.3862   3.476689   3.469015     2.1845     2.5948      8.076     3.0930   481.3579 1.0715e-01     0.1791    95.6214     6.4167     6.5395    32.0484    32.0710    24.7293    24.7649    6.50973 0.0000e+00
      10090     34.438     9.5075     9.4576   3.477224   3.474032     2.1861     2.5948      8.079     3.0930   252.0242 1.0715e-01     0.1791    95.6214     6.4205     6.5256    32.0467    32.0586    24.7266    24.7439    6.50863 0.0000e+00
      10093     34.292     9.5153     9.4807   3.477825   3.474998     2.1869     2.5960      8.076     3.0726     0.3058 1.0715e-01     0.1791    95.6214     6.4207     6.5222    32.0459    32.0479    24.7248    24.7319    6.50753 0.0000e+00
      10096     34.149     9.5216     9.4958   3.478267   3.476226     2.1861     2.5956      8.076     3.0930     8.5964 1.0715e-01     0.1798    95.6040     6.4158     6.5151    32.0449    32.0471    24.7230    24.7288    6.50666 0.0000e+00
      10099     34.008     9.5263     9.5075   3.478404   3.476989     2.1869     2.5960      8.079     3.0930     8.2017 1.0715e-01     0.1860    95.4562     6.4177     6.5130    32.0421    32.0444    24.7200    24.7249    6.50608 0.0000e+00
      10102     33.870     9.5237     9.5109   3.478276   3.476579     2.1877     2.5960      8.079     3.3270     8.2017 1.0715e-01     0.1874    95.4215     6.4215     6.5119    32.0432    32.0373    24.7213    24.7187    6.50642 0.0000e+00
      10105     33.737     9.5275     9.4936   3.478557   3.475178     2.1881     2.5960      8.079     3.5304     8.2017 1.0715e-01     0.1874    95.4215     6.4225     6.5132    32.0428    32.0385    24.7204    24.7224    6.50589 0.0000e+00
      10108     33.606     9.5310     9.4974   3.478978   3.475912     2.1881     2.5960      8.079     3.5101     8.2017 1.0715e-01     0.1867    95.4388     6.4205     6.5122    32.0441    32.0426    24.7208    24.7250    6.50533 0.0000e+00
      10111     33.480     9.5376     9.4928   3.479518   3.475524     2.1898     2.5972      8.081     3.5304     8.2017 1.0715e-01     0.1874    95.4215     6.4237     6.5161    32.0437    32.0429    24.7195    24.7260    6.50438 0.0000e+00
