Datasets/AZMP/HUD120/hud120_2020_081.cnv
* Sea-Bird SBE 9 Data File:
* FileName = C:\CTDDATA\hud120_2020_081.hex
* Software Version Seasave V 7.26.7.110
* Temperature SN = 1697
* Conductivity SN = 4216
* Number of Bytes Per Scan = 30
* Number of Voltage Words = 4
* Number of Scans Averaged by the Deck Unit = 1
* NMEA baud rate = 4800
** VESSEL/TRIP/SEQ STN:  hud120_2020_081
** LATITUDE XX XX.XX: 47 00.00 N
** LONGITUDE XX XX.XX: 052 42.30 W
** SOUNDING DEPTH (M): 0190
** PROBE TYPE: S1146
** CTD NUMBER: 060
** FORMAT: V
** COMMENTS (14 CHAR): FC-02
** BOTTLES:  10
** LEVELS: 5,10,20,30,40,50,75,100,150,BTM
** STICKERS: 439920 - 439929
** VNET: Y
** DO2: N
# nquan = 22
# nvalues = 4332                        
# units = specified
# name 0 = scan: Scan Count
# name 1 = prDM: Pressure, Digiquartz [db]
# name 2 = t090C: Temperature [ITS-90, deg C]
# name 3 = t190C: Temperature, 2 [ITS-90, deg C]
# name 4 = c0S/m: Conductivity [S/m]
# name 5 = c1S/m: Conductivity, 2 [S/m]
# name 6 = sbeox0V: Oxygen raw, SBE 43 [V]
# name 7 = sbeox1V: Oxygen raw, SBE 43, 2 [V]
# name 8 = ph: pH
# name 9 = flECO-AFL: Fluorescence, WET Labs ECO-AFL/FL [mg/m^3]
# name 10 = wetCDOM: Fluorescence, WET Labs CDOM [mg/m^3]
# name 11 = par/sat/log: PAR/Logarithmic, Satlantic [umol photons/m^2/sec]
# name 12 = CStarAt0: Beam Attenuation, WET Labs C-Star [1/m]
# name 13 = CStarTr0: Beam Transmission, WET Labs C-Star [%]
# name 14 = sbeox0ML/L: Oxygen, SBE 43 [ml/l], WS = 2
# name 15 = sbeox1ML/L: Oxygen, SBE 43, 2 [ml/l], WS = 2
# name 16 = sal00: Salinity, Practical [PSU]
# name 17 = sal11: Salinity, Practical, 2 [PSU]
# name 18 = sigma-t00: Density [sigma-t, kg/m^3 ]
# name 19 = sigma-t11: Density, 2 [sigma-t, kg/m^3 ]
# name 20 = oxsatML/L: Oxygen Saturation, Weiss [ml/l]
# name 21 = flag: flag
# span 0 =          2,      38049       
# span 1 =      0.417,    181.326       
# span 2 =    -0.6001,     3.9304       
# span 3 =    -0.6045,     3.9259       
# span 4 =   2.694346,   2.962577       
# span 5 =   2.693850,   2.962064       
# span 6 =     1.8853,     2.2196       
# span 7 =     2.2331,     2.6237       
# span 8 =      8.003,      8.148       
# span 9 =     1.0173,     5.2094       
# span 10 =    -2.8130,   482.1870      
# span 11 = 1.0424e-01, 6.5737e-01      
# span 12 =     0.0881,     1.3795      
# span 13 =    70.8309,    97.8205      
# span 14 =     6.8527,     7.7292      
# span 15 =     6.9808,     7.8774      
# span 16 =    31.5965,    33.2320      
# span 17 =    31.5970,    33.2312      
# span 18 =    25.0868,    26.6953      
# span 19 =    25.0872,    26.6949      
# span 20 =    7.44228,    8.29438      
# span 21 = 0.0000e+00, 0.0000e+00      
# interval = scans: 3                   
# start_time = Nov 27 2020 03:38:50 [System UTC, header]
# bad_flag = -9.990e-29
*END*
[from data line 791]
       3016     78.676     2.1565     2.1514   2.878708   2.878139     2.1514     2.5544      8.129     2.1467    75.4739 1.0715e-01     0.1206    97.0295     7.5759     7.6873    32.3052    32.3034    25.8016    25.8005    7.74555 0.0000e+00
       3019     78.746     2.1558     2.1510   2.878680   2.878177     2.1514     2.5552      8.129     2.1467     8.9518 1.0715e-01     0.1206    97.0295     7.5738     7.6913    32.3056    32.3042    25.8020    25.8012    7.74568 0.0000e+00
       3022     78.818     2.1554     2.1506   2.878689   2.878163     2.1514     2.5544      8.129     2.1568    12.0706 1.0715e-01     0.1206    97.0295     7.5735     7.6895    32.3061    32.3044    25.8024    25.8014    7.74574 0.0000e+00
       3025     78.892     2.1550     2.1501   2.878649   2.878149     2.1518     2.5535      8.129     2.1467    11.9127 1.0715e-01     0.1206    97.0295     7.5771     7.6879    32.3059    32.3048    25.8023    25.8017    7.74582 0.0000e+00
       3028     78.968     2.1542     2.1494   2.878636   2.878129     2.1510     2.5535      8.129     2.1467    11.9521 1.0727e-01     0.1213    97.0122     7.5717     7.6897    32.3066    32.3051    25.8029    25.8021    7.74595 0.0000e+00
       3031     79.048     2.1532     2.1484   2.878597   2.878096     2.1494     2.5540      8.129     2.1568    11.8732 1.0727e-01     0.1228    96.9774     7.5628     7.6926    32.3071    32.3057    25.8033    25.8026    7.74613 0.0000e+00
       3034     79.127     2.1523     2.1476   2.878570   2.878071     2.1502     2.5531      8.129     2.1060    11.9521 1.0715e-01     0.1228    96.9774     7.5686     7.6886    32.3076    32.3061    25.8038    25.8030    7.74627 0.0000e+00
       3037     79.210     2.1513     2.1468   2.878544   2.878057     2.1506     2.5527      8.129     2.0754    11.9127 1.0715e-01     0.1228    96.9774     7.5712     7.6896    32.3082    32.3067    25.8044    25.8036    7.74644 0.0000e+00
       3040     79.296     2.1506     2.1461   2.878501   2.878035     2.1494     2.5531      8.129     2.0856    82.9750 1.0715e-01     0.1228    96.9774     7.5661     7.6941    32.3084    32.3072    25.8046    25.8040    7.74657 0.0000e+00
       3043     79.383     2.1499     2.1451   2.878500   2.878011     2.1494     2.5531      8.129     2.0958   472.1593 1.0715e-01     0.1228    96.9774     7.5669     7.6949    32.3090    32.3078    25.8052    25.8045    7.74668 0.0000e+00
       3046     79.473     2.1487     2.1440   2.878504   2.878008     2.1498     2.5527      8.129     2.0754   481.3974 1.0715e-01     0.1228    96.9774     7.5712     7.6970    32.3102    32.3089    25.8062    25.8055    7.74685 0.0000e+00
       3049     79.568     2.1474     2.1433   2.878542   2.878039     2.1498     2.5527      8.129     2.0856   481.2395 1.0715e-01     0.1231    96.9687     7.5732     7.7000    32.3120    32.3099    25.8077    25.8063    7.74702 0.0000e+00
       3052     79.665     2.1471     2.1422   2.878551   2.878060     2.1490     2.5519      8.129     2.0958   481.2790 1.0715e-01     0.1228    96.9774     7.5751     7.6962    32.3123    32.3112    25.8080    25.8076    7.74705 0.0000e+00
       3055     79.767     2.1463     2.1417   2.878551   2.878055     2.1498     2.5523      8.129     2.0856   481.3184 1.0715e-01     0.1228    96.9774     7.5860     7.6997    32.3131    32.3116    25.8087    25.8078    7.74718 0.0000e+00
       3058     79.872     2.1456     2.1412   2.878512   2.878000     2.1494     2.5515      8.129     2.0856   481.3579 1.0715e-01     0.1228    96.9774     7.5870     7.6966    32.3133    32.3114    25.8089    25.8078    7.74731 0.0000e+00
       3061     79.982     2.1449     2.1403   2.878462   2.877969     2.1490     2.5527      8.129     2.0652   481.3184 1.0715e-01     0.1228    96.9774     7.5867     7.7024    32.3133    32.3118    25.8090    25.8081    7.74744 0.0000e+00
       3064     80.094     2.1433     2.1387   2.878540   2.878054     2.1490     2.5523      8.129     2.0551   481.3184 1.0715e-01     0.1228    96.9774     7.5885     7.7011    32.3159    32.3144    25.8111    25.8103    7.74763 0.0000e+00
       3067     80.207     2.1417     2.1370   2.878716   2.878239     2.1494     2.5515      8.129     2.0652   292.8455 1.0715e-01     0.1231    96.9687     7.5875     7.6978    32.3195    32.3185    25.8142    25.8137    7.74774 0.0000e+00
       3070     80.325     2.1401     2.1352   2.878935   2.878393     2.1486     2.5527      8.129     2.0551     3.3457 1.0715e-01     0.1196    97.0556     7.5797     7.7020    32.3238    32.3221    25.8178    25.8167    7.74784 0.0000e+00
       3073     80.446     2.1376     2.1333   2.879139   2.878631     2.1486     2.5519      8.129     2.0551    14.8736 1.0715e-01     0.1181    97.0904     7.5766     7.6976    32.3289    32.3269    25.8220    25.8207    7.74807 0.0000e+00
       3076     80.571     2.1362     2.1315   2.879353   2.878800     2.1494     2.5515      8.129     2.0551    14.3604 1.0715e-01     0.1181    97.0904     7.5768     7.6933    32.3329    32.3308    25.8253    25.8240    7.74814 0.0000e+00
       3079     80.698     2.1358     2.1310   2.879634   2.879080     2.1518     2.5515      8.129     2.0551    14.3604 1.0715e-01     0.1185    97.0817     7.5826     7.6891    32.3366    32.3347    25.8283    25.8272    7.74802 0.0000e+00
       3082     80.829     2.1361     2.1312   2.879921   2.879372     2.1494     2.5511      8.129     2.0551    14.3604 1.0727e-01     0.1185    97.0817     7.5679     7.6852    32.3399    32.3381    25.8309    25.8298    7.74780 0.0000e+00
       3085     80.964     2.1369     2.1321   2.880278   2.879719     2.1490     2.5519      8.129     2.0551    14.3604 1.0715e-01     0.1178    97.0991     7.5657     7.6851    32.3434    32.3414    25.8337    25.8324    7.74746 0.0000e+00
       3088     81.099     2.1376     2.1330   2.880616   2.880094     2.1490     2.5511      8.129     1.9330    14.3604 1.0727e-01     0.1185    97.0817     7.5626     7.6787    32.3468    32.3450    25.8363    25.8352    7.74714 0.0000e+00
       3091     81.238     2.1397     2.1349   2.881115   2.880551     2.1486     2.5507      8.129     1.9025    14.3604 1.0715e-01     0.1185    97.0817     7.5558     7.6739    32.3508    32.3487    25.8393    25.8381    7.74651 0.0000e+00
       3094     81.378     2.1430     2.1377   2.881746   2.881136     2.1469     2.5507      8.129     1.9228   326.7975 1.0715e-01     0.1185    97.0817     7.5423     7.6691    32.3552    32.3530    25.8426    25.8413    7.74563 0.0000e+00
       3097     81.519     2.1468     2.1413   2.882130   2.881542     2.1474     2.5491      8.129     1.8923   481.9501 1.0715e-01     0.1185    97.0817     7.5381     7.6616    32.3560    32.3543    25.8429    25.8421    7.74483 0.0000e+00
       3100     81.661     2.1491     2.1435   2.882445   2.881792     2.1474     2.5499      8.129     1.9126   481.0026 1.0715e-01     0.1181    97.0904     7.5312     7.6620    32.3575    32.3551    25.8440    25.8425    7.74431 0.0000e+00
       3103     81.802     2.1546     2.1480   2.883165   2.882440     2.1465     2.5487      8.129     1.9025   481.3579 1.0715e-01     0.1181    97.0904     7.5267     7.6547    32.3607    32.3584    25.8462    25.8448    7.74305 0.0000e+00
       3106     81.946     2.1578     2.1524   2.883413   2.882842     2.1465     2.5495      8.129     1.9228   481.2790 1.0715e-01     0.1185    97.0817     7.5334     7.6547    32.3605    32.3588    25.8458    25.8448    7.74243 0.0000e+00
       3109     82.089     2.1587     2.1540   2.883554   2.882997     2.1482     2.5487      8.129     1.9126   481.2790 1.0715e-01     0.1192    97.0643     7.5421     7.6510    32.3612    32.3591    25.8462    25.8449    7.74221 0.0000e+00
       3112     82.230     2.1630     2.1572   2.884204   2.883539     2.1461     2.5470      8.129     1.9126   481.3579 1.0715e-01     0.1206    97.0295     7.5307     7.6439    32.3648    32.3625    25.8488    25.8474    7.74117 0.0000e+00
       3115     82.374     2.1695     2.1646   2.885066   2.884460     2.1461     2.5479      8.129     2.0042   481.3184 1.0715e-01     0.1206    97.0295     7.5307     7.6433    32.3688    32.3662    25.8515    25.8498    7.73968 0.0000e+00
       3118     82.517     2.1771     2.1723   2.885986   2.885377     2.1453     2.5470      8.129     1.9941   466.9875 1.0715e-01     0.1210    97.0208     7.5265     7.6393    32.3723    32.3697    25.8537    25.8520    7.73798 0.0000e+00
       3121     82.654     2.1837     2.1794   2.886673   2.886134     2.1449     2.5466      8.129     1.9941    49.3388 1.0715e-01     0.1206    97.0295     7.5219     7.6369    32.3740    32.3717    25.8546    25.8532    7.73659 0.0000e+00
       3124     82.789     2.1893     2.1854   2.887266   2.886765     2.1441     2.5466      8.129     1.9941    12.4259 1.0715e-01     0.1210    97.0208     7.5159     7.6344    32.3756    32.3733    25.8555    25.8540    7.73541 0.0000e+00
       3127     82.927     2.1933     2.1891   2.887610   2.887124     2.1449     2.5458      8.127     1.9941    14.0840 1.0727e-01     0.1206    97.0295     7.5162     7.6295    32.3757    32.3739    25.8553    25.8542    7.73461 0.0000e+00
       3130     83.059     2.1952     2.1910   2.887773   2.887289     2.1453     2.5458      8.129     1.9941    14.0051 1.0727e-01     0.1199    97.0469     7.5129     7.6299    32.3757    32.3740    25.8551    25.8541    7.73423 0.0000e+00
       3133     83.189     2.1959     2.1915   2.887862   2.887352     2.1437     2.5450      8.129     1.9839    14.0051 1.0715e-01     0.1178    97.0991     7.5058     7.6290    32.3760    32.3742    25.8554    25.8542    7.73408 0.0000e+00
       3136     83.319     2.1964     2.1917   2.887977   2.887477     2.1433     2.5442      8.129     1.9839    14.0051 1.0715e-01     0.1181    97.0904     7.5058     7.6256    32.3768    32.3755    25.8559    25.8552    7.73393 0.0000e+00
       3139     83.443     2.1967     2.1920   2.888072   2.887575     2.1437     2.5438      8.129     1.9737    14.0051 1.0715e-01     0.1185    97.0817     7.5079     7.6230    32.3777    32.3763    25.8566    25.8558    7.73384 0.0000e+00
       3142     83.568     2.1963     2.1918   2.888075   2.887595     2.1437     2.5442      8.129     1.9330    14.0051 1.0715e-01     0.1185    97.0817     7.5072     7.6251    32.3781    32.3767    25.8570    25.8562    7.73390 0.0000e+00
       3145     83.691     2.1956     2.1912   2.888072   2.887586     2.1433     2.5434      8.129     1.9228   111.5578 1.0715e-01     0.1181    97.0904     7.5055     7.6216    32.3787    32.3771    25.8575    25.8566    7.73400 0.0000e+00
       3148     83.807     2.1952     2.1904   2.888124   2.887611     2.1420     2.5430      8.129     1.9330   480.2920 1.0715e-01     0.1185    97.0817     7.4988     7.6193    32.3797    32.3782    25.8583    25.8575    7.73403 0.0000e+00
       3151     83.921     2.1946     2.1899   2.888073   2.887561     2.1416     2.5421      8.129     1.9330   481.0026 1.0715e-01     0.1167    97.1251     7.4933     7.6147    32.3796    32.3780    25.8583    25.8574    7.73415 0.0000e+00
       3154     84.036     2.1933     2.1888   2.888027   2.887524     2.1408     2.5425      8.129     1.9228   481.2395 1.0715e-01     0.1167    97.1251     7.4879     7.6144    32.3803    32.3786    25.8589    25.8579    7.73437 0.0000e+00
       3157     84.148     2.1929     2.1881   2.888005   2.887505     2.1412     2.5417      8.129     1.9330   481.3579 1.0715e-01     0.1167    97.1251     7.4887     7.6106    32.3803    32.3790    25.8590    25.8583    7.73445 0.0000e+00
       3160     84.255     2.1924     2.1878   2.887996   2.887498     2.1404     2.5413      8.129     1.9330   481.2395 1.0715e-01     0.1163    97.1338     7.4809     7.6073    32.3806    32.3792    25.8593    25.8585    7.73452 0.0000e+00
       3163     84.360     2.1918     2.1875   2.887958   2.887490     2.1408     2.5409      8.129     1.9431   481.3184 1.0715e-01     0.1163    97.1338     7.4791     7.6011    32.3807    32.3793    25.8594    25.8586    7.73464 0.0000e+00
       3166     84.466     2.1903     2.1863   2.887895   2.887406     2.1400     2.5405      8.129     1.7906   481.3184 1.0715e-01     0.1163    97.1338     7.4741     7.5955    32.3815    32.3795    25.8602    25.8588    7.73491 0.0000e+00
       3169     84.568     2.1892     2.1851   2.887864   2.887362     2.1400     2.5397      8.129     1.7499   481.3579 1.0727e-01     0.1177    97.0991     7.4731     7.5869    32.3821    32.3801    25.8607    25.8595    7.73508 0.0000e+00
       3172     84.670     2.1879     2.1838   2.887706   2.887270     2.1400     2.5389      8.129     1.7600   254.5508 1.0715e-01     0.1228    96.9774     7.4715     7.5763    32.3814    32.3803    25.8603    25.8597    7.73537 0.0000e+00
       3175     84.773     2.1834     2.1801   2.887429   2.887008     2.1380     2.5385      8.129     1.7397     2.4377 1.0715e-01     0.1228    96.9774     7.4584     7.5669    32.3826    32.3807    25.8615    25.8603    7.73621 0.0000e+00
       3178     84.877     2.1793     2.1759   2.887160   2.886764     2.1376     2.5373      8.129     1.7499    11.5574 1.0715e-01     0.1228    96.9774     7.4532     7.5579    32.3834    32.3819    25.8625    25.8615    7.73698 0.0000e+00
       3181     84.974     2.1743     2.1712   2.886846   2.886478     2.1372     2.5373      8.129     1.7600    11.0441 1.0715e-01     0.1228    96.9774     7.4496     7.5560    32.3845    32.3831    25.8638    25.8628    7.73791 0.0000e+00
       3184     85.073     2.1684     2.1658   2.886482   2.886082     2.1364     2.5364      8.129     1.7499    11.0836 1.0715e-01     0.1228    96.9774     7.4440     7.5503    32.3860    32.3837    25.8653    25.8637    7.73900 0.0000e+00
       3187     85.176     2.1637     2.1600   2.886193   2.885731     2.1359     2.5352      8.129     1.7499    11.0836 1.0727e-01     0.1228    96.9774     7.4420     7.5450    32.3872    32.3851    25.8666    25.8653    7.73988 0.0000e+00
       3190     85.277     2.1527     2.1533   2.885570   2.885344     2.1355     2.5340      8.129     1.7397    11.1626 1.0715e-01     0.1214    97.0122     7.4416     7.5413    32.3905    32.3871    25.8702    25.8674    7.74187 0.0000e+00
       3193     85.379     2.1403     2.1403   2.885049   2.884661     2.1343     2.5320      8.129     1.8821    11.0441 1.0715e-01     0.1170    97.1165     7.4414     7.5339    32.3967    32.3919    25.8760    25.8722    7.74400 0.0000e+00
       3196     85.480     2.1334     2.1296   2.884767   2.884281     2.1339     2.5303      8.129     1.8821    11.0441 1.0715e-01     0.1174    97.1078     7.4439     7.5298    32.4002    32.3980    25.8794    25.8779    7.74519 0.0000e+00
       3199     85.584     2.1296     2.1250   2.884565   2.884121     2.1331     2.5299      8.129     1.8720   368.6058 1.0715e-01     0.1174    97.1078     7.4450     7.5312    32.4015    32.4007    25.8807    25.8804    7.74587 0.0000e+00
       3202     85.688     2.1232     2.1196   2.884211   2.883728     2.1327     2.5299      8.129     1.8821   481.9896 1.0715e-01     0.1174    97.1078     7.4462     7.5363    32.4036    32.4012    25.8828    25.8812    7.74703 0.0000e+00
       3205     85.795     2.1137     2.1131   2.883628   2.883371     2.1323     2.5291      8.129     1.8618   480.9631 1.0715e-01     0.1174    97.1078     7.4483     7.5371    32.4061    32.4035    25.8855    25.8835    7.74880 0.0000e+00
