Datasets/AZMP/HUD120/hud120_2020_019.cnv
* Sea-Bird SBE 9 Data File:
* FileName = C:\CTDDATA\hud120_2020_019.hex
* Software Version Seasave V 7.26.7.110
* Temperature SN = 1697
* Conductivity SN = 4216
* Number of Bytes Per Scan = 30
* Number of Voltage Words = 4
* Number of Scans Averaged by the Deck Unit = 1
* NMEA baud rate = 4800
** VESSEL/TRIP/SEQ STN:  hud120_2020_019
** LATITUDE XX XX.XX: 46 04.20 N
** LONGITUDE XX XX.XX: 052 30.00 W
** SOUNDING DEPTH (M): 0091
** PROBE TYPE: S1146
** CTD NUMBER: 009
** FORMAT: V
** COMMENTS (14 CHAR): SEGB-05
** BOTTLES:  8
** LEVELS: 5,10,20,30,40,50,75,BTM
** STICKERS: 439573 - 439580
** VNET: Y
** DO2: N
# nquan = 22
# nvalues = 1623                        
# units = specified
# name 0 = scan: Scan Count
# name 1 = prDM: Pressure, Digiquartz [db]
# name 2 = t090C: Temperature [ITS-90, deg C]
# name 3 = t190C: Temperature, 2 [ITS-90, deg C]
# name 4 = c0S/m: Conductivity [S/m]
# name 5 = c1S/m: Conductivity, 2 [S/m]
# name 6 = sbeox0V: Oxygen raw, SBE 43 [V]
# name 7 = sbeox1V: Oxygen raw, SBE 43, 2 [V]
# name 8 = ph: pH
# name 9 = flECO-AFL: Fluorescence, WET Labs ECO-AFL/FL [mg/m^3]
# name 10 = wetCDOM: Fluorescence, WET Labs CDOM [mg/m^3]
# name 11 = par/sat/log: PAR/Logarithmic, Satlantic [umol photons/m^2/sec]
# name 12 = CStarAt0: Beam Attenuation, WET Labs C-Star [1/m]
# name 13 = CStarTr0: Beam Transmission, WET Labs C-Star [%]
# name 14 = sbeox0ML/L: Oxygen, SBE 43 [ml/l], WS = 2
# name 15 = sbeox1ML/L: Oxygen, SBE 43, 2 [ml/l], WS = 2
# name 16 = sal00: Salinity, Practical [PSU]
# name 17 = sal11: Salinity, Practical, 2 [PSU]
# name 18 = sigma-t00: Density [sigma-t, kg/m^3 ]
# name 19 = sigma-t11: Density, 2 [sigma-t, kg/m^3 ]
# name 20 = oxsatML/L: Oxygen Saturation, Weiss [ml/l]
# name 21 = flag: flag
# span 0 =         27,      24065       
# span 1 =      2.058,     86.785       
# span 2 =    -0.0735,    10.0661       
# span 3 =    -0.0784,    10.0618       
# span 4 =   2.762082,   3.531414       
# span 5 =   2.761785,   3.530948       
# span 6 =     1.7599,     2.2041       
# span 7 =     2.0684,     2.6177       
# span 8 =      7.795,      8.116       
# span 9 =     1.1292,     7.2342       
# span 10 =    -2.8130,   482.1870      
# span 11 = 1.0629e-01, 9.5006e-01      
# span 12 =     0.0928,     0.2673      
# span 13 =    93.5352,    97.7075      
# span 14 =     5.6191,     6.6050      
# span 15 =     5.4264,     7.1061      
# span 16 =    32.0746,    33.1615      
# span 17 =    32.0780,    33.1625      
# span 18 =    24.6872,    26.6223      
# span 19 =    24.6872,    26.6220      
# span 20 =    6.42571,    8.16308      
# span 21 = 0.0000e+00, 0.0000e+00      
# interval = scans: 3                   
# start_time = Nov 17 2020 21:11:50 [System UTC, header]
# bad_flag = -9.990e-29
*END*
[from data line 1252]
      14345     36.133     9.0560     9.1253   3.453658   3.459521     2.0164     2.3872      7.978     2.3298   481.3579 1.0715e-01     0.1357    96.6645     6.1179     6.3657    32.2094    32.2074    24.9249    24.9126    6.56797 0.0000e+00
      14348     35.950     9.1039     9.2017   3.458920   3.464256     2.0197     2.3946      7.976     2.3298   185.3046 1.0715e-01     0.1357    96.6645     6.1143     6.3561    32.2205    32.1874    24.9262    24.8850    6.56043 0.0000e+00
      14351     35.764     9.1992     9.2335   3.465150   3.467290     2.0241     2.4007      7.974     2.3298     0.3058 1.0715e-01     0.1357    96.6645     6.1073     6.3479    32.1989    32.1900    24.8944    24.8820    6.54731 0.0000e+00
      14354     35.578     9.2322     9.2721   3.467443   3.469898     2.0278     2.4076      7.977     2.3196     6.2672 1.0715e-01     0.1357    96.6645     6.1066     6.3406    32.1928    32.1822    24.8844    24.8699    6.54272 0.0000e+00
      14357     35.388     9.2342     9.2723   3.466384   3.469995     2.0311     2.4129      7.976     2.4214     5.9513 1.0715e-01     0.1357    96.6645     6.1093     6.3355    32.1802    32.1831    24.8743    24.8705    6.54296 0.0000e+00
      14360     35.201     9.2602     9.2730   3.471050   3.470040     2.0356     2.4190      7.977     3.2863     5.9513 1.0715e-01     0.1418    96.5167     6.1117     6.3336    32.2049    32.1830    24.8895    24.8703    6.53811 0.0000e+00
      14363     35.008     9.3329     9.3080   3.475371   3.473967     2.0384     2.4243      7.978     3.2964     5.9513 1.0715e-01     0.1426    96.4993     6.1030     6.3242    32.1840    32.1920    24.8617    24.8718    6.52835 0.0000e+00
      14366     34.812     9.3372     9.3405   3.474748   3.475443     2.0421     2.4288      7.983     3.2964     5.9513 1.0715e-01     0.1422    96.5080     6.1069     6.3164    32.1738    32.1780    24.8530    24.8558    6.52815 0.0000e+00
      14369     34.619     9.3207     9.3396   3.472220   3.475226     2.0445     2.4337      7.985     3.2862     5.9513 1.0715e-01     0.1426    96.4993     6.1110     6.3140    32.1628    32.1767    24.8470    24.8549    6.53102 0.0000e+00
      14372     34.432     9.2851     9.3398   3.470687   3.475391     2.0474     2.4385      7.988     3.3066     5.8724 1.0715e-01     0.1422    96.5080     6.1172     6.3125    32.1791    32.1782    24.8654    24.8561    6.53554 0.0000e+00
      14375     34.246     9.3169     9.3245   3.473318   3.473340     2.0502     2.4422      7.992     3.2964     1.4507 1.0715e-01     0.1422    96.5080     6.1138     6.3106    32.1776    32.1710    24.8592    24.8529    6.53095 0.0000e+00
      14378     34.064     9.3015     9.3191   3.471523   3.474209     2.0531     2.4459      7.995     3.2964     0.9375 1.0715e-01     0.1451    96.4385     6.1181     6.3071    32.1731    32.1849    24.8581    24.8646    6.53339 0.0000e+00
      14381     33.889     9.3147     9.3450   3.473321   3.475860     2.0567     2.4495      8.000     3.2964     0.9770 1.0715e-01     0.1566    96.1603     6.1213     6.3012    32.1799    32.1787    24.8613    24.8556    6.53119 0.0000e+00
      14384     33.717     9.3131     9.3610   3.472903   3.477416     2.0588     2.4544      8.002     3.4185     0.9770 1.0715e-01     0.1563    96.1690     6.1234     6.3011    32.1770    32.1803    24.8594    24.8544    6.53154 0.0000e+00
      14387     33.547     9.3690     9.4091   3.478398   3.481066     2.0616     2.4573      8.005     3.6831     0.9770 1.0715e-01     0.1563    96.1690     6.1208     6.2902    32.1833    32.1746    24.8554    24.8423    6.52311 0.0000e+00
      14390     33.389     9.4135     9.4188   3.480334   3.480733     2.0641     2.4613      8.006     3.6424     0.9770 1.0715e-01     0.1563    96.1690     6.1180     6.2891    32.1633    32.1626    24.8327    24.8314    6.51746 0.0000e+00
      14393     33.241     9.3927     9.4149   3.477323   3.480156     2.0661     2.4630      8.009     3.6525     0.9770 1.0715e-01     0.1563    96.1690     6.1234     6.2824    32.1511    32.1602    24.8265    24.8300    6.52100 0.0000e+00
      14396     33.102     9.3670     9.3932   3.475944   3.478146     2.0681     2.4666      8.011     3.6525     0.9770 1.0715e-01     0.1563    96.1690     6.1278     6.2856    32.1600    32.1591    24.8376    24.8327    6.52437 0.0000e+00
      14399     32.971     9.3542     9.3913   3.475449   3.478257     2.0706     2.4682      8.011     3.6525     3.4642 1.0715e-01     0.1599    96.0821     6.1325     6.2794    32.1666    32.1621    24.8446    24.8353    6.52597 0.0000e+00
      14402     32.847     9.3727     9.3844   3.477175   3.477498     2.0718     2.4715      8.016     3.6627    14.7946 1.0715e-01     0.1649    95.9604     6.1276     6.2783    32.1677    32.1605    24.8427    24.8351    6.52322 0.0000e+00
      14405     32.730     9.3821     9.3739   3.476612   3.475527     2.0751     2.4744      8.016     3.6525    14.5973 1.0715e-01     0.1646    95.9691     6.1322     6.2778    32.1536    32.1498    24.8301    24.8284    6.52244 0.0000e+00
      14408     32.626     9.3711     9.3480   3.473947   3.473458     2.0779     2.4764      8.019     3.6627    14.5973 1.0715e-01     0.1649    95.9604     6.1391     6.2782    32.1361    32.1518    24.8182    24.8342    6.52476 0.0000e+00
      14411     32.533     9.3212     9.2847   3.471927   3.469327     2.0795     2.4780      8.021     3.9375    14.5973 1.0715e-01     0.1642    95.9778     6.1461     6.2840    32.1602    32.1663    24.8449    24.8555    6.53105 0.0000e+00
      14414     32.449     9.3255     9.3453   3.472596   3.473043     2.0807     2.4792      8.020     4.1308    14.5973 1.0715e-01     0.1646    95.9691     6.1425     6.2724    32.1633    32.1501    24.8466    24.8332    6.53029 0.0000e+00
      14417     32.372     9.3372     9.3926   3.473505   3.477185     2.0828     2.4813      8.020     4.1308    14.5973 1.0715e-01     0.1646    95.9691     6.1421     6.2641    32.1621    32.1501    24.8439    24.8257    6.52863 0.0000e+00
      14420     32.306     9.3433     9.3723   3.473558   3.474976     2.0844     2.4833      8.022     4.1308    14.5973 1.0715e-01     0.1686    95.8735     6.1400     6.2658    32.1573    32.1458    24.8391    24.8256    6.52795 0.0000e+00
      14423     32.245     9.2921     9.2977   3.468058   3.468619     2.0860     2.4837      8.021     4.1206    14.5973 1.0715e-01     0.1708    95.8213     6.1457     6.2715    32.1467    32.1475    24.8390    24.8387    6.53587 0.0000e+00
      14426     32.188     9.2413     9.2752   3.465307   3.468645     2.0877     2.4853      8.025     4.1206   221.5859 1.0715e-01     0.1711    95.8126     6.1505     6.2722    32.1642    32.1680    24.8605    24.8583    6.54258 0.0000e+00
      14429     32.135     9.2560     9.3023   3.466944   3.471489     2.0885     2.4870      8.025     4.1206   482.1870 1.0715e-01     0.1708    95.8213     6.1425     6.2683    32.1678    32.1729    24.8612    24.8578    6.54028 0.0000e+00
      14432     32.086     9.2674     9.3430   3.467644   3.474081     2.0905     2.4890      8.025     4.1206   481.0421 1.0715e-01     0.1708    95.8213     6.1419     6.2652    32.1647    32.1630    24.8570    24.8436    6.53874 0.0000e+00
      14435     32.045     9.2839     9.3620   3.469166   3.474704     2.0913     2.4902      8.025     4.1206   481.2790 1.0715e-01     0.1708    95.8213     6.1387     6.2642    32.1656    32.1523    24.8551    24.8323    6.53629 0.0000e+00
      14438     32.005     9.2979     9.3117   3.469242   3.470555     2.0917     2.4911      8.025     4.0596   481.2790 1.0715e-01     0.1708    95.8213     6.1340     6.2708    32.1538    32.1549    24.8435    24.8423    6.53473 0.0000e+00
      14441     31.964     9.2659     9.2763   3.465893   3.468699     2.0934     2.4919      8.025     4.0596   481.3184 1.0715e-01     0.1747    95.7257     6.1415     6.2745    32.1482    32.1677    24.8442    24.8579    6.53966 0.0000e+00
      14444     31.925     9.1878     9.2745   3.459741   3.468611     2.0942     2.4927      8.026     4.0698   481.3579 1.0715e-01     0.1747    95.7257     6.1527     6.2750    32.1551    32.1684    24.8619    24.8587    6.55083 0.0000e+00
      14447     31.887     9.1416     9.2869   3.457542   3.469398     2.0946     2.4939      8.026     4.0799   481.3579 1.0715e-01     0.1751    95.7170     6.1595     6.2742    32.1741    32.1653    24.8840    24.8544    6.55683 0.0000e+00
      14450     31.849     9.1599     9.2876   3.459735   3.469223     2.0958     2.4947      8.026     4.0698   481.3184 1.0715e-01     0.1751    95.7170     6.1614     6.2734    32.1802    32.1629    24.8859    24.8523    6.55387 0.0000e+00
      14453     31.816     9.1837     9.2915   3.461607   3.469040     2.0966     2.4959      8.026     4.0799   142.3909 1.0715e-01     0.1751    95.7170     6.1603     6.2742    32.1781    32.1576    24.8805    24.8476    6.55046 0.0000e+00
      14456     31.778     9.2365     9.2722   3.466205   3.467242     2.0974     2.4972      8.025     4.0698    10.9257 1.0715e-01     0.1747    95.7257     6.1561     6.2798    32.1779    32.1564    24.8721    24.8497    6.54271 0.0000e+00
      14459     31.742     9.2903     9.2003   3.469790   3.461989     2.0991     2.4984      8.025     4.0596    16.5317 1.0715e-01     0.1751    95.7170     6.1570     6.2935    32.1664    32.1671    24.8546    24.8693    6.53532 0.0000e+00
      14462     31.703     9.3153     9.1785   3.470893   3.460826     2.0995     2.4988      8.025     4.1003    16.2554 1.0715e-01     0.1729    95.7691     6.1553     6.2982    32.1553    32.1747    24.8420    24.8787    6.53212 0.0000e+00
      14465     31.664     9.3076     9.1824   3.469822   3.461958     2.1011     2.4996      8.025     4.3445    16.2554 1.0715e-01     0.1729    95.7691     6.1608     6.3005    32.1512    32.1830    24.8400    24.8845    6.53342 0.0000e+00
      14468     31.622     9.3022     9.2150   3.469145   3.464494     2.1019     2.5008      8.025     4.3343    16.2554 1.0715e-01     0.1729    95.7691     6.1640     6.2999    32.1491    32.1797    24.8392    24.8769    6.53429 0.0000e+00
      14471     31.578     9.2800     9.2117   3.466877   3.462121     2.1036     2.5008      8.025     4.3445    16.2554 1.0715e-01     0.1733    95.7605     6.1727     6.3025    32.1457    32.1582    24.8401    24.8606    6.53768 0.0000e+00
      14474     31.533     9.2295     9.1530   3.463057   3.457989     2.1048     2.5029      8.026     4.3445    16.2554 1.0715e-01     0.1733    95.7605     6.1815     6.3178    32.1519    32.1685    24.8529    24.8778    6.54484 0.0000e+00
      14477     31.487     9.1985     9.1762   3.460680   3.460907     2.1052     2.5029      8.026     4.3140    40.6140 1.0715e-01     0.1733    95.7605     6.1841     6.3134    32.1553    32.1777    24.8604    24.8814    6.54924 0.0000e+00
      14480     31.440     9.1965     9.1940   3.460842   3.461959     2.1068     2.5045      8.027     4.3445   447.3270 1.0715e-01     0.1740    95.7431     6.1875     6.3154    32.1588    32.1726    24.8634    24.8746    6.54939 0.0000e+00
      14483     31.391     9.2097     9.2127   3.462551   3.463300     2.1076     2.5053      8.027     4.3241   481.4369 1.0715e-01     0.1736    95.7518     6.1859     6.3164    32.1646    32.1696    24.8659    24.8693    6.54721 0.0000e+00
      14486     31.340     9.2216     9.2223   3.463003   3.463785     2.1076     2.5065      8.027     4.3343   481.1605 1.0715e-01     0.1736    95.7518     6.1804     6.3195    32.1585    32.1660    24.8593    24.8650    6.54571 0.0000e+00
      14489     31.288     9.2280     9.2346   3.462458   3.464466     2.1080     2.5081      8.030     4.6904   481.3579 1.0715e-01     0.1740    95.7431     6.1783     6.3216    32.1472    32.1619    24.8494    24.8599    6.54525 0.0000e+00
      14492     31.235     9.2046     9.2415   3.461443   3.465076     2.1097     2.5090      8.029     5.1177   481.2790 1.0715e-01     0.1736    95.7518     6.1869     6.3226    32.1578    32.1620    24.8614    24.8589    6.54824 0.0000e+00
      14495     31.177     9.2010     9.2483   3.460579   3.465780     2.1101     2.5106      8.030     5.1177   481.3579 1.0715e-01     0.1740    95.7431     6.1888     6.3254    32.1522    32.1632    24.8576    24.8588    6.54901 0.0000e+00
      14498     31.125     9.1948     9.2549   3.460157   3.466231     2.1101     2.5106      8.030     5.1076   481.3184 1.0715e-01     0.1736    95.7518     6.1901     6.3225    32.1535    32.1619    24.8595    24.8567    6.54987 0.0000e+00
      14501     31.076     9.2039     9.2577   3.461047   3.466333     2.1109     2.5114      8.030     5.1177   481.3579 1.0715e-01     0.1729    95.7691     6.1902     6.3232    32.1544    32.1605    24.8589    24.8551    6.54848 0.0000e+00
      14504     31.034     9.2142     9.2720   3.460545   3.467129     2.1125     2.5122      8.030     5.1177   365.0921 1.0715e-01     0.1726    95.7778     6.1974     6.3220    32.1400    32.1558    24.8459    24.8493    6.54757 0.0000e+00
      14560     31.004     9.2537     9.3106   3.463603   3.468517     2.1243     2.5273      8.039     4.1919    -0.9575 1.0715e-01     0.1747    95.7257     6.2258     6.3491    32.1359    32.1354    24.8366    24.8272    6.54195 0.0000e+00
      14563     30.966     9.2532     9.3170   3.463492   3.468588     2.1263     2.5277      8.039     4.1715     6.3461 1.0715e-01     0.1736    95.7518     6.2357     6.3508    32.1352    32.1304    24.8361    24.8223    6.54205 0.0000e+00
      14566     30.924     9.2842     9.3125   3.465485   3.468595     2.1263     2.5277      8.039     4.2122     6.0303 1.0715e-01     0.1740    95.7431     6.2350     6.3534    32.1279    32.1345    24.8255    24.8262    6.53782 0.0000e+00
      14569     30.879     9.2999     9.3383   3.466633   3.470915     2.1276     2.5293      8.039     4.7311     6.0698 1.0715e-01     0.1743    95.7344     6.2416     6.3565    32.1257    32.1352    24.8213    24.8227    6.53561 0.0000e+00
      14572     30.832     9.3063     9.3720   3.468280   3.472702     2.1288     2.5301      8.039     4.7820     6.0698 1.0715e-01     0.1740    95.7431     6.2466     6.3550    32.1369    32.1233    24.8290    24.8081    6.53420 0.0000e+00
      14575     30.779     9.3401     9.3703   3.471522   3.472656     2.1288     2.5310      8.039     4.7820     6.0698 1.0715e-01     0.1743    95.7344     6.2407     6.3577    32.1398    32.1244    24.8260    24.8091    6.52914 0.0000e+00
      14578     30.723     9.3717     9.3559   3.473758   3.471862     2.1296     2.5318      8.041     4.7616     6.0698 1.0715e-01     0.1736    95.7518     6.2381     6.3621    32.1345    32.1291    24.8168    24.8152    6.52476 0.0000e+00
      14581     30.668     9.3852     9.3592   3.473743   3.472688     2.1308     2.5326      8.041     4.7718     6.0698 1.0715e-01     0.1758    95.6996     6.2390     6.3650    32.1222    32.1347    24.8051    24.8190    6.52329 0.0000e+00
      14584     30.608     9.3795     9.3847   3.473289   3.474408     2.1320     2.5330      8.044     4.7718     7.8464 1.0715e-01     0.1769    95.6735     6.2416     6.3626    32.1226    32.1295    24.8063    24.8108    6.52410 0.0000e+00
      14587     30.547     9.3875     9.3979   3.474510   3.474614     2.1333     2.5346      8.044     4.7922     8.5175 1.0715e-01     0.1769    95.6735     6.2409     6.3655    32.1281    32.1198    24.8093    24.8012    6.52271 0.0000e+00
