Datasets/AZMP/HUD120/hud120_2020_072.cnv
* Sea-Bird SBE 9 Data File:
* FileName = C:\CTDDATA\hud120_2020_072.hex
* Software Version Seasave V 7.26.7.110
* Temperature SN = 1697
* Conductivity SN = 4216
* Number of Bytes Per Scan = 30
* Number of Voltage Words = 4
* Number of Scans Averaged by the Deck Unit = 1
* NMEA baud rate = 4800
** VESSEL/TRIP/SEQ STN:  hud120_2020_072
** LATITUDE XX XX.XX: 47 00.00 N
** LONGITUDE XX XX.XX: 049 07.00 W
** SOUNDING DEPTH (M): 0086
** PROBE TYPE: S1146
** CTD NUMBER: 051
** FORMAT: V
** COMMENTS (14 CHAR): FC-10
** BOTTLES:  7
** LEVELS: 5,10,20,30,40,50,BTM
** STICKERS: 439853 - 439859
** VNET: Y
** DO2: N
# nquan = 22
# nvalues = 1398                        
# units = specified
# name 0 = scan: Scan Count
# name 1 = prDM: Pressure, Digiquartz [db]
# name 2 = t090C: Temperature [ITS-90, deg C]
# name 3 = t190C: Temperature, 2 [ITS-90, deg C]
# name 4 = c0S/m: Conductivity [S/m]
# name 5 = c1S/m: Conductivity, 2 [S/m]
# name 6 = sbeox0V: Oxygen raw, SBE 43 [V]
# name 7 = sbeox1V: Oxygen raw, SBE 43, 2 [V]
# name 8 = ph: pH
# name 9 = flECO-AFL: Fluorescence, WET Labs ECO-AFL/FL [mg/m^3]
# name 10 = wetCDOM: Fluorescence, WET Labs CDOM [mg/m^3]
# name 11 = par/sat/log: PAR/Logarithmic, Satlantic [umol photons/m^2/sec]
# name 12 = CStarAt0: Beam Attenuation, WET Labs C-Star [1/m]
# name 13 = CStarTr0: Beam Transmission, WET Labs C-Star [%]
# name 14 = sbeox0ML/L: Oxygen, SBE 43 [ml/l], WS = 2
# name 15 = sbeox1ML/L: Oxygen, SBE 43, 2 [ml/l], WS = 2
# name 16 = sal00: Salinity, Practical [PSU]
# name 17 = sal11: Salinity, Practical, 2 [PSU]
# name 18 = sigma-t00: Density [sigma-t, kg/m^3 ]
# name 19 = sigma-t11: Density, 2 [sigma-t, kg/m^3 ]
# name 20 = oxsatML/L: Oxygen Saturation, Weiss [ml/l]
# name 21 = flag: flag
# span 0 =         53,      20594       
# span 1 =      2.929,     79.509       
# span 2 =     0.4704,     5.5707       
# span 3 =     0.4631,     5.5655       
# span 4 =   2.792775,   3.127597       
# span 5 =   2.792191,   3.127009       
# span 6 =     1.6117,     2.1951       
# span 7 =     1.8819,     2.6147       
# span 8 =      7.855,      8.144       
# span 9 =     1.2309,     4.8125       
# span 10 =    -2.8130,   482.1870      
# span 11 = 1.0703e-01, 6.3620e-01      
# span 12 =     0.1628,     0.3655      
# span 13 =    91.2665,    96.0125      
# span 14 =     4.9446,     7.0719      
# span 15 =     5.0221,     7.2231      
# span 16 =    31.9275,    33.0350      
# span 17 =    31.9263,    33.0830      
# span 18 =    25.1773,    26.4836      
# span 19 =    25.1771,    26.5105      
# span 20 =    7.13486,    8.05560      
# span 21 = 0.0000e+00, 0.0000e+00      
# interval = scans: 3                   
# start_time = Nov 25 2020 19:42:34 [System UTC, header]
# bad_flag = -9.990e-29
*END*
[from data line 66]
        451      8.928     5.5200     5.5152   3.123587   3.123024     2.1893     2.5735      8.141     4.7718    20.8744 1.8009e-01     0.1846    95.4910     7.0223     7.0652    31.9310    31.9291    25.1847    25.1838    7.14352 0.0000e+00
        454      8.992     5.5199     5.5152   3.123591   3.123035     2.1893     2.5731      8.141     4.7616    20.8744 1.6807e-01     0.1846    95.4910     7.0229     7.0647    31.9311    31.9292    25.1848    25.1838    7.14354 0.0000e+00
        457      9.059     5.5198     5.5153   3.123596   3.123046     2.1884     2.5739      8.139     4.7820    20.8744 1.6360e-01     0.1856    95.4649     7.0197     7.0683    31.9312    31.9292    25.1849    25.1838    7.14355 0.0000e+00
        460      9.128     5.5201     5.5154   3.123582   3.123096     2.1884     2.5739      8.141     4.7820    20.8744 1.6724e-01     0.1856    95.4649     7.0209     7.0693    31.9307    31.9296    25.1845    25.1841    7.14351 0.0000e+00
        463      9.202     5.5199     5.5157   3.123598   3.123108     2.1889     2.5739      8.141     4.7820    20.8744 1.6688e-01     0.1856    95.4649     7.0232     7.0713    31.9310    31.9294    25.1848    25.1840    7.14354 0.0000e+00
        466      9.282     5.5197     5.5154   3.123578   3.123064     2.1880     2.5739      8.144     4.5887    20.8349 1.6978e-01     0.1856    95.4649     7.0193     7.0709    31.9309    31.9292    25.1847    25.1838    7.14357 0.0000e+00
        469      9.368     5.5199     5.5151   3.123613   3.123049     2.1880     2.5739      8.141     4.4971    39.4296 1.6939e-01     0.1860    95.4562     7.0190     7.0716    31.9311    31.9293    25.1848    25.1839    7.14354 0.0000e+00
        472      9.462     5.5202     5.5154   3.123615   3.123059     2.1880     2.5735      8.141     4.4971   443.1028 1.5988e-01     0.1856    95.4649     7.0199     7.0717    31.9308    31.9290    25.1846    25.1837    7.14350 0.0000e+00
        475      9.562     5.5198     5.5154   3.123603   3.123054     2.1876     2.5739      8.141     4.4869   481.3185 1.5861e-01     0.1856    95.4649     7.0196     7.0745    31.9310    31.9289    25.1847    25.1836    7.14355 0.0000e+00
        478      9.674     5.5196     5.5159   3.123619   3.123115     2.1884     2.5739      8.142     4.4971   481.1605 1.4373e-01     0.1856    95.4649     7.0250     7.0748    31.9313    31.9291    25.1850    25.1837    7.14357 0.0000e+00
        481      9.795     5.5196     5.5159   3.123624   3.123126     2.1880     2.5739      8.141     4.4971   481.3579 1.3503e-01     0.1860    95.4562     7.0237     7.0752    31.9313    31.9292    25.1850    25.1838    7.14357 0.0000e+00
        484      9.930     5.5197     5.5153   3.123592   3.123088     2.1880     2.5743      8.141     4.5072   481.3579 1.2860e-01     0.1860    95.4562     7.0230     7.0775    31.9308    31.9293    25.1846    25.1839    7.14358 0.0000e+00
        487     10.069     5.5194     5.5149   3.123575   3.123096     2.1876     2.5751      8.139     4.5072   481.3184 1.1922e-01     0.1856    95.4649     7.0229     7.0824    31.9308    31.9297    25.1846    25.1843    7.14363 0.0000e+00
        490     10.218     5.5184     5.5139   3.123500   3.123010     2.1880     2.5743      8.141     4.4869   481.3579 1.2441e-01     0.1856    95.4649     7.0256     7.0817    31.9309    31.9296    25.1848    25.1843    7.14380 0.0000e+00
        493     10.375     5.5185     5.5139   3.123552   3.123011     2.1880     2.5751      8.141     4.4361   481.3579 1.1851e-01     0.1856    95.4649     7.0261     7.0858    31.9312    31.9295    25.1851    25.1842    7.14377 0.0000e+00
        496     10.538     5.5185     5.5143   3.123561   3.123015     2.1880     2.5747      8.141     4.4361   373.9355 1.2600e-01     0.1853    95.4736     7.0266     7.0852    31.9313    31.9291    25.1851    25.1839    7.14377 0.0000e+00
        499     10.710     5.5194     5.5149   3.123657   3.123120     2.1880     2.5751      8.144     4.4462     4.0564 1.2250e-01     0.1835    95.5171     7.0267     7.0858    31.9314    31.9296    25.1851    25.1842    7.14360 0.0000e+00
        502     10.885     5.5202     5.5153   3.123759   3.123182     2.1876     2.5755      8.141     4.4361    11.7548 1.1030e-01     0.1831    95.5258     7.0262     7.0867    31.9317    31.9299    25.1853    25.1844    7.14345 0.0000e+00
        505     11.062     5.5209     5.5166   3.123813   3.123336     2.1872     2.5751      8.141     4.4259    11.4390 1.0980e-01     0.1835    95.5171     7.0249     7.0842    31.9316    31.9303    25.1851    25.1845    7.14333 0.0000e+00
        508     11.242     5.5214     5.5171   3.123869   3.123365     2.1876     2.5755      8.144     4.4462    11.5179 1.0752e-01     0.1835    95.5171     7.0273     7.0847    31.9317    31.9300    25.1851    25.1843    7.14325 0.0000e+00
        511     11.423     5.5213     5.5172   3.123866   3.123366     2.1876     2.5763      8.139     4.4259    11.4784 1.0790e-01     0.1831    95.5258     7.0270     7.0875    31.9316    31.9298    25.1851    25.1841    7.14327 0.0000e+00
        514     11.603     5.5211     5.5172   3.123837   3.123385     2.1876     2.5763      8.139     4.4259    11.5179 1.0715e-01     0.1835    95.5171     7.0266     7.0870    31.9314    31.9300    25.1849    25.1843    7.14331 0.0000e+00
        517     11.778     5.5211     5.5172   3.123849   3.123403     2.1880     2.5763      8.141     4.3445    11.4390 1.0715e-01     0.1828    95.5345     7.0293     7.0855    31.9315    31.9301    25.1850    25.1843    7.14331 0.0000e+00
        520     11.952     5.5213     5.5173   3.123871   3.123406     2.1876     2.5763      8.144     3.9477    11.4784 1.0715e-01     0.1824    95.5432     7.0287     7.0854    31.9314    31.9300    25.1849    25.1842    7.14328 0.0000e+00
        523     12.119     5.5215     5.5171   3.123900   3.123397     2.1880     2.5763      8.139     3.9477   244.9180 1.0715e-01     0.1824    95.5432     7.0312     7.0856    31.9315    31.9300    25.1849    25.1843    7.14323 0.0000e+00
        526     12.284     5.5217     5.5171   3.123926   3.123415     2.1880     2.5763      8.139     3.9375   482.1870 1.0715e-01     0.1824    95.5432     7.0311     7.0859    31.9315    31.9301    25.1849    25.1843    7.14321 0.0000e+00
        529     12.444     5.5220     5.5173   3.123966   3.123424     2.1876     2.5763      8.141     3.9477   481.0421 1.0715e-01     0.1824    95.5432     7.0265     7.0859    31.9316    31.9299    25.1850    25.1842    7.14314 0.0000e+00
        532     12.595     5.5222     5.5176   3.123971   3.123478     2.1880     2.5771      8.139     3.9477   481.3579 1.0715e-01     0.1824    95.5432     7.0262     7.0862    31.9313    31.9302    25.1847    25.1844    7.14312 0.0000e+00
        535     12.739     5.5217     5.5177   3.123914   3.123483     2.1872     2.5763      8.141     3.9375   481.3579 1.0715e-01     0.1828    95.5345     7.0226     7.0818    31.9312    31.9301    25.1847    25.1842    7.14322 0.0000e+00
        538     12.874     5.5212     5.5174   3.123950   3.123430     2.1876     2.5763      8.141     3.9477   481.3579 1.0715e-01     0.1860    95.4562     7.0242     7.0824    31.9319    31.9296    25.1853    25.1840    7.14326 0.0000e+00
        541     12.999     5.5218     5.5165   3.123983   3.123371     2.1880     2.5767      8.141     3.9477   481.3579 1.0715e-01     0.1863    95.4475     7.0269     7.0834    31.9317    31.9299    25.1850    25.1842    7.14317 0.0000e+00
        544     13.118     5.5215     5.5159   3.123901   3.123349     2.1876     2.5771      8.139     4.0494   481.3579 1.0715e-01     0.1863    95.4475     7.0251     7.0854    31.9310    31.9301    25.1846    25.1845    7.14326 0.0000e+00
        547     13.225     5.5212     5.5153   3.123909   3.123296     2.1880     2.5775      8.144     4.1409   481.3579 1.0715e-01     0.1860    95.4562     7.0281     7.0872    31.9313    31.9301    25.1848    25.1845    7.14329 0.0000e+00
        550     13.326     5.5205     5.5151   3.123848   3.123273     2.1868     2.5775      8.139     4.1511   118.5455 1.0715e-01     0.1863    95.4475     7.0244     7.0877    31.9312    31.9298    25.1848    25.1844    7.14342 0.0000e+00
        553     13.420     5.5203     5.5151   3.123842   3.123295     2.1864     2.5775      8.139     4.1511    17.2818 1.0715e-01     0.1863    95.4475     7.0218     7.0874    31.9313    31.9301    25.1849    25.1846    7.14344 0.0000e+00
        556     13.506     5.5205     5.5155   3.123876   3.123319     2.1876     2.5763      8.142     4.1715    21.4666 1.0715e-01     0.1856    95.4649     7.0265     7.0810    31.9315    31.9299    25.1851    25.1844    7.14341 0.0000e+00
        559     13.584     5.5208     5.5157   3.123891   3.123314     2.1872     2.5767      8.139     4.1613    21.2297 1.0715e-01     0.1824    95.5432     7.0240     7.0809    31.9313    31.9297    25.1849    25.1842    7.14336 0.0000e+00
        562     13.655     5.5207     5.5156   3.123887   3.123329     2.1876     2.5771      8.142     4.1511    21.2692 1.0715e-01     0.1824    95.5432     7.0258     7.0797    31.9313    31.9298    25.1849    25.1843    7.14337 0.0000e+00
        565     13.720     5.5207     5.5158   3.123887   3.123349     2.1876     2.5771      8.139     4.1511    21.2692 1.0715e-01     0.1824    95.5432     7.0284     7.0777    31.9313    31.9299    25.1849    25.1843    7.14339 0.0000e+00
        568     13.779     5.5208     5.5160   3.123894   3.123363     2.1872     2.5775      8.141     4.1511    21.2692 1.0715e-01     0.1824    95.5432     7.0279     7.0795    31.9312    31.9298    25.1848    25.1842    7.14336 0.0000e+00
        571     13.836     5.5208     5.5163   3.123899   3.123393     2.1880     2.5775      8.139     4.1715    21.2297 1.0715e-01     0.1824    95.5432     7.0319     7.0794    31.9313    31.9298    25.1848    25.1842    7.14336 0.0000e+00
        574     13.889     5.5207     5.5164   3.123868   3.123381     2.1868     2.5779      8.142     4.1817    62.1300 1.0715e-01     0.1824    95.5432     7.0282     7.0805    31.9310    31.9296    25.1847    25.1840    7.14340 0.0000e+00
        577     13.939     5.5204     5.5163   3.123879   3.123375     2.1868     2.5771      8.139     4.1817   458.8154 1.0715e-01     0.1828    95.5345     7.0257     7.0784    31.9314    31.9296    25.1850    25.1841    7.14343 0.0000e+00
        580     13.989     5.5207     5.5164   3.123911   3.123366     2.1872     2.5763      8.141     4.1817   481.5554 1.0715e-01     0.1813    95.5692     7.0246     7.0759    31.9314    31.9294    25.1850    25.1838    7.14338 0.0000e+00
        583     14.039     5.5207     5.5163   3.123929   3.123389     2.1864     2.5763      8.141     4.1817   481.2000 1.0715e-01     0.1820    95.5519     7.0211     7.0756    31.9316    31.9296    25.1852    25.1841    7.14337 0.0000e+00
        586     14.089     5.5209     5.5164   3.123918   3.123406     2.1876     2.5763      8.141     4.1919   481.3579 1.0715e-01     0.1824    95.5432     7.0257     7.0764    31.9313    31.9298    25.1848    25.1842    7.14335 0.0000e+00
        589     14.139     5.5208     5.5165   3.123907   3.123415     2.1880     2.5771      8.139     4.1919   481.3579 1.0715e-01     0.1820    95.5519     7.0290     7.0788    31.9312    31.9297    25.1848    25.1841    7.14337 0.0000e+00
        592     14.196     5.5200     5.5164   3.123824   3.123409     2.1868     2.5775      8.141     4.1919   481.3579 1.0715e-01     0.1820    95.5519     7.0239     7.0813    31.9311    31.9297    25.1848    25.1841    7.14352 0.0000e+00
        595     14.258     5.5187     5.5164   3.123742   3.123426     2.1872     2.5763      8.139     4.1919   481.3579 1.0715e-01     0.1824    95.5432     7.0257     7.0785    31.9313    31.9299    25.1851    25.1843    7.14372 0.0000e+00
        598     14.327     5.5186     5.5163   3.123752   3.123415     2.1872     2.5763      8.142     4.2834   481.3579 1.0715e-01     0.1813    95.5692     7.0255     7.0796    31.9315    31.9298    25.1853    25.1842    7.14373 0.0000e+00
        601     14.400     5.5187     5.5149   3.123735   3.123310     2.1864     2.5771      8.141     4.2630   328.9688 1.0715e-01     0.1802    95.5953     7.0207     7.0836    31.9312    31.9299    25.1850    25.1844    7.14374 0.0000e+00
        604     14.482     5.5187     5.5144   3.123764   3.123251     2.1868     2.5767      8.141     4.2834    -2.8130 1.0715e-01     0.1806    95.5866     7.0206     7.0833    31.9315    31.9297    25.1852    25.1843    7.14372 0.0000e+00
        607     14.574     5.5184     5.5140   3.123764   3.123260     2.1868     2.5775      8.139     4.2732    -0.9575 1.0715e-01     0.1809    95.5779     7.0207     7.0856    31.9317    31.9302    25.1855    25.1848    7.14376 0.0000e+00
        610     14.674     5.5188     5.5143   3.123790   3.123286     2.1868     2.5771      8.141     4.2834     0.0690 1.0715e-01     0.1809    95.5779     7.0189     7.0829    31.9316    31.9301    25.1853    25.1847    7.14370 0.0000e+00
        613     14.781     5.5190     5.5147   3.123816   3.123314     2.1872     2.5767      8.142     4.2732     0.0295 1.0715e-01     0.1809    95.5779     7.0211     7.0807    31.9316    31.9300    25.1853    25.1846    7.14366 0.0000e+00
        616     14.897     5.5197     5.5148   3.123935   3.123355     2.1864     2.5775      8.141     4.2834     0.0295 1.0715e-01     0.1809    95.5779     7.0180     7.0832    31.9323    31.9303    25.1858    25.1848    7.14352 0.0000e+00
        619     15.025     5.5205     5.5154   3.124013   3.123458     2.1864     2.5767      8.141     4.2732     0.0295 1.0715e-01     0.1839    95.5084     7.0170     7.0798    31.9323    31.9308    25.1857    25.1851    7.14337 0.0000e+00
        622     15.159     5.5209     5.5162   3.124050   3.123516     2.1860     2.5767      8.142     4.1918     0.0295 1.0715e-01     0.1839    95.5084     7.0155     7.0785    31.9323    31.9307    25.1856    25.1849    7.14330 0.0000e+00
        625     15.301     5.5209     5.5162   3.123993   3.123503     2.1864     2.5767      8.141     3.9782     0.0295 1.0715e-01     0.1835    95.5171     7.0162     7.0768    31.9316    31.9304    25.1850    25.1847    7.14334 0.0000e+00
        628     15.448     5.5207     5.5157   3.124010   3.123450     2.1864     2.5775      8.139     4.0087   280.0543 1.0715e-01     0.1839    95.5084     7.0153     7.0804    31.9319    31.9302    25.1853    25.1846    7.14336 0.0000e+00
        631     15.601     5.5207     5.5156   3.124013   3.123452     2.1864     2.5771      8.141     4.0087   481.5948 1.0715e-01     0.1835    95.5171     7.0159     7.0801    31.9319    31.9304    25.1853    25.1847    7.14336 0.0000e+00
        634     15.759     5.5209     5.5163   3.124062   3.123578     2.1860     2.5767      8.141     4.0188   481.0026 1.0715e-01     0.1835    95.5171     7.0160     7.0801    31.9321    31.9309    25.1855    25.1851    7.14331 0.0000e+00
        637     15.923     5.5209     5.5166   3.124066   3.123551     2.1856     2.5767      8.141     4.0087   481.3579 1.0715e-01     0.1835    95.5171     7.0158     7.0812    31.9321    31.9303    25.1855    25.1846    7.14332 0.0000e+00
        640     16.090     5.5208     5.5164   3.124031   3.123524     2.1856     2.5763      8.141     4.0087   481.3579 1.0715e-01     0.1820    95.5519     7.0180     7.0791    31.9317    31.9302    25.1852    25.1845    7.14335 0.0000e+00
        643     16.254     5.5207     5.5162   3.124006   3.123486     2.1856     2.5763      8.141     4.0087   481.3579 1.0715e-01     0.1820    95.5519     7.0193     7.0809    31.9315    31.9298    25.1850    25.1843    7.14338 0.0000e+00
