Datasets/AZMP/HUD120/hud120_2020_091.cnv
* Sea-Bird SBE 9 Data File:
* FileName = C:\CTDDATA\hud120_2020_091.hex
* Software Version Seasave V 7.26.7.110
* Temperature SN = 1697
* Conductivity SN = 4216
* Number of Bytes Per Scan = 30
* Number of Voltage Words = 4
* Number of Scans Averaged by the Deck Unit = 1
* NMEA baud rate = 4800
** VESSEL/TRIP/SEQ STN:  hud120_2020_091
** LATITUDE XX XX.XX: 49 06.00 N
** LONGITUDE XX XX.XX: 051 49.80 W
** SOUNDING DEPTH (M): 0290
** PROBE TYPE: S1146
** CTD NUMBER: 068
** FORMAT: V
** COMMENTS (14 CHAR): BB-06
** BOTTLES:  10
** LEVELS: 5,10,20,30,40,50,75,100,150,BTM
** STICKERS: 439977 - 439986
** VNET: Y
** DO2: Y
# nquan = 22
# nvalues = 6184                        
# units = specified
# name 0 = scan: Scan Count
# name 1 = prDM: Pressure, Digiquartz [db]
# name 2 = t090C: Temperature [ITS-90, deg C]
# name 3 = t190C: Temperature, 2 [ITS-90, deg C]
# name 4 = c0S/m: Conductivity [S/m]
# name 5 = c1S/m: Conductivity, 2 [S/m]
# name 6 = sbeox0V: Oxygen raw, SBE 43 [V]
# name 7 = sbeox1V: Oxygen raw, SBE 43, 2 [V]
# name 8 = ph: pH
# name 9 = flECO-AFL: Fluorescence, WET Labs ECO-AFL/FL [mg/m^3]
# name 10 = wetCDOM: Fluorescence, WET Labs CDOM [mg/m^3]
# name 11 = par/sat/log: PAR/Logarithmic, Satlantic [umol photons/m^2/sec]
# name 12 = CStarAt0: Beam Attenuation, WET Labs C-Star [1/m]
# name 13 = CStarTr0: Beam Transmission, WET Labs C-Star [%]
# name 14 = sbeox0ML/L: Oxygen, SBE 43 [ml/l], WS = 2
# name 15 = sbeox1ML/L: Oxygen, SBE 43, 2 [ml/l], WS = 2
# name 16 = sal00: Salinity, Practical [PSU]
# name 17 = sal11: Salinity, Practical, 2 [PSU]
# name 18 = sigma-t00: Density [sigma-t, kg/m^3 ]
# name 19 = sigma-t11: Density, 2 [sigma-t, kg/m^3 ]
# name 20 = oxsatML/L: Oxygen Saturation, Weiss [ml/l]
# name 21 = flag: flag
# span 0 =          2,      52165       
# span 1 =      0.285,    286.523       
# span 2 =     0.6836,     2.7119       
# span 3 =     0.6782,     2.7074       
# span 4 =   2.853451,   3.107532       
# span 5 =   2.852938,   3.107018       
# span 6 =     1.8253,     2.2029       
# span 7 =     2.1447,     2.6056       
# span 8 =      8.024,      8.154       
# span 9 =     0.8850,     4.7006       
# span 10 =    -2.8130,   482.1870      
# span 11 = 1.0654e-01, 5.9241e-01      
# span 12 =     0.0768,     0.8583      
# span 13 =    80.6880,    98.0987      
# span 14 =     6.0877,     7.8763      
# span 15 =     6.1496,     7.9007      
# span 16 =    32.7218,    34.4337      
# span 17 =    32.7189,    34.4319      
# span 18 =    26.1628,    27.4588      
# span 19 =    26.1594,    27.4578      
# span 20 =    7.52878,    7.97508      
# span 21 = 0.0000e+00, 0.0000e+00      
# interval = scans: 3                   
# start_time = Nov 28 2020 06:48:15 [System UTC, header]
# bad_flag = -9.990e-29
*END*
[from data line 461]
       1631     45.340     1.9996     1.9954   2.902537   2.902153     2.1819     2.5873      8.149     3.8256     0.2664 1.0727e-01     0.1628    96.0125     7.7070     7.8149    32.7807    32.7803    26.1939    26.1939    7.75191 0.0000e+00
       1634     45.435     2.0000     1.9962   2.902626   2.902163     2.1807     2.5873      8.146     3.8052     2.2403 1.0715e-01     0.1628    96.0125     7.7010     7.8133    32.7813    32.7795    26.1943    26.1932    7.75180 0.0000e+00
       1637     45.532     2.0001     1.9960   2.902607   2.902148     2.1807     2.5861      8.146     3.8052    12.6628 1.0715e-01     0.1628    96.0125     7.6991     7.8102    32.7809    32.7795    26.1940    26.1932    7.75180 0.0000e+00
       1640     45.630     1.9997     1.9954   2.902579   2.902103     2.1807     2.5861      8.147     3.8256    12.5838 1.0715e-01     0.1632    96.0038     7.6981     7.8107    32.7810    32.7794    26.1941    26.1932    7.75188 0.0000e+00
       1643     45.729     1.9991     1.9954   2.902541   2.902086     2.1807     2.5881      8.146     3.8154    12.5838 1.0715e-01     0.1628    96.0125     7.6971     7.8159    32.7810    32.7792    26.1942    26.1930    7.75199 0.0000e+00
       1646     45.832     1.9994     1.9954   2.902591   2.902103     2.1815     2.5869      8.146     3.8154    12.5838 1.0715e-01     0.1628    96.0125     7.6998     7.8110    32.7812    32.7794    26.1944    26.1932    7.75192 0.0000e+00
       1649     45.936     2.0004     1.9952   2.902672   2.902132     2.1811     2.5861      8.146     3.8154    12.5838 1.0715e-01     0.1628    96.0125     7.6974     7.8080    32.7812    32.7798    26.1942    26.1935    7.75173 0.0000e+00
       1652     46.039     1.9998     1.9955   2.902597   2.902134     2.1799     2.5869      8.144     3.8154    12.6233 1.0715e-01     0.1628    96.0125     7.6936     7.8104    32.7809    32.7795    26.1940    26.1933    7.75186 0.0000e+00
       1655     46.148     1.9991     1.9954   2.902560   2.902119     2.1807     2.5869      8.146     3.8154    12.5838 1.0715e-01     0.1628    96.0125     7.6994     7.8121    32.7811    32.7794    26.1942    26.1931    7.75200 0.0000e+00
       1658     46.257     1.9997     1.9952   2.902636   2.902147     2.1807     2.5861      8.147     3.7950    12.5838 1.0715e-01     0.1628    96.0125     7.6996     7.8112    32.7813    32.7799    26.1944    26.1935    7.75186 0.0000e+00
       1661     46.367     2.0001     1.9960   2.902679   2.902185     2.1799     2.5869      8.146     3.7848   204.7678 1.0715e-01     0.1624    96.0212     7.6962     7.8139    32.7814    32.7795    26.1943    26.1932    7.75177 0.0000e+00
       1664     46.481     2.0010     1.9959   2.902749   2.902167     2.1807     2.5869      8.146     3.7848   482.1870 1.0715e-01     0.1617    96.0386     7.6997     7.8125    32.7812    32.7793    26.1942    26.1931    7.75160 0.0000e+00
       1667     46.594     2.0015     1.9950   2.902764   2.902131     2.1803     2.5865      8.146     3.7746   481.0816 1.0715e-01     0.1617    96.0386     7.6987     7.8103    32.7809    32.7796    26.1939    26.1934    7.75153 0.0000e+00
       1670     46.709     2.0011     1.9958   2.902744   2.902206     2.1799     2.5861      8.149     3.7746   481.2395 1.0715e-01     0.1617    96.0386     7.6976     7.8115    32.7809    32.7798    26.1940    26.1934    7.75160 0.0000e+00
       1673     46.824     2.0010     1.9961   2.902753   2.902221     2.1807     2.5873      8.144     3.7746   481.2790 1.0715e-01     0.1617    96.0386     7.7031     7.8170    32.7812    32.7796    26.1942    26.1932    7.75162 0.0000e+00
       1676     46.944     2.0012     1.9963   2.902744   2.902233     2.1811     2.5869      8.146     3.7848   481.2395 1.0715e-01     0.1617    96.0386     7.7041     7.8156    32.7807    32.7794    26.1938    26.1931    7.75159 0.0000e+00
       1679     47.065     2.0013     1.9963   2.902779   2.902262     2.1799     2.5869      8.146     3.7950   481.2395 1.0715e-01     0.1617    96.0386     7.6958     7.8141    32.7809    32.7797    26.1939    26.1933    7.75155 0.0000e+00
       1682     47.185     2.0011     1.9964   2.902767   2.902249     2.1799     2.5873      8.147     3.8052   481.2395 1.0715e-01     0.1610    96.0560     7.6975     7.8137    32.7809    32.7794    26.1940    26.1931    7.75159 0.0000e+00
       1685     47.311     2.0006     1.9949   2.902712   2.902108     2.1807     2.5861      8.147     3.8866   481.2790 1.0715e-01     0.1606    96.0647     7.6999     7.8075    32.7808    32.7791    26.1939    26.1930    7.75172 0.0000e+00
       1688     47.435     1.9987     1.9922   2.902555   2.901971     2.1803     2.5869      8.146     3.8662   157.7483 1.0715e-01     0.1606    96.0647     7.6979     7.8117    32.7807    32.7801    26.1940    26.1940    7.75209 0.0000e+00
       1691     47.563     1.9969     1.9928   2.902490   2.902062     2.1803     2.5865      8.147     3.8662     6.3067 1.0727e-01     0.1613    96.0473     7.7001     7.8114    32.7816    32.7805    26.1948    26.1943    7.75239 0.0000e+00
       1694     47.693     1.9969     1.9927   2.902520   2.902051     2.1803     2.5869      8.146     3.8662    12.8996 1.0727e-01     0.1610    96.0560     7.6984     7.8130    32.7820    32.7805    26.1951    26.1942    7.75238 0.0000e+00
       1697     47.822     1.9967     1.9929   2.902465   2.902039     2.1799     2.5873      8.144     3.8764    12.5838 1.0715e-01     0.1606    96.0647     7.6961     7.8127    32.7815    32.7801    26.1947    26.1938    7.75246 0.0000e+00
       1700     47.954     1.9957     1.9927   2.902430   2.902069     2.1791     2.5869      8.147     3.8866    12.6233 1.0715e-01     0.1617    96.0386     7.6962     7.8112    32.7819    32.7806    26.1951    26.1943    7.75262 0.0000e+00
       1703     48.088     1.9957     1.9919   2.902389   2.901957     2.1799     2.5857      8.146     3.8967    12.5838 1.0715e-01     0.1628    96.0125     7.7022     7.8070    32.7814    32.7799    26.1947    26.1938    7.75266 0.0000e+00
       1706     48.224     1.9950     1.9912   2.902372   2.901892     2.1803     2.5861      8.144     3.8764    12.5838 1.0715e-01     0.1628    96.0125     7.7011     7.8083    32.7818    32.7798    26.1951    26.1938    7.75277 0.0000e+00
       1709     48.363     1.9951     1.9910   2.902386   2.901952     2.1795     2.5861      8.147     3.8967    12.6233 1.0715e-01     0.1628    96.0125     7.6932     7.8070    32.7818    32.7806    26.1951    26.1945    7.75274 0.0000e+00
       1712     48.501     1.9959     1.9923   2.902464   2.902092     2.1799     2.5869      8.146     3.9273    28.1386 1.0715e-01     0.1628    96.0125     7.6927     7.8101    32.7819    32.7810    26.1951    26.1947    7.75259 0.0000e+00
       1715     48.638     1.9964     1.9938   2.902561   2.902178     2.1803     2.5873      8.146     3.9171   439.2733 1.0715e-01     0.1628    96.0125     7.6940     7.8110    32.7825    32.7804    26.1955    26.1940    7.75245 0.0000e+00
       1718     48.773     1.9984     1.9943   2.902699   2.902225     2.1795     2.5865      8.147     3.9171   481.1606 1.0715e-01     0.1628    96.0125     7.6889     7.8062    32.7821    32.7804    26.1951    26.1940    7.75209 0.0000e+00
       1721     48.910     1.9987     1.9943   2.902708   2.902213     2.1799     2.5861      8.144     3.8967   481.0816 1.0715e-01     0.1624    96.0212     7.6894     7.8066    32.7818    32.7802    26.1948    26.1939    7.75203 0.0000e+00
       1724     49.046     1.9987     1.9943   2.902730   2.902217     2.1803     2.5861      8.144     3.9171   481.2395 1.0715e-01     0.1606    96.0647     7.6908     7.8073    32.7819    32.7801    26.1949    26.1938    7.75202 0.0000e+00
       1727     49.178     1.9989     1.9942   2.902727   2.902235     2.1799     2.5861      8.146     3.9069   481.2790 1.0715e-01     0.1606    96.0647     7.6851     7.8059    32.7817    32.7803    26.1947    26.1940    7.75200 0.0000e+00
       1730     49.309     1.9985     1.9943   2.902746   2.902251     2.1787     2.5857      8.144     3.8967   481.3579 1.0715e-01     0.1606    96.0647     7.6793     7.8016    32.7822    32.7804    26.1952    26.1941    7.75205 0.0000e+00
       1733     49.440     1.9985     1.9940   2.902731   2.902230     2.1779     2.5857      8.146     3.9069   481.3184 1.0715e-01     0.1606    96.0647     7.6764     7.8005    32.7820    32.7804    26.1950    26.1941    7.75206 0.0000e+00
       1736     49.562     1.9984     1.9934   2.902713   2.902199     2.1787     2.5865      8.146     3.8764   481.2790 1.0715e-01     0.1613    96.0473     7.6793     7.8041    32.7818    32.7806    26.1949    26.1943    7.75210 0.0000e+00
       1739     49.680     1.9979     1.9933   2.902710   2.902197     2.1783     2.5857      8.147     3.8561   379.5415 1.0715e-01     0.1610    96.0560     7.6802     7.8033    32.7823    32.7806    26.1952    26.1943    7.75218 0.0000e+00
       1742     49.799     1.9981     1.9932   2.902743   2.902202     2.1783     2.5857      8.144     3.8561     5.0433 1.0715e-01     0.1617    96.0386     7.6828     7.8061    32.7823    32.7807    26.1953    26.1944    7.75212 0.0000e+00
       1745     49.911     1.9980     1.9932   2.902747   2.902211     2.1787     2.5861      8.147     3.8357    11.9127 1.0715e-01     0.1621    96.0299     7.6869     7.8081    32.7824    32.7807    26.1954    26.1944    7.75214 0.0000e+00
       1748     50.016     1.9983     1.9937   2.902765   2.902261     2.1783     2.5849      8.144     3.8561    11.7153 1.0727e-01     0.1624    96.0212     7.6912     7.8030    32.7823    32.7808    26.1952    26.1944    7.75208 0.0000e+00
       1751     50.115     1.9986     1.9936   2.902789   2.902258     2.1779     2.5853      8.144     3.8256    11.7153 1.0715e-01     0.1617    96.0386     7.6952     7.8053    32.7822    32.7808    26.1952    26.1944    7.75203 0.0000e+00
       1754     50.213     1.9985     1.9941   2.902786   2.902288     2.1779     2.5849      8.147     3.8561    11.6363 1.0715e-01     0.1617    96.0386     7.7006     7.8056    32.7823    32.7806    26.1952    26.1942    7.75205 0.0000e+00
       1757     50.305     1.9988     1.9943   2.902798   2.902313     2.1783     2.5857      8.146     3.8561    11.7153 1.0715e-01     0.1617    96.0386     7.7046     7.8080    32.7820    32.7807    26.1950    26.1942    7.75200 0.0000e+00
       1760     50.390     1.9986     1.9944   2.902765   2.902307     2.1779     2.5857      8.146     3.8459    11.7153 1.0715e-01     0.1621    96.0299     7.7036     7.8085    32.7818    32.7804    26.1948    26.1941    7.75206 0.0000e+00
       1763     50.473     1.9982     1.9945   2.902756   2.902303     2.1783     2.5853      8.144     3.8154    11.6363 1.0727e-01     0.1606    96.0647     7.7067     7.8087    32.7820    32.7803    26.1950    26.1939    7.75212 0.0000e+00
       1766     50.552     1.9982     1.9942   2.902754   2.902308     2.1783     2.5857      8.146     3.8256   240.2200 1.0715e-01     0.1606    96.0647     7.7071     7.8097    32.7820    32.7805    26.1950    26.1942    7.75213 0.0000e+00
       1769     50.627     1.9985     1.9939   2.902791   2.902256     2.1787     2.5849      8.146     3.8154   482.1870 1.0715e-01     0.1606    96.0647     7.7098     7.8079    32.7820    32.7802    26.1951    26.1939    7.75206 0.0000e+00
       1772     50.697     1.9986     1.9935   2.902808   2.902259     2.1787     2.5849      8.144     3.8154   481.0421 1.0715e-01     0.1606    96.0647     7.7098     7.8095    32.7821    32.7806    26.1951    26.1942    7.75204 0.0000e+00
       1775     50.764     1.9985     1.9939   2.902770   2.902302     2.1791     2.5857      8.146     3.8052   481.2790 1.0715e-01     0.1606    96.0647     7.7087     7.8086    32.7818    32.7807    26.1948    26.1943    7.75208 0.0000e+00
       1778     50.828     1.9984     1.9938   2.902773   2.902309     2.1787     2.5853      8.146     3.8256   481.2395 1.0715e-01     0.1606    96.0647     7.7052     7.8056    32.7819    32.7808    26.1949    26.1944    7.75210 0.0000e+00
       1781     50.886     1.9982     1.9936   2.902780   2.902265     2.1795     2.5853      8.146     3.8154   481.2395 1.0715e-01     0.1617    96.0386     7.7067     7.8045    32.7821    32.7805    26.1951    26.1941    7.75212 0.0000e+00
       1784     50.943     1.9978     1.9931   2.902728   2.902243     2.1787     2.5849      8.146     3.8052   481.2395 1.0715e-01     0.1632    96.0038     7.7001     7.8027    32.7818    32.7807    26.1949    26.1943    7.75221 0.0000e+00
       1787     51.003     1.9981     1.9932   2.902770   2.902264     2.1787     2.5853      8.144     3.8154   481.2395 1.0715e-01     0.1632    96.0038     7.6959     7.8029    32.7821    32.7808    26.1951    26.1944    7.75215 0.0000e+00
       1790     51.061     1.9978     1.9936   2.902752   2.902281     2.1791     2.5849      8.147     3.8256   481.3184 1.0715e-01     0.1632    96.0038     7.6991     7.8014    32.7821    32.7805    26.1951    26.1942    7.75220 0.0000e+00
       1793     51.121     1.9978     1.9932   2.902750   2.902259     2.1791     2.5853      8.146     3.8256   481.2790 1.0715e-01     0.1632    96.0038     7.6996     7.8049    32.7820    32.7807    26.1950    26.1943    7.75220 0.0000e+00
       1796     51.184     1.9974     1.9929   2.902755   2.902259     2.1779     2.5849      8.146     3.8154   481.2790 1.0715e-01     0.1628    96.0125     7.6950     7.8030    32.7824    32.7809    26.1954    26.1945    7.75225 0.0000e+00
       1799     51.249     1.9977     1.9929   2.902761   2.902259     2.1783     2.5837      8.147     3.8154   481.2790 1.0715e-01     0.1628    96.0125     7.6983     7.7975    32.7822    32.7809    26.1953    26.1945    7.75222 0.0000e+00
       1802     51.312     1.9975     1.9930   2.902753   2.902246     2.1787     2.5849      8.146     3.8154   481.2790 1.0715e-01     0.1628    96.0125     7.7008     7.8025    32.7823    32.7806    26.1953    26.1943    7.75225 0.0000e+00
       1805     51.380     1.9976     1.9929   2.902761   2.902246     2.1783     2.5845      8.144     3.8256   481.3184 1.0715e-01     0.1613    96.0473     7.6991     7.8008    32.7822    32.7806    26.1952    26.1943    7.75223 0.0000e+00
       1808     51.453     1.9975     1.9930   2.902759   2.902256     2.1779     2.5841      8.146     3.8154   481.3184 1.0715e-01     0.1613    96.0473     7.7019     7.7988    32.7823    32.7806    26.1953    26.1943    7.75225 0.0000e+00
       1811     51.527     1.9977     1.9933   2.902753   2.902271     2.1779     2.5837      8.144     3.8154   481.2790 1.0715e-01     0.1610    96.0560     7.7023     7.7962    32.7820    32.7805    26.1951    26.1942    7.75223 0.0000e+00
       1814     51.606     1.9977     1.9928   2.902777   2.902264     2.1799     2.5849      8.144     3.9069   481.2790 1.0715e-01     0.1617    96.0386     7.7125     7.7983    32.7822    32.7809    26.1952    26.1945    7.75221 0.0000e+00
       1817     51.689     1.9977     1.9930   2.902789   2.902256     2.1787     2.5849      8.144     3.9680   434.7332 1.0715e-01     0.1617    96.0386     7.7124     7.7961    32.7822    32.7806    26.1953    26.1942    7.75220 0.0000e+00
       1820     51.781     1.9977     1.9931   2.902787   2.902277     2.1791     2.5841      8.147     3.9578    19.8085 1.0715e-01     0.1610    96.0560     7.7180     7.7962    32.7822    32.7806    26.1953    26.1943    7.75221 0.0000e+00
       1823     51.873     1.9977     1.9932   2.902790   2.902281     2.1791     2.5841      8.144     3.9680    -2.6551 1.0715e-01     0.1621    96.0299     7.7156     7.7949    32.7822    32.7806    26.1952    26.1942    7.75220 0.0000e+00
