Datasets/AZMP/HUD120/hud120_2020_109.cnv
* Sea-Bird SBE 9 Data File:
* FileName = C:\CTDDATA\hud120_2020_109.hex
* Software Version Seasave V 7.26.7.110
* Temperature SN = 1697
* Conductivity SN = 4216
* Number of Bytes Per Scan = 30
* Number of Voltage Words = 4
* Number of Scans Averaged by the Deck Unit = 1
* NMEA baud rate = 4800
** VESSEL/TRIP/SEQ STN:  hud120_2020_109
** LATITUDE XX XX.XX: 47 37.80 N
** LONGITUDE XX XX.XX: 052 07.20 W
** SOUNDING DEPTH (M): 0172
** PROBE TYPE: S1146
** CTD NUMBER: 079
** FORMAT: V
** COMMENTS (14 CHAR): S27-03
** BOTTLES:  10
** LEVELS: 5,10,20,30,40,50,75,100,150,BTM
** STICKERS: 440089 - 440098
** VNET: Y
** DO2: N
# nquan = 22
# nvalues = 3411                        
# units = specified
# name 0 = scan: Scan Count
# name 1 = prDM: Pressure, Digiquartz [db]
# name 2 = t090C: Temperature [ITS-90, deg C]
# name 3 = t190C: Temperature, 2 [ITS-90, deg C]
# name 4 = c0S/m: Conductivity [S/m]
# name 5 = c1S/m: Conductivity, 2 [S/m]
# name 6 = sbeox0V: Oxygen raw, SBE 43 [V]
# name 7 = sbeox1V: Oxygen raw, SBE 43, 2 [V]
# name 8 = ph: pH
# name 9 = flECO-AFL: Fluorescence, WET Labs ECO-AFL/FL [mg/m^3]
# name 10 = wetCDOM: Fluorescence, WET Labs CDOM [mg/m^3]
# name 11 = par/sat/log: PAR/Logarithmic, Satlantic [umol photons/m^2/sec]
# name 12 = CStarAt0: Beam Attenuation, WET Labs C-Star [1/m]
# name 13 = CStarTr0: Beam Transmission, WET Labs C-Star [%]
# name 14 = sbeox0ML/L: Oxygen, SBE 43 [ml/l], WS = 2
# name 15 = sbeox1ML/L: Oxygen, SBE 43, 2 [ml/l], WS = 2
# name 16 = sal00: Salinity, Practical [PSU]
# name 17 = sal11: Salinity, Practical, 2 [PSU]
# name 18 = sigma-t00: Density [sigma-t, kg/m^3 ]
# name 19 = sigma-t11: Density, 2 [sigma-t, kg/m^3 ]
# name 20 = oxsatML/L: Oxygen Saturation, Weiss [ml/l]
# name 21 = flag: flag
# span 0 =        112,      37070       
# span 1 =      0.542,    166.971       
# span 2 =    -0.5664,     3.4081       
# span 3 =    -0.5713,     3.4036       
# span 4 =   2.696968,   2.929570       
# span 5 =   2.696917,   2.929033       
# span 6 =     1.8115,     2.2218       
# span 7 =     2.1244,     2.6208       
# span 8 =      8.015,      8.189       
# span 9 =     0.9765,     5.2500       
# span 10 =    -2.8130,   482.1870      
# span 11 = 1.0328e-01, 1.0758e+00      
# span 12 =     0.0963,     0.2718      
# span 13 =    93.4309,    97.6206      
# span 14 =     6.3941,     7.7730      
# span 15 =     6.4427,     7.8635      
# span 16 =    31.6269,    33.6084      
# span 17 =    29.8316,    33.6069      
# span 18 =    25.1609,    26.9643      
# span 19 =    23.7321,    26.9633      
# span 20 =    7.53402,    8.29055      
# span 21 = 0.0000e+00, 0.0000e+00      
# interval = scans: 3                   
# start_time = Dec 01 2020 04:26:09 [System UTC, header]
# bad_flag = -9.990e-29
*END*
[from data line 2173]
      12840    120.173    -0.0763    -0.0789   2.751188   2.750790     1.9608     2.3125      8.080     1.1292     0.3453 1.0752e-01     0.1024    97.4728     7.2243     7.3075    32.9905    32.9880    26.4877    26.4858    8.17285 0.0000e+00
      12843    120.026    -0.0718    -0.0767   2.751335   2.750852     1.9608     2.3129      8.080     1.1088     0.3453 1.0740e-01     0.1024    97.4728     7.2229     7.3100    32.9877    32.9865    26.4852    26.4845    8.17203 0.0000e+00
      12846    119.878    -0.0686    -0.0732   2.751407   2.751011     1.9612     2.3125      8.082     1.1394     0.3848 1.0752e-01     0.1028    97.4641     7.2213     7.3095    32.9853    32.9849    26.4831    26.4831    8.17147 0.0000e+00
      12849    119.729    -0.0687    -0.0711   2.751410   2.751040     1.9620     2.3133      8.080     1.1088     0.4243 1.0752e-01     0.1024    97.4728     7.2256     7.3146    32.9855    32.9831    26.4833    26.4815    8.17148 0.0000e+00
      12852    119.587    -0.0676    -0.0717   2.751438   2.751003     1.9620     2.3133      8.080     1.1190     0.6217 1.0727e-01     0.1024    97.4728     7.2232     7.3130    32.9847    32.9834    26.4826    26.4817    8.17127 0.0000e+00
      12855    119.437    -0.0659    -0.0705   2.751495   2.751080     1.9612     2.3141      8.083     1.1190     0.5032 1.0740e-01     0.1024    97.4728     7.2166     7.3159    32.9838    32.9832    26.4818    26.4816    8.17096 0.0000e+00
      12858    119.290    -0.0649    -0.0683   2.751545   2.751134     1.9624     2.3145      8.080     1.1292     0.5822 1.0727e-01     0.1024    97.4728     7.2224     7.3175    32.9834    32.9816    26.4814    26.4802    8.17075 0.0000e+00
      12861    119.146    -0.0626    -0.0686   2.751554   2.751083     1.9624     2.3133      8.082     1.1292     0.5427 1.0740e-01     0.1024    97.4728     7.2227     7.3133    32.9812    32.9814    26.4795    26.4800    8.17039 0.0000e+00
      12864    119.003    -0.0643    -0.0669   2.751491   2.751113     1.9620     2.3141      8.080     1.1292     0.6217 1.0752e-01     0.1024    97.4728     7.2208     7.3151    32.9822    32.9800    26.4804    26.4788    8.17069 0.0000e+00
      12867    118.862    -0.0623    -0.0687   2.751566   2.751039     1.9620     2.3154      8.080     1.1699     0.5822 1.0740e-01     0.1024    97.4728     7.2166     7.3202    32.9811    32.9811    26.4795    26.4798    8.17032 0.0000e+00
      12870    118.728    -0.0618    -0.0696   2.751536   2.750949     1.9624     2.3154      8.080     1.1495     0.6217 1.0752e-01     0.1020    97.4815     7.2149     7.3190    32.9802    32.9809    26.4787    26.4796    8.17025 0.0000e+00
      12873    118.593    -0.0629    -0.0722   2.751501   2.750856     1.9624     2.3158      8.080     1.1394     0.5427 1.0740e-01     0.1020    97.4815     7.2139     7.3186    32.9810    32.9826    26.4794    26.4811    8.17044 0.0000e+00
      12876    118.460    -0.0658    -0.0688   2.751315   2.750978     1.9616     2.3150      8.082     1.1699     0.5427 1.0727e-01     0.1024    97.4728     7.2167     7.3124    32.9818    32.9806    26.4802    26.4793    8.17104 0.0000e+00
      12879    118.332    -0.0656    -0.0691   2.751319   2.750929     1.9632     2.3162      8.080     1.1597     0.5032 1.0740e-01     0.1017    97.4902     7.2285     7.3155    32.9817    32.9804    26.4801    26.4792    8.17100 0.0000e+00
      12882    118.209    -0.0637    -0.0671   2.751318   2.750994     1.9632     2.3166      8.085     1.1699     0.5032 1.0740e-01     0.1020    97.4815     7.2324     7.3157    32.9797    32.9791    26.4784    26.4781    8.17069 0.0000e+00
      12885    118.085    -0.0660    -0.0663   2.751267   2.751010     1.9624     2.3162      8.085     1.1495     0.5032 1.0740e-01     0.1024    97.4728     7.2359     7.3132    32.9816    32.9786    26.4801    26.4776    8.17109 0.0000e+00
      12888    117.968    -0.0639    -0.0658   2.751356   2.751026     1.9628     2.3162      8.085     1.1597     0.5032 1.0752e-01     0.1020    97.4815     7.2443     7.3089    32.9807    32.9783    26.4792    26.4773    8.17070 0.0000e+00
      12891    117.853    -0.0627    -0.0658   2.751385   2.751010     1.9624     2.3166      8.085     1.1394     0.5032 1.0752e-01     0.1020    97.4815     7.2429     7.3057    32.9798    32.9782    26.4784    26.4772    8.17048 0.0000e+00
      12894    117.744    -0.0614    -0.0664   2.751425   2.750940     1.9624     2.3166      8.085     1.1292     0.5032 1.0752e-01     0.1017    97.4902     7.2439     7.3052    32.9790    32.9780    26.4777    26.4771    8.17024 0.0000e+00
      12897    117.636    -0.0617    -0.0665   2.751379   2.750942     1.9636     2.3170      8.085     1.1292     0.5032 1.0727e-01     0.1020    97.4815     7.2459     7.3074    32.9787    32.9781    26.4775    26.4772    8.17031 0.0000e+00
      12900    117.533    -0.0617    -0.0676   2.751374   2.750915     1.9645     2.3166      8.083     1.1292     0.5032 1.0740e-01     0.1017    97.4902     7.2441     7.3069    32.9787    32.9790    26.4775    26.4780    8.17031 0.0000e+00
      12903    117.434    -0.0618    -0.0671   2.751353   2.750925     1.9649     2.3170      8.085     1.1190     0.3453 1.0727e-01     0.1020    97.4815     7.2392     7.3070    32.9786    32.9787    26.4774    26.4777    8.17035 0.0000e+00
      12906    117.340    -0.0627    -0.0673   2.751314   2.750877     1.9653     2.3170      8.083     1.1190     0.3453 1.0740e-01     0.1092    97.3077     7.2374     7.3066    32.9791    32.9783    26.4779    26.4775    8.17052 0.0000e+00
      12909    117.250    -0.0638    -0.0693   2.751256   2.750812     1.9657     2.3178      8.085     1.1190     0.3848 1.0740e-01     0.1156    97.1512     7.2343     7.3087    32.9796    32.9796    26.4783    26.4786    8.17072 0.0000e+00
      12912    117.162    -0.0640    -0.0694   2.751232   2.750773     1.9657     2.3170      8.085     1.1190     0.3848 1.0715e-01     0.1156    97.1512     7.2277     7.3042    32.9796    32.9793    26.4783    26.4783    8.17078 0.0000e+00
      12915    117.075    -0.0646    -0.0694   2.751163   2.750787     1.9649     2.3166      8.085     1.1088     0.3848 1.0752e-01     0.1152    97.1599     7.2158     7.3029    32.9793    32.9796    26.4782    26.4786    8.17092 0.0000e+00
      12918    116.991    -0.0676    -0.0687   2.751057   2.750824     1.9657     2.3178      8.085     1.1292     0.3848 1.0752e-01     0.1152    97.1599     7.2141     7.3064    32.9812    32.9793    26.4798    26.4783    8.17146 0.0000e+00
      12921    116.909    -0.0686    -0.0694   2.750951   2.750788     1.9632     2.3178      8.085     1.1088     0.3453 1.0740e-01     0.1152    97.1599     7.1970     7.3050    32.9810    32.9796    26.4797    26.4786    8.17170 0.0000e+00
      12924    116.832    -0.0705    -0.0717   2.750852   2.750616     1.9645     2.3186      8.085     1.1190     0.3453 1.0727e-01     0.1152    97.1599     7.2020     7.3093    32.9818    32.9799    26.4804    26.4789    8.17208 0.0000e+00
      12927    116.753    -0.0726    -0.0747   2.750829   2.750513     1.9636     2.3178      8.085     1.1394     0.3453 1.0740e-01     0.1060    97.3859     7.1981     7.3057    32.9837    32.9819    26.4821    26.4807    8.17241 0.0000e+00
      12930    116.674    -0.0685    -0.0722   2.750832   2.750582     1.9636     2.3178      8.085     1.1190     0.3453 1.0752e-01     0.1024    97.4728     7.1998     7.3043    32.9794    32.9801    26.4784    26.4791    8.17176 0.0000e+00
      12933    116.601    -0.0677    -0.0700   2.750832   2.750635     1.9640     2.3174      8.085     1.1190     0.3848 1.0740e-01     0.1028    97.4641     7.2064     7.3018    32.9785    32.9785    26.4777    26.4777    8.17163 0.0000e+00
      12936    116.525    -0.0650    -0.0704   2.750795   2.750625     1.9636     2.3178      8.085     1.1292     0.3453 1.0752e-01     0.1028    97.4641     7.2102     7.3057    32.9752    32.9788    26.4748    26.4780    8.17123 0.0000e+00
      12939    116.448    -0.0642    -0.0701   2.750802   2.750663     1.9636     2.3186      8.085     1.1292     0.3848 1.0740e-01     0.1024    97.4728     7.2154     7.3077    32.9745    32.9790    26.4742    26.4781    8.17110 0.0000e+00
      12942    116.370    -0.0697    -0.0704   2.750770   2.750603     1.9649     2.3178      8.085     1.1394     0.3453 1.0727e-01     0.1024    97.4728     7.2253     7.3013    32.9800    32.9786    26.4789    26.4778    8.17198 0.0000e+00
      12945    116.292    -0.0727    -0.0706   2.750756   2.750462     1.9649     2.3182      8.085     1.1597     0.3453 1.0752e-01     0.1031    97.4555     7.2278     7.3006    32.9832    32.9770    26.4816    26.4766    8.17247 0.0000e+00
      12948    116.211    -0.0710    -0.0703   2.750718   2.750394     1.9645     2.3182      8.085     1.1495     0.3848 1.0715e-01     0.1028    97.4641     7.2199     7.2983    32.9809    32.9758    26.4797    26.4755    8.17223 0.0000e+00
      12951    116.130    -0.0704    -0.0710   2.750664   2.750378     1.9645     2.3186      8.085     1.1597     0.3453 1.0752e-01     0.1024    97.4728     7.2214     7.2964    32.9795    32.9765    26.4786    26.4761    8.17217 0.0000e+00
      12954    116.047    -0.0681    -0.0713   2.750618   2.750220     1.9649     2.3182      8.085     1.1495     0.2664 1.0740e-01     0.1024    97.4728     7.2194     7.2919    32.9765    32.9747    26.4760    26.4747    8.17184 0.0000e+00
      12957    115.964    -0.0661    -0.0751   2.750650   2.749358     1.9649     2.3186      8.085     1.1495     0.1479 1.0715e-01     0.1024    97.4728     7.2150     7.2889    32.9748    32.9675    26.4746    26.4690    8.17150 0.0000e+00
      12960    115.875    -0.0666    -0.0773   2.750648   2.749028     1.9649     2.3190      8.085     1.1597     0.1479 1.0740e-01     0.1024    97.4728     7.2109     7.2846    32.9754    32.9655    26.4751    26.4675    8.17158 0.0000e+00
      12963    115.784    -0.0679    -0.0786   2.750627   2.749262     1.9649     2.3190      8.085     1.1495     0.1084 1.0727e-01     0.1024    97.4728     7.2057     7.2790    32.9765    32.9701    26.4760    26.4713    8.17179 0.0000e+00
      12966    115.690    -0.0679    -0.0815   2.750591   2.749540     1.9640     2.3178      8.085     1.1495     0.1479 1.0715e-01     0.1035    97.4468     7.1972     7.2698    32.9761    32.9770    26.4757    26.4770    8.17181 0.0000e+00
      12969    115.590    -0.0683    -0.0811   2.750533   2.749557     1.9640     2.3178      8.085     1.1190     0.1479 1.0740e-01     0.1035    97.4468     7.1956     7.2644    32.9759    32.9768    26.4755    26.4769    8.17192 0.0000e+00
      12972    115.488    -0.0684    -0.0825   2.750436   2.749017     1.9640     2.3170      8.085     1.0884     0.1479 1.0740e-01     0.1035    97.4468     7.1928     7.2578    32.9748    32.9713    26.4747    26.4725    8.17201 0.0000e+00
      12975    115.382    -0.0684    -0.0858   2.750432   2.748349     1.9645     2.3170      8.085     1.0884     0.1084 1.0727e-01     0.1035    97.4468     7.1914     7.2573    32.9748    32.9660    26.4747    26.4684    8.17201 0.0000e+00
      12978    115.272    -0.0690    -0.0849   2.750396   2.748578     1.9640     2.3170      8.085     1.0986     0.1479 1.0740e-01     0.1035    97.4468     7.1884     7.2578    32.9750    32.9682    26.4749    26.4701    8.17212 0.0000e+00
      12981    115.162    -0.0698    -0.0849   2.750395   2.748690     1.9640     2.3162      8.085     1.0783     0.2664 1.0740e-01     0.1035    97.4468     7.1900     7.2524    32.9759    32.9697    26.4756    26.4713    8.17225 0.0000e+00
      12984    115.049    -0.0728    -0.0813   2.750354   2.749147     1.9636     2.3158      8.085     1.0884     0.3453 1.0740e-01     0.1035    97.4468     7.1885     7.2504    32.9787    32.9719    26.4780    26.4729    8.17275 0.0000e+00
      12987    114.933    -0.0735    -0.0794   2.750397   2.749440     1.9636     2.3154      8.085     1.0783     0.3848 1.0715e-01     0.1028    97.4641     7.1933     7.2508    32.9800    32.9738    26.4791    26.4743    8.17281 0.0000e+00
      12990    114.814    -0.0735    -0.0797   2.750427   2.749647     1.9632     2.3154      8.085     1.0986     0.3848 1.0740e-01     0.1024    97.4728     7.1936     7.2520    32.9806    32.9769    26.4796    26.4769    8.17279 0.0000e+00
      12993    114.692    -0.0741    -0.0815   2.750112   2.749779     1.9632     2.3150      8.085     1.0783     0.3453 1.0740e-01     0.1024    97.4728     7.1957     7.2537    32.9771    32.9807    26.4767    26.4800    8.17311 0.0000e+00
      12996    114.570    -0.0819    -0.0818   2.749232   2.749898     1.9628     2.3150      8.085     1.1699     0.3453 1.0740e-01     0.1024    97.4728     7.1967     7.2605    32.9740    32.9826    26.4746    26.4816    8.17499 0.0000e+00
      12999    114.445    -0.0932    -0.0824   2.746315   2.749735     1.9628     2.3154      8.085     1.1800     0.3453 1.0740e-01     0.1024    97.4728     7.2048     7.2671    32.9477    32.9812    26.4539    26.4805    8.17893 0.0000e+00
      13002    114.319    -0.1241    -0.0853   2.742211   2.749047     1.9628     2.3154      8.085     1.1800     0.3848 1.0727e-01     0.1024    97.4728     7.2159     7.2748    32.9268    32.9753    26.4384    26.4758    8.18684 0.0000e+00
      13005    114.196    -0.1371    -0.0895   2.741068   2.748317     1.9632     2.3141      8.085     1.1800     0.3848 1.0740e-01     0.1024    97.4728     7.2250     7.2778    32.9258    32.9703    26.4382    26.4720    8.18975 0.0000e+00
      13008    114.072    -0.1468    -0.1038   2.739189   2.745284     1.9632     2.3141      8.085     1.1902     0.5032 1.0752e-01     0.1042    97.4294     7.2340     7.2917    32.9114    32.9456    26.4271    26.4528    8.19267 0.0000e+00
      13011    113.954    -0.1702    -0.1345   2.736414   2.741418     1.9636     2.3141      8.085     1.1902     0.5032 1.0740e-01     0.1038    97.4381     7.2486     7.3051    32.8999    32.9278    26.4189    26.4397    8.19844 0.0000e+00
      13014    113.835    -0.2015    -0.1657   2.732963   2.736774     1.9632     2.3133      8.085     1.1902     0.5032 1.0752e-01     0.1045    97.4207     7.2595     7.3177    32.8880    32.8999    26.4106    26.4186    8.20597 0.0000e+00
      13017    113.718    -0.2242    -0.1955   2.731163   2.733663     1.9632     2.3150      8.085     1.1902     0.5032 1.0727e-01     0.1045    97.4207     7.2687     7.3407    32.8888    32.8909    26.4123    26.4127    8.21093 0.0000e+00
      13020    113.608    -0.2363    -0.2146   2.730067   2.731967     1.9636     2.3154      8.085     1.1902     0.4637 1.0752e-01     0.1042    97.4294     7.2766     7.3533    32.8873    32.8891    26.4116    26.4121    8.21366 0.0000e+00
      13023    113.498    -0.2398    -0.2306   2.730203   2.730912     1.9636     2.3154      8.085     1.1088     0.5032 1.0740e-01     0.1038    97.4381     7.2830     7.3644    32.8929    32.8924    26.4163    26.4155    8.21411 0.0000e+00
      13026    113.391    -0.2363    -0.2372   2.730271   2.730085     1.9632     2.3154      8.085     1.1292     0.5032 1.0740e-01     0.1045    97.4207     7.2872     7.3759    32.8901    32.8886    26.4139    26.4127    8.21350 0.0000e+00
      13029    113.292    -0.2463    -0.2409   2.728638   2.729860     1.9645     2.3166      8.085     1.1190     0.5032 1.0727e-01     0.1035    97.4468     7.3037     7.3883    32.8793    32.8897    26.4057    26.4137    8.21632 0.0000e+00
      13032    113.198    -0.2970    -0.2391   2.723640   2.729898     1.9649     2.3170      8.086     1.1190     0.5032 1.0727e-01     0.1035    97.4468     7.3212     7.3939    32.8677    32.8883    26.3984    26.4125    8.22813 0.0000e+00
