Datasets/AZMP/HUD120/hud120_2020_020.cnv
* Sea-Bird SBE 9 Data File:
* FileName = C:\CTDDATA\hud120_2020_020.hex
* Software Version Seasave V 7.26.7.110
* Temperature SN = 1697
* Conductivity SN = 4216
* Number of Bytes Per Scan = 30
* Number of Voltage Words = 4
* Number of Scans Averaged by the Deck Unit = 1
* NMEA baud rate = 4800
** VESSEL/TRIP/SEQ STN:  hud120_2020_020
** LATITUDE XX XX.XX: 45 47.30 N
** LONGITUDE XX XX.XX: 052 16.00 W
** SOUNDING DEPTH (M): 0086
** PROBE TYPE: S1146
** CTD NUMBER: 010
** FORMAT: V
** COMMENTS (14 CHAR): SEGB-06
** BOTTLES:  0
** LEVELS:
** STICKERS:
** VNET: N
** DO2: N
# nquan = 22
# nvalues = 1231                        
# units = specified
# name 0 = scan: Scan Count
# name 1 = prDM: Pressure, Digiquartz [db]
# name 2 = t090C: Temperature [ITS-90, deg C]
# name 3 = t190C: Temperature, 2 [ITS-90, deg C]
# name 4 = c0S/m: Conductivity [S/m]
# name 5 = c1S/m: Conductivity, 2 [S/m]
# name 6 = sbeox0V: Oxygen raw, SBE 43 [V]
# name 7 = sbeox1V: Oxygen raw, SBE 43, 2 [V]
# name 8 = ph: pH
# name 9 = flECO-AFL: Fluorescence, WET Labs ECO-AFL/FL [mg/m^3]
# name 10 = wetCDOM: Fluorescence, WET Labs CDOM [mg/m^3]
# name 11 = par/sat/log: PAR/Logarithmic, Satlantic [umol photons/m^2/sec]
# name 12 = CStarAt0: Beam Attenuation, WET Labs C-Star [1/m]
# name 13 = CStarTr0: Beam Transmission, WET Labs C-Star [%]
# name 14 = sbeox0ML/L: Oxygen, SBE 43 [ml/l], WS = 2
# name 15 = sbeox1ML/L: Oxygen, SBE 43, 2 [ml/l], WS = 2
# name 16 = sal00: Salinity, Practical [PSU]
# name 17 = sal11: Salinity, Practical, 2 [PSU]
# name 18 = sigma-t00: Density [sigma-t, kg/m^3 ]
# name 19 = sigma-t11: Density, 2 [sigma-t, kg/m^3 ]
# name 20 = oxsatML/L: Oxygen Saturation, Weiss [ml/l]
# name 21 = flag: flag
# span 0 =          2,       5587       
# span 1 =      3.135,     76.851       
# span 2 =     1.6419,    10.7109       
# span 3 =     1.6373,    10.7050       
# span 4 =   2.864029,   3.591160       
# span 5 =   2.863580,   3.590687       
# span 6 =     1.8660,     2.1945       
# span 7 =     2.2006,     2.6057       
# span 8 =      7.874,      8.114       
# span 9 =     1.4649,     5.7893       
# span 10 =    -2.8130,   482.1870      
# span 11 = 1.0703e-01, 6.1895e-01      
# span 12 =     0.1573,     0.2614      
# span 13 =    93.6743,    96.1429      
# span 14 =     5.6754,     7.6444      
# span 15 =     5.2284,     8.0044      
# span 16 =    31.9933,    32.8983      
# span 17 =    32.0196,    33.0031      
# span 18 =    24.5906,    26.1886      
# span 19 =    24.5945,    26.3073      
# span 20 =    6.33436,    7.82932      
# span 21 = 0.0000e+00, 0.0000e+00      
# interval = scans: 3                   
# start_time = Nov 17 2020 23:56:19 [System UTC, header]
# bad_flag = -9.990e-29
*END*
[from data line 1054]
       5059     21.889    10.5544    10.5430   3.575264   3.574436     2.1856     2.5947      8.063     5.0160   481.2790 1.0715e-01     0.1911    95.3345     6.2174     6.3363    32.1141    32.1159    24.6062    24.6095    6.35704 0.0000e+00
       5062     21.777    10.5515    10.5516   3.574847   3.575443     2.1865     2.5963      8.063     4.8023   481.3579 1.0715e-01     0.1911    95.3345     6.2199     6.3392    32.1125    32.1184    24.6055    24.6100    6.35751 0.0000e+00
       5065     21.664    10.5634    10.5557   3.576557   3.575481     2.1856     2.5963      8.063     4.7718   481.3579 1.0715e-01     0.1911    95.3345     6.2148     6.3382    32.1192    32.1152    24.6086    24.6068    6.35559 0.0000e+00
       5068     21.549    10.5721    10.5559   3.577093   3.575745     2.1860     2.5959      8.063     4.7820   481.3579 1.0715e-01     0.1911    95.3345     6.2155     6.3362    32.1169    32.1177    24.6053    24.6087    6.35447 0.0000e+00
       5071     21.434    10.5692    10.5614   3.576239   3.576178     2.1856     2.5959      8.064     4.7718   481.3579 1.0715e-01     0.1911    95.3345     6.2137     6.3337    32.1109    32.1172    24.6012    24.6075    6.35511 0.0000e+00
       5074     21.318    10.5552    10.5656   3.575124   3.576685     2.1856     2.5959      8.063     4.7820   481.3579 1.0715e-01     0.1911    95.3345     6.2168     6.3327    32.1122    32.1186    24.6045    24.6078    6.35701 0.0000e+00
       5077     21.202    10.5554    10.5630   3.575434   3.576074     2.1865     2.5959      8.063     4.7820   296.9908 1.0715e-01     0.1918    95.3172     6.2207     6.3318    32.1152    32.1149    24.6069    24.6053    6.35686 0.0000e+00
       5080     21.083    10.5572    10.5559   3.575833   3.575451     2.1856     2.5955      8.064     4.7820    -0.5627 1.0715e-01     0.1929    95.2911     6.2183     6.3303    32.1177    32.1149    24.6085    24.6066    6.35651 0.0000e+00
       5083     20.967    10.5657    10.5563   3.576554   3.575968     2.1860     2.5959      8.064     4.7616     8.4385 1.0715e-01     0.1922    95.3085     6.2196     6.3304    32.1174    32.1198    24.6068    24.6103    6.35534 0.0000e+00
       5086     20.853    10.5698    10.5635   3.576997   3.576601     2.1860     2.5963      8.066     4.7006     8.0832 1.0715e-01     0.1933    95.2824     6.2193     6.3293    32.1182    32.1199    24.6067    24.6091    6.35473 0.0000e+00
       5089     20.739    10.5762    10.5714   3.577619   3.577338     2.1873     2.5959      8.063     4.3953     8.0832 1.0715e-01     0.1926    95.2998     6.2248     6.3277    32.1189    32.1203    24.6062    24.6081    6.35382 0.0000e+00
       5092     20.624    10.5739    10.5699   3.577044   3.576852     2.1865     2.5959      8.066     4.3953     8.0832 1.0715e-01     0.1929    95.2911     6.2230     6.3284    32.1152    32.1168    24.6037    24.6056    6.35429 0.0000e+00
       5095     20.512    10.5674    10.5641   3.576599   3.576183     2.1869     2.5959      8.064     4.4055     8.0832 1.0715e-01     0.1929    95.2911     6.2258     6.3301    32.1165    32.1153    24.6058    24.6054    6.35513 0.0000e+00
       5098     20.397    10.5681    10.5575   3.576637   3.575893     2.1877     2.5963      8.064     4.3953     8.0832 1.0715e-01     0.1926    95.2998     6.2278     6.3332    32.1163    32.1182    24.6056    24.6088    6.35504 0.0000e+00
       5101     20.286    10.5718    10.5671   3.577138   3.577658     2.1873     2.5959      8.066     4.4055     8.0832 1.0715e-01     0.1922    95.3085     6.2253     6.3316    32.1182    32.1275    24.6064    24.6144    6.35446 0.0000e+00
       5104     20.178    10.5782    10.5763   3.577771   3.577598     2.1877     2.5959      8.067     4.3953   317.6384 1.0715e-01     0.1922    95.3085     6.2257     6.3315    32.1189    32.1188    24.6058    24.6061    6.35354 0.0000e+00
       5107     20.074    10.5800    10.5782   3.577940   3.578085     2.1877     2.5959      8.067     4.4055   481.9106 1.0715e-01     0.1922    95.3085     6.2239     6.3314    32.1190    32.1221    24.6056    24.6083    6.35328 0.0000e+00
       5110     19.971    10.5898    10.5885   3.579041   3.578973     2.1877     2.5959      8.067     4.4055   481.0026 1.0715e-01     0.1918    95.3172     6.2200     6.3307    32.1214    32.1218    24.6058    24.6063    6.35182 0.0000e+00
       5113     19.869    10.5954    10.5881   3.579302   3.578769     2.1881     2.5963      8.067     4.6395   481.3579 1.0715e-01     0.1922    95.3085     6.2196     6.3329    32.1192    32.1203    24.6031    24.6052    6.35114 0.0000e+00
       5116     19.771    10.5961    10.5838   3.579110   3.578004     2.1885     2.5959      8.067     4.9346   481.3579 1.0715e-01     0.1922    95.3085     6.2208     6.3322    32.1166    32.1165    24.6010    24.6030    6.35114 0.0000e+00
       5119     19.677    10.5881    10.5724   3.578023   3.576897     2.1881     2.5971      8.067     4.9346   481.3579 1.0715e-01     0.1911    95.3345     6.2188     6.3380    32.1128    32.1155    24.5994    24.6042    6.35240 0.0000e+00
       5122     19.586    10.5696    10.5691   3.575979   3.576260     2.1881     2.5971      8.067     4.9346   481.3579 1.0715e-01     0.1911    95.3345     6.2203     6.3387    32.1088    32.1121    24.5995    24.6021    6.35515 0.0000e+00
       5125     19.497    10.5606    10.5619   3.576298   3.575679     2.1885     2.5975      8.067     4.9346   481.3579 1.0715e-01     0.1911    95.3345     6.2218     6.3401    32.1199    32.1126    24.6097    24.6038    6.35594 0.0000e+00
       5128     19.411    10.5795    10.5538   3.578263   3.575170     2.1885     2.5975      8.067     4.9245   481.3579 1.0715e-01     0.1911    95.3345     6.2184     6.3400    32.1229    32.1148    24.6087    24.6068    6.35319 0.0000e+00
       5131     19.330    10.5931    10.5484   3.579192   3.574471     2.1881     2.5971      8.067     4.9143   481.3579 1.0715e-01     0.1911    95.3345     6.2161     6.3391    32.1203    32.1125    24.6044    24.6060    6.35142 0.0000e+00
       5134     19.252    10.5998    10.5441   3.579682   3.574112     2.1881     2.5979      8.067     4.9245   481.3579 1.0715e-01     0.1911    95.3345     6.2150     6.3416    32.1193    32.1127    24.6025    24.6069    6.35052 0.0000e+00
       5137     19.179    10.6016    10.5450   3.579886   3.574201     2.1885     2.5971      8.067     4.9245   481.3579 1.0715e-01     0.1915    95.3258     6.2166     6.3384    32.1198    32.1129    24.6025    24.6068    6.35025 0.0000e+00
       5140     19.106    10.6012    10.5452   3.580273   3.574305     2.1885     2.5971      8.067     5.1381   481.3579 1.0715e-01     0.1933    95.2824     6.2184     6.3374    32.1240    32.1138    24.6059    24.6075    6.35014 0.0000e+00
       5143     19.036    10.6151    10.5497   3.581584   3.574710     2.1881     2.5983      8.067     5.2093   481.3579 1.0715e-01     0.1929    95.2911     6.2167     6.3396    32.1249    32.1139    24.6042    24.6069    6.34817 0.0000e+00
       5146     18.972    10.6185    10.5565   3.581674   3.575203     2.1881     2.5971      8.067     5.2093   481.3579 1.0715e-01     0.1933    95.2824     6.2169     6.3354    32.1228    32.1128    24.6020    24.6048    6.34779 0.0000e+00
       5149     18.910    10.6191    10.5723   3.581736   3.577061     2.1885     2.5971      8.067     5.2093   481.3579 1.0715e-01     0.1933    95.2824     6.2197     6.3343    32.1229    32.1175    24.6020    24.6058    6.34770 0.0000e+00
       5152     18.850    10.6220    10.5810   3.582129   3.577352     2.1885     2.5971      8.067     5.2093   481.3579 1.0715e-01     0.1933    95.2824     6.2198     6.3351    32.1243    32.1128    24.6026    24.6006    6.34724 0.0000e+00
       5155     18.791    10.6302    10.5653   3.582909   3.575800     2.1897     2.5979      8.067     5.2093   380.4100 1.0715e-01     0.1929    95.2911     6.2241     6.3413    32.1249    32.1111    24.6016    24.6020    6.34607 0.0000e+00
       5158     18.733    10.6321    10.5628   3.582945   3.576123     2.1889     2.5983      8.067     5.2093    -0.4048 1.0715e-01     0.1944    95.2563     6.2203     6.3436    32.1236    32.1166    24.6003    24.6067    6.34586 0.0000e+00
       5161     18.674    10.6301    10.5721   3.581474   3.577176     2.1893     2.5979      8.067     5.2195    -1.4312 1.0715e-01     0.1959    95.2215     6.2219     6.3435    32.1108    32.1189    24.5906    24.6069    6.34666 0.0000e+00
       5164     18.613    10.6298    10.5837   3.582373   3.578384     2.1901     2.5979      8.067     5.2093    -0.1679 1.0715e-01     0.1959    95.2215     6.2263     6.3431    32.1200    32.1208    24.5978    24.6064    6.34632 0.0000e+00
       5167     18.554    10.6287    10.5989   3.583151   3.580110     2.1901     2.5983      8.067     5.0974    -0.2074 1.0715e-01     0.1966    95.2042     6.2273     6.3432    32.1288    32.1246    24.6049    24.6068    6.34613 0.0000e+00
       5170     18.490    10.6303    10.6139   3.583750   3.581403     2.1901     2.5983      8.067     5.0872    -0.2074 1.0715e-01     0.1966    95.2042     6.2254     6.3434    32.1333    32.1243    24.6081    24.6040    6.34573 0.0000e+00
       5173     18.425    10.6331    10.6176   3.583519   3.581411     2.1901     2.5996      8.070     5.0974    -0.2074 1.0715e-01     0.1966    95.2042     6.2233     6.3474    32.1286    32.1212    24.6040    24.6009    6.34553 0.0000e+00
       5176     18.354    10.6334    10.6164   3.582922   3.581166     2.1901     2.5996      8.067     5.0872    -0.2074 1.0715e-01     0.1966    95.2042     6.2233     6.3474    32.1224    32.1198    24.5991    24.6000    6.34573 0.0000e+00
       5179     18.287    10.6315    10.6118   3.582895   3.579939     2.1905     2.5996      8.067     5.0872    -0.2074 1.0715e-01     0.1962    95.2129     6.2231     6.3481    32.1239    32.1117    24.6006    24.5945    6.34594 0.0000e+00
       5182     18.214    10.6303    10.5874   3.583369   3.577849     2.1897     2.6000      8.067     5.0771   230.5871 1.0715e-01     0.1955    95.2302     6.2181     6.3533    32.1296    32.1124    24.6053    24.5992    6.34587 0.0000e+00
       5185     18.136    10.6315    10.5722   3.582827   3.576925     2.1905     2.6008      8.067     5.0974   482.1870 1.0715e-01     0.1955    95.2302     6.2177     6.3575    32.1233    32.1166    24.6001    24.6050    6.34597 0.0000e+00
       5188     18.052    10.6305    10.5644   3.582435   3.576328     2.1917     2.6008      8.069     5.0872   481.1211 1.0715e-01     0.1955    95.2302     6.2219     6.3573    32.1203    32.1175    24.5980    24.6071    6.34623 0.0000e+00
       5191     17.963    10.6292    10.5612   3.582720   3.576402     2.1913     2.6008      8.067     5.0872   481.3579 1.0715e-01     0.1955    95.2302     6.2208     6.3561    32.1242    32.1211    24.6013    24.6105    6.34624 0.0000e+00
       5194     17.871    10.6290    10.5776   3.583109   3.578774     2.1905     2.6020      8.069     5.0974   481.3579 1.0715e-01     0.1955    95.2302     6.2171     6.3554    32.1284    32.1303    24.6045    24.6148    6.34611 0.0000e+00
       5197     17.775    10.6300    10.5956   3.583024   3.580135     2.1909     2.6016      8.069     5.0872   481.3579 1.0715e-01     0.1955    95.2302     6.2173     6.3504    32.1266    32.1282    24.6030    24.6101    6.34603 0.0000e+00
       5200     17.674    10.6315    10.6059   3.583697   3.580911     2.1913     2.6012      8.067     5.0974   481.3579 1.0715e-01     0.1959    95.2215     6.2169     6.3469    32.1321    32.1269    24.6070    24.6073    6.34561 0.0000e+00
       5203     17.567    10.6330    10.6124   3.583781   3.581326     2.1901     2.6020      8.069     5.0872   481.3579 1.0715e-01     0.1955    95.2302     6.2129     6.3476    32.1316    32.1253    24.6064    24.6050    6.34541 0.0000e+00
       5206     17.458    10.6348    10.6144   3.584036   3.581546     2.1901     2.6024      8.070     5.0872   481.3579 1.0715e-01     0.1955    95.2302     6.2131     6.3460    32.1327    32.1258    24.6069    24.6050    6.34512 0.0000e+00
       5209     17.342    10.6369    10.6157   3.584189   3.581759     2.1897     2.6020      8.069     5.0974   121.2696 1.0715e-01     0.1955    95.2302     6.2104     6.3430    32.1324    32.1268    24.6063    24.6056    6.34485 0.0000e+00
       5212     17.222    10.6382    10.6194   3.584099   3.582262     2.1913     2.6024      8.069     5.0872     3.8589 1.0715e-01     0.1955    95.2302     6.2164     6.3426    32.1304    32.1286    24.6045    24.6064    6.34475 0.0000e+00
       5215     17.098    10.6390    10.6308   3.583954   3.583914     2.1913     2.6020      8.072     5.0872     8.9518 1.0715e-01     0.1955    95.2302     6.2191     6.3390    32.1283    32.1351    24.6027    24.6094    6.34472 0.0000e+00
       5218     16.971    10.6381    10.6392   3.583402   3.583994     2.1905     2.6028      8.072     4.8532     8.7149 1.0715e-01     0.1959    95.2215     6.2180     6.3397    32.1237    32.1286    24.5993    24.6029    6.34503 0.0000e+00
       5221     16.839    10.6372    10.6244   3.583816   3.582194     2.1901     2.6024      8.072     4.6497     8.7149 1.0715e-01     0.1973    95.1868     6.2167     6.3395    32.1287    32.1237    24.6033    24.6016    6.34496 0.0000e+00
       5224     16.707    10.6390    10.6229   3.584607   3.583000     2.1905     2.6028      8.070     4.6599     8.6754 1.0715e-01     0.1973    95.1868     6.2182     6.3392    32.1349    32.1331    24.6079    24.6093    6.34445 0.0000e+00
       5227     16.573    10.6430    10.6459   3.585802   3.585891     2.1917     2.6028      8.072     4.6497     8.6754 1.0715e-01     0.1973    95.1868     6.2226     6.3342    32.1434    32.1417    24.6138    24.6120    6.34356 0.0000e+00
       5230     16.430    10.6484    10.6655   3.585998   3.587562     2.1917     2.6020      8.072     4.6395     8.6754 1.0715e-01     0.1970    95.1955     6.2214     6.3294    32.1407    32.1412    24.6107    24.6082    6.34292 0.0000e+00
       5233     16.291    10.6512    10.6784   3.586149   3.588386     2.1909     2.6024      8.072     4.6497    44.7592 1.0715e-01     0.1970    95.1955     6.2156     6.3286    32.1398    32.1381    24.6096    24.6036    6.34257 0.0000e+00
       5236     16.151    10.6529    10.6765   3.585979   3.587906     2.1909     2.6028      8.072     4.6497   454.5912 1.0715e-01     0.1977    95.1781     6.2140     6.3296    32.1366    32.1350    24.6068    24.6015    6.34246 0.0000e+00
       5239     16.009    10.6540    10.6757   3.585964   3.587969     2.1921     2.6032      8.072     4.6599   481.5554 1.0715e-01     0.1984    95.1607     6.2183     6.3313    32.1356    32.1365    24.6058    24.6028    6.34235 0.0000e+00
       5242     15.868    10.6534    10.6818   3.585855   3.588877     2.1917     2.6024      8.072     4.6395   481.2395 1.0715e-01     0.1981    95.1694     6.2173     6.3271    32.1351    32.1401    24.6055    24.6046    6.34245 0.0000e+00
       5245     15.723    10.6554    10.6836   3.586362   3.588487     2.1913     2.6020      8.072     4.5581   481.3579 1.0715e-01     0.1984    95.1607     6.2137     6.3266    32.1385    32.1348    24.6078    24.6001    6.34204 0.0000e+00
       5248     15.576    10.6578    10.6762   3.586471   3.587626     2.1913     2.6020      8.072     4.5480   481.3579 1.0715e-01     0.1988    95.1520     6.2110     6.3275    32.1374    32.1328    24.6066    24.5999    6.34174 0.0000e+00
       5251     15.431    10.6603    10.6736   3.587104   3.588004     2.1917     2.6028      8.072     4.5378   481.3579 1.0715e-01     0.1984    95.1607     6.2114     6.3301    32.1416    32.1389    24.6094    24.6051    6.34123 0.0000e+00
