Datasets/AZMP/HUD120/hud120_2020_054.cnv
* Sea-Bird SBE 9 Data File:
* FileName = C:\CTDDATA\hud120_2020_054.hex
* Software Version Seasave V 7.26.7.110
* Temperature SN = 1697
* Conductivity SN = 4216
* Number of Bytes Per Scan = 30
* Number of Voltage Words = 4
* Number of Scans Averaged by the Deck Unit = 1
* NMEA baud rate = 4800
** VESSEL/TRIP/SEQ STN:  hud120_2020_054
** LATITUDE XX XX.XX: 47 00.00 N
** LONGITUDE XX XX.XX: 044 26.00 W
** SOUNDING DEPTH (M): 0156
** PROBE TYPE: S1146
** CTD NUMBER: 033
** FORMAT: V
** COMMENTS (14 CHAR): FC-28
** BOTTLES:  0
** LEVELS: 0
** STICKERS:
** VNET: N
** DO2: N
# nquan = 22
# nvalues = 2668                        
# units = specified
# name 0 = scan: Scan Count
# name 1 = prDM: Pressure, Digiquartz [db]
# name 2 = t090C: Temperature [ITS-90, deg C]
# name 3 = t190C: Temperature, 2 [ITS-90, deg C]
# name 4 = c0S/m: Conductivity [S/m]
# name 5 = c1S/m: Conductivity, 2 [S/m]
# name 6 = sbeox0V: Oxygen raw, SBE 43 [V]
# name 7 = sbeox1V: Oxygen raw, SBE 43, 2 [V]
# name 8 = ph: pH
# name 9 = flECO-AFL: Fluorescence, WET Labs ECO-AFL/FL [mg/m^3]
# name 10 = wetCDOM: Fluorescence, WET Labs CDOM [mg/m^3]
# name 11 = par/sat/log: PAR/Logarithmic, Satlantic [umol photons/m^2/sec]
# name 12 = CStarAt0: Beam Attenuation, WET Labs C-Star [1/m]
# name 13 = CStarTr0: Beam Transmission, WET Labs C-Star [%]
# name 14 = sbeox0ML/L: Oxygen, SBE 43 [ml/l], WS = 2
# name 15 = sbeox1ML/L: Oxygen, SBE 43, 2 [ml/l], WS = 2
# name 16 = sal00: Salinity, Practical [PSU]
# name 17 = sal11: Salinity, Practical, 2 [PSU]
# name 18 = sigma-t00: Density [sigma-t, kg/m^3 ]
# name 19 = sigma-t11: Density, 2 [sigma-t, kg/m^3 ]
# name 20 = oxsatML/L: Oxygen Saturation, Weiss [ml/l]
# name 21 = flag: flag
# span 0 =         23,      10044       
# span 1 =      0.401,    152.125       
# span 2 =     3.7601,     7.0892       
# span 3 =     3.7555,     7.0852       
# span 4 =   2.913961,   3.432945       
# span 5 =   2.743341,   3.432426       
# span 6 =     1.8452,     2.2385       
# span 7 =     2.1993,     2.6911       
# span 8 =      7.918,      8.121       
# span 9 =     0.8952,     7.1324       
# span 10 =    -2.8130,   482.1870      
# span 11 = 1.0617e-01, 8.0573e-01      
# span 12 =     0.0960,     1.1394      
# span 13 =    75.2119,    97.6293      
# span 14 =     5.8753,     6.8838      
# span 15 =     6.0577,     7.1018      
# span 16 =    28.2908,    34.5457      
# span 17 =    26.5701,    34.5451      
# span 18 =    22.1310,    27.4405      
# span 19 =    20.7829,    27.4405      
# span 20 =    6.80393,    7.33172      
# span 21 = 0.0000e+00, 0.0000e+00      
# interval = scans: 3                   
# start_time = Nov 23 2020 05:16:25 [System UTC, header]
# bad_flag = -9.990e-29
*END*
[from data line 264]
       1025     28.757     7.0854     7.0812   3.382399   3.381899     2.2011     2.6484      8.118     5.8097   481.3579 1.0715e-01     0.2640    93.6135     6.7484     6.9805    33.2975    33.2961    26.0662    26.0656    6.82284 0.0000e+00
       1028     28.839     7.0853     7.0811   3.382360   3.381875     2.2002     2.6475      8.118     5.8198   481.3579 1.0715e-01     0.2640    93.6135     6.7442     6.9766    33.2971    33.2959    26.0659    26.0655    6.82287 0.0000e+00
       1031     28.928     7.0850     7.0807   3.382335   3.381853     2.2011     2.6471      8.118     5.7995   481.3184 1.0715e-01     0.2640    93.6135     6.7467     6.9757    33.2972    33.2960    26.0660    26.0656    6.82292 0.0000e+00
       1034     29.019     7.0846     7.0796   3.382326   3.381802     2.1990     2.6480      8.118     5.8097   481.3579 1.0715e-01     0.2640    93.6135     6.7380     6.9808    33.2974    33.2965    26.0662    26.0661    6.82297 0.0000e+00
       1037     29.117     7.0835     7.0782   3.382315   3.381811     2.1998     2.6475      8.118     5.8097   481.3579 1.0715e-01     0.2640    93.6135     6.7396     6.9789    33.2982    33.2979    26.0670    26.0674    6.82310 0.0000e+00
       1040     29.221     7.0834     7.0783   3.382315   3.381805     2.2006     2.6471      8.118     5.8300   481.3579 1.0715e-01     0.2640    93.6135     6.7429     6.9768    33.2983    33.2976    26.0670    26.0672    6.82312 0.0000e+00
       1043     29.328     7.0838     7.0794   3.382342   3.381828     2.2002     2.6471      8.118     6.0945   443.2212 1.0715e-01     0.2640    93.6135     6.7405     6.9762    33.2981    33.2968    26.0668    26.0664    6.82306 0.0000e+00
       1046     29.440     7.0839     7.0802   3.382375   3.381839     2.1994     2.6463      8.118     6.1047    26.7963 1.0715e-01     0.2640    93.6135     6.7372     6.9728    33.2983    33.2960    26.0671    26.0657    6.82304 0.0000e+00
       1049     29.555     7.0837     7.0805   3.382386   3.381894     2.1998     2.6475      8.118     6.1047     6.1488 1.0715e-01     0.2640    93.6135     6.7412     6.9777    33.2986    33.2964    26.0673    26.0659    6.82305 0.0000e+00
       1052     29.676     7.0848     7.0814   3.382670   3.382155     2.1982     2.6463      8.120     6.1047     7.6884 1.0715e-01     0.2640    93.6135     6.7377     6.9746    33.3006    33.2983    26.0687    26.0673    6.82280 0.0000e+00
       1055     29.801     7.0860     7.0816   3.382770   3.382161     2.1986     2.6467      8.118     6.1149     7.6095 1.0715e-01     0.2640    93.6135     6.7405     6.9742    33.3005    33.2981    26.0685    26.0671    6.82261 0.0000e+00
       1058     29.927     7.0851     7.0795   3.382692   3.382105     2.1986     2.6471      8.118     6.1149     7.6095 1.0703e-01     0.2662    93.5613     6.7424     6.9750    33.3004    33.2994    26.0685    26.0685    6.82275 0.0000e+00
       1061     30.058     7.0843     7.0774   3.382607   3.382060     2.1986     2.6459      8.118     6.1149     7.6095 1.0715e-01     0.2666    93.5526     6.7429     6.9739    33.3002    33.3010    26.0685    26.0700    6.82289 0.0000e+00
       1064     30.195     7.0857     7.0800   3.382756   3.382202     2.1986     2.6459      8.118     6.1149     7.6095 1.0715e-01     0.2669    93.5439     6.7429     6.9749    33.3004    33.2999    26.0684    26.0687    6.82266 0.0000e+00
       1067     30.332     7.0868     7.0817   3.382825   3.382280     2.1982     2.6451      8.118     5.9521     7.6095 1.0715e-01     0.2666    93.5526     6.7420     6.9722    33.3000    33.2991    26.0680    26.0679    6.82250 0.0000e+00
       1070     30.470     7.0864     7.0820   3.382875   3.382354     2.1982     2.6463      8.118     5.5858     6.8199 1.0715e-01     0.2666    93.5526     6.7442     6.9753    33.3009    33.2994    26.0687    26.0681    6.82253 0.0000e+00
       1073     30.618     7.0862     7.0823   3.382873   3.382394     2.1990     2.6459      8.118     5.5858     4.9249 1.0715e-01     0.2666    93.5526     6.7470     6.9741    33.3010    33.2995    26.0688    26.0682    6.82255 0.0000e+00
       1076     30.766     7.0863     7.0821   3.382875   3.382408     2.1994     2.6455      8.118     5.5858     5.0038 1.0715e-01     0.2669    93.5439     6.7504     6.9735    33.3009    33.2998    26.0687    26.0684    6.82254 0.0000e+00
       1079     30.913     7.0859     7.0817   3.382896   3.382403     2.1986     2.6447      8.118     5.5858     5.0038 1.0715e-01     0.2644    93.6048     6.7451     6.9708    33.3015    33.3001    26.0692    26.0687    6.82259 0.0000e+00
       1082     31.060     7.0852     7.0806   3.382896   3.382394     2.1986     2.6455      8.118     5.5858     5.0038 1.0715e-01     0.2640    93.6135     6.7464     6.9754    33.3020    33.3009    26.0697    26.0695    6.82267 0.0000e+00
       1085     31.209     7.0851     7.0799   3.382886   3.382431     2.1990     2.6459      8.118     5.5960     5.0038 1.0715e-01     0.2640    93.6135     6.7470     6.9781    33.3020    33.3020    26.0697    26.0704    6.82269 0.0000e+00
       1088     31.359     7.0842     7.0793   3.382909   3.382407     2.1970     2.6459      8.118     5.6061     5.0038 1.0715e-01     0.2640    93.6135     6.7400     6.9768    33.3029    33.3022    26.0706    26.0707    6.82278 0.0000e+00
       1091     31.511     7.0839     7.0787   3.382905   3.382367     2.1978     2.6447      8.118     5.5960     5.0038 1.0715e-01     0.2640    93.6135     6.7441     6.9719    33.3032    33.3023    26.0708    26.0708    6.82282 0.0000e+00
       1094     31.668     7.0844     7.0794   3.382936   3.382414     2.1982     2.6447      8.118     5.6977     5.0038 1.0703e-01     0.2640    93.6135     6.7449     6.9717    33.3030    33.3021    26.0706    26.0706    6.82276 0.0000e+00
       1097     31.826     7.0835     7.0787   3.382936   3.382380     2.1974     2.6447      8.118     5.7792     8.4385 1.0715e-01     0.2644    93.6048     6.7411     6.9739    33.3037    33.3023    26.0713    26.0708    6.82286 0.0000e+00
       1100     31.987     7.0833     7.0789   3.382887   3.382381     2.1982     2.6447      8.118     5.7792    11.1231 1.0715e-01     0.2647    93.5961     6.7448     6.9753    33.3034    33.3020    26.0710    26.0706    6.82292 0.0000e+00
       1103     32.144     7.0835     7.0796   3.382834   3.382336     2.1974     2.6447      8.118     5.7588    10.9257 1.0715e-01     0.2651    93.5874     6.7428     6.9743    33.3025    33.3008    26.0703    26.0696    6.82292 0.0000e+00
       1106     32.306     7.0842     7.0796   3.382785   3.382299     2.1986     2.6451      8.118     5.7792    10.9652 1.0715e-01     0.2651    93.5874     6.7484     6.9758    33.3012    33.3003    26.0692    26.0691    6.82287 0.0000e+00
       1109     32.469     7.0837     7.0793   3.382801   3.382281     2.1974     2.6443      8.118     5.7690    10.9257 1.0715e-01     0.2651    93.5874     6.7465     6.9747    33.3018    33.3004    26.0698    26.0692    6.82292 0.0000e+00
       1112     32.630     7.0824     7.0787   3.382792   3.382269     2.1982     2.6435      8.118     5.7792    10.9652 1.0715e-01     0.2651    93.5874     6.7518     6.9729    33.3028    33.3007    26.0707    26.0696    6.82308 0.0000e+00
       1115     32.792     7.0819     7.0776   3.382789   3.382307     2.1982     2.6439      8.118     5.7792    10.9652 1.0715e-01     0.2651    93.5874     6.7510     6.9755    33.3032    33.3021    26.0712    26.0708    6.82315 0.0000e+00
       1118     32.959     7.0816     7.0779   3.382806   3.382332     2.1978     2.6447      8.118     5.7690    10.9652 1.0715e-01     0.2644    93.6048     6.7490     6.9791    33.3035    33.3020    26.0715    26.0707    6.82317 0.0000e+00
       1121     33.127     7.0817     7.0773   3.382819   3.382319     2.1970     2.6447      8.118     5.6977    10.9652 1.0715e-01     0.2640    93.6135     6.7467     6.9778    33.3036    33.3024    26.0714    26.0711    6.82316 0.0000e+00
       1124     33.296     7.0817     7.0770   3.382849   3.382349     2.1974     2.6443      8.118     5.6876   404.4923 1.0715e-01     0.2640    93.6135     6.7493     6.9761    33.3038    33.3029    26.0716    26.0716    6.82314 0.0000e+00
       1127     33.466     7.0812     7.0766   3.382851   3.382357     2.1974     2.6439      8.118     5.6876   481.8712 1.0715e-01     0.2640    93.6135     6.7490     6.9749    33.3043    33.3032    26.0721    26.0719    6.82321 0.0000e+00
       1130     33.635     7.0797     7.0755   3.382862   3.382391     2.1978     2.6447      8.118     5.6977   481.0816 1.0715e-01     0.2640    93.6135     6.7528     6.9782    33.3057    33.3047    26.0734    26.0732    6.82338 0.0000e+00
       1133     33.803     7.0793     7.0746   3.382874   3.382378     2.1982     2.6439      8.118     5.6774   481.3184 1.0715e-01     0.2644    93.6048     6.7551     6.9768    33.3062    33.3053    26.0738    26.0738    6.82343 0.0000e+00
       1136     33.967     7.0790     7.0739   3.382894   3.382383     2.1978     2.6435      8.118     5.6774   481.3579 1.0715e-01     0.2644    93.6048     6.7526     6.9761    33.3065    33.3060    26.0742    26.0744    6.82345 0.0000e+00
       1139     34.127     7.0773     7.0742   3.382898   3.382399     2.1978     2.6443      8.118     5.6774   481.3579 1.0715e-01     0.2636    93.6222     6.7534     6.9776    33.3082    33.3057    26.0757    26.0741    6.82365 0.0000e+00
       1142     34.281     7.0772     7.0740   3.382905   3.382375     2.1974     2.6443      8.118     5.6876   481.3579 1.0715e-01     0.2633    93.6308     6.7528     6.9777    33.3083    33.3056    26.0758    26.0741    6.82367 0.0000e+00
       1145     34.431     7.0770     7.0738   3.382924   3.382398     2.1982     2.6427      8.118     5.6977   481.3579 1.0715e-01     0.2636    93.6222     6.7542     6.9734    33.3086    33.3060    26.0760    26.0744    6.82367 0.0000e+00
       1148     34.578     7.0764     7.0743   3.382916   3.382398     2.1978     2.6435      8.118     5.8198   415.9017 1.0715e-01     0.2636    93.6222     6.7508     6.9772    33.3091    33.3054    26.0765    26.0739    6.82376 0.0000e+00
       1151     34.720     7.0753     7.0738   3.382950   3.382412     2.1982     2.6435      8.118     5.8198    15.0315 1.0715e-01     0.2640    93.6135     6.7524     6.9773    33.3104    33.3060    26.0777    26.0744    6.82387 0.0000e+00
       1154     34.850     7.0735     7.0739   3.382979   3.382428     2.1982     2.6435      8.118     5.8097    11.5179 1.0715e-01     0.2636    93.6222     6.7545     6.9780    33.3124    33.3060    26.0795    26.0744    6.82407 0.0000e+00
       1157     34.975     7.0741     7.0728   3.382989   3.382466     2.1978     2.6435      8.118     5.7995    11.9127 1.0715e-01     0.2636    93.6222     6.7539     6.9794    33.3119    33.3074    26.0790    26.0757    6.82400 0.0000e+00
       1160     35.089     7.0735     7.0669   3.382954   3.382619     2.1970     2.6443      8.118     5.8198    11.8732 1.0715e-01     0.2651    93.5874     6.7516     6.9823    33.3120    33.3147    26.0792    26.0822    6.82409 0.0000e+00
       1163     35.196     7.0704     7.0610   3.383093   3.382718     2.1978     2.6435      8.118     5.8097    11.8337 1.0715e-01     0.2651    93.5874     6.7559     6.9802    33.3165    33.3215    26.0831    26.0883    6.82438 0.0000e+00
       1166     35.291     7.0667     7.0592   3.383123   3.382692     2.1974     2.6435      8.118     5.7995    11.8337 1.0715e-01     0.2651    93.5874     6.7554     6.9818    33.3203    33.3228    26.0867    26.0897    6.82479 0.0000e+00
       1169     35.379     7.0640     7.0572   3.383191   3.382724     2.1970     2.6435      8.118     5.7995    11.7943 1.0715e-01     0.2651    93.5874     6.7545     6.9810    33.3236    33.3251    26.0897    26.0917    6.82508 0.0000e+00
       1172     35.456     7.0621     7.0566   3.383238   3.382748     2.1974     2.6435      8.118     6.0335    11.8337 1.0715e-01     0.2651    93.5874     6.7580     6.9788    33.3260    33.3259    26.0918    26.0925    6.82528 0.0000e+00
       1175     35.523     7.0617     7.0562   3.383222   3.382743     2.1986     2.6435      8.118     6.3591   194.0690 1.0715e-01     0.2651    93.5874     6.7645     6.9774    33.3262    33.3262    26.0920    26.0927    6.82533 0.0000e+00
       1178     35.581     7.0613     7.0577   3.383212   3.382770     2.1986     2.6435      8.118     6.3693   482.1870 1.0715e-01     0.2647    93.5961     6.7684     6.9758    33.3264    33.3250    26.0922    26.0916    6.82538 0.0000e+00
       1181     35.633     7.0612     7.0565   3.383207   3.382759     2.1982     2.6431      8.118     6.3693   481.1606 1.0715e-01     0.2636    93.6222     6.7669     6.9733    33.3264    33.3260    26.0922    26.0926    6.82541 0.0000e+00
       1184     35.674     7.0611     7.0564   3.383184   3.382727     2.1978     2.6435      8.118     6.3591   481.2790 1.0715e-01     0.2633    93.6308     6.7651     6.9740    33.3262    33.3258    26.0921    26.0924    6.82542 0.0000e+00
       1187     35.707     7.0670     7.0571   3.383073   3.382698     2.1982     2.6431      8.118     6.3693   481.3579 1.0715e-01     0.2640    93.6135     6.7655     6.9725    33.3193    33.3247    26.0859    26.0915    6.82480 0.0000e+00
       1190     35.730     7.0740     7.0616   3.382964   3.382616     2.1986     2.6435      8.118     6.3591   481.3184 1.0715e-01     0.2633    93.6308     6.7665     6.9735    33.3114    33.3195    26.0786    26.0867    6.82404 0.0000e+00
       1220     35.789     7.0806     7.0737   3.382930   3.382503     2.1982     2.6423      8.118     5.7181   168.9998 1.0715e-01     0.2636    93.6222     6.7513     6.9653    33.3045    33.3066    26.0723    26.0749    6.82328 0.0000e+00
       1236     35.832     7.0825     7.0785   3.382941   3.382447     2.1978     2.6423      8.118     5.4027    12.8207 1.0715e-01     0.2640    93.6135     6.7430     6.9617    33.3028    33.3013    26.0707    26.0701    6.82306 0.0000e+00
       1239     35.862     7.0823     7.0784   3.382919   3.382441     2.1982     2.6414      8.118     5.4027    12.8602 1.0715e-01     0.2644    93.6048     6.7434     6.9570    33.3027    33.3013    26.0707    26.0701    6.82310 0.0000e+00
       1242     35.897     7.0820     7.0781   3.382933   3.382446     2.1974     2.6402      8.118     5.4129    12.8602 1.0715e-01     0.2651    93.5874     6.7409     6.9514    33.3031    33.3017    26.0711    26.0704    6.82312 0.0000e+00
       1245     35.939     7.0806     7.0758   3.382953   3.382489     2.1970     2.6406      8.118     5.4027    12.8207 1.0715e-01     0.2651    93.5874     6.7409     6.9507    33.3048    33.3043    26.0726    26.0728    6.82329 0.0000e+00
       1248     35.989     7.0794     7.0746   3.382976   3.382490     2.1974     2.6398      8.118     5.4230    12.8602 1.0715e-01     0.2651    93.5874     6.7417     6.9460    33.3061    33.3054    26.0738    26.0738    6.82341 0.0000e+00
       1251     36.051     7.0787     7.0768   3.382976   3.382461     2.1970     2.6398      8.118     5.8300    12.8996 1.0715e-01     0.2651    93.5874     6.7379     6.9438    33.3067    33.3030    26.0744    26.0717    6.82349 0.0000e+00
       1254     36.121     7.0787     7.0775   3.382982   3.382478     2.1982     2.6398      8.118     6.2065   260.7096 1.0715e-01     0.2651    93.5874     6.7414     6.9433    33.3068    33.3024    26.0744    26.0711    6.82349 0.0000e+00
       1257     36.200     7.0787     7.0771   3.382990   3.382509     2.1978     2.6398      8.118     6.2065   482.0291 1.0715e-01     0.2647    93.5961     6.7406     6.9440    33.3068    33.3031    26.0744    26.0717    6.82349 0.0000e+00
