Datasets/AZMP/HUD120/hud120_2020_092.cnv
* Sea-Bird SBE 9 Data File:
* FileName = C:\CTDDATA\hud120_2020_092.hex
* Software Version Seasave V 7.26.7.110
* Temperature SN = 1697
* Conductivity SN = 4216
* Number of Bytes Per Scan = 30
* Number of Voltage Words = 4
* Number of Scans Averaged by the Deck Unit = 1
* NMEA baud rate = 4800
** VESSEL/TRIP/SEQ STN:  hud120_2020_092
** LATITUDE XX XX.XX: 49 11.40 N
** LONGITUDE XX XX.XX: 051 32.50 W
** SOUNDING DEPTH (M): 0318
** PROBE TYPE: S1146
** CTD NUMBER: 069
** FORMAT: V
** COMMENTS (14 CHAR): BB-07
** BOTTLES:  11
** LEVELS: 5,10,20,30,40,50,75,100,150,250,BTM
** STICKERS: 439987 - 439997
** VNET: Y
** DO2: N
# nquan = 22
# nvalues = 6816                        
# units = specified
# name 0 = scan: Scan Count
# name 1 = prDM: Pressure, Digiquartz [db]
# name 2 = t090C: Temperature [ITS-90, deg C]
# name 3 = t190C: Temperature, 2 [ITS-90, deg C]
# name 4 = c0S/m: Conductivity [S/m]
# name 5 = c1S/m: Conductivity, 2 [S/m]
# name 6 = sbeox0V: Oxygen raw, SBE 43 [V]
# name 7 = sbeox1V: Oxygen raw, SBE 43, 2 [V]
# name 8 = ph: pH
# name 9 = flECO-AFL: Fluorescence, WET Labs ECO-AFL/FL [mg/m^3]
# name 10 = wetCDOM: Fluorescence, WET Labs CDOM [mg/m^3]
# name 11 = par/sat/log: PAR/Logarithmic, Satlantic [umol photons/m^2/sec]
# name 12 = CStarAt0: Beam Attenuation, WET Labs C-Star [1/m]
# name 13 = CStarTr0: Beam Transmission, WET Labs C-Star [%]
# name 14 = sbeox0ML/L: Oxygen, SBE 43 [ml/l], WS = 2
# name 15 = sbeox1ML/L: Oxygen, SBE 43, 2 [ml/l], WS = 2
# name 16 = sal00: Salinity, Practical [PSU]
# name 17 = sal11: Salinity, Practical, 2 [PSU]
# name 18 = sigma-t00: Density [sigma-t, kg/m^3 ]
# name 19 = sigma-t11: Density, 2 [sigma-t, kg/m^3 ]
# name 20 = oxsatML/L: Oxygen Saturation, Weiss [ml/l]
# name 21 = flag: flag
# span 0 =         62,      50181       
# span 1 =      0.228,    310.051       
# span 2 =     0.5826,     2.7383       
# span 3 =     0.5766,     2.7338       
# span 4 =   2.806127,   3.111860       
# span 5 =   2.815583,   3.111340       
# span 6 =     1.8208,     2.2372       
# span 7 =     2.1365,     2.6135       
# span 8 =      8.021,      8.145       
# span 9 =     0.8850,     5.1585       
# span 10 =    -2.8130,   482.1870      
# span 11 = 1.0703e-01, 7.0222e-01      
# span 12 =     0.0842,     0.4231      
# span 13 =    89.9627,    97.9162      
# span 14 =     6.0783,     8.2701      
# span 15 =     6.1402,     7.9739      
# span 16 =    31.8660,    34.4452      
# span 17 =    31.9885,    34.4433      
# span 18 =    25.4795,    27.4658      
# span 19 =    25.5779,    27.4647      
# span 20 =    7.52319,    7.99501      
# span 21 = 0.0000e+00, 0.0000e+00      
# interval = scans: 3                   
# start_time = Nov 28 2020 09:01:06 [System UTC, header]
# bad_flag = -9.990e-29
*END*
[from data line 5992]
      34508     53.060     1.6747     1.6711   2.865242   2.864812     2.1748     2.5828      8.140     4.1003   481.4369 1.0715e-01     0.1726    95.7778     7.7678     7.8945    32.6462    32.6444    26.1093    26.1082    7.82407 0.0000e+00
      34511     53.003     1.6750     1.6714   2.865268   2.864832     2.1748     2.5824      8.140     4.0901   481.2395 1.0715e-01     0.1726    95.7778     7.7691     7.8922    32.6462    32.6445    26.1093    26.1081    7.82400 0.0000e+00
      34514     52.942     1.6743     1.6710   2.865246   2.864779     2.1744     2.5833      8.139     4.1104   481.2395 1.0715e-01     0.1726    95.7778     7.7685     7.8927    32.6466    32.6443    26.1097    26.1080    7.82412 0.0000e+00
      34517     52.877     1.6748     1.6704   2.865252   2.864769     2.1744     2.5837      8.140     4.0901   481.2395 1.0715e-01     0.1722    95.7865     7.7694     7.8936    32.6463    32.6448    26.1094    26.1084    7.82405 0.0000e+00
      34520     52.812     1.6756     1.6707   2.865284   2.864782     2.1740     2.5828      8.139     4.0494   481.3184 1.0715e-01     0.1719    95.7952     7.7674     7.8895    32.6460    32.6446    26.1091    26.1083    7.82391 0.0000e+00
      34523     52.745     1.6743     1.6707   2.865170   2.864765     2.1740     2.5837      8.139     4.0290   481.2790 1.0715e-01     0.1715    95.8039     7.7651     7.8933    32.6458    32.6445    26.1090    26.1082    7.82416 0.0000e+00
      34526     52.677     1.6734     1.6702   2.865119   2.864723     2.1744     2.5828      8.140     4.0392   481.3184 1.0715e-01     0.1715    95.8039     7.7644     7.8911    32.6462    32.6445    26.1094    26.1082    7.82433 0.0000e+00
      34529     52.608     1.6738     1.6698   2.865165   2.864712     2.1748     2.5849      8.139     4.0290   289.9240 1.0715e-01     0.1715    95.8039     7.7652     7.8992    32.6464    32.6448    26.1095    26.1085    7.82424 0.0000e+00
      34532     52.540     1.6741     1.6697   2.865184   2.864683     2.1748     2.5837      8.140     4.0392     7.0962 1.0715e-01     0.1715    95.8039     7.7657     7.8931    32.6464    32.6446    26.1095    26.1084    7.82419 0.0000e+00
      34535     52.474     1.6745     1.6696   2.865172   2.864674     2.1752     2.5837      8.140     4.0392    19.3347 1.0715e-01     0.1715    95.8039     7.7680     7.8890    32.6458    32.6447    26.1090    26.1084    7.82412 0.0000e+00
      34538     52.401     1.6745     1.6697   2.865181   2.864695     2.1744     2.5828      8.139     4.0188    18.7426 1.0715e-01     0.1711    95.8126     7.7643     7.8813    32.6460    32.6448    26.1091    26.1085    7.82412 0.0000e+00
      34541     52.327     1.6748     1.6705   2.865224   2.864713     2.1744     2.5837      8.139     4.0392    18.7426 1.0715e-01     0.1736    95.7518     7.7654     7.8848    32.6463    32.6443    26.1094    26.1080    7.82405 0.0000e+00
      34544     52.252     1.6751     1.6699   2.865227   2.864688     2.1744     2.5841      8.140     4.0290    18.7426 1.0715e-01     0.1733    95.7605     7.7663     7.8842    32.6460    32.6446    26.1092    26.1084    7.82400 0.0000e+00
      34547     52.179     1.6757     1.6699   2.865295   2.864690     2.1740     2.5849      8.140     4.0087    18.7426 1.0715e-01     0.1736    95.7518     7.7621     7.8851    32.6463    32.6447    26.1093    26.1084    7.82386 0.0000e+00
      34550     52.106     1.6761     1.6700   2.865273   2.864684     2.1744     2.5837      8.140     4.0087    18.7426 1.0715e-01     0.1736    95.7518     7.7620     7.8786    32.6457    32.6446    26.1088    26.1084    7.82382 0.0000e+00
      34553     52.034     1.6753     1.6697   2.865250   2.864671     2.1748     2.5828      8.140     4.0188    18.7426 1.0715e-01     0.1736    95.7518     7.7637     7.8739    32.6462    32.6447    26.1093    26.1085    7.82394 0.0000e+00
      34556     51.962     1.6745     1.6695   2.865172   2.864657     2.1748     2.5828      8.140     4.0087     4.8459 1.0727e-01     0.1736    95.7518     7.7634     7.8777    32.6461    32.6448    26.1093    26.1085    7.82412 0.0000e+00
      34559     51.889     1.6746     1.6694   2.865182   2.864642     2.1740     2.5828      8.140     3.9985    -1.1943 1.0715e-01     0.1736    95.7518     7.7612     7.8785    32.6462    32.6448    26.1093    26.1086    7.82410 0.0000e+00
      34562     51.819     1.6748     1.6697   2.865197   2.864665     2.1744     2.5828      8.140     4.0087    -0.9180 1.0715e-01     0.1736    95.7518     7.7658     7.8743    32.6462    32.6448    26.1093    26.1085    7.82405 0.0000e+00
      34565     51.751     1.6749     1.6698   2.865204   2.864663     2.1752     2.5837      8.140     3.9985    -0.9180 1.0715e-01     0.1736    95.7518     7.7709     7.8739    32.6463    32.6447    26.1093    26.1084    7.82403 0.0000e+00
      34568     51.683     1.6748     1.6695   2.865181   2.864638     2.1748     2.5824      8.140     4.0087    -0.9180 1.0715e-01     0.1736    95.7518     7.7715     7.8691    32.6461    32.6447    26.1092    26.1085    7.82406 0.0000e+00
      34571     51.620     1.6744     1.6692   2.865169   2.864614     2.1744     2.5833      8.140     4.0087    -0.9180 1.0715e-01     0.1736    95.7518     7.7692     7.8739    32.6463    32.6448    26.1094    26.1085    7.82412 0.0000e+00
      34574     51.560     1.6743     1.6692   2.865166   2.864610     2.1744     2.5824      8.139     3.9985    -0.9180 1.0715e-01     0.1736    95.7518     7.7686     7.8739    32.6464    32.6448    26.1095    26.1086    7.82413 0.0000e+00
      34577     51.500     1.6749     1.6690   2.865195   2.864596     2.1744     2.5833      8.140     4.0188    -0.9180 1.0715e-01     0.1736    95.7518     7.7701     7.8767    32.6463    32.6448    26.1094    26.1086    7.82403 0.0000e+00
      34580     51.445     1.6755     1.6691   2.865231   2.864592     2.1744     2.5837      8.140     4.0087    -0.4837 1.0715e-01     0.1740    95.7431     7.7710     7.8765    32.6461    32.6447    26.1092    26.1085    7.82391 0.0000e+00
      34583     51.392     1.6752     1.6691   2.865202   2.864594     2.1748     2.5828      8.140     4.0087     9.2281 1.0715e-01     0.1743    95.7344     7.7732     7.8708    32.6461    32.6447    26.1092    26.1085    7.82398 0.0000e+00
      34586     51.342     1.6747     1.6690   2.865162   2.864598     2.1748     2.5812      8.140     3.9985     9.8993 1.0715e-01     0.1743    95.7344     7.7707     7.8627    32.6461    32.6449    26.1092    26.1087    7.82406 0.0000e+00
      34589     51.295     1.6742     1.6691   2.865102   2.864604     2.1756     2.5820      8.140     4.0087     9.8598 1.0715e-01     0.1743    95.7344     7.7751     7.8666    32.6459    32.6449    26.1091    26.1086    7.82418 0.0000e+00
      34592     51.248     1.6740     1.6690   2.865127   2.864591     2.1756     2.5824      8.140     4.0087     9.8598 1.0715e-01     0.1740    95.7431     7.7765     7.8698    32.6464    32.6449    26.1095    26.1086    7.82419 0.0000e+00
      34595     51.205     1.6744     1.6690   2.865138   2.864577     2.1744     2.5820      8.140     4.0087     9.8598 1.0715e-01     0.1747    95.7257     7.7721     7.8680    32.6462    32.6447    26.1093    26.1085    7.82413 0.0000e+00
      34598     51.168     1.6742     1.6690   2.865140   2.864585     2.1756     2.5824      8.140     4.1409     9.8598 1.0715e-01     0.1740    95.7431     7.7797     7.8693    32.6465    32.6448    26.1095    26.1086    7.82416 0.0000e+00
      34601     51.130     1.6737     1.6692   2.865114   2.864608     2.1756     2.5812      8.140     4.2325     9.8993 1.0715e-01     0.1729    95.7691     7.7795     7.8643    32.6466    32.6450    26.1098    26.1087    7.82424 0.0000e+00
      34604     51.094     1.6737     1.6692   2.865086   2.864581     2.1752     2.5816      8.139     4.2224     9.8598 1.0715e-01     0.1729    95.7691     7.7758     7.8684    32.6464    32.6446    26.1095    26.1084    7.82427 0.0000e+00
      34607     51.062     1.6736     1.6692   2.865093   2.864574     2.1752     2.5812      8.140     4.2325   117.1243 1.0715e-01     0.1726    95.7778     7.7737     7.8703    32.6466    32.6446    26.1097    26.1084    7.82428 0.0000e+00
      34610     51.032     1.6738     1.6691   2.865067   2.864589     2.1748     2.5816      8.140     4.2122   481.9106 1.0715e-01     0.1726    95.7778     7.7712     7.8735    32.6461    32.6448    26.1093    26.1086    7.82426 0.0000e+00
      34613     51.003     1.6735     1.6691   2.865083   2.864570     2.1756     2.5816      8.140     4.2325   480.7658 1.0715e-01     0.1729    95.7691     7.7754     7.8724    32.6466    32.6446    26.1097    26.1084    7.82430 0.0000e+00
      34616     50.977     1.6735     1.6692   2.865083   2.864595     2.1752     2.5820      8.140     4.2122   481.2000 1.0715e-01     0.1726    95.7778     7.7761     7.8749    32.6466    32.6450    26.1097    26.1087    7.82429 0.0000e+00
      34620     50.942     1.6726     1.6692   2.865015   2.864581     2.1764     2.5812      8.139     4.2122   481.2790 1.0715e-01     0.1747    95.7257     7.7813     7.8760    32.6467    32.6447    26.1098    26.1085    7.82446 0.0000e+00
      34627     50.890     1.6709     1.6686   2.864893   2.864564     2.1760     2.5812      8.140     4.6700   481.2790 1.0715e-01     0.1758    95.6996     7.7819     7.8788    32.6469    32.6452    26.1101    26.1089    7.82479 0.0000e+00
      34633     50.852     1.6711     1.6680   2.864896   2.864551     2.1760     2.5816      8.139     4.8532   328.4161 1.0715e-01     0.1754    95.7083     7.7823     7.8812    32.6467    32.6456    26.1100    26.1093    7.82476 0.0000e+00
      34637     50.820     1.6713     1.6673   2.864898   2.864533     2.1760     2.5812      8.140     4.8735    -0.3653 1.0715e-01     0.1751    95.7170     7.7810     7.8822    32.6466    32.6462    26.1099    26.1098    7.82473 0.0000e+00
      34640     50.798     1.6715     1.6673   2.864914   2.864531     2.1768     2.5816      8.140     4.8532     7.2542 1.0715e-01     0.1758    95.6996     7.7820     7.8873    32.6466    32.6461    26.1099    26.1098    7.82469 0.0000e+00
      34651     50.752     1.6719     1.6673   2.864926   2.864521     2.1760     2.5824      8.140     4.8227     5.8724 1.0715e-01     0.1762    95.6909     7.7746     7.8920    32.6463    32.6461    26.1096    26.1097    7.82462 0.0000e+00
      34670     50.681     1.6726     1.6673   2.864972   2.864437     2.1772     2.5837      8.140     4.7311     3.8195 1.0715e-01     0.1780    95.6475     7.7774     7.8970    32.6463    32.6450    26.1095    26.1089    7.82449 0.0000e+00
      34673     50.652     1.6721     1.6674   2.864943   2.864454     2.1764     2.5837      8.140     4.7311     3.8195 1.0715e-01     0.1780    95.6475     7.7752     7.8951    32.6465    32.6451    26.1097    26.1090    7.82459 0.0000e+00
      34676     50.618     1.6719     1.6681   2.864935   2.864468     2.1764     2.5820      8.140     4.5276     3.8195 1.0715e-01     0.1780    95.6475     7.7760     7.8866    32.6466    32.6447    26.1098    26.1085    7.82462 0.0000e+00
      34679     50.579     1.6723     1.6674   2.864949   2.864430     2.1768     2.5824      8.140     4.3445     3.8195 1.0715e-01     0.1784    95.6388     7.7778     7.8880    32.6464    32.6449    26.1096    26.1088    7.82454 0.0000e+00
      34682     50.532     1.6722     1.6669   2.864833   2.864430     2.1772     2.5837      8.140     4.3546     3.8195 1.0715e-01     0.1740    95.7431     7.7787     7.8920    32.6451    32.6455    26.1086    26.1093    7.82464 0.0000e+00
      34685     50.481     1.6722     1.6671   2.864592   2.864457     2.1764     2.5824      8.140     4.3546     4.8459 1.0715e-01     0.1726    95.7778     7.7766     7.8871    32.6420    32.6457    26.1061    26.1094    7.82480 0.0000e+00
      34688     50.423     1.6715     1.6673   2.864869   2.864421     2.1768     2.5833      8.140     4.3546    14.1630 1.0715e-01     0.1729    95.7691     7.7776     7.8916    32.6462    32.6450    26.1096    26.1088    7.82471 0.0000e+00
      34691     50.363     1.6711     1.6664   2.864862   2.864352     2.1772     2.5833      8.140     4.3241    14.3604 1.0715e-01     0.1726    95.7778     7.7769     7.8894    32.6466    32.6451    26.1099    26.1090    7.82477 0.0000e+00
      34694     50.301     1.6720     1.6666   2.864882   2.864373     2.1768     2.5824      8.140     4.3546    14.3604 1.0715e-01     0.1726    95.7778     7.7757     7.8858    32.6459    32.6452    26.1093    26.1091    7.82462 0.0000e+00
      34697     50.239     1.6715     1.6664   2.864871   2.864338     2.1772     2.5833      8.140     4.3445    14.3604 1.0715e-01     0.1726    95.7778     7.7792     7.8916    32.6464    32.6450    26.1097    26.1089    7.82471 0.0000e+00
      34700     50.175     1.6718     1.6661   2.864855   2.864329     2.1772     2.5833      8.140     4.3343    14.3604 1.0715e-01     0.1736    95.7518     7.7758     7.8929    32.6459    32.6452    26.1093    26.1091    7.82467 0.0000e+00
      34703     50.116     1.6696     1.6664   2.864743   2.864338     2.1768     2.5837      8.140     4.1308    14.3604 1.0715e-01     0.1762    95.6909     7.7730     7.8926    32.6468    32.6451    26.1101    26.1089    7.82506 0.0000e+00
      34706     50.058     1.6709     1.6658   2.864852   2.864276     2.1764     2.5837      8.140     4.0698    14.3604 1.0715e-01     0.1762    95.6909     7.7706     7.8928    32.6468    32.6449    26.1101    26.1089    7.82479 0.0000e+00
      34709     50.001     1.6704     1.6652   2.864778   2.864246     2.1772     2.5837      8.140     4.0698    14.3604 1.0715e-01     0.1762    95.6909     7.7753     7.8932    32.6465    32.6452    26.1098    26.1092    7.82492 0.0000e+00
      34712     49.947     1.6700     1.6650   2.864770   2.864196     2.1768     2.5833      8.139     4.0698   161.4988 1.0715e-01     0.1758    95.6996     7.7707     7.8892    32.6468    32.6448    26.1101    26.1088    7.82498 0.0000e+00
      34715     49.898     1.6700     1.6649   2.864785   2.864227     2.1768     2.5833      8.140     4.0596   482.1870 1.0715e-01     0.1758    95.6996     7.7688     7.8891    32.6470    32.6453    26.1103    26.1093    7.82497 0.0000e+00
      34718     49.859     1.6698     1.6648   2.864725   2.864208     2.1772     2.5837      8.140     4.0698   480.9632 1.0715e-01     0.1762    95.6909     7.7727     7.8889    32.6466    32.6453    26.1100    26.1092    7.82505 0.0000e+00
      34721     49.825     1.6687     1.6646   2.864654   2.864192     2.1772     2.5837      8.140     4.0596   481.2790 1.0715e-01     0.1754    95.7083     7.7740     7.8877    32.6468    32.6452    26.1102    26.1092    7.82525 0.0000e+00
      34724     49.794     1.6687     1.6647   2.864690   2.864196     2.1764     2.5837      8.139     4.0799   481.2790 1.0715e-01     0.1743    95.7344     7.7707     7.8892    32.6473    32.6452    26.1106    26.1092    7.82523 0.0000e+00
      34868     49.772     1.6714     1.6661   2.864855   2.864324     2.1760     2.5837      8.140     3.8154   464.3030 1.0715e-01     0.1733    95.7605     7.7672     7.8812    32.6465    32.6453    26.1098    26.1092    7.82472 0.0000e+00
      34871     49.736     1.6712     1.6661   2.864808   2.864333     2.1772     2.5837      8.140     3.8256    41.2456 1.0715e-01     0.1733    95.7605     7.7726     7.8791    32.6462    32.6455    26.1096    26.1093    7.82477 0.0000e+00
      34874     49.707     1.6710     1.6659   2.864847   2.864302     2.1768     2.5841      8.140     3.8256    -0.6811 1.0715e-01     0.1733    95.7605     7.7757     7.8793    32.6469    32.6453    26.1101    26.1092    7.82478 0.0000e+00
