Datasets/AZMP/HUD120/hud120_2020_082.cnv
* Sea-Bird SBE 9 Data File:
* FileName = C:\CTDDATA\hud120_2020_082.hex
* Software Version Seasave V 7.26.7.110
* Temperature SN = 1697
* Conductivity SN = 4216
* Number of Bytes Per Scan = 30
* Number of Voltage Words = 4
* Number of Scans Averaged by the Deck Unit = 1
* NMEA baud rate = 4800
** VESSEL/TRIP/SEQ STN:  hud120_2020_082
** LATITUDE XX XX.XX: 47 00.00 N
** LONGITUDE XX XX.XX W: 052 49.90 W
** SOUNDING DEPTH (M): 0107
** PROBE TYPE: S1146
** CTD NUMBER: 061
** FORMAT: V
** COMMENTS (14 CHAR): FC-01
** BOTTLES:  8
** LEVELS: 5,10,20,30,40,50,75,BTM
** STICKERS: 439930 - 439937
** VNET: Y
** DO2: N
# nquan = 22
# nvalues = 2824                        
# units = specified
# name 0 = scan: Scan Count
# name 1 = prDM: Pressure, Digiquartz [db]
# name 2 = t090C: Temperature [ITS-90, deg C]
# name 3 = t190C: Temperature, 2 [ITS-90, deg C]
# name 4 = c0S/m: Conductivity [S/m]
# name 5 = c1S/m: Conductivity, 2 [S/m]
# name 6 = sbeox0V: Oxygen raw, SBE 43 [V]
# name 7 = sbeox1V: Oxygen raw, SBE 43, 2 [V]
# name 8 = ph: pH
# name 9 = flECO-AFL: Fluorescence, WET Labs ECO-AFL/FL [mg/m^3]
# name 10 = wetCDOM: Fluorescence, WET Labs CDOM [mg/m^3]
# name 11 = par/sat/log: PAR/Logarithmic, Satlantic [umol photons/m^2/sec]
# name 12 = CStarAt0: Beam Attenuation, WET Labs C-Star [1/m]
# name 13 = CStarTr0: Beam Transmission, WET Labs C-Star [%]
# name 14 = sbeox0ML/L: Oxygen, SBE 43 [ml/l], WS = 2
# name 15 = sbeox1ML/L: Oxygen, SBE 43, 2 [ml/l], WS = 2
# name 16 = sal00: Salinity, Practical [PSU]
# name 17 = sal11: Salinity, Practical, 2 [PSU]
# name 18 = sigma-t00: Density [sigma-t, kg/m^3 ]
# name 19 = sigma-t11: Density, 2 [sigma-t, kg/m^3 ]
# name 20 = oxsatML/L: Oxygen Saturation, Weiss [ml/l]
# name 21 = flag: flag
# span 0 =         44,      33619       
# span 1 =      0.760,    102.468       
# span 2 =     1.2517,     4.1363       
# span 3 =     1.2536,     4.1322       
# span 4 =   2.806955,   2.976465       
# span 5 =   2.806868,   2.975960       
# span 6 =     2.1030,     2.2108       
# span 7 =     2.4994,     2.6328       
# span 8 =      8.105,      8.154       
# span 9 =     1.1902,     3.0420       
# span 10 =    -2.8130,   482.1870      
# span 11 = 1.0497e-01, 6.9409e-01      
# span 12 =     0.1060,     0.1498      
# span 13 =    96.3255,    97.3859      
# span 14 =     7.3245,     7.6114      
# span 15 =     7.2942,     7.7925      
# span 16 =    31.5422,    32.3202      
# span 17 =    31.5409,    32.3182      
# span 18 =    25.0255,    25.8756      
# span 19 =    25.0255,    25.8738      
# span 20 =    7.40653,    7.92779      
# span 21 = 0.0000e+00, 0.0000e+00      
# interval = scans: 3                   
# start_time = Nov 27 2020 05:04:09 [System UTC, header]
# bad_flag = -9.990e-29
*END*
[from data line 2107]
      12949     40.443     3.4868     3.4737   2.943446   2.942337     2.1838     2.5994      8.138     1.7905    54.2342 1.0727e-01     0.1217    97.0035     7.4408     7.5915    31.7847    31.7843    25.2769    25.2778    7.51556 0.0000e+00
      12952     40.402     3.4874     3.4756   2.943461   2.942531     2.1834     2.5994      8.138     1.7804   458.5785 1.0715e-01     0.1217    97.0035     7.4389     7.5891    31.7843    31.7847    25.2765    25.2779    7.51547 0.0000e+00
      12955     40.371     3.4877     3.4775   2.943497   2.942594     2.1838     2.5994      8.138     1.7804   481.5554 1.0715e-01     0.1217    97.0035     7.4404     7.5857    31.7844    31.7836    25.2766    25.2768    7.51541 0.0000e+00
      14377     40.331     3.4987     3.4913   2.944171   2.943451     2.1838     2.6010      8.141     1.7702   481.2000 1.0715e-01     0.1221    96.9948     7.4451     7.5927    31.7817    31.7803    25.2735    25.2730    7.51348 0.0000e+00
      15089     40.250     3.5034     3.4982   2.944440   2.943892     2.1850     2.6023      8.141     1.7397   481.3579 1.0715e-01     0.1217    97.0035     7.4550     7.5984    31.7803    31.7788    25.2720    25.2713    7.51266 0.0000e+00
      15092     40.161     3.5040     3.4996   2.944456   2.943979     2.1858     2.6010      8.141     1.7499   481.3579 1.0715e-01     0.1206    97.0295     7.4595     7.5955    31.7800    31.7786    25.2717    25.2710    7.51257 0.0000e+00
      15095     40.067     3.5048     3.5023   2.944564   2.944136     2.1858     2.6014      8.138     1.7499   481.3579 1.0715e-01     0.1210    97.0208     7.4575     7.5954    31.7805    31.7779    25.2719    25.2701    7.51238 0.0000e+00
      15098     39.969     3.5091     3.5054   2.944738   2.944267     2.1858     2.6027      8.138     1.7499   192.8846 1.0715e-01     0.1210    97.0208     7.4522     7.5987    31.7785    31.7765    25.2700    25.2687    7.51169 0.0000e+00
      15101     39.868     3.5120     3.5080   2.944849   2.944380     2.1842     2.6019      8.141     1.7397     7.0962 1.0715e-01     0.1231    96.9687     7.4430     7.5960    31.7769    31.7753    25.2685    25.2676    7.51121 0.0000e+00
      15104     39.767     3.5147     3.5107   2.944969   2.944516     2.1846     2.6019      8.139     1.7499    14.9526 1.0715e-01     0.1231    96.9687     7.4444     7.5948    31.7758    31.7743    25.2673    25.2665    7.51077 0.0000e+00
      15107     39.663     3.5164     3.5126   2.945026   2.944561     2.1846     2.6023      8.139     1.7804    14.5973 1.0715e-01     0.1235    96.9600     7.4472     7.5953    31.7749    31.7731    25.2664    25.2654    7.51049 0.0000e+00
      15110     39.559     3.5168     3.5142   2.945058   2.944618     2.1850     2.6023      8.141     1.7804    14.5973 1.0715e-01     0.1231    96.9687     7.4480     7.5939    31.7750    31.7722    25.2665    25.2645    7.51042 0.0000e+00
      15113     39.451     3.5180     3.5147   2.945049   2.944611     2.1862     2.6027      8.142     1.7804    14.5973 1.0715e-01     0.1231    96.9687     7.4511     7.5967    31.7737    31.7717    25.2654    25.2641    7.51025 0.0000e+00
      15116     39.342     3.5182     3.5144   2.945038   2.944549     2.1858     2.6027      8.142     1.7702    14.5973 1.0715e-01     0.1231    96.9687     7.4486     7.5963    31.7734    31.7714    25.2651    25.2638    7.51023 0.0000e+00
      15119     39.232     3.5185     3.5144   2.945010   2.944545     2.1846     2.6023      8.142     1.7905    14.5973 1.0715e-01     0.1242    96.9426     7.4457     7.5919    31.7729    31.7713    25.2647    25.2638    7.51021 0.0000e+00
      15122     39.123     3.5188     3.5171   2.945053   2.944711     2.1846     2.6023      8.142     1.7804    17.8740 1.0715e-01     0.1256    96.9079     7.4459     7.5900    31.7731    31.7708    25.2648    25.2631    7.51013 0.0000e+00
      15125     39.017     3.5229     3.5220   2.945265   2.944950     2.1854     2.6023      8.142     1.7905   421.4288 1.0715e-01     0.1260    96.8992     7.4478     7.5910    31.7717    31.7688    25.2633    25.2612    7.50943 0.0000e+00
      15128     38.910     3.5249     3.5253   2.945349   2.945106     2.1858     2.6023      8.141     1.7702   481.3974 1.0715e-01     0.1256    96.9079     7.4458     7.5885    31.7708    31.7675    25.2625    25.2597    7.50911 0.0000e+00
      15131     38.804     3.5266     3.5288   2.945498   2.945315     2.1862     2.6019      8.141     1.7702   481.0421 1.0715e-01     0.1253    96.9165     7.4465     7.5861    31.7710    31.7666    25.2624    25.2587    7.50878 0.0000e+00
      15134     38.702     3.5316     3.5318   2.945719   2.945430     2.1858     2.6027      8.142     1.7905   481.3184 1.0727e-01     0.1253    96.9165     7.4427     7.5893    31.7688    31.7651    25.2602    25.2573    7.50795 0.0000e+00
      15137     38.602     3.5343     3.5335   2.945848   2.945551     2.1854     2.6031      8.139     1.7702   481.3579 1.0715e-01     0.1249    96.9252     7.4422     7.5916    31.7677    31.7650    25.2591    25.2571    7.50750 0.0000e+00
      15140     38.504     3.5367     3.5345   2.946004   2.945539     2.1854     2.6023      8.142     1.7702   481.3184 1.0715e-01     0.1260    96.8992     7.4451     7.5893    31.7673    31.7639    25.2586    25.2560    7.50707 0.0000e+00
      15143     38.409     3.5385     3.5340   2.946074   2.945552     2.1858     2.6023      8.141     1.7804   481.3579 1.0715e-01     0.1260    96.8992     7.4462     7.5923    31.7664    31.7646    25.2578    25.2566    7.50678 0.0000e+00
      15146     38.313     3.5410     3.5367   2.946192   2.945717     2.1846     2.6023      8.142     1.8007   481.3579 1.0715e-01     0.1260    96.8992     7.4393     7.5936    31.7654    31.7640    25.2567    25.2560    7.50636 0.0000e+00
      15149     38.225     3.5399     3.5388   2.946114   2.945802     2.1850     2.6031      8.142     1.7905   402.1630 1.0715e-01     0.1260    96.8992     7.4413     7.5972    31.7656    31.7629    25.2570    25.2549    7.50656 0.0000e+00
      15152     38.140     3.5417     3.5408   2.946259   2.945907     2.1854     2.6023      8.142     1.7702    10.3730 1.0715e-01     0.1260    96.8992     7.4406     7.5958    31.7657    31.7623    25.2568    25.2542    7.50622 0.0000e+00
      15155     38.058     3.5442     3.5417   2.946373   2.945937     2.1858     2.6031      8.142     1.7804    11.8732 1.0715e-01     0.1260    96.8992     7.4442     7.5977    31.7646    31.7618    25.2557    25.2537    7.50580 0.0000e+00
      15158     37.976     3.5458     3.5410   2.946457   2.945882     2.1858     2.6031      8.142     1.7193    11.9521 1.0715e-01     0.1260    96.8992     7.4448     7.5961    31.7640    31.7619    25.2551    25.2539    7.50552 0.0000e+00
      15161     37.896     3.5472     3.5412   2.946489   2.945912     2.1862     2.6031      8.139     1.7091    11.9916 1.0727e-01     0.1264    96.8905     7.4470     7.5956    31.7632    31.7621    25.2543    25.2540    7.50532 0.0000e+00
      15164     37.821     3.5475     3.5408   2.946522   2.945858     2.1862     2.6027      8.142     1.7295    11.9521 1.0715e-01     0.1260    96.8992     7.4470     7.5938    31.7632    31.7619    25.2544    25.2539    7.50524 0.0000e+00
      15167     37.750     3.5497     3.5382   2.946654   2.945757     2.1854     2.6047      8.140     1.7091    11.9521 1.0715e-01     0.1260    96.8992     7.4443     7.5997    31.7628    31.7633    25.2538    25.2552    7.50487 0.0000e+00
      15170     37.680     3.5500     3.5404   2.946610   2.945880     2.1867     2.6039      8.142     1.7193    11.9521 1.0715e-01     0.1260    96.8992     7.4486     7.5944    31.7620    31.7626    25.2531    25.2545    7.50485 0.0000e+00
      15173     37.614     3.5498     3.5419   2.946645   2.945952     2.1858     2.6039      8.140     1.7091    11.9916 1.0715e-01     0.1260    96.8992     7.4435     7.5944    31.7626    31.7621    25.2536    25.2539    7.50485 0.0000e+00
      15176     37.552     3.5510     3.5430   2.946696   2.946007     2.1854     2.6043      8.142     1.7193   211.9135 1.0715e-01     0.1264    96.8905     7.4387     7.5963    31.7620    31.7616    25.2531    25.2535    7.50465 0.0000e+00
      15179     37.491     3.5513     3.5418   2.946680   2.945874     2.1862     2.6035      8.142     1.7091   482.1870 1.0715e-01     0.1264    96.8905     7.4414     7.5932    31.7616    31.7613    25.2528    25.2534    7.50462 0.0000e+00
      15182     37.432     3.5516     3.5374   2.946687   2.945655     2.1858     2.6035      8.142     1.7193   481.0816 1.0715e-01     0.1267    96.8818     7.4407     7.5931    31.7615    31.7630    25.2526    25.2551    7.50458 0.0000e+00
      15185     37.380     3.5525     3.5394   2.946744   2.945817     2.1858     2.6031      8.142     1.7702   481.2790 1.0715e-01     0.1260    96.8992     7.4426     7.5918    31.7612    31.7630    25.2523    25.2549    7.50441 0.0000e+00
      15188     37.330     3.5518     3.5412   2.946691   2.945878     2.1871     2.6035      8.142     1.7600   481.2790 1.0715e-01     0.1264    96.8905     7.4479     7.5919    31.7613    31.7620    25.2524    25.2539    7.50454 0.0000e+00
      15191     37.282     3.5509     3.5382   2.946665   2.945682     2.1858     2.6035      8.142     1.7702   481.2790 1.0715e-01     0.1260    96.8992     7.4419     7.5927    31.7619    31.7626    25.2530    25.2547    7.50468 0.0000e+00
      15194     37.238     3.5528     3.5366   2.946793   2.945662     2.1858     2.6035      8.142     1.7804   481.3184 1.0727e-01     0.1267    96.8818     7.4406     7.5940    31.7616    31.7639    25.2526    25.2559    7.50434 0.0000e+00
      15197     37.194     3.5539     3.5365   2.946788   2.945685     2.1867     2.6047      8.140     1.7702   481.3579 1.0715e-01     0.1260    96.8992     7.4488     7.5983    31.7605    31.7644    25.2516    25.2563    7.50419 0.0000e+00
      15200     37.155     3.5544     3.5376   2.946850   2.945736     2.1858     2.6047      8.142     1.7804   481.3184 1.0727e-01     0.1267    96.8818     7.4444     7.6012    31.7607    31.7639    25.2517    25.2558    7.50408 0.0000e+00
      15203     37.116     3.5558     3.5377   2.946933   2.945705     2.1862     2.6047      8.142     1.7804   148.3128 1.0715e-01     0.1271    96.8731     7.4467     7.6022    31.7604    31.7634    25.2514    25.2554    7.50384 0.0000e+00
      15206     37.079     3.5570     3.5396   2.947001   2.945795     2.1871     2.6039      8.142     1.7804     3.2668 1.0715e-01     0.1264    96.8905     7.4506     7.5989    31.7600    31.7627    25.2510    25.2546    7.50363 0.0000e+00
      15209     37.048     3.5573     3.5406   2.947000   2.945831     2.1867     2.6047      8.142     1.8312     8.8728 1.0715e-01     0.1271    96.8731     7.4472     7.5998    31.7597    31.7621    25.2507    25.2542    7.50359 0.0000e+00
      15212     37.014     3.5576     3.5387   2.946989   2.945749     2.1858     2.6047      8.142     1.8923     8.5570 1.0715e-01     0.1260    96.8992     7.4423     7.5984    31.7594    31.7631    25.2504    25.2550    7.50356 0.0000e+00
      15215     36.983     3.5572     3.5390   2.946970   2.945734     2.1862     2.6047      8.142     1.9025     8.5570 1.0715e-01     0.1267    96.8818     7.4474     7.5973    31.7595    31.7626    25.2505    25.2546    7.50362 0.0000e+00
      15220     36.942     3.5574     3.5389   2.947000   2.945713     2.1875     2.6043      8.142     1.9025     8.5570 1.0715e-01     0.1271    96.8731     7.4517     7.5933    31.7598    31.7625    25.2507    25.2545    7.50358 0.0000e+00
      15223     36.916     3.5578     3.5386   2.947047   2.945734     2.1871     2.6055      8.142     1.8923     8.5570 1.0715e-01     0.1282    96.8470     7.4513     7.5977    31.7600    31.7630    25.2508    25.2550    7.50349 0.0000e+00
      15226     36.889     3.5579     3.5392   2.947036   2.945753     2.1871     2.6047      8.140     1.9126     8.5570 1.0715e-01     0.1285    96.8383     7.4507     7.5950    31.7597    31.7627    25.2506    25.2547    7.50349 0.0000e+00
      15229     36.862     3.5582     3.5401   2.947073   2.945833     2.1871     2.6051      8.142     1.9126   305.4788 1.0715e-01     0.1285    96.8383     7.4506     7.5934    31.7598    31.7628    25.2507    25.2546    7.50341 0.0000e+00
      15235     36.823     3.5592     3.5415   2.947142   2.945887     2.1867     2.6047      8.142     1.9839   481.4764 1.0727e-01     0.1282    96.8470     7.4494     7.5898    31.7597    31.7621    25.2504    25.2540    7.50323 0.0000e+00
      15240     36.785     3.5586     3.5418   2.947109   2.945952     2.1875     2.6055      8.142     2.0449   481.3184 1.0715e-01     0.1285    96.8383     7.4501     7.5924    31.7600    31.7625    25.2507    25.2543    7.50334 0.0000e+00
      15246     36.743     3.5589     3.5452   2.947137   2.946065     2.1875     2.6047      8.142     2.0551   481.3579 1.0715e-01     0.1275    96.8644     7.4479     7.5880    31.7600    31.7606    25.2508    25.2525    7.50328 0.0000e+00
      15250     36.711     3.5595     3.5447   2.947156   2.946054     2.1879     2.6047      8.142     2.0551   481.3184 1.0715e-01     0.1282    96.8470     7.4513     7.5873    31.7596    31.7610    25.2504    25.2529    7.50318 0.0000e+00
      15253     36.688     3.5590     3.5435   2.947121   2.945988     2.1875     2.6035      8.142     2.0551   474.3306 1.0715e-01     0.1278    96.8557     7.4488     7.5836    31.7597    31.7614    25.2505    25.2532    7.50327 0.0000e+00
      15256     36.662     3.5595     3.5440   2.947145   2.946007     2.1879     2.6047      8.142     2.0551    54.8264 1.0715e-01     0.1278    96.8557     7.4495     7.5894    31.7595    31.7612    25.2503    25.2530    7.50318 0.0000e+00
      15259     36.638     3.5595     3.5451   2.947114   2.946058     2.1875     2.6051      8.142     2.0551     0.8585 1.0715e-01     0.1275    96.8644     7.4467     7.5907    31.7592    31.7607    25.2501    25.2525    7.50321 0.0000e+00
      15262     36.614     3.5596     3.5476   2.947105   2.946209     2.1875     2.6047      8.142     1.9635     3.8590 1.0715e-01     0.1271    96.8731     7.4443     7.5899    31.7590    31.7600    25.2499    25.2518    7.50320 0.0000e+00
      15265     36.588     3.5603     3.5495   2.947185   2.946285     2.1867     2.6047      8.142     1.9330     3.7010 1.0715e-01     0.1271    96.8731     7.4393     7.5906    31.7592    31.7591    25.2500    25.2509    7.50305 0.0000e+00
      15268     36.559     3.5620     3.5493   2.947247   2.946262     2.1879     2.6047      8.142     1.9330     3.7405 1.0715e-01     0.1271    96.8731     7.4448     7.5890    31.7584    31.7590    25.2492    25.2508    7.50278 0.0000e+00
      15271     36.529     3.5634     3.5484   2.947360   2.946217     2.1879     2.6051      8.142     1.9228     3.7405 1.0715e-01     0.1264    96.8905     7.4467     7.5894    31.7584    31.7594    25.2491    25.2512    7.50252 0.0000e+00
      15274     36.498     3.5632     3.5470   2.947357   2.946202     2.1883     2.6039      8.142     1.9330     3.7010 1.0715e-01     0.1264    96.8905     7.4500     7.5851    31.7586    31.7606    25.2493    25.2524    7.50255 0.0000e+00
      15277     36.464     3.5634     3.5492   2.947346   2.946332     2.1871     2.6051      8.142     1.9228     3.7010 1.0715e-01     0.1264    96.8905     7.4467     7.5856    31.7582    31.7601    25.2489    25.2517    7.50252 0.0000e+00
      15280     36.433     3.5635     3.5502   2.947330   2.946302     2.1879     2.6051      8.142     1.9228     5.0038 1.0727e-01     0.1267    96.8818     7.4496     7.5825    31.7580    31.7587    25.2487    25.2505    7.50252 0.0000e+00
