Datasets/AZMP/HUD120/hud120_2020_018.cnv
* Sea-Bird SBE 9 Data File:
* FileName = C:\CTDDATA\hud120_2020_018.hex
* Software Version Seasave V 7.26.7.110
* Temperature SN = 1697
* Conductivity SN = 4216
* Number of Bytes Per Scan = 30
* Number of Voltage Words = 4
* Number of Scans Averaged by the Deck Unit = 1
* NMEA baud rate = 4800
** VESSEL/TRIP/SEQ STN:  hud120_2020_018
** LATITUDE XX XX.XX: 46 12.50 N
** LONGITUDE XX XX.XX: 052 36.50 W
** SOUNDING DEPTH (M): 0131
** PROBE TYPE: S1146
** CTD NUMBER: 008
** FORMAT: V
** COMMENTS (14 CHAR): SEGB-04
** BOTTLES:  0
** LEVELS:
** STICKERS:
** VNET: Y
** DO2: N
# nquan = 22
# nvalues = 2118                        
# units = specified
# name 0 = scan: Scan Count
# name 1 = prDM: Pressure, Digiquartz [db]
# name 2 = t090C: Temperature [ITS-90, deg C]
# name 3 = t190C: Temperature, 2 [ITS-90, deg C]
# name 4 = c0S/m: Conductivity [S/m]
# name 5 = c1S/m: Conductivity, 2 [S/m]
# name 6 = sbeox0V: Oxygen raw, SBE 43 [V]
# name 7 = sbeox1V: Oxygen raw, SBE 43, 2 [V]
# name 8 = ph: pH
# name 9 = flECO-AFL: Fluorescence, WET Labs ECO-AFL/FL [mg/m^3]
# name 10 = wetCDOM: Fluorescence, WET Labs CDOM [mg/m^3]
# name 11 = par/sat/log: PAR/Logarithmic, Satlantic [umol photons/m^2/sec]
# name 12 = CStarAt0: Beam Attenuation, WET Labs C-Star [1/m]
# name 13 = CStarTr0: Beam Transmission, WET Labs C-Star [%]
# name 14 = sbeox0ML/L: Oxygen, SBE 43 [ml/l], WS = 2
# name 15 = sbeox1ML/L: Oxygen, SBE 43, 2 [ml/l], WS = 2
# name 16 = sal00: Salinity, Practical [PSU]
# name 17 = sal11: Salinity, Practical, 2 [PSU]
# name 18 = sigma-t00: Density [sigma-t, kg/m^3 ]
# name 19 = sigma-t11: Density, 2 [sigma-t, kg/m^3 ]
# name 20 = oxsatML/L: Oxygen Saturation, Weiss [ml/l]
# name 21 = flag: flag
# span 0 =          2,       8497       
# span 1 =      1.193,    123.656       
# span 2 =    -0.7193,     8.7296       
# span 3 =    -0.7279,     8.7257       
# span 4 =   2.693867,   3.405193       
# span 5 =   2.693345,   3.404804       
# span 6 =     1.7956,     2.2035       
# span 7 =     2.0906,     2.6318       
# span 8 =      7.788,      8.075       
# span 9 =     0.9765,     6.7458       
# span 10 =    -2.8130,   482.1870      
# span 11 = 1.0715e-01, 9.0397e+01      
# span 12 =     0.0640,     0.2399      
# span 13 =    94.1785,    98.4116      
# span 14 =     5.8462,     8.2488      
# span 15 =     5.8377,     8.3605      
# span 16 =    31.9278,    33.2851      
# span 17 =    31.9404,    33.2858      
# span 18 =    24.7890,    26.7368      
# span 19 =    24.7902,    26.7376      
# span 20 =    6.62493,    8.31725      
# span 21 = 0.0000e+00, 0.0000e+00      
# interval = scans: 3                   
# start_time = Nov 17 2020 19:26:10 [System UTC, header]
# bad_flag = -9.990e-29
*END*
[from data line 1844]
       7531     26.027     8.5018     8.4754   3.384403   3.381974     2.1812     2.5879      8.009     5.1890     7.4910 8.9926e-01     0.2120    94.8391     6.5192     6.6572    31.9942    31.9927    24.8407    24.8434    6.65996 0.0000e+00
       7534     25.957     8.5125     8.4834   3.385221   3.382529     2.1804     2.5887      8.009     5.5044     7.4910 9.0866e-01     0.2120    94.8391     6.5137     6.6580    31.9931    31.9913    24.8383    24.8412    6.65838 0.0000e+00
       7537     25.878     8.5152     8.4809   3.385043   3.382447     2.1812     2.5891      8.009     5.5350     7.4910 9.1077e-01     0.2120    94.8391     6.5171     6.6586    31.9888    31.9928    24.8345    24.8427    6.65816 0.0000e+00
       7540     25.794     8.5138     8.5016   3.384750   3.384122     2.1812     2.5899      8.011     5.5350     7.4910 9.1817e-01     0.2120    94.8391     6.5164     6.6566    31.9871    31.9915    24.8333    24.8387    6.65844 0.0000e+00
       7543     25.702     8.5105     8.5069   3.384172   3.384845     2.1808     2.5907      8.011     5.5350    84.1988 9.2244e-01     0.2116    94.8478     6.5150     6.6575    31.9840    31.9944    24.8315    24.8401    6.65907 0.0000e+00
       7546     25.602     8.5071     8.5125   3.384186   3.384921     2.1808     2.5907      8.009     5.5451   473.8964 9.2777e-01     0.2087    94.9173     6.5154     6.6554    31.9873    31.9902    24.8345    24.8360    6.65945 0.0000e+00
       7549     25.498     8.4890     8.5000   3.382271   3.383530     2.1816     2.5907      8.011     5.5248   481.3974 9.3531e-01     0.2087    94.9173     6.5201     6.6558    31.9837    31.9869    24.8344    24.8353    6.66234 0.0000e+00
       7552     25.388     8.4825     8.4921   3.382114   3.383215     2.1816     2.5911      8.011     5.5350   481.1605 9.4182e-01     0.2087    94.9173     6.5201     6.6574    31.9880    31.9909    24.8387    24.8396    6.66315 0.0000e+00
       7555     25.271     8.4818     8.4851   3.382343   3.382428     2.1812     2.5915      8.011     5.5350   481.2395 9.4949e-01     0.2087    94.9173     6.5200     6.6579    31.9911    31.9890    24.8412    24.8391    6.66312 0.0000e+00
       7558     25.149     8.4986     8.4789   3.384239   3.381986     2.1816     2.5923      8.012     5.4739   481.2395 9.6053e-01     0.2087    94.9173     6.5197     6.6602    31.9958    31.9900    24.8425    24.8408    6.66038 0.0000e+00
       7561     25.021     8.5115     8.4748   3.384899   3.381674     2.1824     2.5923      8.011     5.1585   481.2395 9.6833e-01     0.2087    94.9173     6.5211     6.6581    31.9911    31.9905    24.8369    24.8418    6.65863 0.0000e+00
       7564     24.885     8.5178     8.4699   3.385285   3.381221     2.1816     2.5932      8.014     5.1585   481.2395 9.7847e-01     0.2098    94.8912     6.5177     6.6596    31.9894    31.9903    24.8346    24.8424    6.65774 0.0000e+00
       7567     24.740     8.5244     8.4735   3.385836   3.382143     2.1820     2.5932      8.012     5.1585   481.2395 9.9213e-01     0.2120    94.8391     6.5172     6.6584    31.9894    31.9968    24.8336    24.8469    6.65675 0.0000e+00
       7570     24.586     8.5301     8.4900   3.386331   3.383696     2.1824     2.5936      8.012     5.1483   481.2395 1.0025e+00     0.2120    94.8391     6.5174     6.6571    31.9894    31.9982    24.8328    24.8456    6.65588 0.0000e+00
       7573     24.427     8.5313     8.5106   3.386187   3.385132     2.1820     2.5936      8.014     5.1585   481.2395 1.0153e+00     0.2120    94.8391     6.5154     6.6522    31.9869    31.9947    24.8306    24.8398    6.65581 0.0000e+00
       7576     24.263     8.5309     8.5193   3.386202   3.385544     2.1829     2.5936      8.014     5.1483   481.2395 1.0391e+00     0.2120    94.8391     6.5183     6.6491    31.9875    31.9911    24.8312    24.8357    6.65584 0.0000e+00
       7579     24.092     8.5309     8.5241   3.386174   3.385880     2.1829     2.5940      8.014     5.1483   481.2395 1.0549e+00     0.2120    94.8391     6.5179     6.6472    31.9873    31.9904    24.8309    24.8344    6.65585 0.0000e+00
       7582     23.919     8.5313     8.5255   3.386182   3.385925     2.1833     2.5944      8.014     5.1483   481.2395 1.0908e+00     0.2120    94.8391     6.5177     6.6458    31.9871    31.9896    24.8307    24.8336    6.65580 0.0000e+00
       7585     23.743     8.5317     8.5263   3.386173   3.385939     2.1829     2.5936      8.014     4.9041   481.2395 1.1189e+00     0.2120    94.8391     6.5147     6.6415    31.9867    31.9891    24.8304    24.8331    6.65576 0.0000e+00
       7588     23.565     8.5316     8.5262   3.386118   3.385909     2.1833     2.5944      8.014     4.6090   481.2395 1.1438e+00     0.2124    94.8304     6.5160     6.6421    31.9863    31.9890    24.8301    24.8330    6.65579 0.0000e+00
       7591     23.382     8.5315     8.5265   3.386129   3.385948     2.1824     2.5952      8.014     4.6293   481.2395 1.1638e+00     0.2127    94.8217     6.5109     6.6427    31.9866    31.9892    24.8303    24.8331    6.65579 0.0000e+00
       7594     23.197     8.5315     8.5268   3.386136   3.385934     2.1837     2.5952      8.014     4.6192   481.2395 1.1814e+00     0.2131    94.8130     6.5154     6.6406    31.9867    31.9889    24.8304    24.8328    6.65578 0.0000e+00
       7597     23.005     8.5320     8.5267   3.386110   3.385936     2.1833     2.5948      8.014     4.6395   158.5773 1.2217e+00     0.2127    94.8217     6.5133     6.6382    31.9861    31.9891    24.8298    24.8330    6.65574 0.0000e+00
       7600     22.811     8.5319     8.5270   3.386091   3.385927     2.1833     2.5948      8.014     4.6192    11.7548 1.2663e+00     0.2124    94.8304     6.5115     6.6372    31.9861    31.9888    24.8299    24.8327    6.65575 0.0000e+00
       7603     22.616     8.5316     8.5270   3.386080   3.385919     2.1833     2.5948      8.014     4.6293    17.9530 1.2989e+00     0.2131    94.8130     6.5114     6.6354    31.9863    31.9888    24.8300    24.8327    6.65579 0.0000e+00
       7606     22.419     8.5325     8.5271   3.386125   3.385918     2.1837     2.5944      8.014     4.6293    17.6766 1.3400e+00     0.2131    94.8130     6.5122     6.6325    31.9861    31.9888    24.8298    24.8327    6.65566 0.0000e+00
       7609     22.230     8.5332     8.5275   3.386161   3.385932     2.1829     2.5948      8.014     4.6293    17.6766 1.3762e+00     0.2131    94.8130     6.5095     6.6330    31.9859    31.9887    24.8295    24.8326    6.65556 0.0000e+00
       7612     22.039     8.5334     8.5280   3.386140   3.385950     2.1833     2.5948      8.014     4.5073    17.6766 1.4364e+00     0.2131    94.8130     6.5108     6.6308    31.9856    31.9885    24.8293    24.8324    6.65555 0.0000e+00
       7615     21.848     8.5335     8.5281   3.386126   3.385945     2.1833     2.5936      8.014     4.4564    17.6766 1.4597e+00     0.2131    94.8130     6.5109     6.6275    31.9855    31.9884    24.8292    24.8322    6.65554 0.0000e+00
       7618     21.664     8.5330     8.5281   3.386078   3.385897     2.1841     2.5944      8.014     4.4767    17.6766 1.5131e+00     0.2131    94.8130     6.5143     6.6314    31.9854    31.9881    24.8292    24.8320    6.65561 0.0000e+00
       7621     21.488     8.5335     8.5280   3.386097   3.385852     2.1837     2.5948      8.014     4.4869    34.2183 1.5756e+00     0.2131    94.8130     6.5140     6.6351    31.9853    31.9877    24.8290    24.8317    6.65554 0.0000e+00
       7624     21.314     8.5336     8.5279   3.386083   3.385837     2.1833     2.5948      8.014     4.4666   440.8130 1.6198e+00     0.2127    94.8217     6.5124     6.6367    31.9851    31.9878    24.8288    24.8318    6.65554 0.0000e+00
       7627     21.143     8.5330     8.5277   3.385971   3.385810     2.1837     2.5940      8.014     4.4666   481.5553 1.6616e+00     0.2127    94.8217     6.5133     6.6356    31.9846    31.9877    24.8286    24.8317    6.65566 0.0000e+00
       7630     20.983     8.5328     8.5278   3.385976   3.385775     2.1833     2.5940      8.014     4.4666   481.0026 1.7083e+00     0.2127    94.8217     6.5121     6.6359    31.9849    31.9874    24.8288    24.8315    6.65567 0.0000e+00
       7633     20.832     8.5327     8.5278   3.385933   3.385743     2.1841     2.5948      8.014     4.4767   481.1211 1.7523e+00     0.2127    94.8217     6.5162     6.6392    31.9846    31.9870    24.8286    24.8312    6.65569 0.0000e+00
       7636     20.691     8.5323     8.5276   3.385838   3.385721     2.1837     2.5940      8.014     4.4869   481.1211 1.7850e+00     0.2131    94.8130     6.5158     6.6382    31.9840    31.9870    24.8282    24.8313    6.65578 0.0000e+00
       7639     20.560     8.5318     8.5268   3.385823   3.385625     2.1845     2.5948      8.014     4.7413   481.1211 1.8225e+00     0.2124    94.8304     6.5195     6.6420    31.9844    31.9869    24.8286    24.8312    6.65584 0.0000e+00
       7642     20.438     8.5318     8.5265   3.385804   3.385630     2.1845     2.5952      8.014     4.7922   481.1211 1.8695e+00     0.2131    94.8130     6.5197     6.6448    31.9842    31.9872    24.8284    24.8316    6.65585 0.0000e+00
       7645     20.324     8.5318     8.5265   3.385767   3.385576     2.1841     2.5960      8.014     4.7922   481.1211 1.9221e+00     0.2131    94.8130     6.5209     6.6487    31.9839    31.9867    24.8282    24.8312    6.65586 0.0000e+00
       7648     20.221     8.5316     8.5263   3.385730   3.385541     2.1841     2.5956      8.014     4.7820   376.3832 1.9467e+00     0.2131    94.8130     6.5218     6.6478    31.9837    31.9865    24.8281    24.8310    6.65589 0.0000e+00
       7651     20.130     8.5309     8.5262   3.385689   3.385515     2.1841     2.5956      8.014     4.7820     0.6612 1.9670e+00     0.2131    94.8130     6.5230     6.6489    31.9839    31.9864    24.8283    24.8309    6.65599 0.0000e+00
       7654     20.050     8.5305     8.5259   3.385675   3.385424     2.1845     2.5948      8.014     4.7922     5.5961 1.9922e+00     0.2135    94.8043     6.5265     6.6452    31.9842    31.9857    24.8286    24.8305    6.65604 0.0000e+00
       7657     19.981     8.5302     8.5231   3.385556   3.384766     2.1853     2.5956      8.014     4.7718     5.9908 2.0154e+00     0.2131    94.8130     6.5308     6.6478    31.9833    31.9814    24.8280    24.8275    6.65614 0.0000e+00
       7660     19.921     8.5261     8.4986   3.385192   3.382595     2.1853     2.5964      8.014     4.7922     5.9513 2.0341e+00     0.2131    94.8130     6.5335     6.6551    31.9832    31.9810    24.8285    24.8308    6.65676 0.0000e+00
       7663     19.873     8.5246     8.4889   3.384993   3.382373     2.1853     2.5960      8.014     4.9753     5.9513 2.0435e+00     0.2131    94.8130     6.5331     6.6550    31.9825    31.9874    24.8282    24.8373    6.65702 0.0000e+00
       7666     19.836     8.5224     8.4916   3.384809   3.382562     2.1853     2.5976      8.016     5.5553     5.9513 2.0721e+00     0.2186    94.6826     6.5339     6.6592    31.9826    31.9870    24.8285    24.8366    6.65733 0.0000e+00
       7669     19.810     8.5171     8.4964   3.384090   3.382990     2.1861     2.5968      8.016     5.5451     5.9513 2.1010e+00     0.2208    94.6305     6.5390     6.6553    31.9799    31.9871    24.8272    24.8360    6.65825 0.0000e+00
       7690     19.754     8.5163     8.5073   3.384222   3.383773     2.1873     2.5976      8.016     5.3213     4.2932 2.1529e+00     0.2179    94.7000     6.5368     6.6515    31.9820    31.9855    24.8290    24.8331    6.65828 0.0000e+00
       7702     19.712     8.5201     8.5118   3.384566   3.384101     2.1877     2.5984      8.017     5.2195     9.2676 2.1878e+00     0.2160    94.7435     6.5347     6.6497    31.9822    31.9849    24.8286    24.8319    6.65770 0.0000e+00
       7705     19.678     8.5195     8.5110   3.384529   3.384041     2.1881     2.5984      8.019     5.2093    10.9652 2.2005e+00     0.2153    94.7609     6.5369     6.6482    31.9824    31.9849    24.8288    24.8321    6.65779 0.0000e+00
       7708     19.631     8.5202     8.5111   3.384614   3.384060     2.1885     2.5984      8.019     5.1992    10.8073 2.2158e+00     0.2116    94.8478     6.5395     6.6485    31.9826    31.9851    24.8289    24.8322    6.65767 0.0000e+00
       7711     19.573     8.5210     8.5109   3.384646   3.384003     2.1885     2.5976      8.019     5.2195    10.8468 2.2338e+00     0.2120    94.8391     6.5374     6.6474    31.9823    31.9847    24.8285    24.8319    6.65757 0.0000e+00
       7714     19.507     8.5206     8.5101   3.384550   3.383879     2.1881     2.5980      8.019     5.2093    10.8468 2.2442e+00     0.2116    94.8478     6.5324     6.6493    31.9817    31.9841    24.8281    24.8316    6.65765 0.0000e+00
       7717     19.424     8.5188     8.5104   3.384267   3.383930     2.1885     2.5984      8.019     5.5044    10.8073 2.2755e+00     0.2113    94.8565     6.5342     6.6496    31.9803    31.9844    24.8273    24.8318    6.65798 0.0000e+00
       7720     19.331     8.5151     8.5081   3.384053   3.383628     2.1885     2.5984      8.019     5.5655    10.8073 2.3100e+00     0.2116    94.8478     6.5349     6.6500    31.9815    31.9834    24.8288    24.8313    6.65848 0.0000e+00
       7723     19.229     8.5147     8.5050   3.384051   3.383447     2.1894     2.5980      8.019     5.5756    10.8073 2.3450e+00     0.2113    94.8565     6.5390     6.6496    31.9819    31.9844    24.8291    24.8326    6.65853 0.0000e+00
       7726     19.116     8.5158     8.5069   3.384220   3.383721     2.1890     2.5980      8.019     5.5756    52.8525 2.3888e+00     0.2124    94.8304     6.5374     6.6490    31.9827    31.9855    24.8296    24.8332    6.65833 0.0000e+00
       7729     18.993     8.5186     8.5116   3.384521   3.384228     2.1894     2.5984      8.019     5.5756   458.3811 2.4334e+00     0.2131    94.8130     6.5395     6.6505    31.9834    31.9867    24.8297    24.8334    6.65787 0.0000e+00
       7732     18.857     8.5237     8.5174   3.385081   3.384615     2.1890     2.5984      8.019     5.5756   481.5948 2.4788e+00     0.2131    94.8130     6.5367     6.6511    31.9847    31.9856    24.8300    24.8316    6.65705 0.0000e+00
       7735     18.713     8.5286     8.5196   3.385306   3.384700     2.1881     2.5993      8.019     5.5756   480.9632 2.5427e+00     0.2127    94.8217     6.5340     6.6557    31.9827    31.9844    24.8277    24.8305    6.65640 0.0000e+00
       7738     18.566     8.5292     8.5208   3.385346   3.384851     2.1885     2.5984      8.019     5.5655   481.1211 2.5961e+00     0.2127    94.8217     6.5359     6.6532    31.9826    31.9851    24.8276    24.8307    6.65631 0.0000e+00
       7741     18.412     8.5337     8.5223   3.385834   3.384934     2.1894     2.5984      8.019     5.4841   481.1211 2.6477e+00     0.2131    94.8130     6.5383     6.6539    31.9837    31.9846    24.8277    24.8302    6.65558 0.0000e+00
       7744     18.251     8.5345     8.5225   3.385638   3.384915     2.1898     2.5997      8.019     4.8431   481.1211 2.7191e+00     0.2127    94.8217     6.5394     6.6586    31.9811    31.9843    24.8255    24.8299    6.65558 0.0000e+00
       7747     18.088     8.5297     8.5210   3.385276   3.384734     2.1898     2.5988      8.019     4.8532   481.1211 2.7666e+00     0.2131    94.8130     6.5401     6.6573    31.9816    31.9839    24.8267    24.8298    6.65627 0.0000e+00
       7750     17.928     8.5307     8.5195   3.385500   3.384610     2.1902     2.5984      8.019     4.8430   481.1211 2.8117e+00     0.2131    94.8130     6.5415     6.6558    31.9831    31.9840    24.8277    24.8301    6.65605 0.0000e+00
