Datasets/AZMP/HUD120/hud120_2020_090.cnv
* Sea-Bird SBE 9 Data File:
* FileName = C:\CTDDATA\hud120_2020_090.hex
* Software Version Seasave V 7.26.7.110
* Temperature SN = 1697
* Conductivity SN = 4216
* Number of Bytes Per Scan = 30
* Number of Voltage Words = 4
* Number of Scans Averaged by the Deck Unit = 1
* NMEA baud rate = 4800
** VESSEL/TRIP/SEQ STN:  hud120_2020_090
** LATITUDE XX XX.XX: 49 01.50 N
** LONGITUDE XX XX.XX: 052 04.00 W
** SOUNDING DEPTH (M): 0296
** PROBE TYPE: S1146
** CTD NUMBER: 067
** FORMAT: V
** COMMENTS (14 CHAR): BB-05
** BOTTLES:  11
** LEVELS: 5,10,20,30,40,50,75,100,150,250,BTM
** STICKERS: 439966 - 439976
** VNET: Y
** DO2: N
# nquan = 22
# nvalues = 6790                        
# units = specified
# name 0 = scan: Scan Count
# name 1 = prDM: Pressure, Digiquartz [db]
# name 2 = t090C: Temperature [ITS-90, deg C]
# name 3 = t190C: Temperature, 2 [ITS-90, deg C]
# name 4 = c0S/m: Conductivity [S/m]
# name 5 = c1S/m: Conductivity, 2 [S/m]
# name 6 = sbeox0V: Oxygen raw, SBE 43 [V]
# name 7 = sbeox1V: Oxygen raw, SBE 43, 2 [V]
# name 8 = ph: pH
# name 9 = flECO-AFL: Fluorescence, WET Labs ECO-AFL/FL [mg/m^3]
# name 10 = wetCDOM: Fluorescence, WET Labs CDOM [mg/m^3]
# name 11 = par/sat/log: PAR/Logarithmic, Satlantic [umol photons/m^2/sec]
# name 12 = CStarAt0: Beam Attenuation, WET Labs C-Star [1/m]
# name 13 = CStarTr0: Beam Transmission, WET Labs C-Star [%]
# name 14 = sbeox0ML/L: Oxygen, SBE 43 [ml/l], WS = 2
# name 15 = sbeox1ML/L: Oxygen, SBE 43, 2 [ml/l], WS = 2
# name 16 = sal00: Salinity, Practical [PSU]
# name 17 = sal11: Salinity, Practical, 2 [PSU]
# name 18 = sigma-t00: Density [sigma-t, kg/m^3 ]
# name 19 = sigma-t11: Density, 2 [sigma-t, kg/m^3 ]
# name 20 = oxsatML/L: Oxygen Saturation, Weiss [ml/l]
# name 21 = flag: flag
# span 0 =        129,      48772       
# span 1 =      0.297,    286.684       
# span 2 =    -0.3681,     2.2216       
# span 3 =    -0.3741,     2.2171       
# span 4 =   2.214127,   3.051768       
# span 5 =   2.233772,   3.051223       
# span 6 =     1.8221,     2.2102       
# span 7 =     2.1464,     2.6101       
# span 8 =      8.025,      8.145       
# span 9 =     0.8850,     4.6599       
# span 10 =    -2.8130,   482.1870      
# span 11 = 1.0629e-01, 8.7062e-01      
# span 12 =     0.0874,     0.3502      
# span 13 =    91.6229,    97.8379      
# span 14 =     6.1665,     8.1160      
# span 15 =     6.2557,     7.9734      
# span 16 =    24.7854,    34.2716      
# span 17 =    25.0136,    34.2699      
# span 18 =    19.8158,    27.3704      
# span 19 =    19.9987,    27.3695      
# span 20 =    7.63115,    8.26198      
# span 21 = 0.0000e+00, 0.0000e+00      
# interval = scans: 3                   
# start_time = Nov 28 2020 04:11:40 [System UTC, header]
# bad_flag = -9.990e-29
*END*
[from data line 3819]
      18053    247.271     1.3772     1.3760   2.955486   2.955324     1.8586     2.1924      8.045     0.9969   481.2395 1.0715e-01     0.1704    95.8300     6.4837     6.5783    33.9932    33.9925    27.2107    27.2102    7.81304 0.0000e+00
      18056    247.128     1.3779     1.3746   2.955539   2.955189     1.8581     2.1933      8.045     0.9969   481.2395 1.0727e-01     0.1704    95.8300     6.4826     6.5841    33.9932    33.9924    27.2107    27.2102    7.81290 0.0000e+00
      18059    246.984     1.3782     1.3752   2.955592   2.955300     1.8590     2.1928      8.045     1.0071   481.2395 1.0727e-01     0.1671    95.9082     6.4850     6.5812    33.9937    33.9932    27.2110    27.2108    7.81282 0.0000e+00
      18062    246.843     1.3788     1.3760   2.955625   2.955378     1.8586     2.1924      8.045     0.9969   481.2790 1.0740e-01     0.1545    96.2125     6.4810     6.5769    33.9935    33.9935    27.2109    27.2110    7.81271 0.0000e+00
      18065    246.697     1.3791     1.3763   2.955648   2.955434     1.8586     2.1924      8.045     0.9969   405.8740 1.0715e-01     0.1552    96.1951     6.4811     6.5792    33.9936    33.9938    27.2109    27.2113    7.81265 0.0000e+00
      18068    246.556     1.3794     1.3765   2.955741   2.955430     1.8586     2.1920      8.045     0.9969    13.6892 1.0740e-01     0.1548    96.2038     6.4841     6.5779    33.9946    33.9937    27.2116    27.2111    7.81254 0.0000e+00
      18071    246.415     1.3804     1.3767   2.955831   2.955450     1.8590     2.1920      8.045     0.9969    15.4658 1.0715e-01     0.1552    96.1951     6.4854     6.5743    33.9947    33.9938    27.2116    27.2112    7.81232 0.0000e+00
      18074    246.276     1.3808     1.3768   2.955854   2.955443     1.8586     2.1916      8.045     0.9562    15.3474 1.0740e-01     0.1552    96.1951     6.4844     6.5716    33.9946    33.9937    27.2116    27.2111    7.81225 0.0000e+00
      18077    246.139     1.3808     1.3766   2.955838   2.955408     1.8598     2.1924      8.045     0.9562    15.3079 1.0715e-01     0.1552    96.1951     6.4924     6.5742    33.9945    33.9935    27.2114    27.2110    7.81225 0.0000e+00
      18080    246.005     1.3807     1.3766   2.955836   2.955398     1.8590     2.1928      8.045     0.9562    15.3079 1.0740e-01     0.1708    95.8213     6.4859     6.5781    33.9947    33.9935    27.2116    27.2109    7.81227 0.0000e+00
      18083    245.874     1.3809     1.3769   2.955837   2.955413     1.8590     2.1924      8.045     0.9663    15.3079 1.0715e-01     0.1871    95.4301     6.4843     6.5815    33.9945    33.9934    27.2115    27.2108    7.81224 0.0000e+00
      18086    245.745     1.3810     1.3771   2.955856   2.955422     1.8594     2.1928      8.045     0.9663    15.3079 1.0715e-01     0.1863    95.4475     6.4850     6.5810    33.9947    33.9934    27.2117    27.2108    7.81220 0.0000e+00
      18089    245.617     1.3815     1.3779   2.955927   2.955486     1.8594     2.1937      8.045     0.9562    15.3079 1.0727e-01     0.1867    95.4388     6.4830     6.5827    33.9952    33.9934    27.2120    27.2108    7.81208 0.0000e+00
      18092    245.496     1.3818     1.3777   2.955926   2.955459     1.8594     2.1920      8.045     0.9765   208.1630 1.0715e-01     0.1867    95.4388     6.4826     6.5777    33.9949    33.9934    27.2117    27.2108    7.81204 0.0000e+00
      18095    245.376     1.3816     1.3775   2.955849   2.955437     1.8590     2.1920      8.045     0.9460   482.1870 1.0715e-01     0.1860    95.4562     6.4783     6.5796    33.9942    33.9934    27.2112    27.2108    7.81211 0.0000e+00
      18098    245.259     1.3810     1.3770   2.955831   2.955385     1.8594     2.1924      8.045     0.9562   481.0816 1.0715e-01     0.1867    95.4388     6.4787     6.5789    33.9947    33.9933    27.2116    27.2108    7.81221 0.0000e+00
      18101    245.146     1.3810     1.3766   2.955845   2.955343     1.8598     2.1924      8.045     0.9460   481.2395 1.0740e-01     0.1628    96.0126     6.4804     6.5762    33.9949    33.9933    27.2118    27.2108    7.81219 0.0000e+00
      18104    245.038     1.3812     1.3764   2.955877   2.955345     1.8586     2.1937      8.045     0.9460   481.2395 1.0715e-01     0.1559    96.1777     6.4754     6.5810    33.9952    33.9936    27.2120    27.2111    7.81213 0.0000e+00
      18107    244.931     1.3818     1.3763   2.955935   2.955305     1.8594     2.1933      8.045     0.9257   481.2790 1.0715e-01     0.1563    96.1690     6.4791     6.5784    33.9953    33.9933    27.2121    27.2108    7.81201 0.0000e+00
      18110    244.826     1.3814     1.3763   2.955880   2.955300     1.8590     2.1912      8.045     0.9358   481.2395 1.0715e-01     0.1559    96.1777     6.4779     6.5687    33.9951    33.9932    27.2119    27.2108    7.81209 0.0000e+00
      18113    244.720     1.3812     1.3763   2.955868   2.955305     1.8594     2.1924      8.045     0.9358   481.2790 1.0727e-01     0.1563    96.1690     6.4787     6.5741    33.9953    33.9934    27.2121    27.2109    7.81213 0.0000e+00
      18116    244.614     1.3820     1.3764   2.955963   2.955327     1.8594     2.1937      8.045     0.9358   481.2395 1.0715e-01     0.1563    96.1690     6.4788     6.5813    33.9956    33.9937    27.2123    27.2111    7.81195 0.0000e+00
      18119    244.506     1.3825     1.3767   2.955990   2.955352     1.8590     2.1937      8.045     0.9358   156.6823 1.0715e-01     0.1563    96.1690     6.4771     6.5761    33.9955    33.9936    27.2122    27.2110    7.81185 0.0000e+00
      18122    244.401     1.3823     1.3773   2.955959   2.955411     1.8594     2.1924      8.045     0.9358     8.2806 1.0715e-01     0.1563    96.1690     6.4808     6.5662    33.9954    33.9938    27.2121    27.2112    7.81190 0.0000e+00
      18125    244.292     1.3835     1.3774   2.956103   2.955393     1.8594     2.1924      8.045     0.9358    14.6367 1.0727e-01     0.1563    96.1690     6.4829     6.5623    33.9959    33.9936    27.2125    27.2110    7.81162 0.0000e+00
      18128    244.187     1.3839     1.3773   2.956066   2.955401     1.8594     2.1928      8.047     0.9460    14.3604 1.0715e-01     0.1563    96.1690     6.4800     6.5627    33.9951    33.9938    27.2118    27.2111    7.81160 0.0000e+00
      18131    244.086     1.3838     1.3778   2.956062   2.955437     1.8594     2.1924      8.045     0.9358    14.3604 1.0727e-01     0.1563    96.1690     6.4774     6.5612    33.9952    33.9939    27.2119    27.2112    7.81160 0.0000e+00
      18134    243.987     1.3832     1.3780   2.956013   2.955425     1.8594     2.1924      8.045     0.9358    14.3604 1.0727e-01     0.1563    96.1690     6.4751     6.5583    33.9953    33.9935    27.2120    27.2109    7.81172 0.0000e+00
      18137    243.894     1.3828     1.3782   2.955975   2.955459     1.8590     2.1924      8.045     0.9460    14.3604 1.0727e-01     0.1563    96.1690     6.4710     6.5542    33.9953    33.9937    27.2120    27.2111    7.81180 0.0000e+00
      18140    243.806     1.3827     1.3787   2.955971   2.955507     1.8594     2.1929      8.045     0.9358    14.3604 1.0715e-01     0.1559    96.1777     6.4711     6.5556    33.9955    33.9939    27.2121    27.2111    7.81182 0.0000e+00
      18143    243.724     1.3824     1.3787   2.955929   2.955517     1.8594     2.1912      8.045     0.9358    31.0205 1.0715e-01     0.1548    96.2038     6.4700     6.5509    33.9953    33.9941    27.2120    27.2113    7.81188 0.0000e+00
      18146    243.641     1.3822     1.3783   2.955913   2.955453     1.8606     2.1912      8.045     0.9358   440.5761 1.0727e-01     0.1552    96.1951     6.4758     6.5530    33.9953    33.9937    27.2120    27.2111    7.81192 0.0000e+00
      18149    243.556     1.3822     1.3780   2.955919   2.955420     1.8590     2.1912      8.045     0.9460   481.2395 1.0727e-01     0.1545    96.2125     6.4699     6.5536    33.9955    33.9936    27.2122    27.2110    7.81192 0.0000e+00
      18152    243.473     1.3823     1.3779   2.955893   2.955404     1.8586     2.1916      8.045     1.0071   481.0816 1.0727e-01     0.1552    96.1951     6.4660     6.5567    33.9951    33.9936    27.2118    27.2110    7.81191 0.0000e+00
      18155    243.387     1.3819     1.3779   2.955852   2.955402     1.8590     2.1908      8.045     0.9969   481.2790 1.0715e-01     0.1548    96.2038     6.4682     6.5527    33.9950    33.9937    27.2118    27.2110    7.81200 0.0000e+00
      18158    243.299     1.3808     1.3781   2.955677   2.955409     1.8586     2.1912      8.045     0.9969   481.2395 1.0715e-01     0.1541    96.2212     6.4698     6.5537    33.9941    33.9936    27.2111    27.2110    7.81228 0.0000e+00
      18161    243.212     1.3792     1.3781   2.955514   2.955403     1.8590     2.1912      8.045     1.0071   481.2790 1.0727e-01     0.1548    96.2038     6.4724     6.5564    33.9938    33.9935    27.2110    27.2109    7.81261 0.0000e+00
      18164    243.128     1.3794     1.3777   2.955583   2.955367     1.8581     2.1912      8.045     0.9969   481.2790 1.0715e-01     0.1541    96.2212     6.4672     6.5597    33.9944    33.9935    27.2115    27.2109    7.81253 0.0000e+00
      18167    243.050     1.3800     1.3773   2.955630   2.955325     1.8590     2.1908      8.045     0.9969   481.2790 1.0715e-01     0.1541    96.2212     6.4716     6.5609    33.9944    33.9934    27.2115    27.2109    7.81242 0.0000e+00
      18170    242.968     1.3800     1.3772   2.955600   2.955306     1.8598     2.1912      8.045     0.9969   377.2912 1.0715e-01     0.1545    96.2125     6.4787     6.5635    33.9941    33.9934    27.2112    27.2108    7.81243 0.0000e+00
      18173    242.885     1.3798     1.3771   2.955584   2.955289     1.8586     2.1912      8.045     0.9969     3.8195 1.0727e-01     0.1541    96.2212     6.4775     6.5647    33.9941    33.9934    27.2113    27.2108    7.81247 0.0000e+00
      18176    242.802     1.3771     1.3771   2.955169   2.955279     1.8586     2.1908      8.045     1.0071    10.5309 1.0727e-01     0.1541    96.2212     6.4792     6.5647    33.9918    33.9933    27.2096    27.2108    7.81313 0.0000e+00
      18179    242.718     1.3744     1.3771   2.954924   2.955279     1.8590     2.1900      8.045     1.0274    10.4125 1.0715e-01     0.1545    96.2125     6.4841     6.5616    33.9917    33.9933    27.2097    27.2108    7.81369 0.0000e+00
      18182    242.630     1.3748     1.3769   2.955027   2.955277     1.8598     2.1904      8.045     1.0173    10.4520 1.0727e-01     0.1515    96.2820     6.4896     6.5635    33.9927    33.9936    27.2104    27.2110    7.81356 0.0000e+00
      18185    242.545     1.3752     1.3770   2.954927   2.955248     1.8590     2.1912      8.045     1.0173    10.4520 1.0727e-01     0.1508    96.2994     6.4880     6.5698    33.9910    33.9932    27.2091    27.2107    7.81357 0.0000e+00
      18188    242.456     1.3724     1.3750   2.954619   2.955009     1.8586     2.1904      8.047     1.0173    10.3730 1.0727e-01     0.1508    96.2994     6.4843     6.5694    33.9901    33.9923    27.2086    27.2101    7.81418 0.0000e+00
      18191    242.366     1.3703     1.3730   2.954396   2.954655     1.8590     2.1912      8.045     1.0173    10.3730 1.0740e-01     0.1508    96.2994     6.4863     6.5762    33.9897    33.9900    27.2083    27.2084    7.81463 0.0000e+00
      18194    242.276     1.3699     1.3700   2.954343   2.954401     1.8594     2.1912      8.047     1.0173    10.4520 1.0715e-01     0.1508    96.2994     6.4875     6.5788    33.9895    33.9901    27.2082    27.2087    7.81472 0.0000e+00
      18197    242.191     1.3678     1.3675   2.954095   2.954161     1.8590     2.1912      8.045     1.0173     4.2932 1.0727e-01     0.1505    96.3081     6.4884     6.5817    33.9886    33.9898    27.2076    27.2087    7.81519 0.0000e+00
      18200    242.104     1.3667     1.3685   2.953989   2.954312     1.8598     2.1908      8.045     1.0274    -1.9445 1.0715e-01     0.1508    96.2994     6.4908     6.5821    33.9885    33.9907    27.2076    27.2092    7.81541 0.0000e+00
      18203    242.016     1.3661     1.3687   2.953931   2.954262     1.8602     2.1908      8.045     1.0274    -1.6681 1.0740e-01     0.1476    96.3776     6.4899     6.5827    33.9885    33.9899    27.2077    27.2086    7.81555 0.0000e+00
      18206    241.925     1.3648     1.3664   2.953739   2.953991     1.8602     2.1912      8.047     1.0376    -1.6681 1.0715e-01     0.1476    96.3776     6.4905     6.5840    33.9875    33.9890    27.2069    27.2081    7.81585 0.0000e+00
      18209    241.834     1.3627     1.3652   2.953552   2.953929     1.8598     2.1921      8.045     1.0173    -1.6286 1.0727e-01     0.1472    96.3863     6.4893     6.5884    33.9875    33.9896    27.2071    27.2086    7.81629 0.0000e+00
      18212    241.743     1.3610     1.3653   2.953342   2.953971     1.8594     2.1916      8.047     1.0274    -1.6286 1.0715e-01     0.1476    96.3776     6.4848     6.5871    33.9867    33.9901    27.2065    27.2090    7.81667 0.0000e+00
      18215    241.650     1.3593     1.3656   2.953207   2.953860     1.8598     2.1925      8.047     1.0173    -1.7076 1.0727e-01     0.1476    96.3776     6.4833     6.5898    33.9869    33.9884    27.2068    27.2076    7.81701 0.0000e+00
      18218    241.560     1.3600     1.3596   2.953299   2.953093     1.8594     2.1921      8.047     1.0274    -1.6681 1.0740e-01     0.1472    96.3863     6.4804     6.5909    33.9873    33.9851    27.2071    27.2054    7.81684 0.0000e+00
      18221    241.468     1.3602     1.3529   2.953156   2.952443     1.8598     2.1916      8.045     1.0274    -1.6681 1.0740e-01     0.1480    96.3689     6.4807     6.5904    33.9854    33.9842    27.2055    27.2051    7.81690 0.0000e+00
      18224    241.381     1.3563     1.3533   2.952751   2.952607     1.8598     2.1925      8.045     1.0376   378.7914 1.0715e-01     0.1494    96.3342     6.4790     6.5929    33.9845    33.9859    27.2051    27.2065    7.81774 0.0000e+00
      18227    241.297     1.3534     1.3526   2.952529   2.952348     1.8598     2.1925      8.045     1.0274   481.9501 1.0715e-01     0.1487    96.3515     6.4817     6.5909    33.9849    33.9834    27.2057    27.2045    7.81831 0.0000e+00
      18230    241.210     1.3544     1.3498   2.952654   2.952260     1.8598     2.1929      8.045     1.0274   480.9631 1.0727e-01     0.1491    96.3428     6.4823     6.5913    33.9854    33.9854    27.2060    27.2063    7.81808 0.0000e+00
      18233    241.124     1.3544     1.3502   2.952666   2.952231     1.8594     2.1925      8.045     1.0173   481.2395 1.0715e-01     0.1491    96.3428     6.4848     6.5873    33.9856    33.9846    27.2061    27.2057    7.81806 0.0000e+00
      18236    241.038     1.3534     1.3448   2.952488   2.951502     1.8594     2.1925      8.045     1.0173   481.2790 1.0715e-01     0.1491    96.3428     6.4870     6.5886    33.9845    33.9812    27.2053    27.2033    7.81833 0.0000e+00
      18239    240.952     1.3500     1.3411   2.952099   2.951139     1.8594     2.1933      8.047     1.0376   481.2790 1.0715e-01     0.1494    96.3342     6.4859     6.5929    33.9832    33.9807    27.2045    27.2031    7.81908 0.0000e+00
      18242    240.869     1.3492     1.3402   2.952006   2.951075     1.8602     2.1929      8.045     1.0274   481.2395 1.0715e-01     0.1480    96.3689     6.4908     6.5937    33.9830    33.9809    27.2044    27.2033    7.81926 0.0000e+00
      18245    240.787     1.3491     1.3396   2.952006   2.951005     1.8594     2.1929      8.045     1.0173   481.3184 1.0715e-01     0.1465    96.4037     6.4896     6.5942    33.9832    33.9807    27.2046    27.2032    7.81927 0.0000e+00
