Datasets/AZMP/HUD120/hud120_2020_077.cnv
* Sea-Bird SBE 9 Data File:
* FileName = C:\CTDDATA\hud120_2020_077.hex
* Software Version Seasave V 7.26.7.110
* Temperature SN = 1697
* Conductivity SN = 4216
* Number of Bytes Per Scan = 30
* Number of Voltage Words = 4
* Number of Scans Averaged by the Deck Unit = 1
* NMEA baud rate = 4800
** VESSEL/TRIP/SEQ STN:  hud120_2020_077
** LATITUDE XX XX.XX: 47 00.00 N
** LONGITUDE XX XX.XX: 052 02.00 W
** SOUNDING DEPTH (M): 0140
** PROBE TYPE: S1146
** CTD NUMBER: 056
** FORMAT: V
** COMMENTS (14 CHAR): FC-05
** BOTTLES:  9
** LEVELS: 5,10,20,30,40,50,75,100,BTM
** STICKERS: 439883 - 439891
** VNET: Y
** DO2: N
# nquan = 22
# nvalues = 2896                        
# units = specified
# name 0 = scan: Scan Count
# name 1 = prDM: Pressure, Digiquartz [db]
# name 2 = t090C: Temperature [ITS-90, deg C]
# name 3 = t190C: Temperature, 2 [ITS-90, deg C]
# name 4 = c0S/m: Conductivity [S/m]
# name 5 = c1S/m: Conductivity, 2 [S/m]
# name 6 = sbeox0V: Oxygen raw, SBE 43 [V]
# name 7 = sbeox1V: Oxygen raw, SBE 43, 2 [V]
# name 8 = ph: pH
# name 9 = flECO-AFL: Fluorescence, WET Labs ECO-AFL/FL [mg/m^3]
# name 10 = wetCDOM: Fluorescence, WET Labs CDOM [mg/m^3]
# name 11 = par/sat/log: PAR/Logarithmic, Satlantic [umol photons/m^2/sec]
# name 12 = CStarAt0: Beam Attenuation, WET Labs C-Star [1/m]
# name 13 = CStarTr0: Beam Transmission, WET Labs C-Star [%]
# name 14 = sbeox0ML/L: Oxygen, SBE 43 [ml/l], WS = 2
# name 15 = sbeox1ML/L: Oxygen, SBE 43, 2 [ml/l], WS = 2
# name 16 = sal00: Salinity, Practical [PSU]
# name 17 = sal11: Salinity, Practical, 2 [PSU]
# name 18 = sigma-t00: Density [sigma-t, kg/m^3 ]
# name 19 = sigma-t11: Density, 2 [sigma-t, kg/m^3 ]
# name 20 = oxsatML/L: Oxygen Saturation, Weiss [ml/l]
# name 21 = flag: flag
# span 0 =         58,      35662       
# span 1 =      0.453,    137.173       
# span 2 =    -0.8461,     3.6287       
# span 3 =    -0.8508,     3.6241       
# span 4 =   2.380830,   2.950176       
# span 5 =   1.356687,   2.949689       
# span 6 =     1.9036,     2.2250       
# span 7 =     2.2622,     2.6362       
# span 8 =      7.998,      8.137       
# span 9 =     0.9765,     3.8662       
# span 10 =    -2.8130,   482.1870      
# span 11 = 1.0715e-01, 1.8025e+01      
# span 12 =     0.0732,     0.1591      
# span 13 =    96.0995,    98.1856      
# span 14 =     6.9715,     7.8183      
# span 15 =     7.1179,     8.0205      
# span 16 =    25.0857,    33.2633      
# span 17 =    13.6014,    33.2631      
# span 18 =    19.9384,    26.7187      
# span 19 =    10.8199,    26.7188      
# span 20 =    7.49138,    8.34868      
# span 21 = 0.0000e+00, 0.0000e+00      
# interval = scans: 3                   
# start_time = Nov 26 2020 10:43:26 [System UTC, header]
# bad_flag = -9.990e-29
*END*
[from data line 1712]
       9805    126.873    -0.3116    -0.3165   2.752688   2.752272     1.9065     2.2659      8.000     1.0579     0.7401 1.0752e-01     0.1563    96.1690     6.9775     7.1414    33.2620    33.2618    26.7177    26.7178    8.20916 0.0000e+00
       9808    126.617    -0.3115    -0.3164   2.752716   2.752271     1.9053     2.2663      8.000     1.0376     0.7006 1.0752e-01     0.1563    96.1690     6.9736     7.1417    33.2624    33.2618    26.7180    26.7177    8.20912 0.0000e+00
       9811    126.355    -0.3112    -0.3163   2.752723   2.752265     1.9065     2.2663      8.001     1.0681     0.6612 1.0752e-01     0.1563    96.1690     6.9794     7.1412    33.2623    33.2619    26.7179    26.7178    8.20905 0.0000e+00
       9814    126.095    -0.3113    -0.3162   2.752658   2.752251     1.9061     2.2663      8.003     1.0579     0.7006 1.0752e-01     0.1563    96.1690     6.9780     7.1405    33.2618    33.2617    26.7175    26.7176    8.20911 0.0000e+00
       9817    125.827    -0.3116    -0.3163   2.752627   2.752267     1.9065     2.2663      7.998     1.0579     0.7401 1.0752e-01     0.1563    96.1690     6.9827     7.1390    33.2618    33.2622    26.7175    26.7180    8.20917 0.0000e+00
       9820    125.557    -0.3117    -0.3164   2.752610   2.752241     1.9061     2.2663      8.000     1.0579     0.7006 1.0752e-01     0.1548    96.2038     6.9825     7.1414    33.2618    33.2621    26.7175    26.7179    8.20919 0.0000e+00
       9823    125.287    -0.3117    -0.3162   2.752618   2.752205     1.9061     2.2663      8.000     1.0579     0.7401 1.0752e-01     0.1523    96.2646     6.9841     7.1422    33.2621    33.2616    26.7177    26.7176    8.20917 0.0000e+00
       9826    125.014    -0.3114    -0.3164   2.752602   2.752209     1.9061     2.2663      8.003     1.0376     0.6612 1.0727e-01     0.1523    96.2646     6.9853     7.1447    33.2617    33.2619    26.7174    26.7178    8.20912 0.0000e+00
       9829    124.737    -0.3111    -0.3165   2.752632   2.752204     1.9061     2.2663      8.001     1.0173     0.7006 1.0752e-01     0.1519    96.2733     6.9871     7.1441    33.2620    33.2622    26.7176    26.7180    8.20906 0.0000e+00
       9832    124.456    -0.3112    -0.3162   2.752617   2.752201     1.9069     2.2659      8.001     1.0376     0.7006 1.0740e-01     0.1519    96.2733     6.9924     7.1413    33.2620    33.2620    26.7177    26.7179    8.20906 0.0000e+00
       9835    124.177    -0.3111    -0.3162   2.752621   2.752195     1.9061     2.2663      8.003     1.0173     0.7006 1.0740e-01     0.1519    96.2733     6.9882     7.1445    33.2621    33.2620    26.7178    26.7179    8.20904 0.0000e+00
       9838    123.899    -0.3111    -0.3162   2.752608   2.752166     1.9065     2.2667      8.000     1.0376     0.6612 1.0752e-01     0.1523    96.2646     6.9899     7.1473    33.2622    33.2619    26.7178    26.7178    8.20905 0.0000e+00
       9841    123.624    -0.3115    -0.3166   2.752547   2.752107     1.9073     2.2671      8.001     1.0376     0.7006 1.0740e-01     0.1548    96.2038     6.9903     7.1498    33.2620    33.2616    26.7177    26.7176    8.20915 0.0000e+00
       9844    123.347    -0.3121    -0.3168   2.752431   2.752037     1.9069     2.2671      8.003     1.0274     0.7006 1.0740e-01     0.1548    96.2038     6.9895     7.1514    33.2612    33.2611    26.7170    26.7172    8.20931 0.0000e+00
       9847    123.071    -0.3127    -0.3175   2.752362   2.751933     1.9065     2.2671      8.003     1.0274     0.7401 1.0752e-01     0.1552    96.1951     6.9880     7.1525    33.2612    33.2607    26.7170    26.7168    8.20945 0.0000e+00
       9850    122.803    -0.3127    -0.3178   2.752284   2.751895     1.9069     2.2675      8.000     1.0071     0.7401 1.0752e-01     0.1548    96.2038     6.9893     7.1565    33.2602    33.2606    26.7163    26.7169    8.20950 0.0000e+00
       9853    122.541    -0.3136    -0.3181   2.752188   2.751818     1.9073     2.2663      8.001     1.0274     0.7006 1.0740e-01     0.1552    96.1951     6.9890     7.1513    33.2601    33.2601    26.7162    26.7164    8.20970 0.0000e+00
       9856    122.285    -0.3141    -0.3196   2.752082   2.751579     1.9073     2.2671      8.003     1.0376     0.6612 1.0752e-01     0.1552    96.1951     6.9907     7.1530    33.2594    33.2587    26.7157    26.7153    8.20986 0.0000e+00
       9859    122.034    -0.3152    -0.3211   2.751902   2.751387     1.9073     2.2675      8.001     1.0274     0.7006 1.0740e-01     0.1552    96.1951     6.9939     7.1509    33.2584    33.2579    26.7149    26.7148    8.21016 0.0000e+00
       9862    121.786    -0.3164    -0.3214   2.751726   2.751384     1.9065     2.2675      8.003     1.0376     0.7796 1.0752e-01     0.1541    96.2212     6.9885     7.1509    33.2574    33.2584    26.7142    26.7152    8.21047 0.0000e+00
       9865    121.545    -0.3172    -0.3222   2.751639   2.751210     1.9065     2.2675      8.003     1.0274     0.8586 1.0740e-01     0.1541    96.2212     6.9889     7.1516    33.2574    33.2571    26.7142    26.7142    8.21066 0.0000e+00
       9868    121.311    -0.3178    -0.3230   2.751554   2.751127     1.9073     2.2679      8.003     1.0274     0.8586 1.0752e-01     0.1541    96.2212     6.9970     7.1544    33.2570    33.2570    26.7139    26.7142    8.21081 0.0000e+00
       9871    121.084    -0.3181    -0.3228   2.751541   2.751174     1.9077     2.2684      8.000     1.0173     0.8191 1.0752e-01     0.1541    96.2212     6.9999     7.1530    33.2573    33.2575    26.7141    26.7146    8.21086 0.0000e+00
       9874    120.864    -0.3180    -0.3226   2.751565   2.751142     1.9073     2.2684      8.003     1.0173     0.8191 1.0752e-01     0.1541    96.2212     6.9943     7.1529    33.2576    33.2570    26.7144    26.7141    8.21081 0.0000e+00
       9877    120.652    -0.3184    -0.3234   2.751450   2.751033     1.9073     2.2679      8.003     1.0173     0.8191 1.0752e-01     0.1541    96.2212     6.9952     7.1482    33.2566    33.2566    26.7136    26.7138    8.21096 0.0000e+00
       9880    120.449    -0.3188    -0.3228   2.751449   2.751106     1.9081     2.2675      8.001     1.0681     0.8191 1.0752e-01     0.1541    96.2212     7.0018     7.1408    33.2572    33.2570    26.7141    26.7142    8.21102 0.0000e+00
       9883    120.256    -0.3193    -0.3234   2.751418   2.751039     1.9085     2.2675      8.000     1.0579     0.8586 1.0740e-01     0.1530    96.2472     7.0040     7.1380    33.2574    33.2568    26.7143    26.7140    8.21111 0.0000e+00
       9886    120.073    -0.3199    -0.3233   2.751198   2.751017     1.9073     2.2688      8.003     1.0681     0.8191 1.0752e-01     0.1537    96.2299     6.9958     7.1411    33.2553    33.2566    26.7126    26.7138    8.21137 0.0000e+00
       9889    119.901    -0.3207    -0.3248   2.751204   2.750824     1.9081     2.2688      8.000     1.0478     1.1744 1.0740e-01     0.1530    96.2472     6.9971     7.1397    33.2563    33.2558    26.7135    26.7132    8.21149 0.0000e+00
       9892    119.739    -0.3202    -0.3255   2.751284   2.750789     1.9089     2.2679      8.001     1.0579     1.2139 1.0740e-01     0.1537    96.2299     7.0028     7.1346    33.2570    33.2562    26.7140    26.7136    8.21134 0.0000e+00
       9895    119.592    -0.3196    -0.3242   2.751312   2.750976     1.9081     2.2679      8.003     1.0681     1.2139 1.0752e-01     0.1534    96.2385     6.9991     7.1326    33.2568    33.2573    26.7138    26.7144    8.21122 0.0000e+00
       9898    119.457    -0.3193    -0.3216   2.751343   2.751304     1.9073     2.2679      8.003     1.0478     1.1744 1.0727e-01     0.1534    96.2385     6.9932     7.1320    33.2569    33.2590    26.7139    26.7156    8.21114 0.0000e+00
       9901    119.334    -0.3179    -0.3220   2.751591   2.751135     1.9089     2.2675      8.003     1.0478     1.2139 1.0752e-01     0.1523    96.2646     6.9962     7.1282    33.2588    33.2572    26.7153    26.7143    8.21073 0.0000e+00
       9904    119.222    -0.3153    -0.3223   2.751932   2.751169     1.9085     2.2675      8.003     1.0579     1.2139 1.0740e-01     0.1508    96.2994     6.9907     7.1267    33.2605    33.2580    26.7167    26.7149    8.21006 0.0000e+00
       9907    119.127    -0.3153    -0.3200   2.751834   2.751481     1.9081     2.2675      8.001     1.0579     1.2139 1.0752e-01     0.1508    96.2994     6.9888     7.1250    33.2592    33.2597    26.7156    26.7162    8.21012 0.0000e+00
       9910    119.043    -0.3159    -0.3193   2.751801   2.751563     1.9077     2.2679      8.003     1.0478     1.2139 1.0752e-01     0.1508    96.2994     6.9868     7.1276    33.2596    33.2601    26.7159    26.7164    8.21024 0.0000e+00
       9913    118.969    -0.3157    -0.3197   2.751826   2.751482     1.9093     2.2675      8.001     1.0681     1.9245 1.0740e-01     0.1508    96.2994     6.9911     7.1265    33.2597    33.2594    26.7160    26.7160    8.21019 0.0000e+00
       9916    118.906    -0.3152    -0.3186   2.751880   2.751659     1.9097     2.2675      8.003     1.0579     5.2012 1.0752e-01     0.1508    96.2994     6.9930     7.1282    33.2600    33.2607    26.7162    26.7169    8.21007 0.0000e+00
       9919    118.856    -0.3155    -0.3178   2.751847   2.751693     1.9085     2.2675      8.003     1.0579     5.1223 1.0752e-01     0.1508    96.2994     6.9874     7.1278    33.2598    33.2603    26.7161    26.7166    8.21014 0.0000e+00
       9922    118.819    -0.3150    -0.3186   2.751896   2.751577     1.9085     2.2667      8.001     1.0478     5.1223 1.0752e-01     0.1480    96.3689     6.9842     7.1266    33.2599    33.2597    26.7162    26.7161    8.21002 0.0000e+00
      10036    118.721    -0.3183    -0.3256   2.751362   2.750662     1.9089     2.2700      8.003     1.0274   481.3184 1.0752e-01     0.1487    96.3515     6.9908     7.1575    33.2565    33.2552    26.7135    26.7128    8.21094 0.0000e+00
      10039    118.576    -0.3192    -0.3257   2.751191   2.750644     1.9089     2.2708      8.003     1.0274   481.2790 1.0752e-01     0.1487    96.3515     6.9941     7.1571    33.2553    33.2552    26.7126    26.7128    8.21121 0.0000e+00
      10042    118.421    -0.3209    -0.3262   2.750977   2.750517     1.9098     2.2700      8.003     1.0274   481.3579 1.0752e-01     0.1494    96.3342     6.9985     7.1540    33.2544    33.2540    26.7120    26.7119    8.21164 0.0000e+00
      10045    118.263    -0.3220    -0.3279   2.750908   2.750397     1.9085     2.2700      8.003     1.0071   207.4129 1.0752e-01     0.1498    96.3255     6.9949     7.1557    33.2548    33.2544    26.7123    26.7123    8.21185 0.0000e+00
      10048    118.096    -0.3211    -0.3258   2.751148   2.750748     1.9089     2.2712      8.003     1.0173    -2.8130 1.0752e-01     0.1498    96.3255     6.9942     7.1612    33.2571    33.2569    26.7141    26.7142    8.21153 0.0000e+00
      10051    117.925    -0.3186    -0.3242   2.751383   2.750840     1.9089     2.2712      8.003     1.0376     0.3848 1.0752e-01     0.1498    96.3255     6.9927     7.1616    33.2576    33.2565    26.7144    26.7138    8.21095 0.0000e+00
      10054    117.751    -0.3181    -0.3257   2.751335   2.750489     1.9089     2.2700      8.003     1.0376     0.5032 1.0740e-01     0.1498    96.3255     6.9955     7.1599    33.2565    33.2536    26.7135    26.7115    8.21089 0.0000e+00
      10057    117.577    -0.3214    -0.3285   2.750684   2.750148     1.9094     2.2712      8.003     1.0274     0.5032 1.0752e-01     0.1498    96.3255     6.9983     7.1655    33.2515    33.2522    26.7097    26.7105    8.21190 0.0000e+00
      10060    117.399    -0.3245    -0.3312   2.750538   2.749800     1.9089     2.2700      8.003     1.0173     0.5032 1.0752e-01     0.1498    96.3255     6.9930     7.1600    33.2532    33.2506    26.7111    26.7094    8.21250 0.0000e+00
      10063    117.221    -0.3232    -0.3327   2.750707   2.749695     1.9094     2.2704      8.003     1.0274     0.5032 1.0740e-01     0.1487    96.3515     6.9945     7.1613    33.2541    33.2509    26.7118    26.7096    8.21217 0.0000e+00
      10066    117.042    -0.3238    -0.3333   2.750531   2.749492     1.9089     2.2712      8.003     1.0274     0.5032 1.0740e-01     0.1476    96.3776     6.9942     7.1652    33.2524    33.2490    26.7105    26.7081    8.21238 0.0000e+00
      10069    116.862    -0.3260    -0.3392   2.750114   2.748413     1.9098     2.2716      8.003     1.0274     0.5032 1.0740e-01     0.1476    96.3776     7.0001     7.1654    33.2494    33.2412    26.7081    26.7020    8.21303 0.0000e+00
      10072    116.683    -0.3308    -0.3452   2.749322   2.747886     1.9085     2.2712      8.001     1.0274     1.0955 1.0752e-01     0.1472    96.3863     6.9937     7.1640    33.2442    33.2408    26.7041    26.7020    8.21439 0.0000e+00
      10075    116.509    -0.3378    -0.3460   2.748532   2.747929     1.9098     2.2716      8.003     1.0274     1.2139 1.0740e-01     0.1476    96.3776     7.0022     7.1689    33.2414    33.2424    26.7022    26.7034    8.21608 0.0000e+00
      10078    116.334    -0.3417    -0.3433   2.748117   2.748465     1.9106     2.2724      8.003     1.0274     1.2139 1.0727e-01     0.1476    96.3776     7.0069     7.1709    33.2403    33.2467    26.7014    26.7066    8.21701 0.0000e+00
      10081    116.163    -0.3413    -0.3405   2.748511   2.748611     1.9094     2.2712      8.003     1.0173     1.2139 1.0740e-01     0.1476    96.3776     7.0013     7.1662    33.2452    33.2456    26.7053    26.7057    8.21664 0.0000e+00
      10084    115.993    -0.3358    -0.3419   2.749158   2.748394     1.9089     2.2712      8.003     1.0274     1.1744 1.0740e-01     0.1447    96.4471     6.9967     7.1676    33.2479    33.2444    26.7074    26.7047    8.21528 0.0000e+00
      10087    115.824    -0.3322    -0.3405   2.749459   2.748696     1.9098     2.2720      8.003     1.0071     1.2139 1.0740e-01     0.1443    96.4558     6.9989     7.1657    33.2480    33.2469    26.7073    26.7068    8.21447 0.0000e+00
      10090    115.658    -0.3333    -0.3393   2.749240   2.748696     1.9094     2.2712      8.003     1.0274     1.2139 1.0752e-01     0.1443    96.4558     6.9959     7.1605    33.2465    33.2458    26.7061    26.7058    8.21482 0.0000e+00
      10093    115.492    -0.3342    -0.3403   2.749164   2.748618     1.9098     2.2712      8.003     1.0173     1.2139 1.0752e-01     0.1443    96.4558     6.9992     7.1605    33.2466    33.2459    26.7062    26.7059    8.21501 0.0000e+00
      10096    115.331    -0.3379    -0.3392   2.748131   2.748666     1.9098     2.2720      8.003     1.0274     2.1219 1.0752e-01     0.1443    96.4558     7.0033     7.1667    33.2370    33.2455    26.6986    26.7055    8.21637 0.0000e+00
      10099    115.175    -0.3466    -0.3466   2.747525   2.747670     1.9098     2.2724      8.003     1.0274     7.3331 1.0740e-01     0.1443    96.4558     7.0014     7.1685    33.2384    33.2404    26.7001    26.7017    8.21819 0.0000e+00
      10102    115.022    -0.3449    -0.3459   2.747823   2.747943     1.9102     2.2716      8.003     1.0173     7.3726 1.0752e-01     0.1443    96.4558     7.0059     7.1655    33.2407    33.2434    26.7019    26.7041    8.21770 0.0000e+00
      10105    114.873    -0.3430    -0.3437   2.748106   2.748193     1.9102     2.2732      8.003     1.0274     7.3726 1.0752e-01     0.1433    96.4819     7.0075     7.1722    33.2424    33.2443    26.7032    26.7048    8.21717 0.0000e+00
      10108    114.728    -0.3409    -0.3415   2.748109   2.748451     1.9094     2.2720      8.003     1.0274     7.3726 1.0752e-01     0.1433    96.4819     7.0016     7.1674    33.2402    33.2454    26.7014    26.7056    8.21683 0.0000e+00
