Datasets/AZMP/HUD120/hud120_2020_075.cnv
* Sea-Bird SBE 9 Data File:
* FileName = C:\CTDDATA\hud120_2020_075.hex
* Software Version Seasave V 7.26.7.110
* Temperature SN = 1697
* Conductivity SN = 4216
* Number of Bytes Per Scan = 30
* Number of Voltage Words = 4
* Number of Scans Averaged by the Deck Unit = 1
* NMEA baud rate = 4800
** VESSEL/TRIP/SEQ STN:  hub120_2020_075
** LATITUDE XX XX.XX: 47 00.00 N
** LONGITUDE XX XX.XX: 051 00.00 W
** SOUNDING DEPTH (M): 0106
** PROBE TYPE: S1146
** CTD NUMBER: 054
** FORMAT: V
** COMMENTS (14 CHAR): FC-07
** BOTTLES:  8
** LEVELS: 5,10,20,30,40,50,75,BTM
** STICKERS: 439867 - 439874
** VNET: Y
** DO2: N
# nquan = 22
# nvalues = 2081                        
# units = specified
# name 0 = scan: Scan Count
# name 1 = prDM: Pressure, Digiquartz [db]
# name 2 = t090C: Temperature [ITS-90, deg C]
# name 3 = t190C: Temperature, 2 [ITS-90, deg C]
# name 4 = c0S/m: Conductivity [S/m]
# name 5 = c1S/m: Conductivity, 2 [S/m]
# name 6 = sbeox0V: Oxygen raw, SBE 43 [V]
# name 7 = sbeox1V: Oxygen raw, SBE 43, 2 [V]
# name 8 = ph: pH
# name 9 = flECO-AFL: Fluorescence, WET Labs ECO-AFL/FL [mg/m^3]
# name 10 = wetCDOM: Fluorescence, WET Labs CDOM [mg/m^3]
# name 11 = par/sat/log: PAR/Logarithmic, Satlantic [umol photons/m^2/sec]
# name 12 = CStarAt0: Beam Attenuation, WET Labs C-Star [1/m]
# name 13 = CStarTr0: Beam Transmission, WET Labs C-Star [%]
# name 14 = sbeox0ML/L: Oxygen, SBE 43 [ml/l], WS = 2
# name 15 = sbeox1ML/L: Oxygen, SBE 43, 2 [ml/l], WS = 2
# name 16 = sal00: Salinity, Practical [PSU]
# name 17 = sal11: Salinity, Practical, 2 [PSU]
# name 18 = sigma-t00: Density [sigma-t, kg/m^3 ]
# name 19 = sigma-t11: Density, 2 [sigma-t, kg/m^3 ]
# name 20 = oxsatML/L: Oxygen Saturation, Weiss [ml/l]
# name 21 = flag: flag
# span 0 =          2,      34036       
# span 1 =      0.423,    102.650       
# span 2 =    -0.4849,     8.3446       
# span 3 =    -0.4900,     8.3402       
# span 4 =   2.718848,   3.374585       
# span 5 =   2.718465,   3.374127       
# span 6 =     1.8021,     2.1925       
# span 7 =     2.1268,     2.6100       
# span 8 =      7.899,      8.184       
# span 9 =     1.0986,     5.4027       
# span 10 =    -2.8130,   482.1870      
# span 11 = 1.0641e-01, 1.0261e+00      
# span 12 =     0.1238,     0.3066      
# span 13 =    92.6225,    96.9513      
# span 14 =     6.1655,     7.0153      
# span 15 =     5.9392,     7.2722      
# span 16 =    32.0156,    33.0229      
# span 17 =    32.0015,    33.0205      
# span 18 =    24.8900,    26.5312      
# span 19 =    24.8751,    26.5300      
# span 20 =    6.68236,    8.26123      
# span 21 = 0.0000e+00, 0.0000e+00      
# interval = scans: 3                   
# start_time = Nov 26 2020 05:04:57 [System UTC, header]
# bad_flag = -9.990e-29
*END*
[from data line 66]
        235      6.652     8.3182     8.3148   3.370635   3.370199     2.1905     2.5580      8.182     4.5785     7.4910 1.0715e-01     0.1929    95.2911     6.5597     6.5366    32.0250    32.0236    24.8920    24.8914    6.68653 0.0000e+00
        238      6.770     8.3164     8.3112   3.370522   3.369874     2.1905     2.5580      8.184     4.5582   383.5289 1.0715e-01     0.1926    95.2998     6.5599     6.5372    32.0255    32.0234    24.8927    24.8917    6.68679 0.0000e+00
        241      6.886     8.3154     8.3082   3.370368   3.369715     2.1909     2.5572      8.184     4.5683   481.9501 1.0715e-01     0.1922    95.3085     6.5628     6.5336    32.0247    32.0244    24.8922    24.8930    6.68698 0.0000e+00
        244      7.005     8.3142     8.3065   3.370399   3.369503     2.1909     2.5576      8.184     4.5480   481.0816 1.0715e-01     0.1922    95.3085     6.5627     6.5340    32.0260    32.0236    24.8934    24.8926    6.68710 0.0000e+00
        247      7.128     8.3193     8.3045   3.370926   3.369421     2.1917     2.5568      8.182     4.5582   481.3579 1.0715e-01     0.1933    95.2824     6.5652     6.5318    32.0269    32.0246    24.8934    24.8937    6.68629 0.0000e+00
        250      7.253     8.3207     8.3057   3.370803   3.369606     2.1909     2.5568      8.184     4.5582   481.3579 1.0715e-01     0.1962    95.2129     6.5628     6.5298    32.0243    32.0253    24.8911    24.8941    6.68619 0.0000e+00
        253      7.375     8.3149     8.3091   3.370367   3.369799     2.1913     2.5572      8.184     4.5582   481.3579 1.0715e-01     0.1966    95.2042     6.5639     6.5317    32.0249    32.0242    24.8924    24.8927    6.68704 0.0000e+00
        256      7.498     8.3131     8.3106   3.370252   3.369988     2.1917     2.5568      8.184     4.5480   481.3579 1.0715e-01     0.1962    95.2129     6.5650     6.5329    32.0253    32.0248    24.8929    24.8929    6.68730 0.0000e+00
        259      7.618     8.3156     8.3111   3.370586   3.369949     2.1921     2.5572      8.184     4.7209   481.3579 1.0715e-01     0.1966    95.2042     6.5658     6.5368    32.0265    32.0239    24.8935    24.8922    6.68687 0.0000e+00
        262      7.736     8.3201     8.3109   3.370958   3.370019     2.1909     2.5576      8.184     4.7820   481.3579 1.0715e-01     0.1962    95.2129     6.5579     6.5404    32.0263    32.0247    24.8927    24.8929    6.68620 0.0000e+00
        265      7.856     8.3228     8.3170   3.371095   3.370550     2.1917     2.5568      8.184     4.7718   481.3579 1.0715e-01     0.1966    95.2042     6.5596     6.5399    32.0252    32.0247    24.8915    24.8920    6.68583 0.0000e+00
        268      7.973     8.3225     8.3200   3.371171   3.370812     2.1909     2.5576      8.184     4.7820   481.3579 1.0727e-01     0.1962    95.2129     6.5547     6.5428    32.0262    32.0247    24.8923    24.8915    6.68583 0.0000e+00
        271      8.085     8.3262     8.3228   3.371445   3.371020     2.1917     2.5572      8.184     4.7820   481.3579 1.0715e-01     0.1959    95.2215     6.5561     6.5425    32.0257    32.0243    24.8913    24.8908    6.68529 0.0000e+00
        274      8.190     8.3275     8.3236   3.371528   3.371100     2.1917     2.5564      8.184     4.7922   481.3579 1.0715e-01     0.1959    95.2215     6.5552     6.5409    32.0253    32.0243    24.8909    24.8907    6.68511 0.0000e+00
        277      8.296     8.3275     8.3236   3.371468   3.371049     2.1913     2.5572      8.182     4.7820   481.3579 1.0715e-01     0.1962    95.2129     6.5530     6.5430    32.0247    32.0238    24.8904    24.8903    6.68513 0.0000e+00
        280      8.400     8.3275     8.3235   3.371511   3.371040     2.1917     2.5588      8.182     4.7616   481.3579 1.0715e-01     0.1955    95.2302     6.5546     6.5463    32.0250    32.0238    24.8907    24.8903    6.68512 0.0000e+00
        283      8.493     8.3275     8.3231   3.371533   3.371056     2.1913     2.5580      8.184     4.7718   481.3579 1.0715e-01     0.1959    95.2215     6.5539     6.5431    32.0252    32.0242    24.8908    24.8907    6.68510 0.0000e+00
        286      8.579     8.3276     8.3232   3.371523   3.371055     2.1905     2.5584      8.184     4.5174   481.3579 1.0715e-01     0.1962    95.2129     6.5520     6.5456    32.0250    32.0241    24.8906    24.8906    6.68510 0.0000e+00
        289      8.665     8.3276     8.3233   3.371542   3.371064     2.1917     2.5588      8.184     4.4971   318.9017 1.0715e-01     0.1937    95.2737     6.5562     6.5476    32.0252    32.0240    24.8908    24.8905    6.68510 0.0000e+00
        292      8.746     8.3276     8.3237   3.371529   3.371099     2.1909     2.5580      8.184     4.5072    -2.6946 1.0715e-01     0.1926    95.2998     6.5531     6.5443    32.0250    32.0241    24.8906    24.8904    6.68510 0.0000e+00
        295      8.824     8.3280     8.3235   3.371572   3.371096     2.1905     2.5588      8.184     4.4971     3.5432 1.0715e-01     0.1929    95.2911     6.5513     6.5471    32.0250    32.0241    24.8906    24.8905    6.68504 0.0000e+00
        298      8.898     8.3274     8.3238   3.371528   3.371120     2.1909     2.5588      8.184     4.5072     3.7405 1.0715e-01     0.1922    95.3085     6.5547     6.5460    32.0251    32.0240    24.8907    24.8904    6.68513 0.0000e+00
        301      8.965     8.3269     8.3242   3.371470   3.371142     2.1913     2.5576      8.184     4.4869     3.7010 1.0715e-01     0.1922    95.3085     6.5569     6.5406    32.0249    32.0239    24.8906    24.8903    6.68521 0.0000e+00
        304      9.031     8.3265     8.3235   3.371489   3.371075     2.1909     2.5576      8.184     4.4869     3.7010 1.0715e-01     0.1922    95.3085     6.5566     6.5404    32.0254    32.0237    24.8911    24.8902    6.68525 0.0000e+00
        307      9.094     8.3275     8.3228   3.371567   3.371021     2.1913     2.5584      8.184     4.4869     3.7405 1.0715e-01     0.1929    95.2911     6.5599     6.5449    32.0253    32.0239    24.8909    24.8904    6.68510 0.0000e+00
        310      9.155     8.3278     8.3228   3.371571   3.371057     2.1913     2.5592      8.184     4.5479     3.7010 1.0715e-01     0.1929    95.2911     6.5599     6.5473    32.0251    32.0242    24.8906    24.8907    6.68507 0.0000e+00
        313      9.214     8.3279     8.3233   3.371585   3.371079     2.1909     2.5592      8.184     4.6701     3.7010 1.0715e-01     0.1926    95.2998     6.5588     6.5484    32.0251    32.0240    24.8906    24.8904    6.68505 0.0000e+00
        316      9.269     8.3281     8.3233   3.371620   3.371094     2.1909     2.5584      8.182     4.6904     4.8064 1.0715e-01     0.1926    95.2998     6.5595     6.5458    32.0252    32.0241    24.8907    24.8905    6.68501 0.0000e+00
        319      9.322     8.3280     8.3232   3.371597   3.371076     2.1913     2.5592      8.184     4.7006     5.5171 1.0715e-01     0.1926    95.2998     6.5612     6.5478    32.0251    32.0240    24.8906    24.8904    6.68504 0.0000e+00
        322      9.378     8.3279     8.3232   3.371620   3.371078     2.1913     2.5592      8.182     4.6904     5.4776 1.0715e-01     0.1926    95.2998     6.5599     6.5488    32.0254    32.0240    24.8909    24.8904    6.68504 0.0000e+00
        325      9.429     8.3280     8.3235   3.371626   3.371122     2.1913     2.5592      8.184     4.6701     5.4776 1.0715e-01     0.1922    95.3085     6.5605     6.5493    32.0253    32.0241    24.8908    24.8905    6.68502 0.0000e+00
        328      9.477     8.3283     8.3237   3.371630   3.371122     2.1917     2.5592      8.182     4.6803     5.4776 1.0715e-01     0.1929    95.2911     6.5627     6.5475    32.0251    32.0239    24.8906    24.8904    6.68499 0.0000e+00
        331      9.526     8.3279     8.3234   3.371575   3.371099     2.1909     2.5600      8.182     4.6803     5.4776 1.0715e-01     0.1933    95.2824     6.5600     6.5496    32.0249    32.0239    24.8905    24.8903    6.68507 0.0000e+00
        334      9.576     8.3275     8.3235   3.371569   3.371114     2.1917     2.5592      8.182     4.7006     5.4776 1.0715e-01     0.1933    95.2824     6.5624     6.5480    32.0251    32.0239    24.8907    24.8904    6.68511 0.0000e+00
        337      9.626     8.3276     8.3240   3.371589   3.371179     2.1917     2.5596      8.184     5.0567     5.4776 1.0715e-01     0.1933    95.2824     6.5612     6.5520    32.0252    32.0242    24.8908    24.8905    6.68509 0.0000e+00
        340      9.671     8.3273     8.3242   3.371566   3.371176     2.1913     2.5592      8.182     5.4027     5.4776 1.0715e-01     0.1933    95.2824     6.5596     6.5517    32.0252    32.0239    24.8908    24.8903    6.68514 0.0000e+00
        343      9.718     8.3273     8.3240   3.371534   3.371166     2.1917     2.5596      8.184     5.3925     7.8069 1.0715e-01     0.1933    95.2824     6.5602     6.5534    32.0249    32.0240    24.8905    24.8903    6.68515 0.0000e+00
        346      9.764     8.3270     8.3237   3.371553   3.371141     2.1909     2.5592      8.184     5.3925     8.1227 1.0715e-01     0.1933    95.2824     6.5559     6.5523    32.0253    32.0240    24.8909    24.8904    6.68517 0.0000e+00
        349      9.808     8.3275     8.3233   3.371562   3.371088     2.1921     2.5604      8.184     5.3925     8.0832 1.0715e-01     0.1933    95.2824     6.5603     6.5549    32.0249    32.0238    24.8906    24.8903    6.68512 0.0000e+00
        352      9.853     8.3276     8.3235   3.371584   3.371120     2.1917     2.5596      8.184     5.3721     8.0832 1.0715e-01     0.1911    95.3345     6.5587     6.5524    32.0251    32.0239    24.8906    24.8904    6.68510 0.0000e+00
        355      9.892     8.3278     8.3231   3.371584   3.371093     2.1921     2.5604      8.184     5.3721     8.0832 1.0715e-01     0.1911    95.3345     6.5607     6.5544    32.0249    32.0239    24.8905    24.8904    6.68508 0.0000e+00
        358      9.936     8.3276     8.3231   3.371569   3.371089     2.1905     2.5613      8.184     5.3823     8.0832 1.0715e-01     0.1915    95.3258     6.5541     6.5561    32.0249    32.0239    24.8905    24.8904    6.68511 0.0000e+00
        361      9.972     8.3276     8.3231   3.371587   3.371095     2.1913     2.5617      8.182     5.3823     8.0832 1.0715e-01     0.1911    95.3345     6.5569     6.5548    32.0250    32.0239    24.8906    24.8904    6.68509 0.0000e+00
        364     10.004     8.3278     8.3232   3.371599   3.371110     2.1921     2.5608      8.184     5.1178     8.0832 1.0715e-01     0.1918    95.3172     6.5609     6.5489    32.0250    32.0240    24.8906    24.8905    6.68508 0.0000e+00
        367     10.034     8.3274     8.3233   3.371554   3.371108     2.1909     2.5613      8.184     5.0669    88.1072 1.0715e-01     0.1918    95.3172     6.5559     6.5462    32.0248    32.0239    24.8905    24.8904    6.68514 0.0000e+00
        371     10.066     8.3275     8.3229   3.371590   3.371082     2.1909     2.5608      8.184     5.0466   474.8834 1.0715e-01     0.1937    95.2737     6.5552     6.5413    32.0252    32.0239    24.8907    24.8905    6.68512 0.0000e+00
        375     10.099     8.3278     8.3228   3.371611   3.371080     2.1913     2.5613      8.182     5.0567   481.0816 1.0715e-01     0.1944    95.2563     6.5576     6.5386    32.0251    32.0240    24.8906    24.8905    6.68507 0.0000e+00
        414     10.297     8.3267     8.3233   3.371530   3.371110     2.1921     2.5580      8.184     4.7820    15.6632 1.0715e-01     0.1955    95.2302     6.5653     6.5336    32.0251    32.0238    24.8908    24.8903    6.68523 0.0000e+00
        417     10.322     8.3262     8.3233   3.371465   3.371114     2.1917     2.5576      8.184     4.8939    15.6632 1.0715e-01     0.1955    95.2302     6.5626     6.5322    32.0249    32.0238    24.8907    24.8903    6.68533 0.0000e+00
        420     10.350     8.3261     8.3233   3.371506   3.371140     2.1921     2.5580      8.184     4.9041   184.3966 1.0715e-01     0.1955    95.2302     6.5633     6.5339    32.0254    32.0240    24.8911    24.8905    6.68531 0.0000e+00
        423     10.381     8.3264     8.3232   3.371501   3.371116     2.1921     2.5580      8.182     4.9041   482.1870 1.0715e-01     0.1955    95.2302     6.5627     6.5344    32.0250    32.0239    24.8908    24.8904    6.68528 0.0000e+00
        426     10.414     8.3265     8.3233   3.371513   3.371131     2.1917     2.5580      8.184     4.9143   481.1606 1.0715e-01     0.1955    95.2302     6.5616     6.5339    32.0250    32.0240    24.8908    24.8904    6.68527 0.0000e+00
        429     10.452     8.3271     8.3236   3.371554   3.371164     2.1921     2.5572      8.182     4.9041   481.3184 1.0715e-01     0.1959    95.2215     6.5639     6.5314    32.0249    32.0240    24.8906    24.8905    6.68518 0.0000e+00
        432     10.497     8.3271     8.3236   3.371570   3.371155     2.1913     2.5576      8.184     4.9143   481.3579 1.0715e-01     0.1966    95.2042     6.5605     6.5325    32.0250    32.0239    24.8907    24.8903    6.68517 0.0000e+00
        435     10.552     8.3272     8.3236   3.371554   3.371141     2.1917     2.5580      8.182     4.9041   481.3579 1.0715e-01     0.1966    95.2042     6.5612     6.5327    32.0247    32.0238    24.8905    24.8902    6.68517 0.0000e+00
        438     10.613     8.3268     8.3230   3.371558   3.371101     2.1921     2.5568      8.184     4.8939   481.3579 1.0715e-01     0.1966    95.2042     6.5603     6.5287    32.0252    32.0238    24.8909    24.8903    6.68522 0.0000e+00
        441     10.682     8.3276     8.3230   3.371580   3.371098     2.1917     2.5572      8.184     4.7718   481.3579 1.0715e-01     0.1966    95.2042     6.5586     6.5304    32.0246    32.0237    24.8903    24.8903    6.68511 0.0000e+00
        444     10.758     8.3270     8.3223   3.371557   3.371047     2.1917     2.5568      8.184     4.5276   481.3579 1.0715e-01     0.1966    95.2042     6.5580     6.5290    32.0249    32.0238    24.8906    24.8905    6.68520 0.0000e+00
        447     10.839     8.3255     8.3221   3.371416   3.371042     2.1917     2.5568      8.182     4.5276   182.8569 1.0715e-01     0.1966    95.2042     6.5587     6.5289    32.0247    32.0239    24.8907    24.8905    6.68543 0.0000e+00
        450     10.925     8.3241     8.3219   3.371298   3.371005     2.1917     2.5568      8.182     4.5276     6.7804 1.0715e-01     0.1948    95.2476     6.5587     6.5304    32.0247    32.0236    24.8909    24.8904    6.68564 0.0000e+00
        453     11.018     8.3229     8.3210   3.371229   3.370933     2.1925     2.5568      8.182     4.5480    14.2419 1.0715e-01     0.1922    95.3085     6.5623     6.5319    32.0251    32.0237    24.8914    24.8905    6.68582 0.0000e+00
        456     11.119     8.3233     8.3202   3.371260   3.370881     2.1917     2.5564      8.184     4.5276    13.9261 1.0715e-01     0.1922    95.3085     6.5601     6.5311    32.0250    32.0238    24.8912    24.8908    6.68575 0.0000e+00
        459     11.222     8.3240     8.3210   3.371361   3.370970     2.1913     2.5568      8.184     4.5276    13.9261 1.0715e-01     0.1918    95.3172     6.5575     6.5336    32.0254    32.0240    24.8914    24.8908    6.68563 0.0000e+00
        462     11.330     8.3258     8.3224   3.371547   3.371120     2.1913     2.5568      8.184     4.5276    13.8866 1.0715e-01     0.1922    95.3085     6.5593     6.5347    32.0257    32.0243    24.8914    24.8908    6.68535 0.0000e+00
        465     11.442     8.3249     8.3195   3.371359   3.370762     2.1917     2.5568      8.184     4.5174    13.9656 1.0715e-01     0.1922    95.3085     6.5616     6.5362    32.0245    32.0231    24.8906    24.8903    6.68554 0.0000e+00
