Datasets/AZMP/HUD120/hud120_2020_059.cnv
* Sea-Bird SBE 9 Data File:
* FileName = C:\CTDDATA\hud120_2020_059.hex
* Software Version Seasave V 7.26.7.110
* Temperature SN = 1697
* Conductivity SN = 4216
* Number of Bytes Per Scan = 30
* Number of Voltage Words = 4
* Number of Scans Averaged by the Deck Unit = 1
* NMEA baud rate = 4800
** VESSEL/TRIP/SEQ STN:  hub120_2020_059
** LATITUDE XX XX.XX: 47 00.00 N
** LONGITUDE XX XX.XX: 045 30.00 W
** SOUNDING DEPTH (M): 0270
** PROBE TYPE: S1146
** CTD NUMBER: 038
** FORMAT: V
** COMMENTS (14 CHAR): FC-23
** BOTTLES:  10
** LEVELS: 5,10,20,30,40,50,75,100,150,BTM
** STICKERS: 439760 - 439769
** VNET: Y
** DO2: N
# nquan = 22
# nvalues = 4473                        
# units = specified
# name 0 = scan: Scan Count
# name 1 = prDM: Pressure, Digiquartz [db]
# name 2 = t090C: Temperature [ITS-90, deg C]
# name 3 = t190C: Temperature, 2 [ITS-90, deg C]
# name 4 = c0S/m: Conductivity [S/m]
# name 5 = c1S/m: Conductivity, 2 [S/m]
# name 6 = sbeox0V: Oxygen raw, SBE 43 [V]
# name 7 = sbeox1V: Oxygen raw, SBE 43, 2 [V]
# name 8 = ph: pH
# name 9 = flECO-AFL: Fluorescence, WET Labs ECO-AFL/FL [mg/m^3]
# name 10 = wetCDOM: Fluorescence, WET Labs CDOM [mg/m^3]
# name 11 = par/sat/log: PAR/Logarithmic, Satlantic [umol photons/m^2/sec]
# name 12 = CStarAt0: Beam Attenuation, WET Labs C-Star [1/m]
# name 13 = CStarTr0: Beam Transmission, WET Labs C-Star [%]
# name 14 = sbeox0ML/L: Oxygen, SBE 43 [ml/l], WS = 2
# name 15 = sbeox1ML/L: Oxygen, SBE 43, 2 [ml/l], WS = 2
# name 16 = sal00: Salinity, Practical [PSU]
# name 17 = sal11: Salinity, Practical, 2 [PSU]
# name 18 = sigma-t00: Density [sigma-t, kg/m^3 ]
# name 19 = sigma-t11: Density, 2 [sigma-t, kg/m^3 ]
# name 20 = oxsatML/L: Oxygen Saturation, Weiss [ml/l]
# name 21 = flag: flag
# span 0 =         33,      43289       
# span 1 =      0.548,    249.583       
# span 2 =     3.8317,     8.2750       
# span 3 =     3.8265,     8.2710       
# span 4 =   3.152293,   3.460210       
# span 5 =   3.151806,   3.459681       
# span 6 =     1.7942,     2.2182       
# span 7 =     2.1279,     2.6441       
# span 8 =      7.944,      8.156       
# span 9 =     0.8544,     5.5146       
# span 10 =    -2.8130,   482.1870      
# span 11 = 1.0715e-01, 2.7090e+02      
# span 12 =     0.0821,     0.7621      
# span 13 =    82.6525,    97.9683      
# span 14 =     5.4763,     6.9633      
# span 15 =     5.6184,     7.2775      
# span 16 =    32.7757,    34.8150      
# span 17 =    32.9574,    34.8143      
# span 18 =    25.4872,    27.6103      
# span 19 =    25.6302,    27.6103      
# span 20 =    6.65160,    7.34664      
# span 21 = 0.0000e+00, 0.0000e+00      
# interval = scans: 3                   
# start_time = Nov 23 2020 15:04:45 [System UTC, header]
# bad_flag = -9.990e-29
*END*
[from data line 132]
        489     13.718     8.2741     8.2700   3.458623   3.458083     2.2096     2.6349      8.151     5.3009    -2.8130 2.5674e+01     0.2477    93.9959     6.5978     6.7415    32.9923    32.9904    25.6570    25.6561    6.65175 0.0000e+00
        492     13.765     8.2741     8.2696   3.458604   3.458084     2.2100     2.6349      8.151     5.2908     2.3588 2.5645e+01     0.2462    94.0307     6.5983     6.7397    32.9921    32.9908    25.6568    25.6565    6.65176 0.0000e+00
        495     13.806     8.2740     8.2699   3.458596   3.458082     2.2096     2.6349      8.151     5.3009     2.9115 2.5704e+01     0.2462    94.0307     6.5964     6.7381    32.9921    32.9905    25.6569    25.6562    6.65178 0.0000e+00
        498     13.840     8.2741     8.2700   3.458639   3.458098     2.2096     2.6349      8.151     5.3009     2.9115 2.5734e+01     0.2462    94.0307     6.5953     6.7364    32.9924    32.9906    25.6571    25.6562    6.65175 0.0000e+00
        501     13.870     8.2741     8.2700   3.458639   3.458094     2.2100     2.6349      8.151     5.2908     2.8720 2.5734e+01     0.2462    94.0307     6.5962     6.7368    32.9924    32.9905    25.6570    25.6562    6.65174 0.0000e+00
        504     13.896     8.2743     8.2698   3.458644   3.458088     2.2100     2.6341      8.151     5.2806     2.8720 2.5704e+01     0.2462    94.0307     6.5956     6.7346    32.9923    32.9907    25.6569    25.6563    6.65172 0.0000e+00
        508     13.927     8.2740     8.2701   3.458624   3.458099     2.2096     2.6337      8.151     5.3213     2.8720 2.5793e+01     0.2462    94.0307     6.5928     6.7339    32.9923    32.9904    25.6570    25.6561    6.65177 0.0000e+00
        513     13.961     8.2740     8.2697   3.458627   3.458102     2.2088     2.6337      8.151     5.4027     2.9509 2.6033e+01     0.2462    94.0307     6.5892     6.7342    32.9923    32.9908    25.6570    25.6564    6.65177 0.0000e+00
        516     13.984     8.2740     8.2699   3.458622   3.458115     2.2092     2.6325      8.151     5.3925     2.9904 2.6245e+01     0.2462    94.0307     6.5919     6.7314    32.9923    32.9908    25.6570    25.6564    6.65178 0.0000e+00
        521     14.021     8.2738     8.2694   3.458612   3.458065     2.2096     2.6325      8.151     5.3925     2.9904 2.6550e+01     0.2462    94.0307     6.5938     6.7332    32.9923    32.9907    25.6570    25.6564    6.65179 0.0000e+00
        524     14.049     8.2736     8.2689   3.458613   3.457997     2.2088     2.6337      8.151     5.3823     3.0299 2.6611e+01     0.2458    94.0394     6.5904     6.7387    32.9926    32.9905    25.6572    25.6563    6.65182 0.0000e+00
        527     14.086     8.2736     8.2690   3.458585   3.458042     2.2088     2.6325      8.151     5.3925     2.9904 2.6642e+01     0.2462    94.0307     6.5911     6.7373    32.9922    32.9908    25.6570    25.6566    6.65183 0.0000e+00
        530     14.127     8.2730     8.2688   3.458565   3.458008     2.2088     2.6325      8.151     5.3721     2.9904 2.6580e+01     0.2462    94.0307     6.5921     6.7387    32.9925    32.9906    25.6573    25.6564    6.65191 0.0000e+00
        533     14.179     8.2727     8.2685   3.458522   3.458011     2.2088     2.6325      8.151     5.3925     2.9904 2.6427e+01     0.2462    94.0307     6.5931     6.7397    32.9924    32.9909    25.6573    25.6567    6.65197 0.0000e+00
        536     14.240     8.2723     8.2687   3.458503   3.457962     2.2088     2.6325      8.151     5.3721     2.9904 2.6215e+01     0.2462    94.0307     6.5926     6.7412    32.9925    32.9902    25.6574    25.6561    6.65202 0.0000e+00
        539     14.310     8.2722     8.2687   3.458517   3.458033     2.2096     2.6329      8.151     5.2602   240.9701 2.5883e+01     0.2462    94.0307     6.5953     6.7436    32.9927    32.9909    25.6576    25.6567    6.65202 0.0000e+00
        542     14.387     8.2724     8.2691   3.458531   3.458057     2.2092     2.6325      8.151     5.2500   482.1870 2.5586e+01     0.2462    94.0307     6.5928     6.7421    32.9926    32.9907    25.6575    25.6565    6.65200 0.0000e+00
        545     14.473     8.2725     8.2693   3.458579   3.458075     2.2088     2.6325      8.151     5.2500   480.8447 2.5233e+01     0.2458    94.0394     6.5925     6.7429    32.9930    32.9906    25.6578    25.6564    6.65197 0.0000e+00
        548     14.569     8.2730     8.2695   3.458599   3.458114     2.2084     2.6325      8.151     5.2602   481.0421 2.4857e+01     0.2462    94.0307     6.5907     6.7443    32.9926    32.9908    25.6574    25.6565    6.65190 0.0000e+00
        551     14.670     8.2736     8.2695   3.458648   3.458079     2.2088     2.6329      8.151     5.2500   481.0816 2.4458e+01     0.2444    94.0741     6.5908     6.7476    32.9926    32.9905    25.6573    25.6562    6.65182 0.0000e+00
        554     14.779     8.2737     8.2694   3.458667   3.458105     2.2088     2.6325      8.151     5.2500   481.0421 2.3982e+01     0.2440    94.0828     6.5898     6.7476    32.9926    32.9907    25.6573    25.6564    6.65179 0.0000e+00
        557     14.898     8.2741     8.2696   3.458679   3.458139     2.2088     2.6325      8.151     5.2602   481.0026 2.3569e+01     0.2440    94.0828     6.5884     6.7486    32.9924    32.9909    25.6570    25.6565    6.65175 0.0000e+00
        560     15.027     8.2740     8.2699   3.458693   3.458164     2.2080     2.6325      8.151     5.2704   481.0421 2.3111e+01     0.2440    94.0828     6.5833     6.7495    32.9925    32.9908    25.6572    25.6565    6.65176 0.0000e+00
        563     15.161     8.2741     8.2702   3.458718   3.458176     2.2088     2.6325      8.151     5.1076   481.0421 2.2714e+01     0.2440    94.0828     6.5862     6.7508    32.9927    32.9906    25.6572    25.6562    6.65174 0.0000e+00
        566     15.291     8.2741     8.2700   3.458731   3.458191     2.2080     2.6325      8.151     4.9346   481.0026 2.2297e+01     0.2440    94.0828     6.5835     6.7513    32.9927    32.9908    25.6573    25.6564    6.65173 0.0000e+00
        569     15.426     8.2741     8.2700   3.458751   3.458199     2.2088     2.6333      8.151     4.9245   481.0026 2.1838e+01     0.2440    94.0828     6.5879     6.7550    32.9929    32.9909    25.6575    25.6564    6.65173 0.0000e+00
        572     15.565     8.2741     8.2703   3.458772   3.458195     2.2076     2.6329      8.151     4.9346   481.0026 2.1314e+01     0.2429    94.1089     6.5840     6.7536    32.9930    32.9905    25.6576    25.6562    6.65172 0.0000e+00
        575     15.700     8.2742     8.2703   3.458758   3.458228     2.2080     2.6337      8.151     4.9245   481.0421 2.0827e+01     0.2429    94.1089     6.5853     6.7561    32.9927    32.9908    25.6573    25.6564    6.65172 0.0000e+00
        578     15.836     8.2742     8.2703   3.458763   3.458230     2.2076     2.6337      8.151     4.9448   481.0026 2.0374e+01     0.2429    94.1089     6.5858     6.7576    32.9927    32.9908    25.6572    25.6563    6.65171 0.0000e+00
        581     15.969     8.2742     8.2702   3.458772   3.458241     2.2072     2.6337      8.151     4.9346   481.0026 1.9932e+01     0.2429    94.1089     6.5867     6.7578    32.9927    32.9909    25.6573    25.6564    6.65172 0.0000e+00
        584     16.096     8.2742     8.2703   3.458754   3.458217     2.2072     2.6337      8.151     4.9346   481.0026 1.9544e+01     0.2425    94.1176     6.5852     6.7569    32.9925    32.9904    25.6572    25.6561    6.65173 0.0000e+00
        587     16.217     8.2744     8.2703   3.458773   3.458246     2.2072     2.6341      8.151     4.9346   481.0026 1.9141e+01     0.2429    94.1089     6.5858     6.7567    32.9925    32.9907    25.6571    25.6563    6.65170 0.0000e+00
        590     16.332     8.2740     8.2702   3.458770   3.458258     2.2072     2.6337      8.151     4.8837   436.8650 1.8812e+01     0.2451    94.0568     6.5874     6.7548    32.9927    32.9909    25.6573    25.6564    6.65175 0.0000e+00
        593     16.441     8.2740     8.2702   3.458772   3.458249     2.2080     2.6341      8.151     4.8735    22.0193 1.8489e+01     0.2473    94.0046     6.5918     6.7548    32.9927    32.9908    25.6573    25.6563    6.65175 0.0000e+00
        596     16.541     8.2739     8.2701   3.458791   3.458240     2.2076     2.6337      8.151     4.8634     0.4638 1.8150e+01     0.2473    94.0046     6.5906     6.7535    32.9930    32.9907    25.6575    25.6563    6.65175 0.0000e+00
        599     16.636     8.2740     8.2700   3.458784   3.458240     2.2072     2.6341      8.151     4.8634     2.7141 1.7879e+01     0.2473    94.0046     6.5883     6.7529    32.9927    32.9907    25.6573    25.6564    6.65175 0.0000e+00
        602     16.722     8.2740     8.2700   3.458786   3.458242     2.2084     2.6349      8.151     4.8634     2.5956 1.7612e+01     0.2473    94.0046     6.5942     6.7557    32.9927    32.9907    25.6573    25.6564    6.65175 0.0000e+00
        605     16.804     8.2743     8.2701   3.458797   3.458245     2.2076     2.6341      8.151     4.8735     2.5562 1.7370e+01     0.2473    94.0046     6.5911     6.7538    32.9925    32.9906    25.6571    25.6562    6.65171 0.0000e+00
        608     16.881     8.2742     8.2702   3.458803   3.458264     2.2060     2.6341      8.151     4.8634     2.6351 1.7190e+01     0.2473    94.0046     6.5832     6.7542    32.9927    32.9907    25.6572    25.6563    6.65172 0.0000e+00
        611     16.949     8.2742     8.2702   3.458794   3.458245     2.2076     2.6337      8.151     4.8735     2.5562 1.6992e+01     0.2447    94.0654     6.5884     6.7525    32.9925    32.9905    25.6571    25.6562    6.65173 0.0000e+00
        614     17.006     8.2740     8.2703   3.458792   3.458241     2.2076     2.6349      8.151     4.8837     2.5167 1.6797e+01     0.2429    94.1089     6.5867     6.7556    32.9926    32.9903    25.6572    25.6560    6.65175 0.0000e+00
        617     17.057     8.2743     8.2703   3.458795   3.458258     2.2072     2.6341      8.151     5.1381     1.0954 1.6680e+01     0.2429    94.1089     6.5852     6.7540    32.9924    32.9904    25.6570    25.6561    6.65172 0.0000e+00
        620     17.101     8.2743     8.2702   3.458803   3.458251     2.2064     2.6341      8.151     5.1483    -1.9444 1.6565e+01     0.2429    94.1089     6.5835     6.7529    32.9925    32.9905    25.6571    25.6561    6.65172 0.0000e+00
        623     17.138     8.2741     8.2702   3.458790   3.458260     2.2068     2.6337      8.151     5.1483    -1.8655 1.6489e+01     0.2429    94.1089     6.5852     6.7497    32.9925    32.9906    25.6571    25.6562    6.65174 0.0000e+00
        641     17.193     8.2742     8.2701   3.458800   3.458269     2.2072     2.6341      8.151     5.1381   159.4853 1.6745e+01     0.2418    94.1350     6.5878     6.7468    32.9925    32.9907    25.6571    25.6563    6.65173 0.0000e+00
        674     17.276     8.2740     8.2701   3.458812   3.458258     2.2064     2.6329      8.151     5.0872   481.7527 1.7370e+01     0.2395    94.1872     6.5845     6.7357    32.9927    32.9906    25.6573    25.6562    6.65175 0.0000e+00
        677     17.309     8.2742     8.2700   3.458810   3.458264     2.2064     2.6325      8.151     5.0974   480.8447 1.7410e+01     0.2395    94.1872     6.5837     6.7343    32.9926    32.9907    25.6572    25.6563    6.65173 0.0000e+00
        680     17.349     8.2741     8.2699   3.458800   3.458257     2.2064     2.6325      8.151     5.0872   481.0026 1.7430e+01     0.2395    94.1872     6.5825     6.7346    32.9925    32.9907    25.6572    25.6563    6.65175 0.0000e+00
        683     17.397     8.2741     8.2700   3.458802   3.458260     2.2064     2.6321      8.151     5.0974   481.0026 1.7490e+01     0.2395    94.1872     6.5822     6.7347    32.9925    32.9906    25.6571    25.6562    6.65175 0.0000e+00
        686     17.455     8.2736     8.2699   3.458762   3.458257     2.2064     2.6313      8.151     5.0872   481.0026 1.7450e+01     0.2395    94.1872     6.5812     6.7334    32.9925    32.9907    25.6572    25.6563    6.65182 0.0000e+00
        689     17.525     8.2738     8.2700   3.458787   3.458277     2.2072     2.6317      8.151     5.0974   481.0026 1.7430e+01     0.2395    94.1872     6.5841     6.7336    32.9925    32.9907    25.6572    25.6563    6.65178 0.0000e+00
        692     17.604     8.2736     8.2695   3.458774   3.458212     2.2060     2.6317      8.151     5.0872   481.0026 1.7350e+01     0.2395    94.1872     6.5785     6.7335    32.9926    32.9905    25.6573    25.6562    6.65182 0.0000e+00
        695     17.693     8.2733     8.2689   3.458743   3.458195     2.2055     2.6313      8.151     4.9041   405.5582 1.7249e+01     0.2388    94.2045     6.5779     6.7332    32.9925    32.9908    25.6573    25.6565    6.65187 0.0000e+00
        698     17.793     8.2727     8.2686   3.458718   3.458177     2.2060     2.6313      8.151     4.8634    11.0047 1.7091e+01     0.2384    94.2132     6.5799     6.7329    32.9927    32.9908    25.6576    25.6566    6.65195 0.0000e+00
        701     17.905     8.2727     8.2686   3.458696   3.458197     2.2055     2.6309      8.151     4.8634    10.9652 1.6953e+01     0.2384    94.2132     6.5774     6.7322    32.9925    32.9910    25.6573    25.6568    6.65196 0.0000e+00
        704     18.027     8.2725     8.2686   3.458709   3.458201     2.2055     2.6317      8.151     4.8735    11.0836 1.6719e+01     0.2388    94.2045     6.5755     6.7353    32.9927    32.9911    25.6575    25.6568    6.65198 0.0000e+00
        707     18.159     8.2727     8.2687   3.458758   3.458222     2.2055     2.6313      8.151     4.8634    11.0441 1.6508e+01     0.2384    94.2132     6.5742     6.7350    32.9930    32.9911    25.6577    25.6568    6.65193 0.0000e+00
        710     18.302     8.2731     8.2690   3.458786   3.458275     2.2055     2.6309      8.151     4.8837    11.0836 1.6243e+01     0.2391    94.1959     6.5732     6.7344    32.9928    32.9913    25.6575    25.6569    6.65188 0.0000e+00
        713     18.456     8.2733     8.2694   3.458797   3.458274     2.2051     2.6300      8.151     4.8735    11.0441 1.5927e+01     0.2384    94.2132     6.5724     6.7313    32.9927    32.9909    25.6574    25.6565    6.65186 0.0000e+00
        716     18.618     8.2735     8.2691   3.458802   3.458262     2.2047     2.6304      8.151     4.8735    11.0441 1.5653e+01     0.2384    94.2132     6.5731     6.7338    32.9925    32.9909    25.6572    25.6567    6.65184 0.0000e+00
        719     18.783     8.2734     8.2692   3.458829   3.458267     2.2060     2.6309      8.151     4.8227    11.0441 1.5331e+01     0.2384    94.2132     6.5773     6.7357    32.9928    32.9908    25.6574    25.6565    6.65184 0.0000e+00
        722     18.957     8.2733     8.2691   3.458843   3.458286     2.2051     2.6300      8.151     4.5073     6.5040 1.5032e+01     0.2384    94.2132     6.5739     6.7333    32.9929    32.9910    25.6576    25.6567    6.65184 0.0000e+00
        725     19.132     8.2734     8.2693   3.458835   3.458313     2.2043     2.6300      8.151     4.5072     0.0295 1.4757e+01     0.2384    94.2132     6.5736     6.7350    32.9927    32.9910    25.6574    25.6567    6.65184 0.0000e+00
        728     19.308     8.2733     8.2691   3.458833   3.458306     2.2039     2.6300      8.151     4.5174     0.3848 1.4403e+01     0.2388    94.2045     6.5740     6.7341    32.9927    32.9911    25.6574    25.6567    6.65185 0.0000e+00
        731     19.483     8.2729     8.2689   3.458796   3.458301     2.2039     2.6300      8.151     4.4971     0.3848 1.4106e+01     0.2384    94.2132     6.5766     6.7360    32.9926    32.9911    25.6574    25.6568    6.65192 0.0000e+00
