Datasets/AZMP/HUD120/hud120_2020_075.cnv
* Sea-Bird SBE 9 Data File:
* FileName = C:\CTDDATA\hud120_2020_075.hex
* Software Version Seasave V 7.26.7.110
* Temperature SN = 1697
* Conductivity SN = 4216
* Number of Bytes Per Scan = 30
* Number of Voltage Words = 4
* Number of Scans Averaged by the Deck Unit = 1
* NMEA baud rate = 4800
** VESSEL/TRIP/SEQ STN:  hub120_2020_075
** LATITUDE XX XX.XX: 47 00.00 N
** LONGITUDE XX XX.XX: 051 00.00 W
** SOUNDING DEPTH (M): 0106
** PROBE TYPE: S1146
** CTD NUMBER: 054
** FORMAT: V
** COMMENTS (14 CHAR): FC-07
** BOTTLES:  8
** LEVELS: 5,10,20,30,40,50,75,BTM
** STICKERS: 439867 - 439874
** VNET: Y
** DO2: N
# nquan = 22
# nvalues = 2081                        
# units = specified
# name 0 = scan: Scan Count
# name 1 = prDM: Pressure, Digiquartz [db]
# name 2 = t090C: Temperature [ITS-90, deg C]
# name 3 = t190C: Temperature, 2 [ITS-90, deg C]
# name 4 = c0S/m: Conductivity [S/m]
# name 5 = c1S/m: Conductivity, 2 [S/m]
# name 6 = sbeox0V: Oxygen raw, SBE 43 [V]
# name 7 = sbeox1V: Oxygen raw, SBE 43, 2 [V]
# name 8 = ph: pH
# name 9 = flECO-AFL: Fluorescence, WET Labs ECO-AFL/FL [mg/m^3]
# name 10 = wetCDOM: Fluorescence, WET Labs CDOM [mg/m^3]
# name 11 = par/sat/log: PAR/Logarithmic, Satlantic [umol photons/m^2/sec]
# name 12 = CStarAt0: Beam Attenuation, WET Labs C-Star [1/m]
# name 13 = CStarTr0: Beam Transmission, WET Labs C-Star [%]
# name 14 = sbeox0ML/L: Oxygen, SBE 43 [ml/l], WS = 2
# name 15 = sbeox1ML/L: Oxygen, SBE 43, 2 [ml/l], WS = 2
# name 16 = sal00: Salinity, Practical [PSU]
# name 17 = sal11: Salinity, Practical, 2 [PSU]
# name 18 = sigma-t00: Density [sigma-t, kg/m^3 ]
# name 19 = sigma-t11: Density, 2 [sigma-t, kg/m^3 ]
# name 20 = oxsatML/L: Oxygen Saturation, Weiss [ml/l]
# name 21 = flag: flag
# span 0 =          2,      34036       
# span 1 =      0.423,    102.650       
# span 2 =    -0.4849,     8.3446       
# span 3 =    -0.4900,     8.3402       
# span 4 =   2.718848,   3.374585       
# span 5 =   2.718465,   3.374127       
# span 6 =     1.8021,     2.1925       
# span 7 =     2.1268,     2.6100       
# span 8 =      7.899,      8.184       
# span 9 =     1.0986,     5.4027       
# span 10 =    -2.8130,   482.1870      
# span 11 = 1.0641e-01, 1.0261e+00      
# span 12 =     0.1238,     0.3066      
# span 13 =    92.6225,    96.9513      
# span 14 =     6.1655,     7.0153      
# span 15 =     5.9392,     7.2722      
# span 16 =    32.0156,    33.0229      
# span 17 =    32.0015,    33.0205      
# span 18 =    24.8900,    26.5312      
# span 19 =    24.8751,    26.5300      
# span 20 =    6.68236,    8.26123      
# span 21 = 0.0000e+00, 0.0000e+00      
# interval = scans: 3                   
# start_time = Nov 26 2020 05:04:57 [System UTC, header]
# bad_flag = -9.990e-29
*END*
[from data line 132]
        471     11.670     8.3220     8.3166   3.371206   3.370602     2.1917     2.5564      8.184     4.1511    19.8479 1.0715e-01     0.1918    95.3172     6.5640     6.5383    32.0254    32.0239    24.8917    24.8913    6.68594 0.0000e+00
        474     11.787     8.3214     8.3172   3.371160   3.370701     2.1913     2.5568      8.184     4.1613   427.3901 1.0715e-01     0.1911    95.3345     6.5629     6.5394    32.0254    32.0244    24.8918    24.8916    6.68603 0.0000e+00
        477     11.904     8.3209     8.3179   3.371077   3.370772     2.1917     2.5568      8.182     4.1613   481.2790 1.0715e-01     0.1911    95.3345     6.5640     6.5388    32.0249    32.0244    24.8915    24.8916    6.68613 0.0000e+00
        480     12.019     8.3199     8.3174   3.370977   3.370706     2.1913     2.5568      8.184     4.1613   481.1605 1.0715e-01     0.1911    95.3345     6.5635     6.5392    32.0247    32.0241    24.8915    24.8914    6.68629 0.0000e+00
        483     12.134     8.3202     8.3164   3.371044   3.370563     2.1921     2.5564      8.184     4.1715   481.3579 1.0715e-01     0.1911    95.3345     6.5669     6.5389    32.0251    32.0235    24.8918    24.8910    6.68623 0.0000e+00
        486     12.245     8.3181     8.3126   3.370805   3.370212     2.1925     2.5568      8.184     4.1511   481.3579 1.0715e-01     0.1915    95.3258     6.5665     6.5420    32.0244    32.0232    24.8916    24.8914    6.68657 0.0000e+00
        489     12.353     8.3158     8.3109   3.370686   3.370163     2.1917     2.5572      8.184     4.1613   481.3579 1.0715e-01     0.1911    95.3345     6.5615     6.5446    32.0252    32.0241    24.8925    24.8924    6.68689 0.0000e+00
        492     12.458     8.3188     8.3115   3.371039   3.370221     2.1925     2.5572      8.184     4.1715   481.3579 1.0715e-01     0.1933    95.2824     6.5624     6.5429    32.0261    32.0242    24.8928    24.8923    6.68639 0.0000e+00
        495     12.558     8.3216     8.3123   3.371236   3.370268     2.1921     2.5576      8.182     4.3343   481.3579 1.0715e-01     0.1933    95.2824     6.5590     6.5419    32.0256    32.0239    24.8920    24.8921    6.68598 0.0000e+00
        498     12.654     8.3224     8.3145   3.371244   3.370529     2.1917     2.5564      8.182     4.3648   395.5305 1.0715e-01     0.1933    95.2824     6.5569     6.5377    32.0250    32.0246    24.8913    24.8922    6.68590 0.0000e+00
        501     12.745     8.3226     8.3158   3.371277   3.370568     2.1909     2.5564      8.184     4.3851     8.1227 1.0715e-01     0.1937    95.2737     6.5526     6.5374    32.0250    32.0238    24.8914    24.8914    6.68585 0.0000e+00
        504     12.833     8.3217     8.3168   3.371187   3.370685     2.1921     2.5572      8.184     4.3750    11.0836 1.0715e-01     0.1933    95.2824     6.5562     6.5395    32.0249    32.0241    24.8914    24.8915    6.68600 0.0000e+00
        507     12.913     8.3202     8.3186   3.371062   3.370847     2.1913     2.5576      8.184     4.3851    11.1231 1.0715e-01     0.1933    95.2824     6.5510     6.5394    32.0249    32.0241    24.8916    24.8912    6.68623 0.0000e+00
        510     12.986     8.3199     8.3167   3.371065   3.370652     2.1909     2.5576      8.184     4.3648    11.1626 1.0715e-01     0.1937    95.2737     6.5504     6.5372    32.0251    32.0237    24.8919    24.8912    6.68626 0.0000e+00
        513     13.058     8.3223     8.3164   3.371302   3.370645     2.1905     2.5572      8.182     4.3750    11.0836 1.0715e-01     0.1944    95.2563     6.5481     6.5342    32.0255    32.0239    24.8917    24.8914    6.68589 0.0000e+00
        516     13.124     8.3239     8.3162   3.371428   3.370651     2.1909     2.5556      8.184     4.3750    11.1626 1.0715e-01     0.1944    95.2563     6.5483     6.5274    32.0253    32.0241    24.8914    24.8917    6.68566 0.0000e+00
        519     13.185     8.3234     8.3188   3.371340   3.370874     2.1909     2.5568      8.184     4.4055    11.0836 1.0715e-01     0.1944    95.2563     6.5494     6.5299    32.0248    32.0241    24.8911    24.8912    6.68575 0.0000e+00
        522     13.242     8.3229     8.3187   3.371300   3.370833     2.1913     2.5572      8.182     4.6802    11.1231 1.0715e-01     0.1944    95.2563     6.5524     6.5319    32.0248    32.0237    24.8911    24.8909    6.68583 0.0000e+00
        525     13.298     8.3232     8.3183   3.371368   3.370811     2.1905     2.5568      8.184     4.6904     5.4776 1.0715e-01     0.1944    95.2563     6.5484     6.5292    32.0253    32.0238    24.8915    24.8910    6.68577 0.0000e+00
        528     13.352     8.3233     8.3183   3.371364   3.370830     2.1901     2.5568      8.182     4.6803    -1.6286 1.0715e-01     0.1944    95.2563     6.5469     6.5282    32.0251    32.0240    24.8913    24.8912    6.68575 0.0000e+00
        531     13.405     8.3234     8.3186   3.371376   3.370856     2.1905     2.5560      8.184     4.6803    -1.2733 1.0715e-01     0.1940    95.2650     6.5504     6.5263    32.0251    32.0240    24.8913    24.8912    6.68574 0.0000e+00
        534     13.453     8.3234     8.3190   3.371372   3.370879     2.1905     2.5556      8.182     4.6803    -1.3128 1.0715e-01     0.1933    95.2824     6.5499     6.5264    32.0250    32.0238    24.8912    24.8909    6.68573 0.0000e+00
        537     13.500     8.3234     8.3188   3.371402   3.370879     2.1897     2.5556      8.181     4.6803    -1.2733 1.0715e-01     0.1933    95.2824     6.5469     6.5289    32.0253    32.0240    24.8915    24.8911    6.68573 0.0000e+00
        540     13.546     8.3234     8.3190   3.371394   3.370890     2.1893     2.5547      8.184     4.7006    -1.3128 1.0715e-01     0.1933    95.2824     6.5464     6.5269    32.0252    32.0239    24.8914    24.8910    6.68573 0.0000e+00
        543     13.596     8.3236     8.3193   3.371377   3.370911     2.1901     2.5552      8.184     4.6904    -1.3128 1.0715e-01     0.1933    95.2824     6.5506     6.5279    32.0249    32.0239    24.8911    24.8909    6.68572 0.0000e+00
        546     13.651     8.3232     8.3198   3.371346   3.370966     2.1901     2.5564      8.184     4.5480    -1.3128 1.0715e-01     0.1933    95.2824     6.5521     6.5342    32.0248    32.0239    24.8911    24.8909    6.68578 0.0000e+00
        549     13.704     8.3230     8.3193   3.371373   3.370958     2.1893     2.5552      8.184     4.3343    -1.3128 1.0715e-01     0.1933    95.2824     6.5506     6.5337    32.0253    32.0243    24.8915    24.8913    6.68579 0.0000e+00
        552     13.755     8.3231     8.3194   3.371328   3.370930     2.1897     2.5556      8.181     4.3445   347.4056 1.0715e-01     0.1926    95.2998     6.5543     6.5381    32.0247    32.0239    24.8911    24.8909    6.68581 0.0000e+00
        555     13.811     8.3227     8.3191   3.371305   3.370918     2.1897     2.5556      8.181     4.3445   482.0291 1.0715e-01     0.1922    95.3085     6.5554     6.5409    32.0248    32.0240    24.8912    24.8911    6.68586 0.0000e+00
        558     13.870     8.3219     8.3182   3.371253   3.370845     2.1893     2.5556      8.184     4.3546   481.0421 1.0715e-01     0.1922    95.3085     6.5544     6.5429    32.0250    32.0240    24.8914    24.8912    6.68597 0.0000e+00
        561     13.930     8.3216     8.3176   3.371238   3.370802     2.1897     2.5560      8.182     4.3546   481.3579 1.0715e-01     0.1922    95.3085     6.5564     6.5467    32.0250    32.0241    24.8915    24.8914    6.68602 0.0000e+00
        564     13.992     8.3218     8.3168   3.371263   3.370712     2.1901     2.5556      8.184     4.3445   481.3579 1.0715e-01     0.1922    95.3085     6.5582     6.5472    32.0251    32.0238    24.8915    24.8913    6.68598 0.0000e+00
        567     14.059     8.3224     8.3176   3.371332   3.370830     2.1897     2.5556      8.184     4.3546   481.3579 1.0715e-01     0.1922    95.3085     6.5571     6.5471    32.0253    32.0243    24.8916    24.8915    6.68589 0.0000e+00
        570     14.129     8.3225     8.3185   3.371351   3.370900     2.1897     2.5568      8.182     4.3343   481.3579 1.0715e-01     0.1926    95.2998     6.5581     6.5523    32.0253    32.0242    24.8916    24.8913    6.68587 0.0000e+00
        573     14.203     8.3229     8.3188   3.371388   3.370904     2.1897     2.5568      8.184     4.5582   481.3579 1.0715e-01     0.1918    95.3172     6.5567     6.5532    32.0253    32.0240    24.8915    24.8911    6.68580 0.0000e+00
        576     14.272     8.3233     8.3184   3.371422   3.370874     2.1905     2.5568      8.184     4.6599   453.1699 1.0715e-01     0.1922    95.3085     6.5597     6.5528    32.0253    32.0240    24.8914    24.8912    6.68575 0.0000e+00
        579     14.344     8.3232     8.3183   3.371424   3.370869     2.1897     2.5568      8.184     4.6497    33.1129 1.0715e-01     0.1918    95.3172     6.5580     6.5541    32.0254    32.0240    24.8916    24.8912    6.68576 0.0000e+00
        582     14.420     8.3233     8.3188   3.371406   3.370926     2.1893     2.5576      8.182     4.6599     4.6880 1.0715e-01     0.1915    95.3258     6.5557     6.5574    32.0251    32.0241    24.8913    24.8912    6.68576 0.0000e+00
        585     14.494     8.3232     8.3189   3.371420   3.370925     2.1893     2.5580      8.184     4.6599     6.7409 1.0715e-01     0.1918    95.3172     6.5546     6.5592    32.0253    32.0239    24.8915    24.8910    6.68577 0.0000e+00
        588     14.569     8.3246     8.3197   3.371567   3.371017     2.1905     2.5580      8.184     4.6701     6.6620 1.0715e-01     0.1922    95.3085     6.5603     6.5588    32.0255    32.0241    24.8915    24.8911    6.68554 0.0000e+00
        591     14.645     8.3250     8.3205   3.371554   3.371101     2.1897     2.5580      8.182     4.6497     6.6620 1.0715e-01     0.1929    95.2911     6.5571     6.5575    32.0250    32.0243    24.8910    24.8911    6.68550 0.0000e+00
        594     14.719     8.3243     8.3208   3.371480   3.371117     2.1901     2.5584      8.184     4.6497     6.6620 1.0715e-01     0.1944    95.2563     6.5589     6.5570    32.0248    32.0241    24.8909    24.8910    6.68562 0.0000e+00
        597     14.794     8.3243     8.3201   3.371503   3.371051     2.1889     2.5572      8.184     4.6497     6.6620 1.0715e-01     0.1940    95.2650     6.5532     6.5521    32.0250    32.0241    24.8911    24.8910    6.68560 0.0000e+00
        600     14.868     8.3249     8.3200   3.371566   3.371050     2.1905     2.5588      8.181     4.6497     6.6620 1.0715e-01     0.1940    95.2650     6.5588     6.5562    32.0251    32.0241    24.8911    24.8911    6.68551 0.0000e+00
        603     14.939     8.3249     8.3203   3.371558   3.371107     2.1901     2.5592      8.182     4.6497     5.1223 1.0715e-01     0.1944    95.2563     6.5572     6.5559    32.0249    32.0244    24.8909    24.8912    6.68551 0.0000e+00
        606     15.009     8.3245     8.3211   3.371562   3.371144     2.1897     2.5596      8.184     4.6395     0.8191 1.0715e-01     0.1937    95.2737     6.5543     6.5554    32.0254    32.0240    24.8914    24.8908    6.68556 0.0000e+00
        609     15.075     8.3258     8.3203   3.371663   3.371068     2.1897     2.5592      8.184     4.6599     0.9770 1.0715e-01     0.1940    95.2650     6.5527     6.5540    32.0252    32.0239    24.8911    24.8909    6.68537 0.0000e+00
        612     15.142     8.3261     8.3183   3.371698   3.370890     2.1901     2.5592      8.182     4.6497     0.9770 1.0715e-01     0.1944    95.2563     6.5550     6.5535    32.0253    32.0238    24.8911    24.8910    6.68532 0.0000e+00
        615     15.206     8.3252     8.3196   3.371614   3.371066     2.1897     2.5596      8.182     4.6599     0.9770 1.0715e-01     0.1948    95.2476     6.5559     6.5545    32.0251    32.0245    24.8911    24.8913    6.68546 0.0000e+00
        618     15.266     8.3235     8.3200   3.371422   3.371108     2.1901     2.5584      8.182     4.6599     0.9770 1.0715e-01     0.1944    95.2563     6.5592     6.5495    32.0247    32.0245    24.8910    24.8913    6.68574 0.0000e+00
        621     15.323     8.3236     8.3221   3.371510   3.371267     2.1893     2.5592      8.184     4.6395     0.9770 1.0715e-01     0.1944    95.2563     6.5550     6.5515    32.0255    32.0243    24.8916    24.8908    6.68570 0.0000e+00
        624     15.378     8.3249     8.3216   3.371653   3.371173     2.1889     2.5592      8.184     4.7718     0.9770 1.0715e-01     0.1944    95.2563     6.5527     6.5490    32.0258    32.0237    24.8916    24.8904    6.68548 0.0000e+00
        627     15.428     8.3271     8.3217   3.371824   3.371236     2.1893     2.5592      8.184     5.2297     0.9770 1.0715e-01     0.1944    95.2563     6.5554     6.5475    32.0255    32.0242    24.8911    24.8909    6.68516 0.0000e+00
        630     15.477     8.3277     8.3220   3.371829   3.371234     2.1889     2.5596      8.184     5.2093    10.3730 1.0715e-01     0.1944    95.2563     6.5552     6.5495    32.0250    32.0240    24.8906    24.8906    6.68508 0.0000e+00
        633     15.521     8.3260     8.3226   3.371653   3.371307     2.1897     2.5592      8.184     5.1992    18.7031 1.0715e-01     0.1926    95.2998     6.5600     6.5496    32.0247    32.0241    24.8906    24.8906    6.68536 0.0000e+00
        636     15.560     8.3256     8.3223   3.371656   3.371218     2.1901     2.5592      8.184     5.2093    18.3477 1.0715e-01     0.1922    95.3085     6.5627     6.5488    32.0251    32.0234    24.8910    24.8902    6.68540 0.0000e+00
        639     15.598     8.3248     8.3191   3.371705   3.370898     2.1905     2.5600      8.184     5.2093    18.3872 1.0715e-01     0.1922    95.3085     6.5633     6.5513    32.0263    32.0229    24.8920    24.8902    6.68547 0.0000e+00
        642     15.633     8.3265     8.3167   3.371687   3.370734     2.1901     2.5592      8.184     5.2093    18.3872 1.0715e-01     0.1922    95.3085     6.5612     6.5493    32.0245    32.0234    24.8904    24.8910    6.68529 0.0000e+00
        645     15.662     8.3226     8.3173   3.371325   3.370865     2.1893     2.5600      8.182     5.1992    18.3872 1.0715e-01     0.1922    95.3085     6.5604     6.5497    32.0243    32.0242    24.8908    24.8915    6.68590 0.0000e+00
        648     15.690     8.3203     8.3195   3.371202   3.370990     2.1901     2.5592      8.184     5.2093    18.3872 1.0715e-01     0.1922    95.3085     6.5635     6.5447    32.0251    32.0235    24.8917    24.8906    6.68621 0.0000e+00
        651     15.715     8.3215     8.3171   3.371365   3.370755     2.1897     2.5584      8.184     5.2093    18.3872 1.0715e-01     0.1926    95.2998     6.5604     6.5413    32.0256    32.0232    24.8920    24.8907    6.68600 0.0000e+00
        654     15.740     8.3215     8.3161   3.371281   3.370707     2.1905     2.5604      8.184     5.1788    18.3872 1.0715e-01     0.1944    95.2563     6.5634     6.5467    32.0248    32.0236    24.8913    24.8912    6.68605 0.0000e+00
        657     15.764     8.3197     8.3180   3.371151   3.370932     2.1905     2.5596      8.182     5.1788   395.2542 1.0715e-01     0.1948    95.2476     6.5623     6.5435    32.0250    32.0243    24.8917    24.8914    6.68630 0.0000e+00
        660     15.787     8.3189     8.3188   3.371047   3.370947     2.1897     2.5588      8.182     5.1687   481.9106 1.0715e-01     0.1944    95.2563     6.5598     6.5395    32.0247    32.0237    24.8916    24.8908    6.68644 0.0000e+00
        663     15.810     8.3172     8.3172   3.370916   3.370781     2.1893     2.5592      8.184     5.1788   481.0816 1.0715e-01     0.1948    95.2476     6.5589     6.5406    32.0248    32.0234    24.8920    24.8909    6.68670 0.0000e+00
