Datasets/AZMP/HUD120/hud120_2020_023.cnv
* Sea-Bird SBE 9 Data File:
* FileName = C:\CTDDATA\hud120_2020_023.hex
* Software Version Seasave V 7.26.7.110
* Temperature SN = 1697
* Conductivity SN = 4216
* Number of Bytes Per Scan = 30
* Number of Voltage Words = 4
* Number of Scans Averaged by the Deck Unit = 1
* NMEA baud rate = 4800
** VESSEL/TRIP/SEQ STN:  hud120_2020_023
** LATITUDE XX XX.XX: 44 43.50 N
** LONGITUDE XX XX.XX: 051 23.70 W
** SOUNDING DEPTH (M): 0072
** PROBE TYPE: S1146
** CTD NUMBER: 013
** FORMAT: V
** COMMENTS (14 CHAR): SEGB-09
** BOTTLES:  07
** LEVELS: 5,10,20,30,40,50,BTM
** STICKERS: 439595 - 439601
** VNET: Y
** DO2: Y
# nquan = 22
# nvalues = 1305                        
# units = specified
# name 0 = scan: Scan Count
# name 1 = prDM: Pressure, Digiquartz [db]
# name 2 = t090C: Temperature [ITS-90, deg C]
# name 3 = t190C: Temperature, 2 [ITS-90, deg C]
# name 4 = c0S/m: Conductivity [S/m]
# name 5 = c1S/m: Conductivity, 2 [S/m]
# name 6 = sbeox0V: Oxygen raw, SBE 43 [V]
# name 7 = sbeox1V: Oxygen raw, SBE 43, 2 [V]
# name 8 = ph: pH
# name 9 = flECO-AFL: Fluorescence, WET Labs ECO-AFL/FL [mg/m^3]
# name 10 = wetCDOM: Fluorescence, WET Labs CDOM [mg/m^3]
# name 11 = par/sat/log: PAR/Logarithmic, Satlantic [umol photons/m^2/sec]
# name 12 = CStarAt0: Beam Attenuation, WET Labs C-Star [1/m]
# name 13 = CStarTr0: Beam Transmission, WET Labs C-Star [%]
# name 14 = sbeox0ML/L: Oxygen, SBE 43 [ml/l], WS = 2
# name 15 = sbeox1ML/L: Oxygen, SBE 43, 2 [ml/l], WS = 2
# name 16 = sal00: Salinity, Practical [PSU]
# name 17 = sal11: Salinity, Practical, 2 [PSU]
# name 18 = sigma-t00: Density [sigma-t, kg/m^3 ]
# name 19 = sigma-t11: Density, 2 [sigma-t, kg/m^3 ]
# name 20 = oxsatML/L: Oxygen Saturation, Weiss [ml/l]
# name 21 = flag: flag
# span 0 =         12,      35469       
# span 1 =      0.138,     69.542       
# span 2 =     4.4959,    12.0918       
# span 3 =     4.4914,    12.0876       
# span 4 =   3.101650,   3.723868       
# span 5 =   3.101114,   3.723312       
# span 6 =     1.7297,     2.1956       
# span 7 =     2.0292,     2.6050       
# span 8 =      7.805,      8.136       
# span 9 =     1.6379,     5.4535       
# span 10 =    -2.8130,   482.1870      
# span 11 = 1.0678e-01, 6.9635e+01      
# span 12 =     0.1357,     0.4627      
# span 13 =    89.0761,    96.6645      
# span 14 =     5.0155,     6.1784      
# span 15 =     4.9034,     6.1955      
# span 16 =    30.4329,    33.0197      
# span 17 =    31.1845,    32.9230      
# span 18 =    23.0312,    25.9847      
# span 19 =    23.6148,    25.9467      
# span 20 =    6.14524,    7.28665      
# span 21 = 0.0000e+00, 0.0000e+00      
# interval = scans: 3                   
# start_time = Nov 18 2020 10:49:08 [System UTC, header]
# bad_flag = -9.990e-29
*END*
[from data line 132]
       7016     10.354    12.0702    12.0618   3.719071   3.718077     2.1876     2.5442      8.127     4.3343     0.3058 2.7601e+00     0.1813    95.5692     6.0014     5.9653    32.2078    32.2054    24.4082    24.4079    6.14870 0.0000e+00
       7019     10.439    12.0690    12.0633   3.718952   3.718283     2.1880     2.5446      8.127     4.3343     0.2664 2.6846e+00     0.1809    95.5779     6.0054     5.9665    32.2077    32.2061    24.4083    24.4082    6.14888 0.0000e+00
       7022     10.533    12.0687    12.0642   3.719000   3.718411     2.1880     2.5434      8.127     4.3546     0.2664 2.6385e+00     0.1791    95.6214     6.0062     5.9627    32.2083    32.2065    24.4089    24.4083    6.14888 0.0000e+00
       7025     10.631    12.0688    12.0644   3.719035   3.718389     2.1880     2.5434      8.125     4.3445     0.2664 2.5752e+00     0.1791    95.6214     6.0068     5.9631    32.2085    32.2061    24.4090    24.4080    6.14886 0.0000e+00
       7028     10.730    12.0690    12.0644   3.719040   3.718469     2.1880     2.5434      8.127     4.2529     0.2664 2.5221e+00     0.1791    95.6214     6.0081     5.9636    32.2083    32.2068    24.4089    24.4085    6.14884 0.0000e+00
       7031     10.835    12.0692    12.0651   3.719061   3.718529     2.1897     2.5442      8.125     4.1919     0.2664 2.4646e+00     0.1791    95.6214     6.0134     5.9659    32.2083    32.2067    24.4088    24.4083    6.14882 0.0000e+00
       7034     10.942    12.0695    12.0653   3.719146   3.718584     2.1889     2.5438      8.125     4.1817    15.8606 2.4026e+00     0.1791    95.6214     6.0093     5.9648    32.2089    32.2070    24.4092    24.4085    6.14876 0.0000e+00
       7037     11.052    12.0699    12.0649   3.719139   3.718477     2.1884     2.5446      8.127     4.1817   437.7336 2.3558e+00     0.1791    95.6214     6.0071     5.9676    32.2084    32.2064    24.4087    24.4081    6.14873 0.0000e+00
       7040     11.164    12.0700    12.0644   3.719243   3.718484     2.1897     2.5446      8.127     4.1715   481.5948 2.3073e+00     0.1813    95.5692     6.0117     5.9666    32.2093    32.2068    24.4094    24.4085    6.14868 0.0000e+00
       7043     11.280    12.0709    12.0648   3.719336   3.718559     2.1893     2.5446      8.125     4.1817   481.0421 2.2520e+00     0.1835    95.5171     6.0099     5.9675    32.2093    32.2071    24.4092    24.4087    6.14855 0.0000e+00
       7046     11.400    12.0724    12.0653   3.719666   3.718672     2.1884     2.5442      8.127     4.1919   481.2000 2.2158e+00     0.1839    95.5084     6.0059     5.9665    32.2111    32.2077    24.4104    24.4091    6.14829 0.0000e+00
       7049     11.519    12.0738    12.0662   3.719742   3.718821     2.1889     2.5446      8.127     4.1919   481.2395 2.1903e+00     0.1839    95.5084     6.0069     5.9656    32.2106    32.2083    24.4098    24.4094    6.14812 0.0000e+00
       7052     11.641    12.0720    12.0683   3.719426   3.719104     2.1889     2.5446      8.127     4.1817   481.2000 2.1752e+00     0.1835    95.5171     6.0073     5.9636    32.2091    32.2092    24.4089    24.4097    6.14842 0.0000e+00
       7055     11.764    12.0709    12.0676   3.719282   3.718905     2.1880     2.5450      8.127     4.2427   481.2395 2.1378e+00     0.1835    95.5171     6.0042     5.9643    32.2086    32.2079    24.4087    24.4088    6.14858 0.0000e+00
       7058     11.886    12.0706    12.0685   3.719240   3.719081     2.1880     2.5446      8.127     4.2529   481.2395 2.1035e+00     0.1839    95.5084     6.0048     5.9617    32.2084    32.2087    24.4086    24.4093    6.14863 0.0000e+00
       7061     12.009    12.0697    12.0678   3.719145   3.718902     2.1889     2.5438      8.127     4.2529   380.0152 2.0793e+00     0.1831    95.5258     6.0076     5.9585    32.2083    32.2075    24.4087    24.4084    6.14876 0.0000e+00
       7064     12.134    12.0706    12.0678   3.719417   3.719018     2.1893     2.5438      8.127     4.2427     3.5431 2.0601e+00     0.1817    95.5605     6.0086     5.9582    32.2100    32.2086    24.4099    24.4093    6.14857 0.0000e+00
       7067     12.258    12.0757    12.0707   3.720207   3.719418     2.1893     2.5450      8.127     4.2529     9.3860 2.0388e+00     0.1817    95.5605     6.0096     5.9613    32.2132    32.2099    24.4113    24.4098    6.14777 0.0000e+00
       7070     12.379    12.0782    12.0724   3.720348   3.719584     2.1889     2.5438      8.127     4.2630     9.3071 2.0201e+00     0.1817    95.5605     6.0074     5.9584    32.2123    32.2100    24.4102    24.4095    6.14748 0.0000e+00
       7073     12.498    12.0788    12.0739   3.720446   3.719838     2.1893     2.5434      8.127     4.2427     9.3465 2.0061e+00     0.1813    95.5692     6.0090     5.9576    32.2127    32.2111    24.4104    24.4101    6.14739 0.0000e+00
       7076     12.615    12.0798    12.0747   3.720671   3.719949     2.1897     2.5438      8.127     4.2529     9.2676 1.9830e+00     0.1820    95.5519     6.0110     5.9598    32.2140    32.2114    24.4113    24.4102    6.14722 0.0000e+00
       7079     12.728    12.0802    12.0748   3.720728   3.720040     2.1889     2.5438      8.127     4.2630     9.2676 1.9716e+00     0.1820    95.5519     6.0079     5.9615    32.2142    32.2122    24.4113    24.4107    6.14716 0.0000e+00
       7082     12.838    12.0802    12.0758   3.720692   3.720219     2.1889     2.5434      8.127     4.3343     9.2676 1.9579e+00     0.1809    95.5779     6.0069     5.9629    32.2137    32.2130    24.4110    24.4112    6.14717 0.0000e+00
       7085     12.942    12.0798    12.0752   3.720769   3.720026     2.1889     2.5434      8.127     4.3546     9.3071 1.9422e+00     0.1806    95.5866     6.0062     5.9655    32.2148    32.2116    24.4118    24.4103    6.14718 0.0000e+00
       7088     13.043    12.0797    12.0745   3.720807   3.719995     2.1889     2.5434      8.127     4.3445   238.0881 1.9332e+00     0.1809    95.5779     6.0068     5.9672    32.2152    32.2118    24.4122    24.4105    6.14718 0.0000e+00
       7091     13.139    12.0809    12.0753   3.720961   3.720194     2.1893     2.5438      8.125     4.3546   482.1870 1.9044e+00     0.1806    95.5866     6.0086     5.9698    32.2156    32.2130    24.4123    24.4113    6.14701 0.0000e+00
       7094     13.232    12.0807    12.0749   3.720801   3.719999     2.1884     2.5438      8.127     4.3546   480.9631 1.8891e+00     0.1809    95.5779     6.0055     5.9725    32.2142    32.2115    24.4112    24.4102    6.14708 0.0000e+00
       7097     13.319    12.0794    12.0753   3.720385   3.720172     2.1893     2.5446      8.127     4.3445   481.2395 1.8652e+00     0.1806    95.5866     6.0086     5.9765    32.2113    32.2128    24.4092    24.4111    6.14737 0.0000e+00
       7100     13.403    12.0781    12.0760   3.720488   3.720230     2.1893     2.5442      8.127     4.3546   481.2395 1.8630e+00     0.1813    95.5692     6.0092     5.9760    32.2134    32.2127    24.4111    24.4109    6.14746 0.0000e+00
       7103     13.484    12.0798    12.0755   3.720811   3.720086     2.1893     2.5450      8.127     4.3546   481.2395 1.8523e+00     0.1802    95.5953     6.0095     5.9792    32.2150    32.2117    24.4120    24.4102    6.14717 0.0000e+00
       7106     13.561    12.0804    12.0749   3.720679   3.719985     2.1893     2.5454      8.127     4.3546   481.2395 1.8395e+00     0.1802    95.5953     6.0095     5.9808    32.2132    32.2112    24.4105    24.4100    6.14717 0.0000e+00
       7109     13.632    12.0793    12.0745   3.720620   3.719908     2.1897     2.5458      8.127     4.4055   481.2395 1.8310e+00     0.1806    95.5866     6.0124     5.9827    32.2135    32.2108    24.4109    24.4097    6.14730 0.0000e+00
       7112     13.699    12.0794    12.0746   3.720670   3.719898     2.1893     2.5462      8.127     4.4055   481.2395 1.8183e+00     0.1809    95.5779     6.0115     5.9842    32.2138    32.2106    24.4112    24.4095    6.14726 0.0000e+00
       7115     13.764    12.0793    12.0749   3.720644   3.720028     2.1893     2.5454      8.127     4.4055   481.2395 1.8079e+00     0.1813    95.5692     6.0128     5.9817    32.2137    32.2116    24.4111    24.4103    6.14729 0.0000e+00
       7118     13.824    12.0770    12.0748   3.720104   3.719950     2.1889     2.5466      8.127     4.4157   481.2395 1.7850e+00     0.1806    95.5866     6.0112     5.9853    32.2105    32.2108    24.4090    24.4097    6.14772 0.0000e+00
       7121     13.881    12.0754    12.0746   3.719795   3.719908     2.1893     2.5470      8.127     4.4055   481.2395 1.7726e+00     0.1824    95.5432     6.0120     5.9856    32.2088    32.2106    24.4081    24.4095    6.14799 0.0000e+00
       7124     13.936    12.0737    12.0721   3.719640   3.719419     2.1889     2.5462      8.127     4.3953   481.2395 1.7563e+00     0.1835    95.5171     6.0115     5.9819    32.2088    32.2080    24.4083    24.4080    6.14821 0.0000e+00
       7127     13.986    12.0740    12.0689   3.719778   3.718925     2.1893     2.5466      8.127     4.3953   481.2395 1.7482e+00     0.1835    95.5171     6.0138     5.9815    32.2099    32.2060    24.4091    24.4070    6.14813 0.0000e+00
       7130     14.032    12.0748    12.0675   3.719784   3.718748     2.1901     2.5470      8.127     4.4055   481.2395 1.7361e+00     0.1835    95.5171     6.0161     5.9824    32.2091    32.2055    24.4084    24.4069    6.14805 0.0000e+00
       7133     14.082    12.0734    12.0678   3.719572   3.718868     2.1905     2.5478      8.127     4.7820   481.2395 1.7341e+00     0.1835    95.5171     6.0172     5.9841    32.2083    32.2064    24.4080    24.4075    6.14827 0.0000e+00
       7136     14.130    12.0726    12.0690   3.719487   3.719050     2.1901     2.5482      8.127     5.0567   481.2395 1.7301e+00     0.1835    95.5171     6.0164     5.9848    32.2081    32.2071    24.4080    24.4079    6.14837 0.0000e+00
       7139     14.179    12.0722    12.0697   3.719388   3.719079     2.1905     2.5482      8.127     5.0567   443.4975 1.7381e+00     0.1835    95.5171     6.0169     5.9834    32.2076    32.2068    24.4077    24.4075    6.14846 0.0000e+00
       7142     14.227    12.0720    12.0692   3.719354   3.718968     2.1893     2.5482      8.127     5.0669    28.0596 1.7341e+00     0.1824    95.5432     6.0123     5.9821    32.2074    32.2060    24.4076    24.4070    6.14849 0.0000e+00
       7145     14.275    12.0716    12.0679   3.719264   3.718787     2.1897     2.5478      8.127     5.0669    11.1626 1.7402e+00     0.1813    95.5692     6.0112     5.9811    32.2068    32.2054    24.4072    24.4068    6.14856 0.0000e+00
       7148     14.324    12.0714    12.0686   3.719255   3.718813     2.1905     2.5470      8.125     5.0364    12.1496 1.7341e+00     0.1813    95.5692     6.0119     5.9795    32.2069    32.2051    24.4073    24.4064    6.14859 0.0000e+00
       7151     14.377    12.0722    12.0671   3.719419   3.718614     2.1905     2.5478      8.127     5.0567    12.1101 1.7301e+00     0.1813    95.5692     6.0104     5.9819    32.2078    32.2045    24.4078    24.4062    6.14845 0.0000e+00
       7154     14.431    12.0727    12.0668   3.719424   3.718678     2.1893     2.5482      8.127     5.0669    12.1101 1.7221e+00     0.1813    95.5692     6.0051     5.9825    32.2074    32.2053    24.4074    24.4069    6.14840 0.0000e+00
       7157     14.487    12.0725    12.0666   3.719309   3.718579     2.1901     2.5482      8.127     5.0466    12.1101 1.7221e+00     0.1813    95.5692     6.0076     5.9831    32.2064    32.2045    24.4067    24.4063    6.14846 0.0000e+00
       7160     14.545    12.0714    12.0680   3.719172   3.718894     2.1897     2.5482      8.127     4.9956    12.0706 1.7043e+00     0.1817    95.5605     6.0066     5.9836    32.2060    32.2063    24.4066    24.4075    6.14861 0.0000e+00
       7163     14.603    12.0716    12.0715   3.719283   3.719399     2.1897     2.5478      8.127     4.9855    12.1101 1.6984e+00     0.1828    95.5345     6.0063     5.9828    32.2069    32.2081    24.4073    24.4081    6.14856 0.0000e+00
       7166     14.662    12.0720    12.0729   3.719383   3.719665     2.1897     2.5482      8.127     4.9956   147.2469 1.6731e+00     0.1824    95.5432     6.0058     5.9847    32.2075    32.2094    24.4076    24.4090    6.14848 0.0000e+00
       7169     14.722    12.0739    12.0728   3.719797   3.719631     2.1884     2.5486      8.125     4.9855   482.1870 1.6654e+00     0.1824    95.5432     5.9993     5.9868    32.2098    32.2092    24.4091    24.4088    6.14815 0.0000e+00
       7172     14.783    12.0750    12.0734   3.719817   3.719787     2.1893     2.5495      8.127     5.0058   481.2000 1.6481e+00     0.1824    95.5432     6.0028     5.9894    32.2090    32.2101    24.4083    24.4094    6.14803 0.0000e+00
       7175     14.846    12.0746    12.0739   3.719768   3.719837     2.1897     2.5495      8.127     4.9855   481.2000 1.6198e+00     0.1824    95.5432     6.0049     5.9884    32.2088    32.2101    24.4082    24.4093    6.14809 0.0000e+00
       7178     14.908    12.0759    12.0739   3.720098   3.719835     2.1893     2.5491      8.127     4.9956   481.2395 1.6012e+00     0.1824    95.5432     6.0039     5.9865    32.2109    32.2101    24.4095    24.4093    6.14784 0.0000e+00
       7181     14.972    12.0778    12.0740   3.720368   3.719904     2.1889     2.5495      8.127     4.9956   481.2395 1.5901e+00     0.1831    95.5258     6.0025     5.9879    32.2118    32.2106    24.4099    24.4097    6.14756 0.0000e+00
       7184     15.040    12.0786    12.0742   3.720514   3.719943     2.1893     2.5495      8.127     4.9651   481.2395 1.5773e+00     0.1835    95.5171     6.0052     5.9877    32.2125    32.2108    24.4103    24.4098    6.14742 0.0000e+00
       7187     15.107    12.0787    12.0747   3.720510   3.720020     2.1884     2.5495      8.125     4.9245   481.2395 1.5574e+00     0.1835    95.5171     6.0029     5.9864    32.2124    32.2111    24.4102    24.4099    6.14742 0.0000e+00
       7190     15.174    12.0785    12.0750   3.720509   3.720088     2.1884     2.5499      8.127     4.9448   481.2395 1.5323e+00     0.1835    95.5171     6.0059     5.9869    32.2125    32.2114    24.4103    24.4101    6.14744 0.0000e+00
       7193     15.237    12.0775    12.0739   3.720355   3.719893     2.1884     2.5495      8.127     4.9346   219.6514 1.5026e+00     0.1835    95.5171     6.0071     5.9865    32.2118    32.2105    24.4100    24.4096    6.14759 0.0000e+00
       7196     15.302    12.0756    12.0716   3.720081   3.719566     2.1889     2.5507      8.127     4.9245     5.8724 1.4801e+00     0.1835    95.5171     6.0088     5.9917    32.2108    32.2093    24.4096    24.4091    6.14788 0.0000e+00
       7199     15.367    12.0749    12.0707   3.720015   3.719454     2.1884     2.5495      8.127     4.9346    14.3209 1.4648e+00     0.1835    95.5171     6.0084     5.9905    32.2108    32.2089    24.4097    24.4090    6.14798 0.0000e+00
       7202     15.433    12.0752    12.0704   3.720081   3.719372     2.1889     2.5495      8.127     4.9448    13.8866 1.4413e+00     0.1835    95.5171     6.0113     5.9918    32.2111    32.2085    24.4099    24.4087    6.14793 0.0000e+00
       7205     15.494    12.0749    12.0700   3.719992   3.719330     2.1889     2.5507      8.127     4.9448    13.8866 1.4198e+00     0.1824    95.5432     6.0119     5.9979    32.2105    32.2083    24.4094    24.4087    6.14798 0.0000e+00
       7208     15.559    12.0742    12.0705   3.719913   3.719462     2.1889     2.5499      8.125     4.9143    13.8866 1.3841e+00     0.1824    95.5432     6.0121     5.9990    32.2103    32.2092    24.4094    24.4092    6.14808 0.0000e+00
