Datasets/AZMP/HUD120/hud120_2020_028.cnv
* Sea-Bird SBE 9 Data File:
* FileName = C:\CTDDATA\hud120_2020_028.hex
* Software Version Seasave V 7.26.7.110
* Temperature SN = 1697
* Conductivity SN = 4216
* Number of Bytes Per Scan = 30
* Number of Voltage Words = 4
* Number of Scans Averaged by the Deck Unit = 1
* NMEA baud rate = 4800
** VESSEL/TRIP/SEQ STN:  hud120_2020_028
** LATITUDE XX XX.XX: 42 55.20 N
** LONGITUDE XX XX.XX: 049 56.50 W
** SOUNDING DEPTH (M): 0177
** PROBE TYPE: S1146
** CTD NUMBER: 018
** FORMAT: V
** COMMENTS (14 CHAR): SEGB-14
** BOTTLES:  0
** LEVELS:
** STICKERS:
** VNET: Y
** DO2: N
# nquan = 22
# nvalues = 2985                        
# units = specified
# name 0 = scan: Scan Count
# name 1 = prDM: Pressure, Digiquartz [db]
# name 2 = t090C: Temperature [ITS-90, deg C]
# name 3 = t190C: Temperature, 2 [ITS-90, deg C]
# name 4 = c0S/m: Conductivity [S/m]
# name 5 = c1S/m: Conductivity, 2 [S/m]
# name 6 = sbeox0V: Oxygen raw, SBE 43 [V]
# name 7 = sbeox1V: Oxygen raw, SBE 43, 2 [V]
# name 8 = ph: pH
# name 9 = flECO-AFL: Fluorescence, WET Labs ECO-AFL/FL [mg/m^3]
# name 10 = wetCDOM: Fluorescence, WET Labs CDOM [mg/m^3]
# name 11 = par/sat/log: PAR/Logarithmic, Satlantic [umol photons/m^2/sec]
# name 12 = CStarAt0: Beam Attenuation, WET Labs C-Star [1/m]
# name 13 = CStarTr0: Beam Transmission, WET Labs C-Star [%]
# name 14 = sbeox0ML/L: Oxygen, SBE 43 [ml/l], WS = 2
# name 15 = sbeox1ML/L: Oxygen, SBE 43, 2 [ml/l], WS = 2
# name 16 = sal00: Salinity, Practical [PSU]
# name 17 = sal11: Salinity, Practical, 2 [PSU]
# name 18 = sigma-t00: Density [sigma-t, kg/m^3 ]
# name 19 = sigma-t11: Density, 2 [sigma-t, kg/m^3 ]
# name 20 = oxsatML/L: Oxygen Saturation, Weiss [ml/l]
# name 21 = flag: flag
# span 0 =         32,      11632       
# span 1 =      3.621,    171.549       
# span 2 =    -0.1790,     5.1882       
# span 3 =    -0.1847,     5.1825       
# span 4 =   2.762246,   3.143476       
# span 5 =   2.761778,   3.143084       
# span 6 =     1.9154,     2.2096       
# span 7 =     2.2674,     2.6377       
# span 8 =      7.930,      8.070       
# span 9 =     0.8850,     6.2370       
# span 10 =    -2.8130,   482.1870      
# span 11 = 1.0666e-01, 3.5952e-01      
# span 12 =     0.0647,     0.2830      
# span 13 =    93.1702,    98.3942      
# span 14 =     6.7276,     7.4936      
# span 15 =     6.8453,     7.7110      
# span 16 =    32.4382,    33.8681      
# span 17 =    32.4362,    33.8677      
# span 18 =    25.6432,    27.1276      
# span 19 =    25.6403,    27.1274      
# span 20 =    7.17501,    8.17926      
# span 21 = 0.0000e+00, 0.0000e+00      
# interval = scans: 3                   
# start_time = Nov 19 2020 03:04:35 [System UTC, header]
# bad_flag = -9.990e-29
*END*
[from data line 1120]
       4268    137.884     0.5328     0.5229   2.853353   2.852338     1.9291     2.2853      7.932     1.0478   482.1870 1.0740e-01     0.0715    98.2291     6.9056     7.0231    33.6596    33.6572    26.9958    26.9944    8.00534 0.0000e+00
       4271    138.028     0.5358     0.5279   2.853580   2.852937     1.9300     2.2853      7.932     1.0579   480.7263 1.0740e-01     0.0715    98.2291     6.9049     7.0236    33.6592    33.6595    26.9952    26.9959    8.00472 0.0000e+00
       4274    138.173     0.5381     0.5328   2.853905   2.853595     1.9300     2.2857      7.932     1.0478   481.3184 1.0740e-01     0.0711    98.2378     6.9033     7.0239    33.6609    33.6627    26.9964    26.9982    8.00414 0.0000e+00
       4277    138.321     0.5421     0.5403   2.854474   2.854489     1.9300     2.2857      7.935     1.0579   481.3579 1.0727e-01     0.0704    98.2552     6.9001     7.0208    33.6639    33.6660    26.9986    27.0004    8.00315 0.0000e+00
       4280    138.474     0.5465     0.5446   2.854952   2.854831     1.9308     2.2857      7.932     1.0579   481.3579 1.0752e-01     0.0704    98.2552     6.9004     7.0187    33.6652    33.6657    26.9994    26.9999    8.00214 0.0000e+00
       4283    138.625     0.5505     0.5469   2.855427   2.855144     1.9304     2.2857      7.935     1.0376   481.3579 1.0752e-01     0.0704    98.2552     6.8988     7.0183    33.6669    33.6672    27.0006    27.0010    8.00121 0.0000e+00
       4286    138.784     0.5534     0.5488   2.855747   2.855368     1.9300     2.2857      7.935     1.0173   481.3579 1.0752e-01     0.0704    98.2552     6.8952     7.0176    33.6678    33.6679    27.0011    27.0015    8.00054 0.0000e+00
       4289    138.938     0.5553     0.5506   2.855995   2.855604     1.9300     2.2857      7.935     1.0274   481.3579 1.0740e-01     0.0704    98.2552     6.8946     7.0160    33.6689    33.6690    27.0019    27.0022    8.00008 0.0000e+00
       4292    139.095     0.5594     0.5542   2.856562   2.856101     1.9291     2.2857      7.932     1.0376   237.3775 1.0740e-01     0.0704    98.2552     6.8882     7.0133    33.6717    33.6714    27.0039    27.0040    7.99906 0.0000e+00
       4295    139.254     0.5640     0.5601   2.857026   2.856939     1.9291     2.2857      7.932     1.0376     0.5427 1.0752e-01     0.0722    98.2117     6.8845     7.0137    33.6726    33.6758    27.0044    27.0072    7.99805 0.0000e+00
       4298    139.413     0.5750     0.5779   2.858655   2.858827     1.9296     2.2853      7.934     1.0173     8.2411 1.0740e-01     0.0729    98.1943     6.8830     7.0081    33.6817    33.6808    27.0111    27.0102    7.99523 0.0000e+00
       4301    139.569     0.5893     0.5862   2.859857   2.859436     1.9292     2.2853      7.932     1.0274     7.8463 1.0740e-01     0.0725    98.2030     6.8780     7.0051    33.6818    33.6796    27.0103    27.0087    7.99224 0.0000e+00
       4304    139.725     0.5931     0.5883   2.860038   2.859642     1.9296     2.2849      7.934     1.0173     7.8463 1.0740e-01     0.0725    98.2030     6.8794     7.0017    33.6798    33.6799    27.0085    27.0089    7.99153 0.0000e+00
       4307    139.878     0.5940     0.5888   2.860144   2.859704     1.9296     2.2849      7.934     1.0376     7.8463 1.0740e-01     0.0725    98.2030     6.8802     7.0004    33.6802    33.6801    27.0087    27.0090    7.99134 0.0000e+00
       4310    140.026     0.5960     0.5917   2.860542   2.860208     1.9296     2.2853      7.932     1.0071     7.8463 1.0740e-01     0.0725    98.2030     6.8820     7.0012    33.6831    33.6834    27.0110    27.0115    7.99075 0.0000e+00
       4313    140.173     0.6047     0.6002   2.861527   2.861135     1.9296     2.2845      7.935     1.0071     7.8463 1.0740e-01     0.0729    98.1943     6.8827     6.9966    33.6863    33.6861    27.0131    27.0132    7.98875 0.0000e+00
       4316    140.313     0.6141     0.6131   2.862794   2.862833     1.9292     2.2849      7.932     1.0274     7.8463 1.0752e-01     0.0715    98.2291     6.8795     6.9941    33.6925    33.6940    27.0175    27.0188    7.98644 0.0000e+00
       4319    140.446     0.6342     0.6319   2.865030   2.864490     1.9292     2.2861      7.935     1.0173   382.1471 1.0752e-01     0.0715    98.2291     6.8746     6.9951    33.6995    33.6950    27.0220    27.0185    7.98184 0.0000e+00
       4322    140.575     0.6542     0.6418   2.867342   2.865311     1.9292     2.2849      7.932     1.0173   481.9501 1.0752e-01     0.0718    98.2204     6.8672     6.9878    33.7076    33.6948    27.0274    27.0178    7.97720 0.0000e+00
       4325    140.697     0.6619     0.6460   2.867656   2.865654     1.9292     2.2845      7.935     1.0173   481.0421 1.0752e-01     0.0715    98.2291     6.8657     6.9829    33.7033    33.6947    27.0234    27.0174    7.97583 0.0000e+00
       4328    140.812     0.6660     0.6482   2.868590   2.866000     1.9283     2.2841      7.934     1.0274   481.3184 1.0740e-01     0.0715    98.2291     6.8600     6.9798    33.7109    33.6966    27.0293    27.0188    7.97455 0.0000e+00
       4331    140.916     0.6716     0.6509   2.869051   2.866565     1.9288     2.2845      7.934     1.0173   481.3579 1.0752e-01     0.0718    98.2204     6.8621     6.9812    33.7107    33.7010    27.0288    27.0222    7.97339 0.0000e+00
       4334    141.013     0.6742     0.6569   2.869474   2.867511     1.9292     2.2845      7.934     1.0376   481.3184 1.0752e-01     0.0729    98.1943     6.8663     6.9802    33.7133    33.7067    27.0308    27.0264    7.97271 0.0000e+00
       4337    141.103     0.6773     0.6625   2.869473   2.868145     1.9292     2.2845      7.935     1.0884   481.3184 1.0740e-01     0.0736    98.1769     6.8692     6.9810    33.7098    33.7088    27.0278    27.0278    7.97224 0.0000e+00
       4340    141.185     0.6703     0.6644   2.868598   2.868293     1.9292     2.2836      7.935     1.0884   481.3579 1.0752e-01     0.0736    98.1769     6.8698     6.9765    33.7061    33.7086    27.0252    27.0275    7.97391 0.0000e+00
       4343    141.259     0.6706     0.6664   2.869007   2.868494     1.9292     2.2841      7.932     1.0884   431.7328 1.0740e-01     0.0736    98.1769     6.8676     6.9788    33.7110    33.7089    27.0291    27.0277    7.97358 0.0000e+00
       4346    141.330     0.6711     0.6647   2.868910   2.868240     1.9279     2.2832      7.935     1.0884    20.0454 1.0740e-01     0.0736    98.1769     6.8617     6.9778    33.7092    33.7074    27.0276    27.0266    7.97358 0.0000e+00
       4349    141.396     0.6686     0.6657   2.868620   2.868474     1.9292     2.2832      7.935     1.0884     4.6485 1.0740e-01     0.0736    98.1769     6.8655     6.9750    33.7081    33.7094    27.0269    27.0281    7.97416 0.0000e+00
       4352    141.452     0.6691     0.6692   2.868582   2.868991     1.9288     2.2836      7.934     1.0986     6.1488 1.0752e-01     0.0736    98.1769     6.8646     6.9751    33.7070    33.7122    27.0260    27.0301    7.97411 0.0000e+00
       4355    141.506     0.6700     0.6679   2.868540   2.868794     1.9292     2.2841      7.935     1.0884     6.0698 1.0740e-01     0.0722    98.2117     6.8647     6.9772    33.7054    33.7110    27.0247    27.0293    7.97401 0.0000e+00
       4358    141.557     0.6689     0.6704   2.868641   2.868685     1.9292     2.2836      7.932     1.0783     6.0698 1.0740e-01     0.0704    98.2552     6.8633     6.9773    33.7079    33.7069    27.0267    27.0258    7.97411 0.0000e+00
       4361    141.603     0.6665     0.6695   2.868461   2.868630     1.9292     2.2845      7.932     1.0579     6.0698 1.0752e-01     0.0704    98.2552     6.8640     6.9832    33.7082    33.7071    27.0271    27.0260    7.97460 0.0000e+00
       4364    141.646     0.6680     0.6715   2.868745   2.868760     1.9279     2.2832      7.932     1.0274     6.0698 1.0740e-01     0.0704    98.2552     6.8586     6.9791    33.7103    33.7066    27.0286    27.0255    7.97417 0.0000e+00
       4367    141.685     0.6819     0.6663   2.869391   2.867971     1.9283     2.2832      7.934     1.0274     6.0698 1.0740e-01     0.0704    98.2552     6.8586     6.9795    33.7035    33.7020    27.0224    27.0221    7.97163 0.0000e+00
       4370    141.724     0.6808     0.6570   2.869223   2.867368     1.9283     2.2824      7.934     1.0173     3.3062 1.0752e-01     0.0708    98.2465     6.8603     6.9796    33.7025    33.7043    27.0216    27.0245    7.97191 0.0000e+00
       4373    141.765     0.6781     0.6556   2.869493   2.866664     1.9275     2.2820      7.934     1.0173    -2.0234 1.0752e-01     0.0708    98.2465     6.8554     6.9778    33.7089    33.6966    27.0269    27.0184    7.97213 0.0000e+00
       4376    141.804     0.6773     0.6352   2.869300   2.865503     1.9292     2.2828      7.934     1.0173    -1.7471 1.0752e-01     0.0740    98.1682     6.8638     6.9842    33.7072    33.7038    27.0256    27.0254    7.97238 0.0000e+00
       4379    141.848     0.6752     0.6401   2.869583   2.866344     1.9283     2.2832      7.934     1.0274    -1.7866 1.0752e-01     0.0750    98.1421     6.8602     6.9836    33.7131    33.7093    27.0305    27.0295    7.97251 0.0000e+00
       4382    141.894     0.6905     0.6661   2.870962   2.867984     1.9279     2.2832      7.934     1.0173    -1.7866 1.0740e-01     0.0747    98.1508     6.8598     6.9812    33.7143    33.7022    27.0306    27.0223    7.96924 0.0000e+00
       4385    141.941     0.6916     0.6715   2.871398   2.868622     1.9283     2.2832      7.935     1.0376    -1.7471 1.0752e-01     0.0747    98.1508     6.8647     6.9815    33.7188    33.7047    27.0341    27.0240    7.96878 0.0000e+00
       4388    141.990     0.6932     0.6724   2.871735   2.869149     1.9283     2.2828      7.934     1.0172    -1.7866 1.0752e-01     0.0747    98.1508     6.8624     6.9814    33.7214    33.7105    27.0361    27.0286    7.96830 0.0000e+00
       4391    142.046     0.6937     0.6932   2.872303   2.871496     1.9279     2.2824      7.934     0.9969    -1.7866 1.0740e-01     0.0747    98.1508     6.8587     6.9765    33.7281    33.7183    27.0415    27.0336    7.96782 0.0000e+00
       4394    142.103     0.7056     0.7092   2.873651   2.873664     1.9288     2.2832      7.934     0.9969    -1.7866 1.0752e-01     0.0743    98.1595     6.8591     6.9752    33.7327    33.7289    27.0445    27.0412    7.96510 0.0000e+00
       4397    142.164     0.7166     0.7154   2.874722   2.874532     1.9283     2.2824      7.932     0.9867   297.7014 1.0740e-01     0.0718    98.2204     6.8500     6.9676    33.7345    33.7334    27.0453    27.0445    7.96268 0.0000e+00
       4400    142.232     0.7292     0.7284   2.876212   2.876219     1.9279     2.2828      7.934     1.0071   481.6738 1.0752e-01     0.0722    98.2117     6.8420     6.9636    33.7400    33.7410    27.0490    27.0498    7.95976 0.0000e+00
       4403    142.304     0.7360     0.7355   2.876722   2.876728     1.9283     2.2820      7.934     0.9969   480.9632 1.0752e-01     0.0718    98.2204     6.8418     6.9586    33.7392    33.7398    27.0479    27.0485    7.95838 0.0000e+00
       4406    142.382     0.7298     0.7326   2.875609   2.876285     1.9288     2.2832      7.934     1.0071   481.3579 1.0752e-01     0.0718    98.2204     6.8447     6.9646    33.7315    33.7373    27.0421    27.0465    7.96009 0.0000e+00
       4409    142.465     0.7144     0.7192   2.873939   2.874547     1.9283     2.2820      7.934     1.0071   481.3579 1.0752e-01     0.0715    98.2291     6.8433     6.9620    33.7266    33.7292    27.0390    27.0409    7.96358 0.0000e+00
       4412    142.553     0.7117     0.7078   2.873912   2.873464     1.9271     2.2824      7.934     1.0071   481.3579 1.0752e-01     0.0722    98.2117     6.8358     6.9635    33.7291    33.7276    27.0413    27.0403    7.96401 0.0000e+00
       4415    142.644     0.7135     0.7050   2.874137   2.873263     1.9283     2.2824      7.932     1.0274   481.3184 1.0752e-01     0.0722    98.2117     6.8390     6.9592    33.7300    33.7279    27.0419    27.0407    7.96359 0.0000e+00
       4418    142.741     0.7137     0.7072   2.874200   2.873780     1.9271     2.2820      7.932     1.0274   481.3579 1.0740e-01     0.0704    98.2552     6.8312     6.9568    33.7306    33.7322    27.0423    27.0440    7.96351 0.0000e+00
       4421    142.844     0.7146     0.7110   2.874313   2.874229     1.9271     2.2820      7.932     1.0274   474.5675 1.0752e-01     0.0704    98.2552     6.8310     6.9538    33.7309    33.7338    27.0426    27.0451    7.96330 0.0000e+00
       4424    142.951     0.7186     0.7265   2.875166   2.876689     1.9271     2.2820      7.932     1.0376    52.7735 1.0740e-01     0.0704    98.2552     6.8310     6.9469    33.7377    33.7488    27.0477    27.0562    7.96211 0.0000e+00
       4427    143.064     0.7387     0.7525   2.877891   2.879081     1.9267     2.2820      7.932     1.0274    -2.8130 1.0740e-01     0.0704    98.2552     6.8243     6.9392    33.7509    33.7514    27.0572    27.0568    7.95719 0.0000e+00
       4430    143.181     0.7617     0.7541   2.880163   2.878760     1.9279     2.2820      7.932     1.0376    -1.5892 1.0740e-01     0.0704    98.2552     6.8268     6.9377    33.7553    33.7454    27.0593    27.0518    7.95216 0.0000e+00
       4433    143.303     0.7656     0.7562   2.879948   2.879324     1.9263     2.2808      7.932     1.0376    -1.5102 1.0752e-01     0.0704    98.2552     6.8222     6.9331    33.7482    33.7503    27.0534    27.0556    7.95173 0.0000e+00
       4436    143.429     0.7638     0.7599   2.879880   2.879562     1.9267     2.2800      7.933     1.0173    -1.5497 1.0752e-01     0.0715    98.2291     6.8254     6.9277    33.7492    33.7494    27.0543    27.0547    7.95205 0.0000e+00
       4439    143.562     0.7654     0.7602   2.880058   2.879524     1.9263     2.2804      7.932     1.0274    -1.5102 1.0752e-01     0.0718    98.2204     6.8238     6.9305    33.7497    33.7484    27.0546    27.0539    7.95168 0.0000e+00
       4442    143.698     0.7675     0.7594   2.880425   2.879599     1.9259     2.2808      7.932     1.0274    -1.5102 1.0752e-01     0.0715    98.2291     6.8239     6.9320    33.7520    33.7502    27.0564    27.0553    7.95112 0.0000e+00
       4445    143.836     0.7710     0.7630   2.880722   2.880131     1.9267     2.2796      7.932     1.0173    -1.5497 1.0740e-01     0.0715    98.2291     6.8277     6.9257    33.7520    33.7530    27.0561    27.0574    7.95039 0.0000e+00
       4448    143.977     0.7725     0.7685   2.880968   2.880788     1.9267     2.2796      7.932     1.0274    -0.7996 1.0752e-01     0.0715    98.2291     6.8273     6.9246    33.7534    33.7555    27.0572    27.0591    7.95000 0.0000e+00
       4451    144.121     0.7757     0.7753   2.881236   2.881310     1.9263     2.2796      7.932     1.0274     2.8325 1.0740e-01     0.0718    98.2204     6.8233     6.9247    33.7534    33.7548    27.0570    27.0581    7.94935 0.0000e+00
       4454    144.268     0.7753     0.7750   2.881182   2.881390     1.9259     2.2796      7.932     1.0274     2.7535 1.0752e-01     0.0718    98.2204     6.8207     6.9278    33.7530    33.7560    27.0566    27.0591    7.94944 0.0000e+00
       4457    144.418     0.7797     0.7849   2.881897   2.882479     1.9263     2.2796      7.932     1.0274     2.7535 1.0752e-01     0.0725    98.2030     6.8250     6.9292    33.7574    33.7593    27.0599    27.0611    7.94829 0.0000e+00
       4460    144.567     0.7839     0.7841   2.882197   2.882129     1.9259     2.2788      7.932     1.0173     2.7535 1.0752e-01     0.0725    98.2030     6.8223     6.9276    33.7567    33.7555    27.0591    27.0582    7.94746 0.0000e+00
