Datasets/AZMP/HUD120/hud120_2020_096.cnv
* Sea-Bird SBE 9 Data File:
* FileName = C:\CTDDATA\hud120_2020_096.hex
* Software Version Seasave V 7.26.7.110
* Temperature SN = 1697
* Conductivity SN = 4216
* Number of Bytes Per Scan = 30
* Number of Voltage Words = 4
* Number of Scans Averaged by the Deck Unit = 1
* NMEA baud rate = 4800
** VESSEL/TRIP/SEQ STN:  hud120_2020_096
** LATITUDE XX XX.XX: 49 41.00 N
** LONGITUDE XX XX.XX: 050 01.00 W
** SOUNDING DEPTH (M): 0610
** PROBE TYPE: S1146
** CTD NUMBER: 073
** FORMAT: V
** COMMENTS (14 CHAR): BB-11
** BOTTLES:  12
** LEVELS: 5,10,20,30,40,50,75,100,150,250,500,BTM
** STICKERS: 440029 - 440040
** VNET: Y
** DO2: N
# nquan = 22
# nvalues = 11503                       
# units = specified
# name 0 = scan: Scan Count
# name 1 = prDM: Pressure, Digiquartz [db]
# name 2 = t090C: Temperature [ITS-90, deg C]
# name 3 = t190C: Temperature, 2 [ITS-90, deg C]
# name 4 = c0S/m: Conductivity [S/m]
# name 5 = c1S/m: Conductivity, 2 [S/m]
# name 6 = sbeox0V: Oxygen raw, SBE 43 [V]
# name 7 = sbeox1V: Oxygen raw, SBE 43, 2 [V]
# name 8 = ph: pH
# name 9 = flECO-AFL: Fluorescence, WET Labs ECO-AFL/FL [mg/m^3]
# name 10 = wetCDOM: Fluorescence, WET Labs CDOM [mg/m^3]
# name 11 = par/sat/log: PAR/Logarithmic, Satlantic [umol photons/m^2/sec]
# name 12 = CStarAt0: Beam Attenuation, WET Labs C-Star [1/m]
# name 13 = CStarTr0: Beam Transmission, WET Labs C-Star [%]
# name 14 = sbeox0ML/L: Oxygen, SBE 43 [ml/l], WS = 2
# name 15 = sbeox1ML/L: Oxygen, SBE 43, 2 [ml/l], WS = 2
# name 16 = sal00: Salinity, Practical [PSU]
# name 17 = sal11: Salinity, Practical, 2 [PSU]
# name 18 = sigma-t00: Density [sigma-t, kg/m^3 ]
# name 19 = sigma-t11: Density, 2 [sigma-t, kg/m^3 ]
# name 20 = oxsatML/L: Oxygen Saturation, Weiss [ml/l]
# name 21 = flag: flag
# span 0 =         40,      63014       
# span 1 =      2.187,    604.355       
# span 2 =     1.9424,     3.8791       
# span 3 =     1.9381,     3.8745       
# span 4 =   2.963342,   3.242993       
# span 5 =   2.962834,   3.242419       
# span 6 =     1.9144,     2.1941       
# span 7 =     2.2505,     2.6027       
# span 8 =      8.097,      8.163       
# span 9 =     0.8544,     3.8561       
# span 10 =    -2.8130,   482.1870      
# span 11 = 1.0496e-01, 4.5423e-01      
# span 12 =     0.0743,     0.2340      
# span 13 =    94.3175,    98.1595      
# span 14 =     6.4178,     7.6987      
# span 15 =     6.4759,     7.8233      
# span 16 =    33.6246,    34.8332      
# span 17 =    33.6229,    34.8306      
# span 18 =    26.8742,    27.6836      
# span 19 =    26.8731,    27.6819      
# span 20 =    7.29867,    7.71928      
# span 21 = 0.0000e+00, 0.0000e+00      
# interval = scans: 3                   
# start_time = Nov 28 2020 22:09:56 [System UTC, header]
# bad_flag = -9.990e-29
*END*
[from data line 10470]
      44557     91.964     3.6335     3.6292   3.168382   3.167846     2.1305     2.5230      8.161     1.7193     6.4251 1.0715e-01     0.1024    97.4728     7.1344     7.2321    34.2985    34.2967    27.2651    27.2640    7.36392 0.0000e+00
      44560     91.782     3.6321     3.6275   3.168116   3.167543     2.1314     2.5230      8.161     1.6278     6.3856 1.0715e-01     0.1031    97.4555     7.1370     7.2318    34.2969    34.2949    27.2640    27.2628    7.36426 0.0000e+00
      44563     91.592     3.6295     3.6248   3.167645   3.167101     2.1318     2.5230      8.161     1.6278     6.4251 1.0715e-01     0.1031    97.4555     7.1417     7.2317    34.2942    34.2925    27.2620    27.2612    7.36487 0.0000e+00
      44566     91.400     3.6248     3.6208   3.167002   3.166472     2.1322     2.5230      8.161     1.6176     6.4251 1.0715e-01     0.1031    97.4555     7.1433     7.2333    34.2914    34.2893    27.2603    27.2590    7.36585 0.0000e+00
      44569     91.204     3.6208     3.6153   3.166435   3.165734     2.1330     2.5234      8.161     1.6278     6.4251 1.0715e-01     0.1031    97.4555     7.1426     7.2357    34.2889    34.2863    27.2587    27.2572    7.36670 0.0000e+00
      44572     91.009     3.6146     3.6102   3.165477   3.165031     2.1318     2.5243      8.161     1.6176     6.4251 1.0715e-01     0.1035    97.4468     7.1353     7.2391    34.2841    34.2834    27.2555    27.2553    7.36807 0.0000e+00
      44575     90.814     3.6075     3.6037   3.164588   3.164178     2.1322     2.5243      8.161     1.6176   270.3820 1.0715e-01     0.1031    97.4555     7.1355     7.2425    34.2810    34.2801    27.2537    27.2533    7.36953 0.0000e+00
      44578     90.615     3.6019     3.5971   3.163918   3.163225     2.1326     2.5255      8.161     1.6278   481.7133 1.0715e-01     0.1035    97.4468     7.1384     7.2511    34.2789    34.2757    27.2526    27.2505    7.37064 0.0000e+00
      44581     90.420     3.5947     3.5875   3.162810   3.161985     2.1326     2.5251      8.161     1.6176   480.9632 1.0715e-01     0.1024    97.4728     7.1410     7.2540    34.2734    34.2711    27.2489    27.2477    7.37224 0.0000e+00
      44584     90.229     3.5871     3.5813   3.162089   3.161486     2.1326     2.5255      8.161     1.6379   481.2395 1.0715e-01     0.1024    97.4728     7.1392     7.2575    34.2728    34.2717    27.2492    27.2488    7.37365 0.0000e+00
      44587     90.043     3.5840     3.5795   3.161772   3.161312     2.1330     2.5255      8.161     1.6278   481.2395 1.0715e-01     0.1024    97.4728     7.1408     7.2577    34.2723    34.2716    27.2491    27.2490    7.37424 0.0000e+00
      44590     89.865     3.5814     3.5778   3.161535   3.161126     2.1330     2.5263      8.161     1.6379   481.2395 1.0715e-01     0.1024    97.4728     7.1407     7.2613    34.2724    34.2712    27.2494    27.2488    7.37472 0.0000e+00
      44593     89.695     3.5798     3.5766   3.161351   3.160952     2.1322     2.5255      8.161     1.6278   481.2790 1.0715e-01     0.1024    97.4728     7.1395     7.2570    34.2719    34.2705    27.2492    27.2484    7.37503 0.0000e+00
      44596     89.535     3.5787     3.5754   3.161211   3.160774     2.1330     2.5259      8.161     1.6379   481.2395 1.0715e-01     0.1024    97.4728     7.1447     7.2583    34.2715    34.2698    27.2489    27.2479    7.37525 0.0000e+00
      44599     89.386     3.5780     3.5745   3.161145   3.160683     2.1334     2.5271      8.161     1.6278   481.2395 1.0715e-01     0.1028    97.4641     7.1448     7.2603    34.2715    34.2697    27.2490    27.2479    7.37538 0.0000e+00
      44602     89.247     3.5777     3.5738   3.161136   3.160615     2.1338     2.5279      8.161     1.6176    84.0014 1.0715e-01     0.1035    97.4468     7.1463     7.2605    34.2718    34.2697    27.2493    27.2480    7.37542 0.0000e+00
      44605     89.123     3.5777     3.5730   3.161108   3.160494     2.1338     2.5279      8.161     1.6278     2.6351 1.0715e-01     0.1035    97.4468     7.1466     7.2585    34.2716    34.2691    27.2491    27.2476    7.37544 0.0000e+00
      44608     89.012     3.5777     3.5729   3.161100   3.160555     2.1334     2.5279      8.161     1.6278     6.6225 1.0715e-01     0.1035    97.4468     7.1433     7.2560    34.2715    34.2701    27.2491    27.2484    7.37544 0.0000e+00
      44611     88.910     3.5770     3.5729   3.161011   3.160468     2.1334     2.5283      8.161     1.7905     6.4251 1.0715e-01     0.1035    97.4468     7.1441     7.2543    34.2712    34.2690    27.2489    27.2475    7.37557 0.0000e+00
      44614     88.819     3.5764     3.5717   3.160895   3.160346     2.1342     2.5291      8.161     1.7905     6.4251 1.0715e-01     0.1035    97.4468     7.1488     7.2554    34.2705    34.2689    27.2484    27.2476    7.37573 0.0000e+00
      44617     88.741     3.5754     3.5711   3.160824   3.160317     2.1342     2.5287      8.161     1.7804     6.4251 1.0715e-01     0.1035    97.4468     7.1490     7.2527    34.2708    34.2692    27.2487    27.2478    7.37590 0.0000e+00
      44620     88.677     3.5750     3.5709   3.160826   3.160261     2.1342     2.5291      8.161     1.7804     6.3856 1.0715e-01     0.1038    97.4381     7.1475     7.2516    34.2713    34.2687    27.2492    27.2475    7.37595 0.0000e+00
      44623     88.626     3.5754     3.5713   3.160869   3.160358     2.1342     2.5279      8.161     1.7702     6.4251 1.0715e-01     0.1045    97.4207     7.1443     7.2436    34.2714    34.2695    27.2492    27.2481    7.37587 0.0000e+00
      44626     88.592     3.5752     3.5740   3.160831   3.160730     2.1342     2.5283      8.161     1.7600    69.0783 1.0715e-01     0.1045    97.4207     7.1424     7.2426    34.2711    34.2712    27.2490    27.2492    7.37591 0.0000e+00
      44660     88.564     3.5795     3.5823   3.161219   3.161800     2.1358     2.5287      8.161     1.7905   467.6587 1.0715e-01     0.1035    97.4468     7.1503     7.2448    34.2713    34.2753    27.2487    27.2516    7.37512 0.0000e+00
      44679     88.520     3.5803     3.5852   3.161463   3.162324     2.1362     2.5304      8.161     1.8007   481.3184 1.0715e-01     0.1031    97.4555     7.1529     7.2511    34.2734    34.2786    27.2503    27.2540    7.37487 0.0000e+00
      44682     88.463     3.5817     3.5897   3.161586   3.162970     2.1358     2.5304      8.161     1.8007   481.3184 1.0715e-01     0.1045    97.4207     7.1511     7.2509    34.2734    34.2816    27.2502    27.2559    7.37461 0.0000e+00
      44685     88.400     3.5792     3.5941   3.161187   3.163221     2.1366     2.5308      8.161     1.8109   481.3184 1.0715e-01     0.1045    97.4207     7.1551     7.2509    34.2713    34.2801    27.2487    27.2543    7.37517 0.0000e+00
      44688     88.325     3.5771     3.5910   3.160906   3.162640     2.1362     2.5304      8.161     1.8618   481.3579 1.0715e-01     0.1045    97.4207     7.1549     7.2484    34.2702    34.2764    27.2481    27.2516    7.37562 0.0000e+00
      44691     88.234     3.5755     3.5854   3.160778   3.161885     2.1358     2.5304      8.161     1.9126   481.2790 1.0715e-01     0.1045    97.4207     7.1520     7.2474    34.2704    34.2733    27.2484    27.2497    7.37589 0.0000e+00
      44694     88.132     3.5755     3.5779   3.160789   3.160708     2.1362     2.5304      8.161     1.8923   481.2790 1.0715e-01     0.1045    97.4207     7.1543     7.2486    34.2706    34.2670    27.2485    27.2455    7.37589 0.0000e+00
      44697     88.023     3.5752     3.5721   3.160728   3.160276     2.1375     2.5304      8.161     1.9126   481.3579 1.0715e-01     0.1042    97.4294     7.1601     7.2518    34.2702    34.2681    27.2483    27.2468    7.37596 0.0000e+00
      44700     87.908     3.5743     3.5703   3.160681   3.160162     2.1370     2.5304      8.161     1.8923   481.2395 1.0715e-01     0.1045    97.4207     7.1601     7.2524    34.2707    34.2687    27.2487    27.2475    7.37610 0.0000e+00
      44703     87.782     3.5745     3.5695   3.160657   3.160087     2.1379     2.5304      8.161     1.9126   481.3184 1.0715e-01     0.1042    97.4294     7.1630     7.2502    34.2702    34.2686    27.2483    27.2475    7.37608 0.0000e+00
      44706     87.652     3.5739     3.5693   3.160584   3.160061     2.1370     2.5316      8.161     1.9025   206.6233 1.0715e-01     0.1042    97.4294     7.1579     7.2552    34.2701    34.2687    27.2483    27.2476    7.37621 0.0000e+00
      44709     87.517     3.5735     3.5687   3.160555   3.159988     2.1379     2.5304      8.161     1.9025     5.9119 1.0715e-01     0.1035    97.4468     7.1611     7.2534    34.2703    34.2685    27.2485    27.2475    7.37628 0.0000e+00
      44712     87.379     3.5735     3.5686   3.160697   3.160066     2.1370     2.5304      8.161     1.9126    13.9261 1.0715e-01     0.1042    97.4294     7.1573     7.2546    34.2720    34.2695    27.2499    27.2484    7.37619 0.0000e+00
      44715     87.236     3.5766     3.5716   3.161164   3.160560     2.1366     2.5304      8.161     1.7091    13.5313 1.0715e-01     0.1035    97.4468     7.1530     7.2556    34.2744    34.2724    27.2515    27.2503    7.37550 0.0000e+00
      44718     87.090     3.5797     3.5741   3.161365   3.160680     2.1370     2.5316      8.161     1.6888    13.5313 1.0715e-01     0.1038    97.4381     7.1525     7.2599    34.2737    34.2713    27.2505    27.2492    7.37497 0.0000e+00
      44721     86.946     3.5776     3.5717   3.160892   3.160160     2.1383     2.5324      8.161     1.6989    13.5313 1.0715e-01     0.1038    97.4381     7.1588     7.2612    34.2702    34.2677    27.2480    27.2466    7.37552 0.0000e+00
      44724     86.805     3.5741     3.5686   3.160532   3.159877     2.1383     2.5316      8.161     1.6888    13.5313 1.0715e-01     0.1035    97.4468     7.1580     7.2574    34.2696    34.2676    27.2479    27.2468    7.37618 0.0000e+00
      44727     86.665     3.5731     3.5680   3.160481   3.159869     2.1370     2.5308      8.161     1.6888    13.5313 1.0715e-01     0.1035    97.4468     7.1505     7.2543    34.2702    34.2682    27.2485    27.2474    7.37635 0.0000e+00
      44730     86.525     3.5728     3.5679   3.160430   3.159818     2.1379     2.5320      8.161     1.6888    14.1630 1.0727e-01     0.1038    97.4381     7.1544     7.2583    34.2700    34.2678    27.2484    27.2470    7.37642 0.0000e+00
      44733     86.385     3.5720     3.5671   3.160323   3.159725     2.1379     2.5324      8.161     1.6888   411.3221 1.0752e-01     0.1035    97.4468     7.1527     7.2611    34.2697    34.2676    27.2482    27.2470    7.37658 0.0000e+00
      44736     86.251     3.5716     3.5659   3.160246   3.159619     2.1379     2.5320      8.161     1.6888   481.8317 1.0752e-01     0.1035    97.4468     7.1535     7.2584    34.2693    34.2677    27.2478    27.2472    7.37667 0.0000e+00
      44739     86.121     3.5708     3.5657   3.160198   3.159585     2.1383     2.5328      8.161     1.6989   481.0421 1.0752e-01     0.1035    97.4468     7.1548     7.2570    34.2695    34.2676    27.2482    27.2471    7.37680 0.0000e+00
      44742     85.996     3.5705     3.5655   3.160156   3.159553     2.1387     2.5320      8.160     1.7193   481.2395 1.0740e-01     0.1042    97.4294     7.1551     7.2486    34.2694    34.2674    27.2481    27.2470    7.37686 0.0000e+00
      44745     85.878     3.5699     3.5648   3.160013   3.159417     2.1387     2.5312      8.161     1.7295   481.2395 1.0740e-01     0.1035    97.4468     7.1544     7.2451    34.2684    34.2666    27.2473    27.2464    7.37702 0.0000e+00
      44748     85.765     3.5688     3.5638   3.159867   3.159311     2.1370     2.5320      8.161     1.7193   481.3579 1.0715e-01     0.1035    97.4468     7.1508     7.2487    34.2678    34.2665    27.2470    27.2464    7.37725 0.0000e+00
      44751     85.660     3.5678     3.5635   3.159756   3.159272     2.1375     2.5328      8.161     1.7193   481.2790 1.0715e-01     0.1035    97.4468     7.1545     7.2491    34.2676    34.2664    27.2469    27.2464    7.37744 0.0000e+00
      44754     85.558     3.5669     3.5629   3.159714   3.159211     2.1379     2.5324      8.161     1.7295   481.2790 1.0715e-01     0.1035    97.4468     7.1534     7.2450    34.2681    34.2663    27.2474    27.2464    7.37758 0.0000e+00
      44757     85.465     3.5668     3.5627   3.159704   3.159198     2.1375     2.5328      8.161     1.7193   410.6904 1.0715e-01     0.1035    97.4468     7.1507     7.2478    34.2682    34.2664    27.2475    27.2465    7.37760 0.0000e+00
      44760     85.381     3.5662     3.5623   3.159635   3.159155     2.1383     2.5324      8.161     1.6989    13.4524 1.0715e-01     0.1035    97.4468     7.1557     7.2458    34.2680    34.2663    27.2474    27.2464    7.37772 0.0000e+00
      44763     85.303     3.5655     3.5615   3.159536   3.159026     2.1387     2.5312      8.161     1.7091    12.1496 1.0715e-01     0.1035    97.4468     7.1596     7.2418    34.2676    34.2657    27.2472    27.2460    7.37787 0.0000e+00
      44766     85.229     3.5647     3.5609   3.159425   3.158954     2.1387     2.5308      8.161     1.7295    12.3470 1.0715e-01     0.1038    97.4381     7.1611     7.2409    34.2671    34.2655    27.2468    27.2459    7.37803 0.0000e+00
      44769     85.163     3.5636     3.5606   3.159290   3.158933     2.1383     2.5324      8.161     1.7804    12.3470 1.0715e-01     0.1035    97.4468     7.1620     7.2467    34.2668    34.2656    27.2467    27.2460    7.37826 0.0000e+00
      44772     85.101     3.5641     3.5606   3.159418   3.158894     2.1391     2.5316      8.161     1.7600    12.3075 1.0715e-01     0.1035    97.4468     7.1660     7.2430    34.2678    34.2652    27.2474    27.2457    7.37812 0.0000e+00
      44775     85.046     3.5649     3.5598   3.159505   3.158826     2.1387     2.5316      8.161     1.7804    12.3470 1.0715e-01     0.1035    97.4468     7.1592     7.2432    34.2680    34.2653    27.2475    27.2458    7.37795 0.0000e+00
      44778     84.995     3.5648     3.5594   3.159462   3.158789     2.1379     2.5316      8.161     1.7702    12.3470 1.0715e-01     0.1035    97.4468     7.1538     7.2436    34.2676    34.2652    27.2473    27.2458    7.37799 0.0000e+00
      44781     84.948     3.5639     3.5594   3.159369   3.158791     2.1383     2.5324      8.161     1.7702    12.3470 1.0715e-01     0.1038    97.4381     7.1557     7.2490    34.2675    34.2652    27.2472    27.2458    7.37816 0.0000e+00
      44784     84.908     3.5635     3.5596   3.159314   3.158770     2.1395     2.5316      8.161     1.7804   198.4511 1.0715e-01     0.1035    97.4468     7.1598     7.2497    34.2673    34.2649    27.2471    27.2455    7.37825 0.0000e+00
      44787     84.869     3.5629     3.5586   3.159230   3.158671     2.1391     2.5316      8.161     1.7804   482.1870 1.0715e-01     0.1035    97.4468     7.1591     7.2503    34.2669    34.2647    27.2468    27.2455    7.37837 0.0000e+00
      44790     84.828     3.5626     3.5584   3.159208   3.158676     2.1387     2.5316      8.161     1.7804   481.1211 1.0715e-01     0.1038    97.4381     7.1561     7.2479    34.2670    34.2651    27.2469    27.2458    7.37843 0.0000e+00
      44793     84.787     3.5624     3.5580   3.159170   3.158629     2.1391     2.5320      8.161     1.8516   481.2790 1.0715e-01     0.1038    97.4381     7.1568     7.2478    34.2668    34.2649    27.2468    27.2457    7.37847 0.0000e+00
