Datasets/AZMP/HUD120/hud120_2020_051.cnv
* Sea-Bird SBE 9 Data File:
* FileName = C:\CTDDATA\hud120_2020_051.hex
* Software Version Seasave V 7.26.7.110
* Temperature SN = 1697
* Conductivity SN = 4216
* Number of Bytes Per Scan = 30
* Number of Voltage Words = 4
* Number of Scans Averaged by the Deck Unit = 1
* NMEA baud rate = 4800
** VESSEL/TRIP/SEQ STN:  hud120_2020_051
** LATITUDE XX XX.XX: 47 00.00 N
** LONGITUDE XX XX.XX: 043 50.00 W
** SOUNDING DEPTH (M): 0581
** PROBE TYPE: S1146
** CTD NUMBER: 030
** FORMAT: V
** COMMENTS (14 CHAR): FC-31
** BOTTLES:  10
** LEVELS: 5,10,20,30,40,50,75,100,150,BTM
** STICKERS: 439699 - 439708
** VNET: Y
** DO2: N
# nquan = 22
# nvalues = 8521                        
# units = specified
# name 0 = scan: Scan Count
# name 1 = prDM: Pressure, Digiquartz [db]
# name 2 = t090C: Temperature [ITS-90, deg C]
# name 3 = t190C: Temperature, 2 [ITS-90, deg C]
# name 4 = c0S/m: Conductivity [S/m]
# name 5 = c1S/m: Conductivity, 2 [S/m]
# name 6 = sbeox0V: Oxygen raw, SBE 43 [V]
# name 7 = sbeox1V: Oxygen raw, SBE 43, 2 [V]
# name 8 = ph: pH
# name 9 = flECO-AFL: Fluorescence, WET Labs ECO-AFL/FL [mg/m^3]
# name 10 = wetCDOM: Fluorescence, WET Labs CDOM [mg/m^3]
# name 11 = par/sat/log: PAR/Logarithmic, Satlantic [umol photons/m^2/sec]
# name 12 = CStarAt0: Beam Attenuation, WET Labs C-Star [1/m]
# name 13 = CStarTr0: Beam Transmission, WET Labs C-Star [%]
# name 14 = sbeox0ML/L: Oxygen, SBE 43 [ml/l], WS = 2
# name 15 = sbeox1ML/L: Oxygen, SBE 43, 2 [ml/l], WS = 2
# name 16 = sal00: Salinity, Practical [PSU]
# name 17 = sal11: Salinity, Practical, 2 [PSU]
# name 18 = sigma-t00: Density [sigma-t, kg/m^3 ]
# name 19 = sigma-t11: Density, 2 [sigma-t, kg/m^3 ]
# name 20 = oxsatML/L: Oxygen Saturation, Weiss [ml/l]
# name 21 = flag: flag
# span 0 =          2,      64019       
# span 1 =      1.843,    578.242       
# span 2 =     3.6736,     8.0290       
# span 3 =     3.6761,     8.0247       
# span 4 =   3.224602,   3.533209       
# span 5 =   3.224915,   3.532580       
# span 6 =     1.8256,     2.2059       
# span 7 =     2.1732,     2.6512       
# span 8 =      7.950,      8.123       
# span 9 =     0.8646,     5.9928       
# span 10 =    -2.8130,   482.1870      
# span 11 = 1.0483e-01, 2.0319e-01      
# span 12 =     0.0803,     0.3314      
# span 13 =    92.0488,    98.0118      
# span 14 =     5.6392,     6.7235      
# span 15 =     5.7946,     6.9423      
# span 16 =    33.6877,    34.8785      
# span 17 =    33.6872,    34.8774      
# span 18 =    26.3200,    27.6927      
# span 19 =    26.3565,    27.6927      
# span 20 =    6.64595,    7.33222      
# span 21 = 0.0000e+00, 0.0000e+00      
# interval = scans: 3                   
# start_time = Nov 22 2020 21:20:33 [System UTC, header]
# bad_flag = -9.990e-29
*END*
[from data line 1581]
       6334    210.489     4.2510     4.2451   3.269670   3.269148     1.8775     2.2409      7.965     0.9257    -1.3918 1.0715e-01     0.0842    97.9162     5.9925     6.1788    34.7883    34.7884    27.5912    27.5919    7.22925 0.0000e+00
       6337    210.694     4.2502     4.2490   3.269580   3.269508     1.8775     2.2414      7.966     0.9358    -1.3918 1.0715e-01     0.0842    97.9162     5.9957     6.1804    34.7880    34.7884    27.5910    27.5915    7.22940 0.0000e+00
       6340    210.900     4.2480     4.2472   3.269407   3.269274     1.8775     2.2414      7.966     0.9460    -1.4313 1.0715e-01     0.0842    97.9162     5.9985     6.1812    34.7881    34.7874    27.5914    27.5909    7.22978 0.0000e+00
       6343    211.108     4.2466     4.2426   3.269246   3.268837     1.8771     2.2414      7.968     0.9358    -1.4313 1.0715e-01     0.0842    97.9162     5.9971     6.1841    34.7876    34.7870    27.5911    27.5911    7.23006 0.0000e+00
       6346    211.312     4.2451     4.2408   3.269062   3.268681     1.8779     2.2405      7.968     0.9257    -1.4313 1.0715e-01     0.0842    97.9162     6.0024     6.1838    34.7870    34.7870    27.5908    27.5913    7.23037 0.0000e+00
       6349    211.515     4.2392     4.2336   3.268374   3.267965     1.8783     2.2405      7.966     0.9460    -1.3918 1.0715e-01     0.0842    97.9162     6.0039     6.1871    34.7849    34.7860    27.5898    27.5912    7.23149 0.0000e+00
       6352    211.716     4.2335     4.2301   3.267889   3.267656     1.8783     2.2418      7.968     0.9460    -0.7601 1.0715e-01     0.0842    97.9162     6.0043     6.1951    34.7851    34.7859    27.5906    27.5916    7.23250 0.0000e+00
       6355    211.918     4.2324     4.2248   3.267865   3.267104     1.8779     2.2418      7.965     0.9460     2.5561 1.0727e-01     0.0846    97.9075     6.0030     6.2007    34.7859    34.7850    27.5913    27.5914    7.23265 0.0000e+00
       6358    212.118     4.2293     4.2225   3.267543   3.266897     1.8783     2.2418      7.966     0.9460     2.5167 1.0715e-01     0.0842    97.9162     6.0063     6.2014    34.7853    34.7848    27.5911    27.5915    7.23324 0.0000e+00
       6361    212.311     4.2276     4.2222   3.267374   3.266907     1.8787     2.2409      7.965     0.9358     2.5167 1.0715e-01     0.0842    97.9162     6.0086     6.2023    34.7849    34.7852    27.5911    27.5918    7.23355 0.0000e+00
       6364    212.499     4.2288     4.2217   3.267596   3.266813     1.8787     2.2409      7.965     0.9460     2.5167 1.0715e-01     0.0842    97.9162     6.0109     6.2058    34.7862    34.7844    27.5919    27.5913    7.23328 0.0000e+00
       6367    212.687     4.2271     4.2188   3.267266   3.266537     1.8783     2.2418      7.965     0.9460     2.5167 1.0715e-01     0.0857    97.8814     6.0080     6.2140    34.7840    34.7842    27.5904    27.5914    7.23369 0.0000e+00
       6370    212.868     4.2224     4.2155   3.266958   3.266184     1.8787     2.2418      7.968     0.9358     2.5167 1.0715e-01     0.0864    97.8640     6.0096     6.2168    34.7853    34.7834    27.5919    27.5911    7.23447 0.0000e+00
       6373    213.045     4.2252     4.2160   3.267204   3.266359     1.8779     2.2418      7.966     0.8850     2.5167 1.0715e-01     0.0860    97.8727     6.0090     6.2164    34.7851    34.7849    27.5915    27.5922    7.23398 0.0000e+00
       6376    213.222     4.2229     4.2165   3.266977   3.266331     1.8783     2.2430      7.965     0.9053     2.5167 1.0715e-01     0.0860    97.8727     6.0150     6.2225    34.7847    34.7839    27.5914    27.5914    7.23439 0.0000e+00
       6379    213.391     4.2216     4.2133   3.266726   3.265925     1.8779     2.2434      7.968     0.9053     3.0694 1.0715e-01     0.0864    97.8640     6.0174     6.2277    34.7831    34.7824    27.5902    27.5906    7.23471 0.0000e+00
       6382    213.555     4.2140     4.2054   3.265937   3.265205     1.8787     2.2430      7.966     0.9053     3.8195 1.0715e-01     0.0860    97.8727     6.0221     6.2295    34.7817    34.7821    27.5899    27.5912    7.23612 0.0000e+00
       6385    213.718     4.2116     4.2028   3.265728   3.265018     1.8791     2.2442      7.965     0.9155     3.8195 1.0715e-01     0.0864    97.8640     6.0263     6.2362    34.7817    34.7826    27.5901    27.5918    7.23654 0.0000e+00
       6388    213.874     4.2093     4.2025   3.265568   3.265002     1.8799     2.2442      7.966     0.9155     3.8195 1.0715e-01     0.0846    97.9075     6.0317     6.2378    34.7821    34.7826    27.5907    27.5918    7.23693 0.0000e+00
       6391    214.026     4.2084     4.2025   3.265539   3.265024     1.8787     2.2450      7.968     0.9155     3.8195 1.0715e-01     0.0842    97.9162     6.0290     6.2422    34.7827    34.7828    27.5913    27.5920    7.23707 0.0000e+00
       6394    214.174     4.2051     4.2010   3.265156   3.264919     1.8795     2.2442      7.968     0.9053     3.8195 1.0715e-01     0.0842    97.9162     6.0348     6.2414    34.7815    34.7830    27.5907    27.5923    7.23770 0.0000e+00
       6397    214.315     4.2034     4.2013   3.264925   3.264945     1.8803     2.2446      7.966     0.8952     3.8195 1.0715e-01     0.0842    97.9162     6.0400     6.2443    34.7805    34.7829    27.5901    27.5922    7.23805 0.0000e+00
       6400    214.455     4.1932     4.1979   3.263776   3.264288     1.8812     2.2458      7.965     0.9053     3.8195 1.0715e-01     0.0842    97.9162     6.0465     6.2491    34.7776    34.7787    27.5889    27.5893    7.24000 0.0000e+00
       6403    214.593     4.1868     4.1846   3.263493   3.262995     1.8804     2.2454      7.965     0.9053     3.8195 1.0715e-01     0.0842    97.9162     6.0433     6.2502    34.7810    34.7774    27.5923    27.5897    7.24098 0.0000e+00
       6406    214.723     4.1918     4.1833   3.263878   3.263174     1.8804     2.2458      7.966     0.8952     1.4113 1.0715e-01     0.0846    97.9075     6.0411     6.2528    34.7802    34.7808    27.5911    27.5925    7.24012 0.0000e+00
       6409    214.849     4.1854     4.1804   3.263043   3.262693     1.8804     2.2467      7.966     0.8850     0.4637 1.0715e-01     0.0846    97.9075     6.0426     6.2561    34.7770    34.7781    27.5892    27.5907    7.24142 0.0000e+00
       6412    214.970     4.1805     4.1751   3.262688   3.262230     1.8804     2.2479      7.968     0.9053     0.5032 1.0715e-01     0.0846    97.9075     6.0462     6.2620    34.7779    34.7782    27.5905    27.5913    7.24224 0.0000e+00
       6415    215.087     4.1766     4.1695   3.262317   3.261682     1.8816     2.2479      7.966     0.9053     0.5032 1.0715e-01     0.0846    97.9075     6.0526     6.2635    34.7776    34.7776    27.5907    27.5914    7.24295 0.0000e+00
       6418    215.199     4.1725     4.1669   3.261931   3.261480     1.8812     2.2487      7.966     0.8850     0.5032 1.0715e-01     0.0842    97.9162     6.0494     6.2684    34.7773    34.7779    27.5909    27.5919    7.24370 0.0000e+00
       6421    215.299     4.1703     4.1663   3.261827   3.261485     1.8820     2.2491      7.966     0.8952     0.5032 1.0715e-01     0.0846    97.9075     6.0529     6.2687    34.7783    34.7785    27.5919    27.5925    7.24403 0.0000e+00
       6424    215.395     4.1697     4.1665   3.261775   3.261452     1.8824     2.2487      7.966     0.9053     0.5032 1.0715e-01     0.0842    97.9162     6.0576     6.2681    34.7783    34.7779    27.5919    27.5919    7.24413 0.0000e+00
       6427    215.487     4.1697     4.1632   3.261777   3.261088     1.8816     2.2487      7.968     0.9155     0.5032 1.0715e-01     0.0849    97.8988     6.0578     6.2699    34.7783    34.7770    27.5920    27.5916    7.24414 0.0000e+00
       6430    215.567     4.1687     4.1621   3.261496   3.260986     1.8824     2.2499      7.965     0.9155     0.4243 1.0740e-01     0.0849    97.8988     6.0614     6.2738    34.7760    34.7769    27.5902    27.5916    7.24443 0.0000e+00
       6433    215.642     4.1612     4.1592   3.260766   3.260594     1.8828     2.2499      7.966     0.9053    -0.6812 1.0715e-01     0.0842    97.9162     6.0654     6.2738    34.7753    34.7753    27.5904    27.5907    7.24580 0.0000e+00
       6436    215.709     4.1626     4.1571   3.261161   3.260392     1.8836     2.2503      7.966     0.8952    -0.7206 1.0715e-01     0.0842    97.9162     6.0678     6.2755    34.7784    34.7751    27.5928    27.5908    7.24540 0.0000e+00
       6439    215.767     4.1591     4.1557   3.260722   3.260412     1.8832     2.2512      7.968     0.9053    -0.6811 1.0727e-01     0.0842    97.9162     6.0661     6.2795    34.7769    34.7768    27.5920    27.5922    7.24610 0.0000e+00
       6442    215.816     4.1560     4.1552   3.260595   3.260368     1.8832     2.2512      7.966     0.8952    -0.6811 1.0715e-01     0.0842    97.9162     6.0673     6.2789    34.7786    34.7767    27.5937    27.5922    7.24656 0.0000e+00
       6445    215.863     4.1584     4.1545   3.260805   3.260287     1.8836     2.2524      7.966     0.9053    -0.7206 1.0727e-01     0.0842    97.9162     6.0679     6.2841    34.7785    34.7765    27.5933    27.5921    7.24613 0.0000e+00
       6448    215.899     4.1535     4.1447   3.260214   3.259364     1.8844     2.2528      7.968     0.9053    -0.6811 1.0715e-01     0.0853    97.8901     6.0744     6.2884    34.7767    34.7759    27.5924    27.5927    7.24709 0.0000e+00
       6451    215.927     4.1453     4.1385   3.259694   3.258839     1.8844     2.2532      7.968     0.9765    -0.6811 1.0715e-01     0.0853    97.8901     6.0765     6.2883    34.7792    34.7763    27.5952    27.5936    7.24842 0.0000e+00
       6468    215.952     4.1473     4.1451   3.259774   3.259491     1.8856     2.2548      7.968     0.9663     0.4638 1.0715e-01     0.0853    97.8901     6.0751     6.2827    34.7780    34.7770    27.5941    27.5935    7.24813 0.0000e+00
       6500    215.975     4.1583     4.1561   3.260719   3.260406     1.8877     2.2573      7.966     0.9358     2.7535 1.0715e-01     0.0853    97.8901     6.0727     6.2733    34.7776    34.7761    27.5926    27.5917    7.24620 0.0000e+00
       6503    216.006     4.1591     4.1529   3.260676   3.260061     1.8881     2.2577      7.968     0.9257     2.7535 1.0715e-01     0.0849    97.8988     6.0725     6.2732    34.7761    34.7755    27.5913    27.5915    7.24612 0.0000e+00
       6506    216.050     4.1577     4.1515   3.260624   3.260031     1.8881     2.2577      7.966     0.9257     2.7535 1.0715e-01     0.0857    97.8814     6.0718     6.2740    34.7770    34.7766    27.5922    27.5925    7.24634 0.0000e+00
       6509    216.109     4.1564     4.1511   3.260322   3.259924     1.8881     2.2577      7.968     0.9460     3.4641 1.0715e-01     0.0849    97.8988     6.0728     6.2725    34.7748    34.7757    27.5906    27.5919    7.24667 0.0000e+00
       6512    216.179     4.1558     4.1504   3.260733   3.259891     1.8889     2.2577      7.965     0.9460     7.4121 1.0715e-01     0.0853    97.8901     6.0734     6.2670    34.7802    34.7760    27.5950    27.5922    7.24651 0.0000e+00
       6515    216.263     4.1730     4.1534   3.262446   3.260388     1.8897     2.2577      7.965     0.9358     7.3726 1.0715e-01     0.0849    97.8988     6.0699     6.2641    34.7823    34.7787    27.5948    27.5940    7.24337 0.0000e+00
       6518    216.358     4.1775     4.1643   3.262603   3.261531     1.8889     2.2581      7.968     0.9460     7.3726 1.0715e-01     0.0853    97.8901     6.0632     6.2628    34.7794    34.7806    27.5920    27.5944    7.24271 0.0000e+00
       6521    216.463     4.1775     4.1722   3.262697   3.262049     1.8889     2.2569      7.966     0.9358     7.3726 1.0715e-01     0.0853    97.8901     6.0640     6.2562    34.7804    34.7783    27.5927    27.5917    7.24265 0.0000e+00
       6524    216.584     4.1759     4.1635   3.262480   3.260854     1.8893     2.2577      7.966     0.9460     7.3726 1.0715e-01     0.0853    97.8901     6.0675     6.2581    34.7795    34.7733    27.5923    27.5886    7.24299 0.0000e+00
       6527    216.717     4.1698     4.1538   3.261989   3.259916     1.8885     2.2577      7.965     0.9460     7.3726 1.0715e-01     0.0853    97.8901     6.0634     6.2576    34.7800    34.7724    27.5934    27.5890    7.24404 0.0000e+00
       6530    216.865     4.1656     4.1461   3.261631   3.259581     1.8893     2.2585      7.966     0.9562     7.3726 1.0715e-01     0.0853    97.8901     6.0646     6.2605    34.7801    34.7764    27.5938    27.5930    7.24478 0.0000e+00
       6533    217.031     4.1578     4.1555   3.260695   3.260723     1.8889     2.2577      7.966     0.9663     7.3726 1.0715e-01     0.0853    97.8901     6.0612     6.2531    34.7773    34.7800    27.5924    27.5948    7.24631 0.0000e+00
       6536    217.210     4.1622     4.1615   3.261338   3.261201     1.8889     2.2565      7.966     0.9562   202.9123 1.0715e-01     0.0857    97.8814     6.0587     6.2463    34.7801    34.7792    27.5942    27.5935    7.24539 0.0000e+00
       6539    217.400     4.1663     4.1685   3.261622   3.261774     1.8885     2.2577      7.965     0.9460   482.1870 1.0715e-01     0.0853    97.8901     6.0542     6.2472    34.7790    34.7785    27.5928    27.5923    7.24471 0.0000e+00
       6542    217.602     4.1785     4.1812   3.263176   3.263079     1.8889     2.2577      7.968     0.9562   481.1606 1.0715e-01     0.0853    97.8901     6.0530     6.2444    34.7844    34.7804    27.5959    27.5924    7.24228 0.0000e+00
       6545    217.817     4.1831     4.1858   3.263123   3.263478     1.8897     2.2573      7.966     0.9562   481.3184 1.0727e-01     0.0853    97.8901     6.0529     6.2418    34.7788    34.7801    27.5909    27.5916    7.24174 0.0000e+00
       6548    218.045     4.1857     4.1962   3.263799   3.264685     1.8897     2.2569      7.966     0.9867   481.3579 1.0715e-01     0.0857    97.8814     6.0517     6.2318    34.7839    34.7832    27.5947    27.5931    7.24103 0.0000e+00
       6551    218.280     4.2120     4.2125   3.266470   3.266271     1.8893     2.2565      7.965     0.9562   481.3579 1.0715e-01     0.0853    97.8901     6.0436     6.2259    34.7875    34.7847    27.5947    27.5924    7.23619 0.0000e+00
       6554    218.522     4.2191     4.2166   3.267036   3.266692     1.8881     2.2569      7.966     0.9155   481.3579 1.0715e-01     0.0853    97.8901     6.0331     6.2264    34.7866    34.7852    27.5933    27.5924    7.23497 0.0000e+00
       6557    218.767     4.2236     4.2196   3.267470   3.266997     1.8893     2.2552      7.966     0.8952   481.3579 1.0715e-01     0.0853    97.8901     6.0357     6.2193    34.7869    34.7855    27.5930    27.5924    7.23417 0.0000e+00
       6560    219.015     4.2235     4.2190   3.267436   3.266997     1.8885     2.2565      7.966     0.9053   481.3579 1.0715e-01     0.0853    97.8901     6.0282     6.2219    34.7864    34.7860    27.5927    27.5928    7.23421 0.0000e+00
       6563    219.264     4.2249     4.2197   3.267615   3.267092     1.8881     2.2552      7.966     0.9053   152.5370 1.0715e-01     0.0853    97.8901     6.0236     6.2163    34.7870    34.7862    27.5930    27.5929    7.23394 0.0000e+00
       6566    219.515     4.2264     4.2203   3.267792   3.267185     1.8877     2.2565      7.966     0.8952     0.1085 1.0715e-01     0.0853    97.8901     6.0187     6.2211    34.7872    34.7865    27.5930    27.5931    7.23365 0.0000e+00
       6569    219.769     4.2255     4.2203   3.267649   3.267214     1.8877     2.2548      7.965     0.9053     5.0038 1.0715e-01     0.0853    97.8901     6.0180     6.2160    34.7864    34.7868    27.5924    27.5933    7.23385 0.0000e+00
