Datasets/AZMP/HUD120/hud120_2020_005.cnv
* Sea-Bird SBE 9 Data File:
* FileName = C:\CTDDATA\hud120_2020_005.hex
* Software Version Seasave V 7.26.7.110
* Temperature SN = 1697
* Conductivity SN = 4216
* Number of Bytes Per Scan = 30
* Number of Voltage Words = 4
* Number of Scans Averaged by the Deck Unit = 1
* NMEA baud rate = 4800
** VESSEL/TRIP/SEQ STN:  hud120_2020_005
** LATITUDE XX XX.XX: 46 54.40 N
** LONGITUDE XX XX.XX: 054 40.50 W
** SOUNDING DEPTH (M): 0226
** PROBE TYPE: S1146
** CTD NUMBER: 002
** FORMAT: V
** COMMENTS (14 CHAR): PB-04
** BOTTLES:  10
** LEVELS: 5,10,20,30,40,50,75,100,150,BTM
** STICKERS: 439510 - 439519
** VNET: Y
** DO2: N
# nquan = 22
# nvalues = 5031                        
# units = specified
# name 0 = scan: Scan Count
# name 1 = prDM: Pressure, Digiquartz [db]
# name 2 = t090C: Temperature [ITS-90, deg C]
# name 3 = t190C: Temperature, 2 [ITS-90, deg C]
# name 4 = c0S/m: Conductivity [S/m]
# name 5 = c1S/m: Conductivity, 2 [S/m]
# name 6 = sbeox0V: Oxygen raw, SBE 43 [V]
# name 7 = sbeox1V: Oxygen raw, SBE 43, 2 [V]
# name 8 = ph: pH
# name 9 = flECO-AFL: Fluorescence, WET Labs ECO-AFL/FL [mg/m^3]
# name 10 = wetCDOM: Fluorescence, WET Labs CDOM [mg/m^3]
# name 11 = par/sat/log: PAR/Logarithmic, Satlantic [umol photons/m^2/sec]
# name 12 = CStarAt0: Beam Attenuation, WET Labs C-Star [1/m]
# name 13 = CStarTr0: Beam Transmission, WET Labs C-Star [%]
# name 14 = sbeox0ML/L: Oxygen, SBE 43 [ml/l], WS = 2
# name 15 = sbeox1ML/L: Oxygen, SBE 43, 2 [ml/l], WS = 2
# name 16 = sal00: Salinity, Practical [PSU]
# name 17 = sal11: Salinity, Practical, 2 [PSU]
# name 18 = sigma-t00: Density [sigma-t, kg/m^3 ]
# name 19 = sigma-t11: Density, 2 [sigma-t, kg/m^3 ]
# name 20 = oxsatML/L: Oxygen Saturation, Weiss [ml/l]
# name 21 = flag: flag
# span 0 =         36,      39566       
# span 1 =      2.672,    219.045       
# span 2 =    -0.9403,     7.6700       
# span 3 =    -0.9453,     7.6652       
# span 4 =   2.658196,   3.277801       
# span 5 =   2.658070,   3.277331       
# span 6 =     1.8834,     2.2348       
# span 7 =     2.2329,     2.6635       
# span 8 =      7.825,      8.083       
# span 9 =     0.9765,     5.5553       
# span 10 =    -2.8130,   482.1870      
# span 11 = 1.0678e-01, 1.1662e+02      
# span 12 =     0.0468,     0.2651      
# span 13 =    93.5874,    98.8375      
# span 14 =     6.6424,     8.0727      
# span 15 =     6.6376,     8.2926      
# span 16 =    31.6102,    32.8060      
# span 17 =    31.5787,    32.8074      
# span 18 =    24.6738,    26.3692      
# span 19 =    24.6743,    26.3705      
# span 20 =    6.80404,    8.38243      
# span 21 = 0.0000e+00, 0.0000e+00      
# interval = scans: 3                   
# start_time = Nov 10 2020 15:41:11 [System UTC, header]
# bad_flag = -9.990e-29
*END*
[from data line 4610]
      31669     27.423     7.6020     7.6025   3.272867   3.272903     2.2176     2.6431      8.074     3.9680   481.0026 3.4983e+00     0.1508    96.2994     6.8103     6.9604    31.6289    31.6288    24.6832    24.6831    6.81480 0.0000e+00
      31672     27.369     7.6018     7.6026   3.272831   3.272920     2.2184     2.6423      8.077     3.9680   481.0026 3.5146e+00     0.1508    96.2994     6.8155     6.9588    31.6288    31.6290    24.6831    24.6832    6.81484 0.0000e+00
      31675     27.312     7.6012     7.6029   3.272798   3.272941     2.2184     2.6419      8.077     3.9883   220.7568 3.5349e+00     0.1508    96.2994     6.8187     6.9596    31.6289    31.6289    24.6833    24.6831    6.81492 0.0000e+00
      31678     27.254     7.6025     7.6032   3.272934   3.272912     2.2180     2.6423      8.077     3.9883     8.0437 3.5513e+00     0.1508    96.2994     6.8165     6.9615    31.6292    31.6284    24.6834    24.6826    6.81470 0.0000e+00
      31681     27.196     7.6035     7.6027   3.273020   3.272893     2.2176     2.6431      8.074     3.9680    17.1634 3.5678e+00     0.1508    96.2994     6.8134     6.9641    31.6292    31.6287    24.6832    24.6829    6.81454 0.0000e+00
      31684     27.134     7.6042     7.6030   3.273134   3.272893     2.2184     2.6423      8.077     3.9680    16.8476 3.6010e+00     0.1505    96.3081     6.8191     6.9617    31.6299    31.6285    24.6836    24.6827    6.81440 0.0000e+00
      31687     27.078     7.6041     7.6027   3.273111   3.272871     2.2172     2.6431      8.074     3.9782    16.8476 3.6344e+00     0.1487    96.3515     6.8154     6.9651    31.6297    31.6285    24.6835    24.6827    6.81443 0.0000e+00
      31690     27.016     7.6045     7.6021   3.273062   3.272814     2.2184     2.6439      8.074     3.9782    16.8476 3.6597e+00     0.1491    96.3428     6.8191     6.9651    31.6289    31.6284    24.6828    24.6828    6.81440 0.0000e+00
      31693     26.951     7.6047     7.6018   3.273088   3.272804     2.2193     2.6419      8.077     4.0290    16.8476 3.6852e+00     0.1487    96.3515     6.8191     6.9604    31.6290    31.6286    24.6829    24.6830    6.81437 0.0000e+00
      31696     26.889     7.6047     7.6015   3.273092   3.272756     2.2193     2.6431      8.077     4.1715    16.8476 3.7108e+00     0.1491    96.3428     6.8173     6.9664    31.6291    31.6284    24.6830    24.6829    6.81437 0.0000e+00
      31699     26.826     7.6044     7.6010   3.273046   3.272718     2.2189     2.6431      8.076     4.1511    16.8871 3.7367e+00     0.1491    96.3428     6.8169     6.9667    31.6289    31.6285    24.6829    24.6830    6.81442 0.0000e+00
      31702     26.764     7.6039     7.6007   3.273054   3.272707     2.2176     2.6431      8.077     4.1613   405.5977 3.7627e+00     0.1491    96.3428     6.8115     6.9663    31.6295    31.6286    24.6833    24.6831    6.81447 0.0000e+00
      31705     26.702     7.6053     7.5998   3.273154   3.272574     2.2188     2.6431      8.076     4.1715   481.6343 3.7933e+00     0.1498    96.3255     6.8140     6.9665    31.6293    31.6281    24.6831    24.6829    6.81427 0.0000e+00
      31708     26.638     7.6057     7.5992   3.273151   3.272486     2.2193     2.6439      8.079     4.1715   480.7658 3.8196e+00     0.1498    96.3255     6.8149     6.9692    31.6289    31.6277    24.6827    24.6827    6.81421 0.0000e+00
      31711     26.577     7.6054     7.5981   3.273123   3.272435     2.2189     2.6431      8.077     4.1511   481.0026 3.8418e+00     0.1494    96.3342     6.8123     6.9651    31.6289    31.6282    24.6827    24.6831    6.81426 0.0000e+00
      31714     26.518     7.6041     7.5980   3.272989   3.272496     2.2180     2.6427      8.076     4.1613   481.0026 3.8640e+00     0.1498    96.3255     6.8061     6.9653    31.6287    31.6290    24.6827    24.6838    6.81448 0.0000e+00
      31717     26.457     7.6027     7.5982   3.272851   3.272482     2.2176     2.6443      8.077     4.1511   481.0026 3.8820e+00     0.1498    96.3255     6.8039     6.9710    31.6286    31.6287    24.6828    24.6835    6.81471 0.0000e+00
      31720     26.400     7.6020     7.5975   3.272811   3.272414     2.2184     2.6443      8.076     4.1003   481.0026 3.9181e+00     0.1498    96.3255     6.8090     6.9695    31.6288    31.6286    24.6831    24.6835    6.81481 0.0000e+00
      31723     26.340     7.6009     7.5971   3.272650   3.272316     2.2184     2.6443      8.079     4.0596   481.0026 3.9453e+00     0.1498    96.3255     6.8115     6.9686    31.6281    31.6279    24.6827    24.6831    6.81501 0.0000e+00
      31726     26.285     7.5993     7.5977   3.272590   3.272457     2.2184     2.6443      8.076     4.0698   413.5329 3.9959e+00     0.1508    96.2994     6.8118     6.9680    31.6289    31.6290    24.6835    24.6839    6.81522 0.0000e+00
      31729     26.228     7.5991     7.5989   3.272560   3.272543     2.2180     2.6439      8.077     4.0596    11.2021 4.0236e+00     0.1508    96.2994     6.8080     6.9661    31.6288    31.6288    24.6835    24.6835    6.81526 0.0000e+00
      31732     26.175     7.5989     7.5995   3.272574   3.272617     2.2184     2.6439      8.079     4.0596     2.2009 4.0470e+00     0.1508    96.2994     6.8112     6.9654    31.6291    31.6291    24.6838    24.6837    6.81527 0.0000e+00
      31735     26.125     7.5989     7.5996   3.272560   3.272607     2.2184     2.6439      8.076     4.0596     3.6616 4.0798e+00     0.1508    96.2994     6.8147     6.9663    31.6290    31.6289    24.6837    24.6835    6.81529 0.0000e+00
      31738     26.074     7.5984     7.5995   3.272568   3.272546     2.2180     2.6443      8.077     4.0698     3.5826 4.1178e+00     0.1508    96.2994     6.8152     6.9667    31.6295    31.6284    24.6842    24.6831    6.81533 0.0000e+00
      31741     26.023     7.5994     7.5990   3.272613   3.272551     2.2176     2.6447      8.077     4.0698     3.5826 4.1464e+00     0.1508    96.2994     6.8122     6.9679    31.6291    31.6289    24.6838    24.6836    6.81519 0.0000e+00
      31744     25.973     7.6003     7.5990   3.272640   3.272519     2.2189     2.6435      8.077     4.0596     3.5826 4.1705e+00     0.1537    96.2298     6.8149     6.9644    31.6287    31.6286    24.6832    24.6834    6.81508 0.0000e+00
      31747     25.924     7.5998     7.5986   3.272640   3.272512     2.2184     2.6443      8.077     4.1206     3.5826 4.1946e+00     0.1621    96.0299     6.8121     6.9673    31.6291    31.6289    24.6837    24.6836    6.81513 0.0000e+00
      31750     25.878     7.5999     7.5987   3.272641   3.272493     2.2180     2.6443      8.077     4.1308     3.5826 4.2141e+00     0.1617    96.0386     6.8103     6.9671    31.6291    31.6286    24.6837    24.6834    6.81513 0.0000e+00
      31753     25.832     7.5999     7.5988   3.272633   3.272533     2.2180     2.6447      8.079     4.1206     7.2542 4.2336e+00     0.1617    96.0386     6.8084     6.9687    31.6290    31.6290    24.6836    24.6837    6.81513 0.0000e+00
      31756     25.786     7.5992     7.5993   3.272545   3.272624     2.2184     2.6443      8.076     4.1206    13.2155 4.2582e+00     0.1617    96.0386     6.8083     6.9666    31.6287    31.6295    24.6834    24.6840    6.81524 0.0000e+00
      31759     25.739     7.5982     7.5998   3.272463   3.272636     2.2193     2.6447      8.079     4.1206    12.9391 4.2730e+00     0.1617    96.0386     6.8120     6.9664    31.6288    31.6292    24.6836    24.6837    6.81540 0.0000e+00
      31762     25.696     7.5981     7.6001   3.272471   3.272609     2.2189     2.6456      8.077     4.1308    12.9786 4.2928e+00     0.1617    96.0386     6.8106     6.9681    31.6289    31.6286    24.6838    24.6833    6.81541 0.0000e+00
      31765     25.650     7.5985     7.5993   3.272555   3.272526     2.2180     2.6447      8.079     4.1206    12.9391 4.3176e+00     0.1573    96.1429     6.8048     6.9639    31.6296    31.6285    24.6842    24.6832    6.81532 0.0000e+00
      31768     25.607     7.6014     7.5992   3.272879   3.272538     2.2176     2.6452      8.077     4.1206    12.9391 4.3327e+00     0.1515    96.2820     6.8010     6.9632    31.6304    31.6287    24.6845    24.6834    6.81483 0.0000e+00
      31771     25.563     7.6057     7.5987   3.273069   3.272486     2.2176     2.6443      8.076     4.2529    12.9391 4.3679e+00     0.1519    96.2733     6.8000     6.9575    31.6286    31.6287    24.6824    24.6835    6.81423 0.0000e+00
      31774     25.517     7.6056     7.5981   3.273089   3.272465     2.2180     2.6447      8.077     4.7718    12.9391 4.3881e+00     0.1515    96.2820     6.8019     6.9567    31.6288    31.6290    24.6826    24.6838    6.81423 0.0000e+00
      31777     25.471     7.6053     7.5972   3.273105   3.272447     2.2172     2.6447      8.079     4.7718    12.9391 4.4136e+00     0.1519    96.2733     6.7988     6.9550    31.6293    31.6296    24.6831    24.6844    6.81426 0.0000e+00
      31780     25.424     7.6059     7.5977   3.273176   3.272453     2.2172     2.6447      8.079     4.7718   318.1911 4.4289e+00     0.1519    96.2733     6.7992     6.9546    31.6295    31.6293    24.6831    24.6841    6.81415 0.0000e+00
      31783     25.374     7.6071     7.5982   3.273258   3.272441     2.2180     2.6443      8.076     4.7820   482.1870 4.4649e+00     0.1519    96.2733     6.8039     6.9528    31.6294    31.6287    24.6828    24.6836    6.81397 0.0000e+00
      31786     25.325     7.6084     7.5987   3.273331   3.272528     2.2176     2.6443      8.077     4.7616   480.6868 4.4855e+00     0.1537    96.2299     6.8049     6.9540    31.6290    31.6292    24.6824    24.6839    6.81379 0.0000e+00
      31789     25.272     7.6094     7.5993   3.273396   3.272689     2.2172     2.6435      8.076     4.7820   481.0026 4.5064e+00     0.1545    96.2125     6.8056     6.9537    31.6288    31.6304    24.6821    24.6848    6.81364 0.0000e+00
      31792     25.217     7.6101     7.6009   3.273492   3.272724     2.2172     2.6431      8.077     4.7820   481.0026 4.5325e+00     0.1545    96.2125     6.8071     6.9534    31.6292    31.6293    24.6823    24.6837    6.81351 0.0000e+00
      31795     25.163     7.6126     7.6015   3.273699   3.272827     2.2172     2.6435      8.079     4.7718   481.0026 4.5693e+00     0.1545    96.2125     6.8073     6.9565    31.6292    31.6300    24.6819    24.6841    6.81312 0.0000e+00
      31798     25.107     7.6135     7.6057   3.273736   3.273208     2.2172     2.6431      8.077     4.6599   480.9631 4.5905e+00     0.1545    96.2125     6.8099     6.9561    31.6288    31.6302    24.6815    24.6837    6.81299 0.0000e+00
      31801     25.046     7.6131     7.6079   3.273745   3.273350     2.2180     2.6431      8.074     4.4971   481.0026 4.6171e+00     0.1545    96.2125     6.8156     6.9594    31.6293    31.6298    24.6820    24.6831    6.81304 0.0000e+00
      31804     24.985     7.6127     7.6101   3.273703   3.273554     2.2176     2.6439      8.076     4.5072   470.2248 4.6762e+00     0.1548    96.2038     6.8154     6.9650    31.6292    31.6299    24.6820    24.6829    6.81310 0.0000e+00
      31807     24.923     7.6127     7.6111   3.273667   3.273470     2.2176     2.6439      8.079     4.5174    51.2338 4.7197e+00     0.1563    96.1690     6.8153     6.9677    31.6289    31.6282    24.6817    24.6814    6.81312 0.0000e+00
      31810     24.858     7.6125     7.6104   3.273753   3.273429     2.2176     2.6443      8.076     4.5072     6.2672 4.7580e+00     0.1563    96.1690     6.8167     6.9702    31.6300    31.6285    24.6826    24.6817    6.81310 0.0000e+00
      31813     24.792     7.6155     7.6104   3.273998   3.273458     2.2180     2.6443      8.077     4.4971     8.7938 4.7856e+00     0.1563    96.1690     6.8190     6.9702    31.6299    31.6288    24.6821    24.6820    6.81262 0.0000e+00
      31816     24.722     7.6161     7.6099   3.273944   3.273374     2.2180     2.6443      8.079     4.4971     8.6754 4.8301e+00     0.1563    96.1690     6.8194     6.9693    31.6289    31.6284    24.6812    24.6817    6.81259 0.0000e+00
      31819     24.651     7.6166     7.6111   3.273984   3.273634     2.2184     2.6443      8.077     4.5072     8.6754 4.8806e+00     0.1559    96.1777     6.8198     6.9692    31.6288    31.6301    24.6811    24.6828    6.81250 0.0000e+00
      31822     24.579     7.6160     7.6128   3.273957   3.273690     2.2189     2.6452      8.079     4.4971     8.6754 4.9202e+00     0.1563    96.1690     6.8235     6.9714    31.6291    31.6292    24.6814    24.6819    6.81258 0.0000e+00
      31825     24.507     7.6149     7.6131   3.273821   3.273662     2.2193     2.6456      8.077     4.3139     8.6754 4.9775e+00     0.1556    96.1864     6.8267     6.9716    31.6287    31.6286    24.6813    24.6814    6.81278 0.0000e+00
      31828     24.436     7.6161     7.6125   3.274091   3.273562     2.2189     2.6456      8.079     4.2630     8.6754 5.0121e+00     0.1530    96.2472     6.8258     6.9707    31.6306    31.6282    24.6826    24.6812    6.81251 0.0000e+00
      31831     24.366     7.6219     7.6112   3.274484   3.273449     2.2180     2.6452      8.079     4.2630     8.3990 5.0528e+00     0.1530    96.2472     6.8189     6.9697    31.6295    31.6282    24.6809    24.6813    6.81164 0.0000e+00
      31834     24.293     7.6207     7.6102   3.274112   3.273366     2.2189     2.6447      8.079     4.2529     7.2147 5.0939e+00     0.1530    96.2472     6.8194     6.9689    31.6266    31.6282    24.6788    24.6815    6.81195 0.0000e+00
      31837     24.224     7.6139     7.6093   3.273607   3.273235     2.2193     2.6443      8.077     4.2529     7.2542 5.1353e+00     0.1530    96.2472     6.8204     6.9669    31.6275    31.6277    24.6804    24.6812    6.81299 0.0000e+00
      31840     24.156     7.6096     7.6080   3.273361   3.273195     2.2193     2.6452      8.079     4.2529     7.2542 5.1710e+00     0.1530    96.2472     6.8192     6.9690    31.6287    31.6284    24.6820    24.6820    6.81360 0.0000e+00
      31843     24.088     7.6092     7.6076   3.273385   3.273263     2.2193     2.6456      8.077     4.2529     7.2542 5.2071e+00     0.1530    96.2472     6.8166     6.9688    31.6294    31.6295    24.6826    24.6829    6.81364 0.0000e+00
      31846     24.020     7.6109     7.6083   3.273523   3.273176     2.2205     2.6456      8.077     4.2529     7.2542 5.2494e+00     0.1526    96.2559     6.8201     6.9665    31.6294    31.6280    24.6823    24.6817    6.81337 0.0000e+00
      31849     23.954     7.6124     7.6047   3.273594   3.272786     2.2205     2.6456      8.079     4.2427     7.2542 5.2859e+00     0.1515    96.2820     6.8197     6.9659    31.6288    31.6271    24.6817    24.6814    6.81317 0.0000e+00
      31852     23.887     7.6088     7.6024   3.273271   3.272643     2.2197     2.6456      8.079     4.0799     7.2542 5.3165e+00     0.1512    96.2907     6.8174     6.9664    31.6286    31.6278    24.6820    24.6822    6.81374 0.0000e+00
      31855     23.820     7.6070     7.6013   3.273148   3.272636     2.2184     2.6468      8.079     4.0799     7.2542 5.3722e+00     0.1519    96.2733     6.8114     6.9691    31.6290    31.6286    24.6826    24.6831    6.81401 0.0000e+00
      31858     23.757     7.6071     7.6043   3.273144   3.273201     2.2193     2.6460      8.079     4.0596   228.4158 5.4033e+00     0.1512    96.2907     6.8113     6.9649    31.6289    31.6321    24.6825    24.6854    6.81400 0.0000e+00
