Datasets/AZMP/HUD120/hud120_2020_029.cnv
* Sea-Bird SBE 9 Data File:
* FileName = C:\CTDDATA\hud120_2020_029.hex
* Software Version Seasave V 7.26.7.110
* Temperature SN = 1697
* Conductivity SN = 4216
* Number of Bytes Per Scan = 30
* Number of Voltage Words = 4
* Number of Scans Averaged by the Deck Unit = 1
* NMEA baud rate = 4800
** VESSEL/TRIP/SEQ STN:  hud120_2020_029
** LATITUDE XX XX.XX: 42 51.00 N
** LONGITUDE XX XX.XX: 049 53.20 W
** SOUNDING DEPTH (M): 0402
** PROBE TYPE: S1146
** CTD NUMBER: 019
** FORMAT: V
** COMMENTS (14 CHAR): SEGB-15
** BOTTLES:  11
** LEVELS: 5,10,20,30,40,50,75,100,150,250,BTM
** STICKERS: 439630 - 439640
** VNET: Y
** DO2: N
# nquan = 22
# nvalues = 7144                        
# units = specified
# name 0 = scan: Scan Count
# name 1 = prDM: Pressure, Digiquartz [db]
# name 2 = t090C: Temperature [ITS-90, deg C]
# name 3 = t190C: Temperature, 2 [ITS-90, deg C]
# name 4 = c0S/m: Conductivity [S/m]
# name 5 = c1S/m: Conductivity, 2 [S/m]
# name 6 = sbeox0V: Oxygen raw, SBE 43 [V]
# name 7 = sbeox1V: Oxygen raw, SBE 43, 2 [V]
# name 8 = ph: pH
# name 9 = flECO-AFL: Fluorescence, WET Labs ECO-AFL/FL [mg/m^3]
# name 10 = wetCDOM: Fluorescence, WET Labs CDOM [mg/m^3]
# name 11 = par/sat/log: PAR/Logarithmic, Satlantic [umol photons/m^2/sec]
# name 12 = CStarAt0: Beam Attenuation, WET Labs C-Star [1/m]
# name 13 = CStarTr0: Beam Transmission, WET Labs C-Star [%]
# name 14 = sbeox0ML/L: Oxygen, SBE 43 [ml/l], WS = 2
# name 15 = sbeox1ML/L: Oxygen, SBE 43, 2 [ml/l], WS = 2
# name 16 = sal00: Salinity, Practical [PSU]
# name 17 = sal11: Salinity, Practical, 2 [PSU]
# name 18 = sigma-t00: Density [sigma-t, kg/m^3 ]
# name 19 = sigma-t11: Density, 2 [sigma-t, kg/m^3 ]
# name 20 = oxsatML/L: Oxygen Saturation, Weiss [ml/l]
# name 21 = flag: flag
# span 0 =          2,      54266       
# span 1 =      0.200,    409.569       
# span 2 =     0.1389,     8.7071       
# span 3 =     0.1323,     8.6993       
# span 4 =   2.801645,   3.468979       
# span 5 =   2.801176,   3.468042       
# span 6 =     1.8870,     2.2562       
# span 7 =     2.2281,     2.6887       
# span 8 =      7.927,      8.152       
# span 9 =     0.8850,     6.2472       
# span 10 =    -2.8130,   482.1870      
# span 11 = 1.0703e-01, 1.9602e+00      
# span 12 =     0.0683,     0.2651      
# span 13 =    93.5874,    98.3073      
# span 14 =     6.3179,     7.4847      
# span 15 =     6.1152,     7.6349      
# span 16 =    32.2247,    34.6542      
# span 17 =    30.5814,    34.6545      
# span 18 =    25.2453,    27.5710      
# span 19 =    23.7402,    27.5717      
# span 20 =    6.59912,    8.10061      
# span 21 = 0.0000e+00, 0.0000e+00      
# interval = scans: 3                   
# start_time = Nov 19 2020 04:42:41 [System UTC, header]
# bad_flag = -9.990e-29
*END*
[from data line 7046]
      51713      6.143     8.6937     8.6640   3.466871   3.464924     2.2333     2.6597      8.147     5.7486     6.1882 1.0703e-01     0.2455    94.0481     6.5986     6.7299    32.6918    32.6988    25.3582    25.3683    6.60143 0.0000e+00
      51716      6.108     8.6936     8.6638   3.466909   3.463810     2.2329     2.6593      8.147     5.7486     6.1882 1.0715e-01     0.2455    94.0481     6.5963     6.7294    32.6923    32.6874    25.3587    25.3594    6.60143 0.0000e+00
      51719      6.073     8.6940     8.6416   3.466967   3.462235     2.2325     2.6589      8.147     5.7486     5.3986 1.0715e-01     0.2455    94.0481     6.5961     6.7304    32.6925    32.6914    25.3588    25.3659    6.60136 0.0000e+00
      51722      6.043     8.6947     8.6673   3.466984   3.465201     2.2325     2.6581      8.148     5.7384     1.8455 1.0715e-01     0.2451    94.0568     6.5969     6.7224    32.6921    32.6987    25.3583    25.3677    6.60128 0.0000e+00
      51725      6.019     8.6943     8.6665   3.466897   3.463738     2.2317     2.6581      8.148     5.7486     1.9245 1.0715e-01     0.2451    94.0568     6.5939     6.7212    32.6916    32.6841    25.3580    25.3564    6.60136 0.0000e+00
      51728      5.993     8.6946     8.6689   3.466933   3.465304     2.2313     2.6560      8.150     5.7486     1.9245 1.0715e-01     0.2466    94.0220     6.5930     6.7126    32.6916    32.6984    25.3580    25.3672    6.60130 0.0000e+00
      51731      5.966     8.6952     8.6796   3.466983   3.465728     2.2325     2.6560      8.148     5.7384     1.9245 1.0715e-01     0.2517    93.9003     6.5971     6.7112    32.6916    32.6929    25.3579    25.3613    6.60121 0.0000e+00
      51734      5.938     8.6950     8.6825   3.466962   3.466093     2.2313     2.6560      8.148     5.8605     1.9245 1.0715e-01     0.2517    93.9003     6.5916     6.7101    32.6916    32.6940    25.3579    25.3617    6.60125 0.0000e+00
      51737      5.909     8.6951     8.6867   3.466928   3.466216     2.2305     2.6552      8.150     5.8605     1.9245 1.0715e-01     0.2517    93.9003     6.5884     6.7057    32.6912    32.6915    25.3576    25.3591    6.60125 0.0000e+00
      51740      5.877     8.6953     8.6891   3.466950   3.466305     2.2293     2.6536      8.148     5.8605     1.9245 1.0715e-01     0.2517    93.9003     6.5838     6.6995    32.6912    32.6902    25.3576    25.3577    6.60122 0.0000e+00
      51743      5.845     8.6952     8.6904   3.466926   3.466408     2.2301     2.6532      8.148     5.8605     1.9245 1.0715e-01     0.2517    93.9003     6.5850     6.6987    32.6911    32.6901    25.3575    25.3574    6.60123 0.0000e+00
      51746      5.809     8.6952     8.6909   3.466904   3.466432     2.2289     2.6528      8.150     5.8605     2.9115 1.0715e-01     0.2517    93.9003     6.5792     6.6989    32.6909    32.6899    25.3573    25.3572    6.60125 0.0000e+00
      51749      5.770     8.6952     8.6920   3.466921   3.466547     2.2289     2.6507      8.150     5.8809     4.1353 1.0715e-01     0.2506    93.9264     6.5791     6.6936    32.6910    32.6901    25.3574    25.3572    6.60124 0.0000e+00
      51752      5.732     8.6962     8.6927   3.466998   3.466573     2.2289     2.6503      8.148     5.8707     4.0564 1.0715e-01     0.2466    94.0220     6.5785     6.6954    32.6910    32.6898    25.3572    25.3568    6.60110 0.0000e+00
      51755      5.694     8.6970     8.6930   3.467015   3.466537     2.2280     2.6503      8.148     5.8809     4.0564 1.0715e-01     0.2469    94.0133     6.5766     6.6967    32.6904    32.6891    25.3567    25.3563    6.60100 0.0000e+00
      51758      5.653     8.6970     8.6928   3.466989   3.466519     2.2280     2.6495      8.150     5.8198     4.0564 1.0715e-01     0.2469    94.0133     6.5806     6.6965    32.6902    32.6891    25.3565    25.3563    6.60101 0.0000e+00
      51761      5.609     8.6967     8.6929   3.466945   3.466467     2.2280     2.6479      8.148     5.5960     4.0564 1.0752e-01     0.2469    94.0133     6.5811     6.6947    32.6900    32.6885    25.3564    25.3558    6.60106 0.0000e+00
      51764      5.563     8.6966     8.6924   3.466915   3.466442     2.2272     2.6483      8.150     5.5960     4.0564 1.1018e-01     0.2469    94.0133     6.5782     6.7003    32.6898    32.6887    25.3563    25.3561    6.60109 0.0000e+00
      51767      5.515     8.6970     8.6928   3.466955   3.466462     2.2260     2.6483      8.150     5.5858     4.0564 1.0942e-01     0.2473    94.0046     6.5726     6.7019    32.6899    32.6886    25.3562    25.3558    6.60102 0.0000e+00
      51770      5.471     8.6975     8.6932   3.466979   3.466475     2.2256     2.6475      8.148     5.5960     4.0564 1.0715e-01     0.2466    94.0220     6.5726     6.7022    32.6897    32.6884    25.3560    25.3557    6.60096 0.0000e+00
      51773      5.434     8.6977     8.6931   3.466973   3.466497     2.2264     2.6471      8.150     5.5960     6.0698 1.0715e-01     0.2462    94.0307     6.5765     6.7028    32.6894    32.6888    25.3558    25.3560    6.60093 0.0000e+00
      51779      5.392     8.6967     8.6922   3.466708   3.466299     2.2248     2.6471      8.148     5.5247     6.8199 1.0841e-01     0.2462    94.0307     6.5757     6.7064    32.6876    32.6875    25.3545    25.3552    6.60116 0.0000e+00
      51876      5.316     8.5914     8.5927   3.457059   3.456885     2.2272     2.6495      8.147     5.3213     2.3193 1.2821e-01     0.2518    93.9003     6.6144     6.7501    32.6839    32.6808    25.3676    25.3650    6.61709 0.0000e+00
      51923      5.228     8.5509     8.5425   3.453376   3.452205     2.2280     2.6507      8.145     5.2806     0.1084 1.5367e-01     0.2544    93.8395     6.6266     6.7683    32.6828    32.6782    25.3728    25.3706    6.62320 0.0000e+00
      51926      5.144     8.5574     8.5426   3.453732   3.452171     2.2276     2.6515      8.145     5.3111     0.1084 1.3259e-01     0.2544    93.8395     6.6213     6.7717    32.6805    32.6778    25.3701    25.3702    6.62232 0.0000e+00
      51929      5.070     8.5523     8.5402   3.453044   3.451822     2.2276     2.6507      8.145     5.2908     3.2668 1.4783e-01     0.2547    93.8308     6.6187     6.7705    32.6780    32.6764    25.3689    25.3694    6.62319 0.0000e+00
      51932      5.012     8.5496     8.5355   3.452985   3.451466     2.2264     2.6511      8.145     5.2806     9.0702 1.4956e-01     0.2569    93.7786     6.6132     6.7737    32.6799    32.6770    25.3708    25.3707    6.62351 0.0000e+00
      51935      4.964     8.5566     8.5348   3.453770   3.451442     2.2256     2.6507      8.147     5.2908     8.7938 1.3781e-01     0.2573    93.7699     6.6043     6.7726    32.6817    32.6774    25.3712    25.3711    6.62239 0.0000e+00
      52337      4.932     8.3157     8.3105   3.430532   3.431337     2.2264     2.6507      8.145     5.2908   166.3152 1.4716e-01     0.2551    93.8221     6.6540     6.8162    32.6596    32.6731    25.3892    25.4007    6.66009 0.0000e+00
      53138      4.895     7.8234     7.8584   3.387353   3.390704     2.2268     2.6482      8.144     5.3213   481.3579 1.0703e-01     0.2499    93.9438     6.7573     6.9007    32.6603    32.6634    25.4622    25.4595    6.73509 0.0000e+00
      53141      4.860     7.8303     7.8596   3.388813   3.390594     2.2276     2.6482      8.144     5.3213   481.3579 1.0715e-01     0.2502    93.9351     6.7623     6.9018    32.6696    32.6611    25.4684    25.4576    6.73363 0.0000e+00
      53651      4.827     8.3958     8.3916   3.439622   3.438247     2.2268     2.6478      8.148     5.9114   481.2790 2.1419e-01     0.2495    93.9525     6.6479     6.7657    32.6813    32.6706    25.3941    25.3865    6.64710 0.0000e+00
      53907      4.734     8.6697     8.6587   3.463522   3.462581     2.2268     2.6470      8.150     6.1047   481.3579 2.9159e-01     0.2510    93.9177     6.5937     6.6936    32.6795    32.6798    25.3523    25.3542    6.60554 0.0000e+00
      53910      4.628     8.6601     8.6581   3.462313   3.462455     2.2255     2.6454      8.150     6.1047   481.3579 2.8094e-01     0.2506    93.9264     6.5932     6.6887    32.6757    32.6791    25.3508    25.3537    6.60713 0.0000e+00
      53913      4.516     8.6529     8.6516   3.462155   3.461691     2.2251     2.6446      8.150     6.1251   481.3184 2.3723e-01     0.2473    94.0046     6.5944     6.6873    32.6808    32.6771    25.3559    25.3532    6.60799 0.0000e+00
      53916      4.399     8.6532     8.6471   3.461848   3.461527     2.2251     2.6433      8.150     6.0945   481.3579 2.0011e-01     0.2473    94.0046     6.5935     6.6831    32.6773    32.6796    25.3531    25.3558    6.60809 0.0000e+00
      53919      4.285     8.6359     8.6429   3.459977   3.460695     2.2255     2.6433      8.150     6.1047   481.3579 2.1594e-01     0.2473    94.0046     6.5968     6.6857    32.6738    32.6748    25.3530    25.3527    6.61083 0.0000e+00
      53922      4.167     8.6338     8.6241   3.460233   3.458837     2.2251     2.6417      8.150     6.1149   481.3579 2.3491e-01     0.2473    94.0046     6.5969     6.6880    32.6785    32.6728    25.3569    25.3540    6.61095 0.0000e+00
      53925      4.052     8.6320     8.6025   3.460434   3.456401     2.2243     2.6409      8.150     6.1149   481.3184 2.9885e-01     0.2473    94.0046     6.5948     6.6950    32.6823    32.6673    25.3602    25.3529    6.61106 0.0000e+00
      53928      3.938     8.6426     8.5687   3.461585   3.453295     2.2243     2.6405      8.150     6.1251   481.3579 2.8901e-01     0.2473    94.0046     6.5946     6.7040    32.6845    32.6660    25.3604    25.3570    6.60937 0.0000e+00
      53931      3.829     8.6405     8.5227   3.460361   3.448784     2.2255     2.6405      8.150     5.9114   481.3579 3.5557e-01     0.2480    93.9872     6.6031     6.7115    32.6737    32.6612    25.3522    25.3602    6.61015 0.0000e+00
      53934      3.729     8.6246     8.4952   3.459237   3.447465     2.2251     2.6409      8.152     5.5655   481.3184 3.5974e-01     0.2484    93.9785     6.6086     6.7144    32.6767    32.6728    25.3570    25.3735    6.61240 0.0000e+00
      53937      3.638     8.6249     8.4835   3.459722   3.447069     2.2251     2.6413      8.150     5.5858   481.3579 3.2563e-01     0.2484    93.9785     6.6100     6.7118    32.6815    32.6796    25.3607    25.3805    6.61215 0.0000e+00
      53940      3.555     8.6328     8.4978   3.460723   3.449081     2.2243     2.6397      8.150     5.5553   481.3579 4.3445e-01     0.2484    93.9785     6.6054     6.7001    32.6848    32.6876    25.3621    25.3846    6.61084 0.0000e+00
      53943      3.476     8.6419     8.5247   3.461599   3.451604     2.2243     2.6409      8.150     5.5756   481.3184 3.0986e-01     0.2480    93.9872     6.6047     6.6942    32.6856    32.6891    25.3613    25.3818    6.60944 0.0000e+00
      53946      3.407     8.6518     8.5554   3.462276   3.453841     2.2255     2.6417      8.151     5.5858   481.3184 4.3956e-01     0.2484    93.9785     6.6085     6.6859    32.6836    32.6843    25.3582    25.3734    6.60804 0.0000e+00
      53949      3.339     8.6532     8.5721   3.462356   3.455689     2.2251     2.6429      8.151     5.5756   481.3579 3.4674e-01     0.2484    93.9785     6.6053     6.6794    32.6831    32.6882    25.3577    25.3739    6.60785 0.0000e+00
      53952      3.270     8.6554     8.5827   3.462172   3.456341     2.2247     2.6405      8.150     5.5553   481.3579 4.7150e-01     0.2510    93.9177     6.6012     6.6635    32.6793    32.6853    25.3543    25.3700    6.60769 0.0000e+00
      53955      3.205     8.6500     8.5870   3.461486   3.456260     2.2259     2.6364      8.150     5.5553   481.2395 4.6276e-01     0.2517    93.9003     6.6046     6.6436    32.6770    32.6806    25.3533    25.3657    6.60858 0.0000e+00
      53958      3.142     8.6433     8.5848   3.461122   3.455631     2.2264     2.6344      8.150     5.7384   481.2790 7.2839e-01     0.2517    93.9003     6.6076     6.6331    32.6795    32.6760    25.3563    25.3624    6.60948 0.0000e+00
      53961      3.080     8.6413     8.5800   3.461168   3.455495     2.2251     2.6327      8.150     5.8605   481.2395 9.4296e-01     0.2517    93.9003     6.6010     6.6255    32.6818    32.6790    25.3584    25.3655    6.60968 0.0000e+00
      53964      3.021     8.6404     8.5833   3.461119   3.455926     2.2255     2.6332      8.150     5.8198   481.2395 7.0601e-01     0.2517    93.9003     6.5999     6.6229    32.6822    32.6806    25.3588    25.3663    6.60981 0.0000e+00
      53967      2.967     8.6406     8.5833   3.461096   3.455799     2.2251     2.6315      8.150     5.8300   481.3184 5.1917e-01     0.2517    93.9003     6.5934     6.6140    32.6818    32.6792    25.3585    25.3652    6.60979 0.0000e+00
      53970      2.916     8.6417     8.5909   3.461106   3.456599     2.2251     2.6299      8.150     5.8402   474.8044 3.7270e-01     0.2521    93.8916     6.5880     6.6056    32.6809    32.6806    25.3576    25.3651    6.60966 0.0000e+00
      53986      2.878     8.6479     8.5983   3.461605   3.457296     2.2227     2.6214      8.150     5.8911    55.3791 4.1894e-01     0.2510    93.9177     6.5737     6.5789    32.6804    32.6811    25.3563    25.3644    6.60876 0.0000e+00
      54016      2.851     8.6577     8.5991   3.462409   3.458141     2.2182     2.6047      8.150     6.0234    -0.4443 4.0852e-01     0.2473    94.0046     6.5622     6.5413    32.6798    32.6892    25.3544    25.3706    6.60732 0.0000e+00
      54019      2.818     8.6563     8.6169   3.462550   3.459551     2.2178     2.6043      8.150     6.0132    -0.4443 3.5616e-01     0.2473    94.0046     6.5670     6.5555    32.6826    32.6875    25.3567    25.3666    6.60742 0.0000e+00
      54022      2.782     8.6639     8.6467   3.463202   3.461810     2.2182     2.6043      8.150     6.0132    -0.4443 3.6099e-01     0.2473    94.0046     6.5723     6.5691    32.6824    32.6837    25.3554    25.3591    6.60628 0.0000e+00
      54025      2.745     8.6611     8.6455   3.462655   3.461151     2.2178     2.6047      8.150     6.0132     0.0295 4.0023e-01     0.2473    94.0046     6.5750     6.5879    32.6792    32.6779    25.3534    25.3548    6.60683 0.0000e+00
      54028      2.703     8.6585     8.6486   3.462718   3.462502     2.2178     2.6039      8.150     6.0234     0.1479 4.5005e-01     0.2473    94.0046     6.5806     6.6022    32.6823    32.6892    25.3562    25.3631    6.60709 0.0000e+00
      54031      2.658     8.6617     8.6219   3.462555   3.456465     2.2178     2.6039      8.150     6.0234     0.1479 4.4901e-01     0.2480    93.9872     6.5864     6.6231    32.6777    32.6506    25.3521    25.3370    6.60681 0.0000e+00
      54034      2.610     8.6268     8.5313   3.457278   3.449078     2.2178     2.6047      8.150     6.0132     0.1479 4.0457e-01     0.2491    93.9612     6.5971     6.6521    32.6547    32.6569    25.3394    25.3555    6.61302 0.0000e+00
      54037      2.560     8.4992     8.4648   3.440840   3.441660     2.2186     2.6059      8.150     5.7079     0.1479 3.5303e-01     0.2495    93.9525     6.6258     6.6767    32.6000    32.6405    25.3157    25.3527    6.63451 0.0000e+00
      54040      2.503     8.3866     8.4331   3.434908   3.441288     2.2190     2.6071      8.151     5.6163     0.1479 4.7824e-01     0.2495    93.9525     6.6460     6.6895    32.6418    32.6660    25.3654    25.3774    6.64970 0.0000e+00
      54043      2.447     8.3519     8.4121   3.431753   3.437559     2.2186     2.6083      8.151     5.6265     0.1479 4.4778e-01     0.2495    93.9525     6.6547     6.6990    32.6407    32.6461    25.3697    25.3650    6.65500 0.0000e+00
