Datasets/AZMP/HUD120/hud120_2020_096.cnv
* Sea-Bird SBE 9 Data File:
* FileName = C:\CTDDATA\hud120_2020_096.hex
* Software Version Seasave V 7.26.7.110
* Temperature SN = 1697
* Conductivity SN = 4216
* Number of Bytes Per Scan = 30
* Number of Voltage Words = 4
* Number of Scans Averaged by the Deck Unit = 1
* NMEA baud rate = 4800
** VESSEL/TRIP/SEQ STN:  hud120_2020_096
** LATITUDE XX XX.XX: 49 41.00 N
** LONGITUDE XX XX.XX: 050 01.00 W
** SOUNDING DEPTH (M): 0610
** PROBE TYPE: S1146
** CTD NUMBER: 073
** FORMAT: V
** COMMENTS (14 CHAR): BB-11
** BOTTLES:  12
** LEVELS: 5,10,20,30,40,50,75,100,150,250,500,BTM
** STICKERS: 440029 - 440040
** VNET: Y
** DO2: N
# nquan = 22
# nvalues = 11503                       
# units = specified
# name 0 = scan: Scan Count
# name 1 = prDM: Pressure, Digiquartz [db]
# name 2 = t090C: Temperature [ITS-90, deg C]
# name 3 = t190C: Temperature, 2 [ITS-90, deg C]
# name 4 = c0S/m: Conductivity [S/m]
# name 5 = c1S/m: Conductivity, 2 [S/m]
# name 6 = sbeox0V: Oxygen raw, SBE 43 [V]
# name 7 = sbeox1V: Oxygen raw, SBE 43, 2 [V]
# name 8 = ph: pH
# name 9 = flECO-AFL: Fluorescence, WET Labs ECO-AFL/FL [mg/m^3]
# name 10 = wetCDOM: Fluorescence, WET Labs CDOM [mg/m^3]
# name 11 = par/sat/log: PAR/Logarithmic, Satlantic [umol photons/m^2/sec]
# name 12 = CStarAt0: Beam Attenuation, WET Labs C-Star [1/m]
# name 13 = CStarTr0: Beam Transmission, WET Labs C-Star [%]
# name 14 = sbeox0ML/L: Oxygen, SBE 43 [ml/l], WS = 2
# name 15 = sbeox1ML/L: Oxygen, SBE 43, 2 [ml/l], WS = 2
# name 16 = sal00: Salinity, Practical [PSU]
# name 17 = sal11: Salinity, Practical, 2 [PSU]
# name 18 = sigma-t00: Density [sigma-t, kg/m^3 ]
# name 19 = sigma-t11: Density, 2 [sigma-t, kg/m^3 ]
# name 20 = oxsatML/L: Oxygen Saturation, Weiss [ml/l]
# name 21 = flag: flag
# span 0 =         40,      63014       
# span 1 =      2.187,    604.355       
# span 2 =     1.9424,     3.8791       
# span 3 =     1.9381,     3.8745       
# span 4 =   2.963342,   3.242993       
# span 5 =   2.962834,   3.242419       
# span 6 =     1.9144,     2.1941       
# span 7 =     2.2505,     2.6027       
# span 8 =      8.097,      8.163       
# span 9 =     0.8544,     3.8561       
# span 10 =    -2.8130,   482.1870      
# span 11 = 1.0496e-01, 4.5423e-01      
# span 12 =     0.0743,     0.2340      
# span 13 =    94.3175,    98.1595      
# span 14 =     6.4178,     7.6987      
# span 15 =     6.4759,     7.8233      
# span 16 =    33.6246,    34.8332      
# span 17 =    33.6229,    34.8306      
# span 18 =    26.8742,    27.6836      
# span 19 =    26.8731,    27.6819      
# span 20 =    7.29867,    7.71928      
# span 21 = 0.0000e+00, 0.0000e+00      
# interval = scans: 3                   
# start_time = Nov 28 2020 22:09:56 [System UTC, header]
# bad_flag = -9.990e-29
*END*
[from data line 6717]
      25961    496.949     3.7332     3.7289   3.239608   3.239033     1.9357     2.2797      8.103     0.9053   211.8740 1.0715e-01     0.1228    96.9774     6.5745     6.6486    34.8270    34.8246    27.6760    27.6746    7.32001 0.0000e+00
      25964    496.791     3.7332     3.7288   3.239608   3.239014     1.9357     2.2793      8.103     0.9053   482.1870 1.0715e-01     0.1228    96.9774     6.5742     6.6474    34.8270    34.8246    27.6761    27.6746    7.32000 0.0000e+00
      25967    496.632     3.7333     3.7289   3.239596   3.239011     1.9353     2.2789      8.103     0.9053   481.0816 1.0715e-01     0.1224    96.9861     6.5733     6.6486    34.8269    34.8246    27.6760    27.6745    7.31999 0.0000e+00
      25970    496.478     3.7334     3.7287   3.239589   3.238996     1.9357     2.2797      8.103     0.9053   481.2395 1.0715e-01     0.1224    96.9861     6.5750     6.6521    34.8268    34.8246    27.6758    27.6746    7.31998 0.0000e+00
      25973    496.328     3.7331     3.7288   3.239586   3.239015     1.9361     2.2789      8.103     0.8850   481.2790 1.0715e-01     0.1217    97.0035     6.5758     6.6498    34.8271    34.8249    27.6761    27.6748    7.32001 0.0000e+00
      25976    496.177     3.7332     3.7288   3.239565   3.238998     1.9365     2.2793      8.103     0.8952   481.3579 1.0715e-01     0.1221    96.9948     6.5765     6.6496    34.8268    34.8247    27.6759    27.6747    7.32001 0.0000e+00
      25979    496.032     3.7334     3.7287   3.239571   3.238962     1.9361     2.2781      8.103     0.8952   481.2790 1.0715e-01     0.1217    97.0035     6.5756     6.6430    34.8268    34.8245    27.6758    27.6745    7.31997 0.0000e+00
      25982    495.899     3.7332     3.7288   3.239553   3.238972     1.9361     2.2785      8.103     0.8952   481.2790 1.0715e-01     0.1217    97.0035     6.5766     6.6430    34.8268    34.8246    27.6759    27.6746    7.32001 0.0000e+00
      25985    495.769     3.7333     3.7288   3.239539   3.238955     1.9357     2.2793      8.103     0.8952   481.3579 1.0715e-01     0.1217    97.0035     6.5739     6.6443    34.8267    34.8244    27.6758    27.6744    7.32000 0.0000e+00
      25988    495.639     3.7334     3.7288   3.239548   3.238951     1.9365     2.2797      8.103     0.8748   157.8272 1.0715e-01     0.1221    96.9948     6.5755     6.6468    34.8267    34.8245    27.6758    27.6744    7.31998 0.0000e+00
      25991    495.514     3.7330     3.7288   3.239539   3.238932     1.9357     2.2797      8.103     0.8748    15.1105 1.0715e-01     0.1228    96.9774     6.5685     6.6451    34.8270    34.8243    27.6761    27.6743    7.32003 0.0000e+00
      25994    495.394     3.7334     3.7287   3.239536   3.238950     1.9357     2.2797      8.103     0.8646    21.1113 1.0715e-01     0.1228    96.9774     6.5660     6.6451    34.8267    34.8247    27.6758    27.6747    7.31998 0.0000e+00
      25997    495.280     3.7331     3.7288   3.239541   3.238930     1.9361     2.2789      8.103     0.8646    20.8744 1.0715e-01     0.1228    96.9774     6.5664     6.6415    34.8272    34.8244    27.6762    27.6744    7.32002 0.0000e+00
      26000    495.171     3.7332     3.7288   3.239525   3.238938     1.9357     2.2793      8.103     0.8646    20.8744 1.0715e-01     0.1228    96.9774     6.5630     6.6433    34.8269    34.8245    27.6760    27.6745    7.32001 0.0000e+00
      26003    495.068     3.7333     3.7288   3.239524   3.238946     1.9369     2.2785      8.103     0.8748    20.8744 1.0715e-01     0.1228    96.9774     6.5683     6.6408    34.8268    34.8247    27.6759    27.6747    7.31999 0.0000e+00
      26006    494.975     3.7331     3.7287   3.239496   3.238918     1.9373     2.2793      8.103     0.8748    20.8744 1.0715e-01     0.1228    96.9774     6.5698     6.6406    34.8268    34.8246    27.6759    27.6746    7.32003 0.0000e+00
      26009    494.881     3.7329     3.7286   3.239505   3.238927     1.9361     2.2789      8.103     0.8850    20.8744 1.0715e-01     0.1231    96.9687     6.5634     6.6351    34.8271    34.8248    27.6761    27.6748    7.32004 0.0000e+00
      26012    494.793     3.7328     3.7286   3.239507   3.238916     1.9357     2.2785      8.103     0.8951    38.6005 1.0715e-01     0.1242    96.9426     6.5629     6.6329    34.8273    34.8248    27.6763    27.6747    7.32006 0.0000e+00
      26015    494.714     3.7330     3.7285   3.239497   3.238914     1.9357     2.2793      8.103     0.9053   442.3921 1.0715e-01     0.1242    96.9426     6.5642     6.6370    34.8271    34.8248    27.6761    27.6748    7.32004 0.0000e+00
      26018    494.639     3.7329     3.7286   3.239499   3.238903     1.9361     2.2785      8.103     0.9053   481.3185 1.0715e-01     0.1238    96.9513     6.5621     6.6354    34.8272    34.8246    27.6762    27.6746    7.32005 0.0000e+00
      26021    494.566     3.7329     3.7286   3.239491   3.238891     1.9357     2.2785      8.103     0.8952   481.1211 1.0715e-01     0.1238    96.9513     6.5583     6.6375    34.8271    34.8245    27.6762    27.6745    7.32005 0.0000e+00
      26024    494.500     3.7328     3.7286   3.239476   3.238901     1.9353     2.2789      8.103     0.9053   481.2790 1.0715e-01     0.1238    96.9513     6.5555     6.6389    34.8271    34.8247    27.6762    27.6747    7.32007 0.0000e+00
      26027    494.437     3.7328     3.7285   3.239489   3.238873     1.9357     2.2797      8.103     0.8952   481.2790 1.0715e-01     0.1238    96.9513     6.5559     6.6426    34.8272    34.8245    27.6763    27.6745    7.32005 0.0000e+00
      26030    494.374     3.7327     3.7286   3.239479   3.238901     1.9361     2.2781      8.103     0.9155   481.2790 1.0715e-01     0.1235    96.9600     6.5600     6.6367    34.8273    34.8248    27.6763    27.6747    7.32007 0.0000e+00
      26033    494.316     3.7329     3.7286   3.239477   3.238897     1.9357     2.2776      8.103     0.8952   481.3184 1.0715e-01     0.1217    97.0035     6.5616     6.6354    34.8271    34.8247    27.6762    27.6747    7.32006 0.0000e+00
      26036    494.261     3.7331     3.7286   3.239489   3.238914     1.9365     2.2785      8.103     0.9053   481.2790 1.0715e-01     0.1221    96.9948     6.5660     6.6403    34.8271    34.8250    27.6761    27.6749    7.32002 0.0000e+00
      26039    494.209     3.7329     3.7286   3.239477   3.238901     1.9361     2.2785      8.103     0.8952   377.2912 1.0715e-01     0.1221    96.9948     6.5654     6.6397    34.8272    34.8248    27.6762    27.6748    7.32005 0.0000e+00
      26042    494.159     3.7328     3.7288   3.239471   3.238891     1.9349     2.2785      8.103     0.8850    11.3600 1.0715e-01     0.1221    96.9948     6.5602     6.6408    34.8272    34.8246    27.6762    27.6746    7.32006 0.0000e+00
      26045    494.109     3.7330     3.7287   3.239484   3.238897     1.9357     2.2789      8.103     0.8850    20.5981 1.0715e-01     0.1217    97.0035     6.5642     6.6416    34.8271    34.8247    27.6762    27.6747    7.32002 0.0000e+00
      26048    494.058     3.7326     3.7286   3.239455   3.238886     1.9353     2.2785      8.103     0.8748    20.1243 1.0715e-01     0.1221    96.9948     6.5629     6.6384    34.8273    34.8247    27.6763    27.6747    7.32009 0.0000e+00
      26051    494.007     3.7329     3.7287   3.239475   3.238872     1.9357     2.2785      8.103     0.8646    20.1638 1.0715e-01     0.1228    96.9774     6.5645     6.6395    34.8272    34.8245    27.6763    27.6745    7.32004 0.0000e+00
      26054    493.955     3.7329     3.7287   3.239485   3.238865     1.9349     2.2785      8.103     0.8748    20.1243 1.0715e-01     0.1228    96.9774     6.5621     6.6418    34.8274    34.8245    27.6764    27.6745    7.32004 0.0000e+00
      26057    493.901     3.7329     3.7286   3.239466   3.238903     1.9357     2.2785      8.103     0.8748    20.1638 1.0715e-01     0.1228    96.9774     6.5669     6.6404    34.8272    34.8251    27.6762    27.6750    7.32005 0.0000e+00
      26060    493.841     3.7331     3.7285   3.239480   3.238886     1.9361     2.2789      8.103     0.8646    20.1638 1.0715e-01     0.1228    96.9774     6.5709     6.6415    34.8272    34.8250    27.6762    27.6749    7.32002 0.0000e+00
      26063    493.780     3.7329     3.7286   3.239446   3.238867     1.9361     2.2785      8.103     0.8646    20.1638 1.0715e-01     0.1228    96.9774     6.5741     6.6399    34.8270    34.8247    27.6761    27.6746    7.32005 0.0000e+00
      26066    493.711     3.7329     3.7286   3.239448   3.238852     1.9353     2.2785      8.103     0.9358   247.9973 1.0727e-01     0.1228    96.9774     6.5715     6.6399    34.8271    34.8245    27.6761    27.6745    7.32006 0.0000e+00
      26069    493.639     3.7329     3.7286   3.239448   3.238857     1.9357     2.2781      8.103     0.9460   482.1870 1.0715e-01     0.1231    96.9687     6.5716     6.6386    34.8271    34.8246    27.6762    27.6746    7.32005 0.0000e+00
      26072    493.560     3.7330     3.7286   3.239464   3.238846     1.9361     2.2777      8.103     0.9358   481.0421 1.0715e-01     0.1221    96.9948     6.5726     6.6379    34.8272    34.8246    27.6762    27.6746    7.32003 0.0000e+00
      26075    493.474     3.7328     3.7285   3.239454   3.238854     1.9361     2.2785      8.101     0.9460   481.2790 1.0727e-01     0.1217    97.0035     6.5702     6.6409    34.8274    34.8248    27.6764    27.6748    7.32006 0.0000e+00
      26078    493.382     3.7328     3.7285   3.239452   3.238848     1.9361     2.2785      8.103     0.9358   481.2790 1.0715e-01     0.1217    97.0035     6.5662     6.6409    34.8273    34.8247    27.6764    27.6747    7.32005 0.0000e+00
      26081    493.282     3.7331     3.7287   3.239442   3.238848     1.9361     2.2789      8.103     0.9358   481.3184 1.0715e-01     0.1217    97.0035     6.5631     6.6424    34.8270    34.8246    27.6760    27.6746    7.32002 0.0000e+00
      26084    493.172     3.7333     3.7289   3.239461   3.238871     1.9361     2.2785      8.103     0.9257   481.3184 1.0715e-01     0.1217    97.0035     6.5634     6.6412    34.8271    34.8247    27.6761    27.6747    7.31998 0.0000e+00
      26087    493.057     3.7334     3.7291   3.239459   3.238875     1.9365     2.2785      8.103     0.9358   481.3184 1.0715e-01     0.1217    97.0035     6.5674     6.6413    34.8270    34.8247    27.6760    27.6746    7.31996 0.0000e+00
      26090    492.935     3.7332     3.7289   3.239449   3.238849     1.9361     2.2785      8.103     0.9358   481.2790 1.0715e-01     0.1221    96.9948     6.5661     6.6416    34.8271    34.8246    27.6761    27.6745    7.31999 0.0000e+00
      26093    492.808     3.7333     3.7287   3.239437   3.238823     1.9361     2.2785      8.103     0.9358   117.3612 1.0715e-01     0.1224    96.9861     6.5660     6.6434    34.8270    34.8246    27.6760    27.6746    7.31999 0.0000e+00
      26096    492.673     3.7331     3.7286   3.239436   3.238824     1.9357     2.2785      8.103     0.9257    14.0840 1.0715e-01     0.1221    96.9948     6.5645     6.6413    34.8273    34.8247    27.6763    27.6747    7.32001 0.0000e+00
      26099    492.530     3.7331     3.7288   3.239405   3.238821     1.9357     2.2785      8.103     0.9358    18.3083 1.0715e-01     0.1221    96.9948     6.5662     6.6409    34.8270    34.8245    27.6761    27.6745    7.32002 0.0000e+00
      26102    492.386     3.7332     3.7287   3.239413   3.238825     1.9345     2.2785      8.103     0.9358    18.1504 1.0715e-01     0.1224    96.9861     6.5625     6.6408    34.8271    34.8248    27.6761    27.6747    7.32000 0.0000e+00
      26105    492.243     3.7338     3.7286   3.239454   3.238820     1.9361     2.2785      8.103     0.9358    18.1504 1.0715e-01     0.1221    96.9948     6.5705     6.6415    34.8269    34.8249    27.6759    27.6748    7.31989 0.0000e+00
      26108    492.094     3.7341     3.7290   3.239484   3.238830     1.9361     2.2785      8.103     0.9358    18.1504 1.0715e-01     0.1228    96.9774     6.5701     6.6430    34.8271    34.8247    27.6760    27.6746    7.31984 0.0000e+00
      26111    491.942     3.7346     3.7295   3.239514   3.238858     1.9365     2.2781      8.103     0.9460    18.1504 1.0715e-01     0.1224    96.9861     6.5717     6.6416    34.8270    34.8246    27.6759    27.6745    7.31975 0.0000e+00
      26114    491.790     3.7349     3.7300   3.239514   3.238900     1.9361     2.2789      8.103     0.9460    18.1504 1.0715e-01     0.1217    97.0035     6.5708     6.6436    34.8267    34.8247    27.6757    27.6745    7.31970 0.0000e+00
      26117    491.638     3.7348     3.7302   3.239491   3.238907     1.9365     2.2789      8.103     0.8952    58.9322 1.0715e-01     0.1217    97.0035     6.5730     6.6431    34.8266    34.8246    27.6756    27.6744    7.31972 0.0000e+00
      26120    491.482     3.7346     3.7302   3.239483   3.238882     1.9365     2.2785      8.103     0.9053   458.4206 1.0715e-01     0.1217    97.0035     6.5730     6.6413    34.8268    34.8244    27.6758    27.6742    7.31975 0.0000e+00
      26123    491.328     3.7344     3.7301   3.239455   3.238874     1.9369     2.2789      8.103     0.8850   481.5159 1.0715e-01     0.1217    97.0035     6.5756     6.6428    34.8268    34.8245    27.6757    27.6743    7.31979 0.0000e+00
      26126    491.175     3.7344     3.7303   3.239443   3.238873     1.9365     2.2789      8.103     0.8952   481.2000 1.0715e-01     0.1217    97.0035     6.5714     6.6444    34.8267    34.8244    27.6757    27.6742    7.31979 0.0000e+00
      26129    491.026     3.7344     3.7302   3.239441   3.238860     1.9365     2.2789      8.103     0.9053   481.2790 1.0715e-01     0.1217    97.0035     6.5669     6.6447    34.8268    34.8243    27.6758    27.6742    7.31979 0.0000e+00
      26132    490.881     3.7342     3.7301   3.239435   3.238849     1.9361     2.2793      8.103     0.9257   481.3184 1.0727e-01     0.1221    96.9948     6.5651     6.6446    34.8270    34.8244    27.6759    27.6743    7.31981 0.0000e+00
      26135    490.739     3.7344     3.7301   3.239433   3.238849     1.9361     2.2785      8.103     0.8952   481.2790 1.0715e-01     0.1210    97.0208     6.5637     6.6396    34.8269    34.8245    27.6758    27.6743    7.31979 0.0000e+00
      26138    490.600     3.7342     3.7300   3.239393   3.238831     1.9365     2.2785      8.103     0.9053   481.3184 1.0715e-01     0.1217    97.0035     6.5659     6.6382    34.8267    34.8244    27.6757    27.6743    7.31984 0.0000e+00
      26141    490.468     3.7344     3.7300   3.239415   3.238808     1.9361     2.2789      8.103     0.9155   481.3184 1.0715e-01     0.1213    97.0122     6.5626     6.6407    34.8268    34.8243    27.6758    27.6742    7.31979 0.0000e+00
      26144    490.342     3.7344     3.7298   3.239399   3.238822     1.9365     2.2785      8.103     0.9460   337.8121 1.0715e-01     0.1217    97.0035     6.5628     6.6383    34.8267    34.8247    27.6757    27.6746    7.31980 0.0000e+00
      26147    490.221     3.7343     3.7301   3.239390   3.238812     1.9373     2.2793      8.103     0.9257     0.9375 1.0715e-01     0.1213    97.0122     6.5670     6.6410    34.8267    34.8243    27.6757    27.6742    7.31981 0.0000e+00
      26150    490.105     3.7341     3.7300   3.239381   3.238818     1.9361     2.2797      8.103     0.9460    12.2285 1.0715e-01     0.1217    97.0035     6.5658     6.6436    34.8269    34.8246    27.6758    27.6744    7.31984 0.0000e+00
