Datasets/AZMP/HUD120/hud120_2020_027.cnv
* Sea-Bird SBE 9 Data File:
* FileName = C:\CTDDATA\hud120_2020_027.hex
* Software Version Seasave V 7.26.7.110
* Temperature SN = 1697
* Conductivity SN = 4216
* Number of Bytes Per Scan = 30
* Number of Voltage Words = 4
* Number of Scans Averaged by the Deck Unit = 1
* NMEA baud rate = 4800
** VESSEL/TRIP/SEQ STN:  hud120_2020_027
** LATITUDE XX XX.XX: 43 12.00 N
** LONGITUDE XX XX.XX: 050 10.00 W
** SOUNDING DEPTH (M): 0067
** PROBE TYPE: S1146
** CTD NUMBER: 017
** FORMAT: V
** COMMENTS (14 CHAR): SEGB-13
** BOTTLES:  7
** LEVELS: 5,10,20,30,40,50,BTM
** STICKERS: 439623 - 439629
** VNET: Y
** DO2: Y
# nquan = 22
# nvalues = 1304                        
# units = specified
# name 0 = scan: Scan Count
# name 1 = prDM: Pressure, Digiquartz [db]
# name 2 = t090C: Temperature [ITS-90, deg C]
# name 3 = t190C: Temperature, 2 [ITS-90, deg C]
# name 4 = c0S/m: Conductivity [S/m]
# name 5 = c1S/m: Conductivity, 2 [S/m]
# name 6 = sbeox0V: Oxygen raw, SBE 43 [V]
# name 7 = sbeox1V: Oxygen raw, SBE 43, 2 [V]
# name 8 = ph: pH
# name 9 = flECO-AFL: Fluorescence, WET Labs ECO-AFL/FL [mg/m^3]
# name 10 = wetCDOM: Fluorescence, WET Labs CDOM [mg/m^3]
# name 11 = par/sat/log: PAR/Logarithmic, Satlantic [umol photons/m^2/sec]
# name 12 = CStarAt0: Beam Attenuation, WET Labs C-Star [1/m]
# name 13 = CStarTr0: Beam Transmission, WET Labs C-Star [%]
# name 14 = sbeox0ML/L: Oxygen, SBE 43 [ml/l], WS = 2
# name 15 = sbeox1ML/L: Oxygen, SBE 43, 2 [ml/l], WS = 2
# name 16 = sal00: Salinity, Practical [PSU]
# name 17 = sal11: Salinity, Practical, 2 [PSU]
# name 18 = sigma-t00: Density [sigma-t, kg/m^3 ]
# name 19 = sigma-t11: Density, 2 [sigma-t, kg/m^3 ]
# name 20 = oxsatML/L: Oxygen Saturation, Weiss [ml/l]
# name 21 = flag: flag
# span 0 =          2,      20137       
# span 1 =      2.038,     63.626       
# span 2 =     3.8926,     7.9546       
# span 3 =     3.8879,     7.9502       
# span 4 =   3.044097,   3.335168       
# span 5 =   3.043584,   3.334697       
# span 6 =     2.0366,     2.2549       
# span 7 =     2.4172,     2.6876       
# span 8 =      7.985,      8.111       
# span 9 =     1.5260,     7.9973       
# span 10 =    -2.8130,   482.1870      
# span 11 = 1.0604e-01, 8.5531e-01      
# span 12 =     0.1458,     0.5916      
# span 13 =    86.2511,    96.4211      
# span 14 =     6.5101,     6.8847      
# span 15 =     6.6369,     7.0292      
# span 16 =    31.9371,    32.5877      
# span 17 =    31.9364,    32.5862      
# span 18 =    24.8852,    25.8780      
# span 19 =    24.8852,    25.8772      
# span 20 =    6.74460,    7.40064      
# span 21 = 0.0000e+00, 0.0000e+00      
# interval = scans: 3                   
# start_time = Nov 19 2020 00:06:31 [System UTC, header]
# bad_flag = -9.990e-29
*END*
[from data line 264]
       1326     28.468     7.9292     7.9250   3.334576   3.334075     2.2344     2.6528      8.094     5.7690    11.6363 1.0715e-01     0.1849    95.4823     6.7949     6.9099    31.9885    31.9870    24.9197    24.9190    6.74792 0.0000e+00
       1329     28.533     7.9291     7.9249   3.334588   3.334077     2.2340     2.6524      8.093     5.7690    11.3995 1.0715e-01     0.1856    95.4649     6.7919     6.9089    31.9887    31.9871    24.9198    24.9192    6.74793 0.0000e+00
       1332     28.604     7.9291     7.9248   3.334557   3.334084     2.2348     2.6520      8.094     5.7893    11.3995 1.0715e-01     0.1856    95.4649     6.7935     6.9050    31.9883    31.9872    24.9195    24.9193    6.74794 0.0000e+00
       1335     28.677     7.9295     7.9245   3.334571   3.334038     2.2344     2.6528      8.093     5.7792    11.3995 1.0715e-01     0.1853    95.4736     6.7918     6.9053    31.9881    31.9870    24.9193    24.9191    6.74789 0.0000e+00
       1338     28.755     7.9294     7.9250   3.334584   3.334087     2.2336     2.6520      8.096     5.7792    11.3995 1.0715e-01     0.1853    95.4736     6.7902     6.9010    31.9882    31.9870    24.9194    24.9191    6.74789 0.0000e+00
       1341     28.833     7.9293     7.9250   3.334575   3.334068     2.2332     2.6516      8.093     5.8300    11.3995 1.0715e-01     0.1853    95.4736     6.7895     6.8989    31.9882    31.9868    24.9194    24.9189    6.74791 0.0000e+00
       1344     28.916     7.9294     7.9251   3.334579   3.334061     2.2328     2.6508      8.093     5.9826    27.9412 1.0715e-01     0.1893    95.3780     6.7899     6.8953    31.9882    31.9866    24.9194    24.9187    6.74791 0.0000e+00
       1347     29.002     7.9295     7.9249   3.334593   3.334066     2.2328     2.6508      8.091     5.9826   440.0629 1.0715e-01     0.1896    95.3693     6.7905     6.8946    31.9882    31.9868    24.9193    24.9189    6.74788 0.0000e+00
       1350     29.089     7.9295     7.9250   3.334633   3.334097     2.2332     2.6508      8.093     5.9928   481.3185 1.0715e-01     0.1896    95.3693     6.7930     6.8941    31.9886    31.9870    24.9197    24.9191    6.74787 0.0000e+00
       1353     29.181     7.9293     7.9251   3.334607   3.334091     2.2332     2.6508      8.091     5.9826   481.1605 1.0715e-01     0.1896    95.3693     6.7946     6.8933    31.9884    31.9867    24.9195    24.9188    6.74791 0.0000e+00
       1356     29.278     7.9294     7.9248   3.334624   3.334138     2.2332     2.6496      8.093     5.9724   481.3579 1.0715e-01     0.1896    95.3693     6.7947     6.8902    31.9884    31.9875    24.9195    24.9195    6.74789 0.0000e+00
       1359     29.377     7.9288     7.9249   3.334661   3.334148     2.2332     2.6496      8.094     5.9928   481.3579 1.0715e-01     0.1896    95.3693     6.7958     6.8899    31.9894    31.9875    24.9204    24.9195    6.74794 0.0000e+00
       1362     29.479     7.9284     7.9250   3.334681   3.334144     2.2328     2.6488      8.094     5.9826   481.3579 1.0715e-01     0.1893    95.3780     6.7944     6.8869    31.9899    31.9872    24.9209    24.9192    6.74798 0.0000e+00
       1365     29.589     7.9283     7.9247   3.334713   3.334190     2.2320     2.6496      8.093     5.9826   481.3579 1.0715e-01     0.1867    95.4388     6.7921     6.8902    31.9903    31.9880    24.9212    24.9199    6.74798 0.0000e+00
       1368     29.699     7.9285     7.9243   3.334708   3.334207     2.2332     2.6484      8.094     5.9724   481.3579 1.0715e-01     0.1867    95.4388     6.7961     6.8872    31.9900    31.9885    24.9209    24.9203    6.74796 0.0000e+00
       1371     29.809     7.9287     7.9241   3.334707   3.334213     2.2328     2.6484      8.093     5.9216   481.3579 1.0715e-01     0.1867    95.4388     6.7939     6.8868    31.9897    31.9887    24.9206    24.9205    6.74793 0.0000e+00
       1374     29.921     7.9283     7.9240   3.334722   3.334204     2.2332     2.6480      8.093     5.9318   481.3579 1.0715e-01     0.1871    95.4301     6.7938     6.8867    31.9902    31.9886    24.9211    24.9205    6.74798 0.0000e+00
       1377     30.040     7.9284     7.9239   3.334699   3.334234     2.2328     2.6480      8.091     5.9216   481.3579 1.0715e-01     0.1867    95.4388     6.7925     6.8880    31.9898    31.9890    24.9208    24.9208    6.74799 0.0000e+00
       1380     30.158     7.9283     7.9242   3.334750   3.334238     2.2320     2.6484      8.094     5.9419   481.3579 1.0715e-01     0.1871    95.4301     6.7903     6.8907    31.9904    31.9887    24.9212    24.9205    6.74797 0.0000e+00
       1383     30.280     7.9283     7.9240   3.334734   3.334233     2.2316     2.6467      8.093     5.9216   481.3579 1.0715e-01     0.1838    95.5084     6.7900     6.8860    31.9902    31.9888    24.9211    24.9207    6.74799 0.0000e+00
       1386     30.405     7.9280     7.9239   3.334730   3.334246     2.2320     2.6459      8.093     5.9216   481.3579 1.0715e-01     0.1791    95.6214     6.7930     6.8839    31.9904    31.9889    24.9213    24.9207    6.74803 0.0000e+00
       1389     30.534     7.9278     7.9235   3.334714   3.334243     2.2324     2.6471      8.091     5.9318   481.3579 1.0715e-01     0.1791    95.6214     6.7942     6.8875    31.9903    31.9892    24.9213    24.9210    6.74806 0.0000e+00
       1392     30.663     7.9277     7.9234   3.334760   3.334265     2.2320     2.6467      8.093     5.9318   481.3579 1.0715e-01     0.1791    95.6214     6.7922     6.8887    31.9909    31.9895    24.9217    24.9213    6.74805 0.0000e+00
       1395     30.793     7.9284     7.9238   3.334796   3.334303     2.2316     2.6459      8.091     5.3925   481.3184 1.0715e-01     0.1791    95.6214     6.7931     6.8880    31.9906    31.9895    24.9214    24.9212    6.74796 0.0000e+00
       1398     30.926     7.9286     7.9241   3.334795   3.334315     2.2316     2.6467      8.091     5.1788   252.5769 1.0715e-01     0.1791    95.6214     6.7946     6.8923    31.9903    31.9893    24.9211    24.9209    6.74794 0.0000e+00
       1401     31.062     7.9287     7.9242   3.334839   3.334352     2.2316     2.6459      8.091     5.1890     3.8195 1.0715e-01     0.1791    95.6214     6.7963     6.8899    31.9906    31.9895    24.9213    24.9212    6.74790 0.0000e+00
       1404     31.199     7.9286     7.9241   3.334866   3.334349     2.2324     2.6459      8.091     5.1687    13.2550 1.0715e-01     0.1835    95.5171     6.8002     6.8912    31.9909    31.9895    24.9216    24.9212    6.74791 0.0000e+00
       1407     31.336     7.9284     7.9240   3.334849   3.334364     2.2316     2.6455      8.091     5.1890    12.7812 1.0715e-01     0.1846    95.4910     6.7982     6.8913    31.9908    31.9897    24.9216    24.9214    6.74794 0.0000e+00
       1410     31.471     7.9284     7.9238   3.334837   3.334336     2.2324     2.6451      8.091     5.1788    12.8207 1.0715e-01     0.1846    95.4910     6.8003     6.8895    31.9906    31.9895    24.9214    24.9212    6.74794 0.0000e+00
       1413     31.605     7.9282     7.9237   3.334829   3.334341     2.2312     2.6451      8.091     5.1788    12.7418 1.0715e-01     0.1846    95.4910     6.7958     6.8908    31.9906    31.9896    24.9215    24.9213    6.74797 0.0000e+00
       1416     31.742     7.9267     7.9233   3.334591   3.334304     2.2320     2.6459      8.093     5.1788    12.8207 1.0715e-01     0.1846    95.4910     6.8018     6.8960    31.9895    31.9895    24.9208    24.9212    6.74827 0.0000e+00
       1419     31.877     7.9241     7.9217   3.334422   3.334080     2.2324     2.6459      8.093     5.1992    12.7812 1.0715e-01     0.1846    95.4910     6.8043     6.8981    31.9900    31.9885    24.9216    24.9208    6.74865 0.0000e+00
       1422     32.009     7.9238     7.9183   3.334430   3.333798     2.2316     2.6451      8.092     5.3823    12.7418 1.0715e-01     0.1849    95.4823     6.7990     6.8974    31.9903    31.9886    24.9218    24.9213    6.74867 0.0000e+00
       1425     32.139     7.9228     7.9173   3.334378   3.333766     2.2316     2.6447      8.092     5.4027   368.6453 1.0715e-01     0.1867    95.4388     6.7982     6.8984    31.9906    31.9891    24.9222    24.9218    6.74883 0.0000e+00
       1428     32.272     7.9226     7.9185   3.334273   3.333894     2.2320     2.6447      8.092     5.3619   482.0291 1.0715e-01     0.1863    95.4475     6.7987     6.8999    31.9896    31.9893    24.9214    24.9218    6.74889 0.0000e+00
       1431     32.404     7.9185     7.9173   3.333803   3.333613     2.2324     2.6443      8.092     5.3925   480.9631 1.0715e-01     0.1867    95.4388     6.8014     6.9009    31.9883    31.9874    24.9210    24.9205    6.74959 0.0000e+00
       1434     32.532     7.9139     7.9116   3.333396   3.333069     2.2312     2.6447      8.092     5.3823   481.3184 1.0715e-01     0.1860    95.4562     6.7965     6.9042    31.9881    31.9867    24.9215    24.9207    6.75031 0.0000e+00
       1437     32.657     7.9081     7.9051   3.332778   3.332466     2.2320     2.6463      8.092     5.3823   481.3579 1.0715e-01     0.1863    95.4475     6.8001     6.9106    31.9868    31.9862    24.9213    24.9212    6.75127 0.0000e+00
       1440     32.780     7.9026     7.8990   3.332405   3.331993     2.2328     2.6451      8.092     5.3925   481.3579 1.0715e-01     0.1863    95.4475     6.8033     6.9093    31.9878    31.9867    24.9228    24.9225    6.75207 0.0000e+00
       1443     32.898     7.9010     7.8969   3.332291   3.331841     2.2316     2.6455      8.092     5.3823   481.3579 1.0715e-01     0.1845    95.4910     6.8004     6.9130    31.9880    31.9869    24.9232    24.9230    6.75231 0.0000e+00
       1446     33.011     7.8991     7.8949   3.332083   3.331658     2.2312     2.6455      8.093     5.2602   481.3579 1.0715e-01     0.1787    95.6301     6.8009     6.9157    31.9875    31.9867    24.9231    24.9231    6.75264 0.0000e+00
       1449     33.122     7.8969     7.8930   3.331970   3.331524     2.2312     2.6455      8.092     4.9245   442.5105 1.0715e-01     0.1791    95.6214     6.8011     6.9173    31.9882    31.9871    24.9240    24.9237    6.75294 0.0000e+00
       1452     33.231     7.8949     7.8915   3.331770   3.331403     2.2316     2.6459      8.092     4.9448    27.3490 1.0715e-01     0.1791    95.6214     6.8021     6.9194    31.9879    31.9871    24.9240    24.9239    6.75327 0.0000e+00
       1455     33.335     7.8909     7.8883   3.331464   3.331113     2.2312     2.6459      8.092     4.9245    10.9257 1.0715e-01     0.1791    95.6214     6.8008     6.9198    31.9882    31.9869    24.9248    24.9242    6.75387 0.0000e+00
       1458     33.433     7.8874     7.8837   3.331215   3.330797     2.2312     2.6459      8.092     4.9245    11.9127 1.0715e-01     0.1787    95.6301     6.8013     6.9193    31.9887    31.9876    24.9258    24.9254    6.75439 0.0000e+00
       1461     33.527     7.8838     7.8806   3.331013   3.330616     2.2312     2.6459      8.092     4.9346    11.8337 1.0715e-01     0.1791    95.6214     6.8015     6.9193    31.9898    31.9886    24.9272    24.9266    6.75491 0.0000e+00
       1464     33.618     7.8802     7.8768   3.330742   3.330359     2.2316     2.6463      8.092     4.9448    11.8732 1.0715e-01     0.1751    95.7170     6.8046     6.9220    31.9902    31.9892    24.9280    24.9277    6.75545 0.0000e+00
       1467     33.703     7.8763     7.8726   3.330548   3.330148     2.2320     2.6467      8.092     4.9143    11.8732 1.0715e-01     0.1708    95.8213     6.8079     6.9244    31.9917    31.9907    24.9297    24.9294    6.75599 0.0000e+00
       1470     33.783     7.8739     7.8699   3.330403   3.329984     2.2320     2.6467      8.092     4.9346    11.8732 1.0715e-01     0.1715    95.8039     6.8085     6.9239    31.9923    31.9915    24.9305    24.9305    6.75633 0.0000e+00
       1473     33.859     7.8708     7.8677   3.330116   3.329774     2.2312     2.6471      8.092     4.8837    11.8732 1.0715e-01     0.1715    95.8039     6.8064     6.9249    31.9920    31.9912    24.9307    24.9305    6.75683 0.0000e+00
       1476     33.927     7.8687     7.8650   3.330028   3.329585     2.2312     2.6471      8.092     4.8532   148.7865 1.0715e-01     0.1715    95.8039     6.8064     6.9245    31.9930    31.9916    24.9318    24.9312    6.75711 0.0000e+00
       1479     33.986     7.8678     7.8638   3.330014   3.329539     2.2308     2.6471      8.092     4.8329   482.1870 1.0715e-01     0.1715    95.8039     6.8047     6.9256    31.9936    31.9923    24.9324    24.9319    6.75722 0.0000e+00
       1482     34.039     7.8662     7.8622   3.329979   3.329445     2.2312     2.6467      8.092     4.8532   480.8842 1.0715e-01     0.1715    95.8039     6.8058     6.9252    31.9947    31.9926    24.9335    24.9324    6.75743 0.0000e+00
       1485     34.087     7.8659     7.8606   3.330009   3.329306     2.2312     2.6471      8.092     4.8329   481.3184 1.0715e-01     0.1765    95.6822     6.8057     6.9262    31.9953    31.9927    24.9340    24.9326    6.75745 0.0000e+00
       1488     34.124     7.8694     7.8599   3.330234   3.329251     2.2308     2.6471      8.092     4.8329   481.3184 1.0715e-01     0.1780    95.6475     6.8027     6.9246    31.9944    31.9927    24.9328    24.9328    6.75694 0.0000e+00
       1491     34.154     7.8717     7.8595   3.330358   3.329186     2.2308     2.6475      8.092     4.8329   481.3579 1.0715e-01     0.1780    95.6475     6.8020     6.9241    31.9937    31.9923    24.9319    24.9326    6.75661 0.0000e+00
       1494     34.181     7.8708     7.8591   3.330379   3.329164     2.2316     2.6471      8.092     4.8532   481.3579 1.0715e-01     0.1780    95.6475     6.8048     6.9216    31.9947    31.9925    24.9328    24.9327    6.75672 0.0000e+00
       1528     34.224     7.8733     7.8676   3.330251   3.329936     2.2295     2.6439      8.092     4.5276   481.3579 1.0715e-01     0.1700    95.8387     6.7854     6.8813    31.9910    31.9929    24.9295    24.9319    6.75648 0.0000e+00
       1546     34.260     7.8653     7.8740   3.329617   3.330122     2.2275     2.6419      8.092     4.3851   481.3579 1.0715e-01     0.1656    95.9430     6.7724     6.8611    31.9916    31.9890    24.9312    24.9279    6.75770 0.0000e+00
       1549     34.296     7.8619     7.8630   3.329438   3.329277     2.2279     2.6410      8.092     4.3648   481.3579 1.0715e-01     0.1656    95.9430     6.7741     6.8632    31.9928    31.9900    24.9326    24.9303    6.75818 0.0000e+00
       1552     34.335     7.8596     7.8586   3.329266   3.329021     2.2279     2.6394      8.092     4.2427   481.3579 1.0715e-01     0.1649    95.9604     6.7720     6.8609    31.9930    31.9913    24.9331    24.9319    6.75853 0.0000e+00
       1555     34.383     7.8589     7.8563   3.329223   3.328890     2.2271     2.6398      8.092     4.2020   273.8166 1.0715e-01     0.1653    95.9517     6.7676     6.8651    31.9932    31.9920    24.9333    24.9327    6.75862 0.0000e+00
       1558     34.440     7.8564     7.8572   3.329006   3.329074     2.2267     2.6398      8.092     4.1919     3.1878 1.0715e-01     0.1653    95.9517     6.7630     6.8678    31.9931    31.9931    24.9336    24.9335    6.75901 0.0000e+00
       1561     34.509     7.8550     7.8631   3.328929   3.329380     2.2263     2.6398      8.092     4.2020    13.6498 1.0715e-01     0.1660    95.9343     6.7589     6.8705    31.9936    31.9910    24.9342    24.9310    6.75921 0.0000e+00
       1564     34.589     7.8547     7.8548   3.328896   3.328671     2.2267     2.6394      8.092     4.1919    13.0971 1.0715e-01     0.1649    95.9604     6.7598     6.8711    31.9935    31.9910    24.9341    24.9321    6.75927 0.0000e+00
