Datasets/AZMP/HUD120/hud120_2020_057.cnv
* Sea-Bird SBE 9 Data File:
* FileName = C:\CTDDATA\hud120_2020_057.hex
* Software Version Seasave V 7.26.7.110
* Temperature SN = 1697
* Conductivity SN = 4216
* Number of Bytes Per Scan = 30
* Number of Voltage Words = 4
* Number of Scans Averaged by the Deck Unit = 1
* NMEA baud rate = 4800
** VESSEL/TRIP/SEQ STN:  hud120_2020_057
** LATITUDE XX XX.XX: 47 00.00 N
** LONGITUDE XX XX.XX: 044 59.30 W
** SOUNDING DEPTH (M): 0152
** PROBE TYPE: S1146
** CTD NUMBER: 036
** FORMAT: V
** COMMENTS (14 CHAR): FC-25
** BOTTLES:  0
** LEVELS: 0
** STICKERS:
** VNET: N
** DO2: N
# nquan = 22
# nvalues = 2340                        
# units = specified
# name 0 = scan: Scan Count
# name 1 = prDM: Pressure, Digiquartz [db]
# name 2 = t090C: Temperature [ITS-90, deg C]
# name 3 = t190C: Temperature, 2 [ITS-90, deg C]
# name 4 = c0S/m: Conductivity [S/m]
# name 5 = c1S/m: Conductivity, 2 [S/m]
# name 6 = sbeox0V: Oxygen raw, SBE 43 [V]
# name 7 = sbeox1V: Oxygen raw, SBE 43, 2 [V]
# name 8 = ph: pH
# name 9 = flECO-AFL: Fluorescence, WET Labs ECO-AFL/FL [mg/m^3]
# name 10 = wetCDOM: Fluorescence, WET Labs CDOM [mg/m^3]
# name 11 = par/sat/log: PAR/Logarithmic, Satlantic [umol photons/m^2/sec]
# name 12 = CStarAt0: Beam Attenuation, WET Labs C-Star [1/m]
# name 13 = CStarTr0: Beam Transmission, WET Labs C-Star [%]
# name 14 = sbeox0ML/L: Oxygen, SBE 43 [ml/l], WS = 2
# name 15 = sbeox1ML/L: Oxygen, SBE 43, 2 [ml/l], WS = 2
# name 16 = sal00: Salinity, Practical [PSU]
# name 17 = sal11: Salinity, Practical, 2 [PSU]
# name 18 = sigma-t00: Density [sigma-t, kg/m^3 ]
# name 19 = sigma-t11: Density, 2 [sigma-t, kg/m^3 ]
# name 20 = oxsatML/L: Oxygen Saturation, Weiss [ml/l]
# name 21 = flag: flag
# span 0 =          2,      10836       
# span 1 =      0.405,    147.795       
# span 2 =     3.6573,     7.3061       
# span 3 =     3.6523,     7.3017       
# span 4 =   2.873095,   3.400857       
# span 5 =   2.574013,   3.400332       
# span 6 =     1.8473,     2.2169       
# span 7 =     2.1961,     2.6471       
# span 8 =      7.925,      8.132       
# span 9 =     0.8850,     7.2342       
# span 10 =    -2.8130,   482.1870      
# span 11 = 1.0703e-01, 1.4757e+01      
# span 12 =     0.1074,     0.3977      
# span 13 =    90.5364,    97.3512      
# span 14 =     5.8947,     6.7802      
# span 15 =     6.0419,     6.9520      
# span 16 =    27.6889,    34.5820      
# span 17 =    24.6259,    34.5813      
# span 18 =    21.6317,    27.4794      
# span 19 =    19.2311,    27.4793      
# span 20 =    6.78913,    7.35308      
# span 21 = 0.0000e+00, 0.0000e+00      
# interval = scans: 3                   
# start_time = Nov 23 2020 10:25:47 [System UTC, header]
# bad_flag = -9.990e-29
*END*
[from data line 1647]
       7413     82.891     3.8983     3.8720   3.197446   3.195129     1.9191     2.2882      7.945     0.9969    -0.7996 1.0715e-01     0.1088    97.3164     6.1258     6.2898    34.3722    34.3722    27.2972    27.2999    7.31230 0.0000e+00
       7416     82.714     3.8967     3.8720   3.196806   3.195114     1.9191     2.2878      7.950     1.0071    -0.8785 1.0715e-01     0.1088    97.3164     6.1251     6.2888    34.3663    34.3722    27.2926    27.2999    7.31287 0.0000e+00
       7419     82.555     3.8810     3.8621   3.195827   3.194192     1.9195     2.2862      7.950     0.9969    -0.7601 1.0715e-01     0.1088    97.3164     6.1276     6.2839    34.3712    34.3716    27.2982    27.3004    7.31546 0.0000e+00
       7422     82.412     3.8815     3.8483   3.195605   3.193159     1.9191     2.2858      7.950     0.9867     5.2407 1.0715e-01     0.1088    97.3164     6.1228     6.2860    34.3682    34.3739    27.2957    27.3036    7.31552 0.0000e+00
       7425     82.291     3.8848     3.8446   3.195614   3.193138     1.9186     2.2858      7.950     1.0071     6.1093 1.0715e-01     0.1088    97.3164     6.1209     6.2889    34.3649    34.3776    27.2928    27.3070    7.31509 0.0000e+00
       7428     82.186     3.8908     3.8603   3.197054   3.194395     1.9182     2.2858      7.950     0.9969     6.0698 1.0715e-01     0.1088    97.3164     6.1190     6.2900    34.3757    34.3762    27.3007    27.3042    7.31347 0.0000e+00
       7431     82.096     3.8997     3.8687   3.197665   3.194948     1.9182     2.2858      7.950     0.9867     6.0698 1.0715e-01     0.1095    97.2990     6.1172     6.2921    34.3737    34.3740    27.2983    27.3016    7.31196 0.0000e+00
       7434     82.025     3.9043     3.8778   3.197869   3.195595     1.9174     2.2850      7.950     0.9969     6.0698 1.0715e-01     0.1099    97.2903     6.1148     6.2907    34.3714    34.3722    27.2959    27.2993    7.31126 0.0000e+00
       7437     81.969     3.9178     3.8741   3.198983   3.195151     1.9179     2.2850      7.951     1.0172     6.0698 1.0715e-01     0.1099    97.2903     6.1178     6.2968    34.3705    34.3707    27.2938    27.2985    7.30886 0.0000e+00
       7440     81.927     3.9298     3.8648   3.199719   3.194438     1.9179     2.2842      7.950     1.0478     6.0698 1.0715e-01     0.1099    97.2903     6.1162     6.3023    34.3667    34.3721    27.2896    27.3005    7.30689 0.0000e+00
       7524     81.865     3.9054     3.9083   3.197949   3.198150     1.9170     2.2858      7.954     1.0579    31.2180 1.0715e-01     0.1088    97.3164     6.1278     6.3176    34.3713    34.3707    27.2958    27.2949    7.31107 0.0000e+00
       7527     81.751     3.9185     3.9203   3.198805   3.198819     1.9166     2.2854      7.959     1.0478   444.4450 1.0715e-01     0.1088    97.3164     6.1246     6.3137    34.3678    34.3660    27.2916    27.2900    7.30888 0.0000e+00
       7530     81.628     3.9200     3.9128   3.198750   3.197917     1.9166     2.2858      7.957     1.0681   481.3185 1.0715e-01     0.1088    97.3164     6.1251     6.3153    34.3656    34.3632    27.2897    27.2886    7.30871 0.0000e+00
       7533     81.500     3.9217     3.9064   3.198876   3.197742     1.9162     2.2858      7.959     1.0579   481.1605 1.0727e-01     0.1099    97.2903     6.1212     6.3144    34.3653    34.3679    27.2893    27.2930    7.30841 0.0000e+00
       7536     81.364     3.9247     3.9096   3.199328   3.197714     1.9170     2.2854      7.959     1.0478   481.3579 1.0715e-01     0.1099    97.2903     6.1239     6.3127    34.3677    34.3644    27.2909    27.2898    7.30776 0.0000e+00
       7539     81.224     3.9310     3.8954   3.199736   3.196443     1.9170     2.2858      7.957     1.0579   481.3579 1.0715e-01     0.1099    97.2903     6.1235     6.3137    34.3660    34.3642    27.2889    27.2911    7.30671 0.0000e+00
       7542     81.084     3.9373     3.8852   3.200222   3.195824     1.9162     2.2858      7.956     1.0681   481.3579 1.0715e-01     0.1095    97.2990     6.1209     6.3156    34.3652    34.3676    27.2877    27.2949    7.30561 0.0000e+00
       7545     80.937     3.9406     3.8822   3.200330   3.195723     1.9162     2.2862      7.956     1.0986   481.3579 1.0715e-01     0.1095    97.2990     6.1224     6.3180    34.3631    34.3696    27.2856    27.2968    7.30512 0.0000e+00
       7548     80.787     3.9418     3.8777   3.200371   3.195443     1.9158     2.2858      7.956     1.0783   481.3579 1.0715e-01     0.1095    97.2990     6.1224     6.3176    34.3625    34.3712    27.2850    27.2985    7.30494 0.0000e+00
       7551     80.633     3.9426     3.8870   3.200365   3.196298     1.9170     2.2866      7.957     1.0681   368.6058 1.0715e-01     0.1092    97.3077     6.1290     6.3179    34.3616    34.3716    27.2842    27.2979    7.30483 0.0000e+00
       7554     80.475     3.9430     3.9015   3.200314   3.197524     1.9162     2.2858      7.956     1.0783     0.8980 1.0715e-01     0.1099    97.2903     6.1259     6.3132    34.3607    34.3711    27.2834    27.2959    7.30480 0.0000e+00
       7557     80.312     3.9426     3.9221   3.199973   3.198631     1.9162     2.2858      7.954     1.0783     7.8464 1.0715e-01     0.1099    97.2903     6.1257     6.3121    34.3571    34.3627    27.2807    27.2872    7.30505 0.0000e+00
       7560     80.148     3.9448     3.9373   3.199823   3.199338     1.9166     2.2858      7.957     1.0884     7.8858 1.0715e-01     0.1099    97.2903     6.1277     6.3108    34.3531    34.3552    27.2772    27.2796    7.30485 0.0000e+00
       7563     79.984     3.9475     3.9442   3.199974   3.199606     1.9170     2.2850      7.954     1.0681     7.8463 1.0715e-01     0.1099    97.2903     6.1321     6.3070    34.3522    34.3513    27.2763    27.2758    7.30441 0.0000e+00
       7566     79.815     3.9503     3.9461   3.200206   3.199750     1.9170     2.2870      7.954     1.0783     7.8463 1.0715e-01     0.1099    97.2903     6.1322     6.3140    34.3521    34.3510    27.2758    27.2754    7.30390 0.0000e+00
       7569     79.646     3.9547     3.9500   3.200496   3.199922     1.9170     2.2866      7.957     1.0376     7.8463 1.0715e-01     0.1099    97.2903     6.1316     6.3112    34.3510    34.3492    27.2746    27.2735    7.30317 0.0000e+00
       7572     79.480     3.9564     3.9483   3.200451   3.199790     1.9170     2.2862      7.956     1.0376     7.8463 1.0715e-01     0.1099    97.2903     6.1313     6.3102    34.3488    34.3495    27.2726    27.2740    7.30297 0.0000e+00
       7575     79.315     3.9566     3.9465   3.200530   3.199712     1.9170     2.2858      7.957     1.0071     7.8463 1.0715e-01     0.1095    97.2990     6.1300     6.3103    34.3496    34.3504    27.2732    27.2749    7.30290 0.0000e+00
       7578     79.154     3.9585     3.9441   3.200626   3.199595     1.9170     2.2870      7.956     1.0274   247.9974 1.0715e-01     0.1095    97.2990     6.1310     6.3155    34.3488    34.3517    27.2725    27.2761    7.30260 0.0000e+00
       7581     78.997     3.9599     3.9502   3.200649   3.200028     1.9166     2.2874      7.957     1.0173   482.1870 1.0715e-01     0.1099    97.2903     6.1269     6.3134    34.3478    34.3505    27.2714    27.2746    7.30240 0.0000e+00
       7584     78.843     3.9603     3.9525   3.200724   3.200025     1.9174     2.2870      7.957     1.0173   481.0421 1.0715e-01     0.1095    97.2990     6.1282     6.3107    34.3483    34.3481    27.2719    27.2725    7.30230 0.0000e+00
       7587     78.692     3.9605     3.9547   3.200738   3.200171     1.9174     2.2870      7.959     1.0173   481.3579 1.0715e-01     0.1099    97.2903     6.1255     6.3081    34.3483    34.3477    27.2718    27.2719    7.30226 0.0000e+00
       7590     78.545     3.9642     3.9541   3.200908   3.200074     1.9170     2.2870      7.957     1.0173   481.3579 1.0715e-01     0.1095    97.2990     6.1222     6.3070    34.3465    34.3472    27.2700    27.2716    7.30168 0.0000e+00
       7593     78.398     3.9632     3.9532   3.200800   3.200044     1.9179     2.2866      7.959     1.0071   481.3579 1.0715e-01     0.1092    97.3077     6.1251     6.3044    34.3464    34.3479    27.2700    27.2722    7.30186 0.0000e+00
       7596     78.256     3.9616     3.9513   3.200728   3.199904     1.9174     2.2866      7.959     1.0173   481.3579 1.0715e-01     0.1088    97.3164     6.1249     6.3037    34.3472    34.3482    27.2708    27.2727    7.30211 0.0000e+00
       7599     78.118     3.9631     3.9505   3.200824   3.199909     1.9174     2.2882      7.959     1.0274   481.3579 1.0715e-01     0.1088    97.3164     6.1241     6.3080    34.3469    34.3492    27.2705    27.2736    7.30186 0.0000e+00
       7602     77.982     3.9654     3.9532   3.200945   3.200073     1.9179     2.2862      7.959     1.0274   481.3579 1.0715e-01     0.1088    97.3164     6.1242     6.2991    34.3460    34.3485    27.2695    27.2727    7.30148 0.0000e+00
       7605     77.851     3.9657     3.9553   3.200933   3.200168     1.9166     2.2866      7.959     1.0376   103.8989 1.0715e-01     0.1088    97.3164     6.1171     6.3007    34.3456    34.3474    27.2691    27.2717    7.30145 0.0000e+00
       7608     77.724     3.9660     3.9569   3.200957   3.200298     1.9174     2.2870      7.959     1.0071     1.6481 1.0715e-01     0.1088    97.3164     6.1185     6.3040    34.3457    34.3474    27.2692    27.2715    7.30140 0.0000e+00
       7611     77.600     3.9669     3.9600   3.200991   3.200416     1.9166     2.2870      7.959     1.0274     5.8724 1.0715e-01     0.1092    97.3077     6.1163     6.3031    34.3452    34.3456    27.2687    27.2697    7.30126 0.0000e+00
       7614     77.480     3.9676     3.9595   3.201008   3.200333     1.9170     2.2870      7.959     1.0071     5.5960 1.0727e-01     0.1088    97.3164     6.1169     6.3050    34.3448    34.3452    27.2683    27.2694    7.30116 0.0000e+00
       7617     77.363     3.9667     3.9573   3.200939   3.200182     1.9170     2.2862      7.959     1.0071     5.5960 1.0715e-01     0.1088    97.3164     6.1161     6.3028    34.3449    34.3458    27.2685    27.2702    7.30130 0.0000e+00
       7620     77.251     3.9664     3.9568   3.200875   3.200224     1.9183     2.2870      7.959     1.0580     5.5960 1.0715e-01     0.1088    97.3164     6.1227     6.3046    34.3445    34.3468    27.2682    27.2710    7.30138 0.0000e+00
       7623     77.145     3.9651     3.9585   3.200785   3.200325     1.9170     2.2870      7.961     1.1292     5.5960 1.0715e-01     0.1088    97.3164     6.1187     6.3026    34.3448    34.3464    27.2686    27.2705    7.30159 0.0000e+00
       7626     77.041     3.9627     3.9602   3.200635   3.200385     1.9170     2.2870      7.961     1.1292     5.6355 1.0715e-01     0.1088    97.3164     6.1223     6.3037    34.3457    34.3453    27.2695    27.2695    7.30199 0.0000e+00
       7629     76.940     3.9605     3.9592   3.200556   3.200276     1.9170     2.2870      7.962     1.1190     5.4776 1.0715e-01     0.1092    97.3077     6.1264     6.3021    34.3471    34.3451    27.2709    27.2694    7.30231 0.0000e+00
       7632     76.842     3.9639     3.9543   3.200766   3.200000     1.9170     2.2878      7.964     1.1088     4.5696 1.0715e-01     0.1092    97.3077     6.1262     6.3043    34.3461    34.3470    27.2697    27.2714    7.30176 0.0000e+00
       7635     76.745     3.9642     3.9522   3.200749   3.199932     1.9174     2.2866      7.961     1.1088     4.5696 1.0715e-01     0.1088    97.3164     6.1269     6.2977    34.3456    34.3485    27.2693    27.2728    7.30172 0.0000e+00
       7638     76.652     3.9642     3.9527   3.200777   3.199954     1.9170     2.2882      7.961     1.1292     4.5301 1.0715e-01     0.1088    97.3164     6.1238     6.3027    34.3460    34.3482    27.2696    27.2726    7.30170 0.0000e+00
       7641     76.561     3.9657     3.9529   3.200878   3.199962     1.9170     2.2870      7.962     1.1190     4.5301 1.0715e-01     0.1088    97.3164     6.1246     6.2962    34.3457    34.3482    27.2692    27.2725    7.30145 0.0000e+00
       7644     76.470     3.9688     3.9552   3.201073   3.200053     1.9170     2.2866      7.961     1.1190     4.5301 1.0715e-01     0.1088    97.3164     6.1262     6.2913    34.3448    34.3470    27.2682    27.2713    7.30094 0.0000e+00
       7647     76.382     3.9698     3.9539   3.201063   3.199988     1.9179     2.2862      7.964     1.0579     4.5301 1.0715e-01     0.1084    97.3251     6.1317     6.2889    34.3436    34.3476    27.2671    27.2719    7.30081 0.0000e+00
       7650     76.294     3.9695     3.9540   3.201082   3.199997     1.9183     2.2870      7.964     1.0173     4.5301 1.0715e-01     0.1084    97.3251     6.1318     6.2908    34.3442    34.3476    27.2677    27.2719    7.30083 0.0000e+00
       7653     76.207     3.9727     3.9565   3.201240   3.200113     1.9183     2.2870      7.964     1.0274     4.5301 1.0715e-01     0.1088    97.3164     6.1294     6.2893    34.3429    34.3464    27.2662    27.2707    7.30034 0.0000e+00
       7656     76.121     3.9731     3.9580   3.201186   3.200151     1.9179     2.2862      7.964     1.0173     3.8590 1.0715e-01     0.1088    97.3164     6.1274     6.2870    34.3418    34.3453    27.2654    27.2697    7.30031 0.0000e+00
       7659     76.040     3.9731     3.9593   3.201183   3.200277     1.9170     2.2854      7.964     1.0173     2.3193 1.0715e-01     0.1088    97.3164     6.1260     6.2843    34.3418    34.3456    27.2653    27.2697    7.30031 0.0000e+00
       7662     75.955     3.9728     3.9607   3.201036   3.200386     1.9179     2.2866      7.964     1.0173     2.3982 1.0715e-01     0.1092    97.3077     6.1312     6.2894    34.3404    34.3454    27.2643    27.2695    7.30043 0.0000e+00
       7665     75.871     3.9673     3.9590   3.200814   3.200199     1.9183     2.2854      7.964     1.0376     2.3982 1.0715e-01     0.1092    97.3077     6.1331     6.2885    34.3436    34.3450    27.2674    27.2693    7.30126 0.0000e+00
       7668     75.787     3.9655     3.9576   3.200761   3.200130     1.9183     2.2858      7.964     1.0274     2.3982 1.0715e-01     0.1095    97.2990     6.1316     6.2921    34.3449    34.3457    27.2686    27.2700    7.30152 0.0000e+00
       7671     75.709     3.9687     3.9591   3.201054   3.200217     1.9179     2.2858      7.964     1.0173     2.3982 1.0715e-01     0.1088    97.3164     6.1274     6.2917    34.3450    34.3452    27.2684    27.2695    7.30093 0.0000e+00
       7674     75.629     3.9726     3.9611   3.201144   3.200250     1.9174     2.2858      7.964     1.0783     2.3982 1.0715e-01     0.1092    97.3077     6.1248     6.2939    34.3422    34.3435    27.2657    27.2680    7.30039 0.0000e+00
       7677     75.550     3.9721     3.9618   3.201097   3.200366     1.9174     2.2854      7.964     1.0681     2.3982 1.0715e-01     0.1084    97.3251     6.1255     6.2953    34.3421    34.3443    27.2657    27.2685    7.30048 0.0000e+00
       7680     75.472     3.9694     3.9609   3.201013   3.200343     1.9187     2.2858      7.964     1.0783     2.3982 1.0715e-01     0.1088    97.3164     6.1314     6.3000    34.3440    34.3449    27.2675    27.2691    7.30087 0.0000e+00
       7683     75.399     3.9681     3.9601   3.200993   3.200311     1.9191     2.2858      7.964     1.0783   295.8854 1.0715e-01     0.1088    97.3164     6.1328     6.3007    34.3452    34.3455    27.2685    27.2696    7.30105 0.0000e+00
