Datasets/AZMP/HUD120/hud120_2020_093.cnv
* Sea-Bird SBE 9 Data File:
* FileName = C:\CTDDATA\hud120_2020_093.hex
* Software Version Seasave V 7.26.7.110
* Temperature SN = 1697
* Conductivity SN = 4216
* Number of Bytes Per Scan = 30
* Number of Voltage Words = 4
* Number of Scans Averaged by the Deck Unit = 1
* NMEA baud rate = 4800
** VESSEL/TRIP/SEQ STN:  hud120_2020_093
** LATITUDE XX XX.XX: 49 16.80 N
** LONGITUDE XX XX.XX: 051 16.80 W
** SOUNDING DEPTH (M): 0327
** PROBE TYPE: S1146
** CTD NUMBER: 070
** FORMAT: V
** COMMENTS (14 CHAR): BB-08
** BOTTLES:  10
** LEVELS: 5,10,20,30,40,50,75,100,150,BTM
** STICKERS: 439998 - 440007
** VNET: Y
** DO2: N
# nquan = 22
# nvalues = 6280                        
# units = specified
# name 0 = scan: Scan Count
# name 1 = prDM: Pressure, Digiquartz [db]
# name 2 = t090C: Temperature [ITS-90, deg C]
# name 3 = t190C: Temperature, 2 [ITS-90, deg C]
# name 4 = c0S/m: Conductivity [S/m]
# name 5 = c1S/m: Conductivity, 2 [S/m]
# name 6 = sbeox0V: Oxygen raw, SBE 43 [V]
# name 7 = sbeox1V: Oxygen raw, SBE 43, 2 [V]
# name 8 = ph: pH
# name 9 = flECO-AFL: Fluorescence, WET Labs ECO-AFL/FL [mg/m^3]
# name 10 = wetCDOM: Fluorescence, WET Labs CDOM [mg/m^3]
# name 11 = par/sat/log: PAR/Logarithmic, Satlantic [umol photons/m^2/sec]
# name 12 = CStarAt0: Beam Attenuation, WET Labs C-Star [1/m]
# name 13 = CStarTr0: Beam Transmission, WET Labs C-Star [%]
# name 14 = sbeox0ML/L: Oxygen, SBE 43 [ml/l], WS = 2
# name 15 = sbeox1ML/L: Oxygen, SBE 43, 2 [ml/l], WS = 2
# name 16 = sal00: Salinity, Practical [PSU]
# name 17 = sal11: Salinity, Practical, 2 [PSU]
# name 18 = sigma-t00: Density [sigma-t, kg/m^3 ]
# name 19 = sigma-t11: Density, 2 [sigma-t, kg/m^3 ]
# name 20 = oxsatML/L: Oxygen Saturation, Weiss [ml/l]
# name 21 = flag: flag
# span 0 =        113,      47601       
# span 1 =      0.679,    318.978       
# span 2 =     1.1346,     3.0627       
# span 3 =     1.1299,     3.0582       
# span 4 =   2.889613,   3.148288       
# span 5 =   2.886529,   3.147737       
# span 6 =     1.8279,     2.2164       
# span 7 =     2.1466,     2.6309       
# span 8 =      8.024,      8.153       
# span 9 =     0.8850,     7.7429       
# span 10 =    -2.8130,   482.1870      
# span 11 = 1.0703e-01, 1.2659e+02      
# span 12 =     0.0775,     0.6033      
# span 13 =    85.9990,    98.0813      
# span 14 =     6.0449,     7.8345      
# span 15 =     6.1202,     7.9624      
# span 16 =    32.5721,    34.5385      
# span 17 =    32.5403,    34.5368      
# span 18 =    26.0218,    27.5111      
# span 19 =    25.9967,    27.5100      
# span 20 =    7.45745,    7.87757      
# span 21 = 0.0000e+00, 0.0000e+00      
# interval = scans: 3                   
# start_time = Nov 28 2020 11:25:47 [System UTC, header]
# bad_flag = -9.990e-29
*END*
[from data line 5466]
      28898     64.600     2.0351     2.0312   2.909051   2.908616     2.1633     2.5701      8.144     3.3066   480.9632 1.0715e-01     0.1642    95.9778     7.6570     7.7759    32.8145    32.8130    26.2183    26.2175    7.74311 0.0000e+00
      28901     64.537     2.0346     2.0303   2.909050   2.908523     2.1637     2.5709      8.144     3.2964   481.2000 1.0715e-01     0.1649    95.9604     7.6595     7.7776    32.8150    32.8129    26.2187    26.2174    7.74317 0.0000e+00
      28904     64.482     2.0353     2.0286   2.909110   2.908399     2.1625     2.5713      8.144     3.2862   481.2790 1.0715e-01     0.1649    95.9604     7.6536     7.7808    32.8150    32.8132    26.2187    26.2177    7.74303 0.0000e+00
      28907     64.433     2.0369     2.0280   2.909224   2.908406     2.1637     2.5705      8.144     3.2862   481.3184 1.0715e-01     0.1649    95.9604     7.6589     7.7787    32.8149    32.8139    26.2185    26.2184    7.74273 0.0000e+00
      28910     64.392     2.0375     2.0291   2.909264   2.908472     2.1637     2.5717      8.144     3.2964   481.2790 1.0715e-01     0.1649    95.9604     7.6583     7.7844    32.8148    32.8136    26.2183    26.2180    7.74261 0.0000e+00
      28913     64.358     2.0378     2.0302   2.909279   2.908566     2.1641     2.5713      8.144     3.2862   481.3184 1.0715e-01     0.1649    95.9604     7.6585     7.7821    32.8147    32.8136    26.2183    26.2180    7.74256 0.0000e+00
      28928     64.282     2.0378     2.0314   2.909289   2.908613     2.1641     2.5717      8.144     3.5915   331.7719 1.0715e-01     0.1656    95.9430     7.6530     7.7802    32.8148    32.8130    26.2184    26.2175    7.74255 0.0000e+00
      28950     64.187     2.0375     2.0315   2.909244   2.908620     2.1653     2.5730      8.144     4.0494   481.4764 1.0715e-01     0.1660    95.9343     7.6497     7.7803    32.8147    32.8130    26.2183    26.2174    7.74262 0.0000e+00
      28953     64.160     2.0373     2.0317   2.909270   2.908642     2.1653     2.5726      8.144     4.0290   481.2000 1.0715e-01     0.1660    95.9343     7.6469     7.7776    32.8152    32.8131    26.2187    26.2175    7.74263 0.0000e+00
      28956     64.127     2.0375     2.0320   2.909260   2.908667     2.1645     2.5730      8.144     4.0290   481.2395 1.0715e-01     0.1660    95.9343     7.6423     7.7776    32.8149    32.8131    26.2184    26.2175    7.74261 0.0000e+00
      28959     64.085     2.0378     2.0326   2.909264   2.908703     2.1649     2.5734      8.144     4.0392   481.2395 1.0715e-01     0.1660    95.9343     7.6463     7.7775    32.8147    32.8130    26.2182    26.2173    7.74256 0.0000e+00
      28962     64.036     2.0378     2.0327   2.909257   2.908708     2.1649     2.5734      8.144     4.0392   481.2790 1.0715e-01     0.1649    95.9604     7.6475     7.7780    32.8146    32.8130    26.2182    26.2173    7.74257 0.0000e+00
      28965     63.979     2.0378     2.0331   2.909240   2.908722     2.1661     2.5738      8.144     4.0290   481.3579 1.0715e-01     0.1649    95.9604     7.6532     7.7796    32.8143    32.8128    26.2180    26.2171    7.74256 0.0000e+00
      28968     63.913     2.0376     2.0332   2.909252   2.908735     2.1653     2.5726      8.144     4.0290   481.3184 1.0715e-01     0.1649    95.9604     7.6517     7.7749    32.8148    32.8129    26.2184    26.2171    7.74259 0.0000e+00
      28971     63.839     2.0378     2.0333   2.909238   2.908713     2.1653     2.5738      8.144     4.0392   309.5846 1.0715e-01     0.1649    95.9604     7.6542     7.7788    32.8144    32.8125    26.2180    26.2169    7.74256 0.0000e+00
      28974     63.756     2.0380     2.0332   2.909240   2.908747     2.1653     2.5726      8.144     3.7034     1.6086 1.0715e-01     0.1649    95.9604     7.6523     7.7737    32.8143    32.8131    26.2179    26.2174    7.74254 0.0000e+00
      28977     63.671     2.0380     2.0335   2.909246   2.908742     2.1645     2.5738      8.144     3.6322    13.3734 1.0715e-01     0.1649    95.9604     7.6481     7.7776    32.8144    32.8128    26.2180    26.2171    7.74252 0.0000e+00
      28980     63.580     2.0383     2.0336   2.909262   2.908752     2.1653     2.5734      8.144     3.6322    12.8996 1.0715e-01     0.1660    95.9343     7.6485     7.7749    32.8143    32.8128    26.2179    26.2171    7.74247 0.0000e+00
      28983     63.483     2.0385     2.0337   2.909258   2.908752     2.1657     2.5734      8.144     3.6322    12.8996 1.0715e-01     0.1656    95.9430     7.6532     7.7772    32.8142    32.8128    26.2178    26.2171    7.74245 0.0000e+00
      28986     63.381     2.0385     2.0339   2.909298   2.908755     2.1661     2.5738      8.144     3.6322    12.8207 1.0715e-01     0.1660    95.9343     7.6558     7.7786    32.8147    32.8126    26.2183    26.2169    7.74241 0.0000e+00
      28989     63.270     2.0388     2.0344   2.909308   2.908789     2.1657     2.5738      8.144     3.6322    12.8602 1.0715e-01     0.1660    95.9343     7.6543     7.7799    32.8146    32.8127    26.2181    26.2169    7.74236 0.0000e+00
      28992     63.156     2.0395     2.0349   2.909319   2.908839     2.1666     2.5738      8.144     3.6322    12.8602 1.0715e-01     0.1660    95.9343     7.6597     7.7799    32.8140    32.8129    26.2177    26.2170    7.74225 0.0000e+00
      28995     63.035     2.0397     2.0352   2.909342   2.908840     2.1661     2.5738      8.144     3.6424    12.8207 1.0715e-01     0.1660    95.9343     7.6588     7.7777    32.8142    32.8126    26.2178    26.2168    7.74220 0.0000e+00
      28998     62.911     2.0395     2.0353   2.909338   2.908841     2.1653     2.5738      8.144     3.6322   307.9265 1.0715e-01     0.1660    95.9343     7.6530     7.7783    32.8145    32.8125    26.2180    26.2167    7.74224 0.0000e+00
      29001     62.787     2.0400     2.0354   2.909347   2.908841     2.1653     2.5738      8.144     3.6627   481.7922 1.0715e-01     0.1653    95.9517     7.6523     7.7774    32.8141    32.8125    26.2177    26.2167    7.74215 0.0000e+00
      29004     62.659     2.0401     2.0355   2.909364   2.908868     2.1653     2.5742      8.144     3.6627   480.9632 1.0715e-01     0.1649    95.9604     7.6473     7.7783    32.8143    32.8129    26.2178    26.2170    7.74213 0.0000e+00
      29007     62.534     2.0405     2.0356   2.909371   2.908865     2.1678     2.5746      8.144     3.6525   481.3184 1.0727e-01     0.1649    95.9604     7.6578     7.7772    32.8140    32.8128    26.2175    26.2169    7.74205 0.0000e+00
      29010     62.406     2.0409     2.0360   2.909404   2.908901     2.1666     2.5742      8.144     3.6729   481.2395 1.0715e-01     0.1653    95.9517     7.6531     7.7729    32.8140    32.8129    26.2175    26.2170    7.74197 0.0000e+00
      29013     62.276     2.0410     2.0365   2.909424   2.908916     2.1661     2.5746      8.144     3.6525   481.2790 1.0715e-01     0.1649    95.9604     7.6510     7.7730    32.8143    32.8126    26.2177    26.2167    7.74193 0.0000e+00
      29016     62.149     2.0414     2.0367   2.909452   2.908919     2.1666     2.5738      8.144     3.6627   481.2790 1.0715e-01     0.1649    95.9604     7.6530     7.7699    32.8142    32.8125    26.2177    26.2166    7.74185 0.0000e+00
      29019     62.023     2.0420     2.0377   2.909455   2.909002     2.1666     2.5738      8.144     3.6525   481.3184 1.0715e-01     0.1653    95.9517     7.6569     7.7706    32.8137    32.8126    26.2172    26.2166    7.74177 0.0000e+00
      29022     61.898     2.0424     2.0385   2.909513   2.909068     2.1661     2.5750      8.144     3.6729   474.5281 1.0715e-01     0.1671    95.9082     7.6557     7.7759    32.8141    32.8126    26.2175    26.2166    7.74167 0.0000e+00
      29025     61.774     2.0433     2.0387   2.909581   2.909037     2.1666     2.5742      8.144     3.5813    59.9192 1.0715e-01     0.1667    95.9169     7.6536     7.7725    32.8141    32.8121    26.2174    26.2161    7.74149 0.0000e+00
      29028     61.646     2.0441     2.0395   2.909610   2.909121     2.1657     2.5742      8.144     3.4796    10.3730 1.0715e-01     0.1671    95.9082     7.6466     7.7702    32.8138    32.8124    26.2171    26.2163    7.74136 0.0000e+00
      29031     61.524     2.0446     2.0397   2.909681   2.909133     2.1670     2.5738      8.144     3.4796    12.6233 1.0715e-01     0.1667    95.9169     7.6577     7.7705    32.8141    32.8124    26.2173    26.2163    7.74123 0.0000e+00
      29034     61.408     2.0449     2.0403   2.909695   2.909190     2.1670     2.5734      8.144     3.4796    12.5049 1.0715e-01     0.1671    95.9082     7.6660     7.7680    32.8141    32.8126    26.2173    26.2164    7.74118 0.0000e+00
      29037     61.295     2.0456     2.0407   2.909742   2.909197     2.1661     2.5738      8.144     3.4796    12.5443 1.0715e-01     0.1671    95.9082     7.6660     7.7699    32.8141    32.8123    26.2172    26.2162    7.74105 0.0000e+00
      29040     61.180     2.0459     2.0410   2.909750   2.909210     2.1670     2.5746      8.144     3.4796    12.5049 1.0715e-01     0.1667    95.9169     7.6709     7.7749    32.8138    32.8123    26.2170    26.2161    7.74099 0.0000e+00
      29043     61.073     2.0462     2.0412   2.909755   2.909237     2.1682     2.5750      8.144     3.4898    12.4654 1.0715e-01     0.1649    95.9604     7.6760     7.7764    32.8137    32.8125    26.2169    26.2162    7.74095 0.0000e+00
      29046     60.968     2.0463     2.0417   2.909769   2.909280     2.1666     2.5750      8.144     3.4694    12.5443 1.0715e-01     0.1653    95.9517     7.6600     7.7771    32.8138    32.8124    26.2169    26.2162    7.74091 0.0000e+00
      29049     60.868     2.0463     2.0417   2.909719   2.909247     2.1666     2.5742      8.144     3.4898    97.3058 1.0715e-01     0.1649    95.9604     7.6531     7.7770    32.8133    32.8122    26.2165    26.2160    7.74094 0.0000e+00
      29052     60.777     2.0456     2.0408   2.909706   2.909168     2.1682     2.5742      8.144     3.2964   477.0942 1.0715e-01     0.1649    95.9604     7.6510     7.7780    32.8138    32.8121    26.2170    26.2160    7.74104 0.0000e+00
      29055     60.688     2.0461     2.0408   2.909724   2.909119     2.1690     2.5746      8.144     3.2557   481.3580 1.0715e-01     0.1649    95.9604     7.6464     7.7791    32.8137    32.8116    26.2169    26.2156    7.74097 0.0000e+00
      29058     60.600     2.0458     2.0399   2.909707   2.909059     2.1694     2.5742      8.144     3.2557   481.2000 1.0715e-01     0.1649    95.9604     7.6435     7.7774    32.8137    32.8118    26.2169    26.2158    7.74101 0.0000e+00
      29061     60.513     2.0461     2.0397   2.909714   2.909044     2.1690     2.5746      8.144     3.2354   481.2790 1.0715e-01     0.1660    95.9343     7.6368     7.7771    32.8136    32.8119    26.2168    26.2159    7.74097 0.0000e+00
      29064     60.429     2.0459     2.0404   2.909664   2.909147     2.1686     2.5750      8.144     3.2557   481.2790 1.0715e-01     0.1660    95.9343     7.6288     7.7768    32.8133    32.8125    26.2165    26.2163    7.74103 0.0000e+00
      29067     60.353     2.0465     2.0413   2.909723   2.909199     2.1670     2.5750      8.144     3.2456   481.3184 1.0715e-01     0.1660    95.9343     7.6188     7.7784    32.8134    32.8122    26.2166    26.2160    7.74090 0.0000e+00
      29070     60.285     2.0462     2.0423   2.909663   2.909238     2.1653     2.5750      8.144     3.2557   481.3184 1.0715e-01     0.1660    95.9343     7.6096     7.7794    32.8130    32.8118    26.2163    26.2156    7.74099 0.0000e+00
      29073     60.227     2.0453     2.0413   2.909603   2.909179     2.1661     2.5754      8.144     3.2456   481.3184 1.0715e-01     0.1660    95.9343     7.6136     7.7809    32.8132    32.8120    26.2165    26.2159    7.74114 0.0000e+00
      29076     60.173     2.0442     2.0399   2.909565   2.909052     2.1649     2.5750      8.144     3.2659   481.2790 1.0715e-01     0.1660    95.9343     7.6111     7.7778    32.8138    32.8119    26.2171    26.2159    7.74132 0.0000e+00
      29079     60.123     2.0466     2.0384   2.909780   2.908941     2.1657     2.5750      8.144     3.5915   481.3184 1.0715e-01     0.1660    95.9343     7.6171     7.7790    32.8141    32.8121    26.2171    26.2162    7.74083 0.0000e+00
      29082     60.077     2.0473     2.0386   2.909790   2.908987     2.1657     2.5758      8.144     3.6220   481.3579 1.0715e-01     0.1675    95.8995     7.6223     7.7810    32.8135    32.8126    26.2167    26.2165    7.74073 0.0000e+00
      29085     60.035     2.0475     2.0389   2.909804   2.908982     2.1657     2.5750      8.144     3.6119   481.3579 1.0715e-01     0.1671    95.9082     7.6313     7.7776    32.8135    32.8122    26.2166    26.2162    7.74069 0.0000e+00
      29088     60.000     2.0479     2.0388   2.909829   2.908989     2.1657     2.5750      8.144     3.6220   481.2395 1.0715e-01     0.1671    95.9082     7.6389     7.7777    32.8134    32.8124    26.2165    26.2164    7.74062 0.0000e+00
      29091     59.965     2.0478     2.0390   2.909831   2.908976     2.1657     2.5762      8.144     3.6119   481.3184 1.0715e-01     0.1671    95.9082     7.6438     7.7827    32.8136    32.8120    26.2167    26.2160    7.74063 0.0000e+00
      29094     59.935     2.0479     2.0392   2.909824   2.909039     2.1657     2.5750      8.144     3.6322   481.2790 1.0715e-01     0.1671    95.9082     7.6450     7.7761    32.8134    32.8127    26.2165    26.2166    7.74062 0.0000e+00
      29097     59.902     2.0481     2.0400   2.909820   2.909070     2.1674     2.5750      8.144     3.6119   481.2790 1.0715e-01     0.1671    95.9082     7.6507     7.7743    32.8131    32.8122    26.2163    26.2162    7.74058 0.0000e+00
      29100     59.870     2.0476     2.0404   2.909832   2.909086     2.1674     2.5754      8.144     3.6119   481.3579 1.0715e-01     0.1671    95.9082     7.6519     7.7772    32.8139    32.8120    26.2169    26.2159    7.74065 0.0000e+00
      29103     59.842     2.0480     2.0407   2.909849   2.909135     2.1657     2.5762      8.144     3.7034   141.1276 1.0715e-01     0.1660    95.9343     7.6437     7.7802    32.8137    32.8123    26.2167    26.2162    7.74058 0.0000e+00
      29106     59.816     2.0480     2.0418   2.909865   2.909225     2.1657     2.5758      8.144     4.0188     6.1488 1.0715e-01     0.1660    95.9343     7.6440     7.7771    32.8138    32.8123    26.2168    26.2161    7.74057 0.0000e+00
      29109     59.786     2.0483     2.0430   2.909855   2.909286     2.1666     2.5758      8.144     3.9985    12.1101 1.0715e-01     0.1660    95.9343     7.6457     7.7771    32.8134    32.8118    26.2164    26.2156    7.74053 0.0000e+00
      29112     59.751     2.0484     2.0432   2.909875   2.909285     2.1661     2.5762      8.144     4.0087    11.8337 1.0715e-01     0.1660    95.9343     7.6403     7.7767    32.8136    32.8117    26.2166    26.2154    7.74050 0.0000e+00
      29115     59.720     2.0485     2.0433   2.909883   2.909298     2.1653     2.5758      8.144     4.0087    11.8732 1.0715e-01     0.1660    95.9343     7.6347     7.7758    32.8136    32.8117    26.2167    26.2155    7.74048 0.0000e+00
      29118     59.682     2.0484     2.0435   2.909885   2.909314     2.1661     2.5750      8.144     3.9985    11.8732 1.0715e-01     0.1660    95.9343     7.6389     7.7741    32.8138    32.8118    26.2168    26.2155    7.74050 0.0000e+00
