Datasets/AZMP/HUD120/hud120_2020_021.cnv
* Sea-Bird SBE 9 Data File:
* FileName = C:\CTDDATA\hud120_2020_021.hex
* Software Version Seasave V 7.26.7.110
* Temperature SN = 1697
* Conductivity SN = 4216
* Number of Bytes Per Scan = 30
* Number of Voltage Words = 4
* Number of Scans Averaged by the Deck Unit = 1
* NMEA baud rate = 4800
** VESSEL/TRIP/SEQ STN:  hud120_2020_021
** LATITUDE XX XX.XX: 45 27.50 N
** LONGITUDE XX XX.XX: 052 00.00 W
** SOUNDING DEPTH (M): 0080
** PROBE TYPE: S1146
** CTD NUMBER: 011
** FORMAT: V
** COMMENTS (14 CHAR): SEGB-07
** BOTTLES:  7
** LEVELS: 5,10,20,30,40,50,BTM
** STICKERS: 439581 - 439587
** VNET: Y
** DO2: N
# nquan = 22
# nvalues = 1634                        
# units = specified
# name 0 = scan: Scan Count
# name 1 = prDM: Pressure, Digiquartz [db]
# name 2 = t090C: Temperature [ITS-90, deg C]
# name 3 = t190C: Temperature, 2 [ITS-90, deg C]
# name 4 = c0S/m: Conductivity [S/m]
# name 5 = c1S/m: Conductivity, 2 [S/m]
# name 6 = sbeox0V: Oxygen raw, SBE 43 [V]
# name 7 = sbeox1V: Oxygen raw, SBE 43, 2 [V]
# name 8 = ph: pH
# name 9 = flECO-AFL: Fluorescence, WET Labs ECO-AFL/FL [mg/m^3]
# name 10 = wetCDOM: Fluorescence, WET Labs CDOM [mg/m^3]
# name 11 = par/sat/log: PAR/Logarithmic, Satlantic [umol photons/m^2/sec]
# name 12 = CStarAt0: Beam Attenuation, WET Labs C-Star [1/m]
# name 13 = CStarTr0: Beam Transmission, WET Labs C-Star [%]
# name 14 = sbeox0ML/L: Oxygen, SBE 43 [ml/l], WS = 2
# name 15 = sbeox1ML/L: Oxygen, SBE 43, 2 [ml/l], WS = 2
# name 16 = sal00: Salinity, Practical [PSU]
# name 17 = sal11: Salinity, Practical, 2 [PSU]
# name 18 = sigma-t00: Density [sigma-t, kg/m^3 ]
# name 19 = sigma-t11: Density, 2 [sigma-t, kg/m^3 ]
# name 20 = oxsatML/L: Oxygen Saturation, Weiss [ml/l]
# name 21 = flag: flag
# span 0 =         49,      22007       
# span 1 =      2.668,     78.676       
# span 2 =     3.3198,    11.4492       
# span 3 =     3.3146,    11.4446       
# span 4 =   3.008964,   3.670264       
# span 5 =   3.008767,   3.669844       
# span 6 =     1.7484,     2.1923       
# span 7 =     2.0500,     2.5977       
# span 8 =      7.803,      8.125       
# span 9 =     1.4039,     4.6090       
# span 10 =    -2.8130,   482.1870      
# span 11 = 1.0629e-01, 8.0632e-01      
# span 12 =     0.1152,     0.3701      
# span 13 =    91.1622,    97.1599      
# span 14 =     5.4007,     6.2500      
# span 15 =     5.0381,     6.3859      
# span 16 =    32.2404,    32.9360      
# span 17 =    32.2563,    32.8396      
# span 18 =    24.5589,    26.0435      
# span 19 =    24.5613,    26.0489      
# span 20 =    6.22883,    7.50017      
# span 21 = 0.0000e+00, 0.0000e+00      
# interval = scans: 3                   
# start_time = Nov 18 2020 03:05:08 [System UTC, header]
# bad_flag = -9.990e-29
*END*
[from data line 659]
       2277     64.193     3.4326     3.4195   3.018615   3.017538     1.7699     2.0731      7.873     1.5362     8.4780 1.0715e-01     0.2285    94.4479     5.6139     5.6695    32.7248    32.7251    26.0306    26.0320    7.47875 0.0000e+00
       2280     64.331     3.4261     3.4184   3.018017   3.017304     1.7703     2.0743      7.872     1.5362     8.5570 1.0715e-01     0.2285    94.4479     5.6165     5.6731    32.7241    32.7234    26.0306    26.0308    7.47999 0.0000e+00
       2283     64.471     3.4213     3.4143   3.017692   3.016858     1.7695     2.0735      7.872     1.4955     8.5175 1.0715e-01     0.2336    94.3262     5.6121     5.6706    32.7250    32.7221    26.0318    26.0301    7.48085 0.0000e+00
       2286     64.615     3.4183     3.4095   3.017574   3.016556     1.7687     2.0743      7.873     1.5158     8.4780 1.0715e-01     0.2395    94.1872     5.6063     5.6751    32.7265    32.7232    26.0333    26.0314    7.48133 0.0000e+00
       2289     64.756     3.4184     3.4102   3.017749   3.016702     1.7687     2.0735      7.873     1.4955   204.0571 1.0715e-01     0.2395    94.1872     5.6064     5.6726    32.7285    32.7242    26.0348    26.0322    7.48122 0.0000e+00
       2292     64.895     3.4221     3.4112   3.017802   3.016753     1.7699     2.0727      7.870     1.5158   482.1870 1.0715e-01     0.2395    94.1872     5.6104     5.6703    32.7253    32.7237    26.0319    26.0317    7.48069 0.0000e+00
       2295     65.033     3.4170     3.4101   3.017286   3.016646     1.7691     2.0731      7.870     1.5158   481.1606 1.0715e-01     0.2395    94.1872     5.6065     5.6705    32.7242    32.7235    26.0315    26.0316    7.48169 0.0000e+00
       2298     65.167     3.4150     3.4091   3.017220   3.016535     1.7691     2.0727      7.873     1.5057   481.3579 1.0715e-01     0.2395    94.1872     5.6060     5.6685    32.7253    32.7230    26.0326    26.0313    7.48201 0.0000e+00
       2301     65.297     3.4148     3.4078   3.017232   3.016476     1.7691     2.0723      7.872     1.5158   481.3579 1.0715e-01     0.2395    94.1872     5.6089     5.6656    32.7256    32.7236    26.0329    26.0319    7.48203 0.0000e+00
       2304     65.426     3.4151     3.4092   3.017359   3.016613     1.7687     2.0719      7.870     1.4955   481.3579 1.0715e-01     0.2444    94.0742     5.6078     5.6638    32.7267    32.7238    26.0337    26.0319    7.48192 0.0000e+00
       2307     65.549     3.4158     3.4105   3.017347   3.016763     1.7671     2.0719      7.870     1.5158   481.3579 1.0715e-01     0.2455    94.0481     5.6044     5.6645    32.7259    32.7242    26.0330    26.0322    7.48183 0.0000e+00
       2310     65.671     3.4161     3.4108   3.017481   3.016752     1.7679     2.0719      7.870     1.4649   481.3579 1.0715e-01     0.2455    94.0481     5.6075     5.6636    32.7270    32.7237    26.0339    26.0317    7.48171 0.0000e+00
       2313     65.787     3.4192     3.4105   3.017646   3.016682     1.7687     2.0719      7.870     1.4751   481.3579 1.0715e-01     0.2451    94.0568     5.6083     5.6664    32.7259    32.7231    26.0327    26.0312    7.48120 0.0000e+00
       2316     65.902     3.4172     3.4089   3.017300   3.016567     1.7675     2.0715      7.870     1.4751   155.1032 1.0715e-01     0.2455    94.0481     5.6010     5.6656    32.7237    32.7232    26.0312    26.0315    7.48169 0.0000e+00
       2319     66.013     3.4132     3.4075   3.016993   3.016470     1.7671     2.0707      7.870     1.4649     4.4117 1.0715e-01     0.2455    94.0481     5.6022     5.6613    32.7240    32.7235    26.0317    26.0319    7.48241 0.0000e+00
       2322     66.123     3.4119     3.4089   3.017004   3.016613     1.7679     2.0707      7.870     1.4751    10.4915 1.0715e-01     0.2458    94.0394     5.6081     5.6634    32.7253    32.7237    26.0329    26.0319    7.48258 0.0000e+00
       2325     66.230     3.4123     3.4080   3.017032   3.016518     1.7683     2.0707      7.870     1.4853    10.1756 1.0715e-01     0.2447    94.0655     5.6109     5.6625    32.7252    32.7234    26.0328    26.0317    7.48251 0.0000e+00
       2328     66.337     3.4121     3.4084   3.017024   3.016629     1.7675     2.0715      7.870     1.4751    10.2151 1.0715e-01     0.2447    94.0655     5.6095     5.6632    32.7253    32.7243    26.0329    26.0324    7.48255 0.0000e+00
       2331     66.443     3.4123     3.4086   3.017096   3.016573     1.7679     2.0699      7.870     1.4853    10.1361 1.0715e-01     0.2447    94.0655     5.6096     5.6564    32.7258    32.7233    26.0333    26.0316    7.48248 0.0000e+00
       2334     66.547     3.4126     3.4075   3.017075   3.016514     1.7671     2.0699      7.870     1.5158    10.1361 1.0715e-01     0.2447    94.0655     5.6015     5.6568    32.7253    32.7237    26.0328    26.0320    7.48246 0.0000e+00
       2337     66.651     3.4114     3.4059   3.016952   3.016391     1.7667     2.0703      7.870     1.5362    10.1756 1.0715e-01     0.2447    94.0655     5.5987     5.6589    32.7250    32.7238    26.0327    26.0322    7.48270 0.0000e+00
       2340     66.760     3.4076     3.4051   3.016790   3.016309     1.7663     2.0699      7.870     1.5260    26.7173 1.0715e-01     0.2447    94.0655     5.5976     5.6591    32.7268    32.7236    26.0345    26.0321    7.48332 0.0000e+00
       2343     66.866     3.4081     3.4008   3.016883   3.015979     1.7671     2.0690      7.870     1.5463   439.9444 1.0715e-01     0.2462    94.0307     5.6003     5.6573    32.7273    32.7239    26.0349    26.0328    7.48320 0.0000e+00
       2346     66.977     3.4066     3.4058   3.016751   3.016596     1.7671     2.0699      7.870     1.5362   481.2790 1.0715e-01     0.2480    93.9872     5.5993     5.6593    32.7272    32.7261    26.0349    26.0341    7.48348 0.0000e+00
       2349     67.089     3.4083     3.4113   3.016815   3.016937     1.7663     2.0682      7.870     1.5463   481.1605 1.0715e-01     0.2484    93.9785     5.5958     5.6529    32.7262    32.7247    26.0340    26.0324    7.48322 0.0000e+00
       2352     67.205     3.4078     3.4103   3.016809   3.016762     1.7667     2.0682      7.870     1.5463   481.3579 1.0715e-01     0.2480    93.9872     5.5991     5.6551    32.7266    32.7235    26.0343    26.0316    7.48328 0.0000e+00
       2355     67.325     3.4116     3.4082   3.017184   3.016627     1.7654     2.0686      7.870     1.5463   481.3579 1.0715e-01     0.2484    93.9785     5.5953     5.6597    32.7272    32.7239    26.0344    26.0322    7.48255 0.0000e+00
       2358     67.448     3.4128     3.4078   3.017139   3.016609     1.7654     2.0682      7.870     1.5463   481.3579 1.0715e-01     0.2480    93.9872     5.5963     5.6587    32.7253    32.7240    26.0328    26.0323    7.48241 0.0000e+00
       2361     67.575     3.4135     3.4088   3.017272   3.016733     1.7654     2.0682      7.870     1.4955   481.3579 1.0715e-01     0.2477    93.9959     5.5964     5.6610    32.7262    32.7245    26.0334    26.0325    7.48224 0.0000e+00
       2364     67.705     3.4151     3.4113   3.017406   3.016983     1.7654     2.0682      7.870     1.4955   481.3579 1.0715e-01     0.2484    93.9785     5.5952     5.6639    32.7262    32.7249    26.0333    26.0326    7.48196 0.0000e+00
       2367     67.841     3.4152     3.4120   3.017410   3.016943     1.7658     2.0682      7.870     1.5057   377.1727 1.0715e-01     0.2473    94.0046     5.5979     5.6640    32.7260    32.7236    26.0332    26.0315    7.48194 0.0000e+00
       2370     67.978     3.4134     3.4093   3.017190   3.016718     1.7654     2.0674      7.870     1.5158     1.9245 1.0715e-01     0.2480    93.9872     5.5995     5.6629    32.7251    32.7235    26.0326    26.0317    7.48232 0.0000e+00
       2373     68.119     3.4116     3.4066   3.017129   3.016523     1.7650     2.0682      7.870     1.5057     7.4910 1.0715e-01     0.2473    94.0046     5.6002     5.6670    32.7261    32.7238    26.0335    26.0322    7.48260 0.0000e+00
       2376     68.264     3.4111     3.4026   3.017127   3.016157     1.7654     2.0678      7.870     1.5057     7.6490 1.0715e-01     0.2473    94.0046     5.6026     5.6654    32.7265    32.7234    26.0339    26.0322    7.48268 0.0000e+00
       2379     68.409     3.4114     3.3990   3.016964   3.015815     1.7650     2.0678      7.870     1.5057     7.6095 1.0715e-01     0.2473    94.0046     5.6036     5.6654    32.7242    32.7229    26.0320    26.0321    7.48274 0.0000e+00
       2382     68.556     3.4045     3.3985   3.016442   3.015987     1.7646     2.0678      7.870     1.5057     7.6095 1.0715e-01     0.2477    93.9959     5.6065     5.6654    32.7248    32.7254    26.0331    26.0342    7.48399 0.0000e+00
       2385     68.701     3.4055     3.3998   3.016739   3.015880     1.7646     2.0678      7.870     1.5057     7.6095 1.0715e-01     0.2517    93.9003     5.6075     5.6656    32.7273    32.7228    26.0351    26.0320    7.48369 0.0000e+00
       2388     68.846     3.4074     3.3907   3.016541   3.015151     1.7646     2.0678      7.870     1.4649     7.6095 1.0715e-01     0.2517    93.9003     5.6080     5.6676    32.7229    32.7230    26.0314    26.0330    7.48355 0.0000e+00
       2391     68.989     3.3996     3.3918   3.015964   3.015573     1.7650     2.0670      7.870     1.4751     7.6095 1.0715e-01     0.2521    93.8916     5.6115     5.6651    32.7238    32.7270    26.0328    26.0361    7.48496 0.0000e+00
       2394     69.130     3.3941     3.3976   3.015508   3.015822     1.7650     2.0670      7.870     1.4751    11.3205 1.0715e-01     0.2517    93.9003     5.6126     5.6648    32.7238    32.7241    26.0333    26.0332    7.48599 0.0000e+00
       2397     69.268     3.3883     3.3898   3.015030   3.014829     1.7642     2.0670      7.870     1.4853    15.2289 1.0715e-01     0.2525    93.8829     5.6096     5.6663    32.7239    32.7199    26.0339    26.0306    7.48707 0.0000e+00
       2400     69.402     3.3844     3.3725   3.014889   3.013490     1.7642     2.0670      7.870     1.4649    15.0710 1.0715e-01     0.2517    93.9003     5.6118     5.6707    32.7260    32.7212    26.0360    26.0332    7.48770 0.0000e+00
       2403     69.530     3.3832     3.3650   3.014586   3.013005     1.7654     2.0670      7.868     1.4853    15.0710 1.0715e-01     0.2525    93.8829     5.6204     5.6736    32.7235    32.7230    26.0340    26.0353    7.48803 0.0000e+00
       2406     69.651     3.3708     3.3590   3.013529   3.012601     1.7663     2.0666      7.870     1.4649    15.0710 1.0715e-01     0.2517    93.9003     5.6275     5.6756    32.7233    32.7240    26.0351    26.0367    7.49038 0.0000e+00
       2409     69.766     3.3673     3.3593   3.013379   3.012583     1.7646     2.0670      7.870     1.4955    15.0710 1.0715e-01     0.2517    93.9003     5.6189     5.6782    32.7250    32.7234    26.0367    26.0362    7.49095 0.0000e+00
       2412     69.875     3.3628     3.3539   3.013033   3.012184     1.7650     2.0670      7.870     1.5158    15.0710 1.0715e-01     0.2521    93.8916     5.6200     5.6817    32.7253    32.7241    26.0373    26.0372    7.49176 0.0000e+00
       2415     69.981     3.3579     3.3561   3.012606   3.012349     1.7642     2.0666      7.870     1.5768    15.0710 1.0715e-01     0.2521    93.8916     5.6160     5.6831    32.7251    32.7237    26.0376    26.0367    7.49271 0.0000e+00
       2418     70.080     3.3544     3.3519   3.012336   3.011926     1.7642     2.0670      7.868     1.5565    15.0710 1.0715e-01     0.2517    93.9003     5.6171     5.6851    32.7253    32.7229    26.0382    26.0365    7.49334 0.0000e+00
       2421     70.175     3.3542     3.3508   3.012352   3.011877     1.7646     2.0670      7.870     1.5667   372.0010 1.0715e-01     0.2521    93.8916     5.6213     5.6850    32.7256    32.7234    26.0384    26.0370    7.49336 0.0000e+00
       2424     70.254     3.3542     3.3492   3.012341   3.011784     1.7654     2.0670      7.868     1.5667   482.0291 1.0715e-01     0.2532    93.8655     5.6226     5.6864    32.7254    32.7238    26.0383    26.0374    7.49337 0.0000e+00
       2427     70.327     3.3539     3.3491   3.012300   3.011737     1.7650     2.0678      7.867     1.5667   481.0816 1.0727e-01     0.2551    93.8221     5.6208     5.6900    32.7252    32.7233    26.0381    26.0370    7.49344 0.0000e+00
       2430     70.396     3.3531     3.3495   3.012237   3.011746     1.7650     2.0674      7.870     1.5768   481.3579 1.0715e-01     0.2551    93.8221     5.6229     5.6878    32.7252    32.7230    26.0382    26.0368    7.49358 0.0000e+00
       2433     70.455     3.3528     3.3474   3.012147   3.011586     1.7642     2.0670      7.868     1.5667   481.3579 1.0715e-01     0.2551    93.8221     5.6226     5.6874    32.7244    32.7231    26.0376    26.0370    7.49368 0.0000e+00
       2436     70.503     3.3523     3.3465   3.012101   3.011552     1.7646     2.0678      7.867     1.5667   481.3579 1.0715e-01     0.2551    93.8221     5.6231     5.6909    32.7244    32.7237    26.0376    26.0375    7.49379 0.0000e+00
       2439     70.540     3.3528     3.3466   3.012266   3.011647     1.7642     2.0678      7.868     1.5768   481.3579 1.0715e-01     0.2551    93.8221     5.6207     5.6916    32.7258    32.7246    26.0387    26.0383    7.49361 0.0000e+00
       2442     70.570     3.3553     3.3552   3.012633   3.012588     1.7654     2.0670      7.868     1.5972   481.3579 1.0715e-01     0.2551    93.8221     5.6236     5.6860    32.7277    32.7272    26.0399    26.0396    7.49305 0.0000e+00
       2457     70.619     3.3553     3.3588   3.012467   3.012686     1.7651     2.0674      7.867     1.5972   481.3579 1.0715e-01     0.2592    93.7265     5.6251     5.6828    32.7257    32.7248    26.0384    26.0373    7.49315 0.0000e+00
       2484     70.694     3.3497     3.3439   3.011953   3.011225     1.7642     2.0670      7.867     1.5870   481.3579 1.0715e-01     0.2703    93.4657     5.6262     5.6791    32.7251    32.7222    26.0384    26.0366    7.49424 0.0000e+00
       2487     70.722     3.3491     3.3443   3.011867   3.011433     1.7642     2.0670      7.865     1.5565   481.3579 1.0715e-01     0.2803    93.2310     5.6214     5.6798    32.7246    32.7243    26.0381    26.0383    7.49436 0.0000e+00
       2490     70.758     3.3543     3.3549   3.012711   3.012310     1.7646     2.0682      7.865     1.5565   481.3579 1.0715e-01     0.2796    93.2484     5.6181     5.6834    32.7295    32.7241    26.0415    26.0371    7.49315 0.0000e+00
       2493     70.799     3.3733     3.3657   3.014706   3.013232     1.7655     2.0674      7.865     1.5667   481.3579 1.0715e-01     0.2796    93.2484     5.6147     5.6770    32.7342    32.7242    26.0435    26.0363    7.48935 0.0000e+00
       2496     70.846     3.3902     3.3630   3.015129   3.012993     1.7663     2.0670      7.865     1.5667   481.3579 1.0715e-01     0.2800    93.2397     5.6169     5.6749    32.7223    32.7241    26.0325    26.0364    7.48680 0.0000e+00
       2499     70.903     3.3793     3.3668   3.014135   3.013380     1.7667     2.0670      7.865     1.5667   481.3579 1.0715e-01     0.2796    93.2484     5.6194     5.6731    32.7213    32.7248    26.0327    26.0366    7.48888 0.0000e+00
       2502     70.966     3.3661     3.3609   3.012941   3.012726     1.7663     2.0674      7.865     1.5565   481.3579 1.0715e-01     0.2796    93.2484     5.6175     5.6753    32.7202    32.7229    26.0330    26.0357    7.49140 0.0000e+00
       2505     71.039     3.3541     3.3555   3.012128   3.012173     1.7642     2.0674      7.865     1.5768   481.3579 1.0715e-01     0.2763    93.3266     5.6079     5.6766    32.7226    32.7217    26.0360    26.0351    7.49354 0.0000e+00
