Datasets/AZMP/HUD120/hud120_2020_090.cnv
* Sea-Bird SBE 9 Data File:
* FileName = C:\CTDDATA\hud120_2020_090.hex
* Software Version Seasave V 7.26.7.110
* Temperature SN = 1697
* Conductivity SN = 4216
* Number of Bytes Per Scan = 30
* Number of Voltage Words = 4
* Number of Scans Averaged by the Deck Unit = 1
* NMEA baud rate = 4800
** VESSEL/TRIP/SEQ STN:  hud120_2020_090
** LATITUDE XX XX.XX: 49 01.50 N
** LONGITUDE XX XX.XX: 052 04.00 W
** SOUNDING DEPTH (M): 0296
** PROBE TYPE: S1146
** CTD NUMBER: 067
** FORMAT: V
** COMMENTS (14 CHAR): BB-05
** BOTTLES:  11
** LEVELS: 5,10,20,30,40,50,75,100,150,250,BTM
** STICKERS: 439966 - 439976
** VNET: Y
** DO2: N
# nquan = 22
# nvalues = 6790                        
# units = specified
# name 0 = scan: Scan Count
# name 1 = prDM: Pressure, Digiquartz [db]
# name 2 = t090C: Temperature [ITS-90, deg C]
# name 3 = t190C: Temperature, 2 [ITS-90, deg C]
# name 4 = c0S/m: Conductivity [S/m]
# name 5 = c1S/m: Conductivity, 2 [S/m]
# name 6 = sbeox0V: Oxygen raw, SBE 43 [V]
# name 7 = sbeox1V: Oxygen raw, SBE 43, 2 [V]
# name 8 = ph: pH
# name 9 = flECO-AFL: Fluorescence, WET Labs ECO-AFL/FL [mg/m^3]
# name 10 = wetCDOM: Fluorescence, WET Labs CDOM [mg/m^3]
# name 11 = par/sat/log: PAR/Logarithmic, Satlantic [umol photons/m^2/sec]
# name 12 = CStarAt0: Beam Attenuation, WET Labs C-Star [1/m]
# name 13 = CStarTr0: Beam Transmission, WET Labs C-Star [%]
# name 14 = sbeox0ML/L: Oxygen, SBE 43 [ml/l], WS = 2
# name 15 = sbeox1ML/L: Oxygen, SBE 43, 2 [ml/l], WS = 2
# name 16 = sal00: Salinity, Practical [PSU]
# name 17 = sal11: Salinity, Practical, 2 [PSU]
# name 18 = sigma-t00: Density [sigma-t, kg/m^3 ]
# name 19 = sigma-t11: Density, 2 [sigma-t, kg/m^3 ]
# name 20 = oxsatML/L: Oxygen Saturation, Weiss [ml/l]
# name 21 = flag: flag
# span 0 =        129,      48772       
# span 1 =      0.297,    286.684       
# span 2 =    -0.3681,     2.2216       
# span 3 =    -0.3741,     2.2171       
# span 4 =   2.214127,   3.051768       
# span 5 =   2.233772,   3.051223       
# span 6 =     1.8221,     2.2102       
# span 7 =     2.1464,     2.6101       
# span 8 =      8.025,      8.145       
# span 9 =     0.8850,     4.6599       
# span 10 =    -2.8130,   482.1870      
# span 11 = 1.0629e-01, 8.7062e-01      
# span 12 =     0.0874,     0.3502      
# span 13 =    91.6229,    97.8379      
# span 14 =     6.1665,     8.1160      
# span 15 =     6.2557,     7.9734      
# span 16 =    24.7854,    34.2716      
# span 17 =    25.0136,    34.2699      
# span 18 =    19.8158,    27.3704      
# span 19 =    19.9987,    27.3695      
# span 20 =    7.63115,    8.26198      
# span 21 = 0.0000e+00, 0.0000e+00      
# interval = scans: 3                   
# start_time = Nov 28 2020 04:11:40 [System UTC, header]
# bad_flag = -9.990e-29
*END*
[from data line 2963]
       9658    257.460     1.4085     1.4031   2.959316   2.958845     1.8572     2.1849      8.038     0.9969   481.3184 1.0727e-01     0.1831    95.5258     6.4851     6.5559    34.0022    34.0021    27.2158    27.2160    7.80625 0.0000e+00
       9673    257.499     1.3988     1.3893   2.958327   2.957291     1.8580     2.1865      8.038     0.9969   288.8582 1.0727e-01     0.1769    95.6736     6.4831     6.5717    34.0001    33.9972    27.2147    27.2130    7.80831 0.0000e+00
       9699    257.551     1.3917     1.3773   2.957608   2.956077     1.8576     2.1877      8.040     0.9867   481.3184 1.0727e-01     0.1671    95.9082     6.4573     6.5828    33.9987    33.9948    27.2141    27.2120    7.80983 0.0000e+00
       9702    257.580     1.3907     1.3789   2.957491   2.956295     1.8580     2.1877      8.040     0.9663   481.2790 1.0727e-01     0.1671    95.9082     6.4600     6.5807    33.9982    33.9959    27.2138    27.2127    7.81005 0.0000e+00
       9705    257.613     1.3901     1.3815   2.957433   2.956566     1.8576     2.1881      8.040     0.9562   481.2790 1.0727e-01     0.1667    95.9169     6.4564     6.5802    33.9982    33.9964    27.2138    27.2130    7.81018 0.0000e+00
       9708    257.656     1.3900     1.3858   2.957447   2.956931     1.8576     2.1873      8.039     0.9663   481.2395 1.0727e-01     0.1671    95.9082     6.4582     6.5741    33.9984    33.9964    27.2140    27.2127    7.81019 0.0000e+00
       9711    257.706     1.3941     1.3840   2.957884   2.956739     1.8572     2.1881      8.040     0.9765   465.1715 1.0727e-01     0.1671    95.9082     6.4587     6.5768    33.9995    33.9959    27.2146    27.2124    7.80930 0.0000e+00
       9714    257.765     1.3969     1.3842   2.958211   2.956881     1.8568     2.1881      8.040     0.9663    47.2859 1.0727e-01     0.1671    95.9082     6.4547     6.5737    34.0006    33.9974    27.2153    27.2136    7.80868 0.0000e+00
       9717    257.838     1.3975     1.3867   2.958259   2.957141     1.8576     2.1881      8.040     0.9460    12.7812 1.0727e-01     0.1911    95.3345     6.4580     6.5699    34.0005    33.9980    27.2151    27.2139    7.80855 0.0000e+00
       9720    257.920     1.3978     1.3897   2.958316   2.957478     1.8560     2.1881      8.039     0.9663    14.3209 1.0727e-01     0.1977    95.1781     6.4487     6.5651    34.0008    33.9990    27.2154    27.2144    7.80848 0.0000e+00
       9723    258.012     1.3980     1.3991   2.958359   2.958606     1.8560     2.1881      8.039     0.9562    14.2419 1.0740e-01     0.1977    95.1781     6.4493     6.5610    34.0011    34.0030    27.2156    27.2171    7.80842 0.0000e+00
       9726    258.108     1.4000     1.4057   2.958679   2.959284     1.8560     2.1881      8.038     0.9562    14.2419 1.0715e-01     0.1973    95.1868     6.4526     6.5571    34.0030    34.0045    27.2169    27.2178    7.80792 0.0000e+00
       9729    258.213     1.4097     1.4126   2.959997   2.960118     1.8560     2.1873      8.040     0.9460    14.2419 1.0727e-01     0.1973    95.1868     6.4541     6.5513    34.0091    34.0075    27.2212    27.2197    7.80563 0.0000e+00
       9732    258.326     1.4190     1.4200   2.960746   2.960845     1.8564     2.1881      8.040     0.9460    14.2419 1.0715e-01     0.1977    95.1781     6.4560     6.5509    34.0085    34.0087    27.2201    27.2202    7.80379 0.0000e+00
       9735    258.443     1.4251     1.4255   2.961778   2.961651     1.8560     2.1881      8.040     0.9358    14.2419 1.0727e-01     0.1948    95.2476     6.4536     6.5472    34.0149    34.0129    27.2248    27.2231    7.80222 0.0000e+00
       9738    258.569     1.4361     1.4353   2.962863   2.962602     1.8556     2.1881      8.037     0.9358   114.8740 1.0740e-01     0.1671    95.9082     6.4540     6.5429    34.0168    34.0143    27.2255    27.2236    7.79991 0.0000e+00
       9741    258.702     1.4404     1.4402   2.963130   2.963068     1.8560     2.1877      8.040     0.9358   480.7658 1.0727e-01     0.1660    95.9343     6.4577     6.5378    34.0154    34.0148    27.2241    27.2237    7.79911 0.0000e+00
       9744    258.838     1.4417     1.4412   2.963254   2.963112     1.8560     2.1869      8.037     0.9358   480.8842 1.0727e-01     0.1660    95.9343     6.4598     6.5337    34.0155    34.0143    27.2241    27.2232    7.79884 0.0000e+00
       9747    258.979     1.4451     1.4407   2.963844   2.963109     1.8560     2.1869      8.040     0.9358   481.2000 1.0740e-01     0.1660    95.9343     6.4590     6.5335    34.0193    34.0147    27.2269    27.2235    7.79797 0.0000e+00
       9750    259.125     1.4534     1.4444   2.964760   2.963627     1.8564     2.1869      8.040     0.9358   481.2395 1.0727e-01     0.1660    95.9343     6.4608     6.5302    34.0219    34.0172    27.2283    27.2253    7.79616 0.0000e+00
       9753    259.271     1.4582     1.4508   2.965099   2.964324     1.8560     2.1873      8.038     0.9562   481.2790 1.0740e-01     0.1660    95.9343     6.4558     6.5286    34.0208    34.0190    27.2272    27.2263    7.79523 0.0000e+00
       9756    259.423     1.4603     1.4558   2.965290   2.964820     1.8552     2.1865      8.038     0.9969   481.2790 1.0740e-01     0.1664    95.9256     6.4470     6.5221    34.0209    34.0198    27.2271    27.2266    7.79482 0.0000e+00
       9759    259.579     1.4617     1.4583   2.965417   2.965035     1.8556     2.1869      8.040     0.9969   481.3184 1.0740e-01     0.1660    95.9343     6.4488     6.5225    34.0209    34.0198    27.2270    27.2264    7.79452 0.0000e+00
       9762    259.735     1.4625     1.4594   2.965548   2.965138     1.8568     2.1857      8.038     1.0071   481.3184 1.0715e-01     0.1660    95.9343     6.4543     6.5182    34.0216    34.0198    27.2275    27.2263    7.79433 0.0000e+00
       9765    259.891     1.4627     1.4597   2.965537   2.965215     1.8556     2.1857      8.038     0.9867   249.5765 1.0740e-01     0.1660    95.9343     6.4480     6.5195    34.0212    34.0203    27.2272    27.2267    7.79432 0.0000e+00
       9768    260.047     1.4624     1.4593   2.965513   2.965110     1.8556     2.1865      8.038     0.9969    -0.0100 1.0727e-01     0.1660    95.9343     6.4488     6.5204    34.0211    34.0193    27.2271    27.2259    7.79438 0.0000e+00
       9771    260.204     1.4625     1.4587   2.965487   2.965080     1.8560     2.1857      8.038     0.9969     8.2017 1.0727e-01     0.1660    95.9343     6.4524     6.5172    34.0205    34.0195    27.2267    27.2261    7.79438 0.0000e+00
       9774    260.361     1.4627     1.4582   2.965592   2.965038     1.8564     2.1845      8.037     0.9765     7.8463 1.0740e-01     0.1660    95.9343     6.4561     6.5133    34.0216    34.0195    27.2275    27.2261    7.79429 0.0000e+00
       9777    260.516     1.4624     1.4577   2.965531   2.965033     1.8544     2.1853      8.038     0.9867     7.8463 1.0727e-01     0.1725    95.7778     6.4485     6.5166    34.0211    34.0198    27.2271    27.2264    7.79438 0.0000e+00
       9780    260.669     1.4625     1.4584   2.965581   2.965120     1.8548     2.1845      8.038     1.0071     7.8463 1.0740e-01     0.1773    95.6648     6.4469     6.5170    34.0215    34.0201    27.2275    27.2266    7.79434 0.0000e+00
       9783    260.818     1.4628     1.4587   2.965625   2.965163     1.8552     2.1845      8.040     1.0274     7.8463 1.0727e-01     0.1769    95.6735     6.4448     6.5193    34.0217    34.0202    27.2275    27.2267    7.79427 0.0000e+00
       9786    260.965     1.4635     1.4598   2.965725   2.965306     1.8560     2.1845      8.038     1.0376     7.8463 1.0727e-01     0.1769    95.6735     6.4475     6.5207    34.0221    34.0208    27.2279    27.2270    7.79411 0.0000e+00
       9789    261.111     1.4646     1.4595   2.965898   2.965240     1.8552     2.1841      8.037     1.0274     7.8463 1.0727e-01     0.1769    95.6735     6.4418     6.5191    34.0230    34.0202    27.2285    27.2266    7.79383 0.0000e+00
       9792    261.251     1.4674     1.4608   2.966252   2.965515     1.8560     2.1832      8.037     1.0173   368.6848 1.0740e-01     0.1769    95.6735     6.4429     6.5152    34.0244    34.0222    27.2294    27.2281    7.79320 0.0000e+00
       9795    261.391     1.4690     1.4647   2.966321   2.965913     1.8556     2.1845      8.037     1.0274   481.9896 1.0715e-01     0.1773    95.6648     6.4445     6.5236    34.0234    34.0229    27.2285    27.2284    7.79292 0.0000e+00
       9798    261.528     1.4695     1.4654   2.966366   2.965888     1.8556     2.1836      8.038     1.0173   480.9631 1.0740e-01     0.1733    95.7604     6.4510     6.5234    34.0234    34.0218    27.2285    27.2275    7.79282 0.0000e+00
       9801    261.664     1.4697     1.4649   2.966339   2.965859     1.8552     2.1836      8.040     1.0376   481.2790 1.0727e-01     0.1726    95.7778     6.4541     6.5269    34.0228    34.0218    27.2279    27.2275    7.79282 0.0000e+00
       9804    261.794     1.4683     1.4644   2.966086   2.965787     1.8540     2.1841      8.037     1.0173   481.2790 1.0715e-01     0.1726    95.7778     6.4470     6.5291    34.0209    34.0214    27.2266    27.2273    7.79319 0.0000e+00
       9807    261.922     1.4662     1.4631   2.965971   2.965694     1.8544     2.1837      8.037     1.0173   481.2790 1.0727e-01     0.1726    95.7778     6.4471     6.5282    34.0217    34.0215    27.2274    27.2274    7.79358 0.0000e+00
       9810    262.051     1.4673     1.4624   2.966152   2.965592     1.8544     2.1833      8.037     1.0071   481.3184 1.0715e-01     0.1726    95.7778     6.4452     6.5290    34.0228    34.0210    27.2281    27.2270    7.79330 0.0000e+00
       9813    262.177     1.4680     1.4625   2.966282   2.965649     1.8536     2.1829      8.040     1.0173   481.2790 1.0715e-01     0.1726    95.7778     6.4435     6.5312    34.0236    34.0215    27.2287    27.2274    7.79312 0.0000e+00
       9816    262.304     1.4687     1.4633   2.966296   2.965774     1.8544     2.1829      8.037     1.0173   437.5757 1.0752e-01     0.1736    95.7518     6.4461     6.5298    34.0229    34.0221    27.2281    27.2279    7.79301 0.0000e+00
       9819    262.426     1.4687     1.4640   2.966325   2.965762     1.8560     2.1833      8.038     1.0071    21.7035 1.0727e-01     0.1765    95.6822     6.4511     6.5315    34.0233    34.0212    27.2284    27.2271    7.79300 0.0000e+00
       9822    262.545     1.4692     1.4637   2.966370   2.965789     1.8556     2.1841      8.037     1.0274    -1.9445 1.0727e-01     0.1765    95.6822     6.4492     6.5366    34.0232    34.0218    27.2284    27.2276    7.79290 0.0000e+00
       9825    262.665     1.4696     1.4644   2.966409   2.965895     1.8560     2.1841      8.038     1.0274    -0.1679 1.0727e-01     0.1769    95.6735     6.4539     6.5333    34.0232    34.0223    27.2283    27.2279    7.79282 0.0000e+00
       9828    262.784     1.4697     1.4647   2.966442   2.965893     1.8552     2.1820      8.038     1.0071    -0.2074 1.0715e-01     0.1769    95.6735     6.4481     6.5238    34.0234    34.0219    27.2284    27.2276    7.79278 0.0000e+00
       9831    262.900     1.4694     1.4650   2.966391   2.965955     1.8540     2.1833      8.040     1.0376    -0.2074 1.0740e-01     0.1769    95.6735     6.4359     6.5295    34.0230    34.0223    27.2282    27.2279    7.79286 0.0000e+00
       9834    263.010     1.4687     1.4654   2.966354   2.965990     1.8544     2.1837      8.035     1.0071    -0.2074 1.0740e-01     0.1769    95.6735     6.4357     6.5315    34.0233    34.0222    27.2284    27.2278    7.79300 0.0000e+00
       9837    263.117     1.4700     1.4664   2.966512   2.966127     1.8552     2.1837      8.037     0.9969    -0.2074 1.0715e-01     0.1784    95.6388     6.4372     6.5294    34.0238    34.0228    27.2288    27.2282    7.79271 0.0000e+00
       9840    263.220     1.4710     1.4676   2.966612   2.966218     1.8536     2.1829      8.037     0.9969    -0.2074 1.0740e-01     0.1802    95.5953     6.4255     6.5229    34.0239    34.0226    27.2288    27.2280    7.79249 0.0000e+00
       9843    263.317     1.4717     1.4673   2.966655   2.966153     1.8532     2.1833      8.038     0.9765   150.0893 1.0727e-01     0.1806    95.5866     6.4248     6.5247    34.0237    34.0220    27.2285    27.2275    7.79237 0.0000e+00
       9846    263.407     1.4715     1.4670   2.966627   2.966141     1.8540     2.1829      8.037     1.0071   482.1870 1.0740e-01     0.1806    95.5866     6.4329     6.5227    34.0235    34.0222    27.2284    27.2277    7.79242 0.0000e+00
       9849    263.494     1.4719     1.4666   2.966690   2.966115     1.8540     2.1820      8.035     0.9867   480.8842 1.0727e-01     0.1802    95.5953     6.4365     6.5225    34.0238    34.0222    27.2286    27.2277    7.79232 0.0000e+00
       9852    263.576     1.4725     1.4662   2.966721   2.966056     1.8536     2.1820      8.037     0.9969   481.2000 1.0740e-01     0.1806    95.5866     6.4402     6.5229    34.0235    34.0218    27.2283    27.2274    7.79222 0.0000e+00
       9855    263.656     1.4723     1.4661   2.966729   2.966057     1.8523     2.1829      8.037     1.0071   481.2395 1.0727e-01     0.1802    95.5953     6.4398     6.5266    34.0238    34.0220    27.2286    27.2276    7.79225 0.0000e+00
       9858    263.738     1.4724     1.4665   2.966763   2.966113     1.8544     2.1824      8.038     1.0071   481.2395 1.0752e-01     0.1806    95.5866     6.4511     6.5243    34.0240    34.0221    27.2287    27.2277    7.79220 0.0000e+00
       9861    263.819     1.4727     1.4670   2.966771   2.966168     1.8536     2.1820      8.038     0.9867   481.2395 1.0727e-01     0.1802    95.5953     6.4504     6.5284    34.0238    34.0223    27.2286    27.2278    7.79217 0.0000e+00
       9864    263.895     1.4726     1.4678   2.966741   2.966239     1.8540     2.1824      8.038     0.9867   481.2790 1.0740e-01     0.1802    95.5953     6.4596     6.5346    34.0234    34.0223    27.2283    27.2277    7.79219 0.0000e+00
       9867    263.972     1.4721     1.4678   2.966734   2.966249     1.8536     2.1824      8.038     1.0071   481.2790 1.0727e-01     0.1802    95.5953     6.4608     6.5382    34.0238    34.0224    27.2286    27.2278    7.79227 0.0000e+00
       9870    264.044     1.4727     1.4682   2.966778   2.966278     1.8536     2.1824      8.038     0.9765   200.3461 1.0727e-01     0.1802    95.5953     6.4629     6.5421    34.0238    34.0223    27.2285    27.2277    7.79217 0.0000e+00
       9873    264.113     1.4727     1.4684   2.966742   2.966295     1.8536     2.1820      8.037     0.9867    -1.1944 1.0727e-01     0.1802    95.5953     6.4668     6.5429    34.0232    34.0223    27.2281    27.2276    7.79219 0.0000e+00
       9876    264.182     1.4722     1.4681   2.966716   2.966261     1.8540     2.1824      8.038     0.9867     4.3327 1.0727e-01     0.1806    95.5866     6.4740     6.5495    34.0234    34.0221    27.2283    27.2275    7.79228 0.0000e+00
       9879    264.248     1.4725     1.4681   2.966796   2.966281     1.8544     2.1829      8.038     0.9969     4.0564 1.0740e-01     0.1839    95.5084     6.4763     6.5563    34.0240    34.0223    27.2288    27.2277    7.79219 0.0000e+00
       9882    264.319     1.4724     1.4687   2.966746   2.966363     1.8540     2.1816      8.038     0.9867     4.0564 1.0715e-01     0.1839    95.5084     6.4737     6.5578    34.0234    34.0227    27.2283    27.2279    7.79223 0.0000e+00
       9885    264.393     1.4717     1.4683   2.966705   2.966307     1.8540     2.1841      8.038     0.9867     4.0564 1.0740e-01     0.1839    95.5084     6.4780     6.5707    34.0237    34.0223    27.2286    27.2277    7.79237 0.0000e+00
