Datasets/AZMP/HUD120/hud120_2020_018.cnv
* Sea-Bird SBE 9 Data File:
* FileName = C:\CTDDATA\hud120_2020_018.hex
* Software Version Seasave V 7.26.7.110
* Temperature SN = 1697
* Conductivity SN = 4216
* Number of Bytes Per Scan = 30
* Number of Voltage Words = 4
* Number of Scans Averaged by the Deck Unit = 1
* NMEA baud rate = 4800
** VESSEL/TRIP/SEQ STN:  hud120_2020_018
** LATITUDE XX XX.XX: 46 12.50 N
** LONGITUDE XX XX.XX: 052 36.50 W
** SOUNDING DEPTH (M): 0131
** PROBE TYPE: S1146
** CTD NUMBER: 008
** FORMAT: V
** COMMENTS (14 CHAR): SEGB-04
** BOTTLES:  0
** LEVELS:
** STICKERS:
** VNET: Y
** DO2: N
# nquan = 22
# nvalues = 2118                        
# units = specified
# name 0 = scan: Scan Count
# name 1 = prDM: Pressure, Digiquartz [db]
# name 2 = t090C: Temperature [ITS-90, deg C]
# name 3 = t190C: Temperature, 2 [ITS-90, deg C]
# name 4 = c0S/m: Conductivity [S/m]
# name 5 = c1S/m: Conductivity, 2 [S/m]
# name 6 = sbeox0V: Oxygen raw, SBE 43 [V]
# name 7 = sbeox1V: Oxygen raw, SBE 43, 2 [V]
# name 8 = ph: pH
# name 9 = flECO-AFL: Fluorescence, WET Labs ECO-AFL/FL [mg/m^3]
# name 10 = wetCDOM: Fluorescence, WET Labs CDOM [mg/m^3]
# name 11 = par/sat/log: PAR/Logarithmic, Satlantic [umol photons/m^2/sec]
# name 12 = CStarAt0: Beam Attenuation, WET Labs C-Star [1/m]
# name 13 = CStarTr0: Beam Transmission, WET Labs C-Star [%]
# name 14 = sbeox0ML/L: Oxygen, SBE 43 [ml/l], WS = 2
# name 15 = sbeox1ML/L: Oxygen, SBE 43, 2 [ml/l], WS = 2
# name 16 = sal00: Salinity, Practical [PSU]
# name 17 = sal11: Salinity, Practical, 2 [PSU]
# name 18 = sigma-t00: Density [sigma-t, kg/m^3 ]
# name 19 = sigma-t11: Density, 2 [sigma-t, kg/m^3 ]
# name 20 = oxsatML/L: Oxygen Saturation, Weiss [ml/l]
# name 21 = flag: flag
# span 0 =          2,       8497       
# span 1 =      1.193,    123.656       
# span 2 =    -0.7193,     8.7296       
# span 3 =    -0.7279,     8.7257       
# span 4 =   2.693867,   3.405193       
# span 5 =   2.693345,   3.404804       
# span 6 =     1.7956,     2.2035       
# span 7 =     2.0906,     2.6318       
# span 8 =      7.788,      8.075       
# span 9 =     0.9765,     6.7458       
# span 10 =    -2.8130,   482.1870      
# span 11 = 1.0715e-01, 9.0397e+01      
# span 12 =     0.0640,     0.2399      
# span 13 =    94.1785,    98.4116      
# span 14 =     5.8462,     8.2488      
# span 15 =     5.8377,     8.3605      
# span 16 =    31.9278,    33.2851      
# span 17 =    31.9404,    33.2858      
# span 18 =    24.7890,    26.7368      
# span 19 =    24.7902,    26.7376      
# span 20 =    6.62493,    8.31725      
# span 21 = 0.0000e+00, 0.0000e+00      
# interval = scans: 3                   
# start_time = Nov 17 2020 19:26:10 [System UTC, header]
# bad_flag = -9.990e-29
*END*
[from data line 1712]
       6966     44.985     2.0517     1.9698   2.898174   2.892950     1.9353     2.3078      7.873     2.2383     8.7938 1.0715e-01     0.0810    97.9944     6.9454     7.1374    32.6726    32.6921    26.1035    26.1252    7.74719 0.0000e+00
       6969     44.960     2.0538     1.9721   2.898126   2.893118     1.9378     2.3102      7.874     2.2281   392.6880 1.0715e-01     0.0810    97.9944     6.9418     7.1280    32.6699    32.6919    26.1012    26.1248    7.74693 0.0000e+00
       7000     44.876     2.0119     1.9870   2.895833   2.894281     1.9626     2.3395      7.899     2.0856     6.1487 1.0715e-01     0.0810    97.9944     7.0691     7.2452    32.6847    32.6910    26.1161    26.1230    7.75448 0.0000e+00
       7003     44.849     1.9763     1.9890   2.894044   2.894171     1.9663     2.3428      7.899     2.0856     5.9513 1.0727e-01     0.0810    97.9944     7.1158     7.2778    32.6992    32.6876    26.1303    26.1201    7.76081 0.0000e+00
       7006     44.809     1.9713     1.9754   2.893570   2.892968     1.9687     2.3452      7.902     2.0856     5.9513 1.0715e-01     0.0810    97.9944     7.1582     7.3187    32.6985    32.6867    26.1301    26.1203    7.76185 0.0000e+00
       7009     44.761     1.9769     1.9609   2.894161   2.892331     1.9712     2.3481      7.905     2.1365     5.9513 1.0715e-01     0.0810    97.9944     7.2061     7.3681    32.7000    32.6937    26.1309    26.1271    7.76064 0.0000e+00
       7012     44.700     1.9983     1.9430   2.895173   2.891267     1.9740     2.3526      7.908     2.2077     5.9513 1.0715e-01     0.0810    97.9944     7.2621     7.4367    32.6906    32.6990    26.1218    26.1326    7.75688 0.0000e+00
       7015     44.624     2.0084     1.9397   2.895109   2.890928     1.9777     2.3558      7.913     2.2179     5.9513 1.0715e-01     0.0810    97.9944     7.3341     7.5038    32.6794    32.6982    26.1121    26.1322    7.75546 0.0000e+00
       7018     44.538     2.0145     1.9446   2.894759   2.891097     1.9809     2.3595      7.915     2.1975     5.9513 1.0727e-01     0.0799    98.0205     7.4094     7.5716    32.6687    32.6953    26.1031    26.1295    7.75479 0.0000e+00
       7021     44.437     2.0114     1.9463   2.892151   2.891508     1.9838     2.3644      7.918     2.2077   332.2851 1.0715e-01     0.0761    98.1161     7.4950     7.6479    32.6395    32.6987    26.0800    26.1321    7.75693 0.0000e+00
       7024     44.323     1.9989     1.9595   2.890063   2.892170     1.9887     2.3709      7.921     2.2077   481.9896 1.0715e-01     0.0761    98.1161     7.5937     7.7342    32.6265    32.6934    26.0704    26.1269    7.76011 0.0000e+00
       7027     44.195     2.0013     1.9890   2.890499   2.892818     1.9952     2.3770      7.923     2.1975   481.0026 1.0715e-01     0.0757    98.1248     7.6946     7.8215    32.6295    32.6711    26.0727    26.1069    7.75946 0.0000e+00
       7030     44.057     2.0144     2.0147   2.891323   2.893212     2.0013     2.3859      7.927     2.2179   481.3579 1.0715e-01     0.0761    98.1161     7.7946     7.9274    32.6263    32.6496    26.0692    26.0878    7.75703 0.0000e+00
       7033     43.904     2.0299     2.0269   2.892459   2.892280     2.0090     2.3945      7.929     2.2077   481.3184 1.0715e-01     0.0761    98.1161     7.8947     8.0322    32.6246    32.6255    26.0667    26.0675    7.75404 0.0000e+00
       7036     43.737     2.0411     2.0260   2.893023   2.892192     2.0184     2.4051      7.932     2.1772   481.3579 1.0715e-01     0.0761    98.1161     7.9985     8.1439    32.6202    32.6253    26.0623    26.0675    7.75204 0.0000e+00
       7039     43.561     2.0556     2.0114   2.893484   2.892653     2.0286     2.4144      7.932     2.1568   481.3579 1.0715e-01     0.0771    98.0900     8.0978     8.2433    32.6111    32.6463    26.0540    26.0854    7.74964 0.0000e+00
       7042     43.380     2.0494     2.0031   2.893844   2.893057     2.0371     2.4242      7.932     2.1365   481.3579 1.0715e-01     0.0778    98.0726     8.1826     8.3222    32.6220    32.6600    26.0632    26.0970    7.75029 0.0000e+00
       7045     43.188     2.0710     2.0496   2.898269   2.896241     2.0473     2.4348      7.932     2.1670   460.0787 1.0715e-01     0.0778    98.0726     8.2487     8.3605    32.6550    32.6518    26.0879    26.0870    7.74430 0.0000e+00
       7048     42.984     2.2423     2.1961   2.912054   2.908146     2.0562     2.4462      7.935     2.1568    37.0214 1.0715e-01     0.0778    98.0726     8.2488     8.3396    32.6499    32.6489    26.0709    26.0737    7.71071 0.0000e+00
       7051     42.774     2.3959     2.3662   2.920590   2.918593     2.0648     2.4592      7.934     2.1670    -2.1813 1.0715e-01     0.0778    98.0726     8.2313     8.2930    32.5980    32.6038    26.0175    26.0245    7.68325 0.0000e+00
       7054     42.562     2.4651     2.4472   2.923749   2.922635     2.0750     2.4735      7.933     2.1467    -0.2469 1.0715e-01     0.0778    98.0726     8.2190     8.2526    32.5662    32.5708    25.9867    25.9918    7.67136 0.0000e+00
       7057     42.350     2.5057     2.4970   2.925735   2.925175     2.0835     2.4853      7.932     2.1568    -0.3258 1.0715e-01     0.0778    98.0726     8.1777     8.1907    32.5493    32.5514    25.9700    25.9723    7.66432 0.0000e+00
       7060     42.136     2.5276     2.5224   2.926515   2.926139     2.0941     2.4979      7.932     2.1568    -0.3258 1.0715e-01     0.0778    98.0726     8.1315     8.1260    32.5367    32.5375    25.9582    25.9592    7.66070 0.0000e+00
       7063     41.915     2.5334     2.5294   2.926396   2.926380     2.1018     2.5060      7.933     2.0856    -0.3258 1.0715e-01     0.0778    98.0726     8.0686     8.0445    32.5295    32.5334    25.9520    25.9553    7.65996 0.0000e+00
       7066     41.690     2.5270     2.5318   2.926397   2.926544     2.1108     2.5117      7.932     2.0856    -0.3258 1.0715e-01     0.0778    98.0726     8.0091     7.9538    32.5362    32.5331    25.9578    25.9550    7.66086 0.0000e+00
       7069     41.463     2.5616     2.5441   2.929693   2.928135     2.1173     2.5130      7.932     2.0856    -0.3258 1.0715e-01     0.0778    98.0726     7.9262     7.8438    32.5415    32.5402    25.9593    25.9597    7.65386 0.0000e+00
       7072     41.239     2.6229     2.6264   2.936200   2.938990     2.1234     2.5113      7.930     2.0754     0.5427 1.0715e-01     0.0782    98.0639     7.8372     7.7138    32.5590    32.5895    25.9683    25.9924    7.64108 0.0000e+00
       7075     41.016     2.8330     2.9921   2.961510   2.977453     2.1250     2.5117      7.933     2.0856     3.5037 1.0727e-01     0.0778    98.0726     7.6986     7.5420    32.6544    32.6865    26.0272    26.0390    7.59575 0.0000e+00
       7078     40.796     3.1819     3.3756   2.991419   2.995625     2.1255     2.5097      7.932     2.0958     3.4642 1.0715e-01     0.0778    98.0726     7.5430     7.3978    32.6633    32.5188    26.0041    25.8717    7.52892 0.0000e+00
       7081     40.576     3.6840     3.6758   3.036045   3.032356     2.1230     2.5081      7.931     2.0754     3.4642 1.0740e-01     0.0764    98.1074     7.3611     7.2849    32.6923    32.6565    25.9811    25.9533    7.43385 0.0000e+00
       7084     40.362     4.2887     4.2043   3.073061   3.061921     2.1230     2.5072      7.929     2.0754     3.4642 1.0740e-01     0.0768    98.0987     7.1940     7.1659    32.5275    32.4803    25.7908    25.7619    7.33154 0.0000e+00
       7087     40.152     4.5223     4.3944   3.086994   3.078850     2.1234     2.5093      7.929     2.1059     3.4642 1.0740e-01     0.0761    98.1161     7.1123     7.1292    32.4598    32.4908    25.7130    25.7508    7.29295 0.0000e+00
       7090     39.951     4.9284     4.7171   3.128906   3.108156     2.1246     2.5097      7.930     2.1772     3.4642 1.0827e-01     0.0764    98.1074     6.9937     7.0682    32.5468    32.5140    25.7384    25.7353    7.21713 0.0000e+00
       7093     39.758     5.3583     5.2904   3.147271   3.143600     2.1246     2.5117      7.930     2.1873     3.4642 1.0740e-01     0.0768    98.0987     6.8867     6.9784    32.3394    32.3633    25.5263    25.5529    7.15215 0.0000e+00
       7096     39.570     5.3807     5.1936   3.148910   3.132898     2.1271     2.5138      7.930     2.1670     3.4642 1.1069e-01     0.0761    98.1161     6.8584     7.0067    32.3364    32.3347    25.5213    25.5412    7.14844 0.0000e+00
       7099     39.391     5.5932     5.5150   3.165561   3.173180     2.1299     2.5170      7.930     2.1772     3.8984 1.0740e-01     0.0775    98.0813     6.7992     6.9526    32.3207    32.4822    25.4844    25.6209    7.11277 0.0000e+00
       7102     39.222     5.8120     6.1384   3.192670   3.214938     2.1340     2.5203      7.932     2.1670     4.2932 1.1158e-01     0.0803    98.0118     6.7398     6.8602    32.4162    32.3532    25.5340    25.4446    7.07126 0.0000e+00
       7105     39.065     6.3183     6.5308   3.231652   3.235566     2.1369     2.5231      7.932     2.1772     4.2932 1.0942e-01     0.0807    98.0031     6.6330     6.8102    32.3681    32.2102    25.4340    25.2827    6.98892 0.0000e+00
       7108     38.915     6.5953     6.4828   3.239650   3.227847     2.1369     2.5235      7.931     2.1873     4.2932 1.2064e-01     0.0803    98.0118     6.5562     6.8265    32.1944    32.1702    25.2620    25.2573    6.95120 0.0000e+00
       7111     38.771     6.5529     6.5057   3.240545   3.232489     2.1336     2.5211      7.931     2.1873     4.2932 1.1805e-01     0.0807    98.0031     6.5121     6.8153    32.2443    32.1999    25.3068    25.2778    6.95589 0.0000e+00
       7114     38.634     6.9988     6.4101   3.282157   3.218156     2.1295     2.5191      7.934     2.4926     4.2932 1.3852e-01     0.0803    98.0118     6.3942     6.8265    32.2813    32.1317    25.2778    25.2360    6.88191 0.0000e+00
       7117     38.509     7.2748     5.8052   3.293050   3.161916     2.1242     2.5178      7.933     2.8691     4.2932 1.3456e-01     0.0803    98.0118     6.3116     6.9206    32.1419    32.0769    25.1311    25.2664    6.84394 0.0000e+00
       7120     38.395     7.1789     4.2277   3.276312   3.046058     2.1189     2.5182      7.934     2.8691     4.2932 1.3364e-01     0.0881    97.8206     6.2894     7.1870    32.0497    32.2733    25.0715    25.5938    6.86335 0.0000e+00
       7123     38.288     6.7523     3.9986   3.239611   3.053779     2.1149     2.5199      7.939     2.8386     4.2932 1.3867e-01     0.0945    97.6641     6.3302     7.1943    32.0471    32.5895    25.1256    25.8688    6.93231 0.0000e+00
       7126     38.192     6.4503     4.5890   3.220479   3.090050     2.1128     2.5227      7.941     2.8691    -0.7206 1.4224e-01     0.0945    97.6641     6.3680     7.0755    32.1197    32.4310    25.2216    25.6831    6.97839 0.0000e+00
       7129     38.106     6.2551     4.4364   3.186570   3.063817     2.1108     2.5272      7.942     2.8589    -1.8655 1.5039e-01     0.0938    97.6815     6.4171     7.1106    31.9278    32.2751    25.0945    25.5751    7.01948 0.0000e+00
       7132     38.031     5.4282     3.7885   3.118910   3.023168     2.1088     2.5317      7.949     2.8488    -1.8260 1.5303e-01     0.0938    97.6815     6.5743     7.2295    31.9521    32.4365    25.2115    25.7677    7.15859 0.0000e+00
       7135     37.967     5.1343     3.9324   3.134286   3.046484     2.1088     2.5317      7.950     2.8488    -1.8260 1.4971e-01     0.0942    97.6728     6.6426     7.1802    32.4087    32.5692    25.6062    25.8594    7.18776 0.0000e+00
       7138     37.919     5.6566     4.7367   3.178692   3.109182     2.1079     2.5292      7.952     2.8691    -1.8260 1.4899e-01     0.0945    97.6641     6.5866     7.0037    32.4086    32.5083    25.5464    25.7285    7.09796 0.0000e+00
       7141     37.883     6.2370     4.9523   3.216734   3.109136     2.1075     2.5252      7.950     3.1438    -1.8260 1.6009e-01     0.1135    97.2034     6.5235     6.9336    32.2802    32.2972    25.3748    25.5381    7.00638 0.0000e+00
       7144     37.854     5.9081     4.7168   3.174931   3.095812     2.1084     2.5195      7.952     3.2456    -1.8260 1.5497e-01     0.1178    97.0991     6.6112     6.9274    32.1260    32.3728    25.2929    25.6235    7.06867 0.0000e+00
       7220     37.786     4.3415     4.4458   3.071266   3.080135     2.1845     2.6127      7.983     2.6452     1.3323 1.2370e-01     0.1213    97.0122     7.6169     7.8748    32.4556    32.4564    25.7283    25.7182    7.32553 0.0000e+00
       7223     37.638     4.5073     4.7011   3.080621   3.096671     2.1877     2.6180      7.986     2.6351     1.3323 1.2199e-01     0.1195    97.0556     7.5437     7.7841    32.4018    32.3982    25.6685    25.6453    7.29842 0.0000e+00
       7226     37.472     4.6684     4.7497   3.096416   3.097200     2.1902     2.6225      7.985     2.6554     1.3323 1.2886e-01     0.1195    97.0556     7.4673     7.7321    32.4274    32.3570    25.6719    25.6074    7.26853 0.0000e+00
       7229     37.279     4.8857     4.7324   3.119612   3.095653     2.1918     2.6253      7.984     2.6452     1.6087 1.3135e-01     0.1195    97.0556     7.3776     7.6844    32.4829    32.3560    25.6925    25.6085    7.22756 0.0000e+00
       7232     37.071     5.5266     4.8781   3.181808   3.115495     2.1943     2.6278      7.982     2.6351     2.6351 1.4146e-01     0.1195    97.0556     7.2120     7.5956    32.5702    32.4430    25.6890    25.6617    7.11277 0.0000e+00
       7235     36.852     5.9059     5.2334   3.175248   3.148430     2.1947     2.6318      7.981     2.6452     2.6351 1.4244e-01     0.1195    97.0556     7.1207     7.4795    32.1319    32.4748    25.2981    25.6475    7.06858 0.0000e+00
       7238     36.621     5.5152     5.6854   3.148324   3.178040     2.1963     2.6314      7.982     2.6351     2.6351 1.5478e-01     0.1195    97.0556     7.1598     7.3422    32.2021    32.3742    25.3996    25.5159    7.13166 0.0000e+00
       7241     36.375     5.8814     6.2065   3.221124   3.237284     2.1955     2.6314      7.978     2.6452     2.6351 1.6121e-01     0.1267    96.8818     7.0316     7.1892    32.6694    32.5381    25.7250    25.5818    7.04829 0.0000e+00
       7244     36.119     7.2089     7.1291   3.308800   3.298048     2.1959     2.6318      7.975     2.6554     2.6351 1.6763e-01     0.1350    96.6818     6.7832     6.9949    32.3759    32.3335    25.3239    25.3014    6.84420 0.0000e+00
       7247     35.860     7.5568     7.4158   3.310565   3.294469     2.1955     2.6310      7.975     2.8284     2.6351 1.7263e-01     0.1346    96.6905     6.7123     6.9226    32.0707    32.0277    25.0365    25.0221    6.80246 0.0000e+00
       7250     35.596     7.3483     6.9893   3.292851   3.259269     2.1955     2.6302      7.976     2.8284     2.6351 1.8545e-01     0.1350    96.6818     6.7266     6.9614    32.0730    32.0421    25.0670    25.0908    6.83533 0.0000e+00
       7253     35.325     7.5483     6.9653   3.325167   3.274481     2.1955     2.6290      7.975     2.8080     2.6351 1.9503e-01     0.1346    96.6905     6.6691     6.9275    32.2357    32.2303    25.1672    25.2421    6.79661 0.0000e+00
       7256     35.052     8.0594     7.5118   3.362419   3.320443     2.1951     2.6278      7.973     2.8284     2.6746 1.9667e-01     0.1346    96.6905     6.5749     6.8111    32.1619    32.2189    25.0370    25.1591    6.72032 0.0000e+00
       7259     34.778     8.3365     8.0288   3.376195   3.360196     2.1934     2.6269      7.974     2.8386     2.7535 2.1522e-01     0.1346    96.6905     6.5198     6.7129    32.0543    32.1667    24.9123    25.0451    6.68249 0.0000e+00
