Datasets/AZMP/HUD120/hud120_2020_060.cnv
* Sea-Bird SBE 9 Data File:
* FileName = C:\CTDDATA\hud120_2020_060.hex
* Software Version Seasave V 7.26.7.110
* Temperature SN = 1697
* Conductivity SN = 4216
* Number of Bytes Per Scan = 30
* Number of Voltage Words = 4
* Number of Scans Averaged by the Deck Unit = 1
* NMEA baud rate = 4800
** VESSEL/TRIP/SEQ STN:  hud120_2020_060
** LATITUDE XX XX.XX: 47 00.00 N
** LONGITUDE XX XX.XX: 045 43.80 W
** SOUNDING DEPTH (M): 0281
** PROBE TYPE: S1146
** CTD NUMBER: 039
** FORMAT: V
** COMMENTS (14 CHAR): FC-22
** BOTTLES:  0
** LEVELS:
** STICKERS:
** VNET: N
** DO2: N
# nquan = 22
# nvalues = 4719                        
# units = specified
# name 0 = scan: Scan Count
# name 1 = prDM: Pressure, Digiquartz [db]
# name 2 = t090C: Temperature [ITS-90, deg C]
# name 3 = t190C: Temperature, 2 [ITS-90, deg C]
# name 4 = c0S/m: Conductivity [S/m]
# name 5 = c1S/m: Conductivity, 2 [S/m]
# name 6 = sbeox0V: Oxygen raw, SBE 43 [V]
# name 7 = sbeox1V: Oxygen raw, SBE 43, 2 [V]
# name 8 = ph: pH
# name 9 = flECO-AFL: Fluorescence, WET Labs ECO-AFL/FL [mg/m^3]
# name 10 = wetCDOM: Fluorescence, WET Labs CDOM [mg/m^3]
# name 11 = par/sat/log: PAR/Logarithmic, Satlantic [umol photons/m^2/sec]
# name 12 = CStarAt0: Beam Attenuation, WET Labs C-Star [1/m]
# name 13 = CStarTr0: Beam Transmission, WET Labs C-Star [%]
# name 14 = sbeox0ML/L: Oxygen, SBE 43 [ml/l], WS = 2
# name 15 = sbeox1ML/L: Oxygen, SBE 43, 2 [ml/l], WS = 2
# name 16 = sal00: Salinity, Practical [PSU]
# name 17 = sal11: Salinity, Practical, 2 [PSU]
# name 18 = sigma-t00: Density [sigma-t, kg/m^3 ]
# name 19 = sigma-t11: Density, 2 [sigma-t, kg/m^3 ]
# name 20 = oxsatML/L: Oxygen Saturation, Weiss [ml/l]
# name 21 = flag: flag
# span 0 =        145,      16725       
# span 1 =      4.180,    275.362       
# span 2 =     3.6723,     7.8993       
# span 3 =     3.6687,     7.8915       
# span 4 =   3.162920,   3.429145       
# span 5 =   3.162218,   3.428325       
# span 6 =     1.7994,     2.2121       
# span 7 =     2.1331,     2.6490       
# span 8 =      7.944,      8.153       
# span 9 =     0.8850,     6.5626       
# span 10 =    -2.8130,   482.1870      
# span 11 = 1.0715e-01, 9.3511e+01      
# span 12 =     0.0821,     0.2785      
# span 13 =    93.2745,    97.9683      
# span 14 =     5.6019,     7.1268      
# span 15 =     5.7291,     7.4303      
# span 16 =    33.0295,    34.8373      
# span 17 =    33.0325,    34.8366      
# span 18 =    25.7453,    27.6402      
# span 19 =    25.7458,    27.6401      
# span 20 =    6.70711,    7.35826      
# span 21 = 0.0000e+00, 0.0000e+00      
# interval = scans: 3                   
# start_time = Nov 23 2020 17:06:21 [System UTC, header]
# bad_flag = -9.990e-29
*END*
[from data line 4412]
      15662     35.423     7.8257     7.8096   3.424487   3.423008     2.1849     2.6218      8.120     5.2195     2.6351 1.7523e+00     0.2458    94.0394     6.5956     6.8091    33.0415    33.0408    25.7611    25.7630    6.71819 0.0000e+00
      15665     35.356     7.8260     7.8131   3.424525   3.423336     2.1861     2.6218      8.120     4.9855     2.6351 1.7624e+00     0.2455    94.0481     6.6009     6.8080    33.0415    33.0411    25.7612    25.7626    6.71814 0.0000e+00
      15668     35.298     7.8265     7.8181   3.424543   3.423781     2.1841     2.6222      8.120     4.8735     2.6351 1.7767e+00     0.2462    94.0307     6.5922     6.8088    33.0414    33.0411    25.7609    25.7620    6.71808 0.0000e+00
      15671     35.248     7.8252     7.8190   3.424424   3.423839     2.1849     2.6209      8.120     4.8634     2.6351 1.7933e+00     0.2455    94.0481     6.5964     6.8046    33.0414    33.0409    25.7611    25.7616    6.71828 0.0000e+00
      15674     35.206     7.8273     7.8201   3.424666   3.423915     2.1857     2.6218      8.120     4.8735     2.6351 1.8016e+00     0.2462    94.0307     6.5999     6.8080    33.0420    33.0407    25.7613    25.7613    6.71793 0.0000e+00
      15677     35.168     7.8279     7.8207   3.424594   3.423974     2.1853     2.6222      8.120     4.8634     2.6351 1.8078e+00     0.2462    94.0307     6.5977     6.8098    33.0406    33.0408    25.7602    25.7613    6.71789 0.0000e+00
      15680     35.135     7.8270     7.8205   3.424543   3.423978     2.1853     2.6222      8.120     4.8532     2.0034 1.8268e+00     0.2462    94.0307     6.5972     6.8115    33.0410    33.0411    25.7606    25.7615    6.71802 0.0000e+00
      15683     35.107     7.8269     7.8223   3.424527   3.424110     2.1857     2.6222      8.122     4.8837     1.6876 1.8437e+00     0.2458    94.0394     6.5980     6.8124    33.0409    33.0408    25.7605    25.7611    6.71803 0.0000e+00
      15686     35.081     7.8262     7.8228   3.424525   3.424101     2.1853     2.6230      8.120     4.8634     1.6876 1.8480e+00     0.2462    94.0307     6.5953     6.8155    33.0415    33.0403    25.7611    25.7606    6.71811 0.0000e+00
      15689     35.058     7.8262     7.8221   3.424492   3.424036     2.1857     2.6222      8.120     4.8735     1.6876 1.8695e+00     0.2455    94.0481     6.5980     6.8141    33.0412    33.0402    25.7608    25.7606    6.71812 0.0000e+00
      15692     35.035     7.8261     7.8210   3.424439   3.423950     2.1853     2.6226      8.122     5.1178     1.6876 1.8847e+00     0.2458    94.0394     6.5979     6.8170    33.0408    33.0404    25.7605    25.7610    6.71817 0.0000e+00
      15695     35.010     7.8259     7.8201   3.424444   3.423896     2.1853     2.6230      8.120     5.1381     1.6876 1.8956e+00     0.2455    94.0481     6.5970     6.8203    33.0410    33.0406    25.7607    25.7613    6.71818 0.0000e+00
      15698     34.983     7.8262     7.8200   3.424455   3.423877     2.1857     2.6234      8.120     5.1483     1.6876 1.9088e+00     0.2462    94.0307     6.5995     6.8208    33.0408    33.0405    25.7606    25.7612    6.71814 0.0000e+00
      15701     34.952     7.8248     7.8194   3.424327   3.423835     2.1857     2.6238      8.122     5.1483     1.6876 1.9199e+00     0.2462    94.0307     6.6004     6.8213    33.0408    33.0406    25.7608    25.7614    6.71836 0.0000e+00
      15704     34.919     7.8241     7.8188   3.424326   3.423784     2.1853     2.6250      8.122     5.1585     1.7666 1.9265e+00     0.2462    94.0307     6.6006     6.8244    33.0414    33.0407    25.7613    25.7615    6.71843 0.0000e+00
      15707     34.881     7.8250     7.8193   3.424368   3.423801     2.1853     2.6242      8.122     5.1585     4.3327 1.9512e+00     0.2462    94.0307     6.6015     6.8215    33.0410    33.0405    25.7609    25.7613    6.71831 0.0000e+00
      15710     34.835     7.8258     7.8198   3.424399   3.423839     2.1861     2.6242      8.120     5.1483     4.5301 1.9557e+00     0.2462    94.0307     6.6052     6.8212    33.0407    33.0404    25.7605    25.7612    6.71822 0.0000e+00
      15713     34.781     7.8260     7.8199   3.424394   3.423836     2.1861     2.6246      8.120     5.1483     4.5301 1.9716e+00     0.2462    94.0307     6.6065     6.8222    33.0405    33.0403    25.7603    25.7610    6.71819 0.0000e+00
      15716     34.721     7.8253     7.8192   3.424283   3.423742     2.1861     2.6254      8.120     5.2704     4.5301 1.9807e+00     0.2466    94.0220     6.6064     6.8232    33.0399    33.0400    25.7600    25.7609    6.71832 0.0000e+00
      15719     34.654     7.8237     7.8166   3.424209   3.423537     2.1865     2.6258      8.120     5.6469     4.5301 1.9991e+00     0.2469    94.0133     6.6077     6.8231    33.0407    33.0403    25.7608    25.7615    6.71853 0.0000e+00
      15722     34.573     7.8237     7.8151   3.424150   3.423424     2.1865     2.6250      8.123     5.6571     4.5301 2.0154e+00     0.2469    94.0133     6.6093     6.8197    33.0402    33.0405    25.7604    25.7619    6.71856 0.0000e+00
      15725     34.485     7.8212     7.8139   3.423971   3.423290     2.1865     2.6250      8.122     5.6571     4.5301 2.0435e+00     0.2473    94.0046     6.6106     6.8179    33.0406    33.0402    25.7611    25.7619    6.71892 0.0000e+00
      15728     34.392     7.8215     7.8142   3.424046   3.423384     2.1869     2.6250      8.123     5.6571     4.5301 2.0649e+00     0.2466    94.0220     6.6115     6.8180    33.0412    33.0410    25.7615    25.7624    6.71885 0.0000e+00
      15731     34.290     7.8236     7.8203   3.424268   3.423896     2.1869     2.6258      8.122     5.6672     4.8459 2.0962e+00     0.2473    94.0046     6.6108     6.8193    33.0416    33.0408    25.7616    25.7613    6.71851 0.0000e+00
      15734     34.178     7.8262     7.8244   3.424297   3.424211     2.1873     2.6262      8.123     5.6571     6.0698 2.1304e+00     0.2473    94.0046     6.6115     6.8174    33.0395    33.0403    25.7595    25.7604    6.71820 0.0000e+00
      15737     34.064     7.8257     7.8259   3.424377   3.424278     2.1869     2.6258      8.120     5.6469     6.0698 2.1577e+00     0.2466    94.0220     6.6108     6.8131    33.0409    33.0396    25.7607    25.7597    6.71822 0.0000e+00
      15740     33.944     7.8272     7.8252   3.424431   3.424108     2.1869     2.6258      8.122     5.6469     6.0698 2.1878e+00     0.2451    94.0568     6.6107     6.8115    33.0401    33.0386    25.7599    25.7589    6.71802 0.0000e+00
      15743     33.815     7.8271     7.8202   3.424460   3.423706     2.1873     2.6266      8.123     5.5044     6.0698 2.2287e+00     0.2455    94.0481     6.6123     6.8143    33.0406    33.0390    25.7602    25.7600    6.71802 0.0000e+00
      15746     33.680     7.8290     7.8179   3.424621   3.423581     2.1882     2.6258      8.123     5.3518     6.0698 2.2520e+00     0.2458    94.0394     6.6153     6.8126    33.0406    33.0400    25.7600    25.7611    6.71772 0.0000e+00
      15749     33.534     7.8302     7.8178   3.424678   3.423710     2.1877     2.6262      8.123     5.3518     6.0303 2.2967e+00     0.2458    94.0394     6.6120     6.8120    33.0401    33.0414    25.7594    25.7623    6.71755 0.0000e+00
      15752     33.383     7.8310     7.8238   3.424742   3.424169     2.1873     2.6266      8.120     5.3518     6.0698 2.3287e+00     0.2455    94.0481     6.6096     6.8102    33.0401    33.0408    25.7593    25.7609    6.71743 0.0000e+00
      15755     33.227     7.8314     7.8273   3.424757   3.424361     2.1886     2.6258      8.123     5.3619     6.0698 2.3613e+00     0.2462    94.0307     6.6143     6.8062    33.0400    33.0397    25.7591    25.7595    6.71738 0.0000e+00
      15758     33.069     7.8318     7.8287   3.424794   3.424465     2.1882     2.6254      8.123     5.3518   236.9432 2.3943e+00     0.2458    94.0394     6.6114     6.8045    33.0400    33.0395    25.7591    25.7592    6.71731 0.0000e+00
      15761     32.908     7.8329     7.8290   3.424862   3.424460     2.1886     2.6254      8.125     5.3721   482.1870 2.4531e+00     0.2458    94.0394     6.6122     6.8046    33.0398    33.0392    25.7588    25.7589    6.71715 0.0000e+00
      15764     32.749     7.8333     7.8293   3.424916   3.424498     2.1886     2.6254      8.123     5.3619   480.8447 2.4932e+00     0.2451    94.0568     6.6097     6.8049    33.0401    33.0394    25.7590    25.7590    6.71708 0.0000e+00
      15767     32.588     7.8341     7.8298   3.424934   3.424496     2.1886     2.6258      8.125     5.3416   481.0816 2.5397e+00     0.2451    94.0568     6.6064     6.8059    33.0396    33.0390    25.7585    25.7586    6.71698 0.0000e+00
      15770     32.430     7.8346     7.8301   3.424932   3.424511     2.1886     2.6262      8.120     4.7820   481.0816 2.5781e+00     0.2451    94.0568     6.6054     6.8085    33.0392    33.0389    25.7581    25.7585    6.71692 0.0000e+00
      15773     32.274     7.8355     7.8298   3.425029   3.424495     2.1882     2.6258      8.125     4.6192   481.1211 2.6112e+00     0.2455    94.0481     6.6033     6.8086    33.0395    33.0391    25.7582    25.7587    6.71677 0.0000e+00
      15776     32.117     7.8356     7.8300   3.425019   3.424490     2.1890     2.6254      8.123     4.6293   481.0421 2.6630e+00     0.2458    94.0394     6.6057     6.8091    33.0393    33.0390    25.7580    25.7585    6.71676 0.0000e+00
      15779     31.958     7.8358     7.8302   3.425036   3.424472     2.1886     2.6258      8.125     4.6090   481.1211 2.6908e+00     0.2469    94.0133     6.6032     6.8116    33.0394    33.0387    25.7580    25.7583    6.71673 0.0000e+00
      15782     31.800     7.8360     7.8300   3.424989   3.424449     2.1886     2.6258      8.125     4.6192   481.1211 2.7348e+00     0.2473    94.0046     6.6025     6.8127    33.0387    33.0387    25.7575    25.7584    6.71671 0.0000e+00
      15785     31.643     7.8338     7.8303   3.424826   3.424531     2.1886     2.6258      8.123     4.6192   114.9530 2.7794e+00     0.2473    94.0046     6.6026     6.8109    33.0391    33.0393    25.7582    25.7588    6.71704 0.0000e+00
      15788     31.495     7.8346     7.8303   3.424951   3.424485     2.1886     2.6262      8.125     4.6293     1.2533 2.8117e+00     0.2473    94.0046     6.6039     6.8113    33.0398    33.0389    25.7585    25.7585    6.71689 0.0000e+00
      15791     31.346     7.8369     7.8297   3.425137   3.424452     2.1882     2.6258      8.122     4.6090     5.5566 2.8543e+00     0.2473    94.0046     6.6024     6.8101    33.0398    33.0392    25.7582    25.7588    6.71655 0.0000e+00
      15794     31.202     7.8396     7.8312   3.425315   3.424551     2.1886     2.6266      8.123     4.6701     5.3592 2.8841e+00     0.2473    94.0046     6.6033     6.8128    33.0392    33.0389    25.7573    25.7584    6.71615 0.0000e+00
      15797     31.066     7.8389     7.8314   3.425176   3.424568     2.1890     2.6266      8.125     5.1381     5.3592 2.9075e+00     0.2466    94.0220     6.6068     6.8123    33.0384    33.0390    25.7568    25.7584    6.71629 0.0000e+00
      15800     30.935     7.8388     7.8325   3.425228   3.424629     2.1886     2.6266      8.123     5.1585     5.3592 2.9312e+00     0.2440    94.0828     6.6058     6.8119    33.0391    33.0387    25.7574    25.7580    6.71628 0.0000e+00
      15803     30.812     7.8411     7.8329   3.425400   3.424664     2.1890     2.6266      8.123     5.1381     5.3592 2.9516e+00     0.2440    94.0828     6.6094     6.8104    33.0388    33.0387    25.7568    25.7580    6.71593 0.0000e+00
      15806     30.693     7.8415     7.8327   3.425380   3.424594     2.1886     2.6266      8.125     5.1381     5.3592 2.9755e+00     0.2440    94.0828     6.6076     6.8104    33.0382    33.0382    25.7563    25.7575    6.71589 0.0000e+00
      15809     30.579     7.8421     7.8341   3.425449   3.424730     2.1890     2.6258      8.125     5.1483     5.0828 2.9963e+00     0.2444    94.0741     6.6087     6.8077    33.0384    33.0383    25.7564    25.7575    6.71579 0.0000e+00
      15812     30.473     7.8479     7.8368   3.425886   3.424906     2.1894     2.6262      8.125     5.1483     2.2798 3.0067e+00     0.2440    94.0828     6.6110     6.8089    33.0377    33.0377    25.7550    25.7566    6.71493 0.0000e+00
      15815     30.372     7.8495     7.8336   3.426041   3.424584     2.1890     2.6270      8.125     5.1483     2.1614 3.0381e+00     0.2440    94.0828     6.6105     6.8115    33.0379    33.0373    25.7549    25.7568    6.71467 0.0000e+00
      15818     30.276     7.8564     7.8317   3.426419   3.424553     2.1890     2.6262      8.125     5.1585     2.1614 3.0487e+00     0.2473    94.0046     6.6105     6.8093    33.0355    33.0389    25.7520    25.7582    6.71372 0.0000e+00
      15821     30.186     7.8527     7.8386   3.426255   3.425036     2.1902     2.6266      8.125     5.2195     2.1614 3.0593e+00     0.2488    93.9698     6.6163     6.8113    33.0373    33.0375    25.7540    25.7562    6.71422 0.0000e+00
      15824     30.102     7.8579     7.8408   3.426735   3.425161     2.1898     2.6266      8.125     5.3823     2.1614 3.0735e+00     0.2484    93.9785     6.6153     6.8127    33.0375    33.0369    25.7534    25.7553    6.71340 0.0000e+00
      15827     30.018     7.8610     7.8385   3.426900   3.424960     2.1902     2.6262      8.125     5.3823     2.1614 3.0770e+00     0.2484    93.9785     6.6175     6.8129    33.0364    33.0369    25.7520    25.7557    6.71296 0.0000e+00
      15830     29.936     7.8634     7.8348   3.427246   3.424713     2.1890     2.6270      8.125     5.3823     2.1614 3.0913e+00     0.2484    93.9785     6.6123     6.8179    33.0378    33.0378    25.7528    25.7569    6.71253 0.0000e+00
      15833     29.854     7.8661     7.8340   3.427268   3.424687     2.1898     2.6274      8.125     5.3925     2.1614 3.1020e+00     0.2484    93.9785     6.6147     6.8202    33.0356    33.0383    25.7507    25.7575    6.71222 0.0000e+00
      15836     29.772     7.8668     7.8327   3.427346   3.424523     2.1910     2.6266      8.125     5.3823     2.2798 3.1128e+00     0.2488    93.9698     6.6186     6.8187    33.0358    33.0379    25.7508    25.7573    6.71210 0.0000e+00
      15839     29.691     7.8684     7.8314   3.427436   3.424450     2.1910     2.6274      8.125     5.3823     2.5167 3.1236e+00     0.2584    93.7439     6.6181     6.8234    33.0353    33.0384    25.7501    25.7579    6.71188 0.0000e+00
      15842     29.606     7.8688     7.8343   3.427497   3.424730     2.1910     2.6274      8.125     5.3823     2.5167 3.1381e+00     0.2599    93.7091     6.6167     6.8246    33.0356    33.0386    25.7503    25.7576    6.71181 0.0000e+00
      15845     29.520     7.8724     7.8370   3.427548   3.425170     2.1910     2.6279      8.125     5.3823     2.5167 3.1563e+00     0.2595    93.7178     6.6162     6.8254    33.0328    33.0408    25.7476    25.7590    6.71137 0.0000e+00
      15848     29.434     7.8681     7.8491   3.427097   3.426011     2.1914     2.6279      8.126     5.4027     2.5167 3.1709e+00     0.2599    93.7091     6.6170     6.8246    33.0321    33.0384    25.7476    25.7554    6.71206 0.0000e+00
      15851     29.342     7.8719     7.8520   3.427581   3.426064     2.1918     2.6283      8.125     5.3925     2.5167 3.2004e+00     0.2599    93.7091     6.6182     6.8263    33.0337    33.0363    25.7483    25.7533    6.71140 0.0000e+00
      15854     29.247     7.8756     7.8502   3.427678   3.425779     2.1910     2.6283      8.125     5.3823     2.5167 3.2413e+00     0.2599    93.7091     6.6140     6.8270    33.0313    33.0350    25.7460    25.7525    6.71095 0.0000e+00
