Datasets/AZMP/HUD120/hud120_2020_071.cnv
* Sea-Bird SBE 9 Data File:
* FileName = C:\CTDDATA\hud120_2020_071.hex
* Software Version Seasave V 7.26.7.110
* Temperature SN = 1697
* Conductivity SN = 4216
* Number of Bytes Per Scan = 30
* Number of Voltage Words = 4
* Number of Scans Averaged by the Deck Unit = 1
* NMEA baud rate = 4800
** VESSEL/TRIP/SEQ STN:  hud120_2020_071
** LATITUDE XX XX.XX: 47 00.00 N
** LONGITUDE XX XX.XX: 048 37.00 W
** SOUNDING DEPTH (M): 0109
** PROBE TYPE: S1146
** CTD NUMBER: 050
** FORMAT: V
** COMMENTS (14 CHAR): FC-11
** BOTTLES:  0
** LEVELS:
** STICKERS:
** VNET: N
** DO2: N
# nquan = 22
# nvalues = 1502                        
# units = specified
# name 0 = scan: Scan Count
# name 1 = prDM: Pressure, Digiquartz [db]
# name 2 = t090C: Temperature [ITS-90, deg C]
# name 3 = t190C: Temperature, 2 [ITS-90, deg C]
# name 4 = c0S/m: Conductivity [S/m]
# name 5 = c1S/m: Conductivity, 2 [S/m]
# name 6 = sbeox0V: Oxygen raw, SBE 43 [V]
# name 7 = sbeox1V: Oxygen raw, SBE 43, 2 [V]
# name 8 = ph: pH
# name 9 = flECO-AFL: Fluorescence, WET Labs ECO-AFL/FL [mg/m^3]
# name 10 = wetCDOM: Fluorescence, WET Labs CDOM [mg/m^3]
# name 11 = par/sat/log: PAR/Logarithmic, Satlantic [umol photons/m^2/sec]
# name 12 = CStarAt0: Beam Attenuation, WET Labs C-Star [1/m]
# name 13 = CStarTr0: Beam Transmission, WET Labs C-Star [%]
# name 14 = sbeox0ML/L: Oxygen, SBE 43 [ml/l], WS = 2
# name 15 = sbeox1ML/L: Oxygen, SBE 43, 2 [ml/l], WS = 2
# name 16 = sal00: Salinity, Practical [PSU]
# name 17 = sal11: Salinity, Practical, 2 [PSU]
# name 18 = sigma-t00: Density [sigma-t, kg/m^3 ]
# name 19 = sigma-t11: Density, 2 [sigma-t, kg/m^3 ]
# name 20 = oxsatML/L: Oxygen Saturation, Weiss [ml/l]
# name 21 = flag: flag
# span 0 =        105,       7964       
# span 1 =      2.426,     98.838       
# span 2 =    -0.5873,     4.7753       
# span 3 =    -0.5927,     4.7703       
# span 4 =   2.707934,   3.076571       
# span 5 =   2.707514,   3.076108       
# span 6 =     1.8660,     2.2202       
# span 7 =     2.2120,     2.6273       
# span 8 =      7.963,      8.147       
# span 9 =     1.0579,     4.7922       
# span 10 =    -2.8130,   482.1870      
# span 11 = 1.0715e-01, 1.3711e+02      
# span 12 =     0.0906,     0.6731      
# span 13 =    84.5126,    97.7597      
# span 14 =     6.4950,     7.3083      
# span 15 =     6.3626,     7.4526      
# span 16 =    32.0884,    33.3508      
# span 17 =    32.0841,    33.3513      
# span 18 =    25.3922,    26.7874      
# span 19 =    25.3896,    26.7880      
# span 20 =    7.26530,    8.28451      
# span 21 = 0.0000e+00, 0.0000e+00      
# interval = scans: 3                   
# start_time = Nov 25 2020 16:33:50 [System UTC, header]
# bad_flag = -9.990e-29
*END*
[from data line 396]
       2153     53.376     1.4615     1.5062   2.851959   2.853826     2.0183     2.3577      8.040     2.7470   481.3579 2.9638e-01     0.1769    95.6735     6.7056     6.7486    32.7002    32.6772    26.1671    26.1457    7.86447 0.0000e+00
       2156     53.448     1.3762     1.3686   2.847002   2.846151     2.0150     2.3532      8.034     2.7267   481.3184 2.9099e-01     0.1769    95.6735     6.6681     6.7579    32.7264    32.7236    26.1937    26.1919    7.88048 0.0000e+00
       2159     53.517     1.3198     1.3122   2.843103   2.842034     2.0105     2.3508      8.031     2.7368   481.3579 2.9169e-01     0.1769    95.6735     6.6228     6.7640    32.7359    32.7302    26.2050    26.2009    7.89153 0.0000e+00
       2162     53.582     1.2742     1.2660   2.839606   2.838923     2.0073     2.3483      8.028     2.7368   481.3579 2.8104e-01     0.1769    95.6735     6.5872     6.7679    32.7391    32.7390    26.2105    26.2109    7.90072 0.0000e+00
       2165     53.638     1.2163     1.2225   2.835581   2.835507     2.0044     2.3447      8.022     2.7165   481.3579 2.6836e-01     0.1773    95.6648     6.5600     6.7665    32.7485    32.7410    26.2218    26.2153    7.91212 0.0000e+00
       2168     53.689     1.1519     1.1777   2.831287   2.831716     1.9991     2.3430      8.017     2.7267   481.3579 2.6282e-01     0.1809    95.5779     6.5349     6.7716    32.7613    32.7397    26.2361    26.2171    7.92472 0.0000e+00
       2171     53.735     1.0908     1.1132   2.828267   2.828262     1.9955     2.3402      8.013     2.7165   481.3579 2.6468e-01     0.1813    95.5692     6.5237     6.7720    32.7870    32.7634    26.2605    26.2401    7.93598 0.0000e+00
       2174     53.771     1.0512     1.0615   2.826272   2.825643     1.9906     2.3357      8.010     2.7368   481.3579 2.6525e-01     0.1813    95.5692     6.5062     6.7584    32.8031    32.7841    26.2759    26.2600    7.94331 0.0000e+00
       2177     53.802     1.0199     1.0295   2.825241   2.824195     1.9861     2.3341      8.006     2.7368   481.3579 2.6251e-01     0.1813    95.5692     6.4977     6.7476    32.8228    32.7993    26.2937    26.2742    7.94874 0.0000e+00
       2180     53.829     1.0112     1.0165   2.828488   2.824074     1.9816     2.3312      8.003     2.7775   481.3579 2.5860e-01     0.1813    95.5692     6.4950     6.7263    32.8737    32.8115    26.3351    26.2847    7.94782 0.0000e+00
       2226     53.900     1.2173     1.8957   2.833372   2.879118     1.9458     2.2832      7.990     2.4825    12.3470 2.8629e-01     0.2197    94.6565     6.5142     6.4287    32.7192    32.5910    26.1982    26.0495    7.91350 0.0000e+00
       2229     53.930     1.1181     1.9786   2.827159   2.885473     1.9438     2.2799      7.991     2.4723    12.3470 2.9030e-01     0.2447    94.0655     6.5210     6.4084    32.7440    32.5849    26.2243    26.0386    7.93264 0.0000e+00
       2232     53.968     1.0368     2.1067   2.820917   2.893264     1.9409     2.2775      7.993     2.3705    12.3470 2.8365e-01     0.2451    94.0568     6.5192     6.3811    32.7496    32.5501    26.2338    26.0013    7.94919 0.0000e+00
       2235     54.018     0.9753     2.1649   2.816631   2.898217     1.9393     2.2759      7.994     2.3196    12.3470 2.8796e-01     0.2451    94.0568     6.5209     6.3679    32.7593    32.5518    26.2453    25.9984    7.96144 0.0000e+00
       2238     54.080     0.9393     2.1829   2.814622   2.897229     1.9368     2.2734      7.997     2.3298    52.2998 2.8894e-01     0.2451    94.0568     6.5177     6.3626    32.7715    32.5211    26.2573    25.9724    7.96830 0.0000e+00
       2241     54.158     0.9000     1.8234   2.810663   2.868063     1.9340     2.2693      7.999     2.3400   457.3547 2.8965e-01     0.2451    94.0568     6.5139     6.4176    32.7620    32.5271    26.2520    26.0033    7.97701 0.0000e+00
       2244     54.253     0.8170     1.1960   2.803850   2.826951     1.9324     2.2681      7.999     2.3196   481.5553 2.9366e-01     0.2455    94.0481     6.5271     6.5237    32.7619    32.6595    26.2567    26.1515    7.99439 0.0000e+00
       2247     54.362     0.7410     0.9352   2.797894   2.810063     1.9303     2.2649      7.998     2.3298   481.1605 2.9437e-01     0.2425    94.1176     6.5407     6.5645    32.7653    32.7171    26.2639    26.2138    8.01017 0.0000e+00
       2250     54.489     0.7049     0.7565   2.795807   2.799466     1.9287     2.2628      7.995     2.3196   481.2790 2.9163e-01     0.2351    94.2915     6.5499     6.5982    32.7766    32.7692    26.2750    26.2661    8.01717 0.0000e+00
       2253     54.631     0.6958     0.7028   2.795456   2.796729     1.9267     2.2604      7.995     2.3196   481.3184 2.8828e-01     0.2355    94.2828     6.5529     6.6091    32.7816    32.7906    26.2795    26.2864    8.01881 0.0000e+00
       2256     54.787     0.6848     0.6846   2.794411   2.795174     1.9242     2.2579      7.995     2.3196   481.3184 2.7621e-01     0.2358    94.2741     6.5528     6.6127    32.7796    32.7897    26.2786    26.2867    8.02124 0.0000e+00
       2259     54.957     0.6690     0.6656   2.793303   2.793638     1.9226     2.2559      7.993     1.9025   481.3184 2.7686e-01     0.2355    94.2828     6.5573     6.6209    32.7819    32.7898    26.2813    26.2879    8.02445 0.0000e+00
       2262     55.141     0.6565     0.6520   2.792069   2.792357     1.9214     2.2551      7.993     1.8516   481.2395 2.6591e-01     0.2351    94.2915     6.5676     6.6379    32.7790    32.7876    26.2797    26.2868    8.02723 0.0000e+00
       2265     55.344     0.6287     0.6222   2.789690   2.789890     1.9193     2.2539      7.993     1.8720   344.6025 2.6161e-01     0.2355    94.2828     6.5781     6.6581    32.7776    32.7872    26.2801    26.2881    8.03320 0.0000e+00
       2268     55.558     0.5804     0.5737   2.785544   2.785682     1.9185     2.2514      7.990     1.8720    16.1764 2.6135e-01     0.2373    94.2393     6.5941     6.6755    32.7750    32.7839    26.2806    26.2881    8.04357 0.0000e+00
       2271     55.782     0.5142     0.5027   2.780779   2.780470     1.9169     2.2506      7.994     1.8618    27.8228 2.5008e-01     0.2377    94.2306     6.6132     6.7083    32.7833    32.7915    26.2909    26.2982    8.05716 0.0000e+00
       2274     56.017     0.4846     0.4746   2.778783   2.778440     1.9157     2.2490      7.995     1.8618    27.2700 2.4186e-01     0.2373    94.2393     6.6288     6.7315    32.7887    32.7949    26.2968    26.3024    8.06316 0.0000e+00
       2277     56.262     0.4462     0.4281   2.775480   2.774555     1.9145     2.2474      7.996     1.8720    27.2700 2.3009e-01     0.2373    94.2393     6.6476     6.7572    32.7865    32.7936    26.2971    26.3038    8.07148 0.0000e+00
       2280     56.522     0.3832     0.3648   2.770649   2.769785     1.9120     2.2457      7.996     1.8720    27.2700 2.2210e-01     0.2373    94.2393     6.6638     6.7841    32.7903    32.7987    26.3036    26.3113    8.08471 0.0000e+00
       2283     56.785     0.3388     0.3232   2.767484   2.766604     1.9112     2.2453      7.996     1.7804    27.2700 2.0499e-01     0.2373    94.2393     6.6804     6.8137    32.7962    32.8014    26.3106    26.3156    8.09389 0.0000e+00
       2286     57.056     0.3152     0.3061   2.765651   2.765167     1.9112     2.2457      7.996     1.4141    27.2700 2.0476e-01     0.2377    94.2306     6.6985     6.8431    32.7973    32.8007    26.3127    26.3159    8.09890 0.0000e+00
       2289     57.337     0.2985     0.2918   2.764385   2.763933     1.9108     2.2453      7.999     1.4242    27.2700 1.9303e-01     0.2425    94.1176     6.7143     6.8718    32.7984    32.7996    26.3144    26.3157    8.10241 0.0000e+00
       2292     57.630     0.2910     0.2846   2.763789   2.763278     1.9092     2.2453      8.001     1.4242   284.3970 1.8222e-01     0.2429    94.1089     6.7184     6.8993    32.7985    32.7986    26.3148    26.3154    8.10403 0.0000e+00
       2295     57.931     0.2757     0.2776   2.762554   2.762591     1.9092     2.2465      8.001     1.4141   481.6343 1.7761e-01     0.2429    94.1089     6.7345     6.9292    32.7984    32.7968    26.3156    26.3142    8.10731 0.0000e+00
       2298     58.246     0.2667     0.2640   2.761901   2.761504     1.9092     2.2469      8.001     1.4344   480.9237 1.7301e-01     0.2429    94.1089     6.7497     6.9552    32.7993    32.7970    26.3168    26.3150    8.10920 0.0000e+00
       2301     58.556     0.2573     0.2456   2.760975   2.760086     1.9083     2.2469      8.003     1.4242   481.3184 1.6513e-01     0.2429    94.1089     6.7579     6.9757    32.7970    32.7979    26.3155    26.3167    8.11134 0.0000e+00
       2304     58.860     0.2308     0.2213   2.758885   2.758261     1.9079     2.2469      8.004     1.4141   481.2790 1.6042e-01     0.2429    94.1089     6.7711     6.9917    32.7978    32.7998    26.3174    26.3195    8.11701 0.0000e+00
       2307     59.147     0.2130     0.2085   2.757472   2.757200     1.9071     2.2490      8.006     1.4039   481.3184 1.4659e-01     0.2418    94.1350     6.7768     7.0114    32.7982    32.7993    26.3185    26.3198    8.12083 0.0000e+00
       2310     59.418     0.1997     0.1925   2.756442   2.755818     1.9071     2.2502      8.006     1.3733   481.3579 1.4865e-01     0.2333    94.3349     6.7880     7.0246    32.7987    32.7982    26.3196    26.3196    8.12366 0.0000e+00
       2313     59.672     0.1804     0.1684   2.754721   2.753876     1.9067     2.2514      8.006     1.3225   481.3184 1.3788e-01     0.2329    94.3436     6.7985     7.0386    32.7966    32.7983    26.3189    26.3209    8.12794 0.0000e+00
       2316     59.908     0.1604     0.1443   2.753135   2.751989     1.9063     2.2523      8.006     1.3326   481.0026 1.3077e-01     0.2329    94.3436     6.8042     7.0495    32.7970    32.7992    26.3202    26.3228    8.13223 0.0000e+00
       2319     60.123     0.1418     0.1275   2.751690   2.750674     1.9063     2.2531      8.006     1.3326    76.0267 1.2188e-01     0.2329    94.3436     6.8137     7.0556    32.7979    32.7998    26.3219    26.3241    8.13622 0.0000e+00
       2322     60.319     0.1297     0.1189   2.750790   2.749982     1.9063     2.2539      8.006     1.3225    -1.1154 1.1795e-01     0.2329    94.3436     6.8221     7.0637    32.7989    32.7998    26.3233    26.3246    8.13878 0.0000e+00
       2325     60.487     0.1244     0.1163   2.750337   2.749701     1.9059     2.2539      8.006     1.3123     1.9245 1.1626e-01     0.2329    94.3436     6.8263     7.0647    32.7985    32.7987    26.3232    26.3238    8.13993 0.0000e+00
       2328     60.629     0.1215     0.1139   2.750056   2.749333     1.9055     2.2551      8.006     1.3326     1.8060 1.1290e-01     0.2285    94.4479     6.8340     7.0645    32.7978    32.7965    26.3228    26.3221    8.14060 0.0000e+00
       2331     60.743     0.1195     0.1128   2.749822   2.749305     1.9067     2.2563      8.009     1.3326     1.8060 1.0840e-01     0.2219    94.6044     6.8477     7.0620    32.7968    32.7972    26.3221    26.3228    8.14109 0.0000e+00
       2334     60.831     0.1130     0.1117   2.749282   2.749526     1.9059     2.2563      8.006     1.3326     1.8060 1.0765e-01     0.2219    94.6044     6.8522     7.0582    32.7966    32.8011    26.3222    26.3260    8.14251 0.0000e+00
       2337     60.890     0.1121     0.1091   2.749927   2.749637     1.9063     2.2575      8.006     1.3734     1.8060 1.0903e-01     0.2219    94.6044     6.8623     7.0582    32.8061    32.8054    26.3299    26.3295    8.14219 0.0000e+00
       2444     60.965     0.1176     0.1035   2.750915   2.749661     1.9006     2.2482      8.008     1.3428   321.4678 1.0715e-01     0.2065    94.9695     6.8121     6.9355    32.8130    32.8117    26.3353    26.3349    8.14060 0.0000e+00
       2499     61.161     0.1090     0.0978   2.750827   2.749350     1.8986     2.2433      8.006     1.3123   481.2790 1.0715e-01     0.1988    95.1520     6.7923     6.8832    32.8210    32.8136    26.3421    26.3367    8.14202 0.0000e+00
       2502     61.371     0.1569     0.0931   2.754665   2.749218     1.8974     2.2429      8.006     1.3021   136.1532 1.0715e-01     0.1988    95.1520     6.7807     6.8891    32.8200    32.8168    26.3390    26.3395    8.13171 0.0000e+00
       2505     61.585     0.1988     0.1490   2.757884   2.754121     1.8982     2.2417      8.008     1.2920    17.3213 1.0715e-01     0.1988    95.1520     6.7835     6.8827    32.8173    32.8213    26.3347    26.3404    8.12282 0.0000e+00
       2508     61.806     0.2442     0.2252   2.761200   2.759480     1.8986     2.2417      8.006     1.2920    22.2957 1.0715e-01     0.1988    95.1520     6.7811     6.8760    32.8121    32.8099    26.3282    26.3274    8.11334 0.0000e+00
       2511     62.033     0.2585     0.2613   2.760697   2.761578     1.8990     2.2421      8.009     1.3021    22.0588 1.0715e-01     0.1940    95.2650     6.7840     6.8794    32.7902    32.7987    26.3098    26.3165    8.11148 0.0000e+00
       2514     62.258     0.1237     0.1537   2.749189   2.752515     1.8986     2.2417      8.006     1.3021    22.0588 1.0715e-01     0.1929    95.2911     6.8129     6.9096    32.7831    32.7947    26.3108    26.3186    8.14096 0.0000e+00
       2517     62.481     0.0067    -0.0004   2.742063   2.742199     1.8986     2.2417      8.007     1.3021    22.0983 1.0715e-01     0.1933    95.2824     6.8424     6.9489    32.8146    32.8240    26.3418    26.3498    8.16459 0.0000e+00
       2520     62.704    -0.0566    -0.0695   2.737762   2.737269     1.8978     2.2425      8.009     1.2920    22.0588 1.0715e-01     0.1926    95.2998     6.8580     6.9762    32.8257    32.8330    26.3537    26.3602    8.17777 0.0000e+00
       2523     62.931    -0.1053    -0.1149   2.733649   2.733585     1.8982     2.2421      8.007     1.3021    22.0983 1.0715e-01     0.1933    95.2824     6.8778     6.9978    32.8235    32.8330    26.3542    26.3623    8.18851 0.0000e+00
       2526     63.159    -0.1566    -0.1645   2.729908   2.729654     1.8982     2.2421      8.010     1.3021    52.1023 1.0715e-01     0.1929    95.2911     6.8972     7.0257    32.8291    32.8341    26.3610    26.3655    8.19945 0.0000e+00
       2529     63.389    -0.1729    -0.1807   2.729020   2.728506     1.8994     2.2429      8.012     1.2920   452.1040 1.0715e-01     0.1922    95.3085     6.9158     7.0491    32.8346    32.8362    26.3663    26.3679    8.20269 0.0000e+00
       2532     63.618    -0.1740    -0.1801   2.729040   2.728546     1.8986     2.2441      8.012     1.3123   481.5554 1.0715e-01     0.1853    95.4736     6.9222     7.0705    32.8360    32.8360    26.3674    26.3677    8.20286 0.0000e+00
       2535     63.843    -0.1743    -0.1800   2.728934   2.728421     1.8986     2.2441      8.012     1.3123   481.1605 1.0715e-01     0.1849    95.4823     6.9349     7.0870    32.8348    32.8341    26.3665    26.3661    8.20300 0.0000e+00
       2538     64.068    -0.1872    -0.1945   2.727713   2.727175     1.8990     2.2441      8.012     1.3021   481.3184 1.0715e-01     0.1849    95.4823     6.9548     7.1081    32.8324    32.8331    26.3651    26.3660    8.20597 0.0000e+00
       2541     64.291    -0.2040    -0.2110   2.726467   2.725882     1.8998     2.2457      8.012     1.3123   481.2790 1.0715e-01     0.1856    95.4649     6.9750     7.1333    32.8338    32.8336    26.3670    26.3671    8.20957 0.0000e+00
