Datasets/AZMP/HUD120/hud120_2020_110.cnv
* Sea-Bird SBE 9 Data File:
* FileName = C:\CTDDATA\hud120_2020_110.hex
* Software Version Seasave V 7.26.7.110
* Temperature SN = 1697
* Conductivity SN = 4216
* Number of Bytes Per Scan = 30
* Number of Voltage Words = 4
* Number of Scans Averaged by the Deck Unit = 1
* NMEA baud rate = 4800
** VESSEL/TRIP/SEQ STN:  hud120_2020_110
** LATITUDE XX XX.XX: 47 34.80 N
** LONGITUDE XX XX.XX: 052 21.00 W
** SOUNDING DEPTH (M): 0170
** PROBE TYPE: S1146
** CTD NUMBER: 080
** FORMAT: V
** COMMENTS (14 CHAR): S27-02
** BOTTLES:  0
** LEVELS: 0
** STICKERS:
** VNET: N
** DO2: N
# nquan = 22
# nvalues = 3146                        
# units = specified
# name 0 = scan: Scan Count
# name 1 = prDM: Pressure, Digiquartz [db]
# name 2 = t090C: Temperature [ITS-90, deg C]
# name 3 = t190C: Temperature, 2 [ITS-90, deg C]
# name 4 = c0S/m: Conductivity [S/m]
# name 5 = c1S/m: Conductivity, 2 [S/m]
# name 6 = sbeox0V: Oxygen raw, SBE 43 [V]
# name 7 = sbeox1V: Oxygen raw, SBE 43, 2 [V]
# name 8 = ph: pH
# name 9 = flECO-AFL: Fluorescence, WET Labs ECO-AFL/FL [mg/m^3]
# name 10 = wetCDOM: Fluorescence, WET Labs CDOM [mg/m^3]
# name 11 = par/sat/log: PAR/Logarithmic, Satlantic [umol photons/m^2/sec]
# name 12 = CStarAt0: Beam Attenuation, WET Labs C-Star [1/m]
# name 13 = CStarTr0: Beam Transmission, WET Labs C-Star [%]
# name 14 = sbeox0ML/L: Oxygen, SBE 43 [ml/l], WS = 2
# name 15 = sbeox1ML/L: Oxygen, SBE 43, 2 [ml/l], WS = 2
# name 16 = sal00: Salinity, Practical [PSU]
# name 17 = sal11: Salinity, Practical, 2 [PSU]
# name 18 = sigma-t00: Density [sigma-t, kg/m^3 ]
# name 19 = sigma-t11: Density, 2 [sigma-t, kg/m^3 ]
# name 20 = oxsatML/L: Oxygen Saturation, Weiss [ml/l]
# name 21 = flag: flag
# span 0 =          5,      10826       
# span 1 =      0.500,    161.876       
# span 2 =    -0.5447,     4.4034       
# span 3 =    -0.5499,     4.3950       
# span 4 =   2.694364,   2.987968       
# span 5 =   2.693777,   2.987165       
# span 6 =     1.8163,     2.2289       
# span 7 =     2.1268,     2.6173       
# span 8 =      8.015,      8.193       
# span 9 =     1.0173,     3.7136       
# span 10 =    -2.8130,   482.1870      
# span 11 = 1.0569e-01, 1.0720e+00      
# span 12 =     0.1067,     0.8880      
# span 13 =    80.0926,    97.3685      
# span 14 =     6.4116,     7.7266      
# span 15 =     6.4319,     7.8634      
# span 16 =    31.4420,    33.6221      
# span 17 =    30.3995,    33.6207      
# span 18 =    24.9175,    26.9738      
# span 19 =    24.1164,    26.9730      
# span 20 =    7.36361,    8.28558      
# span 21 = 0.0000e+00, 0.0000e+00      
# interval = scans: 3                   
# start_time = Dec 01 2020 06:34:30 [System UTC, header]
# bad_flag = -9.990e-29
*END*
[from data line 1844]
       6495    137.065    -0.3722    -0.3746   2.741576   2.741484     1.8836     2.2177      8.047     1.0579   481.3184 1.0752e-01     0.2197    94.6565     6.9349     7.0210    33.1740    33.1754    26.6492    26.6504    8.22746 0.0000e+00
       6498    136.898    -0.3753    -0.3775   2.740928   2.741107     1.8840     2.2177      8.047     1.0579   481.3184 1.0715e-01     0.2182    94.6913     6.9382     7.0193    33.1689    33.1736    26.6452    26.6492    8.22845 0.0000e+00
       6501    136.724    -0.3794    -0.3772   2.740350   2.740978     1.8840     2.2189      8.047     1.0579   481.3184 1.0715e-01     0.2120    94.8391     6.9422     7.0259    33.1657    33.1717    26.6428    26.6475    8.22953 0.0000e+00
       6504    136.552    -0.3825    -0.3847   2.739967   2.739798     1.8840     2.2185      8.047     1.0681   481.3184 1.0715e-01     0.2127    94.8217     6.9466     7.0299    33.1641    33.1642    26.6416    26.6418    8.23030 0.0000e+00
       6507    136.377    -0.3841    -0.3869   2.739757   2.739636     1.8848     2.2197      8.047     1.0478   481.3579 1.0715e-01     0.2120    94.8391     6.9515     7.0371    33.1632    33.1646    26.6409    26.6422    8.23071 0.0000e+00
       6510    136.206    -0.3850    -0.3876   2.739537   2.739467     1.8852     2.2197      8.047     1.0579   481.3184 1.0727e-01     0.2124    94.8304     6.9534     7.0398    33.1613    33.1632    26.6394    26.6411    8.23100 0.0000e+00
       6513    136.036    -0.3871    -0.3914   2.739249   2.738743     1.8864     2.2206      8.047     1.0478   481.3184 1.0727e-01     0.2120    94.8391     6.9662     7.0460    33.1599    33.1577    26.6384    26.6368    8.23156 0.0000e+00
       6516    135.868    -0.3883    -0.3948   2.739095   2.738451     1.8860     2.2206      8.047     1.0579   146.2993 1.0715e-01     0.2124    94.8304     6.9689     7.0475    33.1592    33.1577    26.6379    26.6370    8.23185 0.0000e+00
       6519    135.699    -0.3906    -0.3937   2.738591   2.738479     1.8860     2.2206      8.047     1.0681     8.0832 1.0740e-01     0.2080    94.9347     6.9703     7.0499    33.1551    33.1570    26.6347    26.6364    8.23259 0.0000e+00
       6522    135.524    -0.3950    -0.3999   2.737708   2.737398     1.8864     2.2205      8.047     1.0478    14.0840 1.0740e-01     0.2032    95.0477     6.9748     7.0552    33.1482    33.1494    26.6293    26.6305    8.23395 0.0000e+00
       6525    135.354    -0.4005    -0.4035   2.736990   2.736914     1.8868     2.2214      8.050     1.0579    13.7682 1.0715e-01     0.2039    95.0303     6.9784     7.0628    33.1447    33.1469    26.6267    26.6287    8.23536 0.0000e+00
       6528    135.184    -0.4027    -0.4057   2.736685   2.736550     1.8872     2.2238      8.049     1.0579    13.8077 1.0715e-01     0.2032    95.0477     6.9810     7.0772    33.1431    33.1446    26.6255    26.6269    8.23594 0.0000e+00
       6531    135.020    -0.4043    -0.4098   2.736420   2.735965     1.8872     2.2234      8.049     1.0681    13.7682 1.0727e-01     0.2036    95.0390     6.9851     7.0787    33.1415    33.1414    26.6243    26.6244    8.23640 0.0000e+00
       6534    134.856    -0.4083    -0.4076   2.735693   2.736567     1.8880     2.2238      8.049     1.0579    13.7682 1.0727e-01     0.2032    95.0477     6.9907     7.0812    33.1362    33.1471    26.6202    26.6290    8.23757 0.0000e+00
       6537    134.691    -0.4123    -0.4067   2.735290   2.736190     1.8892     2.2242      8.052     1.0884    13.7682 1.0740e-01     0.2036    95.0390     6.9982     7.0856    33.1353    33.1412    26.6197    26.6242    8.23852 0.0000e+00
       6540    134.533    -0.4110    -0.4120   2.735443   2.735517     1.8892     2.2250      8.052     1.0986    13.0181 1.0715e-01     0.1929    95.2911     7.0008     7.0946    33.1360    33.1381    26.6201    26.6219    8.23818 0.0000e+00
       6543    134.377    -0.4136    -0.4161   2.734842   2.734920     1.8892     2.2258      8.052     1.0783     0.8980 1.0727e-01     0.1911    95.3345     7.0040     7.0962    33.1309    33.1347    26.6161    26.6193    8.23904 0.0000e+00
       6546    134.220    -0.4184    -0.4202   2.734292   2.734332     1.8897     2.2271      8.052     1.0783     0.2269 1.0715e-01     0.1911    95.3345     7.0056     7.0981    33.1289    33.1314    26.6147    26.6168    8.24021 0.0000e+00
       6549    134.066    -0.4194    -0.4221   2.734269   2.734098     1.8901     2.2271      8.052     1.0783     0.2664 1.0727e-01     0.1911    95.3345     7.0056     7.0951    33.1298    33.1305    26.6155    26.6161    8.24039 0.0000e+00
       6552    133.914    -0.4184    -0.4259   2.734434   2.733488     1.8909     2.2283      8.052     1.0884     0.2664 1.0727e-01     0.1911    95.3345     7.0094     7.1000    33.1310    33.1265    26.6164    26.6131    8.24010 0.0000e+00
       6555    133.766    -0.4190    -0.4312   2.734053   2.732620     1.8921     2.2283      8.052     1.0884     0.2664 1.0715e-01     0.1911    95.3345     7.0152     7.1022    33.1267    33.1208    26.6129    26.6087    8.24049 0.0000e+00
       6558    133.620    -0.4252    -0.4368   2.733133   2.731823     1.8913     2.2287      8.052     1.0884     0.2664 1.0727e-01     0.1904    95.3519     7.0097     7.1067    33.1212    33.1163    26.6088    26.6053    8.24216 0.0000e+00
       6561    133.472    -0.4317    -0.4423   2.732153   2.730987     1.8921     2.2303      8.052     1.0884     0.2269 1.0727e-01     0.1860    95.4562     7.0190     7.1151    33.1153    33.1113    26.6043    26.6015    8.24393 0.0000e+00
       6564    133.331    -0.4370    -0.4444   2.731506   2.730755     1.8921     2.2303      8.052     1.0884     0.2664 1.0715e-01     0.1860    95.4562     7.0235     7.1134    33.1125    33.1105    26.6023    26.6010    8.24527 0.0000e+00
       6567    133.191    -0.4420    -0.4465   2.730490   2.730410     1.8933     2.2299      8.052     1.0884     0.1874 1.0740e-01     0.1856    95.4649     7.0309     7.1079    33.1044    33.1083    26.5959    26.5992    8.24682 0.0000e+00
       6570    133.056    -0.4479    -0.4461   2.729833   2.730576     1.8929     2.2307      8.052     1.0884     0.1479 1.0727e-01     0.1860    95.4562     7.0282     7.1074    33.1021    33.1101    26.5944    26.6007    8.24826 0.0000e+00
       6573    132.923    -0.4452    -0.4446   2.730486   2.731152     1.8933     2.2316      8.052     1.0884     0.1479 1.0715e-01     0.1863    95.4475     7.0288     7.1092    33.1081    33.1163    26.5990    26.6057    8.24734 0.0000e+00
       6576    132.792    -0.4444    -0.4421   2.730327   2.732032     1.8941     2.2324      8.052     1.0884     0.1479 1.0727e-01     0.1860    95.4562     7.0302     7.1090    33.1052    33.1254    26.5966    26.6129    8.24732 0.0000e+00
       6579    132.661    -0.4423    -0.4352   2.731543   2.732316     1.8946     2.2332      8.052     1.0986     0.1479 1.0727e-01     0.1816    95.5605     7.0316     7.1101    33.1191    33.1217    26.6078    26.6096    8.24605 0.0000e+00
       6582    132.534    -0.4296    -0.4413   2.733212   2.730766     1.8954     2.2344      8.052     1.0986     0.1479 1.0727e-01     0.1733    95.7605     7.0335     7.1137    33.1277    33.1077    26.6142    26.5985    8.24276 0.0000e+00
       6585    132.408    -0.4398    -0.4549   2.730681   2.728964     1.8958     2.2344      8.052     1.0986     0.1084 1.0715e-01     0.1736    95.7518     7.0341     7.1146    33.1051    33.0986    26.5963    26.5917    8.24629 0.0000e+00
       6588    132.291    -0.4385    -0.4492   2.731612   2.730513     1.8966     2.2348      8.052     1.1088     0.1479 1.0715e-01     0.1733    95.7605     7.0333     7.1151    33.1162    33.1131    26.6053    26.6033    8.24539 0.0000e+00
       6591    132.179    -0.4428    -0.4418   2.730825   2.731097     1.8958     2.2340      8.057     1.1190     0.1479 1.0740e-01     0.1736    95.7518     7.0283     7.1063    33.1104    33.1130    26.6007    26.6028    8.24666 0.0000e+00
       6594    132.065    -0.4373    -0.4332   2.731429   2.732550     1.8970     2.2348      8.057     1.1292     2.1219 1.0727e-01     0.1733    95.7605     7.0301     7.1030    33.1126    33.1230    26.6023    26.6106    8.24533 0.0000e+00
       6597    131.953    -0.4376    -0.4239   2.731466   2.733614     1.8974     2.2356      8.057     1.1190     3.8984 1.0715e-01     0.1736    95.7518     7.0285     7.0992    33.1135    33.1272    26.6030    26.6135    8.24534 0.0000e+00
       6600    131.846    -0.4233    -0.4247   2.732830   2.733811     1.8970     2.2356      8.055     1.1190     3.8195 1.0727e-01     0.1682    95.8821     7.0229     7.0951    33.1161    33.1308    26.6046    26.6165    8.24203 0.0000e+00
       6603    131.741    -0.4146    -0.4185   2.733543   2.734190     1.8978     2.2368      8.057     1.1292     3.8195 1.0740e-01     0.1653    95.9517     7.0267     7.0953    33.1162    33.1292    26.6043    26.6149    8.24009 0.0000e+00
       6606    131.642    -0.4264    -0.4178   2.732061   2.734247     1.8978     2.2364      8.057     1.1190     3.8195 1.0740e-01     0.1656    95.9430     7.0287     7.0910    33.1094    33.1292    26.5993    26.6150    8.24309 0.0000e+00
       6609    131.544    -0.4388    -0.4176   2.731520   2.734539     1.8978     2.2372      8.057     1.1292     3.8195 1.0727e-01     0.1653    95.9517     7.0326     7.0951    33.1157    33.1330    26.6049    26.6179    8.24548 0.0000e+00
       6612    131.451    -0.4357    -0.4209   2.732150   2.734418     1.8982     2.2373      8.057     1.1088     3.8195 1.0740e-01     0.1653    95.9517     7.0337     7.0976    33.1208    33.1349    26.6089    26.6197    8.24450 0.0000e+00
       6615    131.361    -0.4351    -0.4219   2.732095   2.734208     1.8986     2.2377      8.057     1.0681     3.8195 1.0752e-01     0.1653    95.9517     7.0369     7.0991    33.1195    33.1333    26.6078    26.6184    8.24445 0.0000e+00
       6618    131.275    -0.4314    -0.4205   2.732566   2.734323     1.8990     2.2381      8.057     1.0579     3.8195 1.0752e-01     0.1649    95.9604     7.0334     7.0956    33.1218    33.1333    26.6095    26.6184    8.24349 0.0000e+00
       6621    131.187    -0.4299    -0.4193   2.732682   2.734422     1.8994     2.2381      8.057     1.0376     9.9387 1.0727e-01     0.1552    96.1951     7.0341     7.0939    33.1218    33.1334    26.6094    26.6184    8.24317 0.0000e+00
       6624    131.106    -0.4351    -0.4198   2.731170   2.734453     1.9007     2.2381      8.057     1.0681    11.2416 1.0740e-01     0.1541    96.2212     7.0416     7.0931    33.1072    33.1344    26.5979    26.6192    8.24513 0.0000e+00
       6627    131.029    -0.4406    -0.4186   2.731389   2.734555     1.9011     2.2381      8.057     1.0681    11.2021 1.0740e-01     0.1541    96.2212     7.0421     7.0934    33.1162    33.1346    26.6054    26.6193    8.24585 0.0000e+00
       6630    130.953    -0.4354    -0.4213   2.731774   2.734129     1.9007     2.2385      8.059     1.0579    11.1626 1.0740e-01     0.1537    96.2299     7.0399     7.0961    33.1158    33.1318    26.6048    26.6172    8.24472 0.0000e+00
       6633    130.876    -0.4337    -0.4273   2.732582   2.733172     1.9011     2.2393      8.059     1.0579    11.2021 1.0752e-01     0.1541    96.2212     7.0416     7.1016    33.1247    33.1257    26.6120    26.6125    8.24384 0.0000e+00
       6636    130.802    -0.4309    -0.4294   2.732728   2.733017     1.9011     2.2401      8.060     1.0478    11.1626 1.0727e-01     0.1541    96.2212     7.0386     7.1092    33.1237    33.1260    26.6110    26.6128    8.24328 0.0000e+00
       6639    130.731    -0.4333    -0.4301   2.731633   2.732926     1.9015     2.2397      8.060     1.0783    11.1626 1.0752e-01     0.1548    96.2038     7.0379     7.1099    33.1117    33.1256    26.6014    26.6125    8.24449 0.0000e+00
       6642    130.663    -0.4347    -0.4308   2.731542   2.732786     1.9011     2.2393      8.062     1.0986    11.1626 1.0740e-01     0.1573    96.1429     7.0350     7.1110    33.1120    33.1244    26.6018    26.6116    8.24478 0.0000e+00
       6645    130.595    -0.4397    -0.4353   2.730950   2.731948     1.9015     2.2405      8.059     1.0884    67.3018 1.0752e-01     0.1573    96.1429     7.0390     7.1209    33.1097    33.1182    26.6001    26.6068    8.24603 0.0000e+00
       6648    130.529    -0.4392    -0.4392   2.731025   2.731128     1.9019     2.2405      8.062     1.0884   465.6848 1.0727e-01     0.1573    96.1429     7.0428     7.1229    33.1102    33.1115    26.6004    26.6015    8.24589 0.0000e+00
       6651    130.465    -0.4385    -0.4444   2.730220   2.729801     1.9023     2.2413      8.062     1.0986   481.4764 1.0740e-01     0.1573    96.1429     7.0483     7.1288    33.0987    33.0995    26.5911    26.5920    8.24638 0.0000e+00
       6654    130.402    -0.4466    -0.4479   2.728494   2.728952     1.9031     2.2413      8.062     1.0986   481.2000 1.0740e-01     0.1573    96.1429     7.0584     7.1301    33.0844    33.0920    26.5799    26.5861    8.24897 0.0000e+00
       6657    130.340    -0.4543    -0.4542   2.728076   2.727908     1.9035     2.2421      8.062     1.0884   481.3184 1.0740e-01     0.1573    96.1429     7.0652     7.1366    33.0873    33.0850    26.5826    26.5807    8.25052 0.0000e+00
       6660    130.276    -0.4503    -0.4550   2.728193   2.728007     1.9031     2.2426      8.062     1.0986   481.2790 1.0727e-01     0.1584    96.1168     7.0641     7.1413    33.0846    33.0872    26.5802    26.5825    8.24980 0.0000e+00
       6663    130.213    -0.4579    -0.4570   2.727396   2.727600     1.9035     2.2430      8.062     1.0884   481.3184 1.0727e-01     0.1599    96.0821     7.0692     7.1470    33.0823    33.0840    26.5787    26.5801    8.25161 0.0000e+00
       6666    130.153    -0.4536    -0.4602   2.727884   2.727037     1.9043     2.2434      8.060     1.0783   481.3579 1.0727e-01     0.1595    96.0908     7.0692     7.1510    33.0841    33.0799    26.5799    26.5769    8.25054 0.0000e+00
       6669    130.091    -0.4581    -0.4641   2.727139   2.726273     1.9051     2.2438      8.062     1.0884   481.2790 1.0740e-01     0.1595    96.0908     7.0746     7.1565    33.0791    33.0741    26.5761    26.5723    8.25182 0.0000e+00
       6672    130.029    -0.4588    -0.4666   2.726911   2.725759     1.9047     2.2442      8.062     1.0884   312.8614 1.0715e-01     0.1599    96.0821     7.0739     7.1599    33.0769    33.0699    26.5744    26.5690    8.25212 0.0000e+00
       6675    129.963    -0.4565    -0.4686   2.727186   2.725417     1.9051     2.2442      8.062     1.0783    -1.6286 1.0740e-01     0.1599    96.0821     7.0732     7.1621    33.0781    33.0675    26.5752    26.5672    8.25154 0.0000e+00
       6678    129.901    -0.4632    -0.4640   2.725927   2.726363     1.9060     2.2454      8.060     1.0783     6.3067 1.0740e-01     0.1595    96.0908     7.0796     7.1674    33.0685    33.0753    26.5678    26.5733    8.25355 0.0000e+00
       6681    129.833    -0.4682    -0.4647   2.725137   2.725761     1.9064     2.2454      8.062     1.0884     6.1882 1.0715e-01     0.1584    96.1168     7.0861     7.1700    33.0634    33.0680    26.5638    26.5675    8.25495 0.0000e+00
       6684    129.770    -0.4622    -0.4741   2.725796   2.723745     1.9060     2.2466      8.062     1.0884     6.1882 1.0727e-01     0.1573    96.1429     7.0841     7.1792    33.0658    33.0514    26.5656    26.5544    8.25350 0.0000e+00
       6687    129.709    -0.4659    -0.4746   2.725531   2.724272     1.9064     2.2462      8.060     1.0884     6.1882 1.0740e-01     0.1573    96.1429     7.0860     7.1794    33.0663    33.0589    26.5661    26.5605    8.25428 0.0000e+00
