Datasets/AZMP/HUD120/hud120_2020_074.cnv
* Sea-Bird SBE 9 Data File:
* FileName = C:\CTDDATA\hud120_2020_074.hex
* Software Version Seasave V 7.26.7.110
* Temperature SN = 1697
* Conductivity SN = 4216
* Number of Bytes Per Scan = 30
* Number of Voltage Words = 4
* Number of Scans Averaged by the Deck Unit = 1
* NMEA baud rate = 4800
** VESSEL/TRIP/SEQ STN:  hud120_2020_074
** LATITUDE XX XX.XX: 47 00.00 N
** LONGITUDE XX XX.XX: 050 40.00 W
** SOUNDING DEPTH (M): 0177
** PROBE TYPE: S1146
** CTD NUMBER: 053
** FORMAT: V
** COMMENTS (14 CHAR): FC-08
** BOTTLES:  0
** LEVELS:
** STICKERS:
** VNET: N
** DO2: N
# nquan = 22
# nvalues = 2598                        
# units = specified
# name 0 = scan: Scan Count
# name 1 = prDM: Pressure, Digiquartz [db]
# name 2 = t090C: Temperature [ITS-90, deg C]
# name 3 = t190C: Temperature, 2 [ITS-90, deg C]
# name 4 = c0S/m: Conductivity [S/m]
# name 5 = c1S/m: Conductivity, 2 [S/m]
# name 6 = sbeox0V: Oxygen raw, SBE 43 [V]
# name 7 = sbeox1V: Oxygen raw, SBE 43, 2 [V]
# name 8 = ph: pH
# name 9 = flECO-AFL: Fluorescence, WET Labs ECO-AFL/FL [mg/m^3]
# name 10 = wetCDOM: Fluorescence, WET Labs CDOM [mg/m^3]
# name 11 = par/sat/log: PAR/Logarithmic, Satlantic [umol photons/m^2/sec]
# name 12 = CStarAt0: Beam Attenuation, WET Labs C-Star [1/m]
# name 13 = CStarTr0: Beam Transmission, WET Labs C-Star [%]
# name 14 = sbeox0ML/L: Oxygen, SBE 43 [ml/l], WS = 2
# name 15 = sbeox1ML/L: Oxygen, SBE 43, 2 [ml/l], WS = 2
# name 16 = sal00: Salinity, Practical [PSU]
# name 17 = sal11: Salinity, Practical, 2 [PSU]
# name 18 = sigma-t00: Density [sigma-t, kg/m^3 ]
# name 19 = sigma-t11: Density, 2 [sigma-t, kg/m^3 ]
# name 20 = oxsatML/L: Oxygen Saturation, Weiss [ml/l]
# name 21 = flag: flag
# span 0 =         80,      10778       
# span 1 =      2.339,    171.927       
# span 2 =    -0.3355,     6.7138       
# span 3 =    -0.3407,     6.7101       
# span 4 =   2.734714,   3.212470       
# span 5 =   2.734264,   3.211979       
# span 6 =     1.7895,     2.2080       
# span 7 =     2.1147,     2.6303       
# span 8 =      7.910,      8.165       
# span 9 =     1.1088,     3.7035       
# span 10 =    -2.4972,   482.1870      
# span 11 = 1.0605e-01, 4.4564e-01      
# span 12 =     0.1249,     0.5575      
# span 13 =    86.9899,    96.9252      
# span 14 =     6.1705,     7.0331      
# span 15 =     6.2363,     7.2851      
# span 16 =    31.7752,    33.0267      
# span 17 =    31.7676,    33.0263      
# span 18 =    24.9181,    26.5285      
# span 19 =    24.9126,    26.5284      
# span 20 =    6.95048,    8.22770      
# span 21 = 0.0000e+00, 0.0000e+00      
# interval = scans: 3                   
# start_time = Nov 26 2020 03:03:10 [System UTC, header]
# bad_flag = -9.990e-29
*END*
[from data line 659]
       2869     86.315     1.6951     1.6942   2.878595   2.878197     1.8505     2.1838      7.977     1.4242    28.6913 1.0715e-01     0.2525    93.8829     6.2469     6.3783    32.7743    32.7703    26.2106    26.2075    7.81319 0.0000e+00
       2872     86.361     1.6952     1.7055   2.878713   2.878936     1.8497     2.1830      7.977     1.4141    28.6913 1.0715e-01     0.2525    93.8829     6.2434     6.3718    32.7757    32.7678    26.2118    26.2047    7.81311 0.0000e+00
       2875     86.399     1.7003     1.7329   2.879310   2.880692     1.8497     2.1826      7.977     1.4751    28.6913 1.0715e-01     0.2525    93.8829     6.2450     6.3651    32.7779    32.7614    26.2132    26.1976    7.81196 0.0000e+00
       2878     86.433     1.7171     1.7413   2.880694   2.881152     1.8489     2.1826      7.977     1.5057    28.6913 1.0715e-01     0.2536    93.8569     6.2397     6.3622    32.7778    32.7584    26.2119    26.1946    7.80858 0.0000e+00
       2881     86.458     1.7388     1.7458   2.882075   2.882145     1.8481     2.1830      7.976     1.5158    24.3881 1.0715e-01     0.2540    93.8482     6.2346     6.3590    32.7725    32.7661    26.2061    26.2005    7.80449 0.0000e+00
       2884     86.481     1.7420     1.7782   2.881652   2.884102     1.8476     2.1826      7.976     1.5057    15.0710 1.0715e-01     0.2540    93.8482     6.2344     6.3500    32.7639    32.7570    26.1990    26.1910    7.80430 0.0000e+00
       2908     86.587     1.7267     1.7507   2.881038   2.882154     1.8460     2.1797      7.975     1.5057    17.7556 1.0715e-01     0.2540    93.8482     6.2280     6.3332    32.7721    32.7611    26.2066    26.1961    7.80696 0.0000e+00
       2953     86.777     1.7109     1.6837   2.879795   2.877580     1.8432     2.1732      7.975     1.5057    22.4141 1.0715e-01     0.2544    93.8395     6.2106     6.2915    32.7727    32.7732    26.2082    26.2105    7.81009 0.0000e+00
       2956     86.805     1.7113     1.6826   2.879675   2.877446     1.8415     2.1732      7.975     1.5362    22.4141 1.0715e-01     0.2547    93.8308     6.1984     6.2870    32.7709    32.7727    26.2067    26.2102    7.81012 0.0000e+00
       2959     86.840     1.7005     1.6806   2.878692   2.877328     1.8415     2.1732      7.972     1.5362    92.5289 1.0715e-01     0.2555    93.8134     6.1971     6.2857    32.7696    32.7733    26.2065    26.2108    7.81235 0.0000e+00
       2962     86.881     1.6863     1.6814   2.877882   2.877425     1.8411     2.1720      7.974     1.5362   472.5936 1.0715e-01     0.2562    93.7960     6.1953     6.2775    32.7742    32.7736    26.2111    26.2110    7.81497 0.0000e+00
       2965     86.925     1.6814     1.6865   2.877592   2.877803     1.8403     2.1708      7.974     1.5463   481.4369 1.0715e-01     0.2562    93.7960     6.1896     6.2695    32.7757    32.7730    26.2126    26.2102    7.81588 0.0000e+00
       2968     86.977     1.6806     1.6858   2.877609   2.877718     1.8403     2.1708      7.974     1.5463   481.2395 1.0715e-01     0.2558    93.8047     6.1892     6.2676    32.7767    32.7727    26.2135    26.2099    7.81599 0.0000e+00
       2971     87.042     1.6857     1.6840   2.878005   2.877591     1.8391     2.1696      7.974     1.5463   481.3579 1.0715e-01     0.2558    93.8047     6.1815     6.2613    32.7764    32.7729    26.2129    26.2102    7.81499 0.0000e+00
       2974     87.112     1.6838     1.6812   2.877817   2.877362     1.8387     2.1683      7.972     1.5362   481.3579 1.0715e-01     0.2562    93.7960     6.1805     6.2531    32.7759    32.7729    26.2126    26.2104    7.81539 0.0000e+00
       2977     87.189     1.6781     1.6770   2.877440   2.877040     1.8375     2.1675      7.972     1.5362   481.3579 1.0715e-01     0.2555    93.8134     6.1792     6.2480    32.7771    32.7732    26.2140    26.2109    7.81648 0.0000e+00
       2980     87.277     1.6766     1.6753   2.877338   2.876968     1.8383     2.1671      7.972     1.4955   481.3184 1.0715e-01     0.2547    93.8308     6.1852     6.2443    32.7772    32.7740    26.2142    26.2118    7.81676 0.0000e+00
       2983     87.375     1.6751     1.6728   2.877170   2.876803     1.8375     2.1667      7.972     1.4955   481.3579 1.0715e-01     0.2540    93.8482     6.1826     6.2431    32.7766    32.7745    26.2138    26.2123    7.81710 0.0000e+00
       2986     87.482     1.6694     1.6671   2.876732   2.876304     1.8371     2.1651      7.972     1.4751   293.8720 1.0715e-01     0.2540    93.8482     6.1849     6.2390    32.7771    32.7741    26.2146    26.2123    7.81824 0.0000e+00
       2989     87.600     1.6646     1.6594   2.876490   2.875835     1.8363     2.1643      7.974     1.4751     8.0437 1.0715e-01     0.2540    93.8482     6.1840     6.2394    32.7789    32.7761    26.2164    26.2146    7.81910 0.0000e+00
       2992     87.728     1.6618     1.6553   2.876213   2.875600     1.8367     2.1631      7.972     1.4751    20.2427 1.0715e-01     0.2540    93.8482     6.1877     6.2363    32.7783    32.7773    26.2161    26.2158    7.81970 0.0000e+00
       2995     87.864     1.6542     1.6507   2.875633   2.875253     1.8350     2.1622      7.972     1.4649    19.6506 1.0715e-01     0.2540    93.8482     6.1822     6.2378    32.7788    32.7777    26.2170    26.2164    7.82120 0.0000e+00
       2998     88.010     1.6442     1.6379   2.874791   2.874188     1.8354     2.1610      7.972     1.4649    19.6901 1.0715e-01     0.2544    93.8395     6.1870     6.2392    32.7785    32.7776    26.2176    26.2172    7.82324 0.0000e+00
       3001     88.169     1.6312     1.6228   2.873962   2.873303     1.8355     2.1606      7.972     1.4751    19.6901 1.0715e-01     0.2569    93.7786     6.1876     6.2419    32.7815    32.7821    26.2208    26.2218    7.82570 0.0000e+00
       3004     88.334     1.6214     1.6151   2.873412   2.872870     1.8342     2.1602      7.972     1.4853    19.6901 1.0715e-01     0.2569    93.7786     6.1848     6.2438    32.7848    32.7845    26.2241    26.2243    7.82752 0.0000e+00
       3007     88.508     1.6108     1.6065   2.872663   2.872211     1.8350     2.1590      7.972     1.3836    19.6901 1.0715e-01     0.2569    93.7786     6.1945     6.2461    32.7863    32.7851    26.2261    26.2254    7.82959 0.0000e+00
       3010     88.688     1.5890     1.5848   2.870609   2.870370     1.8338     2.1586      7.972     1.3937    19.6901 1.0715e-01     0.2566    93.7873     6.1925     6.2545    32.7831    32.7844    26.2249    26.2263    7.83417 0.0000e+00
       3013     88.878     1.5393     1.5309   2.866790   2.866428     1.8338     2.1586      7.971     1.3734   329.0083 1.0715e-01     0.2573    93.7699     6.2005     6.2681    32.7866    32.7908    26.2311    26.2351    7.84405 0.0000e+00
       3016     89.074     1.4916     1.4816   2.863916   2.863351     1.8326     2.1565      7.971     1.3937   481.9501 1.0715e-01     0.2573    93.7699     6.2044     6.2722    32.8000    32.8033    26.2451    26.2484    7.85303 0.0000e+00
       3019     89.278     1.4705     1.4618   2.862728   2.862123     1.8326     2.1573      7.968     1.3937   481.0026 1.0715e-01     0.2573    93.7699     6.2070     6.2837    32.8069    32.8083    26.2521    26.2538    7.85696 0.0000e+00
       3022     89.482     1.4582     1.4505   2.861815   2.861222     1.8322     2.1569      7.968     1.3836   481.3579 1.0715e-01     0.2569    93.7786     6.2045     6.2872    32.8081    32.8086    26.2539    26.2548    7.85939 0.0000e+00
       3025     89.695     1.4336     1.4225   2.859668   2.858982     1.8314     2.1553      7.968     1.3836   481.3579 1.0715e-01     0.2573    93.7699     6.2086     6.2882    32.8066    32.8095    26.2543    26.2574    7.86450 0.0000e+00
       3028     89.913     1.3931     1.3781   2.856805   2.855925     1.8330     2.1549      7.966     1.3836   481.3579 1.0715e-01     0.2569    93.7786     6.2254     6.2963    32.8125    32.8171    26.2617    26.2664    7.87244 0.0000e+00
       3031     90.130     1.3570     1.3419   2.854446   2.853531     1.8314     2.1549      7.968     1.3836   481.3579 1.0715e-01     0.2569    93.7786     6.2233     6.3060    32.8203    32.8245    26.2703    26.2747    7.87940 0.0000e+00
       3034     90.349     1.3336     1.3256   2.852859   2.852393     1.8305     2.1549      7.963     1.3530   481.3579 1.0715e-01     0.2566    93.7873     6.2247     6.3137    32.8246    32.8270    26.2753    26.2778    7.88396 0.0000e+00
       3037     90.572     1.3144     1.3115   2.851634   2.851399     1.8305     2.1537      7.963     1.3530   466.5138 1.0715e-01     0.2562    93.7960     6.2296     6.3168    32.8290    32.8291    26.2801    26.2803    7.88766 0.0000e+00
       3040     90.797     1.3036     1.3023   2.850968   2.850739     1.8301     2.1537      7.964     1.3530    45.6673 1.0715e-01     0.2569    93.7786     6.2320     6.3241    32.8318    32.8302    26.2830    26.2818    7.88973 0.0000e+00
       3043     91.024     1.2978     1.2931   2.850533   2.850073     1.8293     2.1537      7.964     1.3530     6.0698 1.0715e-01     0.2566    93.7873     6.2298     6.3293    32.8322    32.8312    26.2837    26.2833    7.89089 0.0000e+00
       3046     91.248     1.2925     1.2880   2.850229   2.849726     1.8293     2.1529      7.964     1.3632     8.4385 1.0715e-01     0.2562    93.7960     6.2323     6.3342    32.8338    32.8321    26.2853    26.2843    7.89190 0.0000e+00
       3049     91.467     1.2899     1.2838   2.849944   2.849389     1.8297     2.1525      7.964     1.3530     8.3596 1.0715e-01     0.2562    93.7960     6.2370     6.3403    32.8328    32.8321    26.2847    26.2846    7.89249 0.0000e+00
       3052     91.689     1.2859     1.2802   2.849711   2.849176     1.8289     2.1516      7.959     1.3632     8.3201 1.0715e-01     0.2562    93.7960     6.2357     6.3389    32.8338    32.8330    26.2858    26.2855    7.89324 0.0000e+00
       3055     91.905     1.2849     1.2803   2.849700   2.849127     1.8285     2.1525      7.959     1.3632     8.3201 1.0715e-01     0.2562    93.7960     6.2411     6.3448    32.8346    32.8322    26.2865    26.2849    7.89340 0.0000e+00
       3058     92.119     1.2851     1.2796   2.849697   2.849070     1.8277     2.1529      7.959     1.3428     8.3201 1.0715e-01     0.2569    93.7786     6.2379     6.3493    32.8343    32.8321    26.2863    26.2848    7.89339 0.0000e+00
       3061     92.331     1.2841     1.2795   2.849583   2.849023     1.8281     2.1525      7.959     1.3225     8.3201 1.0715e-01     0.2547    93.8308     6.2407     6.3501    32.8337    32.8315    26.2859    26.2844    7.89361 0.0000e+00
       3064     92.541     1.2823     1.2779   2.849377   2.848889     1.8281     2.1525      7.959     1.3123   110.2944 1.0715e-01     0.2540    93.8482     6.2447     6.3533    32.8329    32.8314    26.2853    26.2844    7.89403 0.0000e+00
       3067     92.745     1.2767     1.2725   2.848932   2.848494     1.8277     2.1525      7.959     1.3225   480.8052 1.0715e-01     0.2540    93.8482     6.2455     6.3578    32.8330    32.8318    26.2858    26.2851    7.89518 0.0000e+00
       3070     92.942     1.2644     1.2670   2.847822   2.848004     1.8273     2.1529      7.959     1.3326   480.9632 1.0715e-01     0.2540    93.8482     6.2465     6.3629    32.8317    32.8313    26.2855    26.2850    7.89777 0.0000e+00
       3073     93.134     1.2523     1.2521   2.847061   2.846911     1.8277     2.1525      7.959     1.3326   481.3184 1.0715e-01     0.2540    93.8482     6.2538     6.3643    32.8346    32.8329    26.2886    26.2872    7.90011 0.0000e+00
       3076     93.319     1.2508     1.2478   2.847026   2.846666     1.8273     2.1521      7.959     1.3225   481.3579 1.0715e-01     0.2540    93.8482     6.2560     6.3650    32.8356    32.8342    26.2895    26.2886    7.90035 0.0000e+00
       3079     93.497     1.2506     1.2427   2.846929   2.846268     1.8269     2.1521      7.959     1.3326   481.3579 1.0715e-01     0.2536    93.8569     6.2566     6.3627    32.8345    32.8344    26.2887    26.2891    7.90046 0.0000e+00
       3082     93.672     1.2444     1.2405   2.846422   2.846050     1.8265     2.1516      7.959     1.3326   481.3579 1.0715e-01     0.2499    93.9438     6.2561     6.3620    32.8344    32.8338    26.2890    26.2888    7.90173 0.0000e+00
       3085     93.838     1.2402     1.2365   2.846177   2.845738     1.8265     2.1516      7.959     1.3326   481.3579 1.0715e-01     0.2495    93.9525     6.2567     6.3636    32.8357    32.8340    26.2902    26.2891    7.90253 0.0000e+00
       3088     93.996     1.2386     1.2345   2.846093   2.845627     1.8265     2.1525      7.959     1.3428   481.3579 1.0715e-01     0.2495    93.9525     6.2597     6.3668    32.8362    32.8346    26.2907    26.2897    7.90283 0.0000e+00
       3091     94.150     1.2411     1.2376   2.846364   2.845917     1.8265     2.1525      7.959     1.3632   250.6029 1.0715e-01     0.2495    93.9525     6.2614     6.3689    32.8369    32.8350    26.2911    26.2899    7.90228 0.0000e+00
       3094     94.298     1.2435     1.2362   2.846397   2.845591     1.8265     2.1516      7.959     1.3428     1.5297 1.0715e-01     0.2495    93.9525     6.2635     6.3698    32.8348    32.8321    26.2893    26.2876    7.90191 0.0000e+00
       3097     94.438     1.2335     1.2270   2.845251   2.844839     1.8265     2.1529      7.959     1.3530    10.1756 1.0715e-01     0.2495    93.9525     6.2695     6.3803    32.8306    32.8321    26.2866    26.2882    7.90419 0.0000e+00
       3100     94.574     1.2255     1.2222   2.844920   2.844617     1.8261     2.1521      7.959     1.3428     9.7413 1.0715e-01     0.2473    94.0046     6.2702     6.3805    32.8347    32.8343    26.2904    26.2903    7.90561 0.0000e+00
       3103     94.704     1.2244     1.2172   2.844936   2.844209     1.8265     2.1516      7.959     1.3632     9.7808 1.0715e-01     0.2425    94.1176     6.2752     6.3822    32.8360    32.8344    26.2915    26.2906    7.90577 0.0000e+00
       3106     94.827     1.2226     1.2159   2.844799   2.844189     1.8257     2.1521      7.959     1.3530     9.7413 1.0715e-01     0.2429    94.1089     6.2701     6.3879    32.8361    32.8354    26.2917    26.2915    7.90613 0.0000e+00
       3109     94.944     1.2231     1.2155   2.844827   2.844197     1.8257     2.1516      7.959     1.3530     9.7413 1.0715e-01     0.2429    94.1089     6.2676     6.3871    32.8359    32.8358    26.2915    26.2919    7.90605 0.0000e+00
       3112     95.053     1.2229     1.2199   2.844862   2.844454     1.8261     2.1521      7.959     1.3734     9.8203 1.0715e-01     0.2429    94.1089     6.2697     6.3887    32.8365    32.8344    26.2920    26.2905    7.90606 0.0000e+00
       3115     95.157     1.2222     1.2158   2.844740   2.844033     1.8261     2.1529      7.959     1.3836     9.7413 1.0715e-01     0.2429    94.1089     6.2712     6.3939    32.8356    32.8333    26.2913    26.2899    7.90625 0.0000e+00
       3118     95.256     1.2193     1.2136   2.844532   2.843890     1.8265     2.1533      7.959     1.3734   368.3689 1.0715e-01     0.2429    94.1089     6.2755     6.3969    32.8359    32.8337    26.2917    26.2903    7.90682 0.0000e+00
       3121     95.349     1.2156     1.2090   2.844240   2.843552     1.8265     2.1529      7.957     1.3937   481.9896 1.0715e-01     0.2381    94.2219     6.2745     6.3948    32.8360    32.8342    26.2921    26.2911    7.90757 0.0000e+00
       3124     95.434     1.2126     1.2063   2.843999   2.843439     1.8257     2.1533      7.957     1.3836   481.0816 1.0715e-01     0.2347    94.3002     6.2703     6.3986    32.8360    32.8355    26.2923    26.2923    7.90819 0.0000e+00
