Datasets/AZMP/HUD120/hud120_2020_066.cnv
* Sea-Bird SBE 9 Data File:
* FileName = C:\CTDDATA\hud120_2020_066.hex
* Software Version Seasave V 7.26.7.110
* Temperature SN = 1697
* Conductivity SN = 4216
* Number of Bytes Per Scan = 30
* Number of Voltage Words = 4
* Number of Scans Averaged by the Deck Unit = 1
* NMEA baud rate = 4800
** VESSEL/TRIP/SEQ STN:  hud120_2020_066
** LATITUDE XX XX.XX: 47 00.00 N
** LONGITUDE XX XX.XX: 047 10.10 W
** SOUNDING DEPTH (M): 0860
** PROBE TYPE: S1146
** CTD NUMBER: 045
** FORMAT: V
** COMMENTS (14 CHAR): FC-16
** BOTTLES:  0
** LEVELS: 0
** STICKERS:
** VNET: N
** DO2: N
# nquan = 22
# nvalues = 15995                       
# units = specified
# name 0 = scan: Scan Count
# name 1 = prDM: Pressure, Digiquartz [db]
# name 2 = t090C: Temperature [ITS-90, deg C]
# name 3 = t190C: Temperature, 2 [ITS-90, deg C]
# name 4 = c0S/m: Conductivity [S/m]
# name 5 = c1S/m: Conductivity, 2 [S/m]
# name 6 = sbeox0V: Oxygen raw, SBE 43 [V]
# name 7 = sbeox1V: Oxygen raw, SBE 43, 2 [V]
# name 8 = ph: pH
# name 9 = flECO-AFL: Fluorescence, WET Labs ECO-AFL/FL [mg/m^3]
# name 10 = wetCDOM: Fluorescence, WET Labs CDOM [mg/m^3]
# name 11 = par/sat/log: PAR/Logarithmic, Satlantic [umol photons/m^2/sec]
# name 12 = CStarAt0: Beam Attenuation, WET Labs C-Star [1/m]
# name 13 = CStarTr0: Beam Transmission, WET Labs C-Star [%]
# name 14 = sbeox0ML/L: Oxygen, SBE 43 [ml/l], WS = 2
# name 15 = sbeox1ML/L: Oxygen, SBE 43, 2 [ml/l], WS = 2
# name 16 = sal00: Salinity, Practical [PSU]
# name 17 = sal11: Salinity, Practical, 2 [PSU]
# name 18 = sigma-t00: Density [sigma-t, kg/m^3 ]
# name 19 = sigma-t11: Density, 2 [sigma-t, kg/m^3 ]
# name 20 = oxsatML/L: Oxygen Saturation, Weiss [ml/l]
# name 21 = flag: flag
# span 0 =         25,      52178       
# span 1 =      0.297,    852.405       
# span 2 =     1.9506,     3.8221       
# span 3 =     1.9509,     3.8195       
# span 4 =   0.442701,   3.240682       
# span 5 =   0.457352,   3.240184       
# span 6 =     1.8658,     2.1954       
# span 7 =     2.2051,     2.6343       
# span 8 =      7.992,      8.076       
# span 9 =     0.8544,     6.5118       
# span 10 =    -2.8130,   482.1870      
# span 11 = 1.0690e-01, 8.9433e-01      
# span 12 =     0.0630,     0.1962      
# span 13 =    95.2129,    98.4377      
# span 14 =     6.3434,     7.6866      
# span 15 =     6.4400,     7.8038      
# span 16 =     4.2229,    34.8210      
# span 17 =     4.3712,    34.8194      
# span 18 =     3.3591,    27.6874      
# span 19 =     3.4781,    27.6865      
# span 20 =    7.31131,    9.25619      
# span 21 = 0.0000e+00, 0.0000e+00      
# interval = scans: 3                   
# start_time = Nov 24 2020 08:58:04 [System UTC, header]
# bad_flag = -9.990e-29
*END*
[from data line 8297]
      28413    829.804     3.5774     3.5727   3.239806   3.239292     1.8713     2.2183      7.994     0.8952     3.4642 1.0752e-01     0.0860    97.8727     6.5853     6.7276    34.8193    34.8182    27.6855    27.6851    7.34865 0.0000e+00
      28416    829.627     3.5771     3.5729   3.239789   3.239307     1.8713     2.2179      7.994     0.9053     3.4642 1.0740e-01     0.0864    97.8640     6.5828     6.7249    34.8195    34.8183    27.6857    27.6852    7.34870 0.0000e+00
      28419    829.449     3.5772     3.5728   3.239775   3.239300     1.8717     2.2183      7.994     0.8952     3.4642 1.0740e-01     0.0864    97.8640     6.5827     6.7274    34.8193    34.8183    27.6856    27.6852    7.34868 0.0000e+00
      28422    829.268     3.5772     3.5728   3.239756   3.239289     1.8709     2.2191      7.994     0.9053     3.4642 1.0752e-01     0.0864    97.8640     6.5799     6.7339    34.8192    34.8183    27.6855    27.6852    7.34869 0.0000e+00
      28425    829.092     3.5772     3.5730   3.239754   3.239273     1.8709     2.2183      7.994     0.8952     6.2672 1.0740e-01     0.0860    97.8727     6.5835     6.7326    34.8193    34.8179    27.6855    27.6849    7.34869 0.0000e+00
      28428    828.922     3.5773     3.5730   3.239750   3.239260     1.8709     2.2183      7.994     0.8850    11.7942 1.0752e-01     0.0853    97.8901     6.5829     6.7316    34.8192    34.8179    27.6855    27.6849    7.34868 0.0000e+00
      28431    828.760     3.5773     3.5728   3.239742   3.239240     1.8717     2.2183      7.994     0.9053    11.5574 1.0752e-01     0.0853    97.8901     6.5822     6.7315    34.8192    34.8179    27.6855    27.6849    7.34868 0.0000e+00
      28434    828.605     3.5770     3.5729   3.239726   3.239228     1.8717     2.2183      7.994     0.9053    11.5968 1.0752e-01     0.0853    97.8901     6.5844     6.7323    34.8194    34.8178    27.6856    27.6848    7.34872 0.0000e+00
      28437    828.459     3.5771     3.5727   3.239726   3.239221     1.8713     2.2183      7.994     0.8952    11.5968 1.0752e-01     0.0853    97.8901     6.5831     6.7320    34.8194    34.8181    27.6856    27.6850    7.34870 0.0000e+00
      28440    828.321     3.5769     3.5727   3.239713   3.239216     1.8713     2.2183      7.994     0.8952    11.5968 1.0727e-01     0.0853    97.8901     6.5815     6.7317    34.8195    34.8181    27.6858    27.6850    7.34873 0.0000e+00
      28443    828.191     3.5768     3.5727   3.239713   3.239207     1.8713     2.2179      7.994     0.9155    11.5574 1.0752e-01     0.0853    97.8901     6.5828     6.7287    34.8197    34.8180    27.6859    27.6849    7.34874 0.0000e+00
      28446    828.066     3.5769     3.5725   3.239721   3.239201     1.8721     2.2187      7.994     0.9155    11.5968 1.0740e-01     0.1117    97.2468     6.5886     6.7342    34.8198    34.8182    27.6860    27.6851    7.34873 0.0000e+00
      28449    827.950     3.5770     3.5724   3.239694   3.239192     1.8717     2.2187      7.994     0.8952    11.5968 1.0727e-01     0.1242    96.9426     6.5853     6.7378    34.8194    34.8182    27.6856    27.6852    7.34872 0.0000e+00
      28452    827.840     3.5764     3.5725   3.239700   3.239191     1.8705     2.2179      7.996     0.9257   299.5175 1.0740e-01     0.1238    96.9513     6.5781     6.7346    34.8201    34.8182    27.6863    27.6852    7.34879 0.0000e+00
      28455    827.735     3.5764     3.5724   3.239687   3.239173     1.8709     2.2183      7.994     0.8952   481.7133 1.0740e-01     0.1238    96.9513     6.5783     6.7353    34.8200    34.8181    27.6862    27.6851    7.34879 0.0000e+00
      28458    827.637     3.5763     3.5724   3.239674   3.239174     1.8717     2.2183      7.994     0.8952   480.9632 1.0727e-01     0.1238    96.9513     6.5848     6.7343    34.8200    34.8182    27.6862    27.6852    7.34881 0.0000e+00
      28461    827.547     3.5766     3.5724   3.239675   3.239166     1.8713     2.2183      7.994     0.9053   481.3579 1.0752e-01     0.1238    96.9513     6.5830     6.7342    34.8198    34.8181    27.6860    27.6851    7.34878 0.0000e+00
      28464    827.461     3.5766     3.5723   3.239663   3.239174     1.8709     2.2183      7.994     0.8952   481.3184 1.0727e-01     0.1227    96.9774     6.5816     6.7338    34.8197    34.8184    27.6859    27.6854    7.34878 0.0000e+00
      28467    827.381     3.5766     3.5723   3.239673   3.239174     1.8717     2.2183      7.994     0.9053   481.3184 1.0727e-01     0.0892    97.7945     6.5841     6.7337    34.8199    34.8185    27.6861    27.6854    7.34878 0.0000e+00
      28470    827.303     3.5766     3.5723   3.239639   3.239164     1.8721     2.2196      7.994     0.9053   481.3579 1.0740e-01     0.0864    97.8640     6.5892     6.7376    34.8195    34.8183    27.6858    27.6853    7.34880 0.0000e+00
      28473    827.227     3.5766     3.5724   3.239659   3.239170     1.8713     2.2187      7.994     0.9053   481.3184 1.0752e-01     0.0864    97.8640     6.5891     6.7346    34.8197    34.8184    27.6859    27.6854    7.34877 0.0000e+00
      28476    827.155     3.5765     3.5724   3.239645   3.239160     1.8713     2.2187      7.994     0.9053   477.1731 1.0740e-01     0.0864    97.8640     6.5902     6.7358    34.8197    34.8183    27.6860    27.6852    7.34879 0.0000e+00
      28479    827.081     3.5762     3.5725   3.239644   3.239134     1.8713     2.2179      7.994     0.9663    64.9330 1.0752e-01     0.0864    97.8640     6.5898     6.7333    34.8200    34.8179    27.6862    27.6850    7.34883 0.0000e+00
      28482    827.002     3.5763     3.5723   3.239636   3.239151     1.8717     2.2187      7.994     0.9663     8.9123 1.0727e-01     0.0864    97.8640     6.5924     6.7382    34.8199    34.8183    27.6861    27.6853    7.34882 0.0000e+00
      28485    826.925     3.5766     3.5724   3.239635   3.239142     1.8717     2.2183      7.994     0.9663    11.5969 1.0752e-01     0.0867    97.8553     6.5919     6.7359    34.8197    34.8182    27.6859    27.6852    7.34879 0.0000e+00
      28488    826.845     3.5762     3.5723   3.239625   3.239144     1.8713     2.2187      7.994     0.9663    11.5179 1.0740e-01     0.0853    97.8901     6.5877     6.7364    34.8200    34.8184    27.6862    27.6853    7.34884 0.0000e+00
      28491    826.762     3.5764     3.5724   3.239617   3.239136     1.8713     2.2187      7.994     0.9663    11.4784 1.0740e-01     0.0853    97.8901     6.5860     6.7369    34.8197    34.8182    27.6859    27.6852    7.34881 0.0000e+00
      28494    826.675     3.5763     3.5722   3.239621   3.239135     1.8730     2.2183      7.994     0.9562    11.4784 1.0752e-01     0.0853    97.8901     6.5946     6.7358    34.8199    34.8184    27.6862    27.6854    7.34882 0.0000e+00
      28497    826.588     3.5766     3.5723   3.239592   3.239109     1.8717     2.2187      7.994     0.9562    11.4784 1.0752e-01     0.0853    97.8901     6.5884     6.7401    34.8193    34.8181    27.6856    27.6851    7.34880 0.0000e+00
      28500    826.499     3.5764     3.5722   3.239591   3.239124     1.8721     2.2187      7.996     0.9663    11.4784 1.0752e-01     0.0853    97.8901     6.5910     6.7414    34.8195    34.8184    27.6858    27.6853    7.34882 0.0000e+00
      28503    826.406     3.5767     3.5722   3.239608   3.239099     1.8725     2.2196      7.994     0.9460     9.7019 1.0752e-01     0.0853    97.8901     6.5934     6.7450    34.8194    34.8182    27.6857    27.6852    7.34877 0.0000e+00
      28506    826.311     3.5765     3.5722   3.239602   3.239103     1.8717     2.2196      7.994     0.9053     1.2139 1.0740e-01     0.0853    97.8901     6.5869     6.7433    34.8196    34.8183    27.6859    27.6853    7.34880 0.0000e+00
      28509    826.209     3.5765     3.5723   3.239576   3.239092     1.8717     2.2187      7.994     0.8952     1.3323 1.0740e-01     0.0853    97.8901     6.5835     6.7405    34.8194    34.8180    27.6857    27.6850    7.34881 0.0000e+00
      28512    826.110     3.5765     3.5723   3.239595   3.239086     1.8717     2.2187      7.994     0.8952     1.3323 1.0727e-01     0.0853    97.8901     6.5836     6.7373    34.8197    34.8180    27.6859    27.6851    7.34880 0.0000e+00
      28515    826.006     3.5764     3.5722   3.239587   3.239073     1.8721     2.2196      7.994     0.8952     1.3323 1.0752e-01     0.0853    97.8901     6.5826     6.7398    34.8198    34.8181    27.6860    27.6851    7.34882 0.0000e+00
      28518    825.900     3.5763     3.5722   3.239583   3.239084     1.8717     2.2187      7.994     0.8952     1.3323 1.0740e-01     0.0853    97.8901     6.5794     6.7364    34.8199    34.8182    27.6861    27.6852    7.34883 0.0000e+00
      28521    825.792     3.5763     3.5722   3.239575   3.239075     1.8721     2.2196      7.994     0.9053     1.3323 1.0740e-01     0.0853    97.8901     6.5835     6.7382    34.8198    34.8182    27.6861    27.6852    7.34883 0.0000e+00
      28524    825.682     3.5764     3.5722   3.239548   3.239062     1.8725     2.2196      7.994     0.9053     1.3323 1.0740e-01     0.0857    97.8814     6.5848     6.7385    34.8194    34.8182    27.6857    27.6851    7.34883 0.0000e+00
      28527    825.571     3.5763     3.5722   3.239553   3.239083     1.8726     2.2192      7.994     0.8850     1.3323 1.0727e-01     0.0853    97.8901     6.5861     6.7369    34.8197    34.8184    27.6860    27.6853    7.34884 0.0000e+00
      28530    825.459     3.5764     3.5722   3.239538   3.239053     1.8713     2.2196      7.994     0.9257     7.2542 1.0740e-01     0.0849    97.8988     6.5841     6.7398    34.8194    34.8182    27.6857    27.6852    7.34882 0.0000e+00
      28533    825.353     3.5764     3.5723   3.239542   3.239073     1.8717     2.2196      7.994     0.9358    15.3079 1.0752e-01     0.0846    97.9075     6.5879     6.7401    34.8195    34.8183    27.6858    27.6852    7.34882 0.0000e+00
      28536    825.244     3.5762     3.5722   3.239535   3.239043     1.8721     2.2183      7.994     0.9358    14.9526 1.0752e-01     0.0846    97.9075     6.5881     6.7346    34.8197    34.8181    27.6860    27.6851    7.34885 0.0000e+00
      28539    825.133     3.5766     3.5723   3.239564   3.239056     1.8721     2.2196      7.994     0.9358    14.9526 1.0752e-01     0.0853    97.8901     6.5846     6.7386    34.8197    34.8182    27.6859    27.6852    7.34878 0.0000e+00
      28542    825.024     3.5762     3.5722   3.239537   3.239052     1.8717     2.2196      7.994     0.9358    14.9526 1.0727e-01     0.0849    97.8988     6.5837     6.7387    34.8199    34.8183    27.6861    27.6853    7.34884 0.0000e+00
      28545    824.914     3.5762     3.5721   3.239545   3.239036     1.8725     2.2196      7.994     0.9460    14.9526 1.0740e-01     0.0853    97.8901     6.5880     6.7374    34.8200    34.8183    27.6862    27.6852    7.34883 0.0000e+00
      28548    824.808     3.5760     3.5722   3.239535   3.239041     1.8717     2.2200      7.994     0.9155    14.9526 1.0740e-01     0.0846    97.9075     6.5890     6.7419    34.8202    34.8183    27.6864    27.6853    7.34886 0.0000e+00
      28551    824.705     3.5760     3.5721   3.239506   3.239028     1.8721     2.2196      7.994     0.9358    14.9526 1.0752e-01     0.0853    97.8901     6.5917     6.7429    34.8199    34.8183    27.6861    27.6852    7.34888 0.0000e+00
      28554    824.599     3.5762     3.5721   3.239512   3.239023     1.8730     2.2196      7.994     0.9358    14.9526 1.0752e-01     0.0849    97.8988     6.5939     6.7442    34.8198    34.8183    27.6861    27.6852    7.34885 0.0000e+00
      28557    824.492     3.5760     3.5720   3.239498   3.239027     1.8730     2.2200      7.994     0.9053   343.9314 1.0727e-01     0.0853    97.8901     6.5891     6.7449    34.8199    34.8185    27.6861    27.6854    7.34887 0.0000e+00
      28560    824.388     3.5762     3.5721   3.239484   3.239010     1.8713     2.2196      7.994     0.9053   482.0291 1.0740e-01     0.0849    97.8988     6.5804     6.7413    34.8196    34.8183    27.6859    27.6853    7.34886 0.0000e+00
      28563    824.287     3.5763     3.5721   3.239469   3.238987     1.8721     2.2196      7.994     0.8952   480.9631 1.0740e-01     0.0853    97.8901     6.5843     6.7393    34.8193    34.8181    27.6857    27.6851    7.34885 0.0000e+00
      28566    824.191     3.5762     3.5719   3.239464   3.238976     1.8721     2.2196      7.994     0.9155   481.3184 1.0740e-01     0.0853    97.8901     6.5818     6.7402    34.8194    34.8182    27.6858    27.6852    7.34887 0.0000e+00
      28569    824.099     3.5761     3.5719   3.239468   3.238980     1.8730     2.2200      7.994     0.8952   481.3184 1.0752e-01     0.0864    97.8640     6.5840     6.7420    34.8197    34.8182    27.6859    27.6852    7.34888 0.0000e+00
      28572    824.008     3.5759     3.5720   3.239463   3.238972     1.8738     2.2208      7.994     0.8952   481.3184 1.0740e-01     0.0860    97.8727     6.5888     6.7461    34.8198    34.8181    27.6861    27.6852    7.34890 0.0000e+00
      28575    823.918     3.5758     3.5718   3.239448   3.238969     1.8713     2.2208      7.994     0.9155   481.3184 1.0752e-01     0.0860    97.8727     6.5741     6.7441    34.8198    34.8183    27.6861    27.6853    7.34892 0.0000e+00
      28578    823.832     3.5759     3.5716   3.239454   3.238971     1.8721     2.2204      7.994     0.9155   481.2790 1.0740e-01     0.0864    97.8640     6.5787     6.7419    34.8198    34.8186    27.6861    27.6855    7.34890 0.0000e+00
      28581    823.751     3.5759     3.5717   3.239454   3.238944     1.8717     2.2196      7.994     0.9155   458.2627 1.0752e-01     0.0864    97.8640     6.5775     6.7368    34.8199    34.8182    27.6862    27.6852    7.34890 0.0000e+00
      28584    823.673     3.5760     3.5717   3.239442   3.238945     1.8725     2.2200      7.996     0.9053    43.0222 1.0740e-01     0.0864    97.8640     6.5838     6.7378    34.8197    34.8183    27.6860    27.6853    7.34890 0.0000e+00
      28587    823.596     3.5760     3.5717   3.239441   3.238944     1.8721     2.2204      7.994     0.9053    16.6501 1.0740e-01     0.0853    97.8901     6.5788     6.7368    34.8197    34.8183    27.6860    27.6853    7.34889 0.0000e+00
      28590    823.521     3.5759     3.5717   3.239444   3.238947     1.8717     2.2204      7.994     0.8952    17.6372 1.0740e-01     0.0846    97.9075     6.5769     6.7345    34.8199    34.8184    27.6862    27.6854    7.34890 0.0000e+00
      28593    823.450     3.5760     3.5715   3.239272   3.238945     1.8725     2.2208      7.994     0.9155    17.5582 1.0752e-01     0.0846    97.9075     6.5801     6.7358    34.8177    34.8186    27.6844    27.6855    7.34898 0.0000e+00
      28596    823.380     3.5760     3.5717   3.239423   3.238926     1.8721     2.2204      7.994     0.9053    17.5582 1.0727e-01     0.0853    97.8901     6.5826     6.7337    34.8196    34.8182    27.6859    27.6853    7.34890 0.0000e+00
      28599    823.311     3.5757     3.5717   3.239416   3.238934     1.8721     2.2196      7.994     0.8952    17.5582 1.0740e-01     0.0849    97.8988     6.5848     6.7304    34.8199    34.8184    27.6862    27.6854    7.34894 0.0000e+00
      28602    823.246     3.5758     3.5718   3.239399   3.238929     1.8721     2.2208      7.994     0.8850    17.5582 1.0740e-01     0.0842    97.9162     6.5811     6.7363    34.8196    34.8182    27.6859    27.6852    7.34893 0.0000e+00
      28605    823.178     3.5759     3.5717   3.239415   3.238928     1.8717     2.2196      7.994     0.9053    17.5582 1.0752e-01     0.0849    97.8988     6.5798     6.7329    34.8196    34.8184    27.6860    27.6854    7.34890 0.0000e+00
