Datasets/AZMP/HUD120/hud120_2020_053.cnv
* Sea-Bird SBE 9 Data File:
* FileName = C:\CTDDATA\hud120_2020_053.hex
* Software Version Seasave V 7.26.7.110
* Temperature SN = 1697
* Conductivity SN = 4216
* Number of Bytes Per Scan = 30
* Number of Voltage Words = 4
* Number of Scans Averaged by the Deck Unit = 1
* NMEA baud rate = 4800
** VESSEL/TRIP/SEQ STN:  hud120_2020_053
** LATITUDE XX XX.XX: 47 00.00 N
** LONGITUDE XX XX.XX: 044 13.90 W
** SOUNDING DEPTH (M): 0280
** PROBE TYPE: S1146
** CTD NUMBER: 032
** FORMAT: V
** COMMENTS (14 CHAR): FC-29
** BOTTLES:  10
** LEVELS: 5,10,20,30,40,50,75,100,150,BTM
** STICKERS: 439709 - 439718
** VNET: Y
** DO2: N
# nquan = 22
# nvalues = 4870                        
# units = specified
# name 0 = scan: Scan Count
# name 1 = prDM: Pressure, Digiquartz [db]
# name 2 = t090C: Temperature [ITS-90, deg C]
# name 3 = t190C: Temperature, 2 [ITS-90, deg C]
# name 4 = c0S/m: Conductivity [S/m]
# name 5 = c1S/m: Conductivity, 2 [S/m]
# name 6 = sbeox0V: Oxygen raw, SBE 43 [V]
# name 7 = sbeox1V: Oxygen raw, SBE 43, 2 [V]
# name 8 = ph: pH
# name 9 = flECO-AFL: Fluorescence, WET Labs ECO-AFL/FL [mg/m^3]
# name 10 = wetCDOM: Fluorescence, WET Labs CDOM [mg/m^3]
# name 11 = par/sat/log: PAR/Logarithmic, Satlantic [umol photons/m^2/sec]
# name 12 = CStarAt0: Beam Attenuation, WET Labs C-Star [1/m]
# name 13 = CStarTr0: Beam Transmission, WET Labs C-Star [%]
# name 14 = sbeox0ML/L: Oxygen, SBE 43 [ml/l], WS = 2
# name 15 = sbeox1ML/L: Oxygen, SBE 43, 2 [ml/l], WS = 2
# name 16 = sal00: Salinity, Practical [PSU]
# name 17 = sal11: Salinity, Practical, 2 [PSU]
# name 18 = sigma-t00: Density [sigma-t, kg/m^3 ]
# name 19 = sigma-t11: Density, 2 [sigma-t, kg/m^3 ]
# name 20 = oxsatML/L: Oxygen Saturation, Weiss [ml/l]
# name 21 = flag: flag
# span 0 =         53,      39061       
# span 1 =      1.545,    273.322       
# span 2 =     4.0704,     6.9419       
# span 3 =     4.0652,     6.9373       
# span 4 =   3.207688,   3.421584       
# span 5 =   3.206853,   3.421117       
# span 6 =     1.7995,     2.2155       
# span 7 =     2.1411,     2.6710       
# span 8 =      7.939,      8.114       
# span 9 =     0.8850,     5.0974       
# span 10 =    -2.8130,   482.1870      
# span 11 = 1.0678e-01, 2.1848e-01      
# span 12 =     0.0800,     0.9318      
# span 13 =    79.2190,    98.0205      
# span 14 =     5.4388,     6.8437      
# span 15 =     5.6003,     7.1057      
# span 16 =    33.8333,    34.8490      
# span 17 =    33.8346,    34.8485      
# span 18 =    26.5088,    27.6489      
# span 19 =    26.5103,    27.6490      
# span 20 =    6.82092,    7.28157      
# span 21 = 0.0000e+00, 0.0000e+00      
# interval = scans: 3                   
# start_time = Nov 23 2020 03:05:03 [System UTC, header]
# bad_flag = -9.990e-29
*END*
[from data line 791]
       4324     97.020     4.2589     4.2550   3.246475   3.246116     1.8599     2.2181      7.968     0.9663     1.0954 1.0715e-01     0.0832    97.9422     5.8471     6.0269    34.5671    34.5669    27.4145    27.4148    7.23845 0.0000e+00
       4327     97.182     4.2514     4.2439   3.245742   3.245024     1.8603     2.2177      7.968     0.9562     1.0954 1.0715e-01     0.0832    97.9422     5.8491     6.0298    34.5663    34.5657    27.4147    27.4150    7.23983 0.0000e+00
       4330     97.349     4.2431     4.2367   3.244984   3.244499     1.8607     2.2173      7.968     0.9765     1.0954 1.0727e-01     0.0832    97.9422     5.8515     6.0301    34.5660    34.5669    27.4153    27.4167    7.24131 0.0000e+00
       4333     97.521     4.2380     4.2327   3.244651   3.244145     1.8607     2.2185      7.968     0.9562     1.0954 1.0715e-01     0.0832    97.9422     5.8494     6.0356    34.5672    34.5669    27.4169    27.4172    7.24215 0.0000e+00
       4336     97.698     4.2354     4.2284   3.244351   3.243708     1.8599     2.2185      7.968     0.9663     1.0954 1.0715e-01     0.0832    97.9422     5.8477     6.0381    34.5664    34.5662    27.4164    27.4170    7.24265 0.0000e+00
       4339     97.877     4.2303     4.2264   3.243901   3.243627     1.8603     2.2173      7.968     0.9663     1.0954 1.0715e-01     0.0835    97.9335     5.8534     6.0331    34.5663    34.5672    27.4169    27.4181    7.24356 0.0000e+00
       4342     98.054     4.2287     4.2256   3.243843   3.243503     1.8611     2.2177      7.968     0.9663     1.0954 1.0715e-01     0.0842    97.9162     5.8568     6.0344    34.5672    34.5664    27.4178    27.4176    7.24380 0.0000e+00
       4345     98.237     4.2266     4.2216   3.243565   3.243085     1.8616     2.2193      7.968     0.9663     0.5822 1.0715e-01     0.0839    97.9249     5.8581     6.0400    34.5660    34.5656    27.4171    27.4173    7.24423 0.0000e+00
       4348     98.425     4.2220     4.2175   3.243104   3.242691     1.8603     2.2197      7.968     0.9663     0.5032 1.0715e-01     0.0835    97.9335     5.8524     6.0416    34.5653    34.5652    27.4170    27.4174    7.24508 0.0000e+00
       4351     98.611     4.2191     4.2144   3.242961   3.242499     1.8611     2.2193      7.968     0.9663     0.5032 1.0715e-01     0.0835    97.9335     5.8549     6.0414    34.5665    34.5660    27.4183    27.4184    7.24553 0.0000e+00
       4354     98.797     4.2185     4.2141   3.242960   3.242489     1.8607     2.2185      7.968     0.9562     0.4637 1.0715e-01     0.0839    97.9249     5.8547     6.0360    34.5670    34.5662    27.4188    27.4186    7.24561 0.0000e+00
       4357     98.983     4.2183     4.2135   3.242939   3.242458     1.8607     2.2189      7.968     0.9562     0.5032 1.0715e-01     0.0832    97.9422     5.8556     6.0373    34.5669    34.5664    27.4187    27.4188    7.24565 0.0000e+00
       4360     99.168     4.2196     4.2143   3.243210   3.242581     1.8611     2.2193      7.968     0.9663     0.5032 1.0727e-01     0.0835    97.9335     5.8566     6.0391    34.5687    34.5668    27.4200    27.4190    7.24534 0.0000e+00
       4363     99.352     4.2233     4.2171   3.243682   3.243002     1.8620     2.2185      7.968     0.9867     0.5032 1.0715e-01     0.0832    97.9422     5.8563     6.0356    34.5702    34.5688    27.4208    27.4203    7.24461 0.0000e+00
       4366     99.534     4.2296     4.2245   3.244336   3.243788     1.8611     2.2185      7.968     0.9867     0.5032 1.0715e-01     0.0832    97.9422     5.8496     6.0313    34.5713    34.5702    27.4210    27.4207    7.24345 0.0000e+00
       4369     99.712     4.2318     4.2274   3.244521   3.244028     1.8611     2.2193      7.968     0.9969     0.5822 1.0715e-01     0.0832    97.9422     5.8498     6.0319    34.5710    34.5698    27.4206    27.4200    7.24306 0.0000e+00
       4372     99.888     4.2361     4.2296   3.245266   3.244364     1.8607     2.2197      7.968     0.9969     1.9245 1.0715e-01     0.0832    97.9422     5.8469     6.0341    34.5752    34.5714    27.4234    27.4211    7.24210 0.0000e+00
       4375    100.060     4.2477     4.2412   3.246380   3.245632     1.8616     2.2189      7.968     0.9867     2.0429 1.0715e-01     0.0832    97.9422     5.8460     6.0303    34.5761    34.5741    27.4229    27.4220    7.24001 0.0000e+00
       4378    100.226     4.2538     4.2487   3.246900   3.246351     1.8620     2.2193      7.966     0.9969     2.0429 1.0715e-01     0.0832    97.9422     5.8470     6.0297    34.5757    34.5746    27.4220    27.4216    7.23894 0.0000e+00
       4381    100.386     4.2557     4.2517   3.247035   3.246606     1.8616     2.2193      7.968     0.9969     2.0429 1.0715e-01     0.0842    97.9162     5.8458     6.0293    34.5753    34.5744    27.4214    27.4211    7.23863 0.0000e+00
       4384    100.541     4.2561     4.2521   3.247084   3.246646     1.8611     2.2197      7.968     1.0071     2.0429 1.0715e-01     0.0842    97.9162     5.8453     6.0332    34.5754    34.5744    27.4214    27.4211    7.23856 0.0000e+00
       4387    100.689     4.2563     4.2517   3.247097   3.246610     1.8607     2.2197      7.968     0.9867     2.0429 1.0715e-01     0.0842    97.9162     5.8473     6.0341    34.5752    34.5742    27.4212    27.4210    7.23852 0.0000e+00
       4390    100.829     4.2565     4.2537   3.247199   3.246985     1.8607     2.2189      7.968     0.9765     2.0429 1.0715e-01     0.0842    97.9162     5.8496     6.0292    34.5761    34.5765    27.4219    27.4225    7.23845 0.0000e+00
       4393    100.960     4.2597     4.2565   3.247646   3.247235     1.8611     2.2193      7.968     0.9765     2.0429 1.0715e-01     0.0842    97.9162     5.8531     6.0292    34.5780    34.5765    27.4231    27.4222    7.23779 0.0000e+00
       4396    101.083     4.2616     4.2580   3.247824   3.247503     1.8611     2.2193      7.968     0.9562     2.5562 1.0715e-01     0.0842    97.9162     5.8524     6.0308    34.5780    34.5780    27.4229    27.4233    7.23745 0.0000e+00
       4399    101.199     4.2633     4.2605   3.248027   3.247677     1.8607     2.2189      7.966     0.9562     4.0959 1.0715e-01     0.0842    97.9162     5.8484     6.0304    34.5785    34.5774    27.4232    27.4225    7.23712 0.0000e+00
       4402    101.310     4.2638     4.2603   3.248052   3.247654     1.8616     2.2193      7.968     0.9562     4.0564 1.0715e-01     0.0839    97.9249     5.8526     6.0304    34.5783    34.5772    27.4229    27.4224    7.23705 0.0000e+00
       4405    101.409     4.2648     4.2609   3.248104   3.247732     1.8620     2.2201      7.966     0.9562     4.0564 1.0715e-01     0.0835    97.9335     5.8553     6.0345    34.5778    34.5775    27.4224    27.4226    7.23690 0.0000e+00
       4408    101.499     4.2632     4.2598   3.247828   3.247504     1.8624     2.2205      7.968     0.9765     4.0564 1.0715e-01     0.0839    97.9249     5.8580     6.0360    34.5761    34.5759    27.4212    27.4214    7.23726 0.0000e+00
       4411    101.582     4.2583     4.2540   3.247294   3.246898     1.8628     2.2197      7.968     0.9765     4.0564 1.0727e-01     0.0839    97.9249     5.8604     6.0350    34.5749    34.5748    27.4208    27.4212    7.23818 0.0000e+00
       4414    101.656     4.2564     4.2512   3.247181   3.246712     1.8620     2.2193      7.968     0.9765     4.0564 1.0715e-01     0.0835    97.9335     5.8543     6.0339    34.5756    34.5755    27.4216    27.4221    7.23849 0.0000e+00
       4417    101.720     4.2573     4.2510   3.247351   3.246743     1.8624     2.2201      7.968     1.0071     4.0564 1.0715e-01     0.0839    97.9249     5.8524     6.0340    34.5766    34.5761    27.4222    27.4225    7.23828 0.0000e+00
       4420    101.774     4.2548     4.2495   3.247090   3.246619     1.8620     2.2201      7.968     0.9969     4.0564 1.0715e-01     0.0839    97.9249     5.8476     6.0336    34.5761    34.5761    27.4221    27.4227    7.23874 0.0000e+00
       4423    101.825     4.2539     4.2491   3.247008   3.246596     1.8611     2.2201      7.968     0.9969     1.0560 1.0715e-01     0.0839    97.9249     5.8406     6.0318    34.5760    34.5762    27.4222    27.4228    7.23890 0.0000e+00
       4426    101.869     4.2510     4.2494   3.246828   3.246629     1.8620     2.2197      7.968     0.9969    -1.4312 1.0715e-01     0.0839    97.9248     5.8407     6.0266    34.5769    34.5763    27.4232    27.4229    7.23937 0.0000e+00
       4429    101.911     4.2511     4.2478   3.246872   3.246490     1.8616     2.2205      7.968     0.9867    -1.3128 1.0715e-01     0.0832    97.9422     5.8375     6.0288    34.5774    34.5764    27.4235    27.4231    7.23934 0.0000e+00
       4432    101.940     4.2495     4.2473   3.246790   3.246423     1.8620     2.2201      7.966     0.9969    -1.3523 1.0715e-01     0.0839    97.9249     5.8408     6.0270    34.5780    34.5760    27.4242    27.4229    7.23959 0.0000e+00
       4435    101.968     4.2489     4.2473   3.246730   3.246434     1.8624     2.2201      7.968     1.0071    -1.3128 1.0715e-01     0.0842    97.9162     5.8424     6.0261    34.5780    34.5762    27.4242    27.4230    7.23970 0.0000e+00
       4438    101.991     4.2509     4.2487   3.246843   3.246537     1.8611     2.2193      7.968     0.9867    -1.3128 1.0715e-01     0.0839    97.9249     5.8365     6.0206    34.5772    34.5759    27.4234    27.4226    7.23939 0.0000e+00
       4444    102.034     4.2514     4.2479   3.246852   3.246519     1.8611     2.2197      7.968     0.9664    -1.3128 1.0715e-01     0.0835    97.9335     5.8393     6.0186    34.5767    34.5765    27.4230    27.4231    7.23931 0.0000e+00
       4453    102.101     4.2516     4.2470   3.246934   3.246404     1.8616     2.2197      7.966     0.9358    -1.8260 1.0715e-01     0.0832    97.9422     5.8429     6.0163    34.5775    34.5760    27.4236    27.4229    7.23925 0.0000e+00
       4456    102.128     4.2524     4.2468   3.247027   3.246391     1.8616     2.2189      7.968     0.9358    -1.8260 1.0715e-01     0.0832    97.9422     5.8412     6.0122    34.5777    34.5761    27.4236    27.4230    7.23909 0.0000e+00
       4459    102.157     4.2546     4.2471   3.247203   3.246423     1.8603     2.2185      7.966     0.9460    -1.7866 1.0715e-01     0.0835    97.9335     5.8362     6.0084    34.5775    34.5761    27.4233    27.4230    7.23872 0.0000e+00
       4462    102.190     4.2552     4.2480   3.247252   3.246502     1.8607     2.2185      7.968     0.9257    -1.7866 1.0715e-01     0.0832    97.9422     5.8381     6.0067    34.5773    34.5761    27.4231    27.4229    7.23861 0.0000e+00
       4465    102.229     4.2553     4.2495   3.247277   3.246683     1.8611     2.2185      7.966     0.9358    -1.7471 1.0715e-01     0.0832    97.9422     5.8381     6.0058    34.5776    34.5766    27.4232    27.4231    7.23859 0.0000e+00
       4468    102.274     4.2587     4.2515   3.247698   3.246917     1.8620     2.2181      7.965     0.9562    -1.8260 1.0715e-01     0.0832    97.9422     5.8414     6.0018    34.5789    34.5773    27.4239    27.4234    7.23792 0.0000e+00
       4471    102.323     4.2612     4.2519   3.247964   3.246926     1.8611     2.2173      7.966     0.9663    -1.7866 1.0715e-01     0.0832    97.9422     5.8372     5.9989    34.5794    34.5770    27.4241    27.4231    7.23746 0.0000e+00
       4474    102.385     4.2614     4.2520   3.247892   3.247044     1.8611     2.2185      7.968     0.9663    -1.7866 1.0727e-01     0.0832    97.9422     5.8391     6.0046    34.5783    34.5781    27.4232    27.4240    7.23747 0.0000e+00
       4477    102.458     4.2576     4.2552   3.247488   3.247313     1.8607     2.2181      7.968     0.9663    -1.8655 1.0715e-01     0.0832    97.9422     5.8387     6.0046    34.5775    34.5780    27.4229    27.4236    7.23818 0.0000e+00
       4480    102.541     4.2497     4.2509   3.246763   3.246857     1.8599     2.2169      7.966     0.9562    -1.8260 1.0727e-01     0.0832    97.9422     5.8399     6.0043    34.5772    34.5770    27.4235    27.4232    7.23959 0.0000e+00
       4483    102.634     4.2372     4.2465   3.245256   3.246258     1.8607     2.2160      7.968     0.9765    -1.8260 1.0715e-01     0.0832    97.9422     5.8457     6.0042    34.5725    34.5745    27.4211    27.4218    7.24204 0.0000e+00
       4486    102.737     4.2207     4.2216   3.243856   3.243857     1.8599     2.2164      7.966     0.9765    -1.8655 1.0715e-01     0.0832    97.9422     5.8442     6.0091    34.5732    34.5723    27.4234    27.4227    7.24492 0.0000e+00
       4489    102.852     4.2151     4.2109   3.243556   3.243144     1.8603     2.2169      7.966     0.9765    -1.8260 1.0715e-01     0.0832    97.9422     5.8483     6.0140    34.5755    34.5751    27.4259    27.4260    7.24582 0.0000e+00
       4492    102.977     4.2142     4.2088   3.243598   3.243062     1.8607     2.2152      7.966     0.9663    -1.8260 1.0715e-01     0.0832    97.9422     5.8509     6.0122    34.5769    34.5762    27.4271    27.4271    7.24590 0.0000e+00
       4495    103.115     4.2157     4.2091   3.243745   3.243048     1.8607     2.2164      7.968     0.9562    -1.7866 1.0715e-01     0.0832    97.9422     5.8537     6.0208    34.5770    34.5757    27.4270    27.4267    7.24564 0.0000e+00
       4498    103.270     4.2164     4.2116   3.243748   3.243287     1.8611     2.2173      7.968     0.9562    -1.7866 1.0715e-01     0.0832    97.9422     5.8582     6.0255    34.5762    34.5758    27.4263    27.4265    7.24555 0.0000e+00
       4501    103.437     4.2137     4.2092   3.243429   3.242958     1.8611     2.2160      7.968     0.9663   200.9383 1.0715e-01     0.0835    97.9335     5.8625     6.0264    34.5751    34.5744    27.4257    27.4256    7.24607 0.0000e+00
       4504    103.614     4.2055     4.2055   3.242627   3.242759     1.8611     2.2173      7.968     0.9664   482.1870 1.0715e-01     0.0832    97.9422     5.8663     6.0366    34.5742    34.5758    27.4259    27.4271    7.24758 0.0000e+00
       4507    103.803     4.1974     4.2007   3.241969   3.242188     1.8603     2.2160      7.968     0.9663   481.1606 1.0715e-01     0.0828    97.9509     5.8659     6.0367    34.5748    34.5740    27.4272    27.4262    7.24898 0.0000e+00
       4510    104.004     4.1931     4.1917   3.241652   3.241532     1.8616     2.2156      7.968     0.9765   481.3184 1.0715e-01     0.0832    97.9422     5.8727     6.0384    34.5755    34.5756    27.4282    27.4284    7.24972 0.0000e+00
       4513    104.213     4.1883     4.1872   3.241201   3.241142     1.8611     2.2164      7.966     0.9460   481.3579 1.0715e-01     0.0832    97.9422     5.8711     6.0467    34.5751    34.5756    27.4284    27.4289    7.25059 0.0000e+00
       4516    104.431     4.1842     4.1801   3.240879   3.240488     1.8603     2.2173      7.966     0.9765   481.3579 1.0715e-01     0.0832    97.9422     5.8703     6.0540    34.5756    34.5752    27.4292    27.4293    7.25130 0.0000e+00
       4519    104.659     4.1799     4.1747   3.240463   3.240048     1.8611     2.2177      7.966     0.9663   481.3579 1.0715e-01     0.0832    97.9422     5.8766     6.0577    34.5750    34.5755    27.4292    27.4302    7.25209 0.0000e+00
       4522    104.894     4.1728     4.1678   3.239855   3.239431     1.8620     2.2164      7.965     0.9867   481.3579 1.0715e-01     0.0832    97.9422     5.8830     6.0596    34.5751    34.5754    27.4301    27.4308    7.25335 0.0000e+00
