Datasets/AZMP/HUD120/hud120_2020_029.cnv
* Sea-Bird SBE 9 Data File:
* FileName = C:\CTDDATA\hud120_2020_029.hex
* Software Version Seasave V 7.26.7.110
* Temperature SN = 1697
* Conductivity SN = 4216
* Number of Bytes Per Scan = 30
* Number of Voltage Words = 4
* Number of Scans Averaged by the Deck Unit = 1
* NMEA baud rate = 4800
** VESSEL/TRIP/SEQ STN:  hud120_2020_029
** LATITUDE XX XX.XX: 42 51.00 N
** LONGITUDE XX XX.XX: 049 53.20 W
** SOUNDING DEPTH (M): 0402
** PROBE TYPE: S1146
** CTD NUMBER: 019
** FORMAT: V
** COMMENTS (14 CHAR): SEGB-15
** BOTTLES:  11
** LEVELS: 5,10,20,30,40,50,75,100,150,250,BTM
** STICKERS: 439630 - 439640
** VNET: Y
** DO2: N
# nquan = 22
# nvalues = 7144                        
# units = specified
# name 0 = scan: Scan Count
# name 1 = prDM: Pressure, Digiquartz [db]
# name 2 = t090C: Temperature [ITS-90, deg C]
# name 3 = t190C: Temperature, 2 [ITS-90, deg C]
# name 4 = c0S/m: Conductivity [S/m]
# name 5 = c1S/m: Conductivity, 2 [S/m]
# name 6 = sbeox0V: Oxygen raw, SBE 43 [V]
# name 7 = sbeox1V: Oxygen raw, SBE 43, 2 [V]
# name 8 = ph: pH
# name 9 = flECO-AFL: Fluorescence, WET Labs ECO-AFL/FL [mg/m^3]
# name 10 = wetCDOM: Fluorescence, WET Labs CDOM [mg/m^3]
# name 11 = par/sat/log: PAR/Logarithmic, Satlantic [umol photons/m^2/sec]
# name 12 = CStarAt0: Beam Attenuation, WET Labs C-Star [1/m]
# name 13 = CStarTr0: Beam Transmission, WET Labs C-Star [%]
# name 14 = sbeox0ML/L: Oxygen, SBE 43 [ml/l], WS = 2
# name 15 = sbeox1ML/L: Oxygen, SBE 43, 2 [ml/l], WS = 2
# name 16 = sal00: Salinity, Practical [PSU]
# name 17 = sal11: Salinity, Practical, 2 [PSU]
# name 18 = sigma-t00: Density [sigma-t, kg/m^3 ]
# name 19 = sigma-t11: Density, 2 [sigma-t, kg/m^3 ]
# name 20 = oxsatML/L: Oxygen Saturation, Weiss [ml/l]
# name 21 = flag: flag
# span 0 =          2,      54266       
# span 1 =      0.200,    409.569       
# span 2 =     0.1389,     8.7071       
# span 3 =     0.1323,     8.6993       
# span 4 =   2.801645,   3.468979       
# span 5 =   2.801176,   3.468042       
# span 6 =     1.8870,     2.2562       
# span 7 =     2.2281,     2.6887       
# span 8 =      7.927,      8.152       
# span 9 =     0.8850,     6.2472       
# span 10 =    -2.8130,   482.1870      
# span 11 = 1.0703e-01, 1.9602e+00      
# span 12 =     0.0683,     0.2651      
# span 13 =    93.5874,    98.3073      
# span 14 =     6.3179,     7.4847      
# span 15 =     6.1152,     7.6349      
# span 16 =    32.2247,    34.6542      
# span 17 =    30.5814,    34.6545      
# span 18 =    25.2453,    27.5710      
# span 19 =    23.7402,    27.5717      
# span 20 =    6.59912,    8.10061      
# span 21 = 0.0000e+00, 0.0000e+00      
# interval = scans: 3                   
# start_time = Nov 19 2020 04:42:41 [System UTC, header]
# bad_flag = -9.990e-29
*END*
[from data line 3424]
      14276    403.562     3.3969     3.3923   3.190883   3.190443     1.8945     2.2378      7.953     0.9358     0.6217 1.0740e-01     0.0885    97.8118     6.3798     6.4831    34.6506    34.6501    27.5688    27.5688    7.38996 0.0000e+00
      14279    403.382     3.3971     3.3921   3.190886   3.190447     1.8953     2.2378      7.951     0.9358     0.6217 1.0752e-01     0.0889    97.8031     6.3820     6.4825    34.6504    34.6506    27.5686    27.5692    7.38993 0.0000e+00
      14282    403.205     3.3972     3.3920   3.190844   3.190381     1.8953     2.2378      7.951     0.9358     0.7401 1.0752e-01     0.0885    97.8118     6.3809     6.4827    34.6499    34.6500    27.5682    27.5687    7.38993 0.0000e+00
      14285    403.032     3.3966     3.3916   3.190754   3.190344     1.8957     2.2378      7.951     0.9358     1.6481 1.0752e-01     0.0885    97.8118     6.3823     6.4821    34.6497    34.6500    27.5681    27.5688    7.39007 0.0000e+00
      14288    402.865     3.3955     3.3912   3.190584   3.190307     1.8953     2.2378      7.951     0.9460     1.6876 1.0752e-01     0.0899    97.7771     6.3811     6.4840    34.6489    34.6501    27.5675    27.5689    7.39031 0.0000e+00
      14291    402.701     3.3948     3.3909   3.190574   3.190260     1.8949     2.2378      7.951     0.9460     1.6876 1.0752e-01     0.0906    97.7597     6.3796     6.4837    34.6496    34.6499    27.5682    27.5688    7.39040 0.0000e+00
      14294    402.545     3.3949     3.3903   3.190545   3.190203     1.8949     2.2378      7.951     0.9358     1.6876 1.0752e-01     0.0903    97.7684     6.3800     6.4832    34.6492    34.6499    27.5679    27.5689    7.39040 0.0000e+00
      14297    402.397     3.3938     3.3903   3.190469   3.190185     1.8949     2.2378      7.951     0.9358     1.6876 1.0752e-01     0.0906    97.7597     6.3807     6.4826    34.6495    34.6498    27.5682    27.5687    7.39058 0.0000e+00
      14300    402.255     3.3946     3.3900   3.190506   3.190091     1.8949     2.2378      7.951     0.9358     1.6876 1.0752e-01     0.0903    97.7684     6.3779     6.4821    34.6492    34.6491    27.5679    27.5683    7.39046 0.0000e+00
      14303    402.121     3.3929     3.3896   3.190173   3.190054     1.8945     2.2378      7.951     0.9358     1.6876 1.0740e-01     0.0906    97.7597     6.3755     6.4816    34.6470    34.6491    27.5663    27.5683    7.39087 0.0000e+00
      14306    401.995     3.3905     3.3888   3.189962   3.189940     1.8957     2.2378      7.951     0.9358     1.6876 1.0752e-01     0.0906    97.7597     6.3813     6.4806    34.6471    34.6486    27.5666    27.5680    7.39131 0.0000e+00
      14309    401.870     3.3903     3.3888   3.190079   3.189986     1.8953     2.2386      7.951     0.9460     2.1219 1.0752e-01     0.0921    97.7249     6.3783     6.4827    34.6488    34.6492    27.5680    27.5685    7.39125 0.0000e+00
      14312    401.751     3.3912     3.3893   3.190189   3.190022     1.8957     2.2386      7.951     0.9358     2.9904 1.0752e-01     0.0924    97.7162     6.3818     6.4822    34.6492    34.6493    27.5682    27.5685    7.39107 0.0000e+00
      14315    401.638     3.3914     3.3897   3.190080   3.190076     1.8961     2.2378      7.951     0.9460     2.9904 1.0740e-01     0.0928    97.7075     6.3836     6.4787    34.6478    34.6496    27.5671    27.5686    7.39111 0.0000e+00
      14318    401.533     3.3883     3.3901   3.189697   3.190151     1.8957     2.2378      7.951     0.9358     2.9904 1.0752e-01     0.0931    97.6988     6.3799     6.4781    34.6465    34.6500    27.5663    27.5690    7.39173 0.0000e+00
      14321    401.438     3.3878     3.3906   3.189774   3.190121     1.8957     2.2378      7.951     0.9358     2.9904 1.0752e-01     0.0924    97.7162     6.3786     6.4758    34.6480    34.6492    27.5676    27.5683    7.39175 0.0000e+00
      14324    401.352     3.3882     3.3895   3.189764   3.190004     1.8953     2.2378      7.951     0.9257     2.9904 1.0752e-01     0.0928    97.7075     6.3762     6.4749    34.6476    34.6490    27.5672    27.5682    7.39171 0.0000e+00
      14327    401.277     3.3875     3.3877   3.188318   3.189733     1.8957     2.2378      7.951     0.9358     2.9904 1.0752e-01     0.0931    97.6988     6.3771     6.4740    34.6310    34.6478    27.5540    27.5674    7.39266 0.0000e+00
      14330    401.213     3.3884     3.3855   3.189377   3.189536     1.8953     2.2374      7.951     0.9460     2.9904 1.0740e-01     0.0995    97.5424     6.3722     6.4718    34.6427    34.6477    27.5633    27.5676    7.39190 0.0000e+00
      14333    401.161     3.3892     3.3863   3.189897   3.189707     1.8949     2.2378      7.951     0.9358     2.9904 1.0740e-01     0.0999    97.5337     6.3708     6.4728    34.6482    34.6489    27.5676    27.5685    7.39149 0.0000e+00
      14336    401.112     3.3888     3.3864   3.189854   3.189672     1.8957     2.2378      7.951     0.9358     3.2668 1.0752e-01     0.0999    97.5337     6.3743     6.4747    34.6481    34.6485    27.5675    27.5681    7.39156 0.0000e+00
      14339    401.066     3.3885     3.3872   3.189799   3.189847     1.8953     2.2378      7.951     0.9460     3.4642 1.0752e-01     0.0999    97.5337     6.3726     6.4738    34.6478    34.6498    27.5674    27.5690    7.39164 0.0000e+00
      14342    401.024     3.3886     3.3895   3.189826   3.190096     1.8953     2.2378      7.953     0.9460     3.4642 1.0752e-01     0.1002    97.5250     6.3733     6.4738    34.6481    34.6503    27.5676    27.5693    7.39162 0.0000e+00
      14345    400.980     3.3889     3.3908   3.189857   3.190182     1.8953     2.2366      7.951     0.9257     3.4642 1.0752e-01     0.1002    97.5250     6.3737     6.4697    34.6481    34.6500    27.5675    27.5688    7.39155 0.0000e+00
      14348    400.932     3.3890     3.3906   3.189931   3.190181     1.8957     2.2378      7.951     0.9257     3.4642 1.0740e-01     0.0984    97.5685     6.3756     6.4740    34.6489    34.6503    27.5682    27.5691    7.39149 0.0000e+00
      14351    400.884     3.3920     3.3906   3.190315   3.190171     1.8957     2.2370      7.951     0.9358     3.4642 1.0752e-01     0.0899    97.7771     6.3748     6.4720    34.6504    34.6501    27.5691    27.5690    7.39087 0.0000e+00
      14354    400.832     3.3937     3.3904   3.190413   3.190113     1.8953     2.2374      7.951     0.9358     3.4642 1.0752e-01     0.0906    97.7597     6.3742     6.4740    34.6497    34.6497    27.5684    27.5687    7.39058 0.0000e+00
      14357    400.784     3.3926     3.3902   3.190228   3.190121     1.8957     2.2374      7.951     0.9460     3.4642 1.0740e-01     0.0906    97.7597     6.3752     6.4730    34.6487    34.6501    27.5677    27.5690    7.39083 0.0000e+00
      14360    400.735     3.3914     3.3902   3.190213   3.190117     1.8953     2.2370      7.951     0.9358     3.4642 1.0752e-01     0.0903    97.7684     6.3748     6.4729    34.6499    34.6500    27.5687    27.5689    7.39101 0.0000e+00
      14363    400.692     3.3929     3.3903   3.190325   3.190107     1.8953     2.2366      7.951     0.9358     3.2668 1.0752e-01     0.0906    97.7597     6.3744     6.4730    34.6497    34.6498    27.5684    27.5688    7.39075 0.0000e+00
      14366    400.652     3.3933     3.3903   3.190329   3.190141     1.8953     2.2378      7.951     0.9358     3.2273 1.0740e-01     0.0903    97.7684     6.3746     6.4775    34.6493    34.6502    27.5681    27.5691    7.39069 0.0000e+00
      14369    400.612     3.3926     3.3899   3.190234   3.190055     1.8953     2.2370      7.951     0.9460     3.2273 1.0752e-01     0.0903    97.7684     6.3740     6.4763    34.6489    34.6496    27.5678    27.5687    7.39083 0.0000e+00
      14372    400.573     3.3916     3.3899   3.190108   3.190076     1.8953     2.2374      7.951     0.9358     3.2273 1.0752e-01     0.0903    97.7684     6.3732     6.4769    34.6485    34.6499    27.5676    27.5689    7.39104 0.0000e+00
      14375    400.533     3.3911     3.3901   3.190086   3.190096     1.8953     2.2370      7.951     0.9460     3.2273 1.0752e-01     0.0903    97.7684     6.3735     6.4779    34.6488    34.6499    27.5679    27.5689    7.39111 0.0000e+00
      14378    400.488     3.3913     3.3900   3.190116   3.190085     1.8957     2.2374      7.951     0.9460     3.2273 1.0740e-01     0.0903    97.7684     6.3742     6.4806    34.6490    34.6500    27.5680    27.5690    7.39107 0.0000e+00
      14381    400.437     3.3919     3.3903   3.190143   3.190124     1.8957     2.2366      7.951     0.9460     3.2273 1.0740e-01     0.0903    97.7684     6.3736     6.4772    34.6486    34.6502    27.5677    27.5691    7.39097 0.0000e+00
      14384    400.379     3.3915     3.3903   3.190153   3.190087     1.8957     2.2378      7.951     0.9460     3.2273 1.0752e-01     0.0903    97.7684     6.3728     6.4822    34.6493    34.6497    27.5682    27.5687    7.39102 0.0000e+00
      14387    400.321     3.3919     3.3902   3.190197   3.190106     1.8953     2.2370      7.951     0.9358    90.8313 1.0752e-01     0.0899    97.7771     6.3688     6.4793    34.6493    34.6501    27.5682    27.5689    7.39094 0.0000e+00
      14390    400.260     3.3921     3.3900   3.190169   3.190073     1.8957     2.2370      7.951     0.9358   477.3311 1.0752e-01     0.0910    97.7510     6.3713     6.4807    34.6489    34.6499    27.5679    27.5689    7.39093 0.0000e+00
      14393    400.201     3.3910     3.3898   3.190001   3.190013     1.8953     2.2378      7.951     0.9460   481.3579 1.0752e-01     0.0913    97.7423     6.3695     6.4842    34.6480    34.6494    27.5672    27.5685    7.39117 0.0000e+00
      14396    400.146     3.3891     3.3900   3.189793   3.190052     1.8953     2.2370      7.951     0.9460   481.2395 1.0752e-01     0.0917    97.7336     6.3707     6.4792    34.6476    34.6498    27.5671    27.5688    7.39155 0.0000e+00
      14399    400.091     3.3871     3.3903   3.189603   3.190088     1.8953     2.2382      7.951     0.9358   481.2790 1.0740e-01     0.0906    97.7597     6.3707     6.4855    34.6475    34.6499    27.5672    27.5689    7.39192 0.0000e+00
      14402    400.039     3.3874     3.3901   3.189632   3.190067     1.8949     2.2378      7.951     0.8952   481.3579 1.0752e-01     0.0910    97.7510     6.3682     6.4839    34.6475    34.6499    27.5672    27.5689    7.39186 0.0000e+00
      14405    399.986     3.3867     3.3898   3.189586   3.190062     1.8949     2.2366      7.951     0.9053   481.2790 1.0752e-01     0.0906    97.7597     6.3668     6.4773    34.6477    34.6501    27.5675    27.5691    7.39198 0.0000e+00
      14408    399.927     3.3872     3.3902   3.189642   3.190030     1.8949     2.2378      7.951     0.9053   481.3184 1.0752e-01     0.0910    97.7510     6.3680     6.4798    34.6479    34.6494    27.5676    27.5685    7.39188 0.0000e+00
      14411    399.866     3.3872     3.3898   3.189558   3.190007     1.8949     2.2382      7.951     0.9053   481.3184 1.0752e-01     0.0892    97.7945     6.3679     6.4814    34.6470    34.6495    27.5668    27.5686    7.39192 0.0000e+00
      14414    399.799     3.3874     3.3893   3.189639   3.189833     1.8957     2.2378      7.951     0.8952   481.3184 1.0752e-01     0.0896    97.7858     6.3720     6.4786    34.6478    34.6480    27.5674    27.5675    7.39185 0.0000e+00
      14417    399.730     3.3873     3.3884   3.189618   3.189638     1.8953     2.2374      7.953     0.9155   481.2790 1.0752e-01     0.0896    97.7858     6.3713     6.4773    34.6476    34.6466    27.5674    27.5665    7.39188 0.0000e+00
      14420    399.655     3.3873     3.3863   3.189616   3.189633     1.8957     2.2374      7.951     0.8952   481.3184 1.0752e-01     0.0896    97.7858     6.3721     6.4772    34.6476    34.6489    27.5673    27.5684    7.39186 0.0000e+00
      14423    399.583     3.3875     3.3862   3.189531   3.189517     1.8953     2.2382      7.951     0.9257   481.3579 1.0752e-01     0.0896    97.7858     6.3702     6.4797    34.6465    34.6477    27.5664    27.5675    7.39189 0.0000e+00
      14426    399.509     3.3864     3.3840   3.189353   3.189241     1.8945     2.2378      7.951     0.9053   481.3579 1.0752e-01     0.0896    97.7858     6.3662     6.4802    34.6455    34.6467    27.5657    27.5669    7.39213 0.0000e+00
      14429    399.432     3.3853     3.3852   3.189290   3.189392     1.8949     2.2370      7.951     0.9460   481.3579 1.0752e-01     0.0910    97.7510     6.3668     6.4765    34.6459    34.6473    27.5662    27.5672    7.39231 0.0000e+00
      14432    399.353     3.3841     3.3862   3.189070   3.189570     1.8949     2.2370      7.951     0.9460   481.3579 1.0752e-01     0.0949    97.6554     6.3652     6.4735    34.6447    34.6484    27.5653    27.5681    7.39261 0.0000e+00
      14435    399.271     3.3808     3.3869   3.188730   3.189403     1.8949     2.2378      7.951     0.9460   481.3579 1.0752e-01     0.0949    97.6554     6.3663     6.4766    34.6441    34.6457    27.5651    27.5658    7.39324 0.0000e+00
      14438    399.183     3.3798     3.3817   3.188710   3.188988     1.8949     2.2378      7.952     0.9460   481.3579 1.0740e-01     0.0949    97.6554     6.3665     6.4798    34.6450    34.6463    27.5659    27.5668    7.39339 0.0000e+00
      14441    399.089     3.3797     3.3803   3.188672   3.188936     1.8949     2.2378      7.952     0.9460   126.2045 1.0727e-01     0.0949    97.6554     6.3669     6.4804    34.6447    34.6472    27.5657    27.5676    7.39341 0.0000e+00
      14444    398.991     3.3799     3.3826   3.188718   3.189095     1.8945     2.2374      7.952     0.9257    -2.4972 1.0740e-01     0.0945    97.6641     6.3677     6.4778    34.6450    34.6467    27.5660    27.5670    7.39336 0.0000e+00
      14447    398.887     3.3814     3.3834   3.188951   3.189218     1.8949     2.2378      7.951     0.9358    -0.0100 1.0752e-01     0.0945    97.6641     6.3697     6.4802    34.6463    34.6475    27.5668    27.5676    7.39302 0.0000e+00
      14450    398.775     3.3830     3.3865   3.189107   3.189647     1.8945     2.2378      7.951     0.9358     0.0295 1.0752e-01     0.0921    97.7249     6.3688     6.4807    34.6466    34.6493    27.5670    27.5688    7.39272 0.0000e+00
      14453    398.656     3.3831     3.3879   3.188821   3.189682     1.8945     2.2374      7.951     0.9358     0.0295 1.0752e-01     0.0892    97.7945     6.3686     6.4789    34.6431    34.6484    27.5642    27.5678    7.39287 0.0000e+00
      14456    398.532     3.3763     3.3874   3.187967   3.189641     1.8945     2.2374      7.952     0.9358     0.0295 1.0752e-01     0.0896    97.7858     6.3695     6.4783    34.6401    34.6484    27.5624    27.5679    7.39427 0.0000e+00
      14459    398.399     3.3755     3.3866   3.188209   3.189502     1.8953     2.2374      7.952     0.9562     0.0295 1.0752e-01     0.0896    97.7858     6.3728     6.4773    34.6439    34.6477    27.5655    27.5674    7.39422 0.0000e+00
      14462    398.262     3.3777     3.3834   3.188317   3.188925     1.8945     2.2378      7.952     0.9358     0.0295 1.0752e-01     0.0896    97.7858     6.3713     6.4799    34.6429    34.6442    27.5645    27.5650    7.39386 0.0000e+00
      14465    398.120     3.3727     3.3755   3.187440   3.187591     1.8945     2.2378      7.952     0.9460     0.1085 1.0752e-01     0.0896    97.7858     6.3751     6.4816    34.6378    34.6366    27.5609    27.5597    7.39504 0.0000e+00
      14468    397.970     3.3689     3.3647   3.187228   3.186681     1.8949     2.2378      7.952     0.9460     1.0165 1.0740e-01     0.0896    97.7858     6.3796     6.4833    34.6394    34.6372    27.5625    27.5612    7.39567 0.0000e+00
