Datasets/AZMP/HUD120/hud120_2020_056.cnv
* Sea-Bird SBE 9 Data File:
* FileName = C:\CTDDATA\hud120_2020_056.hex
* Software Version Seasave V 7.26.7.110
* Temperature SN = 1697
* Conductivity SN = 4216
* Number of Bytes Per Scan = 30
* Number of Voltage Words = 4
* Number of Scans Averaged by the Deck Unit = 1
* NMEA baud rate = 4800
** VESSEL/TRIP/SEQ STN:  hud120_2020_056
** LATITUDE XX XX.XX: 47 00.00 N
** LONGITUDE XX XX.XX: 044 46.30 W
** SOUNDING DEPTH (M): 0152
** PROBE TYPE: S1146
** CTD NUMBER: 035
** FORMAT: V
** COMMENTS (14 CHAR): FC-26
** BOTTLES:  09
** LEVELS: 5,10,20,30,40,50,75,100,BTM
** STICKERS: 439719 - 439727
** VNET: Y
** DO2: N
# nquan = 22
# nvalues = 2772                        
# units = specified
# name 0 = scan: Scan Count
# name 1 = prDM: Pressure, Digiquartz [db]
# name 2 = t090C: Temperature [ITS-90, deg C]
# name 3 = t190C: Temperature, 2 [ITS-90, deg C]
# name 4 = c0S/m: Conductivity [S/m]
# name 5 = c1S/m: Conductivity, 2 [S/m]
# name 6 = sbeox0V: Oxygen raw, SBE 43 [V]
# name 7 = sbeox1V: Oxygen raw, SBE 43, 2 [V]
# name 8 = ph: pH
# name 9 = flECO-AFL: Fluorescence, WET Labs ECO-AFL/FL [mg/m^3]
# name 10 = wetCDOM: Fluorescence, WET Labs CDOM [mg/m^3]
# name 11 = par/sat/log: PAR/Logarithmic, Satlantic [umol photons/m^2/sec]
# name 12 = CStarAt0: Beam Attenuation, WET Labs C-Star [1/m]
# name 13 = CStarTr0: Beam Transmission, WET Labs C-Star [%]
# name 14 = sbeox0ML/L: Oxygen, SBE 43 [ml/l], WS = 2
# name 15 = sbeox1ML/L: Oxygen, SBE 43, 2 [ml/l], WS = 2
# name 16 = sal00: Salinity, Practical [PSU]
# name 17 = sal11: Salinity, Practical, 2 [PSU]
# name 18 = sigma-t00: Density [sigma-t, kg/m^3 ]
# name 19 = sigma-t11: Density, 2 [sigma-t, kg/m^3 ]
# name 20 = oxsatML/L: Oxygen Saturation, Weiss [ml/l]
# name 21 = flag: flag
# span 0 =         48,      31204       
# span 1 =      0.587,    148.466       
# span 2 =     3.7393,     7.3712       
# span 3 =     3.7347,     7.3666       
# span 4 =   3.190745,   3.410347       
# span 5 =   3.190464,   3.409299       
# span 6 =     1.8633,     2.2080       
# span 7 =     2.2174,     2.6439       
# span 8 =      7.920,      8.132       
# span 9 =     0.9155,     6.4608       
# span 10 =    -2.8130,   482.1870      
# span 11 = 1.0544e-01, 4.0874e-01      
# span 12 =     0.1099,     0.2807      
# span 13 =    93.2223,    97.2903      
# span 14 =     5.9616,     6.7283      
# span 15 =     6.1299,     6.9291      
# span 16 =    33.2342,    34.4887      
# span 17 =    33.2333,    34.4881      
# span 18 =    25.9787,    27.4060      
# span 19 =    25.9782,    27.4060      
# span 20 =    6.77968,    7.33538      
# span 21 = 0.0000e+00, 0.0000e+00      
# interval = scans: 3                   
# start_time = Nov 23 2020 08:11:42 [System UTC, header]
# bad_flag = -9.990e-29
*END*
[from data line 593]
       2394     66.860     5.7116     5.7041   3.316856   3.316211     2.1066     2.5055      8.076     2.0856    16.3738 1.0715e-01     0.1454    96.4298     6.5285     6.6749    33.9036    33.9038    26.7220    26.7231    7.01944 0.0000e+00
       2397     66.933     5.7018     5.6919   3.316072   3.315237     2.1038     2.5034      8.076     2.0958    16.3738 1.0715e-01     0.1454    96.4298     6.5185     6.6713    33.9046    33.9050    26.7240    26.7255    7.02104 0.0000e+00
       2400     67.005     5.6860     5.6763   3.314895   3.314091     2.1042     2.5026      8.075     2.0551    16.3738 1.0715e-01     0.1440    96.4645     6.5217     6.6707    33.9071    33.9077    26.7279    26.7295    7.02358 0.0000e+00
       2403     67.078     5.6740     5.6669   3.314021   3.313428     2.1022     2.5022      8.077     2.0449   357.4727 1.0715e-01     0.1422    96.5080     6.5161     6.6706    33.9092    33.9096    26.7310    26.7322    7.02549 0.0000e+00
       2406     67.153     5.6654     5.6606   3.313407   3.313014     2.1013     2.5014      8.074     2.0652   482.0686 1.0715e-01     0.1422    96.5080     6.5167     6.6706    33.9109    33.9112    26.7334    26.7343    7.02685 0.0000e+00
       2409     67.229     5.6605     5.6554   3.313127   3.312591     2.1009     2.5002      8.072     2.0449   481.0421 1.0715e-01     0.1422    96.5080     6.5156     6.6668    33.9126    33.9116    26.7353    26.7352    7.02760 0.0000e+00
       2412     67.307     5.6547     5.6471   3.312543   3.311827     2.1005     2.4994      8.074     2.0652   481.3579 1.0715e-01     0.1422    96.5080     6.5129     6.6651    33.9117    33.9112    26.7353    26.7359    7.02860 0.0000e+00
       2415     67.390     5.6400     5.6325   3.311199   3.310568     2.0997     2.4981      8.072     2.0551   481.3579 1.0715e-01     0.1422    96.5080     6.5117     6.6634    33.9113    33.9116    26.7368    26.7379    7.03110 0.0000e+00
       2418     67.473     5.6174     5.6097   3.309275   3.308674     2.0985     2.4969      8.072     2.0449   481.3579 1.0715e-01     0.1422    96.5080     6.5106     6.6669    33.9121    33.9130    26.7402    26.7419    7.03486 0.0000e+00
       2421     67.560     5.5971     5.5870   3.307765   3.306989     2.0968     2.4961      8.072     2.0449   481.3579 1.0715e-01     0.1396    96.5688     6.5081     6.6690    33.9154    33.9167    26.7452    26.7475    7.03812 0.0000e+00
       2424     67.650     5.5807     5.5673   3.306357   3.305466     2.0952     2.4941      8.072     2.0653   481.3579 1.0715e-01     0.1389    96.5862     6.5033     6.6642    33.9158    33.9191    26.7475    26.7518    7.04085 0.0000e+00
       2427     67.747     5.5644     5.5533   3.305206   3.304491     2.0960     2.4937      8.069     2.1162   450.3669 1.0715e-01     0.1389    96.5862     6.5088     6.6640    33.9191    33.9221    26.7521    26.7559    7.04345 0.0000e+00
       2430     67.846     5.5531     5.5485   3.304655   3.304244     2.0956     2.4933      8.069     2.1263    32.9945 1.0715e-01     0.1393    96.5775     6.5068     6.6652    33.9242    33.9242    26.7575    26.7581    7.04512 0.0000e+00
       2433     67.951     5.5461     5.5467   3.304230   3.304205     2.0932     2.4924      8.068     2.1060    12.4654 1.0715e-01     0.1389    96.5862     6.4979     6.6637    33.9263    33.9255    26.7600    26.7593    7.04619 0.0000e+00
       2436     68.058     5.5394     5.5421   3.303773   3.303915     2.0916     2.4904      8.068     2.1060    13.4919 1.0715e-01     0.1393    96.5775     6.4931     6.6576    33.9279    33.9267    26.7621    26.7608    7.04725 0.0000e+00
       2439     68.173     5.5391     5.5361   3.303869   3.303553     2.0916     2.4896      8.068     2.1162    13.4524 1.0715e-01     0.1389    96.5862     6.4955     6.6564    33.9292    33.9287    26.7631    26.7631    7.04724 0.0000e+00
       2442     68.295     5.5391     5.5334   3.303849   3.303222     2.0903     2.4896      8.068     2.1060    13.4524 1.0715e-01     0.1389    96.5862     6.4916     6.6584    33.9289    33.9275    26.7630    26.7625    7.04726 0.0000e+00
       2445     68.419     5.5362     5.5226   3.303377   3.302182     2.0903     2.4884      8.068     2.1263    13.4129 1.0715e-01     0.1389    96.5862     6.4926     6.6579    33.9264    33.9265    26.7613    26.7631    7.04785 0.0000e+00
       2448     68.546     5.5202     5.4981   3.301846   3.300353     2.0879     2.4863      8.068     2.1162    13.4524 1.0715e-01     0.1389    96.5862     6.4855     6.6561    33.9250    33.9303    26.7621    26.7690    7.05062 0.0000e+00
       2451     68.675     5.4969     5.4844   3.300146   3.299460     2.0875     2.4859      8.066     1.9533    13.4129 1.0715e-01     0.1389    96.5862     6.4879     6.6559    33.9291    33.9339    26.7682    26.7734    7.05436 0.0000e+00
       2454     68.807     5.4827     5.4675   3.299183   3.298059     2.0867     2.4859      8.068     1.8007   138.4035 1.0715e-01     0.1393    96.5775     6.4897     6.6596    33.9324    33.9349    26.7725    26.7763    7.05661 0.0000e+00
       2457     68.946     5.4644     5.4519   3.297772   3.297011     2.0863     2.4839      8.066     1.8007   482.1870 1.0715e-01     0.1389    96.5862     6.4938     6.6564    33.9347    33.9387    26.7765    26.7811    7.05959 0.0000e+00
       2460     69.088     5.4519     5.4373   3.297057   3.296003     2.0850     2.4831      8.066     1.8109   480.8052 1.0715e-01     0.1386    96.5949     6.4912     6.6574    33.9391    33.9419    26.7814    26.7854    7.06150 0.0000e+00
       2463     69.234     5.4409     5.4319   3.296279   3.295802     2.0846     2.4819      8.063     1.8109   481.3184 1.0715e-01     0.1368    96.6384     6.4910     6.6519    33.9413    33.9449    26.7845    26.7884    7.06326 0.0000e+00
       2466     69.376     5.4300     5.4303   3.295484   3.295659     2.0834     2.4819      8.063     1.8109   481.3579 1.0715e-01     0.1368    96.6384     6.4892     6.6508    33.9432    33.9449    26.7873    26.7886    7.06502 0.0000e+00
       2469     69.523     5.4239     5.4231   3.295199   3.294943     2.0822     2.4810      8.063     1.8210   481.3579 1.0715e-01     0.1368    96.6384     6.4872     6.6494    33.9461    33.9439    26.7903    26.7887    7.06593 0.0000e+00
       2472     69.669     5.4118     5.4029   3.293932   3.293348     2.0818     2.4798      8.063     1.8007   481.3579 1.0715e-01     0.1368    96.6384     6.4886     6.6500    33.9438    33.9460    26.7899    26.7928    7.06808 0.0000e+00
       2475     69.813     5.3953     5.3818   3.292989   3.292080     2.0810     2.4786      8.060     1.8109   481.3579 1.0715e-01     0.1368    96.6384     6.4901     6.6492    33.9496    33.9529    26.7965    26.8007    7.07061 0.0000e+00
       2478     69.958     5.3828     5.3748   3.292131   3.291719     2.0797     2.4778      8.060     1.7499   481.3579 1.0715e-01     0.1368    96.6384     6.4890     6.6484    33.9523    33.9557    26.8001    26.8038    7.07259 0.0000e+00
       2481     70.099     5.3695     5.3690   3.291182   3.291175     2.0793     2.4774      8.062     1.7397   227.9420 1.0715e-01     0.1343    96.6992     6.4905     6.6483    33.9548    33.9553    26.8037    26.8042    7.07473 0.0000e+00
       2484     70.239     5.3572     5.3558   3.290198   3.290087     2.0785     2.4758      8.059     1.7499     3.7011 1.0715e-01     0.1325    96.7427     6.4905     6.6447    33.9560    33.9562    26.8061    26.8064    7.07677 0.0000e+00
       2487     70.372     5.3405     5.3399   3.289098   3.289107     2.0773     2.4741      8.059     1.7499    11.9127 1.0715e-01     0.1325    96.7427     6.4884     6.6411    33.9603    33.9610    26.8115    26.8120    7.07942 0.0000e+00
       2490     70.504     5.3260     5.3226   3.287990   3.287698     2.0773     2.4733      8.059     1.7397    11.5179 1.0715e-01     0.1325    96.7427     6.4906     6.6409    33.9622    33.9624    26.8147    26.8152    7.08178 0.0000e+00
       2493     70.630     5.3121     5.3064   3.287182   3.286768     2.0761     2.4729      8.059     1.7499    11.5179 1.0715e-01     0.1325    96.7427     6.4877     6.6427    33.9670    33.9680    26.8201    26.8216    7.08393 0.0000e+00
       2496     70.749     5.3054     5.2989   3.286765   3.286305     2.0753     2.4725      8.057     1.7702    11.4784 1.0715e-01     0.1325    96.7427     6.4846     6.6429    33.9689    33.9704    26.8224    26.8243    7.08498 0.0000e+00
       2499     70.864     5.2978     5.2957   3.286267   3.286125     2.0757     2.4717      8.057     1.7600    11.4784 1.0715e-01     0.1328    96.7340     6.4878     6.6401    33.9709    33.9715    26.8248    26.8256    7.08618 0.0000e+00
       2502     70.974     5.2919     5.2900   3.285884   3.285668     2.0745     2.4705      8.054     1.7397    11.5179 1.0715e-01     0.1318    96.7601     6.4843     6.6395    33.9724    33.9720    26.8268    26.8266    7.08711 0.0000e+00
       2505     71.076     5.2874     5.2863   3.285590   3.285399     2.0732     2.4688      8.054     1.6989    11.5179 1.0715e-01     0.1314    96.7688     6.4791     6.6362    33.9736    33.9725    26.8282    26.8275    7.08783 0.0000e+00
       2508     71.174     5.2808     5.2802   3.285145   3.284917     2.0724     2.4688      8.054     1.6888   393.6355 1.0715e-01     0.1314    96.7688     6.4784     6.6379    33.9751    33.9732    26.8302    26.8287    7.08888 0.0000e+00
       2511     71.269     5.2712     5.2672   3.284461   3.283936     2.0712     2.4676      8.054     1.6888   481.9106 1.0715e-01     0.1314    96.7688     6.4756     6.6361    33.9770    33.9750    26.8329    26.8317    7.09044 0.0000e+00
       2514     71.357     5.2667     5.2580   3.284249   3.283361     2.0708     2.4664      8.054     1.6786   481.0816 1.0715e-01     0.1314    96.7688     6.4725     6.6316    33.9791    33.9777    26.8351    26.8349    7.09111 0.0000e+00
       2517     71.439     5.2605     5.2534   3.283684   3.283082     2.0700     2.4656      8.054     1.6989   481.3579 1.0715e-01     0.1314    96.7688     6.4700     6.6268    33.9789    33.9792    26.8356    26.8366    7.09217 0.0000e+00
       2520     71.518     5.2453     5.2414   3.282629   3.282065     2.0687     2.4643      8.054     1.6888   481.3579 1.0715e-01     0.1314    96.7688     6.4642     6.6248    33.9822    33.9797    26.8400    26.8384    7.09461 0.0000e+00
       2523     71.590     5.2331     5.2200   3.281953   3.280768     2.0687     2.4635      8.053     1.6888   481.3579 1.0715e-01     0.1303    96.7948     6.4679     6.6259    33.9867    33.9865    26.8450    26.8463    7.09647 0.0000e+00
       2526     71.656     5.2268     5.2107   3.281492   3.280391     2.0679     2.4643      8.055     1.6786   481.3579 1.0715e-01     0.1307    96.7861     6.4685     6.6301    33.9879    33.9916    26.8466    26.8515    7.09750 0.0000e+00
       2529     71.719     5.2166     5.2090   3.280924   3.280209     2.0671     2.4623      8.053     1.6989   481.3579 1.0715e-01     0.1303    96.7948     6.4662     6.6240    33.9916    33.9912    26.8508    26.8514    7.09906 0.0000e+00
       2532     71.774     5.2111     5.2055   3.280585   3.280063     2.0671     2.4607      8.050     1.7397   420.4023 1.0715e-01     0.1303    96.7948     6.4680     6.6184    33.9934    33.9931    26.8528    26.8533    7.09993 0.0000e+00
       2535     71.827     5.2087     5.2010   3.280500   3.279768     2.0655     2.4607      8.053     1.7397    12.9786 1.0715e-01     0.1303    96.7948     6.4615     6.6193    33.9947    33.9942    26.8541    26.8546    7.10027 0.0000e+00
       2538     71.878     5.2044     5.1977   3.280274   3.279556     2.0643     2.4587      8.050     1.7702    -2.1024 1.0715e-01     0.1303    96.7948     6.4559     6.6122    33.9966    33.9950    26.8561    26.8557    7.10093 0.0000e+00
       2541     71.927     5.2058     5.1964   3.280332   3.279459     2.0639     2.4578      8.050     1.7600    -0.6416 1.0715e-01     0.1299    96.8035     6.4545     6.6086    33.9957    33.9952    26.8553    26.8560    7.10072 0.0000e+00
       2544     71.976     5.2025     5.1953   3.280094   3.279415     2.0622     2.4578      8.048     1.7397    -0.6811 1.0715e-01     0.1282    96.8470     6.4471     6.6074    33.9963    33.9958    26.8562    26.8566    7.10125 0.0000e+00
       2547     72.022     5.2011     5.1981   3.279975   3.279557     2.0635     2.4558      8.050     1.7600    -0.6811 1.0715e-01     0.1282    96.8470     6.4511     6.5972    33.9964    33.9946    26.8564    26.8554    7.10150 0.0000e+00
       2550     72.073     5.1913     5.1753   3.278955   3.278114     2.0618     2.4554      8.048     1.7499    -0.6811 1.0715e-01     0.1282    96.8470     6.4469     6.5993    33.9946    34.0012    26.8561    26.8632    7.10325 0.0000e+00
       2553     72.125     5.1465     5.1550   3.276395   3.277112     2.0598     2.4550      8.048     1.7702    -0.6811 1.0715e-01     0.1282    96.8470     6.4435     6.6022    34.0107    34.0102    26.8741    26.8727    7.11016 0.0000e+00
       2556     72.178     5.1392     5.1454   3.276074   3.275889     2.0606     2.4534      8.045     1.7295    -0.6811 1.0715e-01     0.1282    96.8470     6.4474     6.5966    34.0144    34.0059    26.8779    26.8704    7.11124 0.0000e+00
       2559     72.236     5.1305     5.1211   3.275158   3.274485     2.0590     2.4526      8.045     1.6888     1.9245 1.0715e-01     0.1282    96.8470     6.4449     6.5956    34.0127    34.0146    26.8774    26.8800    7.11281 0.0000e+00
       2562     72.297     5.1227     5.1141   3.274700   3.273906     2.0586     2.4513      8.045     1.6888     6.5830 1.0715e-01     0.1278    96.8557     6.4426     6.5922    34.0153    34.0149    26.8805    26.8812    7.11403 0.0000e+00
       2565     72.358     5.1171     5.1056   3.274216   3.273391     2.0578     2.4505      8.045     1.6888     6.4251 1.0715e-01     0.1271    96.8731     6.4353     6.5865    34.0154    34.0177    26.8812    26.8843    7.11498 0.0000e+00
       2568     72.426     5.1077     5.1038   3.273472   3.273203     2.0565     2.4489      8.045     1.6888     6.4251 1.0715e-01     0.1271    96.8731     6.4271     6.5762    34.0164    34.0173    26.8831    26.8843    7.11655 0.0000e+00
       2571     72.499     5.1007     5.0981   3.273082   3.272785     2.0565     2.4481      8.044     1.6989     6.4251 1.0715e-01     0.1271    96.8731     6.4227     6.5708    34.0190    34.0183    26.8859    26.8857    7.11763 0.0000e+00
       2574     72.577     5.0988     5.0952   3.272951   3.272550     2.0553     2.4472      8.046     1.6888     6.4251 1.0715e-01     0.1271    96.8731     6.4145     6.5630    34.0194    34.0185    26.8865    26.8861    7.11794 0.0000e+00
       2577     72.664     5.0936     5.0899   3.272641   3.272205     2.0533     2.4460      8.043     1.6786     6.4251 1.0715e-01     0.1271    96.8731     6.4029     6.5552    34.0211    34.0199    26.8884    26.8879    7.11875 0.0000e+00
       2580     72.757     5.0929     5.0864   3.272578   3.271930     2.0537     2.4444      8.041     1.6786     6.4251 1.0715e-01     0.1275    96.8644     6.4000     6.5461    34.0210    34.0202    26.8885    26.8885    7.11888 0.0000e+00
       2583     72.857     5.0856     5.0782   3.271924   3.271448     2.0529     2.4432      8.041     1.6379     6.4251 1.0715e-01     0.1271    96.8731     6.3968     6.5388    34.0209    34.0230    26.8892    26.8917    7.12013 0.0000e+00
       2586     72.965     5.0781     5.0749   3.271567   3.271269     2.0508     2.4428      8.041     1.6278   305.9131 1.0715e-01     0.1271    96.8731     6.3879     6.5343    34.0244    34.0242    26.8928    26.8930    7.12127 0.0000e+00
