Datasets/AZMP/HUD120/hud120_2020_007.cnv
* Sea-Bird SBE 9 Data File:
* FileName = C:\CTDDATA\hud120_2020_007.hex
* Software Version Seasave V 7.26.7.110
* Temperature SN = 1697
* Conductivity SN = 4216
* Number of Bytes Per Scan = 30
* Number of Voltage Words = 4
* Number of Scans Averaged by the Deck Unit = 1
* NMEA baud rate = 4800
** VESSEL/TRIP/SEQ STN:  hud120_2020_007
** LATITUDE XX XX.XX: 46 46.42 N
** LONGITUDE XX XX.XX: 055 37.14 W
** SOUNDING DEPTH (M): 0097
** PROBE TYPE: S1146
** CTD NUMBER: 003
** FORMAT: V
** COMMENTS (14 CHAR): SWSPB-01
** BOTTLES:  8
** LEVELS: 5,10,20,30,40,50,75,BTM
** STICKERS: 439520 - 439527
** VNET: Y
** DO2: N
# nquan = 22
# nvalues = 2165                        
# units = specified
# name 0 = scan: Scan Count
# name 1 = prDM: Pressure, Digiquartz [db]
# name 2 = t090C: Temperature [ITS-90, deg C]
# name 3 = t190C: Temperature, 2 [ITS-90, deg C]
# name 4 = c0S/m: Conductivity [S/m]
# name 5 = c1S/m: Conductivity, 2 [S/m]
# name 6 = sbeox0V: Oxygen raw, SBE 43 [V]
# name 7 = sbeox1V: Oxygen raw, SBE 43, 2 [V]
# name 8 = ph: pH
# name 9 = flECO-AFL: Fluorescence, WET Labs ECO-AFL/FL [mg/m^3]
# name 10 = wetCDOM: Fluorescence, WET Labs CDOM [mg/m^3]
# name 11 = par/sat/log: PAR/Logarithmic, Satlantic [umol photons/m^2/sec]
# name 12 = CStarAt0: Beam Attenuation, WET Labs C-Star [1/m]
# name 13 = CStarTr0: Beam Transmission, WET Labs C-Star [%]
# name 14 = sbeox0ML/L: Oxygen, SBE 43 [ml/l], WS = 2
# name 15 = sbeox1ML/L: Oxygen, SBE 43, 2 [ml/l], WS = 2
# name 16 = sal00: Salinity, Practical [PSU]
# name 17 = sal11: Salinity, Practical, 2 [PSU]
# name 18 = sigma-t00: Density [sigma-t, kg/m^3 ]
# name 19 = sigma-t11: Density, 2 [sigma-t, kg/m^3 ]
# name 20 = oxsatML/L: Oxygen Saturation, Weiss [ml/l]
# name 21 = flag: flag
# span 0 =         16,      27217       
# span 1 =      2.102,     92.750       
# span 2 =     0.5824,     8.1584       
# span 3 =     0.5775,     8.1515       
# span 4 =   2.762277,   3.331718       
# span 5 =   2.761956,   3.331412       
# span 6 =     2.0790,     2.2339       
# span 7 =     2.4754,     2.6674       
# span 8 =      7.927,      8.078       
# span 9 =     1.1394,     7.5394       
# span 10 =    -2.8130,   482.1870      
# span 11 = 1.0678e-01, 6.8294e-01      
# span 12 =     0.0995,     0.2622      
# span 13 =    93.6569,    97.5424      
# span 14 =     6.6899,     7.6907      
# span 15 =     6.6048,     7.8452      
# span 16 =    31.7337,    32.4630      
# span 17 =    31.7330,    32.4609      
# span 18 =    24.7030,    26.0271      
# span 19 =    24.7088,    26.0261      
# span 20 =    6.72268,    8.06089      
# span 21 = 0.0000e+00, 0.0000e+00      
# interval = scans: 3                   
# start_time = Nov 10 2020 20:42:35 [System UTC, header]
# bad_flag = -9.990e-29
*END*
[from data line 132]
       1376     10.852     8.0927     8.0827   3.326594   3.325190     2.2234     2.5816      8.061     5.6061   283.6469 1.0715e-01     0.2521    93.8916     6.7414     6.6760    31.7629    31.7570    24.7192    24.7161    6.73243 0.0000e+00
       1379     10.935     8.0921     8.0759   3.326117   3.324777     2.2247     2.5820      8.063     5.5960   481.6343 1.0703e-01     0.2484    93.9785     6.7434     6.6762    31.7584    31.7589    24.7158    24.7185    6.73273 0.0000e+00
       1382     11.016     8.0696     8.0695   3.324256   3.324397     2.2230     2.5816      8.063     5.6061   481.0026 1.0703e-01     0.2484    93.9785     6.7384     6.6747    31.7590    31.7606    24.7195    24.7208    6.73617 0.0000e+00
       1385     11.095     8.0619     8.0702   3.323777   3.324597     2.2243     2.5832      8.061     5.5960   481.3579 1.0703e-01     0.2484    93.9785     6.7439     6.6801    31.7608    31.7620    24.7220    24.7218    6.73727 0.0000e+00
       1388     11.173     8.0601     8.0702   3.323683   3.324420     2.2243     2.5828      8.061     5.5858   481.3579 1.0690e-01     0.2484    93.9785     6.7439     6.6782    31.7615    31.7601    24.7228    24.7203    6.73753 0.0000e+00
       1391     11.249     8.0615     8.0624   3.323832   3.323973     2.2230     2.5832      8.061     5.5858   481.3579 1.0703e-01     0.2484    93.9785     6.7387     6.6799    31.7617    31.7624    24.7228    24.7232    6.73730 0.0000e+00
       1394     11.320     8.0615     8.0724   3.323800   3.324881     2.2222     2.5824      8.060     5.5960   481.3184 1.0715e-01     0.2484    93.9785     6.7359     6.6761    31.7613    31.7629    24.7225    24.7222    6.73732 0.0000e+00
       1397     11.389     8.0636     8.0648   3.323979   3.323539     2.2234     2.5828      8.061     5.7893   481.3579 1.0715e-01     0.2488    93.9698     6.7371     6.6788    31.7614    31.7555    24.7222    24.7175    6.73700 0.0000e+00
       1400     11.459     8.0632     8.0489   3.323961   3.322235     2.2230     2.5824      8.063     5.8911   481.1605 1.0703e-01     0.2484    93.9785     6.7351     6.6791    31.7615    31.7562    24.7223    24.7202    6.73705 0.0000e+00
       1403     11.527     8.0639     8.0333   3.323883   3.321051     2.2234     2.5824      8.063     5.9114    83.4092 1.0690e-01     0.2488    93.9698     6.7380     6.6798    31.7600    31.7577    24.7211    24.7236    6.73701 0.0000e+00
       1406     11.593     8.0573     8.0331   3.323269   3.322089     2.2234     2.5828      8.061     5.9013    15.4263 1.0715e-01     0.2484    93.9785     6.7399     6.6793    31.7595    31.7688    24.7216    24.7324    6.73805 0.0000e+00
       1409     11.657     8.0599     8.0514   3.323544   3.323609     2.2243     2.5836      8.061     5.8911    18.1503 1.0703e-01     0.2480    93.9872     6.7404     6.6780    31.7599    31.7683    24.7216    24.7294    6.73762 0.0000e+00
       1412     11.722     8.0546     8.0617   3.323378   3.324516     2.2238     2.5836      8.060     5.9114    18.0319 1.0715e-01     0.2480    93.9872     6.7422     6.6769    31.7629    31.7686    24.7247    24.7282    6.73831 0.0000e+00
       1415     11.786     8.0679     8.0788   3.324537   3.325636     2.2234     2.5836      8.061     5.9013    18.0319 1.0715e-01     0.2484    93.9785     6.7388     6.6755    31.7631    31.7649    24.7230    24.7228    6.73625 0.0000e+00
       1418     11.850     8.0735     8.0861   3.325211   3.325831     2.2243     2.5836      8.061     5.9114    18.0319 1.0703e-01     0.2532    93.8656     6.7399     6.6736    31.7652    31.7603    24.7238    24.7181    6.73530 0.0000e+00
       1421     11.914     8.0850     8.0853   3.325907   3.325665     2.2230     2.5836      8.063     5.9114    18.0319 1.0703e-01     0.2551    93.8221     6.7317     6.6730    31.7621    31.7592    24.7197    24.7174    6.73366 0.0000e+00
       1424     11.978     8.0835     8.0824   3.325840   3.325422     2.2238     2.5832      8.060     6.2675    18.0319 1.0715e-01     0.2551    93.8221     6.7341     6.6721    31.7627    31.7593    24.7204    24.7179    6.73387 0.0000e+00
       1427     12.043     8.0843     8.0803   3.325981   3.325375     2.2243     2.5828      8.060     6.2879    83.8040 1.0715e-01     0.2551    93.8221     6.7338     6.6684    31.7635    31.7607    24.7209    24.7193    6.73371 0.0000e+00
       1430     12.106     8.0889     8.0812   3.326096   3.325397     2.2222     2.5832      8.061     6.2879   470.5012 1.0703e-01     0.2547    93.8308     6.7240     6.6693    31.7604    31.7600    24.7178    24.7186    6.73312 0.0000e+00
       1433     12.175     8.0860     8.0786   3.325728   3.325098     2.2234     2.5836      8.061     6.2879   481.4764 1.0703e-01     0.2551    93.8221     6.7288     6.6710    31.7591    31.7592    24.7172    24.7183    6.73363 0.0000e+00
       1436     12.241     8.0587     8.0695   3.323748   3.324042     2.2238     2.5832      8.063     6.3082   481.2395 1.0715e-01     0.2544    93.8395     6.7354     6.6706    31.7630    31.7562    24.7242    24.7174    6.73768 0.0000e+00
       1439     12.312     8.0674     8.0623   3.324367   3.323609     2.2234     2.5840      8.063     6.2879   481.3579 1.0715e-01     0.2466    94.0220     6.7329     6.6754    31.7616    31.7582    24.7219    24.7199    6.73640 0.0000e+00
       1442     12.384     8.0601     8.0628   3.323666   3.323156     2.2234     2.5828      8.063     6.2777   481.3579 1.0715e-01     0.2462    94.0307     6.7359     6.6739    31.7607    31.7529    24.7222    24.7157    6.73756 0.0000e+00
       1445     12.455     8.0613     8.0480   3.323546   3.321722     2.2234     2.5836      8.063     6.2879   481.3579 1.0703e-01     0.2462    94.0307     6.7372     6.6813    31.7583    31.7511    24.7202    24.7164    6.73748 0.0000e+00
       1448     12.529     8.0512     8.0328   3.323241   3.321335     2.2230     2.5832      8.063     6.2981   481.3579 1.0715e-01     0.2462    94.0307     6.7383     6.6835    31.7642    31.7607    24.7262    24.7261    6.73878 0.0000e+00
       1451     12.603     8.0636     8.0334   3.324486   3.321519     2.2230     2.5824      8.063     6.2370   481.3579 1.0703e-01     0.2462    94.0307     6.7372     6.6831    31.7662    31.7621    24.7260    24.7271    6.73679 0.0000e+00
       1454     12.679     8.0698     8.0519   3.324715   3.323429     2.2226     2.5845      8.061     6.2370   299.8333 1.0703e-01     0.2462    94.0307     6.7356     6.6875    31.7629    31.7655    24.7225    24.7271    6.73597 0.0000e+00
       1457     12.756     8.0762     8.0677   3.325239   3.324676     2.2230     2.5832      8.063     6.2472     2.9510 1.0715e-01     0.2466    94.0220     6.7353     6.6828    31.7626    31.7644    24.7214    24.7240    6.73499 0.0000e+00
       1460     12.833     8.0805     8.0614   3.325616   3.322949     2.2230     2.5828      8.061     6.2370    14.7947 1.0715e-01     0.2451    94.0568     6.7369     6.6850    31.7626    31.7518    24.7208    24.7150    6.73432 0.0000e+00
       1463     12.911     8.0824     8.0406   3.325259   3.321462     2.2234     2.5840      8.060     6.2166    14.2419 1.0715e-01     0.2451    94.0568     6.7399     6.6934    31.7572    31.7548    24.7162    24.7204    6.73428 0.0000e+00
       1466     12.991     8.0749     8.0286   3.324485   3.320571     2.2243     2.5849      8.063     6.2268    14.2419 1.0715e-01     0.2451    94.0568     6.7463     6.6993    31.7557    31.7562    24.7161    24.7231    6.73549 0.0000e+00
       1469     13.071     8.0657     8.0192   3.323475   3.319939     2.2234     2.5845      8.060     6.2472    14.2419 1.0715e-01     0.2451    94.0568     6.7453     6.6999    31.7533    31.7580    24.7156    24.7259    6.73702 0.0000e+00
       1472     13.150     7.9994     8.0043   3.317029   3.318267     2.2234     2.5849      8.063     6.2370    14.2419 1.0715e-01     0.2451    94.0568     6.7555     6.7033    31.7451    31.7538    24.7186    24.7247    6.74763 0.0000e+00
       1475     13.232     7.9597     7.9599   3.315394   3.314537     2.2234     2.5857      8.061     6.0131    14.2419 1.0715e-01     0.2455    94.0481     6.7592     6.7092    31.7637    31.7545    24.7389    24.7316    6.75297 0.0000e+00
       1478     13.314     7.9639     7.9491   3.316091   3.314084     2.2234     2.5853      8.061     5.7995    14.2419 1.0715e-01     0.2484    93.9785     6.7572     6.7068    31.7673    31.7594    24.7411    24.7370    6.75217 0.0000e+00
       1481     13.394     7.9725     7.9435   3.316044   3.313809     2.2243     2.5857      8.058     5.8198   319.1781 1.0703e-01     0.2506    93.9264     6.7580     6.7088    31.7589    31.7615    24.7333    24.7395    6.75119 0.0000e+00
       1484     13.476     7.9505     7.9505   3.314134   3.314602     2.2239     2.5857      8.058     5.8097   481.9896 1.0715e-01     0.2506    93.9264     6.7591     6.7051    31.7586    31.7635    24.7362    24.7400    6.75462 0.0000e+00
       1487     13.556     7.9477     7.9569   3.314199   3.315060     2.2243     2.5857      8.058     5.7995   480.9632 1.0715e-01     0.2506    93.9264     6.7592     6.7013    31.7618    31.7626    24.7391    24.7384    6.75492 0.0000e+00
       1490     13.635     7.9616     7.9607   3.315462   3.315256     2.2243     2.5861      8.058     5.7995   481.3579 1.0715e-01     0.2506    93.9264     6.7557     6.7000    31.7625    31.7611    24.7377    24.7367    6.75273 0.0000e+00
       1493     13.716     7.9672     7.9660   3.315828   3.315840     2.2234     2.5861      8.058     5.7995   481.3579 1.0715e-01     0.2506    93.9264     6.7503     6.6978    31.7613    31.7625    24.7359    24.7370    6.75191 0.0000e+00
       1496     13.793     7.9667     7.9735   3.315580   3.316634     2.2238     2.5849      8.058     5.8097   481.3579 1.0715e-01     0.2506    93.9264     6.7503     6.6908    31.7591    31.7641    24.7343    24.7372    6.75209 0.0000e+00
       1499     13.872     7.9610     7.9845   3.315264   3.317408     2.2222     2.5840      8.058     5.8097   481.3579 1.0690e-01     0.2469    94.0133     6.7439     6.6844    31.7608    31.7623    24.7365    24.7342    6.75289 0.0000e+00
       1502     13.948     7.9691     7.9877   3.316085   3.317485     2.2243     2.5849      8.058     5.8809   481.3579 1.0703e-01     0.2462    94.0307     6.7467     6.6844    31.7622    31.7602    24.7364    24.7321    6.75158 0.0000e+00
       1505     14.029     7.9787     7.9820   3.316866   3.316695     2.2234     2.5861      8.058     5.8911   470.5801 1.0703e-01     0.2462    94.0307     6.7406     6.6880    31.7617    31.7570    24.7346    24.7304    6.75011 0.0000e+00
       1508     14.107     7.9817     7.9690   3.317053   3.315784     2.2234     2.5853      8.058     5.8911    56.9583 1.0715e-01     0.2462    94.0307     6.7387     6.6853    31.7609    31.7591    24.7336    24.7339    6.74968 0.0000e+00
       1511     14.188     7.9785     7.9690   3.316621   3.315970     2.2230     2.5853      8.058     5.9013    16.5712 1.0715e-01     0.2462    94.0307     6.7365     6.6826    31.7593    31.7610    24.7327    24.7354    6.75025 0.0000e+00
       1514     14.268     7.9759     7.9691   3.316787   3.315923     2.2230     2.5849      8.058     5.8911    18.1109 1.0703e-01     0.2462    94.0307     6.7363     6.6796    31.7633    31.7603    24.7363    24.7349    6.75047 0.0000e+00
       1517     14.346     7.9885     7.9745   3.317881   3.316731     2.2226     2.5849      8.058     5.9114    18.0319 1.0715e-01     0.2484    93.9785     6.7333     6.6781    31.7634    31.7639    24.7346    24.7370    6.74851 0.0000e+00
       1520     14.425     7.9947     7.9758   3.318136   3.316313     2.2218     2.5849      8.058     5.8911    18.0319 1.0715e-01     0.2547    93.8308     6.7284     6.6773    31.7606    31.7583    24.7314    24.7324    6.74769 0.0000e+00
       1523     14.506     7.9787     7.9737   3.316578   3.316631     2.2230     2.5836      8.058     5.9013    18.0319 1.0715e-01     0.2551    93.8221     6.7354     6.6710    31.7585    31.7636    24.7321    24.7368    6.75026 0.0000e+00
       1526     14.588     7.9683     8.0034   3.315992   3.319711     2.2214     2.5836      8.058     5.9013    18.0319 1.0690e-01     0.2551    93.8221     6.7291     6.6650    31.7617    31.7693    24.7361    24.7370    6.75173 0.0000e+00
       1529     14.672     7.9658     8.0285   3.315564   3.321197     2.2222     2.5836      8.058     5.9114    18.0319 1.0703e-01     0.2551    93.8221     6.7352     6.6624    31.7593    31.7622    24.7346    24.7279    6.75222 0.0000e+00
       1532     14.755     7.9536     8.0269   3.314582   3.320113     2.2210     2.5824      8.058     5.8911   108.2810 1.0703e-01     0.2547    93.8308     6.7341     6.6619    31.7600    31.7522    24.7368    24.7202    6.75408 0.0000e+00
       1535     14.839     7.9431     7.9795   3.313781   3.315141     2.2210     2.5824      8.058     5.9013   478.9102 1.0703e-01     0.2547    93.8308     6.7366     6.6721    31.7610    31.7424    24.7391    24.7193    6.75567 0.0000e+00
       1538     14.926     7.9441     7.9385   3.313824   3.312831     2.2210     2.5820      8.058     5.8911   481.3185 1.0703e-01     0.2518    93.9003     6.7399     6.6799    31.7605    31.7550    24.7386    24.7350    6.75554 0.0000e+00
       1541     15.012     7.9387     7.9234   3.313292   3.311938     2.2210     2.5820      8.058     5.8911   481.2790 1.0703e-01     0.2462    94.0307     6.7424     6.6861    31.7597    31.7592    24.7387    24.7405    6.75641 0.0000e+00
       1544     15.102     7.9292     7.9162   3.312435   3.311498     2.2210     2.5820      8.059     5.8911   481.3579 1.0703e-01     0.2462    94.0307     6.7445     6.6908    31.7591    31.7610    24.7396    24.7429    6.75790 0.0000e+00
       1547     15.194     7.9159     7.9254   3.311387   3.312450     2.2206     2.5816      8.059     5.9013   481.3579 1.0715e-01     0.2466    94.0220     6.7466     6.6923    31.7601    31.7627    24.7422    24.7430    6.75993 0.0000e+00
       1550     15.287     7.9100     7.9162   3.310961   3.311111     2.2206     2.5824      8.059     5.8911   481.3579 1.0690e-01     0.2466    94.0220     6.7472     6.7003    31.7608    31.7568    24.7437    24.7396    6.76081 0.0000e+00
       1553     15.382     7.9010     7.9109   3.310193   3.310875     2.2218     2.5824      8.059     5.8504   481.3579 1.0703e-01     0.2469    94.0133     6.7568     6.7053    31.7608    31.7591    24.7449    24.7422    6.76221 0.0000e+00
       1556     15.479     7.8964     7.8955   3.309725   3.309275     2.2198     2.5824      8.059     5.6977   481.3579 1.0678e-01     0.2466    94.0220     6.7535     6.7114    31.7599    31.7561    24.7449    24.7420    6.76296 0.0000e+00
       1559     15.579     7.8767     7.8786   3.307896   3.308028     2.2210     2.5824      8.059     5.6774   263.3941 1.0690e-01     0.2458    94.0394     6.7630     6.7166    31.7584    31.7580    24.7465    24.7459    6.76610 0.0000e+00
       1562     15.680     7.8654     7.8723   3.307110   3.307853     2.2214     2.5832      8.059     5.6876     3.8195 1.0715e-01     0.2444    94.0741     6.7689     6.7229    31.7602    31.7619    24.7495    24.7499    6.76777 0.0000e+00
       1565     15.784     7.8590     7.8658   3.306433   3.306596     2.2206     2.5832      8.059     5.6774    13.8471 1.0715e-01     0.2451    94.0568     6.7701     6.7287    31.7588    31.7544    24.7493    24.7449    6.76884 0.0000e+00
       1568     15.892     7.8312     7.8294   3.303836   3.303430     2.2202     2.5832      8.059     5.6774    13.4129 1.0690e-01     0.2444    94.0741     6.7744     6.7392    31.7564    31.7537    24.7514    24.7494    6.77327 0.0000e+00
