Datasets/AZMP/HUD120/hud120_2020_086.cnv
* Sea-Bird SBE 9 Data File:
* FileName = C:\CTDDATA\hud120_2020_086.hex
* Software Version Seasave V 7.26.7.110
* Temperature SN = 1697
* Conductivity SN = 4216
* Number of Bytes Per Scan = 30
* Number of Voltage Words = 4
* Number of Scans Averaged by the Deck Unit = 1
* NMEA baud rate = 4800
** VESSEL/TRIP/SEQ STN:  hud120_2020_086
** LATITUDE XX XX.XX: 48 44.00 N
** LONGITUDE XX XX.XX W: 052 58.00 W
** SOUNDING DEPTH (M): 0106
** PROBE TYPE: S1146
** CTD NUMBER: 063
** FORMAT: V
** COMMENTS (14 CHAR): BB-01
** BOTTLES:  8
** LEVELS: 5,10,20,30,40,50,75,BTM
** STICKERS: 439938 - 439945
** VNET: Y
** DO2: Y
# nquan = 22
# nvalues = 2162                        
# units = specified
# name 0 = scan: Scan Count
# name 1 = prDM: Pressure, Digiquartz [db]
# name 2 = t090C: Temperature [ITS-90, deg C]
# name 3 = t190C: Temperature, 2 [ITS-90, deg C]
# name 4 = c0S/m: Conductivity [S/m]
# name 5 = c1S/m: Conductivity, 2 [S/m]
# name 6 = sbeox0V: Oxygen raw, SBE 43 [V]
# name 7 = sbeox1V: Oxygen raw, SBE 43, 2 [V]
# name 8 = ph: pH
# name 9 = flECO-AFL: Fluorescence, WET Labs ECO-AFL/FL [mg/m^3]
# name 10 = wetCDOM: Fluorescence, WET Labs CDOM [mg/m^3]
# name 11 = par/sat/log: PAR/Logarithmic, Satlantic [umol photons/m^2/sec]
# name 12 = CStarAt0: Beam Attenuation, WET Labs C-Star [1/m]
# name 13 = CStarTr0: Beam Transmission, WET Labs C-Star [%]
# name 14 = sbeox0ML/L: Oxygen, SBE 43 [ml/l], WS = 2
# name 15 = sbeox1ML/L: Oxygen, SBE 43, 2 [ml/l], WS = 2
# name 16 = sal00: Salinity, Practical [PSU]
# name 17 = sal11: Salinity, Practical, 2 [PSU]
# name 18 = sigma-t00: Density [sigma-t, kg/m^3 ]
# name 19 = sigma-t11: Density, 2 [sigma-t, kg/m^3 ]
# name 20 = oxsatML/L: Oxygen Saturation, Weiss [ml/l]
# name 21 = flag: flag
# span 0 =        104,      23763       
# span 1 =      2.876,     98.015       
# span 2 =     0.9525,     4.1394       
# span 3 =     0.9558,     4.1357       
# span 4 =   2.791935,   2.962806       
# span 5 =   2.792519,   2.963465       
# span 6 =     2.0883,     2.2027       
# span 7 =     2.4774,     2.6185       
# span 8 =      8.137,      8.181       
# span 9 =     1.3734,     2.9505       
# span 10 =    -2.8130,   482.1870      
# span 11 = 1.0629e-01, 4.5810e-01      
# span 12 =     0.0889,     0.1353      
# span 13 =    96.6732,    97.8031      
# span 14 =     7.3354,     7.6171      
# span 15 =     7.2394,     7.7685      
# span 16 =    31.3976,    32.4423      
# span 17 =    31.3964,    32.4464      
# span 18 =    24.9083,    25.9918      
# span 19 =    24.9076,    25.9949      
# span 20 =    7.41374,    7.98335      
# span 21 = 0.0000e+00, 0.0000e+00      
# interval = scans: 3                   
# start_time = Nov 27 2020 20:33:33 [System UTC, header]
# bad_flag = -9.990e-29
*END*
[from data line 66]
        423      8.811     4.1260     4.1224   2.961970   2.961496     2.2006     2.5531      8.173     2.6452     7.4910 1.0715e-01     0.1249    96.9252     7.3714     7.2703    31.4009    31.3988    24.9121    24.9108    7.41609 0.0000e+00
        426      8.874     4.1251     4.1221   2.961937   2.961499     2.2002     2.5523      8.173     2.6351     7.4910 1.0715e-01     0.1245    96.9339     7.3708     7.2682    31.4013    31.3991    24.9126    24.9111    7.41624 0.0000e+00
        429      8.933     4.1251     4.1226   2.961874   2.961510     2.1990     2.5523      8.173     2.6351     7.4910 1.0727e-01     0.1249    96.9252     7.3642     7.2683    31.4006    31.3988    24.9119    24.9107    7.41628 0.0000e+00
        432      8.990     4.1206     4.1197   2.961614   2.961384     2.1990     2.5527      8.173     2.6554    80.8825 1.0727e-01     0.1249    96.9252     7.3625     7.2703    31.4018    31.3999    24.9134    24.9119    7.41705 0.0000e+00
        435      9.044     4.1161     4.1175   2.961270   2.961249     2.1998     2.5531      8.173     2.6351   472.6726 1.0740e-01     0.1245    96.9339     7.3644     7.2742    31.4020    31.4005    24.9140    24.9126    7.41785 0.0000e+00
        438      9.098     4.1146     4.1171   2.961193   2.961196     2.1998     2.5523      8.173     2.6351   481.4369 1.0740e-01     0.1249    96.9252     7.3646     7.2742    31.4026    31.4002    24.9146    24.9124    7.41811 0.0000e+00
        441      9.153     4.1180     4.1136   2.961449   2.960879     2.1998     2.5527      8.173     2.6452   481.2395 1.0727e-01     0.1249    96.9252     7.3664     7.2791    31.4023    31.3998    24.9140    24.9124    7.41749 0.0000e+00
        444      9.211     4.1237     4.1118   2.961763   2.960817     2.1998     2.5519      8.173     2.6452   481.3184 1.0727e-01     0.1242    96.9426     7.3668     7.2772    31.4005    31.4009    24.9120    24.9134    7.41655 0.0000e+00
        447      9.269     4.1249     4.1149   2.961851   2.961060     2.2011     2.5519      8.173     2.6249   481.2790 1.0740e-01     0.1199    97.0469     7.3731     7.2757    31.4004    31.4007    24.9118    24.9130    7.41633 0.0000e+00
        450      9.330     4.1246     4.1183   2.961864   2.961290     2.1998     2.5519      8.173     2.6452   481.3579 1.0740e-01     0.1199    97.0469     7.3698     7.2758    31.4007    31.4000    24.9121    24.9121    7.41636 0.0000e+00
        453      9.398     4.1249     4.1197   2.961897   2.961351     2.1990     2.5519      8.173     2.6452   481.3184 1.0740e-01     0.1199    97.0469     7.3664     7.2751    31.4008    31.3994    24.9121    24.9115    7.41631 0.0000e+00
        456      9.470     4.1259     4.1217   2.961940   2.961496     2.1990     2.5519      8.173     2.6452   481.2395 1.0715e-01     0.1199    97.0469     7.3646     7.2732    31.4003    31.3992    24.9116    24.9111    7.41614 0.0000e+00
        459      9.543     4.1260     4.1231   2.961972   2.961580     2.1994     2.5527      8.173     2.6961   289.0555 1.0715e-01     0.1195    97.0556     7.3659     7.2746    31.4006    31.3988    24.9119    24.9107    7.41612 0.0000e+00
        462      9.620     4.1264     4.1225   2.961998   2.961538     2.1998     2.5527      8.173     2.7063     1.2928 1.0740e-01     0.1199    97.0469     7.3677     7.2758    31.4005    31.3988    24.9117    24.9108    7.41605 0.0000e+00
        465      9.702     4.1262     4.1244   2.961994   2.961707     2.1994     2.5523      8.173     2.6859    11.8337 1.0715e-01     0.1199    97.0469     7.3628     7.2745    31.4006    31.3989    24.9119    24.9107    7.41608 0.0000e+00
        468      9.788     4.1273     4.1241   2.962103   2.961661     2.1990     2.5519      8.173     2.6961    11.3600 1.0715e-01     0.1199    97.0469     7.3605     7.2745    31.4008    31.3986    24.9119    24.9105    7.41587 0.0000e+00
        471      9.880     4.1298     4.1245   2.962274   2.961709     2.1994     2.5519      8.173     2.6859    11.3995 1.0715e-01     0.1195    97.0556     7.3644     7.2737    31.4003    31.3987    24.9113    24.9105    7.41544 0.0000e+00
        474      9.977     4.1320     4.1258   2.962399   2.961840     2.1994     2.5519      8.173     2.6961    11.3600 1.0715e-01     0.1195    97.0556     7.3683     7.2737    31.3996    31.3990    24.9105    24.9106    7.41506 0.0000e+00
        477     10.078     4.1318     4.1273   2.962376   2.961922     2.1990     2.5519      8.173     2.7063    11.3995 1.0715e-01     0.1195    97.0556     7.3674     7.2736    31.3995    31.3985    24.9104    24.9100    7.41511 0.0000e+00
        480     10.186     4.1300     4.1269   2.962225   2.961898     2.1998     2.5511      8.173     2.6961    11.3600 1.0715e-01     0.1195    97.0556     7.3709     7.2710    31.3994    31.3985    24.9105    24.9101    7.41544 0.0000e+00
        483     10.295     4.1288     4.1267   2.962220   2.961893     2.1998     2.5507      8.173     2.7571    11.3995 1.0715e-01     0.1195    97.0556     7.3725     7.2699    31.4004    31.3986    24.9114    24.9102    7.41561 0.0000e+00
        486     10.407     4.1298     4.1284   2.962315   2.962016     2.1990     2.5519      8.173     2.8080     6.4646 1.0715e-01     0.1217    97.0035     7.3698     7.2746    31.4005    31.3984    24.9114    24.9099    7.41542 0.0000e+00
        489     10.523     4.1314     4.1272   2.962382   2.961870     2.1978     2.5519      8.173     2.8182     4.2143 1.0715e-01     0.1224    96.9861     7.3674     7.2760    31.3997    31.3977    24.9106    24.9094    7.41516 0.0000e+00
        492     10.636     4.1303     4.1241   2.962271   2.961740     2.1990     2.5519      8.173     2.8182     4.2932 1.0715e-01     0.1228    96.9774     7.3714     7.2763    31.3994    31.3991    24.9105    24.9109    7.41538 0.0000e+00
        495     10.753     4.1283     4.1251   2.962127   2.961784     2.2002     2.5515      8.173     2.8080     4.2932 1.0715e-01     0.1228    96.9774     7.3734     7.2745    31.3996    31.3986    24.9108    24.9103    7.41574 0.0000e+00
        498     10.870     4.1272     4.1227   2.962088   2.961545     2.1994     2.5519      8.173     2.8182     4.2932 1.0715e-01     0.1221    96.9948     7.3671     7.2745    31.4001    31.3981    24.9114    24.9102    7.41592 0.0000e+00
        501     10.987     4.1272     4.1203   2.962094   2.961430     2.1990     2.5519      8.173     2.8182     4.2932 1.0715e-01     0.1221    96.9948     7.3611     7.2725    31.4002    31.3989    24.9114    24.9111    7.41592 0.0000e+00
        504     11.101     4.1265     4.1203   2.962055   2.961502     2.1998     2.5519      8.175     2.8284     4.2932 1.0715e-01     0.1228    96.9774     7.3604     7.2701    31.4002    31.3997    24.9115    24.9117    7.41603 0.0000e+00
        507     11.220     4.1282     4.1242   2.962232   2.961810     2.2002     2.5515      8.173     2.8284     4.2932 1.0715e-01     0.1221    96.9948     7.3600     7.2640    31.4007    31.3996    24.9117    24.9112    7.41571 0.0000e+00
        510     11.335     4.1274     4.1217   2.962108   2.961635     2.1994     2.5511      8.173     2.6758     4.6485 1.0715e-01     0.1217    97.0035     7.3557     7.2592    31.3999    31.3998    24.9112    24.9117    7.41589 0.0000e+00
        513     11.452     4.0982     4.1183   2.959575   2.961074     2.1998     2.5515      8.173     2.6452    12.9391 1.0715e-01     0.1217    97.0035     7.3589     7.2574    31.3981    31.3965    24.9126    24.9093    7.42132 0.0000e+00
        516     11.570     4.0727     4.0949   2.958458   2.959794     2.1986     2.5507      8.174     2.6452    13.5708 1.0715e-01     0.1217    97.0035     7.3529     7.2558    31.4094    31.4038    24.9240    24.9174    7.42545 0.0000e+00
        519     11.689     4.0680     4.1031   2.958472   2.960661     2.1978     2.5511      8.174     2.6249    13.5313 1.0715e-01     0.1217    97.0035     7.3480     7.2536    31.4141    31.4060    24.9281    24.9184    7.42609 0.0000e+00
        522     11.804     4.0957     4.1148   2.960555   2.961141     2.1978     2.5499      8.173     2.6452    13.5313 1.0715e-01     0.1217    97.0035     7.3410     7.2447    31.4118    31.4004    24.9237    24.9128    7.42111 0.0000e+00
        525     11.918     4.1041     4.1161   2.960471   2.961301     2.1970     2.5495      8.173     2.6249    13.5313 1.0715e-01     0.1213    97.0122     7.3354     7.2416    31.4028    31.4010    24.9157    24.9131    7.42002 0.0000e+00
        528     12.032     4.0742     4.1180   2.958225   2.961244     2.1970     2.5495      8.174     2.6452    13.5313 1.0715e-01     0.1192    97.0643     7.3428     7.2412    31.4050    31.3984    24.9203    24.9109    7.42539 0.0000e+00
        531     12.144     4.0625     4.1046   2.957860   2.960188     2.1974     2.5495      8.174     2.6452    13.5313 1.0715e-01     0.1192    97.0643     7.3496     7.2446    31.4119    31.3988    24.9269    24.9125    7.42719 0.0000e+00
        534     12.254     4.0700     4.0840   2.958800   2.959148     2.1970     2.5486      8.174     2.6656    13.5313 1.0715e-01     0.1195    97.0556     7.3502     7.2437    31.4156    31.4064    24.9293    24.9205    7.42564 0.0000e+00
        537     12.361     4.0950     4.0914   2.960445   2.959875     2.1970     2.5474      8.173     2.7775   115.6241 1.0715e-01     0.1195    97.0556     7.3498     7.2399    31.4110    31.4077    24.9231    24.9208    7.42129 0.0000e+00
        540     12.469     4.1083     4.0991   2.961105   2.960317     2.1962     2.5482      8.173     2.7775   481.0026 1.0715e-01     0.1195    97.0556     7.3462     7.2429    31.4059    31.4054    24.9178    24.9183    7.41910 0.0000e+00
        543     12.573     4.1152     4.1079   2.961550   2.960958     2.1966     2.5478      8.173     2.7775   480.8842 1.0715e-01     0.1192    97.0643     7.3483     7.2416    31.4045    31.4045    24.9160    24.9167    7.41791 0.0000e+00
        546     12.677     4.1211     4.1196   2.961854   2.961620     2.1954     2.5470      8.173     2.7877   481.2790 1.0715e-01     0.1213    97.0122     7.3424     7.2394    31.4024    31.4010    24.9137    24.9128    7.41693 0.0000e+00
        549     12.784     4.1239     4.1234   2.962002   2.961692     2.1966     2.5470      8.173     2.7978   481.2790 1.0715e-01     0.1238    96.9513     7.3455     7.2402    31.4013    31.3982    24.9126    24.9102    7.41646 0.0000e+00
        552     12.894     4.1231     4.1020   2.961889   2.959838     2.1966     2.5470      8.173     2.7877   481.2790 1.0715e-01     0.1235    96.9600     7.3434     7.2459    31.4006    31.3969    24.9122    24.9113    7.41664 0.0000e+00
        555     12.994     4.1127     4.0685   2.961116   2.958083     2.1962     2.5466      8.173     2.7775   481.2790 1.0715e-01     0.1238    96.9513     7.3432     7.2513    31.4016    31.4083    24.9139    24.9235    7.41851 0.0000e+00
        558     13.098     4.1028     4.0615   2.960300   2.958200     2.1962     2.5458      8.173     2.7877   481.3579 1.0715e-01     0.1238    96.9513     7.3443     7.2517    31.4014    31.4163    24.9148    24.9305    7.42033 0.0000e+00
        561     13.200     4.0708     4.0659   2.957793   2.958348     2.1958     2.5470      8.174     2.7775   481.3184 1.0715e-01     0.1235    96.9600     7.3486     7.2554    31.4026    31.4138    24.9187    24.9281    7.42613 0.0000e+00
        564     13.303     4.0358     4.0512   2.955822   2.956981     2.1950     2.5458      8.174     2.7572   247.7210 1.0715e-01     0.1235    96.9600     7.3501     7.2517    31.4130    31.4119    24.9304    24.9280    7.43205 0.0000e+00
        567     13.407     4.0106     4.0194   2.954008   2.954888     2.1958     2.5458      8.174     2.7673    -0.5627 1.0715e-01     0.1220    96.9948     7.3583     7.2595    31.4158    31.4178    24.9350    24.9357    7.43655 0.0000e+00
        570     13.511     3.9746     3.9920   2.951895   2.952623     2.1950     2.5462      8.174     2.7470     6.8594 1.0715e-01     0.1210    97.0208     7.3630     7.2661    31.4255    31.4173    24.9461    24.9380    7.44270 0.0000e+00
        573     13.618     3.9618     3.9605   2.951265   2.950971     2.1941     2.5454      8.174     2.7572     6.5435 1.0715e-01     0.1210    97.0208     7.3597     7.2697    31.4303    31.4281    24.9511    24.9496    7.44481 0.0000e+00
        576     13.725     3.9490     3.9561   2.950361   2.950649     2.1945     2.5454      8.174     2.7368     6.5435 1.0715e-01     0.1210    97.0208     7.3646     7.2717    31.4319    31.4285    24.9537    24.9502    7.44710 0.0000e+00
        579     13.832     3.9370     3.9506   2.949755   2.950398     2.1941     2.5446      8.174     2.7673     6.5435 1.0715e-01     0.1217    97.0035     7.3656     7.2703    31.4362    31.4308    24.9582    24.9526    7.44909 0.0000e+00
        582     13.937     3.9321     3.9478   2.949465   2.950100     2.1941     2.5450      8.174     2.7572     6.5435 1.0715e-01     0.1210    97.0208     7.3662     7.2725    31.4376    31.4299    24.9597    24.9522    7.44995 0.0000e+00
        585     14.045     3.9286     3.9343   2.949219   2.949079     2.1937     2.5442      8.174     2.7470     6.5435 1.0715e-01     0.1210    97.0208     7.3683     7.2738    31.4379    31.4308    24.9603    24.9542    7.45056 0.0000e+00
        588     14.156     3.9253     3.9215   2.948984   2.948580     2.1933     2.5437      8.174     2.7368     6.5435 1.0715e-01     0.1188    97.0730     7.3674     7.2759    31.4383    31.4371    24.9609    24.9604    7.45116 0.0000e+00
        591     14.268     3.9216     3.9209   2.948790   2.948640     2.1945     2.5446      8.174     2.7267     8.2411 1.0715e-01     0.1185    97.0817     7.3715     7.2812    31.4394    31.4384    24.9622    24.9615    7.45178 0.0000e+00
        594     14.380     3.9199     3.9208   2.948729   2.948455     2.1945     2.5437      8.174     2.7267     8.7149 1.0715e-01     0.1185    97.0817     7.3702     7.2802    31.4403    31.4363    24.9631    24.9598    7.45205 0.0000e+00
        597     14.494     3.9097     3.9145   2.947913   2.948080     2.1929     2.5442      8.174     2.7368     8.6754 1.0715e-01     0.1185    97.0817     7.3646     7.2847    31.4404    31.4378    24.9641    24.9616    7.45393 0.0000e+00
        600     14.606     3.9094     3.9092   2.948259   2.947508     2.1929     2.5442      8.174     2.7267     8.6754 1.0715e-01     0.1185    97.0817     7.3639     7.2868    31.4448    31.4362    24.9676    24.9608    7.45377 0.0000e+00
        603     14.720     3.9208     3.8826   2.948827   2.946042     2.1929     2.5433      8.174     2.7267     8.6754 1.0715e-01     0.1185    97.0817     7.3588     7.2893    31.4405    31.4444    24.9631    24.9698    7.45188 0.0000e+00
        606     14.831     3.9206     3.8829   2.948747   2.946066     2.1921     2.5442      8.174     2.7267     8.6754 1.0715e-01     0.1195    97.0556     7.3537     7.2931    31.4397    31.4443    24.9625    24.9697    7.45196 0.0000e+00
        609     14.940     3.9137     3.8744   2.948092   2.945737     2.1933     2.5437      8.174     2.7165     8.6754 1.0715e-01     0.1217    97.0035     7.3603     7.2945    31.4385    31.4486    24.9622    24.9739    7.45329 0.0000e+00
        612     15.047     3.8921     3.8624   2.946681   2.944683     2.1921     2.5433      8.174     2.7267     8.6754 1.0715e-01     0.1217    97.0035     7.3563     7.2940    31.4426    31.4477    24.9676    24.9743    7.45709 0.0000e+00
        615     15.155     3.8675     3.8501   2.944820   2.943930     2.1909     2.5446      8.174     2.6961    49.1414 1.0715e-01     0.1217    97.0035     7.3546     7.2983    31.4443    31.4506    24.9712    24.9778    7.46155 0.0000e+00
