Datasets/AZMP/HUD120/hud120_2020_052.cnv
* Sea-Bird SBE 9 Data File:
* FileName = C:\CTDDATA\hud120_2020_052.hex
* Software Version Seasave V 7.26.7.110
* Temperature SN = 1697
* Conductivity SN = 4216
* Number of Bytes Per Scan = 30
* Number of Voltage Words = 4
* Number of Scans Averaged by the Deck Unit = 1
* NMEA baud rate = 4800
** VESSEL/TRIP/SEQ STN:  hud120_2020_052
** LATITUDE XX XX.XX: 47 00.00 N
** LONGITUDE XX XX.XX: 044 05.00 W
** SOUNDING DEPTH (M): 0334
** PROBE TYPE: S1146
** CTD NUMBER: 031
** FORMAT: V
** COMMENTS (14 CHAR): FC-30
** BOTTLES:  0
** LEVELS:
** STICKERS:
** VNET: N
** DO2: N
# nquan = 22
# nvalues = 5137                        
# units = specified
# name 0 = scan: Scan Count
# name 1 = prDM: Pressure, Digiquartz [db]
# name 2 = t090C: Temperature [ITS-90, deg C]
# name 3 = t190C: Temperature, 2 [ITS-90, deg C]
# name 4 = c0S/m: Conductivity [S/m]
# name 5 = c1S/m: Conductivity, 2 [S/m]
# name 6 = sbeox0V: Oxygen raw, SBE 43 [V]
# name 7 = sbeox1V: Oxygen raw, SBE 43, 2 [V]
# name 8 = ph: pH
# name 9 = flECO-AFL: Fluorescence, WET Labs ECO-AFL/FL [mg/m^3]
# name 10 = wetCDOM: Fluorescence, WET Labs CDOM [mg/m^3]
# name 11 = par/sat/log: PAR/Logarithmic, Satlantic [umol photons/m^2/sec]
# name 12 = CStarAt0: Beam Attenuation, WET Labs C-Star [1/m]
# name 13 = CStarTr0: Beam Transmission, WET Labs C-Star [%]
# name 14 = sbeox0ML/L: Oxygen, SBE 43 [ml/l], WS = 2
# name 15 = sbeox1ML/L: Oxygen, SBE 43, 2 [ml/l], WS = 2
# name 16 = sal00: Salinity, Practical [PSU]
# name 17 = sal11: Salinity, Practical, 2 [PSU]
# name 18 = sigma-t00: Density [sigma-t, kg/m^3 ]
# name 19 = sigma-t11: Density, 2 [sigma-t, kg/m^3 ]
# name 20 = oxsatML/L: Oxygen Saturation, Weiss [ml/l]
# name 21 = flag: flag
# span 0 =         91,      19733       
# span 1 =      1.875,    330.729       
# span 2 =     4.2124,     7.2178       
# span 3 =     4.2079,     7.2141       
# span 4 =   3.277118,   3.428615       
# span 5 =   3.276645,   3.426447       
# span 6 =     1.7669,     2.2144       
# span 7 =     2.1016,     2.6696       
# span 8 =      7.953,      8.115       
# span 9 =     0.8544,     6.0640       
# span 10 =    -2.8130,   482.1870      
# span 11 = 1.0605e-01, 2.0384e-01      
# span 12 =     0.0768,     0.3523      
# span 13 =    91.5708,    98.0987      
# span 14 =     5.2880,     6.7917      
# span 15 =     5.4511,     7.0153      
# span 16 =    33.6120,    34.9223      
# span 17 =    33.6109,    34.9189      
# span 18 =    26.2976,    27.6616      
# span 19 =    26.2968,    27.6671      
# span 20 =    6.78781,    7.23247      
# span 21 = 0.0000e+00, 0.0000e+00      
# interval = scans: 3                   
# start_time = Nov 23 2020 01:07:02 [System UTC, header]
# bad_flag = -9.990e-29
*END*
[from data line 4873]
      18714     31.888     7.2111     7.2001   3.423100   3.422256     2.1806     2.6297      8.104     4.8735   481.3579 1.0715e-01     0.2362    94.2654     6.6633     6.9062    33.6184    33.6198    26.3015    26.3042    6.78881 0.0000e+00
      18717     31.814     7.2100     7.1994   3.422998   3.422168     2.1818     2.6301      8.104     4.8634   481.3579 1.0715e-01     0.2351    94.2915     6.6696     6.9069    33.6183    33.6196    26.3016    26.3041    6.78897 0.0000e+00
      18720     31.747     7.2086     7.2001   3.422904   3.422230     2.1814     2.6305      8.104     4.8634   481.3579 1.0715e-01     0.2355    94.2828     6.6673     6.9088    33.6187    33.6197    26.3021    26.3040    6.78918 0.0000e+00
      18723     31.686     7.2085     7.2023   3.422961   3.422367     2.1822     2.6309      8.104     4.8532   481.3579 1.0715e-01     0.2358    94.2741     6.6690     6.9099    33.6195    33.6191    26.3027    26.3033    6.78916 0.0000e+00
      18726     31.630     7.2131     7.2048   3.423278   3.422573     2.1822     2.6309      8.104     4.9855   481.3579 1.0715e-01     0.2358    94.2741     6.6672     6.9104    33.6184    33.6189    26.3012    26.3027    6.78848 0.0000e+00
      18729     31.580     7.2144     7.2073   3.423319   3.422736     2.1822     2.6301      8.104     5.1483    92.8447 1.0715e-01     0.2358    94.2741     6.6663     6.9054    33.6176    33.6183    26.3004    26.3019    6.78831 0.0000e+00
      18732     31.534     7.2145     7.2071   3.423368   3.422654     2.1814     2.6305      8.104     5.1381    16.7291 1.0715e-01     0.2362    94.2654     6.6644     6.9069    33.6181    33.6176    26.3008    26.3014    6.78827 0.0000e+00
      18735     31.493     7.2148     7.2060   3.423359   3.422566     2.1830     2.6309      8.104     5.1381    19.8085 1.0715e-01     0.2362    94.2654     6.6710     6.9092    33.6178    33.6177    26.3005    26.3016    6.78825 0.0000e+00
      18738     31.454     7.2153     7.2055   3.423392   3.422486     2.1838     2.6305      8.104     5.1483    19.6901 1.0715e-01     0.2362    94.2654     6.6735     6.9085    33.6176    33.6173    26.3003    26.3014    6.78817 0.0000e+00
      18741     31.412     7.2147     7.2072   3.423314   3.422529     2.1830     2.6317      8.104     5.1483    19.6901 1.0715e-01     0.2362    94.2654     6.6688     6.9128    33.6174    33.6162    26.3002    26.3003    6.78828 0.0000e+00
      18744     31.374     7.2138     7.2047   3.423216   3.422364     2.1826     2.6309      8.104     5.1585    19.6901 1.0715e-01     0.2362    94.2654     6.6669     6.9111    33.6173    33.6168    26.3002    26.3011    6.78843 0.0000e+00
      18747     31.339     7.2142     7.2024   3.423255   3.422265     2.1826     2.6313      8.104     5.1381    19.6901 1.0715e-01     0.2362    94.2654     6.6645     6.9125    33.6173    33.6180    26.3002    26.3024    6.78836 0.0000e+00
      18750     31.304     7.2147     7.1995   3.423313   3.422023     2.1830     2.6317      8.104     5.1483    19.6901 1.0715e-01     0.2362    94.2654     6.6657     6.9143    33.6174    33.6182    26.3002    26.3030    6.78827 0.0000e+00
      18753     31.267     7.2145     7.1979   3.423311   3.421874     2.1834     2.6313      8.104     5.2399    78.7507 1.0715e-01     0.2366    94.2567     6.6656     6.9142    33.6176    33.6182    26.3004    26.3031    6.78829 0.0000e+00
      18756     31.229     7.2128     7.1969   3.423166   3.421843     2.1838     2.6321      8.104     5.3009   467.7772 1.0715e-01     0.2362    94.2654     6.6654     6.9167    33.6178    33.6188    26.3008    26.3038    6.78856 0.0000e+00
      18759     31.185     7.2111     7.1976   3.423000   3.421868     2.1838     2.6321      8.104     5.2806   481.5159 1.0715e-01     0.2366    94.2567     6.6632     6.9165    33.6176    33.6184    26.3009    26.3033    6.78883 0.0000e+00
      18762     31.140     7.2111     7.1984   3.423095   3.421971     2.1842     2.6321      8.104     5.2908   481.2000 1.0715e-01     0.2362    94.2654     6.6648     6.9149    33.6187    33.6188    26.3017    26.3036    6.78879 0.0000e+00
      18765     31.092     7.2136     7.1976   3.423193   3.421815     2.1838     2.6334      8.104     5.3009   481.3579 1.0715e-01     0.2366    94.2567     6.6646     6.9174    33.6174    33.6179    26.3003    26.3030    6.78846 0.0000e+00
      18768     31.036     7.2096     7.1968   3.422892   3.421851     2.1838     2.6321      8.104     5.2908   481.3579 1.0715e-01     0.2369    94.2480     6.6640     6.9126    33.6180    33.6191    26.3013    26.3040    6.78905 0.0000e+00
      18771     30.973     7.2081     7.1999   3.422827   3.422065     2.1834     2.6321      8.104     5.2908   481.3579 1.0715e-01     0.2369    94.2480     6.6615     6.9107    33.6188    33.6185    26.3022    26.3031    6.78926 0.0000e+00
      18774     30.898     7.2092     7.2005   3.422898   3.422117     2.1838     2.6321      8.104     5.2908   481.3579 1.0715e-01     0.2373    94.2393     6.6632     6.9109    33.6185    33.6185    26.3018    26.3030    6.78909 0.0000e+00
      18777     30.819     7.2105     7.2047   3.423031   3.422495     2.1834     2.6334      8.104     5.2806   481.3184 1.0715e-01     0.2373    94.2393     6.6602     6.9129    33.6187    33.6185    26.3018    26.3025    6.78888 0.0000e+00
      18780     30.736     7.2120     7.2075   3.423172   3.422683     2.1834     2.6334      8.104     5.3721   309.3083 1.0715e-01     0.2373    94.2393     6.6593     6.9111    33.6189    33.6179    26.3017    26.3016    6.78864 0.0000e+00
      18783     30.641     7.2132     7.2082   3.423205   3.422731     2.1838     2.6330      8.104     5.3721     2.2008 1.0703e-01     0.2373    94.2393     6.6603     6.9079    33.6181    33.6178    26.3009    26.3014    6.78849 0.0000e+00
      18786     30.541     7.2131     7.2085   3.423210   3.422766     2.1838     2.6321      8.104     5.3823    14.2025 1.0715e-01     0.2369    94.2480     6.6610     6.9039    33.6182    33.6179    26.3011    26.3015    6.78849 0.0000e+00
      18789     30.433     7.2138     7.2085   3.423291   3.422757     2.1842     2.6325      8.104     5.3721    13.6893 1.0715e-01     0.2373    94.2393     6.6637     6.9057    33.6185    33.6179    26.3012    26.3014    6.78837 0.0000e+00
      18792     30.316     7.2139     7.2080   3.423259   3.422704     2.1838     2.6330      8.104     5.3925    13.6498 1.0715e-01     0.2373    94.2393     6.6620     6.9084    33.6181    33.6179    26.3009    26.3015    6.78837 0.0000e+00
      18795     30.189     7.2132     7.2077   3.423235   3.422694     2.1842     2.6330      8.104     5.3925    13.6498 1.0715e-01     0.2362    94.2654     6.6628     6.9081    33.6187    33.6180    26.3014    26.3017    6.78846 0.0000e+00
      18798     30.057     7.2132     7.2068   3.423176   3.422626     2.1851     2.6334      8.104     5.3721    13.6893 1.0715e-01     0.2362    94.2654     6.6657     6.9090    33.6181    33.6183    26.3009    26.3020    6.78849 0.0000e+00
      18801     29.917     7.2118     7.2068   3.423092   3.422591     2.1838     2.6325      8.104     5.3721    13.6893 1.0703e-01     0.2362    94.2654     6.6603     6.9060    33.6185    33.6180    26.3015    26.3017    6.78868 0.0000e+00
      18804     29.770     7.2115     7.2060   3.423075   3.422504     2.1838     2.6330      8.104     5.3009    13.6893 1.0715e-01     0.2362    94.2654     6.6606     6.9088    33.6187    33.6178    26.3016    26.3017    6.78872 0.0000e+00
      18807     29.620     7.2128     7.2066   3.423152   3.422627     2.1838     2.6321      8.104     4.8837   309.6636 1.0715e-01     0.2362    94.2654     6.6615     6.9067    33.6184    33.6187    26.3012    26.3023    6.78854 0.0000e+00
      18810     29.466     7.2122     7.2082   3.423102   3.422661     2.1847     2.6330      8.104     4.8837   481.8317 1.0715e-01     0.2362    94.2654     6.6653     6.9088    33.6185    33.6176    26.3014    26.3012    6.78862 0.0000e+00
      18813     29.309     7.2117     7.2066   3.423051   3.422531     2.1842     2.6334      8.104     4.9041   480.9632 1.0715e-01     0.2362    94.2654     6.6624     6.9095    33.6185    33.6178    26.3015    26.3016    6.78870 0.0000e+00
      18816     29.149     7.2125     7.2077   3.423104   3.422652     2.1838     2.6334      8.104     4.9041   481.3579 1.0715e-01     0.2355    94.2828     6.6602     6.9086    33.6184    33.6181    26.3013    26.3017    6.78859 0.0000e+00
      18819     28.985     7.2132     7.2087   3.423139   3.422662     2.1842     2.6334      8.104     4.8939   481.3579 1.0715e-01     0.2351    94.2915     6.6623     6.9094    33.6182    33.6173    26.3010    26.3010    6.78848 0.0000e+00
      18822     28.818     7.2127     7.2086   3.423130   3.422683     2.1838     2.6334      8.104     4.8837   481.3579 1.0715e-01     0.2351    94.2915     6.6624     6.9100    33.6186    33.6178    26.3014    26.3013    6.78853 0.0000e+00
      18825     28.652     7.2126     7.2082   3.423066   3.422619     2.1842     2.6334      8.104     4.9041   481.3579 1.0715e-01     0.2358    94.2741     6.6663     6.9112    33.6182    33.6175    26.3011    26.3012    6.78858 0.0000e+00
      18828     28.483     7.2123     7.2078   3.423032   3.422556     2.1851     2.6334      8.104     4.9143   481.3579 1.0703e-01     0.2351    94.2915     6.6700     6.9118    33.6182    33.6173    26.3011    26.3011    6.78863 0.0000e+00
      18831     28.313     7.2122     7.2074   3.423048   3.422548     2.1855     2.6334      8.104     4.8329   481.3579 1.0715e-01     0.2355    94.2828     6.6718     6.9120    33.6185    33.6177    26.3014    26.3014    6.78862 0.0000e+00
      18834     28.144     7.2127     7.2079   3.423054   3.422565     2.1847     2.6330      8.104     4.7413   481.3579 1.0715e-01     0.2362    94.2654     6.6690     6.9100    33.6181    33.6175    26.3010    26.3012    6.78855 0.0000e+00
      18837     27.973     7.2130     7.2077   3.423034   3.422534     2.1838     2.6334      8.104     4.7413   481.3579 1.0715e-01     0.2362    94.2654     6.6669     6.9130    33.6177    33.6174    26.3006    26.3012    6.78853 0.0000e+00
      18840     27.805     7.2132     7.2076   3.423041   3.422504     2.1847     2.6338      8.104     4.7413   481.3579 1.0715e-01     0.2366    94.2567     6.6700     6.9152    33.6177    33.6172    26.3006    26.3011    6.78850 0.0000e+00
      18843     27.637     7.2128     7.2072   3.422980   3.422469     2.1855     2.6338      8.104     4.7514   481.3579 1.0715e-01     0.2362    94.2654     6.6717     6.9160    33.6174    33.6174    26.3005    26.3012    6.78857 0.0000e+00
      18846     27.472     7.2129     7.2078   3.423004   3.422525     2.1851     2.6338      8.104     4.7413   481.3579 1.0715e-01     0.2362    94.2654     6.6696     6.9170    33.6177    33.6175    26.3007    26.3012    6.78854 0.0000e+00
      18849     27.310     7.2127     7.2084   3.422962   3.422558     2.1855     2.6342      8.104     4.7514   481.3579 1.0715e-01     0.2362    94.2654     6.6703     6.9189    33.6175    33.6173    26.3006    26.3010    6.78858 0.0000e+00
      18852     27.160     7.2125     7.2085   3.422960   3.422529     2.1855     2.6346      8.104     4.7514   481.3579 1.0715e-01     0.2369    94.2480     6.6701     6.9198    33.6177    33.6170    26.3008    26.3007    6.78860 0.0000e+00
      18855     27.014     7.2129     7.2084   3.422986   3.422525     2.1859     2.6346      8.104     4.7413   481.3579 1.0715e-01     0.2362    94.2654     6.6704     6.9194    33.6177    33.6171    26.3007    26.3008    6.78854 0.0000e+00
      18858     26.877     7.2130     7.2093   3.423003   3.422599     2.1859     2.6346      8.104     4.7108   396.0042 1.0715e-01     0.2362    94.2654     6.6698     6.9186    33.6178    33.6171    26.3008    26.3007    6.78852 0.0000e+00
      18861     26.739     7.2140     7.2098   3.423062   3.422585     2.1859     2.6358      8.104     4.7311    10.4914 1.0715e-01     0.2362    94.2654     6.6681     6.9212    33.6176    33.6165    26.3005    26.3002    6.78837 0.0000e+00
      18864     26.603     7.2139     7.2097   3.423051   3.422587     2.1855     2.6346      8.104     4.7209    14.8736 1.0715e-01     0.2362    94.2654     6.6651     6.9159    33.6177    33.6167    26.3005    26.3003    6.78839 0.0000e+00
      18867     26.476     7.2134     7.2094   3.422953   3.422537     2.1855     2.6354      8.104     4.7209    14.6368 1.0715e-01     0.2362    94.2654     6.6646     6.9183    33.6171    33.6165    26.3001    26.3003    6.78849 0.0000e+00
      18870     26.353     7.2126     7.2085   3.422894   3.422482     2.1859     2.6354      8.104     4.7108    14.5973 1.0715e-01     0.2362    94.2654     6.6665     6.9172    33.6173    33.6168    26.3005    26.3006    6.78861 0.0000e+00
      18873     26.236     7.2120     7.2079   3.422859   3.422407     2.1863     2.6354      8.104     4.7209    14.5973 1.0715e-01     0.2366    94.2567     6.6679     6.9152    33.6177    33.6167    26.3008    26.3006    6.78870 0.0000e+00
      18876     26.127     7.2121     7.2072   3.422873   3.422370     2.1859     2.6354      8.104     4.7209    14.5973 1.0715e-01     0.2362    94.2654     6.6665     6.9131    33.6177    33.6170    26.3008    26.3009    6.78867 0.0000e+00
      18879     26.026     7.2116     7.2073   3.422803   3.422378     2.1847     2.6350      8.104     4.7209    14.5973 1.0715e-01     0.2362    94.2654     6.6621     6.9111    33.6175    33.6170    26.3007    26.3010    6.78876 0.0000e+00
      18882     25.929     7.2113     7.2069   3.422810   3.422330     2.1855     2.6358      8.104     4.7311    14.5973 1.0715e-01     0.2362    94.2654     6.6658     6.9138    33.6179    33.6170    26.3010    26.3009    6.78879 0.0000e+00
      18885     25.843     7.2113     7.2070   3.422791   3.422356     2.1863     2.6354      8.104     4.7311   221.7833 1.0715e-01     0.2362    94.2654     6.6692     6.9134    33.6177    33.6172    26.3009    26.3011    6.78880 0.0000e+00
      18888     25.760     7.2115     7.2075   3.422809   3.422383     2.1863     2.6358      8.104     4.7413   482.1870 1.0715e-01     0.2362    94.2654     6.6691     6.9148    33.6178    33.6170    26.3010    26.3009    6.78876 0.0000e+00
      18891     25.682     7.2117     7.2081   3.422805   3.422419     2.1863     2.6358      8.104     4.7413   481.1211 1.0715e-01     0.2362    94.2654     6.6685     6.9141    33.6176    33.6168    26.3008    26.3007    6.78875 0.0000e+00
      18894     25.609     7.2119     7.2083   3.422835   3.422444     2.1863     2.6358      8.104     4.7514   481.3579 1.0715e-01     0.2369    94.2480     6.6693     6.9157    33.6178    33.6170    26.3009    26.3008    6.78870 0.0000e+00
      18897     25.545     7.2120     7.2084   3.422822   3.422438     2.1863     2.6350      8.104     4.7413   481.3579 1.0715e-01     0.2362    94.2654     6.6714     6.9143    33.6176    33.6169    26.3007    26.3007    6.78870 0.0000e+00
      18900     25.488     7.2123     7.2083   3.422832   3.422421     2.1867     2.6350      8.104     4.7514   481.3579 1.0715e-01     0.2366    94.2567     6.6747     6.9162    33.6174    33.6168    26.3005    26.3006    6.78866 0.0000e+00
      18903     25.434     7.2122     7.2082   3.422821   3.422405     2.1863     2.6358      8.104     4.7413   481.3579 1.0715e-01     0.2362    94.2654     6.6731     6.9193    33.6174    33.6167    26.3006    26.3006    6.78868 0.0000e+00
      18906     25.384     7.2121     7.2081   3.422819   3.422400     2.1863     2.6366      8.104     4.7514   481.3579 1.0715e-01     0.2366    94.2567     6.6720     6.9213    33.6175    33.6168    26.3007    26.3007    6.78869 0.0000e+00
