Datasets/AZMP/HUD120/hud120_2020_095.cnv
* Sea-Bird SBE 9 Data File:
* FileName = C:\CTDDATA\hud120_2020_095.hex
* Software Version Seasave V 7.26.7.110
* Temperature SN = 1697
* Conductivity SN = 4216
* Number of Bytes Per Scan = 30
* Number of Voltage Words = 4
* Number of Scans Averaged by the Deck Unit = 1
* NMEA baud rate = 4800
** VESSEL/TRIP/SEQ STN:  hud120_2020_096
** LATITUDE XX XX.XX: 49 31.00 N
** LONGITUDE XX XX.XX: 050 32.00 W
** SOUNDING DEPTH (M): 0337
** PROBE TYPE: S1146
** CTD NUMBER: 072
** FORMAT: V
** COMMENTS (14 CHAR): BB-10
** BOTTLES:  10
** LEVELS: 5,10,20,30,40,50,75,100,150,BTM
** STICKERS: 440019 - 440028
** VNET: Y
** DO2: Y
# nquan = 22
# nvalues = 6432                        
# units = specified
# name 0 = scan: Scan Count
# name 1 = prDM: Pressure, Digiquartz [db]
# name 2 = t090C: Temperature [ITS-90, deg C]
# name 3 = t190C: Temperature, 2 [ITS-90, deg C]
# name 4 = c0S/m: Conductivity [S/m]
# name 5 = c1S/m: Conductivity, 2 [S/m]
# name 6 = sbeox0V: Oxygen raw, SBE 43 [V]
# name 7 = sbeox1V: Oxygen raw, SBE 43, 2 [V]
# name 8 = ph: pH
# name 9 = flECO-AFL: Fluorescence, WET Labs ECO-AFL/FL [mg/m^3]
# name 10 = wetCDOM: Fluorescence, WET Labs CDOM [mg/m^3]
# name 11 = par/sat/log: PAR/Logarithmic, Satlantic [umol photons/m^2/sec]
# name 12 = CStarAt0: Beam Attenuation, WET Labs C-Star [1/m]
# name 13 = CStarTr0: Beam Transmission, WET Labs C-Star [%]
# name 14 = sbeox0ML/L: Oxygen, SBE 43 [ml/l], WS = 2
# name 15 = sbeox1ML/L: Oxygen, SBE 43, 2 [ml/l], WS = 2
# name 16 = sal00: Salinity, Practical [PSU]
# name 17 = sal11: Salinity, Practical, 2 [PSU]
# name 18 = sigma-t00: Density [sigma-t, kg/m^3 ]
# name 19 = sigma-t11: Density, 2 [sigma-t, kg/m^3 ]
# name 20 = oxsatML/L: Oxygen Saturation, Weiss [ml/l]
# name 21 = flag: flag
# span 0 =         76,      42837       
# span 1 =      2.336,    332.192       
# span 2 =     1.9651,     3.4043       
# span 3 =     1.9604,     3.3997       
# span 4 =   2.949657,   3.186183       
# span 5 =   2.949563,   3.185639       
# span 6 =     1.8569,     2.2002       
# span 7 =     2.1822,     2.5906       
# span 8 =      8.057,      8.144       
# span 9 =     0.8850,     4.1409       
# span 10 =    -2.8130,   482.1870      
# span 11 = 1.0715e-01, 4.4003e+01      
# span 12 =     0.0821,     0.2418      
# span 13 =    94.1350,    97.9683      
# span 14 =     6.1291,     7.7259      
# span 15 =     6.1938,     7.7828      
# span 16 =    33.4132,    34.6255      
# span 17 =    33.4162,    34.6234      
# span 18 =    26.7019,    27.5483      
# span 19 =    26.7046,    27.5472      
# span 20 =    7.38988,    7.72468      
# span 21 = 0.0000e+00, 0.0000e+00      
# interval = scans: 3                   
# start_time = Nov 28 2020 18:26:36 [System UTC, header]
# bad_flag = -9.990e-29
*END*
[from data line 6387]
      40452      5.239     1.9705     1.9652   2.950526   2.949996     2.1819     2.5870      8.144     2.9301   481.0026 5.5489e+00     0.1285    96.8383     7.6447     7.7497    33.4330    33.4321    26.7186    26.7182    7.72369 0.0000e+00
      40455      5.208     1.9700     1.9654   2.950536   2.950021     2.1818     2.5878      8.144     2.9301   414.4015 5.5553e+00     0.1289    96.8296     7.6446     7.7523    33.4338    33.4322    26.7191    26.7182    7.72376 0.0000e+00
      40498      5.183     1.9690     1.9648   2.950458   2.949958     2.1822     2.5878      8.144     2.9505   173.6978 5.6011e+00     0.1303    96.7948     7.6487     7.7580    33.4338    33.4321    26.7193    26.7182    7.72395 0.0000e+00
      40582      5.156     1.9674     1.9632   2.950316   2.949777     2.1822     2.5890      8.144     2.9810   481.0026 5.6787e+00     0.1325    96.7427     7.6533     7.7734    33.4338    33.4315    26.7194    26.7179    7.72427 0.0000e+00
      40585      5.126     1.9674     1.9632   2.950318   2.949792     2.1827     2.5890      8.144     2.9810   481.0026 5.6656e+00     0.1328    96.7340     7.6554     7.7742    33.4338    33.4317    26.7194    26.7180    7.72426 0.0000e+00
      40588      5.098     1.9675     1.9631   2.950322   2.949810     2.1831     2.5890      8.144     2.9709    93.6738 5.6787e+00     0.1335    96.7166     7.6564     7.7751    33.4337    33.4320    26.7193    26.7183    7.72425 0.0000e+00
      40623      5.071     1.9675     1.9630   2.950310   2.949780     2.1839     2.5898      8.144     2.9912   160.8671 5.6468e+00     0.1321    96.7514     7.6555     7.7677    33.4337    33.4318    26.7193    26.7181    7.72426 0.0000e+00
      40689      4.987     1.9675     1.9627   2.950290   2.949756     2.1843     2.5894      8.144     3.0420   481.0026 5.5941e+00     0.1289    96.8296     7.6446     7.7465    33.4335    33.4318    26.7191    26.7181    7.72427 0.0000e+00
      40692      4.893     1.9675     1.9629   2.950284   2.949755     2.1839     2.5894      8.144     3.0319   222.2965 5.7249e+00     0.1292    96.8209     7.6427     7.7482    33.4335    33.4317    26.7191    26.7180    7.72428 0.0000e+00
      40695      4.810     1.9674     1.9629   2.950285   2.949753     2.1839     2.5890      8.144     3.0319     6.6620 5.7847e+00     0.1292    96.8209     7.6428     7.7469    33.4336    33.4317    26.7192    26.7180    7.72428 0.0000e+00
      40698      4.745     1.9674     1.9629   2.950276   2.949759     2.1843     2.5894      8.144     3.0420    15.4658 5.8115e+00     0.1292    96.8209     7.6433     7.7490    33.4335    33.4318    26.7191    26.7181    7.72428 0.0000e+00
      40701      4.700     1.9675     1.9628   2.950291   2.949753     2.1843     2.5882      8.144     3.0420    15.0315 5.8250e+00     0.1292    96.8209     7.6431     7.7453    33.4336    33.4319    26.7192    26.7182    7.72425 0.0000e+00
      40818      4.640     1.9676     1.9628   2.950266   2.949750     2.1851     2.5862      8.144     2.9098   481.0026 6.0377e+00     0.1314    96.7688     7.6649     7.7522    33.4333    33.4318    26.7189    26.7181    7.72426 0.0000e+00
      40821      4.550     1.9676     1.9628   2.950280   2.949727     2.1851     2.5870      8.144     2.9098   480.9237 6.1431e+00     0.1314    96.7688     7.6598     7.7580    33.4335    33.4316    26.7191    26.7180    7.72425 0.0000e+00
      40824      4.474     1.9675     1.9628   2.950265   2.949723     2.1859     2.5858      8.144     2.9098   480.9631 6.1931e+00     0.1314    96.7688     7.6621     7.7587    33.4334    33.4316    26.7191    26.7180    7.72427 0.0000e+00
      40827      4.417     1.9674     1.9629   2.950270   2.949734     2.1847     2.5858      8.144     2.9098   481.0026 6.2146e+00     0.1328    96.7340     7.6537     7.7618    33.4337    33.4317    26.7193    26.7181    7.72429 0.0000e+00
      41166      4.379     1.9682     1.9632   2.950328   2.949772     2.1847     2.5858      8.144     2.9607   325.3762 6.1442e+00     0.1371    96.6297     7.6528     7.7600    33.4336    33.4319    26.7191    26.7182    7.72413 0.0000e+00
      41840      4.292     1.9702     1.9645   2.950501   2.949888     2.1855     2.5841      8.144     3.0930    14.1235 6.1079e+00     0.1335    96.7166     7.6566     7.7489    33.4336    33.4320    26.7190    26.7181    7.72372 0.0000e+00
      41843      4.198     1.9703     1.9651   2.950488   2.949955     2.1859     2.5845      8.144     3.0828   102.3197 6.2363e+00     0.1335    96.7166     7.6605     7.7552    33.4334    33.4322    26.7189    26.7183    7.72372 0.0000e+00
      41846      4.124     1.9703     1.9657   2.950500   2.949958     2.1859     2.5845      8.144     3.0930   478.1601 6.3526e+00     0.1332    96.7253     7.6588     7.7615    33.4336    33.4317    26.7190    26.7178    7.72371 0.0000e+00
      41849      4.071     1.9702     1.9655   2.950470   2.949950     2.1851     2.5853      8.144     3.1031   480.9237 6.4191e+00     0.1335    96.7166     7.6546     7.7673    33.4333    33.4318    26.7188    26.7180    7.72373 0.0000e+00
      42406      4.026     1.9704     1.9657   2.950477   2.949973     2.1846     2.5890      8.144     3.0116   158.3799 6.4563e+00     0.1306    96.7861     7.6583     7.7433    33.4332    33.4319    26.7187    26.7180    7.72370 0.0000e+00
      42686      3.953     1.9702     1.9655   2.950507   2.949966     2.1838     2.5906      8.144     2.9709    -1.7471 6.5313e+00     0.1332    96.7253     7.6549     7.7308    33.4339    33.4320    26.7192    26.7181    7.72371 0.0000e+00
      42689      3.877     1.9702     1.9658   2.950486   2.949969     2.1847     2.5894      8.144     2.9810     0.6217 6.5616e+00     0.1476    96.3776     7.6572     7.7287    33.4337    33.4318    26.7191    26.7179    7.72372 0.0000e+00
      42692      3.800     1.9705     1.9656   2.950487   2.949958     2.1834     2.5890      8.142     2.9912     0.5032 6.5616e+00     0.1476    96.3776     7.6502     7.7286    33.4334    33.4319    26.7188    26.7180    7.72368 0.0000e+00
      42695      3.720     1.9703     1.9656   2.950486   2.949945     2.1838     2.5882      8.144     2.9709     0.5032 6.5844e+00     0.1476    96.3776     7.6496     7.7286    33.4337    33.4318    26.7191    26.7179    7.72371 0.0000e+00
      42698      3.635     1.9705     1.9658   2.950473   2.949968     2.1834     2.5890      8.144     3.0115     0.5032 6.6226e+00     0.1476    96.3776     7.6486     7.7355    33.4333    33.4320    26.7187    26.7181    7.72368 0.0000e+00
      42701      3.556     1.9704     1.9657   2.950482   2.949938     2.1838     2.5894      8.144     3.0624     0.5032 6.6456e+00     0.1476    96.3776     7.6493     7.7414    33.4336    33.4318    26.7190    26.7179    7.72368 0.0000e+00
      42704      3.481     1.9701     1.9656   2.950449   2.949923     2.1847     2.5890      8.144     3.0726     0.5032 6.7385e+00     0.1476    96.3776     7.6499     7.7443    33.4336    33.4317    26.7190    26.7179    7.72375 0.0000e+00
      42707      3.412     1.9700     1.9656   2.950441   2.949939     2.1838     2.5894      8.144     3.0624   103.8593 6.8168e+00     0.1407    96.5428     7.6452     7.7515    33.4336    33.4320    26.7190    26.7181    7.72377 0.0000e+00
      42710      3.348     1.9699     1.9655   2.950437   2.949899     2.1838     2.5894      8.144     3.0624   480.8447 6.9281e+00     0.1314    96.7688     7.6451     7.7561    33.4336    33.4316    26.7191    26.7178    7.72378 0.0000e+00
      42713      3.284     1.9702     1.9654   2.950428   2.949901     2.1838     2.5894      8.144     3.0624   481.0027 7.1398e+00     0.1314    96.7688     7.6442     7.7606    33.4333    33.4318    26.7188    26.7179    7.72375 0.0000e+00
      42716      3.224     1.9702     1.9653   2.950441   2.949907     2.1838     2.5890      8.144     3.0726   480.9237 7.3746e+00     0.1314    96.7688     7.6489     7.7625    33.4334    33.4320    26.7189    26.7181    7.72373 0.0000e+00
      42719      3.174     1.9701     1.9655   2.950439   2.949895     2.1838     2.5894      8.144     3.0726   480.9237 7.5821e+00     0.1321    96.7514     7.6482     7.7666    33.4336    33.4316    26.7191    26.7178    7.72375 0.0000e+00
      42722      3.127     1.9697     1.9655   2.950427   2.949885     2.1842     2.5894      8.144     3.0726   480.9237 7.6611e+00     0.1321    96.7514     7.6501     7.7696    33.4338    33.4315    26.7193    26.7177    7.72381 0.0000e+00
      42725      3.083     1.9697     1.9653   2.950387   2.949889     2.1834     2.5894      8.144     3.0726   480.9237 7.5819e+00     0.1318    96.7601     7.6461     7.7758    33.4334    33.4319    26.7189    26.7180    7.72384 0.0000e+00
      42728      3.048     1.9697     1.9653   2.950391   2.949888     2.1830     2.5902      8.144     3.0726   480.9631 7.4004e+00     0.1318    96.7601     7.6468     7.7828    33.4335    33.4318    26.7190    26.7180    7.72383 0.0000e+00
      42816      2.966     1.9710     1.9662   2.950508   2.949950 -9.990e-29 -9.990e-29      8.144     3.3168    -2.8130 7.2562e+00     0.1325    96.7427 -9.990e-29 -9.990e-29    33.4336    33.4317    26.7189    26.7178    7.72356 0.0000e+00
      42819      2.857     1.9713     1.9659   2.950470   2.949935 -9.990e-29 -9.990e-29      8.144     3.3372    -1.9050 7.4516e+00     0.1332    96.7253 -9.990e-29 -9.990e-29    33.4329    33.4319    26.7184    26.7179    7.72355 0.0000e+00
      42822      2.751     1.9706     1.9656   2.950455   2.949913 -9.990e-29 -9.990e-29      8.144     3.3270    -1.5497 7.4947e+00     0.1325    96.7427 -9.990e-29 -9.990e-29    33.4335    33.4320    26.7188    26.7181    7.72365 0.0000e+00
      42825      2.650     1.9702     1.9656   2.950418   2.949899 -9.990e-29 -9.990e-29      8.144     3.3168    -1.5102 7.4257e+00     0.1328    96.7340 -9.990e-29 -9.990e-29    33.4336    33.4319    26.7190    26.7180    7.72374 0.0000e+00
      42828      2.552     1.9698     1.9652   2.950411   2.949855 -9.990e-29 -9.990e-29      8.144     3.2761    -1.5102 7.4688e+00     0.1321    96.7514 -9.990e-29 -9.990e-29    33.4339    33.4318    26.7193    26.7179    7.72379 0.0000e+00
      42831      2.464     1.9697     1.9650   2.950393   2.949855 -9.990e-29 -9.990e-29      8.144     3.1540    -1.5497 7.4947e+00     0.1303    96.7948 -9.990e-29 -9.990e-29    33.4338    33.4321    26.7192    26.7182    7.72381 0.0000e+00
      42834      2.391     1.9698     1.9653   2.950394   2.949870 -9.990e-29 -9.990e-29      8.144     3.1540    -1.6286 7.6881e+00     0.1303    96.7948 -9.990e-29 -9.990e-29    33.4337    33.4320    26.7192    26.7181    7.72379 0.0000e+00
      42837      2.336     1.9700     1.9654   2.950402   2.949858 -9.990e-29 -9.990e-29      8.144     3.1438    -1.3917 7.8677e+00     0.1303    96.7948 -9.990e-29 -9.990e-29    33.4337    33.4317    26.7191    26.7179    7.72377 0.0000e+00
