Datasets/AZMP/HUD120/hud120_2020_083.cnv
* Sea-Bird SBE 9 Data File:
* FileName = C:\CTDDATA\hud120_2020_083.hex
* Software Version Seasave V 7.26.7.110
* Temperature SN = 1697
* Conductivity SN = 4216
* Number of Bytes Per Scan = 30
* Number of Voltage Words = 4
* Number of Scans Averaged by the Deck Unit = 1
* NMEA baud rate = 4800
** VESSEL/TRIP/SEQ STN:  hun120_2020_083
** LATITUDE XX XX.XX: 47 32.80 N
** LONGITUDE XX XX.XX: 052 35.20 W
** SOUNDING DEPTH (M): 0176
** PROBE TYPE: S1146
** CTD NUMBER: 062
** FORMAT: V
** COMMENTS (14 CHAR): S27-01
** BOTTLES:  0
** LEVELS: 0
** STICKERS:
** VNET: Y
** DO2: N
** NO WATER SAMPLES TAKEN. TWO SETS OF NETS DEPLOYED
# nquan = 22
# nvalues = 3660                        
# units = specified
# name 0 = scan: Scan Count
# name 1 = prDM: Pressure, Digiquartz [db]
# name 2 = t090C: Temperature [ITS-90, deg C]
# name 3 = t190C: Temperature, 2 [ITS-90, deg C]
# name 4 = c0S/m: Conductivity [S/m]
# name 5 = c1S/m: Conductivity, 2 [S/m]
# name 6 = sbeox0V: Oxygen raw, SBE 43 [V]
# name 7 = sbeox1V: Oxygen raw, SBE 43, 2 [V]
# name 8 = ph: pH
# name 9 = flECO-AFL: Fluorescence, WET Labs ECO-AFL/FL [mg/m^3]
# name 10 = wetCDOM: Fluorescence, WET Labs CDOM [mg/m^3]
# name 11 = par/sat/log: PAR/Logarithmic, Satlantic [umol photons/m^2/sec]
# name 12 = CStarAt0: Beam Attenuation, WET Labs C-Star [1/m]
# name 13 = CStarTr0: Beam Transmission, WET Labs C-Star [%]
# name 14 = sbeox0ML/L: Oxygen, SBE 43 [ml/l], WS = 2
# name 15 = sbeox1ML/L: Oxygen, SBE 43, 2 [ml/l], WS = 2
# name 16 = sal00: Salinity, Practical [PSU]
# name 17 = sal11: Salinity, Practical, 2 [PSU]
# name 18 = sigma-t00: Density [sigma-t, kg/m^3 ]
# name 19 = sigma-t11: Density, 2 [sigma-t, kg/m^3 ]
# name 20 = oxsatML/L: Oxygen Saturation, Weiss [ml/l]
# name 21 = flag: flag
# span 0 =         54,      16510       
# span 1 =      0.392,    175.029       
# span 2 =    -0.4617,     4.0477       
# span 3 =    -0.4668,     4.0428       
# span 4 =   2.589396,   2.970766       
# span 5 =   2.722810,   2.970250       
# span 6 =     1.8767,     2.2108       
# span 7 =     2.2182,     2.6192       
# span 8 =      8.023,      8.167       
# span 9 =     1.0376,     3.6424       
# span 10 =    -2.8130,   482.1870      
# span 11 = 1.0715e-01, 2.1462e+01      
# span 12 =     0.0953,     1.9167      
# span 13 =    61.9300,    97.6467      
# span 14 =     6.8657,     7.5614      
# span 15 =     6.9466,     7.7569      
# span 16 =    27.1555,    33.2509      
# span 17 =    31.0792,    33.2501      
# span 18 =    21.5492,    26.7081      
# span 19 =    24.6652,    26.7077      
# span 20 =    7.42277,    8.25460      
# span 21 = 0.0000e+00, 0.0000e+00      
# interval = scans: 3                   
# start_time = Nov 27 2020 11:07:52 [System UTC, header]
# bad_flag = -9.990e-29
*END*
[from data line 1252]
       4066    121.726     0.1201     0.1164   2.748209   2.747734     2.0109     2.3760      8.084     1.3428    16.9660 1.0715e-01     0.1682    95.8822     7.3538     7.4422    32.7395    32.7372    26.2758    26.2742    8.14415 0.0000e+00
       4069    121.790     0.1201     0.1157   2.748183   2.747725     2.0077     2.3752      8.084     1.3530    16.6107 1.0715e-01     0.1678    95.8909     7.3399     7.4387    32.7391    32.7378    26.2755    26.2746    8.14418 0.0000e+00
       4072    121.853     0.1209     0.1155   2.748271   2.747730     2.0061     2.3748      8.082     1.3530    16.6107 1.0715e-01     0.1682    95.8822     7.3353     7.4383    32.7394    32.7380    26.2757    26.2748    8.14399 0.0000e+00
       4075    121.918     0.1222     0.1175   2.748309   2.747874     2.0065     2.3748      8.084     1.3530    16.6107 1.0715e-01     0.1682    95.8822     7.3372     7.4399    32.7384    32.7377    26.2748    26.2745    8.14375 0.0000e+00
       4078    121.983     0.1207     0.1169   2.748241   2.747782     2.0065     2.3748      8.084     1.3428    16.6107 1.0715e-01     0.1682    95.8822     7.3328     7.4442    32.7390    32.7371    26.2754    26.2740    8.14404 0.0000e+00
       4081    122.049     0.1204     0.1159   2.748204   2.747718     2.0052     2.3736      8.084     1.3326    16.6107 1.0715e-01     0.1686    95.8735     7.3247     7.4432    32.7389    32.7374    26.2753    26.2743    8.14411 0.0000e+00
       4084    122.114     0.1197     0.1148   2.748188   2.747697     2.0052     2.3732      8.082     1.3123    16.6107 1.0715e-01     0.1704    95.8300     7.3253     7.4449    32.7394    32.7381    26.2758    26.2750    8.14425 0.0000e+00
       4087    122.185     0.1190     0.1155   2.748133   2.747751     2.0057     2.3728      8.082     1.3326   232.7190 1.0715e-01     0.1715    95.8039     7.3316     7.4438    32.7394    32.7381    26.2758    26.2749    8.14440 0.0000e+00
       4090    122.255     0.1182     0.1163   2.748085   2.747794     2.0057     2.3720      8.082     1.3225   482.1870 1.0715e-01     0.1711    95.8126     7.3422     7.4429    32.7396    32.7378    26.2760    26.2746    8.14456 0.0000e+00
       4093    122.328     0.1196     0.1151   2.748205   2.747701     2.0052     2.3724      8.082     1.3123   481.1211 1.0715e-01     0.1711    95.8126     7.3436     7.4460    32.7396    32.7378    26.2759    26.2747    8.14426 0.0000e+00
       4096    122.402     0.1202     0.1134   2.748234   2.747564     2.0061     2.3720      8.082     1.3225   481.3184 1.0715e-01     0.1711    95.8126     7.3446     7.4451    32.7393    32.7378    26.2757    26.2748    8.14414 0.0000e+00
       4099    122.479     0.1149     0.1075   2.747855   2.747182     2.0057     2.3720      8.084     1.3225   481.3579 1.0715e-01     0.1715    95.8039     7.3441     7.4463    32.7399    32.7390    26.2764    26.2760    8.14525 0.0000e+00
       4102    122.557     0.1111     0.1054   2.747626   2.747078     2.0040     2.3715      8.084     1.3326   481.3184 1.0715e-01     0.1715    95.8039     7.3370     7.4460    32.7410    32.7399    26.2775    26.2768    8.14603 0.0000e+00
       4105    122.641     0.1100     0.1044   2.747567   2.747015     2.0040     2.3711      8.082     1.3123   481.3579 1.0715e-01     0.1719    95.7952     7.3329     7.4446    32.7413    32.7400    26.2778    26.2769    8.14624 0.0000e+00
       4108    122.725     0.1095     0.1039   2.747560   2.746981     2.0036     2.3711      8.084     1.3123   481.3579 1.0715e-01     0.1722    95.7865     7.3282     7.4434    32.7417    32.7400    26.2781    26.2770    8.14633 0.0000e+00
       4111    122.812     0.1085     0.1033   2.747454   2.746933     2.0032     2.3703      8.084     1.3021   481.2790 1.0715e-01     0.1726    95.7778     7.3249     7.4368    32.7413    32.7401    26.2779    26.2771    8.14656 0.0000e+00
       4114    122.899     0.1079     0.1030   2.747426   2.746915     2.0024     2.3707      8.082     1.3021   125.3754 1.0715e-01     0.1715    95.8039     7.3178     7.4326    32.7415    32.7400    26.2780    26.2771    8.14668 0.0000e+00
       4117    122.992     0.1075     0.1027   2.747424   2.746934     2.0012     2.3695      8.084     1.3021     0.0690 1.0715e-01     0.1722    95.7865     7.3111     7.4192    32.7418    32.7405    26.2783    26.2775    8.14674 0.0000e+00
       4120    123.089     0.1077     0.1031   2.747426   2.746964     2.0024     2.3699      8.084     1.2920     4.4117 1.0715e-01     0.1719    95.7952     7.3192     7.4162    32.7417    32.7405    26.2782    26.2775    8.14672 0.0000e+00
       4123    123.189     0.1070     0.1017   2.747398   2.746857     2.0028     2.3687      8.084     1.3021     4.1748 1.0715e-01     0.1729    95.7691     7.3227     7.4064    32.7419    32.7405    26.2784    26.2775    8.14685 0.0000e+00
       4126    123.289     0.1053     0.0994   2.747291   2.746740     2.0016     2.3687      8.084     1.3021     4.1748 1.0715e-01     0.1747    95.7257     7.3191     7.4032    32.7423    32.7414    26.2788    26.2783    8.14720 0.0000e+00
       4129    123.394     0.1033     0.0979   2.747197   2.746669     2.0003     2.3679      8.084     1.3123     4.1748 1.0715e-01     0.1747    95.7257     7.3113     7.3943    32.7432    32.7420    26.2796    26.2789    8.14759 0.0000e+00
       4132    123.504     0.1024     0.0974   2.747179   2.746642     2.0012     2.3675      8.084     1.2920     4.1748 1.0715e-01     0.1747    95.7257     7.3146     7.3864    32.7438    32.7421    26.2801    26.2790    8.14774 0.0000e+00
       4135    123.618     0.1013     0.0961   2.747084   2.746534     2.0012     2.3662      8.084     1.2309     4.1748 1.0715e-01     0.1747    95.7257     7.3100     7.3788    32.7436    32.7420    26.2800    26.2790    8.14799 0.0000e+00
       4138    123.731     0.1004     0.0950   2.747017   2.746497     1.9991     2.3650      8.084     1.2513    36.9819 1.0715e-01     0.1747    95.7257     7.2979     7.3716    32.7437    32.7426    26.2802    26.2795    8.14819 0.0000e+00
       4141    123.847     0.0988     0.0939   2.746943   2.746447     2.0004     2.3638      8.084     1.2309   452.0250 1.0715e-01     0.1743    95.7344     7.2993     7.3621    32.7443    32.7431    26.2808    26.2800    8.14849 0.0000e+00
       4144    123.964     0.0976     0.0926   2.746905   2.746410     1.9991     2.3642      8.084     1.2513   481.5159 1.0715e-01     0.1743    95.7344     7.2892     7.3609    32.7450    32.7439    26.2814    26.2807    8.14871 0.0000e+00
       4147    124.086     0.0968     0.0921   2.746915   2.746385     1.9987     2.3634      8.084     1.2411   481.1605 1.0715e-01     0.1736    95.7518     7.2902     7.3562    32.7460    32.7441    26.2822    26.2809    8.14884 0.0000e+00
       4150    124.209     0.0964     0.0914   2.746875   2.746380     1.9979     2.3626      8.082     1.2411   481.3184 1.0715e-01     0.1736    95.7518     7.2907     7.3520    32.7458    32.7446    26.2820    26.2813    8.14893 0.0000e+00
       4153    124.332     0.0933     0.0885   2.746576   2.746110     1.9983     2.3610      8.082     1.2411   481.3579 1.0715e-01     0.1736    95.7518     7.2914     7.3460    32.7451    32.7441    26.2816    26.2811    8.14964 0.0000e+00
       4156    124.457     0.0875     0.0806   2.746156   2.745589     1.9967     2.3605      8.084     1.2615   481.3184 1.0715e-01     0.1736    95.7518     7.2857     7.3491    32.7457    32.7456    26.2824    26.2826    8.15087 0.0000e+00
       4159    124.583     0.0796     0.0723   2.745472   2.745043     1.9959     2.3605      8.082     1.2513   481.3579 1.0715e-01     0.1736    95.7518     7.2883     7.3548    32.7451    32.7473    26.2823    26.2844    8.15262 0.0000e+00
       4162    124.710     0.0589     0.0595   2.744109   2.744091     1.9963     2.3589      8.084     1.2818   481.3579 1.0715e-01     0.1736    95.7518     7.2974     7.3527    32.7492    32.7483    26.2866    26.2858    8.15688 0.0000e+00
       4165    124.837     0.0393     0.0342   2.743064   2.742505     1.9955     2.3577      8.082     1.2716   348.2346 1.0715e-01     0.1740    95.7431     7.2957     7.3564    32.7564    32.7545    26.2933    26.2920    8.16074 0.0000e+00
       4168    124.965     0.0230     0.0160   2.742032   2.741512     1.9959     2.3573      8.083     1.2818    -2.8130 1.0715e-01     0.1743    95.7344     7.3076     7.3609    32.7602    32.7608    26.2971    26.2980    8.16407 0.0000e+00
       4171    125.093     0.0062    -0.0122   2.741042   2.739680     1.9955     2.3565      8.083     1.2818     1.3718 1.0715e-01     0.1740    95.7431     7.3082     7.3703    32.7650    32.7668    26.3019    26.3041    8.16746 0.0000e+00
       4174    125.219    -0.0186    -0.0367   2.739219   2.738503     1.9951     2.3556      8.081     1.2818     2.0824 1.0715e-01     0.1740    95.7431     7.3155     7.3793    32.7675    32.7775    26.3050    26.3139    8.17272 0.0000e+00
       4177    125.349    -0.0554    -0.0545   2.737127   2.737507     1.9942     2.3552      8.083     1.2818     2.0429 1.0715e-01     0.1747    95.7257     7.3191     7.3861    32.7793    32.7833    26.3162    26.3194    8.18009 0.0000e+00
       4180    125.479    -0.0768    -0.0761   2.736246   2.736020     1.9942     2.3552      8.082     1.2716     2.0429 1.0715e-01     0.1747    95.7257     7.3258     7.3919    32.7905    32.7868    26.3262    26.3232    8.18413 0.0000e+00
       4183    125.605    -0.0881    -0.0985   2.735684   2.734956     1.9942     2.3544      8.082     1.2716     2.0429 1.0715e-01     0.1743    95.7344     7.3233     7.3986    32.7952    32.7966    26.3305    26.3322    8.18635 0.0000e+00
       4186    125.731    -0.0989    -0.1092   2.735032   2.734306     1.9934     2.3540      8.080     1.2818     2.0429 1.0715e-01     0.1758    95.6996     7.3184     7.4034    32.7980    32.7995    26.3334    26.3350    8.18854 0.0000e+00
       4189    125.859    -0.1178    -0.1286   2.733748   2.733158     1.9930     2.3536      8.080     1.2818     2.0429 1.0715e-01     0.1758    95.6996     7.3195     7.4073    32.8013    32.8050    26.3369    26.3404    8.19250 0.0000e+00
       4192    125.984    -0.1385    -0.1461   2.732858   2.732317     1.9930     2.3532      8.080     1.2615     4.4512 1.0715e-01     0.1754    95.7083     7.3225     7.4103    32.8117    32.8127    26.3462    26.3473    8.19644 0.0000e+00
       4195    126.108    -0.1531    -0.1613   2.731857   2.731173     1.9922     2.3532      8.080     1.2716     6.5041 1.0715e-01     0.1758    95.6996     7.3198     7.4156    32.8140    32.8138    26.3487    26.3489    8.19951 0.0000e+00
       4198    126.234    -0.2128    -0.2264   2.727762   2.726900     1.9922     2.3532      8.080     1.2716     6.4251 1.0715e-01     0.1758    95.6996     7.3313     7.4303    32.8239    32.8272    26.3594    26.3626    8.21205 0.0000e+00
       4201    126.356    -0.2709    -0.2867   2.725364   2.724696     1.9914     2.3516      8.079     1.2615     6.4251 1.0715e-01     0.1754    95.7083     7.3348     7.4329    32.8547    32.8629    26.3868    26.3941    8.22311 0.0000e+00
       4204    126.476    -0.2948    -0.3064   2.724539   2.723917     1.9910     2.3512      8.076     1.2615     6.4251 1.0715e-01     0.1758    95.6996     7.3349     7.4325    32.8695    32.8737    26.3998    26.4037    8.22756 0.0000e+00
       4207    126.595    -0.3061    -0.3142   2.724101   2.723488     1.9902     2.3508      8.076     1.2716     6.4251 1.0715e-01     0.1758    95.6996     7.3316     7.4314    32.8757    32.8764    26.4053    26.4062    8.22968 0.0000e+00
       4210    126.715    -0.3132    -0.3211   2.723761   2.723143     1.9902     2.3500      8.076     1.2716     6.4251 1.0715e-01     0.1758    95.6996     7.3310     7.4253    32.8788    32.8792    26.4081    26.4087    8.23108 0.0000e+00
       4213    126.833    -0.3165    -0.3242   2.723578   2.722984     1.9902     2.3504      8.076     1.2716     6.4251 1.0715e-01     0.1758    95.6996     7.3285     7.4254    32.8799    32.8803    26.4091    26.4098    8.23175 0.0000e+00
       4216    126.948    -0.3188    -0.3259   2.723470   2.722925     1.9894     2.3491      8.074     1.2716     6.4251 1.0715e-01     0.1758    95.6996     7.3238     7.4161    32.8809    32.8813    26.4100    26.4107    8.23221 0.0000e+00
       4219    127.063    -0.3210    -0.3269   2.723400   2.722871     1.9881     2.3500      8.073     1.2818   402.3999 1.0715e-01     0.1758    95.6996     7.3189     7.4201    32.8823    32.8816    26.4112    26.4109    8.23261 0.0000e+00
       4222    127.176    -0.3218    -0.3276   2.723293   2.722832     1.9881     2.3483      8.071     1.2920   481.8712 1.0715e-01     0.1758    95.6996     7.3194     7.4154    32.8816    32.8818    26.4107    26.4111    8.23281 0.0000e+00
       4225    127.288    -0.3223    -0.3281   2.723265   2.722829     1.9873     2.3479      8.073     1.2716   481.0421 1.0715e-01     0.1773    95.6648     7.3137     7.4151    32.8817    32.8822    26.4108    26.4114    8.23292 0.0000e+00
       4228    127.400    -0.3222    -0.3283   2.723297   2.722810     1.9869     2.3467      8.071     1.2615   481.2790 1.0715e-01     0.1780    95.6475     7.3156     7.4085    32.8820    32.8821    26.4111    26.4114    8.23289 0.0000e+00
       4231    127.510    -0.3230    -0.3284   2.723320   2.722852     1.9865     2.3467      8.069     1.2920   481.3184 1.0715e-01     0.1780    95.6475     7.3170     7.4092    32.8830    32.8827    26.4119    26.4119    8.23300 0.0000e+00
       4234    127.619    -0.3223    -0.3262   2.723413   2.722985     1.9853     2.3455      8.069     1.2716   481.3579 1.0715e-01     0.1780    95.6475     7.3098     7.4022    32.8835    32.8820    26.4123    26.4112    8.23282 0.0000e+00
       4237    127.728    -0.3222    -0.3244   2.723424   2.723079     1.9853     2.3447      8.069     1.2920   481.2790 1.0715e-01     0.1780    95.6475     7.3104     7.3952    32.8835    32.8813    26.4123    26.4106    8.23281 0.0000e+00
       4240    127.835    -0.3229    -0.3243   2.723374   2.723103     1.9849     2.3443      8.068     1.3225   481.3184 1.0715e-01     0.1780    95.6475     7.3111     7.3937    32.8835    32.8814    26.4123    26.4107    8.23296 0.0000e+00
       4243    127.943    -0.3223    -0.3242   2.723479   2.723156     1.9849     2.3447      8.066     1.3123   412.5459 1.0715e-01     0.1784    95.6388     7.3106     7.3949    32.8842    32.8820    26.4129    26.4111    8.23279 0.0000e+00
       4246    128.052    -0.3195    -0.3231   2.723606   2.723277     1.9837     2.3439      8.068     1.2920    10.0177 1.0715e-01     0.1780    95.6475     7.3032     7.3938    32.8828    32.8823    26.4115    26.4113    8.23224 0.0000e+00
       4249    128.157    -0.3203    -0.3235   2.723494   2.723241     1.9832     2.3434      8.066     1.3123    -0.5627 1.0715e-01     0.1780    95.6475     7.3016     7.3937    32.8822    32.8822    26.4111    26.4112    8.23246 0.0000e+00
       4252    128.264    -0.3228    -0.3244   2.723420   2.723145     1.9841     2.3426      8.069     1.3123     1.1744 1.0715e-01     0.1780    95.6475     7.3070     7.3902    32.8837    32.8818    26.4125    26.4110    8.23292 0.0000e+00
       4255    128.370    -0.3224    -0.3246   2.723609   2.723198     1.9837     2.3422      8.068     1.2920     1.0954 1.0715e-01     0.1780    95.6475     7.3032     7.3849    32.8858    32.8827    26.4141    26.4118    8.23272 0.0000e+00
