Datasets/AZMP/HUD120/hud120_2020_108.cnv
* Sea-Bird SBE 9 Data File:
* FileName = C:\CTDDATA\hud120_2020_108.hex
* Software Version Seasave V 7.26.7.110
* Temperature SN = 1697
* Conductivity SN = 4216
* Number of Bytes Per Scan = 30
* Number of Voltage Words = 4
* Number of Scans Averaged by the Deck Unit = 1
* NMEA baud rate = 4800
** VESSEL/TRIP/SEQ STN:  hud120_2020_108
** LATITUDE XX XX.XX: 47 40.80 N
** LONGITUDE XX XX.XX: 051 52.80 W
** SOUNDING DEPTH (M): 0188
** PROBE TYPE: S1146
** CTD NUMBER: 078
** FORMAT: V
** COMMENTS (14 CHAR): S27-04
** BOTTLES:  0
** LEVELS:
** STICKERS:
** VNET: N
** DO2: N
# nquan = 22
# nvalues = 3321                        
# units = specified
# name 0 = scan: Scan Count
# name 1 = prDM: Pressure, Digiquartz [db]
# name 2 = t090C: Temperature [ITS-90, deg C]
# name 3 = t190C: Temperature, 2 [ITS-90, deg C]
# name 4 = c0S/m: Conductivity [S/m]
# name 5 = c1S/m: Conductivity, 2 [S/m]
# name 6 = sbeox0V: Oxygen raw, SBE 43 [V]
# name 7 = sbeox1V: Oxygen raw, SBE 43, 2 [V]
# name 8 = ph: pH
# name 9 = flECO-AFL: Fluorescence, WET Labs ECO-AFL/FL [mg/m^3]
# name 10 = wetCDOM: Fluorescence, WET Labs CDOM [mg/m^3]
# name 11 = par/sat/log: PAR/Logarithmic, Satlantic [umol photons/m^2/sec]
# name 12 = CStarAt0: Beam Attenuation, WET Labs C-Star [1/m]
# name 13 = CStarTr0: Beam Transmission, WET Labs C-Star [%]
# name 14 = sbeox0ML/L: Oxygen, SBE 43 [ml/l], WS = 2
# name 15 = sbeox1ML/L: Oxygen, SBE 43, 2 [ml/l], WS = 2
# name 16 = sal00: Salinity, Practical [PSU]
# name 17 = sal11: Salinity, Practical, 2 [PSU]
# name 18 = sigma-t00: Density [sigma-t, kg/m^3 ]
# name 19 = sigma-t11: Density, 2 [sigma-t, kg/m^3 ]
# name 20 = oxsatML/L: Oxygen Saturation, Weiss [ml/l]
# name 21 = flag: flag
# span 0 =         75,      10923       
# span 1 =      1.720,    182.424       
# span 2 =    -0.5529,     2.8047       
# span 3 =    -0.5597,     2.7995       
# span 4 =   2.702568,   2.907376       
# span 5 =   2.701948,   2.906867       
# span 6 =     1.7475,     2.2116       
# span 7 =     2.0437,     2.6189       
# span 8 =      7.980,      8.179       
# span 9 =     0.9765,     4.3851       
# span 10 =    -2.8130,   482.1870      
# span 11 = 1.0331e-01, 1.2567e+00      
# span 12 =     0.0853,     0.3371      
# span 13 =    91.9185,    97.8901      
# span 14 =     6.0057,     7.9572      
# span 15 =     6.0506,     8.1554      
# span 16 =    32.0341,    33.8059      
# span 17 =    32.0328,    33.8047      
# span 18 =    25.5359,    27.0963      
# span 19 =    25.5346,    27.0956      
# span 20 =    7.63249,    8.28421      
# span 21 = 0.0000e+00, 0.0000e+00      
# interval = scans: 3                   
# start_time = Dec 01 2020 02:51:32 [System UTC, header]
# bad_flag = -9.990e-29
*END*
[from data line 3293]
      10710      3.929     2.7883     2.7835   2.905344   2.904872     2.2041     2.6083      8.169     3.7238   481.3184 1.7200e-01     0.1454    96.4298     7.6362     7.6083    32.0354    32.0345    25.5367    25.5364    7.63587 0.0000e+00
      10713      3.826     2.7876     2.7836   2.905335   2.904858     2.2045     2.6079      8.169     3.7136   481.2395 1.6472e-01     0.1487    96.3515     7.6366     7.6074    32.0360    32.0343    25.5373    25.5362    7.63596 0.0000e+00
      10716      3.728     2.7885     2.7829   2.905335   2.904819     2.2041     2.6067      8.169     3.7340   114.0055 2.2855e-01     0.1523    96.2646     7.6348     7.6047    32.0352    32.0345    25.5365    25.5364    7.63584 0.0000e+00
      10719      3.634     2.7886     2.7829   2.905338   2.904822     2.2049     2.6059      8.169     3.7136    -0.3258 1.4969e-01     0.1519    96.2733     7.6399     7.6055    32.0352    32.0346    25.5365    25.5365    7.63582 0.0000e+00
      10722      3.545     2.7882     2.7823   2.905258   2.904693     2.2037     2.6047      8.169     3.7136     3.7010 1.7238e-01     0.1519    96.2733     7.6352     7.6064    32.0347    32.0337    25.5362    25.5358    7.63593 0.0000e+00
      10725      3.455     2.7863     2.7811   2.905113   2.904572     2.2041     2.6047      8.169     3.7136     3.4642 2.4852e-01     0.1519    96.2733     7.6362     7.6131    32.0349    32.0334    25.5364    25.5357    7.63628 0.0000e+00
      10728      3.371     2.7853     2.7811   2.904999   2.904583     2.2045     2.6035      8.169     3.6526     3.4642 1.5512e-01     0.1519    96.2733     7.6412     7.6170    32.0345    32.0337    25.5363    25.5359    7.63650 0.0000e+00
      10731      3.286     2.7843     2.7812   2.904904   2.904570     2.2057     2.6022      8.169     3.4694     3.5037 1.3063e-01     0.1523    96.2646     7.6471     7.6183    32.0344    32.0335    25.5363    25.5357    7.63669 0.0000e+00
      10734      3.203     2.7835     2.7802   2.904847   2.904453     2.2049     2.6014      8.169     3.4999     3.4642 1.1119e-01     0.1501    96.3168     7.6405     7.6176    32.0345    32.0331    25.5364    25.5355    7.63683 0.0000e+00
      10737      3.122     2.7825     2.7790   2.904722   2.904378     2.2049     2.6006      8.169     3.4898     3.4642 1.4896e-01     0.1487    96.3515     7.6388     7.6191    32.0341    32.0334    25.5361    25.5358    7.63706 0.0000e+00
      10740      3.041     2.7812     2.7786   2.904647   2.904330     2.2053     2.5998      8.169     3.4796     3.7011 1.2272e-01     0.1487    96.3515     7.6408     7.6220    32.0345    32.0332    25.5365    25.5358    7.63728 0.0000e+00
      10743      2.957     2.7804     2.7779   2.904547   2.904250     2.2053     2.5998      8.169     3.4796     6.3461 1.7801e-01     0.1487    96.3515     7.6417     7.6292    32.0341    32.0330    25.5363    25.5356    7.63746 0.0000e+00
      10746      2.873     2.7790     2.7776   2.904459   2.904218     2.2041     2.5990      8.169     3.4796     6.4251 3.1330e-01     0.1494    96.3342     7.6372     7.6318    32.0345    32.0330    25.5367    25.5356    7.63771 0.0000e+00
      10749      2.789     2.7780     2.7763   2.904364   2.904110     2.2045     2.5986      8.169     3.4999     6.4251 2.4653e-01     0.1494    96.3342     7.6375     7.6374    32.0343    32.0330    25.5367    25.5358    7.63790 0.0000e+00
      10752      2.705     2.7764     2.7759   2.904228   2.904103     2.2053     2.5990      8.171     3.4898     6.4251 3.4576e-01     0.1494    96.3342     7.6401     7.6469    32.0344    32.0333    25.5368    25.5361    7.63822 0.0000e+00
      10755      2.625     2.7759     2.7755   2.904206   2.904083     2.2045     2.5970      8.169     3.4389     6.4251 2.0746e-01     0.1447    96.4471     7.6372     7.6458    32.0346    32.0335    25.5371    25.5362    7.63829 0.0000e+00
      10758      2.547     2.7759     2.7736   2.904223   2.903881     2.2041     2.5970      8.169     3.4083     6.4251 1.4989e-01     0.1440    96.4645     7.6403     7.6526    32.0349    32.0330    25.5373    25.5359    7.63829 0.0000e+00
      10761      2.476     2.7758     2.7724   2.904187   2.903779     2.2045     2.5974      8.169     3.4083     6.4251 1.9345e-01     0.1440    96.4645     7.6436     7.6603    32.0346    32.0330    25.5371    25.5361    7.63832 0.0000e+00
      10764      2.417     2.7752     2.7723   2.904180   2.903765     2.2053     2.5978      8.169     3.4185     6.4251 7.0013e-01     0.1443    96.4558     7.6474     7.6659    32.0351    32.0330    25.5375    25.5361    7.63840 0.0000e+00
      10811      2.379     2.7759     2.7720   2.904257   2.903771     2.2053     2.5974      8.169     3.4185   186.3311 4.3049e-01     0.1447    96.4471     7.6474     7.6679    32.0353    32.0334    25.5376    25.5364    7.63825 0.0000e+00
      10903      2.321     2.7755     2.7731   2.904175   2.903888 -9.990e-29 -9.990e-29      8.171     3.4185   481.4369 3.3888e-01     0.1447    96.4471 -9.990e-29 -9.990e-29    32.0348    32.0338    25.5373    25.5366    7.63836 0.0000e+00
      10906      2.251     2.7748     2.7734   2.904112   2.903871 -9.990e-29 -9.990e-29      8.172     3.4083   481.1605 2.2969e-01     0.1443    96.4558 -9.990e-29 -9.990e-29    32.0348    32.0333    25.5373    25.5362    7.63851 0.0000e+00
      10909      2.187     2.7746     2.7728   2.904072   2.903832 -9.990e-29 -9.990e-29      8.172     3.4185   481.2790 2.0913e-01     0.1443    96.4558 -9.990e-29 -9.990e-29    32.0345    32.0334    25.5371    25.5364    7.63855 0.0000e+00
      10912      2.131     2.7737     2.7720   2.904037   2.903738 -9.990e-29 -9.990e-29      8.172     3.3677   481.2790 3.3914e-01     0.1447    96.4471 -9.990e-29 -9.990e-29    32.0350    32.0331    25.5376    25.5362    7.63870 0.0000e+00
      10915      2.080     2.7731     2.7710   2.903916   2.903662 -9.990e-29 -9.990e-29      8.171     3.3168   481.3184 1.5888e-01     0.1450    96.4385 -9.990e-29 -9.990e-29    32.0342    32.0332    25.5370    25.5364    7.63887 0.0000e+00
      10918      2.035     2.7718     2.7700   2.903838   2.903574 -9.990e-29 -9.990e-29      8.172     3.3372   481.3184 3.2399e-01     0.1447    96.4471 -9.990e-29 -9.990e-29    32.0345    32.0332    25.5373    25.5364    7.63909 0.0000e+00
      10921      1.997     2.7721     2.7693   2.903870   2.903509 -9.990e-29 -9.990e-29      8.169     3.3372   481.2395 2.6580e-01     0.1447    96.4471 -9.990e-29 -9.990e-29    32.0347    32.0331    25.5374    25.5364    7.63903 0.0000e+00
      10923      1.977     2.7721     2.7690   2.903915   2.903515 -9.990e-29 -9.990e-29      8.174     3.2964   481.2395 2.3629e-01     0.1443    96.4558 -9.990e-29 -9.990e-29    32.0352    32.0335    25.5379    25.5367    7.63900 0.0000e+00
