Datasets/AZMP/HUD120/hud120_2020_062.cnv
* Sea-Bird SBE 9 Data File:
* FileName = C:\CTDDATA\hud120_2020_062.hex
* Software Version Seasave V 7.26.7.110
* Temperature SN = 1697
* Conductivity SN = 4216
* Number of Bytes Per Scan = 30
* Number of Voltage Words = 4
* Number of Scans Averaged by the Deck Unit = 1
* NMEA baud rate = 4800
** VESSEL/TRIP/SEQ STN:  hud120_2020_062
** LATITUDE XX XX.XX: 47 00.00 N
** LONGITUDE XX XX.XX: 046 29.00 W
** SOUNDING DEPTH (M): 0350
** PROBE TYPE: S1146
** CTD NUMBER: 041
** FORMAT: V
** COMMENTS (14 CHAR): FC-20
** BOTTLES:  10
** LEVELS: 5,10,20,30,40,50,75,100,150,BTM
** STICKERS: 439781 - 439790
** VNET: Y
** DO2: Y
# nquan = 22
# nvalues = 5836                        
# units = specified
# name 0 = scan: Scan Count
# name 1 = prDM: Pressure, Digiquartz [db]
# name 2 = t090C: Temperature [ITS-90, deg C]
# name 3 = t190C: Temperature, 2 [ITS-90, deg C]
# name 4 = c0S/m: Conductivity [S/m]
# name 5 = c1S/m: Conductivity, 2 [S/m]
# name 6 = sbeox0V: Oxygen raw, SBE 43 [V]
# name 7 = sbeox1V: Oxygen raw, SBE 43, 2 [V]
# name 8 = ph: pH
# name 9 = flECO-AFL: Fluorescence, WET Labs ECO-AFL/FL [mg/m^3]
# name 10 = wetCDOM: Fluorescence, WET Labs CDOM [mg/m^3]
# name 11 = par/sat/log: PAR/Logarithmic, Satlantic [umol photons/m^2/sec]
# name 12 = CStarAt0: Beam Attenuation, WET Labs C-Star [1/m]
# name 13 = CStarTr0: Beam Transmission, WET Labs C-Star [%]
# name 14 = sbeox0ML/L: Oxygen, SBE 43 [ml/l], WS = 2
# name 15 = sbeox1ML/L: Oxygen, SBE 43, 2 [ml/l], WS = 2
# name 16 = sal00: Salinity, Practical [PSU]
# name 17 = sal11: Salinity, Practical, 2 [PSU]
# name 18 = sigma-t00: Density [sigma-t, kg/m^3 ]
# name 19 = sigma-t11: Density, 2 [sigma-t, kg/m^3 ]
# name 20 = oxsatML/L: Oxygen Saturation, Weiss [ml/l]
# name 21 = flag: flag
# span 0 =         81,      42150       
# span 1 =      2.474,    348.471       
# span 2 =     3.9958,     7.2963       
# span 3 =     3.9897,     7.2835       
# span 4 =   3.231080,   3.386599       
# span 5 =   3.230762,   3.385234       
# span 6 =     1.8165,     2.2186       
# span 7 =     2.1527,     2.6587       
# span 8 =      7.979,      8.165       
# span 9 =     0.8646,     6.7560       
# span 10 =    -2.8130,   482.1870      
# span 11 = 1.0641e-01, 6.1264e-01      
# span 12 =     0.0725,     0.2803      
# span 13 =    93.2310,    98.2030      
# span 14 =     5.7434,     6.8783      
# span 15 =     5.8785,     7.1015      
# span 16 =    33.1489,    34.8914      
# span 17 =    33.1464,    34.8893      
# span 18 =    25.9225,    27.6812      
# span 19 =    25.9217,    27.6811      
# span 20 =    6.79591,    7.27653      
# span 21 = 0.0000e+00, 0.0000e+00      
# interval = scans: 3                   
# start_time = Nov 23 2020 22:47:16 [System UTC, header]
# bad_flag = -9.990e-29
*END*
[from data line 4741]
      22354    108.489     4.1242     4.1246   3.235911   3.235604     1.9374     2.3104      8.021     1.0884   482.1870 1.0715e-01     0.0857    97.8814     6.2205     6.3985    34.5776    34.5736    27.4372    27.4340    7.26187 0.0000e+00
      22357    108.390     4.1233     4.1218   3.235671   3.235110     1.9382     2.3112      8.021     1.0681   481.0816 1.0715e-01     0.0853    97.8901     6.2267     6.4070    34.5758    34.5708    27.4359    27.4320    7.26213 0.0000e+00
      22360    108.287     4.1216     4.1211   3.235502   3.234981     1.9390     2.3112      8.021     1.0783   481.2790 1.0727e-01     0.0857    97.8814     6.2333     6.4115    34.5757    34.5700    27.4359    27.4315    7.26243 0.0000e+00
      22363    108.181     4.1229     4.1163   3.235443   3.234208     1.9394     2.3125      8.021     1.0783   481.3184 1.0715e-01     0.0853    97.8901     6.2372     6.4198    34.5736    34.5660    27.4341    27.4288    7.26230 0.0000e+00
      22366    108.075     4.1215     4.1149   3.234941   3.234169     1.9398     2.3125      8.022     1.0783   481.3184 1.0715e-01     0.0853    97.8901     6.2434     6.4238    34.5692    34.5671    27.4308    27.4298    7.26276 0.0000e+00
      22369    107.967     4.1222     4.1157   3.235120   3.234472     1.9394     2.3137      8.024     1.0884   481.3579 1.0715e-01     0.0853    97.8901     6.2447     6.4328    34.5707    34.5698    27.4319    27.4318    7.26257 0.0000e+00
      22372    107.863     4.1208     4.1176   3.234205   3.234802     1.9415     2.3133      8.021     1.0783   481.3579 1.0715e-01     0.0857    97.8814     6.2584     6.4377    34.5614    34.5718    27.4246    27.4333    7.26327 0.0000e+00
      22375    107.758     4.1183     4.1195   3.233485   3.234988     1.9407     2.3133      8.024     1.0986   481.3579 1.0715e-01     0.0864    97.8640     6.2604     6.4436    34.5556    34.5721    27.4202    27.4333    7.26400 0.0000e+00
      22378    107.658     4.1168     4.1202   3.232929   3.235039     1.9402     2.3149      8.022     1.0783   180.7250 1.0715e-01     0.0864    97.8640     6.2649     6.4552    34.5506    34.5720    27.4165    27.4331    7.26450 0.0000e+00
      22381    107.556     4.1172     4.1198   3.232974   3.234716     1.9419     2.3161      8.024     1.0681    -1.3128 1.0715e-01     0.0864    97.8640     6.2734     6.4628    34.5507    34.5687    27.4165    27.4305    7.26442 0.0000e+00
      22384    107.450     4.1221     4.1174   3.233268   3.233637     1.9423     2.3161      8.021     1.0681     3.7010 1.0715e-01     0.0864    97.8640     6.2775     6.4685    34.5491    34.5584    27.4147    27.4226    7.26363 0.0000e+00
      22387    107.345     4.1275     4.1205   3.233433   3.233436     1.9423     2.3161      8.021     1.0478     3.4642 1.0715e-01     0.0864    97.8640     6.2797     6.4722    34.5454    34.5528    27.4112    27.4179    7.26283 0.0000e+00
      22390    107.239     4.1307     4.1260   3.233375   3.232901     1.9431     2.3182      8.021     1.0681     3.4642 1.0727e-01     0.0864    97.8640     6.2868     6.4847    34.5415    34.5407    27.4077    27.4077    7.26246 0.0000e+00
      22393    107.132     4.1318     4.1264   3.233161   3.232780     1.9431     2.3194      8.021     1.0478     3.4642 1.0715e-01     0.0864    97.8640     6.2900     6.4942    34.5378    34.5390    27.4047    27.4063    7.26244 0.0000e+00
      22396    107.029     4.1315     4.1252   3.232905   3.232245     1.9447     2.3206      8.021     1.0579     3.4642 1.0715e-01     0.0853    97.8901     6.3023     6.5036    34.5352    34.5340    27.4026    27.4024    7.26262 0.0000e+00
      22399    106.928     4.1304     4.1226   3.232588   3.231567     1.9463     2.3214      8.021     1.0579     3.4642 1.0727e-01     0.0853    97.8901     6.3153     6.5086    34.5326    34.5287    27.4007    27.3985    7.26294 0.0000e+00
      22402    106.827     4.1285     4.1214   3.232123   3.231367     1.9463     2.3222      8.021     1.0579     3.4642 1.0715e-01     0.0853    97.8901     6.3165     6.5129    34.5292    34.5276    27.3982    27.3977    7.26345 0.0000e+00
      22405    106.729     4.1266     4.1217   3.231867   3.231268     1.9468     2.3231      8.021     1.0681     3.6615 1.0715e-01     0.0860    97.8727     6.3187     6.5180    34.5282    34.5263    27.3976    27.3966    7.26383 0.0000e+00
      22408    106.634     4.1275     4.1250   3.231739   3.231434     1.9476     2.3247      8.021     1.0478     3.7010 1.0715e-01     0.0853    97.8901     6.3256     6.5239    34.5258    34.5248    27.3956    27.3951    7.26379 0.0000e+00
      22411    106.538     4.1286     4.1243   3.231834   3.231426     1.9480     2.3255      8.021     1.0681     3.7010 1.0715e-01     0.0853    97.8901     6.3294     6.5273    34.5258    34.5254    27.3955    27.3957    7.26359 0.0000e+00
      22414    106.446     4.1302     4.1218   3.231977   3.231536     1.9492     2.3271      8.022     1.0884     3.7010 1.0715e-01     0.0860    97.8727     6.3351     6.5321    34.5258    34.5295    27.3953    27.3991    7.26330 0.0000e+00
      22417    106.356     4.1303     4.1218   3.232024   3.231616     1.9500     2.3283      8.021     1.0783     3.7010 1.0727e-01     0.0857    97.8814     6.3388     6.5366    34.5264    34.5305    27.3958    27.4000    7.26326 0.0000e+00
      22420    106.270     4.1309     4.1224   3.232176   3.231710     1.9516     2.3292      8.021     1.0884     3.7010 1.0715e-01     0.0853    97.8901     6.3438     6.5411    34.5275    34.5309    27.3967    27.4003    7.26310 0.0000e+00
      22423    106.187     4.1322     4.1231   3.232434   3.231765     1.9516     2.3300      8.022     1.0884     3.7010 1.0727e-01     0.0853    97.8901     6.3428     6.5432    34.5293    34.5309    27.3979    27.4001    7.26278 0.0000e+00
      22426    106.106     4.1373     4.1246   3.232592   3.231756     1.9520     2.3312      8.025     1.0884     3.7010 1.0715e-01     0.0857    97.8814     6.3450     6.5466    34.5258    34.5293    27.3946    27.3987    7.26203 0.0000e+00
      22429    106.027     4.1377     4.1257   3.232681   3.231711     1.9529     2.3320      8.025     1.0884    91.5024 1.0715e-01     0.0857    97.8814     6.3486     6.5481    34.5265    34.5276    27.3951    27.3973    7.26193 0.0000e+00
      22432    105.954     4.1400     4.1269   3.232791   3.231728     1.9545     2.3328      8.025     1.0986   477.4100 1.0715e-01     0.0853    97.8901     6.3555     6.5520    34.5255    34.5266    27.3940    27.3964    7.26158 0.0000e+00
      22435    105.888     4.1418     4.1267   3.232996   3.231794     1.9553     2.3353      8.025     1.0884   481.3974 1.0715e-01     0.0864    97.8640     6.3596     6.5620    34.5260    34.5277    27.3943    27.3972    7.26122 0.0000e+00
      22438    105.824     4.1426     4.1295   3.233040   3.231967     1.9557     2.3353      8.025     1.1088   481.2790 1.0715e-01     0.0864    97.8640     6.3634     6.5633    34.5257    34.5268    27.3940    27.3962    7.26110 0.0000e+00
      22441    105.762     4.1454     4.1320   3.233141   3.232052     1.9569     2.3369      8.028     1.1190   481.3184 1.0715e-01     0.0864    97.8640     6.3698     6.5712    34.5241    34.5252    27.3924    27.3947    7.26069 0.0000e+00
      22444    105.696     4.1485     4.1337   3.233311   3.232107     1.9569     2.3381      8.027     1.1088   481.3184 1.0727e-01     0.0864    97.8640     6.3705     6.5776    34.5228    34.5241    27.3911    27.3936    7.26019 0.0000e+00
      22447    105.625     4.1512     4.1345   3.233554   3.232138     1.9578     2.3385      8.030     1.1190   481.3579 1.0715e-01     0.0864    97.8640     6.3765     6.5792    34.5229    34.5237    27.3908    27.3932    7.25970 0.0000e+00
      22450    105.552     4.1491     4.1358   3.233563   3.232273     1.9586     2.3393      8.030     1.1088   481.3579 1.0715e-01     0.0864    97.8640     6.3820     6.5819    34.5253    34.5240    27.3929    27.3933    7.25997 0.0000e+00
      22453    105.475     4.1462     4.1346   3.233580   3.232248     1.9594     2.3414      8.028     1.1190   481.3184 1.0715e-01     0.0867    97.8553     6.3828     6.5877    34.5286    34.5249    27.3959    27.3942    7.26033 0.0000e+00
      22456    105.392     4.1500     4.1342   3.233777   3.232204     1.9610     2.3430      8.030     1.1190   481.3579 1.0715e-01     0.0871    97.8466     6.3873     6.5900    34.5269    34.5249    27.3941    27.3942    7.25972 0.0000e+00
      22459    105.304     4.1572     4.1335   3.234116   3.232214     1.9618     2.3442      8.030     1.1190   481.3579 1.0715e-01     0.0874    97.8379     6.3893     6.5913    34.5234    34.5258    27.3906    27.3950    7.25861 0.0000e+00
      22462    105.212     4.1598     4.1333   3.234227   3.232220     1.9639     2.3455      8.030     1.1190   481.3579 1.0715e-01     0.0871    97.8466     6.3982     6.5936    34.5221    34.5262    27.3893    27.3953    7.25822 0.0000e+00
      22465    105.111     4.1629     4.1320   3.234384   3.232223     1.9634     2.3471      8.030     1.1190   481.3579 1.0715e-01     0.0867    97.8553     6.3926     6.5955    34.5206    34.5276    27.3878    27.3965    7.25772 0.0000e+00
      22468    105.004     4.1660     4.1387   3.234634   3.232896     1.9647     2.3479      8.032     1.1190   481.3184 1.0715e-01     0.0874    97.8379     6.3951     6.5950    34.5205    34.5285    27.3873    27.3966    7.25719 0.0000e+00
      22471    104.892     4.1670     4.1568   3.234742   3.233788     1.9659     2.3483      8.033     1.1292   481.3579 1.0715e-01     0.0874    97.8379     6.3967     6.5895    34.5207    34.5202    27.3874    27.3880    7.25699 0.0000e+00
      22474    104.773     4.1692     4.1601   3.234859   3.233921     1.9663     2.3499      8.032     1.1190   481.3579 1.0715e-01     0.0874    97.8379     6.3929     6.5883    34.5199    34.5183    27.3865    27.3862    7.25665 0.0000e+00
      22477    104.647     4.1698     4.1641   3.235027   3.234104     1.9663     2.3491      8.035     1.1292   481.3579 1.0715e-01     0.0874    97.8379     6.3888     6.5775    34.5213    34.5164    27.3876    27.3843    7.25647 0.0000e+00
      22480    104.513     4.1734     4.1564   3.235213   3.233645     1.9671     2.3512      8.033     1.1190   481.3579 1.0715e-01     0.0878    97.8292     6.3894     6.5820    34.5197    34.5191    27.3860    27.3873    7.25590 0.0000e+00
      22483    104.377     4.1703     4.1481   3.234817   3.233243     1.9683     2.3512      8.033     1.1292   137.5350 1.0715e-01     0.0878    97.8292     6.3945     6.5797    34.5184    34.5231    27.3852    27.3913    7.25652 0.0000e+00
      22486    104.233     4.1624     4.1438   3.234419   3.233048     1.9688     2.3524      8.030     1.1190     4.8064 1.0715e-01     0.0874    97.8379     6.3949     6.5820    34.5221    34.5255    27.3890    27.3936    7.25774 0.0000e+00
      22489    104.087     4.1549     4.1403   3.233942   3.232898     1.9688     2.3528      8.030     1.0986    10.5309 1.0715e-01     0.0874    97.8379     6.3943     6.5811    34.5244    34.5274    27.3916    27.3955    7.25897 0.0000e+00
      22492    103.939     4.1460     4.1374   3.233573   3.232739     1.9700     2.3548      8.032     1.1088    10.2151 1.0715e-01     0.0874    97.8379     6.3969     6.5880    34.5295    34.5287    27.3966    27.3969    7.26031 0.0000e+00
      22495    103.791     4.1540     4.1345   3.234827   3.232928     1.9708     2.3548      8.030     1.0783    10.2940 1.0715e-01     0.0874    97.8379     6.3957     6.5863    34.5360    34.5340    27.4010    27.4014    7.25858 0.0000e+00
      22498    103.642     4.1945     4.1350   3.238024   3.233662     1.9704     2.3544      8.030     1.0884    10.2546 1.0715e-01     0.0871    97.8466     6.3880     6.5850    34.5313    34.5423    27.3930    27.4080    7.25159 0.0000e+00
      22501    103.489     4.2438     4.1914   3.241492   3.238807     1.9724     2.3556      8.030     1.0783    10.2940 1.0715e-01     0.0867    97.8553     6.3854     6.5784    34.5206    34.5440    27.3792    27.4033    7.24336 0.0000e+00
      22504    103.337     4.2903     4.2759   3.244479   3.243740     1.9732     2.3564      8.029     1.0884    10.2546 1.0715e-01     0.0874    97.8379     6.3800     6.5649    34.5072    34.5136    27.3635    27.3702    7.23576 0.0000e+00
      22507    103.186     4.3141     4.3121   3.245808   3.245647     1.9736     2.3573      8.029     1.0681    36.7845 1.0715e-01     0.0871    97.8466     6.3754     6.5606    34.4980    34.4982    27.3537    27.3541    7.23200 0.0000e+00
      22510    103.039     4.3261     4.3320   3.246682   3.246957     1.9732     2.3577      8.029     1.0884   448.3140 1.0715e-01     0.0867    97.8553     6.3707     6.5558    34.4958    34.4928    27.3506    27.3477    7.22997 0.0000e+00
      22513    102.897     4.3349     4.3378   3.247296   3.247178     1.9736     2.3581      8.029     1.0884   481.3974 1.0715e-01     0.0874    97.8379     6.3671     6.5545    34.4939    34.4895    27.3482    27.3444    7.22851 0.0000e+00
      22516    102.762     4.3448     4.3392   3.248035   3.247140     1.9740     2.3589      8.029     1.1088   481.1605 1.0727e-01     0.0878    97.8292     6.3638     6.5557    34.4923    34.4876    27.3459    27.3427    7.22683 0.0000e+00
      22519    102.635     4.3441     4.3357   3.247738   3.246999     1.9744     2.3593      8.029     1.1088   481.3184 1.0715e-01     0.0878    97.8292     6.3619     6.5560    34.4896    34.4897    27.3437    27.3447    7.22708 0.0000e+00
      22522    102.513     4.3443     4.3382   3.247794   3.247309     1.9757     2.3613      8.029     1.0986   481.3184 1.0715e-01     0.0874    97.8379     6.3632     6.5603    34.4901    34.4908    27.3442    27.3454    7.22702 0.0000e+00
      22525    102.398     4.3442     4.3426   3.247799   3.247624     1.9757     2.3605      8.029     1.1190   481.3579 1.0715e-01     0.0878    97.8292     6.3594     6.5516    34.4903    34.4899    27.3443    27.3442    7.22703 0.0000e+00
      22528    102.295     4.3416     4.3427   3.247593   3.247483     1.9769     2.3613      8.029     1.1190   481.3184 1.0715e-01     0.0874    97.8379     6.3660     6.5500    34.4907    34.4882    27.3450    27.3429    7.22748 0.0000e+00
      22531    102.200     4.3406     4.3402   3.247549   3.247364     1.9765     2.3613      8.029     1.1292   481.3579 1.0715e-01     0.0881    97.8205     6.3644     6.5451    34.4913    34.4895    27.3455    27.3442    7.22762 0.0000e+00
      22534    102.116     4.3401     4.3392   3.247504   3.247280     1.9773     2.3622      8.029     1.1190   361.4996 1.0715e-01     0.0878    97.8292     6.3652     6.5448    34.4914    34.4896    27.3456    27.3444    7.22772 0.0000e+00
      22537    102.044     4.3396     4.3381   3.247416   3.247216     1.9769     2.3622      8.029     1.1088     2.2403 1.0715e-01     0.0885    97.8118     6.3594     6.5398    34.4909    34.4901    27.3453    27.3449    7.22783 0.0000e+00
      22540    101.979     4.3414     4.3380   3.247807   3.247230     1.9777     2.3630      8.029     1.1394    11.2415 1.0715e-01     0.0889    97.8031     6.3588     6.5395    34.4936    34.4904    27.3473    27.3451    7.22738 0.0000e+00
      22543    101.927     4.3485     4.3394   3.248239   3.247324     1.9769     2.3626      8.029     1.2105    11.0441 1.0715e-01     0.0885    97.8118     6.3496     6.5342    34.4913    34.4901    27.3447    27.3447    7.22624 0.0000e+00
      22546    101.888     4.3487     4.3419   3.248093   3.247516     1.9777     2.3634      8.029     1.1902    10.9257 1.0715e-01     0.0885    97.8118     6.3498     6.5343    34.4894    34.4897    27.3431    27.3441    7.22629 0.0000e+00
