Datasets/AZMP/HUD120/hud120_2020_025.cnv
* Sea-Bird SBE 9 Data File:
* FileName = C:\CTDDATA\hud120_2020_025.hex
* Software Version Seasave V 7.26.7.110
* Temperature SN = 1697
* Conductivity SN = 4216
* Number of Bytes Per Scan = 30
* Number of Voltage Words = 4
* Number of Scans Averaged by the Deck Unit = 1
* NMEA baud rate = 4800
** VESSEL/TRIP/SEQ STN:  hud120_2020_025
** LATITUDE XX XX.XX: 44 00.00 N
** LONGITUDE XX XX.XX: 050 48.50 W
** SOUNDING DEPTH (M): 0072
** PROBE TYPE: S1146
** CTD NUMBER: 015
** FORMAT: V
** COMMENTS (14 CHAR): SEGB-11
** BOTTLES:  7
** LEVELS: 5,10,20,30,40,50,BTM
** STICKERS: 439609 - 439615
** VNET: Y
** DO2: N
# nquan = 22
# nvalues = 1329                        
# units = specified
# name 0 = scan: Scan Count
# name 1 = prDM: Pressure, Digiquartz [db]
# name 2 = t090C: Temperature [ITS-90, deg C]
# name 3 = t190C: Temperature, 2 [ITS-90, deg C]
# name 4 = c0S/m: Conductivity [S/m]
# name 5 = c1S/m: Conductivity, 2 [S/m]
# name 6 = sbeox0V: Oxygen raw, SBE 43 [V]
# name 7 = sbeox1V: Oxygen raw, SBE 43, 2 [V]
# name 8 = ph: pH
# name 9 = flECO-AFL: Fluorescence, WET Labs ECO-AFL/FL [mg/m^3]
# name 10 = wetCDOM: Fluorescence, WET Labs CDOM [mg/m^3]
# name 11 = par/sat/log: PAR/Logarithmic, Satlantic [umol photons/m^2/sec]
# name 12 = CStarAt0: Beam Attenuation, WET Labs C-Star [1/m]
# name 13 = CStarTr0: Beam Transmission, WET Labs C-Star [%]
# name 14 = sbeox0ML/L: Oxygen, SBE 43 [ml/l], WS = 2
# name 15 = sbeox1ML/L: Oxygen, SBE 43, 2 [ml/l], WS = 2
# name 16 = sal00: Salinity, Practical [PSU]
# name 17 = sal11: Salinity, Practical, 2 [PSU]
# name 18 = sigma-t00: Density [sigma-t, kg/m^3 ]
# name 19 = sigma-t11: Density, 2 [sigma-t, kg/m^3 ]
# name 20 = oxsatML/L: Oxygen Saturation, Weiss [ml/l]
# name 21 = flag: flag
# span 0 =        100,      23768       
# span 1 =      2.358,     68.523       
# span 2 =     2.8811,    11.2754       
# span 3 =     2.8756,    11.2714       
# span 4 =   2.951703,   3.638118       
# span 5 =   2.951326,   3.637682       
# span 6 =     2.0737,     2.2301       
# span 7 =     2.4277,     2.6514       
# span 8 =      7.966,      8.138       
# span 9 =     1.7397,     6.0945       
# span 10 =    -2.8130,   482.1870      
# span 11 = 1.0678e-01, 6.8866e+02      
# span 12 =     0.1736,     0.9773      
# span 13 =    78.3237,    95.7518      
# span 14 =     5.7240,     7.9125      
# span 15 =     5.3980,     8.4484      
# span 16 =    31.9551,    32.5540      
# span 17 =    32.0884,    32.5652      
# span 18 =    24.4782,    25.9286      
# span 19 =    24.4785,    25.9377      
# span 20 =    6.25824,    7.59395      
# span 21 = 0.0000e+00, 0.0000e+00      
# interval = scans: 3                   
# start_time = Nov 18 2020 17:20:19 [System UTC, header]
# bad_flag = -9.990e-29
*END*
[from data line 527]
       2223     60.395     2.9121     2.8999   2.958564   2.957310     2.0859     2.4754      8.017     2.0144   332.9168 1.0678e-01     0.6518    84.9646     7.0976     7.2176    32.5280    32.5251    25.9195    25.9183    7.58698 0.0000e+00
       2307     60.496     2.9555     2.9225   2.962179   2.959459     2.0838     2.4721      8.015     2.0042    34.4947 1.0678e-01     0.6411    85.1906     7.0835     7.2061    32.5280    32.5283    25.9159    25.9190    7.57869 0.0000e+00
       2310     60.610     2.9441     2.9235   2.961141   2.959722     2.0830     2.4713      8.015     1.9941    48.2334 1.0678e-01     0.6411    85.1906     7.0826     7.1983    32.5268    32.5305    25.9159    25.9206    7.58092 0.0000e+00
       2313     60.719     2.9368     2.9344   2.960733   2.960646     2.0830     2.4709      8.015     1.9839   440.1418 1.0678e-01     0.6411    85.1906     7.0814     7.1931    32.5292    32.5306    25.9185    25.9198    7.58220 0.0000e+00
       2316     60.823     2.9331     2.9429   2.960433   2.961316     2.0834     2.4709      8.015     1.9941   481.3974 1.0678e-01     0.6432    85.1472     7.0810     7.1892    32.5292    32.5300    25.9188    25.9186    7.58290 0.0000e+00
       2319     60.924     2.9320     2.9357   2.960553   2.960154     2.0830     2.4701      8.015     1.9941   481.1605 1.0678e-01     0.6436    85.1385     7.0781     7.1849    32.5317    32.5232    25.9209    25.9137    7.58298 0.0000e+00
       2322     61.021     2.9379     2.9111   2.961126   2.958466     2.0838     2.4705      8.015     2.0042   481.3579 1.0678e-01     0.6436    85.1385     7.0762     7.1887    32.5327    32.5275    25.9211    25.9192    7.58181 0.0000e+00
       2325     61.112     2.9500     2.9134   2.962197   2.959015     2.0830     2.4692      8.014     1.9839   481.3579 1.0678e-01     0.6436    85.1385     7.0667     7.1820    32.5334    32.5318    25.9206    25.9225    7.57946 0.0000e+00
       2328     61.200     2.9592     2.9220   2.962812   2.959629     2.0826     2.4701      8.013     2.0042   481.3579 1.0678e-01     0.6432    85.1472     7.0657     7.1805    32.5315    32.5305    25.9184    25.9207    7.57781 0.0000e+00
       2331     61.280     2.9604     2.9320   2.962880   2.960407     2.0818     2.4688      8.015     2.0144   481.3579 1.0678e-01     0.6436    85.1385     7.0630     7.1749    32.5311    32.5298    25.9180    25.9193    7.57760 0.0000e+00
       2334     61.357     2.9667     2.9358   2.963410   2.960641     2.0822     2.4680      8.010     2.1162   481.3579 1.0678e-01     0.6440    85.1298     7.0642     7.1730    32.5311    32.5288    25.9174    25.9182    7.57639 0.0000e+00
       2337     61.429     2.9694     2.9386   2.963432   2.960967     2.0810     2.4684      8.015     2.1365   481.3579 1.0678e-01     0.6452    85.1037     7.0583     7.1753    32.5286    32.5299    25.9152    25.9188    7.57600 0.0000e+00
       2340     61.494     2.9664     2.9429   2.963252   2.961391     2.0822     2.4676      8.012     2.1060   481.3579 1.0678e-01     0.6452    85.1037     7.0663     7.1733    32.5294    32.5306    25.9162    25.9190    7.57654 0.0000e+00
       2343     61.558     2.9661     2.9531   2.963260   2.962104     2.0810     2.4676      8.013     2.1263   481.3579 1.0678e-01     0.6456    85.0950     7.0619     7.1734    32.5298    32.5289    25.9164    25.9168    7.57657 0.0000e+00
       2346     61.619     2.9674     2.9550   2.963310   2.962211     2.0802     2.4676      8.012     2.1263   481.3579 1.0678e-01     0.6456    85.0950     7.0615     7.1747    32.5291    32.5283    25.9157    25.9162    7.57636 0.0000e+00
       2349     61.674     2.9664     2.9537   2.963230   2.962002     2.0810     2.4672      8.010     2.1060   481.3579 1.0678e-01     0.6456    85.0950     7.0697     7.1744    32.5291    32.5270    25.9159    25.9153    7.57656 0.0000e+00
       2352     61.726     2.9624     2.9411   2.962632   2.961030     2.0818     2.4664      8.012     2.1060   481.3579 1.0678e-01     0.6460    85.0863     7.0771     7.1758    32.5258    32.5279    25.9136    25.9170    7.57748 0.0000e+00
       2355     61.778     2.9489     2.9492   2.961601   2.962002     2.0810     2.4672      8.012     2.1060   481.3579 1.0678e-01     0.6485    85.0341     7.0785     7.1798    32.5270    32.5315    25.9156    25.9192    7.58001 0.0000e+00
       2358     61.828     2.9496     2.9450   2.961689   2.961083     2.0810     2.4664      8.011     2.1670   481.3579 1.0678e-01     0.6595    84.7995     7.0801     7.1801    32.5272    32.5246    25.9158    25.9141    7.57985 0.0000e+00
       2361     61.877     2.9473     2.9233   2.961569   2.959348     2.0810     2.4664      8.011     2.2077   481.3579 1.0690e-01     0.6583    84.8255     7.0819     7.1861    32.5281    32.5254    25.9167    25.9166    7.58025 0.0000e+00
       2364     61.922     2.9337     2.9266   2.960335   2.959917     2.0810     2.4664      8.011     2.2077   268.8817 1.0678e-01     0.6591    84.8082     7.0832     7.1867    32.5269    32.5290    25.9169    25.9191    7.58291 0.0000e+00
       2367     61.968     2.9189     2.9228   2.959484   2.959675     2.0806     2.4664      8.012     2.2179    17.5977 1.0678e-01     0.6583    84.8255     7.0850     7.1873    32.5314    32.5298    25.9217    25.9201    7.58550 0.0000e+00
       2370     62.013     2.9069     2.9203   2.958407   2.959392     2.0810     2.4656      8.011     2.2077    28.6913 1.0678e-01     0.6587    84.8168     7.0874     7.1854    32.5305    32.5289    25.9221    25.9196    7.58785 0.0000e+00
       2373     62.057     2.8967     2.9217   2.957619   2.959695     2.0810     2.4652      8.011     2.1975    28.1780 1.0678e-01     0.6583    84.8255     7.0878     7.1856    32.5313    32.5312    25.9235    25.9213    7.58976 0.0000e+00
       2376     62.100     2.8932     2.9226   2.957481   2.959538     2.0810     2.4660      8.011     2.2077    28.2175 1.0678e-01     0.6579    84.8342     7.0873     7.1884    32.5331    32.5283    25.9252    25.9190    7.59034 0.0000e+00
       2379     62.144     2.8925     2.9072   2.957301   2.957906     2.0806     2.4652      8.011     2.2077    28.2175 1.0678e-01     0.6567    84.8603     7.0853     7.1891    32.5315    32.5241    25.9241    25.9169    7.59055 0.0000e+00
       2382     62.190     2.8876     2.8875   2.956983   2.956683     2.0810     2.4664      8.011     2.2179    28.2175 1.0678e-01     0.6567    84.8603     7.0886     7.1974    32.5326    32.5290    25.9254    25.9225    7.59144 0.0000e+00
       2385     62.234     2.8862     2.8823   2.956878   2.956381     2.0806     2.4652      8.011     2.2179    28.2175 1.0678e-01     0.6571    84.8516     7.0871     7.1933    32.5328    32.5307    25.9256    25.9243    7.59170 0.0000e+00
       2388     62.281     2.8860     2.8806   2.956796   2.956252     2.0797     2.4656      8.011     2.2179    28.2175 1.0678e-01     0.6571    84.8516     7.0824     7.1967    32.5319    32.5307    25.9249    25.9245    7.59178 0.0000e+00
       2391     62.329     2.8851     2.8799   2.956788   2.956196     2.0802     2.4644      8.011     2.2179    55.6555 1.0678e-01     0.6567    84.8603     7.0827     7.1919    32.5328    32.5308    25.9257    25.9246    7.59192 0.0000e+00
       2394     62.379     2.8850     2.8797   2.956779   2.956231     2.0806     2.4652      8.011     2.2077    65.1304 1.0678e-01     0.6571    84.8516     7.0842     7.1935    32.5327    32.5314    25.9256    25.9251    7.59193 0.0000e+00
       2397     62.432     2.8846     2.8795   2.956793   2.956259     2.0806     2.4652      8.011     2.1975    64.6962 1.0678e-01     0.6583    84.8255     7.0857     7.1927    32.5332    32.5320    25.9261    25.9255    7.59198 0.0000e+00
       2400     62.487     2.8844     2.8795   2.956821   2.956274     2.0793     2.4648      8.011     2.2179    64.6962 1.0678e-01     0.6595    84.7995     7.0803     7.1913    32.5337    32.5320    25.9265    25.9256    7.59199 0.0000e+00
       2403     62.545     2.8842     2.8874   2.956831   2.957106     2.0797     2.4648      8.011     2.2077    64.6962 1.0678e-01     0.6595    84.7995     7.0824     7.1928    32.5340    32.5342    25.9267    25.9266    7.59201 0.0000e+00
       2406     62.604     2.8843     2.9027   2.956800   2.958109     2.0806     2.4640      8.011     2.2077    64.6962 1.0678e-01     0.6591    84.8082     7.0854     7.1886    32.5336    32.5309    25.9264    25.9227    7.59203 0.0000e+00
       2409     62.669     2.8847     2.8936   2.956853   2.957136     2.0797     2.4644      8.011     2.2179    64.6962 1.0678e-01     0.6595    84.7995     7.0814     7.1940    32.5337    32.5282    25.9264    25.9213    7.59193 0.0000e+00
       2412     62.739     2.8848     2.8847   2.956894   2.956558     2.0793     2.4648      8.011     2.1568    64.6962 1.0678e-01     0.6595    84.7995     7.0778     7.1981    32.5341    32.5301    25.9268    25.9236    7.59190 0.0000e+00
       2415     62.809     2.8853     2.8811   2.956947   2.956392     2.0793     2.4631      8.011     2.1568    91.5814 1.0678e-01     0.6579    84.8343     7.0759     7.1941    32.5342    32.5317    25.9268    25.9251    7.59180 0.0000e+00
       2418     62.882     2.8855     2.8809   2.956970   2.956404     2.0797     2.4636      8.011     2.1467   454.6306 1.0678e-01     0.6378    85.2601     7.0790     7.1945    32.5343    32.5320    25.9269    25.9254    7.59176 0.0000e+00
       2421     62.960     2.8855     2.8806   2.956965   2.956394     2.0797     2.4640      8.011     2.1365   481.6343 1.0678e-01     0.6362    85.2949     7.0795     7.1981    32.5341    32.5322    25.9267    25.9256    7.59176 0.0000e+00
       2424     63.036     2.8848     2.8804   2.956898   2.956383     2.0793     2.4644      8.011     2.1670   481.2000 1.0678e-01     0.6374    85.2688     7.0774     7.2039    32.5340    32.5322    25.9266    25.9256    7.59190 0.0000e+00
       2427     63.114     2.8843     2.8802   2.956838   2.956366     2.0789     2.4652      8.011     2.1365   481.3579 1.0678e-01     0.6362    85.2949     7.0746     7.2096    32.5337    32.5322    25.9265    25.9256    7.59201 0.0000e+00
       2430     63.192     2.8845     2.8801   2.956834   2.956338     2.0789     2.4640      8.011     2.1467   481.3579 1.0690e-01     0.6362    85.2949     7.0780     7.2051    32.5334    32.5319    25.9262    25.9254    7.59199 0.0000e+00
       2433     63.274     2.8841     2.8794   2.956822   2.956258     2.0785     2.4640      8.011     2.1467   481.3579 1.0678e-01     0.6362    85.2949     7.0799     7.2045    32.5337    32.5316    25.9265    25.9252    7.59206 0.0000e+00
       2436     63.359     2.8833     2.8786   2.956793   2.956174     2.0785     2.4640      8.011     2.1365   481.3579 1.0678e-01     0.6370    85.2775     7.0805     7.2075    32.5340    32.5313    25.9268    25.9251    7.59218 0.0000e+00
       2439     63.444     2.8835     2.8779   2.956805   2.956133     2.0785     2.4640      8.009     2.1060   481.3579 1.0690e-01     0.6383    85.2515     7.0805     7.2076    32.5339    32.5315    25.9267    25.9252    7.59215 0.0000e+00
       2442     63.524     2.8833     2.8778   2.956771   2.956116     2.0789     2.4636      8.011     2.1162   352.4984 1.0678e-01     0.6383    85.2515     7.0841     7.2029    32.5337    32.5313    25.9266    25.9251    7.59221 0.0000e+00
       2445     63.603     2.8833     2.8774   2.956714   2.956075     2.0781     2.4644      8.008     2.1263    -2.5761 1.0678e-01     0.6383    85.2515     7.0875     7.2046    32.5330    32.5312    25.9260    25.9251    7.59225 0.0000e+00
       2448     63.678     2.8823     2.8769   2.956636   2.956046     2.0781     2.4652      8.009     2.1060     4.9249 1.0678e-01     0.6378    85.2601     7.0944     7.2066    32.5330    32.5313    25.9261    25.9252    7.59244 0.0000e+00
       2451     63.750     2.8816     2.8769   2.956587   2.956068     2.0789     2.4648      8.011     2.1060     5.1618 1.0678e-01     0.6374    85.2688     7.1014     7.2045    32.5330    32.5315    25.9262    25.9254    7.59256 0.0000e+00
       2454     63.815     2.8817     2.8766   2.956592   2.956021     2.0789     2.4631      8.009     2.1060     5.2012 1.0678e-01     0.6383    85.2515     7.1045     7.1995    32.5330    32.5312    25.9262    25.9251    7.59255 0.0000e+00
       2457     63.879     2.8816     2.8765   2.956611   2.956010     2.0789     2.4648      8.011     2.1263     5.1223 1.0690e-01     0.6534    84.9299     7.1068     7.2056    32.5333    32.5311    25.9264    25.9251    7.59255 0.0000e+00
       2460     63.939     2.8820     2.8765   2.956615   2.956004     2.0785     2.4644      8.009     2.0958     5.1223 1.0690e-01     0.6661    84.6604     7.1045     7.2058    32.5329    32.5311    25.9260    25.9251    7.59250 0.0000e+00
       2463     63.998     2.8822     2.8767   2.956618   2.956013     2.0781     2.4640      8.011     2.1467     5.1223 1.0678e-01     0.6657    84.6691     7.1008     7.2039    32.5328    32.5309    25.9259    25.9249    7.59247 0.0000e+00
       2466     64.052     2.8821     2.8764   2.956624   2.956013     2.0793     2.4640      8.009     2.1670     5.1223 1.0678e-01     0.6657    84.6691     7.1058     7.2031    32.5328    32.5312    25.9260    25.9251    7.59248 0.0000e+00
       2469     64.104     2.8817     2.8768   2.956603   2.956013     2.0806     2.4640      8.006     2.1467   261.3413 1.0678e-01     0.6657    84.6691     7.1101     7.2012    32.5330    32.5308    25.9261    25.9248    7.59255 0.0000e+00
       2472     64.149     2.8816     2.8769   2.956600   2.956011     2.0802     2.4640      8.011     2.1365   482.0686 1.0678e-01     0.6657    84.6691     7.1074     7.2014    32.5330    32.5306    25.9262    25.9246    7.59257 0.0000e+00
       2475     64.189     2.8816     2.8772   2.956622   2.956063     2.0797     2.4631      8.008     2.1467   481.0027 1.0678e-01     0.6657    84.6691     7.1035     7.2006    32.5333    32.5310    25.9264    25.9249    7.59255 0.0000e+00
       2478     64.223     2.8815     2.8773   2.956650   2.956049     2.0802     2.4640      8.008     2.1568   481.3579 1.0678e-01     0.6371    85.2776     7.1050     7.2043    32.5337    32.5306    25.9267    25.9246    7.59255 0.0000e+00
       2481     64.257     2.8813     2.8776   2.956697   2.956100     2.0797     2.4644      8.008     2.1568   481.3579 1.0678e-01     0.6297    85.4340     7.1005     7.2042    32.5344    32.5310    25.9273    25.9249    7.59255 0.0000e+00
       2484     64.289     2.8818     2.8772   2.956760   2.956123     2.0793     2.4648      8.009     2.1467   481.3579 1.0678e-01     0.6301    85.4253     7.0956     7.2086    32.5347    32.5316    25.9275    25.9254    7.59245 0.0000e+00
       2547     64.320     2.8828     2.8796   2.956807   2.956268     2.0785     2.4628      8.008     2.1263   322.2179 1.0678e-01     0.6585    84.8255     7.0837     7.1960    32.5342    32.5309    25.9270    25.9247    7.59227 0.0000e+00
       2669     64.406     2.8833     2.8814   2.956713   2.956366     2.0781     2.4611      8.004     2.1162     3.9379 1.0678e-01     0.7153    83.6260     7.0703     7.1778    32.5325    32.5302    25.9257    25.9240    7.59227 0.0000e+00
       2672     64.517     2.8832     2.8794   2.956737   2.956317     2.0785     2.4615      8.003     2.0856     3.9379 1.0678e-01     0.7153    83.6260     7.0727     7.1836    32.5328    32.5316    25.9259    25.9252    7.59226 0.0000e+00
       2675     64.632     2.8847     2.8795   2.957016   2.956298     2.0769     2.4607      8.003     2.0856     3.9379 1.0678e-01     0.7153    83.6260     7.0669     7.1841    32.5347    32.5312    25.9272    25.9249    7.59189 0.0000e+00
