Datasets/AZMP/HUD120/hud120_2020_017.cnv
* Sea-Bird SBE 9 Data File:
* FileName = C:\CTDDATA\hud120_2020_017.hex
* Software Version Seasave V 7.26.7.110
* Temperature SN = 1697
* Conductivity SN = 4216
* Number of Bytes Per Scan = 30
* Number of Voltage Words = 4
* Number of Scans Averaged by the Deck Unit = 1
* NMEA baud rate = 4800
** VESSEL/TRIP/SEQ STN:  hud120_2020_017
** LATITUDE XX XX.XX: 46 21.00 N
** LONGITUDE XX XX.XX: 052 44.00 W
** SOUNDING DEPTH (M): 0176
** PROBE TYPE: S1146
** CTD NUMBER: 007
** FORMAT: V
** COMMENTS (14 CHAR): SEGB-03
** BOTTLES:  10
** LEVELS: 5,10,20,30,40,50,75,100,150,BTM
** STICKERS: 439563 - 439572
** VNET: Y
** DO2: Y
# nquan = 22
# nvalues = 2783                        
# units = specified
# name 0 = scan: Scan Count
# name 1 = prDM: Pressure, Digiquartz [db]
# name 2 = t090C: Temperature [ITS-90, deg C]
# name 3 = t190C: Temperature, 2 [ITS-90, deg C]
# name 4 = c0S/m: Conductivity [S/m]
# name 5 = c1S/m: Conductivity, 2 [S/m]
# name 6 = sbeox0V: Oxygen raw, SBE 43 [V]
# name 7 = sbeox1V: Oxygen raw, SBE 43, 2 [V]
# name 8 = ph: pH
# name 9 = flECO-AFL: Fluorescence, WET Labs ECO-AFL/FL [mg/m^3]
# name 10 = wetCDOM: Fluorescence, WET Labs CDOM [mg/m^3]
# name 11 = par/sat/log: PAR/Logarithmic, Satlantic [umol photons/m^2/sec]
# name 12 = CStarAt0: Beam Attenuation, WET Labs C-Star [1/m]
# name 13 = CStarTr0: Beam Transmission, WET Labs C-Star [%]
# name 14 = sbeox0ML/L: Oxygen, SBE 43 [ml/l], WS = 2
# name 15 = sbeox1ML/L: Oxygen, SBE 43, 2 [ml/l], WS = 2
# name 16 = sal00: Salinity, Practical [PSU]
# name 17 = sal11: Salinity, Practical, 2 [PSU]
# name 18 = sigma-t00: Density [sigma-t, kg/m^3 ]
# name 19 = sigma-t11: Density, 2 [sigma-t, kg/m^3 ]
# name 20 = oxsatML/L: Oxygen Saturation, Weiss [ml/l]
# name 21 = flag: flag
# span 0 =         64,      35532       
# span 1 =      2.521,    170.117       
# span 2 =    -0.6763,     6.3864       
# span 3 =    -0.6819,     6.3798       
# span 4 =   2.705445,   3.168309       
# span 5 =   2.704981,   3.167631       
# span 6 =     1.8063,     2.2178       
# span 7 =     2.1319,     2.6395       
# span 8 =      7.807,      8.065       
# span 9 =     1.0071,     3.3982       
# span 10 =    -2.8130,   482.1870      
# span 11 = 1.0715e-01, 5.7435e+02      
# span 12 =     0.0640,     0.2080      
# span 13 =    94.9347,    98.4116      
# span 14 =     6.1305,     7.5328      
# span 15 =     6.2037,     7.7683      
# span 16 =    31.5764,    33.2565      
# span 17 =    31.5760,    33.2574      
# span 18 =    24.8125,    26.7156      
# span 19 =    24.8134,    26.7166      
# span 20 =    7.01247,    8.30248      
# span 21 = 0.0000e+00, 0.0000e+00      
# interval = scans: 3                   
# start_time = Nov 17 2020 17:08:22 [System UTC, header]
# bad_flag = -9.990e-29
*END*
[from data line 1449]
       8641    152.957    -0.4301    -0.4200   2.739939   2.741824     1.8222     2.1503      7.827     1.1292     1.4507 1.0715e-01     0.1465    96.4037     6.6506     6.7523    33.2059    33.2200    26.6775    26.6884    8.23846 0.0000e+00
       8644    152.841    -0.4340    -0.4258   2.739636   2.741103     1.8226     2.1515      7.829     1.1088     1.4507 1.0727e-01     0.1465    96.4037     6.6598     6.7633    33.2062    33.2169    26.6779    26.6861    8.23931 0.0000e+00
       8647    152.716    -0.4335    -0.4299   2.739975   2.740564     1.8230     2.1515      7.829     1.1088     1.4507 1.0740e-01     0.1461    96.4124     6.6640     6.7746    33.2103    33.2141    26.6811    26.6841    8.23897 0.0000e+00
       8650    152.586    -0.4302    -0.4342   2.740437   2.740011     1.8218     2.1515      7.829     1.1190     2.3193 1.0727e-01     0.1458    96.4211     6.6616     6.7827    33.2129    33.2116    26.6831    26.6822    8.23808 0.0000e+00
       8653    152.450    -0.4287    -0.4359   2.740505   2.739850     1.8230     2.1519      7.829     1.1190     3.4247 1.0727e-01     0.1454    96.4298     6.6715     6.7927    33.2123    33.2114    26.6826    26.6821    8.23780 0.0000e+00
       8656    152.310    -0.4348    -0.4343   2.739151   2.740277     1.8234     2.1531      7.831     1.1190     3.3457 1.0727e-01     0.1461    96.4124     6.6820     6.8073    33.2009    33.2155    26.6736    26.6854    8.23978 0.0000e+00
       8659    152.167    -0.4431    -0.4288   2.737689   2.740911     1.8242     2.1527      7.831     1.1190     3.3457 1.0715e-01     0.1458    96.4211     6.6947     6.8133    33.1906    33.2179    26.6656    26.6871    8.24220 0.0000e+00
       8662    152.025    -0.4699    -0.4361   2.733665   2.739217     1.8238     2.1539      7.832     1.1088     3.3457 1.0727e-01     0.1454    96.4298     6.7044     6.8320    33.1661    33.2034    26.6469    26.6757    8.24952 0.0000e+00
       8665    151.880    -0.4906    -0.4628   2.731654   2.734816     1.8251     2.1539      7.832     1.1088     3.3457 1.0740e-01     0.1454    96.4298     6.7239     6.8494    33.1619    33.1738    26.6444    26.6529    8.25435 0.0000e+00
       8668    151.734    -0.5021    -0.4890   2.730225   2.732177     1.8247     2.1552      7.834     1.0783     3.3457 1.0727e-01     0.1469    96.3950     6.7359     6.8704    33.1554    33.1673    26.6397    26.6487    8.25727 0.0000e+00
       8671    151.584    -0.5115    -0.5038   2.729059   2.730393     1.8251     2.1564      7.829     1.0884     3.3457 1.0715e-01     0.1472    96.3863     6.7501     6.8930    33.1502    33.1596    26.6358    26.6431    8.25965 0.0000e+00
       8674    151.439    -0.5208    -0.5146   2.727637   2.729052     1.8255     2.1576      7.831     1.0681     3.3457 1.0727e-01     0.1476    96.3776     6.7600     6.9097    33.1414    33.1536    26.6291    26.6387    8.26222 0.0000e+00
       8677    151.295    -0.5300    -0.5281   2.726606   2.727054     1.8267     2.1588      7.832     1.0986     1.1349 1.0715e-01     0.1476    96.3776     6.7710     6.9232    33.1377    33.1417    26.6265    26.6296    8.26447 0.0000e+00
       8680    151.150    -0.5352    -0.5385   2.725844   2.725865     1.8279     2.1597      7.831     1.0783     0.3453 1.0715e-01     0.1472    96.3863     6.7841     6.9382    33.1333    33.1372    26.6231    26.6264    8.26588 0.0000e+00
       8683    151.014    -0.5394    -0.5426   2.725488   2.725514     1.8287     2.1605      7.832     1.0986     0.3848 1.0715e-01     0.1476    96.3776     6.7962     6.9538    33.1332    33.1370    26.6232    26.6264    8.26682 0.0000e+00
       8686    150.879    -0.5389    -0.5437   2.725625   2.725259     1.8287     2.1621      7.834     1.0681     0.3848 1.0727e-01     0.1476    96.3776     6.8035     6.9681    33.1346    33.1349    26.6243    26.6248    8.26663 0.0000e+00
       8689    150.744    -0.5394    -0.5461   2.725530   2.725030     1.8304     2.1633      7.832     1.0986     0.3453 1.0727e-01     0.1407    96.5427     6.8200     6.9775    33.1340    33.1345    26.6238    26.6245    8.26679 0.0000e+00
       8692    150.613    -0.5400    -0.5476   2.725360   2.724789     1.8316     2.1653      7.832     1.0376     0.3848 1.0727e-01     0.1386    96.5949     6.8332     6.9874    33.1324    33.1330    26.6225    26.6234    8.26700 0.0000e+00
       8695    150.489    -0.5406    -0.5481   2.725361   2.724794     1.8316     2.1670      7.834     1.0376     0.3848 1.0740e-01     0.1389    96.5862     6.8355     6.9981    33.1332    33.1338    26.6232    26.6240    8.26709 0.0000e+00
       8698    150.369    -0.5390    -0.5467   2.725683   2.724875     1.8320     2.1666      7.834     1.0071     0.3848 1.0715e-01     0.1389    96.5862     6.8405     6.9993    33.1357    33.1334    26.6253    26.6237    8.26658 0.0000e+00
       8701    150.258    -0.5396    -0.5483   2.725448   2.724655     1.8332     2.1686      7.834     1.0173     0.5032 1.0727e-01     0.1389    96.5862     6.8495     7.0094    33.1334    33.1323    26.6233    26.6228    8.26686 0.0000e+00
       8704    150.154    -0.5391    -0.5470   2.725553   2.724977     1.8340     2.1707      7.834     1.0173     1.9245 1.0740e-01     0.1389    96.5862     6.8540     7.0142    33.1343    33.1352    26.6241    26.6251    8.26670 0.0000e+00
       8707    150.057    -0.5389    -0.5451   2.725494   2.725192     1.8353     2.1731      7.834     1.0071     2.0429 1.0727e-01     0.1386    96.5949     6.8599     7.0225    33.1333    33.1360    26.6233    26.6257    8.26671 0.0000e+00
       8710    149.969    -0.5399    -0.5436   2.725399   2.725257     1.8369     2.1735      7.834     1.0274     2.0429 1.0740e-01     0.1339    96.7079     6.8651     7.0217    33.1332    33.1353    26.6232    26.6251    8.26694 0.0000e+00
       8713    149.889    -0.5405    -0.5450   2.725369   2.725029     1.8377     2.1747      7.837     1.0173     2.0429 1.0740e-01     0.1342    96.6992     6.8676     7.0248    33.1335    33.1339    26.6235    26.6239    8.26705 0.0000e+00
       8716    149.816    -0.5399    -0.5447   2.725364   2.725116     1.8385     2.1759      7.839     1.0274     2.0429 1.0715e-01     0.1342    96.6992     6.8734     7.0279    33.1329    33.1348    26.6230    26.6247    8.26696 0.0000e+00
       8719    149.755    -0.5404    -0.5447   2.725342   2.725203     1.8393     2.1776      7.839     1.0884     2.0429 1.0740e-01     0.1342    96.6992     6.8793     7.0345    33.1332    33.1359    26.6232    26.6256    8.26706 0.0000e+00
       8722    149.710    -0.5405    -0.5425   2.725265   2.725472     1.8410     2.1792      7.839     1.0986     2.0429 1.0727e-01     0.1346    96.6905     6.8833     7.0377    33.1322    33.1372    26.6224    26.6265    8.26712 0.0000e+00
       8809    149.678    -0.5212    -0.5257   2.728119   2.727728     1.8581     2.2020      7.850     1.0783    -0.3258 1.0740e-01     0.1278    96.8557     6.8667     7.0130    33.1493    33.1491    26.6355    26.6355    8.26185 0.0000e+00
       8812    149.642    -0.5209    -0.5255   2.728103   2.727624     1.8581     2.2012      7.849     1.0986    -0.3258 1.0727e-01     0.1292    96.8209     6.8637     7.0063    33.1489    33.1475    26.6351    26.6342    8.26183 0.0000e+00
       8815    149.604    -0.5206    -0.5268   2.728104   2.727406     1.8589     2.2028      7.849     1.0986    -0.3258 1.0740e-01     0.1289    96.8296     6.8628     7.0121    33.1485    33.1460    26.6348    26.6330    8.26177 0.0000e+00
       8818    149.565    -0.5204    -0.5286   2.728134   2.727210     1.8589     2.2037      7.849     1.0884    -0.3653 1.0727e-01     0.1289    96.8296     6.8644     7.0163    33.1487    33.1454    26.6350    26.6326    8.26171 0.0000e+00
       8821    149.526    -0.5205    -0.5300   2.728141   2.727093     1.8585     2.2037      7.849     1.0884    -0.3258 1.0727e-01     0.1282    96.8470     6.8661     7.0184    33.1490    33.1453    26.6352    26.6326    8.26172 0.0000e+00
       8824    149.487    -0.5208    -0.5314   2.727814   2.726874     1.8589     2.2041      7.849     1.1190    -0.3258 1.0727e-01     0.1285    96.8383     6.8684     7.0213    33.1450    33.1439    26.6320    26.6316    8.26203 0.0000e+00
       8827    149.446    -0.5235    -0.5325   2.727277   2.726638     1.8597     2.2053      7.849     1.1088    -0.3258 1.0727e-01     0.1289    96.8296     6.8723     7.0253    33.1407    33.1421    26.6286    26.6301    8.26285 0.0000e+00
       8830    149.404    -0.5249    -0.5342   2.727321   2.726457     1.8605     2.2049      7.849     1.0986    -0.3258 1.0715e-01     0.1285    96.8383     6.8751     7.0228    33.1429    33.1415    26.6304    26.6297    8.26305 0.0000e+00
       8833    149.364    -0.5249    -0.5348   2.727457   2.726384     1.8605     2.2049      7.849     1.1190     1.2534 1.0740e-01     0.1282    96.8470     6.8749     7.0223    33.1447    33.1412    26.6319    26.6294    8.26295 0.0000e+00
       8836    149.326    -0.5238    -0.5353   2.727544   2.726257     1.8601     2.2053      7.849     1.1190     3.9379 1.0740e-01     0.1282    96.8470     6.8734     7.0217    33.1447    33.1401    26.6319    26.6286    8.26270 0.0000e+00
       8839    149.287    -0.5219    -0.5367   2.727726   2.726029     1.8605     2.2065      7.849     1.1190     3.8195 1.0740e-01     0.1278    96.8557     6.8746     7.0246    33.1451    33.1386    26.6322    26.6274    8.26226 0.0000e+00
       8842    149.252    -0.5208    -0.5382   2.727768   2.725846     1.8613     2.2073      7.849     1.1190     3.8195 1.0740e-01     0.1278    96.8557     6.8785     7.0254    33.1444    33.1377    26.6315    26.6268    8.26204 0.0000e+00
       8845    149.219    -0.5217    -0.5397   2.727725   2.725691     1.8621     2.2073      7.849     1.1088     3.8195 1.0727e-01     0.1278    96.8557     6.8828     7.0259    33.1449    33.1374    26.6319    26.6266    8.26222 0.0000e+00
       8848    149.190    -0.5202    -0.5398   2.727987   2.725719     1.8621     2.2081      7.849     1.1088     3.8195 1.0715e-01     0.1278    96.8557     6.8794     7.0282    33.1468    33.1378    26.6334    26.6269    8.26178 0.0000e+00
       8851    149.164    -0.5190    -0.5404   2.728038   2.725729     1.8621     2.2077      7.849     1.0579     3.8195 1.0740e-01     0.1160    97.1425     6.8741     7.0253    33.1461    33.1387    26.6328    26.6277    8.26155 0.0000e+00
       9023    149.110    -0.5567    -0.5369   2.722872   2.726275     1.8756     2.2212      7.861     1.0986   480.9632 1.0740e-01     0.1185    97.0817     6.9730     7.0489    33.1183    33.1422    26.6118    26.6304    8.27153 0.0000e+00
       9026    148.999    -0.5575    -0.5352   2.722691   2.726432     1.8756     2.2212      7.863     1.0884   481.3184 1.0752e-01     0.1185    97.0817     6.9705     7.0457    33.1167    33.1424    26.6106    26.6305    8.27179 0.0000e+00
       9029    148.895    -0.5582    -0.5367   2.722629   2.725986     1.8768     2.2200      7.861     1.0783   481.2790 1.0740e-01     0.1185    97.0817     6.9793     7.0390    33.1168    33.1382    26.6107    26.6271    8.27195 0.0000e+00
       9032    148.798    -0.5573    -0.5451   2.722804   2.724579     1.8780     2.2212      7.858     1.0376   481.3579 1.0727e-01     0.1202    97.0382     6.9840     7.0472    33.1182    33.1286    26.6118    26.6197    8.27167 0.0000e+00
       9035    148.711    -0.5566    -0.5515   2.722855   2.723835     1.8784     2.2220      7.861     1.0173   481.2790 1.0740e-01     0.1206    97.0295     6.9841     7.0536    33.1181    33.1257    26.6117    26.6176    8.27151 0.0000e+00
       9038    148.632    -0.5568    -0.5540   2.722903   2.723728     1.8793     2.2220      7.860     1.0274   481.3184 1.0740e-01     0.1206    97.0295     6.9899     7.0548    33.1190    33.1270    26.6125    26.6187    8.27150 0.0000e+00
       9041    148.564    -0.5563    -0.5560   2.722890   2.723312     1.8789     2.2220      7.860     1.0173   475.0018 1.0740e-01     0.1210    97.0208     6.9880     7.0601    33.1183    33.1237    26.6118    26.6162    8.27142 0.0000e+00
       9044    148.509    -0.5564    -0.5584   2.722894   2.723027     1.8793     2.2220      7.863     1.0376    57.1162 1.0715e-01     0.1206    97.0295     6.9879     7.0638    33.1186    33.1225    26.6121    26.6153    8.27144 0.0000e+00
       9047    148.464    -0.5563    -0.5574   2.722895   2.723166     1.8789     2.2220      7.860     1.0274     2.0824 1.0740e-01     0.1206    97.0295     6.9792     7.0627    33.1184    33.1234    26.6119    26.6160    8.27142 0.0000e+00
       9050    148.432    -0.5565    -0.5567   2.722864   2.723326     1.8801     2.2216      7.863     1.0376     5.3986 1.0715e-01     0.1206    97.0295     6.9778     7.0601    33.1183    33.1246    26.6118    26.6170    8.27147 0.0000e+00
       9503    148.401    -0.5584    -0.5598   2.722619   2.722935     1.8862     2.2322      7.863     1.0376     3.9379 1.0740e-01     0.1192    97.0643     6.9796     7.0853    33.1171    33.1229    26.6109    26.6156    8.27196 0.0000e+00
       9731    148.335    -0.5598    -0.5623   2.722489   2.722520     1.8899     2.2367      7.863     1.0478     3.4642 1.0727e-01     0.1195    97.0556     6.9881     7.0929    33.1169    33.1201    26.6108    26.6135    8.27228 0.0000e+00
       9734    148.280    -0.5593    -0.5618   2.722537   2.722610     1.8895     2.2367      7.863     1.0681     3.3457 1.0715e-01     0.1195    97.0556     6.9866     7.0946    33.1171    33.1208    26.6110    26.6141    8.27218 0.0000e+00
      10269    148.241    -0.5595    -0.5612   2.722425   2.722630     1.8891     2.2351      7.863     1.0579     4.3722 1.0740e-01     0.1170    97.1165     6.9917     7.1008    33.1158    33.1204    26.6100    26.6137    8.27229 0.0000e+00
      11337    148.154    -0.5619    -0.5612   2.721954   2.722614     1.8879     2.2335      7.863     1.0681     6.4251 1.0727e-01     0.1110    97.2642     7.0028     7.1167    33.1122    33.1202    26.6071    26.6136    8.27303 0.0000e+00
      11340    148.043    -0.5630    -0.5618   2.721912   2.722666     1.8879     2.2347      7.863     1.0478     6.4251 1.0740e-01     0.1103    97.2816     6.9997     7.1235    33.1129    33.1216    26.6077    26.6148    8.27323 0.0000e+00
      11343    147.927    -0.5633    -0.5603   2.721999   2.722794     1.8887     2.2347      7.863     1.0478     6.4251 1.0752e-01     0.1099    97.2903     7.0036     7.1249    33.1144    33.1218    26.6090    26.6148    8.27321 0.0000e+00
      11346    147.810    -0.5612    -0.5620   2.722208   2.722497     1.8887     2.2339      7.863     1.0579   296.3197 1.0740e-01     0.1106    97.2729     7.0014     7.1227    33.1150    33.1198    26.6094    26.6132    8.27271 0.0000e+00
      11349    147.694    -0.5626    -0.5620   2.721903   2.722527     1.8879     2.2339      7.863     1.0681   481.6738 1.0740e-01     0.1110    97.2642     6.9973     7.1254    33.1125    33.1202    26.6074    26.6136    8.27316 0.0000e+00
      11352    147.572    -0.5638    -0.5632   2.721761   2.722274     1.8883     2.2347      7.863     1.0478   481.0026 1.0740e-01     0.1103    97.2816     7.0028     7.1265    33.1120    33.1182    26.6071    26.6120    8.27347 0.0000e+00
      11355    147.454    -0.5642    -0.5654   2.721697   2.721946     1.8899     2.2351      7.863     1.0579   481.3184 1.0727e-01     0.1120    97.2382     7.0109     7.1294    33.1117    33.1163    26.6068    26.6106    8.27358 0.0000e+00
      11358    147.338    -0.5645    -0.5676   2.721685   2.721599     1.8891     2.2356      7.865     1.0579   481.3579 1.0740e-01     0.1131    97.2121     7.0064     7.1310    33.1119    33.1141    26.6070    26.6089    8.27363 0.0000e+00
