Datasets/AZMP/HUD120/hud120_2020_061.cnv
* Sea-Bird SBE 9 Data File:
* FileName = C:\CTDDATA\hud120_2020_061.hex
* Software Version Seasave V 7.26.7.110
* Temperature SN = 1697
* Conductivity SN = 4216
* Number of Bytes Per Scan = 30
* Number of Voltage Words = 4
* Number of Scans Averaged by the Deck Unit = 1
* NMEA baud rate = 4800
** VESSEL/TRIP/SEQ STN:  hud120_2020_061
** LATITUDE XX XX.XX: 47 00.00 N
** LONGITUDE XX XX.XX: 046 01.00 W
** SOUNDING DEPTH (M): 0308
** PROBE TYPE: S1146
** CTD NUMBER: 040
** FORMAT: V
** COMMENTS (14 CHAR): FC-21
** BOTTLES:  11
** LEVELS: 5,10,20,30,40,50,75,100,150,250,BTM
** STICKERS: 439770 - 439780
** VNET: Y
** DO2: N
# nquan = 22
# nvalues = 4832                        
# units = specified
# name 0 = scan: Scan Count
# name 1 = prDM: Pressure, Digiquartz [db]
# name 2 = t090C: Temperature [ITS-90, deg C]
# name 3 = t190C: Temperature, 2 [ITS-90, deg C]
# name 4 = c0S/m: Conductivity [S/m]
# name 5 = c1S/m: Conductivity, 2 [S/m]
# name 6 = sbeox0V: Oxygen raw, SBE 43 [V]
# name 7 = sbeox1V: Oxygen raw, SBE 43, 2 [V]
# name 8 = ph: pH
# name 9 = flECO-AFL: Fluorescence, WET Labs ECO-AFL/FL [mg/m^3]
# name 10 = wetCDOM: Fluorescence, WET Labs CDOM [mg/m^3]
# name 11 = par/sat/log: PAR/Logarithmic, Satlantic [umol photons/m^2/sec]
# name 12 = CStarAt0: Beam Attenuation, WET Labs C-Star [1/m]
# name 13 = CStarTr0: Beam Transmission, WET Labs C-Star [%]
# name 14 = sbeox0ML/L: Oxygen, SBE 43 [ml/l], WS = 2
# name 15 = sbeox1ML/L: Oxygen, SBE 43, 2 [ml/l], WS = 2
# name 16 = sal00: Salinity, Practical [PSU]
# name 17 = sal11: Salinity, Practical, 2 [PSU]
# name 18 = sigma-t00: Density [sigma-t, kg/m^3 ]
# name 19 = sigma-t11: Density, 2 [sigma-t, kg/m^3 ]
# name 20 = oxsatML/L: Oxygen Saturation, Weiss [ml/l]
# name 21 = flag: flag
# span 0 =         72,      40112       
# span 1 =      2.763,    303.084       
# span 2 =     3.5725,     8.0665       
# span 3 =     3.5690,     8.0616       
# span 4 =   3.173311,   3.451546       
# span 5 =   3.172933,   3.451048       
# span 6 =     1.7902,     2.2129       
# span 7 =     2.1181,     2.6465       
# span 8 =      7.949,      8.159       
# span 9 =     0.8850,     6.0132       
# span 10 =    -2.8130,   482.1870      
# span 11 = 1.0690e-01, 9.9373e+00      
# span 12 =     0.0810,     0.2517      
# span 13 =    93.9003,    97.9944      
# span 14 =     5.6395,     7.0771      
# span 15 =     5.7817,     7.4297      
# span 16 =    33.1112,    34.8565      
# span 17 =    33.1097,    34.8558      
# span 18 =    25.7816,    27.6517      
# span 19 =    25.7812,    27.6517      
# span 20 =    6.67818,    7.36945      
# span 21 = 0.0000e+00, 0.0000e+00      
# interval = scans: 3                   
# start_time = Nov 23 2020 19:02:47 [System UTC, header]
# bad_flag = -9.990e-29
*END*
[from data line 132]
        703     16.973     8.0580     8.0541   3.450928   3.450442     2.2043     2.6235      8.154     4.9448   481.2000 1.4733e+00     0.2462    94.0307     6.6125     6.7534    33.1127    33.1113    25.7833    25.7828    6.67945 0.0000e+00
        706     17.080     8.0579     8.0540   3.450917   3.450459     2.2047     2.6235      8.154     4.9245   481.1606 1.4480e+00     0.2411    94.1524     6.6145     6.7527    33.1127    33.1114    25.7833    25.7829    6.67948 0.0000e+00
        709     17.179     8.0576     8.0538   3.450915   3.450422     2.2047     2.6227      8.154     4.9245   228.8500 1.4166e+00     0.2414    94.1437     6.6136     6.7496    33.1129    33.1112    25.7835    25.7828    6.67952 0.0000e+00
        712     17.272     8.0580     8.0537   3.450948   3.450424     2.2047     2.6231      8.152     4.9143    -2.1024 1.3777e+00     0.2418    94.1350     6.6141     6.7502    33.1128    33.1112    25.7834    25.7828    6.67946 0.0000e+00
        715     17.361     8.0590     8.0540   3.451027   3.450461     2.2039     2.6231      8.155     4.9245     2.6351 1.3651e+00     0.2418    94.1350     6.6101     6.7508    33.1126    33.1113    25.7831    25.7829    6.67930 0.0000e+00
        718     17.443     8.0583     8.0538   3.450975   3.450437     2.2055     2.6239      8.154     4.9346     2.5167 1.3447e+00     0.2418    94.1350     6.6166     6.7534    33.1128    33.1112    25.7833    25.7828    6.67942 0.0000e+00
        721     17.520     8.0578     8.0535   3.450956   3.450401     2.2051     2.6239      8.155     4.9448     2.5167 1.3231e+00     0.2418    94.1350     6.6145     6.7530    33.1130    33.1111    25.7836    25.7828    6.67948 0.0000e+00
        724     17.591     8.0577     8.0533   3.450930   3.450386     2.2047     2.6231      8.154     4.9245     2.5167 1.3140e+00     0.2418    94.1350     6.6154     6.7485    33.1128    33.1111    25.7834    25.7827    6.67951 0.0000e+00
        727     17.654     8.0576     8.0533   3.450937   3.450407     2.2043     2.6235      8.155     4.9550     2.5167 1.2944e+00     0.2418    94.1350     6.6128     6.7477    33.1128    33.1113    25.7835    25.7830    6.67951 0.0000e+00
        730     17.714     8.0574     8.0533   3.450939   3.450401     2.2047     2.6239      8.152     5.3314     2.5167 1.2884e+00     0.2418    94.1350     6.6117     6.7477    33.1130    33.1112    25.7837    25.7828    6.67954 0.0000e+00
        733     17.769     8.0576     8.0533   3.450945   3.450405     2.2043     2.6231      8.155     5.3518     2.5167 1.2721e+00     0.2418    94.1350     6.6095     6.7451    33.1129    33.1112    25.7836    25.7828    6.67952 0.0000e+00
        736     17.822     8.0576     8.0533   3.450939   3.450412     2.2047     2.6239      8.154     5.3416     1.7271 1.2604e+00     0.2418    94.1350     6.6115     6.7458    33.1128    33.1112    25.7835    25.7829    6.67952 0.0000e+00
        739     17.870     8.0576     8.0534   3.450954   3.450410     2.2047     2.6239      8.154     5.3518     1.5692 1.2531e+00     0.2418    94.1350     6.6116     6.7451    33.1129    33.1111    25.7836    25.7828    6.67951 0.0000e+00
        742     17.918     8.0578     8.0533   3.450962   3.450390     2.2047     2.6239      8.154     5.3518     1.5692 1.2488e+00     0.2418    94.1350     6.6097     6.7455    33.1129    33.1109    25.7835    25.7827    6.67949 0.0000e+00
        745     17.961     8.0578     8.0535   3.450932   3.450417     2.2047     2.6235      8.154     5.3416     1.5692 1.2560e+00     0.2418    94.1350     6.6093     6.7440    33.1125    33.1111    25.7832    25.7827    6.67950 0.0000e+00
        748     18.004     8.0578     8.0535   3.450992   3.450447     2.2060     2.6227      8.155     5.3619     1.5692 1.2488e+00     0.2418    94.1350     6.6139     6.7407    33.1131    33.1114    25.7837    25.7830    6.67947 0.0000e+00
        751     18.061     8.0592     8.0535   3.451152   3.450432     2.2043     2.6227      8.152     5.3518     1.5692 1.2531e+00     0.2414    94.1437     6.6063     6.7404    33.1134    33.1112    25.7837    25.7828    6.67924 0.0000e+00
        754     18.110     8.0611     8.0544   3.451320   3.450580     2.2035     2.6223      8.154     5.5044     1.5692 1.2517e+00     0.2418    94.1350     6.6011     6.7389    33.1135    33.1119    25.7835    25.7833    6.67896 0.0000e+00
        757     18.158     8.0622     8.0571   3.451419   3.450808     2.2047     2.6235      8.152     6.0132     1.5692 1.2517e+00     0.2418    94.1350     6.6040     6.7422    33.1134    33.1117    25.7832    25.7827    6.67878 0.0000e+00
        760     18.214     8.0635     8.0569   3.451482   3.450711     2.2047     2.6227      8.152     5.9826     1.8455 1.2604e+00     0.2414    94.1437     6.6032     6.7393    33.1128    33.1109    25.7826    25.7821    6.67861 0.0000e+00
        763     18.292     8.0630     8.0579   3.451383   3.450840     2.2051     2.6235      8.152     5.9928     4.0564 1.2589e+00     0.2422    94.1263     6.6036     6.7424    33.1122    33.1112    25.7822    25.7822    6.67871 0.0000e+00
        766     18.365     8.0614     8.0579   3.451290   3.450840     2.2035     2.6231      8.155     5.9826     4.0564 1.2517e+00     0.2429    94.1089     6.5964     6.7410    33.1127    33.1112    25.7829    25.7822    6.67894 0.0000e+00
        769     18.447     8.0620     8.0570   3.451361   3.450732     2.2035     2.6223      8.154     5.9928     4.0564 1.2517e+00     0.2433    94.1002     6.5957     6.7394    33.1129    33.1108    25.7829    25.7820    6.67884 0.0000e+00
        772     18.540     8.0620     8.0570   3.451351   3.450746     2.2039     2.6227      8.154     5.9724     4.0564 1.2502e+00     0.2429    94.1089     6.5988     6.7414    33.1128    33.1110    25.7828    25.7821    6.67885 0.0000e+00
        775     18.642     8.0624     8.0562   3.451380   3.450697     2.2039     2.6227      8.154     5.9928     4.0564 1.2444e+00     0.2436    94.0915     6.6004     6.7398    33.1126    33.1112    25.7826    25.7824    6.67879 0.0000e+00
        778     18.758     8.0621     8.0580   3.451401   3.450904     2.2031     2.6227      8.154     6.0030     4.0564 1.2316e+00     0.2436    94.0915     6.5969     6.7380    33.1130    33.1117    25.7830    25.7825    6.67881 0.0000e+00
        781     18.887     8.0628     8.0592   3.451474   3.450974     2.2035     2.6223      8.154     5.5553     4.0564 1.2231e+00     0.2429    94.1089     6.5966     6.7362    33.1131    33.1112    25.7829    25.7819    6.67871 0.0000e+00
        784     19.030     8.0633     8.0588   3.451452   3.450950     2.2035     2.6223      8.157     5.0771     4.0564 1.2034e+00     0.2429    94.1089     6.5966     6.7363    33.1123    33.1112    25.7822    25.7821    6.67866 0.0000e+00
        787     19.185     8.0609     8.0580   3.451167   3.450821     2.2027     2.6223      8.154     5.0974     2.4377 1.1773e+00     0.2418    94.1350     6.5959     6.7365    33.1115    33.1105    25.7820    25.7816    6.67907 0.0000e+00
        790     19.353     8.0581     8.0559   3.451039   3.450674     2.2027     2.6215      8.154     5.0872    -0.5627 1.1557e+00     0.2422    94.1263     6.5965     6.7358    33.1127    33.1109    25.7833    25.7822    6.67944 0.0000e+00
        793     19.531     8.0575     8.0550   3.451003   3.450639     2.2035     2.6223      8.154     5.0974    -0.4443 1.1477e+00     0.2418    94.1350     6.5980     6.7387    33.1128    33.1112    25.7835    25.7826    6.67953 0.0000e+00
        796     19.723     8.0585     8.0541   3.451134   3.450564     2.2027     2.6223      8.154     5.0872    -0.4443 1.1384e+00     0.2422    94.1263     6.5941     6.7388    33.1131    33.1113    25.7836    25.7828    6.67936 0.0000e+00
        799     19.924     8.0580     8.0531   3.451043   3.450481     2.2031     2.6211      8.155     5.0872    -0.4443 1.1074e+00     0.2418    94.1350     6.5973     6.7361    33.1125    33.1112    25.7832    25.7829    6.67946 0.0000e+00
        802     20.133     8.0571     8.0530   3.450996   3.450492     2.2027     2.6215      8.154     5.0872    -0.4443 1.0870e+00     0.2422    94.1263     6.5974     6.7383    33.1128    33.1113    25.7836    25.7830    6.67959 0.0000e+00
        805     20.353     8.0571     8.0532   3.451016   3.450508     2.2019     2.6215      8.152     5.0974    -0.4443 1.0536e+00     0.2429    94.1089     6.5947     6.7383    33.1130    33.1112    25.7837    25.7829    6.67959 0.0000e+00
        808     20.580     8.0572     8.0531   3.451029   3.450512     2.2023     2.6215      8.154     4.6802    -0.4443 1.0355e+00     0.2429    94.1089     6.5983     6.7385    33.1129    33.1113    25.7836    25.7829    6.67958 0.0000e+00
        811     20.817     8.0575     8.0535   3.451060   3.450572     2.2023     2.6215      8.154     4.5887    -0.4443 1.0142e+00     0.2429    94.1089     6.5987     6.7383    33.1128    33.1114    25.7835    25.7830    6.67953 0.0000e+00
        814     21.055     8.0575     8.0539   3.451090   3.450593     2.2015     2.6215      8.154     4.6090   305.0840 9.9789e-01     0.2429    94.1089     6.5967     6.7377    33.1130    33.1111    25.7836    25.7826    6.67952 0.0000e+00
        817     21.294     8.0590     8.0547   3.451223   3.450704     2.2011     2.6211      8.152     4.5988   481.9896 9.7282e-01     0.2429    94.1089     6.5964     6.7361    33.1129    33.1114    25.7834    25.7828    6.67930 0.0000e+00
        820     21.533     8.0597     8.0559   3.451289   3.450804     2.2019     2.6215      8.154     4.5887   480.8447 9.5719e-01     0.2422    94.1263     6.6008     6.7388    33.1129    33.1113    25.7832    25.7825    6.67920 0.0000e+00
        823     21.768     8.0596     8.0565   3.451267   3.450842     2.2023     2.6215      8.155     4.5887   481.2395 9.2787e-01     0.2425    94.1176     6.6037     6.7397    33.1125    33.1110    25.7830    25.7822    6.67922 0.0000e+00
        826     22.002     8.0591     8.0553   3.451237   3.450756     2.2023     2.6211      8.154     4.5988   481.2395 9.1606e-01     0.2422    94.1263     6.6070     6.7399    33.1126    33.1111    25.7831    25.7824    6.67930 0.0000e+00
        829     22.229     8.0588     8.0549   3.451206   3.450755     2.2019     2.6211      8.152     4.5988   481.2395 8.7981e-01     0.2422    94.1263     6.6080     6.7411    33.1125    33.1113    25.7831    25.7827    6.67935 0.0000e+00
        832     22.444     8.0582     8.0544   3.451187   3.450677     2.2019     2.6203      8.154     4.5988   481.2395 8.5471e-01     0.2422    94.1263     6.6096     6.7397    33.1127    33.1109    25.7833    25.7824    6.67942 0.0000e+00
        835     22.652     8.0585     8.0544   3.451223   3.450719     2.2015     2.6203      8.152     4.5582   481.2395 8.2458e-01     0.2422    94.1263     6.6102     6.7418    33.1127    33.1112    25.7833    25.7827    6.67938 0.0000e+00
        838     22.847     8.0587     8.0549   3.451288   3.450772     2.2027     2.6203      8.152     4.5683   472.0409 7.9833e-01     0.2418    94.1350     6.6141     6.7449    33.1131    33.1112    25.7835    25.7827    6.67933 0.0000e+00
        841     23.026     8.0589     8.0550   3.451271   3.450798     2.2019     2.6211      8.152     4.5582    49.1809 7.8277e-01     0.2418    94.1350     6.6103     6.7504    33.1127    33.1113    25.7832    25.7827    6.67932 0.0000e+00
        844     23.192     8.0589     8.0548   3.451295   3.450801     2.2015     2.6203      8.154     4.5582    -2.7340 7.6402e-01     0.2425    94.1176     6.6068     6.7505    33.1129    33.1115    25.7834    25.7829    6.67932 0.0000e+00
        847     23.340     8.0593     8.0556   3.451334   3.450855     2.2023     2.6215      8.154     4.5480    -1.2733 7.3880e-01     0.2429    94.1089     6.6090     6.7569    33.1128    33.1112    25.7832    25.7825    6.67925 0.0000e+00
        850     23.471     8.0584     8.0546   3.451230   3.450763     2.2027     2.6215      8.152     4.5582    -1.2733 7.3455e-01     0.2429    94.1089     6.6095     6.7594    33.1125    33.1111    25.7831    25.7826    6.67941 0.0000e+00
        853     23.586     8.0578     8.0525   3.451236   3.450596     2.2031     2.6211      8.152     4.5785    -1.2733 7.2609e-01     0.2429    94.1089     6.6112     6.7594    33.1131    33.1113    25.7837    25.7831    6.67948 0.0000e+00
        856     23.680     8.0567     8.0518   3.451126   3.450531     2.2027     2.6215      8.152     4.5582    -1.2733 7.1528e-01     0.2429    94.1089     6.6107     6.7625    33.1129    33.1113    25.7837    25.7831    6.67965 0.0000e+00
        859     23.760     8.0567     8.0521   3.451110   3.450576     2.2027     2.6223      8.152     4.7311    -1.2733 7.1033e-01     0.2429    94.1089     6.6094     6.7650    33.1127    33.1113    25.7835    25.7831    6.67966 0.0000e+00
        862     23.829     8.0567     8.0519   3.451098   3.450560     2.2015     2.6227      8.152     5.0669    -1.2733 7.0869e-01     0.2429    94.1089     6.6041     6.7659    33.1125    33.1113    25.7834    25.7831    6.67966 0.0000e+00
        865     23.885     8.0567     8.0515   3.451117   3.450531     2.2027     2.6231      8.152     5.0669    -0.9970 7.0215e-01     0.2447    94.0655     6.6085     6.7656    33.1128    33.1114    25.7836    25.7832    6.67966 0.0000e+00
        868     23.926     8.0565     8.0513   3.451130   3.450508     2.2019     2.6231      8.152     5.0567     0.1479 7.0460e-01     0.2458    94.0394     6.6046     6.7664    33.1131    33.1113    25.7839    25.7832    6.67968 0.0000e+00
        871     23.957     8.0569     8.0514   3.451178   3.450537     2.2019     2.6231      8.152     5.0567     0.1479 7.0459e-01     0.2462    94.0307     6.6036     6.7656    33.1132    33.1116    25.7839    25.7834    6.67961 0.0000e+00
        902     24.077     8.0593     8.0545   3.451355   3.450767     2.2023     2.6239      8.154     5.0669   481.2395 6.8452e-01     0.2407    94.1611     6.6066     6.7550    33.1127    33.1110    25.7832    25.7825    6.67926 0.0000e+00
        905     24.103     8.0590     8.0546   3.451318   3.450775     2.2019     2.6239      8.152     5.0364   481.2395 6.7901e-01     0.2407    94.1611     6.6093     6.7538    33.1126    33.1109    25.7831    25.7824    6.67931 0.0000e+00
        908     24.131     8.0591     8.0542   3.451302   3.450743     2.2023     2.6239      8.152     5.0771   481.2395 6.7666e-01     0.2391    94.1959     6.6148     6.7526    33.1123    33.1110    25.7829    25.7825    6.67931 0.0000e+00
        911     24.163     8.0589     8.0545   3.451312   3.450737     2.2015     2.6239      8.152     5.1788   481.2395 6.7199e-01     0.2391    94.1959     6.6166     6.7525    33.1126    33.1106    25.7831    25.7822    6.67933 0.0000e+00
        914     24.204     8.0586     8.0548   3.451325   3.450756     2.2019     2.6239      8.154     5.6367   481.2395 6.5738e-01     0.2388    94.2045     6.6211     6.7509    33.1130    33.1106    25.7835    25.7821    6.67935 0.0000e+00
        917     24.255     8.0586     8.0548   3.451293   3.450769     2.2015     2.6239      8.152     5.6265   426.3636 6.5515e-01     0.2391    94.1959     6.6211     6.7517    33.1126    33.1107    25.7832    25.7822    6.67937 0.0000e+00
        920     24.309     8.0586     8.0545   3.451303   3.450796     2.2023     2.6239      8.154     5.6163    16.4923 6.5738e-01     0.2384    94.2132     6.6225     6.7524    33.1127    33.1112    25.7832    25.7826    6.67937 0.0000e+00
        923     24.371     8.0587     8.0546   3.451335   3.450799     2.2019     2.6239      8.154     5.6367     0.3453 6.4165e-01     0.2391    94.1959     6.6188     6.7515    33.1130    33.1111    25.7834    25.7825    6.67935 0.0000e+00
