Datasets/AZMP/HUD120/hud120_2020_088.cnv
* Sea-Bird SBE 9 Data File:
* FileName = C:\CTDDATA\hud120_2020_088.hex
* Software Version Seasave V 7.26.7.110
* Temperature SN = 1697
* Conductivity SN = 4216
* Number of Bytes Per Scan = 30
* Number of Voltage Words = 4
* Number of Scans Averaged by the Deck Unit = 1
* NMEA baud rate = 4800
** VESSEL/TRIP/SEQ STN:  hud120_2020_088
** LATITUDE XX XX.XX: 48 50.00 N
** LONGITUDE XX XX.XX: 052 39.00 W
** SOUNDING DEPTH (M): 0256
** PROBE TYPE: S1146
** CTD NUMBER: 065
** FORMAT: V
** COMMENTS (14 CHAR): BB-03
** BOTTLES:  10
** LEVELS: 5,10,20,30,40,50,75,100,150,BTM
** STICKERS: 439946 - 439955
** VNET: Y
** DO2: N
# nquan = 22
# nvalues = 5818                        
# units = specified
# name 0 = scan: Scan Count
# name 1 = prDM: Pressure, Digiquartz [db]
# name 2 = t090C: Temperature [ITS-90, deg C]
# name 3 = t190C: Temperature, 2 [ITS-90, deg C]
# name 4 = c0S/m: Conductivity [S/m]
# name 5 = c1S/m: Conductivity, 2 [S/m]
# name 6 = sbeox0V: Oxygen raw, SBE 43 [V]
# name 7 = sbeox1V: Oxygen raw, SBE 43, 2 [V]
# name 8 = ph: pH
# name 9 = flECO-AFL: Fluorescence, WET Labs ECO-AFL/FL [mg/m^3]
# name 10 = wetCDOM: Fluorescence, WET Labs CDOM [mg/m^3]
# name 11 = par/sat/log: PAR/Logarithmic, Satlantic [umol photons/m^2/sec]
# name 12 = CStarAt0: Beam Attenuation, WET Labs C-Star [1/m]
# name 13 = CStarTr0: Beam Transmission, WET Labs C-Star [%]
# name 14 = sbeox0ML/L: Oxygen, SBE 43 [ml/l], WS = 2
# name 15 = sbeox1ML/L: Oxygen, SBE 43, 2 [ml/l], WS = 2
# name 16 = sal00: Salinity, Practical [PSU]
# name 17 = sal11: Salinity, Practical, 2 [PSU]
# name 18 = sigma-t00: Density [sigma-t, kg/m^3 ]
# name 19 = sigma-t11: Density, 2 [sigma-t, kg/m^3 ]
# name 20 = oxsatML/L: Oxygen Saturation, Weiss [ml/l]
# name 21 = flag: flag
# span 0 =         80,      37380       
# span 1 =      1.849,    243.997       
# span 2 =    -0.2838,     2.8490       
# span 3 =    -0.2885,     2.8443       
# span 4 =   2.735519,   2.889175       
# span 5 =   2.735084,   2.888631       
# span 6 =     1.8797,     2.1966       
# span 7 =     2.2229,     2.6206       
# span 8 =      8.050,      8.170       
# span 9 =     0.9155,     3.9273       
# span 10 =    -2.8130,   482.1870      
# span 11 = 1.0690e-01, 2.7422e-01      
# span 12 =     0.0874,     0.3219      
# span 13 =    92.2662,    97.8379      
# span 14 =     6.7383,     7.7230      
# span 15 =     6.8684,     7.9358      
# span 16 =    31.7644,    33.6042      
# span 17 =    31.7637,    33.6022      
# span 18 =    25.3197,    26.9489      
# span 19 =    25.3194,    26.9476      
# span 20 =    7.63743,    8.21642      
# span 21 = 0.0000e+00, 0.0000e+00      
# interval = scans: 3                   
# start_time = Nov 27 2020 23:45:11 [System UTC, header]
# bad_flag = -9.990e-29
*END*
[from data line 1120]
       3727    110.823     0.2826     0.2755   2.766488   2.765869     2.0097     2.3797      8.095     1.2716     9.2676 1.0715e-01     0.0956    97.6380     7.2941     7.3975    32.8118    32.8113    26.3261    26.3260    8.10510 0.0000e+00
       3730    110.927     0.2771     0.2715   2.766094   2.765587     2.0097     2.3797      8.095     1.2411     9.2676 1.0727e-01     0.0956    97.6380     7.2955     7.3984    32.8124    32.8119    26.3268    26.3266    8.10623 0.0000e+00
       3733    111.028     0.2685     0.2632   2.765231   2.764814     2.0101     2.3785      8.098     1.2513     1.4902 1.0715e-01     0.0956    97.6380     7.2987     7.3968    32.8103    32.8105    26.3256    26.3260    8.10821 0.0000e+00
       3736    111.129     0.2601     0.2550   2.764754   2.764263     2.0113     2.3781      8.096     1.2513    -1.3128 1.0715e-01     0.0949    97.6554     7.3043     7.3994    32.8130    32.8119    26.3282    26.3276    8.10987 0.0000e+00
       3739    111.229     0.2574     0.2522   2.764645   2.764168     2.0105     2.3776      8.098     1.2411    -1.1944 1.0715e-01     0.0956    97.6380     7.3010     7.3990    32.8144    32.8137    26.3294    26.3291    8.11036 0.0000e+00
       3742    111.331     0.2562     0.2513   2.764619   2.764150     2.0073     2.3768      8.096     1.2513    -1.2338 1.0715e-01     0.0956    97.6380     7.2855     7.3952    32.8152    32.8144    26.3302    26.3297    8.11057 0.0000e+00
       3745    111.434     0.2554     0.2505   2.764605   2.764114     2.0073     2.3760      8.098     1.2411    -1.2733 1.0727e-01     0.0949    97.6554     7.2851     7.3883    32.8158    32.8147    26.3307    26.3300    8.11071 0.0000e+00
       3748    111.540     0.2549     0.2498   2.764596   2.764084     2.0069     2.3748      8.096     1.2411    -1.2338 1.0715e-01     0.0928    97.7075     7.2819     7.3809    32.8162    32.8150    26.3310    26.3303    8.11080 0.0000e+00
       3751    111.643     0.2528     0.2483   2.764380   2.763930     2.0069     2.3740      8.096     1.2513    -1.2338 1.0727e-01     0.0931    97.6988     7.2826     7.3783    32.8156    32.8145    26.3307    26.3300    8.11129 0.0000e+00
       3754    111.745     0.2501     0.2457   2.764225   2.763768     2.0061     2.3748      8.093     1.2513    -1.2733 1.0727e-01     0.0928    97.7075     7.2789     7.3851    32.8164    32.8151    26.3314    26.3306    8.11183 0.0000e+00
       3757    111.847     0.2497     0.2447   2.764307   2.763775     2.0052     2.3740      8.095     1.3123    -0.6417 1.0715e-01     0.0928    97.7075     7.2735     7.3867    32.8178    32.8162    26.3326    26.3315    8.11184 0.0000e+00
       3760    111.949     0.2479     0.2431   2.764098   2.763586     2.0052     2.3744      8.095     1.3123     7.0568 1.0727e-01     0.0928    97.7075     7.2780     7.3935    32.8170    32.8154    26.3320    26.3309    8.11227 0.0000e+00
       3763    112.052     0.2428     0.2376   2.763769   2.763277     2.0061     2.3732      8.095     1.3123     7.5305 1.0715e-01     0.0931    97.6988     7.2971     7.3937    32.8181    32.8171    26.3331    26.3326    8.11331 0.0000e+00
       3766    112.153     0.2382     0.2329   2.763584   2.763093     2.0048     2.3724      8.095     1.3123     7.4910 1.0727e-01     0.0931    97.6988     7.3026     7.3932    32.8204    32.8197    26.3353    26.3350    8.11416 0.0000e+00
       3769    112.257     0.2292     0.2235   2.762826   2.762304     2.0040     2.3711      8.093     1.2920     7.4910 1.0727e-01     0.0924    97.7162     7.2977     7.3936    32.8202    32.8193    26.3354    26.3351    8.11613 0.0000e+00
       3772    112.360     0.2152     0.2080   2.761576   2.761025     2.0048     2.3711      8.095     1.3021     7.4910 1.0727e-01     0.0924    97.7162     7.3027     7.3980    32.8186    32.8191    26.3349    26.3357    8.11921 0.0000e+00
       3775    112.465     0.2006     0.1938   2.760549   2.760037     2.0044     2.3711      8.095     1.3123     7.4515 1.0727e-01     0.0924    97.7162     7.3024     7.3996    32.8207    32.8212    26.3374    26.3381    8.12225 0.0000e+00
       3778    112.571     0.1930     0.1869   2.760147   2.759640     2.0036     2.3711      8.093     1.2920     7.4910 1.0715e-01     0.0917    97.7336     7.3006     7.3996    32.8235    32.8234    26.3400    26.3402    8.12373 0.0000e+00
       3781    112.677     0.1914     0.1857   2.760150   2.759637     2.0028     2.3707      8.093     1.2818     7.4910 1.0715e-01     0.0924    97.7162     7.2950     7.3992    32.8252    32.8245    26.3415    26.3412    8.12399 0.0000e+00
       3784    112.782     0.1917     0.1873   2.760214   2.759793     2.0028     2.3711      8.093     1.2615   132.7580 1.0715e-01     0.0921    97.7249     7.2926     7.4038    32.8257    32.8248    26.3418    26.3413    8.12390 0.0000e+00
       3787    112.890     0.1931     0.1883   2.760333   2.759856     2.0044     2.3695      8.093     1.2920   482.1870 1.0727e-01     0.0931    97.6988     7.2955     7.3991    32.8257    32.8245    26.3417    26.3411    8.12359 0.0000e+00
       3790    113.000     0.1934     0.1886   2.760330   2.759886     2.0036     2.3695      8.093     1.2716   480.6868 1.0727e-01     0.0928    97.7075     7.2927     7.4003    32.8253    32.8245    26.3414    26.3410    8.12356 0.0000e+00
       3793    113.107     0.1869     0.1763   2.758992   2.758230     2.0008     2.3691      8.093     1.2716   481.2790 1.0727e-01     0.0928    97.7075     7.2777     7.4010    32.8146    32.8159    26.3331    26.3347    8.12554 0.0000e+00
       3796    113.217     0.1496     0.1375   2.755967   2.755301     2.0020     2.3687      8.094     1.2615   481.3579 1.0715e-01     0.0928    97.7075     7.2874     7.4048    32.8147    32.8189    26.3351    26.3391    8.13360 0.0000e+00
       3799    113.332     0.1290     0.1190   2.754950   2.754398     2.0008     2.3679      8.094     1.2716   481.2790 1.0715e-01     0.0928    97.7075     7.2839     7.4015    32.8233    32.8268    26.3430    26.3463    8.13756 0.0000e+00
       3802    113.445     0.1219     0.1144   2.754810   2.754196     2.0008     2.3675      8.094     1.2615   481.3579 1.0727e-01     0.0928    97.7075     7.2882     7.3994    32.8290    32.8290    26.3479    26.3483    8.13878 0.0000e+00
       3805    113.561     0.1201     0.1123   2.754754   2.753948     2.0012     2.3675      8.094     1.2716   481.3579 1.0715e-01     0.0935    97.6902     7.2894     7.4002    32.8302    32.8280    26.3490    26.3475    8.13912 0.0000e+00
       3808    113.677     0.1216     0.1108   2.755006   2.753922     1.9996     2.3675      8.094     1.2513   481.3184 1.0727e-01     0.0928    97.7075     7.2806     7.4015    32.8318    32.8291    26.3502    26.3485    8.13870 0.0000e+00
       3811    113.795     0.1213     0.1121   2.754737   2.754013     1.9992     2.3662      8.094     1.2411   229.0079 1.0715e-01     0.0928    97.7075     7.2798     7.3975    32.8286    32.8288    26.3476    26.3483    8.13895 0.0000e+00
       3814    113.914     0.1172     0.1109   2.754465   2.753870     1.9991     2.3662      8.094     1.2309     3.6221 1.0727e-01     0.0928    97.7075     7.2874     7.3996    32.8293    32.8282    26.3484    26.3478    8.13979 0.0000e+00
       3817    114.034     0.1192     0.1125   2.754941   2.754212     1.9987     2.3662      8.094     1.2513    11.8732 1.0740e-01     0.0928    97.7075     7.2880     7.4017    32.8333    32.8309    26.3515    26.3499    8.13914 0.0000e+00
       3820    114.156     0.1265     0.1216   2.755514   2.755059     1.9975     2.3650      8.094     1.2513    11.4390 1.0715e-01     0.0935    97.6902     7.2778     7.3942    32.8329    32.8322    26.3509    26.3506    8.13758 0.0000e+00
       3823    114.278     0.1303     0.1272   2.755871   2.755539     1.9979     2.3642      8.094     1.2513    11.4390 1.0727e-01     0.0931    97.6988     7.2807     7.3914    32.8335    32.8325    26.3512    26.3504    8.13672 0.0000e+00
       3826    114.398     0.1312     0.1282   2.755945   2.755571     1.9983     2.3642      8.094     1.2309    11.4784 1.0715e-01     0.0942    97.6728     7.2835     7.3896    32.8334    32.8317    26.3511    26.3498    8.13653 0.0000e+00
       3829    114.522     0.1297     0.1257   2.755855   2.755424     1.9975     2.3642      8.094     1.2411    11.3995 1.0727e-01     0.0945    97.6641     7.2842     7.3873    32.8338    32.8324    26.3514    26.3505    8.13684 0.0000e+00
       3832    114.648     0.1297     0.1252   2.756025   2.755544     1.9975     2.3634      8.089     1.2411    11.4390 1.0727e-01     0.0945    97.6641     7.2879     7.3832    32.8359    32.8345    26.3531    26.3522    8.13671 0.0000e+00
       3835    114.773     0.1320     0.1281   2.756226   2.755825     1.9963     2.3634      8.094     1.2513    11.3995 1.0715e-01     0.0949    97.6554     7.2783     7.3848    32.8360    32.8349    26.3531    26.3524    8.13621 0.0000e+00
       3838    114.896     0.1331     0.1292   2.756310   2.755855     1.9963     2.3638      8.091     1.2411   392.5301 1.0727e-01     0.0949    97.6554     7.2781     7.3882    32.8358    32.8341    26.3529    26.3517    8.13598 0.0000e+00
       3841    115.019     0.1254     0.1204   2.755241   2.754693     1.9963     2.3626      8.089     1.2309   481.9106 1.0715e-01     0.0949    97.6554     7.2797     7.3870    32.8301    32.8282    26.3486    26.3473    8.13798 0.0000e+00
       3844    115.142     0.1091     0.1029   2.753845   2.753345     1.9955     2.3622      8.094     1.2615   481.0421 1.0715e-01     0.0949    97.6554     7.2756     7.3898    32.8291    32.8291    26.3486    26.3489    8.14156 0.0000e+00
       3847    115.261     0.0991     0.0935   2.753297   2.752864     1.9955     2.3618      8.091     1.2309   481.2790 1.0727e-01     0.0928    97.7075     7.2749     7.3867    32.8326    32.8329    26.3519    26.3524    8.14353 0.0000e+00
       3850    115.380     0.0895     0.0838   2.752401   2.751948     1.9951     2.3610      8.089     1.2411   481.2395 1.0715e-01     0.0917    97.7336     7.2737     7.3823    32.8310    32.8311    26.3511    26.3515    8.14570 0.0000e+00
       3853    115.497     0.0782     0.0722   2.751554   2.751065     1.9955     2.3597      8.089     1.2411   481.2790 1.0727e-01     0.0917    97.7336     7.2802     7.3781    32.8318    32.8319    26.3524    26.3527    8.14809 0.0000e+00
       3856    115.608     0.0677     0.0626   2.750820   2.750383     1.9942     2.3601      8.089     1.2513   481.3579 1.0715e-01     0.0917    97.7336     7.2787     7.3817    32.8334    32.8331    26.3541    26.3541    8.15028 0.0000e+00
       3859    115.720     0.0594     0.0549   2.750187   2.749760     1.9938     2.3605      8.091     1.2411   481.3184 1.0715e-01     0.0917    97.7336     7.2804     7.3835    32.8339    32.8331    26.3549    26.3545    8.15207 0.0000e+00
       3862    115.830     0.0517     0.0468   2.749643   2.749205     1.9934     2.3605      8.091     1.2411   425.6530 1.0727e-01     0.0917    97.7336     7.2819     7.3878    32.8349    32.8345    26.3560    26.3559    8.15367 0.0000e+00
       3865    115.938     0.0466     0.0413   2.749255   2.748820     1.9930     2.3593      8.092     1.2411    21.4666 1.0715e-01     0.0917    97.7336     7.2812     7.3895    32.8353    32.8352    26.3566    26.3568    8.15477 0.0000e+00
       3868    116.044     0.0375     0.0329   2.748429   2.747974     1.9922     2.3585      8.089     1.2411    15.9001 1.0727e-01     0.0910    97.7510     7.2778     7.3894    32.8340    32.8330    26.3560    26.3554    8.15680 0.0000e+00
       3871    116.151     0.0275     0.0232   2.747670   2.747268     1.9926     2.3577      8.089     1.2513    16.0580 1.0727e-01     0.0906    97.7597     7.2824     7.3895    32.8347    32.8341    26.3571    26.3568    8.15895 0.0000e+00
       3874    116.255     0.0200     0.0158   2.747185   2.746763     1.9918     2.3569      8.089     1.2207    16.0185 1.0715e-01     0.0906    97.7597     7.2821     7.3896    32.8363    32.8352    26.3587    26.3580    8.16048 0.0000e+00
       3877    116.356     0.0141     0.0098   2.746711   2.746273     1.9922     2.3577      8.091     1.2513    16.0185 1.0715e-01     0.0906    97.7597     7.2883     7.3965    32.8363    32.8352    26.3590    26.3583    8.16176 0.0000e+00
       3880    116.453     0.0069     0.0020   2.746097   2.745612     1.9918     2.3565      8.089     1.2411    16.0185 1.0715e-01     0.0906    97.7597     7.2917     7.3938    32.8359    32.8348    26.3590    26.3583    8.16336 0.0000e+00
       3883    116.550    -0.0004    -0.0050   2.745535   2.745097     1.9918     2.3565      8.089     1.2309    16.0185 1.0715e-01     0.0906    97.7597     7.2982     7.3986    32.8362    32.8355    26.3596    26.3592    8.16492 0.0000e+00
       3886    116.648    -0.0085    -0.0122   2.744755   2.744413     1.9914     2.3569      8.089     1.1902    16.0185 1.0715e-01     0.0920    97.7249     7.3053     7.4060    32.8346    32.8341    26.3587    26.3584    8.16677 0.0000e+00
       3889    116.742    -0.0324    -0.0343   2.742779   2.742352     1.9906     2.3565      8.089     1.1800   178.3958 1.0740e-01     0.0938    97.6815     7.3118     7.4114    32.8341    32.8306    26.3594    26.3567    8.17200 0.0000e+00
       3892    116.837    -0.0504    -0.0560   2.741538   2.741014     1.9898     2.3557      8.089     1.1800   482.1870 1.0727e-01     0.0938    97.6815     7.3115     7.4149    32.8371    32.8362    26.3627    26.3622    8.17577 0.0000e+00
       3895    116.933    -0.0617    -0.0668   2.740747   2.740334     1.9906     2.3549      8.090     1.2004   481.0816 1.0727e-01     0.0942    97.6728     7.3139     7.4155    32.8387    32.8388    26.3645    26.3648    8.17814 0.0000e+00
       3898    117.025    -0.0702    -0.0755   2.740252   2.739818     1.9898     2.3553      8.090     1.1902   481.2395 1.0715e-01     0.0942    97.6728     7.3090     7.4204    32.8413    32.8412    26.3669    26.3671    8.17985 0.0000e+00
       3901    117.116    -0.0762    -0.0811   2.740011   2.739568     1.9894     2.3557      8.090     1.1902   481.2395 1.0715e-01     0.0938    97.6815     7.3060     7.4227    32.8445    32.8438    26.3698    26.3696    8.18098 0.0000e+00
       3904    117.209    -0.0820    -0.0853   2.739647   2.739322     1.9898     2.3553      8.090     1.1902   481.2790 1.0727e-01     0.0938    97.6815     7.3090     7.4237    32.8459    32.8451    26.3712    26.3707    8.18218 0.0000e+00
       3907    117.303    -0.0935    -0.0955   2.738751   2.738491     1.9906     2.3549      8.090     1.1800   481.2395 1.0727e-01     0.0931    97.6988     7.3144     7.4220    32.8463    32.8451    26.3721    26.3712    8.18466 0.0000e+00
       3910    117.397    -0.1056    -0.1092   2.737948   2.737517     1.9914     2.3544      8.090     1.1902   481.2395 1.0727e-01     0.0917    97.7336     7.3245     7.4228    32.8486    32.8468    26.3745    26.3732    8.18717 0.0000e+00
       3913    117.492    -0.1120    -0.1170   2.737584   2.737152     1.9898     2.3532      8.090     1.1800   481.2790 1.0715e-01     0.0917    97.7336     7.3181     7.4247    32.8507    32.8503    26.3764    26.3764    8.18845 0.0000e+00
       3916    117.589    -0.1144    -0.1196   2.737613   2.737120     1.9885     2.3532      8.090     1.1800   178.7511 1.0715e-01     0.0917    97.7336     7.3098     7.4278    32.8536    32.8527    26.3789    26.3784    8.18882 0.0000e+00
       3919    117.686    -0.1105    -0.1156   2.738025   2.737634     1.9877     2.3544      8.087     1.1800    -2.4972 1.0715e-01     0.0921    97.7249     7.3025     7.4308    32.8548    32.8550    26.3797    26.3802    8.18791 0.0000e+00
