Datasets/AZMP/HUD120/hud120_2020_091.cnv
* Sea-Bird SBE 9 Data File:
* FileName = C:\CTDDATA\hud120_2020_091.hex
* Software Version Seasave V 7.26.7.110
* Temperature SN = 1697
* Conductivity SN = 4216
* Number of Bytes Per Scan = 30
* Number of Voltage Words = 4
* Number of Scans Averaged by the Deck Unit = 1
* NMEA baud rate = 4800
** VESSEL/TRIP/SEQ STN:  hud120_2020_091
** LATITUDE XX XX.XX: 49 06.00 N
** LONGITUDE XX XX.XX: 051 49.80 W
** SOUNDING DEPTH (M): 0290
** PROBE TYPE: S1146
** CTD NUMBER: 068
** FORMAT: V
** COMMENTS (14 CHAR): BB-06
** BOTTLES:  10
** LEVELS: 5,10,20,30,40,50,75,100,150,BTM
** STICKERS: 439977 - 439986
** VNET: Y
** DO2: Y
# nquan = 22
# nvalues = 6184                        
# units = specified
# name 0 = scan: Scan Count
# name 1 = prDM: Pressure, Digiquartz [db]
# name 2 = t090C: Temperature [ITS-90, deg C]
# name 3 = t190C: Temperature, 2 [ITS-90, deg C]
# name 4 = c0S/m: Conductivity [S/m]
# name 5 = c1S/m: Conductivity, 2 [S/m]
# name 6 = sbeox0V: Oxygen raw, SBE 43 [V]
# name 7 = sbeox1V: Oxygen raw, SBE 43, 2 [V]
# name 8 = ph: pH
# name 9 = flECO-AFL: Fluorescence, WET Labs ECO-AFL/FL [mg/m^3]
# name 10 = wetCDOM: Fluorescence, WET Labs CDOM [mg/m^3]
# name 11 = par/sat/log: PAR/Logarithmic, Satlantic [umol photons/m^2/sec]
# name 12 = CStarAt0: Beam Attenuation, WET Labs C-Star [1/m]
# name 13 = CStarTr0: Beam Transmission, WET Labs C-Star [%]
# name 14 = sbeox0ML/L: Oxygen, SBE 43 [ml/l], WS = 2
# name 15 = sbeox1ML/L: Oxygen, SBE 43, 2 [ml/l], WS = 2
# name 16 = sal00: Salinity, Practical [PSU]
# name 17 = sal11: Salinity, Practical, 2 [PSU]
# name 18 = sigma-t00: Density [sigma-t, kg/m^3 ]
# name 19 = sigma-t11: Density, 2 [sigma-t, kg/m^3 ]
# name 20 = oxsatML/L: Oxygen Saturation, Weiss [ml/l]
# name 21 = flag: flag
# span 0 =          2,      52165       
# span 1 =      0.285,    286.523       
# span 2 =     0.6836,     2.7119       
# span 3 =     0.6782,     2.7074       
# span 4 =   2.853451,   3.107532       
# span 5 =   2.852938,   3.107018       
# span 6 =     1.8253,     2.2029       
# span 7 =     2.1447,     2.6056       
# span 8 =      8.024,      8.154       
# span 9 =     0.8850,     4.7006       
# span 10 =    -2.8130,   482.1870      
# span 11 = 1.0654e-01, 5.9241e-01      
# span 12 =     0.0768,     0.8583      
# span 13 =    80.6880,    98.0987      
# span 14 =     6.0877,     7.8763      
# span 15 =     6.1496,     7.9007      
# span 16 =    32.7218,    34.4337      
# span 17 =    32.7189,    34.4319      
# span 18 =    26.1628,    27.4588      
# span 19 =    26.1594,    27.4578      
# span 20 =    7.52878,    7.97508      
# span 21 = 0.0000e+00, 0.0000e+00      
# interval = scans: 3                   
# start_time = Nov 28 2020 06:48:15 [System UTC, header]
# bad_flag = -9.990e-29
*END*
[from data line 5597]
      37339     37.764     1.9917     1.9868   2.901198   2.900693     2.1823     2.5923      8.154     3.8866   481.2790 1.0715e-01     0.1656    95.9430     7.7081     7.8238    32.7764    32.7752    26.1910    26.1904    7.75371 0.0000e+00
      37342     37.736     1.9916     1.9869   2.901202   2.900680     2.1835     2.5919      8.154     3.9069   481.2395 1.0715e-01     0.1660    95.9343     7.7137     7.8211    32.7765    32.7749    26.1911    26.1902    7.75372 0.0000e+00
      37345     37.706     1.9914     1.9872   2.901162   2.900704     2.1843     2.5911      8.154     4.1511   481.2790 1.0715e-01     0.1660    95.9343     7.7162     7.8180    32.7762    32.7749    26.1909    26.1902    7.75377 0.0000e+00
      37348     37.676     1.9913     1.9872   2.901158   2.900673     2.1839     2.5919      8.152     4.1613   481.2395 1.0715e-01     0.1660    95.9343     7.7140     7.8221    32.7763    32.7745    26.1909    26.1898    7.75379 0.0000e+00
      37351     37.644     1.9909     1.9871   2.901136   2.900694     2.1835     2.5919      8.154     4.1409   481.2790 1.0715e-01     0.1660    95.9343     7.7153     7.8217    32.7764    32.7749    26.1911    26.1902    7.75386 0.0000e+00
      37354     37.608     1.9907     1.9871   2.901105   2.900688     2.1839     2.5911      8.154     4.1613   481.3184 1.0715e-01     0.1660    95.9343     7.7165     7.8200    32.7764    32.7749    26.1911    26.1901    7.75392 0.0000e+00
      37357     37.567     1.9909     1.9870   2.901102   2.900681     2.1839     2.5911      8.152     4.1511   481.3184 1.0715e-01     0.1660    95.9343     7.7168     7.8195    32.7761    32.7749    26.1909    26.1901    7.75389 0.0000e+00
      37360     37.524     1.9909     1.9871   2.901125   2.900702     2.1839     2.5907      8.152     4.1613   481.3579 1.0715e-01     0.1660    95.9343     7.7196     7.8163    32.7764    32.7751    26.1911    26.1903    7.75387 0.0000e+00
      37363     37.479     1.9910     1.9871   2.901131   2.900696     2.1831     2.5915      8.154     4.1613   481.3184 1.0715e-01     0.1660    95.9343     7.7154     7.8212    32.7764    32.7750    26.1911    26.1902    7.75384 0.0000e+00
      37366     37.430     1.9911     1.9872   2.901127   2.900698     2.1835     2.5911      8.154     4.1409   481.2395 1.0715e-01     0.1671    95.9082     7.7140     7.8213    32.7763    32.7749    26.1910    26.1902    7.75384 0.0000e+00
      37369     37.381     1.9910     1.9872   2.901120   2.900680     2.1839     2.5919      8.152     4.2732   386.8846 1.0715e-01     0.1671    95.9082     7.7151     7.8247    32.7763    32.7747    26.1910    26.1900    7.75385 0.0000e+00
      37372     37.328     1.9906     1.9871   2.901102   2.900688     2.1839     2.5915      8.154     4.4767     5.3592 1.0715e-01     0.1671    95.9082     7.7178     7.8245    32.7765    32.7750    26.1912    26.1902    7.75391 0.0000e+00
      37375     37.273     1.9909     1.9871   2.901092   2.900643     2.1843     2.5915      8.152     4.4666    10.2940 1.0715e-01     0.1671    95.9082     7.7204     7.8267    32.7761    32.7745    26.1908    26.1899    7.75388 0.0000e+00
      37378     37.218     1.9906     1.9870   2.901080   2.900643     2.1831     2.5915      8.152     4.4767    10.2546 1.0715e-01     0.1671    95.9082     7.7165     7.8280    32.7763    32.7747    26.1911    26.1900    7.75393 0.0000e+00
      37381     37.160     1.9906     1.9866   2.901076   2.900597     2.1839     2.5907      8.152     4.4666    10.2546 1.0715e-01     0.1671    95.9082     7.7196     7.8258    32.7763    32.7745    26.1910    26.1899    7.75392 0.0000e+00
      37384     37.102     1.9907     1.9865   2.901054   2.900585     2.1848     2.5915      8.154     4.4666    10.2546 1.0715e-01     0.1678    95.8909     7.7225     7.8279    32.7760    32.7744    26.1908    26.1898    7.75394 0.0000e+00
      37387     37.039     1.9908     1.9866   2.901067   2.900595     2.1843     2.5919      8.152     4.4666    10.2151 1.0715e-01     0.1671    95.9082     7.7174     7.8286    32.7761    32.7745    26.1908    26.1899    7.75391 0.0000e+00
      37390     36.975     1.9906     1.9865   2.901056   2.900597     2.1839     2.5911      8.152     4.4564    10.2151 1.0715e-01     0.1671    95.9082     7.7146     7.8252    32.7762    32.7747    26.1909    26.1901    7.75394 0.0000e+00
      37393     36.911     1.9907     1.9864   2.901058   2.900574     2.1839     2.5919      8.152     4.4564    10.2940 1.0715e-01     0.1671    95.9082     7.7137     7.8286    32.7761    32.7746    26.1909    26.1899    7.75392 0.0000e+00
      37396     36.846     1.9908     1.9861   2.901041   2.900557     2.1843     2.5919      8.154     4.2224   234.1402 1.0715e-01     0.1671    95.9082     7.7158     7.8323    32.7758    32.7747    26.1906    26.1901    7.75391 0.0000e+00
      37399     36.779     1.9908     1.9863   2.901049   2.900538     2.1848     2.5919      8.154     4.1206   482.1870 1.0715e-01     0.1671    95.9082     7.7174     7.8322    32.7760    32.7743    26.1908    26.1897    7.75391 0.0000e+00
      37402     36.709     1.9906     1.9862   2.901042   2.900523     2.1843     2.5919      8.154     4.1308   481.0026 1.0715e-01     0.1671    95.9082     7.7149     7.8306    32.7762    32.7742    26.1909    26.1897    7.75395 0.0000e+00
      37405     36.639     1.9907     1.9862   2.901044   2.900519     2.1839     2.5919      8.151     4.1206   481.2395 1.0715e-01     0.1682    95.8822     7.7129     7.8290    32.7761    32.7742    26.1909    26.1897    7.75393 0.0000e+00
      37408     36.569     1.9907     1.9862   2.901015   2.900493     2.1835     2.5919      8.151     4.1308   481.2395 1.0715e-01     0.1682    95.8822     7.7113     7.8271    32.7758    32.7739    26.1906    26.1894    7.75394 0.0000e+00
      37411     36.495     1.9907     1.9861   2.901028   2.900510     2.1835     2.5919      8.154     4.1206   481.2395 1.0715e-01     0.1675    95.8995     7.7125     7.8266    32.7760    32.7742    26.1908    26.1897    7.75393 0.0000e+00
      37414     36.421     1.9907     1.9862   2.901022   2.900511     2.1848     2.5919      8.152     4.1409   481.2790 1.0715e-01     0.1682    95.8822     7.7191     7.8260    32.7760    32.7742    26.1907    26.1897    7.75393 0.0000e+00
      37417     36.343     1.9907     1.9862   2.901005   2.900507     2.1839     2.5923      8.154     4.1206   481.3184 1.0715e-01     0.1682    95.8822     7.7173     7.8249    32.7758    32.7742    26.1906    26.1897    7.75394 0.0000e+00
      37420     36.266     1.9906     1.9863   2.900990   2.900511     2.1843     2.5932      8.152     4.1003   481.3579 1.0715e-01     0.1675    95.8995     7.7213     7.8272    32.7757    32.7742    26.1906    26.1897    7.75397 0.0000e+00
      37423     36.186     1.9905     1.9863   2.900992   2.900491     2.1839     2.5919      8.154     3.6220   481.2790 1.0715e-01     0.1682    95.8822     7.7219     7.8221    32.7759    32.7740    26.1907    26.1895    7.75397 0.0000e+00
      37426     36.106     1.9905     1.9863   2.900948   2.900474     2.1843     2.5911      8.154     3.5915   481.2395 1.0715e-01     0.1718    95.7952     7.7270     7.8191    32.7754    32.7738    26.1903    26.1894    7.75400 0.0000e+00
      37429     36.026     1.9905     1.9861   2.900958   2.900452     2.1852     2.5923      8.154     3.5814   481.2790 1.0715e-01     0.1733    95.7605     7.7305     7.8233    32.7756    32.7738    26.1904    26.1893    7.75399 0.0000e+00
      37432     35.945     1.9903     1.9861   2.900954   2.900464     2.1839     2.5919      8.152     3.5814   481.2790 1.0715e-01     0.1726    95.7778     7.7232     7.8214    32.7757    32.7740    26.1906    26.1895    7.75401 0.0000e+00
      37435     35.867     1.9905     1.9861   2.900932   2.900448     2.1843     2.5919      8.154     3.5814   481.3184 1.0715e-01     0.1733    95.7605     7.7225     7.8207    32.7754    32.7739    26.1903    26.1894    7.75401 0.0000e+00
      37438     35.788     1.9904     1.9859   2.900911   2.900441     2.1848     2.5919      8.154     3.5712   481.2790 1.0715e-01     0.1733    95.7605     7.7229     7.8188    32.7752    32.7741    26.1901    26.1896    7.75402 0.0000e+00
      37441     35.707     1.9903     1.9858   2.900922   2.900417     2.1856     2.5915      8.152     3.5712   481.3184 1.0715e-01     0.1729    95.7691     7.7273     7.8163    32.7755    32.7738    26.1904    26.1894    7.75404 0.0000e+00
      37444     35.629     1.9904     1.9856   2.900905   2.900329     2.1852     2.5915      8.154     3.5712   481.2395 1.0715e-01     0.1729    95.7691     7.7251     7.8177    32.7752    32.7730    26.1902    26.1888    7.75403 0.0000e+00
      37447     35.551     1.9902     1.9854   2.900886   2.900344     2.1852     2.5923      8.152     3.5915   442.3921 1.0715e-01     0.1671    95.9082     7.7240     7.8234    32.7753    32.7735    26.1902    26.1891    7.75407 0.0000e+00
      37450     35.476     1.9902     1.9857   2.900888   2.900375     2.1848     2.5919      8.154     3.6627    27.2700 1.0715e-01     0.1660    95.9343     7.7180     7.8214    32.7753    32.7736    26.1902    26.1892    7.75406 0.0000e+00
      37453     35.401     1.9905     1.9857   2.900893   2.900388     2.1848     2.5919      8.154     3.6525    10.7678 1.0715e-01     0.1660    95.9343     7.7183     7.8208    32.7751    32.7737    26.1901    26.1893    7.75402 0.0000e+00
      37456     35.326     1.9902     1.9859   2.900884   2.900419     2.1848     2.5919      8.154     3.6525    11.7153 1.0715e-01     0.1660    95.9343     7.7198     7.8219    32.7754    32.7740    26.1903    26.1896    7.75406 0.0000e+00
      37459     35.259     1.9901     1.9860   2.900875   2.900395     2.1852     2.5915      8.154     3.6627    11.6758 1.0715e-01     0.1660    95.9343     7.7226     7.8185    32.7754    32.7737    26.1904    26.1892    7.75408 0.0000e+00
      37462     35.190     1.9901     1.9856   2.900809   2.900333     2.1848     2.5915      8.154     3.6627    11.7548 1.0715e-01     0.1660    95.9343     7.7172     7.8168    32.7746    32.7733    26.1897    26.1890    7.75412 0.0000e+00
      37465     35.127     1.9896     1.9851   2.900729   2.900232     2.1852     2.5911      8.152     3.6424    11.7153 1.0715e-01     0.1656    95.9430     7.7183     7.8139    32.7742    32.7726    26.1894    26.1885    7.75425 0.0000e+00
      37468     35.067     1.9895     1.9846   2.900721   2.900180     2.1852     2.5919      8.152     3.6729    11.7153 1.0715e-01     0.1649    95.9604     7.7222     7.8175    32.7742    32.7725    26.1894    26.1884    7.75426 0.0000e+00
      37471     35.009     1.9892     1.9844   2.900726   2.900143     2.1848     2.5919      8.154     3.6729    11.6758 1.0715e-01     0.1649    95.9604     7.7227     7.8184    32.7745    32.7722    26.1898    26.1882    7.75430 0.0000e+00
      37474     34.956     1.9896     1.9847   2.900752   2.900194     2.1852     2.5919      8.154     3.7848   148.6286 1.0715e-01     0.1646    95.9691     7.7244     7.8196    32.7746    32.7727    26.1897    26.1885    7.75423 0.0000e+00
      37477     34.905     1.9898     1.9847   2.900762   2.900161     2.1848     2.5919      8.154     3.9171   482.1870 1.0715e-01     0.1646    95.9691     7.7196     7.8212    32.7745    32.7723    26.1896    26.1883    7.75419 0.0000e+00
      37480     34.857     1.9895     1.9847   2.900729   2.900168     2.1864     2.5915      8.154     3.9171   480.8447 1.0715e-01     0.1646    95.9691     7.7260     7.8213    32.7744    32.7724    26.1896    26.1884    7.75425 0.0000e+00
      37483     34.814     1.9891     1.9847   2.900719   2.900158     2.1860     2.5907      8.152     3.8967   481.3184 1.0715e-01     0.1646    95.9691     7.7245     7.8216    32.7747    32.7722    26.1898    26.1882    7.75431 0.0000e+00
      37486     34.773     1.9895     1.9848   2.900725   2.900193     2.1843     2.5907      8.154     3.9069   481.2395 1.0715e-01     0.1653    95.9517     7.7181     7.8216    32.7744    32.7726    26.1896    26.1885    7.75425 0.0000e+00
      37489     34.739     1.9895     1.9848   2.900728   2.900203     2.1852     2.5911      8.152     3.9171   481.2395 1.0715e-01     0.1660    95.9343     7.7219     7.8246    32.7744    32.7728    26.1896    26.1886    7.75424 0.0000e+00
      37492     34.710     1.9896     1.9849   2.900724   2.900212     2.1860     2.5919      8.154     3.8967   481.2790 1.0715e-01     0.1660    95.9343     7.7248     7.8288    32.7743    32.7728    26.1895    26.1886    7.75423 0.0000e+00
      37495     34.685     1.9894     1.9851   2.900688   2.900241     2.1860     2.5919      8.152     3.8967   481.2790 1.0715e-01     0.1660    95.9343     7.7243     7.8322    32.7741    32.7730    26.1893    26.1888    7.75428 0.0000e+00
      37524     34.553     1.9896     1.9856   2.900684   2.900345     2.1852     2.5924      8.154     3.9781   481.2395 1.0715e-01     0.1660    95.9343     7.7203     7.8248    32.7738    32.7738    26.1891    26.1894    7.75425 0.0000e+00
      37540     34.476     1.9896     1.9857   2.900695   2.900352     2.1856     2.5932      8.152     4.0087   481.2790 1.0715e-01     0.1660    95.9343     7.7227     7.8220    32.7741    32.7738    26.1893    26.1894    7.75425 0.0000e+00
      37543     34.445     1.9894     1.9857   2.900667   2.900343     2.1856     2.5923      8.154     4.0087   481.3184 1.0715e-01     0.1660    95.9343     7.7243     7.8193    32.7740    32.7737    26.1893    26.1893    7.75430 0.0000e+00
      37546     34.411     1.9895     1.9855   2.900692   2.900326     2.1856     2.5932      8.154     4.0087   481.2395 1.0715e-01     0.1671    95.9082     7.7236     7.8245    32.7742    32.7738    26.1894    26.1894    7.75426 0.0000e+00
      37549     34.374     1.9895     1.9857   2.900703   2.900325     2.1864     2.5932      8.154     3.9985   481.3184 1.0715e-01     0.1693    95.8561     7.7268     7.8276    32.7743    32.7735    26.1895    26.1892    7.75425 0.0000e+00
      37552     34.330     1.9895     1.9856   2.900716   2.900317     2.1856     2.5932      8.154     4.0901   417.4019 1.0715e-01     0.1693    95.8561     7.7212     7.8294    32.7746    32.7736    26.1897    26.1892    7.75425 0.0000e+00
      37555     34.282     1.9897     1.9857   2.900709   2.900331     2.1856     2.5919      8.154     4.2630    16.5317 1.0715e-01     0.1693    95.8561     7.7216     7.8267    32.7743    32.7737    26.1895    26.1893    7.75422 0.0000e+00
      37558     34.227     1.9894     1.9857   2.900672   2.900325     2.1860     2.5928      8.154     4.2427    13.2155 1.0715e-01     0.1693    95.8561     7.7241     7.8321    32.7741    32.7736    26.1894    26.1893    7.75428 0.0000e+00
      37561     34.170     1.9894     1.9856   2.900673   2.900317     2.1860     2.5928      8.152     4.2529    13.3734 1.0715e-01     0.1693    95.8561     7.7221     7.8335    32.7742    32.7737    26.1894    26.1893    7.75428 0.0000e+00
      37564     34.109     1.9894     1.9855   2.900648   2.900278     2.1860     2.5932      8.154     4.2427    13.3734 1.0715e-01     0.1693    95.8561     7.7184     7.8378    32.7739    32.7733    26.1892    26.1891    7.75430 0.0000e+00
      37567     34.044     1.9894     1.9856   2.900650   2.900270     2.1860     2.5932      8.152     4.2427    13.3339 1.0715e-01     0.1682    95.8822     7.7184     7.8405    32.7740    32.7732    26.1893    26.1889    7.75430 0.0000e+00
      37570     33.977     1.9893     1.9853   2.900618   2.900232     2.1860     2.5932      8.154     4.2529    13.2944 1.0715e-01     0.1667    95.9169     7.7157     7.8405    32.7737    32.7730    26.1891    26.1888    7.75433 0.0000e+00
