Datasets/AZMP/HUD120/hud120_2020_052.cnv
* Sea-Bird SBE 9 Data File:
* FileName = C:\CTDDATA\hud120_2020_052.hex
* Software Version Seasave V 7.26.7.110
* Temperature SN = 1697
* Conductivity SN = 4216
* Number of Bytes Per Scan = 30
* Number of Voltage Words = 4
* Number of Scans Averaged by the Deck Unit = 1
* NMEA baud rate = 4800
** VESSEL/TRIP/SEQ STN:  hud120_2020_052
** LATITUDE XX XX.XX: 47 00.00 N
** LONGITUDE XX XX.XX: 044 05.00 W
** SOUNDING DEPTH (M): 0334
** PROBE TYPE: S1146
** CTD NUMBER: 031
** FORMAT: V
** COMMENTS (14 CHAR): FC-30
** BOTTLES:  0
** LEVELS:
** STICKERS:
** VNET: N
** DO2: N
# nquan = 22
# nvalues = 5137                        
# units = specified
# name 0 = scan: Scan Count
# name 1 = prDM: Pressure, Digiquartz [db]
# name 2 = t090C: Temperature [ITS-90, deg C]
# name 3 = t190C: Temperature, 2 [ITS-90, deg C]
# name 4 = c0S/m: Conductivity [S/m]
# name 5 = c1S/m: Conductivity, 2 [S/m]
# name 6 = sbeox0V: Oxygen raw, SBE 43 [V]
# name 7 = sbeox1V: Oxygen raw, SBE 43, 2 [V]
# name 8 = ph: pH
# name 9 = flECO-AFL: Fluorescence, WET Labs ECO-AFL/FL [mg/m^3]
# name 10 = wetCDOM: Fluorescence, WET Labs CDOM [mg/m^3]
# name 11 = par/sat/log: PAR/Logarithmic, Satlantic [umol photons/m^2/sec]
# name 12 = CStarAt0: Beam Attenuation, WET Labs C-Star [1/m]
# name 13 = CStarTr0: Beam Transmission, WET Labs C-Star [%]
# name 14 = sbeox0ML/L: Oxygen, SBE 43 [ml/l], WS = 2
# name 15 = sbeox1ML/L: Oxygen, SBE 43, 2 [ml/l], WS = 2
# name 16 = sal00: Salinity, Practical [PSU]
# name 17 = sal11: Salinity, Practical, 2 [PSU]
# name 18 = sigma-t00: Density [sigma-t, kg/m^3 ]
# name 19 = sigma-t11: Density, 2 [sigma-t, kg/m^3 ]
# name 20 = oxsatML/L: Oxygen Saturation, Weiss [ml/l]
# name 21 = flag: flag
# span 0 =         91,      19733       
# span 1 =      1.875,    330.729       
# span 2 =     4.2124,     7.2178       
# span 3 =     4.2079,     7.2141       
# span 4 =   3.277118,   3.428615       
# span 5 =   3.276645,   3.426447       
# span 6 =     1.7669,     2.2144       
# span 7 =     2.1016,     2.6696       
# span 8 =      7.953,      8.115       
# span 9 =     0.8544,     6.0640       
# span 10 =    -2.8130,   482.1870      
# span 11 = 1.0605e-01, 2.0384e-01      
# span 12 =     0.0768,     0.3523      
# span 13 =    91.5708,    98.0987      
# span 14 =     5.2880,     6.7917      
# span 15 =     5.4511,     7.0153      
# span 16 =    33.6120,    34.9223      
# span 17 =    33.6109,    34.9189      
# span 18 =    26.2976,    27.6616      
# span 19 =    26.2968,    27.6671      
# span 20 =    6.78781,    7.23247      
# span 21 = 0.0000e+00, 0.0000e+00      
# interval = scans: 3                   
# start_time = Nov 23 2020 01:07:02 [System UTC, header]
# bad_flag = -9.990e-29
*END*
[from data line 2963]
      11137    305.105     4.2172     4.2121   3.277310   3.276829     1.8499     2.2057      7.953     0.9358    19.8875 1.0740e-01     0.1103    97.2816     5.9523     6.1294    34.8636    34.8634    27.6547    27.6551    7.23163 0.0000e+00
      11140    304.919     4.2173     4.2119   3.277298   3.276839     1.8499     2.2057      7.953     0.9460    11.2810 1.0727e-01     0.1106    97.2729     5.9524     6.1320    34.8635    34.8637    27.6546    27.6554    7.23161 0.0000e+00
      11143    304.729     4.2176     4.2121   3.277338   3.276833     1.8507     2.2065      7.953     0.9155    11.9127 1.0727e-01     0.1110    97.2642     5.9551     6.1350    34.8638    34.8636    27.6548    27.6552    7.23155 0.0000e+00
      11146    304.538     4.2180     4.2126   3.277372   3.276856     1.8503     2.2061      7.953     0.9053    11.8732 1.0740e-01     0.1103    97.2816     5.9546     6.1336    34.8638    34.8635    27.6548    27.6551    7.23148 0.0000e+00
      11149    304.345     4.2189     4.2132   3.277447   3.276933     1.8499     2.2065      7.953     0.9053    11.8732 1.0727e-01     0.1106    97.2729     5.9491     6.1363    34.8639    34.8638    27.6547    27.6554    7.23131 0.0000e+00
      11152    304.151     4.2189     4.2135   3.277412   3.276917     1.8503     2.2065      7.953     0.9155    11.8732 1.0727e-01     0.1106    97.2729     5.9499     6.1367    34.8636    34.8634    27.6545    27.6549    7.23133 0.0000e+00
      11155    303.957     4.2188     4.2139   3.277402   3.276978     1.8499     2.2057      7.953     0.8952    11.8732 1.0727e-01     0.1106    97.2729     5.9491     6.1326    34.8636    34.8638    27.6545    27.6552    7.23134 0.0000e+00
      11158    303.767     4.2190     4.2144   3.277431   3.276996     1.8503     2.2061      7.953     0.9053    11.8732 1.0727e-01     0.1103    97.2816     5.9474     6.1349    34.8638    34.8636    27.6547    27.6550    7.23129 0.0000e+00
      11161    303.582     4.2199     4.2150   3.277556   3.277055     1.8511     2.2065      7.953     0.9155    10.0572 1.0740e-01     0.1099    97.2903     5.9495     6.1366    34.8644    34.8637    27.6551    27.6550    7.23110 0.0000e+00
      11164    303.403     4.2212     4.2161   3.277640   3.277164     1.8503     2.2065      7.953     0.8952     6.7015 1.0740e-01     0.1099    97.2903     5.9426     6.1352    34.8642    34.8640    27.6547    27.6551    7.23088 0.0000e+00
      11167    303.235     4.2218     4.2175   3.277693   3.277275     1.8507     2.2057      7.955     0.9053     6.7804 1.0727e-01     0.1099    97.2903     5.9441     6.1333    34.8643    34.8639    27.6547    27.6549    7.23078 0.0000e+00
      11170    303.068     4.2219     4.2165   3.277662   3.277139     1.8503     2.2057      7.953     0.9053     6.7804 1.0715e-01     0.1099    97.2903     5.9441     6.1354    34.8639    34.8634    27.6544    27.6546    7.23078 0.0000e+00
      11173    302.909     4.2216     4.2170   3.277612   3.277197     1.8494     2.2061      7.953     0.9053     6.7804 1.0740e-01     0.1103    97.2816     5.9404     6.1376    34.8637    34.8636    27.6543    27.6548    7.23085 0.0000e+00
      11176    302.754     4.2213     4.2174   3.277579   3.277211     1.8503     2.2057      7.953     0.9053     6.7804 1.0715e-01     0.1106    97.2729     5.9444     6.1383    34.8637    34.8635    27.6543    27.6546    7.23090 0.0000e+00
      11179    302.609     4.2208     4.2168   3.277525   3.277166     1.8503     2.2061      7.953     0.9053     6.7804 1.0715e-01     0.1110    97.2642     5.9433     6.1405    34.8637    34.8636    27.6543    27.6548    7.23098 0.0000e+00
      11182    302.474     4.2205     4.2165   3.277480   3.277112     1.8494     2.2069      7.955     0.9053     6.7804 1.0715e-01     0.1110    97.2642     5.9390     6.1429    34.8636    34.8635    27.6543    27.6547    7.23104 0.0000e+00
      11185    302.349     4.2201     4.2160   3.277493   3.277089     1.8499     2.2061      7.953     0.8952     6.7804 1.0727e-01     0.1110    97.2642     5.9408     6.1388    34.8642    34.8638    27.6549    27.6550    7.23109 0.0000e+00
      11188    302.232     4.2203     4.2158   3.277504   3.277073     1.8494     2.2061      7.953     0.8952   297.2672 1.0727e-01     0.1110    97.2642     5.9414     6.1406    34.8642    34.8639    27.6548    27.6551    7.23104 0.0000e+00
      11191    302.127     4.2205     4.2159   3.277491   3.277088     1.8503     2.2073      7.953     0.8952   481.6738 1.0727e-01     0.1110    97.2642     5.9452     6.1452    34.8639    34.8640    27.6546    27.6552    7.23103 0.0000e+00
      11194    302.031     4.2204     4.2161   3.277485   3.277074     1.8503     2.2069      7.953     0.9053   481.0026 1.0727e-01     0.1106    97.2729     5.9477     6.1430    34.8639    34.8637    27.6546    27.6548    7.23104 0.0000e+00
      11197    301.943     4.2202     4.2160   3.277468   3.277080     1.8503     2.2069      7.953     0.9257   481.3184 1.0740e-01     0.1099    97.2903     5.9484     6.1407    34.8640    34.8638    27.6547    27.6550    7.23108 0.0000e+00
      11200    301.862     4.2201     4.2159   3.277470   3.277039     1.8503     2.2069      7.953     0.9460   481.3184 1.0740e-01     0.1099    97.2903     5.9505     6.1410    34.8642    34.8635    27.6548    27.6548    7.23108 0.0000e+00
      11203    301.790     4.2203     4.2160   3.277462   3.277085     1.8499     2.2069      7.953     0.9358   481.3184 1.0740e-01     0.1099    97.2903     5.9512     6.1393    34.8639    34.8640    27.6546    27.6551    7.23106 0.0000e+00
      11206    301.722     4.2205     4.2161   3.277474   3.277066     1.8503     2.2065      7.953     0.9358   481.3579 1.0715e-01     0.1099    97.2903     5.9546     6.1373    34.8639    34.8637    27.6546    27.6549    7.23102 0.0000e+00
      11209    301.658     4.2204     4.2161   3.277478   3.277077     1.8494     2.2065      7.953     0.9257   481.3579 1.0727e-01     0.1099    97.2903     5.9510     6.1385    34.8640    34.8639    27.6548    27.6551    7.23104 0.0000e+00
      11212    301.597     4.2207     4.2161   3.277492   3.277053     1.8503     2.2069      7.953     0.9358   477.2521 1.0727e-01     0.1099    97.2903     5.9539     6.1406    34.8640    34.8636    27.6546    27.6548    7.23100 0.0000e+00
      11215    301.536     4.2204     4.2161   3.277493   3.277063     1.8499     2.2073      7.953     0.9358    62.9986 1.0727e-01     0.1099    97.2903     5.9503     6.1420    34.8643    34.8638    27.6550    27.6550    7.23103 0.0000e+00
      11218    301.477     4.2204     4.2159   3.277517   3.277061     1.8503     2.2065      7.953     0.9257     4.2537 1.0727e-01     0.1103    97.2816     5.9529     6.1397    34.8646    34.8640    27.6552    27.6551    7.23101 0.0000e+00
      11221    301.417     4.2205     4.2162   3.277479   3.277061     1.8507     2.2065      7.953     0.9053     7.5700 1.0715e-01     0.1099    97.2903     5.9554     6.1418    34.8641    34.8637    27.6547    27.6548    7.23102 0.0000e+00
      11224    301.355     4.2205     4.2163   3.277465   3.277079     1.8511     2.2077      7.953     0.9155     7.3726 1.0715e-01     0.1099    97.2903     5.9571     6.1481    34.8640    34.8638    27.6547    27.6549    7.23103 0.0000e+00
      11227    301.296     4.2205     4.2163   3.277477   3.277052     1.8507     2.2069      7.953     0.9053     7.3726 1.0715e-01     0.1099    97.2903     5.9534     6.1462    34.8641    34.8635    27.6548    27.6547    7.23102 0.0000e+00
      11230    301.230     4.2202     4.2161   3.277460   3.277034     1.8515     2.2069      7.953     0.9053     7.3726 1.0740e-01     0.1099    97.2903     5.9572     6.1470    34.8643    34.8636    27.6549    27.6548    7.23106 0.0000e+00
      11233    301.163     4.2203     4.2159   3.277427   3.277034     1.8507     2.2081      7.953     0.9053     7.3726 1.0727e-01     0.1103    97.2816     5.9540     6.1519    34.8638    34.8638    27.6545    27.6550    7.23106 0.0000e+00
      11236    301.092     4.2208     4.2161   3.277475   3.277043     1.8507     2.2081      7.953     0.8952     7.3726 1.0727e-01     0.1088    97.3164     5.9525     6.1515    34.8639    34.8638    27.6546    27.6549    7.23098 0.0000e+00
      11239    301.016     4.2209     4.2159   3.277493   3.277029     1.8503     2.2069      7.953     0.9053    89.8048 1.0727e-01     0.1077    97.3425     5.9474     6.1480    34.8641    34.8638    27.6547    27.6550    7.23095 0.0000e+00
      11242    300.935     4.2207     4.2159   3.277459   3.277027     1.8511     2.2077      7.953     0.9155   475.9493 1.0727e-01     0.1081    97.3338     5.9499     6.1523    34.8639    34.8639    27.6545    27.6551    7.23099 0.0000e+00
      11245    300.848     4.2205     4.2162   3.277501   3.277006     1.8507     2.2085      7.953     0.8952   481.3974 1.0727e-01     0.1081    97.3338     5.9492     6.1522    34.8646    34.8634    27.6551    27.6547    7.23099 0.0000e+00
      11248    300.756     4.2214     4.2161   3.277544   3.277012     1.8507     2.2081      7.953     0.8952   481.2790 1.0715e-01     0.1077    97.3425     5.9505     6.1507    34.8643    34.8635    27.6548    27.6548    7.23086 0.0000e+00
      11251    300.654     4.2213     4.2163   3.277513   3.277029     1.8503     2.2081      7.953     0.9155   481.3579 1.0727e-01     0.1077    97.3425     5.9504     6.1498    34.8641    34.8637    27.6547    27.6549    7.23088 0.0000e+00
      11254    300.546     4.2211     4.2161   3.277472   3.277001     1.8515     2.2081      7.953     0.8952   481.3579 1.0727e-01     0.1081    97.3338     5.9557     6.1488    34.8639    34.8636    27.6545    27.6548    7.23093 0.0000e+00
      11257    300.427     4.2207     4.2162   3.277466   3.277024     1.8515     2.2094      7.953     0.8952   481.3579 1.0740e-01     0.1088    97.3164     5.9585     6.1508    34.8642    34.8638    27.6548    27.6550    7.23097 0.0000e+00
      11260    300.302     4.2204     4.2163   3.277437   3.277025     1.8507     2.2077      7.953     0.9053   481.3579 1.0715e-01     0.1088    97.3164     5.9552     6.1432    34.8643    34.8638    27.6549    27.6549    7.23103 0.0000e+00
      11263    300.173     4.2210     4.2165   3.277437   3.277044     1.8503     2.2094      7.953     0.8952   481.3579 1.0727e-01     0.1088    97.3164     5.9524     6.1466    34.8638    34.8639    27.6544    27.6550    7.23095 0.0000e+00
      11266    300.036     4.2208     4.2169   3.277467   3.277081     1.8515     2.2085      7.955     0.9155   271.8821 1.0727e-01     0.1092    97.3077     5.9588     6.1416    34.8644    34.8640    27.6549    27.6550    7.23095 0.0000e+00
      11269    299.890     4.2219     4.2185   3.277547   3.277235     1.8519     2.2085      7.953     0.9053    -1.2338 1.0740e-01     0.1088    97.3164     5.9623     6.1411    34.8642    34.8642    27.6547    27.6550    7.23076 0.0000e+00
      11272    299.740     4.2229     4.2189   3.277661   3.277248     1.8515     2.2090      7.953     0.9053     5.9513 1.0727e-01     0.1088    97.3164     5.9585     6.1433    34.8646    34.8639    27.6548    27.6548    7.23057 0.0000e+00
      11275    299.584     4.2232     4.2183   3.277624   3.277184     1.8515     2.2085      7.955     0.9053     5.7145 1.0740e-01     0.1088    97.3164     5.9554     6.1406    34.8639    34.8640    27.6543    27.6549    7.23055 0.0000e+00
      11278    299.421     4.2247     4.2184   3.277925   3.277169     1.8511     2.2090      7.953     0.8952     5.7540 1.0727e-01     0.1088    97.3164     5.9520     6.1423    34.8660    34.8637    27.6558    27.6547    7.23019 0.0000e+00
      11281    299.252     4.2294     4.2184   3.278331   3.277174     1.8519     2.2081      7.953     0.9053     5.7145 1.0715e-01     0.1088    97.3164     5.9550     6.1379    34.8659    34.8639    27.6552    27.6548    7.22936 0.0000e+00
      11284    299.078     4.2308     4.2217   3.278389   3.277664     1.8515     2.2077      7.955     0.8952     5.7145 1.0715e-01     0.1088    97.3164     5.9532     6.1354    34.8652    34.8663    27.6545    27.6564    7.22915 0.0000e+00
      11287    298.900     4.2318     4.2258   3.278487   3.277961     1.8515     2.2081      7.953     0.8952     5.7145 1.0727e-01     0.1088    97.3164     5.9500     6.1360    34.8654    34.8656    27.6545    27.6553    7.22895 0.0000e+00
      11290    298.721     4.2318     4.2269   3.278449   3.278078     1.8527     2.2094      7.953     0.9155     5.7540 1.0740e-01     0.1088    97.3164     5.9523     6.1430    34.8650    34.8658    27.6543    27.6554    7.22897 0.0000e+00
      11293    298.540     4.2333     4.2301   3.278726   3.278377     1.8519     2.2090      7.953     0.9155     2.7930 1.0740e-01     0.1088    97.3164     5.9484     6.1415    34.8669    34.8661    27.6556    27.6553    7.22863 0.0000e+00
      11296    298.348     4.2361     4.2312   3.278826   3.278413     1.8511     2.2085      7.953     0.9053     1.6481 1.0727e-01     0.1095    97.2990     5.9447     6.1404    34.8652    34.8655    27.6539    27.6547    7.22821 0.0000e+00
      11299    298.157     4.2340     4.2310   3.278597   3.278394     1.8515     2.2090      7.953     0.8952     1.6876 1.0715e-01     0.1099    97.2903     5.9459     6.1413    34.8647    34.8655    27.6538    27.6547    7.22859 0.0000e+00
      11302    297.963     4.2334     4.2311   3.278564   3.278381     1.8519     2.2090      7.955     0.9053     1.6876 1.0715e-01     0.1099    97.2903     5.9458     6.1399    34.8651    34.8653    27.6541    27.6546    7.22868 0.0000e+00
      11305    297.769     4.2332     4.2311   3.278573   3.278397     1.8515     2.2081      7.953     0.8952     1.6876 1.0727e-01     0.1099    97.2903     5.9442     6.1369    34.8656    34.8656    27.6545    27.6548    7.22870 0.0000e+00
      11308    297.578     4.2339     4.2315   3.278614   3.278434     1.8519     2.2085      7.955     0.9155     1.6876 1.0715e-01     0.1099    97.2903     5.9452     6.1375    34.8654    34.8658    27.6543    27.6549    7.22859 0.0000e+00
      11311    297.389     4.2349     4.2322   3.278737   3.278492     1.8515     2.2090      7.953     0.9053     1.6876 1.0727e-01     0.1099    97.2903     5.9430     6.1360    34.8659    34.8659    27.6546    27.6549    7.22839 0.0000e+00
      11314    297.200     4.2362     4.2326   3.278853   3.278497     1.8515     2.2094      7.953     0.9053     1.6876 1.0715e-01     0.1099    97.2903     5.9429     6.1378    34.8659    34.8656    27.6545    27.6546    7.22815 0.0000e+00
      11317    297.018     4.2364     4.2324   3.278844   3.278470     1.8515     2.2094      7.955     0.8952    26.9542 1.0727e-01     0.1088    97.3164     5.9444     6.1372    34.8658    34.8656    27.6544    27.6546    7.22813 0.0000e+00
      11320    296.844     4.2368     4.2321   3.278868   3.278438     1.8519     2.2085      7.953     0.9053   446.3795 1.0727e-01     0.1077    97.3425     5.9457     6.1335    34.8657    34.8656    27.6542    27.6547    7.22805 0.0000e+00
      11323    296.672     4.2373     4.2319   3.278888   3.278420     1.8511     2.2085      7.953     0.8952   481.3974 1.0727e-01     0.1077    97.3425     5.9380     6.1333    34.8655    34.8657    27.6541    27.6548    7.22798 0.0000e+00
      11326    296.510     4.2373     4.2318   3.278925   3.278387     1.8515     2.2077      7.953     0.9155   481.1605 1.0715e-01     0.1081    97.3338     5.9389     6.1319    34.8660    34.8654    27.6545    27.6546    7.22795 0.0000e+00
      11329    296.358     4.2381     4.2323   3.278981   3.278454     1.8519     2.2094      7.953     0.9053   481.3184 1.0727e-01     0.1077    97.3425     5.9406     6.1370    34.8660    34.8658    27.6543    27.6548    7.22782 0.0000e+00
