Datasets/AZMP/HUD120/hud120_2020_057.cnv
* Sea-Bird SBE 9 Data File:
* FileName = C:\CTDDATA\hud120_2020_057.hex
* Software Version Seasave V 7.26.7.110
* Temperature SN = 1697
* Conductivity SN = 4216
* Number of Bytes Per Scan = 30
* Number of Voltage Words = 4
* Number of Scans Averaged by the Deck Unit = 1
* NMEA baud rate = 4800
** VESSEL/TRIP/SEQ STN:  hud120_2020_057
** LATITUDE XX XX.XX: 47 00.00 N
** LONGITUDE XX XX.XX: 044 59.30 W
** SOUNDING DEPTH (M): 0152
** PROBE TYPE: S1146
** CTD NUMBER: 036
** FORMAT: V
** COMMENTS (14 CHAR): FC-25
** BOTTLES:  0
** LEVELS: 0
** STICKERS:
** VNET: N
** DO2: N
# nquan = 22
# nvalues = 2340                        
# units = specified
# name 0 = scan: Scan Count
# name 1 = prDM: Pressure, Digiquartz [db]
# name 2 = t090C: Temperature [ITS-90, deg C]
# name 3 = t190C: Temperature, 2 [ITS-90, deg C]
# name 4 = c0S/m: Conductivity [S/m]
# name 5 = c1S/m: Conductivity, 2 [S/m]
# name 6 = sbeox0V: Oxygen raw, SBE 43 [V]
# name 7 = sbeox1V: Oxygen raw, SBE 43, 2 [V]
# name 8 = ph: pH
# name 9 = flECO-AFL: Fluorescence, WET Labs ECO-AFL/FL [mg/m^3]
# name 10 = wetCDOM: Fluorescence, WET Labs CDOM [mg/m^3]
# name 11 = par/sat/log: PAR/Logarithmic, Satlantic [umol photons/m^2/sec]
# name 12 = CStarAt0: Beam Attenuation, WET Labs C-Star [1/m]
# name 13 = CStarTr0: Beam Transmission, WET Labs C-Star [%]
# name 14 = sbeox0ML/L: Oxygen, SBE 43 [ml/l], WS = 2
# name 15 = sbeox1ML/L: Oxygen, SBE 43, 2 [ml/l], WS = 2
# name 16 = sal00: Salinity, Practical [PSU]
# name 17 = sal11: Salinity, Practical, 2 [PSU]
# name 18 = sigma-t00: Density [sigma-t, kg/m^3 ]
# name 19 = sigma-t11: Density, 2 [sigma-t, kg/m^3 ]
# name 20 = oxsatML/L: Oxygen Saturation, Weiss [ml/l]
# name 21 = flag: flag
# span 0 =          2,      10836       
# span 1 =      0.405,    147.795       
# span 2 =     3.6573,     7.3061       
# span 3 =     3.6523,     7.3017       
# span 4 =   2.873095,   3.400857       
# span 5 =   2.574013,   3.400332       
# span 6 =     1.8473,     2.2169       
# span 7 =     2.1961,     2.6471       
# span 8 =      7.925,      8.132       
# span 9 =     0.8850,     7.2342       
# span 10 =    -2.8130,   482.1870      
# span 11 = 1.0703e-01, 1.4757e+01      
# span 12 =     0.1074,     0.3977      
# span 13 =    90.5364,    97.3512      
# span 14 =     5.8947,     6.7802      
# span 15 =     6.0419,     6.9520      
# span 16 =    27.6889,    34.5820      
# span 17 =    24.6259,    34.5813      
# span 18 =    21.6317,    27.4794      
# span 19 =    19.2311,    27.4793      
# span 20 =    6.78913,    7.35308      
# span 21 = 0.0000e+00, 0.0000e+00      
# interval = scans: 3                   
# start_time = Nov 23 2020 10:25:47 [System UTC, header]
# bad_flag = -9.990e-29
*END*
[from data line 1317]
       6002    131.400     3.7447     3.7399   3.203446   3.202966     1.8510     2.2014      7.925     0.9257     5.1223 1.0740e-01     0.1523    96.2646     5.9059     6.0756    34.5796    34.5790    27.4778    27.4779    7.32996 0.0000e+00
       6005    131.264     3.7448     3.7400   3.203435   3.203004     1.8510     2.2006      7.926     0.9460     5.1223 1.0727e-01     0.1526    96.2559     5.9057     6.0750    34.5794    34.5794    27.4777    27.4782    7.32995 0.0000e+00
       6008    131.137     3.7448     3.7401   3.203436   3.203003     1.8494     2.2014      7.926     0.9257     4.4906 1.0727e-01     0.1519    96.2733     5.8991     6.0777    34.5795    34.5793    27.4777    27.4781    7.32995 0.0000e+00
       6011    131.017     3.7449     3.7402   3.203443   3.202998     1.8498     2.2014      7.926     0.9460     4.0564 1.0740e-01     0.1523    96.2646     5.9022     6.0761    34.5796    34.5792    27.4778    27.4780    7.32993 0.0000e+00
       6014    130.902     3.7449     3.7404   3.203455   3.202993     1.8502     2.2018      7.926     0.9358     4.0564 1.0740e-01     0.1519    96.2733     5.9042     6.0766    34.5798    34.5790    27.4780    27.4778    7.32992 0.0000e+00
       6017    130.794     3.7450     3.7401   3.203444   3.203005     1.8502     2.2014      7.926     0.9358     4.0564 1.0752e-01     0.1526    96.2559     5.9032     6.0747    34.5796    34.5795    27.4778    27.4782    7.32991 0.0000e+00
       6020    130.693     3.7449     3.7403   3.203412   3.202980     1.8506     2.2023      7.926     0.9257     4.0564 1.0727e-01     0.1519    96.2733     5.9033     6.0794    34.5794    34.5791    27.4777    27.4779    7.32994 0.0000e+00
       6023    130.598     3.7449     3.7401   3.203410   3.202971     1.8498     2.2014      7.926     0.9257     4.0564 1.0727e-01     0.1519    96.2733     5.9024     6.0757    34.5794    34.5793    27.4777    27.4781    7.32995 0.0000e+00
       6026    130.508     3.7447     3.7399   3.203350   3.202937     1.8502     2.2018      7.926     0.9460     4.0564 1.0727e-01     0.1519    96.2733     5.9065     6.0778    34.5790    34.5791    27.4773    27.4779    7.33000 0.0000e+00
       6029    130.424     3.7426     3.7398   3.203124   3.202937     1.8506     2.2023      7.926     0.9460     4.0564 1.0727e-01     0.1519    96.2733     5.9112     6.0799    34.5785    34.5793    27.4772    27.4781    7.33040 0.0000e+00
       6032    130.342     3.7427     3.7395   3.203160   3.202870     1.8506     2.2014      7.926     0.9663     7.5700 1.0715e-01     0.1519    96.2733     5.9117     6.0769    34.5788    34.5788    27.4774    27.4778    7.33036 0.0000e+00
       6035    130.267     3.7436     3.7378   3.203252   3.202530     1.8506     2.2010      7.926     0.9562   420.5208 1.0715e-01     0.1519    96.2733     5.9097     6.0758    34.5791    34.5766    27.4775    27.4762    7.33019 0.0000e+00
       6038    130.193     3.7434     3.7351   3.203174   3.202291     1.8506     2.2014      7.926     0.9765   481.5553 1.0740e-01     0.1505    96.3081     5.9097     6.0787    34.5784    34.5766    27.4770    27.4764    7.33026 0.0000e+00
       6041    130.122     3.7428     3.7362   3.203047   3.202399     1.8506     2.2018      7.926     0.9663   481.0816 1.0715e-01     0.1491    96.3428     5.9101     6.0780    34.5775    34.5768    27.4764    27.4765    7.33041 0.0000e+00
       6044    130.055     3.7400     3.7367   3.202577   3.202507     1.8506     2.2023      7.926     0.9663   481.3579 1.0740e-01     0.1494    96.3342     5.9133     6.0788    34.5749    34.5776    27.4746    27.4771    7.33105 0.0000e+00
       6047    129.990     3.7376     3.7389   3.202350   3.202782     1.8510     2.2023      7.926     0.9460   481.3579 1.0715e-01     0.1491    96.3428     5.9158     6.0812    34.5747    34.5785    27.4747    27.4776    7.33148 0.0000e+00
       6050    129.922     3.7374     3.7396   3.202291   3.202881     1.8506     2.2027      7.926     0.9562   481.3579 1.0727e-01     0.1491    96.3428     5.9130     6.0822    34.5744    34.5790    27.4744    27.4779    7.33155 0.0000e+00
       6053    129.853     3.7387     3.7398   3.202500   3.202869     1.8510     2.2027      7.926     0.9663   481.3579 1.0740e-01     0.1491    96.3428     5.9130     6.0837    34.5755    34.5787    27.4752    27.4776    7.33125 0.0000e+00
       6056    129.781     3.7389     3.7398   3.202468   3.202867     1.8506     2.2027      7.926     0.9765   481.3579 1.0727e-01     0.1491    96.3428     5.9105     6.0847    34.5749    34.5787    27.4747    27.4776    7.33124 0.0000e+00
       6059    129.705     3.7381     3.7380   3.202325   3.202651     1.8506     2.2027      7.926     0.9663   481.3579 1.0727e-01     0.1450    96.4384     5.9092     6.0837    34.5741    34.5781    27.4741    27.4773    7.33143 0.0000e+00
       6062    129.624     3.7373     3.7368   3.202312   3.202408     1.8514     2.2023      7.926     0.9663   481.3579 1.0715e-01     0.1443    96.4558     5.9135     6.0822    34.5748    34.5765    27.4748    27.4762    7.33153 0.0000e+00
       6065    129.537     3.7379     3.7355   3.202390   3.202202     1.8514     2.2014      7.926     0.9562   481.3579 1.0727e-01     0.1443    96.4558     5.9142     6.0789    34.5752    34.5755    27.4750    27.4755    7.33141 0.0000e+00
       6068    129.444     3.7386     3.7346   3.202433   3.202162     1.8522     2.2027      7.926     0.9460   481.3579 1.0727e-01     0.1443    96.4558     5.9178     6.0838    34.5751    34.5760    27.4748    27.4761    7.33130 0.0000e+00
       6071    129.344     3.7385     3.7357   3.202422   3.202359     1.8514     2.2035      7.926     0.9663   481.3579 1.0715e-01     0.1443    96.4558     5.9140     6.0873    34.5750    34.5773    27.4749    27.4770    7.33131 0.0000e+00
       6074    129.237     3.7395     3.7376   3.202674   3.202619     1.8506     2.2027      7.926     0.9663   481.3579 1.0727e-01     0.1447    96.4471     5.9090     6.0846    34.5771    34.5785    27.4764    27.4777    7.33103 0.0000e+00
       6077    129.124     3.7414     3.7387   3.202861   3.202743     1.8510     2.2035      7.926     0.9867   481.3579 1.0740e-01     0.1450    96.4385     5.9104     6.0881    34.5773    34.5788    27.4764    27.4778    7.33067 0.0000e+00
       6080    129.001     3.7415     3.7395   3.202935   3.202758     1.8510     2.2027      7.926     0.9867   481.3579 1.0715e-01     0.1447    96.4471     5.9113     6.0873    34.5782    34.5782    27.4771    27.4773    7.33062 0.0000e+00
       6083    128.870     3.7431     3.7389   3.203053   3.202621     1.8510     2.2035      7.926     0.9969   481.3579 1.0715e-01     0.1447    96.4471     5.9116     6.0910    34.5780    34.5773    27.4767    27.4766    7.33033 0.0000e+00
       6086    128.733     3.7418     3.7366   3.202780   3.202304     1.8518     2.2035      7.926     1.0071   275.3958 1.0752e-01     0.1450    96.4385     5.9159     6.0925    34.5762    34.5760    27.4754    27.4758    7.33066 0.0000e+00
       6089    128.584     3.7397     3.7367   3.202459   3.202370     1.8518     2.2039      7.926     0.9969    -0.8785 1.0740e-01     0.1447    96.4471     5.9176     6.0922    34.5747    34.5767    27.4744    27.4764    7.33111 0.0000e+00
       6092    128.427     3.7383     3.7365   3.202302   3.202340     1.8518     2.2039      7.926     0.9969     6.9383 1.0740e-01     0.1450    96.4385     5.9194     6.0896    34.5743    34.5766    27.4743    27.4764    7.33138 0.0000e+00
       6095    128.267     3.7378     3.7364   3.202224   3.202298     1.8514     2.2039      7.926     0.9765     6.6620 1.0727e-01     0.1450    96.4385     5.9192     6.0905    34.5740    34.5764    27.4741    27.4761    7.33149 0.0000e+00
       6098    128.100     3.7392     3.7364   3.202484   3.202300     1.8510     2.2039      7.926     0.9867     6.6620 1.0727e-01     0.1458    96.4211     5.9160     6.0917    34.5757    34.5764    27.4753    27.4762    7.33115 0.0000e+00
       6101    127.926     3.7372     3.7355   3.201711   3.202016     1.8522     2.2039      7.926     1.0071     6.6620 1.0715e-01     0.1461    96.4124     5.9190     6.0918    34.5687    34.5741    27.4699    27.4744    7.33186 0.0000e+00
       6104    127.750     3.7309     3.7319   3.200886   3.201535     1.8522     2.2051      7.926     0.9867     6.6620 1.0740e-01     0.1461    96.4124     5.9209     6.0975    34.5656    34.5723    27.4681    27.4733    7.33315 0.0000e+00
       6107    127.570     3.7275     3.7270   3.200546   3.200525     1.8526     2.2039      7.926     0.9562     6.6620 1.0727e-01     0.1458    96.4211     5.9233     6.0937    34.5652    34.5655    27.4681    27.4684    7.33378 0.0000e+00
       6110    127.387     3.7257     3.7219   3.200340   3.200059     1.8522     2.2051      7.926     0.9765     6.6620 1.0727e-01     0.1461    96.4124     5.9196     6.1001    34.5647    34.5654    27.4679    27.4688    7.33413 0.0000e+00
       6113    127.205     3.7246     3.7201   3.200192   3.199816     1.8526     2.2043      7.926     0.9562   338.6412 1.0727e-01     0.1458    96.4211     5.9229     6.0979    34.5642    34.5645    27.4676    27.4683    7.33435 0.0000e+00
       6116    127.022     3.7235     3.7187   3.200045   3.199627     1.8522     2.2047      7.926     0.9663   481.9896 1.0715e-01     0.1461    96.4124     5.9245     6.1010    34.5638    34.5639    27.4673    27.4680    7.33458 0.0000e+00
       6119    126.839     3.7225     3.7178   3.199778   3.199446     1.8522     2.2051      7.926     0.9663   481.0026 1.0727e-01     0.1465    96.4037     5.9257     6.1050    34.5618    34.5627    27.4659    27.4671    7.33487 0.0000e+00
       6122    126.655     3.7200     3.7144   3.199331   3.198694     1.8514     2.2059      7.926     0.9663   481.3579 1.0740e-01     0.1465    96.4037     5.9236     6.1085    34.5591    34.5575    27.4640    27.4633    7.33544 0.0000e+00
       6125    126.472     3.7176     3.7116   3.198930   3.198315     1.8522     2.2051      7.926     0.9663   481.3579 1.0727e-01     0.1458    96.4211     5.9281     6.1066    34.5570    34.5560    27.4626    27.4624    7.33599 0.0000e+00
       6128    126.290     3.7156     3.7116   3.198551   3.198484     1.8535     2.2059      7.926     0.9663   481.3579 1.0752e-01     0.1461    96.4124     5.9363     6.1093    34.5547    34.5581    27.4609    27.4641    7.33646 0.0000e+00
       6131    126.115     3.7149     3.7134   3.198531   3.198767     1.8526     2.2059      7.926     0.9663   481.3579 1.0715e-01     0.1454    96.4298     5.9338     6.1094    34.5553    34.5596    27.4615    27.4651    7.33656 0.0000e+00
       6134    125.942     3.7159     3.7134   3.198656   3.198562     1.8526     2.2063      7.926     0.9663   481.3579 1.0715e-01     0.1461    96.4124     5.9331     6.1099    34.5558    34.5573    27.4618    27.4633    7.33635 0.0000e+00
       6137    125.778     3.7132     3.7105   3.198091   3.198034     1.8535     2.2063      7.926     0.9663   459.3681 1.0727e-01     0.1458    96.4211     5.9387     6.1100    34.5520    34.5541    27.4590    27.4610    7.33703 0.0000e+00
       6140    125.612     3.7117     3.7095   3.197921   3.197954     1.8535     2.2072      7.926     0.9562    38.0873 1.0740e-01     0.1407    96.5428     5.9424     6.1115    34.5516    34.5544    27.4589    27.4613    7.33732 0.0000e+00
       6143    125.449     3.7108     3.7072   3.197760   3.197588     1.8539     2.2076      7.926     0.9765     5.3986 1.0715e-01     0.1411    96.5341     5.9445     6.1137    34.5507    34.5524    27.4583    27.4600    7.33752 0.0000e+00
       6146    125.296     3.7094     3.7079   3.197582   3.197760     1.8543     2.2067      7.926     0.9663     7.6095 1.0740e-01     0.1404    96.5515     5.9468     6.1091    34.5501    34.5538    27.4579    27.4610    7.33780 0.0000e+00
       6149    125.151     3.7094     3.7083   3.197632   3.197817     1.8543     2.2076      7.926     0.9663     7.4910 1.0715e-01     0.1407    96.5428     5.9421     6.1105    34.5508    34.5542    27.4585    27.4613    7.33777 0.0000e+00
       6152    125.013     3.7102     3.7080   3.197784   3.196567     1.8547     2.2072      7.926     0.9765     7.4910 1.0752e-01     0.1407    96.5428     5.9444     6.1085    34.5518    34.5396    27.4592    27.4497    7.33757 0.0000e+00
       6155    124.882     3.7100     3.7079   3.197695   3.197709     1.8535     2.2076      7.926     0.9460     7.4910 1.0727e-01     0.1404    96.5515     5.9404     6.1095    34.5510    34.5535    27.4586    27.4608    7.33764 0.0000e+00
       6158    124.759     3.7098     3.7071   3.197669   3.197581     1.8535     2.2076      7.926     0.9257     7.4910 1.0715e-01     0.1397    96.5689     5.9373     6.1091    34.5511    34.5529    27.4587    27.4604    7.33769 0.0000e+00
       6161    124.644     3.7100     3.7061   3.197743   3.197440     1.8551     2.2076      7.926     0.9460     7.4910 1.0727e-01     0.1368    96.6384     5.9426     6.1095    34.5518    34.5523    27.4592    27.4601    7.33762 0.0000e+00
       6164    124.534     3.7101     3.7062   3.197686   3.197435     1.8555     2.2084      7.926     0.9460     6.1882 1.0727e-01     0.1368    96.6384     5.9438     6.1100    34.5511    34.5522    27.4586    27.4599    7.33763 0.0000e+00
       6167    124.434     3.7097     3.7064   3.197635   3.197442     1.8551     2.2084      7.926     0.9257     1.8060 1.0727e-01     0.1368    96.6384     5.9400     6.1097    34.5509    34.5521    27.4586    27.4598    7.33771 0.0000e+00
       6170    124.338     3.7092     3.7062   3.197539   3.197391     1.8551     2.2080      7.926     0.9257     1.9245 1.0740e-01     0.1368    96.6384     5.9394     6.1091    34.5504    34.5518    27.4581    27.4596    7.33783 0.0000e+00
       6173    124.251     3.7096     3.7059   3.197598   3.197311     1.8551     2.2080      7.926     0.9358     1.9245 1.0715e-01     0.1368    96.6384     5.9396     6.1100    34.5507    34.5512    27.4584    27.4592    7.33775 0.0000e+00
       6176    124.168     3.7098     3.7048   3.197648   3.197143     1.8559     2.2088      7.926     0.9358     1.9245 1.0715e-01     0.1368    96.6384     5.9450     6.1138    34.5511    34.5503    27.4587    27.4586    7.33768 0.0000e+00
       6179    124.094     3.7088     3.7047   3.197464   3.197099     1.8555     2.2092      7.926     0.9358     1.9245 1.0727e-01     0.1350    96.6818     5.9443     6.1137    34.5500    34.5500    27.4579    27.4583    7.33792 0.0000e+00
       6182    124.027     3.7085     3.7046   3.197449   3.197123     1.8555     2.2092      7.926     0.9664     1.9245 1.0727e-01     0.1328    96.7340     5.9406     6.1133    34.5502    34.5505    27.4581    27.4587    7.33796 0.0000e+00
       6185    123.966     3.7084     3.7043   3.197395   3.197086     1.8559     2.2092      7.926     0.9867     1.9245 1.0752e-01     0.1328    96.7340     5.9399     6.1110    34.5496    34.5503    27.4576    27.4586    7.33800 0.0000e+00
       6188    123.914     3.7082     3.7046   3.197333   3.197126     1.8555     2.2084      7.926     0.9969     1.9245 1.0727e-01     0.1335    96.7166     5.9390     6.1057    34.5492    34.5505    27.4573    27.4588    7.33807 0.0000e+00
       6191    123.870     3.7079     3.7049   3.197388   3.197144     1.8555     2.2088      7.926     0.9765     5.5171 1.0727e-01     0.1332    96.7253     5.9384     6.1067    34.5501    34.5505    27.4581    27.4587    7.33807 0.0000e+00
       6194    123.832     3.7112     3.7045   3.197926   3.197121     1.8559     2.2100      7.926     0.9867     9.1097 1.0727e-01     0.1332    96.7253     5.9396     6.1112    34.5532    34.5506    27.4602    27.4589    7.33733 0.0000e+00
