Datasets/AZMP/HUD120/hud120_2020_083.cnv
* Sea-Bird SBE 9 Data File:
* FileName = C:\CTDDATA\hud120_2020_083.hex
* Software Version Seasave V 7.26.7.110
* Temperature SN = 1697
* Conductivity SN = 4216
* Number of Bytes Per Scan = 30
* Number of Voltage Words = 4
* Number of Scans Averaged by the Deck Unit = 1
* NMEA baud rate = 4800
** VESSEL/TRIP/SEQ STN:  hun120_2020_083
** LATITUDE XX XX.XX: 47 32.80 N
** LONGITUDE XX XX.XX: 052 35.20 W
** SOUNDING DEPTH (M): 0176
** PROBE TYPE: S1146
** CTD NUMBER: 062
** FORMAT: V
** COMMENTS (14 CHAR): S27-01
** BOTTLES:  0
** LEVELS: 0
** STICKERS:
** VNET: Y
** DO2: N
** NO WATER SAMPLES TAKEN. TWO SETS OF NETS DEPLOYED
# nquan = 22
# nvalues = 3660                        
# units = specified
# name 0 = scan: Scan Count
# name 1 = prDM: Pressure, Digiquartz [db]
# name 2 = t090C: Temperature [ITS-90, deg C]
# name 3 = t190C: Temperature, 2 [ITS-90, deg C]
# name 4 = c0S/m: Conductivity [S/m]
# name 5 = c1S/m: Conductivity, 2 [S/m]
# name 6 = sbeox0V: Oxygen raw, SBE 43 [V]
# name 7 = sbeox1V: Oxygen raw, SBE 43, 2 [V]
# name 8 = ph: pH
# name 9 = flECO-AFL: Fluorescence, WET Labs ECO-AFL/FL [mg/m^3]
# name 10 = wetCDOM: Fluorescence, WET Labs CDOM [mg/m^3]
# name 11 = par/sat/log: PAR/Logarithmic, Satlantic [umol photons/m^2/sec]
# name 12 = CStarAt0: Beam Attenuation, WET Labs C-Star [1/m]
# name 13 = CStarTr0: Beam Transmission, WET Labs C-Star [%]
# name 14 = sbeox0ML/L: Oxygen, SBE 43 [ml/l], WS = 2
# name 15 = sbeox1ML/L: Oxygen, SBE 43, 2 [ml/l], WS = 2
# name 16 = sal00: Salinity, Practical [PSU]
# name 17 = sal11: Salinity, Practical, 2 [PSU]
# name 18 = sigma-t00: Density [sigma-t, kg/m^3 ]
# name 19 = sigma-t11: Density, 2 [sigma-t, kg/m^3 ]
# name 20 = oxsatML/L: Oxygen Saturation, Weiss [ml/l]
# name 21 = flag: flag
# span 0 =         54,      16510       
# span 1 =      0.392,    175.029       
# span 2 =    -0.4617,     4.0477       
# span 3 =    -0.4668,     4.0428       
# span 4 =   2.589396,   2.970766       
# span 5 =   2.722810,   2.970250       
# span 6 =     1.8767,     2.2108       
# span 7 =     2.2182,     2.6192       
# span 8 =      8.023,      8.167       
# span 9 =     1.0376,     3.6424       
# span 10 =    -2.8130,   482.1870      
# span 11 = 1.0715e-01, 2.1462e+01      
# span 12 =     0.0953,     1.9167      
# span 13 =    61.9300,    97.6467      
# span 14 =     6.8657,     7.5614      
# span 15 =     6.9466,     7.7569      
# span 16 =    27.1555,    33.2509      
# span 17 =    31.0792,    33.2501      
# span 18 =    21.5492,    26.7081      
# span 19 =    24.6652,    26.7077      
# span 20 =    7.42277,    8.25460      
# span 21 = 0.0000e+00, 0.0000e+00      
# interval = scans: 3                   
# start_time = Nov 27 2020 11:07:52 [System UTC, header]
# bad_flag = -9.990e-29
*END*
[from data line 3161]
      14517     37.174     4.0365     4.0323   2.969093   2.968656     2.1864     2.6025      8.153     2.3502     2.6351 1.2881e-01     0.1056    97.3946     7.3422     7.5028    31.5560    31.5550    25.0440    25.0436    7.42487 0.0000e+00
      14520     37.140     4.0365     4.0330   2.969107   2.968716     2.1856     2.6025      8.153     2.3298     2.6351 1.4274e-01     0.1056    97.3946     7.3344     7.5031    31.5562    31.5550    25.0441    25.0435    7.42486 0.0000e+00
      14523     37.108     4.0370     4.0334   2.969141   2.968731     2.1868     2.6025      8.155     2.3196     2.6351 1.3484e-01     0.1056    97.3946     7.3405     7.5010    31.5562    31.5548    25.0441    25.0433    7.42478 0.0000e+00
      14526     37.077     4.0372     4.0334   2.969162   2.968711     2.1864     2.6017      8.155     2.3400     2.6351 1.3473e-01     0.1056    97.3946     7.3430     7.4975    31.5563    31.5546    25.0441    25.0431    7.42474 0.0000e+00
      14529     37.048     4.0370     4.0335   2.969146   2.968737     2.1856     2.6025      8.153     2.3298     2.5561 1.3646e-01     0.1031    97.4554     7.3466     7.4996    31.5563    31.5548    25.0442    25.0433    7.42477 0.0000e+00
      14532     37.022     4.0374     4.0338   2.969181   2.968755     2.1864     2.6017      8.153     2.3196    -0.2074 1.4406e-01     0.1013    97.4989     7.3562     7.4964    31.5563    31.5548    25.0441    25.0432    7.42469 0.0000e+00
      14535     36.996     4.0373     4.0336   2.969160   2.968756     2.1872     2.6021      8.155     2.3298    -0.4838 1.4608e-01     0.1017    97.4902     7.3637     7.4984    31.5562    31.5550    25.0440    25.0434    7.42471 0.0000e+00
      14538     36.968     4.0366     4.0333   2.969081   2.968702     2.1860     2.6025      8.155     2.3298    -0.4443 1.4728e-01     0.1020    97.4815     7.3582     7.4991    31.5559    31.5546    25.0439    25.0432    7.42486 0.0000e+00
      14541     36.938     4.0364     4.0332   2.969032   2.968694     2.1860     2.6029      8.152     2.3196    -0.4443 1.3521e-01     0.1013    97.4989     7.3598     7.4996    31.5556    31.5547    25.0436    25.0432    7.42491 0.0000e+00
      14544     36.909     4.0362     4.0339   2.969037   2.968740     2.1864     2.6037      8.155     2.2179    -0.4443 1.4743e-01     0.1017    97.4902     7.3613     7.5039    31.5558    31.5545    25.0438    25.0431    7.42493 0.0000e+00
      14547     36.878     4.0366     4.0348   2.969069   2.968805     2.1868     2.6025      8.155     2.1975    -0.4443 1.4391e-01     0.1020    97.4815     7.3641     7.5011    31.5559    31.5545    25.0439    25.0429    7.42487 0.0000e+00
      14550     36.842     4.0367     4.0367   2.969095   2.968918     2.1864     2.6025      8.153     2.1975    -0.4443 1.4625e-01     0.1017    97.4902     7.3651     7.5012    31.5561    31.5540    25.0439    25.0424    7.42483 0.0000e+00
      14553     36.807     4.0380     4.0360   2.969192   2.968840     2.1868     2.6025      8.155     2.2077    -0.4443 1.5071e-01     0.1013    97.4989     7.3673     7.5005    31.5559    31.5538    25.0437    25.0423    7.42460 0.0000e+00
      14556     36.770     4.0393     4.0340   2.969246   2.968777     2.1868     2.6037      8.155     2.2179    -0.4443 1.4608e-01     0.1009    97.5076     7.3677     7.5030    31.5553    31.5550    25.0432    25.0434    7.42439 0.0000e+00
      14559     36.726     4.0399     4.0358   2.969305   2.968906     2.1872     2.6033      8.153     2.2179    -0.3258 1.4746e-01     0.1013    97.4989     7.3718     7.4990    31.5555    31.5548    25.0432    25.0431    7.42427 0.0000e+00
      14562     36.678     4.0410     4.0376   2.969329   2.968941     2.1876     2.6025      8.155     2.1975    -0.3258 1.5002e-01     0.1006    97.5163     7.3740     7.4956    31.5548    31.5535    25.0426    25.0418    7.42412 0.0000e+00
      14565     36.630     4.0398     4.0363   2.969253   2.968860     2.1885     2.6029      8.155     2.1975    -0.3258 1.6025e-01     0.1009    97.5076     7.3767     7.4976    31.5551    31.5538    25.0429    25.0422    7.42432 0.0000e+00
      14568     36.576     4.0387     4.0369   2.969200   2.968911     2.1868     2.6037      8.155     2.2382    -0.3258 1.5531e-01     0.1027    97.4641     7.3681     7.5010    31.5555    31.5539    25.0434    25.0422    7.42450 0.0000e+00
      14571     36.518     4.0396     4.0375   2.969330   2.968926     2.1881     2.6037      8.155     2.3298    -0.3258 1.5147e-01     0.1063    97.3772     7.3727     7.5017    31.5562    31.5535    25.0438    25.0418    7.42429 0.0000e+00
      14574     36.455     4.0421     4.0381   2.969436   2.968995     2.1881     2.6037      8.153     2.3094    -0.3258 1.6173e-01     0.1063    97.3772     7.3682     7.4987    31.5551    31.5537    25.0427    25.0420    7.42389 0.0000e+00
      14577     36.388     4.0433     4.0393   2.969495   2.969056     2.1881     2.6029      8.153     2.3196    -0.3258 1.5950e-01     0.1067    97.3685     7.3648     7.4925    31.5547    31.5534    25.0422    25.0416    7.42369 0.0000e+00
      14580     36.311     4.0440     4.0392   2.969511   2.969034     2.1889     2.6025      8.155     2.3298    -0.3258 1.6005e-01     0.1067    97.3685     7.3659     7.4891    31.5542    31.5533    25.0418    25.0415    7.42358 0.0000e+00
      14583     36.231     4.0441     4.0394   2.969500   2.969046     2.1885     2.6037      8.155     2.3196    -0.8785 1.6229e-01     0.1067    97.3685     7.3621     7.4947    31.5540    31.5532    25.0416    25.0415    7.42358 0.0000e+00
      14586     36.146     4.0442     4.0397   2.969524   2.969047     2.1881     2.6037      8.155     2.3400    -1.4313 1.6531e-01     0.1067    97.3685     7.3596     7.4928    31.5542    31.5530    25.0418    25.0413    7.42355 0.0000e+00
      14589     36.054     4.0440     4.0395   2.969502   2.969046     2.1881     2.6037      8.155     2.3400    -1.3918 1.6978e-01     0.1053    97.4033     7.3594     7.4907    31.5542    31.5533    25.0418    25.0415    7.42359 0.0000e+00
      14592     35.957     4.0438     4.0396   2.969468   2.969058     2.1889     2.6037      8.155     2.3298    -1.3918 1.7174e-01     0.1035    97.4468     7.3637     7.4896    31.5541    31.5533    25.0418    25.0415    7.42363 0.0000e+00
      14595     35.853     4.0433     4.0394   2.969456   2.969035     2.1881     2.6033      8.155     2.2484    -1.3918 1.7699e-01     0.1038    97.4381     7.3582     7.4877    31.5545    31.5533    25.0421    25.0415    7.42371 0.0000e+00
      14598     35.743     4.0435     4.0394   2.969465   2.969032     2.1872     2.6025      8.155     2.1568    -1.3918 1.7866e-01     0.1035    97.4468     7.3554     7.4834    31.5544    31.5533    25.0420    25.0415    7.42367 0.0000e+00
      14601     35.628     4.0438     4.0392   2.969470   2.969000     2.1885     2.6025      8.155     2.1467    -1.3918 1.7617e-01     0.1035    97.4468     7.3582     7.4837    31.5543    31.5531    25.0419    25.0414    7.42363 0.0000e+00
      14604     35.515     4.0438     4.0386   2.969448   2.968976     2.1881     2.6029      8.155     2.1568    -1.3918 1.8070e-01     0.1035    97.4468     7.3559     7.4838    31.5541    31.5536    25.0417    25.0418    7.42363 0.0000e+00
      14607     35.391     4.0429     4.0386   2.969422   2.968978     2.1885     2.6033      8.155     2.1467    -1.3918 1.8606e-01     0.1038    97.4381     7.3595     7.4843    31.5547    31.5536    25.0423    25.0419    7.42377 0.0000e+00
      14610     35.265     4.0435     4.0389   2.969467   2.969002     2.1885     2.6025      8.155     2.1568     0.6217 1.9417e-01     0.1028    97.4641     7.3594     7.4816    31.5547    31.5537    25.0422    25.0419    7.42365 0.0000e+00
      14613     35.135     4.0438     4.0392   2.969468   2.968990     2.1885     2.6029      8.155     2.1467     1.2139 1.9641e-01     0.1024    97.4728     7.3595     7.4820    31.5545    31.5533    25.0421    25.0415    7.42362 0.0000e+00
      14616     35.001     4.0439     4.0393   2.969481   2.969014     2.1889     2.6029      8.155     2.1467     1.2139 1.9844e-01     0.1024    97.4728     7.3610     7.4817    31.5546    31.5536    25.0421    25.0418    7.42358 0.0000e+00
      14619     34.862     4.0440     4.0394   2.969460   2.969003     2.1889     2.6017      8.155     2.1568     1.2139 2.0475e-01     0.1024    97.4728     7.3629     7.4785    31.5543    31.5534    25.0419    25.0416    7.42358 0.0000e+00
      14622     34.722     4.0441     4.0394   2.969451   2.968903     2.1885     2.6021      8.155     2.1467     1.2139 2.0544e-01     0.1024    97.4728     7.3603     7.4806    31.5542    31.5523    25.0418    25.0407    7.42357 0.0000e+00
      14625     34.580     4.0439     4.0394   2.969457   2.968974     2.1876     2.6025      8.155     2.1568     1.1744 2.0953e-01     0.1031    97.4555     7.3552     7.4802    31.5545    31.5532    25.0421    25.0414    7.42359 0.0000e+00
      14628     34.433     4.0440     4.0394   2.969455   2.968986     2.1885     2.6025      8.155     2.1670     1.2139 2.1172e-01     0.1031    97.4555     7.3585     7.4789    31.5545    31.5534    25.0421    25.0416    7.42358 0.0000e+00
      14631     34.291     4.0440     4.0394   2.969456   2.968989     2.1885     2.6025      8.155     2.1467     1.2139 2.1669e-01     0.1035    97.4468     7.3580     7.4796    31.5545    31.5535    25.0421    25.0417    7.42356 0.0000e+00
      14634     34.141     4.0441     4.0394   2.969442   2.968960     2.1885     2.6017      8.155     2.1568     1.3718 2.2046e-01     0.1035    97.4468     7.3603     7.4771    31.5544    31.5533    25.0420    25.0415    7.42356 0.0000e+00
      14637     33.990     4.0440     4.0393   2.969437   2.968972     2.1885     2.6013      8.155     2.1568     3.1089 2.2744e-01     0.1035    97.4468     7.3625     7.4761    31.5545    31.5536    25.0421    25.0417    7.42358 0.0000e+00
      14640     33.837     4.0439     4.0393   2.969421   2.968964     2.1885     2.6013      8.155     2.1365     3.1089 2.2227e-01     0.1035    97.4468     7.3648     7.4766    31.5545    31.5535    25.0420    25.0417    7.42359 0.0000e+00
      14643     33.685     4.0439     4.0393   2.969404   2.968948     2.1889     2.6021      8.155     2.1467     3.1089 2.3770e-01     0.1035    97.4468     7.3681     7.4809    31.5544    31.5534    25.0419    25.0416    7.42360 0.0000e+00
      14646     33.532     4.0439     4.0394   2.969402   2.968950     2.1889     2.6017      8.155     2.1365     3.1089 2.3802e-01     0.1035    97.4468     7.3681     7.4805    31.5544    31.5535    25.0419    25.0416    7.42359 0.0000e+00
      14649     33.382     4.0439     4.0394   2.969382   2.968927     2.1889     2.6013      8.155     2.0754     3.1089 2.4548e-01     0.1045    97.4207     7.3657     7.4802    31.5542    31.5532    25.0418    25.0415    7.42360 0.0000e+00
      14652     33.232     4.0441     4.0394   2.969363   2.968930     2.1885     2.6013      8.155     2.0958     3.1089 2.4413e-01     0.1067    97.3685     7.3618     7.4827    31.5539    31.5533    25.0415    25.0415    7.42358 0.0000e+00
      14655     33.080     4.0440     4.0395   2.969364   2.968929     2.1889     2.6013      8.155     2.0754     3.1089 2.4606e-01     0.1063    97.3772     7.3639     7.4860    31.5541    31.5533    25.0417    25.0415    7.42359 0.0000e+00
      14658     32.928     4.0442     4.0393   2.969377   2.968911     2.1901     2.6013      8.155     2.0754     3.1089 2.5388e-01     0.1067    97.3685     7.3690     7.4875    31.5541    31.5534    25.0417    25.0416    7.42355 0.0000e+00
      14661     32.782     4.0438     4.0395   2.969374   2.968913     2.1897     2.6013      8.155     2.0754     3.0694 2.5562e-01     0.1067    97.3685     7.3673     7.4871    31.5546    31.5533    25.0421    25.0415    7.42361 0.0000e+00
      14664     32.636     4.0442     4.0394   2.969354   2.968881     2.1897     2.6013      8.155     2.0754     2.9904 2.5863e-01     0.1067    97.3685     7.3680     7.4879    31.5540    31.5530    25.0416    25.0413    7.42356 0.0000e+00
      14667     32.491     4.0439     4.0395   2.969353   2.968854     2.1897     2.6017      8.155     2.0856     2.9904 2.6804e-01     0.1067    97.3685     7.3660     7.4901    31.5544    31.5528    25.0419    25.0411    7.42360 0.0000e+00
      14670     32.352     4.0441     4.0394   2.969334   2.968864     2.1885     2.6025      8.155     2.0856     2.9904 2.6958e-01     0.1042    97.4294     7.3604     7.4957    31.5540    31.5531    25.0417    25.0413    7.42358 0.0000e+00
      14673     32.215     4.0440     4.0392   2.969344   2.968861     2.1889     2.6013      8.155     2.0754     2.9904 2.7088e-01     0.1024    97.4728     7.3623     7.4906    31.5543    31.5533    25.0419    25.0415    7.42359 0.0000e+00
      14676     32.080     4.0439     4.0390   2.969326   2.968859     2.1893     2.6025      8.155     2.0652     2.9904 2.8073e-01     0.1024    97.4728     7.3625     7.4948    31.5542    31.5535    25.0418    25.0417    7.42360 0.0000e+00
      14679     31.950     4.0440     4.0392   2.969335   2.968859     2.1897     2.6025      8.155     2.0347     2.9904 2.7273e-01     0.1024    97.4728     7.3617     7.4958    31.5544    31.5534    25.0419    25.0416    7.42359 0.0000e+00
      14682     31.821     4.0437     4.0393   2.969304   2.968875     2.1897     2.6013      8.155     2.0551     2.9904 2.9062e-01     0.1024    97.4728     7.3612     7.4901    31.5543    31.5535    25.0419    25.0417    7.42363 0.0000e+00
      14685     31.699     4.0438     4.0394   2.969330   2.968852     2.1901     2.6021      8.155     2.0652     2.9904 2.9197e-01     0.1024    97.4728     7.3643     7.4907    31.5546    31.5532    25.0421    25.0414    7.42360 0.0000e+00
      14688     31.581     4.0438     4.0392   2.969304   2.968846     2.1905     2.6025      8.155     2.0551     0.7796 2.9742e-01     0.1024    97.4728     7.3664     7.4917    31.5544    31.5534    25.0420    25.0416    7.42362 0.0000e+00
      14691     31.468     4.0439     4.0391   2.969283   2.968829     2.1885     2.6025      8.155     2.0551    -0.7996 2.9674e-01     0.1056    97.3946     7.3588     7.4907    31.5541    31.5533    25.0417    25.0416    7.42361 0.0000e+00
      14694     31.361     4.0437     4.0393   2.969276   2.968831     2.1905     2.6025      8.155     2.0449    -0.6811 3.0404e-01     0.1060    97.3859     7.3657     7.4921    31.5543    31.5533    25.0418    25.0415    7.42365 0.0000e+00
      14697     31.256     4.0438     4.0391   2.969276   2.968810     2.1897     2.6021      8.155     2.0652    -0.6811 3.0692e-01     0.1067    97.3685     7.3587     7.4928    31.5542    31.5532    25.0418    25.0415    7.42363 0.0000e+00
      14700     31.158     4.0439     4.0388   2.969293   2.968800     2.1897     2.6025      8.155     2.1365    -0.6811 3.1113e-01     0.1063    97.3772     7.3573     7.4953    31.5544    31.5535    25.0420    25.0417    7.42360 0.0000e+00
      14703     31.065     4.0438     4.0391   2.969307   2.968821     2.1893     2.6033      8.155     2.1772    -0.6811 3.2550e-01     0.1060    97.3859     7.3565     7.4999    31.5546    31.5535    25.0422    25.0417    7.42360 0.0000e+00
      14706     30.977     4.0439     4.0392   2.969276   2.968822     2.1901     2.6017      8.155     2.1772    -0.6811 3.2328e-01     0.1067    97.3685     7.3604     7.4948    31.5543    31.5534    25.0418    25.0416    7.42361 0.0000e+00
      14709     30.894     4.0440     4.0390   2.969289   2.968801     2.1897     2.6025      8.155     2.1670    -0.6811 3.1821e-01     0.1060    97.3859     7.3581     7.4979    31.5543    31.5535    25.0419    25.0417    7.42358 0.0000e+00
