Datasets/AZMP/HUD120/hud120_2020_024.cnv
* Sea-Bird SBE 9 Data File:
* FileName = C:\CTDDATA\hud120_2020_024.hex
* Software Version Seasave V 7.26.7.110
* Temperature SN = 1697
* Conductivity SN = 4216
* Number of Bytes Per Scan = 30
* Number of Voltage Words = 4
* Number of Scans Averaged by the Deck Unit = 1
* NMEA baud rate = 4800
** VESSEL/TRIP/SEQ STN:  hud120_2020_024
** LATITUDE XX XX.XX: 44 21.80 N
** LONGITUDE XX XX.XX: 051 06.20 W
** SOUNDING DEPTH (M): 0074
** PROBE TYPE: S1146
** CTD NUMBER: 014
** FORMAT: V
** COMMENTS (14 CHAR): SEGB-10
** BOTTLES:  07
** LEVELS: 5,10,20,30,40,50,BTM
** STICKERS: 439602 - 439608
** VNET: Y
** DO2: N
# nquan = 22
# nvalues = 1585                        
# units = specified
# name 0 = scan: Scan Count
# name 1 = prDM: Pressure, Digiquartz [db]
# name 2 = t090C: Temperature [ITS-90, deg C]
# name 3 = t190C: Temperature, 2 [ITS-90, deg C]
# name 4 = c0S/m: Conductivity [S/m]
# name 5 = c1S/m: Conductivity, 2 [S/m]
# name 6 = sbeox0V: Oxygen raw, SBE 43 [V]
# name 7 = sbeox1V: Oxygen raw, SBE 43, 2 [V]
# name 8 = ph: pH
# name 9 = flECO-AFL: Fluorescence, WET Labs ECO-AFL/FL [mg/m^3]
# name 10 = wetCDOM: Fluorescence, WET Labs CDOM [mg/m^3]
# name 11 = par/sat/log: PAR/Logarithmic, Satlantic [umol photons/m^2/sec]
# name 12 = CStarAt0: Beam Attenuation, WET Labs C-Star [1/m]
# name 13 = CStarTr0: Beam Transmission, WET Labs C-Star [%]
# name 14 = sbeox0ML/L: Oxygen, SBE 43 [ml/l], WS = 2
# name 15 = sbeox1ML/L: Oxygen, SBE 43, 2 [ml/l], WS = 2
# name 16 = sal00: Salinity, Practical [PSU]
# name 17 = sal11: Salinity, Practical, 2 [PSU]
# name 18 = sigma-t00: Density [sigma-t, kg/m^3 ]
# name 19 = sigma-t11: Density, 2 [sigma-t, kg/m^3 ]
# name 20 = oxsatML/L: Oxygen Saturation, Weiss [ml/l]
# name 21 = flag: flag
# span 0 =          5,      25704       
# span 1 =      0.162,     69.442       
# span 2 =     2.9764,    12.1085       
# span 3 =     2.9715,    12.1042       
# span 4 =   1.365792,   3.732814       
# span 5 =   1.922442,   3.732267       
# span 6 =     2.0594,     2.2100       
# span 7 =     2.4070,     2.6132       
# span 8 =      7.934,      8.131       
# span 9 =     1.5870,     4.2630       
# span 10 =    -2.8130,   482.1870      
# span 11 = 1.0678e-01, 2.8339e+02      
# span 12 =     0.0988,     0.7016      
# span 13 =    83.9128,    97.5598      
# span 14 =     5.5725,     8.6058      
# span 15 =     5.3905,     8.6131      
# span 16 =    10.7464,    33.0966      
# span 17 =    15.5821,    33.0538      
# span 18 =     7.8119,    26.1612      
# span 19 =    11.5454,    26.2314      
# span 20 =    6.14011,    7.57528      
# span 21 = 0.0000e+00, 0.0000e+00      
# interval = scans: 3                   
# start_time = Nov 18 2020 14:22:36 [System UTC, header]
# bad_flag = -9.990e-29
*END*
[from data line 396]
       1275     40.130    12.0862    12.0819   3.731734   3.731198     2.1945     2.5934      8.122     3.8357   481.6738 7.2142e+00     0.1249    96.9252     6.0416     6.1246    32.3037    32.3024    24.4796    24.4794    6.14292 0.0000e+00
       1278     40.177    12.0862    12.0817   3.731718   3.731169     2.1945     2.5938      8.122     3.8256   480.9632 7.1477e+00     0.1249    96.9252     6.0404     6.1243    32.3036    32.3022    24.4795    24.4793    6.14293 0.0000e+00
       1281     40.221    12.0859    12.0814   3.731694   3.731140     2.1941     2.5934      8.119     3.8357   481.1211 7.0901e+00     0.1249    96.9252     6.0370     6.1228    32.3036    32.3022    24.4796    24.4794    6.14297 0.0000e+00
       1284     40.262    12.0857    12.0811   3.731678   3.731133     2.1945     2.5930      8.120     3.8459   481.1211 7.0330e+00     0.1249    96.9252     6.0371     6.1195    32.3036    32.3023    24.4796    24.4795    6.14300 0.0000e+00
       1287     40.303    12.0859    12.0812   3.731710   3.731149     2.1941     2.5934      8.122     3.8561   481.1211 6.9763e+00     0.1249    96.9252     6.0348     6.1193    32.3037    32.3024    24.4797    24.4796    6.14296 0.0000e+00
       1290     40.342    12.0856    12.0816   3.731676   3.731209     2.1941     2.5934      8.120     3.8357   481.1211 6.9120e+00     0.1253    96.9165     6.0335     6.1195    32.3036    32.3026    24.4796    24.4797    6.14300 0.0000e+00
       1293     40.383    12.0859    12.0817   3.731694   3.731203     2.1937     2.5934      8.122     3.7645   481.1211 6.8722e+00     0.1264    96.8905     6.0303     6.1194    32.3036    32.3024    24.4796    24.4795    6.14297 0.0000e+00
       1296     40.427    12.0855    12.0817   3.731669   3.731211     2.1929     2.5934      8.122     3.5712   481.1211 6.8484e+00     0.1271    96.8731     6.0252     6.1198    32.3036    32.3025    24.4797    24.4795    6.14302 0.0000e+00
       1299     40.470    12.0854    12.0818   3.731664   3.731175     2.1929     2.5926      8.122     3.5712   481.1211 6.8326e+00     0.1267    96.8818     6.0246     6.1176    32.3036    32.3020    24.4797    24.4792    6.14303 0.0000e+00
       1302     40.516    12.0855    12.0813   3.731678   3.731142     2.1929     2.5926      8.120     3.5712   481.1211 6.8089e+00     0.1267    96.8818     6.0242     6.1177    32.3037    32.3021    24.4798    24.4793    6.14302 0.0000e+00
       1305     40.566    12.0859    12.0811   3.731673   3.731133     2.1925     2.5930      8.122     3.5814   481.1211 6.8010e+00     0.1264    96.8905     6.0225     6.1197    32.3033    32.3022    24.4794    24.4794    6.14298 0.0000e+00
       1308     40.617    12.0858    12.0809   3.731673   3.731115     2.1929     2.5922      8.120     3.5814   481.1211 6.7775e+00     0.1271    96.8731     6.0238     6.1181    32.3033    32.3022    24.4794    24.4794    6.14300 0.0000e+00
       1311     40.670    12.0852    12.0811   3.731630   3.731120     2.1925     2.5922      8.120     3.5712   481.1211 6.7619e+00     0.1256    96.9079     6.0226     6.1186    32.3034    32.3020    24.4796    24.4793    6.14307 0.0000e+00
       1314     40.731    12.0850    12.0808   3.731585   3.731071     2.1921     2.5934      8.120     3.5712   481.1211 6.7462e+00     0.1228    96.9774     6.0225     6.1222    32.3032    32.3018    24.4794    24.4792    6.14311 0.0000e+00
       1317     40.793    12.0845    12.0806   3.731578   3.731062     2.1917     2.5926      8.122     3.5814   481.1211 6.7384e+00     0.1231    96.9687     6.0234     6.1210    32.3035    32.3019    24.4797    24.4793    6.14316 0.0000e+00
       1320     40.859    12.0836    12.0796   3.731508   3.731012     2.1921     2.5930      8.122     3.5101   481.1211 6.7151e+00     0.1228    96.9774     6.0259     6.1228    32.3035    32.3022    24.4800    24.4796    6.14327 0.0000e+00
       1323     40.930    12.0832    12.0789   3.731468   3.730955     2.1921     2.5930      8.122     3.4389   481.1211 6.6919e+00     0.1231    96.9687     6.0273     6.1228    32.3035    32.3023    24.4800    24.4799    6.14333 0.0000e+00
       1326     41.009    12.0827    12.0786   3.731471   3.730916     2.1909     2.5922      8.122     3.4491   481.1211 6.6764e+00     0.1228    96.9774     6.0253     6.1195    32.3039    32.3021    24.4804    24.4798    6.14338 0.0000e+00
       1329     41.091    12.0826    12.0784   3.731460   3.730930     2.1913     2.5930      8.119     3.4389   481.1211 6.6456e+00     0.1228    96.9774     6.0290     6.1208    32.3039    32.3024    24.4804    24.4801    6.14339 0.0000e+00
       1332     41.179    12.0826    12.0783   3.731472   3.730901     2.1909     2.5934      8.122     3.4593   481.1211 6.5997e+00     0.1253    96.9166     6.0302     6.1204    32.3039    32.3022    24.4804    24.4799    6.14338 0.0000e+00
       1335     41.269    12.0821    12.0773   3.731408   3.730858     2.1905     2.5926      8.122     3.4491   481.1211 6.5464e+00     0.1260    96.8992     6.0318     6.1162    32.3038    32.3025    24.4804    24.4804    6.14347 0.0000e+00
       1338     41.364    12.0812    12.0770   3.731365   3.730793     2.1917     2.5926      8.120     3.4389   481.1211 6.4862e+00     0.1260    96.8992     6.0385     6.1144    32.3040    32.3022    24.4808    24.4802    6.14356 0.0000e+00
       1341     41.464    12.0804    12.0763   3.731247   3.730710     2.1917     2.5934      8.120     3.4287   481.1211 6.4340e+00     0.1260    96.8992     6.0392     6.1158    32.3035    32.3019    24.4806    24.4801    6.14369 0.0000e+00
       1344     41.567    12.0794    12.0752   3.731204   3.730643     2.1913     2.5922      8.122     3.4389   481.1211 6.3673e+00     0.1260    96.8992     6.0368     6.1121    32.3039    32.3022    24.4811    24.4805    6.14381 0.0000e+00
       1347     41.677    12.0789    12.0745   3.731168   3.730603     2.1917     2.5922      8.122     3.3778   481.1211 6.3306e+00     0.1260    96.8992     6.0395     6.1103    32.3040    32.3024    24.4812    24.4808    6.14387 0.0000e+00
       1350     41.789    12.0784    12.0737   3.731111   3.730536     2.1925     2.5918      8.122     3.3473   110.6892 6.2651e+00     0.1260    96.8992     6.0410     6.1069    32.3038    32.3024    24.4811    24.4809    6.14394 0.0000e+00
       1353     41.903    12.0780    12.0734   3.731092   3.730512     2.1925     2.5914      8.122     3.3575    12.1890 6.2218e+00     0.1206    97.0295     6.0395     6.1040    32.3039    32.3023    24.4813    24.4810    6.14398 0.0000e+00
       1356     42.019    12.0774    12.0731   3.731040   3.730480     2.1925     2.5910      8.119     3.3575    16.3343 6.1645e+00     0.1195    97.0556     6.0375     6.1025    32.3039    32.3022    24.4814    24.4809    6.14407 0.0000e+00
       1359     42.137    12.0767    12.0724   3.730976   3.730385     2.1929     2.5910      8.120     3.3372    16.1369 6.1007e+00     0.1195    97.0556     6.0361     6.1016    32.3039    32.3019    24.4815    24.4808    6.14416 0.0000e+00
       1362     42.257    12.0759    12.0714   3.730894   3.730308     2.1925     2.5902      8.122     3.3473    16.1369 6.0167e+00     0.1195    97.0556     6.0324     6.0981    32.3037    32.3020    24.4815    24.4811    6.14427 0.0000e+00
       1365     42.376    12.0749    12.0704   3.730826   3.730275     2.1917     2.5910      8.120     3.3677    16.1369 5.9612e+00     0.1195    97.0556     6.0283     6.1006    32.3039    32.3025    24.4818    24.4816    6.14440 0.0000e+00
       1368     42.496    12.0742    12.0697   3.730773   3.730204     2.1913     2.5906      8.120     3.3473    16.1369 5.9406e+00     0.1195    97.0556     6.0249     6.0996    32.3039    32.3023    24.4820    24.4816    6.14449 0.0000e+00
       1371     42.618    12.0733    12.0688   3.730694   3.730124     2.1921     2.5889      8.119     3.3270    16.1369 5.8927e+00     0.1199    97.0469     6.0259     6.0939    32.3039    32.3023    24.4822    24.4818    6.14461 0.0000e+00
       1374     42.739    12.0725    12.0682   3.730627   3.730080     2.1905     2.5885      8.120     3.0319    60.7877 5.8520e+00     0.1213    97.0122     6.0184     6.0922    32.3039    32.3023    24.4823    24.4819    6.14471 0.0000e+00
       1377     42.859    12.0718    12.0676   3.730572   3.730030     2.1913     2.5894      8.122     3.0420   460.3551 5.8317e+00     0.1217    97.0035     6.0204     6.0934    32.3039    32.3024    24.4825    24.4820    6.14480 0.0000e+00
       1380     42.978    12.0709    12.0667   3.730475   3.729955     2.1905     2.5885      8.122     3.0420   481.5553 5.8048e+00     0.1213    97.0122     6.0162     6.0885    32.3037    32.3023    24.4825    24.4822    6.14493 0.0000e+00
       1383     43.097    12.0697    12.0654   3.730359   3.729801     2.1909     2.5873      8.122     3.0420   481.0026 5.7981e+00     0.1213    97.0122     6.0166     6.0831    32.3036    32.3019    24.4826    24.4821    6.14509 0.0000e+00
       1386     43.217    12.0674    12.0630   3.730140   3.729596     2.1905     2.5881      8.119     3.0217   481.1211 5.7981e+00     0.1210    97.0208     6.0144     6.0839    32.3034    32.3020    24.4829    24.4826    6.14540 0.0000e+00
       1389     43.338    12.0647    12.0603   3.729935   3.729379     2.1905     2.5873      8.122     3.0319   481.1211 5.7780e+00     0.1210    97.0208     6.0133     6.0792    32.3037    32.3022    24.4836    24.4833    6.14574 0.0000e+00
       1392     43.458    12.0627    12.0583   3.729755   3.729204     2.1901     2.5865      8.122     3.0319   481.1211 5.7647e+00     0.1217    97.0035     6.0093     6.0749    32.3036    32.3022    24.4840    24.4837    6.14600 0.0000e+00
       1395     43.574    12.0588    12.0549   3.729364   3.728850     2.1897     2.5861      8.117     3.0319   481.1211 5.7314e+00     0.1217    97.0035     6.0069     6.0720    32.3032    32.3017    24.4844    24.4839    6.14653 0.0000e+00
       1398     43.689    12.0543    12.0505   3.728973   3.728482     2.1893     2.5853      8.122     3.0014   481.1211 5.7314e+00     0.1217    97.0035     6.0046     6.0664    32.3033    32.3018    24.4853    24.4848    6.14712 0.0000e+00
       1401     43.807    12.0506    12.0468   3.728670   3.728172     2.1889     2.5845      8.119     2.9709   319.6518 5.7050e+00     0.1217    97.0035     6.0012     6.0622    32.3035    32.3020    24.4861    24.4857    6.14759 0.0000e+00
       1404     43.925    12.0467    12.0432   3.728352   3.727915     2.1880     2.5828      8.117     2.9709    -2.8130 5.6984e+00     0.1217    97.0035     5.9964     6.0568    32.3038    32.3026    24.4871    24.4868    6.14809 0.0000e+00
       1407     44.044    12.0434    12.0412   3.728060   3.727747     2.1876     2.5828      8.119     2.9607    -2.5366 5.6787e+00     0.1217    97.0035     5.9947     6.0561    32.3038    32.3027    24.4877    24.4872    6.14853 0.0000e+00
       1410     44.165    12.0406    12.0377   3.727789   3.727370     2.1868     2.5820      8.122     2.9607    -1.7471 5.6460e+00     0.1217    97.0035     5.9928     6.0540    32.3035    32.3020    24.4880    24.4874    6.14890 0.0000e+00
       1413     44.288    12.0356    12.0328   3.727341   3.726934     2.1868     2.5804      8.119     2.9709    -1.8655 5.6134e+00     0.1199    97.0469     5.9935     6.0506    32.3035    32.3020    24.4889    24.4882    6.14956 0.0000e+00
       1416     44.412    12.0303    12.0268   3.726877   3.726448     2.1852     2.5792      8.119     2.9810    -1.8655 5.5746e+00     0.1188    97.0730     5.9891     6.0492    32.3036    32.3024    24.4900    24.4897    6.15025 0.0000e+00
       1419     44.538    12.0254    12.0217   3.726459   3.725974     2.1860     2.5784      8.118     2.9607    -1.8260 5.5297e+00     0.1185    97.0817     5.9925     6.0497    32.3037    32.3023    24.4910    24.4905    6.15089 0.0000e+00
       1422     44.669    12.0186    12.0146   3.725814   3.725327     2.1848     2.5775      8.118     2.9607    -1.8655 5.4724e+00     0.1185    97.0817     5.9898     6.0504    32.3033    32.3021    24.4919    24.4918    6.15179 0.0000e+00
       1425     44.803    12.0108    12.0065   3.725086   3.724582     2.1844     2.5775      8.119     2.9301    -1.8655 5.4283e+00     0.1185    97.0817     5.9908     6.0543    32.3030    32.3019    24.4931    24.4930    6.15283 0.0000e+00
       1428     44.940    12.0023    11.9986   3.724385   3.723947     2.1836     2.5763      8.118     2.9098   291.5032 5.3783e+00     0.1185    97.0817     5.9902     6.0552    32.3036    32.3025    24.4952    24.4950    6.15392 0.0000e+00
       1431     45.079    11.9932    11.9899   3.723526   3.723121     2.1844     2.5763      8.119     2.8996   482.1870 5.3166e+00     0.1192    97.0643     5.9951     6.0583    32.3030    32.3020    24.4964    24.4963    6.15513 0.0000e+00
       1434     45.220    11.9779    11.9754   3.722026   3.721665     2.1836     2.5759      8.118     2.9098   480.8052 5.2433e+00     0.1221    96.9948     5.9952     6.0622    32.3017    32.3004    24.4983    24.4977    6.15719 0.0000e+00
       1437     45.366    11.9605    11.9579   3.720460   3.720103     2.1832     2.5743      8.118     2.9098   481.1211 5.1710e+00     0.1217    97.0035     5.9963     6.0626    32.3016    32.3004    24.5014    24.5010    6.15948 0.0000e+00
       1440     45.516    11.9392    11.9362   3.718482   3.718124     2.1823     2.5751      8.118     2.9098   481.1211 5.1057e+00     0.1217    97.0035     5.9969     6.0687    32.3010    32.3000    24.5048    24.5047    6.16232 0.0000e+00
       1443     45.669    11.9119    11.9094   3.715831   3.715587     2.1815     2.5747      8.120     2.9098   481.1211 5.0237e+00     0.1224    96.9861     5.9981     6.0725    32.2989    32.2987    24.5083    24.5087    6.16598 0.0000e+00
       1446     45.828    11.8779    11.8766   3.712794   3.712630     2.1819     2.5735      8.118     2.9098   481.1211 4.9603e+00     0.1217    97.0035     6.0049     6.0738    32.2989    32.2985    24.5146    24.5145    6.17046 0.0000e+00
       1449     45.990    11.8414    11.8413   3.709684   3.709586     2.1815     2.5739      8.118     2.9098   481.1211 4.8582e+00     0.1217    97.0035     6.0087     6.0796    32.3005    32.2996    24.5226    24.5219    6.17522 0.0000e+00
       1452     46.155    11.8113    11.8098   3.707290   3.707057     2.1807     2.5735      8.118     2.7572   477.8048 4.7691e+00     0.1217    97.0035     6.0101     6.0832    32.3033    32.3024    24.5303    24.5299    6.17909 0.0000e+00
       1455     46.320    11.7834    11.7815   3.704675   3.704439     2.1807     2.5727      8.119     2.7470    64.9725 4.6710e+00     0.1188    97.0730     6.0148     6.0847    32.3021    32.3015    24.5345    24.5343    6.18282 0.0000e+00
       1458     46.488    11.7409    11.7411   3.700782   3.700773     2.1803     2.5727      8.119     2.7673     4.5696 4.5588e+00     0.1195    97.0556     6.0219     6.0906    32.3012    32.3009    24.5415    24.5413    6.18849 0.0000e+00
       1461     46.662    11.7046    11.7045   3.697673   3.697766     2.1795     2.5718      8.119     2.7673     7.8858 4.4908e+00     0.1195    97.0556     6.0254     6.0931    32.3025    32.3034    24.5492    24.5500    6.19325 0.0000e+00
       1464     46.834    11.6625    11.6647   3.693896   3.694151     2.1799     2.5714      8.116     2.7673     7.7279 4.4136e+00     0.1195    97.0556     6.0345     6.0960    32.3023    32.3029    24.5568    24.5568    6.19886 0.0000e+00
