Datasets/AZMP/HUD120/hud120_2020_086.cnv
* Sea-Bird SBE 9 Data File:
* FileName = C:\CTDDATA\hud120_2020_086.hex
* Software Version Seasave V 7.26.7.110
* Temperature SN = 1697
* Conductivity SN = 4216
* Number of Bytes Per Scan = 30
* Number of Voltage Words = 4
* Number of Scans Averaged by the Deck Unit = 1
* NMEA baud rate = 4800
** VESSEL/TRIP/SEQ STN:  hud120_2020_086
** LATITUDE XX XX.XX: 48 44.00 N
** LONGITUDE XX XX.XX W: 052 58.00 W
** SOUNDING DEPTH (M): 0106
** PROBE TYPE: S1146
** CTD NUMBER: 063
** FORMAT: V
** COMMENTS (14 CHAR): BB-01
** BOTTLES:  8
** LEVELS: 5,10,20,30,40,50,75,BTM
** STICKERS: 439938 - 439945
** VNET: Y
** DO2: Y
# nquan = 22
# nvalues = 2162                        
# units = specified
# name 0 = scan: Scan Count
# name 1 = prDM: Pressure, Digiquartz [db]
# name 2 = t090C: Temperature [ITS-90, deg C]
# name 3 = t190C: Temperature, 2 [ITS-90, deg C]
# name 4 = c0S/m: Conductivity [S/m]
# name 5 = c1S/m: Conductivity, 2 [S/m]
# name 6 = sbeox0V: Oxygen raw, SBE 43 [V]
# name 7 = sbeox1V: Oxygen raw, SBE 43, 2 [V]
# name 8 = ph: pH
# name 9 = flECO-AFL: Fluorescence, WET Labs ECO-AFL/FL [mg/m^3]
# name 10 = wetCDOM: Fluorescence, WET Labs CDOM [mg/m^3]
# name 11 = par/sat/log: PAR/Logarithmic, Satlantic [umol photons/m^2/sec]
# name 12 = CStarAt0: Beam Attenuation, WET Labs C-Star [1/m]
# name 13 = CStarTr0: Beam Transmission, WET Labs C-Star [%]
# name 14 = sbeox0ML/L: Oxygen, SBE 43 [ml/l], WS = 2
# name 15 = sbeox1ML/L: Oxygen, SBE 43, 2 [ml/l], WS = 2
# name 16 = sal00: Salinity, Practical [PSU]
# name 17 = sal11: Salinity, Practical, 2 [PSU]
# name 18 = sigma-t00: Density [sigma-t, kg/m^3 ]
# name 19 = sigma-t11: Density, 2 [sigma-t, kg/m^3 ]
# name 20 = oxsatML/L: Oxygen Saturation, Weiss [ml/l]
# name 21 = flag: flag
# span 0 =        104,      23763       
# span 1 =      2.876,     98.015       
# span 2 =     0.9525,     4.1394       
# span 3 =     0.9558,     4.1357       
# span 4 =   2.791935,   2.962806       
# span 5 =   2.792519,   2.963465       
# span 6 =     2.0883,     2.2027       
# span 7 =     2.4774,     2.6185       
# span 8 =      8.137,      8.181       
# span 9 =     1.3734,     2.9505       
# span 10 =    -2.8130,   482.1870      
# span 11 = 1.0629e-01, 4.5810e-01      
# span 12 =     0.0889,     0.1353      
# span 13 =    96.6732,    97.8031      
# span 14 =     7.3354,     7.6171      
# span 15 =     7.2394,     7.7685      
# span 16 =    31.3976,    32.4423      
# span 17 =    31.3964,    32.4464      
# span 18 =    24.9083,    25.9918      
# span 19 =    24.9076,    25.9949      
# span 20 =    7.41374,    7.98335      
# span 21 = 0.0000e+00, 0.0000e+00      
# interval = scans: 3                   
# start_time = Nov 27 2020 20:33:33 [System UTC, header]
# bad_flag = -9.990e-29
*END*
[from data line 1976]
      19184     15.521     4.0176     4.0676   2.956725   2.959638     2.1944     2.6157      8.174     2.3807   481.5553 1.0715e-01     0.1195    97.0556     7.3705     7.5188    31.4399    31.4262    24.9535    24.9378    7.43407 0.0000e+00
      19187     15.422     4.0362     4.0926   2.957918   2.960860     2.1944     2.6157      8.174     2.4214   481.1211 1.0715e-01     0.1195    97.0556     7.3681     7.5146    31.4361    31.4166    24.9487    24.9278    7.43083 0.0000e+00
      19190     15.321     4.0665     4.1075   2.959983   2.962064     2.1944     2.6153      8.175     2.4315   481.2395 1.0715e-01     0.1195    97.0556     7.3645     7.5089    31.4314    31.4164    24.9420    24.9262    7.42551 0.0000e+00
      19193     15.217     4.0934     4.1158   2.961191   2.962491     2.1948     2.6157      8.175     2.4112   481.2395 1.0715e-01     0.1195    97.0556     7.3649     7.5095    31.4198    31.4135    24.9302    24.9231    7.42115 0.0000e+00
      19196     15.111     4.1027     4.1248   2.962314   2.963358     2.1948     2.6165      8.175     2.4214   481.2790 1.0715e-01     0.1199    97.0469     7.3651     7.5109    31.4241    31.4152    24.9328    24.9235    7.41923 0.0000e+00
      19199     15.008     4.1107     4.1299   2.962170   2.963465     2.1956     2.6161      8.176     2.4112   481.2790 1.0715e-01     0.1195    97.0556     7.3688     7.5092    31.4148    31.4116    24.9246    24.9202    7.41821 0.0000e+00
      19202     14.901     4.1062     4.1226   2.961999   2.962718     2.1952     2.6157      8.175     2.4214   481.2395 1.0715e-01     0.1199    97.0469     7.3686     7.5094    31.4171    31.4099    24.9269    24.9195    7.41892 0.0000e+00
      19205     14.795     4.1087     4.1046   2.962113   2.961474     2.1948     2.6165      8.178     2.4214   481.2395 1.0715e-01     0.1195    97.0556     7.3675     7.5159    31.4161    31.4127    24.9258    24.9235    7.41851 0.0000e+00
      19208     14.690     4.1025     4.0956   2.961544   2.960897     2.1952     2.6169      8.176     2.4315   481.2790 1.0715e-01     0.1202    97.0382     7.3698     7.5186    31.4154    31.4145    24.9259    24.9258    7.41968 0.0000e+00
      19211     14.586     4.0882     4.0770   2.959762   2.959172     2.1956     2.6161      8.178     2.4112   481.2790 1.0715e-01     0.1195    97.0556     7.3714     7.5204    31.4083    31.4122    24.9217    24.9258    7.42266 0.0000e+00
      19214     14.481     4.0445     4.0311   2.956724   2.955899     2.1956     2.6157      8.178     2.4214   481.2790 1.0715e-01     0.1202    97.0382     7.3765     7.5259    31.4146    31.4178    24.9308    24.9346    7.43036 0.0000e+00
      19217     14.376     4.0155     3.9919   2.954931   2.953717     2.1952     2.6157      8.179     2.4214   481.2790 1.0715e-01     0.1206    97.0295     7.3764     7.5311    31.4215    31.4298    24.9391    24.9480    7.43537 0.0000e+00
      19220     14.272     4.0126     3.9876   2.955455   2.953586     2.1952     2.6157      8.176     2.4112   481.3184 1.0715e-01     0.1206    97.0295     7.3760     7.5315    31.4305    31.4325    24.9465    24.9504    7.43546 0.0000e+00
      19223     14.166     4.0137     3.9800   2.955542   2.953049     2.1960     2.6161      8.179     2.4315   481.2395 1.0715e-01     0.1206    97.0295     7.3779     7.5342    31.4305    31.4335    24.9464    24.9520    7.43526 0.0000e+00
      19226     14.061     4.0164     3.9839   2.955464   2.953558     2.1960     2.6161      8.179     2.4214   481.3184 1.0715e-01     0.1206    97.0295     7.3787     7.5345    31.4270    31.4358    24.9433    24.9534    7.43492 0.0000e+00
      19229     13.959     4.0141     4.0080   2.955435   2.955218     2.1956     2.6161      8.176     2.4214   481.3184 1.0715e-01     0.1206    97.0295     7.3810     7.5299    31.4289    31.4322    24.9451    24.9483    7.43525 0.0000e+00
      19232     13.856     4.0108     4.0166   2.955078   2.955185     2.1948     2.6165      8.177     2.4112   481.3184 1.0715e-01     0.1206    97.0295     7.3773     7.5312    31.4279    31.4236    24.9446    24.9407    7.43591 0.0000e+00
      19235     13.758     4.0115     4.0046   2.955482   2.954234     2.1948     2.6165      8.179     2.4417   481.2790 1.0715e-01     0.1206    97.0295     7.3794     7.5343    31.4321    31.4240    24.9478    24.9421    7.43558 0.0000e+00
      19238     13.664     4.0340     3.9994   2.957364   2.954111     2.1944     2.6153      8.178     2.4214   481.2790 1.0715e-01     0.1181    97.0904     7.3755     7.5306    31.4327    31.4276    24.9461    24.9454    7.43141 0.0000e+00
      19241     13.568     4.0500     4.0041   2.957798   2.954554     2.1948     2.6161      8.178     2.4214   481.3184 1.0715e-01     0.1174    97.1078     7.3746     7.5316    31.4225    31.4283    24.9365    24.9456    7.42898 0.0000e+00
      19244     13.471     4.0479     4.0125   2.957463   2.955041     2.1952     2.6157      8.178     2.4112   481.2395 1.0715e-01     0.1174    97.1078     7.3761     7.5270    31.4206    31.4261    24.9353    24.9430    7.42946 0.0000e+00
      19247     13.373     4.0468     4.0214   2.957514   2.955630     2.1948     2.6161      8.177     2.4214   481.2790 1.0715e-01     0.1178    97.0991     7.3741     7.5257    31.4222    31.4245    24.9367    24.9409    7.42957 0.0000e+00
      19250     13.277     4.0483     4.0343   2.957783   2.956647     2.1960     2.6169      8.177     2.4214   481.2395 1.0715e-01     0.1178    97.0991     7.3809     7.5246    31.4240    31.4241    24.9380    24.9394    7.42921 0.0000e+00
      19253     13.183     4.0600     4.0528   2.958457   2.957737     2.1968     2.6165      8.178     2.4214   481.2790 1.0715e-01     0.1174    97.1078     7.3832     7.5189    31.4207    31.4193    24.9342    24.9337    7.42722 0.0000e+00
      19256     13.085     4.0612     4.0608   2.958360   2.958089     2.1956     2.6157      8.177     2.4214   481.1605 1.0715e-01     0.1185    97.0817     7.3817     7.5140    31.4185    31.4157    24.9323    24.9301    7.42711 0.0000e+00
      19259     12.985     4.0619     4.0624   2.958395   2.958158     2.1972     2.6157      8.178     2.4214    74.1316 1.0715e-01     0.1206    97.0295     7.3866     7.5141    31.4183    31.4150    24.9321    24.9294    7.42700 0.0000e+00
      19262     12.884     4.0607     4.0604   2.958286   2.957980     2.1956     2.6165      8.178     2.4417    -1.8655 1.0715e-01     0.1206    97.0295     7.3768     7.5168    31.4183    31.4150    24.9322    24.9296    7.42722 0.0000e+00
      19265     12.784     4.0603     4.0570   2.958264   2.957780     2.1956     2.6157      8.175     2.4112     1.0165 1.0715e-01     0.1206    97.0295     7.3744     7.5135    31.4184    31.4160    24.9323    24.9307    7.42728 0.0000e+00
      19268     12.682     4.0608     4.0557   2.958264   2.957716     2.1956     2.6157      8.177     2.4010     0.8586 1.0715e-01     0.1202    97.0382     7.3733     7.5122    31.4180    31.4164    24.9319    24.9312    7.42721 0.0000e+00
      19271     12.579     4.0600     4.0567   2.958211   2.957831     2.1952     2.6157      8.177     2.3909     0.8586 1.0715e-01     0.1202    97.0382     7.3700     7.5107    31.4182    31.4169    24.9321    24.9315    7.42734 0.0000e+00
      19274     12.473     4.0602     4.0585   2.958224   2.957930     2.1960     2.6157      8.178     2.3807     0.8586 1.0715e-01     0.1202    97.0382     7.3736     7.5118    31.4182    31.4164    24.9322    24.9308    7.42731 0.0000e+00
      19277     12.372     4.0608     4.0615   2.958259   2.958056     2.1960     2.6153      8.178     2.3807     0.8586 1.0715e-01     0.1210    97.0208     7.3756     7.5114    31.4181    31.4150    24.9320    24.9295    7.42720 0.0000e+00
      19280     12.276     4.0615     4.0601   2.958307   2.957958     2.1976     2.6157      8.178     2.3807     0.8586 1.0715e-01     0.1217    97.0035     7.3845     7.5128    31.4180    31.4153    24.9319    24.9298    7.42708 0.0000e+00
      19283     12.175     4.0627     4.0599   2.958384   2.957964     2.1952     2.6153      8.178     2.3909    70.0259 1.0715e-01     0.1217    97.0035     7.3725     7.5117    31.4178    31.4156    24.9316    24.9301    7.42687 0.0000e+00
      19286     12.074     4.0648     4.0613   2.958476   2.958057     2.1960     2.6157      8.178     2.4010   470.4617 1.0715e-01     0.1217    97.0035     7.3751     7.5136    31.4170    31.4154    24.9308    24.9298    7.42653 0.0000e+00
      19289     11.973     4.0638     4.0603   2.958376   2.957964     2.1964     2.6157      8.177     2.3909   481.4764 1.0715e-01     0.1217    97.0035     7.3731     7.5167    31.4168    31.4153    24.9307    24.9299    7.42672 0.0000e+00
      19292     11.874     4.0627     4.0611   2.958303   2.957954     2.1964     2.6145      8.177     2.3807   481.1605 1.0715e-01     0.1217    97.0035     7.3717     7.5137    31.4170    31.4145    24.9310    24.9291    7.42691 0.0000e+00
      19295     11.780     4.0607     4.0600   2.958124   2.957835     2.1960     2.6157      8.177     2.3807   481.2395 1.0715e-01     0.1217    97.0035     7.3681     7.5187    31.4169    31.4141    24.9311    24.9289    7.42729 0.0000e+00
      19298     11.691     4.0574     4.0592   2.957968   2.957754     2.1976     2.6157      8.178     2.3807   481.2395 1.0715e-01     0.1213    97.0122     7.3712     7.5194    31.4182    31.4140    24.9325    24.9289    7.42782 0.0000e+00
      19301     11.610     4.0601     4.0547   2.958155   2.957386     2.1964     2.6153      8.178     2.3909   481.2790 1.0715e-01     0.1213    97.0122     7.3631     7.5188    31.4179    31.4141    24.9320    24.9294    7.42735 0.0000e+00
      19304     11.535     4.0614     4.0486   2.958209   2.957004     2.1968     2.6149      8.177     2.4010   481.2790 1.0715e-01     0.1210    97.0208     7.3653     7.5187    31.4173    31.4155    24.9314    24.9311    7.42714 0.0000e+00
      19307     11.458     4.0630     4.0484   2.958306   2.956787     2.1956     2.6157      8.178     2.3807   481.2395 1.0715e-01     0.1213    97.0122     7.3608     7.5223    31.4170    31.4132    24.9309    24.9293    7.42686 0.0000e+00
      19310     11.377     4.0626     4.0493   2.958272   2.957120     2.1952     2.6157      8.178     2.3807   295.3327 1.0715e-01     0.1206    97.0295     7.3558     7.5220    31.4170    31.4163    24.9310    24.9317    7.42693 0.0000e+00
      19313     11.298     4.0627     4.0498   2.958252   2.957134     2.1956     2.6165      8.178     2.3909    -0.6022 1.0715e-01     0.1210    97.0208     7.3572     7.5249    31.4168    31.4159    24.9308    24.9314    7.42693 0.0000e+00
      19316     11.227     4.0577     4.0489   2.957811   2.957087     2.1960     2.6157      8.177     2.4316     8.2806 1.0715e-01     0.1217    97.0035     7.3599     7.5216    31.4164    31.4164    24.9309    24.9318    7.42786 0.0000e+00
      19319     11.161     4.0578     4.0508   2.957970   2.957291     2.1956     2.6157      8.178     2.6554     7.9648 1.0715e-01     0.1228    96.9774     7.3623     7.5196    31.4182    31.4170    24.9324    24.9321    7.42775 0.0000e+00
      19322     11.099     4.0589     4.0530   2.958040   2.957392     2.1948     2.6157      8.178     2.6757     7.9648 1.0715e-01     0.1228    96.9774     7.3641     7.5183    31.4179    31.4161    24.9321    24.9312    7.42756 0.0000e+00
      19325     11.041     4.0607     4.0487   2.958119   2.957094     2.1956     2.6157      8.178     2.6554     7.9648 1.0715e-01     0.1224    96.9861     7.3715     7.5200    31.4173    31.4167    24.9314    24.9321    7.42727 0.0000e+00
      19328     10.987     4.0605     4.0483   2.958122   2.957057     2.1956     2.6157      8.177     2.6554     7.9648 1.0715e-01     0.1221    96.9948     7.3750     7.5170    31.4175    31.4167    24.9316    24.9321    7.42730 0.0000e+00
      19359     10.918     4.0676     4.0555   2.958594   2.957536     2.1952     2.6153      8.178     2.5842    16.2554 1.0715e-01     0.1221    96.9948     7.3683     7.5095    31.4162    31.4154    24.9299    24.9304    7.42605 0.0000e+00
      19418     10.821     4.0753     4.0717   2.958970   2.958555     2.1956     2.6124      8.178     2.4417     0.6612 1.0715e-01     0.1228    96.9774     7.3622     7.4881    31.4133    31.4119    24.9268    24.9261    7.42478 0.0000e+00
      19421     10.779     4.0741     4.0713   2.958898   2.958502     2.1944     2.6120      8.178     2.4824     9.1886 1.0715e-01     0.1238    96.9513     7.3538     7.4870    31.4136    31.4117    24.9272    24.9259    7.42499 0.0000e+00
      19424     10.740     4.0737     4.0706   2.958873   2.958461     2.1940     2.6124      8.178     2.6351     8.7938 1.0715e-01     0.1238    96.9513     7.3519     7.4895    31.4137    31.4119    24.9273    24.9262    7.42505 0.0000e+00
      19427     10.704     4.0737     4.0699   2.958885   2.958381     2.1948     2.6116      8.178     2.6452     8.8333 1.0715e-01     0.1242    96.9426     7.3588     7.4868    31.4139    31.4117    24.9275    24.9260    7.42505 0.0000e+00
      19430     10.677     4.0733     4.0674   2.958829   2.958187     2.1952     2.6128      8.178     2.6351     8.7938 1.0715e-01     0.1238    96.9513     7.3602     7.4892    31.4136    31.4118    24.9273    24.9264    7.42513 0.0000e+00
      19433     10.653     4.0726     4.0654   2.958766   2.958055     2.1948     2.6124      8.178     2.6452     8.7938 1.0715e-01     0.1238    96.9513     7.3588     7.4898    31.4136    31.4122    24.9273    24.9269    7.42526 0.0000e+00
      19436     10.623     4.0724     4.0656   2.958799   2.958106     2.1948     2.6120      8.178     2.6452     8.7938 1.0715e-01     0.1238    96.9513     7.3590     7.4913    31.4142    31.4126    24.9278    24.9272    7.42527 0.0000e+00
      19439     10.588     4.0729     4.0670   2.958801   2.958204     2.1948     2.6120      8.178     2.6249     8.7938 1.0715e-01     0.1210    97.0208     7.3611     7.4924    31.4137    31.4124    24.9274    24.9269    7.42520 0.0000e+00
      19442     10.558     4.0719     4.0669   2.958730   2.958191     2.1944     2.6112      8.178     2.6554     5.4776 1.0715e-01     0.1188    97.0730     7.3609     7.4914    31.4138    31.4124    24.9276    24.9269    7.42537 0.0000e+00
      19445     10.532     4.0719     4.0677   2.958748   2.958251     2.1940     2.6108      8.178     2.6249     4.4906 1.0715e-01     0.1195    97.0556     7.3604     7.4912    31.4141    31.4123    24.9278    24.9268    7.42537 0.0000e+00
      19448     10.507     4.0729     4.0678   2.958813   2.958232     2.1948     2.6116      8.177     2.5842     4.5301 1.0715e-01     0.1192    97.0643     7.3637     7.4958    31.4139    31.4120    24.9275    24.9265    7.42519 0.0000e+00
      19451     10.481     4.0738     4.0674   2.958855   2.958197     2.1940     2.6112      8.178     2.5028     4.5301 1.0715e-01     0.1195    97.0556     7.3588     7.4957    31.4136    31.4120    24.9272    24.9265    7.42505 0.0000e+00
      19546     10.449     4.0688     4.0603   2.958498   2.957646     2.1964     2.6116      8.178     2.5435     8.4780 1.0740e-01     0.1199    97.0469     7.3655     7.4958    31.4142    31.4124    24.9282    24.9275    7.42594 0.0000e+00
      19782     10.420     4.0485     4.0418   2.957108   2.956381     2.1964     2.6141      8.178     2.4824     2.8720 1.0727e-01     0.1260    96.8991     7.3775     7.5061    31.4173    31.4153    24.9326    24.9316    7.42950 0.0000e+00
      19878     10.386     4.0394     4.0336   2.956490   2.955907     2.1968     2.6149      8.178     2.4519    -0.9180 1.0727e-01     0.1292    96.8209     7.3853     7.5096    31.4188    31.4176    24.9346    24.9342    7.43110 0.0000e+00
