Datasets/AZMP/HUD120/hud120_2020_062.cnv
* Sea-Bird SBE 9 Data File:
* FileName = C:\CTDDATA\hud120_2020_062.hex
* Software Version Seasave V 7.26.7.110
* Temperature SN = 1697
* Conductivity SN = 4216
* Number of Bytes Per Scan = 30
* Number of Voltage Words = 4
* Number of Scans Averaged by the Deck Unit = 1
* NMEA baud rate = 4800
** VESSEL/TRIP/SEQ STN:  hud120_2020_062
** LATITUDE XX XX.XX: 47 00.00 N
** LONGITUDE XX XX.XX: 046 29.00 W
** SOUNDING DEPTH (M): 0350
** PROBE TYPE: S1146
** CTD NUMBER: 041
** FORMAT: V
** COMMENTS (14 CHAR): FC-20
** BOTTLES:  10
** LEVELS: 5,10,20,30,40,50,75,100,150,BTM
** STICKERS: 439781 - 439790
** VNET: Y
** DO2: Y
# nquan = 22
# nvalues = 5836                        
# units = specified
# name 0 = scan: Scan Count
# name 1 = prDM: Pressure, Digiquartz [db]
# name 2 = t090C: Temperature [ITS-90, deg C]
# name 3 = t190C: Temperature, 2 [ITS-90, deg C]
# name 4 = c0S/m: Conductivity [S/m]
# name 5 = c1S/m: Conductivity, 2 [S/m]
# name 6 = sbeox0V: Oxygen raw, SBE 43 [V]
# name 7 = sbeox1V: Oxygen raw, SBE 43, 2 [V]
# name 8 = ph: pH
# name 9 = flECO-AFL: Fluorescence, WET Labs ECO-AFL/FL [mg/m^3]
# name 10 = wetCDOM: Fluorescence, WET Labs CDOM [mg/m^3]
# name 11 = par/sat/log: PAR/Logarithmic, Satlantic [umol photons/m^2/sec]
# name 12 = CStarAt0: Beam Attenuation, WET Labs C-Star [1/m]
# name 13 = CStarTr0: Beam Transmission, WET Labs C-Star [%]
# name 14 = sbeox0ML/L: Oxygen, SBE 43 [ml/l], WS = 2
# name 15 = sbeox1ML/L: Oxygen, SBE 43, 2 [ml/l], WS = 2
# name 16 = sal00: Salinity, Practical [PSU]
# name 17 = sal11: Salinity, Practical, 2 [PSU]
# name 18 = sigma-t00: Density [sigma-t, kg/m^3 ]
# name 19 = sigma-t11: Density, 2 [sigma-t, kg/m^3 ]
# name 20 = oxsatML/L: Oxygen Saturation, Weiss [ml/l]
# name 21 = flag: flag
# span 0 =         81,      42150       
# span 1 =      2.474,    348.471       
# span 2 =     3.9958,     7.2963       
# span 3 =     3.9897,     7.2835       
# span 4 =   3.231080,   3.386599       
# span 5 =   3.230762,   3.385234       
# span 6 =     1.8165,     2.2186       
# span 7 =     2.1527,     2.6587       
# span 8 =      7.979,      8.165       
# span 9 =     0.8646,     6.7560       
# span 10 =    -2.8130,   482.1870      
# span 11 = 1.0641e-01, 6.1264e-01      
# span 12 =     0.0725,     0.2803      
# span 13 =    93.2310,    98.2030      
# span 14 =     5.7434,     6.8783      
# span 15 =     5.8785,     7.1015      
# span 16 =    33.1489,    34.8914      
# span 17 =    33.1464,    34.8893      
# span 18 =    25.9225,    27.6812      
# span 19 =    25.9217,    27.6811      
# span 20 =    6.79591,    7.27653      
# span 21 = 0.0000e+00, 0.0000e+00      
# interval = scans: 3                   
# start_time = Nov 23 2020 22:47:16 [System UTC, header]
# bad_flag = -9.990e-29
*END*
[from data line 4544]
      21635    132.179     4.1696     4.1655   3.248873   3.248494     1.9085     2.2754      8.008     1.0986   481.3579 1.0715e-01     0.0821    97.9683     6.0980     6.2751    34.6705    34.6704    27.5063    27.5066    7.24932 0.0000e+00
      21638    132.112     4.1697     4.1656   3.248900   3.248506     1.9085     2.2742      8.008     1.0884   481.3579 1.0715e-01     0.0817    97.9770     6.0993     6.2682    34.6707    34.6704    27.5064    27.5066    7.24930 0.0000e+00
      21641    132.045     4.1700     4.1656   3.248967   3.248510     1.9081     2.2746      8.009     1.0884   481.3184 1.0715e-01     0.0817    97.9770     6.0982     6.2685    34.6713    34.6705    27.5069    27.5067    7.24923 0.0000e+00
      21644    131.973     4.1707     4.1656   3.249065   3.248501     1.9093     2.2754      8.008     1.0884   347.0502 1.0715e-01     0.0821    97.9683     6.1017     6.2722    34.6717    34.6705    27.5071    27.5067    7.24907 0.0000e+00
      21647    131.898     4.1707     4.1662   3.249035   3.248557     1.9097     2.2750      8.008     1.0884     0.8586 1.0715e-01     0.0817    97.9770     6.1034     6.2715    34.6714    34.6706    27.5069    27.5067    7.24909 0.0000e+00
      21650    131.817     4.1707     4.1656   3.249030   3.248429     1.9097     2.2758      8.009     1.0884    11.2021 1.0715e-01     0.0817    97.9770     6.1043     6.2730    34.6715    34.6697    27.5069    27.5060    7.24910 0.0000e+00
      21653    131.734     4.1714     4.1658   3.249086   3.248541     1.9101     2.2754      8.006     1.0274    10.8862 1.0715e-01     0.0821    97.9683     6.1059     6.2705    34.6714    34.6709    27.5068    27.5069    7.24898 0.0000e+00
      21656    131.643     4.1721     4.1676   3.249234   3.248832     1.9093     2.2754      8.009     1.0274    10.9257 1.0715e-01     0.0821    97.9683     6.1016     6.2704    34.6725    34.6725    27.5076    27.5080    7.24880 0.0000e+00
      21659    131.546     4.1728     4.1677   3.249288   3.248779     1.9089     2.2750      8.011     1.0376    10.8862 1.0715e-01     0.0821    97.9683     6.0976     6.2701    34.6724    34.6717    27.5074    27.5074    7.24867 0.0000e+00
      21662    131.442     4.1722     4.1676   3.249133   3.248877     1.9105     2.2758      8.009     1.0274    10.8468 1.0715e-01     0.0817    97.9770     6.1035     6.2732    34.6713    34.6731    27.5066    27.5085    7.24884 0.0000e+00
      21665    131.333     4.1719     4.1696   3.249174   3.249179     1.9101     2.2762      8.006     1.0274    10.8468 1.0715e-01     0.0821    97.9683     6.1005     6.2730    34.6721    34.6746    27.5073    27.5095    7.24885 0.0000e+00
      21668    131.218     4.1727     4.1709   3.249294   3.249292     1.9101     2.2770      8.008     1.0274    10.8468 1.0715e-01     0.0821    97.9683     6.1000     6.2752    34.6727    34.6747    27.5077    27.5094    7.24867 0.0000e+00
      21671    131.096     4.1727     4.1706   3.249169   3.249133     1.9109     2.2770      8.009     1.0173   271.2505 1.0715e-01     0.0821    97.9683     6.1055     6.2748    34.6714    34.6731    27.5066    27.5082    7.24874 0.0000e+00
      21674    130.965     4.1722     4.1707   3.249147   3.249096     1.9109     2.2762      8.009     1.0274   481.7527 1.0715e-01     0.0821    97.9683     6.1089     6.2722    34.6717    34.6726    27.5069    27.5078    7.24882 0.0000e+00
      21677    130.825     4.1718     4.1695   3.249062   3.248963     1.9105     2.2762      8.008     1.0274   480.9632 1.0715e-01     0.0817    97.9770     6.1070     6.2726    34.6712    34.6725    27.5065    27.5078    7.24891 0.0000e+00
      21680    130.680     4.1707     4.1692   3.248908   3.248930     1.9109     2.2770      8.009     1.0173   481.3184 1.0715e-01     0.0821    97.9683     6.1088     6.2732    34.6706    34.6724    27.5062    27.5078    7.24913 0.0000e+00
      21683    130.527     4.1714     4.1688   3.249058   3.248898     1.9105     2.2770      8.006     1.0376   481.3184 1.0715e-01     0.0821    97.9683     6.1045     6.2723    34.6717    34.6725    27.5070    27.5079    7.24895 0.0000e+00
      21686    130.367     4.1725     4.1690   3.249242   3.248982     1.9105     2.2770      8.011     1.0274   481.3579 1.0715e-01     0.0828    97.9509     6.1039     6.2693    34.6729    34.6734    27.5078    27.5086    7.24871 0.0000e+00
      21689    130.200     4.1735     4.1693   3.249225   3.248731     1.9117     2.2774      8.011     1.0274   481.3184 1.0715e-01     0.0821    97.9683     6.1105     6.2689    34.6716    34.6703    27.5067    27.5061    7.24858 0.0000e+00
      21692    130.026     4.1681     4.1641   3.247911   3.247693     1.9121     2.2770      8.011     1.0376   481.3579 1.0727e-01     0.0821    97.9683     6.1126     6.2697    34.6619    34.6635    27.4996    27.5012    7.25002 0.0000e+00
      21695    129.848     4.1645     4.1607   3.247443   3.247051     1.9121     2.2770      8.011     1.0274   481.3579 1.0715e-01     0.0821    97.9683     6.1131     6.2722    34.6603    34.6596    27.4986    27.4986    7.25073 0.0000e+00
      21698    129.668     4.1628     4.1580   3.247226   3.246686     1.9129     2.2782      8.011     1.0274    87.7124 1.0715e-01     0.0821    97.9683     6.1167     6.2778    34.6596    34.6583    27.4983    27.4977    7.25107 0.0000e+00
      21701    129.487     4.1621     4.1573   3.247120   3.246605     1.9113     2.2770      8.011     1.0173     8.7149 1.0715e-01     0.0821    97.9683     6.1107     6.2743    34.6591    34.6581    27.4980    27.4977    7.25121 0.0000e+00
      21704    129.303     4.1618     4.1571   3.247077   3.246597     1.9121     2.2774      8.011     0.9664    12.3470 1.0715e-01     0.0817    97.9770     6.1146     6.2773    34.6590    34.6583    27.4979    27.4979    7.25126 0.0000e+00
      21707    129.115     4.1619     4.1570   3.247049   3.246553     1.9121     2.2778      8.009     0.9358    12.1890 1.0715e-01     0.0828    97.9509     6.1158     6.2793    34.6588    34.6581    27.4977    27.4977    7.25127 0.0000e+00
      21710    128.927     4.1619     4.1571   3.247031   3.246560     1.9129     2.2770      8.011     0.9358    12.1890 1.0715e-01     0.0828    97.9509     6.1182     6.2758    34.6586    34.6580    27.4976    27.4977    7.25128 0.0000e+00
      21713    128.739     4.1618     4.1570   3.246960   3.246495     1.9129     2.2778      8.011     0.9257    12.2285 1.0715e-01     0.0821    97.9683     6.1173     6.2792    34.6580    34.6575    27.4971    27.4972    7.25132 0.0000e+00
      21716    128.549     4.1619     4.1570   3.246934   3.246400     1.9129     2.2782      8.011     0.9460    12.1890 1.0715e-01     0.0825    97.9596     6.1159     6.2818    34.6577    34.6565    27.4969    27.4965    7.25132 0.0000e+00
      21719    128.359     4.1615     4.1567   3.246808   3.246335     1.9129     2.2786      8.011     0.9358    12.1496 1.0727e-01     0.0825    97.9596     6.1156     6.2831    34.6567    34.6561    27.4961    27.4962    7.25143 0.0000e+00
      21722    128.174     4.1612     4.1567   3.246704   3.246293     1.9129     2.2782      8.009     0.9257    75.4345 1.0715e-01     0.0821    97.9683     6.1146     6.2815    34.6558    34.6557    27.4955    27.4959    7.25152 0.0000e+00
      21725    127.992     4.1613     4.1567   3.246748   3.246201     1.9138     2.2795      8.011     0.9257   469.0010 1.0715e-01     0.0825    97.9596     6.1182     6.2865    34.6563    34.6548    27.4959    27.4951    7.25148 0.0000e+00
      21728    127.816     4.1613     4.1564   3.246671   3.246176     1.9142     2.2795      8.011     0.9460   481.4764 1.0727e-01     0.0828    97.9509     6.1183     6.2849    34.6555    34.6549    27.4952    27.4952    7.25152 0.0000e+00
      21731    127.643     4.1611     4.1566   3.246608   3.246163     1.9142     2.2786      8.011     0.9663   481.2395 1.0715e-01     0.0821    97.9683     6.1179     6.2829    34.6551    34.6546    27.4949    27.4950    7.25158 0.0000e+00
      21734    127.476     4.1610     4.1565   3.246661   3.246155     1.9146     2.2786      8.011     0.9867   481.3579 1.0715e-01     0.0825    97.9596     6.1173     6.2808    34.6559    34.6547    27.4956    27.4950    7.25155 0.0000e+00
      21737    127.321     4.1612     4.1565   3.246668   3.246169     1.9142     2.2795      8.011     0.9867   481.3579 1.0727e-01     0.0821    97.9683     6.1161     6.2803    34.6559    34.6550    27.4956    27.4953    7.25153 0.0000e+00
      21740    127.173     4.1612     4.1566   3.246714   3.246145     1.9138     2.2795      8.011     0.9969   481.3184 1.0727e-01     0.0821    97.9683     6.1129     6.2791    34.6565    34.6546    27.4960    27.4950    7.25149 0.0000e+00
      21743    127.031     4.1611     4.1563   3.246666   3.246154     1.9133     2.2795      8.011     0.9969   481.3184 1.0715e-01     0.0821    97.9683     6.1077     6.2785    34.6561    34.6551    27.4957    27.4954    7.25153 0.0000e+00
      21746    126.898     4.1610     4.1562   3.246623   3.246131     1.9142     2.2795      8.011     0.9765   481.3579 1.0715e-01     0.0825    97.9596     6.1093     6.2791    34.6559    34.6551    27.4955    27.4954    7.25157 0.0000e+00
      21749    126.776     4.1609     4.1562   3.246613   3.246103     1.9142     2.2795      8.011     0.9867   302.7153 1.0715e-01     0.0825    97.9596     6.1064     6.2792    34.6559    34.6548    27.4955    27.4951    7.25158 0.0000e+00
      21752    126.666     4.1607     4.1562   3.246621   3.246125     1.9150     2.2799      8.011     0.9969     0.1874 1.0715e-01     0.0825    97.9596     6.1097     6.2820    34.6563    34.6551    27.4958    27.4954    7.25160 0.0000e+00
      21755    126.567     4.1614     4.1563   3.246720   3.246162     1.9146     2.2803      8.011     0.9867    10.5704 1.0715e-01     0.0821    97.9683     6.1075     6.2840    34.6567    34.6555    27.4962    27.4957    7.25145 0.0000e+00
      21758    126.481     4.1620     4.1563   3.246860   3.246167     1.9146     2.2795      8.011     0.9969    10.0966 1.0727e-01     0.0821    97.9683     6.1059     6.2790    34.6578    34.6556    27.4970    27.4958    7.25130 0.0000e+00
      21761    126.410     4.1623     4.1571   3.246897   3.246309     1.9154     2.2795      8.011     0.9969    10.1361 1.0727e-01     0.0821    97.9683     6.1095     6.2795    34.6579    34.6565    27.4970    27.4964    7.25123 0.0000e+00
      21764    126.351     4.1618     4.1576   3.246773   3.246403     1.9142     2.2799      8.011     0.9867    10.0966 1.0715e-01     0.0825    97.9596     6.1042     6.2808    34.6570    34.6571    27.4963    27.4969    7.25137 0.0000e+00
      21767    126.302     4.1616     4.1577   3.246754   3.246359     1.9142     2.2807      8.011     0.9765    10.0966 1.0715e-01     0.0825    97.9596     6.1032     6.2831    34.6570    34.6565    27.4964    27.4964    7.25140 0.0000e+00
      21770    126.266     4.1613     4.1574   3.246689   3.246304     1.9150     2.2807      8.011     0.9867    10.0966 1.0715e-01     0.0821    97.9683     6.1035     6.2823    34.6566    34.6562    27.4961    27.4962    7.25147 0.0000e+00
      21851    126.174     4.1632     4.1583   3.247057   3.246509     1.9154     2.2831      8.011     1.0783   481.3579 1.0715e-01     0.0832    97.9422     6.1163     6.2899    34.6590    34.6578    27.4978    27.4973    7.25102 0.0000e+00
      21854    126.041     4.1631     4.1582   3.247039   3.246492     1.9158     2.2831      8.011     1.0884   257.5512 1.0715e-01     0.0832    97.9422     6.1182     6.2915    34.6590    34.6577    27.4978    27.4973    7.25105 0.0000e+00
      21857    125.891     4.1629     4.1581   3.246963   3.246454     1.9154     2.2831      8.011     1.0884    -1.6681 1.0715e-01     0.0832    97.9422     6.1161     6.2922    34.6584    34.6574    27.4973    27.4971    7.25110 0.0000e+00
      21860    125.725     4.1626     4.1579   3.246877   3.246429     1.9158     2.2835      8.011     1.0884     4.4906 1.0715e-01     0.0828    97.9509     6.1170     6.2936    34.6577    34.6575    27.4968    27.4971    7.25119 0.0000e+00
      21863    125.551     4.1627     4.1577   3.246862   3.246399     1.9166     2.2844      8.011     1.0681     4.2932 1.0715e-01     0.0832    97.9422     6.1169     6.2928    34.6576    34.6573    27.4967    27.4970    7.25118 0.0000e+00
      21866    125.369     4.1625     4.1576   3.246830   3.246333     1.9170     2.2835      8.011     1.0579     4.2932 1.0715e-01     0.0832    97.9422     6.1195     6.2885    34.6575    34.6568    27.4967    27.4966    7.25122 0.0000e+00
      21869    125.178     4.1624     4.1575   3.246799   3.246293     1.9162     2.2840      8.011     1.0681     4.2932 1.0727e-01     0.0832    97.9422     6.1173     6.2934    34.6573    34.6565    27.4965    27.4964    7.25124 0.0000e+00
      21872    124.980     4.1625     4.1575   3.246757   3.246230     1.9166     2.2840      8.011     1.0579     4.2932 1.0715e-01     0.0828    97.9509     6.1211     6.2939    34.6569    34.6559    27.4961    27.4959    7.25125 0.0000e+00
      21875    124.775     4.1622     4.1573   3.246631   3.246166     1.9170     2.2835      8.011     1.0478     4.2932 1.0715e-01     0.0828    97.9509     6.1234     6.2919    34.6557    34.6554    27.4953    27.4956    7.25135 0.0000e+00
      21878    124.565     4.1622     4.1572   3.246514   3.246098     1.9166     2.2844      8.011     1.0579     4.2932 1.0715e-01     0.0825    97.9596     6.1209     6.2946    34.6546    34.6548    27.4944    27.4951    7.25142 0.0000e+00
      21881    124.352     4.1623     4.1572   3.246354   3.245977     1.9166     2.2844      8.011     1.0478     3.9379 1.0715e-01     0.0832    97.9422     6.1202     6.2943    34.6527    34.6535    27.4928    27.4940    7.25149 0.0000e+00
      21884    124.128     4.1630     4.1578   3.246170   3.245773     1.9166     2.2844      8.011     1.0478     3.8195 1.0715e-01     0.0828    97.9509     6.1188     6.2943    34.6499    34.6507    27.4905    27.4918    7.25150 0.0000e+00
      21887    123.901     4.1633     4.1584   3.246026   3.245687     1.9166     2.2840      8.011     1.0071     3.8195 1.0715e-01     0.0832    97.9422     6.1197     6.2939    34.6479    34.6491    27.4890    27.4904    7.25153 0.0000e+00
      21890    123.669     4.1641     4.1583   3.245911   3.245690     1.9170     2.2844      8.011     0.9969     3.8195 1.0715e-01     0.0825    97.9596     6.1230     6.2967    34.6459    34.6493    27.4873    27.4906    7.25150 0.0000e+00
      21893    123.435     4.1642     4.1588   3.245833   3.245409     1.9178     2.2852      8.011     0.9969     3.8195 1.0715e-01     0.0821    97.9683     6.1261     6.2996    34.6450    34.6457    27.4865    27.4876    7.25152 0.0000e+00
      21896    123.202     4.1639     4.1589   3.245774   3.245186     1.9170     2.2844      8.011     0.9867     3.8195 1.0715e-01     0.0821    97.9683     6.1233     6.2994    34.6447    34.6430    27.4863    27.4856    7.25158 0.0000e+00
      21899    122.972     4.1627     4.1582   3.245487   3.245078     1.9170     2.2848      8.011     1.0071     3.8195 1.0715e-01     0.0821    97.9683     6.1250     6.2994    34.6426    34.6427    27.4849    27.4853    7.25189 0.0000e+00
      21902    122.738     4.1619     4.1577   3.245375   3.244969     1.9178     2.2852      8.011     0.9867     3.8195 1.0715e-01     0.0821    97.9683     6.1305     6.2994    34.6424    34.6420    27.4847    27.4848    7.25206 0.0000e+00
      21905    122.506     4.1618     4.1570   3.245435   3.244884     1.9174     2.2852      8.011     0.9867     3.4642 1.0715e-01     0.0821    97.9683     6.1299     6.2986    34.6432    34.6419    27.4854    27.4848    7.25202 0.0000e+00
