Datasets/AZMP/HUD120/hud120_2020_029.cnv
* Sea-Bird SBE 9 Data File:
* FileName = C:\CTDDATA\hud120_2020_029.hex
* Software Version Seasave V 7.26.7.110
* Temperature SN = 1697
* Conductivity SN = 4216
* Number of Bytes Per Scan = 30
* Number of Voltage Words = 4
* Number of Scans Averaged by the Deck Unit = 1
* NMEA baud rate = 4800
** VESSEL/TRIP/SEQ STN:  hud120_2020_029
** LATITUDE XX XX.XX: 42 51.00 N
** LONGITUDE XX XX.XX: 049 53.20 W
** SOUNDING DEPTH (M): 0402
** PROBE TYPE: S1146
** CTD NUMBER: 019
** FORMAT: V
** COMMENTS (14 CHAR): SEGB-15
** BOTTLES:  11
** LEVELS: 5,10,20,30,40,50,75,100,150,250,BTM
** STICKERS: 439630 - 439640
** VNET: Y
** DO2: N
# nquan = 22
# nvalues = 7144                        
# units = specified
# name 0 = scan: Scan Count
# name 1 = prDM: Pressure, Digiquartz [db]
# name 2 = t090C: Temperature [ITS-90, deg C]
# name 3 = t190C: Temperature, 2 [ITS-90, deg C]
# name 4 = c0S/m: Conductivity [S/m]
# name 5 = c1S/m: Conductivity, 2 [S/m]
# name 6 = sbeox0V: Oxygen raw, SBE 43 [V]
# name 7 = sbeox1V: Oxygen raw, SBE 43, 2 [V]
# name 8 = ph: pH
# name 9 = flECO-AFL: Fluorescence, WET Labs ECO-AFL/FL [mg/m^3]
# name 10 = wetCDOM: Fluorescence, WET Labs CDOM [mg/m^3]
# name 11 = par/sat/log: PAR/Logarithmic, Satlantic [umol photons/m^2/sec]
# name 12 = CStarAt0: Beam Attenuation, WET Labs C-Star [1/m]
# name 13 = CStarTr0: Beam Transmission, WET Labs C-Star [%]
# name 14 = sbeox0ML/L: Oxygen, SBE 43 [ml/l], WS = 2
# name 15 = sbeox1ML/L: Oxygen, SBE 43, 2 [ml/l], WS = 2
# name 16 = sal00: Salinity, Practical [PSU]
# name 17 = sal11: Salinity, Practical, 2 [PSU]
# name 18 = sigma-t00: Density [sigma-t, kg/m^3 ]
# name 19 = sigma-t11: Density, 2 [sigma-t, kg/m^3 ]
# name 20 = oxsatML/L: Oxygen Saturation, Weiss [ml/l]
# name 21 = flag: flag
# span 0 =          2,      54266       
# span 1 =      0.200,    409.569       
# span 2 =     0.1389,     8.7071       
# span 3 =     0.1323,     8.6993       
# span 4 =   2.801645,   3.468979       
# span 5 =   2.801176,   3.468042       
# span 6 =     1.8870,     2.2562       
# span 7 =     2.2281,     2.6887       
# span 8 =      7.927,      8.152       
# span 9 =     0.8850,     6.2472       
# span 10 =    -2.8130,   482.1870      
# span 11 = 1.0703e-01, 1.9602e+00      
# span 12 =     0.0683,     0.2651      
# span 13 =    93.5874,    98.3073      
# span 14 =     6.3179,     7.4847      
# span 15 =     6.1152,     7.6349      
# span 16 =    32.2247,    34.6542      
# span 17 =    30.5814,    34.6545      
# span 18 =    25.2453,    27.5710      
# span 19 =    23.7402,    27.5717      
# span 20 =    6.59912,    8.10061      
# span 21 = 0.0000e+00, 0.0000e+00      
# interval = scans: 3                   
# start_time = Nov 19 2020 04:42:41 [System UTC, header]
# bad_flag = -9.990e-29
*END*
[from data line 5070]
      23667    214.973     2.1342     2.1334   3.037431   3.037464     1.8974     2.2445      7.943     0.9460     4.0564 1.0727e-01     0.0945    97.6641     6.4833     6.5941    34.2260    34.2272    27.3410    27.3420    7.65051 0.0000e+00
      23670    214.921     2.1338     2.1331   3.037434   3.037429     1.8966     2.2445      7.943     0.9358     4.0564 1.0715e-01     0.0942    97.6728     6.4777     6.5953    34.2265    34.2272    27.3414    27.3420    7.65056 0.0000e+00
      23673    214.875     2.1341     2.1318   3.037401   3.037245     1.8970     2.2445      7.944     0.9358     4.0564 1.0715e-01     0.0945    97.6641     6.4780     6.5978    34.2258    34.2263    27.3408    27.3414    7.65054 0.0000e+00
      23676    214.820     2.1331     2.1310   3.037312   3.037200     1.8970     2.2432      7.944     0.9257     4.0564 1.0715e-01     0.0942    97.6728     6.4765     6.5932    34.2258    34.2266    27.3409    27.3417    7.65073 0.0000e+00
      23679    214.763     2.1330     2.1303   3.037300   3.037104     1.8966     2.2436      7.944     0.9460     6.5041 1.0727e-01     0.0942    97.6728     6.4761     6.5953    34.2258    34.2263    27.3409    27.3415    7.65075 0.0000e+00
      23682    214.700     2.1323     2.1300   3.037249   3.037057     1.8970     2.2445      7.943     0.9358    15.2684 1.0715e-01     0.0945    97.6641     6.4786     6.5978    34.2259    34.2260    27.3410    27.3413    7.65087 0.0000e+00
      23685    214.629     2.1323     2.1301   3.037241   3.037065     1.8982     2.2436      7.944     0.9257    15.0710 1.0715e-01     0.0924    97.7162     6.4850     6.5938    34.2258    34.2261    27.3410    27.3414    7.65088 0.0000e+00
      23688    214.555     2.1325     2.1308   3.037237   3.037186     1.8966     2.2445      7.943     0.9663    15.0710 1.0715e-01     0.0924    97.7162     6.4789     6.5980    34.2257    34.2269    27.3409    27.3419    7.65086 0.0000e+00
      23691    214.476     2.1320     2.1323   3.037114   3.037330     1.8974     2.2445      7.943     0.9460    15.0710 1.0715e-01     0.0917    97.7336     6.4832     6.5981    34.2247    34.2271    27.3401    27.3419    7.65100 0.0000e+00
      23694    214.388     2.1303     2.1324   3.036934   3.037222     1.8966     2.2445      7.941     0.9562    15.0710 1.0715e-01     0.0921    97.7249     6.4820     6.5983    34.2243    34.2256    27.3399    27.3408    7.65135 0.0000e+00
      23697    214.291     2.1291     2.1300   3.036846   3.036870     1.8970     2.2445      7.943     0.9765    15.0710 1.0715e-01     0.0921    97.7249     6.4826     6.5998    34.2246    34.2239    27.3402    27.3396    7.65157 0.0000e+00
      23700    214.186     2.1285     2.1276   3.036778   3.036677     1.8970     2.2441      7.943     0.9562    15.0710 1.0715e-01     0.0921    97.7249     6.4838     6.5983    34.2245    34.2241    27.3402    27.3400    7.65170 0.0000e+00
      23703    214.073     2.1284     2.1262   3.036782   3.036568     1.8978     2.2441      7.946     0.9562    15.0710 1.0715e-01     0.0921    97.7249     6.4892     6.5962    34.2246    34.2244    27.3403    27.3403    7.65171 0.0000e+00
      23706    213.947     2.1284     2.1246   3.036773   3.036430     1.8974     2.2441      7.943     0.9663   243.7731 1.0715e-01     0.0917    97.7336     6.4850     6.5963    34.2245    34.2244    27.3403    27.3404    7.65170 0.0000e+00
      23709    213.814     2.1280     2.1243   3.036729   3.036481     1.8974     2.2449      7.944     0.9663   482.1870 1.0715e-01     0.0917    97.7336     6.4859     6.6012    34.2245    34.2254    27.3403    27.3413    7.65178 0.0000e+00
      23712    213.675     2.1280     2.1261   3.036727   3.036734     1.8982     2.2453      7.944     0.9765   481.0026 1.0715e-01     0.0924    97.7162     6.4897     6.6026    34.2247    34.2267    27.3404    27.3422    7.65179 0.0000e+00
      23715    213.529     2.1283     2.1284   3.036712   3.036915     1.8978     2.2445      7.946     0.9562   481.2395 1.0715e-01     0.0924    97.7162     6.4866     6.5982    34.2241    34.2266    27.3399    27.3419    7.65174 0.0000e+00
      23718    213.372     2.1280     2.1287   3.036716   3.036830     1.8978     2.2445      7.944     0.9765   481.2395 1.0715e-01     0.0921    97.7249     6.4865     6.5991    34.2247    34.2253    27.3404    27.3408    7.65179 0.0000e+00
      23721    213.204     2.1284     2.1272   3.036747   3.036584     1.8974     2.2445      7.943     0.9460   481.3579 1.0715e-01     0.0921    97.7249     6.4854     6.5987    34.2247    34.2240    27.3403    27.3399    7.65170 0.0000e+00
      23724    213.037     2.1287     2.1258   3.036773   3.036485     1.8986     2.2445      7.944     0.9562   481.2395 1.0715e-01     0.0928    97.7075     6.4870     6.5954    34.2248    34.2243    27.3404    27.3403    7.65164 0.0000e+00
      23727    212.859     2.1285     2.1244   3.036677   3.036310     1.8982     2.2445      7.944     0.9765   481.2790 1.0715e-01     0.0928    97.7075     6.4828     6.5935    34.2239    34.2238    27.3397    27.3400    7.65172 0.0000e+00
      23730    212.670     2.1274     2.1225   3.036523   3.036109     1.8978     2.2453      7.944     0.9460   481.2790 1.0715e-01     0.0928    97.7075     6.4804     6.5948    34.2233    34.2234    27.3393    27.3398    7.65197 0.0000e+00
      23733    212.475     2.1258     2.1211   3.036342   3.036019     1.8978     2.2457      7.943     0.9562   481.2790 1.0715e-01     0.0928    97.7075     6.4788     6.5919    34.2229    34.2239    27.3392    27.3403    7.65231 0.0000e+00
      23736    212.277     2.1244     2.1205   3.036208   3.035883     1.8974     2.2449      7.943     0.9562   481.3184 1.0715e-01     0.0928    97.7075     6.4761     6.5892    34.2229    34.2230    27.3392    27.3397    7.65258 0.0000e+00
      23739    212.075     2.1233     2.1184   3.036104   3.035655     1.8982     2.2445      7.944     1.0071   481.2395 1.0715e-01     0.0931    97.6988     6.4828     6.5899    34.2228    34.2225    27.3393    27.3394    7.65280 0.0000e+00
      23742    211.871     2.1219     2.1167   3.035897   3.035488     1.8986     2.2453      7.944     0.9969   481.2790 1.0715e-01     0.0928    97.7075     6.4856     6.5921    34.2218    34.2223    27.3386    27.3394    7.65312 0.0000e+00
      23745    211.673     2.1202     2.1154   3.035806   3.035367     1.8986     2.2445      7.944     0.9969   481.3184 1.0715e-01     0.0953    97.6467     6.4849     6.5888    34.2226    34.2224    27.3394    27.3396    7.65341 0.0000e+00
      23748    211.475     2.1196     2.1151   3.035690   3.035322     1.8978     2.2436      7.943     0.9867   481.3184 1.0715e-01     0.0953    97.6467     6.4792     6.5841    34.2220    34.2222    27.3389    27.3395    7.65356 0.0000e+00
      23751    211.268     2.1190     2.1145   3.035624   3.035262     1.8974     2.2445      7.943     0.9867   481.2790 1.0715e-01     0.0960    97.6293     6.4775     6.5840    34.2219    34.2222    27.3389    27.3395    7.65367 0.0000e+00
      23754    211.062     2.1182     2.1144   3.035535   3.035246     1.8982     2.2441      7.943     0.9867   481.2790 1.0715e-01     0.0956    97.6380     6.4821     6.5815    34.2218    34.2223    27.3388    27.3395    7.65384 0.0000e+00
      23757    210.858     2.1178     2.1140   3.035530   3.035189     1.8978     2.2436      7.944     1.0071   481.2790 1.0715e-01     0.0960    97.6293     6.4819     6.5806    34.2222    34.2221    27.3392    27.3394    7.65389 0.0000e+00
      23760    210.657     2.1182     2.1134   3.035566   3.035096     1.8982     2.2445      7.943     1.0071   481.3184 1.0715e-01     0.0960    97.6293     6.4831     6.5867    34.2224    34.2217    27.3393    27.3392    7.65381 0.0000e+00
      23763    210.458     2.1180     2.1131   3.035488   3.035057     1.8990     2.2445      7.944     0.9867   481.3184 1.0715e-01     0.0960    97.6293     6.4838     6.5871    34.2217    34.2216    27.3388    27.3391    7.65388 0.0000e+00
      23766    210.264     2.1181     2.1126   3.035469   3.034985     1.8982     2.2445      7.943     0.9358   481.3184 1.0715e-01     0.0949    97.6554     6.4786     6.5868    34.2215    34.2214    27.3386    27.3390    7.65387 0.0000e+00
      23769    210.071     2.1170     2.1123   3.035351   3.034968     1.8986     2.2445      7.943     0.9358   481.3579 1.0715e-01     0.0945    97.6641     6.4820     6.5870    34.2213    34.2216    27.3386    27.3391    7.65410 0.0000e+00
      23772    209.891     2.1168     2.1127   3.035354   3.035058     1.8974     2.2436      7.943     0.9358   481.3184 1.0715e-01     0.0949    97.6554     6.4756     6.5842    34.2216    34.2224    27.3389    27.3398    7.65412 0.0000e+00
      23775    209.715     2.1168     2.1128   3.035334   3.034989     1.8978     2.2432      7.944     0.9358   481.3184 1.0715e-01     0.0949    97.6554     6.4745     6.5820    34.2215    34.2215    27.3387    27.3391    7.65413 0.0000e+00
      23778    209.541     2.1164     2.1122   3.035298   3.034916     1.8990     2.2441      7.941     0.9358   481.3184 1.0715e-01     0.0949    97.6554     6.4800     6.5871    34.2216    34.2214    27.3388    27.3390    7.65420 0.0000e+00
      23781    209.382     2.1163     2.1120   3.035305   3.034903     1.8990     2.2436      7.946     0.9257   481.3184 1.0715e-01     0.0949    97.6554     6.4808     6.5861    34.2218    34.2215    27.3391    27.3391    7.65421 0.0000e+00
      23784    209.235     2.1164     2.1121   3.035295   3.034938     1.8982     2.2441      7.941     0.9358   335.0486 1.0715e-01     0.0949    97.6554     6.4752     6.5882    34.2218    34.2219    27.3390    27.3395    7.65420 0.0000e+00
      23787    209.093     2.1164     2.1125   3.035309   3.034998     1.8974     2.2436      7.944     0.9460    -2.8130 1.0715e-01     0.0949    97.6554     6.4729     6.5882    34.2220    34.2223    27.3392    27.3397    7.65418 0.0000e+00
      23790    208.960     2.1161     2.1127   3.035200   3.035002     1.8982     2.2432      7.943     0.9460     0.8980 1.0715e-01     0.0949    97.6554     6.4776     6.5893    34.2210    34.2222    27.3384    27.3396    7.65429 0.0000e+00
      23793    208.834     2.1146     2.1134   3.035043   3.035071     1.8978     2.2432      7.946     0.9663     1.6087 1.0715e-01     0.0949    97.6554     6.4755     6.5900    34.2208    34.2224    27.3383    27.3398    7.65460 0.0000e+00
      23796    208.722     2.1144     2.1144   3.035067   3.035216     1.8978     2.2445      7.941     0.9765     1.5692 1.0715e-01     0.0949    97.6554     6.4740     6.5963    34.2213    34.2232    27.3388    27.3403    7.65461 0.0000e+00
      23799    208.617     2.1144     2.1156   3.035081   3.035239     1.8978     2.2432      7.941     0.9663     1.5692 1.0715e-01     0.0949    97.6554     6.4712     6.5914    34.2216    34.2222    27.3390    27.3394    7.65460 0.0000e+00
      23802    208.520     2.1146     2.1127   3.035071   3.034894     1.8986     2.2445      7.944     0.9562     1.5692 1.0715e-01     0.0949    97.6554     6.4749     6.5974    34.2213    34.2212    27.3388    27.3388    7.65458 0.0000e+00
      23805    208.435     2.1142     2.1125   3.035047   3.034980     1.8986     2.2445      7.943     0.9663     1.5692 1.0715e-01     0.0967    97.6119     6.4774     6.5973    34.2215    34.2224    27.3390    27.3398    7.65465 0.0000e+00
      23808    208.356     2.1148     2.1127   3.035133   3.034925     1.8982     2.2436      7.944     0.9663     1.5692 1.0715e-01     0.0977    97.5859     6.4782     6.5935    34.2220    34.2216    27.3393    27.3392    7.65450 0.0000e+00
      23811    208.281     2.1150     2.1120   3.035112   3.034879     1.8982     2.2445      7.941     0.9663   276.1854 1.0715e-01     0.0977    97.5859     6.4777     6.5957    34.2215    34.2219    27.3388    27.3394    7.65448 0.0000e+00
      23814    208.214     2.1145     2.1126   3.035047   3.034998     1.8978     2.2445      7.943     0.9663   481.6343 1.0715e-01     0.0977    97.5859     6.4739     6.5920    34.2213    34.2226    27.3387    27.3400    7.65460 0.0000e+00
      23817    208.153     2.1142     2.1122   3.035030   3.034849     1.8978     2.2432      7.941     1.0274   480.9237 1.0715e-01     0.0970    97.6032     6.4742     6.5844    34.2214    34.2214    27.3389    27.3390    7.65464 0.0000e+00
      23820    208.093     2.1139     2.1110   3.034989   3.034774     1.8974     2.2445      7.943     1.0579   481.3184 1.0715e-01     0.0974    97.5945     6.4723     6.5915    34.2213    34.2217    27.3388    27.3394    7.65471 0.0000e+00
      23823    208.034     2.1135     2.1105   3.034920   3.034749     1.8982     2.2445      7.944     1.0478   481.2395 1.0715e-01     0.0974    97.5945     6.4738     6.5923    34.2209    34.2219    27.3385    27.3396    7.65481 0.0000e+00
      23826    207.976     2.1129     2.1100   3.034866   3.034666     1.8982     2.2445      7.943     1.0376   481.3579 1.0715e-01     0.0974    97.5945     6.4757     6.5893    34.2209    34.2215    27.3386    27.3393    7.65492 0.0000e+00
      23829    207.921     2.1127     2.1097   3.034868   3.034623     1.8978     2.2441      7.943     1.0681   481.2395 1.0715e-01     0.0970    97.6032     6.4762     6.5883    34.2212    34.2214    27.3388    27.3392    7.65495 0.0000e+00
      23832    207.869     2.1129     2.1095   3.034883   3.034603     1.8982     2.2441      7.941     1.0478   481.2395 1.0715e-01     0.0970    97.6032     6.4795     6.5900    34.2212    34.2213    27.3388    27.3392    7.65492 0.0000e+00
      23835    207.815     2.1127     2.1097   3.034857   3.034650     1.8978     2.2432      7.943     1.0579   481.0421 1.0715e-01     0.0970    97.6032     6.4777     6.5869    34.2211    34.2217    27.3387    27.3395    7.65495 0.0000e+00
      23838    207.758     2.1120     2.1094   3.034791   3.034571     1.8978     2.2432      7.944     1.0681    77.4084 1.0715e-01     0.0970    97.6032     6.4769     6.5888    34.2211    34.2211    27.3388    27.3390    7.65510 0.0000e+00
      23841    207.703     2.1125     2.1091   3.034842   3.034568     1.8982     2.2441      7.941     1.0478     3.0299 1.0715e-01     0.0970    97.6032     6.4799     6.5928    34.2211    34.2214    27.3388    27.3393    7.65498 0.0000e+00
      23844    207.647     2.1130     2.1095   3.034869   3.034628     1.8978     2.2457      7.944     0.9663     6.9778 1.0715e-01     0.0970    97.6032     6.4792     6.5982    34.2209    34.2217    27.3386    27.3395    7.65489 0.0000e+00
      23847    207.585     2.1129     2.1104   3.034884   3.034674     1.8978     2.2436      7.944     0.9562     6.7804 1.0715e-01     0.0935    97.6902     6.4799     6.5918    34.2213    34.2214    27.3389    27.3392    7.65490 0.0000e+00
      23850    207.525     2.1126     2.1110   3.034832   3.034739     1.8986     2.2436      7.943     0.9765     6.7804 1.0715e-01     0.0938    97.6815     6.4828     6.5931    34.2210    34.2216    27.3387    27.3393    7.65497 0.0000e+00
      23853    207.462     2.1120     2.1122   3.034758   3.034851     1.8982     2.2441      7.946     0.9765     6.7804 1.0715e-01     0.0938    97.6815     6.4806     6.5959    34.2207    34.2217    27.3385    27.3393    7.65510 0.0000e+00
      23856    207.395     2.1124     2.1125   3.034827   3.034853     1.8982     2.2445      7.941     0.9765     6.7804 1.0715e-01     0.0938    97.6815     6.4813     6.5978    34.2212    34.2214    27.3389    27.3390    7.65500 0.0000e+00
      23859    207.328     2.1126     2.1105   3.034822   3.034631     1.8974     2.2445      7.944     0.9562     6.7804 1.0715e-01     0.0938    97.6815     6.4780     6.5981    34.2210    34.2208    27.3387    27.3387    7.65498 0.0000e+00
