Datasets/AZMP/HUD120/hud120_2020_007.cnv
* Sea-Bird SBE 9 Data File:
* FileName = C:\CTDDATA\hud120_2020_007.hex
* Software Version Seasave V 7.26.7.110
* Temperature SN = 1697
* Conductivity SN = 4216
* Number of Bytes Per Scan = 30
* Number of Voltage Words = 4
* Number of Scans Averaged by the Deck Unit = 1
* NMEA baud rate = 4800
** VESSEL/TRIP/SEQ STN:  hud120_2020_007
** LATITUDE XX XX.XX: 46 46.42 N
** LONGITUDE XX XX.XX: 055 37.14 W
** SOUNDING DEPTH (M): 0097
** PROBE TYPE: S1146
** CTD NUMBER: 003
** FORMAT: V
** COMMENTS (14 CHAR): SWSPB-01
** BOTTLES:  8
** LEVELS: 5,10,20,30,40,50,75,BTM
** STICKERS: 439520 - 439527
** VNET: Y
** DO2: N
# nquan = 22
# nvalues = 2165                        
# units = specified
# name 0 = scan: Scan Count
# name 1 = prDM: Pressure, Digiquartz [db]
# name 2 = t090C: Temperature [ITS-90, deg C]
# name 3 = t190C: Temperature, 2 [ITS-90, deg C]
# name 4 = c0S/m: Conductivity [S/m]
# name 5 = c1S/m: Conductivity, 2 [S/m]
# name 6 = sbeox0V: Oxygen raw, SBE 43 [V]
# name 7 = sbeox1V: Oxygen raw, SBE 43, 2 [V]
# name 8 = ph: pH
# name 9 = flECO-AFL: Fluorescence, WET Labs ECO-AFL/FL [mg/m^3]
# name 10 = wetCDOM: Fluorescence, WET Labs CDOM [mg/m^3]
# name 11 = par/sat/log: PAR/Logarithmic, Satlantic [umol photons/m^2/sec]
# name 12 = CStarAt0: Beam Attenuation, WET Labs C-Star [1/m]
# name 13 = CStarTr0: Beam Transmission, WET Labs C-Star [%]
# name 14 = sbeox0ML/L: Oxygen, SBE 43 [ml/l], WS = 2
# name 15 = sbeox1ML/L: Oxygen, SBE 43, 2 [ml/l], WS = 2
# name 16 = sal00: Salinity, Practical [PSU]
# name 17 = sal11: Salinity, Practical, 2 [PSU]
# name 18 = sigma-t00: Density [sigma-t, kg/m^3 ]
# name 19 = sigma-t11: Density, 2 [sigma-t, kg/m^3 ]
# name 20 = oxsatML/L: Oxygen Saturation, Weiss [ml/l]
# name 21 = flag: flag
# span 0 =         16,      27217       
# span 1 =      2.102,     92.750       
# span 2 =     0.5824,     8.1584       
# span 3 =     0.5775,     8.1515       
# span 4 =   2.762277,   3.331718       
# span 5 =   2.761956,   3.331412       
# span 6 =     2.0790,     2.2339       
# span 7 =     2.4754,     2.6674       
# span 8 =      7.927,      8.078       
# span 9 =     1.1394,     7.5394       
# span 10 =    -2.8130,   482.1870      
# span 11 = 1.0678e-01, 6.8294e-01      
# span 12 =     0.0995,     0.2622      
# span 13 =    93.6569,    97.5424      
# span 14 =     6.6899,     7.6907      
# span 15 =     6.6048,     7.8452      
# span 16 =    31.7337,    32.4630      
# span 17 =    31.7330,    32.4609      
# span 18 =    24.7030,    26.0271      
# span 19 =    24.7088,    26.0261      
# span 20 =    6.72268,    8.06089      
# span 21 = 0.0000e+00, 0.0000e+00      
# interval = scans: 3                   
# start_time = Nov 10 2020 20:42:35 [System UTC, header]
# bad_flag = -9.990e-29
*END*
[from data line 264]
       1772     21.923     6.9769     6.9653   3.232655   3.231973     2.2173     2.6130      8.040     6.0742     5.2802 1.0690e-01     0.2395    94.1872     6.8903     6.9714    31.7701    31.7734    24.8784    24.8825    6.90828 0.0000e+00
       1775     21.994     6.9572     6.9531   3.231244   3.231013     2.2173     2.6134      8.039     6.0844    12.5443 1.0690e-01     0.2399    94.1785     6.8905     6.9739    31.7728    31.7741    24.8831    24.8847    6.91133 0.0000e+00
       1778     22.063     6.9437     6.9408   3.230200   3.229919     2.2161     2.6142      8.039     6.0945    12.1890 1.0715e-01     0.2395    94.1872     6.8875     6.9779    31.7739    31.7736    24.8857    24.8859    6.91347 0.0000e+00
       1781     22.133     6.9340     6.9320   3.229629   3.229328     2.2157     2.6130      8.039     6.0844    12.2285 1.0715e-01     0.2377    94.2306     6.8886     6.9747    31.7766    31.7752    24.8891    24.8882    6.91492 0.0000e+00
       1784     22.205     6.9306     6.9266   3.229404   3.228949     2.2161     2.6130      8.039     6.0742    12.2285 1.0715e-01     0.2362    94.2654     6.8905     6.9739    31.7773    31.7760    24.8901    24.8897    6.91544 0.0000e+00
       1787     22.278     6.9299     6.9245   3.229353   3.228798     2.2169     2.6130      8.039     6.0742    12.2285 1.0715e-01     0.2362    94.2654     6.8930     6.9749    31.7774    31.7763    24.8903    24.8901    6.91555 0.0000e+00
       1790     22.352     6.9280     6.9243   3.229174   3.228722     2.2161     2.6130      8.039     6.6949    12.2285 1.0703e-01     0.2362    94.2654     6.8913     6.9767    31.7771    31.7756    24.8903    24.8896    6.91586 0.0000e+00
       1793     22.428     6.9256     6.9203   3.228935   3.228395     2.2157     2.6130      8.039     6.8577    16.2948 1.0715e-01     0.2362    94.2654     6.8929     6.9791    31.7767    31.7757    24.8903    24.8902    6.91627 0.0000e+00
       1796     22.504     6.9225     6.9181   3.228725   3.228309     2.2149     2.6138      8.039     6.8475   423.0869 1.0715e-01     0.2362    94.2654     6.8935     6.9842    31.7772    31.7768    24.8911    24.8914    6.91675 0.0000e+00
       1799     22.582     6.9202     6.9162   3.228515   3.228115     2.2149     2.6142      8.039     6.8373   481.3974 1.0690e-01     0.2362    94.2654     6.8975     6.9879    31.7770    31.7763    24.8912    24.8912    6.91713 0.0000e+00
       1802     22.662     6.9177     6.9129   3.228307   3.227878     2.2149     2.6146      8.039     6.8475   481.0816 1.0703e-01     0.2336    94.3262     6.8993     6.9932    31.7771    31.7768    24.8916    24.8920    6.91754 0.0000e+00
       1805     22.740     6.9161     6.9119   3.228239   3.227723     2.2153     2.6146      8.039     6.8475   481.3579 1.0703e-01     0.2325    94.3523     6.9005     6.9962    31.7778    31.7760    24.8924    24.8915    6.91777 0.0000e+00
       1808     22.819     6.9160     6.9101   3.228138   3.227630     2.2149     2.6142      8.039     6.8373   481.3579 1.0703e-01     0.2325    94.3523     6.8981     6.9964    31.7767    31.7766    24.8916    24.8923    6.91784 0.0000e+00
       1811     22.903     6.9129     6.9093   3.227830   3.227540     2.2153     2.6150      8.039     6.8475   481.3579 1.0703e-01     0.2325    94.3523     6.9013     7.0002    31.7762    31.7763    24.8916    24.8921    6.91836 0.0000e+00
       1814     22.993     6.9103     6.9073   3.227647   3.227333     2.2149     2.6154      8.039     6.7661   481.3579 1.0715e-01     0.2322    94.3610     6.9027     7.0030    31.7765    31.7759    24.8922    24.8920    6.91876 0.0000e+00
       1817     23.085     6.9081     6.9046   3.227422   3.227029     2.2149     2.6162      8.039     6.0742   481.3579 1.0715e-01     0.2329    94.3436     6.9047     7.0066    31.7761    31.7750    24.8921    24.8917    6.91914 0.0000e+00
       1820     23.182     6.9036     6.8996   3.226994   3.226589     2.2161     2.6166      8.039     6.0640   400.4654 1.0703e-01     0.2322    94.3610     6.9105     7.0088    31.7755    31.7748    24.8922    24.8922    6.91989 0.0000e+00
       1823     23.280     6.8985     6.8946   3.226569   3.226149     2.2153     2.6166      8.039     6.0437     9.2676 1.0703e-01     0.2278    94.4653     6.9061     7.0100    31.7755    31.7746    24.8930    24.8926    6.92072 0.0000e+00
       1826     23.383     6.8945     6.8905   3.226203   3.225838     2.2145     2.6170      8.039     6.0539    10.8863 1.0715e-01     0.2274    94.4740     6.9024     7.0121    31.7752    31.7749    24.8932    24.8935    6.92139 0.0000e+00
       1829     23.487     6.8909     6.8866   3.225950   3.225536     2.2145     2.6170      8.039     6.0539    11.0046 1.0715e-01     0.2278    94.4653     6.9009     7.0130    31.7757    31.7752    24.8941    24.8942    6.92194 0.0000e+00
       1832     23.594     6.8848     6.8811   3.225318   3.224842     2.2145     2.6178      8.039     6.0640    11.0441 1.0715e-01     0.2281    94.4566     6.9010     7.0158    31.7745    31.7726    24.8939    24.8929    6.92299 0.0000e+00
       1835     23.702     6.8777     6.8735   3.224714   3.224251     2.2145     2.6178      8.039     6.0640    11.0046 1.0715e-01     0.2278    94.4653     6.8996     7.0156    31.7744    31.7732    24.8947    24.8943    6.92415 0.0000e+00
       1838     23.815     6.8733     6.8684   3.224407   3.223971     2.2149     2.6187      8.039     6.0539    11.0046 1.0715e-01     0.2278    94.4653     6.9000     7.0175    31.7750    31.7748    24.8958    24.8963    6.92483 0.0000e+00
       1841     23.931     6.8678     6.8641   3.223849   3.223477     2.2145     2.6191      8.039     5.6977    11.0046 1.0715e-01     0.2281    94.4566     6.8977     7.0170    31.7739    31.7733    24.8956    24.8956    6.92576 0.0000e+00
       1844     24.047     6.8630     6.8585   3.223549   3.223056     2.2145     2.6191      8.039     4.9855    11.0441 1.0715e-01     0.2285    94.4479     6.8964     7.0155    31.7750    31.7739    24.8972    24.8968    6.92650 0.0000e+00
       1847     24.163     6.8614     6.8561   3.223420   3.222953     2.2137     2.6191      8.039     5.0160   212.8610 1.0715e-01     0.2285    94.4479     6.8954     7.0117    31.7751    31.7749    24.8974    24.8980    6.92676 0.0000e+00
       1850     24.283     6.8601     6.8553   3.223360   3.222880     2.2141     2.6191      8.039     5.0160   482.1870 1.0715e-01     0.2285    94.4479     6.8982     7.0071    31.7756    31.7748    24.8980    24.8979    6.92695 0.0000e+00
       1853     24.400     6.8593     6.8545   3.223295   3.222869     2.2133     2.6199      8.039     5.0262   481.1211 1.0703e-01     0.2285    94.4479     6.8936     7.0051    31.7756    31.7754    24.8980    24.8985    6.92708 0.0000e+00
       1856     24.515     6.8601     6.8551   3.223445   3.222979     2.2137     2.6203      8.037     5.0160   481.3579 1.0690e-01     0.2285    94.4479     6.8947     7.0017    31.7764    31.7759    24.8986    24.8989    6.92690 0.0000e+00
       1859     24.634     6.8603     6.8547   3.223468   3.222920     2.2125     2.6195      8.036     5.0262   481.3579 1.0715e-01     0.2285    94.4479     6.8876     6.9956    31.7764    31.7756    24.8986    24.8987    6.92688 0.0000e+00
       1862     24.751     6.8604     6.8546   3.223489   3.223012     2.2125     2.6203      8.039     5.0364   481.3579 1.0715e-01     0.2252    94.5261     6.8858     6.9954    31.7765    31.7766    24.8986    24.8995    6.92686 0.0000e+00
       1865     24.868     6.8611     6.8557   3.223561   3.223117     2.2125     2.6191      8.037     5.0262   481.3579 1.0715e-01     0.2226    94.5870     6.8846     6.9894    31.7766    31.7767    24.8986    24.8994    6.92674 0.0000e+00
       1868     24.982     6.8610     6.8562   3.223545   3.223153     2.2121     2.6191      8.036     4.8125   481.3579 1.0715e-01     0.2226    94.5870     6.8811     6.9869    31.7764    31.7766    24.8985    24.8992    6.92676 0.0000e+00
       1871     25.095     6.8606     6.8562   3.223477   3.223085     2.2129     2.6178      8.037     4.6701   481.3579 1.0703e-01     0.2226    94.5870     6.8827     6.9796    31.7760    31.7758    24.8982    24.8986    6.92685 0.0000e+00
       1874     25.208     6.8590     6.8558   3.223316   3.222997     2.2125     2.6178      8.039     4.6701   149.6945 1.0715e-01     0.2230    94.5783     6.8794     6.9762    31.7756    31.7752    24.8982    24.8982    6.92711 0.0000e+00
       1877     25.320     6.8550     6.8501   3.222796   3.222174     2.2116     2.6178      8.037     4.6904     9.8598 1.0703e-01     0.2230    94.5783     6.8745     6.9749    31.7737    31.7714    24.8971    24.8960    6.92786 0.0000e+00
       1880     25.430     6.8442     6.8390   3.221721   3.221228     2.2121     2.6178      8.036     4.6904    15.8606 1.0715e-01     0.2230    94.5783     6.8773     6.9764    31.7719    31.7712    24.8971    24.8973    6.92969 0.0000e+00
       1883     25.537     6.8351     6.8310   3.221074   3.220684     2.2104     2.6178      8.036     4.6904    15.5843 1.0715e-01     0.2164    94.7347     6.8716     6.9778    31.7731    31.7727    24.8993    24.8995    6.93111 0.0000e+00
       1886     25.640     6.8296     6.8255   3.220715   3.220315     2.2104     2.6178      8.037     4.7006    15.5448 1.0715e-01     0.2153    94.7608     6.8723     6.9787    31.7743    31.7737    24.9009    24.9010    6.93196 0.0000e+00
       1889     25.741     6.8251     6.8209   3.220278   3.219822     2.2100     2.6178      8.036     4.6904    15.5448 1.0715e-01     0.2153    94.7608     6.8717     6.9813    31.7736    31.7725    24.9009    24.9006    6.93272 0.0000e+00
       1892     25.839     6.8178     6.8138   3.219644   3.219218     2.2088     2.6162      8.034     4.6904    15.5843 1.0715e-01     0.2153    94.7608     6.8685     6.9775    31.7734    31.7724    24.9017    24.9015    6.93392 0.0000e+00
       1895     25.935     6.8127     6.8081   3.219146   3.218759     2.2092     2.6162      8.036     4.7209    15.5448 1.0715e-01     0.2153    94.7608     6.8728     6.9787    31.7726    31.7727    24.9018    24.9024    6.93479 0.0000e+00
       1898     26.028     6.8034     6.8002   3.218309   3.217850     2.2080     2.6154      8.034     4.7209    35.6001 1.0715e-01     0.2153    94.7608     6.8725     6.9765    31.7720    31.7699    24.9025    24.9013    6.93632 0.0000e+00
       1901     26.116     6.7888     6.7867   3.216950   3.216568     2.2084     2.6154      8.034     4.7209   443.7344 1.0703e-01     0.2149    94.7695     6.8777     6.9774    31.7707    31.7684    24.9034    24.9018    6.93877 0.0000e+00
       1904     26.203     6.7664     6.7650   3.214939   3.214755     2.2080     2.6154      8.035     4.7209   481.4369 1.0715e-01     0.2127    94.8217     6.8832     6.9812    31.7694    31.7687    24.9052    24.9048    6.94247 0.0000e+00
       1907     26.287     6.7486     6.7459   3.213367   3.213194     2.2080     2.6146      8.035     4.7108   481.1605 1.0703e-01     0.2127    94.8217     6.8913     6.9829    31.7686    31.7693    24.9069    24.9077    6.94541 0.0000e+00
       1910     26.374     6.7337     6.7293   3.211785   3.211556     2.2080     2.6150      8.035     4.7108   481.3579 1.0715e-01     0.2131    94.8130     6.8965     6.9888    31.7650    31.7666    24.9060    24.9078    6.94799 0.0000e+00
       1913     26.449     6.7090     6.7049   3.209708   3.209358     2.2076     2.6150      8.035     4.7311   481.3184 1.0715e-01     0.2131    94.8130     6.9022     6.9958    31.7652    31.7651    24.9092    24.9097    6.95203 0.0000e+00
       1916     26.526     6.6869     6.6797   3.208136   3.207623     2.2080     2.6142      8.035     4.7108   481.3579 1.0715e-01     0.2127    94.8217     6.9080     6.9999    31.7684    31.7694    24.9146    24.9164    6.95550 0.0000e+00
       1919     26.602     6.6708     6.6646   3.206957   3.206527     2.2076     2.6142      8.035     4.7006   481.3579 1.0715e-01     0.2131    94.8130     6.9063     7.0030    31.7704    31.7714    24.9183    24.9198    6.95805 0.0000e+00
       1922     26.678     6.6589     6.6543   3.205932   3.205655     2.2068     2.6134      8.035     4.6803   481.3184 1.0715e-01     0.2116    94.8478     6.9024     7.0001    31.7701    31.7714    24.9196    24.9211    6.96000 0.0000e+00
       1925     26.755     6.6485     6.6433   3.205014   3.204629     2.2060     2.6130      8.035     4.6803   372.7906 1.0715e-01     0.2094    94.8999     6.8968     6.9978    31.7697    31.7703    24.9205    24.9217    6.96172 0.0000e+00
       1928     26.829     6.6264     6.6234   3.203089   3.202553     2.2072     2.6138      8.035     4.6803     5.7934 1.0715e-01     0.2098    94.8912     6.9012     7.0005    31.7690    31.7658    24.9229    24.9207    6.96538 0.0000e+00
       1931     26.904     6.6098     6.6048   3.202046   3.201511     2.2076     2.6130      8.035     4.6701    14.5578 1.0715e-01     0.2098    94.8912     6.8997     6.9964    31.7729    31.7717    24.9280    24.9277    6.96792 0.0000e+00
       1934     26.980     6.6000     6.5937   3.200738   3.200222     2.2068     2.6134      8.033     4.7006    14.1630 1.0715e-01     0.2098    94.8912     6.8950     6.9951    31.7676    31.7678    24.9251    24.9261    6.96977 0.0000e+00
       1937     27.056     6.5722     6.5609   3.198301   3.197506     2.2068     2.6130      8.031     4.6904    14.2024 1.0715e-01     0.2098    94.8912     6.8977     6.9957    31.7666    31.7683    24.9278    24.9306    6.97438 0.0000e+00
       1940     27.131     6.5463     6.5371   3.196140   3.195437     2.2055     2.6130      8.031     4.6803    14.1630 1.0715e-01     0.2098    94.8912     6.8951     6.9986    31.7668    31.7677    24.9313    24.9331    6.97862 0.0000e+00
       1943     27.211     6.5192     6.5121   3.193989   3.193283     2.2043     2.6121      8.031     4.6803    14.1630 1.0715e-01     0.2116    94.8478     6.8933     6.9986    31.7683    31.7671    24.9359    24.9358    6.98302 0.0000e+00
       1946     27.293     6.4944     6.4886   3.191922   3.191252     2.2039     2.6105      8.031     4.9855    14.1630 1.0715e-01     0.2120    94.8391     6.8949     6.9956    31.7686    31.7666    24.9392    24.9384    6.98710 0.0000e+00
       1949     27.377     6.4704     6.4662   3.189889   3.189211     2.2039     2.6101      8.031     5.4027    14.1235 1.0715e-01     0.2120    94.8391     6.8970     6.9989    31.7685    31.7649    24.9421    24.9399    6.99106 0.0000e+00
       1952     27.463     6.4411     6.4357   3.187451   3.186762     2.2019     2.6085      8.031     5.3823   251.1162 1.0703e-01     0.2120    94.8391     6.8941     7.0007    31.7688    31.7662    24.9461    24.9447    6.99588 0.0000e+00
       1955     27.552     6.4171     6.4140   3.185404   3.185144     2.2019     2.6077      8.031     5.3925   482.1870 1.0703e-01     0.2120    94.8391     6.9029     7.0057    31.7686    31.7685    24.9489    24.9493    6.99987 0.0000e+00
       1958     27.645     6.3807     6.3888   3.182108   3.182295     2.2019     2.6072      8.031     5.3721   481.0027 1.0715e-01     0.2120    94.8391     6.9145     7.0120    31.7660    31.7605    24.9514    24.9460    7.00602 0.0000e+00
       1961     27.741     6.3553     6.3592   3.180480   3.180351     2.2019     2.6068      8.030     5.3823   481.3579 1.0715e-01     0.2124    94.8304     6.9238     7.0200    31.7716    31.7665    24.9590    24.9545    7.00996 0.0000e+00
       1964     27.841     6.3454     6.3444   3.179813   3.179562     2.2011     2.6081      8.030     5.3721   481.3579 1.0715e-01     0.2120    94.8391     6.9251     7.0309    31.7734    31.7716    24.9616    24.9603    7.01152 0.0000e+00
