Datasets/AZMP/HUD120/hud120_2020_017.cnv
* Sea-Bird SBE 9 Data File:
* FileName = C:\CTDDATA\hud120_2020_017.hex
* Software Version Seasave V 7.26.7.110
* Temperature SN = 1697
* Conductivity SN = 4216
* Number of Bytes Per Scan = 30
* Number of Voltage Words = 4
* Number of Scans Averaged by the Deck Unit = 1
* NMEA baud rate = 4800
** VESSEL/TRIP/SEQ STN:  hud120_2020_017
** LATITUDE XX XX.XX: 46 21.00 N
** LONGITUDE XX XX.XX: 052 44.00 W
** SOUNDING DEPTH (M): 0176
** PROBE TYPE: S1146
** CTD NUMBER: 007
** FORMAT: V
** COMMENTS (14 CHAR): SEGB-03
** BOTTLES:  10
** LEVELS: 5,10,20,30,40,50,75,100,150,BTM
** STICKERS: 439563 - 439572
** VNET: Y
** DO2: Y
# nquan = 22
# nvalues = 2783                        
# units = specified
# name 0 = scan: Scan Count
# name 1 = prDM: Pressure, Digiquartz [db]
# name 2 = t090C: Temperature [ITS-90, deg C]
# name 3 = t190C: Temperature, 2 [ITS-90, deg C]
# name 4 = c0S/m: Conductivity [S/m]
# name 5 = c1S/m: Conductivity, 2 [S/m]
# name 6 = sbeox0V: Oxygen raw, SBE 43 [V]
# name 7 = sbeox1V: Oxygen raw, SBE 43, 2 [V]
# name 8 = ph: pH
# name 9 = flECO-AFL: Fluorescence, WET Labs ECO-AFL/FL [mg/m^3]
# name 10 = wetCDOM: Fluorescence, WET Labs CDOM [mg/m^3]
# name 11 = par/sat/log: PAR/Logarithmic, Satlantic [umol photons/m^2/sec]
# name 12 = CStarAt0: Beam Attenuation, WET Labs C-Star [1/m]
# name 13 = CStarTr0: Beam Transmission, WET Labs C-Star [%]
# name 14 = sbeox0ML/L: Oxygen, SBE 43 [ml/l], WS = 2
# name 15 = sbeox1ML/L: Oxygen, SBE 43, 2 [ml/l], WS = 2
# name 16 = sal00: Salinity, Practical [PSU]
# name 17 = sal11: Salinity, Practical, 2 [PSU]
# name 18 = sigma-t00: Density [sigma-t, kg/m^3 ]
# name 19 = sigma-t11: Density, 2 [sigma-t, kg/m^3 ]
# name 20 = oxsatML/L: Oxygen Saturation, Weiss [ml/l]
# name 21 = flag: flag
# span 0 =         64,      35532       
# span 1 =      2.521,    170.117       
# span 2 =    -0.6763,     6.3864       
# span 3 =    -0.6819,     6.3798       
# span 4 =   2.705445,   3.168309       
# span 5 =   2.704981,   3.167631       
# span 6 =     1.8063,     2.2178       
# span 7 =     2.1319,     2.6395       
# span 8 =      7.807,      8.065       
# span 9 =     1.0071,     3.3982       
# span 10 =    -2.8130,   482.1870      
# span 11 = 1.0715e-01, 5.7435e+02      
# span 12 =     0.0640,     0.2080      
# span 13 =    94.9347,    98.4116      
# span 14 =     6.1305,     7.5328      
# span 15 =     6.2037,     7.7683      
# span 16 =    31.5764,    33.2565      
# span 17 =    31.5760,    33.2574      
# span 18 =    24.8125,    26.7156      
# span 19 =    24.8134,    26.7166      
# span 20 =    7.01247,    8.30248      
# span 21 = 0.0000e+00, 0.0000e+00      
# interval = scans: 3                   
# start_time = Nov 17 2020 17:08:22 [System UTC, header]
# bad_flag = -9.990e-29
*END*
[from data line 2107]
      19269     71.578     1.4837     1.4785   2.865167   2.864687     1.8274     2.1555      7.826     1.3225     0.0295 1.1398e-01     0.0963    97.6206     6.2021     6.2917    32.8339    32.8332    26.2728    26.2727    7.85284 0.0000e+00
      19272     71.406     1.4862     1.4809   2.865317   2.864976     1.8262     2.1547      7.828     1.3225     0.0295 1.2410e-01     0.0970    97.6032     6.1952     6.2841    32.8333    32.8345    26.2722    26.2735    7.85237 0.0000e+00
      19275     71.232     1.4912     1.4884   2.865728   2.865660     1.8253     2.1539      7.828     1.3326    -0.0889 1.1593e-01     0.0981    97.5771     6.1904     6.2773    32.8333    32.8354    26.2719    26.2738    7.85134 0.0000e+00
      19278     71.064     1.5024     1.5000   2.867014   2.866633     1.8257     2.1539      7.828     1.3225    -0.0889 1.2677e-01     0.1017    97.4902     6.1878     6.2752    32.8379    32.8356    26.2748    26.2732    7.84882 0.0000e+00
      19281     70.898     1.5231     1.5156   2.868485   2.867863     1.8266     2.1522      7.828     1.3225    -0.0889 1.2863e-01     0.1013    97.4989     6.1856     6.2675    32.8350    32.8349    26.2711    26.2715    7.84478 0.0000e+00
      19284     70.733     1.5330     1.5234   2.868790   2.868034     1.8261     2.1530      7.828     1.3428    -0.0889 1.3442e-01     0.1013    97.4989     6.1813     6.2703    32.8286    32.8291    26.2653    26.2663    7.84311 0.0000e+00
      19287     70.572     1.5269     1.5183   2.867957   2.867455     1.8253     2.1539      7.828     1.4039    -0.0889 1.4065e-01     0.1013    97.4989     6.1844     6.2747    32.8245    32.8272    26.2624    26.2651    7.84456 0.0000e+00
      19290     70.419     1.5125     1.5204   2.867410   2.868103     1.8249     2.1526      7.828     1.3836    -0.0889 1.4609e-01     0.1013    97.4989     6.1906     6.2684    32.8328    32.8332    26.2700    26.2698    7.84705 0.0000e+00
      19293     70.274     1.5316     1.5385   2.868908   2.869483     1.8253     2.1518      7.828     1.3937    -0.0889 1.5043e-01     0.1013    97.4989     6.1937     6.2617    32.8317    32.8319    26.2679    26.2675    7.84322 0.0000e+00
      19296     70.137     1.5336     1.5554   2.868790   2.870719     1.8257     2.1518      7.828     1.3836    -0.0889 1.4780e-01     0.0995    97.5424     6.2012     6.2596    32.8283    32.8299    26.2650    26.2648    7.84300 0.0000e+00
      19299     70.006     1.5525     1.5680   2.870792   2.871469     1.8253     2.1518      7.828     1.3836    -0.0889 1.5919e-01     0.0967    97.6119     6.1957     6.2575    32.8339    32.8262    26.2682    26.2610    7.83887 0.0000e+00
      19302     69.880     1.5726     1.5743   2.871733   2.871799     1.8253     2.1522      7.828     1.4039     0.3453 1.6249e-01     0.0970    97.6032     6.1886     6.2598    32.8248    32.8239    26.2596    26.2587    7.83528 0.0000e+00
      19305     69.764     1.5697     1.5789   2.871301   2.872130     1.8241     2.1518      7.828     1.3836     0.3848 1.6190e-01     0.0970    97.6032     6.1799     6.2589    32.8225    32.8233    26.2579    26.2579    7.83600 0.0000e+00
      19308     69.659     1.5655     1.5751   2.870984   2.871685     1.8253     2.1506      7.828     1.3734     0.3848 1.6552e-01     0.0967    97.6119     6.1855     6.2536    32.8229    32.8217    26.2586    26.2569    7.83682 0.0000e+00
      19311     69.565     1.5625     1.5747   2.870910   2.871798     1.8270     2.1506      7.828     1.4141     0.3453 1.6575e-01     0.0970    97.6032     6.1892     6.2547    32.8252    32.8236    26.2605    26.2584    7.83731 0.0000e+00
      19314     69.477     1.5641     1.5775   2.871059   2.871812     1.8261     2.1506      7.828     1.4446     0.3848 1.5933e-01     0.0970    97.6032     6.1749     6.2563    32.8254    32.8210    26.2606    26.2561    7.83696 0.0000e+00
      19317     69.400     1.5683     1.5516   2.871144   2.868578     1.8261     2.1498      7.828     1.4547     0.3848 1.6247e-01     0.0985    97.5685     6.1666     6.2582    32.8221    32.8072    26.2577    26.2469    7.83628 0.0000e+00
      19320     69.335     1.5632     1.4676   2.870280   2.863516     1.8261     2.1494      7.828     1.4547     0.3453 1.6531e-01     0.0985    97.5685     6.1585     6.2695    32.8166    32.8310    26.2536    26.2717    7.83762 0.0000e+00
      19323     69.283     1.5583     1.4591   2.869840   2.863295     1.8253     2.1498      7.828     1.4446     0.3848 1.7059e-01     0.0985    97.5685     6.1489     6.2723    32.8162    32.8372    26.2536    26.2771    7.83863 0.0000e+00
      19326     69.239     1.5516     1.4829   2.869842   2.865401     1.8241     2.1498      7.828     1.4344     0.2664 1.6822e-01     0.0981    97.5772     6.1373     6.2690    32.8233    32.8389    26.2597    26.2769    7.83962 0.0000e+00
      19329     69.202     1.5513     1.5159   2.869839   2.867366     1.8237     2.1502      7.828     1.4446     0.1084 1.7056e-01     0.0981    97.5772     6.1305     6.2687    32.8235    32.8293    26.2600    26.2670    7.83966 0.0000e+00
      19356     69.117     1.5101     1.4870   2.866647   2.865123     1.8229     2.1477      7.828     1.4039     0.6217 1.7066e-01     0.0956    97.6380     6.1778     6.2798    32.8263    32.8312    26.2650    26.2705    7.84788 0.0000e+00
      19371     69.062     1.4822     1.4700   2.864342   2.863947     1.8212     2.1473      7.828     1.3836     0.8586 1.6249e-01     0.0945    97.6641     6.2005     6.2915    32.8264    32.8341    26.2669    26.2740    7.85354 0.0000e+00
      19374     69.029     1.4720     1.4810   2.863787   2.864786     1.8212     2.1473      7.828     1.3937     0.8586 1.6533e-01     0.0945    97.6641     6.2056     6.2934    32.8301    32.8333    26.2706    26.2725    7.85543 0.0000e+00
      19377     68.988     1.4714     1.4881   2.863855   2.865024     1.8217     2.1478      7.830     1.3734     0.8191 1.7803e-01     0.0942    97.6728     6.2100     6.2982    32.8316    32.8290    26.2718    26.2686    7.85546 0.0000e+00
      19380     68.939     1.4720     1.4889   2.863910   2.864948     1.8221     2.1482      7.828     1.3734     0.4243 1.6609e-01     0.0938    97.6815     6.2112     6.3027    32.8317    32.8271    26.2719    26.2671    7.85533 0.0000e+00
      19383     68.884     1.4718     1.4873   2.863907   2.864768     1.8221     2.1478      7.828     1.3836     0.3848 1.6705e-01     0.0938    97.6815     6.2153     6.3038    32.8318    32.8265    26.2720    26.2667    7.85536 0.0000e+00
      19386     68.819     1.4718     1.4845   2.863895   2.864413     1.8225     2.1478      7.828     1.3836     0.3848 1.6820e-01     0.0938    97.6815     6.2221     6.3066    32.8318    32.8250    26.2720    26.2657    7.85538 0.0000e+00
      19389     68.745     1.4692     1.4745   2.863730   2.863739     1.8221     2.1482      7.828     1.4242     0.3453 1.6996e-01     0.0938    97.6815     6.2236     6.3138    32.8324    32.8270    26.2726    26.2680    7.85586 0.0000e+00
      19392     68.665     1.4664     1.4645   2.863431   2.863152     1.8225     2.1486      7.828     1.4547     0.3453 1.7135e-01     0.0938    97.6815     6.2277     6.3196    32.8316    32.8301    26.2722    26.2711    7.85648 0.0000e+00
      19395     68.575     1.4643     1.4598   2.863315   2.862834     1.8229     2.1486      7.828     1.4446     0.3848 1.7439e-01     0.0942    97.6728     6.2364     6.3227    32.8324    32.8310    26.2729    26.2721    7.85686 0.0000e+00
      19398     68.477     1.4666     1.4532   2.863569   2.862359     1.8245     2.1490      7.828     1.4344     0.3848 1.7495e-01     0.0949    97.6554     6.2440     6.3297    32.8333    32.8320    26.2736    26.2734    7.85635 0.0000e+00
      19401     68.371     1.4706     1.4529   2.863923   2.862560     1.8237     2.1494      7.828     1.4344     0.3848 1.7495e-01     0.0949    97.6554     6.2401     6.3321    32.8336    32.8349    26.2735    26.2758    7.85552 0.0000e+00
      19404     68.261     1.4880     1.4666   2.866132   2.863876     1.8233     2.1502      7.828     1.4446     0.3453 1.7987e-01     0.0945    97.6641     6.2329     6.3373    32.8434    32.8373    26.2802    26.2767    7.85146 0.0000e+00
      19407     68.145     1.5192     1.4822   2.867975   2.864834     1.8245     2.1494      7.828     1.4446     0.3453 1.8218e-01     0.0949    97.6554     6.2304     6.3356    32.8342    32.8331    26.2707    26.2723    7.84561 0.0000e+00
      19410     68.028     1.5315     1.4992   2.868522   2.866611     1.8245     2.1502      7.828     1.4547     0.3848 1.8600e-01     0.0953    97.6467     6.2263     6.3386    32.8283    32.8379    26.2651    26.2750    7.84343 0.0000e+00
      19413     67.907     1.5467     1.5306   2.869908   2.868853     1.8245     2.1502      7.831     1.4547     0.3848 1.9036e-01     0.0945    97.6641     6.2246     6.3352    32.8299    32.8334    26.2654    26.2693    7.84025 0.0000e+00
      19416     67.788     1.5618     1.5477   2.870712   2.869756     1.8249     2.1514      7.830     1.4039     0.3848 1.9215e-01     0.0956    97.6380     6.2211     6.3396    32.8244    32.8270    26.2600    26.2630    7.83749 0.0000e+00
      19419     67.665     1.5623     1.5555   2.870494   2.870073     1.8266     2.1514      7.831     1.3836     0.3848 1.9690e-01     0.0981    97.5772     6.2260     6.3399    32.8212    32.8230    26.2573    26.2593    7.83756 0.0000e+00
      19422     67.543     1.5612     1.5575   2.870524   2.869979     1.8261     2.1526      7.830     1.3836     0.3848 2.0055e-01     0.0981    97.5772     6.2213     6.3444    32.8227    32.8197    26.2587    26.2565    7.83769 0.0000e+00
      19425     67.424     1.5722     1.5412   2.871751   2.868624     1.8257     2.1522      7.833     1.3937     0.3848 1.9937e-01     0.0981    97.5772     6.2204     6.3457    32.8269    32.8197    26.2613    26.2576    7.83526 0.0000e+00
      19428     67.306     1.5849     1.5395   2.872313   2.868926     1.8253     2.1534      7.828     1.3836     0.3848 2.0359e-01     0.0977    97.5859     6.2167     6.3514    32.8207    32.8254    26.2554    26.2623    7.83300 0.0000e+00
      19431     67.188     1.5813     1.5591   2.872010   2.870778     1.8253     2.1543      7.832     1.3836     0.8191 2.0783e-01     0.0981    97.5772     6.2191     6.3523    32.8208    32.8284    26.2557    26.2633    7.83374 0.0000e+00
      19434     67.076     1.5922     1.5667   2.873673   2.870797     1.8261     2.1543      7.831     1.3836     1.2139 2.1743e-01     0.0981    97.5772     6.2241     6.3503    32.8303    32.8207    26.2626    26.2567    7.83101 0.0000e+00
      19437     66.965     1.6470     1.5703   2.877866   2.871347     1.8270     2.1551      7.830     1.3734     1.2139 2.1767e-01     0.0967    97.6119     6.2198     6.3544    32.8261    32.8239    26.2554    26.2590    7.82016 0.0000e+00
      19440     66.855     1.6902     1.5859   2.880316   2.872449     1.8270     2.1555      7.832     1.3836     1.2139 2.2379e-01     0.0949    97.6554     6.2150     6.3552    32.8119    32.8216    26.2411    26.2561    7.81219 0.0000e+00
      19443     66.750     1.7213     1.5836   2.882828   2.872002     1.8261     2.1555      7.832     1.4242     1.2139 2.2379e-01     0.0949    97.6554     6.2134     6.3601    32.8112    32.8185    26.2383    26.2537    7.80598 0.0000e+00
      19446     66.648     1.7580     1.6100   2.884988   2.874159     1.8266     2.1555      7.832     1.4141     1.2139 2.3115e-01     0.0949    97.6554     6.2159     6.3607    32.8001    32.8182    26.2269    26.2517    7.79917 0.0000e+00
      19449     66.547     1.7716     1.6371   2.885410   2.876010     1.8282     2.1563      7.832     1.4039     1.2139 2.3684e-01     0.0949    97.6554     6.2270     6.3618    32.7914    32.8133    26.2189    26.2459    7.79691 0.0000e+00
      19452     66.448     1.7821     1.6723   2.886145   2.879155     1.8282     2.1571      7.832     1.4141     1.2139 2.4183e-01     0.0949    97.6554     6.2289     6.3605    32.7897    32.8162    26.2168    26.2458    7.79489 0.0000e+00
      19455     66.353     1.7913     1.7087   2.886768   2.881227     1.8294     2.1571      7.832     1.4039     1.2139 2.4811e-01     0.0949    97.6554     6.2347     6.3571    32.7880    32.8043    26.2148    26.2338    7.79313 0.0000e+00
      19458     66.263     1.8036     1.7284   2.887615   2.882207     1.8294     2.1588      7.832     1.4141    -0.6417 2.5093e-01     0.0938    97.6815     6.2335     6.3641    32.7859    32.7963    26.2122    26.2259    7.79077 0.0000e+00
      19461     66.172     1.8024     1.7649   2.887340   2.885156     1.8294     2.1596      7.832     1.4242    -1.1154 2.5328e-01     0.0931    97.6988     6.2369     6.3641    32.7837    32.7954    26.2106    26.2226    7.79113 0.0000e+00
      19464     66.085     1.8071     1.7850   2.888022   2.886362     1.8310     2.1608      7.832     1.4039    -1.0364 2.5122e-01     0.0928    97.7075     6.2452     6.3711    32.7875    32.7897    26.2133    26.2166    7.78999 0.0000e+00
      19467     65.999     1.8129     1.7956   2.888279   2.886995     1.8318     2.1620      7.832     1.4242    -1.0364 2.5894e-01     0.0931    97.6988     6.2483     6.3767    32.7847    32.7866    26.2106    26.2134    7.78897 0.0000e+00
      19470     65.919     1.8130     1.7916   2.888142   2.886587     1.8314     2.1628      7.832     1.4955    -1.1154 2.6101e-01     0.0931    97.6988     6.2455     6.3816    32.7829    32.7856    26.2092    26.2129    7.78904 0.0000e+00
      19473     65.843     1.8145     1.7931   2.888423   2.886889     1.8318     2.1628      7.832     1.4649    -1.0364 2.6041e-01     0.0928    97.7075     6.2467     6.3799    32.7850    32.7880    26.2107    26.2147    7.78864 0.0000e+00
      19476     65.764     1.8205     1.8043   2.888626   2.887531     1.8331     2.1636      7.832     1.4751    -1.0364 2.6803e-01     0.0931    97.6988     6.2515     6.3793    32.7813    32.7844    26.2073    26.2110    7.78763 0.0000e+00
      19479     65.690     1.8192     1.8092   2.888351   2.887751     1.8331     2.1640      7.832     1.4751    -1.0364 2.7083e-01     0.0917    97.7336     6.2501     6.3791    32.7792    32.7821    26.2058    26.2088    7.78800 0.0000e+00
      19482     65.617     1.8169     1.8095   2.888256   2.887682     1.8339     2.1657      7.835     1.4751    -0.7996 2.6464e-01     0.0917    97.7336     6.2534     6.3819    32.7805    32.7809    26.2069    26.2078    7.78839 0.0000e+00
      19485     65.549     1.8163     1.8077   2.888183   2.887507     1.8343     2.1665      7.834     1.4751     1.0560 2.7336e-01     0.0917    97.7336     6.2519     6.3832    32.7802    32.7806    26.2068    26.2077    7.78853 0.0000e+00
      19488     65.481     1.8133     1.8040   2.887826   2.887419     1.8343     2.1677      7.834     1.4649     1.0954 2.7623e-01     0.0917    97.7336     6.2528     6.3875    32.7789    32.7835    26.2059    26.2103    7.78919 0.0000e+00
      19491     65.412     1.8069     1.8024   2.887232   2.887304     1.8351     2.1677      7.837     1.4649     1.0954 2.7816e-01     0.0913    97.7423     6.2571     6.3882    32.7781    32.7837    26.2058    26.2106    7.79051 0.0000e+00
      19494     65.349     1.8015     1.8004   2.886980   2.887003     1.8367     2.1689      7.835     1.5565     1.0954 2.8334e-01     0.0917    97.7336     6.2646     6.3929    32.7807    32.7821    26.2082    26.2094    7.79148 0.0000e+00
      19497     65.287     1.8052     1.7993   2.887057   2.886792     1.8367     2.1693      7.835     1.5972     1.0954 2.8009e-01     0.0913    97.7423     6.2623     6.3922    32.7778    32.7806    26.2056    26.2083    7.79088 0.0000e+00
