Datasets/AZMP/HUD120/hud120_2020_072.cnv
* Sea-Bird SBE 9 Data File:
* FileName = C:\CTDDATA\hud120_2020_072.hex
* Software Version Seasave V 7.26.7.110
* Temperature SN = 1697
* Conductivity SN = 4216
* Number of Bytes Per Scan = 30
* Number of Voltage Words = 4
* Number of Scans Averaged by the Deck Unit = 1
* NMEA baud rate = 4800
** VESSEL/TRIP/SEQ STN:  hud120_2020_072
** LATITUDE XX XX.XX: 47 00.00 N
** LONGITUDE XX XX.XX: 049 07.00 W
** SOUNDING DEPTH (M): 0086
** PROBE TYPE: S1146
** CTD NUMBER: 051
** FORMAT: V
** COMMENTS (14 CHAR): FC-10
** BOTTLES:  7
** LEVELS: 5,10,20,30,40,50,BTM
** STICKERS: 439853 - 439859
** VNET: Y
** DO2: N
# nquan = 22
# nvalues = 1398                        
# units = specified
# name 0 = scan: Scan Count
# name 1 = prDM: Pressure, Digiquartz [db]
# name 2 = t090C: Temperature [ITS-90, deg C]
# name 3 = t190C: Temperature, 2 [ITS-90, deg C]
# name 4 = c0S/m: Conductivity [S/m]
# name 5 = c1S/m: Conductivity, 2 [S/m]
# name 6 = sbeox0V: Oxygen raw, SBE 43 [V]
# name 7 = sbeox1V: Oxygen raw, SBE 43, 2 [V]
# name 8 = ph: pH
# name 9 = flECO-AFL: Fluorescence, WET Labs ECO-AFL/FL [mg/m^3]
# name 10 = wetCDOM: Fluorescence, WET Labs CDOM [mg/m^3]
# name 11 = par/sat/log: PAR/Logarithmic, Satlantic [umol photons/m^2/sec]
# name 12 = CStarAt0: Beam Attenuation, WET Labs C-Star [1/m]
# name 13 = CStarTr0: Beam Transmission, WET Labs C-Star [%]
# name 14 = sbeox0ML/L: Oxygen, SBE 43 [ml/l], WS = 2
# name 15 = sbeox1ML/L: Oxygen, SBE 43, 2 [ml/l], WS = 2
# name 16 = sal00: Salinity, Practical [PSU]
# name 17 = sal11: Salinity, Practical, 2 [PSU]
# name 18 = sigma-t00: Density [sigma-t, kg/m^3 ]
# name 19 = sigma-t11: Density, 2 [sigma-t, kg/m^3 ]
# name 20 = oxsatML/L: Oxygen Saturation, Weiss [ml/l]
# name 21 = flag: flag
# span 0 =         53,      20594       
# span 1 =      2.929,     79.509       
# span 2 =     0.4704,     5.5707       
# span 3 =     0.4631,     5.5655       
# span 4 =   2.792775,   3.127597       
# span 5 =   2.792191,   3.127009       
# span 6 =     1.6117,     2.1951       
# span 7 =     1.8819,     2.6147       
# span 8 =      7.855,      8.144       
# span 9 =     1.2309,     4.8125       
# span 10 =    -2.8130,   482.1870      
# span 11 = 1.0703e-01, 6.3620e-01      
# span 12 =     0.1628,     0.3655      
# span 13 =    91.2665,    96.0125      
# span 14 =     4.9446,     7.0719      
# span 15 =     5.0221,     7.2231      
# span 16 =    31.9275,    33.0350      
# span 17 =    31.9263,    33.0830      
# span 18 =    25.1773,    26.4836      
# span 19 =    25.1771,    26.5105      
# span 20 =    7.13486,    8.05560      
# span 21 = 0.0000e+00, 0.0000e+00      
# interval = scans: 3                   
# start_time = Nov 25 2020 19:42:34 [System UTC, header]
# bad_flag = -9.990e-29
*END*
[from data line 988]
      10142     38.716     4.9748     4.9725   3.085883   3.085572     2.1242     2.5321      8.108     2.9199    12.1891 1.0715e-01     0.1671    95.9082     6.8942     7.0536    32.0080    32.0066    25.3066    25.3057    7.23452 0.0000e+00
      10145     38.666     4.9751     4.9723   3.085902   3.085508     2.1246     2.5325      8.108     2.9606    12.2285 1.0715e-01     0.1667    95.9169     6.8977     7.0535    32.0079    32.0061    25.3065    25.3054    7.23446 0.0000e+00
      10148     38.625     4.9753     4.9717   3.085902   3.085487     2.1242     2.5325      8.108     3.0726    12.1890 1.0715e-01     0.1667    95.9169     6.8954     7.0517    32.0078    32.0065    25.3064    25.3057    7.23444 0.0000e+00
      10151     38.590     4.9740     4.9708   3.085790   3.085444     2.1242     2.5317      8.108     3.0624    12.1496 1.0715e-01     0.1667    95.9169     6.8951     7.0486    32.0077    32.0068    25.3064    25.3061    7.23467 0.0000e+00
      10799     38.545     4.9537     4.9521   3.084849   3.084539     2.1226     2.5292      8.108     2.7470   324.9814 1.0715e-01     0.1664    95.9256     6.9006     7.0487    32.0165    32.0145    25.3156    25.3142    7.23782 0.0000e+00
      11125     38.357     4.9552     4.9517   3.085109   3.084700     2.1222     2.5272      8.110     2.5842   481.3184 1.0727e-01     0.1649    95.9604     6.9011     7.0451    32.0181    32.0168    25.3167    25.3160    7.23748 0.0000e+00
      11128     38.146     4.9669     4.9641   3.085627   3.085165     2.1222     2.5284      8.110     2.6147   481.3184 1.0715e-01     0.1649    95.9604     6.8996     7.0486    32.0129    32.0103    25.3113    25.3096    7.23567 0.0000e+00
      11131     37.945     4.9713     4.9625   3.085809   3.084988     2.1222     2.5288      8.108     2.6046   481.3579 1.0715e-01     0.1649    95.9604     6.8993     7.0531    32.0109    32.0099    25.3093    25.3094    7.23500 0.0000e+00
      11134     37.751     4.9728     4.9636   3.085845   3.085089     2.1226     2.5288      8.108     2.6046   481.3579 1.0727e-01     0.1649    95.9604     6.9002     7.0549    32.0099    32.0101    25.3083    25.3094    7.23477 0.0000e+00
      11137     37.569     4.9751     4.9620   3.085964   3.084895     2.1230     2.5284      8.108     2.6147   481.3579 1.0715e-01     0.1649    95.9604     6.9019     7.0543    32.0092    32.0095    25.3075    25.3091    7.23441 0.0000e+00
      11140     37.393     4.9725     4.9594   3.085709   3.084803     2.1226     2.5284      8.108     2.6758   481.3184 1.0727e-01     0.1649    95.9604     6.9020     7.0557    32.0088    32.0110    25.3075    25.3107    7.23487 0.0000e+00
      11143     37.223     4.9718     4.9640   3.085740   3.085177     2.1234     2.5292      8.108     2.8080   481.3579 1.0715e-01     0.1653    95.9517     6.9067     7.0586    32.0100    32.0110    25.3085    25.3102    7.23495 0.0000e+00
      11146     37.063     4.9729     4.9668   3.085789   3.085243     2.1230     2.5305      8.110     2.7877   481.3579 1.0715e-01     0.1656    95.9430     6.9065     7.0619    32.0096    32.0092    25.3080    25.3084    7.23478 0.0000e+00
      11149     36.914     4.9713     4.9670   3.085708   3.085261     2.1234     2.5292      8.113     2.7775   481.3579 1.0715e-01     0.1653    95.9517     6.9072     7.0560    32.0102    32.0092    25.3087    25.3084    7.23502 0.0000e+00
      11152     36.780     4.9748     4.9728   3.086004   3.085606     2.1243     2.5309      8.108     2.7775   481.3184 1.0715e-01     0.1660    95.9343     6.9088     7.0583    32.0103    32.0077    25.3084    25.3066    7.23441 0.0000e+00
      11155     36.656     4.9788     4.9762   3.086214   3.085722     2.1243     2.5305      8.113     2.7775   329.1662 1.0715e-01     0.1656    95.9430     6.9089     7.0548    32.0090    32.0058    25.3069    25.3047    7.23377 0.0000e+00
      11158     36.549     4.9825     4.9722   3.086467   3.085498     2.1247     2.5313      8.113     2.7877    -0.2469 1.0715e-01     0.1656    95.9430     6.9100     7.0575    32.0083    32.0071    25.3060    25.3062    7.23314 0.0000e+00
      11161     36.454     4.9855     4.9679   3.086591   3.085316     2.1247     2.5301      8.111     2.7877    10.5309 1.0715e-01     0.1653    95.9517     6.9098     7.0536    32.0070    32.0092    25.3046    25.3083    7.23269 0.0000e+00
      11164     36.372     4.9875     4.9710   3.086702   3.085486     2.1255     2.5317      8.113     2.7877    10.1361 1.0715e-01     0.1649    95.9604     6.9114     7.0548    32.0063    32.0082    25.3038    25.3072    7.23236 0.0000e+00
      11167     36.306     4.9899     4.9637   3.086819   3.084986     2.1255     2.5313      8.111     3.0929    10.2151 1.0715e-01     0.1635    95.9952     6.9112     7.0505    32.0054    32.0095    25.3029    25.3090    7.23199 0.0000e+00
      11170     36.256     4.9892     4.9575   3.086721   3.084664     2.1255     2.5309      8.113     3.2456    10.1361 1.0715e-01     0.1639    95.9865     6.9101     7.0488    32.0049    32.0119    25.3026    25.3115    7.23213 0.0000e+00
      11173     36.217     4.9895     4.9572   3.086825   3.084676     2.1247     2.5313      8.113     3.2456    10.0966 1.0715e-01     0.1639    95.9865     6.9024     7.0489    32.0058    32.0123    25.3033    25.3119    7.23203 0.0000e+00
      11196     36.188     4.9855     4.9546   3.086525   3.084499     2.1271     2.5333      8.113     3.1743     5.7934 1.0715e-01     0.1646    95.9691     6.9211     7.0725    32.0063    32.0128    25.3041    25.3125    7.23272 0.0000e+00
      11238     36.113     4.9662     4.9514   3.085372   3.084330     2.1312     2.5378      8.113     3.0319    15.1105 1.0715e-01     0.1664    95.9256     6.9653     7.1271    32.0116    32.0140    25.3104    25.3138    7.23585 0.0000e+00
      11241     36.003     4.9681     4.9553   3.085494   3.084507     2.1316     2.5386      8.113     3.0217    18.6636 1.0715e-01     0.1660    95.9343     6.9708     7.1322    32.0112    32.0122    25.3099    25.3121    7.23553 0.0000e+00
      11244     35.880     4.9675     4.9549   3.085336   3.084453     2.1328     2.5398      8.113     3.0522    18.5057 1.0715e-01     0.1656    95.9430     6.9779     7.1406    32.0101    32.0121    25.3090    25.3120    7.23570 0.0000e+00
      11247     35.739     4.9617     4.9534   3.085056   3.084375     2.1332     2.5390      8.113     3.1336    18.5057 1.0727e-01     0.1635    95.9952     6.9837     7.1399    32.0125    32.0127    25.3116    25.3126    7.23660 0.0000e+00
      11250     35.585     4.9678     4.9595   3.085653   3.084962     2.1336     2.5402      8.113     3.1438    18.5057 1.0715e-01     0.1639    95.9865     6.9875     7.1465    32.0136    32.0137    25.3118    25.3128    7.23547 0.0000e+00
      11253     35.425     4.9860     4.9731   3.087485   3.085740     2.1340     2.5411      8.113     3.1235    18.5057 1.0715e-01     0.1635    95.9952     6.9878     7.1498    32.0172    32.0096    25.3127    25.3080    7.23212 0.0000e+00
      11256     35.252     5.0459     4.9872   3.091266   3.086569     2.1348     2.5423      8.114     3.1336    18.5057 1.0715e-01     0.1635    95.9952     6.9816     7.1530    32.0031    32.0057    25.2950    25.3034    7.22229 0.0000e+00
      11259     35.069     5.0770     4.9827   3.092041   3.085810     2.1352     2.5443      8.117     3.1336    69.9074 1.0715e-01     0.1635    95.9952     6.9800     7.1597    31.9822    32.0014    25.2750    25.3005    7.21784 0.0000e+00
      11262     34.876     5.0732     4.9950   3.091667   3.087616     2.1365     2.5435      8.117     3.1235   464.1056 1.0715e-01     0.1628    96.0125     6.9872     7.1559    31.9816    32.0104    25.2749    25.3063    7.21852 0.0000e+00
      11265     34.675     5.0741     5.0254   3.091833   3.089099     2.1373     2.5447      8.117     3.1336   481.4764 1.0715e-01     0.1635    95.9952     6.9916     7.1577    31.9828    31.9982    25.2757    25.2933    7.21832 0.0000e+00
      11268     34.477     5.0693     5.0499   3.091299   3.090261     2.1373     2.5459      8.117     3.1235   481.1605 1.0715e-01     0.1628    96.0125     6.9933     7.1610    31.9814    31.9881    25.2751    25.2826    7.21922 0.0000e+00
      11271     34.279     5.0511     5.0448   3.090359   3.089616     2.1381     2.5468      8.117     3.0014   481.3579 1.0715e-01     0.1628    96.0125     7.0011     7.1667    31.9882    31.9857    25.2826    25.2814    7.22209 0.0000e+00
      11274     34.079     5.0683     5.0474   3.092196   3.090309     2.1393     2.5488      8.117     2.9098   481.2395 1.0715e-01     0.1628    96.0125     7.0028     7.1717    31.9929    31.9912    25.2844    25.2854    7.21886 0.0000e+00
      11277     33.876     5.1013     5.0782   3.094369   3.093043     2.1401     2.5492      8.117     2.8996   481.3579 1.0715e-01     0.1628    96.0125     7.0001     7.1664    31.9861    31.9931    25.2754    25.2835    7.21341 0.0000e+00
      11280     33.679     5.1224     5.1093   3.095494   3.094296     2.1401     2.5504      8.117     2.8996   481.3184 1.0715e-01     0.1628    96.0125     6.9957     7.1629    31.9788    31.9777    25.2673    25.2679    7.21006 0.0000e+00
      11283     33.484     5.1309     5.1152   3.095867   3.094724     2.1409     2.5504      8.117     2.9098   481.3579 1.0727e-01     0.1628    96.0125     6.9968     7.1601    31.9750    31.9770    25.2634    25.2667    7.20876 0.0000e+00
      11286     33.290     5.1353     5.1269   3.096269   3.095580     2.1422     2.5520      8.117     2.9199   311.8744 1.0715e-01     0.1657    95.9430     6.9993     7.1632    31.9755    31.9757    25.2633    25.2644    7.20797 0.0000e+00
      11289     33.103     5.1399     5.1348   3.096593   3.096072     2.1426     2.5537      8.117     2.9199    -2.8130 1.0715e-01     0.1671    95.9082     6.9988     7.1658    31.9749    31.9739    25.2623    25.2621    7.20720 0.0000e+00
      11292     32.925     5.1456     5.1395   3.097021   3.096312     2.1434     2.5545      8.117     2.9199    -1.2733 1.0715e-01     0.1671    95.9082     7.0007     7.1645    31.9744    31.9722    25.2613    25.2602    7.20623 0.0000e+00
      11295     32.754     5.1463     5.1397   3.096962   3.096277     2.1438     2.5549      8.117     2.9199    -0.2863 1.0715e-01     0.1671    95.9082     7.0004     7.1610    31.9732    31.9717    25.2602    25.2598    7.20617 0.0000e+00
      11298     32.594     5.1463     5.1391   3.097034   3.096288     2.1446     2.5561      8.117     3.1031    -0.3258 1.0715e-01     0.1671    95.9082     7.0013     7.1618    31.9741    31.9725    25.2610    25.2604    7.20612 0.0000e+00
      11301     32.442     5.1504     5.1429   3.097390   3.096639     2.1454     2.5561      8.120     3.1438    -0.3258 1.0715e-01     0.1671    95.9082     7.0023     7.1600    31.9743    31.9729    25.2606    25.2604    7.20540 0.0000e+00
      11304     32.300     5.1534     5.1429   3.097654   3.096549     2.1458     2.5569      8.118     3.1438    -0.3258 1.0715e-01     0.1671    95.9082     7.0029     7.1616    31.9745    31.9719    25.2605    25.2596    7.20486 0.0000e+00
      11307     32.167     5.1575     5.1406   3.097876   3.096403     2.1466     2.5578      8.121     3.1540    -0.3258 1.0715e-01     0.1664    95.9256     7.0024     7.1617    31.9732    31.9726    25.2590    25.2604    7.20421 0.0000e+00
      11310     32.045     5.1561     5.1386   3.097662   3.096294     2.1466     2.5590      8.121     3.1540    -0.3653 1.0715e-01     0.1660    95.9343     6.9998     7.1629    31.9722    31.9733    25.2583    25.2612    7.20451 0.0000e+00
      11313     31.939     5.1527     5.1393   3.097453   3.096329     2.1475     2.5602      8.121     3.1438   295.9644 1.0715e-01     0.1656    95.9430     7.0026     7.1649    31.9730    31.9730    25.2594    25.2609    7.20506 0.0000e+00
      11316     31.844     5.1530     5.1418   3.097572   3.096539     2.1483     2.5594      8.121     3.1438   481.6738 1.0715e-01     0.1660    95.9343     7.0057     7.1604    31.9742    31.9731    25.2603    25.2606    7.20496 0.0000e+00
      11319     31.758     5.1525     5.1429   3.097607   3.096616     2.1487     2.5602      8.121     3.1438   480.9632 1.0715e-01     0.1660    95.9343     7.0064     7.1618    31.9751    31.9730    25.2611    25.2604    7.20500 0.0000e+00
      11322     31.681     5.1607     5.1417   3.098366   3.096544     2.1487     2.5610      8.121     3.1743   481.3579 1.0715e-01     0.1660    95.9343     7.0018     7.1639    31.9760    31.9734    25.2608    25.2609    7.20353 0.0000e+00
      11325     31.617     5.1665     5.1443   3.098662   3.096730     2.1495     2.5626      8.121     3.3473   481.3184 1.0715e-01     0.1660    95.9343     7.0033     7.1689    31.9738    31.9730    25.2584    25.2603    7.20261 0.0000e+00
      11328     31.563     5.1664     5.1464   3.098523   3.096905     2.1503     2.5626      8.121     3.3575   481.3184 1.0715e-01     0.1671    95.9082     7.0048     7.1661    31.9724    31.9730    25.2574    25.2600    7.20271 0.0000e+00
      11331     31.519     5.1640     5.1469   3.098415   3.096913     2.1503     2.5630      8.123     3.3575   481.2790 1.0715e-01     0.1671    95.9082     7.0047     7.1642    31.9734    31.9727    25.2585    25.2598    7.20307 0.0000e+00
      11334     31.485     5.1657     5.1383   3.098557   3.096221     2.1507     2.5639      8.123     3.3677   481.3184 1.0715e-01     0.1671    95.9082     7.0046     7.1666    31.9734    31.9731    25.2583    25.2610    7.20278 0.0000e+00
      11337     31.456     5.1667     5.1395   3.098655   3.096460     2.1515     2.5643      8.123     3.3372   476.3836 1.0715e-01     0.1671    95.9082     7.0039     7.1691    31.9736    31.9746    25.2583    25.2621    7.20259 0.0000e+00
      11357     31.356     5.1214     5.1296   3.095274   3.095628     2.1540     2.5671      8.126     3.3473     4.6880 1.0715e-01     0.1660    95.9343     7.0183     7.1749    31.9784    31.9746    25.2671    25.2632    7.21026 0.0000e+00
      11360     31.325     5.1243     5.1257   3.095574   3.095356     2.1536     2.5691      8.126     3.3372     4.6880 1.0715e-01     0.1660    95.9343     7.0146     7.1818    31.9791    31.9752    25.2673    25.2641    7.20972 0.0000e+00
      11363     31.292     5.1263     5.1221   3.095644   3.095110     2.1548     2.5691      8.126     3.3372     4.6880 1.0715e-01     0.1660    95.9343     7.0228     7.1827    31.9780    31.9759    25.2663    25.2651    7.20943 0.0000e+00
      11366     31.252     5.1358     5.1235   3.096562   3.095280     2.1544     2.5687      8.126     3.3372   402.0051 1.0715e-01     0.1671    95.9082     7.0235     7.1811    31.9794    31.9766    25.2663    25.2654    7.20771 0.0000e+00
      11369     31.204     5.1478     5.1228   3.097001   3.095119     2.1556     2.5695      8.126     3.3677   481.8712 1.0715e-01     0.1693    95.8561     7.0274     7.1868    31.9729    31.9754    25.2599    25.2646    7.20592 0.0000e+00
      11372     31.150     5.1404     5.1224   3.096432   3.095113     2.1564     2.5712      8.126     3.3575   481.0421 1.0715e-01     0.1693    95.8561     7.0334     7.1947    31.9735    31.9757    25.2612    25.2649    7.20717 0.0000e+00
      11375     31.095     5.1374     5.1236   3.096635   3.095164     2.1564     2.5704      8.126     3.4185   481.3579 1.0715e-01     0.1693    95.8561     7.0351     7.1946    31.9787    31.9752    25.2656    25.2644    7.20745 0.0000e+00
      11378     31.040     5.1525     5.1238   3.097770   3.095175     2.1568     2.5708      8.126     3.6933   481.3579 1.0715e-01     0.1693    95.8561     7.0344     7.1981    31.9774    31.9752    25.2628    25.2643    7.20490 0.0000e+00
