Datasets/AZMP/HUD120/hud120_2020_028.cnv
* Sea-Bird SBE 9 Data File:
* FileName = C:\CTDDATA\hud120_2020_028.hex
* Software Version Seasave V 7.26.7.110
* Temperature SN = 1697
* Conductivity SN = 4216
* Number of Bytes Per Scan = 30
* Number of Voltage Words = 4
* Number of Scans Averaged by the Deck Unit = 1
* NMEA baud rate = 4800
** VESSEL/TRIP/SEQ STN:  hud120_2020_028
** LATITUDE XX XX.XX: 42 55.20 N
** LONGITUDE XX XX.XX: 049 56.50 W
** SOUNDING DEPTH (M): 0177
** PROBE TYPE: S1146
** CTD NUMBER: 018
** FORMAT: V
** COMMENTS (14 CHAR): SEGB-14
** BOTTLES:  0
** LEVELS:
** STICKERS:
** VNET: Y
** DO2: N
# nquan = 22
# nvalues = 2985                        
# units = specified
# name 0 = scan: Scan Count
# name 1 = prDM: Pressure, Digiquartz [db]
# name 2 = t090C: Temperature [ITS-90, deg C]
# name 3 = t190C: Temperature, 2 [ITS-90, deg C]
# name 4 = c0S/m: Conductivity [S/m]
# name 5 = c1S/m: Conductivity, 2 [S/m]
# name 6 = sbeox0V: Oxygen raw, SBE 43 [V]
# name 7 = sbeox1V: Oxygen raw, SBE 43, 2 [V]
# name 8 = ph: pH
# name 9 = flECO-AFL: Fluorescence, WET Labs ECO-AFL/FL [mg/m^3]
# name 10 = wetCDOM: Fluorescence, WET Labs CDOM [mg/m^3]
# name 11 = par/sat/log: PAR/Logarithmic, Satlantic [umol photons/m^2/sec]
# name 12 = CStarAt0: Beam Attenuation, WET Labs C-Star [1/m]
# name 13 = CStarTr0: Beam Transmission, WET Labs C-Star [%]
# name 14 = sbeox0ML/L: Oxygen, SBE 43 [ml/l], WS = 2
# name 15 = sbeox1ML/L: Oxygen, SBE 43, 2 [ml/l], WS = 2
# name 16 = sal00: Salinity, Practical [PSU]
# name 17 = sal11: Salinity, Practical, 2 [PSU]
# name 18 = sigma-t00: Density [sigma-t, kg/m^3 ]
# name 19 = sigma-t11: Density, 2 [sigma-t, kg/m^3 ]
# name 20 = oxsatML/L: Oxygen Saturation, Weiss [ml/l]
# name 21 = flag: flag
# span 0 =         32,      11632       
# span 1 =      3.621,    171.549       
# span 2 =    -0.1790,     5.1882       
# span 3 =    -0.1847,     5.1825       
# span 4 =   2.762246,   3.143476       
# span 5 =   2.761778,   3.143084       
# span 6 =     1.9154,     2.2096       
# span 7 =     2.2674,     2.6377       
# span 8 =      7.930,      8.070       
# span 9 =     0.8850,     6.2370       
# span 10 =    -2.8130,   482.1870      
# span 11 = 1.0666e-01, 3.5952e-01      
# span 12 =     0.0647,     0.2830      
# span 13 =    93.1702,    98.3942      
# span 14 =     6.7276,     7.4936      
# span 15 =     6.8453,     7.7110      
# span 16 =    32.4382,    33.8681      
# span 17 =    32.4362,    33.8677      
# span 18 =    25.6432,    27.1276      
# span 19 =    25.6403,    27.1274      
# span 20 =    7.17501,    8.17926      
# span 21 = 0.0000e+00, 0.0000e+00      
# interval = scans: 3                   
# start_time = Nov 19 2020 03:04:35 [System UTC, header]
# bad_flag = -9.990e-29
*END*
[from data line 1647]
       7119    154.815     0.9692     0.9698   2.902301   2.902431     1.9162     2.2720      7.936     1.0071     1.3718 1.0752e-01     0.0747    98.1508     6.7574     6.8944    33.8086    33.8096    27.0894    27.0902    7.90625 0.0000e+00
       7122    154.746     0.9669     0.9598   2.901704   2.901804     1.9162     2.2716      7.936     0.9969     1.4507 1.0752e-01     0.0747    98.1508     6.7577     6.8935    33.8034    33.8124    27.0854    27.0930    7.90699 0.0000e+00
       7125    154.680     0.9656     0.9607   2.901714   2.901790     1.9175     2.2724      7.936     0.9969     1.4507 1.0752e-01     0.0729    98.1943     6.7609     6.8974    33.8050    33.8113    27.0867    27.0921    7.90717 0.0000e+00
       7128    154.623     0.9558     0.9542   2.900739   2.900606     1.9171     2.2724      7.936     0.9867     1.4507 1.0752e-01     0.0725    98.2030     6.7634     6.9000    33.8032    33.8032    27.0859    27.0860    7.90931 0.0000e+00
       7131    154.565     0.9503     0.9425   2.900560   2.899256     1.9171     2.2708      7.936     0.9867     1.4507 1.0752e-01     0.0725    98.2030     6.7640     6.8971    33.8068    33.7985    27.0892    27.0830    7.91024 0.0000e+00
       7134    154.511     0.9682     0.9307   2.903125   2.898403     1.9171     2.2716      7.936     1.0071     1.4507 1.0752e-01     0.0725    98.2030     6.7598     6.9011    33.8205    33.8004    27.0990    27.0852    7.90582 0.0000e+00
       7137    154.457     0.9725     0.9317   2.903166   2.898759     1.9167     2.2732      7.936     1.0376     1.4507 1.0752e-01     0.0729    98.1943     6.7566     6.9077    33.8163    33.8040    27.0954    27.0880    7.90515 0.0000e+00
       7140    154.408     0.9558     0.9508   2.901095   2.900491     1.9171     2.2724      7.936     1.0274     1.4507 1.0752e-01     0.0729    98.1943     6.7651     6.9024    33.8079    33.8055    27.0896    27.0881    7.90905 0.0000e+00
       7143    154.359     0.9469     0.9541   2.900575   2.900795     1.9171     2.2716      7.936     1.0173     1.4902 1.0752e-01     0.0739    98.1682     6.7710     6.8951    33.8109    33.8059    27.0926    27.0881    7.91073 0.0000e+00
       7146    154.311     0.9506     0.9602   2.901284   2.902429     1.9171     2.2716      7.936     1.0376     1.6481 1.0752e-01     0.0768    98.0987     6.7679     6.8908    33.8160    33.8204    27.0965    27.0994    7.90969 0.0000e+00
       7149    154.266     0.9587     0.9889   2.902227   2.905035     1.9167     2.2724      7.936     1.0071     1.6876 1.0752e-01     0.0764    98.1074     6.7625     6.8858    33.8194    33.8228    27.0987    27.0995    7.90784 0.0000e+00
       7152    154.218     0.9754     0.9979   2.903485   2.905785     1.9171     2.2720      7.936     1.0173     1.6876 1.0752e-01     0.0761    98.1161     6.7620     6.8839    33.8175    33.8226    27.0961    27.0988    7.90450 0.0000e+00
       7155    154.169     0.9560     0.9911   2.900697   2.904591     1.9171     2.2724      7.936     1.0173     1.6876 1.0752e-01     0.0764    98.1074     6.7640     6.8856    33.8026    33.8146    27.0854    27.0928    7.90928 0.0000e+00
       7158    154.119     0.9454     0.9843   2.899876   2.904280     1.9162     2.2720      7.936     1.0376     1.6876 1.0740e-01     0.0768    98.0987     6.7615     6.8820    33.8036    33.8181    27.0869    27.0960    7.91142 0.0000e+00
       7161    154.068     0.9384     0.9790   2.898935   2.903487     1.9171     2.2732      7.936     1.0173     1.6876 1.0740e-01     0.0764    98.1074     6.7660     6.8860    33.7991    33.8137    27.0837    27.0928    7.91311 0.0000e+00
       7164    154.015     0.9205     0.9599   2.897007   2.901408     1.9179     2.2728      7.936     1.0274     1.6876 1.0752e-01     0.0764    98.1074     6.7728     6.8893    33.7938    33.8077    27.0805    27.0893    7.91710 0.0000e+00
       7167    153.961     0.9135     0.9659   2.897467   2.903174     1.9179     2.2712      7.936     1.0173     1.6876 1.0752e-01     0.0747    98.1508     6.7728     6.8792    33.8074    33.8239    27.0919    27.1019    7.91782 0.0000e+00
       7170    153.902     0.9165     0.9861   2.898221   2.905181     1.9171     2.2712      7.936     1.0173     0.7401 1.0752e-01     0.0754    98.1335     6.7688     6.8698    33.8138    33.8278    27.0969    27.1037    7.91685 0.0000e+00
       7173    153.838     0.9289     0.9811   2.898164   2.903627     1.9171     2.2720      7.936     1.0376    -0.6416 1.0752e-01     0.0750    98.1421     6.7663     6.8726    33.7997    33.8133    27.0847    27.0924    7.91505 0.0000e+00
       7176    153.774     0.9175     0.9517   2.896684   2.900475     1.9166     2.2720      7.936     1.0173    -0.5627 1.0752e-01     0.0754    98.1335     6.7686     6.8763    33.7931    33.8047    27.0802    27.0873    7.91777 0.0000e+00
       7179    153.702     0.9078     0.9358   2.896403   2.899123     1.9167     2.2716      7.936     1.0274    -0.5627 1.0752e-01     0.0750    98.1421     6.7724     6.8782    33.8000    33.8047    27.0863    27.0883    7.91940 0.0000e+00
       7182    153.624     0.9148     0.9309   2.897059   2.898991     1.9167     2.2720      7.936     1.0173    -0.5627 1.0752e-01     0.0757    98.1248     6.7722     6.8797    33.8009    33.8083    27.0866    27.0916    7.91790 0.0000e+00
       7185    153.544     0.9189     0.9326   2.897139   2.899739     1.9167     2.2712      7.936     1.0173    -0.5627 1.0752e-01     0.0740    98.1682     6.7693     6.8747    33.7975    33.8162    27.0836    27.0978    7.91723 0.0000e+00
       7188    153.459     0.9183     0.9415   2.896542   2.901119     1.9171     2.2712      7.936     0.9867    -0.6022 1.0752e-01     0.0736    98.1769     6.7722     6.8752    33.7905    33.8242    27.0780    27.1037    7.91773 0.0000e+00
       7191    153.368     0.8997     0.9568   2.893814   2.902109     1.9167     2.2704      7.936     0.9969    -0.5627 1.0752e-01     0.0736    98.1769     6.7792     6.8696    33.7756    33.8205    27.0672    27.0997    7.92238 0.0000e+00
       7194    153.272     0.8889     0.9605   2.893514   2.901435     1.9171     2.2708      7.936     0.9867    -0.5627 1.0752e-01     0.0736    98.1769     6.7872     6.8704    33.7836    33.8078    27.0743    27.0893    7.92420 0.0000e+00
       7197    153.169     0.8951     0.9403   2.894607   2.899038     1.9171     2.2704      7.936     1.0071   317.5594 1.0740e-01     0.0736    98.1769     6.7839     6.8743    33.7910    33.7989    27.0799    27.0834    7.92252 0.0000e+00
       7200    153.061     0.9013     0.9268   2.895341   2.898118     1.9179     2.2704      7.936     0.9969   481.9106 1.0752e-01     0.0736    98.1769     6.7853     6.8786    33.7937    33.8019    27.0817    27.0866    7.92107 0.0000e+00
       7203    152.949     0.9069     0.9365   2.895749   2.900121     1.9175     2.2712      7.936     1.0071   480.9632 1.0740e-01     0.0736    98.1769     6.7812     6.8779    33.7930    33.8172    27.0808    27.0983    7.91997 0.0000e+00
       7206    152.833     0.9089     0.9534   2.896155   2.901714     1.9175     2.2700      7.936     1.0071   481.2395 1.0752e-01     0.0732    98.1856     6.7797     6.8701    33.7961    33.8194    27.0831    27.0990    7.91938 0.0000e+00
       7209    152.711     0.9135     0.9667   2.896424   2.902746     1.9171     2.2700      7.936     0.9969   481.2790 1.0752e-01     0.0732    98.1856     6.7735     6.8719    33.7946    33.8183    27.0817    27.0973    7.91851 0.0000e+00
       7212    152.584     0.9206     0.9670   2.897895   2.902136     1.9171     2.2700      7.936     0.9765   481.3579 1.0752e-01     0.0736    98.1769     6.7690     6.8784    33.8060    33.8102    27.0903    27.0907    7.91643 0.0000e+00
       7215    152.454     0.9352     0.9464   2.898783   2.899328     1.9179     2.2700      7.936     0.9562   481.3184 1.0752e-01     0.0729    98.1943     6.7666     6.8855    33.8017    33.7965    27.0859    27.0811    7.91365 0.0000e+00
       7218    152.322     0.9206     0.9380   2.896226   2.899260     1.9179     2.2708      7.936     0.9562   481.3579 1.0752e-01     0.0732    98.1856     6.7674     6.8909    33.7846    33.8048    27.0732    27.0883    7.91758 0.0000e+00
       7221    152.188     0.8848     0.9357   2.891510   2.897977     1.9162     2.2704      7.936     0.9562   467.9745 1.0740e-01     0.0736    98.1769     6.7668     6.8934    33.7628    33.7909    27.0578    27.0772    7.92617 0.0000e+00
       7224    152.048     0.8587     0.9116   2.889766   2.894442     1.9171     2.2700      7.936     0.9562    44.8382 1.0752e-01     0.0736    98.1769     6.7766     6.9009    33.7687    33.7715    27.0642    27.0632    7.93125 0.0000e+00
       7227    151.907     0.8515     0.8765   2.889296   2.890875     1.9179     2.2691      7.936     0.9460    -0.9575 1.0740e-01     0.0736    98.1769     6.7851     6.9076    33.7706    33.7638    27.0662    27.0591    7.93266 0.0000e+00
       7230    151.767     0.8482     0.8532   2.889124   2.889438     1.9171     2.2691      7.936     0.9562     1.5692 1.0752e-01     0.0736    98.1769     6.7831     6.9144    33.7720    33.7706    27.0675    27.0661    7.93326 0.0000e+00
       7233    151.626     0.8490     0.8464   2.889303   2.889092     1.9171     2.2716      7.936     0.9663     1.4507 1.0740e-01     0.0743    98.1595     6.7856     6.9251    33.7736    33.7737    27.0687    27.0689    7.93301 0.0000e+00
       7236    151.488     0.8493     0.8441   2.889252   2.888880     1.9167     2.2716      7.936     0.9663     1.4507 1.0752e-01     0.0740    98.1682     6.7858     6.9261    33.7726    33.7735    27.0679    27.0690    7.93299 0.0000e+00
       7239    151.349     0.8489     0.8435   2.889177   2.888816     1.9167     2.2704      7.936     0.9867     1.4507 1.0752e-01     0.0740    98.1682     6.7870     6.9236    33.7721    33.7733    27.0676    27.0689    7.93310 0.0000e+00
       7242    151.209     0.8481     0.8414   2.889086   2.888427     1.9167     2.2708      7.936     0.9969     1.4507 1.0752e-01     0.0743    98.1595     6.7885     6.9256    33.7719    33.7707    27.0674    27.0669    7.93328 0.0000e+00
       7245    151.072     0.8480     0.8392   2.889106   2.888308     1.9175     2.2712      7.936     0.9969     1.4507 1.0752e-01     0.0743    98.1595     6.7935     6.9311    33.7724    33.7717    27.0678    27.0678    7.93328 0.0000e+00
       7248    150.934     0.8477     0.8406   2.889063   2.888522     1.9175     2.2720      7.936     0.9867     2.5956 1.0752e-01     0.0743    98.1595     6.7935     6.9351    33.7723    33.7729    27.0678    27.0687    7.93335 0.0000e+00
       7251    150.799     0.8478     0.8418   2.889059   2.888567     1.9175     2.2712      7.936     1.0071     7.0962 1.0752e-01     0.0747    98.1508     6.7966     6.9300    33.7721    33.7724    27.0676    27.0682    7.93333 0.0000e+00
       7254    150.666     0.8483     0.8401   2.889075   2.888332     1.9175     2.2712      7.936     1.0071     7.0173 1.0752e-01     0.0743    98.1595     6.7985     6.9263    33.7719    33.7713    27.0674    27.0674    7.93324 0.0000e+00
       7257    150.535     0.8467     0.8394   2.888848   2.888346     1.9179     2.2712      7.936     0.9765     7.0173 1.0752e-01     0.0743    98.1595     6.8015     6.9246    33.7708    33.7723    27.0666    27.0683    7.93363 0.0000e+00
       7260    150.408     0.8475     0.8386   2.889075   2.888138     1.9183     2.2720      7.936     0.9765     7.0173 1.0752e-01     0.0747    98.1508     6.8034     6.9308    33.7730    33.7705    27.0683    27.0669    7.93336 0.0000e+00
       7263    150.283     0.8477     0.8366   2.888963   2.887956     1.9171     2.2724      7.936     1.0071     7.0173 1.0752e-01     0.0747    98.1508     6.7964     6.9316    33.7713    33.7704    27.0670    27.0669    7.93340 0.0000e+00
       7266    150.156     0.8421     0.8364   2.888105   2.887929     1.9171     2.2716      7.936     1.0376     7.0173 1.0740e-01     0.0747    98.1508     6.7967     6.9271    33.7664    33.7704    27.0634    27.0669    7.93483 0.0000e+00
       7269    150.033     0.8375     0.8322   2.887822   2.887414     1.9179     2.2728      7.936     1.0274     7.0173 1.0752e-01     0.0747    98.1508     6.8024     6.9324    33.7679    33.7684    27.0648    27.0655    7.93571 0.0000e+00
       7272    149.911     0.8368     0.8318   2.887852   2.887442     1.9183     2.2724      7.936     1.0274     7.0173 1.0752e-01     0.0747    98.1508     6.8041     6.9310    33.7691    33.7692    27.0659    27.0663    7.93579 0.0000e+00
       7275    149.791     0.8373     0.8322   2.887874   2.887476     1.9183     2.2724      7.936     1.0274   236.2326 1.0752e-01     0.0750    98.1421     6.8041     6.9321    33.7689    33.7693    27.0657    27.0663    7.93570 0.0000e+00
       7278    149.672     0.8369     0.8323   2.887822   2.887523     1.9179     2.2724      7.936     1.0274   482.1870 1.0752e-01     0.0747    98.1508     6.8011     6.9306    33.7687    33.7698    27.0655    27.0667    7.93578 0.0000e+00
       7281    149.552     0.8370     0.8345   2.887813   2.887866     1.9183     2.2732      7.936     1.0274   481.0816 1.0740e-01     0.0750    98.1421     6.8051     6.9300    33.7686    33.7720    27.0654    27.0683    7.93577 0.0000e+00
       7284    149.435     0.8374     0.8365   2.887849   2.887975     1.9183     2.2724      7.936     1.0376   481.3184 1.0740e-01     0.0750    98.1421     6.8046     6.9244    33.7687    33.7713    27.0654    27.0676    7.93568 0.0000e+00
       7287    149.320     0.8375     0.8366   2.887904   2.887830     1.9183     2.2724      7.936     1.0274   481.3579 1.0752e-01     0.0747    98.1508     6.8055     6.9253    33.7693    33.7694    27.0660    27.0661    7.93563 0.0000e+00
       7290    149.209     0.8377     0.8322   2.887881   2.887302     1.9187     2.2728      7.936     1.0376   481.3184 1.0752e-01     0.0747    98.1508     6.8059     6.9276    33.7688    33.7674    27.0656    27.0648    7.93560 0.0000e+00
       7293    149.096     0.8372     0.8297   2.887825   2.887183     1.9191     2.2736      7.936     1.0274   481.3184 1.0752e-01     0.0747    98.1508     6.8030     6.9302    33.7687    33.7686    27.0655    27.0659    7.93572 0.0000e+00
       7296    148.984     0.8364     0.8306   2.887790   2.887341     1.9187     2.2728      7.936     1.0274   481.3579 1.0752e-01     0.0747    98.1508     6.7987     6.9278    33.7692    33.7698    27.0660    27.0668    7.93586 0.0000e+00
       7299    148.876     0.8365     0.8317   2.887792   2.887423     1.9183     2.2736      7.936     1.0173   481.3184 1.0740e-01     0.0747    98.1508     6.7974     6.9302    33.7693    33.7697    27.0660    27.0667    7.93584 0.0000e+00
       7302    148.769     0.8374     0.8322   2.887898   2.887491     1.9191     2.2732      7.936     1.0274   115.4662 1.0752e-01     0.0747    98.1508     6.8014     6.9295    33.7697    33.7700    27.0663    27.0669    7.93563 0.0000e+00
       7305    148.666     0.8377     0.8336   2.887874   2.887644     1.9191     2.2724      7.936     1.0274    -0.4838 1.0752e-01     0.0743    98.1595     6.8003     6.9253    33.7691    33.7706    27.0658    27.0673    7.93560 0.0000e+00
       7308    148.562     0.8384     0.8345   2.888022   2.887707     1.9183     2.2736      7.936     1.0274     3.5431 1.0752e-01     0.0725    98.2030     6.7955     6.9320    33.7703    33.7705    27.0667    27.0671    7.93538 0.0000e+00
