Datasets/AZMP/HUD120/hud120_2020_071.cnv
* Sea-Bird SBE 9 Data File:
* FileName = C:\CTDDATA\hud120_2020_071.hex
* Software Version Seasave V 7.26.7.110
* Temperature SN = 1697
* Conductivity SN = 4216
* Number of Bytes Per Scan = 30
* Number of Voltage Words = 4
* Number of Scans Averaged by the Deck Unit = 1
* NMEA baud rate = 4800
** VESSEL/TRIP/SEQ STN:  hud120_2020_071
** LATITUDE XX XX.XX: 47 00.00 N
** LONGITUDE XX XX.XX: 048 37.00 W
** SOUNDING DEPTH (M): 0109
** PROBE TYPE: S1146
** CTD NUMBER: 050
** FORMAT: V
** COMMENTS (14 CHAR): FC-11
** BOTTLES:  0
** LEVELS:
** STICKERS:
** VNET: N
** DO2: N
# nquan = 22
# nvalues = 1502                        
# units = specified
# name 0 = scan: Scan Count
# name 1 = prDM: Pressure, Digiquartz [db]
# name 2 = t090C: Temperature [ITS-90, deg C]
# name 3 = t190C: Temperature, 2 [ITS-90, deg C]
# name 4 = c0S/m: Conductivity [S/m]
# name 5 = c1S/m: Conductivity, 2 [S/m]
# name 6 = sbeox0V: Oxygen raw, SBE 43 [V]
# name 7 = sbeox1V: Oxygen raw, SBE 43, 2 [V]
# name 8 = ph: pH
# name 9 = flECO-AFL: Fluorescence, WET Labs ECO-AFL/FL [mg/m^3]
# name 10 = wetCDOM: Fluorescence, WET Labs CDOM [mg/m^3]
# name 11 = par/sat/log: PAR/Logarithmic, Satlantic [umol photons/m^2/sec]
# name 12 = CStarAt0: Beam Attenuation, WET Labs C-Star [1/m]
# name 13 = CStarTr0: Beam Transmission, WET Labs C-Star [%]
# name 14 = sbeox0ML/L: Oxygen, SBE 43 [ml/l], WS = 2
# name 15 = sbeox1ML/L: Oxygen, SBE 43, 2 [ml/l], WS = 2
# name 16 = sal00: Salinity, Practical [PSU]
# name 17 = sal11: Salinity, Practical, 2 [PSU]
# name 18 = sigma-t00: Density [sigma-t, kg/m^3 ]
# name 19 = sigma-t11: Density, 2 [sigma-t, kg/m^3 ]
# name 20 = oxsatML/L: Oxygen Saturation, Weiss [ml/l]
# name 21 = flag: flag
# span 0 =        105,       7964       
# span 1 =      2.426,     98.838       
# span 2 =    -0.5873,     4.7753       
# span 3 =    -0.5927,     4.7703       
# span 4 =   2.707934,   3.076571       
# span 5 =   2.707514,   3.076108       
# span 6 =     1.8660,     2.2202       
# span 7 =     2.2120,     2.6273       
# span 8 =      7.963,      8.147       
# span 9 =     1.0579,     4.7922       
# span 10 =    -2.8130,   482.1870      
# span 11 = 1.0715e-01, 1.3711e+02      
# span 12 =     0.0906,     0.6731      
# span 13 =    84.5126,    97.7597      
# span 14 =     6.4950,     7.3083      
# span 15 =     6.3626,     7.4526      
# span 16 =    32.0884,    33.3508      
# span 17 =    32.0841,    33.3513      
# span 18 =    25.3922,    26.7874      
# span 19 =    25.3896,    26.7880      
# span 20 =    7.26530,    8.28451      
# span 21 = 0.0000e+00, 0.0000e+00      
# interval = scans: 3                   
# start_time = Nov 25 2020 16:33:50 [System UTC, header]
# bad_flag = -9.990e-29
*END*
[from data line 66]
        790     13.083     4.7709     4.7663   3.075596   3.075161     2.2186     2.5959      8.142     3.7645    21.7430 1.2322e+01     0.3496    91.6316     7.2830     7.2566    32.0991    32.0984    25.4006    25.4007    7.26611 0.0000e+00
        793     13.289     4.7713     4.7663   3.075655   3.075104     2.2177     2.5959      8.144     3.6933    21.7035 1.1847e+01     0.3698    91.1709     7.2781     7.2561    32.0992    32.0977    25.4008    25.4001    7.26603 0.0000e+00
        796     13.488     4.7712     4.7666   3.075731   3.075020     2.2190     2.5959      8.144     3.6831    21.7035 1.1417e+01     0.3823    90.8841     7.2821     7.2564    32.1001    32.0964    25.4015    25.3990    7.26600 0.0000e+00
        799     13.682     4.7715     4.7668   3.075654   3.075070     2.2177     2.5942      8.144     3.6831   220.1646 1.1002e+01     0.3816    90.9015     7.2763     7.2513    32.0988    32.0966    25.4005    25.3992    7.26601 0.0000e+00
        802     13.869     4.7713     4.7668   3.075714   3.075201     2.2182     2.5946      8.145     3.6933   482.1870 1.0627e+01     0.3816    90.9015     7.2770     7.2512    32.0996    32.0980    25.4011    25.4003    7.26601 0.0000e+00
        805     14.047     4.7711     4.7667   3.075671   3.075209     2.2186     2.5946      8.145     3.6933   480.9237 1.0289e+01     0.3820    90.8928     7.2764     7.2514    32.0992    32.0982    25.4008    25.4004    7.26606 0.0000e+00
        808     14.217     4.7714     4.7664   3.075739   3.075248     2.2194     2.5942      8.142     3.6831   481.0026 9.9836e+00     0.3816    90.9015     7.2776     7.2499    32.0996    32.0988    25.4011    25.4010    7.26599 0.0000e+00
        811     14.376     4.7707     4.7657   3.075782   3.075253     2.2182     2.5938      8.144     3.7035   481.0026 9.7328e+00     0.3812    90.9102     7.2734     7.2493    32.1008    32.0994    25.4021    25.4015    7.26607 0.0000e+00
        814     14.521     4.7701     4.7647   3.075717   3.075186     2.2169     2.5934      8.144     3.6831   481.0026 9.5433e+00     0.3386    91.8837     7.2710     7.2501    32.1005    32.0996    25.4019    25.4018    7.26618 0.0000e+00
        817     14.655     4.7694     4.7640   3.075551   3.075145     2.2169     2.5934      8.145     3.7136   481.0026 9.3360e+00     0.3321    92.0315     7.2705     7.2518    32.0991    32.0997    25.4009    25.4019    7.26636 0.0000e+00
        820     14.779     4.7692     4.7641   3.075679   3.075168     2.2173     2.5934      8.144     3.8052   481.0026 9.1861e+00     0.3325    92.0228     7.2713     7.2538    32.1008    32.0998    25.4022    25.4020    7.26632 0.0000e+00
        823     14.894     4.7696     4.7641   3.075551   3.075208     2.2173     2.5934      8.145     3.8154   481.0026 9.0804e+00     0.3325    92.0228     7.2723     7.2567    32.0989    32.1002    25.4007    25.4023    7.26635 0.0000e+00
        826     14.992     4.7699     4.7646   3.075725   3.075186     2.2165     2.5922      8.145     3.8256   149.3392 8.9968e+00     0.3325    92.0228     7.2668     7.2533    32.1006    32.0995    25.4020    25.4017    7.26622 0.0000e+00
        829     15.080     4.7692     4.7647   3.075661   3.075059     2.2161     2.5934      8.144     3.8154    11.5179 8.9346e+00     0.3325    92.0228     7.2654     7.2589    32.1005    32.0979    25.4020    25.4004    7.26634 0.0000e+00
        832     15.155     4.7696     4.7643   3.075665   3.075169     2.2161     2.5926      8.145     3.8154    17.3608 8.8729e+00     0.3348    91.9706     7.2681     7.2575    32.1001    32.0995    25.4016    25.4017    7.26629 0.0000e+00
        835     15.218     4.7700     4.7645   3.075632   3.075127     2.2169     2.5922      8.144     3.8256    17.0844 8.8319e+00     0.3424    91.7968     7.2731     7.2580    32.0992    32.0988    25.4009    25.4011    7.26625 0.0000e+00
        838     15.269     4.7704     4.7646   3.075740   3.075191     2.2173     2.5930      8.142     3.8256    17.0844 8.8013e+00     0.3428    91.7881     7.2738     7.2614    32.1001    32.0993    25.4015    25.4015    7.26615 0.0000e+00
        841     15.313     4.7703     4.7649   3.075765   3.075125     2.2161     2.5922      8.145     3.8256    17.0844 8.7911e+00     0.3424    91.7968     7.2677     7.2593    32.1005    32.0983    25.4018    25.4007    7.26614 0.0000e+00
        844     15.350     4.7702     4.7648   3.075710   3.075208     2.2161     2.5922      8.145     3.8154    17.0844 8.7607e+00     0.3428    91.7881     7.2672     7.2603    32.0999    32.0993    25.4014    25.4015    7.26620 0.0000e+00
        847     15.378     4.7702     4.7652   3.075711   3.075192     2.2161     2.5930      8.144     3.8052    17.0844 8.7708e+00     0.3428    91.7881     7.2679     7.2650    32.0999    32.0987    25.4014    25.4010    7.26619 0.0000e+00
        870     15.486     4.7697     4.7649   3.075539   3.075238     2.2149     2.5905      8.144     3.7645    20.0059 9.2017e+00     0.2703    93.4744     7.2629     7.2418    32.0983    32.0995    25.4002    25.4017    7.26635 0.0000e+00
        883     15.554     4.7691     4.7643   3.075653   3.075230     2.2141     2.5897      8.145     3.7340    20.8744 9.4882e+00     0.2340    94.3175     7.2567     7.2292    32.1002    32.0999    25.4018    25.4021    7.26637 0.0000e+00
        886     15.584     4.7690     4.7641   3.075657   3.075198     2.2141     2.5897      8.144     3.7136    20.8744 9.5212e+00     0.2340    94.3175     7.2535     7.2288    32.1003    32.0997    25.4019    25.4019    7.26638 0.0000e+00
        889     15.621     4.7690     4.7638   3.075592   3.075156     2.2137     2.5893      8.144     3.7340    20.8744 9.5653e+00     0.2340    94.3175     7.2501     7.2268    32.0996    32.0996    25.4013    25.4018    7.26642 0.0000e+00
        892     15.669     4.7685     4.7635   3.075655   3.075139     2.2125     2.5897      8.144     3.7136    20.8744 9.6096e+00     0.2333    94.3349     7.2440     7.2273    32.1008    32.0996    25.4023    25.4019    7.26645 0.0000e+00
        895     15.720     4.7684     4.7634   3.075644   3.075128     2.2129     2.5893      8.145     3.7441    20.8744 9.6319e+00     0.2076    94.9434     7.2449     7.2266    32.1007    32.0996    25.4023    25.4019    7.26648 0.0000e+00
        898     15.773     4.7686     4.7640   3.075672   3.075205     2.2137     2.5893      8.147     3.9680    20.8744 9.6654e+00     0.2054    94.9955     7.2464     7.2297    32.1008    32.0998    25.4023    25.4020    7.26643 0.0000e+00
        901     15.832     4.7685     4.7641   3.075673   3.075209     2.2129     2.5877      8.145     3.9782    20.8744 9.6989e+00     0.2054    94.9955     7.2446     7.2244    32.1009    32.0997    25.4024    25.4019    7.26645 0.0000e+00
        904     15.901     4.7685     4.7641   3.075627   3.075157     2.2121     2.5885      8.144     3.9680   259.9200 9.6989e+00     0.2054    94.9955     7.2400     7.2267    32.1003    32.0991    25.4019    25.4014    7.26647 0.0000e+00
        907     15.978     4.7685     4.7636   3.075627   3.075181     2.2116     2.5877      8.145     3.9883   482.0291 9.7326e+00     0.2054    94.9955     7.2378     7.2222    32.1003    32.0999    25.4019    25.4021    7.26648 0.0000e+00
        910     16.061     4.7679     4.7633   3.075632   3.075155     2.2116     2.5877      8.145     3.9782   480.8052 9.7326e+00     0.2054    94.9955     7.2388     7.2193    32.1008    32.0998    25.4024    25.4021    7.26655 0.0000e+00
        913     16.150     4.7688     4.7632   3.075644   3.075176     2.2116     2.5873      8.144     3.9680   481.0026 9.7101e+00     0.2054    94.9955     7.2392     7.2174    32.1001    32.1001    25.4017    25.4023    7.26643 0.0000e+00
        916     16.241     4.7688     4.7635   3.075680   3.075202     2.2112     2.5861      8.144     3.9680   481.0026 9.6989e+00     0.2047    95.0129     7.2364     7.2128    32.1005    32.1000    25.4020    25.4023    7.26641 0.0000e+00
        919     16.339     4.7685     4.7641   3.075676   3.075216     2.2108     2.5869      8.144     3.9883   481.0026 9.6654e+00     0.2054    94.9955     7.2318     7.2154    32.1006    32.0996    25.4021    25.4018    7.26645 0.0000e+00
        922     16.443     4.7681     4.7640   3.075654   3.075183     2.2108     2.5861      8.142     3.9578   481.0026 9.6654e+00     0.2047    95.0129     7.2340     7.2126    32.1007    32.0992    25.4023    25.4015    7.26652 0.0000e+00
        925     16.548     4.7682     4.7639   3.075663   3.075245     2.2108     2.5853      8.144     3.8866   481.0026 9.6654e+00     0.2050    95.0042     7.2359     7.2090    32.1007    32.1000    25.4023    25.4022    7.26651 0.0000e+00
        928     16.657     4.7679     4.7641   3.075682   3.075246     2.2100     2.5853      8.145     3.8764   481.0026 9.6431e+00     0.2047    95.0129     7.2333     7.2073    32.1012    32.0998    25.4027    25.4020    7.26654 0.0000e+00
        931     16.772     4.7680     4.7642   3.075669   3.075286     2.2096     2.5845      8.142     3.8764   481.0026 9.6319e+00     0.2050    95.0042     7.2294     7.2035    32.1009    32.1001    25.4024    25.4022    7.26654 0.0000e+00
        934     16.892     4.7680     4.7642   3.075681   3.075292     2.2100     2.5836      8.144     3.8866   481.0026 9.5985e+00     0.2091    94.9086     7.2286     7.2010    32.1009    32.1001    25.4025    25.4023    7.26654 0.0000e+00
        937     17.015     4.7679     4.7639   3.075705   3.075265     2.2092     2.5849      8.142     3.8866   481.0026 9.5764e+00     0.2120    94.8391     7.2240     7.2051    32.1012    32.1000    25.4027    25.4021    7.26653 0.0000e+00
        940     17.145     4.7680     4.7635   3.075712   3.075236     2.2088     2.5836      8.145     3.8764   481.0026 9.5432e+00     0.2120    94.8391     7.2219     7.2014    32.1012    32.1000    25.4027    25.4022    7.26652 0.0000e+00
        943     17.276     4.7678     4.7635   3.075681   3.075228     2.2084     2.5832      8.142     3.8662   481.0026 9.4992e+00     0.2120    94.8391     7.2203     7.1995    32.1009    32.0998    25.4024    25.4021    7.26656 0.0000e+00
        946     17.406     4.7680     4.7634   3.075712   3.075220     2.2092     2.5824      8.144     3.8866   481.0026 9.4663e+00     0.2120    94.8391     7.2217     7.1972    32.1010    32.0998    25.4025    25.4020    7.26653 0.0000e+00
        949     17.535     4.7679     4.7635   3.075729   3.075178     2.2080     2.5824      8.142     3.9273   481.0026 9.4118e+00     0.2120    94.8391     7.2174     7.1993    32.1012    32.0992    25.4027    25.4015    7.26653 0.0000e+00
        952     17.664     4.7680     4.7632   3.075714   3.075223     2.2080     2.5812      8.145     3.9985   481.0026 9.3359e+00     0.2120    94.8391     7.2156     7.1952    32.1009    32.0999    25.4024    25.4021    7.26653 0.0000e+00
        955     17.794     4.7674     4.7630   3.075692   3.075221     2.2072     2.5812      8.144     3.9985   429.7983 9.3035e+00     0.2259    94.5088     7.2109     7.1969    32.1012    32.1000    25.4027    25.4023    7.26663 0.0000e+00
        958     17.922     4.7674     4.7631   3.075684   3.075227     2.2064     2.5812      8.144     4.0087    18.9794 9.2820e+00     0.2303    94.4045     7.2080     7.1975    32.1010    32.0999    25.4026    25.4022    7.26663 0.0000e+00
        961     18.048     4.7674     4.7632   3.075667   3.075230     2.2064     2.5800      8.144     3.9883     3.5826 9.2499e+00     0.2303    94.4045     7.2097     7.1930    32.1008    32.0998    25.4024    25.4021    7.26664 0.0000e+00
        964     18.174     4.7670     4.7627   3.075660   3.075218     2.2064     2.5808      8.142     3.9985     5.2013 9.1860e+00     0.2296    94.4218     7.2108     7.1982    32.1010    32.1001    25.4027    25.4023    7.26671 0.0000e+00
        967     18.302     4.7668     4.7621   3.075666   3.075172     2.2060     2.5796      8.144     4.0188     5.1223 9.1754e+00     0.2307    94.3958     7.2080     7.1961    32.1011    32.1000    25.4027    25.4024    7.26673 0.0000e+00
        970     18.433     4.7664     4.7618   3.075638   3.075154     2.2055     2.5792      8.145     4.0087     5.1223 9.1330e+00     0.2307    94.3958     7.2086     7.1965    32.1012    32.1001    25.4028    25.4025    7.26680 0.0000e+00
        973     18.563     4.7663     4.7617   3.075630   3.075160     2.2051     2.5800      8.144     4.0087     5.1223 9.0909e+00     0.2303    94.4045     7.2094     7.2017    32.1011    32.1001    25.4028    25.4025    7.26682 0.0000e+00
        976     18.697     4.7663     4.7619   3.075642   3.075173     2.2043     2.5784      8.145     3.8764     5.1223 9.0699e+00     0.2296    94.4218     7.2074     7.1981    32.1012    32.1001    25.4029    25.4024    7.26682 0.0000e+00
        979     18.833     4.7666     4.7618   3.075664   3.075162     2.2043     2.5792      8.144     3.8561     5.1223 9.0489e+00     0.2296    94.4218     7.2099     7.2026    32.1012    32.1000    25.4028    25.4023    7.26678 0.0000e+00
        982     18.972     4.7665     4.7619   3.075675   3.075161     2.2047     2.5784      8.147     3.8459   163.3148 9.0176e+00     0.2296    94.4218     7.2120     7.2021    32.1013    32.0998    25.4029    25.4022    7.26678 0.0000e+00
        985     19.114     4.7668     4.7620   3.075688   3.075201     2.2043     2.5775      8.145     3.8561   482.1870 8.9864e+00     0.2296    94.4218     7.2089     7.2016    32.1010    32.1001    25.4027    25.4024    7.26674 0.0000e+00
        988     19.258     4.7669     4.7622   3.075705   3.075225     2.2039     2.5779      8.145     3.8561   481.2000 8.9450e+00     0.2292    94.4305     7.2073     7.2054    32.1011    32.1001    25.4027    25.4024    7.26672 0.0000e+00
        991     19.402     4.7670     4.7622   3.075729   3.075225     2.2031     2.5775      8.144     3.8561   481.0026 8.8934e+00     0.2296    94.4218     7.2078     7.2071    32.1012    32.1000    25.4028    25.4023    7.26669 0.0000e+00
        994     19.546     4.7672     4.7622   3.075720   3.075239     2.2035     2.5779      8.144     3.8561   481.0026 8.8421e+00     0.2219    94.6044     7.2112     7.2105    32.1008    32.1000    25.4025    25.4024    7.26668 0.0000e+00
        997     19.694     4.7673     4.7622   3.075736   3.075235     2.2031     2.5775      8.144     3.8561   481.0026 8.7911e+00     0.1984    95.1607     7.2084     7.2106    32.1009    32.1000    25.4025    25.4023    7.26666 0.0000e+00
       1000     19.844     4.7672     4.7622   3.075745   3.075246     2.2027     2.5775      8.144     3.8764   481.0026 8.7304e+00     0.1988    95.1520     7.2048     7.2132    32.1010    32.1000    25.4026    25.4024    7.26668 0.0000e+00
       1003     19.996     4.7674     4.7624   3.075773   3.075262     2.2031     2.5775      8.142     3.9782   481.0026 8.6700e+00     0.1992    95.1433     7.2083     7.2148    32.1010    32.0999    25.4026    25.4023    7.26664 0.0000e+00
       1006     20.155     4.7676     4.7626   3.075800   3.075285     2.2019     2.5775      8.144     3.9782   481.0026 8.5902e+00     0.1992    95.1433     7.2055     7.2176    32.1011    32.0999    25.4026    25.4023    7.26660 0.0000e+00
       1009     20.315     4.7675     4.7626   3.075814   3.075293     2.2015     2.5775      8.144     3.9578   195.0559 8.4817e+00     0.1992    95.1433     7.2063     7.2185    32.1013    32.0999    25.4028    25.4022    7.26661 0.0000e+00
       1012     20.473     4.7674     4.7629   3.075802   3.075344     2.2015     2.5775      8.145     3.9680     3.1483 8.3842e+00     0.1988    95.1520     7.2082     7.2180    32.1011    32.1002    25.4027    25.4024    7.26663 0.0000e+00
