Datasets/AZMP/HUD120/hud120_2020_053.cnv
* Sea-Bird SBE 9 Data File:
* FileName = C:\CTDDATA\hud120_2020_053.hex
* Software Version Seasave V 7.26.7.110
* Temperature SN = 1697
* Conductivity SN = 4216
* Number of Bytes Per Scan = 30
* Number of Voltage Words = 4
* Number of Scans Averaged by the Deck Unit = 1
* NMEA baud rate = 4800
** VESSEL/TRIP/SEQ STN:  hud120_2020_053
** LATITUDE XX XX.XX: 47 00.00 N
** LONGITUDE XX XX.XX: 044 13.90 W
** SOUNDING DEPTH (M): 0280
** PROBE TYPE: S1146
** CTD NUMBER: 032
** FORMAT: V
** COMMENTS (14 CHAR): FC-29
** BOTTLES:  10
** LEVELS: 5,10,20,30,40,50,75,100,150,BTM
** STICKERS: 439709 - 439718
** VNET: Y
** DO2: N
# nquan = 22
# nvalues = 4870                        
# units = specified
# name 0 = scan: Scan Count
# name 1 = prDM: Pressure, Digiquartz [db]
# name 2 = t090C: Temperature [ITS-90, deg C]
# name 3 = t190C: Temperature, 2 [ITS-90, deg C]
# name 4 = c0S/m: Conductivity [S/m]
# name 5 = c1S/m: Conductivity, 2 [S/m]
# name 6 = sbeox0V: Oxygen raw, SBE 43 [V]
# name 7 = sbeox1V: Oxygen raw, SBE 43, 2 [V]
# name 8 = ph: pH
# name 9 = flECO-AFL: Fluorescence, WET Labs ECO-AFL/FL [mg/m^3]
# name 10 = wetCDOM: Fluorescence, WET Labs CDOM [mg/m^3]
# name 11 = par/sat/log: PAR/Logarithmic, Satlantic [umol photons/m^2/sec]
# name 12 = CStarAt0: Beam Attenuation, WET Labs C-Star [1/m]
# name 13 = CStarTr0: Beam Transmission, WET Labs C-Star [%]
# name 14 = sbeox0ML/L: Oxygen, SBE 43 [ml/l], WS = 2
# name 15 = sbeox1ML/L: Oxygen, SBE 43, 2 [ml/l], WS = 2
# name 16 = sal00: Salinity, Practical [PSU]
# name 17 = sal11: Salinity, Practical, 2 [PSU]
# name 18 = sigma-t00: Density [sigma-t, kg/m^3 ]
# name 19 = sigma-t11: Density, 2 [sigma-t, kg/m^3 ]
# name 20 = oxsatML/L: Oxygen Saturation, Weiss [ml/l]
# name 21 = flag: flag
# span 0 =         53,      39061       
# span 1 =      1.545,    273.322       
# span 2 =     4.0704,     6.9419       
# span 3 =     4.0652,     6.9373       
# span 4 =   3.207688,   3.421584       
# span 5 =   3.206853,   3.421117       
# span 6 =     1.7995,     2.2155       
# span 7 =     2.1411,     2.6710       
# span 8 =      7.939,      8.114       
# span 9 =     0.8850,     5.0974       
# span 10 =    -2.8130,   482.1870      
# span 11 = 1.0678e-01, 2.1848e-01      
# span 12 =     0.0800,     0.9318      
# span 13 =    79.2190,    98.0205      
# span 14 =     5.4388,     6.8437      
# span 15 =     5.6003,     7.1057      
# span 16 =    33.8333,    34.8490      
# span 17 =    33.8346,    34.8485      
# span 18 =    26.5088,    27.6489      
# span 19 =    26.5103,    27.6490      
# span 20 =    6.82092,    7.28157      
# span 21 = 0.0000e+00, 0.0000e+00      
# interval = scans: 3                   
# start_time = Nov 23 2020 03:05:03 [System UTC, header]
# bad_flag = -9.990e-29
*END*
[from data line 4807]
      36883      5.638     6.9320     6.9299   3.418456   3.418183     2.1947     2.6405      8.114     4.1410     5.4776 1.0715e-01     0.2462    94.0307     6.7246     6.9660    33.8538    33.8528    26.5251    26.5247    6.82258 0.0000e+00
      36886      5.612     6.9312     6.9307   3.418248   3.418263     2.1935     2.6409      8.114     4.1511    16.6502 1.0715e-01     0.2462    94.0307     6.7203     6.9686    33.8522    33.8529    26.5240    26.5246    6.82277 0.0000e+00
      36984      5.578     6.9313     6.9268   3.418266   3.417852     2.1988     2.6503      8.114     4.4971   443.8528 1.0715e-01     0.3564    91.4752     6.7343     6.9782    33.8524    33.8522    26.5241    26.5246    6.82275 0.0000e+00
      36987      5.520     6.9314     6.9269   3.418306   3.417820     2.1992     2.6503      8.114     4.5683    27.7833 1.0678e-01     0.3568    91.4665     6.7320     6.9758    33.8528    33.8518    26.5244    26.5242    6.82272 0.0000e+00
      36990      5.462     6.9314     6.9271   3.418324   3.417738     2.1996     2.6503      8.114     4.6192     8.9913 1.0678e-01     0.3621    91.3448     6.7324     6.9731    33.8529    33.8508    26.5245    26.5235    6.82270 0.0000e+00
      36993      5.402     6.9314     6.9269   3.418231   3.417629     2.1984     2.6499      8.114     4.6192    10.2151 1.0678e-01     0.3965    90.5625     6.7276     6.9692    33.8520    33.8498    26.5238    26.5227    6.82276 0.0000e+00
      36996      5.346     6.9312     6.9270   3.418224   3.417716     2.1992     2.6503      8.114     4.6090    10.1361 1.0678e-01     0.3965    90.5625     6.7300     6.9679    33.8521    33.8507    26.5239    26.5233    6.82278 0.0000e+00
      36999      5.298     6.9313     6.9269   3.418291   3.417747     2.1988     2.6503      8.114     4.6192    10.2151 1.0690e-01     0.3965    90.5625     6.7268     6.9661    33.8527    33.8511    26.5244    26.5237    6.82273 0.0000e+00
      37002      5.252     6.9314     6.9270   3.418269   3.417645     2.1988     2.6499      8.114     4.6090    10.1756 1.0678e-01     0.3965    90.5625     6.7262     6.9628    33.8524    33.8499    26.5241    26.5227    6.82273 0.0000e+00
      37005      5.212     6.9315     6.9270   3.418261   3.417687     2.1996     2.6499      8.114     4.6192    10.1361 1.0690e-01     0.3965    90.5625     6.7292     6.9628    33.8523    33.8504    26.5240    26.5232    6.82272 0.0000e+00
      37008      5.173     6.9316     6.9270   3.418238   3.417707     2.1988     2.6487      8.114     4.6192    10.0966 1.0703e-01     0.3965    90.5625     6.7264     6.9582    33.8520    33.8506    26.5237    26.5233    6.82272 0.0000e+00
      37011      5.138     6.9316     6.9270   3.418216   3.417795     2.1984     2.6491      8.114     4.6090   152.1817 1.0690e-01     0.3992    90.5016     6.7234     6.9597    33.8517    33.8516    26.5236    26.5241    6.82273 0.0000e+00
      37014      5.106     6.9323     6.9271   3.418172   3.417728     2.1988     2.6491      8.114     4.7006   482.1870 1.0703e-01     0.4027    90.4234     6.7240     6.9612    33.8506    33.8508    26.5226    26.5235    6.82268 0.0000e+00
      37017      5.074     6.9321     6.9271   3.418313   3.417830     2.1984     2.6487      8.114     4.7209   480.9237 1.0715e-01     0.4023    90.4321     6.7225     6.9615    33.8523    33.8520    26.5239    26.5244    6.82262 0.0000e+00
      37020      5.044     6.9322     6.9272   3.418297   3.417835     2.1988     2.6478      8.114     4.7108   481.3184 1.0715e-01     0.4023    90.4321     6.7242     6.9591    33.8521    33.8519    26.5238    26.5243    6.82262 0.0000e+00
      37023      5.016     6.9319     6.9272   3.418350   3.417762     2.1984     2.6482      8.114     4.7311   481.2790 1.0703e-01     0.4027    90.4234     6.7210     6.9616    33.8530    33.8511    26.5245    26.5237    6.82263 0.0000e+00
      37026      4.990     6.9318     6.9273   3.418301   3.417793     2.1984     2.6482      8.114     4.7311   481.3579 1.0715e-01     0.4027    90.4234     6.7211     6.9649    33.8526    33.8514    26.5242    26.5239    6.82267 0.0000e+00
      37029      4.961     6.9317     6.9273   3.418313   3.417807     2.1980     2.6487      8.114     4.7209   481.3579 1.0715e-01     0.4027    90.4234     6.7213     6.9696    33.8528    33.8516    26.5243    26.5240    6.82266 0.0000e+00
      37032      4.929     6.9319     6.9275   3.418309   3.417749     2.1984     2.6482      8.114     4.7006   481.3184 1.0703e-01     0.3763    91.0232     6.7243     6.9709    33.8526    33.8507    26.5242    26.5234    6.82265 0.0000e+00
      37035      4.891     6.9320     6.9274   3.418262   3.417853     2.1975     2.6482      8.114     4.7311   481.3579 1.0715e-01     0.3617    91.3535     6.7204     6.9719    33.8519    33.8520    26.5237    26.5243    6.82265 0.0000e+00
      37038      4.848     6.9321     6.9274   3.418381   3.417639     2.1975     2.6487      8.114     4.6904   214.7560 1.0703e-01     0.3621    91.3448     6.7199     6.9754    33.8532    33.8497    26.5246    26.5225    6.82259 0.0000e+00
      37041      4.804     6.9318     6.9273   3.418386   3.417781     2.1984     2.6491      8.114     4.5988     8.9123 1.0715e-01     0.3621    91.3448     6.7228     6.9799    33.8536    33.8514    26.5250    26.5239    6.82262 0.0000e+00
      37044      4.755     6.9317     6.9273   3.418288   3.417821     2.1980     2.6478      8.114     4.5988    17.8345 1.0715e-01     0.3621    91.3448     6.7211     6.9762    33.8526    33.8518    26.5242    26.5242    6.82267 0.0000e+00
      37047      4.705     6.9316     6.9273   3.418276   3.417888     2.1971     2.6482      8.114     4.5887    17.4397 1.0715e-01     0.3625    91.3361     6.7180     6.9782    33.8526    33.8526    26.5242    26.5248    6.82269 0.0000e+00
      37050      4.655     6.9314     6.9274   3.418327   3.417676     2.1984     2.6495      8.114     4.5887    17.4397 1.0715e-01     0.3617    91.3535     6.7239     6.9831    33.8534    33.8502    26.5249    26.5229    6.82269 0.0000e+00
      37053      4.608     6.9315     6.9273   3.418390   3.417802     2.1984     2.6491      8.114     4.5887    17.4397 1.0703e-01     0.3397    91.8576     6.7244     6.9826    33.8540    33.8516    26.5254    26.5241    6.82265 0.0000e+00
      37056      4.568     6.9317     6.9273   3.418326   3.417706     2.1975     2.6495      8.113     4.5887    17.4397 1.0715e-01     0.3371    91.9185     6.7208     6.9840    33.8531    33.8507    26.5247    26.5233    6.82265 0.0000e+00
      37059      4.539     6.9319     6.9274   3.418325   3.417748     2.1971     2.6491      8.114     4.5988    17.4397 1.0715e-01     0.3371    91.9185     6.7207     6.9835    33.8530    33.8510    26.5245    26.5236    6.82263 0.0000e+00
      38383      4.510     6.9317     6.9267   3.418407   3.417856     2.1987     2.6499      8.114     4.5683    25.3750 1.0715e-01     0.3912    90.6841     6.7416     6.9968    33.8540    33.8529    26.5254    26.5252    6.82261 0.0000e+00
      38386      4.460     6.9316     6.9268   3.418513   3.417705     2.1992     2.6503      8.114     4.5785    25.3750 1.0703e-01     0.4371    89.6497     6.7424     6.9993    33.8554    33.8512    26.5264    26.5238    6.82258 0.0000e+00
      38389      4.419     6.9317     6.9266   3.418423   3.417856     2.1983     2.6503      8.114     4.5582    25.3750 1.0715e-01     0.4596    89.1456     6.7394     7.0000    33.8542    33.8531    26.5255    26.5253    6.82260 0.0000e+00
      38392      4.383     6.9316     6.9262   3.418483   3.417011     2.1992     2.6499      8.114     4.5582    25.3750 1.0703e-01     0.4580    89.1804     6.7442     6.9997    33.8550    33.8442    26.5262    26.5184    6.82258 0.0000e+00
      38527      4.351     6.9333     6.9287   3.418046   3.417616     2.2077     2.6604      8.114     4.5378   329.3636 1.0690e-01     0.6841    84.3475     6.7954     7.0463    33.8486    33.8484    26.5208    26.5213    6.82260 0.0000e+00
      38596      4.261     6.9339     6.9301   3.418328   3.417384     2.2130     2.6653      8.113     4.5276   481.2790 1.0678e-01     0.7972    81.9310     6.8264     7.0712    33.8511    33.8445    26.5228    26.5181    6.82239 0.0000e+00
      38599      4.154     6.9341     6.9301   3.418045   3.417189     2.2134     2.6665      8.114     4.5276   481.3184 1.0678e-01     0.7972    81.9310     6.8309     7.0783    33.8479    33.8424    26.5201    26.5164    6.82250 0.0000e+00
      38602      4.044     6.9338     6.9301   3.418210   3.417078     2.2134     2.6665      8.113     4.5174   481.3579 1.0678e-01     0.7972    81.9310     6.8332     7.0834    33.8500    33.8412    26.5219    26.5155    6.82245 0.0000e+00
      38605      3.936     6.9342     6.9301   3.417691   3.417676     2.2142     2.6686      8.114     4.5276   481.3579 1.0678e-01     0.7972    81.9310     6.8376     7.0934    33.8440    33.8479    26.5171    26.5207    6.82266 0.0000e+00
      38608      3.838     6.9342     6.9300   3.418001   3.417405     2.2150     2.6698      8.114     4.5174   412.1906 1.0678e-01     0.8686    80.4881     6.8406     7.0993    33.8475    33.8450    26.5199    26.5185    6.82251 0.0000e+00
      38611      3.758     6.9343     6.9300   3.417605   3.416459     2.2154     2.6698      8.114     4.5174    38.7189 1.0678e-01     0.9318    79.2190     6.8437     7.1005    33.8430    33.8346    26.5164    26.5103    6.82269 0.0000e+00
      38614      3.697     6.9344     6.9302   3.417208   3.416794     2.2154     2.6710      8.114     4.5276    40.6929 1.0678e-01     0.9292    79.2712     6.8435     7.1057    33.8386    33.8382    26.5129    26.5131    6.82287 0.0000e+00
      38743      3.657     6.9345     6.9299   3.417722   3.417849     2.2155     2.6706      8.114     4.6090    33.6261 1.0703e-01     0.7644    82.7481     6.8276     7.0754    33.8442    33.8501    26.5173    26.5225    6.82261 0.0000e+00
      38999      3.610     6.9345     6.9301   3.418660   3.418137     2.2126     2.6682      8.114     4.7616    19.9269 1.0703e-01     0.4343    89.7106     6.7884     7.0119    33.8545    33.8531    26.5253    26.5249    6.82215 0.0000e+00
      39002      3.543     6.9346     6.9300   3.418738   3.418180     2.2130     2.6665      8.114     4.6396   244.0889 1.0703e-01     0.4343    89.7106     6.7906     7.0088    33.8553    33.8537    26.5260    26.5253    6.82210 0.0000e+00
      39005      3.468     6.9347     6.9301   3.418739   3.417990     2.2130     2.6677      8.114     4.3851   482.1870 1.0690e-01     0.4339    89.7193     6.7926     7.0153    33.8552    33.8516    26.5259    26.5236    6.82208 0.0000e+00
      39008      3.388     6.9346     6.9302   3.418662   3.418150     2.2130     2.6673      8.114     4.3953   481.0816 1.0715e-01     0.4339    89.7193     6.7948     7.0153    33.8546    33.8533    26.5254    26.5250    6.82213 0.0000e+00
      39011      3.300     6.9346     6.9305   3.418402   3.418147     2.2138     2.6677      8.114     4.3953   481.3579 1.0715e-01     0.4297    89.8149     6.7993     7.0185    33.8517    33.8530    26.5231    26.5247    6.82225 0.0000e+00
      39014      3.205     6.9346     6.9303   3.418550   3.417984     2.2130     2.6657      8.114     4.4157   481.3579 1.0715e-01     0.4019    90.4408     6.7952     7.0122    33.8534    33.8514    26.5245    26.5235    6.82219 0.0000e+00
      39017      3.100     6.9349     6.9304   3.418691   3.418038     2.2134     2.6673      8.114     4.3953   481.3579 1.0715e-01     0.4019    90.4408     6.7965     7.0213    33.8547    33.8519    26.5254    26.5239    6.82208 0.0000e+00
      39020      2.983     6.9342     6.9304   3.418487   3.417736     2.2138     2.6661      8.114     4.4157   481.3579 1.0703e-01     0.4019    90.4408     6.7977     7.0194    33.8532    33.8487    26.5244    26.5213    6.82225 0.0000e+00
      39023      2.859     6.9345     6.9302   3.418354   3.417974     2.2142     2.6677      8.114     4.4157   481.3579 1.0715e-01     0.4015    90.4495     6.7976     7.0251    33.8515    33.8516    26.5230    26.5236    6.82228 0.0000e+00
      39026      2.728     6.9342     6.9297   3.418269   3.417650     2.2142     2.6665      8.114     4.4157   481.3579 1.0715e-01     0.4019    90.4408     6.7959     7.0218    33.8509    33.8486    26.5226    26.5213    6.82235 0.0000e+00
      39029      2.592     6.9338     6.9297   3.418502   3.417888     2.2138     2.6665      8.114     4.2325   119.6115 1.0715e-01     0.4023    90.4321     6.7920     7.0213    33.8540    33.8513    26.5250    26.5235    6.82228 0.0000e+00
      39032      2.448     6.9335     6.9295   3.417594   3.417442     2.2146     2.6665      8.114     4.1613     8.8333 1.0703e-01     0.4722    88.8761     6.7953     7.0221    33.8443    33.8466    26.5175    26.5198    6.82276 0.0000e+00
      39035      2.305     6.9335     6.9294   3.417903   3.417565     2.2142     2.6673      8.114     4.1613    13.6498 1.0703e-01     0.5920    86.2424     6.7910     7.0250    33.8478    33.8481    26.5202    26.5210    6.82261 0.0000e+00
      39038      2.170     6.9335     6.9292   3.417813   3.417634     2.2138     2.6661      8.114     4.1511    13.4129 1.3182e-01     0.5876    86.3380     6.7876     7.0222    33.8469    33.8491    26.5195    26.5219    6.82264 0.0000e+00
      39041      2.045     6.9336     6.9292   3.418043   3.417475     2.2142     2.6682      8.114     4.1613    13.4524 1.1702e-01     0.5876    86.3380     6.7860     7.0258    33.8494    33.8475    26.5214    26.5205    6.82252 0.0000e+00
      39044      1.935     6.9339     6.9292   3.418256   3.417451     2.2142     2.6657      8.114     4.1613    13.4129 1.6053e-01     0.5876    86.3380     6.7849     7.0168    33.8515    33.8473    26.5230    26.5204    6.82238 0.0000e+00
      39047      1.836     6.9340     6.9292   3.418481   3.417640     2.2138     2.6657      8.114     4.1511    13.4129 2.1848e-01     0.5876    86.3380     6.7832     7.0158    33.8539    33.8494    26.5250    26.5220    6.82226 0.0000e+00
      39050      1.745     6.9338     6.9293   3.418225   3.417616     2.2138     2.6665      8.114     4.1613    13.4129 1.7201e-01     0.5876    86.3380     6.7816     7.0183    33.8514    33.8491    26.5230    26.5218    6.82240 0.0000e+00
      39053      1.670     6.9331     6.9293   3.418186   3.417365     2.2138     2.6665      8.114     4.1613    51.3128 1.7403e-01     0.6540    84.9212     6.7788     7.0177    33.8517    33.8463    26.5233    26.5196    6.82250 0.0000e+00
      39056      1.608     6.9333     6.9294   3.418158   3.417668     2.2146     2.6661      8.114     4.3343   456.2493 1.5210e-01     0.6920    84.1128     6.7795     7.0143    33.8512    33.8496    26.5229    26.5222    6.82249 0.0000e+00
      39059      1.565     6.9332     6.9294   3.416526   3.417701     2.2134     2.6665      8.114     4.3445   481.5948 1.6484e-01     0.6904    84.1475     6.7762     7.0128    33.8333    33.8500    26.5088    26.5225    6.82329 0.0000e+00
      39061      1.545     6.9332     6.9293   3.418142   3.417636     2.2130     2.6673      8.114     4.3343   481.0026 1.7114e-01     0.6904    84.1475     6.7734     7.0149    33.8511    33.8494    26.5229    26.5220    6.82250 0.0000e+00
