Datasets/AZMP/HUD120/hud120_2020_016.cnv
* Sea-Bird SBE 9 Data File:
* FileName = C:\CTDDATA\hud120_2020_016.hex
* Software Version Seasave V 7.26.7.110
* Temperature SN = 1697
* Conductivity SN = 4216
* Number of Bytes Per Scan = 30
* Number of Voltage Words = 4
* Number of Scans Averaged by the Deck Unit = 1
* NMEA baud rate = 4800
** VESSEL/TRIP/SEQ STN:  hud120_2020_016
** LATITUDE XX XX.XX: 46 30.00 N
** LONGITUDE XX XX.XX: 052 51.00 W
** SOUNDING DEPTH (M): 0180
** PROBE TYPE: S1146
** CTD NUMBER: 006
** FORMAT: V
** COMMENTS (14 CHAR): SEGB-02
** BOTTLES:  10
** LEVELS: 5,10,20,30,40,50,75,100,150,BTM
** STICKERS: 439553 - 439562
** VNET: Y
** DO2: N
# nquan = 22
# nvalues = 2549                        
# units = specified
# name 0 = scan: Scan Count
# name 1 = prDM: Pressure, Digiquartz [db]
# name 2 = t090C: Temperature [ITS-90, deg C]
# name 3 = t190C: Temperature, 2 [ITS-90, deg C]
# name 4 = c0S/m: Conductivity [S/m]
# name 5 = c1S/m: Conductivity, 2 [S/m]
# name 6 = sbeox0V: Oxygen raw, SBE 43 [V]
# name 7 = sbeox1V: Oxygen raw, SBE 43, 2 [V]
# name 8 = ph: pH
# name 9 = flECO-AFL: Fluorescence, WET Labs ECO-AFL/FL [mg/m^3]
# name 10 = wetCDOM: Fluorescence, WET Labs CDOM [mg/m^3]
# name 11 = par/sat/log: PAR/Logarithmic, Satlantic [umol photons/m^2/sec]
# name 12 = CStarAt0: Beam Attenuation, WET Labs C-Star [1/m]
# name 13 = CStarTr0: Beam Transmission, WET Labs C-Star [%]
# name 14 = sbeox0ML/L: Oxygen, SBE 43 [ml/l], WS = 2
# name 15 = sbeox1ML/L: Oxygen, SBE 43, 2 [ml/l], WS = 2
# name 16 = sal00: Salinity, Practical [PSU]
# name 17 = sal11: Salinity, Practical, 2 [PSU]
# name 18 = sigma-t00: Density [sigma-t, kg/m^3 ]
# name 19 = sigma-t11: Density, 2 [sigma-t, kg/m^3 ]
# name 20 = oxsatML/L: Oxygen Saturation, Weiss [ml/l]
# name 21 = flag: flag
# span 0 =          2,      42729       
# span 1 =      0.233,    178.878       
# span 2 =    -0.6765,     5.2588       
# span 3 =    -0.6818,     5.2560       
# span 4 =   1.927257,   3.061938       
# span 5 =   2.115060,   3.061583       
# span 6 =     1.9125,     2.2175       
# span 7 =     2.2612,     2.6368       
# span 8 =      7.868,      8.050       
# span 9 =     1.0173,     5.3416       
# span 10 =    -2.8130,   482.1870      
# span 11 = 1.0715e-01, 1.6632e+02      
# span 12 =     0.0450,     0.1686      
# span 13 =    95.8735,    98.8810      
# span 14 =     7.0959,     7.9760      
# span 15 =     6.7264,     8.2065      
# span 16 =    19.1570,    33.0305      
# span 17 =    21.1736,    33.0311      
# span 18 =    15.1243,    26.5412      
# span 19 =    16.7166,    26.5420      
# span 20 =    7.21002,    8.31634      
# span 21 = 0.0000e+00, 0.0000e+00      
# interval = scans: 3                   
# start_time = Nov 17 2020 14:13:39 [System UTC, header]
# bad_flag = -9.990e-29
*END*
[from data line 1383]
       8828    151.571    -0.5885    -0.5953   2.713121   2.712705     1.9207     2.2720      7.873     1.0884    10.4520 1.0752e-01     0.0853    97.8901     7.1577     7.2622    33.0207    33.0226    26.5342    26.5360    8.28415 0.0000e+00
       8831    151.438    -0.5889    -0.5950   2.713080   2.712720     1.9203     2.2712      7.873     1.0884     3.0694 1.0715e-01     0.0857    97.8814     7.1551     7.2595    33.0207    33.0225    26.5342    26.5359    8.28424 0.0000e+00
       8834    151.299    -0.5892    -0.5952   2.713061   2.712694     1.9211     2.2724      7.873     1.0986     1.6086 1.0752e-01     0.0860    97.8727     7.1550     7.2668    33.0208    33.0224    26.5343    26.5358    8.28429 0.0000e+00
       8837    151.161    -0.5889    -0.5949   2.713110   2.712731     1.9211     2.2732      7.873     1.0783     1.6876 1.0752e-01     0.0853    97.8901     7.1517     7.2705    33.0212    33.0227    26.5346    26.5361    8.28421 0.0000e+00
       8840    151.024    -0.5891    -0.5947   2.713076   2.712746     1.9199     2.2712      7.873     1.0783     1.6876 1.0752e-01     0.0853    97.8901     7.1448     7.2603    33.0211    33.0228    26.5345    26.5361    8.28426 0.0000e+00
       8843    150.884    -0.5891    -0.5948   2.713062   2.712716     1.9203     2.2724      7.873     1.0884     1.6876 1.0752e-01     0.0853    97.8901     7.1477     7.2681    33.0210    33.0225    26.5345    26.5359    8.28427 0.0000e+00
       8846    150.746    -0.5893    -0.5946   2.713029   2.712725     1.9207     2.2724      7.873     1.0783     1.6876 1.0740e-01     0.0846    97.9075     7.1494     7.2668    33.0208    33.0225    26.5343    26.5359    8.28432 0.0000e+00
       8849    150.609    -0.5895    -0.5945   2.713012   2.712723     1.9199     2.2728      7.873     1.0884     1.6876 1.0752e-01     0.0839    97.9249     7.1432     7.2694    33.0210    33.0225    26.5344    26.5358    8.28437 0.0000e+00
       8852    150.472    -0.5893    -0.5943   2.713018   2.712738     1.9211     2.2732      7.873     1.0884     1.6876 1.0752e-01     0.0839    97.9249     7.1511     7.2686    33.0209    33.0226    26.5344    26.5359    8.28433 0.0000e+00
       8855    150.338    -0.5889    -0.5941   2.713036   2.712745     1.9207     2.2728      7.873     1.0783     2.9115 1.0752e-01     0.0835    97.9335     7.1483     7.2661    33.0208    33.0225    26.5342    26.5359    8.28424 0.0000e+00
       8858    150.203    -0.5892    -0.5939   2.713050   2.712757     1.9195     2.2732      7.873     1.0986    11.1626 1.0740e-01     0.0835    97.9335     7.1417     7.2671    33.0214    33.0226    26.5347    26.5359    8.28427 0.0000e+00
       8861    150.073    -0.5888    -0.5937   2.713050   2.712771     1.9211     2.2716      7.873     1.0884    11.1626 1.0740e-01     0.0842    97.9162     7.1543     7.2613    33.0210    33.0226    26.5344    26.5359    8.28420 0.0000e+00
       8864    149.953    -0.5886    -0.5935   2.713059   2.712776     1.9211     2.2720      7.873     1.0986    11.1626 1.0752e-01     0.0835    97.9335     7.1552     7.2629    33.0210    33.0226    26.5344    26.5359    8.28417 0.0000e+00
       8867    149.837    -0.5884    -0.5936   2.713086   2.712768     1.9211     2.2732      7.873     1.0783    11.2021 1.0752e-01     0.0853    97.8901     7.1560     7.2670    33.0212    33.0226    26.5346    26.5359    8.28410 0.0000e+00
       8870    149.727    -0.5886    -0.5933   2.713096   2.712761     1.9207     2.2724      7.873     1.0783    11.1626 1.0740e-01     0.0857    97.8814     7.1572     7.2647    33.0216    33.0223    26.5349    26.5356    8.28412 0.0000e+00
       8873    149.623    -0.5880    -0.5933   2.713092   2.712773     1.9207     2.2732      7.873     1.0783    11.1626 1.0752e-01     0.0853    97.8901     7.1582     7.2672    33.0210    33.0224    26.5343    26.5358    8.28403 0.0000e+00
       8876    149.527    -0.5883    -0.5933   2.713108   2.712795     1.9207     2.2728      7.873     1.0986    11.1626 1.0740e-01     0.0857    97.8814     7.1550     7.2667    33.0216    33.0228    26.5348    26.5361    8.28406 0.0000e+00
       8879    149.439    -0.5882    -0.5933   2.713140   2.712795     1.9203     2.2732      7.873     1.0884    11.2021 1.0752e-01     0.0853    97.8901     7.1549     7.2694    33.0219    33.0228    26.5351    26.5361    8.28401 0.0000e+00
       8882    149.361    -0.5880    -0.5933   2.713133   2.712780     1.9211     2.2732      7.873     1.0783   187.4365 1.0752e-01     0.0857    97.8814     7.1555     7.2703    33.0216    33.0227    26.5349    26.5360    8.28398 0.0000e+00
       8885    149.291    -0.5879    -0.5933   2.713128   2.712802     1.9211     2.2728      7.873     1.0986   482.1870 1.0752e-01     0.0860    97.8727     7.1496     7.2696    33.0216    33.0230    26.5348    26.5363    8.28398 0.0000e+00
       8888    149.227    -0.5879    -0.5933   2.713117   2.712776     1.9211     2.2733      7.873     1.0986   481.0816 1.0752e-01     0.0864    97.8640     7.1524     7.2650    33.0215    33.0228    26.5348    26.5360    8.28398 0.0000e+00
       8891    149.166    -0.5878    -0.5933   2.713110   2.712784     1.9220     2.2737      7.873     1.0986   481.2395 1.0752e-01     0.0864    97.8640     7.1625     7.2659    33.0212    33.0229    26.5346    26.5361    8.28396 0.0000e+00
       8894    149.116    -0.5881    -0.5933   2.713109   2.712774     1.9220     2.2737      7.873     1.0783   481.2790 1.0752e-01     0.0864    97.8640     7.1637     7.2658    33.0216    33.0227    26.5349    26.5360    8.28401 0.0000e+00
       8922    149.082    -0.5881    -0.5933   2.713065   2.712751     1.9220     2.2733      7.873     1.0884   323.1259 1.0752e-01     0.0864    97.8640     7.1596     7.2598    33.0210    33.0225    26.5344    26.5358    8.28404 0.0000e+00
       8976    149.043    -0.5882    -0.5933   2.713004   2.712680     1.9220     2.2737      7.873     1.0579     6.8988 1.0752e-01     0.0864    97.8640     7.1551     7.2587    33.0204    33.0216    26.5339    26.5351    8.28411 0.0000e+00
       8979    148.991    -0.5883    -0.5935   2.712975   2.712630     1.9220     2.2737      7.873     1.0986     6.8988 1.0740e-01     0.0860    97.8727     7.1572     7.2592    33.0201    33.0211    26.5336    26.5347    8.28414 0.0000e+00
       8982    148.941    -0.5887    -0.5936   2.712948   2.712636     1.9220     2.2737      7.873     1.0681     6.8988 1.0740e-01     0.0860    97.8727     7.1552     7.2607    33.0202    33.0214    26.5337    26.5349    8.28422 0.0000e+00
       8985    148.893    -0.5891    -0.5934   2.712914   2.712679     1.9228     2.2741      7.873     1.0681     6.8988 1.0740e-01     0.0860    97.8727     7.1629     7.2616    33.0202    33.0217    26.5338    26.5352    8.28431 0.0000e+00
       8988    148.854    -0.5888    -0.5935   2.712928   2.712662     1.9211     2.2728      7.873     1.0986     2.9904 1.0752e-01     0.0832    97.9422     7.1565     7.2568    33.0201    33.0216    26.5337    26.5352    8.28425 0.0000e+00
       8991    148.819    -0.5886    -0.5936   2.712961   2.712626     1.9216     2.2724      7.873     1.0884     2.1219 1.0752e-01     0.0821    97.9683     7.1565     7.2554    33.0204    33.0213    26.5339    26.5349    8.28420 0.0000e+00
       8994    148.792    -0.5885    -0.5936   2.712881   2.712652     1.9220     2.2745      7.873     1.0884     2.1614 1.0740e-01     0.0821    97.9683     7.1575     7.2652    33.0192    33.0217    26.5330    26.5352    8.28425 0.0000e+00
       9183    148.750    -0.5879    -0.5930   2.713001   2.712680     1.9224     2.2745      7.873     1.0478     1.3323 1.0752e-01     0.0832    97.9422     7.1497     7.2695    33.0202    33.0214    26.5337    26.5349    8.28405 0.0000e+00
       9186    148.664    -0.5878    -0.5931   2.712972   2.712642     1.9208     2.2741      7.873     1.0579     1.2928 1.0752e-01     0.0832    97.9422     7.1435     7.2664    33.0197    33.0211    26.5333    26.5347    8.28405 0.0000e+00
       9189    148.583    -0.5880    -0.5937   2.712968   2.712585     1.9216     2.2741      7.873     1.0579     1.2928 1.0752e-01     0.0839    97.9249     7.1499     7.2649    33.0199    33.0210    26.5335    26.5346    8.28409 0.0000e+00
       9192    148.511    -0.5885    -0.5940   2.712888   2.712550     1.9220     2.2737      7.873     1.0681     1.3323 1.0740e-01     0.0842    97.9162     7.1577     7.2618    33.0195    33.0209    26.5332    26.5345    8.28423 0.0000e+00
       9195    148.447    -0.5890    -0.5938   2.712814   2.712577     1.9216     2.2749      7.873     1.0681     1.6481 1.0740e-01     0.0842    97.9162     7.1582     7.2672    33.0190    33.0210    26.5328    26.5346    8.28436 0.0000e+00
       9198    148.389    -0.5897    -0.5936   2.712776   2.712573     1.9220     2.2749      7.873     1.0579     5.2012 1.0752e-01     0.0846    97.9075     7.1613     7.2656    33.0193    33.0208    26.5331    26.5344    8.28450 0.0000e+00
       9201    148.340    -0.5904    -0.5935   2.712629   2.712593     1.9216     2.2745      7.873     1.0681     5.3592 1.0752e-01     0.0846    97.9075     7.1591     7.2636    33.0181    33.0210    26.5322    26.5346    8.28472 0.0000e+00
       9204    148.297    -0.5920    -0.5934   2.712469   2.712600     1.9220     2.2737      7.873     1.0478     5.3592 1.0752e-01     0.0842    97.9162     7.1633     7.2579    33.0178    33.0211    26.5319    26.5347    8.28510 0.0000e+00
       9207    148.266    -0.5920    -0.5934   2.712462   2.712622     1.9224     2.2733      7.873     1.0478     5.3592 1.0752e-01     0.0846    97.9075     7.1669     7.2550    33.0177    33.0214    26.5318    26.5349    8.28510 0.0000e+00
       9375    148.231    -0.5898    -0.5951   2.712666   2.712343     1.9232     2.2741      7.873     1.0478     5.5171 1.0752e-01     0.0835    97.9335     7.1667     7.2581    33.0181    33.0194    26.5320    26.5334    8.28460 0.0000e+00
       9460    148.130    -0.5896    -0.5975   2.712654   2.711972     1.9232     2.2749      7.873     1.0579    -0.5232 1.0740e-01     0.0832    97.9422     7.1641     7.2605    33.0178    33.0172    26.5318    26.5317    8.28457 0.0000e+00
       9463    148.031    -0.5902    -0.5999   2.712627   2.711726     1.9232     2.2749      7.873     1.0681    -0.5627 1.0740e-01     0.0832    97.9422     7.1624     7.2612    33.0181    33.0165    26.5321    26.5312    8.28468 0.0000e+00
       9466    147.945    -0.5906    -0.5993   2.712574   2.711859     1.9232     2.2745      7.873     1.0478    -0.5627 1.0727e-01     0.0832    97.9422     7.1606     7.2586    33.0178    33.0177    26.5319    26.5322    8.28478 0.0000e+00
       9469    147.870    -0.5914    -0.5990   2.712484   2.711834     1.9224     2.2749      7.873     1.0579    -0.6022 1.0752e-01     0.0832    97.9422     7.1566     7.2606    33.0175    33.0172    26.5317    26.5317    8.28497 0.0000e+00
       9472    147.806    -0.5919    -0.6008   2.712417   2.711637     1.9232     2.2749      7.873     1.0579    -0.6416 1.0740e-01     0.0850    97.8988     7.1565     7.2629    33.0172    33.0165    26.5315    26.5313    8.28511 0.0000e+00
       9475    147.755    -0.5930    -0.6007   2.712367   2.711729     1.9232     2.2741      7.873     1.0579    -0.5627 1.0752e-01     0.0864    97.8640     7.1567     7.2624    33.0178    33.0176    26.5320    26.5321    8.28533 0.0000e+00
       9583    147.712    -0.5904    -0.5960   2.712609   2.712292     1.9232     2.2745      7.873     1.0681    -0.6022 1.0740e-01     0.0853    97.8901     7.1540     7.2655    33.0182    33.0201    26.5323    26.5340    8.28472 0.0000e+00
       9797    147.632    -0.5857    -0.5909   2.713210   2.712900     1.9228     2.2737      7.873     1.0579     0.1479 1.0740e-01     0.0832    97.9422     7.1544     7.2613    33.0212    33.0228    26.5345    26.5359    8.28350 0.0000e+00
       9800    147.550    -0.5860    -0.5920   2.713149   2.712655     1.9224     2.2733      7.873     1.0681     9.1491 1.0740e-01     0.0832    97.9422     7.1527     7.2587    33.0208    33.0207    26.5341    26.5343    8.28358 0.0000e+00
       9803    147.477    -0.5866    -0.5948   2.713044   2.712294     1.9224     2.2729      7.873     1.0478     9.6624 1.0752e-01     0.0832    97.9422     7.1521     7.2592    33.0201    33.0189    26.5336    26.5329    8.28377 0.0000e+00
       9806    147.413    -0.5887    -0.5976   2.712829   2.711887     1.9216     2.2733      7.873     1.0681     9.6229 1.0752e-01     0.0832    97.9422     7.1472     7.2633    33.0195    33.0166    26.5332    26.5312    8.28426 0.0000e+00
       9809    147.361    -0.5910    -0.6001   2.712546   2.711819     1.9220     2.2733      7.873     1.0579     9.6229 1.0752e-01     0.0832    97.9422     7.1508     7.2619    33.0183    33.0184    26.5323    26.5328    8.28485 0.0000e+00
       9812    147.320    -0.5948    -0.5973   2.712150   2.712308     1.9220     2.2737      7.873     1.0681     9.6229 1.0752e-01     0.0832    97.9422     7.1546     7.2610    33.0171    33.0220    26.5315    26.5355    8.28576 0.0000e+00
      10018    147.224    -0.5942    -0.6029   2.712087   2.711379     1.9220     2.2737      7.873     1.0579     4.2932 1.0752e-01     0.0874    97.8379     7.1560     7.2689    33.0157    33.0156    26.5303    26.5306    8.28571 0.0000e+00
      10021    147.098    -0.5951    -0.6016   2.712009   2.711519     1.9228     2.2745      7.873     1.0579     4.2932 1.0740e-01     0.0874    97.8379     7.1623     7.2729    33.0157    33.0162    26.5303    26.5310    8.28591 0.0000e+00
      10024    146.985    -0.5956    -0.6000   2.711848   2.711680     1.9232     2.2737      7.873     1.0986     4.2932 1.0752e-01     0.0874    97.8379     7.1663     7.2697    33.0142    33.0167    26.5292    26.5314    8.28612 0.0000e+00
      10027    146.891    -0.5971    -0.5982   2.711848   2.711935     1.9232     2.2737      7.873     1.0986     4.2932 1.0740e-01     0.0874    97.8379     7.1664     7.2662    33.0159    33.0182    26.5306    26.5325    8.28636 0.0000e+00
      10030    146.817    -0.5938    -0.5979   2.712324   2.712016     1.9236     2.2737      7.873     1.0681     4.2932 1.0740e-01     0.0874    97.8379     7.1673     7.2637    33.0186    33.0190    26.5327    26.5332    8.28545 0.0000e+00
      10033    146.765    -0.5927    -0.5980   2.712278   2.711925     1.9232     2.2737      7.875     1.0884     4.0563 1.0752e-01     0.0874    97.8379     7.1648     7.2635    33.0168    33.0179    26.5312    26.5323    8.28530 0.0000e+00
      10036    146.728    -0.5957    -0.5977   2.711800   2.712027     1.9220     2.2749      7.875     1.0986     2.8325 1.0752e-01     0.0874    97.8379     7.1617     7.2665    33.0137    33.0190    26.5288    26.5331    8.28615 0.0000e+00
      12100    146.646    -0.6108    -0.6158   2.709705   2.709492     1.9274     2.2811      7.878     1.0681     0.2269 1.0752e-01     0.0839    97.9248     7.1995     7.3117    33.0021    33.0047    26.5200    26.5223    8.29018 0.0000e+00
      12103    146.455    -0.6116    -0.6155   2.709338   2.709543     1.9274     2.2815      7.878     1.0579     0.5427 1.0752e-01     0.0832    97.9422     7.1984     7.3143    32.9983    33.0052    26.5169    26.5227    8.29060 0.0000e+00
      12106    146.274    -0.6123    -0.6157   2.709364   2.709432     1.9274     2.2811      7.878     1.0579     0.5427 1.0740e-01     0.0832    97.9422     7.1973     7.3135    32.9995    33.0040    26.5179    26.5217    8.29068 0.0000e+00
      12109    146.105    -0.6127    -0.6166   2.709214   2.709269     1.9278     2.2824      7.878     1.0579     0.5822 1.0752e-01     0.0828    97.9509     7.1985     7.3182    32.9979    33.0029    26.5167    26.5209    8.29084 0.0000e+00
