Datasets/AZMP/HUD120/hud120_2020_012.cnv
* Sea-Bird SBE 9 Data File:
* FileName = C:\CTDDATA\hud120_2020_012.hex
* Software Version Seasave V 7.26.7.110
* Temperature SN = 1697
* Conductivity SN = 4216
* Number of Bytes Per Scan = 30
* Number of Voltage Words = 4
* Number of Scans Averaged by the Deck Unit = 1
* NMEA baud rate = 4800
** VESSEL/TRIP/SEQ STN:  hud120_2020_012
** LATITUDE XX XX.XX: 47 32.80 N
** LONGITUDE XX XX.XX: 052 35.20 W
** SOUNDING DEPTH (M): 0178
** PROBE TYPE: S1146
** CTD NUMBER: 004
** FORMAT: V
** COMMENTS (14 CHAR): S27-01
** BOTTLES:  10
** LEVELS: 5,10,20,30,40,50,75,100,150,BTM
** STICKERS: 439537 - 439546
** VNET: Y
** DO2: N
# nquan = 22
# nvalues = 3433                        
# units = specified
# name 0 = scan: Scan Count
# name 1 = prDM: Pressure, Digiquartz [db]
# name 2 = t090C: Temperature [ITS-90, deg C]
# name 3 = t190C: Temperature, 2 [ITS-90, deg C]
# name 4 = c0S/m: Conductivity [S/m]
# name 5 = c1S/m: Conductivity, 2 [S/m]
# name 6 = sbeox0V: Oxygen raw, SBE 43 [V]
# name 7 = sbeox1V: Oxygen raw, SBE 43, 2 [V]
# name 8 = ph: pH
# name 9 = flECO-AFL: Fluorescence, WET Labs ECO-AFL/FL [mg/m^3]
# name 10 = wetCDOM: Fluorescence, WET Labs CDOM [mg/m^3]
# name 11 = par/sat/log: PAR/Logarithmic, Satlantic [umol photons/m^2/sec]
# name 12 = CStarAt0: Beam Attenuation, WET Labs C-Star [1/m]
# name 13 = CStarTr0: Beam Transmission, WET Labs C-Star [%]
# name 14 = sbeox0ML/L: Oxygen, SBE 43 [ml/l], WS = 2
# name 15 = sbeox1ML/L: Oxygen, SBE 43, 2 [ml/l], WS = 2
# name 16 = sal00: Salinity, Practical [PSU]
# name 17 = sal11: Salinity, Practical, 2 [PSU]
# name 18 = sigma-t00: Density [sigma-t, kg/m^3 ]
# name 19 = sigma-t11: Density, 2 [sigma-t, kg/m^3 ]
# name 20 = oxsatML/L: Oxygen Saturation, Weiss [ml/l]
# name 21 = flag: flag
# span 0 =         31,      40815       
# span 1 =      1.378,    177.749       
# span 2 =    -0.6417,     5.8161       
# span 3 =    -0.6469,     5.8116       
# span 4 =   2.690721,   3.091386       
# span 5 =   2.690388,   3.091061       
# span 6 =     1.8988,     2.2342       
# span 7 =     2.2371,     2.6535       
# span 8 =      7.867,      8.049       
# span 9 =     1.0071,     3.3168       
# span 10 =    -2.8130,   482.1870      
# span 11 = 1.0678e-01, 7.3627e-01      
# span 12 =     0.0352,     0.6669      
# span 13 =    84.6430,    99.1244      
# span 14 =     6.5222,     7.8303      
# span 15 =     6.5579,     7.9593      
# span 16 =    31.1642,    33.2923      
# span 17 =    30.6386,    33.2942      
# span 18 =    24.5510,    26.7391      
# span 19 =    24.1364,    26.7409      
# span 20 =    7.12275,    8.30937      
# span 21 = 0.0000e+00, 0.0000e+00      
# interval = scans: 3                   
# start_time = Nov 17 2020 02:00:35 [System UTC, header]
# bad_flag = -9.990e-29
*END*
[from data line 3227]
      32945     19.418     5.7809     5.7768   3.090268   3.089940     2.2277     2.6426      8.048     2.3705   481.2790 1.0715e-01     0.0864    97.8640     7.1844     7.2743    31.3057    31.3059    24.6603    24.6610    7.12811 0.0000e+00
      32948     19.329     5.7808     5.7769   3.090260   3.089933     2.2277     2.6430      8.046     2.3705   481.3184 1.0715e-01     0.0864    97.8640     7.1855     7.2771    31.3058    31.3058    24.6604    24.6609    7.12813 0.0000e+00
      32951     19.247     5.7810     5.7772   3.090262   3.089921     2.2285     2.6434      8.048     2.3604   481.3184 1.0715e-01     0.0864    97.8640     7.1881     7.2792    31.3056    31.3054    24.6603    24.6605    7.12810 0.0000e+00
      32954     19.169     5.7808     5.7771   3.090260   3.089905     2.2281     2.6417      8.048     2.3604   481.3184 1.0715e-01     0.0871    97.8466     7.1874     7.2731    31.3058    31.3053    24.6604    24.6605    7.12813 0.0000e+00
      32957     19.099     5.7811     5.7772   3.090251   3.089909     2.2281     2.6421      8.048     2.3604   481.3184 1.0715e-01     0.0864    97.8640     7.1856     7.2728    31.3055    31.3053    24.6601    24.6604    7.12809 0.0000e+00
      32960     19.042     5.7813     5.7770   3.090242   3.089904     2.2277     2.6426      8.048     2.3604   481.2790 1.0715e-01     0.0867    97.8553     7.1827     7.2742    31.3052    31.3054    24.6599    24.6606    7.12807 0.0000e+00
      32963     18.995     5.7814     5.7770   3.090250   3.089888     2.2289     2.6417      8.046     2.3502   481.2790 1.0715e-01     0.0864    97.8640     7.1864     7.2709    31.3053    31.3053    24.6599    24.6604    7.12806 0.0000e+00
      32966     18.957     5.7816     5.7770   3.090256   3.089908     2.2281     2.6417      8.048     2.3807   472.5936 1.0727e-01     0.0867    97.8553     7.1826     7.2713    31.3052    31.3055    24.6598    24.6606    7.12802 0.0000e+00
      33332     18.920     5.7599     5.7560   3.089528   3.089226     2.2236     2.6368      8.048     2.4417    55.6949 1.0715e-01     0.0817    97.9770     7.1684     7.2601    31.3172    31.3174    24.6719    24.6725    7.13118 0.0000e+00
      34062     18.816     5.7205     5.7279   3.088349   3.088819     2.2142     2.6271      8.048     2.1568     1.3323 1.0715e-01     0.0700    98.2639     7.1430     7.2349    31.3406    31.3390    24.6949    24.6928    7.13681 0.0000e+00
      34065     18.705     5.7330     5.7482   3.089022   3.089310     2.2142     2.6267      8.048     2.1568     1.3323 1.0715e-01     0.0700    98.2639     7.1445     7.2284    31.3366    31.3256    24.6903    24.6799    7.13486 0.0000e+00
      34068     18.609     5.7439     5.7342   3.089218   3.088588     2.2142     2.6263      8.048     2.2281    11.9127 1.0715e-01     0.0715    98.2291     7.1440     7.2293    31.3287    31.3306    24.6828    24.6854    7.13336 0.0000e+00
      34071     18.535     5.7522     5.7305   3.089804   3.088586     2.2146     2.6259      8.048     2.2281    19.4137 1.0715e-01     0.0715    98.2291     7.1445     7.2289    31.3276    31.3340    24.6810    24.6886    7.13200 0.0000e+00
      34074     18.480     5.7663     5.7383   3.090371   3.088994     2.2138     2.6263      8.048     2.2383    19.0979 1.0715e-01     0.0715    98.2291     7.1409     7.2291    31.3209    31.3315    24.6741    24.6856    7.12991 0.0000e+00
      34398     18.445     5.7772     5.7559   3.090805   3.089766     2.2191     2.6307      8.048     2.3400    16.2949 1.0715e-01     0.0765    98.1074     7.1581     7.2460    31.3157    31.3238    24.6686    24.6775    7.12829 0.0000e+00
      35043     18.408     5.7899     5.7817   3.091304   3.090821     2.2273     2.6417      8.045     2.5231    11.2415 1.0715e-01     0.0864    97.8640     7.1862     7.2871    31.3095    31.3117    24.6623    24.6650    7.12642 0.0000e+00
      35046     18.371     5.7909     5.7841   3.091375   3.090887     2.2277     2.6417      8.048     2.5130    10.8862 1.0715e-01     0.0864    97.8640     7.1920     7.2858    31.3094    31.3102    24.6621    24.6635    7.12625 0.0000e+00
      35151     18.299     5.7905     5.7879   3.091372   3.091061     2.2293     2.6466      8.046     2.6452    17.4397 1.0715e-01     0.0885    97.8118     7.1746     7.3095    31.3097    31.3086    24.6624    24.6619    7.12630 0.0000e+00
      35154     18.183     5.7909     5.7881   3.091365   3.091053     2.2293     2.6466      8.046     2.6452    17.4397 1.0715e-01     0.0885    97.8118     7.1735     7.3077    31.3094    31.3085    24.6621    24.6617    7.12625 0.0000e+00
      35157     18.067     5.7908     5.7881   3.091336   3.091045     2.2289     2.6474      8.045     2.6554    17.4397 1.0715e-01     0.0881    97.8205     7.1728     7.3093    31.3091    31.3085    24.6619    24.6616    7.12627 0.0000e+00
      35160     17.951     5.7910     5.7879   3.091379   3.091042     2.2289     2.6478      8.045     2.6351    17.4397 1.0715e-01     0.0864    97.8640     7.1761     7.3088    31.3095    31.3086    24.6621    24.6618    7.12622 0.0000e+00
      35163     17.840     5.7912     5.7877   3.091385   3.091015     2.2289     2.6478      8.045     2.6452    17.4397 1.0715e-01     0.0864    97.8640     7.1800     7.3078    31.3094    31.3085    24.6621    24.6618    7.12618 0.0000e+00
      35166     17.729     5.7915     5.7876   3.091380   3.091023     2.2293     2.6478      8.045     2.5028    33.1129 1.0715e-01     0.0864    97.8640     7.1826     7.3079    31.3091    31.3088    24.6618    24.6620    7.12615 0.0000e+00
      35169     17.621     5.7917     5.7876   3.091386   3.091019     2.2301     2.6478      8.045     2.4315   439.9444 1.0715e-01     0.0864    97.8640     7.1864     7.3088    31.3091    31.3087    24.6617    24.6620    7.12612 0.0000e+00
      35172     17.518     5.7916     5.7877   3.091358   3.091029     2.2289     2.6478      8.045     2.4315   481.2790 1.0715e-01     0.0864    97.8640     7.1830     7.3069    31.3089    31.3089    24.6616    24.6621    7.12615 0.0000e+00
      35175     17.417     5.7914     5.7879   3.091321   3.091031     2.2281     2.6466      8.046     2.4315   481.1211 1.0715e-01     0.0864    97.8640     7.1808     7.3010    31.3088    31.3088    24.6616    24.6620    7.12619 0.0000e+00
      35178     17.323     5.7906     5.7878   3.091288   3.091008     2.2285     2.6470      8.046     2.4315   481.2790 1.0715e-01     0.0860    97.8727     7.1842     7.3012    31.3092    31.3086    24.6620    24.6618    7.12631 0.0000e+00
      35181     17.230     5.7903     5.7879   3.091319   3.091002     2.2289     2.6478      8.046     2.4112   481.3184 1.0715e-01     0.0853    97.8901     7.1864     7.3020    31.3098    31.3085    24.6625    24.6618    7.12632 0.0000e+00
      35184     17.145     5.7911     5.7879   3.091325   3.091006     2.2305     2.6478      8.046     2.4112   481.3579 1.0715e-01     0.0853    97.8901     7.1933     7.3006    31.3092    31.3086    24.6619    24.6618    7.12622 0.0000e+00
      35187     17.060     5.7910     5.7880   3.091306   3.091010     2.2301     2.6474      8.046     2.4315   481.2395 1.0715e-01     0.0857    97.8814     7.1915     7.3000    31.3091    31.3086    24.6618    24.6618    7.12623 0.0000e+00
      35190     16.984     5.7908     5.7878   3.091332   3.090982     2.2289     2.6478      8.046     2.4214   481.3184 1.0715e-01     0.0860    97.8727     7.1871     7.3019    31.3096    31.3085    24.6623    24.6617    7.12625 0.0000e+00
      35193     16.913     5.7907     5.7875   3.091283   3.090985     2.2289     2.6478      8.046     2.5231   379.3441 1.0715e-01     0.0857    97.8814     7.1900     7.3028    31.3092    31.3088    24.6620    24.6620    7.12629 0.0000e+00
      35196     16.845     5.7899     5.7878   3.091244   3.090983     2.2293     2.6470      8.048     2.5435     5.0433 1.0715e-01     0.0860    97.8727     7.1936     7.2996    31.3095    31.3086    24.6623    24.6618    7.12640 0.0000e+00
      35199     16.777     5.7895     5.7878   3.091237   3.090991     2.2293     2.6478      8.045     2.5333    11.9127 1.0715e-01     0.0849    97.8988     7.1932     7.2996    31.3098    31.3087    24.6626    24.6619    7.12645 0.0000e+00
      35202     16.712     5.7893     5.7871   3.091202   3.090952     2.2297     2.6478      8.048     2.5435    11.7153 1.0715e-01     0.0853    97.8901     7.1921     7.2974    31.3097    31.3089    24.6626    24.6621    7.12651 0.0000e+00
      35205     16.650     5.7886     5.7867   3.091184   3.090934     2.2297     2.6470      8.048     2.5333    11.7548 1.0715e-01     0.0853    97.8901     7.1900     7.2923    31.3102    31.3091    24.6630    24.6624    7.12660 0.0000e+00
      35208     16.589     5.7889     5.7868   3.091194   3.090934     2.2301     2.6470      8.046     2.5333    11.7153 1.0715e-01     0.0849    97.8988     7.1911     7.2912    31.3101    31.3091    24.6629    24.6623    7.12656 0.0000e+00
      35211     16.529     5.7879     5.7867   3.091167   3.090931     2.2297     2.6478      8.048     2.5435    11.7548 1.0715e-01     0.0853    97.8901     7.1910     7.2926    31.3107    31.3091    24.6634    24.6623    7.12669 0.0000e+00
      35214     16.472     5.7880     5.7864   3.091169   3.090926     2.2301     2.6474      8.046     2.5536    11.7153 1.0715e-01     0.0853    97.8901     7.1940     7.2895    31.3106    31.3094    24.6634    24.6626    7.12668 0.0000e+00
      35217     16.415     5.7880     5.7864   3.091158   3.090905     2.2305     2.6478      8.043     2.5740    11.7548 1.0715e-01     0.0857    97.8814     7.1949     7.2900    31.3106    31.3091    24.6634    24.6624    7.12669 0.0000e+00
      35220     16.357     5.7887     5.7862   3.091136   3.090900     2.2301     2.6462      8.046     2.7063   242.9440 1.0715e-01     0.0885    97.8118     7.1917     7.2834    31.3097    31.3094    24.6626    24.6626    7.12661 0.0000e+00
      35223     16.302     5.7892     5.7859   3.091159   3.090880     2.2301     2.6462      8.045     2.7063   482.1870 1.0715e-01     0.0885    97.8118     7.1910     7.2827    31.3095    31.3095    24.6624    24.6628    7.12653 0.0000e+00
      35226     16.248     5.7892     5.7847   3.091151   3.090848     2.2301     2.6466      8.046     2.6961   481.0421 1.0715e-01     0.0885    97.8118     7.1903     7.2847    31.3095    31.3102    24.6624    24.6634    7.12653 0.0000e+00
      35229     16.197     5.7891     5.7842   3.091143   3.090799     2.2297     2.6458      8.048     2.7063   481.2395 1.0715e-01     0.0885    97.8118     7.1888     7.2829    31.3095    31.3101    24.6624    24.6634    7.12655 0.0000e+00
      35232     16.146     5.7887     5.7841   3.091121   3.090773     2.2301     2.6462      8.046     2.7063   481.3184 1.0715e-01     0.0885    97.8118     7.1901     7.2838    31.3096    31.3099    24.6626    24.6633    7.12661 0.0000e+00
      35235     16.095     5.7884     5.7845   3.091153   3.090768     2.2297     2.6458      8.048     2.7063   481.3184 1.0715e-01     0.0885    97.8118     7.1869     7.2834    31.3103    31.3096    24.6631    24.6630    7.12664 0.0000e+00
      35238     16.049     5.7886     5.7850   3.091153   3.090765     2.2305     2.6454      8.046     2.6961   481.3184 1.0715e-01     0.0881    97.8205     7.1925     7.2840    31.3101    31.3091    24.6629    24.6625    7.12660 0.0000e+00
      35241     16.008     5.7895     5.7851   3.091165   3.090757     2.2305     2.6454      8.046     2.7063   481.3184 1.0715e-01     0.0871    97.8466     7.1937     7.2877    31.3095    31.3090    24.6623    24.6624    7.12649 0.0000e+00
      35244     15.967     5.7904     5.7845   3.091229   3.090755     2.2305     2.6454      8.048     2.6757   481.3184 1.0715e-01     0.0867    97.8553     7.1951     7.2901    31.3094    31.3095    24.6621    24.6630    7.12634 0.0000e+00
      35247     15.929     5.7915     5.7849   3.091248   3.090779     2.2301     2.6454      8.046     2.6249   116.2558 1.0715e-01     0.0864    97.8640     7.1945     7.2882    31.3085    31.3094    24.6613    24.6628    7.12618 0.0000e+00
      35250     15.892     5.7925     5.7852   3.091254   3.090777     2.2305     2.6454      8.046     2.6452     8.4780 1.0715e-01     0.0867    97.8553     7.1954     7.2897    31.3077    31.3091    24.6606    24.6625    7.12605 0.0000e+00
      35253     15.855     5.7925     5.7857   3.091270   3.090817     2.2309     2.6454      8.046     2.6452    13.2155 1.0715e-01     0.0867    97.8553     7.1972     7.2908    31.3079    31.3091    24.6607    24.6625    7.12603 0.0000e+00
      35256     15.823     5.7927     5.7866   3.091290   3.090864     2.2301     2.6454      8.046     2.6351    13.0181 1.0715e-01     0.0871    97.8466     7.1930     7.2917    31.3079    31.3089    24.6608    24.6622    7.12601 0.0000e+00
      35259     15.796     5.7927     5.7871   3.091194   3.090847     2.2301     2.6454      8.048     2.6351    13.0576 1.0715e-01     0.0871    97.8466     7.1937     7.2936    31.3069    31.3082    24.6599    24.6616    7.12605 0.0000e+00
      35262     15.771     5.7926     5.7866   3.091240   3.090858     2.2317     2.6454      8.048     2.6351    13.0181 1.0715e-01     0.0867    97.8553     7.2008     7.2952    31.3075    31.3088    24.6604    24.6621    7.12604 0.0000e+00
      35320     15.745     5.7909     5.7871   3.090709   3.090610     2.2334     2.6482      8.046     2.6961   325.2578 1.0715e-01     0.0892    97.7945     7.1982     7.3061    31.3032    31.3055    24.6572    24.6595    7.12653 0.0000e+00
      35351     15.694     5.7900     5.7875   3.090490   3.090503     2.2338     2.6490      8.045     2.7063   247.3657 1.0715e-01     0.0903    97.7684     7.1914     7.3099    31.3015    31.3040    24.6560    24.6583    7.12676 0.0000e+00
      35354     15.632     5.7902     5.7874   3.090598   3.090424     2.2330     2.6494      8.046     2.6961     9.7413 1.0715e-01     0.0896    97.7858     7.1851     7.3105    31.3027    31.3033    24.6569    24.6576    7.12668 0.0000e+00
      35357     15.561     5.7908     5.7872   3.090648   3.090393     2.2334     2.6499      8.046     2.6961    20.2822 1.0715e-01     0.0899    97.7771     7.1842     7.3112    31.3026    31.3031    24.6568    24.6576    7.12658 0.0000e+00
      35360     15.478     5.7910     5.7871   3.090652   3.090303     2.2338     2.6503      8.046     2.6961    19.8085 1.0715e-01     0.0896    97.7858     7.1840     7.3100    31.3025    31.3022    24.6567    24.6569    7.12655 0.0000e+00
      35363     15.391     5.7907     5.7860   3.090578   3.090090     2.2334     2.6494      8.045     2.7063    19.8085 1.0715e-01     0.0889    97.8031     7.1807     7.3041    31.3020    31.3009    24.6563    24.6559    7.12663 0.0000e+00
      35366     15.294     5.7900     5.7852   3.090513   3.089965     2.2330     2.6490      8.043     2.7063    19.8085 1.0715e-01     0.0892    97.7945     7.1774     7.3013    31.3020    31.3003    24.6563    24.6556    7.12674 0.0000e+00
      35369     15.187     5.7902     5.7847   3.090503   3.089917     2.2330     2.6494      8.045     2.6859    19.8085 1.0715e-01     0.0885    97.8118     7.1762     7.3005    31.3018    31.3003    24.6562    24.6556    7.12672 0.0000e+00
      35372     15.075     5.7903     5.7847   3.090542   3.089909     2.2330     2.6490      8.045     2.6859    19.8085 1.0715e-01     0.0889    97.8031     7.1747     7.2967    31.3021    31.3003    24.6564    24.6556    7.12668 0.0000e+00
      35375     14.958     5.7902     5.7848   3.090444   3.089915     2.2326     2.6494      8.043     2.6350    19.8085 1.0715e-01     0.0889    97.8031     7.1719     7.2963    31.3013    31.3003    24.6558    24.6557    7.12675 0.0000e+00
