Datasets/AZMP/HUD120/hud120_2020_054.cnv
* Sea-Bird SBE 9 Data File:
* FileName = C:\CTDDATA\hud120_2020_054.hex
* Software Version Seasave V 7.26.7.110
* Temperature SN = 1697
* Conductivity SN = 4216
* Number of Bytes Per Scan = 30
* Number of Voltage Words = 4
* Number of Scans Averaged by the Deck Unit = 1
* NMEA baud rate = 4800
** VESSEL/TRIP/SEQ STN:  hud120_2020_054
** LATITUDE XX XX.XX: 47 00.00 N
** LONGITUDE XX XX.XX: 044 26.00 W
** SOUNDING DEPTH (M): 0156
** PROBE TYPE: S1146
** CTD NUMBER: 033
** FORMAT: V
** COMMENTS (14 CHAR): FC-28
** BOTTLES:  0
** LEVELS: 0
** STICKERS:
** VNET: N
** DO2: N
# nquan = 22
# nvalues = 2668                        
# units = specified
# name 0 = scan: Scan Count
# name 1 = prDM: Pressure, Digiquartz [db]
# name 2 = t090C: Temperature [ITS-90, deg C]
# name 3 = t190C: Temperature, 2 [ITS-90, deg C]
# name 4 = c0S/m: Conductivity [S/m]
# name 5 = c1S/m: Conductivity, 2 [S/m]
# name 6 = sbeox0V: Oxygen raw, SBE 43 [V]
# name 7 = sbeox1V: Oxygen raw, SBE 43, 2 [V]
# name 8 = ph: pH
# name 9 = flECO-AFL: Fluorescence, WET Labs ECO-AFL/FL [mg/m^3]
# name 10 = wetCDOM: Fluorescence, WET Labs CDOM [mg/m^3]
# name 11 = par/sat/log: PAR/Logarithmic, Satlantic [umol photons/m^2/sec]
# name 12 = CStarAt0: Beam Attenuation, WET Labs C-Star [1/m]
# name 13 = CStarTr0: Beam Transmission, WET Labs C-Star [%]
# name 14 = sbeox0ML/L: Oxygen, SBE 43 [ml/l], WS = 2
# name 15 = sbeox1ML/L: Oxygen, SBE 43, 2 [ml/l], WS = 2
# name 16 = sal00: Salinity, Practical [PSU]
# name 17 = sal11: Salinity, Practical, 2 [PSU]
# name 18 = sigma-t00: Density [sigma-t, kg/m^3 ]
# name 19 = sigma-t11: Density, 2 [sigma-t, kg/m^3 ]
# name 20 = oxsatML/L: Oxygen Saturation, Weiss [ml/l]
# name 21 = flag: flag
# span 0 =         23,      10044       
# span 1 =      0.401,    152.125       
# span 2 =     3.7601,     7.0892       
# span 3 =     3.7555,     7.0852       
# span 4 =   2.913961,   3.432945       
# span 5 =   2.743341,   3.432426       
# span 6 =     1.8452,     2.2385       
# span 7 =     2.1993,     2.6911       
# span 8 =      7.918,      8.121       
# span 9 =     0.8952,     7.1324       
# span 10 =    -2.8130,   482.1870      
# span 11 = 1.0617e-01, 8.0573e-01      
# span 12 =     0.0960,     1.1394      
# span 13 =    75.2119,    97.6293      
# span 14 =     5.8753,     6.8838      
# span 15 =     6.0577,     7.1018      
# span 16 =    28.2908,    34.5457      
# span 17 =    26.5701,    34.5451      
# span 18 =    22.1310,    27.4405      
# span 19 =    20.7829,    27.4405      
# span 20 =    6.80393,    7.33172      
# span 21 = 0.0000e+00, 0.0000e+00      
# interval = scans: 3                   
# start_time = Nov 23 2020 05:16:25 [System UTC, header]
# bad_flag = -9.990e-29
*END*
[from data line 659]
       2294     74.109     6.0237     6.0257   3.346490   3.348513     2.1408     2.5678      8.089     2.3502   481.3579 1.0715e-01     0.1465    96.4037     6.6648     6.9581    33.9214    33.9422    26.6974    26.7135    6.96674 0.0000e+00
       2297     74.159     6.0081     6.0077   3.345723   3.347786     2.1412     2.5686      8.090     2.4010   481.3579 1.0715e-01     0.1465    96.4037     6.6629     6.9606    33.9283    33.9520    26.7048    26.7236    6.96899 0.0000e+00
       2300     74.206     5.9825     6.1625   3.345603   3.360010     2.1404     2.5690      8.090     2.5536   425.9293 1.0715e-01     0.1465    96.4037     6.6598     6.9323    33.9526    33.9343    26.7272    26.6899    6.97212 0.0000e+00
       2303     74.246     5.9663     6.2723   3.345669   3.364127     2.1396     2.5690      8.087     2.5333    16.0975 1.0715e-01     0.1465    96.4037     6.6577     6.9117    33.9697    33.8709    26.7427    26.6259    6.97403 0.0000e+00
       2306     74.284     5.9751     6.0961   3.345534   3.359118     2.1392     2.5690      8.087     2.5536    -0.1679 1.0715e-01     0.1465    96.4037     6.6614     6.9332    33.9593    33.9908    26.7334    26.7430    6.97305 0.0000e+00
       2309     74.315     5.9772     5.9858   3.345017   3.348075     2.1380     2.5702      8.085     2.5435     1.8060 1.0715e-01     0.1465    96.4037     6.6623     6.9521    33.9513    33.9772    26.7269    26.7462    6.97306 0.0000e+00
       2312     74.340     6.0456     5.9761   3.352273   3.344700     2.1376     2.5702      8.085     2.5435     1.6876 1.0715e-01     0.1454    96.4298     6.6502     6.9508    33.9643    33.9488    26.7285    26.7250    6.96117 0.0000e+00
       2315     74.362     6.2228     6.1463   3.371573   3.363275     2.1368     2.5702      8.084     2.5435     1.6876 1.0715e-01     0.1454    96.4298     6.6147     6.9137    34.0034    33.9870    26.7368    26.7336    6.93030 0.0000e+00
       2371     74.491     6.4573     6.5939   3.382650   3.394709     2.1221     2.5446      8.088     2.1873   481.3579 1.0715e-01     0.1389    96.5862     6.4573     6.5519    33.8933    33.8917    26.6196    26.6003    6.89705 0.0000e+00
       2374     74.516     6.4809     6.5569   3.384537   3.391684     2.1200     2.5413      8.088     2.1772   481.3579 1.0715e-01     0.1379    96.6123     6.4468     6.5462    33.8908    33.8947    26.6145    26.6076    6.89333 0.0000e+00
       2377     74.550     6.5120     6.5500   3.388437   3.391923     2.1200     2.5393      8.088     2.2891   481.3579 1.0715e-01     0.1379    96.6123     6.4464     6.5400    33.9032    33.9042    26.6202    26.6160    6.88774 0.0000e+00
       2380     74.589     6.5284     6.5734   3.389945   3.392969     2.1196     2.5364      8.087     2.3298   209.0710 1.0715e-01     0.1379    96.6123     6.4452     6.5284    33.9037    33.8927    26.6185    26.6038    6.88507 0.0000e+00
       2383     74.635     6.5097     6.5556   3.387980   3.391182     2.1184     2.5336      8.088     2.3094     0.5427 1.0715e-01     0.1379    96.6123     6.4441     6.5244    33.9004    33.8904    26.6183    26.6043    6.88824 0.0000e+00
       2386     74.690     6.4354     6.4882   3.376630   3.385246     2.1172     2.5315      8.085     2.3298     7.2147 1.0715e-01     0.1379    96.6123     6.4533     6.5281    33.8479    33.8914    26.5866    26.6140    6.90266 0.0000e+00
       2389     74.750     6.3147     6.4403   3.370136   3.381685     2.1168     2.5295      8.088     2.3196     6.8988 1.0715e-01     0.1379    96.6123     6.4703     6.5303    33.8955    33.8993    26.6398    26.6265    6.92015 0.0000e+00
       2392     74.820     6.3415     6.2566   3.374382   3.362852     2.1152     2.5266      8.086     2.3196     6.8988 1.0715e-01     0.1372    96.6297     6.4559     6.5521    33.9162    33.8719    26.6527    26.6286    6.91484 0.0000e+00
       2395     74.901     6.2745     6.0223   3.365028   3.345027     2.1135     2.5242      8.085     2.3196     6.8988 1.0715e-01     0.1368    96.6384     6.4610     6.5838    33.8784    33.9059    26.6314    26.6853    6.92749 0.0000e+00
       2398     74.992     6.1428     5.8749   3.356340   3.334214     2.1131     2.5217      8.084     2.3196     6.8988 1.0715e-01     0.1368    96.6384     6.4786     6.6017    33.9124    33.9318    26.6752    26.7242    6.94752 0.0000e+00
       2401     75.093     6.0057     5.8051   3.343751   3.329092     2.1127     2.5193      8.085     2.3298     6.8988 1.0715e-01     0.1372    96.6297     6.4958     6.6073    33.9081    33.9440    26.6891    26.7425    6.97033 0.0000e+00
       2404     75.201     5.8273     5.7557   3.329034   3.324762     2.1107     2.5165      8.087     2.1873     7.0567 1.0715e-01     0.1368    96.6384     6.5146     6.6090    33.9210    33.9446    26.7215    26.7490    6.99934 0.0000e+00
       2407     75.317     5.7029     5.6863   3.319915   3.318878     2.1091     2.5140      8.086     2.1772   406.2293 1.0715e-01     0.1368    96.6384     6.5275     6.6161    33.9428    33.9478    26.7540    26.7600    7.01910 0.0000e+00
       2410     75.442     5.6144     5.6199   3.312387   3.313342     2.1087     2.5116      8.085     2.1670   481.8317 1.0715e-01     0.1368    96.6384     6.5394     6.6227    33.9464    33.9518    26.7677    26.7713    7.03377 0.0000e+00
       2413     75.577     5.5045     5.5327   3.302947   3.305373     2.1078     2.5104      8.082     2.1772   481.0816 1.0715e-01     0.1368    96.6384     6.5520     6.6376    33.9499    33.9490    26.7837    26.7796    7.05213 0.0000e+00
       2416     75.719     5.4162     5.4196   3.296770   3.297183     2.1054     2.5083      8.079     2.1670   481.3579 1.0715e-01     0.1368    96.6384     6.5560     6.6537    33.9686    33.9698    26.8091    26.8096    7.06619 0.0000e+00
       2419     75.865     5.3377     5.3443   3.290068   3.291284     2.1058     2.5067      8.078     2.1772   481.3579 1.0715e-01     0.1368    96.6384     6.5694     6.6647    33.9715    33.9787    26.8206    26.8255    7.07938 0.0000e+00
       2422     76.018     5.2460     5.2463   3.283730   3.283917     2.1046     2.5046      8.073     2.1670   481.3579 1.0715e-01     0.1368    96.6384     6.5745     6.6772    33.9917    33.9937    26.8474    26.8489    7.09404 0.0000e+00
       2425     76.177     5.2051     5.1952   3.281235   3.280824     2.1025     2.5022      8.069     2.1772   481.3579 1.0715e-01     0.1368    96.6384     6.5706     6.6819    34.0047    34.0099    26.8624    26.8678    7.10043 0.0000e+00
       2428     76.345     5.1899     5.1799   3.280432   3.279857     2.1017     2.4994      8.067     2.0551   481.3579 1.0715e-01     0.1368    96.6384     6.5674     6.6792    34.0107    34.0143    26.8691    26.8731    7.10273 0.0000e+00
       2431     76.522     5.1814     5.1693   3.279776   3.278940     2.1005     2.4994      8.064     1.6989   481.3579 1.0715e-01     0.1346    96.6905     6.5600     6.6831    34.0117    34.0145    26.8708    26.8744    7.10414 0.0000e+00
       2434     76.702     5.1678     5.1562   3.278740   3.278075     2.0993     2.4969      8.063     1.7193   481.3579 1.0715e-01     0.1325    96.7427     6.5525     6.6786    34.0136    34.0178    26.8739    26.8786    7.10639 0.0000e+00
       2437     76.884     5.1493     5.1432   3.276970   3.276753     2.0977     2.4953      8.060     1.7193   481.3579 1.0715e-01     0.1325    96.7427     6.5481     6.6776    34.0120    34.0157    26.8747    26.8785    7.10962 0.0000e+00
       2440     77.070     5.0991     5.0867   3.272313   3.271981     2.0968     2.4932      8.060     1.7193   481.3579 1.0715e-01     0.1325    96.7427     6.5508     6.6822    34.0094    34.0182    26.8786    26.8869    7.11836 0.0000e+00
       2443     77.260     5.0131     4.9982   3.265804   3.265531     2.0952     2.4916      8.055     1.7295   481.3579 1.0715e-01     0.1325    96.7427     6.5549     6.6955    34.0219    34.0341    26.8983    26.9097    7.13255 0.0000e+00
       2446     77.453     4.9399     4.9251   3.261364   3.260934     2.0936     2.4896      8.056     1.7091   481.3579 1.0715e-01     0.1325    96.7427     6.5598     6.7044    34.0454    34.0556    26.9252    26.9350    7.14409 0.0000e+00
       2449     77.646     4.9034     4.8927   3.259149   3.258575     2.0920     2.4888      8.054     1.7295   481.3579 1.0715e-01     0.1328    96.7340     6.5580     6.7092    34.0570    34.0613    26.9386    26.9432    7.14985 0.0000e+00
       2452     77.843     4.8709     4.8604   3.256880   3.256315     2.0903     2.4867      8.049     1.7091   481.3579 1.0715e-01     0.1271    96.8731     6.5545     6.7089    34.0639    34.0681    26.9477    26.9523    7.15515 0.0000e+00
       2455     78.040     4.8449     4.8363   3.255232   3.254757     2.0891     2.4847      8.049     1.5870   481.3579 1.0715e-01     0.1249    96.9252     6.5538     6.7054    34.0713    34.0746    26.9565    26.9601    7.15931 0.0000e+00
       2458     78.237     4.8312     4.8250   3.254618   3.254107     2.0875     2.4835      8.047     1.5158   300.6624 1.0715e-01     0.1260    96.8992     6.5484     6.7064    34.0781    34.0786    26.9635    26.9645    7.16136 0.0000e+00
       2461     78.432     4.8281     4.8212   3.254452   3.253925     2.0867     2.4819      8.044     1.5158     3.2273 1.0715e-01     0.1256    96.9079     6.5456     6.7024    34.0793    34.0802    26.9648    26.9663    7.16185 0.0000e+00
       2464     78.627     4.8250     4.8183   3.254182   3.253689     2.0854     2.4806      8.042     1.5057    15.1105 1.0715e-01     0.1256    96.9079     6.5392     6.7003    34.0792    34.0804    26.9651    26.9667    7.16238 0.0000e+00
       2467     78.824     4.8071     4.7995   3.252579   3.252130     2.0838     2.4798      8.042     1.5260    14.5973 1.0715e-01     0.1256    96.9079     6.5375     6.7033    34.0789    34.0815    26.9668    26.9697    7.16551 0.0000e+00
       2470     79.020     4.7829     4.7749   3.250958   3.250480     2.0822     2.4778      8.040     1.5260    14.5973 1.0715e-01     0.1249    96.9252     6.5372     6.7019    34.0847    34.0874    26.9742    26.9772    7.16944 0.0000e+00
       2473     79.212     4.7716     4.7658   3.250391   3.249956     2.0810     2.4757      8.037     1.5057    14.5973 1.0715e-01     0.1210    97.0208     6.5344     6.6983    34.0897    34.0906    26.9793    26.9807    7.17117 0.0000e+00
       2476     79.406     4.7688     4.7637   3.250252   3.249821     2.0793     2.4745      8.037     1.5057    14.5973 1.0727e-01     0.1206    97.0295     6.5284     6.6978    34.0908    34.0910    26.9806    26.9813    7.17161 0.0000e+00
       2479     79.596     4.7680     4.7635   3.250235   3.249760     2.0781     2.4721      8.037     1.5158    14.6368 1.0715e-01     0.1206    97.0295     6.5227     6.6931    34.0914    34.0905    26.9811    26.9809    7.17172 0.0000e+00
       2482     79.782     4.7643     4.7595   3.249815   3.249424     2.0765     2.4721      8.035     1.4141    14.5973 1.0715e-01     0.1206    97.0295     6.5160     6.6959    34.0902    34.0906    26.9806    26.9815    7.17243 0.0000e+00
       2485     79.969     4.7552     4.7499   3.249236   3.248823     2.0749     2.4692      8.034     1.3937   318.1516 1.0715e-01     0.1206    97.0295     6.5131     6.6909    34.0927    34.0933    26.9836    26.9846    7.17389 0.0000e+00
       2488     80.149     4.7508     4.7447   3.249081   3.248597     2.0728     2.4688      8.033     1.3836   481.8712 1.0715e-01     0.1206    97.0295     6.5075     6.6944    34.0954    34.0960    26.9862    26.9874    7.17453 0.0000e+00
       2491     80.325     4.7455     4.7391   3.248639   3.248128     2.0732     2.4680      8.033     1.3836   481.0026 1.0715e-01     0.1195    97.0556     6.5133     6.6963    34.0956    34.0961    26.9870    26.9881    7.17544 0.0000e+00
       2494     80.497     4.7375     4.7294   3.247954   3.247346     2.0716     2.4660      8.033     1.4039   481.3579 1.0715e-01     0.1159    97.1425     6.5110     6.6944    34.0957    34.0969    26.9879    26.9898    7.17682 0.0000e+00
       2497     80.666     4.7272     4.7194   3.247150   3.246606     2.0696     2.4652      8.033     1.3836   481.3579 1.0715e-01     0.1159    97.1425     6.5078     6.6965    34.0968    34.0985    26.9899    26.9922    7.17856 0.0000e+00
       2500     80.829     4.7166     4.7098   3.246247   3.245810     2.0687     2.4639      8.033     1.3937   481.3579 1.0715e-01     0.1163    97.1338     6.5099     6.6966    34.0972    34.0990    26.9914    26.9937    7.18041 0.0000e+00
       2503     80.992     4.6994     4.6934   3.244866   3.244456     2.0663     2.4635      8.033     1.3836   481.3579 1.0715e-01     0.1163    97.1338     6.5088     6.6998    34.0987    34.1001    26.9945    26.9963    7.18333 0.0000e+00
       2506     81.148     4.6837     4.6755   3.243773   3.243227     2.0659     2.4611      8.028     1.4141   481.3579 1.0715e-01     0.1163    97.1338     6.5158     6.6973    34.1021    34.1041    26.9989    27.0015    7.18592 0.0000e+00
       2509     81.301     4.6692     4.6639   3.242743   3.242321     2.0651     2.4615      8.028     1.4853   470.9354 1.0715e-01     0.1159    97.1425     6.5229     6.7071    34.1049    34.1053    27.0028    27.0038    7.18831 0.0000e+00
       2512     81.444     4.6604     4.6545   3.242215   3.241738     2.0639     2.4599      8.028     1.4649    55.3396 1.0715e-01     0.1138    97.1947     6.5254     6.7078    34.1077    34.1082    27.0060    27.0071    7.18972 0.0000e+00
       2515     81.584     4.6551     4.6493   3.241842   3.241368     2.0626     2.4586      8.028     1.4751    13.6498 1.0715e-01     0.1120    97.2382     6.5259     6.7115    34.1087    34.1092    27.0074    27.0084    7.19059 0.0000e+00
       2518     81.719     4.6473     4.6401   3.241062   3.240497     2.0618     2.4566      8.028     1.4751    15.3869 1.0715e-01     0.1120    97.2382     6.5299     6.7141    34.1076    34.1084    27.0074    27.0088    7.19201 0.0000e+00
       2521     81.847     4.6336     4.6258   3.239860   3.239354     2.0606     2.4566      8.028     1.4751    15.3079 1.0715e-01     0.1120    97.2382     6.5324     6.7254    34.1076    34.1097    27.0089    27.0114    7.19440 0.0000e+00
       2524     81.969     4.6205     4.6105   3.238875   3.238171     2.0598     2.4554      8.028     1.4853    15.3079 1.0715e-01     0.1120    97.2382     6.5352     6.7334    34.1095    34.1116    27.0119    27.0146    7.19661 0.0000e+00
       2527     82.084     4.6076     4.5979   3.238070   3.237407     2.0598     2.4542      8.028     1.4751    15.3079 1.0715e-01     0.1120    97.2382     6.5402     6.7411    34.1134    34.1156    27.0164    27.0191    7.19869 0.0000e+00
       2530     82.192     4.5952     4.5902   3.237405   3.236849     2.0594     2.4542      8.028     1.4751    15.3079 1.0727e-01     0.1120    97.2382     6.5406     6.7529    34.1183    34.1170    27.0216    27.0211    7.20062 0.0000e+00
       2533     82.293     4.5887     4.5836   3.237022   3.236498     2.0586     2.4554      8.028     1.5260    15.3079 1.0715e-01     0.1106    97.2729     6.5388     6.7690    34.1205    34.1196    27.0241    27.0239    7.20165 0.0000e+00
       2536     82.389     4.5830     4.5818   3.236714   3.236361     2.0586     2.4542      8.027     1.6074   105.4780 1.0715e-01     0.1099    97.2903     6.5394     6.7784    34.1227    34.1198    27.0264    27.0243    7.20255 0.0000e+00
       2539     82.477     4.5761     4.5771   3.236306   3.236102     2.0565     2.4542      8.025     1.6074   478.7523 1.0727e-01     0.1099    97.2903     6.5290     6.7893    34.1251    34.1217    27.0291    27.0262    7.20365 0.0000e+00
