Datasets/AZMP/HUD120/hud120_2020_108.cnv
* Sea-Bird SBE 9 Data File:
* FileName = C:\CTDDATA\hud120_2020_108.hex
* Software Version Seasave V 7.26.7.110
* Temperature SN = 1697
* Conductivity SN = 4216
* Number of Bytes Per Scan = 30
* Number of Voltage Words = 4
* Number of Scans Averaged by the Deck Unit = 1
* NMEA baud rate = 4800
** VESSEL/TRIP/SEQ STN:  hud120_2020_108
** LATITUDE XX XX.XX: 47 40.80 N
** LONGITUDE XX XX.XX: 051 52.80 W
** SOUNDING DEPTH (M): 0188
** PROBE TYPE: S1146
** CTD NUMBER: 078
** FORMAT: V
** COMMENTS (14 CHAR): S27-04
** BOTTLES:  0
** LEVELS:
** STICKERS:
** VNET: N
** DO2: N
# nquan = 22
# nvalues = 3321                        
# units = specified
# name 0 = scan: Scan Count
# name 1 = prDM: Pressure, Digiquartz [db]
# name 2 = t090C: Temperature [ITS-90, deg C]
# name 3 = t190C: Temperature, 2 [ITS-90, deg C]
# name 4 = c0S/m: Conductivity [S/m]
# name 5 = c1S/m: Conductivity, 2 [S/m]
# name 6 = sbeox0V: Oxygen raw, SBE 43 [V]
# name 7 = sbeox1V: Oxygen raw, SBE 43, 2 [V]
# name 8 = ph: pH
# name 9 = flECO-AFL: Fluorescence, WET Labs ECO-AFL/FL [mg/m^3]
# name 10 = wetCDOM: Fluorescence, WET Labs CDOM [mg/m^3]
# name 11 = par/sat/log: PAR/Logarithmic, Satlantic [umol photons/m^2/sec]
# name 12 = CStarAt0: Beam Attenuation, WET Labs C-Star [1/m]
# name 13 = CStarTr0: Beam Transmission, WET Labs C-Star [%]
# name 14 = sbeox0ML/L: Oxygen, SBE 43 [ml/l], WS = 2
# name 15 = sbeox1ML/L: Oxygen, SBE 43, 2 [ml/l], WS = 2
# name 16 = sal00: Salinity, Practical [PSU]
# name 17 = sal11: Salinity, Practical, 2 [PSU]
# name 18 = sigma-t00: Density [sigma-t, kg/m^3 ]
# name 19 = sigma-t11: Density, 2 [sigma-t, kg/m^3 ]
# name 20 = oxsatML/L: Oxygen Saturation, Weiss [ml/l]
# name 21 = flag: flag
# span 0 =         75,      10923       
# span 1 =      1.720,    182.424       
# span 2 =    -0.5529,     2.8047       
# span 3 =    -0.5597,     2.7995       
# span 4 =   2.702568,   2.907376       
# span 5 =   2.701948,   2.906867       
# span 6 =     1.7475,     2.2116       
# span 7 =     2.0437,     2.6189       
# span 8 =      7.980,      8.179       
# span 9 =     0.9765,     4.3851       
# span 10 =    -2.8130,   482.1870      
# span 11 = 1.0331e-01, 1.2567e+00      
# span 12 =     0.0853,     0.3371      
# span 13 =    91.9185,    97.8901      
# span 14 =     6.0057,     7.9572      
# span 15 =     6.0506,     8.1554      
# span 16 =    32.0341,    33.8059      
# span 17 =    32.0328,    33.8047      
# span 18 =    25.5359,    27.0963      
# span 19 =    25.5346,    27.0956      
# span 20 =    7.63249,    8.28421      
# span 21 = 0.0000e+00, 0.0000e+00      
# interval = scans: 3                   
# start_time = Dec 01 2020 02:51:32 [System UTC, header]
# bad_flag = -9.990e-29
*END*
[from data line 922]
       3120    101.156    -0.3172    -0.3219   2.736449   2.735975     1.9869     2.3377      8.095     1.1190   481.2790 1.0715e-01     0.0906    97.7597     7.3073     7.3575    33.0672    33.0659    26.5605    26.5596    8.22135 0.0000e+00
       3123    101.240    -0.3163    -0.3217   2.736532   2.735987     1.9877     2.3369      8.095     1.1292   413.2171 1.0715e-01     0.0906    97.7597     7.3111     7.3570    33.0672    33.0658    26.5605    26.5596    8.22115 0.0000e+00
       3126    101.324    -0.3158    -0.3207   2.736598   2.736100     1.9869     2.3381      8.095     1.0986    11.7153 1.0715e-01     0.0906    97.7597     7.3028     7.3628    33.0675    33.0662    26.5607    26.5598    8.22103 0.0000e+00
       3129    101.407    -0.3134    -0.3185   2.736792   2.736285     1.9865     2.3381      8.095     1.1190     5.7934 1.0715e-01     0.0906    97.7597     7.3024     7.3633    33.0675    33.0662    26.5606    26.5598    8.22051 0.0000e+00
       3132    101.492    -0.3125    -0.3181   2.736858   2.736353     1.9869     2.3373      8.092     1.1190     6.7015 1.0715e-01     0.0906    97.7597     7.3039     7.3631    33.0673    33.0667    26.5604    26.5601    8.22031 0.0000e+00
       3135    101.574    -0.3118    -0.3170   2.736979   2.736480     1.9853     2.3357      8.094     1.1190     6.6620 1.0715e-01     0.0906    97.7597     7.2951     7.3584    33.0681    33.0671    26.5610    26.5604    8.22011 0.0000e+00
       3138    101.654    -0.3107    -0.3154   2.737069   2.736602     1.9849     2.3357      8.094     1.0986     6.6620 1.0715e-01     0.0896    97.7858     7.2959     7.3597    33.0680    33.0669    26.5609    26.5602    8.21987 0.0000e+00
       3141    101.736    -0.3100    -0.3146   2.737111   2.736652     1.9861     2.3357      8.095     1.1292     6.6620 1.0715e-01     0.0896    97.7858     7.3026     7.3625    33.0678    33.0667    26.5606    26.5600    8.21973 0.0000e+00
       3144    101.816    -0.3081    -0.3109   2.737346   2.737063     1.9841     2.3357      8.095     1.1190     6.6620 1.0715e-01     0.0896    97.7858     7.2888     7.3613    33.0688    33.0681    26.5614    26.5610    8.21926 0.0000e+00
       3147    101.893    -0.3025    -0.3062   2.737841   2.737473     1.9841     2.3357      8.092     1.1190     6.6620 1.0715e-01     0.0896    97.7858     7.2874     7.3563    33.0692    33.0685    26.5615    26.5610    8.21799 0.0000e+00
       3150    101.970    -0.2977    -0.3032   2.738333   2.737778     1.9832     2.3349      8.092     1.1190   189.6078 1.0715e-01     0.0896    97.7858     7.2870     7.3496    33.0705    33.0691    26.5623    26.5614    8.21686 0.0000e+00
       3153    102.047    -0.2946    -0.2992   2.738558   2.738139     1.9841     2.3349      8.093     1.1292   482.1870 1.0715e-01     0.0896    97.7858     7.2936     7.3480    33.0701    33.0696    26.5619    26.5616    8.21620 0.0000e+00
       3156    102.123    -0.2945    -0.2987   2.738690   2.738171     1.9832     2.3345      8.095     1.1292   481.1605 1.0715e-01     0.0896    97.7858     7.2921     7.3467    33.0717    33.0694    26.5632    26.5615    8.21609 0.0000e+00
       3159    102.200    -0.2928    -0.2987   2.738813   2.738244     1.9832     2.3345      8.093     1.1190   481.2790 1.0715e-01     0.0885    97.8118     7.2950     7.3455    33.0715    33.0704    26.5629    26.5623    8.21574 0.0000e+00
       3162    102.276    -0.2918    -0.2969   2.738897   2.738399     1.9828     2.3333      8.095     1.1190   481.2790 1.0715e-01     0.0889    97.8031     7.2918     7.3360    33.0714    33.0704    26.5628    26.5622    8.21551 0.0000e+00
       3165    102.350    -0.2909    -0.2963   2.739011   2.738474     1.9824     2.3337      8.093     1.1190   481.3579 1.0727e-01     0.0885    97.8118     7.2917     7.3341    33.0719    33.0707    26.5632    26.5624    8.21529 0.0000e+00
       3168    102.426    -0.2875    -0.2940   2.739409   2.738708     1.9820     2.3329      8.092     1.1190   481.3184 1.0715e-01     0.0885    97.8118     7.2923     7.3310    33.0735    33.0712    26.5643    26.5628    8.21445 0.0000e+00
       3171    102.505    -0.2776    -0.2837   2.740333   2.739688     1.9820     2.3320      8.093     1.1292   481.3184 1.0715e-01     0.0885    97.8118     7.2918     7.3264    33.0750    33.0730    26.5651    26.5638    8.21220 0.0000e+00
       3174    102.585    -0.2689    -0.2744   2.741036   2.740518     1.9824     2.3320      8.092     1.1190   481.3579 1.0715e-01     0.0889    97.8031     7.2928     7.3265    33.0748    33.0740    26.5646    26.5641    8.21029 0.0000e+00
       3177    102.670    -0.2653    -0.2711   2.741364   2.740815     1.9820     2.3308      8.092     1.1190   161.5777 1.0715e-01     0.0899    97.7771     7.2918     7.3220    33.0753    33.0742    26.5647    26.5641    8.20948 0.0000e+00
       3180    102.757    -0.2637    -0.2687   2.741488   2.741002     1.9812     2.3308      8.095     1.1190    -2.2998 1.0715e-01     0.0906    97.7597     7.2886     7.3246    33.0752    33.0741    26.5646    26.5639    8.20914 0.0000e+00
       3183    102.846    -0.2633    -0.2674   2.741543   2.741119     1.9808     2.3308      8.093     1.1190     1.0560 1.0727e-01     0.0903    97.7684     7.2844     7.3269    33.0753    33.0741    26.5647    26.5639    8.20902 0.0000e+00
       3186    102.939    -0.2631    -0.2669   2.741611   2.741206     1.9808     2.3296      8.093     1.1292     0.9770 1.0715e-01     0.0906    97.7597     7.2854     7.3228    33.0759    33.0747    26.5652    26.5644    8.20894 0.0000e+00
       3189    103.033    -0.2621    -0.2661   2.741733   2.741265     1.9808     2.3296      8.095     1.1088     0.9770 1.0715e-01     0.0903    97.7684     7.2822     7.3238    33.0765    33.0746    26.5656    26.5642    8.20871 0.0000e+00
       3192    103.134    -0.2606    -0.2654   2.741860   2.741342     1.9804     2.3304      8.095     1.1292     0.9770 1.0715e-01     0.0906    97.7597     7.2752     7.3282    33.0764    33.0748    26.5655    26.5644    8.20837 0.0000e+00
       3195    103.237    -0.2600    -0.2651   2.741962   2.741361     1.9808     2.3296      8.093     1.1190     0.9770 1.0715e-01     0.0906    97.7597     7.2742     7.3206    33.0771    33.0746    26.5660    26.5642    8.20820 0.0000e+00
       3198    103.345    -0.2592    -0.2647   2.741994   2.741415     1.9808     2.3296      8.090     1.1190     0.9770 1.0715e-01     0.0892    97.7945     7.2730     7.3164    33.0766    33.0749    26.5656    26.5644    8.20806 0.0000e+00
       3201    103.460    -0.2587    -0.2642   2.742049   2.741490     1.9804     2.3288      8.095     1.1292    13.5313 1.0715e-01     0.0892    97.7945     7.2678     7.3114    33.0767    33.0753    26.5656    26.5647    8.20794 0.0000e+00
       3204    103.579    -0.2580    -0.2626   2.742216   2.741717     1.9796     2.3292      8.093     1.1292   434.6937 1.0715e-01     0.0892    97.7945     7.2597     7.3097    33.0781    33.0765    26.5667    26.5656    8.20771 0.0000e+00
       3207    103.706    -0.2518    -0.2566   2.743069   2.742474     1.9788     2.3284      8.095     1.1088   481.2000 1.0715e-01     0.0885    97.8118     7.2534     7.3031    33.0827    33.0800    26.5701    26.5682    8.20610 0.0000e+00
       3210    103.836    -0.2444    -0.2481   2.743916   2.743420     1.9792     2.3272      8.093     1.1088   481.1605 1.0715e-01     0.0889    97.8031     7.2522     7.2934    33.0858    33.0832    26.5724    26.5704    8.20430 0.0000e+00
       3213    103.968    -0.2374    -0.2413   2.744577   2.744090     1.9776     2.3276      8.095     1.1190   481.2395 1.0715e-01     0.0889    97.8031     7.2428     7.2886    33.0869    33.0846    26.5729    26.5712    8.20269 0.0000e+00
       3216    104.107    -0.2365    -0.2423   2.744269   2.743738     1.9780     2.3263      8.095     1.1190   481.3579 1.0715e-01     0.0889    97.8031     7.2469     7.2832    33.0818    33.0810    26.5687    26.5684    8.20279 0.0000e+00
       3219    104.247    -0.2494    -0.2556   2.743179   2.742673     1.9776     2.3247      8.092     1.1190   481.3184 1.0715e-01     0.0874    97.8379     7.2480     7.2814    33.0811    33.0812    26.5688    26.5691    8.20565 0.0000e+00
       3222    104.391    -0.2558    -0.2620   2.742890   2.742343     1.9776     2.3247      8.093     1.1190   481.2790 1.0715e-01     0.0874    97.8379     7.2544     7.2807    33.0842    33.0837    26.5715    26.5714    8.20689 0.0000e+00
       3225    104.537    -0.2543    -0.2590   2.743228   2.742734     1.9759     2.3251      8.093     1.0986   481.3579 1.0715e-01     0.0874    97.8379     7.2518     7.2830    33.0869    33.0855    26.5737    26.5727    8.20639 0.0000e+00
       3228    104.687    -0.2545    -0.2597   2.743123   2.742604     1.9763     2.3247      8.092     1.0986   379.6994 1.0715e-01     0.0874    97.8379     7.2572     7.2831    33.0857    33.0845    26.5727    26.5719    8.20651 0.0000e+00
       3231    104.836    -0.2578    -0.2643   2.743378   2.742764     1.9767     2.3239      8.092     1.1292    -0.7601 1.0715e-01     0.0874    97.8379     7.2599     7.2842    33.0926    33.0915    26.5784    26.5778    8.20686 0.0000e+00
       3234    104.995    -0.2514    -0.2570   2.744196   2.743626     1.9763     2.3235      8.092     1.1190    -2.0234 1.0715e-01     0.0874    97.8379     7.2582     7.2823    33.0964    33.0949    26.5812    26.5802    8.20523 0.0000e+00
       3237    105.149    -0.2448    -0.2501   2.744991   2.744312     1.9767     2.3227      8.090     1.1292    -0.8785 1.0715e-01     0.0881    97.8205     7.2606     7.2789    33.0998    33.0965    26.5836    26.5812    8.20360 0.0000e+00
       3240    105.300    -0.2312    -0.2363   2.746680   2.745971     1.9759     2.3231      8.092     1.1190    -0.9180 1.0715e-01     0.0899    97.7771     7.2513     7.2795    33.1072    33.1034    26.5891    26.5862    8.20018 0.0000e+00
       3243    105.452    -0.2136    -0.2165   2.748174   2.747691     1.9759     2.3223      8.090     1.1190    -0.9180 1.0715e-01     0.0899    97.7771     7.2478     7.2720    33.1080    33.1046    26.5888    26.5863    8.19630 0.0000e+00
       3246    105.606    -0.2012    -0.2027   2.749129   2.748801     1.9759     2.3210      8.090     1.0884    -0.9180 1.0715e-01     0.0899    97.7771     7.2449     7.2617    33.1071    33.1044    26.5876    26.5854    8.19363 0.0000e+00
       3249    105.759    -0.1936    -0.1972   2.749780   2.749243     1.9755     2.3214      8.090     1.0173    -0.9180 1.0715e-01     0.0899    97.7771     7.2395     7.2605    33.1074    33.1041    26.5874    26.5850    8.19194 0.0000e+00
       3252    105.909    -0.1950    -0.1995   2.749310   2.748900     1.9747     2.3210      8.090     1.0376    -0.9180 1.0715e-01     0.0899    97.7771     7.2347     7.2599    33.1025    33.1019    26.5836    26.5833    8.19251 0.0000e+00
       3255    106.059    -0.2244    -0.2305   2.745620   2.745491     1.9743     2.3206      8.090     1.0173     4.6485 1.0715e-01     0.0899    97.7771     7.2417     7.2693    33.0853    33.0903    26.5710    26.5753    8.19992 0.0000e+00
       3258    106.206    -0.2995    -0.3105   2.738763   2.738524     1.9743     2.3198      8.090     1.0274    10.9257 1.0715e-01     0.0888    97.8031     7.2591     7.2887    33.0757    33.0845    26.5666    26.5742    8.21698 0.0000e+00
       3261    106.348    -0.3548    -0.3677   2.736315   2.735712     1.9743     2.3194      8.091     1.0274    10.6493 1.0715e-01     0.0874    97.8379     7.2676     7.3002    33.1032    33.1093    26.5912    26.5966    8.22761 0.0000e+00
       3264    106.490    -0.3674    -0.3777   2.736358   2.735687     1.9735     2.3190      8.091     1.0173    10.6099 1.0715e-01     0.0874    97.8379     7.2637     7.3022    33.1174    33.1197    26.6032    26.6055    8.22959 0.0000e+00
       3267    106.631    -0.3668    -0.3748   2.736831   2.736144     1.9735     2.3190      8.091     1.0274    10.5704 1.0715e-01     0.0874    97.8379     7.2579     7.3037    33.1230    33.1225    26.6077    26.6077    8.22915 0.0000e+00
       3270    106.770    -0.3555    -0.3569   2.738338   2.738204     1.9731     2.3178      8.091     1.0274    10.5704 1.0715e-01     0.0874    97.8379     7.2524     7.2919    33.1307    33.1304    26.6134    26.6133    8.22622 0.0000e+00
       3273    106.904    -0.3332    -0.3264   2.740912   2.741058     1.9727     2.3174      8.091     1.0681    10.5704 1.0715e-01     0.0874    97.8379     7.2452     7.2823    33.1406    33.1352    26.6206    26.6158    8.22075 0.0000e+00
       3276    107.033    -0.3053    -0.3041   2.743008   2.742712     1.9743     2.3174      8.086     1.1292    10.5704 1.0715e-01     0.0874    97.8379     7.2441     7.2783    33.1380    33.1328    26.6172    26.6129    8.21474 0.0000e+00
       3279    107.163    -0.2932    -0.2961   2.743699   2.743238     1.9731     2.3182      8.087     1.1190    10.6493 1.0715e-01     0.0892    97.7945     7.2335     7.2824    33.1340    33.1310    26.6134    26.6112    8.21231 0.0000e+00
       3282    107.291    -0.2892    -0.2953   2.743882   2.743227     1.9722     2.3182      8.087     1.1190     3.6616 1.0727e-01     0.0896    97.7858     7.2301     7.2842    33.1319    33.1300    26.6116    26.6103    8.21153 0.0000e+00
       3285    107.414    -0.2880    -0.2941   2.744001   2.743406     1.9714     2.3170      8.087     1.1088     1.5692 1.0715e-01     0.0896    97.7858     7.2256     7.2787    33.1322    33.1310    26.6118    26.6110    8.21127 0.0000e+00
       3288    107.535    -0.2870    -0.2925   2.744050   2.743495     1.9706     2.3166      8.086     1.1190     1.6876 1.0715e-01     0.0892    97.7945     7.2217     7.2736    33.1317    33.1303    26.6113    26.6104    8.21108 0.0000e+00
       3291    107.651    -0.2873    -0.2927   2.744050   2.743490     1.9702     2.3153      8.086     1.1190     1.6876 1.0715e-01     0.0896    97.7858     7.2171     7.2669    33.1319    33.1304    26.6115    26.6105    8.21112 0.0000e+00
       3294    107.765    -0.2871    -0.2925   2.744041   2.743531     1.9706     2.3149      8.087     1.1292     1.6876 1.0715e-01     0.0896    97.7858     7.2187     7.2669    33.1316    33.1307    26.6112    26.6107    8.21111 0.0000e+00
       3297    107.876    -0.2879    -0.2907   2.744025   2.743740     1.9702     2.3149      8.087     1.1088     1.6876 1.0715e-01     0.0896    97.7858     7.2132     7.2638    33.1321    33.1314    26.6117    26.6112    8.21124 0.0000e+00
       3300    107.982    -0.2872    -0.2894   2.744053   2.743828     1.9686     2.3149      8.087     1.0579     1.6481 1.0715e-01     0.0885    97.8118     7.2052     7.2610    33.1317    33.1311    26.6113    26.6109    8.21112 0.0000e+00
       3303    108.085    -0.2872    -0.2897   2.744092   2.743760     1.9698     2.3149      8.087     1.0274     1.6876 1.0715e-01     0.0889    97.8031     7.2179     7.2621    33.1322    33.1304    26.6117    26.6104    8.21110 0.0000e+00
       3306    108.186    -0.2865    -0.2899   2.744160   2.743774     1.9702     2.3145      8.087     1.0274     2.2403 1.0715e-01     0.0885    97.8118     7.2220     7.2674    33.1322    33.1308    26.6116    26.6107    8.21093 0.0000e+00
       3309    108.285    -0.2871    -0.2898   2.744089   2.743785     1.9690     2.3133      8.086     1.0071     8.2411 1.0715e-01     0.0885    97.8118     7.2229     7.2670    33.1318    33.1308    26.6114    26.6107    8.21108 0.0000e+00
       3312    108.378    -0.2808    -0.2850   2.744935   2.744398     1.9682     2.3125      8.086     1.0173     8.4780 1.0715e-01     0.0885    97.8118     7.2179     7.2660    33.1362    33.1336    26.6147    26.6127    8.20946 0.0000e+00
