Datasets/AZMP/HUD120/hud120_2020_095.cnv
* Sea-Bird SBE 9 Data File:
* FileName = C:\CTDDATA\hud120_2020_095.hex
* Software Version Seasave V 7.26.7.110
* Temperature SN = 1697
* Conductivity SN = 4216
* Number of Bytes Per Scan = 30
* Number of Voltage Words = 4
* Number of Scans Averaged by the Deck Unit = 1
* NMEA baud rate = 4800
** VESSEL/TRIP/SEQ STN:  hud120_2020_096
** LATITUDE XX XX.XX: 49 31.00 N
** LONGITUDE XX XX.XX: 050 32.00 W
** SOUNDING DEPTH (M): 0337
** PROBE TYPE: S1146
** CTD NUMBER: 072
** FORMAT: V
** COMMENTS (14 CHAR): BB-10
** BOTTLES:  10
** LEVELS: 5,10,20,30,40,50,75,100,150,BTM
** STICKERS: 440019 - 440028
** VNET: Y
** DO2: Y
# nquan = 22
# nvalues = 6432                        
# units = specified
# name 0 = scan: Scan Count
# name 1 = prDM: Pressure, Digiquartz [db]
# name 2 = t090C: Temperature [ITS-90, deg C]
# name 3 = t190C: Temperature, 2 [ITS-90, deg C]
# name 4 = c0S/m: Conductivity [S/m]
# name 5 = c1S/m: Conductivity, 2 [S/m]
# name 6 = sbeox0V: Oxygen raw, SBE 43 [V]
# name 7 = sbeox1V: Oxygen raw, SBE 43, 2 [V]
# name 8 = ph: pH
# name 9 = flECO-AFL: Fluorescence, WET Labs ECO-AFL/FL [mg/m^3]
# name 10 = wetCDOM: Fluorescence, WET Labs CDOM [mg/m^3]
# name 11 = par/sat/log: PAR/Logarithmic, Satlantic [umol photons/m^2/sec]
# name 12 = CStarAt0: Beam Attenuation, WET Labs C-Star [1/m]
# name 13 = CStarTr0: Beam Transmission, WET Labs C-Star [%]
# name 14 = sbeox0ML/L: Oxygen, SBE 43 [ml/l], WS = 2
# name 15 = sbeox1ML/L: Oxygen, SBE 43, 2 [ml/l], WS = 2
# name 16 = sal00: Salinity, Practical [PSU]
# name 17 = sal11: Salinity, Practical, 2 [PSU]
# name 18 = sigma-t00: Density [sigma-t, kg/m^3 ]
# name 19 = sigma-t11: Density, 2 [sigma-t, kg/m^3 ]
# name 20 = oxsatML/L: Oxygen Saturation, Weiss [ml/l]
# name 21 = flag: flag
# span 0 =         76,      42837       
# span 1 =      2.336,    332.192       
# span 2 =     1.9651,     3.4043       
# span 3 =     1.9604,     3.3997       
# span 4 =   2.949657,   3.186183       
# span 5 =   2.949563,   3.185639       
# span 6 =     1.8569,     2.2002       
# span 7 =     2.1822,     2.5906       
# span 8 =      8.057,      8.144       
# span 9 =     0.8850,     4.1409       
# span 10 =    -2.8130,   482.1870      
# span 11 = 1.0715e-01, 4.4003e+01      
# span 12 =     0.0821,     0.2418      
# span 13 =    94.1350,    97.9683      
# span 14 =     6.1291,     7.7259      
# span 15 =     6.1938,     7.7828      
# span 16 =    33.4132,    34.6255      
# span 17 =    33.4162,    34.6234      
# span 18 =    26.7019,    27.5483      
# span 19 =    26.7046,    27.5472      
# span 20 =    7.38988,    7.72468      
# span 21 = 0.0000e+00, 0.0000e+00      
# interval = scans: 3                   
# start_time = Nov 28 2020 18:26:36 [System UTC, header]
# bad_flag = -9.990e-29
*END*
[from data line 198]
        845     19.923     1.9747     1.9709   2.952094   2.951598     2.1844     2.5450      8.144     3.4083     1.9245 5.1234e+00     0.1325    96.7427     7.6228     7.5741    33.4400    33.4378    26.7238    26.7224    7.72250 0.0000e+00
        848     20.028     1.9759     1.9711   2.952245   2.951679     2.1836     2.5458      8.139     3.4083     0.4638 5.0587e+00     0.1325    96.7427     7.6221     7.5762    33.4405    33.4386    26.7241    26.7229    7.72223 0.0000e+00
        851     20.132     1.9761     1.9710   2.952227   2.951693     2.1832     2.5458      8.139     3.4185    -1.1154 5.0179e+00     0.1328    96.7340     7.6216     7.5766    33.4400    33.4388    26.7237    26.7231    7.72222 0.0000e+00
        854     20.237     1.9762     1.9711   2.952212   2.951647     2.1828     2.5446      8.139     3.4083    -1.0364 4.9775e+00     0.1325    96.7427     7.6225     7.5729    33.4397    33.4380    26.7235    26.7224    7.72222 0.0000e+00
        857     20.341     1.9750     1.9704   2.951941   2.951440     2.1832     2.5446      8.144     3.4185    -1.0364 4.9145e+00     0.1325    96.7427     7.6243     7.5744    33.4376    33.4362    26.7218    26.7210    7.72258 0.0000e+00
        860     20.445     1.9736     1.9687   2.951725   2.951159     2.1840     2.5437      8.142     3.4287    -1.0759 4.8806e+00     0.1328    96.7340     7.6321     7.5748    33.4363    33.4343    26.7209    26.7197    7.72292 0.0000e+00
        863     20.551     1.9736     1.9677   2.951876   2.951085     2.1828     2.5437      8.142     3.4083    -1.0364 4.8245e+00     0.1296    96.8122     7.6315     7.5768    33.4381    33.4344    26.7224    26.7198    7.72283 0.0000e+00
        866     20.660     1.9738     1.9680   2.951826   2.951183     2.1828     2.5433      8.142     3.4083    -1.0364 4.7856e+00     0.1282    96.8470     7.6368     7.5758    33.4372    33.4352    26.7216    26.7205    7.72283 0.0000e+00
        869     20.767     1.9717     1.9684   2.951439   2.951305     2.1819     2.5433      8.139     3.3270    -1.0759 4.7470e+00     0.1282    96.8470     7.6351     7.5754    33.4344    33.4363    26.7196    26.7213    7.72338 0.0000e+00
        872     20.870     1.9714     1.9696   2.951514   2.951527     2.1828     2.5433      8.139     3.3270    -1.0759 4.6925e+00     0.1282    96.8470     7.6386     7.5783    33.4357    33.4378    26.7206    26.7225    7.72338 0.0000e+00
        875     20.975     1.9720     1.9694   2.951503   2.951325     2.1823     2.5433      8.139     3.3372    -0.9575 4.6547e+00     0.1282    96.8470     7.6374     7.5825    33.4348    33.4354    26.7199    26.7205    7.72330 0.0000e+00
        878     21.080     1.9718     1.9673   2.951471   2.950956     2.1815     2.5433      8.142     3.3372    -0.9180 4.6065e+00     0.1282    96.8470     7.6326     7.5851    33.4346    33.4330    26.7197    26.7187    7.72335 0.0000e+00
        881     21.184     1.9720     1.9662   2.951457   2.950840     2.1815     2.5429      8.139     3.3168    -0.9180 4.5640e+00     0.1282    96.8470     7.6322     7.5855    33.4342    33.4326    26.7193    26.7185    7.72334 0.0000e+00
        884     21.289     1.9724     1.9667   2.951630   2.951003     2.1815     2.5442      8.141     3.3270    -0.9180 4.5377e+00     0.1253    96.9165     7.6352     7.5925    33.4358    33.4340    26.7206    26.7196    7.72317 0.0000e+00
        887     21.391     1.9737     1.9673   2.951743   2.951040     2.1823     2.5421      8.139     3.3168    -0.9180 4.4959e+00     0.1253    96.9165     7.6419     7.5861    33.4359    33.4338    26.7206    26.7194    7.72292 0.0000e+00
        890     21.490     1.9722     1.9667   2.951488   2.950932     2.1815     2.5421      8.141     3.3372    -0.9180 4.4597e+00     0.1256    96.9079     7.6395     7.5879    33.4342    33.4330    26.7194    26.7188    7.72331 0.0000e+00
        893     21.592     1.9714     1.9665   2.951439   2.950904     2.1807     2.5429      8.139     3.3677    -0.9180 4.4289e+00     0.1253    96.9165     7.6381     7.5942    33.4344    33.4328    26.7196    26.7187    7.72346 0.0000e+00
        896     21.692     1.9710     1.9662   2.951364   2.950817     2.1807     2.5433      8.141     3.4491    -0.9180 4.3983e+00     0.1256    96.9079     7.6393     7.5993    33.4337    33.4319    26.7191    26.7180    7.72355 0.0000e+00
        899     21.791     1.9707     1.9661   2.951322   2.950879     2.1811     2.5425      8.141     3.4593    -0.7206 4.3628e+00     0.1260    96.8992     7.6425     7.5988    33.4335    33.4328    26.7189    26.7187    7.72363 0.0000e+00
        902     21.891     1.9706     1.9663   2.951335   2.950878     2.1807     2.5421      8.141     3.4593     1.1744 4.3377e+00     0.1256    96.9079     7.6413     7.5997    33.4337    33.4325    26.7191    26.7185    7.72364 0.0000e+00
        905     21.991     1.9705     1.9661   2.951328   2.950947     2.1811     2.5425      8.141     3.4491     1.2139 4.3077e+00     0.1238    96.9513     7.6417     7.6022    33.4337    33.4335    26.7190    26.7192    7.72366 0.0000e+00
        908     22.090     1.9706     1.9684   2.951331   2.951546     2.1811     2.5429      8.139     3.4389     1.2139 4.2631e+00     0.1238    96.9513     7.6416     7.6052    33.4335    33.4386    26.7189    26.7231    7.72364 0.0000e+00
        911     22.188     1.9707     1.9698   2.951355   2.951571     2.1807     2.5425      8.142     3.4491     1.2139 4.2336e+00     0.1238    96.9513     7.6401     7.6046    33.4336    33.4373    26.7190    26.7220    7.72362 0.0000e+00
        914     22.285     1.9706     1.9699   2.951345   2.951701     2.1807     2.5433      8.139     3.4593     1.2139 4.2044e+00     0.1242    96.9426     7.6426     7.6063    33.4337    33.4388    26.7190    26.7232    7.72365 0.0000e+00
        917     22.379     1.9708     1.9698   2.951363   2.951469     2.1807     2.5442      8.141     3.4593     1.2139 4.1705e+00     0.1242    96.9426     7.6415     7.6081    33.4336    33.4359    26.7189    26.7209    7.72360 0.0000e+00
        920     22.475     1.9707     1.9678   2.951343   2.951141     2.1807     2.5442      8.139     3.3880     1.2139 4.1321e+00     0.1238    96.9513     7.6391     7.6115    33.4334    33.4340    26.7188    26.7195    7.72363 0.0000e+00
        923     22.569     1.9719     1.9689   2.951592   2.951592     2.1799     2.5433      8.139     3.3168     1.2139 4.0988e+00     0.1245    96.9339     7.6362     7.6095    33.4352    33.4384    26.7202    26.7230    7.72331 0.0000e+00
        926     22.662     1.9734     1.9705   2.951885   2.951774     2.1803     2.5437      8.141     3.3372     0.8980 4.0517e+00     0.1249    96.9252     7.6378     7.6078    33.4372    33.4389    26.7217    26.7233    7.72290 0.0000e+00
        929     22.754     1.9743     1.9711   2.952026   2.951789     2.1803     2.5437      8.141     3.3168     0.2664 4.0283e+00     0.1249    96.9252     7.6400     7.6055    33.4380    33.4384    26.7222    26.7228    7.72269 0.0000e+00
        932     22.846     1.9715     1.9704   2.951535   2.951590     2.1795     2.5429      8.139     3.3168     0.2664 3.9913e+00     0.1249    96.9252     7.6405     7.6016    33.4347    33.4366    26.7198    26.7213    7.72341 0.0000e+00
        935     22.939     1.9703     1.9675   2.951361   2.950996     2.1803     2.5437      8.141     3.3270     0.2664 3.9454e+00     0.1249    96.9252     7.6441     7.6034    33.4337    33.4321    26.7191    26.7180    7.72369 0.0000e+00
        938     23.031     1.9700     1.9658   2.951349   2.950842     2.1795     2.5433      8.139     3.3270     0.2664 3.8955e+00     0.1253    96.9165     7.6400     7.6010    33.4338    33.4320    26.7192    26.7181    7.72375 0.0000e+00
        941     23.124     1.9699     1.9657   2.951345   2.950885     2.1795     2.5437      8.139     3.3473     0.2664 3.8685e+00     0.1253    96.9165     7.6418     7.6043    33.4339    33.4326    26.7193    26.7185    7.72377 0.0000e+00
        944     23.214     1.9697     1.9667   2.951356   2.951082     2.1795     2.5446      8.139     3.3168     0.2664 3.8374e+00     0.1256    96.9079     7.6433     7.6094    33.4341    33.4339    26.7195    26.7195    7.72379 0.0000e+00
        947     23.305     1.9699     1.9677   2.951369   2.951252     2.1799     2.5437      8.142     3.4389     0.2664 3.8108e+00     0.1260    96.8992     7.6454     7.6067    33.4341    33.4350    26.7194    26.7203    7.72376 0.0000e+00
        950     23.400     1.9699     1.9668   2.951348   2.951017     2.1799     2.5433      8.139     3.4389     0.2664 3.7758e+00     0.1249    96.9252     7.6431     7.6057    33.4338    33.4329    26.7191    26.7187    7.72377 0.0000e+00
        953     23.493     1.9698     1.9656   2.951336   2.950866     2.1807     2.5442      8.141     3.4694   285.2655 3.7540e+00     0.1256    96.9079     7.6475     7.6101    33.4337    33.4322    26.7191    26.7182    7.72380 0.0000e+00
        956     23.588     1.9699     1.9653   2.951384   2.950820     2.1799     2.5437      8.139     3.4389   482.1080 3.7367e+00     0.1253    96.9165     7.6446     7.6087    33.4341    33.4320    26.7194    26.7181    7.72376 0.0000e+00
        959     23.687     1.9703     1.9651   2.951428   2.950812     2.1787     2.5433      8.139     3.4593   480.6868 3.7023e+00     0.1253    96.9165     7.6374     7.6041    33.4342    33.4320    26.7195    26.7181    7.72368 0.0000e+00
        962     23.787     1.9702     1.9655   2.951401   2.950865     2.1795     2.5446      8.139     3.4491   481.0026 3.6767e+00     0.1256    96.9079     7.6431     7.6093    33.4339    33.4322    26.7192    26.7182    7.72371 0.0000e+00
        965     23.888     1.9711     1.9659   2.951608   2.951012     2.1799     2.5446      8.139     3.4491   481.0026 3.6512e+00     0.1242    96.9426     7.6449     7.6090    33.4355    33.4335    26.7205    26.7192    7.72345 0.0000e+00
        968     23.989     1.9725     1.9675   2.951801   2.951264     2.1791     2.5442      8.139     3.4491   481.0026 3.6386e+00     0.1238    96.9513     7.6404     7.6091    33.4364    33.4350    26.7211    26.7203    7.72313 0.0000e+00
        971     24.088     1.9732     1.9684   2.951856   2.951341     2.1791     2.5442      8.141     3.4694   481.0026 3.6135e+00     0.1238    96.9513     7.6408     7.6108    33.4362    33.4349    26.7209    26.7202    7.72299 0.0000e+00
        974     24.189     1.9732     1.9681   2.951836   2.951220     2.1787     2.5442      8.141     3.4491   481.0026 3.5843e+00     0.1238    96.9513     7.6388     7.6101    33.4360    33.4336    26.7207    26.7192    7.72302 0.0000e+00
        977     24.291     1.9733     1.9677   2.951728   2.951163     2.1795     2.5446      8.141     3.4389   479.1471 3.5554e+00     0.1238    96.9513     7.6434     7.6112    33.4344    33.4333    26.7194    26.7190    7.72307 0.0000e+00
        980     24.394     1.9731     1.9679   2.951652   2.951227     2.1791     2.5437      8.139     3.4389    67.8940 3.5472e+00     0.1238    96.9513     7.6417     7.6088    33.4337    33.4338    26.7189    26.7194    7.72316 0.0000e+00
        983     24.502     1.9733     1.9689   2.951700   2.951267     2.1791     2.5437      8.139     3.4593     1.6876 3.5227e+00     0.1256    96.9079     7.6421     7.6070    33.4340    33.4332    26.7191    26.7188    7.72310 0.0000e+00
        986     24.611     1.9730     1.9681   2.951590   2.951009     2.1795     2.5450      8.139     3.4593     5.1618 3.5024e+00     0.1271    96.8731     7.6429     7.6115    33.4328    33.4307    26.7182    26.7169    7.72321 0.0000e+00
        989     24.722     1.9725     1.9677   2.951503   2.950938     2.1795     2.5446      8.139     3.4593     5.0038 3.4782e+00     0.1271    96.8731     7.6405     7.6118    33.4322    33.4302    26.7178    26.7165    7.72334 0.0000e+00
        992     24.834     1.9724     1.9674   2.951446   2.950905     2.1795     2.5450      8.139     3.4593     5.0038 3.4581e+00     0.1271    96.8731     7.6413     7.6162    33.4315    33.4301    26.7172    26.7164    7.72339 0.0000e+00
        995     24.946     1.9720     1.9673   2.951459   2.950920     2.1791     2.5446      8.139     3.4593     5.0038 3.4461e+00     0.1275    96.8644     7.6398     7.6157    33.4320    33.4303    26.7176    26.7165    7.72344 0.0000e+00
        998     25.067     1.9724     1.9674   2.951568   2.950936     2.1787     2.5446      8.139     3.4185     5.0038 3.4263e+00     0.1271    96.8731     7.6393     7.6168    33.4330    33.4303    26.7183    26.7166    7.72333 0.0000e+00
       1001     25.185     1.9728     1.9676   2.951592   2.950968     2.1787     2.5450      8.139     3.3880     5.0038 3.4065e+00     0.1271    96.8731     7.6394     7.6196    33.4328    33.4304    26.7182    26.7167    7.72326 0.0000e+00
       1004     25.303     1.9726     1.9677   2.951580   2.950991     2.1779     2.5446      8.141     3.3982     5.2407 3.3869e+00     0.1256    96.9078     7.6357     7.6200    33.4328    33.4305    26.7182    26.7167    7.72330 0.0000e+00
       1007     25.424     1.9732     1.9682   2.951633   2.951120     2.1791     2.5446      8.139     3.4083     6.5435 3.3635e+00     0.1249    96.9252     7.6411     7.6196    33.4328    33.4316    26.7181    26.7175    7.72318 0.0000e+00
       1010     25.547     1.9731     1.9683   2.951729   2.951141     2.1787     2.5454      8.141     3.3982     6.5435 3.3364e+00     0.1249    96.9252     7.6419     7.6235    33.4340    33.4316    26.7191    26.7176    7.72314 0.0000e+00
       1013     25.671     1.9731     1.9682   2.951655   2.951107     2.1774     2.5450      8.139     3.3982     6.5435 3.3095e+00     0.1249    96.9252     7.6361     7.6247    33.4329    33.4313    26.7183    26.7174    7.72318 0.0000e+00
       1016     25.798     1.9729     1.9681   2.951559   2.951079     2.1787     2.5458      8.139     3.3880     6.5435 3.2904e+00     0.1249    96.9252     7.6431     7.6312    33.4319    33.4309    26.7175    26.7171    7.72329 0.0000e+00
       1019     25.928     1.9724     1.9681   2.951537   2.951079     2.1787     2.5458      8.139     3.3880     6.5435 3.2564e+00     0.1249    96.9252     7.6441     7.6339    33.4321    33.4309    26.7176    26.7170    7.72337 0.0000e+00
       1022     26.057     1.9731     1.9688   2.951686   2.951395     2.1795     2.5458      8.139     3.3880     6.5040 3.2227e+00     0.1249    96.9252     7.6485     7.6340    33.4332    33.4340    26.7184    26.7194    7.72318 0.0000e+00
       1025     26.189     1.9738     1.9693   2.951722   2.951325     2.1783     2.5458      8.141     3.4185     6.5435 3.1856e+00     0.1242    96.9426     7.6413     7.6343    33.4327    33.4325    26.7181    26.7182    7.72306 0.0000e+00
       1028     26.324     1.9728     1.9685   2.951627   2.951152     2.1783     2.5466      8.139     3.4287     6.5435 3.1454e+00     0.1242    96.9426     7.6396     7.6388    33.4326    33.4312    26.7180    26.7172    7.72327 0.0000e+00
       1031     26.455     1.9728     1.9682   2.951603   2.951061     2.1791     2.5462      8.141     3.4185     2.9114 3.1128e+00     0.1245    96.9339     7.6409     7.6381    33.4322    33.4303    26.7177    26.7165    7.72329 0.0000e+00
       1034     26.584     1.9727     1.9681   2.951603   2.951170     2.1787     2.5470      8.141     3.4083    -2.0629 3.0806e+00     0.1238    96.9513     7.6397     7.6431    33.4322    33.4317    26.7177    26.7176    7.72330 0.0000e+00
       1037     26.716     1.9725     1.9691   2.951591   2.951482     2.1779     2.5470      8.139     3.4287    -1.8260 3.0487e+00     0.1242    96.9426     7.6353     7.6468    33.4322    33.4344    26.7177    26.7198    7.72335 0.0000e+00
