Datasets/AZMP/HUD120/hud120_2020_017.cnv
* Sea-Bird SBE 9 Data File:
* FileName = C:\CTDDATA\hud120_2020_017.hex
* Software Version Seasave V 7.26.7.110
* Temperature SN = 1697
* Conductivity SN = 4216
* Number of Bytes Per Scan = 30
* Number of Voltage Words = 4
* Number of Scans Averaged by the Deck Unit = 1
* NMEA baud rate = 4800
** VESSEL/TRIP/SEQ STN:  hud120_2020_017
** LATITUDE XX XX.XX: 46 21.00 N
** LONGITUDE XX XX.XX: 052 44.00 W
** SOUNDING DEPTH (M): 0176
** PROBE TYPE: S1146
** CTD NUMBER: 007
** FORMAT: V
** COMMENTS (14 CHAR): SEGB-03
** BOTTLES:  10
** LEVELS: 5,10,20,30,40,50,75,100,150,BTM
** STICKERS: 439563 - 439572
** VNET: Y
** DO2: Y
# nquan = 22
# nvalues = 2783                        
# units = specified
# name 0 = scan: Scan Count
# name 1 = prDM: Pressure, Digiquartz [db]
# name 2 = t090C: Temperature [ITS-90, deg C]
# name 3 = t190C: Temperature, 2 [ITS-90, deg C]
# name 4 = c0S/m: Conductivity [S/m]
# name 5 = c1S/m: Conductivity, 2 [S/m]
# name 6 = sbeox0V: Oxygen raw, SBE 43 [V]
# name 7 = sbeox1V: Oxygen raw, SBE 43, 2 [V]
# name 8 = ph: pH
# name 9 = flECO-AFL: Fluorescence, WET Labs ECO-AFL/FL [mg/m^3]
# name 10 = wetCDOM: Fluorescence, WET Labs CDOM [mg/m^3]
# name 11 = par/sat/log: PAR/Logarithmic, Satlantic [umol photons/m^2/sec]
# name 12 = CStarAt0: Beam Attenuation, WET Labs C-Star [1/m]
# name 13 = CStarTr0: Beam Transmission, WET Labs C-Star [%]
# name 14 = sbeox0ML/L: Oxygen, SBE 43 [ml/l], WS = 2
# name 15 = sbeox1ML/L: Oxygen, SBE 43, 2 [ml/l], WS = 2
# name 16 = sal00: Salinity, Practical [PSU]
# name 17 = sal11: Salinity, Practical, 2 [PSU]
# name 18 = sigma-t00: Density [sigma-t, kg/m^3 ]
# name 19 = sigma-t11: Density, 2 [sigma-t, kg/m^3 ]
# name 20 = oxsatML/L: Oxygen Saturation, Weiss [ml/l]
# name 21 = flag: flag
# span 0 =         64,      35532       
# span 1 =      2.521,    170.117       
# span 2 =    -0.6763,     6.3864       
# span 3 =    -0.6819,     6.3798       
# span 4 =   2.705445,   3.168309       
# span 5 =   2.704981,   3.167631       
# span 6 =     1.8063,     2.2178       
# span 7 =     2.1319,     2.6395       
# span 8 =      7.807,      8.065       
# span 9 =     1.0071,     3.3982       
# span 10 =    -2.8130,   482.1870      
# span 11 = 1.0715e-01, 5.7435e+02      
# span 12 =     0.0640,     0.2080      
# span 13 =    94.9347,    98.4116      
# span 14 =     6.1305,     7.5328      
# span 15 =     6.2037,     7.7683      
# span 16 =    31.5764,    33.2565      
# span 17 =    31.5760,    33.2574      
# span 18 =    24.8125,    26.7156      
# span 19 =    24.8134,    26.7166      
# span 20 =    7.01247,    8.30248      
# span 21 = 0.0000e+00, 0.0000e+00      
# interval = scans: 3                   
# start_time = Nov 17 2020 17:08:22 [System UTC, header]
# bad_flag = -9.990e-29
*END*
[from data line 2239]
      19701     58.318     1.8878     1.8545   2.879447   2.881367     1.9259     2.2850      7.904     1.6379   481.2395 7.3200e-01     0.0747    98.1508     6.8165     6.8841    32.6009    32.6592    26.0580    26.1071    7.78362 0.0000e+00
      19704     58.237     1.8879     1.8541   2.879529   2.881324     1.9279     2.2874      7.904     1.6278   481.2395 7.5260e-01     0.0743    98.1595     6.8241     6.8959    32.6019    32.6592    26.0588    26.1071    7.78355 0.0000e+00
      19707     58.158     1.8871     1.8542   2.879586   2.881302     1.9300     2.2882      7.904     1.6379   481.2395 7.4912e-01     0.0747    98.1508     6.8307     6.9013    32.6034    32.6588    26.0601    26.1068    7.78362 0.0000e+00
      19710     58.084     1.8892     1.8560   2.879476   2.881131     1.9316     2.2907      7.907     1.6278   481.2395 7.5173e-01     0.0747    98.1508     6.8322     6.9126    32.5999    32.6549    26.0571    26.1035    7.78338 0.0000e+00
      19713     58.013     1.8929     1.8620   2.879416   2.880369     1.9332     2.2919      7.909     1.6278   481.2395 7.6576e-01     0.0747    98.1508     6.8369     6.9184    32.5955    32.6392    26.0533    26.0905    7.78289 0.0000e+00
      19716     57.950     1.8941     1.8669   2.879588   2.879781     1.9348     2.2931      7.909     1.6074   481.2395 7.6048e-01     0.0743    98.1595     6.8415     6.9239    32.5964    32.6269    26.0539    26.0803    7.78259 0.0000e+00
      19719     57.887     1.8875     1.8715   2.879944   2.879558     1.9353     2.2939      7.910     1.6379   481.2395 7.7467e-01     0.0736    98.1769     6.8431     6.9264    32.6076    32.6193    26.0634    26.0739    7.78332 0.0000e+00
      19722     57.832     1.8723     1.8714   2.880665   2.880224     1.9373     2.2960      7.910     1.6278   481.2395 7.7377e-01     0.0676    98.3247     6.8511     6.9323    32.6324    32.6278    26.0843    26.0807    7.78507 0.0000e+00
      19725     57.782     1.8683     1.8701   2.880580   2.880427     1.9393     2.2976      7.913     1.6379   481.2395 7.8096e-01     0.0672    98.3334     6.8579     6.9390    32.6354    32.6317    26.0871    26.0839    7.78571 0.0000e+00
      19728     57.734     1.8778     1.8736   2.880147   2.880331     1.9410     2.2988      7.913     1.5972   481.2395 7.8731e-01     0.0669    98.3421     6.8602     6.9422    32.6203    32.6269    26.0742    26.0799    7.78460 0.0000e+00
      19731     57.691     1.8911     1.8701   2.879810   2.880929     1.9410     2.3000      7.913     1.5260   481.2395 7.8277e-01     0.0672    98.3334     6.8558     6.9476    32.6023    32.6380    26.0589    26.0890    7.78288 0.0000e+00
      19734     57.647     1.9022     1.8700   2.879609   2.880818     1.9434     2.3021      7.913     1.5463   481.2395 7.8640e-01     0.0672    98.3334     6.8625     6.9570    32.5884    32.6368    26.0470    26.0880    7.78139 0.0000e+00
      19737     57.608     1.9065     1.8684   2.879532   2.881022     1.9454     2.3033      7.913     1.5463   481.2395 7.8277e-01     0.0672    98.3334     6.8691     6.9630    32.5830    32.6410    26.0423    26.0915    7.78081 0.0000e+00
      19740     57.569     1.9031     1.8648   2.879711   2.881525     1.9458     2.3049      7.913     1.5565   481.2395 7.7647e-01     0.0679    98.3160     6.8725     6.9706    32.5888    32.6511    26.0472    26.0998    7.78119 0.0000e+00
      19743     57.533     1.8982     1.8623   2.880053   2.881584     1.9487     2.3057      7.913     1.5565   479.2655 7.8096e-01     0.0672    98.3334     6.8883     6.9768    32.5982    32.6544    26.0551    26.1027    7.78168 0.0000e+00
      19746     57.499     1.8931     1.8734   2.880189   2.880634     1.9495     2.3078      7.913     1.5362    67.2623 7.8458e-01     0.0679    98.3160     6.8948     6.9884    32.6051    32.6310    26.0610    26.0832    7.78233 0.0000e+00
      19749     57.464     1.9121     1.8803   2.879605   2.880256     1.9507     2.3094      7.913     1.5362     0.8191 7.8821e-01     0.0679    98.3160     6.9021     7.0020    32.5783    32.6192    26.0381    26.0732    7.77994 0.0000e+00
      19752     57.425     1.9177     1.8753   2.879475   2.880997     1.9519     2.3106      7.913     1.5362     4.1748 7.8007e-01     0.0679    98.3160     6.9138     7.0155    32.5709    32.6336    26.0318    26.0852    7.77921 0.0000e+00
      19755     57.388     1.9105     1.8723   2.879597   2.880672     1.9532     2.3127      7.913     1.5463     3.9379 7.8277e-01     0.0672    98.3334     6.9290     7.0337    32.5798    32.6327    26.0395    26.0846    7.78018 0.0000e+00
      19758     57.351     1.9102     1.8920   2.879555   2.879664     1.9544     2.3143      7.913     1.5565     3.9379 7.7916e-01     0.0679    98.3160     6.9398     7.0475    32.5797    32.5998    26.0394    26.0568    7.78025 0.0000e+00
      19761     57.308     1.9195     1.8920   2.879580   2.879904     1.9556     2.3151      7.913     1.5667     3.9379 7.7646e-01     0.0676    98.3247     6.9512     7.0617    32.5704    32.6028    26.0313    26.0592    7.77888 0.0000e+00
      19764     57.263     1.9173     1.8926   2.879626   2.879342     1.9585     2.3171      7.913     1.5667     4.0169 7.7556e-01     0.0672    98.3334     6.9701     7.0778    32.5732    32.5952    26.0337    26.0531    7.77916 0.0000e+00
      19767     57.209     1.9228     1.9019   2.879606   2.878849     1.9605     2.3200      7.913     1.5870     3.9379 7.7288e-01     0.0672    98.3334     6.9822     7.0960    32.5674    32.5795    26.0286    26.0398    7.77837 0.0000e+00
      19770     57.151     1.9222     1.9029   2.879651   2.879000     1.9625     2.3228      7.913     1.5667     4.6880 7.7379e-01     0.0672    98.3334     6.9949     7.1124    32.5686    32.5804    26.0297    26.0405    7.77843 0.0000e+00
      19773     57.089     1.9121     1.8939   2.879705   2.879653     1.9642     2.3257      7.913     1.5667     8.5964 7.7646e-01     0.0672    98.3334     7.0021     7.1289    32.5797    32.5979    26.0393    26.0551    7.77986 0.0000e+00
      19776     57.016     1.9097     1.8899   2.879717   2.879709     1.9666     2.3277      7.913     1.5667     8.5570 7.7647e-01     0.0672    98.3334     7.0105     7.1409    32.5823    32.6027    26.0416    26.0593    7.78020 0.0000e+00
      19779     56.937     1.9134     1.8918   2.879802   2.879809     1.9690     2.3306      7.913     1.5667     8.5570 7.9095e-01     0.0672    98.3334     7.0152     7.1527    32.5797    32.6020    26.0392    26.0586    7.77961 0.0000e+00
      19782     56.852     1.9153     1.8875   2.879948   2.879896     1.9707     2.3334      7.913     1.5768     8.5965 7.9004e-01     0.0644    98.4029     7.0154     7.1651    32.5796    32.6075    26.0389    26.0634    7.77923 0.0000e+00
      19785     56.760     1.9177     1.8877   2.880102   2.879810     1.9723     2.3350      7.915     1.6074     8.5570 7.9189e-01     0.0640    98.4116     7.0147     7.1696    32.5790    32.6064    26.0383    26.0624    7.77878 0.0000e+00
      19788     56.659     1.9227     1.8884   2.880289   2.879843     1.9739     2.3375      7.918     1.6074     8.5570 7.9834e-01     0.0640    98.4116     7.0101     7.1761    32.5764    32.6061    26.0358    26.0621    7.77793 0.0000e+00
      19791     56.545     1.9090     1.8768   2.880364   2.880549     1.9752     2.3395      7.918     1.6074     8.5570 7.9832e-01     0.0640    98.4116     7.0089     7.1838    32.5915    32.6269    26.0489    26.0797    7.77987 0.0000e+00
      19794     56.430     1.9008     1.8747   2.880555   2.880402     1.9760     2.3420      7.920     1.5870     8.5570 8.0294e-01     0.0640    98.4116     7.0089     7.1945    32.6024    32.6274    26.0582    26.0801    7.78094 0.0000e+00
      19797     56.301     1.9078     1.8973   2.880419   2.879998     1.9768     2.3436      7.923     1.5870   204.6099 8.0479e-01     0.0640    98.4116     7.0094     7.2010    32.5935    32.5991    26.0506    26.0558    7.78000 0.0000e+00
      19800     56.165     1.9352     1.9215   2.880306   2.879925     1.9784     2.3456      7.925     1.6074   482.1870 8.1701e-01     0.0647    98.3942     7.0119     7.2097    32.5639    32.5733    26.0250    26.0335    7.77607 0.0000e+00
      19803     56.025     1.9363     1.9145   2.880324   2.880311     1.9796     2.3481      7.928     1.5870   481.0421 8.2650e-01     0.0672    98.3334     7.0198     7.2280    32.5631    32.5854    26.0243    26.0436    7.77591 0.0000e+00
      19806     55.881     1.9097     1.9028   2.880467   2.880497     1.9817     2.3501      7.928     1.5972   481.1606 8.3999e-01     0.0672    98.3334     7.0397     7.2485    32.5924    32.5998    26.0496    26.0561    7.77969 0.0000e+00
      19809     55.726     1.8975     1.9139   2.880567   2.880221     1.9833     2.3525      7.928     1.5463   481.1606 8.5072e-01     0.0679    98.3160     7.0558     7.2690    32.6063    32.5851    26.0616    26.0435    7.78139 0.0000e+00
      19812     55.567     1.9102     1.9160   2.880002   2.879997     1.9833     2.3558      7.933     1.5362   481.2395 8.6861e-01     0.0672    98.3334     7.0647     7.2914    32.5862    32.5801    26.0446    26.0393    7.77991 0.0000e+00
      19815     55.408     2.0411     1.9110   2.886635   2.880056     1.9853     2.3587      7.930     1.5260   481.2000 8.8584e-01     0.0672    98.3334     7.0635     7.3170    32.5344    32.5861    25.9936    26.0445    7.75655 0.0000e+00
      19818     55.246     2.2526     1.9857   2.897016   2.886102     1.9878     2.3615      7.930     1.5463   481.2395 9.0763e-01     0.0679    98.3160     7.0494     7.3244    32.4466    32.5847    25.9076    26.0379    7.71923 0.0000e+00
      19821     55.082     2.3407     2.2229   2.898699   2.895669     1.9902     2.3648      7.931     1.5362   481.2000 9.2670e-01     0.0690    98.2899     7.0542     7.3018    32.3777    32.4604    25.8457    25.9208    7.70546 0.0000e+00
      19824     54.918     2.3816     2.3304   2.901658   2.898781     1.9919     2.3680      7.931     1.5362   154.1951 9.3749e-01     0.0700    98.2639     7.0640     7.3033    32.3727    32.3893    25.8386    25.8558    7.69769 0.0000e+00
      19827     54.752     2.4405     2.4186   2.905296   2.903812     1.9931     2.3717      7.931     1.5463     3.7800 9.4510e-01     0.0697    98.2725     7.0660     7.3062    32.3578    32.3618    25.8220    25.8269    7.68691 0.0000e+00
      19830     54.584     2.4422     2.4390   2.903623   2.903060     1.9959     2.3754      7.931     1.5463     9.6229 9.6276e-01     0.0697    98.2725     7.0863     7.3238    32.3356    32.3319    25.8042    25.8014    7.68773 0.0000e+00
      19833     54.418     2.4173     2.4183   2.900777   2.900379     1.9971     2.3786      7.931     1.5158     9.3071 9.7394e-01     0.0700    98.2639     7.1071     7.3474    32.3259    32.3200    25.7984    25.7935    7.69311 0.0000e+00
      19836     54.251     2.4008     2.3944   2.899692   2.898508     2.0012     2.3819      7.931     1.5057     9.2676 9.8528e-01     0.0697    98.2725     7.1331     7.3684    32.3294    32.3213    25.8024    25.7964    7.69616 0.0000e+00
      19839     54.088     2.3928     2.3692   2.898642   2.895079     2.0041     2.3859      7.934     1.5057     9.2676 1.0014e+00     0.0700    98.2639     7.1488     7.3935    32.3246    32.3047    25.7992    25.7852    7.69797 0.0000e+00
      19842     53.929     2.3825     2.3311   2.897499   2.892809     2.0061     2.3896      7.934     1.4955     9.3071 1.0107e+00     0.0686    98.2986     7.1641     7.4182    32.3211    32.3155    25.7972    25.7967    7.70017 0.0000e+00
      19845     53.776     2.3695     2.3093   2.896960   2.889789     2.0077     2.3929      7.936     1.4955     9.2676 1.0295e+00     0.0683    98.3073     7.1775     7.4361    32.3277    32.3004    25.8035    25.7863    7.70237 0.0000e+00
      19848     53.630     2.3598     2.2614   2.896408   2.885571     2.0102     2.3961      7.938     1.5057    26.4805 1.0403e+00     0.0683    98.3073     7.1911     7.4585    32.3309    32.2971    25.8068    25.7873    7.70412 0.0000e+00
      19851     53.487     2.3282     2.2407   2.891536   2.884701     2.0126     2.3994      7.941     1.5158   440.4577 1.0597e+00     0.0683    98.3073     7.2076     7.4751    32.3029    32.3074    25.7868    25.7971    7.71178 0.0000e+00
      19854     53.353     2.2712     2.2410   2.887097   2.885653     2.0142     2.4038      7.941     1.5158   481.4369 1.0757e+00     0.0683    98.3073     7.2218     7.4882    32.3062    32.3189    25.7938    25.8063    7.72285 0.0000e+00
      19857     53.223     2.2671     2.2510   2.887662   2.886280     2.0175     2.4075      7.943     1.5158   480.9632 1.0946e+00     0.0683    98.3073     7.2315     7.4961    32.3173    32.3166    25.8030    25.8036    7.72307 0.0000e+00
      19860     53.105     2.2571     2.2451   2.886525   2.885717     2.0187     2.4108      7.946     1.5972   481.1211 1.1163e+00     0.0683    98.3073     7.2320     7.5034    32.3135    32.3157    25.8007    25.8034    7.72523 0.0000e+00
      19863     52.997     2.2312     2.2289   2.882966   2.883614     2.0220     2.4144      7.948     1.6481   481.2000 1.1215e+00     0.0676    98.3247     7.2511     7.5149    32.2959    32.3063    25.7886    25.7971    7.73126 0.0000e+00
      19866     52.892     2.1858     2.2049   2.878669   2.880748     2.0248     2.4181      7.949     1.6379   481.1606 1.1306e+00     0.0672    98.3334     7.2733     7.5268    32.2890    32.2952    25.7864    25.7900    7.74061 0.0000e+00
      19869     52.798     2.1889     2.1953   2.880408   2.880734     2.0265     2.4209      7.951     1.6278   481.1606 1.1398e+00     0.0676    98.3247     7.2765     7.5302    32.3074    32.3049    25.8009    25.7985    7.73903 0.0000e+00
      19872     52.718     2.2115     2.2087   2.882434   2.882487     2.0281     2.4246      7.954     1.6379   481.1606 1.1490e+00     0.0672    98.3334     7.2746     7.5303    32.3095    32.3130    25.8010    25.8040    7.73446 0.0000e+00
      19875     52.647     2.2325     2.2044   2.884362   2.881437     2.0297     2.4283      7.955     1.6278   376.0674 1.1570e+00     0.0672    98.3334     7.2705     7.5334    32.3120    32.3044    25.8014    25.7974    7.73017 0.0000e+00
      19878     52.587     2.2214     2.1888   2.883112   2.879544     2.0318     2.4303      7.956     1.6176     2.0034 1.1610e+00     0.0672    98.3334     7.2760     7.5304    32.3078    32.2969    25.7989    25.7925    7.73257 0.0000e+00
      19881     52.538     2.2145     2.1964   2.882683   2.880504     2.0342     2.4332      7.956     1.6278     7.8858 1.1624e+00     0.0679    98.3160     7.2824     7.5266    32.3096    32.3010    25.8008    25.7953    7.73385 0.0000e+00
      20083     52.505     2.1894     2.1827   2.878288   2.877685     2.0835     2.4865      7.979     1.7498     2.8720 1.1664e+00     0.0711    98.2378     7.4051     7.5896    32.2807    32.2802    25.7796    25.7796    7.74031 0.0000e+00
      20186     52.462     2.1837     2.1835   2.876438   2.877018     2.1079     2.5130      7.989     1.8414     0.2664 1.1732e+00     0.0725    98.2030     7.4661     7.6204    32.2637    32.2711    25.7664    25.7723    7.74234 0.0000e+00
      20189     52.407     2.1995     2.1896   2.876973   2.876599     2.1091     2.5142      7.991     1.8414     0.4638 1.1800e+00     0.0725    98.2030     7.4652     7.6198    32.2543    32.2598    25.7576    25.7628    7.73969 0.0000e+00
      20192     52.336     2.2232     2.2009   2.878192   2.877148     2.1095     2.5146      7.989     1.8414     1.2139 1.1965e+00     0.0725    98.2030     7.4594     7.6145    32.2454    32.2551    25.7488    25.7582    7.73548 0.0000e+00
