Datasets/AZMP/HUD120/hud120_2020_070.cnv
* Sea-Bird SBE 9 Data File:
* FileName = C:\CTDDATA\hud120_2020_070.hex
* Software Version Seasave V 7.26.7.110
* Temperature SN = 1697
* Conductivity SN = 4216
* Number of Bytes Per Scan = 30
* Number of Voltage Words = 4
* Number of Scans Averaged by the Deck Unit = 1
* NMEA baud rate = 4800
** VESSEL/TRIP/SEQ STN:  hud120_2020_070
** LATITUDE XX XX.XX: 47 00.00 N
** LONGITUDE XX XX.XX: 048 07.00 W
** SOUNDING DEPTH (M): 0137
** PROBE TYPE: S1146
** CTD NUMBER: 049
** FORMAT: V
** COMMENTS (14 CHAR): FC-12
** BOTTLES:  9
** LEVELS: 5,10,20,30,40,50,75,100,BTM
** STICKERS: 439844 - 439852
** VNET: Y
** DO2: N
# nquan = 22
# nvalues = 2264                        
# units = specified
# name 0 = scan: Scan Count
# name 1 = prDM: Pressure, Digiquartz [db]
# name 2 = t090C: Temperature [ITS-90, deg C]
# name 3 = t190C: Temperature, 2 [ITS-90, deg C]
# name 4 = c0S/m: Conductivity [S/m]
# name 5 = c1S/m: Conductivity, 2 [S/m]
# name 6 = sbeox0V: Oxygen raw, SBE 43 [V]
# name 7 = sbeox1V: Oxygen raw, SBE 43, 2 [V]
# name 8 = ph: pH
# name 9 = flECO-AFL: Fluorescence, WET Labs ECO-AFL/FL [mg/m^3]
# name 10 = wetCDOM: Fluorescence, WET Labs CDOM [mg/m^3]
# name 11 = par/sat/log: PAR/Logarithmic, Satlantic [umol photons/m^2/sec]
# name 12 = CStarAt0: Beam Attenuation, WET Labs C-Star [1/m]
# name 13 = CStarTr0: Beam Transmission, WET Labs C-Star [%]
# name 14 = sbeox0ML/L: Oxygen, SBE 43 [ml/l], WS = 2
# name 15 = sbeox1ML/L: Oxygen, SBE 43, 2 [ml/l], WS = 2
# name 16 = sal00: Salinity, Practical [PSU]
# name 17 = sal11: Salinity, Practical, 2 [PSU]
# name 18 = sigma-t00: Density [sigma-t, kg/m^3 ]
# name 19 = sigma-t11: Density, 2 [sigma-t, kg/m^3 ]
# name 20 = oxsatML/L: Oxygen Saturation, Weiss [ml/l]
# name 21 = flag: flag
# span 0 =          2,      26302       
# span 1 =      3.482,    131.797       
# span 2 =    -0.5206,     6.6890       
# span 3 =    -0.5260,     6.6860       
# span 4 =   2.710306,   3.222187       
# span 5 =   2.709882,   3.221728       
# span 6 =     1.8653,     2.2714       
# span 7 =     2.2043,     2.7175       
# span 8 =      7.948,      8.134       
# span 9 =     0.9765,     6.2676       
# span 10 =    -2.8130,   482.1870      
# span 11 = 1.0678e-01, 6.4638e+00      
# span 12 =     0.0686,     0.8851      
# span 13 =    80.1491,    98.2986      
# span 14 =     6.6602,     8.4916      
# span 15 =     6.6570,     8.7482      
# span 16 =    31.9242,    33.5731      
# span 17 =    31.9189,    33.5730      
# span 18 =    25.0382,    26.9457      
# span 19 =    25.0345,    26.9459      
# span 20 =    6.94789,    8.27145      
# span 21 = 0.0000e+00, 0.0000e+00      
# interval = scans: 3                   
# start_time = Nov 24 2020 18:41:51 [System UTC, header]
# bad_flag = -9.990e-29
*END*
[from data line 1383]
       7821    102.774    -0.0243    -0.0296   2.780070   2.779567     1.9370     2.2976      7.992     1.0274     0.2269 1.0727e-01     0.0715    98.2291     7.0414     7.1862    33.3260    33.3251    26.7561    26.7556    8.14282 0.0000e+00
       7824    102.689    -0.0242    -0.0291   2.780090   2.779489     1.9362     2.2972      7.992     1.0173     0.1084 1.0752e-01     0.0715    98.2291     7.0377     7.1805    33.3263    33.3236    26.7562    26.7544    8.14279 0.0000e+00
       7827    102.602    -0.0244    -0.0282   2.780141   2.779470     1.9362     2.2980      7.992     1.0274     0.1479 1.0740e-01     0.0715    98.2291     7.0383     7.1793    33.3272    33.3225    26.7571    26.7534    8.14279 0.0000e+00
       7830    102.507    -0.0232    -0.0273   2.780084   2.779459     1.9366     2.2980      7.992     1.0071     0.1479 1.0752e-01     0.0715    98.2291     7.0411     7.1763    33.3252    33.3214    26.7554    26.7525    8.14263 0.0000e+00
       7833    102.412    -0.0209    -0.0260   2.780059   2.779522     1.9366     2.2972      7.992     1.0376     0.1084 1.0740e-01     0.0715    98.2291     7.0395     7.1704    33.3225    33.3209    26.7531    26.7520    8.14230 0.0000e+00
       7836    102.314    -0.0197    -0.0258   2.780057   2.779599     1.9366     2.2972      7.992     1.0376     0.1479 1.0752e-01     0.0715    98.2291     7.0365     7.1700    33.3212    33.3217    26.7519    26.7527    8.14210 0.0000e+00
       7839    102.208    -0.0188    -0.0263   2.780136   2.779710     1.9370     2.2980      7.992     1.0579     0.1479 1.0752e-01     0.0715    98.2291     7.0362     7.1729    33.3213    33.3239    26.7520    26.7544    8.14190 0.0000e+00
       7842    102.103    -0.0175    -0.0283   2.780177   2.779928     1.9370     2.2980      7.992     1.0478     0.1479 1.0752e-01     0.0715    98.2291     7.0379     7.1680    33.3204    33.3289    26.7513    26.7587    8.14166 0.0000e+00
       7845    101.995    -0.0155    -0.0283   2.780232   2.780053     1.9362     2.2980      7.992     1.0579     0.1479 1.0752e-01     0.0715    98.2291     7.0347     7.1648    33.3191    33.3307    26.7500    26.7601    8.14130 0.0000e+00
       7848    101.886    -0.0151    -0.0274   2.780104   2.780048     1.9370     2.2968      7.992     1.0376     0.3848 1.0740e-01     0.0732    98.1856     7.0352     7.1552    33.3170    33.3297    26.7484    26.7592    8.14134 0.0000e+00
       7851    101.774    -0.0158    -0.0252   2.780086   2.779934     1.9366     2.2964      7.992     1.0478     0.3848 1.0752e-01     0.0740    98.1682     7.0267     7.1481    33.3176    33.3258    26.7489    26.7560    8.14145 0.0000e+00
       7854    101.664    -0.0173    -0.0236   2.779846   2.779839     1.9366     2.2968      7.992     1.0579     0.3453 1.0740e-01     0.0736    98.1769     7.0219     7.1461    33.3162    33.3229    26.7478    26.7535    8.14187 0.0000e+00
       7857    101.549    -0.0238    -0.0247   2.778983   2.779912     1.9366     2.2972      7.992     1.0478     0.3453 1.0740e-01     0.0736    98.1769     7.0212     7.1445    33.3119    33.3252    26.7447    26.7554    8.14351 0.0000e+00
       7860    101.434    -0.0346    -0.0249   2.778138   2.779882     1.9362     2.2980      7.992     1.0579     0.3848 1.0740e-01     0.0736    98.1769     7.0197     7.1410    33.3125    33.3250    26.7457    26.7553    8.14581 0.0000e+00
       7863    101.320    -0.0436    -0.0248   2.777105   2.779828     1.9370     2.2972      7.993     1.0579     0.3848 1.0740e-01     0.0736    98.1769     7.0226     7.1329    33.3087    33.3242    26.7430    26.7547    8.14797 0.0000e+00
       7866    101.209    -0.0559    -0.0250   2.775862   2.779865     1.9366     2.2956      7.993     1.0579     0.3848 1.0752e-01     0.0740    98.1682     7.0233     7.1243    33.3058    33.3251    26.7413    26.7554    8.15082 0.0000e+00
       7869    101.098    -0.0652    -0.0256   2.775428   2.779769     1.9358     2.2960      7.991     1.0579     0.3848 1.0740e-01     0.0757    98.1248     7.0186     7.1220    33.3103    33.3245    26.7453    26.7549    8.15259 0.0000e+00
       7872    100.990    -0.0700    -0.0365   2.774676   2.778698     1.9354     2.2956      7.990     1.0681     0.7796 1.0752e-01     0.0764    98.1074     7.0157     7.1165    33.3056    33.3222    26.7418    26.7536    8.15389 0.0000e+00
       7875    100.884    -0.0833    -0.0350   2.773910   2.778800     1.9346     2.2944      7.988     1.0376     1.4507 1.0727e-01     0.0757    98.1248     7.0146     7.1085    33.3100    33.3221    26.7460    26.7534    8.15654 0.0000e+00
       7878    100.778    -0.1049    -0.0390   2.771168   2.778353     1.9354     2.2948      7.988     1.0579     1.4507 1.0752e-01     0.0757    98.1248     7.0254     7.1091    33.2973    33.3206    26.7368    26.7524    8.16195 0.0000e+00
       7881    100.674    -0.1307    -0.0394   2.769475   2.778453     1.9354     2.2940      7.986     1.0478     1.4507 1.0740e-01     0.0761    98.1161     7.0321     7.1028    33.3032    33.3224    26.7426    26.7539    8.16725 0.0000e+00
       7884    100.570    -0.1304    -0.0422   2.769475   2.777751     1.9354     2.2936      7.983     1.0478     1.4507 1.0740e-01     0.0761    98.1161     7.0335     7.1025    33.3028    33.3162    26.7424    26.7490    8.16719 0.0000e+00
       7887    100.472    -0.1386    -0.0650   2.768911   2.775694     1.9346     2.2932      7.983     1.0376     1.4507 1.0740e-01     0.0782    98.0639     7.0332     7.1081    33.3043    33.3139    26.7440    26.7483    8.16889 0.0000e+00
       7890    100.378    -0.1221    -0.0973   2.771852   2.773125     1.9350     2.2932      7.983     1.0376     1.4507 1.0740e-01     0.0835    97.9335     7.0343     7.1171    33.3254    33.3152    26.7603    26.7508    8.16413 0.0000e+00
       7893    100.287    -0.0884    -0.1160   2.773177   2.771296     1.9342     2.2911      7.981     1.0274     1.4507 1.0752e-01     0.0832    97.9422     7.0230     7.1132    33.3063    33.3115    26.7432    26.7487    8.15786 0.0000e+00
       7896    100.199    -0.1253    -0.1151   2.770960   2.771150     1.9346     2.2907      7.981     1.0173     1.4507 1.0727e-01     0.0835    97.9335     7.0325     7.1111    33.3172    33.3085    26.7537    26.7463    8.16528 0.0000e+00
       7899    100.114    -0.1173    -0.1039   2.773189   2.772568     1.9342     2.2928      7.980     1.0173     1.1744 1.0740e-01     0.0832    97.9422     7.0282     7.1179    33.3381    33.3152    26.7703    26.7511    8.16238 0.0000e+00
       7902    100.033    -0.1156    -0.0813   2.770520   2.774879     1.9350     2.2915      7.978     1.0376     1.0559 1.0752e-01     0.0835    97.9335     7.0292     7.1103    33.3009    33.3212    26.7402    26.7549    8.16409 0.0000e+00
       7905     99.965    -0.1297    -0.0485   2.769419   2.777573     1.9346     2.2903      7.978     1.0274     1.0954 1.0740e-01     0.0832    97.9422     7.0269     7.1002    33.3017    33.3211    26.7415    26.7533    8.16711 0.0000e+00
       7908     99.914    -0.1164    -0.0406   2.772681   2.777828     1.9342     2.2903      7.978     1.0173     1.0954 1.0740e-01     0.0864    97.8640     7.0201     7.0983    33.3304    33.3159    26.7640    26.7487    8.16260 0.0000e+00
       7990     99.884    -0.2417    -0.2132   2.759138   2.760889     1.9301     2.2854      7.979     1.0071     2.6351 1.0740e-01     0.0896    97.7858     7.0312     7.1405    33.2875    33.2795    26.7351    26.7273    8.19243 0.0000e+00
       8032     99.849    -0.2917    -0.2909   2.753477   2.753588     1.9281     2.2830      7.974     1.0274     4.8459 1.0752e-01     0.0896    97.7858     7.0355     7.1609    33.2669    33.2675    26.7208    26.7212    8.20452 0.0000e+00
       8035     99.813    -0.2913    -0.2930   2.753543   2.753375     1.9268     2.2822      7.979     1.0173     4.7670 1.0752e-01     0.0896    97.7858     7.0319     7.1559    33.2673    33.2670    26.7211    26.7209    8.20440 0.0000e+00
       8038     99.781    -0.2945    -0.2967   2.753104   2.753155     1.9264     2.2830      7.976     1.0071     4.7670 1.0752e-01     0.0896    97.7858     7.0341     7.1586    33.2650    33.2681    26.7193    26.7219    8.20523 0.0000e+00
       8041     99.751    -0.3015    -0.2983   2.752597   2.753059     1.9272     2.2834      7.977     1.0274     4.7670 1.0740e-01     0.0896    97.7858     7.0413     7.1614    33.2659    33.2686    26.7204    26.7224    8.20672 0.0000e+00
       9422     99.722    -0.2893    -0.2913   2.753536   2.753548     1.9334     2.2883      7.981     1.0681     6.7409 1.0727e-01     0.0860    97.8727     7.0808     7.1926    33.2651    33.2674    26.7192    26.7211    8.20409 0.0000e+00
      10114     99.680    -0.2886    -0.2897   2.753651   2.753798     1.9363     2.2908      7.984     1.0681     7.7279 1.0740e-01     0.0839    97.9249     7.1014     7.2103    33.2659    33.2691    26.7198    26.7224    8.20389 0.0000e+00
      10117     99.647    -0.2911    -0.2868   2.753636   2.754137     1.9354     2.2900      7.984     1.0884     7.7279 1.0752e-01     0.0839    97.9249     7.1015     7.2108    33.2685    33.2704    26.7220    26.7233    8.20430 0.0000e+00
      10318     99.617    -0.2959    -0.2945   2.753150   2.753252     1.9310     2.2851      7.977     1.0579     3.0299 1.0752e-01     0.0875    97.8379     7.0698     7.1792    33.2673    33.2671    26.7212    26.7210    8.20542 0.0000e+00
      10420     99.572    -0.2995    -0.3055   2.752811   2.752296     1.9273     2.2835      7.974     1.0681     0.7401 1.0752e-01     0.0892    97.7945     7.0468     7.1669    33.2667    33.2664    26.7209    26.7209    8.20623 0.0000e+00
      10423     99.526    -0.3011    -0.3065   2.752624   2.752190     1.9269     2.2835      7.974     1.0579     0.7401 1.0740e-01     0.0896    97.7858     7.0499     7.1663    33.2660    33.2662    26.7204    26.7208    8.20663 0.0000e+00
      10426     99.479    -0.3053    -0.3078   2.752226   2.752127     1.9277     2.2826      7.974     1.0274     0.7401 1.0752e-01     0.0889    97.8031     7.0566     7.1623    33.2652    33.2668    26.7200    26.7214    8.20758 0.0000e+00
      10429     99.436    -0.3079    -0.3069   2.752005   2.752243     1.9269     2.2831      7.974     1.0071     0.7401 1.0752e-01     0.0892    97.7945     7.0521     7.1650    33.2652    33.2673    26.7201    26.7218    8.20816 0.0000e+00
      10432     99.393    -0.3101    -0.3054   2.751825   2.752308     1.9269     2.2822      7.974     1.0274     0.7401 1.0752e-01     0.0896    97.7858     7.0498     7.1649    33.2652    33.2665    26.7202    26.7211    8.20865 0.0000e+00
      10435     99.351    -0.3124    -0.3103   2.751678   2.751862     1.9273     2.2826      7.976     1.0173     0.7401 1.0740e-01     0.0871    97.8466     7.0517     7.1656    33.2658    33.2660    26.7208    26.7208    8.20912 0.0000e+00
      10438     99.317    -0.3119    -0.3096   2.751770   2.751951     1.9273     2.2826      7.974     1.0274     0.7006 1.0740e-01     0.0867    97.8553     7.0516     7.1659    33.2666    33.2665    26.7214    26.7212    8.20897 0.0000e+00
      10441     99.285    -0.3131    -0.3097   2.751619   2.751895     1.9285     2.2826      7.974     1.0274     0.7401 1.0752e-01     0.0864    97.8640     7.0625     7.1656    33.2658    33.2658    26.7208    26.7207    8.20927 0.0000e+00
      10474     99.249    -0.3129    -0.3130   2.751622   2.751658     1.9273     2.2831      7.974     1.0274     0.7006 1.0727e-01     0.0871    97.8466     7.0585     7.1709    33.2657    33.2663    26.7208    26.7212    8.20925 0.0000e+00
      10537     99.149    -0.3114    -0.3194   2.751717   2.751080     1.9269     2.2814      7.976     1.0681     0.6217 1.0752e-01     0.0899    97.7771     7.0591     7.1718    33.2654    33.2657    26.7204    26.7210    8.20893 0.0000e+00
      10540     99.027    -0.3133    -0.3196   2.751569   2.751015     1.9261     2.2822      7.974     1.0681     0.6217 1.0752e-01     0.0906    97.7597     7.0584     7.1737    33.2656    33.2651    26.7206    26.7206    8.20933 0.0000e+00
      10543     98.895    -0.3140    -0.3209   2.751478   2.750886     1.9261     2.2814      7.974     1.0579     0.8191 1.0740e-01     0.0896    97.7858     7.0579     7.1691    33.2652    33.2648    26.7204    26.7204    8.20952 0.0000e+00
      10546     98.756    -0.3153    -0.3227   2.751300   2.750678     1.9265     2.2822      7.974     1.0579     0.8586 1.0740e-01     0.0899    97.7771     7.0525     7.1736    33.2643    33.2641    26.7197    26.7199    8.20985 0.0000e+00
      10549     98.606    -0.3173    -0.3246   2.751065   2.750463     1.9269     2.2822      7.974     1.0579     0.8586 1.0740e-01     0.0899    97.7771     7.0566     7.1737    33.2635    33.2635    26.7191    26.7194    8.21033 0.0000e+00
      10552     98.441    -0.3190    -0.3259   2.750877   2.750354     1.9269     2.2810      7.974     1.0681     0.8191 1.0740e-01     0.0903    97.7684     7.0563     7.1688    33.2630    33.2635    26.7188    26.7195    8.21074 0.0000e+00
      10555     98.268    -0.3204    -0.3267   2.750691   2.750192     1.9265     2.2822      7.974     1.0579     0.8586 1.0752e-01     0.0896    97.7858     7.0553     7.1760    33.2621    33.2623    26.7181    26.7186    8.21109 0.0000e+00
      10558     98.086    -0.3228    -0.3282   2.750376   2.749985     1.9269     2.2822      7.974     1.0579     0.8191 1.0752e-01     0.0885    97.8118     7.0603     7.1758    33.2607    33.2613    26.7171    26.7179    8.21171 0.0000e+00
      10561     97.894    -0.3246    -0.3302   2.750193   2.749778     1.9273     2.2810      7.974     1.0579     0.8586 1.0740e-01     0.0885    97.8118     7.0648     7.1712    33.2602    33.2609    26.7168    26.7176    8.21211 0.0000e+00
      10564     97.687    -0.3253    -0.3311   2.750123   2.749660     1.9277     2.2822      7.974     1.0681     0.8191 1.0727e-01     0.0885    97.8118     7.0661     7.1734    33.2603    33.2604    26.7169    26.7172    8.21228 0.0000e+00
      10567     97.471    -0.3259    -0.3316   2.750084   2.749608     1.9265     2.2814      7.974     1.0579     0.7796 1.0740e-01     0.0885    97.8118     7.0566     7.1732    33.2605    33.2603    26.7171    26.7172    8.21239 0.0000e+00
      10570     97.249    -0.3261    -0.3315   2.750054   2.749599     1.9257     2.2810      7.976     1.0579     0.5032 1.0740e-01     0.0885    97.8118     7.0493     7.1722    33.2605    33.2603    26.7171    26.7172    8.21244 0.0000e+00
      10573     97.021    -0.3261    -0.3317   2.750008   2.749524     1.9273     2.2814      7.974     1.0579     0.4637 1.0740e-01     0.0885    97.8118     7.0587     7.1744    33.2600    33.2596    26.7167    26.7167    8.21247 0.0000e+00
      10576     96.797    -0.3267    -0.3327   2.749919   2.749411     1.9265     2.2822      7.974     1.0478     0.5032 1.0727e-01     0.0889    97.8031     7.0571     7.1793    33.2596    33.2594    26.7164    26.7165    8.21263 0.0000e+00
      10579     96.581    -0.3269    -0.3316   2.749877   2.749514     1.9269     2.2822      7.974     1.0681     0.4637 1.0752e-01     0.0885    97.8118     7.0596     7.1790    33.2594    33.2596    26.7162    26.7167    8.21268 0.0000e+00
      10582     96.368    -0.3250    -0.3295   2.750034   2.749644     1.9277     2.2818      7.974     1.0579     0.5032 1.0740e-01     0.0885    97.8118     7.0592     7.1792    33.2595    33.2592    26.7162    26.7162    8.21224 0.0000e+00
      10585     96.158    -0.3235    -0.3288   2.750075   2.749603     1.9269     2.2810      7.974     1.0681     0.4637 1.0752e-01     0.0885    97.8118     7.0542     7.1770    33.2586    33.2580    26.7154    26.7152    8.21198 0.0000e+00
