Datasets/AZMP/HUD120/hud120_2020_059.cnv
* Sea-Bird SBE 9 Data File:
* FileName = C:\CTDDATA\hud120_2020_059.hex
* Software Version Seasave V 7.26.7.110
* Temperature SN = 1697
* Conductivity SN = 4216
* Number of Bytes Per Scan = 30
* Number of Voltage Words = 4
* Number of Scans Averaged by the Deck Unit = 1
* NMEA baud rate = 4800
** VESSEL/TRIP/SEQ STN:  hub120_2020_059
** LATITUDE XX XX.XX: 47 00.00 N
** LONGITUDE XX XX.XX: 045 30.00 W
** SOUNDING DEPTH (M): 0270
** PROBE TYPE: S1146
** CTD NUMBER: 038
** FORMAT: V
** COMMENTS (14 CHAR): FC-23
** BOTTLES:  10
** LEVELS: 5,10,20,30,40,50,75,100,150,BTM
** STICKERS: 439760 - 439769
** VNET: Y
** DO2: N
# nquan = 22
# nvalues = 4473                        
# units = specified
# name 0 = scan: Scan Count
# name 1 = prDM: Pressure, Digiquartz [db]
# name 2 = t090C: Temperature [ITS-90, deg C]
# name 3 = t190C: Temperature, 2 [ITS-90, deg C]
# name 4 = c0S/m: Conductivity [S/m]
# name 5 = c1S/m: Conductivity, 2 [S/m]
# name 6 = sbeox0V: Oxygen raw, SBE 43 [V]
# name 7 = sbeox1V: Oxygen raw, SBE 43, 2 [V]
# name 8 = ph: pH
# name 9 = flECO-AFL: Fluorescence, WET Labs ECO-AFL/FL [mg/m^3]
# name 10 = wetCDOM: Fluorescence, WET Labs CDOM [mg/m^3]
# name 11 = par/sat/log: PAR/Logarithmic, Satlantic [umol photons/m^2/sec]
# name 12 = CStarAt0: Beam Attenuation, WET Labs C-Star [1/m]
# name 13 = CStarTr0: Beam Transmission, WET Labs C-Star [%]
# name 14 = sbeox0ML/L: Oxygen, SBE 43 [ml/l], WS = 2
# name 15 = sbeox1ML/L: Oxygen, SBE 43, 2 [ml/l], WS = 2
# name 16 = sal00: Salinity, Practical [PSU]
# name 17 = sal11: Salinity, Practical, 2 [PSU]
# name 18 = sigma-t00: Density [sigma-t, kg/m^3 ]
# name 19 = sigma-t11: Density, 2 [sigma-t, kg/m^3 ]
# name 20 = oxsatML/L: Oxygen Saturation, Weiss [ml/l]
# name 21 = flag: flag
# span 0 =         33,      43289       
# span 1 =      0.548,    249.583       
# span 2 =     3.8317,     8.2750       
# span 3 =     3.8265,     8.2710       
# span 4 =   3.152293,   3.460210       
# span 5 =   3.151806,   3.459681       
# span 6 =     1.7942,     2.2182       
# span 7 =     2.1279,     2.6441       
# span 8 =      7.944,      8.156       
# span 9 =     0.8544,     5.5146       
# span 10 =    -2.8130,   482.1870      
# span 11 = 1.0715e-01, 2.7090e+02      
# span 12 =     0.0821,     0.7621      
# span 13 =    82.6525,    97.9683      
# span 14 =     5.4763,     6.9633      
# span 15 =     5.6184,     7.2775      
# span 16 =    32.7757,    34.8150      
# span 17 =    32.9574,    34.8143      
# span 18 =    25.4872,    27.6103      
# span 19 =    25.6302,    27.6103      
# span 20 =    6.65160,    7.34664      
# span 21 = 0.0000e+00, 0.0000e+00      
# interval = scans: 3                   
# start_time = Nov 23 2020 15:04:45 [System UTC, header]
# bad_flag = -9.990e-29
*END*
[from data line 1186]
       4157    135.013     4.8710     4.8657   3.317551   3.317014     1.8110     2.1406      7.977     0.9358     3.7800 1.0715e-01     0.0842    97.9162     5.5436     5.6753    34.7381    34.7374    27.4825    27.4825    7.12339 0.0000e+00
       4160    135.155     4.8685     4.8640   3.317315   3.316868     1.8110     2.1415      7.977     0.9358     6.1488 1.0715e-01     0.0842    97.9162     5.5449     5.6785    34.7379    34.7374    27.4826    27.4828    7.12383 0.0000e+00
       4163    135.295     4.8671     4.8626   3.317367   3.316832     1.8106     2.1415      7.975     0.9460     6.0698 1.0715e-01     0.0842    97.9162     5.5440     5.6796    34.7400    34.7384    27.4844    27.4837    7.12399 0.0000e+00
       4166    135.431     4.8683     4.8633   3.317629   3.317106     1.8106     2.1415      7.975     0.9257     6.0698 1.0715e-01     0.0846    97.9075     5.5446     5.6807    34.7416    34.7408    27.4856    27.4855    7.12370 0.0000e+00
       4169    135.565     4.8698     4.8652   3.317878   3.317359     1.8102     2.1411      7.977     0.9358     6.0698 1.0715e-01     0.0842    97.9162     5.5451     5.6783    34.7428    34.7416    27.4864    27.4860    7.12338 0.0000e+00
       4172    135.695     4.8723     4.8676   3.318264   3.317690     1.8102     2.1411      7.975     0.9460     6.0698 1.0715e-01     0.0839    97.9249     5.5451     5.6772    34.7447    34.7430    27.4876    27.4868    7.12287 0.0000e+00
       4175    135.822     4.8764     4.8719   3.318808   3.318260     1.8106     2.1415      7.975     0.9257     6.0698 1.0715e-01     0.0839    97.9249     5.5454     5.6793    34.7467    34.7450    27.4887    27.4879    7.12207 0.0000e+00
       4178    135.951     4.8808     4.8766   3.319227   3.318763     1.8102     2.1419      7.975     0.9358   117.6770 1.0715e-01     0.0842    97.9162     5.5428     5.6799    34.7469    34.7459    27.4883    27.4881    7.12130 0.0000e+00
       4181    136.074     4.8817     4.8784   3.319219   3.318881     1.8106     2.1411      7.977     0.9358   481.4369 1.0715e-01     0.0842    97.9162     5.5444     5.6771    34.7458    34.7453    27.4874    27.4874    7.12120 0.0000e+00
       4184    136.195     4.8799     4.8783   3.319042   3.318855     1.8106     2.1406      7.975     0.9358   480.8447 1.0715e-01     0.0842    97.9162     5.5455     5.6744    34.7456    34.7450    27.4874    27.4872    7.12152 0.0000e+00
       4187    136.317     4.8803     4.8772   3.319178   3.318730     1.8090     2.1415      7.977     0.9358   481.3184 1.0727e-01     0.0839    97.9249     5.5397     5.6786    34.7466    34.7446    27.4882    27.4870    7.12140 0.0000e+00
       4190    136.432     4.8804     4.8764   3.319136   3.318665     1.8098     2.1402      7.977     0.9460   481.3579 1.0715e-01     0.0832    97.9422     5.5437     5.6753    34.7459    34.7447    27.4877    27.4872    7.12141 0.0000e+00
       4193    136.546     4.8790     4.8754   3.319001   3.318587     1.8102     2.1402      7.977     0.9358   481.3579 1.0715e-01     0.0832    97.9422     5.5469     5.6761    34.7458    34.7448    27.4878    27.4873    7.12166 0.0000e+00
       4196    136.657     4.8789     4.8743   3.319011   3.318518     1.8090     2.1406      7.975     0.9358   481.3579 1.0715e-01     0.0832    97.9422     5.5425     5.6778    34.7460    34.7451    27.4879    27.4877    7.12167 0.0000e+00
       4199    136.766     4.8792     4.8742   3.319059   3.318520     1.8090     2.1415      7.977     0.9155   481.3579 1.0715e-01     0.0832    97.9422     5.5429     5.6796    34.7462    34.7451    27.4880    27.4877    7.12161 0.0000e+00
       4202    136.871     4.8792     4.8741   3.319164   3.318512     1.8098     2.1411      7.975     0.9053   481.3579 1.0715e-01     0.0832    97.9422     5.5452     5.6784    34.7473    34.7450    27.4889    27.4877    7.12155 0.0000e+00
       4205    136.974     4.8794     4.8739   3.319141   3.318517     1.8094     2.1411      7.975     0.9053   237.3380 1.0715e-01     0.0835    97.9335     5.5447     5.6809    34.7468    34.7453    27.4885    27.4879    7.12154 0.0000e+00
       4208    137.072     4.8791     4.8740   3.319099   3.318507     1.8094     2.1402      7.977     0.9053    -1.9050 1.0715e-01     0.0842    97.9162     5.5469     5.6766    34.7466    34.7451    27.4883    27.4877    7.12161 0.0000e+00
       4211    137.168     4.8795     4.8741   3.319103   3.318544     1.8094     2.1415      7.975     0.8952     3.3457 1.0715e-01     0.0842    97.9162     5.5466     5.6809    34.7461    34.7453    27.4879    27.4879    7.12155 0.0000e+00
       4214    137.259     4.8792     4.8746   3.319089   3.318608     1.8094     2.1406      7.975     0.9053     3.2273 1.0715e-01     0.0842    97.9162     5.5442     5.6791    34.7463    34.7455    27.4880    27.4880    7.12160 0.0000e+00
       4217    137.347     4.8799     4.8749   3.319245   3.318684     1.8098     2.1415      7.975     0.8952     3.2273 1.0727e-01     0.0842    97.9162     5.5477     5.6801    34.7473    34.7460    27.4888    27.4883    7.12144 0.0000e+00
       4220    137.437     4.8798     4.8752   3.319265   3.318798     1.8094     2.1402      7.975     0.8952     3.2273 1.0715e-01     0.0842    97.9162     5.5470     5.6738    34.7475    34.7470    27.4890    27.4891    7.12144 0.0000e+00
       4223    137.521     4.8800     4.8758   3.319374   3.318880     1.8090     2.1402      7.975     0.9053     3.2273 1.0715e-01     0.0839    97.9249     5.5428     5.6758    34.7486    34.7473    27.4898    27.4892    7.12136 0.0000e+00
       4226    137.599     4.8827     4.8758   3.319692   3.318897     1.8082     2.1406      7.977     0.9155     3.2273 1.0715e-01     0.0842    97.9162     5.5396     5.6781    34.7494    34.7474    27.4902    27.4894    7.12086 0.0000e+00
       4229    137.675     4.8851     4.8784   3.319959   3.319166     1.8094     2.1406      7.975     0.9257     3.2273 1.0715e-01     0.0842    97.9162     5.5466     5.6779    34.7499    34.7478    27.4903    27.4894    7.12041 0.0000e+00
       4232    137.750     4.8857     4.8804   3.319981   3.319389     1.8090     2.1402      7.975     0.9358     7.5305 1.0715e-01     0.0842    97.9162     5.5450     5.6760    34.7496    34.7482    27.4899    27.4895    7.12032 0.0000e+00
       4235    137.822     4.8859     4.8815   3.320011   3.319501     1.8082     2.1406      7.975     0.9358     8.5965 1.0715e-01     0.0842    97.9162     5.5433     5.6777    34.7497    34.7484    27.4900    27.4894    7.12029 0.0000e+00
       4238    137.889     4.8859     4.8819   3.320003   3.319560     1.8086     2.1406      7.975     0.9358     8.5570 1.0715e-01     0.0842    97.9162     5.5460     5.6780    34.7495    34.7486    27.4898    27.4896    7.12029 0.0000e+00
       4241    137.954     4.8866     4.8821   3.320062   3.319576     1.8090     2.1402      7.975     0.9257     8.5570 1.0715e-01     0.0842    97.9162     5.5472     5.6786    34.7495    34.7486    27.4897    27.4895    7.12018 0.0000e+00
       4244    138.017     4.8866     4.8826   3.320110   3.319636     1.8090     2.1406      7.975     0.9460     8.5570 1.0727e-01     0.0842    97.9162     5.5512     5.6817    34.7500    34.7486    27.4902    27.4895    7.12015 0.0000e+00
       4247    138.079     4.8873     4.8829   3.320147   3.319670     1.8082     2.1415      7.975     0.9257     8.5570 1.0715e-01     0.0842    97.9162     5.5493     5.6850    34.7497    34.7487    27.4898    27.4896    7.12005 0.0000e+00
       4250    138.138     4.8872     4.8831   3.320147   3.319671     1.8094     2.1402      7.975     0.9358     8.5570 1.0715e-01     0.0835    97.9335     5.5530     5.6813    34.7497    34.7485    27.4899    27.4894    7.12006 0.0000e+00
       4253    138.198     4.8875     4.8828   3.320167   3.319684     1.8090     2.1402      7.975     0.9358     8.5570 1.0715e-01     0.0839    97.9249     5.5493     5.6819    34.7496    34.7489    27.4898    27.4898    7.12002 0.0000e+00
       4256    138.256     4.8878     4.8827   3.320171   3.319671     1.8090     2.1406      7.977     0.9358    56.0898 1.0727e-01     0.0839    97.9249     5.5498     5.6820    34.7493    34.7488    27.4895    27.4897    7.11998 0.0000e+00
       4259    138.312     4.8887     4.8829   3.320256   3.319692     1.8094     2.1406      7.975     0.9257   461.1842 1.0715e-01     0.0842    97.9162     5.5488     5.6803    34.7493    34.7488    27.4894    27.4897    7.11982 0.0000e+00
       4262    138.368     4.8894     4.8836   3.320403   3.319777     1.8086     2.1398      7.975     0.9460   481.5554 1.0715e-01     0.0835    97.9335     5.5409     5.6771    34.7502    34.7490    27.4900    27.4897    7.11965 0.0000e+00
       4265    138.429     4.8905     4.8849   3.320496   3.319905     1.8086     2.1419      7.975     0.9358   481.2000 1.0715e-01     0.0835    97.9335     5.5381     5.6815    34.7502    34.7492    27.4899    27.4897    7.11948 0.0000e+00
       4268    138.491     4.8901     4.8858   3.320484   3.320031     1.8098     2.1403      7.975     0.9460   481.3579 1.0727e-01     0.0846    97.9075     5.5429     5.6753    34.7504    34.7496    27.4901    27.4899    7.11953 0.0000e+00
       4271    138.554     4.8915     4.8886   3.320675   3.320323     1.8090     2.1415      7.975     0.9460   481.3579 1.0727e-01     0.0842    97.9162     5.5383     5.6809    34.7511    34.7501    27.4905    27.4900    7.11925 0.0000e+00
       4274    138.617     4.8956     4.8905   3.321100   3.320541     1.8082     2.1415      7.975     0.9460   481.3579 1.0715e-01     0.0842    97.9162     5.5315     5.6815    34.7518    34.7506    27.4906    27.4902    7.11853 0.0000e+00
       4277    138.685     4.8967     4.8914   3.321188   3.320618     1.8086     2.1403      7.975     0.9460   481.3579 1.0715e-01     0.0842    97.9162     5.5337     5.6746    34.7516    34.7505    27.4902    27.4901    7.11834 0.0000e+00
       4280    138.758     4.8964     4.8915   3.321177   3.320642     1.8082     2.1403      7.975     0.9257   481.3579 1.0715e-01     0.0842    97.9162     5.5310     5.6742    34.7517    34.7506    27.4904    27.4901    7.11838 0.0000e+00
       4283    138.837     4.8985     4.8916   3.321493   3.320673     1.8078     2.1403      7.975     0.9358   327.3107 1.0715e-01     0.0846    97.9075     5.5292     5.6761    34.7531    34.7508    27.4913    27.4902    7.11795 0.0000e+00
       4286    138.919     4.9017     4.8936   3.321794   3.320977     1.8073     2.1399      7.975     0.9460    -1.0364 1.0715e-01     0.0849    97.8988     5.5292     5.6732    34.7534    34.7523    27.4911    27.4911    7.11741 0.0000e+00
       4289    139.001     4.9031     4.8973   3.322037   3.321317     1.8073     2.1399      7.975     0.9358     8.3201 1.0727e-01     0.0839    97.9249     5.5282     5.6719    34.7546    34.7523    27.4920    27.4907    7.11710 0.0000e+00
       4292    139.091     4.9092     4.8985   3.322664   3.321518     1.8082     2.1411      7.975     0.9358     8.0832 1.0715e-01     0.0832    97.9422     5.5328     5.6752    34.7555    34.7533    27.4919    27.4914    7.11601 0.0000e+00
       4295    139.185     4.9115     4.9054   3.322849   3.322281     1.8078     2.1407      7.975     0.9358     8.0832 1.0715e-01     0.0832    97.9422     5.5326     5.6719    34.7552    34.7549    27.4914    27.4919    7.11563 0.0000e+00
       4298    139.284     4.9142     4.9096   3.323109   3.322620     1.8073     2.1403      7.975     0.9460     8.0832 1.0715e-01     0.0839    97.9249     5.5316     5.6709    34.7553    34.7545    27.4912    27.4911    7.11515 0.0000e+00
       4301    139.387     4.9146     4.9101   3.323139   3.322636     1.8073     2.1399      7.975     0.9460     8.0832 1.0715e-01     0.0832    97.9422     5.5317     5.6691    34.7552    34.7540    27.4911    27.4907    7.11510 0.0000e+00
       4304    139.497     4.9152     4.9104   3.323178   3.322673     1.8073     2.1411      7.975     0.9257     8.0832 1.0715e-01     0.0832    97.9422     5.5341     5.6707    34.7550    34.7541    27.4908    27.4907    7.11501 0.0000e+00
       4307    139.611     4.9156     4.9110   3.323236   3.322721     1.8073     2.1411      7.975     0.9765     8.0832 1.0715e-01     0.0839    97.9249     5.5342     5.6692    34.7552    34.7540    27.4909    27.4905    7.11493 0.0000e+00
       4310    139.727     4.9171     4.9111   3.323479   3.322760     1.8078     2.1403      7.975     0.9562   287.9501 1.0715e-01     0.0835    97.9335     5.5345     5.6650    34.7563    34.7542    27.4916    27.4907    7.11460 0.0000e+00
       4313    139.849     4.9194     4.9122   3.323720   3.322973     1.8073     2.1399      7.975     0.9562   481.5948 1.0715e-01     0.0835    97.9335     5.5298     5.6582    34.7567    34.7555    27.4917    27.4916    7.11420 0.0000e+00
       4316    139.974     4.9203     4.9154   3.323765   3.323294     1.8073     2.1394      7.975     0.9765   481.0026 1.0715e-01     0.0839    97.9249     5.5286     5.6519    34.7562    34.7558    27.4912    27.4915    7.11407 0.0000e+00
       4319    140.102     4.9202     4.9160   3.323770   3.323304     1.8069     2.1394      7.975     0.9460   481.3579 1.0715e-01     0.0835    97.9335     5.5264     5.6509    34.7563    34.7553    27.4913    27.4910    7.11408 0.0000e+00
       4322    140.233     4.9215     4.9186   3.324010   3.323670     1.8069     2.1399      7.975     0.9765   481.3579 1.0715e-01     0.0839    97.9249     5.5244     5.6506    34.7576    34.7567    27.4922    27.4918    7.11379 0.0000e+00
       4325    140.373     4.9241     4.9198   3.324212   3.323669     1.8069     2.1390      7.975     0.9663   481.3579 1.0715e-01     0.0839    97.9249     5.5221     5.6435    34.7572    34.7553    27.4916    27.4906    7.11337 0.0000e+00
       4328    140.514     4.9250     4.9180   3.324365   3.323460     1.8073     2.1386      7.975     0.9562   481.3579 1.0715e-01     0.0842    97.9162     5.5230     5.6390    34.7580    34.7548    27.4921    27.4903    7.11318 0.0000e+00
       4331    140.659     4.9243     4.9176   3.324122   3.323499     1.8065     2.1390      7.975     0.9460   481.3579 1.0715e-01     0.0839    97.9249     5.5179     5.6402    34.7558    34.7556    27.4905    27.4910    7.11340 0.0000e+00
       4334    140.805     4.9219     4.9177   3.323960   3.323521     1.8069     2.1386      7.975     0.8952   479.4629 1.0715e-01     0.0832    97.9422     5.5190     5.6370    34.7563    34.7556    27.4911    27.4910    7.11378 0.0000e+00
       4337    140.953     4.9280     4.9226   3.325178   3.324404     1.8057     2.1370      7.975     0.9053    66.4727 1.0727e-01     0.0835    97.9335     5.5117     5.6312    34.7640    34.7607    27.4966    27.4946    7.11238 0.0000e+00
       4340    141.103     4.9456     4.9412   3.327125   3.326492     1.8061     2.1370      7.975     0.9155    -1.3128 1.0715e-01     0.0835    97.9335     5.5101     5.6283    34.7681    34.7655    27.4978    27.4962    7.10916 0.0000e+00
       4343    141.255     4.9544     4.9521   3.327901   3.327482     1.8057     2.1370      7.975     0.9053     1.5692 1.0715e-01     0.0835    97.9335     5.5078     5.6264    34.7678    34.7654    27.4965    27.4949    7.10766 0.0000e+00
       4346    141.409     4.9642     4.9590   3.328989   3.328287     1.8057     2.1370      7.975     0.8952     1.4507 1.0715e-01     0.0839    97.9249     5.5065     5.6257    34.7702    34.7675    27.4973    27.4957    7.10587 0.0000e+00
       4349    141.563     4.9690     4.9646   3.329358   3.328811     1.8053     2.1358      7.975     0.9053     1.4507 1.0715e-01     0.0835    97.9335     5.5041     5.6221    34.7694    34.7676    27.4961    27.4952    7.10509 0.0000e+00
