Datasets/AZMP/HUD120/hud120_2020_089.cnv
* Sea-Bird SBE 9 Data File:
* FileName = C:\CTDDATA\hud120_2020_089.hex
* Software Version Seasave V 7.26.7.110
* Temperature SN = 1697
* Conductivity SN = 4216
* Number of Bytes Per Scan = 30
* Number of Voltage Words = 4
* Number of Scans Averaged by the Deck Unit = 1
* NMEA baud rate = 4800
** VESSEL/TRIP/SEQ STN:  hud120_2020_089
** LATITUDE XX XX.XX: 48 55.00 N
** LONGITUDE XX XX.XX: 052 24.00 W
** SOUNDING DEPTH (M): 0356
** PROBE TYPE: S1146
** CTD NUMBER: 066
** FORMAT: V
** COMMENTS (14 CHAR): BB-04
** BOTTLES:  10
** LEVELS: 5,10,20,30,40,50,75,100,150,BTM
** STICKERS: 439956 - 439965
** VNET: Y
** DO2: N
# nquan = 22
# nvalues = 7437                        
# units = specified
# name 0 = scan: Scan Count
# name 1 = prDM: Pressure, Digiquartz [db]
# name 2 = t090C: Temperature [ITS-90, deg C]
# name 3 = t190C: Temperature, 2 [ITS-90, deg C]
# name 4 = c0S/m: Conductivity [S/m]
# name 5 = c1S/m: Conductivity, 2 [S/m]
# name 6 = sbeox0V: Oxygen raw, SBE 43 [V]
# name 7 = sbeox1V: Oxygen raw, SBE 43, 2 [V]
# name 8 = ph: pH
# name 9 = flECO-AFL: Fluorescence, WET Labs ECO-AFL/FL [mg/m^3]
# name 10 = wetCDOM: Fluorescence, WET Labs CDOM [mg/m^3]
# name 11 = par/sat/log: PAR/Logarithmic, Satlantic [umol photons/m^2/sec]
# name 12 = CStarAt0: Beam Attenuation, WET Labs C-Star [1/m]
# name 13 = CStarTr0: Beam Transmission, WET Labs C-Star [%]
# name 14 = sbeox0ML/L: Oxygen, SBE 43 [ml/l], WS = 2
# name 15 = sbeox1ML/L: Oxygen, SBE 43, 2 [ml/l], WS = 2
# name 16 = sal00: Salinity, Practical [PSU]
# name 17 = sal11: Salinity, Practical, 2 [PSU]
# name 18 = sigma-t00: Density [sigma-t, kg/m^3 ]
# name 19 = sigma-t11: Density, 2 [sigma-t, kg/m^3 ]
# name 20 = oxsatML/L: Oxygen Saturation, Weiss [ml/l]
# name 21 = flag: flag
# span 0 =        179,      47013       
# span 1 =      1.462,    344.217       
# span 2 =    -0.5387,     2.1372       
# span 3 =    -0.5439,     2.1333       
# span 4 =   2.702627,   3.042588       
# span 5 =   2.702200,   3.042101       
# span 6 =     1.8228,     2.2055       
# span 7 =     2.1477,     2.6237       
# span 8 =      8.033,      8.158       
# span 9 =     0.9155,     5.4942       
# span 10 =    -2.8130,   482.1870      
# span 11 = 1.0532e-01, 3.6801e-01      
# span 12 =     0.0800,     0.3808      
# span 13 =    90.9188,    98.0205      
# span 14 =     6.2258,     7.8372      
# span 15 =     6.3256,     8.0191      
# span 16 =    32.0343,    34.2338      
# span 17 =    32.0437,    34.2323      
# span 18 =    25.5882,    27.3484      
# span 19 =    25.5943,    27.3476      
# span 20 =    7.65290,    8.27932      
# span 21 = 0.0000e+00, 0.0000e+00      
# interval = scans: 3                   
# start_time = Nov 28 2020 01:47:24 [System UTC, header]
# bad_flag = -9.990e-29
*END*
[from data line 2239]
       7084    236.896     0.7129     0.7083   2.879352   2.878910     1.8954     2.2357      8.062     1.0173   481.3184 1.0715e-01     0.0953    97.6467     6.7618     6.8613    33.7434    33.7426    27.0527    27.0524    7.96299 0.0000e+00
       7087    236.977     0.7130     0.7083   2.879361   2.878902     1.8946     2.2357      8.062     0.9969   481.3184 1.0715e-01     0.0949    97.6554     6.7552     6.8579    33.7434    33.7425    27.0526    27.0522    7.96296 0.0000e+00
       7090    237.063     0.7133     0.7082   2.879420   2.878903     1.8950     2.2357      8.062     0.9969   331.3771 1.0715e-01     0.0949    97.6554     6.7577     6.8581    33.7437    33.7426    27.0529    27.0523    7.96288 0.0000e+00
       7093    237.148     0.7135     0.7082   2.879404   2.878922     1.8954     2.2353      8.062     0.9867    -2.8130 1.0715e-01     0.0949    97.6554     6.7669     6.8583    33.7432    33.7428    27.0525    27.0525    7.96286 0.0000e+00
       7096    237.234     0.7137     0.7097   2.879493   2.879108     1.8942     2.2348      8.062     0.9969    -2.2603 1.0715e-01     0.0960    97.6293     6.7631     6.8582    33.7442    33.7436    27.0532    27.0530    7.96277 0.0000e+00
       7099    237.322     0.7144     0.7092   2.879552   2.879037     1.8942     2.2357      8.062     0.9867    -1.3918 1.0727e-01     0.0960    97.6293     6.7633     6.8636    33.7441    33.7430    27.0532    27.0526    7.96264 0.0000e+00
       7102    237.410     0.7147     0.7091   2.879595   2.879029     1.8938     2.2344      8.060     0.9969    -1.3918 1.0715e-01     0.0960    97.6293     6.7575     6.8616    33.7443    33.7431    27.0533    27.0527    7.96256 0.0000e+00
       7105    237.504     0.7155     0.7106   2.879720   2.879223     1.8934     2.2344      8.062     0.9765    -1.3918 1.0715e-01     0.0960    97.6293     6.7567     6.8623    33.7449    33.7439    27.0538    27.0532    7.96235 0.0000e+00
       7108    237.598     0.7165     0.7118   2.879798   2.879330     1.8934     2.2348      8.060     0.9969    -1.4313 1.0715e-01     0.0963    97.6206     6.7591     6.8618    33.7449    33.7439    27.0536    27.0532    7.96216 0.0000e+00
       7111    237.698     0.7166     0.7119   2.879831   2.879360     1.8934     2.2344      8.062     0.9969    -1.4313 1.0727e-01     0.0960    97.6293     6.7594     6.8593    33.7451    33.7441    27.0538    27.0533    7.96212 0.0000e+00
       7114    237.798     0.7168     0.7119   2.879877   2.879375     1.8942     2.2353      8.060     0.9969    -1.3918 1.0715e-01     0.0960    97.6293     6.7621     6.8627    33.7454    33.7442    27.0541    27.0534    7.96205 0.0000e+00
       7117    237.901     0.7179     0.7130   2.880042   2.879521     1.8950     2.2344      8.060     0.9867     3.5431 1.0740e-01     0.0960    97.6293     6.7682     6.8609    33.7463    33.7449    27.0547    27.0538    7.96177 0.0000e+00
       7120    238.007     0.7186     0.7141   2.880119   2.879617     1.8938     2.2348      8.059     0.9867     7.2936 1.0715e-01     0.0949    97.6554     6.7659     6.8598    33.7465    33.7449    27.0548    27.0538    7.96163 0.0000e+00
       7123    238.117     0.7194     0.7145   2.880195   2.879713     1.8938     2.2344      8.062     0.9969     7.1357 1.0715e-01     0.0953    97.6467     6.7653     6.8594    33.7465    33.7456    27.0548    27.0543    7.96146 0.0000e+00
       7126    238.231     0.7203     0.7154   2.880295   2.879818     1.8929     2.2344      8.062     0.9969     7.1357 1.0727e-01     0.0956    97.6380     6.7598     6.8570    33.7468    33.7459    27.0550    27.0546    7.96126 0.0000e+00
       7129    238.347     0.7209     0.7163   2.880438   2.879918     1.8934     2.2340      8.060     0.9867     7.1357 1.0727e-01     0.0956    97.6380     6.7603     6.8515    33.7479    33.7462    27.0558    27.0547    7.96106 0.0000e+00
       7132    238.467     0.7221     0.7174   2.880568   2.880070     1.8925     2.2332      8.062     0.9867     7.1357 1.0727e-01     0.0953    97.6467     6.7526     6.8485    33.7482    33.7469    27.0560    27.0552    7.96080 0.0000e+00
       7135    238.586     0.7232     0.7184   2.880671   2.880165     1.8929     2.2336      8.060     0.9663     7.1357 1.0727e-01     0.0960    97.6293     6.7503     6.8496    33.7483    33.7470    27.0560    27.0552    7.96057 0.0000e+00
       7138    238.710     0.7238     0.7190   2.880746   2.880259     1.8925     2.2336      8.060     0.9765     7.1357 1.0740e-01     0.1002    97.5250     6.7449     6.8477    33.7486    33.7474    27.0562    27.0556    7.96044 0.0000e+00
       7141    238.839     0.7241     0.7196   2.880788   2.880312     1.8929     2.2336      8.060     0.9562     7.7279 1.0715e-01     0.1002    97.5250     6.7500     6.8504    33.7486    33.7474    27.0562    27.0555    7.96036 0.0000e+00
       7144    238.969     0.7243     0.7197   2.880813   2.880306     1.8929     2.2332      8.060     0.9562   409.9009 1.0715e-01     0.1006    97.5163     6.7546     6.8487    33.7488    33.7472    27.0563    27.0553    7.96032 0.0000e+00
       7147    239.098     0.7250     0.7201   2.880905   2.880379     1.8925     2.2332      8.057     0.9562   481.8317 1.0715e-01     0.1002    97.5250     6.7521     6.8492    33.7491    33.7476    27.0566    27.0556    7.96015 0.0000e+00
       7150    239.232     0.7248     0.7209   2.880871   2.880489     1.8921     2.2320      8.060     0.9663   481.0816 1.0715e-01     0.1002    97.5250     6.7519     6.8437    33.7487    33.7481    27.0563    27.0560    7.96021 0.0000e+00
       7153    239.366     0.7265     0.7228   2.881334   2.880835     1.8925     2.2324      8.060     0.9562   481.2395 1.0715e-01     0.1002    97.5250     6.7537     6.8471    33.7528    33.7503    27.0594    27.0577    7.95963 0.0000e+00
       7156    239.502     0.7324     0.7287   2.882014   2.881505     1.8921     2.2332      8.060     0.9562   481.2790 1.0715e-01     0.1002    97.5250     6.7469     6.8475    33.7551    33.7526    27.0610    27.0591    7.95828 0.0000e+00
       7159    239.638     0.7363     0.7323   2.882420   2.881909     1.8913     2.2324      8.060     0.9867   481.3579 1.0727e-01     0.0974    97.5945     6.7392     6.8444    33.7560    33.7538    27.0615    27.0599    7.95741 0.0000e+00
       7162    239.780     0.7405     0.7367   2.882988   2.882479     1.8913     2.2320      8.057     0.9867   481.3579 1.0715e-01     0.0974    97.5945     6.7398     6.8432    33.7588    33.7563    27.0634    27.0617    7.95639 0.0000e+00
       7165    239.919     0.7445     0.7405   2.883337   2.882842     1.8921     2.2328      8.060     0.9969   481.3184 1.0715e-01     0.0974    97.5945     6.7415     6.8462    33.7588    33.7567    27.0632    27.0617    7.95555 0.0000e+00
       7168    240.060     0.7463     0.7419   2.883474   2.882977     1.8917     2.2320      8.059     0.9969   406.4662 1.0727e-01     0.0970    97.6032     6.7396     6.8439    33.7586    33.7570    27.0629    27.0619    7.95520 0.0000e+00
       7171    240.203     0.7473     0.7430   2.883633   2.883124     1.8909     2.2312      8.060     0.9969     6.9778 1.0727e-01     0.0970    97.6032     6.7375     6.8428    33.7594    33.7575    27.0635    27.0622    7.95493 0.0000e+00
       7174    240.344     0.7500     0.7460   2.884018   2.883535     1.8921     2.2316      8.059     1.0071    -2.4972 1.0727e-01     0.0970    97.6032     6.7436     6.8458    33.7614    33.7595    27.0650    27.0636    7.95427 0.0000e+00
       7177    240.485     0.7534     0.7498   2.884446   2.883991     1.8905     2.2316      8.060     0.9867    -1.3918 1.0715e-01     0.0977    97.5859     6.7352     6.8435    33.7631    33.7612    27.0662    27.0648    7.95346 0.0000e+00
       7180    240.626     0.7558     0.7516   2.884651   2.884161     1.8901     2.2312      8.059     1.0071    -1.3918 1.0715e-01     0.0970    97.6032     6.7330     6.8391    33.7631    33.7614    27.0660    27.0648    7.95296 0.0000e+00
       7183    240.766     0.7582     0.7535   2.884982   2.884420     1.8905     2.2320      8.059     0.9765    -1.3918 1.0715e-01     0.0970    97.6032     6.7322     6.8409    33.7648    33.7626    27.0671    27.0657    7.95238 0.0000e+00
       7186    240.906     0.7602     0.7558   2.885169   2.884642     1.8913     2.2312      8.059     0.9969    -1.3918 1.0715e-01     0.0970    97.6032     6.7327     6.8347    33.7649    33.7628    27.0671    27.0657    7.95194 0.0000e+00
       7189    241.040     0.7615     0.7572   2.885322   2.884842     1.8897     2.2312      8.057     0.9969    -1.3918 1.0715e-01     0.0974    97.5945     6.7247     6.8353    33.7654    33.7638    27.0675    27.0665    7.95166 0.0000e+00
       7192    241.171     0.7626     0.7579   2.885381   2.884903     1.8901     2.2312      8.060     0.9867    -1.3918 1.0715e-01     0.0970    97.6032     6.7297     6.8404    33.7648    33.7638    27.0669    27.0664    7.95144 0.0000e+00
       7195    241.302     0.7628     0.7583   2.885416   2.884929     1.8905     2.2312      8.057     0.9969     0.1874 1.0715e-01     0.0970    97.6032     6.7323     6.8402    33.7650    33.7637    27.0671    27.0662    7.95140 0.0000e+00
       7198    241.427     0.7630     0.7583   2.885429   2.884946     1.8901     2.2320      8.059     0.9867     2.5956 1.0715e-01     0.0963    97.6206     6.7316     6.8416    33.7649    33.7637    27.0670    27.0663    7.95136 0.0000e+00
       7201    241.550     0.7628     0.7582   2.885409   2.884937     1.8897     2.2304      8.057     0.9969     2.5167 1.0715e-01     0.0963    97.6206     6.7334     6.8369    33.7648    33.7637    27.0669    27.0663    7.95142 0.0000e+00
       7204    241.669     0.7629     0.7581   2.885449   2.884967     1.8893     2.2295      8.059     0.9867     2.5167 1.0715e-01     0.0960    97.6293     6.7310     6.8315    33.7652    33.7641    27.0672    27.0666    7.95138 0.0000e+00
       7207    241.783     0.7632     0.7586   2.885522   2.885045     1.8889     2.2295      8.057     0.9867     2.5167 1.0715e-01     0.0963    97.6206     6.7252     6.8292    33.7657    33.7646    27.0676    27.0670    7.95129 0.0000e+00
       7210    241.890     0.7634     0.7588   2.885536   2.885079     1.8889     2.2295      8.057     0.9867     2.5167 1.0727e-01     0.0960    97.6293     6.7269     6.8296    33.7656    33.7647    27.0675    27.0670    7.95124 0.0000e+00
       7213    241.996     0.7634     0.7587   2.885556   2.885071     1.8893     2.2308      8.057     0.9969     2.5167 1.0727e-01     0.0963    97.6206     6.7333     6.8328    33.7657    33.7646    27.0676    27.0670    7.95123 0.0000e+00
       7216    242.092     0.7634     0.7588   2.885575   2.885089     1.8893     2.2312      8.060     0.9969     2.5167 1.0715e-01     0.0963    97.6206     6.7342     6.8354    33.7660    33.7647    27.0678    27.0671    7.95123 0.0000e+00
       7219    242.184     0.7634     0.7587   2.885564   2.885075     1.8889     2.2295      8.057     0.9867     2.5167 1.0727e-01     0.0970    97.6032     6.7326     6.8279    33.7658    33.7646    27.0677    27.0670    7.95124 0.0000e+00
       7222    242.272     0.7634     0.7588   2.885571   2.885088     1.8889     2.2304      8.057     0.9867     5.5171 1.0727e-01     0.0970    97.6032     6.7352     6.8328    33.7658    33.7646    27.0677    27.0670    7.95123 0.0000e+00
       7225    242.357     0.7635     0.7589   2.885585   2.876613     1.8889     2.2299      8.057     1.0071     6.9383 1.0715e-01     0.0970    97.6032     6.7398     6.8391    33.7659    33.6549    27.0677    26.9787    7.95122 0.0000e+00
       7228    242.437     0.7636     0.7589   2.885595   2.871230     1.8885     2.2291      8.057     0.9765     6.8988 1.0715e-01     0.0970    97.6032     6.7398     6.8385    33.7658    33.5853    27.0677    26.9227    7.95119 0.0000e+00
       7231    242.515     0.7639     0.7591   2.885621   2.885118     1.8881     2.2283      8.057     0.9867     6.8988 1.0727e-01     0.0970    97.6032     6.7382     6.8255    33.7658    33.7644    27.0677    27.0669    7.95114 0.0000e+00
       7234    242.588     0.7638     0.7592   2.885626   2.885161     1.8885     2.2292      8.057     0.9867     6.8988 1.0727e-01     0.0970    97.6032     6.7403     6.8284    33.7659    33.7649    27.0678    27.0672    7.95115 0.0000e+00
       7237    242.657     0.7641     0.7592   2.885646   2.885179     1.8893     2.2287      8.057     1.0376     6.8988 1.0727e-01     0.0977    97.5859     6.7434     6.8262    33.7658    33.7651    27.0677    27.0673    7.95109 0.0000e+00
       7240    242.728     0.7641     0.7593   2.885663   2.885187     1.8881     2.2287      8.057     1.0579     6.8988 1.0727e-01     0.0981    97.5772     6.7386     6.8303    33.7659    33.7651    27.0677    27.0673    7.95108 0.0000e+00
       7243    242.795     0.7642     0.7594   2.885698   2.885195     1.8881     2.2283      8.057     1.0579     6.8988 1.0727e-01     0.0981    97.5772     6.7399     6.8314    33.7663    33.7649    27.0681    27.0673    7.95105 0.0000e+00
       7246    242.859     0.7642     0.7597   2.885718   2.885225     1.8885     2.2283      8.059     1.0579    25.1776 1.0715e-01     0.0981    97.5772     6.7438     6.8299    33.7665    33.7650    27.0681    27.0673    7.95103 0.0000e+00
       7249    242.926     0.7643     0.7598   2.885706   2.885249     1.8889     2.2283      8.057     1.0579   441.1683 1.0727e-01     0.0981    97.5772     6.7461     6.8318    33.7662    33.7652    27.0680    27.0674    7.95103 0.0000e+00
       7252    242.992     0.7648     0.7600   2.885749   2.885285     1.8885     2.2287      8.057     1.0579   481.2000 1.0715e-01     0.0985    97.5685     6.7444     6.8339    33.7662    33.7654    27.0679    27.0675    7.95092 0.0000e+00
       7255    243.060     0.7650     0.7612   2.885786   2.885403     1.8885     2.2283      8.057     1.0478   481.1211 1.0715e-01     0.0981    97.5772     6.7409     6.8316    33.7664    33.7656    27.0681    27.0676    7.95087 0.0000e+00
       7258    243.129     0.7658     0.7620   2.885879   2.885500     1.8885     2.2292      8.057     1.0579   481.2395 1.0727e-01     0.0988    97.5598     6.7383     6.8336    33.7667    33.7659    27.0682    27.0678    7.95069 0.0000e+00
       7261    243.200     0.7667     0.7623   2.885946   2.885506     1.8877     2.2279      8.059     1.0579   481.3184 1.0715e-01     0.0981    97.5772     6.7350     6.8303    33.7665    33.7656    27.0681    27.0676    7.95051 0.0000e+00
       7264    243.275     0.7668     0.7621   2.885973   2.885494     1.8885     2.2283      8.057     1.0173   481.3184 1.0715e-01     0.0981    97.5772     6.7390     6.8320    33.7667    33.7656    27.0682    27.0676    7.95048 0.0000e+00
       7267    243.350     0.7667     0.7622   2.885982   2.885525     1.8881     2.2279      8.057     1.0376   481.3184 1.0715e-01     0.0981    97.5772     6.7323     6.8300    33.7669    33.7659    27.0684    27.0678    7.95049 0.0000e+00
       7270    243.431     0.7672     0.7625   2.886051   2.885544     1.8885     2.2271      8.057     1.0173   481.3184 1.0727e-01     0.0981    97.5772     6.7334     6.8260    33.7672    33.7658    27.0686    27.0677    7.95036 0.0000e+00
       7273    243.512     0.7693     0.7642   2.886271   2.885716     1.8881     2.2275      8.057     1.0274   368.8822 1.0715e-01     0.0981    97.5772     6.7312     6.8268    33.7677    33.7661    27.0689    27.0679    7.94990 0.0000e+00
       7276    243.599     0.7703     0.7656   2.886422   2.885863     1.8877     2.2271      8.059     1.0274    -2.7340 1.0727e-01     0.0981    97.5772     6.7298     6.8250    33.7686    33.7664    27.0695    27.0680    7.94965 0.0000e+00
