Datasets/AZMP/HUD120/hud120_2020_066.cnv
* Sea-Bird SBE 9 Data File:
* FileName = C:\CTDDATA\hud120_2020_066.hex
* Software Version Seasave V 7.26.7.110
* Temperature SN = 1697
* Conductivity SN = 4216
* Number of Bytes Per Scan = 30
* Number of Voltage Words = 4
* Number of Scans Averaged by the Deck Unit = 1
* NMEA baud rate = 4800
** VESSEL/TRIP/SEQ STN:  hud120_2020_066
** LATITUDE XX XX.XX: 47 00.00 N
** LONGITUDE XX XX.XX: 047 10.10 W
** SOUNDING DEPTH (M): 0860
** PROBE TYPE: S1146
** CTD NUMBER: 045
** FORMAT: V
** COMMENTS (14 CHAR): FC-16
** BOTTLES:  0
** LEVELS: 0
** STICKERS:
** VNET: N
** DO2: N
# nquan = 22
# nvalues = 15995                       
# units = specified
# name 0 = scan: Scan Count
# name 1 = prDM: Pressure, Digiquartz [db]
# name 2 = t090C: Temperature [ITS-90, deg C]
# name 3 = t190C: Temperature, 2 [ITS-90, deg C]
# name 4 = c0S/m: Conductivity [S/m]
# name 5 = c1S/m: Conductivity, 2 [S/m]
# name 6 = sbeox0V: Oxygen raw, SBE 43 [V]
# name 7 = sbeox1V: Oxygen raw, SBE 43, 2 [V]
# name 8 = ph: pH
# name 9 = flECO-AFL: Fluorescence, WET Labs ECO-AFL/FL [mg/m^3]
# name 10 = wetCDOM: Fluorescence, WET Labs CDOM [mg/m^3]
# name 11 = par/sat/log: PAR/Logarithmic, Satlantic [umol photons/m^2/sec]
# name 12 = CStarAt0: Beam Attenuation, WET Labs C-Star [1/m]
# name 13 = CStarTr0: Beam Transmission, WET Labs C-Star [%]
# name 14 = sbeox0ML/L: Oxygen, SBE 43 [ml/l], WS = 2
# name 15 = sbeox1ML/L: Oxygen, SBE 43, 2 [ml/l], WS = 2
# name 16 = sal00: Salinity, Practical [PSU]
# name 17 = sal11: Salinity, Practical, 2 [PSU]
# name 18 = sigma-t00: Density [sigma-t, kg/m^3 ]
# name 19 = sigma-t11: Density, 2 [sigma-t, kg/m^3 ]
# name 20 = oxsatML/L: Oxygen Saturation, Weiss [ml/l]
# name 21 = flag: flag
# span 0 =         25,      52178       
# span 1 =      0.297,    852.405       
# span 2 =     1.9506,     3.8221       
# span 3 =     1.9509,     3.8195       
# span 4 =   0.442701,   3.240682       
# span 5 =   0.457352,   3.240184       
# span 6 =     1.8658,     2.1954       
# span 7 =     2.2051,     2.6343       
# span 8 =      7.992,      8.076       
# span 9 =     0.8544,     6.5118       
# span 10 =    -2.8130,   482.1870      
# span 11 = 1.0690e-01, 8.9433e-01      
# span 12 =     0.0630,     0.1962      
# span 13 =    95.2129,    98.4377      
# span 14 =     6.3434,     7.6866      
# span 15 =     6.4400,     7.8038      
# span 16 =     4.2229,    34.8210      
# span 17 =     4.3712,    34.8194      
# span 18 =     3.3591,    27.6874      
# span 19 =     3.4781,    27.6865      
# span 20 =    7.31131,    9.25619      
# span 21 = 0.0000e+00, 0.0000e+00      
# interval = scans: 3                   
# start_time = Nov 24 2020 08:58:04 [System UTC, header]
# bad_flag = -9.990e-29
*END*
[from data line 12840]
      42338    317.654     3.7406     3.7362   3.222951   3.222424     1.9274     2.2918      8.008     0.9358   481.3184 1.0715e-01     0.0981    97.5772     6.3885     6.5403    34.7163    34.7147    27.5871    27.5863    7.32405 0.0000e+00
      42341    317.571     3.7404     3.7361   3.222944   3.222435     1.9278     2.2910      8.009     0.9358   481.2790 1.0715e-01     0.0981    97.5772     6.3907     6.5390    34.7164    34.7149    27.5872    27.5865    7.32408 0.0000e+00
      42344    317.490     3.7405     3.7360   3.222935   3.222411     1.9274     2.2922      8.008     0.9358   481.3184 1.0715e-01     0.0981    97.5772     6.3871     6.5456    34.7162    34.7147    27.5871    27.5864    7.32407 0.0000e+00
      42347    317.402     3.7402     3.7360   3.222906   3.222434     1.9274     2.2918      8.008     0.9358   481.3579 1.0715e-01     0.0995    97.5424     6.3854     6.5442    34.7163    34.7150    27.5871    27.5866    7.32412 0.0000e+00
      42350    317.310     3.7406     3.7360   3.222919   3.222412     1.9274     2.2914      8.008     0.9358   481.3184 1.0715e-01     0.1002    97.5250     6.3869     6.5447    34.7160    34.7149    27.5870    27.5865    7.32406 0.0000e+00
      42353    317.215     3.7405     3.7360   3.222905   3.222398     1.9278     2.2906      8.008     0.9257   333.4300 1.0715e-01     0.1002    97.5250     6.3874     6.5413    34.7161    34.7147    27.5869    27.5863    7.32408 0.0000e+00
      42356    317.118     3.7408     3.7360   3.222929   3.222383     1.9278     2.2918      8.008     0.9257    -2.8130 1.0715e-01     0.1002    97.5250     6.3860     6.5447    34.7160    34.7146    27.5869    27.5863    7.32402 0.0000e+00
      42359    317.024     3.7405     3.7361   3.222909   3.222390     1.9278     2.2918      8.008     0.9358    -2.4972 1.0715e-01     0.1002    97.5250     6.3879     6.5458    34.7162    34.7147    27.5871    27.5863    7.32408 0.0000e+00
      42362    316.930     3.7407     3.7361   3.222911   3.222398     1.9274     2.2918      8.009     0.9460    -1.6286 1.0715e-01     0.1002    97.5250     6.3888     6.5474    34.7161    34.7148    27.5870    27.5864    7.32405 0.0000e+00
      42365    316.832     3.7404     3.7361   3.222881   3.222394     1.9282     2.2926      8.009     0.9257    -1.6286 1.0715e-01     0.1002    97.5250     6.3915     6.5473    34.7161    34.7148    27.5870    27.5864    7.32410 0.0000e+00
      42368    316.731     3.7404     3.7361   3.222893   3.222392     1.9270     2.2930      8.008     0.9155    -1.6286 1.0715e-01     0.0999    97.5337     6.3865     6.5483    34.7163    34.7148    27.5871    27.5864    7.32409 0.0000e+00
      42371    316.628     3.7404     3.7361   3.222877   3.222379     1.9282     2.2918      8.008     0.9155    -1.6286 1.0715e-01     0.0992    97.5511     6.3890     6.5453    34.7162    34.7148    27.5870    27.5864    7.32410 0.0000e+00
      42374    316.524     3.7404     3.7360   3.222895   3.222383     1.9278     2.2922      8.009     0.8952    -1.6286 1.0715e-01     0.0992    97.5511     6.3866     6.5478    34.7165    34.7149    27.5873    27.5865    7.32408 0.0000e+00
      42377    316.414     3.7405     3.7360   3.222867   3.222360     1.9278     2.2918      8.008     0.9053    -1.6286 1.0715e-01     0.0992    97.5511     6.3833     6.5438    34.7160    34.7147    27.5869    27.5863    7.32408 0.0000e+00
      42380    316.300     3.7400     3.7358   3.222827   3.222344     1.9282     2.2922      8.008     0.9155   281.5545 1.0715e-01     0.0992    97.5511     6.3856     6.5422    34.7161    34.7148    27.5871    27.5864    7.32417 0.0000e+00
      42383    316.183     3.7401     3.7359   3.222833   3.222332     1.9286     2.2922      8.008     0.8850   481.5948 1.0715e-01     0.0992    97.5511     6.3881     6.5428    34.7162    34.7146    27.5871    27.5863    7.32415 0.0000e+00
      42386    316.068     3.7400     3.7357   3.222819   3.222316     1.9282     2.2918      8.009     0.9155   480.9237 1.0715e-01     0.0995    97.5424     6.3854     6.5400    34.7162    34.7148    27.5871    27.5864    7.32417 0.0000e+00
      42389    315.951     3.7394     3.7356   3.222732   3.222310     1.9278     2.2914      8.008     0.8850   481.3184 1.0715e-01     0.0992    97.5511     6.3839     6.5396    34.7158    34.7148    27.5868    27.5864    7.32429 0.0000e+00
      42392    315.830     3.7392     3.7355   3.222678   3.222267     1.9278     2.2922      8.008     0.8952   481.3184 1.0715e-01     0.0992    97.5511     6.3843     6.5448    34.7155    34.7145    27.5866    27.5862    7.32435 0.0000e+00
      42395    315.708     3.7389     3.7349   3.222662   3.222204     1.9278     2.2922      8.008     0.9053   481.3184 1.0715e-01     0.0992    97.5511     6.3823     6.5453    34.7157    34.7144    27.5868    27.5862    7.32439 0.0000e+00
      42398    315.583     3.7387     3.7345   3.222640   3.222184     1.9274     2.2930      8.008     0.8952   481.3184 1.0715e-01     0.0992    97.5511     6.3793     6.5464    34.7157    34.7147    27.5868    27.5864    7.32443 0.0000e+00
      42401    315.455     3.7385     3.7345   3.222589   3.222144     1.9274     2.2914      8.008     0.8952   481.3579 1.0715e-01     0.0992    97.5511     6.3787     6.5387    34.7154    34.7143    27.5866    27.5861    7.32448 0.0000e+00
      42404    315.325     3.7380     3.7341   3.222535   3.222077     1.9282     2.2922      8.008     0.9053   481.3579 1.0727e-01     0.0992    97.5511     6.3830     6.5399    34.7153    34.7139    27.5865    27.5859    7.32457 0.0000e+00
      42407    315.192     3.7378     3.7337   3.222483   3.222067     1.9282     2.2926      8.009     0.9053   481.3184 1.0715e-01     0.0995    97.5424     6.3837     6.5449    34.7150    34.7143    27.5863    27.5862    7.32462 0.0000e+00
      42410    315.057     3.7366     3.7330   3.222348   3.221924     1.9278     2.2918      8.008     0.8952   481.2790 1.0715e-01     0.0992    97.5511     6.3838     6.5424    34.7147    34.7134    27.5863    27.5856    7.32486 0.0000e+00
      42413    314.919     3.7364     3.7316   3.222304   3.221799     1.9282     2.2930      8.008     0.9053   481.3184 1.0715e-01     0.0992    97.5511     6.3839     6.5432    34.7145    34.7135    27.5861    27.5858    7.32490 0.0000e+00
      42416    314.779     3.7353     3.7316   3.222163   3.221772     1.9282     2.2926      8.008     0.9053   481.2790 1.0715e-01     0.0992    97.5511     6.3851     6.5389    34.7140    34.7132    27.5858    27.5856    7.32512 0.0000e+00
      42419    314.638     3.7345     3.7299   3.222044   3.221521     1.9274     2.2914      8.009     0.9053   481.3184 1.0715e-01     0.0992    97.5511     6.3819     6.5353    34.7135    34.7121    27.5855    27.5849    7.32529 0.0000e+00
      42422    314.498     3.7334     3.7292   3.221922   3.221475     1.9274     2.2918      8.008     0.9155   481.3579 1.0715e-01     0.0992    97.5511     6.3838     6.5376    34.7133    34.7124    27.5854    27.5851    7.32549 0.0000e+00
      42425    314.351     3.7323     3.7290   3.221851   3.221460     1.9282     2.2909      8.008     0.9155   481.3579 1.0715e-01     0.0992    97.5511     6.3840     6.5346    34.7137    34.7125    27.5859    27.5853    7.32568 0.0000e+00
      42428    314.203     3.7321     3.7281   3.221768   3.221316     1.9282     2.2922      8.008     0.9053   481.3579 1.0715e-01     0.0999    97.5337     6.3822     6.5371    34.7130    34.7119    27.5854    27.5848    7.32575 0.0000e+00
      42431    314.060     3.7316     3.7268   3.221705   3.221141     1.9278     2.2938      8.008     0.9053   405.6371 1.0715e-01     0.0992    97.5511     6.3816     6.5448    34.7129    34.7112    27.5853    27.5845    7.32585 0.0000e+00
      42434    313.914     3.7313     3.7261   3.221613   3.221085     1.9270     2.2909      8.008     0.9155     8.4780 1.0715e-01     0.0999    97.5337     6.3791     6.5343    34.7121    34.7113    27.5847    27.5846    7.32593 0.0000e+00
      42437    313.769     3.7302     3.7259   3.221524   3.221057     1.9278     2.2918      8.008     0.9053     4.6485 1.0715e-01     0.0995    97.5424     6.3833     6.5392    34.7123    34.7113    27.5850    27.5846    7.32612 0.0000e+00
      42440    313.623     3.7296     3.7261   3.221480   3.221089     1.9282     2.2914      8.008     0.8952     5.5566 1.0715e-01     0.0995    97.5424     6.3866     6.5415    34.7125    34.7115    27.5852    27.5848    7.32622 0.0000e+00
      42443    313.477     3.7293     3.7260   3.221435   3.221036     1.9282     2.2922      8.008     0.8952     5.4776 1.0715e-01     0.0992    97.5511     6.3874     6.5445    34.7124    34.7111    27.5851    27.5845    7.32629 0.0000e+00
      42446    313.330     3.7292     3.7252   3.221452   3.220967     1.9282     2.2918      8.008     0.9257     5.4776 1.0715e-01     0.0995    97.5424     6.3866     6.5411    34.7127    34.7112    27.5855    27.5846    7.32629 0.0000e+00
      42449    313.187     3.7294     3.7256   3.221440   3.220994     1.9274     2.2914      8.008     0.9358     5.5171 1.0715e-01     0.1002    97.5250     6.3820     6.5392    34.7124    34.7112    27.5852    27.5846    7.32626 0.0000e+00
      42452    313.045     3.7293     3.7251   3.221403   3.220923     1.9274     2.2918      8.008     0.9257     5.4776 1.0715e-01     0.1002    97.5250     6.3825     6.5387    34.7122    34.7109    27.5850    27.5844    7.32630 0.0000e+00
      42455    312.905     3.7291     3.7248   3.221381   3.220884     1.9282     2.2922      8.008     0.9358     5.4776 1.0715e-01     0.1002    97.5250     6.3853     6.5431    34.7122    34.7109    27.5851    27.5844    7.32633 0.0000e+00
      42458    312.770     3.7290     3.7245   3.221379   3.220841     1.9278     2.2914      8.008     0.9257     7.7674 1.0715e-01     0.1002    97.5250     6.3832     6.5422    34.7124    34.7107    27.5852    27.5843    7.32634 0.0000e+00
      42461    312.634     3.7288     3.7244   3.221326   3.220825     1.9282     2.2930      8.009     0.9257    11.1231 1.0715e-01     0.1002    97.5250     6.3833     6.5461    34.7121    34.7107    27.5849    27.5843    7.32639 0.0000e+00
      42464    312.501     3.7290     3.7246   3.221341   3.220851     1.9278     2.2922      8.008     0.9358    11.0046 1.0715e-01     0.1002    97.5250     6.3832     6.5429    34.7121    34.7109    27.5850    27.5844    7.32636 0.0000e+00
      42467    312.373     3.7288     3.7249   3.221311   3.220886     1.9282     2.2914      8.008     0.9460    10.9652 1.0715e-01     0.1006    97.5163     6.3863     6.5418    34.7120    34.7111    27.5849    27.5846    7.32640 0.0000e+00
      42470    312.249     3.7286     3.7244   3.221307   3.220807     1.9278     2.2918      8.008     0.9155    10.9652 1.0715e-01     0.1002    97.5250     6.3855     6.5444    34.7123    34.7108    27.5851    27.5843    7.32642 0.0000e+00
      42473    312.125     3.7288     3.7240   3.221279   3.220746     1.9282     2.2918      8.008     0.9358    10.9257 1.0715e-01     0.1002    97.5250     6.3858     6.5432    34.7117    34.7105    27.5847    27.5842    7.32640 0.0000e+00
      42476    312.005     3.7286     3.7238   3.221236   3.220747     1.9274     2.2926      8.008     0.9358    10.9652 1.0715e-01     0.1002    97.5250     6.3786     6.5454    34.7115    34.7108    27.5846    27.5844    7.32646 0.0000e+00
      42479    311.893     3.7283     3.7238   3.221245   3.220747     1.9278     2.2918      8.008     0.9155    11.0046 1.0715e-01     0.1002    97.5250     6.3790     6.5416    34.7120    34.7109    27.5849    27.5845    7.32648 0.0000e+00
      42482    311.786     3.7281     3.7239   3.221208   3.220747     1.9274     2.2918      8.008     0.9358    10.9257 1.0715e-01     0.1002    97.5250     6.3779     6.5416    34.7118    34.7108    27.5848    27.5844    7.32653 0.0000e+00
      42485    311.685     3.7279     3.7243   3.221192   3.220793     1.9290     2.2918      8.008     0.9358   330.7059 1.0715e-01     0.1002    97.5250     6.3845     6.5419    34.7119    34.7110    27.5849    27.5846    7.32656 0.0000e+00
      42488    311.586     3.7288     3.7250   3.221314   3.220883     1.9282     2.2926      8.008     0.9257   481.9896 1.0715e-01     0.1002    97.5250     6.3801     6.5472    34.7124    34.7114    27.5852    27.5848    7.32637 0.0000e+00
      42491    311.491     3.7287     3.7258   3.221216   3.220955     1.9282     2.2934      8.008     0.9358   480.9237 1.0715e-01     0.1002    97.5250     6.3817     6.5492    34.7115    34.7114    27.5845    27.5847    7.32644 0.0000e+00
      42494    311.403     3.7288     3.7257   3.221281   3.220860     1.9274     2.2918      8.008     0.9257   481.3579 1.0715e-01     0.1002    97.5250     6.3786     6.5415    34.7122    34.7104    27.5851    27.5839    7.32639 0.0000e+00
      42497    311.321     3.7281     3.7262   3.221207   3.220957     1.9278     2.2918      8.008     0.9257   481.3184 1.0715e-01     0.1002    97.5250     6.3806     6.5404    34.7121    34.7111    27.5850    27.5845    7.32652 0.0000e+00
      42500    311.243     3.7281     3.7265   3.221259   3.221026     1.9270     2.2926      8.008     0.8952   481.2395 1.0715e-01     0.1002    97.5250     6.3776     6.5431    34.7127    34.7117    27.5856    27.5848    7.32648 0.0000e+00
      42503    311.171     3.7270     3.7265   3.221057   3.221019     1.9278     2.2918      8.008     0.9155   481.2790 1.0715e-01     0.1002    97.5250     6.3786     6.5410    34.7115    34.7116    27.5847    27.5848    7.32674 0.0000e+00
      42506    311.102     3.7272     3.7271   3.221152   3.221110     1.9278     2.2926      8.008     0.8850   481.3184 1.0715e-01     0.1002    97.5250     6.3794     6.5436    34.7125    34.7122    27.5855    27.5852    7.32666 0.0000e+00
      42509    311.034     3.7279     3.7275   3.221152   3.221133     1.9278     2.2926      8.008     0.9155   464.1845 1.0715e-01     0.1009    97.5076     6.3776     6.5450    34.7118    34.7120    27.5848    27.5850    7.32657 0.0000e+00
      42512    310.967     3.7277     3.7283   3.221214   3.221190     1.9274     2.2922      8.008     0.8952    42.0747 1.0715e-01     0.1020    97.4815     6.3792     6.5436    34.7128    34.7119    27.5857    27.5849    7.32656 0.0000e+00
      42515    310.907     3.7299     3.7273   3.221414   3.221086     1.9286     2.2926      8.008     0.8952     3.6616 1.0715e-01     0.1017    97.4902     6.3862     6.5447    34.7129    34.7117    27.5855    27.5848    7.32616 0.0000e+00
      42518    310.848     3.7284     3.7274   3.221088   3.221107     1.9274     2.2918      8.008     0.9053     6.3066 1.0715e-01     0.1017    97.4902     6.3805     6.5431    34.7105    34.7119    27.5838    27.5849    7.32653 0.0000e+00
      42521    310.792     3.7252     3.7260   3.220791   3.220819     1.9282     2.2922      8.008     0.9053     6.1882 1.0715e-01     0.1020    97.4815     6.3826     6.5445    34.7105    34.7100    27.5841    27.5836    7.32712 0.0000e+00
      42524    310.734     3.7265     3.7234   3.221008   3.220601     1.9274     2.2930      8.008     0.9257     6.1882 1.0715e-01     0.1013    97.4989     6.3780     6.5472    34.7117    34.7102    27.5849    27.5840    7.32683 0.0000e+00
      42527    310.675     3.7253     3.7227   3.220727   3.220583     1.9278     2.2922      8.008     0.9460     6.1882 1.0715e-01     0.1020    97.4815     6.3787     6.5420    34.7097    34.7107    27.5834    27.5844    7.32715 0.0000e+00
      42530    310.616     3.7241     3.7245   3.220689   3.220770     1.9278     2.2930      8.008     0.9358     6.1882 1.0715e-01     0.1017    97.4902     6.3784     6.5428    34.7105    34.7110    27.5842    27.5845    7.32732 0.0000e+00
