Datasets/AZMP/HUD120/hud120_2020_007.cnv
* Sea-Bird SBE 9 Data File:
* FileName = C:\CTDDATA\hud120_2020_007.hex
* Software Version Seasave V 7.26.7.110
* Temperature SN = 1697
* Conductivity SN = 4216
* Number of Bytes Per Scan = 30
* Number of Voltage Words = 4
* Number of Scans Averaged by the Deck Unit = 1
* NMEA baud rate = 4800
** VESSEL/TRIP/SEQ STN:  hud120_2020_007
** LATITUDE XX XX.XX: 46 46.42 N
** LONGITUDE XX XX.XX: 055 37.14 W
** SOUNDING DEPTH (M): 0097
** PROBE TYPE: S1146
** CTD NUMBER: 003
** FORMAT: V
** COMMENTS (14 CHAR): SWSPB-01
** BOTTLES:  8
** LEVELS: 5,10,20,30,40,50,75,BTM
** STICKERS: 439520 - 439527
** VNET: Y
** DO2: N
# nquan = 22
# nvalues = 2165                        
# units = specified
# name 0 = scan: Scan Count
# name 1 = prDM: Pressure, Digiquartz [db]
# name 2 = t090C: Temperature [ITS-90, deg C]
# name 3 = t190C: Temperature, 2 [ITS-90, deg C]
# name 4 = c0S/m: Conductivity [S/m]
# name 5 = c1S/m: Conductivity, 2 [S/m]
# name 6 = sbeox0V: Oxygen raw, SBE 43 [V]
# name 7 = sbeox1V: Oxygen raw, SBE 43, 2 [V]
# name 8 = ph: pH
# name 9 = flECO-AFL: Fluorescence, WET Labs ECO-AFL/FL [mg/m^3]
# name 10 = wetCDOM: Fluorescence, WET Labs CDOM [mg/m^3]
# name 11 = par/sat/log: PAR/Logarithmic, Satlantic [umol photons/m^2/sec]
# name 12 = CStarAt0: Beam Attenuation, WET Labs C-Star [1/m]
# name 13 = CStarTr0: Beam Transmission, WET Labs C-Star [%]
# name 14 = sbeox0ML/L: Oxygen, SBE 43 [ml/l], WS = 2
# name 15 = sbeox1ML/L: Oxygen, SBE 43, 2 [ml/l], WS = 2
# name 16 = sal00: Salinity, Practical [PSU]
# name 17 = sal11: Salinity, Practical, 2 [PSU]
# name 18 = sigma-t00: Density [sigma-t, kg/m^3 ]
# name 19 = sigma-t11: Density, 2 [sigma-t, kg/m^3 ]
# name 20 = oxsatML/L: Oxygen Saturation, Weiss [ml/l]
# name 21 = flag: flag
# span 0 =         16,      27217       
# span 1 =      2.102,     92.750       
# span 2 =     0.5824,     8.1584       
# span 3 =     0.5775,     8.1515       
# span 4 =   2.762277,   3.331718       
# span 5 =   2.761956,   3.331412       
# span 6 =     2.0790,     2.2339       
# span 7 =     2.4754,     2.6674       
# span 8 =      7.927,      8.078       
# span 9 =     1.1394,     7.5394       
# span 10 =    -2.8130,   482.1870      
# span 11 = 1.0678e-01, 6.8294e-01      
# span 12 =     0.0995,     0.2622      
# span 13 =    93.6569,    97.5424      
# span 14 =     6.6899,     7.6907      
# span 15 =     6.6048,     7.8452      
# span 16 =    31.7337,    32.4630      
# span 17 =    31.7330,    32.4609      
# span 18 =    24.7030,    26.0271      
# span 19 =    24.7088,    26.0261      
# span 20 =    6.72268,    8.06089      
# span 21 = 0.0000e+00, 0.0000e+00      
# interval = scans: 3                   
# start_time = Nov 10 2020 20:42:35 [System UTC, header]
# bad_flag = -9.990e-29
*END*
         16      2.102     7.9734     7.9724   3.315816   3.316006     2.2173     2.5714      8.054     5.2195     7.3726 4.1388e-01     0.2502    93.9351     6.7200     6.6408    31.7608    31.7637    24.7346    24.7371    6.75097 0.0000e+00
         19      2.140     7.9756     7.9790   3.316163   3.316588     2.2177     2.5714      8.058     5.2398    12.7417 4.0022e-01     0.2506    93.9264     6.7213     6.6398    31.7625    31.7639    24.7357    24.7363    6.75056 0.0000e+00
         22      2.195     7.9800     7.9851   3.316596   3.316999     2.2186     2.5714      8.057     5.2297    12.5838 3.1924e-01     0.2514    93.9090     6.7239     6.6390    31.7631    31.7627    24.7355    24.7345    6.74986 0.0000e+00
         25      2.265     7.9872     7.9882   3.317206   3.317253     2.2182     2.5726      8.057     5.2297    12.5838 3.6107e-01     0.2555    93.8134     6.7358     6.6560    31.7629    31.7625    24.7343    24.7339    6.74874 0.0000e+00
         28      2.346     7.9932     7.9930   3.317785   3.317821     2.2182     2.5726      8.058     5.2398    12.5838 3.6015e-01     0.2555    93.8134     6.7423     6.6621    31.7636    31.7642    24.7340    24.7345    6.74778 0.0000e+00
         31      2.438     8.0033     8.0124   3.318635   3.319562     2.2190     2.5726      8.057     5.2297    12.5838 4.4203e-01     0.2558    93.8047     6.7456     6.6592    31.7634    31.7650    24.7324    24.7324    6.74623 0.0000e+00
         34      2.535     8.0024     8.0143   3.318234   3.319091     2.2194     2.5726      8.055     5.2399    12.5443 4.7231e-01     0.2558    93.8047     6.7485     6.6608    31.7599    31.7582    24.7298    24.7268    6.74652 0.0000e+00
         37      2.636     8.0029     8.0009   3.318436   3.317852     2.2194     2.5739      8.055     5.3619    12.5838 4.0913e-01     0.2558    93.8047     6.7470     6.6663    31.7616    31.7572    24.7311    24.7279    6.74637 0.0000e+00
         40      2.734     7.9974     7.9884   3.317676   3.317006     2.2206     2.5735      8.055     5.3619   230.4291 3.6762e-01     0.2558    93.8047     6.7508     6.6651    31.7584    31.7595    24.7294    24.7315    6.74735 0.0000e+00
         43      2.834     7.9924     7.9840   3.317476   3.317049     2.2198     2.5739      8.058     5.3518   482.1870 2.4719e-01     0.2555    93.8134     6.7457     6.6654    31.7608    31.7639    24.7320    24.7356    6.74803 0.0000e+00
         46      2.930     7.9897     7.9915   3.317368   3.317657     2.2206     2.5739      8.057     5.3721   481.0816 2.1198e-01     0.2540    93.8482     6.7465     6.6619    31.7620    31.7635    24.7333    24.7342    6.74839 0.0000e+00
         49      3.019     7.9946     7.9966   3.317962   3.318010     2.2202     2.5751      8.055     5.3518   481.3579 2.4964e-01     0.2540    93.8482     6.7417     6.6618    31.7639    31.7626    24.7340    24.7328    6.74755 0.0000e+00
         52      3.103     7.9986     8.0000   3.318150   3.318290     2.2202     2.5739      8.058     5.3619   481.3579 3.5293e-01     0.2540    93.8482     6.7373     6.6548    31.7622    31.7625    24.7322    24.7322    6.74701 0.0000e+00
         55      3.178     7.9982     8.0017   3.318157   3.318462     2.2222     2.5755      8.057     5.3416   481.3184 3.5100e-01     0.2540    93.8482     6.7410     6.6559    31.7627    31.7627    24.7326    24.7322    6.74705 0.0000e+00
         58      3.244     8.0015     8.0034   3.318460   3.318486     2.2214     2.5759      8.058     5.3518   481.3579 2.5908e-01     0.2540    93.8482     6.7328     6.6518    31.7628    31.7614    24.7322    24.7308    6.74653 0.0000e+00
         61      3.304     8.0044     8.0015   3.318636   3.318357     2.2206     2.5751      8.058     5.4230   481.3579 2.3553e-01     0.2540    93.8482     6.7248     6.6438    31.7620    31.7617    24.7312    24.7313    6.74611 0.0000e+00
         64      3.358     8.0039     8.0003   3.318627   3.318292     2.2218     2.5751      8.058     5.5960   481.3579 2.2175e-01     0.2588    93.7352     6.7254     6.6390    31.7624    31.7621    24.7316    24.7318    6.74618 0.0000e+00
         67      3.406     8.0015     8.0013   3.318464   3.318388     2.2198     2.5747      8.057     5.5960   134.1793 2.3768e-01     0.2618    93.6656     6.7154     6.6331    31.7628    31.7622    24.7323    24.7318    6.74654 0.0000e+00
         70      3.446     8.0016     8.0002   3.318600   3.318194     2.2206     2.5747      8.058     5.5960    14.6762 3.3583e-01     0.2618    93.6656     6.7156     6.6297    31.7641    31.7611    24.7332    24.7311    6.74646 0.0000e+00
         73      3.477     8.0040     7.9976   3.318747   3.317954     2.2202     2.5743      8.058     5.5960    19.6901 3.2533e-01     0.2610    93.6830     6.7116     6.6244    31.7635    31.7609    24.7324    24.7313    6.74612 0.0000e+00
        512      3.503     8.0233     8.0405   3.321056   3.321283     2.2230     2.5714      8.058     5.3823   323.5997 3.2293e-01     0.2484    93.9785     6.7456     6.6426    31.7705    31.7573    24.7352    24.7223    6.74283 0.0000e+00
        991      3.532     7.9665     7.9697   3.315212   3.315777     2.2190     2.5710      8.058     5.4332     9.8203 1.8264e-01     0.2533    93.8655     6.7355     6.6277    31.7600    31.7631    24.7351    24.7370    6.75208 0.0000e+00
        994      3.565     7.9672     7.9740   3.315605   3.316170     2.2198     2.5702      8.058     5.4332     9.8203 2.6040e-01     0.2521    93.8916     6.7389     6.6238    31.7635    31.7633    24.7377    24.7366    6.75182 0.0000e+00
        997      3.592     7.9693     7.9742   3.315764   3.315983     2.2202     2.5706      8.058     5.4332     9.7808 1.9368e-01     0.2517    93.9003     6.7378     6.6242    31.7633    31.7612    24.7372    24.7349    6.75150 0.0000e+00
       1017      3.618     7.9816     7.9862   3.316740   3.317069     2.2198     2.5694      8.058     5.5248   167.0258 2.1792e-01     0.2525    93.8829     6.7312     6.6241    31.7625    31.7618    24.7348    24.7336    6.74963 0.0000e+00
       1055      3.661     8.0067     8.0106   3.318756   3.319121     2.2194     2.5678      8.058     5.7283   481.3579 2.3966e-01     0.2510    93.9177     6.7192     6.6311    31.7611    31.7614    24.7302    24.7298    6.74581 0.0000e+00
       1058      3.710     8.0078     8.0107   3.318807   3.319138     2.2194     2.5678      8.058     6.1454   481.3579 2.5989e-01     0.2506    93.9264     6.7195     6.6329    31.7606    31.7615    24.7296    24.7299    6.74566 0.0000e+00
       1061      3.769     8.0083     8.0080   3.318829   3.318675     2.2194     2.5674      8.058     6.1455   317.2041 3.2018e-01     0.2506    93.9264     6.7202     6.6320    31.7603    31.7590    24.7293    24.7283    6.74559 0.0000e+00
       1064      3.833     8.0055     8.0051   3.318669   3.318614     2.2186     2.5682      8.058     6.1556    -2.8130 1.6611e-01     0.2506    93.9264     6.7173     6.6358    31.7611    31.7609    24.7303    24.7302    6.74598 0.0000e+00
       1067      3.899     8.0137     8.0030   3.319612   3.318347     2.2190     2.5682      8.058     6.1353     2.3587 1.7790e-01     0.2506    93.9264     6.7183     6.6359    31.7637    31.7600    24.7312    24.7298    6.74461 0.0000e+00
       1070      3.968     8.0188     7.9969   3.319904   3.317803     2.2202     2.5678      8.058     6.1556     2.6746 1.4013e-01     0.2506    93.9264     6.7218     6.6340    31.7622    31.7596    24.7292    24.7304    6.74389 0.0000e+00
       1073      4.044     8.0373     7.9950   3.322081   3.318319     2.2186     2.5686      8.058     6.1455     2.6746 1.7558e-01     0.2513    93.9090     6.7095     6.6354    31.7684    31.7669    24.7315    24.7363    6.74075 0.0000e+00
       1076      4.120     8.0610     8.0435   3.323911   3.322837     2.2186     2.5690      8.058     6.1353     2.6351 1.6317e-01     0.2517    93.9003     6.7041     6.6273    31.7663    31.7707    24.7264    24.7324    6.73718 0.0000e+00
       1079      4.194     8.0609     8.0551   3.323158   3.322908     2.2186     2.5690      8.058     6.1455     2.6351 1.9267e-01     0.2517    93.9003     6.7036     6.6253    31.7583    31.7610    24.7202    24.7231    6.73754 0.0000e+00
       1082      4.266     8.0516     8.0468   3.322288   3.321885     2.2198     2.5690      8.058     5.8707     2.6351 1.4914e-01     0.2517    93.9003     6.7084     6.6247    31.7575    31.7576    24.7209    24.7216    6.73901 0.0000e+00
       1085      4.345     8.0580     8.0548   3.323658   3.323302     2.2194     2.5690      8.058     5.3721     2.6351 1.2562e-01     0.2517    93.9003     6.7043     6.6197    31.7662    31.7653    24.7268    24.7265    6.73765 0.0000e+00
       1088      4.418     8.0685     8.0661   3.324220   3.323497     2.2186     2.5686      8.058     5.3925     6.8199 2.2676e-01     0.2517    93.9003     6.6985     6.6134    31.7626    31.7571    24.7224    24.7185    6.73618 0.0000e+00
       1091      4.493     8.0764     8.0627   3.324871   3.323537     2.2194     2.5682      8.058     5.3721     9.5834 1.2515e-01     0.2517    93.9003     6.6996     6.6118    31.7623    31.7605    24.7211    24.7217    6.73498 0.0000e+00
       1094      4.568     8.0717     8.0624   3.324182   3.323207     2.2182     2.5674      8.058     5.3823     9.5045 1.1903e-01     0.2565    93.7873     6.6958     6.6070    31.7592    31.7573    24.7193    24.7192    6.73583 0.0000e+00
       1097      4.640     8.0627     8.0551   3.323461   3.322841     2.2173     2.5682      8.058     5.4027     9.4255 1.1949e-01     0.2606    93.6917     6.6944     6.6077    31.7597    31.7600    24.7210    24.7223    6.73720 0.0000e+00
       1100      4.709     8.0531     8.0526   3.322675   3.322763     2.2177     2.5690      8.058     5.3925     9.4650 1.4343e-01     0.2606    93.6917     6.6967     6.6099    31.7600    31.7615    24.7227    24.7239    6.73867 0.0000e+00
       1103      4.774     8.0506     8.0521   3.322703   3.322584     2.2173     2.5686      8.058     5.3823     9.5045 2.0550e-01     0.2606    93.6917     6.6953     6.6086    31.7626    31.7599    24.7250    24.7227    6.73895 0.0000e+00
       1106      4.840     8.0524     8.0447   3.322758   3.321577     2.2169     2.5669      8.058     5.4027     9.5045 2.0211e-01     0.2606    93.6917     6.6945     6.6048    31.7614    31.7560    24.7239    24.7207    6.73871 0.0000e+00
       1109      4.910     8.0502     8.0394   3.322596   3.321314     2.2173     2.5669      8.058     5.5655     9.5045 1.3259e-01     0.2606    93.6917     6.6986     6.6054    31.7617    31.7580    24.7244    24.7231    6.73905 0.0000e+00
       1112      4.972     8.0495     8.0324   3.322608   3.320815     2.2173     2.5665      8.060     5.6876    12.6628 1.1869e-01     0.2610    93.6830     6.6999     6.6052    31.7625    31.7590    24.7251    24.7249    6.73912 0.0000e+00
       1115      5.029     8.0506     8.0237   3.322644   3.320301     2.2177     2.5678      8.060     5.6876   420.4813 1.1180e-01     0.2543    93.8395     6.7046     6.6117    31.7618    31.7614    24.7244    24.7280    6.73898 0.0000e+00
       1118      5.085     8.0506     8.0275   3.322657   3.320712     2.2169     2.5661      8.058     5.6774   481.5159 1.0740e-01     0.2525    93.8829     6.7076     6.6066    31.7619    31.7623    24.7245    24.7281    6.73897 0.0000e+00
       1121      5.137     8.0493     8.0269   3.322410   3.320547     2.2165     2.5665      8.058     5.6876   481.0816 1.1122e-01     0.2525    93.8829     6.7069     6.6085    31.7605    31.7610    24.7236    24.7272    6.73924 0.0000e+00
       1124      5.189     8.0462     8.0225   3.322260   3.320067     2.2173     2.5665      8.060     5.7079   481.3579 1.4586e-01     0.2529    93.8742     6.7131     6.6101    31.7616    31.7600    24.7249    24.7270    6.73966 0.0000e+00
       1127      5.235     8.0470     8.0206   3.322183   3.320084     2.2169     2.5661      8.060     5.6774   481.3579 1.1853e-01     0.2521    93.8916     6.7115     6.6111    31.7602    31.7618    24.7236    24.7287    6.73961 0.0000e+00
       1130      5.276     8.0469     8.0242   3.322030   3.320542     2.2173     2.5665      8.058     5.6876   481.3579 1.1257e-01     0.2525    93.8829     6.7127     6.6127    31.7586    31.7634    24.7224    24.7294    6.73969 0.0000e+00
       1133      5.317     8.0363     8.0284   3.320999   3.320884     2.2165     2.5653      8.058     5.6876   481.3579 1.0678e-01     0.2533    93.8655     6.7102     6.6065    31.7573    31.7632    24.7229    24.7287    6.74139 0.0000e+00
       1136      5.354     8.0206     8.0307   3.319218   3.320795     2.2165     2.5657      8.058     6.1963   481.3579 1.0715e-01     0.2569    93.7786     6.7112     6.6057    31.7526    31.7601    24.7215    24.7259    6.74402 0.0000e+00
       1139      5.386     8.0129     8.0242   3.318629   3.319873     2.2182     2.5665      8.058     6.2777   402.7157 1.0690e-01     0.2573    93.7699     6.7166     6.6086    31.7533    31.7562    24.7231    24.7238    6.74518 0.0000e+00
       1142      5.415     8.0049     8.0164   3.318653   3.319616     2.2181     2.5665      8.058     6.2574    11.0836 1.0715e-01     0.2573    93.7699     6.7170     6.6100    31.7608    31.7606    24.7301    24.7284    6.74609 0.0000e+00
       1145      5.444     7.9921     8.0154   3.318534   3.319323     2.2173     2.5661      8.060     6.2574    12.8207 1.0715e-01     0.2573    93.7699     6.7122     6.6067    31.7711    31.7584    24.7401    24.7268    6.74762 0.0000e+00
       1148      5.471     7.9885     8.0091   3.318120   3.318682     2.2182     2.5653      8.058     6.2574    12.8207 1.0715e-01     0.2573    93.7699     6.7140     6.6048    31.7700    31.7573    24.7398    24.7268    6.74823 0.0000e+00
       1151      5.496     7.9930     8.0075   3.318438   3.318989     2.2169     2.5653      8.058     6.2676    12.8207 1.0715e-01     0.2573    93.7699     6.7091     6.6060    31.7693    31.7620    24.7385    24.7307    6.74757 0.0000e+00
       1154      5.520     7.9907     8.0031   3.319036   3.318276     2.2169     2.5649      8.058     6.2472    12.8207 1.0715e-01     0.2555    93.8134     6.7087     6.6077    31.7777    31.7584    24.7455    24.7285    6.74755 0.0000e+00
       1157      5.543     7.9982     7.9958   3.319109   3.318271     2.2169     2.5641      8.058     6.2676    12.8207 1.0715e-01     0.2517    93.9003     6.7073     6.6083    31.7717    31.7650    24.7397    24.7347    6.74666 0.0000e+00
       1160      5.571     7.9938     7.9970   3.318538   3.318554     2.2153     2.5641      8.058     6.3693    12.8207 1.0703e-01     0.2517    93.9003     6.7035     6.6099    31.7696    31.7669    24.7386    24.7360    6.74743 0.0000e+00
       1163      5.601     7.9913     7.9996   3.317980   3.318311     2.2161     2.5641      8.058     6.7559    12.7812 1.0703e-01     0.2517    93.9003     6.7108     6.6136    31.7660    31.7619    24.7361    24.7318    6.74798 0.0000e+00
       1166      5.636     7.9959     7.9991   3.318394   3.318015     2.2157     2.5641      8.058     6.7458   211.7161 1.0690e-01     0.2517    93.9003     6.7165     6.6185    31.7661    31.7592    24.7356    24.7297    6.74725 0.0000e+00
       1169      5.674     8.0019     7.9965   3.318623   3.318581     2.2153     2.5629      8.058     6.7560   482.1870 1.0715e-01     0.2517    93.9003     6.7193     6.6207    31.7631    31.7676    24.7324    24.7367    6.74646 0.0000e+00
       1172      5.713     8.0003     8.0046   3.318501   3.318730     2.2165     2.5641      8.058     6.7560   481.2001 1.0715e-01     0.2517    93.9003     6.7294     6.6294    31.7633    31.7617    24.7328    24.7309    6.74670 0.0000e+00
