Datasets/AZMP/HUD120/hud120_2020_076.cnv
* Sea-Bird SBE 9 Data File:
* FileName = C:\CTDDATA\hud120_2020_076.hex
* Software Version Seasave V 7.26.7.110
* Temperature SN = 1697
* Conductivity SN = 4216
* Number of Bytes Per Scan = 30
* Number of Voltage Words = 4
* Number of Scans Averaged by the Deck Unit = 1
* NMEA baud rate = 4800
** VESSEL/TRIP/SEQ STN:  hud120_2020_076
** LATITUDE XX XX.XX: 47 00.00 N
** LONGITUDE XX XX.XX: 051 29.10 W
** SOUNDING DEPTH (M): 0102
** PROBE TYPE: S1146
** CTD NUMBER: 055
** FORMAT: V
** COMMENTS (14 CHAR): FC-06
** BOTTLES:  8
** LEVELS: 5,10,20,30,40,50,75,BTM
** STICKERS: 439875 - 439882
** VNET: Y
** DO2: Y
# nquan = 22
# nvalues = 2122                        
# units = specified
# name 0 = scan: Scan Count
# name 1 = prDM: Pressure, Digiquartz [db]
# name 2 = t090C: Temperature [ITS-90, deg C]
# name 3 = t190C: Temperature, 2 [ITS-90, deg C]
# name 4 = c0S/m: Conductivity [S/m]
# name 5 = c1S/m: Conductivity, 2 [S/m]
# name 6 = sbeox0V: Oxygen raw, SBE 43 [V]
# name 7 = sbeox1V: Oxygen raw, SBE 43, 2 [V]
# name 8 = ph: pH
# name 9 = flECO-AFL: Fluorescence, WET Labs ECO-AFL/FL [mg/m^3]
# name 10 = wetCDOM: Fluorescence, WET Labs CDOM [mg/m^3]
# name 11 = par/sat/log: PAR/Logarithmic, Satlantic [umol photons/m^2/sec]
# name 12 = CStarAt0: Beam Attenuation, WET Labs C-Star [1/m]
# name 13 = CStarTr0: Beam Transmission, WET Labs C-Star [%]
# name 14 = sbeox0ML/L: Oxygen, SBE 43 [ml/l], WS = 2
# name 15 = sbeox1ML/L: Oxygen, SBE 43, 2 [ml/l], WS = 2
# name 16 = sal00: Salinity, Practical [PSU]
# name 17 = sal11: Salinity, Practical, 2 [PSU]
# name 18 = sigma-t00: Density [sigma-t, kg/m^3 ]
# name 19 = sigma-t11: Density, 2 [sigma-t, kg/m^3 ]
# name 20 = oxsatML/L: Oxygen Saturation, Weiss [ml/l]
# name 21 = flag: flag
# span 0 =         51,      29415       
# span 1 =      0.449,     96.953       
# span 2 =    -0.1148,     4.8056       
# span 3 =    -0.1301,     4.8010       
# span 4 =   1.122215,   3.056235       
# span 5 =   0.979551,   3.055825       
# span 6 =     1.7550,     2.2257       
# span 7 =     2.0725,     2.6275       
# span 8 =      7.894,      8.147       
# span 9 =     1.1394,     3.8967       
# span 10 =    -2.8130,   482.1870      
# span 11 = 1.0519e-01, 9.4490e-01      
# span 12 =     0.1210,     0.5503      
# span 13 =    87.1464,    97.0208      
# span 14 =     5.7093,     7.4359      
# span 15 =     5.8336,     7.4092      
# span 16 =    10.7032,    33.0397      
# span 17 =     9.2452,    33.0496      
# span 18 =     8.4755,    26.5290      
# span 19 =     7.3219,    26.5379      
# span 20 =    7.27356,    8.37358      
# span 21 = 0.0000e+00, 0.0000e+00      
# interval = scans: 3                   
# start_time = Nov 26 2020 07:41:08 [System UTC, header]
# bad_flag = -9.990e-29
*END*
[from data line 1186]
       8266     76.241     0.1659     0.1666   2.767272   2.767088     1.8087     2.1417      7.914     1.1902    14.1235 1.0727e-01     0.2406    94.1611     6.3618     6.4940    32.9672    32.9640    26.4573    26.4547    8.12162 0.0000e+00
       8269     76.181     0.1712     0.1668   2.767515   2.767204     1.8083     2.1417      7.914     1.1902    14.1235 1.0715e-01     0.2407    94.1611     6.3625     6.4944    32.9648    32.9653    26.4550    26.4557    8.12061 0.0000e+00
       8272     76.127     0.1715     0.1692   2.767519   2.767346     1.8087     2.1417      7.914     1.1800    14.1235 1.0715e-01     0.2407    94.1611     6.3661     6.4930    32.9645    32.9648    26.4548    26.4551    8.12055 0.0000e+00
       8275     76.078     0.1695     0.1684   2.767528   2.767246     1.8087     2.1417      7.914     1.1902    14.1235 1.0715e-01     0.2407    94.1611     6.3694     6.4916    32.9668    32.9643    26.4568    26.4547    8.12086 0.0000e+00
       8278     76.037     0.1740     0.1654   2.767858   2.766886     1.8096     2.1409      7.914     1.2004    54.2342 1.0715e-01     0.2407    94.1611     6.3749     6.4889    32.9663    32.9628    26.4561    26.4537    8.11992 0.0000e+00
       8281     76.006     0.1779     0.1454   2.768043   2.765470     1.8079     2.1405      7.914     1.1902   457.6310 1.0715e-01     0.2407    94.1611     6.3651     6.4926    32.9646    32.9657    26.4545    26.4571    8.11918 0.0000e+00
       8284     75.981     0.1794     0.1305   2.767995   2.764623     1.8079     2.1405      7.914     1.1800   481.5159 1.0715e-01     0.2337    94.3263     6.3667     6.4961    32.9624    32.9706    26.4527    26.4617    8.11898 0.0000e+00
       8308     75.951     0.1533     0.1204   2.766169   2.763824     1.8075     2.1413      7.914     1.2207   322.9680 1.0715e-01     0.2278    94.4653     6.3742     6.5139    32.9664    32.9710    26.4572    26.4626    8.12437 0.0000e+00
       8352     75.916     0.1086     0.1070   2.762947   2.762834     1.8096     2.1417      7.914     1.2818     6.6620 1.0715e-01     0.2377    94.2306     6.4008     6.5416    32.9722    32.9724    26.4641    26.4644    8.13372 0.0000e+00
       8355     75.891     0.1080     0.1062   2.762872   2.762726     1.8087     2.1417      7.914     1.2818     6.6620 1.0727e-01     0.2373    94.2393     6.3927     6.5416    32.9719    32.9719    26.4639    26.4640    8.13386 0.0000e+00
       8358     75.864     0.1084     0.1035   2.762974   2.762518     1.8087     2.1417      7.914     1.2818   249.4975 1.0727e-01     0.2377    94.2306     6.3897     6.5387    32.9728    32.9721    26.4646    26.4642    8.13372 0.0000e+00
       8361     75.828     0.1088     0.1031   2.762986   2.762507     1.8079     2.1417      7.914     1.2716   482.1870 1.0715e-01     0.2377    94.2306     6.3861     6.5373    32.9725    32.9724    26.4643    26.4646    8.13364 0.0000e+00
       8364     75.786     0.1088     0.1025   2.762947   2.762683     1.8083     2.1413      7.914     1.2818   480.9632 1.0715e-01     0.2369    94.2480     6.3889     6.5338    32.9721    32.9754    26.4640    26.4669    8.13368 0.0000e+00
       8367     75.740     0.1089     0.1095   2.762931   2.763321     1.8087     2.1409      7.914     1.2615   481.3184 1.0715e-01     0.2333    94.3349     6.3896     6.5269    32.9718    32.9762    26.4637    26.4674    8.13367 0.0000e+00
       8370     75.694     0.1089     0.1190   2.763010   2.763792     1.8087     2.1425      7.914     1.2716   481.2790 1.0727e-01     0.2329    94.3436     6.3912     6.5273    32.9729    32.9723    26.4646    26.4636    8.13362 0.0000e+00
       8373     75.644     0.1100     0.1241   2.763019   2.764010     1.8092     2.1421      7.914     1.2716   481.3184 1.0740e-01     0.2333    94.3349     6.3896     6.5213    32.9718    32.9697    26.4637    26.4613    8.13343 0.0000e+00
       8376     75.591     0.1097     0.1208   2.763054   2.763708     1.8092     2.1417      7.914     1.2411   481.2395 1.0715e-01     0.2329    94.3436     6.3919     6.5201    32.9726    32.9692    26.4644    26.4611    8.13345 0.0000e+00
       8379     75.533     0.1104     0.1186   2.763110   2.763568     1.8083     2.1417      7.914     1.2411   481.2395 1.0715e-01     0.2329    94.3436     6.3926     6.5184    32.9726    32.9698    26.4643    26.4617    8.13330 0.0000e+00
       8382     75.474     0.1133     0.1158   2.763346   2.763335     1.8083     2.1417      7.914     1.2309   481.3184 1.0727e-01     0.2329    94.3436     6.3944     6.5165    32.9726    32.9698    26.4642    26.4618    8.13267 0.0000e+00
       8385     75.417     0.1170     0.1231   2.763566   2.763746     1.8096     2.1417      7.914     1.2309   100.8590 1.0715e-01     0.2259    94.5088     6.3995     6.5149    32.9716    32.9674    26.4632    26.4595    8.13192 0.0000e+00
       8388     75.358     0.1183     0.1192   2.763631   2.763723     1.8092     2.1413      7.914     1.2411     0.3848 1.0715e-01     0.2142    94.7869     6.3961     6.5123    32.9711    32.9713    26.4627    26.4628    8.13168 0.0000e+00
       8391     75.299     0.1198     0.1178   2.763852   2.763894     1.8087     2.1417      7.914     1.2513     4.2932 1.0727e-01     0.2149    94.7695     6.3922     6.5100    32.9724    32.9751    26.4637    26.4660    8.13128 0.0000e+00
       8394     75.242     0.1252     0.1334   2.764361   2.764879     1.8087     2.1421      7.914     1.2309     4.0564 1.0715e-01     0.2142    94.7869     6.3889     6.5057    32.9733    32.9713    26.4642    26.4621    8.13006 0.0000e+00
       8397     75.188     0.1312     0.1553   2.764722   2.766219     1.8079     2.1413      7.914     1.2411     4.0564 1.0715e-01     0.2149    94.7695     6.3833     6.4998    32.9717    32.9654    26.4626    26.4563    8.12886 0.0000e+00
       8400     75.134     0.1324     0.1651   2.764701   2.766991     1.8100     2.1417      7.914     1.2105     4.0564 1.0727e-01     0.2146    94.7782     6.3950     6.4968    32.9701    32.9651    26.4612    26.4555    8.12868 0.0000e+00
       8403     75.082     0.1347     0.1698   2.764744   2.767133     1.8096     2.1405      7.914     1.2004     4.0564 1.0715e-01     0.2149    94.7695     6.3952     6.4882    32.9683    32.9619    26.4597    26.4527    8.12830 0.0000e+00
       8406     75.034     0.1387     0.1683   2.764858   2.767416     1.8096     2.1409      7.914     1.2105     4.0564 1.0715e-01     0.2076    94.9434     6.3951     6.4895    32.9654    32.9672    26.4571    26.4571    8.12758 0.0000e+00
       8409     74.991     0.1396     0.1734   2.764961   2.767880     1.8092     2.1413      7.914     1.2207     4.7670 1.0727e-01     0.2039    95.0303     6.3920     6.4914    32.9659    32.9679    26.4575    26.4574    8.12737 0.0000e+00
       8412     74.952     0.1350     0.1763   2.764852   2.768023     1.8096     2.1405      7.914     1.2105    10.7283 1.0727e-01     0.2039    95.0303     6.3973     6.4913    32.9694    32.9666    26.4605    26.4563    8.12816 0.0000e+00
       8415     74.919     0.1333     0.1832   2.764668   2.768092     1.8087     2.1405      7.914     1.2004    10.8862 1.0727e-01     0.2043    95.0216     6.3976     6.4911    32.9688    32.9602    26.4601    26.4507    8.12856 0.0000e+00
       8418     74.893     0.1305     0.1851   2.764550   2.768244     1.8087     2.1405      7.914     1.2105    10.8073 1.0727e-01     0.2039    95.0303     6.3977     6.4914    32.9703    32.9602    26.4615    26.4506    8.12909 0.0000e+00
       8555     74.868     0.1734     0.1830   2.767602   2.768184     1.8096     2.1425      7.914     1.1902     3.8984 1.0727e-01     0.2131    94.8130     6.3817     6.4988    32.9643    32.9617    26.4545    26.4519    8.12017 0.0000e+00
       8625     74.812     0.2011     0.1854   2.769712   2.768602     1.8100     2.1433      7.914     1.1902    11.9127 1.0715e-01     0.2175    94.7087     6.3714     6.4979    32.9622    32.9646    26.4514    26.4541    8.11430 0.0000e+00
       8628     74.750     0.2006     0.2014   2.769517   2.769782     1.8096     2.1441      7.914     1.1902    11.6758 1.0727e-01     0.2164    94.7348     6.3667     6.4945    32.9603    32.9629    26.4499    26.4520    8.11452 0.0000e+00
       8631     74.690     0.1995     0.2063   2.769500   2.769970     1.8108     2.1441      7.914     1.1902    11.7153 1.0715e-01     0.2157    94.7521     6.3705     6.4921    32.9613    32.9601    26.4508    26.4495    8.11471 0.0000e+00
       8634     74.635     0.2013     0.2068   2.769653   2.769986     1.8104     2.1429      7.914     1.1902    11.7548 1.0740e-01     0.2153    94.7608     6.3682     6.4834    32.9614    32.9599    26.4508    26.4493    8.11431 0.0000e+00
       8637     74.577     0.2128     0.2098   2.770632   2.770192     1.8104     2.1429      7.914     1.2207    11.6758 1.0715e-01     0.2160    94.7435     6.3665     6.4797    32.9619    32.9594    26.4506    26.4487    8.11181 0.0000e+00
       8640     74.523     0.2184     0.2209   2.770957   2.771487     1.8096     2.1417      7.914     1.2004    11.6363 1.0715e-01     0.2157    94.7521     6.3614     6.4739    32.9602    32.9644    26.4489    26.4522    8.11069 0.0000e+00
       8643     74.470     0.2359     0.2400   2.772370   2.772394     1.8100     2.1429      7.914     1.2004    11.6758 1.0715e-01     0.2164    94.7348     6.3630     6.4766    32.9599    32.9559    26.4478    26.4444    8.10694 0.0000e+00
       8646     74.420     0.2427     0.2377   2.772570   2.772081     1.8087     2.1417      7.914     1.2105   241.3648 1.0715e-01     0.2160    94.7435     6.3552     6.4721    32.9553    32.9543    26.4438    26.4432    8.10573 0.0000e+00
       8649     74.376     0.2388     0.2360   2.772400   2.772000     1.8092     2.1417      7.914     1.2105   482.1870 1.0715e-01     0.2219    94.6044     6.3548     6.4742    32.9572    32.9550    26.4455    26.4438    8.10646 0.0000e+00
       8652     74.333     0.2424     0.2353   2.772702   2.772170     1.8096     2.1405      7.914     1.2105   481.0421 1.0727e-01     0.2230    94.5783     6.3542     6.4714    32.9574    32.9581    26.4455    26.4464    8.10569 0.0000e+00
       8655     74.291     0.2537     0.2374   2.773304   2.772450     1.8096     2.1417      7.914     1.1902   481.2790 1.0715e-01     0.2230    94.5783     6.3528     6.4811    32.9532    32.9595    26.4415    26.4474    8.10349 0.0000e+00
       8658     74.258     0.2532     0.2417   2.773377   2.772576     1.8096     2.1409      7.914     1.2207   481.2395 1.0715e-01     0.2234    94.5696     6.3534     6.4791    32.9547    32.9565    26.4427    26.4448    8.10351 0.0000e+00
       8661     74.230     0.2554     0.2447   2.773625   2.772707     1.8100     2.1405      7.914     1.2309   481.3184 1.0715e-01     0.2230    94.5783     6.3556     6.4768    32.9556    32.9550    26.4433    26.4435    8.10298 0.0000e+00
       8982     74.198     0.2537     0.2473   2.773476   2.772853     1.8092     2.1421      7.914     1.2614   326.6790 1.0727e-01     0.2105    94.8738     6.3537     6.4815    32.9555    32.9542    26.4433    26.4426    8.10336 0.0000e+00
       9618     74.160     0.2498     0.2446   2.773242   2.772571     1.8075     2.1413      7.916     1.1800     0.4243 1.0727e-01     0.2010    95.0999     6.3491     6.4744    32.9566    32.9534    26.4445    26.4421    8.10413 0.0000e+00
       9621     74.125     0.2578     0.2422   2.773672   2.772437     1.8075     2.1417      7.914     1.1800     8.0043 1.0715e-01     0.2116    94.8478     6.3481     6.4750    32.9537    32.9542    26.4417    26.4429    8.10258 0.0000e+00
       9624     74.095     0.2587     0.2457   2.773707   2.772806     1.8071     2.1409      7.914     1.1902     7.6095 1.0715e-01     0.2116    94.8478     6.3450     6.4710    32.9532    32.9554    26.4412    26.4437    8.10241 0.0000e+00
      10103     74.002     0.2592     0.2497   2.773695   2.772998     1.8088     2.1425      7.914     1.2411     5.0038 1.0715e-01     0.1911    95.3345     6.3550     6.4946    32.9526    32.9537    26.4407    26.4421    8.10234 0.0000e+00
      10106     73.877     0.2573     0.2519   2.773507   2.773160     1.8092     2.1429      7.914     1.2513     5.0038 1.0727e-01     0.1911    95.3345     6.3589     6.4962    32.9522    32.9535    26.4406    26.4419    8.10277 0.0000e+00
      10109     73.754     0.2564     0.2531   2.773498   2.773227     1.8084     2.1425      7.914     1.2513     5.0038 1.0740e-01     0.1911    95.3345     6.3559     6.4882    32.9531    32.9532    26.4413    26.4415    8.10291 0.0000e+00
      10112     73.642     0.2554     0.2556   2.773426   2.773446     1.8080     2.1433      7.914     1.2207     6.6619 1.0715e-01     0.1911    95.3345     6.3532     6.4892    32.9533    32.9534    26.4415    26.4415    8.10312 0.0000e+00
      10115     73.537     0.2555     0.2557   2.773460   2.773294     1.8071     2.1421      7.914     1.2309     9.6624 1.0727e-01     0.1900    95.3606     6.3480     6.4810    32.9537    32.9514    26.4418    26.4399    8.10307 0.0000e+00
      10118     73.439     0.2563     0.2553   2.773503   2.773481     1.8075     2.1417      7.914     1.2411     9.5045 1.0727e-01     0.1911    95.3345     6.3503     6.4755    32.9535    32.9542    26.4416    26.4423    8.10291 0.0000e+00
      10121     73.351     0.2577     0.2649   2.773682   2.774125     1.8075     2.1429      7.914     1.2513     9.5045 1.0740e-01     0.1907    95.3432     6.3495     6.4761    32.9544    32.9524    26.4423    26.4403    8.10257 0.0000e+00
      10124     73.272     0.2646     0.2676   2.774311   2.774325     1.8084     2.1421      7.914     1.2309     9.5440 1.0727e-01     0.1893    95.3780     6.3511     6.4715    32.9553    32.9522    26.4426    26.4400    8.10104 0.0000e+00
      10127     73.206     0.2717     0.2682   2.774779   2.774443     1.8092     2.1425      7.914     1.2105     9.5045 1.0727e-01     0.1889    95.3867     6.3502     6.4699    32.9539    32.9531    26.4411    26.4407    8.09959 0.0000e+00
      10130     73.150     0.2742     0.2689   2.774956   2.774442     1.8084     2.1421      7.914     1.2105     9.5045 1.0727e-01     0.1889    95.3867     6.3460     6.4663    32.9535    32.9525    26.4406    26.4402    8.09906 0.0000e+00
      10133     73.108     0.2771     0.2696   2.775166   2.774412     1.8084     2.1413      7.914     1.2105     9.5045 1.0715e-01     0.1889    95.3867     6.3459     6.4630    32.9532    32.9513    26.4403    26.4392    8.09847 0.0000e+00
      10541     72.968     0.2911     0.2651   2.776047   2.774122     1.8088     2.1417      7.914     1.2105   324.6262 1.0727e-01     0.1838    95.5084     6.3531     6.4927    32.9497    32.9525    26.4368    26.4404    8.09565 0.0000e+00
      10746     72.891     0.2980     0.2551   2.776362   2.773132     1.8096     2.1417      7.914     1.2004   480.6868 1.0727e-01     0.1809    95.5779     6.3583     6.5105    32.9465    32.9503    26.4339    26.4391    8.09435 0.0000e+00
      10749     72.864     0.2911     0.2562   2.775886   2.773404     1.8088     2.1417      7.914     1.2207   481.2395 1.0740e-01     0.1798    95.6040     6.3568     6.5135    32.9477    32.9527    26.4352    26.4410    8.09576 0.0000e+00
      10752     72.836     0.2873     0.2635   2.775850   2.774072     1.8092     2.1413      7.914     1.2207   481.2395 1.0740e-01     0.1780    95.6475     6.3638     6.5133    32.9513    32.9535    26.4382    26.4413    8.09637 0.0000e+00
      10755     72.803     0.2900     0.2658   2.775904   2.774178     1.8096     2.1421      7.914     1.2207   481.2790 1.0727e-01     0.1780    95.6475     6.3669     6.5155    32.9491    32.9526    26.4364    26.4404    8.09591 0.0000e+00
