Datasets/AZMP/HUD120/hud120_2020_072.cnv
* Sea-Bird SBE 9 Data File:
* FileName = C:\CTDDATA\hud120_2020_072.hex
* Software Version Seasave V 7.26.7.110
* Temperature SN = 1697
* Conductivity SN = 4216
* Number of Bytes Per Scan = 30
* Number of Voltage Words = 4
* Number of Scans Averaged by the Deck Unit = 1
* NMEA baud rate = 4800
** VESSEL/TRIP/SEQ STN:  hud120_2020_072
** LATITUDE XX XX.XX: 47 00.00 N
** LONGITUDE XX XX.XX: 049 07.00 W
** SOUNDING DEPTH (M): 0086
** PROBE TYPE: S1146
** CTD NUMBER: 051
** FORMAT: V
** COMMENTS (14 CHAR): FC-10
** BOTTLES:  7
** LEVELS: 5,10,20,30,40,50,BTM
** STICKERS: 439853 - 439859
** VNET: Y
** DO2: N
# nquan = 22
# nvalues = 1398                        
# units = specified
# name 0 = scan: Scan Count
# name 1 = prDM: Pressure, Digiquartz [db]
# name 2 = t090C: Temperature [ITS-90, deg C]
# name 3 = t190C: Temperature, 2 [ITS-90, deg C]
# name 4 = c0S/m: Conductivity [S/m]
# name 5 = c1S/m: Conductivity, 2 [S/m]
# name 6 = sbeox0V: Oxygen raw, SBE 43 [V]
# name 7 = sbeox1V: Oxygen raw, SBE 43, 2 [V]
# name 8 = ph: pH
# name 9 = flECO-AFL: Fluorescence, WET Labs ECO-AFL/FL [mg/m^3]
# name 10 = wetCDOM: Fluorescence, WET Labs CDOM [mg/m^3]
# name 11 = par/sat/log: PAR/Logarithmic, Satlantic [umol photons/m^2/sec]
# name 12 = CStarAt0: Beam Attenuation, WET Labs C-Star [1/m]
# name 13 = CStarTr0: Beam Transmission, WET Labs C-Star [%]
# name 14 = sbeox0ML/L: Oxygen, SBE 43 [ml/l], WS = 2
# name 15 = sbeox1ML/L: Oxygen, SBE 43, 2 [ml/l], WS = 2
# name 16 = sal00: Salinity, Practical [PSU]
# name 17 = sal11: Salinity, Practical, 2 [PSU]
# name 18 = sigma-t00: Density [sigma-t, kg/m^3 ]
# name 19 = sigma-t11: Density, 2 [sigma-t, kg/m^3 ]
# name 20 = oxsatML/L: Oxygen Saturation, Weiss [ml/l]
# name 21 = flag: flag
# span 0 =         53,      20594       
# span 1 =      2.929,     79.509       
# span 2 =     0.4704,     5.5707       
# span 3 =     0.4631,     5.5655       
# span 4 =   2.792775,   3.127597       
# span 5 =   2.792191,   3.127009       
# span 6 =     1.6117,     2.1951       
# span 7 =     1.8819,     2.6147       
# span 8 =      7.855,      8.144       
# span 9 =     1.2309,     4.8125       
# span 10 =    -2.8130,   482.1870      
# span 11 = 1.0703e-01, 6.3620e-01      
# span 12 =     0.1628,     0.3655      
# span 13 =    91.2665,    96.0125      
# span 14 =     4.9446,     7.0719      
# span 15 =     5.0221,     7.2231      
# span 16 =    31.9275,    33.0350      
# span 17 =    31.9263,    33.0830      
# span 18 =    25.1773,    26.4836      
# span 19 =    25.1771,    26.5105      
# span 20 =    7.13486,    8.05560      
# span 21 = 0.0000e+00, 0.0000e+00      
# interval = scans: 3                   
# start_time = Nov 25 2020 19:42:34 [System UTC, header]
# bad_flag = -9.990e-29
*END*
[from data line 659]
       3519     78.185     0.5255     0.5234   2.800615   2.800447     1.8013     2.1269      7.950     1.3123   481.3579 1.0715e-01     0.3099    92.5443     6.2783     6.3869    33.0162    33.0162    26.4779    26.4780    8.04202 0.0000e+00
       3522     78.043     0.5252     0.5221   2.800628   2.800314     1.8017     2.1265      7.952     1.2920   481.3579 1.0715e-01     0.3099    92.5443     6.2783     6.3848    33.0167    33.0160    26.4783    26.4779    8.04204 0.0000e+00
       3525     77.896     0.5248     0.5216   2.800566   2.800293     1.8009     2.1269      7.952     1.3021   481.3579 1.0715e-01     0.3103    92.5356     6.2716     6.3861    33.0164    33.0163    26.4781    26.4782    8.04214 0.0000e+00
       3528     77.751     0.5244     0.5220   2.800511   2.800292     1.8013     2.1273      7.949     1.2411   481.3579 1.0715e-01     0.3129    92.4748     6.2715     6.3889    33.0162    33.0160    26.4780    26.4779    8.04224 0.0000e+00
       3531     77.606     0.5234     0.5212   2.800385   2.800230     1.8009     2.1273      7.949     1.2309   481.3579 1.0715e-01     0.3129    92.4748     6.2722     6.3888    33.0157    33.0161    26.4776    26.4780    8.04247 0.0000e+00
       3534     77.466     0.5223     0.5200   2.800305   2.800089     1.8013     2.1269      7.952     1.2513   481.3579 1.0715e-01     0.3133    92.4661     6.2779     6.3868    33.0159    33.0156    26.4778    26.4777    8.04270 0.0000e+00
       3537     77.330     0.5230     0.5192   2.800399   2.799974     1.8013     2.1269      7.952     1.2309   481.3579 1.0715e-01     0.3133    92.4661     6.2777     6.3863    33.0165    33.0150    26.4783    26.4773    8.04253 0.0000e+00
       3540     77.201     0.5236     0.5186   2.800456   2.799949     1.8013     2.1269      7.952     1.2309   481.3579 1.0715e-01     0.3129    92.4748     6.2729     6.3865    33.0167    33.0154    26.4784    26.4777    8.04238 0.0000e+00
       3543     77.080     0.5245     0.5195   2.800477   2.800042     1.8005     2.1273      7.950     1.2411   481.3184 1.0715e-01     0.3129    92.4748     6.2670     6.3875    33.0161    33.0157    26.4778    26.4778    8.04223 0.0000e+00
       3546     76.970     0.5228     0.5201   2.800235   2.800072     1.8009     2.1269      7.950     1.2309   481.3579 1.0715e-01     0.3126    92.4835     6.2700     6.3847    33.0148    33.0156    26.4769    26.4777    8.04266 0.0000e+00
       3549     76.864     0.5201     0.5209   2.800027   2.800192     1.8013     2.1269      7.952     1.2309   481.3579 1.0715e-01     0.3088    92.5704     6.2736     6.3825    33.0150    33.0163    26.4772    26.4782    8.04321 0.0000e+00
       3552     76.770     0.5201     0.5228   2.800064   2.800360     1.8009     2.1277      7.950     1.2411   481.3579 1.0715e-01     0.3088    92.5704     6.2720     6.3824    33.0155    33.0166    26.4776    26.4783    8.04318 0.0000e+00
       3555     76.684     0.5206     0.5222   2.800082   2.800252     1.8017     2.1269      7.949     1.3021   481.3579 1.0715e-01     0.3092    92.5617     6.2756     6.3796    33.0153    33.0158    26.4775    26.4777    8.04310 0.0000e+00
       3558     76.603     0.5199     0.5195   2.800040   2.800003     1.8017     2.1269      7.949     1.2920   481.3579 1.0715e-01     0.3088    92.5704     6.2736     6.3817    33.0156    33.0155    26.4777    26.4777    8.04323 0.0000e+00
       3561     76.534     0.5196     0.5199   2.800005   2.800069     1.8009     2.1269      7.949     1.3021   236.8248 1.0715e-01     0.3092    92.5617     6.2690     6.3813    33.0155    33.0160    26.4776    26.4781    8.04330 0.0000e+00
       3564     76.473     0.5194     0.5210   2.799980   2.800166     1.8009     2.1273      7.950     1.2920     9.5834 1.0715e-01     0.3088    92.5704     6.2697     6.3796    33.0154    33.0161    26.4775    26.4781    8.04334 0.0000e+00
       3567     76.422     0.5194     0.5221   2.800024   2.800280     1.8013     2.1269      7.947     1.3021    19.5322 1.0715e-01     0.3125    92.4835     6.2731     6.3781    33.0160    33.0165    26.4781    26.4783    8.04331 0.0000e+00
       3570     76.380     0.5202     0.5239   2.800056   2.800425     1.8013     2.1269      7.949     1.2920    19.0584 1.0715e-01     0.3152    92.4226     6.2724     6.3780    33.0156    33.0164    26.4777    26.4782    8.04316 0.0000e+00
       3573     76.347     0.5205     0.5246   2.800102   2.800507     1.8013     2.1265      7.949     1.2920    19.0979 1.0715e-01     0.3152    92.4226     6.2706     6.3736    33.0159    33.0167    26.4779    26.4783    8.04308 0.0000e+00
       3848     76.313     0.5301     0.5269   2.800973   2.800679     1.7997     2.1269      7.947     1.3225   403.3473 1.0715e-01     0.3039    92.6834     6.2613     6.3845    33.0169    33.0166    26.4782    26.4781    8.04099 0.0000e+00
       3851     76.254     0.5302     0.5268   2.800998   2.800665     1.7989     2.1269      7.947     1.3326    14.2814 1.0715e-01     0.3017    92.7355     6.2558     6.3834    33.0172    33.0165    26.4785    26.4781    8.04096 0.0000e+00
       3854     76.202     0.5306     0.5262   2.801045   2.800624     1.7997     2.1269      7.947     1.3326    17.8345 1.0715e-01     0.3016    92.7355     6.2571     6.3822    33.0175    33.0167    26.4786    26.4782    8.04087 0.0000e+00
       3857     76.158     0.5309     0.5264   2.801033   2.800611     1.7997     2.1269      7.947     1.3225    17.5582 1.0715e-01     0.3013    92.7442     6.2560     6.3805    33.0170    33.0163    26.4782    26.4780    8.04082 0.0000e+00
       3860     76.121     0.5310     0.5256   2.801048   2.800549     1.7993     2.1269      7.947     1.3123    17.5582 1.0715e-01     0.3009    92.7529     6.2552     6.3823    33.0171    33.0164    26.4783    26.4780    8.04080 0.0000e+00
       4330     76.083     0.5308     0.5250   2.801010   2.800524     1.7997     2.1269      7.945     1.3123   172.4345 1.0715e-01     0.3054    92.6486     6.2577     6.3801    33.0168    33.0167    26.4781    26.4783    8.04085 0.0000e+00
       5268     75.927     0.5302     0.5252   2.800934   2.800507     1.8001     2.1270      7.942     1.3225   481.5159 1.0715e-01     0.3144    92.4400     6.2593     6.3744    33.0166    33.0164    26.4780    26.4780    8.04100 0.0000e+00
       5271     75.745     0.5300     0.5251   2.800811   2.800486     1.7997     2.1261      7.942     1.3225   481.2000 1.0715e-01     0.3144    92.4400     6.2589     6.3730    33.0152    33.0163    26.4769    26.4780    8.04110 0.0000e+00
       5274     75.579     0.5274     0.5246   2.800621   2.800394     1.7997     2.1274      7.942     1.3326   481.3579 1.0715e-01     0.3144    92.4400     6.2600     6.3802    33.0157    33.0157    26.4773    26.4776    8.04163 0.0000e+00
       5277     75.423     0.5273     0.5229   2.800667   2.800229     1.7989     2.1266      7.942     1.3123   481.3579 1.0715e-01     0.3137    92.4574     6.2556     6.3789    33.0165    33.0155    26.4780    26.4775    8.04162 0.0000e+00
       5280     75.286     0.5284     0.5210   2.800776   2.800089     1.8001     2.1261      7.942     1.3123   481.3579 1.0715e-01     0.3144    92.4400     6.2610     6.3763    33.0168    33.0158    26.4782    26.4778    8.04135 0.0000e+00
       5283     75.162     0.5283     0.5215   2.800690   2.800170     1.7997     2.1257      7.942     1.2920   481.3579 1.0715e-01     0.3144    92.4400     6.2571     6.3719    33.0159    33.0163    26.4775    26.4782    8.04143 0.0000e+00
       5286     75.050     0.5266     0.5213   2.800570   2.800113     1.7993     2.1257      7.942     1.2920   481.3579 1.0715e-01     0.3167    92.3878     6.2563     6.3732    33.0162    33.0159    26.4778    26.4779    8.04177 0.0000e+00
       5289     74.960     0.5260     0.5201   2.800510   2.800015     1.7993     2.1257      7.942     1.2920   312.1507 1.0715e-01     0.3167    92.3878     6.2577     6.3719    33.0161    33.0160    26.4778    26.4780    8.04191 0.0000e+00
       5292     74.894     0.5254     0.5200   2.800489   2.800019     1.7997     2.1270      7.942     1.3123     0.4638 1.0715e-01     0.3171    92.3791     6.2614     6.3790    33.0165    33.0161    26.4781    26.4781    8.04200 0.0000e+00
       5295     74.846     0.5260     0.5202   2.800501   2.799996     1.7997     2.1270      7.942     1.2818    11.5179 1.0715e-01     0.3167    92.3878     6.2631     6.3784    33.0160    33.0157    26.4777    26.4778    8.04190 0.0000e+00
       5661     74.756     0.5152     0.5087   2.799422   2.798715     1.7997     2.1270      7.942     1.3021    15.9790 1.0715e-01     0.3137    92.4574     6.2714     6.3913    33.0137    33.0114    26.4764    26.4749    8.04434 0.0000e+00
       5845     74.533     0.5087     0.4981   2.798722   2.797885     1.7981     2.1261      7.939     1.3123    18.0319 1.0715e-01     0.3122    92.4922     6.2677     6.3968    33.0116    33.0121    26.4751    26.4761    8.04582 0.0000e+00
       5848     74.306     0.5071     0.4985   2.798591   2.797904     1.7985     2.1270      7.942     1.3123    18.0319 1.0715e-01     0.3122    92.4922     6.2724     6.4006    33.0118    33.0120    26.4753    26.4760    8.04616 0.0000e+00
       5851     74.081     0.5045     0.4970   2.798282   2.797672     1.7985     2.1266      7.940     1.2920    18.0319 1.0715e-01     0.3103    92.5356     6.2725     6.4020    33.0107    33.0107    26.4746    26.4750    8.04677 0.0000e+00
       5854     73.849     0.5028     0.4963   2.798182   2.797711     1.7985     2.1270      7.940     1.2920    18.0319 1.0715e-01     0.3099    92.5443     6.2711     6.4041    33.0113    33.0121    26.4752    26.4762    8.04709 0.0000e+00
       5857     73.611     0.5022     0.4965   2.798130   2.797703     1.7997     2.1270      7.942     1.3021    18.0319 1.0715e-01     0.3099    92.5443     6.2764     6.4044    33.0114    33.0119    26.4753    26.4760    8.04721 0.0000e+00
       5860     73.377     0.5015     0.4971   2.798081   2.797651     1.7989     2.1270      7.939     1.2920    18.0319 1.0715e-01     0.3099    92.5443     6.2702     6.4040    33.0116    33.0107    26.4755    26.4750    8.04735 0.0000e+00
       5863     73.142     0.5011     0.4945   2.797998   2.797437     1.7985     2.1278      7.942     1.3021    18.0319 1.0715e-01     0.3099    92.5443     6.2659     6.4055    33.0111    33.0108    26.4751    26.4752    8.04746 0.0000e+00
       5866     72.911     0.5000     0.4944   2.797872   2.797440     1.7977     2.1274      7.942     1.3021   318.8227 1.0715e-01     0.3095    92.5530     6.2627     6.4044    33.0107    33.0111    26.4749    26.4755    8.04771 0.0000e+00
       5869     72.679     0.4991     0.4951   2.797761   2.797473     1.7989     2.1282      7.940     1.3021   481.8712 1.0715e-01     0.3107    92.5269     6.2709     6.4093    33.0105    33.0110    26.4747    26.4753    8.04792 0.0000e+00
       5872     72.453     0.4990     0.4935   2.797785   2.797279     1.7997     2.1278      7.940     1.3123   480.9632 1.0715e-01     0.3144    92.4400     6.2751     6.4089    33.0110    33.0103    26.4752    26.4749    8.04792 0.0000e+00
       5875     72.226     0.4986     0.4925   2.797683   2.797168     1.7993     2.1278      7.940     1.2818   481.3579 1.0715e-01     0.3144    92.4400     6.2774     6.4102    33.0103    33.0101    26.4746    26.4748    8.04805 0.0000e+00
       5878     72.001     0.4956     0.4907   2.797378   2.797010     1.7993     2.1282      7.942     1.3021   481.3184 1.0715e-01     0.3144    92.4400     6.2779     6.4091    33.0097    33.0100    26.4742    26.4748    8.04872 0.0000e+00
       5881     71.779     0.4955     0.4898   2.797429   2.796900     1.7993     2.1282      7.940     1.2920   481.3579 1.0715e-01     0.3144    92.4400     6.2789     6.4080    33.0105    33.0097    26.4749    26.4746    8.04869 0.0000e+00
       5884     71.559     0.4947     0.4886   2.797293   2.796812     1.7989     2.1282      7.940     1.3123   481.3579 1.0715e-01     0.3144    92.4400     6.2810     6.4072    33.0097    33.0099    26.4743    26.4749    8.04889 0.0000e+00
       5887     71.339     0.4943     0.4890   2.797269   2.796853     1.7993     2.1278      7.940     1.3123   481.3579 1.0715e-01     0.3144    92.4400     6.2822     6.4045    33.0100    33.0103    26.4746    26.4751    8.04897 0.0000e+00
       5890     71.126     0.4946     0.4886   2.797288   2.796783     1.7993     2.1294      7.939     1.3021   471.1723 1.0715e-01     0.3118    92.5009     6.2782     6.4129    33.0101    33.0098    26.4746    26.4748    8.04891 0.0000e+00
       5893     70.919     0.4943     0.4887   2.797188   2.796791     1.7997     2.1294      7.942     1.3021    57.6689 1.0715e-01     0.3073    92.6052     6.2785     6.4137    33.0092    33.0100    26.4740    26.4748    8.04902 0.0000e+00
       5896     70.716     0.4926     0.4885   2.797057   2.796741     1.8001     2.1294      7.942     1.3021    16.5712 1.0715e-01     0.3070    92.6138     6.2805     6.4146    33.0094    33.0096    26.4742    26.4746    8.04937 0.0000e+00
       5899     70.516     0.4930     0.4884   2.797106   2.796744     1.8010     2.1294      7.942     1.3123    18.1109 1.0715e-01     0.3077    92.5965     6.2883     6.4154    33.0097    33.0100    26.4745    26.4749    8.04926 0.0000e+00
       5902     70.326     0.4937     0.4888   2.797172   2.796788     1.7997     2.1282      7.942     1.2920    18.0319 1.0715e-01     0.3070    92.6138     6.2840     6.4101    33.0099    33.0102    26.4746    26.4750    8.04910 0.0000e+00
       5905     70.142     0.4929     0.4895   2.797012   2.796846     1.8006     2.1294      7.942     1.3021    18.0319 1.0715e-01     0.3073    92.6052     6.2899     6.4147    33.0088    33.0102    26.4737    26.4750    8.04934 0.0000e+00
       5908     69.965     0.4926     0.4898   2.797044   2.796845     1.8001     2.1294      7.942     1.3123    18.0319 1.0715e-01     0.3077    92.5965     6.2890     6.4162    33.0097    33.0101    26.4745    26.4749    8.04935 0.0000e+00
       5911     69.791     0.4923     0.4899   2.796959   2.796877     1.7997     2.1298      7.942     1.3225    18.0319 1.0715e-01     0.3036    92.6921     6.2836     6.4150    33.0090    33.0105    26.4739    26.4752    8.04945 0.0000e+00
       5914     69.625     0.4924     0.4904   2.796994   2.796927     1.8006     2.1306      7.942     1.3326    18.0319 1.0715e-01     0.3013    92.7442     6.2881     6.4167    33.0094    33.0106    26.4742    26.4753    8.04940 0.0000e+00
       5917     69.465     0.4916     0.4917   2.796782   2.797054     1.8006     2.1298      7.942     1.3326   107.3335 1.0715e-01     0.3016    92.7355     6.2890     6.4149    33.0076    33.0110    26.4729    26.4756    8.04968 0.0000e+00
       5920     69.315     0.4893     0.4941   2.796597   2.797241     1.8006     2.1306      7.942     1.3123   478.6734 1.0715e-01     0.3016    92.7355     6.2895     6.4167    33.0077    33.0110    26.4731    26.4754    8.05015 0.0000e+00
       5923     69.175     0.4907     0.4953   2.796762   2.797331     1.8018     2.1306      7.942     1.3225   481.2790 1.0715e-01     0.3016    92.7355     6.2963     6.4177    33.0085    33.0109    26.4736    26.4753    8.04982 0.0000e+00
       5926     69.044     0.4909     0.4953   2.796804   2.797293     1.8010     2.1306      7.942     1.3326   481.2395 1.0715e-01     0.3020    92.7268     6.2928     6.4185    33.0089    33.0106    26.4739    26.4750    8.04976 0.0000e+00
       5929     68.920     0.4899     0.4931   2.796668   2.797102     1.8018     2.1310      7.942     1.3326   481.2790 1.0715e-01     0.3016    92.7355     6.2965     6.4191    33.0083    33.0104    26.4735    26.4750    8.05000 0.0000e+00
