Datasets/AZMP/HUD120/hud120_2020_093.cnv
* Sea-Bird SBE 9 Data File:
* FileName = C:\CTDDATA\hud120_2020_093.hex
* Software Version Seasave V 7.26.7.110
* Temperature SN = 1697
* Conductivity SN = 4216
* Number of Bytes Per Scan = 30
* Number of Voltage Words = 4
* Number of Scans Averaged by the Deck Unit = 1
* NMEA baud rate = 4800
** VESSEL/TRIP/SEQ STN:  hud120_2020_093
** LATITUDE XX XX.XX: 49 16.80 N
** LONGITUDE XX XX.XX: 051 16.80 W
** SOUNDING DEPTH (M): 0327
** PROBE TYPE: S1146
** CTD NUMBER: 070
** FORMAT: V
** COMMENTS (14 CHAR): BB-08
** BOTTLES:  10
** LEVELS: 5,10,20,30,40,50,75,100,150,BTM
** STICKERS: 439998 - 440007
** VNET: Y
** DO2: N
# nquan = 22
# nvalues = 6280                        
# units = specified
# name 0 = scan: Scan Count
# name 1 = prDM: Pressure, Digiquartz [db]
# name 2 = t090C: Temperature [ITS-90, deg C]
# name 3 = t190C: Temperature, 2 [ITS-90, deg C]
# name 4 = c0S/m: Conductivity [S/m]
# name 5 = c1S/m: Conductivity, 2 [S/m]
# name 6 = sbeox0V: Oxygen raw, SBE 43 [V]
# name 7 = sbeox1V: Oxygen raw, SBE 43, 2 [V]
# name 8 = ph: pH
# name 9 = flECO-AFL: Fluorescence, WET Labs ECO-AFL/FL [mg/m^3]
# name 10 = wetCDOM: Fluorescence, WET Labs CDOM [mg/m^3]
# name 11 = par/sat/log: PAR/Logarithmic, Satlantic [umol photons/m^2/sec]
# name 12 = CStarAt0: Beam Attenuation, WET Labs C-Star [1/m]
# name 13 = CStarTr0: Beam Transmission, WET Labs C-Star [%]
# name 14 = sbeox0ML/L: Oxygen, SBE 43 [ml/l], WS = 2
# name 15 = sbeox1ML/L: Oxygen, SBE 43, 2 [ml/l], WS = 2
# name 16 = sal00: Salinity, Practical [PSU]
# name 17 = sal11: Salinity, Practical, 2 [PSU]
# name 18 = sigma-t00: Density [sigma-t, kg/m^3 ]
# name 19 = sigma-t11: Density, 2 [sigma-t, kg/m^3 ]
# name 20 = oxsatML/L: Oxygen Saturation, Weiss [ml/l]
# name 21 = flag: flag
# span 0 =        113,      47601       
# span 1 =      0.679,    318.978       
# span 2 =     1.1346,     3.0627       
# span 3 =     1.1299,     3.0582       
# span 4 =   2.889613,   3.148288       
# span 5 =   2.886529,   3.147737       
# span 6 =     1.8279,     2.2164       
# span 7 =     2.1466,     2.6309       
# span 8 =      8.024,      8.153       
# span 9 =     0.8850,     7.7429       
# span 10 =    -2.8130,   482.1870      
# span 11 = 1.0703e-01, 1.2659e+02      
# span 12 =     0.0775,     0.6033      
# span 13 =    85.9990,    98.0813      
# span 14 =     6.0449,     7.8345      
# span 15 =     6.1202,     7.9624      
# span 16 =    32.5721,    34.5385      
# span 17 =    32.5403,    34.5368      
# span 18 =    26.0218,    27.5111      
# span 19 =    25.9967,    27.5100      
# span 20 =    7.45745,    7.87757      
# span 21 = 0.0000e+00, 0.0000e+00      
# interval = scans: 3                   
# start_time = Nov 28 2020 11:25:47 [System UTC, header]
# bad_flag = -9.990e-29
*END*
[from data line 5992]
      39968     23.079     2.0623     2.0577   2.892308   2.891730     2.1953     2.6078      8.151     4.6192   481.0026 4.0190e+00     0.1867    95.4388     7.7549     7.8772    32.6008    32.5984    26.0452    26.0436    7.74884 0.0000e+00
      39971     23.018     2.0623     2.0578   2.892280   2.891743     2.1962     2.6078      8.150     4.5988   481.0026 4.0051e+00     0.1885    95.3954     7.7576     7.8776    32.6005    32.5985    26.0450    26.0437    7.74886 0.0000e+00
      39974     22.951     2.0624     2.0578   2.892299   2.891753     2.1962     2.6086      8.151     4.6090   481.0026 3.9958e+00     0.1911    95.3345     7.7603     7.8829    32.6007    32.5986    26.0451    26.0438    7.74883 0.0000e+00
      39977     22.885     2.0622     2.0578   2.892292   2.891749     2.1953     2.6078      8.151     4.5887   481.0026 3.9728e+00     0.1904    95.3519     7.7567     7.8851    32.6008    32.5985    26.0452    26.0438    7.74886 0.0000e+00
      39980     22.817     2.0625     2.0578   2.892278   2.891742     2.1962     2.6086      8.153     4.6090   481.0026 3.9499e+00     0.1907    95.3432     7.7581     7.8886    32.6004    32.5985    26.0449    26.0437    7.74883 0.0000e+00
      39983     22.742     2.0624     2.0578   2.892268   2.891732     2.1962     2.6086      8.151     4.5887   481.0026 3.9135e+00     0.1907    95.3432     7.7564     7.8868    32.6004    32.5985    26.0449    26.0437    7.74884 0.0000e+00
      39986     22.661     2.0623     2.0579   2.892255   2.891708     2.1962     2.6078      8.150     4.6090   481.0026 3.9135e+00     0.1907    95.3432     7.7574     7.8819    32.6003    32.5981    26.0448    26.0433    7.74886 0.0000e+00
      39989     22.574     2.0623     2.0580   2.892228   2.891722     2.1953     2.6090      8.150     4.5887   481.0026 3.8865e+00     0.1907    95.3432     7.7529     7.8842    32.6001    32.5982    26.0446    26.0435    7.74888 0.0000e+00
      39992     22.487     2.0624     2.0580   2.892220   2.891704     2.1958     2.6090      8.153     4.5683   481.0026 3.8685e+00     0.1889    95.3867     7.7508     7.8829    32.5999    32.5981    26.0445    26.0434    7.74886 0.0000e+00
      39995     22.398     2.0623     2.0580   2.892192   2.891683     2.1962     2.6090      8.153     4.4869   405.7950 3.8551e+00     0.1878    95.4128     7.7509     7.8815    32.5997    32.5978    26.0443    26.0432    7.74889 0.0000e+00
      39998     22.303     2.0623     2.0579   2.892162   2.891689     2.1970     2.6094      8.151     4.5072     8.0832 3.8551e+00     0.1882    95.4041     7.7555     7.8821    32.5994    32.5981    26.0441    26.0434    7.74891 0.0000e+00
      40001     22.206     2.0622     2.0579   2.892143   2.891676     2.1958     2.6111      8.148     4.4869     2.3982 3.8462e+00     0.1878    95.4128     7.7510     7.8875    32.5994    32.5979    26.0441    26.0432    7.74894 0.0000e+00
      40004     22.103     2.0620     2.0580   2.892153   2.891660     2.1958     2.6099      8.148     4.4869     3.6616 3.8462e+00     0.1878    95.4128     7.7504     7.8802    32.5997    32.5978    26.0443    26.0431    7.74895 0.0000e+00
      40007     22.001     2.0624     2.0578   2.892171   2.891662     2.1962     2.6099      8.150     4.4869     3.6221 3.8374e+00     0.1878    95.4128     7.7524     7.8797    32.5995    32.5980    26.0442    26.0433    7.74888 0.0000e+00
      40010     21.891     2.0623     2.0577   2.892177   2.891714     2.1974     2.6099      8.151     4.4971     3.5826 3.8285e+00     0.1885    95.3954     7.7575     7.8790    32.5998    32.5988    26.0444    26.0439    7.74889 0.0000e+00
      40013     21.779     2.0621     2.0578   2.892177   2.891713     2.1966     2.6094      8.153     4.5072     3.5826 3.8285e+00     0.1907    95.3432     7.7538     7.8732    32.6001    32.5987    26.0447    26.0439    7.74892 0.0000e+00
      40016     21.660     2.0620     2.0577   2.892179   2.891665     2.1962     2.6099      8.153     4.4869     3.5826 3.8196e+00     0.1911    95.3345     7.7506     7.8749    32.6003    32.5983    26.0448    26.0436    7.74892 0.0000e+00
      40019     21.540     2.0624     2.0578   2.892161   2.891659     2.1958     2.6099      8.150     4.4767     3.5826 3.8285e+00     0.1911    95.3345     7.7466     7.8735    32.5998    32.5982    26.0444    26.0435    7.74888 0.0000e+00
      40022     21.416     2.0623     2.0577   2.892153   2.891642     2.1970     2.6099      8.150     4.4666     2.4772 3.8152e+00     0.1911    95.3345     7.7542     7.8717    32.5998    32.5982    26.0444    26.0434    7.74890 0.0000e+00
      40025     21.294     2.0622     2.0578   2.892110   2.891596     2.1970     2.6103      8.150     4.4666     0.9375 3.8285e+00     0.1911    95.3345     7.7547     7.8755    32.5994    32.5976    26.0441    26.0430    7.74893 0.0000e+00
      40028     21.168     2.0625     2.0576   2.892097   2.891628     2.1962     2.6094      8.151     4.4666     0.9770 3.8064e+00     0.1911    95.3345     7.7496     7.8744    32.5991    32.5982    26.0438    26.0435    7.74890 0.0000e+00
      40031     21.045     2.0622     2.0576   2.892101   2.891648     2.1966     2.6107      8.150     4.4869     0.9770 3.8152e+00     0.1893    95.3780     7.7489     7.8789    32.5995    32.5986    26.0441    26.0438    7.74894 0.0000e+00
      40034     20.922     2.0621     2.0574   2.892106   2.891625     2.1962     2.6107      8.150     4.4767     0.9770 3.8152e+00     0.1856    95.4649     7.7482     7.8807    32.5997    32.5985    26.0443    26.0437    7.74893 0.0000e+00
      40037     20.795     2.0622     2.0577   2.892122   2.891609     2.1966     2.6094      8.150     4.4666     0.9770 3.8152e+00     0.1856    95.4649     7.7520     7.8740    32.5999    32.5981    26.0445    26.0435    7.74892 0.0000e+00
      40040     20.670     2.0619     2.0575   2.892144   2.891658     2.1970     2.6111      8.151     4.4564     0.9770 3.8196e+00     0.1856    95.4649     7.7543     7.8784    32.6004    32.5990    26.0450    26.0441    7.74893 0.0000e+00
      40043     20.549     2.0620     2.0574   2.892161   2.891692     2.1966     2.6103      8.151     4.4666     0.9770 3.8241e+00     0.1856    95.4649     7.7509     7.8754    32.6007    32.5996    26.0451    26.0446    7.74890 0.0000e+00
      40046     20.428     2.0618     2.0574   2.892150   2.891661     2.1970     2.6107      8.150     4.3953     0.9770 3.8374e+00     0.1853    95.4736     7.7498     7.8753    32.6008    32.5993    26.0452    26.0444    7.74894 0.0000e+00
      40049     20.308     2.0621     2.0574   2.892141   2.891659     2.1966     2.6107      8.148     4.3750   331.1007 3.8507e+00     0.1853    95.4736     7.7471     7.8739    32.6005    32.5993    26.0450    26.0444    7.74891 0.0000e+00
      40052     20.190     2.0621     2.0574   2.892129   2.891618     2.1970     2.6107      8.150     4.3648   482.1870 3.8596e+00     0.1863    95.4475     7.7460     7.8740    32.6004    32.5988    26.0449    26.0440    7.74891 0.0000e+00
      40055     20.074     2.0619     2.0574   2.892134   2.891602     2.1966     2.6107      8.150     4.3750   480.7263 3.8685e+00     0.1867    95.4388     7.7428     7.8709    32.6007    32.5988    26.0452    26.0439    7.74892 0.0000e+00
      40058     19.963     2.0619     2.0572   2.892093   2.891569     2.1970     2.6111      8.151     4.3750   481.0026 3.8775e+00     0.1867    95.4388     7.7432     7.8723    32.6002    32.5986    26.0448    26.0438    7.74894 0.0000e+00
      40061     19.855     2.0618     2.0573   2.892051   2.891508     2.1970     2.6103      8.153     4.3851   481.0026 3.9135e+00     0.1867    95.4388     7.7434     7.8676    32.5999    32.5978    26.0445    26.0432    7.74899 0.0000e+00
      40064     19.754     2.0618     2.0577   2.892038   2.891428     2.1970     2.6103      8.153     4.3750   481.0026 3.9317e+00     0.1867    95.4388     7.7450     7.8660    32.5998    32.5964    26.0444    26.0420    7.74899 0.0000e+00
      40067     19.666     2.0620     2.0579   2.891895   2.891436     2.1966     2.6111      8.153     4.3851   481.0026 3.9774e+00     0.1867    95.4388     7.7443     7.8695    32.5979    32.5964    26.0429    26.0420    7.74905 0.0000e+00
      40070     19.595     2.0621     2.0577   2.891943   2.891448     2.1966     2.6103      8.150     4.3953   481.0026 4.0051e+00     0.1867    95.4388     7.7459     7.8661    32.5984    32.5967    26.0433    26.0423    7.74901 0.0000e+00
      40073     19.545     2.0620     2.0577   2.891969   2.891458     2.1958     2.6107      8.148     4.4666   462.5659 4.0236e+00     0.1878    95.4128     7.7420     7.8684    32.5988    32.5969    26.0436    26.0425    7.74900 0.0000e+00
      42032     19.509     2.0686     2.0656   2.891509   2.891133     2.2026     2.6204      8.153     5.1279   481.0026 5.1711e+00     0.1911    95.3345     7.7518     7.8923    32.5863    32.5848    26.0331    26.0322    7.74834 0.0000e+00
      42035     19.452     2.0688     2.0658   2.891503   2.891124     2.2022     2.6204      8.153     4.9957   481.0026 5.2070e+00     0.1911    95.3345     7.7515     7.8902    32.5861    32.5845    26.0329    26.0318    7.74832 0.0000e+00
      42038     19.393     2.0686     2.0650   2.891496   2.891038     2.2022     2.6200      8.153     4.9753   353.6827 5.2494e+00     0.1915    95.3258     7.7575     7.8888    32.5863    32.5842    26.0331    26.0317    7.74835 0.0000e+00
      42041     19.333     2.0683     2.0643   2.891487   2.891006     2.2026     2.6200      8.153     4.9753     3.6221 5.2859e+00     0.1918    95.3172     7.7639     7.8894    32.5865    32.5846    26.0333    26.0321    7.74839 0.0000e+00
      42044     19.267     2.0684     2.0642   2.891495   2.891005     2.2026     2.6200      8.153     4.9651    14.3209 5.3412e+00     0.1911    95.3345     7.7636     7.8880    32.5866    32.5848    26.0333    26.0323    7.74838 0.0000e+00
      42047     19.195     2.0686     2.0641   2.891511   2.890985     2.2014     2.6200      8.150     4.9550    13.8866 5.3970e+00     0.1911    95.3345     7.7567     7.8849    32.5866    32.5846    26.0334    26.0321    7.74833 0.0000e+00
      42050     19.118     2.0686     2.0641   2.891496   2.891004     2.2022     2.6200      8.153     4.9550    13.8866 5.4535e+00     0.1911    95.3345     7.7564     7.8860    32.5864    32.5849    26.0332    26.0323    7.74834 0.0000e+00
      42053     19.038     2.0687     2.0642   2.891506   2.890996     2.2018     2.6188      8.148     4.9651    13.8866 5.5042e+00     0.1922    95.3085     7.7525     7.8805    32.5865    32.5847    26.0333    26.0322    7.74832 0.0000e+00
      42056     18.956     2.0689     2.0643   2.891491   2.891004     2.2006     2.6196      8.151     4.9651    13.8866 5.5553e+00     0.1918    95.3172     7.7475     7.8802    32.5861    32.5848    26.0330    26.0323    7.74829 0.0000e+00
      42059     18.868     2.0688     2.0646   2.891501   2.891003     2.2018     2.6188      8.153     4.9448    13.8866 5.6069e+00     0.1922    95.3085     7.7557     7.8780    32.5864    32.5846    26.0332    26.0320    7.74830 0.0000e+00
      42062     18.779     2.0689     2.0646   2.891517   2.890991     2.2018     2.6188      8.153     4.5378    13.8866 5.6656e+00     0.1922    95.3085     7.7578     7.8773    32.5865    32.5844    26.0333    26.0320    7.74828 0.0000e+00
      42065     18.684     2.0691     2.0644   2.891501   2.890997     2.2014     2.6188      8.153     4.5378   266.2366 5.7381e+00     0.1922    95.3085     7.7542     7.8771    32.5862    32.5847    26.0330    26.0322    7.74825 0.0000e+00
      42068     18.582     2.0691     2.0646   2.891516   2.890996     2.2006     2.6176      8.151     4.5276   481.9896 5.8048e+00     0.1915    95.3258     7.7509     7.8713    32.5865    32.5846    26.0332    26.0321    7.74825 0.0000e+00
      42071     18.481     2.0689     2.0645   2.891490   2.890998     2.2010     2.6180      8.151     4.5378   480.7263 5.8656e+00     0.1922    95.3085     7.7531     7.8731    32.5864    32.5847    26.0332    26.0322    7.74829 0.0000e+00
      42074     18.384     2.0683     2.0644   2.891468   2.890985     2.2010     2.6184      8.153     4.5174   481.0026 5.9406e+00     0.1933    95.2824     7.7536     7.8763    32.5867    32.5848    26.0335    26.0323    7.74838 0.0000e+00
      42077     18.278     2.0680     2.0642   2.891456   2.890986     2.2006     2.6176      8.153     4.5378   481.0026 6.0098e+00     0.1933    95.2824     7.7563     7.8746    32.5870    32.5850    26.0337    26.0324    7.74843 0.0000e+00
      42080     18.170     2.0678     2.0641   2.891451   2.890964     2.2014     2.6176      8.151     4.5378   480.8842 6.1148e+00     0.1933    95.2824     7.7601     7.8761    32.5872    32.5849    26.0339    26.0324    7.74846 0.0000e+00
      42083     18.063     2.0675     2.0636   2.891434   2.890934     2.2018     2.6176      8.153     4.5276   480.9237 6.2003e+00     0.1933    95.2824     7.7598     7.8770    32.5873    32.5851    26.0340    26.0326    7.74851 0.0000e+00
      42086     17.955     2.0672     2.0631   2.891429   2.890940     2.2014     2.6172      8.153     4.5276   480.9237 6.2869e+00     0.1933    95.2824     7.7609     7.8760    32.5876    32.5858    26.0343    26.0331    7.74855 0.0000e+00
      42089     17.846     2.0670     2.0630   2.891421   2.890932     2.1998     2.6172      8.150     4.5174   480.9631 6.3747e+00     0.1933    95.2824     7.7536     7.8793    32.5878    32.5859    26.0345    26.0332    7.74858 0.0000e+00
      42092     17.738     2.0671     2.0626   2.891399   2.890899     2.2002     2.6163      8.150     4.5276    88.9363 6.4414e+00     0.1966    95.2042     7.7560     7.8772    32.5876    32.5859    26.0342    26.0333    7.74858 0.0000e+00
      42095     17.634     2.0667     2.0623   2.891402   2.890902     2.2006     2.6172      8.153     4.5276     1.8061 6.5541e+00     0.2006    95.1085     7.7570     7.8791    32.5880    32.5863    26.0346    26.0336    7.74863 0.0000e+00
      42098     17.529     2.0668     2.0623   2.891398   2.890896     2.2010     2.6167      8.153     4.5480     5.6750 6.6611e+00     0.2010    95.0998     7.7576     7.8780    32.5879    32.5863    26.0346    26.0336    7.74862 0.0000e+00
      42101     17.426     2.0669     2.0621   2.891403   2.890884     2.2014     2.6167      8.150     4.5276     5.4776 6.7541e+00     0.2003    95.1172     7.7585     7.8793    32.5879    32.5864    26.0345    26.0337    7.74860 0.0000e+00
      42104     17.328     2.0669     2.0619   2.891392   2.890861     2.2006     2.6167      8.148     4.5378     5.4776 6.8405e+00     0.2006    95.1085     7.7534     7.8800    32.5879    32.5864    26.0345    26.0337    7.74861 0.0000e+00
      42107     17.234     2.0668     2.0617   2.891397   2.890860     2.2006     2.6163      8.150     4.5276     5.4776 6.9200e+00     0.2006    95.1085     7.7557     7.8783    32.5881    32.5866    26.0347    26.0339    7.74861 0.0000e+00
      42110     17.145     2.0670     2.0618   2.891381   2.890839     2.2006     2.6163      8.153     4.5378     5.4776 7.0087e+00     0.2010    95.0998     7.7581     7.8791    32.5877    32.5863    26.0344    26.0337    7.74860 0.0000e+00
      42113     17.059     2.0669     2.0620   2.891367   2.890831     2.2002     2.6176      8.151     4.4971     5.4776 7.0902e+00     0.1966    95.2041     7.7531     7.8846    32.5877    32.5861    26.0344    26.0334    7.74861 0.0000e+00
      42116     16.977     2.0667     2.0623   2.891337   2.890843     2.2006     2.6159      8.151     4.4666     4.9644 7.1975e+00     0.1944    95.2563     7.7509     7.8782    32.5876    32.5860    26.0343    26.0333    7.74866 0.0000e+00
