Datasets/AZMP/HUD120/hud120_2020_023.cnv
* Sea-Bird SBE 9 Data File:
* FileName = C:\CTDDATA\hud120_2020_023.hex
* Software Version Seasave V 7.26.7.110
* Temperature SN = 1697
* Conductivity SN = 4216
* Number of Bytes Per Scan = 30
* Number of Voltage Words = 4
* Number of Scans Averaged by the Deck Unit = 1
* NMEA baud rate = 4800
** VESSEL/TRIP/SEQ STN:  hud120_2020_023
** LATITUDE XX XX.XX: 44 43.50 N
** LONGITUDE XX XX.XX: 051 23.70 W
** SOUNDING DEPTH (M): 0072
** PROBE TYPE: S1146
** CTD NUMBER: 013
** FORMAT: V
** COMMENTS (14 CHAR): SEGB-09
** BOTTLES:  07
** LEVELS: 5,10,20,30,40,50,BTM
** STICKERS: 439595 - 439601
** VNET: Y
** DO2: Y
# nquan = 22
# nvalues = 1305                        
# units = specified
# name 0 = scan: Scan Count
# name 1 = prDM: Pressure, Digiquartz [db]
# name 2 = t090C: Temperature [ITS-90, deg C]
# name 3 = t190C: Temperature, 2 [ITS-90, deg C]
# name 4 = c0S/m: Conductivity [S/m]
# name 5 = c1S/m: Conductivity, 2 [S/m]
# name 6 = sbeox0V: Oxygen raw, SBE 43 [V]
# name 7 = sbeox1V: Oxygen raw, SBE 43, 2 [V]
# name 8 = ph: pH
# name 9 = flECO-AFL: Fluorescence, WET Labs ECO-AFL/FL [mg/m^3]
# name 10 = wetCDOM: Fluorescence, WET Labs CDOM [mg/m^3]
# name 11 = par/sat/log: PAR/Logarithmic, Satlantic [umol photons/m^2/sec]
# name 12 = CStarAt0: Beam Attenuation, WET Labs C-Star [1/m]
# name 13 = CStarTr0: Beam Transmission, WET Labs C-Star [%]
# name 14 = sbeox0ML/L: Oxygen, SBE 43 [ml/l], WS = 2
# name 15 = sbeox1ML/L: Oxygen, SBE 43, 2 [ml/l], WS = 2
# name 16 = sal00: Salinity, Practical [PSU]
# name 17 = sal11: Salinity, Practical, 2 [PSU]
# name 18 = sigma-t00: Density [sigma-t, kg/m^3 ]
# name 19 = sigma-t11: Density, 2 [sigma-t, kg/m^3 ]
# name 20 = oxsatML/L: Oxygen Saturation, Weiss [ml/l]
# name 21 = flag: flag
# span 0 =         12,      35469       
# span 1 =      0.138,     69.542       
# span 2 =     4.4959,    12.0918       
# span 3 =     4.4914,    12.0876       
# span 4 =   3.101650,   3.723868       
# span 5 =   3.101114,   3.723312       
# span 6 =     1.7297,     2.1956       
# span 7 =     2.0292,     2.6050       
# span 8 =      7.805,      8.136       
# span 9 =     1.6379,     5.4535       
# span 10 =    -2.8130,   482.1870      
# span 11 = 1.0678e-01, 6.9635e+01      
# span 12 =     0.1357,     0.4627      
# span 13 =    89.0761,    96.6645      
# span 14 =     5.0155,     6.1784      
# span 15 =     4.9034,     6.1955      
# span 16 =    30.4329,    33.0197      
# span 17 =    31.1845,    32.9230      
# span 18 =    23.0312,    25.9847      
# span 19 =    23.6148,    25.9467      
# span 20 =    6.14524,    7.28665      
# span 21 = 0.0000e+00, 0.0000e+00      
# interval = scans: 3                   
# start_time = Nov 18 2020 10:49:08 [System UTC, header]
# bad_flag = -9.990e-29
*END*
[from data line 593]
       8620     63.792     4.4989     4.4932   3.105395   3.104654     1.7707     2.0788      7.860     1.7499   481.3579 1.0690e-01     0.4305    89.7975     5.3927     5.4804    32.6851    32.6821    25.8943    25.8925    7.28625 0.0000e+00
       8623     63.896     4.4988     4.4932   3.105449   3.104657     1.7707     2.0776      7.859     1.7397   481.3579 1.0703e-01     0.4301    89.8062     5.3953     5.4776    32.6858    32.6821    25.8948    25.8925    7.28623 0.0000e+00
       8626     63.972     4.5013     4.4962   3.105744   3.104956     1.7699     2.0768      7.859     1.7600   481.3579 1.0690e-01     0.4301    89.8062     5.3938     5.4773    32.6867    32.6826    25.8952    25.8926    7.28574 0.0000e+00
       8629     64.024     4.5071     4.5008   3.106374   3.105477     1.7699     2.0756      7.859     1.7702   481.3579 1.0690e-01     0.4301    89.8062     5.3997     5.4751    32.6882    32.6840    25.8959    25.8932    7.28463 0.0000e+00
       8779     64.141     4.5422     4.5269   3.110173   3.108286     1.7500     2.0507      7.857     1.6786    15.4658 1.0690e-01     0.4185    90.0670     5.3481     5.4143    32.6977    32.6908    25.8997    25.8959    7.27794 0.0000e+00
       8782     64.399     4.5368     4.5153   3.109274   3.107577     1.7496     2.0507      7.857     1.7091    15.4263 1.0703e-01     0.4196    90.0409     5.3489     5.4168    32.6924    32.6940    25.8961    25.8996    7.27914 0.0000e+00
       8785     64.655     4.5117     4.5045   3.107240   3.106747     1.7500     2.0491      7.857     1.7193    15.4263 1.0690e-01     0.4196    90.0409     5.3566     5.4131    32.6934    32.6948    25.8995    25.9014    7.28356 0.0000e+00
       8788     64.904     4.5087     4.5029   3.107863   3.106838     1.7496     2.0499      7.857     1.7193    15.4263 1.0690e-01     0.4200    90.0322     5.3543     5.4189    32.7036    32.6974    25.9079    25.9036    7.28361 0.0000e+00
       8791     65.151     4.5190     4.5060   3.108342   3.107038     1.7496     2.0495      7.857     1.7193   356.2094 1.0703e-01     0.4200    90.0322     5.3535     5.4174    32.6989    32.6965    25.9031    25.9025    7.28201 0.0000e+00
       8794     65.393     4.5142     4.5051   3.108011   3.107005     1.7492     2.0487      7.855     1.7193   482.0686 1.0703e-01     0.4200    90.0322     5.3537     5.4155    32.6996    32.6969    25.9041    25.9030    7.28282 0.0000e+00
       8797     65.627     4.5185     4.5067   3.108504   3.107187     1.7487     2.0487      7.855     1.7091   481.0421 1.0690e-01     0.4216    89.9974     5.3540     5.4168    32.7010    32.6973    25.9048    25.9031    7.28199 0.0000e+00
       8800     65.853     4.5237     4.5137   3.108683   3.107639     1.7487     2.0483      7.855     1.6989   481.3579 1.0690e-01     0.4312    89.7802     5.3539     5.4168    32.6978    32.6955    25.9017    25.9009    7.28122 0.0000e+00
       8803     66.068     4.5083     4.5020   3.107258   3.106580     1.7487     2.0483      7.857     1.7193   481.3579 1.0690e-01     0.4320    89.7628     5.3574     5.4195    32.6963    32.6947    25.9022    25.9015    7.28403 0.0000e+00
       8806     66.275     4.4995     4.4945   3.106821   3.106105     1.7483     2.0479      7.857     1.7193   481.3579 1.0678e-01     0.4316    89.7715     5.3568     5.4188    32.6998    32.6965    25.9059    25.9038    7.28543 0.0000e+00
       8809     66.474     4.4981     4.4932   3.106712   3.106057     1.7479     2.0475      7.857     1.7091   481.3579 1.0690e-01     0.4312    89.7802     5.3540     5.4187    32.6998    32.6971    25.9060    25.9044    7.28567 0.0000e+00
       8812     66.660     4.4982     4.4932   3.106698   3.106070     1.7475     2.0475      7.855     1.7193   481.3579 1.0690e-01     0.4320    89.7628     5.3508     5.4168    32.6995    32.6971    25.9058    25.9044    7.28568 0.0000e+00
       8815     66.832     4.4983     4.4931   3.106694   3.106030     1.7483     2.0471      7.854     1.7091   451.3144 1.0703e-01     0.4312    89.7802     5.3535     5.4159    32.6993    32.6967    25.9055    25.9041    7.28567 0.0000e+00
       8818     66.991     4.4982     4.4930   3.106697   3.106024     1.7483     2.0475      7.854     1.7091    36.6265 1.0690e-01     0.4316    89.7715     5.3542     5.4185    32.6993    32.6966    25.9056    25.9040    7.28568 0.0000e+00
       8821     67.135     4.4986     4.4930   3.106688   3.106028     1.7479     2.0475      7.854     1.7193    16.0580 1.0690e-01     0.4301    89.8062     5.3537     5.4175    32.6987    32.6966    25.9051    25.9040    7.28564 0.0000e+00
       8824     67.265     4.4986     4.4932   3.106675   3.106033     1.7471     2.0475      7.854     1.7193    16.7686 1.0690e-01     0.4305    89.7975     5.3499     5.4195    32.6986    32.6964    25.9050    25.9038    7.28566 0.0000e+00
       8827     67.387     4.4979     4.4931   3.106697   3.105988     1.7475     2.0462      7.852     1.7295    16.7291 1.0703e-01     0.4312    89.7802     5.3520     5.4141    32.6994    32.6959    25.9057    25.9035    7.28573 0.0000e+00
       8830     67.495     4.4980     4.4929   3.106651   3.105995     1.7471     2.0454      7.852     1.7193    16.7291 1.0690e-01     0.4305    89.7975     5.3504     5.4119    32.6987    32.6961    25.9052    25.9036    7.28575 0.0000e+00
       8833     67.592     4.4980     4.4929   3.106655   3.106030     1.7459     2.0458      7.852     1.7396    16.7291 1.0703e-01     0.4312    89.7802     5.3468     5.4131    32.6987    32.6965    25.9052    25.9039    7.28575 0.0000e+00
       8836     67.677     4.4983     4.4929   3.106653   3.106021     1.7459     2.0450      7.852     1.8109    16.7291 1.0678e-01     0.4308    89.7889     5.3461     5.4119    32.6984    32.6963    25.9049    25.9038    7.28572 0.0000e+00
       8839     67.753     4.4978     4.4929   3.106673   3.106052     1.7459     2.0454      7.852     1.8007    16.7291 1.0690e-01     0.4327    89.7454     5.3468     5.4130    32.6990    32.6966    25.9055    25.9041    7.28577 0.0000e+00
       8842     67.821     4.4978     4.4930   3.106684   3.106086     1.7463     2.0454      7.852     1.8007    17.1634 1.0703e-01     0.4335    89.7280     5.3518     5.4132    32.6991    32.6969    25.9055    25.9042    7.28577 0.0000e+00
       8845     67.877     4.4977     4.4930   3.106703   3.106085     1.7463     2.0446      7.852     1.8109    18.4267 1.0678e-01     0.4335    89.7280     5.3567     5.4128    32.6995    32.6969    25.9058    25.9043    7.28577 0.0000e+00
       8848     67.928     4.4978     4.4928   3.106719   3.106093     1.7459     2.0458      7.852     1.8007    18.3872 1.0690e-01     0.4335    89.7280     5.3555     5.4195    32.6995    32.6972    25.9058    25.9045    7.28575 0.0000e+00
       8851     67.974     4.4972     4.4936   3.106665   3.106341     1.7455     2.0442      7.852     1.8210    18.3872 1.0690e-01     0.4335    89.7280     5.3562     5.4163    32.6994    32.6992    25.9058    25.9060    7.28586 0.0000e+00
       8854     68.017     4.4969     4.5012   3.106608   3.106693     1.7455     2.0442      7.852     1.8007    18.3872 1.0678e-01     0.4335    89.7280     5.3601     5.4148    32.6991    32.6958    25.9056    25.9025    7.28594 0.0000e+00
       8857     68.060     4.4968     4.5034   3.106599   3.106603     1.7459     2.0446      7.852     1.8007    18.3872 1.0678e-01     0.4335    89.7280     5.3619     5.4137    32.6990    32.6925    25.9055    25.8997    7.28594 0.0000e+00
       8860     68.103     4.4978     4.5023   3.106780   3.106750     1.7451     2.0450      7.852     1.8414    18.3872 1.0690e-01     0.4258    89.9018     5.3565     5.4154    32.7001    32.6953    25.9063    25.9020    7.28571 0.0000e+00
       8863     68.142     4.5110     4.5037   3.107983   3.107078     1.7455     2.0430      7.852     1.8720    18.3872 1.0690e-01     0.4243    89.9366     5.3542     5.4074    32.7010    32.6977    25.9057    25.9038    7.28333 0.0000e+00
       8866     68.184     4.5194     4.5049   3.108460   3.107297     1.7463     2.0446      7.852     1.8720    18.3872 1.0715e-01     0.4243    89.9366     5.3536     5.4138    32.6983    32.6991    25.9026    25.9047    7.28197 0.0000e+00
       8869     68.227     4.5192     4.5099   3.108195   3.107723     1.7455     2.0438      7.852     1.8821   265.5260 1.0715e-01     0.4243    89.9366     5.3505     5.4099    32.6953    32.6991    25.9002    25.9042    7.28213 0.0000e+00
       8872     68.272     4.5103     4.5142   3.107262   3.107860     1.7451     2.0438      7.852     1.8618   481.9501 1.0690e-01     0.4243    89.9366     5.3481     5.4120    32.6932    32.6964    25.8995    25.9016    7.28382 0.0000e+00
       8875     68.319     4.5001     4.5133   3.106790   3.107598     1.7459     2.0438      7.852     1.8618   481.0027 1.0690e-01     0.4247    89.9279     5.3515     5.4139    32.6979    32.6942    25.9043    25.9000    7.28542 0.0000e+00
       8878     68.366     4.4979     4.4998   3.106714   3.106605     1.7455     2.0426      7.852     1.8821   481.3579 1.0690e-01     0.4246    89.9279     5.3498     5.4108    32.6991    32.6959    25.9055    25.9028    7.28575 0.0000e+00
       8881     68.416     4.4971     4.4949   3.106655   3.106233     1.7447     2.0422      7.852     1.8618   481.3579 1.0703e-01     0.4212    90.0061     5.3479     5.4103    32.6991    32.6964    25.9056    25.9037    7.28589 0.0000e+00
       8884     68.466     4.4970     4.4941   3.106669   3.106177     1.7447     2.0434      7.852     1.8821   481.3579 1.0703e-01     0.4212    90.0061     5.3471     5.4167    32.6995    32.6966    25.9059    25.9039    7.28590 0.0000e+00
       8887     68.513     4.4965     4.4928   3.106660   3.106085     1.7443     2.0430      7.852     1.8720   481.3579 1.0715e-01     0.4208    90.0148     5.3466     5.4165    32.6998    32.6967    25.9062    25.9041    7.28596 0.0000e+00
       8890     68.557     4.4969     4.4923   3.106654   3.106080     1.7439     2.0426      7.852     1.8720   481.3579 1.0703e-01     0.4208    90.0148     5.3435     5.4141    32.6993    32.6971    25.9058    25.9045    7.28592 0.0000e+00
       9024     68.612     4.5005     4.4956   3.107068   3.106394     1.7422     2.0385      7.849     1.7804   160.5512 1.0678e-01     0.4293    89.8236     5.3451     5.4083    32.7006    32.6975    25.9064    25.9045    7.28522 0.0000e+00
       9092     68.727     4.5054     4.4974   3.107469   3.106605     1.7406     2.0357      7.846     1.7397     0.1479 1.0678e-01     0.4339    89.7193     5.3409     5.4038    32.7003    32.6981    25.9056    25.9048    7.28435 0.0000e+00
       9095     68.840     4.5055     4.4983   3.107439   3.106668     1.7390     2.0353      7.846     1.7600     0.1479 1.0690e-01     0.4339    89.7193     5.3321     5.4039    32.6997    32.6979    25.9052    25.9045    7.28436 0.0000e+00
       9098     68.940     4.5062     4.4995   3.107504   3.106778     1.7398     2.0357      7.845     1.7804     0.1479 1.0690e-01     0.4335    89.7280     5.3322     5.4064    32.6999    32.6980    25.9052    25.9044    7.28424 0.0000e+00
       9101     69.026     4.5066     4.5011   3.107553   3.106879     1.7398     2.0361      7.845     1.7702     0.1479 1.0678e-01     0.4359    89.6758     5.3313     5.4084    32.6999    32.6975    25.9052    25.9039    7.28416 0.0000e+00
       9104     69.102     4.5086     4.5019   3.107730   3.106946     1.7378     2.0361      7.846     1.7702     2.0824 1.0678e-01     0.4382    89.6237     5.3201     5.4070    32.6999    32.6974    25.9050    25.9037    7.28380 0.0000e+00
       9107     69.165     4.5108     4.5020   3.107859   3.106943     1.7390     2.0365      7.848     1.7702     6.3067 1.0703e-01     0.4386    89.6150     5.3244     5.4062    32.6993    32.6973    25.9043    25.9036    7.28345 0.0000e+00
       9110     69.214     4.5117     4.5023   3.107860   3.106978     1.7390     2.0361      7.843     1.7804     6.1882 1.0703e-01     0.4382    89.6237     5.3244     5.4040    32.6984    32.6974    25.9035    25.9036    7.28333 0.0000e+00
       9113     69.254     4.5111     4.5034   3.107800   3.107059     1.7390     2.0365      7.846     1.7804     6.1882 1.0678e-01     0.4382    89.6237     5.3271     5.4050    32.6982    32.6973    25.9034    25.9034    7.28343 0.0000e+00
       9201     69.295     4.5056     4.5002   3.107317   3.106753     1.7386     2.0349      7.843     1.7804     7.3726 1.0703e-01     0.4374    89.6411     5.3315     5.3998    32.6980    32.6968    25.9038    25.9034    7.28443 0.0000e+00
       9375     69.374     4.4963     4.4928   3.106468   3.106023     1.7374     2.0320      7.833     1.8007     9.7413 1.0690e-01     0.4359    89.6758     5.3269     5.3905    32.6973    32.6955    25.9042    25.9032    7.28612 0.0000e+00
       9378     69.444     4.4959     4.4924   3.106506   3.105979     1.7370     2.0328      7.833     1.8210     9.7808 1.0690e-01     0.4363    89.6671     5.3267     5.3942    32.6982    32.6954    25.9049    25.9031    7.28616 0.0000e+00
       9381     69.498     4.4961     4.4914   3.106487   3.105980     1.7365     2.0320      7.833     1.8109     9.7808 1.0690e-01     0.4359    89.6758     5.3253     5.3927    32.6977    32.6964    25.9046    25.9040    7.28614 0.0000e+00
       9384     69.537     4.4976     4.4924   3.106595   3.106065     1.7370     2.0328      7.833     1.7397     9.7413 1.0678e-01     0.4448    89.4759     5.3268     5.3951    32.6974    32.6964    25.9042    25.9039    7.28589 0.0000e+00
       9393     69.542     4.5023     4.4964   3.107003   3.106354     1.7361     2.0324      7.836     1.7499     8.8728 1.0678e-01     0.4619    89.0935     5.3234     5.3921    32.6975    32.6957    25.9038    25.9030    7.28504 0.0000e+00
       9396     69.512     4.5038     4.4991   3.107066   3.106550     1.7361     2.0328      7.836     1.7397     8.3201 1.0678e-01     0.4619    89.0935     5.3241     5.3935    32.6968    32.6954    25.9030    25.9024    7.28481 0.0000e+00
       9399     69.473     4.5031     4.4990   3.106952   3.106500     1.7370     2.0328      7.835     1.7600     8.3201 1.0690e-01     0.4627    89.0761     5.3326     5.3925    32.6962    32.6950    25.9026    25.9021    7.28496 0.0000e+00
       9402     69.419     4.5019     4.4976   3.106848   3.106376     1.7370     2.0328      7.838     1.7397     8.3201 1.0703e-01     0.4627    89.0761     5.3371     5.3917    32.6962    32.6950    25.9027    25.9022    7.28518 0.0000e+00
       9405     69.354     4.5010     4.4975   3.106788   3.106445     1.7365     2.0332      7.833     1.7295     8.3201 1.0678e-01     0.4386    89.6150     5.3379     5.3923    32.6964    32.6959    25.9030    25.9030    7.28534 0.0000e+00
       9408     69.275     4.5005     4.4989   3.106731   3.106565     1.7361     2.0328      7.836     1.7295     8.3201 1.0690e-01     0.4219    89.9888     5.3353     5.3900    32.6963    32.6959    25.9030    25.9028    7.28543 0.0000e+00
       9411     69.182     4.5000     4.4991   3.106771   3.106515     1.7361     2.0332      7.838     1.7397     8.3201 1.0703e-01     0.4231    89.9627     5.3372     5.3917    32.6972    32.6952    25.9038    25.9022    7.28546 0.0000e+00
       9414     69.082     4.5032     4.5013   3.107071   3.106741     1.7374     2.0328      7.838     1.7397     8.3201 1.0703e-01     0.4227    89.9714     5.3420     5.3905    32.6977    32.6957    25.9038    25.9025    7.28488 0.0000e+00
       9417     68.971     4.5043     4.5013   3.107015   3.106660     1.7374     2.0328      7.833     1.7499    15.8606 1.0703e-01     0.4231    89.9627     5.3407     5.3896    32.6959    32.6948    25.9023    25.9017    7.28476 0.0000e+00
