Datasets/AZMP/HUD120/hud120_2020_051.cnv
* Sea-Bird SBE 9 Data File:
* FileName = C:\CTDDATA\hud120_2020_051.hex
* Software Version Seasave V 7.26.7.110
* Temperature SN = 1697
* Conductivity SN = 4216
* Number of Bytes Per Scan = 30
* Number of Voltage Words = 4
* Number of Scans Averaged by the Deck Unit = 1
* NMEA baud rate = 4800
** VESSEL/TRIP/SEQ STN:  hud120_2020_051
** LATITUDE XX XX.XX: 47 00.00 N
** LONGITUDE XX XX.XX: 043 50.00 W
** SOUNDING DEPTH (M): 0581
** PROBE TYPE: S1146
** CTD NUMBER: 030
** FORMAT: V
** COMMENTS (14 CHAR): FC-31
** BOTTLES:  10
** LEVELS: 5,10,20,30,40,50,75,100,150,BTM
** STICKERS: 439699 - 439708
** VNET: Y
** DO2: N
# nquan = 22
# nvalues = 8521                        
# units = specified
# name 0 = scan: Scan Count
# name 1 = prDM: Pressure, Digiquartz [db]
# name 2 = t090C: Temperature [ITS-90, deg C]
# name 3 = t190C: Temperature, 2 [ITS-90, deg C]
# name 4 = c0S/m: Conductivity [S/m]
# name 5 = c1S/m: Conductivity, 2 [S/m]
# name 6 = sbeox0V: Oxygen raw, SBE 43 [V]
# name 7 = sbeox1V: Oxygen raw, SBE 43, 2 [V]
# name 8 = ph: pH
# name 9 = flECO-AFL: Fluorescence, WET Labs ECO-AFL/FL [mg/m^3]
# name 10 = wetCDOM: Fluorescence, WET Labs CDOM [mg/m^3]
# name 11 = par/sat/log: PAR/Logarithmic, Satlantic [umol photons/m^2/sec]
# name 12 = CStarAt0: Beam Attenuation, WET Labs C-Star [1/m]
# name 13 = CStarTr0: Beam Transmission, WET Labs C-Star [%]
# name 14 = sbeox0ML/L: Oxygen, SBE 43 [ml/l], WS = 2
# name 15 = sbeox1ML/L: Oxygen, SBE 43, 2 [ml/l], WS = 2
# name 16 = sal00: Salinity, Practical [PSU]
# name 17 = sal11: Salinity, Practical, 2 [PSU]
# name 18 = sigma-t00: Density [sigma-t, kg/m^3 ]
# name 19 = sigma-t11: Density, 2 [sigma-t, kg/m^3 ]
# name 20 = oxsatML/L: Oxygen Saturation, Weiss [ml/l]
# name 21 = flag: flag
# span 0 =          2,      64019       
# span 1 =      1.843,    578.242       
# span 2 =     3.6736,     8.0290       
# span 3 =     3.6761,     8.0247       
# span 4 =   3.224602,   3.533209       
# span 5 =   3.224915,   3.532580       
# span 6 =     1.8256,     2.2059       
# span 7 =     2.1732,     2.6512       
# span 8 =      7.950,      8.123       
# span 9 =     0.8646,     5.9928       
# span 10 =    -2.8130,   482.1870      
# span 11 = 1.0483e-01, 2.0319e-01      
# span 12 =     0.0803,     0.3314      
# span 13 =    92.0488,    98.0118      
# span 14 =     5.6392,     6.7235      
# span 15 =     5.7946,     6.9423      
# span 16 =    33.6877,    34.8785      
# span 17 =    33.6872,    34.8774      
# span 18 =    26.3200,    27.6927      
# span 19 =    26.3565,    27.6927      
# span 20 =    6.64595,    7.33222      
# span 21 = 0.0000e+00, 0.0000e+00      
# interval = scans: 3                   
# start_time = Nov 22 2020 21:20:33 [System UTC, header]
# bad_flag = -9.990e-29
*END*
[from data line 6519]
      35064    227.343     4.0368     4.0321   3.249439   3.249063     1.9020     2.2759      7.968     0.9460   481.2790 1.0715e-01     0.0878    97.8292     6.1641     6.3662    34.7663    34.7668    27.5965    27.5973    7.26838 0.0000e+00
      35067    227.241     4.0361     4.0317   3.249376   3.248989     1.9020     2.2754      7.968     0.9358   480.4499 1.0715e-01     0.0878    97.8292     6.1617     6.3637    34.7663    34.7665    27.5965    27.5971    7.26850 0.0000e+00
      35070    227.150     4.0348     4.0309   3.249238   3.248864     1.9024     2.2746      7.968     0.9460    74.2896 1.0715e-01     0.0878    97.8292     6.1648     6.3600    34.7662    34.7659    27.5965    27.5967    7.26874 0.0000e+00
      35073    227.065     4.0343     4.0305   3.249159   3.248835     1.9024     2.2754      7.968     0.9257     3.8195 1.0715e-01     0.0874    97.8379     6.1657     6.3634    34.7658    34.7660    27.5963    27.5969    7.26885 0.0000e+00
      35076    226.987     4.0336     4.0306   3.249078   3.248838     1.9024     2.2742      7.968     0.9460     7.5700 1.0715e-01     0.0874    97.8379     6.1658     6.3607    34.7657    34.7659    27.5963    27.5968    7.26899 0.0000e+00
      35079    226.917     4.0341     4.0299   3.249121   3.248748     1.9024     2.2746      7.968     0.9358     7.3726 1.0715e-01     0.0881    97.8205     6.1654     6.3627    34.7656    34.7656    27.5962    27.5967    7.26889 0.0000e+00
      35082    226.859     4.0335     4.0298   3.249054   3.248729     1.9028     2.2746      7.968     0.9358     7.3726 1.0715e-01     0.0874    97.8379     6.1671     6.3634    34.7655    34.7656    27.5961    27.5966    7.26900 0.0000e+00
      35085    226.807     4.0319     4.0300   3.248888   3.248743     1.9036     2.2754      7.968     0.9460     7.3726 1.0715e-01     0.0885    97.8118     6.1710     6.3653    34.7653    34.7656    27.5962    27.5966    7.26931 0.0000e+00
      35088    226.763     4.0290     4.0292   3.248546   3.248646     1.9028     2.2763      7.968     0.9358     7.3726 1.0715e-01     0.0878    97.8292     6.1689     6.3657    34.7643    34.7653    27.5957    27.5964    7.26987 0.0000e+00
      35091    226.728     4.0285     4.0277   3.248461   3.248466     1.9036     2.2754      7.968     0.9155     7.3726 1.0715e-01     0.0878    97.8292     6.1720     6.3664    34.7638    34.7647    27.5953    27.5961    7.26998 0.0000e+00
      35094    226.698     4.0273     4.0263   3.248288   3.248283     1.9044     2.2754      7.968     0.9053     6.1882 1.0715e-01     0.0878    97.8292     6.1738     6.3683    34.7630    34.7641    27.5948    27.5958    7.27023 0.0000e+00
      35126    226.607     4.0272     4.0250   3.248389   3.248149     1.9048     2.2771      7.968     0.8952    -0.0890 1.0715e-01     0.0881    97.8205     6.1734     6.3765    34.7644    34.7639    27.5959    27.5957    7.27018 0.0000e+00
      35144    226.544     4.0278     4.0252   3.248435   3.248111     1.9068     2.2779      7.968     0.8952    -0.2074 1.0715e-01     0.0874    97.8379     6.1801     6.3796    34.7644    34.7632    27.5959    27.5953    7.27008 0.0000e+00
      35147    226.508     4.0281     4.0238   3.248415   3.247997     1.9060     2.2783      7.968     0.8952     0.0295 1.0715e-01     0.0874    97.8379     6.1771     6.3798    34.7638    34.7634    27.5954    27.5955    7.27005 0.0000e+00
      35150    226.463     4.0283     4.0242   3.248439   3.248030     1.9052     2.2791      7.968     0.9155     0.5032 1.0715e-01     0.0874    97.8379     6.1742     6.3789    34.7639    34.7634    27.5954    27.5955    7.27001 0.0000e+00
      35153    226.411     4.0284     4.0234   3.248429   3.247955     1.9060     2.2787      7.968     0.8952     0.5032 1.0715e-01     0.0874    97.8379     6.1763     6.3755    34.7637    34.7634    27.5952    27.5955    7.27000 0.0000e+00
      35156    226.350     4.0284     4.0228   3.248369   3.247861     1.9060     2.2791      7.968     0.8952     0.5032 1.0715e-01     0.0878    97.8292     6.1788     6.3771    34.7630    34.7629    27.5947    27.5952    7.27003 0.0000e+00
      35159    226.280     4.0286     4.0225   3.248308   3.247864     1.9069     2.2791      7.968     0.8952     0.5032 1.0715e-01     0.0874    97.8379     6.1821     6.3778    34.7621    34.7633    27.5939    27.5956    7.27004 0.0000e+00
      35162    226.202     4.0287     4.0226   3.248328   3.247866     1.9064     2.2791      7.968     0.8952     0.5032 1.0715e-01     0.0874    97.8379     6.1771     6.3775    34.7623    34.7633    27.5941    27.5956    7.27002 0.0000e+00
      35165    226.114     4.0286     4.0231   3.248314   3.247912     1.9064     2.2783      7.968     0.9257     0.5032 1.0715e-01     0.0874    97.8379     6.1739     6.3744    34.7623    34.7633    27.5941    27.5956    7.27003 0.0000e+00
      35168    226.015     4.0283     4.0229   3.248307   3.247837     1.9069     2.2791      7.968     0.9053     0.5032 1.0715e-01     0.0871    97.8466     6.1761     6.3753    34.7626    34.7627    27.5944    27.5950    7.27007 0.0000e+00
      35171    225.907     4.0284     4.0212   3.248280   3.247662     1.9064     2.2791      7.968     0.9358     0.5032 1.0715e-01     0.0874    97.8379     6.1754     6.3743    34.7622    34.7625    27.5941    27.5951    7.27007 0.0000e+00
      35174    225.791     4.0283     4.0201   3.248172   3.247500     1.9069     2.2791      7.968     0.9460     1.0954 1.0715e-01     0.0874    97.8379     6.1734     6.3756    34.7611    34.7618    27.5931    27.5946    7.27014 0.0000e+00
      35177    225.669     4.0281     4.0190   3.248120   3.247371     1.9069     2.2791      7.968     0.9155     1.4507 1.0715e-01     0.0874    97.8379     6.1713     6.3760    34.7608    34.7615    27.5929    27.5945    7.27020 0.0000e+00
      35180    225.538     4.0279     4.0185   3.248103   3.247320     1.9073     2.2791      7.968     0.9460     1.4507 1.0715e-01     0.0874    97.8379     6.1737     6.3763    34.7608    34.7616    27.5930    27.5946    7.27023 0.0000e+00
      35183    225.401     4.0278     4.0182   3.248032   3.247307     1.9069     2.2799      7.968     0.9257     1.4507 1.0715e-01     0.0874    97.8379     6.1699     6.3802    34.7602    34.7617    27.5925    27.5948    7.27028 0.0000e+00
      35186    225.258     4.0275     4.0184   3.247990   3.247318     1.9073     2.2799      7.968     0.9460     1.4507 1.0715e-01     0.0874    97.8379     6.1734     6.3809    34.7601    34.7617    27.5925    27.5947    7.27034 0.0000e+00
      35189    225.111     4.0274     4.0186   3.247891   3.247331     1.9060     2.2795      7.968     0.9257     1.4507 1.0715e-01     0.0874    97.8379     6.1684     6.3813    34.7592    34.7618    27.5917    27.5948    7.27041 0.0000e+00
      35192    224.959     4.0268     4.0186   3.247852   3.247321     1.9073     2.2795      7.968     0.9257     1.4507 1.0715e-01     0.0874    97.8379     6.1742     6.3803    34.7593    34.7617    27.5919    27.5947    7.27050 0.0000e+00
      35195    224.803     4.0267     4.0184   3.247677   3.247290     1.9073     2.2799      7.968     0.9155     1.4507 1.0715e-01     0.0874    97.8379     6.1736     6.3810    34.7575    34.7616    27.5905    27.5947    7.27061 0.0000e+00
      35198    224.648     4.0265     4.0183   3.247594   3.247281     1.9060     2.2803      7.968     0.8850     1.4902 1.0715e-01     0.0874    97.8379     6.1693     6.3810    34.7567    34.7617    27.5899    27.5947    7.27068 0.0000e+00
      35201    224.492     4.0258     4.0182   3.247402   3.247220     1.9077     2.2795      7.968     0.9155     4.3722 1.0715e-01     0.0885    97.8118     6.1763     6.3755    34.7553    34.7612    27.5889    27.5944    7.27087 0.0000e+00
      35204    224.335     4.0249     4.0175   3.247387   3.247152     1.9073     2.2803      7.968     0.9053     4.6880 1.0715e-01     0.0881    97.8205     6.1757     6.3769    34.7561    34.7612    27.5896    27.5944    7.27099 0.0000e+00
      35207    224.181     4.0242     4.0161   3.247351   3.246972     1.9069     2.2803      7.968     0.8850     4.6485 1.0715e-01     0.0874    97.8379     6.1746     6.3763    34.7566    34.7607    27.5900    27.5941    7.27110 0.0000e+00
      35210    224.025     4.0238     4.0149   3.247503   3.246836     1.9081     2.2803      7.968     0.9155     4.6485 1.0715e-01     0.0874    97.8379     6.1796     6.3740    34.7589    34.7605    27.5919    27.5941    7.27106 0.0000e+00
      35213    223.875     4.0236     4.0147   3.247239   3.246840     1.9073     2.2815      7.968     0.9053     4.6485 1.0715e-01     0.0878    97.8292     6.1767     6.3776    34.7560    34.7607    27.5896    27.5943    7.27122 0.0000e+00
      35216    223.727     4.0231     4.0150   3.247335   3.246825     1.9073     2.2803      7.968     0.8952     4.6485 1.0715e-01     0.0874    97.8379     6.1751     6.3734    34.7578    34.7603    27.5911    27.5939    7.27124 0.0000e+00
      35219    223.585     4.0227     4.0141   3.247365   3.246687     1.9073     2.2803      7.968     0.9155     4.6880 1.0715e-01     0.0881    97.8205     6.1758     6.3747    34.7586    34.7597    27.5918    27.5935    7.27126 0.0000e+00
      35222    223.445     4.0226     4.0137   3.247290   3.246617     1.9081     2.2799      7.968     0.9969     4.6485 1.0715e-01     0.0878    97.8292     6.1775     6.3728    34.7580    34.7594    27.5913    27.5933    7.27132 0.0000e+00
      35225    223.310     4.0221     4.0139   3.247345   3.246615     1.9077     2.2799      7.968     0.9765   100.5036 1.0715e-01     0.0878    97.8292     6.1745     6.3715    34.7592    34.7592    27.5924    27.5932    7.27135 0.0000e+00
      35228    223.182     4.0221     4.0141   3.247304   3.246605     1.9077     2.2803      7.968     0.9969   479.5024 1.0715e-01     0.0874    97.8379     6.1753     6.3712    34.7587    34.7589    27.5920    27.5929    7.27136 0.0000e+00
      35231    223.059     4.0219     4.0137   3.247234   3.246537     1.9077     2.2803      7.968     0.9969   481.2790 1.0715e-01     0.0881    97.8205     6.1741     6.3709    34.7583    34.7586    27.5916    27.5927    7.27143 0.0000e+00
      35234    222.937     4.0219     4.0141   3.247071   3.246638     1.9077     2.2791      7.968     0.9867   481.2395 1.0715e-01     0.0874    97.8379     6.1719     6.3663    34.7564    34.7595    27.5901    27.5934    7.27152 0.0000e+00
      35237    222.822     4.0217     4.0144   3.246968   3.246666     1.9077     2.2803      7.968     0.9969   481.2395 1.0715e-01     0.0881    97.8205     6.1734     6.3711    34.7554    34.7595    27.5893    27.5934    7.27160 0.0000e+00
      35240    222.714     4.0214     4.0144   3.247124   3.246670     1.9081     2.2815      7.968     1.0071   481.2395 1.0715e-01     0.0881    97.8205     6.1735     6.3770    34.7576    34.7597    27.5912    27.5935    7.27155 0.0000e+00
      35243    222.610     4.0210     4.0147   3.247165   3.246685     1.9077     2.2815      7.968     0.9765   481.2790 1.0715e-01     0.0874    97.8379     6.1694     6.3773    34.7586    34.7596    27.5920    27.5934    7.27157 0.0000e+00
      35246    222.513     4.0210     4.0146   3.247211   3.246667     1.9081     2.2795      7.968     0.9663   481.2790 1.0715e-01     0.0881    97.8205     6.1709     6.3707    34.7593    34.7595    27.5925    27.5933    7.27155 0.0000e+00
      35249    222.421     4.0210     4.0147   3.247192   3.246703     1.9081     2.2803      7.968     0.9358   481.2790 1.0715e-01     0.0885    97.8118     6.1709     6.3719    34.7590    34.7598    27.5923    27.5936    7.27155 0.0000e+00
      35252    222.334     4.0208     4.0146   3.247153   3.246685     1.9077     2.2803      7.968     0.9257   249.2212 1.0715e-01     0.0881    97.8205     6.1693     6.3714    34.7588    34.7598    27.5922    27.5936    7.27160 0.0000e+00
      35255    222.250     4.0209     4.0145   3.247115   3.246622     1.9081     2.2803      7.968     0.9358    -2.8130 1.0715e-01     0.0881    97.8205     6.1693     6.3711    34.7583    34.7592    27.5918    27.5931    7.27161 0.0000e+00
      35258    222.174     4.0206     4.0145   3.247041   3.246628     1.9073     2.2803      7.968     0.9358    -1.7076 1.0715e-01     0.0885    97.8118     6.1643     6.3699    34.7578    34.7593    27.5913    27.5932    7.27168 0.0000e+00
      35261    222.099     4.0208     4.0142   3.247028   3.246565     1.9085     2.2803      7.968     0.9358    -0.9969 1.0715e-01     0.0878    97.8292     6.1706     6.3677    34.7575    34.7589    27.5911    27.5929    7.27167 0.0000e+00
      35264    222.027     4.0207     4.0138   3.247095   3.246482     1.9073     2.2803      7.968     0.9460    -1.0364 1.0715e-01     0.0874    97.8379     6.1647     6.3679    34.7584    34.7584    27.5918    27.5926    7.27163 0.0000e+00
      35267    221.964     4.0211     4.0139   3.247464   3.246433     1.9077     2.2807      7.968     0.9257    -1.0364 1.0715e-01     0.0874    97.8379     6.1654     6.3703    34.7624    34.7578    27.5950    27.5921    7.27137 0.0000e+00
      35270    221.907     4.0215     4.0140   3.247537   3.246426     1.9081     2.2803      7.968     0.9257    -1.0364 1.0715e-01     0.0874    97.8379     6.1622     6.3711    34.7629    34.7576    27.5953    27.5919    7.27128 0.0000e+00
      35273    221.849     4.0228     4.0144   3.247541   3.246456     1.9073     2.2803      7.968     0.9460    -1.0759 1.0715e-01     0.0874    97.8379     6.1586     6.3699    34.7616    34.7575    27.5942    27.5918    7.27111 0.0000e+00
      35276    221.796     4.0239     4.0158   3.247493   3.246552     1.9081     2.2803      7.968     0.9460    -1.0364 1.0715e-01     0.0874    97.8379     6.1605     6.3695    34.7598    34.7572    27.5926    27.5914    7.27099 0.0000e+00
      35279    221.744     4.0243     4.0161   3.247552   3.246559     1.9073     2.2803      7.968     0.9460   365.2106 1.0715e-01     0.0881    97.8205     6.1563     6.3689    34.7601    34.7570    27.5928    27.5912    7.27090 0.0000e+00
      35282    221.695     4.0249     4.0163   3.247574   3.246588     1.9073     2.2803      7.968     0.9460   482.0291 1.0715e-01     0.0878    97.8292     6.1561     6.3684    34.7598    34.7573    27.5925    27.5914    7.27081 0.0000e+00
      35285    221.645     4.0255     4.0169   3.247522   3.246689     1.9085     2.2803      7.968     0.9358   480.9631 1.0715e-01     0.0874    97.8379     6.1591     6.3670    34.7585    34.7578    27.5915    27.5917    7.27076 0.0000e+00
      35288    221.597     4.0261     4.0184   3.247409   3.246766     1.9073     2.2799      7.968     0.9257   481.3184 1.0715e-01     0.0874    97.8379     6.1545     6.3656    34.7567    34.7571    27.5899    27.5911    7.27076 0.0000e+00
      35291    221.548     4.0261     4.0180   3.247337   3.246742     1.9069     2.2799      7.968     0.9358   481.3184 1.0715e-01     0.0878    97.8292     6.1511     6.3660    34.7559    34.7573    27.5892    27.5913    7.27080 0.0000e+00
      35294    221.501     4.0262     4.0180   3.247287   3.246733     1.9060     2.2807      7.968     0.9460   481.3184 1.0715e-01     0.0874    97.8379     6.1470     6.3686    34.7552    34.7572    27.5887    27.5912    7.27082 0.0000e+00
      35297    221.456     4.0258     4.0178   3.247273   3.246754     1.9068     2.2803      7.968     0.9358   481.3184 1.0715e-01     0.0874    97.8379     6.1527     6.3672    34.7554    34.7577    27.5889    27.5916    7.27087 0.0000e+00
      35300    221.410     4.0256     4.0192   3.247195   3.246933     1.9069     2.2803      7.968     0.9053   481.2395 1.0715e-01     0.0878    97.8292     6.1532     6.3663    34.7547    34.7584    27.5884    27.5920    7.27094 0.0000e+00
