Datasets/AZMP/HUD120/hud120_2020_081.cnv
* Sea-Bird SBE 9 Data File:
* FileName = C:\CTDDATA\hud120_2020_081.hex
* Software Version Seasave V 7.26.7.110
* Temperature SN = 1697
* Conductivity SN = 4216
* Number of Bytes Per Scan = 30
* Number of Voltage Words = 4
* Number of Scans Averaged by the Deck Unit = 1
* NMEA baud rate = 4800
** VESSEL/TRIP/SEQ STN:  hud120_2020_081
** LATITUDE XX XX.XX: 47 00.00 N
** LONGITUDE XX XX.XX: 052 42.30 W
** SOUNDING DEPTH (M): 0190
** PROBE TYPE: S1146
** CTD NUMBER: 060
** FORMAT: V
** COMMENTS (14 CHAR): FC-02
** BOTTLES:  10
** LEVELS: 5,10,20,30,40,50,75,100,150,BTM
** STICKERS: 439920 - 439929
** VNET: Y
** DO2: N
# nquan = 22
# nvalues = 4332                        
# units = specified
# name 0 = scan: Scan Count
# name 1 = prDM: Pressure, Digiquartz [db]
# name 2 = t090C: Temperature [ITS-90, deg C]
# name 3 = t190C: Temperature, 2 [ITS-90, deg C]
# name 4 = c0S/m: Conductivity [S/m]
# name 5 = c1S/m: Conductivity, 2 [S/m]
# name 6 = sbeox0V: Oxygen raw, SBE 43 [V]
# name 7 = sbeox1V: Oxygen raw, SBE 43, 2 [V]
# name 8 = ph: pH
# name 9 = flECO-AFL: Fluorescence, WET Labs ECO-AFL/FL [mg/m^3]
# name 10 = wetCDOM: Fluorescence, WET Labs CDOM [mg/m^3]
# name 11 = par/sat/log: PAR/Logarithmic, Satlantic [umol photons/m^2/sec]
# name 12 = CStarAt0: Beam Attenuation, WET Labs C-Star [1/m]
# name 13 = CStarTr0: Beam Transmission, WET Labs C-Star [%]
# name 14 = sbeox0ML/L: Oxygen, SBE 43 [ml/l], WS = 2
# name 15 = sbeox1ML/L: Oxygen, SBE 43, 2 [ml/l], WS = 2
# name 16 = sal00: Salinity, Practical [PSU]
# name 17 = sal11: Salinity, Practical, 2 [PSU]
# name 18 = sigma-t00: Density [sigma-t, kg/m^3 ]
# name 19 = sigma-t11: Density, 2 [sigma-t, kg/m^3 ]
# name 20 = oxsatML/L: Oxygen Saturation, Weiss [ml/l]
# name 21 = flag: flag
# span 0 =          2,      38049       
# span 1 =      0.417,    181.326       
# span 2 =    -0.6001,     3.9304       
# span 3 =    -0.6045,     3.9259       
# span 4 =   2.694346,   2.962577       
# span 5 =   2.693850,   2.962064       
# span 6 =     1.8853,     2.2196       
# span 7 =     2.2331,     2.6237       
# span 8 =      8.003,      8.148       
# span 9 =     1.0173,     5.2094       
# span 10 =    -2.8130,   482.1870      
# span 11 = 1.0424e-01, 6.5737e-01      
# span 12 =     0.0881,     1.3795      
# span 13 =    70.8309,    97.8205      
# span 14 =     6.8527,     7.7292      
# span 15 =     6.9808,     7.8774      
# span 16 =    31.5965,    33.2320      
# span 17 =    31.5970,    33.2312      
# span 18 =    25.0868,    26.6953      
# span 19 =    25.0872,    26.6949      
# span 20 =    7.44228,    8.29438      
# span 21 = 0.0000e+00, 0.0000e+00      
# interval = scans: 3                   
# start_time = Nov 27 2020 03:38:50 [System UTC, header]
# bad_flag = -9.990e-29
*END*
[from data line 2042]
       9295    165.866    -0.3548    -0.3598   2.748526   2.748079     1.8914     2.2394      8.006     1.1190     1.4507 1.0727e-01     0.1995    95.1346     6.9460     7.0756    33.2306    33.2300    26.6942    26.6939    8.22045 0.0000e+00
       9298    165.767    -0.3549    -0.3598   2.748509   2.748059     1.8914     2.2398      8.006     1.1088     1.1744 1.0715e-01     0.1995    95.1346     6.9485     7.0743    33.2305    33.2298    26.6941    26.6938    8.22047 0.0000e+00
       9301    165.666    -0.3548    -0.3598   2.748518   2.748065     1.8906     2.2394      8.006     1.0986     1.0954 1.0727e-01     0.1995    95.1346     6.9429     7.0725    33.2305    33.2300    26.6942    26.6939    8.22044 0.0000e+00
       9304    165.566    -0.3548    -0.3598   2.748518   2.748053     1.8914     2.2394      8.005     1.1190     1.0954 1.0727e-01     0.1995    95.1346     6.9459     7.0755    33.2306    33.2298    26.6942    26.6938    8.22044 0.0000e+00
       9307    165.461    -0.3550    -0.3600   2.748525   2.748044     1.8914     2.2394      8.005     1.1190     1.0559 1.0740e-01     0.1999    95.1259     6.9474     7.0761    33.2310    33.2300    26.6945    26.6940    8.22046 0.0000e+00
       9310    165.359    -0.3550    -0.3598   2.748479   2.748059     1.8910     2.2386      8.006     1.1292     1.0954 1.0740e-01     0.1999    95.1259     6.9462     7.0707    33.2305    33.2300    26.6941    26.6939    8.22049 0.0000e+00
       9313    165.255    -0.3550    -0.3599   2.748461   2.748054     1.8906     2.2390      8.005     1.1394     1.0954 1.0715e-01     0.2006    95.1085     6.9417     7.0688    33.2302    33.2302    26.6939    26.6941    8.22050 0.0000e+00
       9316    165.151    -0.3557    -0.3598   2.748380   2.748057     1.8910     2.2386      8.008     1.1699     1.0954 1.0727e-01     0.2010    95.0998     6.9460     7.0637    33.2301    33.2301    26.6938    26.6940    8.22068 0.0000e+00
       9319    165.046    -0.3561    -0.3598   2.748353   2.748038     1.8910     2.2390      8.005     1.1495     1.0954 1.0727e-01     0.2010    95.0998     6.9441     7.0644    33.2301    33.2300    26.6939    26.6940    8.22074 0.0000e+00
       9322    164.939    -0.3557    -0.3599   2.748329   2.748000     1.8906     2.2386      8.005     1.1495     1.1744 1.0740e-01     0.2010    95.0998     6.9428     7.0611    33.2294    33.2297    26.6932    26.6937    8.22070 0.0000e+00
       9325    164.830    -0.3562    -0.3600   2.748315   2.748002     1.8902     2.2386      8.003     1.1495     2.2008 1.0740e-01     0.2014    95.0911     6.9438     7.0613    33.2299    33.2298    26.6936    26.6938    8.22078 0.0000e+00
       9328    164.721    -0.3560    -0.3600   2.748308   2.748000     1.8914     2.2394      8.005     1.1495     2.2798 1.0727e-01     0.2010    95.0998     6.9467     7.0653    33.2296    33.2299    26.6935    26.6938    8.22076 0.0000e+00
       9331    164.611    -0.3561    -0.3602   2.748339   2.747940     1.8910     2.2390      8.005     1.1495     2.2798 1.0727e-01     0.2010    95.0998     6.9438     7.0646    33.2302    33.2294    26.6939    26.6935    8.22075 0.0000e+00
       9334    164.499    -0.3560    -0.3603   2.748327   2.747936     1.8906     2.2382      8.006     1.1699     2.2798 1.0715e-01     0.1962    95.2128     6.9443     7.0611    33.2300    33.2294    26.6938    26.6935    8.22074 0.0000e+00
       9337    164.387    -0.3557    -0.3600   2.748354   2.747984     1.8906     2.2382      8.006     1.1495     2.2403 1.0727e-01     0.1955    95.2302     6.9439     7.0630    33.2301    33.2298    26.6939    26.6938    8.22067 0.0000e+00
       9340    164.277    -0.3551    -0.3598   2.748408   2.747991     1.8910     2.2386      8.006     1.1190     2.2798 1.0727e-01     0.1955    95.2302     6.9461     7.0658    33.2303    33.2298    26.6939    26.6938    8.22053 0.0000e+00
       9343    164.164    -0.3552    -0.3601   2.748382   2.747932     1.8902     2.2382      8.006     1.1088     2.2798 1.0727e-01     0.1955    95.2302     6.9429     7.0649    33.2300    33.2294    26.6937    26.6934    8.22055 0.0000e+00
       9346    164.049    -0.3552    -0.3601   2.748409   2.747952     1.8910     2.2374      8.005     1.1190     2.2798 1.0740e-01     0.1955    95.2302     6.9492     7.0614    33.2305    33.2297    26.6941    26.6937    8.22053 0.0000e+00
       9349    163.936    -0.3552    -0.3632   2.748354   2.747347     1.8910     2.2382      8.006     1.1292     3.2668 1.0752e-01     0.1955    95.2302     6.9481     7.0628    33.2299    33.2252    26.6936    26.6901    8.22058 0.0000e+00
       9352    163.822    -0.3565    -0.3691   2.748174   2.746749     1.8898     2.2382      8.003     1.1088     5.7145 1.0727e-01     0.1970    95.1955     6.9417     7.0650    33.2289    33.2237    26.6929    26.6892    8.22091 0.0000e+00
       9355    163.706    -0.3592    -0.3673   2.747520   2.747034     1.8902     2.2378      8.005     1.1190     5.5960 1.0727e-01     0.1999    95.1259     6.9450     7.0666    33.2232    33.2256    26.6884    26.6907    8.22182 0.0000e+00
       9358    163.593    -0.3644    -0.3667   2.746945   2.747155     1.8910     2.2382      8.006     1.1190     5.5960 1.0740e-01     0.1999    95.1259     6.9519     7.0708    33.2213    33.2266    26.6871    26.6914    8.22308 0.0000e+00
       9361    163.480    -0.3674    -0.3654   2.746473   2.747185     1.8902     2.2390      8.008     1.1292     5.5960 1.0727e-01     0.1999    95.1259     6.9494     7.0749    33.2184    33.2256    26.6849    26.6906    8.22391 0.0000e+00
       9364    163.369    -0.3691    -0.3652   2.746558   2.747168     1.8910     2.2382      8.008     1.0986     5.5960 1.0727e-01     0.1999    95.1259     6.9551     7.0731    33.2214    33.2253    26.6874    26.6903    8.22412 0.0000e+00
       9367    163.257    -0.3658    -0.3677   2.746963   2.746632     1.8906     2.2382      8.008     1.1292     5.5960 1.0727e-01     0.1999    95.1259     6.9538     7.0756    33.2233    33.2209    26.6888    26.6869    8.22328 0.0000e+00
       9370    163.146    -0.3676    -0.3718   2.746351   2.746075     1.8910     2.2378      8.005     1.1088     5.5960 1.0727e-01     0.1999    95.1259     6.9561     7.0748    33.2171    33.2181    26.6839    26.6848    8.22401 0.0000e+00
       9373    163.035    -0.3736    -0.3771   2.745492   2.745652     1.8906     2.2370      8.006     1.0986     5.5960 1.0715e-01     0.1992    95.1433     6.9610     7.0730    33.2123    33.2183    26.6803    26.6852    8.22562 0.0000e+00
       9376    162.924    -0.3867    -0.3743   2.743584   2.746082     1.8906     2.2382      8.005     1.1190     5.0038 1.0727e-01     0.1981    95.1694     6.9647     7.0789    33.2012    33.2209    26.6718    26.6872    8.22913 0.0000e+00
       9379    162.815    -0.3886    -0.3748   2.743660   2.745831     1.8902     2.2382      8.008     1.1292     4.5301 1.0752e-01     0.1984    95.1607     6.9613     7.0808    33.2043    33.2183    26.6744    26.6851    8.22937 0.0000e+00
       9382    162.708    -0.3916    -0.3776   2.742903   2.745283     1.8910     2.2386      8.008     1.1190     4.5301 1.0727e-01     0.1981    95.1694     6.9661     7.0855    33.1977    33.2141    26.6692    26.6819    8.23042 0.0000e+00
       9385    162.600    -0.3946    -0.3799   2.742844   2.745183     1.8910     2.2386      8.005     1.0986     4.5301 1.0727e-01     0.1977    95.1781     6.9694     7.0914    33.2001    33.2153    26.6713    26.6829    8.23093 0.0000e+00
       9388    162.493    -0.3927    -0.3796   2.743163   2.745009     1.8910     2.2386      8.008     1.1190     4.5301 1.0727e-01     0.1977    95.1781     6.9701     7.0960    33.2024    33.2127    26.6730    26.6808    8.23038 0.0000e+00
       9391    162.389    -0.3936    -0.3906   2.742820   2.743121     1.8910     2.2382      8.006     1.0884     4.5301 1.0727e-01     0.1981    95.1694     6.9731     7.1005    33.1989    33.1996    26.6702    26.6707    8.23079 0.0000e+00
       9394    162.286    -0.3939    -0.3998   2.742966   2.742264     1.8914     2.2382      8.006     1.0884     4.5301 1.0727e-01     0.1973    95.1868     6.9798     7.1045    33.2012    33.1983    26.6721    26.6700    8.23071 0.0000e+00
       9397    162.187    -0.4009    -0.4015   2.741625   2.742093     1.8914     2.2394      8.005     1.0986     4.5301 1.0715e-01     0.1970    95.1955     6.9811     7.1134    33.1910    33.1979    26.6642    26.6698    8.23284 0.0000e+00
       9400    162.086    -0.4033    -0.4020   2.741684   2.742038     1.8910     2.2386      8.004     1.0681     4.5301 1.0727e-01     0.1966    95.2042     6.9783     7.1120    33.1946    33.1978    26.6671    26.6697    8.23318 0.0000e+00
       9403    161.986    -0.3989    -0.4025   2.742435   2.741849     1.8914     2.2394      8.007     1.0884    -0.6022 1.0727e-01     0.1973    95.1868     6.9816     7.1181    33.1998    33.1959    26.6712    26.6682    8.23191 0.0000e+00
       9406    161.888    -0.3966    -0.3997   2.742449   2.742425     1.8914     2.2402      8.005     1.0986    -1.3523 1.0740e-01     0.1970    95.1955     6.9824     7.1201    33.1976    33.2006    26.6693    26.6719    8.23153 0.0000e+00
       9409    161.790    -0.3965    -0.3944   2.742698   2.743111     1.8922     2.2406      8.008     1.0884    -1.3128 1.0715e-01     0.1973    95.1868     6.9907     7.1183    33.2008    33.2040    26.6719    26.6744    8.23133 0.0000e+00
       9412    161.691    -0.3935    -0.3939   2.743247   2.743105     1.8914     2.2398      8.008     1.0986    -1.3128 1.0727e-01     0.1962    95.2129     6.9837     7.1153    33.2049    33.2035    26.6751    26.6739    8.23043 0.0000e+00
       9415    161.594    -0.3918    -0.3955   2.742933   2.742975     1.8926     2.2402      8.008     1.0884    -1.3523 1.0715e-01     0.1874    95.4214     6.9886     7.1198    33.1989    33.2035    26.6702    26.6741    8.23039 0.0000e+00
       9418    161.497    -0.3981    -0.3981   2.741981   2.742582     1.8926     2.2410      8.005     1.1394    -1.2733 1.0715e-01     0.1867    95.4388     6.9936     7.1227    33.1932    33.2011    26.6658    26.6722    8.23211 0.0000e+00
       9421    161.400    -0.4046    -0.4003   2.741356   2.742146     1.8914     2.2419      8.007     1.1495    -1.3128 1.0715e-01     0.1867    95.4388     6.9940     7.1265    33.1919    33.1978    26.6651    26.6697    8.23360 0.0000e+00
       9424    161.303    -0.4056    -0.4042   2.741160   2.741601     1.8922     2.2419      8.008     1.1394    -1.3523 1.0727e-01     0.1867    95.4388     6.9976     7.1276    33.1904    33.1948    26.6639    26.6674    8.23391 0.0000e+00
       9427    161.206    -0.4059    -0.4051   2.740878   2.741600     1.8935     2.2419      8.008     1.1394    72.3156 1.0740e-01     0.1867    95.4388     7.0050     7.1246    33.1872    33.1959    26.6613    26.6683    8.23418 0.0000e+00
       9430    161.108    -0.4067    -0.4043   2.740737   2.741692     1.8935     2.2406      8.008     1.1597   472.0804 1.0740e-01     0.1867    95.4388     7.0042     7.1171    33.1861    33.1963    26.6605    26.6686    8.23439 0.0000e+00
       9433    161.007    -0.4142    -0.4035   2.739684   2.741885     1.8935     2.2410      8.008     1.1495   481.4764 1.0740e-01     0.1853    95.4736     7.0075     7.1185    33.1804    33.1981    26.6562    26.6700    8.23639 0.0000e+00
       9436    160.906    -0.4170    -0.4004   2.739393   2.742312     1.8922     2.2423      8.008     1.1597   481.1605 1.0727e-01     0.1806    95.5866     7.0025     7.1209    33.1796    33.2004    26.6557    26.6718    8.23706 0.0000e+00
       9439    160.804    -0.4167    -0.3982   2.739550   2.742496     1.8935     2.2431      8.008     1.1495   481.2790 1.0715e-01     0.1809    95.5779     7.0063     7.1191    33.1814    33.2005    26.6571    26.6717    8.23687 0.0000e+00
       9442    160.701    -0.4167    -0.3987   2.739661   2.742485     1.8947     2.2427      8.008     1.1394   481.2790 1.0752e-01     0.1806    95.5866     7.0139     7.1113    33.1829    33.2009    26.6583    26.6721    8.23679 0.0000e+00
       9445    160.598    -0.4169    -0.4005   2.739714   2.742307     1.8943     2.2431      8.008     1.1597   481.2790 1.0740e-01     0.1809    95.5779     7.0071     7.1145    33.1840    33.2006    26.6592    26.6719    8.23678 0.0000e+00
       9448    160.494    -0.4158    -0.4006   2.740124   2.742284     1.8939     2.2431      8.008     1.1699   481.2395 1.0740e-01     0.1809    95.5779     6.9981     7.1165    33.1883    33.2005    26.6626    26.6718    8.23630 0.0000e+00
       9451    160.387    -0.4099    -0.3996   2.740767   2.742186     1.8947     2.2431      8.008     1.1597   481.3184 1.0740e-01     0.1813    95.5692     6.9992     7.1177    33.1905    33.1982    26.6642    26.6699    8.23487 0.0000e+00
       9454    160.279    -0.4073    -0.4010   2.740922   2.741894     1.8947     2.2431      8.008     1.1495   289.5293 1.0752e-01     0.1802    95.5953     7.0007     7.1153    33.1898    33.1959    26.6635    26.6681    8.23433 0.0000e+00
       9457    160.169    -0.4074    -0.4038   2.740839   2.741625     1.8951     2.2435      8.008     1.1495    -0.1679 1.0715e-01     0.1787    95.6301     7.0033     7.1135    33.1888    33.1954    26.6627    26.6678    8.23440 0.0000e+00
       9460    160.061    -0.4070    -0.4061   2.740853   2.741527     1.8947     2.2427      8.008     1.1699     9.1886 1.0740e-01     0.1791    95.6214     7.0002     7.1073    33.1886    33.1967    26.6625    26.6689    8.23432 0.0000e+00
       9463    159.950    -0.4066    -0.4050   2.740895   2.741437     1.8947     2.2427      8.008     1.1495     8.7938 1.0715e-01     0.1791    95.6214     6.9960     7.1084    33.1889    33.1944    26.6627    26.6671    8.23423 0.0000e+00
       9466    159.837    -0.4063    -0.4023   2.741061   2.741701     1.8951     2.2427      8.008     1.1800     8.7938 1.0727e-01     0.1791    95.6214     6.9976     7.1095    33.1908    33.1950    26.6642    26.6674    8.23405 0.0000e+00
       9469    159.726    -0.4044    -0.4010   2.741396   2.741881     1.8943     2.2443      8.008     1.1190     8.7938 1.0740e-01     0.1791    95.6214     6.9960     7.1190    33.1932    33.1960    26.6661    26.6682    8.23349 0.0000e+00
       9472    159.613    -0.4011    -0.4011   2.741911   2.741868     1.8947     2.2439      8.008     1.0783     8.7938 1.0740e-01     0.1791    95.6214     6.9968     7.1203    33.1966    33.1960    26.6687    26.6683    8.23257 0.0000e+00
       9475    159.500    -0.3980    -0.4006   2.742337   2.742088     1.8955     2.2439      8.008     1.0884     8.7938 1.0752e-01     0.1802    95.5953     7.0009     7.1199    33.1990    33.1986    26.6705    26.6703    8.23176 0.0000e+00
       9478    159.390    -0.3983    -0.3924   2.741875   2.743198     1.8959     2.2435      8.008     1.0783     8.7938 1.0715e-01     0.1802    95.5953     7.0066     7.1182    33.1932    33.2044    26.6658    26.6746    8.23214 0.0000e+00
       9481    159.282    -0.3988    -0.3919   2.741931   2.743309     1.8955     2.2443      8.008     1.0986   325.9290 1.0740e-01     0.1802    95.5953     7.0082     7.1256    33.1945    33.2054    26.6669    26.6754    8.23217 0.0000e+00
       9484    159.173    -0.3983    -0.3917   2.741720   2.743420     1.8959     2.2439      8.008     1.0986   481.9501 1.0727e-01     0.1802    95.5953     7.0103     7.1286    33.1913    33.2068    26.6643    26.6766    8.23225 0.0000e+00
