Datasets/AZMP/HUD120/hud120_2020_063.cnv
* Sea-Bird SBE 9 Data File:
* FileName = C:\CTDDATA\hud120_2020_063.hex
* Software Version Seasave V 7.26.7.110
* Temperature SN = 1697
* Conductivity SN = 4216
* Number of Bytes Per Scan = 30
* Number of Voltage Words = 4
* Number of Scans Averaged by the Deck Unit = 1
* NMEA baud rate = 4800
** VESSEL/TRIP/SEQ STN:  hud120_2020_063
** LATITUDE XX XX.XX: 47 00.00 N
** LONGITUDE XX XX.XX: 046 40.20 W
** SOUNDING DEPTH (M): 0887
** PROBE TYPE: S1146
** CTD NUMBER: 042
** FORMAT: V
** COMMENTS (14 CHAR): FC-19
** BOTTLES:  0
** LEVELS:
** STICKERS:
** VNET: N
** DO2: N
# nquan = 22
# nvalues = 14269                       
# units = specified
# name 0 = scan: Scan Count
# name 1 = prDM: Pressure, Digiquartz [db]
# name 2 = t090C: Temperature [ITS-90, deg C]
# name 3 = t190C: Temperature, 2 [ITS-90, deg C]
# name 4 = c0S/m: Conductivity [S/m]
# name 5 = c1S/m: Conductivity, 2 [S/m]
# name 6 = sbeox0V: Oxygen raw, SBE 43 [V]
# name 7 = sbeox1V: Oxygen raw, SBE 43, 2 [V]
# name 8 = ph: pH
# name 9 = flECO-AFL: Fluorescence, WET Labs ECO-AFL/FL [mg/m^3]
# name 10 = wetCDOM: Fluorescence, WET Labs CDOM [mg/m^3]
# name 11 = par/sat/log: PAR/Logarithmic, Satlantic [umol photons/m^2/sec]
# name 12 = CStarAt0: Beam Attenuation, WET Labs C-Star [1/m]
# name 13 = CStarTr0: Beam Transmission, WET Labs C-Star [%]
# name 14 = sbeox0ML/L: Oxygen, SBE 43 [ml/l], WS = 2
# name 15 = sbeox1ML/L: Oxygen, SBE 43, 2 [ml/l], WS = 2
# name 16 = sal00: Salinity, Practical [PSU]
# name 17 = sal11: Salinity, Practical, 2 [PSU]
# name 18 = sigma-t00: Density [sigma-t, kg/m^3 ]
# name 19 = sigma-t11: Density, 2 [sigma-t, kg/m^3 ]
# name 20 = oxsatML/L: Oxygen Saturation, Weiss [ml/l]
# name 21 = flag: flag
# span 0 =          4,      52427       
# span 1 =      2.644,    918.690       
# span 2 =     3.4199,     7.1704       
# span 3 =     3.4154,     7.1666       
# span 4 =   3.223396,   3.380273       
# span 5 =   3.228235,   3.379814       
# span 6 =     1.8192,     2.2202       
# span 7 =     2.1550,     2.6576       
# span 8 =      7.979,      8.156       
# span 9 =     0.8544,     7.3766       
# span 10 =    -2.8130,   482.1870      
# span 11 = 1.0543e-01, 2.2684e-01      
# span 12 =     0.0672,     0.2819      
# span 13 =    93.1962,    98.3334      
# span 14 =     5.6296,     6.8790      
# span 15 =     5.7599,     7.0837      
# span 16 =    33.1767,    34.9433      
# span 17 =    33.1747,    34.9381      
# span 18 =    25.9629,    27.7421      
# span 19 =    25.9621,    27.7418      
# span 20 =    6.81418,    7.37509      
# span 21 = 0.0000e+00, 0.0000e+00      
# interval = scans: 3                   
# start_time = Nov 24 2020 00:32:21 [System UTC, header]
# bad_flag = -9.990e-29
*END*
[from data line 10996]
      40633    428.348     3.9867     3.9801   3.265501   3.264888     1.8705     2.2231      7.997     0.8952   481.2790 1.0715e-01     0.0736    98.1769     6.1740     6.3335    34.9024    34.9021    27.7100    27.7104    7.27077 0.0000e+00
      40636    428.132     3.9869     3.9815   3.265515   3.264918     1.8721     2.2235      7.997     0.9155   415.7832 1.0715e-01     0.0736    98.1769     6.1821     6.3333    34.9024    34.9011    27.7100    27.7095    7.27073 0.0000e+00
      40639    427.921     3.9873     3.9824   3.265513   3.265007     1.8713     2.2235      7.997     0.9460    12.2680 1.0715e-01     0.0736    98.1769     6.1789     6.3341    34.9021    34.9013    27.7097    27.7096    7.27067 0.0000e+00
      40642    427.709     3.9875     3.9828   3.265555   3.265010     1.8705     2.2223      7.997     0.9257     3.4247 1.0715e-01     0.0736    98.1769     6.1729     6.3276    34.9025    34.9010    27.7100    27.7093    7.27062 0.0000e+00
      40645    427.499     3.9878     3.9829   3.265533   3.265024     1.8709     2.2227      7.997     0.9358     4.7670 1.0715e-01     0.0736    98.1769     6.1733     6.3269    34.9021    34.9012    27.7096    27.7094    7.27059 0.0000e+00
      40648    427.297     3.9877     3.9831   3.265507   3.265041     1.8709     2.2227      7.997     0.9257     4.7275 1.0715e-01     0.0732    98.1856     6.1724     6.3267    34.9019    34.9013    27.7095    27.7095    7.27060 0.0000e+00
      40651    427.104     3.9878     3.9831   3.265499   3.265032     1.8713     2.2223      7.997     0.9358     4.6485 1.0715e-01     0.0732    98.1856     6.1733     6.3260    34.9019    34.9013    27.7094    27.7095    7.27060 0.0000e+00
      40654    426.920     3.9872     3.9830   3.265465   3.265009     1.8709     2.2223      7.997     0.9358     4.6880 1.0715e-01     0.0732    98.1856     6.1699     6.3246    34.9022    34.9013    27.7098    27.7094    7.27069 0.0000e+00
      40657    426.745     3.9874     3.9829   3.265475   3.264988     1.8717     2.2223      7.997     0.9257     4.6880 1.0715e-01     0.0736    98.1769     6.1709     6.3217    34.9022    34.9012    27.7097    27.7094    7.27066 0.0000e+00
      40660    426.571     3.9874     3.9827   3.265468   3.264974     1.8709     2.2227      7.997     0.9358     4.6485 1.0715e-01     0.0736    98.1769     6.1686     6.3243    34.9022    34.9013    27.7097    27.7095    7.27065 0.0000e+00
      40663    426.404     3.9870     3.9826   3.265459   3.264965     1.8709     2.2227      7.997     0.9358     9.5439 1.0715e-01     0.0736    98.1769     6.1708     6.3249    34.9025    34.9014    27.7101    27.7096    7.27070 0.0000e+00
      40666    426.243     3.9872     3.9826   3.265443   3.264964     1.8701     2.2223      7.997     0.9053    17.7161 1.0715e-01     0.0736    98.1769     6.1667     6.3227    34.9023    34.9014    27.7098    27.7096    7.27069 0.0000e+00
      40669    426.089     3.9870     3.9825   3.265425   3.264957     1.8709     2.2223      7.997     0.8952    17.4397 1.0715e-01     0.0736    98.1769     6.1700     6.3218    34.9023    34.9016    27.7099    27.7097    7.27071 0.0000e+00
      40672    425.940     3.9868     3.9824   3.265431   3.264945     1.8713     2.2223      7.997     0.9053    17.4397 1.0715e-01     0.0736    98.1769     6.1743     6.3211    34.9027    34.9016    27.7102    27.7098    7.27073 0.0000e+00
      40675    425.796     3.9867     3.9823   3.265403   3.264930     1.8709     2.2227      7.997     0.9053    17.4397 1.0715e-01     0.0736    98.1769     6.1725     6.3212    34.9026    34.9016    27.7101    27.7098    7.27076 0.0000e+00
      40678    425.661     3.9866     3.9824   3.265416   3.264919     1.8705     2.2215      7.997     0.9053    17.4397 1.0715e-01     0.0736    98.1769     6.1718     6.3157    34.9029    34.9015    27.7104    27.7097    7.27077 0.0000e+00
      40681    425.533     3.9870     3.9821   3.265393   3.264873     1.8709     2.2219      7.997     0.8952    17.4397 1.0715e-01     0.0736    98.1769     6.1750     6.3186    34.9023    34.9013    27.7099    27.7096    7.27072 0.0000e+00
      40684    425.408     3.9869     3.9815   3.265408   3.264809     1.8713     2.2219      7.997     0.9155    17.4397 1.0715e-01     0.0736    98.1769     6.1772     6.3194    34.9026    34.9012    27.7101    27.7096    7.27072 0.0000e+00
      40687    425.287     3.9868     3.9819   3.265390   3.264869     1.8705     2.2215      7.997     0.9053    17.4397 1.0715e-01     0.0736    98.1769     6.1730     6.3186    34.9025    34.9016    27.7101    27.7098    7.27073 0.0000e+00
      40690    425.170     3.9870     3.9823   3.265388   3.264890     1.8709     2.2215      7.997     0.8850   317.9542 1.0715e-01     0.0736    98.1769     6.1741     6.3182    34.9024    34.9014    27.7100    27.7097    7.27072 0.0000e+00
      40693    425.055     3.9869     3.9823   3.265374   3.264876     1.8717     2.2215      7.997     0.9155   481.9501 1.0715e-01     0.0736    98.1769     6.1769     6.3185    34.9024    34.9013    27.7100    27.7096    7.27073 0.0000e+00
      40696    424.940     3.9868     3.9824   3.265375   3.264886     1.8717     2.2211      7.997     0.8952   480.9237 1.0715e-01     0.0736    98.1769     6.1767     6.3183    34.9026    34.9015    27.7101    27.7097    7.27074 0.0000e+00
      40699    424.825     3.9870     3.9822   3.265361   3.264871     1.8709     2.2211      7.997     0.8850   481.2790 1.0715e-01     0.0736    98.1769     6.1736     6.3201    34.9023    34.9015    27.7098    27.7097    7.27072 0.0000e+00
      40702    424.709     3.9868     3.9822   3.265347   3.264838     1.8717     2.2215      7.997     0.9053   481.3184 1.0715e-01     0.0736    98.1769     6.1769     6.3231    34.9023    34.9012    27.7099    27.7095    7.27075 0.0000e+00
      40705    424.594     3.9867     3.9822   3.265348   3.264859     1.8709     2.2223      7.997     0.9053   481.2395 1.0715e-01     0.0732    98.1856     6.1728     6.3269    34.9026    34.9015    27.7101    27.7097    7.27076 0.0000e+00
      40708    424.476     3.9866     3.9822   3.265338   3.264834     1.8709     2.2215      7.997     0.9053   481.2790 1.0715e-01     0.0736    98.1769     6.1716     6.3268    34.9025    34.9013    27.7101    27.7095    7.27077 0.0000e+00
      40711    424.356     3.9865     3.9822   3.265327   3.264822     1.8709     2.2211      7.997     0.8952   481.3184 1.0715e-01     0.0736    98.1769     6.1717     6.3277    34.9026    34.9012    27.7102    27.7095    7.27079 0.0000e+00
      40714    424.236     3.9866     3.9822   3.265310   3.264843     1.8717     2.2207      7.997     0.8952   471.2513 1.0715e-01     0.0736    98.1769     6.1746     6.3270    34.9024    34.9015    27.7100    27.7097    7.27079 0.0000e+00
      40717    424.114     3.9866     3.9822   3.265332   3.264835     1.8713     2.2219      7.997     0.9053    52.9709 1.0715e-01     0.0736    98.1769     6.1729     6.3331    34.9027    34.9015    27.7102    27.7097    7.27076 0.0000e+00
      40720    423.989     3.9865     3.9823   3.265288   3.264815     1.8713     2.2211      7.997     0.8850     7.4516 1.0715e-01     0.0725    98.2030     6.1745     6.3286    34.9024    34.9012    27.7100    27.7095    7.27080 0.0000e+00
      40723    423.863     3.9869     3.9822   3.265321   3.264804     1.8709     2.2215      7.997     0.9155     9.8597 1.0715e-01     0.0729    98.1943     6.1736     6.3299    34.9024    34.9013    27.7099    27.7096    7.27073 0.0000e+00
      40726    423.739     3.9867     3.9819   3.265290   3.264782     1.8717     2.2215      7.997     0.8952     9.8203 1.0715e-01     0.0725    98.2030     6.1765     6.3288    34.9023    34.9014    27.7099    27.7097    7.27077 0.0000e+00
      40729    423.612     3.9863     3.9819   3.265250   3.264770     1.8713     2.2219      7.997     0.9053     9.7413 1.0715e-01     0.0732    98.1856     6.1770     6.3301    34.9023    34.9013    27.7100    27.7096    7.27084 0.0000e+00
      40732    423.482     3.9860     3.9819   3.265241   3.264785     1.8709     2.2223      7.997     0.9155     9.7413 1.0715e-01     0.0732    98.1856     6.1727     6.3339    34.9027    34.9015    27.7102    27.7097    7.27088 0.0000e+00
      40735    423.351     3.9860     3.9820   3.265219   3.264776     1.8717     2.2223      7.997     0.8952     9.7413 1.0715e-01     0.0729    98.1943     6.1734     6.3338    34.9024    34.9014    27.7101    27.7097    7.27089 0.0000e+00
      40738    423.217     3.9860     3.9821   3.265189   3.264774     1.8717     2.2223      7.997     0.9155     9.7413 1.0715e-01     0.0736    98.1769     6.1709     6.3337    34.9022    34.9014    27.7099    27.7096    7.27091 0.0000e+00
      40741    423.080     3.9858     3.9821   3.265182   3.264725     1.8717     2.2219      7.997     0.8850   100.1878 1.0715e-01     0.0736    98.1769     6.1705     6.3313    34.9023    34.9009    27.7100    27.7092    7.27093 0.0000e+00
      40744    422.940     3.9858     3.9821   3.265196   3.264722     1.8713     2.2215      7.997     0.9053   478.4760 1.0727e-01     0.0736    98.1769     6.1690     6.3275    34.9025    34.9009    27.7102    27.7093    7.27091 0.0000e+00
      40747    422.802     3.9856     3.9817   3.265156   3.264717     1.8717     2.2223      7.997     0.8952   481.3580 1.0715e-01     0.0736    98.1769     6.1703     6.3279    34.9024    34.9013    27.7101    27.7096    7.27097 0.0000e+00
      40750    422.665     3.9858     3.9816   3.265180   3.264715     1.8717     2.2215      7.997     0.8850   481.2000 1.0715e-01     0.0736    98.1769     6.1694     6.3238    34.9025    34.9014    27.7101    27.7097    7.27092 0.0000e+00
      40753    422.525     3.9859     3.9816   3.265164   3.264699     1.8717     2.2219      7.997     0.9053   481.2395 1.0715e-01     0.0736    98.1769     6.1683     6.3245    34.9023    34.9014    27.7100    27.7097    7.27091 0.0000e+00
      40756    422.387     3.9859     3.9815   3.265154   3.264690     1.8709     2.2223      7.997     0.9053   481.2395 1.0715e-01     0.0736    98.1769     6.1634     6.3238    34.9023    34.9014    27.7100    27.7097    7.27092 0.0000e+00
      40759    422.251     3.9860     3.9813   3.265178   3.264659     1.8709     2.2223      7.997     0.9053   481.2790 1.0715e-01     0.0732    98.1856     6.1635     6.3249    34.9025    34.9014    27.7101    27.7097    7.27088 0.0000e+00
      40762    422.117     3.9876     3.9827   3.265333   3.264805     1.8709     2.2227      7.997     0.8952   481.3184 1.0715e-01     0.0729    98.1943     6.1656     6.3257    34.9027    34.9017    27.7101    27.7098    7.27059 0.0000e+00
      40765    421.984     3.9884     3.9837   3.265356   3.264865     1.8713     2.2223      7.997     0.9155   481.3184 1.0715e-01     0.0729    98.1943     6.1678     6.3240    34.9023    34.9014    27.7097    27.7095    7.27047 0.0000e+00
      40768    421.856     3.9885     3.9839   3.265366   3.264857     1.8713     2.2211      7.997     0.9053   481.2790 1.0715e-01     0.0729    98.1943     6.1691     6.3192    34.9023    34.9012    27.7097    27.7093    7.27045 0.0000e+00
      40771    421.735     3.9888     3.9842   3.265369   3.264858     1.8713     2.2219      7.997     0.8952   481.3184 1.0715e-01     0.0729    98.1943     6.1672     6.3206    34.9021    34.9009    27.7095    27.7090    7.27040 0.0000e+00
      40774    421.620     3.9886     3.9840   3.265366   3.264857     1.8713     2.2223      7.997     0.9053   481.3579 1.0715e-01     0.0729    98.1943     6.1671     6.3224    34.9023    34.9012    27.7097    27.7093    7.27043 0.0000e+00
      40777    421.510     3.9885     3.9838   3.265353   3.264828     1.8705     2.2215      7.997     0.8850   481.3184 1.0715e-01     0.0732    98.1856     6.1660     6.3165    34.9023    34.9011    27.7097    27.7092    7.27044 0.0000e+00
      40780    421.411     3.9886     3.9837   3.265345   3.264813     1.8713     2.2215      7.997     0.9053   481.3184 1.0715e-01     0.0732    98.1856     6.1698     6.3170    34.9022    34.9010    27.7096    27.7092    7.27044 0.0000e+00
      40783    421.319     3.9888     3.9836   3.265365   3.264818     1.8717     2.2223      7.997     0.9155   481.2790 1.0727e-01     0.0732    98.1856     6.1682     6.3198    34.9022    34.9013    27.7096    27.7094    7.27039 0.0000e+00
      40786    421.234     3.9888     3.9838   3.265347   3.264817     1.8717     2.2211      7.997     0.9053   481.3184 1.0715e-01     0.0725    98.2030     6.1654     6.3155    34.9021    34.9011    27.7096    27.7093    7.27041 0.0000e+00
      40789    421.159     3.9889     3.9839   3.265363   3.264827     1.8713     2.2219      7.997     0.8850   481.3184 1.0715e-01     0.0725    98.2030     6.1635     6.3196    34.9022    34.9012    27.7096    27.7093    7.27038 0.0000e+00
      40792    421.093     3.9889     3.9839   3.265357   3.264821     1.8713     2.2219      7.997     0.8952   481.3184 1.0715e-01     0.0725    98.2030     6.1652     6.3178    34.9021    34.9011    27.7095    27.7092    7.27038 0.0000e+00
      40795    421.039     3.9886     3.9837   3.265277   3.264807     1.8705     2.2215      7.997     0.9257   125.1781 1.0715e-01     0.0725    98.2030     6.1618     6.3131    34.9016    34.9012    27.7091    27.7094    7.27047 0.0000e+00
      40798    420.998     3.9885     3.9838   3.265321   3.264792     1.8713     2.2215      7.997     0.9460     3.7010 1.0715e-01     0.0764    98.1074     6.1644     6.3125    34.9022    34.9010    27.7097    27.7092    7.27045 0.0000e+00
      40831    420.963     3.9885     3.9836   3.265306   3.264800     1.8709     2.2219      7.997     0.9257   166.3547 1.0715e-01     0.0810    97.9944     6.1658     6.3226    34.9020    34.9013    27.7095    27.7094    7.27045 0.0000e+00
      40893    420.826     3.9884     3.9836   3.265298   3.264803     1.8709     2.2239      7.997     0.9155   481.2395 1.0715e-01     0.0800    98.0205     6.1763     6.3407    34.9022    34.9014    27.7096    27.7095    7.27048 0.0000e+00
      40896    420.633     3.9881     3.9838   3.265275   3.264816     1.8717     2.2239      7.997     0.9053   481.2790 1.0715e-01     0.0800    98.0205     6.1785     6.3390    34.9024    34.9014    27.7098    27.7095    7.27052 0.0000e+00
      40899    420.426     3.9884     3.9839   3.265278   3.264799     1.8709     2.2235      7.997     0.8952   242.9440 1.0715e-01     0.0775    98.0813     6.1726     6.3355    34.9022    34.9012    27.7096    27.7093    7.27048 0.0000e+00
      40902    420.204     3.9885     3.9840   3.265302   3.264806     1.8701     2.2243      7.997     0.8952     0.4243 1.0715e-01     0.0736    98.1769     6.1665     6.3394    34.9024    34.9013    27.7098    27.7094    7.27044 0.0000e+00
      40905    419.967     3.9886     3.9844   3.265272   3.264838     1.8709     2.2239      7.997     0.9053     8.3596 1.0727e-01     0.0736    98.1769     6.1685     6.3356    34.9021    34.9014    27.7096    27.7094    7.27044 0.0000e+00
      40908    419.710     3.9886     3.9845   3.265276   3.264821     1.8717     2.2243      7.997     0.9053     7.9648 1.0715e-01     0.0736    98.1769     6.1717     6.3338    34.9023    34.9013    27.7096    27.7093    7.27043 0.0000e+00
      40911    419.439     3.9891     3.9847   3.265360   3.264841     1.8709     2.2247      7.997     0.9053     8.0043 1.0715e-01     0.0736    98.1769     6.1685     6.3360    34.9028    34.9014    27.7101    27.7093    7.27031 0.0000e+00
      40914    419.161     3.9913     3.9854   3.265524   3.264887     1.8713     2.2239      7.997     0.9155     7.9648 1.0727e-01     0.0736    98.1769     6.1715     6.3342    34.9026    34.9014    27.7097    27.7093    7.26993 0.0000e+00
