Datasets/AZMP/HUD120/hud120_2020_071.cnv
* Sea-Bird SBE 9 Data File:
* FileName = C:\CTDDATA\hud120_2020_071.hex
* Software Version Seasave V 7.26.7.110
* Temperature SN = 1697
* Conductivity SN = 4216
* Number of Bytes Per Scan = 30
* Number of Voltage Words = 4
* Number of Scans Averaged by the Deck Unit = 1
* NMEA baud rate = 4800
** VESSEL/TRIP/SEQ STN:  hud120_2020_071
** LATITUDE XX XX.XX: 47 00.00 N
** LONGITUDE XX XX.XX: 048 37.00 W
** SOUNDING DEPTH (M): 0109
** PROBE TYPE: S1146
** CTD NUMBER: 050
** FORMAT: V
** COMMENTS (14 CHAR): FC-11
** BOTTLES:  0
** LEVELS:
** STICKERS:
** VNET: N
** DO2: N
# nquan = 22
# nvalues = 1502                        
# units = specified
# name 0 = scan: Scan Count
# name 1 = prDM: Pressure, Digiquartz [db]
# name 2 = t090C: Temperature [ITS-90, deg C]
# name 3 = t190C: Temperature, 2 [ITS-90, deg C]
# name 4 = c0S/m: Conductivity [S/m]
# name 5 = c1S/m: Conductivity, 2 [S/m]
# name 6 = sbeox0V: Oxygen raw, SBE 43 [V]
# name 7 = sbeox1V: Oxygen raw, SBE 43, 2 [V]
# name 8 = ph: pH
# name 9 = flECO-AFL: Fluorescence, WET Labs ECO-AFL/FL [mg/m^3]
# name 10 = wetCDOM: Fluorescence, WET Labs CDOM [mg/m^3]
# name 11 = par/sat/log: PAR/Logarithmic, Satlantic [umol photons/m^2/sec]
# name 12 = CStarAt0: Beam Attenuation, WET Labs C-Star [1/m]
# name 13 = CStarTr0: Beam Transmission, WET Labs C-Star [%]
# name 14 = sbeox0ML/L: Oxygen, SBE 43 [ml/l], WS = 2
# name 15 = sbeox1ML/L: Oxygen, SBE 43, 2 [ml/l], WS = 2
# name 16 = sal00: Salinity, Practical [PSU]
# name 17 = sal11: Salinity, Practical, 2 [PSU]
# name 18 = sigma-t00: Density [sigma-t, kg/m^3 ]
# name 19 = sigma-t11: Density, 2 [sigma-t, kg/m^3 ]
# name 20 = oxsatML/L: Oxygen Saturation, Weiss [ml/l]
# name 21 = flag: flag
# span 0 =        105,       7964       
# span 1 =      2.426,     98.838       
# span 2 =    -0.5873,     4.7753       
# span 3 =    -0.5927,     4.7703       
# span 4 =   2.707934,   3.076571       
# span 5 =   2.707514,   3.076108       
# span 6 =     1.8660,     2.2202       
# span 7 =     2.2120,     2.6273       
# span 8 =      7.963,      8.147       
# span 9 =     1.0579,     4.7922       
# span 10 =    -2.8130,   482.1870      
# span 11 = 1.0715e-01, 1.3711e+02      
# span 12 =     0.0906,     0.6731      
# span 13 =    84.5126,    97.7597      
# span 14 =     6.4950,     7.3083      
# span 15 =     6.3626,     7.4526      
# span 16 =    32.0884,    33.3508      
# span 17 =    32.0841,    33.3513      
# span 18 =    25.3922,    26.7874      
# span 19 =    25.3896,    26.7880      
# span 20 =    7.26530,    8.28451      
# span 21 = 0.0000e+00, 0.0000e+00      
# interval = scans: 3                   
# start_time = Nov 25 2020 16:33:50 [System UTC, header]
# bad_flag = -9.990e-29
*END*
[from data line 791]
       5088     89.428    -0.3181    -0.3052   2.753656   2.756014     1.8689     2.2173      7.994     1.0884   481.3184 1.0715e-01     0.1335    96.7166     6.7657     6.9131    33.3044    33.3217    26.7522    26.7656    8.20821 0.0000e+00
       5091     89.317    -0.3333    -0.3058   2.751674   2.755959     1.8681     2.2177      7.992     1.0783   481.3184 1.0752e-01     0.1335    96.7166     6.7651     6.9177    33.2946    33.3217    26.7450    26.7657    8.21210 0.0000e+00
       5094     89.215    -0.3428    -0.3065   2.750185   2.755837     1.8689     2.2177      7.994     1.0884   196.5956 1.0727e-01     0.1335    96.7166     6.7740     6.9204    33.2853    33.3208    26.7378    26.7650    8.21472 0.0000e+00
       5097     89.121    -0.3454    -0.3075   2.750336   2.755651     1.8693     2.2185      7.994     1.0884     5.8724 1.0752e-01     0.1282    96.8470     6.7821     6.9268    33.2902    33.3196    26.7419    26.7640    8.21502 0.0000e+00
       5100     89.036    -0.3417    -0.3103   2.751058   2.755167     1.8693     2.2177      7.994     1.0884    13.4918 1.0715e-01     0.1249    96.9252     6.7851     6.9218    33.2958    33.3162    26.7464    26.7615    8.21389 0.0000e+00
       5103     88.956    -0.3418    -0.3173   2.750384   2.753877     1.8689     2.2181      7.994     1.0884    13.1365 1.0752e-01     0.1249    96.9252     6.7858     6.9227    33.2869    33.3068    26.7391    26.7541    8.21440 0.0000e+00
       5106     88.886    -0.3616    -0.3267   2.747210   2.752883     1.8697     2.2185      7.994     1.0783    13.1760 1.0727e-01     0.1249    96.9252     6.7945     6.9310    33.2663    33.3038    26.7234    26.7521    8.21992 0.0000e+00
       5109     88.823    -0.3840    -0.3324   2.744320   2.752180     1.8681     2.2185      7.994     1.0884    13.1365 1.0727e-01     0.1249    96.9252     6.7947     6.9335    33.2523    33.3008    26.7130    26.7499    8.22565 0.0000e+00
       5112     88.768    -0.3856    -0.3381   2.745264   2.751313     1.8689     2.2197      7.994     1.0884    13.0971 1.0727e-01     0.1249    96.9252     6.8036     6.9389    33.2667    33.2955    26.7247    26.7459    8.22520 0.0000e+00
       5115     88.718    -0.3443    -0.3376   2.750987   2.751604     1.8697     2.2197      7.994     1.0681    13.1760 1.0727e-01     0.1249    96.9252     6.8018     6.9337    33.2978    33.2988    26.7481    26.7485    8.21433 0.0000e+00
       5118     88.676    -0.3580    -0.3277   2.747491   2.753173     1.8693     2.2197      7.994     1.0884    15.3868 1.0740e-01     0.1202    97.0382     6.8050     6.9254    33.2663    33.3089    26.7232    26.7563    8.21914 0.0000e+00
       5121     88.641    -0.3838    -0.3143   2.744898   2.755014     1.8709     2.2197      7.994     1.0884   418.2704 1.0727e-01     0.1195    97.0556     6.8200     6.9183    33.2599    33.3187    26.7191    26.7636    8.22518 0.0000e+00
       5124     88.611    -0.3920    -0.3059   2.743881   2.756010     1.8705     2.2185      7.994     1.0681   481.5158 1.0740e-01     0.1195    97.0556     6.8197     6.9097    33.2553    33.3229    26.7158    26.7666    8.22725 0.0000e+00
       5140     88.512    -0.3913    -0.3111   2.743734   2.755122     1.8709     2.2189      7.994     1.1190   481.3184 1.0740e-01     0.1166    97.1251     6.8115     6.9007    33.2527    33.3168    26.7136    26.7619    8.22725 0.0000e+00
       5146     88.474    -0.3964    -0.3182   2.743485   2.753904     1.8714     2.2189      7.994     1.1394   255.9326 1.0727e-01     0.1156    97.1512     6.8114     6.9032    33.2550    33.3084    26.7157    26.7555    8.22824 0.0000e+00
       5149     88.449    -0.3771    -0.3291   2.745808   2.752628     1.8714     2.2194      7.994     1.1495     3.0299 1.0740e-01     0.1152    97.1599     6.8084     6.9061    33.2649    33.3033    26.7229    26.7519    8.22343 0.0000e+00
       5152     88.419    -0.3734    -0.3274   2.746383   2.753393     1.8714     2.2185      7.994     1.1292    12.3864 1.0740e-01     0.1152    97.1599     6.8067     6.9020    33.2686    33.3116    26.7257    26.7585    8.22241 0.0000e+00
       5155     88.384    -0.3787    -0.3140   2.745407   2.754879     1.8722     2.2189      7.994     1.1495    11.9916 1.0752e-01     0.1152    97.1599     6.8107     6.9039    33.2613    33.3168    26.7201    26.7620    8.22398 0.0000e+00
       5158     88.347    -0.3890    -0.3105   2.743494   2.755113     1.8718     2.2189      7.994     1.1495    11.9521 1.0727e-01     0.1145    97.1773     6.8104     6.9059    33.2470    33.3161    26.7090    26.7614    8.22705 0.0000e+00
       5161     88.300    -0.3990    -0.3098   2.742206   2.755234     1.8722     2.2185      7.994     1.1495    11.9127 1.0727e-01     0.1138    97.1947     6.8162     6.9054    33.2408    33.3171    26.7043    26.7621    8.22961 0.0000e+00
       5164     88.247    -0.4030    -0.3108   2.742460   2.755149     1.8718     2.2185      7.994     1.1902    11.9916 1.0740e-01     0.1142    97.1860     6.8185     6.9046    33.2487    33.3170    26.7109    26.7620    8.23007 0.0000e+00
       5167     88.185    -0.3941    -0.3132   2.744533   2.754830     1.8718     2.2181      7.994     1.1902    11.9916 1.0740e-01     0.1138    97.1947     6.8165     6.9034    33.2666    33.3154    26.7250    26.7609    8.22707 0.0000e+00
       5170     88.120    -0.3706    -0.3204   2.747365   2.753469     1.8730     2.2185      7.994     1.1902    11.9916 1.0727e-01     0.1142    97.1860     6.8153     6.9071    33.2787    33.3052    26.7338    26.7530    8.22121 0.0000e+00
       5173     88.043    -0.3573    -0.3467   2.748583   2.750426     1.8726     2.2189      7.994     1.1902   364.8948 1.0740e-01     0.1138    97.1947     6.8076     6.9171    33.2805    33.2934    26.7346    26.7446    8.21818 0.0000e+00
       5176     87.959    -0.3585    -0.3463   2.746575   2.750911     1.8730     2.2189      7.994     1.1800   482.0291 1.0740e-01     0.1142    97.1860     6.8094     6.9202    33.2550    33.2995    26.7141    26.7495    8.21987 0.0000e+00
       5179     87.866    -0.4018    -0.3257   2.740372   2.752975     1.8730     2.2185      7.994     1.1800   480.9631 1.0727e-01     0.1159    97.1425     6.8206     6.9165    33.2196    33.3046    26.6873    26.7527    8.23142 0.0000e+00
       5182     87.767    -0.4188    -0.3525   2.738920   2.746625     1.8730     2.2185      7.994     1.1699   481.3184 1.0727e-01     0.1159    97.1425     6.8261     6.9276    33.2189    33.2493    26.6874    26.7092    8.23522 0.0000e+00
       5185     87.659    -0.4228    -0.4111   2.738600   2.739127     1.8734     2.2185      7.994     1.1800   481.3184 1.0740e-01     0.1163    97.1338     6.8293     6.9446    33.2191    33.2133    26.6878    26.6826    8.23610 0.0000e+00
       5188     87.538    -0.4260    -0.4367   2.738262   2.736669     1.8734     2.2185      7.994     1.1495   481.3184 1.0727e-01     0.1163    97.1338     6.8312     6.9552    33.2181    33.2085    26.6872    26.6799    8.23686 0.0000e+00
       5191     87.413    -0.4216    -0.4432   2.739265   2.736325     1.8726     2.2189      7.994     1.1088   481.3184 1.0740e-01     0.1159    97.1425     6.8265     6.9650    33.2268    33.2111    26.6940    26.6822    8.23540 0.0000e+00
       5194     87.281    -0.4155    -0.4321   2.739583   2.738480     1.8734     2.2189      7.994     1.1292   481.3184 1.0715e-01     0.1163    97.1338     6.8288     6.9638    33.2244    33.2279    26.6918    26.6953    8.23418 0.0000e+00
       5197     87.141    -0.4210    -0.4044   2.738733   2.742729     1.8730     2.2189      7.994     1.1088   441.1683 1.0740e-01     0.1159    97.1425     6.8322     6.9609    33.2192    33.2544    26.6878    26.7156    8.23570 0.0000e+00
       5200     86.994    -0.4289    -0.3875   2.736805   2.744080     1.8738     2.2198      7.994     1.1190    24.0722 1.0752e-01     0.1152    97.1599     6.8426     6.9666    33.2021    33.2541    26.6744    26.7146    8.23840 0.0000e+00
       5203     86.838    -0.4560    -0.4045   2.732662   2.740480     1.8738     2.2198      7.994     1.1190    -0.8391 1.0740e-01     0.1156    97.1512     6.8531     6.9740    33.1765    33.2247    26.6547    26.6915    8.24585 0.0000e+00
       5206     86.678    -0.4723    -0.4489   2.730792   2.733539     1.8742     2.2198      7.994     1.1190     1.2139 1.0727e-01     0.1156    97.1512     6.8606     6.9895    33.1694    33.1805    26.6497    26.6577    8.24987 0.0000e+00
       5209     86.510    -0.4816    -0.4810   2.729745   2.729744     1.8746     2.2198      7.994     1.1292     1.0954 1.0752e-01     0.1159    97.1425     6.8680     7.0007    33.1657    33.1650    26.6471    26.6465    8.25215 0.0000e+00
       5212     86.338    -0.4856    -0.4922   2.729288   2.728745     1.8742     2.2222      7.994     1.1190     1.0954 1.0740e-01     0.1156    97.1512     6.8706     7.0158    33.1640    33.1639    26.6459    26.6461    8.25312 0.0000e+00
       5215     86.167    -0.4891    -0.4958   2.728620   2.727978     1.8754     2.2218      7.994     1.1394     1.0954 1.0727e-01     0.1156    97.1512     6.8811     7.0195    33.1590    33.1577    26.6420    26.6412    8.25419 0.0000e+00
       5218     85.990    -0.4920    -0.4986   2.728027   2.727547     1.8746     2.2214      7.994     1.1495     1.0954 1.0727e-01     0.1181    97.0904     6.8800     7.0219    33.1543    33.1551    26.6383    26.6392    8.25509 0.0000e+00
       5221     85.813    -0.4945    -0.4980   2.727638   2.727565     1.8758     2.2226      7.994     1.1495     1.0954 1.0740e-01     0.1195    97.0556     6.8877     7.0266    33.1520    33.1548    26.6365    26.6390    8.25578 0.0000e+00
       5224     85.631    -0.4953    -0.5001   2.727503   2.727159     1.8762     2.2222      7.994     1.1597   145.8256 1.0740e-01     0.1195    97.0556     6.8864     7.0268    33.1511    33.1517    26.6359    26.6366    8.25600 0.0000e+00
       5227     85.454    -0.4969    -0.5026   2.727130   2.726686     1.8758     2.2222      7.994     1.1394   482.1870 1.0727e-01     0.1195    97.0556     6.8841     7.0306    33.1480    33.1482    26.6334    26.6339    8.25654 0.0000e+00
       5230     85.277    -0.5003    -0.5040   2.726423   2.726612     1.8762     2.2238      7.994     1.1394   480.9237 1.0727e-01     0.1195    97.0556     6.8864     7.0373    33.1424    33.1489    26.6290    26.6344    8.25762 0.0000e+00
       5233     85.102    -0.5044    -0.5018   2.725796   2.726858     1.8766     2.2242      7.994     1.1394   481.2790 1.0727e-01     0.1195    97.0556     6.8897     7.0367    33.1386    33.1500    26.6261    26.6352    8.25875 0.0000e+00
       5236     84.928    -0.5090    -0.5070   2.724902   2.725291     1.8770     2.2246      7.994     1.1699   481.2395 1.0727e-01     0.1195    97.0556     6.8930     7.0422    33.1317    33.1347    26.6208    26.6231    8.26016 0.0000e+00
       5239     84.758    -0.5153    -0.5179   2.723972   2.723881     1.8779     2.2259      7.994     1.1292   481.3579 1.0727e-01     0.1199    97.0469     6.8982     7.0556    33.1262    33.1279    26.6165    26.6180    8.26185 0.0000e+00
       5242     84.593    -0.5187    -0.5189   2.723559   2.724295     1.8783     2.2255      7.994     1.0986   481.3184 1.0727e-01     0.1199    97.0469     6.9011     7.0563    33.1245    33.1345    26.6153    26.6234    8.26271 0.0000e+00
       5245     84.431    -0.5193    -0.5129   2.723490   2.725044     1.8779     2.2259      7.994     1.0884   481.2790 1.0740e-01     0.1199    97.0469     6.8986     7.0578    33.1244    33.1382    26.6152    26.6262    8.26286 0.0000e+00
       5248     84.279    -0.5208    -0.5173   2.723257   2.724095     1.8775     2.2267      7.994     1.0884   481.2790 1.0727e-01     0.1202    97.0382     6.8992     7.0641    33.1229    33.1303    26.6141    26.6200    8.26326 0.0000e+00
       5251     84.131    -0.5237    -0.5206   2.722801   2.723738     1.8779     2.2275      7.994     1.0884   205.4389 1.0727e-01     0.1199    97.0469     6.9057     7.0672    33.1201    33.1292    26.6120    26.6192    8.26408 0.0000e+00
       5254     83.991    -0.5235    -0.5219   2.723069   2.723608     1.8787     2.2271      7.994     1.0681    -1.4707 1.0715e-01     0.1195    97.0556     6.9077     7.0673    33.1235    33.1290    26.6147    26.6191    8.26383 0.0000e+00
       5257     83.856    -0.5236    -0.5208   2.722875   2.723797     1.8791     2.2283      7.994     1.0986     3.7010 1.0740e-01     0.1195    97.0556     6.9105     7.0729    33.1212    33.1305    26.6128    26.6202    8.26399 0.0000e+00
       5260     83.731    -0.5253    -0.5215   2.722766   2.723602     1.8791     2.2295      7.994     1.0986     3.4642 1.0752e-01     0.1145    97.1773     6.9120     7.0796    33.1216    33.1287    26.6133    26.6188    8.26435 0.0000e+00
       5263     83.614    -0.5239    -0.5210   2.723212   2.723662     1.8799     2.2295      7.994     1.0884     3.4642 1.0727e-01     0.1142    97.1860     6.9163     7.0808    33.1262    33.1290    26.6169    26.6190    8.26378 0.0000e+00
       5266     83.500    -0.5215    -0.5222   2.723508   2.723417     1.8799     2.2307      7.994     1.0783     3.4642 1.0727e-01     0.1142    97.1860     6.9204     7.0890    33.1275    33.1271    26.6179    26.6176    8.26316 0.0000e+00
       5269     83.394    -0.5194    -0.5243   2.723301   2.723122     1.8803     2.2307      7.994     1.0986     3.4642 1.0740e-01     0.1142    97.1860     6.9251     7.0889    33.1225    33.1256    26.6138    26.6164    8.26298 0.0000e+00
       5272     83.293    -0.5284    -0.5224   2.721733   2.723187     1.8811     2.2311      7.994     1.0986     3.4642 1.0727e-01     0.1142    97.1860     6.9329     7.0901    33.1114    33.1243    26.6051    26.6153    8.26561 0.0000e+00
       5275     83.201    -0.5345    -0.5200   2.721319   2.723266     1.8815     2.2324      7.994     1.0681     3.4642 1.0740e-01     0.1142    97.1860     6.9374     7.0965    33.1125    33.1229    26.6063    26.6141    8.26690 0.0000e+00
       5278     83.115    -0.5312    -0.5193   2.721931   2.723603     1.8807     2.2332      7.994     1.0884     5.8724 1.0715e-01     0.1124    97.2295     6.9333     7.1028    33.1172    33.1267    26.6099    26.6171    8.26590 0.0000e+00
       5281     83.035    -0.5305    -0.5273   2.721921   2.722565     1.8824     2.2332      7.994     1.0884     6.3067 1.0727e-01     0.1088    97.3164     6.9439     7.1024    33.1164    33.1215    26.6092    26.6132    8.26580 0.0000e+00
       5284     82.959    -0.5308    -0.5299   2.721767   2.722307     1.8819     2.2344      7.994     1.0783     6.3067 1.0740e-01     0.1088    97.3164     6.9429     7.1061    33.1147    33.1209    26.6079    26.6129    8.26596 0.0000e+00
       5287     82.884    -0.5359    -0.5327   2.721054   2.721854     1.8828     2.2344      7.994     1.0884     6.3067 1.0740e-01     0.1095    97.2990     6.9476     7.1060    33.1107    33.1180    26.6049    26.6106    8.26732 0.0000e+00
       5290     82.811    -0.5390    -0.5351   2.720689   2.721516     1.8832     2.2356      7.996     1.0884     6.3067 1.0740e-01     0.1088    97.3164     6.9513     7.1087    33.1093    33.1161    26.6039    26.6092    8.26810 0.0000e+00
       5293     82.742    -0.5362    -0.5352   2.721160   2.721365     1.8836     2.2356      7.996     1.1088     6.3067 1.0715e-01     0.1092    97.3077     6.9519     7.1056    33.1126    33.1142    26.6064    26.6077    8.26728 0.0000e+00
