Datasets/AZMP/HUD120/hud120_2020_073.cnv
* Sea-Bird SBE 9 Data File:
* FileName = C:\CTDDATA\hud120_2020_073.hex
* Software Version Seasave V 7.26.7.110
* Temperature SN = 1697
* Conductivity SN = 4216
* Number of Bytes Per Scan = 30
* Number of Voltage Words = 4
* Number of Scans Averaged by the Deck Unit = 1
* NMEA baud rate = 4800
** VESSEL/TRIP/SEQ STN:  hud120_2020_073
** LATITUDE XX XX.XX: 47 00.00 N
** LONGITUDE XX XX.XX: 050 00.00 W
** SOUNDING DEPTH (M): 0085
** PROBE TYPE: S1146
** CTD NUMBER: 052
** FORMAT: V
** COMMENTS (14 CHAR): FC-09
** BOTTLES:  7
** LEVELS: 5,10,20,30,40,50,BTM
** STICKERS: 439860 - 439866
** VNET: Y
** DO2: N
# nquan = 22
# nvalues = 1503                        
# units = specified
# name 0 = scan: Scan Count
# name 1 = prDM: Pressure, Digiquartz [db]
# name 2 = t090C: Temperature [ITS-90, deg C]
# name 3 = t190C: Temperature, 2 [ITS-90, deg C]
# name 4 = c0S/m: Conductivity [S/m]
# name 5 = c1S/m: Conductivity, 2 [S/m]
# name 6 = sbeox0V: Oxygen raw, SBE 43 [V]
# name 7 = sbeox1V: Oxygen raw, SBE 43, 2 [V]
# name 8 = ph: pH
# name 9 = flECO-AFL: Fluorescence, WET Labs ECO-AFL/FL [mg/m^3]
# name 10 = wetCDOM: Fluorescence, WET Labs CDOM [mg/m^3]
# name 11 = par/sat/log: PAR/Logarithmic, Satlantic [umol photons/m^2/sec]
# name 12 = CStarAt0: Beam Attenuation, WET Labs C-Star [1/m]
# name 13 = CStarTr0: Beam Transmission, WET Labs C-Star [%]
# name 14 = sbeox0ML/L: Oxygen, SBE 43 [ml/l], WS = 2
# name 15 = sbeox1ML/L: Oxygen, SBE 43, 2 [ml/l], WS = 2
# name 16 = sal00: Salinity, Practical [PSU]
# name 17 = sal11: Salinity, Practical, 2 [PSU]
# name 18 = sigma-t00: Density [sigma-t, kg/m^3 ]
# name 19 = sigma-t11: Density, 2 [sigma-t, kg/m^3 ]
# name 20 = oxsatML/L: Oxygen Saturation, Weiss [ml/l]
# name 21 = flag: flag
# span 0 =         72,      20053       
# span 1 =      1.552,     82.716       
# span 2 =     0.7282,     5.4317       
# span 3 =     0.7236,     5.4278       
# span 4 =   2.799192,   3.110758       
# span 5 =   2.798454,   3.110071       
# span 6 =     1.8465,     2.2016       
# span 7 =     2.1863,     2.6278       
# span 8 =      7.951,      8.149       
# span 9 =     1.2818,     4.1409       
# span 10 =    -2.8130,   482.1870      
# span 11 = 1.0533e-01, 7.6842e-01      
# span 12 =     0.1368,     0.3568      
# span 13 =    91.4665,    96.6384      
# span 14 =     6.4437,     7.1373      
# span 15 =     6.4687,     7.4780      
# span 16 =    31.8443,    32.8657      
# span 17 =    31.8441,    32.8013      
# span 18 =    25.1268,    26.3372      
# span 19 =    25.1274,    26.2936      
# span 20 =    7.16258,    8.01116      
# span 21 = 0.0000e+00, 0.0000e+00      
# interval = scans: 3                   
# start_time = Nov 26 2020 00:02:19 [System UTC, header]
# bad_flag = -9.990e-29
*END*
[from data line 1449]
      18314      5.391     5.4223     5.4185   3.107921   3.107427     2.1992     2.6274      8.149     3.1336   481.3579 1.0715e-01     0.1454    96.4298     7.0962     7.2586    31.8481    31.8461    25.1303    25.1292    7.16421 0.0000e+00
      18317      5.323     5.4220     5.4181   3.107918   3.107432     2.1992     2.6278      8.149     3.1336   100.7011 1.0803e-01     0.1454    96.4298     7.0965     7.2584    31.8484    31.8466    25.1306    25.1296    7.16426 0.0000e+00
      18320      5.253     5.4221     5.4181   3.107921   3.107432     2.1992     2.6266      8.147     3.1133     8.2411 1.5346e-01     0.1454    96.4298     7.0962     7.2531    31.8483    31.8466    25.1305    25.1296    7.16424 0.0000e+00
      18323      5.188     5.4223     5.4180   3.107946   3.107423     2.1988     2.6266      8.147     3.1336    12.3470 1.1791e-01     0.1454    96.4298     7.0939     7.2490    31.8485    31.8466    25.1306    25.1296    7.16420 0.0000e+00
      18326      5.126     5.4222     5.4180   3.107944   3.107431     2.1992     2.6278      8.149     3.1438    12.1890 1.1444e-01     0.1450    96.4385     7.0955     7.2500    31.8485    31.8468    25.1307    25.1297    7.16421 0.0000e+00
      18329      5.064     5.4223     5.4180   3.107940   3.107431     2.1996     2.6266      8.149     3.1641    12.1890 1.0817e-01     0.1454    96.4298     7.0962     7.2421    31.8484    31.8468    25.1306    25.1297    7.16420 0.0000e+00
      18332      5.002     5.4223     5.4180   3.107931   3.107402     2.2008     2.6262      8.149     3.1438    12.1890 1.0715e-01     0.1447    96.4471     7.1011     7.2356    31.8484    31.8465    25.1306    25.1296    7.16421 0.0000e+00
      18335      4.941     5.4226     5.4181   3.107957   3.107426     2.2000     2.6266      8.149     3.1540    12.1890 1.4707e-01     0.1443    96.4558     7.0973     7.2310    31.8484    31.8467    25.1306    25.1296    7.16416 0.0000e+00
      18338      4.880     5.4229     5.4181   3.107954   3.107427     2.1996     2.6262      8.147     3.1641    12.1890 1.0543e-01     0.1447    96.4471     7.0956     7.2232    31.8482    31.8468    25.1303    25.1297    7.16412 0.0000e+00
      18341      4.817     5.4226     5.4181   3.107941   3.107419     2.2000     2.6258      8.149     3.1540    62.9986 1.0932e-01     0.1443    96.4558     7.0948     7.2179    31.8483    31.8467    25.1305    25.1296    7.16416 0.0000e+00
      18344      4.749     5.4225     5.4182   3.107948   3.107413     2.1996     2.6250      8.149     3.1540   463.2371 1.2122e-01     0.1443    96.4558     7.0907     7.2120    31.8485    31.8465    25.1306    25.1295    7.16416 0.0000e+00
      18347      4.680     5.4227     5.4183   3.107966   3.107440     2.1992     2.6237      8.149     3.1438   481.5159 1.0830e-01     0.1443    96.4558     7.0885     7.2054    31.8486    31.8468    25.1306    25.1297    7.16412 0.0000e+00
      18350      4.613     5.4228     5.4182   3.107928   3.107413     2.2000     2.6237      8.147     3.1540   481.2000 1.7980e-01     0.1461    96.4124     7.0902     7.2041    31.8481    31.8466    25.1302    25.1296    7.16413 0.0000e+00
      18353      4.542     5.4230     5.4181   3.107957   3.107408     2.1996     2.6221      8.147     3.1540   481.3184 2.1199e-01     0.1487    96.3515     7.0868     7.2001    31.8482    31.8467    25.1303    25.1297    7.16408 0.0000e+00
      18356      4.477     5.4229     5.4180   3.107946   3.107398     2.1992     2.6217      8.146     3.1743   481.3184 1.7922e-01     0.1487    96.3515     7.0853     7.2006    31.8482    31.8466    25.1303    25.1296    7.16410 0.0000e+00
      18359      4.427     5.4227     5.4181   3.107927   3.107394     2.1992     2.6213      8.149     3.1845   481.2790 1.0533e-01     0.1487    96.3515     7.0892     7.2007    31.8482    31.8466    25.1304    25.1296    7.16414 0.0000e+00
      18362      4.388     5.4223     5.4178   3.107895   3.107393     2.1996     2.6201      8.149     3.1845   481.3579 1.0840e-01     0.1487    96.3515     7.0909     7.2007    31.8483    31.8469    25.1304    25.1299    7.16421 0.0000e+00
      18365      4.350     5.4225     5.4179   3.107911   3.107386     2.1984     2.6197      8.149     3.1845   481.3184 1.0727e-01     0.1487    96.3515     7.0852     7.2055    31.8483    31.8467    25.1305    25.1298    7.16418 0.0000e+00
      18368      4.312     5.4223     5.4179   3.107918   3.107376     2.1992     2.6201      8.147     3.1947   324.1129 1.0715e-01     0.1487    96.3515     7.0881     7.2141    31.8486    31.8466    25.1306    25.1296    7.16419 0.0000e+00
      18371      4.273     5.4224     5.4177   3.107930   3.107391     2.1996     2.6197      8.149     3.1845     4.0958 1.1031e-01     0.1472    96.3863     7.0887     7.2196    31.8487    31.8470    25.1307    25.1299    7.16418 0.0000e+00
      18374      4.229     5.4221     5.4178   3.107897   3.107373     2.1996     2.6193      8.149     3.1845    16.4528 1.1630e-01     0.1454    96.4298     7.0876     7.2247    31.8485    31.8467    25.1307    25.1297    7.16423 0.0000e+00
      18377      4.188     5.4221     5.4179   3.107917   3.107374     2.1992     2.6197      8.147     3.1845    15.9001 1.1229e-01     0.1454    96.4298     7.0841     7.2314    31.8489    31.8466    25.1310    25.1297    7.16422 0.0000e+00
      18380      4.141     5.4222     5.4179   3.107903   3.107376     2.1992     2.6193      8.149     3.2150    15.9001 1.1795e-01     0.1450    96.4385     7.0825     7.2357    31.8486    31.8467    25.1307    25.1296    7.16421 0.0000e+00
      18383      4.091     5.4221     5.4179   3.107906   3.107380     2.2000     2.6189      8.147     3.2557    15.9001 1.2085e-01     0.1454    96.4298     7.0844     7.2395    31.8487    31.8467    25.1308    25.1297    7.16422 0.0000e+00
      18386      4.035     5.4220     5.4179   3.107879   3.107397     2.1992     2.6189      8.147     3.2557    15.9001 1.7840e-01     0.1454    96.4298     7.0812     7.2439    31.8486    31.8470    25.1307    25.1299    7.16425 0.0000e+00
      18389      3.981     5.4220     5.4178   3.107879   3.107369     2.1984     2.6201      8.149     3.2557    15.9001 1.1134e-01     0.1454    96.4298     7.0755     7.2510    31.8486    31.8468    25.1307    25.1298    7.16425 0.0000e+00
      18392      3.924     5.4225     5.4176   3.107882   3.107335     2.1988     2.6201      8.146     3.2557    15.9001 1.2865e-01     0.1461    96.4124     7.0746     7.2523    31.8481    31.8467    25.1303    25.1297    7.16418 0.0000e+00
      18395      3.869     5.4223     5.4174   3.107881   3.107325     2.1988     2.6205      8.147     3.2557   295.8459 1.0779e-01     0.1458    96.4211     7.0754     7.2562    31.8484    31.8467    25.1305    25.1298    7.16420 0.0000e+00
      18398      3.815     5.4222     5.4175   3.107883   3.107310     2.1980     2.6201      8.149     3.2659   481.6738 1.2376e-01     0.1461    96.4124     7.0718     7.2568    31.8485    31.8465    25.1306    25.1296    7.16422 0.0000e+00
      18401      3.769     5.4222     5.4174   3.107873   3.107318     2.1976     2.6201      8.147     3.2761   480.9632 1.0641e-01     0.1461    96.4124     7.0693     7.2588    31.8485    31.8467    25.1306    25.1297    7.16422 0.0000e+00
      18404      3.732     5.4218     5.4175   3.107878   3.107306     2.1980     2.6217      8.147     3.2557   481.2790 2.0072e-01     0.1465    96.4037     7.0694     7.2666    31.8489    31.8465    25.1310    25.1296    7.16426 0.0000e+00
      19769      3.690     5.4218     5.4177   3.107853   3.107320     2.2008     2.6148      8.147     3.3473   481.3579 1.1402e-01     0.1443    96.4558     7.0937     7.2317    31.8486    31.8465    25.1308    25.1296    7.16428 0.0000e+00
      19772      3.604     5.4220     5.4177   3.107838   3.107335     2.2008     2.6144      8.147     3.3473   481.3579 2.1329e-01     0.1443    96.4558     7.0926     7.2344    31.8483    31.8466    25.1305    25.1297    7.16426 0.0000e+00
      19775      3.513     5.4221     5.4179   3.107830   3.107334     2.2004     2.6144      8.149     3.3677   481.3579 1.5797e-01     0.1443    96.4558     7.0908     7.2364    31.8482    31.8465    25.1304    25.1296    7.16425 0.0000e+00
      19778      3.434     5.4221     5.4178   3.107846   3.107325     2.2004     2.6140      8.149     3.3575   481.3184 4.2154e-01     0.1450    96.4385     7.0902     7.2377    31.8484    31.8466    25.1306    25.1296    7.16424 0.0000e+00
      19781      3.357     5.4220     5.4178   3.107836   3.107289     2.2004     2.6148      8.147     3.3575   407.9269 2.5212e-01     0.1443    96.4558     7.0895     7.2433    31.8484    31.8462    25.1306    25.1293    7.16425 0.0000e+00
      19784      3.289     5.4219     5.4178   3.107832   3.107287     2.2016     2.6156      8.149     3.3473     7.4910 1.4314e-01     0.1450    96.4385     7.0934     7.2465    31.8485    31.8462    25.1307    25.1293    7.16427 0.0000e+00
      19826      3.242     5.4220     5.4177   3.107838   3.107310     2.2004     2.6107      8.149     3.2863    -0.5232 1.0630e-01     0.1447    96.4471     7.0901     7.2032    31.8485    31.8466    25.1307    25.1296    7.16425 0.0000e+00
      19906      3.109     5.4224     5.4177   3.107846   3.107333     2.2008     2.6018      8.147     3.1031     4.0564 3.6254e-01     0.1829    95.5345     7.0962     7.1241    31.8483    31.8469    25.1305    25.1299    7.16420 0.0000e+00
      19909      2.937     5.4223     5.4180   3.107836   3.107317     2.2008     2.6005      8.149     3.0930     4.0564 1.1807e-01     0.2625    93.6482     7.0941     7.1296    31.8483    31.8466    25.1304    25.1296    7.16420 0.0000e+00
      19912      2.766     5.4224     5.4179   3.107825   3.107304     2.2016     2.6009      8.147     3.0930     4.3327 1.7847e-01     0.2591    93.7265     7.0965     7.1395    31.8482    31.8465    25.1303    25.1296    7.16419 0.0000e+00
      19915      2.600     5.4221     5.4178   3.107819   3.107300     2.2012     2.6005      8.147     3.0828     5.5565 3.6088e-01     0.2595    93.7178     7.0948     7.1449    31.8485    31.8467    25.1307    25.1297    7.16424 0.0000e+00
      19918      2.443     5.4220     5.4179   3.107776   3.107273     2.2004     2.6001      8.149     3.0930     5.4776 2.3087e-01     0.2595    93.7178     7.0892     7.1508    31.8482    31.8464    25.1304    25.1295    7.16427 0.0000e+00
      19921      2.301     5.4221     5.4176   3.107789   3.107247     2.2004     2.6001      8.147     3.0930     5.4776 2.9313e-01     0.2595    93.7178     7.0879     7.1564    31.8483    31.8464    25.1305    25.1295    7.16424 0.0000e+00
      19924      2.174     5.4217     5.4174   3.107748   3.107246     2.2012     2.6005      8.149     3.0624     5.4776 3.3270e-01     0.2595    93.7178     7.0913     7.1628    31.8483    31.8467    25.1305    25.1298    7.16432 0.0000e+00
      19927      2.065     5.4217     5.4172   3.107730   3.107227     2.2008     2.5997      8.149     3.0319     5.4776 2.8445e-01     0.1950    95.2476     7.0890     7.1659    31.8482    31.8467    25.1304    25.1298    7.16433 0.0000e+00
      19930      1.974     5.4218     5.4173   3.107754   3.107192     2.2000     2.6005      8.149     3.0420     5.4776 3.0077e-01     0.1487    96.3515     7.0845     7.1714    31.8483    31.8463    25.1305    25.1294    7.16429 0.0000e+00
      19933      1.901     5.4216     5.4174   3.107749   3.107242     2.2008     2.5997      8.147     3.0420     5.4776 3.3214e-01     0.1508    96.2994     7.0880     7.1724    31.8485    31.8468    25.1307    25.1298    7.16432 0.0000e+00
      19936      1.846     5.4220     5.4175   3.107752   3.107247     2.2004     2.6001      8.149     3.0319     5.4776 4.2109e-01     0.1508    96.2994     7.0864     7.1751    31.8482    31.8467    25.1304    25.1298    7.16426 0.0000e+00
      19973      1.810     5.4218     5.4178   3.107760   3.107249     2.2004     2.6003      8.149     3.0624   163.7885 5.0364e-01     0.1490    96.3429     7.0873     7.1772    31.8485    31.8465    25.1306    25.1296    7.16428 0.0000e+00
      20045      1.745     5.4218     5.4175   3.107760   3.107238 -9.990e-29 -9.990e-29      8.149     3.1235    76.3030 7.3206e-01     0.1465    96.4037 -9.990e-29 -9.990e-29    31.8485    31.8467    25.1307    25.1297    7.16429 0.0000e+00
      20048      1.662     5.4217     5.4175   3.107757   3.107236 -9.990e-29 -9.990e-29      8.149     3.1235     4.8854 7.3797e-01     0.1480    96.3689 -9.990e-29 -9.990e-29    31.8486    31.8467    25.1307    25.1297    7.16429 0.0000e+00
      20051      1.589     5.4217     5.4175   3.107738   3.107223 -9.990e-29 -9.990e-29      8.146     3.1336     8.5175 7.5527e-01     0.1487    96.3515 -9.990e-29 -9.990e-29    31.8485    31.8466    25.1307    25.1297    7.16430 0.0000e+00
      20053      1.552     5.4214     5.4174   3.107745   3.107200 -9.990e-29 -9.990e-29      8.144     3.1133     8.3201 7.6842e-01     0.1487    96.3515 -9.990e-29 -9.990e-29    31.8488    31.8464    25.1310    25.1296    7.16434 0.0000e+00
