Datasets/AZMP/HUD120/hud120_2020_060.cnv
* Sea-Bird SBE 9 Data File:
* FileName = C:\CTDDATA\hud120_2020_060.hex
* Software Version Seasave V 7.26.7.110
* Temperature SN = 1697
* Conductivity SN = 4216
* Number of Bytes Per Scan = 30
* Number of Voltage Words = 4
* Number of Scans Averaged by the Deck Unit = 1
* NMEA baud rate = 4800
** VESSEL/TRIP/SEQ STN:  hud120_2020_060
** LATITUDE XX XX.XX: 47 00.00 N
** LONGITUDE XX XX.XX: 045 43.80 W
** SOUNDING DEPTH (M): 0281
** PROBE TYPE: S1146
** CTD NUMBER: 039
** FORMAT: V
** COMMENTS (14 CHAR): FC-22
** BOTTLES:  0
** LEVELS:
** STICKERS:
** VNET: N
** DO2: N
# nquan = 22
# nvalues = 4719                        
# units = specified
# name 0 = scan: Scan Count
# name 1 = prDM: Pressure, Digiquartz [db]
# name 2 = t090C: Temperature [ITS-90, deg C]
# name 3 = t190C: Temperature, 2 [ITS-90, deg C]
# name 4 = c0S/m: Conductivity [S/m]
# name 5 = c1S/m: Conductivity, 2 [S/m]
# name 6 = sbeox0V: Oxygen raw, SBE 43 [V]
# name 7 = sbeox1V: Oxygen raw, SBE 43, 2 [V]
# name 8 = ph: pH
# name 9 = flECO-AFL: Fluorescence, WET Labs ECO-AFL/FL [mg/m^3]
# name 10 = wetCDOM: Fluorescence, WET Labs CDOM [mg/m^3]
# name 11 = par/sat/log: PAR/Logarithmic, Satlantic [umol photons/m^2/sec]
# name 12 = CStarAt0: Beam Attenuation, WET Labs C-Star [1/m]
# name 13 = CStarTr0: Beam Transmission, WET Labs C-Star [%]
# name 14 = sbeox0ML/L: Oxygen, SBE 43 [ml/l], WS = 2
# name 15 = sbeox1ML/L: Oxygen, SBE 43, 2 [ml/l], WS = 2
# name 16 = sal00: Salinity, Practical [PSU]
# name 17 = sal11: Salinity, Practical, 2 [PSU]
# name 18 = sigma-t00: Density [sigma-t, kg/m^3 ]
# name 19 = sigma-t11: Density, 2 [sigma-t, kg/m^3 ]
# name 20 = oxsatML/L: Oxygen Saturation, Weiss [ml/l]
# name 21 = flag: flag
# span 0 =        145,      16725       
# span 1 =      4.180,    275.362       
# span 2 =     3.6723,     7.8993       
# span 3 =     3.6687,     7.8915       
# span 4 =   3.162920,   3.429145       
# span 5 =   3.162218,   3.428325       
# span 6 =     1.7994,     2.2121       
# span 7 =     2.1331,     2.6490       
# span 8 =      7.944,      8.153       
# span 9 =     0.8850,     6.5626       
# span 10 =    -2.8130,   482.1870      
# span 11 = 1.0715e-01, 9.3511e+01      
# span 12 =     0.0821,     0.2785      
# span 13 =    93.2745,    97.9683      
# span 14 =     5.6019,     7.1268      
# span 15 =     5.7291,     7.4303      
# span 16 =    33.0295,    34.8373      
# span 17 =    33.0325,    34.8366      
# span 18 =    25.7453,    27.6402      
# span 19 =    25.7458,    27.6401      
# span 20 =    6.70711,    7.35826      
# span 21 = 0.0000e+00, 0.0000e+00      
# interval = scans: 3                   
# start_time = Nov 23 2020 17:06:21 [System UTC, header]
# bad_flag = -9.990e-29
*END*
[from data line 1449]
       4964    165.064     4.3117     4.3041   3.268078   3.266973     1.8583     2.2063      7.967     0.9765     0.8586 1.0715e-01     0.0853    97.8901     5.8638     6.0003    34.7298    34.7248    27.5382    27.5351    7.22132 0.0000e+00
       4967    165.159     4.3305     4.3089   3.270006   3.267526     1.8579     2.2075      7.967     0.9562     0.8586 1.0715e-01     0.0853    97.8901     5.8510     5.9911    34.7327    34.7263    27.5384    27.5357    7.21786 0.0000e+00
       4970    165.261     4.3390     4.3341   3.270371   3.271055     1.8583     2.2059      7.969     0.9358     0.8586 1.0715e-01     0.0849    97.8988     5.8421     5.9675    34.7280    34.7412    27.5338    27.5448    7.21659 0.0000e+00
       4973    165.373     4.3201     4.3809   3.268191   3.274906     1.8571     2.2050      7.967     0.9358     0.8586 1.0715e-01     0.0853    97.8901     5.8314     5.9451    34.7222    34.7372    27.5312    27.5366    7.22021 0.0000e+00
       4976    165.495     4.3128     4.3841   3.268102   3.275668     1.8575     2.2054      7.969     0.9257     1.0954 1.0715e-01     0.0849    97.8988     5.8253     5.9346    34.7288    34.7427    27.5372    27.5406    7.22118 0.0000e+00
       4979    165.625     4.3962     4.4492   3.281425   3.282194     1.8571     2.2038      7.967     0.9155     1.3323 1.0715e-01     0.0849    97.8988     5.8004     5.9091    34.7977    34.7509    27.5830    27.5400    7.20321 0.0000e+00
       4982    165.766     4.5294     4.4961   3.292828   3.288733     1.8571     2.2038      7.967     0.9358     1.3323 1.0715e-01     0.0853    97.8901     5.7721     5.8937    34.7912    34.7782    27.5632    27.5565    7.18016 0.0000e+00
       4985    165.912     4.5398     4.5577   3.291941   3.294462     1.8562     2.2026      7.968     0.9358     1.3323 1.0715e-01     0.0849    97.8988     5.7611     5.8721    34.7699    34.7806    27.5451    27.5516    7.17936 0.0000e+00
       4988    166.068     4.5245     4.5707   3.289396   3.295340     1.8550     2.2014      7.967     0.9358     1.3323 1.0715e-01     0.0846    97.9075     5.7508     5.8575    34.7561    34.7771    27.5358    27.5474    7.18270 0.0000e+00
       4991    166.233     4.4940     4.5785   3.287893   3.296336     1.8546     2.1993      7.969     0.9257     1.3323 1.0715e-01     0.0842    97.9162     5.7478     5.8429    34.7704    34.7805    27.5505    27.5492    7.18735 0.0000e+00
       4994    166.405     4.5554     4.5832   3.295327   3.296696     1.8538     2.1981      7.968     0.9053     1.3323 1.0715e-01     0.0842    97.9162     5.7305     5.8354    34.7929    34.7797    27.5616    27.5481    7.17555 0.0000e+00
       4997    166.586     4.5816     4.5846   3.296968   3.296867     1.8530     2.1965      7.969     0.9053     1.3323 1.0727e-01     0.0842    97.9162     5.7206     5.8254    34.7844    34.7801    27.5520    27.5482    7.17137 0.0000e+00
       5000    166.775     4.5906     4.5882   3.298060   3.297505     1.8526     2.1953      7.968     0.9053     1.3323 1.0715e-01     0.0842    97.9162     5.7134     5.8177    34.7878    34.7838    27.5536    27.5507    7.16965 0.0000e+00
       5003    166.972     4.6189     4.6167   3.301403   3.300870     1.8522     2.1953      7.968     0.9155     1.9640 1.0715e-01     0.0842    97.9162     5.7039     5.8117    34.7970    34.7930    27.5578    27.5549    7.16429 0.0000e+00
       5006    167.173     4.6431     4.6419   3.303586   3.303288     1.8506     2.1936      7.968     0.9053     2.1614 1.0715e-01     0.0849    97.8988     5.6907     5.7997    34.7970    34.7948    27.5551    27.5535    7.16007 0.0000e+00
       5009    167.381     4.6569     4.6560   3.305007   3.304727     1.8497     2.1916      7.969     0.9053     2.1614 1.0715e-01     0.0853    97.8901     5.6832     5.7900    34.7990    34.7966    27.5551    27.5533    7.15757 0.0000e+00
       5012    167.598     4.6659     4.6634   3.305972   3.305587     1.8485     2.1904      7.971     0.9053     2.1614 1.0715e-01     0.0849    97.8988     5.6747     5.7837    34.8008    34.7989    27.5555    27.5543    7.15594 0.0000e+00
       5015    167.823     4.6725     4.6691   3.306670   3.306224     1.8485     2.1892      7.971     0.9053     2.1614 1.0715e-01     0.0853    97.8901     5.6706     5.7783    34.8018    34.8002    27.5556    27.5547    7.15473 0.0000e+00
       5018    168.053     4.6755     4.6716   3.306958   3.306458     1.8477     2.1883      7.971     0.9053     2.1614 1.0715e-01     0.0853    97.8901     5.6662     5.7748    34.8019    34.8002    27.5554    27.5544    7.15421 0.0000e+00
       5021    168.288     4.6761     4.6723   3.307059   3.306605     1.8473     2.1867      7.971     0.9358     2.1614 1.0715e-01     0.0853    97.8901     5.6617     5.7687    34.8023    34.8010    27.5556    27.5551    7.15408 0.0000e+00
       5024    168.525     4.6771     4.6729   3.307175   3.306691     1.8457     2.1859      7.971     0.9460     2.1614 1.0715e-01     0.0853    97.8901     5.6518     5.7652    34.8025    34.8012    27.5556    27.5551    7.15390 0.0000e+00
       5027    168.763     4.6776     4.6729   3.307225   3.306726     1.8444     2.1839      7.969     0.9155     1.9245 1.0715e-01     0.0849    97.8988     5.6464     5.7588    34.8025    34.8016    27.5556    27.5554    7.15382 0.0000e+00
       5030    169.002     4.6780     4.6735   3.307290   3.306820     1.8436     2.1822      7.969     0.9358     0.3453 1.0715e-01     0.0846    97.9075     5.6433     5.7555    34.8027    34.8019    27.5557    27.5556    7.15373 0.0000e+00
       5033    169.243     4.6786     4.6740   3.307381   3.306875     1.8424     2.1806      7.969     0.9358     0.3848 1.0715e-01     0.0842    97.9162     5.6385     5.7508    34.8029    34.8019    27.5558    27.5555    7.15361 0.0000e+00
       5036    169.488     4.6795     4.6744   3.307503   3.306945     1.8416     2.1794      7.968     0.9358     0.3848 1.0715e-01     0.0842    97.9162     5.6356     5.7481    34.8033    34.8021    27.5560    27.5557    7.15345 0.0000e+00
       5039    169.731     4.6821     4.6749   3.307840   3.307026     1.8408     2.1778      7.971     0.9257     0.3453 1.0715e-01     0.0842    97.9162     5.6312     5.7436    34.8045    34.8025    27.5566    27.5558    7.15295 0.0000e+00
       5042    169.969     4.6889     4.6787   3.308822   3.307635     1.8400     2.1778      7.971     0.9460     0.3848 1.0715e-01     0.0842    97.9162     5.6278     5.7455    34.8085    34.8054    27.5591    27.5578    7.15156 0.0000e+00
       5045    170.205     4.7062     4.7025   3.310867   3.310343     1.8387     2.1761      7.969     0.9562     0.3453 1.0715e-01     0.0842    97.9162     5.6223     5.7405    34.8142    34.8120    27.5616    27.5603    7.14829 0.0000e+00
       5048    170.445     4.7262     4.7257   3.313066   3.312716     1.8375     2.1749      7.971     0.9562     0.3848 1.0715e-01     0.0839    97.9249     5.6180     5.7356    34.8187    34.8152    27.5630    27.5602    7.14462 0.0000e+00
       5051    170.675     4.7377     4.7351   3.314038   3.313600     1.8371     2.1737      7.971     0.9562     0.3848 1.0715e-01     0.0832    97.9422     5.6178     5.7344    34.8179    34.8155    27.5610    27.5594    7.14266 0.0000e+00
       5054    170.901     4.7390     4.7354   3.314117   3.313621     1.8363     2.1724      7.969     0.9663     0.0690 1.0715e-01     0.0832    97.9422     5.6168     5.7333    34.8173    34.8153    27.5604    27.5592    7.14246 0.0000e+00
       5057    171.121     4.7380     4.7334   3.314085   3.313576     1.8359     2.1712      7.971     0.9663    -0.4048 1.0715e-01     0.0832    97.9422     5.6172     5.7331    34.8179    34.8167    27.5610    27.5606    7.14262 0.0000e+00
       5060    171.335     4.7374     4.7326   3.314037   3.313552     1.8347     2.1704      7.971     0.9765    -0.4048 1.0715e-01     0.0832    97.9422     5.6148     5.7325    34.8179    34.8172    27.5611    27.5611    7.14273 0.0000e+00
       5063    171.544     4.7371     4.7326   3.314081   3.313591     1.8338     2.1688      7.971     0.9562    -0.3653 1.0715e-01     0.0835    97.9335     5.6146     5.7291    34.8185    34.8175    27.5616    27.5613    7.14274 0.0000e+00
       5066    171.748     4.7377     4.7333   3.314153   3.313660     1.8326     2.1684      7.971     0.9562    -0.3258 1.0715e-01     0.0835    97.9335     5.6149     5.7317    34.8187    34.8175    27.5616    27.5612    7.14263 0.0000e+00
       5069    171.942     4.7363     4.7327   3.313956   3.313572     1.8326     2.1676      7.971     0.9663    -0.3653 1.0715e-01     0.0842    97.9162     5.6195     5.7339    34.8177    34.8171    27.5611    27.5609    7.14292 0.0000e+00
       5072    172.127     4.7331     4.7281   3.313618   3.313088     1.8314     2.1659      7.971     0.9562    -0.3258 1.0715e-01     0.0842    97.9162     5.6170     5.7331    34.8170    34.8161    27.5609    27.5607    7.14351 0.0000e+00
       5075    172.306     4.7272     4.7225   3.312909   3.312530     1.8314     2.1655      7.971     0.9358    -0.3258 1.0715e-01     0.0846    97.9075     5.6191     5.7373    34.8149    34.8154    27.5598    27.5607    7.14463 0.0000e+00
       5078    172.475     4.7192     4.7133   3.312174   3.311465     1.8302     2.1647      7.971     0.9460    -0.3653 1.0715e-01     0.0842    97.9162     5.6176     5.7400    34.8146    34.8126    27.5605    27.5595    7.14603 0.0000e+00
       5081    172.635     4.7120     4.7031   3.311410   3.310543     1.8294     2.1643      7.971     0.9257    -0.1284 1.0727e-01     0.0842    97.9162     5.6185     5.7444    34.8131    34.8124    27.5602    27.5605    7.14734 0.0000e+00
       5084    172.787     4.7073     4.6994   3.311148   3.310299     1.8294     2.1627      7.971     0.9257     0.0295 1.0715e-01     0.0842    97.9162     5.6237     5.7450    34.8150    34.8133    27.5622    27.5618    7.14808 0.0000e+00
       5087    172.929     4.7064     4.6980   3.311168   3.310219     1.8290     2.1623      7.969     0.9460     0.0295 1.0715e-01     0.0842    97.9162     5.6257     5.7503    34.8160    34.8138    27.5631    27.5622    7.14817 0.0000e+00
       5090    173.060     4.7048     4.6966   3.310947   3.310016     1.8286     2.1623      7.971     0.9460     0.0295 1.0715e-01     0.0832    97.9422     5.6272     5.7550    34.8150    34.8128    27.5625    27.5616    7.14850 0.0000e+00
       5093    173.183     4.7011     4.6931   3.310431   3.309647     1.8286     2.1614      7.971     0.9358     0.0295 1.0715e-01     0.0832    97.9422     5.6302     5.7573    34.8128    34.8121    27.5612    27.5614    7.14924 0.0000e+00
       5096    173.293     4.6977     4.6922   3.310220   3.309673     1.8269     2.1610      7.971     0.9358     0.0295 1.0715e-01     0.0832    97.9422     5.6255     5.7601    34.8140    34.8133    27.5624    27.5625    7.14979 0.0000e+00
       5099    173.396     4.6965     4.6887   3.310083   3.309160     1.8261     2.1602      7.971     0.9358     0.0295 1.0715e-01     0.0832    97.9422     5.6236     5.7620    34.8135    34.8109    27.5622    27.5610    7.15001 0.0000e+00
       5102    173.489     4.6933     4.6871   3.309780   3.309159     1.8265     2.1598      7.971     0.9358     0.0295 1.0715e-01     0.0832    97.9422     5.6274     5.7649    34.8133    34.8125    27.5624    27.5625    7.15058 0.0000e+00
       5105    173.574     4.6913     4.6875   3.309661   3.309211     1.8257     2.1598      7.971     0.9358     0.0295 1.0715e-01     0.0832    97.9422     5.6258     5.7695    34.8139    34.8127    27.5631    27.5626    7.15089 0.0000e+00
       5108    173.650     4.6921     4.6882   3.309707   3.309280     1.8257     2.1598      7.971     0.9358    -0.1284 1.0715e-01     0.0835    97.9335     5.6290     5.7740    34.8136    34.8127    27.5628    27.5625    7.15077 0.0000e+00
       5111    173.717     4.6938     4.6836   3.309811   3.308831     1.8257     2.1602      7.971     0.9358    -0.1284 1.0715e-01     0.0832    97.9422     5.6321     5.7789    34.8130    34.8123    27.5621    27.5627    7.15051 0.0000e+00
       5114    173.776     4.6938     4.6795   3.309698   3.308611     1.8253     2.1590      7.969     0.9460    -0.1679 1.0715e-01     0.0832    97.9422     5.6358     5.7793    34.8117    34.8140    27.5610    27.5645    7.15057 0.0000e+00
       5117    173.827     4.6858     4.6776   3.309178   3.308565     1.8245     2.1586      7.969     0.9358    -0.1284 1.0715e-01     0.0832    97.9422     5.6377     5.7808    34.8140    34.8154    27.5638    27.5659    7.15185 0.0000e+00
       5120    173.873     4.6845     4.6792   3.309186   3.308673     1.8241     2.1586      7.971     0.9358    -0.0889 1.0715e-01     0.0832    97.9422     5.6408     5.7808    34.8154    34.8150    27.5650    27.5653    7.15201 0.0000e+00
       5123    173.913     4.6871     4.6812   3.309300   3.308992     1.8237     2.1586      7.971     0.9358    -0.0889 1.0715e-01     0.0832    97.9422     5.6415     5.7809    34.8140    34.8165    27.5636    27.5663    7.15162 0.0000e+00
       5126    173.948     4.6884     4.6872   3.309181   3.309251     1.8229     2.1586      7.971     0.9460    -0.1284 1.0715e-01     0.0832    97.9422     5.6401     5.7809    34.8112    34.8133    27.5613    27.5631    7.15153 0.0000e+00
       5129    173.979     4.6860     4.6771   3.308611   3.307524     1.8237     2.1586      7.968     0.9765    -0.1284 1.0715e-01     0.0832    97.9422     5.6466     5.7841    34.8071    34.8037    27.5582    27.5566    7.15214 0.0000e+00
       5132    174.009     4.6800     4.6503   3.307477   3.304424     1.8241     2.1586      7.971     0.9663    -0.2864 1.0715e-01     0.0832    97.9422     5.6493     5.7889    34.8000    34.7957    27.5534    27.5532    7.15351 0.0000e+00
       5135    174.037     4.6643     4.6423   3.306037   3.303875     1.8233     2.1586      7.971     0.9765    -0.7206 1.0715e-01     0.0832    97.9422     5.6487     5.7913    34.7997    34.7976    27.5549    27.5556    7.15626 0.0000e+00
       5138    174.059     4.6602     4.6392   3.305769   3.303574     1.8237     2.1586      7.969     0.9562    -0.6811 1.0715e-01     0.0828    97.9509     5.6514     5.7923    34.8009    34.7973    27.5563    27.5557    7.15692 0.0000e+00
       5141    174.083     4.6549     4.6411   3.304902   3.304006     1.8233     2.1578      7.971     0.9663    -0.7206 1.0715e-01     0.0832    97.9422     5.6527     5.7870    34.7963    34.8003    27.5532    27.5580    7.15805 0.0000e+00
       5144    174.109     4.6486     4.6470   3.304567   3.304377     1.8233     2.1570      7.969     0.9562    -0.7996 1.0715e-01     0.0832    97.9422     5.6545     5.7821    34.7990    34.7985    27.5561    27.5558    7.15902 0.0000e+00
       5147    174.131     4.6439     4.6434   3.303700   3.304291     1.8233     2.1574      7.968     0.9765    -0.6811 1.0715e-01     0.0828    97.9509     5.6561     5.7829    34.7937    34.8012    27.5524    27.5584    7.16008 0.0000e+00
       5150    174.156     4.6386     4.6570   3.303548   3.305449     1.8233     2.1582      7.971     0.9358    -0.6811 1.0715e-01     0.0832    97.9422     5.6552     5.7830    34.7975    34.8004    27.5560    27.5562    7.16082 0.0000e+00
       5153    174.184     4.6461     4.6719   3.304205   3.307125     1.8225     2.1578      7.971     0.9155    -0.6811 1.0715e-01     0.0832    97.9422     5.6470     5.7774    34.7974    34.8044    27.5551    27.5578    7.15954 0.0000e+00
       5156    174.214     4.6451     4.6732   3.303931   3.307539     1.8220     2.1574      7.971     0.9358    -0.7206 1.0715e-01     0.0832    97.9422     5.6456     5.7739    34.7951    34.8078    27.5534    27.5603    7.15981 0.0000e+00
