Datasets/AZMP/HUD120/hud120_2020_059.cnv
* Sea-Bird SBE 9 Data File:
* FileName = C:\CTDDATA\hud120_2020_059.hex
* Software Version Seasave V 7.26.7.110
* Temperature SN = 1697
* Conductivity SN = 4216
* Number of Bytes Per Scan = 30
* Number of Voltage Words = 4
* Number of Scans Averaged by the Deck Unit = 1
* NMEA baud rate = 4800
** VESSEL/TRIP/SEQ STN:  hub120_2020_059
** LATITUDE XX XX.XX: 47 00.00 N
** LONGITUDE XX XX.XX: 045 30.00 W
** SOUNDING DEPTH (M): 0270
** PROBE TYPE: S1146
** CTD NUMBER: 038
** FORMAT: V
** COMMENTS (14 CHAR): FC-23
** BOTTLES:  10
** LEVELS: 5,10,20,30,40,50,75,100,150,BTM
** STICKERS: 439760 - 439769
** VNET: Y
** DO2: N
# nquan = 22
# nvalues = 4473                        
# units = specified
# name 0 = scan: Scan Count
# name 1 = prDM: Pressure, Digiquartz [db]
# name 2 = t090C: Temperature [ITS-90, deg C]
# name 3 = t190C: Temperature, 2 [ITS-90, deg C]
# name 4 = c0S/m: Conductivity [S/m]
# name 5 = c1S/m: Conductivity, 2 [S/m]
# name 6 = sbeox0V: Oxygen raw, SBE 43 [V]
# name 7 = sbeox1V: Oxygen raw, SBE 43, 2 [V]
# name 8 = ph: pH
# name 9 = flECO-AFL: Fluorescence, WET Labs ECO-AFL/FL [mg/m^3]
# name 10 = wetCDOM: Fluorescence, WET Labs CDOM [mg/m^3]
# name 11 = par/sat/log: PAR/Logarithmic, Satlantic [umol photons/m^2/sec]
# name 12 = CStarAt0: Beam Attenuation, WET Labs C-Star [1/m]
# name 13 = CStarTr0: Beam Transmission, WET Labs C-Star [%]
# name 14 = sbeox0ML/L: Oxygen, SBE 43 [ml/l], WS = 2
# name 15 = sbeox1ML/L: Oxygen, SBE 43, 2 [ml/l], WS = 2
# name 16 = sal00: Salinity, Practical [PSU]
# name 17 = sal11: Salinity, Practical, 2 [PSU]
# name 18 = sigma-t00: Density [sigma-t, kg/m^3 ]
# name 19 = sigma-t11: Density, 2 [sigma-t, kg/m^3 ]
# name 20 = oxsatML/L: Oxygen Saturation, Weiss [ml/l]
# name 21 = flag: flag
# span 0 =         33,      43289       
# span 1 =      0.548,    249.583       
# span 2 =     3.8317,     8.2750       
# span 3 =     3.8265,     8.2710       
# span 4 =   3.152293,   3.460210       
# span 5 =   3.151806,   3.459681       
# span 6 =     1.7942,     2.2182       
# span 7 =     2.1279,     2.6441       
# span 8 =      7.944,      8.156       
# span 9 =     0.8544,     5.5146       
# span 10 =    -2.8130,   482.1870      
# span 11 = 1.0715e-01, 2.7090e+02      
# span 12 =     0.0821,     0.7621      
# span 13 =    82.6525,    97.9683      
# span 14 =     5.4763,     6.9633      
# span 15 =     5.6184,     7.2775      
# span 16 =    32.7757,    34.8150      
# span 17 =    32.9574,    34.8143      
# span 18 =    25.4872,    27.6103      
# span 19 =    25.6302,    27.6103      
# span 20 =    6.65160,    7.34664      
# span 21 = 0.0000e+00, 0.0000e+00      
# interval = scans: 3                   
# start_time = Nov 23 2020 15:04:45 [System UTC, header]
# bad_flag = -9.990e-29
*END*
[from data line 1383]
       4776    156.878     4.8389     4.8326   3.318137   3.317540     1.8061     2.1391      7.975     0.9562   481.3579 1.0727e-01     0.0821    97.9683     5.5769     5.7321    34.7669    34.7666    27.5090    27.5095    7.12758 0.0000e+00
       4779    157.103     4.8349     4.8293   3.317768   3.317251     1.8061     2.1403      7.975     0.9562   481.3579 1.0715e-01     0.0821    97.9683     5.5765     5.7408    34.7667    34.7665    27.5093    27.5098    7.12827 0.0000e+00
       4782    157.324     4.8328     4.8278   3.317608   3.317121     1.8066     2.1403      7.975     0.9663    92.2525 1.0715e-01     0.0821    97.9683     5.5788     5.7429    34.7669    34.7665    27.5097    27.5099    7.12863 0.0000e+00
       4785    157.546     4.8310     4.8265   3.317484   3.316977     1.8061     2.1407      7.975     0.9562     9.1492 1.0715e-01     0.0821    97.9683     5.5803     5.7478    34.7673    34.7660    27.5102    27.5097    7.12893 0.0000e+00
       4788    157.762     4.8295     4.8249   3.317227   3.316833     1.8061     2.1419      7.975     0.9562    12.7812 1.0715e-01     0.0821    97.9683     5.5830     5.7545    34.7657    34.7660    27.5091    27.5099    7.12925 0.0000e+00
       4791    157.970     4.8235     4.8201   3.316646   3.316309     1.8070     2.1415      7.975     0.9765    12.6233 1.0715e-01     0.0821    97.9683     5.5911     5.7558    34.7651    34.7647    27.5093    27.5095    7.13032 0.0000e+00
       4794    158.173     4.8184     4.8140   3.316152   3.315742     1.8070     2.1419      7.975     0.9663    12.7023 1.0715e-01     0.0832    97.9422     5.5919     5.7572    34.7646    34.7644    27.5096    27.5099    7.13123 0.0000e+00
       4797    158.367     4.8137     4.8088   3.315693   3.315226     1.8070     2.1427      7.975     0.9460    12.7023 1.0715e-01     0.0832    97.9422     5.5922     5.7577    34.7641    34.7638    27.5097    27.5100    7.13206 0.0000e+00
       4800    158.548     4.8089     4.8037   3.315215   3.314741     1.8074     2.1439      7.975     0.9562    12.6628 1.0727e-01     0.0832    97.9422     5.5959     5.7620    34.7635    34.7633    27.5097    27.5102    7.13292 0.0000e+00
       4803    158.715     4.8033     4.7987   3.314609   3.314222     1.8074     2.1443      7.975     0.9562    12.6233 1.0715e-01     0.0832    97.9422     5.5974     5.7656    34.7621    34.7625    27.5093    27.5101    7.13394 0.0000e+00
       4806    158.866     4.7978     4.7926   3.314106   3.313589     1.8086     2.1439      7.975     0.9663    70.4601 1.0715e-01     0.0832    97.9422     5.6038     5.7645    34.7619    34.7614    27.5098    27.5099    7.13490 0.0000e+00
       4809    159.001     4.7923     4.7867   3.313542   3.313042     1.8086     2.1456      7.975     0.9562   466.6323 1.0715e-01     0.0832    97.9422     5.6047     5.7689    34.7611    34.7611    27.5097    27.5104    7.13590 0.0000e+00
       4812    159.125     4.7891     4.7839   3.313334   3.312808     1.8086     2.1456      7.975     0.9663   481.5554 1.0715e-01     0.0828    97.9509     5.6049     5.7685    34.7619    34.7612    27.5108    27.5108    7.13641 0.0000e+00
       4815    159.233     4.7870     4.7824   3.313140   3.312674     1.8094     2.1464      7.973     0.9765   481.2790 1.0715e-01     0.0825    97.9596     5.6069     5.7705    34.7618    34.7612    27.5110    27.5110    7.13678 0.0000e+00
       4818    159.322     4.7855     4.7811   3.313050   3.312548     1.8090     2.1460      7.975     0.9562   481.3579 1.0715e-01     0.0821    97.9683     5.6051     5.7630    34.7624    34.7611    27.5115    27.5110    7.13702 0.0000e+00
       4821    159.394     4.7845     4.7802   3.312957   3.312505     1.8094     2.1464      7.975     0.9663   481.3579 1.0727e-01     0.0825    97.9596     5.6055     5.7608    34.7622    34.7615    27.5115    27.5114    7.13719 0.0000e+00
       4824    159.453     4.7838     4.7796   3.312974   3.312457     1.8094     2.1476      7.975     0.9562   481.3579 1.0715e-01     0.0821    97.9683     5.6021     5.7604    34.7631    34.7615    27.5123    27.5115    7.13726 0.0000e+00
       4827    159.495     4.7844     4.7857   3.313107   3.313215     1.8094     2.1484      7.975     0.9358   481.3579 1.0715e-01     0.0821    97.9683     5.5993     5.7610    34.7640    34.7639    27.5130    27.5127    7.13713 0.0000e+00
       4830    159.526     4.7943     4.8064   3.314361   3.315071     1.8102     2.1476      7.975     0.9155   481.3579 1.0715e-01     0.0821    97.9683     5.5980     5.7514    34.7682    34.7639    27.5152    27.5103    7.13521 0.0000e+00
       4876    159.550     4.8583     4.8594   3.320096   3.320135     1.8106     2.1464      7.975     0.9053   481.3579 1.0715e-01     0.0828    97.9509     5.5698     5.7045    34.7680    34.7673    27.5077    27.5070    7.12419 0.0000e+00
       4879    159.583     4.8565     4.8589   3.319914   3.319963     1.8098     2.1464      7.975     0.9155   481.3579 1.0727e-01     0.0828    97.9509     5.5678     5.7070    34.7677    34.7658    27.5077    27.5059    7.12450 0.0000e+00
       4882    159.627     4.8526     4.8475   3.319460   3.318689     1.8098     2.1464      7.973     0.9358   481.3579 1.0715e-01     0.0828    97.9509     5.5685     5.7111    34.7665    34.7629    27.5072    27.5049    7.12523 0.0000e+00
       4885    159.684     4.8438     4.8420   3.318708   3.318399     1.8094     2.1460      7.975     0.9460   369.8296 1.0715e-01     0.0828    97.9509     5.5706     5.7108    34.7670    34.7653    27.5085    27.5074    7.12673 0.0000e+00
       4888    159.753     4.8466     4.8472   3.319029   3.318967     1.8090     2.1452      7.972     0.9257    -1.3523 1.0715e-01     0.0821    97.9683     5.5683     5.7102    34.7677    34.7664    27.5088    27.5077    7.12621 0.0000e+00
       4891    159.834     4.8447     4.8448   3.318696   3.318717     1.8094     2.1464      7.975     0.9257     2.1219 1.0715e-01     0.0825    97.9596     5.5696     5.7164    34.7658    34.7660    27.5075    27.5077    7.12663 0.0000e+00
       4894    159.928     4.8410     4.8302   3.318514   3.317365     1.8102     2.1464      7.975     0.9460     2.9115 1.0715e-01     0.0832    97.9422     5.5732     5.7211    34.7675    34.7654    27.5092    27.5089    7.12719 0.0000e+00
       4897    160.035     4.8465     4.8243   3.318931   3.316873     1.8090     2.1456      7.975     0.9155     2.8720 1.0715e-01     0.0821    97.9683     5.5687     5.7217    34.7666    34.7658    27.5079    27.5098    7.12629 0.0000e+00
       4900    160.159     4.8262     4.8086   3.316460   3.314972     1.8106     2.1452      7.975     0.9257     2.8720 1.0715e-01     0.0832    97.9422     5.5816     5.7259    34.7590    34.7601    27.5042    27.5071    7.13015 0.0000e+00
       4903    160.294     4.8095     4.7893   3.315323   3.313471     1.8094     2.1460      7.975     0.9358     2.8720 1.0715e-01     0.0828    97.9509     5.5825     5.7359    34.7632    34.7627    27.5095    27.5114    7.13284 0.0000e+00
       4906    160.440     4.7949     4.7916   3.313472   3.313684     1.8094     2.1464      7.973     0.9155     2.8720 1.0715e-01     0.0825    97.9596     5.5874     5.7415    34.7568    34.7627    27.5060    27.5111    7.13565 0.0000e+00
       4909    160.598     4.7803     4.7837   3.312485   3.312726     1.8106     2.1460      7.975     0.8952     2.8720 1.0727e-01     0.0828    97.9509     5.5977     5.7459    34.7605    34.7597    27.5107    27.5096    7.13801 0.0000e+00
       4912    160.770     4.7762     4.7731   3.312263   3.311927     1.8102     2.1464      7.975     0.9053     4.8459 1.0727e-01     0.0828    97.9509     5.6000     5.7513    34.7621    34.7615    27.5124    27.5122    7.13863 0.0000e+00
       4915    160.950     4.7768     4.7724   3.312533   3.312020     1.8094     2.1464      7.975     0.9053     6.8593 1.0715e-01     0.0832    97.9422     5.5973     5.7549    34.7646    34.7631    27.5142    27.5136    7.13842 0.0000e+00
       4918    161.138     4.7806     4.7763   3.312820   3.312371     1.8090     2.1464      7.974     0.8952     6.7804 1.0715e-01     0.0821    97.9683     5.5972     5.7603    34.7637    34.7630    27.5132    27.5131    7.13779 0.0000e+00
       4921    161.336     4.7737     4.7700   3.311877   3.311615     1.8102     2.1464      7.975     0.8952     6.7804 1.0715e-01     0.0825    97.9596     5.6048     5.7668    34.7600    34.7607    27.5110    27.5120    7.13917 0.0000e+00
       4924    161.541     4.7608     4.7551   3.310722   3.310287     1.8102     2.1484      7.975     0.9053     6.7804 1.0727e-01     0.0832    97.9422     5.6087     5.7780    34.7599    34.7608    27.5124    27.5137    7.14141 0.0000e+00
       4927    161.752     4.7506     4.7451   3.309882   3.309421     1.8106     2.1480      7.975     0.8952     6.7804 1.0715e-01     0.0828    97.9509     5.6148     5.7796    34.7606    34.7610    27.5141    27.5150    7.14313 0.0000e+00
       4930    161.967     4.7422     4.7368   3.309087   3.308658     1.8110     2.1488      7.975     0.9053     6.7804 1.0715e-01     0.0828    97.9509     5.6200     5.7870    34.7600    34.7607    27.5146    27.5157    7.14461 0.0000e+00
       4933    162.187     4.7347     4.7291   3.308451   3.307941     1.8115     2.1488      7.974     0.9257     6.7804 1.0715e-01     0.0828    97.9509     5.6255     5.7905    34.7604    34.7603    27.5157    27.5162    7.14591 0.0000e+00
       4936    162.410     4.7281     4.7227   3.307787   3.307318     1.8119     2.1492      7.974     0.9257     6.7804 1.0715e-01     0.0832    97.9422     5.6319     5.7955    34.7594    34.7596    27.5157    27.5165    7.14709 0.0000e+00
       4939    162.635     4.7231     4.7184   3.307458   3.306982     1.8119     2.1501      7.975     0.9257   377.4491 1.0715e-01     0.0832    97.9422     5.6357     5.8002    34.7607    34.7601    27.5172    27.5173    7.14789 0.0000e+00
       4942    162.855     4.7283     4.7244   3.308191   3.307739     1.8110     2.1513      7.974     0.9460   481.9896 1.0715e-01     0.0832    97.9422     5.6325     5.8040    34.7637    34.7625    27.5191    27.5186    7.14686 0.0000e+00
       4945    163.075     4.7308     4.7265   3.308387   3.307911     1.8119     2.1513      7.975     0.9358   481.0816 1.0715e-01     0.0832    97.9422     5.6350     5.8032    34.7632    34.7622    27.5184    27.5181    7.14643 0.0000e+00
       4948    163.292     4.7256     4.7207   3.307907   3.307425     1.8123     2.1513      7.975     0.9257   481.3579 1.0715e-01     0.0832    97.9422     5.6386     5.8045    34.7630    34.7625    27.5188    27.5190    7.14735 0.0000e+00
       4951    163.496     4.7219     4.7164   3.307614   3.307079     1.8127     2.1521      7.975     0.9257   481.3579 1.0715e-01     0.0832    97.9422     5.6430     5.8096    34.7633    34.7628    27.5194    27.5197    7.14797 0.0000e+00
       4954    163.692     4.7194     4.7146   3.307406   3.306924     1.8131     2.1525      7.975     0.9257   481.3579 1.0715e-01     0.0832    97.9422     5.6472     5.8106    34.7634    34.7628    27.5198    27.5199    7.14841 0.0000e+00
       4957    163.871     4.7180     4.7132   3.307273   3.306791     1.8135     2.1533      7.975     0.9460   481.3579 1.0715e-01     0.0832    97.9422     5.6514     5.8124    34.7633    34.7627    27.5199    27.5199    7.14867 0.0000e+00
       4960    164.038     4.7158     4.7112   3.307062   3.306597     1.8135     2.1537      7.976     0.9257   481.3579 1.0715e-01     0.0832    97.9422     5.6534     5.8129    34.7630    34.7624    27.5199    27.5199    7.14905 0.0000e+00
       4963    164.193     4.7142     4.7095   3.306949   3.306456     1.8147     2.1541      7.976     0.9460   435.2069 1.0715e-01     0.0832    97.9422     5.6596     5.8133    34.7633    34.7625    27.5203    27.5202    7.14931 0.0000e+00
       4966    164.331     4.7131     4.7083   3.306833   3.306337     1.8147     2.1546      7.976     0.9257    22.4931 1.0715e-01     0.0825    97.9596     5.6587     5.8143    34.7630    34.7623    27.5202    27.5202    7.14952 0.0000e+00
       4969    164.450     4.7120     4.7072   3.306748   3.306233     1.8147     2.1554      7.976     0.9257     7.7674 1.0715e-01     0.0832    97.9422     5.6556     5.8166    34.7631    34.7621    27.5205    27.5202    7.14971 0.0000e+00
       4972    164.555     4.7112     4.7063   3.306662   3.306158     1.8155     2.1562      7.976     0.9460     8.8728 1.0715e-01     0.0832    97.9422     5.6574     5.8169    34.7629    34.7621    27.5204    27.5203    7.14986 0.0000e+00
       4975    164.647     4.7107     4.7060   3.306633   3.306159     1.8164     2.1562      7.976     0.9460     8.8333 1.0715e-01     0.0832    97.9422     5.6597     5.8127    34.7630    34.7624    27.5205    27.5206    7.14993 0.0000e+00
       4978    164.722     4.7101     4.7060   3.306593   3.306132     1.8164     2.1562      7.976     0.9358     8.7938 1.0715e-01     0.0832    97.9422     5.6587     5.8087    34.7632    34.7620    27.5207    27.5203    7.15004 0.0000e+00
       4981    164.785     4.7099     4.7061   3.306683   3.306164     1.8168     2.1566      7.976     0.9257     8.7938 1.0715e-01     0.0832    97.9422     5.6582     5.8053    34.7643    34.7623    27.5217    27.5205    7.15001 0.0000e+00
       4984    164.834     4.7103     4.7096   3.306682   3.306592     1.8164     2.1574      7.974     0.9155     8.7938 1.0715e-01     0.0832    97.9422     5.6518     5.8039    34.7638    34.7636    27.5213    27.5211    7.14996 0.0000e+00
       4987    164.875     4.7133     4.7307   3.307042   3.308332     1.8172     2.1574      7.976     0.9053     8.7938 1.0715e-01     0.0832    97.9422     5.6518     5.7974    34.7649    34.7618    27.5217    27.5173    7.14940 0.0000e+00
       4990    164.909     4.7191     4.7389   3.307532   3.308891     1.8164     2.1582      7.975     0.9053   158.4588 1.0715e-01     0.0832    97.9422     5.6482     5.7952    34.7646    34.7597    27.5208    27.5147    7.14841 0.0000e+00
       5000    164.968     4.7312     4.7454   3.308792   3.309617     1.8172     2.1578      7.975     0.8952   481.9106 1.0715e-01     0.0832    97.9422     5.6435     5.7864    34.7665    34.7613    27.5210    27.5152    7.14621 0.0000e+00
       5017    165.057     4.7554     4.7651   3.311118   3.311652     1.8180     2.1582      7.975     0.8850   198.9644 1.0715e-01     0.0832    97.9422     5.6343     5.7767    34.7682    34.7644    27.5196    27.5154    7.14194 0.0000e+00
       5020    165.078     4.7655     4.7743   3.311678   3.312422     1.8180     2.1574      7.975     0.9155    -0.5232 1.0715e-01     0.0832    97.9422     5.6302     5.7736    34.7642    34.7636    27.5153    27.5138    7.14039 0.0000e+00
       5023    165.104     4.7638     4.7736   3.311421   3.312220     1.8184     2.1578      7.975     0.9053     5.5566 1.0715e-01     0.0832    97.9422     5.6334     5.7735    34.7630    34.7620    27.5145    27.5126    7.14074 0.0000e+00
       5026    165.136     4.7621     4.7665   3.311223   3.311298     1.8176     2.1574      7.975     0.9155     5.2407 1.0715e-01     0.0832    97.9422     5.6289     5.7724    34.7625    34.7587    27.5143    27.5108    7.14106 0.0000e+00
       5029    165.173     4.7603     4.7497   3.311049   3.310095     1.8192     2.1574      7.975     0.8952     5.2407 1.0715e-01     0.0832    97.9422     5.6368     5.7749    34.7622    34.7622    27.5143    27.5155    7.14138 0.0000e+00
       5032    165.216     4.7586     4.7449   3.311044   3.309553     1.8184     2.1574      7.975     0.9053     5.2407 1.0715e-01     0.0828    97.9509     5.6337     5.7764    34.7640    34.7610    27.5159    27.5150    7.14160 0.0000e+00
