Datasets/AZMP/HUD120/hud120_2020_027.cnv
* Sea-Bird SBE 9 Data File:
* FileName = C:\CTDDATA\hud120_2020_027.hex
* Software Version Seasave V 7.26.7.110
* Temperature SN = 1697
* Conductivity SN = 4216
* Number of Bytes Per Scan = 30
* Number of Voltage Words = 4
* Number of Scans Averaged by the Deck Unit = 1
* NMEA baud rate = 4800
** VESSEL/TRIP/SEQ STN:  hud120_2020_027
** LATITUDE XX XX.XX: 43 12.00 N
** LONGITUDE XX XX.XX: 050 10.00 W
** SOUNDING DEPTH (M): 0067
** PROBE TYPE: S1146
** CTD NUMBER: 017
** FORMAT: V
** COMMENTS (14 CHAR): SEGB-13
** BOTTLES:  7
** LEVELS: 5,10,20,30,40,50,BTM
** STICKERS: 439623 - 439629
** VNET: Y
** DO2: Y
# nquan = 22
# nvalues = 1304                        
# units = specified
# name 0 = scan: Scan Count
# name 1 = prDM: Pressure, Digiquartz [db]
# name 2 = t090C: Temperature [ITS-90, deg C]
# name 3 = t190C: Temperature, 2 [ITS-90, deg C]
# name 4 = c0S/m: Conductivity [S/m]
# name 5 = c1S/m: Conductivity, 2 [S/m]
# name 6 = sbeox0V: Oxygen raw, SBE 43 [V]
# name 7 = sbeox1V: Oxygen raw, SBE 43, 2 [V]
# name 8 = ph: pH
# name 9 = flECO-AFL: Fluorescence, WET Labs ECO-AFL/FL [mg/m^3]
# name 10 = wetCDOM: Fluorescence, WET Labs CDOM [mg/m^3]
# name 11 = par/sat/log: PAR/Logarithmic, Satlantic [umol photons/m^2/sec]
# name 12 = CStarAt0: Beam Attenuation, WET Labs C-Star [1/m]
# name 13 = CStarTr0: Beam Transmission, WET Labs C-Star [%]
# name 14 = sbeox0ML/L: Oxygen, SBE 43 [ml/l], WS = 2
# name 15 = sbeox1ML/L: Oxygen, SBE 43, 2 [ml/l], WS = 2
# name 16 = sal00: Salinity, Practical [PSU]
# name 17 = sal11: Salinity, Practical, 2 [PSU]
# name 18 = sigma-t00: Density [sigma-t, kg/m^3 ]
# name 19 = sigma-t11: Density, 2 [sigma-t, kg/m^3 ]
# name 20 = oxsatML/L: Oxygen Saturation, Weiss [ml/l]
# name 21 = flag: flag
# span 0 =          2,      20137       
# span 1 =      2.038,     63.626       
# span 2 =     3.8926,     7.9546       
# span 3 =     3.8879,     7.9502       
# span 4 =   3.044097,   3.335168       
# span 5 =   3.043584,   3.334697       
# span 6 =     2.0366,     2.2549       
# span 7 =     2.4172,     2.6876       
# span 8 =      7.985,      8.111       
# span 9 =     1.5260,     7.9973       
# span 10 =    -2.8130,   482.1870      
# span 11 = 1.0604e-01, 8.5531e-01      
# span 12 =     0.1458,     0.5916      
# span 13 =    86.2511,    96.4211      
# span 14 =     6.5101,     6.8847      
# span 15 =     6.6369,     7.0292      
# span 16 =    31.9371,    32.5877      
# span 17 =    31.9364,    32.5862      
# span 18 =    24.8852,    25.8780      
# span 19 =    24.8852,    25.8772      
# span 20 =    6.74460,    7.40064      
# span 21 = 0.0000e+00, 0.0000e+00      
# interval = scans: 3                   
# start_time = Nov 19 2020 00:06:31 [System UTC, header]
# bad_flag = -9.990e-29
*END*
[from data line 132]
        849     14.784     7.9493     7.9443   3.333969   3.333379     2.2491     2.6142      8.101     6.9798    15.8606 1.0715e-01     0.2109    94.8652     6.8413     6.7896    31.9698    31.9682    24.9021    24.9015    6.74561 0.0000e+00
        852     14.857     7.9500     7.9446   3.333999   3.333406     2.2499     2.6142      8.101     7.0002    17.0055 1.0715e-01     0.2105    94.8739     6.8437     6.7910    31.9696    31.9681    24.9018    24.9014    6.74552 0.0000e+00
        855     14.930     7.9505     7.9443   3.334040   3.333348     2.2499     2.6150      8.101     7.0002    16.9660 1.0715e-01     0.2109    94.8652     6.8420     6.7944    31.9695    31.9678    24.9017    24.9013    6.74545 0.0000e+00
        858     15.003     7.9506     7.9452   3.334024   3.333468     2.2499     2.6142      8.101     6.9696    16.9660 1.0715e-01     0.2160    94.7435     6.8399     6.7919    31.9692    31.9682    24.9014    24.9014    6.74544 0.0000e+00
        861     15.072     7.9500     7.9458   3.333964   3.333541     2.2495     2.6142      8.101     7.0103    16.9660 1.0715e-01     0.2204    94.6392     6.8385     6.7936    31.9691    31.9685    24.9014    24.9015    6.74554 0.0000e+00
        864     15.139     7.9489     7.9456   3.333834   3.333515     2.2491     2.6150      8.101     7.0103    16.9660 1.0715e-01     0.2197    94.6565     6.8370     6.7955    31.9687    31.9683    24.9013    24.9014    6.74573 0.0000e+00
        867     15.205     7.9485     7.9456   3.333815   3.333489     2.2483     2.6150      8.101     7.0002    16.9660 1.0715e-01     0.2197    94.6565     6.8343     6.7954    31.9688    31.9680    24.9014    24.9012    6.74579 0.0000e+00
        870     15.268     7.9487     7.9456   3.333898   3.333482     2.2483     2.6150      8.101     6.8373    16.9660 1.0715e-01     0.2197    94.6565     6.8335     6.7954    31.9695    31.9679    24.9019    24.9012    6.74572 0.0000e+00
        873     15.329     7.9491     7.9454   3.333889   3.333475     2.2483     2.6150      8.101     6.2370    69.0389 1.0715e-01     0.2197    94.6565     6.8315     6.7964    31.9689    31.9680    24.9014    24.9012    6.74568 0.0000e+00
        876     15.389     7.9486     7.9454   3.333837   3.333498     2.2487     2.6154      8.101     6.2676   464.2635 1.0715e-01     0.2201    94.6478     6.8307     6.7987    31.9689    31.9682    24.9014    24.9014    6.74576 0.0000e+00
        879     15.448     7.9482     7.9454   3.333839   3.333489     2.2483     2.6146      8.098     6.2676   481.5554 1.0715e-01     0.2120    94.8391     6.8303     6.7985    31.9692    31.9681    24.9018    24.9013    6.74581 0.0000e+00
        882     15.506     7.9488     7.9450   3.333920   3.333427     2.2475     2.6158      8.098     6.2676   481.2000 1.0715e-01     0.2098    94.8912     6.8285     6.8043    31.9695    31.9678    24.9019    24.9011    6.74571 0.0000e+00
        885     15.561     7.9492     7.9448   3.333913   3.333415     2.2479     2.6166      8.101     6.2676   481.3579 1.0715e-01     0.2098    94.8912     6.8309     6.8084    31.9690    31.9678    24.9015    24.9011    6.74566 0.0000e+00
        888     15.616     7.9494     7.9451   3.333950   3.333501     2.2479     2.6158      8.101     6.2574   481.3579 1.0715e-01     0.2098    94.8912     6.8332     6.8074    31.9692    31.9684    24.9016    24.9016    6.74563 0.0000e+00
        891     15.670     7.9496     7.9450   3.333986   3.333434     2.2475     2.6158      8.101     6.2676   481.3579 1.0715e-01     0.2098    94.8912     6.8338     6.8108    31.9694    31.9677    24.9018    24.9011    6.74559 0.0000e+00
        894     15.730     7.9501     7.9457   3.334001   3.333547     2.2479     2.6162      8.101     6.2676   481.3579 1.0715e-01     0.2098    94.8912     6.8348     6.8147    31.9691    31.9682    24.9014    24.9014    6.74553 0.0000e+00
        897     15.786     7.9500     7.9462   3.334000   3.333608     2.2466     2.6166      8.101     6.3795   481.3184 1.0715e-01     0.2098    94.8912     6.8293     6.8184    31.9691    31.9684    24.9015    24.9015    6.74554 0.0000e+00
        900     15.845     7.9499     7.9462   3.334001   3.333563     2.2462     2.6174      8.101     6.5626   320.5993 1.0715e-01     0.2094    94.8999     6.8290     6.8248    31.9692    31.9679    24.9015    24.9011    6.74554 0.0000e+00
        903     15.910     7.9503     7.9461   3.334069   3.333573     2.2470     2.6178      8.101     6.5423     1.2533 1.0715e-01     0.2091    94.9086     6.8340     6.8309    31.9695    31.9681    24.9017    24.9012    6.74547 0.0000e+00
        906     15.977     7.9505     7.9458   3.334047   3.333559     2.2470     2.6182      8.101     6.5423    13.6497 1.0715e-01     0.2094    94.8999     6.8345     6.8363    31.9691    31.9682    24.9014    24.9013    6.74546 0.0000e+00
        909     16.047     7.9507     7.9458   3.334134   3.333552     2.2462     2.6187      8.101     6.5423    13.1365 1.0715e-01     0.2091    94.9086     6.8313     6.8442    31.9698    31.9681    24.9019    24.9013    6.74541 0.0000e+00
        912     16.120     7.9513     7.9462   3.334169   3.333621     2.2479     2.6191      8.101     6.5626    13.1760 1.0715e-01     0.2094    94.8999     6.8392     6.8506    31.9696    31.9684    24.9017    24.9014    6.74531 0.0000e+00
        915     16.198     7.9505     7.9458   3.334028   3.333572     2.2470     2.6203      8.101     6.5626    13.1365 1.0715e-01     0.2094    94.8999     6.8376     6.8591    31.9688    31.9682    24.9011    24.9013    6.74548 0.0000e+00
        918     16.282     7.9491     7.9450   3.333940   3.333472     2.2462     2.6207      8.101     6.5423    13.1365 1.0715e-01     0.2094    94.8999     6.8365     6.8648    31.9690    31.9678    24.9015    24.9012    6.74568 0.0000e+00
        921     16.374     7.9487     7.9447   3.333926   3.333428     2.2466     2.6207      8.101     6.5524    13.1760 1.0715e-01     0.2087    94.9173     6.8376     6.8697    31.9693    31.9676    24.9018    24.9010    6.74574 0.0000e+00
        924     16.472     7.9488     7.9446   3.333929   3.333441     2.2466     2.6231      8.101     6.4812    13.0971 1.0715e-01     0.2087    94.9173     6.8358     6.8820    31.9691    31.9678    24.9016    24.9012    6.74572 0.0000e+00
        927     16.576     7.9488     7.9445   3.333949   3.333457     2.2466     2.6239      8.101     6.4812     3.6221 1.0715e-01     0.2087    94.9173     6.8342     6.8902    31.9693    31.9680    24.9018    24.9014    6.74572 0.0000e+00
        930     16.690     7.9490     7.9446   3.334026   3.333507     2.2466     2.6256      8.101     6.4710    -2.0234 1.0715e-01     0.2087    94.9173     6.8345     6.9003    31.9699    31.9684    24.9022    24.9016    6.74565 0.0000e+00
        933     16.812     7.9512     7.9457   3.334398   3.333730     2.2462     2.6264      8.101     6.4608    -1.7471 1.0715e-01     0.2087    94.9173     6.8328     6.9058    31.9718    31.9697    24.9034    24.9025    6.74524 0.0000e+00
        936     16.944     7.9523     7.9478   3.334533   3.334097     2.2466     2.6268      8.101     6.4812    -1.7866 1.0715e-01     0.2087    94.9173     6.8347     6.9099    31.9721    31.9717    24.9035    24.9038    6.74505 0.0000e+00
        939     17.084     7.9531     7.9492   3.334584   3.334203     2.2466     2.6284      8.101     6.4710    -1.7471 1.0715e-01     0.2083    94.9260     6.8361     6.9165    31.9719    31.9714    24.9032    24.9034    6.74494 0.0000e+00
        942     17.235     7.9528     7.9489   3.334575   3.334144     2.2466     2.6300      8.101     6.4710    -1.7471 1.0715e-01     0.2076    94.9434     6.8367     6.9230    31.9720    31.9710    24.9033    24.9031    6.74497 0.0000e+00
        945     17.396     7.9533     7.9490   3.334655   3.334185     2.2454     2.6313      8.101     6.4812    -1.7471 1.0715e-01     0.2076    94.9434     6.8317     6.9280    31.9724    31.9712    24.9036    24.9033    6.74489 0.0000e+00
        948     17.565     7.9533     7.9492   3.334692   3.334230     2.2458     2.6329      8.101     6.3896    -1.7471 1.0715e-01     0.2076    94.9434     6.8338     6.9327    31.9727    31.9715    24.9038    24.9035    6.74488 0.0000e+00
        951     17.742     7.9536     7.9490   3.334730   3.334179     2.2458     2.6345      8.101     5.7384    -1.5102 1.0715e-01     0.2076    94.9434     6.8355     6.9374    31.9727    31.9711    24.9038    24.9031    6.74483 0.0000e+00
        954     17.927     7.9535     7.9490   3.334748   3.334211     2.2462     2.6353      8.101     5.7079    15.6632 1.0715e-01     0.2076    94.9434     6.8388     6.9386    31.9729    31.9712    24.9039    24.9033    6.74482 0.0000e+00
        957     18.117     7.9534     7.9490   3.334685   3.334163     2.2462     2.6365      8.099     5.7181    17.6372 1.0715e-01     0.2080    94.9347     6.8401     6.9430    31.9723    31.9707    24.9034    24.9029    6.74488 0.0000e+00
        960     18.312     7.9533     7.9486   3.334673   3.334173     2.2462     2.6378      8.099     5.7079    17.5582 1.0715e-01     0.2087    94.9173     6.8415     6.9457    31.9721    31.9711    24.9033    24.9032    6.74490 0.0000e+00
        963     18.513     7.9534     7.9488   3.334750   3.334196     2.2458     2.6386      8.101     5.7181    17.5582 1.0715e-01     0.2087    94.9173     6.8409     6.9462    31.9727    31.9711    24.9038    24.9032    6.74485 0.0000e+00
        966     18.716     7.9539     7.9494   3.334917   3.334380     2.2462     2.6402      8.101     5.7282    17.5582 1.0715e-01     0.2087    94.9173     6.8443     6.9486    31.9739    31.9724    24.9047    24.9041    6.74472 0.0000e+00
        969     18.923     7.9543     7.9499   3.334981   3.334491     2.2458     2.6419      8.101     5.7079    17.5582 1.0715e-01     0.2087    94.9173     6.8421     6.9497    31.9742    31.9730    24.9048    24.9045    6.74464 0.0000e+00
        972     19.127     7.9546     7.9502   3.335023   3.334491     2.2462     2.6423      8.101     5.7079    17.5582 1.0715e-01     0.2087    94.9173     6.8428     6.9471    31.9743    31.9727    24.9049    24.9042    6.74460 0.0000e+00
        975     19.335     7.9544     7.9501   3.334986   3.334499     2.2466     2.6431      8.101     5.7791    17.5582 1.0715e-01     0.2087    94.9173     6.8421     6.9459    31.9740    31.9727    24.9046    24.9043    6.74464 0.0000e+00
        978     19.539     7.9543     7.9499   3.334989   3.334508     2.2466     2.6439      8.098     5.9114   100.3852 1.0715e-01     0.2087    94.9173     6.8413     6.9469    31.9740    31.9729    24.9047    24.9045    6.74466 0.0000e+00
        981     19.739     7.9542     7.9497   3.334944   3.334495     2.2466     2.6459      8.101     5.9013   476.8179 1.0715e-01     0.2080    94.9347     6.8401     6.9501    31.9735    31.9729    24.9043    24.9045    6.74470 0.0000e+00
        984     19.936     7.9538     7.9496   3.334968   3.334494     2.2466     2.6467      8.101     5.9013   481.3974 1.0715e-01     0.2080    94.9347     6.8373     6.9495    31.9740    31.9728    24.9048    24.9044    6.74474 0.0000e+00
        987     20.129     7.9530     7.9489   3.334973   3.334470     2.2462     2.6475      8.101     5.8911   481.2790 1.0715e-01     0.2076    94.9434     6.8324     6.9482    31.9748    31.9731    24.9055    24.9047    6.74483 0.0000e+00
        990     20.311     7.9524     7.9480   3.334965   3.334472     2.2462     2.6475      8.099     5.8911   481.2790 1.0715e-01     0.2076    94.9434     6.8316     6.9433    31.9751    31.9739    24.9058    24.9055    6.74490 0.0000e+00
        993     20.482     7.9518     7.9476   3.334927   3.334464     2.2462     2.6480      8.098     5.8911   481.3184 1.0715e-01     0.2076    94.9434     6.8322     6.9427    31.9752    31.9741    24.9060    24.9057    6.74500 0.0000e+00
        996     20.642     7.9512     7.9473   3.334924   3.334448     2.2458     2.6484      8.096     5.9013   481.3579 1.0715e-01     0.2076    94.9434     6.8298     6.9426    31.9756    31.9741    24.9063    24.9058    6.74507 0.0000e+00
        999     20.789     7.9510     7.9473   3.334928   3.334465     2.2458     2.6492      8.099     5.9013   481.3579 1.0715e-01     0.2094    94.8999     6.8289     6.9427    31.9758    31.9743    24.9066    24.9059    6.74509 0.0000e+00
       1002     20.919     7.9503     7.9468   3.334850   3.334416     2.2458     2.6508      8.098     5.6774   481.3579 1.0715e-01     0.2102    94.8825     6.8294     6.9455    31.9755    31.9741    24.9065    24.9059    6.74521 0.0000e+00
       1005     21.035     7.9491     7.9460   3.334797   3.334385     2.2450     2.6512      8.099     5.5350   276.3433 1.0715e-01     0.2102    94.8825     6.8269     6.9449    31.9761    31.9745    24.9071    24.9062    6.74538 0.0000e+00
       1008     21.138     7.9490     7.9445   3.334828   3.334325     2.2438     2.6508      8.098     5.5451     9.3860 1.0715e-01     0.2102    94.8825     6.8228     6.9431    31.9764    31.9752    24.9073    24.9070    6.74537 0.0000e+00
       1011     21.226     7.9473     7.9445   3.334846   3.334314     2.2446     2.6512      8.101     5.5451    21.1113 1.0715e-01     0.2109    94.8652     6.8280     6.9446    31.9781    31.9750    24.9089    24.9068    6.74556 0.0000e+00
       1014     21.292     7.9472     7.9448   3.334826   3.334317     2.2454     2.6516      8.099     5.5350    20.6375 1.0715e-01     0.2102    94.8825     6.8325     6.9441    31.9779    31.9747    24.9088    24.9066    6.74558 0.0000e+00
       1017     21.339     7.9481     7.9452   3.334816   3.334334     2.2462     2.6532      8.099     5.5350    20.6375 1.0715e-01     0.2102    94.8825     6.8373     6.9465    31.9770    31.9745    24.9079    24.9064    6.74549 0.0000e+00
       1047     21.379     7.9494     7.9461   3.334817   3.334312     2.2434     2.6544      8.099     5.5757   174.2110 1.0715e-01     0.2109    94.8651     6.8260     6.9369    31.9758    31.9734    24.9068    24.9054    6.74534 0.0000e+00
       1104     21.471     7.9495     7.9468   3.334837   3.334282     2.2430     2.6561      8.098     5.6469   481.3184 1.0715e-01     0.2138    94.7956     6.8183     6.9195    31.9759    31.9725    24.9069    24.9045    6.74532 0.0000e+00
       1107     21.582     7.9486     7.9460   3.334846   3.334360     2.2426     2.6557      8.098     5.7486   481.3579 1.0715e-01     0.2135    94.8043     6.8165     6.9174    31.9768    31.9739    24.9077    24.9058    6.74542 0.0000e+00
       1110     21.700     7.9481     7.9455   3.334891   3.334353     2.2414     2.6557      8.096     5.7690   237.3775 1.0715e-01     0.2135    94.8043     6.8133     6.9175    31.9776    31.9743    24.9084    24.9062    6.74546 0.0000e+00
       1113     21.830     7.9486     7.9449   3.334880   3.334399     2.2414     2.6557      8.096     5.7893     1.6481 1.0715e-01     0.2138    94.7956     6.8150     6.9162    31.9770    31.9753    24.9078    24.9070    6.74541 0.0000e+00
       1116     21.969     7.9473     7.9432   3.334920   3.334416     2.2418     2.6557      8.098     5.7893     9.7018 1.0715e-01     0.2142    94.7869     6.8172     6.9180    31.9786    31.9769    24.9093    24.9086    6.74555 0.0000e+00
       1119     22.114     7.9451     7.9414   3.334987   3.334462     2.2422     2.6565      8.096     5.7690     9.3071 1.0715e-01     0.2131    94.8130     6.8208     6.9217    31.9812    31.9791    24.9116    24.9105    6.74577 0.0000e+00
       1122     22.267     7.9447     7.9405   3.334976   3.334466     2.2418     2.6565      8.096     5.7690     9.3071 1.0715e-01     0.2058    94.9868     6.8214     6.9229    31.9814    31.9798    24.9119    24.9112    6.74583 0.0000e+00
