Datasets/AZMP/HUD120/hud120_2020_093.cnv
* Sea-Bird SBE 9 Data File:
* FileName = C:\CTDDATA\hud120_2020_093.hex
* Software Version Seasave V 7.26.7.110
* Temperature SN = 1697
* Conductivity SN = 4216
* Number of Bytes Per Scan = 30
* Number of Voltage Words = 4
* Number of Scans Averaged by the Deck Unit = 1
* NMEA baud rate = 4800
** VESSEL/TRIP/SEQ STN:  hud120_2020_093
** LATITUDE XX XX.XX: 49 16.80 N
** LONGITUDE XX XX.XX: 051 16.80 W
** SOUNDING DEPTH (M): 0327
** PROBE TYPE: S1146
** CTD NUMBER: 070
** FORMAT: V
** COMMENTS (14 CHAR): BB-08
** BOTTLES:  10
** LEVELS: 5,10,20,30,40,50,75,100,150,BTM
** STICKERS: 439998 - 440007
** VNET: Y
** DO2: N
# nquan = 22
# nvalues = 6280                        
# units = specified
# name 0 = scan: Scan Count
# name 1 = prDM: Pressure, Digiquartz [db]
# name 2 = t090C: Temperature [ITS-90, deg C]
# name 3 = t190C: Temperature, 2 [ITS-90, deg C]
# name 4 = c0S/m: Conductivity [S/m]
# name 5 = c1S/m: Conductivity, 2 [S/m]
# name 6 = sbeox0V: Oxygen raw, SBE 43 [V]
# name 7 = sbeox1V: Oxygen raw, SBE 43, 2 [V]
# name 8 = ph: pH
# name 9 = flECO-AFL: Fluorescence, WET Labs ECO-AFL/FL [mg/m^3]
# name 10 = wetCDOM: Fluorescence, WET Labs CDOM [mg/m^3]
# name 11 = par/sat/log: PAR/Logarithmic, Satlantic [umol photons/m^2/sec]
# name 12 = CStarAt0: Beam Attenuation, WET Labs C-Star [1/m]
# name 13 = CStarTr0: Beam Transmission, WET Labs C-Star [%]
# name 14 = sbeox0ML/L: Oxygen, SBE 43 [ml/l], WS = 2
# name 15 = sbeox1ML/L: Oxygen, SBE 43, 2 [ml/l], WS = 2
# name 16 = sal00: Salinity, Practical [PSU]
# name 17 = sal11: Salinity, Practical, 2 [PSU]
# name 18 = sigma-t00: Density [sigma-t, kg/m^3 ]
# name 19 = sigma-t11: Density, 2 [sigma-t, kg/m^3 ]
# name 20 = oxsatML/L: Oxygen Saturation, Weiss [ml/l]
# name 21 = flag: flag
# span 0 =        113,      47601       
# span 1 =      0.679,    318.978       
# span 2 =     1.1346,     3.0627       
# span 3 =     1.1299,     3.0582       
# span 4 =   2.889613,   3.148288       
# span 5 =   2.886529,   3.147737       
# span 6 =     1.8279,     2.2164       
# span 7 =     2.1466,     2.6309       
# span 8 =      8.024,      8.153       
# span 9 =     0.8850,     7.7429       
# span 10 =    -2.8130,   482.1870      
# span 11 = 1.0703e-01, 1.2659e+02      
# span 12 =     0.0775,     0.6033      
# span 13 =    85.9990,    98.0813      
# span 14 =     6.0449,     7.8345      
# span 15 =     6.1202,     7.9624      
# span 16 =    32.5721,    34.5385      
# span 17 =    32.5403,    34.5368      
# span 18 =    26.0218,    27.5111      
# span 19 =    25.9967,    27.5100      
# span 20 =    7.45745,    7.87757      
# span 21 = 0.0000e+00, 0.0000e+00      
# interval = scans: 3                   
# start_time = Nov 28 2020 11:25:47 [System UTC, header]
# bad_flag = -9.990e-29
*END*
[from data line 1581]
       5508    169.490     1.8375     1.8328   3.001549   3.001028     1.9520     2.2979      8.074     1.0884    13.6498 1.0740e-01     0.0796    98.0292     6.7377     6.8079    34.1223    34.1208    27.2809    27.2801    7.71418 0.0000e+00
       5511    169.637     1.8391     1.8346   3.001842   3.001275     1.9511     2.2967      8.072     1.0376    13.6498 1.0727e-01     0.0793    98.0378     6.7340     6.8039    34.1242    34.1219    27.2823    27.2808    7.71376 0.0000e+00
       5514    169.773     1.8425     1.8374   3.002197   3.001598     1.9520     2.2971      8.072     1.0071    13.6498 1.0740e-01     0.0789    98.0465     6.7366     6.8056    34.1249    34.1229    27.2826    27.2814    7.71305 0.0000e+00
       5517    169.897     1.8438     1.8389   3.002298   3.001726     1.9515     2.2979      8.072     0.9969   123.7568 1.0715e-01     0.0793    98.0378     6.7350     6.8111    34.1247    34.1228    27.2824    27.2812    7.71280 0.0000e+00
       5520    170.006     1.8453     1.8399   3.002534   3.001923     1.9511     2.2967      8.072     0.9867   481.4369 1.0727e-01     0.0796    98.0292     6.7302     6.8086    34.1259    34.1242    27.2833    27.2822    7.71244 0.0000e+00
       5523    170.098     1.8469     1.8416   3.002658   3.002105     1.9507     2.2979      8.072     0.9765   480.7263 1.0727e-01     0.0800    98.0205     6.7297     6.8153    34.1258    34.1246    27.2830    27.2824    7.71214 0.0000e+00
       5526    170.185     1.8472     1.8426   3.002701   3.002181     1.9516     2.2967      8.072     0.9867   481.3184 1.0715e-01     0.0800    98.0205     6.7341     6.8092    34.1259    34.1244    27.2831    27.2822    7.71206 0.0000e+00
       5529    170.257     1.8481     1.8433   3.002711   3.002234     1.9507     2.2967      8.072     1.0071   481.2395 1.0740e-01     0.0800    98.0205     6.7307     6.8076    34.1250    34.1243    27.2823    27.2820    7.71193 0.0000e+00
       5532    170.315     1.8484     1.8439   3.002666   3.002263     1.9515     2.2971      8.072     0.9765   481.2790 1.0715e-01     0.0800    98.0205     6.7338     6.8124    34.1241    34.1240    27.2815    27.2818    7.71192 0.0000e+00
       5535    170.363     1.8460     1.8442   3.002245   3.002273     1.9507     2.2975      8.072     0.9969   481.3184 1.0740e-01     0.0800    98.0205     6.7297     6.8158    34.1214    34.1237    27.2795    27.2816    7.71254 0.0000e+00
       5538    170.400     1.8398     1.8436   3.001482   3.002233     1.9507     2.2971      8.072     0.9969   481.2790 1.0727e-01     0.0800    98.0205     6.7303     6.8097    34.1185    34.1238    27.2777    27.2816    7.71392 0.0000e+00
       5567    170.513     1.8425     1.8422   3.002125   3.002112     1.9499     2.2979      8.072     0.9663   481.3184 1.0727e-01     0.0800    98.0205     6.7265     6.8104    34.1236    34.1237    27.2816    27.2817    7.71313 0.0000e+00
       5583    170.579     1.8467     1.8423   3.002667   3.002133     1.9499     2.2967      8.072     0.9765   481.3184 1.0727e-01     0.0803    98.0118     6.7248     6.8074    34.1259    34.1239    27.2831    27.2818    7.71217 0.0000e+00
       5586    170.611     1.8473     1.8417   3.002736   3.002055     1.9487     2.2971      8.072     0.9562   481.3184 1.0715e-01     0.0800    98.0205     6.7187     6.8053    34.1260    34.1235    27.2831    27.2815    7.71204 0.0000e+00
       5589    170.649     1.8468     1.8411   3.002688   3.002007     1.9499     2.2971      8.072     0.9664   481.3184 1.0715e-01     0.0800    98.0205     6.7266     6.8020    34.1260    34.1235    27.2831    27.2816    7.71215 0.0000e+00
       5592    170.693     1.8466     1.8402   3.002723   3.001934     1.9499     2.2975      8.072     0.9969   481.3184 1.0752e-01     0.0800    98.0205     6.7270     6.8010    34.1265    34.1236    27.2836    27.2817    7.71215 0.0000e+00
       5595    170.746     1.8466     1.8404   3.002693   3.002064     1.9499     2.2963      8.072     0.9867   434.2594 1.0727e-01     0.0800    98.0205     6.7319     6.7946    34.1261    34.1250    27.2833    27.2829    7.71217 0.0000e+00
       5598    170.811     1.8462     1.8407   3.002674   3.002079     1.9499     2.2963      8.072     0.9969    21.6245 1.0715e-01     0.0800    98.0205     6.7365     6.7921    34.1263    34.1247    27.2835    27.2826    7.71224 0.0000e+00
       5601    170.890     1.8459     1.8408   3.002686   3.002153     1.9491     2.2959      8.072     0.9969     5.9908 1.0727e-01     0.0803    98.0118     6.7360     6.7880    34.1268    34.1255    27.2839    27.2832    7.71229 0.0000e+00
       5604    170.981     1.8461     1.8409   3.002669   3.002182     1.9487     2.2967      8.072     0.9867     7.3331 1.0740e-01     0.0800    98.0205     6.7308     6.7896    34.1263    34.1258    27.2835    27.2834    7.71227 0.0000e+00
       5607    171.080     1.8460     1.8412   3.002672   3.002182     1.9495     2.2963      8.072     0.9969     7.2542 1.0740e-01     0.0800    98.0205     6.7353     6.7888    34.1263    34.1254    27.2835    27.2831    7.71228 0.0000e+00
       5610    171.184     1.8454     1.8412   3.002689   3.002176     1.9499     2.2959      8.072     0.9969     7.2542 1.0715e-01     0.0800    98.0205     6.7384     6.7856    34.1271    34.1253    27.2842    27.2830    7.71236 0.0000e+00
       5613    171.300     1.8448     1.8409   3.002694   3.002157     1.9499     2.2963      8.072     0.9765     7.2542 1.0740e-01     0.0800    98.0205     6.7345     6.7899    34.1278    34.1253    27.2848    27.2830    7.71244 0.0000e+00
       5616    171.424     1.8450     1.8409   3.002731   3.002198     1.9487     2.2955      8.072     0.9663     7.2542 1.0715e-01     0.0800    98.0205     6.7283     6.7873    34.1280    34.1257    27.2849    27.2834    7.71240 0.0000e+00
       5619    171.559     1.8451     1.8405   3.002728   3.002221     1.9499     2.2951      8.072     0.9765     7.2542 1.0715e-01     0.0796    98.0292     6.7343     6.7872    34.1278    34.1263    27.2847    27.2839    7.71239 0.0000e+00
       5622    171.704     1.8452     1.8407   3.002766   3.002244     1.9499     2.2942      8.072     0.9460     4.6880 1.0715e-01     0.0800    98.0205     6.7358     6.7826    34.1280    34.1263    27.2849    27.2839    7.71235 0.0000e+00
       5625    171.859     1.8458     1.8415   3.002868   3.002387     1.9495     2.2946      8.072     0.9562    -0.6022 1.0740e-01     0.0807    98.0031     6.7353     6.7813    34.1286    34.1272    27.2853    27.2845    7.71221 0.0000e+00
       5628    172.024     1.8482     1.8439   3.003173   3.002579     1.9487     2.2946      8.072     0.9765    -0.3653 1.0752e-01     0.0807    98.0031     6.7343     6.7800    34.1297    34.1270    27.2860    27.2842    7.71167 0.0000e+00
       5631    172.199     1.8516     1.8455   3.003588   3.002856     1.9503     2.2946      8.072     0.9663    -0.3653 1.0727e-01     0.0807    98.0031     6.7409     6.7816    34.1312    34.1286    27.2870    27.2853    7.71093 0.0000e+00
       5634    172.382     1.8559     1.8501   3.004014   3.003341     1.9495     2.2942      8.072     0.9562    -0.3258 1.0740e-01     0.0803    98.0118     6.7324     6.7786    34.1318    34.1295    27.2871    27.2858    7.71004 0.0000e+00
       5637    172.572     1.8590     1.8538   3.004341   3.003734     1.9487     2.2955      8.072     0.9663    -0.3258 1.0727e-01     0.0803    98.0118     6.7265     6.7851    34.1324    34.1304    27.2874    27.2862    7.70939 0.0000e+00
       5640    172.769     1.8633     1.8585   3.004897   3.004217     1.9487     2.2938      8.072     0.9562    -0.3258 1.0727e-01     0.0800    98.0205     6.7225     6.7821    34.1347    34.1313    27.2889    27.2865    7.70843 0.0000e+00
       5643    172.971     1.8715     1.8662   3.005799   3.005111     1.9495     2.2938      8.072     0.9663    -0.3653 1.0727e-01     0.0810    97.9944     6.7224     6.7823    34.1370    34.1342    27.2902    27.2882    7.70669 0.0000e+00
       5646    173.175     1.8779     1.8735   3.006412   3.005836     1.9491     2.2934      8.072     0.9562    -0.3258 1.0740e-01     0.0807    98.0031     6.7201     6.7796    34.1377    34.1352    27.2902    27.2886    7.70538 0.0000e+00
       5649    173.385     1.8810     1.8764   3.006695   3.006114     1.9499     2.2930      8.072     0.9663    -1.0365 1.0727e-01     0.0807    98.0031     6.7244     6.7779    34.1378    34.1354    27.2900    27.2885    7.70476 0.0000e+00
       5652    173.596     1.8822     1.8778   3.006818   3.006291     1.9511     2.2930      8.072     0.9460    -1.4313 1.0715e-01     0.0803    98.0118     6.7276     6.7781    34.1380    34.1361    27.2901    27.2889    7.70452 0.0000e+00
       5655    173.806     1.8823     1.8776   3.006819   3.006311     1.9491     2.2934      8.072     0.9765    -1.4707 1.0727e-01     0.0807    98.0031     6.7182     6.7816    34.1377    34.1365    27.2898    27.2892    7.70451 0.0000e+00
       5658    174.011     1.8798     1.8763   3.006573   3.006214     1.9479     2.2922      8.072     0.9663    -1.3918 1.0715e-01     0.0803    98.0118     6.7163     6.7792    34.1372    34.1365    27.2897    27.2894    7.70504 0.0000e+00
       5661    174.212     1.8782     1.8746   3.006473   3.006045     1.9479     2.2939      8.072     0.9663    -1.3918 1.0715e-01     0.0807    98.0031     6.7156     6.7884    34.1376    34.1361    27.2901    27.2891    7.70534 0.0000e+00
       5664    174.403     1.8769     1.8727   3.006404   3.005915     1.9487     2.2934      8.072     0.9562    -1.3918 1.0740e-01     0.0803    98.0118     6.7175     6.7895    34.1380    34.1364    27.2905    27.2896    7.70557 0.0000e+00
       5667    174.585     1.8770     1.8722   3.006519   3.005958     1.9487     2.2930      8.072     0.9562    -1.3918 1.0727e-01     0.0800    98.0205     6.7163     6.7887    34.1392    34.1374    27.2915    27.2904    7.70548 0.0000e+00
       5670    174.761     1.8777     1.8731   3.006590   3.006047     1.9487     2.2930      8.072     0.9562    -1.3918 1.0715e-01     0.0800    98.0205     6.7178     6.7884    34.1393    34.1374    27.2915    27.2903    7.70535 0.0000e+00
       5673    174.927     1.8791     1.8739   3.006797   3.006164     1.9487     2.2930      8.072     0.9460    -1.3523 1.0715e-01     0.0800    98.0205     6.7185     6.7891    34.1403    34.1380    27.2922    27.2907    7.70502 0.0000e+00
       5676    175.083     1.8818     1.8761   3.007136   3.006483     1.9483     2.2930      8.070     0.9663     5.0039 1.0727e-01     0.0800    98.0205     6.7217     6.7888    34.1416    34.1395    27.2930    27.2918    7.70442 0.0000e+00
       5679    175.234     1.8860     1.8801   3.007677   3.006999     1.9487     2.2930      8.072     0.9765     5.8724 1.0740e-01     0.0800    98.0205     6.7267     6.7843    34.1437    34.1416    27.2944    27.2931    7.70347 0.0000e+00
       5682    175.371     1.8893     1.8843   3.008055   3.007440     1.9487     2.2930      8.072     0.9562     5.8329 1.0727e-01     0.0800    98.0205     6.7269     6.7815    34.1448    34.1425    27.2950    27.2936    7.70276 0.0000e+00
       5685    175.494     1.8925     1.8874   3.008364   3.007776     1.9483     2.2930      8.072     0.9562     5.7934 1.0727e-01     0.0800    98.0205     6.7215     6.7807    34.1451    34.1433    27.2950    27.2939    7.70211 0.0000e+00
       5688    175.604     1.8944     1.8898   3.008575   3.008039     1.9483     2.2922      8.072     0.9562     5.8329 1.0727e-01     0.0803    98.0118     6.7160     6.7795    34.1457    34.1440    27.2953    27.2943    7.70171 0.0000e+00
       5691    175.704     1.8952     1.8909   3.008636   3.008123     1.9483     2.2922      8.070     0.9663     5.8329 1.0727e-01     0.0803    98.0118     6.7148     6.7792    34.1455    34.1438    27.2951    27.2941    7.70156 0.0000e+00
       5694    175.790     1.8956     1.8911   3.008681   3.008156     1.9487     2.2926      8.072     0.9765     5.8329 1.0715e-01     0.0807    98.0031     6.7167     6.7824    34.1456    34.1439    27.2952    27.2942    7.70148 0.0000e+00
       5697    175.867     1.8957     1.8913   3.008717   3.008203     1.9487     2.2930      8.070     0.9562     5.8329 1.0727e-01     0.0807    98.0031     6.7171     6.7857    34.1459    34.1442    27.2954    27.2944    7.70144 0.0000e+00
       5700    175.934     1.8951     1.8909   3.008633   3.008199     1.9483     2.2926      8.072     0.9663     4.7670 1.0715e-01     0.0803    98.0118     6.7133     6.7849    34.1455    34.1446    27.2951    27.2947    7.70159 0.0000e+00
       5703    175.991     1.8943     1.8901   3.008564   3.008179     1.9479     2.2906      8.069     0.9562    -0.2074 1.0740e-01     0.0803    98.0118     6.7093     6.7767    34.1454    34.1451    27.2951    27.2952    7.70174 0.0000e+00
       5706    176.038     1.8935     1.8897   3.008441   3.008186     1.9487     2.2922      8.072     0.9562    -0.0889 1.0727e-01     0.0793    98.0378     6.7114     6.7823    34.1447    34.1457    27.2946    27.2956    7.70194 0.0000e+00
       5709    176.077     1.8932     1.8895   3.008260   3.008159     1.9475     2.2930      8.069     0.9460    -0.0889 1.0727e-01     0.0789    98.0465     6.7035     6.7859    34.1427    34.1455    27.2931    27.2955    7.70210 0.0000e+00
       5712    176.110     1.8928     1.8894   3.008199   3.008140     1.9471     2.2918      8.072     0.9867    -0.1284 1.0740e-01     0.0796    98.0292     6.7011     6.7816    34.1424    34.1453    27.2928    27.2954    7.70220 0.0000e+00
       5715    176.141     1.8937     1.8898   3.008455   3.008142     1.9479     2.2922      8.070     0.9663    -0.1284 1.0740e-01     0.0793    98.0378     6.7039     6.7821    34.1446    34.1449    27.2945    27.2951    7.70190 0.0000e+00
       5718    176.171     1.8935     1.8893   3.008542   3.008115     1.9479     2.2926      8.069     0.9765    -0.0889 1.0740e-01     0.0793    98.0378     6.7020     6.7802    34.1459    34.1451    27.2956    27.2952    7.70187 0.0000e+00
       5721    176.198     1.8947     1.8890   3.008774   3.008066     1.9479     2.2930      8.070     1.0172    -0.0889 1.0715e-01     0.0793    98.0378     6.7008     6.7828    34.1476    34.1448    27.2968    27.2951    7.70156 0.0000e+00
       5724    176.227     1.8988     1.8880   3.009433   3.007928     1.9467     2.2918      8.070     1.0376    -0.0889 1.0740e-01     0.0796    98.0292     6.6966     6.7809    34.1514    34.1442    27.2996    27.2946    7.70055 0.0000e+00
       5727    176.254     1.9160     1.8880   3.011533   3.008031     1.9471     2.2914      8.069     1.0274     0.2269 1.0715e-01     0.0793    98.0378     6.6956     6.7765    34.1591    34.1454    27.3045    27.2956    7.69675 0.0000e+00
       5730    176.285     1.9240     1.8885   3.012287   3.008078     1.9463     2.2914      8.070     1.0274     0.7401 1.0727e-01     0.0789    98.0465     6.6922     6.7701    34.1600    34.1454    27.3045    27.2956    7.69514 0.0000e+00
       5733    176.320     1.9263     1.8895   3.012482   3.008247     1.9467     2.2918      8.069     1.0274     0.7006 1.0727e-01     0.0789    98.0465     6.6963     6.7713    34.1599    34.1465    27.3043    27.2963    7.69468 0.0000e+00
       5736    176.361     1.9270     1.9003   3.012603   3.009834     1.9471     2.2918      8.070     1.0376     0.7401 1.0727e-01     0.0789    98.0465     6.6934     6.7681    34.1606    34.1547    27.3048    27.3021    7.69451 0.0000e+00
       5739    176.407     1.9291     1.9157   3.012833   3.011403     1.9463     2.2910      8.070     1.0376     0.7401 1.0727e-01     0.0789    98.0465     6.6865     6.7606    34.1613    34.1577    27.3051    27.3034    7.69407 0.0000e+00
