Datasets/AZMP/HUD120/hud120_2020_066.cnv
* Sea-Bird SBE 9 Data File:
* FileName = C:\CTDDATA\hud120_2020_066.hex
* Software Version Seasave V 7.26.7.110
* Temperature SN = 1697
* Conductivity SN = 4216
* Number of Bytes Per Scan = 30
* Number of Voltage Words = 4
* Number of Scans Averaged by the Deck Unit = 1
* NMEA baud rate = 4800
** VESSEL/TRIP/SEQ STN:  hud120_2020_066
** LATITUDE XX XX.XX: 47 00.00 N
** LONGITUDE XX XX.XX: 047 10.10 W
** SOUNDING DEPTH (M): 0860
** PROBE TYPE: S1146
** CTD NUMBER: 045
** FORMAT: V
** COMMENTS (14 CHAR): FC-16
** BOTTLES:  0
** LEVELS: 0
** STICKERS:
** VNET: N
** DO2: N
# nquan = 22
# nvalues = 15995                       
# units = specified
# name 0 = scan: Scan Count
# name 1 = prDM: Pressure, Digiquartz [db]
# name 2 = t090C: Temperature [ITS-90, deg C]
# name 3 = t190C: Temperature, 2 [ITS-90, deg C]
# name 4 = c0S/m: Conductivity [S/m]
# name 5 = c1S/m: Conductivity, 2 [S/m]
# name 6 = sbeox0V: Oxygen raw, SBE 43 [V]
# name 7 = sbeox1V: Oxygen raw, SBE 43, 2 [V]
# name 8 = ph: pH
# name 9 = flECO-AFL: Fluorescence, WET Labs ECO-AFL/FL [mg/m^3]
# name 10 = wetCDOM: Fluorescence, WET Labs CDOM [mg/m^3]
# name 11 = par/sat/log: PAR/Logarithmic, Satlantic [umol photons/m^2/sec]
# name 12 = CStarAt0: Beam Attenuation, WET Labs C-Star [1/m]
# name 13 = CStarTr0: Beam Transmission, WET Labs C-Star [%]
# name 14 = sbeox0ML/L: Oxygen, SBE 43 [ml/l], WS = 2
# name 15 = sbeox1ML/L: Oxygen, SBE 43, 2 [ml/l], WS = 2
# name 16 = sal00: Salinity, Practical [PSU]
# name 17 = sal11: Salinity, Practical, 2 [PSU]
# name 18 = sigma-t00: Density [sigma-t, kg/m^3 ]
# name 19 = sigma-t11: Density, 2 [sigma-t, kg/m^3 ]
# name 20 = oxsatML/L: Oxygen Saturation, Weiss [ml/l]
# name 21 = flag: flag
# span 0 =         25,      52178       
# span 1 =      0.297,    852.405       
# span 2 =     1.9506,     3.8221       
# span 3 =     1.9509,     3.8195       
# span 4 =   0.442701,   3.240682       
# span 5 =   0.457352,   3.240184       
# span 6 =     1.8658,     2.1954       
# span 7 =     2.2051,     2.6343       
# span 8 =      7.992,      8.076       
# span 9 =     0.8544,     6.5118       
# span 10 =    -2.8130,   482.1870      
# span 11 = 1.0690e-01, 8.9433e-01      
# span 12 =     0.0630,     0.1962      
# span 13 =    95.2129,    98.4377      
# span 14 =     6.3434,     7.6866      
# span 15 =     6.4400,     7.8038      
# span 16 =     4.2229,    34.8210      
# span 17 =     4.3712,    34.8194      
# span 18 =     3.3591,    27.6874      
# span 19 =     3.4781,    27.6865      
# span 20 =    7.31131,    9.25619      
# span 21 = 0.0000e+00, 0.0000e+00      
# interval = scans: 3                   
# start_time = Nov 24 2020 08:58:04 [System UTC, header]
# bad_flag = -9.990e-29
*END*
[from data line 7375]
      23093    797.685     3.5778     3.5733   3.238421   3.237919     1.8769     2.2237      7.994     0.9257     5.1223 1.0727e-01     0.0849    97.8988     6.5675     6.7235    34.8192    34.8179    27.6854    27.6848    7.34860 0.0000e+00
      23096    797.806     3.5778     3.5731   3.238424   3.237940     1.8769     2.2245      7.996     0.9358     5.1223 1.0715e-01     0.0849    97.8988     6.5688     6.7261    34.8191    34.8183    27.6853    27.6851    7.34860 0.0000e+00
      23099    797.923     3.5774     3.5730   3.238412   3.237906     1.8765     2.2241      7.994     0.9358     5.1223 1.0727e-01     0.0849    97.8988     6.5679     6.7267    34.8193    34.8179    27.6855    27.6849    7.34865 0.0000e+00
      23102    798.039     3.5775     3.5729   3.238431   3.237917     1.8744     2.2249      7.994     0.9358     5.1223 1.0727e-01     0.0853    97.8901     6.5565     6.7290    34.8193    34.8181    27.6856    27.6850    7.34863 0.0000e+00
      23105    798.154     3.5769     3.5729   3.238402   3.237912     1.8745     2.2233      7.994     0.9257     5.1223 1.0715e-01     0.0846    97.9075     6.5546     6.7228    34.8196    34.8179    27.6858    27.6849    7.34872 0.0000e+00
      23108    798.264     3.5768     3.5728   3.238389   3.237908     1.8753     2.2241      7.994     0.9358     5.1223 1.0715e-01     0.0849    97.8988     6.5594     6.7256    34.8195    34.8180    27.6858    27.6849    7.34875 0.0000e+00
      23111    798.373     3.5767     3.5727   3.238388   3.237902     1.8749     2.2241      7.994     0.9155     8.0832 1.0715e-01     0.0857    97.8814     6.5592     6.7262    34.8195    34.8179    27.6857    27.6849    7.34876 0.0000e+00
      23114    798.482     3.5767     3.5727   3.238410   3.237910     1.8753     2.2241      7.996     0.9358     8.5965 1.0715e-01     0.0864    97.8640     6.5645     6.7262    34.8197    34.8181    27.6859    27.6850    7.34875 0.0000e+00
      23117    798.586     3.5771     3.5731   3.238429   3.237943     1.8749     2.2241      7.996     0.8952     8.5570 1.0715e-01     0.0864    97.8640     6.5687     6.7251    34.8195    34.8179    27.6857    27.6849    7.34870 0.0000e+00
      23120    798.688     3.5773     3.5733   3.238461   3.237980     1.8765     2.2250      7.994     0.9053     8.5570 1.0715e-01     0.0864    97.8640     6.5821     6.7275    34.8196    34.8181    27.6858    27.6850    7.34865 0.0000e+00
      23123    798.786     3.5774     3.5745   3.238442   3.238060     1.8749     2.2241      7.996     0.9053     8.5570 1.0715e-01     0.0864    97.8640     6.5809     6.7236    34.8192    34.8177    27.6855    27.6846    7.34866 0.0000e+00
      23126    798.885     3.5775     3.5745   3.238484   3.238061     1.8749     2.2229      7.996     0.8952     8.5570 1.0715e-01     0.0864    97.8640     6.5858     6.7212    34.8196    34.8177    27.6857    27.6845    7.34863 0.0000e+00
      23129    798.987     3.5785     3.5741   3.238575   3.238038     1.8753     2.2241      7.994     0.8952     8.5570 1.0715e-01     0.0864    97.8640     6.5850     6.7262    34.8195    34.8178    27.6856    27.6846    7.34844 0.0000e+00
      23132    799.084     3.5798     3.5744   3.238674   3.238043     1.8753     2.2237      7.994     0.9155     8.5570 1.0727e-01     0.0857    97.8814     6.5849     6.7225    34.8193    34.8175    27.6853    27.6844    7.34821 0.0000e+00
      23135    799.176     3.5810     3.5751   3.238740   3.238128     1.8753     2.2241      7.996     0.9053    78.7902 1.0715e-01     0.0853    97.8901     6.5849     6.7248    34.8188    34.8177    27.6848    27.6845    7.34803 0.0000e+00
      23138    799.268     3.5813     3.5755   3.238774   3.238148     1.8753     2.2241      7.996     0.9053   471.5277 1.0715e-01     0.0853    97.8901     6.5852     6.7245    34.8188    34.8174    27.6848    27.6842    7.34797 0.0000e+00
      23141    799.358     3.5813     3.5761   3.238761   3.238184     1.8765     2.2233      7.994     0.9053   481.4764 1.0715e-01     0.0853    97.8901     6.5904     6.7242    34.8186    34.8172    27.6845    27.6840    7.34797 0.0000e+00
      23144    799.451     3.5797     3.5751   3.238657   3.238105     1.8753     2.2237      7.997     0.9053   481.2000 1.0715e-01     0.0853    97.8901     6.5851     6.7249    34.8190    34.8173    27.6850    27.6841    7.34824 0.0000e+00
      23147    799.540     3.5790     3.5733   3.238612   3.237973     1.8761     2.2237      7.996     0.8952   481.2790 1.0715e-01     0.0853    97.8901     6.5883     6.7264    34.8192    34.8175    27.6853    27.6845    7.34837 0.0000e+00
      23150    799.629     3.5786     3.5727   3.238585   3.237961     1.8761     2.2245      7.994     0.8850   481.2790 1.0715e-01     0.0853    97.8901     6.5858     6.7309    34.8192    34.8180    27.6853    27.6849    7.34843 0.0000e+00
      23153    799.716     3.5777     3.5729   3.238508   3.237981     1.8757     2.2233      7.994     0.9155   481.2790 1.0715e-01     0.0849    97.8988     6.5834     6.7235    34.8192    34.8180    27.6854    27.6849    7.34860 0.0000e+00
      23156    799.803     3.5775     3.5727   3.238498   3.237974     1.8761     2.2233      7.994     0.9053   481.3579 1.0715e-01     0.0849    97.8988     6.5840     6.7253    34.8193    34.8181    27.6855    27.6850    7.34864 0.0000e+00
      23159    799.887     3.5769     3.5727   3.238457   3.237986     1.8761     2.2241      7.994     0.8952   481.3184 1.0715e-01     0.0842    97.9162     6.5802     6.7296    34.8194    34.8181    27.6857    27.6851    7.34874 0.0000e+00
      23162    799.974     3.5766     3.5725   3.238433   3.237952     1.8761     2.2237      7.994     0.8952   290.0030 1.0715e-01     0.0846    97.9075     6.5776     6.7286    34.8193    34.8179    27.6856    27.6849    7.34879 0.0000e+00
      23165    800.057     3.5766     3.5725   3.238441   3.237952     1.8761     2.2245      7.994     0.8850    -1.7076 1.0715e-01     0.0846    97.9075     6.5778     6.7322    34.8194    34.8180    27.6857    27.6850    7.34880 0.0000e+00
      23168    800.140     3.5766     3.5725   3.238465   3.237955     1.8757     2.2229      7.996     0.8850     5.4381 1.0727e-01     0.0842    97.9162     6.5789     6.7259    34.8197    34.8178    27.6859    27.6849    7.34879 0.0000e+00
      23171    800.221     3.5767     3.5723   3.238446   3.237944     1.8753     2.2237      7.994     0.8952     5.2407 1.0715e-01     0.0849    97.8988     6.5765     6.7294    34.8193    34.8179    27.6856    27.6849    7.34878 0.0000e+00
      23174    800.300     3.5767     3.5723   3.238478   3.237961     1.8757     2.2237      7.997     0.9155     5.2407 1.0727e-01     0.0842    97.9162     6.5783     6.7274    34.8196    34.8181    27.6858    27.6851    7.34876 0.0000e+00
      23177    800.380     3.5769     3.5723   3.238481   3.237972     1.8765     2.2233      7.996     0.9053     5.2407 1.0715e-01     0.0842    97.9162     6.5826     6.7270    34.8194    34.8181    27.6856    27.6851    7.34874 0.0000e+00
      23180    800.460     3.5767     3.5725   3.238474   3.237969     1.8757     2.2241      7.994     0.9053     5.2407 1.0715e-01     0.0842    97.9162     6.5811     6.7290    34.8195    34.8179    27.6857    27.6849    7.34878 0.0000e+00
      23183    800.540     3.5766     3.5725   3.238470   3.237996     1.8753     2.2241      7.994     0.9155     5.2407 1.0715e-01     0.0842    97.9162     6.5792     6.7270    34.8195    34.8182    27.6858    27.6852    7.34879 0.0000e+00
      23186    800.620     3.5765     3.5722   3.238456   3.237957     1.8753     2.2241      7.996     0.9155     5.2407 1.0715e-01     0.0846    97.9075     6.5804     6.7276    34.8194    34.8180    27.6857    27.6850    7.34881 0.0000e+00
      23189    800.697     3.5764     3.5724   3.238468   3.237992     1.8765     2.2233      7.997     0.8952     8.3596 1.0727e-01     0.0842    97.9162     6.5857     6.7262    34.8196    34.8182    27.6859    27.6852    7.34882 0.0000e+00
      23192    800.777     3.5762     3.5723   3.238446   3.237964     1.8765     2.2241      7.994     0.9155     9.8203 1.0727e-01     0.0853    97.8901     6.5888     6.7298    34.8195    34.8178    27.6858    27.6849    7.34885 0.0000e+00
      23195    800.858     3.5760     3.5718   3.238442   3.237944     1.8761     2.2237      7.994     0.8952     9.7413 1.0715e-01     0.0853    97.8901     6.5855     6.7239    34.8196    34.8181    27.6859    27.6851    7.34889 0.0000e+00
      23198    800.938     3.5761     3.5724   3.238460   3.238001     1.8757     2.2229      7.996     0.8952     9.7413 1.0715e-01     0.0853    97.8901     6.5805     6.7200    34.8197    34.8181    27.6860    27.6851    7.34887 0.0000e+00
      23201    801.019     3.5762     3.5723   3.238454   3.237982     1.8761     2.2241      7.994     0.9053     9.7413 1.0715e-01     0.0860    97.8727     6.5821     6.7215    34.8194    34.8180    27.6858    27.6850    7.34886 0.0000e+00
      23204    801.097     3.5762     3.5717   3.238468   3.237940     1.8765     2.2233      7.996     0.9053     9.7413 1.0740e-01     0.0857    97.8814     6.5856     6.7160    34.8196    34.8180    27.6858    27.6851    7.34885 0.0000e+00
      23207    801.178     3.5764     3.5713   3.238490   3.237905     1.8757     2.2229      7.996     0.9053     9.7413 1.0740e-01     0.0853    97.8901     6.5790     6.7128    34.8196    34.8180    27.6858    27.6851    7.34882 0.0000e+00
      23210    801.256     3.5763     3.5714   3.238486   3.237952     1.8757     2.2237      7.994     0.8850     9.7413 1.0715e-01     0.0857    97.8814     6.5744     6.7154    34.8196    34.8184    27.6859    27.6854    7.34884 0.0000e+00
      23213    801.339     3.5761     3.5713   3.238474   3.237950     1.8761     2.2241      7.996     0.8952    23.7958 1.0715e-01     0.0846    97.9075     6.5746     6.7175    34.8197    34.8185    27.6860    27.6855    7.34888 0.0000e+00
      23216    801.424     3.5760     3.5714   3.238455   3.237944     1.8761     2.2229      7.994     0.8952   437.4178 1.0715e-01     0.0842    97.9162     6.5752     6.7154    34.8195    34.8182    27.6858    27.6853    7.34890 0.0000e+00
      23219    801.506     3.5758     3.5716   3.238441   3.237945     1.8765     2.2229      7.994     0.9053   481.2000 1.0715e-01     0.0842    97.9162     6.5772     6.7191    34.8195    34.8180    27.6859    27.6851    7.34894 0.0000e+00
      23222    801.590     3.5764     3.5725   3.238494   3.238011     1.8749     2.2229      7.997     0.9053   481.1211 1.0715e-01     0.0842    97.9162     6.5691     6.7183    34.8194    34.8178    27.6857    27.6848    7.34882 0.0000e+00
      23225    801.678     3.5767     3.5716   3.238528   3.237956     1.8761     2.2221      7.994     0.8952   481.2790 1.0715e-01     0.0842    97.9162     6.5731     6.7136    34.8195    34.8181    27.6857    27.6851    7.34877 0.0000e+00
      23228    801.773     3.5771     3.5713   3.238568   3.237978     1.8761     2.2221      7.996     0.9155   481.3184 1.0740e-01     0.0846    97.9075     6.5725     6.7146    34.8195    34.8186    27.6857    27.6855    7.34870 0.0000e+00
      23231    801.872     3.5769     3.5712   3.238550   3.237934     1.8753     2.2221      7.994     0.8952   481.3184 1.0715e-01     0.0846    97.9075     6.5718     6.7151    34.8194    34.8181    27.6856    27.6852    7.34873 0.0000e+00
      23234    801.973     3.5763     3.5713   3.238527   3.237945     1.8749     2.2221      7.994     0.9155   481.3579 1.0715e-01     0.0842    97.9162     6.5696     6.7139    34.8197    34.8181    27.6860    27.6852    7.34884 0.0000e+00
      23237    802.079     3.5769     3.5715   3.238587   3.237956     1.8757     2.2225      7.994     0.9155   481.3184 1.0715e-01     0.0842    97.9162     6.5703     6.7169    34.8198    34.8180    27.6860    27.6851    7.34873 0.0000e+00
      23240    802.191     3.5771     3.5716   3.238604   3.238008     1.8757     2.2237      7.994     0.8952   379.3441 1.0715e-01     0.0842    97.9162     6.5721     6.7226    34.8197    34.8184    27.6859    27.6854    7.34869 0.0000e+00
      23243    802.309     3.5772     3.5727   3.238614   3.238068     1.8753     2.2233      7.994     0.9155     0.2269 1.0715e-01     0.0842    97.9162     6.5704     6.7197    34.8196    34.8179    27.6858    27.6849    7.34867 0.0000e+00
      23246    802.439     3.5776     3.5731   3.238615   3.238112     1.8753     2.2221      7.994     0.8952     1.7271 1.0715e-01     0.0842    97.9162     6.5711     6.7142    34.8192    34.8180    27.6854    27.6849    7.34862 0.0000e+00
      23249    802.573     3.5775     3.5731   3.238637   3.238135     1.8753     2.2217      7.996     0.9053     2.6746 1.0715e-01     0.0842    97.9162     6.5677     6.7118    34.8195    34.8181    27.6856    27.6850    7.34863 0.0000e+00
      23252    802.713     3.5774     3.5732   3.238644   3.238138     1.8753     2.2221      7.994     0.8952     2.6351 1.0715e-01     0.0846    97.9075     6.5681     6.7119    34.8196    34.8179    27.6858    27.6849    7.34864 0.0000e+00
      23255    802.861     3.5775     3.5735   3.238640   3.238160     1.8761     2.2225      7.994     0.9155     2.6351 1.0715e-01     0.0842    97.9162     6.5742     6.7114    34.8194    34.8179    27.6856    27.6848    7.34864 0.0000e+00
      23258    803.016     3.5776     3.5735   3.238688   3.238196     1.8745     2.2213      7.996     0.8952     2.6351 1.0727e-01     0.0842    97.9162     6.5656     6.7053    34.8197    34.8182    27.6859    27.6851    7.34860 0.0000e+00
      23261    803.177     3.5778     3.5736   3.238704   3.238182     1.8749     2.2217      7.996     0.9053     2.6351 1.0715e-01     0.0842    97.9162     6.5666     6.7057    34.8196    34.8179    27.6858    27.6848    7.34856 0.0000e+00
      23264    803.342     3.5780     3.5739   3.238732   3.238231     1.8749     2.2213      7.994     0.9053     2.6351 1.0715e-01     0.0842    97.9162     6.5679     6.7059    34.8197    34.8181    27.6858    27.6849    7.34853 0.0000e+00
      23267    803.516     3.5779     3.5738   3.238708   3.238221     1.8749     2.2213      7.996     0.9053     7.6884 1.0715e-01     0.0842    97.9162     6.5667     6.7117    34.8194    34.8179    27.6855    27.6848    7.34856 0.0000e+00
      23270    803.696     3.5781     3.5739   3.238744   3.238261     1.8749     2.2213      7.994     0.9053    13.2155 1.0715e-01     0.0842    97.9162     6.5664     6.7145    34.8195    34.8182    27.6856    27.6850    7.34851 0.0000e+00
      23273    803.879     3.5795     3.5763   3.238924   3.238482     1.8741     2.2209      7.994     0.9155    12.9786 1.0715e-01     0.0853    97.8901     6.5635     6.7128    34.8201    34.8182    27.6859    27.6848    7.34823 0.0000e+00
      23276    804.070     3.5817     3.5778   3.239056   3.238556     1.8745     2.2217      7.994     0.9053    12.9391 1.0715e-01     0.0853    97.8901     6.5635     6.7159    34.8192    34.8174    27.6850    27.6840    7.34787 0.0000e+00
      23279    804.264     3.5823     3.5783   3.239092   3.238577     1.8749     2.2209      7.996     0.9053    12.9391 1.0727e-01     0.0857    97.8814     6.5694     6.7166    34.8190    34.8170    27.6848    27.6836    7.34779 0.0000e+00
      23282    804.458     3.5822     3.5781   3.239074   3.238555     1.8745     2.2209      7.994     0.8952    12.9786 1.0715e-01     0.0853    97.8901     6.5726     6.7189    34.8187    34.8169    27.6846    27.6835    7.34781 0.0000e+00
      23285    804.652     3.5812     3.5759   3.239001   3.238424     1.8745     2.2209      7.994     0.8850    12.9786 1.0715e-01     0.0853    97.8901     6.5729     6.7195    34.8188    34.8175    27.6848    27.6842    7.34799 0.0000e+00
