Datasets/AZMP/HUD120/hud120_2020_080.cnv
* Sea-Bird SBE 9 Data File:
* FileName = C:\CTDDATA\hud120_2020_080.hex
* Software Version Seasave V 7.26.7.110
* Temperature SN = 1697
* Conductivity SN = 4216
* Number of Bytes Per Scan = 30
* Number of Voltage Words = 4
* Number of Scans Averaged by the Deck Unit = 1
* NMEA baud rate = 4800
** VESSEL/TRIP/SEQ STN:  hud120_2020_080
** LATITUDE XX XX.XX: 47 00.00 N
** LONGITUDE XX XX.XX: 052 34.80 W
** SOUNDING DEPTH (M): 0160
** PROBE TYPE: S1146
** CTD NUMBER: 059
** FORMAT: V
** COMMENTS (14 CHAR): FC-03
** BOTTLES:  9
** LEVELS: 5,10,20,30,40,50,75,100,BTM
** STICKERS: 439911 - 439919
** VNET: Y
** DO2: Y
# nquan = 22
# nvalues = 3725                        
# units = specified
# name 0 = scan: Scan Count
# name 1 = prDM: Pressure, Digiquartz [db]
# name 2 = t090C: Temperature [ITS-90, deg C]
# name 3 = t190C: Temperature, 2 [ITS-90, deg C]
# name 4 = c0S/m: Conductivity [S/m]
# name 5 = c1S/m: Conductivity, 2 [S/m]
# name 6 = sbeox0V: Oxygen raw, SBE 43 [V]
# name 7 = sbeox1V: Oxygen raw, SBE 43, 2 [V]
# name 8 = ph: pH
# name 9 = flECO-AFL: Fluorescence, WET Labs ECO-AFL/FL [mg/m^3]
# name 10 = wetCDOM: Fluorescence, WET Labs CDOM [mg/m^3]
# name 11 = par/sat/log: PAR/Logarithmic, Satlantic [umol photons/m^2/sec]
# name 12 = CStarAt0: Beam Attenuation, WET Labs C-Star [1/m]
# name 13 = CStarTr0: Beam Transmission, WET Labs C-Star [%]
# name 14 = sbeox0ML/L: Oxygen, SBE 43 [ml/l], WS = 2
# name 15 = sbeox1ML/L: Oxygen, SBE 43, 2 [ml/l], WS = 2
# name 16 = sal00: Salinity, Practical [PSU]
# name 17 = sal11: Salinity, Practical, 2 [PSU]
# name 18 = sigma-t00: Density [sigma-t, kg/m^3 ]
# name 19 = sigma-t11: Density, 2 [sigma-t, kg/m^3 ]
# name 20 = oxsatML/L: Oxygen Saturation, Weiss [ml/l]
# name 21 = flag: flag
# span 0 =         75,      33544       
# span 1 =      2.931,    153.865       
# span 2 =    -0.7495,     4.0530       
# span 3 =    -0.7543,     4.0489       
# span 4 =   2.684756,   2.984613       
# span 5 =   2.684280,   2.984143       
# span 6 =     1.9247,     2.2121       
# span 7 =     2.2841,     2.6342       
# span 8 =      8.017,      8.159       
# span 9 =     0.9765,     4.7311       
# span 10 =    -2.8130,   482.1870      
# span 11 = 1.0451e-01, 4.6423e-01      
# span 12 =     0.0796,     0.1700      
# span 13 =    95.8387,    98.0292      
# span 14 =     7.1510,     7.7508      
# span 15 =     7.2759,     7.9571      
# span 16 =    31.7233,    33.0945      
# span 17 =    31.7206,    33.0938      
# span 18 =    25.1763,    26.5923      
# span 19 =    25.1801,    26.5920      
# span 20 =    7.41324,    8.32881      
# span 21 = 0.0000e+00, 0.0000e+00      
# interval = scans: 3                   
# start_time = Nov 27 2020 02:12:05 [System UTC, header]
# bad_flag = -9.990e-29
*END*
[from data line 3490]
      29050     14.762     4.0512     4.0470   2.984295   2.983778     2.2039     2.6297      8.158     3.9375     9.7808 1.0715e-01     0.1379    96.6123     7.3883     7.5646    31.7318    31.7298    25.1822    25.1810    7.41354 0.0000e+00
      29053     14.685     4.0512     4.0468   2.984278   2.983777     2.2047     2.6301      8.156     3.9375     8.9912 1.0715e-01     0.1379    96.6123     7.3946     7.5654    31.7316    31.7299    25.1821    25.1812    7.41354 0.0000e+00
      29056     14.607     4.0511     4.0467   2.984272   2.983738     2.2055     2.6293      8.158     3.9477     7.6095 1.0727e-01     0.1379    96.6123     7.4004     7.5619    31.7316    31.7296    25.1821    25.1809    7.41355 0.0000e+00
      29059     14.530     4.0511     4.0466   2.984245   2.983733     2.2047     2.6293      8.156     4.3852     7.6095 1.0715e-01     0.1379    96.6123     7.3996     7.5598    31.7314    31.7297    25.1819    25.1810    7.41357 0.0000e+00
      29062     14.457     4.0510     4.0465   2.984257   2.983731     2.2043     2.6301      8.158     4.4462     7.6095 1.0715e-01     0.1393    96.5775     7.4001     7.5611    31.7316    31.7298    25.1821    25.1811    7.41357 0.0000e+00
      29065     14.383     4.0510     4.0467   2.984249   2.983746     2.2043     2.6297      8.156     4.4259     7.6095 1.0715e-01     0.1396    96.5689     7.3996     7.5603    31.7316    31.7298    25.1821    25.1811    7.41358 0.0000e+00
      29068     14.310     4.0511     4.0471   2.984261   2.983796     2.2047     2.6297      8.158     4.4462     7.6095 1.0715e-01     0.1400    96.5602     7.4007     7.5599    31.7317    31.7301    25.1822    25.1813    7.41355 0.0000e+00
      29071     14.238     4.0511     4.0473   2.984253   2.983776     2.2047     2.6305      8.158     4.4259     7.6095 1.0715e-01     0.1400    96.5602     7.4014     7.5629    31.7316    31.7297    25.1821    25.1809    7.41355 0.0000e+00
      29074     14.164     4.0510     4.0473   2.984258   2.983792     2.2047     2.6297      8.158     4.4462     7.6095 1.0715e-01     0.1400    96.5602     7.4009     7.5601    31.7318    31.7299    25.1822    25.1811    7.41356 0.0000e+00
      29077     14.092     4.0510     4.0473   2.984281   2.983784     2.2043     2.6293      8.156     4.4361     7.6095 1.0715e-01     0.1400    96.5602     7.3979     7.5585    31.7321    31.7299    25.1825    25.1811    7.41355 0.0000e+00
      29080     14.024     4.0510     4.0474   2.984268   2.983786     2.2055     2.6305      8.156     4.4259   295.9644 1.0715e-01     0.1400    96.5602     7.4040     7.5636    31.7320    31.7298    25.1824    25.1810    7.41355 0.0000e+00
      29083     13.955     4.0512     4.0474   2.984268   2.983788     2.2055     2.6297      8.156     4.2020   481.6738 1.0715e-01     0.1389    96.5862     7.4064     7.5599    31.7319    31.7298    25.1823    25.1810    7.41353 0.0000e+00
      29086     13.891     4.0512     4.0475   2.984276   2.983760     2.2047     2.6301      8.159     3.2659   481.0026 1.0715e-01     0.1389    96.5862     7.4034     7.5606    31.7320    31.7295    25.1824    25.1808    7.41352 0.0000e+00
      29089     13.828     4.0512     4.0475   2.984242   2.983780     2.2047     2.6305      8.156     3.2761   481.2790 1.0715e-01     0.1389    96.5862     7.4017     7.5616    31.7316    31.7298    25.1821    25.1810    7.41354 0.0000e+00
      29092     13.765     4.0512     4.0475   2.984232   2.983766     2.2047     2.6305      8.156     3.2659   481.3184 1.0715e-01     0.1389    96.5862     7.3980     7.5609    31.7315    31.7296    25.1820    25.1809    7.41354 0.0000e+00
      29095     13.704     4.0511     4.0475   2.984262   2.983772     2.2055     2.6305      8.159     3.2659   481.2395 1.0715e-01     0.1386    96.5949     7.3992     7.5610    31.7320    31.7297    25.1824    25.1809    7.41354 0.0000e+00
      29098     13.647     4.0513     4.0475   2.984245   2.983776     2.2055     2.6305      8.158     3.2659   481.3184 1.0715e-01     0.1389    96.5862     7.3992     7.5625    31.7316    31.7298    25.1821    25.1810    7.41351 0.0000e+00
      29101     13.594     4.0513     4.0473   2.984242   2.983751     2.2051     2.6301      8.156     3.2761   481.3184 1.0715e-01     0.1393    96.5775     7.3977     7.5619    31.7317    31.7297    25.1821    25.1809    7.41352 0.0000e+00
      29104     13.540     4.0514     4.0471   2.984252   2.983744     2.2051     2.6305      8.159     3.2761   477.7653 1.0715e-01     0.1396    96.5689     7.3966     7.5626    31.7316    31.7299    25.1821    25.1811    7.41350 0.0000e+00
      29107     13.488     4.0513     4.0472   2.984242   2.983736     2.2055     2.6305      8.158     3.2761    68.4072 1.0715e-01     0.1393    96.5775     7.3999     7.5626    31.7317    31.7297    25.1821    25.1810    7.41352 0.0000e+00
      29110     13.437     4.0513     4.0472   2.984204   2.983742     2.2051     2.6305      8.156     3.3168    13.0181 1.0715e-01     0.1396    96.5689     7.3976     7.5617    31.7312    31.7298    25.1818    25.1810    7.41354 0.0000e+00
      29113     13.386     4.0512     4.0471   2.984232   2.983742     2.2055     2.6301      8.159     3.3473    15.3079 1.0715e-01     0.1393    96.5775     7.3983     7.5607    31.7317    31.7299    25.1821    25.1811    7.41353 0.0000e+00
      29116     13.336     4.0512     4.0472   2.984217   2.983752     2.2039     2.6305      8.159     3.3677    15.1894 1.0715e-01     0.1393    96.5775     7.3904     7.5608    31.7315    31.7300    25.1820    25.1812    7.41354 0.0000e+00
      29119     13.289     4.0511     4.0471   2.984239   2.983721     2.2047     2.6305      8.159     3.3677    15.1894 1.0715e-01     0.1393    96.5775     7.3933     7.5587    31.7319    31.7297    25.1824    25.1809    7.41354 0.0000e+00
      29122     13.244     4.0515     4.0471   2.984218   2.983709     2.2055     2.6313      8.159     3.3575    15.1894 1.0715e-01     0.1404    96.5515     7.3970     7.5621    31.7313    31.7296    25.1819    25.1808    7.41350 0.0000e+00
      29125     13.195     4.0514     4.0470   2.984223   2.983735     2.2055     2.6317      8.158     3.3575    15.1894 1.0715e-01     0.1411    96.5341     7.3978     7.5636    31.7315    31.7300    25.1820    25.1812    7.41351 0.0000e+00
      29128     13.149     4.0515     4.0471   2.984236   2.983719     2.2051     2.6305      8.158     3.3677    15.1894 1.0715e-01     0.1411    96.5341     7.3952     7.5582    31.7315    31.7297    25.1820    25.1810    7.41348 0.0000e+00
      29131     13.100     4.0514     4.0470   2.984225   2.983723     2.2051     2.6309      8.156     3.3575    95.3319 1.0715e-01     0.1411    96.5341     7.3942     7.5588    31.7316    31.7299    25.1821    25.1811    7.41351 0.0000e+00
      29134     13.053     4.0517     4.0470   2.984224   2.983704     2.2047     2.6309      8.156     3.3677   475.7124 1.0715e-01     0.1411    96.5341     7.3937     7.5588    31.7313    31.7298    25.1818    25.1810    7.41347 0.0000e+00
      29137     13.005     4.0513     4.0472   2.984205   2.983709     2.2051     2.6313      8.158     3.5915   481.3974 1.0715e-01     0.1411    96.5341     7.3946     7.5607    31.7315    31.7297    25.1820    25.1809    7.41352 0.0000e+00
      29140     12.955     4.0515     4.0471   2.984210   2.983732     2.2051     2.6297      8.156     3.6627   481.2395 1.0715e-01     0.1411    96.5341     7.3954     7.5537    31.7313    31.7300    25.1818    25.1812    7.41349 0.0000e+00
      29143     12.909     4.0514     4.0470   2.984198   2.983696     2.2051     2.6301      8.156     3.6525   481.2790 1.0715e-01     0.1400    96.5602     7.3946     7.5537    31.7313    31.7298    25.1818    25.1810    7.41351 0.0000e+00
      29146     12.862     4.0512     4.0471   2.984203   2.983719     2.2051     2.6313      8.156     3.6627   481.2395 1.0715e-01     0.1389    96.5862     7.3948     7.5569    31.7316    31.7299    25.1821    25.1811    7.41354 0.0000e+00
      29149     12.814     4.0513     4.0472   2.984209   2.983709     2.2047     2.6309      8.158     3.6525   481.3184 1.0715e-01     0.1389    96.5862     7.3935     7.5562    31.7316    31.7297    25.1821    25.1810    7.41352 0.0000e+00
      29152     12.767     4.0516     4.0470   2.984225   2.983698     2.2047     2.6305      8.158     3.6729   481.2790 1.0715e-01     0.1389    96.5862     7.3934     7.5543    31.7315    31.7298    25.1820    25.1811    7.41346 0.0000e+00
      29155     12.717     4.0516     4.0471   2.984213   2.983704     2.2047     2.6305      8.158     3.6627   481.3184 1.0715e-01     0.1389    96.5862     7.3938     7.5536    31.7314    31.7298    25.1819    25.1810    7.41347 0.0000e+00
      29158     12.669     4.0514     4.0472   2.984185   2.983701     2.2047     2.6313      8.158     3.6729   275.3563 1.0715e-01     0.1389    96.5862     7.3928     7.5564    31.7313    31.7297    25.1818    25.1809    7.41351 0.0000e+00
      29161     12.622     4.0515     4.0472   2.984206   2.983731     2.2047     2.6313      8.155     3.7034    -0.2469 1.0715e-01     0.1393    96.5775     7.3925     7.5580    31.7315    31.7301    25.1820    25.1812    7.41349 0.0000e+00
      29164     12.573     4.0516     4.0472   2.984210   2.983688     2.2055     2.6305      8.158     4.1512     8.4780 1.0715e-01     0.1400    96.5602     7.3973     7.5573    31.7315    31.7297    25.1820    25.1809    7.41348 0.0000e+00
      29167     12.523     4.0514     4.0473   2.984203   2.983693     2.2055     2.6305      8.158     4.1613     8.0832 1.0715e-01     0.1400    96.5602     7.3999     7.5559    31.7316    31.7296    25.1821    25.1809    7.41351 0.0000e+00
      29170     12.476     4.0513     4.0472   2.984196   2.983707     2.2051     2.6305      8.159     4.1613     8.0832 1.0715e-01     0.1400    96.5602     7.3976     7.5561    31.7316    31.7299    25.1821    25.1811    7.41351 0.0000e+00
      29173     12.428     4.0514     4.0471   2.984206   2.983700     2.2043     2.6301      8.158     4.1613     8.0832 1.0715e-01     0.1404    96.5515     7.3951     7.5555    31.7316    31.7300    25.1821    25.1812    7.41349 0.0000e+00
      29176     12.382     4.0514     4.0472   2.984175   2.983702     2.2051     2.6301      8.156     4.1511     8.0832 1.0715e-01     0.1400    96.5602     7.3968     7.5550    31.7314    31.7299    25.1819    25.1811    7.41352 0.0000e+00
      29179     12.337     4.0514     4.0472   2.984171   2.983694     2.2043     2.6305      8.155     4.1511     8.0832 1.0715e-01     0.1400    96.5602     7.3919     7.5556    31.7314    31.7298    25.1819    25.1810    7.41352 0.0000e+00
      29182     12.294     4.0513     4.0472   2.984186   2.983676     2.2047     2.6301      8.159     4.1613     8.0832 1.0715e-01     0.1404    96.5515     7.3948     7.5538    31.7316    31.7296    25.1820    25.1809    7.41351 0.0000e+00
      29185     12.253     4.0516     4.0473   2.984199   2.983659     2.2047     2.6313      8.156     4.1613   339.7466 1.0715e-01     0.1389    96.5862     7.3937     7.5596    31.7315    31.7294    25.1820    25.1807    7.41347 0.0000e+00
      29188     12.211     4.0516     4.0470   2.984202   2.983684     2.2055     2.6313      8.158     4.0697   481.9896 1.0715e-01     0.1389    96.5862     7.3970     7.5614    31.7316    31.7299    25.1820    25.1811    7.41347 0.0000e+00
      29191     12.171     4.0518     4.0470   2.984199   2.983665     2.2059     2.6309      8.155     3.8256   480.9237 1.0715e-01     0.1386    96.5949     7.4020     7.5605    31.7313    31.7297    25.1818    25.1810    7.41344 0.0000e+00
      29194     12.132     4.0518     4.0471   2.984205   2.983675     2.2043     2.6309      8.158     3.8357   481.3579 1.0715e-01     0.1389    96.5862     7.3970     7.5614    31.7314    31.7298    25.1819    25.1810    7.41343 0.0000e+00
      29197     12.091     4.0521     4.0470   2.984211   2.983673     2.2051     2.6305      8.156     3.8459   481.2790 1.0715e-01     0.1389    96.5862     7.4014     7.5592    31.7312    31.7299    25.1817    25.1811    7.41339 0.0000e+00
      29200     12.052     4.0521     4.0470   2.984251   2.983686     2.2043     2.6305      8.156     3.8459   481.3579 1.0715e-01     0.1389    96.5862     7.3974     7.5563    31.7318    31.7300    25.1821    25.1812    7.41337 0.0000e+00
      29203     12.012     4.0523     4.0471   2.984224   2.983690     2.2051     2.6305      8.159     3.8357   481.3579 1.0715e-01     0.1389    96.5862     7.4007     7.5548    31.7312    31.7300    25.1817    25.1812    7.41336 0.0000e+00
      29206     11.974     4.0524     4.0471   2.984232   2.983647     2.2055     2.6305      8.158     3.8561   481.2790 1.0715e-01     0.1389    96.5862     7.4011     7.5532    31.7313    31.7295    25.1817    25.1808    7.41333 0.0000e+00
      29209     11.933     4.0527     4.0471   2.984263   2.983661     2.2047     2.6305      8.158     3.8662   459.0917 1.0715e-01     0.1396    96.5689     7.3971     7.5522    31.7313    31.7297    25.1817    25.1810    7.41327 0.0000e+00
      29212     11.893     4.0523     4.0470   2.984207   2.983680     2.2051     2.6313      8.156     3.8561    39.1927 1.0715e-01     0.1396    96.5689     7.3985     7.5560    31.7311    31.7300    25.1816    25.1812    7.41337 0.0000e+00
      29215     11.855     4.0519     4.0471   2.984213   2.983667     2.2059     2.6313      8.158     3.8866     9.5439 1.0715e-01     0.1396    96.5689     7.4036     7.5570    31.7315    31.7298    25.1820    25.1811    7.41341 0.0000e+00
      29218     11.815     4.0522     4.0472   2.984239   2.983655     2.2055     2.6309      8.158     3.9171    11.1626 1.0715e-01     0.1389    96.5862     7.4047     7.5559    31.7316    31.7296    25.1820    25.1809    7.41336 0.0000e+00
      29221     11.775     4.0524     4.0473   2.984245   2.983671     2.2055     2.6305      8.158     3.8967    11.1231 1.0715e-01     0.1396    96.5689     7.4048     7.5546    31.7315    31.7297    25.1819    25.1810    7.41332 0.0000e+00
      29224     11.734     4.0528     4.0472   2.984263   2.983671     2.2055     2.6301      8.159     3.9171    11.0836 1.0715e-01     0.1407    96.5428     7.4057     7.5548    31.7314    31.7298    25.1818    25.1810    7.41326 0.0000e+00
      29227     11.694     4.0527     4.0471   2.984246   2.983678     2.2051     2.6305      8.156     3.8967    11.1231 1.0715e-01     0.1411    96.5341     7.4018     7.5562    31.7313    31.7300    25.1817    25.1812    7.41328 0.0000e+00
      29230     11.653     4.0527     4.0472   2.984252   2.983671     2.2055     2.6305      8.156     3.9171    11.0836 1.0715e-01     0.1411    96.5341     7.4021     7.5559    31.7313    31.7298    25.1817    25.1811    7.41327 0.0000e+00
      29233     11.613     4.0527     4.0472   2.984263   2.983689     2.2055     2.6305      8.158     3.9069    11.0441 1.0715e-01     0.1411    96.5341     7.4024     7.5549    31.7315    31.7301    25.1819    25.1813    7.41327 0.0000e+00
      29236     11.570     4.0525     4.0474   2.984245   2.983688     2.2051     2.6305      8.158     3.9069    10.0177 1.0715e-01     0.1411    96.5341     7.3992     7.5530    31.7315    31.7300    25.1818    25.1811    7.41330 0.0000e+00
      29239     11.529     4.0528     4.0475   2.984247   2.983695     2.2059     2.6305      8.158     3.9171     6.5830 1.0715e-01     0.1411    96.5341     7.4007     7.5533    31.7313    31.7299    25.1817    25.1811    7.41327 0.0000e+00
      29242     11.484     4.0529     4.0477   2.984255   2.983718     2.2063     2.6305      8.159     3.8561     6.6620 1.0715e-01     0.1411    96.5341     7.4003     7.5565    31.7313    31.7300    25.1817    25.1812    7.41325 0.0000e+00
