Datasets/AZMP/HUD120/hud120_2020_063.cnv
* Sea-Bird SBE 9 Data File:
* FileName = C:\CTDDATA\hud120_2020_063.hex
* Software Version Seasave V 7.26.7.110
* Temperature SN = 1697
* Conductivity SN = 4216
* Number of Bytes Per Scan = 30
* Number of Voltage Words = 4
* Number of Scans Averaged by the Deck Unit = 1
* NMEA baud rate = 4800
** VESSEL/TRIP/SEQ STN:  hud120_2020_063
** LATITUDE XX XX.XX: 47 00.00 N
** LONGITUDE XX XX.XX: 046 40.20 W
** SOUNDING DEPTH (M): 0887
** PROBE TYPE: S1146
** CTD NUMBER: 042
** FORMAT: V
** COMMENTS (14 CHAR): FC-19
** BOTTLES:  0
** LEVELS:
** STICKERS:
** VNET: N
** DO2: N
# nquan = 22
# nvalues = 14269                       
# units = specified
# name 0 = scan: Scan Count
# name 1 = prDM: Pressure, Digiquartz [db]
# name 2 = t090C: Temperature [ITS-90, deg C]
# name 3 = t190C: Temperature, 2 [ITS-90, deg C]
# name 4 = c0S/m: Conductivity [S/m]
# name 5 = c1S/m: Conductivity, 2 [S/m]
# name 6 = sbeox0V: Oxygen raw, SBE 43 [V]
# name 7 = sbeox1V: Oxygen raw, SBE 43, 2 [V]
# name 8 = ph: pH
# name 9 = flECO-AFL: Fluorescence, WET Labs ECO-AFL/FL [mg/m^3]
# name 10 = wetCDOM: Fluorescence, WET Labs CDOM [mg/m^3]
# name 11 = par/sat/log: PAR/Logarithmic, Satlantic [umol photons/m^2/sec]
# name 12 = CStarAt0: Beam Attenuation, WET Labs C-Star [1/m]
# name 13 = CStarTr0: Beam Transmission, WET Labs C-Star [%]
# name 14 = sbeox0ML/L: Oxygen, SBE 43 [ml/l], WS = 2
# name 15 = sbeox1ML/L: Oxygen, SBE 43, 2 [ml/l], WS = 2
# name 16 = sal00: Salinity, Practical [PSU]
# name 17 = sal11: Salinity, Practical, 2 [PSU]
# name 18 = sigma-t00: Density [sigma-t, kg/m^3 ]
# name 19 = sigma-t11: Density, 2 [sigma-t, kg/m^3 ]
# name 20 = oxsatML/L: Oxygen Saturation, Weiss [ml/l]
# name 21 = flag: flag
# span 0 =          4,      52427       
# span 1 =      2.644,    918.690       
# span 2 =     3.4199,     7.1704       
# span 3 =     3.4154,     7.1666       
# span 4 =   3.223396,   3.380273       
# span 5 =   3.228235,   3.379814       
# span 6 =     1.8192,     2.2202       
# span 7 =     2.1550,     2.6576       
# span 8 =      7.979,      8.156       
# span 9 =     0.8544,     7.3766       
# span 10 =    -2.8130,   482.1870      
# span 11 = 1.0543e-01, 2.2684e-01      
# span 12 =     0.0672,     0.2819      
# span 13 =    93.1962,    98.3334      
# span 14 =     5.6296,     6.8790      
# span 15 =     5.7599,     7.0837      
# span 16 =    33.1767,    34.9433      
# span 17 =    33.1747,    34.9381      
# span 18 =    25.9629,    27.7421      
# span 19 =    25.9621,    27.7418      
# span 20 =    6.81418,    7.37509      
# span 21 = 0.0000e+00, 0.0000e+00      
# interval = scans: 3                   
# start_time = Nov 24 2020 00:32:21 [System UTC, header]
# bad_flag = -9.990e-29
*END*
[from data line 2503]
       9451    322.557     4.2966     4.2873   3.289680   3.288786     1.8341     2.1757      7.996     0.9358    15.4263 1.0727e-01     0.0796    98.0292     5.9061     6.0468    34.9163    34.9155    27.6880    27.6885    7.21509 0.0000e+00
       9454    322.637     4.2988     4.2909   3.289767   3.289165     1.8345     2.1753      7.996     0.9358    15.4263 1.0715e-01     0.0800    98.0205     5.9088     6.0457    34.9149    34.9162    27.6867    27.6886    7.21475 0.0000e+00
       9457    322.720     4.2976     4.2959   3.289799   3.289381     1.8362     2.1761      7.996     0.9358    14.9526 1.0715e-01     0.0796    98.0292     5.9170     6.0495    34.9165    34.9134    27.6881    27.6858    7.21489 0.0000e+00
       9460    322.808     4.2984     4.2849   3.289770   3.288228     1.8362     2.1761      7.996     0.9155     1.8455 1.0715e-01     0.0789    98.0465     5.9154     6.0525    34.9152    34.9114    27.6870    27.6854    7.21481 0.0000e+00
       9463    322.902     4.2981     4.2801   3.289684   3.287900     1.8358     2.1761      7.996     0.9155     0.6611 1.0715e-01     0.0789    98.0465     5.9140     6.0543    34.9146    34.9125    27.6865    27.6868    7.21490 0.0000e+00
       9466    322.999     4.2956     4.2839   3.289477   3.288358     1.8362     2.1765      7.993     0.9155     0.7401 1.0715e-01     0.0789    98.0465     5.9155     6.0567    34.9147    34.9139    27.6868    27.6875    7.21533 0.0000e+00
       9469    323.101     4.2892     4.2834   3.288599   3.288189     1.8366     2.1761      7.991     0.9155     0.7401 1.0715e-01     0.0789    98.0465     5.9179     6.0566    34.9110    34.9123    27.6846    27.6863    7.21663 0.0000e+00
       9472    323.210     4.2837     4.2830   3.288155   3.288096     1.8366     2.1773      7.991     0.9155     0.7006 1.0715e-01     0.0789    98.0465     5.9190     6.0632    34.9116    34.9116    27.6857    27.6858    7.21758 0.0000e+00
       9475    323.326     4.2824     4.2788   3.288078   3.287648     1.8366     2.1769      7.996     0.8952     0.7401 1.0715e-01     0.0835    97.9335     5.9203     6.0629    34.9119    34.9107    27.6861    27.6856    7.21778 0.0000e+00
       9478    323.447     4.2818     4.2783   3.288117   3.287674     1.8370     2.1777      7.991     0.9053     0.7401 1.0715e-01     0.1912    95.3345     5.9192     6.0669    34.9130    34.9115    27.6870    27.6862    7.21784 0.0000e+00
       9481    323.576     4.2819     4.2751   3.287967   3.287207     1.8370     2.1785      7.991     0.8952     0.7401 1.0715e-01     0.2003    95.1172     5.9204     6.0702    34.9111    34.9092    27.6855    27.6848    7.21792 0.0000e+00
       9484    323.710     4.2769     4.2693   3.287365   3.286666     1.8370     2.1785      7.991     0.9155   100.5431 1.0715e-01     0.1999    95.1259     5.9245     6.0739    34.9092    34.9089    27.6845    27.6852    7.21889 0.0000e+00
       9487    323.849     4.2701     4.2635   3.286737   3.286138     1.8378     2.1781      7.994     0.9053   480.1736 1.0715e-01     0.1999    95.1259     5.9312     6.0738    34.9089    34.9088    27.6850    27.6857    7.22010 0.0000e+00
       9490    323.997     4.2661     4.2602   3.286492   3.285922     1.8378     2.1789      7.994     0.9155   481.2001 1.0715e-01     0.1999    95.1259     5.9332     6.0778    34.9101    34.9097    27.6864    27.6867    7.22075 0.0000e+00
       9493    324.149     4.2656     4.2596   3.286588   3.285945     1.8382     2.1798      7.996     0.9053   481.2790 1.0715e-01     0.1999    95.1259     5.9347     6.0811    34.9118    34.9105    27.6878    27.6874    7.22077 0.0000e+00
       9496    324.313     4.2663     4.2599   3.286700   3.286000     1.8386     2.1798      7.994     0.8850   481.3184 1.0715e-01     0.1742    95.7431     5.9375     6.0786    34.9122    34.9108    27.6881    27.6876    7.22062 0.0000e+00
       9499    324.478     4.2660     4.2602   3.286646   3.286037     1.8394     2.1798      7.994     0.9155   481.3579 1.0715e-01     0.0771    98.0900     5.9413     6.0785    34.9118    34.9107    27.6878    27.6876    7.22070 0.0000e+00
       9502    324.650     4.2645     4.2605   3.286459   3.286085     1.8386     2.1798      7.994     0.9155   481.3184 1.0715e-01     0.0789    98.0465     5.9377     6.0788    34.9111    34.9109    27.6874    27.6877    7.22099 0.0000e+00
       9505    324.826     4.2615     4.2579   3.286180   3.285735     1.8399     2.1806      7.993     0.9053   481.3579 1.0715e-01     0.0789    98.0465     5.9439     6.0844    34.9109    34.9094    27.6875    27.6868    7.22152 0.0000e+00
       9508    325.005     4.2592     4.2540   3.285980   3.285506     1.8403     2.1814      7.994     0.9053   481.3579 1.0740e-01     0.0789    98.0465     5.9439     6.0896    34.9109    34.9108    27.6878    27.6883    7.22194 0.0000e+00
       9511    325.186     4.2578     4.2542   3.285880   3.285497     1.8399     2.1810      7.993     0.8952   252.6164 1.0715e-01     0.0789    98.0465     5.9403     6.0869    34.9111    34.9104    27.6881    27.6880    7.22218 0.0000e+00
       9514    325.369     4.2577     4.2522   3.285909   3.285295     1.8407     2.1818      7.993     0.8850    -0.7206 1.0715e-01     0.0789    98.0465     5.9432     6.0900    34.9115    34.9100    27.6884    27.6878    7.22218 0.0000e+00
       9517    325.548     4.2573     4.2517   3.285879   3.285311     1.8399     2.1818      7.994     0.8952     6.6225 1.0715e-01     0.0785    98.0552     5.9388     6.0909    34.9114    34.9106    27.6884    27.6884    7.22224 0.0000e+00
       9520    325.725     4.2586     4.2519   3.286036   3.285286     1.8411     2.1814      7.993     0.9155     6.3067 1.0715e-01     0.0785    98.0552     5.9472     6.0910    34.9118    34.9101    27.6885    27.6879    7.22200 0.0000e+00
       9523    325.900     4.2584     4.2515   3.285974   3.285298     1.8407     2.1826      7.993     0.9053     6.3067 1.0715e-01     0.0778    98.0726     5.9459     6.0972    34.9112    34.9105    27.6881    27.6883    7.22207 0.0000e+00
       9526    326.071     4.2558     4.2523   3.285655   3.285354     1.8411     2.1834      7.991     0.9155     6.3067 1.0715e-01     0.0778    98.0726     5.9479     6.1015    34.9100    34.9102    27.6875    27.6880    7.22257 0.0000e+00
       9529    326.237     4.2522     4.2509   3.285352   3.285201     1.8415     2.1842      7.993     0.8850     6.3067 1.0715e-01     0.0782    98.0639     5.9506     6.1046    34.9103    34.9098    27.6880    27.6879    7.22321 0.0000e+00
       9532    326.399     4.2513     4.2490   3.285315   3.284985     1.8411     2.1834      7.993     0.8952     6.3067 1.0715e-01     0.0782    98.0639     5.9496     6.1047    34.9107    34.9091    27.6885    27.6875    7.22335 0.0000e+00
       9535    326.555     4.2510     4.2468   3.285319   3.284831     1.8419     2.1834      7.993     0.8952     6.3067 1.0715e-01     0.0782    98.0639     5.9533     6.1074    34.9109    34.9096    27.6887    27.6881    7.22338 0.0000e+00
       9538    326.698     4.2506     4.2456   3.285279   3.284768     1.8419     2.1847      7.991     0.9155    10.3730 1.0715e-01     0.0775    98.0813     5.9521     6.1130    34.9109    34.9101    27.6887    27.6886    7.22346 0.0000e+00
       9541    326.841     4.2500     4.2451   3.285216   3.284731     1.8431     2.1847      7.993     0.9053    11.6758 1.0727e-01     0.0768    98.0987     5.9572     6.1144    34.9106    34.9101    27.6886    27.6886    7.22357 0.0000e+00
       9544    326.973     4.2495     4.2445   3.285211   3.284680     1.8435     2.1855      7.991     0.9155    11.5574 1.0715e-01     0.0775    98.0813     5.9577     6.1152    34.9111    34.9101    27.6890    27.6887    7.22365 0.0000e+00
       9547    327.094     4.2483     4.2441   3.285061   3.284629     1.8427     2.1859      7.994     0.9053    11.5574 1.0715e-01     0.0775    98.0813     5.9556     6.1136    34.9105    34.9098    27.6886    27.6886    7.22388 0.0000e+00
       9550    327.207     4.2461     4.2425   3.284838   3.284456     1.8435     2.1867      7.991     0.9053    11.5968 1.0715e-01     0.0771    98.0900     5.9586     6.1163    34.9101    34.9094    27.6886    27.6884    7.22429 0.0000e+00
       9553    327.312     4.2451     4.2407   3.284802   3.284308     1.8439     2.1867      7.994     0.8952    11.5968 1.0715e-01     0.0768    98.0987     5.9612     6.1147    34.9107    34.9095    27.6891    27.6886    7.22444 0.0000e+00
       9556    327.409     4.2449     4.2404   3.284767   3.284294     1.8435     2.1879      7.994     0.9053    11.5574 1.0715e-01     0.0771    98.0900     5.9592     6.1183    34.9104    34.9096    27.6890    27.6888    7.22448 0.0000e+00
       9559    327.494     4.2445     4.2401   3.284774   3.284289     1.8435     2.1879      7.993     0.9053    11.5574 1.0715e-01     0.0768    98.0987     5.9584     6.1158    34.9109    34.9098    27.6894    27.6890    7.22453 0.0000e+00
       9562    327.572     4.2447     4.2402   3.284767   3.284289     1.8439     2.1883      7.996     0.9155    48.1939 1.0715e-01     0.0768    98.0987     5.9578     6.1138    34.9106    34.9097    27.6891    27.6889    7.22452 0.0000e+00
       9565    327.642     4.2450     4.2403   3.284794   3.284295     1.8439     2.1883      7.994     0.8952   455.2623 1.0715e-01     0.0768    98.0987     5.9561     6.1097    34.9106    34.9096    27.6891    27.6888    7.22447 0.0000e+00
       9568    327.704     4.2449     4.2400   3.284792   3.284287     1.8448     2.1879      7.993     0.9053   481.5159 1.0727e-01     0.0768    98.0987     5.9627     6.1049    34.9106    34.9098    27.6891    27.6890    7.22448 0.0000e+00
       9571    327.758     4.2448     4.2403   3.284796   3.284328     1.8448     2.1887      7.994     0.9053   481.2000 1.0715e-01     0.0768    98.0987     5.9631     6.1055    34.9107    34.9099    27.6892    27.6890    7.22449 0.0000e+00
       9574    327.804     4.2448     4.2403   3.284817   3.284321     1.8452     2.1887      7.993     0.9053   481.3579 1.0715e-01     0.0768    98.0987     5.9634     6.1045    34.9109    34.9098    27.6894    27.6890    7.22448 0.0000e+00
       9577    327.844     4.2448     4.2404   3.284860   3.284351     1.8456     2.1887      7.993     0.9053   481.3579 1.0715e-01     0.0768    98.0987     5.9655     6.1021    34.9114    34.9101    27.6897    27.6891    7.22446 0.0000e+00
       9580    327.877     4.2460     4.2406   3.285028   3.284362     1.8460     2.1891      7.996     0.8952   481.3579 1.0715e-01     0.0757    98.1248     5.9664     6.1021    34.9121    34.9100    27.6901    27.6891    7.22420 0.0000e+00
       9583    327.907     4.2502     4.2449   3.285260   3.284701     1.8456     2.1896      7.994     0.8850   481.3579 1.0715e-01     0.0757    98.1248     5.9642     6.1024    34.9104    34.9094    27.6884    27.6881    7.22355 0.0000e+00
       9586    327.933     4.2507     4.2511   3.285506   3.285661     1.8456     2.1892      7.994     0.9155   481.3579 1.0727e-01     0.0761    98.1161     5.9611     6.1003    34.9127    34.9142    27.6902    27.6913    7.22334 0.0000e+00
       9589    327.958     4.2618     4.2592   3.286810   3.286465     1.8460     2.1892      7.996     0.9155   346.5370 1.0715e-01     0.0757    98.1248     5.9581     6.0995    34.9164    34.9150    27.6918    27.6911    7.22122 0.0000e+00
       9599    328.021     4.2659     4.2702   3.286879   3.287261     1.8468     2.1900      7.994     0.9358    11.4784 1.0715e-01     0.0754    98.1335     5.9538     6.0972    34.9128    34.9128    27.6886    27.6881    7.22067 0.0000e+00
       9617    328.127     4.2525     4.2729   3.285581   3.287320     1.8468     2.1900      7.993     0.9053   425.4556 1.0715e-01     0.0747    98.1508     5.9461     6.0902    34.9116    34.9105    27.6891    27.6860    7.22309 0.0000e+00
       9620    328.152     4.2529     4.2698   3.285573   3.287042     1.8468     2.1900      7.994     0.9053   481.3185 1.0715e-01     0.0747    98.1508     5.9460     6.0888    34.9111    34.9106    27.6887    27.6864    7.22304 0.0000e+00
       9623    328.179     4.2504     4.2629   3.285238   3.286404     1.8472     2.1908      7.996     0.9053   481.1605 1.0715e-01     0.0747    98.1508     5.9492     6.0930    34.9097    34.9103    27.6878    27.6869    7.22354 0.0000e+00
       9626    328.211     4.2468     4.2546   3.284996   3.285796     1.8472     2.1896      7.993     0.8952   481.3579 1.0715e-01     0.0747    98.1508     5.9506     6.0897    34.9107    34.9119    27.6890    27.6890    7.22414 0.0000e+00
       9629    328.246     4.2460     4.2531   3.284916   3.285589     1.8468     2.1900      7.994     0.9155   481.3184 1.0715e-01     0.0747    98.1508     5.9496     6.0920    34.9106    34.9110    27.6890    27.6885    7.22429 0.0000e+00
       9632    328.285     4.2454     4.2510   3.284881   3.285326     1.8468     2.1900      7.993     0.9053   481.3579 1.0715e-01     0.0747    98.1508     5.9515     6.0908    34.9107    34.9101    27.6892    27.6880    7.22438 0.0000e+00
       9635    328.331     4.2450     4.2465   3.284860   3.285004     1.8468     2.1916      7.996     0.9155   481.3579 1.0727e-01     0.0747    98.1508     5.9521     6.0969    34.9110    34.9110    27.6894    27.6893    7.22445 0.0000e+00
       9638    328.379     4.2449     4.2433   3.284870   3.284607     1.8468     2.1908      7.993     0.8952   481.3579 1.0727e-01     0.0747    98.1508     5.9494     6.0961    34.9111    34.9098    27.6895    27.6886    7.22445 0.0000e+00
       9641    328.433     4.2450     4.2411   3.284867   3.284467     1.8468     2.1908      7.996     0.9155   481.3579 1.0715e-01     0.0736    98.1769     5.9498     6.0963    34.9109    34.9104    27.6893    27.6893    7.22444 0.0000e+00
       9644    328.494     4.2448     4.2406   3.284854   3.284426     1.8472     2.1896      7.994     0.8952   481.3579 1.0715e-01     0.0736    98.1769     5.9491     6.0917    34.9110    34.9104    27.6894    27.6894    7.22448 0.0000e+00
       9647    328.555     4.2448     4.2406   3.284866   3.284407     1.8480     2.1908      7.996     0.9155   481.3579 1.0715e-01     0.0736    98.1769     5.9526     6.0979    34.9111    34.9101    27.6895    27.6892    7.22447 0.0000e+00
       9650    328.623     4.2451     4.2408   3.284884   3.284434     1.8476     2.1908      7.996     0.9053   481.3579 1.0715e-01     0.0736    98.1769     5.9516     6.0981    34.9109    34.9102    27.6893    27.6893    7.22442 0.0000e+00
       9653    328.699     4.2453     4.2406   3.284916   3.284404     1.8476     2.1908      7.993     0.8952   481.3579 1.0715e-01     0.0736    98.1769     5.9501     6.0961    34.9111    34.9100    27.6894    27.6892    7.22439 0.0000e+00
       9656    328.779     4.2453     4.2400   3.284897   3.284369     1.8476     2.1900      7.996     0.8850   481.3579 1.0715e-01     0.0736    98.1769     5.9501     6.0904    34.9108    34.9102    27.6892    27.6893    7.22439 0.0000e+00
       9659    328.865     4.2447     4.2398   3.284876   3.284373     1.8472     2.1904      7.996     0.9053   481.3579 1.0715e-01     0.0747    98.1508     5.9482     6.0933    34.9112    34.9104    27.6896    27.6895    7.22449 0.0000e+00
       9662    328.957     4.2443     4.2397   3.284839   3.284377     1.8464     2.1908      7.994     0.9155   481.3579 1.0715e-01     0.0743    98.1595     5.9427     6.0975    34.9110    34.9105    27.6895    27.6896    7.22456 0.0000e+00
