Datasets/AZMP/HUD120/hud120_2020_021.cnv
* Sea-Bird SBE 9 Data File:
* FileName = C:\CTDDATA\hud120_2020_021.hex
* Software Version Seasave V 7.26.7.110
* Temperature SN = 1697
* Conductivity SN = 4216
* Number of Bytes Per Scan = 30
* Number of Voltage Words = 4
* Number of Scans Averaged by the Deck Unit = 1
* NMEA baud rate = 4800
** VESSEL/TRIP/SEQ STN:  hud120_2020_021
** LATITUDE XX XX.XX: 45 27.50 N
** LONGITUDE XX XX.XX: 052 00.00 W
** SOUNDING DEPTH (M): 0080
** PROBE TYPE: S1146
** CTD NUMBER: 011
** FORMAT: V
** COMMENTS (14 CHAR): SEGB-07
** BOTTLES:  7
** LEVELS: 5,10,20,30,40,50,BTM
** STICKERS: 439581 - 439587
** VNET: Y
** DO2: N
# nquan = 22
# nvalues = 1634                        
# units = specified
# name 0 = scan: Scan Count
# name 1 = prDM: Pressure, Digiquartz [db]
# name 2 = t090C: Temperature [ITS-90, deg C]
# name 3 = t190C: Temperature, 2 [ITS-90, deg C]
# name 4 = c0S/m: Conductivity [S/m]
# name 5 = c1S/m: Conductivity, 2 [S/m]
# name 6 = sbeox0V: Oxygen raw, SBE 43 [V]
# name 7 = sbeox1V: Oxygen raw, SBE 43, 2 [V]
# name 8 = ph: pH
# name 9 = flECO-AFL: Fluorescence, WET Labs ECO-AFL/FL [mg/m^3]
# name 10 = wetCDOM: Fluorescence, WET Labs CDOM [mg/m^3]
# name 11 = par/sat/log: PAR/Logarithmic, Satlantic [umol photons/m^2/sec]
# name 12 = CStarAt0: Beam Attenuation, WET Labs C-Star [1/m]
# name 13 = CStarTr0: Beam Transmission, WET Labs C-Star [%]
# name 14 = sbeox0ML/L: Oxygen, SBE 43 [ml/l], WS = 2
# name 15 = sbeox1ML/L: Oxygen, SBE 43, 2 [ml/l], WS = 2
# name 16 = sal00: Salinity, Practical [PSU]
# name 17 = sal11: Salinity, Practical, 2 [PSU]
# name 18 = sigma-t00: Density [sigma-t, kg/m^3 ]
# name 19 = sigma-t11: Density, 2 [sigma-t, kg/m^3 ]
# name 20 = oxsatML/L: Oxygen Saturation, Weiss [ml/l]
# name 21 = flag: flag
# span 0 =         49,      22007       
# span 1 =      2.668,     78.676       
# span 2 =     3.3198,    11.4492       
# span 3 =     3.3146,    11.4446       
# span 4 =   3.008964,   3.670264       
# span 5 =   3.008767,   3.669844       
# span 6 =     1.7484,     2.1923       
# span 7 =     2.0500,     2.5977       
# span 8 =      7.803,      8.125       
# span 9 =     1.4039,     4.6090       
# span 10 =    -2.8130,   482.1870      
# span 11 = 1.0629e-01, 8.0632e-01      
# span 12 =     0.1152,     0.3701      
# span 13 =    91.1622,    97.1599      
# span 14 =     5.4007,     6.2500      
# span 15 =     5.0381,     6.3859      
# span 16 =    32.2404,    32.9360      
# span 17 =    32.2563,    32.8396      
# span 18 =    24.5589,    26.0435      
# span 19 =    24.5613,    26.0489      
# span 20 =    6.22883,    7.50017      
# span 21 = 0.0000e+00, 0.0000e+00      
# interval = scans: 3                   
# start_time = Nov 18 2020 03:05:08 [System UTC, header]
# bad_flag = -9.990e-29
*END*
[from data line 1449]
      16702     15.758    11.4483    11.4427   3.669492   3.668891     2.1915     2.5936      8.124     3.7848     0.3453 1.0715e-01     0.1523    96.2646     6.0898     6.1879    32.2639    32.2628    24.5658    24.5660    6.22896 0.0000e+00
      16705     15.649    11.4482    11.4430   3.669465   3.668927     2.1910     2.5940      8.123     3.7950     0.3848 1.0715e-01     0.1523    96.2646     6.0903     6.1892    32.2638    32.2631    24.5657    24.5661    6.22898 0.0000e+00
      16708     15.535    11.4479    11.4429   3.669415   3.668909     2.1902     2.5948      8.124     3.8052     0.3848 1.0715e-01     0.1523    96.2646     6.0892     6.1917    32.2635    32.2630    24.5656    24.5660    6.22903 0.0000e+00
      16711     15.420    11.4480    11.4429   3.669413   3.668902     2.1902     2.5940      8.124     3.7848     0.3848 1.0715e-01     0.1537    96.2299     6.0897     6.1903    32.2636    32.2629    24.5656    24.5660    6.22902 0.0000e+00
      16714     15.306    11.4476    11.4431   3.669385   3.668905     2.1910     2.5936      8.123     3.7950   126.4809 1.0703e-01     0.1537    96.2299     6.0924     6.1875    32.2637    32.2629    24.5657    24.5659    6.22907 0.0000e+00
      16717     15.186    11.4474    11.4431   3.669421   3.668886     2.1915     2.5940      8.124     3.7848   482.1870 1.0715e-01     0.1541    96.2212     6.0933     6.1881    32.2643    32.2627    24.5662    24.5658    6.22907 0.0000e+00
      16720     15.067    11.4476    11.4430   3.669362   3.668886     2.1906     2.5936      8.124     3.8052   480.8052 1.0715e-01     0.1541    96.2212     6.0893     6.1870    32.2635    32.2629    24.5656    24.5659    6.22907 0.0000e+00
      16723     14.944    11.4474    11.4427   3.669337   3.668860     2.1906     2.5936      8.124     3.7848   481.3184 1.0715e-01     0.1541    96.2212     6.0897     6.1873    32.2635    32.2630    24.5656    24.5661    6.22910 0.0000e+00
      16726     14.824    11.4472    11.4428   3.669340   3.668892     2.1902     2.5936      8.123     3.6119   481.3579 1.0715e-01     0.1541    96.2212     6.0877     6.1885    32.2637    32.2632    24.5659    24.5663    6.22911 0.0000e+00
      16729     14.711    11.4474    11.4429   3.669368   3.668861     2.1915     2.5936      8.124     3.5610   481.3579 1.0715e-01     0.1534    96.2386     6.0919     6.1894    32.2639    32.2629    24.5660    24.5660    6.22908 0.0000e+00
      16732     14.602    11.4476    11.4428   3.669357   3.668863     2.1902     2.5936      8.121     3.5406   481.3579 1.0715e-01     0.1508    96.2994     6.0874     6.1907    32.2637    32.2630    24.5658    24.5661    6.22907 0.0000e+00
      16735     14.495    11.4475    11.4430   3.669347   3.668872     2.1906     2.5940      8.124     3.5406   481.3579 1.0715e-01     0.1508    96.2994     6.0891     6.1925    32.2637    32.2630    24.5658    24.5660    6.22908 0.0000e+00
      16738     14.393    11.4476    11.4430   3.669357   3.668852     2.1902     2.5924      8.124     3.5508   481.3579 1.0715e-01     0.1512    96.2907     6.0871     6.1881    32.2637    32.2628    24.5658    24.5659    6.22906 0.0000e+00
      16741     14.294    11.4477    11.4429   3.669360   3.668840     2.1894     2.5936      8.123     3.5406   230.3897 1.0715e-01     0.1508    96.2994     6.0843     6.1932    32.2638    32.2629    24.5658    24.5660    6.22905 0.0000e+00
      16744     14.197    11.4473    11.4427   3.669355   3.668826     2.1894     2.5936      8.124     3.5406     4.0958 1.0715e-01     0.1512    96.2907     6.0852     6.1933    32.2640    32.2629    24.5661    24.5661    6.22909 0.0000e+00
      16747     14.106    11.4473    11.4427   3.669348   3.668848     2.1902     2.5936      8.124     3.5406    12.5049 1.0715e-01     0.1515    96.2820     6.0889     6.1927    32.2641    32.2632    24.5661    24.5662    6.22910 0.0000e+00
      16750     14.016    11.4474    11.4426   3.669344   3.668821     2.1890     2.5948      8.124     3.5712    12.1101 1.0715e-01     0.1537    96.2299     6.0837     6.1961    32.2640    32.2630    24.5660    24.5661    6.22908 0.0000e+00
      16753     13.935    11.4474    11.4426   3.669346   3.668812     2.1894     2.5948      8.124     3.8052    12.1101 1.0715e-01     0.1556    96.1864     6.0844     6.1950    32.2640    32.2630    24.5660    24.5661    6.22908 0.0000e+00
      16756     13.862    11.4474    11.4427   3.669346   3.668822     2.1902     2.5940      8.124     3.8154    12.1101 1.0715e-01     0.1556    96.1864     6.0881     6.1909    32.2640    32.2630    24.5660    24.5661    6.22907 0.0000e+00
      16759     13.796    11.4473    11.4427   3.669342   3.668812     2.1906     2.5936      8.124     3.8256    12.1101 1.0715e-01     0.1563    96.1690     6.0906     6.1881    32.2641    32.2630    24.5661    24.5661    6.22909 0.0000e+00
      16762     13.736    11.4474    11.4427   3.669340   3.668821     2.1898     2.5944      8.124     3.8154    12.1101 1.0715e-01     0.1559    96.1777     6.0891     6.1878    32.2640    32.2631    24.5660    24.5661    6.22907 0.0000e+00
      16765     13.686    11.4476    11.4426   3.669334   3.668782     2.1890     2.5952      8.124     3.8256    12.0706 1.0715e-01     0.1559    96.1777     6.0857     6.1862    32.2638    32.2628    24.5659    24.5659    6.22906 0.0000e+00
      16768     13.644    11.4472    11.4424   3.669306   3.668786     2.1898     2.5936      8.124     3.8154   391.0694 1.0715e-01     0.1559    96.1777     6.0870     6.1799    32.2639    32.2630    24.5660    24.5661    6.22911 0.0000e+00
      16771     13.612    11.4471    11.4424   3.669308   3.668771     2.1898     2.5940      8.124     3.8154   481.9501 1.0715e-01     0.1556    96.1864     6.0861     6.1787    32.2640    32.2629    24.5661    24.5660    6.22911 0.0000e+00
      16881     13.580    11.4472    11.4421   3.669321   3.668736     2.1898     2.5956      8.124     4.0596    14.1630 1.0715e-01     0.1530    96.2472     6.0941     6.2024    32.2641    32.2628    24.5661    24.5661    6.22910 0.0000e+00
      16884     13.514    11.4471    11.4423   3.669298   3.668778     2.1886     2.5956      8.123     3.8561    14.1630 1.0715e-01     0.1530    96.2472     6.0908     6.2000    32.2640    32.2631    24.5661    24.5662    6.22913 0.0000e+00
      16887     13.441    11.4472    11.4424   3.669292   3.668778     2.1898     2.5960      8.124     3.8764    14.1630 1.0715e-01     0.1530    96.2472     6.0936     6.1991    32.2639    32.2630    24.5660    24.5662    6.22912 0.0000e+00
      16890     13.361    11.4471    11.4426   3.669287   3.668781     2.1898     2.5956      8.124     3.8561    14.2024 1.0715e-01     0.1530    96.2472     6.0903     6.1963    32.2639    32.2629    24.5660    24.5660    6.22912 0.0000e+00
      16893     13.278    11.4472    11.4425   3.669288   3.668761     2.1898     2.5960      8.124     3.8561    14.1630 1.0715e-01     0.1523    96.2646     6.0877     6.1954    32.2639    32.2628    24.5660    24.5660    6.22911 0.0000e+00
      16896     13.187    11.4473    11.4426   3.669282   3.668797     2.1902     2.5960      8.124     3.8662    14.1235 1.0715e-01     0.1530    96.2472     6.0871     6.1939    32.2638    32.2631    24.5659    24.5662    6.22910 0.0000e+00
      16899     13.089    11.4471    11.4427   3.669292   3.668773     2.1894     2.5960      8.124     3.8561   397.2281 1.0715e-01     0.1530    96.2472     6.0828     6.1932    32.2641    32.2629    24.5661    24.5660    6.22912 0.0000e+00
      16902     12.984    11.4472    11.4426   3.669259   3.668782     2.1898     2.5960      8.124     3.8459   481.9106 1.0715e-01     0.1530    96.2472     6.0839     6.1938    32.2637    32.2630    24.5658    24.5661    6.22911 0.0000e+00
      16905     12.874    11.4469    11.4426   3.669248   3.668781     2.1906     2.5960      8.123     3.8459   481.0816 1.0715e-01     0.1526    96.2559     6.0867     6.1939    32.2639    32.2631    24.5660    24.5662    6.22915 0.0000e+00
      16908     12.757    11.4469    11.4428   3.669246   3.668809     2.1898     2.5952      8.125     3.7747   481.3579 1.0715e-01     0.1530    96.2472     6.0826     6.1914    32.2640    32.2633    24.5661    24.5663    6.22915 0.0000e+00
      16911     12.637    11.4472    11.4429   3.669251   3.668796     2.1886     2.5960      8.124     3.6424   481.3579 1.0715e-01     0.1530    96.2472     6.0752     6.1937    32.2638    32.2630    24.5659    24.5661    6.22911 0.0000e+00
      16914     12.513    11.4473    11.4428   3.669245   3.668755     2.1886     2.5952      8.124     3.6424   481.3579 1.0715e-01     0.1519    96.2733     6.0743     6.1918    32.2636    32.2628    24.5658    24.5659    6.22910 0.0000e+00
      16917     12.381    11.4472    11.4428   3.669273   3.668762     2.1882     2.5952      8.124     3.6424   481.3579 1.0715e-01     0.1519    96.2733     6.0724     6.1920    32.2641    32.2630    24.5662    24.5661    6.22910 0.0000e+00
      16920     12.249    11.4476    11.4427   3.669239   3.668752     2.1882     2.5952      8.124     3.6322   481.3579 1.0715e-01     0.1519    96.2733     6.0732     6.1918    32.2635    32.2630    24.5656    24.5661    6.22907 0.0000e+00
      16923     12.118    11.4473    11.4425   3.669240   3.668689     2.1882     2.5952      8.124     3.6424   422.0209 1.0715e-01     0.1519    96.2733     6.0748     6.1912    32.2638    32.2626    24.5659    24.5659    6.22910 0.0000e+00
      16926     11.987    11.4474    11.4425   3.669237   3.668701     2.1886     2.5960      8.124     3.6322    17.6766 1.0715e-01     0.1519    96.2733     6.0757     6.1931    32.2638    32.2627    24.5658    24.5659    6.22909 0.0000e+00
      16929     11.856    11.4473    11.4428   3.669242   3.668734     2.1882     2.5956      8.124     3.6424    11.7942 1.0715e-01     0.1519    96.2733     6.0745     6.1920    32.2639    32.2629    24.5660    24.5660    6.22909 0.0000e+00
      16932     11.730    11.4475    11.4428   3.669230   3.668741     2.1878     2.5956      8.124     3.6525    12.2680 1.0715e-01     0.1537    96.2299     6.0750     6.1918    32.2637    32.2630    24.5657    24.5661    6.22907 0.0000e+00
      16935     11.604    11.4473    11.4428   3.669207   3.668732     2.1874     2.5956      8.124     3.5813    12.2285 1.0715e-01     0.1541    96.2212     6.0742     6.1902    32.2637    32.2630    24.5658    24.5661    6.22910 0.0000e+00
      16938     11.477    11.4476    11.4430   3.669202   3.668748     2.1874     2.5960      8.124     3.5508    12.2285 1.0715e-01     0.1541    96.2212     6.0740     6.1914    32.2634    32.2630    24.5655    24.5660    6.22907 0.0000e+00
      16941     11.349    11.4474    11.4430   3.669183   3.668719     2.1878     2.5960      8.123     3.5508    12.2285 1.0715e-01     0.1541    96.2212     6.0762     6.1908    32.2635    32.2628    24.5657    24.5659    6.22911 0.0000e+00
      16944     11.225    11.4475    11.4428   3.669177   3.668701     2.1882     2.5948      8.124     3.5406    12.2285 1.0715e-01     0.1541    96.2212     6.0779     6.1868    32.2634    32.2629    24.5655    24.5660    6.22909 0.0000e+00
      16947     11.106    11.4472    11.4428   3.669176   3.668696     2.1882     2.5948      8.124     3.5406    12.2285 1.0715e-01     0.1541    96.2212     6.0785     6.1858    32.2636    32.2629    24.5658    24.5659    6.22911 0.0000e+00
      16950     10.990    11.4474    11.4427   3.669160   3.668691     2.1866     2.5948      8.124     3.5406   181.7910 1.0715e-01     0.1541    96.2212     6.0721     6.1848    32.2634    32.2630    24.5655    24.5661    6.22910 0.0000e+00
      16953     10.879    11.4472    11.4428   3.669127   3.668705     2.1866     2.5952      8.124     3.5508   482.1870 1.0715e-01     0.1563    96.1690     6.0716     6.1861    32.2633    32.2630    24.5655    24.5661    6.22913 0.0000e+00
      16956     10.774    11.4472    11.4427   3.669167   3.668691     2.1874     2.5944      8.124     3.5406   481.2000 1.0715e-01     0.1563    96.1690     6.0758     6.1834    32.2638    32.2630    24.5659    24.5661    6.22912 0.0000e+00
      16959     10.675    11.4470    11.4427   3.669140   3.668655     2.1866     2.5944      8.123     3.5508   481.3184 1.0715e-01     0.1563    96.1690     6.0736     6.1840    32.2637    32.2627    24.5658    24.5659    6.22914 0.0000e+00
      16962     10.581    11.4469    11.4426   3.669133   3.668655     2.1874     2.5948      8.125     3.6424   481.3579 1.0715e-01     0.1559    96.1777     6.0759     6.1865    32.2638    32.2628    24.5660    24.5659    6.22916 0.0000e+00
      16965     10.488    11.4469    11.4426   3.669135   3.668671     2.1874     2.5948      8.123     3.6525   481.3579 1.0715e-01     0.1563    96.1690     6.0770     6.1881    32.2638    32.2630    24.5660    24.5661    6.22916 0.0000e+00
      16968     10.403    11.4467    11.4426   3.669118   3.668675     2.1870     2.5948      8.123     3.6627   481.3579 1.0715e-01     0.1563    96.1690     6.0772     6.1894    32.2639    32.2631    24.5661    24.5662    6.22918 0.0000e+00
      16971     10.326    11.4470    11.4426   3.669136   3.668643     2.1874     2.5944      8.123     3.6729   481.3579 1.0715e-01     0.1563    96.1690     6.0806     6.1884    32.2638    32.2629    24.5660    24.5660    6.22914 0.0000e+00
      16974     10.256    11.4471    11.4426   3.669116   3.668652     2.1857     2.5940      8.124     3.6627   481.3579 1.0715e-01     0.1563    96.1690     6.0744     6.1873    32.2636    32.2629    24.5658    24.5660    6.22914 0.0000e+00
      16977     10.192    11.4470    11.4425   3.669117   3.668661     2.1861     2.5944      8.125     3.6525   481.3579 1.0715e-01     0.1563    96.1690     6.0733     6.1893    32.2637    32.2631    24.5659    24.5662    6.22915 0.0000e+00
      16980     10.138    11.4473    11.4426   3.669157   3.668670     2.1878     2.5936      8.123     3.6627   481.3579 1.0715e-01     0.1563    96.1690     6.0773     6.1883    32.2638    32.2632    24.5659    24.5662    6.22910 0.0000e+00
      16983     10.090    11.4473    11.4426   3.669132   3.668648     2.1870     2.5952      8.124     3.6627   481.3579 1.0715e-01     0.1563    96.1690     6.0736     6.1932    32.2636    32.2629    24.5657    24.5660    6.22910 0.0000e+00
      16986     10.048    11.4470    11.4427   3.669138   3.668648     2.1866     2.5948      8.123     3.7238   481.3579 1.0715e-01     0.1563    96.1690     6.0717     6.1932    32.2639    32.2629    24.5660    24.5660    6.22914 0.0000e+00
      16989     10.012    11.4468    11.4428   3.669133   3.668684     2.1878     2.5948      8.125     4.1104   481.3579 1.0715e-01     0.1563    96.1690     6.0758     6.1939    32.2641    32.2632    24.5662    24.5662    6.22916 0.0000e+00
      16992      9.984    11.4471    11.4428   3.669126   3.668637     2.1870     2.5948      8.124     4.0901   481.3579 1.0715e-01     0.1548    96.2038     6.0729     6.1961    32.2638    32.2627    24.5659    24.5659    6.22913 0.0000e+00
      17152      9.956    11.4466    11.4424   3.669110   3.668615     2.1861     2.5932      8.125     3.8357   481.3579 1.0715e-01     0.1537    96.2299     6.0670     6.1930    32.2640    32.2629    24.5662    24.5661    6.22918 0.0000e+00
      17233      9.912    11.4463    11.4422   3.669073   3.668608     2.1861     2.5932      8.125     3.7035   481.3579 1.0715e-01     0.1537    96.2299     6.0670     6.1945    32.2639    32.2630    24.5662    24.5662    6.22922 0.0000e+00
      17236      9.877    11.4464    11.4423   3.669079   3.668608     2.1849     2.5936      8.125     3.6831   481.3579 1.0703e-01     0.1541    96.2212     6.0654     6.1960    32.2640    32.2629    24.5662    24.5662    6.22922 0.0000e+00
