Datasets/AZMP/HUD120/hud120_2020_111.cnv
* Sea-Bird SBE 9 Data File:
* FileName = C:\CTDDATA\hud120_2020_111.hex
* Software Version Seasave V 7.26.7.110
* Temperature SN = 1697
* Conductivity SN = 4216
* Number of Bytes Per Scan = 30
* Number of Voltage Words = 4
* Number of Scans Averaged by the Deck Unit = 1
* NMEA baud rate = 4800
** VESSEL/TRIP/SEQ STN:  hub120_2020_111
** LATITUDE XX XX.XX: 47 32.80 N
** LONGITUDE XX XX.XX: 052 35.20 W
** SOUNDING DEPTH (M): 0176
** PROBE TYPE: S1146
** CTD NUMBER: 081
** FORMAT: V
** COMMENTS (14 CHAR): S27-01
** BOTTLES:  10
** LEVELS: 5,10,20,30,40,50,75,100,150,BTM
** STICKERS: 440099 - 440108
** VNET: Y
** DO2: N
# nquan = 22
# nvalues = 3741                        
# units = specified
# name 0 = scan: Scan Count
# name 1 = prDM: Pressure, Digiquartz [db]
# name 2 = t090C: Temperature [ITS-90, deg C]
# name 3 = t190C: Temperature, 2 [ITS-90, deg C]
# name 4 = c0S/m: Conductivity [S/m]
# name 5 = c1S/m: Conductivity, 2 [S/m]
# name 6 = sbeox0V: Oxygen raw, SBE 43 [V]
# name 7 = sbeox1V: Oxygen raw, SBE 43, 2 [V]
# name 8 = ph: pH
# name 9 = flECO-AFL: Fluorescence, WET Labs ECO-AFL/FL [mg/m^3]
# name 10 = wetCDOM: Fluorescence, WET Labs CDOM [mg/m^3]
# name 11 = par/sat/log: PAR/Logarithmic, Satlantic [umol photons/m^2/sec]
# name 12 = CStarAt0: Beam Attenuation, WET Labs C-Star [1/m]
# name 13 = CStarTr0: Beam Transmission, WET Labs C-Star [%]
# name 14 = sbeox0ML/L: Oxygen, SBE 43 [ml/l], WS = 2
# name 15 = sbeox1ML/L: Oxygen, SBE 43, 2 [ml/l], WS = 2
# name 16 = sal00: Salinity, Practical [PSU]
# name 17 = sal11: Salinity, Practical, 2 [PSU]
# name 18 = sigma-t00: Density [sigma-t, kg/m^3 ]
# name 19 = sigma-t11: Density, 2 [sigma-t, kg/m^3 ]
# name 20 = oxsatML/L: Oxygen Saturation, Weiss [ml/l]
# name 21 = flag: flag
# span 0 =         62,      32583       
# span 1 =      0.547,    172.916       
# span 2 =    -0.4786,     4.7052       
# span 3 =    -0.4842,     4.7005       
# span 4 =   2.704042,   3.007070       
# span 5 =   2.703568,   3.006579       
# span 6 =     1.8819,     2.2247       
# span 7 =     2.2149,     2.6301       
# span 8 =      8.037,      8.200       
# span 9 =     1.0071,     4.2732       
# span 10 =    -2.8130,   482.1870      
# span 11 = 1.0556e-01, 9.3424e-01      
# span 12 =     0.0995,     0.5940      
# span 13 =    86.1989,    97.5424      
# span 14 =     6.8797,     7.7913      
# span 15 =     6.9481,     7.9271      
# span 16 =    31.3580,    33.2632      
# span 17 =    31.3568,    33.2626      
# span 18 =    24.8203,    26.7163      
# span 19 =    24.8196,    26.7160      
# span 20 =    7.31329,    8.26715      
# span 21 = 0.0000e+00, 0.0000e+00      
# interval = scans: 3                   
# start_time = Dec 01 2020 09:53:22 [System UTC, header]
# bad_flag = -9.990e-29
*END*
[from data line 2766]
      17185     73.327     2.0623     2.0585   2.866746   2.866350     2.1408     2.5362      8.155     1.4751     0.7006 1.0715e-01     0.1131    97.2121     7.5772     7.6656    32.2556    32.2546    25.7689    25.7684    7.76686 0.0000e+00
      17188     73.221     2.0629     2.0583   2.866783   2.866284     2.1408     2.5362      8.153     1.5158     0.6217 1.0715e-01     0.1131    97.2121     7.5775     7.6638    32.2556    32.2540    25.7688    25.7679    7.76675 0.0000e+00
      17191     73.125     2.0659     2.0579   2.866968   2.866298     2.1408     2.5366      8.153     1.4955     0.6217 1.0715e-01     0.1127    97.2208     7.5749     7.6642    32.2548    32.2546    25.7680    25.7684    7.76619 0.0000e+00
      17194     73.025     2.0661     2.0583   2.866950   2.866343     2.1417     2.5362      8.156     1.5057     0.6217 1.0715e-01     0.1110    97.2642     7.5767     7.6654    32.2544    32.2549    25.7677    25.7686    7.76616 0.0000e+00
      17197     72.931     2.0667     2.0608   2.867013   2.866450     2.1412     2.5366      8.155     1.5057     0.6217 1.0715e-01     0.1110    97.2642     7.5727     7.6698    32.2547    32.2537    25.7678    25.7675    7.76604 0.0000e+00
      17200     72.838     2.0696     2.0609   2.867180   2.866481     2.1404     2.5357      8.153     1.5057     0.6217 1.0715e-01     0.1110    97.2642     7.5654     7.6672    32.2539    32.2540    25.7669    25.7677    7.76550 0.0000e+00
      17203     72.748     2.0686     2.0618   2.867083   2.866526     2.1408     2.5362      8.155     1.5057    63.6302 1.0715e-01     0.1110    97.2642     7.5657     7.6683    32.2537    32.2537    25.7669    25.7674    7.76570 0.0000e+00
      17206     72.663     2.0706     2.0626   2.867262   2.866594     2.1412     2.5357      8.155     1.4955   467.8561 1.0715e-01     0.1110    97.2642     7.5656     7.6695    32.2540    32.2538    25.7669    25.7674    7.76530 0.0000e+00
      17209     72.582     2.0723     2.0647   2.867318   2.866703     2.1417     2.5362      8.153     1.5158   481.4369 1.0715e-01     0.1110    97.2642     7.5644     7.6726    32.2530    32.2531    25.7660    25.7667    7.76501 0.0000e+00
      17212     72.503     2.0724     2.0641   2.867317   2.866623     2.1417     2.5357      8.156     1.7193   481.1605 1.0715e-01     0.1120    97.2382     7.5636     7.6702    32.2529    32.2527    25.7660    25.7664    7.76499 0.0000e+00
      17215     72.425     2.0727     2.0629   2.867335   2.866583     2.1412     2.5366      8.153     1.9126   481.2395 1.0715e-01     0.1120    97.2382     7.5624     7.6745    32.2529    32.2535    25.7660    25.7672    7.76494 0.0000e+00
      17218     72.349     2.0736     2.0636   2.867355   2.866629     2.1417     2.5370      8.153     1.9025   481.2395 1.0715e-01     0.1120    97.2382     7.5655     7.6775    32.2522    32.2534    25.7653    25.7670    7.76478 0.0000e+00
      17221     72.278     2.0732     2.0667   2.867338   2.866804     2.1412     2.5374      8.153     1.9025   481.2395 1.0715e-01     0.1120    97.2382     7.5645     7.6798    32.2525    32.2524    25.7655    25.7660    7.76485 0.0000e+00
      17224     72.209     2.0734     2.0680   2.867311   2.866838     2.1404     2.5366      8.155     1.9025   481.2790 1.0715e-01     0.1120    97.2382     7.5613     7.6774    32.2520    32.2516    25.7652    25.7653    7.76484 0.0000e+00
      17227     72.144     2.0728     2.0672   2.867278   2.866798     2.1408     2.5374      8.155     1.9126   481.2395 1.0715e-01     0.1120    97.2382     7.5615     7.6791    32.2522    32.2519    25.7654    25.7656    7.76495 0.0000e+00
      17230     72.077     2.0736     2.0676   2.867289   2.866798     2.1408     2.5378      8.153     1.9126   301.9257 1.0715e-01     0.1120    97.2382     7.5589     7.6807    32.2516    32.2515    25.7648    25.7652    7.76482 0.0000e+00
      17233     72.015     2.0733     2.0677   2.867219   2.866773     2.1404     2.5370      8.156     1.8923    -2.4577 1.0715e-01     0.1138    97.1947     7.5564     7.6752    32.2510    32.2512    25.7644    25.7650    7.76491 0.0000e+00
      17236     71.952     2.0722     2.0670   2.867133   2.866746     2.1412     2.5370      8.155     1.9126     3.6616 1.0715e-01     0.1142    97.1860     7.5639     7.6728    32.2511    32.2516    25.7645    25.7654    7.76512 0.0000e+00
      17239     71.893     2.0709     2.0675   2.867047   2.866785     2.1421     2.5370      8.156     1.6175     3.7405 1.0715e-01     0.1142    97.1860     7.5725     7.6704    32.2515    32.2516    25.7649    25.7653    7.76537 0.0000e+00
      17242     71.833     2.0698     2.0679   2.866891   2.866771     2.1412     2.5378      8.156     1.5768     3.7405 1.0715e-01     0.1138    97.1947     7.5702     7.6723    32.2506    32.2511    25.7643    25.7648    7.76563 0.0000e+00
      17245     71.773     2.0676     2.0666   2.866686   2.866674     2.1408     2.5378      8.156     1.5870     3.7010 1.0740e-01     0.1142    97.1860     7.5706     7.6733    32.2503    32.2512    25.7643    25.7651    7.76608 0.0000e+00
      17248     71.713     2.0652     2.0653   2.866547   2.866569     2.1417     2.5374      8.155     1.5768     3.7010 1.0752e-01     0.1142    97.1860     7.5731     7.6735    32.2511    32.2513    25.7651    25.7652    7.76653 0.0000e+00
      17251     71.655     2.0642     2.0637   2.866536   2.866553     2.1412     2.5378      8.156     1.5667     3.7010 1.0752e-01     0.1138    97.1947     7.5708     7.6745    32.2521    32.2527    25.7659    25.7664    7.76668 0.0000e+00
      17254     71.593     2.0643     2.0618   2.866582   2.866475     2.1404     2.5378      8.156     1.5565     3.7010 1.0752e-01     0.1110    97.2642     7.5664     7.6743    32.2525    32.2537    25.7662    25.7674    7.76662 0.0000e+00
      17257     71.533     2.0644     2.0620   2.866563   2.866458     2.1408     2.5374      8.156     1.5565     5.9908 1.0752e-01     0.1110    97.2642     7.5674     7.6732    32.2522    32.2533    25.7660    25.7671    7.76662 0.0000e+00
      17260     71.469     2.0643     2.0617   2.866398   2.866428     2.1425     2.5374      8.155     1.5565     7.1752 1.0727e-01     0.1110    97.2642     7.5732     7.6731    32.2503    32.2534    25.7645    25.7671    7.76675 0.0000e+00
      17263     71.407     2.0640     2.0615   2.866356   2.866382     2.1421     2.5378      8.156     1.5769     7.1357 1.0752e-01     0.1110    97.2642     7.5720     7.6750    32.2501    32.2530    25.7644    25.7669    7.76681 0.0000e+00
      17266     71.340     2.0629     2.0613   2.866345   2.866338     2.1417     2.5378      8.155     1.6786     7.1357 1.0727e-01     0.1110    97.2642     7.5704     7.6742    32.2512    32.2527    25.7653    25.7666    7.76698 0.0000e+00
      17269     71.275     2.0618     2.0611   2.866242   2.866337     2.1412     2.5378      8.156     1.6888     7.1357 1.0727e-01     0.1110    97.2642     7.5675     7.6737    32.2511    32.2529    25.7652    25.7668    7.76721 0.0000e+00
      17272     71.208     2.0613     2.0607   2.866203   2.866354     2.1408     2.5390      8.155     1.6786     7.1357 1.0727e-01     0.1117    97.2469     7.5636     7.6789    32.2510    32.2536    25.7653    25.7673    7.76729 0.0000e+00
      17275     71.140     2.0616     2.0607   2.866253   2.866351     2.1421     2.5378      8.155     1.6989     7.1357 1.0715e-01     0.1127    97.2208     7.5713     7.6735    32.2515    32.2535    25.7656    25.7673    7.76723 0.0000e+00
      17278     71.067     2.0613     2.0604   2.866181   2.866320     2.1417     2.5374      8.155     1.6989     7.1357 1.0715e-01     0.1127    97.2208     7.5695     7.6718    32.2509    32.2536    25.7652    25.7674    7.76731 0.0000e+00
      17281     70.992     2.0615     2.0601   2.866207   2.866292     2.1417     2.5378      8.153     1.6786    15.8211 1.0715e-01     0.1124    97.2295     7.5651     7.6729    32.2511    32.2536    25.7653    25.7674    7.76727 0.0000e+00
      17284     70.912     2.0615     2.0607   2.866218   2.866360     2.1417     2.5390      8.156     1.6786   430.8248 1.0715e-01     0.1124    97.2295     7.5634     7.6757    32.2513    32.2538    25.7655    25.7675    7.76726 0.0000e+00
      17287     70.827     2.0614     2.0621   2.866154   2.866403     2.1412     2.5386      8.153     1.6888   481.1605 1.0715e-01     0.1124    97.2295     7.5651     7.6748    32.2505    32.2530    25.7649    25.7667    7.76730 0.0000e+00
      17290     70.737     2.0615     2.0607   2.866208   2.866334     2.1412     2.5378      8.155     1.7295   481.0816 1.0715e-01     0.1131    97.2121     7.5668     7.6730    32.2512    32.2536    25.7654    25.7674    7.76726 0.0000e+00
      17293     70.642     2.0616     2.0606   2.866197   2.866255     2.1412     2.5378      8.155     1.8007   481.2395 1.0715e-01     0.1120    97.2382     7.5657     7.6732    32.2510    32.2527    25.7652    25.7667    7.76724 0.0000e+00
      17296     70.551     2.0615     2.0605   2.866084   2.866276     2.1412     2.5386      8.158     1.8210   481.2790 1.0715e-01     0.1120    97.2382     7.5641     7.6749    32.2498    32.2531    25.7643    25.7670    7.76733 0.0000e+00
      17299     70.453     2.0617     2.0611   2.866092   2.866348     2.1421     2.5382      8.156     1.8210   481.2790 1.0715e-01     0.1120    97.2382     7.5674     7.6739    32.2497    32.2535    25.7642    25.7673    7.76730 0.0000e+00
      17302     70.354     2.0615     2.0614   2.866104   2.866358     2.1421     2.5378      8.153     1.8210   481.2790 1.0715e-01     0.1117    97.2469     7.5685     7.6720    32.2501    32.2533    25.7645    25.7671    7.76730 0.0000e+00
      17305     70.251     2.0614     2.0614   2.866083   2.866333     2.1408     2.5382      8.155     1.8109   481.2395 1.0715e-01     0.1117    97.2469     7.5654     7.6724    32.2501    32.2531    25.7645    25.7669    7.76734 0.0000e+00
      17308     70.145     2.0618     2.0612   2.866128   2.866277     2.1417     2.5386      8.155     1.8109   481.2395 1.0715e-01     0.1113    97.2555     7.5702     7.6734    32.2503    32.2527    25.7646    25.7666    7.76725 0.0000e+00
      17311     70.039     2.0638     2.0598   2.866234   2.866139     2.1417     2.5390      8.153     1.8007   481.2790 1.0715e-01     0.1113    97.2555     7.5706     7.6754    32.2495    32.2524    25.7639    25.7665    7.76688 0.0000e+00
      17314     69.929     2.0650     2.0582   2.866223   2.865989     2.1421     2.5390      8.153     1.8109   481.2395 1.0715e-01     0.1113    97.2555     7.5701     7.6744    32.2482    32.2522    25.7628    25.7665    7.76671 0.0000e+00
      17317     69.822     2.0678     2.0578   2.866362   2.865922     2.1408     2.5386      8.153     1.6583   481.2790 1.0715e-01     0.1110    97.2642     7.5661     7.6705    32.2472    32.2519    25.7617    25.7662    7.76621 0.0000e+00
      17320     69.715     2.0702     2.0576   2.866446   2.865889     2.1417     2.5378      8.155     1.5870   481.2395 1.0715e-01     0.1110    97.2642     7.5694     7.6672    32.2458    32.2517    25.7604    25.7661    7.76580 0.0000e+00
      17323     69.606     2.0701     2.0572   2.866444   2.865881     2.1412     2.5386      8.153     1.5972   481.3579 1.0715e-01     0.1110    97.2642     7.5679     7.6711    32.2460    32.2521    25.7605    25.7664    7.76581 0.0000e+00
      17326     69.497     2.0693     2.0568   2.866490   2.865876     2.1421     2.5390      8.155     1.5972   481.2395 1.0715e-01     0.1110    97.2642     7.5748     7.6735    32.2474    32.2525    25.7618    25.7668    7.76589 0.0000e+00
      17329     69.384     2.0706     2.0575   2.866538   2.865886     2.1421     2.5386      8.156     1.6074   481.2790 1.0715e-01     0.1113    97.2555     7.5769     7.6721    32.2468    32.2520    25.7612    25.7663    7.76568 0.0000e+00
      17332     69.272     2.0730     2.0591   2.866628   2.865940     2.1421     2.5386      8.153     1.6074   481.2790 1.0715e-01     0.1117    97.2469     7.5757     7.6732    32.2454    32.2511    25.7600    25.7655    7.76526 0.0000e+00
      17335     69.161     2.0748     2.0606   2.866662   2.865930     2.1412     2.5378      8.153     1.5972   266.5920 1.0715e-01     0.1124    97.2295     7.5704     7.6711    32.2441    32.2496    25.7587    25.7641    7.76497 0.0000e+00
      17338     69.046     2.0759     2.0621   2.866724   2.865990     2.1421     2.5378      8.155     1.6176     2.7535 1.0715e-01     0.1131    97.2121     7.5729     7.6714    32.2438    32.2488    25.7585    25.7635    7.76477 0.0000e+00
      17341     68.933     2.0765     2.0678   2.866790   2.866165     2.1425     2.5382      8.153     1.5972    12.6628 1.0715e-01     0.1127    97.2208     7.5749     7.6719    32.2441    32.2452    25.7586    25.7601    7.76463 0.0000e+00
      17344     68.818     2.0789     2.0705   2.866938   2.866193     2.1425     2.5386      8.155     1.5463    12.1496 1.0715e-01     0.1124    97.2295     7.5740     7.6718    32.2436    32.2429    25.7580    25.7581    7.76418 0.0000e+00
      17347     68.706     2.0793     2.0712   2.867017   2.866235     2.1421     2.5390      8.153     1.5362    12.2285 1.0715e-01     0.1127    97.2208     7.5733     7.6739    32.2442    32.2428    25.7585    25.7580    7.76407 0.0000e+00
      17350     68.594     2.0798     2.0712   2.866997   2.866256     2.1429     2.5394      8.156     1.5362    12.2285 1.0715e-01     0.1131    97.2121     7.5785     7.6770    32.2435    32.2431    25.7579    25.7582    7.76401 0.0000e+00
      17353     68.486     2.0837     2.0722   2.867538   2.866343     2.1429     2.5390      8.156     1.5260    12.2285 1.0715e-01     0.1117    97.2469     7.5804     7.6769    32.2463    32.2433    25.7599    25.7582    7.76309 0.0000e+00
      17356     68.375     2.0904     2.0743   2.867773   2.866571     2.1425     2.5398      8.156     1.5463    12.1890 1.0727e-01     0.1099    97.2903     7.5791     7.6815    32.2425    32.2439    25.7563    25.7586    7.76195 0.0000e+00
      17359     68.262     2.0875     2.0797   2.867577   2.866986     2.1417     2.5386      8.155     1.5463    12.1890 1.0727e-01     0.1099    97.2903     7.5775     7.6794    32.2431    32.2437    25.7570    25.7580    7.76251 0.0000e+00
      17362     68.153     2.0891     2.0819   2.867698   2.867033     2.1421     2.5386      8.155     1.5463   352.4194 1.0727e-01     0.1103    97.2816     7.5765     7.6810    32.2431    32.2421    25.7569    25.7566    7.76219 0.0000e+00
      17365     68.043     2.0881     2.0806   2.867683   2.866933     2.1429     2.5382      8.155     1.5362   482.0291 1.0752e-01     0.1099    97.2903     7.5825     7.6809    32.2439    32.2422    25.7576    25.7568    7.76234 0.0000e+00
      17368     67.933     2.0926     2.0822   2.868175   2.867129     2.1433     2.5390      8.156     1.5463   480.9631 1.0752e-01     0.1103    97.2816     7.5875     7.6863    32.2455    32.2431    25.7586    25.7574    7.76136 0.0000e+00
      17371     67.825     2.0965     2.0824   2.868459   2.867160     2.1433     2.5402      8.156     1.5463   481.2395 1.0740e-01     0.1103    97.2816     7.5879     7.6947    32.2451    32.2433    25.7580    25.7576    7.76061 0.0000e+00
      17374     67.713     2.1077     2.0855   2.869663   2.867512     2.1441     2.5390      8.155     1.5260   481.2790 1.0727e-01     0.1110    97.2642     7.5891     7.6928    32.2487    32.2446    25.7600    25.7584    7.75819 0.0000e+00
      17377     67.605     2.1223     2.0935   2.870609   2.868132     2.1437     2.5398      8.156     1.5463   481.2790 1.0715e-01     0.1110    97.2642     7.5875     7.6982    32.2457    32.2442    25.7565    25.7575    7.75546 0.0000e+00
