Datasets/AZMP/HUD120/hud120_2020_111.cnv
* Sea-Bird SBE 9 Data File:
* FileName = C:\CTDDATA\hud120_2020_111.hex
* Software Version Seasave V 7.26.7.110
* Temperature SN = 1697
* Conductivity SN = 4216
* Number of Bytes Per Scan = 30
* Number of Voltage Words = 4
* Number of Scans Averaged by the Deck Unit = 1
* NMEA baud rate = 4800
** VESSEL/TRIP/SEQ STN:  hub120_2020_111
** LATITUDE XX XX.XX: 47 32.80 N
** LONGITUDE XX XX.XX: 052 35.20 W
** SOUNDING DEPTH (M): 0176
** PROBE TYPE: S1146
** CTD NUMBER: 081
** FORMAT: V
** COMMENTS (14 CHAR): S27-01
** BOTTLES:  10
** LEVELS: 5,10,20,30,40,50,75,100,150,BTM
** STICKERS: 440099 - 440108
** VNET: Y
** DO2: N
# nquan = 22
# nvalues = 3741                        
# units = specified
# name 0 = scan: Scan Count
# name 1 = prDM: Pressure, Digiquartz [db]
# name 2 = t090C: Temperature [ITS-90, deg C]
# name 3 = t190C: Temperature, 2 [ITS-90, deg C]
# name 4 = c0S/m: Conductivity [S/m]
# name 5 = c1S/m: Conductivity, 2 [S/m]
# name 6 = sbeox0V: Oxygen raw, SBE 43 [V]
# name 7 = sbeox1V: Oxygen raw, SBE 43, 2 [V]
# name 8 = ph: pH
# name 9 = flECO-AFL: Fluorescence, WET Labs ECO-AFL/FL [mg/m^3]
# name 10 = wetCDOM: Fluorescence, WET Labs CDOM [mg/m^3]
# name 11 = par/sat/log: PAR/Logarithmic, Satlantic [umol photons/m^2/sec]
# name 12 = CStarAt0: Beam Attenuation, WET Labs C-Star [1/m]
# name 13 = CStarTr0: Beam Transmission, WET Labs C-Star [%]
# name 14 = sbeox0ML/L: Oxygen, SBE 43 [ml/l], WS = 2
# name 15 = sbeox1ML/L: Oxygen, SBE 43, 2 [ml/l], WS = 2
# name 16 = sal00: Salinity, Practical [PSU]
# name 17 = sal11: Salinity, Practical, 2 [PSU]
# name 18 = sigma-t00: Density [sigma-t, kg/m^3 ]
# name 19 = sigma-t11: Density, 2 [sigma-t, kg/m^3 ]
# name 20 = oxsatML/L: Oxygen Saturation, Weiss [ml/l]
# name 21 = flag: flag
# span 0 =         62,      32583       
# span 1 =      0.547,    172.916       
# span 2 =    -0.4786,     4.7052       
# span 3 =    -0.4842,     4.7005       
# span 4 =   2.704042,   3.007070       
# span 5 =   2.703568,   3.006579       
# span 6 =     1.8819,     2.2247       
# span 7 =     2.2149,     2.6301       
# span 8 =      8.037,      8.200       
# span 9 =     1.0071,     4.2732       
# span 10 =    -2.8130,   482.1870      
# span 11 = 1.0556e-01, 9.3424e-01      
# span 12 =     0.0995,     0.5940      
# span 13 =    86.1989,    97.5424      
# span 14 =     6.8797,     7.7913      
# span 15 =     6.9481,     7.9271      
# span 16 =    31.3580,    33.2632      
# span 17 =    31.3568,    33.2626      
# span 18 =    24.8203,    26.7163      
# span 19 =    24.8196,    26.7160      
# span 20 =    7.31329,    8.26715      
# span 21 = 0.0000e+00, 0.0000e+00      
# interval = scans: 3                   
# start_time = Dec 01 2020 09:53:22 [System UTC, header]
# bad_flag = -9.990e-29
*END*
[from data line 2437]
      11191    107.452     0.3406     0.3302   2.747191   2.745656     2.0593     2.4399      8.107     1.2513     5.7540 1.0715e-01     0.1084    97.3251     7.6158     7.7139    32.5003    32.4913    26.0720    26.0653    8.10985 0.0000e+00
      11194    107.391     0.3479     0.3244   2.747500   2.745570     2.0585     2.4399      8.107     1.2309     5.7145 1.0727e-01     0.1077    97.3425     7.6114     7.7114    32.4966    32.4963    26.0687    26.0696    8.10848 0.0000e+00
      11197    107.333     0.3459     0.3492   2.747464   2.747293     2.0597     2.4407      8.107     1.2207     5.7145 1.0715e-01     0.1077    97.3425     7.6174     7.7050    32.4983    32.4925    26.0701    26.0653    8.10882 0.0000e+00
      11200    107.274     0.3478     0.3550   2.747607   2.747962     2.0597     2.4403      8.107     1.2207     5.7145 1.0715e-01     0.1077    97.3425     7.6180     7.7001    32.4981    32.4952    26.0699    26.0672    8.10841 0.0000e+00
      11203    107.212     0.3475     0.3613   2.747465   2.748312     2.0605     2.4411      8.107     1.2004     5.7145 1.0715e-01     0.1077    97.3425     7.6239     7.6976    32.4967    32.4931    26.0688    26.0652    8.10857 0.0000e+00
      11206    107.153     0.3451     0.3669   2.746903   2.748302     2.0597     2.4399      8.107     1.2105     5.7145 1.0715e-01     0.1077    97.3425     7.6168     7.6900    32.4919    32.4872    26.0651    26.0601    8.10934 0.0000e+00
      11209    107.092     0.3454     0.3466   2.746791   2.747120     2.0609     2.4399      8.107     1.2105     8.1227 1.0715e-01     0.1081    97.3338     7.6174     7.6938    32.4902    32.4932    26.0637    26.0661    8.10937 0.0000e+00
      11212    107.031     0.3547     0.3137   2.747476   2.746061     2.0605     2.4399      8.107     1.2207    10.3730 1.0715e-01     0.1070    97.3598     7.6120     7.7045    32.4893    32.5142    26.0624    26.0846    8.10742 0.0000e+00
      11215    106.967     0.3396     0.2848   2.746358   2.744689     2.0589     2.4399      8.107     1.2004    10.2151 1.0727e-01     0.1067    97.3685     7.6113     7.7153    32.4907    32.5269    26.0644    26.0963    8.11059 0.0000e+00
      11218    106.903     0.3123     0.3333   2.744563   2.747315     2.0589     2.4391      8.107     1.2105    10.2546 1.0715e-01     0.1067    97.3685     7.6212     7.7075    32.4962    32.5099    26.0701    26.0802    8.11615 0.0000e+00
      11221    106.834     0.2849     0.3627   2.741643   2.748633     2.0601     2.4391      8.107     1.2207    10.2151 1.0727e-01     0.1067    97.3685     7.6346     7.7077    32.4870    32.4960    26.0642    26.0675    8.12256 0.0000e+00
      11224    106.763     0.2540     0.3700   2.740018   2.748803     2.0605     2.4387      8.108     1.2207    10.2151 1.0715e-01     0.1067    97.3685     7.6473     7.7146    32.4985    32.4906    26.0750    26.0627    8.12859 0.0000e+00
      11227    106.690     0.2504     0.3746   2.740557   2.748754     2.0609     2.4387      8.108     1.2105    10.2151 1.0740e-01     0.1067    97.3685     7.6552     7.7214    32.5094    32.4852    26.0839    26.0581    8.12876 0.0000e+00
      11230    106.617     0.2570     0.3694   2.741186   2.748933     2.0605     2.4399      8.108     1.2207    10.2546 1.0715e-01     0.1077    97.3425     7.6564     7.7354    32.5107    32.4930    26.0846    26.0647    8.12726 0.0000e+00
      11233    106.536     0.2700     0.3856   2.741785   2.750144     2.0605     2.4403      8.108     1.2105    10.2151 1.0715e-01     0.1092    97.3077     7.6559     7.7403    32.5049    32.4917    26.0793    26.0629    8.12479 0.0000e+00
      11236    106.455     0.3066     0.3986   2.744908   2.750755     2.0613     2.4420      8.107     1.2105   386.2924 1.0715e-01     0.1088    97.3164     7.6555     7.7494    32.5069    32.4861    26.0791    26.0576    8.11678 0.0000e+00
      11239    106.372     0.3618     0.3638   2.748399   2.748012     2.0621     2.4424      8.107     1.2105   481.9106 1.0715e-01     0.1088    97.3164     7.6493     7.7628    32.4943    32.4871    26.0661    26.0602    8.10563 0.0000e+00
      11242    106.285     0.3713     0.3915   2.749157   2.750954     2.0629     2.4424      8.107     1.2105   480.9631 1.0727e-01     0.1092    97.3077     7.6505     7.7591    32.4941    32.4962    26.0655    26.0661    8.10359 0.0000e+00
      11245    106.197     0.3875     0.4188   2.750551   2.751420     2.0621     2.4432      8.107     1.2004   481.2395 1.0715e-01     0.1092    97.3077     7.6432     7.7584    32.4953    32.4736    26.0656    26.0465    8.10006 0.0000e+00
      11248    106.106     0.4102     0.3861   2.751896   2.748809     2.0629     2.4436      8.107     1.2207   481.2790 1.0715e-01     0.1092    97.3077     7.6423     7.7668    32.4888    32.4742    26.0592    26.0486    8.09554 0.0000e+00
      11251    106.012     0.4112     0.3681   2.751141   2.748309     2.0634     2.4436      8.107     1.2004   481.2395 1.0715e-01     0.1103    97.2816     7.6465     7.7679    32.4780    32.4867    26.0504    26.0597    8.09593 0.0000e+00
      11254    105.917     0.4026     0.3660   2.750644   2.748204     2.0634     2.4444      8.107     1.2207   481.2395 1.0715e-01     0.1110    97.2642     7.6500     7.7672    32.4807    32.4876    26.0531    26.0605    8.09762 0.0000e+00
      11257    105.819     0.4013     0.3475   2.750646   2.746916     2.0629     2.4448      8.107     1.2105   481.2395 1.0715e-01     0.1110    97.2642     7.6459     7.7707    32.4821    32.4903    26.0543    26.0636    8.09782 0.0000e+00
      11260    105.722     0.3898     0.3318   2.749615   2.745597     2.0634     2.4448      8.107     1.2207   481.2790 1.0715e-01     0.1110    97.2642     7.6475     7.7732    32.4809    32.4897    26.0539    26.0639    8.10035 0.0000e+00
      11263    105.625     0.3585     0.3212   2.747031   2.744996     2.0642     2.4448      8.107     1.2004   481.3184 1.0715e-01     0.1110    97.2642     7.6565     7.7770    32.4803    32.4932    26.0550    26.0673    8.10711 0.0000e+00
      11266    105.524     0.2793     0.3086   2.742301   2.743906     2.0650     2.4460      8.108     1.2105   481.3184 1.0715e-01     0.1110    97.2642     7.6765     7.7833    32.5023    32.4923    26.0768    26.0672    8.12292 0.0000e+00
      11269    105.422     0.2418     0.2960   2.739694   2.743230     2.0654     2.4464      8.108     1.2207   481.2395 1.0715e-01     0.1110    97.2642     7.6881     7.7844    32.5080    32.4969    26.0832    26.0715    8.13069 0.0000e+00
      11272    105.318     0.2328     0.2987   2.738942   2.743733     2.0650     2.4468      8.108     1.2105   481.2790 1.0715e-01     0.1110    97.2642     7.6873     7.7859    32.5077    32.5006    26.0834    26.0744    8.13265 0.0000e+00
      11275    105.213     0.2491     0.3184   2.740705   2.745909     2.0658     2.4472      8.108     1.1902   481.2790 1.0715e-01     0.1110    97.2642     7.6870     7.7846    32.5136    32.5083    26.0873    26.0796    8.12881 0.0000e+00
      11278    105.106     0.3235     0.3980   2.747781   2.752154     2.0662     2.4472      8.107     1.1800   481.3579 1.0715e-01     0.1110    97.2642     7.6711     7.7650    32.5274    32.5057    26.0947    26.0734    8.11203 0.0000e+00
      11281    104.997     0.4203     0.4637   2.753431   2.755821     2.0662     2.4485      8.105     1.1902   481.3184 1.0715e-01     0.1110    97.2642     7.6476     7.7547    32.4988    32.4841    26.0668    26.0527    8.09284 0.0000e+00
      11284    104.889     0.4414     0.4873   2.754905   2.757048     2.0658     2.4485      8.107     1.1800   481.2790 1.0727e-01     0.1110    97.2642     7.6364     7.7504    32.4958    32.4753    26.0632    26.0443    8.08849 0.0000e+00
      11287    104.780     0.4781     0.4972   2.757263   2.757563     2.0662     2.4489      8.107     1.1800   316.8093 1.0715e-01     0.1110    97.2642     7.6271     7.7466    32.4878    32.4716    26.0549    26.0408    8.08108 0.0000e+00
      11290    104.671     0.5004     0.5018   2.758178   2.757913     2.0662     2.4485      8.107     1.1902    -2.1419 1.0715e-01     0.1110    97.2642     7.6219     7.7418    32.4763    32.4715    26.0444    26.0404    8.07695 0.0000e+00
      11293    104.561     0.5092     0.5050   2.758613   2.758151     2.0674     2.4485      8.107     1.1902     5.0038 1.0715e-01     0.1124    97.2295     7.6269     7.7413    32.4727    32.4712    26.0411    26.0401    8.07527 0.0000e+00
      11296    104.446     0.5139     0.5074   2.758908   2.758340     2.0670     2.4505      8.107     1.1902     5.0038 1.0715e-01     0.1127    97.2208     7.6231     7.7476    32.4717    32.4712    26.0400    26.0400    8.07434 0.0000e+00
      11299    104.330     0.5189     0.5113   2.759303   2.758627     2.0678     2.4509      8.107     1.1902     5.0038 1.0715e-01     0.1131    97.2121     7.6266     7.7482    32.4717    32.4708    26.0397    26.0395    8.07327 0.0000e+00
      11302    104.214     0.5269     0.5153   2.759912   2.758908     2.0674     2.4501      8.107     1.2105     5.0038 1.0715e-01     0.1124    97.2295     7.6291     7.7444    32.4712    32.4704    26.0389    26.0389    8.07159 0.0000e+00
      11305    104.096     0.5351     0.5243   2.760497   2.759580     2.0678     2.4509      8.106     1.2105     5.0038 1.0740e-01     0.1124    97.2295     7.6341     7.7472    32.4703    32.4697    26.0377    26.0379    8.06990 0.0000e+00
      11308    103.978     0.5415     0.5396   2.761079   2.760946     2.0678     2.4513      8.106     1.2207     5.0038 1.0715e-01     0.1124    97.2295     7.6328     7.7485    32.4711    32.4714    26.0381    26.0384    8.06849 0.0000e+00
      11311    103.854     0.5586     0.5527   2.762712   2.761819     2.0683     2.4509      8.106     1.2105     5.0038 1.0715e-01     0.1131    97.2121     7.6317     7.7467    32.4744    32.4690    26.0398    26.0358    8.06467 0.0000e+00
      11314    103.728     0.5800     0.5709   2.764411   2.763472     2.0687     2.4521      8.106     1.2004     7.3331 1.0715e-01     0.1120    97.2382     7.6306     7.7489    32.4740    32.4713    26.0383    26.0366    8.06014 0.0000e+00
      11317    103.598     0.5934     0.5867   2.765112   2.764505     2.0687     2.4525      8.106     1.2207     8.7543 1.0715e-01     0.1120    97.2382     7.6286     7.7491    32.4691    32.4682    26.0336    26.0333    8.05757 0.0000e+00
      11320    103.465     0.5976     0.5884   2.765744   2.764640     2.0687     2.4525      8.106     1.2004     8.6754 1.0715e-01     0.1120    97.2382     7.6295     7.7514    32.4729    32.4682    26.0365    26.0332    8.05646 0.0000e+00
      11323    103.332     0.6061     0.5954   2.766145   2.765167     2.0703     2.4530      8.106     1.2004     8.7149 1.0715e-01     0.1120    97.2382     7.6348     7.7563    32.4692    32.4678    26.0330    26.0325    8.05485 0.0000e+00
      11326    103.198     0.6025     0.5862   2.765530   2.765008     2.0711     2.4538      8.106     1.1902     8.6754 1.0715e-01     0.1120    97.2382     7.6422     7.7644    32.4650    32.4755    26.0299    26.0392    8.05584 0.0000e+00
      11329    103.056     0.6086     0.6108   2.766479   2.766484     2.0707     2.4546      8.109     1.1800     8.7149 1.0727e-01     0.1131    97.2121     7.6405     7.7607    32.4710    32.4688    26.0344    26.0325    8.05422 0.0000e+00
      11332    102.912     0.6209     0.6196   2.766749   2.766662     2.0703     2.4550      8.108     1.1800     8.6754 1.0715e-01     0.1127    97.2208     7.6360     7.7644    32.4618    32.4619    26.0262    26.0265    8.05213 0.0000e+00
      11335    102.764     0.6170     0.6185   2.766168   2.766171     2.0719     2.4554      8.108     1.1902     8.6754 1.0715e-01     0.1120    97.2382     7.6476     7.7669    32.4584    32.4568    26.0237    26.0224    8.05314 0.0000e+00
      11338    102.616     0.6087     0.6068   2.765167   2.764859     2.0715     2.4566      8.106     1.1699    12.5443 1.0727e-01     0.1120    97.2382     7.6497     7.7737    32.4542    32.4522    26.0209    26.0193    8.05512 0.0000e+00
      11341    102.469     0.6024     0.5970   2.764601   2.763963     2.0723     2.4574      8.108     1.1902   422.0999 1.0715e-01     0.1120    97.2382     7.6559     7.7766    32.4536    32.4510    26.0207    26.0189    8.05649 0.0000e+00
      11344    102.320     0.5984     0.5943   2.764189   2.763758     2.0719     2.4578      8.109     1.1902   481.3974 1.0715e-01     0.1120    97.2382     7.6539     7.7755    32.4526    32.4513    26.0200    26.0193    8.05740 0.0000e+00
      11347    102.168     0.5910     0.5940   2.763702   2.763780     2.0723     2.4582      8.109     1.1800   481.0816 1.0715e-01     0.1120    97.2382     7.6547     7.7748    32.4541    32.4520    26.0217    26.0199    8.05889 0.0000e+00
      11350    102.014     0.5922     0.5978   2.764027   2.763979     2.0735     2.4582      8.108     1.1800   481.2790 1.0715e-01     0.1124    97.2295     7.6606     7.7709    32.4572    32.4507    26.0241    26.0186    8.05847 0.0000e+00
      11353    101.862     0.6040     0.6003   2.764626   2.764062     2.0739     2.4586      8.108     1.2208   481.3184 1.0715e-01     0.1124    97.2295     7.6597     7.7687    32.4526    32.4492    26.0198    26.0173    8.05621 0.0000e+00
      11356    101.709     0.6104     0.6035   2.764980   2.764300     2.0739     2.4603      8.111     1.2309   481.2790 1.0715e-01     0.1120    97.2382     7.6560     7.7690    32.4506    32.4490    26.0178    26.0169    8.05496 0.0000e+00
      11359    101.554     0.6158     0.6101   2.765359   2.764917     2.0756     2.4599      8.108     1.2513   481.2790 1.0715e-01     0.1120    97.2382     7.6554     7.7602    32.4499    32.4501    26.0170    26.0175    8.05386 0.0000e+00
      11362    101.396     0.6210     0.6204   2.766044   2.765793     2.0752     2.4603      8.111     1.2411   481.3184 1.0715e-01     0.1124    97.2295     7.6468     7.7537    32.4534    32.4507    26.0195    26.0174    8.05256 0.0000e+00
      11365    101.241     0.6330     0.6297   2.766931   2.766416     2.0756     2.4599      8.111     1.2513   396.2411 1.0715e-01     0.1120    97.2382     7.6395     7.7463    32.4523    32.4492    26.0180    26.0156    8.05007 0.0000e+00
      11368    101.088     0.6408     0.6349   2.767405   2.766819     2.0760     2.4607      8.109     1.2513     3.9774 1.0715e-01     0.1120    97.2382     7.6317     7.7453    32.4503    32.4490    26.0160    26.0152    8.04852 0.0000e+00
      11371    100.933     0.6478     0.6447   2.768180   2.767818     2.0760     2.4619      8.111     1.2513    -0.4048 1.0715e-01     0.1127    97.2208     7.6223     7.7434    32.4531    32.4517    26.0178    26.0168    8.04689 0.0000e+00
      11374    100.782     0.6626     0.6553   2.769361   2.768615     2.0756     2.4615      8.111     1.2513     1.1349 1.0715e-01     0.1181    97.0904     7.6130     7.7350    32.4529    32.4510    26.0169    26.0157    8.04377 0.0000e+00
      11377    100.634     0.6680     0.6654   2.769466   2.769402     2.0764     2.4619      8.109     1.2411     1.0954 1.0715e-01     0.1185    97.0817     7.6117     7.7287    32.4487    32.4506    26.0132    26.0149    8.04285 0.0000e+00
      11380    100.490     0.6639     0.6722   2.769260   2.769863     2.0764     2.4607      8.111     1.2207     1.0954 1.0715e-01     0.1185    97.0817     7.6104     7.7184    32.4504    32.4495    26.0148    26.0136    8.04362 0.0000e+00
      11383    100.346     0.6672     0.6778   2.769577   2.770366     2.0752     2.4619      8.111     1.2207     1.0954 1.0715e-01     0.1185    97.0817     7.6008     7.7205    32.4511    32.4502    26.0152    26.0139    8.04288 0.0000e+00
