Datasets/AZMP/HUD120/hud120_2020_051.cnv
* Sea-Bird SBE 9 Data File:
* FileName = C:\CTDDATA\hud120_2020_051.hex
* Software Version Seasave V 7.26.7.110
* Temperature SN = 1697
* Conductivity SN = 4216
* Number of Bytes Per Scan = 30
* Number of Voltage Words = 4
* Number of Scans Averaged by the Deck Unit = 1
* NMEA baud rate = 4800
** VESSEL/TRIP/SEQ STN:  hud120_2020_051
** LATITUDE XX XX.XX: 47 00.00 N
** LONGITUDE XX XX.XX: 043 50.00 W
** SOUNDING DEPTH (M): 0581
** PROBE TYPE: S1146
** CTD NUMBER: 030
** FORMAT: V
** COMMENTS (14 CHAR): FC-31
** BOTTLES:  10
** LEVELS: 5,10,20,30,40,50,75,100,150,BTM
** STICKERS: 439699 - 439708
** VNET: Y
** DO2: N
# nquan = 22
# nvalues = 8521                        
# units = specified
# name 0 = scan: Scan Count
# name 1 = prDM: Pressure, Digiquartz [db]
# name 2 = t090C: Temperature [ITS-90, deg C]
# name 3 = t190C: Temperature, 2 [ITS-90, deg C]
# name 4 = c0S/m: Conductivity [S/m]
# name 5 = c1S/m: Conductivity, 2 [S/m]
# name 6 = sbeox0V: Oxygen raw, SBE 43 [V]
# name 7 = sbeox1V: Oxygen raw, SBE 43, 2 [V]
# name 8 = ph: pH
# name 9 = flECO-AFL: Fluorescence, WET Labs ECO-AFL/FL [mg/m^3]
# name 10 = wetCDOM: Fluorescence, WET Labs CDOM [mg/m^3]
# name 11 = par/sat/log: PAR/Logarithmic, Satlantic [umol photons/m^2/sec]
# name 12 = CStarAt0: Beam Attenuation, WET Labs C-Star [1/m]
# name 13 = CStarTr0: Beam Transmission, WET Labs C-Star [%]
# name 14 = sbeox0ML/L: Oxygen, SBE 43 [ml/l], WS = 2
# name 15 = sbeox1ML/L: Oxygen, SBE 43, 2 [ml/l], WS = 2
# name 16 = sal00: Salinity, Practical [PSU]
# name 17 = sal11: Salinity, Practical, 2 [PSU]
# name 18 = sigma-t00: Density [sigma-t, kg/m^3 ]
# name 19 = sigma-t11: Density, 2 [sigma-t, kg/m^3 ]
# name 20 = oxsatML/L: Oxygen Saturation, Weiss [ml/l]
# name 21 = flag: flag
# span 0 =          2,      64019       
# span 1 =      1.843,    578.242       
# span 2 =     3.6736,     8.0290       
# span 3 =     3.6761,     8.0247       
# span 4 =   3.224602,   3.533209       
# span 5 =   3.224915,   3.532580       
# span 6 =     1.8256,     2.2059       
# span 7 =     2.1732,     2.6512       
# span 8 =      7.950,      8.123       
# span 9 =     0.8646,     5.9928       
# span 10 =    -2.8130,   482.1870      
# span 11 = 1.0483e-01, 2.0319e-01      
# span 12 =     0.0803,     0.3314      
# span 13 =    92.0488,    98.0118      
# span 14 =     5.6392,     6.7235      
# span 15 =     5.7946,     6.9423      
# span 16 =    33.6877,    34.8785      
# span 17 =    33.6872,    34.8774      
# span 18 =    26.3200,    27.6927      
# span 19 =    26.3565,    27.6927      
# span 20 =    6.64595,    7.33222      
# span 21 = 0.0000e+00, 0.0000e+00      
# interval = scans: 3                   
# start_time = Nov 22 2020 21:20:33 [System UTC, header]
# bad_flag = -9.990e-29
*END*
[from data line 2634]
      10442    358.981     3.8337     3.8298   3.242572   3.242064     1.9084     2.2772      7.962     0.8952    -1.3918 1.0715e-01     0.0832    97.9422     6.2959     6.4826    34.8293    34.8274    27.6676    27.6665    7.30175 0.0000e+00
      10445    359.186     3.8350     3.8291   3.242582   3.242057     1.9080     2.2768      7.959     0.9053    -1.4313 1.0715e-01     0.0832    97.9422     6.2946     6.4824    34.8279    34.8279    27.6664    27.6670    7.30159 0.0000e+00
      10448    359.391     3.8369     3.8329   3.242905   3.242437     1.9080     2.2764      7.961     0.9155    -1.4707 1.0715e-01     0.0835    97.9335     6.2917     6.4808    34.8296    34.8283    27.6675    27.6669    7.30115 0.0000e+00
      10451    359.601     3.8395     3.8339   3.243076   3.242440     1.9080     2.2768      7.962     0.8952    -1.4707 1.0727e-01     0.0832    97.9422     6.2908     6.4814    34.8288    34.8272    27.6666    27.6659    7.30073 0.0000e+00
      10454    359.811     3.8403     3.8319   3.243173   3.242289     1.9072     2.2764      7.959     0.8952    -1.4313 1.0715e-01     0.0832    97.9422     6.2870     6.4788    34.8290    34.8273    27.6667    27.6663    7.30058 0.0000e+00
      10457    360.019     3.8396     3.8332   3.243017   3.242467     1.9072     2.2752      7.959     0.8850    -1.3918 1.0715e-01     0.0832    97.9422     6.2860     6.4726    34.8278    34.8280    27.6658    27.6666    7.30076 0.0000e+00
      10460    360.229     3.8380     3.8343   3.242899   3.242529     1.9063     2.2748      7.961     0.8952     1.2533 1.0715e-01     0.0832    97.9422     6.2798     6.4718    34.8279    34.8275    27.6661    27.6661    7.30104 0.0000e+00
      10463    360.441     3.8383     3.8349   3.243059   3.242674     1.9067     2.2752      7.962     0.9053   417.4019 1.0715e-01     0.0832    97.9422     6.2824     6.4768    34.8294    34.8285    27.6673    27.6669    7.30092 0.0000e+00
      10466    360.648     3.8411     3.8379   3.243274   3.242955     1.9067     2.2748      7.959     0.9053   481.6738 1.0715e-01     0.0832    97.9422     6.2836     6.4773    34.8289    34.8285    27.6666    27.6666    7.30044 0.0000e+00
      10469    360.855     3.8418     3.8387   3.243406   3.243036     1.9072     2.2752      7.961     0.9053   481.0421 1.0715e-01     0.0832    97.9422     6.2887     6.4815    34.8296    34.8285    27.6671    27.6664    7.30028 0.0000e+00
      10472    361.059     3.8451     3.8373   3.243781   3.242865     1.9067     2.2752      7.962     0.9053   481.3184 1.0715e-01     0.0832    97.9422     6.2875     6.4836    34.8305    34.8279    27.6674    27.6661    7.29965 0.0000e+00
      10475    361.261     3.8453     3.8373   3.243641   3.242929     1.9063     2.2748      7.961     0.8952   481.3579 1.0727e-01     0.0828    97.9509     6.2886     6.4840    34.8285    34.8285    27.6658    27.6666    7.29971 0.0000e+00
      10478    361.461     3.8432     3.8359   3.243428   3.242809     1.9063     2.2740      7.962     0.8850   481.3579 1.0715e-01     0.0825    97.9596     6.2890     6.4830    34.8280    34.8284    27.6656    27.6667    7.30010 0.0000e+00
      10481    361.659     3.8396     3.8358   3.243076   3.242722     1.9059     2.2740      7.961     0.9053   481.3579 1.0727e-01     0.0832    97.9422     6.2877     6.4845    34.8276    34.8274    27.6657    27.6659    7.30077 0.0000e+00
      10484    361.853     3.8389     3.8352   3.243128   3.242723     1.9051     2.2748      7.962     0.9155   481.2790 1.0715e-01     0.0832    97.9422     6.2837     6.4873    34.8288    34.8279    27.6667    27.6664    7.30083 0.0000e+00
      10487    362.043     3.8398     3.8342   3.243161   3.242615     1.9059     2.2752      7.962     0.8850   401.6892 1.0715e-01     0.0828    97.9509     6.2853     6.4898    34.8282    34.8276    27.6661    27.6662    7.30071 0.0000e+00
      10490    362.226     3.8391     3.8336   3.243101   3.242556     1.9059     2.2744      7.961     0.8850     6.4646 1.0715e-01     0.0825    97.9596     6.2868     6.4875    34.8281    34.8275    27.6662    27.6662    7.30084 0.0000e+00
      10493    362.405     3.8396     3.8342   3.243111   3.242710     1.9063     2.2748      7.961     0.9053     2.2009 1.0715e-01     0.0821    97.9683     6.2893     6.4894    34.8276    34.8286    27.6657    27.6670    7.30077 0.0000e+00
      10496    362.582     3.8393     3.8364   3.243186   3.242963     1.9059     2.2740      7.959     0.8952     3.4247 1.0715e-01     0.0821    97.9683     6.2900     6.4878    34.8287    34.8292    27.6666    27.6673    7.30077 0.0000e+00
      10499    362.749     3.8414     3.8360   3.243541   3.242816     1.9051     2.2740      7.959     0.9155     3.3457 1.0715e-01     0.0828    97.9509     6.2856     6.4887    34.8306    34.8278    27.6679    27.6662    7.30030 0.0000e+00
      10502    362.911     3.8444     3.8377   3.243819   3.243158     1.9051     2.2736      7.961     0.8850     3.3457 1.0715e-01     0.0821    97.9683     6.2891     6.4853    34.8307    34.8299    27.6676    27.6677    7.29976 0.0000e+00
      10505    363.066     3.8472     3.8429   3.244170   3.243771     1.9051     2.2740      7.962     0.9155     3.3457 1.0715e-01     0.0821    97.9683     6.2891     6.4852    34.8318    34.8316    27.6682    27.6685    7.29920 0.0000e+00
      10508    363.214     3.8506     3.8468   3.244511   3.244084     1.9047     2.2740      7.959     0.9155     3.3457 1.0715e-01     0.0828    97.9509     6.2846     6.4844    34.8322    34.8312    27.6682    27.6678    7.29857 0.0000e+00
      10511    363.352     3.8524     3.8482   3.244555   3.244214     1.9051     2.2744      7.961     0.8952     3.3457 1.0715e-01     0.0825    97.9596     6.2849     6.4887    34.8307    34.8311    27.6668    27.6675    7.29831 0.0000e+00
      10514    363.476     3.8513     3.8490   3.244415   3.244299     1.9051     2.2736      7.959     0.8952     4.6485 1.0715e-01     0.0825    97.9596     6.2857     6.4880    34.8301    34.8312    27.6665    27.6675    7.29854 0.0000e+00
      10517    363.590     3.8507     3.8496   3.244398   3.244375     1.9047     2.2744      7.959     0.9053     6.4646 1.0715e-01     0.0828    97.9509     6.2852     6.4908    34.8305    34.8314    27.6668    27.6677    7.29863 0.0000e+00
      10520    363.694     3.8532     3.8504   3.244710   3.244461     1.9047     2.2740      7.959     0.8952     6.4251 1.0715e-01     0.0828    97.9509     6.2834     6.4908    34.8315    34.8315    27.6674    27.6677    7.29814 0.0000e+00
      10523    363.786     3.8560     3.8524   3.244979   3.244596     1.9047     2.2736      7.959     0.9155     6.4251 1.0715e-01     0.0828    97.9509     6.2827     6.4888    34.8317    34.8309    27.6672    27.6670    7.29762 0.0000e+00
      10526    363.868     3.8581     3.8537   3.245010   3.244659     1.9055     2.2731      7.959     0.9053     6.4251 1.0715e-01     0.0828    97.9509     6.2845     6.4873    34.8297    34.8303    27.6655    27.6664    7.29733 0.0000e+00
      10529    363.936     3.8588     3.8541   3.245041   3.244669     1.9043     2.2740      7.959     0.9257     6.4251 1.0715e-01     0.0832    97.9422     6.2784     6.4902    34.8294    34.8299    27.6651    27.6660    7.29724 0.0000e+00
      10532    363.995     3.8588     3.8537   3.245132   3.244681     1.9039     2.2740      7.959     0.9257     6.4251 1.0715e-01     0.0832    97.9422     6.2762     6.4903    34.8304    34.8305    27.6659    27.6666    7.29718 0.0000e+00
      10535    364.041     3.8594     3.8540   3.245149   3.244607     1.9047     2.2744      7.961     0.9358     6.4251 1.0715e-01     0.0832    97.9422     6.2794     6.4920    34.8300    34.8293    27.6655    27.6655    7.29709 0.0000e+00
      10538    364.075     3.8592     3.8511   3.244982   3.244379     1.9043     2.2740      7.961     0.9358     6.4251 1.0715e-01     0.0828    97.9509     6.2807     6.4916    34.8282    34.8296    27.6641    27.6661    7.29722 0.0000e+00
      10597    364.120     3.8544     3.8421   3.244654   3.243551     1.9031     2.2728      7.961     0.9053     6.4251 1.0715e-01     0.0828    97.9509     6.2769     6.4791    34.8294    34.8293    27.6656    27.6667    7.29803 0.0000e+00
      10628    364.242     3.8550     3.8442   3.244913   3.243863     1.9023     2.2724      7.961     0.8952     7.1357 1.0715e-01     0.0825    97.9596     6.2749     6.4733    34.8317    34.8307    27.6674    27.6676    7.29780 0.0000e+00
      10631    364.386     3.8562     3.8480   3.244926   3.244185     1.9031     2.2728      7.959     0.8952     7.1357 1.0715e-01     0.0828    97.9509     6.2788     6.4735    34.8306    34.8305    27.6663    27.6671    7.29764 0.0000e+00
      10634    364.547     3.8548     3.8509   3.244835   3.244558     1.9027     2.2728      7.959     0.8952     7.1357 1.0715e-01     0.0832    97.9422     6.2775     6.4737    34.8309    34.8317    27.6667    27.6678    7.29788 0.0000e+00
      10637    364.713     3.8557     3.8540   3.245017   3.244838     1.9023     2.2719      7.961     0.9155     7.1357 1.0715e-01     0.0828    97.9509     6.2733     6.4684    34.8320    34.8317    27.6675    27.6674    7.29766 0.0000e+00
      10640    364.893     3.8579     3.8551   3.245249   3.244955     1.9023     2.2728      7.961     0.9053     7.1357 1.0727e-01     0.0828    97.9509     6.2746     6.4689    34.8323    34.8318    27.6675    27.6675    7.29725 0.0000e+00
      10643    365.087     3.8598     3.8559   3.245441   3.245032     1.9019     2.2719      7.959     0.8952     7.1357 1.0715e-01     0.0828    97.9509     6.2737     6.4639    34.8325    34.8318    27.6675    27.6673    7.29690 0.0000e+00
      10646    365.287     3.8606     3.8560   3.245534   3.245053     1.9027     2.2711      7.961     0.9053   383.6868 1.0715e-01     0.0828    97.9509     6.2766     6.4616    34.8326    34.8318    27.6675    27.6673    7.29675 0.0000e+00
      10649    365.492     3.8612     3.8555   3.245546   3.244990     1.9019     2.2719      7.961     0.8952   481.9501 1.0715e-01     0.0832    97.9422     6.2728     6.4651    34.8320    34.8314    27.6670    27.6671    7.29668 0.0000e+00
      10652    365.708     3.8605     3.8557   3.245471   3.245077     1.9027     2.2715      7.959     0.9053   481.0421 1.0715e-01     0.0828    97.9509     6.2768     6.4633    34.8317    34.8321    27.6668    27.6676    7.29681 0.0000e+00
      10655    365.934     3.8599     3.8555   3.245444   3.245050     1.9019     2.2703      7.959     0.8952   481.3184 1.0715e-01     0.0828    97.9509     6.2706     6.4585    34.8319    34.8319    27.6670    27.6675    7.29691 0.0000e+00
      10658    366.166     3.8596     3.8565   3.245356   3.245164     1.9015     2.2711      7.961     0.9155   481.3579 1.0715e-01     0.0832    97.9422     6.2692     6.4614    34.8310    34.8321    27.6664    27.6675    7.29700 0.0000e+00
      10661    366.403     3.8595     3.8562   3.245464   3.245151     1.9015     2.2703      7.961     0.9053   481.3579 1.0715e-01     0.0832    97.9422     6.2702     6.4575    34.8324    34.8321    27.6674    27.6676    7.29696 0.0000e+00
      10664    366.642     3.8677     3.8659   3.246580   3.246370     1.9019     2.2699      7.959     0.9053   481.3579 1.0715e-01     0.0828    97.9509     6.2711     6.4543    34.8368    34.8362    27.6702    27.6698    7.29528 0.0000e+00
      10667    366.885     3.8808     3.8783   3.247750   3.247435     1.9015     2.2707      7.959     0.9053   481.3184 1.0715e-01     0.0828    97.9509     6.2667     6.4577    34.8367    34.8355    27.6687    27.6680    7.29293 0.0000e+00
      10670    367.128     3.8832     3.8774   3.247921   3.247325     1.9015     2.2707      7.962     0.9053   481.3579 1.0715e-01     0.0832    97.9422     6.2682     6.4574    34.8361    34.8351    27.6680    27.6677    7.29253 0.0000e+00
      10673    367.369     3.8834     3.8792   3.247939   3.247546     1.9015     2.2699      7.961     0.9155   481.3579 1.0727e-01     0.0832    97.9422     6.2692     6.4540    34.8360    34.8357    27.6678    27.6680    7.29250 0.0000e+00
      10676    367.610     3.8833     3.8795   3.247943   3.247602     1.9015     2.2699      7.961     0.9053   481.3579 1.0715e-01     0.0832    97.9422     6.2693     6.4539    34.8360    34.8359    27.6679    27.6682    7.29251 0.0000e+00
      10679    367.846     3.8859     3.8835   3.248385   3.248115     1.9002     2.2695      7.962     0.9053   481.3579 1.0727e-01     0.0828    97.9509     6.2633     6.4509    34.8383    34.8377    27.6694    27.6692    7.29192 0.0000e+00
      10682    368.077     3.8951     3.8923   3.249418   3.249004     1.9011     2.2691      7.961     0.9155   481.3579 1.0715e-01     0.0832    97.9422     6.2652     6.4471    34.8407    34.8388    27.6704    27.6691    7.29015 0.0000e+00
      10685    368.308     3.9018     3.8959   3.249921   3.249266     1.9011     2.2683      7.959     0.8952   481.3579 1.0715e-01     0.0832    97.9422     6.2618     6.4438    34.8395    34.8380    27.6688    27.6681    7.28902 0.0000e+00
      10688    368.529     3.9007     3.8934   3.249869   3.249105     1.9011     2.2691      7.959     0.9155   481.3579 1.0715e-01     0.0832    97.9422     6.2608     6.4444    34.8399    34.8386    27.6691    27.6689    7.28919 0.0000e+00
      10691    368.745     3.9037     3.8988   3.250230   3.249746     1.9011     2.2691      7.961     0.8952   481.3579 1.0715e-01     0.0832    97.9422     6.2609     6.4409    34.8409    34.8403    27.6697    27.6698    7.28861 0.0000e+00
      10694    368.954     3.9064     3.9045   3.250433   3.250337     1.9015     2.2683      7.959     0.8952   481.3579 1.0715e-01     0.0832    97.9422     6.2617     6.4372    34.8404    34.8412    27.6689    27.6699    7.28815 0.0000e+00
      10697    369.154     3.9066     3.9066   3.250397   3.250408     1.9002     2.2683      7.959     0.9053   481.3579 1.0715e-01     0.0832    97.9422     6.2557     6.4362    34.8396    34.8397    27.6683    27.6684    7.28815 0.0000e+00
      10700    369.345     3.9054     3.9019   3.250340   3.249982     1.9006     2.2675      7.959     0.9155   481.3579 1.0715e-01     0.0832    97.9422     6.2578     6.4324    34.8401    34.8396    27.6688    27.6688    7.28834 0.0000e+00
      10703    369.524     3.9064     3.9018   3.250529   3.250058     1.9002     2.2675      7.961     0.9053   481.3579 1.0715e-01     0.0832    97.9422     6.2523     6.4316    34.8412    34.8404    27.6696    27.6695    7.28812 0.0000e+00
      10706    369.697     3.9078     3.9034   3.250710   3.250276     1.9002     2.2675      7.959     0.9155   481.3579 1.0715e-01     0.0832    97.9422     6.2478     6.4299    34.8418    34.8412    27.6699    27.6700    7.28783 0.0000e+00
      10709    369.862     3.9114     3.9078   3.251183   3.250800     1.8994     2.2670      7.961     0.9155   481.3579 1.0715e-01     0.0835    97.9335     6.2419     6.4257    34.8434    34.8427    27.6709    27.6706    7.28710 0.0000e+00
      10712    370.019     3.9151     3.9112   3.251557   3.251157     1.8994     2.2658      7.961     0.9053   481.3184 1.0715e-01     0.0832    97.9422     6.2409     6.4177    34.8439    34.8432    27.6708    27.6708    7.28642 0.0000e+00
      10715    370.163     3.9182     3.9147   3.251884   3.251505     1.9006     2.2666      7.959     0.8952   481.3579 1.0715e-01     0.0825    97.9596     6.2446     6.4200    34.8444    34.8436    27.6709    27.6706    7.28583 0.0000e+00
      10718    370.297     3.9204     3.9176   3.252025   3.251785     1.8990     2.2654      7.959     0.9053   481.3579 1.0715e-01     0.0832    97.9422     6.2393     6.4155    34.8437    34.8437    27.6702    27.6705    7.28548 0.0000e+00
