Datasets/AZMP/HUD120/hud120_2020_007.cnv
* Sea-Bird SBE 9 Data File:
* FileName = C:\CTDDATA\hud120_2020_007.hex
* Software Version Seasave V 7.26.7.110
* Temperature SN = 1697
* Conductivity SN = 4216
* Number of Bytes Per Scan = 30
* Number of Voltage Words = 4
* Number of Scans Averaged by the Deck Unit = 1
* NMEA baud rate = 4800
** VESSEL/TRIP/SEQ STN:  hud120_2020_007
** LATITUDE XX XX.XX: 46 46.42 N
** LONGITUDE XX XX.XX: 055 37.14 W
** SOUNDING DEPTH (M): 0097
** PROBE TYPE: S1146
** CTD NUMBER: 003
** FORMAT: V
** COMMENTS (14 CHAR): SWSPB-01
** BOTTLES:  8
** LEVELS: 5,10,20,30,40,50,75,BTM
** STICKERS: 439520 - 439527
** VNET: Y
** DO2: N
# nquan = 22
# nvalues = 2165                        
# units = specified
# name 0 = scan: Scan Count
# name 1 = prDM: Pressure, Digiquartz [db]
# name 2 = t090C: Temperature [ITS-90, deg C]
# name 3 = t190C: Temperature, 2 [ITS-90, deg C]
# name 4 = c0S/m: Conductivity [S/m]
# name 5 = c1S/m: Conductivity, 2 [S/m]
# name 6 = sbeox0V: Oxygen raw, SBE 43 [V]
# name 7 = sbeox1V: Oxygen raw, SBE 43, 2 [V]
# name 8 = ph: pH
# name 9 = flECO-AFL: Fluorescence, WET Labs ECO-AFL/FL [mg/m^3]
# name 10 = wetCDOM: Fluorescence, WET Labs CDOM [mg/m^3]
# name 11 = par/sat/log: PAR/Logarithmic, Satlantic [umol photons/m^2/sec]
# name 12 = CStarAt0: Beam Attenuation, WET Labs C-Star [1/m]
# name 13 = CStarTr0: Beam Transmission, WET Labs C-Star [%]
# name 14 = sbeox0ML/L: Oxygen, SBE 43 [ml/l], WS = 2
# name 15 = sbeox1ML/L: Oxygen, SBE 43, 2 [ml/l], WS = 2
# name 16 = sal00: Salinity, Practical [PSU]
# name 17 = sal11: Salinity, Practical, 2 [PSU]
# name 18 = sigma-t00: Density [sigma-t, kg/m^3 ]
# name 19 = sigma-t11: Density, 2 [sigma-t, kg/m^3 ]
# name 20 = oxsatML/L: Oxygen Saturation, Weiss [ml/l]
# name 21 = flag: flag
# span 0 =         16,      27217       
# span 1 =      2.102,     92.750       
# span 2 =     0.5824,     8.1584       
# span 3 =     0.5775,     8.1515       
# span 4 =   2.762277,   3.331718       
# span 5 =   2.761956,   3.331412       
# span 6 =     2.0790,     2.2339       
# span 7 =     2.4754,     2.6674       
# span 8 =      7.927,      8.078       
# span 9 =     1.1394,     7.5394       
# span 10 =    -2.8130,   482.1870      
# span 11 = 1.0678e-01, 6.8294e-01      
# span 12 =     0.0995,     0.2622      
# span 13 =    93.6569,    97.5424      
# span 14 =     6.6899,     7.6907      
# span 15 =     6.6048,     7.8452      
# span 16 =    31.7337,    32.4630      
# span 17 =    31.7330,    32.4609      
# span 18 =    24.7030,    26.0271      
# span 19 =    24.7088,    26.0261      
# span 20 =    6.72268,    8.06089      
# span 21 = 0.0000e+00, 0.0000e+00      
# interval = scans: 3                   
# start_time = Nov 10 2020 20:42:35 [System UTC, header]
# bad_flag = -9.990e-29
*END*
[from data line 1252]
       6726     72.935     0.7408     0.7343   2.773284   2.772827     2.0904     2.4922      7.932     1.2716     6.7804 1.0727e-01     0.1325    96.7427     7.6355     7.7853    32.4375    32.4384    26.0001    26.0012    8.02808 0.0000e+00
       6729     72.814     0.7465     0.7338   2.773432   2.772391     2.0913     2.4922      7.932     1.2615     6.7804 1.0715e-01     0.1328    96.7340     7.6341     7.7837    32.4334    32.4334    25.9965    25.9972    8.02709 0.0000e+00
       6732     72.693     0.7457     0.7304   2.773289   2.772190     2.0921     2.4930      7.932     1.2615     6.7804 1.0715e-01     0.1342    96.6992     7.6334     7.7878    32.4325    32.4344    25.9958    25.9982    8.02731 0.0000e+00
       6735     72.568     0.7447     0.7324   2.773185   2.772688     2.0917     2.4922      7.932     1.2411     6.7804 1.0715e-01     0.1342    96.6992     7.6269     7.7832    32.4323    32.4388    25.9957    26.0016    8.02754 0.0000e+00
       6738     72.444     0.7437     0.7414   2.773232   2.773365     2.0921     2.4918      7.932     1.2411     6.7804 1.0715e-01     0.1346    96.6905     7.6271     7.7785    32.4340    32.4382    25.9971    26.0006    8.02765 0.0000e+00
       6741     72.318     0.7500     0.7467   2.773837   2.773609     2.0929     2.4922      7.932     1.2309     6.7804 1.0715e-01     0.1342    96.6992     7.6287     7.7810    32.4353    32.4358    25.9978    25.9984    8.02626 0.0000e+00
       6744     72.193     0.7569     0.7514   2.774319   2.773969     2.0917     2.4922      7.932     1.2309     2.9115 1.0727e-01     0.1335    96.7166     7.6226     7.7795    32.4344    32.4355    25.9967    25.9980    8.02485 0.0000e+00
       6747     72.068     0.7607     0.7547   2.774485   2.774067     2.0917     2.4922      7.932     1.2411     1.7665 1.0727e-01     0.1342    96.6992     7.6230     7.7785    32.4326    32.4335    25.9950    25.9961    8.02415 0.0000e+00
       6750     71.945     0.7600     0.7547   2.774277   2.774005     2.0908     2.4918      7.932     1.2309     1.8060 1.0715e-01     0.1342    96.6992     7.6171     7.7768    32.4307    32.4328    25.9935    25.9955    8.02439 0.0000e+00
       6753     71.823     0.7557     0.7545   2.773925   2.774012     2.0908     2.4918      7.932     1.2411     1.8060 1.0727e-01     0.1357    96.6645     7.6151     7.7786    32.4307    32.4331    25.9939    25.9958    8.02530 0.0000e+00
       6756     71.704     0.7544     0.7547   2.773960   2.774044     2.0913     2.4922      7.932     1.2411     1.8060 1.0727e-01     0.1350    96.6818     7.6193     7.7817    32.4326    32.4334    25.9954    25.9961    8.02547 0.0000e+00
       6759     71.583     0.7552     0.7553   2.774059   2.774121     2.0908     2.4922      7.932     1.2106     1.8060 1.0715e-01     0.1350    96.6818     7.6182     7.7842    32.4331    32.4338    25.9958    25.9963    8.02527 0.0000e+00
       6762     71.466     0.7600     0.7565   2.774456   2.774222     2.0917     2.4922      7.932     1.1800     1.8060 1.0715e-01     0.1350    96.6818     7.6222     7.7849    32.4332    32.4339    25.9956    25.9964    8.02425 0.0000e+00
       6765     71.353     0.7637     0.7577   2.774697   2.774296     2.0917     2.4934      7.932     1.1800     1.8060 1.0727e-01     0.1350    96.6818     7.6238     7.7886    32.4326    32.4337    25.9949    25.9961    8.02351 0.0000e+00
       6768     71.241     0.7660     0.7598   2.774795   2.774430     2.0917     2.4922      7.932     1.1902     1.9245 1.0715e-01     0.1350    96.6818     7.6286     7.7854    32.4315    32.4333    25.9939    25.9957    8.02309 0.0000e+00
       6771     71.132     0.7667     0.7606   2.774798   2.774458     2.0921     2.4918      7.932     1.1902     3.4642 1.0727e-01     0.1357    96.6645     7.6336     7.7851    32.4308    32.4329    25.9933    25.9953    8.02297 0.0000e+00
       6774     71.023     0.7664     0.7606   2.774779   2.774437     2.0921     2.4922      7.932     1.1902     3.4642 1.0727e-01     0.1353    96.6732     7.6360     7.7877    32.4310    32.4327    25.9935    25.9951    8.02304 0.0000e+00
       6777     70.915     0.7657     0.7608   2.774727   2.774473     2.0917     2.4934      7.932     1.1800     3.4642 1.0727e-01     0.1353    96.6732     7.6306     7.7901    32.4311    32.4330    25.9936    25.9953    8.02317 0.0000e+00
       6780     70.810     0.7656     0.7612   2.774724   2.774464     2.0925     2.4922      7.932     1.1902     3.4642 1.0715e-01     0.1357    96.6645     7.6311     7.7862    32.4313    32.4325    25.9937    25.9949    8.02318 0.0000e+00
       6783     70.707     0.7653     0.7610   2.774666   2.774455     2.0921     2.4934      7.932     1.1699     3.4642 1.0715e-01     0.1357    96.6645     7.6291     7.7905    32.4309    32.4327    25.9934    25.9951    8.02327 0.0000e+00
       6786     70.607     0.7655     0.7609   2.774721   2.774466     2.0917     2.4926      7.932     1.2411     3.4642 1.0715e-01     0.1357    96.6645     7.6237     7.7870    32.4314    32.4330    25.9938    25.9954    8.02319 0.0000e+00
       6789     70.508     0.7667     0.7618   2.774829   2.774522     2.0921     2.4930      7.932     1.2716     3.4642 1.0715e-01     0.1357    96.6645     7.6248     7.7890    32.4316    32.4328    25.9939    25.9951    8.02293 0.0000e+00
       6792     70.411     0.7672     0.7621   2.774806   2.774514     2.0925     2.4934      7.932     1.2716     3.4642 1.0715e-01     0.1372    96.6297     7.6262     7.7916    32.4309    32.4325    25.9933    25.9949    8.02288 0.0000e+00
       6795     70.315     0.7666     0.7621   2.774780   2.774568     2.0929     2.4934      7.932     1.2716     2.4772 1.0715e-01     0.1379    96.6123     7.6296     7.7914    32.4312    32.4332    25.9936    25.9954    8.02298 0.0000e+00
       6798     70.221     0.7673     0.7630   2.774809   2.774616     2.0925     2.4934      7.932     1.2615     0.1479 1.0727e-01     0.1379    96.6123     7.6276     7.7887    32.4309    32.4329    25.9933    25.9952    8.02284 0.0000e+00
       6801     70.130     0.7669     0.7632   2.774808   2.774634     2.0917     2.4930      7.932     1.2615     0.2664 1.0715e-01     0.1379    96.6123     7.6205     7.7852    32.4313    32.4329    25.9937    25.9952    8.02290 0.0000e+00
       6804     70.042     0.7674     0.7635   2.774855   2.774623     2.0925     2.4938      7.932     1.2716     0.2269 1.0727e-01     0.1379    96.6123     7.6233     7.7883    32.4314    32.4326    25.9937    25.9949    8.02279 0.0000e+00
       6807     69.953     0.7693     0.7635   2.774996   2.774573     2.0929     2.4934      7.930     1.2615     0.2664 1.0727e-01     0.1379    96.6123     7.6254     7.7874    32.4314    32.4320    25.9936    25.9944    8.02240 0.0000e+00
       6810     69.866     0.7698     0.7637   2.774976   2.774639     2.0917     2.4938      7.932     1.2716     0.2664 1.0715e-01     0.1382    96.6036     7.6188     7.7918    32.4306    32.4327    25.9929    25.9950    8.02233 0.0000e+00
       6813     69.777     0.7690     0.7652   2.774910   2.774771     2.0929     2.4934      7.932     1.2818     0.2664 1.0715e-01     0.1451    96.4385     7.6197     7.7890    32.4307    32.4329    25.9931    25.9950    8.02251 0.0000e+00
       6816     69.689     0.7695     0.7658   2.774992   2.774780     2.0925     2.4938      7.932     1.2716     0.2664 1.0715e-01     0.1458    96.4211     7.6151     7.7910    32.4313    32.4324    25.9935    25.9946    8.02237 0.0000e+00
       6819     69.603     0.7708     0.7669   2.775067   2.774869     2.0933     2.4942      7.932     1.2615     0.2664 1.0715e-01     0.1454    96.4298     7.6192     7.7929    32.4309    32.4324    25.9931    25.9946    8.02211 0.0000e+00
       6822     69.516     0.7713     0.7685   2.775077   2.774955     2.0921     2.4934      7.932     1.2716     0.5822 1.0715e-01     0.1458    96.4211     7.6160     7.7900    32.4305    32.4319    25.9928    25.9940    8.02202 0.0000e+00
       6825     69.426     0.7707     0.7681   2.775077   2.774927     2.0921     2.4934      7.932     1.2615     0.8586 1.0715e-01     0.1454    96.4298     7.6168     7.7914    32.4312    32.4320    25.9934    25.9942    8.02211 0.0000e+00
       6828     69.338     0.7706     0.7686   2.775034   2.774962     2.0925     2.4942      7.932     1.2716     0.8586 1.0715e-01     0.1458    96.4211     7.6190     7.7950    32.4308    32.4320    25.9931    25.9941    8.02215 0.0000e+00
       6831     69.249     0.7700     0.7681   2.775062   2.774891     2.0929     2.4946      7.932     1.2920     0.8586 1.0715e-01     0.1440    96.4646     7.6289     7.7986    32.4319    32.4316    25.9939    25.9938    8.02222 0.0000e+00
       6834     69.157     0.7744     0.7676   2.775402   2.774850     2.0921     2.4950      7.932     1.2716     0.8586 1.0715e-01     0.1350    96.6818     7.6340     7.7999    32.4317    32.4317    25.9936    25.9940    8.02131 0.0000e+00
       6837     69.065     0.7762     0.7658   2.775575   2.774622     2.0917     2.4946      7.932     1.2615     0.8586 1.0715e-01     0.1346    96.6905     7.6392     7.7990    32.4321    32.4307    25.9938    25.9933    8.02091 0.0000e+00
       6840     68.974     0.7796     0.7632   2.775688   2.774529     2.0917     2.4946      7.932     1.2716     0.8586 1.0715e-01     0.1346    96.6905     7.6475     7.7990    32.4301    32.4322    25.9920    25.9946    8.02030 0.0000e+00
       6843     68.877     0.7794     0.7638   2.775652   2.774567     2.0925     2.4946      7.932     1.2716     0.8586 1.0715e-01     0.1350    96.6818     7.6559     7.7995    32.4298    32.4322    25.9918    25.9946    8.02035 0.0000e+00
       6846     68.778     0.7768     0.7654   2.775420   2.774744     2.0929     2.4950      7.932     1.2615     0.8586 1.0715e-01     0.1346    96.6905     7.6614     7.7994    32.4296    32.4329    25.9918    25.9950    8.02091 0.0000e+00
       6849     68.681     0.7768     0.7699   2.775541   2.775113     2.0929     2.4954      7.932     1.2716     1.2533 1.0715e-01     0.1346    96.6905     7.6605     7.7975    32.4313    32.4329    25.9931    25.9948    8.02083 0.0000e+00
       6852     68.581     0.7787     0.7714   2.775564   2.775192     2.0933     2.4954      7.932     1.2716     1.3323 1.0715e-01     0.1346    96.6905     7.6578     7.7945    32.4297    32.4325    25.9917    25.9944    8.02052 0.0000e+00
       6855     68.482     0.7805     0.7725   2.775872   2.775175     2.0957     2.4958      7.932     1.2716     1.3323 1.0727e-01     0.1335    96.7166     7.6635     7.7950    32.4318    32.4311    25.9932    25.9932    8.02001 0.0000e+00
       6858     68.378     0.7815     0.7713   2.775684   2.774924     2.0957     2.4950      7.932     1.2818     1.3323 1.0715e-01     0.1335    96.7166     7.6551     7.7921    32.4284    32.4292    25.9905    25.9917    8.01999 0.0000e+00
       6861     68.273     0.7740     0.7657   2.769728   2.774476     2.0965     2.4958      7.932     1.2818     1.3323 1.0715e-01     0.1335    96.7166     7.6528     7.7968    32.3595    32.4294    25.9355    25.9922    8.02532 0.0000e+00
       6864     68.167     0.7702     0.7619   2.774359   2.774327     2.0961     2.4958      7.932     1.2004     1.3323 1.0727e-01     0.1335    96.7166     7.6366     7.7969    32.4232    32.4315    25.9869    25.9941    8.02265 0.0000e+00
       6867     68.056     0.7691     0.7610   2.774987   2.774457     2.0953     2.4954      7.932     1.1699     1.3323 1.0715e-01     0.1335    96.7166     7.6228     7.7936    32.4325    32.4342    25.9945    25.9963    8.02237 0.0000e+00
       6870     67.947     0.7769     0.7667   2.775722   2.775023     2.0949     2.4958      7.932     1.1800     1.3323 1.0715e-01     0.1335    96.7166     7.6083     7.7922    32.4339    32.4355    25.9952    25.9971    8.02066 0.0000e+00
       6873     67.836     0.7839     0.7708   2.776046   2.775159     2.0953     2.4958      7.932     1.1800     1.7271 1.0715e-01     0.1339    96.7079     7.6023     7.7907    32.4309    32.4331    25.9923    25.9948    8.01936 0.0000e+00
       6876     67.727     0.7857     0.7718   2.776080   2.775091     2.0937     2.4958      7.932     1.1800     3.9774 1.0715e-01     0.1335    96.7166     7.5885     7.7892    32.4294    32.4313    25.9911    25.9934    8.01905 0.0000e+00
       6879     67.614     0.7847     0.7728   2.775968   2.775270     2.0933     2.4958      7.932     1.1800     3.9379 1.0727e-01     0.1346    96.6905     7.5848     7.7915    32.4291    32.4326    25.9908    25.9944    8.01927 0.0000e+00
       6882     67.501     0.7846     0.7753   2.775994   2.775414     2.0925     2.4958      7.932     1.1902     3.9379 1.0715e-01     0.1342    96.6992     7.5897     7.7928    32.4296    32.4318    25.9913    25.9936    8.01927 0.0000e+00
       6885     67.387     0.7875     0.7758   2.776295   2.775313     2.0925     2.4967      7.932     1.1800     3.9379 1.0715e-01     0.1342    96.6992     7.5947     7.7934    32.4305    32.4300    25.9919    25.9922    8.01862 0.0000e+00
       6888     67.272     0.7903     0.7744   2.776415   2.775277     2.0933     2.4958      7.932     1.1902     3.9379 1.0727e-01     0.1346    96.6905     7.6046     7.7893    32.4291    32.4312    25.9906    25.9931    8.01809 0.0000e+00
       6891     67.159     0.7910     0.7789   2.776577   2.775923     2.0929     2.4962      7.932     1.2309     3.9379 1.0727e-01     0.1346    96.6905     7.6098     7.7912    32.4306    32.4348    25.9918    25.9958    8.01787 0.0000e+00
       6894     67.044     0.8001     0.7837   2.777359   2.776034     2.0925     2.4962      7.931     1.2513     3.9379 1.0715e-01     0.1335    96.7166     7.6093     7.7905    32.4313    32.4313    25.9917    25.9927    8.01592 0.0000e+00
       6897     66.930     0.8061     0.7862   2.777553   2.776296     2.0937     2.4954      7.931     1.2411     3.9379 1.0715e-01     0.1335    96.7166     7.6204     7.7893    32.4275    32.4321    25.9884    25.9932    8.01486 0.0000e+00
       6900     66.816     0.8058     0.7893   2.777519   2.776497     2.0937     2.4967      7.931     1.2513   203.7808 1.0727e-01     0.1335    96.7166     7.6307     7.7940    32.4274    32.4315    25.9884    25.9926    8.01493 0.0000e+00
       6903     66.705     0.8055     0.7937   2.777498   2.776832     2.0941     2.4971      7.931     1.2207   482.1870 1.0727e-01     0.1335    96.7166     7.6388     7.7945    32.4276    32.4313    25.9885    25.9922    8.01499 0.0000e+00
       6906     66.594     0.8087     0.7966   2.777810   2.777056     2.0949     2.4967      7.931     1.2411   481.1605 1.0727e-01     0.1335    96.7166     7.6424     7.7918    32.4283    32.4312    25.9889    25.9919    8.01427 0.0000e+00
       6909     66.483     0.8122     0.8004   2.778036   2.777284     2.0937     2.4958      7.931     1.2513   481.3184 1.0715e-01     0.1335    96.7166     7.6361     7.7893    32.4276    32.4303    25.9881    25.9910    8.01357 0.0000e+00
       6912     66.370     0.8127     0.8025   2.777987   2.777395     2.0937     2.4962      7.931     1.2411   481.2790 1.0715e-01     0.1350    96.6818     7.6349     7.7928    32.4265    32.4295    25.9872    25.9902    8.01353 0.0000e+00
       6915     66.258     0.8123     0.8042   2.777959   2.777472     2.0941     2.4971      7.931     1.2411   481.3579 1.0727e-01     0.1379    96.6123     7.6359     7.7938    32.4266    32.4289    25.9873    25.9896    8.01360 0.0000e+00
