Datasets/AZMP/HUD120/hud120_2020_057.cnv
* Sea-Bird SBE 9 Data File:
* FileName = C:\CTDDATA\hud120_2020_057.hex
* Software Version Seasave V 7.26.7.110
* Temperature SN = 1697
* Conductivity SN = 4216
* Number of Bytes Per Scan = 30
* Number of Voltage Words = 4
* Number of Scans Averaged by the Deck Unit = 1
* NMEA baud rate = 4800
** VESSEL/TRIP/SEQ STN:  hud120_2020_057
** LATITUDE XX XX.XX: 47 00.00 N
** LONGITUDE XX XX.XX: 044 59.30 W
** SOUNDING DEPTH (M): 0152
** PROBE TYPE: S1146
** CTD NUMBER: 036
** FORMAT: V
** COMMENTS (14 CHAR): FC-25
** BOTTLES:  0
** LEVELS: 0
** STICKERS:
** VNET: N
** DO2: N
# nquan = 22
# nvalues = 2340                        
# units = specified
# name 0 = scan: Scan Count
# name 1 = prDM: Pressure, Digiquartz [db]
# name 2 = t090C: Temperature [ITS-90, deg C]
# name 3 = t190C: Temperature, 2 [ITS-90, deg C]
# name 4 = c0S/m: Conductivity [S/m]
# name 5 = c1S/m: Conductivity, 2 [S/m]
# name 6 = sbeox0V: Oxygen raw, SBE 43 [V]
# name 7 = sbeox1V: Oxygen raw, SBE 43, 2 [V]
# name 8 = ph: pH
# name 9 = flECO-AFL: Fluorescence, WET Labs ECO-AFL/FL [mg/m^3]
# name 10 = wetCDOM: Fluorescence, WET Labs CDOM [mg/m^3]
# name 11 = par/sat/log: PAR/Logarithmic, Satlantic [umol photons/m^2/sec]
# name 12 = CStarAt0: Beam Attenuation, WET Labs C-Star [1/m]
# name 13 = CStarTr0: Beam Transmission, WET Labs C-Star [%]
# name 14 = sbeox0ML/L: Oxygen, SBE 43 [ml/l], WS = 2
# name 15 = sbeox1ML/L: Oxygen, SBE 43, 2 [ml/l], WS = 2
# name 16 = sal00: Salinity, Practical [PSU]
# name 17 = sal11: Salinity, Practical, 2 [PSU]
# name 18 = sigma-t00: Density [sigma-t, kg/m^3 ]
# name 19 = sigma-t11: Density, 2 [sigma-t, kg/m^3 ]
# name 20 = oxsatML/L: Oxygen Saturation, Weiss [ml/l]
# name 21 = flag: flag
# span 0 =          2,      10836       
# span 1 =      0.405,    147.795       
# span 2 =     3.6573,     7.3061       
# span 3 =     3.6523,     7.3017       
# span 4 =   2.873095,   3.400857       
# span 5 =   2.574013,   3.400332       
# span 6 =     1.8473,     2.2169       
# span 7 =     2.1961,     2.6471       
# span 8 =      7.925,      8.132       
# span 9 =     0.8850,     7.2342       
# span 10 =    -2.8130,   482.1870      
# span 11 = 1.0703e-01, 1.4757e+01      
# span 12 =     0.1074,     0.3977      
# span 13 =    90.5364,    97.3512      
# span 14 =     5.8947,     6.7802      
# span 15 =     6.0419,     6.9520      
# span 16 =    27.6889,    34.5820      
# span 17 =    24.6259,    34.5813      
# span 18 =    21.6317,    27.4794      
# span 19 =    19.2311,    27.4793      
# span 20 =    6.78913,    7.35308      
# span 21 = 0.0000e+00, 0.0000e+00      
# interval = scans: 3                   
# start_time = Nov 23 2020 10:25:47 [System UTC, header]
# bad_flag = -9.990e-29
*END*
[from data line 1778]
       8001     66.018     3.9782     3.9644   3.190364   3.188761     1.9626     2.3473      7.983     1.0884    -0.3258 1.0715e-01     0.1074    97.3512     6.4449     6.6964    34.2132    34.2087    27.1625    27.1603    7.30562 0.0000e+00
       8004     65.833     3.9705     3.9623   3.189358   3.188134     1.9643     2.3501      7.983     1.0783    -0.3258 1.0715e-01     0.1077    97.3425     6.4576     6.7109    34.2094    34.2035    27.1603    27.1565    7.30718 0.0000e+00
       8007     65.635     3.9724     3.9694   3.189104   3.188171     1.9651     2.3522      7.983     1.0783    -0.3258 1.0715e-01     0.1077    97.3425     6.4636     6.7206    34.2045    34.1966    27.1562    27.1502    7.30708 0.0000e+00
       8010     65.429     3.9766     3.9726   3.188737   3.188176     1.9671     2.3546      7.983     1.0986    -0.3258 1.0715e-01     0.1074    97.3512     6.4765     6.7317    34.1960    34.1934    27.1489    27.1473    7.30675 0.0000e+00
       8013     65.215     3.9803     3.9763   3.189071   3.188623     1.9683     2.3554      7.983     1.0986    -0.3258 1.0715e-01     0.1077    97.3425     6.4836     6.7360    34.1961    34.1950    27.1487    27.1482    7.30607 0.0000e+00
       8016     64.991     3.9947     3.9912   3.190109   3.189732     1.9696     2.3583      7.983     1.1088    -0.3653 1.0715e-01     0.1074    97.3512     6.4876     6.7436    34.1936    34.1928    27.1452    27.1449    7.30361 0.0000e+00
       8019     64.761     4.0087     4.0041   3.191045   3.190447     1.9716     2.3603      7.985     1.1190    -0.3258 1.0715e-01     0.1077    97.3425     6.4936     6.7482    34.1901    34.1879    27.1410    27.1397    7.30125 0.0000e+00
       8022     64.522     4.0207     4.0092   3.191799   3.190940     1.9728     2.3632      7.986     1.1190    -0.3258 1.0715e-01     0.1074    97.3512     6.4974     6.7567    34.1867    34.1885    27.1371    27.1397    7.29927 0.0000e+00
       8025     64.273     4.0294     4.0208   3.192299   3.191667     1.9736     2.3652      7.987     1.1190    -0.2074 1.0715e-01     0.1074    97.3512     6.4987     6.7583    34.1837    34.1852    27.1338    27.1359    7.29785 0.0000e+00
       8028     64.014     4.0359     4.0286   3.192793   3.192132     1.9757     2.3672      7.987     1.1190    -0.2074 1.0715e-01     0.1074    97.3512     6.5046     6.7623    34.1829    34.1828    27.1325    27.1331    7.29672 0.0000e+00
       8031     63.751     4.0428     4.0316   3.193241   3.192314     1.9773     2.3697      7.987     1.1088    -0.2074 1.0715e-01     0.1074    97.3512     6.5091     6.7667    34.1812    34.1819    27.1304    27.1321    7.29556 0.0000e+00
       8034     63.487     4.0476     4.0361   3.193557   3.192673     1.9777     2.3717      7.987     1.1292    -0.2074 1.0715e-01     0.1077    97.3425     6.5077     6.7671    34.1801    34.1816    27.1290    27.1314    7.29476 0.0000e+00
       8037     63.214     4.0524     4.0354   3.193977   3.192730     1.9797     2.3734      7.989     1.1292    -0.2074 1.0715e-01     0.1077    97.3425     6.5116     6.7651    34.1802    34.1831    27.1286    27.1327    7.29389 0.0000e+00
       8040     62.939     4.0587     4.0444   3.194427   3.193409     1.9806     2.3758      7.990     1.0986    -0.2074 1.0715e-01     0.1088    97.3164     6.5099     6.7630    34.1791    34.1820    27.1271    27.1308    7.29282 0.0000e+00
       8043     62.664     4.0640     4.0486   3.194807   3.193500     1.9822     2.3774      7.990     1.0884    -0.2469 1.0715e-01     0.1077    97.3425     6.5124     6.7576    34.1782    34.1788    27.1258    27.1279    7.29190 0.0000e+00
       8046     62.384     4.0668     4.0479   3.195086   3.193686     1.9830     2.3795      7.992     1.0884    -0.2074 1.0715e-01     0.1088    97.3164     6.5141     6.7555    34.1787    34.1819    27.1260    27.1304    7.29137 0.0000e+00
       8049     62.110     4.0707     4.0613   3.195656   3.195065     1.9838     2.3811      7.992     1.0884    -0.0100 1.0715e-01     0.1077    97.3425     6.5134     6.7510    34.1816    34.1845    27.1278    27.1311    7.29054 0.0000e+00
       8052     61.827     4.0907     4.0885   3.197291   3.196992     1.9858     2.3835      7.992     1.0783     0.1479 1.0715e-01     0.1077    97.3425     6.5144     6.7476    34.1803    34.1790    27.1247    27.1239    7.28702 0.0000e+00
       8055     61.539     4.1082     4.1003   3.198577   3.197459     1.9871     2.3835      7.992     1.0986     0.1479 1.0715e-01     0.1084    97.3251     6.5146     6.7377    34.1775    34.1724    27.1207    27.1174    7.28404 0.0000e+00
       8058     61.256     4.1185     4.1083   3.198691   3.198318     1.9883     2.3847      7.992     1.0884     0.1479 1.0715e-01     0.1088    97.3164     6.5149     6.7340    34.1682    34.1745    27.1122    27.1183    7.28263 0.0000e+00
       8061     60.976     4.1329     4.1288   3.200869   3.199662     1.9879     2.3856      7.992     1.0884     0.1479 1.0715e-01     0.1088    97.3164     6.5051     6.7276    34.1792    34.1692    27.1195    27.1119    7.27954 0.0000e+00
       8064     60.694     4.1748     4.1422   3.203910   3.201183     1.9903     2.3872      7.992     1.0884     0.1479 1.0715e-01     0.1088    97.3164     6.5047     6.7234    34.1717    34.1733    27.1091    27.1138    7.27241 0.0000e+00
       8067     60.420     4.1958     4.2009   3.204670   3.205056     1.9907     2.3876      7.992     1.1292     0.1479 1.0715e-01     0.1088    97.3164     6.5011     6.7083    34.1589    34.1582    27.0967    27.0956    7.26927 0.0000e+00
       8070     60.147     4.2058     4.2063   3.205050   3.205478     1.9928     2.3892      7.995     1.1190     0.1479 1.0715e-01     0.1088    97.3164     6.5053     6.7062    34.1532    34.1577    27.0911    27.0946    7.26778 0.0000e+00
       8073     59.879     4.2275     4.2305   3.207735   3.207552     1.9928     2.3909      7.993     1.1190     0.1479 1.0727e-01     0.1088    97.3164     6.4943     6.7020    34.1625    34.1572    27.0962    27.0917    7.26346 0.0000e+00
       8076     59.618     4.2754     4.2589   3.211173   3.209332     1.9940     2.3921      7.993     1.1190    -1.5102 1.0715e-01     0.1092    97.3077     6.4846     6.6975    34.1534    34.1488    27.0839    27.0820    7.25537 0.0000e+00
       8079     59.369     4.3084     4.2670   3.212803   3.209593     1.9952     2.3925      7.996     1.1088    -1.8260 1.0715e-01     0.1095    97.2990     6.4796     6.6948    34.1385    34.1436    27.0686    27.0771    7.25023 0.0000e+00
       8082     59.130     4.3101     4.2652   3.212540   3.209094     1.9952     2.3941      7.996     1.1088    -1.8260 1.0715e-01     0.1092    97.3077     6.4778     6.6963    34.1337    34.1398    27.0646    27.0742    7.25016 0.0000e+00
       8085     58.900     4.3085     4.2448   3.212299   3.207761     1.9964     2.3949      7.996     1.1190    -1.8260 1.0715e-01     0.1099    97.2903     6.4817     6.6980    34.1326    34.1453    27.0639    27.0807    7.25049 0.0000e+00
       8088     58.677     4.3066     4.2553   3.212485   3.209034     1.9973     2.3949      7.996     1.1190    -1.8260 1.0715e-01     0.1095    97.2990     6.4829     6.6927    34.1370    34.1496    27.0676    27.0830    7.25063 0.0000e+00
       8091     58.462     4.3188     4.3072   3.213669   3.212788     1.9993     2.3957      7.996     1.1800    -1.8260 1.0715e-01     0.1099    97.2903     6.4892     6.6820    34.1384    34.1400    27.0674    27.0700    7.24839 0.0000e+00
       8094     58.260     4.3322     4.3270   3.214302   3.213746     1.9985     2.3957      7.996     1.2818    -1.8260 1.0715e-01     0.1099    97.2903     6.4808     6.6738    34.1321    34.1309    27.0610    27.0606    7.24632 0.0000e+00
       8097     58.065     4.3364     4.3188   3.214468   3.212404     1.9985     2.3970      8.001     1.2818    -1.7866 1.0715e-01     0.1103    97.2816     6.4799     6.6772    34.1298    34.1237    27.0587    27.0557    7.24569 0.0000e+00
       8100     57.879     4.3304     4.2468   3.213549   3.206771     1.9997     2.3974      8.001     1.2716    -1.4312 1.0715e-01     0.1117    97.2469     6.4851     6.6886    34.1253    34.1321    27.0557    27.0700    7.24697 0.0000e+00
       8103     57.702     4.3028     4.1806   3.211955   3.202500     2.0001     2.3982      8.001     1.2818     0.9375 1.0715e-01     0.1117    97.2469     6.4900     6.6996    34.1352    34.1505    27.0666    27.0917    7.25139 0.0000e+00
       8106     57.538     4.3085     4.1554   3.212519   3.201568     2.0021     2.3990      8.001     1.2716     0.9770 1.0715e-01     0.1117    97.2469     6.4956     6.7055    34.1360    34.1659    27.0666    27.1065    7.25034 0.0000e+00
       8109     57.388     4.3254     4.1663   3.214349   3.202407     2.0029     2.3998      8.004     1.2818     0.9770 1.0715e-01     0.1120    97.2382     6.4949     6.7061    34.1401    34.1644    27.0681    27.1042    7.24714 0.0000e+00
       8112     57.252     4.3505     4.1741   3.215672   3.202452     2.0042     2.4006      8.005     1.2615     0.9770 1.0715e-01     0.1113    97.2555     6.4941     6.7088    34.1297    34.1570    27.0571    27.0975    7.24319 0.0000e+00
       8115     57.129     4.3539     4.1709   3.215250   3.203063     2.0042     2.4006      8.005     1.2818     0.9770 1.0715e-01     0.1117    97.2469     6.4937     6.7108    34.1213    34.1676    27.0501    27.1062    7.24299 0.0000e+00
       8118     57.018     4.2921     4.1683   3.210473   3.201912     2.0042     2.4014      8.006     1.2615     0.9770 1.0715e-01     0.1120    97.2382     6.5027     6.7152    34.1292    34.1568    27.0630    27.0979    7.25358 0.0000e+00
       8121     56.927     4.2945     4.1610   3.212160   3.202398     2.0058     2.4018      8.006     1.2411     0.9770 1.0715e-01     0.1127    97.2208     6.5049     6.7165    34.1466    34.1702    27.0765    27.1093    7.25231 0.0000e+00
       8124     56.854     4.3142     4.2136   3.213167   3.206136     2.0062     2.4022      8.006     1.2207     0.9770 1.0715e-01     0.1120    97.2382     6.4985     6.7093    34.1381    34.1597    27.0677    27.0955    7.24922 0.0000e+00
       8127     56.793     4.3383     4.2508   3.214503   3.208502     2.0062     2.4022      8.005     1.2309     0.8980 1.0715e-01     0.1120    97.2382     6.4914     6.7027    34.1289    34.1490    27.0578    27.0830    7.24539 0.0000e+00
       8130     56.748     4.3092     4.2628   3.212076   3.208769     2.0074     2.4039      8.006     1.2513     0.7401 1.0715e-01     0.1124    97.2295     6.4992     6.7068    34.1305    34.1397    27.0622    27.0744    7.25047 0.0000e+00
       8133     56.715     4.3048     4.2421   3.212416   3.207338     2.0083     2.4039      8.006     1.2309     0.7401 1.0715e-01     0.1131    97.2121     6.5011     6.7121    34.1391    34.1443    27.0695    27.0803    7.25085 0.0000e+00
       8238     56.589     4.3882     4.3969   3.217981   3.218130     2.0294     2.4324      8.010     1.2818    -0.7206 1.0715e-01     0.1127    97.2208     6.5982     6.8195    34.1182    34.1109    27.0440    27.0373    7.23707 0.0000e+00
       8241     56.404     4.4000     4.3986   3.219099   3.218875     2.0298     2.4332      8.010     1.2615    -0.6811 1.0715e-01     0.1131    97.2121     6.5961     6.8128    34.1192    34.1180    27.0435    27.0427    7.23494 0.0000e+00
       8244     56.213     4.4133     4.4219   3.219715   3.220456     2.0306     2.4340      8.010     1.2716    -0.6811 1.0715e-01     0.1131    97.2121     6.5961     6.8008    34.1127    34.1125    27.0369    27.0359    7.23289 0.0000e+00
       8247     56.015     4.4281     4.4486   3.221034   3.222227     2.0315     2.4360      8.010     1.2615    -0.7206 1.0727e-01     0.1131    97.2121     6.5959     6.7928    34.1130    34.1059    27.0356    27.0277    7.23027 0.0000e+00
       8250     55.813     4.4552     4.4763   3.223148   3.224459     2.0319     2.4369      8.010     1.1902    -0.6811 1.0715e-01     0.1131    97.2121     6.5916     6.7820    34.1099    34.1035    27.0302    27.0228    7.22563 0.0000e+00
       8253     55.606     4.4834     4.5010   3.225324   3.225324     2.0310     2.4373      8.010     1.1902    -0.6811 1.0715e-01     0.1131    97.2121     6.5822     6.7724    34.1065    34.0883    27.0244    27.0080    7.22083 0.0000e+00
       8256     55.394     4.5340     4.5221   3.228990   3.227978     2.0323     2.4369      8.010     1.1800    -0.6811 1.0715e-01     0.1131    97.2121     6.5778     6.7618    34.0973    34.0976    27.0116    27.0132    7.21237 0.0000e+00
       8259     55.179     4.5716     4.5719   3.231864   3.230736     2.0331     2.4373      8.009     1.1800     0.7796 1.0715e-01     0.1131    97.2121     6.5729     6.7513    34.0922    34.0787    27.0035    26.9927    7.20600 0.0000e+00
       8262     54.966     4.6083     4.5899   3.235012   3.233242     2.0339     2.4377      8.009     1.2004     1.0954 1.0715e-01     0.1142    97.1860     6.5709     6.7469    34.0913    34.0895    26.9987    26.9993    7.19962 0.0000e+00
       8265     54.750     4.6721     4.6420   3.239709   3.237248     2.0351     2.4373      8.009     1.1902     1.0954 1.0715e-01     0.1135    97.2034     6.5688     6.7362    34.0804    34.0827    26.9831    26.9882    7.18896 0.0000e+00
       8268     54.536     4.7458     4.7006   3.245806   3.241002     2.0359     2.4361      8.011     1.1800     1.0954 1.0715e-01     0.1138    97.1947     6.5655     6.7235    34.0758    34.0664    26.9713    26.9688    7.17632 0.0000e+00
       8271     54.318     4.7947     4.7174   3.248349   3.241257     2.0367     2.4373      8.013     1.1800     1.0954 1.0715e-01     0.1135    97.2034     6.5685     6.7290    34.0552    34.0522    26.9495    26.9556    7.16878 0.0000e+00
       8274     54.105     4.8633     4.7472   3.254059   3.245476     2.0376     2.4377      8.013     1.2004     1.0954 1.0727e-01     0.1135    97.2034     6.5680     6.7320    34.0514    34.0708    26.9387    26.9671    7.15707 0.0000e+00
       8277     53.896     4.9124     4.8546   3.256809   3.252858     2.0380     2.4393      8.013     1.2513     1.0954 1.0715e-01     0.1138    97.1947     6.5699     6.7280    34.0330    34.0464    26.9186    26.9357    7.14942 0.0000e+00
       8280     53.690     4.9386     4.8927   3.257458   3.254119     2.0384     2.4397      8.015     1.2309     1.0954 1.0715e-01     0.1152    97.1599     6.5740     6.7327    34.0139    34.0221    26.9004    26.9122    7.14579 0.0000e+00
       8283     53.494     4.9238     4.8787   3.256947   3.252629     2.0392     2.4413      8.018     1.2411     1.1349 1.0715e-01     0.1174    97.1078     6.5869     6.7517    34.0232    34.0193    26.9095    26.9115    7.14791 0.0000e+00
       8286     53.308     4.9302     4.8483   3.256962   3.250856     2.0412     2.4418      8.018     1.2309     1.5297 1.0715e-01     0.1163    97.1338     6.6045     6.7685    34.0169    34.0300    26.9038    26.9234    7.14710 0.0000e+00
       8289     53.122     4.9285     4.9004   3.257955   3.255596     2.0420     2.4426      8.019     1.2309     1.5692 1.0715e-01     0.1170    97.1165     6.6182     6.7744    34.0303    34.0317    26.9146    26.9189    7.14678 0.0000e+00
       8292     52.940     4.9748     4.8951   3.260966   3.254318     2.0445     2.4438      8.020     1.2309     1.5692 1.0715e-01     0.1170    97.1165     6.6327     6.7894    34.0178    34.0224    26.8994    26.9121    7.13935 0.0000e+00
       8295     52.766     5.0031     4.9160   3.263363   3.256964     2.0457     2.4450      8.020     1.2411     1.5692 1.0715e-01     0.1167    97.1251     6.6411     6.7942    34.0168    34.0318    26.8954    26.9172    7.13453 0.0000e+00
