Datasets/AZMP/HUD120/hud120_2020_015.cnv
* Sea-Bird SBE 9 Data File:
* FileName = C:\CTDDATA\hud120_2020_015.hex
* Software Version Seasave V 7.26.7.110
* Temperature SN = 1697
* Conductivity SN = 4216
* Number of Bytes Per Scan = 30
* Number of Voltage Words = 4
* Number of Scans Averaged by the Deck Unit = 1
* NMEA baud rate = 4800
** VESSEL/TRIP/SEQ STN:  hud120_2020_015
** LATITUDE XX XX.XX: 46 35.00 N
** LONGITUDE XX XX.XX: 052 56.00 W
** SOUNDING DEPTH (M): 0056
** PROBE TYPE: S1146
** CTD NUMBER: 005
** FORMAT: V
** COMMENTS (14 CHAR): SEGB-01
** BOTTLES:  06
** LEVELS: 5,10,20,30,40,BTM
** STICKERS: 439547 - 439552
** VNET: Y
** DO2: N
# nquan = 22
# nvalues = 1123                        
# units = specified
# name 0 = scan: Scan Count
# name 1 = prDM: Pressure, Digiquartz [db]
# name 2 = t090C: Temperature [ITS-90, deg C]
# name 3 = t190C: Temperature, 2 [ITS-90, deg C]
# name 4 = c0S/m: Conductivity [S/m]
# name 5 = c1S/m: Conductivity, 2 [S/m]
# name 6 = sbeox0V: Oxygen raw, SBE 43 [V]
# name 7 = sbeox1V: Oxygen raw, SBE 43, 2 [V]
# name 8 = ph: pH
# name 9 = flECO-AFL: Fluorescence, WET Labs ECO-AFL/FL [mg/m^3]
# name 10 = wetCDOM: Fluorescence, WET Labs CDOM [mg/m^3]
# name 11 = par/sat/log: PAR/Logarithmic, Satlantic [umol photons/m^2/sec]
# name 12 = CStarAt0: Beam Attenuation, WET Labs C-Star [1/m]
# name 13 = CStarTr0: Beam Transmission, WET Labs C-Star [%]
# name 14 = sbeox0ML/L: Oxygen, SBE 43 [ml/l], WS = 2
# name 15 = sbeox1ML/L: Oxygen, SBE 43, 2 [ml/l], WS = 2
# name 16 = sal00: Salinity, Practical [PSU]
# name 17 = sal11: Salinity, Practical, 2 [PSU]
# name 18 = sigma-t00: Density [sigma-t, kg/m^3 ]
# name 19 = sigma-t11: Density, 2 [sigma-t, kg/m^3 ]
# name 20 = oxsatML/L: Oxygen Saturation, Weiss [ml/l]
# name 21 = flag: flag
# span 0 =         10,      23556       
# span 1 =      0.249,     50.333       
# span 2 =     5.1060,     5.6870       
# span 3 =     5.1018,     5.6865       
# span 4 =   2.549548,   3.088617       
# span 5 =   2.135395,   3.088722       
# span 6 =     2.1796,     2.2118       
# span 7 =     2.5057,     2.6310       
# span 8 =      8.017,      8.034       
# span 9 =     2.3909,     3.8764       
# span 10 =    -2.8130,   482.1870      
# span 11 = 3.0650e-01, 1.3727e+02      
# span 12 =     0.0857,     0.1120      
# span 13 =    97.2382,    97.8814      
# span 14 =     6.8454,     7.1941      
# span 15 =     6.5294,     7.3547      
# span 16 =    25.4068,    31.5755      
# span 17 =    20.9215,    31.5755      
# span 18 =    20.0144,    24.9497      
# span 19 =    16.4779,    24.9502      
# span 20 =    7.14053,    7.42626      
# span 21 = 0.0000e+00, 0.0000e+00      
# interval = scans: 3                   
# start_time = Nov 17 2020 12:15:53 [System UTC, header]
# bad_flag = -9.990e-29
*END*
[from data line 330]
       1896     27.218     5.3147     5.3089   3.071085   3.070632     2.1966     2.5934      8.021     2.7572   481.1211 3.0806e+00     0.0910    97.7510     7.1491     7.2722    31.5214    31.5217    24.8839    24.8848    7.19826 0.0000e+00
       1899     27.402     5.3128     5.3088   3.070956   3.070627     2.1966     2.5946      8.023     2.7673   481.1211 3.0103e+00     0.0892    97.7944     7.1483     7.2748    31.5217    31.5216    24.8843    24.8848    7.19858 0.0000e+00
       1902     27.581     5.3121     5.3084   3.070896   3.070631     2.1966     2.5946      8.021     2.7572   481.1211 2.9346e+00     0.0874    97.8379     7.1476     7.2729    31.5215    31.5220    24.8844    24.8851    7.19871 0.0000e+00
       1905     27.758     5.3136     5.3087   3.071100   3.070694     2.1970     2.5967      8.021     2.8488   481.1211 2.8942e+00     0.0878    97.8292     7.1479     7.2810    31.5223    31.5224    24.8848    24.8853    7.19840 0.0000e+00
       1908     27.929     5.3144     5.3100   3.071134   3.070830     2.1970     2.5971      8.021     2.8488   481.1211 2.8182e+00     0.0885    97.8118     7.1480     7.2830    31.5219    31.5225    24.8844    24.8853    7.19829 0.0000e+00
       1911     28.099     5.3145     5.3106   3.071145   3.070789     2.1970     2.5971      8.021     2.8488   481.1211 2.7730e+00     0.0885    97.8118     7.1475     7.2813    31.5218    31.5214    24.8843    24.8844    7.19827 0.0000e+00
       1914     28.264     5.3139     5.3074   3.071051   3.070517     2.1966     2.5983      8.021     2.8488   481.1211 2.7002e+00     0.0885    97.8118     7.1474     7.2840    31.5212    31.5213    24.8839    24.8846    7.19841 0.0000e+00
       1917     28.424     5.3108     5.3062   3.070786   3.070390     2.1966     2.5995      8.021     2.8386   481.1211 2.6477e+00     0.0881    97.8205     7.1491     7.2870    31.5210    31.5209    24.8841    24.8845    7.19894 0.0000e+00
       1920     28.578     5.3080     5.3014   3.070478   3.069968     2.1970     2.5995      8.021     2.8386   481.1211 2.5871e+00     0.0896    97.7858     7.1523     7.2839    31.5201    31.5206    24.8837    24.8848    7.19948 0.0000e+00
       1923     28.722     5.3038     5.2975   3.070224   3.069761     2.1978     2.6004      8.021     2.8488   481.1211 2.5338e+00     0.0899    97.7771     7.1563     7.2845    31.5211    31.5218    24.8849    24.8862    7.20016 0.0000e+00
       1926     28.855     5.3032     5.2980   3.070237   3.069845     2.1970     2.6008      8.021     2.8589   481.1211 2.4817e+00     0.0899    97.7771     7.1538     7.2832    31.5218    31.5222    24.8855    24.8865    7.20023 0.0000e+00
       1929     28.980     5.3043     5.2984   3.070324   3.069798     2.1978     2.6020      8.021     2.8996   481.1211 2.4250e+00     0.0896    97.7858     7.1563     7.2837    31.5217    31.5212    24.8853    24.8856    7.20005 0.0000e+00
       1932     29.090     5.3040     5.2968   3.070312   3.069706     2.1982     2.6020      8.021     3.0217   323.9550 2.3915e+00     0.0896    97.7858     7.1581     7.2835    31.5217    31.5216    24.8854    24.8861    7.20009 0.0000e+00
       1935     29.187     5.3033     5.2967   3.070229   3.069741     2.1978     2.6020      8.021     3.0014     0.0295 2.3558e+00     0.0896    97.7858     7.1551     7.2808    31.5215    31.5220    24.8853    24.8865    7.20024 0.0000e+00
       1938     29.269     5.3032     5.2981   3.070209   3.069858     2.1982     2.6032      8.021     3.0014    10.8467 2.3368e+00     0.0899    97.7771     7.1557     7.2794    31.5212    31.5220    24.8851    24.8863    7.20026 0.0000e+00
       1941     29.337     5.3031     5.2989   3.070221   3.069870     2.1978     2.6036      8.021     3.0014    10.4915 2.3234e+00     0.0892    97.7945     7.1525     7.2777    31.5215    31.5214    24.8853    24.8857    7.20027 0.0000e+00
       1944     29.392     5.3033     5.2984   3.070217   3.069834     2.1978     2.6032      8.021     2.9912    10.5704 2.3261e+00     0.0892    97.7945     7.1505     7.2742    31.5212    31.5215    24.8850    24.8858    7.20024 0.0000e+00
       1947     29.427     5.3031     5.2981   3.070257   3.069839     2.1982     2.6040      8.021     3.0115    10.5704 2.3207e+00     0.0892    97.7945     7.1513     7.2736    31.5218    31.5218    24.8855    24.8861    7.20025 0.0000e+00
       2009     29.502     5.3104     5.3057   3.070852   3.070481     2.1962     2.6061      8.023     2.9708     5.5961 2.5508e+00     0.0896    97.7858     7.1387     7.2775    31.5216    31.5219    24.8846    24.8854    7.19899 0.0000e+00
       2042     29.692     5.3132     5.3092   3.071088   3.070776     2.1945     2.6081      8.021     2.9403     3.5037 2.6082e+00     0.0896    97.7858     7.1298     7.2854    31.5216    31.5219    24.8843    24.8849    7.19851 0.0000e+00
       2045     29.900     5.3135     5.3096   3.071170   3.070838     2.1958     2.6085      8.021     2.9505     3.4642 2.5515e+00     0.0896    97.7858     7.1384     7.2887    31.5222    31.5221    24.8847    24.8850    7.19843 0.0000e+00
       2048     30.120     5.3137     5.3095   3.071171   3.070832     2.1958     2.6081      8.021     2.9403     3.5037 2.4846e+00     0.0896    97.7858     7.1408     7.2917    31.5219    31.5220    24.8844    24.8850    7.19841 0.0000e+00
       2051     30.351     5.3131     5.3084   3.071128   3.070738     2.1937     2.6089      8.021     2.9403     3.4642 2.4222e+00     0.0896    97.7858     7.1350     7.2976    31.5218    31.5218    24.8844    24.8850    7.19851 0.0000e+00
       2054     30.590     5.3101     5.3035   3.070656   3.070196     2.1954     2.6097      8.021     2.9505     3.4642 2.3586e+00     0.0896    97.7858     7.1438     7.3022    31.5192    31.5202    24.8827    24.8842    7.19916 0.0000e+00
       2057     30.833     5.2930     5.2874   3.069156   3.068940     2.1954     2.6093      8.021     2.9403     3.4642 2.3047e+00     0.0899    97.7771     7.1514     7.3041    31.5182    31.5210    24.8838    24.8867    7.20218 0.0000e+00
       2060     31.083     5.2778     5.2810   3.068059   3.068544     2.1950     2.6105      8.021     2.8589     3.4642 2.2416e+00     0.0885    97.8118     7.1515     7.3101    31.5198    31.5223    24.8868    24.8884    7.20474 0.0000e+00
       2063     31.343     5.2704     5.2730   3.067493   3.067855     2.1954     2.6113      8.021     2.7165     7.1752 2.1803e+00     0.0874    97.8379     7.1545     7.3147    31.5203    31.5219    24.8880    24.8890    7.20601 0.0000e+00
       2066     31.609     5.2598     5.2643   3.066748   3.067102     2.1950     2.6109      8.021     2.7368    14.0840 2.1133e+00     0.0874    97.8379     7.1530     7.3145    31.5216    31.5215    24.8902    24.8896    7.20779 0.0000e+00
       2069     31.869     5.2560     5.2531   3.066541   3.066290     2.1954     2.6117      8.021     2.7165    13.7682 2.0437e+00     0.0874    97.8379     7.1545     7.3193    31.5228    31.5226    24.8916    24.8918    7.20840 0.0000e+00
       2072     32.117     5.2552     5.2506   3.066483   3.066136     2.1945     2.6130      8.021     2.7470    13.7682 1.9945e+00     0.0874    97.8379     7.1551     7.3226    31.5228    31.5231    24.8916    24.8924    7.20854 0.0000e+00
       2075     32.353     5.2542     5.2495   3.066427   3.066105     2.1958     2.6121      8.021     2.7165    13.8077 1.9534e+00     0.0874    97.8379     7.1622     7.3167    31.5230    31.5237    24.8919    24.8930    7.20871 0.0000e+00
       2078     32.577     5.2543     5.2488   3.066452   3.066058     2.1962     2.6126      8.021     2.7267    13.7682 1.9089e+00     0.0874    97.8379     7.1635     7.3169    31.5230    31.5237    24.8919    24.8931    7.20868 0.0000e+00
       2081     32.781     5.2538     5.2489   3.066374   3.066005     2.1974     2.6126      8.021     2.7267    13.7682 1.8587e+00     0.0928    97.7076     7.1703     7.3143    31.5226    31.5229    24.8916    24.8925    7.20880 0.0000e+00
       2084     32.969     5.2487     5.2435   3.066063   3.065698     2.1962     2.6142      8.021     2.7267    13.7682 1.8037e+00     0.0949    97.6554     7.1674     7.3181    31.5237    31.5245    24.8931    24.8943    7.20963 0.0000e+00
       2087     33.136     5.2462     5.2405   3.066002   3.065608     2.1958     2.6142      8.021     2.7267    13.7682 1.7829e+00     0.0949    97.6554     7.1655     7.3168    31.5252    31.5261    24.8946    24.8959    7.20999 0.0000e+00
       2090     33.276     5.2455     5.2401   3.065892   3.065508     2.1954     2.6142      8.021     2.7267   306.1105 1.7604e+00     0.0949    97.6554     7.1640     7.3147    31.5246    31.5254    24.8942    24.8954    7.21014 0.0000e+00
       2093     33.391     5.2454     5.2396   3.065914   3.065471     2.1958     2.6142      8.021     2.7368   482.1475 1.7341e+00     0.0949    97.6554     7.1690     7.3108    31.5249    31.5253    24.8944    24.8954    7.21015 0.0000e+00
       2096     33.478     5.2450     5.2399   3.065897   3.065491     2.1970     2.6142      8.021     2.7368   480.8052 1.7202e+00     0.0949    97.6554     7.1723     7.3082    31.5251    31.5253    24.8946    24.8953    7.21021 0.0000e+00
       2099     33.540     5.2472     5.2399   3.066197   3.065533     2.1966     2.6142      8.021     2.7267   481.1606 1.7102e+00     0.0949    97.6554     7.1672     7.3082    31.5264    31.5257    24.8954    24.8956    7.20977 0.0000e+00
       2102     33.581     5.2580     5.2496   3.067151   3.066222     2.1970     2.6150      8.021     2.7368   481.1211 1.7004e+00     0.0899    97.7771     7.1644     7.3063    31.5270    31.5243    24.8946    24.8935    7.20785 0.0000e+00
       2195     33.673     5.2736     5.2784   3.067987   3.068396     2.1978     2.6130      8.021     2.8488   347.4450 1.7024e+00     0.0917    97.7336     7.1466     7.2815    31.5217    31.5219    24.8887    24.8883    7.20538 0.0000e+00
       2198     33.814     5.2682     5.2691   3.067560   3.067571     2.1978     2.6121      8.021     2.8488   482.1475 1.6906e+00     0.0917    97.7336     7.1475     7.2804    31.5220    31.5212    24.8895    24.8889    7.20632 0.0000e+00
       2201     33.965     5.2662     5.2644   3.067416   3.067309     2.1966     2.6126      8.021     2.8488   480.8842 1.6520e+00     0.0910    97.7510     7.1426     7.2848    31.5221    31.5226    24.8899    24.8904    7.20665 0.0000e+00
       2204     34.119     5.2651     5.2645   3.067418   3.067412     2.1966     2.6121      8.021     2.8488   481.1606 1.6311e+00     0.0885    97.8118     7.1446     7.2842    31.5231    31.5236    24.8908    24.8913    7.20681 0.0000e+00
       2207     34.283     5.2660     5.2641   3.067520   3.067361     2.1954     2.6117      8.021     2.8589   481.2000 1.6030e+00     0.0885    97.8118     7.1397     7.2826    31.5233    31.5233    24.8908    24.8910    7.20663 0.0000e+00
       2210     34.450     5.2671     5.2625   3.067614   3.067241     2.1962     2.6130      8.021     2.8386   481.1211 1.5865e+00     0.0881    97.8205     7.1392     7.2891    31.5233    31.5234    24.8907    24.8913    7.20645 0.0000e+00
       2213     34.622     5.2675     5.2622   3.067654   3.067302     2.1962     2.6121      8.021     2.8386   481.2000 1.5592e+00     0.0885    97.8118     7.1384     7.2871    31.5233    31.5242    24.8907    24.8920    7.20638 0.0000e+00
       2216     34.794     5.2677     5.2631   3.067694   3.067426     2.1978     2.6117      8.021     2.8386   481.2000 1.5448e+00     0.0885    97.8118     7.1465     7.2868    31.5234    31.5247    24.8908    24.8923    7.20633 0.0000e+00
       2219     34.971     5.2678     5.2648   3.067661   3.067447     2.1966     2.6126      8.021     2.7165   454.0384 1.5009e+00     0.0885    97.8118     7.1456     7.2914    31.5229    31.5233    24.8903    24.8909    7.20634 0.0000e+00
       2222     35.147     5.2635     5.2617   3.067360   3.067262     2.1966     2.6126      8.021     2.7368    38.7190 1.4767e+00     0.0903    97.7684     7.1491     7.2936    31.5235    31.5240    24.8913    24.8919    7.20707 0.0000e+00
       2225     35.324     5.2616     5.2628   3.067389   3.067449     2.1966     2.6130      8.021     2.7165    15.7816 1.4496e+00     0.0906    97.7597     7.1505     7.2946    31.5255    31.5250    24.8931    24.8926    7.20730 0.0000e+00
       2228     35.502     5.2634     5.2643   3.067562   3.067521     2.1974     2.6126      8.021     2.7267    16.6897 1.4363e+00     0.0906    97.7597     7.1542     7.2934    31.5257    31.5243    24.8930    24.8919    7.20698 0.0000e+00
       2231     35.677     5.2613     5.2631   3.067326   3.067336     2.1958     2.6126      8.021     2.7267    16.6107 1.4165e+00     0.0906    97.7597     7.1494     7.2934    31.5249    31.5233    24.8926    24.8912    7.20738 0.0000e+00
       2234     35.852     5.2512     5.2533   3.066711   3.066659     2.1954     2.6134      8.021     2.7470    16.6107 1.3777e+00     0.0906    97.7597     7.1475     7.2975    31.5273    31.5247    24.8957    24.8934    7.20902 0.0000e+00
       2237     36.024     5.2470     5.2442   3.066502   3.066224     2.1958     2.6126      8.021     2.7267    16.6107 1.3635e+00     0.0906    97.7597     7.1489     7.2972    31.5288    31.5283    24.8973    24.8972    7.20969 0.0000e+00
       2240     36.194     5.2463     5.2419   3.066544   3.066158     2.1958     2.6130      8.021     2.7267    16.6107 1.3369e+00     0.0906    97.7597     7.1508     7.2990    31.5299    31.5296    24.8983    24.8985    7.20976 0.0000e+00
       2243     36.361     5.2445     5.2392   3.066554   3.066154     2.1962     2.6130      8.021     2.7165    16.6107 1.3308e+00     0.0906    97.7597     7.1551     7.2982    31.5316    31.5320    24.8998    24.9007    7.21000 0.0000e+00
       2246     36.521     5.2429     5.2362   3.066512   3.066092     2.1962     2.6130      8.021     2.6961   134.2977 1.3124e+00     0.0906    97.7597     7.1561     7.2978    31.5325    31.5341    24.9007    24.9027    7.21022 0.0000e+00
       2249     36.676     5.2405     5.2340   3.066417   3.065993     2.1958     2.6130      8.021     2.6961   482.1870 1.2899e+00     0.0906    97.7597     7.1577     7.2992    31.5337    31.5350    24.9019    24.9036    7.21059 0.0000e+00
       2252     36.833     5.2375     5.2310   3.066321   3.065883     2.1962     2.6130      8.021     2.6961   480.9237 1.2677e+00     0.0906    97.7597     7.1621     7.2997    31.5353    31.5364    24.9035    24.9051    7.21103 0.0000e+00
       2255     36.981     5.2344     5.2295   3.066192   3.065855     2.1970     2.6130      8.021     2.6757   481.2000 1.2416e+00     0.0906    97.7597     7.1655     7.2992    31.5367    31.5374    24.9050    24.9061    7.21151 0.0000e+00
       2258     37.123     5.2339     5.2262   3.066197   3.065642     2.1958     2.6130      8.021     2.6961   481.2000 1.2288e+00     0.0906    97.7597     7.1598     7.3009    31.5372    31.5381    24.9054    24.9070    7.21158 0.0000e+00
       2261     37.259     5.2272     5.2201   3.065876   3.065447     2.1962     2.6134      8.021     2.6859   481.2395 1.2118e+00     0.0903    97.7684     7.1617     7.3041    31.5397    31.5416    24.9081    24.9104    7.21261 0.0000e+00
       2264     37.388     5.2234     5.2177   3.065777   3.065387     2.1966     2.6134      8.021     2.6961   481.2395 1.1896e+00     0.0889    97.8031     7.1657     7.3030    31.5422    31.5431    24.9105    24.9119    7.21317 0.0000e+00
       2267     37.510     5.2226     5.2171   3.065760   3.065384     2.1958     2.6130      8.021     2.6859   481.2395 1.1800e+00     0.0885    97.8118     7.1644     7.3011    31.5426    31.5436    24.9109    24.9123    7.21328 0.0000e+00
