Datasets/AZMP/HUD120/hud120_2020_108.cnv
* Sea-Bird SBE 9 Data File:
* FileName = C:\CTDDATA\hud120_2020_108.hex
* Software Version Seasave V 7.26.7.110
* Temperature SN = 1697
* Conductivity SN = 4216
* Number of Bytes Per Scan = 30
* Number of Voltage Words = 4
* Number of Scans Averaged by the Deck Unit = 1
* NMEA baud rate = 4800
** VESSEL/TRIP/SEQ STN:  hud120_2020_108
** LATITUDE XX XX.XX: 47 40.80 N
** LONGITUDE XX XX.XX: 051 52.80 W
** SOUNDING DEPTH (M): 0188
** PROBE TYPE: S1146
** CTD NUMBER: 078
** FORMAT: V
** COMMENTS (14 CHAR): S27-04
** BOTTLES:  0
** LEVELS:
** STICKERS:
** VNET: N
** DO2: N
# nquan = 22
# nvalues = 3321                        
# units = specified
# name 0 = scan: Scan Count
# name 1 = prDM: Pressure, Digiquartz [db]
# name 2 = t090C: Temperature [ITS-90, deg C]
# name 3 = t190C: Temperature, 2 [ITS-90, deg C]
# name 4 = c0S/m: Conductivity [S/m]
# name 5 = c1S/m: Conductivity, 2 [S/m]
# name 6 = sbeox0V: Oxygen raw, SBE 43 [V]
# name 7 = sbeox1V: Oxygen raw, SBE 43, 2 [V]
# name 8 = ph: pH
# name 9 = flECO-AFL: Fluorescence, WET Labs ECO-AFL/FL [mg/m^3]
# name 10 = wetCDOM: Fluorescence, WET Labs CDOM [mg/m^3]
# name 11 = par/sat/log: PAR/Logarithmic, Satlantic [umol photons/m^2/sec]
# name 12 = CStarAt0: Beam Attenuation, WET Labs C-Star [1/m]
# name 13 = CStarTr0: Beam Transmission, WET Labs C-Star [%]
# name 14 = sbeox0ML/L: Oxygen, SBE 43 [ml/l], WS = 2
# name 15 = sbeox1ML/L: Oxygen, SBE 43, 2 [ml/l], WS = 2
# name 16 = sal00: Salinity, Practical [PSU]
# name 17 = sal11: Salinity, Practical, 2 [PSU]
# name 18 = sigma-t00: Density [sigma-t, kg/m^3 ]
# name 19 = sigma-t11: Density, 2 [sigma-t, kg/m^3 ]
# name 20 = oxsatML/L: Oxygen Saturation, Weiss [ml/l]
# name 21 = flag: flag
# span 0 =         75,      10923       
# span 1 =      1.720,    182.424       
# span 2 =    -0.5529,     2.8047       
# span 3 =    -0.5597,     2.7995       
# span 4 =   2.702568,   2.907376       
# span 5 =   2.701948,   2.906867       
# span 6 =     1.7475,     2.2116       
# span 7 =     2.0437,     2.6189       
# span 8 =      7.980,      8.179       
# span 9 =     0.9765,     4.3851       
# span 10 =    -2.8130,   482.1870      
# span 11 = 1.0331e-01, 1.2567e+00      
# span 12 =     0.0853,     0.3371      
# span 13 =    91.9185,    97.8901      
# span 14 =     6.0057,     7.9572      
# span 15 =     6.0506,     8.1554      
# span 16 =    32.0341,    33.8059      
# span 17 =    32.0328,    33.8047      
# span 18 =    25.5359,    27.0963      
# span 19 =    25.5346,    27.0956      
# span 20 =    7.63249,    8.28421      
# span 21 = 0.0000e+00, 0.0000e+00      
# interval = scans: 3                   
# start_time = Dec 01 2020 02:51:32 [System UTC, header]
# bad_flag = -9.990e-29
*END*
[from data line 1910]
       6450    163.283     0.5994     0.6542   2.864088   2.870032     1.7638     2.0646      7.995     1.0884    26.0857 1.0715e-01     0.2410    94.1524     6.1464     6.1772    33.7118    33.7293    27.0339    27.0448    7.98847 0.0000e+00
       6453    163.137     0.5984     0.6381   2.864286   2.868309     1.7646     2.0646      7.993     1.0884     1.9640 1.0715e-01     0.2373    94.2393     6.1512     6.1861    33.7156    33.7245    27.0370    27.0420    7.98848 0.0000e+00
       6456    162.984     0.6181     0.6358   2.867103   2.869009     1.7646     2.0658      7.995     1.0783     4.1748 1.0715e-01     0.2377    94.2306     6.1489     6.1968    33.7307    33.7363    27.0481    27.0515    7.98351 0.0000e+00
       6459    162.826     0.6347     0.6430   2.868385   2.869285     1.7650     2.0662      7.995     1.0884     4.0564 1.0715e-01     0.2373    94.2393     6.1516     6.2033    33.7294    33.7321    27.0461    27.0477    7.98011 0.0000e+00
       6462    162.663     0.6187     0.6402   2.864941   2.868785     1.7646     2.0658      7.995     1.0783     4.0564 1.0727e-01     0.2373    94.2393     6.1603     6.2080    33.7023    33.7287    27.0251    27.0452    7.98495 0.0000e+00
       6465    162.492     0.5766     0.6064   2.860570   2.863472     1.7650     2.0662      7.995     1.0681     4.0564 1.0715e-01     0.2373    94.2393     6.1769     6.2186    33.6914    33.6966    27.0188    27.0213    7.99437 0.0000e+00
       6468    162.316     0.5580     0.5628   2.859087   2.859301     1.7654     2.0666      7.995     1.0478     4.0564 1.0715e-01     0.2377    94.2306     6.1869     6.2335    33.6924    33.6900    27.0207    27.0185    7.99823 0.0000e+00
       6471    162.138     0.5503     0.5469   2.858407   2.858041     1.7667     2.0662      7.995     1.0681     4.0564 1.0715e-01     0.2384    94.2132     6.1976     6.2401    33.6921    33.6911    27.0209    27.0203    7.99987 0.0000e+00
       6474    161.957     0.5452     0.5398   2.857778   2.857303     1.7663     2.0678      7.995     1.0579     3.5431 1.0715e-01     0.2380    94.2219     6.1984     6.2532    33.6896    33.6894    27.0192    27.0193    8.00109 0.0000e+00
       6477    161.774     0.5406     0.5343   2.857277   2.856731     1.7663     2.0686      7.995     1.0478     2.3587 1.0715e-01     0.2380    94.2219     6.2004     6.2596    33.6882    33.6879    27.0183    27.0184    8.00212 0.0000e+00
       6480    161.593     0.5365     0.5295   2.856805   2.856169     1.7675     2.0686      7.995     1.0579     2.3982 1.0715e-01     0.2377    94.2306     6.2091     6.2629    33.6867    33.6860    27.0173    27.0172    8.00308 0.0000e+00
       6483    161.406     0.5324     0.5245   2.856238   2.855474     1.7683     2.0698      7.995     1.0579     2.3982 1.0715e-01     0.2380    94.2219     6.2142     6.2755    33.6839    33.6825    27.0153    27.0146    8.00410 0.0000e+00
       6486    161.214     0.5275     0.5178   2.855602   2.854843     1.7679     2.0694      7.995     1.0478     2.3982 1.0715e-01     0.2377    94.2306     6.2145     6.2810    33.6810    33.6817    27.0133    27.0144    8.00528 0.0000e+00
       6489    161.023     0.5212     0.5183   2.854955   2.854664     1.7687     2.0703      7.995     1.0579     2.3982 1.0715e-01     0.2377    94.2306     6.2192     6.2875    33.6796    33.6790    27.0124    27.0122    8.00669 0.0000e+00
       6492    160.830     0.5207     0.5114   2.855094   2.853992     1.7683     2.0719      7.995     1.1495     2.3982 1.0727e-01     0.2333    94.3349     6.2171     6.2973    33.6820    33.6779    27.0144    27.0116    8.00666 0.0000e+00
       6495    160.637     0.5213     0.5100   2.855208   2.853896     1.7699     2.0715      7.995     1.1495     2.3982 1.0715e-01     0.2329    94.3436     6.2255     6.2980    33.6830    33.6782    27.0151    27.0120    8.00648 0.0000e+00
       6498    160.448     0.5182     0.5108   2.854487   2.853920     1.7699     2.0731      7.995     1.1292     2.3982 1.0715e-01     0.2329    94.3436     6.2283     6.3039    33.6770    33.6778    27.0106    27.0116    8.00745 0.0000e+00
       6501    160.257     0.5121     0.5074   2.853721   2.853357     1.7699     2.0731      7.995     1.1394     0.8980 1.0715e-01     0.2329    94.3436     6.2259     6.3095    33.6739    33.6742    27.0084    27.0089    8.00892 0.0000e+00
       6504    160.068     0.5099     0.4984   2.853893   2.852151     1.7707     2.0735      7.995     1.1597    -0.1679 1.0715e-01     0.2329    94.3436     6.2280     6.3170    33.6786    33.6685    27.0124    27.0048    8.00913 0.0000e+00
       6507    159.884     0.5144     0.4953   2.854238   2.852188     1.7703     2.0756      7.995     1.1495    -0.0889 1.0715e-01     0.2329    94.3436     6.2268     6.3275    33.6783    33.6725    27.0118    27.0082    8.00819 0.0000e+00
       6510    159.701     0.5026     0.4927   2.852422   2.851762     1.7719     2.0764      7.995     1.1394    -0.0889 1.0715e-01     0.2303    94.4045     6.2374     6.3324    33.6677    33.6698    27.0039    27.0062    8.01127 0.0000e+00
       6513    159.522     0.4966     0.4933   2.852147   2.852011     1.7719     2.0760      7.997     1.1495    -0.0889 1.0715e-01     0.2241    94.5522     6.2388     6.3270    33.6707    33.6726    27.0067    27.0084    8.01237 0.0000e+00
       6516    159.349     0.4910     0.4939   2.851397   2.851954     1.7724     2.0776      7.998     1.1393    -0.1284 1.0715e-01     0.2252    94.5262     6.2424     6.3336    33.6672    33.6713    27.0042    27.0073    8.01375 0.0000e+00
       6519    159.179     0.4921     0.4913   2.851880   2.851532     1.7728     2.0780      7.998     1.0681    -0.1284 1.0715e-01     0.2252    94.5262     6.2415     6.3371    33.6723    33.6687    27.0082    27.0054    8.01322 0.0000e+00
       6522    159.010     0.4960     0.4850   2.851903   2.850973     1.7732     2.0788      8.000     1.0478    -0.1284 1.0715e-01     0.2248    94.5349     6.2464     6.3389    33.6685    33.6683    27.0050    27.0054    8.01262 0.0000e+00
       6525    158.849     0.4841     0.4898   2.850682   2.851470     1.7728     2.0808      8.000     1.0681    -0.1679 1.0715e-01     0.2248    94.5349     6.2444     6.3456    33.6657    33.6697    27.0034    27.0063    8.01528 0.0000e+00
       6528    158.692     0.4836     0.4794   2.850563   2.849950     1.7740     2.0808      8.000     1.0478     0.1479 1.0715e-01     0.2245    94.5435     6.2511     6.3456    33.6647    33.6613    27.0026    27.0001    8.01544 0.0000e+00
       6531    158.543     0.4733     0.4667   2.849340   2.848499     1.7744     2.0817      8.000     1.0478     0.2664 1.0715e-01     0.2215    94.6131     6.2557     6.3492    33.6601    33.6563    26.9995    26.9968    8.01787 0.0000e+00
       6534    158.398     0.4712     0.4599   2.849289   2.848095     1.7744     2.0817      8.000     1.0478     0.2269 1.0715e-01     0.2197    94.6565     6.2540     6.3483    33.6618    33.6585    27.0010    26.9990    8.01822 0.0000e+00
       6537    158.259     0.4716     0.4625   2.849373   2.848590     1.7756     2.0821      8.000     1.0579     0.2664 1.0715e-01     0.2197    94.6565     6.2609     6.3477    33.6625    33.6623    27.0015    27.0018    8.01809 0.0000e+00
       6540    158.124     0.4715     0.4645   2.849225   2.848527     1.7752     2.0841      8.000     1.0579     0.2664 1.0715e-01     0.2197    94.6565     6.2585     6.3541    33.6608    33.6593    27.0002    26.9993    8.01821 0.0000e+00
       6543    157.996     0.4714     0.4617   2.849292   2.848231     1.7760     2.0841      8.000     1.0681     0.2269 1.0727e-01     0.2197    94.6565     6.2622     6.3531    33.6619    33.6585    27.0010    26.9989    8.01818 0.0000e+00
       6546    157.875     0.4677     0.4644   2.849001   2.848543     1.7764     2.0845      8.000     1.0478     0.2664 1.0715e-01     0.2197    94.6565     6.2639     6.3503    33.6622    33.6598    27.0015    26.9997    8.01894 0.0000e+00
       6549    157.761     0.4670     0.4650   2.848934   2.848642     1.7764     2.0857      8.000     1.0579     0.2664 1.0715e-01     0.2197    94.6565     6.2628     6.3536    33.6621    33.6605    27.0014    27.0002    8.01908 0.0000e+00
       6552    157.651     0.4712     0.4669   2.849376   2.848930     1.7777     2.0866      8.000     1.0681     0.4243 1.0715e-01     0.2138    94.7956     6.2640     6.3550    33.6634    33.6622    27.0022    27.0016    8.01813 0.0000e+00
       6555    157.550     0.4760     0.4686   2.849828   2.849373     1.7777     2.0866      8.000     1.0579     1.4112 1.0727e-01     0.2127    94.8217     6.2624     6.3516    33.6641    33.6662    27.0025    27.0047    8.01708 0.0000e+00
       6558    157.456     0.4774     0.4716   2.849964   2.849673     1.7781     2.0870      8.000     1.0681     1.4507 1.0715e-01     0.2131    94.8130     6.2606     6.3495    33.6644    33.6669    27.0027    27.0051    8.01677 0.0000e+00
       6561    157.367     0.4761     0.4742   2.849781   2.850408     1.7785     2.0882      8.000     1.0478     1.4112 1.0715e-01     0.2127    94.8217     6.2632     6.3486    33.6634    33.6737    27.0020    27.0104    8.01709 0.0000e+00
       6564    157.285     0.4722     0.4701   2.849188   2.849433     1.7781     2.0894      8.000     1.0681     1.4507 1.0715e-01     0.2131    94.8130     6.2651     6.3472    33.6600    33.6655    26.9995    27.0040    8.01809 0.0000e+00
       6567    157.208     0.4644     0.4659   2.848497   2.848848     1.7793     2.0890      8.000     1.0478     1.4507 1.0727e-01     0.2127    94.8217     6.2705     6.3420    33.6596    33.6625    26.9995    27.0018    8.01978 0.0000e+00
       6570    157.137     0.4703     0.4649   2.849170   2.848713     1.7789     2.0898      8.000     1.0478     1.4507 1.0715e-01     0.2120    94.8391     6.2696     6.3374    33.6620    33.6619    27.0012    27.0013    8.01840 0.0000e+00
       6573    157.074     0.4722     0.4747   2.849359   2.850008     1.7797     2.0902      8.000     1.0681     1.4507 1.0715e-01     0.2069    94.9608     6.2718     6.3331    33.6624    33.6681    27.0014    27.0058    8.01797 0.0000e+00
       6576    157.013     0.4694     0.4842   2.848942   2.850743     1.7797     2.0902      8.000     1.0681     1.4507 1.0715e-01     0.2069    94.9608     6.2718     6.3305    33.6601    33.6674    26.9996    27.0048    8.01869 0.0000e+00
       6579    156.954     0.4695     0.4746   2.849159   2.849526     1.7801     2.0906      8.000     1.0579     1.9245 1.0715e-01     0.2069    94.9608     6.2733     6.3337    33.6628    33.6620    27.0019    27.0009    8.01853 0.0000e+00
       6582    156.899     0.4748     0.4828   2.849812   2.850849     1.7801     2.0911      8.002     1.0579     2.6351 1.0727e-01     0.2065    94.9695     6.2754     6.3297    33.6656    33.6704    27.0038    27.0072    8.01726 0.0000e+00
       6585    156.846     0.4785     0.4977   2.850108   2.852438     1.7817     2.0915      8.000     1.0579     2.6351 1.0715e-01     0.2072    94.9521     6.2847     6.3270    33.6654    33.6749    27.0035    27.0100    8.01648 0.0000e+00
       6588    156.794     0.4618     0.5028   2.847966   2.852809     1.7822     2.0906      8.000     1.0681     2.6351 1.0715e-01     0.2065    94.9695     6.2933     6.3245    33.6557    33.6742    26.9966    27.0091    8.02053 0.0000e+00
       6591    156.743     0.4436     0.5059   2.846193   2.853289     1.7817     2.0906      8.000     1.0579     2.6351 1.0715e-01     0.2039    95.0303     6.2944     6.3235    33.6525    33.6770    26.9950    27.0113    8.02457 0.0000e+00
       6594    156.694     0.4554     0.5063   2.847838   2.853276     1.7830     2.0915      8.000     1.0478     2.6351 1.0715e-01     0.1988    95.1520     6.2992     6.3258    33.6611    33.6765    27.0012    27.0109    8.02159 0.0000e+00
       6597    156.647     0.4691     0.5070   2.849153   2.853426     1.7826     2.0923      8.002     1.0579     2.6351 1.0715e-01     0.1988    95.1520     6.2928     6.3313    33.6633    33.6777    27.0023    27.0117    8.01858 0.0000e+00
       6600    156.598     0.4685     0.5058   2.848987   2.853253     1.7826     2.0935      8.000     1.0376     2.6351 1.0715e-01     0.1988    95.1520     6.2889     6.3373    33.6619    33.6768    27.0011    27.0111    8.01879 0.0000e+00
       6603    156.549     0.4645     0.5031   2.848346   2.852965     1.7830     2.0931      8.002     1.0579     2.6351 1.0715e-01     0.1992    95.1433     6.2882     6.3356    33.6579    33.6761    26.9982    27.0106    8.01985 0.0000e+00
       6606    156.501     0.4473     0.5013   2.846585   2.852784     1.7850     2.0935      8.002     1.0478   329.7584 1.0715e-01     0.1988    95.1520     6.2991     6.3389    33.6537    33.6756    26.9958    27.0104    8.02372 0.0000e+00
       6609    156.449     0.4359     0.4989   2.845565   2.852399     1.7842     2.0943      8.000     1.0579   481.9896 1.0715e-01     0.1992    95.1433     6.2965     6.3441    33.6528    33.6733    26.9957    27.0086    8.02617 0.0000e+00
       6612    156.396     0.4297     0.4922   2.844562   2.851623     1.7854     2.0943      8.002     1.0478   480.9237 1.0715e-01     0.1904    95.3519     6.3033     6.3445    33.6466    33.6705    26.9910    27.0068    8.02783 0.0000e+00
       6615    156.340     0.4154     0.4886   2.842958   2.851253     1.7850     2.0939      8.001     1.0579   481.2395 1.0715e-01     0.1849    95.4823     6.2982     6.3404    33.6412    33.6696    26.9875    27.0063    8.03116 0.0000e+00
       6618    156.283     0.4124     0.4851   2.842946   2.850926     1.7858     2.0951      8.002     1.0376   481.2790 1.0715e-01     0.1856    95.4649     6.2950     6.3395    33.6444    33.6693    26.9902    27.0062    8.03162 0.0000e+00
       6621    156.223     0.4161     0.4603   2.843477   2.848161     1.7854     2.0951      8.001     1.0783   481.3184 1.0715e-01     0.1856    95.4649     6.2869     6.3415    33.6473    33.6602    26.9923    27.0003    8.03067 0.0000e+00
       6624    156.159     0.4265     0.4264   2.844944   2.844985     1.7854     2.0955      8.003     1.1495   481.2790 1.0715e-01     0.1856    95.4649     6.2761     6.3465    33.6552    33.6558    26.9982    26.9986    8.02805 0.0000e+00
       6627    156.089     0.4429     0.4157   2.847381   2.843538     1.7854     2.0955      8.003     1.1699   481.2395 1.0715e-01     0.1856    95.4649     6.2657     6.3477    33.6691    33.6487    27.0085    26.9935    8.02380 0.0000e+00
       6630    156.019     0.4614     0.4158   2.848851   2.843274     1.7874     2.0963      8.003     1.1495   462.6844 1.0715e-01     0.1856    95.4649     6.2691     6.3460    33.6682    33.6452    27.0067    26.9907    8.01995 0.0000e+00
       6633    155.947     0.4662     0.4179   2.848285   2.843008     1.7870     2.0963      8.002     1.1495    40.2586 1.0715e-01     0.1817    95.5605     6.2672     6.3425    33.6556    33.6394    26.9962    26.9859    8.01961 0.0000e+00
       6636    155.869     0.4676     0.4187   2.848034   2.843380     1.7866     2.0963      8.002     1.1394     1.2928 1.0715e-01     0.1813    95.5692     6.2649     6.3425    33.6509    33.6434    26.9924    26.9891    8.01958 0.0000e+00
       6639    155.787     0.4733     0.4220   2.849263   2.844319     1.7854     2.0963      8.005     1.1394     4.0958 1.0715e-01     0.1809    95.5779     6.2596     6.3394    33.6608    33.6521    27.0000    26.9959    8.01784 0.0000e+00
       6642    155.703     0.4790     0.4336   2.850188   2.845248     1.7858     2.0963      8.003     1.1597     3.9379 1.0715e-01     0.1813    95.5692     6.2624     6.3327    33.6666    33.6516    27.0044    26.9949    8.01631 0.0000e+00
