Datasets/AZMP/HUD120/hud120_2020_019.cnv
* Sea-Bird SBE 9 Data File:
* FileName = C:\CTDDATA\hud120_2020_019.hex
* Software Version Seasave V 7.26.7.110
* Temperature SN = 1697
* Conductivity SN = 4216
* Number of Bytes Per Scan = 30
* Number of Voltage Words = 4
* Number of Scans Averaged by the Deck Unit = 1
* NMEA baud rate = 4800
** VESSEL/TRIP/SEQ STN:  hud120_2020_019
** LATITUDE XX XX.XX: 46 04.20 N
** LONGITUDE XX XX.XX: 052 30.00 W
** SOUNDING DEPTH (M): 0091
** PROBE TYPE: S1146
** CTD NUMBER: 009
** FORMAT: V
** COMMENTS (14 CHAR): SEGB-05
** BOTTLES:  8
** LEVELS: 5,10,20,30,40,50,75,BTM
** STICKERS: 439573 - 439580
** VNET: Y
** DO2: N
# nquan = 22
# nvalues = 1623                        
# units = specified
# name 0 = scan: Scan Count
# name 1 = prDM: Pressure, Digiquartz [db]
# name 2 = t090C: Temperature [ITS-90, deg C]
# name 3 = t190C: Temperature, 2 [ITS-90, deg C]
# name 4 = c0S/m: Conductivity [S/m]
# name 5 = c1S/m: Conductivity, 2 [S/m]
# name 6 = sbeox0V: Oxygen raw, SBE 43 [V]
# name 7 = sbeox1V: Oxygen raw, SBE 43, 2 [V]
# name 8 = ph: pH
# name 9 = flECO-AFL: Fluorescence, WET Labs ECO-AFL/FL [mg/m^3]
# name 10 = wetCDOM: Fluorescence, WET Labs CDOM [mg/m^3]
# name 11 = par/sat/log: PAR/Logarithmic, Satlantic [umol photons/m^2/sec]
# name 12 = CStarAt0: Beam Attenuation, WET Labs C-Star [1/m]
# name 13 = CStarTr0: Beam Transmission, WET Labs C-Star [%]
# name 14 = sbeox0ML/L: Oxygen, SBE 43 [ml/l], WS = 2
# name 15 = sbeox1ML/L: Oxygen, SBE 43, 2 [ml/l], WS = 2
# name 16 = sal00: Salinity, Practical [PSU]
# name 17 = sal11: Salinity, Practical, 2 [PSU]
# name 18 = sigma-t00: Density [sigma-t, kg/m^3 ]
# name 19 = sigma-t11: Density, 2 [sigma-t, kg/m^3 ]
# name 20 = oxsatML/L: Oxygen Saturation, Weiss [ml/l]
# name 21 = flag: flag
# span 0 =         27,      24065       
# span 1 =      2.058,     86.785       
# span 2 =    -0.0735,    10.0661       
# span 3 =    -0.0784,    10.0618       
# span 4 =   2.762082,   3.531414       
# span 5 =   2.761785,   3.530948       
# span 6 =     1.7599,     2.2041       
# span 7 =     2.0684,     2.6177       
# span 8 =      7.795,      8.116       
# span 9 =     1.1292,     7.2342       
# span 10 =    -2.8130,   482.1870      
# span 11 = 1.0629e-01, 9.5006e-01      
# span 12 =     0.0928,     0.2673      
# span 13 =    93.5352,    97.7075      
# span 14 =     5.6191,     6.6050      
# span 15 =     5.4264,     7.1061      
# span 16 =    32.0746,    33.1615      
# span 17 =    32.0780,    33.1625      
# span 18 =    24.6872,    26.6223      
# span 19 =    24.6872,    26.6220      
# span 20 =    6.42571,    8.16308      
# span 21 = 0.0000e+00, 0.0000e+00      
# interval = scans: 3                   
# start_time = Nov 17 2020 21:11:50 [System UTC, header]
# bad_flag = -9.990e-29
*END*
[from data line 1317]
      14593     30.428     9.4178     9.3881   3.476420   3.473403     2.1341     2.5354      8.044     4.7515     8.4385 1.0715e-01     0.1769    95.6735     6.2336     6.3675    32.1205    32.1162    24.7986    24.7999    6.51861 0.0000e+00
      14596     30.366     9.4235     9.3532   3.476647   3.470173     2.1341     2.5358      8.044     4.6192     8.4385 1.0715e-01     0.1769    95.6735     6.2316     6.3728    32.1178    32.1144    24.7956    24.8041    6.51789 0.0000e+00
      14599     30.305     9.4122     9.3175   3.474937   3.467874     2.1341     2.5362      8.044     4.6090     8.5570 1.0715e-01     0.1769    95.6735     6.2325     6.3780    32.1104    32.1229    24.7915    24.8163    6.51985 0.0000e+00
      14602     30.245     9.3732     9.2976   3.471530   3.466420     2.1349     2.5379      8.044     4.6090     8.4385 1.0715e-01     0.1769    95.6735     6.2390     6.3847    32.1104    32.1258    24.7978    24.8217    6.52553 0.0000e+00
      14605     30.184     9.3488     9.2869   3.470363   3.465779     2.1349     2.5387      8.044     4.6293     8.5175 1.0715e-01     0.1769    95.6735     6.2392     6.3870    32.1204    32.1289    24.8094    24.8259    6.52868 0.0000e+00
      14608     30.124     9.3452     9.3126   3.470130   3.469120     2.1365     2.5387      8.044     4.6192    38.4426 1.0715e-01     0.1769    95.6735     6.2431     6.3817    32.1213    32.1401    24.8107    24.8306    6.52917 0.0000e+00
      14611     30.067     9.3371     9.3412   3.469409   3.470504     2.1357     2.5399      8.044     4.6090   450.5248 1.0715e-01     0.1769    95.6735     6.2408     6.3817    32.1212    32.1287    24.8119    24.8172    6.53036 0.0000e+00
      14614     30.012     9.3344     9.3425   3.469150   3.470329     2.1369     2.5411      8.044     4.6293   481.4764 1.0715e-01     0.1769    95.6735     6.2450     6.3862    32.1209    32.1258    24.8121    24.8147    6.53076 0.0000e+00
      14617     29.957     9.3432     9.3590   3.470939   3.472402     2.1373     2.5407      8.046     4.6192   481.1605 1.0715e-01     0.1769    95.6735     6.2467     6.3834    32.1314    32.1323    24.8189    24.8171    6.52904 0.0000e+00
      14620     29.906     9.3934     9.3863   3.475398   3.474580     2.1385     2.5415      8.044     4.5581   481.2790 1.0715e-01     0.1773    95.6648     6.2447     6.3808    32.1322    32.1302    24.8116    24.8111    6.52168 0.0000e+00
      14623     29.859     9.4293     9.4303   3.477546   3.477605     2.1390     2.5423      8.048     4.4971   481.3579 1.0715e-01     0.1791    95.6214     6.2413     6.3762    32.1221    32.1217    24.7980    24.7976    6.51688 0.0000e+00
      14626     29.814     9.4572     9.4520   3.479285   3.479088     2.1390     2.5423      8.045     4.5072   481.3579 1.0715e-01     0.1791    95.6214     6.2378     6.3713    32.1149    32.1175    24.7879    24.7908    6.51311 0.0000e+00
      14629     29.773     9.4736     9.4557   3.480012   3.479135     2.1390     2.5427      8.045     4.5072   481.3579 1.0715e-01     0.1791    95.6214     6.2350     6.3711    32.1076    32.1147    24.7796    24.7880    6.51103 0.0000e+00
      14632     29.737     9.4774     9.4573   3.480034   3.479177     2.1394     2.5444      8.046     4.4869   481.3184 1.0715e-01     0.1784    95.6388     6.2363     6.3752    32.1044    32.1137    24.7765    24.7870    6.51061 0.0000e+00
      14635     29.702     9.4834     9.4606   3.480431   3.479170     2.1394     2.5452      8.045     4.5072   357.6306 1.0715e-01     0.1787    95.6301     6.2383     6.3761    32.1032    32.1107    24.7746    24.7841    6.50979 0.0000e+00
      14639     29.664     9.4849     9.4543   3.480507   3.478050     2.1406     2.5460      8.043     4.4869    15.1894 1.0715e-01     0.1787    95.6301     6.2423     6.3802    32.1026    32.1048    24.7739    24.7805    6.50959 0.0000e+00
      14842     29.634     9.4906     9.4633   3.480519   3.478686     2.1495     2.5541      8.053     4.6497   172.0002 1.0715e-01     0.1784    95.6388     6.2626     6.3918    32.0976    32.1033    24.7691    24.7780    6.50897 0.0000e+00
      15244     29.589     9.4995     9.4956   3.480730   3.480417     2.1662     2.5692      8.062     4.9245   481.3579 1.0715e-01     0.1747    95.7257     6.3013     6.4080    32.0919    32.0922    24.7632    24.7641    6.50792 0.0000e+00
      15247     29.542     9.4998     9.4958   3.480753   3.480424     2.1662     2.5692      8.062     4.8532   481.3579 1.0715e-01     0.1754    95.7083     6.3015     6.4074    32.0918    32.0921    24.7631    24.7639    6.50787 0.0000e+00
      15250     29.503     9.4996     9.4963   3.480753   3.480439     2.1666     2.5688      8.062     4.2529   481.3184 1.0715e-01     0.1769    95.6735     6.3025     6.4058    32.0920    32.0918    24.7633    24.7637    6.50789 0.0000e+00
      15314     29.469     9.5054     9.5023   3.481182   3.480874     2.1679     2.5713      8.064     4.1511   481.3579 1.0715e-01     0.1769    95.6735     6.3108     6.4179    32.0913    32.0908    24.7618    24.7620    6.50709 0.0000e+00
      15439     29.402     9.5168     9.5173   3.482026   3.481997     2.1699     2.5782      8.067     3.9680   481.3184 1.0715e-01     0.1773    95.6648     6.3241     6.4490    32.0897    32.0890    24.7587    24.7581    6.50549 0.0000e+00
      15442     29.320     9.5197     9.5196   3.482298   3.482063     2.1687     2.5774      8.067     3.9782   481.3579 1.0715e-01     0.1780    95.6475     6.3168     6.4453    32.0900    32.0877    24.7585    24.7567    6.50507 0.0000e+00
      15445     29.239     9.5207     9.5187   3.482195   3.481960     2.1699     2.5786      8.067     3.9782   481.3579 1.0715e-01     0.1773    95.6648     6.3185     6.4471    32.0880    32.0874    24.7568    24.7567    6.50500 0.0000e+00
      15448     29.168     9.5326     9.5201   3.483649   3.482316     2.1699     2.5790      8.067     3.9883   173.2635 1.0715e-01     0.1780    95.6475     6.3149     6.4466    32.0923    32.0898    24.7582    24.7583    6.50309 0.0000e+00
      15451     29.106     9.5444     9.5249   3.483972   3.482784     2.1695     2.5778      8.067     3.9578     9.9782 1.0715e-01     0.1824    95.5432     6.3094     6.4402    32.0851    32.0904    24.7507    24.7580    6.50169 0.0000e+00
      15454     29.049     9.5295     9.5253   3.483169   3.483048     2.1703     2.5782      8.068     3.9782    16.9265 1.0715e-01     0.1835    95.5171     6.3110     6.4394    32.0902    32.0928    24.7571    24.7598    6.50363 0.0000e+00
      15457     28.998     9.5285     9.5283   3.483460   3.482999     2.1699     2.5786      8.067     4.0799    16.6107 1.0715e-01     0.1828    95.5345     6.3062     6.4374    32.0941    32.0896    24.7603    24.7568    6.50362 0.0000e+00
      15460     28.955     9.5356     9.5185   3.483858   3.482022     2.1703     2.5778      8.068     4.4055    16.6107 1.0715e-01     0.1831    95.5258     6.3041     6.4319    32.0919    32.0884    24.7574    24.7574    6.50268 0.0000e+00
      15463     28.923     9.5520     9.5083   3.485687   3.481382     2.1703     2.5790      8.066     4.3953    16.6107 1.0715e-01     0.1828    95.5345     6.3007     6.4343    32.0959    32.0909    24.7580    24.7611    6.50014 0.0000e+00
      15466     28.897     9.5773     9.5051   3.487715   3.481420     2.1703     2.5786      8.068     4.4157    16.6107 1.0715e-01     0.1835    95.5171     6.2960     6.4308    32.0940    32.0942    24.7524    24.7642    6.49654 0.0000e+00
      15673     28.867     9.6089     9.6007   3.490120   3.489237     2.1727     2.5765      8.074     4.4259   481.3579 1.0715e-01     0.1835    95.5171     6.3010     6.4074    32.0904    32.0886    24.7445    24.7444    6.49213 0.0000e+00
      16254     28.820     9.6143     9.5979   3.490406   3.488646     2.1756     2.5810      8.080     4.3648   481.3184 1.0715e-01     0.1853    95.4736     6.3133     6.4236    32.0885    32.0852    24.7421    24.7422    6.49143 0.0000e+00
      17414     28.659     9.6248     9.6226   3.490849   3.490587     2.1809     2.5888      8.094     4.2224   481.3579 1.0715e-01     0.1896    95.3693     6.3436     6.4491    32.0836    32.0830    24.7367    24.7365    6.49010 0.0000e+00
      17417     28.487     9.6261     9.6222   3.490901   3.490534     2.1809     2.5879      8.094     4.2224   481.3579 1.0715e-01     0.1900    95.3606     6.3434     6.4465    32.0831    32.0828    24.7360    24.7364    6.48994 0.0000e+00
      17420     28.320     9.6260     9.6220   3.490836   3.490488     2.1801     2.5888      8.094     4.2224   481.3579 1.0715e-01     0.1889    95.3867     6.3391     6.4496    32.0826    32.0827    24.7357    24.7364    6.48997 0.0000e+00
      17423     28.159     9.6259     9.6218   3.490751   3.490424     2.1805     2.5884      8.094     4.2020   481.3184 1.0715e-01     0.1893    95.3780     6.3394     6.4487    32.0819    32.0822    24.7352    24.7360    6.49003 0.0000e+00
      17426     28.001     9.6259     9.6217   3.490764   3.490345     2.1813     2.5884      8.094     4.2224   481.3184 1.0715e-01     0.1896    95.3693     6.3415     6.4491    32.0821    32.0816    24.7353    24.7355    6.49001 0.0000e+00
      17429     27.851     9.6257     9.6215   3.490751   3.490356     2.1817     2.5888      8.094     4.2122   481.3579 1.0715e-01     0.1904    95.3519     6.3427     6.4510    32.0822    32.0819    24.7354    24.7359    6.49004 0.0000e+00
      17432     27.708     9.6253     9.6215   3.490680   3.490354     2.1817     2.5879      8.094     4.2224   481.3184 1.0715e-01     0.1911    95.3345     6.3427     6.4500    32.0819    32.0820    24.7352    24.7359    6.49011 0.0000e+00
      17435     27.574     9.6248     9.6212   3.490640   3.490294     2.1817     2.5884      8.094     4.2122   481.3579 1.0715e-01     0.1911    95.3345     6.3450     6.4518    32.0820    32.0817    24.7354    24.7357    6.49018 0.0000e+00
      17438     27.452     9.6246     9.6207   3.490600   3.490232     2.1825     2.5888      8.094     4.2020   481.3579 1.0715e-01     0.1911    95.3345     6.3483     6.4543    32.0818    32.0815    24.7353    24.7357    6.49021 0.0000e+00
      17441     27.339     9.6239     9.6204   3.490517   3.490187     2.1821     2.5888      8.094     4.2224   481.3579 1.0715e-01     0.1911    95.3345     6.3474     6.4555    32.0817    32.0815    24.7353    24.7357    6.49032 0.0000e+00
      17444     27.235     9.6235     9.6205   3.490468   3.490194     2.1813     2.5888      8.094     4.2122   481.3579 1.0715e-01     0.1911    95.3345     6.3446     6.4559    32.0816    32.0814    24.7353    24.7356    6.49039 0.0000e+00
      17447     27.142     9.6236     9.6207   3.490569   3.490217     2.1817     2.5888      8.094     4.6497   481.3184 1.0715e-01     0.1911    95.3345     6.3448     6.4567    32.0825    32.0816    24.7360    24.7357    6.49032 0.0000e+00
      17450     27.057     9.6240     9.6203   3.490536   3.490162     2.1821     2.5888      8.094     5.1076   481.3184 1.0715e-01     0.1929    95.2911     6.3456     6.4572    32.0819    32.0813    24.7355    24.7356    6.49030 0.0000e+00
      17453     26.980     9.6237     9.6202   3.490536   3.490159     2.1813     2.5892      8.094     5.0872   481.3184 1.0715e-01     0.1933    95.2824     6.3427     6.4587    32.0822    32.0814    24.7357    24.7357    6.49033 0.0000e+00
      17456     26.911     9.6243     9.6201   3.490606   3.490148     2.1825     2.5896      8.094     5.0771   481.3579 1.0715e-01     0.1933    95.2824     6.3485     6.4607    32.0824    32.0814    24.7358    24.7357    6.49024 0.0000e+00
      17459     26.848     9.6242     9.6201   3.490602   3.490164     2.1829     2.5888      8.094     5.0974   481.3184 1.0715e-01     0.1933    95.2824     6.3500     6.4574    32.0825    32.0816    24.7359    24.7359    6.49024 0.0000e+00
      17462     26.789     9.6238     9.6206   3.490606   3.490271     2.1825     2.5896      8.094     5.0771   480.4104 1.0715e-01     0.1933    95.2824     6.3489     6.4592    32.0829    32.0824    24.7363    24.7364    6.49028 0.0000e+00
      17465     26.735     9.6241     9.6207   3.490562   3.490201     2.1829     2.5900      8.094     5.0872    84.9489 1.0715e-01     0.1933    95.2824     6.3506     6.4605    32.0822    32.0815    24.7357    24.7357    6.49027 0.0000e+00
      17468     26.685     9.6234     9.6207   3.490486   3.490265     2.1833     2.5900      8.094     5.0974     9.8203 1.0715e-01     0.1937    95.2737     6.3524     6.4613    32.0821    32.0823    24.7357    24.7362    6.49037 0.0000e+00
      17471     26.636     9.6235     9.6212   3.490442   3.490284     2.1829     2.5900      8.094     5.0872    13.1365 1.0715e-01     0.1937    95.2737     6.3491     6.4610    32.0816    32.0820    24.7353    24.7360    6.49038 0.0000e+00
      17474     26.586     9.6229     9.6209   3.490393   3.490277     2.1833     2.5900      8.094     5.0974    13.0576 1.0715e-01     0.1933    95.2824     6.3519     6.4606    32.0816    32.0822    24.7354    24.7362    6.49046 0.0000e+00
      17477     26.535     9.6225     9.6208   3.490319   3.490266     2.1837     2.5900      8.094     5.1177    13.0576 1.0715e-01     0.1933    95.2824     6.3523     6.4603    32.0813    32.0823    24.7352    24.7362    6.49054 0.0000e+00
      17480     26.485     9.6223     9.6209   3.490275   3.490262     2.1837     2.5908      8.094     5.1076    13.0181 1.0703e-01     0.1933    95.2824     6.3509     6.4626    32.0810    32.0821    24.7350    24.7361    6.49058 0.0000e+00
      17483     26.433     9.6217     9.6202   3.490217   3.490155     2.1833     2.5900      8.094     5.1177    12.9786 1.0715e-01     0.1933    95.2824     6.3507     6.4600    32.0810    32.0816    24.7351    24.7359    6.49067 0.0000e+00
      17486     26.378     9.6206     9.6193   3.490146   3.489986     2.1833     2.5900      8.094     5.1076    13.0181 1.0715e-01     0.1933    95.2824     6.3515     6.4584    32.0812    32.0808    24.7355    24.7354    6.49081 0.0000e+00
      17489     26.320     9.6211     9.6184   3.490216   3.489892     2.1833     2.5908      8.094     5.1076    76.1846 1.0715e-01     0.1937    95.2737     6.3516     6.4591    32.0815    32.0806    24.7356    24.7353    6.49073 0.0000e+00
      17492     26.258     9.6217     9.6184   3.490257   3.489891     2.1837     2.5912      8.094     5.1177   469.0010 1.0715e-01     0.1922    95.3085     6.3530     6.4590    32.0814    32.0807    24.7354    24.7354    6.49064 0.0000e+00
      17495     26.196     9.6217     9.6186   3.490247   3.489924     2.1837     2.5904      8.094     5.1177   481.4764 1.0715e-01     0.1922    95.3085     6.3534     6.4551    32.0814    32.0808    24.7354    24.7355    6.49065 0.0000e+00
      17498     26.129     9.6212     9.6183   3.490202   3.489942     2.1850     2.5912      8.094     5.1483   481.2000 1.0715e-01     0.1922    95.3085     6.3581     6.4562    32.0814    32.0813    24.7355    24.7359    6.49072 0.0000e+00
      17501     26.056     9.6211     9.6182   3.490159   3.489911     2.1837     2.5912      8.094     5.3925   481.2790 1.0715e-01     0.1922    95.3085     6.3548     6.4549    32.0811    32.0811    24.7353    24.7358    6.49075 0.0000e+00
      17504     25.980     9.6212     9.6183   3.490144   3.489944     2.1846     2.5908      8.094     5.4129   481.2790 1.0715e-01     0.1922    95.3085     6.3584     6.4525    32.0808    32.0814    24.7350    24.7360    6.49074 0.0000e+00
      17507     25.899     9.6212     9.6191   3.490160   3.489995     2.1850     2.5912      8.094     5.4230   481.3184 1.0715e-01     0.1926    95.2998     6.3586     6.4532    32.0810    32.0812    24.7352    24.7357    6.49073 0.0000e+00
