Datasets/AZMP/HUD120/hud120_2020_076.cnv
* Sea-Bird SBE 9 Data File:
* FileName = C:\CTDDATA\hud120_2020_076.hex
* Software Version Seasave V 7.26.7.110
* Temperature SN = 1697
* Conductivity SN = 4216
* Number of Bytes Per Scan = 30
* Number of Voltage Words = 4
* Number of Scans Averaged by the Deck Unit = 1
* NMEA baud rate = 4800
** VESSEL/TRIP/SEQ STN:  hud120_2020_076
** LATITUDE XX XX.XX: 47 00.00 N
** LONGITUDE XX XX.XX: 051 29.10 W
** SOUNDING DEPTH (M): 0102
** PROBE TYPE: S1146
** CTD NUMBER: 055
** FORMAT: V
** COMMENTS (14 CHAR): FC-06
** BOTTLES:  8
** LEVELS: 5,10,20,30,40,50,75,BTM
** STICKERS: 439875 - 439882
** VNET: Y
** DO2: Y
# nquan = 22
# nvalues = 2122                        
# units = specified
# name 0 = scan: Scan Count
# name 1 = prDM: Pressure, Digiquartz [db]
# name 2 = t090C: Temperature [ITS-90, deg C]
# name 3 = t190C: Temperature, 2 [ITS-90, deg C]
# name 4 = c0S/m: Conductivity [S/m]
# name 5 = c1S/m: Conductivity, 2 [S/m]
# name 6 = sbeox0V: Oxygen raw, SBE 43 [V]
# name 7 = sbeox1V: Oxygen raw, SBE 43, 2 [V]
# name 8 = ph: pH
# name 9 = flECO-AFL: Fluorescence, WET Labs ECO-AFL/FL [mg/m^3]
# name 10 = wetCDOM: Fluorescence, WET Labs CDOM [mg/m^3]
# name 11 = par/sat/log: PAR/Logarithmic, Satlantic [umol photons/m^2/sec]
# name 12 = CStarAt0: Beam Attenuation, WET Labs C-Star [1/m]
# name 13 = CStarTr0: Beam Transmission, WET Labs C-Star [%]
# name 14 = sbeox0ML/L: Oxygen, SBE 43 [ml/l], WS = 2
# name 15 = sbeox1ML/L: Oxygen, SBE 43, 2 [ml/l], WS = 2
# name 16 = sal00: Salinity, Practical [PSU]
# name 17 = sal11: Salinity, Practical, 2 [PSU]
# name 18 = sigma-t00: Density [sigma-t, kg/m^3 ]
# name 19 = sigma-t11: Density, 2 [sigma-t, kg/m^3 ]
# name 20 = oxsatML/L: Oxygen Saturation, Weiss [ml/l]
# name 21 = flag: flag
# span 0 =         51,      29415       
# span 1 =      0.449,     96.953       
# span 2 =    -0.1148,     4.8056       
# span 3 =    -0.1301,     4.8010       
# span 4 =   1.122215,   3.056235       
# span 5 =   0.979551,   3.055825       
# span 6 =     1.7550,     2.2257       
# span 7 =     2.0725,     2.6275       
# span 8 =      7.894,      8.147       
# span 9 =     1.1394,     3.8967       
# span 10 =    -2.8130,   482.1870      
# span 11 = 1.0519e-01, 9.4490e-01      
# span 12 =     0.1210,     0.5503      
# span 13 =    87.1464,    97.0208      
# span 14 =     5.7093,     7.4359      
# span 15 =     5.8336,     7.4092      
# span 16 =    10.7032,    33.0397      
# span 17 =     9.2452,    33.0496      
# span 18 =     8.4755,    26.5290      
# span 19 =     7.3219,    26.5379      
# span 20 =    7.27356,    8.37358      
# span 21 = 0.0000e+00, 0.0000e+00      
# interval = scans: 3                   
# start_time = Nov 26 2020 07:41:08 [System UTC, header]
# bad_flag = -9.990e-29
*END*
[from data line 1778]
      21129     24.634     4.7564     4.7519   3.047072   3.046559     2.1907     2.6149      8.142     2.9199   481.2395 1.0715e-01     0.1285    96.8383     7.1978     7.3776    31.7782    31.7766    25.1478    25.1470    7.28409 0.0000e+00
      21132     24.584     4.7562     4.7522   3.047107   3.046556     2.1903     2.6129      8.142     2.9098   481.2395 1.0715e-01     0.1289    96.8296     7.1946     7.3701    31.7788    31.7762    25.1483    25.1467    7.28409 0.0000e+00
      21135     24.541     4.7570     4.7518   3.047130   3.046530     2.1907     2.6141      8.142     2.8996   402.9920 1.0715e-01     0.1285    96.8383     7.1956     7.3740    31.7783    31.7764    25.1478    25.1469    7.28396 0.0000e+00
      21138     24.501     4.7568     4.7521   3.047109   3.046562     2.1899     2.6145      8.144     2.9199     6.0698 1.0715e-01     0.1282    96.8470     7.1917     7.3763    31.7782    31.7764    25.1478    25.1469    7.28400 0.0000e+00
      21141     24.462     4.7568     4.7524   3.047107   3.046602     2.1911     2.6141      8.144     2.9199    -1.3918 1.0715e-01     0.1289    96.8296     7.1955     7.3744    31.7783    31.7767    25.1479    25.1470    7.28401 0.0000e+00
      21144     24.428     4.7566     4.7523   3.047089   3.046587     2.1911     2.6141      8.142     2.9403     0.0690 1.0715e-01     0.1282    96.8470     7.1975     7.3766    31.7783    31.7766    25.1479    25.1470    7.28404 0.0000e+00
      21147     24.400     4.7567     4.7529   3.047093   3.046634     2.1899     2.6149      8.145     2.9607     0.0295 1.0715e-01     0.1282    96.8470     7.1922     7.3782    31.7783    31.7766    25.1479    25.1470    7.28403 0.0000e+00
      21151     24.369     4.7567     4.7524   3.047110   3.046577     2.1899     2.6145      8.144     2.9709     0.0295 1.0715e-01     0.1285    96.8383     7.1917     7.3763    31.7785    31.7764    25.1480    25.1468    7.28402 0.0000e+00
      21155     24.335     4.7564     4.7521   3.047085   3.046572     2.1903     2.6145      8.142     2.9709     0.0295 1.0715e-01     0.1260    96.8992     7.1943     7.3772    31.7784    31.7767    25.1480    25.1471    7.28406 0.0000e+00
      21166     24.265     4.7566     4.7521   3.047102   3.046570     2.1891     2.6145      8.142     3.0014   464.5793 1.0715e-01     0.1238    96.9513     7.1951     7.3786    31.7785    31.7766    25.1480    25.1470    7.28403 0.0000e+00
      21177     24.198     4.7561     4.7520   3.047046   3.046541     2.1899     2.6145      8.142     3.0624   481.2790 1.0715e-01     0.1253    96.9166     7.2046     7.3815    31.7784    31.7764    25.1480    25.1469    7.28412 0.0000e+00
      21181     24.162     4.7553     4.7525   3.046936   3.046602     2.1899     2.6157      8.142     3.0624   481.3579 1.0715e-01     0.1260    96.8992     7.2069     7.3851    31.7779    31.7767    25.1477    25.1471    7.28429 0.0000e+00
      21184     24.133     4.7552     4.7524   3.046980   3.046587     2.1899     2.6157      8.142     3.0726   481.2790 1.0715e-01     0.1260    96.8992     7.2063     7.3837    31.7785    31.7766    25.1482    25.1471    7.28428 0.0000e+00
      21187     24.103     4.7558     4.7525   3.047005   3.046569     2.1899     2.6157      8.142     3.0522   445.3531 1.0715e-01     0.1260    96.8992     7.2027     7.3831    31.7782    31.7764    25.1479    25.1468    7.28418 0.0000e+00
      21190     24.070     4.7564     4.7522   3.047060   3.046551     2.1895     2.6161      8.144     3.0828    28.6518 1.0715e-01     0.1260    96.8992     7.1990     7.3822    31.7783    31.7765    25.1479    25.1469    7.28408 0.0000e+00
      21193     24.030     4.7566     4.7522   3.047082   3.046529     2.1907     2.6161      8.142     3.0624     8.6754 1.0715e-01     0.1264    96.8905     7.2064     7.3812    31.7784    31.7762    25.1480    25.1467    7.28403 0.0000e+00
      21196     23.985     4.7570     4.7513   3.047118   3.046474     2.1899     2.6161      8.142     3.0217     9.9387 1.0715e-01     0.1260    96.8992     7.2026     7.3802    31.7784    31.7765    25.1479    25.1470    7.28395 0.0000e+00
      21199     23.937     4.7569     4.7518   3.047085   3.046513     2.1899     2.6169      8.144     3.0014     9.9387 1.0715e-01     0.1260    96.8992     7.2019     7.3803    31.7782    31.7765    25.1478    25.1470    7.28399 0.0000e+00
      21202     23.883     4.7570     4.7518   3.047110   3.046503     2.1903     2.6161      8.144     3.0014     9.8598 1.0715e-01     0.1260    96.8992     7.2026     7.3760    31.7784    31.7764    25.1479    25.1469    7.28397 0.0000e+00
      21205     23.827     4.7574     4.7519   3.047152   3.046530     2.1899     2.6157      8.144     3.0115     9.8993 1.0715e-01     0.1260    96.8992     7.2011     7.3708    31.7786    31.7766    25.1480    25.1471    7.28389 0.0000e+00
      21208     23.764     4.7580     4.7520   3.047203   3.046541     2.1899     2.6161      8.142     3.0014     9.8598 1.0715e-01     0.1260    96.8992     7.2018     7.3698    31.7786    31.7766    25.1479    25.1471    7.28378 0.0000e+00
      21211     23.698     4.7582     4.7525   3.047206   3.046589     2.1891     2.6161      8.142     3.0014     9.8598 1.0715e-01     0.1260    96.8992     7.1997     7.3691    31.7785    31.7768    25.1478    25.1472    7.28375 0.0000e+00
      21214     23.630     4.7580     4.7528   3.047176   3.046580     2.1899     2.6157      8.144     3.0115     7.6095 1.0715e-01     0.1260    96.8992     7.2014     7.3668    31.7783    31.7764    25.1477    25.1468    7.28379 0.0000e+00
      21217     23.557     4.7583     4.7535   3.047221   3.046688     2.1907     2.6157      8.142     3.0115     1.8455 1.0715e-01     0.1256    96.9079     7.2063     7.3664    31.7786    31.7770    25.1480    25.1472    7.28373 0.0000e+00
      21220     23.480     4.7584     4.7545   3.047254   3.046750     2.1899     2.6161      8.142     3.0115     2.0429 1.0715e-01     0.1249    96.9252     7.2077     7.3698    31.7789    31.7769    25.1482    25.1470    7.28368 0.0000e+00
      21223     23.401     4.7582     4.7550   3.047224   3.046783     2.1903     2.6157      8.142     2.8894     2.0429 1.0715e-01     0.1249    96.9252     7.2085     7.3705    31.7788    31.7768    25.1481    25.1469    7.28373 0.0000e+00
      21226     23.318     4.7588     4.7550   3.047262   3.046814     2.1895     2.6157      8.142     2.8589     2.0429 1.0715e-01     0.1249    96.9252     7.2040     7.3721    31.7787    31.7772    25.1480    25.1472    7.28363 0.0000e+00
      21229     23.236     4.7589     4.7551   3.047260   3.046820     2.1903     2.6145      8.144     2.8488     2.0429 1.0715e-01     0.1249    96.9252     7.2062     7.3695    31.7786    31.7772    25.1479    25.1472    7.28361 0.0000e+00
      21232     23.151     4.7591     4.7551   3.047272   3.046801     2.1907     2.6153      8.145     2.8589     2.0429 1.0715e-01     0.1249    96.9252     7.2079     7.3723    31.7787    31.7770    25.1479    25.1470    7.28358 0.0000e+00
      21235     23.065     4.7589     4.7556   3.047283   3.046833     2.1903     2.6157      8.142     2.8488     2.0429 1.0715e-01     0.1271    96.8731     7.2060     7.3764    31.7790    31.7770    25.1482    25.1469    7.28359 0.0000e+00
      21238     22.980     4.7589     4.7553   3.047254   3.046809     2.1899     2.6153      8.142     2.8488     2.0429 1.0715e-01     0.1307    96.7861     7.2027     7.3768    31.7787    31.7770    25.1480    25.1470    7.28361 0.0000e+00
      21241     22.895     4.7586     4.7554   3.047261   3.046826     2.1915     2.6157      8.142     2.8488     4.2143 1.0715e-01     0.1303    96.7948     7.2091     7.3776    31.7791    31.7772    25.1483    25.1471    7.28364 0.0000e+00
      21244     22.812     4.7592     4.7560   3.047274   3.046906     2.1915     2.6165      8.142     2.8488     5.9513 1.0715e-01     0.1303    96.7948     7.2094     7.3801    31.7787    31.7776    25.1480    25.1474    7.28356 0.0000e+00
      21247     22.727     4.7594     4.7568   3.047291   3.046944     2.1899     2.6165      8.144     2.8488     5.9513 1.0715e-01     0.1303    96.7948     7.2018     7.3815    31.7787    31.7772    25.1479    25.1470    7.28351 0.0000e+00
      21250     22.647     4.7594     4.7564   3.047276   3.046880     2.1899     2.6157      8.142     2.8488     5.9513 1.0715e-01     0.1303    96.7948     7.2018     7.3792    31.7786    31.7769    25.1479    25.1468    7.28353 0.0000e+00
      21253     22.566     4.7595     4.7559   3.047328   3.046827     2.1899     2.6165      8.144     2.8488     5.9118 1.0715e-01     0.1303    96.7948     7.2017     7.3823    31.7792    31.7768    25.1482    25.1468    7.28348 0.0000e+00
      21256     22.489     4.7601     4.7554   3.047342   3.046769     2.1907     2.6161      8.144     2.8488     5.9513 1.0715e-01     0.1282    96.8470     7.2069     7.3794    31.7788    31.7767    25.1479    25.1468    7.28340 0.0000e+00
      21259     22.408     4.7599     4.7549   3.047344   3.046739     2.1911     2.6169      8.142     2.8488     5.9513 1.0715e-01     0.1264    96.8905     7.2116     7.3805    31.7790    31.7768    25.1481    25.1469    7.28341 0.0000e+00
      21262     22.331     4.7597     4.7551   3.047303   3.046762     2.1907     2.6165      8.142     2.8386     5.9118 1.0715e-01     0.1267    96.8818     7.2082     7.3777    31.7788    31.7770    25.1479    25.1470    7.28347 0.0000e+00
      21265     22.257     4.7599     4.7552   3.047298   3.046766     2.1903     2.6157      8.142     2.8488     5.9513 1.0715e-01     0.1267    96.8818     7.2072     7.3743    31.7786    31.7770    25.1478    25.1470    7.28344 0.0000e+00
      21268     22.185     4.7595     4.7549   3.047288   3.046726     2.1907     2.6161      8.144     2.8488   401.2155 1.0715e-01     0.1267    96.8818     7.2105     7.3744    31.7789    31.7768    25.1481    25.1469    7.28350 0.0000e+00
      21271     22.116     4.7595     4.7550   3.047264   3.046741     2.1907     2.6169      8.142     2.8488   481.8712 1.0715e-01     0.1267    96.8818     7.2099     7.3775    31.7786    31.7770    25.1479    25.1470    7.28350 0.0000e+00
      21274     22.047     4.7597     4.7553   3.047281   3.046772     2.1911     2.6165      8.144     2.8793   481.0421 1.0715e-01     0.1271    96.8731     7.2105     7.3747    31.7787    31.7771    25.1479    25.1470    7.28347 0.0000e+00
      21277     21.980     4.7596     4.7556   3.047285   3.046791     2.1911     2.6169      8.144     3.0014   481.2395 1.0715e-01     0.1314    96.7688     7.2070     7.3752    31.7789    31.7770    25.1480    25.1470    7.28348 0.0000e+00
      21280     21.916     4.7597     4.7557   3.047283   3.046783     2.1923     2.6169      8.142     3.0014   481.2395 1.0715e-01     0.1321    96.7514     7.2098     7.3734    31.7788    31.7769    25.1480    25.1468    7.28347 0.0000e+00
      21283     21.852     4.7597     4.7558   3.047288   3.046783     2.1915     2.6157      8.142     3.0014   481.2790 1.0715e-01     0.1325    96.7427     7.2055     7.3683    31.7789    31.7768    25.1480    25.1468    7.28346 0.0000e+00
      21286     21.785     4.7594     4.7557   3.047268   3.046787     2.1911     2.6169      8.142     3.0014   481.2395 1.0715e-01     0.1318    96.7601     7.2040     7.3742    31.7790    31.7770    25.1481    25.1469    7.28351 0.0000e+00
      21289     21.717     4.7596     4.7557   3.047252   3.046781     2.1915     2.6169      8.145     3.0014   481.3184 1.0715e-01     0.1325    96.7427     7.2053     7.3746    31.7787    31.7769    25.1478    25.1469    7.28350 0.0000e+00
      21292     21.649     4.7600     4.7555   3.047295   3.046768     2.1903     2.6157      8.142     3.0115   417.7967 1.0715e-01     0.1325    96.7427     7.1977     7.3699    31.7788    31.7770    25.1479    25.1470    7.28342 0.0000e+00
      21295     21.577     4.7602     4.7556   3.047331   3.046784     2.1907     2.6169      8.144     3.0014    15.8606 1.0715e-01     0.1314    96.7688     7.1984     7.3742    31.7791    31.7771    25.1481    25.1470    7.28337 0.0000e+00
      21298     21.501     4.7605     4.7553   3.047338   3.046757     2.1915     2.6157      8.144     2.9912    11.6363 1.0715e-01     0.1275    96.8644     7.2010     7.3709    31.7788    31.7771    25.1479    25.1471    7.28332 0.0000e+00
      21301     21.428     4.7608     4.7557   3.047371   3.046763     2.1907     2.6165      8.142     2.9098    11.9521 1.0715e-01     0.1282    96.8470     7.2001     7.3748    31.7790    31.7769    25.1479    25.1469    7.28326 0.0000e+00
      21304     21.353     4.7610     4.7560   3.047386   3.046851     2.1907     2.6157      8.142     2.8284    11.9127 1.0715e-01     0.1278    96.8557     7.2003     7.3729    31.7790    31.7776    25.1480    25.1474    7.28323 0.0000e+00
      21307     21.276     4.7610     4.7570   3.047381   3.046870     2.1907     2.6161      8.142     2.8080    11.9521 1.0727e-01     0.1275    96.8644     7.2021     7.3746    31.7790    31.7770    25.1480    25.1468    7.28323 0.0000e+00
      21310     21.197     4.7612     4.7574   3.047383   3.046907     2.1915     2.6169      8.142     2.8182    11.9521 1.0715e-01     0.1278    96.8557     7.2050     7.3778    31.7789    31.7770    25.1479    25.1468    7.28320 0.0000e+00
      21313     21.116     4.7610     4.7576   3.047371   3.046925     2.1911     2.6169      8.144     2.8386    11.9521 1.0715e-01     0.1282    96.8470     7.2041     7.3805    31.7789    31.7771    25.1479    25.1468    7.28322 0.0000e+00
      21316     21.035     4.7615     4.7578   3.047410   3.046938     2.1907     2.6169      8.142     2.8284    11.8732 1.0715e-01     0.1278    96.8557     7.2033     7.3828    31.7789    31.7771    25.1479    25.1468    7.28314 0.0000e+00
      21319     20.952     4.7617     4.7578   3.047448   3.046940     2.1911     2.6165      8.142     2.7978     6.9383 1.0715e-01     0.1260    96.8992     7.2031     7.3810    31.7793    31.7771    25.1481    25.1468    7.28309 0.0000e+00
      21322     20.869     4.7620     4.7582   3.047442   3.046950     2.1919     2.6169      8.144     2.8182    -1.3128 1.0715e-01     0.1264    96.8905     7.2059     7.3824    31.7789    31.7769    25.1478    25.1466    7.28304 0.0000e+00
      21325     20.794     4.7620     4.7580   3.047434   3.046938     2.1919     2.6169      8.142     2.8284    -0.9180 1.0715e-01     0.1267    96.8818     7.2059     7.3808    31.7789    31.7770    25.1478    25.1467    7.28305 0.0000e+00
      21328     20.714     4.7621     4.7579   3.047434   3.046946     2.1907     2.6165      8.142     2.7572    -0.9180 1.0715e-01     0.1264    96.8905     7.2017     7.3760    31.7788    31.7772    25.1477    25.1469    7.28304 0.0000e+00
      21331     20.633     4.7618     4.7578   3.047425   3.046911     2.1907     2.6169      8.142     2.7572    -0.9180 1.0715e-01     0.1271    96.8731     7.2007     7.3747    31.7791    31.7770    25.1480    25.1467    7.28309 0.0000e+00
      21334     20.547     4.7619     4.7572   3.047375   3.046873     2.1911     2.6177      8.144     2.7572    -0.9180 1.0715e-01     0.1271    96.8731     7.2042     7.3761    31.7785    31.7771    25.1475    25.1469    7.28310 0.0000e+00
      21337     20.461     4.7615     4.7571   3.047397   3.046863     2.1907     2.6177      8.142     2.7673    -0.9180 1.0715e-01     0.1275    96.8644     7.2055     7.3743    31.7791    31.7772    25.1480    25.1470    7.28313 0.0000e+00
      21340     20.376     4.7616     4.7571   3.047367   3.046842     2.1915     2.6181      8.142     2.7673    -0.9180 1.0715e-01     0.1278    96.8557     7.2093     7.3736    31.7787    31.7770    25.1477    25.1468    7.28313 0.0000e+00
