Datasets/AZMP/HUD120/hud120_2020_070.cnv
* Sea-Bird SBE 9 Data File:
* FileName = C:\CTDDATA\hud120_2020_070.hex
* Software Version Seasave V 7.26.7.110
* Temperature SN = 1697
* Conductivity SN = 4216
* Number of Bytes Per Scan = 30
* Number of Voltage Words = 4
* Number of Scans Averaged by the Deck Unit = 1
* NMEA baud rate = 4800
** VESSEL/TRIP/SEQ STN:  hud120_2020_070
** LATITUDE XX XX.XX: 47 00.00 N
** LONGITUDE XX XX.XX: 048 07.00 W
** SOUNDING DEPTH (M): 0137
** PROBE TYPE: S1146
** CTD NUMBER: 049
** FORMAT: V
** COMMENTS (14 CHAR): FC-12
** BOTTLES:  9
** LEVELS: 5,10,20,30,40,50,75,100,BTM
** STICKERS: 439844 - 439852
** VNET: Y
** DO2: N
# nquan = 22
# nvalues = 2264                        
# units = specified
# name 0 = scan: Scan Count
# name 1 = prDM: Pressure, Digiquartz [db]
# name 2 = t090C: Temperature [ITS-90, deg C]
# name 3 = t190C: Temperature, 2 [ITS-90, deg C]
# name 4 = c0S/m: Conductivity [S/m]
# name 5 = c1S/m: Conductivity, 2 [S/m]
# name 6 = sbeox0V: Oxygen raw, SBE 43 [V]
# name 7 = sbeox1V: Oxygen raw, SBE 43, 2 [V]
# name 8 = ph: pH
# name 9 = flECO-AFL: Fluorescence, WET Labs ECO-AFL/FL [mg/m^3]
# name 10 = wetCDOM: Fluorescence, WET Labs CDOM [mg/m^3]
# name 11 = par/sat/log: PAR/Logarithmic, Satlantic [umol photons/m^2/sec]
# name 12 = CStarAt0: Beam Attenuation, WET Labs C-Star [1/m]
# name 13 = CStarTr0: Beam Transmission, WET Labs C-Star [%]
# name 14 = sbeox0ML/L: Oxygen, SBE 43 [ml/l], WS = 2
# name 15 = sbeox1ML/L: Oxygen, SBE 43, 2 [ml/l], WS = 2
# name 16 = sal00: Salinity, Practical [PSU]
# name 17 = sal11: Salinity, Practical, 2 [PSU]
# name 18 = sigma-t00: Density [sigma-t, kg/m^3 ]
# name 19 = sigma-t11: Density, 2 [sigma-t, kg/m^3 ]
# name 20 = oxsatML/L: Oxygen Saturation, Weiss [ml/l]
# name 21 = flag: flag
# span 0 =          2,      26302       
# span 1 =      3.482,    131.797       
# span 2 =    -0.5206,     6.6890       
# span 3 =    -0.5260,     6.6860       
# span 4 =   2.710306,   3.222187       
# span 5 =   2.709882,   3.221728       
# span 6 =     1.8653,     2.2714       
# span 7 =     2.2043,     2.7175       
# span 8 =      7.948,      8.134       
# span 9 =     0.9765,     6.2676       
# span 10 =    -2.8130,   482.1870      
# span 11 = 1.0678e-01, 6.4638e+00      
# span 12 =     0.0686,     0.8851      
# span 13 =    80.1491,    98.2986      
# span 14 =     6.6602,     8.4916      
# span 15 =     6.6570,     8.7482      
# span 16 =    31.9242,    33.5731      
# span 17 =    31.9189,    33.5730      
# span 18 =    25.0382,    26.9457      
# span 19 =    25.0345,    26.9459      
# span 20 =    6.94789,    8.27145      
# span 21 = 0.0000e+00, 0.0000e+00      
# interval = scans: 3                   
# start_time = Nov 24 2020 18:41:51 [System UTC, header]
# bad_flag = -9.990e-29
*END*
[from data line 1844]
      14070     49.973     0.0010    -0.0912   2.742214   2.737053     2.0043     2.3776      8.002     1.3123     2.6351 1.0715e-01     0.0771    98.0900     7.3419     7.4978    32.8300    32.8610    26.3545    26.3839    8.16496 0.0000e+00
      14073     49.902    -0.0054    -0.1009   2.741964   2.736860     2.0039     2.3792      8.002     1.3123     2.6351 1.0727e-01     0.0789    98.0465     7.3412     7.5040    32.8337    32.8689    26.3578    26.3907    8.16616 0.0000e+00
      14076     49.828     0.0033    -0.1098   2.742362   2.736728     2.0031     2.3792      8.002     1.3225     6.6225 1.0715e-01     0.0789    98.0465     7.3350     7.5041    32.8296    32.8768    26.3541    26.3974    8.16449 0.0000e+00
      14079     49.751    -0.0005    -0.1082   2.742483   2.736791     2.0043     2.3788      8.002     1.3326     7.2937 1.0715e-01     0.0789    98.0465     7.3439     7.5011    32.8353    32.8760    26.3589    26.3967    8.16500 0.0000e+00
      14082     49.670     0.0081    -0.1042   2.742887   2.736523     2.0035     2.3792      8.002     1.3225     7.2542 1.0727e-01     0.0789    98.0465     7.3379     7.5006    32.8314    32.8681    26.3553    26.3902    8.16334 0.0000e+00
      14085     49.588     0.0244    -0.1004   2.743999   2.736793     2.0031     2.3784      8.002     1.3326     7.2542 1.0715e-01     0.0789    98.0465     7.3307     7.4957    32.8287    32.8677    26.3524    26.3896    8.15996 0.0000e+00
      14088     49.511     0.0577    -0.1040   2.746419   2.736770     2.0031     2.3784      8.002     1.4547     7.2542 1.0715e-01     0.0789    98.0465     7.3217     7.4968    32.8249    32.8713    26.3477    26.3928    8.15294 0.0000e+00
      14091     49.447     0.0906    -0.0951   2.747849   2.737258     2.0035     2.3788      8.002     1.4344     7.2542 1.0752e-01     0.0789    98.0465     7.3201     7.4977    32.8084    32.8682    26.3328    26.3898    8.14671 0.0000e+00
      14094     49.398     0.0857    -0.0929   2.747231   2.737252     2.0039     2.3788      8.002     1.4547     7.2542 1.0727e-01     0.0785    98.0552     7.3271     7.4986    32.8056    32.8658    26.3308    26.3878    8.14793 0.0000e+00
      14308     49.361     0.1669     0.0132   2.752533   2.743729     2.0112     2.3886      8.003     1.4242     5.0039 1.0727e-01     0.0800    98.0204     7.3411     7.5069    32.7883    32.8373    26.3128    26.3597    8.13142 0.0000e+00
      14734     49.298     0.3703     0.2447   2.766016   2.758124     2.0247     2.4061      8.007     1.3937     0.6217 1.0715e-01     0.0821    97.9683     7.3500     7.5119    32.7478    32.7785    26.2700    26.3011    8.08981 0.0000e+00
      14737     49.229     0.3475     0.2709   2.764084   2.759120     2.0255     2.4061      8.006     1.3836     0.5822 1.0715e-01     0.0828    97.9509     7.3566     7.5034    32.7469    32.7637    26.2704    26.2879    8.09475 0.0000e+00
      14740     49.167     0.3311     0.2549   2.763346   2.758208     2.0255     2.4061      8.011     1.4141     0.5822 1.0715e-01     0.0846    97.9075     7.3567     7.5008    32.7549    32.7688    26.2777    26.2928    8.09784 0.0000e+00
      14743     49.116     0.3281     0.2498   2.763469   2.758008     2.0243     2.4049      8.008     1.4547     0.6217 1.0715e-01     0.0846    97.9075     7.3517     7.4923    32.7596    32.7717    26.2816    26.2954    8.09820 0.0000e+00
      14746     49.067     0.3272     0.2575   2.763353   2.758478     2.0243     2.4057      8.008     1.4446     0.6217 1.0715e-01     0.0842    97.9162     7.3528     7.4916    32.7592    32.7697    26.2813    26.2934    8.09843 0.0000e+00
      14749     49.025     0.3266     0.2627   2.762968   2.758860     2.0243     2.4057      8.011     1.4547     0.5822 1.0727e-01     0.0849    97.8988     7.3530     7.4889    32.7547    32.7692    26.2778    26.2927    8.09880 0.0000e+00
      14881     48.995     0.2998     0.2783   2.761418   2.759862     2.0255     2.4061      8.011     1.4955   160.8276 1.0715e-01     0.0839    97.9249     7.3654     7.4977    32.7630    32.7657    26.2858    26.2891    8.10409 0.0000e+00
      15143     48.964     0.2981     0.2898   2.761147   2.760607     2.0271     2.4102      8.011     1.6074   481.2395 1.0715e-01     0.0846    97.9075     7.3823     7.5293    32.7614    32.7632    26.2847    26.2865    8.10456 0.0000e+00
      15146     48.927     0.3164     0.2778   2.762518   2.759692     2.0275     2.4106      8.011     1.5972   481.2790 1.0740e-01     0.0846    97.9075     7.3803     7.5316    32.7597    32.7640    26.2824    26.2877    8.10070 0.0000e+00
      15149     48.891     0.3260     0.2756   2.763125   2.759688     2.0275     2.4102      8.011     1.6074    96.0820 1.0727e-01     0.0842    97.9162     7.3757     7.5285    32.7575    32.7663    26.2800    26.2898    8.09878 0.0000e+00
      15152     48.867     0.3269     0.2655   2.763323   2.759010     2.0275     2.4102      8.012     1.5972    -0.4837 1.0715e-01     0.0846    97.9075     7.3711     7.5287    32.7591    32.7682    26.2813    26.2918    8.09849 0.0000e+00
      15529     48.831     0.3586     0.3337   2.765693   2.763612     2.0263     2.4085      8.010     1.4649     0.1874 1.0715e-01     0.0846    97.9075     7.3593     7.4945    32.7564    32.7558    26.2774    26.2782    8.09185 0.0000e+00
      15719     48.767     0.3703     0.3719   2.766339   2.766269     2.0271     2.4073      8.010     1.3836    -1.3918 1.0715e-01     0.0842    97.9162     7.3590     7.4735    32.7523    32.7498    26.2736    26.2715    8.08956 0.0000e+00
      15722     48.703     0.3676     0.3804   2.766302   2.766834     2.0267     2.4069      8.010     1.3836    10.1361 1.0727e-01     0.0842    97.9162     7.3525     7.4674    32.7548    32.7481    26.2758    26.2697    8.09001 0.0000e+00
      15725     48.652     0.3596     0.3801   2.765240   2.766689     2.0271     2.4069      8.010     1.3734   433.2725 1.0715e-01     0.0842    97.9162     7.3539     7.4662    32.7495    32.7465    26.2719    26.2685    8.09202 0.0000e+00
      15728     48.612     0.3265     0.3638   2.763930   2.764466     2.0267     2.4069      8.011     1.3937   481.1605 1.0715e-01     0.0842    97.9162     7.3539     7.4691    32.7676    32.7350    26.2882    26.2599    8.09811 0.0000e+00
      15789     48.581     0.3216     0.2864   2.763163   2.759942     2.0263     2.4085      8.011     1.3835   322.4154 1.0715e-01     0.0825    97.9596     7.3561     7.5086    32.7629    32.7583    26.2846    26.2827    8.09942 0.0000e+00
      15908     48.464     0.3302     0.2971   2.763599   2.761516     2.0275     2.4122      8.011     1.3225     7.6490 1.0727e-01     0.0842    97.9162     7.3676     7.5602    32.7595    32.7676    26.2814    26.2897    8.09776 0.0000e+00
      15911     48.313     0.3374     0.3335   2.764156   2.764125     2.0283     2.4130      8.010     1.3225     8.1227 1.0727e-01     0.0853    97.8901     7.3767     7.5540    32.7591    32.7629    26.2808    26.2840    8.09623 0.0000e+00
      15914     48.163     0.3403     0.3641   2.764167   2.765866     2.0287     2.4122      8.010     1.3326     8.0832 1.0715e-01     0.0857    97.8814     7.3882     7.5434    32.7563    32.7532    26.2784    26.2746    8.09577 0.0000e+00
      15917     48.019     0.3437     0.3758   2.764777   2.766432     2.0283     2.4126      8.010     1.3428     8.0832 1.0715e-01     0.0860    97.8727     7.3965     7.5394    32.7607    32.7482    26.2817    26.2700    8.09480 0.0000e+00
      15920     47.881     0.3560     0.3868   2.765345   2.767262     2.0287     2.4134      8.010     1.3836     8.0832 1.0715e-01     0.0857    97.8814     7.4063     7.5354    32.7552    32.7474    26.2766    26.2688    8.09248 0.0000e+00
      15923     47.748     0.3690     0.3907   2.766651   2.767380     2.0287     2.4130      8.010     1.3937     8.0832 1.0715e-01     0.0857    97.8814     7.4066     7.5279    32.7585    32.7448    26.2786    26.2665    8.08951 0.0000e+00
      15926     47.619     0.3946     0.3838   2.768070   2.767017     2.0300     2.4134      8.010     1.3734     8.0832 1.0727e-01     0.0853    97.8901     7.4033     7.5277    32.7498    32.7476    26.2703    26.2691    8.08451 0.0000e+00
      15929     47.494     0.3994     0.3876   2.768322   2.767296     2.0300     2.4134      8.010     1.3836     8.0832 1.0715e-01     0.0853    97.8901     7.3957     7.5213    32.7481    32.7472    26.2686    26.2686    8.08359 0.0000e+00
      15932     47.377     0.4053     0.3893   2.768641   2.767503     2.0292     2.4130      8.010     1.3734    72.5920 1.0727e-01     0.0853    97.8901     7.3846     7.5134    32.7460    32.7481    26.2666    26.2693    8.08243 0.0000e+00
      15935     47.267     0.4134     0.3889   2.769227   2.767561     2.0304     2.4142      8.010     1.3937   469.1589 1.0715e-01     0.0853    97.8901     7.3832     7.5143    32.7451    32.7494    26.2655    26.2702    8.08076 0.0000e+00
      15938     47.160     0.4098     0.3940   2.768767   2.767590     2.0308     2.4142      8.012     1.3836   481.4764 1.0715e-01     0.0849    97.8988     7.3809     7.5107    32.7429    32.7444    26.2640    26.2660    8.08163 0.0000e+00
      15941     47.061     0.3976     0.3733   2.767988   2.766026     2.0308     2.4130      8.010     1.3836   481.1605 1.0727e-01     0.0853    97.8901     7.3767     7.5073    32.7458    32.7461    26.2669    26.2684    8.08408 0.0000e+00
      15944     46.970     0.3879     0.3508   2.767329   2.764965     2.0296     2.4130      8.012     1.4650   481.2395 1.0727e-01     0.0849    97.8988     7.3688     7.5082    32.7476    32.7562    26.2689    26.2777    8.08607 0.0000e+00
      15947     46.886     0.3818     0.3628   2.767078   2.766158     2.0300     2.4130      8.012     1.5057   481.3184 1.0715e-01     0.0853    97.8901     7.3681     7.5041    32.7509    32.7591    26.2718    26.2795    8.08719 0.0000e+00
      15950     46.812     0.3880     0.4046   2.767588   2.768931     2.0296     2.4130      8.015     1.5260   481.2395 1.0715e-01     0.0849    97.8988     7.3603     7.4928    32.7510    32.7508    26.2716    26.2706    8.08586 0.0000e+00
      15953     46.747     0.3893     0.4047   2.767370   2.768325     2.0300     2.4126      8.015     1.5158   481.2790 1.0715e-01     0.0842    97.9162     7.3632     7.4930    32.7468    32.7428    26.2681    26.2641    8.08581 0.0000e+00
      15956     46.691     0.3828     0.3911   2.767191   2.767578     2.0300     2.4126      8.015     1.5158   481.2790 1.0727e-01     0.0842    97.9162     7.3629     7.4956    32.7514    32.7476    26.2722    26.2687    8.08694 0.0000e+00
      15959     46.646     0.3806     0.3946   2.766977   2.767778     2.0296     2.4118      8.015     1.5057   293.6351 1.0727e-01     0.0842    97.9162     7.3604     7.4940    32.7509    32.7466    26.2719    26.2677    8.08744 0.0000e+00
      15962     46.617     0.3852     0.3933   2.767708   2.767530     2.0292     2.4126      8.015     1.5158    -2.8130 1.0715e-01     0.0842    97.9162     7.3590     7.5009    32.7556    32.7447    26.2755    26.2663    8.08620 0.0000e+00
      16032     46.538     0.3759     0.3708   2.766984   2.765939     2.0397     2.4281      8.015     1.5158    -0.0495 1.0715e-01     0.0849    97.8988     7.5414     7.7248    32.7561    32.7479    26.2764    26.2700    8.08816 0.0000e+00
      16069     46.289     0.4039     0.3727   2.769889   2.767002     2.0454     2.4375      8.015     1.5260     0.7401 1.0715e-01     0.0849    97.8988     7.6171     7.8311    32.7643    32.7599    26.2815    26.2796    8.08171 0.0000e+00
      16072     46.019     0.4476     0.4090   2.772169   2.769206     2.0463     2.4383      8.015     1.5463     0.7401 1.0715e-01     0.0864    97.8640     7.5975     7.8119    32.7478    32.7502    26.2659    26.2699    8.07331 0.0000e+00
      16075     45.747     0.4861     0.4330   2.774823   2.770604     2.0483     2.4395      8.015     1.4649     0.7401 1.0715e-01     0.0874    97.8379     7.5829     7.7922    32.7415    32.7430    26.2588    26.2628    8.06544 0.0000e+00
      16078     45.468     0.5021     0.4524   2.774613   2.772004     2.0487     2.4403      8.015     1.4141     0.7006 1.0715e-01     0.0871    97.8466     7.5657     7.7699    32.7219    32.7408    26.2422    26.2600    8.06310 0.0000e+00
      16081     45.181     0.4911     0.4778   2.774321   2.774017     2.0499     2.4436      8.015     1.4242     0.7401 1.0715e-01     0.0874    97.8379     7.5585     7.7549    32.7300    32.7402    26.2492    26.2582    8.06500 0.0000e+00
      16084     44.889     0.5010     0.5081   2.775228   2.775516     2.0491     2.4448      8.015     1.4141     0.6612 1.0715e-01     0.0874    97.8379     7.5383     7.7335    32.7315    32.7277    26.2499    26.2464    8.06282 0.0000e+00
      16087     44.588     0.5309     0.5211   2.777130   2.776456     2.0516     2.4448      8.015     1.4242     0.7401 1.0715e-01     0.0874    97.8379     7.5325     7.7135    32.7246    32.7263    26.2428    26.2446    8.05684 0.0000e+00
      16090     44.284     0.5407     0.5331   2.777386   2.776963     2.0524     2.4464      8.015     1.4141     0.7796 1.0715e-01     0.0874    97.8379     7.5258     7.7048    32.7177    32.7203    26.2367    26.2392    8.05513 0.0000e+00
      16093     43.982     0.5455     0.5428   2.777740   2.777773     2.0516     2.4472      8.016     1.4344     0.8586 1.0727e-01     0.0867    97.8553     7.5136     7.6972    32.7174    32.7208    26.2362    26.2390    8.05412 0.0000e+00
      16096     43.680     0.5536     0.5568   2.779715   2.779790     2.0524     2.4468      8.017     1.4242     0.8586 1.0727e-01     0.0864    97.8640     7.5096     7.6878    32.7347    32.7323    26.2496    26.2475    8.05147 0.0000e+00
      16099     43.379     0.6753     0.6519   2.793605   2.788469     2.0524     2.4472      8.016     1.4039     0.8586 1.0715e-01     0.0864    97.8640     7.4813     7.6630    32.7858    32.7441    26.2840    26.2518    8.02292 0.0000e+00
      16102     43.090     0.8873     0.8144   2.806722   2.802592     2.0520     2.4468      8.018     1.4242     0.8191 1.0715e-01     0.0864    97.8640     7.4348     7.6201    32.7310    32.7548    26.2278    26.2511    7.98134 0.0000e+00
      16105     42.812     1.0278     1.0569   2.817997   2.818531     2.0528     2.4468      8.013     1.4242     0.8586 1.0715e-01     0.0867    97.8553     7.4078     7.5640    32.7279    32.7043    26.2169    26.1961    7.95222 0.0000e+00
      16108     42.547     1.1265     1.1365   2.823315   2.823347     2.0540     2.4480      8.015     1.4039     0.8191 1.0715e-01     0.0867    97.8553     7.3906     7.5493    32.6924    32.6824    26.1823    26.1736    7.93366 0.0000e+00
      16111     42.295     1.2069     1.2481   2.831378   2.832512     2.0544     2.4488      8.017     1.4039     0.8586 1.0715e-01     0.0871    97.8466     7.3702     7.5227    32.7112    32.6825    26.1924    26.1668    7.91606 0.0000e+00
      16114     42.057     1.2823     1.3088   2.834193   2.835931     2.0544     2.4497      8.017     1.4141     0.8586 1.0715e-01     0.0885    97.8118     7.3541     7.5044    32.6683    32.6627    26.1531    26.1469    7.90283 0.0000e+00
      16117     41.832     1.3122     1.3777   2.835447   2.842087     2.0548     2.4509      8.017     1.4242     0.8586 1.0715e-01     0.0885    97.8118     7.3430     7.4843    32.6531    32.6691    26.1391    26.1476    7.89751 0.0000e+00
      16120     41.625     1.3493     1.4540   2.840239   2.846497     2.0568     2.4525      8.016     1.4242     0.7796 1.0727e-01     0.0885    97.8118     7.3328     7.4637    32.6753    32.6454    26.1545    26.1236    7.88871 0.0000e+00
