Datasets/AZMP/HUD120/hud120_2020_095.cnv
* Sea-Bird SBE 9 Data File:
* FileName = C:\CTDDATA\hud120_2020_095.hex
* Software Version Seasave V 7.26.7.110
* Temperature SN = 1697
* Conductivity SN = 4216
* Number of Bytes Per Scan = 30
* Number of Voltage Words = 4
* Number of Scans Averaged by the Deck Unit = 1
* NMEA baud rate = 4800
** VESSEL/TRIP/SEQ STN:  hud120_2020_096
** LATITUDE XX XX.XX: 49 31.00 N
** LONGITUDE XX XX.XX: 050 32.00 W
** SOUNDING DEPTH (M): 0337
** PROBE TYPE: S1146
** CTD NUMBER: 072
** FORMAT: V
** COMMENTS (14 CHAR): BB-10
** BOTTLES:  10
** LEVELS: 5,10,20,30,40,50,75,100,150,BTM
** STICKERS: 440019 - 440028
** VNET: Y
** DO2: Y
# nquan = 22
# nvalues = 6432                        
# units = specified
# name 0 = scan: Scan Count
# name 1 = prDM: Pressure, Digiquartz [db]
# name 2 = t090C: Temperature [ITS-90, deg C]
# name 3 = t190C: Temperature, 2 [ITS-90, deg C]
# name 4 = c0S/m: Conductivity [S/m]
# name 5 = c1S/m: Conductivity, 2 [S/m]
# name 6 = sbeox0V: Oxygen raw, SBE 43 [V]
# name 7 = sbeox1V: Oxygen raw, SBE 43, 2 [V]
# name 8 = ph: pH
# name 9 = flECO-AFL: Fluorescence, WET Labs ECO-AFL/FL [mg/m^3]
# name 10 = wetCDOM: Fluorescence, WET Labs CDOM [mg/m^3]
# name 11 = par/sat/log: PAR/Logarithmic, Satlantic [umol photons/m^2/sec]
# name 12 = CStarAt0: Beam Attenuation, WET Labs C-Star [1/m]
# name 13 = CStarTr0: Beam Transmission, WET Labs C-Star [%]
# name 14 = sbeox0ML/L: Oxygen, SBE 43 [ml/l], WS = 2
# name 15 = sbeox1ML/L: Oxygen, SBE 43, 2 [ml/l], WS = 2
# name 16 = sal00: Salinity, Practical [PSU]
# name 17 = sal11: Salinity, Practical, 2 [PSU]
# name 18 = sigma-t00: Density [sigma-t, kg/m^3 ]
# name 19 = sigma-t11: Density, 2 [sigma-t, kg/m^3 ]
# name 20 = oxsatML/L: Oxygen Saturation, Weiss [ml/l]
# name 21 = flag: flag
# span 0 =         76,      42837       
# span 1 =      2.336,    332.192       
# span 2 =     1.9651,     3.4043       
# span 3 =     1.9604,     3.3997       
# span 4 =   2.949657,   3.186183       
# span 5 =   2.949563,   3.185639       
# span 6 =     1.8569,     2.2002       
# span 7 =     2.1822,     2.5906       
# span 8 =      8.057,      8.144       
# span 9 =     0.8850,     4.1409       
# span 10 =    -2.8130,   482.1870      
# span 11 = 1.0715e-01, 4.4003e+01      
# span 12 =     0.0821,     0.2418      
# span 13 =    94.1350,    97.9683      
# span 14 =     6.1291,     7.7259      
# span 15 =     6.1938,     7.7828      
# span 16 =    33.4132,    34.6255      
# span 17 =    33.4162,    34.6234      
# span 18 =    26.7019,    27.5483      
# span 19 =    26.7046,    27.5472      
# span 20 =    7.38988,    7.72468      
# span 21 = 0.0000e+00, 0.0000e+00      
# interval = scans: 3                   
# start_time = Nov 28 2020 18:26:36 [System UTC, header]
# bad_flag = -9.990e-29
*END*
[from data line 5597]
      26736     74.254     2.7300     2.7289   3.055996   3.056203     2.0900     2.4737      8.141     1.4141     7.1357 1.0715e-01     0.0928    97.7075     7.1349     7.2138    33.8985    33.9022    27.0295    27.0326    7.55232 0.0000e+00
      26739     74.225     2.7300     2.7287   3.055939   3.056201     2.0909     2.4737      8.141     1.4547     2.0824 1.0715e-01     0.0928    97.7075     7.1368     7.2151    33.8978    33.9024    27.0290    27.0327    7.55236 0.0000e+00
      26742     74.190     2.7301     2.7287   3.055944   3.056258     2.0909     2.4724      8.141     1.4547     2.1614 1.0715e-01     0.0928    97.7075     7.1357     7.2110    33.8978    33.9031    27.0290    27.0333    7.55234 0.0000e+00
      26745     74.150     2.7301     2.7288   3.055948   3.056285     2.0917     2.4728      8.141     1.4547     2.1614 1.0715e-01     0.0928    97.7075     7.1379     7.2118    33.8978    33.9034    27.0290    27.0335    7.55234 0.0000e+00
      26748     74.101     2.7299     2.7288   3.055938   3.056287     2.0921     2.4737      8.141     1.4446     2.1614 1.0715e-01     0.0917    97.7336     7.1380     7.2125    33.8980    33.9035    27.0291    27.0336    7.55237 0.0000e+00
      26751     74.048     2.7302     2.7288   3.055972   3.056273     2.0913     2.4733      8.141     1.4446     2.1614 1.0715e-01     0.0921    97.7249     7.1349     7.2123    33.8981    33.9033    27.0292    27.0335    7.55231 0.0000e+00
      26754     73.990     2.7305     2.7287   3.056008   3.056299     2.0921     2.4728      8.141     1.4446     2.1614 1.0715e-01     0.0924    97.7162     7.1368     7.2132    33.8983    33.9037    27.0293    27.0338    7.55224 0.0000e+00
      26757     73.926     2.7309     2.7287   3.056044   3.056283     2.0925     2.4728      8.141     1.4446     2.1614 1.0715e-01     0.0921    97.7249     7.1388     7.2146    33.8983    33.9036    27.0293    27.0337    7.55216 0.0000e+00
      26760     73.857     2.7317     2.7284   3.056000   3.056118     2.0913     2.4728      8.141     1.4547     2.1614 1.0715e-01     0.0921    97.7249     7.1322     7.2159    33.8969    33.9019    27.0281    27.0324    7.55207 0.0000e+00
      26763     73.783     2.7315     2.7277   3.055963   3.055754     2.0913     2.4737      8.141     1.3836     6.8199 1.0715e-01     0.0921    97.7249     7.1309     7.2207    33.8967    33.8982    27.0280    27.0295    7.55212 0.0000e+00
      26766     73.706     2.7316     2.7281   3.055963   3.055581     2.0917     2.4741      8.141     1.3937    12.1101 1.0715e-01     0.0917    97.7336     7.1329     7.2245    33.8967    33.8957    27.0280    27.0274    7.55211 0.0000e+00
      26769     73.625     2.7328     2.7288   3.056018   3.055578     2.0913     2.4728      8.141     1.3937    11.8732 1.0727e-01     0.0913    97.7423     7.1325     7.2208    33.8962    33.8950    27.0274    27.0268    7.55191 0.0000e+00
      26772     73.538     2.7342     2.7294   3.056086   3.055548     2.0921     2.4733      8.141     1.3734    11.9127 1.0715e-01     0.0910    97.7510     7.1395     7.2236    33.8956    33.8940    27.0269    27.0260    7.55167 0.0000e+00
      26775     73.447     2.7352     2.7300   3.056144   3.055581     2.0929     2.4737      8.141     1.3836    11.8732 1.0740e-01     0.0906    97.7597     7.1442     7.2269    33.8952    33.8939    27.0265    27.0259    7.55149 0.0000e+00
      26778     73.357     2.7366     2.7308   3.056207   3.055600     2.0921     2.4741      8.141     1.3937    11.8732 1.0715e-01     0.0906    97.7597     7.1379     7.2302    33.8946    33.8933    27.0259    27.0253    7.55126 0.0000e+00
      26781     73.262     2.7374     2.7312   3.056197   3.055663     2.0925     2.4749      8.141     1.3836    11.8732 1.0715e-01     0.0906    97.7597     7.1436     7.2336    33.8936    33.8936    27.0250    27.0255    7.55115 0.0000e+00
      26784     73.164     2.7373     2.7315   3.056178   3.055669     2.0925     2.4741      8.141     1.3734    11.8732 1.0715e-01     0.0913    97.7423     7.1463     7.2332    33.8936    33.8935    27.0251    27.0254    7.55118 0.0000e+00
      26787     73.069     2.7376     2.7329   3.056159   3.055627     2.0929     2.4741      8.141     1.3835    11.8732 1.0715e-01     0.0917    97.7336     7.1461     7.2338    33.8931    33.8916    27.0246    27.0237    7.55114 0.0000e+00
      26790     72.972     2.7379     2.7344   3.056173   3.055479     2.0937     2.4749      8.141     1.3326   368.3689 1.0715e-01     0.0917    97.7336     7.1473     7.2396    33.8930    33.8882    27.0245    27.0210    7.55110 0.0000e+00
      26793     72.872     2.7381     2.7353   3.056081   3.055398     2.0937     2.4753      8.141     1.3326   481.9896 1.0715e-01     0.0917    97.7336     7.1451     7.2435    33.8918    33.8863    27.0235    27.0193    7.55113 0.0000e+00
      26796     72.775     2.7385     2.7356   3.056014   3.055342     2.0941     2.4749      8.141     1.3225   480.9631 1.0715e-01     0.0917    97.7336     7.1446     7.2406    33.8906    33.8854    27.0225    27.0186    7.55111 0.0000e+00
      26799     72.680     2.7401     2.7363   3.055948   3.055296     2.0929     2.4749      8.141     1.3326   481.2790 1.0715e-01     0.0917    97.7336     7.1406     7.2399    33.8881    33.8841    27.0203    27.0175    7.55092 0.0000e+00
      26802     72.589     2.7409     2.7363   3.055940   3.055333     2.0929     2.4761      8.141     1.3225   481.2790 1.0715e-01     0.0917    97.7336     7.1398     7.2441    33.8872    33.8846    27.0195    27.0179    7.55081 0.0000e+00
      26805     72.501     2.7404     2.7363   3.055972   3.055320     2.0945     2.4761      8.141     1.3225   481.2790 1.0715e-01     0.0917    97.7336     7.1452     7.2424    33.8882    33.8845    27.0204    27.0178    7.55086 0.0000e+00
      26808     72.418     2.7406     2.7358   3.055950   3.055347     2.0941     2.4769      8.141     1.3123   481.2395 1.0715e-01     0.0906    97.7597     7.1435     7.2466    33.8878    33.8854    27.0200    27.0186    7.55085 0.0000e+00
      26811     72.339     2.7410     2.7362   3.055941   3.055357     2.0937     2.4769      8.141     1.3123   481.2790 1.0715e-01     0.0906    97.7597     7.1408     7.2445    33.8872    33.8851    27.0196    27.0183    7.55079 0.0000e+00
      26814     72.263     2.7410     2.7367   3.055932   3.055384     2.0937     2.4773      8.141     1.3428   441.9578 1.0715e-01     0.0906    97.7597     7.1424     7.2428    33.8871    33.8850    27.0195    27.0182    7.55079 0.0000e+00
      26817     72.189     2.7419     2.7367   3.055890   3.055355     2.0941     2.4773      8.141     1.3836    26.0067 1.0715e-01     0.0906    97.7597     7.1474     7.2426    33.8857    33.8847    27.0183    27.0179    7.55070 0.0000e+00
      26820     72.117     2.7415     2.7363   3.055936   3.055374     2.0945     2.4773      8.141     1.3937     5.8724 1.0715e-01     0.0906    97.7597     7.1518     7.2416    33.8867    33.8854    27.0192    27.0185    7.55072 0.0000e+00
      26823     72.056     2.7417     2.7363   3.055894   3.055354     2.0949     2.4773      8.141     1.3734     7.4516 1.0715e-01     0.0906    97.7597     7.1551     7.2392    33.8861    33.8852    27.0186    27.0184    7.55071 0.0000e+00
      26826     72.003     2.7425     2.7363   3.055902   3.055379     2.0941     2.4777      8.141     1.4039     7.3726 1.0715e-01     0.0917    97.7336     7.1499     7.2400    33.8853    33.8855    27.0180    27.0186    7.55060 0.0000e+00
      26829     71.955     2.7429     2.7359   3.055845   3.055363     2.0949     2.4769      8.141     1.3836     7.3726 1.0727e-01     0.0928    97.7075     7.1559     7.2381    33.8843    33.8857    27.0171    27.0188    7.55059 0.0000e+00
      26832     71.911     2.7430     2.7356   3.055805   3.055379     2.0949     2.4785      8.141     1.3836     7.3726 1.0715e-01     0.0928    97.7075     7.1601     7.2425    33.8837    33.8863    27.0165    27.0193    7.55059 0.0000e+00
      26835     71.866     2.7424     2.7347   3.055875   3.055428     2.0949     2.4777      8.141     1.4039     7.3726 1.0727e-01     0.0928    97.7075     7.1612     7.2387    33.8853    33.8879    27.0179    27.0206    7.55063 0.0000e+00
      26838     71.825     2.7419     2.7335   3.055887   3.055468     2.0962     2.4777      8.141     1.3836     7.3726 1.0715e-01     0.0928    97.7075     7.1662     7.2375    33.8859    33.8896    27.0185    27.0221    7.55069 0.0000e+00
      26841     71.788     2.7423     2.7320   3.055879   3.055520     2.0958     2.4785      8.141     1.3734   146.5362 1.0715e-01     0.0928    97.7075     7.1630     7.2412    33.8854    33.8919    27.0180    27.0241    7.55064 0.0000e+00
      26844     71.762     2.7423     2.7321   3.055887   3.055514     2.0958     2.4785      8.141     1.3632   482.1870 1.0715e-01     0.0928    97.7075     7.1613     7.2421    33.8856    33.8917    27.0181    27.0240    7.55064 0.0000e+00
      26847     71.737     2.7415     2.7332   3.055884   3.055471     2.0962     2.4785      8.141     1.3428   480.8447 1.0715e-01     0.0917    97.7336     7.1634     7.2425    33.8864    33.8901    27.0189    27.0225    7.55075 0.0000e+00
      26850     71.711     2.7422     2.7334   3.055832   3.055463     2.0962     2.4798      8.141     1.3632   481.2395 1.0715e-01     0.0910    97.7510     7.1618     7.2478    33.8850    33.8897    27.0177    27.0222    7.55068 0.0000e+00
      26853     71.686     2.7436     2.7345   3.055790   3.055424     2.0974     2.4794      8.141     1.3632   481.2395 1.0727e-01     0.0906    97.7597     7.1635     7.2448    33.8830    33.8882    27.0160    27.0209    7.55052 0.0000e+00
      26856     71.659     2.7436     2.7347   3.055749   3.055401     2.0974     2.4785      8.141     1.3530   481.2395 1.0715e-01     0.0910    97.7510     7.1608     7.2408    33.8825    33.8876    27.0156    27.0204    7.55053 0.0000e+00
      26859     71.629     2.7441     2.7357   3.055719   3.055369     2.0970     2.4789      8.141     1.3530   481.2790 1.0715e-01     0.0906    97.7597     7.1537     7.2430    33.8817    33.8862    27.0149    27.0192    7.55049 0.0000e+00
      26862     71.596     2.7439     2.7366   3.055686   3.055306     2.0970     2.4785      8.141     1.3632   481.3184 1.0715e-01     0.0906    97.7597     7.1503     7.2414    33.8815    33.8846    27.0147    27.0178    7.55053 0.0000e+00
      26865     71.564     2.7441     2.7375   3.055695   3.055282     2.0974     2.4798      8.141     1.3632   481.3184 1.0715e-01     0.0917    97.7336     7.1527     7.2467    33.8813    33.8833    27.0146    27.0167    7.55050 0.0000e+00
      26868     71.526     2.7439     2.7370   3.055706   3.055328     2.0966     2.4798      8.141     1.4446   212.7820 1.0715e-01     0.0935    97.6902     7.1483     7.2480    33.8818    33.8844    27.0150    27.0176    7.55052 0.0000e+00
      26871     71.482     2.7439     2.7366   3.055686   3.055359     2.0978     2.4802      8.141     1.4547     0.6612 1.0715e-01     0.0938    97.6815     7.1524     7.2516    33.8815    33.8853    27.0148    27.0184    7.55053 0.0000e+00
      26874     71.431     2.7428     2.7355   3.055742   3.055368     2.0974     2.4798      8.141     1.4446     7.4910 1.0715e-01     0.0938    97.6815     7.1503     7.2524    33.8835    33.8866    27.0164    27.0195    7.55065 0.0000e+00
      26877     71.374     2.7432     2.7348   3.055705   3.055385     2.0974     2.4802      8.141     1.4344     7.1357 1.0715e-01     0.0942    97.6728     7.1525     7.2572    33.8826    33.8875    27.0157    27.0203    7.55061 0.0000e+00
      26880     71.313     2.7429     2.7348   3.055743   3.055379     2.0966     2.4798      8.141     1.4446     7.1357 1.0715e-01     0.0942    97.6728     7.1533     7.2563    33.8834    33.8874    27.0163    27.0203    7.55062 0.0000e+00
      26883     71.249     2.7425     2.7351   3.055732   3.055344     2.0970     2.4806      8.141     1.4446     7.1357 1.0715e-01     0.0938    97.6815     7.1572     7.2584    33.8837    33.8867    27.0167    27.0197    7.55069 0.0000e+00
      26886     71.178     2.7423     2.7365   3.055663   3.055229     2.0970     2.4814      8.141     1.4446     7.1357 1.0715e-01     0.0935    97.6902     7.1597     7.2608    33.8831    33.8839    27.0162    27.0173    7.55076 0.0000e+00
      26889     71.095     2.7421     2.7371   3.055648   3.055261     2.0982     2.4810      8.141     1.4344     7.1357 1.0715e-01     0.0917    97.7336     7.1678     7.2575    33.8832    33.8837    27.0162    27.0171    7.55079 0.0000e+00
      26892     70.999     2.7425     2.7376   3.055563   3.055179     2.0978     2.4818      8.141     1.3937     7.1357 1.0715e-01     0.0910    97.7510     7.1675     7.2597    33.8817    33.8822    27.0151    27.0159    7.55078 0.0000e+00
      26895     70.894     2.7429     2.7380   3.055483   3.054981     2.0982     2.4822      8.141     1.3326   402.8736 1.0715e-01     0.0913    97.7423     7.1703     7.2614    33.8804    33.8794    27.0140    27.0136    7.55078 0.0000e+00
      26898     70.782     2.7428     2.7382   3.055443   3.054954     2.0982     2.4822      8.141     1.3225   481.8712 1.0715e-01     0.0910    97.7510     7.1720     7.2635    33.8801    33.8789    27.0137    27.0132    7.55081 0.0000e+00
      26901     70.666     2.7428     2.7380   3.055351   3.054824     2.0994     2.4822      8.141     1.3123   481.0421 1.0715e-01     0.0913    97.7423     7.1768     7.2635    33.8790    33.8776    27.0129    27.0122    7.55087 0.0000e+00
      26904     70.548     2.7422     2.7372   3.055308   3.054818     2.0990     2.4822      8.141     1.3326   481.2395 1.0727e-01     0.0913    97.7423     7.1759     7.2642    33.8792    33.8785    27.0131    27.0129    7.55097 0.0000e+00
      26907     70.423     2.7421     2.7369   3.055281   3.054827     2.0986     2.4822      8.141     1.3123   481.2395 1.0715e-01     0.0917    97.7336     7.1716     7.2630    33.8791    33.8790    27.0130    27.0134    7.55100 0.0000e+00
      26910     70.293     2.7419     2.7368   3.055248   3.054826     2.0998     2.4834      8.143     1.3225   481.2395 1.0715e-01     0.0917    97.7336     7.1760     7.2669    33.8790    33.8791    27.0129    27.0134    7.55105 0.0000e+00
      26913     70.155     2.7418     2.7369   3.055259   3.054870     2.0994     2.4822      8.143     1.3123   481.2790 1.0715e-01     0.0917    97.7336     7.1727     7.2623    33.8792    33.8796    27.0131    27.0138    7.55104 0.0000e+00
      26916     70.018     2.7417     2.7371   3.055214   3.054811     2.0994     2.4830      8.141     1.3225   481.2395 1.0715e-01     0.0917    97.7336     7.1718     7.2635    33.8789    33.8788    27.0128    27.0132    7.55108 0.0000e+00
      26919     69.879     2.7419     2.7371   3.055199   3.054718     2.1002     2.4834      8.141     1.3123   416.6518 1.0727e-01     0.0917    97.7336     7.1749     7.2644    33.8786    33.8778    27.0126    27.0124    7.55106 0.0000e+00
      26922     69.738     2.7415     2.7369   3.055184   3.054630     2.0994     2.4847      8.141     1.3123    15.5448 1.0727e-01     0.0917    97.7336     7.1692     7.2683    33.8788    33.8769    27.0129    27.0117    7.55112 0.0000e+00
      26925     69.597     2.7416     2.7368   3.055161   3.054607     2.0998     2.4843      8.141     1.2920    11.9127 1.0715e-01     0.0917    97.7336     7.1693     7.2651    33.8786    33.8768    27.0126    27.0116    7.55112 0.0000e+00
      26928     69.459     2.7414     2.7367   3.055138   3.054571     2.1002     2.4847      8.141     1.3123    12.2285 1.0715e-01     0.0921    97.7249     7.1715     7.2641    33.8786    33.8765    27.0126    27.0114    7.55116 0.0000e+00
