Datasets/AZMP/HUD120/hud120_2020_058.cnv
* Sea-Bird SBE 9 Data File:
* FileName = C:\CTDDATA\hud120_2020_058.hex
* Software Version Seasave V 7.26.7.110
* Temperature SN = 1697
* Conductivity SN = 4216
* Number of Bytes Per Scan = 30
* Number of Voltage Words = 4
* Number of Scans Averaged by the Deck Unit = 1
* NMEA baud rate = 4800
** VESSEL/TRIP/SEQ STN:  hud120_2020_058
** LATITUDE XX XX.XX: 47 00.00 N
** LONGITUDE XX XX.XX: 045 12.80 W
** SOUNDING DEPTH (M): 0171
** PROBE TYPE: S1146
** CTD NUMBER: 037
** FORMAT: V
** COMMENTS (14 CHAR): FC-24
** BOTTLES:  10
** LEVELS: 5,10,20,30,40,50,75,100,150,BTM
** STICKERS: 439750 - 439759
** VNET: Y
** DO2: Y
# nquan = 22
# nvalues = 3080                        
# units = specified
# name 0 = scan: Scan Count
# name 1 = prDM: Pressure, Digiquartz [db]
# name 2 = t090C: Temperature [ITS-90, deg C]
# name 3 = t190C: Temperature, 2 [ITS-90, deg C]
# name 4 = c0S/m: Conductivity [S/m]
# name 5 = c1S/m: Conductivity, 2 [S/m]
# name 6 = sbeox0V: Oxygen raw, SBE 43 [V]
# name 7 = sbeox1V: Oxygen raw, SBE 43, 2 [V]
# name 8 = ph: pH
# name 9 = flECO-AFL: Fluorescence, WET Labs ECO-AFL/FL [mg/m^3]
# name 10 = wetCDOM: Fluorescence, WET Labs CDOM [mg/m^3]
# name 11 = par/sat/log: PAR/Logarithmic, Satlantic [umol photons/m^2/sec]
# name 12 = CStarAt0: Beam Attenuation, WET Labs C-Star [1/m]
# name 13 = CStarTr0: Beam Transmission, WET Labs C-Star [%]
# name 14 = sbeox0ML/L: Oxygen, SBE 43 [ml/l], WS = 2
# name 15 = sbeox1ML/L: Oxygen, SBE 43, 2 [ml/l], WS = 2
# name 16 = sal00: Salinity, Practical [PSU]
# name 17 = sal11: Salinity, Practical, 2 [PSU]
# name 18 = sigma-t00: Density [sigma-t, kg/m^3 ]
# name 19 = sigma-t11: Density, 2 [sigma-t, kg/m^3 ]
# name 20 = oxsatML/L: Oxygen Saturation, Weiss [ml/l]
# name 21 = flag: flag
# span 0 =          9,      39341       
# span 1 =      0.427,    166.781       
# span 2 =     3.5055,     7.6729       
# span 3 =     3.5005,     7.6687       
# span 4 =   0.597003,   3.421394       
# span 5 =   0.428602,   3.420841       
# span 6 =     1.8413,     2.2372       
# span 7 =     2.1879,     2.6594       
# span 8 =      7.926,      8.146       
# span 9 =     0.8850,     6.8577       
# span 10 =    -2.8130,   482.1870      
# span 11 = 1.0690e-01, 1.9530e+02      
# span 12 =     0.0949,     0.5479      
# span 13 =    87.1985,    97.6554      
# span 14 =     5.8700,     7.3608      
# span 15 =     5.9832,     7.3468      
# span 16 =     5.1420,    34.6441      
# span 17 =     3.6161,    34.6436      
# span 18 =     3.9910,    27.5247      
# span 19 =     2.7902,    27.5247      
# span 20 =    6.73747,    8.37708      
# span 21 = 0.0000e+00, 0.0000e+00      
# interval = scans: 3                   
# start_time = Nov 23 2020 12:24:44 [System UTC, header]
# bad_flag = -9.990e-29
*END*
[from data line 2898]
      32071     12.295     7.6514     7.6473   3.418137   3.417611     2.2039     2.6424      8.140     5.6571   481.0816 2.1216e+01     0.2729    93.4048     6.6742     6.8652    33.1498    33.1481    25.8711    25.8704    6.74046 0.0000e+00
      32074     12.206     7.6517     7.6471   3.418134   3.417619     2.2056     2.6416      8.141     5.6571   481.0816 2.1712e+01     0.2729    93.4048     6.6808     6.8610    33.1495    33.1483    25.8709    25.8707    6.74043 0.0000e+00
      32077     12.121     7.6516     7.6474   3.418136   3.417611     2.2060     2.6412      8.140     5.6571   481.1211 2.2194e+01     0.2729    93.4048     6.6833     6.8586    33.1497    33.1480    25.8710    25.8703    6.74044 0.0000e+00
      32080     12.041     7.6516     7.6471   3.418126   3.417611     2.2047     2.6412      8.140     5.6469   481.1211 2.2582e+01     0.2729    93.4048     6.6770     6.8568    33.1496    33.1483    25.8710    25.8706    6.74044 0.0000e+00
      32083     11.961     7.6514     7.6473   3.418138   3.417603     2.2052     2.6416      8.140     5.6571   481.1211 2.2924e+01     0.2729    93.4048     6.6768     6.8577    33.1500    33.1481    25.8713    25.8704    6.74045 0.0000e+00
      32086     11.887     7.6515     7.6473   3.418128   3.417620     2.2043     2.6416      8.140     5.6469   288.8582 2.3164e+01     0.2729    93.4048     6.6732     6.8560    33.1498    33.1483    25.8712    25.8706    6.74045 0.0000e+00
      32089     11.816     7.6516     7.6473   3.418122   3.417625     2.2047     2.6412      8.140     5.6571    -0.6417 2.3379e+01     0.2729    93.4048     6.6764     6.8524    33.1497    33.1484    25.8710    25.8706    6.74044 0.0000e+00
      32092     11.753     7.6515     7.6475   3.418132   3.417604     2.2052     2.6404      8.141     5.7690     7.9253 2.3488e+01     0.2733    93.3961     6.6768     6.8485    33.1499    33.1480    25.8712    25.8703    6.74044 0.0000e+00
      32095     11.691     7.6519     7.6478   3.418139   3.417630     2.2056     2.6404      8.141     5.8402     7.6095 2.3488e+01     0.2733    93.3961     6.6773     6.8497    33.1496    33.1481    25.8709    25.8703    6.74039 0.0000e+00
      32098     11.637     7.6520     7.6476   3.418119   3.417614     2.2056     2.6400      8.140     5.8503     7.6095 2.3488e+01     0.2733    93.3961     6.6748     6.8506    33.1494    33.1481    25.8708    25.8704    6.74039 0.0000e+00
      32101     11.588     7.6518     7.6474   3.418151   3.417621     2.2056     2.6404      8.140     5.8402     7.6095 2.3406e+01     0.2736    93.3875     6.6752     6.8530    33.1499    33.1484    25.8712    25.8707    6.74040 0.0000e+00
      32104     11.540     7.6519     7.6476   3.418123   3.417610     2.2047     2.6395      8.140     5.8402     7.6095 2.3433e+01     0.2729    93.4048     6.6737     6.8510    33.1495    33.1481    25.8709    25.8704    6.74040 0.0000e+00
      32107     11.493     7.6520     7.6474   3.418158   3.417592     2.2052     2.6404      8.140     5.8300     7.6095 2.3515e+01     0.2729    93.4048     6.6741     6.8550    33.1498    33.1481    25.8711    25.8704    6.74036 0.0000e+00
      32110     11.448     7.6522     7.6474   3.418172   3.417592     2.2060     2.6395      8.143     5.8402     7.6095 2.3624e+01     0.2733    93.3961     6.6769     6.8540    33.1498    33.1481    25.8711    25.8704    6.74034 0.0000e+00
      32113     11.405     7.6524     7.6473   3.418173   3.417609     2.2052     2.6395      8.140     5.8402   325.8105 2.3651e+01     0.2733    93.3961     6.6725     6.8562    33.1497    33.1484    25.8709    25.8707    6.74032 0.0000e+00
      32116     11.360     7.6524     7.6475   3.418166   3.417586     2.2052     2.6395      8.140     5.8402   482.1870 2.3651e+01     0.2740    93.3788     6.6702     6.8572    33.1496    33.1480    25.8709    25.8703    6.74032 0.0000e+00
      32119     11.316     7.6526     7.6477   3.418149   3.417597     2.2056     2.6404      8.140     6.0742   480.8842 2.3569e+01     0.2736    93.3875     6.6716     6.8609    33.1493    33.1480    25.8706    25.8703    6.74030 0.0000e+00
      32122     11.275     7.6525     7.6476   3.418179   3.417595     2.2043     2.6404      8.140     6.1149   481.0816 2.3488e+01     0.2740    93.3788     6.6653     6.8611    33.1497    33.1480    25.8709    25.8703    6.74030 0.0000e+00
      32125     11.238     7.6525     7.6476   3.418169   3.417599     2.2052     2.6400      8.140     6.1047   481.1211 2.3298e+01     0.2740    93.3788     6.6695     6.8622    33.1496    33.1481    25.8709    25.8704    6.74030 0.0000e+00
      32128     11.201     7.6525     7.6478   3.418185   3.417606     2.2056     2.6404      8.140     6.1047   481.1211 2.3244e+01     0.2729    93.4048     6.6712     6.8644    33.1497    33.1480    25.8710    25.8703    6.74029 0.0000e+00
      32131     11.163     7.6525     7.6475   3.418181   3.417610     2.2047     2.6395      8.140     6.1251   481.1211 2.3217e+01     0.2736    93.3875     6.6674     6.8605    33.1498    33.1484    25.8710    25.8706    6.74030 0.0000e+00
      32134     11.130     7.6525     7.6479   3.418163   3.417626     2.2056     2.6404      8.143     6.1149   481.0816 2.3244e+01     0.2736    93.3875     6.6704     6.8648    33.1496    33.1482    25.8709    25.8704    6.74030 0.0000e+00
      32142     11.070     7.6528     7.6482   3.418165   3.417644     2.2047     2.6400      8.141     5.9419   481.1211 2.3434e+01     0.2729    93.4048     6.6690     6.8636    33.1494    33.1481    25.8706    25.8703    6.74027 0.0000e+00
      32148     11.027     7.6528     7.6483   3.418191   3.417675     2.2047     2.6416      8.140     5.8605   481.1211 2.3733e+01     0.2729    93.4048     6.6677     6.8681    33.1497    33.1483    25.8709    25.8705    6.74025 0.0000e+00
      32151     10.991     7.6525     7.6482   3.418169   3.417641     2.2047     2.6408      8.141     5.8707   481.1211 2.4093e+01     0.2729    93.4048     6.6676     6.8647    33.1497    33.1481    25.8710    25.8703    6.74030 0.0000e+00
      32154     10.954     7.6525     7.6482   3.418152   3.417630     2.2052     2.6395      8.140     5.8809   481.1211 2.4458e+01     0.2729    93.4048     6.6707     6.8604    33.1495    33.1480    25.8708    25.8702    6.74030 0.0000e+00
      32157     10.914     7.6525     7.6480   3.418153   3.417632     2.2047     2.6412      8.144     5.8605   481.1211 2.4742e+01     0.2725    93.4135     6.6698     6.8641    33.1496    33.1483    25.8709    25.8705    6.74030 0.0000e+00
      32160     10.873     7.6525     7.6482   3.418177   3.417646     2.2047     2.6416      8.140     5.8707   481.1211 2.5001e+01     0.2729    93.4048     6.6726     6.8646    33.1499    33.1482    25.8711    25.8704    6.74029 0.0000e+00
      32163     10.829     7.6524     7.6480   3.418144   3.417617     2.2047     2.6412      8.143     5.8707   478.4760 2.5175e+01     0.2729    93.4048     6.6755     6.8626    33.1496    33.1481    25.8709    25.8703    6.74032 0.0000e+00
      32166     10.784     7.6523     7.6482   3.418150   3.417622     2.2052     2.6404      8.141     5.8707    71.2497 2.5350e+01     0.2722    93.4222     6.6766     6.8575    33.1498    33.1480    25.8710    25.8703    6.74032 0.0000e+00
      32169     10.741     7.6526     7.6482   3.418166   3.417643     2.2047     2.6408      8.140     5.8707    13.7682 2.5556e+01     0.2729    93.4048     6.6753     6.8577    33.1497    33.1482    25.8709    25.8704    6.74028 0.0000e+00
      32172     10.700     7.6527     7.6482   3.418153   3.417633     2.2043     2.6404      8.143     5.8503    16.1369 2.5615e+01     0.2729    93.4048     6.6715     6.8559    33.1495    33.1482    25.8708    25.8704    6.74028 0.0000e+00
      32175     10.660     7.6527     7.6483   3.418150   3.417637     2.2047     2.6404      8.140     5.8503    16.0185 2.5645e+01     0.2729    93.4048     6.6728     6.8571    33.1494    33.1482    25.8707    25.8704    6.74027 0.0000e+00
      32178     10.615     7.6527     7.6482   3.418166   3.417613     2.2052     2.6404      8.143     5.8300    16.0185 2.5645e+01     0.2729    93.4048     6.6742     6.8569    33.1496    33.1480    25.8709    25.8702    6.74026 0.0000e+00
      32181     10.569     7.6528     7.6484   3.418136   3.417644     2.2052     2.6404      8.141     5.8402    16.0185 2.5793e+01     0.2729    93.4048     6.6735     6.8558    33.1492    33.1481    25.8705    25.8703    6.74026 0.0000e+00
      32184     10.529     7.6528     7.6486   3.418154   3.417645     2.2060     2.6404      8.141     5.8503    16.0185 2.6124e+01     0.2729    93.4048     6.6757     6.8569    33.1495    33.1480    25.8707    25.8702    6.74026 0.0000e+00
      32187     10.500     7.6527     7.6485   3.418154   3.417642     2.2056     2.6408      8.141     5.8503    16.0185 2.6427e+01     0.2729    93.4048     6.6733     6.8594    33.1495    33.1480    25.8708    25.8702    6.74026 0.0000e+00
      32269     10.465     7.6524     7.6480   3.418145   3.417634     2.2031     2.6408      8.143     6.6847     4.7275 2.6611e+01     0.2740    93.3788     6.6641     6.8543    33.1498    33.1485    25.8711    25.8706    6.74031 0.0000e+00
      32273     10.434     7.6523     7.6482   3.418133   3.417619     2.2031     2.6416      8.143     6.6949     5.9908 2.6735e+01     0.2740    93.3788     6.6658     6.8561    33.1498    33.1481    25.8710    25.8704    6.74032 0.0000e+00
      32276     10.410     7.6525     7.6481   3.418115   3.417630     2.2035     2.6408      8.141     6.3286     5.9118 2.6921e+01     0.2733    93.3961     6.6676     6.8511    33.1494    33.1483    25.8707    25.8705    6.74031 0.0000e+00
      32279     10.383     7.6521     7.6482   3.418124   3.417632     2.2035     2.6408      8.141     6.2676     5.9513 2.7108e+01     0.2729    93.4048     6.6672     6.8509    33.1499    33.1483    25.8711    25.8705    6.74035 0.0000e+00
      32282     10.354     7.6524     7.6483   3.418145   3.417619     2.2023     2.6404      8.143     6.2574     5.9513 2.7297e+01     0.2729    93.4048     6.6622     6.8498    33.1499    33.1481    25.8711    25.8703    6.74031 0.0000e+00
      32285     10.328     7.6525     7.6482   3.418127   3.417580     2.2035     2.6404      8.143     6.2777     5.9513 2.7455e+01     0.2729    93.4048     6.6686     6.8499    33.1496    33.1477    25.8708    25.8700    6.74030 0.0000e+00
      32288     10.302     7.6523     7.6482   3.418132   3.417610     2.2031     2.6404      8.140     6.2676     5.9513 2.7646e+01     0.2733    93.3961     6.6660     6.8502    33.1498    33.1481    25.8711    25.8703    6.74032 0.0000e+00
      32291     10.277     7.6523     7.6483   3.418138   3.417602     2.2031     2.6391      8.141     6.2676     5.9513 2.7774e+01     0.2729    93.4048     6.6660     6.8453    33.1499    33.1480    25.8712    25.8702    6.74032 0.0000e+00
      32395     10.245     7.6525     7.6482   3.418120   3.417598     2.2039     2.6391      8.141     5.8911     6.4251 2.6625e+01     0.2736    93.3875     6.6685     6.8433    33.1496    33.1480    25.8709    25.8702    6.74031 0.0000e+00
      32449     10.182     7.6525     7.6481   3.418130   3.417594     2.2047     2.6383      8.140     5.7181     6.6620 2.6367e+01     0.2740    93.3788     6.6709     6.8391    33.1497    33.1481    25.8709    25.8703    6.74030 0.0000e+00
      32452     10.117     7.6524     7.6480   3.418122   3.417606     2.2047     2.6391      8.141     5.7181   102.7934 2.6704e+01     0.2740    93.3788     6.6700     6.8416    33.1497    33.1483    25.8710    25.8705    6.74032 0.0000e+00
      32455     10.052     7.6525     7.6480   3.418128   3.417602     2.2039     2.6379      8.141     5.7181   479.6603 2.7108e+01     0.2740    93.3788     6.6658     6.8418    33.1497    33.1483    25.8709    25.8705    6.74029 0.0000e+00
      32458      9.990     7.6528     7.6482   3.418111   3.417589     2.2047     2.6387      8.141     5.6977   481.3185 2.7455e+01     0.2736    93.3875     6.6700     6.8478    33.1493    33.1480    25.8706    25.8703    6.74027 0.0000e+00
      32461      9.929     7.6527     7.6480   3.418107   3.417610     2.2047     2.6391      8.141     5.6774   481.0816 2.7742e+01     0.2733    93.3961     6.6710     6.8512    33.1493    33.1484    25.8706    25.8706    6.74028 0.0000e+00
      32464      9.871     7.6529     7.6482   3.418153   3.417587     2.2047     2.6383      8.141     5.6876   481.1211 2.8032e+01     0.2733    93.3961     6.6700     6.8501    33.1497    33.1481    25.8709    25.8702    6.74023 0.0000e+00
      32467      9.822     7.6535     7.6486   3.418155   3.417632     2.2047     2.6387      8.143     5.6774   481.1211 2.8326e+01     0.2729    93.4048     6.6696     6.8540    33.1492    33.1482    25.8704    25.8703    6.74017 0.0000e+00
      32470      9.776     7.6536     7.6489   3.418161   3.417645     2.2043     2.6383      8.140     5.6774   481.1211 2.8688e+01     0.2729    93.4048     6.6678     6.8549    33.1491    33.1481    25.8703    25.8702    6.74015 0.0000e+00
      32473      9.736     7.6530     7.6488   3.418139   3.417619     2.2043     2.6379      8.143     5.6876   481.1211 2.9089e+01     0.2733    93.3961     6.6672     6.8541    33.1495    33.1479    25.8707    25.8701    6.74022 0.0000e+00
      32476      9.699     7.6530     7.6487   3.418121   3.417638     2.2043     2.6383      8.140     5.6774   481.1211 2.9325e+01     0.2733    93.3961     6.6689     6.8563    33.1493    33.1482    25.8706    25.8703    6.74023 0.0000e+00
      32479      9.670     7.6530     7.6488   3.418121   3.417608     2.2043     2.6399      8.140     5.6876   481.1211 2.9461e+01     0.2740    93.3788     6.6675     6.8627    33.1493    33.1478    25.8706    25.8700    6.74024 0.0000e+00
      32631      9.636     7.6534     7.6494   3.418187   3.417682     2.2027     2.6416      8.140     5.5350    15.3079 3.1396e+01     0.2740    93.3788     6.6574     6.8583    33.1497    33.1481    25.8708    25.8701    6.74016 0.0000e+00
      32634      9.577     7.6534     7.6494   3.418153   3.417647     2.2031     2.6412      8.141     5.5350    15.3079 3.1432e+01     0.2740    93.3788     6.6588     6.8563    33.1494    33.1477    25.8706    25.8698    6.74018 0.0000e+00
      32637      9.527     7.6536     7.6494   3.418168   3.417654     2.2035     2.6403      8.140     5.5451   367.5399 3.1396e+01     0.2740    93.3788     6.6612     6.8544    33.1493    33.1478    25.8705    25.8699    6.74014 0.0000e+00
      32640      9.492     7.6534     7.6496   3.418167   3.417689     2.2027     2.6412      8.140     5.5655   481.9501 3.1323e+01     0.2740    93.3788     6.6575     6.8581    33.1495    33.1480    25.8707    25.8700    6.74016 0.0000e+00
      34600      9.453     7.6532     7.6490   3.418160   3.417646     2.2051     2.6419      8.143     5.5858   272.3559 3.1578e+01     0.2744    93.3701     6.6678     6.8650    33.1497    33.1482    25.8708    25.8703    6.74019 0.0000e+00
      34603      9.376     7.6535     7.6489   3.418141   3.417633     2.2055     2.6415      8.141     5.5858     4.9249 3.2093e+01     0.2740    93.3788     6.6692     6.8618    33.1493    33.1481    25.8705    25.8702    6.74016 0.0000e+00
      34606      9.305     7.6533     7.6491   3.418159   3.417659     2.2051     2.6428      8.141     5.5350    15.8211 3.2429e+01     0.2740    93.3788     6.6652     6.8648    33.1496    33.1482    25.8708    25.8703    6.74017 0.0000e+00
