Datasets/AZMP/HUD120/hud120_2020_056.cnv
* Sea-Bird SBE 9 Data File:
* FileName = C:\CTDDATA\hud120_2020_056.hex
* Software Version Seasave V 7.26.7.110
* Temperature SN = 1697
* Conductivity SN = 4216
* Number of Bytes Per Scan = 30
* Number of Voltage Words = 4
* Number of Scans Averaged by the Deck Unit = 1
* NMEA baud rate = 4800
** VESSEL/TRIP/SEQ STN:  hud120_2020_056
** LATITUDE XX XX.XX: 47 00.00 N
** LONGITUDE XX XX.XX: 044 46.30 W
** SOUNDING DEPTH (M): 0152
** PROBE TYPE: S1146
** CTD NUMBER: 035
** FORMAT: V
** COMMENTS (14 CHAR): FC-26
** BOTTLES:  09
** LEVELS: 5,10,20,30,40,50,75,100,BTM
** STICKERS: 439719 - 439727
** VNET: Y
** DO2: N
# nquan = 22
# nvalues = 2772                        
# units = specified
# name 0 = scan: Scan Count
# name 1 = prDM: Pressure, Digiquartz [db]
# name 2 = t090C: Temperature [ITS-90, deg C]
# name 3 = t190C: Temperature, 2 [ITS-90, deg C]
# name 4 = c0S/m: Conductivity [S/m]
# name 5 = c1S/m: Conductivity, 2 [S/m]
# name 6 = sbeox0V: Oxygen raw, SBE 43 [V]
# name 7 = sbeox1V: Oxygen raw, SBE 43, 2 [V]
# name 8 = ph: pH
# name 9 = flECO-AFL: Fluorescence, WET Labs ECO-AFL/FL [mg/m^3]
# name 10 = wetCDOM: Fluorescence, WET Labs CDOM [mg/m^3]
# name 11 = par/sat/log: PAR/Logarithmic, Satlantic [umol photons/m^2/sec]
# name 12 = CStarAt0: Beam Attenuation, WET Labs C-Star [1/m]
# name 13 = CStarTr0: Beam Transmission, WET Labs C-Star [%]
# name 14 = sbeox0ML/L: Oxygen, SBE 43 [ml/l], WS = 2
# name 15 = sbeox1ML/L: Oxygen, SBE 43, 2 [ml/l], WS = 2
# name 16 = sal00: Salinity, Practical [PSU]
# name 17 = sal11: Salinity, Practical, 2 [PSU]
# name 18 = sigma-t00: Density [sigma-t, kg/m^3 ]
# name 19 = sigma-t11: Density, 2 [sigma-t, kg/m^3 ]
# name 20 = oxsatML/L: Oxygen Saturation, Weiss [ml/l]
# name 21 = flag: flag
# span 0 =         48,      31204       
# span 1 =      0.587,    148.466       
# span 2 =     3.7393,     7.3712       
# span 3 =     3.7347,     7.3666       
# span 4 =   3.190745,   3.410347       
# span 5 =   3.190464,   3.409299       
# span 6 =     1.8633,     2.2080       
# span 7 =     2.2174,     2.6439       
# span 8 =      7.920,      8.132       
# span 9 =     0.9155,     6.4608       
# span 10 =    -2.8130,   482.1870      
# span 11 = 1.0544e-01, 4.0874e-01      
# span 12 =     0.1099,     0.2807      
# span 13 =    93.2223,    97.2903      
# span 14 =     5.9616,     6.7283      
# span 15 =     6.1299,     6.9291      
# span 16 =    33.2342,    34.4887      
# span 17 =    33.2333,    34.4881      
# span 18 =    25.9787,    27.4060      
# span 19 =    25.9782,    27.4060      
# span 20 =    6.77968,    7.33538      
# span 21 = 0.0000e+00, 0.0000e+00      
# interval = scans: 3                   
# start_time = Nov 23 2020 08:11:42 [System UTC, header]
# bad_flag = -9.990e-29
*END*
[from data line 527]
       2168     59.463     6.7053     6.6999   3.389733   3.389236     2.1498     2.5690      8.106     2.2586   444.9188 1.0715e-01     0.1667    95.9169     6.5825     6.7610    33.7339    33.7337    26.4611    26.4617    6.86415 0.0000e+00
       2171     59.646     6.6967     6.6919   3.389356   3.388882     2.1486     2.5682      8.106     2.2586   481.3974 1.0715e-01     0.1671    95.9082     6.5816     6.7598    33.7382    33.7377    26.4656    26.4659    6.86535 0.0000e+00
       2174     59.828     6.6884     6.6830   3.389083   3.388583     2.1486     2.5674      8.106     2.2688   481.1605 1.0715e-01     0.1671    95.9082     6.5840     6.7594    33.7432    33.7430    26.4707    26.4713    6.86646 0.0000e+00
       2177     60.007     6.6819     6.6760   3.388810   3.388292     2.1486     2.5669      8.106     2.2688   481.3579 1.0715e-01     0.1667    95.9169     6.5846     6.7613    33.7465    33.7466    26.4741    26.4751    6.86735 0.0000e+00
       2180     60.183     6.6764     6.6714   3.388747   3.388240     2.1473     2.5665      8.106     2.2688   481.3579 1.0715e-01     0.1649    95.9604     6.5829     6.7632    33.7512    33.7504    26.4786    26.4787    6.86803 0.0000e+00
       2183     60.357     6.6722     6.6674   3.388542   3.388050     2.1465     2.5665      8.106     2.2688   481.3579 1.0715e-01     0.1649    95.9604     6.5858     6.7672    33.7529    33.7522    26.4806    26.4806    6.86863 0.0000e+00
       2186     60.526     6.6649     6.6594   3.388034   3.387567     2.1465     2.5661      8.106     2.2586   481.3579 1.0715e-01     0.1649    95.9604     6.5899     6.7688    33.7544    33.7547    26.4827    26.4836    6.86973 0.0000e+00
       2189     60.697     6.6479     6.6409   3.386716   3.386180     2.1469     2.5653      8.106     2.3095   481.3579 1.0715e-01     0.1649    95.9604     6.5973     6.7717    33.7566    33.7575    26.4866    26.4883    6.87238 0.0000e+00
       2192     60.863     6.6181     6.6107   3.384628   3.384153     2.1457     2.5637      8.106     2.3909   368.8427 1.0715e-01     0.1649    95.9604     6.6013     6.7730    33.7627    33.7647    26.4955    26.4980    6.87690 0.0000e+00
       2195     61.021     6.5980     6.5925   3.383526   3.383108     2.1457     2.5641      8.106     2.3909     2.4377 1.0715e-01     0.1649    95.9604     6.6067     6.7781    33.7703    33.7711    26.5040    26.5055    6.87980 0.0000e+00
       2198     61.170     6.5896     6.5844   3.383369   3.382804     2.1453     2.5645      8.106     2.4010    10.2151 1.0715e-01     0.1642    95.9778     6.6068     6.7796    33.7767    33.7757    26.5103    26.5101    6.88087 0.0000e+00
       2201     61.310     6.5788     6.5715   3.382223   3.381567     2.1449     2.5641      8.106     2.3909    10.0571 1.0715e-01     0.1635    95.9952     6.6083     6.7792    33.7747    33.7746    26.5101    26.5110    6.88271 0.0000e+00
       2204     61.443     6.5588     6.5494   3.380468   3.379736     2.1445     2.5641      8.105     2.3909    10.0966 1.0715e-01     0.1635    95.9952     6.6145     6.7829    33.7749    33.7761    26.5128    26.5150    6.88593 0.0000e+00
       2207     61.565     6.5465     6.5384   3.379740   3.379137     2.1465     2.5637      8.106     2.4010    10.0571 1.0715e-01     0.1632    96.0038     6.6243     6.7833    33.7790    33.7802    26.5177    26.5197    6.88774 0.0000e+00
       2210     61.681     6.5387     6.5324   3.379321   3.378780     2.1449     2.5629      8.103     2.3909    10.0177 1.0715e-01     0.1635    95.9952     6.6172     6.7817    33.7819    33.7822    26.5210    26.5221    6.88886 0.0000e+00
       2213     61.788     6.5304     6.5248   3.378783   3.378236     2.1453     2.5629      8.102     2.4010    10.0177 1.0715e-01     0.1639    95.9865     6.6188     6.7831    33.7841    33.7836    26.5238    26.5242    6.89010 0.0000e+00
       2216     61.886     6.5271     6.5218   3.378651   3.378161     2.1449     2.5625      8.103     2.4417     9.9782 1.0715e-01     0.1639    95.9865     6.6163     6.7816    33.7859    33.7857    26.5257    26.5262    6.89057 0.0000e+00
       2219     61.975     6.5257     6.5203   3.378634   3.378104     2.1445     2.5608      8.102     2.4926   248.6685 1.0715e-01     0.1613    96.0473     6.6122     6.7736    33.7870    33.7865    26.5268    26.5270    6.89074 0.0000e+00
       2222     62.055     6.5227     6.5162   3.378361   3.377819     2.1433     2.5604      8.102     2.4926   482.1870 1.0715e-01     0.1602    96.0734     6.6065     6.7722    33.7869    33.7873    26.5271    26.5283    6.89123 0.0000e+00
       2225     62.127     6.5168     6.5097   3.377959   3.377401     2.1441     2.5604      8.102     2.4926   481.0421 1.0715e-01     0.1606    96.0647     6.6090     6.7735    33.7883    33.7891    26.5290    26.5305    6.89213 0.0000e+00
       2228     62.189     6.5126     6.5019   3.377816   3.376879     2.1441     2.5604      8.102     2.5028   481.3579 1.0715e-01     0.1606    96.0647     6.6070     6.7753    33.7908    33.7910    26.5314    26.5330    6.89269 0.0000e+00
       2231     62.243     6.5101     6.4874   3.377666   3.376145     2.1433     2.5596      8.102     2.4825   481.3579 1.0715e-01     0.1606    96.0647     6.6032     6.7760    33.7915    33.7971    26.5324    26.5397    6.89306 0.0000e+00
       2234     62.288     6.5089     6.4864   3.377282   3.375964     2.1420     2.5592      8.102     2.4926   481.3579 1.0715e-01     0.1602    96.0734     6.6000     6.7757    33.7885    33.7961    26.5301    26.5391    6.89340 0.0000e+00
       2237     62.328     6.5046     6.4883   3.376661   3.376026     2.1425     2.5592      8.102     2.4825   481.3579 1.0715e-01     0.1599    96.0821     6.6052     6.7753    33.7858    33.7949    26.5286    26.5379    6.89421 0.0000e+00
       2240     62.363     6.5048     6.4987   3.376975   3.376344     2.1412     2.5584      8.102     2.4926   481.3579 1.0715e-01     0.1573    96.1429     6.6015     6.7719    33.7891    33.7881    26.5311    26.5311    6.89403 0.0000e+00
       2253     62.437     6.5620     6.4971   3.380918   3.376239     2.1408     2.5568      8.101     2.4519   393.3986 1.0715e-01     0.1570    96.1516     6.5874     6.7594    33.7762    33.7885    26.5135    26.5317    6.88535 0.0000e+00
       2274     62.541     6.6034     6.4646   3.382850   3.374134     2.1384     2.5535      8.101     2.3705   482.1870 1.0715e-01     0.1559    96.1777     6.5586     6.7353    33.7568    33.7972    26.4927    26.5428    6.87955 0.0000e+00
       2277     62.568     6.5991     6.4621   3.382618   3.373867     2.1392     2.5527      8.101     2.3502   481.2000 1.0715e-01     0.1563    96.1690     6.5564     6.7274    33.7584    33.7967    26.4945    26.5427    6.88017 0.0000e+00
       2280     62.602     6.5769     6.4567   3.381220   3.373409     2.1384     2.5519      8.101     2.3604   481.3579 1.0715e-01     0.1505    96.3081     6.5496     6.7193    33.7648    33.7970    26.5025    26.5437    6.88345 0.0000e+00
       2283     62.644     6.5547     6.4596   3.379521   3.373508     2.1376     2.5511      8.102     2.3705   481.3579 1.0715e-01     0.1498    96.3255     6.5431     6.7109    33.7678    33.7951    26.5079    26.5418    6.88691 0.0000e+00
       2286     62.695     6.5262     6.4594   3.377796   3.373449     2.1368     2.5507      8.102     2.3705   481.3579 1.0715e-01     0.1498    96.3255     6.5395     6.7039    33.7769    33.7947    26.5187    26.5414    6.89111 0.0000e+00
       2289     62.762     6.5055     6.4561   3.376441   3.373110     2.1368     2.5486      8.102     2.3705   481.3579 1.0715e-01     0.1498    96.3255     6.5370     6.6930    33.7822    33.7942    26.5256    26.5415    6.89422 0.0000e+00
       2292     62.833     6.4867     6.4486   3.375461   3.372471     2.1347     2.5478      8.102     2.3502   481.3579 1.0715e-01     0.1498    96.3255     6.5274     6.6849    33.7899    33.7945    26.5342    26.5428    6.89692 0.0000e+00
       2295     62.911     6.4674     6.4415   3.374057   3.371953     2.1343     2.5454      8.102     2.2382   481.3579 1.0715e-01     0.1498    96.3255     6.5245     6.6724    33.7934    33.7957    26.5394    26.5446    6.89990 0.0000e+00
       2298     62.997     6.4513     6.4480   3.372836   3.372755     2.1335     2.5446      8.102     2.1975   481.3579 1.0715e-01     0.1498    96.3255     6.5218     6.6648    33.7958    33.7982    26.5434    26.5457    6.90241 0.0000e+00
       2301     63.090     6.4441     6.4558   3.372316   3.373101     2.1323     2.5429      8.102     2.2077   481.3579 1.0715e-01     0.1487    96.3515     6.5146     6.6539    33.7971    33.7943    26.5454    26.5416    6.90352 0.0000e+00
       2304     63.189     6.4438     6.4421   3.372462   3.371855     2.1310     2.5417      8.100     2.1975   481.3579 1.0715e-01     0.1487    96.3515     6.5120     6.6485    33.7990    33.7938    26.5469    26.5431    6.90349 0.0000e+00
       2307     63.295     6.4408     6.4333   3.371937   3.371348     2.1302     2.5409      8.102     2.2077   481.3579 1.0715e-01     0.1487    96.3515     6.5107     6.6465    33.7960    33.7969    26.5450    26.5466    6.90411 0.0000e+00
       2310     63.410     6.4329     6.4288   3.371468   3.371009     2.1290     2.5397      8.099     2.2077   481.3579 1.0715e-01     0.1487    96.3515     6.5084     6.6438    33.7985    33.7975    26.5480    26.5477    6.90527 0.0000e+00
       2313     63.537     6.4292     6.4236   3.371276   3.370643     2.1286     2.5385      8.097     2.2179   481.3579 1.0715e-01     0.1487    96.3515     6.5092     6.6414    33.8001    33.7985    26.5497    26.5492    6.90581 0.0000e+00
       2316     63.671     6.4244     6.4180   3.370881   3.370201     2.1270     2.5356      8.099     2.2077   481.3579 1.0715e-01     0.1487    96.3515     6.5061     6.6348    33.8003    33.7991    26.5505    26.5503    6.90657 0.0000e+00
       2319     63.809     6.4158     6.4083   3.370154   3.369592     2.1266     2.5344      8.097     2.1772   481.3579 1.0715e-01     0.1494    96.3342     6.5072     6.6347    33.8007    33.8018    26.5519    26.5537    6.90796 0.0000e+00
       2322     63.953     6.4026     6.3975   3.369188   3.368707     2.1262     2.5332      8.097     1.9432   470.8960 1.0715e-01     0.1501    96.3168     6.5106     6.6330    33.8029    33.8026    26.5554    26.5558    6.90999 0.0000e+00
       2325     64.101     6.3859     6.3791   3.367971   3.367460     2.1249     2.5311      8.098     1.9431    55.2212 1.0715e-01     0.1505    96.3081     6.5120     6.6307    33.8059    33.8069    26.5599    26.5616    6.91259 0.0000e+00
       2328     64.252     6.3735     6.3672   3.367122   3.366603     2.1254     2.5299      8.098     1.9228    13.3734 1.0715e-01     0.1498    96.3255     6.5161     6.6303    33.8086    33.8092    26.5636    26.5649    6.91448 0.0000e+00
       2331     64.404     6.3577     6.3512   3.365850   3.365330     2.1241     2.5299      8.098     1.9330    15.1894 1.0715e-01     0.1505    96.3081     6.5134     6.6344    33.8101    33.8107    26.5669    26.5682    6.91699 0.0000e+00
       2334     64.560     6.3275     6.3173   3.362922   3.362418     2.1233     2.5279      8.098     1.9330    15.1105 1.0715e-01     0.1501    96.3168     6.5156     6.6368    33.8073    33.8118    26.5685    26.5735    6.92204 0.0000e+00
       2337     64.713     6.2553     6.2422   3.356725   3.356237     2.1221     2.5266      8.098     1.9228    15.0710 1.0715e-01     0.1501    96.3168     6.5217     6.6478    33.8098    33.8174    26.5798    26.5875    6.93373 0.0000e+00
       2340     64.863     6.1713     6.1572   3.350781   3.350224     2.1213     2.5262      8.097     1.9228    15.0710 1.0715e-01     0.1480    96.3689     6.5306     6.6613    33.8268    33.8346    26.6040    26.6119    6.94673 0.0000e+00
       2343     65.012     6.1136     6.1038   3.347008   3.346525     2.1213     2.5250      8.094     1.9330    15.0710 1.0715e-01     0.1472    96.3863     6.5360     6.6659    33.8420    33.8463    26.6233    26.6279    6.95554 0.0000e+00
       2346     65.162     6.0729     6.0634   3.343903   3.343367     2.1201     2.5230      8.094     1.9737    15.0710 1.0715e-01     0.1472    96.3863     6.5354     6.6672    33.8476    33.8511    26.6329    26.6368    6.96198 0.0000e+00
       2349     65.308     6.0369     6.0279   3.341251   3.340833     2.1201     2.5226      8.094     2.0754   105.3991 1.0715e-01     0.1465    96.4037     6.5399     6.6720    33.8537    33.8580    26.6422    26.6467    6.96765 0.0000e+00
       2352     65.449     5.9987     5.9900   3.338053   3.337621     2.1176     2.5210      8.091     2.0754   478.7523 1.0715e-01     0.1476    96.3776     6.5357     6.6716    33.8558    33.8597    26.6487    26.6529    6.97386 0.0000e+00
       2355     65.584     5.9440     5.9330   3.333725   3.333223     2.1176     2.5201      8.090     2.0856   481.3580 1.0715e-01     0.1469    96.3950     6.5444     6.6783    33.8617    33.8671    26.6602    26.6659    6.98265 0.0000e+00
       2358     65.714     5.8953     5.8855   3.330357   3.329900     2.1172     2.5189      8.090     2.0856   481.3184 1.0715e-01     0.1476    96.3776     6.5492     6.6828    33.8725    33.8772    26.6747    26.6797    6.99024 0.0000e+00
       2361     65.838     5.8555     5.8483   3.327419   3.327085     2.1160     2.5173      8.088     2.0856   481.3579 1.0715e-01     0.1458    96.4211     6.5483     6.6813    33.8792    33.8826    26.6850    26.6885    6.99656 0.0000e+00
       2364     65.958     5.8216     5.8172   3.324993   3.324640     2.1148     2.5161      8.086     2.0754   481.3579 1.0715e-01     0.1461    96.4124     6.5476     6.6827    33.8857    33.8861    26.6943    26.6952    7.00190 0.0000e+00
       2367     66.068     5.7945     5.7891   3.323045   3.322576     2.1135     2.5152      8.086     2.0856   481.3579 1.0715e-01     0.1458    96.4211     6.5449     6.6873    33.8908    33.8910    26.7017    26.7025    7.00618 0.0000e+00
       2370     66.172     5.7762     5.7703   3.321753   3.321328     2.1127     2.5144      8.083     2.0856   481.3579 1.0715e-01     0.1458    96.4211     6.5454     6.6902    33.8945    33.8956    26.7069    26.7085    7.00906 0.0000e+00
       2373     66.273     5.7682     5.7637   3.321263   3.320826     2.1127     2.5132      8.081     2.0856   481.3579 1.0715e-01     0.1461    96.4124     6.5458     6.6861    33.8969    33.8965    26.7098    26.7100    7.01029 0.0000e+00
       2376     66.369     5.7631     5.7588   3.320747   3.320343     2.1115     2.5116      8.081     2.0856   264.9338 1.0715e-01     0.1465    96.4037     6.5429     6.6817    33.8961    33.8959    26.7098    26.7101    7.01117 0.0000e+00
       2379     66.459     5.7499     5.7456   3.319595   3.319163     2.1103     2.5112      8.081     2.0958     6.0698 1.0715e-01     0.1465    96.4037     6.5378     6.6828    33.8963    33.8957    26.7116    26.7116    7.01337 0.0000e+00
       2382     66.545     5.7365     5.7318   3.318671   3.318209     2.1095     2.5091      8.076     2.0856    16.8871 1.0715e-01     0.1454    96.4298     6.5348     6.6804    33.8994    33.8988    26.7156    26.7157    7.01548 0.0000e+00
       2385     66.630     5.7292     5.7256   3.318245   3.317911     2.1078     2.5079      8.079     2.0856    16.3738 1.0715e-01     0.1454    96.4298     6.5298     6.6779    33.9018    33.9016    26.7184    26.7187    7.01658 0.0000e+00
       2388     66.708     5.7259     5.7226   3.318002   3.317646     2.1079     2.5075      8.076     2.0856    16.3738 1.0715e-01     0.1454    96.4298     6.5315     6.6773    33.9023    33.9016    26.7192    26.7191    7.01710 0.0000e+00
