Datasets/AZMP/HUD120/hud120_2020_056.cnv
* Sea-Bird SBE 9 Data File:
* FileName = C:\CTDDATA\hud120_2020_056.hex
* Software Version Seasave V 7.26.7.110
* Temperature SN = 1697
* Conductivity SN = 4216
* Number of Bytes Per Scan = 30
* Number of Voltage Words = 4
* Number of Scans Averaged by the Deck Unit = 1
* NMEA baud rate = 4800
** VESSEL/TRIP/SEQ STN:  hud120_2020_056
** LATITUDE XX XX.XX: 47 00.00 N
** LONGITUDE XX XX.XX: 044 46.30 W
** SOUNDING DEPTH (M): 0152
** PROBE TYPE: S1146
** CTD NUMBER: 035
** FORMAT: V
** COMMENTS (14 CHAR): FC-26
** BOTTLES:  09
** LEVELS: 5,10,20,30,40,50,75,100,BTM
** STICKERS: 439719 - 439727
** VNET: Y
** DO2: N
# nquan = 22
# nvalues = 2772                        
# units = specified
# name 0 = scan: Scan Count
# name 1 = prDM: Pressure, Digiquartz [db]
# name 2 = t090C: Temperature [ITS-90, deg C]
# name 3 = t190C: Temperature, 2 [ITS-90, deg C]
# name 4 = c0S/m: Conductivity [S/m]
# name 5 = c1S/m: Conductivity, 2 [S/m]
# name 6 = sbeox0V: Oxygen raw, SBE 43 [V]
# name 7 = sbeox1V: Oxygen raw, SBE 43, 2 [V]
# name 8 = ph: pH
# name 9 = flECO-AFL: Fluorescence, WET Labs ECO-AFL/FL [mg/m^3]
# name 10 = wetCDOM: Fluorescence, WET Labs CDOM [mg/m^3]
# name 11 = par/sat/log: PAR/Logarithmic, Satlantic [umol photons/m^2/sec]
# name 12 = CStarAt0: Beam Attenuation, WET Labs C-Star [1/m]
# name 13 = CStarTr0: Beam Transmission, WET Labs C-Star [%]
# name 14 = sbeox0ML/L: Oxygen, SBE 43 [ml/l], WS = 2
# name 15 = sbeox1ML/L: Oxygen, SBE 43, 2 [ml/l], WS = 2
# name 16 = sal00: Salinity, Practical [PSU]
# name 17 = sal11: Salinity, Practical, 2 [PSU]
# name 18 = sigma-t00: Density [sigma-t, kg/m^3 ]
# name 19 = sigma-t11: Density, 2 [sigma-t, kg/m^3 ]
# name 20 = oxsatML/L: Oxygen Saturation, Weiss [ml/l]
# name 21 = flag: flag
# span 0 =         48,      31204       
# span 1 =      0.587,    148.466       
# span 2 =     3.7393,     7.3712       
# span 3 =     3.7347,     7.3666       
# span 4 =   3.190745,   3.410347       
# span 5 =   3.190464,   3.409299       
# span 6 =     1.8633,     2.2080       
# span 7 =     2.2174,     2.6439       
# span 8 =      7.920,      8.132       
# span 9 =     0.9155,     6.4608       
# span 10 =    -2.8130,   482.1870      
# span 11 = 1.0544e-01, 4.0874e-01      
# span 12 =     0.1099,     0.2807      
# span 13 =    93.2223,    97.2903      
# span 14 =     5.9616,     6.7283      
# span 15 =     6.1299,     6.9291      
# span 16 =    33.2342,    34.4887      
# span 17 =    33.2333,    34.4881      
# span 18 =    25.9787,    27.4060      
# span 19 =    25.9782,    27.4060      
# span 20 =    6.77968,    7.33538      
# span 21 = 0.0000e+00, 0.0000e+00      
# interval = scans: 3                   
# start_time = Nov 23 2020 08:11:42 [System UTC, header]
# bad_flag = -9.990e-29
*END*
         48      2.866     7.3547     7.3501   3.399340   3.398818     2.2047     2.6414      8.127     5.9928   438.2863 1.1243e-01     0.2718    93.4309     6.7158     6.8959    33.2350    33.2337    25.9798    25.9795    6.78306 0.0000e+00
         52      2.901     7.3548     7.3501   3.399340   3.398811     2.2063     2.6414      8.127     5.9928   481.0026 1.0715e-01     0.2718    93.4309     6.7222     6.8928    33.2349    33.2336    25.9798    25.9795    6.78306 0.0000e+00
         55      2.927     7.3549     7.3503   3.399351   3.398814     2.2059     2.6410      8.127     5.9724   481.3579 1.0715e-01     0.2722    93.4222     6.7210     6.8891    33.2349    33.2335    25.9798    25.9793    6.78304 0.0000e+00
         58      2.957     7.3548     7.3502   3.399340   3.398838     2.2051     2.6414      8.127     5.9826   481.3579 1.1548e-01     0.2688    93.5005     6.7186     6.8884    33.2349    33.2338    25.9798    25.9796    6.78306 0.0000e+00
         61      2.985     7.3548     7.3501   3.399340   3.398831     2.2051     2.6410      8.127     5.9826   481.3579 1.1539e-01     0.2684    93.5092     6.7181     6.8851    33.2349    33.2338    25.9798    25.9796    6.78306 0.0000e+00
         64      3.009     7.3546     7.3502   3.399332   3.398833     2.2059     2.6398      8.127     5.9928   481.3579 1.0678e-01     0.2684    93.5092     6.7213     6.8812    33.2349    33.2338    25.9799    25.9796    6.78309 0.0000e+00
        120      3.159     7.3551     7.3502   3.399375   3.398825     2.2067     2.6390      8.127     6.3693     8.3201 1.0905e-01     0.2707    93.4570     6.7181     6.9001    33.2349    33.2336    25.9797    25.9794    6.78301 0.0000e+00
        123      3.189     7.3548     7.3503   3.399372   3.398838     2.2076     2.6394      8.127     6.0539    67.3018 1.1543e-01     0.2711    93.4483     6.7219     6.9019    33.2351    33.2336    25.9799    25.9794    6.78305 0.0000e+00
        126      3.227     7.3548     7.3504   3.399350   3.398834     2.2067     2.6386      8.127     6.0132   466.7507 1.5090e-01     0.2707    93.4570     6.7193     6.9010    33.2348    33.2334    25.9798    25.9792    6.78306 0.0000e+00
        129      3.274     7.3549     7.3504   3.399371   3.398857     2.2063     2.6386      8.127     6.0234   481.5554 1.0544e-01     0.2707    93.4570     6.7194     6.9019    33.2350    33.2337    25.9799    25.9795    6.78304 0.0000e+00
        132      3.333     7.3547     7.3503   3.399364   3.398836     2.2063     2.6394      8.127     6.0132   481.2790 1.0727e-01     0.2707    93.4570     6.7204     6.9057    33.2350    33.2335    25.9800    25.9794    6.78307 0.0000e+00
        135      3.400     7.3552     7.3505   3.399407   3.398847     2.2067     2.6398      8.127     6.0234   481.3579 1.0715e-01     0.2711    93.4483     6.7219     6.9084    33.2350    33.2335    25.9798    25.9793    6.78299 0.0000e+00
        138      3.475     7.3552     7.3503   3.399395   3.398868     2.2076     2.6406      8.127     6.0132   481.3579 1.0715e-01     0.2714    93.4396     6.7256     6.9110    33.2349    33.2338    25.9797    25.9795    6.78300 0.0000e+00
        141      3.555     7.3553     7.3506   3.399430   3.398873     2.2076     2.6394      8.127     6.0335   481.3579 1.0715e-01     0.2714    93.4396     6.7258     6.9071    33.2351    33.2336    25.9799    25.9793    6.78297 0.0000e+00
        144      3.641     7.3552     7.3506   3.399403   3.398902     2.2072     2.6398      8.127     6.0234   481.3579 1.0715e-01     0.2711    93.4483     6.7232     6.9077    33.2348    33.2338    25.9797    25.9795    6.78299 0.0000e+00
        147      3.733     7.3550     7.3506   3.399395   3.398879     2.2076     2.6398      8.127     5.9012   481.3579 1.0715e-01     0.2714    93.4396     6.7236     6.9073    33.2349    33.2335    25.9798    25.9794    6.78303 0.0000e+00
        150      3.831     7.3545     7.3505   3.399374   3.398882     2.2072     2.6398      8.127     5.5350   310.5716 1.0903e-01     0.2714    93.4396     6.7229     6.9074    33.2351    33.2336    25.9801    25.9794    6.78310 0.0000e+00
        153      3.932     7.3544     7.3501   3.399348   3.398822     2.2072     2.6398      8.127     5.5451     0.4638 1.0715e-01     0.2714    93.4396     6.7233     6.9072    33.2348    33.2333    25.9798    25.9792    6.78312 0.0000e+00
        156      4.040     7.3546     7.3501   3.399369   3.398848     2.2067     2.6410      8.127     5.5553    11.5574 1.0715e-01     0.2714    93.4396     6.7206     6.9094    33.2349    33.2335    25.9798    25.9794    6.78309 0.0000e+00
        159      4.145     7.3540     7.3501   3.399353   3.398848     2.2072     2.6418      8.127     5.5451    11.1626 1.0715e-01     0.2700    93.4744     6.7216     6.9122    33.2353    33.2335    25.9802    25.9794    6.78317 0.0000e+00
        162      4.249     7.3540     7.3503   3.399323   3.398870     2.2080     2.6402      8.127     5.5350    11.1626 1.0715e-01     0.2696    93.4831     6.7244     6.9088    33.2348    33.2335    25.9799    25.9793    6.78318 0.0000e+00
        165      4.349     7.3542     7.3499   3.399289   3.398867     2.2076     2.6414      8.127     5.5350    11.1626 1.0715e-01     0.2700    93.4744     6.7238     6.9135    33.2342    33.2338    25.9794    25.9796    6.78318 0.0000e+00
        168      4.445     7.3542     7.3497   3.399366   3.398847     2.2072     2.6406      8.127     5.5248    11.1626 1.0715e-01     0.2696    93.4831     6.7227     6.9090    33.2350    33.2337    25.9800    25.9795    6.78315 0.0000e+00
        171      4.538     7.3541     7.3498   3.399373   3.398860     2.2063     2.6406      8.127     5.5350    11.1626 1.0715e-01     0.2696    93.4831     6.7206     6.9073    33.2352    33.2337    25.9801    25.9796    6.78316 0.0000e+00
        174      4.629     7.3542     7.3500   3.399360   3.398879     2.2076     2.6414      8.127     5.4841    11.1626 1.0715e-01     0.2696    93.4831     6.7265     6.9079    33.2348    33.2337    25.9799    25.9795    6.78315 0.0000e+00
        177      4.713     7.3541     7.3500   3.399373   3.398888     2.2080     2.6414      8.127     5.4637    11.7548 1.0972e-01     0.2711    93.4483     6.7280     6.9056    33.2350    33.2337    25.9800    25.9795    6.78316 0.0000e+00
        180      4.794     7.3544     7.3499   3.399364   3.398859     2.2076     2.6410      8.127     5.4535    12.1101 1.0983e-01     0.2718    93.4309     6.7265     6.9010    33.2347    33.2335    25.9797    25.9794    6.78313 0.0000e+00
        183      4.868     7.3544     7.3497   3.399380   3.398854     2.2076     2.6418      8.127     5.4434    12.1101 1.0703e-01     0.2718    93.4309     6.7241     6.9024    33.2348    33.2336    25.9798    25.9795    6.78313 0.0000e+00
        186      4.943     7.3543     7.3496   3.399384   3.398878     2.2076     2.6422      8.127     5.4230    12.1101 1.0994e-01     0.2718    93.4309     6.7237     6.9040    33.2349    33.2339    25.9798    25.9797    6.78313 0.0000e+00
        189      5.009     7.3541     7.3497   3.399388   3.398870     2.2076     2.6414      8.128     5.4434    12.1101 1.1141e-01     0.2718    93.4309     6.7261     6.8999    33.2351    33.2337    25.9800    25.9795    6.78316 0.0000e+00
        192      5.070     7.3541     7.3497   3.399394   3.398869     2.2080     2.6410      8.127     5.4434    12.0706 1.0703e-01     0.2718    93.4309     6.7283     6.8974    33.2351    33.2336    25.9800    25.9795    6.78315 0.0000e+00
        195      5.124     7.3542     7.3497   3.399400   3.398856     2.2080     2.6410      8.127     5.4332    12.1101 1.0715e-01     0.2718    93.4309     6.7270     6.8948    33.2351    33.2335    25.9800    25.9794    6.78315 0.0000e+00
        198      5.172     7.3541     7.3497   3.399378   3.398869     2.2076     2.6410      8.127     5.4535    12.1101 1.0715e-01     0.2718    93.4309     6.7242     6.8926    33.2349    33.2335    25.9799    25.9795    6.78317 0.0000e+00
        201      5.214     7.3545     7.3497   3.399393   3.398878     2.2080     2.6406      8.127     6.0539    18.2293 1.0715e-01     0.2718    93.4309     6.7278     6.8916    33.2347    33.2337    25.9797    25.9795    6.78312 0.0000e+00
        204      5.248     7.3542     7.3498   3.399400   3.398881     2.2076     2.6398      8.127     6.2166   427.4296 1.0715e-01     0.2718    93.4309     6.7273     6.8895    33.2350    33.2336    25.9800    25.9794    6.78315 0.0000e+00
        230      5.272     7.3544     7.3502   3.399402   3.398912     2.2072     2.6398      8.127     6.0233   323.5602 1.0715e-01     0.2725    93.4135     6.7209     6.8916    33.2348    33.2335    25.9798    25.9794    6.78312 0.0000e+00
        280      5.308     7.3549     7.3504   3.399460   3.398927     2.2080     2.6390      8.127     6.2370    53.0103 1.0715e-01     0.2711    93.4483     6.7136     6.8936    33.2350    33.2335    25.9798    25.9793    6.78304 0.0000e+00
        283      5.362     7.3548     7.3502   3.399434   3.398921     2.2076     2.6390      8.127     6.3082   459.8024 1.0715e-01     0.2718    93.4309     6.7111     6.8923    33.2347    33.2336    25.9796    25.9794    6.78306 0.0000e+00
        286      5.427     7.3546     7.3502   3.399443   3.398906     2.2076     2.6390      8.127     6.2981   481.5948 1.0703e-01     0.2714    93.4396     6.7116     6.8911    33.2350    33.2334    25.9799    25.9792    6.78308 0.0000e+00
        289      5.495     7.3548     7.3500   3.399446   3.398922     2.2072     2.6390      8.127     6.3082   481.2000 1.0715e-01     0.2718    93.4309     6.7105     6.8910    33.2348    33.2337    25.9797    25.9795    6.78306 0.0000e+00
        292      5.568     7.3548     7.3498   3.399434   3.398911     2.2063     2.6386      8.127     6.3184   481.3579 1.0715e-01     0.2718    93.4309     6.7084     6.8892    33.2346    33.2337    25.9796    25.9796    6.78307 0.0000e+00
        295      5.640     7.3541     7.3494   3.399420   3.398901     2.2080     2.6390      8.127     6.2879   481.3579 1.0715e-01     0.2707    93.4570     6.7139     6.8894    33.2351    33.2340    25.9801    25.9799    6.78315 0.0000e+00
        298      5.714     7.3545     7.3495   3.399463   3.398888     2.2072     2.6390      8.127     6.2879   481.3579 1.0690e-01     0.2722    93.4222     6.7100     6.8893    33.2352    33.2337    25.9801    25.9796    6.78310 0.0000e+00
        301      5.792     7.3548     7.3493   3.399462   3.398871     2.2067     2.6394      8.127     6.2879   481.3579 1.0703e-01     0.2747    93.3614     6.7091     6.8906    33.2348    33.2337    25.9797    25.9796    6.78306 0.0000e+00
        304      5.866     7.3546     7.3493   3.399457   3.398878     2.2059     2.6382      8.127     6.1454   481.3579 1.0715e-01     0.2751    93.3527     6.7040     6.8860    33.2349    33.2337    25.9798    25.9796    6.78308 0.0000e+00
        307      5.940     7.3545     7.3497   3.399463   3.398902     2.2067     2.6382      8.127     5.6163   333.6669 1.0715e-01     0.2751    93.3527     6.7078     6.8871    33.2351    33.2336    25.9800    25.9795    6.78310 0.0000e+00
        310      6.013     7.3547     7.3495   3.399482   3.398906     2.2059     2.6386      8.127     5.6061     4.3327 1.0715e-01     0.2751    93.3527     6.7048     6.8895    33.2350    33.2338    25.9799    25.9797    6.78306 0.0000e+00
        313      6.086     7.3542     7.3496   3.399454   3.398918     2.2067     2.6378      8.127     5.6163    16.4922 1.0690e-01     0.2751    93.3527     6.7079     6.8876    33.2352    33.2338    25.9801    25.9796    6.78314 0.0000e+00
        316      6.156     7.3545     7.3495   3.399447   3.398909     2.2063     2.6378      8.127     5.6163    15.9001 1.0715e-01     0.2747    93.3614     6.7053     6.8872    33.2348    33.2337    25.9797    25.9796    6.78311 0.0000e+00
        319      6.228     7.3542     7.3496   3.399460   3.398922     2.2055     2.6374      8.127     5.6367    15.9001 1.0715e-01     0.2733    93.3961     6.7028     6.8859    33.2352    33.2337    25.9801    25.9796    6.78314 0.0000e+00
        322      6.297     7.3547     7.3496   3.399471   3.398902     2.2063     2.6378      8.127     5.6367    15.9001 1.0715e-01     0.2707    93.4570     6.7087     6.8876    33.2348    33.2335    25.9797    25.9795    6.78308 0.0000e+00
        325      6.368     7.3544     7.3499   3.399445   3.398936     2.2059     2.6378      8.127     5.6265    15.9001 1.0715e-01     0.2707    93.4570     6.7082     6.8904    33.2347    33.2335    25.9797    25.9794    6.78312 0.0000e+00
        328      6.437     7.3541     7.3500   3.399440   3.398970     2.2051     2.6374      8.127     5.6163    15.9001 1.0715e-01     0.2711    93.4483     6.7056     6.8903    33.2349    33.2338    25.9799    25.9796    6.78316 0.0000e+00
        331      6.505     7.3540     7.3506   3.399435   3.399009     2.2055     2.6386      8.127     5.8097    15.9001 1.0715e-01     0.2711    93.4483     6.7080     6.8935    33.2350    33.2336    25.9800    25.9794    6.78318 0.0000e+00
        334      6.569     7.3541     7.3505   3.399446   3.399015     2.2051     2.6386      8.127     6.0234    10.7283 1.0715e-01     0.2707    93.4570     6.7073     6.8940    33.2349    33.2338    25.9799    25.9795    6.78317 0.0000e+00
        337      6.636     7.3541     7.3506   3.399460   3.399013     2.2051     2.6374      8.127     6.0234     6.9778 1.0715e-01     0.2714    93.4396     6.7069     6.8915    33.2351    33.2336    25.9800    25.9794    6.78316 0.0000e+00
        340      6.704     7.3543     7.3505   3.399488   3.398987     2.2051     2.6374      8.127     6.0335     7.1357 1.0715e-01     0.2700    93.4744     6.7080     6.8908    33.2352    33.2333    25.9801    25.9792    6.78312 0.0000e+00
        343      6.771     7.3547     7.3505   3.399537   3.399002     2.2055     2.6374      8.127     6.0132     7.1357 1.0715e-01     0.2696    93.4831     6.7107     6.8911    33.2353    33.2335    25.9801    25.9793    6.78306 0.0000e+00
        346      6.835     7.3547     7.3504   3.399529   3.399019     2.2051     2.6378      8.127     6.0335     7.1357 1.0715e-01     0.2696    93.4831     6.7084     6.8926    33.2351    33.2337    25.9800    25.9795    6.78306 0.0000e+00
        349      6.898     7.3545     7.3503   3.399501   3.398997     2.2051     2.6382      8.127     6.0030     7.1357 1.0715e-01     0.2696    93.4831     6.7092     6.8939    33.2350    33.2336    25.9799    25.9794    6.78310 0.0000e+00
        352      6.962     7.3545     7.3503   3.399511   3.399006     2.2055     2.6374      8.127     6.0132     7.1357 1.0715e-01     0.2696    93.4831     6.7106     6.8914    33.2351    33.2337    25.9800    25.9795    6.78310 0.0000e+00
        355      7.030     7.3548     7.3507   3.399504   3.399029     2.2051     2.6374      8.127     6.0335     7.1357 1.0715e-01     0.2700    93.4744     6.7097     6.8920    33.2347    33.2335    25.9796    25.9793    6.78307 0.0000e+00
        358      7.098     7.3551     7.3507   3.399540   3.399027     2.2051     2.6374      8.127     6.1759     8.0437 1.0715e-01     0.2703    93.4657     6.7090     6.8931    33.2347    33.2334    25.9796    25.9792    6.78301 0.0000e+00
        361      7.172     7.3550     7.3505   3.399546   3.399046     2.2043     2.6378      8.127     6.2370   411.7169 1.0715e-01     0.2718    93.4309     6.7047     6.8953    33.2349    33.2338    25.9798    25.9795    6.78303 0.0000e+00
        364      7.249     7.3551     7.3506   3.399550   3.399054     2.2051     2.6374      8.127     6.2166   481.8317 1.0715e-01     0.2718    93.4309     6.7079     6.8932    33.2348    33.2337    25.9797    25.9795    6.78301 0.0000e+00
