Datasets/AZMP/HUD120/hud120_2020_096.cnv
* Sea-Bird SBE 9 Data File:
* FileName = C:\CTDDATA\hud120_2020_096.hex
* Software Version Seasave V 7.26.7.110
* Temperature SN = 1697
* Conductivity SN = 4216
* Number of Bytes Per Scan = 30
* Number of Voltage Words = 4
* Number of Scans Averaged by the Deck Unit = 1
* NMEA baud rate = 4800
** VESSEL/TRIP/SEQ STN:  hud120_2020_096
** LATITUDE XX XX.XX: 49 41.00 N
** LONGITUDE XX XX.XX: 050 01.00 W
** SOUNDING DEPTH (M): 0610
** PROBE TYPE: S1146
** CTD NUMBER: 073
** FORMAT: V
** COMMENTS (14 CHAR): BB-11
** BOTTLES:  12
** LEVELS: 5,10,20,30,40,50,75,100,150,250,500,BTM
** STICKERS: 440029 - 440040
** VNET: Y
** DO2: N
# nquan = 22
# nvalues = 11503                       
# units = specified
# name 0 = scan: Scan Count
# name 1 = prDM: Pressure, Digiquartz [db]
# name 2 = t090C: Temperature [ITS-90, deg C]
# name 3 = t190C: Temperature, 2 [ITS-90, deg C]
# name 4 = c0S/m: Conductivity [S/m]
# name 5 = c1S/m: Conductivity, 2 [S/m]
# name 6 = sbeox0V: Oxygen raw, SBE 43 [V]
# name 7 = sbeox1V: Oxygen raw, SBE 43, 2 [V]
# name 8 = ph: pH
# name 9 = flECO-AFL: Fluorescence, WET Labs ECO-AFL/FL [mg/m^3]
# name 10 = wetCDOM: Fluorescence, WET Labs CDOM [mg/m^3]
# name 11 = par/sat/log: PAR/Logarithmic, Satlantic [umol photons/m^2/sec]
# name 12 = CStarAt0: Beam Attenuation, WET Labs C-Star [1/m]
# name 13 = CStarTr0: Beam Transmission, WET Labs C-Star [%]
# name 14 = sbeox0ML/L: Oxygen, SBE 43 [ml/l], WS = 2
# name 15 = sbeox1ML/L: Oxygen, SBE 43, 2 [ml/l], WS = 2
# name 16 = sal00: Salinity, Practical [PSU]
# name 17 = sal11: Salinity, Practical, 2 [PSU]
# name 18 = sigma-t00: Density [sigma-t, kg/m^3 ]
# name 19 = sigma-t11: Density, 2 [sigma-t, kg/m^3 ]
# name 20 = oxsatML/L: Oxygen Saturation, Weiss [ml/l]
# name 21 = flag: flag
# span 0 =         40,      63014       
# span 1 =      2.187,    604.355       
# span 2 =     1.9424,     3.8791       
# span 3 =     1.9381,     3.8745       
# span 4 =   2.963342,   3.242993       
# span 5 =   2.962834,   3.242419       
# span 6 =     1.9144,     2.1941       
# span 7 =     2.2505,     2.6027       
# span 8 =      8.097,      8.163       
# span 9 =     0.8544,     3.8561       
# span 10 =    -2.8130,   482.1870      
# span 11 = 1.0496e-01, 4.5423e-01      
# span 12 =     0.0743,     0.2340      
# span 13 =    94.3175,    98.1595      
# span 14 =     6.4178,     7.6987      
# span 15 =     6.4759,     7.8233      
# span 16 =    33.6246,    34.8332      
# span 17 =    33.6229,    34.8306      
# span 18 =    26.8742,    27.6836      
# span 19 =    26.8731,    27.6819      
# span 20 =    7.29867,    7.71928      
# span 21 = 0.0000e+00, 0.0000e+00      
# interval = scans: 3                   
# start_time = Nov 28 2020 22:09:56 [System UTC, header]
# bad_flag = -9.990e-29
*END*
[from data line 1317]
       4345    132.218     3.7096     3.7043   3.192594   3.192012     2.0476     2.4103      8.127     1.1902     6.7804 1.0727e-01     0.0864    97.8640     6.7394     6.7960    34.4865    34.4851    27.4072    27.4066    7.34088 0.0000e+00
       4348    132.297     3.7091     3.7040   3.192572   3.192006     2.0472     2.4090      8.127     1.1902     6.7804 1.0715e-01     0.0867    97.8553     6.7408     6.7918    34.4866    34.4852    27.4074    27.4068    7.34095 0.0000e+00
       4351    132.377     3.7081     3.7034   3.192541   3.191985     2.0476     2.4090      8.127     1.1902     6.7804 1.0727e-01     0.0864    97.8640     6.7413     6.7937    34.4873    34.4856    27.4081    27.4071    7.34111 0.0000e+00
       4354    132.460     3.7082     3.7033   3.192546   3.191976     2.0472     2.4103      8.127     1.1902     6.7804 1.0727e-01     0.0864    97.8640     6.7379     6.8007    34.4872    34.4856    27.4080    27.4071    7.34110 0.0000e+00
       4357    132.545     3.7075     3.7031   3.192535   3.191979     2.0468     2.4099      8.127     1.1800     6.7804 1.0715e-01     0.0864    97.8640     6.7369     6.8011    34.4878    34.4857    27.4085    27.4073    7.34120 0.0000e+00
       4360    132.632     3.7073     3.7025   3.192524   3.191951     2.0460     2.4086      8.127     1.1699     6.7804 1.0715e-01     0.0864    97.8640     6.7320     6.7973    34.4878    34.4860    27.4085    27.4075    7.34123 0.0000e+00
       4363    132.722     3.7078     3.7027   3.192561   3.191992     2.0464     2.4090      8.127     1.1800   397.5834 1.0715e-01     0.0864    97.8640     6.7335     6.7990    34.4877    34.4863    27.4084    27.4077    7.34114 0.0000e+00
       4366    132.814     3.7080     3.7032   3.192578   3.191988     2.0456     2.4086      8.127     1.1902   481.9106 1.0727e-01     0.0860    97.8727     6.7299     6.7987    34.4876    34.4856    27.4083    27.4071    7.34111 0.0000e+00
       4369    132.904     3.7075     3.7029   3.192543   3.191979     2.0448     2.4086      8.127     1.1902   481.0421 1.0727e-01     0.0864    97.8640     6.7270     6.8002    34.4877    34.4858    27.4083    27.4073    7.34120 0.0000e+00
       4372    132.997     3.7071     3.7023   3.192543   3.191952     2.0460     2.4086      8.127     1.1902   481.3184 1.0727e-01     0.0860    97.8727     6.7364     6.7999    34.4880    34.4860    27.4087    27.4076    7.34125 0.0000e+00
       4375    133.091     3.7065     3.7023   3.192478   3.191977     2.0448     2.4078      8.127     1.1902   481.2790 1.0715e-01     0.0864    97.8640     6.7347     6.7952    34.4879    34.4863    27.4087    27.4078    7.34138 0.0000e+00
       4378    133.184     3.7057     3.7017   3.192485   3.191944     2.0460     2.4078      8.127     1.1800   481.2790 1.0715e-01     0.0857    97.8814     6.7437     6.7950    34.4887    34.4865    27.4094    27.4080    7.34147 0.0000e+00
       4381    133.278     3.7054     3.7007   3.192459   3.191914     2.0452     2.4078      8.127     1.2207   481.3579 1.0740e-01     0.0857    97.8814     6.7435     6.7974    34.4887    34.4871    27.4094    27.4086    7.34153 0.0000e+00
       4384    133.374     3.7055     3.7005   3.192494   3.191864     2.0443     2.4074      8.125     1.2004   481.3184 1.0715e-01     0.0860    97.8727     6.7420     6.7956    34.4889    34.4866    27.4096    27.4083    7.34150 0.0000e+00
       4387    133.467     3.7057     3.7009   3.192508   3.191915     2.0452     2.4074      8.127     1.2004   420.1259 1.0727e-01     0.0857    97.8814     6.7459     6.7950    34.4889    34.4869    27.4095    27.4084    7.34147 0.0000e+00
       4390    133.561     3.7056     3.7010   3.192474   3.191914     2.0435     2.4074      8.127     1.2105    14.8736 1.0727e-01     0.0864    97.8640     6.7377     6.7947    34.4885    34.4867    27.4092    27.4082    7.34150 0.0000e+00
       4393    133.658     3.7056     3.7008   3.192508   3.191923     2.0448     2.4074      8.127     1.2105     6.7409 1.0727e-01     0.0857    97.8814     6.7388     6.7942    34.4889    34.4869    27.4095    27.4084    7.34149 0.0000e+00
       4396    133.755     3.7054     3.7010   3.192487   3.191951     2.0456     2.4066      8.127     1.2004     7.6884 1.0715e-01     0.0857    97.8814     6.7359     6.7941    34.4888    34.4869    27.4095    27.4084    7.34153 0.0000e+00
       4399    133.853     3.7056     3.7005   3.192510   3.191894     2.0448     2.4066      8.127     1.1902     7.6095 1.0715e-01     0.0860    97.8727     6.7283     6.7941    34.4888    34.4868    27.4095    27.4084    7.34149 0.0000e+00
       4402    133.954     3.7053     3.7006   3.192524   3.191929     2.0448     2.4066      8.127     1.2004     7.6095 1.0727e-01     0.0857    97.8814     6.7230     6.7919    34.4892    34.4871    27.4098    27.4086    7.34152 0.0000e+00
       4405    134.055     3.7053     3.7002   3.192470   3.191895     2.0448     2.4062      8.127     1.1902     7.6095 1.0715e-01     0.0860    97.8727     6.7206     6.7889    34.4885    34.4870    27.4093    27.4086    7.34156 0.0000e+00
       4408    134.154     3.7047     3.6998   3.192496   3.191890     2.0444     2.4062      8.127     1.1699     7.6095 1.0715e-01     0.0857    97.8814     6.7156     6.7860    34.4894    34.4873    27.4101    27.4089    7.34163 0.0000e+00
       4411    134.259     3.7047     3.6995   3.192490   3.191873     2.0440     2.4054      8.127     1.1495     7.6095 1.0715e-01     0.0860    97.8727     6.7117     6.7795    34.4892    34.4873    27.4099    27.4089    7.34163 0.0000e+00
       4414    134.369     3.7028     3.6980   3.192374   3.191828     2.0427     2.4054      8.127     1.1597   180.8040 1.0727e-01     0.0853    97.8901     6.7052     6.7779    34.4898    34.4884    27.4106    27.4099    7.34195 0.0000e+00
       4417    134.477     3.6983     3.6949   3.192326   3.191715     2.0427     2.4058      8.127     1.1394   482.1870 1.0715e-01     0.0857    97.8814     6.7035     6.7790    34.4939    34.4902    27.4143    27.4117    7.34256 0.0000e+00
       4420    134.589     3.6939     3.6908   3.192254   3.191707     2.0407     2.4062      8.127     1.1495   481.0816 1.0715e-01     0.0860    97.8727     6.6977     6.7790    34.4977    34.4944    27.4177    27.4154    7.34318 0.0000e+00
       4423    134.703     3.6916     3.6876   3.192177   3.191626     2.0415     2.4045      8.127     1.1394   481.2790 1.0727e-01     0.0857    97.8814     6.7026     6.7695    34.4991    34.4968    27.4191    27.4176    7.34352 0.0000e+00
       4426    134.820     3.6895     3.6852   3.192097   3.191568     2.0411     2.4045      8.126     1.1699   481.3184 1.0715e-01     0.0860    97.8727     6.7017     6.7650    34.5003    34.4986    27.4202    27.4193    7.34385 0.0000e+00
       4429    134.941     3.6879     3.6837   3.192016   3.191481     2.0403     2.4033      8.126     1.1597   481.2790 1.0715e-01     0.0864    97.8640     6.6998     6.7568    34.5010    34.4990    27.4210    27.4198    7.34411 0.0000e+00
       4432    135.065     3.6851     3.6817   3.191903   3.191370     2.0411     2.4029      8.126     1.1902   481.3579 1.0715e-01     0.0857    97.8814     6.7050     6.7494    34.5025    34.4998    27.4224    27.4206    7.34454 0.0000e+00
       4435    135.191     3.6829     3.6785   3.191848   3.191287     2.0407     2.4025      8.124     1.2513   481.2790 1.0727e-01     0.0860    97.8727     6.7055     6.7462    34.5041    34.5021    27.4239    27.4228    7.34486 0.0000e+00
       4438    135.320     3.6818     3.6772   3.191851   3.191245     2.0411     2.4025      8.127     1.2411   481.2790 1.0715e-01     0.0860    97.8727     6.7125     6.7438    34.5052    34.5029    27.4250    27.4236    7.34501 0.0000e+00
       4441    135.452     3.6816     3.6770   3.191932   3.191336     2.0407     2.4021      8.123     1.2513   170.5789 1.0715e-01     0.0860    97.8727     6.7140     6.7386    34.5064    34.5041    27.4259    27.4246    7.34500 0.0000e+00
       4444    135.590     3.6814     3.6770   3.192057   3.191468     2.0403     2.4017      8.126     1.2513    -2.6551 1.0715e-01     0.0860    97.8727     6.7133     6.7377    34.5080    34.5056    27.4272    27.4257    7.34494 0.0000e+00
       4447    135.728     3.6815     3.6768   3.192141   3.191517     2.0391     2.3997      8.124     1.2411     0.1874 1.0715e-01     0.0857    97.8814     6.7025     6.7302    34.5088    34.5063    27.4278    27.4263    7.34489 0.0000e+00
       4450    135.867     3.6796     3.6751   3.191974   3.191434     2.0391     2.3993      8.124     1.2513     0.2664 1.0727e-01     0.0864    97.8640     6.6967     6.7278    34.5088    34.5071    27.4280    27.4271    7.34524 0.0000e+00
       4453    136.007     3.6772     3.6728   3.191781   3.191246     2.0387     2.3980      8.123     1.2411     0.2664 1.0727e-01     0.0857    97.8814     6.6894     6.7251    34.5089    34.5071    27.4283    27.4273    7.34566 0.0000e+00
       4456    136.151     3.6724     3.6680   3.191390   3.190878     2.0374     2.3976      8.123     1.2411     0.2664 1.0727e-01     0.0853    97.8901     6.6821     6.7248    34.5092    34.5078    27.4291    27.4283    7.34652 0.0000e+00
       4459    136.295     3.6650     3.6607   3.190973   3.190430     2.0387     2.3980      8.123     1.1699     0.2664 1.0727e-01     0.0853    97.8901     6.6902     6.7276    34.5120    34.5100    27.4320    27.4308    7.34773 0.0000e+00
       4462    136.443     3.6608     3.6568   3.190810   3.190271     2.0391     2.3972      8.123     1.1394     0.2664 1.0727e-01     0.0853    97.8901     6.6961     6.7278    34.5144    34.5122    27.4343    27.4330    7.34838 0.0000e+00
       4465    136.588     3.6578     3.6534   3.190640   3.190083     2.0387     2.3956      8.123     1.1495     9.0307 1.0727e-01     0.0853    97.8901     6.6955     6.7263    34.5155    34.5134    27.4355    27.4343    7.34887 0.0000e+00
       4468    136.734     3.6561     3.6518   3.190560   3.190003     2.0374     2.3960      8.123     1.1699   430.0352 1.0715e-01     0.0853    97.8901     6.6880     6.7310    34.5162    34.5141    27.4362    27.4350    7.34915 0.0000e+00
       4471    136.875     3.6554     3.6509   3.190522   3.189984     2.0358     2.3944      8.123     1.1597   481.1605 1.0715e-01     0.0857    97.8814     6.6807     6.7294    34.5164    34.5147    27.4364    27.4356    7.34926 0.0000e+00
       4474    137.013     3.6547     3.6504   3.190515   3.189945     2.0346     2.3948      8.123     1.1495   481.1211 1.0727e-01     0.0853    97.8901     6.6775     6.7307    34.5171    34.5147    27.4371    27.4356    7.34937 0.0000e+00
       4477    137.148     3.6541     3.6499   3.190545   3.189990     2.0350     2.3940      8.123     1.1495   481.2790 1.0740e-01     0.0853    97.8901     6.6811     6.7287    34.5179    34.5157    27.4378    27.4364    7.34943 0.0000e+00
       4480    137.280     3.6537     3.6494   3.190552   3.189997     2.0358     2.3940      8.123     1.1495   481.2790 1.0715e-01     0.0853    97.8901     6.6843     6.7286    34.5184    34.5162    27.4382    27.4369    7.34948 0.0000e+00
       4483    137.411     3.6531     3.6487   3.190524   3.190000     2.0362     2.3932      8.123     1.1495   481.3184 1.0715e-01     0.0853    97.8901     6.6837     6.7296    34.5186    34.5169    27.4384    27.4376    7.34957 0.0000e+00
       4486    137.533     3.6523     3.6477   3.190472   3.189923     2.0362     2.3932      8.123     1.1292   481.3579 1.0715e-01     0.0853    97.8901     6.6852     6.7331    34.5188    34.5170    27.4387    27.4377    7.34971 0.0000e+00
       4489    137.652     3.6520     3.6476   3.190511   3.189966     2.0338     2.3923      8.121     1.1190   481.3579 1.0727e-01     0.0853    97.8901     6.6805     6.7317    34.5195    34.5176    27.4393    27.4382    7.34973 0.0000e+00
       4492    137.768     3.6520     3.6479   3.190543   3.190066     2.0326     2.3919      8.123     1.1190   391.7010 1.0715e-01     0.0853    97.8901     6.6819     6.7320    34.5198    34.5184    27.4395    27.4388    7.34971 0.0000e+00
       4495    137.876     3.6525     3.6488   3.190632   3.190124     2.0342     2.3915      8.123     1.1088     6.4251 1.0727e-01     0.0853    97.8901     6.6906     6.7325    34.5203    34.5181    27.4399    27.4385    7.34960 0.0000e+00
       4498    137.977     3.6545     3.6501   3.190865   3.190383     2.0342     2.3903      8.123     1.1292    10.3730 1.0715e-01     0.0853    97.8901     6.6905     6.7292    34.5209    34.5198    27.4402    27.4397    7.34921 0.0000e+00
       4501    138.075     3.6555     3.6517   3.190965   3.190531     2.0338     2.3899      8.121     1.1190    10.3730 1.0715e-01     0.0853    97.8901     6.6856     6.7305    34.5210    34.5198    27.4401    27.4395    7.34903 0.0000e+00
       4504    138.165     3.6555     3.6514   3.190997   3.190433     2.0326     2.3911      8.123     1.1190    10.4520 1.0715e-01     0.0853    97.8901     6.6807     6.7355    34.5213    34.5189    27.4404    27.4388    7.34901 0.0000e+00
       4507    138.252     3.6560     3.6516   3.191084   3.190546     2.0326     2.3907      8.121     1.1394    10.4125 1.0740e-01     0.0853    97.8901     6.6820     6.7361    34.5217    34.5199    27.4407    27.4397    7.34889 0.0000e+00
       4510    138.333     3.6575     3.6524   3.191238   3.190609     2.0317     2.3895      8.123     1.1088    10.4125 1.0740e-01     0.0857    97.8814     6.6809     6.7341    34.5220    34.5198    27.4407    27.4395    7.34861 0.0000e+00
       4513    138.409     3.6589     3.6538   3.191353   3.190781     2.0330     2.3895      8.123     1.0884    10.4520 1.0727e-01     0.0864    97.8640     6.6899     6.7374    34.5218    34.5204    27.4404    27.4398    7.34836 0.0000e+00
       4516    138.479     3.6585     3.6540   3.191377   3.190786     2.0326     2.3895      8.121     1.0681    10.4520 1.0727e-01     0.0864    97.8640     6.6850     6.7380    34.5226    34.5201    27.4410    27.4396    7.34841 0.0000e+00
       4519    138.543     3.6583     3.6540   3.191452   3.190851     2.0317     2.3891      8.123     1.0884   225.9681 1.0715e-01     0.0864    97.8640     6.6772     6.7372    34.5236    34.5210    27.4419    27.4402    7.34838 0.0000e+00
       4522    138.604     3.6581     3.6534   3.191496   3.190881     2.0322     2.3895      8.123     1.0885   482.1870 1.0727e-01     0.0864    97.8640     6.6810     6.7376    34.5243    34.5220    27.4425    27.4411    7.34839 0.0000e+00
       4525    138.661     3.6561     3.6531   3.191372   3.190920     2.0317     2.3887      8.123     1.0884   481.1211 1.0727e-01     0.0864    97.8640     6.6801     6.7325    34.5249    34.5226    27.4432    27.4416    7.34872 0.0000e+00
       4528    138.712     3.6534     3.6508   3.191242   3.190776     2.0313     2.3879      8.121     1.0986   481.3579 1.0715e-01     0.0864    97.8640     6.6791     6.7282    34.5262    34.5233    27.4444    27.4425    7.34915 0.0000e+00
       4531    138.757     3.6514     3.6483   3.191164   3.190636     2.0309     2.3883      8.120     1.0884   481.3184 1.0715e-01     0.0860    97.8727     6.6773     6.7310    34.5273    34.5243    27.4456    27.4434    7.34946 0.0000e+00
       4534    138.805     3.6510     3.6468   3.191109   3.190566     2.0301     2.3883      8.121     1.0783   481.3184 1.0715e-01     0.0842    97.9162     6.6745     6.7317    34.5271    34.5251    27.4454    27.4442    7.34954 0.0000e+00
       4537    138.854     3.6503     3.6462   3.191109   3.190512     2.0313     2.3883      8.120     1.1190   481.2395 1.0715e-01     0.0842    97.9162     6.6799     6.7297    34.5278    34.5250    27.4460    27.4442    7.34963 0.0000e+00
