Datasets/AZMP/HUD120/hud120_2020_005.cnv
* Sea-Bird SBE 9 Data File:
* FileName = C:\CTDDATA\hud120_2020_005.hex
* Software Version Seasave V 7.26.7.110
* Temperature SN = 1697
* Conductivity SN = 4216
* Number of Bytes Per Scan = 30
* Number of Voltage Words = 4
* Number of Scans Averaged by the Deck Unit = 1
* NMEA baud rate = 4800
** VESSEL/TRIP/SEQ STN:  hud120_2020_005
** LATITUDE XX XX.XX: 46 54.40 N
** LONGITUDE XX XX.XX: 054 40.50 W
** SOUNDING DEPTH (M): 0226
** PROBE TYPE: S1146
** CTD NUMBER: 002
** FORMAT: V
** COMMENTS (14 CHAR): PB-04
** BOTTLES:  10
** LEVELS: 5,10,20,30,40,50,75,100,150,BTM
** STICKERS: 439510 - 439519
** VNET: Y
** DO2: N
# nquan = 22
# nvalues = 5031                        
# units = specified
# name 0 = scan: Scan Count
# name 1 = prDM: Pressure, Digiquartz [db]
# name 2 = t090C: Temperature [ITS-90, deg C]
# name 3 = t190C: Temperature, 2 [ITS-90, deg C]
# name 4 = c0S/m: Conductivity [S/m]
# name 5 = c1S/m: Conductivity, 2 [S/m]
# name 6 = sbeox0V: Oxygen raw, SBE 43 [V]
# name 7 = sbeox1V: Oxygen raw, SBE 43, 2 [V]
# name 8 = ph: pH
# name 9 = flECO-AFL: Fluorescence, WET Labs ECO-AFL/FL [mg/m^3]
# name 10 = wetCDOM: Fluorescence, WET Labs CDOM [mg/m^3]
# name 11 = par/sat/log: PAR/Logarithmic, Satlantic [umol photons/m^2/sec]
# name 12 = CStarAt0: Beam Attenuation, WET Labs C-Star [1/m]
# name 13 = CStarTr0: Beam Transmission, WET Labs C-Star [%]
# name 14 = sbeox0ML/L: Oxygen, SBE 43 [ml/l], WS = 2
# name 15 = sbeox1ML/L: Oxygen, SBE 43, 2 [ml/l], WS = 2
# name 16 = sal00: Salinity, Practical [PSU]
# name 17 = sal11: Salinity, Practical, 2 [PSU]
# name 18 = sigma-t00: Density [sigma-t, kg/m^3 ]
# name 19 = sigma-t11: Density, 2 [sigma-t, kg/m^3 ]
# name 20 = oxsatML/L: Oxygen Saturation, Weiss [ml/l]
# name 21 = flag: flag
# span 0 =         36,      39566       
# span 1 =      2.672,    219.045       
# span 2 =    -0.9403,     7.6700       
# span 3 =    -0.9453,     7.6652       
# span 4 =   2.658196,   3.277801       
# span 5 =   2.658070,   3.277331       
# span 6 =     1.8834,     2.2348       
# span 7 =     2.2329,     2.6635       
# span 8 =      7.825,      8.083       
# span 9 =     0.9765,     5.5553       
# span 10 =    -2.8130,   482.1870      
# span 11 = 1.0678e-01, 1.1662e+02      
# span 12 =     0.0468,     0.2651      
# span 13 =    93.5874,    98.8375      
# span 14 =     6.6424,     8.0727      
# span 15 =     6.6376,     8.2926      
# span 16 =    31.6102,    32.8060      
# span 17 =    31.5787,    32.8074      
# span 18 =    24.6738,    26.3692      
# span 19 =    24.6743,    26.3705      
# span 20 =    6.80404,    8.38243      
# span 21 = 0.0000e+00, 0.0000e+00      
# interval = scans: 3                   
# start_time = Nov 10 2020 15:41:11 [System UTC, header]
# bad_flag = -9.990e-29
*END*
[from data line 396]
       1392     36.893     7.5795     7.5756   3.271444   3.271000     2.2051     2.6256      8.052     4.1613     2.5167 1.0488e+00     0.1588    96.1081     6.7507     6.8750    31.6298    31.6286    24.6870    24.6866    6.81831 0.0000e+00
       1395     37.008     7.5767     7.5713   3.271264   3.270687     2.2051     2.6248      8.053     4.1613     2.5167 1.0391e+00     0.1591    96.0995     6.7452     6.8681    31.6303    31.6291    24.6878    24.6876    6.81872 0.0000e+00
       1398     37.126     7.5751     7.5685   3.271057   3.270559     2.2051     2.6244      8.053     4.1511     2.5167 1.0319e+00     0.1556    96.1864     6.7362     6.8599    31.6296    31.6302    24.6874    24.6888    6.81902 0.0000e+00
       1401     37.242     7.5722     7.5671   3.270862   3.270427     2.2051     2.6240      8.050     3.8968     2.5562 1.0165e+00     0.1552    96.1951     6.7275     6.8487    31.6300    31.6300    24.6882    24.6889    6.81944 0.0000e+00
       1404     37.360     7.5693     7.5650   3.270618   3.270218     2.2043     2.6236      8.053     3.8154   296.2407 1.0002e+00     0.1552    96.1951     6.7151     6.8355    31.6300    31.6297    24.6886    24.6889    6.81990 0.0000e+00
       1407     37.479     7.5585     7.5558   3.269234   3.268965     2.2043     2.6223      8.052     3.8256   481.9501 9.8185e-01     0.1552    96.1951     6.7052     6.8207    31.6250    31.6245    24.6861    24.6861    6.82184 0.0000e+00
       1410     37.597     7.5356     7.5379   3.267354   3.267311     2.2039     2.6215      8.051     3.8256   480.8842 9.7958e-01     0.1552    96.1951     6.6949     6.8073    31.6256    31.6230    24.6898    24.6875    6.82543 0.0000e+00
       1413     37.716     7.5152     7.5160   3.265765   3.265667     2.2027     2.6215      8.051     3.8256   481.2395 9.6610e-01     0.1552    96.1951     6.6838     6.7967    31.6271    31.6253    24.6937    24.6922    6.82859 0.0000e+00
       1416     37.833     7.4949     7.5032   3.264281   3.265030     2.2015     2.6195      8.051     3.8154   481.2395 9.5608e-01     0.1552    96.1951     6.6760     6.7807    31.6295    31.6301    24.6984    24.6977    6.83168 0.0000e+00
       1419     37.954     7.4845     7.4936   3.263685   3.264176     2.1998     2.6166      8.052     3.8154   481.2395 9.4838e-01     0.1534    96.2385     6.6632     6.7631    31.6326    31.6295    24.7023    24.6986    6.83320 0.0000e+00
       1422     38.073     7.4774     7.4792   3.263238   3.263025     2.1974     2.6142      8.051     3.8052   481.2395 9.3858e-01     0.1530    96.2472     6.6510     6.7499    31.6342    31.6303    24.7045    24.7012    6.83425 0.0000e+00
       1425     38.192     7.4724     7.4693   3.262866   3.262507     2.1966     2.6109      8.051     3.8154   481.2395 9.2992e-01     0.1537    96.2299     6.6478     6.7353    31.6348    31.6337    24.7056    24.7052    6.83502 0.0000e+00
       1428     38.309     7.4700     7.4635   3.262763   3.262194     2.1950     2.6085      8.053     3.6424   481.2395 9.1608e-01     0.1534    96.2385     6.6450     6.7258    31.6358    31.6356    24.7067    24.7074    6.83536 0.0000e+00
       1431     38.429     7.4623     7.4643   3.261743   3.262354     2.1925     2.6056      8.051     3.6322   481.2395 9.0030e-01     0.1537    96.2299     6.6424     6.7175    31.6318    31.6365    24.7046    24.7081    6.83675 0.0000e+00
       1434     38.544     7.4460     7.4600   3.260392   3.261528     2.1905     2.6028      8.051     3.6322   481.2395 8.9099e-01     0.1541    96.2212     6.6468     6.7135    31.6320    31.6315    24.7070    24.7047    6.83932 0.0000e+00
       1437     38.660     7.4287     7.4393   3.258965   3.259388     2.1905     2.6007      8.053     3.6322   481.2395 8.7769e-01     0.1526    96.2559     6.6631     6.7183    31.6324    31.6274    24.7097    24.7043    6.84205 0.0000e+00
       1440     38.779     7.4082     7.4116   3.257270   3.257378     2.1905     2.5995      8.051     3.6322   481.2790 8.6160e-01     0.1505    96.3081     6.6816     6.7312    31.6328    31.6309    24.7128    24.7108    6.84529 0.0000e+00
       1443     38.896     7.3834     7.3887   3.254961   3.255501     2.1889     2.5983      8.051     3.6322   481.2395 8.4487e-01     0.1508    96.2994     6.6965     6.7455    31.6306    31.6315    24.7144    24.7145    6.84933 0.0000e+00
       1446     39.014     7.3491     7.3610   3.251903   3.252924     2.1889     2.5963      8.051     3.6424   481.2395 8.4386e-01     0.1505    96.3081     6.7169     6.7584    31.6289    31.6290    24.7177    24.7162    6.85486 0.0000e+00
       1449     39.130     7.3043     7.3193   3.248477   3.249208     2.1884     2.5955      8.051     3.6322   481.2395 8.2079e-01     0.1508    96.2994     6.7357     6.7762    31.6328    31.6270    24.7269    24.7203    6.86183 0.0000e+00
       1452     39.245     7.2741     7.2814   3.246223   3.246472     2.1884     2.5934      8.052     3.5610   481.2395 8.1321e-01     0.1508    96.2994     6.7530     6.7883    31.6361    31.6321    24.7335    24.7294    6.86652 0.0000e+00
       1455     39.362     7.2479     7.2498   3.244636   3.244488     2.1884     2.5934      8.052     3.3575   396.5570 8.0387e-01     0.1505    96.3081     6.7676     6.8052    31.6428    31.6395    24.7423    24.7394    6.87040 0.0000e+00
       1458     39.477     7.2342     7.2320   3.243574   3.243175     2.1893     2.5926      8.052     3.3677     3.6616 7.9830e-01     0.1512    96.2907     6.7787     6.8145    31.6438    31.6415    24.7449    24.7434    6.87254 0.0000e+00
       1461     39.591     7.1999     7.2009   3.240153   3.239991     2.1897     2.5922      8.052     3.3473    -2.0629 7.8368e-01     0.1508    96.2994     6.7894     6.8256    31.6383    31.6355    24.7451    24.7429    6.87829 0.0000e+00
       1464     39.706     7.1202     7.1412   3.231586   3.232847     2.1905     2.5914      8.052     3.3575    -0.7206 7.8006e-01     0.1515    96.2820     6.8108     6.8387    31.6184    31.6128    24.7401    24.7329    6.89197 0.0000e+00
       1467     39.821     6.9676     7.0173   3.218594   3.221210     2.1905     2.5922      8.053     3.3778    -0.7996 7.6313e-01     0.1515    96.2820     6.8384     6.8660    31.6173    31.6001    24.7593    24.7393    6.91664 0.0000e+00
       1470     39.939     6.7485     6.8188   3.199465   3.202513     2.1905     2.5914      8.054     3.3473    -0.7996 7.5434e-01     0.1512    96.2907     6.8771     6.9004    31.6102    31.5787    24.7821    24.7483    6.95260 0.0000e+00
       1473     40.055     6.5245     6.5779   3.183147   3.185259     2.1905     2.5910      8.054     3.3677    -0.7996 7.5173e-01     0.1519    96.2733     6.9158     6.9402    31.6380    31.6119    24.8325    24.8052    6.98809 0.0000e+00
       1476     40.172     6.3648     6.3951   3.172504   3.173889     2.1909     2.5906      8.050     3.3677    -0.7996 7.3369e-01     0.1512    96.2907     6.9446     6.9671    31.6687    31.6559    24.8767    24.8628    7.01310 0.0000e+00
       1479     40.292     6.2415     6.2632   3.163840   3.164587     2.1909     2.5906      8.051     3.2964    -0.7996 7.2276e-01     0.1476    96.3776     6.9643     6.9844    31.6875    31.6755    24.9067    24.8946    7.03275 0.0000e+00
       1482     40.412     6.1381     6.1523   3.156369   3.156778     2.1905     2.5898      8.051     3.2354   209.7816 7.1279e-01     0.1472    96.3863     6.9784     6.9975    31.7010    31.6923    24.9300    24.9214    7.04941 0.0000e+00
       1485     40.535     6.0764     6.0783   3.152529   3.152529     2.1909     2.5894      8.051     3.2659   482.1870 7.0055e-01     0.1476    96.3776     6.9900     7.0039    31.7158    31.7141    24.9492    24.9476    7.05907 0.0000e+00
       1488     40.660     6.0375     6.0384   3.150041   3.150022     2.1905     2.5881      8.048     3.2659   481.1211 6.9731e-01     0.1476    96.3776     6.9961     7.0017    31.7245    31.7234    24.9607    24.9597    7.06521 0.0000e+00
       1491     40.783     6.0153     6.0170   3.148234   3.148273     2.1905     2.5873      8.047     3.2456   481.2395 6.9008e-01     0.1476    96.3776     7.0032     7.0010    31.7251    31.7239    24.9638    24.9627    7.06892 0.0000e+00
       1494     40.910     5.9684     5.9751   3.144099   3.144104     2.1917     2.5865      8.047     3.2557   481.2395 6.8690e-01     0.1472    96.3863     7.0197     7.0075    31.7227    31.7165    24.9676    24.9619    7.07692 0.0000e+00
       1497     41.038     5.9218     5.9267   3.140734   3.140642     2.1921     2.5869      8.047     3.2557   481.2790 6.7043e-01     0.1462    96.4124     7.0332     7.0190    31.7288    31.7232    24.9780    24.9729    7.08452 0.0000e+00
       1500     41.167     5.8871     5.8878   3.138167   3.137936     2.1921     2.5844      8.047     3.2557   481.2395 6.5815e-01     0.1404    96.5515     7.0444     7.0209    31.7326    31.7293    24.9851    24.9824    7.09021 0.0000e+00
       1503     41.298     5.8563     5.8539   3.135759   3.135440     2.1921     2.5836      8.043     3.2354   481.2395 6.5586e-01     0.1404    96.5515     7.0553     7.0309    31.7345    31.7332    24.9902    24.9894    7.09533 0.0000e+00
       1506     41.432     5.8283     5.8297   3.133543   3.133753     2.1917     2.5836      8.044     3.0319   481.2790 6.4161e-01     0.1404    96.5515     7.0648     7.0449    31.7359    31.7369    24.9946    24.9953    7.10001 0.0000e+00
       1509     41.564     5.8021     5.8064   3.131794   3.131837     2.1925     2.5820      8.043     2.9810   139.4695 6.3058e-01     0.1404    96.5515     7.0775     7.0550    31.7408    31.7373    25.0016    24.9983    7.10423 0.0000e+00
       1512     41.698     5.7913     5.7894   3.131130   3.130937     2.1933     2.5816      8.043     2.9709    -1.5497 6.1977e-01     0.1400    96.5602     7.0866     7.0703    31.7435    31.7431    25.0050    25.0049    7.10594 0.0000e+00
       1515     41.833     5.7791     5.7795   3.129720   3.129838     2.1933     2.5824      8.043     2.9709     2.4772 6.0347e-01     0.1400    96.5602     7.0922     7.0886    31.7390    31.7400    25.0029    25.0036    7.10822 0.0000e+00
       1518     41.967     5.7213     5.7280   3.123618   3.123608     2.1941     2.5824      8.043     2.9709     2.2798 6.0139e-01     0.1361    96.6558     7.1102     7.1117    31.7249    31.7184    24.9985    24.9926    7.11873 0.0000e+00
       1521     42.100     5.6044     5.6086   3.112654   3.112511     2.1950     2.5824      8.044     2.9709     2.2798 5.9448e-01     0.1307    96.7861     7.1408     7.1472    31.7115    31.7059    25.0014    24.9965    7.13934 0.0000e+00
       1524     42.230     5.4475     5.4576   3.101356   3.101828     2.1958     2.5824      8.044     2.9607     2.2798 5.8358e-01     0.1307    96.7861     7.1774     7.1881    31.7319    31.7277    25.0355    25.0311    7.16534 0.0000e+00
       1527     42.362     5.3579     5.3641   3.096254   3.096452     2.1962     2.5845      8.045     2.9810     2.2798 5.7827e-01     0.1310    96.7775     7.1981     7.2220    31.7589    31.7552    25.0670    25.0634    7.17956 0.0000e+00
       1530     42.488     5.2744     5.2772   3.089272   3.089192     2.1978     2.5849      8.045     2.9607     2.3193 5.6436e-01     0.1310    96.7775     7.2216     7.2499    31.7586    31.7551    25.0761    25.0730    7.19404 0.0000e+00
       1533     42.611     5.1708     5.1743   3.081323   3.081368     2.1978     2.5861      8.045     2.7673     2.0824 5.5464e-01     0.1310    96.7775     7.2390     7.2835    31.7665    31.7637    25.0938    25.0913    7.21170 0.0000e+00
       1536     42.727     5.0859     5.0922   3.075675   3.076116     2.1982     2.5877      8.046     2.7572    -0.9970 5.5080e-01     0.1314    96.7688     7.2556     7.3112    31.7828    31.7818    25.1161    25.1146    7.22577 0.0000e+00
       1539     42.841     5.0144     5.0207   3.070638   3.070919     2.1990     2.5885      8.043     2.7572    -1.1549 5.3947e-01     0.1278    96.8557     7.2737     7.3352    31.7932    31.7904    25.1321    25.1292    7.23780 0.0000e+00
       1542     42.958     4.9391     4.9469   3.065064   3.065232     2.1999     2.5885      8.041     2.7673    -1.1549 5.3081e-01     0.1267    96.8818     7.2920     7.3581    31.8012    31.7957    25.1466    25.1414    7.25067 0.0000e+00
       1545     43.071     4.8488     4.8573   3.057298   3.057201     2.2003     2.5898      8.043     2.7775    -1.1549 5.3020e-01     0.1271    96.8731     7.3123     7.3880    31.7983    31.7891    25.1539    25.1458    7.26674 0.0000e+00
       1548     43.182     4.7097     4.7298   3.046464   3.047277     2.2011     2.5910      8.042     2.7572    -1.1549 5.1093e-01     0.1267    96.8818     7.3440     7.4231    31.8067    31.7968    25.1754    25.1654    7.29102 0.0000e+00
       1551     43.293     4.5583     4.5849   3.035372   3.035522     2.2019     2.5926      8.043     2.7572    -1.1549 5.0564e-01     0.1271    96.8731     7.3745     7.4622    31.8238    31.8000    25.2047    25.1830    7.31721 0.0000e+00
       1554     43.401     4.4475     4.4647   3.028409   3.028735     2.2015     2.5930      8.043     2.7572    -1.1549 4.9694e-01     0.1271    96.8731     7.3912     7.4916    31.8498    31.8369    25.2366    25.2246    7.33584 0.0000e+00
       1557     43.508     4.3841     4.3940   3.024555   3.024447     2.2019     2.5955      8.043     2.7979    -1.1549 4.9924e-01     0.1267    96.8818     7.4030     7.5179    31.8661    31.8552    25.2560    25.2464    7.34645 0.0000e+00
       1560     43.616     4.3399     4.3409   3.021606   3.021170     2.2031     2.5967      8.042     2.8488   120.7564 4.9293e-01     0.1235    96.9600     7.4150     7.5383    31.8744    31.8684    25.2670    25.2622    7.35403 0.0000e+00
       1563     43.721     4.3073     4.3095   3.019060   3.018965     2.2047     2.5987      8.041     2.8488   482.1870 4.8167e-01     0.1228    96.9774     7.4240     7.5598    31.8762    31.8730    25.2718    25.2689    7.35984 0.0000e+00
       1566     43.822     4.2678     4.2752   3.016116   3.016546     2.2051     2.6007      8.039     2.8488   480.8053 4.7723e-01     0.1231    96.9687     7.4293     7.5801    31.8801    31.8779    25.2787    25.2763    7.36681 0.0000e+00
       1569     43.922     4.2336     4.2448   3.013650   3.013935     2.2060     2.6024      8.039     2.8488   481.2395 4.6957e-01     0.1224    96.9861     7.4366     7.5972    31.8843    31.8768    25.2855    25.2785    7.37280 0.0000e+00
       1572     44.022     4.1932     4.1986   3.010027   3.010217     2.2064     2.6040      8.039     2.8386   481.3579 4.7559e-01     0.1228    96.9774     7.4403     7.6145    31.8810    31.8781    25.2869    25.2841    7.38029 0.0000e+00
       1575     44.120     4.1418     4.1415   3.006762   3.006644     2.2055     2.6052      8.040     2.8488   481.2395 4.6366e-01     0.1228    96.9774     7.4415     7.6305    31.8926    31.8915    25.3012    25.3004    7.38908 0.0000e+00
       1578     44.218     4.1098     4.1074   3.004739   3.004396     2.2055     2.6065      8.040     2.8488   481.3184 4.5936e-01     0.1210    97.0209     7.4414     7.6424    31.9000    31.8983    25.3101    25.3090    7.39455 0.0000e+00
       1581     44.313     4.0646     4.0642   3.000675   3.000487     2.2068     2.6085      8.040     2.8386   481.3184 4.5725e-01     0.1145    97.1773     7.4485     7.6571    31.8962    31.8943    25.3115    25.3101    7.40300 0.0000e+00
