Datasets/AZMP/HUD120/hud120_2020_022.cnv
* Sea-Bird SBE 9 Data File:
* FileName = C:\CTDDATA\hud120_2020_022.hex
* Software Version Seasave V 7.26.7.110
* Temperature SN = 1697
* Conductivity SN = 4216
* Number of Bytes Per Scan = 30
* Number of Voltage Words = 4
* Number of Scans Averaged by the Deck Unit = 1
* NMEA baud rate = 4800
** VESSEL/TRIP/SEQ STN:  hud120_2020_022
** LATITUDE XX XX.XX: 45 05.70 N
** LONGITUDE XX XX.XX: 051 42.00 W
** SOUNDING DEPTH (M): 0074
** PROBE TYPE: S1146
** CTD NUMBER: 012
** FORMAT: V
** COMMENTS (14 CHAR): SEGB-08
** BOTTLES:  07
** LEVELS: 5,10,20,30,40,50,BTM
** STICKERS: 439588 - 439594
** VNET: Y
** DO2: N
# nquan = 22
# nvalues = 1697                        
# units = specified
# name 0 = scan: Scan Count
# name 1 = prDM: Pressure, Digiquartz [db]
# name 2 = t090C: Temperature [ITS-90, deg C]
# name 3 = t190C: Temperature, 2 [ITS-90, deg C]
# name 4 = c0S/m: Conductivity [S/m]
# name 5 = c1S/m: Conductivity, 2 [S/m]
# name 6 = sbeox0V: Oxygen raw, SBE 43 [V]
# name 7 = sbeox1V: Oxygen raw, SBE 43, 2 [V]
# name 8 = ph: pH
# name 9 = flECO-AFL: Fluorescence, WET Labs ECO-AFL/FL [mg/m^3]
# name 10 = wetCDOM: Fluorescence, WET Labs CDOM [mg/m^3]
# name 11 = par/sat/log: PAR/Logarithmic, Satlantic [umol photons/m^2/sec]
# name 12 = CStarAt0: Beam Attenuation, WET Labs C-Star [1/m]
# name 13 = CStarTr0: Beam Transmission, WET Labs C-Star [%]
# name 14 = sbeox0ML/L: Oxygen, SBE 43 [ml/l], WS = 2
# name 15 = sbeox1ML/L: Oxygen, SBE 43, 2 [ml/l], WS = 2
# name 16 = sal00: Salinity, Practical [PSU]
# name 17 = sal11: Salinity, Practical, 2 [PSU]
# name 18 = sigma-t00: Density [sigma-t, kg/m^3 ]
# name 19 = sigma-t11: Density, 2 [sigma-t, kg/m^3 ]
# name 20 = oxsatML/L: Oxygen Saturation, Weiss [ml/l]
# name 21 = flag: flag
# span 0 =          8,      27525       
# span 1 =      0.775,     68.573       
# span 2 =     3.6420,    11.9190       
# span 3 =     3.6367,    11.9139       
# span 4 =   3.029842,   3.712272       
# span 5 =   3.029272,   3.711786       
# span 6 =     1.7163,     2.1996       
# span 7 =     2.0109,     2.6001       
# span 8 =      7.799,      8.132       
# span 9 =     1.4955,     5.3416       
# span 10 =    -2.8130,   482.1870      
# span 11 = 1.0703e-01, 1.4103e+00      
# span 12 =     0.0985,     0.3766      
# span 13 =    91.0144,    97.5685      
# span 14 =     5.0518,     6.0717      
# span 15 =     5.1264,     6.2945      
# span 16 =    32.2379,    32.9336      
# span 17 =    32.1574,    33.3498      
# span 18 =    24.4719,    26.0174      
# span 19 =    24.4724,    26.3077      
# span 20 =    6.16648,    7.44220      
# span 21 = 0.0000e+00, 0.0000e+00      
# interval = scans: 3                   
# start_time = Nov 18 2020 06:57:32 [System UTC, header]
# bad_flag = -9.990e-29
*END*
[from data line 1383]
      17440     26.448    11.9129    11.9087   3.711107   3.710635     2.1931     2.5871      8.132     3.7442   481.3579 1.0715e-01     0.1498    96.3255     6.0546     6.1034    32.2602    32.2593    24.4781    24.4782    6.16734 0.0000e+00
      17443     26.338    11.9130    11.9088   3.711074   3.710599     2.1931     2.5863      8.132     3.6831   481.3579 1.0715e-01     0.1498    96.3255     6.0547     6.1019    32.2598    32.2590    24.4778    24.4779    6.16734 0.0000e+00
      17446     26.235    11.9128    11.9087   3.711056   3.710585     2.1927     2.5875      8.132     3.7035   481.3579 1.0715e-01     0.1508    96.2994     6.0537     6.1071    32.2600    32.2589    24.4779    24.4779    6.16737 0.0000e+00
      17449     26.136    11.9128    11.9086   3.711053   3.710603     2.1931     2.5867      8.130     3.6933   481.3579 1.0715e-01     0.1508    96.2994     6.0556     6.1072    32.2600    32.2593    24.4779    24.4782    6.16737 0.0000e+00
      17452     26.047    11.9131    11.9086   3.711066   3.710601     2.1935     2.5863      8.130     3.7035   481.3579 1.0715e-01     0.1508    96.2994     6.0581     6.1064    32.2599    32.2593    24.4778    24.4782    6.16734 0.0000e+00
      17455     25.965    11.9129    11.9084   3.711069   3.710564     2.1931     2.5863      8.132     3.6933   263.6705 1.0715e-01     0.1508    96.2994     6.0556     6.1077    32.2601    32.2591    24.4780    24.4781    6.16735 0.0000e+00
      17458     25.900    11.9129    11.9085   3.711059   3.710612     2.1935     2.5863      8.132     3.6933    -2.1024 1.0715e-01     0.1508    96.2994     6.0551     6.1094    32.2600    32.2595    24.4779    24.4783    6.16735 0.0000e+00
      17461     25.843    11.9128    11.9083   3.711056   3.710573     2.1935     2.5863      8.132     3.6933     3.5826 1.0715e-01     0.1508    96.2994     6.0541     6.1110    32.2601    32.2593    24.4780    24.4782    6.16737 0.0000e+00
      17464     25.796    11.9128    11.9084   3.711067   3.710569     2.1931     2.5851      8.130     3.6933     3.4642 1.0715e-01     0.1508    96.2994     6.0521     6.1100    32.2602    32.2593    24.4781    24.4782    6.16735 0.0000e+00
      17467     25.758    11.9126    11.9083   3.711036   3.710584     2.1927     2.5863      8.130     3.8866     3.4642 1.0715e-01     0.1508    96.2994     6.0501     6.1151    32.2601    32.2595    24.4781    24.4783    6.16739 0.0000e+00
      17549     25.692    11.9141    11.9094   3.711171   3.710701     2.1951     2.5875      8.132     4.1511     0.1479 1.0715e-01     0.1508    96.2994     6.0639     6.1362    32.2601    32.2596    24.4778    24.4783    6.16719 0.0000e+00
      17552     25.569    11.9138    11.9092   3.711145   3.710632     2.1951     2.5883      8.132     4.1511     0.1479 1.0715e-01     0.1512    96.2907     6.0631     6.1389    32.2603    32.2592    24.4780    24.4780    6.16723 0.0000e+00
      17555     25.436    11.9137    11.9091   3.711149   3.710574     2.1959     2.5887      8.130     4.1715     0.1479 1.0715e-01     0.1508    96.2994     6.0644     6.1403    32.2604    32.2588    24.4781    24.4777    6.16724 0.0000e+00
      17558     25.299    11.9135    11.9088   3.711080   3.710573     2.1959     2.5891      8.132     4.1511     2.6351 1.0715e-01     0.1508    96.2994     6.0630     6.1411    32.2600    32.2591    24.4778    24.4780    6.16728 0.0000e+00
      17561     25.155    11.9132    11.9087   3.711011   3.710569     2.1947     2.5887      8.132     4.1511   417.0466 1.0715e-01     0.1508    96.2994     6.0578     6.1386    32.2596    32.2592    24.4775    24.4781    6.16733 0.0000e+00
      17564     25.009    11.9129    11.9087   3.711016   3.710537     2.1955     2.5887      8.130     4.1613   481.7527 1.0715e-01     0.1515    96.2820     6.0603     6.1379    32.2600    32.2590    24.4779    24.4779    6.16736 0.0000e+00
      17567     24.857    11.9128    11.9085   3.711021   3.710480     2.1955     2.5891      8.130     4.1613   481.1211 1.0715e-01     0.1519    96.2733     6.0601     6.1379    32.2601    32.2587    24.4780    24.4777    6.16736 0.0000e+00
      17570     24.704    11.9132    11.9084   3.711026   3.710491     2.1955     2.5899      8.130     3.9985   481.3579 1.0715e-01     0.1512    96.2907     6.0602     6.1379    32.2600    32.2589    24.4778    24.4779    6.16732 0.0000e+00
      17573     24.549    11.9130    11.9083   3.710969   3.710489     2.1959     2.5899      8.132     3.7340   481.3579 1.0715e-01     0.1515    96.2820     6.0618     6.1365    32.2596    32.2591    24.4776    24.4780    6.16736 0.0000e+00
      17576     24.390    11.9126    11.9083   3.710937   3.710480     2.1951     2.5903      8.132     3.7441   481.3579 1.0715e-01     0.1512    96.2907     6.0577     6.1364    32.2598    32.2591    24.4778    24.4780    6.16741 0.0000e+00
      17579     24.230    11.9125    11.9082   3.710924   3.710397     2.1951     2.5912      8.130     3.7645   481.3579 1.0715e-01     0.1519    96.2733     6.0559     6.1383    32.2598    32.2584    24.4779    24.4775    6.16742 0.0000e+00
      17582     24.072    11.9124    11.9080   3.710806   3.710331     2.1955     2.5908      8.132     3.7543   481.3579 1.0715e-01     0.1515    96.2820     6.0569     6.1371    32.2588    32.2579    24.4771    24.4772    6.16747 0.0000e+00
      17585     23.917    11.9120    11.9079   3.710785   3.710288     2.1959     2.5908      8.132     3.7746   404.2553 1.0715e-01     0.1519    96.2733     6.0570     6.1360    32.2589    32.2577    24.4773    24.4771    6.16751 0.0000e+00
      17588     23.761    11.9120    11.9078   3.710772   3.710263     2.1959     2.5912      8.130     3.7441    10.0966 1.0715e-01     0.1508    96.2994     6.0559     6.1351    32.2589    32.2576    24.4772    24.4770    6.16752 0.0000e+00
      17591     23.608    11.9121    11.9076   3.710762   3.710281     2.1959     2.5908      8.132     3.7543    10.2151 1.0715e-01     0.1508    96.2994     6.0547     6.1312    32.2588    32.2580    24.4771    24.4773    6.16751 0.0000e+00
      17594     23.460    11.9122    11.9078   3.710814   3.710312     2.1959     2.5908      8.132     3.7645    10.4520 1.0715e-01     0.1508    96.2994     6.0531     6.1300    32.2593    32.2582    24.4775    24.4774    6.16747 0.0000e+00
      17597     23.314    11.9119    11.9077   3.710706   3.710317     2.1955     2.5912      8.132     3.6424    10.4520 1.0715e-01     0.1508    96.2994     6.0516     6.1316    32.2586    32.2584    24.4770    24.4776    6.16755 0.0000e+00
      17600     23.172    11.9118    11.9078   3.710710   3.710295     2.1951     2.5912      8.132     3.6119    10.4520 1.0715e-01     0.1508    96.2994     6.0508     6.1306    32.2588    32.2581    24.4772    24.4774    6.16755 0.0000e+00
      17603     23.039    11.9119    11.9078   3.710689   3.710254     2.1947     2.5916      8.132     3.6119    10.4520 1.0715e-01     0.1508    96.2994     6.0493     6.1314    32.2585    32.2579    24.4769    24.4772    6.16755 0.0000e+00
      17606     22.909    11.9121    11.9077   3.710746   3.710250     2.1947     2.5916      8.130     3.6322    10.4520 1.0715e-01     0.1515    96.2820     6.0486     6.1316    32.2589    32.2579    24.4772    24.4773    6.16750 0.0000e+00
      17609     22.790    11.9122    11.9077   3.710750   3.710294     2.1943     2.5912      8.132     3.6119    10.4520 1.0715e-01     0.1508    96.2994     6.0466     6.1294    32.2589    32.2584    24.4772    24.4777    6.16749 0.0000e+00
      17612     22.671    11.9122    11.9077   3.710753   3.710259     2.1951     2.5903      8.132     3.6119   207.5708 1.0715e-01     0.1512    96.2907     6.0500     6.1265    32.2590    32.2581    24.4773    24.4775    6.16749 0.0000e+00
      17615     22.562    11.9119    11.9076   3.710723   3.710256     2.1943     2.5908      8.132     3.6119   482.1870 1.0715e-01     0.1508    96.2994     6.0480     6.1275    32.2590    32.2582    24.4773    24.4775    6.16753 0.0000e+00
      17618     22.461    11.9120    11.9075   3.710771   3.710218     2.1939     2.5920      8.130     3.6220   481.2000 1.0715e-01     0.1512    96.2907     6.0479     6.1300    32.2594    32.2580    24.4776    24.4774    6.16750 0.0000e+00
      17621     22.362    11.9122    11.9075   3.710763   3.710231     2.1951     2.5924      8.132     3.6220   481.3184 1.0715e-01     0.1512    96.2907     6.0533     6.1311    32.2592    32.2581    24.4774    24.4775    6.16748 0.0000e+00
      17624     22.273    11.9121    11.9074   3.710750   3.710229     2.1951     2.5912      8.132     3.7340   481.3579 1.0715e-01     0.1508    96.2994     6.0541     6.1281    32.2592    32.2582    24.4775    24.4776    6.16750 0.0000e+00
      17627     22.188    11.9123    11.9077   3.710775   3.710241     2.1947     2.5916      8.130     3.7543   481.3579 1.0715e-01     0.1508    96.2994     6.0518     6.1287    32.2594    32.2581    24.4775    24.4774    6.16746 0.0000e+00
      17630     22.108    11.9123    11.9074   3.710782   3.710238     2.1947     2.5912      8.130     3.7543   481.3579 1.0715e-01     0.1498    96.3255     6.0513     6.1283    32.2594    32.2584    24.4776    24.4777    6.16746 0.0000e+00
      17633     22.037    11.9123    11.9075   3.710724   3.710238     2.1943     2.5912      8.132     3.7645   481.3579 1.0715e-01     0.1498    96.3255     6.0486     6.1294    32.2589    32.2584    24.4772    24.4777    6.16748 0.0000e+00
      17636     21.972    11.9115    11.9074   3.710579   3.710274     2.1943     2.5912      8.132     3.7543   481.3579 1.0715e-01     0.1498    96.3255     6.0484     6.1296    32.2582    32.2588    24.4768    24.4780    6.16760 0.0000e+00
      17639     21.911    11.9115    11.9075   3.710662   3.710225     2.1947     2.5912      8.132     3.7543   481.3579 1.0715e-01     0.1498    96.3255     6.0498     6.1288    32.2590    32.2582    24.4774    24.4775    6.16758 0.0000e+00
      17642     21.857    11.9118    11.9074   3.710691   3.710244     2.1947     2.5912      8.129     3.7645   481.3579 1.0715e-01     0.1498    96.3255     6.0502     6.1286    32.2591    32.2586    24.4774    24.4779    6.16754 0.0000e+00
      17645     21.810    11.9116    11.9073   3.710650   3.710197     2.1943     2.5920      8.132     3.7645   481.3579 1.0715e-01     0.1498    96.3255     6.0494     6.1324    32.2589    32.2582    24.4773    24.4776    6.16757 0.0000e+00
      17648     21.770    11.9120    11.9072   3.710729   3.710130     2.1943     2.5916      8.132     3.8154   481.3579 1.0715e-01     0.1515    96.2820     6.0507     6.1324    32.2593    32.2576    24.4776    24.4772    6.16750 0.0000e+00
      17651     21.738    11.9118    11.9072   3.710684   3.710168     2.1939     2.5912      8.132     4.1003   481.3579 1.0715e-01     0.1519    96.2733     6.0506     6.1314    32.2591    32.2580    24.4774    24.4775    6.16754 0.0000e+00
      17654     21.708    11.9104    11.9072   3.710382   3.710188     2.1935     2.5920      8.132     4.1003   481.3579 1.0715e-01     0.1519    96.2733     6.0499     6.1341    32.2574    32.2583    24.4764    24.4776    6.16779 0.0000e+00
      17657     21.682    11.9090    11.9071   3.710230   3.710137     2.1935     2.5924      8.132     4.0901   481.3579 1.0715e-01     0.1519    96.2733     6.0500     6.1351    32.2571    32.2579    24.4764    24.4774    6.16798 0.0000e+00
      17719     21.353    11.9105    11.9051   3.710533   3.709749     2.1959     2.5920      8.132     4.3750   159.3669 1.0715e-01     0.1519    96.2733     6.0548     6.1235    32.2589    32.2560    24.4775    24.4763    6.16771 0.0000e+00
      17725     21.310    11.9105    11.9050   3.710552   3.709877     2.1963     2.5916      8.132     4.3750     3.2273 1.0715e-01     0.1519    96.2733     6.0530     6.1224    32.2590    32.2573    24.4776    24.4773    6.16770 0.0000e+00
      17728     21.283    11.9116    11.9057   3.710706   3.710105     2.1959     2.5912      8.132     4.1511     3.1089 1.0715e-01     0.1526    96.2559     6.0499     6.1220    32.2596    32.2589    24.4778    24.4784    6.16754 0.0000e+00
      17731     21.252    11.9121    11.9062   3.710776   3.710150     2.1947     2.5912      8.130     4.0596     3.1089 1.0715e-01     0.1519    96.2733     6.0449     6.1219    32.2599    32.2589    24.4780    24.4783    6.16747 0.0000e+00
      17734     21.215    11.9127    11.9065   3.710810   3.710074     2.1947     2.5908      8.132     4.0698     3.1089 1.0715e-01     0.1523    96.2646     6.0438     6.1207    32.2597    32.2580    24.4777    24.4776    6.16739 0.0000e+00
      17737     21.176    11.9126    11.9064   3.710781   3.710009     2.1951     2.5912      8.132     4.0596     3.1089 1.0715e-01     0.1519    96.2733     6.0458     6.1228    32.2596    32.2574    24.4776    24.4772    6.16741 0.0000e+00
      17740     21.140    11.9126    11.9063   3.710760   3.709993     2.1947     2.5916      8.132     4.0698     3.1089 1.0715e-01     0.1519    96.2733     6.0446     6.1250    32.2594    32.2574    24.4775    24.4771    6.16743 0.0000e+00
      17743     21.092    11.9124    11.9068   3.710768   3.710252     2.1943     2.5908      8.130     4.0596     4.7275 1.0715e-01     0.1519    96.2733     6.0440     6.1222    32.2596    32.2594    24.4777    24.4786    6.16744 0.0000e+00
      17746     21.047    11.9127    11.9073   3.710771   3.710149     2.1951     2.5912      8.132     4.0596     6.8988 1.0715e-01     0.1523    96.2646     6.0476     6.1242    32.2594    32.2580    24.4775    24.4774    6.16740 0.0000e+00
      17749     21.001    11.9125    11.9068   3.710785   3.710064     2.1951     2.5912      8.132     4.0799     6.7804 1.0715e-01     0.1512    96.2907     6.0485     6.1251    32.2597    32.2577    24.4778    24.4772    6.16742 0.0000e+00
      17752     20.956    11.9125    11.9071   3.710776   3.710249     2.1943     2.5912      8.132     4.0494     6.7804 1.0715e-01     0.1508    96.2994     6.0473     6.1256    32.2597    32.2592    24.4777    24.4784    6.16742 0.0000e+00
      17755     20.913    11.9124    11.9074   3.710704   3.710278     2.1947     2.5908      8.132     3.7645     6.7804 1.0715e-01     0.1508    96.2994     6.0493     6.1241    32.2591    32.2593    24.4773    24.4784    6.16746 0.0000e+00
      17758     20.872    11.9112    11.9077   3.710500   3.710299     2.1943     2.5908      8.132     3.7645     6.7804 1.0715e-01     0.1508    96.2994     6.0477     6.1241    32.2581    32.2592    24.4768    24.4783    6.16765 0.0000e+00
      17761     20.837    11.9103    11.9078   3.710395   3.710302     2.1943     2.5912      8.130     3.7543     6.7804 1.0715e-01     0.1508    96.2994     6.0481     6.1245    32.2579    32.2592    24.4768    24.4782    6.16778 0.0000e+00
      17764     20.802    11.9103    11.9077   3.710378   3.710237     2.1943     2.5912      8.132     3.7543     6.7804 1.0715e-01     0.1508    96.2994     6.0492     6.1248    32.2578    32.2587    24.4767    24.4778    6.16778 0.0000e+00
      17767     20.767    11.9103    11.9074   3.710417   3.710086     2.1943     2.5903      8.132     3.7543     6.7804 1.0715e-01     0.1512    96.2907     6.0485     6.1231    32.2582    32.2575    24.4770    24.4770    6.16777 0.0000e+00
      17785     20.671    11.9097    11.9060   3.710342   3.709881     2.1943     2.5912      8.132     3.8968   365.4080 1.0715e-01     0.1512    96.2907     6.0497     6.1288    32.2580    32.2567    24.4770    24.4766    6.16785 0.0000e+00
      17795     20.611    11.9098    11.9054   3.710361   3.709783     2.1943     2.5912      8.132     3.9578   329.4426 1.0715e-01     0.1508    96.2994     6.0506     6.1313    32.2582    32.2563    24.4771    24.4764    6.16784 0.0000e+00
