Datasets/AZMP/HUD120/hud120_2020_079.cnv
* Sea-Bird SBE 9 Data File:
* FileName = C:\CTDDATA\hud120_2020_079.hex
* Software Version Seasave V 7.26.7.110
* Temperature SN = 1697
* Conductivity SN = 4216
* Number of Bytes Per Scan = 30
* Number of Voltage Words = 4
* Number of Scans Averaged by the Deck Unit = 1
* NMEA baud rate = 4800
** VESSEL/TRIP/SEQ STN:  hud120_2020_079
** LATITUDE XX XX.XX: 47 00.00 N
** LONGITUDE XX XX.XX: 052 19.30 W
** SOUNDING DEPTH (M): 0126
** PROBE TYPE: S1146
** CTD NUMBER: 058
** FORMAT: V
** COMMENTS (14 CHAR): FC-04
** BOTTLES:  9
** LEVELS: 5,10,20,30,40,50,75,100,BTM
** STICKERS: 439902 - 439910
** VNET: Y
** DO2: N
# nquan = 22
# nvalues = 2913                        
# units = specified
# name 0 = scan: Scan Count
# name 1 = prDM: Pressure, Digiquartz [db]
# name 2 = t090C: Temperature [ITS-90, deg C]
# name 3 = t190C: Temperature, 2 [ITS-90, deg C]
# name 4 = c0S/m: Conductivity [S/m]
# name 5 = c1S/m: Conductivity, 2 [S/m]
# name 6 = sbeox0V: Oxygen raw, SBE 43 [V]
# name 7 = sbeox1V: Oxygen raw, SBE 43, 2 [V]
# name 8 = ph: pH
# name 9 = flECO-AFL: Fluorescence, WET Labs ECO-AFL/FL [mg/m^3]
# name 10 = wetCDOM: Fluorescence, WET Labs CDOM [mg/m^3]
# name 11 = par/sat/log: PAR/Logarithmic, Satlantic [umol photons/m^2/sec]
# name 12 = CStarAt0: Beam Attenuation, WET Labs C-Star [1/m]
# name 13 = CStarTr0: Beam Transmission, WET Labs C-Star [%]
# name 14 = sbeox0ML/L: Oxygen, SBE 43 [ml/l], WS = 2
# name 15 = sbeox1ML/L: Oxygen, SBE 43, 2 [ml/l], WS = 2
# name 16 = sal00: Salinity, Practical [PSU]
# name 17 = sal11: Salinity, Practical, 2 [PSU]
# name 18 = sigma-t00: Density [sigma-t, kg/m^3 ]
# name 19 = sigma-t11: Density, 2 [sigma-t, kg/m^3 ]
# name 20 = oxsatML/L: Oxygen Saturation, Weiss [ml/l]
# name 21 = flag: flag
# span 0 =        161,      26897       
# span 1 =      2.379,    120.050       
# span 2 =    -0.8531,     4.4694       
# span 3 =    -0.8589,     4.4643       
# span 4 =   2.680769,   3.023868       
# span 5 =   2.680123,   3.023370       
# span 6 =     1.9044,     2.2129       
# span 7 =     2.2605,     2.6377       
# span 8 =      7.987,      8.162       
# span 9 =     0.9867,     3.8256       
# span 10 =    -2.8130,   482.1870      
# span 11 = 1.0459e-01, 2.8597e-01      
# span 12 =     0.0800,     0.1515      
# span 13 =    96.2820,    98.0205      
# span 14 =     6.9543,     7.8999      
# span 15 =     7.0289,     8.0979      
# span 16 =    31.7688,    33.2043      
# span 17 =    31.7684,    33.2041      
# span 18 =    25.1868,    26.6777      
# span 19 =    25.1858,    26.6778      
# span 20 =    7.33454,    8.34970      
# span 21 = 0.0000e+00, 0.0000e+00      
# interval = scans: 3                   
# start_time = Nov 26 2020 23:47:21 [System UTC, header]
# bad_flag = -9.990e-29
*END*
[from data line 2239]
      15501     46.072     3.6650     3.6688   2.976438   2.976526     2.1655     2.5824      8.127     2.1162     0.6217 1.0715e-01     0.1067    97.3685     7.3185     7.4767    31.9996    31.9970    25.4317    25.4293    7.47155 0.0000e+00
      15504     45.986     3.6642     3.6657   2.976282   2.976262     2.1639     2.5824      8.127     2.1162     0.5427 1.0715e-01     0.1067    97.3685     7.3139     7.4772    31.9986    31.9969    25.4310    25.4295    7.47175 0.0000e+00
      15507     45.898     3.6538     3.6635   2.975683   2.976123     2.1643     2.5816      8.127     2.1162     0.6217 1.0715e-01     0.1067    97.3685     7.3203     7.4739    32.0017    31.9975    25.4345    25.4302    7.47353 0.0000e+00
      15510     45.812     3.6481     3.6579   2.975391   2.975601     2.1647     2.5820      8.128     2.1263     0.5822 1.0715e-01     0.1060    97.3859     7.3276     7.4771    32.0040    31.9968    25.4368    25.4302    7.47448 0.0000e+00
      15513     45.728     3.6401     3.6542   2.974772   2.975587     2.1639     2.5820      8.128     2.1162     0.5032 1.0727e-01     0.1060    97.3859     7.3278     7.4796    32.0044    32.0003    25.4379    25.4333    7.47594 0.0000e+00
      15516     45.647     3.6349     3.6543   2.974771   2.975505     2.1647     2.5824      8.128     2.1263     0.6217 1.0715e-01     0.1060    97.3859     7.3342     7.4825    32.0096    31.9993    25.4425    25.4325    7.47665 0.0000e+00
      15519     45.569     3.6439     3.6537   2.975128   2.975575     2.1651     2.5828      8.128     2.1263     0.5427 1.0715e-01     0.1060    97.3859     7.3356     7.4859    32.0051    32.0008    25.4381    25.4337    7.47521 0.0000e+00
      15522     45.490     3.6435     3.6589   2.974885   2.975844     2.1655     2.5824      8.128     2.1162     0.5427 1.0715e-01     0.1056    97.3946     7.3396     7.4842    32.0026    31.9989    25.4361    25.4317    7.47540 0.0000e+00
      15525     45.415     3.6370     3.6563   2.974539   2.975562     2.1655     2.5820      8.128     2.1772     0.6217 1.0715e-01     0.1060    97.3859     7.3441     7.4825    32.0049    31.9981    25.4385    25.4314    7.47649 0.0000e+00
      15528     45.339     3.6289     3.6536   2.974146   2.975230     2.1663     2.5816      8.128     2.1975     0.5822 1.0715e-01     0.1060    97.3859     7.3465     7.4818    32.0083    31.9968    25.4420    25.4306    7.47784 0.0000e+00
      15531     45.268     3.6339     3.6531   2.974560   2.975457     2.1663     2.5816      8.128     2.2077     0.6217 1.0715e-01     0.1056    97.3946     7.3410     7.4816    32.0083    32.0000    25.4415    25.4332    7.47690 0.0000e+00
      15534     45.201     3.6466     3.6570   2.975822   2.975694     2.1667     2.5824      8.128     2.2179     0.6217 1.0715e-01     0.1056    97.3946     7.3352     7.4839    32.0109    31.9991    25.4424    25.4321    7.47442 0.0000e+00
      15537     45.134     3.6735     3.6591   2.976742   2.975800     2.1655     2.5824      8.127     2.2179     0.6217 1.0715e-01     0.1056    97.3946     7.3215     7.4854    31.9953    31.9983    25.4275    25.4312    7.47018 0.0000e+00
      15540     45.072     3.6712     3.6641   2.976576   2.976412     2.1659     2.5824      8.127     2.2077     0.4637 1.0715e-01     0.1056    97.3946     7.3199     7.4856    31.9957    32.0007    25.4281    25.4327    7.47059 0.0000e+00
      15543     45.014     3.6614     3.6803   2.976016   2.977884     2.1659     2.5828      8.127     2.2179     0.5032 1.0715e-01     0.1056    97.3946     7.3178     7.4848    31.9987    32.0023    25.4314    25.4325    7.47227 0.0000e+00
      15546     44.959     3.6603     3.6971   2.975992   2.978143     2.1663     2.5820      8.127     2.1975     0.5032 1.0715e-01     0.1056    97.3946     7.3172     7.4831    31.9995    31.9889    25.4321    25.4203    7.47243 0.0000e+00
      15549     44.909     3.6618     3.7033   2.975916   2.978499     2.1659     2.5816      8.127     2.1975     0.4637 1.0727e-01     0.1042    97.4294     7.3128     7.4815    31.9972    31.9871    25.4301    25.4182    7.47227 0.0000e+00
      15552     44.861     3.6497     3.7066   2.975062   2.978507     2.1651     2.5824      8.127     2.3603     0.5032 1.0715e-01     0.1045    97.4207     7.3113     7.4824    31.9990    31.9840    25.4327    25.4155    7.47443 0.0000e+00
      15555     44.818     3.6249     3.7063   2.973111   2.978141     2.1651     2.5824      8.128     2.3604     0.5032 1.0715e-01     0.1042    97.4294     7.3181     7.4811    32.0001    31.9800    25.4358    25.4123    7.47898 0.0000e+00
      15558     44.776     3.5977     3.7059   2.972127   2.977973     2.1647     2.5828      8.128     2.3705     0.4637 1.0727e-01     0.1038    97.4381     7.3234     7.4833    32.0152    31.9784    25.4504    25.4110    7.48331 0.0000e+00
      15561     44.737     3.6149     3.7059   2.972969   2.978119     2.1651     2.5836      8.128     2.3705     0.5032 1.0715e-01     0.1045    97.4207     7.3246     7.4890    32.0083    31.9802    25.4433    25.4125    7.48044 0.0000e+00
      15564     44.699     3.6109     3.7105   2.972991   2.978601     2.1659     2.5828      8.128     2.3705     0.4637 1.0715e-01     0.1045    97.4207     7.3287     7.4878    32.0126    31.9814    25.4470    25.4130    7.48098 0.0000e+00
      15567     44.669     3.6381     3.7137   2.975004   2.978789     2.1647     2.5832      8.128     2.3604     0.7006 1.0715e-01     0.1049    97.4120     7.3220     7.4923    32.0097    31.9805    25.4423    25.4120    7.47605 0.0000e+00
      15570     44.639     3.6560     3.7157   2.975555   2.978750     2.1651     2.5840      8.127     2.3705     0.7401 1.0715e-01     0.1067    97.3685     7.3247     7.4996    31.9988    31.9781    25.4319    25.4099    7.47327 0.0000e+00
      15573     44.612     3.6634     3.7131   2.975834   2.978421     2.1647     2.5828      8.127     2.3604     0.7401 1.0715e-01     0.1060    97.3859     7.3271     7.4977    31.9948    31.9767    25.4280    25.4091    7.47209 0.0000e+00
      15576     44.586     3.6720     3.7091   2.976186   2.978187     2.1655     2.5824      8.127     2.3298     0.7401 1.0715e-01     0.1060    97.3859     7.3328     7.5002    31.9905    31.9779    25.4239    25.4104    7.47070 0.0000e+00
      15579     44.560     3.6649     3.7102   2.975573   2.978516     2.1655     2.5836      8.127     2.1975     0.7006 1.0715e-01     0.1063    97.3772     7.3392     7.5077    31.9902    31.9807    25.4243    25.4125    7.47204 0.0000e+00
      15583     44.533     3.6568     3.7084   2.975149   2.978127     2.1651     2.5844      8.127     2.1975     0.7401 1.0715e-01     0.1056    97.3946     7.3437     7.5169    31.9932    31.9778    25.4274    25.4104    7.47340 0.0000e+00
      15592     44.468     3.6726     3.7096   2.976186   2.978427     2.1659     2.5856      8.127     2.1975    -0.0495 1.0715e-01     0.1063    97.3772     7.3506     7.5318    31.9900    31.9803    25.4234    25.4122    7.47062 0.0000e+00
      15598     44.428     3.6718     3.7217   2.975856   2.979318     2.1672     2.5873      8.127     2.2179    -0.4443 1.0715e-01     0.1067    97.3685     7.3574     7.5397    31.9869    31.9790    25.4210    25.4101    7.47092 0.0000e+00
      15601     44.407     3.6638     3.7345   2.975630   2.980042     2.1676     2.5877      8.127     2.1975    -0.4443 1.0727e-01     0.1067    97.3685     7.3608     7.5371    31.9921    31.9750    25.4259    25.4057    7.47216 0.0000e+00
      15604     44.384     3.6449     3.7434   2.974722   2.980773     2.1680     2.5885      8.128     2.2688    -0.4443 1.0715e-01     0.1067    97.3685     7.3685     7.5358    31.9999    31.9750    25.4339    25.4049    7.47529 0.0000e+00
      15607     44.360     3.6145     3.7463   2.973113   2.980991     2.1684     2.5889      8.129     2.2789    -0.4838 1.0715e-01     0.1070    97.3598     7.3778     7.5365    32.0106    31.9748    25.4452    25.4044    7.48039 0.0000e+00
      15610     44.333     3.6079     3.7522   2.972726   2.981168     2.1684     2.5889      8.129     2.2688    -0.4443 1.0715e-01     0.1110    97.2642     7.3805     7.5354    32.0126    31.9710    25.4473    25.4009    7.48154 0.0000e+00
      15613     44.305     3.6199     3.7629   2.973958   2.981462     2.1676     2.5893      8.128     2.2688    -0.4443 1.0715e-01     0.1110    97.2642     7.3771     7.5375    32.0154    31.9640    25.4485    25.3943    7.47916 0.0000e+00
      15616     44.273     3.6724     3.7726   2.976811   2.982138     2.1680     2.5897      8.127     2.2586    -0.3258 1.0715e-01     0.1110    97.2642     7.3746     7.5410    31.9977    31.9626    25.4296    25.3923    7.47027 0.0000e+00
      15619     44.238     3.7186     3.7786   2.978939   2.981932     2.1688     2.5909      8.129     2.2688     1.7666 1.0715e-01     0.1110    97.2642     7.3738     7.5493    31.9776    31.9543    25.4093    25.3851    7.46269 0.0000e+00
      15622     44.198     3.7432     3.7562   2.979299   2.979831     2.1688     2.5913      8.127     2.2891     1.9245 1.0715e-01     0.1110    97.2642     7.3736     7.5584    31.9578    31.9514    25.3912    25.3849    7.45912 0.0000e+00
      15625     44.155     3.7197     3.7324   2.978126   2.978631     2.1692     2.5909      8.129     2.2688     1.9245 1.0715e-01     0.1110    97.2642     7.3864     7.5655    31.9670    31.9605    25.4007    25.3944    7.46302 0.0000e+00
      15628     44.105     3.6873     3.7263   2.976178   2.979193     2.1704     2.5917      8.129     2.3095     1.9245 1.0715e-01     0.1106    97.2729     7.4054     7.5743    31.9757    31.9731    25.4107    25.4050    7.46861 0.0000e+00
      15631     44.049     3.6429     3.7403   2.973888   2.980846     2.1708     2.5925      8.129     2.5231     1.9245 1.0715e-01     0.1088    97.3164     7.4236     7.5817    31.9920    31.9791    25.4278    25.4084    7.47603 0.0000e+00
      15634     43.988     3.6443     3.7715   2.974795   2.983747     2.1712     2.5938      8.131     2.5231     1.9245 1.0715e-01     0.1088    97.3164     7.4312     7.5859    32.0016    31.9829    25.4352    25.4085    7.47531 0.0000e+00
      15637     43.919     3.6869     3.7997   2.977459   2.984372     2.1728     2.5954      8.129     2.5130     1.9245 1.0715e-01     0.1088    97.3164     7.4333     7.5895    31.9913    31.9627    25.4231    25.3898    7.46789 0.0000e+00
      15640     43.843     3.7101     3.8141   2.979516   2.985500     2.1733     2.5966      8.130     2.5231     1.9245 1.0715e-01     0.1088    97.3164     7.4311     7.5916    31.9931    31.9620    25.4223    25.3879    7.46351 0.0000e+00
      15643     43.762     3.7568     3.8399   2.981837   2.987117     2.1741     2.5974      8.129     2.5231     3.4642 1.0715e-01     0.1088    97.3164     7.4239     7.5894    31.9748    31.9559    25.4035    25.3806    7.45576 0.0000e+00
      15646     43.675     3.7832     3.8547   2.983550   2.987323     2.1745     2.5978      8.130     2.5231     7.8858 1.0715e-01     0.1088    97.3164     7.4185     7.5873    31.9693    31.9439    25.3966    25.3697    7.45115 0.0000e+00
      15649     43.584     3.8113     3.8600   2.985322   2.987613     2.1761     2.5986      8.132     2.5130     7.7279 1.0715e-01     0.1084    97.3251     7.4140     7.5849    31.9627    31.9422    25.3887    25.3678    7.44627 0.0000e+00
      15652     43.484     3.8402     3.8687   2.986659   2.988116     2.1769     2.6011      8.131     2.5231     7.7279 1.0715e-01     0.1081    97.3338     7.4048     7.5862    31.9503    31.9397    25.3762    25.3649    7.44155 0.0000e+00
      15655     43.383     3.8598     3.8753   2.987907   2.988467     2.1773     2.6019      8.131     2.3909     7.7279 1.0715e-01     0.1088    97.3164     7.3959     7.5804    31.9459    31.9374    25.3708    25.3625    7.43814 0.0000e+00
      15658     43.275     3.8702     3.8805   2.986841   2.988818     2.1777     2.6027      8.131     2.2281     7.7279 1.0727e-01     0.1081    97.3338     7.3886     7.5714    31.9232    31.9365    25.3518    25.3613    7.43735 0.0000e+00
      15661     43.166     3.7894     3.8849   2.981548   2.988335     2.1785     2.6023      8.132     2.2281     7.7279 1.0715e-01     0.1084    97.3251     7.4017     7.5609    31.9397    31.9266    25.3725    25.3531    7.45145 0.0000e+00
      15664     43.050     3.7481     3.8680   2.980452   2.987932     2.1785     2.6035      8.132     2.2281     7.7279 1.0715e-01     0.1081    97.3338     7.4040     7.5590    31.9672    31.9384    25.3983    25.3640    7.45774 0.0000e+00
      15667     42.934     3.7484     3.8950   2.981434   2.990823     2.1785     2.6035      8.132     2.2383     7.7279 1.0715e-01     0.1081    97.3338     7.3968     7.5447    31.9786    31.9462    25.4073    25.3676    7.45711 0.0000e+00
      15670     42.813     3.8342     3.9234   2.987733   2.992094     2.1794     2.6035      8.132     2.2484     3.5036 1.0715e-01     0.1060    97.3859     7.3770     7.5308    31.9692    31.9335    25.3917    25.3549    7.44172 0.0000e+00
      15673     42.693     3.9088     3.9404   2.991316   2.992704     2.1785     2.6039      8.131     2.2383    -0.0100 1.0715e-01     0.1056    97.3946     7.3555     7.5203    31.9386    31.9242    25.3603    25.3458    7.42948 0.0000e+00
      15676     42.569     3.9516     3.9537   2.993407   2.993474     2.1789     2.6044      8.131     2.2383     0.1084 1.0715e-01     0.1056    97.3946     7.3477     7.5113    31.9216    31.9203    25.3427    25.3415    7.42245 0.0000e+00
      15679     42.447     3.9792     3.9690   2.995142   2.994565     2.1789     2.6039      8.131     2.2281     0.1479 1.0715e-01     0.1056    97.3946     7.3410     7.5012    31.9152    31.9184    25.3349    25.3385    7.41770 0.0000e+00
      15682     42.321     4.0066     3.9866   2.997039   2.996132     2.1794     2.6035      8.131     2.1263     0.1479 1.0715e-01     0.1056    97.3946     7.3358     7.4916    31.9109    31.9197    25.3289    25.3378    7.41289 0.0000e+00
      15685     42.198     4.0349     4.0083   2.999007   2.997400     2.1802     2.6039      8.129     2.0958     0.0295 1.0715e-01     0.1056    97.3946     7.3328     7.4862    31.9065    31.9136    25.3226    25.3309    7.40792 0.0000e+00
      15688     42.076     4.0726     4.0346   3.001947   3.000169     2.1794     2.6035      8.131     2.0856     0.1479 1.0715e-01     0.1067    97.3685     7.3225     7.4774    31.9044    31.9206    25.3174    25.3339    7.40113 0.0000e+00
      15691     41.960     4.1344     4.0901   3.006697   3.006544     2.1802     2.6035      8.130     2.0754     0.1084 1.0715e-01     0.1088    97.3164     7.3121     7.4636    31.9002    31.9415    25.3079    25.3451    7.39007 0.0000e+00
      15694     41.844     4.2089     4.1819   3.011557   3.013188     2.1802     2.6035      8.130     2.0856     0.1479 1.0715e-01     0.1088    97.3164     7.2956     7.4434    31.8849    31.9301    25.2884    25.3271    7.37726 0.0000e+00
      15697     41.734     4.2571     4.2540   3.014019   3.015612     2.1806     2.6035      8.130     2.0754    -0.3258 1.0715e-01     0.1088    97.3164     7.2850     7.4272    31.8670    31.8885    25.2694    25.2868    7.36938 0.0000e+00
      15700     41.632     4.2878     4.2935   3.016199   3.017304     2.1814     2.6035      8.130     2.0754    -0.3653 1.0715e-01     0.1088    97.3164     7.2762     7.4186    31.8628    31.8701    25.2630    25.2683    7.36402 0.0000e+00
      15703     41.531     4.3245     4.3159   3.017831   3.017822     2.1802     2.6023      8.131     2.0754    -0.3258 1.0715e-01     0.1088    97.3164     7.2571     7.4112    31.8463    31.8545    25.2463    25.2537    7.35818 0.0000e+00
