Datasets/AZMP/HUD120/hud120_2020_078.cnv
* Sea-Bird SBE 9 Data File:
* FileName = C:\CTDDATA\hud120_2020_078.hex
* Software Version Seasave V 7.26.7.110
* Temperature SN = 1697
* Conductivity SN = 4216
* Number of Bytes Per Scan = 30
* Number of Voltage Words = 4
* Number of Scans Averaged by the Deck Unit = 1
* NMEA baud rate = 4800
** VESSEL/TRIP/SEQ STN:  hud120_2020_078
** LATITUDE XX XX.XX: 47 32.80 N
** LONGITUDE XX XX.XX: 052 35.20 W
** SOUNDING DEPTH (M): 0181
** PROBE TYPE: S1146
** CTD NUMBER: 057
** FORMAT: V
** COMMENTS (14 CHAR): S27-01
** BOTTLES:  10
** LEVELS: 5,10,20,30,40,50,75,100,150,BTM
** STICKERS: 439892 - 439901
** VNET: Y
** DO2: N
# nquan = 22
# nvalues = 3560                        
# units = specified
# name 0 = scan: Scan Count
# name 1 = prDM: Pressure, Digiquartz [db]
# name 2 = t090C: Temperature [ITS-90, deg C]
# name 3 = t190C: Temperature, 2 [ITS-90, deg C]
# name 4 = c0S/m: Conductivity [S/m]
# name 5 = c1S/m: Conductivity, 2 [S/m]
# name 6 = sbeox0V: Oxygen raw, SBE 43 [V]
# name 7 = sbeox1V: Oxygen raw, SBE 43, 2 [V]
# name 8 = ph: pH
# name 9 = flECO-AFL: Fluorescence, WET Labs ECO-AFL/FL [mg/m^3]
# name 10 = wetCDOM: Fluorescence, WET Labs CDOM [mg/m^3]
# name 11 = par/sat/log: PAR/Logarithmic, Satlantic [umol photons/m^2/sec]
# name 12 = CStarAt0: Beam Attenuation, WET Labs C-Star [1/m]
# name 13 = CStarTr0: Beam Transmission, WET Labs C-Star [%]
# name 14 = sbeox0ML/L: Oxygen, SBE 43 [ml/l], WS = 2
# name 15 = sbeox1ML/L: Oxygen, SBE 43, 2 [ml/l], WS = 2
# name 16 = sal00: Salinity, Practical [PSU]
# name 17 = sal11: Salinity, Practical, 2 [PSU]
# name 18 = sigma-t00: Density [sigma-t, kg/m^3 ]
# name 19 = sigma-t11: Density, 2 [sigma-t, kg/m^3 ]
# name 20 = oxsatML/L: Oxygen Saturation, Weiss [ml/l]
# name 21 = flag: flag
# span 0 =        122,      31944       
# span 1 =      2.280,    172.091       
# span 2 =    -0.4628,     4.3302       
# span 3 =    -0.4680,     4.3261       
# span 4 =   2.707451,   2.982500       
# span 5 =   2.706740,   2.982021       
# span 6 =     1.8869,     2.2059       
# span 7 =     2.2357,     2.6297       
# span 8 =      7.997,      8.149       
# span 9 =     1.0681,     6.0335       
# span 10 =    -2.8130,   482.1870      
# span 11 = 1.0641e-01, 3.6875e-01      
# span 12 =     0.1006,     0.3223      
# span 13 =    92.2575,    97.5163      
# span 14 =     6.9412,     7.6360      
# span 15 =     7.0674,     7.8412      
# span 16 =    31.4418,    33.1895      
# span 17 =    31.4404,    33.1887      
# span 18 =    24.9246,    26.6616      
# span 19 =    24.9239,    26.6613      
# span 20 =    7.37688,    8.25792      
# span 21 = 0.0000e+00, 0.0000e+00      
# interval = scans: 3                   
# start_time = Nov 26 2020 20:16:35 [System UTC, header]
# bad_flag = -9.990e-29
*END*
[from data line 2371]
      11718    100.375     1.2413     1.1946   2.822428   2.815349     2.0691     2.4705      8.059     1.5463   481.2790 1.0715e-01     0.1028    97.4641     7.4736     7.6200    32.5287    32.4873    26.0436    26.0133    7.91876 0.0000e+00
      11721    100.267     1.3980     1.2137   2.830748   2.818820     2.0691     2.4717      8.060     1.5362   481.2790 1.0715e-01     0.1028    97.4641     7.4333     7.6038    32.4716    32.5116    25.9878    26.0317    7.88960 0.0000e+00
      11724    100.168     1.4423     1.2990   2.832991   2.825259     2.0699     2.4717      8.059     1.5463   481.2395 1.0727e-01     0.1035    97.4468     7.4170     7.5733    32.4541    32.5048    25.9709    26.0208    7.88146 0.0000e+00
      11727    100.084     1.4786     1.3807   2.834756   2.829977     2.0703     2.4709      8.056     1.5362   481.2790 1.0715e-01     0.1035    97.4468     7.4058     7.5456    32.4390    32.4799    25.9564    25.9955    7.87486 0.0000e+00
      11730    100.011     1.4738     1.4151   2.834173   2.831680     2.0711     2.4701      8.059     1.5565   327.3897 1.0727e-01     0.1042    97.4294     7.4099     7.5327    32.4367    32.4658    25.9548    25.9821    7.87597 0.0000e+00
      11733     99.946     1.4698     1.4429   2.833962   2.832313     2.0707     2.4689      8.059     1.5463    -1.6681 1.0715e-01     0.1045    97.4207     7.4086     7.5201    32.4382    32.4451    25.9563    25.9636    7.87671 0.0000e+00
      11736     99.880     1.4583     1.4309   2.833744   2.831400     2.0707     2.4680      8.059     1.5870     6.7804 1.0715e-01     0.1035    97.4468     7.4106     7.5207    32.4473    32.4461    25.9644    25.9652    7.87857 0.0000e+00
      11739     99.808     1.4652     1.4743   2.833753   2.834072     2.0711     2.4668      8.059     1.6989     6.6620 1.0715e-01     0.1045    97.4207     7.4162     7.5144    32.4404    32.4350    25.9584    25.9534    7.87753 0.0000e+00
      11742     99.734     1.4449     1.4996   2.831993   2.835547     2.0707     2.4656      8.059     1.6888     6.6620 1.0715e-01     0.1038    97.4381     7.4228     7.5153    32.4391    32.4275    25.9587    25.9457    7.88174 0.0000e+00
      11745     99.660     1.4497     1.4923   2.833187   2.835358     2.0695     2.4656      8.059     1.6786     6.6620 1.0715e-01     0.1045    97.4207     7.4171     7.5282    32.4493    32.4327    25.9665    25.9504    7.88021 0.0000e+00
      11748     99.596     1.4724     1.4927   2.833618   2.835063     2.0691     2.4656      8.059     1.6786     6.6620 1.0715e-01     0.1045    97.4207     7.4173     7.5447    32.4313    32.4286    25.9506    25.9471    7.87654 0.0000e+00
      11751     99.542     1.4597     1.4815   2.832285   2.833978     2.0707     2.4668      8.059     1.6786     6.6620 1.0715e-01     0.1042    97.4294     7.4319     7.5670    32.4276    32.4265    25.9485    25.9461    7.87932 0.0000e+00
      11754     99.490     1.4520     1.4720   2.831915   2.832684     2.0715     2.4672      8.059     1.6786     6.6620 1.0715e-01     0.1045    97.4207     7.4407     7.5857    32.4310    32.4199    25.9517    25.9415    7.88073 0.0000e+00
      11757     99.443     1.4429     1.4373   2.831457   2.828695     2.0719     2.4672      8.059     1.6888   286.7658 1.0715e-01     0.1045    97.4207     7.4478     7.6081    32.4346    32.4055    25.9552    25.9322    7.88240 0.0000e+00
      11760     99.409     1.4216     1.4005   2.829646   2.825567     2.0723     2.4689      8.060     1.6888   481.5948 1.0727e-01     0.1045    97.4207     7.4571     7.6326    32.4338    32.4040    25.9559    25.9333    7.88679 0.0000e+00
      13838     99.308     1.4604     1.5057   2.832551   2.835372     2.0972     2.5039      8.090     1.6583   481.2395 1.0715e-01     0.1249    96.9252     7.5870     7.7609    32.4304    32.4193    25.9507    25.9387    7.87904 0.0000e+00
      13841     99.133     1.4729     1.5141   2.833498   2.835754     2.0989     2.5047      8.091     1.6583   481.2395 1.0715e-01     0.1245    96.9339     7.5856     7.7604    32.4295    32.4155    25.9491    25.9351    7.87653 0.0000e+00
      13844     98.957     1.4893     1.5216   2.834691   2.836248     2.0993     2.5047      8.093     1.6684   481.2790 1.0715e-01     0.1253    96.9165     7.5822     7.7589    32.4278    32.4140    25.9467    25.9335    7.87329 0.0000e+00
      13847     98.782     1.5152     1.5258   2.836326   2.836425     2.1005     2.5047      8.093     1.6583   481.2790 1.0715e-01     0.1156    97.1512     7.5789     7.7551    32.4218    32.4120    25.9401    25.9316    7.86832 0.0000e+00
      13850     98.609     1.5268     1.5306   2.836556   2.836705     2.1005     2.5051      8.091     1.6583   476.8573 1.0715e-01     0.1131    97.2121     7.5707     7.7519    32.4128    32.4107    25.9321    25.9302    7.86643 0.0000e+00
      13853     98.431     1.5253     1.5411   2.836367   2.837367     2.1009     2.5060      8.093     1.6481    65.1304 1.0715e-01     0.1131    97.2121     7.5625     7.7512    32.4120    32.4084    25.9316    25.9276    7.86677 0.0000e+00
      13856     98.250     1.5348     1.5513   2.837392   2.837785     2.1009     2.5064      8.093     1.6888    10.9257 1.0715e-01     0.1138    97.1947     7.5492     7.7458    32.4153    32.4032    25.9336    25.9228    7.86467 0.0000e+00
      13859     98.075     1.5510     1.5741   2.837898   2.839790     2.1005     2.5084      8.093     1.7091    13.3339 1.0715e-01     0.1138    97.1947     7.5377     7.7429    32.4050    32.4050    25.9243    25.9227    7.86192 0.0000e+00
      13862     97.906     1.5508     1.6203   2.838420   2.843110     2.1009     2.5084      8.093     1.6888    13.2944 1.0715e-01     0.1142    97.1860     7.5337     7.7287    32.4119    32.3993    25.9298    25.9151    7.86160 0.0000e+00
      13865     97.743     1.6024     1.6473   2.842525   2.844334     2.1009     2.5092      8.093     1.6989    13.2944 1.0715e-01     0.1142    97.1860     7.5175     7.7199    32.4105    32.3870    25.9253    25.9034    7.85118 0.0000e+00
      13868     97.586     1.6512     1.6668   2.844785   2.845377     2.1025     2.5100      8.092     1.6989    13.2944 1.0715e-01     0.1142    97.1860     7.5135     7.7126    32.3887    32.3802    25.9044    25.8966    7.84243 0.0000e+00
      13871     97.437     1.6560     1.6746   2.845332   2.846545     2.1017     2.5096      8.092     1.6786    13.2944 1.0715e-01     0.1142    97.1860     7.5099     7.7011    32.3908    32.3868    25.9058    25.9014    7.84136 0.0000e+00
      13874     97.296     1.7098     1.7372   2.850633   2.852619     2.1009     2.5105      8.092     1.6786    13.2944 1.0715e-01     0.1142    97.1860     7.4971     7.6835    32.4020    32.3987    25.9111    25.9066    7.82987 0.0000e+00
      13877     97.159     1.7621     1.7981   2.852940   2.855968     2.1009     2.5109      8.092     1.6989    93.5948 1.0715e-01     0.1142    97.1860     7.4879     7.6674    32.3773    32.3782    25.8877    25.8859    7.82063 0.0000e+00
      13880     97.032     1.7554     1.8126   2.852759   2.857596     2.1009     2.5100      8.092     1.6989   475.6335 1.0715e-01     0.1142    97.1860     7.4901     7.6545    32.3820    32.3838    25.8919    25.8894    7.82173 0.0000e+00
      13883     96.914     1.7833     1.8470   2.855211   2.860059     2.1013     2.5105      8.092     1.7091   481.3974 1.0715e-01     0.1142    97.1860     7.4899     7.6454    32.3841    32.3794    25.8917    25.8835    7.81599 0.0000e+00
      13886     96.802     1.7632     1.8496   2.854244   2.859488     2.1021     2.5100      8.092     1.7091   481.2395 1.0715e-01     0.1152    97.1599     7.5020     7.6460    32.3927    32.3696    25.9000    25.8754    7.81959 0.0000e+00
      13889     96.701     1.8144     1.8270   2.857746   2.857896     2.1025     2.5092      8.093     1.7193   481.2395 1.0715e-01     0.1163    97.1338     7.4964     7.6492    32.3841    32.3730    25.8895    25.8797    7.80974 0.0000e+00
      13892     96.608     1.8328     1.8280   2.858858   2.857955     2.1025     2.5096      8.092     1.7295   481.2395 1.0715e-01     0.1163    97.1338     7.4972     7.6535    32.3792    32.3727    25.8842    25.8794    7.80630 0.0000e+00
      13895     96.519     1.8483     1.8215   2.860462   2.856080     2.1038     2.5096      8.092     1.7295   481.2395 1.0715e-01     0.1163    97.1338     7.5055     7.6596    32.3833    32.3560    25.8865    25.8665    7.80297 0.0000e+00
      13898     96.443     1.8680     1.7396   2.861538   2.851274     2.1033     2.5113      8.094     1.7295   481.2395 1.0715e-01     0.1163    97.1338     7.5040     7.6867    32.3766    32.3799    25.8797    25.8913    7.79936 0.0000e+00
      13901     96.370     1.8628     1.7530   2.861022   2.852225     2.1029     2.5109      8.096     1.7091   481.2395 1.0715e-01     0.1163    97.1338     7.5018     7.6884    32.3755    32.3781    25.8792    25.8890    7.80046 0.0000e+00
      13904     96.303     1.8619     1.8197   2.861163   2.857163     2.1033     2.5109      8.096     1.7295   278.0804 1.0715e-01     0.1163    97.1338     7.5012     7.6790    32.3782    32.3715    25.8815    25.8791    7.80050 0.0000e+00
      13907     96.243     1.8670     1.8618   2.859630   2.859848     2.1050     2.5117      8.096     1.8109     3.4642 1.0715e-01     0.1174    97.1078     7.5064     7.6751    32.3539    32.3619    25.8616    25.8684    7.80075 0.0000e+00
      13910     96.186     1.8242     1.8669   2.852286   2.860630     2.1054     2.5133      8.096     1.9737    14.1630 1.0715e-01     0.1178    97.0991     7.5187     7.6814    32.3060    32.3666    25.8262    25.8717    7.81188 0.0000e+00
      13913     96.129     1.7778     1.8929   2.851757   2.862768     2.1050     2.5129      8.097     1.9635    13.6498 1.0715e-01     0.1174    97.1078     7.5241     7.6727    32.3469    32.3666    25.8622    25.8699    7.81905 0.0000e+00
      13916     96.077     1.7580     1.9154   2.851069   2.863468     2.1058     2.5133      8.097     1.9635    13.6498 1.0715e-01     0.1174    97.1078     7.5304     7.6684    32.3587    32.3523    25.8731    25.8569    7.82244 0.0000e+00
      13919     96.027     1.7708     1.8424   2.853876   2.857840     2.1062     2.5133      8.097     1.9737    13.6498 1.0715e-01     0.1174    97.1078     7.5266     7.6818    32.3807    32.3568    25.8898    25.8657    7.81869 0.0000e+00
      13922     95.976     1.7067     1.8226   2.848933   2.857958     2.1066     2.5145      8.097     1.9737    13.6498 1.0715e-01     0.1174    97.1078     7.5426     7.6871    32.3847    32.3787    25.8974    25.8846    7.83143 0.0000e+00
      13925     95.926     1.6705     1.8246   2.846226   2.857816     2.1058     2.5145      8.097     1.9635    13.6498 1.0715e-01     0.1178    97.0991     7.5462     7.6866    32.3879    32.3748    25.9025    25.8813    7.83857 0.0000e+00
      13928     95.877     1.6391     1.7689   2.844059   2.852747     2.1066     2.5145      8.097     1.9635    13.6498 1.0715e-01     0.1185    97.0817     7.5546     7.6950    32.3930    32.3686    25.9088    25.8803    7.84466 0.0000e+00
      13931     95.823     1.6137     1.6621   2.842453   2.846673     2.1066     2.5145      8.097     1.9635   341.1284 1.0715e-01     0.1192    97.0643     7.5582     7.7137    32.3990    32.4022    25.9153    25.9145    7.84949 0.0000e+00
      13934     95.767     1.6171     1.6850   2.842696   2.849982     2.1070     2.5145      8.097     1.8923   482.0291 1.0715e-01     0.1192    97.0643     7.5615     7.7084    32.3986    32.4202    25.9147    25.9274    7.84883 0.0000e+00
      13937     95.709     1.6230     1.7374   2.843400   2.851246     2.1074     2.5149      8.097     1.8720   480.9631 1.0715e-01     0.1192    97.0643     7.5668     7.7038    32.4013    32.3822    25.9165    25.8933    7.84748 0.0000e+00
      13940     95.648     1.6396     1.7038   2.844652   2.849386     2.1074     2.5157      8.097     1.8720   481.2395 1.0715e-01     0.1192    97.0643     7.5644     7.7150    32.4001    32.3935    25.9144    25.9047    7.84419 0.0000e+00
      13943     95.584     1.6553     1.7171   2.845366   2.849914     2.1078     2.5157      8.097     1.8618   481.2395 1.0715e-01     0.1188    97.0730     7.5671     7.7150    32.3929    32.3864    25.9076    25.8981    7.84138 0.0000e+00
      13946     95.517     1.6515     1.7525   2.844853   2.852053     2.1078     2.5161      8.097     1.8720   481.2395 1.0715e-01     0.1188    97.0730     7.5721     7.7132    32.3904    32.3770    25.9058    25.8881    7.84228 0.0000e+00
      13949     95.444     1.6454     1.7888   2.844491   2.854968     2.1094     2.5161      8.097     1.8821   481.2395 1.0715e-01     0.1174    97.1078     7.5816     7.7079    32.3921    32.3762    25.9076    25.8850    7.84342 0.0000e+00
      13952     95.369     1.6470     1.7931   2.845104   2.854620     2.1090     2.5157      8.097     1.8720   481.2395 1.0715e-01     0.1174    97.1078     7.5768     7.7061    32.3982    32.3674    25.9124    25.8777    7.84278 0.0000e+00
      13955     95.289     1.6851     1.7903   2.846967   2.855485     2.1090     2.5170      8.097     1.8720   459.0918 1.0715e-01     0.1170    97.1165     7.5681     7.7125    32.3825    32.3813    25.8972    25.8889    7.83589 0.0000e+00
      13958     95.208     1.7102     1.8318   2.848861   2.858901     2.1103     2.5182      8.097     1.8821    37.7715 1.0715e-01     0.1174    97.1078     7.5712     7.7086    32.3805    32.3814    25.8939    25.8861    7.83093 0.0000e+00
      13961     95.123     1.7168     1.8478   2.850201   2.859197     2.1107     2.5182      8.097     2.0347     4.5696 1.0715e-01     0.1174    97.1078     7.5712     7.7056    32.3906    32.3688    25.9015    25.8749    7.82906 0.0000e+00
      13964     95.033     1.7120     1.8384   2.849834   2.858829     2.1111     2.5186      8.097     2.0652     6.8988 1.0715e-01     0.1174    97.1078     7.5753     7.7126    32.3910    32.3739    25.9021    25.8796    7.83001 0.0000e+00
      13967     94.939     1.7142     1.8301   2.848940   2.859226     2.1119     2.5194      8.097     2.0551     6.7804 1.0715e-01     0.1185    97.0817     7.5790     7.7180    32.3776    32.3874    25.8913    25.8910    7.83028 0.0000e+00
      13970     94.843     1.6817     1.8350   2.847863   2.858004     2.1115     2.5206      8.097     2.0551     6.7804 1.0715e-01     0.1206    97.0295     7.5800     7.7219    32.3975    32.3672    25.9094    25.8745    7.83579 0.0000e+00
      13973     94.745     1.6686     1.8182   2.846628   2.855895     2.1115     2.5190      8.097     2.0449     6.7804 1.0715e-01     0.1199    97.0469     7.5782     7.7178    32.3956    32.3581    25.9088    25.8684    7.83855 0.0000e+00
      13976     94.644     1.6613     1.7920   2.846625   2.855628     2.1115     2.5198      8.097     2.0551     6.7804 1.0715e-01     0.1202    97.0382     7.5771     7.7208    32.4031    32.3817    25.9153    25.8891    7.83964 0.0000e+00
      13979     94.540     1.6807     1.8000   2.847634   2.855489     2.1123     2.5206      8.097     2.0754     6.7804 1.0715e-01     0.1206    97.0295     7.5717     7.7202    32.3959    32.3718    25.9082    25.8806    7.83609 0.0000e+00
      13982     94.434     1.7180     1.7832   2.851212   2.854497     2.1135     2.5210      8.099     2.0652     5.4776 1.0715e-01     0.1202    97.0382     7.5618     7.7220    32.4024    32.3766    25.9109    25.8857    7.82819 0.0000e+00
      13985     94.323     1.7579     1.7876   2.853241   2.854928     2.1135     2.5219      8.100     2.0144     1.3323 1.0715e-01     0.1202    97.0382     7.5508     7.7228    32.3869    32.3776    25.8957    25.8862    7.82096 0.0000e+00
