Datasets/AZMP/HUD120/hud120_2020_088.cnv
* Sea-Bird SBE 9 Data File:
* FileName = C:\CTDDATA\hud120_2020_088.hex
* Software Version Seasave V 7.26.7.110
* Temperature SN = 1697
* Conductivity SN = 4216
* Number of Bytes Per Scan = 30
* Number of Voltage Words = 4
* Number of Scans Averaged by the Deck Unit = 1
* NMEA baud rate = 4800
** VESSEL/TRIP/SEQ STN:  hud120_2020_088
** LATITUDE XX XX.XX: 48 50.00 N
** LONGITUDE XX XX.XX: 052 39.00 W
** SOUNDING DEPTH (M): 0256
** PROBE TYPE: S1146
** CTD NUMBER: 065
** FORMAT: V
** COMMENTS (14 CHAR): BB-03
** BOTTLES:  10
** LEVELS: 5,10,20,30,40,50,75,100,150,BTM
** STICKERS: 439946 - 439955
** VNET: Y
** DO2: N
# nquan = 22
# nvalues = 5818                        
# units = specified
# name 0 = scan: Scan Count
# name 1 = prDM: Pressure, Digiquartz [db]
# name 2 = t090C: Temperature [ITS-90, deg C]
# name 3 = t190C: Temperature, 2 [ITS-90, deg C]
# name 4 = c0S/m: Conductivity [S/m]
# name 5 = c1S/m: Conductivity, 2 [S/m]
# name 6 = sbeox0V: Oxygen raw, SBE 43 [V]
# name 7 = sbeox1V: Oxygen raw, SBE 43, 2 [V]
# name 8 = ph: pH
# name 9 = flECO-AFL: Fluorescence, WET Labs ECO-AFL/FL [mg/m^3]
# name 10 = wetCDOM: Fluorescence, WET Labs CDOM [mg/m^3]
# name 11 = par/sat/log: PAR/Logarithmic, Satlantic [umol photons/m^2/sec]
# name 12 = CStarAt0: Beam Attenuation, WET Labs C-Star [1/m]
# name 13 = CStarTr0: Beam Transmission, WET Labs C-Star [%]
# name 14 = sbeox0ML/L: Oxygen, SBE 43 [ml/l], WS = 2
# name 15 = sbeox1ML/L: Oxygen, SBE 43, 2 [ml/l], WS = 2
# name 16 = sal00: Salinity, Practical [PSU]
# name 17 = sal11: Salinity, Practical, 2 [PSU]
# name 18 = sigma-t00: Density [sigma-t, kg/m^3 ]
# name 19 = sigma-t11: Density, 2 [sigma-t, kg/m^3 ]
# name 20 = oxsatML/L: Oxygen Saturation, Weiss [ml/l]
# name 21 = flag: flag
# span 0 =         80,      37380       
# span 1 =      1.849,    243.997       
# span 2 =    -0.2838,     2.8490       
# span 3 =    -0.2885,     2.8443       
# span 4 =   2.735519,   2.889175       
# span 5 =   2.735084,   2.888631       
# span 6 =     1.8797,     2.1966       
# span 7 =     2.2229,     2.6206       
# span 8 =      8.050,      8.170       
# span 9 =     0.9155,     3.9273       
# span 10 =    -2.8130,   482.1870      
# span 11 = 1.0690e-01, 2.7422e-01      
# span 12 =     0.0874,     0.3219      
# span 13 =    92.2662,    97.8379      
# span 14 =     6.7383,     7.7230      
# span 15 =     6.8684,     7.9358      
# span 16 =    31.7644,    33.6042      
# span 17 =    31.7637,    33.6022      
# span 18 =    25.3197,    26.9489      
# span 19 =    25.3194,    26.9476      
# span 20 =    7.63743,    8.21642      
# span 21 = 0.0000e+00, 0.0000e+00      
# interval = scans: 3                   
# start_time = Nov 27 2020 23:45:11 [System UTC, header]
# bad_flag = -9.990e-29
*END*
[from data line 4939]
      26080     49.613     2.0382     2.0328   2.846316   2.845796     2.1716     2.5870      8.158     3.4185   481.2395 1.0715e-01     0.1404    96.5515     7.6934     7.8565    32.0393    32.0383    25.5974    25.5970    7.78299 0.0000e+00
      26083     49.563     2.0381     2.0327   2.846336   2.845798     2.1712     2.5866      8.158     3.4185   481.2395 1.0715e-01     0.1400    96.5602     7.6904     7.8533    32.0396    32.0384    25.5977    25.5972    7.78299 0.0000e+00
      26086     49.514     2.0385     2.0328   2.846328   2.845820     2.1716     2.5870      8.158     3.4083   481.2395 1.0715e-01     0.1407    96.5428     7.6933     7.8535    32.0391    32.0387    25.5973    25.5973    7.78293 0.0000e+00
      26089     49.470     2.0387     2.0330   2.846308   2.845821     2.1716     2.5870      8.158     3.4185   481.2790 1.0715e-01     0.1400    96.5602     7.6937     7.8521    32.0387    32.0385    25.5969    25.5972    7.78291 0.0000e+00
      26092     49.431     2.0388     2.0332   2.846346   2.845825     2.1716     2.5870      8.158     3.4999   481.2395 1.0715e-01     0.1411    96.5341     7.6942     7.8523    32.0391    32.0384    25.5973    25.5971    7.78287 0.0000e+00
      26095     49.395     2.0393     2.0332   2.846352   2.845815     2.1716     2.5870      8.158     3.9069   481.3184 1.0715e-01     0.1407    96.5428     7.6967     7.8546    32.0387    32.0382    25.5969    25.5970    7.78280 0.0000e+00
      26098     49.357     2.0397     2.0327   2.846385   2.845783     2.1716     2.5870      8.158     3.9273   481.2395 1.0715e-01     0.1411    96.5341     7.6972     7.8523    32.0387    32.0384    25.5969    25.5971    7.78271 0.0000e+00
      26101     49.322     2.0402     2.0327   2.846407   2.845796     2.1720     2.5874      8.158     3.9069   481.2790 1.0715e-01     0.1411    96.5341     7.6995     7.8545    32.0385    32.0386    25.5967    25.5972    7.78263 0.0000e+00
      26104     49.287     2.0407     2.0327   2.846449   2.845804     2.1716     2.5870      8.158     3.9171   481.2790 1.0715e-01     0.1407    96.5428     7.6958     7.8531    32.0386    32.0387    25.5967    25.5973    7.78253 0.0000e+00
      26107     49.253     2.0409     2.0328   2.846459   2.845798     2.1716     2.5870      8.158     3.9069   481.3184 1.0715e-01     0.1407    96.5428     7.6969     7.8526    32.0385    32.0385    25.5966    25.5972    7.78250 0.0000e+00
      26110     49.223     2.0410     2.0327   2.846432   2.845781     2.1720     2.5870      8.158     3.9069   481.2395 1.0715e-01     0.1411    96.5341     7.7005     7.8534    32.0381    32.0384    25.5963    25.5971    7.78250 0.0000e+00
      26113     49.196     2.0412     2.0331   2.846448   2.845817     2.1720     2.5870      8.158     3.9273   160.2354 1.0715e-01     0.1400    96.5602     7.7009     7.8537    32.0381    32.0384    25.5963    25.5971    7.78245 0.0000e+00
      26116     49.165     2.0414     2.0333   2.846461   2.845814     2.1716     2.5878      8.158     3.9069     8.9912 1.0715e-01     0.1389    96.5862     7.6988     7.8551    32.0380    32.0382    25.5962    25.5969    7.78241 0.0000e+00
      26119     49.136     2.0419     2.0339   2.846490   2.845847     2.1720     2.5878      8.158     3.7340    15.4658 1.0715e-01     0.1389    96.5862     7.7013     7.8552    32.0380    32.0380    25.5961    25.5967    7.78233 0.0000e+00
      26122     49.109     2.0424     2.0339   2.846512   2.845837     2.1716     2.5870      8.158     3.4593    15.1894 1.0715e-01     0.1393    96.5775     7.7051     7.8532    32.0377    32.0379    25.5959    25.5967    7.78223 0.0000e+00
      26125     49.084     2.0430     2.0341   2.846535   2.845853     2.1704     2.5878      8.158     3.4593    15.1894 1.0715e-01     0.1396    96.5689     7.7070     7.8570    32.0374    32.0379    25.5956    25.5966    7.78213 0.0000e+00
      26128     49.061     2.0432     2.0344   2.846546   2.845872     2.1716     2.5874      8.158     3.4491    15.1894 1.0715e-01     0.1393    96.5775     7.7161     7.8567    32.0374    32.0379    25.5956    25.5966    7.78210 0.0000e+00
      26131     49.036     2.0431     2.0345   2.846566   2.845872     2.1725     2.5874      8.158     3.4491    15.1894 1.0715e-01     0.1396    96.5689     7.7184     7.8591    32.0377    32.0378    25.5958    25.5965    7.78209 0.0000e+00
      26134     49.013     2.0444     2.0349   2.846609   2.845881     2.1725     2.5882      8.158     3.4593    15.1894 1.0715e-01     0.1407    96.5428     7.7165     7.8616    32.0369    32.0376    25.5951    25.5963    7.78187 0.0000e+00
      26137     48.988     2.0452     2.0351   2.846639   2.845902     2.1716     2.5874      8.158     3.4593    30.1914 1.0715e-01     0.1411    96.5341     7.7114     7.8562    32.0365    32.0376    25.5947    25.5963    7.78174 0.0000e+00
      26140     48.958     2.0453     2.0356   2.846652   2.845924     2.1720     2.5870      8.158     3.4491   439.0364 1.0715e-01     0.1411    96.5341     7.7083     7.8536    32.0366    32.0374    25.5948    25.5961    7.78171 0.0000e+00
      26143     48.928     2.0462     2.0358   2.846696   2.845930     2.1725     2.5882      8.158     3.4593   481.1606 1.0715e-01     0.1411    96.5341     7.7076     7.8610    32.0363    32.0372    25.5945    25.5960    7.78155 0.0000e+00
      26146     48.896     2.0476     2.0360   2.846750   2.845949     2.1749     2.5882      8.158     3.4593   481.0421 1.0715e-01     0.1411    96.5341     7.7161     7.8609    32.0355    32.0373    25.5937    25.5960    7.78130 0.0000e+00
      26149     48.865     2.0477     2.0381   2.846743   2.846055     2.1745     2.5882      8.158     3.4898   481.2395 1.0715e-01     0.1411    96.5341     7.7068     7.8592    32.0353    32.0366    25.5936    25.5953    7.78129 0.0000e+00
      26152     48.833     2.0480     2.0382   2.846765   2.846003     2.1733     2.5886      8.158     3.4694   481.2395 1.0715e-01     0.1407    96.5428     7.6933     7.8596    32.0353    32.0358    25.5936    25.5947    7.78124 0.0000e+00
      26155     48.799     2.0485     2.0372   2.846798   2.845995     2.1720     2.5894      8.158     3.4694   481.2395 1.0715e-01     0.1382    96.6036     7.6850     7.8601    32.0353    32.0367    25.5935    25.5955    7.78114 0.0000e+00
      26158     48.764     2.0488     2.0400   2.846781   2.846154     2.1725     2.5878      8.158     3.4694   481.2395 1.0715e-01     0.1389    96.5862     7.6863     7.8529    32.0348    32.0359    25.5930    25.5946    7.78110 0.0000e+00
      26161     48.730     2.0490     2.0422   2.846776   2.846219     2.1720     2.5878      8.158     3.4898   481.2395 1.0715e-01     0.1382    96.6036     7.6816     7.8506    32.0345    32.0345    25.5929    25.5933    7.78109 0.0000e+00
      26164     48.689     2.0483     2.0433   2.846740   2.846262     2.1712     2.5882      8.158     3.4898   381.0417 1.0715e-01     0.1389    96.5862     7.6743     7.8485    32.0348    32.0339    25.5931    25.5928    7.78120 0.0000e+00
      26167     48.651     2.0486     2.0434   2.846781   2.846266     2.1724     2.5894      8.158     3.4796     6.9778 1.0715e-01     0.1379    96.6123     7.6772     7.8508    32.0350    32.0339    25.5933    25.5928    7.78113 0.0000e+00
      26170     48.610     2.0489     2.0432   2.846774   2.846240     2.1716     2.5882      8.158     3.4796    14.4788 1.0715e-01     0.1382    96.6036     7.6753     7.8445    32.0347    32.0338    25.5930    25.5927    7.78110 0.0000e+00
      26173     48.567     2.0486     2.0428   2.846784   2.846222     2.1708     2.5882      8.158     3.4287    14.1235 1.0715e-01     0.1382    96.6036     7.6812     7.8442    32.0351    32.0340    25.5933    25.5929    7.78112 0.0000e+00
      26176     48.522     2.0492     2.0433   2.846783   2.846258     2.1716     2.5882      8.158     3.4185    14.1235 1.0727e-01     0.1368    96.6384     7.6904     7.8434    32.0346    32.0339    25.5929    25.5928    7.78105 0.0000e+00
      26179     48.473     2.0494     2.0436   2.846793   2.846248     2.1720     2.5878      8.158     3.4185    14.1630 1.0715e-01     0.1368    96.6384     7.6962     7.8437    32.0344    32.0335    25.5927    25.5925    7.78100 0.0000e+00
      26182     48.424     2.0489     2.0434   2.846800   2.846245     2.1716     2.5882      8.158     3.4185    14.1235 1.0727e-01     0.1368    96.6384     7.6950     7.8464    32.0351    32.0337    25.5933    25.5926    7.78108 0.0000e+00
      26185     48.370     2.0503     2.0431   2.846847   2.846266     2.1716     2.5874      8.158     3.4083    14.1235 1.0715e-01     0.1368    96.6384     7.6985     7.8426    32.0343    32.0344    25.5925    25.5932    7.78083 0.0000e+00
      26188     48.316     2.0512     2.0445   2.846901   2.846302     2.1716     2.5882      8.158     3.4185    14.1235 1.0715e-01     0.1368    96.6384     7.6987     7.8455    32.0340    32.0334    25.5923    25.5923    7.78066 0.0000e+00
      26191     48.262     2.0515     2.0451   2.846850   2.846315     2.1716     2.5882      8.158     3.4185   239.9436 1.0715e-01     0.1368    96.6384     7.6983     7.8453    32.0332    32.0330    25.5916    25.5919    7.78066 0.0000e+00
      26194     48.208     2.0530     2.0451   2.846917   2.846318     2.1720     2.5874      8.158     3.4287   482.1870 1.0715e-01     0.1386    96.5949     7.7032     7.8454    32.0325    32.0331    25.5909    25.5920    7.78038 0.0000e+00
      26197     48.154     2.0532     2.0458   2.846925   2.846366     2.1720     2.5882      8.158     3.3778   481.0816 1.0715e-01     0.1386    96.5949     7.7061     7.8486    32.0324    32.0330    25.5908    25.5919    7.78035 0.0000e+00
      26200     48.095     2.0536     2.0458   2.846973   2.846364     2.1716     2.5878      8.158     3.3066   481.2395 1.0715e-01     0.1389    96.5862     7.7041     7.8463    32.0326    32.0330    25.5910    25.5919    7.78026 0.0000e+00
      26203     48.039     2.0547     2.0459   2.846981   2.846382     2.1720     2.5882      8.158     3.3066   481.2395 1.0715e-01     0.1389    96.5862     7.7063     7.8493    32.0317    32.0332    25.5902    25.5920    7.78010 0.0000e+00
      26206     47.978     2.0530     2.0482   2.846888   2.846432     2.1720     2.5878      8.158     3.2862   481.2395 1.0715e-01     0.1389    96.5862     7.7077     7.8487    32.0323    32.0315    25.5907    25.5905    7.78040 0.0000e+00
      26209     47.917     2.0541     2.0482   2.847001   2.846454     2.1725     2.5882      8.158     3.3066   481.2395 1.0715e-01     0.1389    96.5862     7.7088     7.8503    32.0326    32.0318    25.5910    25.5907    7.78017 0.0000e+00
      26212     47.856     2.0546     2.0479   2.846964   2.846444     2.1720     2.5882      8.158     3.2964   481.2790 1.0715e-01     0.1389    96.5862     7.7065     7.8487    32.0317    32.0320    25.5902    25.5909    7.78012 0.0000e+00
      26215     47.793     2.0534     2.0483   2.846927   2.846444     2.1720     2.5874      8.158     3.3066   481.2395 1.0715e-01     0.1389    96.5862     7.7048     7.8438    32.0325    32.0317    25.5909    25.5906    7.78031 0.0000e+00
      26218     47.731     2.0537     2.0507   2.846929   2.846550     2.1725     2.5886      8.160     3.2964   120.9143 1.0715e-01     0.1389    96.5862     7.7021     7.8471    32.0322    32.0305    25.5906    25.5896    7.78026 0.0000e+00
      26221     47.670     2.0548     2.0518   2.846978   2.846598     2.1737     2.5874      8.158     3.3168     8.7149 1.0715e-01     0.1389    96.5862     7.7056     7.8417    32.0318    32.0301    25.5902    25.5891    7.78008 0.0000e+00
      26224     47.607     2.0542     2.0513   2.846954   2.846572     2.1725     2.5878      8.158     3.2557    13.5313 1.0715e-01     0.1393    96.5775     7.6974     7.8414    32.0321    32.0302    25.5906    25.5893    7.78018 0.0000e+00
      26227     47.543     2.0540     2.0517   2.846952   2.846572     2.1729     2.5886      8.160     3.2354    13.3734 1.0715e-01     0.1389    96.5862     7.6970     7.8424    32.0323    32.0299    25.5908    25.5889    7.78021 0.0000e+00
      26230     47.481     2.0541     2.0513   2.846949   2.846587     2.1725     2.5882      8.158     3.2456    13.4129 1.0715e-01     0.1389    96.5862     7.6946     7.8395    32.0322    32.0305    25.5906    25.5894    7.78019 0.0000e+00
      26233     47.419     2.0540     2.0523   2.846978   2.846595     2.1729     2.5882      8.158     3.2456    13.4129 1.0715e-01     0.1393    96.5775     7.6985     7.8383    32.0327    32.0296    25.5910    25.5887    7.78017 0.0000e+00
      26236     47.358     2.0560     2.0522   2.847047   2.846571     2.1729     2.5874      8.158     3.2354    13.3734 1.0715e-01     0.1379    96.6123     7.6969     7.8354    32.0315    32.0295    25.5900    25.5886    7.77984 0.0000e+00
      26239     47.301     2.0568     2.0517   2.847073   2.846551     2.1720     2.5870      8.158     3.2354    13.3339 1.0715e-01     0.1382    96.6036     7.6927     7.8336    32.0310    32.0298    25.5895    25.5888    7.77970 0.0000e+00
      26242     47.241     2.0578     2.0511   2.847131   2.846519     2.1716     2.5882      8.158     3.2557    50.6811 1.0715e-01     0.1386    96.5949     7.6913     7.8366    32.0309    32.0300    25.5893    25.5891    7.77952 0.0000e+00
      26245     47.181     2.0579     2.0504   2.847082   2.846498     2.1720     2.5874      8.158     3.2456   455.8940 1.0715e-01     0.1382    96.6036     7.6967     7.8344    32.0302    32.0305    25.5888    25.5895    7.77954 0.0000e+00
      26248     47.121     2.0592     2.0510   2.847141   2.846534     2.1720     2.5870      8.158     3.2557   481.4764 1.0715e-01     0.1379    96.6123     7.6959     7.8307    32.0296    32.0304    25.5882    25.5894    7.77930 0.0000e+00
      26251     47.065     2.0600     2.0515   2.847126   2.846510     2.1720     2.5870      8.158     3.2252   481.1211 1.0715e-01     0.1386    96.5949     7.6933     7.8315    32.0286    32.0296    25.5873    25.5887    7.77919 0.0000e+00
      26254     47.010     2.0587     2.0513   2.847161   2.846517     2.1733     2.5870      8.158     3.2049   481.2395 1.0715e-01     0.1386    96.5949     7.7003     7.8331    32.0304    32.0299    25.5888    25.5890    7.77936 0.0000e+00
      26257     46.954     2.0607     2.0508   2.847214   2.846468     2.1733     2.5870      8.158     3.2151   481.2395 1.0715e-01     0.1386    96.5949     7.7007     7.8363    32.0291    32.0299    25.5877    25.5890    7.77904 0.0000e+00
      26260     46.900     2.0613     2.0507   2.847212   2.846506     2.1720     2.5874      8.158     3.2252   481.2395 1.0715e-01     0.1386    96.5949     7.6972     7.8378    32.0285    32.0304    25.5871    25.5894    7.77894 0.0000e+00
      26263     46.845     2.0660     2.0536   2.847467   2.846667     2.1733     2.5870      8.158     3.2354   481.2395 1.0715e-01     0.1386    96.5949     7.7027     7.8350    32.0270    32.0296    25.5856    25.5886    7.77809 0.0000e+00
      26266     46.791     2.0670     2.0547   2.847494   2.846694     2.1733     2.5866      8.158     3.2252   481.2395 1.0715e-01     0.1382    96.6036     7.7013     7.8344    32.0263    32.0288    25.5850    25.5879    7.77792 0.0000e+00
      26269     46.737     2.0704     2.0531   2.847677   2.846572     2.1729     2.5866      8.158     3.2252   481.2395 1.0715e-01     0.1386    96.5949     7.6954     7.8392    32.0252    32.0289    25.5838    25.5880    7.77731 0.0000e+00
      26272     46.684     2.0713     2.0529   2.847645   2.846591     2.1716     2.5870      8.158     3.2151   481.2395 1.0727e-01     0.1382    96.6036     7.6886     7.8397    32.0239    32.0294    25.5828    25.5884    7.77719 0.0000e+00
