Datasets/AZMP/HUD120/hud120_2020_076.cnv
* Sea-Bird SBE 9 Data File:
* FileName = C:\CTDDATA\hud120_2020_076.hex
* Software Version Seasave V 7.26.7.110
* Temperature SN = 1697
* Conductivity SN = 4216
* Number of Bytes Per Scan = 30
* Number of Voltage Words = 4
* Number of Scans Averaged by the Deck Unit = 1
* NMEA baud rate = 4800
** VESSEL/TRIP/SEQ STN:  hud120_2020_076
** LATITUDE XX XX.XX: 47 00.00 N
** LONGITUDE XX XX.XX: 051 29.10 W
** SOUNDING DEPTH (M): 0102
** PROBE TYPE: S1146
** CTD NUMBER: 055
** FORMAT: V
** COMMENTS (14 CHAR): FC-06
** BOTTLES:  8
** LEVELS: 5,10,20,30,40,50,75,BTM
** STICKERS: 439875 - 439882
** VNET: Y
** DO2: Y
# nquan = 22
# nvalues = 2122                        
# units = specified
# name 0 = scan: Scan Count
# name 1 = prDM: Pressure, Digiquartz [db]
# name 2 = t090C: Temperature [ITS-90, deg C]
# name 3 = t190C: Temperature, 2 [ITS-90, deg C]
# name 4 = c0S/m: Conductivity [S/m]
# name 5 = c1S/m: Conductivity, 2 [S/m]
# name 6 = sbeox0V: Oxygen raw, SBE 43 [V]
# name 7 = sbeox1V: Oxygen raw, SBE 43, 2 [V]
# name 8 = ph: pH
# name 9 = flECO-AFL: Fluorescence, WET Labs ECO-AFL/FL [mg/m^3]
# name 10 = wetCDOM: Fluorescence, WET Labs CDOM [mg/m^3]
# name 11 = par/sat/log: PAR/Logarithmic, Satlantic [umol photons/m^2/sec]
# name 12 = CStarAt0: Beam Attenuation, WET Labs C-Star [1/m]
# name 13 = CStarTr0: Beam Transmission, WET Labs C-Star [%]
# name 14 = sbeox0ML/L: Oxygen, SBE 43 [ml/l], WS = 2
# name 15 = sbeox1ML/L: Oxygen, SBE 43, 2 [ml/l], WS = 2
# name 16 = sal00: Salinity, Practical [PSU]
# name 17 = sal11: Salinity, Practical, 2 [PSU]
# name 18 = sigma-t00: Density [sigma-t, kg/m^3 ]
# name 19 = sigma-t11: Density, 2 [sigma-t, kg/m^3 ]
# name 20 = oxsatML/L: Oxygen Saturation, Weiss [ml/l]
# name 21 = flag: flag
# span 0 =         51,      29415       
# span 1 =      0.449,     96.953       
# span 2 =    -0.1148,     4.8056       
# span 3 =    -0.1301,     4.8010       
# span 4 =   1.122215,   3.056235       
# span 5 =   0.979551,   3.055825       
# span 6 =     1.7550,     2.2257       
# span 7 =     2.0725,     2.6275       
# span 8 =      7.894,      8.147       
# span 9 =     1.1394,     3.8967       
# span 10 =    -2.8130,   482.1870      
# span 11 = 1.0519e-01, 9.4490e-01      
# span 12 =     0.1210,     0.5503      
# span 13 =    87.1464,    97.0208      
# span 14 =     5.7093,     7.4359      
# span 15 =     5.8336,     7.4092      
# span 16 =    10.7032,    33.0397      
# span 17 =     9.2452,    33.0496      
# span 18 =     8.4755,    26.5290      
# span 19 =     7.3219,    26.5379      
# span 20 =    7.27356,    8.37358      
# span 21 = 0.0000e+00, 0.0000e+00      
# interval = scans: 3                   
# start_time = Nov 26 2020 07:41:08 [System UTC, header]
# bad_flag = -9.990e-29
*END*
[from data line 2042]
      26617      6.725     4.7409     4.7396   3.044889   3.044611     2.1956     2.6234      8.144     2.8589    10.9652 1.0715e-01     0.1278    96.8557     7.2150     7.3844    31.7767    31.7748    25.1483    25.1469    7.28690 0.0000e+00
      26620      6.678     4.7404     4.7393   3.044815   3.044622     2.1956     2.6230      8.145     2.8589    10.9257 1.0715e-01     0.1278    96.8557     7.2160     7.3842    31.7764    31.7752    25.1480    25.1473    7.28700 0.0000e+00
      26623      6.633     4.7391     4.7392   3.044534   3.044601     2.1956     2.6226      8.145     2.8488    11.0046 1.0715e-01     0.1278    96.8557     7.2157     7.3832    31.7744    31.7751    25.1466    25.1472    7.28733 0.0000e+00
      26626      6.585     4.7340     4.7382   3.044129   3.044534     2.1960     2.6238      8.145     2.8488    11.0046 1.0715e-01     0.1282    96.8470     7.2184     7.3885    31.7746    31.7753    25.1474    25.1475    7.28823 0.0000e+00
      26629      6.535     4.7304     4.7382   3.043839   3.044476     2.1956     2.6234      8.145     2.8488    10.9257 1.0715e-01     0.1282    96.8470     7.2180     7.3867    31.7747    31.7747    25.1478    25.1469    7.28886 0.0000e+00
      26632      6.485     4.7303     4.7339   3.043945   3.044009     2.1964     2.6230      8.144     2.8386    11.0046 1.0715e-01     0.1275    96.8644     7.2187     7.3855    31.7762    31.7734    25.1490    25.1464    7.28882 0.0000e+00
      26635      6.434     4.7326     4.7319   3.044073   3.043887     2.1964     2.6230      8.147     2.8488   338.0885 1.0715e-01     0.1275    96.8644     7.2193     7.3844    31.7755    31.7739    25.1481    25.1470    7.28845 0.0000e+00
      26638      6.380     4.7333     4.7340   3.044209   3.044113     2.1968     2.6234      8.147     2.8488   482.0291 1.0715e-01     0.1275    96.8644     7.2237     7.3860    31.7763    31.7746    25.1488    25.1473    7.28827 0.0000e+00
      26641      6.323     4.7372     4.7324   3.044733   3.044049     2.1960     2.6230      8.144     2.8386   480.9631 1.0715e-01     0.1275    96.8644     7.2193     7.3868    31.7787    31.7754    25.1503    25.1481    7.28747 0.0000e+00
      26644      6.261     4.7420     4.7364   3.045021   3.044523     2.1972     2.6238      8.145     2.8284   481.2790 1.0715e-01     0.1271    96.8731     7.2230     7.3891    31.7774    31.7770    25.1487    25.1490    7.28667 0.0000e+00
      26647      6.201     4.7445     4.7431   3.045360   3.045041     2.1956     2.6230      8.147     2.8182   481.2790 1.0715e-01     0.1271    96.8731     7.2119     7.3854    31.7790    31.7766    25.1497    25.1480    7.28616 0.0000e+00
      26650      6.141     4.7475     4.7432   3.045520   3.044956     2.1968     2.6230      8.145     2.8182   481.2790 1.0715e-01     0.1285    96.8383     7.2132     7.3857    31.7780    31.7756    25.1486    25.1472    7.28567 0.0000e+00
      26653      6.079     4.7487     4.7422   3.045584   3.044872     2.1960     2.6230      8.147     2.8182   481.3184 1.0715e-01     0.1292    96.8209     7.2084     7.3864    31.7776    31.7756    25.1482    25.1473    7.28548 0.0000e+00
      26656      6.018     4.7483     4.7421   3.045489   3.044844     2.1956     2.6230      8.144     2.7978   481.2790 1.0715e-01     0.1289    96.8296     7.2041     7.3865    31.7769    31.7754    25.1477    25.1471    7.28558 0.0000e+00
      26659      5.960     4.7467     4.7409   3.045334   3.044740     2.1964     2.6226      8.145     2.8080   481.2790 1.0715e-01     0.1285    96.8383     7.2070     7.3854    31.7767    31.7754    25.1477    25.1472    7.28588 0.0000e+00
      26662      5.902     4.7449     4.7401   3.045162   3.044663     2.1968     2.6238      8.142     2.8284   481.2790 1.0727e-01     0.1292    96.8209     7.2095     7.3886    31.7764    31.7753    25.1476    25.1473    7.28620 0.0000e+00
      26665      5.844     4.7432     4.7390   3.045019   3.044538     2.1968     2.6238      8.145     2.8284   481.3579 1.0715e-01     0.1289    96.8296     7.2095     7.3880    31.7765    31.7749    25.1479    25.1471    7.28651 0.0000e+00
      26668      5.789     4.7419     4.7367   3.044916   3.044326     2.1964     2.6234      8.144     2.7572   481.3184 1.0715e-01     0.1289    96.8296     7.2095     7.3875    31.7765    31.7747    25.1480    25.1472    7.28673 0.0000e+00
      26671      5.739     4.7409     4.7355   3.044827   3.044219     2.1952     2.6242      8.147     2.7572   481.3579 1.0715e-01     0.1282    96.8470     7.2071     7.3932    31.7765    31.7747    25.1481    25.1472    7.28691 0.0000e+00
      26674      5.690     4.7403     4.7354   3.044786   3.044208     2.1956     2.6234      8.145     2.7673   481.3184 1.2932e-01     0.1275    96.8644     7.2094     7.3890    31.7766    31.7747    25.1483    25.1473    7.28701 0.0000e+00
      26677      5.643     4.7396     4.7355   3.044744   3.044263     2.1960     2.6234      8.147     2.7673   481.3579 1.5447e-01     0.1275    96.8644     7.2136     7.3880    31.7768    31.7752    25.1485    25.1477    7.28713 0.0000e+00
      26680      5.599     4.7401     4.7354   3.044776   3.044250     2.1956     2.6234      8.145     2.7572   481.3579 1.0666e-01     0.1271    96.8731     7.2112     7.3877    31.7768    31.7752    25.1484    25.1477    7.28705 0.0000e+00
      26683      5.559     4.7411     4.7357   3.044953   3.044264     2.1960     2.6234      8.145     2.7775   481.3579 1.0715e-01     0.1271    96.8731     7.2138     7.3854    31.7779    31.7751    25.1492    25.1476    7.28682 0.0000e+00
      26686      5.523     4.7430     4.7356   3.045080   3.044261     2.1956     2.6230      8.145     2.7572   370.6192 1.0715e-01     0.1275    96.8644     7.2136     7.3836    31.7776    31.7752    25.1487    25.1476    7.28650 0.0000e+00
      26689      5.494     4.7425     4.7356   3.044996   3.044295     2.1960     2.6230      8.144     2.7572    -0.8390 1.0715e-01     0.1275    96.8644     7.2163     7.3838    31.7770    31.7756    25.1483    25.1479    7.28660 0.0000e+00
      26797      5.465     4.7406     4.7399   3.044875   3.044556     2.1964     2.6218      8.144     3.0828    -0.7996 1.0715e-01     0.1267    96.8818     7.2143     7.3689    31.7775    31.7745    25.1489    25.1466    7.28692 0.0000e+00
      26800      5.423     4.7417     4.7394   3.044880   3.044551     2.1968     2.6206      8.144     2.9709    -0.7996 1.0715e-01     0.1271    96.8731     7.2163     7.3639    31.7765    31.7749    25.1480    25.1470    7.28677 0.0000e+00
      26803      5.376     4.7402     4.7367   3.044704   3.044238     2.1968     2.6214      8.144     2.9709    -0.7996 1.0715e-01     0.1271    96.8731     7.2177     7.3678    31.7759    31.7740    25.1477    25.1465    7.28706 0.0000e+00
      26806      5.329     4.7398     4.7346   3.044780   3.044115     2.1968     2.6206      8.145     2.9709    -0.7996 1.0715e-01     0.1271    96.8731     7.2180     7.3654    31.7772    31.7745    25.1488    25.1472    7.28707 0.0000e+00
      26809      5.282     4.7397     4.7357   3.044684   3.044309     2.1960     2.6206      8.142     2.9810    -0.7996 1.0715e-01     0.1271    96.8731     7.2171     7.3650    31.7763    31.7757    25.1480    25.1481    7.28715 0.0000e+00
      26812      5.240     4.7395     4.7376   3.044670   3.044480     2.1968     2.6214      8.145     2.9607    -0.7996 1.6120e-01     0.1282    96.8470     7.2206     7.3669    31.7763    31.7759    25.1481    25.1480    7.28717 0.0000e+00
      26815      5.197     4.7385     4.7358   3.044601   3.044218     2.1960     2.6218      8.145     2.9810    -0.7996 1.3880e-01     0.1299    96.8035     7.2170     7.3686    31.7765    31.7746    25.1483    25.1472    7.28734 0.0000e+00
      26818      5.156     4.7382     4.7351   3.044558   3.044291     2.1964     2.6206      8.145     2.9607     1.2533 1.0617e-01     0.1292    96.8209     7.2183     7.3642    31.7763    31.7762    25.1482    25.1485    7.28740 0.0000e+00
      26821      5.119     4.7370     4.7379   3.044450   3.044450     2.1968     2.6197      8.147     2.9709     2.5562 1.0880e-01     0.1292    96.8209     7.2192     7.3609    31.7762    31.7753    25.1483    25.1475    7.28762 0.0000e+00
      26824      5.089     4.7370     4.7385   3.044427   3.044468     2.1972     2.6197      8.145     2.9403     2.5167 1.5332e-01     0.1296    96.8122     7.2207     7.3609    31.7759    31.7750    25.1481    25.1471    7.28763 0.0000e+00
      26827      5.062     4.7360     4.7370   3.044398   3.044319     2.1972     2.6202      8.145     2.8996     2.5167 1.0580e-01     0.1292    96.8209     7.2215     7.3627    31.7766    31.7747    25.1487    25.1471    7.28778 0.0000e+00
      27764      5.038     4.7363     4.7320   3.044425   3.043896     2.1956     2.6193      8.144     2.7877     3.3852 1.0715e-01     0.1314    96.7688     7.2090     7.3778    31.7766    31.7746    25.1487    25.1476    7.28772 0.0000e+00
      28130      5.011     4.7370     4.7306   3.044486   3.043816     2.1968     2.6193      8.147     2.8284   311.0454 1.0715e-01     0.1299    96.8035     7.2138     7.3756    31.7767    31.7751    25.1487    25.1481    7.28761 0.0000e+00
      28314      4.973     4.7365     4.7319   3.044454   3.043940     2.1972     2.6197      8.145     2.8182   481.9896 1.0715e-01     0.1292    96.8209     7.2145     7.3772    31.7768    31.7753    25.1488    25.1481    7.28768 0.0000e+00
      28317      4.941     4.7366     4.7322   3.044421   3.043910     2.1972     2.6202      8.147     2.8080   480.9631 1.0715e-01     0.1292    96.8209     7.2141     7.3807    31.7764    31.7746    25.1485    25.1475    7.28769 0.0000e+00
      28646      4.902     4.7417     4.7378   3.044875   3.044425     2.1956     2.6205      8.145     2.8487   325.2578 1.0854e-01     0.1289    96.8296     7.2040     7.3885    31.7767    31.7753    25.1482    25.1475    7.28677 0.0000e+00
      29302      4.794     4.7533     4.7499   3.045923   3.045492     2.1931     2.6246      8.144     2.8691    13.1760 1.1147e-01     0.1275    96.8644     7.1920     7.4092    31.7777    31.7760    25.1478    25.1468    7.28465 0.0000e+00
      29305      4.675     4.7541     4.7487   3.045949   3.045395     2.1931     2.6254      8.147     2.8996     7.4516 1.0690e-01     0.1282    96.8470     7.1939     7.4078    31.7773    31.7761    25.1474    25.1470    7.28452 0.0000e+00
      29308      4.561     4.7532     4.7487   3.045872   3.045377     2.1935     2.6246      8.145     2.8793    -0.9180 1.0715e-01     0.1282    96.8470     7.1967     7.3971    31.7773    31.7759    25.1475    25.1469    7.28469 0.0000e+00
      29311      4.454     4.7531     4.7466   3.045850   3.045119     2.1940     2.6275      8.142     2.7877    -0.5627 2.0890e-01     0.1282    96.8470     7.2008     7.4006    31.7772    31.7750    25.1474    25.1464    7.28471 0.0000e+00
      29314      4.353     4.7536     4.7424   3.045959   3.044786     2.1935     2.6271      8.145     2.7673    -0.5627 1.8107e-01     0.1282    96.8470     7.2028     7.3908    31.7781    31.7753    25.1480    25.1470    7.28458 0.0000e+00
      29317      4.264     4.7533     4.7408   3.045828   3.044639     2.1940     2.6254      8.145     2.7572    -0.5627 1.1292e-01     0.1289    96.8296     7.2064     7.3741    31.7769    31.7752    25.1472    25.1471    7.28470 0.0000e+00
      29320      4.185     4.7511     4.7396   3.045526   3.044518     2.1944     2.6254      8.144     2.7572    -0.5627 1.1894e-01     0.1296    96.8122     7.2121     7.3618    31.7756    31.7750    25.1463    25.1470    7.28515 0.0000e+00
      29323      4.114     4.7474     4.7369   3.045347   3.044257     2.1940     2.6263      8.144     2.7572    -0.6022 1.0830e-01     0.1292    96.8209     7.2137     7.3424    31.7771    31.7746    25.1479    25.1470    7.28573 0.0000e+00
      29326      4.052     4.7475     4.7348   3.045395   3.044113     2.1931     2.6250      8.145     2.7673    -0.5627 1.0715e-01     0.1299    96.8035     7.2255     7.2999    31.7775    31.7750    25.1483    25.1476    7.28569 0.0000e+00
      29329      3.994     4.7477     4.7338   3.045423   3.044049     2.1935     2.6234      8.145     2.7572    -0.5627 1.1232e-01     0.1296    96.8122     7.2496     7.2582    31.7777    31.7752    25.1484    25.1478    7.28564 0.0000e+00
      29332      3.938     4.7497     4.7334   3.045668   3.044035     2.1935     2.6226      8.145     2.7470     6.6225 2.8741e-01     0.1292    96.8209     7.2697     7.2138    31.7787    31.7754    25.1489    25.1481    7.28525 0.0000e+00
      29335      3.887     4.7547     4.7338   3.046119   3.044051     2.1944     2.6226      8.142     2.7572     9.8992 1.1877e-01     0.1292    96.8209     7.3058     7.1701    31.7791    31.7753    25.1488    25.1479    7.28434 0.0000e+00
      29338      3.837     4.7572     4.7335   3.046301   3.044024     2.1948     2.6209      8.145     2.8894     9.7808 1.3038e-01     0.1292    96.8209     7.3580     7.1263    31.7788    31.7752    25.1482    25.1479    7.28391 0.0000e+00
      29341      3.779     4.7570     4.7340   3.046178   3.044066     2.1948     2.6197      8.145     2.8996     9.7413 1.7509e-01     0.1282    96.8470     7.3918     7.0847    31.7777    31.7753    25.1474    25.1479    7.28400 0.0000e+00
      29344      3.719     4.7551     4.7361   3.046018   3.044290     2.1956     2.6169      8.145     2.9098     9.7413 2.4611e-01     0.1282    96.8470     7.3936     7.0435    31.7777    31.7760    25.1476    25.1482    7.28434 0.0000e+00
      29347      3.656     4.7534     4.7433   3.045847   3.044798     2.1960     2.6083      8.144     2.9199     9.7808 1.4546e-01     0.1282    96.8470     7.3771     6.9896    31.7773    31.7749    25.1474    25.1466    7.28465 0.0000e+00
      29350      3.587     4.7518     4.7398   3.045703   3.044444     2.2045     2.6006      8.145     2.9098     9.7413 1.7453e-01     0.1282    96.8470     7.3822     6.9496    31.7772    31.7742    25.1475    25.1464    7.28494 0.0000e+00
      29353      3.509     4.7487     4.7382   3.045273   3.044406     2.2057     2.5973      8.144     2.9098     9.7413 1.6911e-01     0.1282    96.8470     7.3720     6.9231    31.7753    31.7753    25.1464    25.1475    7.28559 0.0000e+00
      29356      3.423     4.7431     4.7419   3.044901   3.044706     2.2078     2.5904      8.147     2.9199    26.3620 5.2838e-01     0.1285    96.8383     7.3814     6.8824    31.7765    31.7753    25.1479    25.1471    7.28653 0.0000e+00
      29359      3.328     4.7441     4.7415   3.045105   3.044583     2.2176     2.5851      8.147     2.9199   439.9049 2.7557e-01     0.1285    96.8383     7.4101     6.8530    31.7778    31.7743    25.1488    25.1463    7.28628 0.0000e+00
      29362      3.224     4.7443     4.7379   3.045068   3.044191     2.2257     2.5807      8.144     2.8894   481.2395 1.2331e-01     0.1282    96.8470     7.4359     6.8313    31.7773    31.7733    25.1484    25.1459    7.28628 0.0000e+00
      29365      3.111     4.7461     4.7356   3.045339   3.044199     2.2159     2.5774      8.145     2.8182   481.1211 1.6005e-01     0.1282    96.8470     7.3621     6.8261    31.7788    31.7757    25.1494    25.1480    7.28588 0.0000e+00
      29368      2.989     4.7477     4.7404   3.045426   3.044747     2.2049     2.5758      8.147     2.8284   481.2395 3.5712e-01     0.1292    96.8209     7.2844     6.8363    31.7783    31.7774    25.1488    25.1489    7.28562 0.0000e+00
