Datasets/AZMP/HUD120/hud120_2020_080.cnv
* Sea-Bird SBE 9 Data File:
* FileName = C:\CTDDATA\hud120_2020_080.hex
* Software Version Seasave V 7.26.7.110
* Temperature SN = 1697
* Conductivity SN = 4216
* Number of Bytes Per Scan = 30
* Number of Voltage Words = 4
* Number of Scans Averaged by the Deck Unit = 1
* NMEA baud rate = 4800
** VESSEL/TRIP/SEQ STN:  hud120_2020_080
** LATITUDE XX XX.XX: 47 00.00 N
** LONGITUDE XX XX.XX: 052 34.80 W
** SOUNDING DEPTH (M): 0160
** PROBE TYPE: S1146
** CTD NUMBER: 059
** FORMAT: V
** COMMENTS (14 CHAR): FC-03
** BOTTLES:  9
** LEVELS: 5,10,20,30,40,50,75,100,BTM
** STICKERS: 439911 - 439919
** VNET: Y
** DO2: Y
# nquan = 22
# nvalues = 3725                        
# units = specified
# name 0 = scan: Scan Count
# name 1 = prDM: Pressure, Digiquartz [db]
# name 2 = t090C: Temperature [ITS-90, deg C]
# name 3 = t190C: Temperature, 2 [ITS-90, deg C]
# name 4 = c0S/m: Conductivity [S/m]
# name 5 = c1S/m: Conductivity, 2 [S/m]
# name 6 = sbeox0V: Oxygen raw, SBE 43 [V]
# name 7 = sbeox1V: Oxygen raw, SBE 43, 2 [V]
# name 8 = ph: pH
# name 9 = flECO-AFL: Fluorescence, WET Labs ECO-AFL/FL [mg/m^3]
# name 10 = wetCDOM: Fluorescence, WET Labs CDOM [mg/m^3]
# name 11 = par/sat/log: PAR/Logarithmic, Satlantic [umol photons/m^2/sec]
# name 12 = CStarAt0: Beam Attenuation, WET Labs C-Star [1/m]
# name 13 = CStarTr0: Beam Transmission, WET Labs C-Star [%]
# name 14 = sbeox0ML/L: Oxygen, SBE 43 [ml/l], WS = 2
# name 15 = sbeox1ML/L: Oxygen, SBE 43, 2 [ml/l], WS = 2
# name 16 = sal00: Salinity, Practical [PSU]
# name 17 = sal11: Salinity, Practical, 2 [PSU]
# name 18 = sigma-t00: Density [sigma-t, kg/m^3 ]
# name 19 = sigma-t11: Density, 2 [sigma-t, kg/m^3 ]
# name 20 = oxsatML/L: Oxygen Saturation, Weiss [ml/l]
# name 21 = flag: flag
# span 0 =         75,      33544       
# span 1 =      2.931,    153.865       
# span 2 =    -0.7495,     4.0530       
# span 3 =    -0.7543,     4.0489       
# span 4 =   2.684756,   2.984613       
# span 5 =   2.684280,   2.984143       
# span 6 =     1.9247,     2.2121       
# span 7 =     2.2841,     2.6342       
# span 8 =      8.017,      8.159       
# span 9 =     0.9765,     4.7311       
# span 10 =    -2.8130,   482.1870      
# span 11 = 1.0451e-01, 4.6423e-01      
# span 12 =     0.0796,     0.1700      
# span 13 =    95.8387,    98.0292      
# span 14 =     7.1510,     7.7508      
# span 15 =     7.2759,     7.9571      
# span 16 =    31.7233,    33.0945      
# span 17 =    31.7206,    33.0938      
# span 18 =    25.1763,    26.5923      
# span 19 =    25.1801,    26.5920      
# span 20 =    7.41324,    8.32881      
# span 21 = 0.0000e+00, 0.0000e+00      
# interval = scans: 3                   
# start_time = Nov 27 2020 02:12:05 [System UTC, header]
# bad_flag = -9.990e-29
*END*
[from data line 1712]
       7815    144.539    -0.5514    -0.5566   2.721068   2.720638     1.9296     2.2891      8.019     1.1190     3.1089 1.0752e-01     0.1335    96.7166     7.1752     7.3135    33.0909    33.0909    26.5895    26.5897    8.27188 0.0000e+00
       7818    144.480    -0.5516    -0.5565   2.721043   2.720651     1.9272     2.2886      8.019     1.1292     3.1089 1.0752e-01     0.1335    96.7166     7.1588     7.3098    33.0909    33.0910    26.5895    26.5897    8.27194 0.0000e+00
       7821    144.429    -0.5515    -0.5562   2.721075   2.720646     1.9280     2.2895      8.019     1.1190     7.3726 1.0752e-01     0.1335    96.7166     7.1608     7.3096    33.0913    33.0906    26.5898    26.5895    8.27190 0.0000e+00
       7824    144.385    -0.5517    -0.5562   2.721059   2.720640     1.9288     2.2882      8.019     1.1190     8.3596 1.0752e-01     0.1335    96.7166     7.1637     7.3053    33.0913    33.0906    26.5898    26.5894    8.27194 0.0000e+00
       7827    144.351    -0.5513    -0.5564   2.721090   2.720631     1.9280     2.2886      8.019     1.1088     8.3201 1.0752e-01     0.1335    96.7166     7.1609     7.3108    33.0913    33.0907    26.5898    26.5895    8.27185 0.0000e+00
       7830    144.326    -0.5516    -0.5564   2.721071   2.720641     1.9284     2.2878      8.019     1.1190     8.3201 1.0752e-01     0.1335    96.7166     7.1664     7.3100    33.0913    33.0909    26.5898    26.5897    8.27191 0.0000e+00
       7851    144.304    -0.5513    -0.5563   2.721070   2.720646     1.9280     2.2882      8.019     1.1088     7.8069 1.0752e-01     0.1332    96.7253     7.1659     7.3116    33.0910    33.0908    26.5896    26.5896    8.27186 0.0000e+00
       7891    144.277    -0.5514    -0.5562   2.721105   2.720687     1.9296     2.2886      8.019     1.0783     6.7804 1.0752e-01     0.1321    96.7514     7.1735     7.3151    33.0916    33.0913    26.5900    26.5900    8.27185 0.0000e+00
       7894    144.236    -0.5512    -0.5562   2.721102   2.720687     1.9288     2.2895      8.019     1.0783     6.7804 1.0752e-01     0.1318    96.7601     7.1716     7.3180    33.0914    33.0913    26.5898    26.5900    8.27182 0.0000e+00
       7897    144.186    -0.5510    -0.5560   2.721117   2.720705     1.9292     2.2895      8.019     1.0884    22.0983 1.0752e-01     0.1321    96.7514     7.1735     7.3175    33.0914    33.0914    26.5898    26.5901    8.27177 0.0000e+00
       7900    144.127    -0.5510    -0.5562   2.721119   2.720679     1.9292     2.2895      8.019     1.0783   438.3653 1.0740e-01     0.1321    96.7514     7.1720     7.3145    33.0914    33.0913    26.5899    26.5899    8.27177 0.0000e+00
       7903    144.063    -0.5511    -0.5559   2.721141   2.720693     1.9296     2.2887      8.019     1.0783   481.1605 1.0740e-01     0.1325    96.7427     7.1742     7.3105    33.0919    33.0912    26.5903    26.5899    8.27177 0.0000e+00
       7906    143.988    -0.5510    -0.5561   2.721123   2.720681     1.9296     2.2891      8.017     1.0681   481.1605 1.0752e-01     0.1328    96.7340     7.1719     7.3115    33.0916    33.0912    26.5900    26.5899    8.27176 0.0000e+00
       7909    143.903    -0.5510    -0.5560   2.721099   2.720671     1.9292     2.2899      8.019     1.0986   481.3184 1.0752e-01     0.1339    96.7079     7.1695     7.3149    33.0913    33.0911    26.5898    26.5898    8.27178 0.0000e+00
       7912    143.814    -0.5510    -0.5560   2.721095   2.720657     1.9292     2.2891      8.019     1.0783   481.3184 1.0752e-01     0.1339    96.7079     7.1686     7.3122    33.0913    33.0909    26.5898    26.5897    8.27177 0.0000e+00
       7915    143.704    -0.5509    -0.5560   2.721055   2.720673     1.9292     2.2895      8.019     1.0884   481.3579 1.0752e-01     0.1335    96.7166     7.1711     7.3140    33.0908    33.0912    26.5893    26.5899    8.27179 0.0000e+00
       7918    143.590    -0.5512    -0.5559   2.721060   2.720651     1.9292     2.2895      8.019     1.0681   481.3579 1.0752e-01     0.1342    96.6992     7.1712     7.3118    33.0912    33.0909    26.5897    26.5896    8.27183 0.0000e+00
       7921    143.469    -0.5512    -0.5559   2.721014   2.720615     1.9288     2.2895      8.019     1.0579   481.3184 1.0752e-01     0.1335    96.7166     7.1658     7.3145    33.0907    33.0905    26.5893    26.5893    8.27186 0.0000e+00
       7924    143.336    -0.5512    -0.5561   2.721038   2.720587     1.9288     2.2887      8.019     1.0579   377.2122 1.0752e-01     0.1335    96.7166     7.1649     7.3148    33.0911    33.0904    26.5896    26.5893    8.27183 0.0000e+00
       7927    143.195    -0.5509    -0.5561   2.721040   2.720591     1.9296     2.2895      8.019     1.0579    -0.3258 1.0752e-01     0.1339    96.7079     7.1691     7.3202    33.0909    33.0906    26.5894    26.5894    8.27179 0.0000e+00
       7930    143.049    -0.5513    -0.5560   2.720972   2.720609     1.9288     2.2895      8.019     1.0681     1.1744 1.0752e-01     0.1332    96.7253     7.1670     7.3165    33.0904    33.0907    26.5891    26.5895    8.27189 0.0000e+00
       7933    142.897    -0.5513    -0.5562   2.720953   2.720581     1.9292     2.2895      8.019     1.0478     2.2009 1.0752e-01     0.1332    96.7253     7.1694     7.3157    33.0903    33.0907    26.5890    26.5895    8.27190 0.0000e+00
       7936    142.738    -0.5514    -0.5563   2.720948   2.720558     1.9296     2.2899      8.019     1.0579     2.1614 1.0752e-01     0.1335    96.7166     7.1702     7.3177    33.0904    33.0906    26.5891    26.5895    8.27192 0.0000e+00
       7939    142.575    -0.5514    -0.5564   2.720958   2.720562     1.9301     2.2903      8.019     1.0478     2.1614 1.0752e-01     0.1332    96.7253     7.1745     7.3178    33.0906    33.0908    26.5893    26.5896    8.27190 0.0000e+00
       7942    142.406    -0.5517    -0.5563   2.720893   2.720534     1.9288     2.2891      8.019     1.0579     2.1614 1.0740e-01     0.1328    96.7340     7.1707     7.3121    33.0903    33.0905    26.5890    26.5893    8.27201 0.0000e+00
       7945    142.233    -0.5520    -0.5565   2.720829   2.720510     1.9288     2.2907      8.019     1.0478     2.1614 1.0752e-01     0.1335    96.7166     7.1703     7.3184    33.0898    33.0904    26.5886    26.5893    8.27209 0.0000e+00
       7948    142.053    -0.5521    -0.5567   2.720834   2.720480     1.9292     2.2907      8.019     1.0579     2.1614 1.0752e-01     0.1342    96.6992     7.1718     7.3195    33.0901    33.0903    26.5888    26.5892    8.27209 0.0000e+00
       7951    141.872    -0.5520    -0.5567   2.720845   2.720466     1.9292     2.2903      8.019     1.0579     6.3067 1.0752e-01     0.1342    96.6992     7.1718     7.3167    33.0903    33.0903    26.5890    26.5892    8.27207 0.0000e+00
       7954    141.689    -0.5522    -0.5566   2.720812   2.720492     1.9296     2.2895      8.019     1.0681    10.7678 1.0752e-01     0.1346    96.6905     7.1721     7.3136    33.0901    33.0906    26.5889    26.5894    8.27212 0.0000e+00
       7957    141.505    -0.5524    -0.5567   2.720769   2.720404     1.9284     2.2895      8.019     1.0579    10.5704 1.0752e-01     0.1342    96.6992     7.1652     7.3128    33.0899    33.0897    26.5887    26.5887    8.27218 0.0000e+00
       7960    141.317    -0.5524    -0.5574   2.720727   2.720341     1.9292     2.2903      8.019     1.0478    10.5704 1.0752e-01     0.1342    96.6992     7.1683     7.3129    33.0894    33.0897    26.5883    26.5888    8.27221 0.0000e+00
       7963    141.128    -0.5522    -0.5577   2.720720   2.720304     1.9301     2.2895      8.019     1.0579    10.6099 1.0752e-01     0.1339    96.7079     7.1763     7.3090    33.0893    33.0896    26.5882    26.5887    8.27218 0.0000e+00
       7966    140.945    -0.5526    -0.5577   2.720715   2.720272     1.9296     2.2899      8.019     1.0681    10.5704 1.0752e-01     0.1339    96.7079     7.1752     7.3088    33.0897    33.0894    26.5885    26.5885    8.27222 0.0000e+00
       7969    140.761    -0.5524    -0.5579   2.720692   2.720252     1.9292     2.2903      8.019     1.0579    10.6888 1.0752e-01     0.1328    96.7340     7.1758     7.3107    33.0893    33.0894    26.5882    26.5885    8.27221 0.0000e+00
       7972    140.578    -0.5527    -0.5577   2.720699   2.720239     1.9301     2.2907      8.019     1.0681    10.5704 1.0752e-01     0.1328    96.7340     7.1801     7.3153    33.0898    33.0891    26.5886    26.5883    8.27224 0.0000e+00
       7975    140.402    -0.5524    -0.5578   2.720672   2.720257     1.9292     2.2907      8.019     1.0681    10.6099 1.0752e-01     0.1332    96.7253     7.1741     7.3171    33.0892    33.0896    26.5881    26.5886    8.27220 0.0000e+00
       7978    140.225    -0.5524    -0.5576   2.720680   2.720253     1.9288     2.2907      8.019     1.0478   369.5533 1.0752e-01     0.1325    96.7427     7.1723     7.3176    33.0894    33.0894    26.5883    26.5885    8.27219 0.0000e+00
       7981    140.053    -0.5521    -0.5577   2.720677   2.720235     1.9297     2.2903      8.019     1.0681   481.9896 1.0752e-01     0.1335    96.7166     7.1779     7.3150    33.0892    33.0893    26.5880    26.5885    8.27214 0.0000e+00
       7984    139.892    -0.5523    -0.5577   2.720661   2.720207     1.9293     2.2895      8.019     1.0579   480.9631 1.0740e-01     0.1332    96.7253     7.1756     7.3107    33.0893    33.0891    26.5882    26.5883    8.27219 0.0000e+00
       7987    139.731    -0.5526    -0.5578   2.720633   2.720191     1.9297     2.2899      8.019     1.0579   481.3184 1.0752e-01     0.1335    96.7166     7.1771     7.3125    33.0893    33.0891    26.5882    26.5882    8.27224 0.0000e+00
       7990    139.568    -0.5525    -0.5579   2.720637   2.720170     1.9297     2.2903      8.019     1.0579   481.3184 1.0752e-01     0.1335    96.7166     7.1778     7.3110    33.0894    33.0890    26.5883    26.5882    8.27223 0.0000e+00
       7993    139.416    -0.5526    -0.5579   2.720640   2.720147     1.9309     2.2907      8.019     1.0579   481.3184 1.0752e-01     0.1335    96.7166     7.1827     7.3101    33.0896    33.0888    26.5885    26.5880    8.27224 0.0000e+00
       7996    139.274    -0.5526    -0.5579   2.720600   2.720147     1.9297     2.2907      8.019     1.0579   481.3579 1.0752e-01     0.1335    96.7166     7.1764     7.3096    33.0892    33.0888    26.5881    26.5881    8.27227 0.0000e+00
       7999    139.139    -0.5529    -0.5580   2.720541   2.720132     1.9297     2.2903      8.019     1.0478   481.3579 1.0752e-01     0.1335    96.7166     7.1743     7.3063    33.0888    33.0889    26.5878    26.5881    8.27235 0.0000e+00
       8002    139.011    -0.5531    -0.5580   2.720549   2.720139     1.9297     2.2907      8.019     1.0579   441.7999 1.0752e-01     0.1335    96.7166     7.1700     7.3077    33.0892    33.0890    26.5882    26.5882    8.27238 0.0000e+00
       8005    138.888    -0.5532    -0.5581   2.720562   2.720115     1.9305     2.2907      8.019     1.0579    28.4939 1.0752e-01     0.1335    96.7166     7.1722     7.3078    33.0896    33.0889    26.5885    26.5881    8.27238 0.0000e+00
       8008    138.771    -0.5530    -0.5581   2.720557   2.720111     1.9305     2.2907      8.019     1.0783    14.1630 1.0740e-01     0.1346    96.6905     7.1701     7.3080    33.0893    33.0889    26.5882    26.5882    8.27233 0.0000e+00
       8011    138.659    -0.5530    -0.5580   2.720550   2.720125     1.9301     2.2907      8.019     1.0579    14.7552 1.0752e-01     0.1335    96.7166     7.1670     7.3069    33.0893    33.0891    26.5883    26.5882    8.27235 0.0000e+00
       8014    138.555    -0.5530    -0.5579   2.720552   2.720141     1.9297     2.2899      8.019     1.0783    14.7157 1.0752e-01     0.1335    96.7166     7.1628     7.3023    33.0894    33.0892    26.5883    26.5884    8.27234 0.0000e+00
       8017    138.458    -0.5528    -0.5579   2.720530   2.720123     1.9301     2.2903      8.019     1.0478    14.7157 1.0752e-01     0.1335    96.7166     7.1677     7.3038    33.0889    33.0891    26.5879    26.5882    8.27231 0.0000e+00
       8020    138.365    -0.5531    -0.5580   2.720539   2.720131     1.9297     2.2899      8.019     1.0681    14.7157 1.0752e-01     0.1335    96.7166     7.1679     7.3011    33.0894    33.0893    26.5883    26.5885    8.27235 0.0000e+00
       8023    138.277    -0.5530    -0.5582   2.720530   2.720082     1.9293     2.2895      8.019     1.1088    14.7157 1.0752e-01     0.1339    96.7079     7.1637     7.3008    33.0893    33.0890    26.5882    26.5882    8.27235 0.0000e+00
       8026    138.195    -0.5532    -0.5583   2.720517   2.720076     1.9297     2.2903      8.019     1.0884    14.7157 1.0752e-01     0.1339    96.7079     7.1654     7.3048    33.0894    33.0890    26.5883    26.5882    8.27239 0.0000e+00
       8029    138.117    -0.5531    -0.5582   2.720515   2.720069     1.9301     2.2899      8.019     1.0783   152.2212 1.0752e-01     0.1346    96.6905     7.1656     7.3045    33.0893    33.0889    26.5882    26.5881    8.27236 0.0000e+00
       8032    138.040    -0.5532    -0.5580   2.720513   2.720071     1.9297     2.2907      8.019     1.0884   482.1870 1.0752e-01     0.1342    96.6992     7.1653     7.3103    33.0894    33.0887    26.5883    26.5880    8.27237 0.0000e+00
       8035    137.966    -0.5533    -0.5582   2.720503   2.720073     1.9301     2.2907      8.019     1.0986   480.8447 1.0752e-01     0.1350    96.6818     7.1688     7.3129    33.0894    33.0890    26.5884    26.5882    8.27241 0.0000e+00
       8038    137.898    -0.5532    -0.5580   2.720497   2.720085     1.9297     2.2903      8.019     1.0884   481.3184 1.0740e-01     0.1346    96.6905     7.1687     7.3130    33.0893    33.0890    26.5882    26.5882    8.27239 0.0000e+00
       8041    137.832    -0.5532    -0.5581   2.720508   2.720079     1.9305     2.2899      8.019     1.0884   481.2790 1.0752e-01     0.1346    96.6905     7.1738     7.3118    33.0894    33.0891    26.5883    26.5883    8.27238 0.0000e+00
       8044    137.766    -0.5530    -0.5578   2.720525   2.720094     1.9297     2.2899      8.019     1.0986   481.2790 1.0752e-01     0.1346    96.6905     7.1709     7.3127    33.0895    33.0890    26.5884    26.5882    8.27232 0.0000e+00
       8047    137.703    -0.5527    -0.5582   2.720524   2.720077     1.9301     2.2907      8.019     1.1088   481.2790 1.0740e-01     0.1342    96.6992     7.1734     7.3124    33.0892    33.0892    26.5882    26.5884    8.27229 0.0000e+00
       8050    137.637    -0.5530    -0.5580   2.720520   2.720078     1.9297     2.2899      8.019     1.1088   481.3579 1.0752e-01     0.1321    96.7514     7.1719     7.3066    33.0895    33.0890    26.5884    26.5882    8.27233 0.0000e+00
       8053    137.571    -0.5529    -0.5579   2.720514   2.720084     1.9293     2.2907      8.019     1.1088   481.3579 1.0752e-01     0.1321    96.7514     7.1699     7.3099    33.0894    33.0891    26.5883    26.5883    8.27232 0.0000e+00
       8056    137.506    -0.5532    -0.5580   2.720490   2.720094     1.9297     2.2907      8.019     1.1190   214.2033 1.0752e-01     0.1318    96.7601     7.1719     7.3105    33.0894    33.0893    26.5883    26.5884    8.27238 0.0000e+00
       8059    137.436    -0.5530    -0.5579   2.720490   2.720086     1.9301     2.2907      8.019     1.1190     3.5826 1.0752e-01     0.1321    96.7514     7.1746     7.3126    33.0892    33.0892    26.5881    26.5884    8.27234 0.0000e+00
       8062    137.368    -0.5530    -0.5581   2.720488   2.720077     1.9301     2.2907      8.019     1.1088    11.2415 1.0752e-01     0.1325    96.7427     7.1769     7.3135    33.0893    33.0894    26.5882    26.5885    8.27235 0.0000e+00
