Datasets/AZMP/HUD120/hud120_2020_083.cnv
* Sea-Bird SBE 9 Data File:
* FileName = C:\CTDDATA\hud120_2020_083.hex
* Software Version Seasave V 7.26.7.110
* Temperature SN = 1697
* Conductivity SN = 4216
* Number of Bytes Per Scan = 30
* Number of Voltage Words = 4
* Number of Scans Averaged by the Deck Unit = 1
* NMEA baud rate = 4800
** VESSEL/TRIP/SEQ STN:  hun120_2020_083
** LATITUDE XX XX.XX: 47 32.80 N
** LONGITUDE XX XX.XX: 052 35.20 W
** SOUNDING DEPTH (M): 0176
** PROBE TYPE: S1146
** CTD NUMBER: 062
** FORMAT: V
** COMMENTS (14 CHAR): S27-01
** BOTTLES:  0
** LEVELS: 0
** STICKERS:
** VNET: Y
** DO2: N
** NO WATER SAMPLES TAKEN. TWO SETS OF NETS DEPLOYED
# nquan = 22
# nvalues = 3660                        
# units = specified
# name 0 = scan: Scan Count
# name 1 = prDM: Pressure, Digiquartz [db]
# name 2 = t090C: Temperature [ITS-90, deg C]
# name 3 = t190C: Temperature, 2 [ITS-90, deg C]
# name 4 = c0S/m: Conductivity [S/m]
# name 5 = c1S/m: Conductivity, 2 [S/m]
# name 6 = sbeox0V: Oxygen raw, SBE 43 [V]
# name 7 = sbeox1V: Oxygen raw, SBE 43, 2 [V]
# name 8 = ph: pH
# name 9 = flECO-AFL: Fluorescence, WET Labs ECO-AFL/FL [mg/m^3]
# name 10 = wetCDOM: Fluorescence, WET Labs CDOM [mg/m^3]
# name 11 = par/sat/log: PAR/Logarithmic, Satlantic [umol photons/m^2/sec]
# name 12 = CStarAt0: Beam Attenuation, WET Labs C-Star [1/m]
# name 13 = CStarTr0: Beam Transmission, WET Labs C-Star [%]
# name 14 = sbeox0ML/L: Oxygen, SBE 43 [ml/l], WS = 2
# name 15 = sbeox1ML/L: Oxygen, SBE 43, 2 [ml/l], WS = 2
# name 16 = sal00: Salinity, Practical [PSU]
# name 17 = sal11: Salinity, Practical, 2 [PSU]
# name 18 = sigma-t00: Density [sigma-t, kg/m^3 ]
# name 19 = sigma-t11: Density, 2 [sigma-t, kg/m^3 ]
# name 20 = oxsatML/L: Oxygen Saturation, Weiss [ml/l]
# name 21 = flag: flag
# span 0 =         54,      16510       
# span 1 =      0.392,    175.029       
# span 2 =    -0.4617,     4.0477       
# span 3 =    -0.4668,     4.0428       
# span 4 =   2.589396,   2.970766       
# span 5 =   2.722810,   2.970250       
# span 6 =     1.8767,     2.2108       
# span 7 =     2.2182,     2.6192       
# span 8 =      8.023,      8.167       
# span 9 =     1.0376,     3.6424       
# span 10 =    -2.8130,   482.1870      
# span 11 = 1.0715e-01, 2.1462e+01      
# span 12 =     0.0953,     1.9167      
# span 13 =    61.9300,    97.6467      
# span 14 =     6.8657,     7.5614      
# span 15 =     6.9466,     7.7569      
# span 16 =    27.1555,    33.2509      
# span 17 =    31.0792,    33.2501      
# span 18 =    21.5492,    26.7081      
# span 19 =    24.6652,    26.7077      
# span 20 =    7.42277,    8.25460      
# span 21 = 0.0000e+00, 0.0000e+00      
# interval = scans: 3                   
# start_time = Nov 27 2020 11:07:52 [System UTC, header]
# bad_flag = -9.990e-29
*END*
[from data line 3490]
      15504      9.839     4.0359     4.0317   2.967541   2.967058     2.1958     2.6171      8.161     2.3705     3.2668 3.9362e+00     0.1067    97.3685     7.3723     7.5192    31.5522    31.5506    25.0410    25.0401    7.42518 0.0000e+00
      15507      9.781     4.0360     4.0320   2.967556   2.967048     2.1958     2.6167      8.159     2.3604     4.2537 3.9774e+00     0.1067    97.3685     7.3751     7.5172    31.5523    31.5503    25.0410    25.0398    7.42514 0.0000e+00
      15510      9.722     4.0358     4.0318   2.967559   2.967055     2.1954     2.6171      8.162     2.3298     4.1748 4.0051e+00     0.1067    97.3685     7.3732     7.5168    31.5526    31.5505    25.0413    25.0400    7.42518 0.0000e+00
      15513      9.663     4.0354     4.0320   2.967515   2.967048     2.1958     2.6159      8.161     2.2383     4.1748 4.0376e+00     0.1063    97.3772     7.3732     7.5116    31.5525    31.5503    25.0412    25.0398    7.42525 0.0000e+00
      15516      9.604     4.0354     4.0317   2.967507   2.967041     2.1958     2.6159      8.161     2.2383     4.1748 4.0563e+00     0.1067    97.3685     7.3713     7.5117    31.5524    31.5505    25.0412    25.0400    7.42526 0.0000e+00
      15519      9.547     4.0361     4.0319   2.967507   2.967035     2.1958     2.6175      8.161     2.2383     4.1748 4.0798e+00     0.1038    97.4381     7.3698     7.5164    31.5518    31.5503    25.0406    25.0399    7.42515 0.0000e+00
      15522      9.491     4.0360     4.0322   2.967511   2.967046     2.1958     2.6163      8.159     2.2281     4.1748 4.1130e+00     0.1028    97.4641     7.3694     7.5109    31.5519    31.5502    25.0408    25.0397    7.42516 0.0000e+00
      15525      9.433     4.0354     4.0317   2.967501   2.967019     2.1970     2.6159      8.159     2.2383     3.5036 4.1464e+00     0.1028    97.4641     7.3740     7.5104    31.5524    31.5503    25.0412    25.0399    7.42525 0.0000e+00
      15528      9.377     4.0360     4.0318   2.967507   2.967025     2.1974     2.6163      8.159     2.2281     2.6351 4.1608e+00     0.1028    97.4641     7.3770     7.5128    31.5520    31.5503    25.0408    25.0399    7.42517 0.0000e+00
      15531      9.322     4.0363     4.0323   2.967445   2.967033     2.1962     2.6159      8.159     2.2281     2.6351 4.1801e+00     0.1031    97.4555     7.3713     7.5120    31.5510    31.5500    25.0400    25.0396    7.42517 0.0000e+00
      15534      9.269     4.0362     4.0322   2.967528   2.967049     2.1954     2.6163      8.159     2.2484     2.6351 4.1946e+00     0.1028    97.4641     7.3661     7.5160    31.5521    31.5503    25.0409    25.0398    7.42513 0.0000e+00
      15537      9.217     4.0368     4.0324   2.967509   2.967029     2.1962     2.6163      8.159     2.3095     2.6351 4.2190e+00     0.1031    97.4555     7.3670     7.5180    31.5513    31.5499    25.0402    25.0395    7.42506 0.0000e+00
      15540      9.162     4.0368     4.0325   2.967504   2.967033     2.1958     2.6171      8.162     2.3604     2.6351 4.2190e+00     0.1063    97.3772     7.3639     7.5207    31.5513    31.5499    25.0402    25.0395    7.42505 0.0000e+00
      15543      9.112     4.0369     4.0323   2.967515   2.967037     2.1958     2.6163      8.159     2.3502     2.6351 4.2631e+00     0.1067    97.3685     7.3627     7.5176    31.5513    31.5502    25.0402    25.0397    7.42504 0.0000e+00
      15546      9.066     4.0371     4.0326   2.967506   2.967019     2.1962     2.6159      8.159     2.3502     2.6351 4.2779e+00     0.1067    97.3685     7.3660     7.5183    31.5511    31.5497    25.0400    25.0393    7.42501 0.0000e+00
      15549      9.019     4.0370     4.0325   2.967523   2.967019     2.1966     2.6167      8.159     2.3705     2.6351 4.2730e+00     0.1067    97.3685     7.3705     7.5215    31.5513    31.5498    25.0402    25.0394    7.42501 0.0000e+00
      15552      8.973     4.0369     4.0327   2.967492   2.967025     2.1966     2.6159      8.159     2.3604    -0.6811 4.2730e+00     0.1067    97.3685     7.3745     7.5190    31.5511    31.5497    25.0401    25.0393    7.42504 0.0000e+00
      15555      8.927     4.0371     4.0326   2.967510   2.967021     2.1962     2.6167      8.161     2.3604    -1.9050 4.2928e+00     0.1067    97.3685     7.3743     7.5216    31.5512    31.5498    25.0400    25.0393    7.42500 0.0000e+00
      15558      8.882     4.0369     4.0326   2.967517   2.967029     2.1958     2.6171      8.161     2.3502    -1.8655 4.3277e+00     0.1067    97.3685     7.3701     7.5226    31.5514    31.5499    25.0403    25.0395    7.42502 0.0000e+00
      15561      8.838     4.0371     4.0326   2.967495   2.967005     2.1958     2.6171      8.162     2.3604    -1.8655 4.3729e+00     0.1056    97.3946     7.3688     7.5243    31.5510    31.5496    25.0400    25.0392    7.42501 0.0000e+00
      15564      8.796     4.0368     4.0325   2.967481   2.967007     2.1958     2.6167      8.162     2.3094    -1.8655 4.4187e+00     0.1056    97.3946     7.3671     7.5229    31.5511    31.5497    25.0401    25.0393    7.42505 0.0000e+00
      15567      8.754     4.0369     4.0324   2.967517   2.967008     2.1966     2.6167      8.162     2.2993    -1.8655 4.4960e+00     0.1060    97.3859     7.3699     7.5231    31.5515    31.5499    25.0404    25.0395    7.42503 0.0000e+00
      15570      8.712     4.0370     4.0323   2.967491   2.966993     2.1974     2.6167      8.164     2.3196    -1.8655 4.5799e+00     0.1056    97.3946     7.3742     7.5211    31.5511    31.5499    25.0400    25.0395    7.42502 0.0000e+00
      15573      8.668     4.0368     4.0325   2.967503   2.967014     2.1974     2.6171      8.161     2.2993    -1.8655 4.6118e+00     0.1060    97.3859     7.3741     7.5196    31.5515    31.5499    25.0403    25.0395    7.42504 0.0000e+00
      15576      8.625     4.0369     4.0327   2.967498   2.967027     2.1970     2.6171      8.159     2.3094    -1.7865 4.6278e+00     0.1056    97.3946     7.3727     7.5179    31.5513    31.5499    25.0402    25.0395    7.42503 0.0000e+00
      15579      8.579     4.0369     4.0327   2.967468   2.967027     2.1958     2.6171      8.162     2.2891    -0.8785 4.6871e+00     0.1056    97.3946     7.3667     7.5178    31.5510    31.5500    25.0399    25.0395    7.42505 0.0000e+00
      15582      8.532     4.0368     4.0326   2.967498   2.967013     2.1962     2.6175      8.162     2.2993    -0.7996 4.7526e+00     0.1042    97.4294     7.3678     7.5205    31.5515    31.5498    25.0403    25.0394    7.42504 0.0000e+00
      15585      8.483     4.0370     4.0325   2.967487   2.967006     2.1962     2.6180      8.164     2.2993    -0.7996 4.7967e+00     0.1042    97.4294     7.3673     7.5236    31.5512    31.5499    25.0400    25.0395    7.42501 0.0000e+00
      15588      8.434     4.0369     4.0326   2.967494   2.967019     2.1958     2.6167      8.161     2.3196    -0.7996 4.8357e+00     0.1045    97.4207     7.3637     7.5186    31.5514    31.5500    25.0403    25.0396    7.42503 0.0000e+00
      15591      8.381     4.0370     4.0323   2.967479   2.966994     2.1970     2.6167      8.161     2.3604    -0.8391 4.9146e+00     0.1045    97.4207     7.3671     7.5179    31.5512    31.5500    25.0401    25.0396    7.42502 0.0000e+00
      15594      8.326     4.0370     4.0324   2.967477   2.966980     2.1974     2.6167      8.161     2.3502    -0.7996 4.9603e+00     0.1045    97.4207     7.3693     7.5190    31.5511    31.5497    25.0400    25.0394    7.42502 0.0000e+00
      15597      8.268     4.0368     4.0324   2.967479   2.966982     2.1966     2.6163      8.162     2.3705    -0.7996 4.9947e+00     0.1045    97.4207     7.3675     7.5184    31.5514    31.5499    25.0402    25.0394    7.42504 0.0000e+00
      15600      8.211     4.0370     4.0324   2.967481   2.967000     2.1958     2.6167      8.162     2.3604    -0.7996 5.0237e+00     0.1088    97.3164     7.3653     7.5195    31.5513    31.5500    25.0402    25.0396    7.42502 0.0000e+00
      15603      8.152     4.0370     4.0324   2.967468   2.966996     2.1966     2.6184      8.161     2.3604    -0.9970 5.0470e+00     0.1103    97.2816     7.3709     7.5257    31.5511    31.5500    25.0401    25.0396    7.42502 0.0000e+00
      15606      8.088     4.0372     4.0323   2.967469   2.966971     2.1966     2.6175      8.161     2.3604    -1.4707 5.0587e+00     0.1099    97.2903     7.3676     7.5227    31.5510    31.5499    25.0399    25.0395    7.42499 0.0000e+00
      15609      8.025     4.0369     4.0326   2.967492   2.966972     2.1970     2.6175      8.159     2.3502    -1.4707 5.0880e+00     0.1099    97.2903     7.3674     7.5250    31.5516    31.5497    25.0404    25.0393    7.42503 0.0000e+00
      15612      7.962     4.0372     4.0323   2.967454   2.966983     2.1966     2.6167      8.161     2.3604    -1.4313 5.1175e+00     0.1099    97.2903     7.3636     7.5239    31.5508    31.5501    25.0398    25.0396    7.42499 0.0000e+00
      15615      7.896     4.0367     4.0325   2.967457   2.966992     2.1966     2.6180      8.162     2.3400    -1.3918 5.1353e+00     0.1103    97.2816     7.3640     7.5268    31.5514    31.5500    25.0403    25.0396    7.42506 0.0000e+00
      15618      7.827     4.0369     4.0324   2.967462   2.966979     2.1962     2.6180      8.164     2.2993    -1.3918 5.1651e+00     0.1095    97.2990     7.3643     7.5263    31.5513    31.5501    25.0402    25.0396    7.42503 0.0000e+00
      15621      7.760     4.0370     4.0325   2.967453   2.966976     2.1962     2.6180      8.164     2.2891    -1.4313 5.2131e+00     0.1052    97.4033     7.3639     7.5235    31.5511    31.5499    25.0400    25.0395    7.42502 0.0000e+00
      15624      7.697     4.0371     4.0325   2.967448   2.966944     2.1966     2.6175      8.164     2.3094    -1.3918 5.2676e+00     0.1052    97.4033     7.3661     7.5198    31.5510    31.5496    25.0399    25.0392    7.42500 0.0000e+00
      15627      7.628     4.0369     4.0325   2.967464   2.966963     2.1970     2.6175      8.162     2.3196    -1.4313 5.3228e+00     0.1056    97.3946     7.3664     7.5187    31.5514    31.5498    25.0403    25.0394    7.42502 0.0000e+00
      15630      7.564     4.0372     4.0325   2.967446   2.966963     2.1958     2.6175      8.162     2.2891     0.5822 5.4284e+00     0.1052    97.4033     7.3611     7.5178    31.5510    31.5499    25.0399    25.0395    7.42499 0.0000e+00
      15633      7.498     4.0368     4.0324   2.967437   2.966950     2.1958     2.6184      8.161     2.2993     2.2798 5.5105e+00     0.1049    97.4120     7.3625     7.5214    31.5513    31.5498    25.0402    25.0394    7.42505 0.0000e+00
      15636      7.435     4.0368     4.0323   2.967454   2.966961     2.1966     2.6180      8.164     2.2891     2.1614 5.5618e+00     0.1052    97.4033     7.3681     7.5173    31.5515    31.5501    25.0404    25.0397    7.42504 0.0000e+00
      15639      7.372     4.0367     4.0324   2.967427   2.966960     2.1970     2.6175      8.162     2.2993     2.1614 5.6395e+00     0.1056    97.3946     7.3720     7.5128    31.5514    31.5500    25.0402    25.0396    7.42507 0.0000e+00
      15642      7.312     4.0365     4.0322   2.967436   2.966946     2.1962     2.6180      8.162     2.3196     2.1614 5.7116e+00     0.1056    97.3946     7.3693     7.5143    31.5516    31.5500    25.0405    25.0396    7.42508 0.0000e+00
      15645      7.250     4.0365     4.0322   2.967453   2.966972     2.1962     2.6171      8.162     2.3400     2.1614 5.7847e+00     0.1056    97.3946     7.3693     7.5090    31.5519    31.5505    25.0407    25.0400    7.42508 0.0000e+00
      15648      7.191     4.0367     4.0321   2.967437   2.966944     2.1966     2.6184      8.164     2.3400     2.2009 5.8520e+00     0.1056    97.3946     7.3685     7.5123    31.5516    31.5503    25.0404    25.0398    7.42506 0.0000e+00
      15651      7.134     4.0368     4.0318   2.967405   2.966935     2.1962     2.6171      8.161     2.3298     2.1614 5.9406e+00     0.1056    97.3946     7.3672     7.5084    31.5511    31.5504    25.0400    25.0399    7.42506 0.0000e+00
      15654      7.076     4.0367     4.0318   2.967425   2.966957     2.1966     2.6171      8.161     2.3196     2.1614 5.9681e+00     0.1056    97.3946     7.3673     7.5073    31.5515    31.5507    25.0404    25.0402    7.42506 0.0000e+00
      15657      7.021     4.0365     4.0320   2.967432   2.966931     2.1966     2.6180      8.164     2.3400     4.6880 6.0028e+00     0.1056    97.3946     7.3646     7.5106    31.5518    31.5502    25.0406    25.0398    7.42508 0.0000e+00
      15660      6.964     4.0365     4.0321   2.967414   2.966932     2.1974     2.6167      8.162     2.3196     5.1223 6.1148e+00     0.1067    97.3685     7.3650     7.5085    31.5516    31.5501    25.0404    25.0397    7.42509 0.0000e+00
      15663      6.912     4.0365     4.0321   2.967416   2.966928     2.1970     2.6171      8.162     2.3298     5.1223 6.1931e+00     0.1081    97.3338     7.3634     7.5099    31.5516    31.5501    25.0404    25.0397    7.42509 0.0000e+00
      15666      6.858     4.0363     4.0322   2.967397   2.966931     2.1970     2.6167      8.161     2.3196     5.1223 6.2218e+00     0.1077    97.3425     7.3655     7.5105    31.5517    31.5501    25.0405    25.0397    7.42513 0.0000e+00
      15669      6.805     4.0365     4.0321   2.967400   2.966925     2.1962     2.6159      8.164     2.2484     5.1223 6.2002e+00     0.1081    97.3338     7.3612     7.5064    31.5515    31.5501    25.0403    25.0397    7.42509 0.0000e+00
      15672      6.752     4.0366     4.0322   2.967412   2.966934     2.1962     2.6171      8.164     2.2383     5.1223 6.2507e+00     0.1077    97.3425     7.3603     7.5102    31.5515    31.5502    25.0404    25.0398    7.42507 0.0000e+00
      15675      6.699     4.0365     4.0321   2.967415   2.966929     2.1958     2.6175      8.164     2.2383     5.1223 6.3233e+00     0.1077    97.3425     7.3589     7.5124    31.5517    31.5503    25.0405    25.0398    7.42508 0.0000e+00
      15678      6.647     4.0368     4.0321   2.967388   2.966931     2.1962     2.6163      8.164     2.2281     5.1223 6.3969e+00     0.1081    97.3338     7.3614     7.5086    31.5512    31.5504    25.0401    25.0399    7.42506 0.0000e+00
      15681      6.592     4.0367     4.0322   2.967423   2.966929     2.1958     2.6175      8.164     2.2484     5.3592 6.4638e+00     0.1103    97.2816     7.3595     7.5155    31.5517    31.5503    25.0405    25.0398    7.42505 0.0000e+00
      15684      6.538     4.0367     4.0322   2.967381   2.966907     2.1958     2.6167      8.162     2.2281     6.9383 6.5693e+00     0.1099    97.2903     7.3581     7.5125    31.5513    31.5500    25.0402    25.0396    7.42507 0.0000e+00
      15687      6.483     4.0365     4.0323   2.967408   2.966907     2.1962     2.6171      8.159     2.2281     7.0173 6.6842e+00     0.1106    97.2729     7.3623     7.5128    31.5518    31.5500    25.0406    25.0395    7.42508 0.0000e+00
      15690      6.427     4.0364     4.0324   2.967398   2.966924     2.1970     2.6171      8.162     2.2484     7.0173 6.7619e+00     0.1106    97.2729     7.3680     7.5145    31.5518    31.5501    25.0406    25.0397    7.42511 0.0000e+00
      15693      6.373     4.0364     4.0322   2.967402   2.966911     2.1962     2.6159      8.161     2.2790     7.0173 6.7697e+00     0.1106    97.2729     7.3670     7.5126    31.5519    31.5502    25.0407    25.0397    7.42510 0.0000e+00
      15696      6.316     4.0368     4.0322   2.967399   2.966905     2.1962     2.6163      8.161     2.3604     7.0173 6.8247e+00     0.1106    97.2729     7.3654     7.5140    31.5514    31.5501    25.0403    25.0396    7.42504 0.0000e+00
