Datasets/AZMP/HUD120/hud120_2020_091.cnv
* Sea-Bird SBE 9 Data File:
* FileName = C:\CTDDATA\hud120_2020_091.hex
* Software Version Seasave V 7.26.7.110
* Temperature SN = 1697
* Conductivity SN = 4216
* Number of Bytes Per Scan = 30
* Number of Voltage Words = 4
* Number of Scans Averaged by the Deck Unit = 1
* NMEA baud rate = 4800
** VESSEL/TRIP/SEQ STN:  hud120_2020_091
** LATITUDE XX XX.XX: 49 06.00 N
** LONGITUDE XX XX.XX: 051 49.80 W
** SOUNDING DEPTH (M): 0290
** PROBE TYPE: S1146
** CTD NUMBER: 068
** FORMAT: V
** COMMENTS (14 CHAR): BB-06
** BOTTLES:  10
** LEVELS: 5,10,20,30,40,50,75,100,150,BTM
** STICKERS: 439977 - 439986
** VNET: Y
** DO2: Y
# nquan = 22
# nvalues = 6184                        
# units = specified
# name 0 = scan: Scan Count
# name 1 = prDM: Pressure, Digiquartz [db]
# name 2 = t090C: Temperature [ITS-90, deg C]
# name 3 = t190C: Temperature, 2 [ITS-90, deg C]
# name 4 = c0S/m: Conductivity [S/m]
# name 5 = c1S/m: Conductivity, 2 [S/m]
# name 6 = sbeox0V: Oxygen raw, SBE 43 [V]
# name 7 = sbeox1V: Oxygen raw, SBE 43, 2 [V]
# name 8 = ph: pH
# name 9 = flECO-AFL: Fluorescence, WET Labs ECO-AFL/FL [mg/m^3]
# name 10 = wetCDOM: Fluorescence, WET Labs CDOM [mg/m^3]
# name 11 = par/sat/log: PAR/Logarithmic, Satlantic [umol photons/m^2/sec]
# name 12 = CStarAt0: Beam Attenuation, WET Labs C-Star [1/m]
# name 13 = CStarTr0: Beam Transmission, WET Labs C-Star [%]
# name 14 = sbeox0ML/L: Oxygen, SBE 43 [ml/l], WS = 2
# name 15 = sbeox1ML/L: Oxygen, SBE 43, 2 [ml/l], WS = 2
# name 16 = sal00: Salinity, Practical [PSU]
# name 17 = sal11: Salinity, Practical, 2 [PSU]
# name 18 = sigma-t00: Density [sigma-t, kg/m^3 ]
# name 19 = sigma-t11: Density, 2 [sigma-t, kg/m^3 ]
# name 20 = oxsatML/L: Oxygen Saturation, Weiss [ml/l]
# name 21 = flag: flag
# span 0 =          2,      52165       
# span 1 =      0.285,    286.523       
# span 2 =     0.6836,     2.7119       
# span 3 =     0.6782,     2.7074       
# span 4 =   2.853451,   3.107532       
# span 5 =   2.852938,   3.107018       
# span 6 =     1.8253,     2.2029       
# span 7 =     2.1447,     2.6056       
# span 8 =      8.024,      8.154       
# span 9 =     0.8850,     4.7006       
# span 10 =    -2.8130,   482.1870      
# span 11 = 1.0654e-01, 5.9241e-01      
# span 12 =     0.0768,     0.8583      
# span 13 =    80.6880,    98.0987      
# span 14 =     6.0877,     7.8763      
# span 15 =     6.1496,     7.9007      
# span 16 =    32.7218,    34.4337      
# span 17 =    32.7189,    34.4319      
# span 18 =    26.1628,    27.4588      
# span 19 =    26.1594,    27.4578      
# span 20 =    7.52878,    7.97508      
# span 21 = 0.0000e+00, 0.0000e+00      
# interval = scans: 3                   
# start_time = Nov 28 2020 06:48:15 [System UTC, header]
# bad_flag = -9.990e-29
*END*
[from data line 1712]
       5404    179.890     1.5266     1.5215   2.966378   2.965823     1.9361     2.2784      8.069     1.0274   417.7177 1.0740e-01     0.0828    97.9509     6.7334     6.8023    34.0083    34.0068    27.2123    27.2114    7.78213 0.0000e+00
       5407    179.966     1.5262     1.5210   2.966322   2.965819     1.9365     2.2784      8.069     1.0274    15.5448 1.0740e-01     0.0828    97.9509     6.7336     6.8049    34.0081    34.0073    27.2122    27.2119    7.78223 0.0000e+00
       5410    180.037     1.5252     1.5205   2.966276   2.965782     1.9357     2.2788      8.069     1.0274    11.0836 1.0715e-01     0.0828    97.9509     6.7300     6.8071    34.0085    34.0073    27.2126    27.2119    7.78241 0.0000e+00
       5413    180.100     1.5249     1.5204   2.966268   2.965749     1.9361     2.2784      8.069     1.0173    11.4390 1.0715e-01     0.0828    97.9509     6.7318     6.8034    34.0087    34.0069    27.2127    27.2117    7.78246 0.0000e+00
       5416    180.160     1.5250     1.5203   2.966276   2.965793     1.9353     2.2788      8.069     1.0071    11.4784 1.0715e-01     0.0825    97.9596     6.7253     6.8030    34.0087    34.0076    27.2127    27.2122    7.78244 0.0000e+00
       5419    180.211     1.5245     1.5207   2.966256   2.965765     1.9349     2.2780      8.069     1.0071    11.5179 1.0727e-01     0.0832    97.9422     6.7230     6.7975    34.0089    34.0068    27.2130    27.2115    7.78253 0.0000e+00
       5422    180.261     1.5242     1.5202   2.966226   2.965731     1.9344     2.2775      8.069     1.0274    11.4784 1.0740e-01     0.0835    97.9335     6.7224     6.7964    34.0089    34.0068    27.2129    27.2116    7.78259 0.0000e+00
       5425    180.306     1.5245     1.5200   2.966253   2.965734     1.9340     2.2775      8.069     1.0071    11.3995 1.0740e-01     0.0839    97.9249     6.7188     6.7970    34.0088    34.0071    27.2128    27.2118    7.78252 0.0000e+00
       5428    180.349     1.5249     1.5202   2.966292   2.965759     1.9353     2.2780      8.069     0.9969    11.3995 1.0740e-01     0.0839    97.9249     6.7228     6.7975    34.0088    34.0072    27.2128    27.2119    7.78245 0.0000e+00
       5431    180.388     1.5251     1.5206   2.966245   2.965817     1.9344     2.2780      8.069     0.9867   187.5944 1.0727e-01     0.0835    97.9335     6.7195     6.7974    34.0080    34.0074    27.2121    27.2120    7.78245 0.0000e+00
       5434    180.427     1.5252     1.5208   2.966241   2.965827     1.9340     2.2771      8.067     0.9969   482.1870 1.0727e-01     0.0835    97.9335     6.7227     6.7940    34.0079    34.0073    27.2120    27.2119    7.78244 0.0000e+00
       5437    180.467     1.5249     1.5207   2.966240   2.965809     1.9344     2.2771      8.069     0.9765   481.0816 1.0715e-01     0.0839    97.9249     6.7298     6.7931    34.0081    34.0072    27.2123    27.2118    7.78248 0.0000e+00
       5440    180.507     1.5248     1.5203   2.966223   2.965799     1.9340     2.2767      8.069     0.9867   481.2395 1.0715e-01     0.0842    97.9162     6.7285     6.7901    34.0080    34.0074    27.2122    27.2121    7.78251 0.0000e+00
       5443    180.543     1.5250     1.5201   2.966236   2.965780     1.9340     2.2767      8.069     0.9969   481.2395 1.0740e-01     0.0842    97.9162     6.7306     6.7915    34.0079    34.0074    27.2121    27.2120    7.78248 0.0000e+00
       5446    180.585     1.5250     1.5201   2.966237   2.965772     1.9340     2.2763      8.069     0.9969   481.2395 1.0727e-01     0.0842    97.9162     6.7352     6.7905    34.0078    34.0073    27.2121    27.2120    7.78247 0.0000e+00
       5449    180.630     1.5248     1.5197   2.966294   2.965786     1.9332     2.2767      8.069     0.9867   481.2790 1.0727e-01     0.0842    97.9162     6.7341     6.7923    34.0088    34.0079    27.2128    27.2125    7.78247 0.0000e+00
       5452    180.676     1.5251     1.5201   2.966290   2.965787     1.9332     2.2759      8.069     0.9969   481.2395 1.0727e-01     0.0842    97.9162     6.7352     6.7904    34.0084    34.0074    27.2124    27.2121    7.78242 0.0000e+00
       5455    180.726     1.5247     1.5205   2.966278   2.965815     1.9336     2.2767      8.069     1.0071   481.2790 1.0715e-01     0.0842    97.9162     6.7388     6.7974    34.0087    34.0074    27.2127    27.2120    7.78249 0.0000e+00
       5458    180.782     1.5249     1.5208   2.966305   2.965821     1.9344     2.2759      8.067     1.0071   173.3820 1.0740e-01     0.0849    97.8988     6.7421     6.7946    34.0088    34.0071    27.2128    27.2117    7.78246 0.0000e+00
       5461    180.851     1.5248     1.5209   2.966278   2.965855     1.9340     2.2751      8.069     0.9969     3.0299 1.0727e-01     0.0853    97.8901     6.7378     6.7888    34.0085    34.0074    27.2126    27.2120    7.78249 0.0000e+00
       5464    180.927     1.5222     1.5207   2.966104   2.965824     1.9328     2.2747      8.069     0.9867     9.2281 1.0727e-01     0.0853    97.8901     6.7307     6.7865    34.0090    34.0071    27.2132    27.2117    7.78297 0.0000e+00
       5467    181.005     1.5214     1.5187   2.966031   2.965639     1.9340     2.2759      8.069     0.9969     8.9123 1.0740e-01     0.0857    97.8814     6.7352     6.7908    34.0089    34.0069    27.2132    27.2118    7.78314 0.0000e+00
       5470    181.089     1.5211     1.5158   2.966007   2.965418     1.9349     2.2759      8.069     0.9969     8.9123 1.0727e-01     0.0849    97.8988     6.7389     6.7924    34.0090    34.0072    27.2132    27.2122    7.78321 0.0000e+00
       5473    181.180     1.5210     1.5138   2.965974   2.965281     1.9344     2.2751      8.069     0.9867     8.9123 1.0715e-01     0.0853    97.8901     6.7327     6.7881    34.0085    34.0075    27.2129    27.2126    7.78324 0.0000e+00
       5476    181.276     1.5190     1.5128   2.965816   2.965237     1.9340     2.2759      8.067     0.9969     8.9123 1.0727e-01     0.0849    97.8988     6.7251     6.7937    34.0086    34.0080    27.2131    27.2130    7.78364 0.0000e+00
       5479    181.383     1.5180     1.5122   2.965750   2.965183     1.9332     2.2755      8.069     1.0071     8.9123 1.0727e-01     0.0853    97.8901     6.7191     6.7932    34.0088    34.0080    27.2134    27.2130    7.78383 0.0000e+00
       5482    181.495     1.5180     1.5119   2.965759   2.965167     1.9332     2.2743      8.069     0.9867    18.7426 1.0740e-01     0.0842    97.9162     6.7212     6.7894    34.0089    34.0080    27.2134    27.2131    7.78383 0.0000e+00
       5485    181.614     1.5167     1.5115   2.965703   2.965200     1.9324     2.2735      8.069     1.0071   432.5618 1.0727e-01     0.0849    97.8988     6.7202     6.7840    34.0096    34.0087    27.2140    27.2137    7.78406 0.0000e+00
       5488    181.741     1.5162     1.5115   2.965754   2.965204     1.9328     2.2739      8.069     0.9765   481.1605 1.0715e-01     0.0842    97.9162     6.7190     6.7832    34.0106    34.0088    27.2149    27.2138    7.78410 0.0000e+00
       5491    181.875     1.5173     1.5121   2.965916   2.965373     1.9328     2.2747      8.069     0.9969   481.0421 1.0740e-01     0.0849    97.8988     6.7161     6.7840    34.0114    34.0102    27.2154    27.2148    7.78383 0.0000e+00
       5494    182.015     1.5181     1.5134   2.966047   2.965543     1.9328     2.2739      8.069     0.9867   481.2395 1.0727e-01     0.0842    97.9162     6.7203     6.7806    34.0121    34.0108    27.2159    27.2152    7.78364 0.0000e+00
       5497    182.160     1.5193     1.5151   2.966232   2.965732     1.9316     2.2739      8.069     0.9969   481.2395 1.0727e-01     0.0846    97.9075     6.7182     6.7824    34.0131    34.0113    27.2166    27.2155    7.78334 0.0000e+00
       5500    182.310     1.5205     1.5162   2.966386   2.965829     1.9316     2.2743      8.069     0.9969   481.2395 1.0727e-01     0.0853    97.8901     6.7200     6.7843    34.0137    34.0113    27.2170    27.2155    7.78308 0.0000e+00
       5503    182.467     1.5218     1.5165   2.966468   2.965890     1.9328     2.2739      8.069     1.0274   481.2790 1.0715e-01     0.0846    97.9075     6.7276     6.7847    34.0132    34.0117    27.2166    27.2157    7.78284 0.0000e+00
       5506    182.628     1.5233     1.5183   2.966696   2.966164     1.9336     2.2731      8.069     1.0274   481.2790 1.0727e-01     0.0846    97.9075     6.7293     6.7833    34.0144    34.0131    27.2174    27.2167    7.78248 0.0000e+00
       5509    182.790     1.5254     1.5208   2.966934   2.966423     1.9320     2.2723      8.067     1.0071   386.6872 1.0715e-01     0.0846    97.9075     6.7187     6.7786    34.0151    34.0135    27.2178    27.2169    7.78203 0.0000e+00
       5512    182.954     1.5260     1.5219   2.966984   2.966505     1.9316     2.2735      8.067     1.0376     1.9245 1.0715e-01     0.0842    97.9162     6.7147     6.7803    34.0149    34.0133    27.2177    27.2167    7.78191 0.0000e+00
       5515    183.121     1.5261     1.5220   2.967058   2.966536     1.9324     2.2723      8.067     1.0274     2.0034 1.0740e-01     0.0846    97.9075     6.7167     6.7739    34.0156    34.0134    27.2182    27.2168    7.78184 0.0000e+00
       5518    183.284     1.5269     1.5225   2.967080   2.966586     1.9324     2.2723      8.067     1.0274     3.0299 1.0715e-01     0.0849    97.8988     6.7164     6.7728    34.0150    34.0134    27.2177    27.2167    7.78172 0.0000e+00
       5521    183.445     1.5270     1.5226   2.967132   2.966625     1.9316     2.2735      8.067     1.0274     2.9904 1.0715e-01     0.0910    97.7510     6.7109     6.7764    34.0155    34.0138    27.2180    27.2170    7.78168 0.0000e+00
       5524    183.605     1.5276     1.5230   2.967262   2.966701     1.9316     2.2714      8.069     1.0376     2.9904 1.0715e-01     0.0917    97.7336     6.7077     6.7690    34.0164    34.0142    27.2187    27.2174    7.78151 0.0000e+00
       5527    183.759     1.5290     1.5247   2.967504   2.966999     1.9316     2.2723      8.067     1.0274     2.9904 1.0727e-01     0.0917    97.7336     6.7042     6.7722    34.0178    34.0161    27.2198    27.2187    7.78115 0.0000e+00
       5530    183.911     1.5358     1.5305   2.968429   2.967731     1.9304     2.2723      8.067     0.9969     2.9904 1.0715e-01     0.0921    97.7249     6.6984     6.7722    34.0221    34.0190    27.2227    27.2206    7.77956 0.0000e+00
       5533    184.056     1.5438     1.5385   2.969167   2.968555     1.9308     2.2719      8.069     0.9969     2.9904 1.0715e-01     0.0917    97.7336     6.7024     6.7677    34.0227    34.0207    27.2226    27.2214    7.77792 0.0000e+00
       5536    184.197     1.5480     1.5432   2.969448   2.968858     1.9308     2.2710      8.069     0.9867     3.4642 1.0715e-01     0.0917    97.7336     6.7042     6.7645    34.0217    34.0193    27.2215    27.2200    7.77714 0.0000e+00
       5539    184.332     1.5496     1.5446   2.969534   2.968950     1.9300     2.2710      8.066     0.9969     4.0564 1.0727e-01     0.0914    97.7423     6.7027     6.7660    34.0210    34.0190    27.2208    27.2196    7.77685 0.0000e+00
       5542    184.459     1.5503     1.5454   2.969588   2.969059     1.9304     2.2702      8.064     0.9867     4.0564 1.0740e-01     0.0864    97.8640     6.7116     6.7630    34.0207    34.0193    27.2206    27.2198    7.77672 0.0000e+00
       5545    184.578     1.5497     1.5460   2.969560   2.969154     1.9304     2.2710      8.067     0.9969     4.0564 1.0727e-01     0.0864    97.8640     6.7153     6.7670    34.0210    34.0198    27.2208    27.2202    7.77682 0.0000e+00
       5548    184.689     1.5501     1.5460   2.969577   2.969134     1.9304     2.2702      8.066     0.9969     4.0564 1.0727e-01     0.0864    97.8640     6.7182     6.7680    34.0207    34.0196    27.2206    27.2199    7.77676 0.0000e+00
       5551    184.793     1.5521     1.5473   2.969838   2.969366     1.9296     2.2698      8.066     0.9969     4.0564 1.0715e-01     0.0864    97.8640     6.7174     6.7663    34.0218    34.0210    27.2213    27.2210    7.77630 0.0000e+00
       5554    184.887     1.5531     1.5488   2.969940   2.969513     1.9300     2.2702      8.064     0.9867     4.0564 1.0740e-01     0.0864    97.8640     6.7191     6.7704    34.0219    34.0212    27.2213    27.2211    7.77609 0.0000e+00
       5557    184.976     1.5538     1.5497   2.970031   2.969591     1.9300     2.2702      8.067     0.9969     4.0564 1.0740e-01     0.0864    97.8640     6.7162     6.7765    34.0223    34.0212    27.2216    27.2210    7.77593 0.0000e+00
       5560    185.059     1.5547     1.5507   2.970067   2.969718     1.9308     2.2702      8.067     0.9969     4.0564 1.0727e-01     0.0864    97.8640     6.7187     6.7813    34.0218    34.0217    27.2211    27.2213    7.77579 0.0000e+00
       5563    185.137     1.5547     1.5510   2.970139   2.969729     1.9308     2.2702      8.067     1.0071    -0.2074 1.0715e-01     0.0853    97.8901     6.7173     6.7825    34.0226    34.0214    27.2217    27.2211    7.77573 0.0000e+00
       5566    185.208     1.5552     1.5510   2.970185   2.969712     1.9308     2.2698      8.067     0.9969    -1.5102 1.0740e-01     0.0853    97.8901     6.7170     6.7796    34.0226    34.0212    27.2217    27.2209    7.77563 0.0000e+00
       5569    185.276     1.5554     1.5512   2.970186   2.969757     1.9304     2.2698      8.067     0.9867    -1.4707 1.0740e-01     0.0853    97.8901     6.7139     6.7799    34.0223    34.0214    27.2215    27.2211    7.77561 0.0000e+00
       5572    185.342     1.5553     1.5513   2.970183   2.969756     1.9304     2.2698      8.066     0.9969    -1.4707 1.0727e-01     0.0853    97.8901     6.7140     6.7826    34.0225    34.0213    27.2216    27.2210    7.77564 0.0000e+00
       5575    185.404     1.5556     1.5509   2.970221   2.969713     1.9304     2.2694      8.067     0.9969    -1.4707 1.0740e-01     0.0853    97.8901     6.7125     6.7814    34.0225    34.0212    27.2216    27.2209    7.77556 0.0000e+00
       5578    185.467     1.5552     1.5508   2.970211   2.969697     1.9292     2.2702      8.064     0.9867    -1.4707 1.0727e-01     0.0853    97.8901     6.7015     6.7844    34.0228    34.0210    27.2219    27.2208    7.77562 0.0000e+00
       5581    185.525     1.5557     1.5508   2.970251   2.969740     1.9296     2.2710      8.067     1.0172    -1.5102 1.0740e-01     0.0867    97.8553     6.7018     6.7891    34.0227    34.0215    27.2218    27.2212    7.77553 0.0000e+00
       5584    185.581     1.5554     1.5511   2.970257   2.969752     1.9288     2.2706      8.067     1.0071    -1.4313 1.0715e-01     0.0867    97.8553     6.6993     6.7893    34.0230    34.0213    27.2221    27.2210    7.77557 0.0000e+00
       5587    185.639     1.5555     1.5511   2.970251   2.969737     1.9296     2.2698      8.064     1.0071    39.9823 1.0727e-01     0.0867    97.8553     6.7070     6.7854    34.0228    34.0212    27.2219    27.2209    7.77556 0.0000e+00
       5590    185.701     1.5556     1.5510   2.970240   2.969740     1.9300     2.2690      8.067     1.0274   456.8020 1.0727e-01     0.0874    97.8379     6.7134     6.7804    34.0226    34.0213    27.2217    27.2210    7.77557 0.0000e+00
       5593    185.762     1.5556     1.5510   2.970212   2.969766     1.9292     2.2698      8.064     1.0173   481.4764 1.0740e-01     0.0867    97.8553     6.7110     6.7808    34.0222    34.0216    27.2214    27.2212    7.77558 0.0000e+00
       5596    185.826     1.5554     1.5512   2.970237   2.969761     1.9300     2.2706      8.064     1.0274   481.1211 1.0727e-01     0.0871    97.8466     6.7153     6.7822    34.0227    34.0212    27.2218    27.2209    7.77559 0.0000e+00
