Datasets/AZMP/HUD120/hud120_2020_051.cnv
* Sea-Bird SBE 9 Data File:
* FileName = C:\CTDDATA\hud120_2020_051.hex
* Software Version Seasave V 7.26.7.110
* Temperature SN = 1697
* Conductivity SN = 4216
* Number of Bytes Per Scan = 30
* Number of Voltage Words = 4
* Number of Scans Averaged by the Deck Unit = 1
* NMEA baud rate = 4800
** VESSEL/TRIP/SEQ STN:  hud120_2020_051
** LATITUDE XX XX.XX: 47 00.00 N
** LONGITUDE XX XX.XX: 043 50.00 W
** SOUNDING DEPTH (M): 0581
** PROBE TYPE: S1146
** CTD NUMBER: 030
** FORMAT: V
** COMMENTS (14 CHAR): FC-31
** BOTTLES:  10
** LEVELS: 5,10,20,30,40,50,75,100,150,BTM
** STICKERS: 439699 - 439708
** VNET: Y
** DO2: N
# nquan = 22
# nvalues = 8521                        
# units = specified
# name 0 = scan: Scan Count
# name 1 = prDM: Pressure, Digiquartz [db]
# name 2 = t090C: Temperature [ITS-90, deg C]
# name 3 = t190C: Temperature, 2 [ITS-90, deg C]
# name 4 = c0S/m: Conductivity [S/m]
# name 5 = c1S/m: Conductivity, 2 [S/m]
# name 6 = sbeox0V: Oxygen raw, SBE 43 [V]
# name 7 = sbeox1V: Oxygen raw, SBE 43, 2 [V]
# name 8 = ph: pH
# name 9 = flECO-AFL: Fluorescence, WET Labs ECO-AFL/FL [mg/m^3]
# name 10 = wetCDOM: Fluorescence, WET Labs CDOM [mg/m^3]
# name 11 = par/sat/log: PAR/Logarithmic, Satlantic [umol photons/m^2/sec]
# name 12 = CStarAt0: Beam Attenuation, WET Labs C-Star [1/m]
# name 13 = CStarTr0: Beam Transmission, WET Labs C-Star [%]
# name 14 = sbeox0ML/L: Oxygen, SBE 43 [ml/l], WS = 2
# name 15 = sbeox1ML/L: Oxygen, SBE 43, 2 [ml/l], WS = 2
# name 16 = sal00: Salinity, Practical [PSU]
# name 17 = sal11: Salinity, Practical, 2 [PSU]
# name 18 = sigma-t00: Density [sigma-t, kg/m^3 ]
# name 19 = sigma-t11: Density, 2 [sigma-t, kg/m^3 ]
# name 20 = oxsatML/L: Oxygen Saturation, Weiss [ml/l]
# name 21 = flag: flag
# span 0 =          2,      64019       
# span 1 =      1.843,    578.242       
# span 2 =     3.6736,     8.0290       
# span 3 =     3.6761,     8.0247       
# span 4 =   3.224602,   3.533209       
# span 5 =   3.224915,   3.532580       
# span 6 =     1.8256,     2.2059       
# span 7 =     2.1732,     2.6512       
# span 8 =      7.950,      8.123       
# span 9 =     0.8646,     5.9928       
# span 10 =    -2.8130,   482.1870      
# span 11 = 1.0483e-01, 2.0319e-01      
# span 12 =     0.0803,     0.3314      
# span 13 =    92.0488,    98.0118      
# span 14 =     5.6392,     6.7235      
# span 15 =     5.7946,     6.9423      
# span 16 =    33.6877,    34.8785      
# span 17 =    33.6872,    34.8774      
# span 18 =    26.3200,    27.6927      
# span 19 =    26.3565,    27.6927      
# span 20 =    6.64595,    7.33222      
# span 21 = 0.0000e+00, 0.0000e+00      
# interval = scans: 3                   
# start_time = Nov 22 2020 21:20:33 [System UTC, header]
# bad_flag = -9.990e-29
*END*
[from data line 6651]
      35504    215.849     4.0668     4.0726   3.251987   3.251868     1.9048     2.2762      7.968     0.8952   481.3184 1.0727e-01     0.0892    97.7945     6.1438     6.3353    34.7709    34.7634    27.5970    27.5904    7.26279 0.0000e+00
      35507    215.711     4.0686     4.0751   3.252306   3.252192     1.9036     2.2766      7.968     0.9155   481.3184 1.0715e-01     0.0896    97.7858     6.1369     6.3377    34.7729    34.7647    27.5984    27.5911    7.26238 0.0000e+00
      35510    215.575     4.0703     4.0784   3.253198   3.252423     1.9044     2.2758      7.968     0.9053   481.3184 1.0715e-01     0.0892    97.7945     6.1399     6.3367    34.7818    34.7640    27.6053    27.5902    7.26166 0.0000e+00
      35513    215.443     4.0727     4.0783   3.253414   3.252304     1.9044     2.2775      7.968     0.8952   382.4235 1.0715e-01     0.0896    97.7858     6.1393     6.3425    34.7818    34.7628    27.6050    27.5893    7.26122 0.0000e+00
      35516    215.319     4.0759     4.0732   3.253812   3.251795     1.9044     2.2766      7.966     0.9155     3.0694 1.0715e-01     0.0896    97.7858     6.1358     6.3394    34.7832    34.7622    27.6058    27.5894    7.26058 0.0000e+00
      35519    215.199     4.0785     4.0676   3.253216   3.251525     1.9040     2.2766      7.968     0.9053     7.8463 1.0715e-01     0.0896    97.7858     6.1325     6.3414    34.7736    34.7650    27.5978    27.5922    7.26060 0.0000e+00
      35522    215.087     4.0804     4.0650   3.252495   3.251132     1.9040     2.2775      7.968     0.9053     8.0043 1.0715e-01     0.0892    97.7945     6.1312     6.3451    34.7631    34.7631    27.5893    27.5909    7.26076 0.0000e+00
      35525    214.979     4.0804     4.0631   3.251910   3.250928     1.9040     2.2766      7.968     0.9053     7.9648 1.0715e-01     0.0874    97.8379     6.1271     6.3375    34.7561    34.7628    27.5837    27.5909    7.26109 0.0000e+00
      35528    214.876     4.0790     4.0652   3.252502   3.251078     1.9036     2.2766      7.968     0.8952     7.9648 1.0715e-01     0.0874    97.8379     6.1238     6.3339    34.7647    34.7624    27.5907    27.5904    7.26093 0.0000e+00
      35531    214.786     4.0789     4.0636   3.252405   3.250972     1.9036     2.2766      7.968     0.9155     7.9648 1.0715e-01     0.0874    97.8379     6.1215     6.3324    34.7637    34.7629    27.5900    27.5909    7.26099 0.0000e+00
      35534    214.698     4.0789     4.0675   3.252291   3.251463     1.9040     2.2775      7.968     0.8850     7.9648 1.0715e-01     0.0874    97.8379     6.1194     6.3315    34.7624    34.7646    27.5889    27.5919    7.26106 0.0000e+00
      35537    214.617     4.0785     4.0770   3.252371   3.252404     1.9032     2.2762      7.968     0.8952     7.9648 1.0715e-01     0.0874    97.8379     6.1132     6.3213    34.7638    34.7658    27.5900    27.5918    7.26106 0.0000e+00
      35540    214.542     4.0788     4.0845   3.253112   3.252948     1.9036     2.2758      7.968     0.8952   234.6140 1.0715e-01     0.0874    97.8379     6.1137     6.3183    34.7723    34.7644    27.5968    27.5899    7.26059 0.0000e+00
      35543    214.474     4.0804     4.0891   3.253815   3.253386     1.9036     2.2766      7.968     0.8952   482.1870 1.0715e-01     0.0878    97.8292     6.1130     6.3184    34.7790    34.7646    27.6020    27.5896    7.25999 0.0000e+00
      35546    214.414     4.0831     4.0919   3.254320   3.253685     1.9032     2.2754      7.968     0.8952   481.0816 1.0715e-01     0.0874    97.8379     6.1089     6.3111    34.7821    34.7653    27.6041    27.5898    7.25935 0.0000e+00
      35549    214.360     4.0862     4.0973   3.255236   3.254202     1.9024     2.2742      7.968     0.8952   481.3184 1.0715e-01     0.0874    97.8379     6.1039     6.3048    34.7898    34.7657    27.6099    27.5896    7.25844 0.0000e+00
      35552    214.308     4.0898     4.1011   3.256059   3.254544     1.9028     2.2754      7.968     0.8850   481.3184 1.0715e-01     0.0874    97.8379     6.1042     6.3068    34.7958    34.7658    27.6143    27.5893    7.25751 0.0000e+00
      35555    214.261     4.0944     4.1031   3.256854   3.254865     1.9020     2.2754      7.968     0.9053   481.2790 1.0715e-01     0.0874    97.8379     6.0985     6.3057    34.8003    34.7676    27.6174    27.5905    7.25646 0.0000e+00
      35558    214.220     4.0997     4.1111   3.256931   3.255715     1.9015     2.2742      7.968     0.8952   481.2790 1.0715e-01     0.0874    97.8379     6.0945     6.3009    34.7957    34.7691    27.6132    27.5909    7.25575 0.0000e+00
      35561    214.181     4.1038     4.1158   3.255785   3.255975     1.9015     2.2746      7.968     0.8952   481.2790 1.0715e-01     0.0874    97.8379     6.0946     6.3033    34.7777    34.7673    27.5985    27.5889    7.25588 0.0000e+00
      35564    214.141     4.1067     4.1180   3.256149   3.256132     1.9020     2.2742      7.968     0.9053   481.3579 1.0715e-01     0.0874    97.8379     6.0948     6.3008    34.7790    34.7668    27.5992    27.5883    7.25530 0.0000e+00
      35567    214.106     4.1084     4.1200   3.256906   3.256259     1.9011     2.2742      7.968     0.9053   120.5195 1.0715e-01     0.0874    97.8379     6.0912     6.3006    34.7862    34.7663    27.6047    27.5876    7.25466 0.0000e+00
      35570    214.073     4.1118     4.1231   3.257739   3.256648     1.9011     2.2730      7.968     0.8952     2.3193 1.0715e-01     0.0874    97.8379     6.0918     6.2959    34.7925    34.7676    27.6094    27.5884    7.25375 0.0000e+00
      35573    214.040     4.1160     4.1304   3.259014   3.257154     1.9011     2.2730      7.968     0.8850     7.0173 1.0715e-01     0.0874    97.8379     6.0911     6.2932    34.8032    34.7659    27.6174    27.5863    7.25249 0.0000e+00
      35576    214.006     4.1214     4.1258   3.259040   3.256690     1.9011     2.2730      7.968     0.8952     6.7804 1.0715e-01     0.0874    97.8379     6.0917     6.2940    34.7977    34.7653    27.6125    27.5863    7.25178 0.0000e+00
      35579    213.973     4.1265     4.1221   3.258605   3.256446     1.9003     2.2730      7.968     0.9053     6.7804 1.0715e-01     0.0874    97.8379     6.0910     6.2953    34.7872    34.7664    27.6037    27.5875    7.25138 0.0000e+00
      35582    213.939     4.1301     4.1299   3.257543   3.257213     1.9003     2.2726      7.968     0.9053     6.7804 1.0715e-01     0.0878    97.8292     6.0906     6.2924    34.7708    34.7672    27.5902    27.5873    7.25153 0.0000e+00
      35585    213.902     4.1308     4.1396   3.257708   3.257842     1.8999     2.2726      7.968     0.8952     6.7804 1.0715e-01     0.0871    97.8466     6.0879     6.2886    34.7721    34.7644    27.5911    27.5841    7.25135 0.0000e+00
      35588    213.863     4.1312     4.1425   3.258618   3.258119     1.8995     2.2722      7.968     0.9053     6.7804 1.0715e-01     0.0867    97.8553     6.0864     6.2878    34.7825    34.7646    27.5993    27.5840    7.25078 0.0000e+00
      35591    213.824     4.1330     4.1409   3.258300   3.258117     1.8995     2.2718      7.968     0.8952    45.1935 1.0715e-01     0.0867    97.8553     6.0861     6.2864    34.7768    34.7663    27.5946    27.5855    7.25072 0.0000e+00
      35594    213.780     4.1350     4.1332   3.258867   3.257424     1.8995     2.2709      7.968     0.8952   455.8545 1.0715e-01     0.0867    97.8553     6.0840     6.2844    34.7815    34.7662    27.5981    27.5862    7.25015 0.0000e+00
      35597    213.734     4.1371     4.1278   3.258391   3.256849     1.8991     2.2714      7.966     0.9053   481.5159 1.0727e-01     0.0871    97.8466     6.0820     6.2853    34.7736    34.7652    27.5917    27.5859    7.25015 0.0000e+00
      35600    213.686     4.1382     4.1172   3.258278   3.255996     1.8999     2.2718      7.968     0.9053   481.1605 1.0715e-01     0.0871    97.8466     6.0856     6.2880    34.7712    34.7663    27.5896    27.5880    7.25008 0.0000e+00
      35603    213.639     4.1390     4.1143   3.258295   3.255926     1.8995     2.2705      7.968     0.8952   481.3579 1.0715e-01     0.0871    97.8466     6.0848     6.2827    34.7705    34.7686    27.5891    27.5901    7.24997 0.0000e+00
      35606    213.593     4.1395     4.1221   3.258603   3.256756     1.8987     2.2701      7.968     0.8952   481.3184 1.0715e-01     0.0867    97.8553     6.0810     6.2785    34.7737    34.7702    27.5915    27.5905    7.24973 0.0000e+00
      35609    213.539     4.1399     4.1320   3.258776   3.257561     1.8991     2.2697      7.968     0.8952   481.3184 1.0715e-01     0.0867    97.8553     6.0814     6.2739    34.7753    34.7693    27.5928    27.5888    7.24958 0.0000e+00
      35612    213.488     4.1411     4.1398   3.258467   3.258282     1.8987     2.2701      7.968     0.9053   481.3184 1.0715e-01     0.0864    97.8640     6.0778     6.2736    34.7704    34.7696    27.5887    27.5882    7.24960 0.0000e+00
      35615    213.435     4.1416     4.1417   3.258434   3.258415     1.8975     2.2693      7.968     0.9155   481.3184 1.0715e-01     0.0867    97.8553     6.0727     6.2714    34.7695    34.7692    27.5879    27.5876    7.24955 0.0000e+00
      35618    213.380     4.1416     4.1417   3.258643   3.258380     1.8979     2.2693      7.968     0.9155   339.2334 1.0715e-01     0.0871    97.8466     6.0730     6.2711    34.7720    34.7689    27.5900    27.5874    7.24944 0.0000e+00
      35621    213.327     4.1422     4.1406   3.258363   3.258272     1.8975     2.2685      7.968     0.9155    -2.8130 1.0715e-01     0.0867    97.8553     6.0722     6.2661    34.7681    34.7687    27.5868    27.5874    7.24951 0.0000e+00
      35624    213.271     4.1423     4.1397   3.258487   3.258175     1.8975     2.2693      7.966     0.9053     3.2668 1.0715e-01     0.0874    97.8379     6.0712     6.2701    34.7695    34.7685    27.5879    27.5874    7.24943 0.0000e+00
      35627    213.216     4.1426     4.1393   3.258458   3.258164     1.8975     2.2677      7.968     0.9053     3.6221 1.0715e-01     0.0874    97.8379     6.0728     6.2663    34.7689    34.7689    27.5873    27.5877    7.24941 0.0000e+00
      35630    213.162     4.1427     4.1395   3.258534   3.258179     1.8975     2.2669      7.966     0.8952     3.6221 1.0715e-01     0.0874    97.8379     6.0731     6.2636    34.7697    34.7688    27.5880    27.5876    7.24935 0.0000e+00
      35633    213.110     4.1428     4.1402   3.258543   3.258203     1.8963     2.2669      7.968     0.9155     3.5826 1.0715e-01     0.0874    97.8379     6.0695     6.2630    34.7697    34.7685    27.5880    27.5873    7.24933 0.0000e+00
      35636    213.055     4.1430     4.1404   3.258544   3.258260     1.8967     2.2669      7.968     0.9053     3.5826 1.0715e-01     0.0874    97.8379     6.0747     6.2636    34.7695    34.7689    27.5878    27.5876    7.24930 0.0000e+00
      35639    212.999     4.1431     4.1410   3.258658   3.258276     1.8967     2.2677      7.968     0.9155     3.5826 1.0715e-01     0.0874    97.8379     6.0765     6.2684    34.7708    34.7685    27.5888    27.5872    7.24922 0.0000e+00
      35642    212.942     4.1435     4.1416   3.258630   3.258301     1.8963     2.2660      7.968     0.9053     3.5826 1.0715e-01     0.0874    97.8379     6.0734     6.2647    34.7701    34.7682    27.5882    27.5869    7.24918 0.0000e+00
      35645    212.887     4.1438     4.1416   3.258371   3.258296     1.8967     2.2660      7.968     0.9053     3.8984 1.0715e-01     0.0874    97.8379     6.0764     6.2662    34.7667    34.7682    27.5855    27.5869    7.24929 0.0000e+00
      35648    212.835     4.1439     4.1412   3.258536   3.258260     1.8954     2.2656      7.966     0.9155     4.0564 1.0715e-01     0.0874    97.8379     6.0707     6.2662    34.7686    34.7682    27.5870    27.5869    7.24919 0.0000e+00
      35651    212.779     4.1440     4.1412   3.258515   3.258248     1.8959     2.2660      7.968     0.9053     4.0564 1.0715e-01     0.0867    97.8553     6.0728     6.2703    34.7683    34.7682    27.5867    27.5869    7.24919 0.0000e+00
      35654    212.724     4.1439     4.1409   3.258502   3.258235     1.8954     2.2648      7.968     0.9155     4.0564 1.0715e-01     0.0874    97.8379     6.0718     6.2673    34.7683    34.7683    27.5867    27.5870    7.24920 0.0000e+00
      35657    212.672     4.1438     4.1403   3.258419   3.258134     1.8963     2.2656      7.968     0.9155     4.0564 1.0727e-01     0.0874    97.8379     6.0776     6.2709    34.7674    34.7678    27.5860    27.5867    7.24926 0.0000e+00
      35660    212.618     4.1435     4.1384   3.258253   3.257944     1.8959     2.2644      7.968     0.8850     4.0564 1.0715e-01     0.0871    97.8466     6.0758     6.2682    34.7659    34.7675    27.5848    27.5867    7.24940 0.0000e+00
      35663    212.561     4.1434     4.1371   3.258064   3.257838     1.8959     2.2656      7.968     0.8952     4.0564 1.0715e-01     0.0871    97.8466     6.0761     6.2752    34.7637    34.7677    27.5831    27.5870    7.24951 0.0000e+00
      35666    212.507     4.1427     4.1366   3.258091   3.257773     1.8950     2.2648      7.968     0.9257     4.0564 1.0715e-01     0.0874    97.8379     6.0720     6.2752    34.7648    34.7675    27.5841    27.5868    7.24959 0.0000e+00
      35669    212.452     4.1423     4.1363   3.257907   3.257746     1.8954     2.2644      7.968     0.9257     4.0564 1.0715e-01     0.0874    97.8379     6.0736     6.2722    34.7630    34.7676    27.5828    27.5869    7.24974 0.0000e+00
      35672    212.394     4.1414     4.1351   3.257959   3.257622     1.8950     2.2644      7.968     0.9460    -0.6022 1.0715e-01     0.0874    97.8379     6.0712     6.2733    34.7646    34.7674    27.5841    27.5869    7.24982 0.0000e+00
      35675    212.333     4.1409     4.1339   3.257905   3.257548     1.8946     2.2644      7.968     0.9358    -1.3128 1.0715e-01     0.0874    97.8379     6.0697     6.2740    34.7646    34.7678    27.5841    27.5874    7.24991 0.0000e+00
      35678    212.271     4.1402     4.1345   3.257789   3.257597     1.8950     2.2644      7.968     0.9257    -1.3128 1.0715e-01     0.0874    97.8379     6.0745     6.2753    34.7640    34.7677    27.5837    27.5872    7.25007 0.0000e+00
      35681    212.202     4.1400     4.1366   3.257892   3.257807     1.8954     2.2644      7.968     0.9460    -1.3523 1.0715e-01     0.0874    97.8379     6.0762     6.2755    34.7655    34.7681    27.5849    27.5873    7.25004 0.0000e+00
      35684    212.133     4.1397     4.1380   3.257768   3.257862     1.8950     2.2644      7.968     0.9257    -1.3128 1.0715e-01     0.0874    97.8379     6.0774     6.2762    34.7643    34.7673    27.5840    27.5866    7.25013 0.0000e+00
      35687    212.062     4.1395     4.1373   3.257738   3.257830     1.8942     2.2644      7.968     0.9257    -1.3128 1.0715e-01     0.0867    97.8553     6.0770     6.2771    34.7643    34.7677    27.5840    27.5869    7.25018 0.0000e+00
      35690    211.989     4.1392     4.1361   3.257682   3.257731     1.8942     2.2636      7.968     0.9358    -1.3128 1.0715e-01     0.0867    97.8553     6.0774     6.2758    34.7639    34.7677    27.5838    27.5871    7.25025 0.0000e+00
      35693    211.912     4.1387     4.1360   3.257653   3.257691     1.8938     2.2632      7.968     0.9765    -1.3128 1.0715e-01     0.0864    97.8640     6.0769     6.2753    34.7642    34.7675    27.5840    27.5869    7.25033 0.0000e+00
      35696    211.833     4.1381     4.1343   3.257526   3.257450     1.8938     2.2640      7.968     0.9460    -1.3523 1.0715e-01     0.0864    97.8640     6.0793     6.2801    34.7633    34.7665    27.5834    27.5863    7.25047 0.0000e+00
