Datasets/AZMP/HUD120/hud120_2020_110.cnv
* Sea-Bird SBE 9 Data File:
* FileName = C:\CTDDATA\hud120_2020_110.hex
* Software Version Seasave V 7.26.7.110
* Temperature SN = 1697
* Conductivity SN = 4216
* Number of Bytes Per Scan = 30
* Number of Voltage Words = 4
* Number of Scans Averaged by the Deck Unit = 1
* NMEA baud rate = 4800
** VESSEL/TRIP/SEQ STN:  hud120_2020_110
** LATITUDE XX XX.XX: 47 34.80 N
** LONGITUDE XX XX.XX: 052 21.00 W
** SOUNDING DEPTH (M): 0170
** PROBE TYPE: S1146
** CTD NUMBER: 080
** FORMAT: V
** COMMENTS (14 CHAR): S27-02
** BOTTLES:  0
** LEVELS: 0
** STICKERS:
** VNET: N
** DO2: N
# nquan = 22
# nvalues = 3146                        
# units = specified
# name 0 = scan: Scan Count
# name 1 = prDM: Pressure, Digiquartz [db]
# name 2 = t090C: Temperature [ITS-90, deg C]
# name 3 = t190C: Temperature, 2 [ITS-90, deg C]
# name 4 = c0S/m: Conductivity [S/m]
# name 5 = c1S/m: Conductivity, 2 [S/m]
# name 6 = sbeox0V: Oxygen raw, SBE 43 [V]
# name 7 = sbeox1V: Oxygen raw, SBE 43, 2 [V]
# name 8 = ph: pH
# name 9 = flECO-AFL: Fluorescence, WET Labs ECO-AFL/FL [mg/m^3]
# name 10 = wetCDOM: Fluorescence, WET Labs CDOM [mg/m^3]
# name 11 = par/sat/log: PAR/Logarithmic, Satlantic [umol photons/m^2/sec]
# name 12 = CStarAt0: Beam Attenuation, WET Labs C-Star [1/m]
# name 13 = CStarTr0: Beam Transmission, WET Labs C-Star [%]
# name 14 = sbeox0ML/L: Oxygen, SBE 43 [ml/l], WS = 2
# name 15 = sbeox1ML/L: Oxygen, SBE 43, 2 [ml/l], WS = 2
# name 16 = sal00: Salinity, Practical [PSU]
# name 17 = sal11: Salinity, Practical, 2 [PSU]
# name 18 = sigma-t00: Density [sigma-t, kg/m^3 ]
# name 19 = sigma-t11: Density, 2 [sigma-t, kg/m^3 ]
# name 20 = oxsatML/L: Oxygen Saturation, Weiss [ml/l]
# name 21 = flag: flag
# span 0 =          5,      10826       
# span 1 =      0.500,    161.876       
# span 2 =    -0.5447,     4.4034       
# span 3 =    -0.5499,     4.3950       
# span 4 =   2.694364,   2.987968       
# span 5 =   2.693777,   2.987165       
# span 6 =     1.8163,     2.2289       
# span 7 =     2.1268,     2.6173       
# span 8 =      8.015,      8.193       
# span 9 =     1.0173,     3.7136       
# span 10 =    -2.8130,   482.1870      
# span 11 = 1.0569e-01, 1.0720e+00      
# span 12 =     0.1067,     0.8880      
# span 13 =    80.0926,    97.3685      
# span 14 =     6.4116,     7.7266      
# span 15 =     6.4319,     7.8634      
# span 16 =    31.4420,    33.6221      
# span 17 =    30.3995,    33.6207      
# span 18 =    24.9175,    26.9738      
# span 19 =    24.1164,    26.9730      
# span 20 =    7.36361,    8.28558      
# span 21 = 0.0000e+00, 0.0000e+00      
# interval = scans: 3                   
# start_time = Dec 01 2020 06:34:30 [System UTC, header]
# bad_flag = -9.990e-29
*END*
[from data line 264]
        901     19.808     3.5454     3.5364   2.929712   2.929060     2.2015     2.5934      8.188     3.0014   481.3579 1.0740e-01     0.1393    96.5775     7.5028     7.5816    31.5745    31.5754    25.1043    25.1058    7.51509 0.0000e+00
        904     19.937     3.5353     3.5336   2.928990   2.928822     2.2019     2.5934      8.188     3.0014   481.2790 1.0740e-01     0.1400    96.5602     7.5096     7.5830    31.5756    31.5753    25.1061    25.1059    7.51692 0.0000e+00
        907     20.072     3.5269     3.5250   2.928544   2.928231     2.2015     2.5934      8.190     2.9912   481.3184 1.0727e-01     0.1407    96.5428     7.5108     7.5871    31.5784    31.5765    25.1090    25.1077    7.51835 0.0000e+00
        910     20.201     3.5262     3.5199   2.928536   2.927918     2.2011     2.5942      8.188     3.0421   481.2790 1.0715e-01     0.1411    96.5341     7.5088     7.5898    31.5790    31.5777    25.1096    25.1091    7.51846 0.0000e+00
        913     20.331     3.5230     3.5161   2.928302   2.927666     2.2011     2.5946      8.187     3.0828   123.8358 1.0715e-01     0.1411    96.5341     7.5123     7.5893    31.5792    31.5784    25.1101    25.1100    7.51905 0.0000e+00
        916     20.457     3.5177     3.5115   2.927947   2.927336     2.2019     2.5946      8.190     3.0828     9.7019 1.0715e-01     0.1407    96.5428     7.5179     7.5862    31.5801    31.5788    25.1112    25.1108    7.52000 0.0000e+00
        919     20.583     3.5148     3.5088   2.927810   2.927215     2.2027     2.5946      8.187     3.1031    14.5973 1.0715e-01     0.1407    96.5428     7.5215     7.5857    31.5811    31.5799    25.1123    25.1119    7.52048 0.0000e+00
        922     20.707     3.5136     3.5084   2.927710   2.927176     2.2023     2.5955      8.188     3.0828    14.3604 1.0715e-01     0.1422    96.5080     7.5187     7.5876    31.5811    31.5798    25.1124    25.1119    7.52073 0.0000e+00
        925     20.829     3.5124     3.5082   2.927620   2.927177     2.2027     2.5963      8.187     3.0930    14.3604 1.0715e-01     0.1443    96.4558     7.5199     7.5901    31.5811    31.5799    25.1125    25.1120    7.52094 0.0000e+00
        928     20.948     3.5101     3.5061   2.927486   2.927015     2.2023     2.5967      8.188     3.1031    14.3604 1.0715e-01     0.1443    96.4558     7.5174     7.5923    31.5817    31.5800    25.1132    25.1122    7.52135 0.0000e+00
        931     21.064     3.5104     3.5053   2.927568   2.927010     2.2027     2.5967      8.188     3.0828    14.3604 1.0715e-01     0.1443    96.4558     7.5181     7.5922    31.5823    31.5806    25.1137    25.1127    7.52126 0.0000e+00
        934     21.180     3.5115     3.5067   2.927649   2.927102     2.2015     2.5963      8.187     3.0930    14.3604 1.0715e-01     0.1443    96.4558     7.5099     7.5875    31.5821    31.5803    25.1134    25.1124    7.52105 0.0000e+00
        937     21.289     3.5116     3.5068   2.927649   2.927111     2.2031     2.5971      8.187     3.0522    49.6547 1.0715e-01     0.1443    96.4558     7.5181     7.5892    31.5820    31.5803    25.1133    25.1124    7.52105 0.0000e+00
        940     21.400     3.5120     3.5078   2.927672   2.927152     2.2027     2.5963      8.188     3.0420   454.7491 1.0715e-01     0.1443    96.4558     7.5149     7.5852    31.5819    31.5798    25.1132    25.1119    7.52098 0.0000e+00
        943     21.505     3.5121     3.5075   2.927707   2.927129     2.2019     2.5975      8.188     3.0319   481.4764 1.0715e-01     0.1411    96.5341     7.5105     7.5890    31.5821    31.5797    25.1134    25.1119    7.52095 0.0000e+00
        946     21.607     3.5118     3.5072   2.927645   2.927118     2.2023     2.5979      8.187     3.0420   481.2000 1.0727e-01     0.1396    96.5689     7.5119     7.5888    31.5816    31.5798    25.1129    25.1120    7.52102 0.0000e+00
        949     21.705     3.5109     3.5065   2.927634   2.927065     2.2019     2.5979      8.188     3.0319   481.3184 1.0715e-01     0.1393    96.5775     7.5122     7.5866    31.5823    31.5798    25.1136    25.1120    7.52117 0.0000e+00
        952     21.803     3.5099     3.5044   2.927558   2.926965     2.2019     2.5983      8.188     3.0319   481.3579 1.0715e-01     0.1396    96.5689     7.5129     7.5862    31.5823    31.5806    25.1137    25.1128    7.52135 0.0000e+00
        955     21.899     3.5086     3.5041   2.927463   2.926978     2.2023     2.5987      8.187     3.0522   481.3184 1.0715e-01     0.1400    96.5602     7.5154     7.5867    31.5824    31.5810    25.1139    25.1132    7.52159 0.0000e+00
        958     21.991     3.5077     3.5029   2.927416   2.926926     2.2023     2.5979      8.188     3.0319   481.3184 1.0715e-01     0.1393    96.5775     7.5142     7.5818    31.5826    31.5814    25.1142    25.1136    7.52174 0.0000e+00
        961     22.078     3.5078     3.5029   2.927454   2.926921     2.2039     2.5983      8.188     3.0319   481.2790 1.0715e-01     0.1400    96.5602     7.5218     7.5800    31.5830    31.5813    25.1144    25.1136    7.52172 0.0000e+00
        964     22.163     3.5068     3.5029   2.927339   2.926879     2.2023     2.5991      8.188     3.0726   347.7214 1.0715e-01     0.1411    96.5341     7.5167     7.5797    31.5826    31.5808    25.1142    25.1132    7.52193 0.0000e+00
        967     22.249     3.5046     3.5011   2.927226   2.926761     2.2023     2.5995      8.185     3.0624     3.4642 1.0715e-01     0.1411    96.5341     7.5189     7.5785    31.5833    31.5812    25.1150    25.1136    7.52230 0.0000e+00
        970     22.332     3.5044     3.5006   2.927261   2.926756     2.2027     2.5991      8.187     3.0726    14.8736 1.0715e-01     0.1411    96.5341     7.5199     7.5754    31.5839    31.5816    25.1154    25.1140    7.52231 0.0000e+00
        973     22.413     3.5047     3.5005   2.927267   2.926780     2.2027     2.5983      8.187     3.0624    14.3604 1.0715e-01     0.1415    96.5254     7.5171     7.5722    31.5836    31.5819    25.1152    25.1142    7.52226 0.0000e+00
        976     22.495     3.5033     3.4992   2.927184   2.926684     2.2023     2.5983      8.187     3.0522    14.3604 1.0740e-01     0.1411    96.5341     7.5145     7.5727    31.5839    31.5819    25.1156    25.1143    7.52251 0.0000e+00
        979     22.575     3.5024     3.4978   2.927155   2.926658     2.2027     2.5987      8.187     3.0624    14.3604 1.0752e-01     0.1411    96.5341     7.5167     7.5743    31.5844    31.5830    25.1161    25.1153    7.52266 0.0000e+00
        982     22.653     3.5032     3.4985   2.927227   2.926677     2.2023     2.5983      8.187     3.0624    14.3604 1.0740e-01     0.1418    96.5167     7.5125     7.5714    31.5844    31.5825    25.1160    25.1149    7.52250 0.0000e+00
        985     22.733     3.5041     3.5012   2.927272   2.926857     2.2027     2.5983      8.188     3.0726    14.3604 1.0752e-01     0.1443    96.4558     7.5125     7.5708    31.5841    31.5820    25.1156    25.1142    7.52235 0.0000e+00
        988     22.811     3.5040     3.5034   2.927248   2.926970     2.2027     2.5983      8.187     3.0929    14.3604 1.0752e-01     0.1436    96.4732     7.5137     7.5698    31.5838    31.5811    25.1154    25.1133    7.52238 0.0000e+00
        991     22.890     3.5036     3.5015   2.927211   2.926828     2.2031     2.5987      8.187     3.1947   273.1850 1.0740e-01     0.1443    96.4558     7.5185     7.5741    31.5838    31.5812    25.1154    25.1136    7.52247 0.0000e+00
        994     22.966     3.5021     3.5000   2.927175   2.926775     2.2023     2.5983      8.187     3.1947   481.6738 1.0715e-01     0.1443    96.4558     7.5153     7.5757    31.5847    31.5820    25.1163    25.1143    7.52270 0.0000e+00
        997     23.045     3.5017     3.4979   2.927168   2.926639     2.2019     2.5995      8.190     3.1947   481.0026 1.0715e-01     0.1440    96.4645     7.5129     7.5831    31.5850    31.5824    25.1166    25.1149    7.52276 0.0000e+00
       1000     23.127     3.5019     3.4970   2.927163   2.926606     2.2031     2.5987      8.186     3.1743   481.3184 1.0715e-01     0.1436    96.4732     7.5149     7.5810    31.5847    31.5828    25.1164    25.1153    7.52274 0.0000e+00
       1003     23.211     3.5020     3.4971   2.927170   2.926647     2.2027     2.5987      8.187     3.1947   481.3579 1.0715e-01     0.1440    96.4645     7.5117     7.5813    31.5846    31.5832    25.1163    25.1156    7.52271 0.0000e+00
       1006     23.300     3.5014     3.4973   2.927081   2.926666     2.2023     2.5983      8.187     3.1947   481.3579 1.0715e-01     0.1426    96.4993     7.5093     7.5807    31.5841    31.5831    25.1159    25.1155    7.52286 0.0000e+00
       1009     23.390     3.4952     3.4976   2.926685   2.926630     2.2015     2.5995      8.186     3.1845   481.3184 1.0715e-01     0.1422    96.5080     7.5079     7.5850    31.5853    31.5824    25.1174    25.1149    7.52395 0.0000e+00
       1012     23.483     3.4904     3.4937   2.926456   2.926290     2.2023     2.5983      8.186     3.2049   481.2790 1.0727e-01     0.1422    96.5080     7.5120     7.5818    31.5873    31.5821    25.1194    25.1150    7.52476 0.0000e+00
       1015     23.578     3.4882     3.4862   2.926383   2.925910     2.2043     2.5995      8.186     3.3371   481.3184 1.0715e-01     0.1422    96.5080     7.5214     7.5893    31.5886    31.5848    25.1206    25.1178    7.52512 0.0000e+00
       1018     23.674     3.4871     3.4827   2.926334   2.925821     2.2023     2.5991      8.189     3.4898   481.3184 1.0715e-01     0.1422    96.5080     7.5163     7.5897    31.5889    31.5871    25.1210    25.1200    7.52530 0.0000e+00
       1021     23.776     3.4871     3.4823   2.926336   2.925828     2.2019     2.5999      8.189     3.4796   481.3184 1.0715e-01     0.1426    96.4993     7.5133     7.5930    31.5889    31.5875    25.1210    25.1203    7.52530 0.0000e+00
       1024     23.880     3.4870     3.4825   2.926335   2.925821     2.2011     2.5995      8.186     3.4796   481.3184 1.0715e-01     0.1422    96.5080     7.5091     7.5940    31.5889    31.5872    25.1210    25.1200    7.52532 0.0000e+00
       1027     23.985     3.4865     3.4869   2.926344   2.926204     2.2023     2.5995      8.187     3.4796   481.3579 1.0727e-01     0.1411    96.5341     7.5193     7.5929    31.5895    31.5874    25.1215    25.1199    7.52539 0.0000e+00
       1030     24.090     3.4873     3.4944   2.926372   2.926535     2.2019     2.5995      8.187     3.4694   481.3579 1.0727e-01     0.1415    96.5254     7.5184     7.5900    31.5890    31.5840    25.1210    25.1164    7.52527 0.0000e+00
       1033     24.203     3.4879     3.4894   2.926401   2.926142     2.2027     2.5999      8.187     3.4999   481.3184 1.0715e-01     0.1415    96.5254     7.5197     7.5924    31.5887    31.5842    25.1207    25.1170    7.52516 0.0000e+00
       1036     24.316     3.4879     3.4867   2.926426   2.925994     2.2015     2.5999      8.186     3.4796   481.3184 1.0715e-01     0.1418    96.5167     7.5129     7.5930    31.5890    31.5850    25.1210    25.1179    7.52516 0.0000e+00
       1039     24.431     3.4880     3.4840   2.926404   2.925863     2.2023     2.6007      8.187     3.4694   481.3579 1.0727e-01     0.1415    96.5254     7.5214     7.5948    31.5886    31.5860    25.1206    25.1190    7.52516 0.0000e+00
       1042     24.547     3.4850     3.4800   2.926299   2.925731     2.2027     2.6007      8.186     3.5508   420.5602 1.0715e-01     0.1418    96.5167     7.5288     7.5948    31.5901    31.5883    25.1221    25.1211    7.52564 0.0000e+00
       1045     24.664     3.4830     3.4786   2.926194   2.925702     2.2019     2.6003      8.186     3.5712    17.3608 1.0715e-01     0.1411    96.5341     7.5264     7.5938    31.5908    31.5892    25.1228    25.1219    7.52598 0.0000e+00
       1048     24.783     3.4808     3.4774   2.926130   2.925655     2.2023     2.6007      8.186     3.5814    12.3470 1.0715e-01     0.1411    96.5341     7.5288     7.5946    31.5920    31.5898    25.1240    25.1225    7.52633 0.0000e+00
       1051     24.903     3.4800     3.4768   2.926111   2.925670     2.2031     2.6003      8.186     3.5814    12.6233 1.0715e-01     0.1411    96.5341     7.5307     7.5918    31.5925    31.5904    25.1245    25.1231    7.52645 0.0000e+00
       1054     25.024     3.4791     3.4756   2.926084   2.925600     2.2023     2.6003      8.186     3.5814    12.6628 1.0715e-01     0.1411    96.5341     7.5289     7.5908    31.5930    31.5907    25.1250    25.1234    7.52660 0.0000e+00
       1057     25.147     3.4787     3.4743   2.926094   2.925566     2.2015     2.6011      8.186     3.5610    12.6233 1.0715e-01     0.1411    96.5341     7.5266     7.5939    31.5936    31.5915    25.1254    25.1242    7.52666 0.0000e+00
       1060     25.269     3.4786     3.4740   2.926084   2.925572     2.2027     2.6007      8.187     3.5814    12.6233 1.0715e-01     0.1411    96.5341     7.5327     7.5925    31.5935    31.5918    25.1254    25.1245    7.52668 0.0000e+00
       1063     25.386     3.4787     3.4742   2.926097   2.925592     2.2035     2.6007      8.186     3.5712    12.6628 1.0727e-01     0.1411    96.5341     7.5345     7.5946    31.5934    31.5917    25.1254    25.1244    7.52666 0.0000e+00
       1066     25.507     3.4786     3.4742   2.926125   2.925587     2.2023     2.6007      8.186     3.5610    12.6233 1.0715e-01     0.1411    96.5341     7.5297     7.5967    31.5938    31.5917    25.1256    25.1243    7.52666 0.0000e+00
       1069     25.628     3.4789     3.4739   2.926097   2.925581     2.2031     2.6011      8.186     3.4593   184.3571 1.0715e-01     0.1411    96.5341     7.5335     7.5988    31.5931    31.5918    25.1251    25.1245    7.52664 0.0000e+00
       1072     25.748     3.4785     3.4738   2.926191   2.925561     2.2031     2.6003      8.186     3.4593   482.1870 1.0715e-01     0.1411    96.5341     7.5314     7.5973    31.5946    31.5916    25.1263    25.1243    7.52664 0.0000e+00
       1075     25.867     3.4798     3.4739   2.926356   2.925648     2.2027     2.6007      8.186     3.4593   481.0816 1.0715e-01     0.1411    96.5341     7.5285     7.6018    31.5952    31.5924    25.1267    25.1250    7.52637 0.0000e+00
       1078     25.983     3.4802     3.4754   2.926385   2.925835     2.2035     2.6011      8.186     3.4593   481.3184 1.0715e-01     0.1411    96.5341     7.5314     7.6032    31.5951    31.5932    25.1265    25.1255    7.52629 0.0000e+00
       1081     26.099     3.4806     3.4761   2.926398   2.925882     2.2035     2.6016      8.186     3.4593   481.2790 1.0715e-01     0.1411    96.5341     7.5306     7.6063    31.5948    31.5930    25.1263    25.1253    7.52623 0.0000e+00
       1084     26.212     3.4804     3.4761   2.926421   2.925877     2.2031     2.6016      8.187     3.4491   481.2790 1.0715e-01     0.1429    96.4906     7.5259     7.6082    31.5952    31.5929    25.1266    25.1251    7.52625 0.0000e+00
       1087     26.325     3.4804     3.4759   2.926390   2.925854     2.2031     2.6024      8.186     3.4491   481.3184 1.0715e-01     0.1436    96.4732     7.5266     7.6103    31.5947    31.5928    25.1263    25.1251    7.52627 0.0000e+00
       1090     26.433     3.4802     3.4759   2.926401   2.925871     2.2031     2.6016      8.186     3.4389   481.3579 1.0715e-01     0.1436    96.4732     7.5287     7.6067    31.5950    31.5929    25.1265    25.1252    7.52629 0.0000e+00
       1093     26.543     3.4805     3.4757   2.926437   2.925883     2.2031     2.6020      8.186     3.4185   481.3184 1.0715e-01     0.1440    96.4645     7.5266     7.6070    31.5951    31.5932    25.1266    25.1254    7.52624 0.0000e+00
