Datasets/AZMP/HUD120/hud120_2020_077.cnv
* Sea-Bird SBE 9 Data File:
* FileName = C:\CTDDATA\hud120_2020_077.hex
* Software Version Seasave V 7.26.7.110
* Temperature SN = 1697
* Conductivity SN = 4216
* Number of Bytes Per Scan = 30
* Number of Voltage Words = 4
* Number of Scans Averaged by the Deck Unit = 1
* NMEA baud rate = 4800
** VESSEL/TRIP/SEQ STN:  hud120_2020_077
** LATITUDE XX XX.XX: 47 00.00 N
** LONGITUDE XX XX.XX: 052 02.00 W
** SOUNDING DEPTH (M): 0140
** PROBE TYPE: S1146
** CTD NUMBER: 056
** FORMAT: V
** COMMENTS (14 CHAR): FC-05
** BOTTLES:  9
** LEVELS: 5,10,20,30,40,50,75,100,BTM
** STICKERS: 439883 - 439891
** VNET: Y
** DO2: N
# nquan = 22
# nvalues = 2896                        
# units = specified
# name 0 = scan: Scan Count
# name 1 = prDM: Pressure, Digiquartz [db]
# name 2 = t090C: Temperature [ITS-90, deg C]
# name 3 = t190C: Temperature, 2 [ITS-90, deg C]
# name 4 = c0S/m: Conductivity [S/m]
# name 5 = c1S/m: Conductivity, 2 [S/m]
# name 6 = sbeox0V: Oxygen raw, SBE 43 [V]
# name 7 = sbeox1V: Oxygen raw, SBE 43, 2 [V]
# name 8 = ph: pH
# name 9 = flECO-AFL: Fluorescence, WET Labs ECO-AFL/FL [mg/m^3]
# name 10 = wetCDOM: Fluorescence, WET Labs CDOM [mg/m^3]
# name 11 = par/sat/log: PAR/Logarithmic, Satlantic [umol photons/m^2/sec]
# name 12 = CStarAt0: Beam Attenuation, WET Labs C-Star [1/m]
# name 13 = CStarTr0: Beam Transmission, WET Labs C-Star [%]
# name 14 = sbeox0ML/L: Oxygen, SBE 43 [ml/l], WS = 2
# name 15 = sbeox1ML/L: Oxygen, SBE 43, 2 [ml/l], WS = 2
# name 16 = sal00: Salinity, Practical [PSU]
# name 17 = sal11: Salinity, Practical, 2 [PSU]
# name 18 = sigma-t00: Density [sigma-t, kg/m^3 ]
# name 19 = sigma-t11: Density, 2 [sigma-t, kg/m^3 ]
# name 20 = oxsatML/L: Oxygen Saturation, Weiss [ml/l]
# name 21 = flag: flag
# span 0 =         58,      35662       
# span 1 =      0.453,    137.173       
# span 2 =    -0.8461,     3.6287       
# span 3 =    -0.8508,     3.6241       
# span 4 =   2.380830,   2.950176       
# span 5 =   1.356687,   2.949689       
# span 6 =     1.9036,     2.2250       
# span 7 =     2.2622,     2.6362       
# span 8 =      7.998,      8.137       
# span 9 =     0.9765,     3.8662       
# span 10 =    -2.8130,   482.1870      
# span 11 = 1.0715e-01, 1.8025e+01      
# span 12 =     0.0732,     0.1591      
# span 13 =    96.0995,    98.1856      
# span 14 =     6.9715,     7.8183      
# span 15 =     7.1179,     8.0205      
# span 16 =    25.0857,    33.2633      
# span 17 =    13.6014,    33.2631      
# span 18 =    19.9384,    26.7187      
# span 19 =    10.8199,    26.7188      
# span 20 =    7.49138,    8.34868      
# span 21 = 0.0000e+00, 0.0000e+00      
# interval = scans: 3                   
# start_time = Nov 26 2020 10:43:26 [System UTC, header]
# bad_flag = -9.990e-29
*END*
[from data line 461]
       1681     36.645     3.5804     3.5755   2.948726   2.948206     2.1954     2.6227      8.131     3.8052    19.8085 1.0752e-01     0.1433    96.4819     7.4748     7.6445    31.7580    31.7565    25.2472    25.2465    7.49936 0.0000e+00
       1684     36.699     3.5806     3.5754   2.948755   2.948215     2.1954     2.6236      8.130     3.7950    19.8085 1.0715e-01     0.1433    96.4819     7.4733     7.6454    31.7581    31.7567    25.2473    25.2467    7.49932 0.0000e+00
       1687     36.754     3.5804     3.5754   2.948742   2.948210     2.1962     2.6236      8.133     3.7848    19.8085 1.0727e-01     0.1433    96.4819     7.4746     7.6439    31.7581    31.7567    25.2472    25.2466    7.49935 0.0000e+00
       1690     36.813     3.5805     3.5757   2.948742   2.948232     2.1962     2.6227      8.133     3.7645    19.8085 1.0715e-01     0.1436    96.4732     7.4716     7.6421    31.7580    31.7566    25.2472    25.2465    7.49934 0.0000e+00
       1693     36.872     3.5803     3.5758   2.948736   2.948257     2.1966     2.6227      8.131     3.6627   108.0047 1.0727e-01     0.1433    96.4819     7.4722     7.6400    31.7581    31.7567    25.2473    25.2466    7.49938 0.0000e+00
       1696     36.936     3.5806     3.5759   2.948749   2.948274     2.1970     2.6227      8.131     3.6525   478.5154 1.0715e-01     0.1436    96.4732     7.4718     7.6400    31.7578    31.7568    25.2470    25.2466    7.49932 0.0000e+00
       1699     37.003     3.5802     3.5759   2.948750   2.948293     2.1958     2.6227      8.130     3.6729   481.3185 1.0715e-01     0.1415    96.5254     7.4662     7.6407    31.7583    31.7570    25.2474    25.2468    7.49938 0.0000e+00
       1702     37.071     3.5802     3.5759   2.948735   2.948293     2.1962     2.6223      8.133     3.6729   481.2790 1.0715e-01     0.1411    96.5341     7.4707     7.6387    31.7580    31.7570    25.2472    25.2468    7.49939 0.0000e+00
       1705     37.143     3.5801     3.5759   2.948742   2.948277     2.1954     2.6223      8.130     3.6831   481.3579 1.0715e-01     0.1415    96.5254     7.4680     7.6377    31.7582    31.7567    25.2474    25.2466    7.49940 0.0000e+00
       1708     37.219     3.5803     3.5756   2.948773   2.948242     2.1954     2.6219      8.131     3.6525   481.3579 1.0715e-01     0.1415    96.5254     7.4660     7.6358    31.7583    31.7566    25.2475    25.2465    7.49936 0.0000e+00
       1711     37.298     3.5801     3.5758   2.948777   2.948271     2.1958     2.6227      8.131     3.6627   481.3579 1.0715e-01     0.1415    96.5254     7.4669     7.6425    31.7585    31.7567    25.2476    25.2466    7.49938 0.0000e+00
       1714     37.379     3.5802     3.5758   2.948765   2.948310     2.1950     2.6236      8.130     3.6729   481.3184 1.0715e-01     0.1411    96.5341     7.4607     7.6478    31.7582    31.7571    25.2474    25.2469    7.49938 0.0000e+00
       1717     37.461     3.5802     3.5759   2.948791   2.948298     2.1966     2.6215      8.133     3.5508   481.3579 1.0715e-01     0.1422    96.5080     7.4666     7.6402    31.7585    31.7568    25.2476    25.2467    7.49937 0.0000e+00
       1720     37.547     3.5806     3.5760   2.948807   2.948319     2.1945     2.6219      8.130     3.4593   266.3946 1.0715e-01     0.1422    96.5080     7.4592     7.6433    31.7583    31.7570    25.2474    25.2468    7.49931 0.0000e+00
       1723     37.635     3.5807     3.5759   2.948836   2.948313     2.1954     2.6223      8.130     3.4491     5.9908 1.0715e-01     0.1422    96.5080     7.4661     7.6454    31.7585    31.7569    25.2475    25.2467    7.49928 0.0000e+00
       1726     37.726     3.5805     3.5761   2.948836   2.948332     2.1958     2.6219      8.131     3.4491    16.8476 1.0715e-01     0.1422    96.5080     7.4696     7.6452    31.7586    31.7569    25.2477    25.2468    7.49931 0.0000e+00
       1729     37.818     3.5806     3.5760   2.948850   2.948312     2.1954     2.6211      8.130     3.4593    16.3738 1.0715e-01     0.1418    96.5167     7.4694     7.6434    31.7587    31.7567    25.2477    25.2466    7.49929 0.0000e+00
       1732     37.916     3.5805     3.5759   2.948831   2.948353     2.1954     2.6223      8.130     3.4389    16.3738 1.0715e-01     0.1422    96.5080     7.4696     7.6462    31.7584    31.7573    25.2475    25.2470    7.49931 0.0000e+00
       1735     38.013     3.5805     3.5759   2.948829   2.948347     2.1954     2.6227      8.131     3.4593    16.3738 1.0715e-01     0.1422    96.5080     7.4709     7.6460    31.7584    31.7571    25.2475    25.2469    7.49932 0.0000e+00
       1738     38.113     3.5806     3.5760   2.948860   2.948376     2.1941     2.6223      8.128     3.4491    16.3738 1.0715e-01     0.1429    96.4906     7.4671     7.6459    31.7586    31.7574    25.2477    25.2471    7.49929 0.0000e+00
       1741     38.211     3.5806     3.5760   2.948871   2.948376     2.1945     2.6219      8.130     3.4491    16.3738 1.0715e-01     0.1429    96.4906     7.4709     7.6470    31.7587    31.7573    25.2478    25.2470    7.49929 0.0000e+00
       1744     38.310     3.5810     3.5760   2.948950   2.948376     2.1950     2.6227      8.133     3.3982    16.3738 1.0715e-01     0.1429    96.4906     7.4729     7.6482    31.7592    31.7572    25.2481    25.2470    7.49919 0.0000e+00
       1747     38.415     3.5813     3.5761   2.948981   2.948391     2.1954     2.6219      8.130     3.3880   355.8935 1.0715e-01     0.1433    96.4819     7.4733     7.6441    31.7592    31.7573    25.2481    25.2470    7.49913 0.0000e+00
       1750     38.521     3.5812     3.5764   2.948975   2.948420     2.1950     2.6227      8.131     3.3880   482.0291 1.0715e-01     0.1429    96.4906     7.4747     7.6453    31.7591    31.7573    25.2481    25.2470    7.49914 0.0000e+00
       1753     38.625     3.5817     3.5768   2.949010   2.948457     2.1954     2.6219      8.131     3.3880   480.9631 1.0740e-01     0.1429    96.4906     7.4758     7.6416    31.7590    31.7572    25.2479    25.2469    7.49906 0.0000e+00
       1756     38.731     3.5809     3.5746   2.948903   2.948295     2.1950     2.6215      8.130     3.3880   481.3579 1.0752e-01     0.1429    96.4906     7.4737     7.6383    31.7585    31.7574    25.2475    25.2472    7.49924 0.0000e+00
       1759     38.839     3.5795     3.5756   2.948844   2.948419     2.1958     2.6215      8.130     3.3880   481.3184 1.0752e-01     0.1454    96.4298     7.4765     7.6366    31.7590    31.7579    25.2481    25.2476    7.49946 0.0000e+00
       1762     38.946     3.5799     3.5752   2.948878   2.948346     2.1954     2.6219      8.131     3.3880   481.2790 1.0752e-01     0.1454    96.4298     7.4753     7.6389    31.7591    31.7573    25.2481    25.2471    7.49940 0.0000e+00
       1765     39.057     3.5783     3.5742   2.948773   2.948280     2.1954     2.6223      8.130     3.3982   481.2790 1.0740e-01     0.1454    96.4298     7.4739     7.6407    31.7594    31.7575    25.2485    25.2473    7.49969 0.0000e+00
       1768     39.170     3.5778     3.5739   2.948755   2.948266     2.1946     2.6215      8.131     3.3778   481.3184 1.0740e-01     0.1454    96.4298     7.4707     7.6374    31.7596    31.7576    25.2486    25.2475    7.49977 0.0000e+00
       1771     39.281     3.5775     3.5735   2.948725   2.948265     2.1958     2.6211      8.130     3.3575   451.1564 1.0740e-01     0.1454    96.4298     7.4771     7.6361    31.7594    31.7578    25.2486    25.2477    7.49983 0.0000e+00
       1774     39.391     3.5769     3.5725   2.948656   2.948189     2.1954     2.6211      8.131     3.3677    32.5602 1.0715e-01     0.1454    96.4298     7.4770     7.6375    31.7591    31.7579    25.2484    25.2478    7.49995 0.0000e+00
       1777     39.504     3.5756     3.5710   2.948598   2.948074     2.1942     2.6219      8.131     3.3778     9.1491 1.0727e-01     0.1450    96.4385     7.4726     7.6421    31.7596    31.7579    25.2489    25.2480    7.50017 0.0000e+00
       1780     39.618     3.5747     3.5698   2.948486   2.948000     2.1946     2.6211      8.131     3.3473    10.5309 1.0752e-01     0.1426    96.4993     7.4751     7.6389    31.7592    31.7582    25.2486    25.2483    7.50037 0.0000e+00
       1783     39.729     3.5737     3.5690   2.948437   2.947951     2.1946     2.6203      8.131     3.3473    10.5309 1.0727e-01     0.1429    96.4906     7.4760     7.6362    31.7595    31.7583    25.2490    25.2485    7.50054 0.0000e+00
       1786     39.841     3.5725     3.5681   2.948392   2.947933     2.1954     2.6215      8.130     3.3575    10.4915 1.0715e-01     0.1422    96.5080     7.4819     7.6419    31.7600    31.7588    25.2496    25.2490    7.50073 0.0000e+00
       1789     39.952     3.5723     3.5677   2.948409   2.947926     2.1954     2.6215      8.131     3.3677    10.4915 1.0715e-01     0.1433    96.4819     7.4821     7.6439    31.7604    31.7592    25.2499    25.2493    7.50076 0.0000e+00
       1792     40.060     3.5719     3.5674   2.948399   2.947917     2.1958     2.6203      8.133     3.3473    10.5309 1.0715e-01     0.1429    96.4906     7.4828     7.6417    31.7606    31.7593    25.2500    25.2494    7.50081 0.0000e+00
       1795     40.167     3.5716     3.5673   2.948418   2.947936     2.1954     2.6211      8.130     3.3371    10.4520 1.0715e-01     0.1433    96.4819     7.4786     7.6451    31.7611    31.7596    25.2504    25.2497    7.50085 0.0000e+00
       1798     40.275     3.5719     3.5674   2.948425   2.947968     2.1958     2.6207      8.128     3.2557   137.6929 1.0715e-01     0.1443    96.4558     7.4832     7.6436    31.7608    31.7597    25.2502    25.2498    7.50080 0.0000e+00
       1801     40.376     3.5720     3.5680   2.948490   2.948090     2.1954     2.6207      8.130     3.2761   482.1870 1.0715e-01     0.1454    96.4298     7.4818     7.6430    31.7614    31.7605    25.2507    25.2503    7.50076 0.0000e+00
       1804     40.477     3.5725     3.5686   2.948565   2.948113     2.1954     2.6207      8.130     3.2761   480.7263 1.0727e-01     0.1454    96.4298     7.4802     7.6440    31.7618    31.7602    25.2510    25.2500    7.50065 0.0000e+00
       1807     40.575     3.5726     3.5686   2.948568   2.948113     2.1958     2.6211      8.130     3.2761   481.2790 1.0715e-01     0.1454    96.4298     7.4798     7.6442    31.7616    31.7602    25.2508    25.2500    7.50063 0.0000e+00
       1810     40.673     3.5729     3.5682   2.948567   2.948082     2.1950     2.6211      8.128     3.2557   481.3184 1.0715e-01     0.1454    96.4298     7.4736     7.6436    31.7613    31.7601    25.2505    25.2500    7.50059 0.0000e+00
       1813     40.763     3.5729     3.5684   2.948577   2.948103     2.1950     2.6211      8.130     3.2659   481.3579 1.0715e-01     0.1454    96.4298     7.4742     7.6444    31.7614    31.7601    25.2506    25.2500    7.50059 0.0000e+00
       1816     40.849     3.5727     3.5686   2.948571   2.948139     2.1950     2.6207      8.131     3.2557   481.3579 1.0715e-01     0.1454    96.4298     7.4784     7.6424    31.7614    31.7603    25.2506    25.2501    7.50062 0.0000e+00
       1819     40.934     3.5731     3.5688   2.948573   2.948144     2.1950     2.6211      8.128     3.2659   481.3579 1.0715e-01     0.1447    96.4471     7.4832     7.6423    31.7610    31.7602    25.2503    25.2500    7.50057 0.0000e+00
       1822     41.013     3.5731     3.5688   2.948586   2.948155     2.1954     2.6207      8.131     3.2150   481.3579 1.0715e-01     0.1433    96.4819     7.4881     7.6407    31.7612    31.7603    25.2504    25.2501    7.50057 0.0000e+00
       1825     41.086     3.5729     3.5689   2.948620   2.948187     2.1958     2.6199      8.130     3.1845   481.3579 1.0715e-01     0.1436    96.4732     7.4908     7.6373    31.7617    31.7604    25.2508    25.2502    7.50057 0.0000e+00
       1828     41.158     3.5733     3.5692   2.948632   2.948210     2.1958     2.6207      8.131     3.1743   481.3579 1.0715e-01     0.1436    96.4732     7.4881     7.6378    31.7614    31.7604    25.2506    25.2501    7.50051 0.0000e+00
       1831     41.223     3.5733     3.5693   2.948652   2.948192     2.1950     2.6203      8.130     3.1845   481.3579 1.0715e-01     0.1440    96.4645     7.4809     7.6364    31.7616    31.7601    25.2507    25.2499    7.50050 0.0000e+00
       1834     41.284     3.5738     3.5694   2.948711   2.948219     2.1950     2.6207      8.131     3.1845   481.3579 1.0715e-01     0.1433    96.4819     7.4782     7.6381    31.7618    31.7603    25.2508    25.2501    7.50039 0.0000e+00
       1837     41.341     3.5740     3.5695   2.948757   2.948237     2.1958     2.6203      8.128     3.1743   481.3579 1.0715e-01     0.1443    96.4558     7.4783     7.6362    31.7622    31.7604    25.2511    25.2501    7.50035 0.0000e+00
       1840     41.395     3.5740     3.5697   2.948737   2.948250     2.1974     2.6199      8.130     3.1743   481.3579 1.0715e-01     0.1422    96.5080     7.4817     7.6369    31.7619    31.7603    25.2509    25.2500    7.50036 0.0000e+00
       1843     41.443     3.5741     3.5699   2.948735   2.948291     2.1970     2.6203      8.130     3.1743   481.3579 1.0715e-01     0.1415    96.5254     7.4751     7.6389    31.7618    31.7606    25.2508    25.2502    7.50035 0.0000e+00
       1846     41.488     3.5743     3.5696   2.948753   2.948266     2.1966     2.6199      8.128     3.1743   481.3184 1.0715e-01     0.1418    96.5167     7.4722     7.6396    31.7618    31.7605    25.2507    25.2502    7.50031 0.0000e+00
       1849     41.532     3.5741     3.5696   2.948758   2.948240     2.1958     2.6199      8.130     3.3778   481.3579 1.0715e-01     0.1422    96.5080     7.4681     7.6399    31.7620    31.7602    25.2509    25.2500    7.50033 0.0000e+00
       1852     41.570     3.5741     3.5697   2.948747   2.948265     2.1942     2.6195      8.128     3.3982   481.3184 1.0715e-01     0.1422    96.5080     7.4619     7.6396    31.7619    31.7603    25.2509    25.2501    7.50035 0.0000e+00
       1855     41.606     3.5744     3.5699   2.948784   2.948272     2.1942     2.6203      8.128     3.3778   481.3579 1.0715e-01     0.1418    96.5167     7.4629     7.6439    31.7620    31.7603    25.2509    25.2500    7.50028 0.0000e+00
       1858     41.640     3.5744     3.5698   2.948750   2.948299     2.1946     2.6191      8.128     3.3880   481.3184 1.0715e-01     0.1429    96.4906     7.4614     7.6411    31.7615    31.7607    25.2505    25.2503    7.50030 0.0000e+00
       1861     41.667     3.5744     3.5698   2.948769   2.948276     2.1946     2.6199      8.130     3.3880   481.3579 1.0727e-01     0.1458    96.4211     7.4603     7.6459    31.7617    31.7604    25.2507    25.2501    7.50030 0.0000e+00
       1864     41.691     3.5746     3.5699   2.948795   2.948302     2.1942     2.6199      8.130     3.3880   481.3579 1.0715e-01     0.1458    96.4211     7.4619     7.6468    31.7618    31.7606    25.2508    25.2502    7.50024 0.0000e+00
       1868     41.725     3.5747     3.5699   2.948806   2.948313     2.1942     2.6203      8.130     3.3880   481.3579 1.0715e-01     0.1454    96.4298     7.4677     7.6496    31.7619    31.7606    25.2508    25.2503    7.50023 0.0000e+00
       1901     41.894     3.5736     3.5695   2.948770   2.948295     2.1933     2.6211      8.128     3.2863   481.3184 1.0727e-01     0.1418    96.5167     7.4664     7.6535    31.7624    31.7607    25.2514    25.2504    7.50041 0.0000e+00
       1917     41.981     3.5725     3.5689   2.948708   2.948308     2.1942     2.6219      8.130     3.2456   481.2790 1.0715e-01     0.1400    96.5602     7.4681     7.6550    31.7627    31.7614    25.2517    25.2510    7.50060 0.0000e+00
