Datasets/AZMP/HUD120/hud120_2020_012.cnv
* Sea-Bird SBE 9 Data File:
* FileName = C:\CTDDATA\hud120_2020_012.hex
* Software Version Seasave V 7.26.7.110
* Temperature SN = 1697
* Conductivity SN = 4216
* Number of Bytes Per Scan = 30
* Number of Voltage Words = 4
* Number of Scans Averaged by the Deck Unit = 1
* NMEA baud rate = 4800
** VESSEL/TRIP/SEQ STN:  hud120_2020_012
** LATITUDE XX XX.XX: 47 32.80 N
** LONGITUDE XX XX.XX: 052 35.20 W
** SOUNDING DEPTH (M): 0178
** PROBE TYPE: S1146
** CTD NUMBER: 004
** FORMAT: V
** COMMENTS (14 CHAR): S27-01
** BOTTLES:  10
** LEVELS: 5,10,20,30,40,50,75,100,150,BTM
** STICKERS: 439537 - 439546
** VNET: Y
** DO2: N
# nquan = 22
# nvalues = 3433                        
# units = specified
# name 0 = scan: Scan Count
# name 1 = prDM: Pressure, Digiquartz [db]
# name 2 = t090C: Temperature [ITS-90, deg C]
# name 3 = t190C: Temperature, 2 [ITS-90, deg C]
# name 4 = c0S/m: Conductivity [S/m]
# name 5 = c1S/m: Conductivity, 2 [S/m]
# name 6 = sbeox0V: Oxygen raw, SBE 43 [V]
# name 7 = sbeox1V: Oxygen raw, SBE 43, 2 [V]
# name 8 = ph: pH
# name 9 = flECO-AFL: Fluorescence, WET Labs ECO-AFL/FL [mg/m^3]
# name 10 = wetCDOM: Fluorescence, WET Labs CDOM [mg/m^3]
# name 11 = par/sat/log: PAR/Logarithmic, Satlantic [umol photons/m^2/sec]
# name 12 = CStarAt0: Beam Attenuation, WET Labs C-Star [1/m]
# name 13 = CStarTr0: Beam Transmission, WET Labs C-Star [%]
# name 14 = sbeox0ML/L: Oxygen, SBE 43 [ml/l], WS = 2
# name 15 = sbeox1ML/L: Oxygen, SBE 43, 2 [ml/l], WS = 2
# name 16 = sal00: Salinity, Practical [PSU]
# name 17 = sal11: Salinity, Practical, 2 [PSU]
# name 18 = sigma-t00: Density [sigma-t, kg/m^3 ]
# name 19 = sigma-t11: Density, 2 [sigma-t, kg/m^3 ]
# name 20 = oxsatML/L: Oxygen Saturation, Weiss [ml/l]
# name 21 = flag: flag
# span 0 =         31,      40815       
# span 1 =      1.378,    177.749       
# span 2 =    -0.6417,     5.8161       
# span 3 =    -0.6469,     5.8116       
# span 4 =   2.690721,   3.091386       
# span 5 =   2.690388,   3.091061       
# span 6 =     1.8988,     2.2342       
# span 7 =     2.2371,     2.6535       
# span 8 =      7.867,      8.049       
# span 9 =     1.0071,     3.3168       
# span 10 =    -2.8130,   482.1870      
# span 11 = 1.0678e-01, 7.3627e-01      
# span 12 =     0.0352,     0.6669      
# span 13 =    84.6430,    99.1244      
# span 14 =     6.5222,     7.8303      
# span 15 =     6.5579,     7.9593      
# span 16 =    31.1642,    33.2923      
# span 17 =    30.6386,    33.2942      
# span 18 =    24.5510,    26.7391      
# span 19 =    24.1364,    26.7409      
# span 20 =    7.12275,    8.30937      
# span 21 = 0.0000e+00, 0.0000e+00      
# interval = scans: 3                   
# start_time = Nov 17 2020 02:00:35 [System UTC, header]
# bad_flag = -9.990e-29
*END*
[from data line 3359]
      38497      7.648     5.8062     5.8008   3.091117   3.090704     2.2313     2.6502      8.046     2.6351     5.8329 1.0715e-01     0.0917    97.7336     7.1663     7.2767    31.2974    31.2977    24.6508    24.6517    7.12419 0.0000e+00
      38500      7.518     5.8062     5.8012   3.091098   3.090729     2.2309     2.6502      8.045     2.6452    12.2285 1.0715e-01     0.0917    97.7336     7.1652     7.2786    31.2972    31.2978    24.6507    24.6517    7.12420 0.0000e+00
      38503      7.390     5.8062     5.8014   3.091063   3.090723     2.2309     2.6494      8.046     2.6554    11.9916 1.0715e-01     0.0917    97.7336     7.1653     7.2773    31.2969    31.2976    24.6505    24.6515    7.12422 0.0000e+00
      38506      7.265     5.8057     5.8016   3.091075   3.090725     2.2305     2.6482      8.045     2.6554    11.9127 1.0715e-01     0.0917    97.7336     7.1645     7.2742    31.2975    31.2975    24.6510    24.6514    7.12427 0.0000e+00
      38509      7.147     5.8057     5.8015   3.091045   3.090731     2.2309     2.6490      8.043     2.6452    11.9916 1.0715e-01     0.0917    97.7336     7.1674     7.2789    31.2973    31.2976    24.6508    24.6515    7.12429 0.0000e+00
      38512      7.034     5.8056     5.8013   3.091061   3.090699     2.2301     2.6490      8.043     2.6452    11.9916 1.0715e-01     0.0931    97.6988     7.1656     7.2813    31.2976    31.2975    24.6511    24.6515    7.12429 0.0000e+00
      38515      6.931     5.8055     5.8013   3.091019   3.090683     2.2309     2.6486      8.043     2.6147    11.9916 1.0715e-01     0.0938    97.6815     7.1698     7.2824    31.2972    31.2974    24.6508    24.6514    7.12432 0.0000e+00
      38518      6.836     5.8055     5.8012   3.091038   3.090699     2.2313     2.6494      8.043     2.5740    28.2965 1.0715e-01     0.0938    97.6815     7.1711     7.2876    31.2976    31.2977    24.6511    24.6517    7.12431 0.0000e+00
      38521      6.748     5.8057     5.8014   3.091023   3.090681     2.2305     2.6490      8.043     2.5842   439.9444 1.0715e-01     0.0938    97.6815     7.1701     7.2874    31.2972    31.2974    24.6508    24.6514    7.12429 0.0000e+00
      38524      6.670     5.8055     5.8013   3.090999   3.090668     2.2297     2.6490      8.045     2.5638   481.3185 1.0715e-01     0.0938    97.6815     7.1671     7.2885    31.2972    31.2974    24.6507    24.6514    7.12432 0.0000e+00
      38527      6.603     5.8057     5.8014   3.090998   3.090674     2.2301     2.6478      8.043     2.5638   481.1211 1.0715e-01     0.0938    97.6815     7.1695     7.2861    31.2969    31.2974    24.6506    24.6514    7.12429 0.0000e+00
      38530      6.546     5.8059     5.8014   3.091029   3.090689     2.2297     2.6478      8.043     2.5740   481.2790 1.0715e-01     0.0938    97.6815     7.1698     7.2866    31.2972    31.2976    24.6507    24.6516    7.12425 0.0000e+00
      38533      6.500     5.8064     5.8016   3.091029   3.090665     2.2301     2.6486      8.043     2.5740   481.2790 1.0715e-01     0.0978    97.5859     7.1738     7.2895    31.2967    31.2972    24.6503    24.6512    7.12419 0.0000e+00
      38536      6.464     5.8062     5.8022   3.091057   3.090706     2.2309     2.6490      8.043     2.5740   481.3184 1.0715e-01     0.0992    97.5511     7.1782     7.2910    31.2972    31.2970    24.6507    24.6510    7.12420 0.0000e+00
      38539      6.435     5.8067     5.8026   3.091054   3.090742     2.2301     2.6478      8.043     2.5638   481.3184 1.0715e-01     0.0992    97.5511     7.1756     7.2867    31.2968    31.2971    24.6503    24.6510    7.12414 0.0000e+00
      38560      6.400     5.8069     5.8031   3.091064   3.090747     2.2297     2.6474      8.043     2.6147   422.1788 1.0715e-01     0.0967    97.6119     7.1602     7.2612    31.2968    31.2967    24.6503    24.6506    7.12411 0.0000e+00
      38600      6.361     5.8077     5.8033   3.091094   3.090770     2.2301     2.6433      8.043     2.6351    19.4926 1.0715e-01     0.0917    97.7336     7.1290     7.1949    31.2964    31.2968    24.6499    24.6507    7.12399 0.0000e+00
      38603      6.337     5.8075     5.8034   3.091109   3.090770     2.2292     2.6429      8.043     2.6351    14.9526 1.0715e-01     0.0917    97.7336     7.1217     7.1878    31.2967    31.2967    24.6501    24.6506    7.12400 0.0000e+00
      38606      6.313     5.8076     5.8034   3.091090   3.090779     2.2276     2.6408      8.043     2.6452    15.1105 1.0715e-01     0.0917    97.7336     7.1135     7.1792    31.2964    31.2968    24.6499    24.6507    7.12400 0.0000e+00
      38609      6.285     5.8073     5.8034   3.091095   3.090774     2.2268     2.6396      8.045     2.6452    15.1105 1.0715e-01     0.0917    97.7336     7.1089     7.1728    31.2967    31.2968    24.6502    24.6507    7.12403 0.0000e+00
      38612      6.251     5.8072     5.8034   3.091067   3.090749     2.2264     2.6388      8.043     2.6249    15.0710 1.0715e-01     0.0921    97.7249     7.1065     7.1715    31.2966    31.2965    24.6501    24.6505    7.12407 0.0000e+00
      38615      6.216     5.8066     5.8035   3.091005   3.090760     2.2256     2.6364      8.046     2.6452    15.0710 1.0715e-01     0.0931    97.6988     7.1048     7.1634    31.2964    31.2966    24.6500    24.6505    7.12417 0.0000e+00
      38618      6.172     5.8061     5.8035   3.090970   3.090783     2.2256     2.6356      8.043     2.6351    15.0710 1.0715e-01     0.0928    97.7075     7.1083     7.1615    31.2965    31.2969    24.6501    24.6507    7.12425 0.0000e+00
      38621      6.119     5.8059     5.8035   3.090918   3.090749     2.2252     2.6356      8.045     2.6147    15.0710 1.0715e-01     0.0935    97.6902     7.1122     7.1654    31.2961    31.2965    24.6499    24.6505    7.12430 0.0000e+00
      38624      6.057     5.8059     5.8031   3.090941   3.090758     2.2252     2.6343      8.045     2.5944   182.8569 1.0715e-01     0.0931    97.6988     7.1172     7.1647    31.2965    31.2970    24.6502    24.6509    7.12429 0.0000e+00
      38627      5.995     5.8061     5.8031   3.090934   3.090717     2.2248     2.6331      8.043     2.6147   482.1870 1.0715e-01     0.0931    97.6988     7.1232     7.1650    31.2962    31.2965    24.6499    24.6505    7.12426 0.0000e+00
      38630      5.925     5.8060     5.8028   3.090974   3.090701     2.2244     2.6323      8.045     2.6046   481.1605 1.0715e-01     0.0931    97.6988     7.1269     7.1671    31.2967    31.2967    24.6504    24.6507    7.12425 0.0000e+00
      38633      5.846     5.8065     5.8028   3.090998   3.090693     2.2236     2.6311      8.045     2.5944   481.3184 1.0715e-01     0.0935    97.6902     7.1236     7.1681    31.2966    31.2967    24.6502    24.6506    7.12418 0.0000e+00
      38636      5.766     5.8065     5.8029   3.091008   3.090677     2.2235     2.6311      8.045     2.6046   481.3184 1.0715e-01     0.0928    97.7075     7.1275     7.1750    31.2968    31.2964    24.6503    24.6504    7.12417 0.0000e+00
      38639      5.680     5.8064     5.8028   3.091023   3.090689     2.2231     2.6291      8.043     2.5944   481.2790 1.0715e-01     0.0935    97.6902     7.1275     7.1737    31.2970    31.2967    24.6505    24.6507    7.12417 0.0000e+00
      38642      5.596     5.8062     5.8026   3.091028   3.090669     2.2240     2.6291      8.045     2.6046   481.2790 1.0715e-01     0.0928    97.7075     7.1322     7.1764    31.2974    31.2967    24.6508    24.6507    7.12419 0.0000e+00
      38645      5.514     5.8062     5.8025   3.091021   3.090681     2.2231     2.6291      8.043     2.6046   481.3184 1.0715e-01     0.0931    97.6988     7.1332     7.1813    31.2973    31.2969    24.6508    24.6509    7.12420 0.0000e+00
      38648      5.432     5.8064     5.8024   3.091021   3.090675     2.2240     2.6282      8.045     2.5944   481.3184 1.0715e-01     0.0935    97.6902     7.1403     7.1839    31.2972    31.2970    24.6506    24.6510    7.12417 0.0000e+00
      38651      5.352     5.8064     5.8022   3.090994   3.090678     2.2240     2.6270      8.045     2.5740   181.0803 1.0715e-01     0.0931    97.6988     7.1440     7.1841    31.2969    31.2973    24.6504    24.6512    7.12418 0.0000e+00
      38654      5.284     5.8060     5.8019   3.090997   3.090675     2.2227     2.6270      8.043     2.5638     2.9509 1.0715e-01     0.0931    97.6988     7.1404     7.1894    31.2973    31.2975    24.6508    24.6515    7.12423 0.0000e+00
      38657      5.228     5.8055     5.8021   3.090957   3.090646     2.2215     2.6274      8.043     2.5740     9.4255 1.0715e-01     0.0928    97.7075     7.1375     7.1943    31.2974    31.2971    24.6509    24.6510    7.12432 0.0000e+00
      38660      5.180     5.8057     5.8020   3.091015   3.090684     2.2240     2.6274      8.043     2.5638     9.0702 1.0715e-01     0.0928    97.7075     7.1488     7.1986    31.2978    31.2976    24.6512    24.6515    7.12425 0.0000e+00
      38663      5.141     5.8061     5.8021   3.091003   3.090672     2.2227     2.6266      8.043     2.5638     9.0702 1.0715e-01     0.0928    97.7075     7.1457     7.1991    31.2974    31.2974    24.6509    24.6513    7.12422 0.0000e+00
      38666      5.111     5.8053     5.8020   3.090997   3.090663     2.2227     2.6262      8.043     2.5740     9.0307 1.0715e-01     0.0928    97.7075     7.1472     7.2004    31.2981    31.2974    24.6515    24.6514    7.12432 0.0000e+00
      39969      5.066     5.8118     5.8078   3.091210   3.090880     2.2235     2.6225      8.043     2.5333     9.5044 1.0740e-01     0.0967    97.6119     7.1243     7.0953    31.2944    31.2945    24.6479    24.6483    7.12338 0.0000e+00
      40622      4.962     5.8157     5.8112   3.091320   3.090973     2.2235     2.6193      8.045     2.5130     9.7413 1.0752e-01     0.0992    97.5511     7.1110     7.0367    31.2921    31.2924    24.6455    24.6463    7.12282 0.0000e+00
      40625      4.855     5.8159     5.8115   3.091342   3.090997     2.2223     2.6172      8.043     2.5231     9.7413 1.0740e-01     0.0992    97.5511     7.1090     7.0359    31.2922    31.2925    24.6457    24.6463    7.12279 0.0000e+00
      40628      4.753     5.8161     5.8116   3.091333   3.090985     2.2215     2.6152      8.043     2.5231     9.8203 1.0966e-01     0.0992    97.5511     7.1094     7.0385    31.2920    31.2923    24.6454    24.6462    7.12276 0.0000e+00
      40631      4.647     5.8158     5.8116   3.091342   3.090769     2.2211     2.6132      8.045     2.5130     9.7413 1.0929e-01     0.0992    97.5511     7.1089     7.0413    31.2924    31.2899    24.6458    24.6443    7.12279 0.0000e+00
      40634      4.538     5.8161     5.8115   3.091348   3.090941     2.2207     2.6115      8.045     2.5231     9.7413 1.1959e-01     0.1020    97.4815     7.1083     7.0455    31.2923    31.2920    24.6456    24.6459    7.12275 0.0000e+00
      40637      4.426     5.8159     5.8114   3.091343   3.090934     2.2219     2.6099      8.045     2.5231     9.8203 1.3662e-01     0.1024    97.4728     7.1182     7.0504    31.2924    31.2920    24.6458    24.6460    7.12277 0.0000e+00
      40640      4.314     5.8159     5.8115   3.091342   3.090934     2.2211     2.6087      8.043     2.5536   114.0844 1.2630e-01     0.1024    97.4728     7.1148     7.0566    31.2925    31.2920    24.6458    24.6460    7.12277 0.0000e+00
      40643      4.207     5.8158     5.8113   3.091295   3.090921     2.2203     2.6074      8.043     2.5435   481.2395 1.2718e-01     0.1024    97.4728     7.1148     7.0603    31.2921    31.2921    24.6455    24.6461    7.12280 0.0000e+00
      40646      4.107     5.8158     5.8114   3.091313   3.090944     2.2211     2.6074      8.043     2.5536   480.8842 1.2424e-01     0.1024    97.4728     7.1211     7.0715    31.2923    31.2923    24.6458    24.6462    7.12279 0.0000e+00
      40649      4.007     5.8157     5.8114   3.091312   3.090761     2.2207     2.6058      8.043     2.5435   481.2395 1.4102e-01     0.1024    97.4728     7.1227     7.0775    31.2925    31.2903    24.6459    24.6446    7.12281 0.0000e+00
      40652      3.913     5.8156     5.8114   3.091278   3.090946     2.2215     2.6050      8.043     2.5536   481.2790 1.5377e-01     0.1028    97.4641     7.1286     7.0857    31.2922    31.2924    24.6456    24.6463    7.12283 0.0000e+00
      40655      3.828     5.8155     5.8114   3.091242   3.090923     2.2207     2.6050      8.043     2.5435   481.3579 1.6235e-01     0.0938    97.6814     7.1289     7.0951    31.2920    31.2922    24.6455    24.6461    7.12286 0.0000e+00
      40658      3.750     5.8152     5.8114   3.091246   3.090934     2.2207     2.6042      8.043     2.5435   481.2790 1.3527e-01     0.0921    97.7249     7.1317     7.1001    31.2923    31.2923    24.6458    24.6462    7.12289 0.0000e+00
      40661      3.684     5.8149     5.8113   3.091225   3.090918     2.2203     2.6038      8.045     2.5638   481.3184 1.1556e-01     0.0921    97.7249     7.1341     7.1062    31.2924    31.2923    24.6459    24.6462    7.12294 0.0000e+00
      40664      3.627     5.8148     5.8113   3.091215   3.090927     2.2195     2.6030      8.043     2.7673   481.3579 1.4658e-01     0.0917    97.7336     7.1342     7.1106    31.2924    31.2924    24.6459    24.6463    7.12295 0.0000e+00
      40667      3.581     5.8150     5.8112   3.091222   3.090926     2.2203     2.6030      8.043     2.7877   238.8382 1.8844e-01     0.0921    97.7249     7.1402     7.1170    31.2923    31.2925    24.6458    24.6464    7.12293 0.0000e+00
      40670      3.540     5.8149     5.8111   3.091204   3.090910     2.2199     2.6038      8.043     2.7978    -2.8130 1.8109e-01     0.0921    97.7249     7.1392     7.1247    31.2923    31.2925    24.6458    24.6464    7.12296 0.0000e+00
      40673      3.511     5.8143     5.8109   3.091148   3.090924     2.2207     2.6030      8.045     2.7978    -0.4837 1.7729e-01     0.0938    97.6814     7.1452     7.1259    31.2922    31.2929    24.6458    24.6467    7.12306 0.0000e+00
      40707      3.481     5.8141     5.8107   3.091123   3.090883     2.2199     2.5944      8.043     2.7266   151.7475 1.5427e-01     0.1092    97.3077     7.1116     7.0324    31.2921    31.2926    24.6458    24.6465    7.12310 0.0000e+00
      40773      3.377     5.8144     5.8103   3.091169   3.090831     2.2162     2.5745      8.043     2.5944    57.7478 1.0802e-01     0.1221    96.9948     7.0343     6.8471    31.2924    31.2924    24.6460    24.6464    7.12303 0.0000e+00
      40776      3.241     5.8147     5.8102   3.090962   3.090766     2.2162     2.5729      8.043     2.5944    12.7417 1.0727e-01     0.1206    97.0295     7.0415     6.8635    31.2899    31.2918    24.6439    24.6460    7.12310 0.0000e+00
      40779      3.099     5.8144     5.8099   3.091042   3.090573     2.2150     2.5700      8.043     2.6046    14.7157 1.0740e-01     0.1195    97.0556     7.0435     6.8731    31.2911    31.2900    24.6449    24.6446    7.12310 0.0000e+00
      40782      2.958     5.8141     5.8098   3.090962   3.090214     2.2150     2.5684      8.043     2.6046    14.5973 1.2794e-01     0.1195    97.0556     7.0530     6.8875    31.2906    31.2862    24.6445    24.6415    7.12317 0.0000e+00
      40785      2.819     5.8142     5.8100   3.090953   3.090379     2.2133     2.5663      8.043     2.5944    14.5973 1.4245e-01     0.1195    97.0556     7.0542     6.8982    31.2904    31.2879    24.6444    24.6429    7.12316 0.0000e+00
