Datasets/AZMP/HUD120/hud120_2020_005.cnv
* Sea-Bird SBE 9 Data File:
* FileName = C:\CTDDATA\hud120_2020_005.hex
* Software Version Seasave V 7.26.7.110
* Temperature SN = 1697
* Conductivity SN = 4216
* Number of Bytes Per Scan = 30
* Number of Voltage Words = 4
* Number of Scans Averaged by the Deck Unit = 1
* NMEA baud rate = 4800
** VESSEL/TRIP/SEQ STN:  hud120_2020_005
** LATITUDE XX XX.XX: 46 54.40 N
** LONGITUDE XX XX.XX: 054 40.50 W
** SOUNDING DEPTH (M): 0226
** PROBE TYPE: S1146
** CTD NUMBER: 002
** FORMAT: V
** COMMENTS (14 CHAR): PB-04
** BOTTLES:  10
** LEVELS: 5,10,20,30,40,50,75,100,150,BTM
** STICKERS: 439510 - 439519
** VNET: Y
** DO2: N
# nquan = 22
# nvalues = 5031                        
# units = specified
# name 0 = scan: Scan Count
# name 1 = prDM: Pressure, Digiquartz [db]
# name 2 = t090C: Temperature [ITS-90, deg C]
# name 3 = t190C: Temperature, 2 [ITS-90, deg C]
# name 4 = c0S/m: Conductivity [S/m]
# name 5 = c1S/m: Conductivity, 2 [S/m]
# name 6 = sbeox0V: Oxygen raw, SBE 43 [V]
# name 7 = sbeox1V: Oxygen raw, SBE 43, 2 [V]
# name 8 = ph: pH
# name 9 = flECO-AFL: Fluorescence, WET Labs ECO-AFL/FL [mg/m^3]
# name 10 = wetCDOM: Fluorescence, WET Labs CDOM [mg/m^3]
# name 11 = par/sat/log: PAR/Logarithmic, Satlantic [umol photons/m^2/sec]
# name 12 = CStarAt0: Beam Attenuation, WET Labs C-Star [1/m]
# name 13 = CStarTr0: Beam Transmission, WET Labs C-Star [%]
# name 14 = sbeox0ML/L: Oxygen, SBE 43 [ml/l], WS = 2
# name 15 = sbeox1ML/L: Oxygen, SBE 43, 2 [ml/l], WS = 2
# name 16 = sal00: Salinity, Practical [PSU]
# name 17 = sal11: Salinity, Practical, 2 [PSU]
# name 18 = sigma-t00: Density [sigma-t, kg/m^3 ]
# name 19 = sigma-t11: Density, 2 [sigma-t, kg/m^3 ]
# name 20 = oxsatML/L: Oxygen Saturation, Weiss [ml/l]
# name 21 = flag: flag
# span 0 =         36,      39566       
# span 1 =      2.672,    219.045       
# span 2 =    -0.9403,     7.6700       
# span 3 =    -0.9453,     7.6652       
# span 4 =   2.658196,   3.277801       
# span 5 =   2.658070,   3.277331       
# span 6 =     1.8834,     2.2348       
# span 7 =     2.2329,     2.6635       
# span 8 =      7.825,      8.083       
# span 9 =     0.9765,     5.5553       
# span 10 =    -2.8130,   482.1870      
# span 11 = 1.0678e-01, 1.1662e+02      
# span 12 =     0.0468,     0.2651      
# span 13 =    93.5874,    98.8375      
# span 14 =     6.6424,     8.0727      
# span 15 =     6.6376,     8.2926      
# span 16 =    31.6102,    32.8060      
# span 17 =    31.5787,    32.8074      
# span 18 =    24.6738,    26.3692      
# span 19 =    24.6743,    26.3705      
# span 20 =    6.80404,    8.38243      
# span 21 = 0.0000e+00, 0.0000e+00      
# interval = scans: 3                   
# start_time = Nov 10 2020 15:41:11 [System UTC, header]
# bad_flag = -9.990e-29
*END*
[from data line 1383]
       4353    144.647    -0.8922    -0.8977   2.667756   2.667413     1.9580     2.3256      7.866     1.0478     8.2017 1.0715e-01     0.1152    97.1599     7.4034     7.5467    32.7447    32.7461    26.3220    26.3233    8.36830 0.0000e+00
       4356    144.759    -0.8925    -0.8976   2.667773   2.667433     1.9584     2.3247      7.867     1.0478     8.2017 1.0715e-01     0.1152    97.1599     7.4057     7.5435    32.7452    32.7462    26.3224    26.3234    8.36833 0.0000e+00
       4359    144.867    -0.8925    -0.8976   2.667758   2.667429     1.9584     2.3247      7.866     1.0478     8.2017 1.0715e-01     0.1152    97.1599     7.4061     7.5451    32.7450    32.7460    26.3222    26.3232    8.36835 0.0000e+00
       4362    144.973    -0.8922    -0.8976   2.667775   2.667433     1.9576     2.3243      7.867     1.0579   155.6559 1.0715e-01     0.1152    97.1599     7.3984     7.5465    32.7448    32.7460    26.3221    26.3232    8.36830 0.0000e+00
       4365    145.081    -0.8922    -0.8976   2.667803   2.667443     1.9568     2.3247      7.866     1.0681   482.1870 1.0715e-01     0.1152    97.1599     7.3946     7.5483    32.7451    32.7462    26.3223    26.3233    8.36827 0.0000e+00
       4368    145.191    -0.8924    -0.8976   2.667812   2.667445     1.9584     2.3243      7.866     1.0681   481.0421 1.0715e-01     0.1095    97.2990     7.4026     7.5454    32.7454    32.7461    26.3226    26.3232    8.36831 0.0000e+00
       4371    145.297    -0.8923    -0.8977   2.667805   2.667455     1.9584     2.3243      7.866     1.0681   481.3184 1.0715e-01     0.1081    97.3338     7.4044     7.5446    32.7451    32.7463    26.3223    26.3235    8.36829 0.0000e+00
       4374    145.403    -0.8922    -0.8976   2.667814   2.667469     1.9584     2.3247      7.867     1.0681   481.2790 1.0715e-01     0.1088    97.3164     7.4046     7.5484    32.7451    32.7463    26.3222    26.3234    8.36827 0.0000e+00
       4377    145.503    -0.8923    -0.8975   2.667818   2.667469     1.9572     2.3247      7.866     1.0478   481.3579 1.0715e-01     0.1088    97.3164     7.3986     7.5493    32.7451    32.7462    26.3224    26.3233    8.36829 0.0000e+00
       4380    145.605    -0.8923    -0.8975   2.667821   2.667468     1.9576     2.3247      7.867     1.0579   481.3579 1.0715e-01     0.1088    97.3164     7.3982     7.5518    32.7451    32.7460    26.3223    26.3232    8.36829 0.0000e+00
       4383    145.705    -0.8923    -0.8974   2.667834   2.667480     1.9572     2.3256      7.864     1.0681   481.3579 1.0715e-01     0.1088    97.3164     7.3950     7.5568    32.7452    32.7460    26.3224    26.3232    8.36828 0.0000e+00
       4386    145.803    -0.8921    -0.8975   2.667849   2.667502     1.9568     2.3256      7.866     1.0783   481.3184 1.0715e-01     0.1084    97.3251     7.3938     7.5564    32.7452    32.7464    26.3224    26.3235    8.36825 0.0000e+00
       4389    145.901    -0.8921    -0.8975   2.667858   2.667510     1.9576     2.3247      7.866     1.0783   481.3579 1.0715e-01     0.1099    97.2903     7.3958     7.5531    32.7453    32.7464    26.3225    26.3235    8.36825 0.0000e+00
       4392    145.997    -0.8921    -0.8974   2.667880   2.667517     1.9576     2.3247      7.866     1.0783   481.3579 1.0715e-01     0.1099    97.2903     7.3916     7.5528    32.7455    32.7463    26.3226    26.3235    8.36822 0.0000e+00
       4395    146.093    -0.8920    -0.8973   2.667904   2.667535     1.9580     2.3247      7.864     1.0884   481.3579 1.0715e-01     0.1099    97.2903     7.3970     7.5491    32.7457    32.7464    26.3228    26.3235    8.36820 0.0000e+00
       4398    146.188    -0.8917    -0.8971   2.667892   2.667556     1.9576     2.3243      7.864     1.0884   481.3579 1.0715e-01     0.1103    97.2816     7.3991     7.5430    32.7451    32.7464    26.3223    26.3236    8.36816 0.0000e+00
       4401    146.279    -0.8918    -0.8969   2.667930   2.667592     1.9568     2.3239      7.864     1.0681   481.3579 1.0715e-01     0.1099    97.2903     7.3973     7.5358    32.7457    32.7467    26.3228    26.3238    8.36815 0.0000e+00
       4404    146.368    -0.8915    -0.8968   2.667915   2.667602     1.9564     2.3256      7.864     1.0783   481.3579 1.0715e-01     0.1099    97.2903     7.3961     7.5418    32.7451    32.7466    26.3223    26.3237    8.36812 0.0000e+00
       4407    146.459    -0.8918    -0.8969   2.667918   2.667572     1.9568     2.3247      7.864     1.0986   481.3184 1.0715e-01     0.1110    97.2642     7.4002     7.5394    32.7454    32.7463    26.3226    26.3234    8.36817 0.0000e+00
       4410    146.550    -0.8919    -0.8970   2.667910   2.667568     1.9568     2.3247      7.866     1.0579   481.3579 1.0715e-01     0.1120    97.2382     7.3975     7.5391    32.7454    32.7463    26.3225    26.3234    8.36820 0.0000e+00
       4413    146.638    -0.8919    -0.8973   2.667913   2.667558     1.9568     2.3251      7.864     1.0681   480.7263 1.0715e-01     0.1120    97.2382     7.3970     7.5441    32.7453    32.7464    26.3225    26.3235    8.36819 0.0000e+00
       4416    146.731    -0.8918    -0.8973   2.667892   2.667562     1.9564     2.3247      7.866     1.0681    79.2639 1.0715e-01     0.1120    97.2382     7.3978     7.5427    32.7449    32.7464    26.3221    26.3235    8.36819 0.0000e+00
       4419    146.822    -0.8919    -0.8970   2.667912   2.667641     1.9572     2.3239      7.864     1.0579    12.2285 1.0715e-01     0.1120    97.2382     7.4033     7.5408    32.7452    32.7471    26.3224    26.3241    8.36819 0.0000e+00
       4422    146.914    -0.8913    -0.8964   2.668024   2.667682     1.9568     2.3235      7.864     1.0681    15.0710 1.0715e-01     0.1124    97.2295     7.4062     7.5414    32.7460    32.7470    26.3230    26.3240    8.36801 0.0000e+00
       4425    147.005    -0.8905    -0.8961   2.668092   2.667755     1.9568     2.3227      7.866     1.0681    14.9526 1.0715e-01     0.1120    97.2382     7.4070     7.5382    32.7460    32.7475    26.3230    26.3244    8.36783 0.0000e+00
       4428    147.098    -0.8896    -0.8949   2.668222   2.667886     1.9576     2.3247      7.864     1.0681    14.9526 1.0715e-01     0.1138    97.1947     7.4104     7.5477    32.7467    32.7479    26.3235    26.3247    8.36759 0.0000e+00
       4431    147.191    -0.8881    -0.8931   2.668435   2.668079     1.9568     2.3239      7.866     1.0579    14.9526 1.0715e-01     0.1145    97.1773     7.4064     7.5488    32.7479    32.7486    26.3244    26.3252    8.36717 0.0000e+00
       4434    147.284    -0.8864    -0.8916   2.668556   2.668230     1.9560     2.3235      7.867     1.0681    14.9526 1.0715e-01     0.1145    97.1773     7.4008     7.5495    32.7476    32.7489    26.3242    26.3254    8.36681 0.0000e+00
       4437    147.378    -0.8852    -0.8906   2.668642   2.668323     1.9572     2.3247      7.866     1.0478    14.9921 1.0715e-01     0.1142    97.1860     7.4068     7.5554    32.7475    32.7490    26.3240    26.3254    8.36656 0.0000e+00
       4440    147.476    -0.8846    -0.8898   2.668695   2.668347     1.9572     2.3239      7.864     1.0478    83.4487 1.0715e-01     0.1142    97.1860     7.4026     7.5521    32.7474    32.7484    26.3240    26.3250    8.36641 0.0000e+00
       4443    147.575    -0.8845    -0.8895   2.668711   2.668401     1.9564     2.3243      7.864     1.0579   471.3303 1.0715e-01     0.1142    97.1860     7.3962     7.5521    32.7476    32.7488    26.3240    26.3251    8.36639 0.0000e+00
       4446    147.676    -0.8843    -0.8890   2.668762   2.668427     1.9572     2.3247      7.866     1.0579   481.4369 1.0715e-01     0.1145    97.1773     7.4016     7.5508    32.7479    32.7485    26.3243    26.3250    8.36631 0.0000e+00
       4449    147.779    -0.8839    -0.8892   2.668746   2.668403     1.9564     2.3247      7.864     1.0478   481.2000 1.0715e-01     0.1213    97.0122     7.3958     7.5487    32.7472    32.7484    26.3237    26.3248    8.36627 0.0000e+00
       4452    147.885    -0.8842    -0.8893   2.668756   2.668414     1.9568     2.3247      7.864     1.0478   481.3579 1.0715e-01     0.1217    97.0035     7.3988     7.5472    32.7476    32.7486    26.3241    26.3250    8.36631 0.0000e+00
       4455    147.991    -0.8839    -0.8887   2.668784   2.668526     1.9572     2.3247      7.864     1.0478   481.3579 1.0715e-01     0.1217    97.0035     7.4035     7.5514    32.7476    32.7493    26.3241    26.3256    8.36625 0.0000e+00
       4458    148.100    -0.8821    -0.8873   2.669003   2.668656     1.9564     2.3247      7.864     1.0579   481.3184 1.0715e-01     0.1217    97.0035     7.3998     7.5496    32.7485    32.7495    26.3248    26.3257    8.36579 0.0000e+00
       4461    148.207    -0.8801    -0.8857   2.669190   2.668835     1.9568     2.3235      7.864     1.0783   481.3184 1.0715e-01     0.1217    97.0035     7.3993     7.5410    32.7488    32.7502    26.3249    26.3262    8.36532 0.0000e+00
       4464    148.319    -0.8789    -0.8841   2.669322   2.668999     1.9560     2.3235      7.864     1.0884   481.2790 1.0715e-01     0.1217    97.0035     7.3926     7.5390    32.7493    32.7506    26.3252    26.3264    8.36502 0.0000e+00
       4467    148.432    -0.8771    -0.8818   2.669501   2.669257     1.9564     2.3227      7.867     1.0884   296.2407 1.0715e-01     0.1376    96.6210     7.3943     7.5332    32.7497    32.7514    26.3255    26.3271    8.36459 0.0000e+00
       4470    148.549    -0.8756    -0.8801   2.669662   2.669376     1.9564     2.3243      7.864     1.0783     3.7405 1.0715e-01     0.2116    94.8478     7.3971     7.5395    32.7501    32.7512    26.3258    26.3268    8.36422 0.0000e+00
       4473    148.665    -0.8746    -0.8792   2.669753   2.669433     1.9564     2.3243      7.864     1.0884    15.6237 1.0703e-01     0.2109    94.8652     7.3967     7.5426    32.7502    32.7509    26.3258    26.3265    8.36398 0.0000e+00
       4476    148.784    -0.8738    -0.8786   2.669793   2.669515     1.9564     2.3243      7.864     1.0783    15.0710 1.0715e-01     0.2109    94.8652     7.3971     7.5461    32.7498    32.7512    26.3254    26.3268    8.36382 0.0000e+00
       4479    148.903    -0.8731    -0.8779   2.669862   2.669581     1.9568     2.3251      7.864     1.0986    15.1105 1.0703e-01     0.2109    94.8652     7.4034     7.5495    32.7499    32.7513    26.3255    26.3268    8.36367 0.0000e+00
       4482    149.026    -0.8724    -0.8773   2.669970   2.669649     1.9572     2.3239      7.864     1.0986    15.0710 1.0715e-01     0.2109    94.8652     7.4087     7.5451    32.7505    32.7515    26.3260    26.3270    8.36346 0.0000e+00
       4485    149.145    -0.8716    -0.8764   2.670033   2.669751     1.9560     2.3235      7.864     1.0884    15.0710 1.0715e-01     0.2109    94.8652     7.4026     7.5440    32.7505    32.7519    26.3259    26.3272    8.36330 0.0000e+00
       4488    149.269    -0.8706    -0.8746   2.670177   2.669933     1.9552     2.3235      7.864     1.0681    15.0710 1.0715e-01     0.1923    95.3085     7.3975     7.5446    32.7512    32.7523    26.3265    26.3275    8.36302 0.0000e+00
       4491    149.391    -0.8684    -0.8731   2.670349   2.670057     1.9568     2.3235      7.864     1.0478    15.0710 1.0715e-01     0.1664    95.9256     7.4031     7.5432    32.7511    32.7522    26.3263    26.3274    8.36253 0.0000e+00
       4494    149.514    -0.8672    -0.8720   2.670435   2.670181     1.9568     2.3239      7.864     1.0681   323.1654 1.0715e-01     0.1678    95.8909     7.4029     7.5404    32.7509    32.7527    26.3261    26.3277    8.36228 0.0000e+00
       4497    149.633    -0.8666    -0.8709   2.670516   2.670294     1.9560     2.3247      7.864     1.0579   482.0291 1.0715e-01     0.1675    95.8995     7.3968     7.5414    32.7512    32.7528    26.3264    26.3278    8.36211 0.0000e+00
       4500    149.756    -0.8653    -0.8694   2.670634   2.670439     1.9572     2.3243      7.864     1.0579   480.9632 1.0715e-01     0.1675    95.8995     7.4018     7.5364    32.7514    32.7532    26.3265    26.3280    8.36182 0.0000e+00
       4503    149.879    -0.8652    -0.8686   2.670669   2.670501     1.9568     2.3231      7.864     1.0579   481.3579 1.0715e-01     0.1682    95.8822     7.3988     7.5324    32.7516    32.7530    26.3266    26.3279    8.36177 0.0000e+00
       4506    149.999    -0.8636    -0.8680   2.670848   2.670538     1.9564     2.3235      7.864     1.0478   481.3579 1.0715e-01     0.1678    95.8909     7.3977     7.5336    32.7523    32.7529    26.3271    26.3278    8.36138 0.0000e+00
       4509    150.119    -0.8628    -0.8681   2.670884   2.670523     1.9564     2.3239      7.864     1.0681   481.3579 1.0715e-01     0.1210    97.0209     7.3987     7.5328    32.7518    32.7527    26.3267    26.3276    8.36123 0.0000e+00
       4512    150.239    -0.8622    -0.8683   2.670944   2.670525     1.9564     2.3247      7.864     1.0681   481.3579 1.0715e-01     0.1006    97.5163     7.3946     7.5331    32.7519    32.7528    26.3268    26.3277    8.36109 0.0000e+00
       4515    150.357    -0.8616    -0.8677   2.671056   2.670580     1.9564     2.3239      7.864     1.0478   481.3579 1.0715e-01     0.1013    97.4989     7.3908     7.5244    32.7526    32.7529    26.3274    26.3277    8.36089 0.0000e+00
       4518    150.472    -0.8604    -0.8671   2.671108   2.670698     1.9564     2.3235      7.864     1.0579   468.6851 1.0715e-01     0.1013    97.4989     7.3917     7.5201    32.7519    32.7538    26.3267    26.3284    8.36066 0.0000e+00
       4521    150.586    -0.8609    -0.8664   2.670997   2.670699     1.9560     2.3227      7.864     1.0579    51.1154 1.0715e-01     0.1013    97.4989     7.3861     7.5192    32.7510    32.7529    26.3260    26.3277    8.36084 0.0000e+00
       4524    150.699    -0.8615    -0.8666   2.670994   2.670737     1.9560     2.3223      7.864     1.0579    11.3600 1.0715e-01     0.1013    97.4989     7.3844     7.5205    32.7515    32.7536    26.3265    26.3283    8.36095 0.0000e+00
       4527    150.809    -0.8607    -0.8653   2.671187   2.670897     1.9560     2.3231      7.864     1.0579    13.2550 1.0715e-01     0.1013    97.4989     7.3853     7.5218    32.7531    32.7543    26.3277    26.3288    8.36066 0.0000e+00
       4530    150.917    -0.8590    -0.8642   2.671291   2.670984     1.9564     2.3223      7.864     1.0579    13.1760 1.0715e-01     0.0970    97.6032     7.3903     7.5149    32.7526    32.7542    26.3272    26.3287    8.36030 0.0000e+00
       4533    151.023    -0.8586    -0.8637   2.671353   2.671006     1.9560     2.3227      7.864     1.0681    13.1365 1.0715e-01     0.0970    97.6032     7.3884     7.5155    32.7530    32.7538    26.3275    26.3284    8.36020 0.0000e+00
       4536    151.126    -0.8582    -0.8634   2.671363   2.671027     1.9560     2.3223      7.864     1.0681    13.1760 1.0715e-01     0.0970    97.6032     7.3913     7.5159    32.7527    32.7538    26.3273    26.3284    8.36013 0.0000e+00
       4539    151.227    -0.8583    -0.8634   2.671371   2.671040     1.9560     2.3211      7.864     1.0478    13.1365 1.0715e-01     0.0963    97.6206     7.3923     7.5139    32.7528    32.7539    26.3274    26.3284    8.36014 0.0000e+00
       4542    151.325    -0.8580    -0.8633   2.671391   2.671047     1.9556     2.3227      7.864     1.0478    13.1760 1.0715e-01     0.0963    97.6206     7.3911     7.5243    32.7527    32.7538    26.3273    26.3283    8.36009 0.0000e+00
       4545    151.418    -0.8579    -0.8631   2.671417   2.671088     1.9552     2.3227      7.864     1.0478   108.0047 1.0715e-01     0.0970    97.6032     7.3906     7.5252    32.7529    32.7541    26.3274    26.3286    8.36005 0.0000e+00
