Datasets/AZMP/HUD120/hud120_2020_092.cnv
* Sea-Bird SBE 9 Data File:
* FileName = C:\CTDDATA\hud120_2020_092.hex
* Software Version Seasave V 7.26.7.110
* Temperature SN = 1697
* Conductivity SN = 4216
* Number of Bytes Per Scan = 30
* Number of Voltage Words = 4
* Number of Scans Averaged by the Deck Unit = 1
* NMEA baud rate = 4800
** VESSEL/TRIP/SEQ STN:  hud120_2020_092
** LATITUDE XX XX.XX: 49 11.40 N
** LONGITUDE XX XX.XX: 051 32.50 W
** SOUNDING DEPTH (M): 0318
** PROBE TYPE: S1146
** CTD NUMBER: 069
** FORMAT: V
** COMMENTS (14 CHAR): BB-07
** BOTTLES:  11
** LEVELS: 5,10,20,30,40,50,75,100,150,250,BTM
** STICKERS: 439987 - 439997
** VNET: Y
** DO2: N
# nquan = 22
# nvalues = 6816                        
# units = specified
# name 0 = scan: Scan Count
# name 1 = prDM: Pressure, Digiquartz [db]
# name 2 = t090C: Temperature [ITS-90, deg C]
# name 3 = t190C: Temperature, 2 [ITS-90, deg C]
# name 4 = c0S/m: Conductivity [S/m]
# name 5 = c1S/m: Conductivity, 2 [S/m]
# name 6 = sbeox0V: Oxygen raw, SBE 43 [V]
# name 7 = sbeox1V: Oxygen raw, SBE 43, 2 [V]
# name 8 = ph: pH
# name 9 = flECO-AFL: Fluorescence, WET Labs ECO-AFL/FL [mg/m^3]
# name 10 = wetCDOM: Fluorescence, WET Labs CDOM [mg/m^3]
# name 11 = par/sat/log: PAR/Logarithmic, Satlantic [umol photons/m^2/sec]
# name 12 = CStarAt0: Beam Attenuation, WET Labs C-Star [1/m]
# name 13 = CStarTr0: Beam Transmission, WET Labs C-Star [%]
# name 14 = sbeox0ML/L: Oxygen, SBE 43 [ml/l], WS = 2
# name 15 = sbeox1ML/L: Oxygen, SBE 43, 2 [ml/l], WS = 2
# name 16 = sal00: Salinity, Practical [PSU]
# name 17 = sal11: Salinity, Practical, 2 [PSU]
# name 18 = sigma-t00: Density [sigma-t, kg/m^3 ]
# name 19 = sigma-t11: Density, 2 [sigma-t, kg/m^3 ]
# name 20 = oxsatML/L: Oxygen Saturation, Weiss [ml/l]
# name 21 = flag: flag
# span 0 =         62,      50181       
# span 1 =      0.228,    310.051       
# span 2 =     0.5826,     2.7383       
# span 3 =     0.5766,     2.7338       
# span 4 =   2.806127,   3.111860       
# span 5 =   2.815583,   3.111340       
# span 6 =     1.8208,     2.2372       
# span 7 =     2.1365,     2.6135       
# span 8 =      8.021,      8.145       
# span 9 =     0.8850,     5.1585       
# span 10 =    -2.8130,   482.1870      
# span 11 = 1.0703e-01, 7.0222e-01      
# span 12 =     0.0842,     0.4231      
# span 13 =    89.9627,    97.9162      
# span 14 =     6.0783,     8.2701      
# span 15 =     6.1402,     7.9739      
# span 16 =    31.8660,    34.4452      
# span 17 =    31.9885,    34.4433      
# span 18 =    25.4795,    27.4658      
# span 19 =    25.5779,    27.4647      
# span 20 =    7.52319,    7.99501      
# span 21 = 0.0000e+00, 0.0000e+00      
# interval = scans: 3                   
# start_time = Nov 28 2020 09:01:06 [System UTC, header]
# bad_flag = -9.990e-29
*END*
[from data line 1581]
       6573    159.310     1.1739     1.1688   2.922983   2.922448     1.8851     2.2136      8.051     1.0274   481.2790 1.0715e-01     0.1361    96.6558     6.5690     6.6188    33.8493    33.8480    27.1089    27.1081    7.86202 0.0000e+00
       6576    159.400     1.1738     1.1688   2.922966   2.922435     1.8851     2.2144      8.051     1.0274   481.2790 1.0727e-01     0.1368    96.6384     6.5687     6.6255    33.8492    33.8478    27.1087    27.1079    7.86204 0.0000e+00
       6579    159.491     1.1737     1.1686   2.922976   2.922436     1.8851     2.2148      8.051     1.0376   481.3184 1.0715e-01     0.1368    96.6384     6.5690     6.6308    33.8494    33.8479    27.1089    27.1081    7.86206 0.0000e+00
       6582    159.582     1.1738     1.1688   2.923010   2.922473     1.8847     2.2144      8.051     1.0274   481.3579 1.0715e-01     0.1368    96.6384     6.5668     6.6308    33.8497    33.8482    27.1091    27.1083    7.86203 0.0000e+00
       6585    159.672     1.1738     1.1690   2.922994   2.922475     1.8847     2.2136      8.051     1.0376   481.3184 1.0715e-01     0.1368    96.6384     6.5669     6.6288    33.8494    33.8479    27.1089    27.1081    7.86204 0.0000e+00
       6588    159.767     1.1742     1.1693   2.923057   2.922555     1.8851     2.2136      8.051     1.0376   374.8435 1.0727e-01     0.1368    96.6384     6.5685     6.6306    33.8497    33.8485    27.1092    27.1085    7.86194 0.0000e+00
       6591    159.860     1.1745     1.1699   2.923108   2.922604     1.8851     2.2144      8.051     1.0376     5.2407 1.0715e-01     0.1368    96.6384     6.5687     6.6357    33.8500    33.8485    27.1093    27.1085    7.86186 0.0000e+00
       6594    159.956     1.1747     1.1700   2.923123   2.922615     1.8860     2.2148      8.051     1.0274    13.2550 1.0715e-01     0.1364    96.6471     6.5731     6.6353    33.8498    33.8485    27.1092    27.1084    7.86182 0.0000e+00
       6597    160.051     1.1746     1.1699   2.923124   2.922624     1.8851     2.2144      8.051     1.0274    12.9786 1.0715e-01     0.1350    96.6818     6.5710     6.6317    33.8499    33.8486    27.1093    27.1086    7.86184 0.0000e+00
       6600    160.149     1.1745     1.1700   2.923142   2.922611     1.8847     2.2144      8.051     1.0376    12.9786 1.0715e-01     0.1350    96.6818     6.5701     6.6309    33.8503    33.8484    27.1095    27.1083    7.86185 0.0000e+00
       6603    160.246     1.1760     1.1714   2.923364   2.922852     1.8847     2.2136      8.051     1.0173    12.9391 1.0715e-01     0.1346    96.6905     6.5679     6.6301    33.8514    33.8498    27.1104    27.1094    7.86149 0.0000e+00
       6606    160.343     1.1785     1.1738   2.923649   2.923161     1.8843     2.2140      8.051     1.0274    13.0181 1.0715e-01     0.1346    96.6905     6.5632     6.6321    33.8523    33.8511    27.1109    27.1103    7.86092 0.0000e+00
       6609    160.438     1.1816     1.1767   2.924042   2.923521     1.8847     2.2140      8.051     1.0071    13.0181 1.0715e-01     0.1346    96.6905     6.5607     6.6304    33.8539    33.8526    27.1120    27.1113    7.86020 0.0000e+00
       6612    160.537     1.1841     1.1799   2.924335   2.923870     1.8851     2.2148      8.051     0.9969    12.9786 1.0715e-01     0.1346    96.6905     6.5608     6.6307    33.8549    33.8535    27.1126    27.1118    7.85964 0.0000e+00
       6615    160.638     1.1863     1.1825   2.924575   2.924130     1.8847     2.2148      8.051     0.9969   251.1557 1.0715e-01     0.1361    96.6558     6.5575     6.6302    33.8555    33.8540    27.1130    27.1120    7.85916 0.0000e+00
       6618    160.737     1.1884     1.1840   2.924738   2.924286     1.8851     2.2136      8.051     0.9867   482.1870 1.0715e-01     0.1368    96.6384     6.5590     6.6276    33.8552    33.8542    27.1127    27.1122    7.85875 0.0000e+00
       6621    160.836     1.1897     1.1851   2.924923   2.924384     1.8851     2.2140      8.051     1.0071   481.0027 1.0727e-01     0.1368    96.6384     6.5641     6.6313    33.8561    33.8542    27.1133    27.1121    7.85843 0.0000e+00
       6624    160.939     1.1921     1.1863   2.925202   2.924584     1.8851     2.2148      8.051     0.9867   481.2790 1.0715e-01     0.1368    96.6384     6.5626     6.6327    33.8570    33.8554    27.1138    27.1130    7.85789 0.0000e+00
       6627    161.043     1.1952     1.1915   2.925568   2.925140     1.8835     2.2148      8.051     0.9765   481.2395 1.0727e-01     0.1368    96.6384     6.5536     6.6326    33.8584    33.8569    27.1147    27.1138    7.85720 0.0000e+00
       6630    161.149     1.1979     1.1937   2.925772   2.925372     1.8843     2.2136      8.051     0.9969   481.2790 1.0715e-01     0.1368    96.6384     6.5597     6.6258    33.8580    33.8574    27.1142    27.1140    7.85666 0.0000e+00
       6633    161.257     1.1984     1.1946   2.925851   2.925382     1.8839     2.2140      8.051     0.9867   481.3184 1.0715e-01     0.1368    96.6384     6.5551     6.6282    33.8584    33.8565    27.1145    27.1133    7.85654 0.0000e+00
       6636    161.366     1.1985     1.1938   2.925835   2.925314     1.8843     2.2144      8.051     0.9867   481.3579 1.0715e-01     0.1361    96.6558     6.5545     6.6302    33.8580    33.8564    27.1142    27.1132    7.85654 0.0000e+00
       6639    161.480     1.1990     1.1953   2.925964   2.925728     1.8839     2.2148      8.051     0.9765   481.3184 1.0715e-01     0.1357    96.6645     6.5535     6.6324    33.8591    33.8600    27.1150    27.1160    7.85638 0.0000e+00
       6642    161.595     1.2034     1.2056   2.926788   2.926954     1.8843     2.2148      8.051     0.9867   481.3184 1.0715e-01     0.1357    96.6645     6.5516     6.6292    33.8648    33.8645    27.1193    27.1190    7.85518 0.0000e+00
       6645    161.713     1.2122     1.2119   2.927696   2.927458     1.8851     2.2144      8.051     0.9969   481.3184 1.0715e-01     0.1357    96.6645     6.5534     6.6235    33.8667    33.8640    27.1203    27.1181    7.85327 0.0000e+00
       6648    161.835     1.2161     1.2129   2.927989   2.927522     1.8831     2.2140      8.051     0.9867   481.3579 1.0727e-01     0.1357    96.6645     6.5446     6.6209    33.8662    33.8637    27.1196    27.1178    7.85251 0.0000e+00
       6651    161.959     1.2186     1.2137   2.928244   2.927643     1.8847     2.2148      8.051     0.9969   481.3184 1.0715e-01     0.1357    96.6645     6.5542     6.6241    33.8666    33.8643    27.1198    27.1183    7.85197 0.0000e+00
       6654    162.089     1.2202     1.2151   2.928401   2.927860     1.8851     2.2144      8.051     1.0071   481.3184 1.0715e-01     0.1361    96.6558     6.5534     6.6218    33.8669    33.8655    27.1199    27.1191    7.85164 0.0000e+00
       6657    162.220     1.2217     1.2177   2.928597   2.928254     1.8827     2.2148      8.051     0.9969   481.2790 1.0715e-01     0.1375    96.6210     6.5419     6.6218    33.8676    33.8676    27.1204    27.1207    7.85128 0.0000e+00
       6660    162.353     1.2259     1.2223   2.929214   2.928776     1.8839     2.2148      8.051     0.9969   481.3579 1.0715e-01     0.1368    96.6384     6.5428     6.6184    33.8710    33.8692    27.1228    27.1216    7.85026 0.0000e+00
       6663    162.491     1.2291     1.2254   2.929605   2.929148     1.8831     2.2144      8.051     1.0274   481.3184 1.0715e-01     0.1379    96.6123     6.5356     6.6157    33.8724    33.8706    27.1237    27.1225    7.84952 0.0000e+00
       6666    162.632     1.2325     1.2283   2.930008   2.929496     1.8831     2.2136      8.051     1.0274   432.2460 1.0715e-01     0.1379    96.6123     6.5319     6.6119    33.8737    33.8717    27.1246    27.1233    7.84875 0.0000e+00
       6669    162.774     1.2357     1.2311   2.930335   2.929810     1.8827     2.2140      8.051     1.0173    20.3612 1.0715e-01     0.1379    96.6123     6.5319     6.6131    33.8744    33.8727    27.1249    27.1238    7.84808 0.0000e+00
       6672    162.917     1.2376     1.2332   2.930549   2.930045     1.8835     2.2144      8.051     1.0173     5.1618 1.0715e-01     0.1372    96.6297     6.5352     6.6106    33.8750    33.8734    27.1252    27.1242    7.84766 0.0000e+00
       6675    163.067     1.2409     1.2367   2.931013   2.930520     1.8835     2.2136      8.051     1.0274     6.5830 1.0715e-01     0.1379    96.6123     6.5339     6.6037    33.8773    33.8755    27.1269    27.1258    7.84687 0.0000e+00
       6678    163.216     1.2449     1.2409   2.931464   2.930969     1.8835     2.2144      8.051     1.0274     6.5435 1.0715e-01     0.1368    96.6384     6.5395     6.6045    33.8785    33.8766    27.1276    27.1263    7.84597 0.0000e+00
       6681    163.369     1.2473     1.2431   2.931629   2.931134     1.8831     2.2140      8.051     1.0274     6.5435 1.0727e-01     0.1368    96.6384     6.5414     6.6028    33.8780    33.8763    27.1270    27.1259    7.84552 0.0000e+00
       6684    163.522     1.2481     1.2435   2.931704   2.931205     1.8819     2.2140      8.051     1.0376     6.5435 1.0715e-01     0.1368    96.6384     6.5355     6.6049    33.8780    33.8766    27.1269    27.1262    7.84535 0.0000e+00
       6687    163.675     1.2486     1.2441   2.931824   2.931311     1.8819     2.2136      8.051     1.0376     6.5435 1.0715e-01     0.1372    96.6297     6.5373     6.6056    33.8789    33.8772    27.1277    27.1266    7.84521 0.0000e+00
       6690    163.830     1.2491     1.2448   2.931917   2.931395     1.8823     2.2136      8.051     1.0376     6.5435 1.0715e-01     0.1368    96.6384     6.5381     6.6069    33.8795    33.8775    27.1281    27.1268    7.84507 0.0000e+00
       6693    163.983     1.2506     1.2458   2.932035   2.931536     1.8827     2.2136      8.051     1.0173   161.0250 1.0715e-01     0.1368    96.6384     6.5390     6.6070    33.8793    33.8781    27.1278    27.1272    7.84478 0.0000e+00
       6696    164.135     1.2512     1.2464   2.932116   2.931618     1.8819     2.2124      8.049     1.0274   482.1870 1.0715e-01     0.1379    96.6123     6.5333     6.6044    33.8796    33.8784    27.1280    27.1274    7.84464 0.0000e+00
       6699    164.288     1.2521     1.2473   2.932271   2.931725     1.8827     2.2124      8.051     1.0173   480.9632 1.0715e-01     0.1382    96.6036     6.5394     6.6045    33.8805    33.8787    27.1286    27.1276    7.84441 0.0000e+00
       6702    164.439     1.2545     1.2503   2.932709   2.932275     1.8827     2.2128      8.049     1.0376   481.2790 1.0715e-01     0.1386    96.5949     6.5424     6.6033    33.8834    33.8824    27.1309    27.1304    7.84377 0.0000e+00
       6705    164.588     1.2610     1.2569   2.933511   2.932943     1.8827     2.2132      8.050     1.0376   481.2395 1.0727e-01     0.1382    96.6036     6.5461     6.6050    33.8865    33.8837    27.1329    27.1309    7.84227 0.0000e+00
       6708    164.733     1.2654     1.2590   2.933750   2.933036     1.8827     2.2132      8.050     1.0376   481.2790 1.0727e-01     0.1379    96.6123     6.5489     6.6051    33.8848    33.8825    27.1312    27.1298    7.84148 0.0000e+00
       6711    164.876     1.2662     1.2598   2.933829   2.933124     1.8819     2.2136      8.050     1.0071   481.3579 1.0715e-01     0.1382    96.6036     6.5431     6.6072    33.8848    33.8828    27.1312    27.1300    7.84131 0.0000e+00
       6714    165.013     1.2678     1.2632   2.934072   2.933587     1.8823     2.2132      8.050     0.9969   481.3579 1.0715e-01     0.1382    96.6036     6.5416     6.6061    33.8861    33.8849    27.1321    27.1314    7.84092 0.0000e+00
       6717    165.146     1.2698     1.2659   2.934282   2.933807     1.8815     2.2136      8.050     1.0071   481.3579 1.0715e-01     0.1379    96.6123     6.5403     6.6086    33.8865    33.8846    27.1323    27.1311    7.84048 0.0000e+00
       6720    165.278     1.2712     1.2676   2.934419   2.933966     1.8819     2.2136      8.050     0.9969   197.8984 1.0715e-01     0.1372    96.6297     6.5409     6.6100    33.8867    33.8848    27.1324    27.1311    7.84020 0.0000e+00
       6723    165.404     1.2718     1.2673   2.934462   2.933919     1.8819     2.2120      8.050     1.0071     2.3588 1.0727e-01     0.1368    96.6384     6.5373     6.6016    33.8865    33.8844    27.1321    27.1308    7.84008 0.0000e+00
       6726    165.526     1.2724     1.2692   2.934574   2.934343     1.8827     2.2124      8.050     1.0071     9.1886 1.0715e-01     0.1375    96.6210     6.5396     6.6016    33.8872    33.8877    27.1327    27.1333    7.83993 0.0000e+00
       6729    165.646     1.2763     1.2764   2.934934   2.934953     1.8827     2.2124      8.050     0.9867     8.7938 1.0715e-01     0.1368    96.6384     6.5366     6.5972    33.8875    33.8876    27.1327    27.1328    7.83911 0.0000e+00
       6732    165.760     1.2762     1.2777   2.934946   2.935142     1.8835     2.2124      8.050     0.9969     8.7938 1.0727e-01     0.1368    96.6384     6.5409     6.5955    33.8877    33.8885    27.1328    27.1334    7.83912 0.0000e+00
       6735    165.866     1.2813     1.2775   2.935548   2.934910     1.8811     2.2124      8.050     0.9969     8.7938 1.0715e-01     0.1372    96.6297     6.5291     6.5973    33.8898    33.8858    27.1341    27.1312    7.83797 0.0000e+00
       6738    165.968     1.2822     1.2726   2.935399   2.934445     1.8823     2.2128      8.050     1.0071     8.7938 1.0715e-01     0.1393    96.5775     6.5339     6.6044    33.8869    33.8851    27.1318    27.1310    7.83795 0.0000e+00
       6741    166.063     1.2781     1.2726   2.935054   2.934591     1.8831     2.2128      8.050     1.0376     8.7938 1.0715e-01     0.1389    96.5862     6.5392     6.6068    33.8868    33.8869    27.1320    27.1325    7.83878 0.0000e+00
       6744    166.153     1.2772     1.2791   2.935109   2.935301     1.8815     2.2128      8.050     1.0173    10.4519 1.0715e-01     0.1389    96.5862     6.5300     6.6072    33.8884    33.8888    27.1334    27.1336    7.83887 0.0000e+00
       6747    166.236     1.2846     1.2867   2.935885   2.936032     1.8815     2.2124      8.050     1.0274   415.5069 1.0715e-01     0.1389    96.5862     6.5275     6.6057    33.8903    33.8900    27.1343    27.1339    7.83728 0.0000e+00
       6750    166.318     1.2940     1.2919   2.936731   2.936539     1.8811     2.2128      8.050     1.0274   481.6738 1.0715e-01     0.1389    96.5862     6.5250     6.6044    33.8909    33.8907    27.1342    27.1342    7.83534 0.0000e+00
       6753    166.396     1.2996     1.2966   2.937269   2.936970     1.8807     2.2111      8.050     1.0274   481.0421 1.0715e-01     0.1389    96.5862     6.5248     6.5965    33.8916    33.8911    27.1344    27.1342    7.83416 0.0000e+00
       6756    166.469     1.3024     1.2997   2.937639   2.937280     1.8819     2.2120      8.050     1.0173   481.3184 1.0715e-01     0.1389    96.5862     6.5330     6.5996    33.8933    33.8916    27.1356    27.1344    7.83350 0.0000e+00
       6759    166.538     1.3048     1.3018   2.937921   2.937494     1.8815     2.2128      8.050     1.0274   481.2395 1.0715e-01     0.1389    96.5862     6.5322     6.6021    33.8942    33.8921    27.1361    27.1346    7.83296 0.0000e+00
       6762    166.602     1.3064     1.3026   2.938045   2.937589     1.8819     2.2136      8.050     1.0274   481.3184 1.0715e-01     0.1389    96.5862     6.5346     6.6051    33.8940    33.8923    27.1359    27.1348    7.83265 0.0000e+00
       6765    166.665     1.3074     1.3030   2.938147   2.937653     1.8819     2.2124      8.050     1.0173   481.3579 1.0715e-01     0.1389    96.5862     6.5382     6.5998    33.8942    33.8927    27.1360    27.1351    7.83243 0.0000e+00
