Datasets/AZMP/HUD120/hud120_2020_090.cnv
* Sea-Bird SBE 9 Data File:
* FileName = C:\CTDDATA\hud120_2020_090.hex
* Software Version Seasave V 7.26.7.110
* Temperature SN = 1697
* Conductivity SN = 4216
* Number of Bytes Per Scan = 30
* Number of Voltage Words = 4
* Number of Scans Averaged by the Deck Unit = 1
* NMEA baud rate = 4800
** VESSEL/TRIP/SEQ STN:  hud120_2020_090
** LATITUDE XX XX.XX: 49 01.50 N
** LONGITUDE XX XX.XX: 052 04.00 W
** SOUNDING DEPTH (M): 0296
** PROBE TYPE: S1146
** CTD NUMBER: 067
** FORMAT: V
** COMMENTS (14 CHAR): BB-05
** BOTTLES:  11
** LEVELS: 5,10,20,30,40,50,75,100,150,250,BTM
** STICKERS: 439966 - 439976
** VNET: Y
** DO2: N
# nquan = 22
# nvalues = 6790                        
# units = specified
# name 0 = scan: Scan Count
# name 1 = prDM: Pressure, Digiquartz [db]
# name 2 = t090C: Temperature [ITS-90, deg C]
# name 3 = t190C: Temperature, 2 [ITS-90, deg C]
# name 4 = c0S/m: Conductivity [S/m]
# name 5 = c1S/m: Conductivity, 2 [S/m]
# name 6 = sbeox0V: Oxygen raw, SBE 43 [V]
# name 7 = sbeox1V: Oxygen raw, SBE 43, 2 [V]
# name 8 = ph: pH
# name 9 = flECO-AFL: Fluorescence, WET Labs ECO-AFL/FL [mg/m^3]
# name 10 = wetCDOM: Fluorescence, WET Labs CDOM [mg/m^3]
# name 11 = par/sat/log: PAR/Logarithmic, Satlantic [umol photons/m^2/sec]
# name 12 = CStarAt0: Beam Attenuation, WET Labs C-Star [1/m]
# name 13 = CStarTr0: Beam Transmission, WET Labs C-Star [%]
# name 14 = sbeox0ML/L: Oxygen, SBE 43 [ml/l], WS = 2
# name 15 = sbeox1ML/L: Oxygen, SBE 43, 2 [ml/l], WS = 2
# name 16 = sal00: Salinity, Practical [PSU]
# name 17 = sal11: Salinity, Practical, 2 [PSU]
# name 18 = sigma-t00: Density [sigma-t, kg/m^3 ]
# name 19 = sigma-t11: Density, 2 [sigma-t, kg/m^3 ]
# name 20 = oxsatML/L: Oxygen Saturation, Weiss [ml/l]
# name 21 = flag: flag
# span 0 =        129,      48772       
# span 1 =      0.297,    286.684       
# span 2 =    -0.3681,     2.2216       
# span 3 =    -0.3741,     2.2171       
# span 4 =   2.214127,   3.051768       
# span 5 =   2.233772,   3.051223       
# span 6 =     1.8221,     2.2102       
# span 7 =     2.1464,     2.6101       
# span 8 =      8.025,      8.145       
# span 9 =     0.8850,     4.6599       
# span 10 =    -2.8130,   482.1870      
# span 11 = 1.0629e-01, 8.7062e-01      
# span 12 =     0.0874,     0.3502      
# span 13 =    91.6229,    97.8379      
# span 14 =     6.1665,     8.1160      
# span 15 =     6.2557,     7.9734      
# span 16 =    24.7854,    34.2716      
# span 17 =    25.0136,    34.2699      
# span 18 =    19.8158,    27.3704      
# span 19 =    19.9987,    27.3695      
# span 20 =    7.63115,    8.26198      
# span 21 = 0.0000e+00, 0.0000e+00      
# interval = scans: 3                   
# start_time = Nov 28 2020 04:11:40 [System UTC, header]
# bad_flag = -9.990e-29
*END*
[from data line 4346]
      19674    189.106     0.8535     0.8494   2.888868   2.888412     1.8965     2.2394      8.062     0.9562   481.2395 1.0715e-01     0.1035    97.4468     6.7315     6.8267    33.7413    33.7399    27.0425    27.0416    7.93382 0.0000e+00
      19677    188.973     0.8539     0.8496   2.888873   2.888433     1.8969     2.2398      8.062     0.9663   481.2395 1.0715e-01     0.1035    97.4468     6.7316     6.8295    33.7410    33.7400    27.0422    27.0417    7.93375 0.0000e+00
      19680    188.840     0.8540     0.8503   2.888901   2.888496     1.8973     2.2410      8.062     0.9765   481.2790 1.0715e-01     0.1035    97.4468     6.7327     6.8329    33.7413    33.7402    27.0424    27.0418    7.93370 0.0000e+00
      19683    188.710     0.8545     0.8508   2.888925   2.888467     1.8957     2.2398      8.062     0.9562   481.2790 1.0715e-01     0.1035    97.4468     6.7248     6.8299    33.7411    33.7393    27.0423    27.0410    7.93361 0.0000e+00
      19686    188.585     0.8550     0.8510   2.888926   2.888487     1.8965     2.2394      8.062     0.9663   481.3184 1.0715e-01     0.1035    97.4468     6.7288     6.8300    33.7408    33.7394    27.0419    27.0411    7.93354 0.0000e+00
      19689    188.460     0.8555     0.8515   2.888974   2.888557     1.8961     2.2410      8.062     0.9663   349.2611 1.0715e-01     0.1035    97.4468     6.7281     6.8378    33.7409    33.7399    27.0420    27.0414    7.93343 0.0000e+00
      19692    188.338     0.8589     0.8517   2.889197   2.888537     1.8973     2.2402      8.062     0.9765     6.0698 1.0715e-01     0.1035    97.4468     6.7364     6.8342    33.7401    33.7394    27.0411    27.0411    7.93275 0.0000e+00
      19695    188.213     0.8612     0.8517   2.889292   2.888553     1.8978     2.2394      8.062     0.9765    17.6371 1.0727e-01     0.1035    97.4468     6.7381     6.8326    33.7390    33.7397    27.0401    27.0413    7.93235 0.0000e+00
      19698    188.089     0.8602     0.8516   2.889219   2.888545     1.8969     2.2410      8.062     0.9765    17.0844 1.0715e-01     0.1035    97.4468     6.7330     6.8400    33.7392    33.7398    27.0403    27.0414    7.93254 0.0000e+00
      19701    187.966     0.8594     0.8516   2.889176   2.888542     1.8969     2.2410      8.062     1.0071    17.0844 1.0727e-01     0.1035    97.4468     6.7327     6.8383    33.7395    33.7398    27.0407    27.0414    7.93268 0.0000e+00
      19704    187.841     0.8584     0.8517   2.889124   2.888546     1.8973     2.2402      8.062     1.0071    17.0844 1.0715e-01     0.1035    97.4468     6.7347     6.8363    33.7400    33.7399    27.0411    27.0414    7.93286 0.0000e+00
      19707    187.715     0.8580     0.8517   2.889120   2.888548     1.8969     2.2410      8.062     0.9969    17.0844 1.0715e-01     0.1038    97.4381     6.7307     6.8415    33.7404    33.7399    27.0415    27.0414    7.93292 0.0000e+00
      19710    187.590     0.8579     0.8518   2.889138   2.888547     1.8973     2.2410      8.062     0.9969    17.0844 1.0727e-01     0.1038    97.4381     6.7311     6.8392    33.7409    33.7399    27.0418    27.0414    7.93292 0.0000e+00
      19713    187.463     0.8596     0.8527   2.889284   2.888561     1.8973     2.2414      8.062     1.0071    17.0844 1.0715e-01     0.1035    97.4468     6.7289     6.8425    33.7410    33.7392    27.0419    27.0408    7.93257 0.0000e+00
      19716    187.336     0.8601     0.8526   2.889321   2.888563     1.8986     2.2410      8.062     0.9765   272.7507 1.0715e-01     0.1035    97.4468     6.7337     6.8436    33.7410    33.7393    27.0418    27.0410    7.93247 0.0000e+00
      19719    187.204     0.8605     0.8525   2.889329   2.888546     1.8978     2.2414      8.064     1.0071   481.6738 1.0727e-01     0.1028    97.4641     6.7324     6.8447    33.7407    33.7393    27.0416    27.0409    7.93239 0.0000e+00
      19722    187.074     0.8604     0.8522   2.889339   2.888519     1.8969     2.2414      8.062     0.9867   480.9237 1.0727e-01     0.1028    97.4641     6.7292     6.8437    33.7410    33.7393    27.0418    27.0410    7.93239 0.0000e+00
      19725    186.942     0.8603     0.8535   2.889362   2.888575     1.8978     2.2414      8.062     0.9969   481.2395 1.0715e-01     0.1024    97.4728     6.7334     6.8454    33.7415    33.7387    27.0422    27.0404    7.93238 0.0000e+00
      19728    186.810     0.8605     0.8528   2.889347   2.888558     1.8969     2.2418      8.062     0.9867   481.2790 1.0715e-01     0.1028    97.4641     6.7256     6.8475    33.7412    33.7394    27.0420    27.0410    7.93237 0.0000e+00
      19731    186.679     0.8605     0.8531   2.889316   2.888588     1.8973     2.2414      8.062     0.9765   481.2395 1.0715e-01     0.1024    97.4728     6.7245     6.8443    33.7408    33.7395    27.0417    27.0411    7.93238 0.0000e+00
      19734    186.547     0.8603     0.8531   2.889272   2.888612     1.8977     2.2418      8.064     0.9969   481.2790 1.0715e-01     0.1031    97.4555     6.7242     6.8455    33.7406    33.7399    27.0415    27.0414    7.93244 0.0000e+00
      19737    186.416     0.8595     0.8535   2.889282   2.888639     1.8982     2.2427      8.062     0.9969   481.2395 1.0715e-01     0.1028    97.4641     6.7272     6.8473    33.7417    33.7399    27.0424    27.0413    7.93255 0.0000e+00
      19740    186.281     0.8590     0.8540   2.889252   2.888662     1.8982     2.2427      8.062     0.9969   481.2395 1.0715e-01     0.1024    97.4728     6.7287     6.8467    33.7419    33.7397    27.0426    27.0412    7.93264 0.0000e+00
      19743    186.149     0.8583     0.8543   2.889200   2.888674     1.8982     2.2427      8.062     1.0071    90.9892 1.0727e-01     0.1028    97.4641     6.7321     6.8478    33.7421    33.7396    27.0428    27.0411    7.93278 0.0000e+00
      19746    186.020     0.8582     0.8542   2.889229   2.888671     1.8982     2.2427      8.064     0.9663    14.2025 1.0715e-01     0.1024    97.4728     6.7310     6.8475    33.7427    33.7397    27.0433    27.0412    7.93277 0.0000e+00
      19749    185.890     0.8592     0.8542   2.889240   2.888658     1.8978     2.2427      8.062     0.9663    17.3213 1.0715e-01     0.1024    97.4728     6.7299     6.8457    33.7418    33.7397    27.0425    27.0411    7.93261 0.0000e+00
      19752    185.763     0.8590     0.8541   2.889275   2.888701     1.8973     2.2431      8.062     0.9663    17.2029 1.0715e-01     0.1024    97.4728     6.7283     6.8446    33.7424    33.7404    27.0430    27.0417    7.93260 0.0000e+00
      19755    185.636     0.8592     0.8551   2.889279   2.888804     1.8969     2.2427      8.062     0.9765    17.2029 1.0727e-01     0.1028    97.4641     6.7237     6.8409    33.7424    33.7407    27.0430    27.0419    7.93257 0.0000e+00
      19758    185.512     0.8597     0.8560   2.889309   2.888905     1.8982     2.2427      8.064     0.9765    17.2029 1.0715e-01     0.1024    97.4728     6.7306     6.8370    33.7423    33.7412    27.0429    27.0422    7.93247 0.0000e+00
      19761    185.389     0.8613     0.8555   2.889450   2.888877     1.8982     2.2427      8.062     0.9562    17.2029 1.0715e-01     0.1024    97.4728     6.7295     6.8360    33.7425    33.7414    27.0429    27.0424    7.93213 0.0000e+00
      19764    185.269     0.8631     0.8573   2.889448   2.888979     1.8982     2.2435      8.062     0.9663    17.2029 1.0727e-01     0.1024    97.4728     6.7297     6.8373    33.7406    33.7409    27.0413    27.0419    7.93187 0.0000e+00
      19767    185.151     0.8619     0.8586   2.889369   2.889025     1.8978     2.2439      8.064     0.9765    76.6978 1.0715e-01     0.1024    97.4728     6.7285     6.8391    33.7409    33.7400    27.0416    27.0411    7.93209 0.0000e+00
      19770    185.037     0.8641     0.8589   2.889509   2.889018     1.8982     2.2431      8.062     0.9663   467.7772 1.0715e-01     0.1024    97.4728     6.7306     6.8362    33.7404    33.7397    27.0411    27.0409    7.93166 0.0000e+00
      19773    184.929     0.8662     0.8587   2.889565   2.889002     1.8986     2.2435      8.062     0.9969   481.4764 1.0727e-01     0.1024    97.4728     6.7342     6.8387    33.7389    33.7398    27.0397    27.0409    7.93130 0.0000e+00
      19776    184.821     0.8661     0.8629   2.889580   2.889067     1.8986     2.2427      8.062     1.0376   481.1605 1.0715e-01     0.1024    97.4728     6.7325     6.8382    33.7393    33.7361    27.0401    27.0377    7.93131 0.0000e+00
      19779    184.717     0.8656     0.8640   2.889497   2.889047     1.8986     2.2435      8.064     1.0274   481.2395 1.0727e-01     0.1017    97.4902     6.7304     6.8434    33.7388    33.7348    27.0397    27.0365    7.93144 0.0000e+00
      19782    184.615     0.8638     0.8625   2.889405   2.889026     1.8982     2.2431      8.064     1.0274   481.2395 1.0727e-01     0.1017    97.4902     6.7285     6.8409    33.7396    33.7361    27.0405    27.0378    7.93177 0.0000e+00
      19785    184.516     0.8623     0.8617   2.889424   2.889020     1.8986     2.2431      8.064     1.0173   481.2395 1.0715e-01     0.1020    97.4815     6.7297     6.8394    33.7415    33.7370    27.0421    27.0385    7.93197 0.0000e+00
      19788    184.417     0.8652     0.8621   2.889466   2.889018     1.8978     2.2431      8.062     1.0376   481.2790 1.0715e-01     0.1017    97.4902     6.7261     6.8385    33.7390    33.7367    27.0399    27.0382    7.93151 0.0000e+00
      19791    184.318     0.8644     0.8624   2.889412   2.889013     1.8986     2.2435      8.064     1.0274   481.3184 1.0715e-01     0.1013    97.4989     6.7289     6.8418    33.7392    33.7363    27.0402    27.0379    7.93166 0.0000e+00
      19794    184.221     0.8649     0.8641   2.889431   2.889075     1.8982     2.2439      8.062     1.0071   308.8740 1.0727e-01     0.1013    97.4989     6.7241     6.8442    33.7389    33.7352    27.0399    27.0369    7.93157 0.0000e+00
      19797    184.126     0.8641     0.8649   2.889420   2.889082     1.8986     2.2443      8.062     1.0071     1.7666 1.0727e-01     0.1020    97.4815     6.7277     6.8458    33.7398    33.7345    27.0406    27.0363    7.93170 0.0000e+00
      19800    184.033     0.8646     0.8647   2.889429   2.889069     1.8982     2.2451      8.062     0.9765    13.6103 1.0727e-01     0.1024    97.4728     6.7262     6.8483    33.7394    33.7347    27.0403    27.0364    7.93161 0.0000e+00
      19803    183.941     0.8641     0.8645   2.889421   2.889054     1.8990     2.2443      8.062     0.9765    13.0576 1.0715e-01     0.1024    97.4728     6.7318     6.8455    33.7399    33.7348    27.0407    27.0365    7.93169 0.0000e+00
      19806    183.847     0.8639     0.8645   2.889446   2.889070     1.8990     2.2439      8.064     0.9663    13.0971 1.0715e-01     0.1024    97.4728     6.7340     6.8433    33.7405    33.7350    27.0412    27.0367    7.93170 0.0000e+00
      19809    183.755     0.8644     0.8651   2.889426   2.889063     1.8982     2.2439      8.065     0.9663    13.0971 1.0715e-01     0.1024    97.4728     6.7282     6.8403    33.7398    33.7343    27.0406    27.0361    7.93163 0.0000e+00
      19812    183.662     0.8650     0.8644   2.889451   2.889044     1.8990     2.2443      8.064     0.9562    13.1760 1.0715e-01     0.1024    97.4728     6.7329     6.8374    33.7395    33.7349    27.0403    27.0366    7.93153 0.0000e+00
      19815    183.567     0.8649     0.8625   2.889433   2.889012     1.8982     2.2443      8.062     0.9562    13.1365 1.0727e-01     0.1024    97.4728     6.7278     6.8367    33.7394    33.7366    27.0402    27.0381    7.93154 0.0000e+00
      19818    183.466     0.8655     0.8628   2.889440   2.889013     1.8986     2.2443      8.064     0.9663    13.0971 1.0715e-01     0.1024    97.4728     6.7311     6.8364    33.7389    33.7364    27.0398    27.0379    7.93144 0.0000e+00
      19821    183.366     0.8668     0.8620   2.889470   2.888977     1.8990     2.2443      8.065     0.9460   312.5850 1.0715e-01     0.1020    97.4815     6.7351     6.8365    33.7379    33.7368    27.0390    27.0383    7.93124 0.0000e+00
      19824    183.262     0.8681     0.8605   2.889469   2.888955     1.8986     2.2447      8.063     1.0172   481.7922 1.0715e-01     0.1024    97.4728     6.7334     6.8388    33.7366    33.7382    27.0378    27.0396    7.93104 0.0000e+00
      19827    183.158     0.8686     0.8598   2.889480   2.888915     1.8994     2.2451      8.065     1.0579   480.9632 1.0715e-01     0.1020    97.4815     6.7374     6.8437    33.7362    33.7385    27.0375    27.0398    7.93095 0.0000e+00
      19830    183.050     0.8688     0.8623   2.889482   2.888933     1.8990     2.2443      8.065     1.0579   481.3184 1.0715e-01     0.1024    97.4728     6.7385     6.8406    33.7361    33.7361    27.0374    27.0377    7.93092 0.0000e+00
      19833    182.941     0.8695     0.8638   2.889473   2.889020     1.8986     2.2439      8.065     1.0681   481.2395 1.0715e-01     0.1024    97.4728     6.7357     6.8384    33.7353    33.7357    27.0366    27.0373    7.93081 0.0000e+00
      19836    182.827     0.8703     0.8646   2.889477   2.889039     1.8990     2.2439      8.065     1.0579   481.2395 1.0715e-01     0.1024    97.4728     6.7376     6.8368    33.7346    33.7351    27.0360    27.0368    7.93069 0.0000e+00
      19839    182.711     0.8702     0.8652   2.889473   2.888992     1.8994     2.2451      8.063     1.0579   481.2790 1.0715e-01     0.1035    97.4468     6.7396     6.8388    33.7347    33.7339    27.0361    27.0358    7.93071 0.0000e+00
      19842    182.593     0.8702     0.8657   2.889460   2.888987     1.8994     2.2451      8.066     1.0579   481.2790 1.0715e-01     0.1035    97.4468     6.7372     6.8393    33.7346    33.7334    27.0360    27.0353    7.93071 0.0000e+00
      19845    182.474     0.8697     0.8657   2.889443   2.888986     1.9002     2.2447      8.066     1.0579   472.6725 1.0727e-01     0.1035    97.4468     6.7400     6.8384    33.7349    33.7334    27.0364    27.0353    7.93079 0.0000e+00
      19848    182.350     0.8674     0.8655   2.889418   2.888977     1.8994     2.2447      8.066     1.0579    55.2212 1.0727e-01     0.1035    97.4468     6.7352     6.8377    33.7372    33.7336    27.0383    27.0355    7.93115 0.0000e+00
      19851    182.227     0.8657     0.8651   2.889399   2.888991     1.8998     2.2451      8.066     1.0173     7.1752 1.0727e-01     0.1035    97.4468     6.7376     6.8406    33.7389    33.7342    27.0398    27.0361    7.93142 0.0000e+00
      19854    182.106     0.8670     0.8651   2.889431   2.888997     1.8998     2.2451      8.066     0.9969     9.7808 1.0715e-01     0.1031    97.4555     6.7400     6.8433    33.7380    33.7344    27.0389    27.0362    7.93119 0.0000e+00
      19857    181.979     0.8677     0.8650   2.889414   2.888989     1.8994     2.2451      8.066     0.9867     9.6229 1.0715e-01     0.1035    97.4468     6.7367     6.8454    33.7370    33.7345    27.0381    27.0363    7.93109 0.0000e+00
      19860    181.853     0.8674     0.8649   2.889406   2.888981     1.8998     2.2443      8.066     0.9969     9.6229 1.0715e-01     0.1017    97.4902     6.7372     6.8421    33.7374    33.7346    27.0384    27.0363    7.93115 0.0000e+00
      19863    181.728     0.8665     0.8646   2.889402   2.888955     1.9002     2.2443      8.065     1.0071     9.6229 1.0727e-01     0.1020    97.4815     6.7386     6.8410    33.7384    33.7347    27.0393    27.0364    7.93128 0.0000e+00
      19866    181.605     0.8668     0.8644   2.889431   2.888949     1.8998     2.2455      8.065     0.9867     9.6229 1.0740e-01     0.1017    97.4902     6.7372     6.8460    33.7385    33.7349    27.0394    27.0367    7.93121 0.0000e+00
