Datasets/AZMP/HUD120/hud120_2020_024.cnv
* Sea-Bird SBE 9 Data File:
* FileName = C:\CTDDATA\hud120_2020_024.hex
* Software Version Seasave V 7.26.7.110
* Temperature SN = 1697
* Conductivity SN = 4216
* Number of Bytes Per Scan = 30
* Number of Voltage Words = 4
* Number of Scans Averaged by the Deck Unit = 1
* NMEA baud rate = 4800
** VESSEL/TRIP/SEQ STN:  hud120_2020_024
** LATITUDE XX XX.XX: 44 21.80 N
** LONGITUDE XX XX.XX: 051 06.20 W
** SOUNDING DEPTH (M): 0074
** PROBE TYPE: S1146
** CTD NUMBER: 014
** FORMAT: V
** COMMENTS (14 CHAR): SEGB-10
** BOTTLES:  07
** LEVELS: 5,10,20,30,40,50,BTM
** STICKERS: 439602 - 439608
** VNET: Y
** DO2: N
# nquan = 22
# nvalues = 1585                        
# units = specified
# name 0 = scan: Scan Count
# name 1 = prDM: Pressure, Digiquartz [db]
# name 2 = t090C: Temperature [ITS-90, deg C]
# name 3 = t190C: Temperature, 2 [ITS-90, deg C]
# name 4 = c0S/m: Conductivity [S/m]
# name 5 = c1S/m: Conductivity, 2 [S/m]
# name 6 = sbeox0V: Oxygen raw, SBE 43 [V]
# name 7 = sbeox1V: Oxygen raw, SBE 43, 2 [V]
# name 8 = ph: pH
# name 9 = flECO-AFL: Fluorescence, WET Labs ECO-AFL/FL [mg/m^3]
# name 10 = wetCDOM: Fluorescence, WET Labs CDOM [mg/m^3]
# name 11 = par/sat/log: PAR/Logarithmic, Satlantic [umol photons/m^2/sec]
# name 12 = CStarAt0: Beam Attenuation, WET Labs C-Star [1/m]
# name 13 = CStarTr0: Beam Transmission, WET Labs C-Star [%]
# name 14 = sbeox0ML/L: Oxygen, SBE 43 [ml/l], WS = 2
# name 15 = sbeox1ML/L: Oxygen, SBE 43, 2 [ml/l], WS = 2
# name 16 = sal00: Salinity, Practical [PSU]
# name 17 = sal11: Salinity, Practical, 2 [PSU]
# name 18 = sigma-t00: Density [sigma-t, kg/m^3 ]
# name 19 = sigma-t11: Density, 2 [sigma-t, kg/m^3 ]
# name 20 = oxsatML/L: Oxygen Saturation, Weiss [ml/l]
# name 21 = flag: flag
# span 0 =          5,      25704       
# span 1 =      0.162,     69.442       
# span 2 =     2.9764,    12.1085       
# span 3 =     2.9715,    12.1042       
# span 4 =   1.365792,   3.732814       
# span 5 =   1.922442,   3.732267       
# span 6 =     2.0594,     2.2100       
# span 7 =     2.4070,     2.6132       
# span 8 =      7.934,      8.131       
# span 9 =     1.5870,     4.2630       
# span 10 =    -2.8130,   482.1870      
# span 11 = 1.0678e-01, 2.8339e+02      
# span 12 =     0.0988,     0.7016      
# span 13 =    83.9128,    97.5598      
# span 14 =     5.5725,     8.6058      
# span 15 =     5.3905,     8.6131      
# span 16 =    10.7464,    33.0966      
# span 17 =    15.5821,    33.0538      
# span 18 =     7.8119,    26.1612      
# span 19 =    11.5454,    26.2314      
# span 20 =    6.14011,    7.57528      
# span 21 = 0.0000e+00, 0.0000e+00      
# interval = scans: 3                   
# start_time = Nov 18 2020 14:22:36 [System UTC, header]
# bad_flag = -9.990e-29
*END*
[from data line 527]
       1668     53.401     3.0214     3.0113   2.962415   2.962166     2.1367     2.4501      8.025     1.8312   481.6343 2.6021e+00     0.1368    96.6384     6.9462     7.4127    32.4681    32.4752    25.8625    25.8690    7.56916 0.0000e+00
       1671     53.519     3.0174     3.0095   2.962265   2.961710     2.1327     2.4530      8.025     1.8414   481.0421 2.5781e+00     0.1368    96.6384     6.9313     7.4138    32.4702    32.4714    25.8645    25.8662    7.56981 0.0000e+00
       1674     53.636     3.0152     3.0068   2.962063   2.961387     2.1302     2.4562      8.025     1.8312   481.1606 2.5222e+00     0.1433    96.4819     6.9268     7.4151    32.4700    32.4703    25.8644    25.8655    7.57025 0.0000e+00
       1677     53.751     3.0100     3.0035   2.961604   2.961191     2.1278     2.4583      8.022     1.8312   481.1606 2.4817e+00     0.1889    95.3867     6.9287     7.4134    32.4695    32.4712    25.8646    25.8664    7.57125 0.0000e+00
       1680     53.862     3.0083     3.0021   2.961433   2.960943     2.1249     2.4615      8.020     1.8312   481.2000 2.4362e+00     0.1900    95.3606     6.9321     7.4186    32.4691    32.4695    25.8644    25.8652    7.57160 0.0000e+00
       1683     53.970     3.0078     3.0001   2.961256   2.960781     2.1217     2.4640      8.020     1.8312   481.2395 2.3888e+00     0.1900    95.3606     6.9354     7.4224    32.4675    32.4694    25.8631    25.8654    7.57178 0.0000e+00
       1686     54.076     3.0055     2.9989   2.961252   2.960757     2.1184     2.4664      8.020     1.8109   481.2395 2.3586e+00     0.1900    95.3606     6.9345     7.4217    32.4697    32.4703    25.8651    25.8662    7.57211 0.0000e+00
       1689     54.179     3.0061     2.9979   2.961401   2.960824     2.1160     2.4676      8.020     1.7804   335.7198 2.3207e+00     0.1900    95.3606     6.9373     7.4152    32.4707    32.4721    25.8659    25.8677    7.57193 0.0000e+00
       1692     54.280     3.0052     2.9993   2.961265   2.961092     2.1139     2.4709      8.018     1.7905    -0.8785 2.2861e+00     0.1900    95.3606     6.9431     7.4155    32.4700    32.4739    25.8654    25.8690    7.57214 0.0000e+00
       1695     54.379     3.0035     2.9993   2.961258   2.961066     2.1115     2.4717      8.017     1.7804     9.0702 2.2416e+00     0.2072    94.9521     6.9468     7.4069    32.4716    32.4735    25.8668    25.8687    7.57239 0.0000e+00
       1698     54.476     3.0023     2.9983   2.961277   2.961049     2.1103     2.4741      8.020     1.7804     8.7938 2.2030e+00     0.2414    94.1437     6.9549     7.4057    32.4730    32.4742    25.8680    25.8694    7.57255 0.0000e+00
       1701     54.576     3.0022     2.9980   2.961357   2.961030     2.1095     2.4762      8.018     1.7804     8.8728 2.1752e+00     0.2399    94.1785     6.9659     7.4043    32.4740    32.4742    25.8688    25.8694    7.57252 0.0000e+00
       1704     54.670     3.0025     2.9966   2.961506   2.960958     2.1074     2.4798      8.018     1.7804     8.8333 2.1181e+00     0.2407    94.1611     6.9704     7.4068    32.4755    32.4748    25.8700    25.8699    7.57239 0.0000e+00
       1707     54.761     3.0033     2.9956   2.961625   2.961005     2.1062     2.4811      8.017     1.7905     8.7938 2.0793e+00     0.2403    94.1698     6.9785     7.4021    32.4760    32.4763    25.8704    25.8712    7.57221 0.0000e+00
       1710     54.856     3.0012     2.9950   2.961433   2.960999     2.1038     2.4819      8.018     1.7702     8.7938 2.0389e+00     0.2407    94.1611     6.9815     7.3970    32.4758    32.4768    25.8703    25.8716    7.57262 0.0000e+00
       1713     54.951     2.9996     2.9947   2.961383   2.961120     2.1009     2.4823      8.020     1.9228     8.7938 1.9968e+00     0.2399    94.1785     6.9779     7.3871    32.4768    32.4785    25.8713    25.8730    7.57287 0.0000e+00
       1716     55.045     3.0004     2.9951   2.961500   2.961285     2.1001     2.4839      8.015     1.9941     2.5167 1.9557e+00     0.2503    93.9351     6.9879     7.3811    32.4773    32.4801    25.8716    25.8742    7.57269 0.0000e+00
       1719     55.140     3.0019     2.9964   2.961787   2.961292     2.0989     2.4855      8.018     1.9941    -1.8655 1.9199e+00     0.2573    93.7699     6.9904     7.3778    32.4792    32.4788    25.8730    25.8731    7.57230 0.0000e+00
       1722     55.235     3.0020     2.9920   2.961893   2.960932     2.0977     2.4868      8.017     1.9839    -1.6286 1.8652e+00     0.2566    93.7873     6.9908     7.3712    32.4803    32.4788    25.8739    25.8735    7.57223 0.0000e+00
       1725     55.332     3.0016     2.9864   2.961712   2.960857     2.0968     2.4884      8.020     1.9941    -1.6286 1.8268e+00     0.2566    93.7873     6.9961     7.3668    32.4785    32.4834    25.8725    25.8777    7.57241 0.0000e+00
       1728     55.431     2.9983     2.9874   2.961684   2.961020     2.0952     2.4888      8.020     1.9941    -1.6286 1.7892e+00     0.2569    93.7786     6.9989     7.3565    32.4815    32.4844    25.8751    25.8784    7.57288 0.0000e+00
       1731     55.536     2.9956     2.9851   2.961606   2.960776     2.0948     2.4900      8.018     1.9839    -1.6286 1.7482e+00     0.2566    93.7873     7.0075     7.3558    32.4831    32.4837    25.8767    25.8780    7.57331 0.0000e+00
       1734     55.641     2.9899     2.9823   2.961131   2.960657     2.0936     2.4908      8.017     1.9839    -1.6286 1.7222e+00     0.2573    93.7699     7.0106     7.3519    32.4831    32.4850    25.8771    25.8793    7.57440 0.0000e+00
       1737     55.749     2.9863     2.9821   2.961062   2.960684     2.0932     2.4908      8.018     1.9737    -1.6286 1.6751e+00     0.3062    92.6312     7.0129     7.3427    32.4859    32.4855    25.8797    25.8797    7.57495 0.0000e+00
       1740     55.860     2.9849     2.9799   2.961145   2.960714     2.0936     2.4917      8.018     1.8720    -0.2863 1.6350e+00     0.3137    92.4574     7.0177     7.3350    32.4882    32.4880    25.8816    25.8819    7.57509 0.0000e+00
       1743     55.975     2.9841     2.9798   2.961081   2.960835     2.0907     2.4929      8.017     1.8618   412.5854 1.5883e+00     0.3133    92.4661     7.0099     7.3304    32.4881    32.4895    25.8817    25.8831    7.57524 0.0000e+00
       1746     56.093     2.9838     2.9792   2.961096   2.960903     2.0899     2.4929      8.018     1.8720   481.7922 1.5502e+00     0.3133    92.4661     7.0120     7.3241    32.4885    32.4909    25.8820    25.8843    7.57528 0.0000e+00
       1749     56.214     2.9834     2.9786   2.961249   2.960978     2.0895     2.4929      8.017     1.8618   480.9631 1.4991e+00     0.3133    92.4661     7.0144     7.3192    32.4907    32.4923    25.8838    25.8855    7.57525 0.0000e+00
       1752     56.338     2.9839     2.9783   2.961349   2.961006     2.0887     2.4925      8.018     1.8720   481.2395 1.4530e+00     0.3133    92.4661     7.0160     7.3131    32.4915    32.4929    25.8843    25.8860    7.57513 0.0000e+00
       1755     56.464     2.9835     2.9783   2.961450   2.961106     2.0879     2.4941      8.017     1.8618   481.2395 1.4100e+00     0.3163    92.3966     7.0164     7.3141    32.4930    32.4940    25.8856    25.8869    7.57512 0.0000e+00
       1758     56.592     2.9830     2.9782   2.961554   2.961195     2.0863     2.4933      8.018     1.8618   481.2395 1.3619e+00     0.3314    92.0488     7.0150     7.3073    32.4947    32.4951    25.8870    25.8878    7.57513 0.0000e+00
       1761     56.725     2.9833     2.9784   2.961685   2.961295     2.0854     2.4933      8.018     1.8618   481.2395 1.3246e+00     0.3314    92.0488     7.0147     7.3022    32.4959    32.4961    25.8879    25.8885    7.57500 0.0000e+00
       1764     56.858     2.9834     2.9785   2.961779   2.961473     2.0858     2.4933      8.018     1.8414   481.2395 1.2885e+00     0.3314    92.0488     7.0245     7.2983    32.4969    32.4981    25.8886    25.8901    7.57494 0.0000e+00
       1767     56.994     2.9830     2.9781   2.961863   2.961464     2.0854     2.4941      8.020     1.7702   481.2395 1.2431e+00     0.3314    92.0488     7.0322     7.3012    32.4983    32.4984    25.8898    25.8903    7.57495 0.0000e+00
       1770     57.131     2.9824     2.9775   2.961974   2.961591     2.0850     2.4945      8.018     1.7702   481.3184 1.1979e+00     0.3314    92.0488     7.0366     7.3042    32.5001    32.5004    25.8913    25.8920    7.57497 0.0000e+00
       1773     57.268     2.9821     2.9770   2.962048   2.961631     2.0846     2.4945      8.018     1.7804   481.2395 1.1411e+00     0.3314    92.0488     7.0427     7.3079    32.5012    32.5013    25.8923    25.8928    7.57497 0.0000e+00
       1776     57.405     2.9819     2.9773   2.962097   2.961707     2.0842     2.4945      8.017     1.7804   481.3184 1.1151e+00     0.3451    91.7359     7.0463     7.3096    32.5019    32.5019    25.8929    25.8932    7.57497 0.0000e+00
       1779     57.543     2.9825     2.9769   2.962091   2.961701     2.0838     2.4941      8.020     1.7600   481.3184 1.0808e+00     0.3671    91.2318     7.0526     7.3100    32.5012    32.5021    25.8922    25.8934    7.57489 0.0000e+00
       1782     57.677     2.9822     2.9764   2.962200   2.961719     2.0830     2.4941      8.020     1.7702   481.2790 1.0427e+00     0.3655    91.2665     7.0553     7.3149    32.5028    32.5028    25.8935    25.8940    7.57488 0.0000e+00
       1785     57.808     2.9822     2.9765   2.962161   2.961796     2.0826     2.4937      8.017     1.7905   481.2395 1.0165e+00     0.3659    91.2578     7.0553     7.3123    32.5022    32.5035    25.8930    25.8946    7.57489 0.0000e+00
       1788     57.941     2.9816     2.9761   2.962350   2.961861     2.0826     2.4945      8.018     1.7804   481.2395 9.8758e-01     0.3655    91.2665     7.0574     7.3134    32.5050    32.5047    25.8954    25.8956    7.57487 0.0000e+00
       1791     58.070     2.9813     2.9756   2.962278   2.961948     2.0826     2.4953      8.017     1.7600   481.3184 9.6609e-01     0.3663    91.2492     7.0605     7.3120    32.5044    32.5062    25.8949    25.8967    7.57496 0.0000e+00
       1794     58.193     2.9813     2.9757   2.962373   2.962140     2.0830     2.4957      8.017     1.7397   301.7283 9.5059e-01     0.3655    91.2665     7.0655     7.3071    32.5055    32.5083    25.8958    25.8985    7.57491 0.0000e+00
       1797     58.312     2.9809     2.9763   2.962431   2.962233     2.0830     2.4969      8.018     1.7499    20.2033 9.2459e-01     0.3973    90.5451     7.0658     7.3045    32.5065    32.5088    25.8967    25.8988    7.57494 0.0000e+00
       1800     58.429     2.9813     2.9764   2.962526   2.962229     2.0822     2.4965      8.017     1.7499    32.1260 8.9929e-01     0.4131    90.1887     7.0615     7.2934    32.5071    32.5086    25.8971    25.8986    7.57481 0.0000e+00
       1803     58.540     2.9815     2.9766   2.962616   2.962229     2.0830     2.4973      8.020     1.7499    31.5338 8.6869e-01     0.4127    90.1974     7.0642     7.2871    32.5080    32.5083    25.8977    25.8984    7.57473 0.0000e+00
       1806     58.645     2.9811     2.9766   2.962732   2.962306     2.0822     2.4973      8.017     1.7499    31.6127 8.4193e-01     0.4127    90.1974     7.0592     7.2762    32.5098    32.5092    25.8992    25.8991    7.57472 0.0000e+00
       1809     58.745     2.9818     2.9764   2.962760   2.962315     2.0822     2.4957      8.018     1.7499    31.6522 8.2653e-01     0.4127    90.1974     7.0524     7.2575    32.5094    32.5094    25.8988    25.8993    7.57462 0.0000e+00
       1812     58.843     2.9824     2.9762   2.962804   2.962384     2.0818     2.4961      8.017     1.7499    31.5733 8.1135e-01     0.4127    90.1974     7.0456     7.2460    32.5092    32.5104    25.8986    25.9001    7.57451 0.0000e+00
       1815     58.934     2.9826     2.9766   2.962901   2.962506     2.0818     2.4945      8.017     1.7397    31.6522 7.8913e-01     0.4142    90.1626     7.0422     7.2278    32.5102    32.5115    25.8994    25.9009    7.57442 0.0000e+00
       1818     59.019     2.9823     2.9765   2.963006   2.962598     2.0818     2.4933      8.018     1.7600    31.6522 7.8100e-01     0.4623    89.0848     7.0368     7.2147    32.5117    32.5126    25.9006    25.9018    7.57440 0.0000e+00
       1821     59.098     2.9819     2.9767   2.963027   2.962672     2.0806     2.4925      8.015     1.7905   329.8374 7.6224e-01     0.4678    88.9631     7.0309     7.2048    32.5124    32.5132    25.9012    25.9023    7.57445 0.0000e+00
       1824     59.167     2.9817     2.9763   2.963094   2.962722     2.0802     2.4912      8.017     1.7905   482.1475 7.4051e-01     0.4674    88.9718     7.0280     7.1977    32.5133    32.5142    25.9019    25.9031    7.57444 0.0000e+00
       1827     59.226     2.9822     2.9769   2.963308   2.962844     2.0802     2.4908      8.018     1.7702   480.9632 7.4138e-01     0.4674    88.9718     7.0288     7.1936    32.5153    32.5151    25.9035    25.9037    7.57423 0.0000e+00
       1830     59.276     2.9827     2.9773   2.963499   2.962983     2.0793     2.4900      8.018     1.7702   481.3579 7.2526e-01     0.4674    88.9718     7.0294     7.1932    32.5171    32.5164    25.9049    25.9048    7.57405 0.0000e+00
       1853     59.312     2.9969     2.9920   2.965665   2.965078     2.0773     2.4843      8.017     1.7600   481.3184 7.4371e-01     0.4804    88.6849     7.0231     7.1746    32.5290    32.5268    25.9132    25.9118    7.57074 0.0000e+00
       1897     59.350     3.0519     3.0422   2.970652   2.969897     2.0745     2.4737      8.020     1.7193   481.2790 7.8731e-01     0.5055    88.1286     7.0111     7.1334    32.5339    32.5345    25.9123    25.9136    7.56003 0.0000e+00
       1900     59.404     3.0603     3.0698   2.970951   2.972100     2.0745     2.4729      8.020     1.7295   151.8264 7.8007e-01     0.5015    88.2155     7.0099     7.1282    32.5290    32.5333    25.9077    25.9103    7.55869 0.0000e+00
       1903     59.467     3.0447     3.0627   2.969228   2.970677     2.0745     2.4725      8.018     1.7091    76.1056 7.7021e-01     0.5011    88.2242     7.0135     7.1287    32.5239    32.5232    25.9049    25.9029    7.56191 0.0000e+00
       1906     59.534     3.0297     3.0602   2.968094   2.971240     2.0741     2.4713      8.018     1.7193    79.1850 7.4825e-01     0.5015    88.2155     7.0144     7.1279    32.5252    32.5325    25.9073    25.9105    7.56468 0.0000e+00
       1909     59.608     3.0053     3.0762   2.966370   2.972473     2.0732     2.4713      8.018     1.7193    79.0270 7.4486e-01     0.5015    88.2155     7.0163     7.1282    32.5290    32.5312    25.9124    25.9081    7.56915 0.0000e+00
       1912     59.686     2.9954     3.0862   2.966063   2.973086     2.0736     2.4701      8.020     1.7193    79.0665 7.1943e-01     0.5015    88.2155     7.0215     7.1265    32.5352    32.5285    25.9182    25.9050    7.57072 0.0000e+00
       1915     59.768     3.0045     3.0522   2.967088   2.969165     2.0736     2.4701      8.020     1.7193    79.0270 7.0869e-01     0.5011    88.2242     7.0201     7.1351    32.5384    32.5153    25.9200    25.8975    7.56882 0.0000e+00
       1918     59.856     3.0005     3.0131   2.966285   2.967116     2.0732     2.4689      8.017     1.7091    79.0270 7.0055e-01     0.5047    88.1460     7.0180     7.1378    32.5326    32.5300    25.9157    25.9126    7.56987 0.0000e+00
       1921     59.950     2.9954     3.0088   2.966032   2.967188     2.0737     2.4689      8.017     1.7193    79.0270 6.9248e-01     0.5075    88.0852     7.0225     7.1385    32.5347    32.5351    25.9178    25.9170    7.57075 0.0000e+00
