Datasets/AZMP/HUD120/hud120_2020_017.cnv
* Sea-Bird SBE 9 Data File:
* FileName = C:\CTDDATA\hud120_2020_017.hex
* Software Version Seasave V 7.26.7.110
* Temperature SN = 1697
* Conductivity SN = 4216
* Number of Bytes Per Scan = 30
* Number of Voltage Words = 4
* Number of Scans Averaged by the Deck Unit = 1
* NMEA baud rate = 4800
** VESSEL/TRIP/SEQ STN:  hud120_2020_017
** LATITUDE XX XX.XX: 46 21.00 N
** LONGITUDE XX XX.XX: 052 44.00 W
** SOUNDING DEPTH (M): 0176
** PROBE TYPE: S1146
** CTD NUMBER: 007
** FORMAT: V
** COMMENTS (14 CHAR): SEGB-03
** BOTTLES:  10
** LEVELS: 5,10,20,30,40,50,75,100,150,BTM
** STICKERS: 439563 - 439572
** VNET: Y
** DO2: Y
# nquan = 22
# nvalues = 2783                        
# units = specified
# name 0 = scan: Scan Count
# name 1 = prDM: Pressure, Digiquartz [db]
# name 2 = t090C: Temperature [ITS-90, deg C]
# name 3 = t190C: Temperature, 2 [ITS-90, deg C]
# name 4 = c0S/m: Conductivity [S/m]
# name 5 = c1S/m: Conductivity, 2 [S/m]
# name 6 = sbeox0V: Oxygen raw, SBE 43 [V]
# name 7 = sbeox1V: Oxygen raw, SBE 43, 2 [V]
# name 8 = ph: pH
# name 9 = flECO-AFL: Fluorescence, WET Labs ECO-AFL/FL [mg/m^3]
# name 10 = wetCDOM: Fluorescence, WET Labs CDOM [mg/m^3]
# name 11 = par/sat/log: PAR/Logarithmic, Satlantic [umol photons/m^2/sec]
# name 12 = CStarAt0: Beam Attenuation, WET Labs C-Star [1/m]
# name 13 = CStarTr0: Beam Transmission, WET Labs C-Star [%]
# name 14 = sbeox0ML/L: Oxygen, SBE 43 [ml/l], WS = 2
# name 15 = sbeox1ML/L: Oxygen, SBE 43, 2 [ml/l], WS = 2
# name 16 = sal00: Salinity, Practical [PSU]
# name 17 = sal11: Salinity, Practical, 2 [PSU]
# name 18 = sigma-t00: Density [sigma-t, kg/m^3 ]
# name 19 = sigma-t11: Density, 2 [sigma-t, kg/m^3 ]
# name 20 = oxsatML/L: Oxygen Saturation, Weiss [ml/l]
# name 21 = flag: flag
# span 0 =         64,      35532       
# span 1 =      2.521,    170.117       
# span 2 =    -0.6763,     6.3864       
# span 3 =    -0.6819,     6.3798       
# span 4 =   2.705445,   3.168309       
# span 5 =   2.704981,   3.167631       
# span 6 =     1.8063,     2.2178       
# span 7 =     2.1319,     2.6395       
# span 8 =      7.807,      8.065       
# span 9 =     1.0071,     3.3982       
# span 10 =    -2.8130,   482.1870      
# span 11 = 1.0715e-01, 5.7435e+02      
# span 12 =     0.0640,     0.2080      
# span 13 =    94.9347,    98.4116      
# span 14 =     6.1305,     7.5328      
# span 15 =     6.2037,     7.7683      
# span 16 =    31.5764,    33.2565      
# span 17 =    31.5760,    33.2574      
# span 18 =    24.8125,    26.7156      
# span 19 =    24.8134,    26.7166      
# span 20 =    7.01247,    8.30248      
# span 21 = 0.0000e+00, 0.0000e+00      
# interval = scans: 3                   
# start_time = Nov 17 2020 17:08:22 [System UTC, header]
# bad_flag = -9.990e-29
*END*
[from data line 2305]
      20198     52.149     2.2695     2.2278   2.880974   2.878700     2.1112     2.5162      7.991     1.8414     1.2139 1.2302e+00     0.0729    98.1943     7.4468     7.6041    32.2329    32.2470    25.7353    25.7497    7.72698 0.0000e+00
      20201     52.037     2.2968     2.2473   2.883201   2.879846     2.1112     2.5174      7.991     1.7091     1.2139 1.2575e+00     0.0729    98.1943     7.4346     7.5996    32.2328    32.2415    25.7332    25.7439    7.72160 0.0000e+00
      20204     51.932     2.3224     2.2777   2.884996   2.882726     2.1124     2.5174      7.991     1.6989     1.2139 1.2810e+00     0.0729    98.1943     7.4280     7.5849    32.2290    32.2463    25.7282    25.7454    7.71675 0.0000e+00
      20207     51.828     2.3393     2.3061   2.885866   2.884691     2.1124     2.5179      7.991     1.6786     1.2139 1.3109e+00     0.0725    98.2030     7.4175     7.5723    32.2227    32.2419    25.7218    25.7397    7.71375 0.0000e+00
      20210     51.721     2.3415     2.3072   2.886354   2.884578     2.1132     2.5179      7.994     1.6888     1.2139 1.3261e+00     0.0725    98.2030     7.4153     7.5659    32.2265    32.2393    25.7248    25.7376    7.71312 0.0000e+00
      20213     51.610     2.3162     2.3004   2.885335   2.884303     2.1132     2.5183      7.994     1.6888     1.2139 1.3478e+00     0.0725    98.2030     7.4144     7.5644    32.2397    32.2430    25.7372    25.7410    7.71742 0.0000e+00
      20216     51.502     2.3083     2.2812   2.885412   2.884339     2.1136     2.5195      7.994     1.6888   235.7194 1.3698e+00     0.0725    98.2030     7.4114     7.5683    32.2487    32.2629    25.7450    25.7584    7.71850 0.0000e+00
      20219     51.399     2.3247     2.3159   2.887014   2.887321     2.1140     2.5191      7.994     1.6786   482.1870 1.3987e+00     0.0725    98.2030     7.4041     7.5532    32.2518    32.2646    25.7462    25.7571    7.71511 0.0000e+00
      20222     51.302     2.3495     2.3469   2.888417   2.888220     2.1152     2.5195      7.993     1.6786   480.8447 1.4280e+00     0.0725    98.2030     7.3961     7.5442    32.2441    32.2443    25.7381    25.7386    7.71063 0.0000e+00
      20225     51.209     2.3705     2.3648   2.889529   2.889364     2.1144     2.5195      7.992     1.6786   481.1211 1.4446e+00     0.0725    98.2030     7.3827     7.5374    32.2365    32.2403    25.7305    25.7340    7.70689 0.0000e+00
      20228     51.123     2.3721     2.3735   2.889622   2.889617     2.1144     2.5195      7.993     1.6278   481.1211 1.4580e+00     0.0729    98.1943     7.3796     7.5349    32.2362    32.2347    25.7301    25.7288    7.70661 0.0000e+00
      20231     51.046     2.3767     2.3788   2.890001   2.890015     2.1148     2.5195      7.992     1.6379   481.1211 1.4682e+00     0.0732    98.1856     7.3772     7.5310    32.2362    32.2342    25.7297    25.7280    7.70569 0.0000e+00
      20234     50.974     2.3916     2.3862   2.891330   2.890516     2.1152     2.5203      7.992     1.6278   481.1211 1.4699e+00     0.0732    98.1856     7.3716     7.5277    32.2375    32.2330    25.7297    25.7264    7.70271 0.0000e+00
      20237     50.913     2.4097     2.3955   2.892320   2.891099     2.1152     2.5207      7.991     1.6176   481.1211 1.4904e+00     0.0725    98.2030     7.3634     7.5237    32.2314    32.2308    25.7234    25.7240    7.69947 0.0000e+00
      20240     50.862     2.4226     2.4038   2.893077   2.892048     2.1148     2.5203      7.993     1.6278   481.1211 1.5043e+00     0.0725    98.2030     7.3556     7.5156    32.2277    32.2341    25.7194    25.7260    7.69713 0.0000e+00
      20243     50.819     2.4355     2.4190   2.893771   2.893098     2.1152     2.5203      7.993     1.6379   108.0836 1.5147e+00     0.0725    98.2030     7.3522     7.5089    32.2233    32.2317    25.7148    25.7229    7.69483 0.0000e+00
      20633     50.786     2.4985     2.5042   2.898738   2.899640     2.1279     2.5333      7.995     1.6786     2.8720 1.4219e+00     0.0760    98.1161     7.3649     7.5079    32.2206    32.2260    25.7078    25.7117    7.68265 0.0000e+00
      20830     50.714     2.5434     2.5582   2.902385   2.903401     2.1352     2.5402      7.998     1.6786     5.7145 1.3922e+00     0.0775    98.0813     7.3687     7.5034    32.2201    32.2176    25.7040    25.7007    7.67392 0.0000e+00
      20833     50.640     2.5532     2.5650   2.902975   2.903696     2.1344     2.5398      7.998     1.6583     5.7145 1.4182e+00     0.0711    98.2378     7.3601     7.4956    32.2175    32.2144    25.7010    25.6977    7.67214 0.0000e+00
      20836     50.571     2.5658     2.5656   2.904034   2.903705     2.1344     2.5390      7.998     1.6684     5.7145 1.4330e+00     0.0704    98.2552     7.3552     7.4849    32.2178    32.2140    25.7003    25.6972    7.66966 0.0000e+00
      20839     50.506     2.5744     2.5660   2.904585   2.903762     2.1335     2.5382      7.994     1.6583     5.7145 1.4580e+00     0.0704    98.2552     7.3458     7.4771    32.2159    32.2144    25.6981    25.6975    7.66809 0.0000e+00
      20842     50.453     2.5801     2.5666   2.904995   2.903855     2.1323     2.5366      7.997     1.6684     5.7145 1.4750e+00     0.0704    98.2552     7.3322     7.4659    32.2152    32.2149    25.6971    25.6979    7.66701 0.0000e+00
      20845     50.410     2.5820     2.5683   2.905134   2.904005     2.1323     2.5362      7.996     1.6583     9.2676 1.5113e+00     0.0704    98.2552     7.3286     7.4603    32.2151    32.2151    25.6968    25.6979    7.66665 0.0000e+00
      20902     50.380     2.6028     2.5806   2.906963   2.904881     2.1343     2.5399      7.997     1.6277     8.5965 1.4702e+00     0.0715    98.2291     7.3447     7.4852    32.2165    32.2134    25.6963    25.6956    7.66254 0.0000e+00
      21014     50.278     2.6415     2.6014   2.909710   2.907392     2.1372     2.5443      7.995     1.5768     4.7670 1.3401e+00     0.0725    98.2030     7.3701     7.5298    32.2112    32.2232    25.6890    25.7018    7.65529 0.0000e+00
      21017     50.143     2.6315     2.6646   2.908646   2.912838     2.1356     2.5443      7.997     1.5667     4.7670 1.3603e+00     0.0715    98.2291     7.3585     7.5165    32.2083    32.2262    25.6875    25.6991    7.65738 0.0000e+00
      21020     50.020     2.6267     2.6741   2.908514   2.911756     2.1356     2.5439      7.995     1.5768     4.7670 1.3777e+00     0.0715    98.2291     7.3522     7.5116    32.2116    32.2035    25.6904    25.6802    7.65814 0.0000e+00
      21023     49.911     2.6284     2.6528   2.908862   2.910402     2.1364     2.5439      7.997     1.5768     4.7670 1.4182e+00     0.0715    98.2291     7.3526     7.5121    32.2142    32.2085    25.6924    25.6859    7.65767 0.0000e+00
      21026     49.815     2.6316     2.6564   2.909188   2.911076     2.1364     2.5439      7.995     1.5565     4.8459 1.4513e+00     0.0715    98.2291     7.3514     7.5100    32.2150    32.2132    25.6928    25.6893    7.65701 0.0000e+00
      21029     49.737     2.6346     2.6630   2.909091   2.911519     2.1352     2.5443      7.995     1.5565     5.9514 1.4513e+00     0.0715    98.2291     7.3470     7.5103    32.2108    32.2120    25.6892    25.6878    7.65664 0.0000e+00
      21032     49.676     2.6362     2.6658   2.909228   2.910891     2.1348     2.5431      7.997     1.5768     6.0698 1.4648e+00     0.0718    98.2204     7.3476     7.5051    32.2110    32.2015    25.6892    25.6793    7.65633 0.0000e+00
      21035     49.628     2.6405     2.6381   2.909658   2.909297     2.1331     2.5431      7.997     1.5667     6.0698 1.4801e+00     0.0711    98.2378     7.3383     7.5097    32.2119    32.2099    25.6896    25.6882    7.65545 0.0000e+00
      21038     49.595     2.6467     2.6513   2.910334   2.910293     2.1335     2.5427      7.997     1.6786     6.0698 1.4939e+00     0.0708    98.2465     7.3366     7.5035    32.2140    32.2088    25.6907    25.6863    7.65414 0.0000e+00
      22403     49.485     3.4743     3.6893   2.978875   2.996046     2.1604     2.5716      7.999     1.6481     7.8463 1.4819e+00     0.0725    98.2030     7.0952     7.1590    32.2152    32.2069    25.6209    25.5944    7.49639 0.0000e+00
      22406     49.282     3.6239     3.7904   2.990503   3.000620     2.1588     2.5683      7.998     1.6481     7.8463 1.5183e+00     0.0729    98.1943     7.0356     7.1112    32.2058    32.1614    25.5996    25.5487    7.46896 0.0000e+00
      22409     49.091     3.7753     3.8455   3.003464   3.003632     2.1551     2.5647      7.998     1.6278     7.8463 1.5847e+00     0.0736    98.1769     6.9741     7.0716    32.2101    32.1429    25.5889    25.5288    7.44069 0.0000e+00
      22412     48.915     3.9115     3.8986   3.008608   3.009599     2.1535     2.5610      7.997     1.6379     7.8463 1.6217e+00     0.0736    98.1769     6.9370     7.0346    32.1369    32.1612    25.5178    25.5383    7.41921 0.0000e+00
      22415     48.755     3.9118     4.0552   3.008246   3.022180     2.1498     2.5574      7.997     1.6278   285.1866 1.6847e+00     0.0736    98.1769     6.9168     6.9830    32.1325    32.1559    25.5142    25.5189    7.41939 0.0000e+00
      22418     48.616     4.0880     4.1346   3.026377   3.026193     2.1474     2.5549      7.997     1.6278   481.8712 1.7142e+00     0.0736    98.1769     6.8704     6.9571    32.1731    32.1253    25.5293    25.4868    7.38517 0.0000e+00
      22421     48.500     4.2461     4.2065   3.035672   3.030752     2.1458     2.5521      7.996     1.6379   480.7657 1.7482e+00     0.0736    98.1769     6.8403     6.9336    32.1274    32.1085    25.4774    25.4663    7.35867 0.0000e+00
      22424     48.414     4.3303     4.2062   3.041253   3.028832     2.1421     2.5476      7.996     1.8312   481.1211 1.7768e+00     0.0736    98.1769     6.8183     6.9192    32.1105    32.0864    25.4555    25.4487    7.34428 0.0000e+00
      22427     48.353     4.3352     4.1257   3.038215   3.024464     2.1397     2.5439      7.996     1.8720   481.1211 1.7933e+00     0.0736    98.1769     6.8170     6.9220    32.0703    32.1139    25.4231    25.4785    7.34535 0.0000e+00
      22625     48.309     4.3324     4.2453   3.037807   3.033929     2.1433     2.5456      7.996     1.8211   477.3706 1.7892e+00     0.0736    98.1769     6.8892     6.9622    32.0683    32.1079    25.4217    25.4618    7.34602 0.0000e+00
      23018     48.238     4.4880     4.4656   3.048796   3.048647     2.1555     2.5561      7.995     1.7499    63.1170 1.7706e+00     0.0715    98.2291     7.0174     7.0698    32.0451    32.0652    25.3875    25.4057    7.31910 0.0000e+00
      23021     48.168     4.4327     4.4681   3.044564   3.048487     2.1547     2.5529      7.998     1.7499     2.9904 1.7726e+00     0.0715    98.2291     7.0360     7.0727    32.0496    32.0609    25.3967    25.4020    7.32880 0.0000e+00
      23024     48.107     4.3940     4.4685   3.043606   3.049334     2.1547     2.5516      7.999     1.8211     6.4251 1.7726e+00     0.0715    98.2291     7.0562     7.0867    32.0761    32.0703    25.4217    25.4095    7.33447 0.0000e+00
      23027     48.059     4.4312     4.5127   3.047182   3.051129     2.1547     2.5500      7.997     1.9839     6.3067 1.7726e+00     0.0715    98.2291     7.0627     7.0924    32.0816    32.0483    25.4222    25.3875    7.32752 0.0000e+00
      23030     48.021     4.5346     4.5271   3.053123   3.050989     2.1535     2.5500      8.000     1.9941     6.3067 1.7604e+00     0.0715    98.2291     7.0503     7.1110    32.0503    32.0327    25.3868    25.3736    7.31050 0.0000e+00
      23033     47.990     4.5925     4.4793   3.055714   3.047948     2.1539     2.5488      8.000     1.9839     6.3067 1.7604e+00     0.0711    98.2378     7.0517     7.1363    32.0243    32.0438    25.3601    25.3873    7.30141 0.0000e+00
      23060     47.956     4.5346     4.1686   3.050405   3.026396     2.1506     2.5504      8.003     1.9025     2.7930 1.6796e+00     0.0693    98.2812     7.0894     7.3033    32.0187    32.0948    25.3617    25.4589    7.31203 0.0000e+00
      23075     47.926     4.5331     4.0579   3.048712   3.018630     2.1502     2.5525      8.005     1.8720     8.5570 1.6500e+00     0.0697    98.2725     7.1180     7.3838    32.0006    32.1119    25.3475    25.4836    7.31317 0.0000e+00
      23078     47.892     4.5212     4.0737   3.048230   3.019340     2.1510     2.5521      8.008     1.9839     8.2017 1.6330e+00     0.0693    98.2812     7.1327     7.3904    32.0065    32.1048    25.3535    25.4765    7.31501 0.0000e+00
      23081     47.847     4.5331     4.1506   3.049839   3.025756     2.1510     2.5545      8.005     1.9839     8.2017 1.6443e+00     0.0693    98.2812     7.1399     7.3969    32.0137    32.1050    25.3579    25.4690    7.31254 0.0000e+00
      23084     47.793     4.5460     4.2447   3.050124   3.029894     2.1510     2.5553      8.006     2.0042     8.2017 1.6615e+00     0.0693    98.2812     7.1471     7.3950    32.0045    32.0615    25.3493    25.4252    7.31066 0.0000e+00
      23087     47.731     4.5420     4.2205   3.050785   3.028195     2.1531     2.5570      8.009     1.9839     8.2017 1.6750e+00     0.0693    98.2812     7.1656     7.4157    32.0161    32.0653    25.3589    25.4305    7.31082 0.0000e+00
      23090     47.652     4.5602     4.2569   3.051871   3.032092     2.1539     2.5598      8.006     1.9839     8.2017 1.6886e+00     0.0693    98.2812     7.1747     7.4240    32.0112    32.0754    25.3531    25.4350    7.30782 0.0000e+00
      23093     47.564     4.5798     4.2927   3.053609   3.032349     2.1547     2.5626      8.009     1.9941     8.2017 1.7024e+00     0.0700    98.2639     7.1810     7.4298    32.0124    32.0436    25.3521    25.4061    7.30426 0.0000e+00
      23096     47.464     4.6284     4.2614   3.056919   3.032526     2.1568     2.5631      8.009     1.9839   337.8516 1.7202e+00     0.0693    98.2812     7.1839     7.4367    32.0037    32.0762    25.3401    25.4352    7.29600 0.0000e+00
      23099     47.361     4.6570     4.4536   3.058417   3.049421     2.1564     2.5647      8.009     1.9941   482.1475 1.7442e+00     0.0693    98.2812     7.1778     7.4009    31.9935    32.0862    25.3290    25.4236    7.29140 0.0000e+00
      23102     47.247     4.6667     4.6318   3.059162   3.057423     2.1576     2.5671      8.009     1.9839   480.7658 1.7706e+00     0.0693    98.2812     7.1819     7.3713    31.9927    32.0064    25.3274    25.3418    7.28970 0.0000e+00
      23105     47.118     4.6965     4.6780   3.060840   3.058028     2.1580     2.5692      8.009     2.0246   481.0816 1.7995e+00     0.0693    98.2812     7.1785     7.3628    31.9835    31.9688    25.3170    25.3072    7.28486 0.0000e+00
      23108     46.977     4.7121     4.6447   3.060944   3.055244     2.1588     2.5696      8.009     2.0144   481.1211 1.8268e+00     0.0693    98.2812     7.1758     7.3613    31.9697    31.9689    25.3043    25.3107    7.28274 0.0000e+00
      23111     46.831     4.7059     4.6311   3.060327   3.054747     2.1600     2.5704      8.009     2.0347   481.1211 1.8587e+00     0.0693    98.2812     7.1759     7.3554    31.9686    31.9763    25.3041    25.3180    7.28389 0.0000e+00
      23114     46.683     4.7085     4.5815   3.060777   3.050533     2.1604     2.5720      8.009     2.0144   481.1211 1.9133e+00     0.0697    98.2725     7.1740     7.3604    31.9714    31.9755    25.3061    25.3226    7.28330 0.0000e+00
      23117     46.531     4.7209     4.5584   3.061639   3.051842     2.1608     2.5724      8.009     2.0144   481.1211 1.9377e+00     0.0683    98.3073     7.1708     7.3569    31.9695    32.0131    25.3032    25.3548    7.28119 0.0000e+00
