Datasets/AZMP/HUD120/hud120_2020_063.cnv
* Sea-Bird SBE 9 Data File:
* FileName = C:\CTDDATA\hud120_2020_063.hex
* Software Version Seasave V 7.26.7.110
* Temperature SN = 1697
* Conductivity SN = 4216
* Number of Bytes Per Scan = 30
* Number of Voltage Words = 4
* Number of Scans Averaged by the Deck Unit = 1
* NMEA baud rate = 4800
** VESSEL/TRIP/SEQ STN:  hud120_2020_063
** LATITUDE XX XX.XX: 47 00.00 N
** LONGITUDE XX XX.XX: 046 40.20 W
** SOUNDING DEPTH (M): 0887
** PROBE TYPE: S1146
** CTD NUMBER: 042
** FORMAT: V
** COMMENTS (14 CHAR): FC-19
** BOTTLES:  0
** LEVELS:
** STICKERS:
** VNET: N
** DO2: N
# nquan = 22
# nvalues = 14269                       
# units = specified
# name 0 = scan: Scan Count
# name 1 = prDM: Pressure, Digiquartz [db]
# name 2 = t090C: Temperature [ITS-90, deg C]
# name 3 = t190C: Temperature, 2 [ITS-90, deg C]
# name 4 = c0S/m: Conductivity [S/m]
# name 5 = c1S/m: Conductivity, 2 [S/m]
# name 6 = sbeox0V: Oxygen raw, SBE 43 [V]
# name 7 = sbeox1V: Oxygen raw, SBE 43, 2 [V]
# name 8 = ph: pH
# name 9 = flECO-AFL: Fluorescence, WET Labs ECO-AFL/FL [mg/m^3]
# name 10 = wetCDOM: Fluorescence, WET Labs CDOM [mg/m^3]
# name 11 = par/sat/log: PAR/Logarithmic, Satlantic [umol photons/m^2/sec]
# name 12 = CStarAt0: Beam Attenuation, WET Labs C-Star [1/m]
# name 13 = CStarTr0: Beam Transmission, WET Labs C-Star [%]
# name 14 = sbeox0ML/L: Oxygen, SBE 43 [ml/l], WS = 2
# name 15 = sbeox1ML/L: Oxygen, SBE 43, 2 [ml/l], WS = 2
# name 16 = sal00: Salinity, Practical [PSU]
# name 17 = sal11: Salinity, Practical, 2 [PSU]
# name 18 = sigma-t00: Density [sigma-t, kg/m^3 ]
# name 19 = sigma-t11: Density, 2 [sigma-t, kg/m^3 ]
# name 20 = oxsatML/L: Oxygen Saturation, Weiss [ml/l]
# name 21 = flag: flag
# span 0 =          4,      52427       
# span 1 =      2.644,    918.690       
# span 2 =     3.4199,     7.1704       
# span 3 =     3.4154,     7.1666       
# span 4 =   3.223396,   3.380273       
# span 5 =   3.228235,   3.379814       
# span 6 =     1.8192,     2.2202       
# span 7 =     2.1550,     2.6576       
# span 8 =      7.979,      8.156       
# span 9 =     0.8544,     7.3766       
# span 10 =    -2.8130,   482.1870      
# span 11 = 1.0543e-01, 2.2684e-01      
# span 12 =     0.0672,     0.2819      
# span 13 =    93.1962,    98.3334      
# span 14 =     5.6296,     6.8790      
# span 15 =     5.7599,     7.0837      
# span 16 =    33.1767,    34.9433      
# span 17 =    33.1747,    34.9381      
# span 18 =    25.9629,    27.7421      
# span 19 =    25.9621,    27.7418      
# span 20 =    6.81418,    7.37509      
# span 21 = 0.0000e+00, 0.0000e+00      
# interval = scans: 3                   
# start_time = Nov 24 2020 00:32:21 [System UTC, header]
# bad_flag = -9.990e-29
*END*
[from data line 5926]
      21317    749.539     3.7319     3.7278   3.256136   3.255643     1.8454     2.1880      7.989     0.8952     4.8459 1.0715e-01     0.0686    98.2986     6.3603     6.5176    34.8919    34.8905    27.7279    27.7271    7.31707 0.0000e+00
      21320    749.660     3.7320     3.7278   3.256130   3.255663     1.8454     2.1873      7.989     0.8850     9.3860 1.0715e-01     0.0683    98.3073     6.3613     6.5152    34.8917    34.8906    27.7277    27.7272    7.31706 0.0000e+00
      21323    749.774     3.7321     3.7279   3.256170   3.255663     1.8454     2.1877      7.989     0.9155     9.3860 1.0715e-01     0.0683    98.3073     6.3622     6.5160    34.8921    34.8905    27.7279    27.7271    7.31704 0.0000e+00
      21326    749.880     3.7322     3.7277   3.256173   3.255650     1.8462     2.1877      7.989     0.8952     9.3860 1.0715e-01     0.0683    98.3073     6.3674     6.5167    34.8919    34.8905    27.7279    27.7271    7.31703 0.0000e+00
      21329    749.978     3.7324     3.7276   3.256211   3.255659     1.8462     2.1885      7.989     0.9155     9.3860 1.0715e-01     0.0683    98.3073     6.3665     6.5193    34.8921    34.8906    27.7279    27.7273    7.31698 0.0000e+00
      21332    750.070     3.7327     3.7280   3.256204   3.255703     1.8458     2.1881      7.989     0.8952     9.3860 1.0727e-01     0.0683    98.3073     6.3647     6.5167    34.8916    34.8907    27.7276    27.7273    7.31695 0.0000e+00
      21335    750.155     3.7324     3.7279   3.256211   3.255694     1.8445     2.1881      7.989     0.8952     9.3860 1.0715e-01     0.0683    98.3073     6.3620     6.5157    34.8919    34.8906    27.7278    27.7272    7.31698 0.0000e+00
      21338    750.234     3.7325     3.7282   3.256202   3.255695     1.8454     2.1877      7.987     0.8850     9.3860 1.0715e-01     0.0686    98.2986     6.3678     6.5135    34.8917    34.8903    27.7277    27.7270    7.31698 0.0000e+00
      21341    750.306     3.7325     3.7282   3.256181   3.255717     1.8462     2.1873      7.989     0.8952     9.3860 1.0715e-01     0.0683    98.3073     6.3716     6.5136    34.8915    34.8905    27.7275    27.7271    7.31700 0.0000e+00
      21344    750.376     3.7326     3.7281   3.256189   3.255690     1.8454     2.1877      7.989     0.8850   180.5276 1.0715e-01     0.0683    98.3073     6.3660     6.5143    34.8913    34.8902    27.7273    27.7269    7.31697 0.0000e+00
      21347    750.442     3.7326     3.7282   3.256207   3.255697     1.8454     2.1877      7.989     0.9053   482.1870 1.0715e-01     0.0683    98.3073     6.3645     6.5122    34.8915    34.8902    27.7275    27.7269    7.31696 0.0000e+00
      21350    750.507     3.7323     3.7283   3.256218   3.255729     1.8458     2.1885      7.989     0.8952   481.1605 1.0715e-01     0.0683    98.3073     6.3655     6.5148    34.8920    34.8904    27.7279    27.7270    7.31701 0.0000e+00
      21353    750.567     3.7329     3.7284   3.256253   3.255727     1.8454     2.1877      7.989     0.9155   481.3184 1.0715e-01     0.0683    98.3073     6.3630     6.5116    34.8917    34.8903    27.7276    27.7269    7.31690 0.0000e+00
      21356    750.627     3.7327     3.7286   3.256239   3.255745     1.8458     2.1877      7.989     0.8952   481.3184 1.0715e-01     0.0686    98.2986     6.3687     6.5138    34.8917    34.8903    27.7276    27.7269    7.31694 0.0000e+00
      21359    750.687     3.7326     3.7283   3.256214   3.255719     1.8466     2.1877      7.989     0.9155   481.2790 1.0715e-01     0.0690    98.2899     6.3749     6.5149    34.8915    34.8902    27.7275    27.7269    7.31696 0.0000e+00
      21362    750.751     3.7323     3.7285   3.256170   3.255739     1.8458     2.1877      7.989     0.8952   481.2790 1.0715e-01     0.0686    98.2986     6.3689     6.5142    34.8913    34.8902    27.7274    27.7269    7.31704 0.0000e+00
      21365    750.816     3.7319     3.7285   3.256116   3.255754     1.8458     2.1877      7.989     0.9053   481.3184 1.0727e-01     0.0683    98.3073     6.3670     6.5115    34.8911    34.8903    27.7272    27.7269    7.31712 0.0000e+00
      21368    750.881     3.7309     3.7283   3.256062   3.255737     1.8454     2.1877      7.989     0.9155   481.3184 1.0727e-01     0.0683    98.3073     6.3644     6.5106    34.8914    34.8903    27.7275    27.7270    7.31728 0.0000e+00
      21371    750.951     3.7307     3.7285   3.256047   3.255735     1.8458     2.1873      7.989     0.9053   180.4487 1.0727e-01     0.0683    98.3073     6.3639     6.5083    34.8915    34.8901    27.7276    27.7267    7.31732 0.0000e+00
      21374    751.030     3.7302     3.7272   3.256023   3.255602     1.8449     2.1877      7.989     0.9053     4.6091 1.0715e-01     0.0683    98.3073     6.3582     6.5105    34.8916    34.8898    27.7278    27.7267    7.31740 0.0000e+00
      21377    751.104     3.7298     3.7261   3.255998   3.255530     1.8454     2.1877      7.989     0.9053    11.4784 1.0715e-01     0.0686    98.2986     6.3588     6.5099    34.8918    34.8900    27.7280    27.7270    7.31747 0.0000e+00
      21380    751.185     3.7295     3.7251   3.255947   3.255453     1.8466     2.1877      7.989     0.9053    11.1231 1.0727e-01     0.0693    98.2812     6.3608     6.5087    34.8914    34.8901    27.7277    27.7271    7.31753 0.0000e+00
      21383    751.270     3.7300     3.7252   3.256011   3.255462     1.8466     2.1877      7.989     0.8850    11.1626 1.0715e-01     0.0693    98.2812     6.3630     6.5080    34.8916    34.8902    27.7278    27.7271    7.31744 0.0000e+00
      21386    751.357     3.7321     3.7255   3.256227   3.255516     1.8458     2.1868      7.989     0.8952    11.1231 1.0715e-01     0.0693    98.2812     6.3608     6.5047    34.8919    34.8904    27.7278    27.7274    7.31704 0.0000e+00
      21389    751.450     3.7329     3.7274   3.256318   3.255681     1.8450     2.1868      7.989     0.9155    11.1231 1.0715e-01     0.0690    98.2899     6.3580     6.5019    34.8920    34.8903    27.7278    27.7271    7.31689 0.0000e+00
      21392    751.549     3.7336     3.7276   3.256342   3.255718     1.8454     2.1877      7.989     0.8952    11.1231 1.0715e-01     0.0690    98.2899     6.3607     6.5048    34.8916    34.8905    27.7274    27.7272    7.31679 0.0000e+00
      21395    751.653     3.7332     3.7276   3.256311   3.255736     1.8450     2.1868      7.989     0.9155    17.2423 1.0715e-01     0.0690    98.2899     6.3581     6.5032    34.8916    34.8906    27.7275    27.7273    7.31686 0.0000e+00
      21398    751.759     3.7330     3.7276   3.256307   3.255681     1.8454     2.1873      7.989     0.8952   427.2717 1.0715e-01     0.0693    98.2812     6.3606     6.5070    34.8917    34.8900    27.7275    27.7268    7.31689 0.0000e+00
      21401    751.872     3.7323     3.7261   3.256270   3.255548     1.8450     2.1864      7.989     0.8952   481.2395 1.0715e-01     0.0690    98.2899     6.3567     6.5055    34.8919    34.8898    27.7278    27.7268    7.31700 0.0000e+00
      21404    751.994     3.7309     3.7255   3.256076   3.255533     1.8450     2.1868      7.989     0.8952   481.0816 1.0715e-01     0.0693    98.2812     6.3568     6.5091    34.8910    34.8903    27.7272    27.7272    7.31730 0.0000e+00
      21407    752.121     3.7291     3.7248   3.255936   3.255457     1.8454     2.1864      7.989     0.8952   481.2790 1.0715e-01     0.0693    98.2812     6.3631     6.5083    34.8912    34.8901    27.7276    27.7271    7.31762 0.0000e+00
      21410    752.251     3.7281     3.7239   3.255879   3.255402     1.8454     2.1868      7.989     0.9053   481.2790 1.0715e-01     0.0690    98.2899     6.3634     6.5106    34.8916    34.8903    27.7279    27.7274    7.31779 0.0000e+00
      21413    752.387     3.7276     3.7232   3.255865   3.255364     1.8458     2.1856      7.989     0.9053   481.3184 1.0715e-01     0.0690    98.2899     6.3652     6.5037    34.8918    34.8905    27.7282    27.7276    7.31786 0.0000e+00
      21416    752.529     3.7279     3.7230   3.255852   3.255354     1.8454     2.1864      7.989     0.9155   481.3579 1.0715e-01     0.0690    98.2899     6.3626     6.5068    34.8912    34.8905    27.7277    27.7277    7.31783 0.0000e+00
      21419    752.673     3.7272     3.7226   3.255829   3.255317     1.8450     2.1877      7.989     0.8850   481.3579 1.0715e-01     0.0690    98.2899     6.3622     6.5137    34.8916    34.8905    27.7281    27.7277    7.31793 0.0000e+00
      21422    752.823     3.7271     3.7227   3.255827   3.255343     1.8454     2.1868      7.989     0.9053   393.3591 1.0727e-01     0.0683    98.3073     6.3635     6.5107    34.8917    34.8906    27.7282    27.7277    7.31796 0.0000e+00
      21425    752.980     3.7266     3.7225   3.255810   3.255315     1.8454     2.1873      7.989     0.9155     3.7405 1.0715e-01     0.0683    98.3073     6.3641     6.5133    34.8919    34.8903    27.7284    27.7276    7.31803 0.0000e+00
      21428    753.140     3.7264     3.7223   3.255799   3.255287     1.8450     2.1864      7.989     0.8850     1.9245 1.0715e-01     0.0676    98.3247     6.3606     6.5095    34.8918    34.8902    27.7284    27.7275    7.31807 0.0000e+00
      21431    753.303     3.7258     3.7219   3.255768   3.255278     1.8450     2.1860      7.989     0.9053     3.0694 1.0715e-01     0.0683    98.3073     6.3615     6.5086    34.8920    34.8904    27.7286    27.7277    7.31817 0.0000e+00
      21434    753.470     3.7252     3.7212   3.255728   3.255258     1.8442     2.1864      7.989     0.9155     2.9904 1.0715e-01     0.0683    98.3073     6.3592     6.5113    34.8922    34.8908    27.7288    27.7280    7.31828 0.0000e+00
      21437    753.639     3.7249     3.7204   3.255672   3.255207     1.8450     2.1856      7.989     0.9053     2.9904 1.0727e-01     0.0683    98.3073     6.3620     6.5080    34.8917    34.8910    27.7285    27.7282    7.31836 0.0000e+00
      21440    753.813     3.7236     3.7197   3.255578   3.255140     1.8450     2.1864      7.989     0.9155     2.9904 1.0715e-01     0.0683    98.3073     6.3653     6.5103    34.8919    34.8908    27.7287    27.7283    7.31858 0.0000e+00
      21443    753.984     3.7229     3.7188   3.255568   3.255068     1.8454     2.1860      7.989     0.9155     2.9904 1.0715e-01     0.0683    98.3073     6.3687     6.5109    34.8924    34.8908    27.7292    27.7283    7.31867 0.0000e+00
      21446    754.155     3.7231     3.7190   3.255546   3.255135     1.8450     2.1864      7.989     0.8952     2.9904 1.0715e-01     0.0683    98.3073     6.3706     6.5161    34.8918    34.8913    27.7287    27.7287    7.31867 0.0000e+00
      21449    754.327     3.7218     3.7190   3.255394   3.255072     1.8450     2.1864      7.989     0.9155     4.5696 1.0715e-01     0.0683    98.3073     6.3728     6.5173    34.8914    34.8905    27.7284    27.7280    7.31894 0.0000e+00
      21452    754.494     3.7208     3.7183   3.255345   3.255009     1.8450     2.1860      7.989     0.8952     6.6225 1.0715e-01     0.0683    98.3073     6.3740     6.5184    34.8917    34.8903    27.7288    27.7280    7.31909 0.0000e+00
      21455    754.659     3.7204     3.7165   3.255333   3.254904     1.8454     2.1865      7.989     0.9053     6.5435 1.0715e-01     0.0683    98.3073     6.3772     6.5213    34.8919    34.8910    27.7290    27.7287    7.31915 0.0000e+00
      21458    754.823     3.7201     3.7161   3.255352   3.254842     1.8450     2.1865      7.989     0.8952     6.5435 1.0715e-01     0.0683    98.3073     6.3756     6.5209    34.8923    34.8906    27.7294    27.7284    7.31918 0.0000e+00
      21461    754.981     3.7202     3.7159   3.255353   3.254859     1.8446     2.1865      7.989     0.9155     6.5435 1.0715e-01     0.0683    98.3073     6.3718     6.5220    34.8922    34.8909    27.7293    27.7287    7.31918 0.0000e+00
      21464    755.134     3.7203     3.7160   3.255331   3.254862     1.8454     2.1865      7.989     0.9155     6.5435 1.0715e-01     0.0683    98.3073     6.3762     6.5206    34.8918    34.8908    27.7289    27.7286    7.31918 0.0000e+00
      21467    755.278     3.7202     3.7158   3.255352   3.254858     1.8454     2.1869      7.989     0.9460     6.5435 1.0715e-01     0.0683    98.3073     6.3783     6.5218    34.8920    34.8909    27.7291    27.7287    7.31918 0.0000e+00
      21470    755.416     3.7201     3.7158   3.255327   3.254872     1.8462     2.1865      7.989     0.9257     6.5435 1.0715e-01     0.0683    98.3073     6.3822     6.5191    34.8918    34.8909    27.7290    27.7287    7.31922 0.0000e+00
      21473    755.545     3.7199     3.7158   3.255351   3.254856     1.8450     2.1865      7.989     0.9460     6.5435 1.0727e-01     0.0683    98.3073     6.3753     6.5189    34.8922    34.8907    27.7293    27.7285    7.31923 0.0000e+00
      21476    755.667     3.7199     3.7157   3.255344   3.254860     1.8458     2.1865      7.989     0.9155     1.0954 1.0715e-01     0.0683    98.3073     6.3788     6.5187    34.8920    34.8908    27.7292    27.7286    7.31924 0.0000e+00
      21479    755.778     3.7199     3.7157   3.255338   3.254854     1.8454     2.1865      7.989     0.9460    -0.7996 1.0715e-01     0.0686    98.2986     6.3768     6.5173    34.8920    34.8906    27.7291    27.7285    7.31925 0.0000e+00
      21482    755.880     3.7198     3.7154   3.255356   3.254867     1.8458     2.1865      7.989     0.9257    -0.6811 1.0715e-01     0.0683    98.3073     6.3779     6.5172    34.8922    34.8910    27.7293    27.7288    7.31925 0.0000e+00
      21485    755.975     3.7200     3.7157   3.255331   3.254879     1.8454     2.1873      7.989     0.9358    -0.7206 1.0715e-01     0.0683    98.3073     6.3726     6.5221    34.8916    34.8908    27.7288    27.7286    7.31924 0.0000e+00
      21488    756.062     3.7197     3.7156   3.255344   3.254871     1.8458     2.1861      7.989     0.9460    -0.6811 1.0715e-01     0.0683    98.3073     6.3721     6.5179    34.8921    34.8907    27.7292    27.7286    7.31928 0.0000e+00
      21491    756.143     3.7201     3.7157   3.255384   3.254873     1.8462     2.1865      7.989     0.9257    -0.7601 1.0715e-01     0.0686    98.2986     6.3727     6.5197    34.8921    34.8907    27.7292    27.7286    7.31920 0.0000e+00
      21494    756.212     3.7203     3.7158   3.255399   3.254895     1.8454     2.1865      7.989     0.9155    -0.7206 1.0715e-01     0.0683    98.3073     6.3695     6.5215    34.8919    34.8908    27.7291    27.7286    7.31916 0.0000e+00
      21497    756.275     3.7202     3.7159   3.255399   3.254901     1.8454     2.1865      7.989     0.8952    -0.6811 1.0715e-01     0.0683    98.3073     6.3706     6.5218    34.8920    34.8907    27.7291    27.7285    7.31918 0.0000e+00
      21500    756.334     3.7205     3.7161   3.255387   3.254897     1.8462     2.1865      7.989     0.9155    -0.3653 1.0715e-01     0.0686    98.2986     6.3735     6.5236    34.8915    34.8905    27.7287    27.7283    7.31915 0.0000e+00
      21503    756.384     3.7202     3.7159   3.255416   3.254908     1.8454     2.1865      7.989     0.9053     4.0958 1.0715e-01     0.0683    98.3073     6.3731     6.5234    34.8922    34.8907    27.7293    27.7285    7.31918 0.0000e+00
      21506    756.434     3.7203     3.7161   3.255401   3.254918     1.8454     2.1865      7.989     0.9155     4.2932 1.0715e-01     0.0683    98.3073     6.3722     6.5223    34.8918    34.8906    27.7290    27.7284    7.31917 0.0000e+00
      21509    756.480     3.7204     3.7161   3.255429   3.254888     1.8454     2.1877      7.989     0.8850     4.2932 1.0715e-01     0.0683    98.3073     6.3714     6.5276    34.8921    34.8902    27.7292    27.7281    7.31915 0.0000e+00
