Datasets/AZMP/HUD120/hud120_2020_055.cnv
* Sea-Bird SBE 9 Data File:
* FileName = C:\CTDDATA\hud120_2020_055.hex
* Software Version Seasave V 7.26.7.110
* Temperature SN = 1697
* Conductivity SN = 4216
* Number of Bytes Per Scan = 30
* Number of Voltage Words = 4
* Number of Scans Averaged by the Deck Unit = 1
* NMEA baud rate = 4800
** VESSEL/TRIP/SEQ STN:  hud120(2020_055
** LATITUDE XX XX.XX: 47 00.00 N
** LONGITUDE XX XX.XX: 044 34.70 W
** SOUNDING DEPTH (M): 0138
** PROBE TYPE: S1146
** CTD NUMBER: 034
** FORMAT: V
** COMMENTS (14 CHAR): FC-27
** BOTTLES:  0
** LEVELS: 0
** STICKERS:
** VNET: N
** DO2: N
# nquan = 22
# nvalues = 1958                        
# units = specified
# name 0 = scan: Scan Count
# name 1 = prDM: Pressure, Digiquartz [db]
# name 2 = t090C: Temperature [ITS-90, deg C]
# name 3 = t190C: Temperature, 2 [ITS-90, deg C]
# name 4 = c0S/m: Conductivity [S/m]
# name 5 = c1S/m: Conductivity, 2 [S/m]
# name 6 = sbeox0V: Oxygen raw, SBE 43 [V]
# name 7 = sbeox1V: Oxygen raw, SBE 43, 2 [V]
# name 8 = ph: pH
# name 9 = flECO-AFL: Fluorescence, WET Labs ECO-AFL/FL [mg/m^3]
# name 10 = wetCDOM: Fluorescence, WET Labs CDOM [mg/m^3]
# name 11 = par/sat/log: PAR/Logarithmic, Satlantic [umol photons/m^2/sec]
# name 12 = CStarAt0: Beam Attenuation, WET Labs C-Star [1/m]
# name 13 = CStarTr0: Beam Transmission, WET Labs C-Star [%]
# name 14 = sbeox0ML/L: Oxygen, SBE 43 [ml/l], WS = 2
# name 15 = sbeox1ML/L: Oxygen, SBE 43, 2 [ml/l], WS = 2
# name 16 = sal00: Salinity, Practical [PSU]
# name 17 = sal11: Salinity, Practical, 2 [PSU]
# name 18 = sigma-t00: Density [sigma-t, kg/m^3 ]
# name 19 = sigma-t11: Density, 2 [sigma-t, kg/m^3 ]
# name 20 = oxsatML/L: Oxygen Saturation, Weiss [ml/l]
# name 21 = flag: flag
# span 0 =          2,       8132       
# span 1 =      0.418,    129.620       
# span 2 =     3.8436,     7.4182       
# span 3 =     3.8389,     7.4137       
# span 4 =   3.197798,   3.409082       
# span 5 =   3.197504,   3.408599       
# span 6 =     1.8819,     2.2112       
# span 7 =     2.2449,     2.6591       
# span 8 =      7.933,      8.131       
# span 9 =     0.9257,     6.9492       
# span 10 =    -2.8130,   482.1870      
# span 11 = 1.0520e-01, 7.2946e-01      
# span 12 =     0.0974,     0.4522      
# span 13 =    89.3108,    97.5945      
# span 14 =     6.0139,     6.7377      
# span 15 =     6.2047,     6.9635      
# span 16 =    32.8074,    34.4215      
# span 17 =    32.5550,    34.4207      
# span 18 =    25.6356,    27.3419      
# span 19 =    25.4378,    27.3417      
# span 20 =    6.77470,    7.31983      
# span 21 = 0.0000e+00, 0.0000e+00      
# interval = scans: 3                   
# start_time = Nov 23 2020 06:34:16 [System UTC, header]
# bad_flag = -9.990e-29
*END*
[from data line 1383]
       5627     80.632     4.3543     4.3383   3.223010   3.221908     1.9805     2.3761      7.989     1.1800     4.8854 1.0727e-01     0.0981    97.5772     6.3938     6.6196    34.1996    34.2033    27.1123    27.1169    7.23916 0.0000e+00
       5630     80.464     4.3746     4.3469   3.224480   3.222135     1.9809     2.3765      7.991     1.1902     4.8854 1.0715e-01     0.0981    97.5772     6.3944     6.6187    34.1960    34.1972    27.1072    27.1111    7.23576 0.0000e+00
       5633     80.297     4.3892     4.3449   3.224944   3.222246     1.9829     2.3773      7.991     1.1800     4.8854 1.0715e-01     0.0981    97.5772     6.3999     6.6215    34.1864    34.2006    27.0980    27.1141    7.23363 0.0000e+00
       5636     80.135     4.3973     4.3524   3.225597   3.222592     1.9829     2.3781      7.991     1.1800     4.8854 1.0740e-01     0.0981    97.5772     6.3981     6.6230    34.1857    34.1970    27.0966    27.1104    7.23223 0.0000e+00
       5639     79.971     4.4060     4.3545   3.226227   3.222749     1.9821     2.3785      7.991     1.1902     4.8854 1.0715e-01     0.0992    97.5511     6.3952     6.6258    34.1842    34.1968    27.0944    27.1100    7.23076 0.0000e+00
       5642     79.802     4.4298     4.3598   3.227747   3.222928     1.9833     2.3794      7.991     1.2105     4.8854 1.0715e-01     0.0992    97.5511     6.3974     6.6293    34.1774    34.1934    27.0865    27.1067    7.22688 0.0000e+00
       5645     79.629     4.4417     4.3528   3.228172   3.222699     1.9841     2.3810      7.991     1.2207     4.8854 1.0715e-01     0.0992    97.5511     6.4004     6.6354    34.1702    34.1981    27.0795    27.1113    7.22513 0.0000e+00
       5648     79.457     4.4427     4.3709   3.228214   3.223995     1.9850     2.3810      7.994     1.2105     4.2932 1.0715e-01     0.0992    97.5511     6.4043     6.6308    34.1698    34.1946    27.0791    27.1065    7.22498 0.0000e+00
       5651     79.289     4.4481     4.3938   3.228821   3.225588     1.9862     2.3810      7.996     1.2105     0.3453 1.0727e-01     0.0992    97.5511     6.4106     6.6246    34.1714    34.1897    27.0798    27.1002    7.22395 0.0000e+00
       5654     79.122     4.4631     4.4255   3.229799   3.227230     1.9862     2.3822      7.995     1.2105     0.3453 1.0715e-01     0.0992    97.5511     6.4060     6.6230    34.1674    34.1762    27.0750    27.0861    7.22150 0.0000e+00
       5657     78.950     4.4713     4.4314   3.230136   3.227373     1.9874     2.3834      7.995     1.2004     0.3453 1.0727e-01     0.0992    97.5511     6.4095     6.6241    34.1630    34.1719    27.0706    27.0820    7.22027 0.0000e+00
       5660     78.776     4.4673     4.4321   3.229581   3.227588     1.9878     2.3834      7.995     1.2105     0.3453 1.0727e-01     0.1002    97.5250     6.4148     6.6220    34.1607    34.1737    27.0692    27.0833    7.22108 0.0000e+00
       5663     78.604     4.4655     4.4413   3.229986   3.228176     1.9882     2.3855      7.995     1.2004     0.3848 1.0727e-01     0.1002    97.5250     6.4153     6.6255    34.1674    34.1712    27.0748    27.0804    7.22108 0.0000e+00
       5666     78.434     4.4888     4.4277   3.231779   3.227175     1.9886     2.3850      7.995     1.2004     0.3848 1.0727e-01     0.1002    97.5250     6.4096     6.6240    34.1643    34.1737    27.0698    27.0838    7.21711 0.0000e+00
       5669     78.267     4.5138     4.4488   3.233273   3.229060     1.9894     2.3855      7.995     1.2207     0.3453 1.0727e-01     0.1002    97.5250     6.4074     6.6196    34.1562    34.1741    27.0605    27.0818    7.21311 0.0000e+00
       5672     78.097     4.5244     4.4714   3.233935   3.230108     1.9899     2.3855      7.995     1.2105     0.3453 1.0727e-01     0.1006    97.5163     6.4043     6.6131    34.1530    34.1631    27.0569    27.0706    7.21139 0.0000e+00
       5675     77.933     4.5343     4.4809   3.234438   3.230826     1.9915     2.3867      7.997     1.2207     0.3848 1.0727e-01     0.1002    97.5250     6.4077     6.6124    34.1487    34.1617    27.0524    27.0685    7.20985 0.0000e+00
       5678     77.767     4.5455     4.4985   3.235380   3.231896     1.9903     2.3871      7.998     1.2105     0.5032 1.0715e-01     0.1009    97.5076     6.4024     6.6083    34.1482    34.1561    27.0508    27.0622    7.20791 0.0000e+00
       5681     77.602     4.5525     4.5031   3.235589   3.231968     1.9923     2.3871      7.998     1.2105     0.5032 1.0715e-01     0.1002    97.5250     6.4101     6.6064    34.1437    34.1523    27.0464    27.0587    7.20691 0.0000e+00
       5684     77.441     4.5640     4.4999   3.236685   3.231902     1.9927     2.3883      8.000     1.2105     0.5032 1.0715e-01     0.1002    97.5250     6.4119     6.6117    34.1446    34.1549    27.0459    27.0611    7.20484 0.0000e+00
       5687     77.279     4.5655     4.4944   3.236311   3.231190     1.9927     2.3883      8.000     1.2207     0.5032 1.0715e-01     0.1002    97.5250     6.4132     6.6132    34.1388    34.1523    27.0411    27.0596    7.20485 0.0000e+00
       5690     77.126     4.5651     4.4845   3.236604   3.231003     1.9935     2.3895      8.000     1.2105     0.5032 1.0715e-01     0.1002    97.5250     6.4184     6.6227    34.1428    34.1604    27.0443    27.0671    7.20474 0.0000e+00
       5693     76.972     4.5769     4.5014   3.237031   3.231985     1.9939     2.3887      8.002     1.2105     0.5032 1.0727e-01     0.1002    97.5250     6.4209     6.6207    34.1356    34.1545    27.0373    27.0606    7.20300 0.0000e+00
       5696     76.818     4.5613     4.5057   3.236572   3.231947     1.9939     2.3887      8.003     1.2105     0.5032 1.0715e-01     0.1002    97.5250     6.4283     6.6239    34.1464    34.1497    27.0476    27.0563    7.20523 0.0000e+00
       5699     76.667     4.5932     4.5072   3.238862   3.232095     1.9951     2.3895      8.003     1.2105     0.5032 1.0715e-01     0.1024    97.4728     6.4332     6.6310    34.1403    34.1500    27.0393    27.0564    7.19992 0.0000e+00
       5702     76.521     4.5873     4.5167   3.237974   3.232872     1.9964     2.3908      8.005     1.2004    -0.3258 1.0727e-01     0.1024    97.4728     6.4452     6.6405    34.1361    34.1494    27.0366    27.0548    7.20116 0.0000e+00
       5705     76.378     4.6060     4.5427   3.239726   3.234543     1.9968     2.3912      8.004     1.2207    -0.7601 1.0727e-01     0.1031    97.4555     6.4454     6.6444    34.1374    34.1421    27.0356    27.0462    7.19783 0.0000e+00
       5708     76.237     4.6280     4.5510   3.240799   3.235158     1.9976     2.3924      8.004     1.2105    -0.7206 1.0740e-01     0.1031    97.4555     6.4511     6.6536    34.1273    34.1409    27.0251    27.0443    7.19444 0.0000e+00
       5711     76.100     4.6383     4.5291   3.240760   3.233043     1.9984     2.3928      8.006     1.2309    -0.7601 1.0740e-01     0.1031    97.4555     6.4569     6.6636    34.1163    34.1388    27.0152    27.0451    7.19317 0.0000e+00
       5714     75.966     4.5800     4.4824   3.237340   3.230331     1.9996     2.3940      8.008     1.2004    -0.6811 1.0715e-01     0.1024    97.4728     6.4721     6.6803    34.1365    34.1553    27.0377    27.0633    7.20241 0.0000e+00
       5717     75.835     4.6052     4.4598   3.240398   3.229454     2.0008     2.3956      8.009     1.2207    -0.6811 1.0715e-01     0.1024    97.4728     6.4723     6.6929    34.1464    34.1686    27.0428    27.0763    7.19754 0.0000e+00
       5720     75.709     4.6842     4.4713   3.244505   3.230375     2.0025     2.3965      8.009     1.2716    -0.7206 1.0727e-01     0.1028    97.4641     6.4671     6.6959    34.1130    34.1675    27.0075    27.0742    7.18531 0.0000e+00
       5723     75.585     4.6577     4.5234   3.240965   3.232922     2.0029     2.3977      8.009     1.3021    -0.6811 1.0715e-01     0.1024    97.4728     6.4727     6.6934    34.0989    34.1435    26.9993    27.0494    7.19060 0.0000e+00
       5726     75.465     4.5764     4.5552   3.236213   3.235048     2.0041     2.3993      8.009     1.3021    10.3730 1.0727e-01     0.1028    97.4641     6.4911     6.6951    34.1273    34.1356    27.0308    27.0397    7.20348 0.0000e+00
       5729     75.347     4.5998     4.5542   3.238342   3.234522     2.0041     2.4009      8.011     1.2920   432.7592 1.0727e-01     0.1024    97.4728     6.4866     6.7028    34.1281    34.1306    27.0289    27.0358    7.19935 0.0000e+00
       5732     75.230     4.5610     4.5045   3.236671   3.232145     2.0061     2.4014      8.012     1.3021   481.2000 1.0715e-01     0.1024    97.4728     6.4989     6.7149    34.1487    34.1541    27.0495    27.0600    7.20517 0.0000e+00
       5735     75.117     4.6489     4.4761   3.241828   3.230376     2.0065     2.4014      8.014     1.2920   481.1605 1.0715e-01     0.1024    97.4728     6.4817     6.7223    34.1184    34.1628    27.0158    27.0699    7.19122 0.0000e+00
       5738     75.003     4.6074     4.4550   3.236763   3.229478     2.0065     2.4030      8.014     1.3021   481.3579 1.0715e-01     0.1028    97.4641     6.4858     6.7331    34.1020    34.1743    27.0073    27.0813    7.19925 0.0000e+00
       5741     74.889     4.5246     4.4848   3.235115   3.230546     2.0074     2.4034      8.014     1.2920   481.3579 1.0727e-01     0.1045    97.4207     6.4986     6.7316    34.1683    34.1560    27.0691    27.0636    7.21063 0.0000e+00
       5744     74.774     4.5761     4.4714   3.237446   3.229934     2.0090     2.4054      8.014     1.3021   481.3579 1.0715e-01     0.1045    97.4207     6.4965     6.7416    34.1424    34.1627    27.0428    27.0704    7.20282 0.0000e+00
       5747     74.657     4.5726     4.4794   3.237376   3.231071     2.0098     2.4066      8.017     1.3225   481.3579 1.0715e-01     0.1045    97.4207     6.5000     6.7453    34.1453    34.1678    27.0455    27.0736    7.20330 0.0000e+00
       5750     74.541     4.6021     4.4861   3.236304   3.231341     2.0110     2.4079      8.017     1.3021   481.3579 1.0727e-01     0.1045    97.4207     6.5014     6.7501    34.1024    34.1642    27.0082    27.0699    7.20017 0.0000e+00
       5753     74.424     4.6465     4.5245   3.243151   3.234779     2.0114     2.4095      8.019     1.3021   386.7661 1.0727e-01     0.1045    97.4207     6.4924     6.7498    34.1366    34.1647    27.0305    27.0662    7.19077 0.0000e+00
       5756     74.303     4.7469     4.6152   3.249390   3.240104     2.0114     2.4111      8.018     1.2920     2.8720 1.0715e-01     0.1045    97.4207     6.4762     6.7413    34.1060    34.1334    26.9951    27.0314    7.17470 0.0000e+00
       5759     74.178     4.7920     4.6299   3.250915   3.239699     2.0122     2.4127      8.018     1.3021     5.8724 1.0715e-01     0.1049    97.4120     6.4760     6.7427    34.0775    34.1136    26.9674    27.0141    7.16821 0.0000e+00
       5762     74.047     4.8339     4.6511   3.254238   3.242040     2.0131     2.4140      8.018     1.3021     6.3462 1.0715e-01     0.1049    97.4120     6.4739     6.7399    34.0731    34.1192    26.9592    27.0161    7.16113 0.0000e+00
       5765     73.917     4.8380     4.7090   3.253755   3.247595     2.0143     2.4148      8.018     1.3123     6.3067 1.0715e-01     0.1052    97.4033     6.4759     6.7280    34.0634    34.1243    26.9511    27.0138    7.16088 0.0000e+00
       5768     73.785     4.8946     4.8093   3.258901   3.252634     2.0147     2.4160      8.019     1.3021     6.3067 1.0727e-01     0.1052    97.4033     6.4670     6.7112    34.0651    34.0799    26.9460    26.9674    7.15099 0.0000e+00
       5771     73.652     4.9482     4.8394   3.261943   3.254588     2.0159     2.4172      8.021     1.3021     6.3067 1.0715e-01     0.1056    97.3946     6.4657     6.7068    34.0455    34.0718    26.9244    26.9576    7.14264 0.0000e+00
       5774     73.517     4.9636     4.9031   3.262737   3.258990     2.0167     2.4185      8.022     1.2716     6.3067 1.0715e-01     0.1056    97.3946     6.4679     6.6988    34.0390    34.0576    26.9175    26.9391    7.14029 0.0000e+00
       5777     73.381     4.9721     4.9552   3.263290   3.261949     2.0167     2.4189      8.022     1.2615     6.3067 1.0727e-01     0.1052    97.4033     6.4695     6.6882    34.0368    34.0386    26.9148    26.9181    7.13892 0.0000e+00
       5780     73.244     4.9780     4.9508   3.263535   3.261263     2.0188     2.4201      8.022     1.2615   228.4947 1.0727e-01     0.1063    97.3772     6.4782     6.6915    34.0338    34.0352    26.9117    26.9160    7.13806 0.0000e+00
       5783     73.107     4.9841     4.8963   3.264673   3.256703     2.0200     2.4205      8.022     1.2818   482.1870 1.0715e-01     0.1067    97.3685     6.4808     6.7014    34.0407    34.0383    26.9165    26.9246    7.13667 0.0000e+00
       5786     72.972     4.9984     4.7971   3.265034   3.250982     2.0204     2.4217      8.022     1.2716   481.1211 1.0715e-01     0.1067    97.3685     6.4790     6.7230    34.0303    34.0736    26.9066    26.9638    7.13469 0.0000e+00
       5789     72.836     5.0031     4.8837   3.265342   3.259633     2.0200     2.4225      8.022     1.2615   481.3579 1.0715e-01     0.1067    97.3685     6.4751     6.7105    34.0292    34.0853    26.9052    26.9633    7.13395 0.0000e+00
       5792     72.703     5.0052     4.9623   3.265623   3.262871     2.0216     2.4233      8.022     1.2716   481.3579 1.0715e-01     0.1067    97.3685     6.4789     6.7011    34.0303    34.0423    26.9059    26.9203    7.13352 0.0000e+00
       5795     72.568     5.0149     4.9856   3.266175   3.264323     2.0232     2.4254      8.022     1.2513   481.3579 1.0715e-01     0.1067    97.3685     6.4817     6.7041    34.0269    34.0354    26.9021    26.9121    7.13202 0.0000e+00
       5798     72.437     5.0173     4.9967   3.266432   3.264794     2.0236     2.4266      8.025     1.2818   481.3579 1.0727e-01     0.1067    97.3685     6.4803     6.7079    34.0275    34.0296    26.9023    26.9063    7.13158 0.0000e+00
       5801     72.313     5.0219     5.0138   3.266669   3.266109     2.0245     2.4266      8.025     1.2716   481.3579 1.0715e-01     0.1070    97.3598     6.4793     6.7054    34.0255    34.0273    26.9002    26.9025    7.13087 0.0000e+00
       5804     72.191     5.0215     5.0277   3.266437   3.266903     2.0249     2.4282      8.027     1.2716   481.3579 1.0727e-01     0.1070    97.3598     6.4771     6.7063    34.0233    34.0223    26.8985    26.8970    7.13105 0.0000e+00
       5807     72.073     5.0135     5.0207   3.266046   3.266053     2.0257     2.4290      8.027     1.2818   123.8357 1.0715e-01     0.1070    97.3598     6.4795     6.7080    34.0270    34.0198    26.9023    26.8958    7.13225 0.0000e+00
       5810     71.960     5.0109     5.0042   3.265914   3.264984     2.0269     2.4311      8.027     1.2818    -0.2074 1.0727e-01     0.1067    97.3685     6.4842     6.7158    34.0283    34.0243    26.9036    26.9013    7.13265 0.0000e+00
       5813     71.854     5.0194     4.9924   3.266310   3.264375     2.0269     2.4315      8.025     1.2716     4.0564 1.0715e-01     0.1067    97.3685     6.4806     6.7159    34.0242    34.0294    26.8994    26.9066    7.13137 0.0000e+00
       5816     71.760     5.0097     4.9833   3.264828   3.263505     2.0273     2.4323      8.027     1.2615     3.8195 1.0715e-01     0.1067    97.3685     6.4802     6.7157    34.0171    34.0287    26.8948    26.9071    7.13338 0.0000e+00
       5819     71.675     4.9931     4.9536   3.263067   3.261460     2.0285     2.4331      8.027     1.2716     3.8195 1.0727e-01     0.1077    97.3425     6.4855     6.7167    34.0136    34.0355    26.8940    26.9159    7.13639 0.0000e+00
