Datasets/AZMP/HUD120/hud120_2020_016.cnv
* Sea-Bird SBE 9 Data File:
* FileName = C:\CTDDATA\hud120_2020_016.hex
* Software Version Seasave V 7.26.7.110
* Temperature SN = 1697
* Conductivity SN = 4216
* Number of Bytes Per Scan = 30
* Number of Voltage Words = 4
* Number of Scans Averaged by the Deck Unit = 1
* NMEA baud rate = 4800
** VESSEL/TRIP/SEQ STN:  hud120_2020_016
** LATITUDE XX XX.XX: 46 30.00 N
** LONGITUDE XX XX.XX: 052 51.00 W
** SOUNDING DEPTH (M): 0180
** PROBE TYPE: S1146
** CTD NUMBER: 006
** FORMAT: V
** COMMENTS (14 CHAR): SEGB-02
** BOTTLES:  10
** LEVELS: 5,10,20,30,40,50,75,100,150,BTM
** STICKERS: 439553 - 439562
** VNET: Y
** DO2: N
# nquan = 22
# nvalues = 2549                        
# units = specified
# name 0 = scan: Scan Count
# name 1 = prDM: Pressure, Digiquartz [db]
# name 2 = t090C: Temperature [ITS-90, deg C]
# name 3 = t190C: Temperature, 2 [ITS-90, deg C]
# name 4 = c0S/m: Conductivity [S/m]
# name 5 = c1S/m: Conductivity, 2 [S/m]
# name 6 = sbeox0V: Oxygen raw, SBE 43 [V]
# name 7 = sbeox1V: Oxygen raw, SBE 43, 2 [V]
# name 8 = ph: pH
# name 9 = flECO-AFL: Fluorescence, WET Labs ECO-AFL/FL [mg/m^3]
# name 10 = wetCDOM: Fluorescence, WET Labs CDOM [mg/m^3]
# name 11 = par/sat/log: PAR/Logarithmic, Satlantic [umol photons/m^2/sec]
# name 12 = CStarAt0: Beam Attenuation, WET Labs C-Star [1/m]
# name 13 = CStarTr0: Beam Transmission, WET Labs C-Star [%]
# name 14 = sbeox0ML/L: Oxygen, SBE 43 [ml/l], WS = 2
# name 15 = sbeox1ML/L: Oxygen, SBE 43, 2 [ml/l], WS = 2
# name 16 = sal00: Salinity, Practical [PSU]
# name 17 = sal11: Salinity, Practical, 2 [PSU]
# name 18 = sigma-t00: Density [sigma-t, kg/m^3 ]
# name 19 = sigma-t11: Density, 2 [sigma-t, kg/m^3 ]
# name 20 = oxsatML/L: Oxygen Saturation, Weiss [ml/l]
# name 21 = flag: flag
# span 0 =          2,      42729       
# span 1 =      0.233,    178.878       
# span 2 =    -0.6765,     5.2588       
# span 3 =    -0.6818,     5.2560       
# span 4 =   1.927257,   3.061938       
# span 5 =   2.115060,   3.061583       
# span 6 =     1.9125,     2.2175       
# span 7 =     2.2612,     2.6368       
# span 8 =      7.868,      8.050       
# span 9 =     1.0173,     5.3416       
# span 10 =    -2.8130,   482.1870      
# span 11 = 1.0715e-01, 1.6632e+02      
# span 12 =     0.0450,     0.1686      
# span 13 =    95.8735,    98.8810      
# span 14 =     7.0959,     7.9760      
# span 15 =     6.7264,     8.2065      
# span 16 =    19.1570,    33.0305      
# span 17 =    21.1736,    33.0311      
# span 18 =    15.1243,    26.5412      
# span 19 =    16.7166,    26.5420      
# span 20 =    7.21002,    8.31634      
# span 21 = 0.0000e+00, 0.0000e+00      
# interval = scans: 3                   
# start_time = Nov 17 2020 14:13:39 [System UTC, header]
# bad_flag = -9.990e-29
*END*
[from data line 132]
        489     17.229     5.1234     5.1194   3.053189   3.052849     2.1950     2.5535      8.031     3.5203   481.2395 8.6719e+01     0.1110    97.2642     7.1595     7.1555    31.5029    31.5029    24.8904    24.8908    7.23251 0.0000e+00
        492     17.261     5.1217     5.1189   3.053055   3.052795     2.1954     2.5547      8.031     3.5203   481.2395 9.4293e+01     0.1110    97.2642     7.1640     7.1603    31.5030    31.5026    24.8907    24.8907    7.23280 0.0000e+00
        495     17.298     5.1204     5.1171   3.053006   3.052674     2.1954     2.5564      8.031     3.5101   481.2395 7.8489e+01     0.1110    97.2642     7.1663     7.1662    31.5036    31.5030    24.8913    24.8911    7.23300 0.0000e+00
        498     17.340     5.1196     5.1163   3.052979   3.052699     2.1958     2.5568      8.031     3.5203   481.1606 6.7742e+01     0.1110    97.2642     7.1684     7.1673    31.5041    31.5040    24.8917    24.8920    7.23312 0.0000e+00
        501     17.390     5.1213     5.1176   3.053060   3.052745     2.1958     2.5584      8.031     3.5813   481.1606 6.4895e+01     0.1110    97.2642     7.1692     7.1711    31.5034    31.5033    24.8910    24.8913    7.23286 0.0000e+00
        504     17.444     5.1202     5.1169   3.052963   3.052679     2.1954     2.5580      8.031     3.6322   481.2000 6.3851e+01     0.1110    97.2642     7.1671     7.1696    31.5033    31.5031    24.8910    24.8912    7.23305 0.0000e+00
        507     17.507     5.1184     5.1148   3.052867   3.052542     2.1958     2.5580      8.031     3.6322   481.1211 6.4221e+01     0.1110    97.2642     7.1716     7.1669    31.5039    31.5036    24.8917    24.8918    7.23335 0.0000e+00
        510     17.577     5.1172     5.1141   3.052804   3.052494     2.1950     2.5592      8.031     3.6322   481.2000 6.4073e+01     0.1110    97.2642     7.1713     7.1691    31.5043    31.5036    24.8921    24.8919    7.23354 0.0000e+00
        513     17.656     5.1178     5.1128   3.052892   3.052418     2.1958     2.5600      8.031     3.6322   481.1606 6.4221e+01     0.1110    97.2642     7.1739     7.1699    31.5046    31.5040    24.8924    24.8924    7.23341 0.0000e+00
        516     17.746     5.1182     5.1121   3.052866   3.052403     2.1962     2.5604      8.031     3.6424   481.1606 6.2540e+01     0.1110    97.2642     7.1741     7.1692    31.5039    31.5044    24.8917    24.8928    7.23337 0.0000e+00
        519     17.843     5.1165     5.1124   3.052753   3.052391     2.1954     2.5604      8.031     3.6322   481.1606 6.0614e+01     0.1110    97.2642     7.1716     7.1701    31.5042    31.5039    24.8922    24.8924    7.23366 0.0000e+00
        522     17.950     5.1144     5.1101   3.052580   3.052237     2.1958     2.5613      8.031     3.6220   481.2395 6.0404e+01     0.1106    97.2729     7.1748     7.1739    31.5041    31.5043    24.8923    24.8929    7.23403 0.0000e+00
        525     18.069     5.1121     5.1071   3.052475   3.052054     2.1970     2.5617      8.031     3.6322   481.2000 5.8554e+01     0.1099    97.2903     7.1821     7.1763    31.5050    31.5049    24.8933    24.8938    7.23439 0.0000e+00
        528     18.196     5.1112     5.1052   3.052428   3.051966     2.1966     2.5629      8.031     3.6220   481.1606 5.5268e+01     0.1103    97.2816     7.1796     7.1818    31.5053    31.5057    24.8936    24.8946    7.23453 0.0000e+00
        531     18.328     5.1109     5.1063   3.052428   3.052058     2.1974     2.5621      8.031     3.6119   382.1866 5.1502e+01     0.1103    97.2816     7.1830     7.1780    31.5055    31.5056    24.8938    24.8944    7.23458 0.0000e+00
        534     18.463     5.1102     5.1059   3.052395   3.052027     2.1966     2.5633      8.031     3.6119     5.7934 4.9856e+01     0.1103    97.2816     7.1789     7.1816    31.5057    31.5056    24.8940    24.8944    7.23469 0.0000e+00
        537     18.605     5.1094     5.1055   3.052333   3.051982     2.1962     2.5641      8.031     3.6119    12.2285 4.9227e+01     0.1103    97.2816     7.1767     7.1840    31.5057    31.5054    24.8942    24.8944    7.23484 0.0000e+00
        540     18.743     5.1091     5.1053   3.052348   3.052024     2.1962     2.5653      8.031     3.6322    12.0311 4.6792e+01     0.1113    97.2555     7.1782     7.1873    31.5060    31.5060    24.8945    24.8948    7.23486 0.0000e+00
        543     18.880     5.1101     5.1058   3.052398   3.052050     2.1970     2.5662      8.031     3.6322    12.0706 4.2568e+01     0.1120    97.2382     7.1817     7.1897    31.5056    31.5057    24.8940    24.8945    7.23471 0.0000e+00
        546     19.013     5.1089     5.1051   3.052308   3.051981     2.1974     2.5657      8.031     3.6220    12.0311 3.9431e+01     0.1120    97.2382     7.1825     7.1867    31.5057    31.5056    24.8942    24.8945    7.23491 0.0000e+00
        549     19.142     5.1073     5.1027   3.052229   3.051804     2.1970     2.5666      8.031     3.5915    11.9916 3.7907e+01     0.1120    97.2382     7.1804     7.1874    31.5062    31.5058    24.8948    24.8949    7.23517 0.0000e+00
        552     19.268     5.1053     5.0991   3.052097   3.051586     2.1966     2.5666      8.031     3.5814    11.9916 3.7601e+01     0.1120    97.2382     7.1789     7.1867    31.5066    31.5066    24.8952    24.8959    7.23551 0.0000e+00
        555     19.384     5.1031     5.0971   3.051880   3.051500     2.1974     2.5674      8.031     3.4796    12.0311 3.8303e+01     0.1120    97.2382     7.1802     7.1890    31.5061    31.5075    24.8951    24.8969    7.23592 0.0000e+00
        558     19.493     5.1007     5.0959   3.051770   3.051416     2.1970     2.5678      8.031     3.4898   237.6538 3.9154e+01     0.1120    97.2382     7.1809     7.1894    31.5071    31.5076    24.8962    24.8971    7.23630 0.0000e+00
        561     19.594     5.1004     5.0939   3.051804   3.051238     2.1974     2.5678      8.031     3.4796   482.1870 3.9977e+01     0.1120    97.2382     7.1803     7.1875    31.5077    31.5074    24.8967    24.8971    7.23631 0.0000e+00
        564     19.683     5.0996     5.0893   3.051744   3.050938     2.1982     2.5686      8.031     3.4999   480.9632 3.9747e+01     0.1120    97.2382     7.1834     7.1880    31.5077    31.5082    24.8968    24.8983    7.23645 0.0000e+00
        567     19.767     5.0970     5.0910   3.051515   3.051134     2.1982     2.5690      8.031     3.4796   481.1211 3.9793e+01     0.1117    97.2469     7.1855     7.1884    31.5075    31.5088    24.8969    24.8986    7.23692 0.0000e+00
        570     19.840     5.0971     5.0911   3.051587   3.051101     2.1978     2.5690      8.031     3.4898   481.1211 4.0116e+01     0.1113    97.2555     7.1852     7.1885    31.5082    31.5084    24.8975    24.8982    7.23687 0.0000e+00
        573     19.905     5.0956     5.0885   3.051467   3.050924     2.1974     2.5690      8.031     3.4898   481.1211 3.8175e+01     0.1113    97.2555     7.1855     7.1867    31.5082    31.5088    24.8976    24.8988    7.23713 0.0000e+00
        576     19.964     5.0945     5.0884   3.051431   3.050984     2.1970     2.5702      8.031     3.4796   481.1211 3.7558e+01     0.1113    97.2555     7.1828     7.1886    31.5088    31.5095    24.8982    24.8994    7.23729 0.0000e+00
        579     20.017     5.0949     5.0893   3.051466   3.051015     2.1966     2.5710      8.031     3.5508   481.1211 3.7863e+01     0.1113    97.2555     7.1771     7.1879    31.5089    31.5089    24.8982    24.8989    7.23723 0.0000e+00
        582     20.060     5.0952     5.0892   3.051486   3.051014     2.1978     2.5714      8.031     3.6729   481.1211 3.7428e+01     0.1088    97.3164     7.1785     7.1855    31.5087    31.5090    24.8981    24.8989    7.23718 0.0000e+00
        585     20.094     5.0955     5.0887   3.051532   3.051002     2.1970     2.5706      8.031     3.6424   120.8748 3.6406e+01     0.1081    97.3338     7.1717     7.1816    31.5090    31.5093    24.8982    24.8992    7.23712 0.0000e+00
        588     20.123     5.0950     5.0907   3.051528   3.051206     2.1986     2.5702      8.031     3.6627     4.6090 3.5861e+01     0.1084    97.3251     7.1774     7.1775    31.5094    31.5097    24.8986    24.8994    7.23718 0.0000e+00
        622     20.155     5.0927     5.0897   3.051374   3.051103     2.1970     2.5723      8.031     3.7034   324.1524 3.4603e+01     0.1109    97.2643     7.1684     7.1818    31.5098    31.5095    24.8991    24.8993    7.23756 0.0000e+00
        640     20.210     5.0909     5.0862   3.051212   3.050840     2.1966     2.5714      8.031     3.7238   481.1211 3.2882e+01     0.1131    97.2121     7.1645     7.1810    31.5096    31.5098    24.8993    24.8999    7.23789 0.0000e+00
        643     20.276     5.0906     5.0860   3.051239   3.050854     2.1966     2.5718      8.031     3.7136   481.1211 3.1909e+01     0.1092    97.3077     7.1626     7.1843    31.5102    31.5101    24.8997    24.9002    7.23792 0.0000e+00
        646     20.359     5.0910     5.0861   3.051268   3.050874     2.1966     2.5727      8.031     3.7136   481.1211 3.1143e+01     0.1088    97.3164     7.1607     7.1880    31.5101    31.5102    24.8996    24.9002    7.23785 0.0000e+00
        649     20.459     5.0917     5.0869   3.051312   3.050918     2.1954     2.5727      8.031     3.7136   481.1211 3.0855e+01     0.1088    97.3164     7.1540     7.1895    31.5099    31.5099    24.8994    24.8999    7.23774 0.0000e+00
        652     20.571     5.0912     5.0869   3.051248   3.050916     2.1958     2.5735      8.031     3.7340   481.0816 3.0221e+01     0.1088    97.3164     7.1554     7.1966    31.5096    31.5099    24.8992    24.8999    7.23784 0.0000e+00
        655     20.698     5.0890     5.0857   3.051110   3.050838     2.1962     2.5735      8.031     3.7035   481.1211 2.9326e+01     0.1088    97.3164     7.1565     7.2024    31.5100    31.5100    24.8998    24.9001    7.23821 0.0000e+00
        658     20.835     5.0880     5.0855   3.051067   3.050874     2.1962     2.5739      8.031     3.5712   481.1211 2.8821e+01     0.1092    97.3077     7.1555     7.2060    31.5104    31.5105    24.9002    24.9005    7.23837 0.0000e+00
        661     20.982     5.0869     5.0838   3.051038   3.050739     2.1945     2.5739      8.031     3.4083   474.6860 2.9429e+01     0.1095    97.2990     7.1506     7.2098    31.5110    31.5105    24.9008    24.9007    7.23853 0.0000e+00
        664     21.139     5.0874     5.0841   3.051070   3.050761     2.1954     2.5743      8.031     3.4287    55.9318 3.1368e+01     0.1095    97.2990     7.1550     7.2150    31.5109    31.5104    24.9006    24.9006    7.23845 0.0000e+00
        667     21.305     5.0850     5.0798   3.050850   3.050436     2.1941     2.5739      8.031     3.4287     0.8191 3.5225e+01     0.1099    97.2903     7.1519     7.2159    31.5105    31.5107    24.9006    24.9013    7.23888 0.0000e+00
        670     21.483     5.0807     5.0757   3.050603   3.050224     2.1945     2.5747      8.031     3.4083     3.8985 3.7819e+01     0.1099    97.2903     7.1584     7.2214    31.5117    31.5121    24.9020    24.9029    7.23958 0.0000e+00
        673     21.667     5.0787     5.0741   3.050509   3.050156     2.1945     2.5763      8.031     3.4185     3.7405 3.8039e+01     0.1099    97.2903     7.1649     7.2303    31.5124    31.5127    24.9027    24.9035    7.23989 0.0000e+00
        676     21.861     5.0763     5.0721   3.050332   3.050035     2.1945     2.5771      8.031     3.4083     3.8195 3.8083e+01     0.1095    97.2990     7.1687     7.2402    31.5125    31.5132    24.9031    24.9041    7.24031 0.0000e+00
        679     22.059     5.0734     5.0726   3.050175   3.050091     2.1937     2.5771      8.031     3.3982     3.8195 3.5145e+01     0.1095    97.2990     7.1683     7.2456    31.5134    31.5132    24.9042    24.9040    7.24078 0.0000e+00
        682     22.262     5.0708     5.0720   3.050030   3.050041     2.1950     2.5771      8.031     3.4185     3.7405 3.1511e+01     0.1099    97.2903     7.1762     7.2519    31.5141    31.5131    24.9050    24.9041    7.24121 0.0000e+00
        685     22.471     5.0688     5.0706   3.049928   3.049919     2.1950     2.5784      8.031     3.2863     3.7800 3.0013e+01     0.1099    97.2903     7.1785     7.2609    31.5147    31.5129    24.9057    24.9040    7.24153 0.0000e+00
        688     22.684     5.0630     5.0608   3.049456   3.049266     2.1950     2.5788      8.031     3.2659     4.3327 2.9090e+01     0.1099    97.2903     7.1818     7.2671    31.5147    31.5146    24.9063    24.9065    7.24254 0.0000e+00
        691     22.896     5.0573     5.0568   3.049159   3.049088     2.1941     2.5792      8.031     3.2557     7.1357 2.8099e+01     0.1099    97.2903     7.1824     7.2706    31.5166    31.5163    24.9084    24.9082    7.24345 0.0000e+00
        694     23.106     5.0580     5.0553   3.049244   3.048988     2.1954     2.5800      8.031     3.2557     7.1357 2.7048e+01     0.1099    97.2903     7.1896     7.2748    31.5168    31.5164    24.9085    24.9085    7.24332 0.0000e+00
        697     23.313     5.0556     5.0515   3.049070   3.048774     2.1970     2.5816      8.031     3.2557     7.1357 2.5589e+01     0.1099    97.2903     7.1969     7.2829    31.5170    31.5175    24.9089    24.9097    7.24374 0.0000e+00
        700     23.517     5.0504     5.0458   3.048710   3.048245     2.1954     2.5836      8.031     3.2761     7.1357 2.4152e+01     0.1099    97.2903     7.1919     7.2919    31.5177    31.5167    24.9101    24.9098    7.24462 0.0000e+00
        703     23.711     5.0285     5.0191   3.046895   3.046524     2.1945     2.5840      8.032     3.2761     7.1357 2.2873e+01     0.1095    97.2990     7.1941     7.2996    31.5176    31.5222    24.9123    24.9170    7.24847 0.0000e+00
        706     23.895     5.0019     5.0058   3.045505   3.045867     2.1945     2.5853      8.032     3.2659     7.1357 2.2016e+01     0.1088    97.3164     7.1964     7.3039    31.5267    31.5272    24.9224    24.9224    7.25272 0.0000e+00
        709     24.068     4.9922     4.9956   3.044866   3.045054     2.1954     2.5849      8.032     3.2659     7.1357 2.1463e+01     0.1088    97.3164     7.2015     7.3010    31.5285    31.5274    24.9249    24.9237    7.25434 0.0000e+00
        712     24.226     4.9836     4.9835   3.044418   3.044366     2.1958     2.5861      8.032     3.2862     7.1357 2.1020e+01     0.1088    97.3164     7.2036     7.3038    31.5314    31.5309    24.9281    24.9277    7.25571 0.0000e+00
        715     24.371     4.9801     4.9822   3.044247   3.044366     2.1966     2.5865      8.030     3.3066   218.0722 2.0470e+01     0.1088    97.3164     7.2058     7.3011    31.5327    31.5321    24.9295    24.9288    7.25627 0.0000e+00
        718     24.504     4.9791     4.9819   3.044257   3.044305     2.1966     2.5885      8.032     3.2862   482.1870 1.9817e+01     0.1088    97.3164     7.2052     7.3030    31.5337    31.5316    24.9304    24.9284    7.25640 0.0000e+00
        721     24.624     4.9769     4.9754   3.043980   3.043829     2.1954     2.5881      8.032     3.2862   480.9237 1.9364e+01     0.1092    97.3077     7.2027     7.2971    31.5326    31.5323    24.9297    24.9297    7.25685 0.0000e+00
        724     24.729     4.9690     4.9658   3.043497   3.043209     2.1966     2.5889      8.032     3.2964   481.0026 1.9031e+01     0.1110    97.2642     7.2094     7.2973    31.5345    31.5342    24.9321    24.9322    7.25815 0.0000e+00
        727     24.817     4.9658     4.9617   3.043376   3.043034     2.1970     2.5894      8.032     3.2964   481.0026 1.9009e+01     0.1110    97.2642     7.2087     7.2961    31.5361    31.5361    24.9337    24.9341    7.25864 0.0000e+00
