Datasets/AZMP/HUD120/hud120_2020_077.cnv
* Sea-Bird SBE 9 Data File:
* FileName = C:\CTDDATA\hud120_2020_077.hex
* Software Version Seasave V 7.26.7.110
* Temperature SN = 1697
* Conductivity SN = 4216
* Number of Bytes Per Scan = 30
* Number of Voltage Words = 4
* Number of Scans Averaged by the Deck Unit = 1
* NMEA baud rate = 4800
** VESSEL/TRIP/SEQ STN:  hud120_2020_077
** LATITUDE XX XX.XX: 47 00.00 N
** LONGITUDE XX XX.XX: 052 02.00 W
** SOUNDING DEPTH (M): 0140
** PROBE TYPE: S1146
** CTD NUMBER: 056
** FORMAT: V
** COMMENTS (14 CHAR): FC-05
** BOTTLES:  9
** LEVELS: 5,10,20,30,40,50,75,100,BTM
** STICKERS: 439883 - 439891
** VNET: Y
** DO2: N
# nquan = 22
# nvalues = 2896                        
# units = specified
# name 0 = scan: Scan Count
# name 1 = prDM: Pressure, Digiquartz [db]
# name 2 = t090C: Temperature [ITS-90, deg C]
# name 3 = t190C: Temperature, 2 [ITS-90, deg C]
# name 4 = c0S/m: Conductivity [S/m]
# name 5 = c1S/m: Conductivity, 2 [S/m]
# name 6 = sbeox0V: Oxygen raw, SBE 43 [V]
# name 7 = sbeox1V: Oxygen raw, SBE 43, 2 [V]
# name 8 = ph: pH
# name 9 = flECO-AFL: Fluorescence, WET Labs ECO-AFL/FL [mg/m^3]
# name 10 = wetCDOM: Fluorescence, WET Labs CDOM [mg/m^3]
# name 11 = par/sat/log: PAR/Logarithmic, Satlantic [umol photons/m^2/sec]
# name 12 = CStarAt0: Beam Attenuation, WET Labs C-Star [1/m]
# name 13 = CStarTr0: Beam Transmission, WET Labs C-Star [%]
# name 14 = sbeox0ML/L: Oxygen, SBE 43 [ml/l], WS = 2
# name 15 = sbeox1ML/L: Oxygen, SBE 43, 2 [ml/l], WS = 2
# name 16 = sal00: Salinity, Practical [PSU]
# name 17 = sal11: Salinity, Practical, 2 [PSU]
# name 18 = sigma-t00: Density [sigma-t, kg/m^3 ]
# name 19 = sigma-t11: Density, 2 [sigma-t, kg/m^3 ]
# name 20 = oxsatML/L: Oxygen Saturation, Weiss [ml/l]
# name 21 = flag: flag
# span 0 =         58,      35662       
# span 1 =      0.453,    137.173       
# span 2 =    -0.8461,     3.6287       
# span 3 =    -0.8508,     3.6241       
# span 4 =   2.380830,   2.950176       
# span 5 =   1.356687,   2.949689       
# span 6 =     1.9036,     2.2250       
# span 7 =     2.2622,     2.6362       
# span 8 =      7.998,      8.137       
# span 9 =     0.9765,     3.8662       
# span 10 =    -2.8130,   482.1870      
# span 11 = 1.0715e-01, 1.8025e+01      
# span 12 =     0.0732,     0.1591      
# span 13 =    96.0995,    98.1856      
# span 14 =     6.9715,     7.8183      
# span 15 =     7.1179,     8.0205      
# span 16 =    25.0857,    33.2633      
# span 17 =    13.6014,    33.2631      
# span 18 =    19.9384,    26.7187      
# span 19 =    10.8199,    26.7188      
# span 20 =    7.49138,    8.34868      
# span 21 = 0.0000e+00, 0.0000e+00      
# interval = scans: 3                   
# start_time = Nov 26 2020 10:43:26 [System UTC, header]
# bad_flag = -9.990e-29
*END*
[from data line 1054]
       4299     87.663    -0.7073    -0.7117   2.688992   2.688540     2.0142     2.3993      8.048     1.0274   481.2790 1.0752e-01     0.0874    97.8379     7.5628     7.7442    32.8641    32.8629    26.4120    26.4113    8.31968 0.0000e+00
       4302     87.729    -0.7083    -0.7131   2.688933   2.688487     2.0146     2.3993      8.048     1.0274   481.3184 1.0752e-01     0.0874    97.8379     7.5663     7.7435    32.8644    32.8637    26.4123    26.4119    8.31989 0.0000e+00
       4305     87.787    -0.7089    -0.7138   2.688922   2.688470     2.0134     2.4001      8.048     1.0274   481.3184 1.0740e-01     0.0839    97.9248     7.5627     7.7462    32.8649    32.8642    26.4127    26.4123    8.32000 0.0000e+00
       4308     87.837    -0.7091    -0.7141   2.688919   2.688462     2.0138     2.3997      8.048     1.0783   481.3579 1.0752e-01     0.0832    97.9422     7.5614     7.7445    32.8650    32.8643    26.4128    26.4125    8.32004 0.0000e+00
       4311     87.879    -0.7093    -0.7141   2.688943   2.688465     2.0138     2.3993      8.048     1.0884   421.1129 1.0740e-01     0.0832    97.9422     7.5599     7.7421    32.8655    32.8644    26.4132    26.4125    8.32005 0.0000e+00
       4314     87.915    -0.7092    -0.7141   2.688969   2.688490     2.0138     2.3997      8.048     1.0884    14.8736 1.0752e-01     0.0832    97.9422     7.5624     7.7404    32.8658    32.8647    26.4134    26.4127    8.32002 0.0000e+00
       4317     87.943    -0.7087    -0.7139   2.688986   2.688495     2.0134     2.4001      8.048     1.0986     4.7670 1.0752e-01     0.0832    97.9422     7.5610     7.7455    32.8655    32.8645    26.4132    26.4125    8.31993 0.0000e+00
       4361     87.966    -0.6984    -0.7021   2.689035   2.688503     2.0134     2.3988      8.046     1.0579   322.9285 1.0752e-01     0.0828    97.9509     7.5657     7.7321    32.8548    32.8518    26.4042    26.4018    8.31821 0.0000e+00
       4385     87.992    -0.6960    -0.6929   2.688995   2.688601     2.0122     2.3980      8.048     1.0783   481.3579 1.0740e-01     0.0825    97.9596     7.5622     7.7191    32.8517    32.8431    26.4015    26.3944    8.31785 0.0000e+00
       4388     88.022    -0.6979    -0.6950   2.688990   2.688594     2.0126     2.3980      8.048     1.1190   481.2790 1.0740e-01     0.0821    97.9683     7.5634     7.7160    32.8537    32.8452    26.4032    26.3963    8.31816 0.0000e+00
       4391     88.058    -0.7011    -0.6959   2.688905   2.688567     2.0122     2.3980      8.048     1.1190   210.9660 1.0740e-01     0.0821    97.9683     7.5632     7.7139    32.8560    32.8458    26.4053    26.3968    8.31876 0.0000e+00
       4394     88.100    -0.7032    -0.6947   2.688781   2.688641     2.0122     2.3980      8.045     1.1190     0.3848 1.0740e-01     0.0821    97.9683     7.5594     7.7155    32.8566    32.8455    26.4057    26.3965    8.31919 0.0000e+00
       4397     88.146    -0.7028    -0.6976   2.688758   2.688622     2.0126     2.3980      8.048     1.1190     7.0568 1.0727e-01     0.0821    97.9683     7.5556     7.7163    32.8559    32.8484    26.4052    26.3989    8.31915 0.0000e+00
       4400     88.199    -0.7031    -0.7056   2.688720   2.688555     2.0122     2.3980      8.048     1.1190     6.7804 1.0752e-01     0.0825    97.9596     7.5532     7.7171    32.8557    32.8561    26.4050    26.4055    8.31924 0.0000e+00
       4403     88.259    -0.7042    -0.7090   2.688763   2.688411     2.0122     2.3972      8.048     1.1190     6.7804 1.0752e-01     0.0825    97.9596     7.5540     7.7108    32.8574    32.8578    26.4065    26.4070    8.31938 0.0000e+00
       4406     88.324    -0.7079    -0.7102   2.688977   2.688402     2.0118     2.3976      8.048     1.1292     6.7804 1.0752e-01     0.0828    97.9509     7.5542     7.7088    32.8642    32.8590    26.4121    26.4080    8.31981 0.0000e+00
       4409     88.393    -0.7107    -0.7088   2.689006   2.688376     2.0122     2.3956      8.047     1.1292     6.7804 1.0752e-01     0.0821    97.9683     7.5559     7.6985    32.8677    32.8571    26.4150    26.4064    8.32026 0.0000e+00
       4412     88.466    -0.7112    -0.7129   2.689011   2.688561     2.0126     2.3956      8.048     1.0681     6.7804 1.0752e-01     0.0821    97.9683     7.5536     7.6961    32.8682    32.8640    26.4155    26.4121    8.32033 0.0000e+00
       4415     88.547    -0.7118    -0.7154   2.688993   2.688549     2.0118     2.3964      8.047     1.0579     6.8199 1.0752e-01     0.0821    97.9683     7.5471     7.6964    32.8686    32.8665    26.4158    26.4142    8.32045 0.0000e+00
       4418     88.631    -0.7137    -0.7177   2.689014   2.688542     2.0106     2.3964      8.047     1.0478   404.4923 1.0752e-01     0.0825    97.9596     7.5417     7.6974    32.8709    32.8689    26.4177    26.4163    8.32074 0.0000e+00
       4421     88.723    -0.7147    -0.7195   2.689031   2.688554     2.0106     2.3960      8.048     1.0681   481.8712 1.0727e-01     0.0825    97.9596     7.5404     7.6970    32.8722    32.8709    26.4188    26.4180    8.32090 0.0000e+00
       4424     88.819    -0.7150    -0.7202   2.689016   2.688564     2.0118     2.3960      8.047     1.0478   481.0816 1.0740e-01     0.0832    97.9422     7.5457     7.7012    32.8722    32.8718    26.4189    26.4187    8.32097 0.0000e+00
       4427     88.917    -0.7159    -0.7205   2.688959   2.688539     2.0110     2.3944      8.045     1.0478   481.3184 1.0740e-01     0.0857    97.8814     7.5384     7.6958    32.8723    32.8717    26.4190    26.4186    8.32115 0.0000e+00
       4430     89.016    -0.7190    -0.7235   2.688728   2.688295     2.0110     2.3944      8.047     1.0783   481.3184 1.0752e-01     0.0853    97.8901     7.5371     7.6959    32.8725    32.8716    26.4193    26.4187    8.32184 0.0000e+00
       4433     89.121    -0.7233    -0.7280   2.688451   2.687981     2.0106     2.3948      8.047     1.0478   481.3184 1.0752e-01     0.0853    97.8901     7.5313     7.6972    32.8734    32.8723    26.4201    26.4194    8.32276 0.0000e+00
       4436     89.226    -0.7266    -0.7317   2.688211   2.687757     2.0098     2.3936      8.047     1.0579   481.3579 1.0740e-01     0.0853    97.8901     7.5266     7.6896    32.8737    32.8732    26.4205    26.4203    8.32348 0.0000e+00
       4439     89.336    -0.7295    -0.7346   2.688009   2.687533     2.0102     2.3936      8.045     1.0783   481.3579 1.0740e-01     0.0853    97.8901     7.5312     7.6885    32.8741    32.8732    26.4210    26.4204    8.32412 0.0000e+00
       4442     89.447    -0.7323    -0.7373   2.687914   2.687457     2.0106     2.3940      8.045     1.0986   414.5594 1.0752e-01     0.0853    97.8901     7.5322     7.6922    32.8758    32.8751    26.4224    26.4221    8.32464 0.0000e+00
       4445     89.563    -0.7331    -0.7380   2.688035   2.687588     2.0098     2.3940      8.045     1.0681    12.3075 1.0752e-01     0.0849    97.8988     7.5247     7.6902    32.8782    32.8776    26.4244    26.4241    8.32468 0.0000e+00
       4448     89.677    -0.7325    -0.7373   2.688129   2.687693     2.0094     2.3940      8.045     1.0986     5.9119 1.0727e-01     0.0832    97.9422     7.5230     7.6909    32.8787    32.8781    26.4248    26.4245    8.32451 0.0000e+00
       4451     89.793    -0.7318    -0.7368   2.688213   2.687748     2.0089     2.3928      8.044     1.0884     6.8199 1.0752e-01     0.0832    97.9422     7.5254     7.6837    32.8791    32.8783    26.4250    26.4246    8.32434 0.0000e+00
       4454     89.911    -0.7316    -0.7361   2.688309   2.687828     2.0085     2.3919      8.044     1.0884     6.7804 1.0752e-01     0.0832    97.9422     7.5249     7.6789    32.8800    32.8785    26.4258    26.4248    8.32423 0.0000e+00
       4457     90.030    -0.7316    -0.7364   2.688253   2.687824     2.0077     2.3919      8.045     1.0884     6.7804 1.0740e-01     0.0835    97.9335     7.5234     7.6787    32.8792    32.8787    26.4252    26.4249    8.32429 0.0000e+00
       4460     90.151    -0.7330    -0.7378   2.688186   2.687719     2.0081     2.3919      8.044     1.0884     6.7804 1.0727e-01     0.0832    97.9422     7.5255     7.6788    32.8798    32.8788    26.4257    26.4250    8.32457 0.0000e+00
       4463     90.270    -0.7349    -0.7395   2.688025   2.687595     2.0077     2.3919      8.044     1.0681     6.7804 1.0740e-01     0.0832    97.9422     7.5264     7.6766    32.8797    32.8789    26.4256    26.4252    8.32502 0.0000e+00
       4466     90.391    -0.7367    -0.7415   2.687874   2.687482     2.0081     2.3911      8.044     1.0478     6.7804 1.0727e-01     0.0817    97.9770     7.5344     7.6734    32.8795    32.8794    26.4256    26.4257    8.32542 0.0000e+00
       4469     90.511    -0.7390    -0.7438   2.687709   2.687285     2.0077     2.3903      8.044     1.0579     3.9379 1.0727e-01     0.0810    97.9944     7.5386     7.6720    32.8797    32.8792    26.4258    26.4256    8.32592 0.0000e+00
       4472     90.631    -0.7415    -0.7464   2.687476   2.687067     2.0077     2.3899      8.044     1.0681    -0.5627 1.0752e-01     0.0810    97.9944     7.5432     7.6751    32.8792    32.8791    26.4255    26.4256    8.32652 0.0000e+00
       4475     90.746    -0.7453    -0.7505   2.687133   2.686685     2.0081     2.3895      8.044     1.0579    -0.3258 1.0740e-01     0.0810    97.9944     7.5480     7.6791    32.8787    32.8783    26.4252    26.4251    8.32741 0.0000e+00
       4478     90.863    -0.7520    -0.7583   2.686626   2.686134     2.0073     2.3903      8.044     1.0478    -0.3258 1.0752e-01     0.0810    97.9944     7.5460     7.6881    32.8790    32.8793    26.4258    26.4262    8.32888 0.0000e+00
       4481     90.981    -0.7568    -0.7628   2.686365   2.685874     2.0069     2.3895      8.044     1.0681    -0.3258 1.0740e-01     0.0810    97.9944     7.5417     7.6882    32.8807    32.8807    26.4273    26.4275    8.32988 0.0000e+00
       4484     91.099    -0.7596    -0.7649   2.686182   2.685725     2.0073     2.3891      8.044     1.0579    -0.3653 1.0740e-01     0.0810    97.9944     7.5424     7.6910    32.8812    32.8809    26.4278    26.4277    8.33048 0.0000e+00
       4487     91.217    -0.7629    -0.7681   2.685885   2.685433     2.0073     2.3887      8.044     1.0579    -0.3653 1.0740e-01     0.0810    97.9944     7.5435     7.6946    32.8807    32.8803    26.4275    26.4274    8.33125 0.0000e+00
       4490     91.329    -0.7740    -0.7790   2.684788   2.684388     2.0073     2.3887      8.044     1.0681    -0.3653 1.0740e-01     0.0810    97.9944     7.5422     7.7030    32.8780    32.8780    26.4257    26.4259    8.33392 0.0000e+00
       4493     91.437    -0.7899    -0.7959   2.683748   2.683276     2.0073     2.3883      8.044     1.0884    -0.3653 1.0752e-01     0.0810    97.9944     7.5443     7.7087    32.8812    32.8814    26.4289    26.4292    8.33731 0.0000e+00
       4496     91.546    -0.7997    -0.8061   2.683122   2.682682     2.0069     2.3883      8.044     1.0884     3.5431 1.0740e-01     0.0810    97.9944     7.5455     7.7127    32.8834    32.8844    26.4310    26.4321    8.33940 0.0000e+00
       4499     91.654    -0.8081    -0.8135   2.682674   2.682245     2.0069     2.3887      8.044     1.0783     5.4381 1.0740e-01     0.0810    97.9944     7.5483     7.7150    32.8865    32.8866    26.4338    26.4341    8.34113 0.0000e+00
       4502     91.758    -0.8124    -0.8179   2.682470   2.682027     2.0057     2.3887      8.044     1.0986     5.3592 1.0752e-01     0.0807    98.0031     7.5426     7.7169    32.8883    32.8883    26.4354    26.4357    8.34198 0.0000e+00
       4505     91.855    -0.8143    -0.8195   2.682377   2.681916     2.0057     2.3887      8.042     1.0884     5.3592 1.0752e-01     0.0810    97.9944     7.5434     7.7204    32.8890    32.8885    26.4361    26.4358    8.34237 0.0000e+00
       4508     91.951    -0.8168    -0.8219   2.682196   2.681752     2.0065     2.3883      8.044     1.0783     5.3592 1.0752e-01     0.0810    97.9944     7.5476     7.7194    32.8893    32.8889    26.4364    26.4363    8.34292 0.0000e+00
       4511     92.042    -0.8218    -0.8263   2.681949   2.681517     2.0057     2.3883      8.044     1.0884     5.3592 1.0752e-01     0.0814    97.9857     7.5466     7.7224    32.8913    32.8904    26.4382    26.4377    8.34393 0.0000e+00
       4514     92.129    -0.8270    -0.8315   2.681644   2.681204     2.0053     2.3887      8.042     1.0783     5.3592 1.0752e-01     0.0810    97.9944     7.5463     7.7225    32.8928    32.8918    26.4396    26.4390    8.34502 0.0000e+00
       4517     92.208    -0.8297    -0.8347   2.681504   2.681052     2.0053     2.3883      8.044     1.0579     5.3592 1.0740e-01     0.0810    97.9944     7.5480     7.7184    32.8939    32.8933    26.4406    26.4403    8.34557 0.0000e+00
       4520     92.281    -0.8321    -0.8370   2.681346   2.680921     2.0061     2.3874      8.041     1.0579     5.4381 1.0740e-01     0.0810    97.9944     7.5520     7.7137    32.8943    32.8939    26.4410    26.4409    8.34609 0.0000e+00
       4523     92.350    -0.8347    -0.8399   2.681199   2.680757     2.0049     2.3879      8.042     1.0478     7.4516 1.0752e-01     0.0810    97.9944     7.5465     7.7129    32.8951    32.8948    26.4417    26.4417    8.34663 0.0000e+00
       4526     92.412    -0.8375    -0.8420   2.681132   2.680658     2.0049     2.3874      8.039     1.0681     7.6095 1.0752e-01     0.0825    97.9596     7.5479     7.7118    32.8972    32.8957    26.4436    26.4425    8.34714 0.0000e+00
       4529     92.467    -0.8403    -0.8449   2.681075   2.680607     2.0057     2.3879      8.041     1.0579     7.6095 1.0727e-01     0.0832    97.9422     7.5486     7.7092    32.8995    32.8982    26.4456    26.4446    8.34765 0.0000e+00
       4532     92.516    -0.8419    -0.8468   2.681027   2.680586     2.0053     2.3874      8.042     1.0579     7.6095 1.0752e-01     0.0832    97.9422     7.5435     7.7062    32.9005    32.9000    26.4464    26.4461    8.34795 0.0000e+00
       4535     92.566    -0.8430    -0.8475   2.681012   2.680563     2.0049     2.3879      8.039     1.0681     7.6095 1.0752e-01     0.0832    97.9422     7.5446     7.7073    32.9015    32.9004    26.4472    26.4465    8.34814 0.0000e+00
       4538     92.603    -0.8437    -0.8482   2.680983   2.680534     2.0049     2.3866      8.039     1.0579     7.6095 1.0752e-01     0.0832    97.9422     7.5421     7.7020    32.9018    32.9008    26.4476    26.4468    8.34828 0.0000e+00
       4541     92.637    -0.8443    -0.8489   2.681014   2.680528     2.0040     2.3866      8.039     1.0579     7.6095 1.0740e-01     0.0832    97.9422     7.5383     7.7050    32.9029    32.9013    26.4484    26.4473    8.34835 0.0000e+00
       4545     92.672    -0.8369    -0.8488   2.681476   2.680541     2.0040     2.3870      8.039     1.0884     6.2277 1.0752e-01     0.0825    97.9596     7.5402     7.7057    32.9010    32.9014    26.4466    26.4473    8.34678 0.0000e+00
       4562     92.761    -0.8119    -0.8374   2.683104   2.681350     2.0032     2.3850      8.039     1.0986     1.0954 1.0752e-01     0.0803    98.0118     7.5365     7.6971    32.8957    32.8999    26.4415    26.4457    8.34145 0.0000e+00
       4584     92.867    -0.8224    -0.8346   2.682223   2.681429     2.0016     2.3846      8.039     1.0783     1.4507 1.0752e-01     0.0789    98.0465     7.5396     7.7055    32.8952    32.8978    26.4414    26.4439    8.34385 0.0000e+00
       4587     92.895    -0.8352    -0.8350   2.681493   2.681416     2.0024     2.3846      8.039     1.0986     1.4507 1.0740e-01     0.0785    98.0552     7.5426     7.7060    32.8993    32.8980    26.4452    26.4441    8.34651 0.0000e+00
