Datasets/AZMP/HUD120/hud120_2020_089.cnv
* Sea-Bird SBE 9 Data File:
* FileName = C:\CTDDATA\hud120_2020_089.hex
* Software Version Seasave V 7.26.7.110
* Temperature SN = 1697
* Conductivity SN = 4216
* Number of Bytes Per Scan = 30
* Number of Voltage Words = 4
* Number of Scans Averaged by the Deck Unit = 1
* NMEA baud rate = 4800
** VESSEL/TRIP/SEQ STN:  hud120_2020_089
** LATITUDE XX XX.XX: 48 55.00 N
** LONGITUDE XX XX.XX: 052 24.00 W
** SOUNDING DEPTH (M): 0356
** PROBE TYPE: S1146
** CTD NUMBER: 066
** FORMAT: V
** COMMENTS (14 CHAR): BB-04
** BOTTLES:  10
** LEVELS: 5,10,20,30,40,50,75,100,150,BTM
** STICKERS: 439956 - 439965
** VNET: Y
** DO2: N
# nquan = 22
# nvalues = 7437                        
# units = specified
# name 0 = scan: Scan Count
# name 1 = prDM: Pressure, Digiquartz [db]
# name 2 = t090C: Temperature [ITS-90, deg C]
# name 3 = t190C: Temperature, 2 [ITS-90, deg C]
# name 4 = c0S/m: Conductivity [S/m]
# name 5 = c1S/m: Conductivity, 2 [S/m]
# name 6 = sbeox0V: Oxygen raw, SBE 43 [V]
# name 7 = sbeox1V: Oxygen raw, SBE 43, 2 [V]
# name 8 = ph: pH
# name 9 = flECO-AFL: Fluorescence, WET Labs ECO-AFL/FL [mg/m^3]
# name 10 = wetCDOM: Fluorescence, WET Labs CDOM [mg/m^3]
# name 11 = par/sat/log: PAR/Logarithmic, Satlantic [umol photons/m^2/sec]
# name 12 = CStarAt0: Beam Attenuation, WET Labs C-Star [1/m]
# name 13 = CStarTr0: Beam Transmission, WET Labs C-Star [%]
# name 14 = sbeox0ML/L: Oxygen, SBE 43 [ml/l], WS = 2
# name 15 = sbeox1ML/L: Oxygen, SBE 43, 2 [ml/l], WS = 2
# name 16 = sal00: Salinity, Practical [PSU]
# name 17 = sal11: Salinity, Practical, 2 [PSU]
# name 18 = sigma-t00: Density [sigma-t, kg/m^3 ]
# name 19 = sigma-t11: Density, 2 [sigma-t, kg/m^3 ]
# name 20 = oxsatML/L: Oxygen Saturation, Weiss [ml/l]
# name 21 = flag: flag
# span 0 =        179,      47013       
# span 1 =      1.462,    344.217       
# span 2 =    -0.5387,     2.1372       
# span 3 =    -0.5439,     2.1333       
# span 4 =   2.702627,   3.042588       
# span 5 =   2.702200,   3.042101       
# span 6 =     1.8228,     2.2055       
# span 7 =     2.1477,     2.6237       
# span 8 =      8.033,      8.158       
# span 9 =     0.9155,     5.4942       
# span 10 =    -2.8130,   482.1870      
# span 11 = 1.0532e-01, 3.6801e-01      
# span 12 =     0.0800,     0.3808      
# span 13 =    90.9188,    98.0205      
# span 14 =     6.2258,     7.8372      
# span 15 =     6.3256,     8.0191      
# span 16 =    32.0343,    34.2338      
# span 17 =    32.0437,    34.2323      
# span 18 =    25.5882,    27.3484      
# span 19 =    25.5943,    27.3476      
# span 20 =    7.65290,    8.27932      
# span 21 = 0.0000e+00, 0.0000e+00      
# interval = scans: 3                   
# start_time = Nov 28 2020 01:47:24 [System UTC, header]
# bad_flag = -9.990e-29
*END*
[from data line 6782]
      36051     39.033     1.5956     1.5909   2.831952   2.831484     2.1817     2.5987      8.146     3.8357   344.0893 1.0715e-01     0.1682    95.8822     7.8258     7.9732    32.3169    32.3158    25.8506    25.8501    7.85753 0.0000e+00
      36054     38.962     1.5954     1.5912   2.831951   2.831471     2.1809     2.5971      8.146     3.8459     1.1349 1.0715e-01     0.1682    95.8822     7.8204     7.9675    32.3171    32.3153    25.8507    25.8497    7.85755 0.0000e+00
      36057     38.893     1.5956     1.5907   2.831951   2.831447     2.1813     2.5971      8.146     3.8459    11.9522 1.0715e-01     0.1682    95.8822     7.8224     7.9668    32.3169    32.3156    25.8507    25.8500    7.85753 0.0000e+00
      36060     38.822     1.5964     1.5912   2.831977   2.831468     2.1809     2.5983      8.146     3.8561    11.5574 1.0715e-01     0.1682    95.8822     7.8190     7.9724    32.3164    32.3154    25.8502    25.8497    7.85738 0.0000e+00
      36063     38.749     1.5969     1.5923   2.831964   2.831489     2.1813     2.5979      8.146     3.8561    11.5968 1.0715e-01     0.1682    95.8822     7.8235     7.9701    32.3158    32.3146    25.8497    25.8490    7.85731 0.0000e+00
      36066     38.679     1.5970     1.5923   2.831982   2.831499     2.1809     2.5979      8.146     3.8357    11.6363 1.0715e-01     0.1682    95.8822     7.8210     7.9704    32.3160    32.3147    25.8499    25.8492    7.85729 0.0000e+00
      36069     38.613     1.5975     1.5923   2.831996   2.831492     2.1817     2.5983      8.146     3.8662    11.5574 1.0715e-01     0.1667    95.9169     7.8233     7.9708    32.3157    32.3147    25.8496    25.8491    7.85721 0.0000e+00
      36072     38.549     1.5976     1.5924   2.831975   2.831478     2.1813     2.5987      8.146     3.8357    11.5574 1.0715e-01     0.1639    95.9865     7.8202     7.9716    32.3154    32.3144    25.8493    25.8489    7.85720 0.0000e+00
      36075     38.485     1.5968     1.5928   2.831973   2.831493     2.1817     2.5983      8.146     3.8662    11.5574 1.0715e-01     0.1639    95.9865     7.8221     7.9690    32.3162    32.3143    25.8500    25.8488    7.85732 0.0000e+00
      36078     38.422     1.5968     1.5933   2.831960   2.831498     2.1809     2.5987      8.146     3.8459     5.3986 1.0715e-01     0.1639    95.9865     7.8211     7.9707    32.3161    32.3139    25.8499    25.8484    7.85733 0.0000e+00
      36081     38.361     1.5974     1.5938   2.831974   2.831503     2.1813     2.5983      8.146     3.8561     0.6612 1.0715e-01     0.1639    95.9865     7.8214     7.9684    32.3156    32.3134    25.8495    25.8479    7.85722 0.0000e+00
      36084     38.302     1.5977     1.5939   2.831973   2.831515     2.1817     2.5979      8.146     3.8459     0.8586 1.0715e-01     0.1635    95.9952     7.8241     7.9674    32.3154    32.3135    25.8493    25.8480    7.85718 0.0000e+00
      36087     38.242     1.5980     1.5936   2.831955   2.831494     2.1825     2.5983      8.146     3.8561     0.8586 1.0715e-01     0.1639    95.9865     7.8274     7.9692    32.3149    32.3135    25.8488    25.8481    7.85715 0.0000e+00
      36090     38.186     1.5985     1.5938   2.831991   2.831494     2.1813     2.5983      8.146     3.8561     0.8586 1.0715e-01     0.1635    95.9952     7.8216     7.9666    32.3148    32.3134    25.8488    25.8480    7.85705 0.0000e+00
      36093     38.133     1.5980     1.5941   2.831954   2.831503     2.1817     2.5987      8.146     3.8561     0.8586 1.0715e-01     0.1628    96.0125     7.8223     7.9667    32.3149    32.3132    25.8489    25.8478    7.85715 0.0000e+00
      36096     38.081     1.5985     1.5942   2.831996   2.831489     2.1809     2.5983      8.146     3.8764     0.8191 1.0715e-01     0.1628    96.0125     7.8183     7.9649    32.3150    32.3130    25.8489    25.8476    7.85705 0.0000e+00
      36099     38.029     1.5984     1.5934   2.831997   2.831472     2.1817     2.5983      8.146     3.8866     0.8586 1.0715e-01     0.1628    96.0125     7.8198     7.9663    32.3151    32.3136    25.8489    25.8482    7.85705 0.0000e+00
      36102     37.979     1.5980     1.5930   2.831959   2.831471     2.1821     2.5983      8.146     3.8764     0.8586 1.0715e-01     0.1628    96.0125     7.8185     7.9688    32.3151    32.3140    25.8490    25.8485    7.85714 0.0000e+00
      36105     37.930     1.5975     1.5933   2.831968   2.831484     2.1817     2.5995      8.146     3.8764    13.2550 1.0715e-01     0.1628    96.0125     7.8132     7.9743    32.3157    32.3139    25.8495    25.8484    7.85720 0.0000e+00
      36108     37.882     1.5977     1.5941   2.831954   2.831489     2.1821     2.5995      8.146     3.8764    15.3869 1.0715e-01     0.1628    96.0125     7.8151     7.9741    32.3154    32.3132    25.8493    25.8478    7.85718 0.0000e+00
      36111     37.837     1.5971     1.5940   2.831944   2.831473     2.1821     2.5983      8.146     3.8662    15.3079 1.0715e-01     0.1639    95.9865     7.8161     7.9666    32.3159    32.3131    25.8497    25.8477    7.85728 0.0000e+00
      36114     37.791     1.5966     1.5929   2.831930   2.831459     2.1817     2.5983      8.146     3.8764    15.3079 1.0715e-01     0.1642    95.9778     7.8148     7.9648    32.3162    32.3141    25.8500    25.8486    7.85735 0.0000e+00
      36117     37.749     1.5969     1.5926   2.831956   2.831446     2.1817     2.5983      8.146     3.9375    15.3079 1.0715e-01     0.1642    95.9778     7.8114     7.9651    32.3163    32.3142    25.8501    25.8487    7.85729 0.0000e+00
      36120     37.711     1.5980     1.5933   2.831961   2.831470     2.1813     2.5983      8.146     4.2732    15.3079 1.0715e-01     0.1639    95.9865     7.8079     7.9644    32.3152    32.3138    25.8492    25.8483    7.85713 0.0000e+00
      36123     37.669     1.5978     1.5931   2.831938   2.831477     2.1813     2.5995      8.146     4.2630    15.3079 1.0715e-01     0.1642    95.9778     7.8079     7.9660    32.3151    32.3142    25.8491    25.8486    7.85716 0.0000e+00
      36126     37.630     1.5976     1.5930   2.831939   2.831462     2.1809     2.5995      8.146     4.2834    15.3079 1.0715e-01     0.1642    95.9778     7.8069     7.9620    32.3153    32.3142    25.8493    25.8486    7.85719 0.0000e+00
      36129     37.590     1.5984     1.5930   2.831939   2.831473     2.1809     2.5991      8.146     4.2732    84.4357 1.0715e-01     0.1642    95.9778     7.8087     7.9593    32.3146    32.3143    25.8486    25.8487    7.85707 0.0000e+00
      36132     37.553     1.5981     1.5933   2.831931   2.831442     2.1821     2.5987      8.146     4.2732   471.6461 1.0715e-01     0.1639    95.9865     7.8153     7.9589    32.3148    32.3136    25.8488    25.8482    7.85713 0.0000e+00
      36135     37.518     1.5997     1.5932   2.831980   2.831456     2.1813     2.5983      8.146     4.2732   481.3974 1.0715e-01     0.1639    95.9865     7.8122     7.9566    32.3138    32.3139    25.8479    25.8484    7.85685 0.0000e+00
      36138     37.485     1.6012     1.5930   2.831992   2.831453     2.1809     2.5983      8.146     4.2732   481.1605 1.0715e-01     0.1639    95.9865     7.8133     7.9558    32.3124    32.3141    25.8467    25.8486    7.85662 0.0000e+00
      36141     37.453     1.6012     1.5935   2.832005   2.831445     2.1809     2.5995      8.146     4.2732   481.2395 1.0715e-01     0.1646    95.9691     7.8153     7.9600    32.3126    32.3135    25.8468    25.8481    7.85661 0.0000e+00
      36144     37.420     1.6009     1.5938   2.831998   2.831461     2.1813     2.5983      8.147     4.2732   481.2395 1.0715e-01     0.1642    95.9778     7.8193     7.9547    32.3128    32.3134    25.8470    25.8480    7.85666 0.0000e+00
      36147     37.394     1.6015     1.5939   2.832010   2.831453     2.1817     2.5979      8.147     4.2529   481.2395 1.0715e-01     0.1642    95.9778     7.8230     7.9532    32.3125    32.3132    25.8467    25.8478    7.85657 0.0000e+00
      36150     37.365     1.6024     1.5938   2.832020   2.831459     2.1813     2.5975      8.149     4.2325   481.2790 1.0715e-01     0.1635    95.9952     7.8206     7.9543    32.3116    32.3134    25.8459    25.8479    7.85642 0.0000e+00
      36153     37.336     1.6026     1.5938   2.832025   2.831469     2.1817     2.5983      8.146     4.2529   481.2395 1.0715e-01     0.1628    96.0125     7.8220     7.9612    32.3116    32.3135    25.8459    25.8481    7.85639 0.0000e+00
      36156     37.307     1.6027     1.5941   2.832029   2.831475     2.1813     2.5979      8.146     4.2529   291.6611 1.0715e-01     0.1628    96.0125     7.8211     7.9614    32.3115    32.3134    25.8458    25.8479    7.85637 0.0000e+00
      36159     37.278     1.6033     1.5948   2.832051   2.831439     2.1813     2.5979      8.147     4.2427    -1.2338 1.0715e-01     0.1628    96.0125     7.8238     7.9630    32.3111    32.3122    25.8455    25.8470    7.85626 0.0000e+00
      36162     37.251     1.6039     1.5948   2.832040   2.831474     2.1817     2.5983      8.146     4.2529     6.6225 1.0715e-01     0.1628    96.0125     7.8242     7.9644    32.3104    32.3127    25.8449    25.8473    7.85619 0.0000e+00
      36165     37.221     1.6039     1.5950   2.832060   2.831477     2.1817     2.5987      8.146     4.2529     6.4251 1.0715e-01     0.1628    96.0125     7.8245     7.9665    32.3107    32.3125    25.8451    25.8472    7.85617 0.0000e+00
      36168     37.191     1.6039     1.5951   2.832062   2.831477     2.1817     2.5983      8.147     4.2529     6.4251 1.0715e-01     0.1628    96.0125     7.8255     7.9672    32.3108    32.3124    25.8451    25.8470    7.85617 0.0000e+00
      36171     37.157     1.6043     1.5965   2.832065   2.831533     2.1821     2.5983      8.146     4.2936     6.4251 1.0715e-01     0.1635    95.9952     7.8278     7.9671    32.3104    32.3117    25.8448    25.8464    7.85611 0.0000e+00
      36174     37.122     1.6044     1.5971   2.832044   2.831504     2.1817     2.5987      8.149     4.3343     6.4251 1.0715e-01     0.1639    95.9865     7.8236     7.9675    32.3101    32.3107    25.8446    25.8455    7.85611 0.0000e+00
      36177     37.084     1.6041     1.5977   2.832065   2.831548     2.1821     2.5987      8.146     4.3445     6.4251 1.0715e-01     0.1639    95.9865     7.8242     7.9658    32.3106    32.3106    25.8450    25.8455    7.85613 0.0000e+00
      36180     37.043     1.6043     1.5985   2.832064   2.831556     2.1821     2.5983      8.146     4.3241     6.4251 1.0715e-01     0.1639    95.9865     7.8250     7.9634    32.3104    32.3100    25.8448    25.8449    7.85609 0.0000e+00
      36183     36.999     1.6045     1.5991   2.832066   2.831567     2.1821     2.5991      8.146     4.3343   321.2704 1.0715e-01     0.1639    95.9865     7.8216     7.9639    32.3102    32.3095    25.8447    25.8445    7.85607 0.0000e+00
      36186     36.953     1.6047     1.5992   2.832047   2.831569     2.1817     2.5983      8.146     4.3445   481.9106 1.0715e-01     0.1639    95.9865     7.8185     7.9616    32.3098    32.3094    25.8444    25.8444    7.85605 0.0000e+00
      36189     36.902     1.6047     1.5998   2.832082   2.831584     2.1829     2.5983      8.146     4.3343   480.9237 1.0715e-01     0.1639    95.9865     7.8219     7.9631    32.3103    32.3090    25.8448    25.8440    7.85603 0.0000e+00
      36192     36.847     1.6050     1.6003   2.832084   2.831595     2.1829     2.5987      8.146     4.3343   481.2395 1.0715e-01     0.1632    96.0038     7.8200     7.9644    32.3100    32.3087    25.8445    25.8438    7.85597 0.0000e+00
      36195     36.784     1.6056     1.6006   2.832074   2.831599     2.1821     2.5983      8.147     4.3241   481.2395 1.0715e-01     0.1628    96.0125     7.8191     7.9620    32.3093    32.3085    25.8439    25.8435    7.85589 0.0000e+00
      36198     36.717     1.6052     1.6011   2.832067   2.831600     2.1813     2.5987      8.147     4.0595   481.3184 1.0715e-01     0.1628    96.0125     7.8156     7.9648    32.3097    32.3081    25.8442    25.8432    7.85595 0.0000e+00
      36201     36.646     1.6054     1.6016   2.832060   2.831607     2.1821     2.5983      8.146     4.0290   481.2395 1.0715e-01     0.1628    96.0125     7.8183     7.9668    32.3095    32.3077    25.8440    25.8428    7.85593 0.0000e+00
      36204     36.570     1.6063     1.6015   2.832102   2.831614     2.1825     2.5983      8.146     4.0392   481.2395 1.0715e-01     0.1628    96.0125     7.8185     7.9678    32.3091    32.3079    25.8437    25.8430    7.85576 0.0000e+00
      36207     36.487     1.6066     1.6017   2.832103   2.831620     2.1817     2.5983      8.146     4.0290   468.2114 1.0715e-01     0.1632    96.0038     7.8139     7.9678    32.3089    32.3078    25.8435    25.8430    7.85572 0.0000e+00
      36210     36.398     1.6071     1.6024   2.832105   2.831616     2.1821     2.5995      8.146     4.0290    50.4048 1.0715e-01     0.1632    96.0038     7.8124     7.9728    32.3084    32.3071    25.8431    25.8423    7.85564 0.0000e+00
      36213     36.306     1.6074     1.6034   2.832100   2.831634     2.1817     2.5991      8.146     4.0290    11.0836 1.0715e-01     0.1639    95.9865     7.8098     7.9728    32.3081    32.3064    25.8428    25.8417    7.85560 0.0000e+00
      36216     36.209     1.6075     1.6041   2.832098   2.831660     2.1821     2.5987      8.146     4.0290    12.9391 1.0715e-01     0.1639    95.9865     7.8136     7.9705    32.3080    32.3060    25.8427    25.8413    7.85557 0.0000e+00
      36219     36.106     1.6081     1.6048   2.832110   2.831659     2.1833     2.5983      8.146     4.0392    12.8602 1.0727e-01     0.1639    95.9865     7.8201     7.9684    32.3076    32.3053    25.8423    25.8407    7.85547 0.0000e+00
      36222     36.002     1.6085     1.6051   2.832135   2.831645     2.1821     2.6003      8.146     3.9883    12.8602 1.0715e-01     0.1639    95.9865     7.8153     7.9755    32.3076    32.3049    25.8423    25.8404    7.85540 0.0000e+00
      36225     35.891     1.6092     1.6052   2.832134   2.831645     2.1825     2.5995      8.146     3.8154    12.8602 1.0715e-01     0.1639    95.9865     7.8166     7.9715    32.3069    32.3048    25.8417    25.8403    7.85529 0.0000e+00
      36228     35.777     1.6097     1.6052   2.832137   2.831668     2.1817     2.5995      8.146     3.8052    12.8207 1.0715e-01     0.1635    95.9952     7.8135     7.9698    32.3064    32.3052    25.8413    25.8406    7.85521 0.0000e+00
      36231     35.666     1.6101     1.6055   2.832139   2.831652     2.1817     2.5987      8.146     3.8256    12.8602 1.0715e-01     0.1639    95.9865     7.8138     7.9630    32.3061    32.3047    25.8411    25.8402    7.85514 0.0000e+00
      36234     35.551     1.6102     1.6055   2.832135   2.831641     2.1817     2.5995      8.145     3.8154     9.6229 1.0715e-01     0.1649    95.9604     7.8143     7.9645    32.3060    32.3047    25.8410    25.8402    7.85513 0.0000e+00
      36237     35.434     1.6109     1.6055   2.832142   2.831590     2.1817     2.6003      8.145     3.8256    -2.0629 1.0715e-01     0.1649    95.9604     7.8150     7.9683    32.3055    32.3041    25.8405    25.8397    7.85502 0.0000e+00
      36240     35.315     1.6116     1.6058   2.832141   2.831641     2.1821     2.5991      8.147     3.8256    -1.7866 1.0715e-01     0.1642    95.9778     7.8151     7.9614    32.3049    32.3045    25.8399    25.8400    7.85492 0.0000e+00
      36243     35.198     1.6118     1.6061   2.832140   2.831663     2.1817     2.5995      8.145     3.8052    -1.7866 1.0715e-01     0.1639    95.9865     7.8159     7.9603    32.3046    32.3045    25.8397    25.8400    7.85488 0.0000e+00
