Datasets/AZMP/HUD120/hud120_2020_027.cnv
* Sea-Bird SBE 9 Data File:
* FileName = C:\CTDDATA\hud120_2020_027.hex
* Software Version Seasave V 7.26.7.110
* Temperature SN = 1697
* Conductivity SN = 4216
* Number of Bytes Per Scan = 30
* Number of Voltage Words = 4
* Number of Scans Averaged by the Deck Unit = 1
* NMEA baud rate = 4800
** VESSEL/TRIP/SEQ STN:  hud120_2020_027
** LATITUDE XX XX.XX: 43 12.00 N
** LONGITUDE XX XX.XX: 050 10.00 W
** SOUNDING DEPTH (M): 0067
** PROBE TYPE: S1146
** CTD NUMBER: 017
** FORMAT: V
** COMMENTS (14 CHAR): SEGB-13
** BOTTLES:  7
** LEVELS: 5,10,20,30,40,50,BTM
** STICKERS: 439623 - 439629
** VNET: Y
** DO2: Y
# nquan = 22
# nvalues = 1304                        
# units = specified
# name 0 = scan: Scan Count
# name 1 = prDM: Pressure, Digiquartz [db]
# name 2 = t090C: Temperature [ITS-90, deg C]
# name 3 = t190C: Temperature, 2 [ITS-90, deg C]
# name 4 = c0S/m: Conductivity [S/m]
# name 5 = c1S/m: Conductivity, 2 [S/m]
# name 6 = sbeox0V: Oxygen raw, SBE 43 [V]
# name 7 = sbeox1V: Oxygen raw, SBE 43, 2 [V]
# name 8 = ph: pH
# name 9 = flECO-AFL: Fluorescence, WET Labs ECO-AFL/FL [mg/m^3]
# name 10 = wetCDOM: Fluorescence, WET Labs CDOM [mg/m^3]
# name 11 = par/sat/log: PAR/Logarithmic, Satlantic [umol photons/m^2/sec]
# name 12 = CStarAt0: Beam Attenuation, WET Labs C-Star [1/m]
# name 13 = CStarTr0: Beam Transmission, WET Labs C-Star [%]
# name 14 = sbeox0ML/L: Oxygen, SBE 43 [ml/l], WS = 2
# name 15 = sbeox1ML/L: Oxygen, SBE 43, 2 [ml/l], WS = 2
# name 16 = sal00: Salinity, Practical [PSU]
# name 17 = sal11: Salinity, Practical, 2 [PSU]
# name 18 = sigma-t00: Density [sigma-t, kg/m^3 ]
# name 19 = sigma-t11: Density, 2 [sigma-t, kg/m^3 ]
# name 20 = oxsatML/L: Oxygen Saturation, Weiss [ml/l]
# name 21 = flag: flag
# span 0 =          2,      20137       
# span 1 =      2.038,     63.626       
# span 2 =     3.8926,     7.9546       
# span 3 =     3.8879,     7.9502       
# span 4 =   3.044097,   3.335168       
# span 5 =   3.043584,   3.334697       
# span 6 =     2.0366,     2.2549       
# span 7 =     2.4172,     2.6876       
# span 8 =      7.985,      8.111       
# span 9 =     1.5260,     7.9973       
# span 10 =    -2.8130,   482.1870      
# span 11 = 1.0604e-01, 8.5531e-01      
# span 12 =     0.1458,     0.5916      
# span 13 =    86.2511,    96.4211      
# span 14 =     6.5101,     6.8847      
# span 15 =     6.6369,     7.0292      
# span 16 =    31.9371,    32.5877      
# span 17 =    31.9364,    32.5862      
# span 18 =    24.8852,    25.8780      
# span 19 =    24.8852,    25.8772      
# span 20 =    6.74460,    7.40064      
# span 21 = 0.0000e+00, 0.0000e+00      
# interval = scans: 3                   
# start_time = Nov 19 2020 00:06:31 [System UTC, header]
# bad_flag = -9.990e-29
*END*
[from data line 791]
       7943     42.224     4.5521     4.5916   3.092116   3.094215     2.0664     2.4531      7.990     1.5972    -0.2074 1.0715e-01     0.2696    93.4831     6.7739     6.8904    32.4891    32.4747    25.7332    25.7176    7.28622 0.0000e+00
       7946     42.102     4.5929     4.6309   3.094275   3.096745     2.0660     2.4543      7.990     1.6074   334.2985 1.0715e-01     0.2696    93.4831     6.7638     6.8858    32.4742    32.4656    25.7170    25.7062    7.27967 0.0000e+00
       7949     41.983     4.6190     4.6592   3.095882   3.098630     2.0672     2.4547      7.990     1.5972   482.0291 1.0715e-01     0.2696    93.4831     6.7599     6.8811    32.4672    32.4597    25.7087    25.6986    7.27536 0.0000e+00
       7952     41.863     4.6110     4.6627   3.094671   3.097033     2.0680     2.4555      7.990     1.5972   480.9631 1.0715e-01     0.2673    93.5352     6.7606     6.8827    32.4611    32.4378    25.7048    25.6808    7.27708 0.0000e+00
       7955     41.751     4.6181     4.6165   3.096153   3.094304     2.0688     2.4567      7.990     1.6074   481.3579 1.0715e-01     0.2640    93.6135     6.7593     6.8902    32.4714    32.4515    25.7121    25.6965    7.27532 0.0000e+00
       7958     41.648     4.6615     4.5653   3.099975   3.089977     2.0705     2.4567      7.990     1.6074   481.3579 1.0715e-01     0.2640    93.6135     6.7531     6.8964    32.4732    32.4516    25.7090    25.7020    7.26754 0.0000e+00
       7961     41.556     4.7298     4.5521   3.103985   3.091547     2.0701     2.4584      7.992     1.7091   481.3579 1.0715e-01     0.2640    93.6135     6.7345     6.8975    32.4528    32.4828    25.6856    25.7281    7.25643 0.0000e+00
       7964     41.472     4.7508     4.5793   3.104813   3.093308     2.0705     2.4592      7.994     1.7295   481.3579 1.0715e-01     0.2640    93.6135     6.7227     6.8873    32.4419    32.4766    25.6746    25.7203    7.25324 0.0000e+00
       7967     41.397     4.7611     4.6166   3.105031   3.096024     2.0713     2.4592      7.991     1.7193   481.3579 1.0715e-01     0.2640    93.6135     6.7164     6.8730    32.4343    32.4716    25.6675    25.7125    7.25178 0.0000e+00
       7970     41.330     4.7488     4.6642   3.103926   3.100106     2.0705     2.4600      7.994     1.7397   460.9078 1.0715e-01     0.2647    93.5961     6.7109     6.8574    32.4336    32.4722    25.6683    25.7079    7.25399 0.0000e+00
       7973     41.269     4.7506     4.7073   3.105801   3.103463     2.0709     2.4604      7.994     1.6989    41.9562 1.0715e-01     0.2458    94.0394     6.7060     6.8409    32.4536    32.4689    25.6840    25.7007    7.25272 0.0000e+00
       7976     41.219     4.7901     4.7612   3.108474   3.106166     2.0709     2.4600      7.994     1.7193    11.4784 1.0715e-01     0.2399    94.1785     6.6971     6.8229    32.4458    32.4475    25.6736    25.6780    7.24611 0.0000e+00
       7979     41.178     4.8235     4.7828   3.110058   3.104643     2.0713     2.4596      7.994     1.7091    12.9786 1.0715e-01     0.2403    94.1698     6.6926     6.8100    32.4315    32.4087    25.6586    25.6449    7.24091 0.0000e+00
       7982     41.144     4.8324     4.6880   3.110193   3.097266     2.0709     2.4596      7.994     1.7091    12.8996 1.0715e-01     0.2403    94.1698     6.6920     6.8184    32.4244    32.4161    25.6520    25.6609    7.23968 0.0000e+00
       7985     41.115     4.8291     4.5965   3.110048   3.093759     2.0709     2.4592      7.994     1.7600    12.8996 1.0715e-01     0.2399    94.1785     6.7000     6.8247    32.4260    32.4652    25.6536    25.7095    7.24019 0.0000e+00
       8001     41.047     4.8197     4.6619   3.109615   3.098764     2.0738     2.4616      7.996     1.9330     8.1227 1.0715e-01     0.2300    94.4132     6.7462     6.8715    32.4302    32.4591    25.6580    25.6977    7.24165 0.0000e+00
       8030     40.937     4.7457     4.6719   3.103854   3.098266     2.0835     2.4698      7.999     1.8618     2.3588 1.0715e-01     0.2113    94.8565     6.8480     7.0003    32.4360    32.4435    25.6705    25.6843    7.25441 0.0000e+00
       8033     40.907     4.6972     4.6354   3.100113   3.092916     2.0851     2.4710      7.999     1.8618     2.2798 1.0715e-01     0.2157    94.7522     6.8522     7.0093    32.4403    32.4173    25.6791    25.6674    7.26280 0.0000e+00
       8036     40.874     4.6399     4.5260   3.096352   3.086271     2.0868     2.4722      8.000     1.8618     2.2798 1.0715e-01     0.2186    94.6826     6.8560     7.0259    32.4527    32.4475    25.6951    25.7029    7.27235 0.0000e+00
       8039     40.839     4.7039     4.4916   3.099821   3.084982     2.0872     2.4726      7.999     1.8414     2.2798 1.0715e-01     0.2186    94.6826     6.8315     7.0260    32.4303    32.4662    25.6704    25.7213    7.26209 0.0000e+00
       8042     40.798     4.8218     4.4516   3.102650   3.083280     2.0888     2.4742      7.999     1.8516     2.2798 1.0715e-01     0.2186    94.6826     6.8040     7.0292    32.3479    32.4858    25.5925    25.7410    7.24521 0.0000e+00
       8045     40.755     4.7316     4.4440   3.101421   3.082959     2.0888     2.4755      8.004     1.8414     2.2798 1.0715e-01     0.2186    94.6826     6.8045     7.0217    32.4218    32.4896    25.6608    25.7448    7.25760 0.0000e+00
       8048     40.712     4.6796     4.4288   3.101544   3.082651     2.0892     2.4763      8.004     1.8210     2.2798 1.0715e-01     0.2186    94.6826     6.8003     7.0136    32.4741    32.5010    25.7078    25.7554    7.26429 0.0000e+00
       8051     40.661     4.6907     4.4309   3.103908   3.083737     2.0900     2.4767      8.004     1.8414     5.0828 1.0715e-01     0.2186    94.6826     6.7912     7.0047    32.4907    32.5117    25.7198    25.7637    7.26153 0.0000e+00
       8054     40.607     4.7701     4.4597   3.108314   3.084914     2.0892     2.4775      8.004     1.8414     5.7540 1.0715e-01     0.1908    95.3432     6.7660     6.9928    32.4639    32.4970    25.6900    25.7490    7.24878 0.0000e+00
       8057     40.549     4.9578     4.4775   3.122963   3.085711     2.0880     2.4783      8.005     1.8312     5.7145 1.0715e-01     0.1842    95.4997     6.7259     6.9848    32.4494    32.4888    25.6582    25.7407    7.21649 0.0000e+00
       8060     40.489     5.1065     4.4988   3.130817   3.088480     2.0872     2.4787      8.006     1.8516     5.7145 1.0715e-01     0.1846    95.4910     6.7006     6.9756    32.3950    32.5001    25.5987    25.7474    7.19312 0.0000e+00
       8063     40.429     5.1386     4.5646   3.131225   3.093138     2.0864     2.4812      8.006     1.8516     5.7145 1.0715e-01     0.1846    95.4910     6.6962     6.9662    32.3685    32.4896    25.5740    25.7322    7.18878 0.0000e+00
       8066     40.364     5.1362     4.6534   3.132156   3.100344     2.0864     2.4808      8.007     1.9431     5.7145 1.0715e-01     0.1846    95.4910     6.7013     6.9404    32.3815    32.4861    25.5847    25.7201    7.18859 0.0000e+00
       8069     40.301     5.1430     4.8822   3.132348   3.119976     2.0868     2.4791      8.007     1.9533     5.7145 1.0715e-01     0.1846    95.4910     6.7120     6.8851    32.3771    32.4890    25.5805    25.6978    7.18762 0.0000e+00
       8072     40.241     5.1398     5.1099   3.134236   3.132402     2.0876     2.4808      8.007     1.9635     5.7145 1.0715e-01     0.1846    95.4910     6.7264     6.8490    32.4019    32.4099    25.6004    25.6101    7.18701 0.0000e+00
       8075     40.190     5.2599     5.2002   3.143854   3.138574     2.0880     2.4808      8.012     1.9533     5.4776 1.0715e-01     0.1784    95.6388     6.7186     6.8291    32.3953    32.3929    25.5817    25.5866    7.16650 0.0000e+00
       8078     40.156     5.3893     5.2888   3.151114   3.143143     2.0892     2.4799      8.011     1.9635     3.3852 1.0715e-01     0.1791    95.6214     6.7147     6.8095    32.3529    32.3593    25.5334    25.5499    7.14618 0.0000e+00
       8088     40.091     5.5943     5.2079   3.160095   3.136437     2.0920     2.4812      8.013     1.9533     3.3457 1.0715e-01     0.1791    95.6214     6.7148     6.8406    32.2575    32.3610    25.4343    25.5604    7.11554 0.0000e+00
       8170     40.069     5.5014     5.3862   3.155922   3.149295     2.1047     2.4974      8.019     2.0246     3.4247 1.0715e-01     0.1704    95.8300     6.7467     6.8836    32.2995    32.3352    25.4783    25.5197    7.12945 0.0000e+00
       8213     40.048     5.4940     5.4816   3.158492   3.154519     2.1116     2.5056      8.020     2.0551     3.4642 1.0715e-01     0.1653    95.9517     6.7561     6.8992    32.3358    32.3026    25.5078    25.4831    7.12902 0.0000e+00
       8311     40.014     5.6771     5.6117   3.170658   3.166834     2.1222     2.5251      8.020     2.1263   382.4234 1.0715e-01     0.1671    95.9082     6.7266     6.8841    32.2974    32.3169    25.4562    25.4793    7.09958 0.0000e+00
       8314     39.967     5.6904     5.6761   3.171355   3.171793     2.1214     2.5239      8.020     2.1060     2.5167 1.0715e-01     0.1671    95.9082     6.7140     6.8603    32.2926    32.3112    25.4508    25.4671    7.09754 0.0000e+00
       8317     39.923     5.6950     5.7074   3.172074   3.172084     2.1210     2.5239      8.020     2.1060     6.9383 1.0715e-01     0.1591    96.0994     6.7051     6.8483    32.2962    32.2845    25.4531    25.4424    7.09658 0.0000e+00
       8320     39.881     5.7047     5.6711   3.172923   3.169515     2.1214     2.5235      8.020     2.1060     7.1752 1.0715e-01     0.1584    96.1168     6.7020     6.8440    32.2966    32.2903    25.4522    25.4513    7.09493 0.0000e+00
       8323     39.839     5.7274     5.7298   3.174627   3.177053     2.1210     2.5227      8.019     2.0958     7.1357 1.0715e-01     0.1584    96.1168     6.6994     6.8253    32.2940    32.3190    25.4475    25.4670    7.09119 0.0000e+00
       8326     39.800     5.7019     5.8389   3.171463   3.183204     2.1210     2.5227      8.020     2.1467     7.1357 1.0715e-01     0.1584    96.1168     6.7094     6.8043    32.2828    32.2838    25.4417    25.4263    7.09604 0.0000e+00
       8329     39.767     5.7088     5.8613   3.172769   3.184039     2.1206     2.5227      8.020     2.2179     7.1357 1.0727e-01     0.1584    96.1168     6.7118     6.7975    32.2909    32.2717    25.4473    25.4140    7.09450 0.0000e+00
       8461     39.736     6.0542     6.0879   3.197380   3.203297     2.1262     2.5308      8.021     2.1466     5.0433 1.0715e-01     0.1573    96.1429     6.6545     6.7713    32.2370    32.2711    25.3624    25.3856    7.03934 0.0000e+00
       8722     39.680     6.6339     6.5955   3.242009   3.238518     2.1364     2.5471      8.024     2.0551     0.8586 1.0715e-01     0.1505    96.3081     6.5473     6.7090    32.1837    32.1814    25.2487    25.2518    6.94538 0.0000e+00
       8725     39.626     6.6511     6.5059   3.242738   3.228850     2.1364     2.5447      8.026     2.0449     0.8586 1.0715e-01     0.1508    96.2994     6.5498     6.7073    32.1755    32.1592    25.2400    25.2457    6.94293 0.0000e+00
       8728     39.583     6.6687     6.5129   3.245317   3.231533     2.1340     2.5426      8.025     2.0551     0.8586 1.0727e-01     0.1508    96.2994     6.5423     6.6922    32.1873    32.1823    25.2470    25.2630    6.93952 0.0000e+00
       8883     39.548     6.7101     6.4926   3.247523   3.230794     2.1421     2.5495      8.027     2.0245     1.5297 1.0715e-01     0.1552    96.1951     6.5790     6.7473    32.1727    32.1932    25.2302    25.2742    6.93344 0.0000e+00
       9191     39.433     6.7185     6.5951   3.248393   3.240457     2.1564     2.5642      8.030     2.0449     2.7535 1.0715e-01     0.1649    95.9604     6.6318     6.8320    32.1744    32.2032    25.2304    25.2690    6.93199 0.0000e+00
       9194     39.291     6.7672     6.6960   3.252357   3.246532     2.1548     2.5642      8.033     2.0652     2.7535 1.0715e-01     0.1649    95.9604     6.6046     6.7968    32.1723    32.1752    25.2225    25.2339    6.92417 0.0000e+00
       9197     39.160     6.8541     6.7264   3.258641   3.247181     2.1527     2.5634      8.034     2.0551     2.7535 1.0715e-01     0.1639    95.9865     6.5723     6.7708    32.1598    32.1538    25.2013    25.2132    6.91065 0.0000e+00
       9200     39.041     6.9211     6.7147   3.263860   3.246102     2.1515     2.5630      8.034     2.0449     2.7535 1.0715e-01     0.1639    95.9865     6.5501     6.7512    32.1541    32.1530    25.1880    25.2141    6.90007 0.0000e+00
       9203     38.935     7.0104     6.6999   3.269628   3.245444     2.1503     2.5622      8.034     2.0551     3.1878 1.0715e-01     0.1642    95.9778     6.5238     6.7332    32.1336    32.1598    25.1601    25.2213    6.88659 0.0000e+00
       9206     38.840     7.0048     6.7123   3.266815   3.247265     2.1495     2.5597      8.034     2.0551     3.2273 1.0727e-01     0.1537    96.2298     6.5188     6.7060    32.1082    32.1682    25.1408    25.2263    6.88863 0.0000e+00
       9209     38.763     6.9492     6.7742   3.263069   3.250784     2.1470     2.5569      8.034     2.0754     3.2273 1.0715e-01     0.1530    96.2472     6.5133     6.6715    32.1194    32.1488    25.1570    25.2030    6.89709 0.0000e+00
       9212     38.707     6.9433     6.7660   3.262633   3.247602     2.1462     2.5545      8.037     2.0551     3.2273 1.0715e-01     0.1530    96.2472     6.5101     6.6540    32.1201    32.1215    25.1583    25.1826    6.89801 0.0000e+00
       9488     38.671     7.0169     6.8344   3.269043   3.255600     2.1584     2.5707      8.042     2.1874     2.6351 1.0715e-01     0.1519    96.2733     6.6081     6.7550    32.1213    32.1450    25.1494    25.1920    6.88616 0.0000e+00
      10038     38.557     7.2523     7.2133   3.287073   3.285847     2.1841     2.6078      8.049     2.3909     1.3718 1.0715e-01     0.1498    96.3255     6.7862     6.9469    32.0981    32.1211    25.0997    25.1231    6.84946 0.0000e+00
      10041     38.397     7.3268     7.3176   3.293073   3.292233     2.1845     2.6082      8.051     2.3807     0.7401 1.0715e-01     0.1498    96.3255     6.7710     6.9268    32.0939    32.0934    25.0863    25.0872    6.83779 0.0000e+00
      10044     38.235     7.3913     7.3935   3.296801   3.296688     2.1849     2.6082      8.051     2.3909     0.7401 1.0715e-01     0.1501    96.3168     6.7571     6.9103    32.0745    32.0712    25.0623    25.0594    6.82843 0.0000e+00
      10047     38.075     7.4285     7.4287   3.298872   3.298270     2.1845     2.6094      8.051     2.3807     0.7401 1.0715e-01     0.1498    96.3255     6.7464     6.9054    32.0624    32.0557    25.0477    25.0424    6.82307 0.0000e+00
      10050     37.914     7.4399     7.4390   3.299320   3.298780     2.1857     2.6086      8.051     2.3807     0.7401 1.0715e-01     0.1498    96.3255     6.7464     6.8983    32.0568    32.0518    25.0417    25.0379    6.82151 0.0000e+00
      10053     37.759     7.4469     7.4452   3.299717   3.299319     2.1861     2.6098      8.051     2.5842     0.7401 1.0715e-01     0.1487    96.3515     6.7442     6.8979    32.0547    32.0520    25.0391    25.0372    6.82050 0.0000e+00
      10056     37.609     7.4583     7.4571   3.300788   3.300600     2.1861     2.6102      8.051     2.7267     0.7401 1.0715e-01     0.1461    96.4124     6.7395     6.8950    32.0557    32.0549    25.0384    25.0379    6.81865 0.0000e+00
