Datasets/AZMP/HUD120/hud120_2020_094.cnv
* Sea-Bird SBE 9 Data File:
* FileName = C:\CTDDATA\hud120_2020_094.hex
* Software Version Seasave V 7.26.7.110
* Temperature SN = 1697
* Conductivity SN = 4216
* Number of Bytes Per Scan = 30
* Number of Voltage Words = 4
* Number of Scans Averaged by the Deck Unit = 1
* NMEA baud rate = 4800
** VESSEL/TRIP/SEQ STN:  hud120-2020_094
** LATITUDE XX XX.XX: 49 22.00 N
** LONGITUDE XX XX.XX: 051 01.00 W
** SOUNDING DEPTH (M): 0343
** PROBE TYPE: S1146
** CTD NUMBER: 071
** FORMAT: V
** COMMENTS (14 CHAR): BB-09
** BOTTLES:  11
** LEVELS: 5,10,20,30,40,50,75,100,150,250,BTM
** STICKERS: 440008 - 440018
** VNET: Y
** DO2: N
# nquan = 22
# nvalues = 6591                        
# units = specified
# name 0 = scan: Scan Count
# name 1 = prDM: Pressure, Digiquartz [db]
# name 2 = t090C: Temperature [ITS-90, deg C]
# name 3 = t190C: Temperature, 2 [ITS-90, deg C]
# name 4 = c0S/m: Conductivity [S/m]
# name 5 = c1S/m: Conductivity, 2 [S/m]
# name 6 = sbeox0V: Oxygen raw, SBE 43 [V]
# name 7 = sbeox1V: Oxygen raw, SBE 43, 2 [V]
# name 8 = ph: pH
# name 9 = flECO-AFL: Fluorescence, WET Labs ECO-AFL/FL [mg/m^3]
# name 10 = wetCDOM: Fluorescence, WET Labs CDOM [mg/m^3]
# name 11 = par/sat/log: PAR/Logarithmic, Satlantic [umol photons/m^2/sec]
# name 12 = CStarAt0: Beam Attenuation, WET Labs C-Star [1/m]
# name 13 = CStarTr0: Beam Transmission, WET Labs C-Star [%]
# name 14 = sbeox0ML/L: Oxygen, SBE 43 [ml/l], WS = 2
# name 15 = sbeox1ML/L: Oxygen, SBE 43, 2 [ml/l], WS = 2
# name 16 = sal00: Salinity, Practical [PSU]
# name 17 = sal11: Salinity, Practical, 2 [PSU]
# name 18 = sigma-t00: Density [sigma-t, kg/m^3 ]
# name 19 = sigma-t11: Density, 2 [sigma-t, kg/m^3 ]
# name 20 = oxsatML/L: Oxygen Saturation, Weiss [ml/l]
# name 21 = flag: flag
# span 0 =        222,      53839       
# span 1 =      0.191,    335.245       
# span 2 =     0.7390,     3.2817       
# span 3 =     0.7285,     3.2770       
# span 4 =   2.360299,   3.173744       
# span 5 =   1.710947,   3.173213       
# span 6 =     1.8282,     2.2140       
# span 7 =     2.1452,     2.6237       
# span 8 =      8.033,      8.149       
# span 9 =     0.8850,     4.1409       
# span 10 =    -2.8130,   482.1870      
# span 11 = 1.0690e-01, 9.4709e+01      
# span 12 =     0.0810,     1.6923      
# span 13 =    65.5025,    97.9944      
# span 14 =     6.0273,     8.0153      
# span 15 =     6.0910,     7.9259      
# span 16 =    26.1834,    34.6043      
# span 17 =    18.4345,    34.6024      
# span 18 =    20.9186,    27.5431      
# span 19 =    14.7254,    27.5419      
# span 20 =    7.41352,    8.11678      
# span 21 = 0.0000e+00, 0.0000e+00      
# interval = scans: 3                   
# start_time = Nov 28 2020 14:19:24 [System UTC, header]
# bad_flag = -9.990e-29
*END*
        222      2.663     1.9257     1.9211   2.905389   2.904750     2.2035     2.5784      8.142     3.5712   481.1211 5.9365e+01     0.2043    95.0216     7.7774     7.7689    32.9167    32.9136    26.3082    26.3061    7.75951 0.0000e+00
        225      2.698     1.9255     1.9211   2.905250   2.904670     2.2027     2.5788      8.144     3.5712   481.1211 5.9365e+01     0.2043    95.0216     7.7776     7.7684    32.9152    32.9125    26.3070    26.3053    7.75963 0.0000e+00
        228      2.746     1.9255     1.9212   2.905242   2.904801     2.2039     2.5788      8.144     3.6525   481.1211 5.8616e+01     0.2043    95.0216     7.7834     7.7675    32.9151    32.9141    26.3070    26.3065    7.75964 0.0000e+00
        231      2.807     1.9253     1.9210   2.905298   2.904837     2.2039     2.5796      8.144     3.6627   129.5207 5.7675e+01     0.2043    95.0216     7.7834     7.7679    32.9159    32.9147    26.3077    26.3070    7.75963 0.0000e+00
        234      2.870     1.9253     1.9209   2.905307   2.904833     2.2039     2.5800      8.144     3.6729    12.0311 5.6292e+01     0.2065    94.9695     7.7859     7.7689    32.9160    32.9147    26.3077    26.3070    7.75962 0.0000e+00
        237      2.935     1.9254     1.9208   2.905351   2.904796     2.2035     2.5788      8.144     3.6729    16.9660 5.4752e+01     0.2076    94.9434     7.7841     7.7611    32.9164    32.9143    26.3080    26.3067    7.75958 0.0000e+00
        240      2.999     1.9255     1.9206   2.905340   2.904857     2.2035     2.5796      8.144     3.6627    16.7291 5.2764e+01     0.2076    94.9434     7.7834     7.7595    32.9161    32.9153    26.3078    26.3075    7.75958 0.0000e+00
        243      3.060     1.9257     1.9208   2.905351   2.904857     2.2039     2.5804      8.144     3.6729    16.7291 5.0906e+01     0.2076    94.9434     7.7842     7.7576    32.9160    32.9150    26.3077    26.3072    7.75954 0.0000e+00
        246      3.121     1.9257     1.9210   2.905430   2.904897     2.2039     2.5804      8.144     3.6729    16.7291 4.9856e+01     0.2076    94.9434     7.7823     7.7529    32.9171    32.9153    26.3085    26.3074    7.75950 0.0000e+00
        249      3.180     1.9256     1.9210   2.905417   2.904764     2.2039     2.5804      8.144     3.6729    16.7291 4.8942e+01     0.2076    94.9434     7.7815     7.7468    32.9169    32.9136    26.3084    26.3061    7.75952 0.0000e+00
        252      3.234     1.9256     1.9211   2.905340   2.904913     2.2035     2.5796      8.144     3.6424    16.7291 4.8491e+01     0.2076    94.9434     7.7786     7.7380    32.9159    32.9153    26.3076    26.3074    7.75957 0.0000e+00
        255      3.282     1.9260     1.9214   2.905408   2.904891     2.2047     2.5796      8.144     3.5406    15.7421 4.8547e+01     0.2127    94.8217     7.7874     7.7308    32.9163    32.9147    26.3079    26.3069    7.75947 0.0000e+00
        258      3.319     1.9260     1.9222   2.905380   2.905048     2.2047     2.5800      8.144     3.5304     3.8984 4.8716e+01     0.2131    94.8130     7.7887     7.7296    32.9160    32.9158    26.3076    26.3078    7.75949 0.0000e+00
        261      3.349     1.9258     1.9229   2.905460   2.905017     2.2043     2.5788      8.144     3.5304     3.3457 4.8660e+01     0.2131    94.8130     7.7870     7.7215    32.9171    32.9147    26.3086    26.3068    7.75947 0.0000e+00
        296      3.375     1.9264     1.9227   2.905454   2.905122     2.2051     2.5780      8.144     3.5304     7.2936 4.8491e+01     0.2858    93.1354     7.7900     7.7267    32.9164    32.9162    26.3080    26.3080    7.75939 0.0000e+00
        362      3.445     1.9274     1.9233   2.905566   2.905193     2.2084     2.5763      8.144     3.5203     7.2936 4.8046e+01     0.4312    89.7802     7.8057     7.7506    32.9168    32.9164    26.3082    26.3082    7.75917 0.0000e+00
        365      3.524     1.9274     1.9235   2.905540   2.905269     2.2076     2.5775      8.144     3.5304     5.0433 4.6948e+01     0.4312    89.7802     7.8034     7.7562    32.9164    32.9171    26.3079    26.3087    7.75919 0.0000e+00
        368      3.596     1.9275     1.9231   2.905589   2.905255     2.2080     2.5767      8.144     3.5101     5.1223 4.5768e+01     0.4312    89.7802     7.8049     7.7544    32.9169    32.9173    26.3083    26.3089    7.75915 0.0000e+00
        371      3.663     1.9276     1.9231   2.905674   2.905225     2.2088     2.5767      8.144     3.5203     5.1223 4.4670e+01     0.4312    89.7802     7.8057     7.7560    32.9178    32.9168    26.3090    26.3085    7.75908 0.0000e+00
        374      3.727     1.9277     1.9231   2.905667   2.905157     2.2080     2.5775      8.144     3.5304     5.1223 4.4004e+01     0.4170    90.1018     7.8050     7.7586    32.9175    32.9160    26.3088    26.3078    7.75907 0.0000e+00
        377      3.790     1.9277     1.9231   2.905723   2.905249     2.2084     2.5779      8.144     3.5203     5.1223 4.3147e+01     0.3534    91.5447     7.8064     7.7586    32.9182    32.9171    26.3093    26.3087    7.75904 0.0000e+00
        380      3.847     1.9277     1.9231   2.905640   2.905238     2.2084     2.5779      8.144     3.5304     5.1223 4.2405e+01     0.3541    91.5273     7.8069     7.7574    32.9172    32.9170    26.3085    26.3087    7.75910 0.0000e+00
        383      3.903     1.9274     1.9230   2.905555   2.905173     2.2084     2.5775      8.144     3.5406     5.1223 4.1725e+01     0.3541    91.5273     7.8045     7.7550    32.9164    32.9162    26.3079    26.3081    7.75920 0.0000e+00
        386      3.960     1.9273     1.9227   2.905568   2.905154     2.2084     2.5775      8.144     3.6729     5.9514 4.1197e+01     0.3541    91.5273     7.8057     7.7521    32.9166    32.9162    26.3080    26.3081    7.75920 0.0000e+00
        389      4.011     1.9274     1.9227   2.905487   2.905156     2.2084     2.5784      8.144     3.6627    14.0051 4.0770e+01     0.3541    91.5273     7.8066     7.7551    32.9154    32.9162    26.3071    26.3081    7.75924 0.0000e+00
        392      4.061     1.9275     1.9228   2.905692   2.905072     2.2084     2.5779      8.144     3.6525    14.2814 4.0536e+01     0.3541    91.5273     7.8037     7.7549    32.9179    32.9151    26.3091    26.3072    7.75910 0.0000e+00
        395      4.110     1.9275     1.9225   2.905557   2.905090     2.2084     2.5784      8.144     3.6627    14.2419 4.0348e+01     0.3932    90.6407     7.8028     7.7551    32.9162    32.9155    26.3077    26.3075    7.75918 0.0000e+00
        398      4.158     1.9273     1.9225   2.905626   2.905225     2.2092     2.5779      8.144     3.6627    14.2419 4.0348e+01     0.4436    89.5020     7.8087     7.7513    32.9172    32.9172    26.3085    26.3089    7.75916 0.0000e+00
        401      4.208     1.9277     1.9225   2.905724   2.905239     2.2088     2.5775      8.144     3.6729    14.2419 4.0348e+01     0.4417    89.5455     7.8078     7.7522    32.9181    32.9174    26.3092    26.3090    7.75905 0.0000e+00
        404      4.260     1.9275     1.9226   2.905671   2.905211     2.2092     2.5784      8.144     3.6526    14.2419 4.0255e+01     0.4417    89.5455     7.8095     7.7577    32.9176    32.9169    26.3088    26.3086    7.75912 0.0000e+00
        407      4.311     1.9272     1.9225   2.905573   2.905184     2.2084     2.5779      8.144     3.6627    14.2419 4.0023e+01     0.4417    89.5455     7.8049     7.7580    32.9166    32.9167    26.3080    26.3084    7.75922 0.0000e+00
        410      4.363     1.9268     1.9221   2.905369   2.904994     2.2096     2.5779      8.144     3.6729    14.2419 3.9838e+01     0.4417    89.5455     7.8116     7.7596    32.9145    32.9146    26.3064    26.3069    7.75942 0.0000e+00
        413      4.416     1.9266     1.9222   2.905393   2.904997     2.2092     2.5788      8.142     3.7238   156.4849 3.9563e+01     0.4417    89.5455     7.8095     7.7635    32.9149    32.9145    26.3067    26.3068    7.75942 0.0000e+00
        416      4.469     1.9265     1.9220   2.905397   2.904707     2.2084     2.5788      8.144     3.7340   482.1870 3.9335e+01     0.3691    91.1883     7.8048     7.7644    32.9150    32.9111    26.3068    26.3040    7.75944 0.0000e+00
        419      4.524     1.9266     1.9217   2.905134   2.904719     2.2092     2.5788      8.144     3.7136   481.2395 3.8973e+01     0.3405    91.8403     7.8063     7.7684    32.9117    32.9115    26.3041    26.3043    7.75961 0.0000e+00
        422      4.579     1.9265     1.9216   2.905119   2.904549     2.2096     2.5779      8.144     3.7238   481.0816 3.8392e+01     0.3420    91.8055     7.8101     7.7670    32.9115    32.9095    26.3040    26.3028    7.75964 0.0000e+00
        425      4.635     1.9265     1.9217   2.905252   2.904623     2.2096     2.5800      8.144     3.7340   481.1211 3.7689e+01     0.3416    91.8142     7.8117     7.7753    32.9131    32.9103    26.3053    26.3034    7.75954 0.0000e+00
        428      4.689     1.9264     1.9217   2.905190   2.904849     2.2088     2.5792      8.144     3.7340   481.1211 3.7040e+01     0.3416    91.8142     7.8096     7.7732    32.9124    32.9130    26.3047    26.3056    7.75959 0.0000e+00
        431      4.743     1.9264     1.9214   2.905235   2.904378     2.2096     2.5800      8.144     3.7340   481.1211 3.6320e+01     0.3416    91.8142     7.8124     7.7770    32.9129    32.9074    26.3052    26.3011    7.75957 0.0000e+00
        434      4.799     1.9267     1.9215   2.905355   2.904421     2.2096     2.5800      8.144     3.7136   481.1211 3.5695e+01     0.3405    91.8403     7.8129     7.7750    32.9141    32.9078    26.3061    26.3015    7.75946 0.0000e+00
        437      4.855     1.9265     1.9217   2.905500   2.904864     2.2092     2.5796      8.144     3.6933   481.1211 3.5203e+01     0.3167    92.3878     7.8130     7.7717    32.9161    32.9132    26.3077    26.3057    7.75939 0.0000e+00
        440      4.912     1.9267     1.9218   2.905294   2.904666     2.2096     2.5800      8.144     3.6933   211.2818 3.4879e+01     0.3156    92.4139     7.8138     7.7731    32.9133    32.9105    26.3055    26.3035    7.75950 0.0000e+00
        443      4.970     1.9264     1.9218   2.905558   2.904750     2.2092     2.5808      8.144     3.6729     6.1882 3.4518e+01     0.3156    92.4139     7.8084     7.7752    32.9168    32.9116    26.3083    26.3044    7.75936 0.0000e+00
        446      5.028     1.9263     1.9219   2.905520   2.904970     2.2104     2.5804      8.144     3.6933    14.3999 3.4160e+01     0.3156    92.4139     7.8139     7.7712    32.9164    32.9142    26.3080    26.3065    7.75941 0.0000e+00
        449      5.084     1.9264     1.9219   2.905563   2.904844     2.2100     2.5812      8.144     3.6933    14.0051 3.3729e+01     0.3152    92.4226     7.8130     7.7722    32.9168    32.9126    26.3083    26.3052    7.75936 0.0000e+00
        452      5.141     1.9262     1.9219   2.905580   2.905011     2.2104     2.5816      8.144     3.7035    14.0051 3.3341e+01     0.3156    92.4139     7.8156     7.7746    32.9172    32.9147    26.3086    26.3069    7.75939 0.0000e+00
        455      5.196     1.9262     1.9219   2.905529   2.904999     2.2096     2.5804      8.144     3.6933    14.0051 3.2996e+01     0.3107    92.5269     7.8118     7.7680    32.9166    32.9144    26.3081    26.3067    7.75943 0.0000e+00
        458      5.249     1.9261     1.9217   2.905561   2.905058     2.2104     2.5812      8.144     3.6831    14.0051 3.2542e+01     0.2938    92.9181     7.8121     7.7709    32.9171    32.9154    26.3085    26.3075    7.75942 0.0000e+00
        461      5.297     1.9262     1.9216   2.905608   2.905092     2.2100     2.5808      8.144     3.6933    14.0051 3.2093e+01     0.2942    92.9094     7.8065     7.7705    32.9175    32.9158    26.3089    26.3078    7.75937 0.0000e+00
        464      5.338     1.9263     1.9212   2.905550   2.905046     2.2100     2.5812      8.144     3.6831    14.0051 3.1761e+01     0.2946    92.9007     7.8043     7.7680    32.9167    32.9157    26.3082    26.3077    7.75940 0.0000e+00
        467      5.380     1.9266     1.9210   2.905590   2.905060     2.2096     2.5812      8.144     3.6831     6.4646 3.1396e+01     0.2942    92.9094     7.7985     7.7674    32.9168    32.9160    26.3082    26.3080    7.75932 0.0000e+00
        470      5.417     1.9264     1.9209   2.905610   2.904964     2.2104     2.5816      8.144     3.6933     5.2012 3.0999e+01     0.2942    92.9094     7.7985     7.7696    32.9173    32.9149    26.3087    26.3072    7.75935 0.0000e+00
        473      5.453     1.9263     1.9211   2.905627   2.905062     2.2100     2.5812      8.144     3.7035     5.2407 3.0749e+01     0.2949    92.8920     7.7976     7.7669    32.9176    32.9159    26.3089    26.3079    7.75936 0.0000e+00
        476      5.484     1.9261     1.9213   2.905572   2.905097     2.2108     2.5820      8.144     3.7035     5.2407 3.0572e+01     0.2633    93.6308     7.8005     7.7709    32.9170    32.9161    26.3085    26.3081    7.75941 0.0000e+00
        479      5.509     1.9263     1.9214   2.905588   2.905053     2.2104     2.5812      8.144     3.6831     5.2407 3.0431e+01     0.2303    94.4045     7.7982     7.7680    32.9170    32.9155    26.3085    26.3076    7.75938 0.0000e+00
        482      5.535     1.9261     1.9213   2.905585   2.905079     2.2088     2.5824      8.144     3.6831     5.2407 3.0255e+01     0.2318    94.3697     7.7941     7.7717    32.9172    32.9158    26.3086    26.3079    7.75941 0.0000e+00
        492      5.601     1.9264     1.9214   2.905600   2.905094     2.2092     2.5824      8.144     3.6933     8.0832 2.9909e+01     0.2223    94.5957     7.7991     7.7702    32.9170    32.9159    26.3084    26.3079    7.75935 0.0000e+00
        509      5.710     1.9265     1.9215   2.905562   2.905043     2.2088     2.5824      8.144     3.6729    13.7682 2.9224e+01     0.2043    95.0216     7.8018     7.7699    32.9164    32.9151    26.3080    26.3073    7.75938 0.0000e+00
        512      5.736     1.9265     1.9214   2.905615   2.905097     2.2088     2.5824      8.144     3.6729    13.7682 2.9022e+01     0.2043    95.0216     7.8028     7.7667    32.9170    32.9159    26.3084    26.3079    7.75933 0.0000e+00
        515      5.767     1.9264     1.9216   2.905579   2.905157     2.2100     2.5824      8.144     3.7238    13.7682 2.8721e+01     0.2116    94.8478     7.8094     7.7625    32.9166    32.9164    26.3081    26.3083    7.75937 0.0000e+00
        518      5.803     1.9264     1.9216   2.905513   2.905096     2.2092     2.5820      8.144     3.7848   198.9644 2.8523e+01     0.2823    93.1875     7.8039     7.7594    32.9158    32.9157    26.3075    26.3077    7.75942 0.0000e+00
        521      5.844     1.9264     1.9216   2.905616   2.905057     2.2084     2.5816      8.144     3.7746   482.1870 2.8228e+01     0.2845    93.1354     7.7994     7.7555    32.9171    32.9152    26.3085    26.3073    7.75935 0.0000e+00
        524      5.891     1.9266     1.9215   2.905632   2.905037     2.2092     2.5824      8.144     3.7950   481.0026 2.8065e+01     0.2845    93.1354     7.8035     7.7552    32.9171    32.9149    26.3085    26.3071    7.75932 0.0000e+00
        527      5.943     1.9265     1.9216   2.905651   2.905096     2.2100     2.5824      8.144     3.7848   481.0026 2.7839e+01     0.2845    93.1354     7.8054     7.7523    32.9174    32.9155    26.3087    26.3076    7.75931 0.0000e+00
        530      5.994     1.9265     1.9215   2.905636   2.905145     2.2100     2.5828      8.144     3.7950   481.0026 2.7614e+01     0.2841    93.1441     7.8071     7.7507    32.9171    32.9162    26.3085    26.3082    7.75933 0.0000e+00
