Datasets/AZMP/HUD120/hud120_2020_063.cnv
* Sea-Bird SBE 9 Data File:
* FileName = C:\CTDDATA\hud120_2020_063.hex
* Software Version Seasave V 7.26.7.110
* Temperature SN = 1697
* Conductivity SN = 4216
* Number of Bytes Per Scan = 30
* Number of Voltage Words = 4
* Number of Scans Averaged by the Deck Unit = 1
* NMEA baud rate = 4800
** VESSEL/TRIP/SEQ STN:  hud120_2020_063
** LATITUDE XX XX.XX: 47 00.00 N
** LONGITUDE XX XX.XX: 046 40.20 W
** SOUNDING DEPTH (M): 0887
** PROBE TYPE: S1146
** CTD NUMBER: 042
** FORMAT: V
** COMMENTS (14 CHAR): FC-19
** BOTTLES:  0
** LEVELS:
** STICKERS:
** VNET: N
** DO2: N
# nquan = 22
# nvalues = 14269                       
# units = specified
# name 0 = scan: Scan Count
# name 1 = prDM: Pressure, Digiquartz [db]
# name 2 = t090C: Temperature [ITS-90, deg C]
# name 3 = t190C: Temperature, 2 [ITS-90, deg C]
# name 4 = c0S/m: Conductivity [S/m]
# name 5 = c1S/m: Conductivity, 2 [S/m]
# name 6 = sbeox0V: Oxygen raw, SBE 43 [V]
# name 7 = sbeox1V: Oxygen raw, SBE 43, 2 [V]
# name 8 = ph: pH
# name 9 = flECO-AFL: Fluorescence, WET Labs ECO-AFL/FL [mg/m^3]
# name 10 = wetCDOM: Fluorescence, WET Labs CDOM [mg/m^3]
# name 11 = par/sat/log: PAR/Logarithmic, Satlantic [umol photons/m^2/sec]
# name 12 = CStarAt0: Beam Attenuation, WET Labs C-Star [1/m]
# name 13 = CStarTr0: Beam Transmission, WET Labs C-Star [%]
# name 14 = sbeox0ML/L: Oxygen, SBE 43 [ml/l], WS = 2
# name 15 = sbeox1ML/L: Oxygen, SBE 43, 2 [ml/l], WS = 2
# name 16 = sal00: Salinity, Practical [PSU]
# name 17 = sal11: Salinity, Practical, 2 [PSU]
# name 18 = sigma-t00: Density [sigma-t, kg/m^3 ]
# name 19 = sigma-t11: Density, 2 [sigma-t, kg/m^3 ]
# name 20 = oxsatML/L: Oxygen Saturation, Weiss [ml/l]
# name 21 = flag: flag
# span 0 =          4,      52427       
# span 1 =      2.644,    918.690       
# span 2 =     3.4199,     7.1704       
# span 3 =     3.4154,     7.1666       
# span 4 =   3.223396,   3.380273       
# span 5 =   3.228235,   3.379814       
# span 6 =     1.8192,     2.2202       
# span 7 =     2.1550,     2.6576       
# span 8 =      7.979,      8.156       
# span 9 =     0.8544,     7.3766       
# span 10 =    -2.8130,   482.1870      
# span 11 = 1.0543e-01, 2.2684e-01      
# span 12 =     0.0672,     0.2819      
# span 13 =    93.1962,    98.3334      
# span 14 =     5.6296,     6.8790      
# span 15 =     5.7599,     7.0837      
# span 16 =    33.1767,    34.9433      
# span 17 =    33.1747,    34.9381      
# span 18 =    25.9629,    27.7421      
# span 19 =    25.9621,    27.7418      
# span 20 =    6.81418,    7.37509      
# span 21 = 0.0000e+00, 0.0000e+00      
# interval = scans: 3                   
# start_time = Nov 24 2020 00:32:21 [System UTC, header]
# bad_flag = -9.990e-29
*END*
          4      3.117     7.1443     7.1400   3.375409   3.374843     2.2186     2.6410      8.156     6.3795   481.3579 1.4657e-01     0.2807    93.2223     6.8013     6.9388    33.1767    33.1747    25.9630    25.9621    6.81883 0.0000e+00
          7      3.146     7.1450     7.1400   3.375486   3.374871     2.2190     2.6410      8.156     6.3897   481.3579 1.9712e-01     0.2807    93.2223     6.8028     6.9388    33.1769    33.1750    25.9631    25.9623    6.81871 0.0000e+00
         10      3.187     7.1457     7.1404   3.375592   3.374906     2.2186     2.6410      8.156     6.3795   481.3579 1.7263e-01     0.2819    93.1962     6.8011     6.9388    33.1774    33.1750    25.9634    25.9622    6.81859 0.0000e+00
         13      3.235     7.1460     7.1406   3.375602   3.374943     2.2182     2.6422      8.156     6.3897   481.3579 1.5327e-01     0.2811    93.2136     6.7994     6.9427    33.1772    33.1752    25.9632    25.9624    6.81854 0.0000e+00
         16      3.291     7.1454     7.1408   3.375541   3.374959     2.2190     2.6422      8.156     6.5525   481.3579 1.3523e-01     0.2811    93.2136     6.8028     6.9427    33.1770    33.1751    25.9632    25.9623    6.81864 0.0000e+00
         19      3.354     7.1452     7.1410   3.375525   3.374982     2.2182     2.6431      8.156     6.8068   481.3579 1.1243e-01     0.2811    93.2136     6.7997     6.9455    33.1770    33.1752    25.9632    25.9623    6.81868 0.0000e+00
         22      3.428     7.1457     7.1411   3.375578   3.375024     2.2177     2.6422      8.156     6.8170   481.3579 1.8366e-01     0.2796    93.2484     6.7980     6.9428    33.1771    33.1756    25.9632    25.9626    6.81860 0.0000e+00
         25      3.509     7.1468     7.1414   3.375690   3.375071     2.2186     2.6435      8.156     6.8068   481.3579 1.7490e-01     0.2796    93.2484     6.7991     6.9581    33.1773    33.1757    25.9632    25.9627    6.81842 0.0000e+00
         28      3.596     7.1463     7.1420   3.375641   3.375107     2.2182     2.6426      8.156     6.8170   481.3579 1.2807e-01     0.2796    93.2484     6.7982     6.9592    33.1771    33.1755    25.9631    25.9624    6.81850 0.0000e+00
         31      3.683     7.1465     7.1425   3.375669   3.375147     2.2177     2.6435      8.156     6.8170   481.3579 1.1677e-01     0.2796    93.2484     6.7975     6.9597    33.1773    33.1754    25.9632    25.9622    6.81847 0.0000e+00
         34      3.771     7.1465     7.1424   3.375655   3.375134     2.2186     2.6435      8.156     6.8068   165.7625 1.1110e-01     0.2796    93.2484     6.8022     6.9575    33.1770    33.1753    25.9630    25.9622    6.81847 0.0000e+00
         37      3.858     7.1467     7.1425   3.375704   3.375167     2.2173     2.6435      8.156     6.8068    10.7283 1.0715e-01     0.2796    93.2484     6.7982     6.9554    33.1773    33.1755    25.9632    25.9623    6.81843 0.0000e+00
         40      3.942     7.1469     7.1420   3.375712   3.375132     2.2182     2.6443      8.156     6.8068    17.2423 1.0715e-01     0.2807    93.2223     6.8028     6.9564    33.1772    33.1756    25.9631    25.9625    6.81841 0.0000e+00
         43      4.016     7.1463     7.1416   3.375694   3.375080     2.2190     2.6435      8.156     6.3693    16.9660 1.2326e-01     0.2819    93.1962     6.8064     6.9512    33.1776    33.1753    25.9634    25.9623    6.81849 0.0000e+00
         46      4.083     7.1470     7.1413   3.375734   3.375068     2.2186     2.6443      8.156     6.1658    16.9660 1.0767e-01     0.2819    93.1962     6.8028     6.9522    33.1773    33.1755    25.9631    25.9625    6.81839 0.0000e+00
         49      4.141     7.1470     7.1425   3.375742   3.375190     2.2182     2.6443      8.156     6.1760    16.9660 1.1424e-01     0.2819    93.1962     6.8011     6.9489    33.1774    33.1756    25.9632    25.9624    6.81839 0.0000e+00
         52      4.189     7.1469     7.1432   3.375750   3.375235     2.2186     2.6435      8.156     6.1658    16.9660 1.3254e-01     0.2819    93.1962     6.8021     6.9431    33.1775    33.1754    25.9633    25.9622    6.81840 0.0000e+00
         55      4.229     7.1472     7.1431   3.375736   3.375245     2.2186     2.6439      8.156     6.1760    16.9660 1.0592e-01     0.2819    93.1962     6.8003     6.9406    33.1770    33.1756    25.9629    25.9623    6.81837 0.0000e+00
         98      4.259     7.1474     7.1423   3.375780   3.375151     2.2186     2.6439      8.156     6.1251   171.7633 1.3697e-01     0.2811    93.2136     6.7985     6.9413    33.1773    33.1753    25.9631    25.9622    6.81832 0.0000e+00
        181      4.311     7.1481     7.1416   3.375933   3.375145     2.2202     2.6435      8.156     6.0234   481.3579 2.2684e-01     0.2800    93.2397     6.8041     6.9435    33.1783    33.1759    25.9637    25.9628    6.81817 0.0000e+00
        184      4.365     7.1486     7.1418   3.375984   3.375173     2.2198     2.6439      8.156     6.0132   481.3579 1.8053e-01     0.2800    93.2397     6.8006     6.9421    33.1783    33.1760    25.9637    25.9628    6.81808 0.0000e+00
        187      4.405     7.1486     7.1424   3.375922   3.375240     2.2186     2.6435      8.156     6.0132   481.3579 1.3617e-01     0.2803    93.2310     6.7974     6.9384    33.1776    33.1761    25.9632    25.9628    6.81811 0.0000e+00
        543      4.442     7.1533     7.1513   3.376565   3.376268     2.2173     2.6382      8.156     6.5829   481.3579 1.0994e-01     0.2796    93.2484     6.7964     6.9229    33.1801    33.1787    25.9644    25.9637    6.81726 0.0000e+00
        546      4.496     7.1534     7.1507   3.376553   3.376264     2.2177     2.6386      8.156     6.5931   481.3579 1.0740e-01     0.2789    93.2658     6.7992     6.9242    33.1799    33.1792    25.9643    25.9642    6.81726 0.0000e+00
        549      4.553     7.1533     7.1510   3.376563   3.376230     2.2173     2.6382      8.156     6.5931   481.3579 1.1293e-01     0.2774    93.3005     6.7991     6.9229    33.1800    33.1786    25.9644    25.9636    6.81726 0.0000e+00
        552      4.615     7.1536     7.1500   3.376644   3.376121     2.2177     2.6378      8.156     6.6033   481.3579 1.0678e-01     0.2785    93.2745     6.8018     6.9218    33.1806    33.1784    25.9648    25.9636    6.81719 0.0000e+00
        555      4.683     7.1547     7.1499   3.376797   3.376162     2.2177     2.6386      8.156     6.5829   481.3579 1.1039e-01     0.2785    93.2745     6.8036     6.9238    33.1812    33.1789    25.9651    25.9640    6.81700 0.0000e+00
        558      4.754     7.1560     7.1507   3.376978   3.376225     2.2186     2.6386      8.156     6.6033   106.3465 1.1192e-01     0.2778    93.2918     6.8082     6.9232    33.1818    33.1787    25.9655    25.9637    6.81675 0.0000e+00
        561      4.831     7.1595     7.1516   3.377457   3.376412     2.2182     2.6374      8.156     6.5931    -0.7206 1.1452e-01     0.2781    93.2832     6.8050     6.9202    33.1836    33.1798    25.9664    25.9645    6.81612 0.0000e+00
        564      4.910     7.1636     7.1528   3.377907   3.376564     2.2173     2.6378      8.156     6.5931     3.0694 1.0678e-01     0.2785    93.2745     6.7987     6.9226    33.1846    33.1804    25.9666    25.9647    6.81543 0.0000e+00
        567      4.991     7.1645     7.1562   3.377959   3.376981     2.2173     2.6374      8.156     6.3591     2.8720 1.0740e-01     0.2796    93.2484     6.7978     6.9196    33.1843    33.1815    25.9662    25.9652    6.81531 0.0000e+00
        570      5.075     7.1658     7.1573   3.378117   3.377085     2.2190     2.6386      8.156     6.3184     2.8720 1.0715e-01     0.2796    93.2484     6.8040     6.9233    33.1847    33.1816    25.9664    25.9651    6.81508 0.0000e+00
        573      5.157     7.1643     7.1586   3.377887   3.377190     2.2186     2.6378      8.156     6.3286     2.8720 1.0715e-01     0.2800    93.2397     6.8014     6.9219    33.1835    33.1814    25.9657    25.9648    6.81536 0.0000e+00
        576      5.236     7.1610     7.1574   3.377469   3.377028     2.2182     2.6374      8.156     6.3286     2.8720 1.1374e-01     0.2796    93.2484     6.7982     6.9205    33.1822    33.1808    25.9651    25.9645    6.81596 0.0000e+00
        579      5.316     7.1575     7.1540   3.377066   3.376613     2.2186     2.6374      8.156     6.3184     2.8720 1.1841e-01     0.2796    93.2484     6.7996     6.9216    33.1811    33.1795    25.9646    25.9639    6.81655 0.0000e+00
        582      5.394     7.1560     7.1520   3.376911   3.376445     2.2190     2.6374      8.156     6.3184     2.9115 1.0666e-01     0.2796    93.2484     6.8005     6.9241    33.1808    33.1795    25.9646    25.9642    6.81680 0.0000e+00
        585      5.473     7.1556     7.1524   3.376889   3.376457     2.2173     2.6374      8.156     6.3286     3.2668 1.0828e-01     0.2792    93.2571     6.7929     6.9257    33.1809    33.1793    25.9648    25.9640    6.81686 0.0000e+00
        588      5.549     7.1551     7.1520   3.376838   3.376423     2.2173     2.6374      8.156     6.3286     3.2273 1.0703e-01     0.2774    93.3005     6.7914     6.9256    33.1808    33.1792    25.9647    25.9640    6.81694 0.0000e+00
        591      5.626     7.1548     7.1515   3.376791   3.376372     2.2186     2.6365      8.156     6.3082     3.2273 1.0715e-01     0.2774    93.3005     6.7941     6.9231    33.1806    33.1792    25.9647    25.9640    6.81701 0.0000e+00
        594      5.707     7.1554     7.1512   3.376912   3.376334     2.2186     2.6374      8.156     6.2676     3.2273 1.0715e-01     0.2774    93.3005     6.7914     6.9270    33.1812    33.1790    25.9651    25.9639    6.81687 0.0000e+00
        597      5.785     7.1550     7.1504   3.376835   3.376235     2.2173     2.6378      8.156     6.2574     3.2273 1.0715e-01     0.2770    93.3092     6.7866     6.9320    33.1807    33.1786    25.9648    25.9637    6.81696 0.0000e+00
        600      5.861     7.1552     7.1501   3.376852   3.376199     2.2177     2.6370      8.156     6.2676     3.2273 1.0715e-01     0.2774    93.3005     6.7886     6.9299    33.1808    33.1785    25.9647    25.9637    6.81694 0.0000e+00
        603      5.939     7.1553     7.1503   3.376866   3.376219     2.2182     2.6374      8.156     6.2676     3.2273 1.0715e-01     0.2774    93.3005     6.7888     6.9318    33.1807    33.1784    25.9647    25.9636    6.81692 0.0000e+00
        606      6.018     7.1555     7.1510   3.376917   3.376344     2.2173     2.6382      8.156     6.2574     3.2273 1.0715e-01     0.2774    93.3005     6.7851     6.9355    33.1810    33.1791    25.9649    25.9640    6.81687 0.0000e+00
        609      6.100     7.1562     7.1516   3.377047   3.376417     2.2169     2.6374      8.156     6.2574     3.2273 1.0715e-01     0.2774    93.3005     6.7827     6.9336    33.1817    33.1793    25.9654    25.9641    6.81672 0.0000e+00
        612      6.183     7.1580     7.1532   3.377235   3.376633     2.2173     2.6374      8.156     6.2574     3.2273 1.0715e-01     0.2774    93.3005     6.7815     6.9335    33.1820    33.1801    25.9653    25.9645    6.81643 0.0000e+00
        615      6.268     7.1580     7.1536   3.377201   3.376638     2.2173     2.6374      8.156     6.2676     3.2273 1.0715e-01     0.2774    93.3005     6.7809     6.9319    33.1817    33.1797    25.9651    25.9641    6.81646 0.0000e+00
        618      6.353     7.1574     7.1528   3.377143   3.376588     2.2165     2.6382      8.156     6.3286     3.2273 1.0715e-01     0.2778    93.2918     6.7793     6.9343    33.1815    33.1798    25.9650    25.9644    6.81655 0.0000e+00
        621      6.441     7.1574     7.1531   3.377147   3.376612     2.2169     2.6386      8.156     6.4405     3.2273 1.0715e-01     0.2774    93.3005     6.7831     6.9346    33.1815    33.1798    25.9650    25.9642    6.81654 0.0000e+00
        624      6.535     7.1579     7.1533   3.377242   3.376630     2.2169     2.6374      8.156     6.4405     3.2273 1.0715e-01     0.2778    93.2918     6.7833     6.9308    33.1820    33.1798    25.9654    25.9642    6.81645 0.0000e+00
        627      6.633     7.1589     7.1536   3.377314   3.376641     2.2157     2.6382      8.156     6.4507     3.2273 1.0715e-01     0.2785    93.2745     6.7797     6.9333    33.1818    33.1796    25.9650    25.9640    6.81630 0.0000e+00
        630      6.735     7.1583     7.1541   3.377328   3.376749     2.2161     2.6386      8.156     6.4405     3.2273 1.0715e-01     0.2785    93.2745     6.7828     6.9348    33.1825    33.1802    25.9657    25.9644    6.81636 0.0000e+00
        633      6.842     7.1605     7.1559   3.377638   3.377032     2.2153     2.6382      8.156     6.4507     3.2273 1.0715e-01     0.2785    93.2745     6.7792     6.9333    33.1837    33.1815    25.9664    25.9652    6.81597 0.0000e+00
        636      6.952     7.1631     7.1585   3.377895   3.377353     2.2161     2.6378      8.156     6.4507     3.6221 1.0703e-01     0.2785    93.2745     6.7827     6.9300    33.1839    33.1825    25.9661    25.9656    6.81554 0.0000e+00
        639      7.066     7.1638     7.1609   3.378076   3.377623     2.2157     2.6378      8.156     6.4507     3.9379 1.0703e-01     0.2781    93.2832     6.7815     6.9285    33.1852    33.1830    25.9671    25.9657    6.81537 0.0000e+00
        642      7.185     7.1649     7.1613   3.378061   3.377612     2.2161     2.6382      8.156     6.4405     3.9379 1.0715e-01     0.2785    93.2745     6.7837     6.9283    33.1839    33.1825    25.9659    25.9652    6.81525 0.0000e+00
        645      7.308     7.1637     7.1599   3.377882   3.377448     2.2165     2.6374      8.156     6.2472     3.9379 1.0715e-01     0.2785    93.2745     6.7876     6.9258    33.1831    33.1820    25.9654    25.9651    6.81548 0.0000e+00
        648      7.434     7.1625     7.1604   3.377758   3.377568     2.2153     2.6386      8.156     6.1353     3.9379 1.0703e-01     0.2774    93.3005     6.7862     6.9290    33.1828    33.1827    25.9654    25.9656    6.81569 0.0000e+00
        651      7.562     7.1630     7.1610   3.378000   3.377649     2.2161     2.6386      8.156     6.1353     3.9379 1.0715e-01     0.2774    93.3005     6.7905     6.9278    33.1849    33.1830    25.9669    25.9657    6.81551 0.0000e+00
        654      7.690     7.1648     7.1618   3.378176   3.377728     2.2153     2.6386      8.156     6.1353     3.9379 1.0715e-01     0.2774    93.3005     6.7878     6.9291    33.1850    33.1831    25.9668    25.9657    6.81522 0.0000e+00
        657      7.818     7.1633     7.1608   3.378008   3.377520     2.2157     2.6378      8.156     6.1251     3.9379 1.0715e-01     0.2774    93.3005     6.7896     6.9276    33.1845    33.1817    25.9666    25.9647    6.81548 0.0000e+00
        660      7.944     7.1651     7.1596   3.378293   3.377501     2.2153     2.6378      8.156     6.1251     3.9379 1.0715e-01     0.2778    93.2918     6.7869     6.9281    33.1859    33.1826    25.9674    25.9656    6.81514 0.0000e+00
        663      8.067     7.1657     7.1614   3.378297   3.377827     2.2153     2.6378      8.156     6.1455     2.9114 1.0715e-01     0.2774    93.3005     6.7884     6.9269    33.1853    33.1843    25.9669    25.9667    6.81507 0.0000e+00
        666      8.185     7.1672     7.1632   3.378552   3.378033     2.2153     2.6378      8.156     6.1455     2.7535 1.0715e-01     0.2781    93.2832     6.7886     6.9273    33.1866    33.1847    25.9677    25.9668    6.81478 0.0000e+00
        669      8.294     7.1681     7.1636   3.378682   3.378051     2.2165     2.6374      8.156     6.1455     2.7535 1.0715e-01     0.2789    93.2658     6.7941     6.9250    33.1870    33.1845    25.9679    25.9665    6.81460 0.0000e+00
