Datasets/AZMP/HUD120/hud120_2020_055.cnv
* Sea-Bird SBE 9 Data File:
* FileName = C:\CTDDATA\hud120_2020_055.hex
* Software Version Seasave V 7.26.7.110
* Temperature SN = 1697
* Conductivity SN = 4216
* Number of Bytes Per Scan = 30
* Number of Voltage Words = 4
* Number of Scans Averaged by the Deck Unit = 1
* NMEA baud rate = 4800
** VESSEL/TRIP/SEQ STN:  hud120(2020_055
** LATITUDE XX XX.XX: 47 00.00 N
** LONGITUDE XX XX.XX: 044 34.70 W
** SOUNDING DEPTH (M): 0138
** PROBE TYPE: S1146
** CTD NUMBER: 034
** FORMAT: V
** COMMENTS (14 CHAR): FC-27
** BOTTLES:  0
** LEVELS: 0
** STICKERS:
** VNET: N
** DO2: N
# nquan = 22
# nvalues = 1958                        
# units = specified
# name 0 = scan: Scan Count
# name 1 = prDM: Pressure, Digiquartz [db]
# name 2 = t090C: Temperature [ITS-90, deg C]
# name 3 = t190C: Temperature, 2 [ITS-90, deg C]
# name 4 = c0S/m: Conductivity [S/m]
# name 5 = c1S/m: Conductivity, 2 [S/m]
# name 6 = sbeox0V: Oxygen raw, SBE 43 [V]
# name 7 = sbeox1V: Oxygen raw, SBE 43, 2 [V]
# name 8 = ph: pH
# name 9 = flECO-AFL: Fluorescence, WET Labs ECO-AFL/FL [mg/m^3]
# name 10 = wetCDOM: Fluorescence, WET Labs CDOM [mg/m^3]
# name 11 = par/sat/log: PAR/Logarithmic, Satlantic [umol photons/m^2/sec]
# name 12 = CStarAt0: Beam Attenuation, WET Labs C-Star [1/m]
# name 13 = CStarTr0: Beam Transmission, WET Labs C-Star [%]
# name 14 = sbeox0ML/L: Oxygen, SBE 43 [ml/l], WS = 2
# name 15 = sbeox1ML/L: Oxygen, SBE 43, 2 [ml/l], WS = 2
# name 16 = sal00: Salinity, Practical [PSU]
# name 17 = sal11: Salinity, Practical, 2 [PSU]
# name 18 = sigma-t00: Density [sigma-t, kg/m^3 ]
# name 19 = sigma-t11: Density, 2 [sigma-t, kg/m^3 ]
# name 20 = oxsatML/L: Oxygen Saturation, Weiss [ml/l]
# name 21 = flag: flag
# span 0 =          2,       8132       
# span 1 =      0.418,    129.620       
# span 2 =     3.8436,     7.4182       
# span 3 =     3.8389,     7.4137       
# span 4 =   3.197798,   3.409082       
# span 5 =   3.197504,   3.408599       
# span 6 =     1.8819,     2.2112       
# span 7 =     2.2449,     2.6591       
# span 8 =      7.933,      8.131       
# span 9 =     0.9257,     6.9492       
# span 10 =    -2.8130,   482.1870      
# span 11 = 1.0520e-01, 7.2946e-01      
# span 12 =     0.0974,     0.4522      
# span 13 =    89.3108,    97.5945      
# span 14 =     6.0139,     6.7377      
# span 15 =     6.2047,     6.9635      
# span 16 =    32.8074,    34.4215      
# span 17 =    32.5550,    34.4207      
# span 18 =    25.6356,    27.3419      
# span 19 =    25.4378,    27.3417      
# span 20 =    6.77470,    7.31983      
# span 21 = 0.0000e+00, 0.0000e+00      
# interval = scans: 3                   
# start_time = Nov 23 2020 06:34:16 [System UTC, header]
# bad_flag = -9.990e-29
*END*
[from data line 396]
       1927     56.737     6.8483     6.8484   3.393694   3.393532     2.1498     2.5779      8.110     2.2789    14.3604 1.0715e-01     0.1498    96.3255     6.5584     6.7544    33.6385    33.6365    26.3668    26.3653    6.84549 0.0000e+00
       1930     56.852     6.8410     6.8464   3.393412   3.393407     2.1490     2.5763      8.108     2.2179    24.3486 1.0715e-01     0.1498    96.3255     6.5545     6.7463    33.6425    33.6371    26.3709    26.3660    6.84648 0.0000e+00
       1933     56.973     6.8292     6.8335   3.392759   3.392560     2.1498     2.5763      8.110     2.2179   433.3909 1.0715e-01     0.1498    96.3255     6.5597     6.7471    33.6468    33.6404    26.3759    26.3703    6.84817 0.0000e+00
       1936     57.092     6.8101     6.8101   3.391859   3.391573     2.1490     2.5755      8.108     2.2484   481.1605 1.0715e-01     0.1498    96.3255     6.5569     6.7449    33.6556    33.6524    26.3854    26.3829    6.85084 0.0000e+00
       1939     57.212     6.8040     6.8012   3.391689   3.391290     2.1477     2.5743      8.105     2.2484   481.1211 1.0715e-01     0.1494    96.3342     6.5485     6.7401    33.6596    33.6579    26.3894    26.3884    6.85164 0.0000e+00
       1942     57.341     6.8022     6.7981   3.391587   3.391133     2.1469     2.5739      8.107     2.2484   481.3579 1.0715e-01     0.1458    96.4211     6.5464     6.7373    33.6602    33.6592    26.3901    26.3899    6.85190 0.0000e+00
       1945     57.475     6.8005     6.7956   3.391498   3.390983     2.1465     2.5726      8.105     2.2179   481.3579 1.0715e-01     0.1454    96.4298     6.5463     6.7321    33.6608    33.6599    26.3908    26.3907    6.85214 0.0000e+00
       1948     57.612     6.7985     6.7936   3.391338   3.390855     2.1465     2.5714      8.105     2.2383   481.3579 1.0715e-01     0.1458    96.4211     6.5479     6.7286    33.6609    33.6604    26.3911    26.3914    6.85245 0.0000e+00
       1951     57.751     6.7952     6.7908   3.391087   3.390647     2.1445     2.5706      8.105     2.2281   481.3579 1.0715e-01     0.1454    96.4298     6.5414     6.7277    33.6613    33.6608    26.3920    26.3921    6.85296 0.0000e+00
       1954     57.891     6.7928     6.7890   3.390905   3.390513     2.1453     2.5694      8.105     2.0144   481.3579 1.0715e-01     0.1454    96.4298     6.5453     6.7250    33.6616    33.6611    26.3924    26.3926    6.85333 0.0000e+00
       1957     58.036     6.7893     6.7856   3.390646   3.390269     2.1445     2.5690      8.105     1.9126   389.6481 1.0715e-01     0.1458    96.4211     6.5435     6.7250    33.6621    33.6616    26.3934    26.3934    6.85388 0.0000e+00
       1960     58.184     6.7839     6.7809   3.390148   3.389869     2.1433     2.5674      8.105     1.9330     8.8728 1.0715e-01     0.1443    96.4559     6.5433     6.7222    33.6618    33.6617    26.3938    26.3941    6.85475 0.0000e+00
       1963     58.335     6.7741     6.7719   3.389417   3.389194     2.1425     2.5674      8.105     1.9330    14.9131 1.0715e-01     0.1411    96.5341     6.5441     6.7260    33.6633    33.6630    26.3963    26.3964    6.85626 0.0000e+00
       1966     58.488     6.7629     6.7585   3.388643   3.388274     2.1433     2.5657      8.105     1.9330    14.5973 1.0715e-01     0.1411    96.5341     6.5501     6.7252    33.6657    33.6659    26.3997    26.4005    6.85795 0.0000e+00
       1969     58.644     6.7545     6.7509   3.388044   3.387718     2.1420     2.5653      8.106     1.9330    14.5973 1.0715e-01     0.1411    96.5341     6.5466     6.7283    33.6673    33.6672    26.4021    26.4025    6.85923 0.0000e+00
       1972     58.799     6.7427     6.7387   3.387017   3.386743     2.1416     2.5645      8.106     1.9330    14.5973 1.0715e-01     0.1411    96.5341     6.5476     6.7308    33.6674    33.6683    26.4038    26.4050    6.86111 0.0000e+00
       1975     58.951     6.7262     6.7243   3.385919   3.385757     2.1416     2.5641      8.106     1.9330    14.5973 1.0715e-01     0.1411    96.5341     6.5507     6.7341    33.6715    33.6716    26.4092    26.4095    6.86358 0.0000e+00
       1978     59.105     6.7146     6.7126   3.385146   3.384953     2.1408     2.5633      8.106     1.9228    14.5973 1.0715e-01     0.1411    96.5341     6.5483     6.7345    33.6743    33.6741    26.4129    26.4131    6.86532 0.0000e+00
       1981     59.262     6.7036     6.7024   3.384416   3.384165     2.1404     2.5629      8.106     1.9126    14.5973 1.0715e-01     0.1382    96.6036     6.5493     6.7359    33.6769    33.6754    26.4164    26.4154    6.86697 0.0000e+00
       1984     59.412     6.6893     6.6854   3.383156   3.382905     2.1404     2.5617      8.106     1.9025   233.9823 1.0715e-01     0.1364    96.6471     6.5528     6.7357    33.6770    33.6781    26.4184    26.4198    6.86926 0.0000e+00
       1987     59.562     6.6719     6.6680   3.381974   3.381679     2.1396     2.5613      8.106     1.9126   482.1870 1.0715e-01     0.1368    96.6384     6.5508     6.7379    33.6810    33.6816    26.4239    26.4248    6.87189 0.0000e+00
       1990     59.716     6.6555     6.6534   3.380584   3.380520     2.1392     2.5613      8.104     1.9025   481.0816 1.0715e-01     0.1364    96.6471     6.5504     6.7411    33.6817    33.6831    26.4266    26.4280    6.87450 0.0000e+00
       1993     59.866     6.6340     6.6302   3.378930   3.378774     2.1380     2.5604      8.106     1.9025   481.3579 1.0715e-01     0.1368    96.6384     6.5467     6.7405    33.6845    33.6865    26.4316    26.4337    6.87784 0.0000e+00
       1996     60.011     6.6157     6.6113   3.377669   3.377406     2.1380     2.5604      8.101     1.9025   481.3579 1.0727e-01     0.1368    96.6384     6.5470     6.7432    33.6885    33.6899    26.4372    26.4389    6.88062 0.0000e+00
       1999     60.159     6.5951     6.5927   3.376037   3.375917     2.1375     2.5588      8.101     1.9126   481.3579 1.0715e-01     0.1364    96.6471     6.5478     6.7406    33.6907    33.6916    26.4416    26.4427    6.88385 0.0000e+00
       2002     60.298     6.5762     6.5736   3.374759   3.374574     2.1367     2.5580      8.102     1.9025   481.3579 1.0715e-01     0.1342    96.6992     6.5486     6.7403    33.6950    33.6955    26.4476    26.4483    6.88670 0.0000e+00
       2005     60.438     6.5583     6.5555   3.373493   3.373232     2.1363     2.5576      8.102     1.8821   481.3579 1.0715e-01     0.1342    96.6992     6.5507     6.7406    33.6986    33.6984    26.4527    26.4530    6.88944 0.0000e+00
       2008     60.571     6.5452     6.5407   3.372642   3.372273     2.1363     2.5568      8.102     1.8210   481.3579 1.0715e-01     0.1346    96.6905     6.5511     6.7389    33.7020    33.7024    26.4571    26.4580    6.89140 0.0000e+00
       2011     60.700     6.5371     6.5325   3.372024   3.371673     2.1355     2.5568      8.100     1.8312   128.1390 1.0715e-01     0.1342    96.6992     6.5500     6.7389    33.7031    33.7037    26.4590    26.4602    6.89267 0.0000e+00
       2014     60.824     6.5318     6.5278   3.371706   3.371326     2.1343     2.5555      8.102     1.8312     8.8728 1.0715e-01     0.1342    96.6992     6.5482     6.7353    33.7047    33.7044    26.4611    26.4614    6.89345 0.0000e+00
       2017     60.948     6.5295     6.5252   3.371594   3.371138     2.1327     2.5543      8.099     1.8414    14.0051 1.0715e-01     0.1339    96.7079     6.5407     6.7309    33.7056    33.7049    26.4620    26.4620    6.89378 0.0000e+00
       2020     61.064     6.5276     6.5239   3.371418   3.370981     2.1331     2.5543      8.099     1.8618    13.7682 1.0715e-01     0.1346    96.6905     6.5424     6.7315    33.7055    33.7043    26.4622    26.4617    6.89409 0.0000e+00
       2023     61.177     6.5245     6.5208   3.371086   3.370709     2.1331     2.5535      8.099     1.8312    13.7682 1.0715e-01     0.1325    96.7427     6.5436     6.7306    33.7048    33.7043    26.4621    26.4621    6.89463 0.0000e+00
       2026     61.287     6.5198     6.5160   3.370726   3.370264     2.1335     2.5523      8.097     1.8516    13.7682 1.0715e-01     0.1328    96.7340     6.5466     6.7291    33.7054    33.7040    26.4631    26.4625    6.89536 0.0000e+00
       2029     61.397     6.5131     6.5107   3.369974   3.369775     2.1319     2.5519      8.097     1.8414    13.7682 1.0715e-01     0.1328    96.7340     6.5403     6.7283    33.7037    33.7038    26.4627    26.4631    6.89653 0.0000e+00
       2032     61.500     6.5008     6.4989   3.368950   3.368770     2.1306     2.5503      8.097     1.8109    13.7682 1.0715e-01     0.1325    96.7427     6.5381     6.7258    33.7043    33.7042    26.4648    26.4650    6.89848 0.0000e+00
       2035     61.599     6.4839     6.4835   3.367678   3.367493     2.1315     2.5507      8.097     1.8007    46.1805 1.0715e-01     0.1325    96.7427     6.5458     6.7317    33.7069    33.7052    26.4690    26.4677    6.90112 0.0000e+00
       2038     61.698     6.4716     6.4673   3.366863   3.366348     2.1306     2.5498      8.097     1.8007   452.8146 1.0715e-01     0.1325    96.7427     6.5465     6.7326    33.7099    33.7084    26.4730    26.4724    6.90297 0.0000e+00
       2041     61.796     6.4606     6.4574   3.366032   3.365711     2.1290     2.5486      8.097     1.8007   481.4764 1.0715e-01     0.1321    96.7514     6.5428     6.7312    33.7115    33.7111    26.4757    26.4758    6.90469 0.0000e+00
       2044     61.890     6.4498     6.4488   3.365281   3.365031     2.1294     2.5482      8.097     1.8007   481.2000 1.0715e-01     0.1292    96.8209     6.5443     6.7330    33.7137    33.7120    26.4788    26.4776    6.90634 0.0000e+00
       2047     61.984     6.4322     6.4349   3.363817   3.363861     2.1290     2.5478      8.097     1.8210   481.3184 1.0715e-01     0.1296    96.8122     6.5444     6.7359    33.7148    33.7127    26.4820    26.4800    6.90915 0.0000e+00
       2050     62.072     6.4071     6.4092   3.361943   3.361913     2.1278     2.5478      8.097     1.8007   481.3579 1.0715e-01     0.1299    96.8035     6.5432     6.7415    33.7187    33.7164    26.4883    26.4863    6.91306 0.0000e+00
       2053     62.168     6.3817     6.3826   3.359940   3.360012     2.1274     2.5462      8.096     1.8109   481.3579 1.0715e-01     0.1299    96.8035     6.5490     6.7411    33.7216    33.7214    26.4939    26.4937    6.91708 0.0000e+00
       2056     62.261     6.3551     6.3543   3.358104   3.358092     2.1270     2.5466      8.096     1.8109   481.3579 1.0715e-01     0.1303    96.7948     6.5511     6.7481    33.7274    33.7281    26.5019    26.5026    6.92115 0.0000e+00
       2059     62.346     6.3381     6.3340   3.356924   3.356621     2.1266     2.5454      8.093     1.8312   481.3579 1.0715e-01     0.1299    96.8035     6.5515     6.7476    33.7310    33.7317    26.5070    26.5081    6.92376 0.0000e+00
       2062     62.436     6.3203     6.3110   3.355603   3.354957     2.1270     2.5446      8.093     1.8414   348.2346 1.0715e-01     0.1289    96.8296     6.5576     6.7498    33.7339    33.7359    26.5116    26.5143    6.92654 0.0000e+00
       2065     62.528     6.3038     6.2950   3.354586   3.354062     2.1262     2.5446      8.093     1.8516    -2.8130 1.0715e-01     0.1282    96.8470     6.5556     6.7515    33.7388    33.7417    26.5175    26.5210    6.92901 0.0000e+00
       2068     62.621     6.2870     6.2838   3.353431   3.353239     2.1254     2.5442      8.093     1.8414     2.9114 1.0715e-01     0.1282    96.8470     6.5523     6.7522    33.7425    33.7436    26.5226    26.5239    6.93159 0.0000e+00
       2071     62.716     6.2676     6.2675   3.352108   3.351993     2.1241     2.5433      8.093     1.8414     3.3852 1.0715e-01     0.1275    96.8644     6.5503     6.7519    33.7469    33.7457    26.5286    26.5276    6.93456 0.0000e+00
       2074     62.810     6.2563     6.2533   3.351373   3.351035     2.1237     2.5429      8.093     1.8516     3.3457 1.0715e-01     0.1282    96.8470     6.5512     6.7545    33.7499    33.7491    26.5324    26.5321    6.93628 0.0000e+00
       2077     62.911     6.2481     6.2445   3.350661   3.350383     2.1245     2.5421      8.092     1.8312     3.3457 1.0715e-01     0.1282    96.8470     6.5541     6.7555    33.7500    33.7505    26.5335    26.5344    6.93761 0.0000e+00
       2080     63.012     6.2360     6.2348   3.349630   3.349543     2.1229     2.5421      8.090     1.8414     3.3457 1.0715e-01     0.1282    96.8470     6.5494     6.7568    33.7505    33.7507    26.5355    26.5358    6.93958 0.0000e+00
       2083     63.112     6.2233     6.2219   3.348727   3.348553     2.1229     2.5413      8.089     1.8414     3.3457 1.0715e-01     0.1282    96.8470     6.5526     6.7578    33.7529    33.7524    26.5390    26.5388    6.94154 0.0000e+00
       2086     63.221     6.2107     6.2085   3.347878   3.347651     2.1217     2.5405      8.089     1.8516     3.3457 1.0715e-01     0.1282    96.8470     6.5520     6.7577    33.7559    33.7556    26.5429    26.5430    6.94347 0.0000e+00
       2089     63.329     6.1989     6.1962   3.347002   3.346721     2.1213     2.5401      8.089     1.8414   264.5785 1.0715e-01     0.1282    96.8470     6.5555     6.7581    33.7578    33.7573    26.5460    26.5459    6.94534 0.0000e+00
       2092     63.433     6.1885     6.1848   3.346316   3.345998     2.1200     2.5397      8.089     1.8414   481.9106 1.0715e-01     0.1282    96.8470     6.5548     6.7612    33.7603    33.7605    26.5493    26.5499    6.94691 0.0000e+00
       2095     63.542     6.1794     6.1753   3.345713   3.345327     2.1205     2.5388      8.089     1.8414   480.9632 1.0715e-01     0.1278    96.8557     6.5581     6.7609    33.7626    33.7624    26.5523    26.5526    6.94831 0.0000e+00
       2098     63.659     6.1728     6.1688   3.345336   3.344999     2.1201     2.5397      8.089     1.8516   481.3579 1.0715e-01     0.1282    96.8470     6.5560     6.7643    33.7649    33.7651    26.5549    26.5555    6.94929 0.0000e+00
       2101     63.774     6.1689     6.1652   3.345126   3.344731     2.1192     2.5388      8.089     1.8516   481.3579 1.0715e-01     0.1278    96.8557     6.5528     6.7638    33.7663    33.7656    26.5565    26.5564    6.94986 0.0000e+00
       2104     63.889     6.1634     6.1596   3.344511   3.344283     2.1192     2.5376      8.089     1.8414   481.3579 1.0715e-01     0.1242    96.9426     6.5563     6.7617    33.7649    33.7661    26.5561    26.5575    6.95085 0.0000e+00
       2107     64.004     6.1515     6.1503   3.343741   3.343534     2.1196     2.5380      8.089     1.8414   481.3579 1.0715e-01     0.1242    96.9426     6.5622     6.7650    33.7681    33.7669    26.5601    26.5594    6.95266 0.0000e+00
       2110     64.121     6.1443     6.1423   3.343284   3.343041     2.1188     2.5368      8.087     1.7804   481.3579 1.0715e-01     0.1245    96.9339     6.5629     6.7635    33.7700    33.7693    26.5626    26.5622    6.95375 0.0000e+00
       2113     64.235     6.1318     6.1350   3.342354   3.342460     2.1180     2.5368      8.087     1.6989   481.3579 1.0715e-01     0.1249    96.9252     6.5639     6.7655    33.7720    33.7699    26.5657    26.5637    6.95572 0.0000e+00
       2116     64.348     6.1220     6.1222   3.341712   3.341621     2.1180     2.5372      8.089     1.6888    84.6331 1.0715e-01     0.1245    96.9339     6.5647     6.7697    33.7744    33.7733    26.5689    26.5679    6.95721 0.0000e+00
