Datasets/AZMP/HUD120/hud120_2020_070.cnv
* Sea-Bird SBE 9 Data File:
* FileName = C:\CTDDATA\hud120_2020_070.hex
* Software Version Seasave V 7.26.7.110
* Temperature SN = 1697
* Conductivity SN = 4216
* Number of Bytes Per Scan = 30
* Number of Voltage Words = 4
* Number of Scans Averaged by the Deck Unit = 1
* NMEA baud rate = 4800
** VESSEL/TRIP/SEQ STN:  hud120_2020_070
** LATITUDE XX XX.XX: 47 00.00 N
** LONGITUDE XX XX.XX: 048 07.00 W
** SOUNDING DEPTH (M): 0137
** PROBE TYPE: S1146
** CTD NUMBER: 049
** FORMAT: V
** COMMENTS (14 CHAR): FC-12
** BOTTLES:  9
** LEVELS: 5,10,20,30,40,50,75,100,BTM
** STICKERS: 439844 - 439852
** VNET: Y
** DO2: N
# nquan = 22
# nvalues = 2264                        
# units = specified
# name 0 = scan: Scan Count
# name 1 = prDM: Pressure, Digiquartz [db]
# name 2 = t090C: Temperature [ITS-90, deg C]
# name 3 = t190C: Temperature, 2 [ITS-90, deg C]
# name 4 = c0S/m: Conductivity [S/m]
# name 5 = c1S/m: Conductivity, 2 [S/m]
# name 6 = sbeox0V: Oxygen raw, SBE 43 [V]
# name 7 = sbeox1V: Oxygen raw, SBE 43, 2 [V]
# name 8 = ph: pH
# name 9 = flECO-AFL: Fluorescence, WET Labs ECO-AFL/FL [mg/m^3]
# name 10 = wetCDOM: Fluorescence, WET Labs CDOM [mg/m^3]
# name 11 = par/sat/log: PAR/Logarithmic, Satlantic [umol photons/m^2/sec]
# name 12 = CStarAt0: Beam Attenuation, WET Labs C-Star [1/m]
# name 13 = CStarTr0: Beam Transmission, WET Labs C-Star [%]
# name 14 = sbeox0ML/L: Oxygen, SBE 43 [ml/l], WS = 2
# name 15 = sbeox1ML/L: Oxygen, SBE 43, 2 [ml/l], WS = 2
# name 16 = sal00: Salinity, Practical [PSU]
# name 17 = sal11: Salinity, Practical, 2 [PSU]
# name 18 = sigma-t00: Density [sigma-t, kg/m^3 ]
# name 19 = sigma-t11: Density, 2 [sigma-t, kg/m^3 ]
# name 20 = oxsatML/L: Oxygen Saturation, Weiss [ml/l]
# name 21 = flag: flag
# span 0 =          2,      26302       
# span 1 =      3.482,    131.797       
# span 2 =    -0.5206,     6.6890       
# span 3 =    -0.5260,     6.6860       
# span 4 =   2.710306,   3.222187       
# span 5 =   2.709882,   3.221728       
# span 6 =     1.8653,     2.2714       
# span 7 =     2.2043,     2.7175       
# span 8 =      7.948,      8.134       
# span 9 =     0.9765,     6.2676       
# span 10 =    -2.8130,   482.1870      
# span 11 = 1.0678e-01, 6.4638e+00      
# span 12 =     0.0686,     0.8851      
# span 13 =    80.1491,    98.2986      
# span 14 =     6.6602,     8.4916      
# span 15 =     6.6570,     8.7482      
# span 16 =    31.9242,    33.5731      
# span 17 =    31.9189,    33.5730      
# span 18 =    25.0382,    26.9457      
# span 19 =    25.0345,    26.9459      
# span 20 =    6.94789,    8.27145      
# span 21 = 0.0000e+00, 0.0000e+00      
# interval = scans: 3                   
# start_time = Nov 24 2020 18:41:51 [System UTC, header]
# bad_flag = -9.990e-29
*END*
[from data line 659]
       3203     87.015    -0.3544    -0.3599   2.746227   2.745692     1.9381     2.2897      7.989     1.0579    10.4915 1.0715e-01     0.0938    97.6815     7.0823     7.1780    33.2464    33.2453    26.7070    26.7063    8.21945 0.0000e+00
       3206     87.132    -0.3546    -0.3595   2.746188   2.745734     1.9373     2.2905      7.991     1.0579    10.5309 1.0727e-01     0.0938    97.6815     7.0774     7.1800    33.2461    33.2454    26.7067    26.7063    8.21952 0.0000e+00
       3209     87.251    -0.3545    -0.3592   2.746227   2.745789     1.9373     2.2905      7.991     1.0681    10.5309 1.0727e-01     0.0938    97.6815     7.0792     7.1814    33.2464    33.2458    26.7069    26.7066    8.21948 0.0000e+00
       3212     87.376    -0.3541    -0.3592   2.746272   2.745801     1.9381     2.2893      7.991     1.0681    21.1508 1.0740e-01     0.0935    97.6902     7.0812     7.1759    33.2465    33.2458    26.7071    26.7067    8.21939 0.0000e+00
       3215     87.501    -0.3539    -0.3591   2.746297   2.745834     1.9369     2.2885      7.989     1.0986   433.7067 1.0740e-01     0.0938    97.6815     7.0742     7.1756    33.2465    33.2460    26.7070    26.7068    8.21933 0.0000e+00
       3218     87.631    -0.3540    -0.3591   2.746268   2.745783     1.9365     2.2881      7.991     1.0884   481.1605 1.0715e-01     0.0938    97.6815     7.0753     7.1777    33.2463    33.2454    26.7068    26.7063    8.21939 0.0000e+00
       3221     87.764    -0.3542    -0.3596   2.746252   2.745748     1.9369     2.2881      7.989     1.0783   481.1605 1.0727e-01     0.0921    97.7249     7.0787     7.1796    33.2461    33.2453    26.7067    26.7063    8.21943 0.0000e+00
       3224     87.895    -0.3539    -0.3593   2.746330   2.745802     1.9365     2.2881      7.992     1.0884   481.3184 1.0715e-01     0.0921    97.7249     7.0782     7.1843    33.2468    33.2456    26.7073    26.7065    8.21933 0.0000e+00
       3227     88.028    -0.3537    -0.3592   2.746344   2.745831     1.9369     2.2881      7.989     1.0884   481.3579 1.0715e-01     0.0917    97.7336     7.0804     7.1875    33.2466    33.2458    26.7071    26.7067    8.21929 0.0000e+00
       3230     88.161    -0.3537    -0.3590   2.746368   2.745868     1.9365     2.2889      7.994     1.0783   481.3579 1.0715e-01     0.0921    97.7249     7.0817     7.1925    33.2469    33.2460    26.7073    26.7069    8.21927 0.0000e+00
       3233     88.298    -0.3537    -0.3590   2.746370   2.745904     1.9365     2.2889      7.992     1.0478   481.3579 1.0715e-01     0.0917    97.7336     7.0828     7.1966    33.2468    33.2464    26.7073    26.7072    8.21928 0.0000e+00
       3236     88.434    -0.3539    -0.3588   2.746351   2.745896     1.9352     2.2881      7.991     1.0376   481.3579 1.0727e-01     0.0917    97.7336     7.0781     7.1950    33.2467    33.2460    26.7072    26.7068    8.21933 0.0000e+00
       3239     88.571    -0.3541    -0.3592   2.746367   2.745867     1.9356     2.2889      7.989     1.0478   387.3978 1.0727e-01     0.0924    97.7162     7.0816     7.1975    33.2471    33.2460    26.7075    26.7068    8.21936 0.0000e+00
       3242     88.706    -0.3539    -0.3594   2.746383   2.745870     1.9361     2.2881      7.991     1.0478     4.4117 1.0715e-01     0.0931    97.6988     7.0814     7.1940    33.2470    33.2462    26.7074    26.7070    8.21932 0.0000e+00
       3245     88.837    -0.3540    -0.3589   2.746407   2.745933     1.9361     2.2881      7.989     1.0681     8.4780 1.0715e-01     0.0928    97.7075     7.0813     7.1913    33.2473    33.2464    26.7077    26.7072    8.21931 0.0000e+00
       3248     88.967    -0.3540    -0.3587   2.746410   2.745955     1.9361     2.2893      7.991     1.0681     8.5965 1.0715e-01     0.0928    97.7075     7.0834     7.1915    33.2473    33.2464    26.7076    26.7071    8.21932 0.0000e+00
       3251     89.093    -0.3537    -0.3590   2.746441   2.745957     1.9352     2.2885      7.991     1.0579     8.5570 1.0715e-01     0.0928    97.7075     7.0776     7.1870    33.2473    33.2466    26.7077    26.7073    8.21926 0.0000e+00
       3254     89.218    -0.3535    -0.3591   2.746493   2.745937     1.9361     2.2881      7.991     1.0681     8.5570 1.0727e-01     0.0928    97.7075     7.0837     7.1820    33.2478    33.2464    26.7080    26.7071    8.21919 0.0000e+00
       3257     89.340    -0.3530    -0.3588   2.746540   2.745987     1.9361     2.2881      7.989     1.0579     8.5570 1.0727e-01     0.0928    97.7075     7.0885     7.1853    33.2478    33.2467    26.7080    26.7074    8.21908 0.0000e+00
       3260     89.458    -0.3531    -0.3590   2.746493   2.745995     1.9352     2.2869      7.989     1.0274     8.5570 1.0727e-01     0.0935    97.6902     7.0838     7.1806    33.2472    33.2470    26.7075    26.7076    8.21914 0.0000e+00
       3263     89.571    -0.3538    -0.3586   2.746480   2.746019     1.9344     2.2877      7.989     1.0376     8.5570 1.0740e-01     0.0928    97.7075     7.0791     7.1852    33.2477    33.2468    26.7080    26.7074    8.21926 0.0000e+00
       3266     89.684    -0.3537    -0.3590   2.746461   2.745985     1.9348     2.2877      7.992     1.0274     4.2538 1.0727e-01     0.0931    97.6988     7.0829     7.1854    33.2473    33.2467    26.7076    26.7074    8.21927 0.0000e+00
       3269     89.792    -0.3538    -0.3591   2.746454   2.745966     1.9352     2.2873      7.991     1.0274    -0.6811 1.0727e-01     0.0928    97.7075     7.0843     7.1855    33.2472    33.2464    26.7076    26.7072    8.21929 0.0000e+00
       3272     89.898    -0.3537    -0.3589   2.746477   2.745989     1.9352     2.2869      7.989     1.0071    -0.4443 1.0727e-01     0.0928    97.7075     7.0860     7.1844    33.2473    33.2465    26.7076    26.7072    8.21925 0.0000e+00
       3275     90.001    -0.3536    -0.3590   2.746498   2.746008     1.9340     2.2873      7.989     1.0173    -0.4443 1.0740e-01     0.0928    97.7075     7.0802     7.1868    33.2475    33.2468    26.7078    26.7075    8.21923 0.0000e+00
       3278     90.104    -0.3538    -0.3591   2.746482   2.745991     1.9356     2.2869      7.989     1.0173    -0.4443 1.0727e-01     0.0928    97.7075     7.0885     7.1841    33.2474    33.2466    26.7077    26.7073    8.21928 0.0000e+00
       3281     90.204    -0.3536    -0.3592   2.746509   2.745989     1.9352     2.2877      7.989     1.0274    -0.4443 1.0715e-01     0.0931    97.6988     7.0885     7.1892    33.2475    33.2466    26.7078    26.7073    8.21923 0.0000e+00
       3284     90.303    -0.3532    -0.3589   2.746539   2.745991     1.9348     2.2873      7.989     1.0478    -0.4443 1.0727e-01     0.0928    97.7075     7.0875     7.1890    33.2473    33.2463    26.7076    26.7071    8.21914 0.0000e+00
       3287     90.402    -0.3535    -0.3588   2.746510   2.746044     1.9352     2.2873      7.989     1.0986    -0.4443 1.0715e-01     0.0928    97.7075     7.0887     7.1873    33.2472    33.2468    26.7076    26.7074    8.21922 0.0000e+00
       3290     90.501    -0.3536    -0.3584   2.746509   2.746097     1.9348     2.2869      7.989     1.0681    -0.4443 1.0727e-01     0.0928    97.7075     7.0844     7.1867    33.2473    33.2470    26.7076    26.7076    8.21924 0.0000e+00
       3293     90.601    -0.3536    -0.3584   2.746514   2.746075     1.9348     2.2881      7.989     1.0884     7.6884 1.0715e-01     0.0928    97.7075     7.0849     7.1904    33.2473    33.2467    26.7076    26.7074    8.21923 0.0000e+00
       3296     90.700    -0.3534    -0.3585   2.746573   2.746066     1.9344     2.2860      7.989     1.0986    10.2546 1.0740e-01     0.0928    97.7075     7.0838     7.1776    33.2478    33.2467    26.7080    26.7073    8.21917 0.0000e+00
       3299     90.802    -0.3527    -0.3585   2.746640   2.746095     1.9344     2.2860      7.989     1.0884    10.0966 1.0727e-01     0.0928    97.7075     7.0840     7.1781    33.2479    33.2470    26.7081    26.7076    8.21900 0.0000e+00
       3302     90.901    -0.3528    -0.3583   2.746606   2.746121     1.9344     2.2860      7.989     1.0884    10.0966 1.0752e-01     0.0945    97.6641     7.0809     7.1780    33.2475    33.2470    26.7078    26.7076    8.21906 0.0000e+00
       3305     91.001    -0.3529    -0.3580   2.746673   2.746169     1.9340     2.2869      7.989     1.0986    10.1361 1.0727e-01     0.0949    97.6554     7.0820     7.1825    33.2484    33.2472    26.7085    26.7078    8.21902 0.0000e+00
       3308     91.104    -0.3522    -0.3574   2.746762   2.746234     1.9344     2.2869      7.989     1.0783    10.0966 1.0715e-01     0.0949    97.6554     7.0843     7.1812    33.2488    33.2475    26.7087    26.7079    8.21884 0.0000e+00
       3311     91.209    -0.3520    -0.3572   2.746762   2.746279     1.9340     2.2860      7.991     1.0884    10.0966 1.0752e-01     0.0949    97.6554     7.0827     7.1795    33.2485    33.2478    26.7085    26.7082    8.21882 0.0000e+00
       3314     91.316    -0.3518    -0.3567   2.746795   2.746337     1.9344     2.2865      7.989     1.0884    10.1361 1.0740e-01     0.0949    97.6554     7.0861     7.1840    33.2487    33.2479    26.7087    26.7083    8.21877 0.0000e+00
       3317     91.423    -0.3518    -0.3569   2.746799   2.746306     1.9344     2.2856      7.989     1.0884    46.1805 1.0715e-01     0.0949    97.6554     7.0834     7.1825    33.2486    33.2476    26.7086    26.7080    8.21876 0.0000e+00
       3320     91.532    -0.3516    -0.3572   2.746828   2.746289     1.9340     2.2852      7.989     1.0884   454.7885 1.0715e-01     0.0945    97.6641     7.0795     7.1824    33.2487    33.2477    26.7086    26.7081    8.21871 0.0000e+00
       3323     91.639    -0.3516    -0.3571   2.746792   2.746346     1.9348     2.2865      7.989     1.0884   481.5554 1.0752e-01     0.0910    97.7510     7.0821     7.1861    33.2481    33.2482    26.7082    26.7085    8.21874 0.0000e+00
       3326     91.749    -0.3517    -0.3566   2.746843   2.746360     1.9336     2.2861      7.989     1.0783   481.2000 1.0727e-01     0.0906    97.7597     7.0764     7.1837    33.2489    33.2479    26.7088    26.7082    8.21873 0.0000e+00
       3329     91.859    -0.3515    -0.3563   2.746833   2.746420     1.9340     2.2857      7.989     1.0783   481.3579 1.0715e-01     0.0906    97.7597     7.0784     7.1819    33.2485    33.2483    26.7084    26.7085    8.21870 0.0000e+00
       3332     91.968    -0.3513    -0.3553   2.746835   2.746559     1.9340     2.2853      7.989     1.0681   481.3579 1.0715e-01     0.0910    97.7510     7.0797     7.1829    33.2483    33.2490    26.7083    26.7091    8.21868 0.0000e+00
       3335     92.077    -0.3514    -0.3550   2.746883   2.746567     1.9340     2.2861      7.989     1.0783   481.3579 1.0727e-01     0.0913    97.7423     7.0799     7.1891    33.2489    33.2487    26.7089    26.7088    8.21866 0.0000e+00
       3338     92.186    -0.3506    -0.3543   2.746979   2.746720     1.9336     2.2861      7.989     1.0274   481.3184 1.0752e-01     0.0906    97.7597     7.0763     7.1899    33.2493    33.2499    26.7091    26.7097    8.21847 0.0000e+00
       3341     92.297    -0.3504    -0.3532   2.746978   2.746788     1.9328     2.2857      7.989     1.0274   481.3579 1.0740e-01     0.0917    97.7336     7.0740     7.1865    33.2489    33.2495    26.7088    26.7094    8.21843 0.0000e+00
       3344     92.403    -0.3504    -0.3549   2.746985   2.746556     1.9332     2.2848      7.989     1.0274   344.9184 1.0740e-01     0.0917    97.7336     7.0780     7.1834    33.2490    33.2482    26.7088    26.7084    8.21843 0.0000e+00
       3347     92.510    -0.3503    -0.3550   2.747019   2.746651     1.9332     2.2857      7.989     1.0274    -1.8655 1.0727e-01     0.0921    97.7249     7.0804     7.1849    33.2492    33.2495    26.7090    26.7095    8.21839 0.0000e+00
       3350     92.614    -0.3499    -0.3539   2.747128   2.746741     1.9336     2.2857      7.989     1.0274     6.8988 1.0752e-01     0.0917    97.7336     7.0860     7.1871    33.2502    33.2494    26.7098    26.7093    8.21826 0.0000e+00
       3353     92.715    -0.3487    -0.3537   2.747279   2.746821     1.9332     2.2853      7.989     1.0173     6.8988 1.0752e-01     0.0921    97.7249     7.0816     7.1877    33.2509    33.2503    26.7103    26.7100    8.21795 0.0000e+00
       3356     92.816    -0.3476    -0.3526   2.747390   2.746911     1.9340     2.2857      7.989     1.0274     6.8988 1.0727e-01     0.0921    97.7249     7.0844     7.1891    33.2511    33.2502    26.7105    26.7099    8.21771 0.0000e+00
       3359     92.915    -0.3475    -0.3523   2.747355   2.746963     1.9332     2.2857      7.989     1.0173     6.8988 1.0727e-01     0.0917    97.7336     7.0821     7.1880    33.2505    33.2504    26.7099    26.7101    8.21772 0.0000e+00
       3362     93.013    -0.3479    -0.3528   2.747328   2.746853     1.9328     2.2853      7.989     1.0478     6.8988 1.0715e-01     0.0917    97.7336     7.0825     7.1866    33.2505    33.2495    26.7099    26.7094    8.21780 0.0000e+00
       3365     93.107    -0.3481    -0.3535   2.747281   2.746802     1.9332     2.2848      7.989     1.1190     6.8988 1.0740e-01     0.0903    97.7684     7.0829     7.1849    33.2500    33.2495    26.7096    26.7094    8.21788 0.0000e+00
       3368     93.200    -0.3482    -0.3535   2.747256   2.746771     1.9336     2.2861      7.989     1.1088     6.8988 1.0740e-01     0.0903    97.7684     7.0829     7.1906    33.2498    33.2491    26.7094    26.7091    8.21791 0.0000e+00
       3371     93.293    -0.3484    -0.3535   2.747284   2.746818     1.9336     2.2844      7.989     1.1190   273.7771 1.0740e-01     0.0906    97.7597     7.0802     7.1828    33.2503    33.2496    26.7098    26.7095    8.21792 0.0000e+00
       3374     93.384    -0.3482    -0.3537   2.747304   2.746807     1.9332     2.2857      7.989     1.1292   481.7133 1.0715e-01     0.0906    97.7597     7.0804     7.1875    33.2503    33.2496    26.7098    26.7096    8.21788 0.0000e+00
       3377     93.474    -0.3473    -0.3531   2.747466   2.746906     1.9324     2.2857      7.989     1.1190   481.0421 1.0752e-01     0.0906    97.7597     7.0785     7.1886    33.2514    33.2502    26.7107    26.7100    8.21762 0.0000e+00
       3380     93.565    -0.3466    -0.3522   2.747526   2.746998     1.9324     2.2857      7.989     1.1088   481.3579 1.0727e-01     0.0906    97.7597     7.0810     7.1880    33.2514    33.2504    26.7106    26.7101    8.21747 0.0000e+00
       3383     93.653    -0.3464    -0.3520   2.747581   2.747045     1.9332     2.2848      7.989     1.1190   481.3579 1.0727e-01     0.0917    97.7336     7.0859     7.1840    33.2518    33.2509    26.7110    26.7104    8.21739 0.0000e+00
       3386     93.739    -0.3456    -0.3507   2.747742   2.747234     1.9332     2.2848      7.989     1.1292   481.3579 1.0727e-01     0.0921    97.7249     7.0834     7.1840    33.2531    33.2519    26.7119    26.7112    8.21715 0.0000e+00
       3389     93.827    -0.3448    -0.3500   2.747786   2.747257     1.9324     2.2848      7.989     1.1190   481.3579 1.0740e-01     0.0917    97.7336     7.0773     7.1824    33.2527    33.2514    26.7116    26.7108    8.21699 0.0000e+00
       3392     93.914    -0.3444    -0.3504   2.747823   2.747201     1.9328     2.2857      7.989     1.1088   481.3579 1.0740e-01     0.0917    97.7336     7.0808     7.1869    33.2527    33.2510    26.7116    26.7105    8.21691 0.0000e+00
       3395     94.003    -0.3420    -0.3496   2.748227   2.747376     1.9324     2.2848      7.989     1.1190   480.4894 1.0727e-01     0.0917    97.7336     7.0791     7.1848    33.2554    33.2524    26.7137    26.7116    8.21622 0.0000e+00
