Datasets/AZMP/HUD120/hud120_2020_077.cnv
* Sea-Bird SBE 9 Data File:
* FileName = C:\CTDDATA\hud120_2020_077.hex
* Software Version Seasave V 7.26.7.110
* Temperature SN = 1697
* Conductivity SN = 4216
* Number of Bytes Per Scan = 30
* Number of Voltage Words = 4
* Number of Scans Averaged by the Deck Unit = 1
* NMEA baud rate = 4800
** VESSEL/TRIP/SEQ STN:  hud120_2020_077
** LATITUDE XX XX.XX: 47 00.00 N
** LONGITUDE XX XX.XX: 052 02.00 W
** SOUNDING DEPTH (M): 0140
** PROBE TYPE: S1146
** CTD NUMBER: 056
** FORMAT: V
** COMMENTS (14 CHAR): FC-05
** BOTTLES:  9
** LEVELS: 5,10,20,30,40,50,75,100,BTM
** STICKERS: 439883 - 439891
** VNET: Y
** DO2: N
# nquan = 22
# nvalues = 2896                        
# units = specified
# name 0 = scan: Scan Count
# name 1 = prDM: Pressure, Digiquartz [db]
# name 2 = t090C: Temperature [ITS-90, deg C]
# name 3 = t190C: Temperature, 2 [ITS-90, deg C]
# name 4 = c0S/m: Conductivity [S/m]
# name 5 = c1S/m: Conductivity, 2 [S/m]
# name 6 = sbeox0V: Oxygen raw, SBE 43 [V]
# name 7 = sbeox1V: Oxygen raw, SBE 43, 2 [V]
# name 8 = ph: pH
# name 9 = flECO-AFL: Fluorescence, WET Labs ECO-AFL/FL [mg/m^3]
# name 10 = wetCDOM: Fluorescence, WET Labs CDOM [mg/m^3]
# name 11 = par/sat/log: PAR/Logarithmic, Satlantic [umol photons/m^2/sec]
# name 12 = CStarAt0: Beam Attenuation, WET Labs C-Star [1/m]
# name 13 = CStarTr0: Beam Transmission, WET Labs C-Star [%]
# name 14 = sbeox0ML/L: Oxygen, SBE 43 [ml/l], WS = 2
# name 15 = sbeox1ML/L: Oxygen, SBE 43, 2 [ml/l], WS = 2
# name 16 = sal00: Salinity, Practical [PSU]
# name 17 = sal11: Salinity, Practical, 2 [PSU]
# name 18 = sigma-t00: Density [sigma-t, kg/m^3 ]
# name 19 = sigma-t11: Density, 2 [sigma-t, kg/m^3 ]
# name 20 = oxsatML/L: Oxygen Saturation, Weiss [ml/l]
# name 21 = flag: flag
# span 0 =         58,      35662       
# span 1 =      0.453,    137.173       
# span 2 =    -0.8461,     3.6287       
# span 3 =    -0.8508,     3.6241       
# span 4 =   2.380830,   2.950176       
# span 5 =   1.356687,   2.949689       
# span 6 =     1.9036,     2.2250       
# span 7 =     2.2622,     2.6362       
# span 8 =      7.998,      8.137       
# span 9 =     0.9765,     3.8662       
# span 10 =    -2.8130,   482.1870      
# span 11 = 1.0715e-01, 1.8025e+01      
# span 12 =     0.0732,     0.1591      
# span 13 =    96.0995,    98.1856      
# span 14 =     6.9715,     7.8183      
# span 15 =     7.1179,     8.0205      
# span 16 =    25.0857,    33.2633      
# span 17 =    13.6014,    33.2631      
# span 18 =    19.9384,    26.7187      
# span 19 =    10.8199,    26.7188      
# span 20 =    7.49138,    8.34868      
# span 21 = 0.0000e+00, 0.0000e+00      
# interval = scans: 3                   
# start_time = Nov 26 2020 10:43:26 [System UTC, header]
# bad_flag = -9.990e-29
*END*
[from data line 66]
        256      8.368     3.6271     3.6227   2.949582   2.949092     2.2047     2.5897      8.132     3.2659     5.9513 3.9073e-01     0.1418    96.5167     7.4823     7.4939    31.7370    31.7355    25.2263    25.2255    7.49168 0.0000e+00
        259      8.438     3.6272     3.6226   2.949611   2.949098     2.2059     2.5889      8.132     3.2659     5.9513 4.0405e-01     0.1418    96.5167     7.4864     7.4898    31.7373    31.7356    25.2264    25.2255    7.49165 0.0000e+00
        262      8.503     3.6273     3.6227   2.949622   2.949110     2.2051     2.5885      8.132     3.2964     5.9513 4.0451e-01     0.1476    96.3776     7.4832     7.4906    31.7372    31.7357    25.2264    25.2255    7.49163 0.0000e+00
        265      8.567     3.6275     3.6227   2.949612   2.949114     2.2051     2.5885      8.132     3.2659     5.9513 3.9072e-01     0.1591    96.0995     7.4818     7.4911    31.7369    31.7357    25.2262    25.2256    7.49162 0.0000e+00
        268      8.631     3.6272     3.6225   2.949611   2.949112     2.2060     2.5885      8.132     3.2659     5.9513 4.0127e-01     0.1584    96.1168     7.4811     7.4907    31.7372    31.7358    25.2264    25.2257    7.49165 0.0000e+00
        271      8.690     3.6275     3.6227   2.949634   2.949110     2.2051     2.5885      8.132     3.2659     5.9513 4.2416e-01     0.1584    96.1168     7.4744     7.4894    31.7372    31.7356    25.2263    25.2255    7.49161 0.0000e+00
        274      8.746     3.6273     3.6227   2.949622   2.949124     2.2051     2.5885      8.132     3.2761     5.9513 4.0878e-01     0.1584    96.1168     7.4737     7.4890    31.7371    31.7358    25.2264    25.2256    7.49164 0.0000e+00
        277      8.793     3.6274     3.6227   2.949639   2.949100     2.2064     2.5893      8.132     3.3168     5.9513 3.8455e-01     0.1584    96.1168     7.4786     7.4913    31.7373    31.7354    25.2264    25.2254    7.49162 0.0000e+00
        280      8.837     3.6273     3.6227   2.949612   2.949137     2.2055     2.5889      8.132     3.4083   266.3156 3.7784e-01     0.1588    96.1081     7.4731     7.4879    31.7370    31.7358    25.2262    25.2257    7.49165 0.0000e+00
        283      8.871     3.6272     3.6226   2.949628   2.949122     2.2055     2.5885      8.132     3.3880   481.7922 3.9209e-01     0.1490    96.3428     7.4720     7.4851    31.7373    31.7357    25.2265    25.2256    7.49166 0.0000e+00
        286      8.899     3.6274     3.6227   2.949638   2.949092     2.2051     2.5897      8.132     3.3880   480.9632 3.6386e-01     0.1418    96.5167     7.4704     7.4875    31.7371    31.7352    25.2263    25.2253    7.49161 0.0000e+00
        333      9.012     3.6276     3.6230   2.949653   2.949146     2.2043     2.5869      8.132     3.4491     0.6217 3.6666e-01     0.1433    96.4819     7.4649     7.4772    31.7371    31.7356    25.2263    25.2254    7.49159 0.0000e+00
        336      9.040     3.6273     3.6230   2.949652   2.949164     2.2039     2.5873      8.132     3.4491    -1.3918 3.6069e-01     0.1433    96.4819     7.4613     7.4792    31.7374    31.7357    25.2265    25.2256    7.49162 0.0000e+00
        339      9.077     3.6274     3.6231   2.949651   2.949166     2.2039     2.5873      8.132     3.4389    -1.2733 3.4894e-01     0.1436    96.4732     7.4629     7.4807    31.7372    31.7357    25.2264    25.2256    7.49161 0.0000e+00
        342      9.121     3.6274     3.6232   2.949660   2.949171     2.2035     2.5873      8.132     3.4694    -1.3523 3.6329e-01     0.1436    96.4732     7.4632     7.4814    31.7374    31.7356    25.2265    25.2255    7.49161 0.0000e+00
        345      9.174     3.6274     3.6232   2.949635   2.949181     2.2047     2.5861      8.132     3.4389    -1.2733 3.9773e-01     0.1415    96.5254     7.4706     7.4748    31.7370    31.7356    25.2262    25.2255    7.49162 0.0000e+00
        348      9.232     3.6273     3.6233   2.949645   2.949189     2.2031     2.5869      8.132     3.4796    -1.2733 4.0274e-01     0.1415    96.5254     7.4657     7.4770    31.7372    31.7356    25.2264    25.2255    7.49163 0.0000e+00
        351      9.294     3.6273     3.6232   2.949675   2.949193     2.2035     2.5869      8.132     3.4593    -1.3128 3.5658e-01     0.1411    96.5341     7.4683     7.4786    31.7376    31.7357    25.2266    25.2256    7.49162 0.0000e+00
        354      9.362     3.6276     3.6232   2.949657   2.949203     2.2031     2.5865      8.132     3.4593    -1.3523 3.2927e-01     0.1411    96.5341     7.4648     7.4780    31.7370    31.7359    25.2262    25.2257    7.49160 0.0000e+00
        357      9.438     3.6272     3.6231   2.949645   2.949188     2.2035     2.5865      8.132     3.2761    44.4039 3.3704e-01     0.1411    96.5341     7.4684     7.4768    31.7372    31.7358    25.2264    25.2256    7.49165 0.0000e+00
        360      9.519     3.6274     3.6229   2.949639   2.949176     2.2027     2.5873      8.132     3.2354   459.2892 2.8134e-01     0.1411    96.5341     7.4674     7.4798    31.7369    31.7357    25.2262    25.2256    7.49164 0.0000e+00
        363      9.603     3.6272     3.6229   2.949637   2.949166     2.2039     2.5869      8.132     3.2456   481.5159 2.6588e-01     0.1429    96.4906     7.4719     7.4800    31.7369    31.7356    25.2262    25.2255    7.49166 0.0000e+00
        366      9.693     3.6274     3.6230   2.949683   2.949170     2.2035     2.5861      8.132     3.2557   481.2000 2.8562e-01     0.1454    96.4298     7.4690     7.4812    31.7373    31.7355    25.2264    25.2254    7.49161 0.0000e+00
        369      9.790     3.6270     3.6227   2.949674   2.949166     2.2035     2.5853      8.132     3.2557   481.2790 2.8868e-01     0.1454    96.4298     7.4695     7.4808    31.7375    31.7357    25.2266    25.2256    7.49167 0.0000e+00
        372      9.891     3.6272     3.6226   2.949680   2.949167     2.2035     2.5861      8.132     3.2557   481.2790 2.7564e-01     0.1454    96.4298     7.4725     7.4844    31.7374    31.7357    25.2265    25.2256    7.49165 0.0000e+00
        375      9.997     3.6270     3.6227   2.949670   2.949194     2.2031     2.5873      8.132     3.2354   481.3184 2.5801e-01     0.1454    96.4298     7.4723     7.4904    31.7373    31.7359    25.2265    25.2258    7.49168 0.0000e+00
        378     10.104     3.6270     3.6224   2.949674   2.949171     2.2035     2.5861      8.132     3.2557   481.2790 2.5681e-01     0.1454    96.4298     7.4735     7.4868    31.7373    31.7358    25.2265    25.2257    7.49168 0.0000e+00
        381     10.215     3.6272     3.6226   2.949673   2.949188     2.2039     2.5861      8.132     3.2354   481.3579 2.5268e-01     0.1454    96.4298     7.4741     7.4875    31.7371    31.7358    25.2263    25.2257    7.49166 0.0000e+00
        384     10.325     3.6269     3.6224   2.949672   2.949198     2.2035     2.5861      8.132     3.1540   481.3184 2.4303e-01     0.1443    96.4558     7.4706     7.4892    31.7373    31.7361    25.2265    25.2259    7.49171 0.0000e+00
        387     10.434     3.6268     3.6227   2.949693   2.949225     2.2027     2.5869      8.132     3.1641   481.3184 2.4188e-01     0.1433    96.4819     7.4651     7.4948    31.7376    31.7360    25.2267    25.2259    7.49170 0.0000e+00
        390     10.538     3.6273     3.6230   2.949723   2.949255     2.2027     2.5877      8.132     3.1540   481.2395 2.4043e-01     0.1436    96.4732     7.4654     7.5015    31.7374    31.7361    25.2266    25.2259    7.49162 0.0000e+00
        393     10.643     3.6273     3.6230   2.949746   2.949259     2.2031     2.5873      8.132     3.1438   481.3579 2.3714e-01     0.1440    96.4645     7.4668     7.4972    31.7376    31.7360    25.2267    25.2258    7.49161 0.0000e+00
        396     10.743     3.6276     3.6229   2.949782   2.949269     2.2043     2.5873      8.132     3.1641   481.3184 2.1869e-01     0.1433    96.4819     7.4721     7.4935    31.7377    31.7362    25.2268    25.2260    7.49155 0.0000e+00
        399     10.839     3.6277     3.6228   2.949767   2.949273     2.2035     2.5869      8.134     3.1540   481.3184 2.2175e-01     0.1433    96.4819     7.4696     7.4892    31.7374    31.7363    25.2265    25.2261    7.49155 0.0000e+00
        402     10.934     3.6281     3.6228   2.949801   2.949260     2.2027     2.5869      8.132     3.1641   481.2790 2.2567e-01     0.1440    96.4645     7.4650     7.4890    31.7374    31.7362    25.2264    25.2259    7.49148 0.0000e+00
        405     11.029     3.6280     3.6229   2.949781   2.949287     2.2031     2.5873      8.132     3.1438   481.3184 2.1774e-01     0.1422    96.5080     7.4680     7.4891    31.7372    31.7363    25.2263    25.2261    7.49150 0.0000e+00
        408     11.119     3.6279     3.6232   2.949806   2.949319     2.2027     2.5873      8.132     3.1947   481.3184 2.2861e-01     0.1418    96.5167     7.4676     7.4875    31.7376    31.7363    25.2266    25.2260    7.49151 0.0000e+00
        411     11.204     3.6283     3.6236   2.949807   2.949324     2.2027     2.5881      8.132     3.2761   481.3579 2.3554e-01     0.1418    96.5167     7.4679     7.4892    31.7371    31.7360    25.2262    25.2257    7.49145 0.0000e+00
        414     11.287     3.6280     3.6236   2.949783   2.949307     2.2027     2.5881      8.132     3.2557   481.3579 2.1025e-01     0.1418    96.5167     7.4661     7.4894    31.7371    31.7357    25.2262    25.2255    7.49151 0.0000e+00
        417     11.365     3.6281     3.6236   2.949812   2.949348     2.2027     2.5869      8.132     3.2659   481.3579 2.0764e-01     0.1422    96.5080     7.4649     7.4838    31.7373    31.7362    25.2264    25.2259    7.49149 0.0000e+00
        420     11.440     3.6283     3.6235   2.949829   2.949315     2.2031     2.5861      8.132     3.2659   481.3184 2.0191e-01     0.1422    96.5080     7.4672     7.4830    31.7373    31.7358    25.2264    25.2256    7.49145 0.0000e+00
        423     11.512     3.6282     3.6234   2.949819   2.949303     2.2031     2.5861      8.132     3.2557   481.3184 1.9664e-01     0.1422    96.5080     7.4687     7.4826    31.7372    31.7357    25.2263    25.2256    7.49147 0.0000e+00
        426     11.577     3.6285     3.6233   2.949820   2.949313     2.2027     2.5873      8.132     3.2659   481.3579 1.8840e-01     0.1422    96.5080     7.4711     7.4854    31.7369    31.7359    25.2260    25.2257    7.49143 0.0000e+00
        429     11.636     3.6285     3.6233   2.949830   2.949293     2.2027     2.5873      8.132     3.2659   481.3184 1.9438e-01     0.1422    96.5080     7.4727     7.4864    31.7370    31.7356    25.2261    25.2255    7.49143 0.0000e+00
        432     11.690     3.6285     3.6237   2.949803   2.949332     2.2027     2.5873      8.132     3.2761   481.3579 1.8908e-01     0.1422    96.5080     7.4742     7.4853    31.7366    31.7357    25.2258    25.2255    7.49145 0.0000e+00
        435     11.742     3.6286     3.6238   2.948973   2.949327     2.2027     2.5877      8.132     3.4694   480.7262 1.9392e-01     0.1422    96.5080     7.4746     7.4855    31.7266    31.7355    25.2178    25.2253    7.49191 0.0000e+00
        438     11.785     3.6285     3.6238   2.949830   2.949347     2.2027     2.5865      8.132     3.5508    74.3685 1.9151e-01     0.1422    96.5080     7.4739     7.4836    31.7369    31.7357    25.2260    25.2255    7.49142 0.0000e+00
        441     11.827     3.6284     3.6238   2.949837   2.949337     2.2027     2.5865      8.132     3.5508     2.2798 1.7679e-01     0.1422    96.5080     7.4737     7.4878    31.7371    31.7356    25.2262    25.2255    7.49144 0.0000e+00
        444     11.869     3.6284     3.6238   2.949833   2.949366     2.2023     2.5881      8.132     3.5304     5.9908 1.8578e-01     0.1433    96.4819     7.4713     7.4953    31.7370    31.7359    25.2261    25.2257    7.49144 0.0000e+00
        447     11.906     3.6281     3.6238   2.949836   2.949369     2.2027     2.5865      8.132     3.5508     5.8329 1.8217e-01     0.1443    96.4558     7.4749     7.4874    31.7372    31.7359    25.2263    25.2257    7.49148 0.0000e+00
        450     11.942     3.6282     3.6237   2.949827   2.949344     2.2039     2.5873      8.132     3.5508     5.8329 1.8862e-01     0.1443    96.4558     7.4811     7.4896    31.7371    31.7357    25.2262    25.2256    7.49148 0.0000e+00
        453     11.978     3.6281     3.6234   2.949821   2.949319     2.2031     2.5873      8.132     3.5508     5.8329 1.9460e-01     0.1440    96.4645     7.4759     7.4905    31.7371    31.7357    25.2262    25.2255    7.49149 0.0000e+00
        456     12.015     3.6281     3.6234   2.949834   2.949335     2.2031     2.5861      8.132     3.5406     5.8329 1.9539e-01     0.1443    96.4558     7.4737     7.4868    31.7372    31.7359    25.2263    25.2257    7.49148 0.0000e+00
        459     12.051     3.6283     3.6235   2.949829   2.949336     2.2031     2.5861      8.132     3.5508     5.8329 1.8579e-01     0.1443    96.4558     7.4765     7.4882    31.7370    31.7358    25.2261    25.2256    7.49146 0.0000e+00
        462     12.090     3.6285     3.6235   2.949856   2.949346     2.2031     2.5873      8.132     3.6627     5.2407 1.8999e-01     0.1443    96.4558     7.4765     7.4936    31.7371    31.7359    25.2262    25.2257    7.49142 0.0000e+00
        465     12.130     3.6286     3.6235   2.949894   2.949328     2.2027     2.5885      8.132     3.6627     1.8850 1.8682e-01     0.1418    96.5167     7.4742     7.4943    31.7374    31.7356    25.2265    25.2254    7.49139 0.0000e+00
        468     12.173     3.6284     3.6234   2.949878   2.949356     2.2031     2.5877      8.132     3.6627     1.9245 1.8624e-01     0.1400    96.5602     7.4747     7.4911    31.7373    31.7360    25.2264    25.2258    7.49141 0.0000e+00
        471     12.217     3.6286     3.6236   2.949894   2.949369     2.2031     2.5869      8.132     3.6525     1.9245 1.9105e-01     0.1400    96.5602     7.4718     7.4886    31.7373    31.7360    25.2264    25.2257    7.49138 0.0000e+00
        474     12.265     3.6286     3.6236   2.949890   2.949377     2.2031     2.5877      8.132     3.6525     1.9245 1.8730e-01     0.1400    96.5602     7.4736     7.4895    31.7373    31.7360    25.2263    25.2258    7.49139 0.0000e+00
        477     12.317     3.6287     3.6236   2.949883   2.949390     2.2019     2.5873      8.132     3.6627     1.9245 1.8935e-01     0.1400    96.5602     7.4713     7.4898    31.7370    31.7361    25.2261    25.2259    7.49138 0.0000e+00
        480     12.375     3.6283     3.6237   2.949887   2.949385     2.2027     2.5873      8.132     3.6627     1.9245 1.7498e-01     0.1400    96.5602     7.4752     7.4886    31.7375    31.7360    25.2265    25.2257    7.49144 0.0000e+00
        483     12.436     3.6283     3.6236   2.949878   2.949365     2.2043     2.5877      8.132     3.6525     1.9245 1.7435e-01     0.1404    96.5515     7.4836     7.4872    31.7374    31.7358    25.2264    25.2256    7.49145 0.0000e+00
        486     12.502     3.6283     3.6239   2.949882   2.949390     2.2031     2.5873      8.132     3.6525     1.9245 1.8264e-01     0.1426    96.4993     7.4786     7.4836    31.7373    31.7358    25.2264    25.2256    7.49144 0.0000e+00
        489     12.572     3.6283     3.6241   2.949902   2.949407     2.2031     2.5861      8.132     3.6729     3.2273 1.7707e-01     0.1433    96.4819     7.4773     7.4809    31.7376    31.7358    25.2266    25.2255    7.49143 0.0000e+00
        492     12.647     3.6282     3.6241   2.949906   2.949427     2.2031     2.5873      8.132     3.6729     5.3592 1.6841e-01     0.1429    96.4906     7.4755     7.4876    31.7376    31.7359    25.2266    25.2257    7.49144 0.0000e+00
