Datasets/AZMP/HUD120/hud120_2020_073.cnv
* Sea-Bird SBE 9 Data File:
* FileName = C:\CTDDATA\hud120_2020_073.hex
* Software Version Seasave V 7.26.7.110
* Temperature SN = 1697
* Conductivity SN = 4216
* Number of Bytes Per Scan = 30
* Number of Voltage Words = 4
* Number of Scans Averaged by the Deck Unit = 1
* NMEA baud rate = 4800
** VESSEL/TRIP/SEQ STN:  hud120_2020_073
** LATITUDE XX XX.XX: 47 00.00 N
** LONGITUDE XX XX.XX: 050 00.00 W
** SOUNDING DEPTH (M): 0085
** PROBE TYPE: S1146
** CTD NUMBER: 052
** FORMAT: V
** COMMENTS (14 CHAR): FC-09
** BOTTLES:  7
** LEVELS: 5,10,20,30,40,50,BTM
** STICKERS: 439860 - 439866
** VNET: Y
** DO2: N
# nquan = 22
# nvalues = 1503                        
# units = specified
# name 0 = scan: Scan Count
# name 1 = prDM: Pressure, Digiquartz [db]
# name 2 = t090C: Temperature [ITS-90, deg C]
# name 3 = t190C: Temperature, 2 [ITS-90, deg C]
# name 4 = c0S/m: Conductivity [S/m]
# name 5 = c1S/m: Conductivity, 2 [S/m]
# name 6 = sbeox0V: Oxygen raw, SBE 43 [V]
# name 7 = sbeox1V: Oxygen raw, SBE 43, 2 [V]
# name 8 = ph: pH
# name 9 = flECO-AFL: Fluorescence, WET Labs ECO-AFL/FL [mg/m^3]
# name 10 = wetCDOM: Fluorescence, WET Labs CDOM [mg/m^3]
# name 11 = par/sat/log: PAR/Logarithmic, Satlantic [umol photons/m^2/sec]
# name 12 = CStarAt0: Beam Attenuation, WET Labs C-Star [1/m]
# name 13 = CStarTr0: Beam Transmission, WET Labs C-Star [%]
# name 14 = sbeox0ML/L: Oxygen, SBE 43 [ml/l], WS = 2
# name 15 = sbeox1ML/L: Oxygen, SBE 43, 2 [ml/l], WS = 2
# name 16 = sal00: Salinity, Practical [PSU]
# name 17 = sal11: Salinity, Practical, 2 [PSU]
# name 18 = sigma-t00: Density [sigma-t, kg/m^3 ]
# name 19 = sigma-t11: Density, 2 [sigma-t, kg/m^3 ]
# name 20 = oxsatML/L: Oxygen Saturation, Weiss [ml/l]
# name 21 = flag: flag
# span 0 =         72,      20053       
# span 1 =      1.552,     82.716       
# span 2 =     0.7282,     5.4317       
# span 3 =     0.7236,     5.4278       
# span 4 =   2.799192,   3.110758       
# span 5 =   2.798454,   3.110071       
# span 6 =     1.8465,     2.2016       
# span 7 =     2.1863,     2.6278       
# span 8 =      7.951,      8.149       
# span 9 =     1.2818,     4.1409       
# span 10 =    -2.8130,   482.1870      
# span 11 = 1.0533e-01, 7.6842e-01      
# span 12 =     0.1368,     0.3568      
# span 13 =    91.4665,    96.6384      
# span 14 =     6.4437,     7.1373      
# span 15 =     6.4687,     7.4780      
# span 16 =    31.8443,    32.8657      
# span 17 =    31.8441,    32.8013      
# span 18 =    25.1268,    26.3372      
# span 19 =    25.1274,    26.2936      
# span 20 =    7.16258,    8.01116      
# span 21 = 0.0000e+00, 0.0000e+00      
# interval = scans: 3                   
# start_time = Nov 26 2020 00:02:19 [System UTC, header]
# bad_flag = -9.990e-29
*END*
[from data line 264]
       1321     26.553     5.4229     5.4181   3.108969   3.108352     2.1921     2.6072      8.146     3.2252   481.3579 1.0715e-01     0.1443    96.4558     7.0845     7.2221    31.8490    31.8466    25.1310    25.1296    7.16406 0.0000e+00
       1324     26.630     5.4251     5.4185   3.109125   3.108419     2.1929     2.6081      8.144     3.2151   241.4438 1.0715e-01     0.1443    96.4558     7.0869     7.2246    31.8487    31.8470    25.1305    25.1298    7.16371 0.0000e+00
       1327     26.708     5.4249     5.4193   3.109076   3.108469     2.1925     2.6081      8.144     3.2252    -0.7206 1.0715e-01     0.1443    96.4558     7.0855     7.2231    31.8482    31.8468    25.1302    25.1296    7.16376 0.0000e+00
       1330     26.790     5.4243     5.4185   3.109009   3.108381     2.1925     2.6081      8.147     3.2151     6.3856 1.0715e-01     0.1443    96.4558     7.0841     7.2234    31.8481    31.8464    25.1301    25.1294    7.16388 0.0000e+00
       1333     26.875     5.4238     5.4192   3.108996   3.108456     2.1925     2.6081      8.144     3.2151     6.0698 1.0715e-01     0.1443    96.4558     7.0830     7.2236    31.8483    31.8466    25.1303    25.1295    7.16394 0.0000e+00
       1336     26.963     5.4236     5.4200   3.108999   3.108521     2.1921     2.6085      8.147     3.2252     6.0698 1.0715e-01     0.1443    96.4558     7.0793     7.2241    31.8486    31.8465    25.1306    25.1293    7.16398 0.0000e+00
       1339     27.056     5.4234     5.4199   3.108968   3.108523     2.1929     2.6085      8.146     3.2151     6.0698 1.0715e-01     0.1508    96.2994     7.0821     7.2248    31.8483    31.8466    25.1304    25.1294    7.16402 0.0000e+00
       1342     27.147     5.4242     5.4198   3.109047   3.108524     2.1929     2.6085      8.144     3.2252     6.0698 1.0715e-01     0.1573    96.1429     7.0816     7.2235    31.8484    31.8467    25.1304    25.1295    7.16387 0.0000e+00
       1345     27.242     5.4242     5.4217   3.109084   3.108722     2.1921     2.6081      8.144     3.3677     6.0698 1.0715e-01     0.1573    96.1429     7.0789     7.2208    31.8488    31.8470    25.1306    25.1295    7.16385 0.0000e+00
       1348     27.338     5.4250     5.4225   3.109155   3.108780     2.1929     2.6081      8.144     3.3982     6.0698 1.0715e-01     0.1573    96.1429     7.0806     7.2196    31.8488    31.8469    25.1305    25.1294    7.16372 0.0000e+00
       1351     27.437     5.4257     5.4226   3.109209   3.108826     2.1925     2.6081      8.144     3.3880   378.6335 1.0715e-01     0.1573    96.1429     7.0789     7.2195    31.8487    31.8473    25.1304    25.1296    7.16360 0.0000e+00
       1354     27.536     5.4260     5.4228   3.109265   3.108831     2.1917     2.6081      8.144     3.3880   481.9501 1.0715e-01     0.1573    96.1429     7.0741     7.2211    31.8490    31.8471    25.1306    25.1295    7.16354 0.0000e+00
       1357     27.637     5.4258     5.4229   3.109239   3.108810     2.1925     2.6081      8.146     3.3982   481.0026 1.0715e-01     0.1573    96.1429     7.0777     7.2212    31.8489    31.8467    25.1306    25.1292    7.16358 0.0000e+00
       1360     27.734     5.4263     5.4230   3.109325   3.108846     2.1917     2.6073      8.146     3.3880   481.3184 1.0715e-01     0.1469    96.3950     7.0738     7.2183    31.8494    31.8470    25.1308    25.1294    7.16348 0.0000e+00
       1363     27.834     5.4268     5.4229   3.109339   3.108862     2.1917     2.6089      8.144     3.3880   481.3184 1.0715e-01     0.1429    96.4906     7.0738     7.2249    31.8490    31.8472    25.1305    25.1295    7.16341 0.0000e+00
       1366     27.933     5.4269     5.4229   3.109329   3.108845     2.1921     2.6085      8.144     3.3880   481.3184 1.0715e-01     0.1433    96.4819     7.0767     7.2251    31.8487    31.8470    25.1302    25.1293    7.16340 0.0000e+00
       1369     28.030     5.4269     5.4229   3.109365   3.108845     2.1925     2.6081      8.146     3.5101   481.3579 1.0715e-01     0.1429    96.4906     7.0793     7.2250    31.8490    31.8470    25.1305    25.1294    7.16338 0.0000e+00
       1372     28.126     5.4270     5.4228   3.109371   3.108867     2.1917     2.6081      8.144     4.0494   481.3579 1.0715e-01     0.1433    96.4819     7.0764     7.2260    31.8489    31.8473    25.1304    25.1296    7.16337 0.0000e+00
       1375     28.217     5.4269     5.4228   3.109367   3.108861     2.1913     2.6085      8.146     4.0188   430.7063 1.0715e-01     0.1433    96.4819     7.0751     7.2293    31.8489    31.8471    25.1304    25.1295    7.16338 0.0000e+00
       1378     28.305     5.4268     5.4230   3.109388   3.108847     2.1917     2.6093      8.146     4.0494    17.9135 1.0715e-01     0.1436    96.4732     7.0776     7.2321    31.8492    31.8468    25.1307    25.1292    7.16338 0.0000e+00
       1381     28.391     5.4271     5.4232   3.109386   3.108870     2.1917     2.6081      8.144     4.0290    -2.1813 1.0715e-01     0.1461    96.4124     7.0783     7.2276    31.8489    31.8468    25.1304    25.1291    7.16335 0.0000e+00
       1384     28.475     5.4274     5.4231   3.109391   3.108878     2.1921     2.6085      8.144     4.0392    -0.4838 1.0715e-01     0.1465    96.4037     7.0804     7.2284    31.8486    31.8469    25.1301    25.1292    7.16331 0.0000e+00
       1387     28.560     5.4272     5.4232   3.109417   3.108920     2.1913     2.6085      8.146     4.0392    -0.5627 1.0715e-01     0.1465    96.4037     7.0772     7.2281    31.8491    31.8473    25.1306    25.1296    7.16333 0.0000e+00
       1390     28.640     5.4275     5.4231   3.109448   3.108909     2.1921     2.6089      8.144     4.0392    -0.5627 1.0715e-01     0.1465    96.4037     7.0786     7.2296    31.8491    31.8472    25.1305    25.1295    7.16328 0.0000e+00
       1393     28.717     5.4274     5.4228   3.109410   3.108889     2.1917     2.6089      8.144     4.0392    -0.5627 1.0715e-01     0.1465    96.4037     7.0763     7.2292    31.8488    31.8472    25.1303    25.1295    7.16331 0.0000e+00
       1396     28.792     5.4271     5.4229   3.109399   3.108887     2.1913     2.6097      8.146     3.8561    -0.5627 1.0715e-01     0.1465    96.4037     7.0743     7.2305    31.8488    31.8470    25.1303    25.1294    7.16335 0.0000e+00
       1399     28.863     5.4271     5.4230   3.109387   3.108896     2.1913     2.6093      8.144     3.6424    -0.5627 1.0715e-01     0.1461    96.4124     7.0744     7.2262    31.8486    31.8470    25.1302    25.1294    7.16336 0.0000e+00
       1402     28.935     5.4273     5.4230   3.109403   3.108915     2.1917     2.6093      8.146     3.6627     0.1874 1.0715e-01     0.1443    96.4558     7.0738     7.2254    31.8486    31.8471    25.1302    25.1295    7.16333 0.0000e+00
       1405     29.004     5.4275     5.4230   3.109392   3.108910     2.1917     2.6089      8.144     3.6729     1.8850 1.0715e-01     0.1443    96.4558     7.0747     7.2229    31.8483    31.8471    25.1299    25.1295    7.16332 0.0000e+00
       1408     29.068     5.4276     5.4237   3.109422   3.108943     2.1913     2.6093      8.146     3.6627     1.8060 1.0715e-01     0.1440    96.4645     7.0734     7.2223    31.8486    31.8468    25.1301    25.1291    7.16329 0.0000e+00
       1411     29.133     5.4275     5.4234   3.109404   3.108925     2.1917     2.6093      8.144     3.6627     1.8060 1.0715e-01     0.1443    96.4558     7.0752     7.2205    31.8484    31.8468    25.1299    25.1291    7.16331 0.0000e+00
       1414     29.195     5.4275     5.4233   3.109424   3.108919     2.1905     2.6089      8.144     3.6729     1.8060 1.0715e-01     0.1443    96.4558     7.0679     7.2176    31.8486    31.8469    25.1301    25.1292    7.16330 0.0000e+00
       1417     29.259     5.4275     5.4233   3.109431   3.108960     2.1905     2.6089      8.146     3.6525     1.8060 1.0715e-01     0.1443    96.4558     7.0698     7.2167    31.8486    31.8473    25.1301    25.1296    7.16330 0.0000e+00
       1420     29.322     5.4275     5.4233   3.109452   3.108943     2.1909     2.6089      8.144     3.6525     1.8060 1.0715e-01     0.1450    96.4385     7.0734     7.2157    31.8488    31.8470    25.1303    25.1293    7.16329 0.0000e+00
       1423     29.385     5.4274     5.4233   3.109441   3.108955     2.1909     2.6081      8.144     3.5610     1.8060 1.0715e-01     0.1454    96.4298     7.0737     7.2139    31.8487    31.8471    25.1302    25.1295    7.16330 0.0000e+00
       1426     29.447     5.4274     5.4232   3.109440   3.108964     2.1905     2.6085      8.144     3.5406     1.8060 1.0715e-01     0.1454    96.4298     7.0739     7.2151    31.8487    31.8473    25.1302    25.1296    7.16330 0.0000e+00
       1429     29.513     5.4275     5.4226   3.109457   3.108901     2.1913     2.6085      8.144     3.5406     3.4642 1.0727e-01     0.1454    96.4298     7.0801     7.2152    31.8488    31.8471    25.1303    25.1295    7.16329 0.0000e+00
       1432     29.581     5.4276     5.4225   3.109460   3.108897     2.1909     2.6085      8.147     3.5406     4.5696 1.0715e-01     0.1454    96.4298     7.0798     7.2141    31.8487    31.8471    25.1302    25.1295    7.16328 0.0000e+00
       1435     29.651     5.4272     5.4228   3.109451   3.108920     2.1905     2.6081      8.144     3.5304     4.5301 1.0715e-01     0.1450    96.4385     7.0776     7.2121    31.8489    31.8472    25.1304    25.1295    7.16333 0.0000e+00
       1438     29.725     5.4272     5.4226   3.109453   3.108914     2.1897     2.6081      8.144     3.5304     4.5301 1.0715e-01     0.1454    96.4298     7.0760     7.2130    31.8489    31.8472    25.1304    25.1295    7.16334 0.0000e+00
       1441     29.805     5.4273     5.4229   3.109437   3.108939     2.1913     2.6081      8.146     3.5406     4.5301 1.0715e-01     0.1436    96.4732     7.0828     7.2115    31.8487    31.8472    25.1302    25.1295    7.16333 0.0000e+00
       1444     29.887     5.4270     5.4229   3.109430   3.108947     2.1909     2.6081      8.144     3.5508     4.5301 1.0715e-01     0.1433    96.4819     7.0797     7.2107    31.8488    31.8472    25.1303    25.1296    7.16338 0.0000e+00
       1447     29.971     5.4272     5.4228   3.109456   3.108989     2.1913     2.6077      8.144     3.5508     4.5301 1.0715e-01     0.1433    96.4819     7.0814     7.2073    31.8488    31.8477    25.1303    25.1300    7.16334 0.0000e+00
       1450     30.057     5.4272     5.4231   3.109462   3.108962     2.1909     2.6081      8.146     3.7746     4.5301 1.0715e-01     0.1433    96.4819     7.0779     7.2075    31.8489    31.8471    25.1303    25.1294    7.16334 0.0000e+00
       1453     30.147     5.4276     5.4229   3.109459   3.108943     2.1921     2.6077      8.144     3.7746     4.5696 1.0715e-01     0.1433    96.4819     7.0823     7.2065    31.8484    31.8470    25.1299    25.1294    7.16329 0.0000e+00
       1456     30.242     5.4275     5.4228   3.109486   3.108953     2.1897     2.6069      8.144     3.7746     6.5830 1.0715e-01     0.1433    96.4819     7.0732     7.2046    31.8487    31.8472    25.1303    25.1295    7.16329 0.0000e+00
       1459     30.341     5.4274     5.4232   3.109516   3.109046     2.1905     2.6069      8.146     3.7848     6.8988 1.0715e-01     0.1433    96.4819     7.0752     7.2045    31.8492    31.8478    25.1306    25.1300    7.16329 0.0000e+00
       1462     30.452     5.4277     5.4233   3.109538   3.109059     2.1913     2.6077      8.144     3.7848     6.8988 1.0715e-01     0.1443    96.4558     7.0768     7.2067    31.8490    31.8478    25.1305    25.1300    7.16324 0.0000e+00
       1465     30.559     5.4276     5.4232   3.109487   3.108983     2.1909     2.6056      8.144     3.7848     6.8988 1.0715e-01     0.1443    96.4558     7.0740     7.2005    31.8485    31.8470    25.1300    25.1293    7.16328 0.0000e+00
       1468     30.674     5.4275     5.4233   3.109504   3.109006     2.1905     2.6065      8.144     3.7950     6.8988 1.0715e-01     0.1440    96.4645     7.0727     7.2041    31.8487    31.8471    25.1302    25.1294    7.16329 0.0000e+00
       1471     30.793     5.4277     5.4234   3.109518   3.109001     2.1905     2.6056      8.146     3.7848     6.8988 1.0715e-01     0.1443    96.4558     7.0731     7.2020    31.8486    31.8468    25.1301    25.1292    7.16326 0.0000e+00
       1474     30.923     5.4273     5.4233   3.109525   3.109006     2.1901     2.6065      8.144     3.6831     6.8988 1.0715e-01     0.1443    96.4558     7.0739     7.2078    31.8490    31.8470    25.1305    25.1293    7.16331 0.0000e+00
       1477     31.057     5.4276     5.4233   3.109537   3.109029     2.1905     2.6065      8.144     3.4083     6.8988 1.0715e-01     0.1443    96.4558     7.0774     7.2122    31.8489    31.8471    25.1303    25.1294    7.16327 0.0000e+00
       1480     31.194     5.4276     5.4237   3.109533   3.109049     2.1905     2.6065      8.144     3.4185    86.0148 1.0727e-01     0.1440    96.4645     7.0784     7.2136    31.8488    31.8470    25.1302    25.1292    7.16328 0.0000e+00
       1483     31.339     5.4280     5.4235   3.109573   3.109057     2.1901     2.6056      8.144     3.4185   474.7649 1.0715e-01     0.1422    96.5080     7.0750     7.2120    31.8487    31.8472    25.1301    25.1295    7.16320 0.0000e+00
       1486     31.490     5.4278     5.4237   3.109566   3.109074     2.1905     2.6056      8.146     3.4083   481.4369 1.0715e-01     0.1426    96.4993     7.0775     7.2162    31.8487    31.8471    25.1302    25.1293    7.16323 0.0000e+00
       1489     31.651     5.4276     5.4234   3.109573   3.109050     2.1905     2.6060      8.144     3.4185   481.2000 1.0715e-01     0.1426    96.4993     7.0803     7.2209    31.8489    31.8470    25.1304    25.1293    7.16326 0.0000e+00
       1492     31.813     5.4277     5.4234   3.109564   3.109046     2.1901     2.6056      8.144     3.4389   481.3184 1.0715e-01     0.1429    96.4906     7.0805     7.2204    31.8486    31.8469    25.1301    25.1292    7.16325 0.0000e+00
       1495     31.983     5.4278     5.4235   3.109597   3.109092     2.1905     2.6056      8.144     3.4287   481.3184 1.0715e-01     0.1422    96.5080     7.0850     7.2226    31.8489    31.8473    25.1303    25.1295    7.16323 0.0000e+00
       1498     32.158     5.4277     5.4237   3.109579   3.109098     2.1913     2.6069      8.144     3.4185   481.3579 1.0715e-01     0.1426    96.4993     7.0905     7.2288    31.8487    31.8470    25.1301    25.1293    7.16325 0.0000e+00
       1501     32.337     5.4277     5.4239   3.109594   3.109112     2.1905     2.6069      8.146     3.3778   481.3579 1.0715e-01     0.1440    96.4645     7.0910     7.2332    31.8488    31.8469    25.1302    25.1292    7.16326 0.0000e+00
       1504     32.516     5.4276     5.4238   3.109613   3.109116     2.1897     2.6056      8.144     3.3372   481.3579 1.0715e-01     0.1440    96.4645     7.0918     7.2316    31.8490    31.8470    25.1305    25.1292    7.16327 0.0000e+00
       1507     32.698     5.4278     5.4238   3.109610   3.109128     2.1905     2.6069      8.144     3.3270   276.4222 1.0715e-01     0.1443    96.4558     7.0960     7.2373    31.8487    31.8470    25.1302    25.1292    7.16325 0.0000e+00
       1510     32.881     5.4278     5.4239   3.109623   3.109134     2.1905     2.6073      8.147     3.3372    -1.8655 1.0715e-01     0.1443    96.4558     7.0936     7.2399    31.8487    31.8469    25.1302    25.1291    7.16323 0.0000e+00
       1513     33.060     5.4278     5.4237   3.109627   3.109127     2.1909     2.6069      8.144     3.3372     4.5696 1.0727e-01     0.1443    96.4558     7.0907     7.2399    31.8487    31.8469    25.1302    25.1292    7.16324 0.0000e+00
