Datasets/AZMP/HUD120/hud120_2020_087.cnv
* Sea-Bird SBE 9 Data File:
* FileName = C:\CTDDATA\hud120_2020_087.hex
* Software Version Seasave V 7.26.7.110
* Temperature SN = 1697
* Conductivity SN = 4216
* Number of Bytes Per Scan = 30
* Number of Voltage Words = 4
* Number of Scans Averaged by the Deck Unit = 1
* NMEA baud rate = 4800
** VESSEL/TRIP/SEQ STN:  hud120_2020_087
** LATITUDE XX XX.XX: 48 48.00 N
** LONGITUDE XX XX.XX: 052 45.00 W
** SOUNDING DEPTH (M): 0183
** PROBE TYPE: S1146
** CTD NUMBER: 064
** FORMAT: V
** COMMENTS (14 CHAR): BB-02
** BOTTLES:  0
** LEVELS:
** STICKERS:
** VNET: Y
** DO2: N
# nquan = 22
# nvalues = 3401                        
# units = specified
# name 0 = scan: Scan Count
# name 1 = prDM: Pressure, Digiquartz [db]
# name 2 = t090C: Temperature [ITS-90, deg C]
# name 3 = t190C: Temperature, 2 [ITS-90, deg C]
# name 4 = c0S/m: Conductivity [S/m]
# name 5 = c1S/m: Conductivity, 2 [S/m]
# name 6 = sbeox0V: Oxygen raw, SBE 43 [V]
# name 7 = sbeox1V: Oxygen raw, SBE 43, 2 [V]
# name 8 = ph: pH
# name 9 = flECO-AFL: Fluorescence, WET Labs ECO-AFL/FL [mg/m^3]
# name 10 = wetCDOM: Fluorescence, WET Labs CDOM [mg/m^3]
# name 11 = par/sat/log: PAR/Logarithmic, Satlantic [umol photons/m^2/sec]
# name 12 = CStarAt0: Beam Attenuation, WET Labs C-Star [1/m]
# name 13 = CStarTr0: Beam Transmission, WET Labs C-Star [%]
# name 14 = sbeox0ML/L: Oxygen, SBE 43 [ml/l], WS = 2
# name 15 = sbeox1ML/L: Oxygen, SBE 43, 2 [ml/l], WS = 2
# name 16 = sal00: Salinity, Practical [PSU]
# name 17 = sal11: Salinity, Practical, 2 [PSU]
# name 18 = sigma-t00: Density [sigma-t, kg/m^3 ]
# name 19 = sigma-t11: Density, 2 [sigma-t, kg/m^3 ]
# name 20 = oxsatML/L: Oxygen Saturation, Weiss [ml/l]
# name 21 = flag: flag
# span 0 =         38,      11832       
# span 1 =      2.547,    169.096       
# span 2 =    -0.2964,     2.2765       
# span 3 =    -0.3013,     2.2722       
# span 4 =   2.726502,   2.856924       
# span 5 =   2.725994,   2.856467       
# span 6 =     1.9377,     2.1880       
# span 7 =     2.2979,     2.6080       
# span 8 =      8.066,      8.162       
# span 9 =     1.0173,     4.0188       
# span 10 =    -2.8130,   482.1870      
# span 11 = 1.0556e-01, 2.5463e-01      
# span 12 =     0.0874,     0.1461      
# span 13 =    96.4124,    97.8379      
# span 14 =     7.1701,     7.6956      
# span 15 =     7.3052,     7.8552      
# span 16 =    31.9509,    32.9890      
# span 17 =    31.9518,    32.9884      
# span 18 =    25.5106,    26.4957      
# span 19 =    25.5108,    26.4955      
# span 20 =    7.74007,    8.22298      
# span 21 = 0.0000e+00, 0.0000e+00      
# interval = scans: 3                   
# start_time = Nov 27 2020 22:38:26 [System UTC, header]
# bad_flag = -9.990e-29
*END*
[from data line 3095]
      10918     32.813     2.2164     2.2094   2.854092   2.853549     2.1745     2.5942      8.157     2.8488     2.9114 1.0715e-01     0.1314    96.7688     7.6710     7.8298    31.9649    31.9652    25.5249    25.5256    7.75142 0.0000e+00
      10921     32.740     2.2161     2.2086   2.854070   2.853519     2.1749     2.5938      8.157     2.8386     6.2277 1.0715e-01     0.1314    96.7688     7.6725     7.8303    31.9649    31.9657    25.5250    25.5261    7.75148 0.0000e+00
      10924     32.665     2.2157     2.2102   2.854033   2.853571     2.1737     2.5938      8.157     2.8386     6.1882 1.0715e-01     0.1307    96.7861     7.6630     7.8307    31.9650    31.9648    25.5250    25.5252    7.75156 0.0000e+00
      10927     32.591     2.2174     2.2101   2.854133   2.853588     2.1745     2.5946      8.157     2.8386     6.1882 1.0715e-01     0.1307    96.7861     7.6615     7.8340    31.9644    31.9650    25.5244    25.5255    7.75124 0.0000e+00
      10930     32.521     2.2166     2.2109   2.854083   2.853629     2.1741     2.5942      8.157     2.8895     6.1882 1.0715e-01     0.1314    96.7688     7.6588     7.8315    31.9648    31.9649    25.5248    25.5253    7.75139 0.0000e+00
      10933     32.449     2.2173     2.2131   2.854164   2.853689     2.1737     2.5954      8.157     3.1947     6.1882 1.0715e-01     0.1314    96.7688     7.6568     7.8343    31.9650    31.9634    25.5250    25.5240    7.75123 0.0000e+00
      10936     32.377     2.2184     2.2138   2.854156   2.853698     2.1737     2.5950      8.157     3.1947     6.1882 1.0715e-01     0.1314    96.7688     7.6597     7.8328    31.9639    31.9629    25.5240    25.5235    7.75107 0.0000e+00
      10939     32.304     2.2178     2.2143   2.854153   2.853763     2.1741     2.5942      8.156     3.1845     6.1882 1.0715e-01     0.1314    96.7688     7.6609     7.8304    31.9645    31.9632    25.5245    25.5237    7.75116 0.0000e+00
      10942     32.230     2.2185     2.2151   2.854188   2.853773     2.1749     2.5950      8.156     3.1845     6.1882 1.0715e-01     0.1314    96.7688     7.6626     7.8360    31.9642    31.9625    25.5242    25.5231    7.75103 0.0000e+00
      10945     32.155     2.2179     2.2150   2.854170   2.853778     2.1741     2.5962      8.157     3.1845   253.2875 1.0715e-01     0.1314    96.7688     7.6571     7.8408    31.9646    31.9627    25.5246    25.5233    7.75113 0.0000e+00
      10948     32.075     2.2181     2.2149   2.854177   2.853763     2.1737     2.5950      8.157     3.1845   482.1870 1.0715e-01     0.1314    96.7688     7.6560     7.8351    31.9646    31.9627    25.5245    25.5232    7.75109 0.0000e+00
      10951     31.995     2.2191     2.2146   2.854231   2.853767     2.1741     2.5950      8.156     3.1845   481.0027 1.0715e-01     0.1314    96.7688     7.6618     7.8346    31.9643    31.9631    25.5242    25.5236    7.75091 0.0000e+00
      10954     31.914     2.2203     2.2144   2.854249   2.853771     2.1745     2.5950      8.156     3.1743   481.2790 1.0715e-01     0.1310    96.7775     7.6627     7.8338    31.9634    31.9634    25.5234    25.5238    7.75072 0.0000e+00
      10957     31.829     2.2204     2.2144   2.854234   2.853758     2.1753     2.5950      8.157     3.1234   481.2395 1.0715e-01     0.1299    96.8035     7.6635     7.8334    31.9631    31.9633    25.5232    25.5238    7.75072 0.0000e+00
      10960     31.741     2.2197     2.2146   2.854207   2.853761     2.1757     2.5950      8.153     3.0420   481.2395 1.0715e-01     0.1296    96.8122     7.6646     7.8348    31.9636    31.9631    25.5236    25.5236    7.75084 0.0000e+00
      10963     31.654     2.2203     2.2145   2.854220   2.853748     2.1737     2.5962      8.156     3.0217   481.2790 1.0715e-01     0.1299    96.8035     7.6494     7.8397    31.9632    31.9632    25.5233    25.5236    7.75074 0.0000e+00
      10966     31.562     2.2205     2.2148   2.854244   2.853768     2.1741     2.5962      8.157     3.0319   481.2395 1.0715e-01     0.1299    96.8035     7.6494     7.8368    31.9633    31.9632    25.5233    25.5236    7.75069 0.0000e+00
      10969     31.468     2.2201     2.2152   2.854228   2.853770     2.1733     2.5962      8.156     3.0217   481.2790 1.0715e-01     0.1299    96.8035     7.6466     7.8363    31.9635    31.9628    25.5235    25.5233    7.75075 0.0000e+00
      10972     31.368     2.2201     2.2153   2.854225   2.853761     2.1749     2.5958      8.157     3.0217   481.2790 1.0715e-01     0.1299    96.8035     7.6536     7.8373    31.9636    31.9627    25.5236    25.5232    7.75076 0.0000e+00
      10975     31.266     2.2196     2.2150   2.854183   2.853769     2.1757     2.5962      8.157     3.0319   481.3579 1.0715e-01     0.1303    96.7948     7.6600     7.8381    31.9636    31.9631    25.5236    25.5236    7.75085 0.0000e+00
      10978     31.163     2.2187     2.2146   2.854155   2.853699     2.1737     2.5962      8.157     3.0319   481.2395 1.0715e-01     0.1314    96.7688     7.6544     7.8354    31.9642    31.9627    25.5242    25.5233    7.75100 0.0000e+00
      10981     31.054     2.2190     2.2143   2.854149   2.853694     2.1741     2.5962      8.157     3.0420   481.2790 1.0715e-01     0.1314    96.7688     7.6572     7.8333    31.9639    31.9631    25.5239    25.5236    7.75096 0.0000e+00
      10984     30.944     2.2190     2.2144   2.854165   2.853709     2.1745     2.5966      8.157     3.0828   481.2790 1.0715e-01     0.1314    96.7688     7.6629     7.8343    31.9642    31.9631    25.5241    25.5236    7.75095 0.0000e+00
      10987     30.835     2.2191     2.2141   2.854178   2.853692     2.1728     2.5966      8.157     3.1133   481.3184 1.0715e-01     0.1310    96.7775     7.6557     7.8339    31.9643    31.9634    25.5242    25.5238    7.75091 0.0000e+00
      10990     30.722     2.2193     2.2142   2.854163   2.853690     2.1737     2.5954      8.157     3.1336   481.3184 1.0727e-01     0.1310    96.7775     7.6584     7.8294    31.9640    31.9632    25.5240    25.5237    7.75090 0.0000e+00
      10993     30.609     2.2193     2.2144   2.854162   2.853673     2.1745     2.5966      8.157     3.1235   481.3184 1.0715e-01     0.1310    96.7775     7.6597     7.8333    31.9640    31.9629    25.5239    25.5234    7.75089 0.0000e+00
      10996     30.494     2.2193     2.2142   2.854144   2.853670     2.1749     2.5970      8.157     3.1133   427.1137 1.0715e-01     0.1335    96.7166     7.6567     7.8333    31.9639    31.9631    25.5238    25.5236    7.75090 0.0000e+00
      10999     30.376     2.2191     2.2140   2.854130   2.853661     2.1757     2.5966      8.157     3.1235    16.8476 1.0715e-01     0.1357    96.6645     7.6665     7.8321    31.9639    31.9632    25.5239    25.5237    7.75093 0.0000e+00
      11002     30.258     2.2197     2.2140   2.854146   2.853646     2.1757     2.5958      8.157     3.1235     0.4243 1.0715e-01     0.1353    96.6732     7.6702     7.8299    31.9636    31.9631    25.5236    25.5236    7.75083 0.0000e+00
      11005     30.138     2.2203     2.2144   2.854188   2.853666     2.1745     2.5966      8.156     3.1133     2.4772 1.0715e-01     0.1350    96.6818     7.6636     7.8328    31.9635    31.9631    25.5235    25.5235    7.75071 0.0000e+00
      11008     30.022     2.2207     2.2150   2.854189   2.853687     2.1749     2.5974      8.156     3.1031     2.3982 1.0715e-01     0.1357    96.6645     7.6682     7.8362    31.9633    31.9627    25.5232    25.5233    7.75065 0.0000e+00
      11011     29.910     2.2207     2.2155   2.854179   2.853682     2.1737     2.5970      8.156     2.9301     2.3982 1.0715e-01     0.1357    96.6645     7.6659     7.8369    31.9631    31.9622    25.5232    25.5228    7.75065 0.0000e+00
      11014     29.805     2.2205     2.2155   2.854146   2.853697     2.1749     2.5966      8.157     2.9199     2.3982 1.0715e-01     0.1357    96.6645     7.6693     7.8372    31.9630    31.9625    25.5231    25.5230    7.75070 0.0000e+00
      11017     29.696     2.2200     2.2156   2.854133   2.853658     2.1741     2.5962      8.157     2.8996     2.3982 1.0715e-01     0.1328    96.7340     7.6624     7.8362    31.9634    31.9620    25.5234    25.5226    7.75077 0.0000e+00
      11020     29.590     2.2192     2.2155   2.854085   2.853671     2.1741     2.5962      8.157     2.9199     2.3982 1.0715e-01     0.1314    96.7688     7.6594     7.8375    31.9637    31.9624    25.5237    25.5229    7.75093 0.0000e+00
      11023     29.485     2.2193     2.2155   2.854103   2.853656     2.1761     2.5978      8.157     2.9199     4.6880 1.0715e-01     0.1314    96.7688     7.6693     7.8449    31.9638    31.9622    25.5238    25.5228    7.75089 0.0000e+00
      11026     29.380     2.2197     2.2149   2.854087   2.853639     2.1753     2.5966      8.156     2.9199     9.1886 1.0715e-01     0.1314    96.7688     7.6675     7.8413    31.9633    31.9626    25.5233    25.5231    7.75084 0.0000e+00
      11029     29.285     2.2192     2.2146   2.854076   2.853612     2.1749     2.5974      8.157     2.9098     9.0307 1.0715e-01     0.1314    96.7688     7.6678     7.8439    31.9637    31.9626    25.5237    25.5232    7.75092 0.0000e+00
      11032     29.190     2.2191     2.2147   2.854059   2.853611     2.1765     2.5974      8.157     2.9098     9.0307 1.0715e-01     0.1314    96.7688     7.6753     7.8451    31.9637    31.9626    25.5238    25.5232    7.75095 0.0000e+00
      11035     29.096     2.2193     2.2142   2.854061   2.853564     2.1769     2.5978      8.157     2.9098     9.0307 1.0715e-01     0.1321    96.7514     7.6729     7.8466    31.9636    31.9625    25.5237    25.5232    7.75091 0.0000e+00
      11038     29.005     2.2190     2.2138   2.854047   2.853571     2.1757     2.5982      8.157     2.8793     9.0307 1.0715e-01     0.1325    96.7427     7.6657     7.8478    31.9637    31.9631    25.5237    25.5237    7.75096 0.0000e+00
      11041     28.919     2.2197     2.2143   2.854067   2.853576     2.1749     2.5986      8.156     2.8793     9.0307 1.0715e-01     0.1325    96.7427     7.6619     7.8482    31.9633    31.9627    25.5234    25.5233    7.75084 0.0000e+00
      11044     28.833     2.2196     2.2137   2.854069   2.853521     2.1753     2.5974      8.157     2.8793     9.0307 1.0715e-01     0.1325    96.7427     7.6603     7.8413    31.9635    31.9627    25.5236    25.5233    7.75085 0.0000e+00
      11047     28.749     2.2191     2.2134   2.854052   2.853526     2.1749     2.5986      8.156     2.8793     9.0307 1.0715e-01     0.1325    96.7427     7.6568     7.8443    31.9638    31.9630    25.5238    25.5236    7.75093 0.0000e+00
      11050     28.669     2.2190     2.2139   2.854023   2.853532     2.1753     2.5986      8.157     2.8793   296.8329 1.0715e-01     0.1325    96.7427     7.6605     7.8443    31.9636    31.9627    25.5237    25.5234    7.75097 0.0000e+00
      11053     28.589     2.2193     2.2143   2.854065   2.853553     2.1765     2.5986      8.157     2.8793   481.6738 1.0715e-01     0.1325    96.7427     7.6663     7.8413    31.9639    31.9626    25.5239    25.5232    7.75089 0.0000e+00
      11056     28.510     2.2200     2.2140   2.854049   2.853523     2.1753     2.5986      8.157     2.8996   480.9237 1.0715e-01     0.1321    96.7514     7.6601     7.8397    31.9631    31.9626    25.5231    25.5232    7.75080 0.0000e+00
      11059     28.431     2.2195     2.2144   2.854057   2.853552     2.1749     2.5978      8.157     2.8691   481.3184 1.0715e-01     0.1310    96.7775     7.6605     7.8345    31.9636    31.9625    25.5236    25.5232    7.75086 0.0000e+00
      11062     28.353     2.2200     2.2154   2.854050   2.853619     2.1761     2.5986      8.157     2.9607   481.2395 1.0715e-01     0.1307    96.7861     7.6695     7.8365    31.9631    31.9624    25.5232    25.5230    7.75080 0.0000e+00
      11065     28.273     2.2193     2.2152   2.854034   2.853587     2.1761     2.5986      8.157     3.0420   481.2790 1.0715e-01     0.1307    96.7861     7.6712     7.8383    31.9637    31.9622    25.5237    25.5229    7.75090 0.0000e+00
      11068     28.194     2.2196     2.2149   2.854046   2.853582     2.1761     2.5986      8.157     3.0319   481.2790 1.0715e-01     0.1310    96.7775     7.6690     7.8387    31.9635    31.9626    25.5236    25.5231    7.75085 0.0000e+00
      11071     28.111     2.2201     2.2153   2.854063   2.853568     2.1761     2.5990      8.157     3.0420   481.2395 1.0715e-01     0.1314    96.7688     7.6714     7.8407    31.9634    31.9621    25.5234    25.5227    7.75077 0.0000e+00
      11074     28.028     2.2199     2.2151   2.854033   2.853557     2.1761     2.5986      8.157     3.0319   477.3311 1.0715e-01     0.1310    96.7775     7.6722     7.8410    31.9632    31.9621    25.5233    25.5228    7.75081 0.0000e+00
      11077     27.945     2.2200     2.2157   2.854047   2.853594     2.1765     2.5986      8.157     3.0420    60.9851 1.0715e-01     0.1321    96.7514     7.6727     7.8404    31.9633    31.9620    25.5234    25.5227    7.75079 0.0000e+00
      11080     27.860     2.2203     2.2160   2.854063   2.853605     2.1757     2.5986      8.157     3.0319     0.1874 1.0715e-01     0.1325    96.7427     7.6721     7.8405    31.9633    31.9620    25.5233    25.5226    7.75073 0.0000e+00
      11083     27.773     2.2200     2.2157   2.854031   2.853598     2.1757     2.5986      8.157     3.0217     3.2668 1.0715e-01     0.1325    96.7427     7.6692     7.8405    31.9632    31.9621    25.5233    25.5227    7.75079 0.0000e+00
      11086     27.679     2.2201     2.2157   2.854022   2.853566     2.1765     2.5986      8.157     3.0217     3.1089 1.0715e-01     0.1325    96.7427     7.6716     7.8406    31.9630    31.9619    25.5231    25.5225    7.75078 0.0000e+00
      11089     27.582     2.2200     2.2154   2.854015   2.853565     2.1765     2.5999      8.157     3.0217     3.1089 1.0715e-01     0.1325    96.7427     7.6726     7.8458    31.9631    31.9621    25.5232    25.5228    7.75080 0.0000e+00
      11092     27.483     2.2201     2.2153   2.854009   2.853552     2.1761     2.5990      8.157     3.0319     3.1089 1.0715e-01     0.1325    96.7427     7.6692     7.8407    31.9630    31.9622    25.5231    25.5228    7.75078 0.0000e+00
      11095     27.383     2.2201     2.2154   2.854007   2.853556     2.1781     2.5999      8.157     3.0217     3.1089 1.0715e-01     0.1328    96.7340     7.6766     7.8441    31.9631    31.9622    25.5231    25.5228    7.75079 0.0000e+00
      11098     27.277     2.2197     2.2153   2.853979   2.853537     2.1769     2.5995      8.157     3.0420     3.1089 1.0715e-01     0.1325    96.7427     7.6726     7.8433    31.9631    31.9621    25.5232    25.5227    7.75086 0.0000e+00
      11101     27.166     2.2196     2.2152   2.854006   2.853528     2.1765     2.5990      8.157     3.0319     4.0564 1.0715e-01     0.1325    96.7427     7.6713     7.8413    31.9636    31.9621    25.5236    25.5228    7.75084 0.0000e+00
      11104     27.053     2.2199     2.2151   2.853988   2.853531     2.1773     2.5990      8.157     3.0420     8.7149 1.0715e-01     0.1325    96.7427     7.6758     7.8386    31.9632    31.9623    25.5232    25.5229    7.75082 0.0000e+00
      11107     26.936     2.2199     2.2151   2.853986   2.853508     2.1769     2.5999      8.157     3.0217     8.7149 1.0715e-01     0.1325    96.7427     7.6730     7.8380    31.9632    31.9622    25.5232    25.5228    7.75081 0.0000e+00
      11110     26.820     2.2199     2.2150   2.853996   2.853524     2.1769     2.5999      8.157     3.0217     8.6754 1.0715e-01     0.1325    96.7427     7.6743     7.8342    31.9634    31.9625    25.5234    25.5231    7.75080 0.0000e+00
