Datasets/AZMP/HUD120/hud120_2020_110.cnv
* Sea-Bird SBE 9 Data File:
* FileName = C:\CTDDATA\hud120_2020_110.hex
* Software Version Seasave V 7.26.7.110
* Temperature SN = 1697
* Conductivity SN = 4216
* Number of Bytes Per Scan = 30
* Number of Voltage Words = 4
* Number of Scans Averaged by the Deck Unit = 1
* NMEA baud rate = 4800
** VESSEL/TRIP/SEQ STN:  hud120_2020_110
** LATITUDE XX XX.XX: 47 34.80 N
** LONGITUDE XX XX.XX: 052 21.00 W
** SOUNDING DEPTH (M): 0170
** PROBE TYPE: S1146
** CTD NUMBER: 080
** FORMAT: V
** COMMENTS (14 CHAR): S27-02
** BOTTLES:  0
** LEVELS: 0
** STICKERS:
** VNET: N
** DO2: N
# nquan = 22
# nvalues = 3146                        
# units = specified
# name 0 = scan: Scan Count
# name 1 = prDM: Pressure, Digiquartz [db]
# name 2 = t090C: Temperature [ITS-90, deg C]
# name 3 = t190C: Temperature, 2 [ITS-90, deg C]
# name 4 = c0S/m: Conductivity [S/m]
# name 5 = c1S/m: Conductivity, 2 [S/m]
# name 6 = sbeox0V: Oxygen raw, SBE 43 [V]
# name 7 = sbeox1V: Oxygen raw, SBE 43, 2 [V]
# name 8 = ph: pH
# name 9 = flECO-AFL: Fluorescence, WET Labs ECO-AFL/FL [mg/m^3]
# name 10 = wetCDOM: Fluorescence, WET Labs CDOM [mg/m^3]
# name 11 = par/sat/log: PAR/Logarithmic, Satlantic [umol photons/m^2/sec]
# name 12 = CStarAt0: Beam Attenuation, WET Labs C-Star [1/m]
# name 13 = CStarTr0: Beam Transmission, WET Labs C-Star [%]
# name 14 = sbeox0ML/L: Oxygen, SBE 43 [ml/l], WS = 2
# name 15 = sbeox1ML/L: Oxygen, SBE 43, 2 [ml/l], WS = 2
# name 16 = sal00: Salinity, Practical [PSU]
# name 17 = sal11: Salinity, Practical, 2 [PSU]
# name 18 = sigma-t00: Density [sigma-t, kg/m^3 ]
# name 19 = sigma-t11: Density, 2 [sigma-t, kg/m^3 ]
# name 20 = oxsatML/L: Oxygen Saturation, Weiss [ml/l]
# name 21 = flag: flag
# span 0 =          5,      10826       
# span 1 =      0.500,    161.876       
# span 2 =    -0.5447,     4.4034       
# span 3 =    -0.5499,     4.3950       
# span 4 =   2.694364,   2.987968       
# span 5 =   2.693777,   2.987165       
# span 6 =     1.8163,     2.2289       
# span 7 =     2.1268,     2.6173       
# span 8 =      8.015,      8.193       
# span 9 =     1.0173,     3.7136       
# span 10 =    -2.8130,   482.1870      
# span 11 = 1.0569e-01, 1.0720e+00      
# span 12 =     0.1067,     0.8880      
# span 13 =    80.0926,    97.3685      
# span 14 =     6.4116,     7.7266      
# span 15 =     6.4319,     7.8634      
# span 16 =    31.4420,    33.6221      
# span 17 =    30.3995,    33.6207      
# span 18 =    24.9175,    26.9738      
# span 19 =    24.1164,    26.9730      
# span 20 =    7.36361,    8.28558      
# span 21 = 0.0000e+00, 0.0000e+00      
# interval = scans: 3                   
# start_time = Dec 01 2020 06:34:30 [System UTC, header]
# bad_flag = -9.990e-29
*END*
[from data line 2766]
       9312     38.308     3.2983     3.2980   2.915626   2.915344     2.1992     2.6038      8.162     3.0624   481.2790 1.0715e-01     0.1436    96.4732     7.5777     7.6694    31.6376    31.6345    25.1764    25.1739    7.55849 0.0000e+00
       9315     38.224     3.3029     3.3029   2.915928   2.915557     2.1988     2.6043      8.162     3.0624   481.3579 1.0715e-01     0.1433    96.4819     7.5740     7.6693    31.6367    31.6324    25.1753    25.1718    7.55766 0.0000e+00
       9318     38.135     3.3075     3.3055   2.916028   2.915703     2.1992     2.6034      8.162     3.0522   481.3184 1.0715e-01     0.1433    96.4819     7.5755     7.6653    31.6335    31.6315    25.1724    25.1709    7.55696 0.0000e+00
       9321     38.042     3.3117     3.3094   2.916259   2.915915     2.1992     2.6034      8.164     3.0522   481.2790 1.0715e-01     0.1433    96.4819     7.5742     7.6635    31.6322    31.6303    25.1710    25.1697    7.55623 0.0000e+00
       9324     37.946     3.3175     3.3125   2.916548   2.916061     2.1996     2.6051      8.164     3.0828   481.3579 1.0715e-01     0.1433    96.4819     7.5712     7.6677    31.6301    31.6291    25.1687    25.1684    7.55523 0.0000e+00
       9327     37.846     3.3201     3.3165   2.916673   2.916230     2.1997     2.6055      8.162     3.0726   481.3184 1.0715e-01     0.1440    96.4645     7.5662     7.6671    31.6290    31.6273    25.1677    25.1666    7.55479 0.0000e+00
       9330     37.744     3.3235     3.3196   2.916846   2.916374     2.1996     2.6059      8.164     3.0624   481.3579 1.0715e-01     0.1454    96.4298     7.5629     7.6668    31.6279    31.6260    25.1665    25.1653    7.55421 0.0000e+00
       9333     37.636     3.3261     3.3222   2.916943   2.916470     2.1996     2.6059      8.165     3.0624   481.3184 1.0715e-01     0.1454    96.4298     7.5601     7.6644    31.6265    31.6247    25.1651    25.1640    7.55378 0.0000e+00
       9336     37.529     3.3312     3.3267   2.917361   2.916864     2.1992     2.6047      8.162     3.1336   481.3579 1.0727e-01     0.1454    96.4298     7.5547     7.6576    31.6266    31.6250    25.1648    25.1639    7.55281 0.0000e+00
       9339     37.417     3.3415     3.3329   2.918129   2.917257     2.2001     2.6051      8.164     3.1235   481.3579 1.0715e-01     0.1454    96.4298     7.5545     7.6564    31.6258    31.6238    25.1633    25.1624    7.55091 0.0000e+00
       9342     37.301     3.3506     3.3392   2.918761   2.917774     2.2009     2.6059      8.165     3.1336   352.8931 1.0715e-01     0.1454    96.4298     7.5550     7.6552    31.6245    31.6239    25.1614    25.1619    7.54924 0.0000e+00
       9345     37.181     3.3545     3.3471   2.919089   2.918401     2.1996     2.6059      8.165     3.1438     4.4511 1.0715e-01     0.1454    96.4298     7.5484     7.6493    31.6247    31.6238    25.1612    25.1611    7.54850 0.0000e+00
       9348     37.061     3.3597     3.3531   2.919533   2.918754     2.1992     2.6063      8.165     3.1438    15.7027 1.0715e-01     0.1436    96.4732     7.5435     7.6445    31.6251    31.6222    25.1611    25.1593    7.54751 0.0000e+00
       9351     36.938     3.3685     3.3556   2.920158   2.918971     2.1996     2.6059      8.164     3.1336    15.1894 1.0715e-01     0.1422    96.5080     7.5432     7.6414    31.6240    31.6224    25.1595    25.1593    7.54590 0.0000e+00
       9354     36.817     3.3724     3.3667   2.920423   2.919946     2.2001     2.6059      8.164     3.1438    15.1894 1.0715e-01     0.1422    96.5080     7.5441     7.6394    31.6235    31.6233    25.1587    25.1590    7.54519 0.0000e+00
       9357     36.694     3.3818     3.3767   2.921202   2.920554     2.1996     2.6059      8.165     3.1438    15.1894 1.0727e-01     0.1426    96.4993     7.5405     7.6389    31.6236    31.6209    25.1580    25.1562    7.54340 0.0000e+00
       9360     36.571     3.3894     3.3819   2.921788   2.920978     2.1996     2.6059      8.165     3.0319    15.1894 1.0715e-01     0.1422    96.5080     7.5378     7.6374    31.6233    31.6209    25.1571    25.1558    7.54199 0.0000e+00
       9363     36.450     3.3951     3.3875   2.922000   2.921364     2.1996     2.6059      8.165     2.9098    15.1894 1.0715e-01     0.1422    96.5080     7.5381     7.6339    31.6203    31.6201    25.1541    25.1546    7.54105 0.0000e+00
       9366     36.331     3.4020     3.3906   2.922606   2.921558     2.2001     2.6055      8.164     2.9199    15.1894 1.0715e-01     0.1426    96.4993     7.5456     7.6316    31.6208    31.6195    25.1540    25.1539    7.53972 0.0000e+00
       9369     36.217     3.4052     3.3981   2.922551   2.922043     2.2001     2.6059      8.162     2.9199   268.0527 1.0715e-01     0.1454    96.4298     7.5527     7.6325    31.6171    31.6180    25.1507    25.1520    7.53931 0.0000e+00
       9372     36.107     3.4079     3.4024   2.922717   2.922286     2.1996     2.6051      8.167     2.9199   481.7922 1.0715e-01     0.1450    96.4385     7.5496     7.6317    31.6166    31.6168    25.1501    25.1507    7.53884 0.0000e+00
       9375     35.997     3.4097     3.4008   2.922847   2.922005     2.1992     2.6059      8.165     2.9199   480.9632 1.0727e-01     0.1454    96.4298     7.5423     7.6374    31.6164    31.6150    25.1498    25.1495    7.53851 0.0000e+00
       9378     35.892     3.4112     3.3988   2.922884   2.921961     2.2005     2.6059      8.165     2.9199   481.3579 1.0715e-01     0.1454    96.4298     7.5451     7.6377    31.6154    31.6165    25.1489    25.1508    7.53826 0.0000e+00
       9381     35.787     3.4102     3.4038   2.922822   2.922250     2.2001     2.6063      8.162     2.9098   481.2790 1.0715e-01     0.1454    96.4298     7.5431     7.6390    31.6157    31.6152    25.1492    25.1493    7.53844 0.0000e+00
       9384     35.687     3.4112     3.4049   2.922953   2.922240     2.1996     2.6059      8.164     2.8996   481.3579 1.0715e-01     0.1450    96.4385     7.5389     7.6388    31.6164    31.6140    25.1496    25.1483    7.53822 0.0000e+00
       9387     35.586     3.4094     3.4073   2.922662   2.922406     2.2013     2.6059      8.165     2.8487   481.3579 1.0715e-01     0.1447    96.4472     7.5426     7.6394    31.6147    31.6137    25.1485    25.1479    7.53865 0.0000e+00
       9390     35.491     3.4036     3.4069   2.922140   2.922363     2.2025     2.6063      8.165     2.8284   481.3579 1.0715e-01     0.1426    96.4993     7.5455     7.6417    31.6142    31.6137    25.1485    25.1478    7.53976 0.0000e+00
       9393     35.401     3.4029     3.4039   2.922472   2.922061     2.2021     2.6067      8.165     2.8080   481.3184 1.0715e-01     0.1422    96.5080     7.5433     7.6441    31.6189    31.6130    25.1523    25.1475    7.53966 0.0000e+00
       9396     35.314     3.4084     3.3878   2.922504   2.921069     2.2001     2.6071      8.167     2.8284    92.0946 1.0727e-01     0.1422    96.5080     7.5330     7.6463    31.6139    31.6169    25.1479    25.1521    7.53887 0.0000e+00
       9399     35.225     3.4073     3.3919   2.922281   2.921409     2.1992     2.6071      8.165     2.8386     8.4385 1.0727e-01     0.1426    96.4993     7.5301     7.6455    31.6124    31.6170    25.1468    25.1518    7.53916 0.0000e+00
       9402     35.144     3.4052     3.3913   2.922133   2.921245     2.1996     2.6059      8.167     2.8080    12.1890 1.0715e-01     0.1422    96.5080     7.5322     7.6430    31.6127    31.6157    25.1472    25.1508    7.53953 0.0000e+00
       9405     35.065     3.4036     3.3882   2.922114   2.920637     2.2005     2.6071      8.165     2.8284    11.9916 1.0715e-01     0.1422    96.5080     7.5377     7.6488    31.6141    31.6114    25.1485    25.1477    7.53977 0.0000e+00
       9408     34.985     3.4014     3.3881   2.921913   2.920714     2.2001     2.6071      8.167     2.8182    12.0706 1.0715e-01     0.1436    96.4732     7.5366     7.6473    31.6138    31.6125    25.1484    25.1485    7.54019 0.0000e+00
       9411     34.903     3.4016     3.3845   2.921829   2.920690     2.1992     2.6071      8.167     2.8386    12.0311 1.0715e-01     0.1450    96.4385     7.5313     7.6478    31.6127    31.6158    25.1475    25.1515    7.54021 0.0000e+00
       9414     34.825     3.4038     3.3812   2.922127   2.920260     2.1992     2.6075      8.165     2.9199    12.0311 1.0715e-01     0.1450    96.4385     7.5328     7.6498    31.6142    31.6139    25.1485    25.1503    7.53972 0.0000e+00
       9417     34.751     3.3978     3.3683   2.921489   2.919636     2.2005     2.6071      8.167     2.8996    12.1101 1.0715e-01     0.1443    96.4558     7.5458     7.6506    31.6124    31.6191    25.1476    25.1555    7.54094 0.0000e+00
       9420     34.672     3.3957     3.3722   2.921356   2.919969     2.2009     2.6063      8.167     2.9098    69.9469 1.0715e-01     0.1447    96.4471     7.5512     7.6477    31.6130    31.6192    25.1483    25.1553    7.54132 0.0000e+00
       9423     34.592     3.3996     3.3755   2.921700   2.919974     2.2009     2.6083      8.167     2.9199   466.5928 1.0715e-01     0.1447    96.4471     7.5480     7.6552    31.6133    31.6162    25.1482    25.1526    7.54056 0.0000e+00
       9426     34.512     3.3990     3.3761   2.921444   2.919906     2.2013     2.6083      8.167     2.9098   481.4764 1.0715e-01     0.1454    96.4298     7.5476     7.6538    31.6109    31.6148    25.1463    25.1514    7.54080 0.0000e+00
       9429     34.428     3.4015     3.3869   2.921299   2.920678     2.2013     2.6075      8.167     2.8996   481.2000 1.0715e-01     0.1472    96.3863     7.5462     7.6470    31.6067    31.6135    25.1428    25.1495    7.54053 0.0000e+00
       9432     34.346     3.4025     3.3986   2.921434   2.921340     2.2013     2.6075      8.167     2.8996   481.3579 1.0715e-01     0.1480    96.3689     7.5452     7.6443    31.6074    31.6101    25.1432    25.1457    7.54031 0.0000e+00
       9435     34.261     3.4026     3.4030   2.921490   2.921542     2.2001     2.6083      8.167     2.9098   481.2790 1.0715e-01     0.1480    96.3689     7.5401     7.6445    31.6081    31.6082    25.1437    25.1438    7.54026 0.0000e+00
       9438     34.174     3.4042     3.4020   2.921943   2.921577     2.2005     2.6083      8.167     2.9505   481.2790 1.0715e-01     0.1476    96.3776     7.5370     7.6429    31.6120    31.6096    25.1467    25.1451    7.53977 0.0000e+00
       9441     34.084     3.4064     3.4051   2.921977   2.921671     2.2005     2.6083      8.167     3.0930   481.3184 1.0715e-01     0.1476    96.3776     7.5303     7.6400    31.6102    31.6079    25.1451    25.1434    7.53943 0.0000e+00
       9444     33.991     3.4111     3.4035   2.922344   2.921729     2.2005     2.6083      8.167     3.0828   481.3184 1.0715e-01     0.1476    96.3776     7.5281     7.6365    31.6101    31.6102    25.1446    25.1454    7.53855 0.0000e+00
       9447     33.898     3.4074     3.4118   2.922162   2.922159     2.2005     2.6083      8.167     3.0828   481.2790 1.0715e-01     0.1480    96.3689     7.5299     7.6328    31.6116    31.6073    25.1461    25.1423    7.53918 0.0000e+00
       9450     33.802     3.4130     3.4134   2.922507   2.922190     2.2005     2.6079      8.167     3.0828   481.3579 1.0715e-01     0.1447    96.4471     7.5274     7.6324    31.6103    31.6061    25.1446    25.1412    7.53819 0.0000e+00
       9453     33.706     3.4202     3.4150   2.922890   2.922316     2.2005     2.6083      8.167     3.1031   481.2790 1.0715e-01     0.1443    96.4558     7.5260     7.6328    31.6079    31.6060    25.1421    25.1410    7.53695 0.0000e+00
       9456     33.609     3.4226     3.4156   2.922981   2.922319     2.2005     2.6083      8.167     3.0930   481.3184 1.0715e-01     0.1443    96.4558     7.5253     7.6293    31.6067    31.6056    25.1409    25.1406    7.53656 0.0000e+00
       9459     33.516     3.4216     3.4165   2.922894   2.922339     2.2017     2.6075      8.167     3.1031   481.3579 1.0715e-01     0.1443    96.4558     7.5347     7.6246    31.6067    31.6049    25.1410    25.1400    7.53675 0.0000e+00
       9462     33.419     3.4240     3.4188   2.923107   2.922511     2.1996     2.6079      8.167     3.1031   481.3579 1.0715e-01     0.1443    96.4558     7.5268     7.6270    31.6069    31.6048    25.1409    25.1398    7.53628 0.0000e+00
       9465     33.318     3.4272     3.4210   2.923266   2.922661     2.1996     2.6071      8.167     3.0522   481.3184 1.0727e-01     0.1443    96.4558     7.5249     7.6254    31.6057    31.6045    25.1397    25.1393    7.53574 0.0000e+00
       9468     33.214     3.4269     3.4222   2.923236   2.922739     2.2005     2.6075      8.167     3.0319   481.3579 1.0715e-01     0.1443    96.4558     7.5281     7.6275    31.6058    31.6044    25.1398    25.1391    7.53580 0.0000e+00
       9471     33.110     3.4264     3.4218   2.923169   2.922679     2.2005     2.6083      8.167     3.0319   481.3579 1.0715e-01     0.1447    96.4471     7.5263     7.6312    31.6055    31.6041    25.1396    25.1389    7.53590 0.0000e+00
       9474     33.009     3.4265     3.4228   2.923199   2.922766     2.1992     2.6083      8.165     3.0319   186.3311 1.0715e-01     0.1443    96.4558     7.5216     7.6302    31.6058    31.6042    25.1398    25.1389    7.53586 0.0000e+00
       9477     32.907     3.4271     3.4235   2.923186   2.922790     2.1996     2.6071      8.167     3.0420     6.7804 1.0715e-01     0.1450    96.4385     7.5248     7.6260    31.6051    31.6038    25.1392    25.1385    7.53579 0.0000e+00
       9480     32.803     3.4256     3.4234   2.923100   2.922790     2.1996     2.6071      8.167     3.0319    14.3604 1.0715e-01     0.1443    96.4558     7.5268     7.6284    31.6056    31.6040    25.1397    25.1387    7.53604 0.0000e+00
       9483     32.701     3.4270     3.4251   2.923225   2.922876     2.2017     2.6075      8.167     3.0319    14.0446 1.0715e-01     0.1443    96.4558     7.5390     7.6313    31.6058    31.6035    25.1398    25.1381    7.53578 0.0000e+00
       9486     32.601     3.4287     3.4249   2.923350   2.922862     2.2009     2.6083      8.167     3.0217    14.0051 1.0715e-01     0.1443    96.4558     7.5401     7.6352    31.6057    31.6035    25.1395    25.1381    7.53546 0.0000e+00
       9489     32.501     3.4291     3.4249   2.923345   2.922851     2.1996     2.6083      8.167     3.0522    14.0051 1.0715e-01     0.1443    96.4558     7.5336     7.6352    31.6052    31.6034    25.1391    25.1381    7.53540 0.0000e+00
       9492     32.399     3.4285     3.4228   2.923259   2.922752     2.1996     2.6075      8.167     2.9810    14.0051 1.0715e-01     0.1433    96.4819     7.5333     7.6303    31.6048    31.6043    25.1389    25.1390    7.53554 0.0000e+00
       9495     32.296     3.4267     3.4237   2.923132   2.922792     2.1996     2.6079      8.167     2.9709    14.0051 1.0727e-01     0.1433    96.4819     7.5354     7.6296    31.6051    31.6040    25.1393    25.1387    7.53586 0.0000e+00
       9498     32.195     3.4281     3.4247   2.923270   2.922867     2.2005     2.6071      8.167     2.9607    18.9794 1.0715e-01     0.1433    96.4819     7.5392     7.6254    31.6055    31.6039    25.1394    25.1385    7.53558 0.0000e+00
       9501     32.092     3.4295     3.4250   2.923305   2.922846     2.2005     2.6079      8.167     2.9810   425.6530 1.0715e-01     0.1433    96.4819     7.5384     7.6283    31.6046    31.6035    25.1386    25.1381    7.53537 0.0000e+00
       9504     31.989     3.4287     3.4248   2.923259   2.922859     2.2009     2.6083      8.167     2.9709   481.2790 1.0727e-01     0.1433    96.4819     7.5387     7.6293    31.6049    31.6039    25.1389    25.1385    7.53550 0.0000e+00
