Datasets/AZMP/HUD120/hud120_2020_087.cnv
* Sea-Bird SBE 9 Data File:
* FileName = C:\CTDDATA\hud120_2020_087.hex
* Software Version Seasave V 7.26.7.110
* Temperature SN = 1697
* Conductivity SN = 4216
* Number of Bytes Per Scan = 30
* Number of Voltage Words = 4
* Number of Scans Averaged by the Deck Unit = 1
* NMEA baud rate = 4800
** VESSEL/TRIP/SEQ STN:  hud120_2020_087
** LATITUDE XX XX.XX: 48 48.00 N
** LONGITUDE XX XX.XX: 052 45.00 W
** SOUNDING DEPTH (M): 0183
** PROBE TYPE: S1146
** CTD NUMBER: 064
** FORMAT: V
** COMMENTS (14 CHAR): BB-02
** BOTTLES:  0
** LEVELS:
** STICKERS:
** VNET: Y
** DO2: N
# nquan = 22
# nvalues = 3401                        
# units = specified
# name 0 = scan: Scan Count
# name 1 = prDM: Pressure, Digiquartz [db]
# name 2 = t090C: Temperature [ITS-90, deg C]
# name 3 = t190C: Temperature, 2 [ITS-90, deg C]
# name 4 = c0S/m: Conductivity [S/m]
# name 5 = c1S/m: Conductivity, 2 [S/m]
# name 6 = sbeox0V: Oxygen raw, SBE 43 [V]
# name 7 = sbeox1V: Oxygen raw, SBE 43, 2 [V]
# name 8 = ph: pH
# name 9 = flECO-AFL: Fluorescence, WET Labs ECO-AFL/FL [mg/m^3]
# name 10 = wetCDOM: Fluorescence, WET Labs CDOM [mg/m^3]
# name 11 = par/sat/log: PAR/Logarithmic, Satlantic [umol photons/m^2/sec]
# name 12 = CStarAt0: Beam Attenuation, WET Labs C-Star [1/m]
# name 13 = CStarTr0: Beam Transmission, WET Labs C-Star [%]
# name 14 = sbeox0ML/L: Oxygen, SBE 43 [ml/l], WS = 2
# name 15 = sbeox1ML/L: Oxygen, SBE 43, 2 [ml/l], WS = 2
# name 16 = sal00: Salinity, Practical [PSU]
# name 17 = sal11: Salinity, Practical, 2 [PSU]
# name 18 = sigma-t00: Density [sigma-t, kg/m^3 ]
# name 19 = sigma-t11: Density, 2 [sigma-t, kg/m^3 ]
# name 20 = oxsatML/L: Oxygen Saturation, Weiss [ml/l]
# name 21 = flag: flag
# span 0 =         38,      11832       
# span 1 =      2.547,    169.096       
# span 2 =    -0.2964,     2.2765       
# span 3 =    -0.3013,     2.2722       
# span 4 =   2.726502,   2.856924       
# span 5 =   2.725994,   2.856467       
# span 6 =     1.9377,     2.1880       
# span 7 =     2.2979,     2.6080       
# span 8 =      8.066,      8.162       
# span 9 =     1.0173,     4.0188       
# span 10 =    -2.8130,   482.1870      
# span 11 = 1.0556e-01, 2.5463e-01      
# span 12 =     0.0874,     0.1461      
# span 13 =    96.4124,    97.8379      
# span 14 =     7.1701,     7.6956      
# span 15 =     7.3052,     7.8552      
# span 16 =    31.9509,    32.9890      
# span 17 =    31.9518,    32.9884      
# span 18 =    25.5106,    26.4957      
# span 19 =    25.5108,    26.4955      
# span 20 =    7.74007,    8.22298      
# span 21 = 0.0000e+00, 0.0000e+00      
# interval = scans: 3                   
# start_time = Nov 27 2020 22:38:26 [System UTC, header]
# bad_flag = -9.990e-29
*END*
[from data line 1515]
       4904    149.137    -0.2888    -0.2938   2.733766   2.733301     1.9479     2.3080      8.071     1.1597     2.2798 1.0752e-01     0.0985    97.5685     7.2009     7.3281    32.9723    32.9714    26.4826    26.4821    8.22045 0.0000e+00
       4907    149.235    -0.2890    -0.2942   2.733753   2.733282     1.9475     2.3076      8.071     1.1699     2.2798 1.0752e-01     0.0981    97.5772     7.2010     7.3253    32.9723    32.9716    26.4826    26.4822    8.22049 0.0000e+00
       4910    149.327    -0.2892    -0.2941   2.733749   2.733310     1.9479     2.3076      8.071     1.1394     2.2798 1.0752e-01     0.0985    97.5685     7.2072     7.3265    32.9723    32.9718    26.4826    26.4824    8.22052 0.0000e+00
       4913    149.421    -0.2891    -0.2941   2.733753   2.733308     1.9487     2.3072      8.073     1.1597     2.2798 1.0752e-01     0.0988    97.5598     7.2147     7.3263    32.9722    32.9717    26.4825    26.4824    8.22050 0.0000e+00
       4916    149.515    -0.2889    -0.2941   2.733759   2.733324     1.9466     2.3080      8.071     1.4039     2.2798 1.0727e-01     0.0981    97.5772     7.2031     7.3283    32.9721    32.9719    26.4824    26.4825    8.22048 0.0000e+00
       4919    149.608    -0.2890    -0.2941   2.733768   2.733335     1.9466     2.3085      8.071     1.4141     2.2798 1.0740e-01     0.0981    97.5772     7.2018     7.3273    32.9723    32.9720    26.4826    26.4826    8.22049 0.0000e+00
       4922    149.702    -0.2890    -0.2941   2.733785   2.733315     1.9471     2.3076      8.071     1.4242     2.2798 1.0752e-01     0.0981    97.5772     7.2011     7.3241    32.9724    32.9716    26.4827    26.4822    8.22048 0.0000e+00
       4925    149.793    -0.2889    -0.2940   2.733807   2.733324     1.9479     2.3068      8.071     1.4242     1.8060 1.0740e-01     0.0981    97.5772     7.2061     7.3250    32.9725    32.9716    26.4827    26.4822    8.22044 0.0000e+00
       4928    149.887    -0.2887    -0.2940   2.733800   2.733345     1.9487     2.3072      8.071     1.4344     1.6876 1.0752e-01     0.0981    97.5772     7.2195     7.3292    32.9721    32.9718    26.4825    26.4824    8.22042 0.0000e+00
       4931    149.975    -0.2888    -0.2940   2.733799   2.733353     1.9466     2.3076      8.071     1.4242     1.6876 1.0752e-01     0.0981    97.5772     7.2128     7.3326    32.9722    32.9719    26.4825    26.4825    8.22044 0.0000e+00
       4934    150.069    -0.2889    -0.2939   2.733817   2.733351     1.9479     2.3076      8.071     1.4242     1.6481 1.0752e-01     0.0988    97.5598     7.2207     7.3328    32.9725    32.9717    26.4828    26.4823    8.22046 0.0000e+00
       4937    150.162    -0.2891    -0.2940   2.733833   2.733361     1.9471     2.3068      8.071     1.4141     1.6876 1.0752e-01     0.1013    97.4989     7.2193     7.3307    32.9729    32.9719    26.4831    26.4825    8.22048 0.0000e+00
       4940    150.255    -0.2889    -0.2940   2.733874   2.733395     1.9471     2.3068      8.071     1.3123     1.6876 1.0752e-01     0.1009    97.5076     7.2202     7.3305    32.9731    32.9723    26.4832    26.4828    8.22041 0.0000e+00
       4943    150.348    -0.2887    -0.2940   2.733899   2.733427     1.9475     2.3068      8.071     1.0783     1.6876 1.0752e-01     0.1013    97.4989     7.2167     7.3342    32.9732    32.9727    26.4833    26.4831    8.22036 0.0000e+00
       4946    150.438    -0.2889    -0.2940   2.733914   2.733443     1.9471     2.3073      8.071     1.0783     1.6876 1.0740e-01     0.1009    97.5076     7.2036     7.3390    32.9736    32.9728    26.4836    26.4832    8.22039 0.0000e+00
       4949    150.532    -0.2886    -0.2938   2.733936   2.733469     1.9479     2.3077      8.071     1.0884     1.7666 1.0752e-01     0.1009    97.5076     7.2037     7.3421    32.9734    32.9729    26.4835    26.4833    8.22033 0.0000e+00
       4952    150.623    -0.2890    -0.2940   2.733939   2.733467     1.9491     2.3077      8.071     1.0884     3.3458 1.0740e-01     0.1013    97.4989     7.2107     7.3389    32.9739    32.9730    26.4839    26.4834    8.22039 0.0000e+00
       4955    150.718    -0.2890    -0.2938   2.733953   2.733485     1.9479     2.3077      8.071     1.0884     3.4642 1.0752e-01     0.0999    97.5337     7.2050     7.3400    32.9740    32.9730    26.4840    26.4834    8.22039 0.0000e+00
       4958    150.814    -0.2887    -0.2940   2.733968   2.733497     1.9479     2.3073      8.071     1.0884     3.4642 1.0752e-01     0.0981    97.5772     7.2023     7.3406    32.9738    32.9733    26.4838    26.4836    8.22032 0.0000e+00
       4961    150.910    -0.2888    -0.2940   2.733944   2.733487     1.9479     2.3077      8.071     1.0986     3.4642 1.0752e-01     0.0988    97.5598     7.2022     7.3434    32.9736    32.9732    26.4836    26.4835    8.22037 0.0000e+00
       4964    151.007    -0.2888    -0.2939   2.733946   2.733479     1.9471     2.3073      8.071     1.0783     3.4642 1.0752e-01     0.0981    97.5772     7.1929     7.3412    32.9735    32.9729    26.4835    26.4833    8.22037 0.0000e+00
       4967    151.104    -0.2889    -0.2941   2.733955   2.733492     1.9466     2.3077      8.071     1.0783     3.4642 1.0752e-01     0.0985    97.5685     7.1875     7.3409    32.9737    32.9731    26.4838    26.4835    8.22038 0.0000e+00
       4970    151.201    -0.2888    -0.2940   2.733995   2.733512     1.9454     2.3077      8.071     1.0681     3.4642 1.0740e-01     0.0981    97.5772     7.1783     7.3412    32.9740    32.9733    26.4840    26.4836    8.22033 0.0000e+00
       4973    151.302    -0.2886    -0.2937   2.734025   2.733573     1.9471     2.3077      8.071     1.0783     3.4642 1.0752e-01     0.0985    97.5685     7.1853     7.3413    32.9742    32.9737    26.4841    26.4840    8.22028 0.0000e+00
       4976    151.400    -0.2888    -0.2937   2.734034   2.733573     1.9466     2.3068      8.071     1.0783   120.5590 1.0752e-01     0.0985    97.5685     7.1867     7.3379    32.9745    32.9737    26.4843    26.4839    8.22031 0.0000e+00
       4979    151.496    -0.2885    -0.2937   2.734066   2.733597     1.9466     2.3081      8.071     1.0783   482.1870 1.0740e-01     0.0981    97.5772     7.1943     7.3431    32.9745    32.9739    26.4843    26.4841    8.22024 0.0000e+00
       4982    151.594    -0.2887    -0.2935   2.734052   2.733605     1.9471     2.3077      8.071     1.0884   480.6868 1.0752e-01     0.0981    97.5772     7.2020     7.3383    32.9745    32.9738    26.4844    26.4840    8.22029 0.0000e+00
       4985    151.692    -0.2885    -0.2937   2.734052   2.733601     1.9458     2.3077      8.071     1.0884   481.2790 1.0752e-01     0.0981    97.5772     7.2007     7.3358    32.9742    32.9738    26.4841    26.4840    8.22027 0.0000e+00
       4988    151.790    -0.2886    -0.2938   2.734058   2.733601     1.9462     2.3081      8.071     1.0884   481.3579 1.0752e-01     0.0977    97.5859     7.2057     7.3376    32.9744    32.9739    26.4843    26.4841    8.22029 0.0000e+00
       4991    151.887    -0.2885    -0.2938   2.734067   2.733597     1.9458     2.3077      8.071     1.0884   481.3184 1.0752e-01     0.0981    97.5772     7.2057     7.3356    32.9743    32.9738    26.4842    26.4840    8.22026 0.0000e+00
       4994    151.983    -0.2889    -0.2938   2.734061   2.733592     1.9462     2.3085      8.071     1.1088   481.2790 1.0740e-01     0.0985    97.5685     7.2088     7.3393    32.9746    32.9736    26.4845    26.4838    8.22034 0.0000e+00
       4997    152.080    -0.2888    -0.2938   2.734053   2.733594     1.9462     2.3077      8.071     1.1292   481.3579 1.0752e-01     0.0988    97.5598     7.2049     7.3341    32.9744    32.9736    26.4842    26.4839    8.22033 0.0000e+00
       5000    152.175    -0.2888    -0.2939   2.734050   2.733548     1.9462     2.3077      8.071     1.0986   481.3579 1.0752e-01     0.0985    97.5685     7.2027     7.3324    32.9742    32.9731    26.4841    26.4834    8.22032 0.0000e+00
       5003    152.271    -0.2887    -0.2939   2.734059   2.733574     1.9466     2.3077      8.071     1.1088   481.3184 1.0752e-01     0.0981    97.5772     7.2059     7.3318    32.9742    32.9733    26.4841    26.4836    8.22031 0.0000e+00
       5006    152.364    -0.2889    -0.2940   2.734064   2.733608     1.9471     2.3064      8.071     1.1190   481.2790 1.0752e-01     0.0981    97.5772     7.2109     7.3264    32.9744    32.9739    26.4843    26.4841    8.22033 0.0000e+00
       5009    152.453    -0.2888    -0.2938   2.734090   2.733628     1.9462     2.3073      8.071     1.1190   481.2790 1.0752e-01     0.0988    97.5598     7.2105     7.3304    32.9746    32.9738    26.4844    26.4840    8.22030 0.0000e+00
       5012    152.542    -0.2886    -0.2937   2.734117   2.733666     1.9462     2.3077      8.071     1.1190   481.3579 1.0740e-01     0.0981    97.5772     7.2074     7.3332    32.9747    32.9742    26.4845    26.4843    8.22026 0.0000e+00
       5015    152.631    -0.2885    -0.2937   2.734135   2.733664     1.9462     2.3077      8.071     1.1190   481.3184 1.0752e-01     0.0985    97.5685     7.2081     7.3320    32.9748    32.9741    26.4846    26.4843    8.22024 0.0000e+00
       5018    152.718    -0.2885    -0.2937   2.734153   2.733686     1.9475     2.3077      8.071     1.0986   481.3579 1.0752e-01     0.0977    97.5859     7.2126     7.3333    32.9749    32.9743    26.4847    26.4845    8.22022 0.0000e+00
       5021    152.804    -0.2885    -0.2936   2.734149   2.733702     1.9450     2.3064      8.071     1.0884   481.3579 1.0740e-01     0.0977    97.5859     7.1957     7.3281    32.9749    32.9744    26.4846    26.4845    8.22023 0.0000e+00
       5024    152.890    -0.2884    -0.2935   2.734172   2.733715     1.9454     2.3077      8.071     1.0986   481.3184 1.0740e-01     0.0977    97.5859     7.1940     7.3323    32.9750    32.9744    26.4847    26.4845    8.22020 0.0000e+00
       5027    152.971    -0.2884    -0.2936   2.734197   2.733744     1.9462     2.3077      8.071     1.0783   481.3184 1.0752e-01     0.0974    97.5945     7.1990     7.3330    32.9752    32.9748    26.4849    26.4849    8.22018 0.0000e+00
       5030    153.052    -0.2884    -0.2935   2.734178   2.733723     1.9471     2.3068      8.071     1.0884    93.7527 1.0752e-01     0.0981    97.5772     7.2047     7.3311    32.9749    32.9744    26.4847    26.4845    8.22019 0.0000e+00
       5033    153.134    -0.2885    -0.2933   2.734188   2.733727     1.9462     2.3077      8.071     1.0884    -0.9180 1.0752e-01     0.0981    97.5772     7.2038     7.3322    32.9752    32.9743    26.4849    26.4844    8.22021 0.0000e+00
       5036    153.217    -0.2882    -0.2936   2.734174   2.733732     1.9458     2.3073      8.071     1.0783     2.5956 1.0752e-01     0.0981    97.5772     7.2035     7.3320    32.9746    32.9745    26.4844    26.4846    8.22018 0.0000e+00
       5039    153.297    -0.2885    -0.2936   2.734182   2.733742     1.9466     2.3064      8.071     1.0884     2.3982 1.0740e-01     0.0981    97.5772     7.2112     7.3301    32.9749    32.9747    26.4847    26.4847    8.22021 0.0000e+00
       5042    153.379    -0.2883    -0.2935   2.734203   2.733726     1.9458     2.3073      8.071     1.0783     2.3982 1.0752e-01     0.0981    97.5772     7.2111     7.3338    32.9750    32.9743    26.4848    26.4844    8.22018 0.0000e+00
       5045    153.462    -0.2882    -0.2935   2.734218   2.733728     1.9446     2.3064      8.071     1.1190     2.3982 1.0752e-01     0.0981    97.5772     7.2071     7.3284    32.9750    32.9743    26.4847    26.4844    8.22014 0.0000e+00
       5048    153.544    -0.2884    -0.2935   2.734214   2.733732     1.9458     2.3064      8.071     1.1394     2.3982 1.0752e-01     0.0981    97.5772     7.2120     7.3259    32.9751    32.9743    26.4848    26.4844    8.22018 0.0000e+00
       5051    153.627    -0.2882    -0.2935   2.734209   2.733734     1.9458     2.3073      8.071     1.1495     2.3982 1.0752e-01     0.0981    97.5772     7.2084     7.3311    32.9748    32.9743    26.4846    26.4844    8.22016 0.0000e+00
       5054    153.709    -0.2882    -0.2935   2.734214   2.733750     1.9462     2.3073      8.071     1.1597     2.9114 1.0752e-01     0.0985    97.5685     7.2114     7.3314    32.9749    32.9744    26.4847    26.4844    8.22017 0.0000e+00
       5057    153.793    -0.2886    -0.2935   2.734228   2.733772     1.9462     2.3073      8.071     1.1394     6.8199 1.0752e-01     0.0992    97.5511     7.2153     7.3319    32.9754    32.9747    26.4851    26.4847    8.22021 0.0000e+00
       5060    153.877    -0.2883    -0.2934   2.734225   2.733778     1.9466     2.3068      8.071     1.1597     6.8988 1.0752e-01     0.0992    97.5511     7.2148     7.3327    32.9749    32.9746    26.4847    26.4846    8.22017 0.0000e+00
       5063    153.965    -0.2883    -0.2936   2.734229   2.733790     1.9466     2.3073      8.071     1.1597     6.8988 1.0752e-01     0.0992    97.5511     7.2153     7.3339    32.9749    32.9749    26.4847    26.4849    8.22017 0.0000e+00
       5066    154.056    -0.2883    -0.2935   2.734236   2.733770     1.9466     2.3064      8.071     1.1495     6.8988 1.0752e-01     0.0992    97.5511     7.2161     7.3299    32.9751    32.9745    26.4848    26.4846    8.22018 0.0000e+00
       5069    154.148    -0.2881    -0.2936   2.734234   2.733740     1.9462     2.3060      8.071     1.1495     6.8988 1.0752e-01     0.0992    97.5511     7.2096     7.3281    32.9748    32.9741    26.4845    26.4842    8.22015 0.0000e+00
       5072    154.241    -0.2885    -0.2936   2.734248   2.733766     1.9466     2.3064      8.071     1.1190     6.8988 1.0752e-01     0.0992    97.5511     7.2053     7.3259    32.9753    32.9744    26.4850    26.4845    8.22020 0.0000e+00
       5075    154.337    -0.2884    -0.2936   2.734241   2.733747     1.9454     2.3068      8.069     1.1088     6.8988 1.0752e-01     0.0992    97.5511     7.1951     7.3243    32.9750    32.9741    26.4848    26.4842    8.22019 0.0000e+00
       5078    154.436    -0.2882    -0.2936   2.734247   2.733780     1.9466     2.3064      8.071     1.1190     6.8988 1.0752e-01     0.0999    97.5337     7.1997     7.3223    32.9749    32.9745    26.4846    26.4845    8.22016 0.0000e+00
       5081    154.537    -0.2884    -0.2934   2.734253   2.733796     1.9458     2.3068      8.071     1.1292     5.8724 1.0752e-01     0.0999    97.5337     7.1956     7.3225    32.9750    32.9744    26.4848    26.4845    8.22018 0.0000e+00
       5084    154.641    -0.2883    -0.2935   2.734283   2.733786     1.9458     2.3064      8.071     1.1190     3.8590 1.0752e-01     0.1002    97.5250     7.1935     7.3213    32.9753    32.9744    26.4850    26.4844    8.22016 0.0000e+00
       5087    154.747    -0.2884    -0.2934   2.734292   2.733804     1.9458     2.3064      8.071     1.1088     3.9379 1.0752e-01     0.0999    97.5337     7.1996     7.3211    32.9755    32.9744    26.4852    26.4845    8.22017 0.0000e+00
       5090    154.853    -0.2882    -0.2933   2.734307   2.733830     1.9458     2.3064      8.071     1.1190     3.9379 1.0740e-01     0.1002    97.5250     7.2064     7.3224    32.9755    32.9746    26.4851    26.4846    8.22013 0.0000e+00
       5093    154.961    -0.2884    -0.2934   2.734289   2.733848     1.9454     2.3064      8.071     1.1088     3.9379 1.0752e-01     0.0999    97.5337     7.2057     7.3212    32.9753    32.9749    26.4850    26.4848    8.22017 0.0000e+00
       5096    155.071    -0.2881    -0.2935   2.734297   2.733823     1.9454     2.3052      8.071     1.1190     3.9379 1.0740e-01     0.0999    97.5337     7.2063     7.3151    32.9751    32.9746    26.4848    26.4846    8.22013 0.0000e+00
