Datasets/AZMP/HUD120/hud120_2020_087.cnv
* Sea-Bird SBE 9 Data File:
* FileName = C:\CTDDATA\hud120_2020_087.hex
* Software Version Seasave V 7.26.7.110
* Temperature SN = 1697
* Conductivity SN = 4216
* Number of Bytes Per Scan = 30
* Number of Voltage Words = 4
* Number of Scans Averaged by the Deck Unit = 1
* NMEA baud rate = 4800
** VESSEL/TRIP/SEQ STN:  hud120_2020_087
** LATITUDE XX XX.XX: 48 48.00 N
** LONGITUDE XX XX.XX: 052 45.00 W
** SOUNDING DEPTH (M): 0183
** PROBE TYPE: S1146
** CTD NUMBER: 064
** FORMAT: V
** COMMENTS (14 CHAR): BB-02
** BOTTLES:  0
** LEVELS:
** STICKERS:
** VNET: Y
** DO2: N
# nquan = 22
# nvalues = 3401                        
# units = specified
# name 0 = scan: Scan Count
# name 1 = prDM: Pressure, Digiquartz [db]
# name 2 = t090C: Temperature [ITS-90, deg C]
# name 3 = t190C: Temperature, 2 [ITS-90, deg C]
# name 4 = c0S/m: Conductivity [S/m]
# name 5 = c1S/m: Conductivity, 2 [S/m]
# name 6 = sbeox0V: Oxygen raw, SBE 43 [V]
# name 7 = sbeox1V: Oxygen raw, SBE 43, 2 [V]
# name 8 = ph: pH
# name 9 = flECO-AFL: Fluorescence, WET Labs ECO-AFL/FL [mg/m^3]
# name 10 = wetCDOM: Fluorescence, WET Labs CDOM [mg/m^3]
# name 11 = par/sat/log: PAR/Logarithmic, Satlantic [umol photons/m^2/sec]
# name 12 = CStarAt0: Beam Attenuation, WET Labs C-Star [1/m]
# name 13 = CStarTr0: Beam Transmission, WET Labs C-Star [%]
# name 14 = sbeox0ML/L: Oxygen, SBE 43 [ml/l], WS = 2
# name 15 = sbeox1ML/L: Oxygen, SBE 43, 2 [ml/l], WS = 2
# name 16 = sal00: Salinity, Practical [PSU]
# name 17 = sal11: Salinity, Practical, 2 [PSU]
# name 18 = sigma-t00: Density [sigma-t, kg/m^3 ]
# name 19 = sigma-t11: Density, 2 [sigma-t, kg/m^3 ]
# name 20 = oxsatML/L: Oxygen Saturation, Weiss [ml/l]
# name 21 = flag: flag
# span 0 =         38,      11832       
# span 1 =      2.547,    169.096       
# span 2 =    -0.2964,     2.2765       
# span 3 =    -0.3013,     2.2722       
# span 4 =   2.726502,   2.856924       
# span 5 =   2.725994,   2.856467       
# span 6 =     1.9377,     2.1880       
# span 7 =     2.2979,     2.6080       
# span 8 =      8.066,      8.162       
# span 9 =     1.0173,     4.0188       
# span 10 =    -2.8130,   482.1870      
# span 11 = 1.0556e-01, 2.5463e-01      
# span 12 =     0.0874,     0.1461      
# span 13 =    96.4124,    97.8379      
# span 14 =     7.1701,     7.6956      
# span 15 =     7.3052,     7.8552      
# span 16 =    31.9509,    32.9890      
# span 17 =    31.9518,    32.9884      
# span 18 =    25.5106,    26.4957      
# span 19 =    25.5108,    26.4955      
# span 20 =    7.74007,    8.22298      
# span 21 = 0.0000e+00, 0.0000e+00      
# interval = scans: 3                   
# start_time = Nov 27 2020 22:38:26 [System UTC, header]
# bad_flag = -9.990e-29
*END*
[from data line 2700]
       9733     74.032     1.8671     1.8488   2.855002   2.854274     2.1244     2.5363      8.144     2.2891     8.9123 1.0715e-01     0.1267    96.8818     7.5980     7.7804    32.3082    32.3178    25.8250    25.8339    7.80315 0.0000e+00
       9736     73.911     1.8692     1.8450   2.855043   2.854140     2.1236     2.5376      8.144     2.2993     8.9123 1.0715e-01     0.1271    96.8731     7.5913     7.7860    32.3066    32.3200    25.8236    25.8360    7.80281 0.0000e+00
       9739     73.794     1.8543     1.8509   2.854720   2.854297     2.1240     2.5380      8.144     2.2891    59.1296 1.0715e-01     0.1271    96.8731     7.5908     7.7853    32.3179    32.3161    25.8337    25.8324    7.80521 0.0000e+00
       9742     73.682     1.8424     1.8479   2.854566   2.854184     2.1260     2.5388      8.145     2.2993   462.5659 1.0715e-01     0.1271    96.8731     7.5970     7.7870    32.3282    32.3178    25.8427    25.8340    7.80705 0.0000e+00
       9745     73.571     1.8419     1.8100   2.854632   2.853719     2.1260     2.5388      8.145     2.2993   481.5159 1.0715e-01     0.1260    96.8992     7.5995     7.7921    32.3296    32.3508    25.8439    25.8632    7.80708 0.0000e+00
       9748     73.466     1.8447     1.8195   2.854612   2.853717     2.1285     2.5400      8.145     2.2891   481.2000 1.0715e-01     0.1260    96.8992     7.6111     7.7938    32.3265    32.3412    25.8412    25.8548    7.80667 0.0000e+00
       9751     73.363     1.8558     1.7995   2.854777   2.853292     2.1305     2.5400      8.144     2.3094   481.2395 1.0715e-01     0.1260    96.8992     7.6138     7.7960    32.3173    32.3564    25.8330    25.8684    7.80493 0.0000e+00
       9754     73.262     1.8696     1.7987   2.854860   2.853465     2.1281     2.5412      8.144     2.4418   481.2395 1.0715e-01     0.1264    96.8905     7.5992     7.7976    32.3042    32.3595    25.8216    25.8709    7.80284 0.0000e+00
       9757     73.165     1.8647     1.8116   2.854649   2.853695     2.1264     2.5404      8.144     2.4723   481.3579 1.0715e-01     0.1260    96.8992     7.5893     7.7903    32.3067    32.3492    25.8240    25.8617    7.80370 0.0000e+00
       9760     73.071     1.8500     1.8033   2.854467   2.853504     2.1281     2.5416      8.144     2.4926   481.3579 1.0715e-01     0.1264    96.8905     7.5969     7.7965    32.3195    32.3553    25.8353    25.8672    7.80598 0.0000e+00
       9763     72.979     1.8371     1.7878   2.854347   2.853277     2.1276     2.5425      8.145     2.4621   481.2395 1.0715e-01     0.1267    96.8818     7.5922     7.8015    32.3312    32.3685    25.8455    25.8788    7.80795 0.0000e+00
       9766     72.887     1.8169     1.8212   2.854153   2.853637     2.1289     2.5433      8.145     2.4825   325.1394 1.0715e-01     0.1271    96.8731     7.5977     7.7971    32.3496    32.3387    25.8617    25.8526    7.81105 0.0000e+00
       9769     72.799     1.8234     1.8444   2.853929   2.853742     2.1313     2.5437      8.145     2.4723     1.3718 1.0715e-01     0.1271    96.8731     7.6054     7.7960    32.3402    32.3163    25.8537    25.8331    7.81024 0.0000e+00
       9772     72.710     1.8400     1.8274   2.853324   2.853402     2.1297     2.5445      8.145     2.4723    13.8471 1.0715e-01     0.1271    96.8731     7.5976     7.8024    32.3157    32.3295    25.8329    25.8448    7.80819 0.0000e+00
       9775     72.622     1.8455     1.8454   2.853016   2.852759     2.1289     2.5437      8.145     2.5028    13.3339 1.0715e-01     0.1271    96.8731     7.6020     7.7995    32.3062    32.3031    25.8250    25.8224    7.80759 0.0000e+00
       9778     72.542     1.8398     1.8645   2.852492   2.852523     2.1293     2.5449      8.145     2.5028    13.4129 1.0715e-01     0.1271    96.8731     7.6108     7.8031    32.3055    32.2807    25.8248    25.8031    7.80877 0.0000e+00
       9781     72.458     1.8486     1.8726   2.852031   2.852089     2.1301     2.5457      8.145     2.7572    13.3734 1.0715e-01     0.1271    96.8731     7.6117     7.8065    32.2908    32.2670    25.8124    25.7916    7.80777 0.0000e+00
       9784     72.374     1.8489     1.8816   2.851364   2.850886     2.1313     2.5465      8.145     2.7470    13.4129 1.0715e-01     0.1379    96.6123     7.6134     7.8075    32.2823    32.2428    25.8055    25.7716    7.80816 0.0000e+00
       9787     72.291     1.8803     1.8960   2.850189   2.849620     2.1317     2.5461      8.144     2.7673    13.3734 1.0715e-01     0.1461    96.4124     7.6117     7.8037    32.2355    32.2124    25.7658    25.7462    7.80430 0.0000e+00
       9790     72.211     1.8614     1.9045   2.850914   2.848594     2.1317     2.5465      8.144     2.7673    13.3734 1.0715e-01     0.1454    96.4298     7.6135     7.8044    32.2639    32.1910    25.7899    25.7285    7.80661 0.0000e+00
       9793     72.133     1.8860     1.9119   2.849142   2.847996     2.1317     2.5486      8.144     2.7572   292.8455 1.0715e-01     0.1454    96.4298     7.6148     7.8139    32.2167    32.1760    25.7504    25.7160    7.80414 0.0000e+00
       9796     72.052     1.9085     1.9098   2.848510   2.847822     2.1342     2.5486      8.144     2.7572   481.5948 1.0715e-01     0.1454    96.4298     7.6332     7.8154    32.1860    32.1761    25.7242    25.7162    7.80126 0.0000e+00
       9799     71.968     1.8996     1.9040   2.849098   2.847994     2.1329     2.5498      8.144     2.7470   480.9632 1.0715e-01     0.1454    96.4298     7.6292     7.8227    32.2025    32.1842    25.7380    25.7231    7.80218 0.0000e+00
       9802     71.884     1.9104     1.9100   2.848171   2.847633     2.1321     2.5506      8.144     2.7775   481.2790 1.0715e-01     0.1454    96.4298     7.6233     7.8239    32.1800    32.1736    25.7192    25.7141    7.80120 0.0000e+00
       9805     71.800     1.9137     1.9181   2.848174   2.847161     2.1329     2.5506      8.144     2.7673   481.3579 1.0715e-01     0.1303    96.7949     7.6244     7.8211    32.1766    32.1596    25.7163    25.7023    7.80070 0.0000e+00
       9808     71.713     1.9202     1.9241   2.848007   2.846961     2.1337     2.5510      8.144     2.7572   481.2395 1.0715e-01     0.1275    96.8644     7.6280     7.8202    32.1680    32.1510    25.7090    25.6951    7.79986 0.0000e+00
       9811     71.629     1.9143     1.9266   2.848035   2.846880     2.1354     2.5510      8.144     2.7572   481.2395 1.0715e-01     0.1278    96.8557     7.6402     7.8188    32.1743    32.1475    25.7145    25.6920    7.80069 0.0000e+00
       9814     71.545     1.9299     1.9282   2.847388   2.846799     2.1350     2.5522      8.144     2.7470   481.2395 1.0715e-01     0.1275    96.8644     7.6358     7.8200    32.1505    32.1449    25.6942    25.6899    7.79882 0.0000e+00
       9817     71.462     1.9307     1.9315   2.847638   2.846788     2.1358     2.5534      8.144     2.7470   479.1471 1.0727e-01     0.1275    96.8644     7.6367     7.8197    32.1528    32.1415    25.6960    25.6869    7.79854 0.0000e+00
       9820     71.374     1.9281     1.9297   2.847544   2.846940     2.1374     2.5534      8.144     2.7673    73.3421 1.0740e-01     0.1278    96.8557     7.6453     7.8178    32.1544    32.1452    25.6974    25.6900    7.79898 0.0000e+00
       9823     71.282     1.9318     1.9332   2.847627   2.846811     2.1366     2.5547      8.144     2.7673    14.3209 1.0752e-01     0.1278    96.8557     7.6463     7.8208    32.1518    32.1401    25.6951    25.6857    7.79839 0.0000e+00
       9826     71.191     1.9337     1.9350   2.847508   2.846763     2.1374     2.5547      8.144     2.7470    16.7291 1.0752e-01     0.1264    96.8905     7.6486     7.8182    32.1483    32.1378    25.6922    25.6837    7.79817 0.0000e+00
       9829     71.097     1.9325     1.9381   2.847664   2.846752     2.1374     2.5547      8.144     2.7572    16.6107 1.0752e-01     0.1260    96.8992     7.6493     7.8149    32.1516    32.1345    25.6949    25.6809    7.79825 0.0000e+00
       9832     71.004     1.9221     1.9391   2.847689   2.846764     2.1386     2.5551      8.144     2.7165    16.6107 1.0752e-01     0.1260    96.8992     7.6514     7.8121    32.1625    32.1337    25.7044    25.6801    7.79976 0.0000e+00
       9835     70.907     1.9349     1.9397   2.847432   2.846770     2.1390     2.5563      8.144     2.7267    16.6107 1.0740e-01     0.1260    96.8992     7.6519     7.8111    32.1464    32.1332    25.6906    25.6796    7.79804 0.0000e+00
       9838     70.809     1.9455     1.9426   2.847401   2.846792     2.1386     2.5563      8.144     2.7267    16.6107 1.0727e-01     0.1260    96.8992     7.6485     7.8073    32.1353    32.1306    25.6809    25.6774    7.79650 0.0000e+00
       9841     70.715     1.9457     1.9453   2.847496   2.846848     2.1386     2.5563      8.144     2.7165    16.6107 1.0715e-01     0.1260    96.8992     7.6443     7.8067    32.1363    32.1286    25.6817    25.6756    7.79641 0.0000e+00
       9844     70.618     1.9477     1.9452   2.847688   2.846883     2.1403     2.5571      8.144     2.7165    90.2786 1.0715e-01     0.1264    96.8905     7.6502     7.8095    32.1366    32.1292    25.6819    25.6761    7.79598 0.0000e+00
       9847     70.517     1.9388     1.9474   2.847986   2.846927     2.1403     2.5575      8.144     2.7267   473.5016 1.0715e-01     0.1264    96.8905     7.6505     7.8087    32.1495    32.1276    25.6928    25.6746    7.79709 0.0000e+00
       9850     70.415     1.9399     1.9492   2.847906   2.846906     2.1415     2.5571      8.146     2.7063   481.4369 1.0715e-01     0.1260    96.8992     7.6561     7.8067    32.1475    32.1256    25.6911    25.6729    7.79699 0.0000e+00
       9853     70.310     1.9468     1.9492   2.847720   2.846903     2.1427     2.5571      8.144     2.7267   481.2000 1.0715e-01     0.1260    96.8992     7.6605     7.8056    32.1381    32.1255    25.6831    25.6729    7.79608 0.0000e+00
       9856     70.207     1.9513     1.9469   2.847644   2.846981     2.1411     2.5575      8.144     2.7267   481.2395 1.0715e-01     0.1260    96.8992     7.6518     7.8064    32.1327    32.1289    25.6784    25.6758    7.79547 0.0000e+00
       9859     70.103     1.9551     1.9516   2.847634   2.847001     2.1435     2.5575      8.144     2.6961   481.2790 1.0715e-01     0.1264    96.8905     7.6602     7.8061    32.1288    32.1244    25.6751    25.6718    7.79492 0.0000e+00
       9862     69.996     1.9574     1.9578   2.847684   2.847086     2.1427     2.5592      8.144     2.6961   481.2790 1.0715e-01     0.1264    96.8905     7.6527     7.8134    32.1271    32.1193    25.6736    25.6672    7.79454 0.0000e+00
       9865     69.888     1.9588     1.9603   2.847707   2.847172     2.1423     2.5596      8.144     2.6859   481.3184 1.0715e-01     0.1278    96.8557     7.6447     7.8145    32.1260    32.1178    25.6725    25.6659    7.79432 0.0000e+00
       9868     69.784     1.9616     1.9608   2.847758   2.847181     2.1427     2.5596      8.144     2.6961   481.2790 1.0715e-01     0.1282    96.8470     7.6439     7.8161    32.1238    32.1175    25.6706    25.6657    7.79387 0.0000e+00
       9871     69.680     1.9616     1.9589   2.847756   2.847129     2.1435     2.5592      8.144     2.7063   288.0291 1.0715e-01     0.1282    96.8470     7.6480     7.8158    32.1239    32.1189    25.6707    25.6669    7.79387 0.0000e+00
       9874     69.576     1.9646     1.9615   2.847754   2.847233     2.1452     2.5596      8.144     2.7063     4.0169 1.0715e-01     0.1282    96.8470     7.6516     7.8183    32.1209    32.1175    25.6681    25.6656    7.79343 0.0000e+00
       9877     69.471     1.9637     1.9597   2.847663   2.847239     2.1447     2.5600      8.144     2.6961    15.4658 1.0715e-01     0.1278    96.8557     7.6521     7.8201    32.1208    32.1196    25.6680    25.6673    7.79362 0.0000e+00
       9880     69.362     1.9643     1.9624   2.847642   2.847225     2.1452     2.5608      8.144     2.6961    14.9526 1.0715e-01     0.1282    96.8470     7.6541     7.8221    32.1200    32.1167    25.6673    25.6649    7.79354 0.0000e+00
       9883     69.253     1.9671     1.9630   2.847657   2.847256     2.1439     2.5612      8.144     2.7063    14.9526 1.0715e-01     0.1282    96.8470     7.6489     7.8226    32.1174    32.1165    25.6650    25.6646    7.79311 0.0000e+00
       9886     69.143     1.9660     1.9633   2.847687   2.847249     2.1452     2.5616      8.144     2.7063    14.9526 1.0715e-01     0.1271    96.8731     7.6573     7.8245    32.1189    32.1162    25.6664    25.6643    7.79326 0.0000e+00
       9889     69.031     1.9712     1.9623   2.847810   2.847234     2.1452     2.5616      8.146     2.6961    14.9526 1.0715e-01     0.1267    96.8818     7.6559     7.8294    32.1152    32.1171    25.6631    25.6652    7.79241 0.0000e+00
       9892     68.920     1.9730     1.9627   2.847898   2.847284     2.1468     2.5624      8.147     2.6859    14.9526 1.0740e-01     0.1267    96.8818     7.6607     7.8327    32.1145    32.1173    25.6623    25.6653    7.79207 0.0000e+00
       9895     68.812     1.9732     1.9683   2.847968   2.847462     2.1464     2.5620      8.144     2.6961    14.9526 1.0752e-01     0.1264    96.8905     7.6574     7.8293    32.1152    32.1139    25.6629    25.6622    7.79200 0.0000e+00
       9898     68.697     1.9765     1.9725   2.848101   2.847563     2.1464     2.5632      8.144     2.6961   331.1797 1.0752e-01     0.1271    96.8731     7.6572     7.8314    32.1136    32.1110    25.6614    25.6596    7.79143 0.0000e+00
       9901     68.584     1.9785     1.9727   2.848145   2.847605     2.1476     2.5632      8.144     2.6961   481.9896 1.0740e-01     0.1267    96.8818     7.6631     7.8273    32.1122    32.1114    25.6601    25.6599    7.79110 0.0000e+00
       9904     68.468     1.9809     1.9726   2.848237   2.847608     2.1468     2.5640      8.147     2.6961   480.9237 1.0740e-01     0.1271    96.8731     7.6579     7.8281    32.1109    32.1116    25.6589    25.6600    7.79068 0.0000e+00
       9907     68.349     1.9834     1.9730   2.848319   2.847654     2.1484     2.5640      8.146     2.7063   481.2790 1.0752e-01     0.1271    96.8731     7.6609     7.8276    32.1095    32.1118    25.6576    25.6601    7.79026 0.0000e+00
       9910     68.228     1.9835     1.9792   2.848333   2.847831     2.1484     2.5657      8.147     2.6757   481.2395 1.0715e-01     0.1275    96.8644     7.6577     7.8295    32.1097    32.1078    25.6577    25.6565    7.79023 0.0000e+00
       9913     68.106     1.9836     1.9797   2.848365   2.847822     2.1484     2.5657      8.146     2.6351   481.2790 1.0715e-01     0.1271    96.8731     7.6545     7.8266    32.1100    32.1072    25.6580    25.6560    7.79019 0.0000e+00
       9916     67.985     1.9859     1.9770   2.848451   2.847736     2.1488     2.5644      8.144     2.6554   481.2790 1.0715e-01     0.1271    96.8731     7.6534     7.8198    32.1088    32.1089    25.6568    25.6576    7.78979 0.0000e+00
       9919     67.865     1.9877     1.9820   2.848516   2.847986     2.1496     2.5657      8.146     2.6554   481.3579 1.0715e-01     0.1271    96.8731     7.6568     7.8198    32.1079    32.1071    25.6560    25.6558    7.78949 0.0000e+00
       9922     67.743     1.9887     1.9851   2.848518   2.848105     2.1492     2.5653      8.146     2.6452   464.8162 1.0715e-01     0.1271    96.8731     7.6543     7.8137    32.1069    32.1054    25.6551    25.6542    7.78933 0.0000e+00
       9925     67.622     1.9889     1.9856   2.848520   2.848105     2.1492     2.5653      8.147     2.6351    45.2725 1.0715e-01     0.1271    96.8731     7.6519     7.8107    32.1069    32.1050    25.6551    25.6538    7.78931 0.0000e+00
