Datasets/AZMP/HUD120/hud120_2020_053.cnv
* Sea-Bird SBE 9 Data File:
* FileName = C:\CTDDATA\hud120_2020_053.hex
* Software Version Seasave V 7.26.7.110
* Temperature SN = 1697
* Conductivity SN = 4216
* Number of Bytes Per Scan = 30
* Number of Voltage Words = 4
* Number of Scans Averaged by the Deck Unit = 1
* NMEA baud rate = 4800
** VESSEL/TRIP/SEQ STN:  hud120_2020_053
** LATITUDE XX XX.XX: 47 00.00 N
** LONGITUDE XX XX.XX: 044 13.90 W
** SOUNDING DEPTH (M): 0280
** PROBE TYPE: S1146
** CTD NUMBER: 032
** FORMAT: V
** COMMENTS (14 CHAR): FC-29
** BOTTLES:  10
** LEVELS: 5,10,20,30,40,50,75,100,150,BTM
** STICKERS: 439709 - 439718
** VNET: Y
** DO2: N
# nquan = 22
# nvalues = 4870                        
# units = specified
# name 0 = scan: Scan Count
# name 1 = prDM: Pressure, Digiquartz [db]
# name 2 = t090C: Temperature [ITS-90, deg C]
# name 3 = t190C: Temperature, 2 [ITS-90, deg C]
# name 4 = c0S/m: Conductivity [S/m]
# name 5 = c1S/m: Conductivity, 2 [S/m]
# name 6 = sbeox0V: Oxygen raw, SBE 43 [V]
# name 7 = sbeox1V: Oxygen raw, SBE 43, 2 [V]
# name 8 = ph: pH
# name 9 = flECO-AFL: Fluorescence, WET Labs ECO-AFL/FL [mg/m^3]
# name 10 = wetCDOM: Fluorescence, WET Labs CDOM [mg/m^3]
# name 11 = par/sat/log: PAR/Logarithmic, Satlantic [umol photons/m^2/sec]
# name 12 = CStarAt0: Beam Attenuation, WET Labs C-Star [1/m]
# name 13 = CStarTr0: Beam Transmission, WET Labs C-Star [%]
# name 14 = sbeox0ML/L: Oxygen, SBE 43 [ml/l], WS = 2
# name 15 = sbeox1ML/L: Oxygen, SBE 43, 2 [ml/l], WS = 2
# name 16 = sal00: Salinity, Practical [PSU]
# name 17 = sal11: Salinity, Practical, 2 [PSU]
# name 18 = sigma-t00: Density [sigma-t, kg/m^3 ]
# name 19 = sigma-t11: Density, 2 [sigma-t, kg/m^3 ]
# name 20 = oxsatML/L: Oxygen Saturation, Weiss [ml/l]
# name 21 = flag: flag
# span 0 =         53,      39061       
# span 1 =      1.545,    273.322       
# span 2 =     4.0704,     6.9419       
# span 3 =     4.0652,     6.9373       
# span 4 =   3.207688,   3.421584       
# span 5 =   3.206853,   3.421117       
# span 6 =     1.7995,     2.2155       
# span 7 =     2.1411,     2.6710       
# span 8 =      7.939,      8.114       
# span 9 =     0.8850,     5.0974       
# span 10 =    -2.8130,   482.1870      
# span 11 = 1.0678e-01, 2.1848e-01      
# span 12 =     0.0800,     0.9318      
# span 13 =    79.2190,    98.0205      
# span 14 =     5.4388,     6.8437      
# span 15 =     5.6003,     7.1057      
# span 16 =    33.8333,    34.8490      
# span 17 =    33.8346,    34.8485      
# span 18 =    26.5088,    27.6489      
# span 19 =    26.5103,    27.6490      
# span 20 =    6.82092,    7.28157      
# span 21 = 0.0000e+00, 0.0000e+00      
# interval = scans: 3                   
# start_time = Nov 23 2020 03:05:03 [System UTC, header]
# bad_flag = -9.990e-29
*END*
[from data line 4741]
      35003      9.971     6.9391     6.9350   3.419341   3.418852     2.1902     2.6353      8.114     4.2427   481.2000 1.0715e-01     0.2065    94.9695     6.7026     6.9252    33.8543    33.8530    26.5246    26.5241    6.82142 0.0000e+00
      35006      9.925     6.9394     6.9351   3.419350   3.418848     2.1898     2.6361      8.114     4.2630   481.3579 1.0715e-01     0.2065    94.9695     6.7021     6.9279    33.8541    33.8529    26.5244    26.5239    6.82138 0.0000e+00
      35009      9.888     6.9395     6.9349   3.419330   3.418832     2.1898     2.6353      8.114     4.2529   481.3579 1.0715e-01     0.2065    94.9695     6.7009     6.9278    33.8538    33.8529    26.5241    26.5240    6.82138 0.0000e+00
      35066      9.861     6.9385     6.9340   3.419065   3.418637     2.1898     2.6357      8.114     4.1715   481.3579 1.0715e-01     0.2069    94.9608     6.7020     6.9316    33.8520    33.8516    26.5228    26.5232    6.82163 0.0000e+00
      35178      9.838     6.9365     6.9322   3.418574   3.418187     2.1907     2.6357      8.114     4.0494   316.2171 1.0715e-01     0.2076    94.9434     6.7080     6.9364    33.8486    33.8485    26.5204    26.5209    6.82210 0.0000e+00
      35181      9.813     6.9365     6.9327   3.418572   3.418232     2.1902     2.6357      8.114     4.3241    -2.0629 1.0715e-01     0.2072    94.9521     6.7058     6.9385    33.8485    33.8485    26.5203    26.5209    6.82209 0.0000e+00
      35519      9.779     6.9383     6.9342   3.418896   3.418500     2.1907     2.6356      8.114     4.4157   322.4153 1.0715e-01     0.2069    94.9608     6.7079     6.9278    33.8503    33.8500    26.5215    26.5219    6.82172 0.0000e+00
      35689      9.695     6.9387     6.9349   3.419033   3.418619     2.1911     2.6360      8.114     4.3546   481.3579 1.0715e-01     0.2065    94.9695     6.7087     6.9234    33.8515    33.8507    26.5224    26.5223    6.82161 0.0000e+00
      35692      9.615     6.9388     6.9348   3.419039   3.418610     2.1911     2.6356      8.114     4.3648   481.3184 1.0715e-01     0.2065    94.9695     6.7070     6.9213    33.8514    33.8507    26.5223    26.5223    6.82159 0.0000e+00
      35695      9.541     6.9389     6.9347   3.419025   3.418584     2.1915     2.6369      8.114     4.3445   481.3579 1.0715e-01     0.2065    94.9695     6.7094     6.9236    33.8513    33.8505    26.5222    26.5222    6.82160 0.0000e+00
      35698      9.474     6.9387     6.9347   3.419043   3.418559     2.1902     2.6356      8.114     4.3343   481.3579 1.0715e-01     0.2065    94.9695     6.7058     6.9201    33.8517    33.8503    26.5226    26.5220    6.82160 0.0000e+00
      35701      9.422     6.9385     6.9345   3.419008   3.418531     2.1911     2.6356      8.114     4.3445   417.7572 1.0715e-01     0.2065    94.9695     6.7075     6.9200    33.8515    33.8502    26.5225    26.5220    6.82164 0.0000e+00
      35704      9.377     6.9386     6.9344   3.418957   3.418538     2.1911     2.6360      8.114     4.2020    21.0324 1.0715e-01     0.2065    94.9695     6.7066     6.9219    33.8509    33.8504    26.5219    26.5222    6.82165 0.0000e+00
      35707      9.344     6.9381     6.9344   3.418945   3.418542     2.1923     2.6352      8.114     3.9985    19.7295 1.0715e-01     0.2065    94.9695     6.7106     6.9206    33.8513    33.8505    26.5223    26.5222    6.82172 0.0000e+00
      36163      9.313     6.9376     6.9340   3.418971   3.418571     2.1906     2.6369      8.113     4.1409   481.3579 1.0715e-01     0.2069    94.9608     6.7021     6.9334    33.8520    33.8512    26.5230    26.5228    6.82176 0.0000e+00
      36166      9.280     6.9378     6.9340   3.418943   3.418573     2.1906     2.6365      8.114     4.1206   481.3579 1.0715e-01     0.2076    94.9434     6.7000     6.9308    33.8516    33.8513    26.5226    26.5229    6.82175 0.0000e+00
      36588      9.257     6.9376     6.9348   3.418960   3.418741     2.1890     2.6356      8.114     4.2122     8.0832 1.0715e-01     0.2069    94.9608     6.6946     6.9285    33.8519    33.8523    26.5229    26.5236    6.82176 0.0000e+00
      36688      9.228     6.9378     6.9345   3.419323   3.418947     2.1898     2.6365      8.114     4.3750   323.5602 1.0715e-01     0.2061    94.9781     6.7017     6.9375    33.8557    33.8549    26.5259    26.5257    6.82156 0.0000e+00
      36739      9.185     6.9385     6.9346   3.419457   3.419085     2.1902     2.6377      8.114     4.4767   481.3579 1.0715e-01     0.2054    94.9955     6.7066     6.9447    33.8565    33.8563    26.5264    26.5268    6.82141 0.0000e+00
      36742      9.141     6.9386     6.9347   3.419377   3.419114     2.1906     2.6381      8.114     4.4666   481.3184 1.0703e-01     0.2054    94.9955     6.7089     6.9452    33.8556    33.8566    26.5257    26.5270    6.82145 0.0000e+00
      36745      9.093     6.9384     6.9346   3.419287   3.419057     2.1902     2.6385      8.114     4.4564   481.3579 1.0715e-01     0.2054    94.9955     6.7073     6.9456    33.8548    33.8561    26.5251    26.5266    6.82151 0.0000e+00
      36748      9.043     6.9384     6.9346   3.419241   3.419011     2.1898     2.6381      8.114     4.4767   469.3958 1.0715e-01     0.2058    94.9868     6.7070     6.9436    33.8543    33.8556    26.5247    26.5262    6.82153 0.0000e+00
      36751      8.996     6.9385     6.9343   3.419227   3.418922     2.1902     2.6369      8.114     4.4666    52.8525 1.0715e-01     0.2061    94.9782     6.7082     6.9402    33.8541    33.8549    26.5245    26.5257    6.82152 0.0000e+00
      36754      8.946     6.9384     6.9343   3.419221   3.418833     2.1910     2.6381      8.114     4.4564    12.8207 1.0715e-01     0.2065    94.9695     6.7106     6.9454    33.8542    33.8540    26.5246    26.5250    6.82154 0.0000e+00
      36757      8.894     6.9382     6.9341   3.419230   3.418789     2.1898     2.6385      8.114     4.4666    14.5578 1.0715e-01     0.2061    94.9782     6.7043     6.9481    33.8545    33.8537    26.5249    26.5248    6.82155 0.0000e+00
      36760      8.838     6.9383     6.9342   3.419244   3.418752     2.1902     2.6381      8.114     4.4869    14.4788 1.0715e-01     0.2061    94.9782     6.7049     6.9484    33.8546    33.8533    26.5249    26.5244    6.82154 0.0000e+00
      36763      8.777     6.9384     6.9340   3.419173   3.418733     2.1906     2.6385      8.114     4.4767    14.4788 1.0715e-01     0.2061    94.9782     6.7057     6.9499    33.8538    33.8533    26.5242    26.5245    6.82156 0.0000e+00
      36766      8.714     6.9386     6.9341   3.419184   3.418761     2.1906     2.6381      8.114     4.4767    14.4788 1.0715e-01     0.2065    94.9695     6.7065     6.9479    33.8537    33.8535    26.5242    26.5246    6.82153 0.0000e+00
      36769      8.645     6.9384     6.9342   3.419171   3.418781     2.1906     2.6385      8.114     4.4564    14.4788 1.0703e-01     0.2072    94.9521     6.7076     6.9500    33.8538    33.8537    26.5243    26.5248    6.82156 0.0000e+00
      36772      8.575     6.9383     6.9343   3.419196   3.418739     2.1914     2.6385      8.114     4.4767    14.4788 1.0715e-01     0.2076    94.9434     6.7103     6.9521    33.8542    33.8531    26.5246    26.5242    6.82156 0.0000e+00
      36775      8.500     6.9386     6.9342   3.419216   3.418698     2.1910     2.6393      8.114     4.4767   107.3335 1.0715e-01     0.2076    94.9434     6.7063     6.9539    33.8542    33.8528    26.5245    26.5240    6.82151 0.0000e+00
      36778      8.430     6.9386     6.9344   3.419155   3.418671     2.1910     2.6393      8.114     4.4767   479.3445 1.0715e-01     0.2076    94.9434     6.7063     6.9514    33.8536    33.8523    26.5240    26.5236    6.82154 0.0000e+00
      36781      8.357     6.9388     6.9343   3.419160   3.418674     2.1906     2.6393      8.114     4.4666   481.2395 1.0715e-01     0.2076    94.9434     6.7040     6.9503    33.8535    33.8525    26.5239    26.5238    6.82152 0.0000e+00
      36784      8.287     6.9384     6.9341   3.419113   3.418695     2.1906     2.6405      8.114     4.4767   481.2790 1.0715e-01     0.2076    94.9434     6.7036     6.9527    33.8534    33.8530    26.5239    26.5242    6.82158 0.0000e+00
      36787      8.218     6.9383     6.9340   3.419177   3.418665     2.1910     2.6397      8.114     4.4767   481.3184 1.0715e-01     0.2076    94.9434     6.7048     6.9487    33.8541    33.8528    26.5245    26.5241    6.82155 0.0000e+00
      36790      8.153     6.9383     6.9341   3.419158   3.418681     2.1910     2.6389      8.114     4.4564   481.3579 1.0715e-01     0.2061    94.9782     6.7042     6.9452    33.8540    33.8529    26.5245    26.5241    6.82157 0.0000e+00
      36793      8.083     6.9384     6.9341   3.419141   3.418667     2.1914     2.6401      8.114     4.4767   481.2790 1.0715e-01     0.2058    94.9868     6.7055     6.9471    33.8538    33.8528    26.5243    26.5240    6.82156 0.0000e+00
      36796      8.012     6.9383     6.9340   3.419163   3.418635     2.1910     2.6405      8.114     4.4767   481.3184 1.0715e-01     0.2065    94.9695     6.7043     6.9461    33.8541    33.8525    26.5245    26.5239    6.82156 0.0000e+00
      36799      7.939     6.9384     6.9341   3.419189   3.418680     2.1906     2.6393      8.114     4.4666   481.3184 1.0715e-01     0.2054    94.9955     6.7039     6.9403    33.8544    33.8530    26.5247    26.5243    6.82154 0.0000e+00
      36802      7.864     6.9381     6.9340   3.419128   3.418680     2.1910     2.6393      8.114     4.4666   260.0384 1.0715e-01     0.2058    94.9868     6.7061     6.9393    33.8540    33.8531    26.5245    26.5243    6.82160 0.0000e+00
      36805      7.790     6.9378     6.9339   3.419132   3.418665     2.1906     2.6393      8.114     4.3750     2.8325 1.0703e-01     0.2058    94.9868     6.7050     6.9387    33.8544    33.8531    26.5248    26.5244    6.82162 0.0000e+00
      36808      7.714     6.9375     6.9338   3.419139   3.418669     2.1919     2.6393      8.114     4.3648    12.3470 1.0715e-01     0.2061    94.9782     6.7105     6.9400    33.8548    33.8533    26.5252    26.5245    6.82166 0.0000e+00
      36811      7.636     6.9375     6.9334   3.419143   3.418625     2.1906     2.6393      8.114     4.3648    11.9916 1.0715e-01     0.2061    94.9782     6.7053     6.9410    33.8549    33.8532    26.5252    26.5245    6.82165 0.0000e+00
      36814      7.551     6.9370     6.9327   3.419048   3.418558     2.1914     2.6401      8.114     4.3953    11.9127 1.0715e-01     0.2061    94.9782     6.7101     6.9413    33.8543    33.8532    26.5249    26.5245    6.82175 0.0000e+00
      36817      7.465     6.9364     6.9319   3.419016   3.418471     2.1910     2.6393      8.114     4.3750    11.9916 1.0715e-01     0.2061    94.9782     6.7114     6.9385    33.8546    33.8531    26.5252    26.5246    6.82184 0.0000e+00
      36820      7.380     6.9360     6.9315   3.418943   3.418420     2.1919     2.6393      8.114     4.3750    11.9521 1.0715e-01     0.2054    94.9955     6.7165     6.9388    33.8543    33.8529    26.5250    26.5245    6.82192 0.0000e+00
      36823      7.292     6.9354     6.9312   3.418865   3.418391     2.1914     2.6389      8.114     4.3750    11.9916 1.0715e-01     0.2054    94.9955     6.7145     6.9382    33.8541    33.8530    26.5249    26.5246    6.82203 0.0000e+00
      36826      7.200     6.9351     6.9310   3.418857   3.418382     2.1914     2.6393      8.114     4.3648    11.9521 1.0715e-01     0.2054    94.9955     6.7146     6.9388    33.8543    33.8531    26.5251    26.5247    6.82206 0.0000e+00
      36829      7.107     6.9348     6.9309   3.418820   3.418358     2.1919     2.6397      8.114     4.3343   360.2757 1.0703e-01     0.2065    94.9695     6.7174     6.9383    33.8543    33.8530    26.5251    26.5246    6.82211 0.0000e+00
      36832      7.009     6.9347     6.9304   3.418788   3.418311     2.1914     2.6401      8.114     4.2834   482.0686 1.0715e-01     0.2065    94.9695     6.7160     6.9390    33.8541    33.8530    26.5250    26.5247    6.82214 0.0000e+00
      36835      6.909     6.9345     6.9302   3.418779   3.418290     2.1919     2.6389      8.114     4.2834   481.0026 1.0715e-01     0.2065    94.9695     6.7196     6.9350    33.8542    33.8531    26.5251    26.5248    6.82216 0.0000e+00
      36838      6.809     6.9347     6.9302   3.418784   3.418266     2.1927     2.6385      8.114     4.2834   481.3184 1.0715e-01     0.2065    94.9695     6.7226     6.9341    33.8541    33.8528    26.5250    26.5246    6.82213 0.0000e+00
      36841      6.705     6.9347     6.9300   3.418745   3.418217     2.1931     2.6397      8.114     4.2732   481.3579 1.0715e-01     0.2065    94.9695     6.7247     6.9393    33.8537    33.8526    26.5247    26.5244    6.82215 0.0000e+00
      36844      6.602     6.9345     6.9296   3.418742   3.418201     2.1927     2.6381      8.114     4.2936   481.3579 1.0715e-01     0.2065    94.9695     6.7227     6.9340    33.8539    33.8528    26.5249    26.5247    6.82217 0.0000e+00
      36847      6.499     6.9338     6.9296   3.418704   3.418221     2.1919     2.6393      8.114     4.2834   481.3579 1.0715e-01     0.2065    94.9695     6.7190     6.9390    33.8542    33.8531    26.5252    26.5249    6.82227 0.0000e+00
      36850      6.398     6.9337     6.9297   3.418676   3.418217     2.1931     2.6385      8.114     4.3038   481.3579 1.0715e-01     0.2102    94.8826     6.7227     6.9368    33.8541    33.8529    26.5251    26.5248    6.82229 0.0000e+00
      36853      6.303     6.9332     6.9294   3.418579   3.418132     2.1935     2.6381      8.114     4.2732   481.3184 1.0715e-01     0.2120    94.8391     6.7240     6.9367    33.8536    33.8524    26.5248    26.5244    6.82240 0.0000e+00
      36856      6.212     6.9329     6.9288   3.418564   3.418115     2.1927     2.6389      8.114     4.1613   481.3579 1.0703e-01     0.2120    94.8391     6.7204     6.9430    33.8538    33.8529    26.5250    26.5248    6.82244 0.0000e+00
      36859      6.124     6.9325     6.9287   3.418499   3.418083     2.1939     2.6389      8.114     4.0698   481.3579 1.0715e-01     0.2120    94.8391     6.7237     6.9462    33.8535    33.8526    26.5249    26.5247    6.82251 0.0000e+00
      36862      6.041     6.9320     6.9292   3.418508   3.418156     2.1935     2.6389      8.114     4.0698   481.3579 1.0715e-01     0.2120    94.8391     6.7206     6.9474    33.8542    33.8530    26.5254    26.5249    6.82257 0.0000e+00
      36865      5.962     6.9322     6.9290   3.418527   3.418153     2.1939     2.6389      8.114     4.0698   481.3579 1.0715e-01     0.2120    94.8391     6.7221     6.9508    33.8542    33.8532    26.5254    26.5251    6.82253 0.0000e+00
      36868      5.888     6.9323     6.9288   3.418580   3.418112     2.1935     2.6389      8.114     4.0799   481.3579 1.0715e-01     0.2124    94.8304     6.7211     6.9534    33.8547    33.8530    26.5257    26.5250    6.82249 0.0000e+00
      36871      5.821     6.9326     6.9290   3.418573   3.418143     2.1935     2.6397      8.114     4.0596   481.3579 1.0715e-01     0.2418    94.1350     6.7209     6.9563    33.8543    33.8531    26.5254    26.5250    6.82245 0.0000e+00
      36874      5.764     6.9326     6.9291   3.418529   3.418163     2.1939     2.6389      8.114     4.0698   481.3579 1.0715e-01     0.2466    94.0220     6.7201     6.9560    33.8538    33.8533    26.5251    26.5251    6.82247 0.0000e+00
      36877      5.716     6.9325     6.9300   3.418523   3.418185     2.1939     2.6401      8.114     4.0799   481.3184 1.0715e-01     0.2462    94.0307     6.7216     6.9614    33.8539    33.8527    26.5252    26.5245    6.82249 0.0000e+00
