Datasets/AZMP/HUD120/hud120_2020_005.cnv
* Sea-Bird SBE 9 Data File:
* FileName = C:\CTDDATA\hud120_2020_005.hex
* Software Version Seasave V 7.26.7.110
* Temperature SN = 1697
* Conductivity SN = 4216
* Number of Bytes Per Scan = 30
* Number of Voltage Words = 4
* Number of Scans Averaged by the Deck Unit = 1
* NMEA baud rate = 4800
** VESSEL/TRIP/SEQ STN:  hud120_2020_005
** LATITUDE XX XX.XX: 46 54.40 N
** LONGITUDE XX XX.XX: 054 40.50 W
** SOUNDING DEPTH (M): 0226
** PROBE TYPE: S1146
** CTD NUMBER: 002
** FORMAT: V
** COMMENTS (14 CHAR): PB-04
** BOTTLES:  10
** LEVELS: 5,10,20,30,40,50,75,100,150,BTM
** STICKERS: 439510 - 439519
** VNET: Y
** DO2: N
# nquan = 22
# nvalues = 5031                        
# units = specified
# name 0 = scan: Scan Count
# name 1 = prDM: Pressure, Digiquartz [db]
# name 2 = t090C: Temperature [ITS-90, deg C]
# name 3 = t190C: Temperature, 2 [ITS-90, deg C]
# name 4 = c0S/m: Conductivity [S/m]
# name 5 = c1S/m: Conductivity, 2 [S/m]
# name 6 = sbeox0V: Oxygen raw, SBE 43 [V]
# name 7 = sbeox1V: Oxygen raw, SBE 43, 2 [V]
# name 8 = ph: pH
# name 9 = flECO-AFL: Fluorescence, WET Labs ECO-AFL/FL [mg/m^3]
# name 10 = wetCDOM: Fluorescence, WET Labs CDOM [mg/m^3]
# name 11 = par/sat/log: PAR/Logarithmic, Satlantic [umol photons/m^2/sec]
# name 12 = CStarAt0: Beam Attenuation, WET Labs C-Star [1/m]
# name 13 = CStarTr0: Beam Transmission, WET Labs C-Star [%]
# name 14 = sbeox0ML/L: Oxygen, SBE 43 [ml/l], WS = 2
# name 15 = sbeox1ML/L: Oxygen, SBE 43, 2 [ml/l], WS = 2
# name 16 = sal00: Salinity, Practical [PSU]
# name 17 = sal11: Salinity, Practical, 2 [PSU]
# name 18 = sigma-t00: Density [sigma-t, kg/m^3 ]
# name 19 = sigma-t11: Density, 2 [sigma-t, kg/m^3 ]
# name 20 = oxsatML/L: Oxygen Saturation, Weiss [ml/l]
# name 21 = flag: flag
# span 0 =         36,      39566       
# span 1 =      2.672,    219.045       
# span 2 =    -0.9403,     7.6700       
# span 3 =    -0.9453,     7.6652       
# span 4 =   2.658196,   3.277801       
# span 5 =   2.658070,   3.277331       
# span 6 =     1.8834,     2.2348       
# span 7 =     2.2329,     2.6635       
# span 8 =      7.825,      8.083       
# span 9 =     0.9765,     5.5553       
# span 10 =    -2.8130,   482.1870      
# span 11 = 1.0678e-01, 1.1662e+02      
# span 12 =     0.0468,     0.2651      
# span 13 =    93.5874,    98.8375      
# span 14 =     6.6424,     8.0727      
# span 15 =     6.6376,     8.2926      
# span 16 =    31.6102,    32.8060      
# span 17 =    31.5787,    32.8074      
# span 18 =    24.6738,    26.3692      
# span 19 =    24.6743,    26.3705      
# span 20 =    6.80404,    8.38243      
# span 21 = 0.0000e+00, 0.0000e+00      
# interval = scans: 3                   
# start_time = Nov 10 2020 15:41:11 [System UTC, header]
# bad_flag = -9.990e-29
*END*
[from data line 4939]
      37071      7.820     7.6237     7.6193   3.273939   3.273494     2.2192     2.6528      8.079     4.6803    -2.3393 4.5873e+01     0.1704    95.8300     6.7916     6.9644    31.6296    31.6287    24.6807    24.6807    6.81135 0.0000e+00
      37074      7.774     7.6237     7.6195   3.273920   3.273511     2.2204     2.6540      8.079     4.6803     3.3457 4.6300e+01     0.1704    95.8300     6.7933     6.9667    31.6293    31.6288    24.6805    24.6807    6.81136 0.0000e+00
      37077      7.730     7.6237     7.6197   3.273939   3.273523     2.2208     2.6544      8.079     4.6803     3.8590 4.6622e+01     0.1704    95.8300     6.7938     6.9673    31.6296    31.6288    24.6807    24.6806    6.81135 0.0000e+00
      37080      7.700     7.6238     7.6200   3.273909   3.273519     2.2204     2.6552      8.079     4.6803     3.8590 4.6947e+01     0.1686    95.8735     6.7916     6.9696    31.6292    31.6285    24.6804    24.6804    6.81135 0.0000e+00
      37102      7.637     7.6236     7.6201   3.273920   3.273567     2.2188     2.6520      8.080     4.5582    13.0576 4.6140e+01     0.1664    95.9256     6.7864     6.9544    31.6295    31.6289    24.6807    24.6807    6.81136 0.0000e+00
      37105      7.596     7.6237     7.6200   3.273930   3.273554     2.2192     2.6528      8.079     4.5480    13.0576 4.6568e+01     0.1664    95.9256     6.7887     6.9598    31.6296    31.6289    24.6807    24.6807    6.81135 0.0000e+00
      37108      7.542     7.6238     7.6200   3.273935   3.273539     2.2188     2.6520      8.079     4.5582    13.0576 4.7493e+01     0.1667    95.9169     6.7873     6.9588    31.6295    31.6288    24.6807    24.6807    6.81133 0.0000e+00
      37111      7.480     7.6239     7.6200   3.273931   3.273539     2.2184     2.6528      8.079     4.5582    13.0576 4.8436e+01     0.1660    95.9343     6.7862     6.9626    31.6295    31.6288    24.6806    24.6806    6.81132 0.0000e+00
      37114      7.420     7.6237     7.6201   3.273925   3.273543     2.2184     2.6528      8.079     4.5887    13.0971 4.9168e+01     0.1664    95.9256     6.7885     6.9628    31.6296    31.6288    24.6807    24.6806    6.81135 0.0000e+00
      37117      7.361     7.6237     7.6202   3.273915   3.273550     2.2188     2.6520      8.079     4.5988    13.0576 4.9454e+01     0.1667    95.9169     6.7920     6.9597    31.6295    31.6287    24.6807    24.6805    6.81136 0.0000e+00
      37120      7.304     7.6235     7.6202   3.273920   3.273580     2.2192     2.6516      8.079     4.6090    84.2383 4.9568e+01     0.1693    95.8561     6.7934     6.9570    31.6297    31.6291    24.6809    24.6808    6.81137 0.0000e+00
      37123      7.245     7.6237     7.6204   3.273914   3.273574     2.2192     2.6516      8.079     4.5887   472.2383 4.9856e+01     0.1700    95.8387     6.7934     6.9572    31.6296    31.6289    24.6807    24.6807    6.81135 0.0000e+00
      37126      7.192     7.6234     7.6203   3.273916   3.273539     2.2180     2.6524      8.079     4.5988   481.3974 5.0436e+01     0.1704    95.8300     6.7887     6.9589    31.6299    31.6287    24.6810    24.6805    6.81139 0.0000e+00
      37129      7.136     7.6240     7.6202   3.273939   3.273541     2.2180     2.6524      8.079     4.5988   481.0816 5.1081e+01     0.1697    95.8474     6.7879     6.9579    31.6296    31.6288    24.6807    24.6806    6.81131 0.0000e+00
      37132      7.083     7.6240     7.6202   3.273941   3.273542     2.2188     2.6516      8.079     4.6090   481.1211 5.1915e+01     0.1704    95.8300     6.7901     6.9552    31.6296    31.6288    24.6808    24.6806    6.81131 0.0000e+00
      37135      7.034     7.6241     7.6203   3.273920   3.273540     2.2184     2.6512      8.079     4.5785   481.1211 5.2700e+01     0.1693    95.8561     6.7882     6.9536    31.6294    31.6287    24.6805    24.6805    6.81130 0.0000e+00
      37138      6.987     7.6241     7.6205   3.273937   3.273562     2.2188     2.6516      8.079     4.6497   481.1211 5.3252e+01     0.1700    95.8387     6.7882     6.9556    31.6296    31.6288    24.6807    24.6806    6.81129 0.0000e+00
      37141      6.942     7.6239     7.6207   3.273927   3.273577     2.2188     2.6512      8.079     4.7108   481.1211 5.3809e+01     0.1646    95.9691     6.7874     6.9558    31.6296    31.6288    24.6808    24.6805    6.81132 0.0000e+00
      37144      6.905     7.6238     7.6208   3.273884   3.273577     2.2180     2.6508      8.080     4.7311   481.1211 5.4183e+01     0.1646    95.9691     6.7852     6.9549    31.6293    31.6288    24.6804    24.6805    6.81135 0.0000e+00
      37147      6.869     7.6239     7.6207   3.273912   3.273587     2.2192     2.6508      8.082     4.7209   287.1606 5.4623e+01     0.1646    95.9691     6.7917     6.9559    31.6295    31.6290    24.6806    24.6806    6.81132 0.0000e+00
      37150      6.836     7.6238     7.6207   3.273870   3.273581     2.2180     2.6500      8.079     4.7311    -1.9445 5.4940e+01     0.1639    95.9865     6.7883     6.9550    31.6292    31.6289    24.6804    24.6806    6.81136 0.0000e+00
      37153      6.806     7.6240     7.6205   3.273888   3.273570     2.2180     2.6504      8.079     4.7311     4.7670 5.5451e+01     0.1646    95.9691     6.7887     6.9588    31.6292    31.6290    24.6804    24.6807    6.81132 0.0000e+00
      37156      6.777     7.6239     7.6206   3.273902   3.273575     2.2176     2.6508      8.079     4.7108     4.7275 5.6031e+01     0.1642    95.9778     6.7871     6.9624    31.6294    31.6290    24.6806    24.6807    6.81132 0.0000e+00
      37159      6.752     7.6237     7.6208   3.273899   3.273601     2.2180     2.6504      8.080     4.7311     4.7670 5.6486e+01     0.1656    95.9430     6.7892     6.9622    31.6297    31.6290    24.6808    24.6807    6.81135 0.0000e+00
      37165      6.710     7.6241     7.6206   3.273914   3.273568     2.2176     2.6512      8.079     4.8430     4.7275 5.6945e+01     0.1671    95.9082     6.7874     6.9662    31.6295    31.6289    24.6806    24.6806    6.81129 0.0000e+00
      37169      6.680     7.6240     7.6208   3.273924   3.273577     2.2184     2.6508      8.080     4.8939    37.2977 5.6814e+01     0.1667    95.9169     6.7920     6.9653    31.6297    31.6289    24.6808    24.6806    6.81130 0.0000e+00
      37175      6.641     7.6242     7.6210   3.273910   3.273594     2.2192     2.6516      8.080     4.9041   451.9066 5.6290e+01     0.1664    95.9256     6.7951     6.9653    31.6294    31.6289    24.6805    24.6806    6.81129 0.0000e+00
      37178      6.619     7.6240     7.6208   3.273910   3.273596     2.2180     2.6508      8.079     4.9041   481.6738 5.5708e+01     0.1671    95.9082     6.7877     6.9592    31.6295    31.6291    24.6806    24.6807    6.81130 0.0000e+00
      37181      6.595     7.6239     7.6209   3.273886   3.273631     2.2184     2.6508      8.079     4.8837   481.0421 5.5131e+01     0.1660    95.9343     6.7859     6.9550    31.6294    31.6294    24.6805    24.6809    6.81133 0.0000e+00
      37184      6.571     7.6241     7.6218   3.273914   3.273708     2.2176     2.6512      8.079     4.9041   481.1211 5.4687e+01     0.1660    95.9343     6.7800     6.9511    31.6295    31.6294    24.6806    24.6808    6.81129 0.0000e+00
      37187      6.547     7.6254     7.6227   3.274006   3.273751     2.2180     2.6508      8.079     4.8837   481.1211 5.4308e+01     0.1660    95.9343     6.7795     6.9417    31.6293    31.6290    24.6803    24.6804    6.81110 0.0000e+00
      37190      6.522     7.6254     7.6227   3.274020   3.273734     2.2180     2.6508      8.079     4.8939   481.1211 5.4183e+01     0.1660    95.9343     6.7753     6.9364    31.6295    31.6289    24.6805    24.6803    6.81109 0.0000e+00
      37193      6.496     7.6254     7.6227   3.274000   3.273733     2.2180     2.6512      8.079     4.9346   481.1211 5.4183e+01     0.1660    95.9343     6.7717     6.9322    31.6293    31.6289    24.6803    24.6803    6.81110 0.0000e+00
      37196      6.473     7.6250     7.6227   3.273938   3.273737     2.2188     2.6504      8.079     4.9346   481.1211 5.4308e+01     0.1660    95.9343     6.7728     6.9257    31.6290    31.6289    24.6801    24.6803    6.81117 0.0000e+00
      37201      6.437     7.6243     7.6228   3.273942   3.273751     2.2167     2.6491      8.079     4.9448    42.4300 5.5131e+01     0.1642    95.9778     6.7657     6.9172    31.6296    31.6291    24.6807    24.6804    6.81125 0.0000e+00
      37204      6.409     7.6246     7.6231   3.273986   3.273738     2.2163     2.6479      8.079     4.9346     0.6612 5.5966e+01     0.1642    95.9778     6.7630     6.9101    31.6299    31.6286    24.6808    24.6801    6.81120 0.0000e+00
      37207      6.378     7.6258     7.6228   3.274009   3.273731     2.2167     2.6475      8.079     4.9245     3.4247 5.6814e+01     0.1639    95.9865     6.7647     6.9064    31.6291    31.6288    24.6800    24.6802    6.81105 0.0000e+00
      37210      6.344     7.6252     7.6229   3.273989   3.273757     2.2167     2.6447      8.079     4.9448     3.3457 5.7875e+01     0.1639    95.9865     6.7637     6.8946    31.6295    31.6290    24.6804    24.6804    6.81112 0.0000e+00
      37213      6.304     7.6250     7.6228   3.273981   3.273757     2.2155     2.6455      8.079     4.9346     3.2668 5.8683e+01     0.1639    95.9865     6.7582     6.8962    31.6295    31.6291    24.6804    24.6805    6.81115 0.0000e+00
      37216      6.262     7.6249     7.6229   3.273949   3.273776     2.2147     2.6451      8.079     4.8838     3.3457 5.9091e+01     0.1639    95.9865     6.7555     6.8955    31.6293    31.6293    24.6804    24.6806    6.81118 0.0000e+00
      37219      6.218     7.6247     7.6235   3.273921   3.273801     2.2151     2.6447      8.079     4.7820     3.3062 5.9571e+01     0.1646    95.9691     6.7587     6.8968    31.6292    31.6290    24.6803    24.6803    6.81121 0.0000e+00
      37222      6.170     7.6243     7.6237   3.273908   3.273821     2.2163     2.6443      8.079     4.7718     3.3457 6.0125e+01     0.1660    95.9343     6.7666     6.8976    31.6295    31.6290    24.6806    24.6803    6.81126 0.0000e+00
      37225      6.121     7.6246     7.6238   3.273923   3.273833     2.2151     2.6434      8.079     4.7718     2.5956 6.0754e+01     0.1664    95.9256     6.7633     6.8976    31.6294    31.6291    24.6804    24.6803    6.81122 0.0000e+00
      37228      6.067     7.6244     7.6238   3.273938   3.273777     2.2151     2.6430      8.079     4.7718    -0.0889 6.1389e+01     0.1664    95.9256     6.7660     6.9002    31.6297    31.6286    24.6807    24.6799    6.81123 0.0000e+00
      37231      6.013     7.6251     7.6235   3.273993   3.273753     2.2147     2.6418      8.079     4.7718     0.0295 6.2032e+01     0.1660    95.9343     6.7658     6.8989    31.6297    31.6286    24.6806    24.6800    6.81112 0.0000e+00
      37234      5.955     7.6260     7.6232   3.274070   3.273739     2.2147     2.6410      8.079     4.7922    -0.0100 6.2391e+01     0.1667    95.9169     6.7667     6.8989    31.6298    31.6287    24.6805    24.6801    6.81098 0.0000e+00
      37237      5.896     7.6261     7.6231   3.274050   3.273739     2.2139     2.6414      8.079     4.7616    -0.0100 6.2608e+01     0.1664    95.9256     6.7648     6.8995    31.6294    31.6288    24.6803    24.6802    6.81098 0.0000e+00
      37240      5.833     7.6262     7.6232   3.274084   3.273741     2.2143     2.6406      8.079     4.7820    -0.0100 6.2971e+01     0.1682    95.8822     6.7672     6.8985    31.6297    31.6288    24.6805    24.6802    6.81094 0.0000e+00
      37243      5.770     7.6266     7.6232   3.274081   3.273717     2.2139     2.6406      8.079     4.5989     0.0295 6.3116e+01     0.1693    95.8561     6.7660     6.9015    31.6294    31.6286    24.6801    24.6800    6.81090 0.0000e+00
      37246      5.707     7.6267     7.6232   3.274069   3.273720     2.2143     2.6394      8.079     4.4361     0.0295 6.3263e+01     0.1693    95.8561     6.7695     6.8994    31.6292    31.6287    24.6800    24.6801    6.81089 0.0000e+00
      37249      5.649     7.6267     7.6232   3.274067   3.273711     2.2147     2.6402      8.080     4.4259     0.0295 6.3777e+01     0.1693    95.8561     6.7728     6.9049    31.6292    31.6285    24.6800    24.6800    6.81090 0.0000e+00
      37252      5.591     7.6257     7.6231   3.273959   3.273743     2.2151     2.6398      8.079     4.4259   237.9697 6.4743e+01     0.1693    95.8561     6.7746     6.9060    31.6289    31.6290    24.6799    24.6803    6.81106 0.0000e+00
      37255      5.536     7.6252     7.6231   3.273950   3.273696     2.2139     2.6394      8.079     4.4361   482.1870 6.6028e+01     0.1693    95.8561     6.7715     6.9070    31.6294    31.6286    24.6804    24.6800    6.81113 0.0000e+00
      37258      5.489     7.6257     7.6227   3.273948   3.273692     2.2135     2.6390      8.079     4.4361   480.9632 6.7417e+01     0.1693    95.8561     6.7702     6.9048    31.6289    31.6289    24.6799    24.6803    6.81107 0.0000e+00
      37261      5.453     7.6249     7.6231   3.273891   3.273685     2.2139     2.6385      8.079     4.4259   481.2395 6.8437e+01     0.1667    95.9169     6.7709     6.9036    31.6291    31.6285    24.6802    24.6800    6.81119 0.0000e+00
      38022      5.425     7.6284     7.6255   3.274234   3.273932     2.2122     2.6288      8.079     4.3750     4.6090 6.7183e+01     0.1671    95.9082     6.7748     6.8962    31.6295    31.6289    24.6800    24.6800    6.81061 0.0000e+00
      38025      5.399     7.6281     7.6257   3.274231   3.273943     2.2131     2.6284      8.079     4.3750     4.5696 6.7885e+01     0.1671    95.9082     6.7783     6.8977    31.6298    31.6289    24.6803    24.6799    6.81065 0.0000e+00
      38183      5.373     7.6284     7.6252   3.274231   3.273907     2.2127     2.6284      8.079     4.3750   322.3364 6.8755e+01     0.1671    95.9082     6.7749     6.8990    31.6295    31.6290    24.6800    24.6801    6.81061 0.0000e+00
      38454      5.349     7.6293     7.6257   3.274328   3.273956     2.2135     2.6292      8.079     4.3241   323.7971 6.8517e+01     0.1678    95.8908     6.7759     6.9007    31.6298    31.6291    24.6801    24.6800    6.81046 0.0000e+00
      38991      5.324     7.6310     7.6271   3.274490   3.274050     2.2151     2.6304      8.079     4.3953   166.4731 6.8279e+01     0.1689    95.8648     6.7701     6.8780    31.6300    31.6288    24.6800    24.6796    6.81019 0.0000e+00
      39296      5.283     7.6310     7.6266   3.274469   3.274015     2.2163     2.6308      8.079     4.6192   481.2395 6.8834e+01     0.1686    95.8735     6.7598     6.8314    31.6298    31.6289    24.6799    24.6798    6.81020 0.0000e+00
      39299      5.229     7.6306     7.6265   3.274421   3.274027     2.2171     2.6292      8.079     4.6192   481.2000 6.9153e+01     0.1686    95.8735     6.7594     6.8217    31.6296    31.6291    24.6798    24.6800    6.81026 0.0000e+00
      39302      5.169     7.6302     7.6265   3.274385   3.274004     2.2175     2.6283      8.079     4.6192   481.2000 6.9313e+01     0.1693    95.8561     6.7597     6.8156    31.6296    31.6289    24.6799    24.6798    6.81032 0.0000e+00
      39305      5.104     7.6304     7.6265   3.274395   3.273982     2.2167     2.6275      8.079     4.6293   481.2395 6.9474e+01     0.1693    95.8561     6.7543     6.8118    31.6296    31.6287    24.6798    24.6797    6.81030 0.0000e+00
      39308      5.031     7.6305     7.6268   3.274385   3.274003     2.2159     2.6271      8.079     4.6090   481.2395 7.0119e+01     0.1693    95.8561     6.7477     6.8119    31.6294    31.6287    24.6796    24.6796    6.81028 0.0000e+00
