Datasets/AZMP/HUD120/hud120_2020_015.cnv
* Sea-Bird SBE 9 Data File:
* FileName = C:\CTDDATA\hud120_2020_015.hex
* Software Version Seasave V 7.26.7.110
* Temperature SN = 1697
* Conductivity SN = 4216
* Number of Bytes Per Scan = 30
* Number of Voltage Words = 4
* Number of Scans Averaged by the Deck Unit = 1
* NMEA baud rate = 4800
** VESSEL/TRIP/SEQ STN:  hud120_2020_015
** LATITUDE XX XX.XX: 46 35.00 N
** LONGITUDE XX XX.XX: 052 56.00 W
** SOUNDING DEPTH (M): 0056
** PROBE TYPE: S1146
** CTD NUMBER: 005
** FORMAT: V
** COMMENTS (14 CHAR): SEGB-01
** BOTTLES:  06
** LEVELS: 5,10,20,30,40,BTM
** STICKERS: 439547 - 439552
** VNET: Y
** DO2: N
# nquan = 22
# nvalues = 1123                        
# units = specified
# name 0 = scan: Scan Count
# name 1 = prDM: Pressure, Digiquartz [db]
# name 2 = t090C: Temperature [ITS-90, deg C]
# name 3 = t190C: Temperature, 2 [ITS-90, deg C]
# name 4 = c0S/m: Conductivity [S/m]
# name 5 = c1S/m: Conductivity, 2 [S/m]
# name 6 = sbeox0V: Oxygen raw, SBE 43 [V]
# name 7 = sbeox1V: Oxygen raw, SBE 43, 2 [V]
# name 8 = ph: pH
# name 9 = flECO-AFL: Fluorescence, WET Labs ECO-AFL/FL [mg/m^3]
# name 10 = wetCDOM: Fluorescence, WET Labs CDOM [mg/m^3]
# name 11 = par/sat/log: PAR/Logarithmic, Satlantic [umol photons/m^2/sec]
# name 12 = CStarAt0: Beam Attenuation, WET Labs C-Star [1/m]
# name 13 = CStarTr0: Beam Transmission, WET Labs C-Star [%]
# name 14 = sbeox0ML/L: Oxygen, SBE 43 [ml/l], WS = 2
# name 15 = sbeox1ML/L: Oxygen, SBE 43, 2 [ml/l], WS = 2
# name 16 = sal00: Salinity, Practical [PSU]
# name 17 = sal11: Salinity, Practical, 2 [PSU]
# name 18 = sigma-t00: Density [sigma-t, kg/m^3 ]
# name 19 = sigma-t11: Density, 2 [sigma-t, kg/m^3 ]
# name 20 = oxsatML/L: Oxygen Saturation, Weiss [ml/l]
# name 21 = flag: flag
# span 0 =         10,      23556       
# span 1 =      0.249,     50.333       
# span 2 =     5.1060,     5.6870       
# span 3 =     5.1018,     5.6865       
# span 4 =   2.549548,   3.088617       
# span 5 =   2.135395,   3.088722       
# span 6 =     2.1796,     2.2118       
# span 7 =     2.5057,     2.6310       
# span 8 =      8.017,      8.034       
# span 9 =     2.3909,     3.8764       
# span 10 =    -2.8130,   482.1870      
# span 11 = 3.0650e-01, 1.3727e+02      
# span 12 =     0.0857,     0.1120      
# span 13 =    97.2382,    97.8814      
# span 14 =     6.8454,     7.1941      
# span 15 =     6.5294,     7.3547      
# span 16 =    25.4068,    31.5755      
# span 17 =    20.9215,    31.5755      
# span 18 =    20.0144,    24.9497      
# span 19 =    16.4779,    24.9502      
# span 20 =    7.14053,    7.42626      
# span 21 = 0.0000e+00, 0.0000e+00      
# interval = scans: 3                   
# start_time = Nov 17 2020 12:15:53 [System UTC, header]
# bad_flag = -9.990e-29
*END*
[from data line 264]
       1657     20.883     5.3439     5.3395   3.073248   3.072914     2.1929     2.5710      8.021     3.0115    10.3730 5.5618e+00     0.0949    97.6554     7.1037     7.1335    31.5215    31.5219    24.8808    24.8815    7.19318 0.0000e+00
       1660     20.983     5.3439     5.3394   3.073287   3.072861     2.1921     2.5702      8.021     3.0217    10.3730 5.4851e+00     0.0949    97.6554     7.1011     7.1329    31.5219    31.5213    24.8810    24.8811    7.19316 0.0000e+00
       1663     21.084     5.3442     5.3394   3.073306   3.072912     2.1929     2.5702      8.021     3.0014    10.3730 5.4096e+00     0.0949    97.6554     7.1045     7.1336    31.5218    31.5218    24.8809    24.8815    7.19312 0.0000e+00
       1666     21.189     5.3434     5.3394   3.073242   3.072901     2.1925     2.5714      8.021     2.9810    10.4520 5.3043e+00     0.0949    97.6554     7.1036     7.1368    31.5217    31.5217    24.8810    24.8814    7.19325 0.0000e+00
       1669     21.298     5.3437     5.3391   3.073273   3.072901     2.1921     2.5714      8.023     2.7572    10.0572 5.1951e+00     0.0949    97.6554     7.1054     7.1367    31.5217    31.5219    24.8810    24.8816    7.19320 0.0000e+00
       1672     21.410     5.3436     5.3388   3.073287   3.072895     2.1921     2.5710      8.024     2.7368     3.4642 5.0881e+00     0.0949    97.6554     7.1075     7.1363    31.5219    31.5220    24.8811    24.8818    7.19321 0.0000e+00
       1675     21.524     5.3438     5.3389   3.073287   3.072907     2.1925     2.5714      8.026     2.7267     2.9904 5.0006e+00     0.0942    97.6728     7.1101     7.1409    31.5217    31.5220    24.8809    24.8818    7.19318 0.0000e+00
       1678     21.639     5.3436     5.3395   3.073268   3.072915     2.1925     2.5714      8.023     2.7368     2.9904 4.8920e+00     0.0881    97.8205     7.1073     7.1419    31.5217    31.5215    24.8809    24.8813    7.19323 0.0000e+00
       1681     21.756     5.3434     5.3386   3.073262   3.072833     2.1925     2.5723      8.024     2.7165     2.9904 4.8023e+00     0.0881    97.8205     7.1053     7.1458    31.5216    31.5213    24.8809    24.8812    7.19325 0.0000e+00
       1684     21.873     5.3425     5.3376   3.073136   3.072802     2.1921     2.5727      8.024     2.7165     2.9904 4.7144e+00     0.0881    97.8205     7.1042     7.1481    31.5210    31.5219    24.8806    24.8818    7.19344 0.0000e+00
       1687     21.988     5.3382     5.3375   3.072581   3.072826     2.1917     2.5727      8.023     2.7267     2.9904 4.5959e+00     0.0878    97.8292     7.1030     7.1477    31.5188    31.5222    24.8793    24.8821    7.19430 0.0000e+00
       1690     22.105     5.3269     5.3373   3.071809   3.072758     2.1921     2.5723      8.021     2.7368     2.9904 4.5325e+00     0.0885    97.8118     7.1063     7.1451    31.5206    31.5215    24.8820    24.8815    7.19618 0.0000e+00
       1693     22.218     5.3285     5.3353   3.072187   3.072541     2.1933     2.5727      8.026     2.7470     3.0299 4.4598e+00     0.0881    97.8205     7.1114     7.1459    31.5233    31.5209    24.8839    24.8812    7.19577 0.0000e+00
       1696     22.331     5.3247     5.3351   3.071605   3.072664     2.1921     2.5739      8.023     2.7978     4.7275 4.3983e+00     0.0899    97.7771     7.1082     7.1483    31.5202    31.5224    24.8819    24.8825    7.19658 0.0000e+00
       1699     22.443     5.3215     5.3360   3.071464   3.072705     2.1925     2.5747      8.023     2.7877    10.6494 4.3478e+00     0.0921    97.7249     7.1094     7.1478    31.5216    31.5221    24.8834    24.8821    7.19707 0.0000e+00
       1702     22.550     5.3255     5.3354   3.072148   3.072661     2.1909     2.5743      8.023     2.7877    10.4520 4.3077e+00     0.0924    97.7162     7.1027     7.1456    31.5255    31.5221    24.8860    24.8822    7.19618 0.0000e+00
       1705     22.657     5.3323     5.3326   3.072423   3.072201     2.1917     2.5739      8.021     2.7877    10.4520 4.2829e+00     0.0917    97.7336     7.1050     7.1438    31.5222    31.5194    24.8826    24.8803    7.19516 0.0000e+00
       1708     22.757     5.3296     5.3280   3.072049   3.072071     2.1921     2.5743      8.021     2.7775    10.4915 4.2483e+00     0.0917    97.7336     7.1072     7.1449    31.5204    31.5222    24.8815    24.8831    7.19571 0.0000e+00
       1711     22.853     5.3279     5.3272   3.072010   3.072012     2.1917     2.5743      8.021     2.7775    10.4915 4.2239e+00     0.0921    97.7249     7.1060     7.1428    31.5216    31.5222    24.8826    24.8832    7.19595 0.0000e+00
       1714     22.945     5.3258     5.3242   3.071834   3.071879     2.1913     2.5743      8.021     2.7877    10.4915 4.2092e+00     0.0921    97.7249     7.1049     7.1423    31.5215    31.5235    24.8828    24.8845    7.19633 0.0000e+00
       1717     23.033     5.3268     5.3251   3.072027   3.071962     2.1921     2.5739      8.021     2.7877    10.4520 4.1801e+00     0.0921    97.7249     7.1106     7.1393    31.5226    31.5236    24.8836    24.8845    7.19609 0.0000e+00
       1720     23.116     5.3281     5.3253   3.072164   3.071817     2.1921     2.5739      8.024     2.8386    10.4915 4.1898e+00     0.0913    97.7423     7.1124     7.1377    31.5230    31.5217    24.8837    24.8830    7.19585 0.0000e+00
       1723     23.201     5.3297     5.3243   3.072288   3.071789     2.1913     2.5739      8.021     2.8793   245.8260 4.1656e+00     0.0913    97.7423     7.1074     7.1402    31.5228    31.5223    24.8834    24.8836    7.19558 0.0000e+00
       1726     23.284     5.3274     5.3209   3.072028   3.071369     2.1921     2.5755      8.021     2.8894   482.1870 4.1560e+00     0.0917    97.7336     7.1100     7.1474    31.5220    31.5207    24.8830    24.8827    7.19602 0.0000e+00
       1729     23.364     5.3246     5.3170   3.071796   3.071264     2.1913     2.5751      8.021     2.8894   480.8052 4.1369e+00     0.0913    97.7423     7.1047     7.1487    31.5220    31.5231    24.8833    24.8850    7.19651 0.0000e+00
       1732     23.445     5.3223     5.3171   3.071580   3.071166     2.1917     2.5743      8.023     2.8894   481.0421 4.1273e+00     0.0917    97.7336     7.1059     7.1472    31.5217    31.5219    24.8833    24.8841    7.19692 0.0000e+00
       1735     23.521     5.3211     5.3158   3.071481   3.071033     2.1917     2.5743      8.023     2.8894   481.0026 4.0988e+00     0.0917    97.7336     7.1065     7.1493    31.5216    31.5215    24.8834    24.8840    7.19713 0.0000e+00
       1738     23.591     5.3202     5.3153   3.071442   3.071055     2.1925     2.5755      8.023     2.8793   481.0026 4.1130e+00     0.0910    97.7510     7.1098     7.1544    31.5220    31.5222    24.8838    24.8845    7.19727 0.0000e+00
       1741     23.657     5.3197     5.3164   3.071417   3.071161     2.1917     2.5751      8.023     2.8894   481.0026 4.1035e+00     0.0913    97.7423     7.1057     7.1528    31.5221    31.5223    24.8840    24.8845    7.19735 0.0000e+00
       1744     23.721     5.3187     5.3176   3.071257   3.071247     2.1913     2.5751      8.021     2.8996   481.0421 4.1273e+00     0.0917    97.7336     7.1059     7.1522    31.5213    31.5221    24.8834    24.8842    7.19757 0.0000e+00
       1747     23.777     5.3168     5.3186   3.071134   3.071247     2.1905     2.5759      8.024     2.9403   481.0421 4.1321e+00     0.0913    97.7423     7.1041     7.1549    31.5216    31.5212    24.8839    24.8833    7.19789 0.0000e+00
       1750     23.829     5.3192     5.3156   3.071396   3.071078     2.1909     2.5755      8.023     2.9505   110.2945 4.1608e+00     0.0910    97.7510     7.1050     7.1547    31.5223    31.5221    24.8842    24.8844    7.19743 0.0000e+00
       1753     23.875     5.3201     5.3151   3.071468   3.071039     2.1909     2.5763      8.021     2.9505     4.3722 4.1801e+00     0.0913    97.7423     7.1049     7.1593    31.5223    31.5221    24.8841    24.8845    7.19728 0.0000e+00
       1756     23.916     5.3206     5.3154   3.071513   3.071035     2.1909     2.5763      8.021     2.9301     9.3860 4.1995e+00     0.0910    97.7510     7.1038     7.1601    31.5223    31.5217    24.8839    24.8841    7.19719 0.0000e+00
       1759     23.948     5.3217     5.3157   3.071493   3.071076     2.1913     2.5763      8.021     2.9505     9.1491 4.2287e+00     0.0917    97.7336     7.1049     7.1585    31.5210    31.5219    24.8829    24.8842    7.19706 0.0000e+00
       1776     24.044     5.3219     5.3158   3.071538   3.071125     2.1913     2.5771      8.024     2.9810   166.8284 4.3606e+00     0.0928    97.7075     7.1142     7.1594    31.5213    31.5223    24.8831    24.8845    7.19702 0.0000e+00
       1806     24.199     5.3222     5.3150   3.071610   3.071026     2.1921     2.5788      8.021     3.0522   481.6738 4.5640e+00     0.0949    97.6554     7.1342     7.1625    31.5217    31.5219    24.8833    24.8843    7.19694 0.0000e+00
       1809     24.223     5.3209     5.3147   3.071433   3.071018     2.1925     2.5784      8.021     3.0726   480.8842 4.5220e+00     0.0949    97.6554     7.1366     7.1593    31.5210    31.5221    24.8829    24.8845    7.19720 0.0000e+00
       1812     24.250     5.3174     5.3125   3.071175   3.070740     2.1921     2.5788      8.023     3.0624   481.0026 4.4908e+00     0.0949    97.6554     7.1381     7.1604    31.5213    31.5209    24.8835    24.8838    7.19779 0.0000e+00
       1815     24.281     5.3144     5.3103   3.070896   3.070665     2.1925     2.5796      8.021     3.0624   481.0026 4.4700e+00     0.0949    97.6554     7.1447     7.1629    31.5210    31.5222    24.8836    24.8850    7.19833 0.0000e+00
       1818     24.315     5.3108     5.3121   3.070614   3.070748     2.1929     2.5792      8.021     3.0624   481.0816 4.4649e+00     0.0917    97.7336     7.1488     7.1608    31.5211    31.5214    24.8842    24.8842    7.19895 0.0000e+00
       1821     24.353     5.3090     5.3085   3.070514   3.070417     2.1929     2.5788      8.023     3.0828   481.0421 4.4443e+00     0.0892    97.7945     7.1476     7.1610    31.5216    31.5210    24.8848    24.8843    7.19923 0.0000e+00
       1824     24.393     5.3079     5.3069   3.070409   3.070352     2.1941     2.5788      8.021     3.2863   481.0421 4.4238e+00     0.0896    97.7858     7.1507     7.1654    31.5214    31.5217    24.8847    24.8851    7.19943 0.0000e+00
       1827     24.444     5.3077     5.3052   3.070412   3.070182     2.1941     2.5800      8.021     3.8764   365.9212 4.3881e+00     0.0892    97.7945     7.1507     7.1741    31.5216    31.5215    24.8849    24.8851    7.19946 0.0000e+00
       1830     24.496     5.3094     5.3049   3.070695   3.070268     2.1929     2.5788      8.023     3.8662     7.5700 4.3780e+00     0.0896    97.7858     7.1426     7.1741    31.5233    31.5226    24.8860    24.8860    7.19910 0.0000e+00
       1833     24.551     5.3173     5.3098   3.071405   3.070695     2.1950     2.5788      8.021     3.8662    17.9135 4.3578e+00     0.0896    97.7858     7.1528     7.1770    31.5238    31.5228    24.8856    24.8856    7.19768 0.0000e+00
       1836     24.611     5.3175     5.3129   3.071182   3.070909     2.1950     2.5800      8.023     3.8561    17.4397 4.3377e+00     0.0896    97.7858     7.1581     7.1832    31.5211    31.5223    24.8834    24.8849    7.19779 0.0000e+00
       1839     24.680     5.3156     5.3125   3.071092   3.070819     2.1950     2.5792      8.021     3.8459    17.4397 4.3027e+00     0.0942    97.6728     7.1622     7.1859    31.5218    31.5216    24.8842    24.8844    7.19808 0.0000e+00
       1842     24.752     5.3157     5.3112   3.071137   3.070686     2.1945     2.5800      8.021     3.8357    17.4397 4.2631e+00     0.0949    97.6554     7.1595     7.1943    31.5222    31.5213    24.8845    24.8843    7.19805 0.0000e+00
       1845     24.834     5.3164     5.3109   3.071148   3.070748     2.1945     2.5812      8.023     3.8561    17.4397 4.2190e+00     0.0949    97.6554     7.1550     7.2053    31.5217    31.5223    24.8840    24.8851    7.19796 0.0000e+00
       1848     24.922     5.3149     5.3113   3.071022   3.070753     2.1950     2.5820      8.021     3.8662    17.4397 4.1753e+00     0.0949    97.6554     7.1511     7.2126    31.5216    31.5219    24.8841    24.8847    7.19821 0.0000e+00
       1851     25.017     5.3147     5.3099   3.071105   3.070654     2.1950     2.5828      8.021     3.4592    17.4397 4.1273e+00     0.0949    97.6554     7.1467     7.2190    31.5227    31.5220    24.8850    24.8850    7.19820 0.0000e+00
       1854     25.117     5.3189     5.3125   3.071477   3.071006     2.1958     2.5824      8.021     3.1031   260.2358 4.0517e+00     0.0949    97.6554     7.1446     7.2216    31.5229    31.5236    24.8847    24.8859    7.19746 0.0000e+00
       1857     25.224     5.3206     5.3161   3.071552   3.071201     2.1974     2.5837      8.021     3.1235   481.9106 4.0005e+00     0.0942    97.6728     7.1457     7.2299    31.5221    31.5224    24.8838    24.8846    7.19720 0.0000e+00
       1860     25.340     5.3205     5.3153   3.071545   3.071065     2.1994     2.5837      8.024     3.1336   480.8447 3.9227e+00     0.0889    97.8031     7.1517     7.2334    31.5220    31.5215    24.8838    24.8840    7.19721 0.0000e+00
       1863     25.465     5.3191     5.3142   3.071377   3.070988     2.1982     2.5849      8.021     3.1438   481.0421 3.8685e+00     0.0896    97.7858     7.1458     7.2396    31.5214    31.5216    24.8834    24.8842    7.19749 0.0000e+00
       1866     25.592     5.3189     5.3137   3.071414   3.071006     2.1966     2.5861      8.023     3.1336   481.0421 3.8153e+00     0.0889    97.8031     7.1385     7.2434    31.5219    31.5222    24.8839    24.8847    7.19749 0.0000e+00
       1869     25.727     5.3185     5.3141   3.071392   3.070969     2.1954     2.5873      8.021     3.1133   481.0421 3.7453e+00     0.0885    97.8118     7.1329     7.2473    31.5220    31.5213    24.8840    24.8840    7.19757 0.0000e+00
       1872     25.869     5.3180     5.3121   3.071279   3.070820     2.1945     2.5873      8.021     3.1438   481.0816 3.6767e+00     0.0889    97.8031     7.1272     7.2480    31.5211    31.5215    24.8833    24.8843    7.19769 0.0000e+00
       1875     26.021     5.3158     5.3107   3.071128   3.070766     2.1954     2.5873      8.021     3.1336   481.1211 3.6135e+00     0.0889    97.8031     7.1291     7.2499    31.5215    31.5221    24.8838    24.8850    7.19807 0.0000e+00
       1878     26.180     5.3150     5.3109   3.071061   3.070796     2.1954     2.5894      8.023     2.8284   481.1211 3.5431e+00     0.0899    97.7771     7.1264     7.2575    31.5213    31.5221    24.8838    24.8850    7.19821 0.0000e+00
       1881     26.341     5.3153     5.3114   3.071144   3.070841     2.1958     2.5910      8.023     2.7572   481.1211 3.4742e+00     0.0906    97.7597     7.1289     7.2630    31.5219    31.5221    24.8843    24.8848    7.19813 0.0000e+00
       1884     26.510     5.3154     5.3110   3.071133   3.070788     2.1954     2.5910      8.021     2.7572   481.1211 3.3987e+00     0.0906    97.7597     7.1320     7.2640    31.5216    31.5218    24.8840    24.8847    7.19813 0.0000e+00
       1887     26.683     5.3139     5.3100   3.071023   3.070724     2.1966     2.5910      8.024     2.7673   481.1211 3.3134e+00     0.0906    97.7597     7.1459     7.2628    31.5217    31.5219    24.8843    24.8849    7.19839 0.0000e+00
       1890     26.860     5.3134     5.3080   3.071045   3.070538     2.1970     2.5922      8.021     2.7775   481.1211 3.2377e+00     0.0906    97.7597     7.1515     7.2662    31.5223    31.5216    24.8848    24.8848    7.19844 0.0000e+00
