Datasets/AZMP/HUD120/hud120_2020_076.cnv
* Sea-Bird SBE 9 Data File:
* FileName = C:\CTDDATA\hud120_2020_076.hex
* Software Version Seasave V 7.26.7.110
* Temperature SN = 1697
* Conductivity SN = 4216
* Number of Bytes Per Scan = 30
* Number of Voltage Words = 4
* Number of Scans Averaged by the Deck Unit = 1
* NMEA baud rate = 4800
** VESSEL/TRIP/SEQ STN:  hud120_2020_076
** LATITUDE XX XX.XX: 47 00.00 N
** LONGITUDE XX XX.XX: 051 29.10 W
** SOUNDING DEPTH (M): 0102
** PROBE TYPE: S1146
** CTD NUMBER: 055
** FORMAT: V
** COMMENTS (14 CHAR): FC-06
** BOTTLES:  8
** LEVELS: 5,10,20,30,40,50,75,BTM
** STICKERS: 439875 - 439882
** VNET: Y
** DO2: Y
# nquan = 22
# nvalues = 2122                        
# units = specified
# name 0 = scan: Scan Count
# name 1 = prDM: Pressure, Digiquartz [db]
# name 2 = t090C: Temperature [ITS-90, deg C]
# name 3 = t190C: Temperature, 2 [ITS-90, deg C]
# name 4 = c0S/m: Conductivity [S/m]
# name 5 = c1S/m: Conductivity, 2 [S/m]
# name 6 = sbeox0V: Oxygen raw, SBE 43 [V]
# name 7 = sbeox1V: Oxygen raw, SBE 43, 2 [V]
# name 8 = ph: pH
# name 9 = flECO-AFL: Fluorescence, WET Labs ECO-AFL/FL [mg/m^3]
# name 10 = wetCDOM: Fluorescence, WET Labs CDOM [mg/m^3]
# name 11 = par/sat/log: PAR/Logarithmic, Satlantic [umol photons/m^2/sec]
# name 12 = CStarAt0: Beam Attenuation, WET Labs C-Star [1/m]
# name 13 = CStarTr0: Beam Transmission, WET Labs C-Star [%]
# name 14 = sbeox0ML/L: Oxygen, SBE 43 [ml/l], WS = 2
# name 15 = sbeox1ML/L: Oxygen, SBE 43, 2 [ml/l], WS = 2
# name 16 = sal00: Salinity, Practical [PSU]
# name 17 = sal11: Salinity, Practical, 2 [PSU]
# name 18 = sigma-t00: Density [sigma-t, kg/m^3 ]
# name 19 = sigma-t11: Density, 2 [sigma-t, kg/m^3 ]
# name 20 = oxsatML/L: Oxygen Saturation, Weiss [ml/l]
# name 21 = flag: flag
# span 0 =         51,      29415       
# span 1 =      0.449,     96.953       
# span 2 =    -0.1148,     4.8056       
# span 3 =    -0.1301,     4.8010       
# span 4 =   1.122215,   3.056235       
# span 5 =   0.979551,   3.055825       
# span 6 =     1.7550,     2.2257       
# span 7 =     2.0725,     2.6275       
# span 8 =      7.894,      8.147       
# span 9 =     1.1394,     3.8967       
# span 10 =    -2.8130,   482.1870      
# span 11 = 1.0519e-01, 9.4490e-01      
# span 12 =     0.1210,     0.5503      
# span 13 =    87.1464,    97.0208      
# span 14 =     5.7093,     7.4359      
# span 15 =     5.8336,     7.4092      
# span 16 =    10.7032,    33.0397      
# span 17 =     9.2452,    33.0496      
# span 18 =     8.4755,    26.5290      
# span 19 =     7.3219,    26.5379      
# span 20 =    7.27356,    8.37358      
# span 21 = 0.0000e+00, 0.0000e+00      
# interval = scans: 3                   
# start_time = Nov 26 2020 07:41:08 [System UTC, header]
# bad_flag = -9.990e-29
*END*
[from data line 2107]
      29374      2.721     4.7498     4.7427   3.045511   3.044737     2.1976     2.5709      8.145     2.8182   481.2790 1.2933e-01     0.1282    96.8470     7.0771     6.8755    31.7774    31.7753    25.1479    25.1470    7.28530 0.0000e+00
      29377      2.579     4.7481     4.7412   3.045206   3.044561 -9.990e-29 -9.990e-29      8.144     2.8182   481.2790 2.3028e-01     0.1289    96.8296 -9.990e-29 -9.990e-29    31.7756    31.7747    25.1466    25.1466    7.28568 0.0000e+00
      29380      2.426     4.7411     4.7384   3.044631   3.044317 -9.990e-29 -9.990e-29      8.144     2.8182   481.2790 2.0444e-01     0.1292    96.8209 -9.990e-29 -9.990e-29    31.7758    31.7747    25.1475    25.1470    7.28692 0.0000e+00
      29383      2.267     4.7404     4.7359   3.044686   3.044134 -9.990e-29 -9.990e-29      8.145     2.8182   378.9493 1.8412e-01     0.1292    96.8209 -9.990e-29 -9.990e-29    31.7771    31.7751    25.1487    25.1475    7.28698 0.0000e+00
      29386      2.097     4.7409     4.7351   3.044645   3.044087 -9.990e-29 -9.990e-29      8.144     2.8080     6.9383 4.2951e-01     0.1292    96.8209 -9.990e-29 -9.990e-29    31.7762    31.7754    25.1479    25.1478    7.28693 0.0000e+00
      29389      1.917     4.7401     4.7338   3.044648   3.043875 -9.990e-29 -9.990e-29      8.142     2.7673    14.9921 9.4490e-01     0.1296    96.8122 -9.990e-29 -9.990e-29    31.7772    31.7742    25.1487    25.1471    7.28703 0.0000e+00
      29392      1.729     4.7425     4.7309   3.044824   3.043663 -9.990e-29 -9.990e-29      8.144     2.6656    14.5973 4.8607e-01     0.1292    96.8209 -9.990e-29 -9.990e-29    31.7769    31.7747    25.1483    25.1477    7.28660 0.0000e+00
      29395      1.534     4.7421     4.7305   3.044840   3.043673 -9.990e-29 -9.990e-29      8.144     2.6656    14.5973 5.3462e-01     0.1292    96.8209 -9.990e-29 -9.990e-29    31.7776    31.7752    25.1489    25.1482    7.28665 0.0000e+00
      29398      1.332     4.7453     4.7335   3.045119   3.044038 -9.990e-29 -9.990e-29      8.144     2.6656    14.5973 6.4682e-01     0.1303    96.7948 -9.990e-29 -9.990e-29    31.7778    31.7767    25.1487    25.1490    7.28606 0.0000e+00
      29401      1.124     4.7468     4.7387   3.045232   3.044383 -9.990e-29 -9.990e-29      8.144     2.6757    14.5973 6.6658e-01     0.1314    96.7688 -9.990e-29 -9.990e-29    31.7778    31.7758    25.1486    25.1478    7.28580 0.0000e+00
      29404      0.921     4.7480     4.7395   3.045261   3.044371 -9.990e-29 -9.990e-29      8.144     2.6656    14.5973 6.7673e-01     0.1314    96.7688 -9.990e-29 -9.990e-29    31.7771    31.7750    25.1478    25.1471    7.28563 0.0000e+00
      29407      0.735     4.7470     4.7382   3.045086   3.044260 -9.990e-29 -9.990e-29      8.145     2.6757    14.5973 6.9651e-01     0.1314    96.7688 -9.990e-29 -9.990e-29    31.7762    31.7750    25.1472    25.1472    7.28585 0.0000e+00
      29410      0.579     4.7441     4.7378   3.044769   3.044226 -9.990e-29 -9.990e-29      8.144     2.6757   239.7068 7.1863e-01     0.1318    96.7601 -9.990e-29 -9.990e-29    31.7753    31.7751    25.1469    25.1474    7.28640 0.0000e+00
      29413      0.479     4.7440     4.7375   2.815452   2.746009 -9.990e-29 -9.990e-29      8.144     2.6656   482.1870 7.4913e-01     0.1314    96.7688 -9.990e-29 -9.990e-29    29.1744    28.4102    23.0871    22.4834    7.41476 0.0000e+00
      29415      0.449     4.7437     4.7370   1.122215   0.979551 -9.990e-29 -9.990e-29      8.147     2.8386   481.2395 7.5521e-01     0.1314    96.7688 -9.990e-29 -9.990e-29    10.7032     9.2452     8.4755     7.3219    8.37358 0.0000e+00
