Datasets/AZMP/HUD120/hud120_2020_091.cnv
* Sea-Bird SBE 9 Data File:
* FileName = C:\CTDDATA\hud120_2020_091.hex
* Software Version Seasave V 7.26.7.110
* Temperature SN = 1697
* Conductivity SN = 4216
* Number of Bytes Per Scan = 30
* Number of Voltage Words = 4
* Number of Scans Averaged by the Deck Unit = 1
* NMEA baud rate = 4800
** VESSEL/TRIP/SEQ STN:  hud120_2020_091
** LATITUDE XX XX.XX: 49 06.00 N
** LONGITUDE XX XX.XX: 051 49.80 W
** SOUNDING DEPTH (M): 0290
** PROBE TYPE: S1146
** CTD NUMBER: 068
** FORMAT: V
** COMMENTS (14 CHAR): BB-06
** BOTTLES:  10
** LEVELS: 5,10,20,30,40,50,75,100,150,BTM
** STICKERS: 439977 - 439986
** VNET: Y
** DO2: Y
# nquan = 22
# nvalues = 6184                        
# units = specified
# name 0 = scan: Scan Count
# name 1 = prDM: Pressure, Digiquartz [db]
# name 2 = t090C: Temperature [ITS-90, deg C]
# name 3 = t190C: Temperature, 2 [ITS-90, deg C]
# name 4 = c0S/m: Conductivity [S/m]
# name 5 = c1S/m: Conductivity, 2 [S/m]
# name 6 = sbeox0V: Oxygen raw, SBE 43 [V]
# name 7 = sbeox1V: Oxygen raw, SBE 43, 2 [V]
# name 8 = ph: pH
# name 9 = flECO-AFL: Fluorescence, WET Labs ECO-AFL/FL [mg/m^3]
# name 10 = wetCDOM: Fluorescence, WET Labs CDOM [mg/m^3]
# name 11 = par/sat/log: PAR/Logarithmic, Satlantic [umol photons/m^2/sec]
# name 12 = CStarAt0: Beam Attenuation, WET Labs C-Star [1/m]
# name 13 = CStarTr0: Beam Transmission, WET Labs C-Star [%]
# name 14 = sbeox0ML/L: Oxygen, SBE 43 [ml/l], WS = 2
# name 15 = sbeox1ML/L: Oxygen, SBE 43, 2 [ml/l], WS = 2
# name 16 = sal00: Salinity, Practical [PSU]
# name 17 = sal11: Salinity, Practical, 2 [PSU]
# name 18 = sigma-t00: Density [sigma-t, kg/m^3 ]
# name 19 = sigma-t11: Density, 2 [sigma-t, kg/m^3 ]
# name 20 = oxsatML/L: Oxygen Saturation, Weiss [ml/l]
# name 21 = flag: flag
# span 0 =          2,      52165       
# span 1 =      0.285,    286.523       
# span 2 =     0.6836,     2.7119       
# span 3 =     0.6782,     2.7074       
# span 4 =   2.853451,   3.107532       
# span 5 =   2.852938,   3.107018       
# span 6 =     1.8253,     2.2029       
# span 7 =     2.1447,     2.6056       
# span 8 =      8.024,      8.154       
# span 9 =     0.8850,     4.7006       
# span 10 =    -2.8130,   482.1870      
# span 11 = 1.0654e-01, 5.9241e-01      
# span 12 =     0.0768,     0.8583      
# span 13 =    80.6880,    98.0987      
# span 14 =     6.0877,     7.8763      
# span 15 =     6.1496,     7.9007      
# span 16 =    32.7218,    34.4337      
# span 17 =    32.7189,    34.4319      
# span 18 =    26.1628,    27.4588      
# span 19 =    26.1594,    27.4578      
# span 20 =    7.52878,    7.97508      
# span 21 = 0.0000e+00, 0.0000e+00      
# interval = scans: 3                   
# start_time = Nov 28 2020 06:48:15 [System UTC, header]
# bad_flag = -9.990e-29
*END*
[from data line 2503]
       7781    260.244     2.5982     2.5937   3.093298   3.092785     1.8498     2.1730      8.028     1.0986    14.2419 1.0740e-01     0.1922    95.3085     6.1776     6.2432    34.3942    34.3927    27.4371    27.4363    7.55237 0.0000e+00
       7784    260.311     2.5987     2.5945   3.093391   3.092886     1.8494     2.1734      8.026     1.0783    14.2419 1.0727e-01     0.1966    95.2042     6.1741     6.2442    34.3948    34.3931    27.4375    27.4365    7.55225 0.0000e+00
       7787    260.380     2.6003     2.5972   3.093610   3.093197     1.8490     2.1722      8.028     1.0884   204.5704 1.0727e-01     0.1966    95.2042     6.1706     6.2382    34.3957    34.3940    27.4381    27.4370    7.55189 0.0000e+00
       7790    260.448     2.6023     2.5982   3.093797   3.093287     1.8494     2.1722      8.028     1.0783   482.1870 1.0715e-01     0.1966    95.2042     6.1763     6.2353    34.3958    34.3940    27.4380    27.4369    7.55150 0.0000e+00
       7793    260.513     2.6032     2.5992   3.093906   3.093417     1.8498     2.1713      8.026     1.0884   481.0816 1.0715e-01     0.1966    95.2042     6.1828     6.2322    34.3962    34.3945    27.4382    27.4372    7.55132 0.0000e+00
       7796    260.578     2.6037     2.6024   3.094009   3.093831     1.8486     2.1709      8.028     1.0783   481.2790 1.0740e-01     0.1966    95.2042     6.1784     6.2299    34.3969    34.3961    27.4387    27.4382    7.55118 0.0000e+00
       7799    260.644     2.6075     2.6066   3.094530   3.094219     1.8486     2.1709      8.026     1.0986   481.2790 1.0727e-01     0.1966    95.2042     6.1755     6.2286    34.3993    34.3963    27.4403    27.4381    7.55035 0.0000e+00
       7802    260.710     2.6109     2.6074   3.094850   3.094361     1.8486     2.1709      8.026     1.0783   481.3184 1.0715e-01     0.1973    95.1868     6.1732     6.2292    34.3994    34.3972    27.4402    27.4387    7.54969 0.0000e+00
       7805    260.774     2.6129     2.6115   3.095072   3.094905     1.8486     2.1701      8.028     1.0274   481.2395 1.0727e-01     0.1988    95.1520     6.1715     6.2271    34.4000    34.3994    27.4404    27.4401    7.54927 0.0000e+00
       7808    260.836     2.6177     2.6173   3.095664   3.095518     1.8474     2.1709      8.028     1.0071   481.2395 1.0727e-01     0.1988    95.1520     6.1675     6.2311    34.4021    34.4008    27.4417    27.4407    7.54825 0.0000e+00
       7811    260.900     2.6230     2.6203   3.096211   3.095805     1.8474     2.1689      8.028     0.9867   481.3184 1.0715e-01     0.1988    95.1520     6.1656     6.2265    34.4031    34.4010    27.4420    27.4406    7.54719 0.0000e+00
       7814    260.960     2.6255     2.6215   3.096444   3.095932     1.8486     2.1693      8.028     1.0071   158.4983 1.0715e-01     0.1988    95.1520     6.1670     6.2305    34.4032    34.4013    27.4419    27.4407    7.54670 0.0000e+00
       7817    261.021     2.6267     2.6219   3.096560   3.095966     1.8486     2.1697      8.026     0.9969     4.9644 1.0715e-01     0.1988    95.1520     6.1681     6.2349    34.4034    34.4012    27.4420    27.4406    7.54648 0.0000e+00
       7820    261.080     2.6264     2.6219   3.096621   3.095998     1.8474     2.1689      8.026     0.9969    11.2415 1.0715e-01     0.1988    95.1520     6.1647     6.2329    34.4044    34.4016    27.4428    27.4410    7.54648 0.0000e+00
       7823    261.134     2.6269     2.6220   3.096637   3.096015     1.8465     2.1689      8.026     0.9969    10.9652 1.0715e-01     0.2039    95.0303     6.1624     6.2331    34.4040    34.4016    27.4425    27.4409    7.54640 0.0000e+00
       7826    261.187     2.6275     2.6232   3.096708   3.096175     1.8465     2.1685      8.026     0.9969    10.9652 1.0715e-01     0.2113    94.8565     6.1655     6.2335    34.4043    34.4023    27.4426    27.4414    7.54627 0.0000e+00
       7829    261.243     2.6277     2.6241   3.096795   3.096270     1.8470     2.1685      8.026     0.9867    10.9257 1.0727e-01     0.2109    94.8652     6.1703     6.2345    34.4051    34.4024    27.4432    27.4414    7.54620 0.0000e+00
       7832    261.295     2.6283     2.6242   3.096844   3.096269     1.8474     2.1685      8.026     1.0071    10.9257 1.0715e-01     0.2113    94.8565     6.1727     6.2337    34.4050    34.4023    27.4431    27.4413    7.54609 0.0000e+00
       7835    261.345     2.6285     2.6247   3.096826   3.096319     1.8461     2.1685      8.026     0.9969    10.9257 1.0727e-01     0.2109    94.8652     6.1649     6.2356    34.4046    34.4024    27.4427    27.4413    7.54607 0.0000e+00
       7838    261.395     2.6286     2.6249   3.096861   3.096404     1.8457     2.1685      8.026     0.9969    27.8227 1.0715e-01     0.2109    94.8652     6.1634     6.2342    34.4048    34.4032    27.4429    27.4420    7.54603 0.0000e+00
       7841    261.443     2.6291     2.6254   3.096912   3.096423     1.8461     2.1681      8.026     0.9867   440.3787 1.0727e-01     0.2109    94.8652     6.1674     6.2318    34.4049    34.4029    27.4429    27.4417    7.54593 0.0000e+00
       7844    261.493     2.6293     2.6257   3.096989   3.096471     1.8465     2.1681      8.026     0.9867   481.2000 1.0715e-01     0.2230    94.5783     6.1720     6.2319    34.4056    34.4031    27.4435    27.4418    7.54587 0.0000e+00
       7847    261.539     2.6300     2.6262   3.097027   3.096490     1.8465     2.1677      8.028     0.9867   481.1211 1.0715e-01     0.2281    94.4566     6.1717     6.2318    34.4053    34.4028    27.4432    27.4415    7.54575 0.0000e+00
       7850    261.587     2.6303     2.6263   3.097040   3.096521     1.8470     2.1677      8.026     0.9969   481.2395 1.0727e-01     0.2281    94.4566     6.1737     6.2342    34.4051    34.4030    27.4430    27.4417    7.54570 0.0000e+00
       7853    261.635     2.6301     2.6269   3.097052   3.096582     1.8461     2.1673      8.029     0.9969   481.2395 1.0715e-01     0.2278    94.4653     6.1688     6.2324    34.4054    34.4031    27.4433    27.4417    7.54572 0.0000e+00
       7856    261.681     2.6306     2.6281   3.097076   3.096715     1.8457     2.1665      8.026     0.9867   481.2395 1.0727e-01     0.2278    94.4653     6.1708     6.2286    34.4052    34.4034    27.4430    27.4419    7.54564 0.0000e+00
       7859    261.729     2.6316     2.6295   3.097201   3.096895     1.8457     2.1673      8.026     0.9663   481.2395 1.0727e-01     0.2274    94.4740     6.1737     6.2315    34.4055    34.4041    27.4433    27.4422    7.54542 0.0000e+00
       7862    261.778     2.6331     2.6306   3.097367   3.097011     1.8453     2.1669      8.028     0.9765   481.2790 1.0715e-01     0.2285    94.4479     6.1699     6.2307    34.4060    34.4043    27.4435    27.4423    7.54512 0.0000e+00
       7865    261.827     2.6342     2.6323   3.097580   3.097273     1.8453     2.1661      8.026     0.9663   376.6595 1.0715e-01     0.2399    94.1785     6.1669     6.2296    34.4074    34.4057    27.4445    27.4433    7.54484 0.0000e+00
       7868    261.878     2.6369     2.6346   3.097808   3.097470     1.8453     2.1665      8.026     0.9663     2.2008 1.0715e-01     0.2407    94.1611     6.1649     6.2322    34.4074    34.4057    27.4443    27.4431    7.54434 0.0000e+00
       7871    261.929     2.6381     2.6380   3.098040   3.097844     1.8449     2.1677      8.028     0.9460     8.1227 1.0727e-01     0.2407    94.1611     6.1657     6.2357    34.4088    34.4066    27.4453    27.4435    7.54402 0.0000e+00
       7874    261.978     2.6415     2.6405   3.098419   3.098096     1.8458     2.1673      8.026     0.9562     8.2017 1.0715e-01     0.2407    94.1611     6.1695     6.2348    34.4098    34.4069    27.4458    27.4436    7.54333 0.0000e+00
       7877    262.031     2.6440     2.6427   3.098676   3.098310     1.8453     2.1661      8.028     0.9765     8.2017 1.0715e-01     0.2407    94.1611     6.1671     6.2313    34.4103    34.4071    27.4460    27.4436    7.54283 0.0000e+00
       7880    262.083     2.6460     2.6442   3.098930   3.098481     1.8462     2.1661      8.026     0.9663     8.2017 1.0715e-01     0.2407    94.1611     6.1709     6.2314    34.4113    34.4076    27.4466    27.4438    7.54240 0.0000e+00
       7883    262.137     2.6484     2.6453   3.099175   3.098628     1.8453     2.1661      8.026     0.9663     8.2017 1.0715e-01     0.2433    94.1002     6.1660     6.2318    34.4116    34.4083    27.4466    27.4443    7.54191 0.0000e+00
       7886    262.192     2.6494     2.6451   3.099213   3.098675     1.8453     2.1661      8.026     0.9663     8.2017 1.0727e-01     0.2517    93.9003     6.1647     6.2336    34.4110    34.4091    27.4461    27.4449    7.54176 0.0000e+00
       7889    262.245     2.6488     2.6456   3.099152   3.098791     1.8441     2.1665      8.026     0.9663     8.2017 1.0727e-01     0.2517    93.9003     6.1574     6.2332    34.4109    34.4099    27.4460    27.4455    7.54188 0.0000e+00
       7892    262.301     2.6494     2.6506   3.099245   3.099337     1.8453     2.1661      8.026     0.9765   243.2993 1.0715e-01     0.2517    93.9003     6.1596     6.2272    34.4113    34.4112    27.4464    27.4461    7.54175 0.0000e+00
       7895    262.356     2.6551     2.6555   3.099946   3.099868     1.8453     2.1652      8.026     0.9562   482.1870 1.0715e-01     0.2517    93.9003     6.1570     6.2221    34.4138    34.4124    27.4478    27.4467    7.54053 0.0000e+00
       7898    262.410     2.6603     2.6592   3.100602   3.100239     1.8441     2.1661      8.026     0.9663   481.0421 1.0715e-01     0.2517    93.9003     6.1485     6.2258    34.4162    34.4130    27.4493    27.4469    7.53942 0.0000e+00
       7901    262.467     2.6646     2.6615   3.101000   3.100526     1.8441     2.1661      8.026     0.9562   481.2395 1.0715e-01     0.2517    93.9003     6.1479     6.2262    34.4165    34.4141    27.4491    27.4475    7.53858 0.0000e+00
       7904    262.522     2.6676     2.6629   3.101282   3.100660     1.8445     2.1661      8.026     0.9663   481.2395 1.0715e-01     0.2782    93.2832     6.1500     6.2232    34.4168    34.4141    27.4491    27.4474    7.53801 0.0000e+00
       7907    262.576     2.6694     2.6638   3.101486   3.100764     1.8445     2.1661      8.026     0.9765   481.2790 1.0715e-01     0.3088    92.5704     6.1504     6.2202    34.4173    34.4144    27.4494    27.4475    7.53763 0.0000e+00
       7910    262.630     2.6707     2.6652   3.101622   3.101035     1.8437     2.1661      8.026     0.9969   481.3184 1.0715e-01     0.3077    92.5965     6.1486     6.2191    34.4176    34.4162    27.4495    27.4489    7.53738 0.0000e+00
       7913    262.686     2.6739     2.6738   3.102093   3.102267     1.8437     2.1648      8.026     1.0071   481.2790 1.0715e-01     0.3073    92.6052     6.1481     6.2095    34.4199    34.4222    27.4511    27.4529    7.53665 0.0000e+00
       7916    262.739     2.6837     2.6836   3.103308   3.103174     1.8437     2.1648      8.026     1.0071   481.3184 1.0715e-01     0.3077    92.5965     6.1442     6.2067    34.4243    34.4227    27.4537    27.4525    7.53457 0.0000e+00
       7919    262.792     2.6927     2.6888   3.104195   3.103687     1.8437     2.1644      8.026     0.9969   108.8732 1.0715e-01     0.3077    92.5965     6.1452     6.2037    34.4255    34.4235    27.4539    27.4526    7.53280 0.0000e+00
       7922    262.845     2.6961     2.6912   3.104588   3.103918     1.8433     2.1652      8.026     0.9969     0.7401 1.0715e-01     0.3077    92.5965     6.1415     6.2038    34.4267    34.4236    27.4545    27.4526    7.53210 0.0000e+00
       7925    262.896     2.6975     2.6919   3.104762   3.104103     1.8437     2.1644      8.026     0.9969     4.9249 1.0715e-01     0.2781    93.2832     6.1397     6.2003    34.4273    34.4252    27.4549    27.4537    7.53180 0.0000e+00
       7928    262.947     2.6977     2.6927   3.104836   3.104209     1.8429     2.1640      8.026     0.9867     4.6485 1.0715e-01     0.2680    93.5179     6.1372     6.1985    34.4279    34.4256    27.4554    27.4540    7.53172 0.0000e+00
       7931    262.997     2.6979     2.6934   3.104827   3.104317     1.8429     2.1636      8.026     0.9969     4.6485 1.0715e-01     0.2684    93.5092     6.1388     6.1978    34.4276    34.4261    27.4551    27.4544    7.53170 0.0000e+00
       7934    263.046     2.6977     2.6937   3.104841   3.104373     1.8437     2.1644      8.026     0.9867     4.6485 1.0715e-01     0.2684    93.5092     6.1410     6.2021    34.4280    34.4264    27.4554    27.4546    7.53173 0.0000e+00
       7937    263.097     2.6972     2.6941   3.104816   3.104389     1.8425     2.1624      8.026     1.0071     4.6485 1.0715e-01     0.2684    93.5092     6.1350     6.1955    34.4281    34.4262    27.4556    27.4543    7.53180 0.0000e+00
       7940    263.148     2.6973     2.6939   3.104832   3.104388     1.8429     2.1636      8.026     0.9765     4.6485 1.0715e-01     0.2684    93.5092     6.1349     6.1989    34.4282    34.4263    27.4557    27.4544    7.53179 0.0000e+00
       7943    263.199     2.6975     2.6946   3.104853   3.104473     1.8425     2.1632      8.026     0.9867     4.0563 1.0715e-01     0.2692    93.4918     6.1326     6.1968    34.4282    34.4267    27.4557    27.4547    7.53175 0.0000e+00
       7946    263.251     2.6975     2.6948   3.104843   3.104533     1.8413     2.1632      8.026     0.9969    -1.3523 1.0715e-01     0.2759    93.3353     6.1275     6.1960    34.4281    34.4271    27.4555    27.4550    7.53176 0.0000e+00
       7949    263.303     2.6980     2.6951   3.104888   3.104513     1.8421     2.1624      8.026     0.9969    -1.4313 1.0715e-01     0.2759    93.3353     6.1318     6.1953    34.4281    34.4265    27.4555    27.4545    7.53166 0.0000e+00
       7952    263.355     2.6998     2.6950   3.105139   3.104543     1.8425     2.1624      8.026     0.9867    -1.4707 1.0715e-01     0.2759    93.3353     6.1353     6.1950    34.4291    34.4269    27.4562    27.4549    7.53125 0.0000e+00
       7955    263.410     2.7005     2.6960   3.105222   3.104686     1.8417     2.1624      8.026     0.9867    -1.4313 1.0715e-01     0.2759    93.3353     6.1327     6.1952    34.4294    34.4276    27.4564    27.4553    7.53112 0.0000e+00
       7958    263.467     2.7016     2.6959   3.105295   3.104662     1.8413     2.1620      8.026     0.9969    -1.4707 1.0715e-01     0.2763    93.3266     6.1328     6.1940    34.4291    34.4274    27.4560    27.4552    7.53093 0.0000e+00
       7961    263.527     2.7013     2.6963   3.105286   3.104716     1.8413     2.1616      8.026     0.9765    -1.4313 1.0715e-01     0.2759    93.3353     6.1331     6.1924    34.4293    34.4276    27.4562    27.4552    7.53098 0.0000e+00
       7964    263.588     2.7014     2.6972   3.105292   3.104769     1.8409     2.1616      8.026     0.9765    -1.4707 1.0715e-01     0.2793    93.2571     6.1315     6.1907    34.4292    34.4273    27.4561    27.4549    7.53096 0.0000e+00
       7967    263.654     2.7017     2.6972   3.105312   3.104820     1.8413     2.1612      8.026     0.9663    -1.3918 1.0715e-01     0.2875    93.0658     6.1328     6.1902    34.4290    34.4278    27.4560    27.4554    7.53090 0.0000e+00
       7970    263.719     2.7016     2.6973   3.105347   3.104812     1.8413     2.1612      8.026     0.9460    -1.3523 1.0715e-01     0.2875    93.0658     6.1305     6.1884    34.4296    34.4276    27.4564    27.4552    7.53090 0.0000e+00
