Datasets/AZMP/HUD120/hud120_2020_074.cnv
* Sea-Bird SBE 9 Data File:
* FileName = C:\CTDDATA\hud120_2020_074.hex
* Software Version Seasave V 7.26.7.110
* Temperature SN = 1697
* Conductivity SN = 4216
* Number of Bytes Per Scan = 30
* Number of Voltage Words = 4
* Number of Scans Averaged by the Deck Unit = 1
* NMEA baud rate = 4800
** VESSEL/TRIP/SEQ STN:  hud120_2020_074
** LATITUDE XX XX.XX: 47 00.00 N
** LONGITUDE XX XX.XX: 050 40.00 W
** SOUNDING DEPTH (M): 0177
** PROBE TYPE: S1146
** CTD NUMBER: 053
** FORMAT: V
** COMMENTS (14 CHAR): FC-08
** BOTTLES:  0
** LEVELS:
** STICKERS:
** VNET: N
** DO2: N
# nquan = 22
# nvalues = 2598                        
# units = specified
# name 0 = scan: Scan Count
# name 1 = prDM: Pressure, Digiquartz [db]
# name 2 = t090C: Temperature [ITS-90, deg C]
# name 3 = t190C: Temperature, 2 [ITS-90, deg C]
# name 4 = c0S/m: Conductivity [S/m]
# name 5 = c1S/m: Conductivity, 2 [S/m]
# name 6 = sbeox0V: Oxygen raw, SBE 43 [V]
# name 7 = sbeox1V: Oxygen raw, SBE 43, 2 [V]
# name 8 = ph: pH
# name 9 = flECO-AFL: Fluorescence, WET Labs ECO-AFL/FL [mg/m^3]
# name 10 = wetCDOM: Fluorescence, WET Labs CDOM [mg/m^3]
# name 11 = par/sat/log: PAR/Logarithmic, Satlantic [umol photons/m^2/sec]
# name 12 = CStarAt0: Beam Attenuation, WET Labs C-Star [1/m]
# name 13 = CStarTr0: Beam Transmission, WET Labs C-Star [%]
# name 14 = sbeox0ML/L: Oxygen, SBE 43 [ml/l], WS = 2
# name 15 = sbeox1ML/L: Oxygen, SBE 43, 2 [ml/l], WS = 2
# name 16 = sal00: Salinity, Practical [PSU]
# name 17 = sal11: Salinity, Practical, 2 [PSU]
# name 18 = sigma-t00: Density [sigma-t, kg/m^3 ]
# name 19 = sigma-t11: Density, 2 [sigma-t, kg/m^3 ]
# name 20 = oxsatML/L: Oxygen Saturation, Weiss [ml/l]
# name 21 = flag: flag
# span 0 =         80,      10778       
# span 1 =      2.339,    171.927       
# span 2 =    -0.3355,     6.7138       
# span 3 =    -0.3407,     6.7101       
# span 4 =   2.734714,   3.212470       
# span 5 =   2.734264,   3.211979       
# span 6 =     1.7895,     2.2080       
# span 7 =     2.1147,     2.6303       
# span 8 =      7.910,      8.165       
# span 9 =     1.1088,     3.7035       
# span 10 =    -2.4972,   482.1870      
# span 11 = 1.0605e-01, 4.4564e-01      
# span 12 =     0.1249,     0.5575      
# span 13 =    86.9899,    96.9252      
# span 14 =     6.1705,     7.0331      
# span 15 =     6.2363,     7.2851      
# span 16 =    31.7752,    33.0267      
# span 17 =    31.7676,    33.0263      
# span 18 =    24.9181,    26.5285      
# span 19 =    24.9126,    26.5284      
# span 20 =    6.95048,    8.22770      
# span 21 = 0.0000e+00, 0.0000e+00      
# interval = scans: 3                   
# start_time = Nov 26 2020 03:03:10 [System UTC, header]
# bad_flag = -9.990e-29
*END*
[from data line 725]
       3130     95.596     1.2066     1.2024   2.843589   2.843161     1.8249     2.1545      7.957     1.3836   481.3579 1.0715e-01     0.2344    94.3088     6.2694     6.3991    32.8370    32.8360    26.2935    26.2929    7.90937 0.0000e+00
       3133     95.671     1.2035     1.1996   2.843445   2.842944     1.8253     2.1537      7.957     1.3734   481.3579 1.0715e-01     0.2340    94.3175     6.2696     6.3945    32.8384    32.8361    26.2948    26.2932    7.90994 0.0000e+00
       3136     95.743     1.2049     1.2033   2.843510   2.843149     1.8257     2.1533      7.959     1.3937   481.3579 1.0715e-01     0.2340    94.3175     6.2695     6.3880    32.8378    32.8349    26.2942    26.2919    7.90969 0.0000e+00
       3139     95.809     1.2057     1.1981   2.843484   2.842778     1.8261     2.1537      7.959     1.4446   481.3579 1.0715e-01     0.2351    94.2915     6.2707     6.3880    32.8365    32.8356    26.2931    26.2928    7.90959 0.0000e+00
       3142     95.878     1.1986     1.1955   2.842952   2.842683     1.8261     2.1537      7.959     1.4547   443.4186 1.0715e-01     0.2322    94.3610     6.2722     6.3875    32.8371    32.8370    26.2941    26.2941    7.91101 0.0000e+00
       3145     95.944     1.1963     1.1948   2.842871   2.842573     1.8244     2.1537      7.959     1.4344    39.9823 1.0715e-01     0.2318    94.3697     6.2673     6.3860    32.8385    32.8363    26.2953    26.2936    7.91142 0.0000e+00
       3148     96.005     1.1966     1.1912   2.842901   2.842310     1.8257     2.1537      7.959     1.4446    26.0067 1.0715e-01     0.2318    94.3697     6.2748     6.3847    32.8386    32.8367    26.2954    26.2942    7.91136 0.0000e+00
       3151     96.066     1.1965     1.1907   2.842885   2.842285     1.8253     2.1537      7.957     1.4344    26.4805 1.0715e-01     0.2318    94.3697     6.2746     6.3819    32.8384    32.8369    26.2952    26.2944    7.91138 0.0000e+00
       3154     96.129     1.1964     1.1930   2.842906   2.842414     1.8257     2.1537      7.957     1.4344    26.4410 1.0715e-01     0.2318    94.3697     6.2781     6.3822    32.8387    32.8361    26.2955    26.2935    7.91138 0.0000e+00
       3157     96.189     1.1972     1.1923   2.842946   2.842375     1.8249     2.1537      7.957     1.4547    26.4410 1.0715e-01     0.2318    94.3697     6.2733     6.3846    32.8383    32.8363    26.2951    26.2938    7.91124 0.0000e+00
       3160     96.250     1.1973     1.1918   2.842929   2.842340     1.8244     2.1537      7.959     1.4344    26.4410 1.0715e-01     0.2318    94.3697     6.2722     6.3860    32.8381    32.8363    26.2949    26.2939    7.91124 0.0000e+00
       3163     96.308     1.1967     1.1922   2.842894   2.842378     1.8253     2.1537      7.957     1.4547    26.4410 1.0715e-01     0.2307    94.3958     6.2761     6.3859    32.8382    32.8363    26.2950    26.2938    7.91135 0.0000e+00
       3166     96.366     1.1989     1.1908   2.843124   2.842238     1.8249     2.1537      7.954     1.4751    26.4410 1.0715e-01     0.2307    94.3958     6.2741     6.3877    32.8388    32.8360    26.2954    26.2936    7.91087 0.0000e+00
       3169     96.425     1.2018     1.1910   2.843278   2.842249     1.8253     2.1537      7.956     1.4649   159.5248 1.0715e-01     0.2307    94.3958     6.2770     6.3862    32.8376    32.8359    26.2942    26.2936    7.91033 0.0000e+00
       3172     96.481     1.2020     1.1925   2.843257   2.842394     1.8249     2.1529      7.957     1.4751   482.1870 1.0715e-01     0.2303    94.4045     6.2723     6.3831    32.8371    32.8362    26.2939    26.2937    7.91032 0.0000e+00
       3175     96.535     1.1920     1.1942   2.842564   2.842534     1.8253     2.1533      7.956     1.4955   480.8842 1.0715e-01     0.2307    94.3958     6.2759     6.3850    32.8387    32.8361    26.2958    26.2935    7.91228 0.0000e+00
       3178     96.591     1.1966     1.1859   2.842854   2.842075     1.8253     2.1533      7.956     1.4751   481.3184 1.0715e-01     0.2307    94.3958     6.2735     6.3877    32.8376    32.8389    26.2946    26.2963    7.91140 0.0000e+00
       3181     96.644     1.1779     1.1702   2.841442   2.840768     1.8257     2.1541      7.954     1.4751   481.3184 1.0715e-01     0.2296    94.4218     6.2798     6.3961    32.8392    32.8387    26.2970    26.2971    7.91517 0.0000e+00
       3184     96.694     1.1630     1.1577   2.840604   2.840047     1.8249     2.1541      7.956     1.4751   481.3579 1.0715e-01     0.2285    94.4479     6.2775     6.3984    32.8442    32.8427    26.3020    26.3011    7.91798 0.0000e+00
       3187     96.743     1.1605     1.1623   2.840525   2.840781     1.8244     2.1541      7.957     1.4853   481.3579 1.0715e-01     0.2285    94.4479     6.2766     6.3971    32.8458    32.8472    26.3034    26.3044    7.91840 0.0000e+00
       3190     96.788     1.1609     1.1760   2.840758   2.841739     1.8244     2.1537      7.954     1.4446   481.3579 1.0715e-01     0.2289    94.4392     6.2767     6.3932    32.8483    32.8450    26.3054    26.3018    7.91819 0.0000e+00
       3193     96.833     1.1626     1.1788   2.840793   2.841643     1.8253     2.1533      7.956     1.4344   481.3579 1.0715e-01     0.2285    94.4479     6.2827     6.3934    32.8470    32.8407    26.3042    26.2982    7.91792 0.0000e+00
       3196     96.875     1.1604     1.1624   2.840637   2.840555     1.8244     2.1537      7.954     1.4446   224.0336 1.0715e-01     0.2285    94.4479     6.2811     6.3973    32.8473    32.8441    26.3046    26.3020    7.91835 0.0000e+00
       3199     96.913     1.1526     1.1592   2.840030   2.840285     1.8240     2.1541      7.957     1.4446    17.4003 1.0715e-01     0.2285    94.4479     6.2812     6.3981    32.8477    32.8440    26.3055    26.3020    7.91994 0.0000e+00
       3202     96.950     1.1475     1.1610   2.839611   2.840248     1.8240     2.1541      7.957     1.4446    26.3620 1.0715e-01     0.2289    94.4392     6.2863     6.3969    32.8477    32.8417    26.3057    26.3001    7.92098 0.0000e+00
       3205     96.984     1.1460     1.1585   2.839542   2.839870     1.8244     2.1545      7.954     1.4446    25.9277 1.0715e-01     0.2285    94.4479     6.2900     6.3979    32.8484    32.8395    26.3064    26.2985    7.92126 0.0000e+00
       3208     97.015     1.1473     1.1543   2.839731   2.839563     1.8249     2.1537      7.954     1.4446    25.9672 1.0715e-01     0.2285    94.4479     6.2923     6.3975    32.8494    32.8400    26.3071    26.2991    7.92093 0.0000e+00
       3211     97.045     1.1475     1.1576   2.839687   2.839756     1.8253     2.1537      7.956     1.4446    25.9672 1.0715e-01     0.2285    94.4479     6.2926     6.3989    32.8486    32.8388    26.3065    26.2980    7.92094 0.0000e+00
       3214     97.077     1.1493     1.1600   2.839700   2.839898     1.8244     2.1541      7.954     1.4446    25.9672 1.0715e-01     0.2285    94.4479     6.2888     6.4024    32.8468    32.8382    26.3050    26.2974    7.92066 0.0000e+00
       3217     97.103     1.1492     1.1620   2.839694   2.840037     1.8257     2.1545      7.954     1.4141    25.9672 1.0715e-01     0.2285    94.4479     6.2963     6.4007    32.8469    32.8378    26.3050    26.2969    7.92068 0.0000e+00
       3220     97.125     1.1585     1.1593   2.840697   2.839538     1.8249     2.1537      7.954     1.4242    25.9672 1.0715e-01     0.2285    94.4479     6.2934     6.3971    32.8499    32.8343    26.3068    26.2943    7.91860 0.0000e+00
       3223     97.146     1.1745     1.1532   2.841294   2.839217     1.8249     2.1549      7.954     1.4039   405.9925 1.0715e-01     0.2230    94.5783     6.2909     6.4004    32.8407    32.8366    26.2985    26.2964    7.91580 0.0000e+00
       3227     97.171     1.1710     1.1529   2.841086   2.839513     1.8257     2.1537      7.954     1.4039   481.8317 1.0715e-01     0.2230    94.5783     6.2938     6.3951    32.8417    32.8406    26.2994    26.2997    7.91646 0.0000e+00
       3231     97.201     1.1657     1.1612   2.840547   2.840003     1.8240     2.1549      7.954     1.4242   481.3579 1.0715e-01     0.2230    94.5783     6.2890     6.3978    32.8403    32.8381    26.2987    26.2972    7.91763 0.0000e+00
       3239     97.253     1.1654     1.1604   2.840538   2.839930     1.8249     2.1545      7.954     1.4242   481.3184 1.0715e-01     0.2223    94.5957     6.2878     6.3920    32.8405    32.8380    26.2989    26.2972    7.91768 0.0000e+00
       3244     97.291     1.1651     1.1546   2.840473   2.839547     1.8257     2.1541      7.954     1.4446   481.3579 1.0715e-01     0.2186    94.6826     6.2880     6.3890    32.8400    32.8392    26.2985    26.2985    7.91777 0.0000e+00
       3247     97.317     1.1632     1.1554   2.840357   2.839639     1.8249     2.1541      7.954     1.4547   418.3888 1.0715e-01     0.2186    94.6826     6.2823     6.3875    32.8405    32.8395    26.2990    26.2988    7.91814 0.0000e+00
       3250     97.348     1.1596     1.1567   2.840028   2.839575     1.8257     2.1537      7.954     1.4446    25.0987 1.0715e-01     0.2186    94.6826     6.2850     6.3836    32.8400    32.8374    26.2988    26.2969    7.91890 0.0000e+00
       3253     97.378     1.1548     1.1511   2.839612   2.839215     1.8265     2.1541      7.954     1.4547    23.7959 1.0715e-01     0.2190    94.6739     6.2871     6.3818    32.8397    32.8386    26.2989    26.2982    7.91990 0.0000e+00
       3256     97.418     1.1478     1.1499   2.838981   2.839159     1.8253     2.1537      7.954     1.4344    23.7564 1.0715e-01     0.2186    94.6826     6.2781     6.3789    32.8391    32.8392    26.2988    26.2988    7.92139 0.0000e+00
       3259     97.462     1.1422     1.1495   2.838647   2.839130     1.8253     2.1537      7.954     1.4446    23.7169 1.0715e-01     0.2186    94.6826     6.2735     6.3801    32.8407    32.8392    26.3005    26.2988    7.92246 0.0000e+00
       3262     97.513     1.1406     1.1462   2.838595   2.838854     1.8244     2.1537      7.954     1.4649    23.7169 1.0715e-01     0.2182    94.6913     6.2670     6.3812    32.8417    32.8391    26.3014    26.2989    7.92274 0.0000e+00
       3265     97.568     1.1405     1.1390   2.838623   2.838293     1.8240     2.1537      7.954     1.4344    23.7169 1.0715e-01     0.2175    94.7087     6.2597     6.3794    32.8421    32.8395    26.3017    26.2997    7.92273 0.0000e+00
       3268     97.631     1.1418     1.1335   2.838711   2.837890     1.8240     2.1537      7.954     1.4344    23.7169 1.0715e-01     0.2175    94.7087     6.2588     6.3800    32.8418    32.8401    26.3015    26.3006    7.92249 0.0000e+00
       3271     97.704     1.1414     1.1329   2.838695   2.837908     1.8244     2.1533      7.954     1.4141    23.7169 1.0715e-01     0.2175    94.7087     6.2626     6.3756    32.8421    32.8409    26.3016    26.3013    7.92256 0.0000e+00
       3274     97.784     1.1407     1.1346   2.838675   2.838040     1.8236     2.1525      7.954     1.4039   196.2403 1.0715e-01     0.2175    94.7087     6.2580     6.3709    32.8424    32.8408    26.3019    26.3010    7.92267 0.0000e+00
       3277     97.874     1.1405     1.1363   2.838656   2.838194     1.8240     2.1525      7.954     1.4141   482.1870 1.0715e-01     0.2175    94.7087     6.2660     6.3678    32.8423    32.8409    26.3019    26.3010    7.92272 0.0000e+00
       3280     97.972     1.1408     1.1369   2.838658   2.838197     1.8236     2.1525      7.954     1.4242   481.1606 1.0715e-01     0.2175    94.7087     6.2692     6.3677    32.8420    32.8402    26.3016    26.3004    7.92267 0.0000e+00
       3283     98.077     1.1384     1.1352   2.838437   2.838041     1.8240     2.1529      7.954     1.4141   481.3579 1.0715e-01     0.2179    94.7000     6.2734     6.3719    32.8417    32.8400    26.3015    26.3004    7.92320 0.0000e+00
       3286     98.191     1.1374     1.1339   2.838431   2.837992     1.8232     2.1521      7.954     1.4242   481.3579 1.0715e-01     0.2179    94.7000     6.2730     6.3704    32.8425    32.8407    26.3023    26.3010    7.92334 0.0000e+00
       3289     98.317     1.1382     1.1328   2.838511   2.837867     1.8220     2.1516      7.954     1.4242   481.3579 1.0715e-01     0.2175    94.7087     6.2645     6.3705    32.8427    32.8401    26.3023    26.3006    7.92318 0.0000e+00
       3292     98.453     1.1353     1.1285   2.838184   2.837521     1.8240     2.1516      7.954     1.4141   481.3579 1.0715e-01     0.2175    94.7087     6.2709     6.3714    32.8415    32.8402    26.3015    26.3009    7.92384 0.0000e+00
       3295     98.597     1.1303     1.1254   2.837836   2.837364     1.8232     2.1512      7.954     1.3428   481.3579 1.0715e-01     0.2175    94.7087     6.2669     6.3712    32.8423    32.8414    26.3025    26.3021    7.92484 0.0000e+00
       3298     98.753     1.1267     1.1221   2.837450   2.837015     1.8236     2.1512      7.954     1.3428   481.3579 1.0715e-01     0.2175    94.7087     6.2722     6.3717    32.8410    32.8403    26.3017    26.3014    7.92564 0.0000e+00
       3301     98.918     1.1105     1.1058   2.835969   2.835582     1.8240     2.1504      7.955     1.3530   172.2371 1.0715e-01     0.2179    94.7000     6.2781     6.3738    32.8390    32.8391    26.3011    26.3014    7.92910 0.0000e+00
       3304     99.092     1.0990     1.0845   2.835222   2.834114     1.8228     2.1512      7.955     1.3632     2.2008 1.0715e-01     0.2175    94.7087     6.2775     6.3846    32.8416    32.8426    26.3038    26.3056    7.93135 0.0000e+00
       3307     99.272     1.0858     1.0701   2.834055   2.833093     1.8232     2.1521      7.955     1.3632     8.1622 1.0715e-01     0.2175    94.7087     6.2820     6.3948    32.8404    32.8446    26.3037    26.3081    7.93414 0.0000e+00
       3310     99.461     1.0700     1.0622   2.833073   2.832614     1.8228     2.1512      7.955     1.3632     7.8463 1.0715e-01     0.2179    94.7000     6.2861     6.3973    32.8444    32.8467    26.3079    26.3103    7.93720 0.0000e+00
       3313     99.659     1.0622     1.0592   2.832607   2.832343     1.8216     2.1508      7.955     1.3530     7.8463 1.0715e-01     0.2175    94.7087     6.2807     6.3982    32.8465    32.8463    26.3101    26.3101    7.93870 0.0000e+00
       3316     99.861     1.0504     1.0461   2.831517   2.831134     1.8216     2.1500      7.955     1.3530     7.8463 1.0715e-01     0.2175    94.7087     6.2802     6.3980    32.8449    32.8446    26.3095    26.3095    7.94123 0.0000e+00
       3319    100.066     1.0383     1.0325   2.830737   2.830306     1.8220     2.1500      7.955     1.3530     7.8463 1.0715e-01     0.2175    94.7087     6.2867     6.4005    32.8475    32.8481    26.3124    26.3132    7.94359 0.0000e+00
       3322    100.279     1.0312     1.0273   2.830263   2.829844     1.8228     2.1500      7.955     1.3530     7.8463 1.0715e-01     0.2175    94.7087     6.2931     6.4046    32.8489    32.8476    26.3139    26.3131    7.94500 0.0000e+00
       3325    100.494     1.0282     1.0232   2.830077   2.829562     1.8228     2.1516      7.955     1.3530     7.6489 1.0715e-01     0.2175    94.7087     6.2999     6.4135    32.8496    32.8482    26.3146    26.3139    7.94559 0.0000e+00
       3328    100.711     1.0266     1.0218   2.829973   2.829427     1.8228     2.1512      7.955     1.3530    -0.2074 1.0715e-01     0.2175    94.7087     6.3055     6.4157    32.8498    32.8478    26.3149    26.3136    7.94591 0.0000e+00
       3331    100.933     1.0258     1.0209   2.829843   2.829372     1.8220     2.1512      7.955     1.3632    -0.9575 1.0715e-01     0.2175    94.7087     6.3052     6.4234    32.8488    32.8480    26.3142    26.3138    7.94613 0.0000e+00
