Datasets/AZMP/HUD120/hud120_2020_078.cnv
* Sea-Bird SBE 9 Data File:
* FileName = C:\CTDDATA\hud120_2020_078.hex
* Software Version Seasave V 7.26.7.110
* Temperature SN = 1697
* Conductivity SN = 4216
* Number of Bytes Per Scan = 30
* Number of Voltage Words = 4
* Number of Scans Averaged by the Deck Unit = 1
* NMEA baud rate = 4800
** VESSEL/TRIP/SEQ STN:  hud120_2020_078
** LATITUDE XX XX.XX: 47 32.80 N
** LONGITUDE XX XX.XX: 052 35.20 W
** SOUNDING DEPTH (M): 0181
** PROBE TYPE: S1146
** CTD NUMBER: 057
** FORMAT: V
** COMMENTS (14 CHAR): S27-01
** BOTTLES:  10
** LEVELS: 5,10,20,30,40,50,75,100,150,BTM
** STICKERS: 439892 - 439901
** VNET: Y
** DO2: N
# nquan = 22
# nvalues = 3560                        
# units = specified
# name 0 = scan: Scan Count
# name 1 = prDM: Pressure, Digiquartz [db]
# name 2 = t090C: Temperature [ITS-90, deg C]
# name 3 = t190C: Temperature, 2 [ITS-90, deg C]
# name 4 = c0S/m: Conductivity [S/m]
# name 5 = c1S/m: Conductivity, 2 [S/m]
# name 6 = sbeox0V: Oxygen raw, SBE 43 [V]
# name 7 = sbeox1V: Oxygen raw, SBE 43, 2 [V]
# name 8 = ph: pH
# name 9 = flECO-AFL: Fluorescence, WET Labs ECO-AFL/FL [mg/m^3]
# name 10 = wetCDOM: Fluorescence, WET Labs CDOM [mg/m^3]
# name 11 = par/sat/log: PAR/Logarithmic, Satlantic [umol photons/m^2/sec]
# name 12 = CStarAt0: Beam Attenuation, WET Labs C-Star [1/m]
# name 13 = CStarTr0: Beam Transmission, WET Labs C-Star [%]
# name 14 = sbeox0ML/L: Oxygen, SBE 43 [ml/l], WS = 2
# name 15 = sbeox1ML/L: Oxygen, SBE 43, 2 [ml/l], WS = 2
# name 16 = sal00: Salinity, Practical [PSU]
# name 17 = sal11: Salinity, Practical, 2 [PSU]
# name 18 = sigma-t00: Density [sigma-t, kg/m^3 ]
# name 19 = sigma-t11: Density, 2 [sigma-t, kg/m^3 ]
# name 20 = oxsatML/L: Oxygen Saturation, Weiss [ml/l]
# name 21 = flag: flag
# span 0 =        122,      31944       
# span 1 =      2.280,    172.091       
# span 2 =    -0.4628,     4.3302       
# span 3 =    -0.4680,     4.3261       
# span 4 =   2.707451,   2.982500       
# span 5 =   2.706740,   2.982021       
# span 6 =     1.8869,     2.2059       
# span 7 =     2.2357,     2.6297       
# span 8 =      7.997,      8.149       
# span 9 =     1.0681,     6.0335       
# span 10 =    -2.8130,   482.1870      
# span 11 = 1.0641e-01, 3.6875e-01      
# span 12 =     0.1006,     0.3223      
# span 13 =    92.2575,    97.5163      
# span 14 =     6.9412,     7.6360      
# span 15 =     7.0674,     7.8412      
# span 16 =    31.4418,    33.1895      
# span 17 =    31.4404,    33.1887      
# span 18 =    24.9246,    26.6616      
# span 19 =    24.9239,    26.6613      
# span 20 =    7.37688,    8.25792      
# span 21 = 0.0000e+00, 0.0000e+00      
# interval = scans: 3                   
# start_time = Nov 26 2020 20:16:35 [System UTC, header]
# bad_flag = -9.990e-29
*END*
[from data line 593]
       2043     63.451     2.9090     2.9061   2.907363   2.906974     2.1596     2.5674      8.132     2.0551     7.0962 1.0715e-01     0.1056    97.3946     7.4668     7.6063    31.9084    31.9065    25.4254    25.4242    7.61908 0.0000e+00
       2046     63.541     2.9071     2.9044   2.907181   2.906824     2.1596     2.5678      8.131     2.0551     7.5305 1.0715e-01     0.1060    97.3859     7.4679     7.6097    31.9080    31.9064    25.4252    25.4242    7.61947 0.0000e+00
       2049     63.634     2.9048     2.9041   2.906868   2.906843     2.1579     2.5678      8.131     2.0449     7.4910 1.0715e-01     0.1067    97.3685     7.4603     7.6095    31.9064    31.9068    25.4241    25.4245    7.61999 0.0000e+00
       2052     63.731     2.8933     2.8970   2.906043   2.906066     2.1596     2.5678      8.131     2.0652     7.4910 1.0715e-01     0.1070    97.3598     7.4719     7.6116    31.9078    31.9044    25.4262    25.4232    7.62214 0.0000e+00
       2055     63.831     2.8833     2.8802   2.905287   2.904799     2.1587     2.5670      8.131     2.0551     7.4910 1.0715e-01     0.1074    97.3512     7.4723     7.6136    31.9085    31.9057    25.4276    25.4256    7.62402 0.0000e+00
       2058     63.929     2.8668     2.8646   2.904078   2.903830     2.1587     2.5678      8.131     1.9126     7.4910 1.0715e-01     0.1070    97.3598     7.4765     7.6190    31.9102    31.9094    25.4303    25.4298    7.62712 0.0000e+00
       2061     64.033     2.8545     2.8551   2.903399   2.903223     2.1587     2.5678      8.131     1.7702     7.4910 1.0715e-01     0.1070    97.3598     7.4817     7.6174    31.9141    31.9113    25.4345    25.4322    7.62929 0.0000e+00
       2064     64.136     2.8438     2.8406   2.902664   2.902281     2.1587     2.5670      8.131     1.7905     7.4910 1.0715e-01     0.1074    97.3512     7.4840     7.6154    31.9158    31.9142    25.4366    25.4357    7.63126 0.0000e+00
       2067     64.237     2.8250     2.8217   2.901497   2.901109     2.1583     2.5678      8.131     1.7804    95.5293 1.0715e-01     0.1084    97.3251     7.4834     7.6217    31.9202    31.9188    25.4418    25.4409    7.63467 0.0000e+00
       2070     64.339     2.8132     2.8050   2.900976   2.900333     2.1587     2.5678      8.131     1.8007   477.7259 1.0715e-01     0.1099    97.2903     7.4878     7.6234    31.9256    31.9259    25.4470    25.4479    7.63668 0.0000e+00
       2073     64.441     2.8083     2.8024   2.900767   2.900369     2.1587     2.5670      8.131     1.7905   481.3974 1.0715e-01     0.1099    97.2903     7.4883     7.6205    31.9279    31.9289    25.4492    25.4505    7.63750 0.0000e+00
       2076     64.542     2.8065     2.8032   2.900723   2.900350     2.1587     2.5678      8.131     1.7804   481.2790 1.0715e-01     0.1103    97.2816     7.4852     7.6231    31.9291    31.9278    25.4503    25.4495    7.63779 0.0000e+00
       2079     64.647     2.8044     2.7992   2.900576   2.900066     2.1596     2.5678      8.129     1.7804   481.2395 1.0715e-01     0.1099    97.2903     7.4889     7.6223    31.9293    31.9282    25.4506    25.4502    7.63818 0.0000e+00
       2082     64.749     2.8029     2.7969   2.900560   2.899993     2.1591     2.5666      8.129     1.7804   481.3579 1.0715e-01     0.1099    97.2903     7.4856     7.6150    31.9305    31.9296    25.4517    25.4516    7.63840 0.0000e+00
       2085     64.850     2.8031     2.7963   2.900554   2.899957     2.1591     2.5666      8.129     1.7295   481.3579 1.0715e-01     0.1099    97.2903     7.4832     7.6144    31.9302    31.9297    25.4515    25.4517    7.63838 0.0000e+00
       2088     64.949     2.8034     2.7969   2.900569   2.900014     2.1587     2.5674      8.131     1.7193   481.2790 1.0715e-01     0.1095    97.2990     7.4787     7.6158    31.9301    31.9298    25.4514    25.4517    7.63834 0.0000e+00
       2091     65.048     2.8003     2.7961   2.900362   2.899957     2.1571     2.5666      8.128     1.7295   481.3184 1.0715e-01     0.1081    97.3338     7.4705     7.6117    31.9306    31.9298    25.4520    25.4518    7.63891 0.0000e+00
       2094     65.146     2.8005     2.7963   2.900444   2.900010     2.1583     2.5666      8.126     1.7295   258.1040 1.0727e-01     0.1077    97.3425     7.4729     7.6116    31.9313    31.9302    25.4526    25.4521    7.63883 0.0000e+00
       2097     65.242     2.7988     2.7941   2.900317   2.899822     2.1583     2.5666      8.128     1.7193    -2.8130 1.0715e-01     0.1077    97.3425     7.4695     7.6122    31.9314    31.9300    25.4528    25.4521    7.63916 0.0000e+00
       2100     65.336     2.7992     2.7950   2.900390   2.899953     2.1575     2.5666      8.128     1.7091    -0.4048 1.0715e-01     0.1077    97.3425     7.4620     7.6103    31.9318    31.9307    25.4531    25.4525    7.63905 0.0000e+00
       2103     65.432     2.8017     2.7918   2.900533   2.899686     2.1575     2.5657      8.126     1.7193     0.0690 1.0715e-01     0.1077    97.3425     7.4604     7.6090    31.9311    31.9306    25.4523    25.4527    7.63862 0.0000e+00
       2106     65.527     2.7956     2.7876   2.900099   2.899479     2.1579     2.5653      8.126     1.7295     0.0295 1.0715e-01     0.1081    97.3338     7.4647     7.6067    31.9317    31.9322    25.4533    25.4544    7.63975 0.0000e+00
       2109     65.618     2.7867     2.7828   2.899693   2.899201     2.1567     2.5657      8.126     1.7091     0.0295 1.0715e-01     0.1088    97.3164     7.4642     7.6053    31.9356    31.9336    25.4572    25.4558    7.64128 0.0000e+00
       2112     65.713     2.7813     2.7782   2.899506   2.899020     2.1575     2.5657      8.128     1.7905     0.0295 1.0715e-01     0.1088    97.3164     7.4706     7.6047    31.9387    31.9359    25.4600    25.4581    7.64216 0.0000e+00
       2115     65.808     2.7861     2.7754   2.899846   2.898991     2.1567     2.5653      8.126     1.7905     0.0295 1.0727e-01     0.1088    97.3164     7.4670     7.6030    31.9380    31.9382    25.4591    25.4602    7.64127 0.0000e+00
       2118     65.901     2.7891     2.7808   2.899906   2.899331     2.1567     2.5653      8.126     1.7702     0.0295 1.0715e-01     0.1088    97.3164     7.4634     7.6005    31.9357    31.9370    25.4570    25.4587    7.64081 0.0000e+00
       2121     65.996     2.7854     2.7831   2.899697   2.899302     2.1555     2.5649      8.128     1.7600   352.9721 1.0715e-01     0.1088    97.3164     7.4587     7.5968    31.9368    31.9343    25.4582    25.4564    7.64147 0.0000e+00
       2124     66.092     2.7857     2.7801   2.899758   2.899205     2.1555     2.5649      8.128     1.7905   482.0291 1.0715e-01     0.1088    97.3164     7.4587     7.5972    31.9372    31.9361    25.4584    25.4580    7.64139 0.0000e+00
       2127     66.191     2.7830     2.7839   2.899579   2.899417     2.1555     2.5645      8.126     1.7804   481.0026 1.0727e-01     0.1092    97.3077     7.4583     7.5932    31.9377    31.9348    25.4591    25.4567    7.64189 0.0000e+00
       2130     66.288     2.7796     2.7791   2.899341   2.899112     2.1563     2.5633      8.126     1.7702   481.3579 1.0715e-01     0.1110    97.2642     7.4656     7.5885    31.9381    31.9357    25.4597    25.4579    7.64253 0.0000e+00
       2133     66.390     2.7734     2.7735   2.899070   2.898799     2.1559     2.5633      8.126     1.7804   481.3579 1.0715e-01     0.1110    97.2642     7.4684     7.5899    31.9409    31.9376    25.4624    25.4598    7.64357 0.0000e+00
       2136     66.493     2.7671     2.7678   2.898675   2.898538     2.1559     2.5633      8.126     1.7804   481.3579 1.0715e-01     0.1110    97.2642     7.4691     7.5927    31.9423    31.9400    25.4641    25.4622    7.64473 0.0000e+00
       2139     66.600     2.7621     2.7633   2.898470   2.898330     2.1555     2.5629      8.126     1.7702   481.3579 1.0727e-01     0.1113    97.2555     7.4707     7.5934    31.9447    31.9419    25.4664    25.4640    7.64556 0.0000e+00
       2142     66.707     2.7590     2.7565   2.898404   2.898008     2.1543     2.5625      8.126     1.7804   481.3579 1.0715e-01     0.1110    97.2642     7.4670     7.5937    31.9470    31.9446    25.4685    25.4668    7.64606 0.0000e+00
       2145     66.815     2.7574     2.7533   2.898266   2.897872     2.1547     2.5621      8.126     1.7804   450.1695 1.0715e-01     0.1110    97.2642     7.4686     7.5966    31.9468    31.9461    25.4684    25.4682    7.64637 0.0000e+00
       2148     66.924     2.7526     2.7498   2.897990   2.897659     2.1543     2.5617      8.126     1.7905    31.4943 1.0715e-01     0.1120    97.2382     7.4657     7.5993    31.9481    31.9470    25.4699    25.4692    7.64723 0.0000e+00
       2151     67.037     2.7491     2.7447   2.897845   2.897414     2.1547     2.5613      8.126     1.7905     7.2936 1.0715e-01     0.1138    97.1947     7.4680     7.6032    31.9498    31.9490    25.4715    25.4712    7.64782 0.0000e+00
       2154     67.149     2.7465     2.7411   2.897648   2.897254     2.1551     2.5617      8.126     1.7702     8.8728 1.0715e-01     0.1131    97.2121     7.4705     7.6062    31.9500    31.9505    25.4719    25.4728    7.64832 0.0000e+00
       2157     67.261     2.7354     2.7349   2.897005   2.896878     2.1547     2.5621      8.126     1.7804     8.8333 1.0715e-01     0.1135    97.2034     7.4745     7.6094    31.9532    31.9521    25.4753    25.4745    7.65031 0.0000e+00
       2160     67.377     2.7261     2.7196   2.896669   2.896082     2.1543     2.5617      8.126     1.7905     8.7938 1.0715e-01     0.1138    97.1947     7.4757     7.6136    31.9583    31.9576    25.4802    25.4802    7.65185 0.0000e+00
       2163     67.490     2.7165     2.7085   2.896199   2.895674     2.1539     2.5609      8.127     1.7499     8.7938 1.0715e-01     0.1131    97.2121     7.4780     7.6141    31.9621    31.9636    25.4839    25.4859    7.65352 0.0000e+00
       2166     67.604     2.7111     2.7054   2.896010   2.895439     2.1539     2.5609      8.127     1.7499     8.7938 1.0715e-01     0.1138    97.1947     7.4801     7.6164    31.9651    31.9638    25.4868    25.4863    7.65440 0.0000e+00
       2169     67.721     2.7098     2.7015   2.895822   2.895289     2.1535     2.5617      8.127     1.7499     8.8333 1.0715e-01     0.1152    97.1599     7.4762     7.6202    31.9641    31.9658    25.4861    25.4881    7.65472 0.0000e+00
       2172     67.837     2.7017     2.7035   2.895363   2.895287     2.1535     2.5617      8.128     1.7499   134.7714 1.0715e-01     0.1163    97.1338     7.4762     7.6199    31.9664    31.9637    25.4886    25.4863    7.65616 0.0000e+00
       2175     67.952     2.6961     2.6932   2.895147   2.894718     2.1535     2.5609      8.127     1.7499   482.1870 1.0715e-01     0.1163    97.1338     7.4742     7.6184    31.9694    31.9670    25.4915    25.4898    7.65710 0.0000e+00
       2178     68.067     2.6919     2.6852   2.894949   2.894430     2.1539     2.5601      8.127     1.7600   480.7658 1.0715e-01     0.1163    97.1338     7.4780     7.6163    31.9711    31.9714    25.4931    25.4939    7.65782 0.0000e+00
       2181     68.184     2.6861     2.6793   2.894742   2.894209     2.1539     2.5613      8.127     1.7499   481.3184 1.0715e-01     0.1159    97.1425     7.4811     7.6204    31.9743    31.9746    25.4962    25.4969    7.65879 0.0000e+00
       2184     68.301     2.6816     2.6765   2.894591   2.894133     2.1530     2.5605      8.127     1.7397   481.3184 1.0715e-01     0.1163    97.1338     7.4787     7.6181    31.9769    31.9764    25.4986    25.4986    7.65953 0.0000e+00
       2187     68.419     2.6785     2.6737   2.894554   2.894060     2.1530     2.5605      8.127     1.7499   481.3579 1.0715e-01     0.1167    97.1251     7.4813     7.6193    31.9794    31.9782    25.5009    25.5003    7.66000 0.0000e+00
       2190     68.538     2.6773     2.6721   2.894559   2.894023     2.1535     2.5605      8.127     1.8109   481.3579 1.0715e-01     0.1174    97.1078     7.4833     7.6193    31.9806    31.9793    25.5020    25.5012    7.66017 0.0000e+00
       2193     68.658     2.6775     2.6722   2.894568   2.894056     2.1526     2.5601      8.127     1.8210   481.3184 1.0715e-01     0.1170    97.1165     7.4785     7.6174    31.9805    31.9795    25.5018    25.5014    7.66014 0.0000e+00
       2196     68.777     2.6790     2.6738   2.894735   2.894090     2.1522     2.5601      8.127     1.8109   481.3579 1.0715e-01     0.1174    97.1078     7.4755     7.6200    31.9809    31.9783    25.5020    25.5004    7.65982 0.0000e+00
       2199     68.896     2.6784     2.6736   2.894752   2.894247     2.1522     2.5605      8.127     1.8109   481.3579 1.0715e-01     0.1174    97.1078     7.4744     7.6253    31.9817    31.9803    25.5027    25.5020    7.65990 0.0000e+00
       2202     69.017     2.6786     2.6739   2.894804   2.894749     2.1522     2.5596      8.127     1.8312   481.3579 1.0715e-01     0.1174    97.1078     7.4765     7.6235    31.9820    31.9861    25.5029    25.5066    7.65984 0.0000e+00
       2205     69.138     2.6767     2.6742   2.894942   2.894933     2.1526     2.5592      8.127     1.8109   481.3579 1.0715e-01     0.1174    97.1078     7.4809     7.6212    31.9855    31.9880    25.5059    25.5081    7.66003 0.0000e+00
       2208     69.261     2.6756     2.6737   2.895151   2.894931     2.1522     2.5592      8.127     1.8109   481.3579 1.0715e-01     0.1181    97.0904     7.4818     7.6235    31.9892    31.9884    25.5089    25.5084    7.66006 0.0000e+00
       2211     69.386     2.6753     2.6729   2.895256   2.894944     2.1530     2.5601      8.127     1.8210   481.3579 1.0715e-01     0.1195    97.0556     7.4871     7.6293    31.9907    31.9893    25.5102    25.5091    7.66005 0.0000e+00
       2214     69.510     2.6749     2.6710   2.895237   2.894829     2.1514     2.5596      8.127     1.7905   481.3579 1.0715e-01     0.1195    97.0556     7.4840     7.6309    31.9908    31.9897    25.5102    25.5097    7.66011 0.0000e+00
       2217     69.642     2.6753     2.6708   2.895350   2.894864     2.1522     2.5592      8.127     1.6989   481.3579 1.0715e-01     0.1195    97.0556     7.4910     7.6319    31.9917    31.9903    25.5109    25.5102    7.65999 0.0000e+00
       2220     69.768     2.6757     2.6708   2.895330   2.894831     2.1514     2.5601      8.127     1.7193   481.3579 1.0715e-01     0.1195    97.0556     7.4877     7.6356    31.9910    31.9898    25.5103    25.5098    7.65995 0.0000e+00
       2223     69.898     2.6751     2.6688   2.895282   2.894619     2.1514     2.5605      8.127     1.7295   481.3579 1.0715e-01     0.1192    97.0643     7.4868     7.6401    31.9909    31.9892    25.5103    25.5094    7.66007 0.0000e+00
       2226     70.029     2.6742     2.6679   2.895131   2.894589     2.1522     2.5601      8.127     1.7295    88.3441 1.0715e-01     0.1195    97.0556     7.4913     7.6394    31.9899    31.9895    25.5096    25.5098    7.66030 0.0000e+00
       2229     70.165     2.6728     2.6686   2.895007   2.894719     2.1518     2.5596      8.127     1.7295     1.8061 1.0715e-01     0.1206    97.0295     7.4895     7.6364    31.9897    31.9904    25.5096    25.5104    7.66058 0.0000e+00
       2232     70.303     2.6714     2.6689   2.894911   2.894653     2.1518     2.5596      8.127     1.7193     5.6750 1.0715e-01     0.1217    97.0035     7.4913     7.6350    31.9899    31.9893    25.5098    25.5095    7.66084 0.0000e+00
       2235     70.440     2.6716     2.6681   2.894920   2.894552     2.1522     2.5605      8.127     1.7193     5.4776 1.0715e-01     0.1217    97.0035     7.4946     7.6380    31.9897    31.9887    25.5096    25.5092    7.66080 0.0000e+00
