Datasets/AZMP/HUD120/hud120_2020_086.cnv
* Sea-Bird SBE 9 Data File:
* FileName = C:\CTDDATA\hud120_2020_086.hex
* Software Version Seasave V 7.26.7.110
* Temperature SN = 1697
* Conductivity SN = 4216
* Number of Bytes Per Scan = 30
* Number of Voltage Words = 4
* Number of Scans Averaged by the Deck Unit = 1
* NMEA baud rate = 4800
** VESSEL/TRIP/SEQ STN:  hud120_2020_086
** LATITUDE XX XX.XX: 48 44.00 N
** LONGITUDE XX XX.XX W: 052 58.00 W
** SOUNDING DEPTH (M): 0106
** PROBE TYPE: S1146
** CTD NUMBER: 063
** FORMAT: V
** COMMENTS (14 CHAR): BB-01
** BOTTLES:  8
** LEVELS: 5,10,20,30,40,50,75,BTM
** STICKERS: 439938 - 439945
** VNET: Y
** DO2: Y
# nquan = 22
# nvalues = 2162                        
# units = specified
# name 0 = scan: Scan Count
# name 1 = prDM: Pressure, Digiquartz [db]
# name 2 = t090C: Temperature [ITS-90, deg C]
# name 3 = t190C: Temperature, 2 [ITS-90, deg C]
# name 4 = c0S/m: Conductivity [S/m]
# name 5 = c1S/m: Conductivity, 2 [S/m]
# name 6 = sbeox0V: Oxygen raw, SBE 43 [V]
# name 7 = sbeox1V: Oxygen raw, SBE 43, 2 [V]
# name 8 = ph: pH
# name 9 = flECO-AFL: Fluorescence, WET Labs ECO-AFL/FL [mg/m^3]
# name 10 = wetCDOM: Fluorescence, WET Labs CDOM [mg/m^3]
# name 11 = par/sat/log: PAR/Logarithmic, Satlantic [umol photons/m^2/sec]
# name 12 = CStarAt0: Beam Attenuation, WET Labs C-Star [1/m]
# name 13 = CStarTr0: Beam Transmission, WET Labs C-Star [%]
# name 14 = sbeox0ML/L: Oxygen, SBE 43 [ml/l], WS = 2
# name 15 = sbeox1ML/L: Oxygen, SBE 43, 2 [ml/l], WS = 2
# name 16 = sal00: Salinity, Practical [PSU]
# name 17 = sal11: Salinity, Practical, 2 [PSU]
# name 18 = sigma-t00: Density [sigma-t, kg/m^3 ]
# name 19 = sigma-t11: Density, 2 [sigma-t, kg/m^3 ]
# name 20 = oxsatML/L: Oxygen Saturation, Weiss [ml/l]
# name 21 = flag: flag
# span 0 =        104,      23763       
# span 1 =      2.876,     98.015       
# span 2 =     0.9525,     4.1394       
# span 3 =     0.9558,     4.1357       
# span 4 =   2.791935,   2.962806       
# span 5 =   2.792519,   2.963465       
# span 6 =     2.0883,     2.2027       
# span 7 =     2.4774,     2.6185       
# span 8 =      8.137,      8.181       
# span 9 =     1.3734,     2.9505       
# span 10 =    -2.8130,   482.1870      
# span 11 = 1.0629e-01, 4.5810e-01      
# span 12 =     0.0889,     0.1353      
# span 13 =    96.6732,    97.8031      
# span 14 =     7.3354,     7.6171      
# span 15 =     7.2394,     7.7685      
# span 16 =    31.3976,    32.4423      
# span 17 =    31.3964,    32.4464      
# span 18 =    24.9083,    25.9918      
# span 19 =    24.9076,    25.9949      
# span 20 =    7.41374,    7.98335      
# span 21 = 0.0000e+00, 0.0000e+00      
# interval = scans: 3                   
# start_time = Nov 27 2020 20:33:33 [System UTC, header]
# bad_flag = -9.990e-29
*END*
[from data line 1515]
      12366     49.260     3.3718     3.3577   2.920389   2.919557     2.1711     2.5811      8.172     1.8109     8.0832 1.0715e-01     0.0949    97.6554     7.4341     7.5667    31.6172    31.6211    25.1537    25.1580    7.54562 0.0000e+00
      12369     49.232     3.3718     3.3552   2.920398   2.919460     2.1711     2.5802      8.172     1.8109     8.0832 1.0715e-01     0.0913    97.7423     7.4302     7.5650    31.6173    31.6223    25.1538    25.1593    7.54561 0.0000e+00
      12372     49.199     3.3721     3.3541   2.920416   2.919432     2.1699     2.5802      8.172     1.8109   154.5504 1.0715e-01     0.0917    97.7336     7.4218     7.5657    31.6173    31.6230    25.1538    25.1599    7.54555 0.0000e+00
      12375     49.168     3.3725     3.3541   2.920422   2.919424     2.1715     2.5806      8.172     1.8109   482.1870 1.0715e-01     0.0917    97.7336     7.4270     7.5677    31.6169    31.6229    25.1535    25.1599    7.54549 0.0000e+00
      12378     49.131     3.3722     3.3544   2.920424   2.919439     2.1711     2.5815      8.172     1.8109   480.9631 1.0715e-01     0.0917    97.7336     7.4201     7.5710    31.6173    31.6229    25.1538    25.1598    7.54553 0.0000e+00
      12381     49.093     3.3728     3.3535   2.920425   2.919395     2.1691     2.5823      8.173     1.8109   481.2395 1.0715e-01     0.0917    97.7336     7.4119     7.5745    31.6167    31.6232    25.1533    25.1602    7.54544 0.0000e+00
      12384     49.051     3.3738     3.3532   2.920416   2.919378     2.1703     2.5806      8.172     1.8007   481.2395 1.0715e-01     0.0917    97.7336     7.4147     7.5679    31.6157    31.6233    25.1524    25.1603    7.54532 0.0000e+00
      12387     49.004     3.3739     3.3615   2.920398   2.919712     2.1695     2.5815      8.172     1.8516   481.2395 1.0715e-01     0.0917    97.7336     7.4120     7.5668    31.6154    31.6193    25.1521    25.1563    7.54531 0.0000e+00
      12390     48.955     3.3726     3.3673   2.920330   2.919881     2.1695     2.5815      8.173     1.8516   481.2395 1.0715e-01     0.0917    97.7336     7.4161     7.5637    31.6159    31.6156    25.1526    25.1529    7.54553 0.0000e+00
      12393     48.903     3.3738     3.3683   2.920314   2.919882     2.1695     2.5815      8.172     1.8618   481.2790 1.0715e-01     0.0917    97.7336     7.4201     7.5641    31.6145    31.6147    25.1514    25.1520    7.54536 0.0000e+00
      12396     48.846     3.3746     3.3689   2.920326   2.919846     2.1691     2.5806      8.172     1.8414   481.2790 1.0715e-01     0.0917    97.7336     7.4198     7.5573    31.6139    31.6138    25.1508    25.1512    7.54524 0.0000e+00
      12399     48.783     3.3743     3.3715   2.920317   2.919775     2.1699     2.5811      8.172     1.8414   200.3461 1.0715e-01     0.0917    97.7336     7.4236     7.5551    31.6141    31.6104    25.1510    25.1483    7.54529 0.0000e+00
      12402     48.714     3.3775     3.3715   2.920253   2.919743     2.1691     2.5815      8.172     1.8516    -2.4182 1.0715e-01     0.0917    97.7336     7.4275     7.5530    31.6103    31.6100    25.1478    25.1480    7.54489 0.0000e+00
      12405     48.638     3.3790     3.3729   2.920236   2.919752     2.1703     2.5815      8.172     1.8414     1.3323 1.0715e-01     0.0917    97.7336     7.4364     7.5532    31.6086    31.6088    25.1462    25.1470    7.54468 0.0000e+00
      12408     48.554     3.3785     3.3703   2.920227   2.919726     2.1695     2.5815      8.173     1.8516     1.3323 1.0715e-01     0.0924    97.7162     7.4278     7.5543    31.6091    31.6111    25.1467    25.1490    7.54475 0.0000e+00
      12411     48.461     3.3766     3.3713   2.920220   2.919708     2.1711     2.5802      8.172     1.7600     1.3323 1.0715e-01     0.0921    97.7249     7.4338     7.5477    31.6109    31.6100    25.1483    25.1480    7.54502 0.0000e+00
      12414     48.368     3.3767     3.3694   2.920207   2.919664     2.1707     2.5806      8.172     1.6684     1.3323 1.0715e-01     0.0924    97.7162     7.4305     7.5489    31.6107    31.6113    25.1482    25.1492    7.54502 0.0000e+00
      12417     48.275     3.3783     3.3713   2.920230   2.919671     2.1707     2.5815      8.172     1.6684     1.3323 1.0715e-01     0.0921    97.7249     7.4308     7.5506    31.6095    31.6095    25.1470    25.1477    7.54478 0.0000e+00
      12420     48.174     3.3794     3.3741   2.920217   2.919718     2.1699     2.5806      8.172     1.6786     1.3323 1.0715e-01     0.0928    97.7075     7.4269     7.5449    31.6083    31.6075    25.1460    25.1458    7.54463 0.0000e+00
      12423     48.066     3.3791     3.3747   2.920192   2.919718     2.1699     2.5802      8.172     1.6786     1.3323 1.0715e-01     0.0921    97.7249     7.4249     7.5443    31.6083    31.6070    25.1460    25.1454    7.54468 0.0000e+00
      12426     47.952     3.3798     3.3749   2.920149   2.919728     2.1720     2.5794      8.175     1.6583     3.9379 1.0715e-01     0.0924    97.7162     7.4313     7.5442    31.6072    31.6069    25.1451    25.1453    7.54461 0.0000e+00
      12429     47.834     3.3802     3.3752   2.920149   2.919664     2.1703     2.5806      8.172     1.6786     4.3327 1.0727e-01     0.0938    97.6815     7.4227     7.5526    31.6069    31.6060    25.1448    25.1444    7.54455 0.0000e+00
      12432     47.708     3.3796     3.3753   2.920146   2.919678     2.1687     2.5802      8.172     1.6786     4.2932 1.0715e-01     0.0938    97.6815     7.4177     7.5526    31.6075    31.6061    25.1453    25.1446    7.54463 0.0000e+00
      12435     47.580     3.3797     3.3751   2.920155   2.919664     2.1695     2.5802      8.172     1.6786     4.2932 1.0715e-01     0.0938    97.6815     7.4198     7.5534    31.6076    31.6062    25.1454    25.1447    7.54461 0.0000e+00
      12438     47.448     3.3797     3.3750   2.920114   2.919644     2.1699     2.5798      8.173     1.6786     4.2932 1.0715e-01     0.0938    97.6815     7.4236     7.5521    31.6071    31.6061    25.1450    25.1446    7.54463 0.0000e+00
      12441     47.313     3.3792     3.3751   2.920020   2.919576     2.1716     2.5790      8.172     1.6888     4.2932 1.0727e-01     0.0938    97.6815     7.4337     7.5510    31.6066    31.6053    25.1446    25.1440    7.54475 0.0000e+00
      12444     47.176     3.3795     3.3748   2.920045   2.919552     2.1703     2.5794      8.173     1.6888     4.2932 1.0727e-01     0.0938    97.6815     7.4297     7.5554    31.6066    31.6053    25.1446    25.1440    7.54469 0.0000e+00
      12447     47.033     3.3803     3.3756   2.920049   2.919539     2.1703     2.5811      8.172     1.6786     4.2932 1.0715e-01     0.0938    97.6815     7.4293     7.5636    31.6060    31.6045    25.1440    25.1433    7.54457 0.0000e+00
      12450     46.887     3.3815     3.3768   2.920058   2.919537     2.1699     2.5806      8.173     1.6989     4.6090 1.0715e-01     0.0938    97.6815     7.4285     7.5629    31.6049    31.6033    25.1432    25.1422    7.54439 0.0000e+00
      12453     46.743     3.3823     3.3778   2.920033   2.919551     2.1708     2.5811      8.172     1.6989     6.2672 1.0715e-01     0.0942    97.6728     7.4372     7.5641    31.6040    31.6027    25.1423    25.1416    7.54429 0.0000e+00
      12456     46.594     3.3833     3.3787   2.920033   2.919531     2.1716     2.5802      8.173     1.7091     6.3067 1.0715e-01     0.0938    97.6815     7.4397     7.5620    31.6030    31.6015    25.1414    25.1407    7.54415 0.0000e+00
      12459     46.442     3.3836     3.3792   2.920009   2.919512     2.1699     2.5798      8.173     1.6888     6.3067 1.0715e-01     0.0942    97.6728     7.4290     7.5631    31.6026    31.6009    25.1411    25.1401    7.54412 0.0000e+00
      12462     46.290     3.3841     3.3797   2.919986   2.919498     2.1708     2.5806      8.172     1.6888     6.3067 1.0715e-01     0.0938    97.6815     7.4323     7.5687    31.6019    31.6004    25.1404    25.1397    7.54405 0.0000e+00
      12465     46.136     3.3845     3.3800   2.919963   2.919482     2.1712     2.5806      8.172     1.5972     6.3067 1.0715e-01     0.0938    97.6815     7.4397     7.5697    31.6013    31.6000    25.1400    25.1393    7.54401 0.0000e+00
      12468     45.982     3.3861     3.3812   2.919919   2.919482     2.1712     2.5806      8.173     1.5972     6.3067 1.0715e-01     0.0960    97.6293     7.4434     7.5685    31.5993    31.5988    25.1382    25.1383    7.54381 0.0000e+00
      12471     45.831     3.3872     3.3823   2.919902   2.919444     2.1708     2.5811      8.173     1.6074     6.3067 1.0715e-01     0.0970    97.6032     7.4381     7.5713    31.5981    31.5974    25.1372    25.1371    7.54366 0.0000e+00
      12474     45.683     3.3880     3.3832   2.919917   2.919430     2.1716     2.5815      8.173     1.5972     6.3067 1.0715e-01     0.0967    97.6119     7.4350     7.5769    31.5976    31.5964    25.1367    25.1362    7.54354 0.0000e+00
      12477     45.537     3.3888     3.3837   2.919927   2.919426     2.1712     2.5806      8.173     1.5972   198.8065 1.0715e-01     0.0970    97.6032     7.4283     7.5759    31.5970    31.5960    25.1361    25.1358    7.54341 0.0000e+00
      12480     45.391     3.3895     3.3841   2.919949   2.919424     2.1712     2.5811      8.173     1.5870   482.1870 1.0715e-01     0.0970    97.6032     7.4279     7.5805    31.5966    31.5957    25.1358    25.1355    7.54330 0.0000e+00
      12483     45.254     3.3898     3.3841   2.919928   2.919404     2.1716     2.5823      8.172     1.6074   481.0816 1.0715e-01     0.0970    97.6032     7.4282     7.5876    31.5962    31.5954    25.1354    25.1353    7.54327 0.0000e+00
      12486     45.119     3.3899     3.3843   2.919932   2.919404     2.1724     2.5827      8.173     1.5972   481.2395 1.0715e-01     0.0970    97.6032     7.4301     7.5888    31.5962    31.5953    25.1354    25.1352    7.54325 0.0000e+00
      12489     44.991     3.3895     3.3841   2.919911   2.919418     2.1736     2.5823      8.175     1.6176   481.2395 1.0715e-01     0.1009    97.5076     7.4350     7.5855    31.5964    31.5958    25.1357    25.1356    7.54332 0.0000e+00
      12492     44.868     3.3890     3.3840   2.919862   2.919404     2.1724     2.5827      8.172     1.6786   481.2395 1.0715e-01     0.1013    97.4989     7.4313     7.5874    31.5964    31.5958    25.1356    25.1356    7.54342 0.0000e+00
      12495     44.748     3.3886     3.3840   2.919886   2.919387     2.1703     2.5835      8.173     1.6888   481.2395 1.0715e-01     0.1013    97.4989     7.4195     7.5905    31.5971    31.5956    25.1362    25.1354    7.54345 0.0000e+00
      12498     44.636     3.3889     3.3842   2.919880   2.919391     2.1699     2.5831      8.172     1.6786   481.2395 1.0715e-01     0.1013    97.4989     7.4192     7.5888    31.5968    31.5955    25.1360    25.1354    7.54341 0.0000e+00
      12501     44.527     3.3895     3.3847   2.919913   2.919420     2.1712     2.5835      8.175     1.6888   481.3184 1.0715e-01     0.1013    97.4989     7.4263     7.5885    31.5966    31.5954    25.1358    25.1353    7.54330 0.0000e+00
      12504     44.423     3.3901     3.3857   2.919919   2.919425     2.1712     2.5847      8.176     1.6989   155.2216 1.0715e-01     0.1013    97.4989     7.4226     7.5892    31.5962    31.5946    25.1354    25.1345    7.54321 0.0000e+00
      12507     44.325     3.3905     3.3866   2.919912   2.919451     2.1712     2.5851      8.173     1.6989    -1.7076 1.0715e-01     0.1010    97.5076     7.4202     7.5903    31.5958    31.5941    25.1350    25.1340    7.54316 0.0000e+00
      12510     44.232     3.3910     3.3866   2.919939   2.919448     2.1724     2.5835      8.175     1.7091     2.3193 1.0715e-01     0.0921    97.7249     7.4247     7.5855    31.5956    31.5941    25.1349    25.1341    7.54306 0.0000e+00
      12513     44.142     3.3915     3.3868   2.919935   2.919468     2.1720     2.5843      8.176     1.6786     2.1614 1.0715e-01     0.0924    97.7162     7.4269     7.5881    31.5952    31.5942    25.1345    25.1341    7.54300 0.0000e+00
      12516     44.053     3.3916     3.3869   2.919952   2.919446     2.1720     2.5851      8.175     1.7397     2.1614 1.0715e-01     0.0924    97.7162     7.4300     7.5884    31.5953    31.5939    25.1345    25.1338    7.54297 0.0000e+00
      12519     43.970     3.3912     3.3875   2.919935   2.919472     2.1708     2.5851      8.172     1.7804     2.1614 1.0715e-01     0.0917    97.7336     7.4240     7.5872    31.5956    31.5936    25.1348    25.1336    7.54304 0.0000e+00
      12522     43.887     3.3916     3.3880   2.919948   2.919470     2.1740     2.5851      8.175     1.7804     2.1614 1.0715e-01     0.0924    97.7162     7.4339     7.5870    31.5954    31.5932    25.1346    25.1332    7.54297 0.0000e+00
      12525     43.805     3.3926     3.3880   2.919941   2.919461     2.1712     2.5851      8.172     1.7702     2.1614 1.0715e-01     0.0917    97.7336     7.4199     7.5845    31.5944    31.5931    25.1337    25.1332    7.54284 0.0000e+00
      12528     43.724     3.3927     3.3879   2.919946   2.919455     2.1712     2.5851      8.175     1.7702     2.2798 1.0715e-01     0.0928    97.7075     7.4201     7.5830    31.5944    31.5932    25.1337    25.1332    7.54282 0.0000e+00
      12531     43.647     3.3925     3.3881   2.919949   2.919469     2.1712     2.5868      8.175     1.8007     4.9249 1.0715e-01     0.0928    97.7075     7.4216     7.5916    31.5946    31.5931    25.1339    25.1332    7.54284 0.0000e+00
      12534     43.572     3.3928     3.3884   2.919941   2.919477     2.1716     2.5864      8.176     1.7702     5.1618 1.0715e-01     0.0928    97.7075     7.4239     7.5916    31.5943    31.5930    25.1336    25.1330    7.54280 0.0000e+00
      12537     43.496     3.3928     3.3884   2.919967   2.919443     2.1716     2.5860      8.175     1.7702     5.1223 1.0715e-01     0.0928    97.7075     7.4229     7.5876    31.5946    31.5927    25.1339    25.1327    7.54278 0.0000e+00
      12540     43.423     3.3928     3.3882   2.919922   2.919450     2.1712     2.5860      8.173     1.7905     5.1223 1.0727e-01     0.0928    97.7075     7.4245     7.5859    31.5941    31.5930    25.1335    25.1330    7.54281 0.0000e+00
      12543     43.351     3.3924     3.3881   2.919937   2.919448     2.1708     2.5868      8.173     1.8516     5.1223 1.0715e-01     0.0928    97.7075     7.4254     7.5886    31.5947    31.5931    25.1340    25.1331    7.54285 0.0000e+00
      12546     43.278     3.3917     3.3866   2.919942   2.919434     2.1716     2.5864      8.175     1.8821     5.1223 1.0715e-01     0.0928    97.7075     7.4306     7.5858    31.5955    31.5944    25.1347    25.1343    7.54294 0.0000e+00
      12549     43.207     3.3914     3.3858   2.919929   2.919414     2.1724     2.5864      8.175     1.8720     5.1223 1.0715e-01     0.0938    97.6815     7.4380     7.5842    31.5957    31.5950    25.1349    25.1349    7.54300 0.0000e+00
      12552     43.137     3.3911     3.3858   2.919927   2.919450     2.1720     2.5868      8.175     1.8618     5.1223 1.0715e-01     0.0935    97.6902     7.4298     7.5831    31.5960    31.5955    25.1351    25.1352    7.54303 0.0000e+00
      12555     43.067     3.3901     3.3869   2.919917   2.919438     2.1732     2.5876      8.175     1.8720     6.1487 1.0715e-01     0.0938    97.6815     7.4303     7.5844    31.5968    31.5943    25.1359    25.1342    7.54317 0.0000e+00
      12558     42.996     3.3906     3.3877   2.919941   2.919468     2.1716     2.5876      8.175     1.8720     9.8598 1.0715e-01     0.0935    97.6902     7.4257     7.5850    31.5967    31.5939    25.1358    25.1338    7.54310 0.0000e+00
