Datasets/AZMP/TEL210/tel210_2020_104.cnv
* Sea-Bird SBE 9 Data File:
* FileName = C:\CTDDATA\tel210_2020_104.hex
* Software Version Seasave V 7.26.7.110
* Temperature SN = 1697
* Conductivity SN = 4216
* Number of Bytes Per Scan = 30
* Number of Voltage Words = 4
* Number of Scans Averaged by the Deck Unit = 1
* NMEA baud rate = 4800
** VESSEL/TRIP/SEQ STN:  tel210_2020_104
** LATITUDE XX XX.XX: 55 44.80 N
** LONGITUDE XX XX.XX: 057 16.70 W
** SOUNDING DEPTH (M): 0248
** PROBE TYPE: S1146
** CTD NUMBER: 070
** COMMENTS (14 CHAR): MB-08
** BOTTLES:  10
** LEVELS: 5,10,20,30,40,50,75,100,150,BTM
** STICKERS: 436271 - 436280
** VNET: Y
** DO2: N
# nquan = 22
# nvalues = 5383                        
# units = specified
# name 0 = scan: Scan Count
# name 1 = prDM: Pressure, Digiquartz [db]
# name 2 = t090C: Temperature [ITS-90, deg C]
# name 3 = t190C: Temperature, 2 [ITS-90, deg C]
# name 4 = c0S/m: Conductivity [S/m]
# name 5 = c1S/m: Conductivity, 2 [S/m]
# name 6 = sbeox0V: Oxygen raw, SBE 43 [V]
# name 7 = sbeox1V: Oxygen raw, SBE 43, 2 [V]
# name 8 = ph: pH
# name 9 = flECO-AFL: Fluorescence, WET Labs ECO-AFL/FL [mg/m^3]
# name 10 = wetCDOM: Fluorescence, WET Labs CDOM [mg/m^3]
# name 11 = par/sat/log: PAR/Logarithmic, Satlantic [umol photons/m^2/sec]
# name 12 = CStarAt0: Beam Attenuation, WET Labs C-Star [1/m]
# name 13 = CStarTr0: Beam Transmission, WET Labs C-Star [%]
# name 14 = sbeox0ML/L: Oxygen, SBE 43 [ml/l], WS = 2
# name 15 = sbeox1ML/L: Oxygen, SBE 43, 2 [ml/l], WS = 2
# name 16 = sal00: Salinity, Practical [PSU]
# name 17 = sal11: Salinity, Practical, 2 [PSU]
# name 18 = sigma-t00: Density [sigma-t, kg/m^3 ]
# name 19 = sigma-t11: Density, 2 [sigma-t, kg/m^3 ]
# name 20 = oxsatML/L: Oxygen Saturation, Weiss [ml/l]
# name 21 = flag: flag
# span 0 =          2,      37358       
# span 1 =      1.110,    246.619       
# span 2 =    -0.2143,     6.2113       
# span 3 =    -0.2156,     6.1701       
# span 4 =   2.728129,   3.145150       
# span 5 =   2.727795,   3.142069       
# span 6 =     1.9539,     2.7723       
# span 7 =     2.3471,     3.4070       
# span 8 =      8.023,      8.381       
# span 9 =     0.6452,    12.2325       
# span 10 =    -2.8130,   482.1870      
# span 11 = 1.0678e-01, 5.3195e+01      
# span 12 =    -0.1278,     0.8783      
# span 13 =    80.2865,   103.2470      
# span 14 =     6.8117,    10.6200      
# span 15 =     7.0499,    11.1632      
# span 16 =    31.5223,    34.2001      
# span 17 =    31.5284,    34.1999      
# span 18 =    24.7817,    27.3394      
# span 19 =    24.7908,    27.3403      
# span 20 =    7.04520,    8.20421      
# span 21 = 0.0000e+00, 0.0000e+00      
# interval = scans: 3                   
# start_time = Jul 27 2020 08:55:33 [System UTC, header]
# bad_flag = -9.990e-29
*END*
[from data line 1910]
       6043    192.078     1.5235     1.5197   2.972181   2.971846     1.9748     2.3724      8.035     0.7510   480.9631 1.0740e-01    -0.1254   103.1837     6.9356     7.1742    34.0783    34.0781    27.2687    27.2689    7.77908 0.0000e+00
       6046    192.124     1.5239     1.5195   2.972203   2.971869     1.9735     2.3712      8.035     0.7616   481.3184 1.0727e-01    -0.1247   103.1656     6.9281     7.1689    34.0781    34.0787    27.2685    27.2693    7.77900 0.0000e+00
       6049    192.172     1.5237     1.5194   2.972171   2.971877     1.9735     2.3724      8.035     0.7616   481.2790 1.0740e-01    -0.1247   103.1656     6.9260     7.1709    34.0780    34.0789    27.2684    27.2695    7.77906 0.0000e+00
       6052    192.221     1.5239     1.5193   2.972172   2.971856     1.9748     2.3720      8.035     0.7510   481.2790 1.0740e-01    -0.1250   103.1746     6.9339     7.1670    34.0776    34.0786    27.2682    27.2692    7.77902 0.0000e+00
       6055    192.268     1.5240     1.5191   2.972199   2.971843     1.9756     2.3712      8.035     0.7510   481.3579 1.0740e-01    -0.1247   103.1656     6.9348     7.1619    34.0779    34.0786    27.2684    27.2693    7.77900 0.0000e+00
       6058    192.318     1.5241     1.5192   2.972240   2.971824     1.9744     2.3712      8.035     0.7616   481.3579 1.0740e-01    -0.1250   103.1746     6.9310     7.1614    34.0782    34.0783    27.2686    27.2690    7.77895 0.0000e+00
       6061    192.371     1.5243     1.5192   2.972251   2.971881     1.9744     2.3712      8.035     0.7722   436.5887 1.0727e-01    -0.1247   103.1656     6.9327     7.1604    34.0781    34.0790    27.2685    27.2696    7.77892 0.0000e+00
       6064    192.427     1.5240     1.5193   2.972252   2.971882     1.9740     2.3708      8.035     0.7616    21.1113 1.0740e-01    -0.1247   103.1656     6.9300     7.1572    34.0785    34.0788    27.2688    27.2695    7.77897 0.0000e+00
       6067    192.488     1.5241     1.5194   2.972245   2.971884     1.9736     2.3716      8.035     0.7616    -1.9445 1.0752e-01    -0.1247   103.1656     6.9305     7.1613    34.0782    34.0787    27.2686    27.2693    7.77896 0.0000e+00
       6070    192.551     1.5240     1.5193   2.972233   2.971885     1.9736     2.3704      8.035     0.7510    -0.1284 1.0752e-01    -0.1247   103.1656     6.9297     7.1581    34.0782    34.0788    27.2686    27.2694    7.77899 0.0000e+00
       6073    192.621     1.5240     1.5192   2.972261   2.971899     1.9736     2.3704      8.035     0.7510    -0.2074 1.0740e-01    -0.1247   103.1656     6.9251     7.1590    34.0785    34.0791    27.2688    27.2696    7.77897 0.0000e+00
       6076    192.699     1.5241     1.5192   2.972261   2.971860     1.9748     2.3700      8.035     0.7616    -0.2863 1.0752e-01    -0.1243   103.1566     6.9270     7.1622    34.0784    34.0786    27.2687    27.2692    7.77896 0.0000e+00
       6079    192.781     1.5240     1.5193   2.972292   2.971882     1.9736     2.3700      8.035     0.7722    -0.2074 1.0740e-01    -0.1247   103.1656     6.9240     7.1643    34.0788    34.0787    27.2691    27.2693    7.77895 0.0000e+00
       6082    192.869     1.5241     1.5194   2.972294   2.971905     1.9748     2.3700      8.035     0.7722    -0.2074 1.0752e-01    -0.1240   103.1475     6.9323     7.1631    34.0786    34.0788    27.2689    27.2694    7.77893 0.0000e+00
       6085    192.965     1.5242     1.5193   2.972293   2.971915     1.9740     2.3700      8.035     0.7510    -0.2074 1.0752e-01    -0.1247   103.1656     6.9289     7.1653    34.0784    34.0790    27.2687    27.2695    7.77893 0.0000e+00
       6088    193.066     1.5242     1.5193   2.972308   2.971939     1.9736     2.3692      8.035     0.7510     0.9375 1.0740e-01    -0.1243   103.1566     6.9282     7.1656    34.0785    34.0792    27.2688    27.2697    7.77891 0.0000e+00
       6091    193.176     1.5243     1.5194   2.972301   2.971946     1.9744     2.3700      8.035     0.7510     3.5431 1.0752e-01    -0.1247   103.1656     6.9318     7.1708    34.0783    34.0791    27.2687    27.2696    7.77891 0.0000e+00
       6094    193.293     1.5242     1.5195   2.972309   2.971935     1.9732     2.3700      8.035     0.7722     3.4642 1.0740e-01    -0.1240   103.1475     6.9255     7.1744    34.0785    34.0789    27.2688    27.2694    7.77892 0.0000e+00
       6097    193.417     1.5242     1.5195   2.972311   2.971935     1.9732     2.3700      8.035     0.7510     3.4642 1.0752e-01    -0.1243   103.1566     6.9244     7.1759    34.0785    34.0787    27.2688    27.2694    7.77893 0.0000e+00
       6100    193.548     1.5243     1.5195   2.972309   2.971962     1.9736     2.3708      8.035     0.7616     3.4642 1.0740e-01    -0.1243   103.1566     6.9281     7.1791    34.0782    34.0790    27.2686    27.2696    7.77893 0.0000e+00
       6103    193.683     1.5236     1.5193   2.972191   2.971940     1.9736     2.3692      8.035     0.7510     3.4642 1.0740e-01    -0.1247   103.1656     6.9287     7.1733    34.0774    34.0788    27.2680    27.2694    7.77911 0.0000e+00
       6106    193.822     1.5205     1.5174   2.971878   2.971681     1.9732     2.3692      8.035     0.7616     3.4642 1.0752e-01    -0.1247   103.1656     6.9273     7.1740    34.0767    34.0776    27.2676    27.2685    7.77976 0.0000e+00
       6109    193.965     1.5203     1.5162   2.971943   2.971626     1.9736     2.3704      8.035     0.7299     3.4642 1.0740e-01    -0.1247   103.1656     6.9329     7.1789    34.0777    34.0781    27.2684    27.2691    7.77975 0.0000e+00
       6112    194.111     1.5201     1.5156   2.971945   2.971601     1.9736     2.3700      8.035     0.7299     3.4642 1.0752e-01    -0.1247   103.1656     6.9314     7.1765    34.0778    34.0783    27.2686    27.2693    7.77978 0.0000e+00
       6115    194.262     1.5194     1.5152   2.971877   2.971570     1.9736     2.3700      8.035     0.7299     4.5301 1.0752e-01    -0.1247   103.1656     6.9333     7.1750    34.0776    34.0783    27.2684    27.2693    7.77993 0.0000e+00
       6118    194.414     1.5194     1.5149   2.971896   2.971530     1.9732     2.3700      8.035     0.7299     5.2802 1.0752e-01    -0.1247   103.1656     6.9339     7.1758    34.0778    34.0780    27.2686    27.2691    7.77993 0.0000e+00
       6121    194.569     1.5192     1.5148   2.971891   2.971532     1.9740     2.3700      8.035     0.7299     5.2407 1.0740e-01    -0.1250   103.1746     6.9375     7.1747    34.0778    34.0780    27.2686    27.2691    7.77996 0.0000e+00
       6124    194.723     1.5188     1.5144   2.971830   2.971526     1.9736     2.3696      8.035     0.7405     5.2407 1.0752e-01    -0.1257   103.1927     6.9346     7.1727    34.0775    34.0783    27.2684    27.2694    7.78007 0.0000e+00
       6127    194.878     1.5184     1.5140   2.971816   2.971464     1.9732     2.3700      8.035     0.7299     5.2407 1.0740e-01    -0.1257   103.1927     6.9334     7.1768    34.0776    34.0779    27.2685    27.2690    7.78013 0.0000e+00
       6130    195.032     1.5187     1.5138   2.971845   2.971465     1.9732     2.3696      8.035     0.7299     5.2407 1.0752e-01    -0.1257   103.1927     6.9348     7.1723    34.0775    34.0781    27.2684    27.2692    7.78008 0.0000e+00
       6133    195.184     1.5188     1.5141   2.971885   2.971530     1.9736     2.3700      8.035     0.7299     5.2407 1.0740e-01    -0.1257   103.1927     6.9350     7.1737    34.0779    34.0784    27.2687    27.2695    7.78004 0.0000e+00
       6136    195.331     1.5192     1.5144   2.971931   2.971541     1.9728     2.3692      8.035     0.7299     5.2407 1.0740e-01    -0.1261   103.2018     6.9308     7.1704    34.0780    34.0782    27.2688    27.2693    7.77997 0.0000e+00
       6139    195.474     1.5194     1.5146   2.971924   2.971591     1.9736     2.3700      8.035     0.7299     5.2407 1.0752e-01    -0.1257   103.1927     6.9367     7.1722    34.0776    34.0785    27.2684    27.2695    7.77995 0.0000e+00
       6142    195.613     1.5196     1.5146   2.971980   2.971597     1.9736     2.3700      8.035     0.7299     2.8325 1.0740e-01    -0.1254   103.1837     6.9369     7.1731    34.0780    34.0785    27.2687    27.2695    7.77988 0.0000e+00
       6145    195.743     1.5199     1.5145   2.972019   2.971548     1.9736     2.3688      8.035     0.7299     2.4772 1.0752e-01    -0.1257   103.1927     6.9370     7.1703    34.0780    34.0779    27.2687    27.2691    7.77981 0.0000e+00
       6148    195.868     1.5195     1.5144   2.972008   2.971591     1.9732     2.3696      8.035     0.7299     2.5167 1.0740e-01    -0.1257   103.1927     6.9364     7.1744    34.0782    34.0785    27.2689    27.2695    7.77988 0.0000e+00
       6151    195.986     1.5196     1.5145   2.971969   2.971628     1.9736     2.3696      8.035     0.7299     2.5167 1.0752e-01    -0.1257   103.1927     6.9384     7.1731    34.0776    34.0788    27.2685    27.2697    7.77990 0.0000e+00
       6154    196.096     1.5198     1.5149   2.972036   2.971652     1.9736     2.3696      8.035     0.7405     2.5167 1.0740e-01    -0.1257   103.1927     6.9391     7.1740    34.0782    34.0786    27.2689    27.2696    7.77983 0.0000e+00
       6157    196.200     1.5199     1.5149   2.972036   2.971640     1.9732     2.3696      8.035     0.7405     2.5167 1.0752e-01    -0.1257   103.1927     6.9387     7.1759    34.0780    34.0784    27.2687    27.2694    7.77982 0.0000e+00
       6160    196.297     1.5201     1.5148   2.972061   2.971625     1.9732     2.3688      8.035     0.7087     2.5167 1.0740e-01    -0.1254   103.1837     6.9392     7.1754    34.0781    34.0783    27.2688    27.2693    7.77978 0.0000e+00
       6163    196.389     1.5204     1.5149   2.972109   2.971672     1.9740     2.3688      8.035     0.6981     2.5167 1.0752e-01    -0.1257   103.1927     6.9420     7.1744    34.0783    34.0787    27.2690    27.2696    7.77971 0.0000e+00
       6166    196.471     1.5208     1.5152   2.972145   2.971720     1.9732     2.3696      8.035     0.6875     1.8850 1.0740e-01    -0.1257   103.1927     6.9372     7.1790    34.0782    34.0790    27.2688    27.2698    7.77961 0.0000e+00
       6169    196.547     1.5209     1.5153   2.972162   2.971707     1.9736     2.3700      8.035     0.6981    -1.3523 1.0752e-01    -0.1257   103.1927     6.9384     7.1808    34.0783    34.0786    27.2689    27.2695    7.77960 0.0000e+00
       6172    196.619     1.5210     1.5152   2.972158   2.971704     1.9732     2.3692      8.035     0.6875    -1.3523 1.0752e-01    -0.1257   103.1927     6.9342     7.1750    34.0781    34.0786    27.2687    27.2695    7.77959 0.0000e+00
       6175    196.680     1.5206     1.5154   2.972113   2.971720     1.9736     2.3688      8.035     0.6770    -1.3918 1.0752e-01    -0.1257   103.1927     6.9336     7.1733    34.0780    34.0786    27.2686    27.2695    7.77968 0.0000e+00
       6178    196.734     1.5194     1.5150   2.972019   2.971675     1.9736     2.3696      8.035     0.6875    -1.3523 1.0752e-01    -0.1257   103.1927     6.9330     7.1751    34.0781    34.0784    27.2688    27.2694    7.77992 0.0000e+00
       6181    196.785     1.5193     1.5152   2.972025   2.971644     1.9744     2.3700      8.035     0.6981    -1.3918 1.0740e-01    -0.1254   103.1837     6.9361     7.1790    34.0781    34.0778    27.2689    27.2689    7.77992 0.0000e+00
       6184    196.833     1.5207     1.5152   2.972118   2.971646     1.9736     2.3700      8.035     0.6875    -1.3523 1.0740e-01    -0.1236   103.1385     6.9289     7.1806    34.0778    34.0778    27.2685    27.2689    7.77966 0.0000e+00
       6187    196.882     1.5211     1.5139   2.972092   2.971571     1.9736     2.3688      8.035     0.7510    -1.3918 1.0752e-01    -0.1236   103.1385     6.9273     7.1754    34.0770    34.0782    27.2678    27.2694    7.77962 0.0000e+00
       6190    196.928     1.5204     1.5138   2.972069   2.971546     1.9732     2.3696      8.035     0.7616    -1.3918 1.0727e-01    -0.1236   103.1385     6.9270     7.1776    34.0775    34.0780    27.2682    27.2691    7.77974 0.0000e+00
       6193    196.972     1.5202     1.5137   2.972055   2.971550     1.9732     2.3692      8.035     0.7616    -1.3128 1.0752e-01    -0.1236   103.1385     6.9264     7.1762    34.0775    34.0781    27.2683    27.2692    7.77978 0.0000e+00
       6196    197.018     1.5200     1.5138   2.972036   2.971560     1.9723     2.3688      8.035     0.7616    -1.1944 1.0752e-01    -0.1236   103.1385     6.9230     7.1754    34.0774    34.0781    27.2682    27.2693    7.77982 0.0000e+00
       6199    197.064     1.5187     1.5139   2.971927   2.971550     1.9732     2.3688      8.035     0.7510    -1.2338 1.0727e-01    -0.1236   103.1385     6.9262     7.1734    34.0774    34.0778    27.2683    27.2690    7.78008 0.0000e+00
       6202    197.115     1.5183     1.5137   2.971933   2.971554     1.9728     2.3688      8.035     0.7510    -1.1944 1.0740e-01    -0.1243   103.1566     6.9267     7.1718    34.0779    34.0781    27.2687    27.2692    7.78014 0.0000e+00
       6205    197.168     1.5195     1.5137   2.972072   2.971571     1.9732     2.3700      8.035     0.7510    -1.2338 1.0752e-01    -0.1257   103.1927     6.9308     7.1770    34.0784    34.0783    27.2690    27.2694    7.77988 0.0000e+00
       6208    197.225     1.5197     1.5150   2.972037   2.971739     1.9723     2.3700      8.035     0.7722    -1.2338 1.0740e-01    -0.1257   103.1927     6.9308     7.1776    34.0776    34.0789    27.2684    27.2698    7.77987 0.0000e+00
       6211    197.288     1.5188     1.5150   2.971934   2.971660     1.9728     2.3692      8.035     0.7510    -1.2338 1.0752e-01    -0.1257   103.1927     6.9343     7.1749    34.0773    34.0780    27.2682    27.2691    7.78007 0.0000e+00
       6214    197.357     1.5180     1.5139   2.971868   2.971592     1.9732     2.3696      8.035     0.6981    -1.2338 1.0752e-01    -0.1257   103.1927     6.9359     7.1760    34.0773    34.0782    27.2683    27.2693    7.78023 0.0000e+00
       6217    197.432     1.5183     1.5137   2.971933   2.971597     1.9728     2.3688      8.035     0.6875    -1.1944 1.0752e-01    -0.1257   103.1927     6.9350     7.1725    34.0777    34.0784    27.2686    27.2695    7.78015 0.0000e+00
       6220    197.512     1.5176     1.5149   2.971854   2.971681     1.9732     2.3692      8.035     0.6875     3.0694 1.0727e-01    -0.1261   103.2018     6.9384     7.1726    34.0775    34.0782    27.2685    27.2692    7.78031 0.0000e+00
       6223    197.600     1.5172     1.5146   2.971824   2.971616     1.9728     2.3688      8.035     0.6875     4.8459 1.0752e-01    -0.1247   103.1656     6.9348     7.1695    34.0774    34.0776    27.2685    27.2688    7.78039 0.0000e+00
       6226    197.695     1.5192     1.5139   2.972012   2.971592     1.9732     2.3692      8.035     0.6981     4.7670 1.0752e-01    -0.1236   103.1385     6.9348     7.1690    34.0776    34.0780    27.2685    27.2691    7.77998 0.0000e+00
       6229    197.798     1.5186     1.5124   2.971976   2.971411     1.9732     2.3688      8.035     0.7087     4.7670 1.0752e-01    -0.1236   103.1385     6.9358     7.1665    34.0778    34.0773    27.2686    27.2686    7.78009 0.0000e+00
       6232    197.913     1.5205     1.5119   2.972153   2.971437     1.9728     2.3688      8.035     0.6770     4.7670 1.0752e-01    -0.1236   103.1385     6.9329     7.1699    34.0779    34.0780    27.2686    27.2693    7.77970 0.0000e+00
       6235    198.037     1.5184     1.5120   2.971887   2.971417     1.9728     2.3688      8.035     0.6875     4.7670 1.0740e-01    -0.1236   103.1385     6.9303     7.1721    34.0767    34.0776    27.2678    27.2690    7.78019 0.0000e+00
