Datasets/AZMP/TEL210/tel210_2020_137.cnv
* Sea-Bird SBE 9 Data File:
* FileName = C:\CTDDATA\tel210_2020_137.hex
* Software Version Seasave V 7.26.7.110
* Temperature SN = 1697
* Conductivity SN = 4216
* Number of Bytes Per Scan = 30
* Number of Voltage Words = 4
* Number of Scans Averaged by the Deck Unit = 1
* NMEA baud rate = 4800
** VESSEL/TRIP/SEQ STN:  tel210_2020_137
** LATITUDE XX XX.XX: 47 32.80 N
** LONGITUDE XX XX.XX: 052 35.20 W
** SOUNDING DEPTH (M): 0176
** PROBE TYPE: S1146
** CTD NUMBER: 078
** COMMENTS (14 CHAR): S27-01
** BOTTLES:  10
** LEVELS: 5,10,20,30,40,50,75,100,150,BTM
** STICKERS: 436348 - 436357
** VNET: y
** DO2: N
# nquan = 22
# nvalues = 3947                        
# units = specified
# name 0 = scan: Scan Count
# name 1 = prDM: Pressure, Digiquartz [db]
# name 2 = t090C: Temperature [ITS-90, deg C]
# name 3 = t190C: Temperature, 2 [ITS-90, deg C]
# name 4 = c0S/m: Conductivity [S/m]
# name 5 = c1S/m: Conductivity, 2 [S/m]
# name 6 = sbeox0V: Oxygen raw, SBE 43 [V]
# name 7 = sbeox1V: Oxygen raw, SBE 43, 2 [V]
# name 8 = ph: pH
# name 9 = flECO-AFL: Fluorescence, WET Labs ECO-AFL/FL [mg/m^3]
# name 10 = wetCDOM: Fluorescence, WET Labs CDOM [mg/m^3]
# name 11 = par/sat/log: PAR/Logarithmic, Satlantic [umol photons/m^2/sec]
# name 12 = CStarAt0: Beam Attenuation, WET Labs C-Star [1/m]
# name 13 = CStarTr0: Beam Transmission, WET Labs C-Star [%]
# name 14 = sbeox0ML/L: Oxygen, SBE 43 [ml/l], WS = 2
# name 15 = sbeox1ML/L: Oxygen, SBE 43, 2 [ml/l], WS = 2
# name 16 = sal00: Salinity, Practical [PSU]
# name 17 = sal11: Salinity, Practical, 2 [PSU]
# name 18 = sigma-t00: Density [sigma-t, kg/m^3 ]
# name 19 = sigma-t11: Density, 2 [sigma-t, kg/m^3 ]
# name 20 = oxsatML/L: Oxygen Saturation, Weiss [ml/l]
# name 21 = flag: flag
# span 0 =         39,      41476       
# span 1 =      0.423,    175.419       
# span 2 =    -1.4657,    13.3318       
# span 3 =    -1.4718,    13.3274       
# span 4 =   2.613421,   3.747556       
# span 5 =   2.613240,   3.747317       
# span 6 =     1.7936,     2.4503       
# span 7 =     2.1460,     2.9889       
# span 8 =      7.767,      8.127       
# span 9 =     0.6770,     3.5976       
# span 10 =    -2.8130,   482.1870      
# span 11 = 1.0678e-01, 2.8437e+02      
# span 12 =    -0.1425,     0.4155      
# span 13 =    90.1345,   103.6268      
# span 14 =     6.1973,     8.9033      
# span 15 =     6.1662,     9.3958      
# span 16 =    31.4058,    33.0756      
# span 17 =    31.4051,    33.0779      
# span 18 =    23.5451,    26.5846      
# span 19 =    23.5455,    26.5867      
# span 20 =    6.01730,    8.50281      
# span 21 = 0.0000e+00, 0.0000e+00      
# interval = scans: 3                   
# start_time = Jul 30 2020 15:24:11 [System UTC, header]
# bad_flag = -9.990e-29
*END*
[from data line 593]
       1984     62.065    -1.0036    -1.0089   2.640471   2.639931     2.0903     2.5168      7.943     0.9944    -0.9180 1.0715e-01    -0.1113   102.8219     7.9507     8.2063    32.5457    32.5442    26.1645    26.1634    8.40514 0.0000e+00
       1987     62.147    -1.0069    -1.0116   2.640255   2.639739     2.0903     2.5160      7.943     0.9732    -0.9180 1.0715e-01    -0.1110   102.8129     7.9477     8.2049    32.5464    32.5445    26.1651    26.1637    8.40587 0.0000e+00
       1990     62.232    -1.0093    -1.0144   2.640075   2.639530     2.0891     2.5152      7.943     0.9732    -0.8390 1.0715e-01    -0.1127   102.8581     7.9414     8.2036    32.5465    32.5446    26.1653    26.1639    8.40641 0.0000e+00
       1993     62.323    -1.0120    -1.0169   2.639883   2.639373     2.0895     2.5152      7.943     0.9732     2.1614 1.0715e-01    -0.1127   102.8581     7.9471     8.2041    32.5467    32.5451    26.1656    26.1644    8.40701 0.0000e+00
       1996     62.416    -1.0145    -1.0189   2.639734   2.639231     2.0883     2.5144      7.943     0.9732     2.5167 1.0715e-01    -0.1131   102.8672     7.9398     8.2068    32.5474    32.5453    26.1662    26.1647    8.40755 0.0000e+00
       1999     62.511    -1.0158    -1.0208   2.639642   2.639096     2.0879     2.5140      7.943     0.9732     2.5167 1.0715e-01    -0.1131   102.8672     7.9369     8.2098    32.5474    32.5455    26.1662    26.1648    8.40783 0.0000e+00
       2002     62.610    -1.0170    -1.0224   2.639509   2.638982     2.0875     2.5140      7.943     0.9627     2.5167 1.0715e-01    -0.1131   102.8672     7.9355     8.2129    32.5469    32.5456    26.1659    26.1650    8.40814 0.0000e+00
       2005     62.711    -1.0192    -1.0242   2.639416   2.638821     2.0875     2.5136      7.943     0.9627     2.5167 1.0715e-01    -0.1131   102.8672     7.9343     8.2131    32.5479    32.5453    26.1668    26.1648    8.40858 0.0000e+00
       2008     62.816    -1.0202    -1.0261   2.639340   2.638723     2.0858     2.5115      7.943     0.9838     2.5167 1.0715e-01    -0.1120   102.8400     7.9284     8.2044    32.5480    32.5459    26.1669    26.1654    8.40882 0.0000e+00
       2011     62.924    -1.0217    -1.0278   2.639198   2.638564     2.0854     2.5115      7.943     0.9627     2.5167 1.0715e-01    -0.1099   102.7858     7.9283     8.2074    32.5476    32.5456    26.1666    26.1652    8.40918 0.0000e+00
       2014     63.034    -1.0240    -1.0296   2.639036   2.638473     2.0854     2.5115      7.943     0.9732     2.5167 1.0715e-01    -0.1099   102.7858     7.9323     8.2110    32.5478    32.5462    26.1668    26.1657    8.40969 0.0000e+00
       2017     63.144    -1.0253    -1.0309   2.638994   2.638425     2.0858     2.5103      7.943     0.9732     2.4772 1.0715e-01    -0.1099   102.7858     7.9339     8.2083    32.5485    32.5470    26.1675    26.1663    8.40994 0.0000e+00
       2020     63.251    -1.0271    -1.0324   2.638896   2.638317     2.0846     2.5115      7.943     0.9732     2.1614 1.0715e-01    -0.1099   102.7858     7.9331     8.2154    32.5491    32.5470    26.1680    26.1664    8.41032 0.0000e+00
       2023     63.361    -1.0284    -1.0339   2.638833   2.638306     2.0838     2.5107      7.941     0.9732     2.1614 1.0715e-01    -0.1096   102.7768     7.9292     8.2118    32.5496    32.5485    26.1684    26.1677    8.41059 0.0000e+00
       2026     63.473    -1.0291    -1.0347   2.638837   2.638267     2.0830     2.5095      7.943     0.9732     2.1614 1.0715e-01    -0.1099   102.7858     7.9259     8.2088    32.5504    32.5487    26.1691    26.1679    8.41071 0.0000e+00
       2029     63.582    -1.0296    -1.0348   2.638894   2.638341     2.0842     2.5091      7.940     0.9521     2.1614 1.0715e-01    -0.1103   102.7948     7.9351     8.2090    32.5517    32.5498    26.1701    26.1687    8.41076 0.0000e+00
       2032     63.690    -1.0290    -1.0346   2.638956   2.638394     2.0834     2.5083      7.940     0.9732     2.1614 1.0715e-01    -0.1120   102.8400     7.9318     8.2064    32.5518    32.5502    26.1702    26.1691    8.41061 0.0000e+00
       2035     63.798    -1.0289    -1.0340   2.638996   2.638453     2.0826     2.5091      7.940     0.9838     2.1614 1.0715e-01    -0.1120   102.8400     7.9261     8.2070    32.5521    32.5503    26.1704    26.1692    8.41056 0.0000e+00
       2038     63.905    -1.0282    -1.0337   2.639060   2.638508     2.0822     2.5091      7.938     0.9521     2.1614 1.0715e-01    -0.1124   102.8491     7.9220     8.2040    32.5521    32.5507    26.1705    26.1695    8.41039 0.0000e+00
       2041     64.008    -1.0281    -1.0335   2.639096   2.638528     2.0818     2.5079      7.938     0.9732     2.1614 1.0715e-01    -0.1120   102.8400     7.9198     8.1977    32.5525    32.5506    26.1707    26.1694    8.41036 0.0000e+00
       2044     64.108    -1.0299    -1.0345   2.638947   2.638430     2.0818     2.5071      7.940     0.9732     0.2664 1.0715e-01    -0.1124   102.8491     7.9219     8.1935    32.5524    32.5503    26.1707    26.1692    8.41078 0.0000e+00
       2047     64.210    -1.0338    -1.0377   2.638631   2.638168     2.0805     2.5067      7.938     0.9732    -1.8655 1.0715e-01    -0.1124   102.8491     7.9163     8.1939    32.5522    32.5502    26.1707    26.1692    8.41168 0.0000e+00
       2050     64.308    -1.0385    -1.0422   2.638321   2.637851     2.0805     2.5067      7.938     0.9732    -1.7471 1.0715e-01    -0.1103   102.7948     7.9141     8.1948    32.5531    32.5507    26.1716    26.1697    8.41271 0.0000e+00
       2053     64.406    -1.0415    -1.0458   2.638216   2.637696     2.0805     2.5054      7.938     0.9732    -1.7866 1.0715e-01    -0.1096   102.7768     7.9134     8.1871    32.5548    32.5525    26.1730    26.1713    8.41328 0.0000e+00
       2056     64.502    -1.0431    -1.0483   2.638157   2.637587     2.0793     2.5058      7.938     0.9838    -1.8260 1.0715e-01    -0.1099   102.7858     7.9121     8.1890    32.5557    32.5536    26.1739    26.1722    8.41361 0.0000e+00
       2059     64.598    -1.0439    -1.0496   2.638108   2.637541     2.0793     2.5046      7.938     0.9521    -1.7471 1.0715e-01    -0.1099   102.7858     7.9120     8.1805    32.5558    32.5543    26.1739    26.1729    8.41377 0.0000e+00
       2062     64.691    -1.0449    -1.0505   2.638088   2.637520     2.0789     2.5042      7.938     0.9732    -1.8260 1.0715e-01    -0.1099   102.7858     7.9083     8.1800    32.5567    32.5549    26.1747    26.1734    8.41397 0.0000e+00
       2065     64.789    -1.0454    -1.0508   2.638072   2.637518     2.0781     2.5042      7.938     1.0367    -1.7471 1.0715e-01    -0.1099   102.7858     7.9029     8.1852    32.5569    32.5552    26.1749    26.1737    8.41407 0.0000e+00
       2068     64.887    -1.0456    -1.0511   2.638087   2.637552     2.0781     2.5034      7.938     1.0473    -1.8260 1.0715e-01    -0.1099   102.7858     7.9047     8.1863    32.5572    32.5559    26.1751    26.1743    8.41409 0.0000e+00
       2071     64.985    -1.0454    -1.0511   2.638098   2.637531     2.0777     2.5030      7.938     1.0685    -0.7601 1.0715e-01    -0.1103   102.7948     7.9063     8.1849    32.5571    32.5556    26.1751    26.1740    8.41405 0.0000e+00
       2074     65.086    -1.0456    -1.0512   2.638078   2.637543     2.0769     2.5022      7.936     1.0579    -0.4443 1.0715e-01    -0.1106   102.8039     7.9017     8.1806    32.5570    32.5558    26.1750    26.1741    8.41411 0.0000e+00
       2077     65.188    -1.0452    -1.0509   2.638160   2.637620     2.0769     2.5018      7.938     1.0685    -0.4443 1.0715e-01    -0.1106   102.8039     7.9038     8.1796    32.5576    32.5565    26.1754    26.1747    8.41398 0.0000e+00
       2080     65.296    -1.0449    -1.0505   2.638230   2.637654     2.0769     2.5018      7.935     1.0473    -0.4443 1.0715e-01    -0.1110   102.8129     7.9060     8.1785    32.5582    32.5564    26.1759    26.1746    8.41388 0.0000e+00
       2083     65.405    -1.0477    -1.0527   2.637879   2.637387     2.0752     2.5005      7.938     1.0685    -0.4443 1.0715e-01    -0.1110   102.8129     7.8975     8.1734    32.5563    32.5551    26.1745    26.1736    8.41461 0.0000e+00
       2086     65.520    -1.0547    -1.0584   2.637474   2.636943     2.0748     2.5005      7.936     1.0791    -0.4443 1.0715e-01    -0.1110   102.8129     7.8966     8.1755    32.5584    32.5552    26.1763    26.1739    8.41610 0.0000e+00
       2089     65.641    -1.0590    -1.0633   2.637245   2.636714     2.0748     2.5018      7.936     1.0579    -0.4443 1.0715e-01    -0.1103   102.7948     7.8972     8.1832    32.5599    32.5573    26.1777    26.1758    8.41701 0.0000e+00
       2092     65.764    -1.0611    -1.0665   2.637127   2.636584     2.0752     2.5005      7.935     0.9944    -0.4443 1.0715e-01    -0.1110   102.8129     7.8992     8.1794    32.5604    32.5590    26.1782    26.1773    8.41745 0.0000e+00
       2095     65.894    -1.0626    -1.0682   2.637063   2.636497     2.0748     2.4993      7.933     1.0156    -0.0495 1.0715e-01    -0.1110   102.8129     7.8982     8.1746    32.5611    32.5596    26.1788    26.1778    8.41775 0.0000e+00
       2098     66.030    -1.0634    -1.0690   2.637027   2.636487     2.0736     2.4985      7.933     1.0156     4.0564 1.0715e-01    -0.1110   102.8129     7.8956     8.1697    32.5615    32.5602    26.1792    26.1783    8.41793 0.0000e+00
       2101     66.165    -1.0646    -1.0701   2.636958   2.636435     2.0744     2.4985      7.933     0.9838     4.1748 1.0715e-01    -0.1110   102.8129     7.9034     8.1683    32.5618    32.5606    26.1794    26.1787    8.41819 0.0000e+00
       2104     66.309    -1.0654    -1.0710   2.636953   2.636384     2.0732     2.4977      7.933     1.0050     4.1748 1.0715e-01    -0.1110   102.8129     7.8998     8.1670    32.5625    32.5609    26.1801    26.1789    8.41833 0.0000e+00
       2107     66.456    -1.0665    -1.0717   2.636853   2.636306     2.0724     2.4969      7.933     0.9838     4.1748 1.0715e-01    -0.1110   102.8129     7.8996     8.1652    32.5622    32.5604    26.1798    26.1786    8.41858 0.0000e+00
       2110     66.607    -1.0687    -1.0739   2.636706   2.636198     2.0720     2.4981      7.933     0.9838     4.1748 1.0715e-01    -0.1110   102.8129     7.8962     8.1675    32.5625    32.5613    26.1802    26.1793    8.41908 0.0000e+00
       2113     66.761    -1.0703    -1.0756   2.636674   2.636107     2.0720     2.4969      7.933     0.9944     4.1748 1.0715e-01    -0.1113   102.8219     7.8969     8.1642    32.5637    32.5618    26.1811    26.1798    8.41937 0.0000e+00
       2116     66.917    -1.0717    -1.0768   2.636529   2.636015     2.0712     2.4961      7.933     1.0156     4.1748 1.0715e-01    -0.1110   102.8129     7.8920     8.1676    32.5631    32.5617    26.1808    26.1797    8.41972 0.0000e+00
       2119     67.070    -1.0738    -1.0790   2.636315   2.635757     2.0712     2.4957      7.933     1.0262     4.1748 1.0715e-01    -0.1113   102.8219     7.8955     8.1671    32.5625    32.5605    26.1803    26.1788    8.42025 0.0000e+00
       2122     67.224    -1.0768    -1.0822   2.636175   2.635597     2.0720     2.4944      7.933     1.0262     3.6616 1.0715e-01    -0.1110   102.8129     7.8995     8.1572    32.5637    32.5617    26.1814    26.1799    8.42086 0.0000e+00
       2125     67.377    -1.0791    -1.0846   2.636030   2.635496     2.0712     2.4953      7.933     1.0156     2.3587 1.0715e-01    -0.1110   102.8129     7.8962     8.1618    32.5641    32.5629    26.1818    26.1810    8.42136 0.0000e+00
       2128     67.526    -1.0812    -1.0865   2.635927   2.635362     2.0704     2.4948      7.933     1.0262     2.3982 1.0715e-01    -0.1110   102.8129     7.8962     8.1635    32.5650    32.5630    26.1826    26.1811    8.42181 0.0000e+00
       2131     67.677    -1.0825    -1.0880   2.635813   2.635279     2.0704     2.4944      7.933     1.0262     2.3982 1.0715e-01    -0.1120   102.8400     7.8974     8.1610    32.5647    32.5634    26.1823    26.1814    8.42210 0.0000e+00
       2134     67.820    -1.0851    -1.0901   2.635638   2.635100     2.0699     2.4932      7.931     1.0367     2.3982 1.0715e-01    -0.1127   102.8581     7.8935     8.1543    32.5650    32.5632    26.1827    26.1813    8.42269 0.0000e+00
       2137     67.961    -1.0890    -1.0936   2.635367   2.634832     2.0695     2.4940      7.931     1.0262     2.3982 1.0715e-01    -0.1131   102.8672     7.8890     8.1628    32.5655    32.5633    26.1832    26.1816    8.42355 0.0000e+00
       2140     68.097    -1.0932    -1.0977   2.635081   2.634599     2.0691     2.4932      7.928     1.0367     2.3982 1.0715e-01    -0.1131   102.8672     7.8847     8.1624    32.5661    32.5644    26.1839    26.1826    8.42449 0.0000e+00
       2143     68.225    -1.0969    -1.1020   2.634986   2.634454     2.0687     2.4912      7.930     0.9838     2.3982 1.0715e-01    -0.1131   102.8672     7.8799     8.1533    32.5688    32.5670    26.1861    26.1848    8.42519 0.0000e+00
       2146     68.350    -1.0983    -1.1040   2.635010   2.634458     2.0679     2.4904      7.928     0.9732     2.3982 1.0715e-01    -0.1131   102.8672     7.8767     8.1489    32.5705    32.5692    26.1876    26.1867    8.42539 0.0000e+00
       2149     68.472    -1.0988    -1.1043   2.634997   2.634462     2.0683     2.4920      7.930     0.9732   283.9233 1.0715e-01    -0.1124   102.8491     7.8836     8.1541    32.5708    32.5695    26.1878    26.1869    8.42550 0.0000e+00
       2152     68.584    -1.0995    -1.1047   2.634978   2.634435     2.0679     2.4920      7.928     0.9732   481.7133 1.0715e-01    -0.1117   102.8310     7.8816     8.1548    32.5712    32.5695    26.1882    26.1870    8.42563 0.0000e+00
       2155     68.691    -1.1008    -1.1057   2.634891   2.634381     2.0675     2.4900      7.928     0.9627   480.9632 1.0715e-01    -0.1120   102.8400     7.8804     8.1492    32.5714    32.5698    26.1884    26.1872    8.42592 0.0000e+00
       2158     68.793    -1.1027    -1.1075   2.634753   2.634239     2.0671     2.4896      7.928     0.9838   481.3579 1.0715e-01    -0.1117   102.8310     7.8795     8.1481    32.5715    32.5698    26.1885    26.1872    8.42634 0.0000e+00
       2161     68.890    -1.1057    -1.1107   2.634485   2.633963     2.0659     2.4908      7.928     0.9627   481.3184 1.0715e-01    -0.1120   102.8400     7.8789     8.1556    32.5711    32.5694    26.1882    26.1871    8.42706 0.0000e+00
       2164     68.982    -1.1101    -1.1153   2.634167   2.633580     2.0655     2.4891      7.928     0.9838   481.2790 1.0715e-01    -0.1113   102.8219     7.8772     8.1550    32.5715    32.5692    26.1887    26.1870    8.42805 0.0000e+00
       2167     69.067    -1.1140    -1.1196   2.633860   2.633362     2.0659     2.4883      7.928     0.9838   481.3579 1.0715e-01    -0.1117   102.8310     7.8815     8.1526    32.5715    32.5708    26.1889    26.1885    8.42895 0.0000e+00
       2170     69.148    -1.1161    -1.1223   2.633731   2.633209     2.0659     2.4883      7.928     1.0367   481.3184 1.0715e-01    -0.1117   102.8310     7.8822     8.1479    32.5720    32.5717    26.1893    26.1892    8.42940 0.0000e+00
       2173     69.226    -1.1187    -1.1244   2.633614   2.633072     2.0655     2.4883      7.928     1.0473   479.2260 1.0715e-01    -0.1131   102.8672     7.8799     8.1461    32.5731    32.5720    26.1903    26.1896    8.42992 0.0000e+00
       2176     69.298    -1.1204    -1.1260   2.633509   2.632946     2.0647     2.4871      7.928     1.0262    65.3278 1.0715e-01    -0.1131   102.8672     7.8795     8.1435    32.5736    32.5720    26.1907    26.1896    8.43030 0.0000e+00
