Datasets/AZMP/TEL210/tel210_2020_032.cnv
* Sea-Bird SBE 9 Data File:
* FileName = C:\CTDDATA\tel210_2020_032.hex
* Software Version Seasave V 7.26.7.110
* Temperature SN = 1697
* Conductivity SN = 4216
* Number of Bytes Per Scan = 30
* Number of Voltage Words = 4
* Number of Scans Averaged by the Deck Unit = 1
* NMEA baud rate = 4800
** VESSEL/TRIP/SEQ STN:  tel210_2020_032
** LATITUDE XX XX.XX: 47 00.00 N
** LONGITUDE XX XX.XX: 044 05.00 W
** SOUNDING DEPTH (M): 0329
** PROBE TYPE: S1146
** CTD NUMBER: 031
** COMMENTS (14 CHAR): FC-30
** BOTTLES:  0
** LEVELS:
** STICKERS:
** VNET: N
** DO2: N
# nquan = 22
# nvalues = 6362                        
# units = specified
# name 0 = scan: Scan Count
# name 1 = prDM: Pressure, Digiquartz [db]
# name 2 = t090C: Temperature [ITS-90, deg C]
# name 3 = t190C: Temperature, 2 [ITS-90, deg C]
# name 4 = c0S/m: Conductivity [S/m]
# name 5 = c1S/m: Conductivity, 2 [S/m]
# name 6 = sbeox0V: Oxygen raw, SBE 43 [V]
# name 7 = sbeox1V: Oxygen raw, SBE 43, 2 [V]
# name 8 = ph: pH
# name 9 = flECO-AFL: Fluorescence, WET Labs ECO-AFL/FL [mg/m^3]
# name 10 = wetCDOM: Fluorescence, WET Labs CDOM [mg/m^3]
# name 11 = par/sat/log: PAR/Logarithmic, Satlantic [umol photons/m^2/sec]
# name 12 = CStarAt0: Beam Attenuation, WET Labs C-Star [1/m]
# name 13 = CStarTr0: Beam Transmission, WET Labs C-Star [%]
# name 14 = sbeox0ML/L: Oxygen, SBE 43 [ml/l], WS = 2
# name 15 = sbeox1ML/L: Oxygen, SBE 43, 2 [ml/l], WS = 2
# name 16 = sal00: Salinity, Practical [PSU]
# name 17 = sal11: Salinity, Practical, 2 [PSU]
# name 18 = sigma-t00: Density [sigma-t, kg/m^3 ]
# name 19 = sigma-t11: Density, 2 [sigma-t, kg/m^3 ]
# name 20 = oxsatML/L: Oxygen Saturation, Weiss [ml/l]
# name 21 = flag: flag
# span 0 =         81,      28503       
# span 1 =      2.104,    327.988       
# span 2 =     3.4633,    11.9454       
# span 3 =     3.4579,    11.9406       
# span 4 =   3.148050,   3.775387       
# span 5 =   3.147544,   3.774675       
# span 6 =     1.7924,     2.4135       
# span 7 =     2.1513,     2.9397       
# span 8 =      7.943,      8.231       
# span 9 =    -0.6427,     6.7241       
# span 10 =    -2.8130,   482.1870      
# span 11 = 1.0703e-01, 4.5242e+01      
# span 12 =    -0.1278,     0.2704      
# span 13 =    93.4623,   103.2470      
# span 14 =     5.6847,     7.8974      
# span 15 =     5.9218,     8.3342      
# span 16 =    32.8525,    34.8728      
# span 17 =    32.8216,    34.8711      
# span 18 =    24.9369,    27.6844      
# span 19 =    24.9341,    27.6846      
# span 20 =    6.13991,    7.39501      
# span 21 = 0.0000e+00, 0.0000e+00      
# interval = scans: 3                   
# start_time = Jul 18 2020 10:33:25 [System UTC, header]
# bad_flag = -9.990e-29
*END*
[from data line 4149]
      21439    228.234     4.0525     4.0489   3.256476   3.256102     1.8507     2.2299      7.970    -0.5816    -0.7996 1.0715e-01    -0.1222   103.1023     5.9282     6.1996    34.8327    34.8321    27.6476    27.6475    7.26238 0.0000e+00
      21442    228.128     4.0519     4.0490   3.256306   3.256117     1.8507     2.2287      7.970    -0.5918    -0.7996 1.0715e-01    -0.1226   103.1113     5.9281     6.1958    34.8314    34.8323    27.6466    27.6477    7.26254 0.0000e+00
      21445    228.018     4.0508     4.0490   3.256217   3.256097     1.8515     2.2299      7.968    -0.5918     1.0559 1.0715e-01    -0.1226   103.1113     5.9298     6.1994    34.8316    34.8321    27.6469    27.6475    7.26273 0.0000e+00
      21448    227.904     4.0509     4.0489   3.256259   3.256044     1.8515     2.2295      7.968    -0.5816     2.4377 1.0715e-01    -0.1222   103.1023     5.9299     6.1969    34.8320    34.8316    27.6472    27.6471    7.26269 0.0000e+00
      21451    227.791     4.0515     4.0486   3.256329   3.256026     1.8515     2.2303      7.971    -0.5816     2.3982 1.0715e-01    -0.1222   103.1023     5.9320     6.1993    34.8323    34.8318    27.6474    27.6473    7.26258 0.0000e+00
      21454    227.678     4.0512     4.0487   3.256277   3.256020     1.8515     2.2295      7.968    -0.5816     2.3982 1.0715e-01    -0.1226   103.1113     5.9318     6.1960    34.8321    34.8317    27.6472    27.6472    7.26265 0.0000e+00
      21457    227.565     4.0517     4.0482   3.256297   3.255941     1.8511     2.2303      7.970    -0.5918     2.3982 1.0715e-01    -0.1222   103.1023     5.9290     6.1991    34.8318    34.8313    27.6470    27.6469    7.26256 0.0000e+00
      21460    227.452     4.0511     4.0475   3.256243   3.255837     1.8515     2.2303      7.970    -0.5714     2.3982 1.0715e-01    -0.1222   103.1023     5.9298     6.1974    34.8319    34.8308    27.6471    27.6466    7.26267 0.0000e+00
      21463    227.340     4.0511     4.0476   3.256216   3.255852     1.8519     2.2307      7.968    -0.5816     2.3982 1.0715e-01    -0.1222   103.1023     5.9313     6.2007    34.8316    34.8310    27.6469    27.6468    7.26268 0.0000e+00
      21466    227.234     4.0509     4.0475   3.256132   3.255848     1.8515     2.2307      7.971    -0.5816     2.3982 1.0715e-01    -0.1222   103.1023     5.9284     6.1994    34.8309    34.8311    27.6463    27.6469    7.26275 0.0000e+00
      21469    227.127     4.0507     4.0476   3.256103   3.255817     1.8507     2.2307      7.971    -0.5816     2.3982 1.0715e-01    -0.1215   103.0842     5.9238     6.1975    34.8308    34.8308    27.6463    27.6466    7.26279 0.0000e+00
      21472    227.026     4.0509     4.0473   3.256091   3.255769     1.8523     2.2307      7.971    -0.5816     5.9908 1.0715e-01    -0.1215   103.0842     5.9312     6.1969    34.8305    34.8305    27.6460    27.6464    7.26277 0.0000e+00
      21475    226.925     4.0510     4.0468   3.256054   3.255694     1.8523     2.2307      7.970    -0.5714     6.5830 1.0715e-01    -0.1219   103.0932     5.9311     6.1982    34.8300    34.8302    27.6456    27.6462    7.26278 0.0000e+00
      21478    226.829     4.0514     4.0465   3.256047   3.255610     1.8515     2.2303      7.970    -0.5714     6.5435 1.0715e-01    -0.1215   103.0842     5.9266     6.1967    34.8295    34.8296    27.6452    27.6457    7.26272 0.0000e+00
      21481    226.741     4.0515     4.0467   3.256058   3.255547     1.8515     2.2307      7.970    -0.5816     6.5435 1.0715e-01    -0.1219   103.0932     5.9258     6.1955    34.8297    34.8287    27.6453    27.6450    7.26271 0.0000e+00
      21484    226.659     4.0515     4.0467   3.256064   3.255552     1.8519     2.2307      7.971    -0.5816     6.5435 1.0715e-01    -0.1219   103.0932     5.9265     6.1967    34.8297    34.8288    27.6453    27.6451    7.26269 0.0000e+00
      21487    226.580     4.0520     4.0470   3.256089   3.255561     1.8523     2.2315      7.971    -0.5816     6.5435 1.0715e-01    -0.1215   103.0842     5.9284     6.1997    34.8296    34.8286    27.6452    27.6450    7.26262 0.0000e+00
      21490    226.504     4.0517     4.0472   3.256079   3.255552     1.8519     2.2307      7.971    -0.5816     6.5435 1.0715e-01    -0.1215   103.0842     5.9286     6.1976    34.8298    34.8284    27.6454    27.6447    7.26266 0.0000e+00
      21493    226.430     4.0520     4.0472   3.256094   3.255569     1.8519     2.2307      7.971    -0.5816     6.5435 1.0715e-01    -0.1219   103.0932     5.9278     6.1989    34.8297    34.8285    27.6453    27.6448    7.26262 0.0000e+00
      21496    226.357     4.0522     4.0475   3.256118   3.255576     1.8519     2.2315      7.971    -0.5714    77.5268 1.0715e-01    -0.1219   103.0932     5.9275     6.2024    34.8298    34.8284    27.6453    27.6447    7.26257 0.0000e+00
      21499    226.284     4.0521     4.0475   3.256104   3.255572     1.8519     2.2319      7.971    -0.5613   471.6856 1.0715e-01    -0.1219   103.0932     5.9303     6.2052    34.8298    34.8283    27.6453    27.6447    7.26259 0.0000e+00
      21502    226.211     4.0525     4.0477   3.256091   3.255618     1.8519     2.2311      7.970    -0.5714   481.4764 1.0727e-01    -0.1215   103.0842     5.9336     6.2012    34.8293    34.8287    27.6449    27.6449    7.26255 0.0000e+00
      21505    226.137     4.0523     4.0482   3.256097   3.255632     1.8519     2.2311      7.973    -0.6019   481.2000 1.0715e-01    -0.1222   103.1023     5.9330     6.1999    34.8296    34.8284    27.6452    27.6446    7.26256 0.0000e+00
      21508    226.061     4.0522     4.0485   3.256099   3.255629     1.8519     2.2319      7.970    -0.6019   481.2395 1.0715e-01    -0.1219   103.0932     5.9335     6.2015    34.8298    34.8281    27.6453    27.6444    7.26257 0.0000e+00
      21511    225.988     4.0524     4.0483   3.256094   3.255616     1.8523     2.2315      7.970    -0.6019   481.2790 1.0715e-01    -0.1215   103.0842     5.9371     6.1994    34.8295    34.8281    27.6451    27.6444    7.26254 0.0000e+00
      21514    225.912     4.0523     4.0483   3.256101   3.255614     1.8523     2.2323      7.971    -0.6121   481.3184 1.0715e-01    -0.1215   103.0842     5.9383     6.2031    34.8298    34.8282    27.6453    27.6444    7.26256 0.0000e+00
      21517    225.830     4.0523     4.0484   3.256100   3.255633     1.8528     2.2319      7.971    -0.6019   481.3579 1.0715e-01    -0.1215   103.0842     5.9401     6.2016    34.8297    34.8284    27.6453    27.6446    7.26255 0.0000e+00
      21520    225.741     4.0524     4.0488   3.256110   3.255647     1.8528     2.2323      7.971    -0.6121   481.2395 1.0715e-01    -0.1215   103.0842     5.9378     6.2010    34.8299    34.8282    27.6454    27.6444    7.26254 0.0000e+00
      21523    225.648     4.0527     4.0488   3.256105   3.255637     1.8532     2.2323      7.970    -0.6223   288.5423 1.0715e-01    -0.1215   103.0842     5.9363     6.2034    34.8295    34.8280    27.6451    27.6443    7.26250 0.0000e+00
      21526    225.547     4.0529     4.0490   3.256119   3.255646     1.8536     2.2319      7.970    -0.6223    -2.3393 1.0715e-01    -0.1215   103.0842     5.9357     6.2042    34.8295    34.8281    27.6451    27.6443    7.26246 0.0000e+00
      21529    225.442     4.0529     4.0492   3.256151   3.255661     1.8523     2.2319      7.970    -0.6121     3.7405 1.0715e-01    -0.1212   103.0752     5.9299     6.2022    34.8299    34.8281    27.6454    27.6443    7.26244 0.0000e+00
      21532    225.328     4.0533     4.0492   3.256164   3.255658     1.8536     2.2319      7.971    -0.6019     3.7010 1.0715e-01    -0.1219   103.0932     5.9352     6.2016    34.8298    34.8281    27.6452    27.6443    7.26238 0.0000e+00
      21535    225.214     4.0534     4.0491   3.256186   3.255685     1.8532     2.2319      7.971    -0.5816     3.7010 1.0715e-01    -0.1226   103.1113     5.9313     6.2018    34.8299    34.8285    27.6453    27.6447    7.26235 0.0000e+00
      21538    225.092     4.0540     4.0493   3.256205   3.255669     1.8532     2.2331      7.970    -0.5918     3.7010 1.0715e-01    -0.1222   103.1023     5.9318     6.2050    34.8297    34.8282    27.6450    27.6444    7.26226 0.0000e+00
      21541    224.965     4.0537     4.0490   3.256189   3.255612     1.8532     2.2327      7.970    -0.5816     3.7010 1.0715e-01    -0.1226   103.1113     5.9309     6.2040    34.8298    34.8280    27.6451    27.6443    7.26230 0.0000e+00
      21544    224.832     4.0535     4.0490   3.256155   3.255613     1.8523     2.2323      7.971    -0.5714     3.7010 1.0715e-01    -0.1226   103.1113     5.9258     6.2010    34.8297    34.8280    27.6451    27.6443    7.26235 0.0000e+00
      21547    224.690     4.0533     4.0489   3.256125   3.255602     1.8519     2.2340      7.971    -0.5613     3.7010 1.0715e-01    -0.1222   103.1023     5.9203     6.2059    34.8296    34.8281    27.6451    27.6443    7.26239 0.0000e+00
      21550    224.540     4.0532     4.0487   3.256123   3.255606     1.8528     2.2331      7.971    -0.5816     2.2798 1.0715e-01    -0.1222   103.1023     5.9254     6.2025    34.8298    34.8284    27.6453    27.6446    7.26240 0.0000e+00
      21553    224.387     4.0528     4.0485   3.256177   3.255587     1.8536     2.2327      7.971    -0.5613     1.6481 1.0715e-01    -0.1226   103.1113     5.9296     6.1997    34.8309    34.8285    27.6462    27.6447    7.26241 0.0000e+00
      21556    224.232     4.0558     4.0488   3.256484   3.255685     1.8536     2.2331      7.971    -0.5714     1.6876 1.0715e-01    -0.1229   103.1204     5.9272     6.1982    34.8315    34.8294    27.6463    27.6454    7.26185 0.0000e+00
      21559    224.074     4.0592     4.0496   3.256816   3.255744     1.8536     2.2331      7.973    -0.6019     1.6876 1.0715e-01    -0.1229   103.1204     5.9271     6.1957    34.8319    34.8294    27.6463    27.6453    7.26122 0.0000e+00
      21562    223.913     4.0681     4.0533   3.257716   3.256336     1.8536     2.2331      7.973    -0.6121     1.6876 1.0715e-01    -0.1222   103.1023     5.9237     6.1926    34.8333    34.8325    27.6464    27.6474    7.25957 0.0000e+00
      21565    223.749     4.0736     4.0649   3.258054   3.257478     1.8532     2.2331      7.971    -0.6019     1.6876 1.0715e-01    -0.1226   103.1113     5.9211     6.1905    34.8315    34.8339    27.6444    27.6472    7.25867 0.0000e+00
      21568    223.583     4.0774     4.0717   3.258353   3.257763     1.8523     2.2323      7.971    -0.6121     1.6876 1.0715e-01    -0.1229   103.1204     5.9164     6.1825    34.8311    34.8301    27.6437    27.6435    7.25802 0.0000e+00
      21571    223.416     4.0785     4.0730   3.258340   3.257702     1.8528     2.2328      7.971    -0.6223     1.6876 1.0715e-01    -0.1222   103.1023     5.9175     6.1838    34.8299    34.8281    27.6426    27.6418    7.25788 0.0000e+00
      21574    223.251     4.0776     4.0726   3.258215   3.257670     1.8532     2.2332      7.970    -0.6223     1.8060 1.0715e-01    -0.1222   103.1023     5.9185     6.1881    34.8294    34.8283    27.6423    27.6420    7.25805 0.0000e+00
      21577    223.091     4.0762     4.0719   3.258043   3.257605     1.8532     2.2328      7.971    -0.6325     4.6880 1.0715e-01    -0.1222   103.1023     5.9194     6.1856    34.8290    34.8283    27.6422    27.6421    7.25833 0.0000e+00
      21580    222.938     4.0754     4.0710   3.257995   3.257464     1.8528     2.2328      7.973    -0.6121     4.8854 1.0715e-01    -0.1215   103.0842     5.9176     6.1852    34.8293    34.8277    27.6425    27.6416    7.25846 0.0000e+00
      21583    222.786     4.0750     4.0696   3.257924   3.257246     1.8523     2.2323      7.973    -0.6019     4.8854 1.0715e-01    -0.1219   103.0932     5.9148     6.1832    34.8289    34.8267    27.6422    27.6411    7.25854 0.0000e+00
      21586    222.643     4.0719     4.0669   3.257458   3.256944     1.8519     2.2328      7.970    -0.5816     4.8854 1.0715e-01    -0.1215   103.0842     5.9168     6.1848    34.8268    34.8261    27.6409    27.6408    7.25920 0.0000e+00
      21589    222.507     4.0694     4.0653   3.257282   3.256797     1.8528     2.2323      7.973    -0.5918     4.8854 1.0715e-01    -0.1222   103.1023     5.9246     6.1835    34.8274    34.8260    27.6416    27.6410    7.25961 0.0000e+00
      21592    222.377     4.0692     4.0649   3.257273   3.256785     1.8532     2.2315      7.970    -0.5816     4.8854 1.0715e-01    -0.1222   103.1023     5.9261     6.1806    34.8276    34.8264    27.6418    27.6413    7.25965 0.0000e+00
      21595    222.252     4.0687     4.0648   3.257207   3.256810     1.8536     2.2332      7.973    -0.5816     4.8854 1.0715e-01    -0.1226   103.1113     5.9246     6.1850    34.8274    34.8269    27.6417    27.6417    7.25974 0.0000e+00
      21598    222.135     4.0682     4.0651   3.257169   3.256848     1.8532     2.2328      7.971    -0.5816     4.8854 1.0715e-01    -0.1226   103.1113     5.9238     6.1839    34.8276    34.8271    27.6419    27.6418    7.25983 0.0000e+00
      21601    222.024     4.0681     4.0652   3.257147   3.256844     1.8532     2.2319      7.970    -0.5816     4.1748 1.0715e-01    -0.1226   103.1113     5.9261     6.1814    34.8275    34.8270    27.6418    27.6417    7.25985 0.0000e+00
      21604    221.922     4.0680     4.0644   3.257101   3.256666     1.8519     2.2323      7.971    -0.5714     1.7665 1.0715e-01    -0.1226   103.1113     5.9209     6.1828    34.8271    34.8257    27.6415    27.6408    7.25989 0.0000e+00
      21607    221.830     4.0677     4.0641   3.257073   3.256682     1.8528     2.2319      7.971    -0.5714     1.8060 1.0715e-01    -0.1226   103.1113     5.9247     6.1824    34.8271    34.8263    27.6416    27.6413    7.25993 0.0000e+00
      21610    221.745     4.0672     4.0644   3.257038   3.256680     1.8536     2.2319      7.971    -0.5918     1.8060 1.0715e-01    -0.1222   103.1023     5.9270     6.1825    34.8272    34.8261    27.6417    27.6411    7.26001 0.0000e+00
      21613    221.671     4.0671     4.0640   3.257049   3.256652     1.8536     2.2319      7.971    -0.5816     1.8060 1.0715e-01    -0.1219   103.0932     5.9256     6.1838    34.8276    34.8262    27.6420    27.6412    7.26003 0.0000e+00
      21616    221.605     4.0677     4.0636   3.257073   3.256646     1.8523     2.2319      7.968    -0.5918     1.8060 1.0715e-01    -0.1222   103.1023     5.9189     6.1824    34.8272    34.8265    27.6417    27.6415    7.25993 0.0000e+00
      21619    221.548     4.0676     4.0636   3.257091   3.256656     1.8523     2.2319      7.971    -0.5714     1.8060 1.0715e-01    -0.1219   103.0932     5.9201     6.1823    34.8276    34.8267    27.6419    27.6417    7.25993 0.0000e+00
      21622    221.496     4.0678     4.0636   3.257102   3.256645     1.8532     2.2319      7.970    -0.5714     1.8060 1.0715e-01    -0.1215   103.0842     5.9256     6.1832    34.8276    34.8266    27.6419    27.6415    7.25990 0.0000e+00
      21625    221.448     4.0680     4.0636   3.257134   3.256664     1.8536     2.2315      7.973    -0.5714     1.8060 1.0715e-01    -0.1219   103.0932     5.9275     6.1822    34.8277    34.8268    27.6420    27.6417    7.25985 0.0000e+00
      21628    221.406     4.0680     4.0642   3.257110   3.256697     1.8528     2.2319      7.970    -0.5918   241.0885 1.0715e-01    -0.1219   103.0932     5.9219     6.1832    34.8275    34.8266    27.6418    27.6415    7.25987 0.0000e+00
