Datasets/AZMP/TEL210/tel210_2020_030.cnv
* Sea-Bird SBE 9 Data File:
* FileName = C:\CTDDATA\tel210_2020_030.hex
* Software Version Seasave V 7.26.7.110
* Temperature SN = 1697
* Conductivity SN = 4216
* Number of Bytes Per Scan = 30
* Number of Voltage Words = 4
* Number of Scans Averaged by the Deck Unit = 1
* NMEA baud rate = 4800
** VESSEL/TRIP/SEQ STN:  tel210_2020_030
** LATITUDE XX XX.XX: 47 00.00 N
** LONGITUDE XX XX.XX: 044 26.00 W
** SOUNDING DEPTH (M): 0151
** PROBE TYPE: S1146
** CTD NUMBER: 029
** COMMENTS (14 CHAR): FC-28
** BOTTLES:  0
** LEVELS:
** STICKERS:
** VNET: N
** DO2: N
# nquan = 22
# nvalues = 3186                        
# units = specified
# name 0 = scan: Scan Count
# name 1 = prDM: Pressure, Digiquartz [db]
# name 2 = t090C: Temperature [ITS-90, deg C]
# name 3 = t190C: Temperature, 2 [ITS-90, deg C]
# name 4 = c0S/m: Conductivity [S/m]
# name 5 = c1S/m: Conductivity, 2 [S/m]
# name 6 = sbeox0V: Oxygen raw, SBE 43 [V]
# name 7 = sbeox1V: Oxygen raw, SBE 43, 2 [V]
# name 8 = ph: pH
# name 9 = flECO-AFL: Fluorescence, WET Labs ECO-AFL/FL [mg/m^3]
# name 10 = wetCDOM: Fluorescence, WET Labs CDOM [mg/m^3]
# name 11 = par/sat/log: PAR/Logarithmic, Satlantic [umol photons/m^2/sec]
# name 12 = CStarAt0: Beam Attenuation, WET Labs C-Star [1/m]
# name 13 = CStarTr0: Beam Transmission, WET Labs C-Star [%]
# name 14 = sbeox0ML/L: Oxygen, SBE 43 [ml/l], WS = 2
# name 15 = sbeox1ML/L: Oxygen, SBE 43, 2 [ml/l], WS = 2
# name 16 = sal00: Salinity, Practical [PSU]
# name 17 = sal11: Salinity, Practical, 2 [PSU]
# name 18 = sigma-t00: Density [sigma-t, kg/m^3 ]
# name 19 = sigma-t11: Density, 2 [sigma-t, kg/m^3 ]
# name 20 = oxsatML/L: Oxygen Saturation, Weiss [ml/l]
# name 21 = flag: flag
# span 0 =          2,      10918       
# span 1 =      2.362,    147.850       
# span 2 =     3.6893,    11.3640       
# span 3 =     3.6842,    11.3587       
# span 4 =   3.185935,   3.735461       
# span 5 =   3.185512,   3.734765       
# span 6 =     1.8892,     2.4202       
# span 7 =     2.2779,     2.9596       
# span 8 =      7.931,      8.218       
# span 9 =    -0.6121,     4.6992       
# span 10 =    -2.8130,   482.1870      
# span 11 = 1.0690e-01, 1.9004e+00      
# span 12 =    -0.1229,     0.0874      
# span 13 =    97.8392,   103.1204      
# span 14 =     6.0737,     7.8002      
# span 15 =     6.3405,     8.1996      
# span 16 =    32.9874,    34.5170      
# span 17 =    32.9858,    34.5158      
# span 18 =    25.1452,    27.4275      
# span 19 =    25.1444,    27.4271      
# span 20 =    6.21185,    7.34687      
# span 21 = 0.0000e+00, 0.0000e+00      
# interval = scans: 3                   
# start_time = Jul 18 2020 07:21:13 [System UTC, header]
# bad_flag = -9.990e-29
*END*
[from data line 2766]
       9618     39.917     5.2949     5.2958   3.292550   3.292451     2.2835     2.7866      8.126     3.8242     9.1887 1.0715e-01     0.0374    99.0691     7.4842     7.8612    34.0620    34.0598    26.8973    26.8955    7.08244 0.0000e+00
       9621     39.810     5.3028     5.3003   3.293231   3.292857     2.2847     2.7870      8.126     3.8038     6.4646 1.0715e-01     0.0374    99.0691     7.4878     7.8602    34.0617    34.0600    26.8962    26.8952    7.08110 0.0000e+00
       9624     39.705     5.3092     5.3059   3.293786   3.293465     2.2859     2.7898      8.126     3.8140     6.4251 1.0703e-01     0.0374    99.0691     7.4911     7.8678    34.0617    34.0613    26.8954    26.8955    7.08002 0.0000e+00
       9627     39.596     5.3144     5.3118   3.294236   3.294042     2.2863     2.7911      8.129     3.8242     6.4251 1.0715e-01     0.0374    99.0691     7.4913     7.8707    34.0616    34.0620    26.8947    26.8954    7.07914 0.0000e+00
       9630     39.492     5.3252     5.3228   3.295330   3.295130     2.2871     2.7915      8.125     3.8242     6.4251 1.0715e-01     0.0378    99.0600     7.4921     7.8685    34.0632    34.0633    26.8947    26.8951    7.07722 0.0000e+00
       9633     39.389     5.3362     5.3343   3.296307   3.296010     2.2875     2.7919      8.128     3.8445     6.4251 1.0690e-01     0.0418    98.9605     7.4923     7.8656    34.0632    34.0618    26.8935    26.8925    7.07535 0.0000e+00
       9636     39.285     5.3432     5.3421   3.296954   3.296695     2.2892     2.7939      8.130     3.9056     6.4251 1.0715e-01     0.0418    98.9605     7.4980     7.8700    34.0636    34.0617    26.8929    26.8916    7.07414 0.0000e+00
       9639     39.187     5.3545     5.3523   3.297990   3.297723     2.2904     2.7959      8.128     3.9056     6.4251 1.0703e-01     0.0422    98.9515     7.4984     7.8743    34.0640    34.0632    26.8919    26.8915    7.07221 0.0000e+00
       9642     39.087     5.3655     5.3604   3.298974   3.298364     2.2912     2.7963      8.130     3.9158     6.4251 1.0715e-01     0.0418    98.9605     7.4962     7.8720    34.0642    34.0624    26.8907    26.8899    7.07034 0.0000e+00
       9645     38.988     5.3751     5.3710   3.299876   3.299423     2.2924     2.7976      8.130     3.9056     5.1618 1.0703e-01     0.0422    98.9515     7.4970     7.8712    34.0648    34.0638    26.8901    26.8898    7.06869 0.0000e+00
       9648     38.897     5.3859     5.3802   3.300829   3.300098     2.2924     2.7992      8.130     3.9056     2.4377 1.0715e-01     0.0418    98.9605     7.4952     7.8721    34.0648    34.0622    26.8888    26.8874    7.06685 0.0000e+00
       9651     38.810     5.3937     5.3856   3.301400   3.300638     2.2941     2.8008      8.130     3.8954     2.5167 1.0715e-01     0.0444    98.8972     7.5007     7.8760    34.0634    34.0629    26.8868    26.8873    7.06559 0.0000e+00
       9654     38.724     5.3981     5.3925   3.301792   3.301161     2.2945     2.8016      8.130     3.9056     2.5167 1.0715e-01     0.0524    98.6983     7.4992     7.8771    34.0634    34.0619    26.8863    26.8857    7.06484 0.0000e+00
       9657     38.642     5.4051     5.3969   3.302384   3.301568     2.2953     2.8029      8.130     3.9056     2.5167 1.0715e-01     0.0524    98.6983     7.4991     7.8778    34.0632    34.0622    26.8853    26.8855    7.06368 0.0000e+00
       9660     38.563     5.4119     5.4004   3.302995   3.301894     2.2965     2.8041      8.130     4.0684     2.5167 1.0715e-01     0.0528    98.6892     7.4995     7.8770    34.0633    34.0624    26.8845    26.8852    7.06251 0.0000e+00
       9663     38.487     5.4159     5.4038   3.303240   3.302200     2.2969     2.8049      8.133     4.2006     2.5167 1.0715e-01     0.0521    98.7073     7.4992     7.8761    34.0621    34.0625    26.8831    26.8849    7.06189 0.0000e+00
       9666     38.416     5.4167     5.4094   3.303329   3.302691     2.2977     2.8053      8.135     4.1803     2.5167 1.0715e-01     0.0524    98.6983     7.5014     7.8732    34.0623    34.0624    26.8832    26.8841    7.06175 0.0000e+00
       9669     38.348     5.4195     5.4135   3.303586   3.302993     2.2985     2.8065      8.135     4.1905     2.5167 1.0715e-01     0.0521    98.7073     7.5043     7.8734    34.0625    34.0618    26.8829    26.8831    7.06127 0.0000e+00
       9672     38.283     5.4219     5.4148   3.303956   3.303023     2.2997     2.8077      8.135     4.1803     1.0165 1.0715e-01     0.0572    98.5807     7.5085     7.8740    34.0643    34.0608    26.8841    26.8822    7.06078 0.0000e+00
       9675     38.219     5.4313     5.4149   3.304717   3.303045     2.3002     2.8090      8.135     4.1701     0.0690 1.0703e-01     0.0627    98.4451     7.5065     7.8774    34.0635    34.0611    26.8824    26.8824    7.05923 0.0000e+00
       9678     38.159     5.4375     5.4148   3.305489   3.303058     2.3006     2.8098      8.135     4.1905     0.1479 1.0715e-01     0.0627    98.4451     7.5072     7.8804    34.0660    34.0613    26.8837    26.8826    7.05806 0.0000e+00
       9681     38.100     5.4471     5.4134   3.306200   3.302844     2.3022     2.8110      8.136     4.2006     0.1084 1.0715e-01     0.0627    98.4451     7.5114     7.8833    34.0644    34.0603    26.8812    26.8820    7.05651 0.0000e+00
       9684     38.040     5.4483     5.3938   3.306053   3.301383     2.3022     2.8114      8.136     4.1701     0.1479 1.0703e-01     0.0627    98.4451     7.5121     7.8883    34.0616    34.0635    26.8788    26.8868    7.05644 0.0000e+00
       9687     37.984     5.4492     5.3935   3.306250   3.301894     2.3034     2.8118      8.137     4.4550     0.1479 1.0715e-01     0.0623    98.4541     7.5201     7.8918    34.0629    34.0697    26.8798    26.8918    7.05623 0.0000e+00
       9690     37.928     5.4533     5.4137   3.306535   3.303825     2.3034     2.8126      8.136     4.4957     0.1084 1.0715e-01     0.0627    98.4451     7.5216     7.8921    34.0621    34.0713    26.8786    26.8907    7.05558 0.0000e+00
       9693     37.872     5.4551     5.4403   3.306663   3.305588     2.3054     2.8138      8.139     4.5059     0.1479 1.0715e-01     0.0601    98.5084     7.5325     7.8936    34.0617    34.0645    26.8781    26.8821    7.05528 0.0000e+00
       9696     37.820     5.4544     5.4435   3.306618   3.305535     2.3054     2.8147      8.139     4.4855     3.2668 1.0715e-01     0.0594    98.5265     7.5344     7.8994    34.0619    34.0606    26.8784    26.8786    7.05539 0.0000e+00
       9699     37.770     5.4574     5.4424   3.306967   3.305593     2.3063     2.8167      8.139     4.5059   419.0205 1.0715e-01     0.0594    98.5265     7.5398     7.9102    34.0629    34.0625    26.8788    26.8802    7.05484 0.0000e+00
       9702     37.718     5.4626     5.4490   3.307429   3.306226     2.3071     2.8171      8.139     4.5059   481.5553 1.0715e-01     0.0594    98.5265     7.5412     7.9138    34.0629    34.0630    26.8782    26.8799    7.05396 0.0000e+00
       9705     37.665     5.4640     5.4564   3.307519   3.306747     2.3079     2.8171      8.139     4.4855   481.0816 1.0715e-01     0.0594    98.5265     7.5448     7.9150    34.0626    34.0614    26.8778    26.8777    7.05374 0.0000e+00
       9708     37.610     5.4655     5.4584   3.307592   3.306956     2.3095     2.8192      8.139     4.5059   481.3579 1.0715e-01     0.0594    98.5265     7.5527     7.9246    34.0619    34.0618    26.8771    26.8778    7.05352 0.0000e+00
       9711     37.553     5.4624     5.4596   3.307283   3.306971     2.3107     2.8208      8.139     4.5160   481.3184 1.0715e-01     0.0598    98.5174     7.5577     7.9337    34.0615    34.0608    26.8771    26.8769    7.05405 0.0000e+00
       9714     37.494     5.4624     5.4586   3.307390   3.306826     2.3124     2.8224      8.139     4.6789   481.3579 1.0703e-01     0.0583    98.5536     7.5636     7.9400    34.0628    34.0602    26.8781    26.8765    7.05400 0.0000e+00
       9717     37.430     5.4669     5.4579   3.307760   3.306877     2.3128     2.8240      8.139     4.6890   481.3184 1.0715e-01     0.0583    98.5536     7.5642     7.9448    34.0625    34.0615    26.8773    26.8776    7.05326 0.0000e+00
       9720     37.363     5.4665     5.4585   3.307669   3.306908     2.3136     2.8253      8.139     4.6890   481.3579 1.0715e-01     0.0583    98.5536     7.5690     7.9489    34.0619    34.0614    26.8769    26.8774    7.05335 0.0000e+00
       9723     37.293     5.4688     5.4612   3.307968   3.307221     2.3136     2.8265      8.139     4.6992   400.3074 1.0703e-01     0.0583    98.5536     7.5670     7.9551    34.0630    34.0622    26.8775    26.8778    7.05290 0.0000e+00
       9726     37.221     5.4714     5.4661   3.308157   3.307577     2.3144     2.8269      8.139     4.6890     5.7540 1.0715e-01     0.0583    98.5536     7.5672     7.9585    34.0626    34.0613    26.8769    26.8765    7.05249 0.0000e+00
       9729     37.146     5.4736     5.4663   3.308411   3.307624     2.3160     2.8281      8.141     4.6992     1.1744 1.0715e-01     0.0583    98.5536     7.5712     7.9649    34.0633    34.0617    26.8771    26.8768    7.05209 0.0000e+00
       9732     37.067     5.4819     5.4710   3.309113   3.308204     2.3168     2.8301      8.139     4.6992     2.5956 1.0715e-01     0.0605    98.4993     7.5719     7.9716    34.0629    34.0636    26.8759    26.8777    7.05070 0.0000e+00
       9735     36.985     5.4899     5.4709   3.309830   3.308082     2.3173     2.8318      8.139     4.6992     2.5167 1.0715e-01     0.0664    98.3547     7.5727     7.9791    34.0630    34.0624    26.8750    26.8768    7.04935 0.0000e+00
       9738     36.896     5.4964     5.4754   3.310133   3.308548     2.3181     2.8318      8.139     4.5568     2.5167 1.0715e-01     0.0660    98.3637     7.5761     7.9804    34.0600    34.0631    26.8718    26.8768    7.04840 0.0000e+00
       9741     36.807     5.4877     5.4741   3.309603   3.308033     2.3197     2.8326      8.139     4.3634     2.5167 1.0715e-01     0.0664    98.3547     7.5881     7.9879    34.0627    34.0587    26.8750    26.8734    7.04973 0.0000e+00
       9744     36.713     5.4991     5.4782   3.310569   3.309215     2.3205     2.8350      8.139     4.3736     2.5167 1.0715e-01     0.0660    98.3637     7.5921     7.9980    34.0623    34.0680    26.8733    26.8803    7.04783 0.0000e+00
       9747     36.614     5.5056     5.4963   3.311386   3.310652     2.3213     2.8375      8.139     4.3634     2.5167 1.0715e-01     0.0660    98.3637     7.5970     8.0068    34.0651    34.0661    26.8747    26.8767    7.04661 0.0000e+00
       9750     36.516     5.5281     5.5186   3.313327   3.312617     2.3213     2.8387      8.139     4.3532     1.0560 1.0703e-01     0.0660    98.3637     7.5942     8.0109    34.0644    34.0659    26.8714    26.8738    7.04284 0.0000e+00
       9753     36.412     5.5693     5.5512   3.317282   3.315382     2.3233     2.8411      8.143     4.3532    -0.9180 1.0715e-01     0.0642    98.4089     7.5972     8.0139    34.0677    34.0644    26.8691    26.8687    7.03575 0.0000e+00
       9756     36.304     5.6230     5.6098   3.320957   3.320187     2.3242     2.8424      8.142     4.3634    -0.7996 1.0703e-01     0.0616    98.4722     7.5952     8.0074    34.0553    34.0599    26.8528    26.8580    7.02731 0.0000e+00
       9759     36.196     5.6754     5.6630   3.323737   3.322841     2.3246     2.8432      8.143     4.3532    -0.7996 1.0703e-01     0.0616    98.4722     7.5889     8.0024    34.0339    34.0363    26.8295    26.8329    7.01952 0.0000e+00
       9762     36.085     5.6995     5.6919   3.324759   3.324059     2.3262     2.8456      8.143     4.3634    -0.7996 1.0690e-01     0.0616    98.4722     7.5935     8.0062    34.0212    34.0209    26.8165    26.8172    7.01606 0.0000e+00
       9765     35.970     5.7072     5.6994   3.324987   3.324275     2.3278     2.8476      8.143     3.8649    -0.7996 1.0715e-01     0.0620    98.4632     7.6013     8.0099    34.0161    34.0159    26.8115    26.8123    7.01501 0.0000e+00
       9768     35.849     5.7092     5.7028   3.324924   3.324310     2.3286     2.8485      8.143     3.5495    -0.7996 1.0715e-01     0.0616    98.4722     7.6082     8.0089    34.0134    34.0129    26.8092    26.8095    7.01480 0.0000e+00
       9771     35.727     5.7077     5.7023   3.324806   3.324156     2.3299     2.8509      8.143     3.5596    -0.7996 1.0715e-01     0.0616    98.4722     7.6155     8.0140    34.0137    34.0117    26.8095    26.8087    7.01504 0.0000e+00
       9774     35.604     5.7089     5.7020   3.324793   3.324070     2.3315     2.8529      8.143     3.5698    -0.7996 1.0703e-01     0.0642    98.4089     7.6232     8.0163    34.0123    34.0111    26.8083    26.8082    7.01489 0.0000e+00
       9777     35.475     5.7091     5.7016   3.324738   3.324029     2.3327     2.8537      8.143     3.5698     0.1084 1.0715e-01     0.0642    98.4089     7.6269     8.0145    34.0116    34.0110    26.8078    26.8082    7.01490 0.0000e+00
       9780     35.343     5.7089     5.7029   3.324652   3.323980     2.3339     2.8562      8.143     3.5596     0.5032 1.0715e-01     0.0645    98.3998     7.6328     8.0194    34.0109    34.0093    26.8072    26.8066    7.01497 0.0000e+00
       9783     35.210     5.7081     5.7020   3.324498   3.323827     2.3348     2.8570      8.145     3.5596     0.5032 1.0715e-01     0.0645    98.3998     7.6358     8.0180    34.0100    34.0086    26.8065    26.8062    7.01513 0.0000e+00
       9786     35.078     5.7076     5.7017   3.324402   3.323796     2.3360     2.8582      8.145     3.5698     0.5032 1.0715e-01     0.0649    98.3908     7.6383     8.0158    34.0095    34.0086    26.8063    26.8062    7.01525 0.0000e+00
       9789     34.948     5.7075     5.7019   3.324337   3.323749     2.3380     2.8607      8.145     3.5494     0.5032 1.0703e-01     0.0642    98.4089     7.6436     8.0181    34.0089    34.0079    26.8058    26.8057    7.01529 0.0000e+00
       9792     34.816     5.7071     5.7016   3.324207   3.323633     2.3384     2.8611      8.145     2.9084     0.5032 1.0715e-01     0.0653    98.3818     7.6424     8.0132    34.0079    34.0070    26.8050    26.8050    7.01540 0.0000e+00
       9795     34.682     5.7060     5.7007   3.324034   3.323442     2.3400     2.8619      8.146     2.8270     0.5032 1.0715e-01     0.0664    98.3547     7.6444     8.0091    34.0071    34.0058    26.8045    26.8041    7.01562 0.0000e+00
       9798     34.548     5.7053     5.6999   3.323907   3.323330     2.3409     2.8627      8.148     2.8270     0.5032 1.0715e-01     0.0660    98.3637     7.6448     8.0069    34.0065    34.0054    26.8041    26.8039    7.01577 0.0000e+00
       9801     34.415     5.7042     5.6994   3.323802   3.323244     2.3421     2.8639      8.148     2.8270    27.1516 1.0715e-01     0.0660    98.3637     7.6464     8.0050    34.0064    34.0050    26.8042    26.8037    7.01595 0.0000e+00
       9804     34.288     5.7042     5.6991   3.323754   3.323178     2.3433     2.8656      8.148     2.8372   447.3270 1.0715e-01     0.0664    98.3547     7.6481     8.0039    34.0059    34.0046    26.8038    26.8034    7.01597 0.0000e+00
       9807     34.167     5.7042     5.6990   3.323688   3.323126     2.3445     2.8664      8.148     2.8474   481.4369 1.0715e-01     0.0660    98.3637     7.6473     8.0025    34.0053    34.0042    26.8033    26.8031    7.01601 0.0000e+00
       9810     34.051     5.7039     5.6989   3.323619   3.323014     2.3449     2.8668      8.148     2.8270   481.1605 1.0715e-01     0.0664    98.3547     7.6440     8.0007    34.0048    34.0030    26.8031    26.8022    7.01608 0.0000e+00
