Datasets/AZMP/TEL210/tel210_2020_057.cnv
* Sea-Bird SBE 9 Data File:
* FileName = C:\CTDDATA\tel210_2020_057.hex
* Software Version Seasave V 7.26.7.110
* Temperature SN = 1697
* Conductivity SN = 4216
* Number of Bytes Per Scan = 30
* Number of Voltage Words = 4
* Number of Scans Averaged by the Deck Unit = 1
** VESSEL/TRIP/SEQ STN:  tel210_2020_057
** LATITUDE XX XX.XX: 48 48.00 N
** LONGITUDE XX XX.XX: 052 45.00 W
** SOUNDING DEPTH (M): 0178
** PROBE TYPE: S1146
** CTD NUMBER: 047
** COMMENTS (14 CHAR): BB-02
** BOTTLES:  0
** LEVELS:
** STICKERS:
** VNET: N
** DO2: N
# nquan = 22
# nvalues = 3647                        
# units = specified
# name 0 = scan: Scan Count
# name 1 = prDM: Pressure, Digiquartz [db]
# name 2 = t090C: Temperature [ITS-90, deg C]
# name 3 = t190C: Temperature, 2 [ITS-90, deg C]
# name 4 = c0S/m: Conductivity [S/m]
# name 5 = c1S/m: Conductivity, 2 [S/m]
# name 6 = sbeox0V: Oxygen raw, SBE 43 [V]
# name 7 = sbeox1V: Oxygen raw, SBE 43, 2 [V]
# name 8 = ph: pH
# name 9 = flECO-AFL: Fluorescence, WET Labs ECO-AFL/FL [mg/m^3]
# name 10 = wetCDOM: Fluorescence, WET Labs CDOM [mg/m^3]
# name 11 = par/sat/log: PAR/Logarithmic, Satlantic [umol photons/m^2/sec]
# name 12 = CStarAt0: Beam Attenuation, WET Labs C-Star [1/m]
# name 13 = CStarTr0: Beam Transmission, WET Labs C-Star [%]
# name 14 = sbeox0ML/L: Oxygen, SBE 43 [ml/l], WS = 2
# name 15 = sbeox1ML/L: Oxygen, SBE 43, 2 [ml/l], WS = 2
# name 16 = sal00: Salinity, Practical [PSU]
# name 17 = sal11: Salinity, Practical, 2 [PSU]
# name 18 = sigma-t00: Density [sigma-t, kg/m^3 ]
# name 19 = sigma-t11: Density, 2 [sigma-t, kg/m^3 ]
# name 20 = oxsatML/L: Oxygen Saturation, Weiss [ml/l]
# name 21 = flag: flag
# span 0 =          2,      12830       
# span 1 =      0.120,    169.535       
# span 2 =    -1.4185,    11.6135       
# span 3 =    -1.4237,    11.6113       
# span 4 =   2.504036,   3.619250       
# span 5 =   2.620697,   3.621407       
# span 6 =     1.9365,     2.5823       
# span 7 =     2.3374,     3.1392       
# span 8 =      7.957,      8.297       
# span 9 =     0.5394,     3.5976       
# span 10 =    -2.8130,   482.1870      
# span 11 = 1.0715e-01, 1.8570e+03      
# span 12 =    -0.1446,     0.1594      
# span 13 =    96.0938,   103.6811      
# span 14 =     5.8165,     9.4470      
# span 15 =     5.7560,     9.9717      
# span 16 =    21.0775,    33.0969      
# span 17 =    24.1088,    33.0838      
# span 18 =    15.8678,    26.6062      
# span 19 =    18.2159,    26.5954      
# span 20 =    6.23170,    8.48871      
# span 21 = 0.0000e+00, 0.0000e+00      
# interval = scans: 3                   
# start_time = Jul 21 2020 18:17:09 [System UTC, header]
# bad_flag = -9.990e-29
*END*
[from data line 1778]
       6407    169.499    -0.8612    -0.8571   2.697420   2.696787     1.9394     2.3394      7.960     0.7616     1.3323 1.0740e-01    -0.1194   103.0299     7.3049     7.5760    33.0969    33.0838    26.6062    26.5954    8.34105 0.0000e+00
       6410    169.535    -0.8464    -0.8392   2.698320   2.698143     1.9390     2.3403      7.958     0.7510     1.3323 1.0752e-01    -0.1194   103.0299     7.2960     7.5798    33.0927    33.0825    26.6022    26.5937    8.33794 0.0000e+00
       6423    169.531    -0.8541    -0.8632   2.695010   2.695269     1.9394     2.3386      7.958     0.7299     1.3323 1.0752e-01    -0.1247   103.1656     7.3006     7.5910    33.0565    33.0700    26.5732    26.5845    8.34176 0.0000e+00
       6426    169.500    -0.8545    -0.8761   2.696320   2.693707     1.9386     2.3390      7.958     0.7299     2.1219 1.0752e-01    -0.1247   103.1656     7.2941     7.5972    33.0747    33.0630    26.5879    26.5792    8.34081 0.0000e+00
       6429    169.455    -0.8497    -0.8902   2.696417   2.692362     1.9381     2.3378      7.958     0.7405     5.3592 1.0715e-01    -0.1247   103.1656     7.2908     7.5949    33.0708    33.0603    26.5846    26.5775    8.33996 0.0000e+00
       6432    169.401    -0.8585    -0.8988   2.694270   2.691938     1.9386     2.3386      7.958     0.7405     5.2407 1.0715e-01    -0.1247   103.1656     7.3009     7.5999    33.0514    33.0641    26.5692    26.5809    8.34305 0.0000e+00
       6435    169.338    -0.8714    -0.9020   2.693296   2.691811     1.9381     2.3386      7.957     0.7405     5.2407 1.0715e-01    -0.1240   103.1475     7.3046     7.6046    33.0524    33.0659    26.5704    26.5825    8.34590 0.0000e+00
       6438    169.268    -0.8798    -0.9031   2.692964   2.691576     1.9381     2.3382      7.960     0.7299     5.2407 1.0727e-01    -0.1236   103.1385     7.3089     7.6073    33.0572    33.0639    26.5746    26.5809    8.34753 0.0000e+00
       6441    169.191    -0.8851    -0.9107   2.692481   2.690503     1.9390     2.3382      7.957     0.7299     5.2407 1.0752e-01    -0.1236   103.1385     7.3182     7.6121    33.0565    33.0579    26.5743    26.5763    8.34877 0.0000e+00
       6444    169.108    -0.8938    -0.9210   2.690893   2.689483     1.9386     2.3382      7.959     0.7405     5.2407 1.0752e-01    -0.1240   103.1475     7.3144     7.6189    33.0446    33.0554    26.5649    26.5746    8.35141 0.0000e+00
       6447    169.023    -0.9032    -0.9264   2.690786   2.689190     1.9381     2.3386      7.959     0.7405     5.2407 1.0752e-01    -0.1236   103.1385     7.3139     7.6207    33.0535    33.0574    26.5725    26.5765    8.35303 0.0000e+00
       6450    168.935    -0.9034    -0.9245   2.691833   2.689580     1.9373     2.3382      7.957     0.7405     5.2407 1.0752e-01    -0.1236   103.1385     7.3124     7.6212    33.0679    33.0606    26.5841    26.5790    8.35225 0.0000e+00
       6453    168.849    -0.9019    -0.9234   2.691318   2.689549     1.9386     2.3374      7.960     0.7299     4.5696 1.0752e-01    -0.1236   103.1385     7.3201     7.6219    33.0594    33.0590    26.5772    26.5777    8.35240 0.0000e+00
       6456    168.765    -0.9058    -0.9228   2.690532   2.689615     1.9394     2.3382      7.957     0.7299     3.8195 1.0752e-01    -0.1233   103.1294     7.3229     7.6262    33.0530    33.0594    26.5722    26.5779    8.35365 0.0000e+00
       6459    168.680    -0.9091    -0.9228   2.690388   2.689562     1.9386     2.3382      7.959     0.7299     3.8195 1.0752e-01    -0.1236   103.1385     7.3183     7.6285    33.0548    33.0587    26.5737    26.5774    8.35429 0.0000e+00
       6462    168.600    -0.9135    -0.9228   2.689435   2.689533     1.9390     2.3386      7.960     0.7405     3.8195 1.0752e-01    -0.1236   103.1385     7.3193     7.6316    33.0467    33.0584    26.5674    26.5771    8.35575 0.0000e+00
       6465    168.524    -0.9198    -0.9255   2.688935   2.689179     1.9386     2.3382      7.960     0.7405     3.8195 1.0752e-01    -0.1233   103.1294     7.3182     7.6321    33.0470    33.0565    26.5678    26.5757    8.35717 0.0000e+00
       6468    168.458    -0.9235    -0.9281   2.689026   2.688859     1.9365     2.3394      7.959     0.7299     3.8195 1.0752e-01    -0.1236   103.1385     7.3098     7.6395    33.0524    33.0551    26.5723    26.5746    8.35771 0.0000e+00
       6471    168.402    -0.9238    -0.9310   2.689400   2.688607     1.9377     2.3382      7.960     0.7299     3.8195 1.0752e-01    -0.1229   103.1204     7.3156     7.6369    33.0577    33.0549    26.5766    26.5746    8.35745 0.0000e+00
       6474    168.352    -0.9222    -0.9331   2.689649   2.688381     1.9390     2.3391      7.960     0.7405     3.8195 1.0740e-01    -0.1233   103.1294     7.3203     7.6438    33.0594    33.0542    26.5779    26.5741    8.35701 0.0000e+00
       6477    168.305    -0.9204    -0.9347   2.689726   2.688275     1.9381     2.3395      7.960     0.7299     3.8195 1.0752e-01    -0.1229   103.1204     7.3108     7.6474    33.0584    33.0545    26.5771    26.5744    8.35664 0.0000e+00
       6480    168.266    -0.9193    -0.9359   2.689741   2.688174     1.9377     2.3395      7.960     0.7405     2.9904 1.0752e-01    -0.1229   103.1204     7.3106     7.6433    33.0575    33.0545    26.5763    26.5745    8.35645 0.0000e+00
       6570    168.225    -0.9157    -0.9326   2.689984   2.688439     1.9373     2.3395      7.960     0.7405     2.7535 1.0740e-01    -0.1240   103.1475     7.3203     7.6387    33.0569    33.0546    26.5757    26.5744    8.35568 0.0000e+00
       6616    168.160    -0.9145    -0.9326   2.690113   2.688477     1.9377     2.3391      7.960     0.7616     2.7535 1.0752e-01    -0.1240   103.1475     7.3263     7.6346    33.0573    33.0550    26.5760    26.5748    8.35538 0.0000e+00
       6619    168.101    -0.9146    -0.9333   2.690104   2.688459     1.9377     2.3391      7.959     0.7616     2.7535 1.0752e-01    -0.1247   103.1656     7.3236     7.6329    33.0574    33.0556    26.5760    26.5752    8.35540 0.0000e+00
       6622    168.046    -0.9148    -0.9336   2.689996   2.688386     1.9386     2.3395      7.962     0.7616     2.7535 1.0752e-01    -0.1247   103.1656     7.3303     7.6315    33.0561    33.0550    26.5750    26.5747    8.35551 0.0000e+00
       6625    167.997    -0.9154    -0.9339   2.689860   2.688386     1.9377     2.3391      7.960     0.7722     2.7535 1.0752e-01    -0.1247   103.1656     7.3280     7.6274    33.0550    33.0553    26.5741    26.5750    8.35571 0.0000e+00
       6628    167.958    -0.9166    -0.9338   2.689768   2.688345     1.9369     2.3395      7.959     0.7616     2.7535 1.0752e-01    -0.1247   103.1656     7.3273     7.6287    33.0551    33.0547    26.5742    26.5745    8.35597 0.0000e+00
       6631    167.925    -0.9177    -0.9341   2.689689   2.688341     1.9373     2.3395      7.960     0.7616     2.7535 1.0752e-01    -0.1247   103.1656     7.3301     7.6267    33.0553    33.0550    26.5744    26.5748    8.35622 0.0000e+00
       6634    167.894    -0.9188    -0.9343   2.689592   2.688326     1.9377     2.3395      7.960     0.7616     2.7535 1.0752e-01    -0.1247   103.1656     7.3265     7.6256    33.0551    33.0550    26.5743    26.5748    8.35647 0.0000e+00
       6637    167.868    -0.9195    -0.9339   2.689516   2.688389     1.9377     2.3395      7.962     0.7510     1.6087 1.0752e-01    -0.1240   103.1475     7.3288     7.6258    33.0549    33.0555    26.5742    26.5751    8.35664 0.0000e+00
       6652    167.788    -0.9240    -0.9266   2.689039   2.689153     1.9381     2.3395      7.962     0.7616     1.3718 1.0740e-01    -0.1236   103.1385     7.3278     7.6255    33.0535    33.0578    26.5732    26.5768    8.35776 0.0000e+00
       6679    167.649    -0.9307    -0.9107   2.688457   2.690737     1.9386     2.3386      7.962     0.7510     1.5692 1.0752e-01    -0.1247   103.1656     7.3283     7.6231    33.0530    33.0619    26.5731    26.5796    8.35930 0.0000e+00
       6682    167.624    -0.9307    -0.9126   2.688556   2.690341     1.9377     2.3391      7.960     0.7722     1.5692 1.0752e-01    -0.1247   103.1656     7.3233     7.6276    33.0543    33.0587    26.5741    26.5770    8.35921 0.0000e+00
       6685    167.594    -0.9303    -0.9178   2.688556   2.689879     1.9377     2.3395      7.960     0.7616     1.5692 1.0752e-01    -0.1247   103.1656     7.3233     7.6330    33.0539    33.0582    26.5738    26.5768    8.35915 0.0000e+00
       6688    167.556    -0.9301    -0.9257   2.688659   2.689318     1.9377     2.3391      7.962     0.7510     1.4507 1.0752e-01    -0.1247   103.1656     7.3240     7.6344    33.0551    33.0592    26.5747    26.5779    8.35904 0.0000e+00
       6691    167.512    -0.9305    -0.9264   2.688584   2.689321     1.9381     2.3382      7.962     0.7616     1.3323 1.0752e-01    -0.1247   103.1656     7.3259     7.6289    33.0546    33.0601    26.5743    26.5787    8.35916 0.0000e+00
       6694    167.458    -0.9314    -0.9239   2.688482   2.689625     1.9373     2.3395      7.962     0.7616     1.3323 1.0752e-01    -0.1247   103.1656     7.3215     7.6319    33.0542    33.0615    26.5741    26.5796    8.35939 0.0000e+00
       6697    167.396    -0.9317    -0.9182   2.688483   2.690127     1.9386     2.3391      7.962     0.7510     1.3323 1.0752e-01    -0.1243   103.1566     7.3295     7.6283    33.0546    33.0621    26.5743    26.5800    8.35943 0.0000e+00
       6700    167.325    -0.9309    -0.9165   2.688538   2.690074     1.9377     2.3403      7.962     0.7722     1.3323 1.0752e-01    -0.1247   103.1656     7.3223     7.6353    33.0545    33.0595    26.5743    26.5778    8.35926 0.0000e+00
       6703    167.248    -0.9312    -0.9206   2.688224   2.689435     1.9381     2.3403      7.962     0.7510     1.3323 1.0740e-01    -0.1247   103.1656     7.3263     7.6385    33.0506    33.0555    26.5711    26.5747    8.35955 0.0000e+00
       6706    167.165    -0.9332    -0.9294   2.687907   2.688478     1.9381     2.3399      7.962     0.7616     1.3323 1.0752e-01    -0.1247   103.1656     7.3256     7.6355    33.0486    33.0522    26.5696    26.5723    8.36012 0.0000e+00
       6709    167.076    -0.9349    -0.9362   2.687844   2.687979     1.9373     2.3395      7.962     0.7405     1.3323 1.0752e-01    -0.1247   103.1656     7.3217     7.6370    33.0496    33.0529    26.5704    26.5731    8.36044 0.0000e+00
       6712    166.976    -0.9362    -0.9382   2.687769   2.687797     1.9381     2.3395      7.962     0.7299     1.3323 1.0752e-01    -0.1247   103.1656     7.3262     7.6395    33.0501    33.0527    26.5709    26.5730    8.36071 0.0000e+00
       6715    166.870    -0.9371    -0.9407   2.687685   2.687538     1.9377     2.3395      7.962     0.7299     2.2008 1.0752e-01    -0.1247   103.1656     7.3244     7.6387    33.0500    33.0520    26.5708    26.5725    8.36091 0.0000e+00
       6718    166.758    -0.9375    -0.9420   2.687630   2.687486     1.9386     2.3403      7.962     0.7299     2.8720 1.0740e-01    -0.1243   103.1566     7.3287     7.6400    33.0498    33.0527    26.5707    26.5732    8.36103 0.0000e+00
       6721    166.640    -0.9377    -0.9418   2.687657   2.687478     1.9377     2.3403      7.962     0.7299     2.8720 1.0752e-01    -0.1247   103.1656     7.3233     7.6394    33.0504    33.0525    26.5712    26.5731    8.36103 0.0000e+00
       6724    166.517    -0.9371    -0.9417   2.687739   2.687453     1.9377     2.3403      7.962     0.7299     2.8720 1.0752e-01    -0.1247   103.1656     7.3290     7.6367    33.0509    33.0522    26.5716    26.5728    8.36086 0.0000e+00
       6727    166.398    -0.9369    -0.9418   2.687719   2.687434     1.9377     2.3399      7.962     0.7299     2.8720 1.0752e-01    -0.1247   103.1656     7.3300     7.6350    33.0505    33.0521    26.5713    26.5726    8.36084 0.0000e+00
       6730    166.270    -0.9366    -0.9406   2.687666   2.687654     1.9373     2.3399      7.962     0.7405     2.8720 1.0752e-01    -0.1240   103.1475     7.3286     7.6356    33.0496    33.0538    26.5704    26.5741    8.36083 0.0000e+00
       6733    166.138    -0.9370    -0.9391   2.687617   2.687675     1.9386     2.3407      7.962     0.7299     2.8720 1.0752e-01    -0.1243   103.1566     7.3352     7.6370    33.0495    33.0525    26.5704    26.5730    8.36093 0.0000e+00
       6736    166.005    -0.9372    -0.9406   2.687581   2.687408     1.9377     2.3407      7.962     0.7616     2.8720 1.0752e-01    -0.1243   103.1566     7.3287     7.6364    33.0492    33.0507    26.5702    26.5715    8.36098 0.0000e+00
       6739    165.869    -0.9376    -0.9425   2.687533   2.687269     1.9381     2.3407      7.962     0.7616     2.8720 1.0752e-01    -0.1243   103.1566     7.3285     7.6353    33.0491    33.0510    26.5701    26.5718    8.36108 0.0000e+00
       6742    165.743    -0.9379    -0.9431   2.687508   2.687239     1.9377     2.3407      7.962     0.7405     4.0169 1.0752e-01    -0.1247   103.1656     7.3245     7.6330    33.0492    33.0513    26.5702    26.5721    8.36116 0.0000e+00
       6745    165.618    -0.9381    -0.9430   2.687498   2.687199     1.9386     2.3407      7.960     0.7510     4.1748 1.0752e-01    -0.1247   103.1656     7.3298     7.6335    33.0493    33.0507    26.5703    26.5716    8.36119 0.0000e+00
       6748    165.499    -0.9380    -0.9429   2.687497   2.687214     1.9390     2.3395      7.960     0.7616     4.1748 1.0752e-01    -0.1247   103.1656     7.3296     7.6284    33.0493    33.0508    26.5703    26.5717    8.36116 0.0000e+00
       6751    165.383    -0.9378    -0.9425   2.687493   2.687235     1.9381     2.3407      7.962     0.7616     4.1748 1.0752e-01    -0.1247   103.1656     7.3250     7.6338    33.0491    33.0508    26.5702    26.5716    8.36113 0.0000e+00
       6754    165.272    -0.9377    -0.9427   2.687480   2.687164     1.9381     2.3403      7.962     0.7510     4.1748 1.0752e-01    -0.1247   103.1656     7.3197     7.6309    33.0489    33.0501    26.5699    26.5711    8.36112 0.0000e+00
       6757    165.163    -0.9377    -0.9432   2.687462   2.687099     1.9381     2.3403      7.962     0.7616     4.1748 1.0752e-01    -0.1247   103.1656     7.3155     7.6310    33.0487    33.0498    26.5698    26.5709    8.36113 0.0000e+00
       6760    165.065    -0.9377    -0.9437   2.687417   2.687021     1.9377     2.3407      7.962     0.7510     4.1748 1.0752e-01    -0.1243   103.1566     7.3144     7.6338    33.0482    33.0494    26.5694    26.5706    8.36117 0.0000e+00
       6763    164.973    -0.9380    -0.9446   2.687357   2.686903     1.9377     2.3407      7.962     0.7510     4.1748 1.0752e-01    -0.1243   103.1566     7.3143     7.6367    33.0478    33.0489    26.5691    26.5702    8.36126 0.0000e+00
       6766    164.887    -0.9381    -0.9453   2.687319   2.686807     1.9377     2.3403      7.960     0.7616     4.2932 1.0752e-01    -0.1243   103.1566     7.3167     7.6356    33.0474    33.0483    26.5687    26.5697    8.36130 0.0000e+00
       6769    164.807    -0.9387    -0.9470   2.687158   2.686560     1.9381     2.3407      7.962     0.7616     5.0038 1.0752e-01    -0.1240   103.1475     7.3186     7.6373    33.0459    33.0469    26.5675    26.5687    8.36151 0.0000e+00
       6772    164.735    -0.9399    -0.9503   2.687025   2.686203     1.9377     2.3407      7.962     0.7616     5.0038 1.0752e-01    -0.1240   103.1475     7.3234     7.6369    33.0455    33.0457    26.5673    26.5678    8.36182 0.0000e+00
       6775    164.673    -0.9408    -0.9526   2.687004   2.685991     1.9377     2.3407      7.962     0.7828     5.0038 1.0752e-01    -0.1243   103.1566     7.3268     7.6352    33.0461    33.0454    26.5678    26.5676    8.36198 0.0000e+00
