Datasets/AZMP/TEL210/tel210_2020_088.cnv
* Sea-Bird SBE 9 Data File:
* FileName = C:\CTDDATA\tel210_2020_088.hex
* Software Version Seasave V 7.26.7.110
* Temperature SN = 1697
* Conductivity SN = 4216
* Number of Bytes Per Scan = 30
* Number of Voltage Words = 4
* Number of Scans Averaged by the Deck Unit = 1
* NMEA baud rate = 4800
** VESSEL/TRIP/SEQ STN:  tel210_2020_088
** LATITUDE XX XX.XX: 53 55.00 N
** LONGITUDE XX XX.XX: 054 30.00 W
** SOUNDING DEPTH (M): 0169
** PROBE TYPE: S1146
** CTD NUMBER: 058
** COMMENTS (14 CHAR): SI-07
** BOTTLES:  0
** LEVELS:
** STICKERS:
** VNET: N
** DO2: N
# nquan = 22
# nvalues = 3925                        
# units = specified
# name 0 = scan: Scan Count
# name 1 = prDM: Pressure, Digiquartz [db]
# name 2 = t090C: Temperature [ITS-90, deg C]
# name 3 = t190C: Temperature, 2 [ITS-90, deg C]
# name 4 = c0S/m: Conductivity [S/m]
# name 5 = c1S/m: Conductivity, 2 [S/m]
# name 6 = sbeox0V: Oxygen raw, SBE 43 [V]
# name 7 = sbeox1V: Oxygen raw, SBE 43, 2 [V]
# name 8 = ph: pH
# name 9 = flECO-AFL: Fluorescence, WET Labs ECO-AFL/FL [mg/m^3]
# name 10 = wetCDOM: Fluorescence, WET Labs CDOM [mg/m^3]
# name 11 = par/sat/log: PAR/Logarithmic, Satlantic [umol photons/m^2/sec]
# name 12 = CStarAt0: Beam Attenuation, WET Labs C-Star [1/m]
# name 13 = CStarTr0: Beam Transmission, WET Labs C-Star [%]
# name 14 = sbeox0ML/L: Oxygen, SBE 43 [ml/l], WS = 2
# name 15 = sbeox1ML/L: Oxygen, SBE 43, 2 [ml/l], WS = 2
# name 16 = sal00: Salinity, Practical [PSU]
# name 17 = sal11: Salinity, Practical, 2 [PSU]
# name 18 = sigma-t00: Density [sigma-t, kg/m^3 ]
# name 19 = sigma-t11: Density, 2 [sigma-t, kg/m^3 ]
# name 20 = oxsatML/L: Oxygen Saturation, Weiss [ml/l]
# name 21 = flag: flag
# span 0 =         23,      13468       
# span 1 =      2.007,    168.051       
# span 2 =    -0.6544,     9.9796       
# span 3 =    -0.6518,     9.9762       
# span 4 =   2.705271,   3.539735       
# span 5 =   2.705693,   3.539438       
# span 6 =     1.8831,     2.6328       
# span 7 =     2.2632,     3.2242       
# span 8 =      7.925,      8.273       
# span 9 =     0.6558,     2.9838       
# span 10 =    -2.8130,   482.1870      
# span 11 = 1.0678e-01, 6.7697e+00      
# span 12 =    -0.1456,     0.1930      
# span 13 =    95.2890,   103.7082      
# span 14 =     6.5172,    10.2043      
# span 15 =     6.6530,    10.8380      
# span 16 =    32.0566,    34.0431      
# span 17 =    32.1442,    34.0459      
# span 18 =    24.8056,    27.2509      
# span 19 =    24.8117,    27.2532      
# span 20 =    6.43146,    8.29202      
# span 21 = 0.0000e+00, 0.0000e+00      
# interval = scans: 3                   
# start_time = Jul 25 2020 08:12:10 [System UTC, header]
# bad_flag = -9.990e-29
*END*
[from data line 1449]
       4798    149.460     0.9796     0.9737   2.912549   2.912151     1.9890     2.3952      7.981     0.7616     0.5822 1.0752e-01    -0.1383   103.5183     7.0753     7.3450    33.9323    33.9336    27.1882    27.1896    7.89747 0.0000e+00
       4801    149.536     0.9825     0.9759   2.912920   2.912465     1.9890     2.3943      7.981     0.7616     0.9770 1.0752e-01    -0.1387   103.5273     7.0769     7.3408    33.9338    33.9352    27.1892    27.1908    7.89678 0.0000e+00
       4804    149.616     0.9863     0.9793   2.913345   2.912910     1.9886     2.3939      7.982     0.7722     0.9770 1.0752e-01    -0.1394   103.5454     7.0739     7.3363    33.9351    33.9371    27.1900    27.1921    7.89594 0.0000e+00
       4807    149.700     0.9902     0.9842   2.913793   2.913426     1.9890     2.3935      7.979     0.7616     0.9770 1.0752e-01    -0.1394   103.5454     7.0755     7.3327    33.9366    33.9384    27.1910    27.1928    7.89505 0.0000e+00
       4810    149.783     0.9934     0.9879   2.914143   2.913780     1.9886     2.3935      7.979     0.7616     0.9770 1.0752e-01    -0.1394   103.5454     7.0744     7.3355    33.9376    33.9389    27.1915    27.1930    7.89434 0.0000e+00
       4813    149.863     0.9967     0.9911   2.914521   2.914136     1.9882     2.3943      7.981     0.7828     0.9770 1.0752e-01    -0.1394   103.5454     7.0716     7.3379    33.9388    33.9399    27.1923    27.1936    7.89361 0.0000e+00
       4816    149.948     1.0002     0.9941   2.915107   2.914547     1.9886     2.3935      7.979     0.7616     0.9770 1.0740e-01    -0.1394   103.5454     7.0726     7.3312    33.9425    33.9419    27.1951    27.1950    7.89268 0.0000e+00
       4819    150.034     1.0073     0.9992   2.915833   2.915259     1.9886     2.3947      7.982     0.7510     0.9770 1.0752e-01    -0.1380   103.5092     7.0700     7.3340    33.9441    33.9454    27.1959    27.1975    7.89114 0.0000e+00
       4822    150.121     1.0117     1.0052   2.916227   2.915820     1.9882     2.3935      7.981     0.7299     1.0954 1.0752e-01    -0.1352   103.4369     7.0675     7.3276    33.9442    33.9461    27.1957    27.1977    7.89021 0.0000e+00
       4825    150.208     1.0132     1.0083   2.916342   2.916039     1.9890     2.3931      7.979     0.7405     1.8850 1.0740e-01    -0.1352   103.4369     7.0698     7.3294    33.9440    33.9454    27.1954    27.1969    7.88992 0.0000e+00
       4828    150.301     1.0148     1.0096   2.916580   2.916176     1.9882     2.3931      7.979     0.7193     1.9245 1.0752e-01    -0.1352   103.4369     7.0657     7.3326    33.9453    33.9458    27.1964    27.1971    7.88953 0.0000e+00
       4831    150.393     1.0192     1.0125   2.917106   2.916649     1.9886     2.3935      7.979     0.7299     1.9245 1.0740e-01    -0.1355   103.4459     7.0652     7.3326    33.9472    33.9486    27.1976    27.1992    7.88851 0.0000e+00
       4834    150.487     1.0232     1.0171   2.917487   2.917158     1.9878     2.3935      7.981     0.7405     1.9245 1.0740e-01    -0.1355   103.4459     7.0641     7.3313    33.9477    33.9500    27.1978    27.2001    7.88768 0.0000e+00
       4837    150.583     1.0257     1.0206   2.917680   2.917372     1.9886     2.3923      7.979     0.7405     1.9245 1.0752e-01    -0.1352   103.4369     7.0671     7.3233    33.9474    33.9490    27.1974    27.1990    7.88718 0.0000e+00
       4840    150.683     1.0275     1.0215   2.917931   2.917461     1.9882     2.3935      7.979     0.7299     1.9245 1.0752e-01    -0.1369   103.4821     7.0637     7.3268    33.9486    33.9491    27.1982    27.1990    7.88673 0.0000e+00
       4843    150.784     1.0318     1.0238   2.918468   2.917867     1.9874     2.3931      7.979     0.7299     1.9245 1.0752e-01    -0.1383   103.5183     7.0590     7.3225    33.9507    33.9518    27.1996    27.2011    7.88573 0.0000e+00
       4846    150.887     1.0417     1.0304   2.919534   2.918777     1.9886     2.3927      7.979     0.7299     1.9245 1.0752e-01    -0.1383   103.5183     7.0628     7.3193    33.9536    33.9561    27.2013    27.2041    7.88355 0.0000e+00
       4849    150.991     1.0477     1.0386   2.920094   2.919547     1.9874     2.3939      7.979     0.7299     2.0035 1.0740e-01    -0.1383   103.5183     7.0577     7.3227    33.9542    33.9571    27.2014    27.2044    7.88228 0.0000e+00
       4852    151.097     1.0515     1.0442   2.920436   2.920024     1.9874     2.3935      7.979     0.7299     2.2798 1.0752e-01    -0.1383   103.5183     7.0580     7.3190    33.9544    33.9570    27.2014    27.2040    7.88149 0.0000e+00
       4855    151.204     1.0550     1.0483   2.920891   2.920462     1.9878     2.3931      7.979     0.7299     2.2798 1.0752e-01    -0.1383   103.5183     7.0594     7.3156    33.9564    33.9582    27.2027    27.2045    7.88067 0.0000e+00
       4858    151.313     1.0606     1.0532   2.921491   2.921049     1.9886     2.3927      7.979     0.7299     2.2798 1.0752e-01    -0.1383   103.5183     7.0636     7.3142    33.9579    33.9603    27.2035    27.2060    7.87944 0.0000e+00
       4861    151.423     1.0648     1.0582   2.921891   2.921499     1.9878     2.3919      7.979     0.7299     2.2798 1.0752e-01    -0.1366   103.4730     7.0587     7.3104    33.9584    33.9606    27.2037    27.2059    7.87856 0.0000e+00
       4864    151.534     1.0675     1.0618   2.922209   2.921866     1.9878     2.3919      7.981     0.7299     2.2798 1.0752e-01    -0.1355   103.4459     7.0615     7.3087    33.9595    33.9613    27.2044    27.2062    7.87794 0.0000e+00
       4867    151.647     1.0698     1.0644   2.922430   2.922086     1.9874     2.3915      7.979     0.7405     2.2798 1.0740e-01    -0.1362   103.4640     7.0578     7.3082    33.9597    33.9612    27.2045    27.2059    7.87745 0.0000e+00
       4870    151.761     1.0719     1.0662   2.922661   2.922281     1.9882     2.3915      7.979     0.7299     2.2798 1.0752e-01    -0.1355   103.4459     7.0619     7.3088    33.9603    33.9617    27.2048    27.2063    7.87698 0.0000e+00
       4873    151.873     1.0744     1.0682   2.922925   2.922548     1.9878     2.3927      7.979     0.7510     2.2798 1.0752e-01    -0.1359   103.4550     7.0598     7.3152    33.9610    33.9629    27.2051    27.2071    7.87644 0.0000e+00
       4876    151.984     1.0762     1.0707   2.923108   2.922783     1.9874     2.3919      7.979     0.7616     2.6746 1.0752e-01    -0.1359   103.4550     7.0547     7.3177    33.9613    33.9631    27.2053    27.2071    7.87605 0.0000e+00
       4879    152.095     1.0797     1.0742   2.923592   2.923311     1.9878     2.3919      7.979     0.7510     2.8720 1.0752e-01    -0.1355   103.4459     7.0515     7.3195    33.9636    33.9660    27.2069    27.2092    7.87522 0.0000e+00
       4882    152.205     1.0848     1.0793   2.924146   2.923820     1.9878     2.3919      7.979     0.7722     2.8720 1.0752e-01    -0.1362   103.4640     7.0487     7.3220    33.9651    33.9669    27.2078    27.2096    7.87409 0.0000e+00
       4885    152.318     1.0874     1.0835   2.924458   2.924230     1.9874     2.3923      7.979     0.7616     2.8720 1.0740e-01    -0.1362   103.4640     7.0452     7.3276    33.9662    33.9676    27.2085    27.2099    7.87350 0.0000e+00
       4888    152.430     1.0911     1.0873   2.924774   2.924681     1.9882     2.3919      7.979     0.7616     2.8720 1.0752e-01    -0.1362   103.4640     7.0468     7.3259    33.9662    33.9692    27.2083    27.2109    7.87275 0.0000e+00
       4891    152.542     1.0971     1.0941   2.925579   2.925593     1.9874     2.3919      7.979     0.7616     2.8720 1.0752e-01    -0.1362   103.4640     7.0394     7.3246    33.9699    33.9734    27.2108    27.2139    7.87131 0.0000e+00
       4894    152.652     1.1056     1.1002   2.926368   2.926042     1.9878     2.3923      7.979     0.7616     2.8720 1.0752e-01    -0.1362   103.4640     7.0384     7.3235    33.9707    33.9724    27.2109    27.2126    7.86952 0.0000e+00
       4897    152.763     1.1094     1.1042   2.926684   2.926381     1.9874     2.3923      7.979     0.7722     2.8720 1.0752e-01    -0.1362   103.4640     7.0381     7.3240    33.9706    33.9723    27.2106    27.2123    7.86876 0.0000e+00
       4900    152.874     1.1117     1.1062   2.926938   2.926589     1.9869     2.3927      7.979     0.7510     2.8720 1.0740e-01    -0.1359   103.4550     7.0348     7.3289    33.9712    33.9727    27.2109    27.2125    7.86825 0.0000e+00
       4903    152.982     1.1141     1.1086   2.927192   2.926852     1.9865     2.3919      7.979     0.7510     3.9774 1.0752e-01    -0.1352   103.4369     7.0342     7.3233    33.9718    33.9735    27.2113    27.2130    7.86773 0.0000e+00
       4906    153.094     1.1158     1.1106   2.927339   2.927003     1.9865     2.3931      7.979     0.7616     4.0564 1.0752e-01    -0.1352   103.4369     7.0374     7.3262    33.9718    33.9732    27.2111    27.2126    7.86738 0.0000e+00
       4909    153.204     1.1188     1.1123   2.927699   2.927207     1.9865     2.3935      7.979     0.7616     4.0564 1.0752e-01    -0.1352   103.4369     7.0396     7.3274    33.9731    33.9739    27.2119    27.2130    7.86669 0.0000e+00
       4912    153.310     1.1232     1.1161   2.928221   2.927792     1.9865     2.3923      7.979     0.7405     4.0564 1.0752e-01    -0.1352   103.4369     7.0432     7.3212    33.9750    33.9772    27.2132    27.2154    7.86570 0.0000e+00
       4915    153.417     1.1280     1.1215   2.928753   2.928333     1.9865     2.3931      7.979     0.7616     4.0564 1.0752e-01    -0.1352   103.4369     7.0469     7.3217    33.9765    33.9782    27.2141    27.2159    7.86464 0.0000e+00
       4918    153.527     1.1334     1.1265   2.929313   2.928882     1.9865     2.3927      7.979     0.7510     4.0564 1.0752e-01    -0.1352   103.4369     7.0508     7.3181    33.9777    33.9798    27.2147    27.2168    7.86346 0.0000e+00
       4921    153.635     1.1358     1.1307   2.929567   2.929234     1.9869     2.3935      7.979     0.7616     4.0564 1.0752e-01    -0.1338   103.4007     7.0574     7.3221    33.9783    33.9796    27.2150    27.2164    7.86294 0.0000e+00
       4924    153.740     1.1393     1.1336   2.929901   2.929522     1.9865     2.3939      7.979     0.6981     4.0564 1.0752e-01    -0.1331   103.3826     7.0568     7.3264    33.9787    33.9801    27.2152    27.2166    7.86221 0.0000e+00
       4927    153.843     1.1425     1.1363   2.930232   2.929831     1.9874     2.3919      7.979     0.6875     3.8590 1.0752e-01    -0.1341   103.4098     7.0598     7.3169    33.9795    33.9811    27.2155    27.2172    7.86152 0.0000e+00
       4930    153.944     1.1452     1.1392   2.930575   2.930142     1.9874     2.3931      7.979     0.7087     2.9904 1.0752e-01    -0.1334   103.3917     7.0602     7.3176    33.9808    33.9818    27.2165    27.2177    7.86089 0.0000e+00
       4933    154.046     1.1485     1.1419   2.930944   2.930479     1.9874     2.3931      7.979     0.6875     2.9904 1.0752e-01    -0.1338   103.4007     7.0589     7.3190    33.9818    33.9831    27.2170    27.2185    7.86015 0.0000e+00
       4936    154.147     1.1513     1.1449   2.931243   2.930861     1.9874     2.3931      7.979     0.7087     2.9904 1.0752e-01    -0.1334   103.3917     7.0590     7.3178    33.9827    33.9847    27.2175    27.2196    7.85955 0.0000e+00
       4939    154.248     1.1540     1.1482   2.931631   2.931220     1.9882     2.3931      7.979     0.7087     2.9904 1.0752e-01    -0.1334   103.3917     7.0614     7.3141    33.9846    33.9856    27.2189    27.2201    7.85889 0.0000e+00
       4942    154.350     1.1563     1.1512   2.931875   2.931536     1.9878     2.3935      7.979     0.7193     2.9904 1.0752e-01    -0.1320   103.3555     7.0568     7.3132    33.9852    33.9863    27.2192    27.2205    7.85839 0.0000e+00
       4945    154.454     1.1596     1.1540   2.932185   2.931854     1.9878     2.3944      7.979     0.6981     2.9904 1.0740e-01    -0.1320   103.3555     7.0543     7.3126    33.9854    33.9873    27.2192    27.2211    7.85769 0.0000e+00
       4948    154.556     1.1626     1.1568   2.932542   2.932160     1.9874     2.3948      7.978     0.7087     2.9904 1.0752e-01    -0.1324   103.3645     7.0463     7.3133    33.9867    33.9881    27.2200    27.2216    7.85702 0.0000e+00
       4951    154.657     1.1662     1.1601   2.932912   2.932516     1.9878     2.3931      7.978     0.7616     2.9904 1.0752e-01    -0.1320   103.3555     7.0410     7.3018    33.9875    33.9891    27.2204    27.2221    7.85624 0.0000e+00
       4954    154.760     1.1684     1.1624   2.933091   2.932700     1.9878     2.3935      7.980     0.7722     2.0429 1.0752e-01    -0.1320   103.3555     7.0366     7.2952    33.9873    33.9888    27.2201    27.2217    7.85580 0.0000e+00
       4957    154.867     1.1704     1.1644   2.933342   2.932985     1.9882     2.3935      7.978     0.7616     0.9375 1.0740e-01    -0.1320   103.3555     7.0341     7.2869    33.9884    33.9903    27.2208    27.2227    7.85534 0.0000e+00
       4960    154.975     1.1744     1.1678   2.933861   2.933387     1.9882     2.3931      7.978     0.7616     0.9770 1.0752e-01    -0.1320   103.3555     7.0287     7.2768    33.9905    33.9917    27.2223    27.2236    7.85440 0.0000e+00
       4963    155.084     1.1799     1.1723   2.934498   2.933938     1.9878     2.3931      7.978     0.7616     0.9770 1.0740e-01    -0.1317   103.3465     7.0186     7.2671    33.9926    33.9938    27.2236    27.2250    7.85316 0.0000e+00
       4966    155.192     1.1864     1.1782   2.935368   2.934781     1.9878     2.3927      7.978     0.7616     0.9770 1.0752e-01    -0.1313   103.3374     7.0099     7.2527    33.9966    33.9981    27.2264    27.2281    7.85163 0.0000e+00
       4969    155.301     1.1976     1.1911   2.936605   2.936423     1.9878     2.3927      7.978     0.7510     0.9770 1.0752e-01    -0.1313   103.3374     7.0002     7.2398    34.0002    34.0050    27.2285    27.2328    7.84915 0.0000e+00
       4972    155.415     1.2072     1.2079   2.937477   2.937917     1.9865     2.3923      7.978     0.7510     0.9770 1.0752e-01    -0.1317   103.3465     6.9857     7.2275    34.0009    34.0058    27.2285    27.2323    7.84717 0.0000e+00
       4975    155.536     1.2177     1.2171   2.938744   2.938793     1.9865     2.3915      7.978     0.7722     0.9770 1.0752e-01    -0.1320   103.3555     6.9745     7.2128    34.0056    34.0068    27.2315    27.2325    7.84477 0.0000e+00
       4978    155.653     1.2275     1.2281   2.939603   2.940074     1.9865     2.3907      7.978     0.7934     0.9770 1.0752e-01    -0.1317   103.3465     6.9637     7.1950    34.0059    34.0112    27.2310    27.2353    7.84277 0.0000e+00
       4981    155.770     1.2368     1.2378   2.940747   2.941054     1.9865     2.3895      7.978     0.7934     3.0299 1.0752e-01    -0.1310   103.3284     6.9496     7.1803    34.0103    34.0131    27.2340    27.2362    7.84064 0.0000e+00
       4984    155.887     1.2568     1.2527   2.943283   2.942927     1.9857     2.3895      7.978     0.7934     3.7405 1.0752e-01    -0.1313   103.3374     6.9337     7.1697    34.0209    34.0208    27.2412    27.2414    7.83600 0.0000e+00
       4987    156.007     1.2767     1.2664   2.944936   2.944102     1.9845     2.3882      7.975     0.7934     3.7010 1.0740e-01    -0.1310   103.3284     6.9165     7.1526    34.0203    34.0208    27.2393    27.2405    7.83199 0.0000e+00
       4990    156.130     1.2844     1.2756   2.945798   2.944991     1.9837     2.3862      7.973     0.8040     3.7010 1.0752e-01    -0.1310   103.3284     6.9036     7.1329    34.0229    34.0221    27.2409    27.2409    7.83030 0.0000e+00
