Datasets/AZMP/TEL210/tel210_2020_086.cnv
* Sea-Bird SBE 9 Data File:
* FileName = C:\CTDDATA\tel210_2020_086.hex
* Software Version Seasave V 7.26.7.110
* Temperature SN = 1697
* Conductivity SN = 4216
* Number of Bytes Per Scan = 30
* Number of Voltage Words = 4
* Number of Scans Averaged by the Deck Unit = 1
* NMEA baud rate = 4800
** VESSEL/TRIP/SEQ STN:  TEL210_2020_086
** LATITUDE XX XX.XX: 53 37.00 N
** LONGITUDE XX XX.XX: 055 00.00 W
** SOUNDING DEPTH (M): 0294
** PROBE TYPE: S1146
** CTD NUMBER: 056
** COMMENTS (14 CHAR): SI-05
** BOTTLES:  11
** LEVELS: 5,10,20,30,40,50,75,100,150,250,BTM
** STICKERS: 436140 - 436150
** VNET: Y
** DO2: N
# nquan = 22
# nvalues = 6562                        
# units = specified
# name 0 = scan: Scan Count
# name 1 = prDM: Pressure, Digiquartz [db]
# name 2 = t090C: Temperature [ITS-90, deg C]
# name 3 = t190C: Temperature, 2 [ITS-90, deg C]
# name 4 = c0S/m: Conductivity [S/m]
# name 5 = c1S/m: Conductivity, 2 [S/m]
# name 6 = sbeox0V: Oxygen raw, SBE 43 [V]
# name 7 = sbeox1V: Oxygen raw, SBE 43, 2 [V]
# name 8 = ph: pH
# name 9 = flECO-AFL: Fluorescence, WET Labs ECO-AFL/FL [mg/m^3]
# name 10 = wetCDOM: Fluorescence, WET Labs CDOM [mg/m^3]
# name 11 = par/sat/log: PAR/Logarithmic, Satlantic [umol photons/m^2/sec]
# name 12 = CStarAt0: Beam Attenuation, WET Labs C-Star [1/m]
# name 13 = CStarTr0: Beam Transmission, WET Labs C-Star [%]
# name 14 = sbeox0ML/L: Oxygen, SBE 43 [ml/l], WS = 2
# name 15 = sbeox1ML/L: Oxygen, SBE 43, 2 [ml/l], WS = 2
# name 16 = sal00: Salinity, Practical [PSU]
# name 17 = sal11: Salinity, Practical, 2 [PSU]
# name 18 = sigma-t00: Density [sigma-t, kg/m^3 ]
# name 19 = sigma-t11: Density, 2 [sigma-t, kg/m^3 ]
# name 20 = oxsatML/L: Oxygen Saturation, Weiss [ml/l]
# name 21 = flag: flag
# span 0 =         47,      40985       
# span 1 =      1.407,    292.010       
# span 2 =    -0.6572,    11.1704       
# span 3 =    -0.6626,    11.1747       
# span 4 =   2.707304,   3.545647       
# span 5 =   2.707073,   3.545131       
# span 6 =     1.9334,     2.5968       
# span 7 =     2.3271,     3.1672       
# span 8 =      7.966,      8.286       
# span 9 =     0.6664,     6.6240       
# span 10 =    -2.8130,   482.1870      
# span 11 = 1.0544e-01, 5.7620e-01      
# span 12 =    -0.1341,     0.6856      
# span 13 =    84.2473,   103.4098      
# span 14 =     6.4401,     9.6454      
# span 15 =     6.3998,    10.2466      
# span 16 =    31.2583,    34.0876      
# span 17 =    31.2569,    34.0887      
# span 18 =    23.8337,    27.2722      
# span 19 =    23.8320,    27.2734      
# span 20 =    6.30515,    8.29490      
# span 21 = 0.0000e+00, 0.0000e+00      
# interval = scans: 3                   
# start_time = Jul 25 2020 03:58:50 [System UTC, header]
# bad_flag = -9.990e-29
*END*
[from data line 264]
       1158     26.742     0.8442     0.7586   2.801965   2.795246     2.4893     3.0574      8.260     1.1849   481.3579 1.0715e-01     0.0127    99.6840     9.4259    10.0315    32.7246    32.7284    26.2252    26.2332    7.99071 0.0000e+00
       1161     26.849     0.7770     0.7413   2.796367   2.793757     2.4897     3.0595      8.260     1.1955   481.3579 1.0715e-01     0.0130    99.6749     9.4497    10.0406    32.7233    32.7274    26.2280    26.2333    8.00488 0.0000e+00
       1164     26.958     0.7600     0.7198   2.796258   2.792205     2.4893     3.0607      8.260     1.1955   481.3579 1.0715e-01     0.0123    99.6930     9.4531    10.0432    32.7399    32.7300    26.2423    26.2367    8.00756 0.0000e+00
       1167     27.067     0.7580     0.6989   2.795684   2.790815     2.4901     3.0619      8.260     1.2061   481.3579 1.0715e-01     0.0109    99.7292     9.4584    10.0401    32.7345    32.7341    26.2381    26.2411    8.00827 0.0000e+00
       1170     27.173     0.7213     0.6846   2.792265   2.789855     2.4901     3.0627      8.259     1.3013   462.7238 1.0715e-01     0.0047    99.8829     9.4643    10.0302    32.7291    32.7367    26.2358    26.2440    8.01630 0.0000e+00
       1173     27.284     0.7266     0.6777   2.794086   2.789879     2.4905     3.0631      8.257     1.3119    39.1137 1.0715e-01     0.0047    99.8829     9.4578    10.0197    32.7469    32.7443    26.2499    26.2505    8.01420 0.0000e+00
       1176     27.396     0.7508     0.6735   2.795058   2.789159     2.4905     3.0644      8.255     1.3013    -2.6156 1.0715e-01     0.0047    99.8829     9.4422    10.0147    32.7338    32.7394    26.2380    26.2468    8.00982 0.0000e+00
       1179     27.509     0.7107     0.6577   2.792355   2.788175     2.4909     3.0648      8.256     1.3013    -1.1549 1.0715e-01     0.0047    99.8829     9.4427    10.0039    32.7412    32.7433    26.2462    26.2509    8.01787 0.0000e+00
       1182     27.620     0.7102     0.6486   2.792316   2.787723     2.4913     3.0660      8.256     1.3013    -1.1549 1.0715e-01     0.0047    99.8829     9.4378     9.9916    32.7412    32.7470    26.2462    26.2543    8.01797 0.0000e+00
       1185     27.734     0.6661     0.6325   2.789138   2.786337     2.4917     3.0660      8.256     1.2907    -1.1549 1.0715e-01     0.0047    99.8829     9.4420     9.9752    32.7467    32.7461    26.2532    26.2545    8.02698 0.0000e+00
       1188     27.849     0.6266     0.6035   2.786480   2.783974     2.4917     3.0660      8.259     1.3119    -1.1549 1.0715e-01     0.0004    99.9914     9.4425     9.9640    32.7541    32.7461    26.2613    26.2561    8.03492 0.0000e+00
       1191     27.968     0.6252     0.5726   2.787504   2.781903     2.4905     3.0648      8.258     1.3013    -1.1549 1.0715e-01    -0.0036   100.0909     9.4237     9.9469    32.7688    32.7519    26.2732    26.2625    8.03442 0.0000e+00
       1194     28.089     0.6238     0.5523   2.786089   2.780582     2.4897     3.0639      8.259     1.5764    -1.1549 1.0715e-01    -0.0029   100.0728     9.4039     9.9313    32.7519    32.7563    26.2597    26.2671    8.03565 0.0000e+00
       1197     28.210     0.5871     0.5353   2.783873   2.779536     2.4897     3.0656      8.256     1.9256    -0.2863 1.0715e-01    -0.0029   100.0728     9.3977     9.9196    32.7620    32.7607    26.2698    26.2716    8.04286 0.0000e+00
       1200     28.332     0.5526     0.5200   2.782181   2.778609     2.4880     3.0648      8.256     1.8939     2.8720 1.0715e-01    -0.0033   100.0819     9.3803     9.8952    32.7766    32.7648    26.2834    26.2757    8.04937 0.0000e+00
       1203     28.455     0.5740     0.5080   2.783499   2.777911     2.4884     3.0635      8.256     1.8939     2.7930 1.0715e-01    -0.0033   100.0819     9.3588     9.8702    32.7709    32.7684    26.2777    26.2793    8.04515 0.0000e+00
       1206     28.578     0.5363     0.4993   2.779942   2.777373     2.4884     3.0627      8.253     1.8833     2.7930 1.0715e-01    -0.0029   100.0728     9.3569     9.8485    32.7647    32.7705    26.2747    26.2815    8.05349 0.0000e+00
       1209     28.702     0.5220     0.4934   2.779684   2.777215     2.4872     3.0603      8.252     1.9045     2.7535 1.0715e-01     0.0312    99.2228     9.3413     9.8213    32.7764    32.7747    26.2850    26.2851    8.05589 0.0000e+00
       1212     28.825     0.5062     0.4868   2.778106   2.776822     2.4868     3.0599      8.249     1.8939     2.7535 1.0715e-01     0.0367    99.0872     9.3335     9.8025    32.7726    32.7766    26.2828    26.2870    8.05945 0.0000e+00
       1215     28.950     0.4868     0.4745   2.777229   2.776072     2.4848     3.0583      8.247     1.8939     2.7535 1.0715e-01     0.0367    99.0872     9.3173     9.7795    32.7818    32.7798    26.2912    26.2902    8.06308 0.0000e+00
       1218     29.074     0.4727     0.4600   2.776190   2.775214     2.4831     3.0570      8.244     1.8833     2.7535 1.0715e-01     0.0363    99.0962     9.2979     9.7549    32.7832    32.7840    26.2931    26.2944    8.06600 0.0000e+00
       1221     29.199     0.4562     0.4476   2.775224   2.774487     2.4819     3.0538      8.242     4.4018     2.7535 1.0715e-01     0.0363    99.0962     9.2832     9.7262    32.7881    32.7877    26.2979    26.2981    8.06924 0.0000e+00
       1224     29.323     0.4499     0.4412   2.774869   2.774157     2.4799     3.0513      8.240     5.3859     4.2142 1.0715e-01     0.0363    99.0962     9.2618     9.7078    32.7901    32.7901    26.2998    26.3003    8.07048 0.0000e+00
       1227     29.439     0.4425     0.4352   2.774409   2.773706     2.4795     3.0497      8.237     5.3542     5.6750 1.0703e-01     0.0681    98.3185     9.2472     9.6901    32.7919    32.7905    26.3017    26.3010    8.07195 0.0000e+00
       1230     29.557     0.4317     0.4251   2.773567   2.773038     2.4782     3.0477      8.236     5.3436     5.5960 1.0678e-01     0.2523    93.8874     9.2361     9.6722    32.7925    32.7925    26.3027    26.3031    8.07424 0.0000e+00
       1233     29.675     0.4211     0.4138   2.773173   2.772304     2.4766     3.0452      8.233     5.3330     5.5960 1.0690e-01     0.2539    93.8512     9.2242     9.6541    32.7985    32.7950    26.3081    26.3057    8.07616 0.0000e+00
       1236     29.786     0.4394     0.4066   2.775224   2.771938     2.4746     3.0428      8.228     5.3330     5.6355 1.0678e-01     0.2535    93.8602     9.2060     9.6361    32.8056    32.7978    26.3129    26.3083    8.07186 0.0000e+00
       1239     29.891     0.4361     0.4036   2.773762   2.771836     2.4730     3.0395      8.228     5.3542     5.5960 1.0690e-01     0.2535    93.8602     9.1984     9.6146    32.7900    32.7995    26.3005    26.3099    8.07342 0.0000e+00
       1242     29.994     0.4103     0.3999   2.772121   2.771626     2.4705     3.0367      8.228     5.3436     5.5960 1.0690e-01     0.2535    93.8602     9.1852     9.6002    32.7961    32.8008    26.3068    26.3111    8.07861 0.0000e+00
       1245     30.095     0.4003     0.3934   2.771873   2.771185     2.4693     3.0351      8.223     5.4177     5.5960 1.0678e-01     0.2535    93.8602     9.1736     9.5908    32.8034    32.8018    26.3132    26.3123    8.08033 0.0000e+00
       1248     30.197     0.4176     0.3850   2.773746   2.770517     2.4677     3.0330      8.223     6.5288     5.5960 1.0678e-01     0.3740    91.1111     9.1546     9.5783    32.8093    32.8020    26.3171    26.3129    8.07631 0.0000e+00
       1251     30.293     0.4059     0.3743   2.772385   2.769891     2.4656     3.0294      8.223     6.6135     5.3592 1.0678e-01     0.5810    86.4810     9.1407     9.5613    32.8040    32.8053    26.3134    26.3160    8.07911 0.0000e+00
       1254     30.384     0.3960     0.3638   2.772149   2.769201     2.4640     3.0261      8.220     6.6135     5.2407 1.0678e-01     0.5726    86.6619     9.1344     9.5449    32.8115    32.8074    26.3199    26.3183    8.08081 0.0000e+00
       1257     30.475     0.4081     0.3536   2.772583   2.768204     2.4624     3.0236      8.218     6.6135     5.2407 1.0678e-01     0.5731    86.6528     9.1199     9.5297    32.8042    32.8051    26.3134    26.3170    8.07863 0.0000e+00
       1260     30.561     0.3679     0.3396   2.769387   2.767909     2.4612     3.0208      8.218     6.6029     5.2407 1.0678e-01     0.5726    86.6619     9.1235     9.5144    32.8052    32.8161    26.3164    26.3266    8.08716 0.0000e+00
       1263     30.645     0.3306     0.3218   2.767416   2.766682     2.4587     3.0180      8.219     6.6135     5.2407 1.0678e-01     0.5731    86.6528     9.1161     9.5001    32.8193    32.8190    26.3297    26.3299    8.09439 0.0000e+00
       1266     30.728     0.3293     0.3007   2.767807   2.764955     2.4559     3.0151      8.219     6.6135     5.2407 1.0678e-01     0.5735    86.6438     9.0991     9.4869    32.8257    32.8190    26.3348    26.3309    8.09430 0.0000e+00
       1269     30.808     0.3211     0.2756   2.767144   2.763083     2.4538     3.0123      8.214     6.6240     5.2407 1.0678e-01     0.6448    85.1155     9.0835     9.4713    32.8258    32.8213    26.3353    26.3340    8.09606 0.0000e+00
       1272     30.886     0.3026     0.2603   2.765322   2.762187     2.4526     3.0094      8.214     6.1055     5.2407 1.0678e-01     0.6856    84.2473     9.0752     9.4555    32.8217    32.8258    26.3330    26.3385    8.10025 0.0000e+00
       1275     30.962     0.2669     0.2503   2.762900   2.761539     2.4506     3.0065      8.212     4.6240     5.1617 1.0678e-01     0.6839    84.2835     9.0697     9.4389    32.8281    32.8280    26.3399    26.3408    8.10757 0.0000e+00
       1278     31.034     0.2613     0.2411   2.762755   2.760852     2.4490     3.0021      8.211     4.6770     4.6880 1.0678e-01     0.6839    84.2835     9.0560     9.4142    32.8321    32.8288    26.3435    26.3418    8.10855 0.0000e+00
       1281     31.107     0.2996     0.2341   2.765407   2.760481     2.4461     2.9984      8.209     4.6664     4.6880 1.0678e-01     0.6839    84.2835     9.0259     9.3948    32.8258    32.8313    26.3365    26.3443    8.10066 0.0000e+00
       1284     31.179     0.3147     0.2328   2.766621   2.760479     2.4449     2.9952      8.209     4.6875     4.6485 1.0678e-01     0.6839    84.2835     9.0112     9.3776    32.8256    32.8327    26.3355    26.3454    8.09744 0.0000e+00
       1287     31.251     0.2783     0.2298   2.763977   2.760316     2.4416     2.9923      8.207     4.6664     4.7275 1.0678e-01     0.6831    84.3016     9.0048     9.3628    32.8298    32.8338    26.3408    26.3464    8.10502 0.0000e+00
       1290     31.318     0.2840     0.2286   2.764267   2.760304     2.4404     2.9887      8.204     4.6664     4.6485 1.0678e-01     0.6324    85.3777     8.9961     9.3474    32.8275    32.8348    26.3386    26.3473    8.10393 0.0000e+00
       1293     31.387     0.2634     0.2260   2.762359   2.760128     2.4367     2.9842      8.204     4.6770     4.6880 1.0678e-01     0.6255    85.5224     8.9813     9.3275    32.8245    32.8353    26.3372    26.3479    8.10852 0.0000e+00
       1296     31.454     0.2490     0.2239   2.762156   2.760071     2.4351     2.9805      8.204     4.6875     4.6880 1.0678e-01     0.6264    85.5043     8.9748     9.3118    32.8372    32.8367    26.3482    26.3491    8.11092 0.0000e+00
       1299     31.521     0.2644     0.2241   2.763244   2.760342     2.4323     2.9768      8.201     3.1849     4.6485 1.0678e-01     0.6264    85.5043     8.9590     9.3001    32.8350    32.8401    26.3456    26.3518    8.10773 0.0000e+00
       1302     31.585     0.2539     0.2371   2.762253   2.761331     2.4302     2.9736      8.200     1.8621     4.4117 1.0678e-01     0.6260    85.5134     8.9563     9.2849    32.8332    32.8390    26.3447    26.3503    8.11008 0.0000e+00
       1305     31.651     0.2527     0.2352   2.762550   2.761006     2.4274     2.9707      8.200     1.9256     3.8195 1.0678e-01     0.6255    85.5224     8.9457     9.2728    32.8383    32.8367    26.3489    26.3486    8.11006 0.0000e+00
       1308     31.714     0.2549     0.2269   2.762564   2.760329     2.4257     2.9675      8.200     1.9151     3.8195 1.0678e-01     0.5851    86.3996     8.9415     9.2594    32.8361    32.8368    26.3470    26.3490    8.10971 0.0000e+00
       1311     31.777     0.2504     0.2234   2.762266   2.760209     2.4241     2.9638      8.198     1.9256     3.8195 1.0690e-01     0.3935    90.6318     8.9364     9.2434    32.8370    32.8389    26.3480    26.3509    8.11062 0.0000e+00
       1314     31.842     0.2598     0.2253   2.763207   2.760527     2.4217     2.9610      8.198     1.9151     3.8195 1.0678e-01     0.3955    90.5866     8.9235     9.2333    32.8392    32.8410    26.3493    26.3525    8.10848 0.0000e+00
       1317     31.906     0.2678     0.2264   2.763924   2.760374     2.4196     2.9557      8.197     1.9362     3.8195 1.0678e-01     0.3947    90.6047     8.9123     9.2114    32.8400    32.8378    26.3495    26.3498    8.10672 0.0000e+00
       1320     31.970     0.2648     0.2150   2.763469   2.759539     2.4176     2.9532      8.195     1.9151     3.8195 1.0678e-01     0.3947    90.6047     8.8987     9.2023    32.8372    32.8389    26.3474    26.3513    8.10751 0.0000e+00
       1323     32.036     0.2559     0.2070   2.762846   2.758734     2.4160     2.9496      8.195     1.9256     3.8195 1.0678e-01     0.3955    90.5866     8.8941     9.1845    32.8385    32.8370    26.3489    26.3502    8.10935 0.0000e+00
       1326     32.107     0.2398     0.1670   2.761758   2.754962     2.4139     2.9459      8.195     1.7457     3.8195 1.0678e-01     0.3951    90.5956     8.8853     9.1725    32.8415    32.8302    26.3521    26.3467    8.11266 0.0000e+00
       1329     32.179     0.2425     0.1302   2.762174   2.752760     2.4115     2.9418      8.195     1.7140     1.1349 1.0678e-01     0.3441    91.7622     8.8659     9.1594    32.8440    32.8407    26.3540    26.3570    8.11194 0.0000e+00
       1332     32.254     0.2445     0.0967   2.762165   2.750374     2.4095     2.9378      8.190     1.7140    -0.6811 1.0678e-01     0.2716    93.4352     8.8469     9.1455    32.8416    32.8452    26.3520    26.3622    8.11163 0.0000e+00
       1335     32.332     0.2001     0.0605   2.758204   2.747890     2.4062     2.9345      8.190     1.7246    -0.6022 1.0678e-01     0.2751    93.3538     8.8352     9.1382    32.8372    32.8513    26.3507    26.3689    8.12144 0.0000e+00
       1338     32.417     0.1576     0.0400   2.756259   2.746703     2.4042     2.9308      8.189     1.7246    -0.5627 1.0690e-01     0.2747    93.3628     8.8260     9.1268    32.8571    32.8577    26.3689    26.3750    8.12951 0.0000e+00
       1341     32.509     0.1516     0.0224   2.755248   2.745288     2.4017     2.9276      8.184     1.7246    -0.5627 1.0678e-01     0.2755    93.3447     8.8103     9.1155    32.8503    32.8579    26.3636    26.3760    8.13119 0.0000e+00
       1344     32.605     0.1309    -0.0005   2.753947   2.743655     2.3989     2.9235      8.183     1.7140    -0.5627 1.0678e-01     0.2751    93.3538     8.7963     9.1001    32.8553    32.8608    26.3687    26.3795    8.13539 0.0000e+00
       1347     32.706     0.0371    -0.0188   2.746043   2.742493     2.3981     2.9186      8.179     1.7034    -0.5627 1.0678e-01     0.2747    93.3628     8.8104     9.0849    32.8519    32.8651    26.3705    26.3838    8.15590 0.0000e+00
       1350     32.815    -0.0092    -0.0329   2.743343   2.741650     2.3944     2.9146      8.177     1.6823    -0.5627 1.0690e-01     0.2183    94.6922     8.7962     9.0735    32.8660    32.8691    26.3840    26.3877    8.16518 0.0000e+00
