Datasets/AZMP/TEL210/tel210_2020_048.cnv
* Sea-Bird SBE 9 Data File:
* FileName = C:\CTDDATA\tel210_2020_048.hex
* Software Version Seasave V 7.26.7.110
* Temperature SN = 1697
* Conductivity SN = 4216
* Number of Bytes Per Scan = 30
* Number of Voltage Words = 4
* Number of Scans Averaged by the Deck Unit = 1
* NMEA baud rate = 4800
** VESSEL/TRIP/SEQ STN:  tel210_2020_048
** LATITUDE XX XX.XX: 49 41.00 N
** LONGITUDE XX XX.XX: 050 01.00 W
** SOUNDING DEPTH (M): 0602
** PROBE TYPE: S1146
** CTD NUMBER: 038
** COMMENTS (14 CHAR): BB-11
** BOTTLES:  12
** LEVELS: 5,10,20,30,40,50,75,100,150,250,500,BTM
** STICKERS: 436011 - 436022
** VNET: Y
** DO2: N
# nquan = 22
# nvalues = 13889                       
# units = specified
# name 0 = scan: Scan Count
# name 1 = prDM: Pressure, Digiquartz [db]
# name 2 = t090C: Temperature [ITS-90, deg C]
# name 3 = t190C: Temperature, 2 [ITS-90, deg C]
# name 4 = c0S/m: Conductivity [S/m]
# name 5 = c1S/m: Conductivity, 2 [S/m]
# name 6 = sbeox0V: Oxygen raw, SBE 43 [V]
# name 7 = sbeox1V: Oxygen raw, SBE 43, 2 [V]
# name 8 = ph: pH
# name 9 = flECO-AFL: Fluorescence, WET Labs ECO-AFL/FL [mg/m^3]
# name 10 = wetCDOM: Fluorescence, WET Labs CDOM [mg/m^3]
# name 11 = par/sat/log: PAR/Logarithmic, Satlantic [umol photons/m^2/sec]
# name 12 = CStarAt0: Beam Attenuation, WET Labs C-Star [1/m]
# name 13 = CStarTr0: Beam Transmission, WET Labs C-Star [%]
# name 14 = sbeox0ML/L: Oxygen, SBE 43 [ml/l], WS = 2
# name 15 = sbeox1ML/L: Oxygen, SBE 43, 2 [ml/l], WS = 2
# name 16 = sal00: Salinity, Practical [PSU]
# name 17 = sal11: Salinity, Practical, 2 [PSU]
# name 18 = sigma-t00: Density [sigma-t, kg/m^3 ]
# name 19 = sigma-t11: Density, 2 [sigma-t, kg/m^3 ]
# name 20 = oxsatML/L: Oxygen Saturation, Weiss [ml/l]
# name 21 = flag: flag
# span 0 =        120,      86495       
# span 1 =      0.290,    611.380       
# span 2 =     3.0301,     9.4759       
# span 3 =     3.0230,     9.3923       
# span 4 =   3.126119,   3.519891       
# span 5 =   3.125517,   3.510734       
# span 6 =     1.9328,     2.6439       
# span 7 =     2.3285,     3.2398       
# span 8 =      8.009,      8.326       
# span 9 =     0.6029,    13.8198       
# span 10 =    -2.8130,   482.1870      
# span 11 = 1.0715e-01, 2.2763e+03      
# span 12 =    -0.1226,     0.4607      
# span 13 =    89.1216,   103.1113      
# span 14 =     6.5350,     8.9121      
# span 15 =     6.8156,     9.3190      
# span 16 =    32.3306,    34.8427      
# span 17 =    32.4593,    34.8436      
# span 18 =    24.9812,    27.7261      
# span 19 =    25.0965,    27.7272      
# span 20 =    6.49432,    7.46795      
# span 21 = 0.0000e+00, 0.0000e+00      
# interval = scans: 3                   
# start_time = Jul 20 2020 17:02:43 [System UTC, header]
# bad_flag = -9.990e-29
*END*
[from data line 1581]
       4938    160.996     3.6210     3.6170   3.204256   3.203996     1.9979     2.4143      8.027     0.7299    -0.9180 1.0715e-01    -0.1148   102.9124     6.5951     6.8686    34.7046    34.7057    27.5898    27.5911    7.34632 0.0000e+00
       4941    161.146     3.6214     3.6175   3.204332   3.204051     1.9979     2.4127      8.027     0.7299    -0.9180 1.0715e-01    -0.1145   102.9033     6.5941     6.8620    34.7050    34.7058    27.5901    27.5912    7.34623 0.0000e+00
       4944    161.295     3.6220     3.6180   3.204405   3.204106     1.9992     2.4139      8.027     0.7299    -0.9180 1.0715e-01    -0.1148   102.9124     6.6036     6.8665    34.7051    34.7058    27.5902    27.5911    7.34611 0.0000e+00
       4947    161.440     3.6223     3.6186   3.204452   3.204176     1.9996     2.4139      8.027     0.7299    -0.9180 1.0715e-01    -0.1148   102.9124     6.6073     6.8656    34.7054    34.7059    27.5903    27.5911    7.34605 0.0000e+00
       4950    161.584     3.6230     3.6191   3.204535   3.204268     1.9988     2.4139      8.027     0.7299    -0.7206 1.0715e-01    -0.1141   102.8943     6.6026     6.8653    34.7056    34.7064    27.5904    27.5914    7.34592 0.0000e+00
       4953    161.728     3.6236     3.6198   3.204621   3.204341     1.9996     2.4131      8.027     0.7299    -0.6811 1.0715e-01    -0.1110   102.8129     6.6033     6.8606    34.7058    34.7065    27.5905    27.5915    7.34579 0.0000e+00
       4956    161.866     3.6240     3.6203   3.204658   3.204402     2.0000     2.4131      8.027     0.7299    -0.6811 1.0715e-01    -0.1110   102.8129     6.6028     6.8587    34.7058    34.7066    27.5904    27.5914    7.34572 0.0000e+00
       4959    162.001     3.6246     3.6205   3.204748   3.204444     1.9992     2.4135      8.027     0.7405    -0.7206 1.0715e-01    -0.1110   102.8129     6.5973     6.8604    34.7061    34.7069    27.5907    27.5917    7.34560 0.0000e+00
       4962    162.131     3.6249     3.6209   3.204756   3.204498     1.9996     2.4127      8.027     0.7299    -0.6811 1.0715e-01    -0.1110   102.8129     6.5964     6.8596    34.7058    34.7070    27.5904    27.5917    7.34556 0.0000e+00
       4965    162.254     3.6252     3.6211   3.204807   3.204538     1.9992     2.4135      8.027     0.7616    -0.6811 1.0715e-01    -0.1110   102.8129     6.5887     6.8611    34.7060    34.7072    27.5905    27.5919    7.34549 0.0000e+00
       4968    162.369     3.6255     3.6215   3.204864   3.204600     2.0008     2.4139      8.027     0.7616    -0.6811 1.0715e-01    -0.1110   102.8129     6.5926     6.8611    34.7064    34.7074    27.5908    27.5920    7.34542 0.0000e+00
       4971    162.481     3.6257     3.6224   3.204979   3.204733     2.0000     2.4139      8.027     0.7722    -0.6811 1.0715e-01    -0.1113   102.8219     6.5883     6.8623    34.7075    34.7081    27.5916    27.5924    7.34532 0.0000e+00
       4974    162.591     3.6265     3.6234   3.205110   3.204864     2.0000     2.4131      8.027     0.7616    -0.4837 1.0715e-01    -0.1131   102.8672     6.5876     6.8599    34.7081    34.7085    27.5921    27.5926    7.34515 0.0000e+00
       4977    162.697     3.6274     3.6242   3.205211   3.204951     1.9988     2.4127      8.027     0.7722    -0.0889 1.0715e-01    -0.1131   102.8672     6.5790     6.8588    34.7083    34.7086    27.5921    27.5927    7.34498 0.0000e+00
       4980    162.803     3.6283     3.6248   3.205267   3.205034     1.9996     2.4135      8.025     0.7616    -0.0889 1.0715e-01    -0.1134   102.8762     6.5827     6.8598    34.7080    34.7090    27.5918    27.5929    7.34484 0.0000e+00
       4983    162.907     3.6291     3.6253   3.205333   3.205086     1.9996     2.4135      8.027     0.7722    -0.0889 1.0715e-01    -0.1134   102.8762     6.5828     6.8593    34.7079    34.7090    27.5916    27.5929    7.34469 0.0000e+00
       4986    163.005     3.6295     3.6259   3.205429   3.205187     1.9992     2.4123      8.027     0.7722    -0.0889 1.0715e-01    -0.1131   102.8672     6.5791     6.8561    34.7086    34.7095    27.5921    27.5932    7.34459 0.0000e+00
       4989    163.100     3.6299     3.6267   3.205526   3.205271     1.9988     2.4127      8.027     0.7616    -0.0889 1.0715e-01    -0.1131   102.8672     6.5752     6.8569    34.7093    34.7095    27.5926    27.5932    7.34448 0.0000e+00
       4992    163.192     3.6308     3.6272   3.205617   3.205352     1.9992     2.4131      8.027     0.7828    -0.0889 1.0715e-01    -0.1141   102.8943     6.5774     6.8591    34.7094    34.7099    27.5926    27.5934    7.34432 0.0000e+00
       4995    163.279     3.6315     3.6281   3.205681   3.205449     2.0000     2.4131      8.027     0.7722    -0.1284 1.0715e-01    -0.1152   102.9214     6.5831     6.8604    34.7093    34.7101    27.5926    27.5935    7.34419 0.0000e+00
       4998    163.362     3.6318     3.6290   3.205801   3.205557     1.9988     2.4127      8.025     0.7510    -0.0889 1.0715e-01    -0.1152   102.9214     6.5782     6.8609    34.7103    34.7104    27.5933    27.5936    7.34408 0.0000e+00
       5001    163.442     3.6328     3.6298   3.205892   3.205660     1.9992     2.4127      8.027     0.7722    -0.7206 1.0715e-01    -0.1152   102.9214     6.5783     6.8605    34.7104    34.7108    27.5932    27.5938    7.34390 0.0000e+00
       5004    163.519     3.6336     3.6300   3.205966   3.205685     1.9992     2.4123      8.025     0.7722    -1.1154 1.0715e-01    -0.1152   102.9214     6.5749     6.8589    34.7103    34.7108    27.5931    27.5939    7.34375 0.0000e+00
       5007    163.595     3.6342     3.6302   3.205967   3.205712     1.9992     2.4127      8.025     0.7616    -1.0364 1.0715e-01    -0.1152   102.9214     6.5747     6.8603    34.7097    34.7109    27.5926    27.5939    7.34367 0.0000e+00
       5010    163.663     3.6347     3.6302   3.205966   3.205716     1.9988     2.4139      8.027     0.7616    -1.0364 1.0715e-01    -0.1148   102.9124     6.5719     6.8663    34.7091    34.7109    27.5921    27.5939    7.34362 0.0000e+00
       5013    163.733     3.6347     3.6302   3.205989   3.205738     1.9983     2.4127      8.027     0.7616    -1.0364 1.0715e-01    -0.1148   102.9124     6.5706     6.8610    34.7094    34.7111    27.5922    27.5941    7.34361 0.0000e+00
       5016    163.796     3.6349     3.6300   3.205982   3.205731     1.9992     2.4127      8.024     0.7616    -1.1154 1.0715e-01    -0.1152   102.9214     6.5745     6.8603    34.7090    34.7112    27.5919    27.5941    7.34358 0.0000e+00
       5019    163.862     3.6350     3.6300   3.205998   3.205724     1.9988     2.4127      8.027     0.7828    -1.0759 1.0715e-01    -0.1148   102.9124     6.5729     6.8588    34.7090    34.7110    27.5920    27.5940    7.34356 0.0000e+00
       5022    163.930     3.6349     3.6302   3.206020   3.205737     1.9984     2.4131      8.027     0.7616    -1.1154 1.0715e-01    -0.1145   102.9033     6.5710     6.8600    34.7094    34.7110    27.5923    27.5940    7.34356 0.0000e+00
       5025    163.998     3.6348     3.6299   3.206017   3.205742     1.9975     2.4127      8.027     0.7616    -1.0364 1.0715e-01    -0.1148   102.9124     6.5666     6.8568    34.7094    34.7113    27.5923    27.5943    7.34358 0.0000e+00
       5028    164.067     3.6350     3.6299   3.206039   3.205712     1.9979     2.4123      8.027     0.7616    -0.7206 1.0715e-01    -0.1145   102.9033     6.5710     6.8531    34.7094    34.7109    27.5923    27.5940    7.34355 0.0000e+00
       5031    164.138     3.6348     3.6292   3.206010   3.205677     1.9979     2.4127      8.024     0.7722    -0.6811 1.0715e-01    -0.1148   102.9124     6.5730     6.8525    34.7093    34.7112    27.5922    27.5943    7.34359 0.0000e+00
       5034    164.211     3.6347     3.6291   3.205992   3.205653     1.9979     2.4131      8.027     0.7616    -0.6811 1.0715e-01    -0.1152   102.9214     6.5761     6.8536    34.7091    34.7110    27.5920    27.5941    7.34361 0.0000e+00
       5037    164.288     3.6342     3.6289   3.205965   3.205652     1.9992     2.4127      8.027     0.7722    -0.7206 1.0715e-01    -0.1152   102.9214     6.5837     6.8543    34.7092    34.7111    27.5922    27.5942    7.34369 0.0000e+00
       5040    164.367     3.6343     3.6290   3.205968   3.205667     1.9975     2.4123      8.027     0.7616    -0.6811 1.0715e-01    -0.1152   102.9214     6.5781     6.8521    34.7091    34.7112    27.5921    27.5943    7.34368 0.0000e+00
       5043    164.445     3.6340     3.6290   3.205971   3.205668     1.9979     2.4115      8.027     0.7510    -0.6811 1.0715e-01    -0.1152   102.9214     6.5793     6.8496    34.7095    34.7112    27.5924    27.5943    7.34373 0.0000e+00
       5046    164.524     3.6340     3.6289   3.206005   3.205681     1.9975     2.4127      8.025     0.7616    -0.7206 1.0715e-01    -0.1152   102.9214     6.5783     6.8540    34.7099    34.7114    27.5927    27.5944    7.34371 0.0000e+00
       5049    164.610     3.6341     3.6287   3.205982   3.205650     1.9975     2.4111      8.024     0.7722    -0.6811 1.0715e-01    -0.1152   102.9214     6.5782     6.8490    34.7094    34.7111    27.5924    27.5942    7.34371 0.0000e+00
       5052    164.699     3.6340     3.6289   3.205993   3.205684     1.9988     2.4119      8.024     0.7616    -0.5232 1.0715e-01    -0.1145   102.9033     6.5826     6.8509    34.7096    34.7113    27.5925    27.5943    7.34372 0.0000e+00
       5055    164.787     3.6341     3.6292   3.206002   3.205683     1.9979     2.4115      8.024     0.7616     0.1479 1.0727e-01    -0.1131   102.8672     6.5776     6.8474    34.7095    34.7109    27.5924    27.5940    7.34370 0.0000e+00
       5058    164.881     3.6339     3.6292   3.205984   3.205713     1.9984     2.4119      8.025     0.7828     0.1479 1.0727e-01    -0.1134   102.8762     6.5791     6.8480    34.7094    34.7113    27.5924    27.5943    7.34374 0.0000e+00
       5061    164.980     3.6342     3.6292   3.205994   3.205704     1.9988     2.4119      8.025     0.7722     0.1479 1.0740e-01    -0.1131   102.8672     6.5799     6.8497    34.7093    34.7111    27.5922    27.5941    7.34370 0.0000e+00
       5064    165.083     3.6340     3.6291   3.206011   3.205685     1.9979     2.4115      8.024     0.7510     0.1479 1.0740e-01    -0.1138   102.8853     6.5779     6.8487    34.7095    34.7109    27.5924    27.5940    7.34371 0.0000e+00
       5067    165.189     3.6340     3.6290   3.206004   3.205690     1.9967     2.4119      8.027     0.7722     0.1479 1.0715e-01    -0.1131   102.8672     6.5718     6.8502    34.7095    34.7110    27.5924    27.5941    7.34373 0.0000e+00
       5070    165.293     3.6339     3.6291   3.206005   3.205733     1.9979     2.4115      8.027     0.7722     0.1479 1.0740e-01    -0.1131   102.8672     6.5766     6.8494    34.7095    34.7113    27.5924    27.5944    7.34374 0.0000e+00
       5073    165.401     3.6339     3.6292   3.205984   3.205711     1.9979     2.4115      8.024     0.7616     0.1479 1.0715e-01    -0.1145   102.9033     6.5759     6.8490    34.7092    34.7110    27.5922    27.5941    7.34376 0.0000e+00
       5076    165.510     3.6336     3.6282   3.205987   3.205575     1.9975     2.4106      8.025     0.7722     0.1479 1.0715e-01    -0.1155   102.9305     6.5727     6.8443    34.7095    34.7103    27.5924    27.5936    7.34379 0.0000e+00
       5079    165.618     3.6333     3.6268   3.205712   3.205461     1.9975     2.4102      8.027     0.7510    -0.1679 1.0715e-01    -0.1155   102.9305     6.5753     6.8425    34.7065    34.7104    27.5901    27.5938    7.34399 0.0000e+00
       5082    165.728     3.6317     3.6234   3.205472   3.204923     1.9979     2.4102      8.024     0.7616    -0.4838 1.0715e-01    -0.1152   102.9214     6.5762     6.8413    34.7052    34.7075    27.5892    27.5919    7.34434 0.0000e+00
       5085    165.839     3.6289     3.6156   3.204862   3.204267     1.9971     2.4111      8.024     0.7616    -0.4443 1.0715e-01    -0.1152   102.9214     6.5747     6.8458    34.7008    34.7078    27.5860    27.5929    7.34507 0.0000e+00
       5088    165.950     3.6247     3.6115   3.204451   3.204060     1.9975     2.4102      8.027     0.7616    -0.4443 1.0715e-01    -0.1152   102.9214     6.5770     6.8409    34.7003    34.7096    27.5861    27.5948    7.34587 0.0000e+00
       5091    166.060     3.6209     3.6106   3.204367   3.203980     1.9975     2.4111      8.027     0.7722    -0.4443 1.0715e-01    -0.1152   102.9214     6.5736     6.8430    34.7033    34.7096    27.5887    27.5949    7.34640 0.0000e+00
       5094    166.167     3.6188     3.6086   3.204346   3.203806     1.9979     2.4106      8.024     0.7722    -0.4443 1.0715e-01    -0.1162   102.9486     6.5738     6.8421    34.7052    34.7095    27.5906    27.5950    7.34670 0.0000e+00
       5097    166.274     3.6170     3.6083   3.204271   3.203814     1.9975     2.4098      8.025     0.7616    -0.4443 1.0715e-01    -0.1162   102.9486     6.5714     6.8383    34.7062    34.7099    27.5915    27.5953    7.34697 0.0000e+00
       5100    166.378     3.6161     3.6090   3.204312   3.203910     1.9971     2.4102      8.022     0.7616    -0.4443 1.0715e-01    -0.1162   102.9486     6.5699     6.8388    34.7076    34.7103    27.5927    27.5956    7.34707 0.0000e+00
       5103    166.480     3.6159     3.6095   3.204371   3.203915     1.9975     2.4094      8.025     0.7616    -0.4443 1.0715e-01    -0.1162   102.9486     6.5708     6.8354    34.7084    34.7098    27.5933    27.5951    7.34706 0.0000e+00
       5106    166.578     3.6159     3.6095   3.204317   3.203908     1.9967     2.4094      8.024     0.7616     2.4772 1.0715e-01    -0.1162   102.9486     6.5673     6.8343    34.7077    34.7096    27.5928    27.5949    7.34710 0.0000e+00
       5109    166.670     3.6155     3.6094   3.204269   3.203925     1.9971     2.4090      8.022     0.7616     3.3852 1.0715e-01    -0.1162   102.9486     6.5695     6.8323    34.7075    34.7099    27.5927    27.5952    7.34718 0.0000e+00
       5112    166.758     3.6155     3.6093   3.204278   3.203858     1.9959     2.4078      8.024     0.7616     3.3457 1.0715e-01    -0.1159   102.9395     6.5623     6.8262    34.7075    34.7091    27.5927    27.5946    7.34717 0.0000e+00
       5115    166.843     3.6152     3.6072   3.204164   3.203643     1.9963     2.4086      8.022     0.7616     3.3457 1.0715e-01    -0.1145   102.9033     6.5617     6.8284    34.7065    34.7088    27.5919    27.5945    7.34729 0.0000e+00
       5118    166.920     3.6140     3.6050   3.203953   3.203490     1.9963     2.4082      8.025     0.7616     3.3457 1.0715e-01    -0.1152   102.9214     6.5599     6.8271    34.7052    34.7092    27.5909    27.5950    7.34756 0.0000e+00
       5121    166.998     3.6125     3.6035   3.203789   3.203378     1.9963     2.4078      8.024     0.7722     3.3457 1.0715e-01    -0.1145   102.9033     6.5589     6.8255    34.7048    34.7095    27.5908    27.5954    7.34787 0.0000e+00
       5124    167.072     3.6106     3.6023   3.203703   3.203342     1.9963     2.4078      8.022     0.7299     3.3457 1.0715e-01    -0.1152   102.9214     6.5582     6.8254    34.7057    34.7102    27.5917    27.5961    7.34816 0.0000e+00
       5127    167.147     3.6090     3.6021   3.203658   3.203300     1.9959     2.4082      8.024     0.7299     3.3457 1.0715e-01    -0.1145   102.9033     6.5575     6.8280    34.7068    34.7099    27.5928    27.5959    7.34839 0.0000e+00
       5130    167.220     3.6080     3.6018   3.203635   3.203295     1.9963     2.4078      8.022     0.7405     3.3852 1.0715e-01    -0.1152   102.9214     6.5604     6.8267    34.7076    34.7102    27.5935    27.5962    7.34854 0.0000e+00
