Datasets/AZMP/TEL210/tel210_2020_030.cnv
* Sea-Bird SBE 9 Data File:
* FileName = C:\CTDDATA\tel210_2020_030.hex
* Software Version Seasave V 7.26.7.110
* Temperature SN = 1697
* Conductivity SN = 4216
* Number of Bytes Per Scan = 30
* Number of Voltage Words = 4
* Number of Scans Averaged by the Deck Unit = 1
* NMEA baud rate = 4800
** VESSEL/TRIP/SEQ STN:  tel210_2020_030
** LATITUDE XX XX.XX: 47 00.00 N
** LONGITUDE XX XX.XX: 044 26.00 W
** SOUNDING DEPTH (M): 0151
** PROBE TYPE: S1146
** CTD NUMBER: 029
** COMMENTS (14 CHAR): FC-28
** BOTTLES:  0
** LEVELS:
** STICKERS:
** VNET: N
** DO2: N
# nquan = 22
# nvalues = 3186                        
# units = specified
# name 0 = scan: Scan Count
# name 1 = prDM: Pressure, Digiquartz [db]
# name 2 = t090C: Temperature [ITS-90, deg C]
# name 3 = t190C: Temperature, 2 [ITS-90, deg C]
# name 4 = c0S/m: Conductivity [S/m]
# name 5 = c1S/m: Conductivity, 2 [S/m]
# name 6 = sbeox0V: Oxygen raw, SBE 43 [V]
# name 7 = sbeox1V: Oxygen raw, SBE 43, 2 [V]
# name 8 = ph: pH
# name 9 = flECO-AFL: Fluorescence, WET Labs ECO-AFL/FL [mg/m^3]
# name 10 = wetCDOM: Fluorescence, WET Labs CDOM [mg/m^3]
# name 11 = par/sat/log: PAR/Logarithmic, Satlantic [umol photons/m^2/sec]
# name 12 = CStarAt0: Beam Attenuation, WET Labs C-Star [1/m]
# name 13 = CStarTr0: Beam Transmission, WET Labs C-Star [%]
# name 14 = sbeox0ML/L: Oxygen, SBE 43 [ml/l], WS = 2
# name 15 = sbeox1ML/L: Oxygen, SBE 43, 2 [ml/l], WS = 2
# name 16 = sal00: Salinity, Practical [PSU]
# name 17 = sal11: Salinity, Practical, 2 [PSU]
# name 18 = sigma-t00: Density [sigma-t, kg/m^3 ]
# name 19 = sigma-t11: Density, 2 [sigma-t, kg/m^3 ]
# name 20 = oxsatML/L: Oxygen Saturation, Weiss [ml/l]
# name 21 = flag: flag
# span 0 =          2,      10918       
# span 1 =      2.362,    147.850       
# span 2 =     3.6893,    11.3640       
# span 3 =     3.6842,    11.3587       
# span 4 =   3.185935,   3.735461       
# span 5 =   3.185512,   3.734765       
# span 6 =     1.8892,     2.4202       
# span 7 =     2.2779,     2.9596       
# span 8 =      7.931,      8.218       
# span 9 =    -0.6121,     4.6992       
# span 10 =    -2.8130,   482.1870      
# span 11 = 1.0690e-01, 1.9004e+00      
# span 12 =    -0.1229,     0.0874      
# span 13 =    97.8392,   103.1204      
# span 14 =     6.0737,     7.8002      
# span 15 =     6.3405,     8.1996      
# span 16 =    32.9874,    34.5170      
# span 17 =    32.9858,    34.5158      
# span 18 =    25.1452,    27.4275      
# span 19 =    25.1444,    27.4271      
# span 20 =    6.21185,    7.34687      
# span 21 = 0.0000e+00, 0.0000e+00      
# interval = scans: 3                   
# start_time = Jul 18 2020 07:21:13 [System UTC, header]
# bad_flag = -9.990e-29
*END*
[from data line 396]
       1790     34.108     5.7246     5.7197   3.325691   3.324979     2.3798     2.9068      8.211     3.0305     4.0564 1.0690e-01     0.0671    98.3366     7.6460     7.9742    34.0075    34.0043    26.8026    26.8007    7.01250 0.0000e+00
       1793     34.188     5.7250     5.7199   3.325763   3.325063     2.3798     2.9060      8.209     3.0101     2.6351 1.0703e-01     0.0645    98.3998     7.6467     7.9672    34.0078    34.0050    26.8028    26.8012    7.01242 0.0000e+00
       1796     34.279     5.7247     5.7197   3.325814   3.325141     2.3785     2.9060      8.211     3.0101    -1.1944 1.0703e-01     0.0642    98.4089     7.6381     7.9629    34.0086    34.0061    26.8035    26.8021    7.01243 0.0000e+00
       1799     34.375     5.7249     5.7199   3.325880   3.325197     2.3789     2.9036      8.209     3.0203    -1.0364 1.0703e-01     0.0642    98.4089     7.6378     7.9483    34.0091    34.0065    26.8039    26.8024    7.01236 0.0000e+00
       1802     34.474     5.7251     5.7201   3.325969   3.325320     2.3777     2.9028      8.209     3.0101    -1.0364 1.0703e-01     0.0642    98.4089     7.6285     7.9403    34.0099    34.0076    26.8044    26.8032    7.01229 0.0000e+00
       1805     34.580     5.7254     5.7204   3.326112   3.325414     2.3769     2.9015      8.209     3.0203    -1.0364 1.0703e-01     0.0649    98.3908     7.6181     7.9314    34.0111    34.0083    26.8053    26.8038    7.01219 0.0000e+00
       1808     34.693     5.7265     5.7214   3.326308   3.325627     2.3769     2.8999      8.209     3.0203    -1.0364 1.0715e-01     0.0638    98.4179     7.6145     7.9237    34.0122    34.0096    26.8060    26.8047    7.01195 0.0000e+00
       1811     34.811     5.7276     5.7227   3.326615   3.325906     2.3761     2.8979      8.209     3.0101    -1.0364 1.0703e-01     0.0660    98.3637     7.6049     7.9148    34.0146    34.0115    26.8078    26.8059    7.01167 0.0000e+00
       1814     34.930     5.7250     5.7198   3.326256   3.325565     2.3761     2.8962      8.209     3.0305    -1.0364 1.0715e-01     0.0722    98.2099     7.6004     7.9085    34.0130    34.0104    26.8068    26.8055    7.01217 0.0000e+00
       1817     35.051     5.6858     5.6841   3.323314   3.322748     2.3740     2.8946      8.209     3.0203    -1.0364 1.0715e-01     0.0715    98.2280     7.5954     7.9077    34.0192    34.0144    26.8165    26.8130    7.01844 0.0000e+00
       1820     35.176     5.6199     5.6208   3.318615   3.318335     2.3736     2.8926      8.210     3.0305     1.7271 1.0703e-01     0.0722    98.2099     7.6002     7.9124    34.0323    34.0282    26.8350    26.8316    7.02889 0.0000e+00
       1823     35.303     5.5668     5.5601   3.314851   3.314111     2.3736     2.8914      8.210     3.0305     4.0564 1.0715e-01     0.0722    98.2099     7.6050     7.9202    34.0432    34.0415    26.8500    26.8495    7.03731 0.0000e+00
       1826     35.433     5.5407     5.5249   3.312974   3.311948     2.3708     2.8901      8.207     3.0407     3.9379 1.0703e-01     0.0726    98.2009     7.5950     7.9223    34.0482    34.0525    26.8571    26.8624    7.04148 0.0000e+00
       1829     35.564     5.5207     5.5111   3.311809   3.311080     2.3704     2.8885      8.205     3.0101     3.9379 1.0703e-01     0.0715    98.2280     7.5932     7.9222    34.0551    34.0565    26.8650    26.8673    7.04452 0.0000e+00
       1832     35.697     5.5136     5.5048   3.311411   3.310604     2.3696     2.8877      8.205     3.0305     3.9379 1.0715e-01     0.0741    98.1647     7.5874     7.9239    34.0577    34.0574    26.8679    26.8688    7.04560 0.0000e+00
       1835     35.834     5.5081     5.4995   3.311040   3.310206     2.3679     2.8861      8.202     3.0203     3.9379 1.0715e-01     0.0759    98.1195     7.5799     7.9236    34.0590    34.0582    26.8696    26.8700    7.04647 0.0000e+00
       1838     35.971     5.5013     5.4942   3.310517   3.309740     2.3679     2.8844      8.201     3.3968     3.9379 1.0715e-01     0.0759    98.1195     7.5799     7.9218    34.0598    34.0581    26.8710    26.8706    7.04757 0.0000e+00
       1841     36.110     5.4922     5.4867   3.309756   3.309009     2.3663     2.8828      8.199     3.6206     3.9379 1.0703e-01     0.0759    98.1195     7.5762     7.9212    34.0602    34.0574    26.8725    26.8709    7.04908 0.0000e+00
       1844     36.246     5.4822     5.4763   3.308739   3.308061     2.3647     2.8816      8.199     3.6003     4.0958 1.0715e-01     0.0759    98.1195     7.5714     7.9227    34.0587    34.0570    26.8725    26.8719    7.05084 0.0000e+00
       1847     36.381     5.4722     5.4661   3.307892   3.307260     2.3639     2.8792      8.196     3.6003   405.6766 1.0690e-01     0.0759    98.1195     7.5723     7.9189    34.0592    34.0581    26.8741    26.8740    7.05252 0.0000e+00
       1850     36.514     5.4662     5.4605   3.307509   3.306860     2.3627     2.8792      8.196     3.6105   481.8712 1.0703e-01     0.0759    98.1195     7.5699     7.9226    34.0608    34.0591    26.8761    26.8754    7.05345 0.0000e+00
       1853     36.642     5.4615     5.4545   3.307051   3.306250     2.3618     2.8779      8.196     3.6003   481.0816 1.0703e-01     0.0737    98.1738     7.5673     7.9214    34.0603    34.0582    26.8762    26.8754    7.05427 0.0000e+00
       1856     36.766     5.4535     5.4467   3.306304   3.305579     2.3606     2.8767      8.196     3.6003   481.3579 1.0715e-01     0.0726    98.2009     7.5659     7.9230    34.0598    34.0585    26.8768    26.8765    7.05564 0.0000e+00
       1859     36.888     5.4491     5.4427   3.305964   3.305303     2.3598     2.8755      8.196     3.5901   481.3579 1.0715e-01     0.0726    98.2009     7.5650     7.9237    34.0603    34.0593    26.8777    26.8777    7.05636 0.0000e+00
       1862     37.003     5.4462     5.4406   3.305664   3.305054     2.3586     2.8747      8.196     3.6105   481.3579 1.0715e-01     0.0726    98.2009     7.5616     7.9250    34.0598    34.0585    26.8777    26.8773    7.05688 0.0000e+00
       1865     37.114     5.4432     5.4348   3.305293   3.304340     2.3578     2.8734      8.196     3.7936   481.3579 1.0715e-01     0.0726    98.2009     7.5628     7.9231    34.0585    34.0562    26.8770    26.8762    7.05744 0.0000e+00
       1868     37.217     5.4357     5.4261   3.304678   3.303646     2.3569     2.8730      8.195     3.8140   481.3579 1.0703e-01     0.0726    98.2009     7.5612     7.9250    34.0591    34.0570    26.8784    26.8779    7.05869 0.0000e+00
       1871     37.312     5.4313     5.4226   3.304428   3.303510     2.3561     2.8714      8.193     3.8242   481.3579 1.0715e-01     0.0733    98.1828     7.5599     7.9223    34.0606    34.0589    26.8801    26.8798    7.05935 0.0000e+00
       1874     37.399     5.4274     5.4224   3.304160   3.303528     2.3545     2.8698      8.195     3.8140   481.3579 1.0703e-01     0.0741    98.1648     7.5564     7.9169    34.0615    34.0594    26.8813    26.8802    7.05998 0.0000e+00
       1877     37.481     5.4253     5.4229   3.304052   3.303566     2.3541     2.8694      8.193     3.8242   481.3579 1.0715e-01     0.0748    98.1467     7.5573     7.9170    34.0624    34.0593    26.8822    26.8800    7.06030 0.0000e+00
       1880     37.558     5.4262     5.4213   3.304126   3.303357     2.3537     2.8686      8.192     3.8140   481.3579 1.0690e-01     0.0741    98.1648     7.5568     7.9151    34.0623    34.0585    26.8820    26.8795    7.06015 0.0000e+00
       1883     37.626     5.4242     5.4160   3.304003   3.302945     2.3512     2.8682      8.192     3.8140   481.3579 1.0715e-01     0.0744    98.1557     7.5493     7.9149    34.0628    34.0590    26.8827    26.8807    7.06046 0.0000e+00
       1886     37.689     5.4213     5.4073   3.303803   3.302452     2.3517     2.8661      8.192     3.8140   481.3579 1.0703e-01     0.0741    98.1648     7.5535     7.9103    34.0635    34.0622    26.8835    26.8842    7.06092 0.0000e+00
       1889     37.745     5.4125     5.4061   3.303220   3.302325     2.3504     2.8645      8.192     3.8445   481.3579 1.0715e-01     0.0741    98.1648     7.5512     7.9069    34.0657    34.0619    26.8863    26.8842    7.06230 0.0000e+00
       1892     37.793     5.4064     5.4060   3.302723   3.302282     2.3492     2.8649      8.192     3.9768   481.3579 1.0703e-01     0.0767    98.1015     7.5503     7.9079    34.0662    34.0615    26.8875    26.8838    7.06332 0.0000e+00
       1895     37.841     5.3980     5.4004   3.302149   3.302109     2.3488     2.8637      8.192     3.9666   481.3579 1.0715e-01     0.0837    97.9296     7.5521     7.9061    34.0681    34.0652    26.8900    26.8874    7.06464 0.0000e+00
       1898     37.882     5.3957     5.3914   3.302114   3.302088     2.3484     2.8629      8.192     3.9666   294.0299 1.0703e-01     0.0837    97.9296     7.5529     7.9036    34.0701    34.0741    26.8918    26.8955    7.06495 0.0000e+00
       1901     37.918     5.3964     5.4037   3.301893   3.303284     2.3472     2.8617      8.192     3.9768    -1.5102 1.0715e-01     0.0837    97.9296     7.5493     7.8951    34.0667    34.0753    26.8891    26.8950    7.06498 0.0000e+00
       1904     37.953     5.3823     5.4420   3.301573   3.306527     2.3464     2.8604      8.192     3.9768     6.0303 1.0715e-01     0.0837    97.9296     7.5480     7.8838    34.0775    34.0735    26.8993    26.8890    7.06687 0.0000e+00
       1907     37.987     5.3774     5.5268   3.301026   3.310885     2.3464     2.8592      8.192     3.9768     5.8329 1.0715e-01     0.0837    97.9296     7.5524     7.8642    34.0761    34.0371    26.8988    26.8500    7.06777 0.0000e+00
       1910     38.017     5.3766     5.5137   3.300511   3.310323     2.3447     2.8596      8.192     3.9666     5.8329 1.0715e-01     0.0837    97.9296     7.5470     7.8683    34.0711    34.0439    26.8949    26.8570    7.06814 0.0000e+00
       1913     38.045     5.3776     5.5144   3.300833   3.311930     2.3443     2.8580      8.192     3.9768     5.8329 1.0703e-01     0.0855    97.8844     7.5470     7.8596    34.0737    34.0615    26.8968    26.8708    7.06785 0.0000e+00
       1916     38.073     5.3806     5.5098   3.301274   3.311206     2.3439     2.8563      8.192     4.1599     5.8329 1.0715e-01     0.0870    97.8482     7.5443     7.8530    34.0756    34.0579    26.8980    26.8686    7.06724 0.0000e+00
       1919     38.099     5.3849     5.4492   3.301087   3.306408     2.3427     2.8555      8.192     4.4042     5.8329 1.0715e-01     0.0870    97.8482     7.5402     7.8604    34.0691    34.0646    26.8924    26.8811    7.06682 0.0000e+00
       1922     38.126     5.3825     5.3983   3.300779   3.303291     2.3427     2.8543      8.192     4.3838     5.8329 1.0703e-01     0.0870    97.8482     7.5415     7.8637    34.0681    34.0808    26.8918    26.9000    7.06728 0.0000e+00
       1925     38.154     5.3793     5.3863   3.300506   3.302455     2.3411     2.8535      8.192     4.3940     7.5305 1.0715e-01     0.0874    97.8392     7.5371     7.8632    34.0681    34.0833    26.8922    26.9034    7.06781 0.0000e+00
       1928     38.182     5.3796     5.3889   3.300398   3.301976     2.3407     2.8527      8.192     4.3838     8.3990 1.0703e-01     0.0870    97.8482     7.5355     7.8608    34.0666    34.0753    26.8909    26.8967    7.06783 0.0000e+00
       1931     38.214     5.3788     5.3831   3.300178   3.301158     2.3403     2.8511      8.192     4.3736     8.3201 1.0715e-01     0.0870    97.8482     7.5322     7.8555    34.0649    34.0717    26.8897    26.8946    7.06805 0.0000e+00
       1934     38.250     5.3781     5.3752   3.299901   3.300176     2.3403     2.8502      8.192     4.3940     8.3201 1.0703e-01     0.0859    97.8754     7.5326     7.8543    34.0624    34.0685    26.8878    26.8930    7.06829 0.0000e+00
       1937     38.287     5.3756     5.3738   3.299595   3.299532     2.3386     2.8490      8.192     4.3736     8.3201 1.0703e-01     0.0848    97.9025     7.5243     7.8528    34.0614    34.0625    26.8873    26.8884    7.06875 0.0000e+00
       1940     38.330     5.3715     5.3689   3.299090   3.298902     2.3382     2.8478      8.192     4.3736     8.3201 1.0703e-01     0.0852    97.8935     7.5223     7.8506    34.0598    34.0602    26.8866    26.8872    7.06953 0.0000e+00
       1943     38.379     5.3624     5.3625   3.298293   3.298287     2.3382     2.8462      8.192     4.4245     8.3201 1.0703e-01     0.0848    97.9025     7.5227     7.8483    34.0599    34.0597    26.8877    26.8876    7.07107 0.0000e+00
       1946     38.437     5.3517     5.3560   3.297419   3.297618     2.3366     2.8450      8.192     4.4143     8.3201 1.0715e-01     0.0848    97.9025     7.5194     7.8467    34.0608    34.0586    26.8897    26.8875    7.07285 0.0000e+00
       1949     38.496     5.3484     5.3454   3.297219   3.296727     2.3366     2.8450      8.192     4.4143     8.3596 1.0703e-01     0.0848    97.9025     7.5195     7.8502    34.0618    34.0592    26.8909    26.8892    7.07336 0.0000e+00
       1952     38.555     5.3430     5.3344   3.296722   3.295817     2.3354     2.8441      8.189     4.4245     9.2281 1.0703e-01     0.0852    97.8935     7.5133     7.8517    34.0615    34.0599    26.8913    26.8910    7.07428 0.0000e+00
       1955     38.619     5.3291     5.3220   3.295514   3.294635     2.3342     2.8421      8.189     4.4143     9.3071 1.0703e-01     0.0848    97.9025     7.5093     7.8472    34.0619    34.0589    26.8932    26.8917    7.07663 0.0000e+00
       1958     38.689     5.3202     5.3175   3.294808   3.294246     2.3333     2.8421      8.187     4.4143     9.2676 1.0703e-01     0.0852    97.8935     7.5059     7.8488    34.0627    34.0590    26.8949    26.8923    7.07810 0.0000e+00
       1961     38.762     5.3137     5.3105   3.294169   3.293563     2.3329     2.8405      8.187     4.4143     9.2676 1.0703e-01     0.0852    97.8935     7.5042     7.8467    34.0619    34.0583    26.8951    26.8926    7.07923 0.0000e+00
       1964     38.839     5.3059     5.3030   3.293470   3.292940     2.3317     2.8401      8.187     4.4245     9.2676 1.0703e-01     0.0852    97.8935     7.4993     7.8487    34.0619    34.0587    26.8960    26.8938    7.08057 0.0000e+00
       1967     38.921     5.2996     5.3003   3.292827   3.292753     2.3313     2.8389      8.187     4.4347     9.3071 1.0715e-01     0.0852    97.8935     7.4985     7.8470    34.0609    34.0593    26.8959    26.8946    7.08169 0.0000e+00
       1970     39.006     5.2932     5.2933   3.292254   3.291993     2.3317     2.8380      8.187     4.6178     9.2676 1.0715e-01     0.0859    97.8754     7.5023     7.8464    34.0608    34.0576    26.8966    26.8940    7.08278 0.0000e+00
       1973     39.097     5.2875     5.2846   3.291678   3.291225     2.3297     2.8376      8.187     4.6076     9.3071 1.0690e-01     0.0848    97.9025     7.4967     7.8472    34.0599    34.0577    26.8966    26.8952    7.08380 0.0000e+00
       1976     39.193     5.2806     5.2791   3.291016   3.290679     2.3293     2.8360      8.187     4.6178     8.7149 1.0715e-01     0.0837    97.9296     7.4981     7.8428    34.0593    34.0570    26.8969    26.8952    7.08499 0.0000e+00
       1979     39.291     5.2726     5.2729   3.290351   3.290134     2.3276     2.8340      8.187     4.6280     6.5040 1.0715e-01     0.0837    97.9296     7.4935     7.8379    34.0597    34.0570    26.8981    26.8959    7.08633 0.0000e+00
