Datasets/AZMP/TEL210/tel210_2020_138.cnv
* Sea-Bird SBE 9 Data File:
* FileName = C:\CTDDATA\tel210_2020_138.hex
* Software Version Seasave V 7.26.7.110
* Temperature SN = 1697
* Conductivity SN = 4216
* Number of Bytes Per Scan = 30
* Number of Voltage Words = 4
* Number of Scans Averaged by the Deck Unit = 1
* NMEA baud rate = 4800
** VESSEL/TRIP/SEQ STN:  tel210_2020_138
** LATITUDE XX XX.XX: 47 34.80 N
** LONGITUDE XX XX.XX: 052 21.00 W
** SOUNDING DEPTH (M): 0167
** PROBE TYPE: S1146
** CTD NUMBER: 079
** COMMENTS (14 CHAR): S27-02
** BOTTLES:  0
** LEVELS:
** STICKERS:
** VNET: N
** DO2: N
# nquan = 22
# nvalues = 3534                        
# units = specified
# name 0 = scan: Scan Count
# name 1 = prDM: Pressure, Digiquartz [db]
# name 2 = t090C: Temperature [ITS-90, deg C]
# name 3 = t190C: Temperature, 2 [ITS-90, deg C]
# name 4 = c0S/m: Conductivity [S/m]
# name 5 = c1S/m: Conductivity, 2 [S/m]
# name 6 = sbeox0V: Oxygen raw, SBE 43 [V]
# name 7 = sbeox1V: Oxygen raw, SBE 43, 2 [V]
# name 8 = ph: pH
# name 9 = flECO-AFL: Fluorescence, WET Labs ECO-AFL/FL [mg/m^3]
# name 10 = wetCDOM: Fluorescence, WET Labs CDOM [mg/m^3]
# name 11 = par/sat/log: PAR/Logarithmic, Satlantic [umol photons/m^2/sec]
# name 12 = CStarAt0: Beam Attenuation, WET Labs C-Star [1/m]
# name 13 = CStarTr0: Beam Transmission, WET Labs C-Star [%]
# name 14 = sbeox0ML/L: Oxygen, SBE 43 [ml/l], WS = 2
# name 15 = sbeox1ML/L: Oxygen, SBE 43, 2 [ml/l], WS = 2
# name 16 = sal00: Salinity, Practical [PSU]
# name 17 = sal11: Salinity, Practical, 2 [PSU]
# name 18 = sigma-t00: Density [sigma-t, kg/m^3 ]
# name 19 = sigma-t11: Density, 2 [sigma-t, kg/m^3 ]
# name 20 = oxsatML/L: Oxygen Saturation, Weiss [ml/l]
# name 21 = flag: flag
# span 0 =         28,      11531       
# span 1 =      0.505,    164.837       
# span 2 =    -1.6429,    13.3761       
# span 3 =    -1.6486,    13.3733       
# span 4 =   2.600803,   3.752453       
# span 5 =   2.600331,   3.751948       
# span 6 =     1.7714,     2.4650       
# span 7 =     2.1112,     2.9840       
# span 8 =      7.776,      8.192       
# span 9 =     0.6664,     4.0844       
# span 10 =    -2.8130,   482.1870      
# span 11 = 1.0715e-01, 6.6135e+02      
# span 12 =    -0.1477,     0.3403      
# span 13 =    91.8436,   103.7624      
# span 14 =     6.1916,     8.7721      
# span 15 =     6.0576,     9.2166      
# span 16 =    31.3071,    33.1995      
# span 17 =    31.3156,    33.2000      
# span 18 =    23.5420,    26.6769      
# span 19 =    23.5422,    26.6777      
# span 20 =    6.01106,    8.54548      
# span 21 = 0.0000e+00, 0.0000e+00      
# interval = scans: 3                   
# start_time = Jul 30 2020 18:04:12 [System UTC, header]
# bad_flag = -9.990e-29
*END*
[from data line 2437]
       7764    103.790    -1.6381    -1.6376   2.602397   2.602794     2.0196     2.4373      7.906     0.7722     4.6485 1.0715e-01    -0.1456   103.7082     7.8717     8.1640    32.6920    32.6969    26.3007    26.3048    8.54368 0.0000e+00
       7767    103.707    -1.6385    -1.6357   2.602240   2.602950     2.0205     2.4373      7.906     0.7616     4.6485 1.0715e-01    -0.1456   103.7082     7.8806     8.1608    32.6903    32.6970    26.2994    26.3048    8.54387 0.0000e+00
       7770    103.620    -1.6396    -1.6348   2.602101   2.602944     2.0196     2.4364      7.908     0.7087     4.6485 1.0715e-01    -0.1456   103.7082     7.8767     8.1553    32.6896    32.6960    26.2989    26.3040    8.54418 0.0000e+00
       7773    103.528    -1.6399    -1.6344   2.602146   2.602993     2.0200     2.4373      7.908     0.7193     4.6485 1.0727e-01    -0.1456   103.7082     7.8810     8.1576    32.6906    32.6963    26.2997    26.3042    8.54419 0.0000e+00
       7776    103.429    -1.6396    -1.6341   2.602161   2.602994     2.0200     2.4373      7.906     0.6981     4.1353 1.0715e-01    -0.1456   103.7082     7.8812     8.1536    32.6906    32.6961    26.2997    26.3040    8.54413 0.0000e+00
       7779    103.324    -1.6388    -1.6337   2.602182   2.603072     2.0200     2.4364      7.906     0.7087     3.9379 1.0715e-01    -0.1460   103.7172     7.8828     8.1475    32.6901    32.6968    26.2993    26.3046    8.54397 0.0000e+00
       7782    103.217    -1.6388    -1.6336   2.602147   2.603003     2.0192     2.4373      7.906     0.7087     3.9379 1.0715e-01    -0.1449   103.6901     7.8763     8.1511    32.6896    32.6957    26.2988    26.3037    8.54398 0.0000e+00
       7785    103.107    -1.6389    -1.6341   2.602109   2.602896     2.0196     2.4373      7.909     0.7087     3.9379 1.0740e-01    -0.1446   103.6811     7.8787     8.1564    32.6893    32.6949    26.2986    26.3031    8.54404 0.0000e+00
       7788    102.994    -1.6388    -1.6351   2.602174   2.602773     2.0209     2.4360      7.906     0.7087     3.9379 1.0727e-01    -0.1449   103.6901     7.8850     8.1531    32.6902    32.6944    26.2993    26.3027    8.54397 0.0000e+00
       7791    102.877    -1.6372    -1.6362   2.602329   2.602614     2.0209     2.4369      7.906     0.6981     3.9379 1.0715e-01    -0.1446   103.6811     7.8821     8.1554    32.6906    32.6935    26.2997    26.3019    8.54356 0.0000e+00
       7794    102.761    -1.6361    -1.6369   2.602442   2.602531     2.0209     2.4373      7.908     0.7299     3.9379 1.0727e-01    -0.1446   103.6811     7.8799     8.1543    32.6910    32.6932    26.2999    26.3017    8.54327 0.0000e+00
       7797    102.645    -1.6370    -1.6376   2.602161   2.602540     2.0209     2.4369      7.906     0.7510     3.9379 1.0715e-01    -0.1446   103.6811     7.8782     8.1498    32.6882    32.6942    26.2977    26.3025    8.54365 0.0000e+00
       7800    102.530    -1.6382    -1.6372   2.602012   2.602579     2.0205     2.4360      7.906     0.7616     3.8589 1.0715e-01    -0.1446   103.6811     7.8753     8.1450    32.6875    32.6942    26.2971    26.3026    8.54397 0.0000e+00
       7803    102.417    -1.6389    -1.6382   2.601840   2.602275     2.0200     2.4364      7.906     0.7616     2.7930 1.0715e-01    -0.1453   103.6992     7.8721     8.1459    32.6859    32.6913    26.2959    26.3002    8.54422 0.0000e+00
       7806    102.303    -1.6399    -1.6407   2.601690   2.601809     2.0209     2.4377      7.906     0.7722     2.7535 1.0715e-01    -0.1456   103.7082     7.8714     8.1539    32.6851    32.6877    26.2953    26.2973    8.54452 0.0000e+00
       7809    102.188    -1.6403    -1.6431   2.601646   2.601708     2.0209     2.4381      7.908     0.7722     2.7535 1.0715e-01    -0.1456   103.7082     7.8678     8.1599    32.6850    32.6889    26.2951    26.2984    8.54461 0.0000e+00
       7812    102.080    -1.6401    -1.6418   2.601616   2.601963     2.0209     2.4369      7.906     0.7722     2.7535 1.0715e-01    -0.1453   103.6992     7.8687     8.1551    32.6844    32.6911    26.2947    26.3001    8.54460 0.0000e+00
       7815    101.974    -1.6398    -1.6427   2.601601   2.601504     2.0196     2.4360      7.908     0.7616     2.7535 1.0715e-01    -0.1456   103.7082     7.8634     8.1500    32.6840    32.6858    26.2943    26.2959    8.54457 0.0000e+00
       7818    101.871    -1.6399    -1.6444   2.601603   2.601275     2.0205     2.4360      7.909     0.7616     2.7535 1.0740e-01    -0.1453   103.6992     7.8687     8.1500    32.6841    32.6846    26.2944    26.2949    8.54457 0.0000e+00
       7821    101.774    -1.6401    -1.6454   2.601569   2.601197     2.0205     2.4360      7.906     0.7722     2.7535 1.0715e-01    -0.1453   103.6992     7.8729     8.1501    32.6840    32.6846    26.2943    26.2950    8.54463 0.0000e+00
       7824    101.679    -1.6401    -1.6458   2.601563   2.601185     2.0205     2.4360      7.906     0.7616     2.7535 1.0727e-01    -0.1456   103.7082     7.8745     8.1477    32.6840    32.6850    26.2943    26.2952    8.54464 0.0000e+00
       7827    101.591    -1.6400    -1.6459   2.601523   2.601168     2.0200     2.4364      7.906     0.7722     2.2798 1.0715e-01    -0.1456   103.7082     7.8703     8.1479    32.6833    32.6850    26.2938    26.2952    8.54465 0.0000e+00
       7830    101.507    -1.6399    -1.6460   2.601526   2.601105     2.0200     2.4373      7.906     0.7616     0.9375 1.0715e-01    -0.1456   103.7082     7.8693     8.1508    32.6834    32.6842    26.2938    26.2947    8.54463 0.0000e+00
       7833    101.428    -1.6401    -1.6459   2.601507   2.601103     2.0209     2.4373      7.906     0.7722     0.9770 1.0715e-01    -0.1456   103.7082     7.8777     8.1569    32.6833    32.6841    26.2938    26.2945    8.54466 0.0000e+00
       7836    101.352    -1.6400    -1.6459   2.601492   2.601106     2.0213     2.4364      7.906     0.7616     0.9770 1.0715e-01    -0.1456   103.7082     7.8814     8.1599    32.6831    32.6842    26.2936    26.2946    8.54467 0.0000e+00
       7839    101.279    -1.6401    -1.6460   2.601488   2.601110     2.0205     2.4369      7.909     0.7616     0.9770 1.0715e-01    -0.1456   103.7082     7.8751     8.1626    32.6831    32.6844    26.2936    26.2948    8.54467 0.0000e+00
       7842    101.212    -1.6398    -1.6460   2.601516   2.601112     2.0209     2.4360      7.906     0.7616     0.9770 1.0727e-01    -0.1456   103.7082     7.8784     8.1544    32.6833    32.6845    26.2937    26.2949    8.54461 0.0000e+00
       7845    101.148    -1.6399    -1.6459   2.601500   2.601108     2.0209     2.4360      7.908     0.7722     0.9770 1.0715e-01    -0.1456   103.7082     7.8803     8.1526    32.6832    32.6844    26.2936    26.2948    8.54463 0.0000e+00
       7848    101.087    -1.6397    -1.6460   2.601500   2.601095     2.0209     2.4360      7.906     0.7722     0.9770 1.0727e-01    -0.1456   103.7082     7.8800     8.1518    32.6830    32.6843    26.2935    26.2947    8.54460 0.0000e+00
       7851    101.027    -1.6399    -1.6459   2.601507   2.601092     2.0200     2.4369      7.906     0.7616     0.9770 1.0715e-01    -0.1456   103.7082     7.8776     8.1522    32.6834    32.6842    26.2938    26.2947    8.54463 0.0000e+00
       7854    100.969    -1.6398    -1.6459   2.601470   2.601097     2.0213     2.4360      7.906     0.7510    -0.0889 1.0715e-01    -0.1456   103.7082     7.8784     8.1499    32.6828    32.6844    26.2933    26.2947    8.54463 0.0000e+00
       7857    100.915    -1.6400    -1.6459   2.601461   2.601084     2.0209     2.4373      7.906     0.7722    -0.9575 1.0715e-01    -0.1456   103.7082     7.8774     8.1589    32.6829    32.6842    26.2934    26.2946    8.54467 0.0000e+00
       7860    100.859    -1.6399    -1.6459   2.601464   2.601067     2.0205     2.4373      7.908     0.7616    -0.9180 1.0715e-01    -0.1456   103.7082     7.8800     8.1634    32.6829    32.6840    26.2934    26.2944    8.54465 0.0000e+00
       7863    100.802    -1.6399    -1.6460   2.601441   2.601052     2.0205     2.4364      7.908     0.7616    -0.9180 1.0715e-01    -0.1460   103.7172     7.8833     8.1634    32.6826    32.6839    26.2932    26.2944    8.54467 0.0000e+00
       7866    100.742    -1.6398    -1.6460   2.601453   2.601072     2.0221     2.4356      7.908     0.7722    -0.9180 1.0715e-01    -0.1460   103.7172     7.8890     8.1614    32.6827    32.6843    26.2933    26.2947    8.54464 0.0000e+00
       7869    100.681    -1.6396    -1.6458   2.601495   2.601054     2.0209     2.4369      7.906     0.7616    -0.9180 1.0740e-01    -0.1463   103.7263     7.8838     8.1662    32.6830    32.6838    26.2936    26.2943    8.54456 0.0000e+00
       7872    100.616    -1.6396    -1.6460   2.601534   2.601053     2.0217     2.4364      7.906     0.7616    -0.9180 1.0715e-01    -0.1460   103.7172     7.8895     8.1635    32.6836    32.6840    26.2940    26.2945    8.54453 0.0000e+00
       7875    100.547    -1.6396    -1.6460   2.601567   2.600999     2.0209     2.4364      7.906     0.7616    -0.9180 1.0715e-01    -0.1460   103.7172     7.8850     8.1640    32.6842    32.6833    26.2945    26.2939    8.54451 0.0000e+00
       7878    100.477    -1.6388    -1.6459   2.601636   2.600998     2.0209     2.4364      7.906     0.7722    -0.9180 1.0727e-01    -0.1460   103.7172     7.8833     8.1673    32.6842    32.6833    26.2945    26.2938    8.54430 0.0000e+00
       7881    100.401    -1.6388    -1.6458   2.601612   2.601044     2.0221     2.4373      7.909     0.7722    -1.4707 1.0715e-01    -0.1460   103.7172     7.8872     8.1742    32.6840    32.6839    26.2943    26.2944    8.54433 0.0000e+00
       7884    100.320    -1.6389    -1.6454   2.601659   2.601098     2.0221     2.4373      7.908     0.7616    -1.5891 1.0727e-01    -0.1456   103.7082     7.8844     8.1761    32.6848    32.6842    26.2950    26.2946    8.54430 0.0000e+00
       7887    100.236    -1.6384    -1.6453   2.601695   2.601109     2.0221     2.4377      7.908     0.7616    -1.5891 1.0727e-01    -0.1456   103.7082     7.8812     8.1780    32.6848    32.6842    26.2949    26.2946    8.54418 0.0000e+00
       7890    100.146    -1.6383    -1.6452   2.601596   2.601123     2.0209     2.4373      7.906     0.7722    -1.6286 1.0715e-01    -0.1456   103.7082     7.8750     8.1733    32.6834    32.6844    26.2938    26.2948    8.54425 0.0000e+00
       7893    100.053    -1.6386    -1.6453   2.601522   2.601119     2.0217     2.4373      7.906     0.7616    -1.5497 1.0715e-01    -0.1456   103.7082     7.8814     8.1737    32.6828    32.6846    26.2933    26.2949    8.54436 0.0000e+00
       7896     99.956    -1.6385    -1.6448   2.601519   2.601227     2.0221     2.4373      7.906     0.7616    -1.5102 1.0715e-01    -0.1456   103.7082     7.8848     8.1761    32.6827    32.6856    26.2932    26.2957    8.54433 0.0000e+00
       7899     99.852    -1.6385    -1.6440   2.601523   2.601377     2.0221     2.4377      7.906     0.7510    -1.5891 1.0715e-01    -0.1456   103.7082     7.8868     8.1756    32.6828    32.6868    26.2933    26.2966    8.54433 0.0000e+00
       7902     99.746    -1.6384    -1.6435   2.601556   2.601166     2.0217     2.4389      7.906     0.7299    -1.5891 1.0715e-01    -0.1453   103.6992     7.8813     8.1810    32.6832    32.6833    26.2937    26.2939    8.54429 0.0000e+00
       7905     99.637    -1.6383    -1.6443   2.601593   2.601045     2.0209     2.4385      7.906     0.7405    -1.4312 1.0715e-01    -0.1446   103.6811     7.8793     8.1759    32.6836    32.6826    26.2940    26.2933    8.54422 0.0000e+00
       7908     99.524    -1.6380    -1.6443   2.601574   2.601096     2.0217     2.4373      7.906     0.7299    -0.8391 1.0740e-01    -0.1446   103.6811     7.8855     8.1704    32.6831    32.6834    26.2936    26.2939    8.54420 0.0000e+00
       7911     99.410    -1.6380    -1.6439   2.601546   2.601159     2.0221     2.4373      7.906     0.7299    -0.7996 1.0715e-01    -0.1446   103.6811     7.8911     8.1730    32.6828    32.6839    26.2933    26.2943    8.54421 0.0000e+00
       7914     99.292    -1.6380    -1.6440   2.601557   2.601110     2.0221     2.4381      7.908     0.7299    -0.8391 1.0715e-01    -0.1446   103.6811     7.8912     8.1783    32.6830    32.6835    26.2935    26.2940    8.54419 0.0000e+00
       7917     99.171    -1.6378    -1.6440   2.601539   2.601169     2.0221     2.4393      7.906     0.7405    -0.8391 1.0727e-01    -0.1446   103.6811     7.8867     8.1825    32.6826    32.6843    26.2931    26.2946    8.54417 0.0000e+00
       7920     99.050    -1.6374    -1.6440   2.601495   2.601187     2.0229     2.4385      7.906     0.7299    -0.8391 1.0715e-01    -0.1446   103.6811     7.8928     8.1756    32.6817    32.6847    26.2924    26.2950    8.54414 0.0000e+00
       7923     98.930    -1.6374    -1.6439   2.601418   2.601246     2.0221     2.4389      7.906     0.7299    -0.7996 1.0715e-01    -0.1446   103.6811     7.8917     8.1755    32.6807    32.6854    26.2916    26.2955    8.54419 0.0000e+00
       7926     98.810    -1.6367    -1.6435   2.601359   2.601158     2.0225     2.4389      7.906     0.7722    -0.8391 1.0715e-01    -0.1453   103.6992     7.8961     8.1733    32.6792    32.6838    26.2903    26.2943    8.54412 0.0000e+00
       7929     98.692    -1.6362    -1.6427   2.601349   2.601031     2.0233     2.4381      7.906     0.7722    -0.7996 1.0727e-01    -0.1446   103.6811     7.8955     8.1698    32.6786    32.6813    26.2898    26.2922    8.54403 0.0000e+00
       7932     98.571    -1.6346    -1.6408   2.601402   2.601032     2.0221     2.4389      7.906     0.7616    -0.2074 1.0727e-01    -0.1446   103.6811     7.8823     8.1707    32.6776    32.6793    26.2890    26.2906    8.54372 0.0000e+00
       7935     98.449    -1.6334    -1.6394   2.601485   2.601101     2.0233     2.4397      7.908     0.7510     0.7401 1.0727e-01    -0.1446   103.6811     7.8851     8.1738    32.6776    32.6787    26.2889    26.2900    8.54344 0.0000e+00
       7938     98.335    -1.6320    -1.6382   2.601541   2.601149     2.0225     2.4397      7.906     0.7616     0.7401 1.0715e-01    -0.1446   103.6811     7.8791     8.1720    32.6768    32.6782    26.2883    26.2896    8.54315 0.0000e+00
       7941     98.221    -1.6313    -1.6375   2.601571   2.601175     2.0221     2.4389      7.906     0.7616     0.6612 1.0715e-01    -0.1449   103.6901     7.8783     8.1684    32.6765    32.6778    26.2881    26.2892    8.54301 0.0000e+00
       7944     98.111    -1.6308    -1.6371   2.601575   2.601184     2.0233     2.4389      7.906     0.7510     0.7401 1.0715e-01    -0.1453   103.6992     7.8878     8.1705    32.6761    32.6776    26.2877    26.2891    8.54292 0.0000e+00
       7947     98.010    -1.6298    -1.6370   2.601597   2.601167     2.0233     2.4393      7.906     0.7722     0.7401 1.0727e-01    -0.1456   103.7082     7.8878     8.1734    32.6753    32.6773    26.2870    26.2888    8.54271 0.0000e+00
       7950     97.914    -1.6298    -1.6368   2.601601   2.601173     2.0233     2.4385      7.906     0.7510     0.7401 1.0715e-01    -0.1456   103.7082     7.8859     8.1716    32.6755    32.6773    26.2871    26.2888    8.54271 0.0000e+00
       7953     97.819    -1.6300    -1.6364   2.601549   2.601168     2.0221     2.4385      7.906     0.7722     0.7401 1.0727e-01    -0.1456   103.7082     7.8802     8.1732    32.6750    32.6767    26.2868    26.2883    8.54278 0.0000e+00
       7956     97.725    -1.6299    -1.6362   2.601523   2.601135     2.0225     2.4389      7.906     0.7616     0.7401 1.0715e-01    -0.1456   103.7082     7.8822     8.1739    32.6745    32.6762    26.2864    26.2879    8.54278 0.0000e+00
