Datasets/AZMP/TEL210/tel210_2020_077.cnv
* Sea-Bird SBE 9 Data File:
* FileName = C:\CTDDATA\tel210_2020_077.hex
* Software Version Seasave V 7.26.7.110
* Temperature SN = 1697
* Conductivity SN = 4216
* Number of Bytes Per Scan = 30
* Number of Voltage Words = 4
* Number of Scans Averaged by the Deck Unit = 1
* NMEA baud rate = 4800
** VESSEL/TRIP/SEQ STN:  tel210_2020_077
** LATITUDE XX XX.XX: 52 42.39 N
** LONGITUDE XX XX.XX: 053 46.86 W
** SOUNDING DEPTH (M): 0408
** PROBE TYPE: S1146
** CTD NUMBER: 050
** COMMENTS (14 CHAR): C6-03
** BOTTLES:  0
** LEVELS:
** STICKERS:
** VNET: N
** DO2: N
# nquan = 22
# nvalues = 9142                        
# units = specified
# name 0 = scan: Scan Count
# name 1 = prDM: Pressure, Digiquartz [db]
# name 2 = t090C: Temperature [ITS-90, deg C]
# name 3 = t190C: Temperature, 2 [ITS-90, deg C]
# name 4 = c0S/m: Conductivity [S/m]
# name 5 = c1S/m: Conductivity, 2 [S/m]
# name 6 = sbeox0V: Oxygen raw, SBE 43 [V]
# name 7 = sbeox1V: Oxygen raw, SBE 43, 2 [V]
# name 8 = ph: pH
# name 9 = flECO-AFL: Fluorescence, WET Labs ECO-AFL/FL [mg/m^3]
# name 10 = wetCDOM: Fluorescence, WET Labs CDOM [mg/m^3]
# name 11 = par/sat/log: PAR/Logarithmic, Satlantic [umol photons/m^2/sec]
# name 12 = CStarAt0: Beam Attenuation, WET Labs C-Star [1/m]
# name 13 = CStarTr0: Beam Transmission, WET Labs C-Star [%]
# name 14 = sbeox0ML/L: Oxygen, SBE 43 [ml/l], WS = 2
# name 15 = sbeox1ML/L: Oxygen, SBE 43, 2 [ml/l], WS = 2
# name 16 = sal00: Salinity, Practical [PSU]
# name 17 = sal11: Salinity, Practical, 2 [PSU]
# name 18 = sigma-t00: Density [sigma-t, kg/m^3 ]
# name 19 = sigma-t11: Density, 2 [sigma-t, kg/m^3 ]
# name 20 = oxsatML/L: Oxygen Saturation, Weiss [ml/l]
# name 21 = flag: flag
# span 0 =         49,      28701       
# span 1 =      1.862,    407.460       
# span 2 =    -0.9693,     9.3594       
# span 3 =    -0.9765,     9.3505       
# span 4 =   2.658065,   3.465934       
# span 5 =   2.657086,   3.465379       
# span 6 =     1.8873,     2.5579       
# span 7 =     2.2765,     3.1374       
# span 8 =      7.898,      8.179       
# span 9 =     0.6558,    25.3754       
# span 10 =    -2.8130,   482.1870      
# span 11 = 1.0678e-01, 1.2057e+03      
# span 12 =    -0.1436,     1.5813      
# span 13 =    67.3457,   103.6539      
# span 14 =     6.3246,    10.3384      
# span 15 =     6.6109,    10.5974      
# span 16 =    31.5409,    34.6954      
# span 17 =    32.0525,    34.6963      
# span 18 =    24.7640,    27.5987      
# span 19 =    24.7707,    27.5999      
# span 20 =    6.52897,    8.38376      
# span 21 = 0.0000e+00, 0.0000e+00      
# interval = scans: 3                   
# start_time = Jul 24 2020 12:38:17 [System UTC, header]
# bad_flag = -9.990e-29
*END*
[from data line 593]
       2255     59.640    -0.7145    -0.7177   2.713090   2.712716     2.0016     2.4273      7.937     0.8992    -0.0889 1.0715e-01    -0.1000   102.5326     7.4648     7.8082    33.2136    33.2120    26.6951    26.6940    8.30136 0.0000e+00
       2258     59.750    -0.7122    -0.7160   2.713302   2.712892     2.0024     2.4273      7.937     0.8886    -0.0889 1.0715e-01    -0.1043   102.6411     7.4678     7.8080    33.2138    33.2125    26.6952    26.6943    8.30083 0.0000e+00
       2261     59.853    -0.7108    -0.7150   2.713427   2.713019     2.0003     2.4273      7.939     0.8992    -0.0889 1.0715e-01    -0.1036   102.6230     7.4563     7.8089    33.2139    33.2130    26.6953    26.6947    8.30052 0.0000e+00
       2264     59.959    -0.7095    -0.7142   2.713550   2.713145     2.0012     2.4273      7.937     0.8886    -0.0889 1.0715e-01    -0.1043   102.6411     7.4613     7.8067    33.2140    33.2137    26.6954    26.6953    8.30021 0.0000e+00
       2267     60.067    -0.7084    -0.7132   2.713661   2.713229     2.0012     2.4269      7.937     0.8992    -0.0889 1.0715e-01    -0.1039   102.6320     7.4649     7.8066    33.2143    33.2137    26.6955    26.6952    8.29995 0.0000e+00
       2270     60.177    -0.7078    -0.7125   2.713739   2.713298     2.0016     2.4273      7.937     0.8992    -0.0889 1.0715e-01    -0.1046   102.6501     7.4696     7.8070    33.2145    33.2138    26.6957    26.6953    8.29980 0.0000e+00
       2273     60.289    -0.7068    -0.7120   2.713860   2.713401     2.0016     2.4265      7.937     0.8675    -0.0889 1.0715e-01    -0.1043   102.6411     7.4660     7.8035    33.2150    33.2146    26.6960    26.6959    8.29954 0.0000e+00
       2276     60.403    -0.7059    -0.7111   2.713935   2.713522     2.0012     2.4273      7.937     0.8569     0.2269 1.0715e-01    -0.0990   102.5054     7.4676     7.8049    33.2150    33.2152    26.6960    26.6963    8.29935 0.0000e+00
       2279     60.518    -0.7050    -0.7101   2.714082   2.713632     2.0016     2.4273      7.938     0.8675     0.5032 1.0715e-01    -0.0976   102.4693     7.4740     7.8032    33.2160    33.2155    26.6967    26.6966    8.29910 0.0000e+00
       2282     60.628    -0.7040    -0.7090   2.714256   2.713789     2.0003     2.4273      7.937     0.8780     0.5032 1.0715e-01    -0.0972   102.4602     7.4700     7.8022    33.2171    33.2163    26.6977    26.6971    8.29881 0.0000e+00
       2285     60.738    -0.7028    -0.7079   2.714356   2.713918     2.0012     2.4265      7.937     0.8675     0.5032 1.0715e-01    -0.0972   102.4602     7.4762     7.7987    33.2171    33.2168    26.6975    26.6975    8.29854 0.0000e+00
       2288     60.850    -0.7020    -0.7070   2.714546   2.714095     2.0016     2.4269      7.937     0.8675     0.5032 1.0715e-01    -0.0972   102.4602     7.4727     7.7986    33.2187    33.2181    26.6988    26.6985    8.29828 0.0000e+00
       2291     60.962    -0.7010    -0.7058   2.714750   2.714318     2.0020     2.4269      7.937     0.8780     0.5032 1.0715e-01    -0.0972   102.4602     7.4683     7.7974    33.2203    33.2198    26.7000    26.6998    8.29795 0.0000e+00
       2294     61.071    -0.6996    -0.7046   2.714874   2.714474     2.0007     2.4265      7.938     0.8780     0.5032 1.0715e-01    -0.0976   102.4693     7.4612     7.7962    33.2203    33.2205    26.7000    26.7003    8.29764 0.0000e+00
       2297     61.181    -0.6988    -0.7037   2.714995   2.714582     2.0012     2.4269      7.937     0.8569     0.5032 1.0715e-01    -0.1078   102.7316     7.4647     7.7969    33.2211    33.2209    26.7006    26.7006    8.29743 0.0000e+00
       2300     61.287    -0.6978    -0.7028   2.715175   2.714735     2.0012     2.4261      7.937     0.8463     0.5032 1.0715e-01    -0.1089   102.7587     7.4618     7.7899    33.2223    33.2218    26.7015    26.7014    8.29712 0.0000e+00
       2303     61.393    -0.6966    -0.7017   2.715430   2.714975     2.0020     2.4261      7.937     0.8251     1.0165 1.0715e-01    -0.1089   102.7587     7.4639     7.7893    33.2243    33.2238    26.7032    26.7029    8.29674 0.0000e+00
       2306     61.497    -0.6953    -0.7002   2.715630   2.715199     2.0012     2.4265      7.937     0.8357     1.0954 1.0715e-01    -0.1089   102.7587     7.4581     7.7911    33.2255    33.2251    26.7041    26.7039    8.29637 0.0000e+00
       2309     61.599    -0.6943    -0.6993   2.715917   2.715509     2.0016     2.4261      7.938     0.8569     1.0954 1.0715e-01    -0.1085   102.7496     7.4552     7.7915    33.2283    33.2283    26.7062    26.7065    8.29600 0.0000e+00
       2312     61.700    -0.6933    -0.6982   2.716150   2.715710     1.9999     2.4253      7.937     0.8357     1.0559 1.0715e-01    -0.1089   102.7587     7.4488     7.7861    33.2302    33.2297    26.7078    26.7076    8.29566 0.0000e+00
       2315     61.798    -0.6918    -0.6970   2.716329   2.715896     1.9999     2.4261      7.938     0.8569     1.0954 1.0715e-01    -0.1074   102.7225     7.4515     7.7893    33.2309    33.2308    26.7083    26.7084    8.29528 0.0000e+00
       2318     61.897    -0.6906    -0.6954   2.716530   2.716083     2.0012     2.4269      7.937     0.8357     1.0954 1.0715e-01    -0.1064   102.6954     7.4604     7.7896    33.2322    33.2315    26.7093    26.7089    8.29494 0.0000e+00
       2321     61.994    -0.6890    -0.6939   2.716735   2.716298     2.0008     2.4249      7.937     0.8357     1.0954 1.0715e-01    -0.1067   102.7044     7.4565     7.7823    33.2332    33.2327    26.7100    26.7098    8.29453 0.0000e+00
       2324     62.090    -0.6881    -0.6925   2.716883   2.716486     2.0004     2.4253      7.937     0.8569     1.0954 1.0715e-01    -0.1067   102.7044     7.4550     7.7850    33.2341    33.2337    26.7107    26.7105    8.29427 0.0000e+00
       2327     62.184    -0.6871    -0.6918   2.717003   2.716571     1.9995     2.4253      7.938     0.8463     1.2533 1.0715e-01    -0.1064   102.6954     7.4523     7.7853    33.2346    33.2339    26.7111    26.7108    8.29402 0.0000e+00
       2330     62.278    -0.6863    -0.6914   2.717116   2.716657     2.0003     2.4253      7.937     0.8463     2.2798 1.0715e-01    -0.1067   102.7044     7.4630     7.7847    33.2351    33.2346    26.7115    26.7113    8.29381 0.0000e+00
       2333     62.371    -0.6853    -0.6904   2.717241   2.716820     2.0003     2.4257      7.937     0.8251     2.2798 1.0715e-01    -0.1067   102.7044     7.4638     7.7892    33.2357    33.2357    26.7119    26.7121    8.29356 0.0000e+00
       2336     62.463    -0.6847    -0.6895   2.717392   2.716677     2.0012     2.4249      7.937     0.8251     2.2798 1.0715e-01    -0.1092   102.7677     7.4688     7.7900    33.2370    33.2327    26.7130    26.7096    8.29335 0.0000e+00
       2339     62.556    -0.6835    -0.6888   2.717512   2.716283     2.0008     2.4245      7.937     0.8251     2.2798 1.0715e-01    -0.1120   102.8400     7.4630     7.7876    33.2372    33.2265    26.7131    26.7046    8.29306 0.0000e+00
       2342     62.645    -0.6828    -0.6881   2.717588   2.717182     1.9999     2.4245      7.937     0.8463     2.2798 1.0715e-01    -0.1120   102.8400     7.4553     7.7896    33.2374    33.2378    26.7132    26.7137    8.29290 0.0000e+00
       2345     62.738    -0.6824    -0.6877   2.717633   2.717226     2.0008     2.4245      7.937     0.8463     2.2798 1.0715e-01    -0.1120   102.8400     7.4589     7.7932    33.2376    33.2379    26.7133    26.7138    8.29280 0.0000e+00
       2348     62.828    -0.6818    -0.6872   2.717700   2.717291     1.9999     2.4253      7.937     0.8357     2.2798 1.0715e-01    -0.1120   102.8400     7.4539     7.7956    33.2378    33.2382    26.7135    26.7140    8.29266 0.0000e+00
       2351     62.920    -0.6815    -0.6868   2.717778   2.717379     2.0003     2.4249      7.937     0.8780     2.2798 1.0715e-01    -0.1120   102.8400     7.4548     7.7940    33.2384    33.2388    26.7140    26.7145    8.29256 0.0000e+00
       2354     63.018    -0.6810    -0.6860   2.717892   2.717472     2.0012     2.4240      7.937     0.8992     2.5562 1.0715e-01    -0.1120   102.8400     7.4564     7.7915    33.2394    33.2392    26.7148    26.7148    8.29239 0.0000e+00
       2357     63.110    -0.6803    -0.6857   2.717929   2.717511     1.9999     2.4261      7.937     0.9097     2.9904 1.0715e-01    -0.1001   102.5326     7.4508     7.8030    33.2390    33.2393    26.7144    26.7149    8.29225 0.0000e+00
       2360     63.204    -0.6799    -0.6853   2.717984   2.717563     1.9999     2.4249      7.937     0.8992     2.9904 1.0715e-01    -0.0965   102.4421     7.4522     7.7978    33.2392    33.2395    26.7146    26.7150    8.29214 0.0000e+00
       2363     63.300    -0.6792    -0.6845   2.718168   2.717732     1.9999     2.4249      7.937     0.9203     2.9904 1.0715e-01    -0.0965   102.4421     7.4544     7.7978    33.2410    33.2409    26.7160    26.7161    8.29190 0.0000e+00
       2366     63.394    -0.6785    -0.6836   2.718336   2.717917     1.9995     2.4249      7.937     0.9097     2.9904 1.0715e-01    -0.0962   102.4331     7.4503     7.7943    33.2423    33.2423    26.7170    26.7172    8.29165 0.0000e+00
       2369     63.488    -0.6775    -0.6825   2.718502   2.718078     1.9995     2.4249      7.937     0.8886     2.9904 1.0715e-01    -0.0969   102.4512     7.4499     7.7908    33.2434    33.2433    26.7179    26.7179    8.29137 0.0000e+00
       2372     63.583    -0.6766    -0.6817   2.718611   2.718196     1.9995     2.4245      7.937     0.8992     2.9904 1.0715e-01    -0.0965   102.4421     7.4500     7.7881    33.2439    33.2439    26.7182    26.7184    8.29116 0.0000e+00
       2375     63.679    -0.6761    -0.6813   2.718692   2.718271     1.9999     2.4249      7.937     0.9097     2.9904 1.0715e-01    -0.0976   102.4693     7.4520     7.7912    33.2443    33.2444    26.7186    26.7188    8.29101 0.0000e+00
       2378     63.776    -0.6753    -0.6809   2.718797   2.718339     1.9999     2.4249      7.937     0.9097     2.9904 1.0715e-01    -0.1113   102.8220     7.4540     7.7913    33.2449    33.2448    26.7189    26.7191    8.29081 0.0000e+00
       2381     63.872    -0.6750    -0.6805   2.718867   2.718408     2.0003     2.4253      7.937     0.9097     0.7401 1.0715e-01    -0.1120   102.8400     7.4569     7.7900    33.2454    33.2452    26.7193    26.7194    8.29071 0.0000e+00
       2384     63.969    -0.6745    -0.6802   2.718892   2.718434     1.9999     2.4240      7.937     0.9203    -0.2469 1.0715e-01    -0.1120   102.8400     7.4526     7.7898    33.2451    33.2452    26.7191    26.7194    8.29062 0.0000e+00
       2387     64.066    -0.6744    -0.6800   2.718925   2.718435     1.9999     2.4249      7.937     0.8992    -0.2074 1.0715e-01    -0.1120   102.8400     7.4515     7.7908    33.2454    33.2450    26.7193    26.7192    8.29057 0.0000e+00
       2390     64.164    -0.6742    -0.6798   2.718946   2.718493     1.9987     2.4240      7.937     0.8992    -0.2074 1.0715e-01    -0.1120   102.8400     7.4435     7.7856    33.2454    33.2455    26.7193    26.7196    8.29053 0.0000e+00
       2393     64.265    -0.6739    -0.6798   2.718947   2.718535     1.9999     2.4236      7.937     0.9097    -0.2074 1.0715e-01    -0.1120   102.8400     7.4472     7.7831    33.2450    33.2459    26.7190    26.7200    8.29048 0.0000e+00
       2396     64.367    -0.6740    -0.6795   2.718970   2.718549     1.9991     2.4249      7.937     0.8992    -0.2074 1.0715e-01    -0.1141   102.8943     7.4411     7.7883    33.2454    33.2457    26.7193    26.7198    8.29048 0.0000e+00
       2399     64.468    -0.6739    -0.6796   2.718981   2.718564     1.9995     2.4249      7.937     0.9097    -0.2469 1.0715e-01    -0.1194   103.0299     7.4411     7.7866    33.2453    33.2460    26.7193    26.7201    8.29046 0.0000e+00
       2402     64.569    -0.6739    -0.6794   2.718995   2.718575     1.9991     2.4245      7.937     0.8886    -0.2074 1.0715e-01    -0.1194   103.0299     7.4389     7.7852    33.2455    33.2458    26.7194    26.7199    8.29046 0.0000e+00
       2405     64.677    -0.6738    -0.6795   2.718990   2.718599     1.9991     2.4245      7.937     0.9097    -0.2469 1.0715e-01    -0.1194   103.0299     7.4401     7.7864    33.2452    33.2462    26.7192    26.7202    8.29045 0.0000e+00
       2408     64.783    -0.6737    -0.6791   2.719012   2.718588     1.9987     2.4245      7.937     0.8992    -0.4443 1.0715e-01    -0.1194   103.0299     7.4402     7.7837    33.2454    33.2456    26.7193    26.7197    8.29042 0.0000e+00
       2411     64.888    -0.6735    -0.6794   2.719024   2.718616     1.9991     2.4236      7.937     0.8992    -0.4443 1.0715e-01    -0.1194   103.0299     7.4452     7.7771    33.2453    33.2462    26.7192    26.7202    8.29038 0.0000e+00
       2414     64.997    -0.6736    -0.6792   2.719071   2.718634     1.9983     2.4236      7.937     0.8992    -0.4443 1.0715e-01    -0.1194   103.0299     7.4433     7.7764    33.2459    33.2462    26.7197    26.7202    8.29036 0.0000e+00
       2417     65.109    -0.6734    -0.6790   2.719088   2.718659     1.9987     2.4240      7.937     0.9203    -0.4443 1.0715e-01    -0.1155   102.9305     7.4454     7.7792    33.2459    33.2463    26.7197    26.7202    8.29033 0.0000e+00
       2420     65.222    -0.6732    -0.6786   2.719120   2.718704     1.9983     2.4236      7.937     0.8992    -0.4443 1.0715e-01    -0.1131   102.8672     7.4442     7.7765    33.2460    33.2463    26.7198    26.7202    8.29027 0.0000e+00
       2423     65.337    -0.6729    -0.6785   2.719128   2.718714     1.9983     2.4236      7.937     0.9097    -0.4443 1.0715e-01    -0.1131   102.8672     7.4471     7.7783    33.2457    33.2462    26.7196    26.7202    8.29022 0.0000e+00
       2426     65.454    -0.6731    -0.6784   2.719122   2.718758     1.9987     2.4240      7.937     0.9097    -0.4443 1.0715e-01    -0.1131   102.8672     7.4519     7.7810    33.2457    33.2467    26.7196    26.7206    8.29026 0.0000e+00
       2429     65.572    -0.6725    -0.6783   2.719166   2.718773     1.9983     2.4232      7.937     0.8780    -0.4443 1.0715e-01    -0.1127   102.8581     7.4523     7.7783    33.2456    33.2467    26.7194    26.7206    8.29013 0.0000e+00
       2432     65.694    -0.6728    -0.6780   2.719222   2.718828     1.9983     2.4224      7.937     0.8145     0.0689 1.0715e-01    -0.1131   102.8672     7.4549     7.7792    33.2466    33.2471    26.7203    26.7209    8.29014 0.0000e+00
       2435     65.816    -0.6722    -0.6773   2.719295   2.718919     1.9987     2.4224      7.937     0.8145     1.9640 1.0715e-01    -0.1131   102.8672     7.4578     7.7791    33.2469    33.2474    26.7205    26.7211    8.29000 0.0000e+00
       2438     65.942    -0.6716    -0.6768   2.719352   2.718979     1.9995     2.4232      7.937     0.7934     1.9245 1.0715e-01    -0.1131   102.8672     7.4609     7.7815    33.2469    33.2476    26.7205    26.7212    8.28986 0.0000e+00
       2441     66.071    -0.6714    -0.6768   2.719369   2.718947     1.9975     2.4240      7.937     0.8040     1.9245 1.0715e-01    -0.1131   102.8672     7.4515     7.7850    33.2468    33.2471    26.7204    26.7209    8.28982 0.0000e+00
       2444     66.199    -0.6712    -0.6769   2.719397   2.718977     1.9983     2.4228      7.935     0.7934     1.9245 1.0715e-01    -0.1131   102.8672     7.4550     7.7818    33.2469    33.2476    26.7204    26.7212    8.28976 0.0000e+00
       2447     66.330    -0.6711    -0.6766   2.719385   2.719014     1.9987     2.4232      7.937     0.8040     1.9245 1.0715e-01    -0.1131   102.8672     7.4580     7.7838    33.2465    33.2477    26.7201    26.7212    8.28976 0.0000e+00
