Datasets/AZMP/TEL210/tel210_2020_005.cnv
* Sea-Bird SBE 9 Data File:
* FileName = C:\CTDDATA\tel210_2020_005.hex
* Software Version Seasave V 7.26.7.110
* Temperature SN = 1697
* Conductivity SN = 4216
* Number of Bytes Per Scan = 30
* Number of Voltage Words = 4
* Number of Scans Averaged by the Deck Unit = 1
* NMEA baud rate = 4800
** VESSEL/TRIP/SEQ STN:  tel210_2020_005
** LATITUDE XX XX.XX: 47 00.00 N
** LONGITUDE XX XX.XX: 052 34.80 W
** SOUNDING DEPTH (M): 0156
** PROBE TYPE: S1146
** CTD NUMBER: 004
** COMMENTS (14 CHAR): FC-03
** BOTTLES:  9
** LEVELS: 5,10,20,30,40,50,75,100,BTM
** STICKERS: 435762 - 435770
** VNET: Y
** DO2: Y
# nquan = 22
# nvalues = 3769                        
# units = specified
# name 0 = scan: Scan Count
# name 1 = prDM: Pressure, Digiquartz [db]
# name 2 = t090C: Temperature [ITS-90, deg C]
# name 3 = t190C: Temperature, 2 [ITS-90, deg C]
# name 4 = c0S/m: Conductivity [S/m]
# name 5 = c1S/m: Conductivity, 2 [S/m]
# name 6 = sbeox0V: Oxygen raw, SBE 43 [V]
# name 7 = sbeox1V: Oxygen raw, SBE 43, 2 [V]
# name 8 = ph: pH
# name 9 = flECO-AFL: Fluorescence, WET Labs ECO-AFL/FL [mg/m^3]
# name 10 = wetCDOM: Fluorescence, WET Labs CDOM [mg/m^3]
# name 11 = par/sat/log: PAR/Logarithmic, Satlantic [umol photons/m^2/sec]
# name 12 = CStarAt0: Beam Attenuation, WET Labs C-Star [1/m]
# name 13 = CStarTr0: Beam Transmission, WET Labs C-Star [%]
# name 14 = sbeox0ML/L: Oxygen, SBE 43 [ml/l], WS = 2
# name 15 = sbeox1ML/L: Oxygen, SBE 43, 2 [ml/l], WS = 2
# name 16 = sal00: Salinity, Practical [PSU]
# name 17 = sal11: Salinity, Practical, 2 [PSU]
# name 18 = sigma-t00: Density [sigma-t, kg/m^3 ]
# name 19 = sigma-t11: Density, 2 [sigma-t, kg/m^3 ]
# name 20 = oxsatML/L: Oxygen Saturation, Weiss [ml/l]
# name 21 = flag: flag
# span 0 =         28,      35328       
# span 1 =      0.870,    154.765       
# span 2 =    -0.4352,    12.0877       
# span 3 =    -0.4348,    12.0843       
# span 4 =   2.720446,   3.674647       
# span 5 =   2.720679,   3.674220       
# span 6 =     1.7386,     2.3448       
# span 7 =     2.1011,     2.8731       
# span 8 =      7.712,      8.100       
# span 9 =    -0.5918,     1.0667       
# span 10 =    -2.8130,   482.1870      
# span 11 = 1.0703e-01, 2.6972e+00      
# span 12 =    -0.1613,     0.0025      
# span 13 =    99.9372,   104.1151      
# span 14 =     6.0399,     8.2075      
# span 15 =     6.0987,     8.7030      
# span 16 =    31.7372,    33.0701      
# span 17 =    31.7492,    33.0708      
# span 18 =    24.0446,    26.5637      
# span 19 =    24.0505,    26.5646      
# span 20 =    6.16382,    8.25246      
# span 21 = 0.0000e+00, 0.0000e+00      
# interval = scans: 3                   
# start_time = Jul 15 2020 07:35:46 [System UTC, header]
# bad_flag = -9.990e-29
*END*
[from data line 1252]
       4573    112.239    -0.3995    -0.4048   2.725094   2.724637     1.8163     2.1963      7.763    -0.5104   480.4104 1.0715e-01    -0.0923   102.3336     6.5107     6.8290    32.9986    32.9983    26.5086    26.5085    8.24339 0.0000e+00
       4576    112.365    -0.3980    -0.4033   2.725196   2.724786     1.8154     2.1959      7.761    -0.5206    79.2639 1.0715e-01    -0.0919   102.3246     6.5081     6.8240    32.9983    32.9986    26.5083    26.5087    8.24308 0.0000e+00
       4579    112.494    -0.3976    -0.4024   2.725256   2.724853     1.8154     2.1955      7.761    -0.5206    -0.6022 1.0727e-01    -0.0919   102.3246     6.5069     6.8196    32.9986    32.9984    26.5085    26.5085    8.24297 0.0000e+00
       4582    112.622    -0.3993    -0.4036   2.725096   2.724799     1.8158     2.1951      7.761    -0.5104     2.7535 1.0715e-01    -0.0919   102.3246     6.5050     6.8168    32.9982    32.9990    26.5083    26.5090    8.24338 0.0000e+00
       4585    112.749    -0.4003    -0.4032   2.725045   2.724871     1.8150     2.1939      7.761    -0.5206     2.5167 1.0715e-01    -0.0923   102.3336     6.5026     6.8116    32.9986    32.9994    26.5086    26.5094    8.24358 0.0000e+00
       4588    112.875    -0.3992    -0.4028   2.725239   2.724902     1.8146     2.1943      7.761    -0.5308     2.5167 1.0715e-01    -0.0919   102.3246     6.4992     6.8131    32.9999    32.9993    26.5096    26.5093    8.24326 0.0000e+00
       4591    112.991    -0.3953    -0.4009   2.725648   2.725147     1.8130     2.1939      7.761    -0.5206     2.5167 1.0727e-01    -0.0919   102.3246     6.4867     6.8097    33.0010    33.0004    26.5103    26.5101    8.24232 0.0000e+00
       4594    113.119    -0.3894    -0.3948   2.726256   2.725808     1.8134     2.1927      7.761    -0.5409     2.5167 1.0715e-01    -0.0923   102.3336     6.4844     6.8015    33.0026    33.0025    26.5114    26.5116    8.24093 0.0000e+00
       4597    113.239    -0.3851    -0.3897   2.726578   2.726206     1.8138     2.1931      7.761    -0.5104     2.5167 1.0715e-01    -0.0919   102.3246     6.4790     6.8020    33.0022    33.0023    26.5108    26.5111    8.24000 0.0000e+00
       4600    113.358    -0.3839    -0.3884   2.726695   2.726291     1.8138     2.1919      7.761    -0.5206     3.1089 1.0715e-01    -0.0923   102.3336     6.4754     6.7995    33.0024    33.0018    26.5110    26.5108    8.23973 0.0000e+00
       4603    113.476    -0.3830    -0.3880   2.726757   2.726384     1.8126     2.1919      7.761    -0.5206     6.7804 1.0715e-01    -0.0912   102.3065     6.4699     6.8009    33.0022    33.0026    26.5108    26.5113    8.23955 0.0000e+00
       4606    113.592    -0.3815    -0.3859   2.727002   2.726647     1.8118     2.1911      7.761    -0.5409     6.7804 1.0727e-01    -0.0912   102.3065     6.4674     6.7961    33.0038    33.0038    26.5120    26.5122    8.23913 0.0000e+00
       4609    113.708    -0.3775    -0.3816   2.727523   2.727196     1.8122     2.1915      7.759    -0.5206     6.7804 1.0715e-01    -0.0909   102.2975     6.4703     6.7950    33.0063    33.0064    26.5139    26.5141    8.23810 0.0000e+00
       4612    113.821    -0.3722    -0.3764   2.728030   2.727691     1.8118     2.1902      7.758    -0.5206     6.7804 1.0715e-01    -0.0912   102.3065     6.4658     6.7882    33.0072    33.0073    26.5144    26.5146    8.23688 0.0000e+00
       4615    113.935    -0.3693    -0.3738   2.728283   2.727888     1.8106     2.1902      7.756    -0.5308     6.7804 1.0715e-01    -0.0916   102.3156     6.4576     6.7867    33.0074    33.0069    26.5144    26.5143    8.23622 0.0000e+00
       4618    114.053    -0.3678    -0.3725   2.728429   2.728033     1.8102     2.1898      7.756    -0.5104     6.7804 1.0715e-01    -0.0909   102.2975     6.4499     6.7833    33.0076    33.0075    26.5145    26.5146    8.23588 0.0000e+00
       4621    114.164    -0.3672    -0.3720   2.728468   2.728110     1.8093     2.1898      7.756    -0.5308     6.7804 1.0715e-01    -0.0912   102.3065     6.4459     6.7822    33.0075    33.0078    26.5144    26.5149    8.23576 0.0000e+00
       4624    114.271    -0.3675    -0.3729   2.728463   2.728020     1.8089     2.1894      7.756    -0.5104     6.7804 1.0715e-01    -0.0898   102.2703     6.4483     6.7811    33.0076    33.0076    26.5145    26.5147    8.23580 0.0000e+00
       4627    114.375    -0.3682    -0.3744   2.728387   2.727940     1.8106     2.1886      7.756    -0.5206     5.6750 1.0715e-01    -0.0898   102.2703     6.4595     6.7753    33.0073    33.0081    26.5143    26.5152    8.23598 0.0000e+00
       4630    114.471    -0.3693    -0.3747   2.728366   2.727975     1.8093     2.1874      7.756    -0.5104     3.8984 1.0740e-01    -0.0894   102.2613     6.4564     6.7696    33.0082    33.0088    26.5150    26.5158    8.23617 0.0000e+00
       4633    114.569    -0.3695    -0.3742   2.728365   2.728012     1.8081     2.1874      7.756    -0.5308     3.9379 1.0715e-01    -0.0894   102.2613     6.4518     6.7677    33.0083    33.0087    26.5151    26.5157    8.23621 0.0000e+00
       4636    114.663    -0.3698    -0.3741   2.728334   2.728008     1.8077     2.1870      7.754    -0.5104     3.9379 1.0727e-01    -0.0894   102.2613     6.4521     6.7661    33.0082    33.0085    26.5151    26.5155    8.23629 0.0000e+00
       4639    114.752    -0.3703    -0.3749   2.728306   2.727912     1.8073     2.1858      7.754    -0.5104     3.9379 1.0727e-01    -0.0894   102.2613     6.4496     6.7631    33.0083    33.0080    26.5152    26.5151    8.23639 0.0000e+00
       4642    114.837    -0.3707    -0.3756   2.728268   2.727875     1.8069     2.1858      7.756    -0.5206     3.9379 1.0715e-01    -0.0891   102.2522     6.4469     6.7631    33.0081    33.0083    26.5150    26.5154    8.23648 0.0000e+00
       4645    114.919    -0.3713    -0.3760   2.728248   2.727849     1.8073     2.1854      7.751    -0.4900     3.9379 1.0715e-01    -0.0884   102.2342     6.4496     6.7601    33.0084    33.0083    26.5154    26.5154    8.23659 0.0000e+00
       4648    114.998    -0.3723    -0.3770   2.728150   2.727786     1.8065     2.1850      7.754    -0.4900     3.9379 1.0715e-01    -0.0877   102.2161     6.4444     6.7603    33.0082    33.0085    26.5152    26.5156    8.23683 0.0000e+00
       4651    115.074    -0.3748    -0.3805   2.727942   2.727483     1.8065     2.1841      7.756    -0.4798     3.9379 1.0715e-01    -0.0884   102.2342     6.4482     6.7603    33.0081    33.0082    26.5153    26.5155    8.23740 0.0000e+00
       4654    115.144    -0.3783    -0.3835   2.727761   2.727317     1.8065     2.1841      7.751    -0.5002     6.0303 1.0727e-01    -0.0880   102.2251     6.4544     6.7652    33.0095    33.0092    26.5165    26.5165    8.23808 0.0000e+00
       4657    115.209    -0.3785    -0.3844   2.727700   2.727262     1.8053     2.1829      7.753    -0.4798     7.0568 1.0715e-01    -0.0877   102.2161     6.4520     6.7608    33.0089    33.0094    26.5160    26.5167    8.23817 0.0000e+00
       4660    115.270    -0.3798    -0.3852   2.727657   2.727190     1.8048     2.1833      7.754    -0.4900     7.0173 1.0752e-01    -0.0880   102.2251     6.4497     6.7650    33.0096    33.0093    26.5167    26.5166    8.23841 0.0000e+00
       4663    115.325    -0.3810    -0.3865   2.727567   2.727082     1.8044     2.1833      7.753    -0.5002     7.0173 1.0727e-01    -0.0866   102.1890     6.4492     6.7660    33.0097    33.0093    26.5168    26.5166    8.23868 0.0000e+00
       4666    115.377    -0.3821    -0.3885   2.727483   2.726983     1.8044     2.1817      7.751    -0.4900     7.0173 1.0727e-01    -0.0849   102.1437     6.4488     6.7587    33.0097    33.0100    26.5168    26.5173    8.23891 0.0000e+00
       4669    115.428    -0.3838    -0.3897   2.727397   2.726915     1.8044     2.1809      7.754    -0.4900     7.0173 1.0715e-01    -0.0856   102.1618     6.4447     6.7548    33.0104    33.0104    26.5174    26.5177    8.23925 0.0000e+00
       4672    115.474    -0.3846    -0.3902   2.727344   2.726915     1.8040     2.1813      7.751    -0.5206     7.0173 1.0727e-01    -0.0856   102.1618     6.4444     6.7575    33.0106    33.0109    26.5176    26.5182    8.23943 0.0000e+00
       4675    115.517    -0.3850    -0.3904   2.727333   2.726925     1.8044     2.1809      7.751    -0.5104     7.0173 1.0715e-01    -0.0852   102.1528     6.4446     6.7570    33.0108    33.0112    26.5178    26.5184    8.23950 0.0000e+00
       4678    115.558    -0.3851    -0.3905   2.727316   2.726915     1.8032     2.1817      7.753    -0.5104     6.9778 1.0715e-01    -0.0852   102.1528     6.4432     6.7622    33.0107    33.0112    26.5178    26.5184    8.23953 0.0000e+00
       4681    115.598    -0.3852    -0.3891   2.727323   2.727010     1.8036     2.1796      7.751    -0.5206     5.4776 1.0727e-01    -0.0856   102.1618     6.4453     6.7559    33.0109    33.0110    26.5179    26.5181    8.23955 0.0000e+00
       4684    115.638    -0.3845    -0.3883   2.727377   2.727059     1.8024     2.1801      7.753    -0.5206     5.3592 1.0715e-01    -0.0834   102.1075     6.4383     6.7586    33.0108    33.0106    26.5178    26.5178    8.23940 0.0000e+00
       4687    115.677    -0.3834    -0.3881   2.727446   2.727116     1.8036     2.1792      7.751    -0.5206     5.3592 1.0715e-01    -0.0824   102.0804     6.4433     6.7561    33.0105    33.0112    26.5175    26.5183    8.23916 0.0000e+00
       4690    115.718    -0.3820    -0.3855   2.727590   2.727311     1.8016     2.1784      7.751    -0.5206     5.3592 1.0715e-01    -0.0824   102.0804     6.4329     6.7522    33.0109    33.0110    26.5178    26.5180    8.23884 0.0000e+00
       4693    115.760    -0.3791    -0.3827   2.727855   2.727551     1.8008     2.1780      7.751    -0.5308     5.3987 1.0715e-01    -0.0824   102.0804     6.4281     6.7490    33.0112    33.0111    26.5180    26.5180    8.23817 0.0000e+00
       4696    115.803    -0.3767    -0.3805   2.728062   2.727784     1.8016     2.1780      7.751    -0.5104     5.3592 1.0715e-01    -0.0824   102.0804     6.4290     6.7449    33.0114    33.0118    26.5180    26.5185    8.23764 0.0000e+00
       4699    115.850    -0.3753    -0.3789   2.728246   2.727988     1.8008     2.1780      7.751    -0.5002     5.3592 1.0727e-01    -0.0824   102.0804     6.4262     6.7452    33.0122    33.0127    26.5185    26.5191    8.23727 0.0000e+00
       4702    115.902    -0.3741    -0.3776   2.728250   2.728118     1.8016     2.1780      7.751    -0.5002     5.3592 1.0715e-01    -0.0824   102.0804     6.4318     6.7462    33.0109    33.0131    26.5175    26.5193    8.23707 0.0000e+00
       4705    115.959    -0.3724    -0.3777   2.728549   2.728114     1.8000     2.1776      7.751    -0.4900     5.5171 1.0715e-01    -0.0809   102.0443     6.4242     6.7449    33.0131    33.0130    26.5192    26.5193    8.23659 0.0000e+00
       4708    116.022    -0.3720    -0.3783   2.728584   2.728079     1.8000     2.1772      7.751    -0.5002     6.0698 1.0727e-01    -0.0806   102.0352     6.4235     6.7394    33.0130    33.0131    26.5191    26.5194    8.23649 0.0000e+00
       4711    116.090    -0.3717    -0.3777   2.728605   2.728127     1.8008     2.1756      7.751    -0.5002     6.0698 1.0715e-01    -0.0809   102.0443     6.4285     6.7325    33.0129    33.0131    26.5190    26.5194    8.23643 0.0000e+00
       4714    116.161    -0.3716    -0.3772   2.728606   2.728193     1.8000     2.1756      7.751    -0.5002     6.0698 1.0715e-01    -0.0809   102.0443     6.4286     6.7326    33.0129    33.0134    26.5189    26.5196    8.23643 0.0000e+00
       4717    116.239    -0.3714    -0.3764   2.728623   2.728302     1.7992     2.1756      7.751    -0.4900     6.0698 1.0715e-01    -0.0806   102.0352     6.4225     6.7298    33.0128    33.0139    26.5189    26.5200    8.23638 0.0000e+00
       4720    116.322    -0.3710    -0.3760   2.728687   2.728319     1.7983     2.1744      7.751    -0.4900     6.0698 1.0715e-01    -0.0806   102.0352     6.4180     6.7219    33.0132    33.0137    26.5192    26.5197    8.23627 0.0000e+00
       4723    116.408    -0.3706    -0.3758   2.728751   2.728325     1.7992     2.1752      7.751    -0.4798     6.0698 1.0715e-01    -0.0799   102.0171     6.4210     6.7235    33.0135    33.0135    26.5194    26.5196    8.23616 0.0000e+00
       4726    116.501    -0.3704    -0.3759   2.728765   2.728349     1.7983     2.1740      7.751    -0.4798     6.0698 1.0715e-01    -0.0785   101.9809     6.4150     6.7170    33.0135    33.0139    26.5194    26.5200    8.23612 0.0000e+00
       4729    116.601    -0.3702    -0.3757   2.728793   2.728396     1.7979     2.1731      7.749    -0.5002     6.0698 1.0727e-01    -0.0785   101.9809     6.4107     6.7107    33.0135    33.0142    26.5194    26.5202    8.23607 0.0000e+00
       4732    116.707    -0.3698    -0.3749   2.728879   2.728475     1.7975     2.1719      7.751    -0.4900     5.5960 1.0715e-01    -0.0785   101.9809     6.4049     6.7053    33.0142    33.0144    26.5200    26.5203    8.23595 0.0000e+00
       4735    116.817    -0.3684    -0.3734   2.729050   2.728630     1.7979     2.1731      7.751    -0.4798     5.0038 1.0715e-01    -0.0785   101.9809     6.4031     6.7106    33.0149    33.0148    26.5205    26.5206    8.23560 0.0000e+00
       4738    116.934    -0.3666    -0.3716   2.729207   2.728809     1.7971     2.1723      7.749    -0.4798     5.0038 1.0715e-01    -0.0781   101.9719     6.4019     6.7065    33.0149    33.0151    26.5204    26.5207    8.23519 0.0000e+00
       4741    117.056    -0.3650    -0.3700   2.729378   2.729002     1.7971     2.1719      7.749    -0.4900     5.0038 1.0727e-01    -0.0788   101.9900     6.4008     6.7027    33.0155    33.0158    26.5208    26.5213    8.23482 0.0000e+00
       4744    117.178    -0.3622    -0.3672   2.729751   2.729301     1.7971     2.1707      7.746    -0.4900     5.0038 1.0715e-01    -0.0781   101.9719     6.3953     6.6925    33.0173    33.0168    26.5221    26.5219    8.23409 0.0000e+00
       4747    117.301    -0.3573    -0.3616   2.730311   2.729910     1.7959     2.1707      7.746    -0.4900     5.0038 1.0715e-01    -0.0770   101.9448     6.3846     6.6896    33.0193    33.0187    26.5235    26.5233    8.23289 0.0000e+00
       4750    117.429    -0.3503    -0.3549   2.730995   2.730547     1.7951     2.1691      7.746    -0.5104     5.0038 1.0715e-01    -0.0770   101.9448     6.3762     6.6791    33.0208    33.0198    26.5244    26.5238    8.23126 0.0000e+00
       4753    117.556    -0.3449    -0.3496   2.731425   2.731043     1.7951     2.1683      7.746    -0.5104     5.0038 1.0715e-01    -0.0770   101.9448     6.3732     6.6711    33.0205    33.0206    26.5240    26.5242    8.23008 0.0000e+00
       4756    117.684    -0.3416    -0.3464   2.731708   2.731308     1.7939     2.1683      7.746    -0.5206     5.0038 1.0715e-01    -0.0770   101.9448     6.3634     6.6649    33.0207    33.0206    26.5239    26.5241    8.22935 0.0000e+00
       4759    117.815    -0.3404    -0.3453   2.731819   2.731390     1.7943     2.1687      7.746    -0.5104     5.9119 1.0715e-01    -0.0770   101.9448     6.3616     6.6617    33.0208    33.0203    26.5240    26.5239    8.22908 0.0000e+00
       4762    117.946    -0.3398    -0.3452   2.731856   2.731426     1.7947     2.1683      7.746    -0.5206     6.1882 1.0715e-01    -0.0770   101.9448     6.3630     6.6587    33.0206    33.0207    26.5238    26.5242    8.22896 0.0000e+00
