Datasets/AZMP/TEL210/tel210_2020_026.cnv
* Sea-Bird SBE 9 Data File:
* FileName = C:\CTDDATA\tel210_2020_026.hex
* Software Version Seasave V 7.26.7.110
* Temperature SN = 1697
* Conductivity SN = 4216
* Number of Bytes Per Scan = 30
* Number of Voltage Words = 4
* Number of Scans Averaged by the Deck Unit = 1
* NMEA baud rate = 4800
** VESSEL/TRIP/SEQ STN:  tel210_2020_026
** LATITUDE XX XX.XX: 47 00.00 N
** LONGITUDE XX XX.XX: 045 12.80 W
** SOUNDING DEPTH (M): 0169
** PROBE TYPE: S1146
** CTD NUMBER: 025
** COMMENTS (14 CHAR): FC-24
** BOTTLES:  10
** LEVELS: 5,10,20,30,40,50,75,100,150,BTM
** STICKERS: 435912 - 435921
** VNET: Y
** DO2: Y
# nquan = 22
# nvalues = 3978                        
# units = specified
# name 0 = scan: Scan Count
# name 1 = prDM: Pressure, Digiquartz [db]
# name 2 = t090C: Temperature [ITS-90, deg C]
# name 3 = t190C: Temperature, 2 [ITS-90, deg C]
# name 4 = c0S/m: Conductivity [S/m]
# name 5 = c1S/m: Conductivity, 2 [S/m]
# name 6 = sbeox0V: Oxygen raw, SBE 43 [V]
# name 7 = sbeox1V: Oxygen raw, SBE 43, 2 [V]
# name 8 = ph: pH
# name 9 = flECO-AFL: Fluorescence, WET Labs ECO-AFL/FL [mg/m^3]
# name 10 = wetCDOM: Fluorescence, WET Labs CDOM [mg/m^3]
# name 11 = par/sat/log: PAR/Logarithmic, Satlantic [umol photons/m^2/sec]
# name 12 = CStarAt0: Beam Attenuation, WET Labs C-Star [1/m]
# name 13 = CStarTr0: Beam Transmission, WET Labs C-Star [%]
# name 14 = sbeox0ML/L: Oxygen, SBE 43 [ml/l], WS = 2
# name 15 = sbeox1ML/L: Oxygen, SBE 43, 2 [ml/l], WS = 2
# name 16 = sal00: Salinity, Practical [PSU]
# name 17 = sal11: Salinity, Practical, 2 [PSU]
# name 18 = sigma-t00: Density [sigma-t, kg/m^3 ]
# name 19 = sigma-t11: Density, 2 [sigma-t, kg/m^3 ]
# name 20 = oxsatML/L: Oxygen Saturation, Weiss [ml/l]
# name 21 = flag: flag
# span 0 =         36,      51747       
# span 1 =      1.820,    164.852       
# span 2 =     3.6922,    11.5427       
# span 3 =     3.6866,    11.5431       
# span 4 =   3.187157,   3.752406       
# span 5 =   3.186530,   3.752199       
# span 6 =     1.8882,     2.4304       
# span 7 =     2.2797,     2.9694       
# span 8 =      7.936,      8.218       
# span 9 =    -0.6121,     6.9275       
# span 10 =    -2.8130,   482.1870      
# span 11 = 1.0580e-01, 3.0827e-01      
# span 12 =    -0.1057,     0.2365      
# span 13 =    94.2581,   102.6773      
# span 14 =     6.0815,     7.8335      
# span 15 =     6.3075,     8.2179      
# span 16 =    32.9761,    34.6226      
# span 17 =    32.9741,    34.6196      
# span 18 =    25.1055,    27.5114      
# span 19 =    25.1047,    27.5095      
# span 20 =    6.18787,    7.34563      
# span 21 = 0.0000e+00, 0.0000e+00      
# interval = scans: 3                   
# start_time = Jul 18 2020 01:09:00 [System UTC, header]
# bad_flag = -9.990e-29
*END*
[from data line 1712]
       6434    162.547     3.7684     3.7630   3.208615   3.208050     1.8921     2.2840      7.941    -0.5613    -0.2469 1.0715e-01    -0.0568   101.4293     6.0995     6.3834    34.5994    34.5983    27.4913    27.4909    7.32472 0.0000e+00
       6437    162.645     3.7681     3.7627   3.208618   3.208060     1.8921     2.2832      7.941    -0.5409    -0.2074 1.0715e-01    -0.0575   101.4474     6.0999     6.3822    34.5997    34.5987    27.4915    27.4913    7.32476 0.0000e+00
       6440    162.740     3.7683     3.7630   3.208635   3.208067     1.8925     2.2832      7.941    -0.5613    -0.2074 1.0740e-01    -0.0575   101.4474     6.1013     6.3816    34.5996    34.5985    27.4914    27.4910    7.32472 0.0000e+00
       6443    162.835     3.7681     3.7630   3.208618   3.208061     1.8925     2.2832      7.941    -0.5613    -0.2074 1.0715e-01    -0.0575   101.4474     6.1029     6.3809    34.5996    34.5983    27.4914    27.4909    7.32476 0.0000e+00
       6446    162.927     3.7680     3.7629   3.208628   3.208082     1.8917     2.2844      7.939    -0.5511    -0.2074 1.0727e-01    -0.0571   101.4383     6.1003     6.3865    34.5997    34.5986    27.4915    27.4912    7.32477 0.0000e+00
       6449    163.016     3.7682     3.7629   3.208636   3.208093     1.8917     2.2832      7.941    -0.5511    -0.2074 1.0715e-01    -0.0571   101.4383     6.1012     6.3835    34.5996    34.5987    27.4914    27.4913    7.32474 0.0000e+00
       6452    163.099     3.7684     3.7630   3.208658   3.208083     1.8913     2.2832      7.941    -0.5613    -0.2469 1.0715e-01    -0.0571   101.4383     6.1007     6.3832    34.5996    34.5984    27.4914    27.4910    7.32471 0.0000e+00
       6455    163.179     3.7678     3.7628   3.208649   3.208087     1.8913     2.2832      7.941    -0.5511    -0.2074 1.0715e-01    -0.0585   101.4745     6.1010     6.3848    34.6000    34.5986    27.4918    27.4912    7.32478 0.0000e+00
       6458    163.249     3.7682     3.7629   3.208646   3.208085     1.8929     2.2832      7.941    -0.5613   211.7161 1.0715e-01    -0.0589   101.4836     6.1062     6.3876    34.5996    34.5985    27.4914    27.4911    7.32474 0.0000e+00
       6461    163.313     3.7683     3.7628   3.208631   3.208086     1.8917     2.2840      7.941    -0.5511   482.1870 1.0715e-01    -0.0589   101.4836     6.1006     6.3918    34.5993    34.5986    27.4912    27.4911    7.32474 0.0000e+00
       6464    163.369     3.7683     3.7629   3.208648   3.208094     1.8921     2.2824      7.939    -0.5511   481.1606 1.0715e-01    -0.0589   101.4836     6.1015     6.3866    34.5994    34.5985    27.4913    27.4910    7.32473 0.0000e+00
       6467    163.415     3.7683     3.7630   3.208654   3.208093     1.8921     2.2840      7.941    -0.5511   481.3579 1.0715e-01    -0.0589   101.4836     6.1043     6.3907    34.5994    34.5984    27.4913    27.4909    7.32472 0.0000e+00
       6470    163.454     3.7685     3.7629   3.208659   3.208115     1.8921     2.2844      7.941    -0.5511   481.3579 1.0715e-01    -0.0589   101.4836     6.1067     6.3923    34.5993    34.5987    27.4912    27.4913    7.32470 0.0000e+00
       6473    163.485     3.7685     3.7631   3.208649   3.208085     1.8921     2.2840      7.941    -0.5613   481.3579 1.0715e-01    -0.0582   101.4655     6.1068     6.3927    34.5991    34.5981    27.4910    27.4907    7.32470 0.0000e+00
       6539    163.512     3.7683     3.7631   3.208667   3.208087     1.8925     2.2840      7.941    -0.5816   165.7625 1.0715e-01    -0.0564   101.4203     6.1054     6.3854    34.5996    34.5981    27.4914    27.4907    7.32472 0.0000e+00
       6573    163.565     3.7684     3.7631   3.208666   3.208116     1.8925     2.2840      7.939    -0.5714     7.9648 1.0727e-01    -0.0564   101.4203     6.1054     6.3841    34.5995    34.5985    27.4913    27.4910    7.32472 0.0000e+00
       6576    163.624     3.7681     3.7631   3.208651   3.208117     1.8921     2.2832      7.941    -0.5714     7.9648 1.0715e-01    -0.0561   101.4112     6.1045     6.3834    34.5995    34.5984    27.4914    27.4910    7.32476 0.0000e+00
       6579    163.682     3.7680     3.7630   3.208673   3.208114     1.8913     2.2836      7.941    -0.5816     7.9648 1.0715e-01    -0.0564   101.4203     6.1018     6.3862    34.5998    34.5985    27.4916    27.4911    7.32476 0.0000e+00
       6582    163.741     3.7682     3.7629   3.208675   3.208102     1.8921     2.2836      7.941    -0.5714     7.9648 1.0727e-01    -0.0561   101.4112     6.1042     6.3866    34.5996    34.5984    27.4914    27.4910    7.32473 0.0000e+00
       6585    163.799     3.7679     3.7628   3.208665   3.208110     1.8925     2.2836      7.941    -0.5816     7.9648 1.0715e-01    -0.0564   101.4203     6.1055     6.3885    34.5998    34.5986    27.4916    27.4911    7.32477 0.0000e+00
       6588    163.857     3.7676     3.7623   3.208656   3.208097     1.8917     2.2836      7.941    -0.5816    84.1988 1.0715e-01    -0.0564   101.4203     6.1016     6.3899    34.6000    34.5989    27.4918    27.4915    7.32482 0.0000e+00
       6591    163.910     3.7674     3.7613   3.208671   3.208129     1.8921     2.2840      7.941    -0.5714   473.8174 1.0715e-01    -0.0561   101.4112     6.1042     6.3922    34.6004    34.6004    27.4921    27.4927    7.32485 0.0000e+00
       6594    163.962     3.7656     3.7599   3.208743   3.208167     1.8925     2.2836      7.941    -0.5918   481.4369 1.0715e-01    -0.0557   101.4022     6.1048     6.3916    34.6031    34.6023    27.4945    27.4944    7.32504 0.0000e+00
       6597    164.012     3.7646     3.7588   3.208754   3.208203     1.8921     2.2844      7.939    -0.5714   481.2790 1.0727e-01    -0.0536   101.3479     6.1051     6.3961    34.6042    34.6038    27.4955    27.4957    7.32516 0.0000e+00
       6600    164.056     3.7636     3.7580   3.208775   3.208231     1.8921     2.2840      7.941    -0.5816   481.3579 1.0727e-01    -0.0536   101.3479     6.1059     6.3960    34.6056    34.6049    27.4967    27.4967    7.32528 0.0000e+00
       6603    164.097     3.7616     3.7568   3.208832   3.208232     1.8925     2.2844      7.941    -0.5816   481.3579 1.0715e-01    -0.0536   101.3479     6.1081     6.3981    34.6083    34.6062    27.4990    27.4978    7.32551 0.0000e+00
       6606    164.135     3.7616     3.7556   3.208791   3.208299     1.8913     2.2848      7.941    -0.5613   481.3579 1.0715e-01    -0.0536   101.3479     6.1012     6.4013    34.6078    34.6083    27.4986    27.4996    7.32553 0.0000e+00
       6609    164.166     3.7615     3.7546   3.208799   3.208314     1.8921     2.2844      7.941    -0.5511   481.3579 1.0740e-01    -0.0536   101.3479     6.1059     6.4000    34.6080    34.6095    27.4988    27.5006    7.32554 0.0000e+00
       6612    164.199     3.7604     3.7540   3.208845   3.208357     1.8921     2.2844      7.941    -0.5511   481.3579 1.0715e-01    -0.0536   101.3479     6.1046     6.4007    34.6097    34.6107    27.5002    27.5017    7.32565 0.0000e+00
       6615    164.229     3.7595     3.7546   3.208905   3.208306     1.8921     2.2844      7.941    -0.5511   283.2126 1.0727e-01    -0.0546   101.3751     6.1045     6.4014    34.6113    34.6094    27.5016    27.5006    7.32573 0.0000e+00
       6620    164.269     3.7584     3.7553   3.208921   3.208302     1.8917     2.2852      7.941    -0.5511     4.7275 1.0715e-01    -0.0582   101.4655     6.1041     6.4039    34.6127    34.6086    27.5028    27.4999    7.32587 0.0000e+00
       6626    164.312     3.7607     3.7521   3.208830   3.208391     1.8921     2.2856      7.941    -0.5511     8.1227 1.0715e-01    -0.0575   101.4474     6.1075     6.4045    34.6091    34.6130    27.4997    27.5037    7.32563 0.0000e+00
       6638    164.387     3.7623     3.7553   3.208812   3.208293     1.8917     2.2856      7.941    -0.5511   202.0043 1.0715e-01    -0.0575   101.4474     6.1062     6.4009    34.6072    34.6084    27.4981    27.4997    7.32544 0.0000e+00
       6648    164.453     3.7614     3.7567   3.208840   3.208292     1.8925     2.2852      7.941    -0.5511   481.5948 1.0727e-01    -0.0571   101.4383     6.1083     6.3955    34.6085    34.6068    27.4992    27.4983    7.32554 0.0000e+00
       6659    164.507     3.7597     3.7544   3.208885   3.208371     1.8925     2.2856      7.941    -0.5409   321.3099 1.0715e-01    -0.0575   101.4474     6.1109     6.3962    34.6107    34.6102    27.5011    27.5013    7.32573 0.0000e+00
       6676    164.583     3.7583     3.7506   3.208911   3.208443     1.8925     2.2860      7.941    -0.5511     1.4507 1.0715e-01    -0.0564   101.4203     6.1162     6.3991    34.6125    34.6151    27.5027    27.5055    7.32590 0.0000e+00
       6682    164.628     3.7587     3.7518   3.208927   3.208403     1.8929     2.2869      7.941    -0.5613     1.3323 1.0727e-01    -0.0578   101.4564     6.1193     6.4001    34.6123    34.6133    27.5024    27.5040    7.32584 0.0000e+00
       6689    164.675     3.7589     3.7534   3.208963   3.208404     1.8925     2.2869      7.941    -0.5816     1.3323 1.0715e-01    -0.0578   101.4564     6.1201     6.4019    34.6124    34.6116    27.5026    27.5024    7.32579 0.0000e+00
       6692    164.697     3.7594     3.7496   3.208939   3.208526     1.8937     2.2860      7.941    -0.5918     1.4113 1.0727e-01    -0.0578   101.4564     6.1238     6.3971    34.6116    34.6171    27.5018    27.5072    7.32574 0.0000e+00
       6695    164.720     3.7589     3.7491   3.208959   3.208480     1.8929     2.2860      7.941    -0.5918     8.4385 1.0727e-01    -0.0575   101.4474     6.1186     6.3945    34.6124    34.6170    27.5025    27.5072    7.32580 0.0000e+00
       7361    164.747     3.7562     3.7553   3.209031   3.208374     1.8913     2.2820      7.941    -0.5511     2.5167 1.0727e-01    -0.0582   101.4655     6.0999     6.3962    34.6161    34.6091    27.5058    27.5003    7.32611 0.0000e+00
       7364    164.785     3.7555     3.7545   3.209042   3.208355     1.8897     2.2841      7.939    -0.5613     2.5167 1.0715e-01    -0.0585   101.4745     6.0938     6.4022    34.6170    34.6098    27.5065    27.5009    7.32619 0.0000e+00
       7367    164.816     3.7565     3.7555   3.209004   3.208318     1.8901     2.2845      7.938    -0.5714     2.5167 1.0727e-01    -0.0589   101.4836     6.1000     6.4013    34.6154    34.6082    27.5052    27.4996    7.32609 0.0000e+00
       7370    164.841     3.7578     3.7528   3.208944   3.208429     1.8901     2.2836      7.941    -0.5816     2.5167 1.0715e-01    -0.0589   101.4836     6.1029     6.3967    34.6133    34.6125    27.5033    27.5032    7.32595 0.0000e+00
       7379    164.852     3.7592     3.7510   3.208927   3.208449     1.8909     2.2832      7.939    -0.5714     3.0694 1.0727e-01    -0.0582   101.4655     6.1065     6.3895    34.6116    34.6146    27.5018    27.5051    7.32578 0.0000e+00
       7394    164.821     3.7599     3.7515   3.208907   3.208426     1.8905     2.2841      7.939    -0.5511     4.1748 1.0727e-01    -0.0568   101.4293     6.1042     6.3823    34.6106    34.6138    27.5010    27.5044    7.32570 0.0000e+00
       7397    164.790     3.7599     3.7535   3.208915   3.208370     1.8909     2.2841      7.941    -0.5511     4.1748 1.0740e-01    -0.0571   101.4383     6.1075     6.3816    34.6107    34.6110    27.5011    27.5020    7.32570 0.0000e+00
       7400    164.760     3.7612     3.7568   3.208856   3.208297     1.8905     2.2832      7.941    -0.5511     3.1878 1.0715e-01    -0.0568   101.4293     6.1051     6.3775    34.6087    34.6066    27.4993    27.4981    7.32556 0.0000e+00
       7403    164.725     3.7618     3.7598   3.208858   3.208274     1.8909     2.2841      7.941    -0.5613     0.8981 1.0715e-01    -0.0571   101.4383     6.1054     6.3788    34.6081    34.6032    27.4988    27.4951    7.32548 0.0000e+00
       7406    164.682     3.7625     3.7595   3.208843   3.208274     1.8917     2.2841      7.941    -0.5409     0.9770 1.0727e-01    -0.0585   101.4745     6.1076     6.3779    34.6072    34.6036    27.4980    27.4954    7.32540 0.0000e+00
       7409    164.639     3.7633     3.7590   3.208855   3.208290     1.8913     2.2832      7.941    -0.5409     0.9770 1.0727e-01    -0.0582   101.4655     6.1055     6.3739    34.6065    34.6043    27.4974    27.4961    7.32529 0.0000e+00
       7412    164.596     3.7631     3.7587   3.208866   3.208277     1.8901     2.2828      7.941    -0.5511     0.9770 1.0715e-01    -0.0585   101.4745     6.0994     6.3715    34.6068    34.6045    27.4977    27.4963    7.32530 0.0000e+00
       7415    164.553     3.7640     3.7585   3.208855   3.208289     1.8909     2.2820      7.941    -0.5613     0.9770 1.0715e-01    -0.0585   101.4745     6.1038     6.3686    34.6058    34.6049    27.4968    27.4966    7.32520 0.0000e+00
       7418    164.508     3.7633     3.7586   3.208866   3.208285     1.8913     2.2832      7.941    -0.5714     0.9770 1.0740e-01    -0.0582   101.4655     6.1077     6.3716    34.6067    34.6048    27.4976    27.4965    7.32528 0.0000e+00
       7421    164.461     3.7626     3.7592   3.208851   3.208269     1.8921     2.2832      7.941    -0.5816     0.9770 1.0715e-01    -0.0585   101.4745     6.1097     6.3726    34.6073    34.6040    27.4981    27.4958    7.32538 0.0000e+00
       7424    164.415     3.7628     3.7592   3.208864   3.208234     1.8913     2.2832      7.941    -0.5816     0.9770 1.0715e-01    -0.0571   101.4383     6.1032     6.3722    34.6073    34.6036    27.4981    27.4955    7.32535 0.0000e+00
       7427    164.371     3.7631     3.7597   3.208842   3.208244     1.8917     2.2824      7.941    -0.5816     0.5427 1.0727e-01    -0.0568   101.4293     6.1036     6.3692    34.6067    34.6032    27.4976    27.4951    7.32532 0.0000e+00
       7430    164.329     3.7635     3.7601   3.208812   3.208251     1.8913     2.2820      7.941    -0.5714     0.2269 1.0715e-01    -0.0568   101.4293     6.1030     6.3693    34.6059    34.6029    27.4969    27.4948    7.32528 0.0000e+00
       7433    164.292     3.7639     3.7606   3.208801   3.208211     1.8913     2.2820      7.941    -0.5816     0.2664 1.0715e-01    -0.0568   101.4293     6.1054     6.3704    34.6054    34.6018    27.4964    27.4939    7.32523 0.0000e+00
       7436    164.253     3.7648     3.7626   3.208759   3.208205     1.8909     2.2824      7.941    -0.5816     0.2664 1.0727e-01    -0.0568   101.4293     6.1035     6.3750    34.6039    34.5997    27.4952    27.4920    7.32514 0.0000e+00
       7439    164.222     3.7656     3.7631   3.208745   3.208196     1.8917     2.2828      7.941    -0.5714     0.2664 1.0715e-01    -0.0568   101.4293     6.1032     6.3766    34.6030    34.5990    27.4944    27.4915    7.32504 0.0000e+00
       7442    164.192     3.7667     3.7621   3.208744   3.208233     1.8913     2.2820      7.941    -0.5714     0.2664 1.0715e-01    -0.0568   101.4293     6.0992     6.3732    34.6019    34.6006    27.4934    27.4928    7.32490 0.0000e+00
       7445    164.167     3.7669     3.7621   3.208734   3.208254     1.8909     2.2820      7.941    -0.5511     0.2664 1.0740e-01    -0.0575   101.4474     6.1004     6.3763    34.6015    34.6009    27.4931    27.4931    7.32489 0.0000e+00
       7448    164.146     3.7657     3.7616   3.208759   3.208232     1.8909     2.2816      7.941    -0.5511     0.2664 1.0740e-01    -0.0578   101.4564     6.1014     6.3786    34.6030    34.6011    27.4944    27.4933    7.32501 0.0000e+00
       7589    164.125     3.7579     3.7518   3.208900   3.208403     1.8934     2.2861      7.942    -0.5511   320.9941 1.0727e-01    -0.0582   101.4655     6.1143     6.3974    34.6130    34.6136    27.5032    27.5042    7.32595 0.0000e+00
