Datasets/AZMP/TEL210/tel210_2020_030.cnv
* Sea-Bird SBE 9 Data File:
* FileName = C:\CTDDATA\tel210_2020_030.hex
* Software Version Seasave V 7.26.7.110
* Temperature SN = 1697
* Conductivity SN = 4216
* Number of Bytes Per Scan = 30
* Number of Voltage Words = 4
* Number of Scans Averaged by the Deck Unit = 1
* NMEA baud rate = 4800
** VESSEL/TRIP/SEQ STN:  tel210_2020_030
** LATITUDE XX XX.XX: 47 00.00 N
** LONGITUDE XX XX.XX: 044 26.00 W
** SOUNDING DEPTH (M): 0151
** PROBE TYPE: S1146
** CTD NUMBER: 029
** COMMENTS (14 CHAR): FC-28
** BOTTLES:  0
** LEVELS:
** STICKERS:
** VNET: N
** DO2: N
# nquan = 22
# nvalues = 3186                        
# units = specified
# name 0 = scan: Scan Count
# name 1 = prDM: Pressure, Digiquartz [db]
# name 2 = t090C: Temperature [ITS-90, deg C]
# name 3 = t190C: Temperature, 2 [ITS-90, deg C]
# name 4 = c0S/m: Conductivity [S/m]
# name 5 = c1S/m: Conductivity, 2 [S/m]
# name 6 = sbeox0V: Oxygen raw, SBE 43 [V]
# name 7 = sbeox1V: Oxygen raw, SBE 43, 2 [V]
# name 8 = ph: pH
# name 9 = flECO-AFL: Fluorescence, WET Labs ECO-AFL/FL [mg/m^3]
# name 10 = wetCDOM: Fluorescence, WET Labs CDOM [mg/m^3]
# name 11 = par/sat/log: PAR/Logarithmic, Satlantic [umol photons/m^2/sec]
# name 12 = CStarAt0: Beam Attenuation, WET Labs C-Star [1/m]
# name 13 = CStarTr0: Beam Transmission, WET Labs C-Star [%]
# name 14 = sbeox0ML/L: Oxygen, SBE 43 [ml/l], WS = 2
# name 15 = sbeox1ML/L: Oxygen, SBE 43, 2 [ml/l], WS = 2
# name 16 = sal00: Salinity, Practical [PSU]
# name 17 = sal11: Salinity, Practical, 2 [PSU]
# name 18 = sigma-t00: Density [sigma-t, kg/m^3 ]
# name 19 = sigma-t11: Density, 2 [sigma-t, kg/m^3 ]
# name 20 = oxsatML/L: Oxygen Saturation, Weiss [ml/l]
# name 21 = flag: flag
# span 0 =          2,      10918       
# span 1 =      2.362,    147.850       
# span 2 =     3.6893,    11.3640       
# span 3 =     3.6842,    11.3587       
# span 4 =   3.185935,   3.735461       
# span 5 =   3.185512,   3.734765       
# span 6 =     1.8892,     2.4202       
# span 7 =     2.2779,     2.9596       
# span 8 =      7.931,      8.218       
# span 9 =    -0.6121,     4.6992       
# span 10 =    -2.8130,   482.1870      
# span 11 = 1.0690e-01, 1.9004e+00      
# span 12 =    -0.1229,     0.0874      
# span 13 =    97.8392,   103.1204      
# span 14 =     6.0737,     7.8002      
# span 15 =     6.3405,     8.1996      
# span 16 =    32.9874,    34.5170      
# span 17 =    32.9858,    34.5158      
# span 18 =    25.1452,    27.4275      
# span 19 =    25.1444,    27.4271      
# span 20 =    6.21185,    7.34687      
# span 21 = 0.0000e+00, 0.0000e+00      
# interval = scans: 3                   
# start_time = Jul 18 2020 07:21:13 [System UTC, header]
# bad_flag = -9.990e-29
*END*
[from data line 856]
       3177     78.922     4.1747     4.1702   3.217935   3.217266     2.0353     2.4627      7.998    -0.2967   481.3579 1.0715e-01    -0.1046   102.6501     6.5440     6.8380    34.3278    34.3246    27.2332    27.2311    7.26491 0.0000e+00
       3180     79.001     4.1728     4.1687   3.217860   3.217183     2.0357     2.4618      7.998    -0.3069   481.3579 1.0715e-01    -0.1046   102.6501     6.5480     6.8358    34.3288    34.3251    27.2342    27.2317    7.26519 0.0000e+00
       3183     79.071     4.1718     4.1676   3.217818   3.217133     2.0353     2.4614      7.997    -0.2967   481.3579 1.0715e-01    -0.1046   102.6501     6.5468     6.8347    34.3294    34.3256    27.2347    27.2322    7.26535 0.0000e+00
       3186     79.133     4.1718     4.1662   3.217876   3.217094     2.0353     2.4614      7.997    -0.3069   481.3579 1.0715e-01    -0.1082   102.7406     6.5491     6.8350    34.3300    34.3266    27.2352    27.2332    7.26531 0.0000e+00
       3189     79.186     4.1718     4.1656   3.217947   3.217150     2.0353     2.4614      7.997    -0.3069   481.3579 1.0715e-01    -0.1120   102.8400     6.5501     6.8364    34.3308    34.3279    27.2359    27.2342    7.26527 0.0000e+00
       3192     79.236     4.1723     4.1650   3.217948   3.217159     2.0341     2.4602      7.997    -0.2866   481.3579 1.0715e-01    -0.1110   102.8129     6.5438     6.8318    34.3303    34.3286    27.2355    27.2349    7.26522 0.0000e+00
       3195     79.282     4.1728     4.1756   3.218030   3.217654     2.0337     2.4598      7.997    -0.2866   481.3579 1.0715e-01    -0.1117   102.8310     6.5409     6.8287    34.3308    34.3233    27.2358    27.2296    7.26511 0.0000e+00
       3198     79.326     4.1759     4.2002   3.218166   3.219068     2.0337     2.4598      7.995    -0.2764   481.3579 1.0715e-01    -0.1117   102.8310     6.5404     6.8222    34.3291    34.3143    27.2341    27.2198    7.26463 0.0000e+00
       3201     79.368     4.1809     4.2112   3.218518   3.219670     2.0333     2.4590      7.995    -0.2051   481.3579 1.0715e-01    -0.1117   102.8310     6.5356     6.8170    34.3280    34.3100    27.2327    27.2152    7.26380 0.0000e+00
       3204     79.411     4.1932     4.2174   3.219437   3.220081     2.0329     2.4586      7.993    -0.2153   481.3579 1.0715e-01    -0.1117   102.8310     6.5287     6.8145    34.3259    34.3083    27.2298    27.2132    7.26169 0.0000e+00
       3207     79.453     4.1923     4.2178   3.218786   3.220184     2.0325     2.4578      7.995    -0.1950   271.9611 1.0715e-01    -0.1018   102.5778     6.5254     6.8079    34.3192    34.3091    27.2245    27.2138    7.26218 0.0000e+00
       3210     79.497     4.1737     4.2139   3.217865   3.220152     2.0325     2.4578      7.997    -0.2153    -0.8390 1.0715e-01    -0.0993   102.5145     6.5285     6.8056    34.3277    34.3128    27.2333    27.2172    7.26509 0.0000e+00
       3213     79.541     4.1694     4.2212   3.217663   3.220106     2.0317     2.4578      7.995    -0.2051     6.9778 1.0715e-01    -0.0993   102.5145     6.5272     6.8025    34.3298    34.3046    27.2354    27.2099    7.26576 0.0000e+00
       3216     79.588     4.1688     4.1987   3.217619   3.218736     2.0308     2.4566      7.995    -0.2153     6.6620 1.0715e-01    -0.0993   102.5145     6.5243     6.8018    34.3298    34.3119    27.2355    27.2180    7.26585 0.0000e+00
       3219     79.638     4.1685     4.1713   3.217602   3.217411     2.0304     2.4562      7.995    -0.2051     6.6620 1.0715e-01    -0.0993   102.5145     6.5202     6.8019    34.3300    34.3248    27.2356    27.2311    7.26591 0.0000e+00
       3222     79.691     4.1686     4.1650   3.217540   3.217059     2.0304     2.4541      7.995    -0.1950     6.6620 1.0715e-01    -0.0993   102.5145     6.5186     6.7949    34.3291    34.3272    27.2349    27.2337    7.26593 0.0000e+00
       3225     79.747     4.1680     4.1633   3.217513   3.216941     2.0300     2.4553      7.995    -0.2051     6.6620 1.0715e-01    -0.1004   102.5416     6.5175     6.7976    34.3294    34.3275    27.2352    27.2342    7.26602 0.0000e+00
       3228     79.809     4.1683     4.1622   3.217479   3.216852     2.0288     2.4541      7.995    -0.2051     6.6620 1.0715e-01    -0.1127   102.8581     6.5147     6.7931    34.3287    34.3276    27.2346    27.2344    7.26601 0.0000e+00
       3231     79.876     4.1676     4.1613   3.217455   3.216797     2.0288     2.4529      7.997    -0.2051     6.6620 1.0715e-01    -0.1131   102.8672     6.5152     6.7896    34.3291    34.3278    27.2350    27.2347    7.26612 0.0000e+00
       3234     79.949     4.1668     4.1614   3.217379   3.216782     2.0292     2.4521      7.995    -0.2051   343.1023 1.0715e-01    -0.1131   102.8672     6.5185     6.7874    34.3290    34.3276    27.2350    27.2344    7.26627 0.0000e+00
       3237     80.027     4.1663     4.1611   3.217369   3.216747     2.0284     2.4517      7.992    -0.2153   482.1080 1.0715e-01    -0.1131   102.8672     6.5174     6.7883    34.3293    34.3274    27.2353    27.2343    7.26633 0.0000e+00
       3240     80.106     4.1651     4.1599   3.217265   3.216678     2.0276     2.4513      7.994    -0.2153   481.0026 1.0715e-01    -0.1131   102.8672     6.5144     6.7894    34.3292    34.3277    27.2354    27.2347    7.26654 0.0000e+00
       3243     80.194     4.1633     4.1577   3.217129   3.216506     2.0268     2.4509      7.992    -0.1848   481.3579 1.0715e-01    -0.1131   102.8672     6.5108     6.7915    34.3295    34.3280    27.2357    27.2352    7.26685 0.0000e+00
       3246     80.290     4.1601     4.1555   3.216938   3.216330     2.0268     2.4496      7.992    -0.1950   481.3579 1.0715e-01    -0.1124   102.8491     6.5127     6.7911    34.3305    34.3282    27.2369    27.2355    7.26738 0.0000e+00
       3249     80.395     4.1551     4.1499   3.216473   3.215811     2.0268     2.4492      7.992    -0.2153   481.3579 1.0715e-01    -0.1110   102.8129     6.5155     6.7927    34.3302    34.3278    27.2372    27.2358    7.26828 0.0000e+00
       3252     80.503     4.1464     4.1411   3.215775   3.215156     2.0264     2.4488      7.992    -0.2356   481.3579 1.0715e-01    -0.1110   102.8129     6.5166     6.7981    34.3309    34.3292    27.2387    27.2379    7.26980 0.0000e+00
       3255     80.615     4.1373     4.1315   3.215036   3.214386     2.0260     2.4492      7.992    -0.2458   481.3579 1.0715e-01    -0.1110   102.8129     6.5171     6.8029    34.3317    34.3301    27.2403    27.2396    7.27139 0.0000e+00
       3258     80.734     4.1260     4.1193   3.214023   3.213302     2.0256     2.4480      7.992    -0.2356   456.9204 1.0715e-01    -0.1110   102.8129     6.5192     6.8021    34.3314    34.3299    27.2412    27.2407    7.27341 0.0000e+00
       3261     80.853     4.1016     4.0959   3.211855   3.211097     2.0256     2.4480      7.992    -0.2255    35.9554 1.0715e-01    -0.1110   102.8129     6.5261     6.8059    34.3312    34.3283    27.2436    27.2418    7.27779 0.0000e+00
       3264     80.973     4.0760     4.0682   3.210107   3.209389     2.0247     2.4468      7.992    -0.2458     4.8065 1.0715e-01    -0.1110   102.8129     6.5280     6.8084    34.3373    34.3369    27.2511    27.2516    7.28207 0.0000e+00
       3267     81.101     4.0638     4.0562   3.209395   3.208724     2.0239     2.4476      7.990    -0.2560     7.0173 1.0715e-01    -0.1099   102.7858     6.5254     6.8174    34.3416    34.3415    27.2557    27.2565    7.28405 0.0000e+00
       3270     81.231     4.0549     4.0487   3.208805   3.208208     2.0243     2.4472      7.992    -0.2458     6.8988 1.0715e-01    -0.1089   102.7587     6.5281     6.8177    34.3438    34.3432    27.2584    27.2587    7.28553 0.0000e+00
       3273     81.369     4.0486     4.0427   3.208419   3.207826     2.0243     2.4468      7.992    -0.2356     6.8988 1.0715e-01    -0.1089   102.7587     6.5308     6.8175    34.3458    34.3449    27.2607    27.2606    7.28658 0.0000e+00
       3276     81.508     4.0430     4.0366   3.207895   3.207286     2.0235     2.4464      7.987    -0.2662     6.8988 1.0715e-01    -0.1089   102.7587     6.5300     6.8181    34.3454    34.3448    27.2609    27.2611    7.28760 0.0000e+00
       3279     81.651     4.0362     4.0287   3.207417   3.206695     2.0243     2.4456      7.989    -0.3679     6.8988 1.0715e-01    -0.1089   102.7587     6.5349     6.8174    34.3467    34.3460    27.2627    27.2629    7.28874 0.0000e+00
       3282     81.799     4.0298     4.0231   3.206963   3.206320     2.0231     2.4447      7.987    -0.3985     6.8988 1.0715e-01    -0.1089   102.7587     6.5317     6.8166    34.3480    34.3473    27.2644    27.2645    7.28984 0.0000e+00
       3285     81.950     4.0264     4.0203   3.206792   3.206139     2.0227     2.4443      7.987    -0.3883   122.4540 1.0715e-01    -0.1089   102.7587     6.5310     6.8161    34.3494    34.3480    27.2659    27.2654    7.29038 0.0000e+00
       3288     82.100     4.0231     4.0173   3.206502   3.205928     2.0227     2.4456      7.987    -0.3883   482.1870 1.0715e-01    -0.1131   102.8672     6.5332     6.8210    34.3493    34.3486    27.2661    27.2662    7.29097 0.0000e+00
       3291     82.256     4.0191     4.0146   3.206208   3.205692     2.0219     2.4451      7.988    -0.3781   480.8052 1.0715e-01    -0.1141   102.8943     6.5289     6.8200    34.3499    34.3485    27.2670    27.2664    7.29165 0.0000e+00
       3294     82.412     4.0164     4.0116   3.206047   3.205491     2.0223     2.4435      7.988    -0.3883   481.3184 1.0715e-01    -0.1141   102.8943     6.5300     6.8164    34.3508    34.3492    27.2680    27.2672    7.29211 0.0000e+00
       3297     82.563     4.0145     4.0096   3.205930   3.205360     2.0223     2.4439      7.988    -0.3985   481.3579 1.0715e-01    -0.1141   102.8943     6.5307     6.8190    34.3512    34.3496    27.2686    27.2678    7.29241 0.0000e+00
       3300     82.711     4.0119     4.0059   3.205808   3.205154     2.0211     2.4443      7.988    -0.3985   481.3579 1.0715e-01    -0.1141   102.8943     6.5268     6.8226    34.3525    34.3510    27.2698    27.2693    7.29283 0.0000e+00
       3303     82.861     4.0092     4.0034   3.205692   3.205104     2.0211     2.4431      7.988    -0.4188   481.3579 1.0715e-01    -0.1141   102.8943     6.5263     6.8187    34.3538    34.3530    27.2712    27.2711    7.29324 0.0000e+00
       3306     83.009     4.0073     4.0021   3.205704   3.205077     2.0211     2.4431      7.988    -0.4290   481.3579 1.0715e-01    -0.1134   102.8762     6.5275     6.8205    34.3559    34.3539    27.2730    27.2719    7.29349 0.0000e+00
       3309     83.151     4.0066     4.0014   3.205667   3.205096     2.0211     2.4427      7.988    -0.4290   481.3579 1.0715e-01    -0.1145   102.9033     6.5281     6.8179    34.3561    34.3548    27.2733    27.2727    7.29360 0.0000e+00
       3312     83.287     4.0062     4.0011   3.205664   3.205088     2.0207     2.4427      7.988    -0.4290   481.3579 1.0715e-01    -0.1141   102.8943     6.5258     6.8173    34.3564    34.3550    27.2736    27.2730    7.29365 0.0000e+00
       3315     83.421     4.0055     4.0005   3.205652   3.205060     2.0195     2.4423      7.988    -0.4290   481.3579 1.0715e-01    -0.1141   102.8943     6.5203     6.8197    34.3570    34.3551    27.2741    27.2731    7.29376 0.0000e+00
       3318     83.547     4.0047     3.9999   3.205618   3.205047     2.0199     2.4415      7.986    -0.4290   481.3579 1.0715e-01    -0.1141   102.8943     6.5225     6.8182    34.3573    34.3556    27.2744    27.2735    7.29388 0.0000e+00
       3321     83.670     4.0043     3.9996   3.205616   3.205026     2.0199     2.4419      7.986    -0.4290   481.3579 1.0715e-01    -0.1141   102.8943     6.5233     6.8194    34.3577    34.3556    27.2748    27.2736    7.29394 0.0000e+00
       3324     83.787     4.0038     3.9986   3.205566   3.204973     2.0191     2.4411      7.988    -0.4290   481.3579 1.0715e-01    -0.1141   102.8943     6.5207     6.8176    34.3576    34.3559    27.2747    27.2740    7.29404 0.0000e+00
       3327     83.895     4.0025     3.9971   3.205513   3.204908     2.0191     2.4411      7.988    -0.4290   481.3579 1.0715e-01    -0.1106   102.8039     6.5199     6.8205    34.3582    34.3567    27.2754    27.2747    7.29424 0.0000e+00
       3330     83.999     4.0022     3.9964   3.205505   3.204890     2.0182     2.4415      7.986    -0.4392   481.3579 1.0715e-01    -0.1060   102.6863     6.5163     6.8222    34.3584    34.3571    27.2755    27.2751    7.29428 0.0000e+00
       3333     84.097     4.0016     3.9954   3.205477   3.204824     2.0186     2.4407      7.985    -0.4493   481.3579 1.0715e-01    -0.1064   102.6954     6.5190     6.8207    34.3586    34.3573    27.2758    27.2754    7.29438 0.0000e+00
       3336     84.190     3.9999     3.9945   3.205415   3.204793     2.0178     2.4407      7.986    -0.4595   481.3579 1.0715e-01    -0.1057   102.6773     6.5200     6.8214    34.3597    34.3578    27.2768    27.2759    7.29464 0.0000e+00
       3339     84.275     3.9990     3.9937   3.205370   3.204784     2.0182     2.4407      7.986    -0.4595    97.3848 1.0715e-01    -0.1064   102.6954     6.5227     6.8231    34.3600    34.3586    27.2771    27.2766    7.29477 0.0000e+00
       3342     84.356     3.9974     3.9930   3.205294   3.204707     2.0182     2.4407      7.985    -0.4493     0.0690 1.0715e-01    -0.1067   102.7044     6.5242     6.8225    34.3607    34.3583    27.2779    27.2764    7.29503 0.0000e+00
       3345     84.430     3.9968     3.9915   3.205285   3.204658     2.0170     2.4395      7.988    -0.4493     3.8195 1.0715e-01    -0.1064   102.6954     6.5215     6.8170    34.3611    34.3593    27.2783    27.2773    7.29511 0.0000e+00
       3348     84.498     3.9951     3.9897   3.205209   3.204549     2.0170     2.4403      7.986    -0.4493     3.5826 1.0715e-01    -0.0940   102.3789     6.5225     6.8212    34.3620    34.3599    27.2791    27.2780    7.29537 0.0000e+00
       3351     84.563     3.9937     3.9859   3.205120   3.204279     2.0166     2.4399      7.983    -0.4493     3.5826 1.0715e-01    -0.0873   102.2070     6.5221     6.8205    34.3624    34.3606    27.2796    27.2790    7.29561 0.0000e+00
       3354     84.622     3.9874     3.9819   3.204191   3.204061     2.0166     2.4395      7.985    -0.4493     3.5826 1.0715e-01    -0.0877   102.2161     6.5241     6.8195    34.3579    34.3622    27.2767    27.2806    7.29696 0.0000e+00
       3357     84.684     3.9773     3.9753   3.204156   3.203637     2.0170     2.4395      7.985    -0.3985     3.5826 1.0715e-01    -0.0877   102.2161     6.5281     6.8205    34.3681    34.3640    27.2858    27.2828    7.29828 0.0000e+00
       3360     84.743     3.9740     3.9675   3.203887   3.203168     2.0170     2.4395      7.986    -0.3781     3.5826 1.0715e-01    -0.0877   102.2161     6.5311     6.8200    34.3684    34.3666    27.2864    27.2856    7.29887 0.0000e+00
       3363     84.799     3.9717     3.9634   3.203704   3.202887     2.0158     2.4391      7.985    -0.3985     3.8984 1.0715e-01    -0.0877   102.2161     6.5268     6.8184    34.3686    34.3675    27.2868    27.2868    7.29927 0.0000e+00
       3366     84.852     3.9683     3.9597   3.203517   3.202706     2.0166     2.4382      7.985    -0.3883     6.2672 1.0715e-01    -0.0877   102.2161     6.5317     6.8161    34.3699    34.3692    27.2882    27.2885    7.29981 0.0000e+00
       3369     84.903     3.9645     3.9572   3.203401   3.202617     2.0162     2.4382      7.985    -0.3781     6.3067 1.0715e-01    -0.1075   102.7225     6.5316     6.8180    34.3724    34.3707    27.2906    27.2900    7.30037 0.0000e+00
