Datasets/AZMP/TEL210/tel210_2020_011.cnv
* Sea-Bird SBE 9 Data File:
* FileName = C:\CTDDATA\tel210_2020_011.hex
* Software Version Seasave V 7.26.7.110
* Temperature SN = 1697
* Conductivity SN = 4216
* Number of Bytes Per Scan = 30
* Number of Voltage Words = 4
* Number of Scans Averaged by the Deck Unit = 1
* NMEA baud rate = 4800
** VESSEL/TRIP/SEQ STN:  tel210_2020_011
** LATITUDE XX XX.XX: 47 00.00 N
** LONGITUDE XX XX.XX: 050 00.00 W
** SOUNDING DEPTH (M): 0084
** PROBE TYPE: S1146
** CTD NUMBER: 010
** COMMENTS (14 CHAR): FC-09
** BOTTLES:  7
** LEVELS: 5,10,20,30,40,50,75
** STICKERS: 435805 - 435811
** VNET: Y
** DO2: N
# nquan = 22
# nvalues = 1791                        
# units = specified
# name 0 = scan: Scan Count
# name 1 = prDM: Pressure, Digiquartz [db]
# name 2 = t090C: Temperature [ITS-90, deg C]
# name 3 = t190C: Temperature, 2 [ITS-90, deg C]
# name 4 = c0S/m: Conductivity [S/m]
# name 5 = c1S/m: Conductivity, 2 [S/m]
# name 6 = sbeox0V: Oxygen raw, SBE 43 [V]
# name 7 = sbeox1V: Oxygen raw, SBE 43, 2 [V]
# name 8 = ph: pH
# name 9 = flECO-AFL: Fluorescence, WET Labs ECO-AFL/FL [mg/m^3]
# name 10 = wetCDOM: Fluorescence, WET Labs CDOM [mg/m^3]
# name 11 = par/sat/log: PAR/Logarithmic, Satlantic [umol photons/m^2/sec]
# name 12 = CStarAt0: Beam Attenuation, WET Labs C-Star [1/m]
# name 13 = CStarTr0: Beam Transmission, WET Labs C-Star [%]
# name 14 = sbeox0ML/L: Oxygen, SBE 43 [ml/l], WS = 2
# name 15 = sbeox1ML/L: Oxygen, SBE 43, 2 [ml/l], WS = 2
# name 16 = sal00: Salinity, Practical [PSU]
# name 17 = sal11: Salinity, Practical, 2 [PSU]
# name 18 = sigma-t00: Density [sigma-t, kg/m^3 ]
# name 19 = sigma-t11: Density, 2 [sigma-t, kg/m^3 ]
# name 20 = oxsatML/L: Oxygen Saturation, Weiss [ml/l]
# name 21 = flag: flag
# span 0 =         24,      27737       
# span 1 =      1.825,     81.631       
# span 2 =     1.5750,    10.9465       
# span 3 =     1.5672,    10.9420       
# span 4 =   2.874833,   3.644891       
# span 5 =   2.874213,   3.644329       
# span 6 =     1.7243,     2.3702       
# span 7 =     2.0747,     2.8945       
# span 8 =      7.779,      8.130       
# span 9 =    -0.4188,     2.4404       
# span 10 =    -2.8130,   482.1870      
# span 11 = 1.0617e-01, 4.6957e-01      
# span 12 =    -0.0845,     0.0568      
# span 13 =    98.5898,   102.1347      
# span 14 =     5.7239,     7.6973      
# span 15 =     5.9900,     8.0749      
# span 16 =    32.4392,    32.8570      
# span 17 =    32.4497,    32.8574      
# span 18 =    24.8018,    26.2845      
# span 19 =    24.8009,    26.2849      
# span 20 =    6.28921,    7.83319      
# span 21 = 0.0000e+00, 0.0000e+00      
# interval = scans: 3                   
# start_time = Jul 16 2020 01:17:05 [System UTC, header]
# bad_flag = -9.990e-29
*END*
[from data line 527]
       1867     57.369     2.8507     2.8450   2.976145   2.975569     1.9498     2.3462      7.953     1.3313     2.3588 1.0715e-01    -0.0123   100.3080     6.2987     6.5478    32.8059    32.8048    26.1466    26.1462    7.58463 0.0000e+00
       1870     57.438     2.8498     2.8445   2.976129   2.975538     1.9486     2.3442      7.953     1.3211    14.7947 1.0715e-01    -0.0127   100.3170     6.2976     6.5437    32.8066    32.8048    26.1473    26.1462    7.58477 0.0000e+00
       1873     57.501     2.8492     2.8438   2.976103   2.975457     1.9466     2.3422      7.953     1.3313    14.2419 1.0727e-01    -0.0224   100.5612     6.2916     6.5388    32.8068    32.8045    26.1475    26.1460    7.58487 0.0000e+00
       1876     57.558     2.8469     2.8395   2.975737   2.975041     1.9446     2.3405      7.953     1.3313    14.2419 1.0715e-01    -0.0235   100.5883     6.2826     6.5371    32.8047    32.8038    26.1460    26.1459    7.58542 0.0000e+00
       1879     57.613     2.8391     2.8335   2.975157   2.974544     1.9429     2.3389      7.953     1.3415    14.2419 1.0715e-01    -0.0235   100.5883     6.2784     6.5333    32.8056    32.8039    26.1473    26.1464    7.58686 0.0000e+00
       1882     57.665     2.8323     2.8259   2.974495   2.973878     1.9413     2.3365      7.952     1.3211    14.2419 1.0715e-01    -0.0238   100.5973     6.2751     6.5271    32.8044    32.8034    26.1470    26.1468    7.58822 0.0000e+00
       1885     57.719     2.8229     2.8161   2.973699   2.973096     1.9392     2.3344      7.950     1.3313    14.2419 1.0715e-01    -0.0235   100.5883     6.2706     6.5244    32.8043    32.8039    26.1477    26.1480    7.59004 0.0000e+00
       1888     57.768     2.8152     2.8090   2.973145   2.972522     1.9384     2.3324      7.950     1.1583    14.2419 1.0715e-01    -0.0235   100.5883     6.2690     6.5224    32.8054    32.8041    26.1492    26.1487    7.59145 0.0000e+00
       1891     57.817     2.8097     2.8040   2.972749   2.972177     1.9368     2.3316      7.949     1.1075   298.2936 1.0715e-01    -0.0253   100.6335     6.2623     6.5228    32.8062    32.8050    26.1503    26.1498    7.59247 0.0000e+00
       1894     57.860     2.8051     2.7984   2.972370   2.971623     1.9356     2.3287      7.949     1.1075   481.7527 1.0715e-01    -0.0349   100.8777     6.2596     6.5154    32.8062    32.8040    26.1507    26.1495    7.59334 0.0000e+00
       1897     57.901     2.7975     2.7900   2.971684   2.970999     1.9335     2.3267      7.949     1.0973   481.0026 1.0727e-01    -0.0353   100.8867     6.2560     6.5103    32.8056    32.8049    26.1509    26.1509    7.59483 0.0000e+00
       1900     57.936     2.7920     2.7850   2.971278   2.970680     1.9327     2.3247      7.949     1.1176   481.3579 1.0715e-01    -0.0346   100.8686     6.2551     6.5050    32.8062    32.8061    26.1518    26.1523    7.59585 0.0000e+00
       1903     57.971     2.7876     2.7799   2.970887   2.970276     1.9311     2.3226      7.949     1.1075   481.3579 1.0715e-01    -0.0353   100.8867     6.2489     6.4994    32.8060    32.8064    26.1520    26.1530    7.59672 0.0000e+00
       1906     58.007     2.7814     2.7753   2.970374   2.969886     1.9287     2.3214      7.949     1.1075   481.3579 1.0715e-01    -0.0353   100.8867     6.2400     6.4997    32.8060    32.8063    26.1526    26.1532    7.59790 0.0000e+00
       1909     58.043     2.7765     2.7734   2.970069   2.969674     1.9279     2.3198      7.949     1.1278   481.3579 1.0715e-01    -0.0353   100.8867     6.2370     6.4964    32.8073    32.8057    26.1540    26.1529    7.59878 0.0000e+00
       1912     58.079     2.7870     2.7699   2.971227   2.969397     1.9258     2.3177      7.949     1.0667   481.3579 1.0715e-01    -0.0417   101.0495     6.2274     6.4936    32.8106    32.8058    26.1558    26.1533    7.59659 0.0000e+00
       1915     58.125     2.7994     2.7693   2.971861   2.969443     1.9246     2.3157      7.949     0.7309   481.3579 1.0715e-01    -0.0518   101.3027     6.2236     6.4901    32.8057    32.8069    26.1508    26.1543    7.59447 0.0000e+00
       1918     58.175     2.7849     2.7730   2.970525   2.969639     1.9230     2.3149      7.949     0.7004   481.3579 1.0715e-01    -0.0514   101.2937     6.2219     6.4896    32.8042    32.8056    26.1508    26.1529    7.59732 0.0000e+00
       1921     58.234     2.7731     2.7671   2.969697   2.969116     1.9221     2.3120      7.949     0.7106   481.3579 1.0715e-01    -0.0514   101.2937     6.2217     6.4815    32.8061    32.8052    26.1533    26.1531    7.59948 0.0000e+00
       1924     58.292     2.7684     2.7618   2.969411   2.968737     1.9201     2.3104      7.946     0.7208   481.3579 1.0715e-01    -0.0514   101.2937     6.2154     6.4756    32.8074    32.8059    26.1547    26.1541    7.60032 0.0000e+00
       1927     58.358     2.7653     2.7595   2.969170   2.968596     1.9185     2.3088      7.947     0.7106   481.3579 1.0715e-01    -0.0514   101.2937     6.2118     6.4711    32.8076    32.8066    26.1552    26.1548    7.60091 0.0000e+00
       1930     58.430     2.7631     2.7580   2.969014   2.968450     1.9177     2.3080      7.944     0.7106   481.3579 1.0715e-01    -0.0514   101.2937     6.2111     6.4691    32.8079    32.8062    26.1556    26.1546    7.60131 0.0000e+00
       1933     58.503     2.7614     2.7565   2.968896   2.968365     1.9156     2.3059      7.944     0.7106   481.3579 1.0727e-01    -0.0521   101.3118     6.2033     6.4648    32.8081    32.8067    26.1559    26.1552    7.60163 0.0000e+00
       1936     58.584     2.7604     2.7559   2.968831   2.968346     1.9156     2.3055      7.944     0.7106   481.3579 1.0715e-01    -0.0525   101.3208     6.2070     6.4653    32.8083    32.8070    26.1561    26.1554    7.60181 0.0000e+00
       1939     58.671     2.7607     2.7551   2.968861   2.968241     1.9140     2.3027      7.944     0.5478   481.3579 1.0715e-01    -0.0525   101.3208     6.2003     6.4579    32.8084    32.8066    26.1562    26.1552    7.60176 0.0000e+00
       1942     58.763     2.7606     2.7544   2.968840   2.968247     1.9120     2.3010      7.944     0.2731   402.5578 1.0715e-01    -0.0525   101.3208     6.1913     6.4541    32.8081    32.8073    26.1560    26.1558    7.60179 0.0000e+00
       1945     58.863     2.7587     2.7529   2.968684   2.968070     1.9108     2.2990      7.939     0.2731     9.5045 1.0715e-01    -0.0525   101.3208     6.1866     6.4517    32.8081    32.8065    26.1562    26.1553    7.60215 0.0000e+00
       1948     58.972     2.7554     2.7499   2.968439   2.967825     1.9095     2.2970      7.939     0.2629    10.0966 1.0715e-01    -0.0525   101.3208     6.1840     6.4469    32.8084    32.8066    26.1566    26.1556    7.60276 0.0000e+00
       1951     59.085     2.7528     2.7474   2.968232   2.967672     1.9083     2.2962      7.939     0.2833    10.3335 1.0727e-01    -0.0529   101.3298     6.1817     6.4453    32.8085    32.8072    26.1570    26.1564    7.60327 0.0000e+00
       1954     59.205     2.7502     2.7450   2.968085   2.967543     1.9067     2.2945      7.939     0.2934    10.2940 1.0715e-01    -0.0610   101.5379     6.1777     6.4403    32.8094    32.8081    26.1578    26.1572    7.60373 0.0000e+00
       1957     59.331     2.7485     2.7436   2.967975   2.967443     1.9055     2.2937      7.937     0.2731    10.2546 1.0727e-01    -0.0621   101.5650     6.1732     6.4396    32.8096    32.8082    26.1582    26.1574    7.60404 0.0000e+00
       1960     59.459     2.7472     2.7425   2.967903   2.967355     1.9055     2.2917      7.934     0.2833    10.3335 1.0715e-01    -0.0614   101.5469     6.1741     6.4342    32.8100    32.8082    26.1586    26.1575    7.60426 0.0000e+00
       1963     59.592     2.7452     2.7403   2.967720   2.967167     1.9026     2.2909      7.935     0.2731    10.2546 1.0727e-01    -0.0621   101.5650     6.1648     6.4351    32.8098    32.8081    26.1586    26.1576    7.60466 0.0000e+00
       1966     59.730     2.7435     2.7379   2.967673   2.967048     1.9014     2.2892      7.935     0.0797    10.2940 1.0727e-01    -0.0621   101.5650     6.1642     6.4300    32.8108    32.8090    26.1596    26.1585    7.60493 0.0000e+00
       1969     59.871     2.7421     2.7365   2.967567   2.966956     1.9002     2.2884      7.935    -0.0424     5.0433 1.0715e-01    -0.0621   101.5650     6.1600     6.4283    32.8110    32.8091    26.1598    26.1588    7.60521 0.0000e+00
       1972     60.016     2.7403     2.7349   2.967450   2.966859     1.8998     2.2868      7.933    -0.0322    -1.8655 1.0715e-01    -0.0617   101.5559     6.1592     6.4211    32.8113    32.8095    26.1602    26.1593    7.60553 0.0000e+00
       1975     60.158     2.7385     2.7330   2.967336   2.966729     1.8989     2.2847      7.932    -0.0322    -1.5102 1.0727e-01    -0.0635   101.6011     6.1554     6.4137    32.8117    32.8099    26.1607    26.1596    7.60586 0.0000e+00
       1978     60.301     2.7365     2.7308   2.967183   2.966533     1.8977     2.2827      7.932    -0.0322    -1.5497 1.0715e-01    -0.0642   101.6192     6.1507     6.4057    32.8117    32.8097    26.1609    26.1597    7.60623 0.0000e+00
       1981     60.448     2.7343     2.7289   2.967033   2.966439     1.8961     2.2823      7.930    -0.0220    -1.5102 1.0727e-01    -0.0639   101.6102     6.1450     6.4028    32.8120    32.8104    26.1613    26.1604    7.60664 0.0000e+00
       1984     60.592     2.7334     2.7287   2.966988   2.966432     1.8945     2.2799      7.930    -0.0424    -1.5102 1.0727e-01    -0.0642   101.6192     6.1398     6.3929    32.8123    32.8103    26.1616    26.1604    7.60679 0.0000e+00
       1987     60.733     2.7328     2.7279   2.966952   2.966404     1.8937     2.2791      7.930    -0.0220    -1.5102 1.0715e-01    -0.0639   101.6102     6.1389     6.3906    32.8124    32.8108    26.1617    26.1608    7.60690 0.0000e+00
       1990     60.866     2.7315     2.7268   2.966849   2.966287     1.8933     2.2774      7.930    -0.0322    -1.5497 1.0715e-01    -0.0642   101.6192     6.1356     6.3855    32.8125    32.8104    26.1618    26.1606    7.60716 0.0000e+00
       1993     60.992     2.7299     2.7249   2.966737   2.966164     1.8912     2.2762      7.928    -0.0729    -1.5497 1.0715e-01    -0.0660   101.6644     6.1251     6.3824    32.8127    32.8108    26.1622    26.1611    7.60746 0.0000e+00
       1996     61.113     2.7287     2.7237   2.966633   2.966104     1.8900     2.2746      7.927    -0.0830   341.3258 1.0715e-01    -0.0696   101.7549     6.1197     6.3810    32.8126    32.8112    26.1622    26.1615    7.60770 0.0000e+00
       1999     61.224     2.7272     2.7224   2.966568   2.966002     1.8888     2.2734      7.925    -0.1034   482.1080 1.0715e-01    -0.0696   101.7549     6.1165     6.3812    32.8132    32.8112    26.1628    26.1616    7.60794 0.0000e+00
       2002     61.332     2.7259     2.7214   2.966439   2.965934     1.8875     2.2717      7.925    -0.0830   481.0421 1.0727e-01    -0.0696   101.7549     6.1137     6.3763    32.8130    32.8114    26.1627    26.1618    7.60821 0.0000e+00
       2005     61.430     2.7250     2.7203   2.966391   2.965854     1.8871     2.2697      7.925    -0.0932   481.3579 1.0715e-01    -0.0696   101.7549     6.1134     6.3694    32.8132    32.8114    26.1630    26.1620    7.60837 0.0000e+00
       2008     61.520     2.7247     2.7198   2.966364   2.965858     1.8859     2.2685      7.925    -0.1034   481.3579 1.0715e-01    -0.0696   101.7549     6.1105     6.3688    32.8131    32.8120    26.1630    26.1624    7.60843 0.0000e+00
       2011     61.604     2.7246     2.7194   2.966378   2.965848     1.8843     2.2676      7.925    -0.0830   481.3579 1.0715e-01    -0.0692   101.7458     6.1048     6.3689    32.8134    32.8122    26.1632    26.1626    7.60844 0.0000e+00
       2014     61.677     2.7242     2.7197   2.966398   2.965831     1.8831     2.2660      7.925    -0.0932   481.3579 1.0715e-01    -0.0717   101.8092     6.1029     6.3681    32.8140    32.8117    26.1637    26.1622    7.60849 0.0000e+00
       2017     61.743     2.7241     2.7195   2.966385   2.965821     1.8823     2.2648      7.925    -0.1136   481.3579 1.0727e-01    -0.0728   101.8363     6.1016     6.3675    32.8139    32.8117    26.1636    26.1622    7.60851 0.0000e+00
       2020     61.803     2.7239     2.7191   2.966375   2.965846     1.8814     2.2648      7.925    -0.1848   455.7360 1.0727e-01    -0.0728   101.8363     6.0966     6.3706    32.8139    32.8124    26.1637    26.1629    7.60855 0.0000e+00
       2023     61.856     2.7236     2.7189   2.966377   2.965842     1.8798     2.2628      7.923    -0.1848    34.2973 1.0715e-01    -0.0724   101.8272     6.0895     6.3677    32.8142    32.8125    26.1639    26.1630    7.60858 0.0000e+00
       2026     61.906     2.7232     2.7183   2.966347   2.965798     1.8790     2.2607      7.920    -0.1746     0.8191 1.0727e-01    -0.0724   101.8272     6.0881     6.3623    32.8143    32.8126    26.1640    26.1630    7.60867 0.0000e+00
       2029     61.949     2.7231     2.7186   2.966371   2.965826     1.8782     2.2599      7.920    -0.1848     3.3852 1.0715e-01    -0.0728   101.8363     6.0851     6.3594    32.8146    32.8126    26.1643    26.1631    7.60866 0.0000e+00
       2032     61.989     2.7227     2.7186   2.966363   2.965915     1.8774     2.2595      7.920    -0.1645     3.2273 1.0715e-01    -0.0721   101.8182     6.0837     6.3581    32.8150    32.8137    26.1646    26.1639    7.60873 0.0000e+00
       2035     62.026     2.7231     2.7192   2.966428   2.965907     1.8766     2.2587      7.922    -0.1746     3.2273 1.0727e-01    -0.0728   101.8363     6.0846     6.3557    32.8153    32.8130    26.1648    26.1633    7.60864 0.0000e+00
       2038     62.064     2.7234     2.7189   2.966407   2.965886     1.8753     2.2579      7.920    -0.1746     3.2273 1.0727e-01    -0.0728   101.8363     6.0819     6.3548    32.8147    32.8129    26.1643    26.1633    7.60860 0.0000e+00
       2041     62.104     2.7237     2.7191   2.966490   2.965923     1.8733     2.2563      7.920    -0.1848     3.2273 1.0715e-01    -0.0728   101.8363     6.0760     6.3509    32.8154    32.8132    26.1648    26.1635    7.60851 0.0000e+00
       2044     62.141     2.7234     2.7193   2.966460   2.965958     1.8725     2.2550      7.920    -0.1950     3.2273 1.0727e-01    -0.0728   101.8363     6.0725     6.3472    32.8153    32.8134    26.1648    26.1636    7.60857 0.0000e+00
       2047     62.177     2.7238     2.7192   2.966468   2.965969     1.8721     2.2542      7.920    -0.2051     4.1748 1.0715e-01    -0.0728   101.8363     6.0735     6.3480    32.8150    32.8136    26.1645    26.1637    7.60852 0.0000e+00
       2050     62.217     2.7241     2.7192   2.966542   2.965996     1.8713     2.2526      7.920    -0.2255     7.0962 1.0727e-01    -0.0728   101.8363     6.0738     6.3448    32.8156    32.8139    26.1650    26.1640    7.60843 0.0000e+00
       2053     62.260     2.7246     2.7196   2.966588   2.966043     1.8696     2.2510      7.920    -0.2153     7.0173 1.0715e-01    -0.0717   101.8091     6.0697     6.3406    32.8156    32.8140    26.1649    26.1641    7.60833 0.0000e+00
       2056     62.305     2.7246     2.7203   2.966630   2.966106     1.8696     2.2505      7.920    -0.2255     7.0173 1.0715e-01    -0.0696   101.7549     6.0737     6.3411    32.8160    32.8141    26.1653    26.1640    7.60830 0.0000e+00
       2059     62.352     2.7245     2.7209   2.966621   2.966163     1.8692     2.2493      7.920    -0.2255     7.0173 1.0727e-01    -0.0692   101.7458     6.0756     6.3385    32.8161    32.8141    26.1653    26.1641    7.60832 0.0000e+00
