Datasets/AZMP/TEL210/tel210_2020_057.cnv
* Sea-Bird SBE 9 Data File:
* FileName = C:\CTDDATA\tel210_2020_057.hex
* Software Version Seasave V 7.26.7.110
* Temperature SN = 1697
* Conductivity SN = 4216
* Number of Bytes Per Scan = 30
* Number of Voltage Words = 4
* Number of Scans Averaged by the Deck Unit = 1
** VESSEL/TRIP/SEQ STN:  tel210_2020_057
** LATITUDE XX XX.XX: 48 48.00 N
** LONGITUDE XX XX.XX: 052 45.00 W
** SOUNDING DEPTH (M): 0178
** PROBE TYPE: S1146
** CTD NUMBER: 047
** COMMENTS (14 CHAR): BB-02
** BOTTLES:  0
** LEVELS:
** STICKERS:
** VNET: N
** DO2: N
# nquan = 22
# nvalues = 3647                        
# units = specified
# name 0 = scan: Scan Count
# name 1 = prDM: Pressure, Digiquartz [db]
# name 2 = t090C: Temperature [ITS-90, deg C]
# name 3 = t190C: Temperature, 2 [ITS-90, deg C]
# name 4 = c0S/m: Conductivity [S/m]
# name 5 = c1S/m: Conductivity, 2 [S/m]
# name 6 = sbeox0V: Oxygen raw, SBE 43 [V]
# name 7 = sbeox1V: Oxygen raw, SBE 43, 2 [V]
# name 8 = ph: pH
# name 9 = flECO-AFL: Fluorescence, WET Labs ECO-AFL/FL [mg/m^3]
# name 10 = wetCDOM: Fluorescence, WET Labs CDOM [mg/m^3]
# name 11 = par/sat/log: PAR/Logarithmic, Satlantic [umol photons/m^2/sec]
# name 12 = CStarAt0: Beam Attenuation, WET Labs C-Star [1/m]
# name 13 = CStarTr0: Beam Transmission, WET Labs C-Star [%]
# name 14 = sbeox0ML/L: Oxygen, SBE 43 [ml/l], WS = 2
# name 15 = sbeox1ML/L: Oxygen, SBE 43, 2 [ml/l], WS = 2
# name 16 = sal00: Salinity, Practical [PSU]
# name 17 = sal11: Salinity, Practical, 2 [PSU]
# name 18 = sigma-t00: Density [sigma-t, kg/m^3 ]
# name 19 = sigma-t11: Density, 2 [sigma-t, kg/m^3 ]
# name 20 = oxsatML/L: Oxygen Saturation, Weiss [ml/l]
# name 21 = flag: flag
# span 0 =          2,      12830       
# span 1 =      0.120,    169.535       
# span 2 =    -1.4185,    11.6135       
# span 3 =    -1.4237,    11.6113       
# span 4 =   2.504036,   3.619250       
# span 5 =   2.620697,   3.621407       
# span 6 =     1.9365,     2.5823       
# span 7 =     2.3374,     3.1392       
# span 8 =      7.957,      8.297       
# span 9 =     0.5394,     3.5976       
# span 10 =    -2.8130,   482.1870      
# span 11 = 1.0715e-01, 1.8570e+03      
# span 12 =    -0.1446,     0.1594      
# span 13 =    96.0938,   103.6811      
# span 14 =     5.8165,     9.4470      
# span 15 =     5.7560,     9.9717      
# span 16 =    21.0775,    33.0969      
# span 17 =    24.1088,    33.0838      
# span 18 =    15.8678,    26.6062      
# span 19 =    18.2159,    26.5954      
# span 20 =    6.23170,    8.48871      
# span 21 = 0.0000e+00, 0.0000e+00      
# interval = scans: 3                   
# start_time = Jul 21 2020 18:17:09 [System UTC, header]
# bad_flag = -9.990e-29
*END*
          2      2.774    11.5584    11.5608   3.612345   3.612249     2.2922     2.7757      8.180     0.8463    -0.9180 1.2477e+03    -0.0224   100.5612     6.4577     6.7252    31.6169    31.6139    24.0433    24.0405    6.23952 0.0000e+00
          5      2.801    11.5602    11.5597   3.612577   3.612177     2.2922     2.7766      8.178     0.8357    -0.9180 8.6964e+02    -0.0224   100.5612     6.4574     6.7280    31.6175    31.6141    24.0435    24.0409    6.23925 0.0000e+00
          8      2.831    11.5620    11.5599   3.612535   3.612227     2.2926     2.7757      8.180     0.8463    -0.9180 9.2891e+02    -0.0224   100.5612     6.4587     6.7254    31.6156    31.6144    24.0417    24.0411    6.23909 0.0000e+00
         11      2.860    11.5612    11.5602   3.612293   3.612246     2.2926     2.7749      8.180     0.8463    -0.9180 1.2566e+03    -0.0213   100.5340     6.4589     6.7229    31.6140    31.6143    24.0405    24.0410    6.23927 0.0000e+00
         14      2.895    11.5599    11.5599   3.612320   3.612212     2.2922     2.7766      8.180     0.8780    -0.9180 9.5302e+02    -0.0213   100.5340     6.4576     6.7280    31.6153    31.6143    24.0419    24.0410    6.23939 0.0000e+00
         17      2.930    11.5599    11.5575   3.612292   3.611919     2.2922     2.7762      8.180     0.8675     0.2664 1.1422e+03    -0.0213   100.5340     6.4577     6.7271    31.6150    31.6134    24.0416    24.0408    6.23939 0.0000e+00
         20      2.966    11.5587    11.5539   3.612149   3.611635     2.2922     2.7745      8.180     0.8780     0.7796 1.3609e+03    -0.0213   100.5340     6.4579     6.7228    31.6146    31.6137    24.0415    24.0416    6.23957 0.0000e+00
         23      2.998    11.5576    11.5517   3.612013   3.611507     2.2918     2.7753      8.180     0.8675     0.7401 1.3620e+03    -0.0213   100.5340     6.4567     6.7255    31.6143    31.6144    24.0414    24.0425    6.23974 0.0000e+00
         26      3.030    11.5557    11.5524   3.611843   3.611662     2.2918     2.7749      8.180     0.8780     0.7401 1.1973e+03    -0.0213   100.5340     6.4527     6.7127    31.6142    31.6152    24.0417    24.0431    6.24000 0.0000e+00
         29      3.061    11.5551    11.5537   3.611999   3.611730     2.2914     2.7741      8.180     0.8780     0.7401 6.4625e+02    -0.0209   100.5250     6.4509     6.7110    31.6162    31.6148    24.0433    24.0425    6.23999 0.0000e+00
         32      3.087    11.5548    11.5538   3.611888   3.611760     2.2918     2.7741      8.180     0.8780     0.7401 6.2839e+02    -0.0166   100.4165     6.4522     6.7129    31.6154    31.6149    24.0428    24.0426    6.24007 0.0000e+00
         35      3.112    11.5540    11.5574   3.611871   3.612081     2.2922     2.7737      8.180     0.8569     0.7796 8.1771e+02    -0.0159   100.3984     6.4544     6.7119    31.6159    31.6150    24.0433    24.0420    6.24016 0.0000e+00
         38      3.140    11.5549    11.5584   3.612124   3.612117     2.2926     2.7729      8.178     0.8780     0.7401 1.0777e+03    -0.0159   100.3984     6.4561     6.7108    31.6175    31.6145    24.0445    24.0415    6.23996 0.0000e+00
         41      3.165    11.5568    11.5583   3.612237   3.612068     2.2914     2.7737      8.178     0.8357     0.8586 8.6156e+02    -0.0159   100.3984     6.4512     6.7168    31.6171    31.6141    24.0437    24.0411    6.23974 0.0000e+00
         44      3.190    11.5581    11.5574   3.612316   3.612039     2.2918     2.7741      8.180     0.8357     1.8061 8.7303e+02    -0.0159   100.3984     6.4535     6.7201    31.6167    31.6146    24.0432    24.0417    6.23957 0.0000e+00
        163      3.227    11.5604    11.5562   3.612561   3.611939     2.2930     2.7721      8.180     0.8251   161.7356 9.6384e+02    -0.0148   100.3713     6.4564     6.7206    31.6171    31.6147    24.0432    24.0420    6.23925 0.0000e+00
        394      3.266    11.5585    11.5538   3.612188   3.611696     2.2951     2.7705      8.177     0.8463   481.3579 9.0521e+02    -0.0138   100.3441     6.4586     6.7303    31.6150    31.6143    24.0418    24.0421    6.23958 0.0000e+00
        397      3.312    11.5582    11.5536   3.612165   3.611704     2.2947     2.7717      8.180     0.8357   481.3579 8.9010e+02    -0.0177   100.4436     6.4573     6.7346    31.6151    31.6145    24.0420    24.0423    6.23962 0.0000e+00
        400      3.360    11.5575    11.5544   3.612118   3.611724     2.2951     2.7717      8.178     0.8357   481.3579 9.1420e+02    -0.0181   100.4527     6.4599     6.7350    31.6152    31.6140    24.0421    24.0418    6.23971 0.0000e+00
        403      3.407    11.5572    11.5547   3.612103   3.611732     2.2947     2.7729      8.175     0.8357   481.3579 1.4706e+03    -0.0181   100.4527     6.4585     6.7384    31.6153    31.6138    24.0422    24.0416    6.23974 0.0000e+00
        406      3.455    11.5561    11.5532   3.611906   3.611652     2.2947     2.7725      8.177     0.8357   481.3579 9.7693e+02    -0.0181   100.4527     6.4594     6.7357    31.6143    31.6143    24.0417    24.0422    6.23993 0.0000e+00
        409      3.509    11.5547    11.5515   3.611832   3.611419     2.2943     2.7737      8.177     0.8463   244.7600 1.0822e+03    -0.0181   100.4527     6.4586     6.7372    31.6147    31.6135    24.0424    24.0419    6.24011 0.0000e+00
        412      3.576    11.5539    11.5495   3.611802   3.611294     2.2943     2.7737      8.177     0.8357    -2.8130 8.6196e+02    -0.0181   100.4527     6.4607     6.7334    31.6151    31.6139    24.0428    24.0426    6.24020 0.0000e+00
        415      3.647    11.5536    11.5494   3.611844   3.611358     2.2939     2.7733      8.175     0.8251     0.7796 7.0813e+02    -0.0177   100.4436     6.4603     6.7290    31.6158    31.6146    24.0433    24.0432    6.24021 0.0000e+00
        418      3.718    11.5536    11.5497   3.611613   3.611429     2.2947     2.7741      8.177     0.8251     0.9770 8.0306e+02    -0.0181   100.4527     6.4648     6.7283    31.6135    31.6150    24.0415    24.0434    6.24030 0.0000e+00
        421      3.796    11.5540    11.5502   3.611930   3.611461     2.2943     2.7741      8.178     0.8357     0.9770 8.7543e+02    -0.0181   100.4527     6.4636     6.7236    31.6162    31.6148    24.0436    24.0432    6.24014 0.0000e+00
        424      3.878    11.5542    11.5506   3.611930   3.611447     2.2943     2.7741      8.180     0.8463     0.9770 1.2366e+03    -0.0181   100.4527     6.4645     6.7203    31.6160    31.6143    24.0434    24.0427    6.24013 0.0000e+00
        427      3.964    11.5546    11.5509   3.611927   3.611459     2.2939     2.7741      8.178     0.8463     0.9770 1.1888e+03    -0.0181   100.4527     6.4629     6.7168    31.6156    31.6142    24.0430    24.0426    6.24009 0.0000e+00
        430      4.057    11.5548    11.5508   3.611990   3.611449     2.2943     2.7737      8.178     0.8357     0.9770 9.9334e+02    -0.0181   100.4527     6.4646     6.7127    31.6160    31.6142    24.0433    24.0426    6.24005 0.0000e+00
        433      4.151    11.5554    11.5515   3.612104   3.611625     2.2939     2.7737      8.178     0.8357     0.9770 9.8389e+02    -0.0181   100.4527     6.4642     6.7099    31.6166    31.6152    24.0436    24.0433    6.23994 0.0000e+00
        436      4.250    11.5573    11.5538   3.612414   3.611773     2.2947     2.7725      8.177     0.8463     3.1878 1.1676e+03    -0.0170   100.4255     6.4662     6.7050    31.6179    31.6146    24.0443    24.0424    6.23964 0.0000e+00
        439      4.355    11.5589    11.5547   3.612398   3.611889     2.2939     2.7729      8.177     0.8357     3.8195 6.8009e+02    -0.0170   100.4255     6.4629     6.7045    31.6163    31.6149    24.0428    24.0425    6.23948 0.0000e+00
        442      4.462    11.5591    11.5583   3.612398   3.612209     2.2947     2.7725      8.178     0.8463     3.8195 5.8670e+02    -0.0170   100.4255     6.4654     6.7011    31.6161    31.6149    24.0426    24.0418    6.23946 0.0000e+00
        445      4.565    11.5603    11.5610   3.612584   3.612376     2.2939     2.7717      8.178     0.8357     3.8195 6.1852e+02    -0.0170   100.4255     6.4618     6.6962    31.6169    31.6142    24.0430    24.0408    6.23927 0.0000e+00
        448      4.672    11.5620    11.5610   3.612690   3.612404     2.2943     2.7717      8.177     0.8463     3.8195 6.4301e+02    -0.0170   100.4255     6.4629     6.6958    31.6164    31.6144    24.0423    24.0409    6.23906 0.0000e+00
        451      4.777    11.5633    11.5660   3.612904   3.612848     2.2930     2.7709      8.175     0.8251     3.8195 7.1470e+02    -0.0170   100.4255     6.4575     6.6928    31.6173    31.6145    24.0427    24.0401    6.23885 0.0000e+00
        454      4.875    11.5658    11.5671   3.613152   3.612862     2.2943     2.7713      8.178     0.8569     3.8195 6.4706e+02    -0.0163   100.4074     6.4607     6.6946    31.6175    31.6136    24.0425    24.0392    6.23850 0.0000e+00
        457      4.965    11.5678    11.5669   3.613182   3.612869     2.2947     2.7705      8.180     0.8357     3.8195 7.5413e+02    -0.0163   100.4074     6.4610     6.6940    31.6161    31.6138    24.0410    24.0394    6.23829 0.0000e+00
        460      5.046    11.5685    11.5670   3.613214   3.612883     2.2930     2.7709      8.178     0.8251     3.8195 7.7148e+02    -0.0166   100.4165     6.4547     6.6973    31.6158    31.6138    24.0406    24.0394    6.23821 0.0000e+00
        463      5.117    11.5692    11.5663   3.613299   3.612831     2.2943     2.7701      8.175     0.8251     4.1353 6.9462e+02    -0.0163   100.4074     6.4585     6.6962    31.6160    31.6139    24.0407    24.0396    6.23811 0.0000e+00
        466      5.181    11.5697    11.5657   3.613292   3.612791     2.2934     2.7692      8.178     0.8357     4.1748 6.9370e+02    -0.0163   100.4074     6.4545     6.6953    31.6155    31.6140    24.0402    24.0397    6.23807 0.0000e+00
        469      5.235    11.5700    11.5652   3.613331   3.612747     2.2930     2.7684      8.178     0.8357     4.1748 6.0494e+02    -0.0166   100.4165     6.4535     6.6951    31.6155    31.6140    24.0402    24.0398    6.23801 0.0000e+00
        472      5.279    11.5704    11.5649   3.613377   3.612742     2.2934     2.7692      8.177     0.8463     4.1748 5.5226e+02    -0.0159   100.3984     6.4556     6.7000    31.6156    31.6141    24.0402    24.0400    6.23796 0.0000e+00
        475      5.320    11.5709    11.5649   3.613361   3.612719     2.2934     2.7684      8.175     0.8251     4.1748 5.8861e+02    -0.0145   100.3622     6.4558     6.6986    31.6150    31.6139    24.0396    24.0398    6.23791 0.0000e+00
        478      5.361    11.5707    11.5654   3.613297   3.612742     2.2926     2.7692      8.175     0.8357     4.1748 6.2205e+02    -0.0127   100.3170     6.4526     6.7020    31.6146    31.6137    24.0393    24.0396    6.23796 0.0000e+00
        481      5.398    11.5691    11.5650   3.613103   3.612700     2.2930     2.7692      8.177     0.8357     4.1748 6.3733e+02    -0.0127   100.3170     6.4548     6.7035    31.6140    31.6136    24.0392    24.0396    6.23820 0.0000e+00
        484      5.429    11.5679    11.5626   3.613104   3.612509     2.2930     2.7696      8.178     0.8463     4.1748 6.3529e+02    -0.0127   100.3170     6.4558     6.7061    31.6150    31.6138    24.0402    24.0402    6.23831 0.0000e+00
        487      5.461    11.5671    11.5604   3.612977   3.612321     2.2918     2.7688      8.175     0.8357     2.2403 7.0646e+02    -0.0127   100.3170     6.4525     6.7050    31.6145    31.6139    24.0399    24.0406    6.23845 0.0000e+00
        490      5.494    11.5664    11.5595   3.612925   3.612285     2.2926     2.7688      8.177     0.8357    -1.9444 6.5286e+02    -0.0127   100.3170     6.4570     6.7055    31.6145    31.6142    24.0401    24.0410    6.23854 0.0000e+00
        493      5.530    11.5662    11.5590   3.612914   3.612208     2.2930     2.7696      8.177     0.8463    -1.7471 5.9532e+02    -0.0123   100.3080     6.4594     6.7067    31.6147    31.6139    24.0402    24.0409    6.23857 0.0000e+00
        496      5.572    11.5659    11.5596   3.612917   3.612340     2.2926     2.7696      8.177     0.8357    -1.7866 5.8983e+02    -0.0188   100.4707     6.4587     6.7061    31.6149    31.6146    24.0404    24.0414    6.23859 0.0000e+00
        499      5.610    11.5662    11.5608   3.613042   3.612399     2.2930     2.7680      8.175     0.8357    -1.7866 6.2083e+02    -0.0235   100.5883     6.4616     6.7016    31.6158    31.6142    24.0411    24.0408    6.23851 0.0000e+00
        502      5.647    11.5672    11.5611   3.613076   3.612422     2.2926     2.7692      8.175     0.8463    -1.8655 6.6829e+02    -0.0235   100.5883     6.4614     6.7053    31.6153    31.6141    24.0405    24.0407    6.23841 0.0000e+00
        505      5.690    11.5674    11.5617   3.613085   3.612498     2.2918     2.7684      8.178     0.8463    -1.8260 6.4115e+02    -0.0235   100.5883     6.4587     6.7038    31.6152    31.6144    24.0404    24.0408    6.23838 0.0000e+00
        508      5.740    11.5675    11.5620   3.613039   3.612506     2.2926     2.7688      8.175     0.8357    -1.8260 6.0318e+02    -0.0235   100.5883     6.4623     6.7063    31.6146    31.6141    24.0399    24.0405    6.23839 0.0000e+00
        511      5.799    11.5675    11.5614   3.613053   3.612444     2.2930     2.7680      8.177     0.8251    -1.7471 5.0760e+02    -0.0235   100.5883     6.4637     6.7059    31.6148    31.6141    24.0400    24.0406    6.23838 0.0000e+00
        514      5.870    11.5672    11.5611   3.613052   3.612448     2.2926     2.7680      8.178     0.8251   288.9371 4.9107e+02    -0.0231   100.5793     6.4617     6.7073    31.6150    31.6143    24.0402    24.0408    6.23841 0.0000e+00
        517      5.954    11.5668    11.5614   3.612899   3.612508     2.2930     2.7680      8.178     0.8251   482.1870 5.7660e+02    -0.0228   100.5702     6.4628     6.7084    31.6138    31.6147    24.0394    24.0410    6.23851 0.0000e+00
        520      6.048    11.5654    11.5618   3.612863   3.612551     2.2926     2.7684      8.178     0.8463   481.2000 6.8886e+02    -0.0224   100.5612     6.4620     6.7126    31.6146    31.6147    24.0402    24.0410    6.23867 0.0000e+00
        523      6.152    11.5645    11.5616   3.612751   3.612500     2.2930     2.7692      8.175     0.8251   481.3579 6.8636e+02    -0.0231   100.5793     6.4634     6.7168    31.6142    31.6142    24.0401    24.0407    6.23880 0.0000e+00
        526      6.273    11.5629    11.5598   3.612544   3.612326     2.2930     2.7692      8.177     0.8357   481.3579 6.7919e+02    -0.0231   100.5793     6.4642     6.7176    31.6135    31.6140    24.0399    24.0408    6.23905 0.0000e+00
        529      6.407    11.5615    11.5566   3.612557   3.612057     2.2930     2.7692      8.178     0.8357   481.3579 6.8549e+02    -0.0228   100.5702     6.4625     6.7187    31.6148    31.6142    24.0411    24.0415    6.23919 0.0000e+00
        532      6.546    11.5621    11.5549   3.612685   3.611957     2.2926     2.7692      8.177     0.8251   481.3579 6.2637e+02    -0.0224   100.5612     6.4594     6.7192    31.6155    31.6146    24.0416    24.0422    6.23909 0.0000e+00
        535      6.692    11.5617    11.5553   3.612490   3.612096     2.2930     2.7701      8.177     0.8463   481.3974 5.6906e+02    -0.0224   100.5612     6.4604     6.7216    31.6139    31.6155    24.0404    24.0428    6.23920 0.0000e+00
        538      6.844    11.5604    11.5567   3.612499   3.612190     2.2930     2.7701      8.177     0.8357   478.3180 5.9548e+02    -0.0224   100.5612     6.4605     6.7209    31.6150    31.6152    24.0415    24.0423    6.23933 0.0000e+00
