Datasets/AZMP/TEL210/tel210_2020_049.cnv
* Sea-Bird SBE 9 Data File:
* FileName = C:\CTDDATA\tel210_2020_049.hex
* Software Version Seasave V 7.26.7.110
* Temperature SN = 1697
* Conductivity SN = 4216
* Number of Bytes Per Scan = 30
* Number of Voltage Words = 4
* Number of Scans Averaged by the Deck Unit = 1
* NMEA baud rate = 4800
** VESSEL/TRIP/SEQ STN:  tel210_2020_049
** LATITUDE XX XX.XX: 49 31.00 N
** LONGITUDE XX XX.XX: 050 32.00 W
** SOUNDING DEPTH (M): 0330
** PROBE TYPE: S1146
** CTD NUMBER: 039
** COMMENTS (14 CHAR): BB-10
** BOTTLES:  10
** LEVELS: 5,10,20,30,40,50,75,100,150,BTM
** STICKERS: 436023 - 436032
** VNET: Y
** DO2: Y
# nquan = 22
# nvalues = 7754                        
# units = specified
# name 0 = scan: Scan Count
# name 1 = prDM: Pressure, Digiquartz [db]
# name 2 = t090C: Temperature [ITS-90, deg C]
# name 3 = t190C: Temperature, 2 [ITS-90, deg C]
# name 4 = c0S/m: Conductivity [S/m]
# name 5 = c1S/m: Conductivity, 2 [S/m]
# name 6 = sbeox0V: Oxygen raw, SBE 43 [V]
# name 7 = sbeox1V: Oxygen raw, SBE 43, 2 [V]
# name 8 = ph: pH
# name 9 = flECO-AFL: Fluorescence, WET Labs ECO-AFL/FL [mg/m^3]
# name 10 = wetCDOM: Fluorescence, WET Labs CDOM [mg/m^3]
# name 11 = par/sat/log: PAR/Logarithmic, Satlantic [umol photons/m^2/sec]
# name 12 = CStarAt0: Beam Attenuation, WET Labs C-Star [1/m]
# name 13 = CStarTr0: Beam Transmission, WET Labs C-Star [%]
# name 14 = sbeox0ML/L: Oxygen, SBE 43 [ml/l], WS = 2
# name 15 = sbeox1ML/L: Oxygen, SBE 43, 2 [ml/l], WS = 2
# name 16 = sal00: Salinity, Practical [PSU]
# name 17 = sal11: Salinity, Practical, 2 [PSU]
# name 18 = sigma-t00: Density [sigma-t, kg/m^3 ]
# name 19 = sigma-t11: Density, 2 [sigma-t, kg/m^3 ]
# name 20 = oxsatML/L: Oxygen Saturation, Weiss [ml/l]
# name 21 = flag: flag
# span 0 =          2,      57012       
# span 1 =      1.386,    334.154       
# span 2 =     0.1005,     9.9663       
# span 3 =     0.0810,     9.9555       
# span 4 =   2.770053,   3.566927       
# span 5 =   2.769259,   3.565620       
# span 6 =     1.9041,     2.5352       
# span 7 =     2.2965,     3.1167       
# span 8 =      7.985,      8.274       
# span 9 =     0.6346,    16.4865       
# span 10 =    -2.8130,   482.1870      
# span 11 = 1.0715e-01, 7.6397e+02      
# span 12 =    -0.1355,     2.0095      
# span 13 =    60.5091,   103.4459      
# span 14 =     6.3543,    10.1851      
# span 15 =     6.6365,    10.7188      
# span 16 =    32.1592,    34.7310      
# span 17 =    32.5004,    34.7321      
# span 18 =    24.9605,    27.6360      
# span 19 =    25.0506,    27.6373      
# span 20 =    6.42161,    8.12381      
# span 21 = 0.0000e+00, 0.0000e+00      
# interval = scans: 3                   
# start_time = Jul 20 2020 21:03:17 [System UTC, header]
# bad_flag = -9.990e-29
*END*
[from data line 1581]
       5490    162.722     3.0240     3.0162   3.134657   3.134433     1.9817     2.3932      8.010     0.7405   481.3579 1.0715e-01    -0.1261   103.2018     6.6176     6.9102    34.4989    34.5045    27.4829    27.4880    7.46664 0.0000e+00
       5493    162.795     3.0220     3.0156   3.134385   3.134327     1.9817     2.3944      8.010     0.7405   481.3579 1.0715e-01    -0.1257   103.1927     6.6171     6.9128    34.4977    34.5038    27.4820    27.4876    7.46707 0.0000e+00
       5496    162.867     3.0199     3.0137   3.134355   3.134148     1.9817     2.3944      8.010     0.7722   481.3579 1.0715e-01    -0.1261   103.2018     6.6169     6.9109    34.4995    34.5037    27.4837    27.4876    7.46737 0.0000e+00
       5499    162.938     3.0186     3.0121   3.134335   3.134030     1.9817     2.3936      8.010     0.7722   481.3579 1.0715e-01    -0.1264   103.2108     6.6177     6.9070    34.5006    34.5039    27.4847    27.4880    7.46756 0.0000e+00
       5502    163.012     3.0177     3.0113   3.134297   3.133960     1.9817     2.3932      8.010     0.7616   416.9676 1.0715e-01    -0.1264   103.2108     6.6165     6.9038    34.5012    34.5039    27.4853    27.4880    7.46771 0.0000e+00
       5505    163.084     3.0173     3.0100   3.134233   3.133863     1.9813     2.3940      8.010     0.7616    11.3995 1.0715e-01    -0.1264   103.2108     6.6144     6.9084    34.5008    34.5040    27.4850    27.4882    7.46781 0.0000e+00
       5508    163.159     3.0162     3.0095   3.134021   3.133765     1.9829     2.3936      8.010     0.7510    -2.2603 1.0715e-01    -0.1275   103.2380     6.6236     6.9062    34.4992    34.5033    27.4839    27.4877    7.46808 0.0000e+00
       5511    163.232     3.0151     3.0080   3.133992   3.133632     1.9825     2.3932      8.010     0.7828    -0.7206 1.0715e-01    -0.1278   103.2470     6.6243     6.9008    34.5001    34.5032    27.4846    27.4878    7.46825 0.0000e+00
       5514    163.308     3.0143     3.0056   3.133876   3.133394     1.9817     2.3932      8.010     0.7722    -0.7996 1.0715e-01    -0.1278   103.2470     6.6201     6.8977    34.4995    34.5029    27.4842    27.4878    7.46843 0.0000e+00
       5517    163.387     3.0125     3.0026   3.133445   3.133098     1.9805     2.3911      8.008     0.7616    -0.7996 1.0715e-01    -0.1278   103.2470     6.6122     6.8884    34.4961    34.5025    27.4817    27.4877    7.46893 0.0000e+00
       5520    163.469     3.0092     2.9993   3.132968   3.132803     1.9813     2.3920      8.008     0.7828    -0.7996 1.0715e-01    -0.1271   103.2289     6.6136     6.8936    34.4937    34.5023    27.4801    27.4878    7.46966 0.0000e+00
       5523    163.552     3.0054     2.9974   3.132777   3.132627     1.9809     2.3928      8.007     0.7405    -0.7996 1.0715e-01    -0.1278   103.2470     6.6096     6.8985    34.4954    34.5022    27.4818    27.4879    7.47029 0.0000e+00
       5526    163.640     3.0024     2.9949   3.132388   3.132353     1.9805     2.3920      8.006     0.7405    -0.7996 1.0715e-01    -0.1254   103.1837     6.6080     6.8943    34.4938    34.5015    27.4808    27.4876    7.47093 0.0000e+00
       5529    163.730     2.9989     2.9930   3.132354   3.132220     1.9805     2.3928      8.006     0.7405     1.2139 1.0715e-01    -0.1205   103.0571     6.6100     6.8961    34.4971    34.5019    27.4837    27.4881    7.47142 0.0000e+00
       5532    163.826     2.9978     2.9913   3.132560   3.132167     1.9809     2.3916      8.007     0.7299     4.7275 1.0715e-01    -0.1208   103.0661     6.6140     6.8928    34.5008    34.5029    27.4867    27.4891    7.47145 0.0000e+00
       5535    163.926     2.9982     2.9919   3.132672   3.132256     1.9809     2.3907      8.006     0.7299     4.5301 1.0715e-01    -0.1208   103.0661     6.6185     6.8898    34.5017    34.5033    27.4875    27.4893    7.47134 0.0000e+00
       5538    164.031     2.9985     2.9936   3.132818   3.132460     1.9797     2.3907      8.006     0.7405     4.5301 1.0727e-01    -0.1205   103.0571     6.6150     6.8891    34.5031    34.5040    27.4886    27.4897    7.47121 0.0000e+00
       5541    164.137     2.9992     2.9943   3.132782   3.132475     1.9797     2.3907      8.006     0.7405     4.5301 1.0715e-01    -0.1205   103.0571     6.6150     6.8900    34.5018    34.5034    27.4875    27.4891    7.47114 0.0000e+00
       5544    164.247     2.9990     2.9932   3.132627   3.132361     1.9793     2.3916      8.006     0.7405     4.5301 1.0715e-01    -0.1208   103.0661     6.6093     6.8913    34.5000    34.5030    27.4861    27.4890    7.47126 0.0000e+00
       5547    164.364     2.9982     2.9910   3.132483   3.132116     1.9797     2.3907      8.006     0.7616     4.5301 1.0715e-01    -0.1236   103.1385     6.6115     6.8901    34.4992    34.5023    27.4854    27.4886    7.47147 0.0000e+00
       5550    164.487     2.9967     2.9888   3.132295   3.131955     1.9801     2.3895      8.006     0.7616     4.5301 1.0715e-01    -0.1275   103.2380     6.6158     6.8871    34.4983    34.5027    27.4849    27.4891    7.47178 0.0000e+00
       5553    164.616     2.9953     2.9871   3.132168   3.131816     1.9805     2.3899      8.006     0.7616     4.5301 1.0715e-01    -0.1271   103.2289     6.6188     6.8894    34.4983    34.5027    27.4850    27.4893    7.47205 0.0000e+00
       5556    164.748     2.9934     2.9848   3.131958   3.131573     1.9801     2.3895      8.006     0.7616     4.3327 1.0715e-01    -0.1275   103.2380     6.6184     6.8913    34.4976    34.5022    27.4846    27.4891    7.47243 0.0000e+00
       5559    164.888     2.9915     2.9813   3.131608   3.131232     1.9797     2.3891      8.006     0.7722     4.1748 1.0715e-01    -0.1275   103.2380     6.6171     6.8892    34.4953    34.5016    27.4830    27.4890    7.47291 0.0000e+00
       5562    165.032     2.9885     2.9782   3.131375   3.130998     1.9793     2.3891      8.006     0.7722     4.1748 1.0715e-01    -0.1271   103.2289     6.6173     6.8892    34.4956    34.5020    27.4835    27.4895    7.47346 0.0000e+00
       5565    165.176     2.9860     2.9769   3.131328   3.130982     1.9789     2.3895      8.004     0.7828     4.1748 1.0715e-01    -0.1271   103.2289     6.6170     6.8908    34.4976    34.5031    27.4853    27.4905    7.47382 0.0000e+00
       5568    165.322     2.9848     2.9790   3.131632   3.131285     1.9780     2.3891      8.006     0.7616     4.1748 1.0715e-01    -0.1240   103.1475     6.6134     6.8904    34.5026    34.5045    27.4894    27.4915    7.47381 0.0000e+00
       5571    165.473     2.9855     2.9814   3.131883   3.131553     1.9789     2.3895      8.004     0.7722     4.1748 1.0715e-01    -0.1236   103.1385     6.6132     6.8936    34.5048    34.5051    27.4911    27.4917    7.47356 0.0000e+00
       5574    165.623     2.9862     2.9828   3.131986   3.131695     1.9797     2.3883      8.004     0.7722     4.2143 1.0715e-01    -0.1236   103.1385     6.6137     6.8894    34.5052    34.5052    27.4914    27.4917    7.47341 0.0000e+00
       5577    165.778     2.9874     2.9838   3.132128   3.131824     1.9793     2.3883      8.001     0.7616     4.1748 1.0715e-01    -0.1236   103.1385     6.6111     6.8891    34.5056    34.5057    27.4915    27.4920    7.47316 0.0000e+00
       5580    165.933     2.9888     2.9853   3.132217   3.132004     1.9789     2.3883      8.004     0.7722     4.0958 1.0715e-01    -0.1236   103.1385     6.6098     6.8903    34.5051    34.5062    27.4910    27.4922    7.47293 0.0000e+00
       5583    166.087     2.9901     2.9895   3.132771   3.132573     1.9780     2.3871      8.001     0.7722     1.4507 1.0715e-01    -0.1236   103.1385     6.6052     6.8860    34.5103    34.5085    27.4951    27.4937    7.47241 0.0000e+00
       5586    166.244     2.9934     2.9957   3.133441   3.133233     1.9789     2.3883      8.001     0.7722     1.1744 1.0715e-01    -0.1236   103.1385     6.6088     6.8882    34.5149    34.5099    27.4984    27.4942    7.47157 0.0000e+00
       5589    166.397     2.9981     3.0008   3.133956   3.133774     1.9793     2.3875      8.001     0.7722     1.2139 1.0715e-01    -0.1247   103.1656     6.6078     6.8849    34.5161    34.5110    27.4990    27.4947    7.47064 0.0000e+00
       5592    166.551     3.0027     3.0073   3.134645   3.134553     1.9784     2.3879      8.001     0.7616     1.2139 1.0715e-01    -0.1254   103.1837     6.6023     6.8865    34.5194    34.5134    27.5013    27.4960    7.46960 0.0000e+00
       5595    166.702     3.0086     3.0143   3.135392   3.135228     1.9776     2.3871      8.001     0.7722     1.2139 1.0715e-01    -0.1247   103.1656     6.5937     6.8855    34.5221    34.5140    27.5028    27.4958    7.46836 0.0000e+00
       5598    166.851     3.0146     3.0193   3.135842   3.135689     1.9772     2.3871      8.001     0.7616     1.2139 1.0727e-01    -0.1247   103.1656     6.5914     6.8852    34.5211    34.5143    27.5015    27.4956    7.46729 0.0000e+00
       5601    166.999     3.0197     3.0235   3.136272   3.136167     1.9776     2.3875      8.001     0.7616     1.2139 1.0715e-01    -0.1257   103.1927     6.5943     6.8854    34.5209    34.5155    27.5008    27.4962    7.46635 0.0000e+00
       5604    167.142     3.0246     3.0304   3.137039   3.136981     1.9768     2.3875      8.001     0.7616     1.2139 1.0715e-01    -0.1250   103.1746     6.5897     6.8861    34.5249    34.5180    27.5036    27.4975    7.46523 0.0000e+00
       5607    167.278     3.0299     3.0345   3.137409   3.137365     1.9772     2.3867      8.001     0.7616     0.6612 1.0715e-01    -0.1247   103.1656     6.5890     6.8843    34.5236    34.5182    27.5020    27.4973    7.46430 0.0000e+00
       5610    167.407     3.0340     3.0367   3.137743   3.137589     1.9772     2.3871      8.001     0.7616    -1.4707 1.0715e-01    -0.1247   103.1656     6.5875     6.8855    34.5232    34.5184    27.5014    27.4973    7.46355 0.0000e+00
       5613    167.533     3.0382     3.0414   3.138329   3.138196     1.9764     2.3863      8.001     0.7616    -1.3918 1.0715e-01    -0.1243   103.1566     6.5853     6.8817    34.5258    34.5208    27.5030    27.4988    7.46264 0.0000e+00
       5616    167.654     3.0426     3.0465   3.138888   3.138770     1.9776     2.3871      8.001     0.7616    -1.4313 1.0715e-01    -0.1247   103.1656     6.5922     6.8828    34.5278    34.5222    27.5042    27.4994    7.46171 0.0000e+00
       5619    167.766     3.0470     3.0510   3.139328   3.139207     1.9764     2.3871      8.001     0.7616    -1.3918 1.0715e-01    -0.1247   103.1656     6.5883     6.8816    34.5284    34.5227    27.5043    27.4994    7.46086 0.0000e+00
       5622    167.875     3.0511     3.0533   3.139492   3.139380     1.9764     2.3859      8.002     0.7722    -1.3918 1.0715e-01    -0.1243   103.1566     6.5901     6.8763    34.5260    34.5223    27.5020    27.4989    7.46022 0.0000e+00
       5625    167.978     3.0542     3.0537   3.139621   3.139437     1.9768     2.3863      8.002     0.7828    -1.3918 1.0715e-01    -0.1243   103.1566     6.5909     6.8777    34.5242    34.5225    27.5003    27.4990    7.45974 0.0000e+00
       5628    168.072     3.0560     3.0539   3.139670   3.139481     1.9752     2.3871      8.004     0.7616    -1.3918 1.0715e-01    -0.1236   103.1385     6.5841     6.8794    34.5228    34.5227    27.4990    27.4992    7.45946 0.0000e+00
       5631    168.161     3.0575     3.0550   3.139797   3.139598     1.9760     2.3871      8.004     0.7510    -1.3918 1.0715e-01    -0.1236   103.1385     6.5860     6.8782    34.5227    34.5229    27.4988    27.4992    7.45920 0.0000e+00
       5634    168.244     3.0588     3.0564   3.139940   3.139729     1.9756     2.3863      8.005     0.7616    -1.5892 1.0715e-01    -0.1236   103.1385     6.5870     6.8738    34.5230    34.5230    27.4989    27.4992    7.45893 0.0000e+00
       5637    168.321     3.0599     3.0571   3.139998   3.139796     1.9756     2.3859      8.005     0.7722    -1.7866 1.0715e-01    -0.1233   103.1294     6.5881     6.8724    34.5225    34.5231    27.4984    27.4991    7.45875 0.0000e+00
       5640    168.396     3.0612     3.0582   3.140157   3.139985     1.9752     2.3855      8.005     0.7722    -1.7866 1.0715e-01    -0.1236   103.1385     6.5900     6.8692    34.5230    34.5241    27.4987    27.4998    7.45849 0.0000e+00
       5643    168.467     3.0623     3.0595   3.140297   3.140061     1.9760     2.3859      8.005     0.7616    -1.8260 1.0715e-01    -0.1236   103.1385     6.5961     6.8724    34.5235    34.5236    27.4990    27.4994    7.45826 0.0000e+00
       5646    168.533     3.0637     3.0616   3.140551   3.140345     1.9760     2.3859      8.005     0.7616    -1.8260 1.0715e-01    -0.1236   103.1385     6.5979     6.8712    34.5251    34.5248    27.5001    27.5001    7.45792 0.0000e+00
       5649    168.598     3.0658     3.0638   3.140773   3.140550     1.9752     2.3859      8.005     0.7616    -1.8260 1.0715e-01    -0.1226   103.1113     6.5963     6.8674    34.5255    34.5249    27.5003    27.5000    7.45751 0.0000e+00
       5652    168.659     3.0677     3.0667   3.141026   3.140805     1.9752     2.3846      8.005     0.7722    -1.8655 1.0715e-01    -0.1226   103.1113     6.5978     6.8623    34.5265    34.5249    27.5008    27.4997    7.45709 0.0000e+00
       5655    168.719     3.0696     3.0677   3.141204   3.140897     1.9752     2.3846      8.005     0.7616    -1.7866 1.0715e-01    -0.1226   103.1113     6.5958     6.8647    34.5266    34.5249    27.5008    27.4996    7.45673 0.0000e+00
       5658    168.779     3.0715     3.0671   3.141253   3.140854     1.9756     2.3855      8.005     0.7722    -1.8260 1.0715e-01    -0.1226   103.1113     6.5975     6.8695    34.5251    34.5250    27.4994    27.4998    7.45646 0.0000e+00
       5661    168.838     3.0722     3.0672   3.141159   3.140919     1.9756     2.3850      8.005     0.7510    -1.2338 1.0715e-01    -0.1226   103.1113     6.5948     6.8689    34.5232    34.5256    27.4979    27.5002    7.45643 0.0000e+00
       5664    168.899     3.0721     3.0686   3.141268   3.141067     1.9760     2.3846      8.005     0.7722    -1.0759 1.0715e-01    -0.1226   103.1113     6.5948     6.8680    34.5246    34.5259    27.4989    27.5003    7.45637 0.0000e+00
       5667    168.959     3.0731     3.0692   3.141355   3.141071     1.9756     2.3850      8.005     0.7828    -1.0759 1.0715e-01    -0.1229   103.1204     6.5910     6.8692    34.5246    34.5253    27.4989    27.4998    7.45619 0.0000e+00
       5670    169.019     3.0737     3.0695   3.141460   3.141070     1.9756     2.3846      8.005     0.7722    -1.0759 1.0715e-01    -0.1247   103.1656     6.5913     6.8682    34.5252    34.5249    27.4993    27.4995    7.45604 0.0000e+00
       5673    169.079     3.0743     3.0693   3.141507   3.141112     1.9756     2.3834      8.005     0.7616    -1.0364 1.0715e-01    -0.1247   103.1656     6.5921     6.8657    34.5251    34.5256    27.4991    27.5000    7.45594 0.0000e+00
       5676    169.145     3.0747     3.0692   3.141481   3.141107     1.9756     2.3846      8.005     0.7616    -1.0759 1.0715e-01    -0.1247   103.1656     6.5912     6.8706    34.5242    34.5256    27.4984    27.5000    7.45589 0.0000e+00
       5679    169.211     3.0750     3.0692   3.141466   3.141109     1.9752     2.3846      8.005     0.7616    -1.0759 1.0715e-01    -0.1247   103.1656     6.5873     6.8698    34.5237    34.5256    27.4980    27.5000    7.45587 0.0000e+00
       5682    169.280     3.0748     3.0693   3.141481   3.141123     1.9748     2.3838      8.005     0.7722    -1.1154 1.0715e-01    -0.1247   103.1656     6.5863     6.8661    34.5240    34.5256    27.4983    27.5000    7.45589 0.0000e+00
