Datasets/AZMP/TEL210/tel210_2020_141.cnv
* Sea-Bird SBE 9 Data File:
* FileName = C:\CTDDATA\tel210_2020_141.hex
* Software Version Seasave V 7.26.7.110
* Temperature SN = 1697
* Conductivity SN = 4216
* Number of Bytes Per Scan = 30
* Number of Voltage Words = 4
* Number of Scans Averaged by the Deck Unit = 1
* NMEA baud rate = 4800
** VESSEL/TRIP/SEQ STN:  TEL210_2020_141
** LATITUDE XX XX.XX: 47 44.40 N
** LONGITUDE XX XX.XX: 051 39.00 W
** SOUNDING DEPTH (M): 0160
** PROBE TYPE: S1146
** CTD NUMBER: 082
** COMMENTS (14 CHAR): S27-05
** BOTTLES:  10
** LEVELS: 5,10,20,30,40,50,75,100,150,BTM
** STICKERS: 436368 - 436377
** VNET: Y
** DO2: N
# nquan = 22
# nvalues = 3353                        
# units = specified
# name 0 = scan: Scan Count
# name 1 = prDM: Pressure, Digiquartz [db]
# name 2 = t090C: Temperature [ITS-90, deg C]
# name 3 = t190C: Temperature, 2 [ITS-90, deg C]
# name 4 = c0S/m: Conductivity [S/m]
# name 5 = c1S/m: Conductivity, 2 [S/m]
# name 6 = sbeox0V: Oxygen raw, SBE 43 [V]
# name 7 = sbeox1V: Oxygen raw, SBE 43, 2 [V]
# name 8 = ph: pH
# name 9 = flECO-AFL: Fluorescence, WET Labs ECO-AFL/FL [mg/m^3]
# name 10 = wetCDOM: Fluorescence, WET Labs CDOM [mg/m^3]
# name 11 = par/sat/log: PAR/Logarithmic, Satlantic [umol photons/m^2/sec]
# name 12 = CStarAt0: Beam Attenuation, WET Labs C-Star [1/m]
# name 13 = CStarTr0: Beam Transmission, WET Labs C-Star [%]
# name 14 = sbeox0ML/L: Oxygen, SBE 43 [ml/l], WS = 2
# name 15 = sbeox1ML/L: Oxygen, SBE 43, 2 [ml/l], WS = 2
# name 16 = sal00: Salinity, Practical [PSU]
# name 17 = sal11: Salinity, Practical, 2 [PSU]
# name 18 = sigma-t00: Density [sigma-t, kg/m^3 ]
# name 19 = sigma-t11: Density, 2 [sigma-t, kg/m^3 ]
# name 20 = oxsatML/L: Oxygen Saturation, Weiss [ml/l]
# name 21 = flag: flag
# span 0 =         30,      37452       
# span 1 =      0.383,    158.500       
# span 2 =    -1.5640,    13.3881       
# span 3 =    -1.5699,    13.3838       
# span 4 =   2.606735,   3.766641       
# span 5 =   2.606162,   3.765900       
# span 6 =     1.7015,     2.4824       
# span 7 =     2.0263,     2.9860       
# span 8 =      7.764,      8.201       
# span 9 =     0.6770,     2.8040       
# span 10 =    -2.8130,   482.1870      
# span 11 = 1.0678e-01, 6.2989e-01      
# span 12 =    -0.1477,     0.3329      
# span 13 =    92.0154,   103.7624      
# span 14 =     5.8620,     8.6294      
# span 15 =     6.0573,     9.0300      
# span 16 =    30.6970,    33.5849      
# span 17 =    30.9930,    33.5868      
# span 18 =    22.9886,    26.9443      
# span 19 =    23.2181,    26.9483      
# span 20 =    6.00504,    8.52515      
# span 21 = 0.0000e+00, 0.0000e+00      
# interval = scans: 3                   
# start_time = Jul 30 2020 23:34:04 [System UTC, header]
# bad_flag = -9.990e-29
*END*
[from data line 461]
       1528     48.527    -0.1404    -0.1447   2.704024   2.703430     2.2242     2.6907      8.104     0.9838     0.8191 1.0715e-01    -0.1053   102.6682     8.2813     8.5645    32.4776    32.4743    26.0766    26.0741    8.21561 0.0000e+00
       1531     48.659    -0.1484    -0.1536   2.703345   2.702679     2.2234     2.6899      8.101     0.9627    -0.7996 1.0715e-01    -0.1057   102.6773     8.2759     8.5659    32.4771    32.4738    26.0765    26.0740    8.21740 0.0000e+00
       1534     48.796    -0.1575    -0.1629   2.702669   2.702062     2.2238     2.6878      8.100     0.9521    -0.6811 1.0715e-01    -0.1057   102.6773     8.2792     8.5606    32.4778    32.4755    26.0774    26.0759    8.21935 0.0000e+00
       1537     48.936    -0.1631    -0.1689   2.702643   2.701942     2.2210     2.6866      8.100     0.9838    -0.6811 1.0715e-01    -0.1057   102.6773     8.2698     8.5575    32.4833    32.4802    26.0821    26.0799    8.22027 0.0000e+00
       1540     49.078    -0.1610    -0.1674   2.703138   2.702404     2.2206     2.6858      8.100     0.9732    -0.6811 1.0715e-01    -0.1057   102.6773     8.2688     8.5553    32.4876    32.4846    26.0855    26.0834    8.21958 0.0000e+00
       1543     49.221    -0.1583    -0.1646   2.703244   2.702483     2.2198     2.6837      8.098     0.9521    -0.6811 1.0715e-01    -0.1057   102.6773     8.2642     8.5466    32.4860    32.4826    26.0841    26.0817    8.21908 0.0000e+00
       1546     49.367    -0.1644    -0.1700   2.702393   2.701729     2.2185     2.6821      8.100     0.9627    -0.6811 1.0715e-01    -0.1075   102.7225     8.2609     8.5465    32.4812    32.4783    26.0804    26.0784    8.22069 0.0000e+00
       1549     49.514    -0.1806    -0.1858   2.701026   2.700316     2.2181     2.6813      8.097     0.9415    -0.6811 1.0715e-01    -0.1089   102.7587     8.2661     8.5498    32.4802    32.4764    26.0804    26.0775    8.22430 0.0000e+00
       1552     49.664    -0.1973    -0.2031   2.699754   2.699044     2.2161     2.6801      8.095     0.9097    -0.6811 1.0715e-01    -0.1089   102.7587     8.2569     8.5523    32.4811    32.4779    26.0818    26.0795    8.22792 0.0000e+00
       1555     49.815    -0.2166    -0.2221   2.698100   2.697415     2.2149     2.6780      8.095     0.8992    -0.0495 1.0715e-01    -0.1085   102.7496     8.2575     8.5515    32.4796    32.4764    26.0815    26.0791    8.23226 0.0000e+00
       1558     49.965    -0.2311    -0.2390   2.697367   2.696579     2.2141     2.6772      8.095     0.8992     0.1479 1.0715e-01    -0.1089   102.7587     8.2601     8.5547    32.4854    32.4833    26.0867    26.0854    8.23515 0.0000e+00
       1561     50.114    -0.2367    -0.2451   2.697312   2.696464     2.2133     2.6756      8.095     0.8886     0.1479 1.0715e-01    -0.1089   102.7587     8.2633     8.5498    32.4905    32.4882    26.0911    26.0896    8.23609 0.0000e+00
       1564     50.264    -0.2437    -0.2505   2.696739   2.696011     2.2120     2.6740      8.095     0.9097     0.1479 1.0715e-01    -0.1085   102.7496     8.2579     8.5471    32.4902    32.4879    26.0912    26.0896    8.23764 0.0000e+00
       1567     50.413    -0.2544    -0.2611   2.695890   2.695101     2.2112     2.6728      8.092     0.8992     0.1479 1.0715e-01    -0.1110   102.8129     8.2568     8.5498    32.4903    32.4870    26.0917    26.0893    8.24000 0.0000e+00
       1570     50.561    -0.2640    -0.2728   2.695210   2.694407     2.2100     2.6724      8.090     0.8992     0.1479 1.0715e-01    -0.1110   102.8129     8.2549     8.5542    32.4914    32.4902    26.0931    26.0924    8.24205 0.0000e+00
       1573     50.706    -0.2741    -0.2819   2.694431   2.693730     2.2088     2.6703      8.090     0.8992     0.1479 1.0715e-01    -0.1113   102.8219     8.2575     8.5528    32.4919    32.4908    26.0938    26.0933    8.24427 0.0000e+00
       1576     50.847    -0.2875    -0.2935   2.693483   2.692791     2.2072     2.6699      8.090     0.9627     0.1479 1.0715e-01    -0.1110   102.8129     8.2577     8.5593    32.4935    32.4907    26.0957    26.0937    8.24714 0.0000e+00
       1579     50.984    -0.2984    -0.3043   2.692874   2.692219     2.2084     2.6687      8.090     0.9732     0.3058 1.0715e-01    -0.1113   102.8219     8.2676     8.5619    32.4969    32.4946    26.0989    26.0973    8.24935 0.0000e+00
       1582     51.121    -0.3054    -0.3111   2.692392   2.691737     2.2063     2.6658      8.089     0.9732     1.6086 1.0715e-01    -0.1113   102.8219     8.2610     8.5545    32.4980    32.4954    26.1000    26.0982    8.25085 0.0000e+00
       1585     51.254    -0.3130    -0.3186   2.691838   2.691218     2.2063     2.6659      8.089     0.9732     1.6876 1.0715e-01    -0.1113   102.8219     8.2653     8.5594    32.4986    32.4963    26.1009    26.0993    8.25248 0.0000e+00
       1588     51.387    -0.3199    -0.3255   2.691325   2.690710     2.2039     2.6646      8.089     0.9732     1.6876 1.0715e-01    -0.1120   102.8400     8.2559     8.5585    32.4991    32.4970    26.1016    26.1001    8.25400 0.0000e+00
       1591     51.511    -0.3295    -0.3332   2.690606   2.690020     2.2027     2.6642      8.086     0.9521     1.6876 1.0715e-01    -0.1127   102.8581     8.2528     8.5583    32.4997    32.4959    26.1024    26.0995    8.25608 0.0000e+00
       1594     51.631    -0.3345    -0.3411   2.690378   2.689564     2.2027     2.6630      8.086     0.9732     1.6876 1.0715e-01    -0.1124   102.8491     8.2577     8.5549    32.5020    32.4982    26.1045    26.1018    8.25706 0.0000e+00
       1597     51.749    -0.3374    -0.3464   2.690078   2.689268     2.2027     2.6626      8.086     0.9627     1.6876 1.0715e-01    -0.1124   102.8491     8.2586     8.5558    32.5010    32.4999    26.1038    26.1033    8.25775 0.0000e+00
       1600     51.861    -0.3460    -0.3515   2.689329   2.688804     2.2010     2.6609      8.086     0.9732     1.6876 1.0715e-01    -0.1124   102.8491     8.2503     8.5534    32.5002    32.4990    26.1035    26.1029    8.25971 0.0000e+00
       1603     51.967    -0.3538    -0.3581   2.688889   2.688309     2.2002     2.6601      8.086     0.9732     1.6876 1.0715e-01    -0.1124   102.8491     8.2470     8.5524    32.5026    32.4995    26.1058    26.1035    8.26130 0.0000e+00
       1606     52.062    -0.3595    -0.3661   2.688429   2.687544     2.1994     2.6585      8.086     0.9732     2.4377 1.0715e-01    -0.1124   102.8491     8.2480     8.5500    32.5026    32.4978    26.1060    26.1024    8.26258 0.0000e+00
       1609     52.154    -0.3728    -0.3795   2.686973   2.686016     2.1982     2.6577      8.081     0.9732     3.8984 1.0715e-01    -0.1138   102.8853     8.2482     8.5470    32.4973    32.4917    26.1023    26.0981    8.26582 0.0000e+00
       1612     52.241    -0.3945    -0.4001   2.685231   2.684248     2.1970     2.6569      8.081     0.9732     3.8195 1.0715e-01    -0.1134   102.8762     8.2521     8.5452    32.4973    32.4902    26.1032    26.0976    8.27064 0.0000e+00
       1615     52.322    -0.4109    -0.4197   2.684233   2.683333     2.1970     2.6548      8.081     0.9732     3.8195 1.0715e-01    -0.1131   102.8672     8.2551     8.5398    32.5015    32.4990    26.1073    26.1055    8.27405 0.0000e+00
       1618     52.395    -0.4247    -0.4296   2.683441   2.682838     2.1962     2.6536      8.081     0.9732     3.8195 1.0715e-01    -0.1134   102.8762     8.2536     8.5397    32.5057    32.5029    26.1112    26.1091    8.27689 0.0000e+00
       1621     52.465    -0.4321    -0.4373   2.683236   2.682636     2.1945     2.6540      8.081     0.9838     3.8195 1.0715e-01    -0.1131   102.8672     8.2497     8.5438    32.5109    32.5085    26.1157    26.1139    8.27824 0.0000e+00
       1624     52.526    -0.4331    -0.4416   2.683209   2.682436     2.1941     2.6528      8.079     0.9732     3.8195 1.0727e-01    -0.1134   102.8762     8.2491     8.5390    32.5115    32.5104    26.1162    26.1156    8.27843 0.0000e+00
       1627     52.582    -0.4382    -0.4454   2.683011   2.682381     2.1925     2.6508      8.078     0.9627     3.8195 1.0715e-01    -0.1145   102.9033     8.2434     8.5306    32.5143    32.5136    26.1187    26.1184    8.27940 0.0000e+00
       1630     52.636    -0.4410    -0.4488   2.683054   2.682060     2.1929     2.6504      8.078     0.9732     3.8195 1.0715e-01    -0.1148   102.9124     8.2504     8.5316    32.5179    32.5130    26.1217    26.1180    8.27983 0.0000e+00
       1633     52.684    -0.4479    -0.4527   2.683318   2.682142     2.1917     2.6487      8.076     0.9732     2.8325 1.0715e-01    -0.1148   102.9124     8.2463     8.5270    32.5287    32.5182    26.1307    26.1225    8.28074 0.0000e+00
       1636     52.727    -0.4478    -0.4563   2.683146   2.681985     2.1913     2.6471      8.076     0.9627     2.2798 1.0715e-01    -0.1152   102.9214     8.2424     8.5231    32.5264    32.5199    26.1288    26.1239    8.28086 0.0000e+00
       1639     52.769    -0.4421    -0.4582   2.683574   2.681606     2.1901     2.6471      8.076     0.9732     2.2798 1.0715e-01    -0.1148   102.9124     8.2325     8.5257    32.5259    32.5169    26.1282    26.1215    8.27962 0.0000e+00
       1642     52.809    -0.4441    -0.4574   2.683708   2.682002     2.1896     2.6467      8.076     0.9627     2.2798 1.0715e-01    -0.1148   102.9124     8.2331     8.5257    32.5298    32.5213    26.1315    26.1251    8.27984 0.0000e+00
       1645     52.849    -0.4558    -0.4318   2.682432   2.684511     2.1884     2.6443      8.077     0.9627     2.2798 1.0715e-01    -0.1148   102.9124     8.2313     8.5102    32.5253    32.5273    26.1283    26.1290    8.28270 0.0000e+00
       1648     52.885    -0.4659    -0.3631   2.681869   2.686957     2.1872     2.6426      8.077     0.9732     2.2798 1.0715e-01    -0.1141   102.8943     8.2265     8.4932    32.5286    32.4863    26.1313    26.0930    8.28476 0.0000e+00
       1651     52.922    -0.4721    -0.4066   2.681281   2.683320     2.1876     2.6422      8.077     0.9838     2.2798 1.0715e-01    -0.1141   102.8943     8.2317     8.5045    32.5274    32.4844    26.1306    26.0932    8.28622 0.0000e+00
       1654     52.962    -0.4771    -0.4458   2.680920   2.681646     2.1868     2.6418      8.077     1.0050     2.2798 1.0715e-01    -0.1141   102.8943     8.2296     8.5134    32.5279    32.5040    26.1312    26.1107    8.28731 0.0000e+00
       1657     53.006    -0.4795    -0.4697   2.680561   2.680443     2.1847     2.6410      8.077     1.0156     2.2008 1.0715e-01    -0.1141   102.8943     8.2227     8.5161    32.5256    32.5135    26.1295    26.1193    8.28796 0.0000e+00
       1660     53.053    -0.4820    -0.4811   2.680170   2.679629     2.1843     2.6398      8.074     1.0367    -1.4312 1.0715e-01    -0.1141   102.8943     8.2236     8.5134    32.5231    32.5148    26.1275    26.1208    8.28866 0.0000e+00
       1663     53.102    -0.4837    -0.4869   2.679782   2.679224     2.1835     2.6386      8.074     1.0262    -1.8260 1.0715e-01    -0.1141   102.8943     8.2222     8.5084    32.5197    32.5156    26.1248    26.1217    8.28923 0.0000e+00
       1666     53.157    -0.4857    -0.4904   2.679559   2.678951     2.1827     2.6390      8.074     1.0262    -1.7866 1.0715e-01    -0.1138   102.8853     8.2194     8.5118    32.5188    32.5158    26.1242    26.1220    8.28973 0.0000e+00
       1669     53.214    -0.4877    -0.4928   2.679369   2.678731     2.1823     2.6373      8.072     1.0156    -1.8260 1.0715e-01    -0.1131   102.8672     8.2177     8.5049    32.5184    32.5153    26.1240    26.1217    8.29021 0.0000e+00
       1672     53.277    -0.4890    -0.4948   2.679234   2.678633     2.1811     2.6361      8.072     1.0156    -1.7471 1.0715e-01    -0.1131   102.8672     8.2113     8.4994    32.5179    32.5162    26.1236    26.1224    8.29052 0.0000e+00
       1675     53.344    -0.4900    -0.4961   2.679140   2.678537     2.1815     2.6349      8.070     1.0367    -1.8260 1.0715e-01    -0.1131   102.8672     8.2122     8.4910    32.5178    32.5163    26.1235    26.1225    8.29076 0.0000e+00
       1678     53.420    -0.4911    -0.4967   2.679123   2.678410     2.1807     2.6341      8.069     1.0367    -1.7866 1.0715e-01    -0.1131   102.8672     8.2147     8.4833    32.5186    32.5151    26.1243    26.1216    8.29096 0.0000e+00
       1681     53.503    -0.4950    -0.5006   2.678624   2.677792     2.1795     2.6325      8.067     0.9309    -1.7471 1.0715e-01    -0.1131   102.8672     8.2128     8.4775    32.5161    32.5110    26.1224    26.1185    8.29196 0.0000e+00
       1684     53.588    -0.5067    -0.5111   2.677702   2.676977     2.1791     2.6321      8.067     0.9309    -1.6286 1.0715e-01    -0.1131   102.8672     8.2122     8.4786    32.5163    32.5113    26.1230    26.1191    8.29456 0.0000e+00
       1687     53.683    -0.5184    -0.5190   2.677034   2.676608     2.1774     2.6308      8.067     0.9309    -0.7996 1.0715e-01    -0.1131   102.8672     8.2053     8.4736    32.5198    32.5148    26.1263    26.1222    8.29697 0.0000e+00
       1690     53.783    -0.5257    -0.5279   2.676634   2.676046     2.1770     2.6292      8.067     0.9415    -0.7996 1.0715e-01    -0.1141   102.8943     8.2021     8.4660    32.5223    32.5168    26.1286    26.1242    8.29848 0.0000e+00
       1693     53.889    -0.5298    -0.5349   2.676581   2.675769     2.1758     2.6284      8.067     0.9309    -0.7996 1.0715e-01    -0.1141   102.8943     8.1952     8.4656    32.5259    32.5205    26.1316    26.1275    8.29918 0.0000e+00
       1696     53.999    -0.5313    -0.5385   2.676431   2.675707     2.1758     2.6280      8.067     0.9309    -0.8391 1.0715e-01    -0.1134   102.8762     8.1949     8.4670    32.5255    32.5235    26.1314    26.1300    8.29955 0.0000e+00
       1699     54.116    -0.5339    -0.5375   2.676387   2.675810     2.1750     2.6263      8.062     0.9415    -0.8391 1.0715e-01    -0.1138   102.8853     8.1912     8.4621    32.5275    32.5237    26.1331    26.1302    8.30000 0.0000e+00
       1702     54.235    -0.5394    -0.5438   2.675839   2.675142     2.1746     2.6247      8.062     0.9415    -0.8785 1.0715e-01    -0.1141   102.8943     8.1924     8.4588    32.5260    32.5215    26.1321    26.1286    8.30131 0.0000e+00
       1705     54.361    -0.5485    -0.5526   2.675327   2.674677     2.1738     2.6247      8.062     0.9203    -0.8391 1.0715e-01    -0.1138   102.8853     8.1905     8.4596    32.5289    32.5246    26.1349    26.1315    8.30319 0.0000e+00
       1708     54.489    -0.5532    -0.5578   2.675080   2.674424     2.1730     2.6239      8.062     0.8992    -0.7996 1.0715e-01    -0.1127   102.8581     8.1872     8.4584    32.5306    32.5268    26.1364    26.1335    8.30415 0.0000e+00
       1711     54.621    -0.5558    -0.5616   2.674972   2.674237     2.1717     2.6215      8.062     0.8992    -1.0364 1.0715e-01    -0.1124   102.8491     8.1821     8.4494    32.5319    32.5283    26.1375    26.1348    8.30466 0.0000e+00
       1714     54.754    -0.5627    -0.5646   2.674453   2.674169     2.1705     2.6202      8.061     0.8992    -1.3128 1.0715e-01    -0.1127   102.8581     8.1784     8.4453    32.5322    32.5305    26.1380    26.1367    8.30618 0.0000e+00
       1717     54.887    -0.5668    -0.5635   2.674222   2.674273     2.1705     2.6202      8.059     0.8992    -1.3128 1.0715e-01    -0.1127   102.8581     8.1765     8.4458    32.5335    32.5306    26.1393    26.1367    8.30703 0.0000e+00
       1720     55.024    -0.5703    -0.5670   2.673977   2.673699     2.1697     2.6194      8.061     0.9097    -1.3128 1.0715e-01    -0.1127   102.8581     8.1685     8.4437    32.5339    32.5266    26.1397    26.1336    8.30779 0.0000e+00
