Datasets/AZMP/TEL210/tel210_2020_089.cnv
* Sea-Bird SBE 9 Data File:
* FileName = C:\CTDDATA\tel210_2020_089.hex
* Software Version Seasave V 7.26.7.110
* Temperature SN = 1697
* Conductivity SN = 4216
* Number of Bytes Per Scan = 30
* Number of Voltage Words = 4
* Number of Scans Averaged by the Deck Unit = 1
* NMEA baud rate = 4800
** VESSEL/TRIP/SEQ STN:  tel210_2020_089
** LATITUDE XX XX.XX: 54 04.90 N
** LONGITUDE XX XX.XX: 054 13.00 W
** SOUNDING DEPTH (M): 0190
** PROBE TYPE: S1146
** CTD NUMBER: 059
** COMMENTS (14 CHAR): SI-08
** BOTTLES:  10
** LEVELS: 5,10,20,30,40,50,75,100,150,BTM
** STICKERS: 436160 - 436169
** VNET: Y
** DO2: N
# nquan = 22
# nvalues = 4279                        
# units = specified
# name 0 = scan: Scan Count
# name 1 = prDM: Pressure, Digiquartz [db]
# name 2 = t090C: Temperature [ITS-90, deg C]
# name 3 = t190C: Temperature, 2 [ITS-90, deg C]
# name 4 = c0S/m: Conductivity [S/m]
# name 5 = c1S/m: Conductivity, 2 [S/m]
# name 6 = sbeox0V: Oxygen raw, SBE 43 [V]
# name 7 = sbeox1V: Oxygen raw, SBE 43, 2 [V]
# name 8 = ph: pH
# name 9 = flECO-AFL: Fluorescence, WET Labs ECO-AFL/FL [mg/m^3]
# name 10 = wetCDOM: Fluorescence, WET Labs CDOM [mg/m^3]
# name 11 = par/sat/log: PAR/Logarithmic, Satlantic [umol photons/m^2/sec]
# name 12 = CStarAt0: Beam Attenuation, WET Labs C-Star [1/m]
# name 13 = CStarTr0: Beam Transmission, WET Labs C-Star [%]
# name 14 = sbeox0ML/L: Oxygen, SBE 43 [ml/l], WS = 2
# name 15 = sbeox1ML/L: Oxygen, SBE 43, 2 [ml/l], WS = 2
# name 16 = sal00: Salinity, Practical [PSU]
# name 17 = sal11: Salinity, Practical, 2 [PSU]
# name 18 = sigma-t00: Density [sigma-t, kg/m^3 ]
# name 19 = sigma-t11: Density, 2 [sigma-t, kg/m^3 ]
# name 20 = oxsatML/L: Oxygen Saturation, Weiss [ml/l]
# name 21 = flag: flag
# span 0 =         26,      32365       
# span 1 =      0.473,    188.148       
# span 2 =    -0.7797,     9.0010       
# span 3 =    -0.7850,     9.0034       
# span 4 =   2.686516,   3.402712       
# span 5 =   2.685858,   3.402793       
# span 6 =     1.9276,     2.6615       
# span 7 =     2.3163,     3.2591       
# span 8 =      7.960,      8.292       
# span 9 =     0.6664,     1.7563       
# span 10 =    -2.8130,   482.1870      
# span 11 = 1.0715e-01, 2.0337e+02      
# span 12 =    -0.1411,     0.1115      
# span 13 =    97.2514,   103.5906      
# span 14 =     6.5407,     9.8090      
# span 15 =     6.7686,    10.3244      
# span 16 =    31.6917,    34.2985      
# span 17 =    31.6862,    34.2993      
# span 18 =    24.5564,    27.3856      
# span 19 =    24.5593,    27.3866      
# span 20 =    6.59568,    8.32871      
# span 21 = 0.0000e+00, 0.0000e+00      
# interval = scans: 3                   
# start_time = Jul 25 2020 09:57:13 [System UTC, header]
# bad_flag = -9.990e-29
*END*
[from data line 3885]
      23718     32.395     0.1098     0.0714   2.753861   2.751531     2.2919     2.7955      8.137     1.3648     0.9770 4.1705e+00    -0.0090   100.2266     8.9891     9.4143    32.8769    32.8875    26.3871    26.3976    8.13874 0.0000e+00
      23721     32.323     0.0928     0.0631   2.752994   2.751658     2.2931     2.7988      8.137     1.3754     0.9770 4.2141e+00    -0.0055   100.1361     8.9913     9.4217    32.8838    32.8981    26.3936    26.4065    8.14204 0.0000e+00
      23724     32.246     0.1004     0.0703   2.753947   2.751957     2.2948     2.8016      8.140     1.3648     1.0954 4.2532e+00    -0.0051   100.1271     8.9863     9.4228    32.8882    32.8943    26.3967    26.4031    8.14015 0.0000e+00
      23727     32.163     0.1305     0.0820   2.756614   2.752833     2.2972     2.8041      8.142     1.3754     1.0954 4.2928e+00    -0.0058   100.1452     8.9801     9.4211    32.8910    32.8934    26.3975    26.4019    8.13348 0.0000e+00
      23730     32.071     0.1777     0.0926   2.759666   2.753125     2.2992     2.8069      8.142     1.3754     1.0954 4.3377e+00    -0.0058   100.1452     8.9691     9.4248    32.8805    32.8859    26.3867    26.3952    8.12387 0.0000e+00
      23733     31.972     0.1949     0.0946   2.760392   2.753270     2.3005     2.8093      8.142     1.3754     1.0954 4.3831e+00    -0.0051   100.1271     8.9663     9.4301    32.8717    32.8857    26.3788    26.3950    8.12066 0.0000e+00
      23736     31.865     0.2194     0.1236   2.762636   2.756732     2.3025     2.8110      8.143     1.3754     1.0954 4.4340e+00    -0.0058   100.1452     8.9683     9.4212    32.8749    32.9002    26.3801    26.4053    8.11519 0.0000e+00
      23739     31.756     0.2479     0.1706   2.764516   2.759821     2.3045     2.8134      8.143     1.3965     1.0954 4.4804e+00    -0.0062   100.1542     8.9786     9.4177    32.8691    32.8903    26.3740    26.3950    8.10939 0.0000e+00
      23742     31.639     0.2496     0.1985   2.764661   2.761603     2.3061     2.8146      8.146     1.4071     1.0954 4.5483e+00    -0.0062   100.1542     8.9918     9.4187    32.8692    32.8839    26.3740    26.3885    8.10901 0.0000e+00
      23745     31.519     0.2475     0.2310   2.764430   2.764242     2.3078     2.8175      8.146     1.4071     1.0954 4.6332e+00    -0.0062   100.1542     9.0069     9.4212    32.8686    32.8838    26.3736    26.3867    8.10950 0.0000e+00
      23748     31.397     0.2611     0.2437   2.766966   2.763496     2.3094     2.8204      8.146     1.3965     1.0954 4.7307e+00    -0.0062   100.1542     9.0127     9.4333    32.8873    32.8604    26.3880    26.3672    8.10554 0.0000e+00
      23751     31.269     0.3420     0.1971   2.775631   2.759334     2.3122     2.8224      8.151     1.3965     1.0954 4.8078e+00    -0.0062   100.1542     9.0036     9.4590    32.9141    32.8559    26.4054    26.3659    8.08672 0.0000e+00
      23754     31.140     0.4509     0.1855   2.784920   2.764612     2.3135     2.8269      8.150     1.3965     1.0954 4.8806e+00    -0.0062   100.1542     8.9842     9.4819    32.9189    32.9376    26.4035    26.4324    8.06319 0.0000e+00
      23757     31.005     0.5832     0.3287   2.797468   2.777664     2.3171     2.8293      8.150     1.4071     1.0954 4.9890e+00    -0.0044   100.1090     8.9678     9.4541    32.9410    32.9551    26.4141    26.4392    8.03392 0.0000e+00
      23760     30.869     0.7039     0.4629   2.805681   2.787963     2.3196     2.8321      8.151     1.3965     1.0954 5.0704e+00     0.0054    99.8648     8.9467     9.4323    32.9189    32.9459    26.3895    26.4247    8.00963 0.0000e+00
      23763     30.735     0.7554     0.5956   2.807956   2.798189     2.3216     2.8358      8.154     1.3542     1.0954 5.1532e+00     0.0058    99.8558     8.9444     9.4102    32.8936    32.9372    26.3663    26.4104    8.00017 0.0000e+00
      23766     30.604     0.7357     0.6715   2.803812   2.800966     2.3232     2.8382      8.154     1.3436     1.0954 5.2433e+00     0.0062    99.8468     8.9604     9.4002    32.8611    32.8925    26.3412    26.3701    8.00608 0.0000e+00
      23769     30.482     0.6805     0.6656   2.798840   2.797775     2.3257     2.8399      8.154     1.3436     1.0954 5.3227e+00     0.0058    99.8558     8.9860     9.4061    32.8555    32.8575    26.3399    26.3423    8.01801 0.0000e+00
      23772     30.366     0.6418     0.6367   2.796337   2.795153     2.3273     2.8427      8.156     1.3436     1.0954 5.4159e+00     0.0058    99.8558     9.0008     9.4191    32.8643    32.8543    26.3491    26.3414    8.02570 0.0000e+00
      23775     30.258     0.6168     0.5885   2.793565   2.790427     2.3298     2.8456      8.154     1.3542     1.2139 5.4978e+00     0.0058    99.8558     9.0185     9.4362    32.8550    32.8444    26.3430    26.3360    8.03150 0.0000e+00
      23778     30.156     0.5959     0.5487   2.792825   2.787465     2.3326     2.8496      8.158     1.3648     1.3323 5.5682e+00     0.0033    99.9191     9.0330     9.4545    32.8677    32.8483    26.3544    26.3414    8.03522 0.0000e+00
      23781     30.061     0.5872     0.5152   2.791406   2.784898     2.3342     2.8517      8.156     1.3436     1.3323 5.6394e+00    -0.0022   100.0547     9.0397     9.4675    32.8586    32.8506    26.3476    26.3451    8.03756 0.0000e+00
      23784     29.971     0.5545     0.4849   2.788125   2.782499     2.3355     2.8549      8.160     1.3648     1.3323 5.6853e+00    -0.0018   100.0457     9.0543     9.4835    32.8508    32.8517    26.3431    26.3476    8.04491 0.0000e+00
      23787     29.886     0.5186     0.4736   2.785462   2.781520     2.3383     2.8566      8.160     1.3436     1.3323 5.7447e+00    -0.0018   100.0457     9.0789     9.4881    32.8545    32.8511    26.3480    26.3478    8.05233 0.0000e+00
      23790     29.808     0.5029     0.4523   2.784507   2.779896     2.3399     2.8598      8.160     1.3648     1.3323 5.8048e+00    -0.0018   100.0457     9.0880     9.5054    32.8589    32.8528    26.3524    26.3502    8.05543 0.0000e+00
      23793     29.738     0.4965     0.4515   2.784368   2.780392     2.3420     2.8611      8.160     1.3648     1.3323 5.8385e+00    -0.0018   100.0457     9.0927     9.5065    32.8639    32.8602    26.3568    26.3562    8.05651 0.0000e+00
      23796     29.678     0.5030     0.4591   2.785168   2.780960     2.3444     2.8631      8.160     1.3648     1.3323 5.8791e+00    -0.0018   100.0457     9.0950     9.5072    32.8674    32.8595    26.3593    26.3553    8.05494 0.0000e+00
      23799     29.631     0.4892     0.4563   2.783390   2.780421     2.3469     2.8651      8.160     1.3754     1.3323 5.9132e+00     0.0047    99.8829     9.1014     9.5100    32.8590    32.8554    26.3533    26.3521    8.05834 0.0000e+00
      24325     29.591     0.6099     0.5959   2.793393   2.792747     2.3945     2.9233      8.172     1.5023     1.4113 6.1896e+00     0.0306    99.2408     9.1933     9.5963    32.8603    32.8668    26.3474    26.3534    8.03284 0.0000e+00
      25374     29.503     0.8871     0.8867   2.815873   2.815725     2.4877     3.0361      8.197     1.7563    -0.3258 6.7619e+00     0.0733    98.1828     9.3714     9.7659    32.8567    32.8553    26.3289    26.3278    7.97457 0.0000e+00
      25377     29.398     0.8928     0.8897   2.816041   2.815683     2.4877     3.0361      8.197     1.7457    -0.2469 6.8326e+00     0.0686    98.3004     9.3752     9.7743    32.8530    32.8516    26.3255    26.3247    7.97359 0.0000e+00
      25380     29.283     0.8946     0.8886   2.816050   2.815625     2.4885     3.0361      8.197     1.7563    -0.2469 6.9040e+00     0.0693    98.2823     9.3869     9.7869    32.8512    32.8521    26.3240    26.3251    7.97331 0.0000e+00
      25383     29.170     0.8969     0.8932   2.816198   2.816140     2.4873     3.0365      8.197     1.7352    -0.2469 6.9924e+00     0.0693    98.2823     9.3868     9.7972    32.8507    32.8539    26.3235    26.3263    7.97286 0.0000e+00
      25386     29.056     0.8983     0.8921   2.816313   2.815759     2.4877     3.0357      8.197     1.5976    -0.2469 7.0737e+00     0.0693    98.2823     9.3958     9.8044    32.8508    32.8503    26.3235    26.3234    7.97255 0.0000e+00
      25389     28.940     0.9039     0.8895   2.816898   2.815755     2.4885     3.0365      8.197     1.6188    -0.2469 7.1892e+00     0.0689    98.2913     9.4052     9.8181    32.8525    32.8530    26.3245    26.3258    7.97130 0.0000e+00
      25392     28.824     0.9095     0.8963   2.817323   2.816447     2.4873     3.0381      8.197     1.5870    -0.2469 7.2728e+00     0.0689    98.2913     9.4061     9.8344    32.8521    32.8548    26.3238    26.3268    7.97015 0.0000e+00
      25395     28.709     0.9126     0.9005   2.817397   2.816156     2.4885     3.0385      8.197     1.6082    -0.2469 7.3659e+00     0.0682    98.3094     9.4168     9.8427    32.8498    32.8466    26.3218    26.3200    7.96963 0.0000e+00
      25398     28.597     0.9065     0.8906   2.816339   2.814581     2.4889     3.0385      8.197     1.5976    -0.7996 7.4688e+00     0.0671    98.3366     9.4246     9.8561    32.8427    32.8369    26.3165    26.3128    7.97128 0.0000e+00
      25401     28.486     0.8957     0.8676   2.815400   2.811589     2.4897     3.0393      8.197     1.6082    -0.9180 7.5731e+00     0.0671    98.3366     9.4361     9.8776    32.8422    32.8229    26.3167    26.3028    7.97358 0.0000e+00
      25404     28.377     0.8857     0.8304   2.814367   2.807670     2.4910     3.0410      8.197     1.5976    -0.9180 7.6612e+00     0.0671    98.3366     9.4496     9.9030    32.8395    32.8118    26.3151    26.2961    7.97580 0.0000e+00
      25407     28.275     0.8658     0.7900   2.812127   2.804441     2.4901     3.0414      8.202     1.6082    -0.9180 7.7413e+00     0.0671    98.3366     9.4559     9.9200    32.8318    32.8129    26.3101    26.2993    7.98038 0.0000e+00
      25410     28.184     0.8334     0.7678   2.808608   2.802996     2.4914     3.0422      8.202     1.5976    -0.9180 7.8223e+00     0.0671    98.3366     9.4727     9.9351    32.8207    32.8179    26.3032    26.3046    7.98775 0.0000e+00
      25413     28.094     0.7998     0.7573   2.805717   2.802219     2.4914     3.0430      8.200     1.5659    -0.9180 7.8950e+00     0.0675    98.3275     9.4848     9.9391    32.8192    32.8190    26.3038    26.3061    7.99489 0.0000e+00
      25416     28.006     0.7858     0.7531   2.805158   2.801974     2.4926     3.0446      8.202     1.5870    -0.9180 7.9499e+00     0.0667    98.3456     9.4968     9.9452    32.8268    32.8204    26.3108    26.3075    7.99741 0.0000e+00
      25419     27.926     0.7939     0.7581   2.806052   2.802724     2.4922     3.0455      8.202     1.5764    -0.9180 8.0330e+00     0.0660    98.3637     9.4897     9.9479    32.8298    32.8248    26.3127    26.3107    7.99555 0.0000e+00
      25422     27.856     0.7968     0.7673   2.805976   2.803300     2.4926     3.0475      8.202     1.5659    -0.9180 8.0890e+00     0.0667    98.3456     9.4915     9.9480    32.8258    32.8225    26.3093    26.3084    7.99516 0.0000e+00
      25425     27.793     0.7866     0.7755   2.805266   2.803913     2.4934     3.0483      8.202     1.5659    -0.6022 8.1547e+00     0.0660    98.3637     9.4966     9.9400    32.8275    32.8218    26.3113    26.3073    7.99721 0.0000e+00
      25428     27.740     0.7847     0.7804   2.805424   2.804091     2.4938     3.0483      8.202     1.5764    -0.6416 8.1925e+00     0.0667    98.3456     9.5016     9.9320    32.8315    32.8189    26.3146    26.3047    7.99738 0.0000e+00
      25431     27.696     0.7959     0.7818   2.805441   2.804166     2.4942     3.0487      8.202     1.5764    -0.6022 8.2305e+00     0.0667    98.3456     9.5029     9.9253    32.8199    32.8184    26.3047    26.3043    7.99566 0.0000e+00
      25434     27.655     0.8012     0.7798   2.805472   2.804080     2.4946     3.0511      8.205     1.5659    -0.6416 8.2591e+00     0.0642    98.4089     9.5040     9.9270    32.8147    32.8194    26.3001    26.3052    7.99483 0.0000e+00
      25437     27.620     0.8005     0.7770   2.805341   2.803964     2.4959     3.0495      8.205     1.5235    -0.6022 8.2782e+00     0.0543    98.6531     9.5105     9.9130    32.8139    32.8209    26.2995    26.3066    7.99504 0.0000e+00
      25440     27.591     0.7906     0.7791   2.804258   2.804505     2.4963     3.0516      8.207     1.5024    -0.6022 8.3166e+00     0.0543    98.6531     9.5155     9.9105    32.8103    32.8257    26.2972    26.3103    7.99729 0.0000e+00
      25444     27.560     0.7918     0.7992   2.804608   2.806979     2.4967     3.0516      8.207     1.5129    -0.5627 8.3551e+00     0.0546    98.6440     9.5177     9.8953    32.8136    32.8363    26.2998    26.3176    7.99687 0.0000e+00
      25448     27.530     0.8036     0.8269   2.806302   2.809178     2.4971     3.0511      8.207     1.5129    -0.3653 8.3744e+00     0.0543    98.6531     9.5166     9.8814    32.8231    32.8354    26.3067    26.3153    7.99389 0.0000e+00
      25453     27.494     0.8387     0.8268   2.810287   2.809256     2.4987     3.0520      8.207     1.5024     3.3852 8.4036e+00     0.0543    98.6531     9.5130     9.8863    32.8372    32.8365    26.3160    26.3162    7.98575 0.0000e+00
      25456     27.471     0.8446     0.8302   2.810464   2.809586     2.4987     3.0520      8.207     1.5024     3.3457 8.4133e+00     0.0466    98.8430     9.5131     9.8838    32.8333    32.8371    26.3126    26.3165    7.98474 0.0000e+00
      25459     27.442     0.8236     0.8345   2.807740   2.810045     2.4995     3.0532      8.205     1.5024     3.3457 8.4425e+00     0.0447    98.8882     9.5238     9.8893    32.8204    32.8385    26.3035    26.3174    7.98983 0.0000e+00
      25462     27.410     0.8056     0.8481   2.806324   2.811968     2.4991     3.0524      8.205     1.5341     3.3457 8.4620e+00     0.0447    98.8882     9.5259     9.8850    32.8212    32.8489    26.3051    26.3249    7.99356 0.0000e+00
      25465     27.373     0.8044     0.8645   2.806331   2.813195     2.5003     3.0532      8.204     1.6294     3.3457 8.5210e+00     0.0451    98.8791     9.5339     9.8883    32.8226    32.8475    26.3063    26.3228    7.99374 0.0000e+00
      25468     27.331     0.7777     0.8637   2.803295   2.812759     2.4999     3.0532      8.202     1.6294     3.3457 8.5605e+00     0.0451    98.8791     9.5410     9.8967    32.8118    32.8427    26.2991    26.3190    7.99994 0.0000e+00
      25471     27.280     0.7738     0.8579   2.803357   2.812263     2.5028     3.0548      8.202     1.6294     3.3457 8.6201e+00     0.0451    98.8791     9.5574     9.9081    32.8167    32.8425    26.3033    26.3191    8.00048 0.0000e+00
      25474     27.220     0.7650     0.8518   2.802801   2.811735     2.5015     3.0556      8.202     1.6294     3.3457 8.6600e+00     0.0433    98.9243     9.5543     9.9171    32.8188    32.8422    26.3056    26.3193    8.00221 0.0000e+00
      25477     27.150     0.7815     0.8482   2.804293   2.811629     2.5028     3.0560      8.202     1.6399     3.0299 8.7304e+00     0.0283    99.2951     9.5555     9.9255    32.8207    32.8446    26.3061    26.3215    7.99865 0.0000e+00
      25480     27.073     0.7921     0.8507   2.805346   2.811906     2.5036     3.0556      8.200     1.6399     2.9904 8.8013e+00     0.0283    99.2951     9.5565     9.9273    32.8231    32.8456    26.3074    26.3221    7.99629 0.0000e+00
      25483     26.988     0.7586     0.8477   2.799604   2.810524     2.5036     3.0564      8.197     1.6505     2.9904 8.8626e+00     0.0287    99.2861     9.5721     9.9366    32.7846    32.8311    26.2783    26.3106    8.00543 0.0000e+00
