Datasets/AZMP/TEL210/tel210_2020_092.cnv
* Sea-Bird SBE 9 Data File:
* FileName = C:\CTDDATA\tel210_2020_092.hex
* Software Version Seasave V 7.26.7.110
* Temperature SN = 1697
* Conductivity SN = 4216
* Number of Bytes Per Scan = 30
* Number of Voltage Words = 4
* Number of Scans Averaged by the Deck Unit = 1
* NMEA baud rate = 4800
** VESSEL/TRIP/SEQ STN:  tel210_2020_092
** LATITUDE XX XX.XX: 54 30.00 N
** LONGITUDE XX XX.XX: 53 30.00 W
** SOUNDING DEPTH (M): 0315
** PROBE TYPE: S1146
** CTD NUMBER: 062
** COMMENTS (14 CHAR): SI-11
** BOTTLES:  0
** LEVELS: 
** STICKERS: 
** VNET: N
** DO2: N
# nquan = 22
# nvalues = 7142                        
# units = specified
# name 0 = scan: Scan Count
# name 1 = prDM: Pressure, Digiquartz [db]
# name 2 = t090C: Temperature [ITS-90, deg C]
# name 3 = t190C: Temperature, 2 [ITS-90, deg C]
# name 4 = c0S/m: Conductivity [S/m]
# name 5 = c1S/m: Conductivity, 2 [S/m]
# name 6 = sbeox0V: Oxygen raw, SBE 43 [V]
# name 7 = sbeox1V: Oxygen raw, SBE 43, 2 [V]
# name 8 = ph: pH
# name 9 = flECO-AFL: Fluorescence, WET Labs ECO-AFL/FL [mg/m^3]
# name 10 = wetCDOM: Fluorescence, WET Labs CDOM [mg/m^3]
# name 11 = par/sat/log: PAR/Logarithmic, Satlantic [umol photons/m^2/sec]
# name 12 = CStarAt0: Beam Attenuation, WET Labs C-Star [1/m]
# name 13 = CStarTr0: Beam Transmission, WET Labs C-Star [%]
# name 14 = sbeox0ML/L: Oxygen, SBE 43 [ml/l], WS = 2
# name 15 = sbeox1ML/L: Oxygen, SBE 43, 2 [ml/l], WS = 2
# name 16 = sal00: Salinity, Practical [PSU]
# name 17 = sal11: Salinity, Practical, 2 [PSU]
# name 18 = sigma-t00: Density [sigma-t, kg/m^3 ]
# name 19 = sigma-t11: Density, 2 [sigma-t, kg/m^3 ]
# name 20 = oxsatML/L: Oxygen Saturation, Weiss [ml/l]
# name 21 = flag: flag
# span 0 =         44,      24840       
# span 1 =      0.869,    321.284       
# span 2 =    -0.7543,     5.4213       
# span 3 =    -0.7592,     5.4166       
# span 4 =   2.678250,   3.176230       
# span 5 =   2.678032,   3.175847       
# span 6 =     1.9360,     2.3843       
# span 7 =     2.3227,     2.8970       
# span 8 =      8.000,      8.190       
# span 9 =     0.6346,     1.9574       
# span 10 =    -2.8130,   482.1870      
# span 11 = 1.0715e-01, 6.9032e+02      
# span 12 =    -0.1341,     0.3995      
# span 13 =    90.4962,   103.4098      
# span 14 =     6.4922,    10.4009      
# span 15 =     6.7231,    10.8260      
# span 16 =    31.7914,    34.5776      
# span 17 =    31.9144,    34.5777      
# span 18 =    25.0864,    27.5159      
# span 19 =    25.1856,    27.5164      
# span 20 =    7.16044,    8.32649      
# span 21 = 0.0000e+00, 0.0000e+00      
# interval = scans: 3                   
# start_time = Jul 25 2020 16:06:28 [System UTC, header]
# bad_flag = -9.990e-29
*END*
[from data line 1647]
       5337    170.105     1.8753     1.8701   2.999995   2.999597     2.0367     2.4555      8.043     0.7616    -0.7206 1.0715e-01    -0.0993   102.5145     7.1143     7.3953    34.0617    34.0623    27.2294    27.2304    7.70984 0.0000e+00
       5340    170.235     1.8773     1.8719   3.000215   2.999801     2.0363     2.4559      8.043     0.7616    -0.6811 1.0715e-01    -0.0993   102.5145     7.1114     7.3962    34.0622    34.0628    27.2297    27.2306    7.70942 0.0000e+00
       5343    170.354     1.8789     1.8733   3.000427   2.999999     2.0367     2.4564      8.043     0.7616    -0.6811 1.0715e-01    -0.0993   102.5145     7.1138     7.3975    34.0631    34.0637    27.2303    27.2312    7.70906 0.0000e+00
       5346    170.462     1.8808     1.8747   3.000656   3.000217     2.0355     2.4555      8.043     0.7510    -0.6811 1.0715e-01    -0.0993   102.5145     7.1108     7.3936    34.0639    34.0649    27.2308    27.2321    7.70865 0.0000e+00
       5349    170.558     1.8820     1.8762   3.000827   3.000396     2.0363     2.4555      8.043     0.7616     0.6612 1.0715e-01    -0.0993   102.5145     7.1126     7.3939    34.0646    34.0655    27.2313    27.2324    7.70837 0.0000e+00
       5352    170.640     1.8833     1.8775   3.001011   3.000553     2.0355     2.4559      8.043     0.7616     1.3323 1.0715e-01    -0.0993   102.5145     7.1094     7.3964    34.0655    34.0660    27.2319    27.2328    7.70806 0.0000e+00
       5355    170.715     1.8850     1.8786   3.001107   3.000648     2.0355     2.4555      8.043     0.7510     1.3323 1.0727e-01    -0.0993   102.5145     7.1101     7.3919    34.0649    34.0660    27.2312    27.2327    7.70777 0.0000e+00
       5358    170.779     1.8859     1.8801   3.001127   3.000770     2.0359     2.4555      8.043     0.7616     1.3323 1.0715e-01    -0.0993   102.5145     7.1125     7.3901    34.0641    34.0659    27.2306    27.2325    7.70763 0.0000e+00
       5361    170.832     1.8881     1.8805   3.001140   3.000805     2.0359     2.4555      8.043     0.7616     1.3323 1.0715e-01    -0.0993   102.5145     7.1146     7.3899    34.0619    34.0658    27.2287    27.2324    7.70732 0.0000e+00
       5364    170.876     1.8883     1.8808   3.001151   3.000806     2.0355     2.4555      8.043     0.7510     1.3323 1.0715e-01    -0.0993   102.5145     7.1125     7.3869    34.0617    34.0655    27.2285    27.2321    7.70727 0.0000e+00
       5367    170.915     1.8876     1.8797   3.001100   3.000734     2.0355     2.4547      8.043     0.7405     1.3323 1.0715e-01    -0.0993   102.5145     7.1131     7.3851    34.0619    34.0658    27.2287    27.2324    7.70741 0.0000e+00
       5370    170.957     1.8894     1.8771   3.001298   3.000585     2.0355     2.4551      8.043     0.7193     1.3323 1.0727e-01    -0.0993   102.5145     7.1125     7.3856    34.0624    34.0666    27.2289    27.2333    7.70703 0.0000e+00
       5373    170.989     1.8920     1.8757   3.001547   3.000308     2.0347     2.4547      8.043     0.7299     1.4507 1.0715e-01    -0.0990   102.5055     7.1073     7.3820    34.0626    34.0647    27.2290    27.2318    7.70649 0.0000e+00
       5376    171.020     1.8924     1.8759   3.001696   3.000409     2.0351     2.4547      8.043     0.7299     4.2143 1.0715e-01    -0.0986   102.4964     7.1100     7.3802    34.0641    34.0657    27.2301    27.2326    7.70635 0.0000e+00
       5379    171.050     1.8927     1.8793   3.001764   3.000603     2.0355     2.4543      8.043     0.7299     4.4512 1.0715e-01    -0.0986   102.4964     7.1094     7.3779    34.0647    34.0645    27.2305    27.2314    7.70626 0.0000e+00
       5382    171.077     1.8931     1.8829   3.001878   3.000967     2.0351     2.4543      8.043     0.7299     4.4117 1.0715e-01    -0.0983   102.4874     7.1058     7.3749    34.0656    34.0652    27.2313    27.2317    7.70613 0.0000e+00
       5385    171.107     1.8932     1.8829   3.001967   3.000945     2.0355     2.4539      8.043     0.7299     4.4117 1.0715e-01    -0.0986   102.4964     7.1090     7.3720    34.0666    34.0648    27.2320    27.2314    7.70606 0.0000e+00
       5388    171.145     1.8932     1.8826   3.002013   3.001041     2.0343     2.4539      8.043     0.7299     4.4117 1.0715e-01    -0.0990   102.5055     7.1050     7.3716    34.0672    34.0663    27.2325    27.2326    7.70604 0.0000e+00
       5391    171.185     1.8932     1.8851   3.002035   3.001339     2.0347     2.4539      8.043     0.7299     4.4117 1.0715e-01    -0.0986   102.4964     7.1068     7.3715    34.0674    34.0674    27.2327    27.2332    7.70602 0.0000e+00
       5394    171.230     1.8949     1.8860   3.002252   3.001462     2.0347     2.4531      8.043     0.7722     4.4117 1.0715e-01    -0.1000   102.5326     7.1070     7.3676    34.0682    34.0679    27.2332    27.2336    7.70563 0.0000e+00
       5397    171.283     1.8961     1.8868   3.002358   3.001577     2.0343     2.4527      8.043     0.7934     4.4117 1.0715e-01    -0.1029   102.6049     7.1048     7.3672    34.0683    34.0684    27.2332    27.2340    7.70540 0.0000e+00
       5400    171.344     1.8972     1.8881   3.002522   3.001714     2.0347     2.4531      8.043     0.7934     4.2143 1.0727e-01    -0.1025   102.5959     7.1045     7.3716    34.0691    34.0688    27.2337    27.2342    7.70513 0.0000e+00
       5403    171.412     1.8995     1.8906   3.002789   3.002011     2.0334     2.4527      8.041     0.7934     3.5826 1.0727e-01    -0.1032   102.6140     7.0991     7.3692    34.0700    34.0698    27.2343    27.2348    7.70464 0.0000e+00
       5406    171.489     1.9005     1.8935   3.002913   3.002369     2.0343     2.4519      8.043     0.7934     3.5826 1.0715e-01    -0.1029   102.6049     7.1043     7.3643    34.0704    34.0711    27.2345    27.2356    7.70442 0.0000e+00
       5409    171.571     1.9014     1.8960   3.002977   3.002596     2.0347     2.4519      8.043     0.7722     3.5826 1.0715e-01    -0.1029   102.6049     7.1062     7.3647    34.0702    34.0712    27.2343    27.2355    7.70425 0.0000e+00
       5412    171.658     1.9022     1.8975   3.003060   3.002814     2.0339     2.4519      8.043     0.7828     3.5826 1.0715e-01    -0.1025   102.5959     7.1020     7.3646    34.0703    34.0723    27.2344    27.2363    7.70409 0.0000e+00
       5415    171.751     1.9055     1.9022   3.003475   3.003315     2.0343     2.4519      8.041     0.8040     3.5826 1.0715e-01    -0.1018   102.5778     7.1030     7.3655    34.0719    34.0735    27.2354    27.2369    7.70336 0.0000e+00
       5418    171.846     1.9104     1.9057   3.003981   3.003641     2.0339     2.4519      8.041     0.7828     3.5826 1.0715e-01    -0.1008   102.5506     7.1005     7.3653    34.0730    34.0737    27.2358    27.2368    7.70234 0.0000e+00
       5421    171.952     1.9137     1.9083   3.004334   3.003876     2.0339     2.4519      8.041     0.7934     3.5826 1.0715e-01    -0.1011   102.5597     7.1000     7.3636    34.0737    34.0738    27.2362    27.2366    7.70164 0.0000e+00
       5424    172.063     1.9161     1.9102   3.004593   3.004120     2.0334     2.4523      8.043     0.7934     3.5826 1.0715e-01    -0.1011   102.5597     7.0950     7.3631    34.0744    34.0747    27.2365    27.2373    7.70114 0.0000e+00
       5427    172.175     1.9182     1.9122   3.004876   3.004385     2.0339     2.4507      8.043     0.8040     2.0824 1.0715e-01    -0.1015   102.5687     7.0950     7.3572    34.0756    34.0759    27.2373    27.2380    7.70066 0.0000e+00
       5430    172.293     1.9201     1.9144   3.005138   3.004673     2.0339     2.4503      8.041     0.7934     0.6612 1.0727e-01    -0.1015   102.5687     7.0914     7.3527    34.0768    34.0770    27.2382    27.2388    7.70022 0.0000e+00
       5433    172.413     1.9215     1.9162   3.005432   3.004984     2.0330     2.4511      8.041     0.7934     0.7401 1.0715e-01    -0.1008   102.5506     7.0875     7.3531    34.0788    34.0790    27.2397    27.2402    7.69983 0.0000e+00
       5436    172.534     1.9234     1.9179   3.005697   3.005244     2.0330     2.4507      8.043     0.8040     0.7401 1.0715e-01    -0.1000   102.5326     7.0857     7.3481    34.0800    34.0803    27.2405    27.2412    7.69939 0.0000e+00
       5439    172.657     1.9251     1.9196   3.005904   3.005439     2.0334     2.4503      8.041     0.7934     0.7006 1.0715e-01    -0.1004   102.5416     7.0871     7.3439    34.0808    34.0809    27.2410    27.2415    7.69903 0.0000e+00
       5442    172.782     1.9264     1.9207   3.006092   3.005629     2.0334     2.4503      8.038     0.7934     0.7401 1.0715e-01    -0.1000   102.5326     7.0871     7.3415    34.0816    34.0820    27.2415    27.2423    7.69872 0.0000e+00
       5445    172.901     1.9280     1.9222   3.006272   3.005831     2.0330     2.4494      8.041     0.7828     0.7401 1.0715e-01    -0.1004   102.5416     7.0842     7.3369    34.0822    34.0828    27.2419    27.2428    7.69839 0.0000e+00
       5448    173.022     1.9294     1.9237   3.006535   3.006108     2.0318     2.4494      8.041     0.7510     0.7401 1.0715e-01    -0.1000   102.5326     7.0764     7.3374    34.0839    34.0847    27.2431    27.2442    7.69802 0.0000e+00
       5451    173.142     1.9310     1.9253   3.006771   3.006376     2.0322     2.4494      8.038     0.7616     0.7401 1.0715e-01    -0.1004   102.5416     7.0760     7.3372    34.0850    34.0862    27.2439    27.2453    7.69765 0.0000e+00
       5454    173.260     1.9323     1.9267   3.006979   3.006559     2.0326     2.4482      8.041     0.7616    -0.3653 1.0715e-01    -0.0997   102.5235     7.0793     7.3300    34.0861    34.0869    27.2447    27.2458    7.69732 0.0000e+00
       5457    173.373     1.9333     1.9277   3.007094   3.006703     2.0322     2.4486      8.038     0.7616    -0.5627 1.0715e-01    -0.1004   102.5416     7.0759     7.3309    34.0864    34.0875    27.2449    27.2462    7.69711 0.0000e+00
       5460    173.489     1.9342     1.9288   3.007184   3.006817     2.0314     2.4474      8.038     0.7510    -0.5627 1.0715e-01    -0.1004   102.5416     7.0689     7.3277    34.0865    34.0878    27.2449    27.2463    7.69693 0.0000e+00
       5463    173.604     1.9344     1.9292   3.007253   3.006861     2.0322     2.4478      8.038     0.7405    -0.5627 1.0715e-01    -0.1004   102.5416     7.0738     7.3288    34.0871    34.0879    27.2454    27.2463    7.69686 0.0000e+00
       5466    173.718     1.9353     1.9299   3.007384   3.007013     2.0318     2.4470      8.040     0.7616    -0.5627 1.0715e-01    -0.1004   102.5416     7.0729     7.3236    34.0878    34.0889    27.2458    27.2471    7.69666 0.0000e+00
       5469    173.829     1.9361     1.9310   3.007509   3.007160     2.0310     2.4470      8.038     0.7405    -0.5627 1.0715e-01    -0.1004   102.5416     7.0691     7.3239    34.0884    34.0895    27.2462    27.2475    7.69646 0.0000e+00
       5472    173.940     1.9372     1.9317   3.007750   3.007310     2.0310     2.4466      8.038     0.7616    -0.5627 1.0715e-01    -0.1004   102.5416     7.0693     7.3209    34.0901    34.0906    27.2475    27.2483    7.69615 0.0000e+00
       5475    174.047     1.9381     1.9329   3.007922   3.007509     2.0306     2.4466      8.038     0.7616    -0.6022 1.0715e-01    -0.0993   102.5145     7.0658     7.3179    34.0913    34.0917    27.2484    27.2491    7.69592 0.0000e+00
       5478    174.153     1.9382     1.9335   3.007975   3.007605     2.0314     2.4454      8.038     0.7616    -0.5627 1.0715e-01    -0.0983   102.4874     7.0693     7.3123    34.0918    34.0923    27.2488    27.2495    7.69587 0.0000e+00
       5481    174.258     1.9382     1.9335   3.007999   3.007603     2.0298     2.4466      8.038     0.7616    -0.3653 1.0715e-01    -0.0983   102.4874     7.0624     7.3157    34.0920    34.0921    27.2490    27.2494    7.69586 0.0000e+00
       5484    174.364     1.9383     1.9333   3.008018   3.007642     2.0302     2.4458      8.038     0.7616    -0.3258 1.0727e-01    -0.0983   102.4874     7.0627     7.3128    34.0921    34.0927    27.2490    27.2499    7.69584 0.0000e+00
       5487    174.474     1.9385     1.9333   3.008079   3.007730     2.0306     2.4441      8.038     0.7510    -0.3258 1.0715e-01    -0.0983   102.4874     7.0657     7.3065    34.0926    34.0938    27.2494    27.2508    7.69577 0.0000e+00
       5490    174.583     1.9386     1.9330   3.008090   3.007723     2.0298     2.4441      8.038     0.7405    -0.3258 1.0715e-01    -0.0983   102.4874     7.0611     7.3071    34.0926    34.0940    27.2494    27.2509    7.69575 0.0000e+00
       5493    174.690     1.9374     1.9323   3.008104   3.007738     2.0294     2.4445      8.038     0.7616    -0.3258 1.0727e-01    -0.0979   102.4783     7.0586     7.3070    34.0939    34.0948    27.2506    27.2517    7.69591 0.0000e+00
       5496    174.804     1.9365     1.9317   3.008079   3.007734     2.0298     2.4429      8.038     0.7510    -0.3258 1.0715e-01    -0.1011   102.5597     7.0620     7.3005    34.0945    34.0954    27.2511    27.2522    7.69606 0.0000e+00
       5499    174.918     1.9359     1.9308   3.008075   3.007714     2.0294     2.4421      8.038     0.7510    -0.3653 1.0715e-01    -0.1025   102.5959     7.0584     7.2984    34.0951    34.0960    27.2516    27.2528    7.69616 0.0000e+00
       5502    175.036     1.9352     1.9301   3.008068   3.007697     2.0294     2.4425      8.038     0.7722    -0.3258 1.0715e-01    -0.1018   102.5778     7.0576     7.3011    34.0957    34.0965    27.2521    27.2532    7.69626 0.0000e+00
       5505    175.158     1.9345     1.9298   3.008036   3.007685     2.0286     2.4421      8.036     0.7616    -0.0495 1.0727e-01    -0.1018   102.5778     7.0524     7.2988    34.0960    34.0966    27.2524    27.2533    7.69639 0.0000e+00
       5508    175.280     1.9341     1.9294   3.008020   3.007672     2.0286     2.4421      8.038     0.7616     0.5032 1.0715e-01    -0.1015   102.5687     7.0501     7.3003    34.0962    34.0968    27.2526    27.2535    7.69646 0.0000e+00
       5511    175.406     1.9339     1.9288   3.008025   3.007673     2.0290     2.4421      8.036     0.7510     0.5032 1.0715e-01    -0.1018   102.5778     7.0518     7.3021    34.0964    34.0974    27.2528    27.2540    7.69649 0.0000e+00
       5514    175.534     1.9337     1.9287   3.007978   3.007661     2.0269     2.4413      8.038     0.7616     0.5032 1.0715e-01    -0.1015   102.5687     7.0433     7.2984    34.0959    34.0973    27.2524    27.2539    7.69654 0.0000e+00
       5517    175.665     1.9328     1.9284   3.007936   3.007630     2.0282     2.4401      8.036     0.7616     0.5032 1.0715e-01    -0.1004   102.5416     7.0480     7.2955    34.0962    34.0971    27.2528    27.2538    7.69670 0.0000e+00
       5520    175.803     1.9321     1.9276   3.007929   3.007602     2.0282     2.4405      8.036     0.7722     0.5032 1.0715e-01    -0.1000   102.5326     7.0478     7.2991    34.0968    34.0975    27.2533    27.2542    7.69681 0.0000e+00
       5523    175.937     1.9319     1.9274   3.007933   3.007600     2.0269     2.4401      8.035     0.7510     0.5032 1.0715e-01    -0.1004   102.5416     7.0423     7.2967    34.0970    34.0977    27.2535    27.2544    7.69685 0.0000e+00
       5526    176.074     1.9322     1.9272   3.007946   3.007594     2.0269     2.4397      8.038     0.7828     0.5032 1.0727e-01    -0.1000   102.5326     7.0437     7.2962    34.0968    34.0978    27.2533    27.2545    7.69680 0.0000e+00
