Datasets/AZMP/TEL210/tel210_2020_055.cnv
* Sea-Bird SBE 9 Data File:
* FileName = C:\CTDDATA\tel210_2020_055.hex
* Software Version Seasave V 7.26.7.110
* Temperature SN = 1697
* Conductivity SN = 4216
* Number of Bytes Per Scan = 30
* Number of Voltage Words = 4
* Number of Scans Averaged by the Deck Unit = 1
* NMEA baud rate = 4800
** VESSEL/TRIP/SEQ STN:  tel210_2020_055
** LATITUDE XX XX.XX: 48 55.00 N
** LONGITUDE XX XX.XX: 052 24.00 W
** SOUNDING DEPTH (M): 0350
** PROBE TYPE: S1146
** CTD NUMBER: 045
** COMMENTS (14 CHAR): BB-04
** BOTTLES:  10
** LEVELS: 5,10,20,30,40,50,75,100,150,BTM
** STICKERS: 436086 - 436095
** VNET: Y
** DO2: N
# nquan = 22
# nvalues = 7568                        
# units = specified
# name 0 = scan: Scan Count
# name 1 = prDM: Pressure, Digiquartz [db]
# name 2 = t090C: Temperature [ITS-90, deg C]
# name 3 = t190C: Temperature, 2 [ITS-90, deg C]
# name 4 = c0S/m: Conductivity [S/m]
# name 5 = c1S/m: Conductivity, 2 [S/m]
# name 6 = sbeox0V: Oxygen raw, SBE 43 [V]
# name 7 = sbeox1V: Oxygen raw, SBE 43, 2 [V]
# name 8 = ph: pH
# name 9 = flECO-AFL: Fluorescence, WET Labs ECO-AFL/FL [mg/m^3]
# name 10 = wetCDOM: Fluorescence, WET Labs CDOM [mg/m^3]
# name 11 = par/sat/log: PAR/Logarithmic, Satlantic [umol photons/m^2/sec]
# name 12 = CStarAt0: Beam Attenuation, WET Labs C-Star [1/m]
# name 13 = CStarTr0: Beam Transmission, WET Labs C-Star [%]
# name 14 = sbeox0ML/L: Oxygen, SBE 43 [ml/l], WS = 2
# name 15 = sbeox1ML/L: Oxygen, SBE 43, 2 [ml/l], WS = 2
# name 16 = sal00: Salinity, Practical [PSU]
# name 17 = sal11: Salinity, Practical, 2 [PSU]
# name 18 = sigma-t00: Density [sigma-t, kg/m^3 ]
# name 19 = sigma-t11: Density, 2 [sigma-t, kg/m^3 ]
# name 20 = oxsatML/L: Oxygen Saturation, Weiss [ml/l]
# name 21 = flag: flag
# span 0 =         56,      49283       
# span 1 =      0.695,    345.842       
# span 2 =    -1.3973,    11.8121       
# span 3 =    -1.3985,    11.8079       
# span 4 =   2.623373,   3.626378       
# span 5 =   2.623096,   3.625928       
# span 6 =     1.7262,     2.6318       
# span 7 =     2.0701,     3.2478       
# span 8 =      7.898,      8.285       
# span 9 =     0.6664,     2.8145       
# span 10 =    -2.8130,   482.1870      
# span 11 = 1.0678e-01, 4.3119e+02      
# span 12 =    -0.1463,     0.5448      
# span 13 =    87.2678,   103.7263      
# span 14 =     5.6274,     9.8292      
# span 15 =     5.8803,    10.8064      
# span 16 =    30.6005,    34.5089      
# span 17 =    31.5193,    34.5090      
# span 18 =    23.7163,    27.4908      
# span 19 =    23.9349,    27.4913      
# span 20 =    6.20873,    8.48275      
# span 21 = 0.0000e+00, 0.0000e+00      
# interval = scans: 3                   
# start_time = Jul 21 2020 13:38:00 [System UTC, header]
# bad_flag = -9.990e-29
*END*
[from data line 330]
       1524     30.896     0.6160     0.5948   2.756277   2.754183     2.3997     2.9435      8.256     0.9732     0.0295 9.4336e+00    -0.0557   101.4022     8.9474     9.3253    32.3724    32.3676    25.9546    25.9518    8.05806 0.0000e+00
       1527     30.972     0.6064     0.5876   2.755840   2.753840     2.3985     2.9406      8.256     0.9627     0.0295 9.3359e+00    -0.0539   101.3570     8.9404     9.3118    32.3768    32.3706    25.9587    25.9547    8.05986 0.0000e+00
       1530     31.046     0.5996     0.5836   2.755687   2.753688     2.3968     2.9398      8.256     0.9732     0.0295 9.2499e+00    -0.0536   101.3479     8.9328     9.3053    32.3819    32.3727    25.9631    25.9566    8.06103 0.0000e+00
       1533     31.120     0.5952     0.5823   2.755429   2.753717     2.3968     2.9374      8.251     0.9944     0.0295 9.1754e+00    -0.0536   101.3479     8.9296     9.2937    32.3831    32.3745    25.9643    25.9581    8.06189 0.0000e+00
       1536     31.188     0.5909     0.5804   2.755095   2.753599     2.3952     2.9357      8.251     0.9944     0.5427 9.0804e+00    -0.0536   101.3479     8.9161     9.2857    32.3832    32.3749    25.9646    25.9585    8.06279 0.0000e+00
       1539     31.252     0.5870     0.5777   2.754842   2.753434     2.3952     2.9349      8.251     0.9944     1.4112 8.9968e+00    -0.0536   101.3479     8.9132     9.2811    32.3840    32.3755    25.9655    25.9592    8.06359 0.0000e+00
       1542     31.316     0.5832     0.5742   2.754590   2.753122     2.3940     2.9325      8.251     1.0156     1.3323 8.9346e+00    -0.0536   101.3479     8.9035     9.2682    32.3847    32.3751    25.9663    25.9590    8.06435 0.0000e+00
       1545     31.378     0.5790     0.5694   2.754336   2.752749     2.3928     2.9300      8.251     0.9838     1.3323 8.8626e+00    -0.0529   101.3298     8.8933     9.2530    32.3857    32.3753    25.9673    25.9594    8.06518 0.0000e+00
       1548     31.442     0.5744     0.5634   2.753931   2.752333     2.3911     2.9284      8.251     0.9838     1.3323 8.7810e+00    -0.0475   101.1942     8.8830     9.2448    32.3853    32.3762    25.9673    25.9604    8.06620 0.0000e+00
       1551     31.509     0.5679     0.5564   2.753228   2.751809     2.3920     2.9272      8.251     0.9944     1.3323 8.7304e+00    -0.0471   101.1851     8.8835     9.2359    32.3830    32.3767    25.9657    25.9613    8.06771 0.0000e+00
       1554     31.576     0.5598     0.5477   2.752446   2.751147     2.3911     2.9252      8.251     0.9944     1.3323 8.6500e+00    -0.0471   101.1851     8.8730     9.2225    32.3813    32.3772    25.9648    25.9621    8.06953 0.0000e+00
       1557     31.647     0.5501     0.5383   2.751746   2.750463     2.3883     2.9235      8.251     1.0473     1.3323 8.5902e+00    -0.0471   101.1851     8.8531     9.2117    32.3824    32.3781    25.9662    25.9633    8.07153 0.0000e+00
       1560     31.719     0.5407     0.5279   2.751044   2.749733     2.3867     2.9211      8.250     1.0791     1.3323 8.5013e+00    -0.0471   101.1851     8.8384     9.1943    32.3831    32.3795    25.9673    25.9650    8.07349 0.0000e+00
       1563     31.795     0.5308     0.5164   2.750313   2.748743     2.3859     2.9186      8.250     1.0897     1.9245 8.4133e+00    -0.0471   101.1851     8.8280     9.1790    32.3840    32.3787    25.9685    25.9649    8.07556 0.0000e+00
       1566     31.878     0.5188     0.5023   2.749329   2.747767     2.3842     2.9158      8.247     1.1108     2.2403 8.3551e+00    -0.0457   101.1490     8.8152     9.1642    32.3837    32.3807    25.9689    25.9674    8.07812 0.0000e+00
       1569     31.966     0.5083     0.4959   2.748884   2.747565     2.3834     2.9133      8.247     1.1002     2.2009 8.2686e+00    -0.0439   101.1038     8.8064     9.1463    32.3890    32.3849    25.9737    25.9711    8.08008 0.0000e+00
       1572     32.057     0.5006     0.4900   2.748017   2.746805     2.3818     2.9121      8.247     1.0897     2.1614 8.1736e+00    -0.0439   101.1038     8.7905     9.1364    32.3857    32.3811    25.9715    25.9683    8.08190 0.0000e+00
       1575     32.153     0.4878     0.4741   2.746517   2.745277     2.3802     2.9085      8.244     1.0897     2.1614 8.0797e+00    -0.0439   101.1038     8.7788     9.1214    32.3796    32.3780    25.9673    25.9666    8.08497 0.0000e+00
       1578     32.255     0.4718     0.4576   2.745028   2.743824     2.3785     2.9068      8.242     1.1108     2.2009 7.9776e+00    -0.0439   101.1038     8.7768     9.1169    32.3770    32.3763    25.9660    25.9661    8.08853 0.0000e+00
       1581     32.359     0.4518     0.4317   2.742786   2.741356     2.3769     2.9036      8.239     1.0897     2.1614 7.8858e+00    -0.0439   101.1038     8.7736     9.1096    32.3689    32.3714    25.9604    25.9635    8.09326 0.0000e+00
       1584     32.467     0.4307     0.4083   2.742339   2.740561     2.3749     2.9003      8.236     1.1320     2.2009 7.7862e+00    -0.0439   101.1038     8.7632     9.1010    32.3851    32.3856    25.9747    25.9762    8.09688 0.0000e+00
       1587     32.576     0.4245     0.4128   2.743661   2.742197     2.3732     2.8983      8.235     1.1532     2.1219 7.6967e+00    -0.0407   101.0224     8.7479     9.0886    32.4088    32.4021    25.9940    25.9892    8.09689 0.0000e+00
       1590     32.691     0.4268     0.4225   2.743999   2.742658     2.3716     2.8950      8.233     1.1426    -0.1679 7.5995e+00    -0.0396   100.9952     8.7351     9.0715    32.4107    32.3978    25.9954    25.9853    8.09630 0.0000e+00
       1593     32.805     0.4237     0.4153   2.743006   2.741566     2.3700     2.8926      8.233     1.1743    -0.3258 7.4948e+00    -0.0396   100.9952     8.7230     9.0590    32.4010    32.3911    25.9878    25.9802    8.09751 0.0000e+00
       1596     32.923     0.4106     0.3925   2.741347   2.739726     2.3679     2.8910      8.231     1.1637    -0.3258 7.3830e+00    -0.0396   100.9952     8.7140     9.0554    32.3931    32.3911    25.9821    25.9814    8.10074 0.0000e+00
       1599     33.046     0.3909     0.3685   2.739898   2.738169     2.3667     2.8881      8.228     1.1743    -0.3258 7.2728e+00    -0.0396   100.9952     8.7071     9.0473    32.3949    32.3960    25.9845    25.9866    8.10487 0.0000e+00
       1602     33.165     0.3732     0.3542   2.738961   2.737441     2.3655     2.8861      8.228     1.1637    -0.3258 7.1809e+00    -0.0396   100.9952     8.7013     9.0389    32.4013    32.4015    25.9906    25.9917    8.10832 0.0000e+00
       1605     33.287     0.3602     0.3437   2.738292   2.736625     2.3631     2.8832      8.225     1.1532    -0.3258 7.0574e+00    -0.0396   100.9952     8.6896     9.0264    32.4061    32.4018    25.9952    25.9925    8.11083 0.0000e+00
       1608     33.408     0.3500     0.3338   2.737438   2.736005     2.3610     2.8795      8.223     1.1743    -0.3258 6.9441e+00    -0.0368   100.9229     8.6754     9.0075    32.4057    32.4041    25.9953    25.9949    8.11305 0.0000e+00
       1611     33.532     0.3404     0.3243   2.736843   2.735312     2.3594     2.8775      8.223     1.1955    -0.3258 6.8484e+00    -0.0364   100.9139     8.6649     8.9945    32.4080    32.4050    25.9977    25.9961    8.11499 0.0000e+00
       1614     33.652     0.3262     0.3035   2.734819   2.733208     2.3569     2.8739      8.219     1.1955    -0.3258 6.7619e+00    -0.0364   100.9139     8.6541     8.9815    32.3965    32.3994    25.9891    25.9926    8.11868 0.0000e+00
       1617     33.771     0.3014     0.2694   2.732521   2.730732     2.3549     2.8714      8.219     1.2061    -0.3258 6.6688e+00    -0.0364   100.9139     8.6473     8.9715    32.3926    32.4029    25.9872    25.9971    8.12424 0.0000e+00
       1620     33.891     0.2761     0.2449   2.731151   2.729343     2.3533     2.8677      8.217     1.2061    -0.3258 6.5617e+00    -0.0364   100.9139     8.6393     8.9561    32.4013    32.4106    25.9954    26.0045    8.12920 0.0000e+00
       1623     34.009     0.2548     0.2273   2.729995   2.728315     2.3504     2.8653      8.214     1.1955    -0.3258 6.4713e+00    -0.0368   100.9229     8.6221     8.9469    32.4086    32.4156    26.0024    26.0094    8.13339 0.0000e+00
       1626     34.129     0.2373     0.2135   2.729027   2.727507     2.3492     2.8620      8.209     1.1955    -0.3258 6.3747e+00    -0.0346   100.8687     8.6174     8.9313    32.4143    32.4196    26.0079    26.0133    8.13685 0.0000e+00
       1629     34.242     0.2247     0.2052   2.728644   2.726994     2.3468     2.8584      8.209     1.1743    -0.3258 6.2942e+00    -0.0209   100.5250     8.6086     8.9179    32.4225    32.4215    26.0151    26.0153    8.13912 0.0000e+00
       1632     34.350     0.2165     0.2007   2.728346   2.726738     2.3443     2.8551      8.206     1.1849    -0.3258 6.1860e+00    -0.0209   100.5250     8.5981     8.9062    32.4273    32.4229    26.0194    26.0166    8.14064 0.0000e+00
       1635     34.461     0.2112     0.1992   2.728093   2.726673     2.3427     2.8527      8.205     1.2484    -0.3258 6.0936e+00    -0.0206   100.5159     8.5905     8.8936    32.4295    32.4236    26.0214    26.0172    8.14166 0.0000e+00
       1638     34.567     0.2075     0.1984   2.727840   2.726567     2.3411     2.8498      8.200     1.3013    -0.3258 5.9958e+00    -0.0206   100.5159     8.5822     8.8824    32.4300    32.4230    26.0220    26.0168    8.14243 0.0000e+00
       1641     34.672     0.2044     0.1951   2.727745   2.726294     2.3382     2.8457      8.200     1.3013     0.1479 5.9269e+00    -0.0206   100.5159     8.5654     8.8659    32.4320    32.4229    26.0238    26.0168    8.14300 0.0000e+00
       1644     34.776     0.2021     0.1926   2.727812   2.726309     2.3358     2.8429      8.200     1.2907     0.6217 5.8317e+00    -0.0209   100.5250     8.5530     8.8571    32.4353    32.4256    26.0265    26.0191    8.14331 0.0000e+00
       1647     34.876     0.2016     0.1947   2.728042   2.726804     2.3333     2.8397      8.200     1.3119     0.6217 5.7847e+00    -0.0050   100.1271     8.5409     8.8453    32.4387    32.4299    26.0293    26.0225    8.14322 0.0000e+00
       1650     34.971     0.2009     0.1946   2.727767   2.726553     2.3313     2.8356      8.195     1.3013     0.6217 5.7050e+00     0.0236    99.4127     8.5306     8.8327    32.4358    32.4265    26.0270    26.0198    8.14353 0.0000e+00
       1653     35.067     0.1907     0.1784   2.725955   2.724630     2.3297     2.8340      8.195     1.3013     0.6217 5.6264e+00     0.0221    99.4489     8.5252     8.8343    32.4228    32.4185    26.0170    26.0141    8.14646 0.0000e+00
       1656     35.160     0.1726     0.1492   2.723893   2.722023     2.3276     2.8303      8.195     1.3013     0.6217 5.5682e+00     0.0228    99.4308     8.5161     8.8287    32.4149    32.4151    26.0115    26.0128    8.15083 0.0000e+00
       1659     35.255     0.1485     0.1173   2.721869   2.719778     2.3256     2.8266      8.193     1.3013     0.6217 5.5105e+00     0.0225    99.4398     8.5103     8.8218    32.4138    32.4194    26.0118    26.0178    8.15612 0.0000e+00
       1662     35.351     0.1251     0.0936   2.720254   2.718343     2.3224     2.8238      8.190     1.5870     0.6217 5.4535e+00     0.0221    99.4489     8.5019     8.8216    32.4173    32.4255    26.0157    26.0238    8.16099 0.0000e+00
       1665     35.442     0.1037     0.0748   2.718859   2.716987     2.3207     2.8209      8.191     1.7140     0.6217 5.3783e+00     0.0221    99.4489     8.5000     8.8196    32.4216    32.4276    26.0202    26.0264    8.16540 0.0000e+00
       1668     35.537     0.0861     0.0600   2.718000   2.716104     2.3183     2.8185      8.191     1.7140     2.1613 5.3227e+00     0.0587    98.5446     8.4929     8.8177    32.4289    32.4316    26.0269    26.0303    8.16883 0.0000e+00
       1671     35.628     0.0743     0.0535   2.717597   2.715870     2.3171     2.8152      8.186     1.7034     2.5562 5.2676e+00     0.0811    97.9929     8.4890     8.8096    32.4360    32.4354    26.0332    26.0336    8.17099 0.0000e+00
       1674     35.726     0.0616     0.0442   2.715707   2.714434     2.3138     2.8124      8.186     1.6929     2.5167 5.1950e+00     0.0804    98.0110     8.4755     8.8022    32.4246    32.4263    26.0245    26.0268    8.17439 0.0000e+00
       1677     35.825     0.0384     0.0094   2.712832   2.710936     2.3114     2.8095      8.186     1.7140     2.5167 5.1412e+00     0.0804    98.0110     8.4730     8.8024    32.4113    32.4171    26.0149    26.0209    8.18020 0.0000e+00
       1680     35.926     0.0090    -0.0265   2.710484   2.708746     2.3089     2.8059      8.184     1.7246     2.5167 5.0704e+00     0.0804    98.0110     8.4711     8.8014    32.4115    32.4263    26.0164    26.0300    8.18660 0.0000e+00
       1683     36.030    -0.0167    -0.0457   2.709256   2.707542     2.3077     2.8030      8.181     1.7246     2.5167 5.0179e+00     0.0804    98.0110     8.4755     8.7990    32.4225    32.4307    26.0265    26.0345    8.19160 0.0000e+00
       1686     36.136    -0.0363    -0.0619   2.708197   2.706371     2.3049     2.8010      8.181     1.7246     2.5562 4.9545e+00     0.0804    98.0110     8.4688     8.7985    32.4293    32.4324    26.0328    26.0365    8.19549 0.0000e+00
       1689     36.243    -0.0494    -0.0694   2.707913   2.706271     2.3028     2.7981      8.177     2.3913     2.5167 4.8806e+00     0.0892    97.7939     8.4609     8.7923    32.4394    32.4390    26.0417    26.0421    8.19781 0.0000e+00
       1692     36.353    -0.0570    -0.0717   2.707741   2.706138     2.3008     2.7957      8.177     2.4336     2.3983 4.8078e+00     0.0903    97.7668     8.4530     8.7866    32.4452    32.4396    26.0466    26.0428    8.19915 0.0000e+00
       1695     36.466    -0.0611    -0.0710   2.708071   2.706529     2.2987     2.7912      8.177     2.4336     1.2534 4.7581e+00     0.0896    97.7849     8.4419     8.7726    32.4538    32.4440    26.0538    26.0463    8.19956 0.0000e+00
       1698     36.581    -0.0609    -0.0673   2.708365   2.707007     2.2967     2.7896      8.177     2.4230     1.2139 4.6817e+00     0.0896    97.7849     8.4346     8.7706    32.4574    32.4463    26.0566    26.0480    8.19930 0.0000e+00
       1701     36.699    -0.0612    -0.0668   2.708047   2.706793     2.2951     2.7863      8.174     2.4336     1.2139 4.5799e+00     0.0903    97.7668     8.4309     8.7632    32.4534    32.4429    26.0535    26.0452    8.19959 0.0000e+00
       1704     36.818    -0.0685    -0.0796   2.706800   2.705480     2.2926     2.7847      8.172     2.4336     1.2139 4.5116e+00     0.0903    97.7668     8.4218     8.7631    32.4447    32.4390    26.0468    26.0427    8.20169 0.0000e+00
       1707     36.937    -0.0773    -0.0908   2.706225   2.704837     2.2906     2.7818      8.172     2.4230     1.2139 4.4495e+00     0.0874    97.8392     8.4172     8.7556    32.4464    32.4424    26.0485    26.0459    8.20352 0.0000e+00
       1710     37.059    -0.0856    -0.1000   2.705627   2.704054     2.2882     2.7794      8.172     2.4336     1.2139 4.3831e+00     0.0730    98.1919     8.4147     8.7527    32.4472    32.4417    26.0496    26.0458    8.20529 0.0000e+00
       1713     37.182    -0.0948    -0.1104   2.704776   2.703214     2.2861     2.7766      8.167     2.4759     1.2139 4.3277e+00     0.0737    98.1738     8.4104     8.7496    32.4457    32.4416    26.0488    26.0461    8.20740 0.0000e+00
       1716     37.304    -0.1049    -0.1213   2.704014   2.702438     2.2833     2.7737      8.170     2.6029     1.2139 4.2631e+00     0.0737    98.1738     8.4038     8.7462    32.4463    32.4429    26.0497    26.0477    8.20957 0.0000e+00
