Datasets/AZMP/TEL210/tel210_2020_023.cnv
* Sea-Bird SBE 9 Data File:
* FileName = C:\CTDDATA\tel210_2020_023.hex
* Software Version Seasave V 7.26.7.110
* Temperature SN = 1697
* Conductivity SN = 4216
* Number of Bytes Per Scan = 30
* Number of Voltage Words = 4
* Number of Scans Averaged by the Deck Unit = 1
* NMEA baud rate = 4800
** VESSEL/TRIP/SEQ STN:  tel210_2020_023
** LATITUDE XX XX.XX: 47 00.00 N
** LONGITUDE XX XX.XX: 046 01.00 W
** SOUNDING DEPTH (M): 0304
** PROBE TYPE: S1146
** CTD NUMBER: 022
** COMMENTS (14 CHAR): FC-21
** BOTTLES:  11
** LEVELS: 5,10,20,30,40,50,75,100,150,250,BTM
** STICKERS: 435891 - 435901
** VNET: Y
** DO2: N
# nquan = 22
# nvalues = 7106                        
# units = specified
# name 0 = scan: Scan Count
# name 1 = prDM: Pressure, Digiquartz [db]
# name 2 = t090C: Temperature [ITS-90, deg C]
# name 3 = t190C: Temperature, 2 [ITS-90, deg C]
# name 4 = c0S/m: Conductivity [S/m]
# name 5 = c1S/m: Conductivity, 2 [S/m]
# name 6 = sbeox0V: Oxygen raw, SBE 43 [V]
# name 7 = sbeox1V: Oxygen raw, SBE 43, 2 [V]
# name 8 = ph: pH
# name 9 = flECO-AFL: Fluorescence, WET Labs ECO-AFL/FL [mg/m^3]
# name 10 = wetCDOM: Fluorescence, WET Labs CDOM [mg/m^3]
# name 11 = par/sat/log: PAR/Logarithmic, Satlantic [umol photons/m^2/sec]
# name 12 = CStarAt0: Beam Attenuation, WET Labs C-Star [1/m]
# name 13 = CStarTr0: Beam Transmission, WET Labs C-Star [%]
# name 14 = sbeox0ML/L: Oxygen, SBE 43 [ml/l], WS = 2
# name 15 = sbeox1ML/L: Oxygen, SBE 43, 2 [ml/l], WS = 2
# name 16 = sal00: Salinity, Practical [PSU]
# name 17 = sal11: Salinity, Practical, 2 [PSU]
# name 18 = sigma-t00: Density [sigma-t, kg/m^3 ]
# name 19 = sigma-t11: Density, 2 [sigma-t, kg/m^3 ]
# name 20 = oxsatML/L: Oxygen Saturation, Weiss [ml/l]
# name 21 = flag: flag
# span 0 =        116,      55454       
# span 1 =      1.198,    303.934       
# span 2 =     2.9868,    11.6926       
# span 3 =     2.9800,    11.6760       
# span 4 =   3.115256,   3.808864       
# span 5 =   3.114614,   3.807250       
# span 6 =     1.8197,     2.4561       
# span 7 =     2.1886,     2.9965       
# span 8 =      7.945,      8.211       
# span 9 =    -0.6325,     5.3300       
# span 10 =    -2.8130,   482.1870      
# span 11 = 1.0703e-01, 3.0410e+02      
# span 12 =    -0.1299,     0.2172      
# span 13 =    94.7374,   103.3012      
# span 14 =     5.8495,     7.8230      
# span 15 =     6.1008,     8.1880      
# span 16 =    33.3829,    34.8779      
# span 17 =    33.3791,    34.8770      
# span 18 =    25.3996,    27.6942      
# span 19 =    25.3973,    27.6942      
# span 20 =    6.15186,    7.48168      
# span 21 = 0.0000e+00, 0.0000e+00      
# interval = scans: 3                   
# start_time = Jul 17 2020 18:04:17 [System UTC, header]
# bad_flag = -9.990e-29
*END*
[from data line 3951]
      17143    264.163     3.9319     3.9282   3.249940   3.249608     1.8557     2.2339      7.969    -0.5816     8.2017 1.0727e-01    -0.1162   102.9486     6.0489     6.3238    34.8638    34.8637    27.6850    27.6852    7.28244 0.0000e+00
      17146    264.053     3.9323     3.9293   3.250054   3.249762     1.8553     2.2348      7.969    -0.5816     8.2017 1.0727e-01    -0.1162   102.9486     6.0470     6.3234    34.8648    34.8644    27.6856    27.6857    7.28232 0.0000e+00
      17149    263.947     3.9324     3.9300   3.250001   3.249817     1.8565     2.2352      7.969    -0.5816     6.8594 1.0715e-01    -0.1169   102.9667     6.0518     6.3208    34.8640    34.8644    27.6851    27.6857    7.28233 0.0000e+00
      17152    263.843     3.9325     3.9304   3.250008   3.249871     1.8573     2.2356      7.969    -0.5816     2.2798 1.0715e-01    -0.1173   102.9757     6.0538     6.3162    34.8641    34.8647    27.6851    27.6859    7.28231 0.0000e+00
      17155    263.744     3.9332     3.9303   3.250084   3.249893     1.8577     2.2368      7.969    -0.5816     2.3982 1.0715e-01    -0.1173   102.9757     6.0523     6.3162    34.8643    34.8651    27.6852    27.6861    7.28218 0.0000e+00
      17158    263.647     3.9328     3.9302   3.250013   3.249841     1.8577     2.2376      7.969    -0.5816     2.3982 1.0715e-01    -0.1173   102.9757     6.0522     6.3171    34.8639    34.8646    27.6849    27.6858    7.28227 0.0000e+00
      17161    263.554     3.9325     3.9288   3.249989   3.249573     1.8581     2.2376      7.969    -0.5918     2.3982 1.0715e-01    -0.1173   102.9757     6.0508     6.3160    34.8640    34.8630    27.6851    27.6847    7.28232 0.0000e+00
      17164    263.465     3.9337     3.9280   3.250153   3.249434     1.8589     2.2376      7.969    -0.5918     2.3982 1.0715e-01    -0.1173   102.9757     6.0530     6.3136    34.8648    34.8623    27.6856    27.6842    7.28208 0.0000e+00
      17167    263.376     3.9338     3.9279   3.250228   3.249501     1.8593     2.2388      7.969    -0.5816     2.3982 1.0715e-01    -0.1169   102.9667     6.0551     6.3162    34.8656    34.8632    27.6862    27.6848    7.28202 0.0000e+00
      17170    263.289     3.9338     3.9287   3.250238   3.249584     1.8593     2.2388      7.969    -0.5816     2.3982 1.0727e-01    -0.1183   103.0028     6.0539     6.3133    34.8657    34.8634    27.6863    27.6850    7.28200 0.0000e+00
      17173    263.206     3.9343     3.9292   3.250289   3.249694     1.8602     2.2396      7.969    -0.5816     2.3982 1.0715e-01    -0.1190   103.0209     6.0566     6.3162    34.8658    34.8642    27.6863    27.6856    7.28191 0.0000e+00
      17176    263.126     3.9343     3.9293   3.250301   3.249658     1.8602     2.2392      7.969    -0.5816     5.3591 1.0715e-01    -0.1183   103.0028     6.0565     6.3139    34.8661    34.8637    27.6865    27.6851    7.28190 0.0000e+00
      17179    263.045     3.9328     3.9289   3.249944   3.249585     1.8606     2.2400      7.969    -0.5816     8.3596 1.0727e-01    -0.1183   103.0028     6.0587     6.3158    34.8635    34.8633    27.6846    27.6848    7.28230 0.0000e+00
      17182    262.968     3.9312     3.9287   3.249770   3.249545     1.8614     2.2413      7.969    -0.5816     8.2017 1.0727e-01    -0.1183   103.0028     6.0614     6.3221    34.8631    34.8630    27.6845    27.6847    7.28260 0.0000e+00
      17185    262.895     3.9309     3.9285   3.249785   3.249527     1.8614     2.2421      7.970    -0.6019     8.2017 1.0715e-01    -0.1183   103.0028     6.0608     6.3273    34.8636    34.8631    27.6849    27.6847    7.28263 0.0000e+00
      17188    262.821     3.9319     3.9284   3.249927   3.249483     1.8626     2.2413      7.969    -0.5918     8.2017 1.0715e-01    -0.1187   103.0118     6.0654     6.3243    34.8643    34.8627    27.6853    27.6844    7.28241 0.0000e+00
      17191    262.751     3.9316     3.9280   3.249894   3.249416     1.8622     2.2421      7.969    -0.5714     8.2017 1.0715e-01    -0.1194   103.0299     6.0633     6.3273    34.8642    34.8624    27.6853    27.6843    7.28247 0.0000e+00
      17194    262.685     3.9318     3.9282   3.249849   3.249438     1.8630     2.2421      7.969    -0.5816     8.2017 1.0715e-01    -0.1194   103.0299     6.0669     6.3279    34.8636    34.8625    27.6848    27.6843    7.28247 0.0000e+00
      17197    262.621     3.9309     3.9282   3.249714   3.249438     1.8638     2.2437      7.972    -0.5714     8.2017 1.0715e-01    -0.1194   103.0299     6.0720     6.3350    34.8630    34.8626    27.6844    27.6843    7.28266 0.0000e+00
      17200    262.557     3.9307     3.9280   3.249743   3.249423     1.8638     2.2437      7.970    -0.5714     8.2017 1.0715e-01    -0.1194   103.0299     6.0719     6.3364    34.8636    34.8626    27.6849    27.6844    7.28267 0.0000e+00
      17203    262.492     3.9318     3.9281   3.249899   3.249426     1.8638     2.2441      7.970    -0.5816   378.1597 1.0715e-01    -0.1194   103.0299     6.0701     6.3373    34.8643    34.8625    27.6854    27.6843    7.28244 0.0000e+00
      17206    262.429     3.9324     3.9279   3.249897   3.249333     1.8642     2.2449      7.973    -0.5714   481.9896 1.0715e-01    -0.1194   103.0299     6.0703     6.3395    34.8636    34.8617    27.6847    27.6837    7.28235 0.0000e+00
      17209    262.366     3.9317     3.9268   3.249772   3.249223     1.8651     2.2458      7.973    -0.5714   480.9631 1.0727e-01    -0.1190   103.0209     6.0745     6.3436    34.8630    34.8616    27.6843    27.6837    7.28252 0.0000e+00
      17212    262.305     3.9311     3.9266   3.249704   3.249204     1.8651     2.2458      7.972    -0.5918   481.2790 1.0715e-01    -0.1205   103.0571     6.0752     6.3434    34.8628    34.8617    27.6843    27.6838    7.28264 0.0000e+00
      17215    262.241     3.9315     3.9265   3.249722   3.249153     1.8659     2.2462      7.972    -0.5918   481.2790 1.0727e-01    -0.1201   103.0480     6.0787     6.3432    34.8626    34.8612    27.6841    27.6834    7.28257 0.0000e+00
      17218    262.179     3.9314     3.9262   3.249747   3.249142     1.8659     2.2470      7.970    -0.5816   481.2790 1.0715e-01    -0.1198   103.0390     6.0768     6.3457    34.8630    34.8614    27.6844    27.6836    7.28257 0.0000e+00
      17221    262.115     3.9317     3.9264   3.249768   3.249147     1.8675     2.2478      7.969    -0.5714   481.3579 1.0715e-01    -0.1198   103.0390     6.0823     6.3491    34.8630    34.8612    27.6843    27.6835    7.28251 0.0000e+00
      17224    262.045     3.9316     3.9261   3.249738   3.249087     1.8667     2.2486      7.970    -0.5816   481.3184 1.0715e-01    -0.1194   103.0299     6.0796     6.3532    34.8628    34.8609    27.6842    27.6832    7.28254 0.0000e+00
      17227    261.970     3.9317     3.9263   3.249727   3.249118     1.8671     2.2486      7.972    -0.5816   434.7727 1.0715e-01    -0.1198   103.0390     6.0787     6.3520    34.8626    34.8611    27.6840    27.6834    7.28254 0.0000e+00
      17230    261.893     3.9316     3.9265   3.249689   3.249165     1.8671     2.2486      7.972    -0.5816    21.8614 1.0715e-01    -0.1205   103.0571     6.0779     6.3523    34.8624    34.8615    27.6839    27.6837    7.28257 0.0000e+00
      17233    261.814     3.9318     3.9269   3.249685   3.249232     1.8687     2.2494      7.969    -0.5918     5.7145 1.0715e-01    -0.1205   103.0571     6.0866     6.3577    34.8620    34.8619    27.6836    27.6840    7.28254 0.0000e+00
      17236    261.732     3.9320     3.9276   3.249693   3.249254     1.8687     2.2490      7.970    -0.5816     7.0963 1.0715e-01    -0.1201   103.0480     6.0873     6.3570    34.8620    34.8614    27.6836    27.6835    7.28251 0.0000e+00
      17239    261.646     3.9321     3.9276   3.249678   3.249176     1.8687     2.2507      7.970    -0.5714     7.0568 1.0715e-01    -0.1205   103.0571     6.0863     6.3645    34.8618    34.8606    27.6834    27.6828    7.28251 0.0000e+00
      17242    261.559     3.9323     3.9275   3.249705   3.249158     1.8687     2.2511      7.973    -0.5816     7.0173 1.0727e-01    -0.1205   103.0571     6.0878     6.3655    34.8619    34.8605    27.6834    27.6828    7.28246 0.0000e+00
      17245    261.463     3.9329     3.9278   3.249765   3.249168     1.8691     2.2523      7.972    -0.5714     7.0173 1.0727e-01    -0.1205   103.0571     6.0905     6.3680    34.8620    34.8604    27.6835    27.6827    7.28234 0.0000e+00
      17248    261.364     3.9336     3.9282   3.249788   3.249186     1.8699     2.2523      7.970    -0.5816     7.0173 1.0715e-01    -0.1198   103.0390     6.0939     6.3701    34.8616    34.8602    27.6831    27.6825    7.28224 0.0000e+00
      17251    261.260     3.9338     3.9287   3.249801   3.249239     1.8691     2.2523      7.972    -0.5816     7.0173 1.0715e-01    -0.1194   103.0299     6.0910     6.3735    34.8617    34.8604    27.6831    27.6826    7.28220 0.0000e+00
      17254    261.158     3.9340     3.9291   3.249838   3.249272     1.8712     2.2539      7.972    -0.5714     5.5566 1.0715e-01    -0.1194   103.0299     6.0992     6.3802    34.8619    34.8604    27.6832    27.6826    7.28215 0.0000e+00
      17257    261.048     3.9342     3.9288   3.249819   3.249241     1.8716     2.2547      7.972    -0.5714     2.4377 1.0715e-01    -0.1194   103.0299     6.1010     6.3819    34.8616    34.8604    27.6829    27.6825    7.28214 0.0000e+00
      17260    260.931     3.9336     3.9286   3.249719   3.249250     1.8716     2.2547      7.973    -0.5918     2.5167 1.0715e-01    -0.1194   103.0299     6.1019     6.3799    34.8611    34.8607    27.6826    27.6829    7.28227 0.0000e+00
      17263    260.813     3.9328     3.9286   3.249632   3.249217     1.8720     2.2560      7.973    -0.5816     2.5167 1.0727e-01    -0.1194   103.0299     6.1030     6.3821    34.8610    34.8605    27.6826    27.6827    7.28242 0.0000e+00
      17266    260.689     3.9318     3.9285   3.249535   3.249167     1.8728     2.2551      7.973    -0.5714     2.5167 1.0740e-01    -0.1194   103.0299     6.1066     6.3800    34.8609    34.8600    27.6827    27.6823    7.28259 0.0000e+00
      17269    260.566     3.9322     3.9281   3.249572   3.249125     1.8728     2.2556      7.973    -0.5918     2.5167 1.0715e-01    -0.1194   103.0299     6.1046     6.3809    34.8610    34.8600    27.6827    27.6823    7.28253 0.0000e+00
      17272    260.441     3.9314     3.9278   3.249490   3.249099     1.8724     2.2576      7.972    -0.5816     2.5167 1.0715e-01    -0.1205   103.0571     6.1029     6.3879    34.8609    34.8602    27.6827    27.6825    7.28266 0.0000e+00
      17275    260.313     3.9312     3.9270   3.249409   3.248976     1.8736     2.2584      7.973    -0.5816     2.5167 1.0727e-01    -0.1201   103.0480     6.1060     6.3901    34.8603    34.8596    27.6822    27.6821    7.28274 0.0000e+00
      17278    260.185     3.9308     3.9264   3.249420   3.248872     1.8736     2.2584      7.973    -0.5918     2.5167 1.0727e-01    -0.1201   103.0480     6.1032     6.3883    34.8608    34.8591    27.6827    27.6818    7.28278 0.0000e+00
      17281    260.057     3.9314     3.9269   3.249473   3.248959     1.8744     2.2584      7.973    -0.5816     3.6221 1.0715e-01    -0.1198   103.0390     6.1084     6.3894    34.8609    34.8596    27.6827    27.6821    7.28267 0.0000e+00
      17284    259.930     3.9320     3.9290   3.249513   3.249124     1.8740     2.2584      7.973    -0.5816     4.2932 1.0740e-01    -0.1198   103.0390     6.1069     6.3890    34.8608    34.8594    27.6826    27.6817    7.28256 0.0000e+00
      17287    259.805     3.9329     3.9315   3.249575   3.249348     1.8744     2.2605      7.973    -0.5816     4.2932 1.0715e-01    -0.1198   103.0390     6.1063     6.3963    34.8607    34.8595    27.6824    27.6816    7.28241 0.0000e+00
      17290    259.681     3.9334     3.9350   3.249657   3.249602     1.8757     2.2605      7.973    -0.6223     4.2932 1.0715e-01    -0.1205   103.0571     6.1120     6.3964    34.8611    34.8588    27.6827    27.6807    7.28229 0.0000e+00
      17293    259.560     3.9361     3.9375   3.249814   3.249757     1.8757     2.2609      7.973    -0.6121     4.2932 1.0715e-01    -0.1205   103.0571     6.1109     6.3947    34.8602    34.8581    27.6817    27.6798    7.28185 0.0000e+00
      17296    259.443     3.9381     3.9390   3.250018   3.249882     1.8761     2.2613      7.973    -0.6121     4.2932 1.0715e-01    -0.1205   103.0571     6.1091     6.3927    34.8607    34.8581    27.6818    27.6797    7.28148 0.0000e+00
      17299    259.327     3.9408     3.9412   3.250229   3.250079     1.8761     2.2621      7.973    -0.6223     4.2932 1.0715e-01    -0.1205   103.0571     6.1068     6.3954    34.8604    34.8581    27.6813    27.6795    7.28102 0.0000e+00
      17302    259.213     3.9421     3.9446   3.250266   3.250400     1.8765     2.2625      7.973    -0.6019     4.2932 1.0715e-01    -0.1208   103.0661     6.1082     6.3963    34.8595    34.8584    27.6805    27.6794    7.28083 0.0000e+00
      17305    259.106     3.9455     3.9448   3.250637   3.250309     1.8773     2.2633      7.973    -0.6121     4.2932 1.0715e-01    -0.1205   103.0571     6.1102     6.3955    34.8603    34.8572    27.6808    27.6784    7.28017 0.0000e+00
      17308    258.998     3.9465     3.9427   3.250701   3.250143     1.8769     2.2633      7.973    -0.6223     4.9249 1.0715e-01    -0.1205   103.0571     6.1053     6.3920    34.8601    34.8575    27.6805    27.6788    7.28000 0.0000e+00
      17311    258.893     3.9498     3.9418   3.250966   3.250123     1.8773     2.2645      7.973    -0.6121     5.0038 1.0715e-01    -0.1212   103.0752     6.1026     6.3930    34.8598    34.8583    27.6799    27.6795    7.27943 0.0000e+00
      17314    258.793     3.9486     3.9497   3.250799   3.251073     1.8781     2.2649      7.973    -0.6121     5.0038 1.0727e-01    -0.1215   103.0842     6.1049     6.3926    34.8590    34.8612    27.6795    27.6811    7.27967 0.0000e+00
      17317    258.694     3.9504     3.9545   3.251391   3.251173     1.8773     2.2649      7.973    -0.5816     5.0038 1.0740e-01    -0.1215   103.0842     6.1006     6.3874    34.8643    34.8574    27.6834    27.6775    7.27910 0.0000e+00
      17320    258.601     3.9609     3.9522   3.251767   3.250974     1.8777     2.2649      7.973    -0.5918     5.0038 1.0715e-01    -0.1215   103.0842     6.0991     6.3843    34.8577    34.8575    27.6770    27.6778    7.27754 0.0000e+00
      17323    258.508     3.9505     3.9511   3.250889   3.250806     1.8781     2.2657      7.973    -0.5816     5.0038 1.0740e-01    -0.1215   103.0842     6.1016     6.3847    34.8583    34.8567    27.6787    27.6773    7.27937 0.0000e+00
      17326    258.429     3.9561     3.9462   3.251868   3.250388     1.8789     2.2657      7.973    -0.5816     5.0038 1.0715e-01    -0.1215   103.0842     6.1021     6.3822    34.8641    34.8569    27.6827    27.6780    7.27809 0.0000e+00
      17329    258.353     3.9605     3.9424   3.251863   3.250312     1.8789     2.2657      7.973    -0.5918     5.0038 1.0715e-01    -0.1219   103.0932     6.1008     6.3800    34.8594    34.8601    27.6785    27.6809    7.27753 0.0000e+00
      17332    258.277     3.9550     3.9392   3.251179   3.249979     1.8781     2.2657      7.973    -0.5714     4.0958 1.0715e-01    -0.1226   103.1113     6.0998     6.3782    34.8571    34.8596    27.6773    27.6809    7.27863 0.0000e+00
      17335    258.204     3.9485     3.9392   3.250920   3.250019     1.8785     2.2670      7.973    -0.5714    -0.3653 1.0727e-01    -0.1219   103.0932     6.1002     6.3815    34.8609    34.8601    27.6809    27.6813    7.27960 0.0000e+00
