Datasets/AZMP/TEL210/tel210_2020_015.cnv
* Sea-Bird SBE 9 Data File:
* FileName = C:\CTDDATA\tel210_2020_015.hex
* Software Version Seasave V 7.26.7.110
* Temperature SN = 1697
* Conductivity SN = 4216
* Number of Bytes Per Scan = 30
* Number of Voltage Words = 4
* Number of Scans Averaged by the Deck Unit = 1
* NMEA baud rate = 4800
** VESSEL/TRIP/SEQ STN:  tel210_2020_015
** LATITUDE XX XX.XX: 47 00.00 N
** LONGITUDE XX XX.XX: 047 49.00 W
** SOUNDING DEPTH (M): 0167
** PROBE TYPE: S1146
** CTD NUMBER: 014
** COMMENTS (14 CHAR): FC-13
** BOTTLES:  10
** LEVELS: 5,10,20,30,40,50,70,100,150,BTM
** STICKERS: 435828 - 435837
** VNET: Y
** DO2: N
# nquan = 22
# nvalues = 3385                        
# units = specified
# name 0 = scan: Scan Count
# name 1 = prDM: Pressure, Digiquartz [db]
# name 2 = t090C: Temperature [ITS-90, deg C]
# name 3 = t190C: Temperature, 2 [ITS-90, deg C]
# name 4 = c0S/m: Conductivity [S/m]
# name 5 = c1S/m: Conductivity, 2 [S/m]
# name 6 = sbeox0V: Oxygen raw, SBE 43 [V]
# name 7 = sbeox1V: Oxygen raw, SBE 43, 2 [V]
# name 8 = ph: pH
# name 9 = flECO-AFL: Fluorescence, WET Labs ECO-AFL/FL [mg/m^3]
# name 10 = wetCDOM: Fluorescence, WET Labs CDOM [mg/m^3]
# name 11 = par/sat/log: PAR/Logarithmic, Satlantic [umol photons/m^2/sec]
# name 12 = CStarAt0: Beam Attenuation, WET Labs C-Star [1/m]
# name 13 = CStarTr0: Beam Transmission, WET Labs C-Star [%]
# name 14 = sbeox0ML/L: Oxygen, SBE 43 [ml/l], WS = 2
# name 15 = sbeox1ML/L: Oxygen, SBE 43, 2 [ml/l], WS = 2
# name 16 = sal00: Salinity, Practical [PSU]
# name 17 = sal11: Salinity, Practical, 2 [PSU]
# name 18 = sigma-t00: Density [sigma-t, kg/m^3 ]
# name 19 = sigma-t11: Density, 2 [sigma-t, kg/m^3 ]
# name 20 = oxsatML/L: Oxygen Saturation, Weiss [ml/l]
# name 21 = flag: flag
# span 0 =          2,      41745       
# span 1 =      0.487,    164.982       
# span 2 =    -1.6273,    10.1321       
# span 3 =    -1.6311,    10.1293       
# span 4 =   2.602149,   3.518543       
# span 5 =   2.601889,   3.515228       
# span 6 =     1.8021,     2.4759       
# span 7 =     2.1798,     3.0434       
# span 8 =      7.811,      8.161       
# span 9 =    -0.6019,     9.1559       
# span 10 =    -2.8130,   482.1870      
# span 11 = 1.0703e-01, 3.0551e+02      
# span 12 =    -0.1519,     0.1425      
# span 13 =    96.5008,   103.8710      
# span 14 =     6.3543,     8.8586      
# span 15 =     6.4519,     9.4856      
# span 16 =    31.7916,    33.4229      
# span 17 =    31.8062,    33.4235      
# span 18 =    24.4260,    26.8305      
# span 19 =    24.4378,    26.8313      
# span 20 =    6.42523,    8.54105      
# span 21 = 0.0000e+00, 0.0000e+00      
# interval = scans: 3                   
# start_time = Jul 16 2020 16:30:22 [System UTC, header]
# bad_flag = -9.990e-29
*END*
[from data line 1647]
       7689    162.276     0.0520     0.0466   2.796337   2.795917     1.8033     2.1827      7.816    -0.5206     1.6876 1.0715e-01    -0.0155   100.3894     6.4256     6.7525    33.4225    33.4228    26.8302    26.8307    8.12097 0.0000e+00
       7692    162.248     0.0519     0.0468   2.796325   2.795916     1.8021     2.1827      7.816    -0.5104     4.5301 1.0727e-01    -0.0159   100.3984     6.4176     6.7523    33.4224    33.4226    26.8302    26.8305    8.12099 0.0000e+00
       7796    162.218     0.0521     0.0467   2.796346   2.795947     1.8038     2.1823      7.816    -0.4900     4.4512 1.0715e-01    -0.0159   100.3984     6.4204     6.7494    33.4225    33.4231    26.8302    26.8309    8.12094 0.0000e+00
       7799    162.174     0.0519     0.0465   2.796332   2.795957     1.8025     2.1827      7.816    -0.4798     5.1618 1.0715e-01    -0.0155   100.3894     6.4113     6.7509    33.4225    33.4235    26.8302    26.8313    8.12098 0.0000e+00
       7802    162.131     0.0521     0.0467   2.796338   2.795935     1.8034     2.1823      7.818    -0.4900     5.1223 1.0715e-01    -0.0159   100.3984     6.4184     6.7495    33.4224    33.4230    26.8301    26.8309    8.12094 0.0000e+00
       7805    162.087     0.0522     0.0467   2.796343   2.795935     1.8034     2.1827      7.815    -0.5002     5.1223 1.0715e-01    -0.0159   100.3984     6.4230     6.7498    33.4224    33.4230    26.8301    26.8309    8.12092 0.0000e+00
       7808    162.047     0.0522     0.0468   2.796328   2.795940     1.8025     2.1823      7.818    -0.5104     5.1223 1.0715e-01    -0.0152   100.3803     6.4184     6.7505    33.4222    33.4230    26.8300    26.8309    8.12093 0.0000e+00
       7811    162.004     0.0522     0.0468   2.796320   2.795933     1.8030     2.1823      7.818    -0.5104     5.1223 1.0727e-01    -0.0148   100.3713     6.4179     6.7523    33.4222    33.4230    26.8299    26.8308    8.12094 0.0000e+00
       7814    161.966     0.0523     0.0467   2.796339   2.795939     1.8034     2.1831      7.818    -0.5308     5.1223 1.0727e-01    -0.0152   100.3803     6.4162     6.7549    33.4223    33.4232    26.8301    26.8310    8.12091 0.0000e+00
       7817    161.930     0.0522     0.0467   2.796325   2.795929     1.8030     2.1831      7.818    -0.5206     5.1223 1.0715e-01    -0.0155   100.3894     6.4153     6.7554    33.4223    33.4230    26.8300    26.8309    8.12093 0.0000e+00
       7820    161.897     0.0522     0.0468   2.796333   2.795932     1.8021     2.1831      7.816    -0.5206     5.9908 1.0715e-01    -0.0155   100.3894     6.4162     6.7535    33.4223    33.4230    26.8301    26.8308    8.12092 0.0000e+00
       7824    161.863     0.0521     0.0468   2.796309   2.795923     1.8025     2.1823      7.816    -0.5104    10.1756 1.0715e-01    -0.0155   100.3894     6.4188     6.7479    33.4222    33.4229    26.8300    26.8308    8.12095 0.0000e+00
       7853    161.790     0.0518     0.0468   2.796286   2.795893     1.8034     2.1823      7.816    -0.5104   167.4601 1.0727e-01    -0.0159   100.3984     6.4248     6.7434    33.4223    33.4226    26.8300    26.8305    8.12102 0.0000e+00
       7909    161.663     0.0512     0.0464   2.796249   2.795862     1.8034     2.1806      7.818    -0.4798   481.2000 1.0727e-01    -0.0170   100.4255     6.4266     6.7339    33.4225    33.4226    26.8302    26.8306    8.12113 0.0000e+00
       7913    161.627     0.0514     0.0462   2.796248   2.795861     1.8038     2.1806      7.818    -0.4697   481.2395 1.0715e-01    -0.0163   100.4074     6.4283     6.7370    33.4222    33.4228    26.8300    26.8307    8.12109 0.0000e+00
       7916    161.600     0.0514     0.0464   2.796248   2.795870     1.8030     2.1806      7.818    -0.4798   481.3184 1.0715e-01    -0.0166   100.4165     6.4275     6.7411    33.4223    33.4228    26.8301    26.8307    8.12109 0.0000e+00
       7919    161.571     0.0515     0.0464   2.796259   2.795874     1.8030     2.1806      7.818    -0.4900   481.2395 1.0740e-01    -0.0166   100.4165     6.4304     6.7420    33.4224    33.4228    26.8301    26.8307    8.12107 0.0000e+00
       7922    161.539     0.0512     0.0463   2.796250   2.795863     1.8021     2.1815      7.818    -0.4900   481.3579 1.0727e-01    -0.0166   100.4165     6.4291     6.7462    33.4226    33.4228    26.8303    26.8307    8.12113 0.0000e+00
       7925    161.507     0.0512     0.0465   2.796231   2.795870     1.8030     2.1806      7.815    -0.5002   364.2236 1.0715e-01    -0.0163   100.4074     6.4322     6.7460    33.4224    33.4227    26.8301    26.8307    8.12115 0.0000e+00
       7928    161.474     0.0514     0.0464   2.796226   2.795868     1.8038     2.1806      7.816    -0.4798    -1.4707 1.0727e-01    -0.0166   100.4165     6.4325     6.7485    33.4221    33.4228    26.8299    26.8307    8.12111 0.0000e+00
       7931    161.438     0.0513     0.0465   2.796244   2.795846     1.8030     2.1806      7.818    -0.4900     4.8459 1.0727e-01    -0.0159   100.3984     6.4251     6.7473    33.4224    33.4225    26.8302    26.8304    8.12111 0.0000e+00
       7934    161.403     0.0515     0.0463   2.796241   2.795853     1.8034     2.1815      7.818    -0.4900     5.1618 1.0740e-01    -0.0166   100.4165     6.4258     6.7491    33.4222    33.4228    26.8300    26.8307    8.12109 0.0000e+00
       7937    161.370     0.0512     0.0462   2.796240   2.795845     1.8034     2.1819      7.816    -0.4900     5.1223 1.0715e-01    -0.0163   100.4074     6.4288     6.7515    33.4225    33.4228    26.8303    26.8307    8.12113 0.0000e+00
       7940    161.336     0.0514     0.0462   2.796231   2.795853     1.8034     2.1819      7.816    -0.4900     5.1223 1.0727e-01    -0.0159   100.3984     6.4316     6.7495    33.4223    33.4229    26.8300    26.8309    8.12111 0.0000e+00
       7943    161.301     0.0512     0.0462   2.796215   2.795819     1.8034     2.1810      7.818    -0.4900     5.1618 1.0727e-01    -0.0163   100.4074     6.4304     6.7435    33.4223    33.4224    26.8301    26.8305    8.12115 0.0000e+00
       7946    161.269     0.0512     0.0463   2.796197   2.795820     1.8038     2.1806      7.818    -0.4900     5.1223 1.0715e-01    -0.0166   100.4165     6.4296     6.7418    33.4220    33.4224    26.8299    26.8304    8.12115 0.0000e+00
       7949    161.239     0.0508     0.0462   2.796192   2.795825     1.8030     2.1810      7.818    -0.4900     5.1223 1.0715e-01    -0.0163   100.4074     6.4214     6.7447    33.4224    33.4226    26.8302    26.8306    8.12121 0.0000e+00
       7952    161.207     0.0512     0.0462   2.796223   2.795823     1.8030     2.1810      7.818    -0.5002     7.8068 1.0715e-01    -0.0166   100.4165     6.4216     6.7444    33.4224    33.4226    26.8302    26.8306    8.12113 0.0000e+00
       7955    161.180     0.0514     0.0460   2.796206   2.795831     1.8025     2.1806      7.818    -0.4900    10.3335 1.0715e-01    -0.0166   100.4165     6.4190     6.7429    33.4220    33.4229    26.8298    26.8308    8.12112 0.0000e+00
       7959    161.150     0.0514     0.0461   2.796213   2.795807     1.8038     2.1810      7.816    -0.5002    10.2546 1.0715e-01    -0.0170   100.4255     6.4227     6.7434    33.4221    33.4225    26.8299    26.8305    8.12110 0.0000e+00
       8026    161.105     0.0508     0.0458   2.796156   2.795770     1.8034     2.1827      7.818    -0.5104     6.1882 1.0740e-01    -0.0159   100.3984     6.4301     6.7593    33.4221    33.4224    26.8299    26.8305    8.12125 0.0000e+00
       8029    161.083     0.0508     0.0458   2.796141   2.795796     1.8034     2.1827      7.818    -0.4900     5.6355 1.0727e-01    -0.0159   100.3984     6.4296     6.7576    33.4219    33.4228    26.8298    26.8307    8.12126 0.0000e+00
       8032    161.057     0.0506     0.0461   2.796155   2.795803     1.8034     2.1831      7.816    -0.4900    -1.0364 1.0727e-01    -0.0159   100.3984     6.4314     6.7585    33.4223    33.4225    26.8301    26.8306    8.12127 0.0000e+00
       8035    161.029     0.0507     0.0460   2.796162   2.795809     1.8034     2.1827      7.818    -0.4798    -1.3128 1.0715e-01    -0.0159   100.3984     6.4324     6.7543    33.4223    33.4227    26.8301    26.8306    8.12125 0.0000e+00
       8038    160.993     0.0511     0.0460   2.796168   2.795813     1.8030     2.1831      7.816    -0.5002    -1.2733 1.0715e-01    -0.0159   100.3984     6.4325     6.7529    33.4220    33.4228    26.8298    26.8307    8.12119 0.0000e+00
       8041    160.957     0.0510     0.0461   2.796205   2.795808     1.8030     2.1819      7.816    -0.4697    -1.2733 1.0715e-01    -0.0159   100.3984     6.4333     6.7478    33.4226    33.4226    26.8303    26.8306    8.12118 0.0000e+00
       8044    160.919     0.0512     0.0460   2.796187   2.795781     1.8034     2.1815      7.818    -0.4798    -1.2733 1.0715e-01    -0.0159   100.3984     6.4334     6.7474    33.4221    33.4225    26.8299    26.8305    8.12115 0.0000e+00
       8047    160.875     0.0509     0.0460   2.796188   2.795771     1.8034     2.1831      7.818    -0.4900    -1.3128 1.0715e-01    -0.0159   100.3984     6.4303     6.7526    33.4225    33.4223    26.8302    26.8304    8.12120 0.0000e+00
       8050    160.832     0.0509     0.0460   2.796177   2.795785     1.8034     2.1823      7.815    -0.4900    -1.2733 1.0727e-01    -0.0155   100.3894     6.4260     6.7501    33.4223    33.4225    26.8301    26.8306    8.12120 0.0000e+00
       8053    160.782     0.0513     0.0459   2.796176   2.795781     1.8030     2.1827      7.818    -0.4900    -1.3128 1.0715e-01    -0.0152   100.3803     6.4240     6.7501    33.4220    33.4226    26.8298    26.8306    8.12114 0.0000e+00
       8056    160.732     0.0513     0.0460   2.796187   2.795783     1.8038     2.1831      7.818    -0.4798   138.0482 1.0740e-01    -0.0152   100.3803     6.4310     6.7511    33.4221    33.4226    26.8299    26.8306    8.12113 0.0000e+00
       8059    160.679     0.0512     0.0458   2.796181   2.795773     1.8046     2.1831      7.818    -0.5002   482.1870 1.0715e-01    -0.0159   100.3984     6.4355     6.7524    33.4221    33.4227    26.8299    26.8307    8.12114 0.0000e+00
       8062    160.627     0.0512     0.0459   2.796181   2.795759     1.8034     2.1815      7.816    -0.4900   480.8447 1.0715e-01    -0.0148   100.3713     6.4269     6.7450    33.4222    33.4225    26.8300    26.8305    8.12114 0.0000e+00
       8065    160.573     0.0515     0.0458   2.796186   2.795758     1.8034     2.1827      7.818    -0.5002   481.2790 1.0715e-01    -0.0155   100.3894     6.4256     6.7500    33.4219    33.4226    26.8298    26.8306    8.12109 0.0000e+00
       8068    160.520     0.0514     0.0458   2.796189   2.795769     1.8034     2.1835      7.816    -0.4900   481.3184 1.0727e-01    -0.0152   100.3803     6.4246     6.7506    33.4222    33.4227    26.8299    26.8306    8.12110 0.0000e+00
       8071    160.472     0.0514     0.0459   2.796178   2.795767     1.8025     2.1827      7.818    -0.4697   481.3579 1.0727e-01    -0.0152   100.3803     6.4199     6.7464    33.4220    33.4226    26.8298    26.8306    8.12111 0.0000e+00
       8074    160.428     0.0515     0.0460   2.796165   2.795761     1.8034     2.1827      7.818    -0.5002   481.3579 1.0715e-01    -0.0148   100.3713     6.4236     6.7470    33.4218    33.4224    26.8297    26.8305    8.12110 0.0000e+00
       8077    160.386     0.0516     0.0463   2.796162   2.795768     1.8034     2.1819      7.818    -0.4798   481.2790 1.0727e-01    -0.0148   100.3713     6.4211     6.7415    33.4216    33.4222    26.8295    26.8303    8.12108 0.0000e+00
       8080    160.348     0.0513     0.0462   2.796160   2.795774     1.8046     2.1823      7.816    -0.5002   481.3579 1.0715e-01    -0.0148   100.3713     6.4259     6.7436    33.4220    33.4224    26.8298    26.8305    8.12114 0.0000e+00
       8083    160.316     0.0514     0.0461   2.796154   2.795767     1.8030     2.1823      7.818    -0.4900   202.5964 1.0715e-01    -0.0148   100.3713     6.4187     6.7442    33.4218    33.4225    26.8297    26.8305    8.12112 0.0000e+00
       8173    160.280     0.0512     0.0459   2.796154   2.795751     1.8038     2.1827      7.818    -0.4798    -2.4182 1.0727e-01    -0.0155   100.3894     6.4254     6.7464    33.4220    33.4225    26.8299    26.8305    8.12115 0.0000e+00
       8220    160.183     0.0514     0.0458   2.796144   2.795716     1.8038     2.1823      7.818    -0.4900     0.8980 1.0715e-01    -0.0159   100.3984     6.4265     6.7454    33.4217    33.4223    26.8296    26.8303    8.12112 0.0000e+00
       8223    160.080     0.0511     0.0456   2.796141   2.795718     1.8042     2.1823      7.818    -0.5002     0.8586 1.0727e-01    -0.0159   100.3984     6.4259     6.7455    33.4221    33.4225    26.8299    26.8305    8.12117 0.0000e+00
       8226    159.977     0.0513     0.0456   2.796127   2.795726     1.8038     2.1831      7.818    -0.4900     0.8586 1.0715e-01    -0.0159   100.3984     6.4230     6.7480    33.4218    33.4227    26.8297    26.8307    8.12115 0.0000e+00
       8229    159.877     0.0511     0.0458   2.796133   2.795715     1.8038     2.1827      7.816    -0.4595     0.8586 1.0727e-01    -0.0159   100.3984     6.4251     6.7464    33.4221    33.4224    26.8300    26.8304    8.12117 0.0000e+00
       8232    159.773     0.0515     0.0457   2.796125   2.795708     1.8038     2.1831      7.818    -0.4493     0.8586 1.0727e-01    -0.0155   100.3894     6.4231     6.7510    33.4216    33.4225    26.8295    26.8305    8.12111 0.0000e+00
       8235    159.674     0.0511     0.0459   2.796115   2.795713     1.8038     2.1831      7.818    -0.4493     0.8586 1.0727e-01    -0.0155   100.3894     6.4244     6.7521    33.4220    33.4224    26.8299    26.8304    8.12118 0.0000e+00
       8238    159.581     0.0513     0.0459   2.796113   2.795729     1.8038     2.1831      7.818    -0.4697     0.8981 1.0727e-01    -0.0159   100.3984     6.4249     6.7544    33.4218    33.4227    26.8297    26.8306    8.12115 0.0000e+00
       8241    159.495     0.0513     0.0459   2.796132   2.795709     1.8038     2.1831      7.818    -0.4595     1.6086 1.0715e-01    -0.0159   100.3984     6.4254     6.7545    33.4222    33.4225    26.8300    26.8305    8.12114 0.0000e+00
       8244    159.410     0.0516     0.0459   2.796116   2.795705     1.8038     2.1831      7.818    -0.4595     1.6876 1.0727e-01    -0.0159   100.3984     6.4244     6.7528    33.4216    33.4224    26.8295    26.8305    8.12109 0.0000e+00
       8247    159.333     0.0512     0.0458   2.796128   2.795691     1.8034     2.1831      7.818    -0.4595     1.6876 1.0715e-01    -0.0159   100.3984     6.4238     6.7485    33.4222    33.4224    26.8301    26.8304    8.12114 0.0000e+00
       8250    159.260     0.0513     0.0458   2.796102   2.795699     1.8038     2.1823      7.818    -0.4595     1.6876 1.0715e-01    -0.0159   100.3984     6.4253     6.7445    33.4219    33.4225    26.8298    26.8305    8.12115 0.0000e+00
       8253    159.193     0.0514     0.0458   2.796119   2.795679     1.8034     2.1831      7.818    -0.4900     1.6876 1.0715e-01    -0.0155   100.3894     6.4226     6.7494    33.4220    33.4223    26.8299    26.8303    8.12112 0.0000e+00
       8256    159.131     0.0515     0.0460   2.796093   2.795701     1.8038     2.1831      7.818    -0.5206     1.6876 1.0715e-01    -0.0166   100.4165     6.4263     6.7487    33.4217    33.4224    26.8296    26.8305    8.12112 0.0000e+00
