Datasets/AZMP/TEL210/tel210_2020_033.cnv
* Sea-Bird SBE 9 Data File:
* FileName = C:\CTDDATA\tel210_2020_033.hex
* Software Version Seasave V 7.26.7.110
* Temperature SN = 1697
* Conductivity SN = 4216
* Number of Bytes Per Scan = 30
* Number of Voltage Words = 4
* Number of Scans Averaged by the Deck Unit = 1
* NMEA baud rate = 4800
** VESSEL/TRIP/SEQ STN:  tel210_2020_033
** LATITUDE XX XX.XX: 47 00.00 N
** LONGITUDE XX XX.XX: 043 50.00 W
** SOUNDING DEPTH (M): 0554
** PROBE TYPE: S1146
** CTD NUMBER: 032
** COMMENTS (14 CHAR): FC-31
** BOTTLES:  10
** LEVELS: 5,10,20,30,40,50,75,100,150,BTM
** STICKERS: 435941 - 435950
** VNET: Y
** DO2: N
# nquan = 22
# nvalues = 10527                       
# units = specified
# name 0 = scan: Scan Count
# name 1 = prDM: Pressure, Digiquartz [db]
# name 2 = t090C: Temperature [ITS-90, deg C]
# name 3 = t190C: Temperature, 2 [ITS-90, deg C]
# name 4 = c0S/m: Conductivity [S/m]
# name 5 = c1S/m: Conductivity, 2 [S/m]
# name 6 = sbeox0V: Oxygen raw, SBE 43 [V]
# name 7 = sbeox1V: Oxygen raw, SBE 43, 2 [V]
# name 8 = ph: pH
# name 9 = flECO-AFL: Fluorescence, WET Labs ECO-AFL/FL [mg/m^3]
# name 10 = wetCDOM: Fluorescence, WET Labs CDOM [mg/m^3]
# name 11 = par/sat/log: PAR/Logarithmic, Satlantic [umol photons/m^2/sec]
# name 12 = CStarAt0: Beam Attenuation, WET Labs C-Star [1/m]
# name 13 = CStarTr0: Beam Transmission, WET Labs C-Star [%]
# name 14 = sbeox0ML/L: Oxygen, SBE 43 [ml/l], WS = 2
# name 15 = sbeox1ML/L: Oxygen, SBE 43, 2 [ml/l], WS = 2
# name 16 = sal00: Salinity, Practical [PSU]
# name 17 = sal11: Salinity, Practical, 2 [PSU]
# name 18 = sigma-t00: Density [sigma-t, kg/m^3 ]
# name 19 = sigma-t11: Density, 2 [sigma-t, kg/m^3 ]
# name 20 = oxsatML/L: Oxygen Saturation, Weiss [ml/l]
# name 21 = flag: flag
# span 0 =         14,      61550       
# span 1 =      1.919,    553.228       
# span 2 =     3.3587,    11.9414       
# span 3 =     3.3542,    11.9373       
# span 4 =   3.144052,   3.767334       
# span 5 =   3.142536,   3.766661       
# span 6 =     1.8517,     2.3947       
# span 7 =     2.2275,     2.9328       
# span 8 =      7.967,      8.237       
# span 9 =    -0.6529,     6.0830       
# span 10 =    -2.8130,   482.1870      
# span 11 = 1.0715e-01, 4.3019e+02      
# span 12 =    -0.1289,     0.2864      
# span 13 =    93.0915,   103.2741      
# span 14 =     6.1081,     7.9117      
# span 15 =     6.3430,     8.2542      
# span 16 =    32.7618,    34.8802      
# span 17 =    32.7616,    34.8788      
# span 18 =    24.8704,    27.7175      
# span 19 =    24.8710,    27.7168      
# span 20 =    6.14331,    7.40502      
# span 21 = 0.0000e+00, 0.0000e+00      
# interval = scans: 3                   
# start_time = Jul 18 2020 12:12:23 [System UTC, header]
# bad_flag = -9.990e-29
*END*
[from data line 5400]
      20981    515.535     3.7167     3.7123   3.243061   3.242577     1.8621     2.2410      7.976    -0.6121   428.6534 1.0715e-01    -0.0802   102.0262     6.2555     6.5253    34.8758    34.8747    27.7166    27.7162    7.32061 0.0000e+00
      20984    515.409     3.7167     3.7120   3.243075   3.242576     1.8613     2.2401      7.976    -0.5816   481.2395 1.0715e-01    -0.0802   102.0262     6.2485     6.5225    34.8761    34.8751    27.7168    27.7165    7.32060 0.0000e+00
      20987    515.291     3.7167     3.7122   3.243066   3.242547     1.8609     2.2406      7.974    -0.5714   481.0421 1.0715e-01    -0.0802   102.0262     6.2492     6.5233    34.8760    34.8746    27.7167    27.7160    7.32060 0.0000e+00
      20990    515.185     3.7165     3.7123   3.243054   3.242549     1.8609     2.2410      7.976    -0.5816   481.2395 1.0727e-01    -0.0802   102.0262     6.2509     6.5248    34.8761    34.8746    27.7168    27.7161    7.32063 0.0000e+00
      20993    515.092     3.7162     3.7121   3.243052   3.242547     1.8609     2.2406      7.974    -0.5918   481.3184 1.0715e-01    -0.0802   102.0262     6.2494     6.5220    34.8764    34.8748    27.7171    27.7162    7.32066 0.0000e+00
      20996    515.002     3.7166     3.7122   3.243045   3.242530     1.8617     2.2401      7.976    -0.5816   481.2395 1.0715e-01    -0.0802   102.0262     6.2524     6.5202    34.8761    34.8745    27.7168    27.7160    7.32062 0.0000e+00
      20999    514.919     3.7165     3.7122   3.243055   3.242539     1.8613     2.2397      7.974    -0.5816   481.3184 1.0715e-01    -0.0799   102.0171     6.2499     6.5198    34.8763    34.8747    27.7170    27.7162    7.32063 0.0000e+00
      21002    514.835     3.7164     3.7123   3.243045   3.242532     1.8613     2.2401      7.977    -0.5816   481.2790 1.0715e-01    -0.0792   101.9990     6.2479     6.5214    34.8763    34.8746    27.7170    27.7161    7.32064 0.0000e+00
      21005    514.750     3.7165     3.7122   3.243043   3.242543     1.8605     2.2410      7.976    -0.5816   481.2395 1.0715e-01    -0.0795   102.0081     6.2435     6.5243    34.8762    34.8749    27.7169    27.7163    7.32062 0.0000e+00
      21008    514.662     3.7165     3.7122   3.243026   3.242553     1.8617     2.2401      7.976    -0.5816   481.2790 1.0715e-01    -0.0792   101.9990     6.2531     6.5225    34.8761    34.8749    27.7168    27.7164    7.32064 0.0000e+00
      21011    514.576     3.7165     3.7123   3.243032   3.242532     1.8613     2.2410      7.974    -0.5918   481.2790 1.0727e-01    -0.0795   102.0081     6.2516     6.5266    34.8762    34.8747    27.7169    27.7161    7.32063 0.0000e+00
      21014    514.484     3.7164     3.7122   3.243029   3.242530     1.8621     2.2410      7.976    -0.5816   481.2790 1.0715e-01    -0.0792   101.9990     6.2553     6.5283    34.8763    34.8748    27.7170    27.7162    7.32064 0.0000e+00
      21017    514.392     3.7163     3.7122   3.243018   3.242530     1.8609     2.2410      7.976    -0.5816   481.2790 1.0715e-01    -0.0792   101.9990     6.2496     6.5293    34.8764    34.8749    27.7171    27.7163    7.32066 0.0000e+00
      21020    514.293     3.7164     3.7120   3.242994   3.242500     1.8613     2.2410      7.976    -0.5714   481.2790 1.0715e-01    -0.0795   102.0081     6.2508     6.5285    34.8759    34.8747    27.7167    27.7162    7.32065 0.0000e+00
      21023    514.198     3.7163     3.7121   3.243027   3.242504     1.8617     2.2406      7.974    -0.5816   481.3579 1.0715e-01    -0.0802   102.0262     6.2547     6.5250    34.8765    34.8748    27.7172    27.7163    7.32065 0.0000e+00
      21026    514.102     3.7165     3.7120   3.243021   3.242492     1.8609     2.2410      7.974    -0.5816   481.2395 1.0727e-01    -0.0802   102.0262     6.2507     6.5240    34.8763    34.8748    27.7170    27.7162    7.32062 0.0000e+00
      21029    514.008     3.7167     3.7120   3.243004   3.242496     1.8613     2.2410      7.974    -0.5816   481.2790 1.0727e-01    -0.0802   102.0262     6.2508     6.5244    34.8760    34.8748    27.7167    27.7162    7.32061 0.0000e+00
      21032    513.921     3.7164     3.7121   3.243020   3.242505     1.8621     2.2410      7.976    -0.5714   268.2501 1.0715e-01    -0.0802   102.0262     6.2521     6.5244    34.8764    34.8749    27.7171    27.7163    7.32063 0.0000e+00
      21035    513.835     3.7167     3.7121   3.243018   3.242490     1.8617     2.2422      7.976    -0.5918     1.4508 1.0715e-01    -0.0802   102.0262     6.2498     6.5284    34.8762    34.8747    27.7169    27.7162    7.32059 0.0000e+00
      21038    513.750     3.7165     3.7122   3.243006   3.242483     1.8617     2.2410      7.974    -0.6121    10.9257 1.0715e-01    -0.0799   102.0171     6.2491     6.5252    34.8763    34.8746    27.7170    27.7162    7.32062 0.0000e+00
      21041    513.662     3.7166     3.7121   3.242986   3.242491     1.8617     2.2410      7.974    -0.6121    10.5309 1.0715e-01    -0.0802   102.0262     6.2488     6.5250    34.8760    34.8749    27.7167    27.7163    7.32061 0.0000e+00
      21044    513.563     3.7166     3.7122   3.243000   3.242487     1.8617     2.2410      7.974    -0.6223    10.5704 1.0715e-01    -0.0802   102.0262     6.2463     6.5247    34.8762    34.8748    27.7169    27.7162    7.32060 0.0000e+00
      21047    513.453     3.7164     3.7121   3.242982   3.242481     1.8621     2.2410      7.976    -0.6121    10.4520 1.0715e-01    -0.0802   102.0262     6.2501     6.5238    34.8763    34.8748    27.7170    27.7163    7.32064 0.0000e+00
      21050    513.332     3.7164     3.7121   3.242974   3.242477     1.8613     2.2414      7.974    -0.6121    10.4915 1.0715e-01    -0.0802   102.0262     6.2448     6.5257    34.8763    34.8749    27.7170    27.7163    7.32065 0.0000e+00
      21053    513.201     3.7166     3.7122   3.243010   3.242483     1.8617     2.2414      7.974    -0.6121    10.5309 1.0715e-01    -0.0802   102.0262     6.2429     6.5245    34.8765    34.8749    27.7171    27.7164    7.32059 0.0000e+00
      21056    513.059     3.7164     3.7121   3.242974   3.242468     1.8613     2.2414      7.976    -0.6121    10.4915 1.0715e-01    -0.0802   102.0262     6.2410     6.5227    34.8764    34.8750    27.7170    27.7164    7.32063 0.0000e+00
      21059    512.916     3.7168     3.7121   3.242964   3.242462     1.8613     2.2418      7.976    -0.6121   349.7743 1.0715e-01    -0.0802   102.0262     6.2403     6.5245    34.8759    34.8749    27.7167    27.7163    7.32058 0.0000e+00
      21062    512.765     3.7166     3.7123   3.242974   3.242462     1.8617     2.2422      7.974    -0.5816   482.0686 1.0715e-01    -0.0802   102.0262     6.2425     6.5258    34.8764    34.8748    27.7171    27.7163    7.32061 0.0000e+00
      21065    512.606     3.7163     3.7122   3.242950   3.242440     1.8609     2.2410      7.976    -0.5816   480.9631 1.0715e-01    -0.0802   102.0262     6.2417     6.5208    34.8764    34.8748    27.7171    27.7162    7.32065 0.0000e+00
      21068    512.452     3.7166     3.7122   3.242957   3.242445     1.8617     2.2418      7.974    -0.5816   481.2790 1.0715e-01    -0.0806   102.0352     6.2468     6.5227    34.8763    34.8749    27.7170    27.7163    7.32061 0.0000e+00
      21071    512.301     3.7165     3.7120   3.242929   3.242434     1.8621     2.2414      7.974    -0.5918   481.2395 1.0715e-01    -0.0802   102.0262     6.2497     6.5189    34.8761    34.8750    27.7169    27.7164    7.32062 0.0000e+00
      21074    512.155     3.7166     3.7122   3.242931   3.242438     1.8609     2.2422      7.977    -0.5918   481.3184 1.0715e-01    -0.0802   102.0262     6.2450     6.5194    34.8762    34.8750    27.7169    27.7164    7.32062 0.0000e+00
      21077    512.024     3.7165     3.7121   3.242935   3.242402     1.8613     2.2410      7.976    -0.5714   481.2790 1.0715e-01    -0.0802   102.0262     6.2461     6.5143    34.8764    34.8747    27.7171    27.7161    7.32062 0.0000e+00
      21080    511.892     3.7168     3.7121   3.242908   3.242382     1.8613     2.2414      7.976    -0.5918   481.3184 1.0715e-01    -0.0795   102.0081     6.2477     6.5133    34.8758    34.8746    27.7166    27.7161    7.32060 0.0000e+00
      21083    511.766     3.7165     3.7121   3.242913   3.242391     1.8609     2.2414      7.976    -0.5816   452.9725 1.0715e-01    -0.0792   101.9990     6.2448     6.5110    34.8762    34.8747    27.7170    27.7162    7.32063 0.0000e+00
      21086    511.647     3.7165     3.7122   3.242904   3.242400     1.8617     2.2410      7.976    -0.5918    32.7181 1.0715e-01    -0.0792   101.9990     6.2473     6.5110    34.8762    34.8748    27.7169    27.7162    7.32062 0.0000e+00
      21089    511.538     3.7165     3.7121   3.242902   3.242374     1.8621     2.2418      7.974    -0.5714     3.3852 1.0715e-01    -0.0792   101.9990     6.2506     6.5175    34.8762    34.8746    27.7169    27.7161    7.32063 0.0000e+00
      21092    511.432     3.7164     3.7120   3.242891   3.242386     1.8617     2.2414      7.977    -0.5918     5.5960 1.0715e-01    -0.0792   101.9990     6.2466     6.5158    34.8763    34.8749    27.7170    27.7164    7.32064 0.0000e+00
      21095    511.336     3.7164     3.7121   3.242890   3.242370     1.8617     2.2410      7.977    -0.5816     5.4776 1.0715e-01    -0.0792   101.9990     6.2461     6.5145    34.8763    34.8747    27.7170    27.7162    7.32064 0.0000e+00
      21098    511.242     3.7164     3.7121   3.242878   3.242372     1.8613     2.2410      7.976    -0.5714     5.4776 1.0715e-01    -0.0792   101.9990     6.2446     6.5151    34.8762    34.8748    27.7169    27.7162    7.32064 0.0000e+00
      21101    511.149     3.7165     3.7120   3.242864   3.242374     1.8617     2.2410      7.974    -0.5816     5.4776 1.0715e-01    -0.0795   102.0081     6.2464     6.5161    34.8760    34.8749    27.7167    27.7163    7.32064 0.0000e+00
      21104    511.056     3.7166     3.7123   3.242870   3.242368     1.8613     2.2401      7.976    -0.5918     5.4776 1.0715e-01    -0.0802   102.0262     6.2448     6.5120    34.8760    34.8746    27.7168    27.7161    7.32062 0.0000e+00
      21107    510.963     3.7164     3.7122   3.242865   3.242342     1.8613     2.2406      7.977    -0.5918     5.4776 1.0715e-01    -0.0799   102.0171     6.2430     6.5144    34.8762    34.8744    27.7169    27.7159    7.32064 0.0000e+00
      21110    510.871     3.7165     3.7121   3.242866   3.242346     1.8617     2.2418      7.977    -0.6019     5.2802 1.0715e-01    -0.0799   102.0171     6.2435     6.5196    34.8762    34.8746    27.7169    27.7161    7.32063 0.0000e+00
      21113    510.784     3.7164     3.7121   3.242868   3.242344     1.8621     2.2422      7.976    -0.5816     4.5301 1.0715e-01    -0.0802   102.0262     6.2468     6.5217    34.8764    34.8747    27.7171    27.7162    7.32064 0.0000e+00
      21116    510.706     3.7164     3.7121   3.242854   3.242344     1.8609     2.2410      7.974    -0.5816     4.5301 1.0715e-01    -0.0802   102.0262     6.2412     6.5198    34.8762    34.8747    27.7170    27.7161    7.32065 0.0000e+00
      21119    510.639     3.7162     3.7120   3.242836   3.242350     1.8609     2.2410      7.977    -0.5816     4.5301 1.0715e-01    -0.0799   102.0171     6.2412     6.5198    34.8762    34.8750    27.7170    27.7164    7.32067 0.0000e+00
      21122    510.581     3.7162     3.7119   3.242836   3.242337     1.8617     2.2410      7.976    -0.5918     4.5301 1.0715e-01    -0.0802   102.0262     6.2449     6.5214    34.8763    34.8749    27.7170    27.7164    7.32068 0.0000e+00
      21125    510.533     3.7164     3.7118   3.242844   3.242328     1.8621     2.2410      7.974    -0.5918     4.5301 1.0715e-01    -0.0806   102.0352     6.2460     6.5207    34.8762    34.8749    27.7169    27.7163    7.32064 0.0000e+00
      21128    510.493     3.7163     3.7121   3.242838   3.242335     1.8613     2.2410      7.976    -0.5918     4.5301 1.0715e-01    -0.0806   102.0352     6.2449     6.5193    34.8763    34.8747    27.7170    27.7162    7.32067 0.0000e+00
      21133    510.451     3.7164     3.7119   3.242827   3.242356     1.8613     2.2410      7.976    -0.5714     3.8195 1.0715e-01    -0.0802   102.0262     6.2447     6.5166    34.8761    34.8752    27.7168    27.7166    7.32066 0.0000e+00
      21139    510.405     3.7159     3.7119   3.242823   3.242343     1.8609     2.2418      7.976    -0.5918     1.0165 1.0715e-01    -0.0802   102.0262     6.2436     6.5190    34.8766    34.8751    27.7173    27.7165    7.32072 0.0000e+00
      21142    510.381     3.7162     3.7119   3.242824   3.242320     1.8613     2.2410      7.977    -0.5816     1.0954 1.0715e-01    -0.0799   102.0171     6.2458     6.5154    34.8763    34.8749    27.7170    27.7163    7.32068 0.0000e+00
      21145    510.354     3.7159     3.7120   3.242821   3.242333     1.8617     2.2422      7.976    -0.5816     1.0954 1.0715e-01    -0.0802   102.0262     6.2474     6.5192    34.8765    34.8749    27.7172    27.7163    7.32071 0.0000e+00
      21148    510.323     3.7158     3.7118   3.242835   3.242316     1.8613     2.2410      7.974    -0.5714     1.0954 1.0715e-01    -0.0799   102.0171     6.2445     6.5141    34.8768    34.8748    27.7175    27.7163    7.32072 0.0000e+00
      21151    510.282     3.7159     3.7120   3.242817   3.242325     1.8621     2.2410      7.974    -0.5816     1.0954 1.0715e-01    -0.0799   102.0171     6.2519     6.5135    34.8766    34.8749    27.7173    27.7163    7.32073 0.0000e+00
      21154    510.235     3.7160     3.7119   3.242808   3.242322     1.8617     2.2414      7.974    -0.5816     1.0954 1.0715e-01    -0.0799   102.0171     6.2508     6.5143    34.8763    34.8749    27.7171    27.7163    7.32071 0.0000e+00
      21157    510.185     3.7160     3.7120   3.242798   3.242318     1.8613     2.2410      7.976    -0.5918     1.0954 1.0715e-01    -0.0802   102.0262     6.2469     6.5129    34.8762    34.8748    27.7170    27.7163    7.32071 0.0000e+00
      21160    510.130     3.7161     3.7118   3.242818   3.242326     1.8613     2.2410      7.974    -0.5714     1.0954 1.0715e-01    -0.0795   102.0081     6.2491     6.5151    34.8764    34.8751    27.7171    27.7165    7.32068 0.0000e+00
      21163    510.067     3.7160     3.7119   3.242788   3.242303     1.8617     2.2402      7.976    -0.5816   232.7189 1.0715e-01    -0.0802   102.0262     6.2510     6.5126    34.8763    34.8748    27.7170    27.7163    7.32072 0.0000e+00
      21166    509.994     3.7161     3.7120   3.242787   3.242308     1.8625     2.2410      7.976    -0.5918   482.1870 1.0715e-01    -0.0802   102.0262     6.2535     6.5161    34.8761    34.8747    27.7169    27.7162    7.32070 0.0000e+00
      21169    509.912     3.7161     3.7119   3.242796   3.242318     1.8617     2.2410      7.974    -0.5816   481.0026 1.0715e-01    -0.0799   102.0171     6.2475     6.5170    34.8763    34.8750    27.7170    27.7164    7.32070 0.0000e+00
      21172    509.829     3.7161     3.7118   3.242787   3.242309     1.8613     2.2410      7.977    -0.5918   481.2790 1.0715e-01    -0.0802   102.0262     6.2455     6.5185    34.8762    34.8751    27.7169    27.7165    7.32070 0.0000e+00
      21175    509.733     3.7161     3.7117   3.242783   3.242304     1.8629     2.2410      7.977    -0.5714   481.2395 1.0715e-01    -0.0802   102.0262     6.2539     6.5184    34.8763    34.8751    27.7170    27.7165    7.32070 0.0000e+00
      21178    509.634     3.7161     3.7117   3.242779   3.242277     1.8613     2.2410      7.976    -0.5714   481.2790 1.0715e-01    -0.0802   102.0262     6.2469     6.5200    34.8762    34.8749    27.7169    27.7164    7.32069 0.0000e+00
