Datasets/AZMP/TEL210/tel210_2020_137.cnv
* Sea-Bird SBE 9 Data File:
* FileName = C:\CTDDATA\tel210_2020_137.hex
* Software Version Seasave V 7.26.7.110
* Temperature SN = 1697
* Conductivity SN = 4216
* Number of Bytes Per Scan = 30
* Number of Voltage Words = 4
* Number of Scans Averaged by the Deck Unit = 1
* NMEA baud rate = 4800
** VESSEL/TRIP/SEQ STN:  tel210_2020_137
** LATITUDE XX XX.XX: 47 32.80 N
** LONGITUDE XX XX.XX: 052 35.20 W
** SOUNDING DEPTH (M): 0176
** PROBE TYPE: S1146
** CTD NUMBER: 078
** COMMENTS (14 CHAR): S27-01
** BOTTLES:  10
** LEVELS: 5,10,20,30,40,50,75,100,150,BTM
** STICKERS: 436348 - 436357
** VNET: y
** DO2: N
# nquan = 22
# nvalues = 3947                        
# units = specified
# name 0 = scan: Scan Count
# name 1 = prDM: Pressure, Digiquartz [db]
# name 2 = t090C: Temperature [ITS-90, deg C]
# name 3 = t190C: Temperature, 2 [ITS-90, deg C]
# name 4 = c0S/m: Conductivity [S/m]
# name 5 = c1S/m: Conductivity, 2 [S/m]
# name 6 = sbeox0V: Oxygen raw, SBE 43 [V]
# name 7 = sbeox1V: Oxygen raw, SBE 43, 2 [V]
# name 8 = ph: pH
# name 9 = flECO-AFL: Fluorescence, WET Labs ECO-AFL/FL [mg/m^3]
# name 10 = wetCDOM: Fluorescence, WET Labs CDOM [mg/m^3]
# name 11 = par/sat/log: PAR/Logarithmic, Satlantic [umol photons/m^2/sec]
# name 12 = CStarAt0: Beam Attenuation, WET Labs C-Star [1/m]
# name 13 = CStarTr0: Beam Transmission, WET Labs C-Star [%]
# name 14 = sbeox0ML/L: Oxygen, SBE 43 [ml/l], WS = 2
# name 15 = sbeox1ML/L: Oxygen, SBE 43, 2 [ml/l], WS = 2
# name 16 = sal00: Salinity, Practical [PSU]
# name 17 = sal11: Salinity, Practical, 2 [PSU]
# name 18 = sigma-t00: Density [sigma-t, kg/m^3 ]
# name 19 = sigma-t11: Density, 2 [sigma-t, kg/m^3 ]
# name 20 = oxsatML/L: Oxygen Saturation, Weiss [ml/l]
# name 21 = flag: flag
# span 0 =         39,      41476       
# span 1 =      0.423,    175.419       
# span 2 =    -1.4657,    13.3318       
# span 3 =    -1.4718,    13.3274       
# span 4 =   2.613421,   3.747556       
# span 5 =   2.613240,   3.747317       
# span 6 =     1.7936,     2.4503       
# span 7 =     2.1460,     2.9889       
# span 8 =      7.767,      8.127       
# span 9 =     0.6770,     3.5976       
# span 10 =    -2.8130,   482.1870      
# span 11 = 1.0678e-01, 2.8437e+02      
# span 12 =    -0.1425,     0.4155      
# span 13 =    90.1345,   103.6268      
# span 14 =     6.1973,     8.9033      
# span 15 =     6.1662,     9.3958      
# span 16 =    31.4058,    33.0756      
# span 17 =    31.4051,    33.0779      
# span 18 =    23.5451,    26.5846      
# span 19 =    23.5455,    26.5867      
# span 20 =    6.01730,    8.50281      
# span 21 = 0.0000e+00, 0.0000e+00      
# interval = scans: 3                   
# start_time = Jul 30 2020 15:24:11 [System UTC, header]
# bad_flag = -9.990e-29
*END*
[from data line 2503]
      14175    119.705    -1.4518    -1.4588   2.618726   2.618271     1.9991     2.4091      7.871     0.7616     1.7665 1.0715e-01    -0.1373   103.4911     7.7446     8.0260    32.7026    32.7041    26.3048    26.3062    8.49946 0.0000e+00
      14178    119.658    -1.4520    -1.4586   2.618684   2.618309     1.9991     2.4091      7.871     0.7616     1.8060 1.0715e-01    -0.1373   103.4911     7.7451     8.0254    32.7023    32.7043    26.3045    26.3064    8.49952 0.0000e+00
      14181    119.612    -1.4529    -1.4584   2.618637   2.618402     1.9991     2.4103      7.871     0.7510     1.8060 1.0727e-01    -0.1380   103.5092     7.7492     8.0268    32.7026    32.7054    26.3048    26.3073    8.49970 0.0000e+00
      14184    119.563    -1.4525    -1.4578   2.618651   2.618406     2.0000     2.4099      7.871     0.7510     1.7665 1.0715e-01    -0.1376   103.5002     7.7499     8.0259    32.7025    32.7049    26.3047    26.3068    8.49963 0.0000e+00
      14187    119.512    -1.4518    -1.4579   2.618664   2.618446     1.9991     2.4083      7.871     0.7510     2.7141 1.0740e-01    -0.1376   103.5002     7.7433     8.0172    32.7018    32.7056    26.3042    26.3073    8.49949 0.0000e+00
      14190    119.461    -1.4509    -1.4575   2.618686   2.618461     1.9995     2.4091      7.871     0.7510     3.4642 1.0727e-01    -0.1373   103.4911     7.7465     8.0184    32.7013    32.7054    26.3036    26.3072    8.49932 0.0000e+00
      14193    119.402    -1.4496    -1.4580   2.618787   2.618344     1.9983     2.4099      7.871     0.7616     3.4642 1.0715e-01    -0.1373   103.4911     7.7413     8.0250    32.7013    32.7043    26.3036    26.3063    8.49902 0.0000e+00
      14196    119.338    -1.4487    -1.4576   2.618755   2.618379     2.0004     2.4103      7.871     0.7616     3.4642 1.0715e-01    -0.1373   103.4911     7.7488     8.0255    32.6998    32.7044    26.3024    26.3064    8.49889 0.0000e+00
      14199    119.273    -1.4484    -1.4571   2.618760   2.618399     2.0000     2.4095      7.871     0.7510     3.4642 1.0715e-01    -0.1373   103.4911     7.7438     8.0167    32.6997    32.7042    26.3023    26.3063    8.49884 0.0000e+00
      14202    119.200    -1.4469    -1.4565   2.618905   2.618327     1.9995     2.4095      7.871     0.7299     3.4642 1.0715e-01    -0.1373   103.4911     7.7393     8.0133    32.7000    32.7026    26.3025    26.3049    8.49846 0.0000e+00
      14205    119.121    -1.4443    -1.4564   2.619000   2.618359     1.9996     2.4095      7.871     0.7299     3.4642 1.0715e-01    -0.1373   103.4911     7.7419     8.0137    32.6985    32.7029    26.3013    26.3051    8.49794 0.0000e+00
      14208    119.036    -1.4419    -1.4568   2.619081   2.618417     1.9995     2.4095      7.871     0.7299     3.4642 1.0740e-01    -0.1373   103.4911     7.7409     8.0188    32.6970    32.7043    26.3000    26.3063    8.49747 0.0000e+00
      14211    118.944    -1.4405    -1.4563   2.619085   2.618503     2.0000     2.4095      7.871     0.7193     3.4642 1.0727e-01    -0.1373   103.4911     7.7432     8.0188    32.6956    32.7050    26.2988    26.3068    8.49723 0.0000e+00
      14214    118.844    -1.4396    -1.4516   2.619143   2.618702     2.0008     2.4099      7.871     0.7299     0.9375 1.0715e-01    -0.1380   103.5092     7.7430     8.0143    32.6955    32.7025    26.2987    26.3047    8.49703 0.0000e+00
      14217    118.740    -1.4390    -1.4485   2.619182   2.618744     2.0004     2.4107      7.871     0.7299     0.5427 1.0727e-01    -0.1376   103.5002     7.7337     8.0169    32.6955    32.6998    26.2986    26.3024    8.49689 0.0000e+00
      14220    118.630    -1.4388    -1.4467   2.619174   2.618745     1.9991     2.4099      7.871     0.7299     0.5822 1.0715e-01    -0.1383   103.5183     7.7253     8.0142    32.6951    32.6980    26.2984    26.3009    8.49685 0.0000e+00
      14223    118.507    -1.4388    -1.4469   2.619184   2.618707     1.9996     2.4087      7.871     0.7299     0.5822 1.0715e-01    -0.1380   103.5092     7.7305     8.0090    32.6954    32.6977    26.2986    26.3006    8.49684 0.0000e+00
      14226    118.384    -1.4381    -1.4464   2.619224   2.618777     2.0004     2.4095      7.871     0.7405     0.5427 1.0715e-01    -0.1383   103.5183     7.7320     8.0085    32.6952    32.6982    26.2985    26.3011    8.49669 0.0000e+00
      14229    118.257    -1.4383    -1.4459   2.619207   2.618763     2.0008     2.4103      7.871     0.7616     0.5822 1.0727e-01    -0.1383   103.5183     7.7336     8.0075    32.6953    32.6975    26.2985    26.3005    8.49674 0.0000e+00
      14232    118.123    -1.4385    -1.4464   2.619228   2.618741     2.0004     2.4103      7.871     0.7510     0.5822 1.0715e-01    -0.1373   103.4911     7.7308     8.0071    32.6959    32.6978    26.2990    26.3008    8.49675 0.0000e+00
      14235    117.989    -1.4375    -1.4483   2.619256   2.618646     2.0000     2.4099      7.871     0.7510     0.5427 1.0715e-01    -0.1383   103.5183     7.7253     8.0050    32.6953    32.6987    26.2985    26.3015    8.49656 0.0000e+00
      14238    117.844    -1.4367    -1.4496   2.619303   2.618717     1.9987     2.4095      7.871     0.7510     0.5822 1.0715e-01    -0.1383   103.5183     7.7181     8.0030    32.6951    32.7012    26.2983    26.3036    8.49637 0.0000e+00
      14241    117.692    -1.4356    -1.4460   2.619432   2.619026     1.9991     2.4099      7.869     0.7616     0.8586 1.0715e-01    -0.1383   103.5183     7.7246     8.0051    32.6958    32.7016    26.2988    26.3038    8.49608 0.0000e+00
      14244    117.541    -1.4332    -1.4406   2.619644   2.619331     2.0008     2.4103      7.871     0.7405     0.7796 1.0727e-01    -0.1383   103.5183     7.7337     8.0068    32.6962    32.7000    26.2991    26.3023    8.49550 0.0000e+00
      14247    117.390    -1.4310    -1.4362   2.619765   2.619470     2.0000     2.4091      7.871     0.7616     0.8191 1.0715e-01    -0.1380   103.5092     7.7287     7.9958    32.6955    32.6971    26.2984    26.2999    8.49502 0.0000e+00
      14250    117.238    -1.4298    -1.4344   2.619820   2.619547     1.9991     2.4083      7.871     0.7405     0.8191 1.0715e-01    -0.1380   103.5092     7.7185     7.9869    32.6950    32.6963    26.2980    26.2992    8.49477 0.0000e+00
      14253    117.087    -1.4283    -1.4333   2.619905   2.619585     2.0004     2.4095      7.871     0.7616     0.8191 1.0740e-01    -0.1380   103.5092     7.7293     7.9886    32.6946    32.6957    26.2976    26.2987    8.49443 0.0000e+00
      14256    116.940    -1.4272    -1.4318   2.619952   2.619658     2.0004     2.4095      7.871     0.7510     0.8586 1.0715e-01    -0.1383   103.5183     7.7348     7.9905    32.6941    32.6952    26.2973    26.2982    8.49421 0.0000e+00
      14259    116.791    -1.4270    -1.4310   2.619904   2.619624     1.9995     2.4099      7.871     0.7616     0.8191 1.0715e-01    -0.1380   103.5092     7.7292     7.9928    32.6934    32.6938    26.2967    26.2971    8.49421 0.0000e+00
      14262    116.652    -1.4267    -1.4312   2.619913   2.619558     1.9991     2.4095      7.871     0.7510     0.8586 1.0715e-01    -0.1383   103.5183     7.7277     7.9921    32.6933    32.6933    26.2965    26.2966    8.49416 0.0000e+00
      14265    116.509    -1.4267    -1.4318   2.619889   2.619566     2.0008     2.4095      7.869     0.7616     0.3453 1.0727e-01    -0.1383   103.5183     7.7317     7.9921    32.6930    32.6941    26.2963    26.2974    8.49416 0.0000e+00
      14268    116.373    -1.4263    -1.4317   2.619893   2.619545     2.0000     2.4087      7.871     0.7616    -0.4443 1.0715e-01    -0.1383   103.5183     7.7243     7.9898    32.6927    32.6939    26.2960    26.2971    8.49409 0.0000e+00
      14271    116.240    -1.4262    -1.4317   2.619854   2.619496     2.0004     2.4083      7.871     0.7510    -0.4048 1.0715e-01    -0.1383   103.5183     7.7257     7.9890    32.6922    32.6933    26.2956    26.2967    8.49410 0.0000e+00
      14274    116.111    -1.4264    -1.4317   2.619844   2.619486     1.9991     2.4083      7.871     0.7616    -0.3258 1.0727e-01    -0.1373   103.4911     7.7147     7.9884    32.6923    32.6932    26.2957    26.2967    8.49413 0.0000e+00
      14277    115.985    -1.4265    -1.4316   2.619816   2.619515     2.0004     2.4083      7.871     0.7510    -0.3258 1.0715e-01    -0.1373   103.4911     7.7196     7.9872    32.6921    32.6936    26.2956    26.2969    8.49417 0.0000e+00
      14280    115.868    -1.4264    -1.4314   2.619826   2.619511     2.0004     2.4091      7.871     0.7616    -0.3653 1.0715e-01    -0.1373   103.4911     7.7228     7.9911    32.6922    32.6934    26.2956    26.2967    8.49414 0.0000e+00
      14283    115.759    -1.4261    -1.4310   2.619827   2.619500     1.9995     2.4083      7.871     0.7616    -0.3653 1.0715e-01    -0.1373   103.4911     7.7175     7.9887    32.6920    32.6928    26.2954    26.2963    8.49409 0.0000e+00
      14286    115.653    -1.4260    -1.4310   2.619810   2.619485     2.0004     2.4091      7.871     0.7722    -0.3653 1.0715e-01    -0.1373   103.4911     7.7236     7.9948    32.6916    32.6927    26.2952    26.2962    8.49408 0.0000e+00
      14289    115.552    -1.4258    -1.4309   2.619817   2.619486     1.9995     2.4083      7.869     0.7510    -0.3653 1.0715e-01    -0.1373   103.4911     7.7156     7.9936    32.6916    32.6927    26.2952    26.2962    8.49404 0.0000e+00
      14292    115.458    -1.4260    -1.4309   2.619803   2.619523     2.0000     2.4083      7.871     0.7510     0.5427 1.0727e-01    -0.1373   103.4911     7.7185     7.9957    32.6917    32.6932    26.2952    26.2966    8.49407 0.0000e+00
      14295    115.371    -1.4255    -1.4309   2.619831   2.619507     1.9983     2.4083      7.871     0.7510     0.9770 1.0715e-01    -0.1383   103.5183     7.7069     7.9939    32.6916    32.6930    26.2951    26.2964    8.49397 0.0000e+00
      14298    115.287    -1.4255    -1.4311   2.619824   2.619455     1.9991     2.4091      7.871     0.7616     0.9770 1.0727e-01    -0.1380   103.5092     7.7078     7.9964    32.6915    32.6926    26.2951    26.2962    8.49397 0.0000e+00
      14301    115.207    -1.4251    -1.4317   2.619841   2.619414     2.0004     2.4083      7.869     0.7616     0.9770 1.0715e-01    -0.1380   103.5092     7.7128     7.9924    32.6914    32.6928    26.2949    26.2963    8.49388 0.0000e+00
      14304    115.130    -1.4249    -1.4322   2.619866   2.619436     1.9996     2.4083      7.869     0.7510     0.9770 1.0727e-01    -0.1376   103.5002     7.7135     7.9925    32.6916    32.6937    26.2951    26.2970    8.49384 0.0000e+00
      14307    115.055    -1.4239    -1.4328   2.619915   2.619399     2.0000     2.4083      7.869     0.7299     0.9770 1.0727e-01    -0.1383   103.5183     7.7153     7.9926    32.6912    32.6938    26.2947    26.2971    8.49361 0.0000e+00
      14310    114.980    -1.4240    -1.4336   2.619883   2.619345     2.0004     2.4083      7.868     0.7299     0.9770 1.0727e-01    -0.1383   103.5183     7.7193     7.9937    32.6909    32.6941    26.2945    26.2974    8.49365 0.0000e+00
      14313    114.905    -1.4244    -1.4346   2.619910   2.619281     1.9991     2.4083      7.868     0.7299     0.9770 1.0740e-01    -0.1373   103.4911     7.7152     7.9951    32.6918    32.6943    26.2952    26.2976    8.49370 0.0000e+00
      14316    114.830    -1.4226    -1.4351   2.620070   2.619325     1.9991     2.4083      7.868     0.7299     0.9770 1.0715e-01    -0.1369   103.4821     7.7122     7.9943    32.6920    32.6955    26.2954    26.2986    8.49327 0.0000e+00
      14319    114.759    -1.4220    -1.4328   2.620036   2.619448     1.9983     2.4079      7.869     0.7193     0.9770 1.0715e-01    -0.1369   103.4821     7.7078     7.9904    32.6909    32.6947    26.2945    26.2979    8.49318 0.0000e+00
      14322    114.688    -1.4217    -1.4332   2.620049   2.619360     1.9987     2.4083      7.868     0.7299     0.9770 1.0727e-01    -0.1373   103.4911     7.7083     7.9918    32.6908    32.6940    26.2944    26.2973    8.49313 0.0000e+00
      14325    114.614    -1.4229    -1.4330   2.620002   2.619423     1.9991     2.4083      7.869     0.7299     0.9770 1.0715e-01    -0.1373   103.4911     7.7119     7.9944    32.6916    32.6946    26.2951    26.2978    8.49337 0.0000e+00
      14328    114.537    -1.4234    -1.4319   2.620081   2.619451     1.9996     2.4079      7.868     0.7299     0.9770 1.0715e-01    -0.1373   103.4911     7.7156     7.9920    32.6933    32.6939    26.2964    26.2972    8.49339 0.0000e+00
      14331    114.460    -1.4213    -1.4311   2.620099   2.619459     1.9995     2.4083      7.866     0.7299     0.9770 1.0715e-01    -0.1369   103.4821     7.7149     7.9920    32.6912    32.6931    26.2948    26.2965    8.49302 0.0000e+00
      14334    114.381    -1.4212    -1.4309   2.620031   2.619483     1.9995     2.4083      7.866     0.7299     0.9770 1.0727e-01    -0.1362   103.4640     7.7204     7.9931    32.6902    32.6934    26.2939    26.2967    8.49304 0.0000e+00
      14337    114.304    -1.4220    -1.4311   2.620079   2.619549     1.9987     2.4083      7.866     0.7299     0.9770 1.0752e-01    -0.1362   103.4640     7.7163     7.9918    32.6919    32.6945    26.2952    26.2977    8.49315 0.0000e+00
      14340    114.227    -1.4216    -1.4301   2.620074   2.619594     1.9987     2.4079      7.868     0.7299     0.9770 1.0727e-01    -0.1362   103.4640     7.7181     7.9878    32.6914    32.6941    26.2949    26.2973    8.49308 0.0000e+00
      14343    114.148    -1.4220    -1.4293   2.620029   2.619610     1.9991     2.4075      7.866     0.7299     1.0560 1.0715e-01    -0.1362   103.4640     7.7166     7.9854    32.6913    32.6935    26.2948    26.2968    8.49318 0.0000e+00
      14346    114.072    -1.4215    -1.4288   2.620098   2.619657     2.0000     2.4083      7.866     0.7299     1.3323 1.0727e-01    -0.1362   103.4640     7.7173     7.9886    32.6916    32.6936    26.2950    26.2969    8.49303 0.0000e+00
      14349    113.994    -1.4208    -1.4280   2.620070   2.619672     1.9991     2.4083      7.866     0.7299     1.3323 1.0715e-01    -0.1362   103.4640     7.7150     7.9903    32.6906    32.6930    26.2942    26.2964    8.49294 0.0000e+00
      14352    113.917    -1.4217    -1.4274   2.620026   2.619734     1.9983     2.4075      7.866     0.7299     1.3323 1.0715e-01    -0.1362   103.4640     7.7120     7.9891    32.6910    32.6932    26.2946    26.2966    8.49312 0.0000e+00
      14355    113.839    -1.4217    -1.4274   2.620078   2.619681     1.9995     2.4079      7.866     0.7299     1.3323 1.0715e-01    -0.1362   103.4640     7.7162     7.9917    32.6917    32.6926    26.2952    26.2960    8.49307 0.0000e+00
      14358    113.762    -1.4210    -1.4288   2.620048   2.619578     1.9995     2.4083      7.868     0.7405     1.3323 1.0740e-01    -0.1362   103.4640     7.7176     7.9934    32.6906    32.6927    26.2942    26.2962    8.49297 0.0000e+00
      14361    113.687    -1.4213    -1.4292   2.620036   2.619608     1.9983     2.4071      7.866     0.7510     1.2928 1.0715e-01    -0.1362   103.4640     7.7120     7.9872    32.6908    32.6936    26.2944    26.2969    8.49304 0.0000e+00
      14364    113.615    -1.4218    -1.4289   2.620005   2.619594     1.9991     2.4071      7.866     0.7510     1.2928 1.0740e-01    -0.1362   103.4640     7.7154     7.9865    32.6910    32.6931    26.2946    26.2965    8.49315 0.0000e+00
