Datasets/AZMP/TEL210/tel210_2020_005.cnv
* Sea-Bird SBE 9 Data File:
* FileName = C:\CTDDATA\tel210_2020_005.hex
* Software Version Seasave V 7.26.7.110
* Temperature SN = 1697
* Conductivity SN = 4216
* Number of Bytes Per Scan = 30
* Number of Voltage Words = 4
* Number of Scans Averaged by the Deck Unit = 1
* NMEA baud rate = 4800
** VESSEL/TRIP/SEQ STN:  tel210_2020_005
** LATITUDE XX XX.XX: 47 00.00 N
** LONGITUDE XX XX.XX: 052 34.80 W
** SOUNDING DEPTH (M): 0156
** PROBE TYPE: S1146
** CTD NUMBER: 004
** COMMENTS (14 CHAR): FC-03
** BOTTLES:  9
** LEVELS: 5,10,20,30,40,50,75,100,BTM
** STICKERS: 435762 - 435770
** VNET: Y
** DO2: Y
# nquan = 22
# nvalues = 3769                        
# units = specified
# name 0 = scan: Scan Count
# name 1 = prDM: Pressure, Digiquartz [db]
# name 2 = t090C: Temperature [ITS-90, deg C]
# name 3 = t190C: Temperature, 2 [ITS-90, deg C]
# name 4 = c0S/m: Conductivity [S/m]
# name 5 = c1S/m: Conductivity, 2 [S/m]
# name 6 = sbeox0V: Oxygen raw, SBE 43 [V]
# name 7 = sbeox1V: Oxygen raw, SBE 43, 2 [V]
# name 8 = ph: pH
# name 9 = flECO-AFL: Fluorescence, WET Labs ECO-AFL/FL [mg/m^3]
# name 10 = wetCDOM: Fluorescence, WET Labs CDOM [mg/m^3]
# name 11 = par/sat/log: PAR/Logarithmic, Satlantic [umol photons/m^2/sec]
# name 12 = CStarAt0: Beam Attenuation, WET Labs C-Star [1/m]
# name 13 = CStarTr0: Beam Transmission, WET Labs C-Star [%]
# name 14 = sbeox0ML/L: Oxygen, SBE 43 [ml/l], WS = 2
# name 15 = sbeox1ML/L: Oxygen, SBE 43, 2 [ml/l], WS = 2
# name 16 = sal00: Salinity, Practical [PSU]
# name 17 = sal11: Salinity, Practical, 2 [PSU]
# name 18 = sigma-t00: Density [sigma-t, kg/m^3 ]
# name 19 = sigma-t11: Density, 2 [sigma-t, kg/m^3 ]
# name 20 = oxsatML/L: Oxygen Saturation, Weiss [ml/l]
# name 21 = flag: flag
# span 0 =         28,      35328       
# span 1 =      0.870,    154.765       
# span 2 =    -0.4352,    12.0877       
# span 3 =    -0.4348,    12.0843       
# span 4 =   2.720446,   3.674647       
# span 5 =   2.720679,   3.674220       
# span 6 =     1.7386,     2.3448       
# span 7 =     2.1011,     2.8731       
# span 8 =      7.712,      8.100       
# span 9 =    -0.5918,     1.0667       
# span 10 =    -2.8130,   482.1870      
# span 11 = 1.0703e-01, 2.6972e+00      
# span 12 =    -0.1613,     0.0025      
# span 13 =    99.9372,   104.1151      
# span 14 =     6.0399,     8.2075      
# span 15 =     6.0987,     8.7030      
# span 16 =    31.7372,    33.0701      
# span 17 =    31.7492,    33.0708      
# span 18 =    24.0446,    26.5637      
# span 19 =    24.0505,    26.5646      
# span 20 =    6.16382,    8.25246      
# span 21 = 0.0000e+00, 0.0000e+00      
# interval = scans: 3                   
# start_time = Jul 15 2020 07:35:46 [System UTC, header]
# bad_flag = -9.990e-29
*END*
[from data line 1383]
       4966    123.598    -0.3258    -0.3313   2.733678   2.733279     1.7645     2.1292      7.729    -0.5002     1.7666 1.0715e-01    -0.0514   101.2936     6.2486     6.5560    33.0263    33.0270    26.5278    26.5286    8.22555 0.0000e+00
       4969    123.736    -0.3260    -0.3315   2.733688   2.733269     1.7641     2.1288      7.727    -0.5002     3.5036 1.0715e-01    -0.0557   101.4022     6.2504     6.5546    33.0266    33.0270    26.5281    26.5286    8.22558 0.0000e+00
       4972    123.882    -0.3261    -0.3314   2.733680   2.733277     1.7641     2.1271      7.727    -0.4900     3.5826 1.0727e-01    -0.0557   101.4022     6.2496     6.5471    33.0264    33.0269    26.5279    26.5285    8.22560 0.0000e+00
       4975    124.034    -0.3260    -0.3314   2.733701   2.733296     1.7633     2.1279      7.727    -0.4798     3.5826 1.0715e-01    -0.0557   101.4022     6.2448     6.5502    33.0265    33.0270    26.5280    26.5287    8.22557 0.0000e+00
       4978    124.192    -0.3259    -0.3312   2.733752   2.733343     1.7633     2.1275      7.727    -0.4900     3.5826 1.0715e-01    -0.0557   101.4022     6.2462     6.5498    33.0270    33.0274    26.5284    26.5289    8.22552 0.0000e+00
       4981    124.358    -0.3256    -0.3309   2.733796   2.733409     1.7629     2.1267      7.727    -0.5002     3.5826 1.0715e-01    -0.0557   101.4022     6.2469     6.5466    33.0272    33.0277    26.5285    26.5292    8.22546 0.0000e+00
       4984    124.526    -0.3250    -0.3302   2.733847   2.733438     1.7625     2.1267      7.727    -0.4798     3.5826 1.0715e-01    -0.0557   101.4022     6.2471     6.5477    33.0272    33.0274    26.5284    26.5289    8.22533 0.0000e+00
       4987    124.696    -0.3249    -0.3300   2.733876   2.733470     1.7621     2.1271      7.727    -0.4900     3.5826 1.0715e-01    -0.0550   101.3841     6.2492     6.5530    33.0273    33.0275    26.5285    26.5289    8.22529 0.0000e+00
       4990    124.868    -0.3245    -0.3301   2.733893   2.733492     1.7629     2.1263      7.727    -0.4900     3.5826 1.0715e-01    -0.0557   101.4022     6.2550     6.5534    33.0270    33.0277    26.5283    26.5292    8.22523 0.0000e+00
       4993    125.042    -0.3248    -0.3302   2.733919   2.733519     1.7621     2.1255      7.727    -0.4900     3.2273 1.0727e-01    -0.0557   101.4022     6.2493     6.5536    33.0275    33.0281    26.5288    26.5294    8.22526 0.0000e+00
       4996    125.211    -0.3244    -0.3298   2.733947   2.733550     1.7617     2.1255      7.727    -0.4900     2.0034 1.0740e-01    -0.0557   101.4022     6.2479     6.5546    33.0274    33.0279    26.5287    26.5293    8.22519 0.0000e+00
       4999    125.379    -0.3244    -0.3296   2.733985   2.733594     1.7617     2.1255      7.727    -0.4798     2.0429 1.0727e-01    -0.0557   101.4022     6.2497     6.5556    33.0278    33.0283    26.5290    26.5296    8.22515 0.0000e+00
       5002    125.544    -0.3241    -0.3296   2.733993   2.733579     1.7617     2.1255      7.727    -0.4900     2.0429 1.0715e-01    -0.0557   101.4022     6.2514     6.5571    33.0275    33.0280    26.5287    26.5293    8.22510 0.0000e+00
       5005    125.710    -0.3240    -0.3293   2.734071   2.733667     1.7617     2.1255      7.727    -0.5002     2.0429 1.0715e-01    -0.0557   101.4022     6.2497     6.5565    33.0283    33.0286    26.5294    26.5299    8.22504 0.0000e+00
       5008    125.870    -0.3239    -0.3290   2.734104   2.733731     1.7609     2.1243      7.727    -0.5002     2.0429 1.0715e-01    -0.0550   101.3841     6.2439     6.5507    33.0285    33.0291    26.5295    26.5303    8.22500 0.0000e+00
       5011    126.025    -0.3242    -0.3293   2.734138   2.733724     1.7613     2.1247      7.727    -0.5002     2.0429 1.0715e-01    -0.0557   101.4022     6.2433     6.5524    33.0292    33.0293    26.5301    26.5303    8.22503 0.0000e+00
       5014    126.174    -0.3244    -0.3295   2.734124   2.733701     1.7605     2.1247      7.727    -0.4900     2.0429 1.0715e-01    -0.0557   101.4022     6.2388     6.5515    33.0292    33.0291    26.5301    26.5303    8.22508 0.0000e+00
       5017    126.314    -0.3244    -0.3296   2.734140   2.733720     1.7596     2.1243      7.727    -0.5002     2.0429 1.0727e-01    -0.0557   101.4022     6.2339     6.5478    33.0293    33.0293    26.5302    26.5304    8.22507 0.0000e+00
       5020    126.447    -0.3241    -0.3297   2.734146   2.733765     1.7601     2.1243      7.727    -0.4798   247.4841 1.0715e-01    -0.0553   101.3932     6.2341     6.5460    33.0290    33.0299    26.5300    26.5309    8.22503 0.0000e+00
       5023    126.568    -0.3239    -0.3295   2.734171   2.733775     1.7605     2.1243      7.727    -0.5002   482.1870 1.0715e-01    -0.0553   101.3932     6.2381     6.5454    33.0291    33.0298    26.5300    26.5308    8.22498 0.0000e+00
       5026    126.682    -0.3241    -0.3295   2.734205   2.733765     1.7596     2.1234      7.727    -0.5002   481.0421 1.0715e-01    -0.0550   101.3841     6.2348     6.5427    33.0296    33.0296    26.5304    26.5307    8.22498 0.0000e+00
       5029    126.790    -0.3237    -0.3295   2.734224   2.733798     1.7592     2.1230      7.727    -0.4900   481.3579 1.0715e-01    -0.0536   101.3479     6.2353     6.5428    33.0294    33.0300    26.5302    26.5310    8.22492 0.0000e+00
       5032    126.890    -0.3238    -0.3295   2.734211   2.733798     1.7588     2.1230      7.727    -0.4798   481.3184 1.0715e-01    -0.0543   101.3660     6.2361     6.5425    33.0292    33.0299    26.5301    26.5309    8.22494 0.0000e+00
       5035    126.980    -0.3241    -0.3295   2.734230   2.733827     1.7588     2.1222      7.727    -0.5002   481.3579 1.0727e-01    -0.0543   101.3660     6.2408     6.5383    33.0297    33.0303    26.5305    26.5312    8.22497 0.0000e+00
       5038    127.059    -0.3241    -0.3294   2.734233   2.733821     1.7584     2.1218      7.727    -0.4798   481.3579 1.0715e-01    -0.0536   101.3479     6.2424     6.5387    33.0297    33.0301    26.5305    26.5310    8.22498 0.0000e+00
       5041    127.133    -0.3237    -0.3295   2.734225   2.733854     1.7576     2.1218      7.727    -0.4900   481.3579 1.0740e-01    -0.0539   101.3570     6.2370     6.5398    33.0292    33.0306    26.5301    26.5314    8.22492 0.0000e+00
       5044    127.200    -0.3239    -0.3291   2.734245   2.733865     1.7584     2.1218      7.727    -0.4900   481.3579 1.0715e-01    -0.0539   101.3570     6.2395     6.5417    33.0296    33.0303    26.5304    26.5312    8.22494 0.0000e+00
       5047    127.259    -0.3236    -0.3289   2.734271   2.733857     1.7584     2.1218      7.727    -0.4900   100.7405 1.0727e-01    -0.0529   101.3298     6.2400     6.5451    33.0296    33.0299    26.5304    26.5308    8.22488 0.0000e+00
       5050    127.309    -0.3236    -0.3288   2.734277   2.733867     1.7580     2.1218      7.727    -0.4900    -0.2074 1.0715e-01    -0.0514   101.2937     6.2417     6.5485    33.0296    33.0299    26.5304    26.5308    8.22488 0.0000e+00
       5053    127.356    -0.3234    -0.3287   2.734280   2.733894     1.7580     2.1214      7.727    -0.4900     3.5826 1.0715e-01    -0.0514   101.2937     6.2403     6.5467    33.0295    33.0301    26.5303    26.5310    8.22484 0.0000e+00
       5056    127.399    -0.3235    -0.3288   2.734289   2.733902     1.7580     2.1210      7.727    -0.5002     3.3457 1.0727e-01    -0.0514   101.2937     6.2402     6.5473    33.0296    33.0302    26.5304    26.5311    8.22485 0.0000e+00
       5059    127.441    -0.3232    -0.3291   2.734292   2.733887     1.7584     2.1206      7.727    -0.4900     3.3457 1.0715e-01    -0.0514   101.2937     6.2436     6.5485    33.0293    33.0304    26.5302    26.5313    8.22480 0.0000e+00
       5062    127.478    -0.3239    -0.3291   2.734267   2.733902     1.7572     2.1210      7.727    -0.4900     3.3457 1.0715e-01    -0.0514   101.2937     6.2394     6.5520    33.0297    33.0306    26.5305    26.5314    8.22493 0.0000e+00
       5065    127.508    -0.3238    -0.3295   2.734298   2.733887     1.7568     2.1206      7.727    -0.5002     3.3457 1.0727e-01    -0.0514   101.2937     6.2325     6.5501    33.0300    33.0307    26.5307    26.5316    8.22490 0.0000e+00
       5068    127.539    -0.3240    -0.3293   2.734287   2.733905     1.7568     2.1206      7.727    -0.5002     3.3457 1.0715e-01    -0.0514   101.2937     6.2265     6.5493    33.0301    33.0308    26.5308    26.5316    8.22494 0.0000e+00
       5071    127.569    -0.3241    -0.3293   2.734292   2.733936     1.7568     2.1206      7.727    -0.4900     3.5036 1.0715e-01    -0.0525   101.3208     6.2300     6.5491    33.0302    33.0311    26.5309    26.5319    8.22495 0.0000e+00
       5074    127.602    -0.3242    -0.3292   2.734295   2.733904     1.7564     2.1202      7.725    -0.5002     4.5696 1.0715e-01    -0.0521   101.3118     6.2288     6.5467    33.0304    33.0306    26.5310    26.5315    8.22496 0.0000e+00
       5077    127.634    -0.3238    -0.3292   2.734310   2.733908     1.7560     2.1194      7.727    -0.4900     4.5301 1.0715e-01    -0.0518   101.3027     6.2277     6.5457    33.0302    33.0306    26.5309    26.5314    8.22490 0.0000e+00
       5080    127.669    -0.3238    -0.3289   2.734311   2.733896     1.7564     2.1206      7.727    -0.5002     4.5301 1.0727e-01    -0.0521   101.3118     6.2314     6.5503    33.0301    33.0301    26.5308    26.5311    8.22489 0.0000e+00
       5083    127.700    -0.3237    -0.3291   2.734304   2.733893     1.7564     2.1202      7.727    -0.4798     4.5301 1.0715e-01    -0.0525   101.3208     6.2342     6.5497    33.0299    33.0303    26.5307    26.5312    8.22489 0.0000e+00
       5086    127.734    -0.3236    -0.3292   2.734306   2.733923     1.7564     2.1206      7.727    -0.4900     4.5301 1.0727e-01    -0.0521   101.3118     6.2367     6.5511    33.0298    33.0308    26.5306    26.5316    8.22487 0.0000e+00
       5089    127.771    -0.3239    -0.3292   2.734312   2.733916     1.7544     2.1194      7.725    -0.5002     4.5301 1.0715e-01    -0.0507   101.2756     6.2275     6.5419    33.0302    33.0307    26.5309    26.5315    8.22491 0.0000e+00
       5092    127.813    -0.3238    -0.3289   2.734340   2.733952     1.7552     2.1194      7.727    -0.4900     4.5301 1.0715e-01    -0.0507   101.2756     6.2284     6.5408    33.0304    33.0308    26.5310    26.5316    8.22487 0.0000e+00
       5095    127.859    -0.3235    -0.3286   2.734351   2.733990     1.7560     2.1190      7.725    -0.4900     4.5301 1.0727e-01    -0.0510   101.2846     6.2302     6.5393    33.0302    33.0310    26.5309    26.5317    8.22482 0.0000e+00
       5098    127.908    -0.3235    -0.3284   2.734360   2.734016     1.7552     2.1190      7.727    -0.4900   162.5647 1.0715e-01    -0.0510   101.2846     6.2303     6.5375    33.0303    33.0311    26.5310    26.5318    8.22482 0.0000e+00
       5101    127.964    -0.3233    -0.3285   2.734415   2.734002     1.7556     2.1194      7.722    -0.4900   482.1870 1.0740e-01    -0.0507   101.2756     6.2311     6.5357    33.0308    33.0309    26.5314    26.5317    8.22475 0.0000e+00
       5104    128.023    -0.3228    -0.3288   2.734422   2.733991     1.7552     2.1190      7.725    -0.4798   481.1211 1.0715e-01    -0.0510   101.2846     6.2266     6.5294    33.0303    33.0311    26.5310    26.5318    8.22467 0.0000e+00
       5107    128.087    -0.3232    -0.3289   2.734421   2.734004     1.7548     2.1194      7.727    -0.4900   481.3184 1.0715e-01    -0.0510   101.2846     6.2247     6.5305    33.0307    33.0313    26.5313    26.5320    8.22473 0.0000e+00
       5110    128.156    -0.3230    -0.3288   2.734423   2.734042     1.7544     2.1182      7.722    -0.5002   481.3579 1.0715e-01    -0.0525   101.3208     6.2237     6.5248    33.0305    33.0317    26.5310    26.5323    8.22470 0.0000e+00
       5113    128.230    -0.3232    -0.3285   2.734451   2.734056     1.7548     2.1173      7.725    -0.5002   481.3579 1.0715e-01    -0.0525   101.3208     6.2266     6.5216    33.0310    33.0315    26.5315    26.5322    8.22472 0.0000e+00
       5116    128.309    -0.3230    -0.3287   2.734457   2.734038     1.7535     2.1182      7.725    -0.5308   481.3579 1.0715e-01    -0.0525   101.3208     6.2138     6.5247    33.0308    33.0314    26.5313    26.5321    8.22467 0.0000e+00
       5119    128.391    -0.3230    -0.3285   2.734482   2.734075     1.7540     2.1182      7.722    -0.5206   481.3579 1.0715e-01    -0.0525   101.3208     6.2141     6.5276    33.0311    33.0317    26.5316    26.5323    8.22467 0.0000e+00
       5122    128.478    -0.3227    -0.3286   2.734474   2.734067     1.7548     2.1169      7.725    -0.5206   481.3579 1.0715e-01    -0.0525   101.3208     6.2211     6.5220    33.0306    33.0316    26.5311    26.5322    8.22462 0.0000e+00
       5125    128.569    -0.3231    -0.3285   2.734485   2.734101     1.7535     2.1169      7.722    -0.5104   191.9371 1.0715e-01    -0.0525   101.3208     6.2149     6.5218    33.0311    33.0319    26.5316    26.5325    8.22468 0.0000e+00
       5128    128.667    -0.3231    -0.3285   2.734494   2.734108     1.7531     2.1161      7.724    -0.5206    -0.1679 1.0727e-01    -0.0510   101.2846     6.2131     6.5182    33.0312    33.0319    26.5317    26.5325    8.22468 0.0000e+00
       5131    128.766    -0.3231    -0.3283   2.734486   2.734093     1.7531     2.1165      7.724    -0.5206     5.7934 1.0727e-01    -0.0493   101.2394     6.2159     6.5232    33.0311    33.0315    26.5316    26.5321    8.22469 0.0000e+00
       5134    128.869    -0.3232    -0.3284   2.734487   2.734113     1.7531     2.1161      7.722    -0.5308     5.5171 1.0715e-01    -0.0503   101.2665     6.2166     6.5268    33.0311    33.0318    26.5316    26.5323    8.22470 0.0000e+00
       5137    128.975    -0.3232    -0.3283   2.734496   2.734098     1.7535     2.1157      7.722    -0.5104     5.4776 1.0715e-01    -0.0493   101.2394     6.2201     6.5235    33.0312    33.0314    26.5316    26.5321    8.22470 0.0000e+00
       5140    129.083    -0.3232    -0.3285   2.734496   2.734099     1.7519     2.1165      7.722    -0.5104     5.4776 1.0727e-01    -0.0500   101.2575     6.2134     6.5276    33.0311    33.0316    26.5316    26.5322    8.22471 0.0000e+00
       5143    129.191    -0.3234    -0.3288   2.734487   2.734088     1.7523     2.1169      7.724    -0.4900     5.4776 1.0715e-01    -0.0496   101.2484     6.2166     6.5326    33.0311    33.0316    26.5316    26.5323    8.22475 0.0000e+00
       5146    129.298    -0.3235    -0.3290   2.734467   2.734066     1.7531     2.1157      7.722    -0.5002     5.5171 1.0727e-01    -0.0493   101.2394     6.2223     6.5300    33.0309    33.0316    26.5314    26.5322    8.22478 0.0000e+00
       5149    129.405    -0.3239    -0.3290   2.734488   2.734096     1.7519     2.1149      7.722    -0.4798     5.4776 1.0715e-01    -0.0486   101.2213     6.2217     6.5250    33.0315    33.0319    26.5319    26.5325    8.22483 0.0000e+00
       5152    129.513    -0.3233    -0.3290   2.734502   2.734110     1.7519     2.1149      7.722    -0.4900     4.2538 1.0727e-01    -0.0489   101.2304     6.2234     6.5221    33.0311    33.0320    26.5316    26.5326    8.22474 0.0000e+00
       5155    129.620    -0.3234    -0.3290   2.734516   2.734093     1.7523     2.1157      7.724    -0.5002     4.0564 1.0727e-01    -0.0493   101.2394     6.2249     6.5266    33.0313    33.0317    26.5318    26.5324    8.22474 0.0000e+00
       5158    129.729    -0.3237    -0.3293   2.734505   2.734100     1.7519     2.1153      7.722    -0.4900     4.0564 1.0727e-01    -0.0493   101.2394     6.2239     6.5253    33.0313    33.0321    26.5318    26.5326    8.22480 0.0000e+00
