Datasets/AZMP/TEL210/tel210_2020_050.cnv
* Sea-Bird SBE 9 Data File:
* FileName = C:\CTDDATA\tel210_2020_050.hex
* Software Version Seasave V 7.26.7.110
* Temperature SN = 1697
* Conductivity SN = 4216
* Number of Bytes Per Scan = 30
* Number of Voltage Words = 4
* Number of Scans Averaged by the Deck Unit = 1
* NMEA baud rate = 4800
** VESSEL/TRIP/SEQ STN:  tel210_2020_050
** LATITUDE XX XX.XX: 49 22.00 N
** LONGITUDE XX XX.XX: 051 01.00 W
** SOUNDING DEPTH (M): 0337
** PROBE TYPE: S1146
** CTD NUMBER: 040
** COMMENTS (14 CHAR): BB-09
** BOTTLES:  11
** LEVELS: 5,10,20,30,40,50,75,100,150,250,BTM
** STICKERS: 436033 - 436043
** VNET: Y
** DO2: N
# nquan = 22
# nvalues = 7889                        
# units = specified
# name 0 = scan: Scan Count
# name 1 = prDM: Pressure, Digiquartz [db]
# name 2 = t090C: Temperature [ITS-90, deg C]
# name 3 = t190C: Temperature, 2 [ITS-90, deg C]
# name 4 = c0S/m: Conductivity [S/m]
# name 5 = c1S/m: Conductivity, 2 [S/m]
# name 6 = sbeox0V: Oxygen raw, SBE 43 [V]
# name 7 = sbeox1V: Oxygen raw, SBE 43, 2 [V]
# name 8 = ph: pH
# name 9 = flECO-AFL: Fluorescence, WET Labs ECO-AFL/FL [mg/m^3]
# name 10 = wetCDOM: Fluorescence, WET Labs CDOM [mg/m^3]
# name 11 = par/sat/log: PAR/Logarithmic, Satlantic [umol photons/m^2/sec]
# name 12 = CStarAt0: Beam Attenuation, WET Labs C-Star [1/m]
# name 13 = CStarTr0: Beam Transmission, WET Labs C-Star [%]
# name 14 = sbeox0ML/L: Oxygen, SBE 43 [ml/l], WS = 2
# name 15 = sbeox1ML/L: Oxygen, SBE 43, 2 [ml/l], WS = 2
# name 16 = sal00: Salinity, Practical [PSU]
# name 17 = sal11: Salinity, Practical, 2 [PSU]
# name 18 = sigma-t00: Density [sigma-t, kg/m^3 ]
# name 19 = sigma-t11: Density, 2 [sigma-t, kg/m^3 ]
# name 20 = oxsatML/L: Oxygen Saturation, Weiss [ml/l]
# name 21 = flag: flag
# span 0 =         60,      59305       
# span 1 =      0.610,    337.425       
# span 2 =     0.8629,    10.2415       
# span 3 =     0.8470,    10.2462       
# span 4 =   2.870639,   3.587852       
# span 5 =   2.869442,   3.587916       
# span 6 =     1.8970,     2.6441       
# span 7 =     2.2817,     3.2366       
# span 8 =      7.977,      8.347       
# span 9 =     0.6452,     8.6769       
# span 10 =    -2.8130,   482.1870      
# span 11 = 1.0568e-01, 8.8805e-01      
# span 12 =    -0.1383,     1.1770      
# span 13 =    74.5079,   103.5183      
# span 14 =     6.2628,     9.6207      
# span 15 =     6.5060,    10.4482      
# span 16 =    32.1724,    34.7315      
# span 17 =    32.5107,    34.7328      
# span 18 =    24.9631,    27.6381      
# span 19 =    24.9753,    27.6396      
# span 20 =    6.38423,    7.93751      
# span 21 = 0.0000e+00, 0.0000e+00      
# interval = scans: 3                   
# start_time = Jul 21 2020 00:16:26 [System UTC, header]
# bad_flag = -9.990e-29
*END*
[from data line 5400]
      22945    192.734     3.2694     3.2760   3.164735   3.165662     1.9750     2.3798      8.024     0.6770     0.9770 1.0727e-01    -0.1236   103.1385     6.5915     6.8334    34.5856    34.5897    27.5291    27.5318    7.41668 0.0000e+00
      22948    192.664     3.2692     3.2777   3.165055   3.165791     1.9750     2.3790      8.024     0.6875     0.9770 1.0715e-01    -0.1236   103.1385     6.5888     6.8312    34.5897    34.5895    27.5325    27.5315    7.41652 0.0000e+00
      22951    192.600     3.2714     3.2782   3.165366   3.165838     1.9754     2.3794      8.024     0.7193     0.9770 1.0715e-01    -0.1233   103.1294     6.5856     6.8338    34.5912    34.5896    27.5334    27.5315    7.41603 0.0000e+00
      22954    192.532     3.2720     3.2755   3.164841   3.165418     1.9754     2.3782      8.024     0.7087     0.9770 1.0715e-01    -0.1236   103.1385     6.5835     6.8317    34.5842    34.5875    27.5278    27.5301    7.41627 0.0000e+00
      22957    192.465     3.2697     3.2703   3.164675   3.164867     1.9758     2.3786      8.024     0.7193     2.8720 1.0715e-01    -0.1236   103.1385     6.5838     6.8360    34.5847    34.5863    27.5284    27.5297    7.41667 0.0000e+00
      22960    192.399     3.2693     3.2681   3.165040   3.164881     1.9758     2.3786      8.024     0.6981     3.1089 1.0715e-01    -0.1236   103.1385     6.5824     6.8358    34.5896    34.5889    27.5323    27.5320    7.41650 0.0000e+00
      22963    192.332     3.2707     3.2712   3.164837   3.165211     1.9746     2.3786      8.024     0.6875     3.1089 1.0715e-01    -0.1240   103.1475     6.5762     6.8359    34.5856    34.5896    27.5290    27.5322    7.41643 0.0000e+00
      22966    192.264     3.2694     3.2727   3.164453   3.165363     1.9762     2.3786      8.024     0.6875     3.1089 1.0715e-01    -0.1236   103.1385     6.5835     6.8351    34.5824    34.5900    27.5266    27.5323    7.41683 0.0000e+00
      22969    192.194     3.2680     3.2735   3.164363   3.165522     1.9754     2.3786      8.024     0.6981     3.1089 1.0715e-01    -0.1240   103.1475     6.5790     6.8369    34.5829    34.5910    27.5271    27.5331    7.41707 0.0000e+00
      22972    192.127     3.2668     3.2756   3.164241   3.165682     1.9750     2.3786      8.024     0.7193     3.1089 1.0715e-01    -0.1243   103.1566     6.5761     6.8401    34.5827    34.5908    27.5271    27.5327    7.41730 0.0000e+00
      22975    192.060     3.2656     3.2762   3.164441   3.165550     1.9742     2.3786      8.024     0.7299     3.1089 1.0715e-01    -0.1250   103.1746     6.5737     6.8430    34.5864    34.5886    27.5301    27.5309    7.41734 0.0000e+00
      22978    191.993     3.2662     3.2742   3.164523   3.165309     1.9754     2.3786      8.024     0.7299     3.1089 1.0715e-01    -0.1247   103.1656     6.5812     6.8455    34.5869    34.5879    27.5305    27.5305    7.41721 0.0000e+00
      22981    191.923     3.2660     3.2731   3.164163   3.165329     1.9750     2.3790      8.024     0.7299     2.9510 1.0715e-01    -0.1247   103.1656     6.5823     6.8476    34.5827    34.5892    27.5272    27.5317    7.41745 0.0000e+00
      22984    191.855     3.2646     3.2723   3.163905   3.165285     1.9754     2.3786      8.024     0.7299     2.1219 1.0715e-01    -0.1247   103.1656     6.5863     6.8478    34.5811    34.5897    27.5261    27.5321    7.41779 0.0000e+00
      22987    191.783     3.2625     3.2724   3.163691   3.165392     1.9758     2.3790      8.024     0.7299     2.1614 1.0715e-01    -0.1247   103.1656     6.5882     6.8521    34.5809    34.5909    27.5260    27.5331    7.41820 0.0000e+00
      22990    191.711     3.2618     3.2726   3.163972   3.165437     1.9754     2.3790      8.024     0.7405     2.1614 1.0715e-01    -0.1250   103.1746     6.5859     6.8533    34.5851    34.5912    27.5294    27.5333    7.41812 0.0000e+00
      22993    191.638     3.2618     3.2719   3.163905   3.165008     1.9750     2.3794      8.024     0.7299     2.1614 1.0715e-01    -0.1247   103.1656     6.5873     6.8558    34.5842    34.5868    27.5288    27.5299    7.41814 0.0000e+00
      22996    191.564     3.2617     3.2639   3.163911   3.164052     1.9754     2.3798      8.024     0.7193     2.1614 1.0715e-01    -0.1243   103.1566     6.5877     6.8600    34.5845    34.5839    27.5290    27.5283    7.41816 0.0000e+00
      22999    191.490     3.2622     3.2624   3.163828   3.164049     1.9758     2.3798      8.024     0.6875     2.1614 1.0715e-01    -0.1247   103.1656     6.5882     6.8606    34.5829    34.5854    27.5277    27.5297    7.41814 0.0000e+00
      23002    191.414     3.2617     3.2645   3.163738   3.164201     1.9766     2.3798      8.024     0.7087     2.1614 1.0715e-01    -0.1243   103.1566     6.5919     6.8599    34.5825    34.5851    27.5274    27.5292    7.41826 0.0000e+00
      23005    191.337     3.2613     3.2606   3.163734   3.163523     1.9762     2.3798      8.024     0.6770     2.1614 1.0715e-01    -0.1247   103.1656     6.5915     6.8605    34.5829    34.5810    27.5278    27.5263    7.41831 0.0000e+00
      23008    191.257     3.2611     3.2555   3.163741   3.163176     1.9754     2.3806      8.024     0.7087     1.9245 1.0715e-01    -0.1247   103.1656     6.5874     6.8650    34.5832    34.5823    27.5281    27.5279    7.41833 0.0000e+00
      23011    191.178     3.2608     3.2542   3.163802   3.163140     1.9758     2.3810      8.024     0.6875     1.6876 1.0715e-01    -0.1243   103.1566     6.5900     6.8670    34.5844    34.5833    27.5290    27.5288    7.41834 0.0000e+00
      23014    191.097     3.2611     3.2543   3.163750   3.163167     1.9758     2.3802      8.024     0.7087     1.6876 1.0715e-01    -0.1243   103.1566     6.5919     6.8636    34.5834    34.5837    27.5282    27.5290    7.41832 0.0000e+00
      23017    191.017     3.2611     3.2550   3.163588   3.163286     1.9758     2.3810      8.024     0.6875     1.6876 1.0715e-01    -0.1247   103.1656     6.5909     6.8667    34.5815    34.5843    27.5267    27.5295    7.41842 0.0000e+00
      23020    190.939     3.2603     3.2569   3.163510   3.163482     1.9754     2.3810      8.024     0.6770     1.6876 1.0727e-01    -0.1243   103.1566     6.5884     6.8668    34.5814    34.5848    27.5267    27.5297    7.41857 0.0000e+00
      23023    190.859     3.2600     3.2582   3.163510   3.163584     1.9762     2.3810      8.024     0.7087     1.6876 1.0715e-01    -0.1243   103.1566     6.5921     6.8663    34.5818    34.5846    27.5271    27.5294    7.41861 0.0000e+00
      23026    190.782     3.2597     3.2583   3.163479   3.163429     1.9770     2.3810      8.024     0.7616     1.6876 1.0715e-01    -0.1247   103.1656     6.5955     6.8662    34.5818    34.5827    27.5271    27.5279    7.41866 0.0000e+00
      23029    190.702     3.2598     3.2571   3.163502   3.163344     1.9766     2.3810      8.024     0.7510     1.6876 1.0727e-01    -0.1243   103.1566     6.5960     6.8646    34.5821    34.5830    27.5272    27.5282    7.41864 0.0000e+00
      23032    190.623     3.2597     3.2568   3.163363   3.163340     1.9762     2.3823      8.024     0.7616     1.6876 1.0727e-01    -0.1243   103.1566     6.5927     6.8674    34.5805    34.5834    27.5260    27.5285    7.41873 0.0000e+00
      23035    190.543     3.2584     3.2566   3.163202   3.163282     1.9766     2.3819      8.024     0.7616     1.4113 1.0715e-01    -0.1247   103.1656     6.5925     6.8675    34.5800    34.5828    27.5257    27.5282    7.41899 0.0000e+00
      23038    190.463     3.2574     3.2562   3.163166   3.163227     1.9770     2.3823      8.024     0.7616     1.3323 1.0715e-01    -0.1247   103.1656     6.5926     6.8699    34.5806    34.5827    27.5263    27.5281    7.41914 0.0000e+00
      23041    190.386     3.2573     3.2550   3.163286   3.163090     1.9766     2.3823      8.024     0.7616     1.3323 1.0715e-01    -0.1247   103.1656     6.5881     6.8688    34.5822    34.5824    27.5276    27.5280    7.41908 0.0000e+00
      23044    190.310     3.2581     3.2548   3.163465   3.163072     1.9770     2.3827      8.024     0.7616     1.3323 1.0715e-01    -0.1247   103.1656     6.5872     6.8689    34.5836    34.5823    27.5286    27.5279    7.41887 0.0000e+00
      23047    190.231     3.2587     3.2549   3.163484   3.163019     1.9766     2.3823      8.024     0.7510     1.3323 1.0727e-01    -0.1247   103.1656     6.5825     6.8688    34.5832    34.5817    27.5282    27.5274    7.41877 0.0000e+00
      23050    190.154     3.2593     3.2541   3.163480   3.162892     1.9766     2.3827      8.024     0.7510     1.3323 1.0715e-01    -0.1247   103.1656     6.5820     6.8696    34.5826    34.5810    27.5278    27.5269    7.41870 0.0000e+00
      23053    190.076     3.2589     3.2534   3.163143   3.162841     1.9766     2.3823      8.024     0.7405     1.3323 1.0715e-01    -0.1247   103.1656     6.5841     6.8657    34.5790    34.5811    27.5249    27.5271    7.41896 0.0000e+00
      23056    189.998     3.2576     3.2532   3.162989   3.162854     1.9766     2.3827      8.024     0.7299     1.3323 1.0715e-01    -0.1250   103.1746     6.5856     6.8639    34.5786    34.5816    27.5247    27.5275    7.41922 0.0000e+00
      23059    189.920     3.2563     3.2534   3.162872   3.162934     1.9766     2.3835      8.026     0.7299     1.2139 1.0715e-01    -0.1247   103.1656     6.5858     6.8662    34.5786    34.5823    27.5248    27.5281    7.41945 0.0000e+00
      23062    189.841     3.2558     3.2542   3.163068   3.162980     1.9762     2.3831      8.024     0.7299    -0.1679 1.0715e-01    -0.1247   103.1656     6.5849     6.8638    34.5815    34.5821    27.5272    27.5278    7.41940 0.0000e+00
      23065    189.764     3.2561     3.2545   3.163322   3.163004     1.9762     2.3831      8.024     0.7405    -0.2469 1.0715e-01    -0.1247   103.1656     6.5846     6.8641    34.5843    34.5822    27.5294    27.5278    7.41920 0.0000e+00
      23068    189.688     3.2565     3.2539   3.163024   3.162876     1.9766     2.3831      8.024     0.7299    -0.2074 1.0715e-01    -0.1247   103.1656     6.5860     6.8625    34.5803    34.5813    27.5261    27.5272    7.41932 0.0000e+00
      23071    189.612     3.2554     3.2536   3.162787   3.162847     1.9766     2.3847      8.024     0.7299    -0.2074 1.0715e-01    -0.1247   103.1656     6.5870     6.8679    34.5787    34.5814    27.5250    27.5273    7.41962 0.0000e+00
      23074    189.534     3.2542     3.2535   3.162913   3.162839     1.9766     2.3831      8.024     0.7299    -0.2469 1.0715e-01    -0.1254   103.1837     6.5875     6.8610    34.5816    34.5814    27.5274    27.5273    7.41970 0.0000e+00
      23077    189.459     3.2544     3.2531   3.163054   3.162785     1.9770     2.3835      8.024     0.7193    -0.2074 1.0715e-01    -0.1254   103.1837     6.5912     6.8611    34.5830    34.5811    27.5285    27.5271    7.41958 0.0000e+00
      23080    189.384     3.2549     3.2526   3.163020   3.162719     1.9774     2.3827      8.024     0.6875    -0.2074 1.0715e-01    -0.1257   103.1927     6.5955     6.8583    34.5821    34.5810    27.5277    27.5270    7.41953 0.0000e+00
      23083    189.309     3.2564     3.2518   3.163093   3.162569     1.9770     2.3835      8.024     0.6770    -0.2074 1.0715e-01    -0.1257   103.1927     6.5944     6.8629    34.5814    34.5800    27.5270    27.5264    7.41928 0.0000e+00
      23086    189.232     3.2574     3.2508   3.163266   3.162528     1.9766     2.3839      8.026     0.6770     0.4638 1.0715e-01    -0.1257   103.1927     6.5945     6.8663    34.5825    34.5806    27.5278    27.5269    7.41905 0.0000e+00
      23089    189.155     3.2579     3.2508   3.163256   3.162549     1.9766     2.3835      8.024     0.7087     2.5562 1.0715e-01    -0.1254   103.1837     6.5934     6.8641    34.5820    34.5809    27.5273    27.5272    7.41899 0.0000e+00
      23092    189.077     3.2581     3.2519   3.163225   3.162653     1.9766     2.3835      8.024     0.7087     2.5167 1.0715e-01    -0.1250   103.1746     6.5922     6.8629    34.5813    34.5810    27.5268    27.5272    7.41897 0.0000e+00
      23095    188.998     3.2581     3.2514   3.163206   3.162560     1.9766     2.3835      8.024     0.7087     2.5167 1.0715e-01    -0.1226   103.1113     6.5919     6.8647    34.5812    34.5804    27.5267    27.5268    7.41899 0.0000e+00
      23098    188.915     3.2573     3.2501   3.162962   3.162412     1.9770     2.3835      8.024     0.6875     2.5167 1.0715e-01    -0.1226   103.1113     6.5933     6.8669    34.5792    34.5801    27.5252    27.5266    7.41924 0.0000e+00
      23101    188.832     3.2559     3.2501   3.162835   3.162451     1.9778     2.3839      8.024     0.7087     2.5167 1.0715e-01    -0.1226   103.1113     6.5959     6.8682    34.5791    34.5807    27.5252    27.5271    7.41949 0.0000e+00
      23104    188.742     3.2543     3.2501   3.162607   3.162385     1.9778     2.3847      8.024     0.7299     2.5167 1.0715e-01    -0.1226   103.1113     6.5988     6.8732    34.5781    34.5799    27.5246    27.5265    7.41984 0.0000e+00
      23107    188.648     3.2534     3.2486   3.162107   3.162182     1.9774     2.3847      8.024     0.7299     2.5167 1.0715e-01    -0.1226   103.1113     6.6001     6.8729    34.5731    34.5791    27.5207    27.5260    7.42026 0.0000e+00
      23110    188.555     3.2501     3.2478   3.161822   3.162108     1.9782     2.3847      8.024     0.7299     2.5167 1.0715e-01    -0.1226   103.1113     6.6060     6.8724    34.5732    34.5791    27.5211    27.5260    7.42086 0.0000e+00
      23113    188.458     3.2479     3.2483   3.161628   3.162166     1.9770     2.3835      8.024     0.7299     2.2009 1.0715e-01    -0.1229   103.1204     6.6007     6.8696    34.5732    34.5794    27.5213    27.5261    7.42126 0.0000e+00
      23116    188.358     3.2463     3.2473   3.161392   3.161959     1.9774     2.3847      8.024     0.7299     1.9245 1.0715e-01    -0.1247   103.1656     6.6036     6.8715    34.5721    34.5779    27.5206    27.5251    7.42161 0.0000e+00
      23119    188.256     3.2443     3.2438   3.161227   3.161551     1.9778     2.3847      8.024     0.7299     1.9245 1.0715e-01    -0.1243   103.1566     6.6047     6.8730    34.5723    34.5768    27.5210    27.5246    7.42198 0.0000e+00
      23122    188.150     3.2425     3.2404   3.161181   3.161214     1.9774     2.3839      8.026     0.7299     1.9245 1.0727e-01    -0.1240   103.1475     6.6007     6.8699    34.5738    34.5764    27.5223    27.5246    7.42224 0.0000e+00
      23125    188.044     3.2417     3.2398   3.161279   3.161254     1.9774     2.3855      8.024     0.7299     1.9245 1.0715e-01    -0.1240   103.1475     6.6007     6.8744    34.5759    34.5776    27.5240    27.5256    7.42229 0.0000e+00
      23128    187.931     3.2414     3.2399   3.160984   3.161235     1.9787     2.3859      8.024     0.7299     1.9245 1.0715e-01    -0.1247   103.1656     6.6087     6.8749    34.5727    34.5773    27.5215    27.5253    7.42250 0.0000e+00
      23131    187.816     3.2398     3.2390   3.160815   3.161055     1.9782     2.3847      8.024     0.7299     1.9245 1.0715e-01    -0.1247   103.1656     6.6046     6.8721    34.5724    34.5762    27.5214    27.5245    7.42281 0.0000e+00
      23134    187.697     3.2389     3.2375   3.160834   3.160863     1.9787     2.3851      8.024     0.7299     1.9245 1.0715e-01    -0.1236   103.1385     6.6044     6.8757    34.5736    34.5755    27.5225    27.5241    7.42291 0.0000e+00
      23137    187.576     3.2389     3.2356   3.160821   3.160641     1.9787     2.3851      8.024     0.7299     1.9245 1.0715e-01    -0.1236   103.1385     6.6071     6.8764    34.5736    34.5749    27.5225    27.5238    7.42292 0.0000e+00
