Datasets/AZMP/TEL210/tel210_2020_110.cnv
* Sea-Bird SBE 9 Data File:
* FileName = C:\CTDDATA\tel210_2020_110.hex
* Software Version Seasave V 7.26.7.110
* Temperature SN = 1697
* Conductivity SN = 4216
* Number of Bytes Per Scan = 30
* Number of Voltage Words = 4
* Number of Scans Averaged by the Deck Unit = 1
* NMEA baud rate = 4800
** VESSEL/TRIP/SEQ STN:  tel210_2020_110
** LATITUDE XX XX.XX: 55 15.00 N
** LONGITUDE XX XX.XX: 058 26.20 W
** SOUNDING DEPTH (M): 0225
** PROBE TYPE: S1146
** CTD NUMBER: 076
** COMMENTS (14 CHAR): MB-02
** BOTTLES:  10
** LEVELS: 5,10,20,30,40,50,75,100,150,BTM
** STICKERS: 436330 - 436339
** VNET: Y
** DO2: N
# nquan = 22
# nvalues = 4206                        
# units = specified
# name 0 = scan: Scan Count
# name 1 = prDM: Pressure, Digiquartz [db]
# name 2 = t090C: Temperature [ITS-90, deg C]
# name 3 = t190C: Temperature, 2 [ITS-90, deg C]
# name 4 = c0S/m: Conductivity [S/m]
# name 5 = c1S/m: Conductivity, 2 [S/m]
# name 6 = sbeox0V: Oxygen raw, SBE 43 [V]
# name 7 = sbeox1V: Oxygen raw, SBE 43, 2 [V]
# name 8 = ph: pH
# name 9 = flECO-AFL: Fluorescence, WET Labs ECO-AFL/FL [mg/m^3]
# name 10 = wetCDOM: Fluorescence, WET Labs CDOM [mg/m^3]
# name 11 = par/sat/log: PAR/Logarithmic, Satlantic [umol photons/m^2/sec]
# name 12 = CStarAt0: Beam Attenuation, WET Labs C-Star [1/m]
# name 13 = CStarTr0: Beam Transmission, WET Labs C-Star [%]
# name 14 = sbeox0ML/L: Oxygen, SBE 43 [ml/l], WS = 2
# name 15 = sbeox1ML/L: Oxygen, SBE 43, 2 [ml/l], WS = 2
# name 16 = sal00: Salinity, Practical [PSU]
# name 17 = sal11: Salinity, Practical, 2 [PSU]
# name 18 = sigma-t00: Density [sigma-t, kg/m^3 ]
# name 19 = sigma-t11: Density, 2 [sigma-t, kg/m^3 ]
# name 20 = oxsatML/L: Oxygen Saturation, Weiss [ml/l]
# name 21 = flag: flag
# span 0 =         89,      37422       
# span 1 =      1.411,    191.713       
# span 2 =    -1.2806,     7.0239       
# span 3 =    -1.2857,     7.0183       
# span 4 =   2.588797,   3.134426       
# span 5 =   2.587806,   3.133823       
# span 6 =     1.9431,     2.5789       
# span 7 =     2.3444,     3.1520       
# span 8 =      7.976,      8.280       
# span 9 =     0.6664,     3.5870       
# span 10 =    -2.8130,   482.1870      
# span 11 = 1.0715e-01, 1.1716e+02      
# span 12 =    -0.1352,     0.1167      
# span 13 =    97.1248,   103.4369      
# span 14 =     7.0218,     9.4997      
# span 15 =     7.0598,    10.1119      
# span 16 =    30.6651,    33.0045      
# span 17 =    30.6661,    33.0065      
# span 18 =    24.0028,    26.5298      
# span 19 =    24.0044,    26.5316      
# span 20 =    6.95033,    8.47733      
# span 21 = 0.0000e+00, 0.0000e+00      
# interval = scans: 3                   
# start_time = Jul 27 2020 20:21:06 [System UTC, header]
# bad_flag = -9.990e-29
*END*
[from data line 1054]
       3584    110.435    -1.0550    -1.0574   2.633273   2.633071     2.0516     2.4892      8.035     0.7510     1.7271 1.0727e-01    -0.1313   103.3374     7.9497     8.2905    32.4747    32.4746    26.1085    26.1085    8.42101 0.0000e+00
       3587    110.558    -1.0539    -1.0570   2.633285   2.633087     2.0525     2.4900      8.035     0.7616     1.4507 1.0715e-01    -0.1306   103.3193     7.9483     8.2870    32.4737    32.4743    26.1077    26.1083    8.42084 0.0000e+00
       3590    110.683    -1.0569    -1.0585   2.632891   2.632877     2.0533     2.4908      8.035     0.7616     1.4507 1.0727e-01    -0.1299   103.3012     7.9537     8.2884    32.4715    32.4730    26.1060    26.1073    8.42165 0.0000e+00
       3593    110.813    -1.0637    -1.0645   2.632383   2.632312     2.0525     2.4908      8.035     0.7616     1.4507 1.0727e-01    -0.1303   103.3103     7.9502     8.2913    32.4719    32.4717    26.1065    26.1064    8.42319 0.0000e+00
       3596    110.946    -1.0669    -1.0697   2.632421   2.632163     2.0529     2.4908      8.035     0.7616     1.4507 1.0727e-01    -0.1306   103.3193     7.9498     8.2937    32.4757    32.4753    26.1097    26.1095    8.42369 0.0000e+00
       3599    111.080    -1.0635    -1.0709   2.632919   2.632241     2.0541     2.4912      8.035     0.7510     1.4507 1.0727e-01    -0.1299   103.3012     7.9539     8.2938    32.4787    32.4775    26.1121    26.1113    8.42274 0.0000e+00
       3602    111.214    -1.0588    -1.0674   2.633263   2.632688     2.0533     2.4920      8.035     0.7510     1.4507 1.0740e-01    -0.1299   103.3012     7.9500     8.2928    32.4782    32.4797    26.1115    26.1130    8.42168 0.0000e+00
       3605    111.348    -1.0550    -1.0623   2.633641   2.633203     2.0533     2.4916      8.035     0.7616     1.4507 1.0715e-01    -0.1299   103.3012     7.9500     8.2873    32.4791    32.4812    26.1122    26.1140    8.42076 0.0000e+00
       3608    111.481    -1.0516    -1.0580   2.633880   2.633492     2.0537     2.4908      8.035     0.7616     1.4507 1.0727e-01    -0.1310   103.3284     7.9500     8.2779    32.4787    32.4803    26.1117    26.1132    8.42002 0.0000e+00
       3611    111.613    -1.0498    -1.0552   2.634058   2.633679     2.0541     2.4908      8.035     0.7510    -0.9180 1.0715e-01    -0.1310   103.3284     7.9510     8.2740    32.4790    32.4797    26.1119    26.1126    8.41958 0.0000e+00
       3614    111.747    -1.0480    -1.0536   2.634220   2.633853     2.0549     2.4924      8.035     0.7510    -1.4707 1.0715e-01    -0.1310   103.3284     7.9535     8.2798    32.4792    32.4803    26.1120    26.1130    8.41916 0.0000e+00
       3617    111.878    -1.0471    -1.0521   2.634270   2.633979     2.0549     2.4928      8.035     0.7616    -1.4313 1.0727e-01    -0.1310   103.3284     7.9525     8.2811    32.4789    32.4804    26.1117    26.1131    8.41897 0.0000e+00
       3620    112.005    -1.0473    -1.0517   2.634288   2.633963     2.0549     2.4928      8.035     0.7616    -1.4707 1.0740e-01    -0.1310   103.3284     7.9503     8.2801    32.4793    32.4796    26.1120    26.1124    8.41900 0.0000e+00
       3623    112.133    -1.0464    -1.0519   2.634396   2.634041     2.0549     2.4920      8.035     0.7510    -1.3918 1.0740e-01    -0.1310   103.3284     7.9492     8.2749    32.4797    32.4808    26.1123    26.1134    8.41876 0.0000e+00
       3626    112.255    -1.0460    -1.0512   2.634542   2.634126     2.0553     2.4928      8.035     0.7616    -1.4313 1.0727e-01    -0.1310   103.3284     7.9542     8.2791    32.4811    32.4811    26.1135    26.1136    8.41859 0.0000e+00
       3629    112.376    -1.0449    -1.0503   2.634721   2.634348     2.0561     2.4932      8.033     0.7510    -1.4313 1.0715e-01    -0.1306   103.3193     7.9531     8.2835    32.4823    32.4831    26.1144    26.1152    8.41827 0.0000e+00
       3632    112.494    -1.0437    -1.0491   2.634946   2.634580     2.0561     2.4920      8.035     0.7616    -1.4313 1.0752e-01    -0.1310   103.3284     7.9528     8.2793    32.4840    32.4849    26.1158    26.1166    8.41790 0.0000e+00
       3635    112.611    -1.0423    -1.0475   2.635158   2.634820     2.0561     2.4932      8.035     0.7616    -1.3128 1.0727e-01    -0.1306   103.3193     7.9471     8.2822    32.4853    32.4864    26.1168    26.1178    8.41751 0.0000e+00
       3638    112.723    -1.0409    -1.0462   2.635282   2.634970     2.0557     2.4932      8.035     0.7616    -0.3653 1.0727e-01    -0.1303   103.3103     7.9414     8.2769    32.4854    32.4868    26.1168    26.1181    8.41718 0.0000e+00
       3641    112.835    -1.0401    -1.0452   2.635378   2.635059     2.0557     2.4932      8.035     0.7510    -0.3258 1.0727e-01    -0.1310   103.3284     7.9425     8.2786    32.4857    32.4870    26.1170    26.1182    8.41696 0.0000e+00
       3644    112.941    -1.0400    -1.0450   2.635446   2.635122     2.0565     2.4932      8.035     0.7510    -0.3258 1.0727e-01    -0.1303   103.3103     7.9487     8.2819    32.4865    32.4875    26.1176    26.1186    8.41691 0.0000e+00
       3647    113.044    -1.0398    -1.0450   2.635496   2.635170     2.0565     2.4932      8.035     0.7616    -0.3258 1.0727e-01    -0.1299   103.3012     7.9512     8.2823    32.4868    32.4881    26.1179    26.1191    8.41683 0.0000e+00
       3650    113.148    -1.0399    -1.0449   2.635509   2.635192     2.0570     2.4936      8.035     0.7616    -0.3258 1.0740e-01    -0.1310   103.3284     7.9522     8.2819    32.4871    32.4883    26.1181    26.1192    8.41684 0.0000e+00
       3653    113.247    -1.0397    -1.0449   2.635508   2.635189     2.0565     2.4945      8.035     0.7616    -0.3653 1.0727e-01    -0.1306   103.3193     7.9492     8.2859    32.4868    32.4881    26.1179    26.1191    8.41682 0.0000e+00
       3656    113.344    -1.0397    -1.0449   2.635520   2.635190     2.0574     2.4949      8.035     0.7616    -0.3653 1.0715e-01    -0.1306   103.3193     7.9548     8.2893    32.4870    32.4880    26.1180    26.1191    8.41681 0.0000e+00
       3659    113.440    -1.0395    -1.0448   2.635575   2.635178     2.0561     2.4941      8.035     0.7405    -0.3258 1.0715e-01    -0.1306   103.3193     7.9519     8.2843    32.4874    32.4877    26.1183    26.1188    8.41673 0.0000e+00
       3662    113.538    -1.0392    -1.0447   2.635623   2.635263     2.0570     2.4936      8.035     0.7299     0.0690 1.0727e-01    -0.1310   103.3284     7.9566     8.2821    32.4877    32.4887    26.1186    26.1196    8.41666 0.0000e+00
       3665    113.636    -1.0391    -1.0445   2.635657   2.635304     2.0578     2.4945      8.035     0.7299     0.8586 1.0715e-01    -0.1306   103.3193     7.9588     8.2830    32.4879    32.4890    26.1188    26.1198    8.41661 0.0000e+00
       3668    113.735    -1.0392    -1.0444   2.635672   2.635331     2.0582     2.4953      8.035     0.7299     0.8586 1.0727e-01    -0.1306   103.3193     7.9587     8.2834    32.4882    32.4892    26.1190    26.1200    8.41661 0.0000e+00
       3671    113.833    -1.0391    -1.0442   2.635680   2.635328     2.0586     2.4945      8.035     0.7299     0.8191 1.0727e-01    -0.1310   103.3284     7.9577     8.2786    32.4882    32.4889    26.1190    26.1197    8.41661 0.0000e+00
       3674    113.933    -1.0389    -1.0442   2.635736   2.635385     2.0578     2.4945      8.035     0.7299     0.8586 1.0727e-01    -0.1310   103.3284     7.9528     8.2780    32.4886    32.4896    26.1193    26.1203    8.41652 0.0000e+00
       3677    114.032    -1.0386    -1.0438   2.635819   2.635438     2.0578     2.4949      8.035     0.7299     0.8586 1.0727e-01    -0.1310   103.3284     7.9501     8.2791    32.4894    32.4899    26.1200    26.1205    8.41641 0.0000e+00
       3680    114.135    -1.0379    -1.0434   2.635874   2.635481     2.0582     2.4957      8.035     0.7405     0.8586 1.0715e-01    -0.1310   103.3284     7.9528     8.2835    32.4893    32.4900    26.1199    26.1206    8.41626 0.0000e+00
       3683    114.240    -1.0380    -1.0434   2.635849   2.635483     2.0590     2.4949      8.035     0.7511     0.8586 1.0740e-01    -0.1310   103.3284     7.9558     8.2823    32.4890    32.4899    26.1196    26.1205    8.41629 0.0000e+00
       3686    114.345    -1.0382    -1.0434   2.635837   2.635517     2.0586     2.4953      8.035     0.7616     0.8586 1.0715e-01    -0.1303   103.3103     7.9468     8.2816    32.4890    32.4903    26.1197    26.1208    8.41635 0.0000e+00
       3689    114.452    -1.0385    -1.0436   2.635850   2.635489     2.0586     2.4945      8.035     0.7510    -0.6022 1.0727e-01    -0.1292   103.2831     7.9419     8.2777    32.4894    32.4901    26.1200    26.1207    8.41638 0.0000e+00
       3692    114.561    -1.0385    -1.0436   2.635884   2.635539     2.0582     2.4949      8.035     0.7616    -1.4707 1.0715e-01    -0.1296   103.2922     7.9362     8.2799    32.4898    32.4907    26.1203    26.1212    8.41637 0.0000e+00
       3695    114.673    -1.0381    -1.0431   2.635986   2.635640     2.0586     2.4957      8.035     0.7510    -1.3918 1.0727e-01    -0.1296   103.2922     7.9361     8.2825    32.4908    32.4915    26.1211    26.1217    8.41623 0.0000e+00
       3698    114.784    -1.0377    -1.0427   2.636049   2.635714     2.0582     2.4957      8.035     0.7405    -1.3918 1.0727e-01    -0.1299   103.3012     7.9346     8.2807    32.4911    32.4919    26.1213    26.1221    8.41612 0.0000e+00
       3701    114.892    -1.0375    -1.0427   2.636096   2.635776     2.0590     2.4957      8.035     0.7616    -1.4313 1.0715e-01    -0.1292   103.2831     7.9404     8.2796    32.4915    32.4928    26.1216    26.1228    8.41605 0.0000e+00
       3704    115.002    -1.0376    -1.0428   2.636134   2.635818     2.0594     2.4957      8.035     0.7616    -1.3918 1.0727e-01    -0.1296   103.2922     7.9439     8.2818    32.4919    32.4933    26.1220    26.1233    8.41603 0.0000e+00
       3707    115.112    -1.0377    -1.0432   2.636190   2.635868     2.0590     2.4957      8.033     0.7511    -1.3918 1.0715e-01    -0.1296   103.2922     7.9434     8.2841    32.4928    32.4944    26.1227    26.1242    8.41602 0.0000e+00
       3710    115.220    -1.0380    -1.0431   2.636244   2.635892     2.0586     2.4957      8.035     0.7616    -1.4313 1.0727e-01    -0.1289   103.2741     7.9417     8.2850    32.4938    32.4945    26.1235    26.1242    8.41603 0.0000e+00
       3713    115.327    -1.0381    -1.0433   2.636355   2.635997     2.0582     2.4965      8.033     0.7616    -1.3523 1.0727e-01    -0.1299   103.3012     7.9370     8.2894    32.4953    32.4961    26.1248    26.1255    8.41596 0.0000e+00
       3716    115.433    -1.0369    -1.0423   2.636811   2.636434     2.0578     2.4953      8.035     0.7616     4.1353 1.0740e-01    -0.1296   103.2922     7.9339     8.2836    32.5001    32.5009    26.1286    26.1294    8.41540 0.0000e+00
       3719    115.535    -1.0305    -1.0371   2.637964   2.637490     2.0582     2.4957      8.033     0.7616     4.8065 1.0727e-01    -0.1296   103.2922     7.9336     8.2832    32.5089    32.5095    26.1355    26.1362    8.41344 0.0000e+00
       3722    115.635    -1.0231    -1.0299   2.639008   2.638580     2.0594     2.4957      8.033     0.7616     4.7670 1.0715e-01    -0.1299   103.3012     7.9362     8.2822    32.5149    32.5165    26.1401    26.1416    8.41139 0.0000e+00
       3725    115.733    -1.0171    -1.0230   2.639939   2.639635     2.0598     2.4965      8.035     0.7722     4.7670 1.0727e-01    -0.1296   103.2922     7.9317     8.2832    32.5210    32.5232    26.1449    26.1469    8.40967 0.0000e+00
       3728    115.827    -1.0108    -1.0164   2.640905   2.640575     2.0598     2.4961      8.033     0.7616     4.7670 1.0727e-01    -0.1292   103.2831     7.9314     8.2752    32.5272    32.5287    26.1497    26.1511    8.40786 0.0000e+00
       3731    115.920    -1.0071    -1.0122   2.641313   2.641010     2.0590     2.4965      8.035     0.7510     4.7670 1.0715e-01    -0.1299   103.3012     7.9297     8.2754    32.5286    32.5300    26.1508    26.1521    8.40693 0.0000e+00
       3734    116.008    -1.0089    -1.0139   2.641024   2.640735     2.0586     2.4969      8.035     0.7510     4.7670 1.0727e-01    -0.1299   103.3012     7.9281     8.2772    32.5267    32.5281    26.1492    26.1506    8.40746 0.0000e+00
       3737    116.095    -1.0163    -1.0205   2.640425   2.640153     2.0582     2.4973      8.035     0.7616     4.7670 1.0740e-01    -0.1296   103.2922     7.9272     8.2814    32.5265    32.5273    26.1493    26.1501    8.40916 0.0000e+00
       3740    116.177    -1.0266    -1.0312   2.639607   2.639251     2.0590     2.4969      8.035     0.7405     4.3327 1.0715e-01    -0.1299   103.3012     7.9352     8.2849    32.5265    32.5266    26.1497    26.1499    8.41152 0.0000e+00
       3743    116.257    -1.0342    -1.0400   2.639511   2.639073     2.0594     2.4969      8.035     0.7510     2.2403 1.0715e-01    -0.1299   103.3012     7.9366     8.2808    32.5334    32.5337    26.1554    26.1559    8.41286 0.0000e+00
       3746    116.336    -1.0337    -1.0399   2.639852   2.639490     2.0582     2.4973      8.035     0.7616     2.2798 1.0740e-01    -0.1292   103.2831     7.9276     8.2777    32.5374    32.5392    26.1587    26.1603    8.41251 0.0000e+00
       3749    116.411    -1.0328    -1.0385   2.639964   2.639655     2.0582     2.4961      8.037     0.7616     2.2798 1.0727e-01    -0.1275   103.2380     7.9290     8.2701    32.5379    32.5399    26.1590    26.1609    8.41227 0.0000e+00
       3752    116.483    -1.0327    -1.0382   2.640008   2.639679     2.0590     2.4957      8.035     0.7722     2.2798 1.0740e-01    -0.1275   103.2380     7.9351     8.2682    32.5384    32.5399    26.1595    26.1609    8.41223 0.0000e+00
       3755    116.556    -1.0329    -1.0383   2.640004   2.639678     2.0590     2.4969      8.035     0.7510     2.2798 1.0715e-01    -0.1278   103.2470     7.9377     8.2719    32.5385    32.5399    26.1596    26.1608    8.41227 0.0000e+00
       3758    116.629    -1.0331    -1.0384   2.640012   2.639680     2.0586     2.4969      8.035     0.7299     2.2798 1.0715e-01    -0.1278   103.2470     7.9382     8.2710    32.5387    32.5400    26.1598    26.1610    8.41229 0.0000e+00
       3761    116.700    -1.0333    -1.0383   2.639995   2.639686     2.0590     2.4977      8.035     0.7616     2.2798 1.0727e-01    -0.1275   103.2380     7.9370     8.2755    32.5387    32.5400    26.1598    26.1609    8.41235 0.0000e+00
       3764    116.772    -1.0337    -1.0386   2.639968   2.639686     2.0602     2.4969      8.035     0.7299     2.2798 1.0727e-01    -0.1278   103.2470     7.9403     8.2735    32.5387    32.5402    26.1598    26.1611    8.41244 0.0000e+00
       3767    116.843    -1.0344    -1.0390   2.639957   2.639633     2.0590     2.4957      8.035     0.7616     1.6481 1.0715e-01    -0.1271   103.2289     7.9371     8.2666    32.5393    32.5399    26.1603    26.1609    8.41257 0.0000e+00
       3770    116.916    -1.0348    -1.0398   2.639974   2.639661     2.0590     2.4965      8.035     0.7299     0.9375 1.0727e-01    -0.1268   103.2199     7.9412     8.2673    32.5399    32.5411    26.1608    26.1619    8.41261 0.0000e+00
       3773    116.994    -1.0351    -1.0404   2.639991   2.639658     2.0586     2.4965      8.035     0.7616     0.9770 1.0715e-01    -0.1268   103.2199     7.9386     8.2673    32.5405    32.5416    26.1612    26.1624    8.41266 0.0000e+00
       3776    117.072    -1.0353    -1.0404   2.639989   2.639664     2.0586     2.4969      8.035     0.7616     0.9770 1.0727e-01    -0.1268   103.2199     7.9359     8.2641    32.5406    32.5416    26.1613    26.1624    8.41270 0.0000e+00
