Datasets/AZMP/TEL210/tel210_2020_024.cnv
* Sea-Bird SBE 9 Data File:
* FileName = C:\CTDDATA\tel210_2020_024.hex
* Software Version Seasave V 7.26.7.110
* Temperature SN = 1697
* Conductivity SN = 4216
* Number of Bytes Per Scan = 30
* Number of Voltage Words = 4
* Number of Scans Averaged by the Deck Unit = 1
* NMEA baud rate = 4800
** VESSEL/TRIP/SEQ STN:  tel210_2020_024
** LATITUDE XX XX.XX: 47 00.00 N
** LONGITUDE XX XX.XX: 045 43.80 W
** SOUNDING DEPTH (M): 0276
** PROBE TYPE: S1146
** CTD NUMBER: 023
** COMMENTS (14 CHAR): FC-22
** BOTTLES:  0
** LEVELS:
** STICKERS:
** VNET: N
** DO2: N
# nquan = 22
# nvalues = 5725                        
# units = specified
# name 0 = scan: Scan Count
# name 1 = prDM: Pressure, Digiquartz [db]
# name 2 = t090C: Temperature [ITS-90, deg C]
# name 3 = t190C: Temperature, 2 [ITS-90, deg C]
# name 4 = c0S/m: Conductivity [S/m]
# name 5 = c1S/m: Conductivity, 2 [S/m]
# name 6 = sbeox0V: Oxygen raw, SBE 43 [V]
# name 7 = sbeox1V: Oxygen raw, SBE 43, 2 [V]
# name 8 = ph: pH
# name 9 = flECO-AFL: Fluorescence, WET Labs ECO-AFL/FL [mg/m^3]
# name 10 = wetCDOM: Fluorescence, WET Labs CDOM [mg/m^3]
# name 11 = par/sat/log: PAR/Logarithmic, Satlantic [umol photons/m^2/sec]
# name 12 = CStarAt0: Beam Attenuation, WET Labs C-Star [1/m]
# name 13 = CStarTr0: Beam Transmission, WET Labs C-Star [%]
# name 14 = sbeox0ML/L: Oxygen, SBE 43 [ml/l], WS = 2
# name 15 = sbeox1ML/L: Oxygen, SBE 43, 2 [ml/l], WS = 2
# name 16 = sal00: Salinity, Practical [PSU]
# name 17 = sal11: Salinity, Practical, 2 [PSU]
# name 18 = sigma-t00: Density [sigma-t, kg/m^3 ]
# name 19 = sigma-t11: Density, 2 [sigma-t, kg/m^3 ]
# name 20 = oxsatML/L: Oxygen Saturation, Weiss [ml/l]
# name 21 = flag: flag
# span 0 =         89,      18479       
# span 1 =      0.801,    278.674       
# span 2 =     3.6695,    11.4536       
# span 3 =     3.6645,    11.4495       
# span 4 =   3.184470,   3.779646       
# span 5 =   3.183908,   3.779023       
# span 6 =     1.6576,     2.4251       
# span 7 =     1.9827,     2.9658       
# span 8 =      7.891,      8.221       
# span 9 =    -0.6325,     5.7269       
# span 10 =    -2.8130,   482.1870      
# span 11 = 1.0703e-01, 1.0186e+02      
# span 12 =    -0.1289,     0.2373      
# span 13 =    94.2400,   103.2741      
# span 14 =     5.0538,     7.8004      
# span 15 =     5.2712,     8.2498      
# span 16 =    33.3288,    34.8730      
# span 17 =    33.3290,    34.8719      
# span 18 =    25.3942,    27.6514      
# span 19 =    25.3944,    27.6510      
# span 20 =    6.18635,    7.34967      
# span 21 = 0.0000e+00, 0.0000e+00      
# interval = scans: 3                   
# start_time = Jul 17 2020 21:04:14 [System UTC, header]
# bad_flag = -9.990e-29
*END*
[from data line 198]
        829     20.704    11.0001    10.9941   3.746501   3.745869     2.2959     2.7741      8.164     0.3036   481.1211 1.6262e+01     0.0752    98.1376     6.4984     6.7429    33.4203    33.4195    25.5455    25.5459    6.24393 0.0000e+00
        832     20.832    10.9750    10.9756   3.744649   3.744460     2.2951     2.7741      8.164     0.3036   481.1211 1.6056e+01     0.0748    98.1467     6.5005     6.7466    33.4247    33.4223    25.5534    25.5514    6.24715 0.0000e+00
        835     20.958    10.9638    10.9721   3.743799   3.744253     2.2963     2.7741      8.164     0.3036   481.1211 1.5854e+01     0.0759    98.1195     6.5060     6.7471    33.4265    33.4234    25.5568    25.5529    6.24860 0.0000e+00
        838     21.088    10.9390    10.9468   3.741982   3.742491     2.2963     2.7741      8.164     0.3036   481.1211 1.5671e+01     0.0763    98.1105     6.5088     6.7482    33.4309    33.4289    25.5646    25.5617    6.25178 0.0000e+00
        841     21.214    10.9426    10.9483   3.742368   3.742212     2.2967     2.7749      8.164     0.3036   481.1211 1.5491e+01     0.0763    98.1105     6.5085     6.7481    33.4315    33.4247    25.5644    25.5581    6.25128 0.0000e+00
        844     21.343    10.9328    10.9165   3.741390   3.739935     2.2963     2.7741      8.164     0.3036   481.1211 1.5278e+01     0.0763    98.1105     6.5067     6.7475    33.4306    33.4310    25.5655    25.5686    6.25264 0.0000e+00
        847     21.474    10.9186    10.9285   3.740651   3.741257     2.2971     2.7741      8.164     0.3138   481.1211 1.5154e+01     0.0759    98.1195     6.5079     6.7434    33.4361    33.4331    25.5723    25.5682    6.25434 0.0000e+00
        850     21.601    10.9130    10.9220   3.739982   3.740016     2.2971     2.7745      8.164     0.3036   481.1211 1.4963e+01     0.0759    98.1195     6.5071     6.7441    33.4346    33.4267    25.5720    25.5643    6.25517 0.0000e+00
        853     21.725    10.8868    10.9059   3.737885   3.739575     2.2967     2.7741      8.164     0.3138   481.1211 1.4808e+01     0.0763    98.1105     6.5079     6.7435    33.4375    33.4369    25.5790    25.5752    6.25860 0.0000e+00
        856     21.849    10.8732    10.9003   3.736974   3.738101     2.2975     2.7753      8.164     0.3036   481.1211 1.4621e+01     0.0774    98.0834     6.5111     6.7474    33.4408    33.4273    25.5839    25.5687    6.26032 0.0000e+00
        859     21.971    10.8466    10.8500   3.734413   3.734298     2.2959     2.7733      8.164     0.3138   481.1211 1.4453e+01     0.0774    98.0834     6.5064     6.7480    33.4395    33.4352    25.5877    25.5837    6.26399 0.0000e+00
        862     22.089    10.8210    10.8224   3.732417   3.732508     2.2963     2.7721      8.164     0.3138   481.1211 1.4303e+01     0.0774    98.0834     6.5105     6.7472    33.4429    33.4426    25.5948    25.5943    6.26733 0.0000e+00
        865     22.205    10.8050    10.8045   3.730853   3.730576     2.2959     2.7717      8.163     0.3036   481.1211 1.4188e+01     0.0781    98.0653     6.5107     6.7491    33.4419    33.4396    25.5969    25.5952    6.26956 0.0000e+00
        868     22.319    10.7792    10.7795   3.728641   3.729054     2.2955     2.7717      8.164     0.2934   481.1211 1.4073e+01     0.0774    98.0834     6.5135     6.7547    33.4434    33.4473    25.6026    25.6055    6.27302 0.0000e+00
        871     22.434    10.7736    10.7968   3.728747   3.730299     2.2947     2.7717      8.164     0.3036   481.1211 1.3960e+01     0.0774    98.0834     6.5113     6.7561    33.4495    33.4438    25.6083    25.5998    6.27354 0.0000e+00
        874     22.546    10.7719    10.7810   3.728622   3.728943     2.2955     2.7717      8.164     0.3036   481.1211 1.3832e+01     0.0777    98.0743     6.5160     6.7626    33.4498    33.4447    25.6088    25.6033    6.27376 0.0000e+00
        877     22.654    10.7726    10.7719   3.728602   3.728289     2.2959     2.7717      8.164     0.3239   481.1211 1.3720e+01     0.0785    98.0562     6.5204     6.7702    33.4488    33.4464    25.6080    25.6062    6.27370 0.0000e+00
        880     22.760    10.7678    10.7787   3.728283   3.728995     2.2955     2.7717      8.164     0.3239   481.1211 1.3625e+01     0.0781    98.0653     6.5231     6.7765    33.4501    33.4471    25.6098    25.6056    6.27431 0.0000e+00
        883     22.865    10.7686    10.7799   3.728359   3.728597     2.2951     2.7717      8.164     0.3341   481.1211 1.3531e+01     0.0785    98.0562     6.5256     6.7851    33.4500    33.4420    25.6096    25.6014    6.27420 0.0000e+00
        886     22.970    10.7702    10.7679   3.728536   3.727950     2.2947     2.7709      8.164     0.3443   481.1211 1.3469e+01     0.0785    98.0562     6.5278     6.7911    33.4502    33.4465    25.6095    25.6070    6.27397 0.0000e+00
        889     23.072    10.7748    10.7781   3.728751   3.728576     2.2955     2.7717      8.164     0.3341   481.1211 1.3360e+01     0.0781    98.0653     6.5338     6.7984    33.4482    33.4434    25.6070    25.6027    6.27342 0.0000e+00
        892     23.180    10.7575    10.7526   3.726941   3.726448     2.2955     2.7729      8.165     0.3341   481.1211 1.3267e+01     0.0781    98.0653     6.5408     6.8121    33.4459    33.4454    25.6083    25.6088    6.27588 0.0000e+00
        895     23.278    10.7556    10.7305   3.727254   3.724857     2.2955     2.7741      8.165     0.3341   481.1211 1.3206e+01     0.0789    98.0472     6.5443     6.8243    33.4507    33.4497    25.6124    25.6161    6.27595 0.0000e+00
        898     23.376    10.7389    10.7134   3.725183   3.723695     2.2955     2.7745      8.165     0.3443   481.1211 1.3146e+01     0.0781    98.0653     6.5504     6.8332    33.4452    33.4537    25.6111    25.6221    6.27844 0.0000e+00
        901     23.475    10.7094    10.7097   3.723558   3.723230     2.2967     2.7762      8.165     0.3239   481.1211 1.3025e+01     0.0781    98.0653     6.5624     6.8438    33.4559    33.4524    25.6246    25.6218    6.28205 0.0000e+00
        904     23.574    10.7055    10.6437   3.722608   3.717983     2.2963     2.7766      8.165     0.3647   481.1211 1.2934e+01     0.0781    98.0653     6.5653     6.8593    33.4500    33.4603    25.6207    25.6395    6.28282 0.0000e+00
        907     23.677    10.6185    10.6022   3.714520   3.713869     2.2975     2.7782      8.165     0.3647   481.1211 1.2890e+01     0.0781    98.0653     6.5859     6.8742    33.4487    33.4571    25.6349    25.6442    6.29480 0.0000e+00
        910     23.779    10.5583    10.5123   3.711157   3.706196     2.2979     2.7790      8.165     0.3545   183.4096 1.2830e+01     0.0781    98.0653     6.5989     6.8919    33.4701    33.4625    25.6620    25.6641    6.30221 0.0000e+00
        913     23.880    10.5172    10.4015   3.707150   3.699482     2.2983     2.7806      8.166     0.3545    -0.2469 1.2771e+01     0.0781    98.0653     6.6077     6.9137    33.4676    33.4969    25.6672    25.7100    6.30797 0.0000e+00
        916     23.982    10.4614    10.4050   3.703621   3.699140     2.2991     2.7815      8.166     0.3749     5.4381 1.2697e+01     0.0797    98.0291     6.6224     6.9174    33.4834    33.4902    25.6892    25.7042    6.31504 0.0000e+00
        919     24.086    10.4675    10.4090   3.705677   3.700017     2.3000     2.7823      8.166     0.3647     5.1618 1.2639e+01     0.0804    98.0110     6.6270     6.9201    33.4984    33.4953    25.6998    25.7075    6.31360 0.0000e+00
        922     24.189    10.4759    10.4140   3.703420   3.699918     2.3000     2.7835      8.166     0.3647     5.1223 1.2581e+01     0.0804    98.0110     6.6287     6.9243    33.4679    33.4896    25.6746    25.7022    6.31365 0.0000e+00
        925     24.292    10.3451    10.3436   3.693557   3.694487     2.3004     2.7847      8.168     0.3545     5.1223 1.2523e+01     0.0800    98.0200     6.6509     6.9403    33.4890    33.4998    25.7136    25.7222    6.33091 0.0000e+00
        928     24.395    10.3522    10.3150   3.696152   3.692204     2.3012     2.7859      8.168     0.3647     5.1223 1.2465e+01     0.0804    98.0110     6.6540     6.9504    33.5086    33.5030    25.7276    25.7297    6.32914 0.0000e+00
        931     24.495    10.3990    10.3004   3.698052   3.691128     2.3020     2.7867      8.168     0.4155     5.1223 1.2364e+01     0.0804    98.0110     6.6512     6.9549    33.4846    33.5056    25.7008    25.7342    6.32362 0.0000e+00
        934     24.593    10.2898    10.3158   3.688267   3.692456     2.3028     2.7876      8.169     0.4257     5.1223 1.2265e+01     0.0804    98.0110     6.6728     6.9539    33.4864    33.5048    25.7210    25.7309    6.33869 0.0000e+00
        937     24.688    10.2412    10.2786   3.685903   3.688142     2.3028     2.7900      8.170     0.4257     4.6091 1.2180e+01     0.0804    98.0110     6.6813     6.9652    33.5074    33.4954    25.7456    25.7300    6.34461 0.0000e+00
        940     24.784    10.2029    10.2117   3.683800   3.683601     2.3053     2.7908      8.171     0.4257     4.5696 1.2096e+01     0.0804    98.0110     6.6983     6.9761    33.5215    33.5113    25.7632    25.7538    6.34938 0.0000e+00
        943     24.884    10.1938    10.1999   3.681071   3.683587     2.3053     2.7920      8.171     0.4257     4.5301 1.2012e+01     0.0808    98.0020     6.7013     6.9798    33.5022    33.5220    25.7497    25.7642    6.35143 0.0000e+00
        946     24.984    10.1620    10.2085   3.680837   3.683661     2.3061     2.7937      8.172     0.4257     4.5301 1.1943e+01     0.0804    98.0110     6.7084     6.9810    33.5292    33.5148    25.7762    25.7570    6.35478 0.0000e+00
        949     25.080    10.2199    10.2562   3.685700   3.685745     2.3065     2.7953      8.171     0.4257     4.5301 1.1846e+01     0.0804    98.0110     6.7008     6.9763    33.5248    33.4917    25.7629    25.7309    6.34687 0.0000e+00
        952     25.174    10.2240    10.1717   3.682856   3.678095     2.3077     2.7965      8.171     0.4257     4.5301 1.1792e+01     0.0804    98.0110     6.7048     6.9900    33.4922    33.4923    25.7368    25.7457    6.34762 0.0000e+00
        955     25.272    10.0967    10.0794   3.673167   3.672832     2.3081     2.7961      8.172     0.4766     4.5696 1.1710e+01     0.0808    98.0020     6.7238     7.0002    33.5118    33.5243    25.7737    25.7864    6.36462 0.0000e+00
        958     25.372    10.0360    10.0760   3.668723   3.673121     2.3093     2.7965      8.172     0.5376     4.5301 1.1629e+01     0.0819    97.9748     6.7356     6.9993    33.5228    33.5304    25.7925    25.7917    6.37269 0.0000e+00
        961     25.468     9.9990    10.0866   3.667667   3.673809     2.3105     2.7969      8.172     0.5478     4.6880 1.1536e+01     0.0815    97.9839     6.7421     6.9956    33.5464    33.5275    25.8171    25.7876    6.37693 0.0000e+00
        964     25.563    10.0439    10.0843   3.671316   3.673246     2.3114     2.7982      8.172     0.5478     5.3987 1.1443e+01     0.0815    97.9839     6.7370     6.9985    33.5418    33.5239    25.8059    25.7852    6.37081 0.0000e+00
        967     25.656    10.0753    10.0459   3.673543   3.669419     2.3110     2.7998      8.172     0.5478     5.3592 1.1351e+01     0.0815    97.9839     6.7302     7.0080    33.5352    33.5206    25.7955    25.7891    6.36666 0.0000e+00
        970     25.747    10.0105     9.9845   3.665190   3.665654     2.3118     2.7994      8.172     0.5376     5.3592 1.1285e+01     0.0815    97.9839     6.7424     7.0140    33.5104    33.5392    25.7871    25.8140    6.37678 0.0000e+00
        973     25.843     9.8763     9.9675   3.656148   3.664441     2.3126     2.8002      8.173     0.5376     5.3592 1.1194e+01     0.0815    97.9839     6.7634     7.0183    33.5429    33.5426    25.8350    25.8195    6.39436 0.0000e+00
        976     25.940     9.8947     9.9750   3.660023   3.665442     2.3134     2.8006      8.173     0.5478     5.3592 1.1117e+01     0.0833    97.9387     6.7603     7.0172    33.5653    33.5458    25.8494    25.8207    6.39085 0.0000e+00
        979     26.032     9.9272     9.9681   3.661547   3.664990     2.3134     2.8030      8.177     0.5376     5.3592 1.1027e+01     0.0848    97.9025     6.7556     7.0243    33.5505    33.5476    25.8324    25.8233    6.38687 0.0000e+00
        982     26.127     9.9312     9.9055   3.661468   3.659495     2.3138     2.8030      8.176     0.5885     5.3592 1.0913e+01     0.0848    97.9025     6.7564     7.0322    33.5460    33.5497    25.8282    25.8354    6.38649 0.0000e+00
        985     26.225     9.8713     9.8665   3.654664   3.656982     2.3146     2.8034      8.178     0.5987     5.3592 1.0812e+01     0.0848    97.9025     6.7694     7.0360    33.5322    33.5603    25.8274    25.8502    6.39550 0.0000e+00
        988     26.324     9.8027     9.8693   3.651706   3.657182     2.3154     2.8043      8.178     0.5987     6.8594 1.0750e+01     0.0848    97.9025     6.7833     7.0369    33.5658    33.5597    25.8651    25.8492    6.40384 0.0000e+00
        991     26.425     9.8008     9.8884   3.651546   3.658452     2.3158     2.8051      8.178     0.6089     8.7543 1.0651e+01     0.0848    97.9025     6.7865     7.0370    33.5659    33.5549    25.8655    25.8423    6.40411 0.0000e+00
        994     26.526     9.7915     9.8746   3.651013   3.657257     2.3162     2.8051      8.178     0.5987     8.6754 1.0565e+01     0.0852    97.8935     6.7910     7.0396    33.5691    33.5554    25.8695    25.8450    6.40530 0.0000e+00
        997     26.630     9.8159     9.8297   3.653298   3.652473     2.3166     2.8059      8.178     0.5987     8.6754 1.0468e+01     0.0896    97.7849     6.7921     7.0510    33.5696    33.5484    25.8659    25.8470    6.40181 0.0000e+00
       1000     26.739     9.7489     9.7931   3.644738   3.651455     2.3175     2.8047      8.178     0.5987     8.6754 1.0396e+01     0.0914    97.7397     6.8111     7.0542    33.5444    33.5720    25.8573    25.8716    6.41234 0.0000e+00
       1003     26.848     9.6772     9.7877   3.641580   3.649611     2.3187     2.8059      8.178     0.5987     8.6754 1.0264e+01     0.0914    97.7397     6.8298     7.0630    33.5790    33.5581    25.8962    25.8616    6.42113 0.0000e+00
       1006     26.960     9.6683     9.7348   3.640592   3.645453     2.3191     2.8063      8.178     0.5885     8.6754 1.0182e+01     0.0918    97.7307     6.8362     7.0787    33.5771    33.5649    25.8962    25.8757    6.42247 0.0000e+00
       1009     27.073     9.6801     9.6489   3.642272   3.639501     2.3195     2.8067      8.178     0.6801     8.6754 1.0076e+01     0.0914    97.7397     6.8396     7.1010    33.5833    33.5840    25.8991    25.9048    6.42054 0.0000e+00
       1012     27.184     9.6620     9.6654   3.641132   3.640994     2.3203     2.8083      8.178     0.6902     8.6754 9.9602e+00     0.0914    97.7397     6.8503     7.1133    33.5884    33.5839    25.9060    25.9019    6.42290 0.0000e+00
       1015     27.298     9.6609     9.6648   3.641553   3.640330     2.3211     2.8095      8.180     0.6902   347.4845 9.8800e+00     0.0918    97.7307     6.8588     7.1281    33.5937    33.5776    25.9104    25.8971    6.42284 0.0000e+00
       1018     27.411     9.5368     9.5956   3.627897   3.635091     2.3232     2.8099      8.179     0.6902   482.0686 9.7665e+00     0.0970    97.6041     6.8961     7.1523    33.5695    33.5884    25.9118    25.9170    6.44158 0.0000e+00
       1021     27.527     9.3869     9.4942   3.617359   3.627566     2.3240     2.8124      8.181     0.6801   480.8447 9.6654e+00     0.0974    97.5950     6.9307     7.1875    33.6014    33.6060    25.9611    25.9473    6.46179 0.0000e+00
