Datasets/AZMP/TEL210/tel210_2020_056.cnv
* Sea-Bird SBE 9 Data File:
* FileName = C:\CTDDATA\tel210_2020_056.hex
* Software Version Seasave V 7.26.7.110
* Temperature SN = 1697
* Conductivity SN = 4216
* Number of Bytes Per Scan = 30
* Number of Voltage Words = 4
* Number of Scans Averaged by the Deck Unit = 1
* NMEA baud rate = 4800
** VESSEL/TRIP/SEQ STN:  tel210_2020_056
** LATITUDE XX XX.XX: 48 50.00 N
** LONGITUDE XX XX.XX: 052 39.00 W
** SOUNDING DEPTH (M): 0253
** PROBE TYPE: S1146
** CTD NUMBER: 046
** COMMENTS (14 CHAR): BB-03
** BOTTLES:  10
** LEVELS: 5,10,20,30,40,50,75,100,150,BTM
** STICKERS: 436096 - 436105
** VNET: Y
** DO2: N
# nquan = 22
# nvalues = 5337                        
# units = specified
# name 0 = scan: Scan Count
# name 1 = prDM: Pressure, Digiquartz [db]
# name 2 = t090C: Temperature [ITS-90, deg C]
# name 3 = t190C: Temperature, 2 [ITS-90, deg C]
# name 4 = c0S/m: Conductivity [S/m]
# name 5 = c1S/m: Conductivity, 2 [S/m]
# name 6 = sbeox0V: Oxygen raw, SBE 43 [V]
# name 7 = sbeox1V: Oxygen raw, SBE 43, 2 [V]
# name 8 = ph: pH
# name 9 = flECO-AFL: Fluorescence, WET Labs ECO-AFL/FL [mg/m^3]
# name 10 = wetCDOM: Fluorescence, WET Labs CDOM [mg/m^3]
# name 11 = par/sat/log: PAR/Logarithmic, Satlantic [umol photons/m^2/sec]
# name 12 = CStarAt0: Beam Attenuation, WET Labs C-Star [1/m]
# name 13 = CStarTr0: Beam Transmission, WET Labs C-Star [%]
# name 14 = sbeox0ML/L: Oxygen, SBE 43 [ml/l], WS = 2
# name 15 = sbeox1ML/L: Oxygen, SBE 43, 2 [ml/l], WS = 2
# name 16 = sal00: Salinity, Practical [PSU]
# name 17 = sal11: Salinity, Practical, 2 [PSU]
# name 18 = sigma-t00: Density [sigma-t, kg/m^3 ]
# name 19 = sigma-t11: Density, 2 [sigma-t, kg/m^3 ]
# name 20 = oxsatML/L: Oxygen Saturation, Weiss [ml/l]
# name 21 = flag: flag
# span 0 =         96,      46815       
# span 1 =      0.273,    249.023       
# span 2 =    -1.3935,    11.4625       
# span 3 =    -1.3966,    11.4587       
# span 4 =   2.623318,   3.610779       
# span 5 =   2.623063,   3.610341       
# span 6 =     1.8918,     2.5941       
# span 7 =     2.2813,     3.1820       
# span 8 =      7.943,      8.299       
# span 9 =     0.6346,    12.2114       
# span 10 =    -2.8130,   482.1870      
# span 11 = 1.0715e-01, 2.1757e+03      
# span 12 =    -0.1463,     0.9629      
# span 13 =    78.6044,   103.7263      
# span 14 =     5.7505,     9.4224      
# span 15 =     5.8281,    10.6904      
# span 16 =    29.9164,    34.0838      
# span 17 =    30.6964,    34.0817      
# span 18 =    22.8709,    27.2627      
# span 19 =    23.3511,    27.2565      
# span 20 =    6.24985,    8.48355      
# span 21 = 0.0000e+00, 0.0000e+00      
# interval = scans: 3                   
# start_time = Jul 21 2020 16:27:24 [System UTC, header]
# bad_flag = -9.990e-29
*END*
[from data line 3556]
      17696    140.475    -1.0344    -1.0311   2.683123   2.684108     1.9407     2.3507      7.969     0.7405     4.6485 1.0715e-01    -0.1394   103.5454     7.3514     7.6917    33.1110    33.1208    26.6236    26.6315    8.37951 0.0000e+00
      17699    140.410    -1.0362    -1.0325   2.682799   2.683947     1.9411     2.3503      7.972     0.7405     4.6485 1.0715e-01    -0.1394   103.5454     7.3540     7.6906    33.1087    33.1202    26.6218    26.6310    8.38006 0.0000e+00
      17702    140.339    -1.0328    -1.0247   2.683757   2.685191     1.9415     2.3511      7.970     0.7299     4.6485 1.0740e-01    -0.1394   103.5454     7.3545     7.6877    33.1180    33.1286    26.6292    26.6375    8.37875 0.0000e+00
      17705    140.263    -1.0269    -1.0007   2.684070   2.686942     1.9407     2.3511      7.970     0.7299     4.6880 1.0715e-01    -0.1394   103.5454     7.3500     7.6807    33.1159    33.1260    26.6273    26.6346    8.37754 0.0000e+00
      17708    140.181    -1.0262    -0.9983   2.683811   2.686909     1.9399     2.3511      7.970     0.7299     4.6090 1.0727e-01    -0.1394   103.5454     7.3507     7.6811    33.1116    33.1230    26.6238    26.6321    8.37763 0.0000e+00
      17711    140.093    -1.0283    -0.9898   2.683196   2.687527     1.9419     2.3511      7.970     0.7299     4.5301 1.0715e-01    -0.1390   103.5364     7.3603     7.6790    33.1056    33.1220    26.6190    26.6310    8.37845 0.0000e+00
      17714    140.003    -1.0341    -1.0145   2.681839   2.683420     1.9415     2.3515      7.970     0.7299     4.5301 1.0715e-01    -0.1401   103.5635     7.3585     7.6890    33.0935    33.0935    26.6094    26.6087    8.38045 0.0000e+00
      17717    139.908    -1.0428    -1.0403   2.681033   2.682012     1.9419     2.3515      7.972     0.7193     4.5301 1.0715e-01    -0.1401   103.5635     7.3600     7.6936    33.0923    33.1029    26.6087    26.6171    8.38252 0.0000e+00
      17720    139.812    -1.0499    -1.0420   2.680680   2.682248     1.9415     2.3532      7.969     0.7193     4.5301 1.0727e-01    -0.1401   103.5635     7.3585     7.7008    33.0954    33.1079    26.6115    26.6213    8.38396 0.0000e+00
      17723    139.714    -1.0541    -1.0430   2.680606   2.682080     1.9411     2.3520      7.972     0.7193     4.5301 1.0727e-01    -0.1404   103.5725     7.3565     7.6957    33.0990    33.1068    26.6145    26.6205    8.38470 0.0000e+00
      17726    139.612    -1.0555    -1.0441   2.680585   2.682039     1.9415     2.3511      7.972     0.6981     4.5301 1.0727e-01    -0.1404   103.5725     7.3600     7.6947    33.1003    33.1076    26.6156    26.6211    8.38494 0.0000e+00
      17729    139.507    -1.0549    -1.0438   2.680650   2.681997     1.9419     2.3515      7.972     0.6664     4.5301 1.0727e-01    -0.1404   103.5725     7.3654     7.6967    33.1007    33.1068    26.6159    26.6205    8.38480 0.0000e+00
      17732    139.400    -1.0550    -1.0459   2.680540   2.681549     1.9428     2.3532      7.972     0.6875     4.5301 1.0715e-01    -0.1397   103.5544     7.3688     7.7064    33.0994    33.1030    26.6148    26.6175    8.38490 0.0000e+00
      17735    139.294    -1.0543    -1.0483   2.680641   2.681301     1.9419     2.3532      7.970     0.6770     4.4906 1.0727e-01    -0.1394   103.5454     7.3618     7.7064    33.1001    33.1024    26.6154    26.6171    8.38470 0.0000e+00
      17738    139.185    -1.0534    -1.0479   2.680731   2.681221     1.9419     2.3528      7.972     0.6770     4.4117 1.0727e-01    -0.1394   103.5454     7.3631     7.7072    33.1003    33.1009    26.6155    26.6159    8.38447 0.0000e+00
      17741    139.076    -1.0524    -1.0496   2.680935   2.681405     1.9423     2.3528      7.970     0.6981     4.4117 1.0715e-01    -0.1394   103.5454     7.3639     7.7077    33.1020    33.1053    26.6168    26.6195    8.38414 0.0000e+00
      17744    138.965    -1.0498    -1.0370   2.681400   2.682798     1.9423     2.3540      7.972     0.6875     4.4117 1.0715e-01    -0.1394   103.5454     7.3651     7.7122    33.1056    33.1105    26.6197    26.6232    8.38335 0.0000e+00
      17747    138.857    -1.0468    -1.0388   2.681585   2.681709     1.9423     2.3528      7.972     0.6875     4.4117 1.0727e-01    -0.1394   103.5454     7.3640     7.7122    33.1048    33.0977    26.6190    26.6129    8.38270 0.0000e+00
      17750    138.749    -1.0457    -1.0495   2.681432   2.680593     1.9423     2.3548      7.972     0.6981     4.4117 1.0727e-01    -0.1394   103.5454     7.3604     7.7227    33.1016    33.0943    26.6163    26.6106    8.38264 0.0000e+00
      17753    138.639    -1.0453    -1.0541   2.681455   2.680355     1.9436     2.3536      7.972     0.7616     4.4117 1.0715e-01    -0.1387   103.5273     7.3643     7.7155    33.1015    33.0963    26.6163    26.6123    8.38255 0.0000e+00
      17756    138.528    -1.0454    -1.0527   2.681354   2.680775     1.9432     2.3552      7.972     0.7616     4.4117 1.0727e-01    -0.1390   103.5364     7.3656     7.7196    33.1003    33.1005    26.6153    26.6157    8.38264 0.0000e+00
      17759    138.419    -1.0451    -1.0516   2.681342   2.680470     1.9428     2.3540      7.972     0.7510     4.4117 1.0727e-01    -0.1387   103.5273     7.3630     7.7142    33.1000    33.0952    26.6150    26.6113    8.38261 0.0000e+00
      17762    138.310    -1.0452    -1.0529   2.681129   2.679980     1.9428     2.3556      7.972     0.7616     4.7275 1.0715e-01    -0.1394   103.5454     7.3639     7.7205    33.0972    33.0901    26.6128    26.6072    8.38279 0.0000e+00
      17765    138.205    -1.0459    -1.0535   2.681061   2.680455     1.9428     2.3552      7.972     0.7299     4.7670 1.0715e-01    -0.1394   103.5454     7.3642     7.7136    33.0972    33.0972    26.6127    26.6130    8.38295 0.0000e+00
      17768    138.100    -1.0456    -1.0442   2.681173   2.681819     1.9440     2.3560      7.972     0.7616     4.7670 1.0715e-01    -0.1394   103.5454     7.3681     7.7114    33.0984    33.1056    26.6137    26.6195    8.38281 0.0000e+00
      17771    137.998    -1.0463    -1.0392   2.680867   2.682033     1.9432     2.3556      7.972     0.7405     4.7670 1.0715e-01    -0.1394   103.5454     7.3617     7.7073    33.0950    33.1030    26.6111    26.6173    8.38316 0.0000e+00
      17774    137.893    -1.0484    -1.0375   2.680600   2.682248     1.9432     2.3560      7.972     0.7616     4.7670 1.0727e-01    -0.1394   103.5454     7.3618     7.7055    33.0938    33.1041    26.6101    26.6181    8.38371 0.0000e+00
      17777    137.792    -1.0474    -1.0326   2.681455   2.682654     1.9436     2.3560      7.972     0.7405     4.7670 1.0727e-01    -0.1401   103.5635     7.3651     7.7044    33.1044    33.1043    26.6186    26.6181    8.38286 0.0000e+00
      17780    137.692    -1.0436    -1.0383   2.681736   2.681892     1.9436     2.3560      7.972     0.7299     4.7670 1.0715e-01    -0.1401   103.5635     7.3675     7.7047    33.1041    33.1003    26.6182    26.6151    8.38202 0.0000e+00
      17783    137.597    -1.0427    -1.0372   2.681049   2.682414     1.9436     2.3564      7.972     0.7299     4.7670 1.0715e-01    -0.1401   103.5635     7.3669     7.7049    33.0938    33.1062    26.6099    26.6198    8.38242 0.0000e+00
      17786    137.502    -1.0465    -1.0312   2.680597   2.682915     1.9444     2.3560      7.972     0.7299     4.7670 1.0727e-01    -0.1397   103.5544     7.3693     7.6975    33.0919    33.1065    26.6085    26.6198    8.38339 0.0000e+00
      17789    137.409    -1.0480    -1.0323   2.680631   2.682241     1.9440     2.3556      7.972     0.7193     4.6485 1.0727e-01    -0.1397   103.5544     7.3639     7.6958    33.0941    33.0986    26.6103    26.6135    8.38360 0.0000e+00
      17792    137.321    -1.0472    -1.0410   2.681319   2.681568     1.9436     2.3564      7.972     0.7299     4.6485 1.0715e-01    -0.1397   103.5544     7.3595     7.6990    33.1026    33.0991    26.6172    26.6142    8.38293 0.0000e+00
      17795    137.235    -1.0429    -1.0418   2.681829   2.681717     1.9440     2.3564      7.972     0.7193     4.6485 1.0740e-01    -0.1394   103.5454     7.3628     7.6981    33.1048    33.1021    26.6188    26.6166    8.38182 0.0000e+00
      17798    137.147    -1.0437    -1.0402   2.681256   2.682058     1.9444     2.3569      7.972     0.7299     4.6485 1.0752e-01    -0.1401   103.5635     7.3650     7.7044    33.0979    33.1050    26.6133    26.6189    8.38239 0.0000e+00
      17801    137.062    -1.0441    -1.0363   2.681336   2.682430     1.9448     2.3573      7.972     0.7299     4.6485 1.0752e-01    -0.1394   103.5454     7.3616     7.7060    33.0996    33.1058    26.6146    26.6194    8.38239 0.0000e+00
      17804    136.981    -1.0449    -1.0352   2.681023   2.682104     1.9444     2.3573      7.972     0.6875     4.6880 1.0752e-01    -0.1401   103.5635     7.3603     7.7062    33.0962    33.1002    26.6120    26.6149    8.38277 0.0000e+00
      17807    136.899    -1.0447    -1.0390   2.681301   2.681665     1.9444     2.3569      7.972     0.6770     4.6485 1.0752e-01    -0.1397   103.5544     7.3590     7.7073    33.0999    33.0986    26.6149    26.6136    8.38252 0.0000e+00
      17810    136.816    -1.0443    -1.0457   2.681463   2.681183     1.9436     2.3564      7.972     0.6875     4.6485 1.0740e-01    -0.1397   103.5544     7.3565     7.7095    33.1016    33.0993    26.6163    26.6145    8.38231 0.0000e+00
      17813    136.732    -1.0436    -1.0480   2.681232   2.681013     1.9444     2.3569      7.970     0.6875     4.7275 1.0715e-01    -0.1394   103.5454     7.3623     7.7110    33.0978    33.0996    26.6132    26.6148    8.38238 0.0000e+00
      17816    136.653    -1.0457    -1.0489   2.680443   2.680849     1.9448     2.3564      7.972     0.6875     4.7670 1.0727e-01    -0.1383   103.5183     7.3656     7.7077    33.0894    33.0984    26.6065    26.6139    8.38334 0.0000e+00
      17819    136.576    -1.0497    -1.0514   2.679915   2.680546     1.9448     2.3577      7.972     0.6875     4.7670 1.0715e-01    -0.1383   103.5183     7.3628     7.7133    33.0867    33.0972    26.6043    26.6130    8.38441 0.0000e+00
      17822    136.499    -1.0526    -1.0554   2.679753   2.679895     1.9444     2.3589      7.972     0.6875     4.7670 1.0727e-01    -0.1383   103.5183     7.3623     7.7200    33.0878    33.0927    26.6054    26.6095    8.38502 0.0000e+00
      17825    136.422    -1.0546    -1.0580   2.679612   2.679400     1.9440     2.3573      7.972     0.6981     4.7670 1.0715e-01    -0.1383   103.5183     7.3597     7.7149    33.0881    33.0889    26.6057    26.6064    8.38545 0.0000e+00
      17828    136.346    -1.0566    -1.0651   2.679429   2.678670     1.9448     2.3581      7.972     0.6981     4.7670 1.0727e-01    -0.1383   103.5183     7.3636     7.7201    33.0879    33.0869    26.6056    26.6051    8.38593 0.0000e+00
      17831    136.268    -1.0587    -1.0681   2.679296   2.678621     1.9452     2.3585      7.972     0.7616     4.7670 1.0715e-01    -0.1383   103.5183     7.3649     7.7232    33.0884    33.0896    26.6061    26.6074    8.38637 0.0000e+00
      17834    136.190    -1.0595    -1.0659   2.679441   2.678941     1.9452     2.3585      7.970     0.7510     4.7670 1.0715e-01    -0.1380   103.5092     7.3630     7.7200    33.0912    33.0915    26.6084    26.6088    8.38638 0.0000e+00
      17837    136.110    -1.0603    -1.0648   2.679191   2.678845     1.9448     2.3585      7.972     0.7405     4.7670 1.0715e-01    -0.1390   103.5364     7.3565     7.7196    33.0888    33.0890    26.6065    26.6068    8.38671 0.0000e+00
      17840    136.027    -1.0624    -1.0653   2.679014   2.678858     1.9452     2.3581      7.972     0.7616     4.5301 1.0727e-01    -0.1394   103.5454     7.3572     7.7172    33.0888    33.0899    26.6065    26.6075    8.38719 0.0000e+00
      17843    135.942    -1.0625    -1.0661   2.679051   2.678694     1.9444     2.3585      7.972     0.7616     4.4117 1.0740e-01    -0.1387   103.5273     7.3548     7.7143    33.0895    33.0885    26.6071    26.6064    8.38718 0.0000e+00
      17846    135.860    -1.0630    -1.0680   2.678782   2.678531     1.9456     2.3593      7.972     0.7405     4.4117 1.0727e-01    -0.1394   103.5454     7.3612     7.7180    33.0864    33.0885    26.6046    26.6064    8.38747 0.0000e+00
      17849    135.771    -1.0640    -1.0671   2.678689   2.678614     1.9436     2.3585      7.970     0.7405     4.4117 1.0715e-01    -0.1383   103.5183     7.3500     7.7158    33.0862    33.0886    26.6045    26.6066    8.38769 0.0000e+00
      17852    135.677    -1.0639    -1.0685   2.678837   2.678303     1.9448     2.3585      7.972     0.7299     4.4117 1.0727e-01    -0.1387   103.5273     7.3583     7.7143    33.0882    33.0860    26.6061    26.6045    8.38756 0.0000e+00
      17855    135.580    -1.0633    -1.0710   2.678724   2.678080     1.9448     2.3589      7.972     0.7404     4.4117 1.0727e-01    -0.1383   103.5183     7.3617     7.7144    33.0861    33.0858    26.6043    26.6044    8.38755 0.0000e+00
      17858    135.485    -1.0638    -1.0713   2.678479   2.678018     1.9444     2.3593      7.972     0.6875     4.4117 1.0715e-01    -0.1380   103.5092     7.3644     7.7143    33.0834    33.0853    26.6022    26.6040    8.38783 0.0000e+00
      17861    135.390    -1.0646    -1.0713   2.678398   2.677909     1.9444     2.3597      7.970     0.7087     4.4117 1.0727e-01    -0.1383   103.5183     7.3663     7.7156    33.0832    33.0840    26.6020    26.6029    8.38801 0.0000e+00
      17864    135.298    -1.0644    -1.0709   2.678361   2.677927     1.9448     2.3597      7.972     0.6770     4.4512 1.0715e-01    -0.1380   103.5092     7.3710     7.7179    33.0826    33.0838    26.6015    26.6027    8.38801 0.0000e+00
      17867    135.205    -1.0647    -1.0703   2.678327   2.677985     1.9448     2.3589      7.972     0.6875     4.7670 1.0715e-01    -0.1380   103.5092     7.3709     7.7163    33.0824    33.0840    26.6014    26.6028    8.38807 0.0000e+00
      17870    135.107    -1.0645    -1.0697   2.678386   2.678034     1.9444     2.3593      7.970     0.6875     4.7670 1.0715e-01    -0.1383   103.5183     7.3691     7.7175    33.0831    33.0841    26.6019    26.6029    8.38799 0.0000e+00
      17873    135.005    -1.0644    -1.0693   2.678391   2.678043     1.9456     2.3597      7.970     0.6981     4.7670 1.0727e-01    -0.1376   103.5002     7.3781     7.7186    33.0831    33.0838    26.6020    26.6027    8.38797 0.0000e+00
      17876    134.904    -1.0641    -1.0688   2.678328   2.678072     1.9460     2.3597      7.972     0.6981     4.7670 1.0715e-01    -0.1366   103.4730     7.3782     7.7186    33.0820    33.0837    26.6011    26.6026    8.38797 0.0000e+00
      17879    134.802    -1.0638    -1.0683   2.678272   2.678152     1.9460     2.3585      7.970     0.6875     4.7670 1.0715e-01    -0.1362   103.4640     7.3797     7.7113    33.0810    33.0843    26.6002    26.6031    8.38796 0.0000e+00
      17882    134.702    -1.0632    -1.0680   2.678264   2.678189     1.9456     2.3593      7.969     0.7193     4.7670 1.0727e-01    -0.1362   103.4640     7.3769     7.7136    33.0803    33.0845    26.5996    26.6032    8.38786 0.0000e+00
      17885    134.599    -1.0628    -1.0678   2.678312   2.678169     1.9452     2.3593      7.970     0.7510     4.7670 1.0715e-01    -0.1362   103.4640     7.3709     7.7130    33.0805    33.0841    26.5998    26.6029    8.38776 0.0000e+00
      17888    134.496    -1.0624    -1.0676   2.678346   2.678123     1.9456     2.3613      7.970     0.7510     4.7670 1.0715e-01    -0.1362   103.4640     7.3695     7.7206    33.0806    33.0834    26.5998    26.6023    8.38766 0.0000e+00
