Datasets/AZMP/TEL210/tel210_2020_104.cnv
* Sea-Bird SBE 9 Data File:
* FileName = C:\CTDDATA\tel210_2020_104.hex
* Software Version Seasave V 7.26.7.110
* Temperature SN = 1697
* Conductivity SN = 4216
* Number of Bytes Per Scan = 30
* Number of Voltage Words = 4
* Number of Scans Averaged by the Deck Unit = 1
* NMEA baud rate = 4800
** VESSEL/TRIP/SEQ STN:  tel210_2020_104
** LATITUDE XX XX.XX: 55 44.80 N
** LONGITUDE XX XX.XX: 057 16.70 W
** SOUNDING DEPTH (M): 0248
** PROBE TYPE: S1146
** CTD NUMBER: 070
** COMMENTS (14 CHAR): MB-08
** BOTTLES:  10
** LEVELS: 5,10,20,30,40,50,75,100,150,BTM
** STICKERS: 436271 - 436280
** VNET: Y
** DO2: N
# nquan = 22
# nvalues = 5383                        
# units = specified
# name 0 = scan: Scan Count
# name 1 = prDM: Pressure, Digiquartz [db]
# name 2 = t090C: Temperature [ITS-90, deg C]
# name 3 = t190C: Temperature, 2 [ITS-90, deg C]
# name 4 = c0S/m: Conductivity [S/m]
# name 5 = c1S/m: Conductivity, 2 [S/m]
# name 6 = sbeox0V: Oxygen raw, SBE 43 [V]
# name 7 = sbeox1V: Oxygen raw, SBE 43, 2 [V]
# name 8 = ph: pH
# name 9 = flECO-AFL: Fluorescence, WET Labs ECO-AFL/FL [mg/m^3]
# name 10 = wetCDOM: Fluorescence, WET Labs CDOM [mg/m^3]
# name 11 = par/sat/log: PAR/Logarithmic, Satlantic [umol photons/m^2/sec]
# name 12 = CStarAt0: Beam Attenuation, WET Labs C-Star [1/m]
# name 13 = CStarTr0: Beam Transmission, WET Labs C-Star [%]
# name 14 = sbeox0ML/L: Oxygen, SBE 43 [ml/l], WS = 2
# name 15 = sbeox1ML/L: Oxygen, SBE 43, 2 [ml/l], WS = 2
# name 16 = sal00: Salinity, Practical [PSU]
# name 17 = sal11: Salinity, Practical, 2 [PSU]
# name 18 = sigma-t00: Density [sigma-t, kg/m^3 ]
# name 19 = sigma-t11: Density, 2 [sigma-t, kg/m^3 ]
# name 20 = oxsatML/L: Oxygen Saturation, Weiss [ml/l]
# name 21 = flag: flag
# span 0 =          2,      37358       
# span 1 =      1.110,    246.619       
# span 2 =    -0.2143,     6.2113       
# span 3 =    -0.2156,     6.1701       
# span 4 =   2.728129,   3.145150       
# span 5 =   2.727795,   3.142069       
# span 6 =     1.9539,     2.7723       
# span 7 =     2.3471,     3.4070       
# span 8 =      8.023,      8.381       
# span 9 =     0.6452,    12.2325       
# span 10 =    -2.8130,   482.1870      
# span 11 = 1.0678e-01, 5.3195e+01      
# span 12 =    -0.1278,     0.8783      
# span 13 =    80.2865,   103.2470      
# span 14 =     6.8117,    10.6200      
# span 15 =     7.0499,    11.1632      
# span 16 =    31.5223,    34.2001      
# span 17 =    31.5284,    34.1999      
# span 18 =    24.7817,    27.3394      
# span 19 =    24.7908,    27.3403      
# span 20 =    7.04520,    8.20421      
# span 21 = 0.0000e+00, 0.0000e+00      
# interval = scans: 3                   
# start_time = Jul 27 2020 08:55:33 [System UTC, header]
# bad_flag = -9.990e-29
*END*
[from data line 1317]
       4264    133.781     0.8442     0.8399   2.891487   2.891142     1.9906     2.3906      8.042     0.7722    -0.7206 1.0715e-01    -0.1053   102.6682     7.1200     7.3539    33.8173    33.8176    27.1042    27.1047    7.93164 0.0000e+00
       4267    133.910     0.8438     0.8397   2.891468   2.891137     1.9910     2.3906      8.042     0.7616    -0.7206 1.0715e-01    -0.1057   102.6773     7.1236     7.3550    33.8175    33.8177    27.1044    27.1047    7.93173 0.0000e+00
       4270    134.035     0.8439     0.8392   2.891453   2.891102     1.9914     2.3903      8.042     0.7616    -0.7996 1.0727e-01    -0.1060   102.6863     7.1260     7.3569    33.8171    33.8177    27.1040    27.1047    7.93173 0.0000e+00
       4273    134.156     0.8437     0.8387   2.891436   2.891092     1.9914     2.3907      8.042     0.7510    -0.7206 1.0727e-01    -0.1057   102.6773     7.1264     7.3596    33.8170    33.8181    27.1040    27.1051    7.93176 0.0000e+00
       4276    134.271     0.8431     0.8384   2.891418   2.891086     1.9922     2.3907      8.042     0.7510    -0.7601 1.0727e-01    -0.1060   102.6863     7.1300     7.3585    33.8174    33.8182    27.1043    27.1053    7.93188 0.0000e+00
       4279    134.380     0.8430     0.8384   2.891444   2.891076     1.9926     2.3907      8.042     0.7616    -0.7601 1.0727e-01    -0.1057   102.6773     7.1279     7.3549    33.8178    33.8180    27.1046    27.1051    7.93187 0.0000e+00
       4282    134.489     0.8419     0.8385   2.891340   2.891071     1.9906     2.3907      8.042     0.7510    -0.3258 1.0727e-01    -0.1057   102.6773     7.1157     7.3533    33.8176    33.8178    27.1046    27.1050    7.93212 0.0000e+00
       4285    134.593     0.8397     0.8365   2.891153   2.890889     1.9914     2.3907      8.042     0.7722     1.9245 1.0715e-01    -0.1057   102.6773     7.1217     7.3561    33.8175    33.8175    27.1046    27.1048    7.93258 0.0000e+00
       4288    134.692     0.8321     0.8287   2.890794   2.890438     1.9918     2.3907      8.042     0.7510     1.9245 1.0727e-01    -0.1057   102.6773     7.1207     7.3582    33.8211    33.8201    27.1080    27.1074    7.93397 0.0000e+00
       4291    134.784     0.8372     0.8251   2.891176   2.890315     1.9918     2.3903      8.042     0.7510     1.9245 1.0727e-01    -0.1057   102.6773     7.1155     7.3577    33.8203    33.8224    27.1071    27.1095    7.93293 0.0000e+00
       4294    134.875     0.8390     0.8246   2.891176   2.890322     1.9914     2.3907      8.042     0.7616     1.9245 1.0715e-01    -0.1057   102.6773     7.1100     7.3591    33.8184    33.8230    27.1054    27.1100    7.93267 0.0000e+00
       4297    134.966     0.8321     0.8235   2.890822   2.890299     1.9922     2.3907      8.042     0.7616     1.9245 1.0727e-01    -0.1057   102.6773     7.1108     7.3574    33.8213    33.8239    27.1081    27.1108    7.93395 0.0000e+00
       4300    135.047     0.8273     0.8220   2.890676   2.890248     1.9918     2.3907      8.042     0.7616     1.9245 1.0715e-01    -0.1057   102.6773     7.1069     7.3573    33.8245    33.8248    27.1110    27.1116    7.93476 0.0000e+00
       4303    135.123     0.8254     0.8204   2.890693   2.890286     1.9906     2.3894      8.043     0.7616     1.9245 1.0727e-01    -0.1046   102.6501     7.1055     7.3535    33.8268    33.8270    27.1130    27.1134    7.93504 0.0000e+00
       4306    135.195     0.8249     0.8197   2.890729   2.890293     1.9914     2.3907      8.043     0.7722     1.9245 1.0727e-01    -0.1036   102.6230     7.1100     7.3602    33.8277    33.8278    27.1137    27.1141    7.93509 0.0000e+00
       4309    135.264     0.8258     0.8196   2.890912   2.890319     1.9914     2.3911      8.043     0.7616     3.1089 1.0727e-01    -0.1036   102.6230     7.1059     7.3630    33.8291    33.8282    27.1148    27.1144    7.93483 0.0000e+00
       4312    135.333     0.8278     0.8203   2.891247   2.890455     1.9902     2.3907      8.042     0.7616     4.8459 1.0727e-01    -0.1036   102.6230     7.1029     7.3621    33.8312    33.8291    27.1164    27.1152    7.93430 0.0000e+00
       4315    135.399     0.8293     0.8218   2.891387   2.890747     1.9910     2.3907      8.042     0.7510     4.7670 1.0727e-01    -0.1036   102.6230     7.1076     7.3625    33.8314    33.8313    27.1164    27.1168    7.93399 0.0000e+00
       4318    135.461     0.8294     0.8239   2.891430   2.890994     1.9906     2.3903      8.042     0.7510     4.7670 1.0727e-01    -0.1036   102.6230     7.1066     7.3588    33.8318    33.8321    27.1168    27.1173    7.93395 0.0000e+00
       4321    135.528     0.8293     0.8243   2.891466   2.891104     1.9902     2.3903      8.042     0.7616     4.7670 1.0715e-01    -0.1036   102.6230     7.1062     7.3573    33.8323    33.8331    27.1172    27.1181    7.93394 0.0000e+00
       4324    135.591     0.8293     0.8246   2.891481   2.891157     1.9902     2.3903      8.042     0.7510     4.7670 1.0715e-01    -0.1036   102.6230     7.1095     7.3560    33.8324    33.8334    27.1172    27.1183    7.93393 0.0000e+00
       4327    135.653     0.8292     0.8247   2.891582   2.891187     1.9910     2.3907      8.042     0.7510     4.7670 1.0715e-01    -0.1043   102.6411     7.1129     7.3545    33.8339    33.8337    27.1185    27.1185    7.93388 0.0000e+00
       4330    135.714     0.8293     0.8241   2.891614   2.891199     1.9902     2.3911      8.042     0.7510     4.7670 1.0715e-01    -0.1039   102.6320     7.1049     7.3512    33.8341    33.8345    27.1186    27.1192    7.93383 0.0000e+00
       4333    135.778     0.8291     0.8247   2.891613   2.891304     1.9906     2.3907      8.042     0.7405     4.7670 1.0740e-01    -0.1036   102.6230     7.1082     7.3516    33.8343    33.8351    27.1188    27.1197    7.93388 0.0000e+00
       4336    135.842     0.8305     0.8242   2.891771   2.891278     1.9914     2.3907      8.038     0.7405     4.1748 1.0740e-01    -0.1046   102.6501     7.1110     7.3509    33.8347    33.8352    27.1191    27.1199    7.93355 0.0000e+00
       4339    135.906     0.8306     0.8261   2.891826   2.891447     1.9906     2.3907      8.039     0.7510     3.9379 1.0752e-01    -0.1043   102.6411     7.1049     7.3473    33.8353    33.8353    27.1195    27.1198    7.93350 0.0000e+00
       4342    135.971     0.8319     0.8266   2.891934   2.891492     1.9902     2.3898      8.039     0.7510     3.9379 1.0715e-01    -0.1039   102.6320     7.0983     7.3410    33.8352    33.8353    27.1193    27.1197    7.93323 0.0000e+00
       4345    136.036     0.8322     0.8277   2.892019   2.891669     1.9906     2.3903      8.039     0.7510     3.9379 1.0740e-01    -0.1046   102.6501     7.0981     7.3390    33.8360    33.8364    27.1199    27.1205    7.93314 0.0000e+00
       4348    136.106     0.8370     0.8293   2.892674   2.891817     1.9902     2.3894      8.038     0.7616     3.9379 1.0740e-01    -0.1046   102.6501     7.0926     7.3319    33.8391    33.8365    27.1222    27.1206    7.93196 0.0000e+00
       4351    136.174     0.8445     0.8354   2.893568   2.892516     1.9898     2.3894      8.038     0.7722     3.9379 1.0727e-01    -0.1046   102.6501     7.0865     7.3272    33.8425    33.8389    27.1245    27.1221    7.93023 0.0000e+00
       4354    136.247     0.8510     0.8445   2.894156   2.893407     1.9890     2.3894      8.038     0.7616     3.9379 1.0715e-01    -0.1046   102.6501     7.0787     7.3250    33.8430    33.8404    27.1244    27.1227    7.92886 0.0000e+00
       4357    136.321     0.8540     0.8498   2.894277   2.893933     1.9902     2.3907      8.038     0.7616     3.9379 1.0727e-01    -0.1043   102.6411     7.0807     7.3277    33.8412    33.8413    27.1228    27.1232    7.92832 0.0000e+00
       4360    136.399     0.8559     0.8526   2.894443   2.894222     1.9890     2.3886      8.038     0.7616     3.8984 1.0715e-01    -0.1046   102.6501     7.0733     7.3169    33.8412    33.8420    27.1227    27.1235    7.92793 0.0000e+00
       4363    136.479     0.8583     0.8544   2.894770   2.894408     1.9894     2.3886      8.038     0.7510     2.7141 1.0715e-01    -0.1043   102.6411     7.0741     7.3159    33.8429    33.8424    27.1239    27.1237    7.92736 0.0000e+00
       4366    136.563     0.8644     0.8556   2.895448   2.894426     1.9877     2.3882      8.038     0.7510     2.6351 1.0727e-01    -0.1050   102.6592     7.0621     7.3152    33.8450    33.8413    27.1252    27.1228    7.92598 0.0000e+00
       4369    136.653     0.8678     0.8571   2.895637   2.894698     1.9898     2.3886      8.038     0.7616     2.6351 1.0727e-01    -0.1050   102.6592     7.0716     7.3136    33.8436    33.8431    27.1239    27.1242    7.92535 0.0000e+00
       4372    136.744     0.8681     0.8610   2.895701   2.895096     1.9886     2.3878      8.038     0.7616     2.6351 1.0727e-01    -0.1046   102.6501     7.0669     7.3081    33.8440    33.8439    27.1242    27.1245    7.92525 0.0000e+00
       4375    136.835     0.8677     0.8627   2.895574   2.895248     1.9881     2.3878      8.038     0.7616     2.6351 1.0727e-01    -0.1046   102.6501     7.0660     7.3056    33.8427    33.8440    27.1232    27.1245    7.92540 0.0000e+00
       4378    136.933     0.8625     0.8632   2.895249   2.895272     1.9881     2.3878      8.038     0.7510     2.6351 1.0715e-01    -0.1046   102.6501     7.0679     7.3047    33.8441    33.8437    27.1247    27.1243    7.92640 0.0000e+00
       4381    137.035     0.8638     0.8622   2.895294   2.895168     1.9873     2.3870      8.038     0.7616     2.6351 1.0715e-01    -0.1053   102.6682     7.0639     7.3015    33.8432    33.8434    27.1238    27.1241    7.92618 0.0000e+00
       4384    137.137     0.8604     0.8587   2.895056   2.894878     1.9873     2.3862      8.038     0.7510     2.6351 1.0740e-01    -0.1050   102.6592     7.0662     7.3014    33.8438    33.8434    27.1245    27.1243    7.92686 0.0000e+00
       4387    137.244     0.8600     0.8550   2.895067   2.894728     1.9869     2.3870      8.038     0.7616     1.7271 1.0740e-01    -0.1053   102.6682     7.0655     7.3045    33.8444    33.8455    27.1250    27.1262    7.92692 0.0000e+00
       4390    137.353     0.8588     0.8550   2.894979   2.894753     1.9865     2.3866      8.038     0.7616    -1.0759 1.0715e-01    -0.1053   102.6682     7.0641     7.3037    33.8445    33.8457    27.1252    27.1264    7.92716 0.0000e+00
       4393    137.466     0.8585     0.8548   2.895019   2.894746     1.9869     2.3858      8.038     0.7616    -0.9180 1.0740e-01    -0.1050   102.6592     7.0650     7.3005    33.8452    33.8457    27.1257    27.1264    7.92717 0.0000e+00
       4396    137.581     0.8585     0.8547   2.895028   2.894698     1.9869     2.3849      8.038     0.7616    -0.9180 1.0715e-01    -0.1057   102.6773     7.0692     7.2974    33.8453    33.8452    27.1258    27.1260    7.92717 0.0000e+00
       4399    137.695     0.8578     0.8535   2.895004   2.894659     1.9865     2.3858      8.038     0.7722    -0.9180 1.0727e-01    -0.1053   102.6682     7.0686     7.3004    33.8457    33.8459    27.1262    27.1266    7.92731 0.0000e+00
       4402    137.813     0.8571     0.8528   2.894916   2.894621     1.9869     2.3849      8.038     0.7722    -0.9575 1.0727e-01    -0.1050   102.6592     7.0716     7.2982    33.8453    33.8461    27.1259    27.1268    7.92747 0.0000e+00
       4405    137.933     0.8539     0.8501   2.894768   2.894413     1.9865     2.3845      8.038     0.7510    -0.9180 1.0727e-01    -0.1064   102.6954     7.0712     7.2937    33.8467    33.8463    27.1273    27.1271    7.92805 0.0000e+00
       4408    138.054     0.8515     0.8469   2.894515   2.894250     1.9857     2.3845      8.038     0.7828    -0.9180 1.0740e-01    -0.1067   102.7044     7.0660     7.2894    33.8460    33.8476    27.1268    27.1284    7.92859 0.0000e+00
       4411    138.176     0.8374     0.8420   2.893380   2.893722     1.9861     2.3845      8.038     0.7934    -0.9180 1.0740e-01    -0.1067   102.7044     7.0661     7.2872    33.8467    33.8460    27.1283    27.1274    7.93149 0.0000e+00
       4414    138.301     0.8291     0.8268   2.892826   2.892525     1.9857     2.3845      8.038     0.7722     1.5692 1.0727e-01    -0.1067   102.7044     7.0602     7.2889    33.8484    33.8471    27.1302    27.1292    7.93310 0.0000e+00
       4417    138.424     0.8179     0.8120   2.891928   2.891529     1.9853     2.3833      8.036     0.7934     4.0564 1.0727e-01    -0.1067   102.7044     7.0571     7.2859    33.8490    33.8503    27.1313    27.1327    7.93540 0.0000e+00
       4420    138.546     0.8080     0.8019   2.891249   2.890940     1.9853     2.3833      8.036     0.7828     3.9379 1.0727e-01    -0.1067   102.7044     7.0578     7.2869    33.8509    33.8536    27.1335    27.1360    7.93736 0.0000e+00
       4423    138.666     0.8007     0.7998   2.890740   2.890747     1.9853     2.3833      8.036     0.7934     3.9379 1.0727e-01    -0.1067   102.7044     7.0577     7.2835    33.8523    33.8534    27.1350    27.1359    7.93881 0.0000e+00
       4426    138.787     0.7955     0.7938   2.890413   2.890250     1.9849     2.3821      8.035     0.8040     3.9379 1.0727e-01    -0.1060   102.6863     7.0564     7.2794    33.8537    33.8534    27.1365    27.1363    7.93981 0.0000e+00
       4429    138.908     0.7832     0.7896   2.889252   2.889942     1.9845     2.3809      8.033     0.7934     3.9379 1.0715e-01    -0.1064   102.6954     7.0573     7.2720    33.8520    33.8539    27.1358    27.1370    7.94246 0.0000e+00
       4432    139.030     0.7697     0.7802   2.888475   2.888977     1.9841     2.3801      8.033     0.7828     3.9379 1.0715e-01    -0.1064   102.6954     7.0553     7.2694    33.8565    33.8516    27.1403    27.1357    7.94501 0.0000e+00
       4435    139.151     0.7653     0.7658   2.888311   2.888204     1.9828     2.3805      8.033     0.7510     3.9379 1.0715e-01    -0.1067   102.7044     7.0482     7.2766    33.8592    33.8573    27.1427    27.1411    7.94580 0.0000e+00
       4438    139.274     0.7637     0.7600   2.888174   2.887966     1.9828     2.3797      8.033     0.7616     3.9379 1.0715e-01    -0.1067   102.7044     7.0479     7.2764    33.8591    33.8605    27.1428    27.1440    7.94614 0.0000e+00
       4441    139.395     0.7616     0.7577   2.888056   2.887837     1.9829     2.3801      8.030     0.7616    -0.0889 1.0752e-01    -0.1064   102.6954     7.0497     7.2794    33.8598    33.8612    27.1434    27.1448    7.94654 0.0000e+00
       4444    139.517     0.7637     0.7572   2.888413   2.887796     1.9829     2.3793      8.028     0.7405    -0.9575 1.0740e-01    -0.1071   102.7134     7.0501     7.2772    33.8621    33.8612    27.1451    27.1448    7.94598 0.0000e+00
       4447    139.636     0.7693     0.7594   2.888983   2.888215     1.9825     2.3784      8.028     0.7510    -0.9180 1.0715e-01    -0.1082   102.7406     7.0494     7.2750    33.8633    33.8641    27.1458    27.1470    7.94475 0.0000e+00
       4450    139.753     0.7784     0.7707   2.889894   2.889338     1.9825     2.3780      8.026     0.7616    -0.9180 1.0740e-01    -0.1078   102.7315     7.0522     7.2746    33.8650    33.8662    27.1466    27.1480    7.94275 0.0000e+00
       4453    139.870     0.7819     0.7770   2.890034   2.889654     1.9816     2.3772      8.028     0.7405    -0.9180 1.0740e-01    -0.1078   102.7315     7.0499     7.2718    33.8630    33.8634    27.1447    27.1454    7.94214 0.0000e+00
       4456    139.985     0.7813     0.7747   2.889966   2.889322     1.9812     2.3776      8.028     0.7722    -0.9180 1.0715e-01    -0.1082   102.7406     7.0529     7.2751    33.8627    33.8615    27.1445    27.1440    7.94228 0.0000e+00
