Datasets/AZMP/TEL210/tel210_2020_004.cnv
* Sea-Bird SBE 9 Data File:
* FileName = C:\CTDDATA\tel210_2020_004.hex
* Software Version Seasave V 7.26.7.110
* Temperature SN = 1697
* Conductivity SN = 4216
* Number of Bytes Per Scan = 30
* Number of Voltage Words = 4
* Number of Scans Averaged by the Deck Unit = 1
* NMEA baud rate = 4800
** VESSEL/TRIP/SEQ STN:  tel210_2020_004
** LATITUDE XX XX.XX: 47 00.00 N
** LONGITUDE XX XX.XX: 052 42.30 W
** SOUNDING DEPTH (M): 0185
** PROBE TYPE: S1146
** CTD NUMBER: 003
** COMMENTS (14 CHAR): FC-02
** BOTTLES:  10
** LEVELS: 5,10,20,30,40,50,75,100,150,BTM
** STICKERS: 435752 - 435761
** VNET: Y
** DO2: N
# nquan = 22
# nvalues = 5039                        
# units = specified
# name 0 = scan: Scan Count
# name 1 = prDM: Pressure, Digiquartz [db]
# name 2 = t090C: Temperature [ITS-90, deg C]
# name 3 = t190C: Temperature, 2 [ITS-90, deg C]
# name 4 = c0S/m: Conductivity [S/m]
# name 5 = c1S/m: Conductivity, 2 [S/m]
# name 6 = sbeox0V: Oxygen raw, SBE 43 [V]
# name 7 = sbeox1V: Oxygen raw, SBE 43, 2 [V]
# name 8 = ph: pH
# name 9 = flECO-AFL: Fluorescence, WET Labs ECO-AFL/FL [mg/m^3]
# name 10 = wetCDOM: Fluorescence, WET Labs CDOM [mg/m^3]
# name 11 = par/sat/log: PAR/Logarithmic, Satlantic [umol photons/m^2/sec]
# name 12 = CStarAt0: Beam Attenuation, WET Labs C-Star [1/m]
# name 13 = CStarTr0: Beam Transmission, WET Labs C-Star [%]
# name 14 = sbeox0ML/L: Oxygen, SBE 43 [ml/l], WS = 2
# name 15 = sbeox1ML/L: Oxygen, SBE 43, 2 [ml/l], WS = 2
# name 16 = sal00: Salinity, Practical [PSU]
# name 17 = sal11: Salinity, Practical, 2 [PSU]
# name 18 = sigma-t00: Density [sigma-t, kg/m^3 ]
# name 19 = sigma-t11: Density, 2 [sigma-t, kg/m^3 ]
# name 20 = oxsatML/L: Oxygen Saturation, Weiss [ml/l]
# name 21 = flag: flag
# span 0 =        173,      42263       
# span 1 =      1.726,    182.478       
# span 2 =    -1.6113,    11.6579       
# span 3 =    -1.6166,    11.6526       
# span 4 =   2.601025,   3.625474       
# span 5 =   2.600575,   3.624858       
# span 6 =     1.8162,     2.3974       
# span 7 =     2.1992,     2.9462       
# span 8 =      7.766,      8.144       
# span 9 =    -0.6019,     1.0973       
# span 10 =    -2.8130,   482.1870      
# span 11 = 1.0703e-01, 1.0752e-01      
# span 12 =    -0.1686,     0.0272      
# span 13 =    99.3222,   104.3050      
# span 14 =     6.3554,     8.6602      
# span 15 =     6.1925,     9.1478      
# span 16 =    31.6418,    33.0391      
# span 17 =    31.6313,    33.0402      
# span 18 =    24.0585,    26.5487      
# span 19 =    24.0543,    26.5500      
# span 20 =    6.22452,    8.53744      
# span 21 = 0.0000e+00, 0.0000e+00      
# interval = scans: 3                   
# start_time = Jul 15 2020 05:25:37 [System UTC, header]
# bad_flag = -9.990e-29
*END*
[from data line 1515]
       5667    136.366    -0.6963    -0.7010   2.695353   2.694997     1.9295     2.3402      7.801    -0.5511     0.7401 1.0752e-01    -0.1498   103.8167     7.1478     7.4944    32.9086    32.9089    26.4476    26.4481    8.31467 0.0000e+00
       5670    136.470    -0.7016    -0.7073   2.694925   2.694539     1.9299     2.3393      7.801    -0.5409     0.7401 1.0752e-01    -0.1498   103.8167     7.1542     7.4992    32.9086    32.9096    26.4478    26.4489    8.31587 0.0000e+00
       5673    136.574    -0.7120    -0.7160   2.693694   2.693514     1.9295     2.3385      7.801    -0.5409     0.7401 1.0752e-01    -0.1498   103.8167     7.1584     7.5051    32.9033    32.9053    26.4439    26.4456    8.31851 0.0000e+00
       5676    136.682    -0.7449    -0.7444   2.690498   2.690616     1.9291     2.3389      7.801    -0.5511     0.7401 1.0740e-01    -0.1498   103.8167     7.1714     7.5243    32.8960    32.8971    26.4392    26.4401    8.32632 0.0000e+00
       5679    136.795    -0.7781    -0.7815   2.688063   2.687865     1.9283     2.3381      7.801    -0.5613     1.9245 1.0752e-01    -0.1498   103.8167     7.1779     7.5363    32.8993    32.9004    26.4431    26.4441    8.33361 0.0000e+00
       5682    136.907    -0.7923    -0.7982   2.687553   2.687255     1.9287     2.3381      7.801    -0.5511     2.0429 1.0727e-01    -0.1495   103.8077     7.1818     7.5403    32.9079    32.9103    26.4506    26.4528    8.33633 0.0000e+00
       5685    137.026    -0.7798    -0.7855   2.689159   2.688953     1.9287     2.3393      7.801    -0.5409     2.0429 1.0740e-01    -0.1498   103.8167     7.1774     7.5371    32.9159    32.9193    26.4566    26.4596    8.33306 0.0000e+00
       5688    137.144    -0.7667    -0.7704   2.690221   2.689951     1.9271     2.3381      7.801    -0.5511     2.0429 1.0752e-01    -0.1498   103.8167     7.1640     7.5228    32.9158    32.9162    26.4561    26.4565    8.33011 0.0000e+00
       5691    137.260    -0.7608    -0.7649   2.690603   2.690249     1.9283     2.3381      7.803    -0.5409     2.0429 1.0752e-01    -0.1498   103.8167     7.1611     7.5209    32.9144    32.9141    26.4547    26.4546    8.32885 0.0000e+00
       5694    137.381    -0.7580    -0.7632   2.690703   2.690350     1.9267     2.3373      7.801    -0.5511     2.0429 1.0740e-01    -0.1498   103.8167     7.1504     7.5142    32.9127    32.9136    26.4532    26.4541    8.32833 0.0000e+00
       5697    137.497    -0.7578    -0.7632   2.690679   2.690334     1.9271     2.3373      7.804    -0.5511     2.0429 1.0752e-01    -0.1498   103.8167     7.1531     7.5084    32.9120    32.9133    26.4526    26.4538    8.32830 0.0000e+00
       5700    137.611    -0.7566    -0.7617   2.690963   2.690681     1.9271     2.3381      7.804    -0.5511     2.0429 1.0740e-01    -0.1498   103.8167     7.1482     7.5040    32.9145    32.9162    26.4546    26.4562    8.32790 0.0000e+00
       5703    137.724    -0.7474    -0.7513   2.691897   2.691730     1.9267     2.3373      7.803    -0.5511     2.3982 1.0740e-01    -0.1498   103.8167     7.1418     7.4941    32.9170    32.9190    26.4563    26.4581    8.32569 0.0000e+00
       5706    137.837    -0.7398    -0.7438   2.692703   2.692438     1.9258     2.3361      7.804    -0.5511     3.8590 1.0740e-01    -0.1498   103.8167     7.1323     7.4782    32.9195    32.9203    26.4581    26.4588    8.32384 0.0000e+00
       5709    137.943    -0.7243    -0.7288   2.694244   2.693901     1.9254     2.3357      7.802    -0.5511     3.8195 1.0752e-01    -0.1502   103.8257     7.1192     7.4627    32.9232    32.9235    26.4605    26.4609    8.32012 0.0000e+00
       5712    138.047    -0.7053    -0.7121   2.695893   2.695350     1.9254     2.3345      7.802    -0.5511     3.8195 1.0752e-01    -0.1498   103.8167     7.1081     7.4461    32.9246    32.9248    26.4609    26.4614    8.31577 0.0000e+00
       5715    138.149    -0.6855    -0.6944   2.697709   2.697107     1.9238     2.3353      7.801    -0.5613     3.8195 1.0752e-01    -0.1498   103.8167     7.0870     7.4363    32.9275    32.9291    26.4625    26.4641    8.31118 0.0000e+00
       5718    138.247    -0.6603    -0.6616   2.699819   2.700334     1.9250     2.3336      7.800    -0.5511     3.8195 1.0740e-01    -0.1498   103.8167     7.0809     7.4126    32.9284    32.9367    26.4623    26.4691    8.30548 0.0000e+00
       5721    138.339    -0.6243    -0.6147   2.703170   2.704764     1.9238     2.3332      7.800    -0.5511     3.8195 1.0752e-01    -0.1498   103.8167     7.0591     7.3896    32.9341    32.9451    26.4655    26.4741    8.29708 0.0000e+00
       5724    138.430    -0.5831    -0.5814   2.706204   2.706713     1.9226     2.3324      7.800    -0.5511     3.8195 1.0752e-01    -0.1491   103.7986     7.0396     7.3725    32.9299    32.9350    26.4605    26.4645    8.28810 0.0000e+00
       5727    138.513    -0.5679    -0.5701   2.707290   2.707279     1.9230     2.3328      7.797    -0.5511     3.8195 1.0740e-01    -0.1488   103.7896     7.0330     7.3654    32.9280    32.9302    26.4583    26.4602    8.28483 0.0000e+00
       5730    138.593    -0.5615    -0.5666   2.707932   2.707657     1.9218     2.3300      7.795    -0.5409     1.4902 1.0715e-01    -0.1488   103.7896     7.0182     7.3449    32.9295    32.9314    26.4593    26.4611    8.28331 0.0000e+00
       5733    138.669    -0.5482    -0.5628   2.709112   2.707973     1.9197     2.3287      7.795    -0.5308    -1.0364 1.0752e-01    -0.1488   103.7896     6.9973     7.3282    32.9308    32.9314    26.4599    26.4610    8.28026 0.0000e+00
       5736    138.744    -0.5263    -0.5412   2.710753   2.709993     1.9202     2.3283      7.793    -0.5511    -0.9180 1.0752e-01    -0.1488   103.7896     6.9892     7.3114    32.9290    32.9350    26.4575    26.4630    8.27549 0.0000e+00
       5739    138.813    -0.5126    -0.5173   2.712233   2.711888     1.9189     2.3271      7.790    -0.5511    -0.9180 1.0740e-01    -0.1488   103.7896     6.9738     7.2904    32.9339    32.9344    26.4609    26.4615    8.27216 0.0000e+00
       5742    138.881    -0.4910    -0.4964   2.714063   2.713586     1.9181     2.3259      7.790    -0.5409    -0.9180 1.0752e-01    -0.1488   103.7896     6.9580     7.2737    32.9349    32.9343    26.4608    26.4606    8.26730 0.0000e+00
       5745    138.948    -0.4831    -0.4866   2.714834   2.714499     1.9177     2.3247      7.787    -0.5511    -0.9180 1.0740e-01    -0.1463   103.7263     6.9525     7.2572    32.9366    32.9359    26.4619    26.4615    8.26545 0.0000e+00
       5748    139.012    -0.4752    -0.4708   2.715681   2.715920     1.9165     2.3235      7.785    -0.5511    -0.9180 1.0740e-01    -0.1456   103.7082     6.9411     7.2408    32.9392    32.9377    26.4637    26.4623    8.26354 0.0000e+00
       5751    139.072    -0.4605    -0.4576   2.716972   2.717094     1.9153     2.3218      7.785    -0.5816    -0.9180 1.0752e-01    -0.1456   103.7082     6.9306     7.2251    32.9405    32.9390    26.4641    26.4628    8.26020 0.0000e+00
       5754    139.132    -0.4482    -0.4521   2.717834   2.717640     1.9144     2.3202      7.785    -0.5714    -0.9180 1.0727e-01    -0.1456   103.7082     6.9209     7.2128    32.9387    32.9403    26.4621    26.4637    8.25758 0.0000e+00
       5757    139.193    -0.4437    -0.4489   2.718230   2.718046     1.9132     2.3186      7.783    -0.5918     0.0690 1.0752e-01    -0.1456   103.7082     6.9111     7.1980    32.9391    32.9422    26.4623    26.4651    8.25656 0.0000e+00
       5760    139.252    -0.4426    -0.4462   2.718512   2.718287     1.9124     2.3169      7.780    -0.5918     0.3848 1.0752e-01    -0.1456   103.7082     6.9002     7.1836    32.9416    32.9425    26.4643    26.4652    8.25618 0.0000e+00
       5763    139.312    -0.4397    -0.4448   2.718762   2.718439     1.9116     2.3149      7.780    -0.5816     0.3848 1.0727e-01    -0.1456   103.7082     6.8900     7.1715    32.9417    32.9429    26.4643    26.4655    8.25551 0.0000e+00
       5766    139.376    -0.4384    -0.4429   2.718922   2.718651     1.9104     2.3137      7.780    -0.5816     0.3848 1.0740e-01    -0.1460   103.7172     6.8804     7.1625    32.9424    32.9436    26.4648    26.4659    8.25519 0.0000e+00
       5769    139.439    -0.4381    -0.4429   2.719013   2.718701     1.9096     2.3121      7.779    -0.5816     0.3848 1.0752e-01    -0.1456   103.7082     6.8737     7.1558    32.9433    32.9443    26.4654    26.4665    8.25507 0.0000e+00
       5772    139.504    -0.4367    -0.4424   2.719183   2.718746     1.9087     2.3104      7.779    -0.5816     0.3848 1.0752e-01    -0.1463   103.7263     6.8671     7.1477    32.9439    32.9443    26.4659    26.4665    8.25472 0.0000e+00
       5775    139.572    -0.4273    -0.4371   2.720067   2.719358     1.9075     2.3080      7.776    -0.5714     0.3848 1.0740e-01    -0.1460   103.7172     6.8542     7.1360    32.9455    32.9467    26.4668    26.4682    8.25255 0.0000e+00
       5778    139.644    -0.4147    -0.4247   2.721317   2.720575     1.9055     2.3068      7.775    -0.5409     0.3848 1.0740e-01    -0.1460   103.7172     6.8370     7.1295    32.9485    32.9494    26.4687    26.4698    8.24959 0.0000e+00
       5781    139.716    -0.4028    -0.4109   2.722521   2.721969     1.9051     2.3051      7.775    -0.5511     0.5427 1.0740e-01    -0.1456   103.7082     6.8306     7.1188    32.9516    32.9531    26.4707    26.4722    8.24677 0.0000e+00
       5784    139.792    -0.4001    -0.4046   2.723003   2.722705     1.9030     2.3031      7.775    -0.5613     2.1219 1.0752e-01    -0.1456   103.7082     6.8160     7.1074    32.9551    32.9560    26.4734    26.4744    8.24599 0.0000e+00
       5787    139.871    -0.4034    -0.4074   2.723028   2.722737     1.9022     2.3019      7.775    -0.5409     2.1614 1.0752e-01    -0.1456   103.7082     6.8127     7.1022    32.9589    32.9594    26.4767    26.4772    8.24650 0.0000e+00
       5790    139.949    -0.4063    -0.4107   2.722929   2.722653     1.9014     2.3002      7.775    -0.5511     2.1614 1.0752e-01    -0.1456   103.7082     6.8126     7.0967    32.9607    32.9618    26.4782    26.4793    8.24704 0.0000e+00
       5793    140.031    -0.4082    -0.4131   2.722819   2.722531     1.9002     2.2990      7.775    -0.5409     2.1614 1.0752e-01    -0.1456   103.7082     6.8090     7.0942    32.9613    32.9627    26.4788    26.4801    8.24744 0.0000e+00
       5796    140.117    -0.4102    -0.4153   2.722708   2.722399     1.8986     2.2962      7.775    -0.5409     2.1614 1.0752e-01    -0.1456   103.7082     6.8046     7.0868    32.9619    32.9633    26.4794    26.4807    8.24784 0.0000e+00
       5799    140.203    -0.4130    -0.4178   2.722499   2.722168     1.8973     2.2954      7.774    -0.5511     2.1614 1.0727e-01    -0.1456   103.7082     6.8040     7.0899    32.9620    32.9629    26.4796    26.4804    8.24844 0.0000e+00
       5802    140.293    -0.4174    -0.4217   2.722142   2.721859     1.8961     2.2937      7.771    -0.5511     2.1614 1.0752e-01    -0.1456   103.7082     6.7978     7.0863    32.9620    32.9629    26.4798    26.4807    8.24942 0.0000e+00
       5805    140.386    -0.4236    -0.4250   2.721619   2.721615     1.8953     2.2913      7.771    -0.5511     2.1614 1.0752e-01    -0.1449   103.6901     6.7978     7.0805    32.9618    32.9631    26.4798    26.4810    8.25082 0.0000e+00
       5808    140.482    -0.4331    -0.4335   2.720789   2.720711     1.8937     2.2892      7.771    -0.5511     3.3457 1.0752e-01    -0.1443   103.6720     6.7957     7.0795    32.9609    32.9603    26.4795    26.4791    8.25297 0.0000e+00
       5811    140.578    -0.4536    -0.4519   2.718834   2.718925     1.8937     2.2884      7.771    -0.5409     6.0303 1.0740e-01    -0.1443   103.6720     6.8003     7.0853    32.9570    32.9564    26.4772    26.4766    8.25774 0.0000e+00
       5814    140.676    -0.4871    -0.4861   2.716166   2.715926     1.8928     2.2868      7.769    -0.5409     5.9513 1.0740e-01    -0.1443   103.6720     6.8072     7.0911    32.9577    32.9534    26.4791    26.4756    8.26515 0.0000e+00
       5817    140.771    -0.5035    -0.5077   2.715152   2.714756     1.8912     2.2856      7.768    -0.5511     5.9513 1.0752e-01    -0.1446   103.6811     6.8068     7.1005    32.9619    32.9612    26.4832    26.4828    8.26856 0.0000e+00
       5820    140.866    -0.5091    -0.5140   2.714839   2.714523     1.8908     2.2844      7.769    -0.5511     5.9513 1.0752e-01    -0.1443   103.6720     6.8123     7.1053    32.9637    32.9648    26.4849    26.4860    8.26969 0.0000e+00
       5823    140.962    -0.5172    -0.5211   2.714345   2.714010     1.8888     2.2840      7.768    -0.5613     5.9513 1.0740e-01    -0.1443   103.6720     6.8056     7.1140    32.9658    32.9656    26.4870    26.4869    8.27138 0.0000e+00
       5826    141.053    -0.5224    -0.5272   2.713980   2.713634     1.8876     2.2811      7.768    -0.5511     5.9513 1.0740e-01    -0.1422   103.6178     6.8030     7.1143    32.9666    32.9672    26.4877    26.4884    8.27250 0.0000e+00
       5829    141.147    -0.5269    -0.5315   2.713651   2.713340     1.8872     2.2807      7.766    -0.5511     5.9513 1.0752e-01    -0.1418   103.6087     6.8066     7.1218    32.9670    32.9678    26.4883    26.4892    8.27347 0.0000e+00
       5832    141.238    -0.5332    -0.5375   2.713280   2.712925     1.8859     2.2795      7.768    -0.5511     5.9513 1.0752e-01    -0.1415   103.5997     6.8059     7.1226    32.9689    32.9687    26.4900    26.4901    8.27477 0.0000e+00
       5835    141.332    -0.5367    -0.5419   2.713101   2.712722     1.8851     2.2778      7.766    -0.5511     2.3193 1.0752e-01    -0.1415   103.5997     6.8084     7.1228    32.9701    32.9707    26.4912    26.4919    8.27547 0.0000e+00
       5838    141.422    -0.5389    -0.5441   2.712996   2.712632     1.8843     2.2774      7.766    -0.5409    -0.2074 1.0752e-01    -0.1415   103.5997     6.8104     7.1287    32.9711    32.9718    26.4921    26.4929    8.27591 0.0000e+00
       5841    141.509    -0.5407    -0.5463   2.712922   2.712579     1.8839     2.2766      7.769    -0.5613    -0.0889 1.0752e-01    -0.1418   103.6087     6.8154     7.1324    32.9720    32.9735    26.4929    26.4943    8.27626 0.0000e+00
       5844    141.595    -0.5414    -0.5472   2.712886   2.712520     1.8831     2.2758      7.768    -0.5511    -0.0889 1.0752e-01    -0.1415   103.5997     6.8174     7.1373    32.9723    32.9737    26.4931    26.4945    8.27641 0.0000e+00
       5847    141.682    -0.5422    -0.5478   2.712875   2.712485     1.8818     2.2754      7.768    -0.5511    -0.0889 1.0740e-01    -0.1415   103.5997     6.8200     7.1439    32.9729    32.9738    26.4936    26.4946    8.27654 0.0000e+00
       5850    141.765    -0.5423    -0.5481   2.712848   2.712459     1.8810     2.2742      7.771    -0.5409    -0.1284 1.0740e-01    -0.1415   103.5997     6.8211     7.1478    32.9725    32.9737    26.4934    26.4945    8.27658 0.0000e+00
       5853    141.849    -0.5426    -0.5489   2.712824   2.712372     1.8814     2.2730      7.771    -0.5511    -0.0889 1.0752e-01    -0.1415   103.5997     6.8270     7.1497    32.9725    32.9734    26.4934    26.4943    8.27665 0.0000e+00
       5856    141.932    -0.5447    -0.5537   2.712639   2.712020     1.8802     2.2721      7.769    -0.5511    -0.1284 1.0740e-01    -0.1415   103.5997     6.8247     7.1527    32.9724    32.9738    26.4934    26.4948    8.27714 0.0000e+00
       5859    142.013    -0.5498    -0.5582   2.712308   2.711782     1.8802     2.2721      7.771    -0.5511    -0.0889 1.0752e-01    -0.1415   103.5997     6.8281     7.1559    32.9734    32.9755    26.4944    26.4964    8.27821 0.0000e+00
