Datasets/AZMP/TEL210/tel210_2020_023.cnv
* Sea-Bird SBE 9 Data File:
* FileName = C:\CTDDATA\tel210_2020_023.hex
* Software Version Seasave V 7.26.7.110
* Temperature SN = 1697
* Conductivity SN = 4216
* Number of Bytes Per Scan = 30
* Number of Voltage Words = 4
* Number of Scans Averaged by the Deck Unit = 1
* NMEA baud rate = 4800
** VESSEL/TRIP/SEQ STN:  tel210_2020_023
** LATITUDE XX XX.XX: 47 00.00 N
** LONGITUDE XX XX.XX: 046 01.00 W
** SOUNDING DEPTH (M): 0304
** PROBE TYPE: S1146
** CTD NUMBER: 022
** COMMENTS (14 CHAR): FC-21
** BOTTLES:  11
** LEVELS: 5,10,20,30,40,50,75,100,150,250,BTM
** STICKERS: 435891 - 435901
** VNET: Y
** DO2: N
# nquan = 22
# nvalues = 7106                        
# units = specified
# name 0 = scan: Scan Count
# name 1 = prDM: Pressure, Digiquartz [db]
# name 2 = t090C: Temperature [ITS-90, deg C]
# name 3 = t190C: Temperature, 2 [ITS-90, deg C]
# name 4 = c0S/m: Conductivity [S/m]
# name 5 = c1S/m: Conductivity, 2 [S/m]
# name 6 = sbeox0V: Oxygen raw, SBE 43 [V]
# name 7 = sbeox1V: Oxygen raw, SBE 43, 2 [V]
# name 8 = ph: pH
# name 9 = flECO-AFL: Fluorescence, WET Labs ECO-AFL/FL [mg/m^3]
# name 10 = wetCDOM: Fluorescence, WET Labs CDOM [mg/m^3]
# name 11 = par/sat/log: PAR/Logarithmic, Satlantic [umol photons/m^2/sec]
# name 12 = CStarAt0: Beam Attenuation, WET Labs C-Star [1/m]
# name 13 = CStarTr0: Beam Transmission, WET Labs C-Star [%]
# name 14 = sbeox0ML/L: Oxygen, SBE 43 [ml/l], WS = 2
# name 15 = sbeox1ML/L: Oxygen, SBE 43, 2 [ml/l], WS = 2
# name 16 = sal00: Salinity, Practical [PSU]
# name 17 = sal11: Salinity, Practical, 2 [PSU]
# name 18 = sigma-t00: Density [sigma-t, kg/m^3 ]
# name 19 = sigma-t11: Density, 2 [sigma-t, kg/m^3 ]
# name 20 = oxsatML/L: Oxygen Saturation, Weiss [ml/l]
# name 21 = flag: flag
# span 0 =        116,      55454       
# span 1 =      1.198,    303.934       
# span 2 =     2.9868,    11.6926       
# span 3 =     2.9800,    11.6760       
# span 4 =   3.115256,   3.808864       
# span 5 =   3.114614,   3.807250       
# span 6 =     1.8197,     2.4561       
# span 7 =     2.1886,     2.9965       
# span 8 =      7.945,      8.211       
# span 9 =    -0.6325,     5.3300       
# span 10 =    -2.8130,   482.1870      
# span 11 = 1.0703e-01, 3.0410e+02      
# span 12 =    -0.1299,     0.2172      
# span 13 =    94.7374,   103.3012      
# span 14 =     5.8495,     7.8230      
# span 15 =     6.1008,     8.1880      
# span 16 =    33.3829,    34.8779      
# span 17 =    33.3791,    34.8770      
# span 18 =    25.3996,    27.6942      
# span 19 =    25.3973,    27.6942      
# span 20 =    6.15186,    7.48168      
# span 21 = 0.0000e+00, 0.0000e+00      
# interval = scans: 3                   
# start_time = Jul 17 2020 18:04:17 [System UTC, header]
# bad_flag = -9.990e-29
*END*
[from data line 2305]
       7155    205.516     3.8404     3.8357   3.231838   3.231324     1.9544     2.3566      7.974    -0.5714     2.3982 1.0715e-01    -0.1226   103.1113     6.3478     6.6083    34.7770    34.7759    27.6253    27.6249    7.30307 0.0000e+00
       7158    205.643     3.8431     3.8382   3.232113   3.231580     1.9532     2.3562      7.974    -0.5714     2.3982 1.0715e-01    -0.1226   103.1113     6.3428     6.6080    34.7774    34.7762    27.6254    27.6249    7.30259 0.0000e+00
       7161    205.762     3.8441     3.8392   3.232215   3.231691     1.9536     2.3557      7.974    -0.5714     2.3982 1.0715e-01    -0.1226   103.1113     6.3450     6.6042    34.7775    34.7764    27.6253    27.6250    7.30240 0.0000e+00
       7164    205.877     3.8446     3.8395   3.232252   3.231716     1.9536     2.3541      7.974    -0.5918     2.3982 1.0715e-01    -0.1226   103.1113     6.3435     6.5973    34.7773    34.7764    27.6252    27.6249    7.30232 0.0000e+00
       7167    205.983     3.8450     3.8395   3.232248   3.231742     1.9524     2.3549      7.974    -0.5816     2.3982 1.0715e-01    -0.1226   103.1113     6.3383     6.6007    34.7768    34.7766    27.6247    27.6251    7.30227 0.0000e+00
       7170    206.083     3.8447     3.8396   3.232275   3.231754     1.9524     2.3537      7.974    -0.5714     2.3982 1.0715e-01    -0.1226   103.1113     6.3368     6.5983    34.7774    34.7766    27.6252    27.6251    7.30229 0.0000e+00
       7173    206.176     3.8449     3.8397   3.232269   3.231782     1.9528     2.3545      7.974    -0.5918     2.3982 1.0715e-01    -0.1226   103.1113     6.3397     6.6007    34.7770    34.7767    27.6249    27.6252    7.30227 0.0000e+00
       7176    206.256     3.8450     3.8396   3.232273   3.231772     1.9520     2.3521      7.974    -0.5816     2.3982 1.0715e-01    -0.1226   103.1113     6.3365     6.5938    34.7770    34.7767    27.6248    27.6252    7.30226 0.0000e+00
       7179    206.327     3.8449     3.8397   3.232276   3.231789     1.9516     2.3525      7.972    -0.5714     1.2533 1.0715e-01    -0.1222   103.1023     6.3359     6.5955    34.7770    34.7768    27.6249    27.6252    7.30227 0.0000e+00
       7182    206.390     3.8449     3.8396   3.232290   3.231785     1.9512     2.3521      7.972    -0.5918    -0.6811 1.0715e-01    -0.1226   103.1113     6.3339     6.5931    34.7771    34.7767    27.6249    27.6252    7.30226 0.0000e+00
       7185    206.453     3.8447     3.8397   3.232260   3.231768     1.9508     2.3513      7.974    -0.5816    -0.5627 1.0715e-01    -0.1219   103.0932     6.3321     6.5922    34.7770    34.7765    27.6249    27.6250    7.30231 0.0000e+00
       7188    206.506     3.8450     3.8399   3.232262   3.231769     1.9504     2.3509      7.971    -0.5816    -0.5627 1.0715e-01    -0.1222   103.1023     6.3321     6.5908    34.7766    34.7762    27.6245    27.6247    7.30227 0.0000e+00
       7191    206.553     3.8448     3.8398   3.232272   3.231766     1.9500     2.3505      7.974    -0.5816    -0.5627 1.0715e-01    -0.1226   103.1113     6.3314     6.5887    34.7770    34.7762    27.6248    27.6247    7.30229 0.0000e+00
       7194    206.600     3.8453     3.8397   3.232311   3.231783     1.9496     2.3505      7.972    -0.5613    -0.5627 1.0715e-01    -0.1222   103.1023     6.3288     6.5908    34.7769    34.7765    27.6247    27.6250    7.30221 0.0000e+00
       7197    206.646     3.8455     3.8401   3.232314   3.231807     1.9500     2.3496      7.971    -0.5816    -0.5627 1.0715e-01    -0.1226   103.1113     6.3316     6.5882    34.7767    34.7764    27.6245    27.6248    7.30218 0.0000e+00
       7200    206.692     3.8456     3.8400   3.232320   3.231816     1.9491     2.3492      7.974    -0.5816    -0.5627 1.0715e-01    -0.1219   103.0932     6.3297     6.5886    34.7766    34.7766    27.6245    27.6250    7.30217 0.0000e+00
       7203    206.737     3.8451     3.8401   3.232298   3.231800     1.9487     2.3480      7.972    -0.5816    -0.5627 1.0715e-01    -0.1226   103.1113     6.3291     6.5843    34.7768    34.7763    27.6247    27.6248    7.30224 0.0000e+00
       7206    206.779     3.8449     3.8398   3.232298   3.231811     1.9487     2.3480      7.972    -0.5816    -1.3523 1.0715e-01    -0.1222   103.1023     6.3301     6.5858    34.7770    34.7767    27.6248    27.6251    7.30226 0.0000e+00
       7209    206.823     3.8447     3.8398   3.232286   3.231814     1.9487     2.3480      7.972    -0.5918    -1.7076 1.0715e-01    -0.1226   103.1113     6.3320     6.5866    34.7771    34.7767    27.6250    27.6251    7.30231 0.0000e+00
       7212    206.864     3.8448     3.8397   3.232279   3.231810     1.9483     2.3472      7.971    -0.5918    -1.6286 1.0715e-01    -0.1226   103.1113     6.3299     6.5843    34.7769    34.7767    27.6248    27.6252    7.30230 0.0000e+00
       7215    206.908     3.8451     3.8396   3.232312   3.231805     1.9483     2.3468      7.971    -0.5816    -1.6286 1.0715e-01    -0.1226   103.1113     6.3306     6.5844    34.7770    34.7767    27.6248    27.6252    7.30224 0.0000e+00
       7218    206.948     3.8453     3.8397   3.232318   3.231802     1.9471     2.3468      7.972    -0.5918    -1.6286 1.0715e-01    -0.1226   103.1113     6.3262     6.5877    34.7767    34.7766    27.6246    27.6251    7.30221 0.0000e+00
       7221    206.988     3.8451     3.8396   3.232322   3.231803     1.9475     2.3460      7.972    -0.5714    -1.6681 1.0715e-01    -0.1226   103.1113     6.3308     6.5877    34.7770    34.7767    27.6249    27.6251    7.30224 0.0000e+00
       7224    207.029     3.8451     3.8396   3.232325   3.231794     1.9471     2.3456      7.972    -0.5918    -1.6681 1.0715e-01    -0.1226   103.1113     6.3292     6.5898    34.7770    34.7765    27.6249    27.6250    7.30224 0.0000e+00
       7227    207.072     3.8450     3.8397   3.232308   3.231821     1.9467     2.3456      7.972    -0.5816    -1.6681 1.0715e-01    -0.1226   103.1113     6.3277     6.5933    34.7769    34.7767    27.6248    27.6251    7.30226 0.0000e+00
       7230    207.116     3.8448     3.8397   3.232314   3.231779     1.9467     2.3447      7.972    -0.5816    13.9261 1.0715e-01    -0.1226   103.1113     6.3276     6.5914    34.7772    34.7762    27.6249    27.6247    7.30228 0.0000e+00
       7233    207.164     3.8449     3.8396   3.232313   3.231827     1.9467     2.3452      7.972    -0.5816   437.5362 1.0715e-01    -0.1226   103.1113     6.3288     6.5960    34.7771    34.7769    27.6249    27.6253    7.30228 0.0000e+00
       7236    207.213     3.8447     3.8396   3.232322   3.231808     1.9459     2.3443      7.974    -0.5816   481.3185 1.0715e-01    -0.1226   103.1113     6.3276     6.5962    34.7773    34.7766    27.6251    27.6251    7.30229 0.0000e+00
       7239    207.267     3.8447     3.8398   3.232327   3.231819     1.9463     2.3443      7.971    -0.5714   481.1605 1.0715e-01    -0.1226   103.1113     6.3294     6.5969    34.7773    34.7765    27.6251    27.6250    7.30229 0.0000e+00
       7242    207.328     3.8446     3.8398   3.232318   3.231829     1.9463     2.3447      7.974    -0.5918   481.3579 1.0715e-01    -0.1226   103.1113     6.3292     6.6002    34.7773    34.7766    27.6251    27.6250    7.30231 0.0000e+00
       7245    207.396     3.8447     3.8396   3.232332   3.231791     1.9459     2.3443      7.974    -0.5816   481.3579 1.0715e-01    -0.1222   103.1023     6.3271     6.5993    34.7773    34.7763    27.6251    27.6249    7.30229 0.0000e+00
       7248    207.472     3.8446     3.8396   3.232339   3.231845     1.9451     2.3443      7.971    -0.5816   481.3579 1.0715e-01    -0.1226   103.1113     6.3269     6.5978    34.7775    34.7769    27.6253    27.6253    7.30231 0.0000e+00
       7251    207.557     3.8445     3.8394   3.232340   3.231816     1.9455     2.3443      7.971    -0.5816   481.3579 1.0715e-01    -0.1226   103.1113     6.3296     6.5962    34.7775    34.7767    27.6253    27.6252    7.30231 0.0000e+00
       7254    207.645     3.8454     3.8394   3.232461   3.231815     1.9451     2.3439      7.972    -0.5918   481.3579 1.0715e-01    -0.1226   103.1113     6.3277     6.5955    34.7780    34.7766    27.6256    27.6252    7.30213 0.0000e+00
       7257    207.739     3.8457     3.8393   3.232490   3.231829     1.9451     2.3443      7.972    -0.5613   377.2517 1.0715e-01    -0.1226   103.1113     6.3284     6.5933    34.7780    34.7769    27.6255    27.6253    7.30208 0.0000e+00
       7260    207.841     3.8462     3.8401   3.232534   3.231964     1.9451     2.3435      7.972    -0.5816    -0.2469 1.0715e-01    -0.1226   103.1113     6.3283     6.5873    34.7779    34.7776    27.6254    27.6258    7.30199 0.0000e+00
       7263    207.949     3.8461     3.8415   3.232529   3.232094     1.9442     2.3435      7.972    -0.5918     1.4902 1.0715e-01    -0.1226   103.1113     6.3214     6.5827    34.7779    34.7776    27.6254    27.6257    7.30201 0.0000e+00
       7266    208.060     3.8469     3.8408   3.232675   3.231988     1.9438     2.3431      7.971    -0.5816     2.4377 1.0715e-01    -0.1219   103.0932     6.3189     6.5795    34.7787    34.7770    27.6260    27.6253    7.30183 0.0000e+00
       7269    208.176     3.8474     3.8411   3.232687   3.232077     1.9447     2.3423      7.974    -0.5816     2.3982 1.0715e-01    -0.1219   103.0932     6.3223     6.5721    34.7783    34.7777    27.6256    27.6258    7.30176 0.0000e+00
       7272    208.299     3.8473     3.8422   3.232737   3.232194     1.9451     2.3419      7.971    -0.5918     2.3982 1.0715e-01    -0.1226   103.1113     6.3212     6.5665    34.7789    34.7778    27.6261    27.6258    7.30174 0.0000e+00
       7275    208.429     3.8495     3.8430   3.232980   3.232298     1.9439     2.3419      7.974    -0.5714     2.3982 1.0715e-01    -0.1222   103.1023     6.3131     6.5635    34.7795    34.7782    27.6263    27.6260    7.30133 0.0000e+00
       7278    208.559     3.8505     3.8446   3.233070   3.232499     1.9439     2.3419      7.972    -0.5918     2.3982 1.0715e-01    -0.1226   103.1113     6.3097     6.5597    34.7793    34.7788    27.6262    27.6263    7.30115 0.0000e+00
       7281    208.692     3.8515     3.8476   3.233142   3.232916     1.9439     2.3403      7.969    -0.5816     2.3982 1.0715e-01    -0.1222   103.1023     6.3063     6.5516    34.7791    34.7806    27.6258    27.6274    7.30099 0.0000e+00
       7284    208.822     3.8538     3.8500   3.233586   3.233079     1.9430     2.3403      7.974    -0.5918     2.3982 1.0715e-01    -0.1222   103.1023     6.2996     6.5509    34.7819    34.7798    27.6278    27.6266    7.30044 0.0000e+00
       7287    208.951     3.8595     3.8537   3.234283   3.233569     1.9422     2.3399      7.974    -0.5816     2.3982 1.0715e-01    -0.1215   103.0842     6.2931     6.5467    34.7840    34.7816    27.6289    27.6276    7.29930 0.0000e+00
       7290    209.080     3.8623     3.8563   3.234441   3.233821     1.9430     2.3395      7.969    -0.5918     2.3982 1.0715e-01    -0.1222   103.1023     6.2944     6.5438    34.7828    34.7819    27.6277    27.6275    7.29885 0.0000e+00
       7293    209.205     3.8620     3.8590   3.234427   3.234126     1.9418     2.3382      7.971    -0.5816     2.3982 1.0715e-01    -0.1222   103.1023     6.2862     6.5381    34.7830    34.7825    27.6278    27.6278    7.29891 0.0000e+00
       7296    209.328     3.8633     3.8604   3.234652   3.234314     1.9414     2.3378      7.969    -0.5816     2.3982 1.0715e-01    -0.1219   103.0932     6.2850     6.5351    34.7842    34.7833    27.6287    27.6283    7.29861 0.0000e+00
       7299    209.448     3.8683     3.8634   3.235169   3.234703     1.9414     2.3374      7.969    -0.5714     2.3982 1.0715e-01    -0.1219   103.0932     6.2836     6.5322    34.7849    34.7847    27.6288    27.6290    7.29767 0.0000e+00
       7302    209.563     3.8711     3.8669   3.235476   3.235106     1.9402     2.3362      7.969    -0.5714     2.3982 1.0715e-01    -0.1219   103.0932     6.2770     6.5287    34.7855    34.7856    27.6290    27.6295    7.29714 0.0000e+00
       7305    209.674     3.8747     3.8696   3.235952   3.235401     1.9402     2.3370      7.969    -0.5918     2.3982 1.0715e-01    -0.1215   103.0842     6.2754     6.5322    34.7874    34.7863    27.6301    27.6297    7.29641 0.0000e+00
       7308    209.786     3.8772     3.8720   3.236166   3.235617     1.9398     2.3358      7.969    -0.5816     2.3982 1.0715e-01    -0.1215   103.0842     6.2736     6.5284    34.7872    34.7862    27.6297    27.6293    7.29596 0.0000e+00
       7311    209.896     3.8787     3.8735   3.236300   3.235794     1.9398     2.3350      7.969    -0.5816     5.6355 1.0715e-01    -0.1215   103.0842     6.2736     6.5270    34.7872    34.7866    27.6295    27.6296    7.29570 0.0000e+00
       7314    210.003     3.8783     3.8738   3.236194   3.235746     1.9398     2.3346      7.969    -0.5816     6.5830 1.0715e-01    -0.1222   103.1023     6.2750     6.5284    34.7863    34.7858    27.6288    27.6289    7.29582 0.0000e+00
       7317    210.108     3.8764     3.8719   3.236081   3.235602     1.9390     2.3337      7.969    -0.5816     6.5435 1.0715e-01    -0.1219   103.0932     6.2747     6.5290    34.7869    34.7860    27.6295    27.6293    7.29613 0.0000e+00
       7320    210.209     3.8763     3.8710   3.236099   3.235590     1.9386     2.3342      7.969    -0.5918     6.5435 1.0715e-01    -0.1215   103.0842     6.2747     6.5318    34.7871    34.7867    27.6297    27.6299    7.29613 0.0000e+00
       7323    210.306     3.8758     3.8707   3.236062   3.235577     1.9377     2.3325      7.969    -0.5714     6.5435 1.0715e-01    -0.1215   103.0842     6.2715     6.5267    34.7872    34.7868    27.6298    27.6300    7.29622 0.0000e+00
       7326    210.399     3.8750     3.8703   3.236012   3.235552     1.9377     2.3329      7.969    -0.5918     6.5435 1.0715e-01    -0.1219   103.0932     6.2726     6.5312    34.7874    34.7869    27.6300    27.6301    7.29635 0.0000e+00
       7329    210.486     3.8739     3.8695   3.235876   3.235480     1.9365     2.3321      7.969    -0.5816     6.5435 1.0715e-01    -0.1226   103.1113     6.2685     6.5306    34.7869    34.7868    27.6297    27.6302    7.29657 0.0000e+00
       7332    210.567     3.8729     3.8681   3.235799   3.235348     1.9369     2.3321      7.969    -0.5816     6.5435 1.0715e-01    -0.1226   103.1113     6.2724     6.5345    34.7870    34.7868    27.6299    27.6302    7.29675 0.0000e+00
       7335    210.645     3.8727     3.8669   3.235807   3.235248     1.9365     2.3317      7.969    -0.5816    50.2468 1.0715e-01    -0.1226   103.1113     6.2705     6.5358    34.7872    34.7867    27.6301    27.6303    7.29677 0.0000e+00
       7338    210.716     3.8737     3.8672   3.235972   3.235334     1.9369     2.3313      7.967    -0.5714   458.8944 1.0715e-01    -0.1222   103.1023     6.2747     6.5358    34.7882    34.7875    27.6308    27.6309    7.29655 0.0000e+00
       7341    210.783     3.8738     3.8682   3.235961   3.235426     1.9365     2.3317      7.969    -0.5918   481.5948 1.0715e-01    -0.1226   103.1113     6.2752     6.5379    34.7879    34.7875    27.6305    27.6308    7.29655 0.0000e+00
       7344    210.847     3.8723     3.8682   3.235841   3.235444     1.9361     2.3301      7.969    -0.5816   481.2000 1.0715e-01    -0.1226   103.1113     6.2779     6.5320    34.7880    34.7876    27.6308    27.6309    7.29682 0.0000e+00
       7347    210.909     3.8708     3.8672   3.235659   3.235355     1.9353     2.3301      7.969    -0.5816   481.3184 1.0715e-01    -0.1222   103.1023     6.2748     6.5330    34.7874    34.7876    27.6304    27.6310    7.29711 0.0000e+00
