Datasets/AZMP/TEL210/tel210_2020_142.cnv
* Sea-Bird SBE 9 Data File:
* FileName = C:\CTDDATA\tel210_2020_142.hex
* Software Version Seasave V 7.26.7.110
* Temperature SN = 1697
* Conductivity SN = 4216
* Number of Bytes Per Scan = 30
* Number of Voltage Words = 4
* Number of Scans Averaged by the Deck Unit = 1
* NMEA baud rate = 4800
** VESSEL/TRIP/SEQ STN:  tel210_2020_142
** LATITUDE XX XX.XX: 47 47.40 N
** LONGITUDE XX XX.XX: 051 25.20 W
** SOUNDING DEPTH (M): 0143
** PROBE TYPE: S1146
** CTD NUMBER: 083
** COMMENTS (14 CHAR): S27-06
** BOTTLES:  0
** LEVELS:
** STICKERS:
** VNET: N
** DO2: N
# nquan = 22
# nvalues = 3085                        
# units = specified
# name 0 = scan: Scan Count
# name 1 = prDM: Pressure, Digiquartz [db]
# name 2 = t090C: Temperature [ITS-90, deg C]
# name 3 = t190C: Temperature, 2 [ITS-90, deg C]
# name 4 = c0S/m: Conductivity [S/m]
# name 5 = c1S/m: Conductivity, 2 [S/m]
# name 6 = sbeox0V: Oxygen raw, SBE 43 [V]
# name 7 = sbeox1V: Oxygen raw, SBE 43, 2 [V]
# name 8 = ph: pH
# name 9 = flECO-AFL: Fluorescence, WET Labs ECO-AFL/FL [mg/m^3]
# name 10 = wetCDOM: Fluorescence, WET Labs CDOM [mg/m^3]
# name 11 = par/sat/log: PAR/Logarithmic, Satlantic [umol photons/m^2/sec]
# name 12 = CStarAt0: Beam Attenuation, WET Labs C-Star [1/m]
# name 13 = CStarTr0: Beam Transmission, WET Labs C-Star [%]
# name 14 = sbeox0ML/L: Oxygen, SBE 43 [ml/l], WS = 2
# name 15 = sbeox1ML/L: Oxygen, SBE 43, 2 [ml/l], WS = 2
# name 16 = sal00: Salinity, Practical [PSU]
# name 17 = sal11: Salinity, Practical, 2 [PSU]
# name 18 = sigma-t00: Density [sigma-t, kg/m^3 ]
# name 19 = sigma-t11: Density, 2 [sigma-t, kg/m^3 ]
# name 20 = oxsatML/L: Oxygen Saturation, Weiss [ml/l]
# name 21 = flag: flag
# span 0 =          4,      10762       
# span 1 =      0.167,    141.835       
# span 2 =    -1.4186,    13.2117       
# span 3 =    -1.4243,    13.2076       
# span 4 =   1.975280,   3.751412       
# span 5 =   2.116840,   3.750949       
# span 6 =     1.8407,     2.5016       
# span 7 =     2.2058,     3.0308       
# span 8 =      7.825,      8.203       
# span 9 =     0.6981,     1.7775       
# span 10 =    -2.8130,   482.1870      
# span 11 = 1.0548e-01, 5.5369e-01      
# span 12 =    -0.1436,     0.2426      
# span 13 =    94.1858,   103.6539      
# span 14 =     6.0612,     8.6813      
# span 15 =     5.9134,     9.0775      
# span 16 =    15.6726,    33.1634      
# span 17 =    16.9319,    33.1628      
# span 18 =    11.4453,    26.6450      
# span 19 =    12.4150,    26.6447      
# span 20 =    6.02742,    8.48738      
# span 21 = 0.0000e+00, 0.0000e+00      
# interval = scans: 3                   
# start_time = Jul 31 2020 01:26:21 [System UTC, header]
# bad_flag = -9.990e-29
*END*
[from data line 1317]
       4380    141.218    -0.4737    -0.4794   2.732584   2.732111     1.8436     2.2094      7.836     0.7722     5.2407 1.0727e-01    -0.0206   100.5159     6.7234     6.9624    33.1623    33.1622    26.6440    26.6442    8.25058 0.0000e+00
       4383    141.258    -0.4736    -0.4793   2.732598   2.732087     1.8444     2.2086      7.834     0.7616     5.2407 1.0715e-01    -0.0206   100.5159     6.7288     6.9594    33.1623    33.1617    26.6440    26.6438    8.25056 0.0000e+00
       4386    141.289    -0.4735    -0.4792   2.732589   2.732077     1.8444     2.2086      7.834     0.7616     5.2407 1.0727e-01    -0.0209   100.5250     6.7276     6.9570    33.1621    33.1614    26.6439    26.6436    8.25056 0.0000e+00
       4447    141.319    -0.4735    -0.4795   2.732593   2.732077     1.8423     2.2078      7.834     0.7722     4.1353 1.0715e-01    -0.0199   100.4979     6.7133     6.9557    33.1621    33.1617    26.6439    26.6438    8.25055 0.0000e+00
       4567    141.360    -0.4737    -0.4795   2.732590   2.732105     1.8415     2.2066      7.834     0.7616     1.9245 1.0715e-01    -0.0181   100.4527     6.7070     6.9576    33.1623    33.1622    26.6441    26.6441    8.25059 0.0000e+00
       4570    141.404    -0.4736    -0.4795   2.732587   2.732107     1.8427     2.2066      7.834     0.7616     1.9245 1.0715e-01    -0.0181   100.4527     6.7159     6.9563    33.1620    33.1621    26.6438    26.6441    8.25056 0.0000e+00
       4573    141.450    -0.4735    -0.4794   2.732585   2.732117     1.8415     2.2062      7.834     0.7722     1.9245 1.0715e-01    -0.0181   100.4527     6.7083     6.9536    33.1619    33.1621    26.6437    26.6442    8.25056 0.0000e+00
       4576    141.496    -0.4739    -0.4794   2.732575   2.732097     1.8415     2.2062      7.834     0.7616     1.9245 1.0727e-01    -0.0181   100.4527     6.7077     6.9521    33.1622    33.1619    26.6440    26.6439    8.25064 0.0000e+00
       4579    141.539    -0.4741    -0.4797   2.732572   2.732088     1.8423     2.2066      7.834     0.7722     1.9245 1.0727e-01    -0.0184   100.4617     6.7111     6.9524    33.1623    33.1620    26.6440    26.6440    8.25066 0.0000e+00
       4582    141.583    -0.4740    -0.4796   2.732563   2.732096     1.8419     2.2078      7.834     0.7616     2.1219 1.0715e-01    -0.0206   100.5159     6.7120     6.9573    33.1621    33.1619    26.6439    26.6440    8.25067 0.0000e+00
       4585    141.625    -0.4740    -0.4796   2.732556   2.732090     1.8423     2.2070      7.834     0.7722     2.1614 1.0715e-01    -0.0202   100.5069     6.7166     6.9548    33.1620    33.1619    26.6438    26.6440    8.25067 0.0000e+00
       4588    141.665    -0.4738    -0.4798   2.732585   2.732076     1.8427     2.2062      7.834     0.7722     2.1614 1.0727e-01    -0.0206   100.5159     6.7209     6.9502    33.1622    33.1618    26.6439    26.6439    8.25062 0.0000e+00
       4591    141.702    -0.4737    -0.4798   2.732593   2.732083     1.8415     2.2070      7.834     0.7722     2.1614 1.0715e-01    -0.0202   100.5069     6.7164     6.9526    33.1622    33.1619    26.6439    26.6440    8.25060 0.0000e+00
       4594    141.738    -0.4742    -0.4797   2.732590   2.732081     1.8419     2.2070      7.834     0.7722     2.1614 1.0715e-01    -0.0202   100.5069     6.7204     6.9528    33.1626    33.1618    26.6443    26.6439    8.25068 0.0000e+00
       4597    141.773    -0.4739    -0.4798   2.732583   2.732089     1.8423     2.2062      7.834     0.7616     2.1614 1.0715e-01    -0.0202   100.5069     6.7213     6.9479    33.1621    33.1620    26.6439    26.6440    8.25063 0.0000e+00
       4600    141.804    -0.4741    -0.4797   2.732599   2.732083     1.8423     2.2062      7.834     0.9838     2.1614 1.0727e-01    -0.0209   100.5250     6.7175     6.9484    33.1625    33.1618    26.6443    26.6438    8.25066 0.0000e+00
       4612    141.835    -0.4734    -0.4793   2.732648   2.732132     1.8423     2.2062      7.834     1.0685     2.0429 1.0715e-01    -0.0206   100.5159     6.7167     6.9467    33.1624    33.1620    26.6441    26.6440    8.25050 0.0000e+00
       4632    141.824    -0.4729    -0.4785   2.732686   2.732215     1.8423     2.2070      7.834     0.8357     1.8850 1.0715e-01    -0.0181   100.4527     6.7125     6.9512    33.1624    33.1622    26.6441    26.6442    8.25040 0.0000e+00
       4635    141.798    -0.4727    -0.4783   2.732678   2.732179     1.8423     2.2066      7.834     0.8463     2.7140 1.0715e-01    -0.0184   100.4617     6.7116     6.9490    33.1620    33.1616    26.6438    26.6437    8.25037 0.0000e+00
       4638    141.767    -0.4726    -0.4786   2.732686   2.732154     1.8419     2.2058      7.834     0.8357     2.7535 1.0715e-01    -0.0181   100.4527     6.7110     6.9447    33.1621    33.1616    26.6438    26.6436    8.25035 0.0000e+00
       4641    141.736    -0.4727    -0.4788   2.732689   2.732148     1.8415     2.2058      7.834     0.8357     2.7535 1.0715e-01    -0.0170   100.4255     6.7124     6.9449    33.1623    33.1617    26.6440    26.6437    8.25036 0.0000e+00
       4644    141.700    -0.4725    -0.4789   2.732679   2.732129     1.8423     2.2066      7.834     0.8569     2.7535 1.0715e-01    -0.0170   100.4255     6.7179     6.9451    33.1620    33.1616    26.6437    26.6437    8.25034 0.0000e+00
       4647    141.663    -0.4726    -0.4790   2.732673   2.732137     1.8419     2.2074      7.834     0.8251     2.7535 1.0715e-01    -0.0170   100.4255     6.7131     6.9487    33.1619    33.1618    26.6437    26.6439    8.25035 0.0000e+00
       4650    141.620    -0.4729    -0.4792   2.732650   2.732106     1.8423     2.2066      7.834     0.8145     2.7535 1.0715e-01    -0.0170   100.4255     6.7123     6.9480    33.1621    33.1616    26.6438    26.6437    8.25043 0.0000e+00
       4653    141.579    -0.4731    -0.4792   2.732640   2.732113     1.8415     2.2062      7.834     0.7828     2.7535 1.0727e-01    -0.0170   100.4255     6.7107     6.9452    33.1621    33.1618    26.6439    26.6438    8.25046 0.0000e+00
       4656    141.538    -0.4733    -0.4791   2.732603   2.732111     1.8411     2.2062      7.834     0.7616     2.7535 1.0715e-01    -0.0170   100.4255     6.7147     6.9460    33.1619    33.1617    26.6437    26.6437    8.25051 0.0000e+00
       4659    141.496    -0.4731    -0.4791   2.732607   2.732098     1.8419     2.2062      7.834     0.7722     1.2928 1.0715e-01    -0.0170   100.4255     6.7183     6.9501    33.1617    33.1615    26.6435    26.6436    8.25048 0.0000e+00
       4662    141.451    -0.4730    -0.4792   2.732607   2.732094     1.8423     2.2066      7.834     0.7616    -1.5891 1.0727e-01    -0.0188   100.4708     6.7232     6.9518    33.1617    33.1616    26.6435    26.6436    8.25047 0.0000e+00
       4665    141.411    -0.4730    -0.4790   2.732612   2.732090     1.8419     2.2058      7.834     0.7616    -1.3918 1.0727e-01    -0.0191   100.4798     6.7214     6.9454    33.1617    33.1613    26.6435    26.6435    8.25045 0.0000e+00
       4668    141.371    -0.4734    -0.4790   2.732592   2.732103     1.8427     2.2058      7.834     0.7722    -1.3918 1.0715e-01    -0.0191   100.4798     6.7255     6.9439    33.1619    33.1615    26.6437    26.6436    8.25054 0.0000e+00
       4671    141.334    -0.4733    -0.4791   2.732589   2.732086     1.8415     2.2066      7.834     0.7616    -1.3918 1.0715e-01    -0.0191   100.4798     6.7185     6.9476    33.1619    33.1614    26.6437    26.6435    8.25053 0.0000e+00
       4674    141.299    -0.4733    -0.4790   2.732578   2.732086     1.8415     2.2058      7.834     0.7616    -1.3918 1.0715e-01    -0.0191   100.4798     6.7181     6.9458    33.1617    33.1614    26.6435    26.6435    8.25052 0.0000e+00
       4677    141.265    -0.4735    -0.4791   2.732581   2.732110     1.8427     2.2062      7.834     0.7722    -1.3918 1.0715e-01    -0.0188   100.4708     6.7239     6.9480    33.1620    33.1618    26.6437    26.6439    8.25055 0.0000e+00
       4680    141.237    -0.4735    -0.4791   2.732583   2.732098     1.8423     2.2066      7.834     0.7616    -1.3918 1.0715e-01    -0.0188   100.4708     6.7177     6.9497    33.1620    33.1616    26.6438    26.6437    8.25055 0.0000e+00
       4708    141.214    -0.4735    -0.4789   2.732599   2.732097     1.8423     2.2070      7.834     0.7722     0.2269 1.0715e-01    -0.0195   100.4888     6.7169     6.9550    33.1622    33.1615    26.6439    26.6435    8.25053 0.0000e+00
       4762    141.180    -0.4726    -0.4787   2.732647   2.732177     1.8423     2.2066      7.834     0.7828     3.4642 1.0715e-01    -0.0217   100.5431     6.7188     6.9610    33.1620    33.1623    26.6437    26.6442    8.25036 0.0000e+00
       4765    141.137    -0.4728    -0.4785   2.732643   2.732156     1.8419     2.2066      7.834     0.7616     1.7271 1.0715e-01    -0.0220   100.5521     6.7194     6.9593    33.1621    33.1618    26.6438    26.6438    8.25039 0.0000e+00
       4768    141.087    -0.4728    -0.4784   2.732627   2.732182     1.8411     2.2074      7.834     0.7722     1.2928 1.0715e-01    -0.0224   100.5612     6.7143     6.9616    33.1619    33.1621    26.6437    26.6441    8.25040 0.0000e+00
       4771    141.031    -0.4730    -0.4783   2.732610   2.732158     1.8415     2.2062      7.834     0.7722     1.3323 1.0715e-01    -0.0224   100.5612     6.7164     6.9528    33.1620    33.1617    26.6437    26.6437    8.25045 0.0000e+00
       4774    140.969    -0.4728    -0.4784   2.732636   2.732133     1.8419     2.2074      7.834     0.7722     1.3323 1.0727e-01    -0.0224   100.5612     6.7163     6.9555    33.1622    33.1615    26.6439    26.6436    8.25040 0.0000e+00
       4777    140.901    -0.4723    -0.4784   2.732667   2.732099     1.8419     2.2066      7.834     0.7616     1.3323 1.0715e-01    -0.0224   100.5612     6.7149     6.9553    33.1620    33.1611    26.6437    26.6433    8.25028 0.0000e+00
       4780    140.825    -0.4722    -0.4791   2.732654   2.732011     1.8427     2.2066      7.834     0.7722     1.3323 1.0740e-01    -0.0213   100.5340     6.7217     6.9536    33.1618    33.1607    26.6436    26.6430    8.25029 0.0000e+00
       4783    140.743    -0.4724    -0.4793   2.732605   2.732015     1.8419     2.2074      7.834     0.7722     1.3323 1.0727e-01    -0.0191   100.4798     6.7201     6.9517    33.1614    33.1611    26.6432    26.6433    8.25034 0.0000e+00
       4786    140.661    -0.4730    -0.4794   2.732575   2.732029     1.8419     2.2066      7.834     0.8040     1.3323 1.0715e-01    -0.0191   100.4798     6.7200     6.9479    33.1617    33.1614    26.6435    26.6435    8.25045 0.0000e+00
       4789    140.568    -0.4731    -0.4792   2.732587   2.732055     1.8423     2.2062      7.834     0.8251     1.1744 1.0715e-01    -0.0191   100.4798     6.7241     6.9473    33.1621    33.1616    26.6438    26.6437    8.25047 0.0000e+00
       4792    140.471    -0.4732    -0.4794   2.732570   2.731979     1.8415     2.2066      7.834     0.7934    -0.0100 1.0715e-01    -0.0191   100.4798     6.7197     6.9514    33.1620    33.1608    26.6438    26.6430    8.25049 0.0000e+00
       4795    140.368    -0.4731    -0.4803   2.732517   2.731821     1.8419     2.2062      7.834     0.8040     0.0295 1.0727e-01    -0.0191   100.4798     6.7197     6.9513    33.1612    33.1597    26.6431    26.6422    8.25051 0.0000e+00
       4798    140.267    -0.4738    -0.4811   2.732378   2.731795     1.8419     2.2070      7.834     0.8040     0.0295 1.0727e-01    -0.0191   100.4798     6.7180     6.9526    33.1601    33.1604    26.6423    26.6427    8.25072 0.0000e+00
       4801    140.164    -0.4748    -0.4811   2.732316   2.731763     1.8423     2.2074      7.834     0.8040     0.0295 1.0715e-01    -0.0188   100.4708     6.7159     6.9561    33.1606    33.1600    26.6427    26.6425    8.25093 0.0000e+00
       4804    140.063    -0.4751    -0.4810   2.732277   2.731805     1.8428     2.2058      7.834     0.7934     0.0295 1.0715e-01    -0.0184   100.4617     6.7167     6.9470    33.1604    33.1605    26.6425    26.6429    8.25099 0.0000e+00
       4807    139.961    -0.4747    -0.4809   2.732329   2.731848     1.8424     2.2062      7.834     0.8145     0.0295 1.0715e-01    -0.0181   100.4527     6.7175     6.9474    33.1607    33.1610    26.6428    26.6433    8.25090 0.0000e+00
       4810    139.862    -0.4743    -0.4800   2.732401   2.731935     1.8415     2.2074      7.834     0.8040     0.0295 1.0727e-01    -0.0184   100.4617     6.7118     6.9535    33.1612    33.1613    26.6432    26.6435    8.25077 0.0000e+00
       4813    139.767    -0.4739    -0.4793   2.732423   2.732029     1.8424     2.2074      7.834     0.8040     0.0295 1.0715e-01    -0.0184   100.4617     6.7159     6.9529    33.1612    33.1618    26.6431    26.6438    8.25068 0.0000e+00
       4816    139.675    -0.4736    -0.4788   2.732466   2.732040     1.8424     2.2074      7.834     0.8145     1.5297 1.0715e-01    -0.0184   100.4617     6.7165     6.9506    33.1615    33.1615    26.6434    26.6436    8.25061 0.0000e+00
       4819    139.592    -0.4739    -0.4790   2.732453   2.732010     1.8424     2.2066      7.834     0.7934     4.5301 1.0727e-01    -0.0184   100.4617     6.7126     6.9461    33.1617    33.1613    26.6436    26.6434    8.25066 0.0000e+00
       4822    139.516    -0.4742    -0.4793   2.732454   2.731979     1.8420     2.2066      7.834     0.8145     4.4117 1.0715e-01    -0.0202   100.5069     6.7076     6.9439    33.1621    33.1612    26.6439    26.6434    8.25071 0.0000e+00
       4825    139.446    -0.4741    -0.4796   2.732441   2.731954     1.8407     2.2066      7.834     0.8145     4.4117 1.0715e-01    -0.0224   100.5612     6.7009     6.9445    33.1618    33.1614    26.6436    26.6435    8.25069 0.0000e+00
       4828    139.381    -0.4743    -0.4800   2.732429   2.731965     1.8420     2.2062      7.834     0.8040     4.4117 1.0740e-01    -0.0220   100.5521     6.7099     6.9421    33.1620    33.1620    26.6438    26.6440    8.25074 0.0000e+00
       4831    139.323    -0.4744    -0.4801   2.732429   2.731949     1.8424     2.2062      7.834     0.8040     4.4117 1.0715e-01    -0.0224   100.5612     6.7145     6.9395    33.1621    33.1619    26.6439    26.6439    8.25074 0.0000e+00
       4834    139.277    -0.4743    -0.4800   2.732436   2.731941     1.8420     2.2066      7.834     0.7934     4.4117 1.0727e-01    -0.0224   100.5612     6.7135     6.9434    33.1621    33.1617    26.6439    26.6438    8.25073 0.0000e+00
       4837    139.237    -0.4742    -0.4801   2.732428   2.731943     1.8420     2.2070      7.834     0.7616     4.4117 1.0715e-01    -0.0224   100.5612     6.7163     6.9472    33.1619    33.1619    26.6437    26.6439    8.25072 0.0000e+00
       4840    139.204    -0.4744    -0.4801   2.732429   2.731920     1.8420     2.2062      7.834     0.7722     4.4117 1.0715e-01    -0.0217   100.5431     6.7171     6.9454    33.1621    33.1616    26.6439    26.6438    8.25074 0.0000e+00
       4879    139.177    -0.4741    -0.4796   2.732469   2.731958     1.8420     2.2074      7.834     0.7722    -0.4837 1.0727e-01    -0.0202   100.5069     6.7175     6.9563    33.1623    33.1615    26.6441    26.6437    8.25066 0.0000e+00
       4900    139.130    -0.4735    -0.4796   2.732508   2.731956     1.8420     2.2082      7.834     0.7722    -2.3393 1.0715e-01    -0.0202   100.5069     6.7164     6.9603    33.1623    33.1616    26.6440    26.6437    8.25055 0.0000e+00
       4903    139.068    -0.4734    -0.4794   2.732489   2.731956     1.8420     2.2078      7.834     0.7722    -1.1154 1.0715e-01    -0.0195   100.4888     6.7116     6.9570    33.1620    33.1614    26.6438    26.6435    8.25054 0.0000e+00
