Datasets/AZMP/TEL210/tel210_2020_022.cnv
* Sea-Bird SBE 9 Data File:
* FileName = C:\CTDDATA\tel210_2020_022.hex
* Software Version Seasave V 7.26.7.110
* Temperature SN = 1697
* Conductivity SN = 4216
* Number of Bytes Per Scan = 30
* Number of Voltage Words = 4
* Number of Scans Averaged by the Deck Unit = 1
* NMEA baud rate = 4800
** VESSEL/TRIP/SEQ STN:  tel210_2020_022
** LATITUDE XX XX.XX: 47 00.00 N
** LONGITUDE XX XX.XX: 046 29.00 W
** SOUNDING DEPTH (M): 0348
** PROBE TYPE: S1146
** CTD NUMBER: 021
** COMMENTS (14 CHAR): FC-20
** BOTTLES:  10
** LEVELS: 5,10,20,30,40,50,75,100,150,BTM
** STICKERS: 435881 - 435890
** VNET: Y
** DO2: Y
# nquan = 22
# nvalues = 8084                        
# units = specified
# name 0 = scan: Scan Count
# name 1 = prDM: Pressure, Digiquartz [db]
# name 2 = t090C: Temperature [ITS-90, deg C]
# name 3 = t190C: Temperature, 2 [ITS-90, deg C]
# name 4 = c0S/m: Conductivity [S/m]
# name 5 = c1S/m: Conductivity, 2 [S/m]
# name 6 = sbeox0V: Oxygen raw, SBE 43 [V]
# name 7 = sbeox1V: Oxygen raw, SBE 43, 2 [V]
# name 8 = ph: pH
# name 9 = flECO-AFL: Fluorescence, WET Labs ECO-AFL/FL [mg/m^3]
# name 10 = wetCDOM: Fluorescence, WET Labs CDOM [mg/m^3]
# name 11 = par/sat/log: PAR/Logarithmic, Satlantic [umol photons/m^2/sec]
# name 12 = CStarAt0: Beam Attenuation, WET Labs C-Star [1/m]
# name 13 = CStarTr0: Beam Transmission, WET Labs C-Star [%]
# name 14 = sbeox0ML/L: Oxygen, SBE 43 [ml/l], WS = 2
# name 15 = sbeox1ML/L: Oxygen, SBE 43, 2 [ml/l], WS = 2
# name 16 = sal00: Salinity, Practical [PSU]
# name 17 = sal11: Salinity, Practical, 2 [PSU]
# name 18 = sigma-t00: Density [sigma-t, kg/m^3 ]
# name 19 = sigma-t11: Density, 2 [sigma-t, kg/m^3 ]
# name 20 = oxsatML/L: Oxygen Saturation, Weiss [ml/l]
# name 21 = flag: flag
# span 0 =         49,      49235       
# span 1 =      0.343,    351.795       
# span 2 =     1.5766,    11.5596       
# span 3 =     1.5696,    11.5502       
# span 4 =   2.907158,   3.767828       
# span 5 =   2.908476,   3.766442       
# span 6 =     1.8693,     2.4146       
# span 7 =     2.2502,     2.9545       
# span 8 =      7.958,      8.241       
# span 9 =    -0.6529,     2.0435       
# span 10 =    -2.8130,   482.1870      
# span 11 = 1.0715e-01, 2.0525e+02      
# span 12 =    -0.1327,     0.3348      
# span 13 =    91.9702,   103.3736      
# span 14 =     5.9133,     8.4522      
# span 15 =     6.1837,     8.9440      
# span 16 =    32.9083,    34.8592      
# span 17 =    32.9243,    34.8581      
# span 18 =    25.1831,    27.6961      
# span 19 =    25.1785,    27.6958      
# span 20 =    6.18035,    7.80543      
# span 21 = 0.0000e+00, 0.0000e+00      
# interval = scans: 3                   
# start_time = Jul 17 2020 13:50:24 [System UTC, header]
# bad_flag = -9.990e-29
*END*
[from data line 3754]
      12000    341.190     3.7874     3.7830   3.240143   3.239617     1.8875     2.2763      7.979    -0.5918     0.1084 1.0752e-01    -0.1057   102.6773     6.2102     6.4957    34.8592    34.8576    27.6961    27.6953    7.30865 0.0000e+00
      12003    341.315     3.7877     3.7831   3.240147   3.239649     1.8875     2.2763      7.979    -0.5816     0.1479 1.0740e-01    -0.1064   102.6954     6.2116     6.4936    34.8588    34.8578    27.6958    27.6955    7.30861 0.0000e+00
      12006    341.429     3.7876     3.7831   3.240151   3.239637     1.8871     2.2763      7.979    -0.6019     0.5032 1.0740e-01    -0.1053   102.6682     6.2104     6.4958    34.8589    34.8576    27.6959    27.6953    7.30862 0.0000e+00
      12009    341.531     3.7876     3.7830   3.240134   3.239658     1.8883     2.2767      7.981    -0.5918     3.7405 1.0752e-01    -0.1046   102.6501     6.2175     6.4956    34.8586    34.8579    27.6957    27.6956    7.30863 0.0000e+00
      12012    341.619     3.7878     3.7829   3.240152   3.239641     1.8879     2.2763      7.981    -0.5714     3.8195 1.0752e-01    -0.1046   102.6501     6.2148     6.4932    34.8586    34.8577    27.6957    27.6955    7.30861 0.0000e+00
      12015    341.692     3.7876     3.7831   3.240148   3.239651     1.8875     2.2767      7.979    -0.5918     3.8195 1.0752e-01    -0.1046   102.6501     6.2106     6.4952    34.8588    34.8576    27.6958    27.6953    7.30864 0.0000e+00
      12018    341.743     3.7878     3.7831   3.240154   3.239646     1.8879     2.2775      7.979    -0.5816     3.8195 1.0715e-01    -0.1046   102.6501     6.2149     6.4980    34.8586    34.8576    27.6956    27.6953    7.30860 0.0000e+00
      12110    341.798     3.7885     3.7837   3.240223   3.239703     1.8884     2.2779      7.981    -0.5918    -1.1549 1.0740e-01    -0.1057   102.6773     6.2108     6.4918    34.8586    34.8575    27.6956    27.6953    7.30848 0.0000e+00
      12113    341.870     3.7884     3.7837   3.240215   3.239718     1.8880     2.2767      7.981    -0.5816     1.4902 1.0740e-01    -0.1057   102.6773     6.2107     6.4878    34.8586    34.8576    27.6956    27.6953    7.30850 0.0000e+00
      12116    341.948     3.7880     3.7835   3.240200   3.239711     1.8880     2.2763      7.979    -0.5816     2.0824 1.0752e-01    -0.1057   102.6773     6.2117     6.4894    34.8588    34.8577    27.6958    27.6954    7.30856 0.0000e+00
      12119    342.029     3.7882     3.7833   3.240210   3.239679     1.8880     2.2775      7.981    -0.5816     2.0429 1.0752e-01    -0.1057   102.6773     6.2110     6.4953    34.8587    34.8575    27.6957    27.6952    7.30853 0.0000e+00
      12122    342.115     3.7879     3.7833   3.240190   3.239681     1.8880     2.2775      7.981    -0.5918     2.0429 1.0740e-01    -0.1057   102.6773     6.2114     6.4959    34.8587    34.8575    27.6957    27.6953    7.30857 0.0000e+00
      12125    342.202     3.7878     3.7832   3.240194   3.239699     1.8876     2.2775      7.981    -0.5918     2.0429 1.0727e-01    -0.1057   102.6773     6.2097     6.4951    34.8588    34.8578    27.6958    27.6955    7.30860 0.0000e+00
      12128    342.294     3.7879     3.7832   3.240184   3.239702     1.8876     2.2767      7.979    -0.5816     2.0429 1.0740e-01    -0.1053   102.6682     6.2085     6.4901    34.8585    34.8577    27.6956    27.6954    7.30858 0.0000e+00
      12131    342.385     3.7877     3.7832   3.240195   3.239683     1.8876     2.2763      7.979    -0.5918     2.0429 1.0752e-01    -0.1057   102.6773     6.2061     6.4862    34.8588    34.8575    27.6959    27.6952    7.30862 0.0000e+00
      12134    342.476     3.7877     3.7831   3.240197   3.239712     1.8880     2.2767      7.982    -0.5816     2.0429 1.0740e-01    -0.1057   102.6773     6.2082     6.4880    34.8588    34.8579    27.6958    27.6956    7.30862 0.0000e+00
      12137    342.568     3.7876     3.7830   3.240195   3.239674     1.8876     2.2771      7.981    -0.5918    63.7881 1.0752e-01    -0.1057   102.6773     6.2081     6.4911    34.8588    34.8575    27.6958    27.6953    7.30863 0.0000e+00
      12140    342.660     3.7876     3.7829   3.240190   3.239697     1.8880     2.2767      7.981    -0.5816   467.4613 1.0727e-01    -0.1057   102.6773     6.2101     6.4880    34.8587    34.8578    27.6957    27.6955    7.30863 0.0000e+00
      12143    342.746     3.7873     3.7829   3.240179   3.239716     1.8871     2.2767      7.979    -0.5816   481.5159 1.0752e-01    -0.1053   102.6682     6.2070     6.4884    34.8588    34.8580    27.6959    27.6957    7.30867 0.0000e+00
      12146    342.830     3.7874     3.7829   3.240189   3.239687     1.8880     2.2771      7.981    -0.5816   481.2000 1.0740e-01    -0.1053   102.6682     6.2114     6.4911    34.8588    34.8577    27.6958    27.6954    7.30866 0.0000e+00
      12149    342.915     3.7876     3.7829   3.240200   3.239717     1.8871     2.2767      7.979    -0.6019   481.3579 1.0740e-01    -0.1039   102.6320     6.2093     6.4908    34.8587    34.8579    27.6957    27.6956    7.30863 0.0000e+00
      12152    342.996     3.7876     3.7828   3.240211   3.239695     1.8876     2.2767      7.981    -0.5816   481.2790 1.0740e-01    -0.1046   102.6501     6.2119     6.4920    34.8587    34.8577    27.6958    27.6955    7.30863 0.0000e+00
      12155    343.075     3.7876     3.7830   3.240213   3.239713     1.8876     2.2759      7.979    -0.5918   481.3579 1.0727e-01    -0.1043   102.6411     6.2125     6.4884    34.8587    34.8576    27.6958    27.6954    7.30863 0.0000e+00
      12158    343.154     3.7877     3.7831   3.240229   3.239725     1.8867     2.2759      7.979    -0.5714   481.3579 1.0752e-01    -0.1043   102.6411     6.2118     6.4873    34.8588    34.8577    27.6958    27.6954    7.30861 0.0000e+00
      12161    343.231     3.7877     3.7831   3.240237   3.239738     1.8880     2.2767      7.979    -0.5816   481.3579 1.0740e-01    -0.1039   102.6320     6.2190     6.4904    34.8588    34.8578    27.6959    27.6955    7.30860 0.0000e+00
      12164    343.303     3.7880     3.7831   3.240216   3.239720     1.8871     2.2763      7.981    -0.5714   298.8463 1.0740e-01    -0.1039   102.6320     6.2159     6.4903    34.8583    34.8576    27.6954    27.6953    7.30859 0.0000e+00
      12167    343.370     3.7879     3.7829   3.240258   3.239727     1.8871     2.2771      7.979    -0.5816    -2.8130 1.0740e-01    -0.1036   102.6230     6.2178     6.4927    34.8588    34.8578    27.6958    27.6955    7.30857 0.0000e+00
      12170    343.434     3.7876     3.7830   3.240239   3.239749     1.8880     2.2763      7.981    -0.5714    -2.2208 1.0740e-01    -0.1046   102.6501     6.2216     6.4874    34.8588    34.8579    27.6958    27.6956    7.30862 0.0000e+00
      12173    343.492     3.7880     3.7831   3.240226   3.239734     1.8876     2.2763      7.979    -0.5816    -1.5102 1.0740e-01    -0.1046   102.6501     6.2202     6.4879    34.8583    34.8576    27.6954    27.6953    7.30859 0.0000e+00
      12176    343.541     3.7875     3.7832   3.240245   3.239756     1.8876     2.2763      7.979    -0.5816    -1.5102 1.0740e-01    -0.1046   102.6501     6.2198     6.4893    34.8590    34.8578    27.6960    27.6955    7.30863 0.0000e+00
      12179    343.579     3.7878     3.7833   3.240246   3.239759     1.8880     2.2763      7.979    -0.5816    -1.5102 1.0740e-01    -0.1046   102.6501     6.2218     6.4902    34.8586    34.8576    27.6957    27.6954    7.30860 0.0000e+00
      12223    343.678     3.7882     3.7837   3.240290   3.239783     1.8863     2.2763      7.979    -0.5918     5.0038 1.0740e-01    -0.1057   102.6773     6.2039     6.4937    34.8587    34.8575    27.6957    27.6952    7.30852 0.0000e+00
      12226    343.707     3.7884     3.7836   3.240308   3.239794     1.8880     2.2763      7.981    -0.5918     5.0038 1.0752e-01    -0.1053   102.6682     6.2136     6.4940    34.8587    34.8576    27.6957    27.6953    7.30849 0.0000e+00
      12229    343.742     3.7883     3.7836   3.240290   3.239787     1.8880     2.2755      7.979    -0.5816     5.0038 1.0740e-01    -0.1050   102.6592     6.2126     6.4924    34.8586    34.8576    27.6956    27.6953    7.30851 0.0000e+00
      12232    343.789     3.7882     3.7836   3.240307   3.239772     1.8876     2.2763      7.981    -0.5918     5.0038 1.0740e-01    -0.1057   102.6773     6.2120     6.4946    34.8589    34.8574    27.6958    27.6951    7.30852 0.0000e+00
      12235    343.844     3.7878     3.7836   3.240285   3.239787     1.8863     2.2759      7.981    -0.5918     5.0038 1.0727e-01    -0.1057   102.6773     6.2057     6.4938    34.8590    34.8575    27.6959    27.6952    7.30858 0.0000e+00
      12238    343.900     3.7879     3.7835   3.240278   3.239795     1.8867     2.2763      7.979    -0.5816     5.0038 1.0752e-01    -0.1057   102.6773     6.2082     6.4961    34.8587    34.8577    27.6957    27.6953    7.30857 0.0000e+00
      12241    343.962     3.7879     3.7833   3.240264   3.239754     1.8880     2.2763      7.981    -0.5918     5.0038 1.0740e-01    -0.1050   102.6592     6.2171     6.4973    34.8586    34.8574    27.6956    27.6952    7.30859 0.0000e+00
      12244    344.034     3.7879     3.7831   3.240256   3.239737     1.8876     2.2751      7.979    -0.5918     7.6884 1.0752e-01    -0.1057   102.6773     6.2158     6.4916    34.8584    34.8574    27.6955    27.6952    7.30859 0.0000e+00
      12247    344.114     3.7877     3.7830   3.240259   3.239768     1.8880     2.2763      7.982    -0.5918     8.1227 1.0752e-01    -0.1050   102.6592     6.2181     6.4929    34.8587    34.8578    27.6957    27.6955    7.30862 0.0000e+00
      12250    344.200     3.7876     3.7831   3.240269   3.239758     1.8871     2.2755      7.979    -0.5816     8.0832 1.0752e-01    -0.1046   102.6501     6.2134     6.4911    34.8588    34.8575    27.6959    27.6953    7.30863 0.0000e+00
      12253    344.289     3.7876     3.7830   3.240255   3.239773     1.8863     2.2763      7.981    -0.5816     8.0832 1.0740e-01    -0.1050   102.6592     6.2127     6.4945    34.8586    34.8578    27.6957    27.6955    7.30864 0.0000e+00
      12256    344.389     3.7875     3.7829   3.240267   3.239751     1.8876     2.2763      7.979    -0.5816     8.0832 1.0752e-01    -0.1046   102.6501     6.2218     6.4949    34.8587    34.8575    27.6958    27.6953    7.30864 0.0000e+00
      12259    344.496     3.7877     3.7829   3.240262   3.239756     1.8871     2.2763      7.979    -0.5918     8.0832 1.0740e-01    -0.1050   102.6592     6.2181     6.4954    34.8585    34.8575    27.6956    27.6953    7.30863 0.0000e+00
      12262    344.611     3.7878     3.7830   3.240272   3.239779     1.8867     2.2763      7.979    -0.5816     8.0832 1.0740e-01    -0.1046   102.6501     6.2148     6.4972    34.8584    34.8576    27.6955    27.6954    7.30861 0.0000e+00
      12265    344.730     3.7878     3.7830   3.240280   3.239790     1.8880     2.2763      7.981    -0.5816     8.0832 1.0727e-01    -0.1046   102.6501     6.2190     6.4982    34.8585    34.8577    27.6955    27.6954    7.30861 0.0000e+00
      12268    344.846     3.7876     3.7830   3.240287   3.239788     1.8876     2.2755      7.979    -0.5918    81.2773 1.0752e-01    -0.1046   102.6501     6.2191     6.4953    34.8586    34.8577    27.6957    27.6954    7.30863 0.0000e+00
      12271    344.960     3.7876     3.7830   3.240303   3.239796     1.8880     2.2755      7.981    -0.5918   472.6726 1.0727e-01    -0.1046   102.6501     6.2220     6.4945    34.8588    34.8577    27.6958    27.6954    7.30862 0.0000e+00
      12274    345.072     3.7875     3.7830   3.240287   3.239792     1.8876     2.2763      7.979    -0.5816   481.4369 1.0715e-01    -0.1046   102.6501     6.2226     6.4977    34.8586    34.8576    27.6957    27.6953    7.30865 0.0000e+00
      12277    345.180     3.7876     3.7830   3.240313   3.239811     1.8880     2.2763      7.981    -0.5816   481.2395 1.0752e-01    -0.1046   102.6501     6.2212     6.4974    34.8588    34.8577    27.6958    27.6954    7.30862 0.0000e+00
      12280    345.286     3.7878     3.7831   3.240311   3.239810     1.8880     2.2763      7.979    -0.6019   481.2790 1.0727e-01    -0.1046   102.6501     6.2186     6.5002    34.8586    34.8576    27.6956    27.6953    7.30861 0.0000e+00
      12283    345.388     3.7876     3.7830   3.240305   3.239820     1.8871     2.2763      7.981    -0.5918   481.3184 1.0752e-01    -0.1046   102.6501     6.2149     6.5023    34.8586    34.8577    27.6957    27.6955    7.30864 0.0000e+00
      12286    345.485     3.7876     3.7830   3.240330   3.239828     1.8880     2.2767      7.979    -0.5816   481.3184 1.0752e-01    -0.1046   102.6501     6.2169     6.5057    34.8588    34.8577    27.6959    27.6954    7.30862 0.0000e+00
      12289    345.580     3.7875     3.7830   3.240310   3.239842     1.8871     2.2763      7.981    -0.5816   481.3579 1.0752e-01    -0.1046   102.6501     6.2092     6.5026    34.8587    34.8578    27.6958    27.6955    7.30866 0.0000e+00
      12292    345.670     3.7878     3.7830   3.240330   3.239825     1.8876     2.2763      7.981    -0.5918   481.3184 1.0740e-01    -0.1046   102.6501     6.2114     6.5012    34.8585    34.8576    27.6956    27.6954    7.30860 0.0000e+00
      12295    345.748     3.7876     3.7829   3.240346   3.239831     1.8880     2.2767      7.979    -0.5816   287.1211 1.0727e-01    -0.1050   102.6592     6.2145     6.5000    34.8589    34.8578    27.6959    27.6955    7.30862 0.0000e+00
      12298    345.815     3.7877     3.7830   3.240330   3.239840     1.8880     2.2763      7.979    -0.5714    -1.1944 1.0727e-01    -0.1046   102.6501     6.2166     6.4981    34.8586    34.8577    27.6957    27.6954    7.30863 0.0000e+00
      12301    345.869     3.7880     3.7829   3.240330   3.239810     1.8867     2.2767      7.981    -0.5918     6.5435 1.0740e-01    -0.1046   102.6501     6.2119     6.4985    34.8583    34.8574    27.6953    27.6952    7.30859 0.0000e+00
      12304    345.912     3.7877     3.7832   3.240322   3.239829     1.8876     2.2776      7.981    -0.5816     6.3067 1.0740e-01    -0.1050   102.6592     6.2191     6.5020    34.8585    34.8574    27.6955    27.6951    7.30863 0.0000e+00
      12335    345.945     3.7880     3.7835   3.240343   3.239841     1.8876     2.2767      7.981    -0.6019     5.2013 1.0740e-01    -0.1039   102.6320     6.2190     6.4952    34.8583    34.8572    27.6954    27.6950    7.30858 0.0000e+00
      12395    346.020     3.7881     3.7836   3.240375   3.239894     1.8880     2.2759      7.979    -0.5714     2.9904 1.0752e-01    -0.1025   102.5959     6.2156     6.4873    34.8585    34.8576    27.6956    27.6953    7.30855 0.0000e+00
      12398    346.117     3.7880     3.7835   3.240349   3.239883     1.8868     2.2763      7.981    -0.5714     2.9904 1.0740e-01    -0.1025   102.5959     6.2092     6.4880    34.8583    34.8576    27.6954    27.6953    7.30858 0.0000e+00
      12401    346.218     3.7879     3.7833   3.240366   3.239898     1.8876     2.2755      7.981    -0.5816     1.7271 1.0752e-01    -0.1025   102.5959     6.2135     6.4848    34.8586    34.8579    27.6957    27.6955    7.30859 0.0000e+00
      12404    346.326     3.7882     3.7834   3.240371   3.239881     1.8876     2.2751      7.981    -0.5816     1.5297 1.0740e-01    -0.1025   102.5959     6.2138     6.4853    34.8583    34.8575    27.6954    27.6952    7.30855 0.0000e+00
