Datasets/AZMP/TEL210/tel210_2020_008.cnv
* Sea-Bird SBE 9 Data File:
* FileName = C:\CTDDATA\tel210_2020_008.hex
* Software Version Seasave V 7.26.7.110
* Temperature SN = 1697
* Conductivity SN = 4216
* Number of Bytes Per Scan = 30
* Number of Voltage Words = 4
* Number of Scans Averaged by the Deck Unit = 1
* NMEA baud rate = 4800
** VESSEL/TRIP/SEQ STN:  tel210_2020_008
** LATITUDE XX XX.XX: 47 00.00 N
** LONGITUDE XX XX.XX: 051 29.10 W
** SOUNDING DEPTH (M): 0100
** PROBE TYPE: S1146
** CTD NUMBER: 007
** COMMENTS (14 CHAR): FC-06
** BOTTLES:  8
** LEVELS: 5,10,20,30,40,50,75,BTM
** STICKERS: 435789 - 435796
** VNET: Y
** DO2: Y
# nquan = 22
# nvalues = 2149                        
# units = specified
# name 0 = scan: Scan Count
# name 1 = prDM: Pressure, Digiquartz [db]
# name 2 = t090C: Temperature [ITS-90, deg C]
# name 3 = t190C: Temperature, 2 [ITS-90, deg C]
# name 4 = c0S/m: Conductivity [S/m]
# name 5 = c1S/m: Conductivity, 2 [S/m]
# name 6 = sbeox0V: Oxygen raw, SBE 43 [V]
# name 7 = sbeox1V: Oxygen raw, SBE 43, 2 [V]
# name 8 = ph: pH
# name 9 = flECO-AFL: Fluorescence, WET Labs ECO-AFL/FL [mg/m^3]
# name 10 = wetCDOM: Fluorescence, WET Labs CDOM [mg/m^3]
# name 11 = par/sat/log: PAR/Logarithmic, Satlantic [umol photons/m^2/sec]
# name 12 = CStarAt0: Beam Attenuation, WET Labs C-Star [1/m]
# name 13 = CStarTr0: Beam Transmission, WET Labs C-Star [%]
# name 14 = sbeox0ML/L: Oxygen, SBE 43 [ml/l], WS = 2
# name 15 = sbeox1ML/L: Oxygen, SBE 43, 2 [ml/l], WS = 2
# name 16 = sal00: Salinity, Practical [PSU]
# name 17 = sal11: Salinity, Practical, 2 [PSU]
# name 18 = sigma-t00: Density [sigma-t, kg/m^3 ]
# name 19 = sigma-t11: Density, 2 [sigma-t, kg/m^3 ]
# name 20 = oxsatML/L: Oxygen Saturation, Weiss [ml/l]
# name 21 = flag: flag
# span 0 =          2,      27813       
# span 1 =      0.462,     98.586       
# span 2 =     0.2961,    11.7429       
# span 3 =     0.2907,    11.7388       
# span 4 =   2.773661,   3.685897       
# span 5 =   2.773215,   3.685311       
# span 6 =     1.8925,     2.3751       
# span 7 =     2.2991,     2.9796       
# span 8 =      7.783,      8.114       
# span 9 =    -0.5308,     0.6902       
# span 10 =    -2.8130,   482.1870      
# span 11 = 1.0715e-01, 2.1926e+02      
# span 12 =    -0.1120,     2.2314      
# span 13 =    57.2445,   102.8400      
# span 14 =     6.3066,     8.1003      
# span 15 =     6.2273,     8.7684      
# span 16 =    32.0009,    32.9277      
# span 17 =    32.0735,    32.9112      
# span 18 =    24.4388,    26.3967      
# span 19 =    24.4277,    26.3964      
# span 20 =    6.19327,    8.09738      
# span 21 = 0.0000e+00, 0.0000e+00      
# interval = scans: 3                   
# start_time = Jul 15 2020 16:05:42 [System UTC, header]
# bad_flag = -9.990e-29
*END*
[from data line 2042]
      24986      9.255    11.6765    11.6729   3.682578   3.682018     2.2697     2.7699      8.077     0.0594     0.9770 6.8200e+01    -0.0062   100.1542     6.3404     6.6441    32.1956    32.1933    24.4714    24.4702    6.20114 0.0000e+00
      24989      9.110    11.6772    11.6734   3.682590   3.682073     2.2689     2.7695      8.077     0.0492     0.9770 6.9394e+01    -0.0062   100.1542     6.3363     6.6439    32.1952    32.1934    24.4709    24.4702    6.20106 0.0000e+00
      24992      8.963    11.6777    11.6743   3.682684   3.682129     2.2693     2.7687      8.077     0.0594     0.9770 7.0607e+01    -0.0062   100.1542     6.3373     6.6433    32.1957    32.1933    24.4713    24.4699    6.20098 0.0000e+00
      24995      8.819    11.6784    11.6754   3.682664   3.682177     2.2689     2.7695      8.077     0.0187     0.9770 7.1677e+01    -0.0062   100.1542     6.3367     6.6469    32.1950    32.1928    24.4706    24.4694    6.20092 0.0000e+00
      24998      8.672    11.6787    11.6767   3.682638   3.682192     2.2685     2.7683      8.077     0.0289     0.9770 7.2762e+01    -0.0062   100.1542     6.3363     6.6446    32.1945    32.1919    24.4701    24.4685    6.20089 0.0000e+00
      25001      8.531    11.6787    11.6748   3.682780   3.682019     2.2697     2.7671      8.077     0.0391     0.9770 7.3778e+01    -0.0069   100.1723     6.3401     6.6438    32.1960    32.1920    24.4713    24.4688    6.20084 0.0000e+00
      25004      8.386    11.6768    11.6713   3.682620   3.681916     2.2685     2.7671      8.077     0.0391     0.9770 7.4464e+01    -0.0072   100.1814     6.3348     6.6464    32.1961    32.1940    24.4717    24.4711    6.20109 0.0000e+00
      25007      8.246    11.6749    11.6700   3.682502   3.681879     2.2689     2.7671      8.077     0.0187     0.9375 7.5069e+01    -0.0072   100.1814     6.3356     6.6490    32.1967    32.1949    24.4724    24.4720    6.20131 0.0000e+00
      25010      8.108    11.6738    11.6690   3.682423   3.681845     2.2693     2.7671      8.077     0.0187     0.8586 7.5679e+01    -0.0072   100.1814     6.3380     6.6511    32.1969    32.1954    24.4729    24.4726    6.20145 0.0000e+00
      25013      7.969    11.6735    11.6687   3.682400   3.681786     2.2689     2.7671      8.077     0.0289     0.8191 7.6382e+01    -0.0072   100.1814     6.3374     6.6525    32.1970    32.1952    24.4730    24.4725    6.20149 0.0000e+00
      25016      7.828    11.6737    11.6686   3.682382   3.681741     2.2689     2.7663      8.077     0.0289     0.8191 7.7181e+01    -0.0072   100.1814     6.3382     6.6520    32.1967    32.1949    24.4727    24.4723    6.20148 0.0000e+00
      25019      7.686    11.6734    11.6686   3.682361   3.681755     2.2693     2.7659      8.077    -0.0016     0.8191 7.7988e+01    -0.0062   100.1542     6.3400     6.6523    32.1968    32.1951    24.4728    24.4724    6.20150 0.0000e+00
      25022      7.549    11.6735    11.6687   3.682341   3.681785     2.2689     2.7659      8.077    -0.0118     0.8191 7.8804e+01    -0.0065   100.1633     6.3386     6.6548    32.1966    32.1953    24.4727    24.4726    6.20151 0.0000e+00
      25025      7.418    11.6739    11.6701   3.682361   3.681834     2.2685     2.7667      8.077    -0.0220     0.7796 7.9536e+01    -0.0065   100.1633     6.3371     6.6593    32.1965    32.1947    24.4725    24.4718    6.20146 0.0000e+00
      25028      7.298    11.6748    11.6734   3.682434   3.681984     2.2685     2.7659      8.077    -0.0424     0.8586 8.0183e+01    -0.0065   100.1633     6.3386     6.6588    32.1965    32.1934    24.4724    24.4702    6.20134 0.0000e+00
      25031      7.186    11.6756    11.6792   3.682481   3.682228     2.2680     2.7663      8.077    -0.0220     0.8191 8.1398e+01    -0.0069   100.1723     6.3367     6.6619    32.1963    32.1907    24.4720    24.4671    6.20124 0.0000e+00
      25034      7.088    11.6763    11.6792   3.682471   3.682170     2.2689     2.7659      8.077    -0.0424     0.1479 8.2726e+01    -0.0069   100.1723     6.3412     6.6635    32.1956    32.1902    24.4714    24.4667    6.20116 0.0000e+00
      25037      7.008    11.6757    11.6750   3.682441   3.681974     2.2689     2.7659      8.077    -0.0220    -0.2074 8.4173e+01    -0.0062   100.1542     6.3419     6.6669    32.1959    32.1920    24.4718    24.4688    6.20124 0.0000e+00
      25040      6.947    11.6752    11.6750   3.682413   3.682033     2.2693     2.7663      8.077    -0.0220    -0.2074 8.5151e+01    -0.0058   100.1452     6.3441     6.6714    32.1961    32.1925    24.4719    24.4692    6.20129 0.0000e+00
      25043      6.906    11.6763    11.6751   3.682459   3.682035     2.2689     2.7659      8.077    -0.0220    -0.1284 8.5447e+01    -0.0062   100.1542     6.3433     6.6730    32.1956    32.1925    24.4714    24.4692    6.20117 0.0000e+00
      25095      6.870    11.6804    11.6772   3.682694   3.682193     2.2701     2.7675      8.077     0.1612     4.6091 8.3511e+01    -0.0069   100.1723     6.3485     6.6507    32.1943    32.1922    24.4697    24.4686    6.20067 0.0000e+00
      25123      6.779    11.6831    11.6796   3.682829   3.682307     2.2717     2.7683      8.077     0.1713     7.0173 8.3109e+01    -0.0076   100.1904     6.3537     6.6360    32.1934    32.1913    24.4684    24.4674    6.20036 0.0000e+00
      25126      6.667    11.6844    11.6791   3.682859   3.682236     2.2713     2.7675      8.077     0.0797     7.0173 8.4173e+01    -0.0079   100.1995     6.3505     6.6312    32.1925    32.1911    24.4676    24.4674    6.20021 0.0000e+00
      25129      6.545    11.6840    11.6765   3.682802   3.682175     2.2709     2.7667      8.077     0.0899     7.0173 8.5348e+01    -0.0072   100.1814     6.3475     6.6268    32.1924    32.1928    24.4675    24.4692    6.20028 0.0000e+00
      25132      6.419    11.6833    11.6764   3.682769   3.682141     2.2721     2.7655      8.077     0.1001     7.0173 8.6641e+01    -0.0076   100.1904     6.3507     6.6239    32.1928    32.1926    24.4679    24.4690    6.20036 0.0000e+00
      25135      6.293    11.6828    11.6775   3.682726   3.682144     2.2725     2.7647      8.077     0.1001     7.0173 8.8056e+01    -0.0076   100.1904     6.3513     6.6231    32.1928    32.1918    24.4680    24.4682    6.20042 0.0000e+00
      25138      6.168    11.6827    11.6776   3.682680   3.682158     2.2721     2.7655      8.077     0.0899     5.3592 8.9596e+01    -0.0076   100.1904     6.3496     6.6275    32.1925    32.1918    24.4678    24.4682    6.20044 0.0000e+00
      25141      6.044    11.6823    11.6781   3.682663   3.682150     2.2717     2.7647      8.077     0.0899     3.2273 9.1268e+01    -0.0055   100.1361     6.3461     6.6262    32.1927    32.1914    24.4680    24.4678    6.20048 0.0000e+00
      25144      5.922    11.6821    11.6788   3.682658   3.682162     2.2713     2.7634      8.077     0.0797     3.2273 9.3081e+01    -0.0051   100.1271     6.3432     6.6246    32.1929    32.1910    24.4682    24.4674    6.20050 0.0000e+00
      25147      5.804    11.6826    11.6792   3.682665   3.682173     2.2713     2.7622      8.077     0.0899     3.3062 9.4817e+01    -0.0051   100.1271     6.3424     6.6239    32.1926    32.1908    24.4679    24.4671    6.20044 0.0000e+00
      25150      5.691    11.6832    11.6795   3.682675   3.682178     2.2713     2.7614      8.077     0.0492     3.2668 9.6700e+01    -0.0051   100.1271     6.3423     6.6255    32.1922    32.1906    24.4675    24.4670    6.20038 0.0000e+00
      25153      5.578    11.6836    11.6794   3.682631   3.682170     2.2713     2.7618      8.077     0.0289     3.2668 9.8507e+01    -0.0051   100.1271     6.3404     6.6301    32.1915    32.1906    24.4668    24.4669    6.20036 0.0000e+00
      25156      5.472    11.6835    11.6793   3.682573   3.682143     2.2713     2.7622      8.077     0.0289     3.3062 1.0081e+02    -0.0051   100.1271     6.3400     6.6333    32.1911    32.1905    24.4665    24.4669    6.20039 0.0000e+00
      25159      5.374    11.6836    11.6790   3.682569   3.682134     2.2717     2.7622      8.077     0.0391     3.2668 1.0222e+02    -0.0047   100.1181     6.3425     6.6348    32.1909    32.1907    24.4664    24.4671    6.20038 0.0000e+00
      25162      5.283    11.6841    11.6783   3.682622   3.682117     2.2713     2.7622      8.077     0.0391     3.2273 1.0281e+02    -0.0069   100.1723     6.3429     6.6380    32.1911    32.1912    24.4664    24.4676    6.20031 0.0000e+00
      25165      5.202    11.6839    11.6776   3.682588   3.682088     2.2705     2.7610      8.077     0.0391     3.9379 1.0341e+02    -0.0072   100.1814     6.3412     6.6387    32.1909    32.1916    24.4664    24.4680    6.20034 0.0000e+00
      25168      5.128    11.6838    11.6776   3.682612   3.682090     2.2709     2.7614      8.077     0.0289     4.2537 1.0425e+02    -0.0072   100.1814     6.3437     6.6429    32.1913    32.1916    24.4666    24.4681    6.20033 0.0000e+00
      25171      5.069    11.6831    11.6775   3.682560   3.682095     2.2717     2.7622      8.077     0.0391     4.2932 1.0509e+02    -0.0072   100.1814     6.3483     6.6472    32.1915    32.1918    24.4669    24.4682    6.20043 0.0000e+00
      25174      5.019    11.6802    11.6769   3.682529   3.682082     2.2713     2.7622      8.077     0.0391     4.2932 1.0582e+02    -0.0072   100.1814     6.3475     6.6490    32.1937    32.1922    24.4692    24.4687    6.20073 0.0000e+00
      25177      4.984    11.6809    11.6777   3.682581   3.682095     2.2705     2.7614      8.077     0.0594     4.2143 1.0644e+02    -0.0072   100.1814     6.3446     6.6471    32.1936    32.1917    24.4690    24.4681    6.20064 0.0000e+00
      25483      4.957    11.6791    11.6755   3.682384   3.681903     2.2713     2.7581      8.077     0.0594     2.6746 1.0595e+02    -0.0069   100.1723     6.3457     6.6336    32.1933    32.1917    24.4691    24.4685    6.20089 0.0000e+00
      26092      4.886    11.6743    11.6700   3.682057   3.681496     2.2701     2.7516      8.077     0.0187    -0.4443 1.0558e+02    -0.0065   100.1633     6.3374     6.6098    32.1943    32.1926    24.4707    24.4702    6.20149 0.0000e+00
      26095      4.787    11.6752    11.6703   3.682119   3.681509     2.2697     2.7520      8.077    -0.0016    -0.3653 1.0718e+02    -0.0062   100.1542     6.3366     6.6186    32.1942    32.1925    24.4705    24.4700    6.20138 0.0000e+00
      26098      4.686    11.6752    11.6708   3.682105   3.681543     2.2693     2.7528      8.077    -0.0016    -0.4048 1.0830e+02    -0.0065   100.1633     6.3360     6.6282    32.1940    32.1924    24.4704    24.4699    6.20138 0.0000e+00
      26101      4.586    11.6753    11.6725   3.682089   3.681654     2.2701     2.7524      8.077    -0.0016    -0.4048 1.0893e+02    -0.0069   100.1723     6.3397     6.6330    32.1938    32.1920    24.4701    24.4693    6.20137 0.0000e+00
      26104      4.491    11.6760    11.6743   3.682128   3.681752     2.2697     2.7528      8.079     0.0086    -0.4443 1.1007e+02    -0.0062   100.1542     6.3393     6.6404    32.1936    32.1915    24.4699    24.4686    6.20128 0.0000e+00
      26107      4.399    11.6763    11.6752   3.682162   3.681772     2.2701     2.7541      8.079    -0.0016     0.5427 1.1343e+02    -0.0069   100.1723     6.3415     6.6501    32.1937    32.1909    24.4699    24.4680    6.20124 0.0000e+00
      26110      4.320    11.6783    11.6750   3.682300   3.681765     2.2701     2.7549      8.077    -0.0016     0.8586 1.1798e+02    -0.0065   100.1633     6.3428     6.6564    32.1934    32.1911    24.4693    24.4681    6.20099 0.0000e+00
      26113      4.257    11.6795    11.6749   3.682337   3.681758     2.2697     2.7553      8.077     0.0187     0.8191 1.1893e+02    -0.0062   100.1542     6.3415     6.6603    32.1927    32.1911    24.4686    24.4682    6.20086 0.0000e+00
      26158      4.217    11.6792    11.6748   3.682310   3.681763     2.2693     2.7561      8.077    -0.0016   160.9855 1.1530e+02    -0.0065   100.1633     6.3393     6.6614    32.1928    32.1912    24.4686    24.4683    6.20090 0.0000e+00
      27033      4.187    11.6769    11.6728   3.682008   3.681435     2.2705     2.7622      8.079    -0.0016   481.1605 1.0735e+02    -0.0025   100.0638     6.3419     6.6674    32.1918    32.1898    24.4683    24.4676    6.20124 0.0000e+00
      27430      4.105    11.6756    11.6722   3.681831   3.681306     2.2713     2.7646      8.077     0.0086   481.2790 1.0644e+02    -0.0007   100.0186     6.3448     6.6690    32.1913    32.1891    24.4681    24.4671    6.20143 0.0000e+00
      27433      4.028    11.6755    11.6716   3.681836   3.681340     2.2713     2.7650      8.077    -0.0016   481.2395 1.0793e+02    -0.0007   100.0186     6.3441     6.6659    32.1914    32.1899    24.4683    24.4679    6.20145 0.0000e+00
      27436      3.968    11.6751    11.6711   3.681829   3.681348     2.2717     2.7655      8.077     0.0086   481.2790 1.0956e+02    -0.0007   100.0186     6.3444     6.6615    32.1917    32.1905    24.4686    24.4684    6.20148 0.0000e+00
      27439      3.922    11.6747    11.6711   3.681861   3.681355     2.2717     2.7659      8.079     0.0187   458.6180 1.1097e+02    -0.0007   100.0186     6.3430     6.6522    32.1924    32.1906    24.4692    24.4684    6.20150 0.0000e+00
      27452      3.875    11.6746    11.6707   3.681834   3.681342     2.2709     2.7594      8.077     0.0086    37.5740 1.1023e+02    -0.0004   100.0096     6.3410     6.5739    32.1922    32.1909    24.4691    24.4687    6.20152 0.0000e+00
      27476      3.820    11.6743    11.6706   3.681876   3.681257     2.2713     2.7423      8.079     0.0391     3.4247 1.0521e+02     0.0003    99.9915     6.3454     6.4219    32.1930    32.1902    24.4697    24.4682    6.20154 0.0000e+00
      27479      3.791    11.6742    11.6703   3.681886   3.681394     2.2709     2.7390      8.077     0.0696     3.4247 1.0412e+02     0.0003    99.9915     6.3441     6.4116    32.1932    32.1917    24.4698    24.4694    6.20155 0.0000e+00
      27482      3.754    11.6743    11.6703   3.681881   3.681391     2.2705     2.7357      8.077     0.0594     3.4247 1.0329e+02     0.0003    99.9915     6.3430     6.4037    32.1930    32.1917    24.4698    24.4695    6.20154 0.0000e+00
      27485      3.719    11.6745    11.6704   3.681897   3.681350     2.2709     2.7329      8.077     0.0594     3.4247 1.0222e+02     0.0043    99.8920     6.3451     6.3985    32.1930    32.1913    24.4697    24.4691    6.20151 0.0000e+00
      27488      3.679    11.6747    11.6703   3.681862   3.681427     2.2701     2.7301      8.077     0.0696     3.4247 1.0222e+02     0.0054    99.8648     6.3428     6.3934    32.1925    32.1922    24.4693    24.4698    6.20151 0.0000e+00
      27491      3.636    11.6746    11.6703   3.681882   3.681412     2.2705     2.7280      8.077     0.0696     3.4247 1.0437e+02     0.0047    99.8829     6.3460     6.3946    32.1928    32.1920    24.4695    24.4697    6.20150 0.0000e+00
      27494      3.584    11.6745    11.6702   3.681831   3.681383     2.2705     2.7260      8.077     0.0594     4.7275 1.0731e+02     0.0051    99.8739     6.3475     6.4021    32.1925    32.1918    24.4693    24.4695    6.20154 0.0000e+00
      27497      3.524    11.6747    11.6704   3.681788   3.681388     2.2713     2.7231      8.077     0.0594     4.9249 1.1045e+02     0.0047    99.8829     6.3524     6.4042    32.1919    32.1917    24.4688    24.4694    6.20153 0.0000e+00
