Datasets/AZMP/TEL210/tel210_2020_010.cnv
* Sea-Bird SBE 9 Data File:
* FileName = C:\CTDDATA\tel210_2020_010.hex
* Software Version Seasave V 7.26.7.110
* Temperature SN = 1697
* Conductivity SN = 4216
* Number of Bytes Per Scan = 30
* Number of Voltage Words = 4
* Number of Scans Averaged by the Deck Unit = 1
* NMEA baud rate = 4800
** VESSEL/TRIP/SEQ STN:  tel210_2020_010
** LATITUDE XX XX.XX: 47 00.00 N
** LONGITUDE XX XX.XX: 050 40.00 W
** SOUNDING DEPTH (M): 0178
** PROBE TYPE: S1146
** CTD NUMBER: 009
** COMMENTS (14 CHAR): FC-08
** BOTTLES:  0
** LEVELS:
** STICKERS:
** VNET: N
** DO2: N
# nquan = 22
# nvalues = 3328                        
# units = specified
# name 0 = scan: Scan Count
# name 1 = prDM: Pressure, Digiquartz [db]
# name 2 = t090C: Temperature [ITS-90, deg C]
# name 3 = t190C: Temperature, 2 [ITS-90, deg C]
# name 4 = c0S/m: Conductivity [S/m]
# name 5 = c1S/m: Conductivity, 2 [S/m]
# name 6 = sbeox0V: Oxygen raw, SBE 43 [V]
# name 7 = sbeox1V: Oxygen raw, SBE 43, 2 [V]
# name 8 = ph: pH
# name 9 = flECO-AFL: Fluorescence, WET Labs ECO-AFL/FL [mg/m^3]
# name 10 = wetCDOM: Fluorescence, WET Labs CDOM [mg/m^3]
# name 11 = par/sat/log: PAR/Logarithmic, Satlantic [umol photons/m^2/sec]
# name 12 = CStarAt0: Beam Attenuation, WET Labs C-Star [1/m]
# name 13 = CStarTr0: Beam Transmission, WET Labs C-Star [%]
# name 14 = sbeox0ML/L: Oxygen, SBE 43 [ml/l], WS = 2
# name 15 = sbeox1ML/L: Oxygen, SBE 43, 2 [ml/l], WS = 2
# name 16 = sal00: Salinity, Practical [PSU]
# name 17 = sal11: Salinity, Practical, 2 [PSU]
# name 18 = sigma-t00: Density [sigma-t, kg/m^3 ]
# name 19 = sigma-t11: Density, 2 [sigma-t, kg/m^3 ]
# name 20 = oxsatML/L: Oxygen Saturation, Weiss [ml/l]
# name 21 = flag: flag
# span 0 =          2,      13121       
# span 1 =      1.275,    171.223       
# span 2 =    -0.3354,    11.2550       
# span 3 =    -0.3408,    11.2504       
# span 4 =   2.729394,   3.632894       
# span 5 =   2.729004,   3.632676       
# span 6 =     1.8009,     2.3955       
# span 7 =     2.1777,     2.9097       
# span 8 =      7.765,      8.122       
# span 9 =    -0.6019,     2.1656       
# span 10 =    -2.8130,   482.1870      
# span 11 = 1.0690e-01, 2.4886e+01      
# span 12 =    -0.1460,     0.1587      
# span 13 =    96.1120,   103.7172      
# span 14 =     6.2596,     8.2280      
# span 15 =     6.1680,     8.7709      
# span 16 =    32.0274,    32.9548      
# span 17 =    32.0456,    32.9546      
# span 18 =    24.4197,    26.4696      
# span 19 =    24.4494,    26.4697      
# span 20 =    6.26259,    8.23182      
# span 21 = 0.0000e+00, 0.0000e+00      
# interval = scans: 3                   
# start_time = Jul 15 2020 21:55:22 [System UTC, header]
# bad_flag = -9.990e-29
*END*
[from data line 2239]
       9161    113.318     0.0880     0.0822   2.759049   2.758668     1.9439     2.3652      7.832    -0.5714     2.6351 1.0715e-01    -0.1345   103.4188     7.1467     7.5224    32.9212    32.9224    26.4239    26.4252    8.14100 0.0000e+00
       9164    113.210     0.0919     0.0848   2.759413   2.758853     1.9435     2.3656      7.832    -0.5409     2.6351 1.0715e-01    -0.1352   103.4369     7.1438     7.5200    32.9218    32.9221    26.4242    26.4248    8.14012 0.0000e+00
       9167    113.097     0.0945     0.0883   2.759481   2.759075     1.9448     2.3668      7.832    -0.5613     2.6351 1.0727e-01    -0.1352   103.4369     7.1498     7.5182    32.9200    32.9213    26.4226    26.4240    8.13966 0.0000e+00
       9170    112.978     0.0955     0.0892   2.759510   2.759029     1.9443     2.3685      7.832    -0.5511     4.8065 1.0715e-01    -0.1352   103.4369     7.1443     7.5198    32.9194    32.9199    26.4222    26.4228    8.13949 0.0000e+00
       9173    112.850     0.0939     0.0864   2.759357   2.758822     1.9448     2.3681      7.832    -0.5511     5.6355 1.0715e-01    -0.1359   103.4550     7.1417     7.5180    32.9191    32.9202    26.4220    26.4232    8.13984 0.0000e+00
       9176    112.718     0.0922     0.0853   2.759210   2.758771     1.9464     2.3685      7.832    -0.5511     5.5960 1.0715e-01    -0.1352   103.4369     7.1461     7.5198    32.9192    32.9208    26.4221    26.4238    8.14021 0.0000e+00
       9179    112.578     0.0929     0.0828   2.759256   2.758569     1.9460     2.3677      7.834    -0.5511     5.5960 1.0727e-01    -0.1352   103.4369     7.1421     7.5131    32.9191    32.9209    26.4220    26.4239    8.14006 0.0000e+00
       9182    112.431     0.0963     0.0853   2.759510   2.758776     1.9460     2.3689      7.832    -0.5409     5.5960 1.0715e-01    -0.1355   103.4459     7.1398     7.5138    32.9189    32.9210    26.4217    26.4240    8.13934 0.0000e+00
       9185    112.282     0.0981     0.0858   2.759614   2.758754     1.9464     2.3689      7.834    -0.5409     5.5960 1.0715e-01    -0.1362   103.4640     7.1410     7.5104    32.9184    32.9203    26.4212    26.4233    8.13898 0.0000e+00
       9188    112.127     0.0989     0.0862   2.759653   2.758796     1.9472     2.3697      7.832    -0.5511     5.5960 1.0715e-01    -0.1362   103.4640     7.1424     7.5076    32.9181    32.9205    26.4210    26.4234    8.13882 0.0000e+00
       9191    111.966     0.0995     0.0888   2.759662   2.758943     1.9468     2.3697      7.837    -0.5511     5.5960 1.0715e-01    -0.1362   103.4640     7.1403     7.5039    32.9177    32.9197    26.4206    26.4227    8.13871 0.0000e+00
       9194    111.809     0.0995     0.0891   2.759685   2.758978     1.9476     2.3701      7.835    -0.5511     5.3197 1.0727e-01    -0.1362   103.4640     7.1448     7.5053    32.9181    32.9199    26.4209    26.4229    8.13869 0.0000e+00
       9197    111.655     0.1002     0.0899   2.759734   2.759022     1.9468     2.3709      7.834    -0.5409     1.7665 1.0727e-01    -0.1362   103.4640     7.1349     7.5080    32.9180    32.9197    26.4208    26.4227    8.13853 0.0000e+00
       9200    111.500     0.1001     0.0906   2.759685   2.759041     1.9480     2.3713      7.834    -0.5409     1.5692 1.0715e-01    -0.1359   103.4550     7.1404     7.5112    32.9176    32.9194    26.4205    26.4223    8.13858 0.0000e+00
       9203    111.349     0.0986     0.0905   2.759543   2.759007     1.9488     2.3713      7.837    -0.5511     1.5692 1.0715e-01    -0.1362   103.4640     7.1476     7.5118    32.9175    32.9191    26.4204    26.4222    8.13892 0.0000e+00
       9206    111.198     0.0992     0.0903   2.759681   2.758979     1.9488     2.3721      7.837    -0.5511     1.5692 1.0715e-01    -0.1362   103.4640     7.1492     7.5132    32.9187    32.9191    26.4214    26.4221    8.13872 0.0000e+00
       9209    111.051     0.0996     0.0899   2.759621   2.758958     1.9492     2.3713      7.837    -0.5511     1.5692 1.0715e-01    -0.1362   103.4640     7.1519     7.5083    32.9176    32.9193    26.4205    26.4223    8.13869 0.0000e+00
       9212    110.907     0.0986     0.0893   2.759602   2.758937     1.9492     2.3717      7.837    -0.5409     1.5692 1.0715e-01    -0.1362   103.4640     7.1515     7.5072    32.9184    32.9197    26.4212    26.4227    8.13886 0.0000e+00
       9215    110.765     0.0988     0.0900   2.759567   2.759022     1.9500     2.3725      7.835    -0.5511     1.5692 1.0715e-01    -0.1362   103.4640     7.1570     7.5103    32.9179    32.9201    26.4208    26.4230    8.13886 0.0000e+00
       9218    110.628     0.0986     0.0921   2.759561   2.759156     1.9496     2.3725      7.835    -0.5511     1.5692 1.0715e-01    -0.1362   103.4640     7.1517     7.5100    32.9181    32.9197    26.4209    26.4225    8.13888 0.0000e+00
       9221    110.498     0.0983     0.0938   2.759520   2.759253     1.9496     2.3725      7.837    -0.5511   129.2049 1.0715e-01    -0.1359   103.4550     7.1471     7.5083    32.9180    32.9193    26.4209    26.4221    8.13896 0.0000e+00
       9224    110.376     0.0977     0.0942   2.759464   2.759241     1.9508     2.3738      7.837    -0.5409   482.1870 1.0715e-01    -0.1366   103.4730     7.1465     7.5151    32.9179    32.9188    26.4208    26.4217    8.13908 0.0000e+00
       9227    110.261     0.0970     0.0944   2.759425   2.759262     1.9509     2.3742      7.837    -0.5511   480.7658 1.0727e-01    -0.1362   103.4640     7.1468     7.5182    32.9183    32.9188    26.4212    26.4218    8.13922 0.0000e+00
       9230    110.153     0.0974     0.0942   2.759477   2.759232     1.9517     2.3738      7.837    -0.5409   481.2395 1.0715e-01    -0.1366   103.4730     7.1533     7.5169    32.9185    32.9188    26.4214    26.4217    8.13911 0.0000e+00
       9233    110.058     0.0993     0.0969   2.759646   2.759409     1.9521     2.3738      7.837    -0.5511   481.2395 1.0715e-01    -0.1362   103.4640     7.1558     7.5165    32.9188    32.9183    26.4215    26.4211    8.13869 0.0000e+00
       9236    109.970     0.1016     0.0991   2.759753   2.759539     1.9513     2.3742      7.837    -0.5409   481.2395 1.0727e-01    -0.1366   103.4730     7.1509     7.5165    32.9177    32.9176    26.4205    26.4205    8.13824 0.0000e+00
       9239    109.891     0.1030     0.0987   2.759829   2.759499     1.9525     2.3750      7.837    -0.5816   481.3184 1.0715e-01    -0.1369   103.4821     7.1572     7.5224    32.9174    32.9176    26.4201    26.4205    8.13798 0.0000e+00
       9242    109.824     0.1028     0.0993   2.759796   2.759534     1.9513     2.3754      7.837    -0.5613   481.2790 1.0715e-01    -0.1376   103.5002     7.1527     7.5268    32.9172    32.9175    26.4200    26.4204    8.13803 0.0000e+00
       9245    109.766     0.1036     0.1007   2.759853   2.759589     1.9517     2.3750      7.837    -0.5714   481.2790 1.0715e-01    -0.1404   103.5725     7.1509     7.5261    32.9170    32.9167    26.4199    26.4197    8.13785 0.0000e+00
       9248    109.708     0.1038     0.1008   2.759854   2.759577     1.9517     2.3762      7.837    -0.5714   221.7438 1.0715e-01    -0.1404   103.5725     7.1507     7.5317    32.9169    32.9165    26.4197    26.4195    8.13782 0.0000e+00
       9251    109.659     0.1045     0.0981   2.759876   2.759439     1.9533     2.3762      7.837    -0.5816    -2.4972 1.0727e-01    -0.1404   103.5725     7.1614     7.5359    32.9164    32.9176    26.4193    26.4205    8.13769 0.0000e+00
       9254    109.613     0.1054     0.1009   2.759919   2.759636     1.9537     2.3762      7.837    -0.5816     1.4113 1.0715e-01    -0.1401   103.5635     7.1644     7.5376    32.9160    32.9173    26.4190    26.4201    8.13751 0.0000e+00
       9257    109.569     0.1054     0.1079   2.759925   2.760105     1.9537     2.3762      7.837    -0.5816     1.4507 1.0715e-01    -0.1401   103.5635     7.1670     7.5359    32.9162    32.9159    26.4191    26.4187    8.13752 0.0000e+00
       9260    109.528     0.1071     0.1108   2.760101   2.760232     1.9537     2.3774      7.837    -0.5816     1.4507 1.0715e-01    -0.1401   103.5635     7.1724     7.5402    32.9167    32.9145    26.4194    26.4174    8.13711 0.0000e+00
       9263    109.487     0.1091     0.1118   2.760165   2.760297     1.9541     2.3787      7.837    -0.5816     1.4507 1.0715e-01    -0.1408   103.5816     7.1777     7.5455    32.9154    32.9142    26.4182    26.4172    8.13675 0.0000e+00
       9266    109.442     0.1068     0.1135   2.760000   2.760398     1.9545     2.3787      7.837    -0.5511     1.4507 1.0727e-01    -0.1415   103.5997     7.1825     7.5453    32.9158    32.9138    26.4187    26.4168    8.13724 0.0000e+00
       9269    109.394     0.1068     0.1141   2.760034   2.760393     1.9545     2.3791      7.837    -0.5511     1.4507 1.0715e-01    -0.1415   103.5997     7.1811     7.5484    32.9163    32.9131    26.4191    26.4162    8.13722 0.0000e+00
       9272    109.347     0.1070     0.1127   2.760068   2.760356     1.9557     2.3791      7.837    -0.5511     1.4112 1.0715e-01    -0.1415   103.5997     7.1822     7.5481    32.9165    32.9142    26.4192    26.4171    8.13715 0.0000e+00
       9275    109.290     0.1075     0.1135   2.760038   2.760386     1.9553     2.3799      7.837    -0.5511     7.0173 1.0727e-01    -0.1415   103.5997     7.1788     7.5514    32.9156    32.9137    26.4184    26.4167    8.13709 0.0000e+00
       9278    109.228     0.1062     0.1118   2.759967   2.760265     1.9553     2.3799      7.837    -0.5409     8.1227 1.0715e-01    -0.1415   103.5997     7.1822     7.5500    32.9161    32.9140    26.4190    26.4170    8.13735 0.0000e+00
       9281    109.159     0.1050     0.1096   2.759941   2.760168     1.9566     2.3803      7.837    -0.5511     8.0832 1.0715e-01    -0.1415   103.5997     7.1892     7.5483    32.9170    32.9152    26.4198    26.4180    8.13755 0.0000e+00
       9284    109.080     0.1074     0.1089   2.760192   2.760124     1.9574     2.3811      7.837    -0.5511     8.0832 1.0715e-01    -0.1432   103.6449     7.1928     7.5485    32.9179    32.9154    26.4203    26.4182    8.13699 0.0000e+00
       9287    108.991     0.1117     0.1082   2.760418   2.760135     1.9578     2.3811      7.837    -0.5511     8.0832 1.0727e-01    -0.1432   103.6449     7.1935     7.5495    32.9162    32.9163    26.4188    26.4191    8.13614 0.0000e+00
       9290    108.896     0.1148     0.1115   2.760649   2.760390     1.9570     2.3815      7.840    -0.5511     8.0832 1.0715e-01    -0.1432   103.6449     7.1881     7.5507    32.9160    32.9162    26.4185    26.4188    8.13549 0.0000e+00
       9293    108.791     0.1202     0.1141   2.760982   2.760507     1.9578     2.3827      7.840    -0.5511     8.0832 1.0715e-01    -0.1429   103.6358     7.1910     7.5533    32.9147    32.9150    26.4171    26.4177    8.13440 0.0000e+00
       9296    108.677     0.1235     0.1134   2.761191   2.760469     1.9574     2.3823      7.839    -0.5511     8.0832 1.0715e-01    -0.1436   103.6539     7.1880     7.5507    32.9139    32.9153    26.4163    26.4180    8.13372 0.0000e+00
       9299    108.558     0.1258     0.1163   2.761331   2.760728     1.9590     2.3831      7.842    -0.5409    68.1308 1.0715e-01    -0.1432   103.6449     7.1977     7.5511    32.9134    32.9156    26.4158    26.4181    8.13326 0.0000e+00
       9302    108.429     0.1261     0.1176   2.761302   2.760703     1.9590     2.3827      7.842    -0.5511   467.2244 1.0715e-01    -0.1432   103.6449     7.1961     7.5466    32.9127    32.9140    26.4152    26.4167    8.13323 0.0000e+00
       9305    108.290     0.1228     0.1144   2.760991   2.760459     1.9586     2.3831      7.842    -0.5511   481.4764 1.0715e-01    -0.1436   103.6539     7.1909     7.5460    32.9123    32.9143    26.4150    26.4171    8.13397 0.0000e+00
       9308    108.146     0.1204     0.1133   2.760865   2.760388     1.9598     2.3839      7.842    -0.5511   481.2000 1.0715e-01    -0.1436   103.6539     7.2008     7.5485    32.9132    32.9146    26.4160    26.4174    8.13443 0.0000e+00
       9311    107.997     0.1198     0.1152   2.760950   2.760661     1.9594     2.3848      7.842    -0.5511   481.2790 1.0715e-01    -0.1436   103.6539     7.2005     7.5487    32.9152    32.9163    26.4175    26.4186    8.13446 0.0000e+00
       9314    107.844     0.1280     0.1204   2.761705   2.761034     1.9606     2.3839      7.842    -0.5511   481.3184 1.0715e-01    -0.1436   103.6539     7.2038     7.5406    32.9164    32.9157    26.4181    26.4180    8.13262 0.0000e+00
       9317    107.695     0.1363     0.1222   2.762327   2.761077     1.9610     2.3848      7.842    -0.5714   481.2790 1.0727e-01    -0.1436   103.6539     7.2024     7.5421    32.9156    32.9144    26.4171    26.4168    8.13086 0.0000e+00
       9320    107.540     0.1427     0.1236   2.762660   2.761181     1.9610     2.3848      7.842    -0.6019   481.3184 1.0715e-01    -0.1436   103.6539     7.1995     7.5430    32.9133    32.9144    26.4149    26.4167    8.12961 0.0000e+00
       9323    107.390     0.1460     0.1268   2.762842   2.761420     1.9619     2.3848      7.842    -0.5714   481.3184 1.0727e-01    -0.1425   103.6268     7.1997     7.5429    32.9122    32.9141    26.4139    26.4163    8.12896 0.0000e+00
       9326    107.234     0.1476     0.1305   2.762917   2.761605     1.9614     2.3848      7.842    -0.5816   307.2159 1.0727e-01    -0.1418   103.6087     7.1969     7.5441    32.9115    32.9127    26.4132    26.4150    8.12864 0.0000e+00
       9329    107.081     0.1484     0.1305   2.762922   2.761631     1.9619     2.3856      7.842    -0.5714    -1.5891 1.0715e-01    -0.1422   103.6178     7.1976     7.5477    32.9109    32.9132    26.4127    26.4154    8.12851 0.0000e+00
       9332    106.931     0.1476     0.1299   2.762829   2.761581     1.9635     2.3860      7.842    -0.5816     6.2277 1.0727e-01    -0.1415   103.5997     7.2009     7.5475    32.9106    32.9132    26.4125    26.4154    8.12870 0.0000e+00
       9335    106.783     0.1460     0.1298   2.762741   2.761557     1.9623     2.3852      7.842    -0.5816     6.0698 1.0715e-01    -0.1422   103.6178     7.1916     7.5461    32.9112    32.9131    26.4131    26.4154    8.12901 0.0000e+00
       9338    106.640     0.1450     0.1293   2.762662   2.761447     1.9627     2.3860      7.842    -0.5816     6.0698 1.0727e-01    -0.1418   103.6087     7.1897     7.5519    32.9114    32.9123    26.4132    26.4147    8.12923 0.0000e+00
       9341    106.502     0.1442     0.1237   2.762617   2.761149     1.9631     2.3860      7.842    -0.5816     6.0698 1.0727e-01    -0.1422   103.6178     7.1910     7.5535    32.9117    32.9144    26.4136    26.4167    8.12938 0.0000e+00
       9344    106.367     0.1452     0.1235   2.762724   2.761139     1.9639     2.3876      7.842    -0.5613     6.0698 1.0715e-01    -0.1415   103.5997     7.1956     7.5631    32.9121    32.9146    26.4138    26.4169    8.12913 0.0000e+00
       9347    106.241     0.1468     0.1255   2.762827   2.761274     1.9635     2.3872      7.842    -0.5511     6.0698 1.0715e-01    -0.1415   103.5997     7.1917     7.5638    32.9118    32.9143    26.4135    26.4165    8.12881 0.0000e+00
       9350    106.120     0.1475     0.1280   2.762882   2.761411     1.9643     2.3884      7.842    -0.5409     6.0698 1.0715e-01    -0.1408   103.5816     7.1933     7.5688    32.9119    32.9135    26.4136    26.4158    8.12866 0.0000e+00
       9353    106.006     0.1470     0.1319   2.762822   2.761643     1.9639     2.3880      7.842    -0.5511   309.3872 1.0715e-01    -0.1415   103.5997     7.1878     7.5682    32.9117    32.9125    26.4134    26.4148    8.12877 0.0000e+00
