Datasets/AZMP/TEL210/tel210_2020_003.cnv
* Sea-Bird SBE 9 Data File:
* FileName = C:\CTDDATA\tel210_2020_003.hex
* Software Version Seasave V 7.26.7.110
* Temperature SN = 1697
* Conductivity SN = 4216
* Number of Bytes Per Scan = 30
* Number of Voltage Words = 4
* Number of Scans Averaged by the Deck Unit = 1
* NMEA baud rate = 4800
** VESSEL/TRIP/SEQ STN:  tel210_2020_003
** LATITUDE XX XX.XX: 47 00.00 N
** LONGITUDE XX XX.XX: 052 49.90 W
** SOUNDING DEPTH (M): 0107
** PROBE TYPE: S1146
** CTD NUMBER: 002
** COMMENTS (14 CHAR): FC-01
** BOTTLES:  8
** LEVELS: 5,10,20,30,40,50,75,BTM
** STICKERS: 435744 - 435751
** VNET: Y
** DO2: N
# nquan = 22
# nvalues = 2768                        
# units = specified
# name 0 = scan: Scan Count
# name 1 = prDM: Pressure, Digiquartz [db]
# name 2 = t090C: Temperature [ITS-90, deg C]
# name 3 = t190C: Temperature, 2 [ITS-90, deg C]
# name 4 = c0S/m: Conductivity [S/m]
# name 5 = c1S/m: Conductivity, 2 [S/m]
# name 6 = sbeox0V: Oxygen raw, SBE 43 [V]
# name 7 = sbeox1V: Oxygen raw, SBE 43, 2 [V]
# name 8 = ph: pH
# name 9 = flECO-AFL: Fluorescence, WET Labs ECO-AFL/FL [mg/m^3]
# name 10 = wetCDOM: Fluorescence, WET Labs CDOM [mg/m^3]
# name 11 = par/sat/log: PAR/Logarithmic, Satlantic [umol photons/m^2/sec]
# name 12 = CStarAt0: Beam Attenuation, WET Labs C-Star [1/m]
# name 13 = CStarTr0: Beam Transmission, WET Labs C-Star [%]
# name 14 = sbeox0ML/L: Oxygen, SBE 43 [ml/l], WS = 2
# name 15 = sbeox1ML/L: Oxygen, SBE 43, 2 [ml/l], WS = 2
# name 16 = sal00: Salinity, Practical [PSU]
# name 17 = sal11: Salinity, Practical, 2 [PSU]
# name 18 = sigma-t00: Density [sigma-t, kg/m^3 ]
# name 19 = sigma-t11: Density, 2 [sigma-t, kg/m^3 ]
# name 20 = oxsatML/L: Oxygen Saturation, Weiss [ml/l]
# name 21 = flag: flag
# span 0 =         51,      31578       
# span 1 =      2.037,    107.631       
# span 2 =    -1.5694,     6.6183       
# span 3 =    -1.5594,     6.6081       
# span 4 =   2.601415,   3.213992       
# span 5 =   2.602634,   3.212811       
# span 6 =     1.9800,     2.4093       
# span 7 =     2.4128,     2.9699       
# span 8 =      7.832,      8.063       
# span 9 =    -0.5918,     1.0057       
# span 10 =    -2.8130,   482.1870      
# span 11 = 1.0715e-01, 1.0752e-01      
# span 12 =    -0.1575,    -0.0036      
# span 13 =   100.0909,   104.0156      
# span 14 =     7.4176,     8.8063      
# span 15 =     7.3489,     9.3592      
# span 16 =    31.8786,    32.6988      
# span 17 =    31.8668,    32.6996      
# span 18 =    25.0263,    26.2995      
# span 19 =    25.0199,    26.3003      
# span 20 =    6.96048,    8.53127      
# span 21 = 0.0000e+00, 0.0000e+00      
# interval = scans: 3                   
# start_time = Jul 15 2020 03:35:42 [System UTC, header]
# bad_flag = -9.990e-29
*END*
[from data line 330]
       1360     29.449     0.6805     0.6743   2.758911   2.758537     2.2544     2.7631      8.000     0.6496     7.6095 1.0715e-01    -0.0940   102.3788     8.2976     8.7682    32.3397    32.3415    25.9248    25.9265    8.04616 0.0000e+00
       1363     29.542     0.6776     0.6708   2.758717   2.758238     2.2536     2.7619      8.000     0.6394     7.6095 1.0715e-01    -0.0940   102.3788     8.2947     8.7637    32.3402    32.3411    25.9254    25.9264    8.04675 0.0000e+00
       1366     29.633     0.6737     0.6656   2.758466   2.757895     2.2540     2.7619      8.000     0.6597     7.6095 1.0715e-01    -0.0940   102.3788     8.2934     8.7591    32.3410    32.3421    25.9262    25.9275    8.04754 0.0000e+00
       1369     29.727     0.6688     0.6611   2.758116   2.757686     2.2531     2.7619      8.000     0.7411     7.6095 1.0715e-01    -0.0940   102.3788     8.2843     8.7548    32.3416    32.3441    25.9269    25.9293    8.04854 0.0000e+00
       1372     29.818     0.6650     0.6597   2.757957   2.757673     2.2527     2.7619      8.000     0.8123     7.6095 1.0715e-01    -0.0940   102.3788     8.2814     8.7473    32.3435    32.3453    25.9286    25.9304    8.04925 0.0000e+00
       1375     29.912     0.6643     0.6599   2.757971   2.757713     2.2531     2.7607      8.000     0.8022   102.9908 1.0715e-01    -0.0937   102.3698     8.2813     8.7359    32.3443    32.3455    25.9294    25.9306    8.04936 0.0000e+00
       1378     30.006     0.6640     0.6598   2.757987   2.757724     2.2523     2.7607      8.000     0.8022   479.5814 1.0715e-01    -0.0937   102.3698     8.2768     8.7292    32.3448    32.3458    25.9297    25.9308    8.04938 0.0000e+00
       1381     30.101     0.6647     0.6598   2.758059   2.757769     2.2511     2.7603      8.000     0.8123   481.2395 1.0715e-01    -0.0937   102.3698     8.2695     8.7215    32.3449    32.3463    25.9298    25.9312    8.04923 0.0000e+00
       1384     30.198     0.6646     0.6603   2.758082   2.757806     2.2511     2.7599      8.000     0.8225   481.2000 1.0715e-01    -0.0933   102.3607     8.2662     8.7163    32.3453    32.3462    25.9301    25.9311    8.04924 0.0000e+00
       1387     30.296     0.6649     0.6603   2.758122   2.757819     2.2503     2.7586      8.000     0.8123   481.2790 1.0715e-01    -0.0940   102.3788     8.2595     8.7048    32.3454    32.3463    25.9302    25.9312    8.04916 0.0000e+00
       1390     30.394     0.6650     0.6601   2.758161   2.757821     2.2483     2.7570      8.000     0.8022   481.3184 1.0715e-01    -0.0937   102.3698     8.2468     8.6912    32.3457    32.3465    25.9304    25.9313    8.04912 0.0000e+00
       1393     30.494     0.6650     0.6601   2.758156   2.757834     2.2479     2.7570      8.000     0.8123   481.2395 1.0715e-01    -0.0933   102.3607     8.2455     8.6874    32.3456    32.3466    25.9303    25.9314    8.04913 0.0000e+00
       1396     30.593     0.6646     0.6594   2.758152   2.757832     2.2479     2.7554      8.000     0.7818   481.2790 1.0715e-01    -0.0951   102.4060     8.2484     8.6796    32.3459    32.3472    25.9306    25.9320    8.04919 0.0000e+00
       1399     30.695     0.6635     0.6584   2.758112   2.757766     2.2475     2.7546      8.000     0.7818   481.3579 1.0715e-01    -0.0983   102.4874     8.2507     8.6764    32.3465    32.3474    25.9311    25.9322    8.04940 0.0000e+00
       1402     30.801     0.6625     0.6569   2.758047   2.757707     2.2466     2.7542      8.000     0.7920   481.3184 1.0715e-01    -0.0972   102.4602     8.2497     8.6751    32.3467    32.3481    25.9314    25.9328    8.04961 0.0000e+00
       1405     30.906     0.6611     0.6559   2.757996   2.757644     2.2450     2.7525      8.000     0.7717   481.3184 1.0727e-01    -0.0983   102.4874     8.2449     8.6705    32.3474    32.3483    25.9320    25.9331    8.04985 0.0000e+00
       1408     31.014     0.6602     0.6552   2.757907   2.757632     2.2450     2.7525      8.000     0.7818   481.3184 1.0715e-01    -0.0976   102.4693     8.2492     8.6722    32.3471    32.3488    25.9319    25.9335    8.05006 0.0000e+00
       1411     31.123     0.6567     0.6552   2.757548   2.757611     2.2446     2.7505      8.000     0.7818   481.3579 1.0715e-01    -0.0979   102.4783     8.2555     8.6691    32.3460    32.3485    25.9312    25.9332    8.05086 0.0000e+00
       1414     31.236     0.6405     0.6453   2.756266   2.756606     2.2442     2.7505      7.998     0.7717   481.3184 1.0715e-01    -0.0976   102.4693     8.2623     8.6738    32.3464    32.3458    25.9324    25.9316    8.05429 0.0000e+00
       1417     31.347     0.6277     0.6275   2.755497   2.755428     2.2442     2.7497      7.998     0.7920   481.3579 1.0715e-01    -0.0965   102.4421     8.2653     8.6772    32.3498    32.3491    25.9358    25.9352    8.05681 0.0000e+00
       1420     31.460     0.6185     0.6154   2.754725   2.754578     2.2442     2.7493      7.998     0.7717   481.3579 1.0715e-01    -0.0962   102.4331     8.2668     8.6824    32.3494    32.3507    25.9359    25.9371    8.05879 0.0000e+00
       1423     31.573     0.6036     0.5990   2.753512   2.753297     2.2430     2.7485      7.997     0.7412   481.3184 1.0715e-01    -0.0962   102.4331     8.2660     8.6849    32.3492    32.3512    25.9366    25.9384    8.06197 0.0000e+00
       1426     31.685     0.5892     0.5787   2.752545   2.751654     2.2421     2.7477      7.997     0.7412   481.3579 1.0715e-01    -0.0965   102.4421     8.2692     8.6880    32.3517    32.3512    25.9394    25.9395    8.06489 0.0000e+00
       1429     31.797     0.5643     0.5477   2.750455   2.749369     2.2417     2.7469      7.995     0.7310   117.4796 1.0715e-01    -0.0962   102.4331     8.2738     8.6931    32.3506    32.3540    25.9398    25.9434    8.07024 0.0000e+00
       1432     31.906     0.5356     0.5269   2.748694   2.748188     2.2421     2.7460      7.997     0.7615    -2.5761 1.0715e-01    -0.0962   102.4331     8.2803     8.6960    32.3578    32.3604    25.9472    25.9497    8.07596 0.0000e+00
       1435     32.020     0.5201     0.5095   2.747358   2.746496     2.2417     2.7460      7.995     0.7513    -0.1679 1.0715e-01    -0.0962   102.4331     8.2818     8.7029    32.3568    32.3567    25.9471    25.9476    8.07934 0.0000e+00
       1438     32.132     0.4630     0.4502   2.742512   2.741748     2.2409     2.7444      7.996     0.7412    -0.2074 1.0715e-01    -0.0951   102.4060     8.2888     8.7087    32.3537    32.3572    25.9476    25.9511    8.09170 0.0000e+00
       1441     32.245     0.4185     0.4050   2.739847   2.739004     2.2401     2.7448      7.996     0.7412    -0.2074 1.0715e-01    -0.0951   102.4060     8.2918     8.7200    32.3656    32.3689    25.9596    25.9629    8.10056 0.0000e+00
       1444     32.357     0.3915     0.3787   2.737918   2.737265     2.2393     2.7436      7.996     0.7412    -0.2074 1.0715e-01    -0.0951   102.4060     8.2945     8.7183    32.3689    32.3738    25.9636    25.9682    8.10618 0.0000e+00
       1447     32.469     0.3710     0.3650   2.736742   2.736437     2.2393     2.7428      7.993     0.7310    -0.2074 1.0715e-01    -0.0951   102.4060     8.2993     8.7189    32.3751    32.3775    25.9696    25.9718    8.11024 0.0000e+00
       1450     32.582     0.3627     0.3566   2.736178   2.735838     2.2393     2.7416      7.991     0.7106    -0.2074 1.0715e-01    -0.0951   102.4060     8.2968     8.7187    32.3764    32.3783    25.9711    25.9730    8.11195 0.0000e+00
       1453     32.695     0.3588     0.3535   2.735957   2.735644     2.2381     2.7412      7.991     0.7310    36.7845 1.0715e-01    -0.0951   102.4060     8.2904     8.7171    32.3775    32.3791    25.9722    25.9737    8.11272 0.0000e+00
       1456     32.804     0.3573     0.3511   2.735832   2.735443     2.2381     2.7412      7.991     0.7106   454.2753 1.0715e-01    -0.0951   102.4060     8.2888     8.7166    32.3775    32.3789    25.9722    25.9737    8.11305 0.0000e+00
       1459     32.913     0.3542     0.3508   2.735610   2.735421     2.2373     2.7403      7.991     0.7004   481.5554 1.0715e-01    -0.0983   102.4874     8.2846     8.7113    32.3778    32.3789    25.9726    25.9737    8.11370 0.0000e+00
       1462     33.018     0.3517     0.3477   2.735414   2.735132     2.2360     2.7387      7.988     0.7004   481.1605 1.0715e-01    -0.0983   102.4874     8.2771     8.7045    32.3777    32.3783    25.9727    25.9734    8.11423 0.0000e+00
       1465     33.122     0.3472     0.3442   2.735051   2.734929     2.2356     2.7379      7.988     0.7106   481.2790 1.0715e-01    -0.0983   102.4874     8.2759     8.7013    32.3777    32.3793    25.9729    25.9743    8.11520 0.0000e+00
       1468     33.225     0.3456     0.3417   2.734897   2.734730     2.2356     2.7363      7.986     0.7310   481.2395 1.0715e-01    -0.0983   102.4874     8.2737     8.6962    32.3773    32.3792    25.9727    25.9744    8.11557 0.0000e+00
       1471     33.325     0.3429     0.3363   2.734673   2.734286     2.2340     2.7375      7.986     0.7310   481.2790 1.0715e-01    -0.0983   102.4874     8.2632     8.7027    32.3772    32.3791    25.9728    25.9746    8.11616 0.0000e+00
       1474     33.424     0.3354     0.3295   2.734002   2.733726     2.2340     2.7367      7.986     0.6801   481.2790 1.0715e-01    -0.0983   102.4874     8.2649     8.7015    32.3763    32.3789    25.9723    25.9747    8.11782 0.0000e+00
       1477     33.520     0.3310     0.3250   2.733795   2.733425     2.2340     2.7350      7.986     0.6191   481.3184 1.0715e-01    -0.0979   102.4783     8.2651     8.6949    32.3782    32.3797    25.9741    25.9756    8.11866 0.0000e+00
       1480     33.614     0.3279     0.3235   2.733653   2.733367     2.2328     2.7346      7.986     0.6191   341.6416 1.0715e-01    -0.0972   102.4602     8.2604     8.6941    32.3795    32.3804    25.9754    25.9763    8.11926 0.0000e+00
       1483     33.706     0.3276     0.3234   2.733680   2.733409     2.2320     2.7330      7.986     0.6292    -2.8130 1.0715e-01    -0.0972   102.4602     8.2561     8.6900    32.3801    32.3810    25.9758    25.9767    8.11928 0.0000e+00
       1486     33.796     0.3286     0.3238   2.733756   2.733404     2.2308     2.7326      7.986     0.6292     0.4243 1.0715e-01    -0.0972   102.4602     8.2510     8.6900    32.3801    32.3805    25.9757    25.9763    8.11908 0.0000e+00
       1489     33.884     0.3307     0.3237   2.733929   2.733412     2.2312     2.7322      7.986     0.6292     1.2534 1.0715e-01    -0.0979   102.4783     8.2508     8.6879    32.3800    32.3806    25.9756    25.9764    8.11862 0.0000e+00
       1492     33.972     0.3309     0.3239   2.733899   2.733384     2.2299     2.7310      7.986     0.6292     1.2139 1.0715e-01    -0.0972   102.4602     8.2450     8.6810    32.3794    32.3800    25.9751    25.9759    8.11863 0.0000e+00
       1495     34.058     0.3288     0.3239   2.733743   2.733425     2.2291     2.7306      7.986     0.6292     1.2139 1.0715e-01    -0.0972   102.4602     8.2418     8.6792    32.3795    32.3805    25.9753    25.9764    8.11906 0.0000e+00
       1498     34.143     0.3266     0.3227   2.733606   2.733329     2.2291     2.7302      7.984     0.6292     1.2139 1.0715e-01    -0.1011   102.5597     8.2426     8.6823    32.3800    32.3805    25.9758    25.9763    8.11951 0.0000e+00
       1501     34.225     0.3236     0.3176   2.733375   2.732925     2.2279     2.7289      7.985     0.5885     1.2139 1.0715e-01    -0.1025   102.5959     8.2406     8.6817    32.3801    32.3805    25.9760    25.9767    8.12015 0.0000e+00
       1504     34.306     0.3201     0.3138   2.733133   2.732697     2.2275     2.7281      7.982     0.5987     1.2139 1.0715e-01    -0.1025   102.5959     8.2444     8.6816    32.3805    32.3815    25.9766    25.9777    8.12087 0.0000e+00
       1507     34.387     0.3218     0.3108   2.733282   2.732460     2.2263     2.7277      7.983     0.5987     0.2269 1.0715e-01    -0.1025   102.5959     8.2400     8.6809    32.3807    32.3815    25.9766    25.9778    8.12051 0.0000e+00
       1510     34.467     0.3134     0.3000   2.732603   2.731695     2.2263     2.7269      7.982     0.5885    -0.4838 1.0715e-01    -0.1025   102.5959     8.2432     8.6790    32.3806    32.3829    25.9769    25.9795    8.12232 0.0000e+00
       1513     34.547     0.3043     0.2944   2.732079   2.731391     2.2255     2.7257      7.982     0.5987    -0.4443 1.0715e-01    -0.1025   102.5959     8.2396     8.6755    32.3832    32.3847    25.9795    25.9812    8.12412 0.0000e+00
       1516     34.627     0.3021     0.2915   2.731931   2.731172     2.2251     2.7253      7.982     0.5987    -0.4443 1.0715e-01    -0.1025   102.5959     8.2398     8.6710    32.3837    32.3849    25.9800    25.9815    8.12459 0.0000e+00
       1519     34.709     0.2970     0.2876   2.731496   2.730910     2.2243     2.7249      7.982     0.5987    -0.4443 1.0715e-01    -0.1036   102.6230     8.2371     8.6667    32.3833    32.3855    25.9799    25.9822    8.12570 0.0000e+00
       1522     34.792     0.2894     0.2864   2.730955   2.730865     2.2239     2.7245      7.982     0.5987    -0.4443 1.0727e-01    -0.1036   102.6230     8.2349     8.6621    32.3842    32.3862    25.9810    25.9828    8.12728 0.0000e+00
       1525     34.876     0.2810     0.2859   2.730330   2.730820     2.2238     2.7241      7.982     0.5987    -0.4443 1.0715e-01    -0.1036   102.6230     8.2363     8.6575    32.3848    32.3861    25.9819    25.9827    8.12906 0.0000e+00
       1528     34.958     0.2726     0.2844   2.729802   2.730644     2.2234     2.7228      7.982     0.5783    -0.4443 1.0715e-01    -0.1036   102.6230     8.2360     8.6492    32.3867    32.3853    25.9839    25.9822    8.13077 0.0000e+00
       1531     35.040     0.2720     0.2712   2.729857   2.729559     2.2226     2.7216      7.982     0.5783    -0.4443 1.0715e-01    -0.1036   102.6230     8.2313     8.6468    32.3881    32.3849    25.9850    25.9825    8.13083 0.0000e+00
       1534     35.124     0.2678     0.2571   2.729343   2.728606     2.2214     2.7212      7.982     0.5681    -0.4443 1.0715e-01    -0.1036   102.6230     8.2270     8.6469    32.3857    32.3874    25.9833    25.9852    8.13186 0.0000e+00
       1537     35.212     0.2594     0.2534   2.728761   2.728433     2.2202     2.7200      7.982     0.5783    -0.4443 1.0715e-01    -0.1036   102.6230     8.2236     8.6416    32.3869    32.3889    25.9847    25.9866    8.13361 0.0000e+00
       1540     35.299     0.2584     0.2505   2.728733   2.728010     2.2206     2.7179      7.982     0.5783    -0.4443 1.0715e-01    -0.1036   102.6230     8.2272     8.6323    32.3876    32.3864    25.9853    25.9847    8.13380 0.0000e+00
       1543     35.386     0.2563     0.2378   2.728555   2.727024     2.2194     2.7175      7.982     0.5987    -0.4443 1.0715e-01    -0.1036   102.6230     8.2211     8.6333    32.3874    32.3868    25.9853    25.9857    8.13425 0.0000e+00
       1546     35.477     0.2496     0.2304   2.728011   2.727115     2.2185     2.7167      7.982     0.5681    -0.4443 1.0715e-01    -0.1036   102.6230     8.2197     8.6337    32.3873    32.3958    25.9855    25.9933    8.13570 0.0000e+00
       1549     35.569     0.2437     0.2281   2.727470   2.726838     2.2185     2.7151      7.980     0.5783    -0.4443 1.0715e-01    -0.1036   102.6230     8.2213     8.6324    32.3864    32.3946    25.9851    25.9924    8.13704 0.0000e+00
       1552     35.660     0.2247     0.2249   2.726081   2.726281     2.2173     2.7151      7.980     0.7106    -0.4443 1.0715e-01    -0.1036   102.6230     8.2233     8.6393    32.3882    32.3906    25.9874    25.9894    8.14103 0.0000e+00
