Datasets/AZMP/TEL210/tel210_2020_017.cnv
* Sea-Bird SBE 9 Data File:
* FileName = C:\CTDDATA\tel210_2020_017.hex
* Software Version Seasave V 7.26.7.110
* Temperature SN = 1697
* Conductivity SN = 4216
* Number of Bytes Per Scan = 30
* Number of Voltage Words = 4
* Number of Scans Averaged by the Deck Unit = 1
* NMEA baud rate = 4800
** VESSEL/TRIP/SEQ STN:  tel210_2020_017
** LATITUDE XX XX.XX: 47 00.00 N
** LONGITUDE XX XX.XX: 047 15.00 W
** SOUNDING DEPTH (M): 0547
** PROBE TYPE: S1146
** CTD NUMBER: 016
** COMMENTS (14 CHAR): FC-15
** BOTTLES:  11
** LEVELS: 5,10,20,30,40,50,75,100,150,250,btm
** STICKERS: 435848 - 435858
** VNET: y
** DO2: n
# nquan = 22
# nvalues = 11006                       
# units = specified
# name 0 = scan: Scan Count
# name 1 = prDM: Pressure, Digiquartz [db]
# name 2 = t090C: Temperature [ITS-90, deg C]
# name 3 = t190C: Temperature, 2 [ITS-90, deg C]
# name 4 = c0S/m: Conductivity [S/m]
# name 5 = c1S/m: Conductivity, 2 [S/m]
# name 6 = sbeox0V: Oxygen raw, SBE 43 [V]
# name 7 = sbeox1V: Oxygen raw, SBE 43, 2 [V]
# name 8 = ph: pH
# name 9 = flECO-AFL: Fluorescence, WET Labs ECO-AFL/FL [mg/m^3]
# name 10 = wetCDOM: Fluorescence, WET Labs CDOM [mg/m^3]
# name 11 = par/sat/log: PAR/Logarithmic, Satlantic [umol photons/m^2/sec]
# name 12 = CStarAt0: Beam Attenuation, WET Labs C-Star [1/m]
# name 13 = CStarTr0: Beam Transmission, WET Labs C-Star [%]
# name 14 = sbeox0ML/L: Oxygen, SBE 43 [ml/l], WS = 2
# name 15 = sbeox1ML/L: Oxygen, SBE 43, 2 [ml/l], WS = 2
# name 16 = sal00: Salinity, Practical [PSU]
# name 17 = sal11: Salinity, Practical, 2 [PSU]
# name 18 = sigma-t00: Density [sigma-t, kg/m^3 ]
# name 19 = sigma-t11: Density, 2 [sigma-t, kg/m^3 ]
# name 20 = oxsatML/L: Oxygen Saturation, Weiss [ml/l]
# name 21 = flag: flag
# span 0 =         74,      73481       
# span 1 =      0.423,    544.525       
# span 2 =    -1.1197,    10.8825       
# span 3 =    -1.1270,    10.6318       
# span 4 =   0.949744,   3.569208       
# span 5 =   1.713632,   3.568606       
# span 6 =     1.8838,     2.5406       
# span 7 =     2.3176,     3.1274       
# span 8 =      7.914,      8.222       
# span 9 =    -0.6529,     2.8575       
# span 10 =    -2.8130,   482.1870      
# span 11 = 1.0531e-01, 1.0854e+00      
# span 12 =    -0.1561,     2.7115      
# span 13 =    50.7696,   103.9795      
# span 14 =     5.7924,     9.0639      
# span 15 =     5.7803,     9.6405      
# span 16 =     7.4999,    34.7843      
# span 17 =    14.3088,    34.7832      
# span 18 =     5.4577,    27.6810      
# span 19 =    10.7700,    27.6804      
# span 20 =    6.35084,    8.40332      
# span 21 = 0.0000e+00, 0.0000e+00      
# interval = scans: 3                   
# start_time = Jul 17 2020 01:12:16 [System UTC, header]
# bad_flag = -9.990e-29
*END*
[from data line 922]
       3089     95.249     1.1778     1.1708   2.922198   2.921410     1.9828     2.4053      7.930    -0.5714     0.1479 1.0715e-01    -0.1446   103.6811     6.9729     7.3108    33.8721    33.8696    27.1270    27.1253    7.86002 0.0000e+00
       3092     95.402     1.1883     1.1825   2.923200   2.922559     1.9824     2.4049      7.930    -0.5918     0.1479 1.0715e-01    -0.1446   103.6811     6.9691     7.3062    33.8735    33.8715    27.1273    27.1261    7.85780 0.0000e+00
       3095     95.562     1.1926     1.1879   2.923625   2.923065     1.9828     2.4057      7.930    -0.5714     0.1479 1.0715e-01    -0.1446   103.6811     6.9706     7.3091    33.8742    33.8721    27.1276    27.1262    7.85689 0.0000e+00
       3098     95.729     1.1940     1.1889   2.923873   2.923319     1.9828     2.4061      7.930    -0.5714     0.1479 1.0715e-01    -0.1446   103.6811     6.9711     7.3114    33.8757    33.8741    27.1287    27.1278    7.85652 0.0000e+00
       3101     95.892     1.2000     1.1937   2.924674   2.923993     1.9845     2.4057      7.930    -0.5511     0.1479 1.0715e-01    -0.1446   103.6811     6.9767     7.3076    33.8793    33.8774    27.1313    27.1301    7.85509 0.0000e+00
       3104     96.053     1.2090     1.2023   2.925654   2.924960     1.9832     2.4061      7.930    -0.5511     0.1479 1.0715e-01    -0.1446   103.6811     6.9674     7.3077    33.8820    33.8804    27.1328    27.1319    7.85311 0.0000e+00
       3107     96.214     1.2190     1.2125   2.926740   2.926087     1.9828     2.4061      7.930    -0.5511     0.4243 1.0715e-01    -0.1446   103.6811     6.9623     7.3073    33.8850    33.8837    27.1346    27.1339    7.85092 0.0000e+00
       3110     96.370     1.2281     1.2227   2.927695   2.927106     1.9828     2.4065      7.930    -0.5409     0.6217 1.0715e-01    -0.1446   103.6811     6.9631     7.3067    33.8872    33.8855    27.1357    27.1347    7.84894 0.0000e+00
       3113     96.527     1.2341     1.2296   2.928296   2.927796     1.9837     2.4065      7.930    -0.5511     0.6217 1.0715e-01    -0.1446   103.6811     6.9655     7.3042    33.8883    33.8868    27.1362    27.1353    7.84765 0.0000e+00
       3116     96.683     1.2376     1.2324   2.928715   2.928138     1.9832     2.4061      7.930    -0.5511     0.6217 1.0715e-01    -0.1446   103.6811     6.9627     7.3004    33.8898    33.8880    27.1372    27.1361    7.84688 0.0000e+00
       3119     96.834     1.2453     1.2376   2.929667   2.928871     1.9837     2.4061      7.930    -0.5511     0.6217 1.0715e-01    -0.1443   103.6720     6.9598     7.2960    33.8935    33.8917    27.1396    27.1387    7.84510 0.0000e+00
       3122     96.979     1.2538     1.2469   2.930451   2.929752     1.9828     2.4065      7.930    -0.5511     0.6217 1.0715e-01    -0.1443   103.6720     6.9547     7.2952    33.8943    33.8928    27.1396    27.1390    7.84333 0.0000e+00
       3125     97.117     1.2585     1.2526   2.930949   2.930313     1.9828     2.4065      7.932    -0.5613     0.5822 1.0715e-01    -0.1446   103.6811     6.9553     7.2937    33.8955    33.8937    27.1403    27.1392    7.84232 0.0000e+00
       3128     97.248     1.2646     1.2584   2.931582   2.930934     1.9828     2.4069      7.930    -0.5816     0.5822 1.0715e-01    -0.1446   103.6811     6.9588     7.2940    33.8969    33.8953    27.1410    27.1402    7.84100 0.0000e+00
       3131     97.373     1.2704     1.2649   2.932123   2.931559     1.9832     2.4073      7.930    -0.5816     0.6217 1.0715e-01    -0.1446   103.6811     6.9593     7.2947    33.8974    33.8961    27.1411    27.1404    7.83979 0.0000e+00
       3134     97.494     1.2745     1.2700   2.932573   2.932045     1.9841     2.4065      7.930    -0.5816     3.4642 1.0715e-01    -0.1446   103.6811     6.9617     7.2925    33.8986    33.8968    27.1417    27.1406    7.83889 0.0000e+00
       3137     97.604     1.2779     1.2732   2.932813   2.932321     1.9837     2.4065      7.930    -0.5816     3.7405 1.0715e-01    -0.1446   103.6811     6.9608     7.2944    33.8980    33.8967    27.1410    27.1403    7.83824 0.0000e+00
       3140     97.706     1.2808     1.2757   2.933209   2.932610     1.9832     2.4065      7.932    -0.5816     3.7010 1.0715e-01    -0.1439   103.6630     6.9566     7.2956    33.8998    33.8976    27.1423    27.1408    7.83754 0.0000e+00
       3143     97.801     1.2864     1.2808   2.933740   2.933244     1.9832     2.4065      7.930    -0.5816     3.7010 1.0715e-01    -0.1439   103.6630     6.9568     7.2935    33.9004    33.9001    27.1424    27.1426    7.83637 0.0000e+00
       3146     97.891     1.2908     1.2861   2.934136   2.933716     1.9841     2.4065      7.933    -0.5714     3.7010 1.0715e-01    -0.1436   103.6539     6.9619     7.2924    33.9007    33.9004    27.1423    27.1424    7.83546 0.0000e+00
       3149     97.974     1.2939     1.2897   2.934455   2.934037     1.9837     2.4073      7.932    -0.5918     3.7010 1.0715e-01    -0.1443   103.6720     6.9582     7.2953    33.9013    33.9006    27.1426    27.1423    7.83479 0.0000e+00
       3152     98.056     1.2970     1.2919   2.934660   2.934200     1.9841     2.4069      7.930    -0.5816     3.7010 1.0715e-01    -0.1439   103.6630     6.9581     7.2928    33.9005    33.9002    27.1418    27.1418    7.83421 0.0000e+00
       3155     98.133     1.2992     1.2937   2.934906   2.934422     1.9837     2.4077      7.930    -0.5816     3.7010 1.0715e-01    -0.1439   103.6630     6.9509     7.2950    33.9013    33.9011    27.1422    27.1424    7.83373 0.0000e+00
       3158     98.207     1.3014     1.2961   2.935181   2.934661     1.9837     2.4077      7.932    -0.5816     3.2667 1.0715e-01    -0.1439   103.6630     6.9493     7.2955    33.9023    33.9015    27.1429    27.1425    7.83322 0.0000e+00
       3161     98.276     1.3049     1.2991   2.935495   2.934972     1.9841     2.4081      7.930    -0.5918     1.4112 1.0715e-01    -0.1443   103.6720     6.9509     7.2957    33.9025    33.9021    27.1428    27.1429    7.83250 0.0000e+00
       3164     98.343     1.3084     1.3029   2.935780   2.935341     1.9832     2.4077      7.930    -0.5918     1.4507 1.0715e-01    -0.1446   103.6811     6.9499     7.2937    33.9024    33.9027    27.1425    27.1431    7.83181 0.0000e+00
       3167     98.408     1.3105     1.3057   2.936036   2.935600     1.9845     2.4077      7.930    -0.5918     1.4507 1.0715e-01    -0.1446   103.6811     6.9543     7.2929    33.9033    33.9029    27.1430    27.1431    7.83133 0.0000e+00
       3170     98.469     1.3117     1.3070   2.936222   2.935762     1.9841     2.4077      7.930    -0.5816     1.4507 1.0715e-01    -0.1446   103.6811     6.9518     7.2897    33.9044    33.9035    27.1438    27.1435    7.83103 0.0000e+00
       3173     98.532     1.3140     1.3091   2.936515   2.935957     1.9841     2.4081      7.930    -0.5816     1.4507 1.0715e-01    -0.1446   103.6811     6.9526     7.2879    33.9056    33.9037    27.1446    27.1435    7.83050 0.0000e+00
       3176     98.597     1.3169     1.3120   2.936813   2.936269     1.9841     2.4073      7.930    -0.5816     1.4507 1.0715e-01    -0.1446   103.6811     6.9534     7.2830    33.9061    33.9045    27.1449    27.1439    7.82987 0.0000e+00
       3179     98.662     1.3193     1.3140   2.936960   2.936453     1.9828     2.4073      7.930    -0.5816     1.4507 1.0715e-01    -0.1446   103.6811     6.9469     7.2783    33.9054    33.9047    27.1441    27.1439    7.82943 0.0000e+00
       3182     98.727     1.3219     1.3150   2.937188   2.936558     1.9832     2.4081      7.930    -0.5714     1.4507 1.0715e-01    -0.1446   103.6811     6.9473     7.2793    33.9055    33.9049    27.1440    27.1440    7.82890 0.0000e+00
       3185     98.795     1.3262     1.3174   2.937713   2.936822     1.9849     2.4077      7.930    -0.5714     1.3323 1.0715e-01    -0.1446   103.6811     6.9537     7.2791    33.9074    33.9056    27.1453    27.1444    7.82792 0.0000e+00
       3188     98.863     1.3338     1.3223   2.938562   2.937428     1.9849     2.4090      7.931    -0.5816     1.2139 1.0715e-01    -0.1449   103.6901     6.9470     7.2833    33.9100    33.9079    27.1468    27.1460    7.82624 0.0000e+00
       3191     98.932     1.3393     1.3296   2.939042   2.938231     1.9841     2.4081      7.931    -0.5816     1.2139 1.0715e-01    -0.1446   103.6811     6.9411     7.2761    33.9101    33.9102    27.1465    27.1473    7.82512 0.0000e+00
       3194     99.005     1.3428     1.3351   2.939404   2.938755     1.9841     2.4077      7.930    -0.5918     1.2139 1.0715e-01    -0.1446   103.6811     6.9416     7.2723    33.9109    33.9109    27.1470    27.1475    7.82437 0.0000e+00
       3197     99.079     1.3462     1.3399   2.939878   2.939240     1.9845     2.4077      7.931    -0.5918     1.2139 1.0715e-01    -0.1446   103.6811     6.9427     7.2718    33.9132    33.9119    27.1486    27.1480    7.82356 0.0000e+00
       3200     99.156     1.3500     1.3443   2.940287   2.939680     1.9845     2.4077      7.930    -0.5816     1.2139 1.0715e-01    -0.1446   103.6811     6.9408     7.2698    33.9143    33.9127    27.1492    27.1483    7.82274 0.0000e+00
       3203     99.233     1.3532     1.3476   2.940600   2.940044     1.9841     2.4065      7.931    -0.5816     1.2139 1.0715e-01    -0.1446   103.6811     6.9390     7.2613    33.9147    33.9137    27.1493    27.1489    7.82205 0.0000e+00
       3206     99.311     1.3556     1.3506   2.940809   2.940336     1.9841     2.4077      7.930    -0.5816     1.2139 1.0715e-01    -0.1446   103.6811     6.9339     7.2649    33.9148    33.9142    27.1492    27.1490    7.82157 0.0000e+00
       3209     99.392     1.3583     1.3532   2.941115   2.940588     1.9837     2.4081      7.930    -0.5816     1.2139 1.0715e-01    -0.1446   103.6811     6.9316     7.2638    33.9156    33.9146    27.1497    27.1491    7.82097 0.0000e+00
       3212     99.474     1.3624     1.3571   2.941496   2.941041     1.9832     2.4077      7.931    -0.5918    -1.0759 1.0715e-01    -0.1443   103.6720     6.9318     7.2613    33.9161    33.9160    27.1498    27.1501    7.82012 0.0000e+00
       3215     99.559     1.3662     1.3609   2.941834   2.941400     1.9841     2.4065      7.931    -0.5714    -1.6681 1.0715e-01    -0.1446   103.6811     6.9352     7.2570    33.9162    33.9164    27.1496    27.1501    7.81935 0.0000e+00
       3218     99.644     1.3687     1.3637   2.942069   2.941622     1.9841     2.4077      7.930    -0.5613    -1.6286 1.0715e-01    -0.1446   103.6811     6.9351     7.2620    33.9164    33.9162    27.1496    27.1498    7.81883 0.0000e+00
       3221     99.730     1.3699     1.3646   2.942201   2.941733     1.9837     2.4077      7.931    -0.5918    -1.6286 1.0715e-01    -0.1443   103.6720     6.9334     7.2617    33.9167    33.9165    27.1497    27.1500    7.81856 0.0000e+00
       3224     99.813     1.3713     1.3660   2.942368   2.941881     1.9841     2.4065      7.930    -0.5714    -1.6286 1.0715e-01    -0.1439   103.6630     6.9376     7.2571    33.9174    33.9168    27.1502    27.1501    7.81826 0.0000e+00
       3227     99.899     1.3720     1.3677   2.942450   2.942057     1.9845     2.4073      7.930    -0.5816    -1.6286 1.0715e-01    -0.1439   103.6630     6.9411     7.2604    33.9176    33.9172    27.1503    27.1503    7.81809 0.0000e+00
       3230     99.987     1.3732     1.3678   2.942581   2.942027     1.9832     2.4069      7.931    -0.5816    -1.6286 1.0715e-01    -0.1439   103.6630     6.9354     7.2571    33.9179    33.9167    27.1505    27.1499    7.81784 0.0000e+00
       3233    100.072     1.3756     1.3700   2.942936   2.942353     1.9853     2.4061      7.930    -0.5816    -1.6286 1.0715e-01    -0.1436   103.6539     6.9455     7.2565    33.9197    33.9184    27.1518    27.1511    7.81725 0.0000e+00
       3236    100.159     1.3786     1.3733   2.943133   2.942703     1.9837     2.4069      7.930    -0.5918    -1.4707 1.0715e-01    -0.1436   103.6539     6.9361     7.2586    33.9190    33.9192    27.1510    27.1515    7.81669 0.0000e+00
       3239    100.247     1.3796     1.3748   2.943206   2.942807     1.9837     2.4061      7.930    -0.5918     0.1874 1.0715e-01    -0.1439   103.6630     6.9326     7.2536    33.9188    33.9189    27.1508    27.1511    7.81650 0.0000e+00
       3242    100.335     1.3803     1.3753   2.943282   2.942819     1.9841     2.4069      7.930    -0.5714     0.2664 1.0715e-01    -0.1422   103.6178     6.9336     7.2566    33.9189    33.9185    27.1508    27.1508    7.81634 0.0000e+00
       3245    100.424     1.3803     1.3752   2.943294   2.942808     1.9841     2.4065      7.930    -0.5816     0.2664 1.0715e-01    -0.1425   103.6268     6.9325     7.2575    33.9191    33.9183    27.1509    27.1507    7.81635 0.0000e+00
       3248    100.513     1.3804     1.3753   2.943294   2.942840     1.9841     2.4065      7.930    -0.5918     0.2664 1.0715e-01    -0.1425   103.6268     6.9284     7.2570    33.9189    33.9186    27.1508    27.1509    7.81633 0.0000e+00
       3251    100.603     1.3814     1.3761   2.943381   2.942940     1.9841     2.4069      7.930    -0.5714     0.2664 1.0715e-01    -0.1422   103.6178     6.9303     7.2562    33.9189    33.9189    27.1507    27.1511    7.81613 0.0000e+00
       3254    100.691     1.3815     1.3764   2.943425   2.942965     1.9841     2.4069      7.930    -0.5816     0.2664 1.0715e-01    -0.1425   103.6268     6.9308     7.2577    33.9192    33.9189    27.1510    27.1511    7.81608 0.0000e+00
       3257    100.780     1.3823     1.3765   2.943544   2.943019     1.9845     2.4065      7.930    -0.5918     0.2664 1.0715e-01    -0.1422   103.6178     6.9320     7.2576    33.9198    33.9194    27.1514    27.1515    7.81589 0.0000e+00
       3260    100.870     1.3828     1.3773   2.943699   2.943205     1.9841     2.4053      7.929    -0.5816     0.2664 1.0715e-01    -0.1422   103.6178     6.9350     7.2542    33.9212    33.9209    27.1525    27.1526    7.81571 0.0000e+00
       3263    100.961     1.3826     1.3775   2.943704   2.943249     1.9832     2.4057      7.929    -0.5918     0.4638 1.0715e-01    -0.1446   103.6811     6.9330     7.2567    33.9214    33.9212    27.1527    27.1529    7.81575 0.0000e+00
       3266    101.055     1.3816     1.3765   2.943635   2.943185     1.9837     2.4065      7.930    -0.5918     0.8586 1.0715e-01    -0.1446   103.6811     6.9353     7.2617    33.9216    33.9214    27.1529    27.1531    7.81595 0.0000e+00
       3269    101.150     1.3811     1.3759   2.943622   2.943181     1.9832     2.4061      7.930    -0.5918     0.8586 1.0715e-01    -0.1446   103.6811     6.9309     7.2621    33.9219    33.9219    27.1531    27.1535    7.81602 0.0000e+00
       3272    101.249     1.3806     1.3755   2.943636   2.943176     1.9837     2.4053      7.930    -0.5714     0.8586 1.0715e-01    -0.1446   103.6811     6.9347     7.2613    33.9226    33.9222    27.1538    27.1538    7.81610 0.0000e+00
       3275    101.351     1.3808     1.3751   2.943678   2.943230     1.9841     2.4053      7.930    -0.5816     0.8586 1.0715e-01    -0.1446   103.6811     6.9391     7.2649    33.9228    33.9233    27.1539    27.1547    7.81603 0.0000e+00
       3278    101.456     1.3809     1.3753   2.943786   2.943303     1.9841     2.4061      7.930    -0.5816     0.8586 1.0715e-01    -0.1446   103.6811     6.9427     7.2709    33.9240    33.9240    27.1549    27.1552    7.81596 0.0000e+00
       3281    101.563     1.3806     1.3754   2.943850   2.943364     1.9837     2.4065      7.931    -0.5714     0.8191 1.0715e-01    -0.1411   103.5906     6.9445     7.2781    33.9252    33.9246    27.1558    27.1557    7.81596 0.0000e+00
