Datasets/AZMP/TEL210/tel210_2020_084.cnv
* Sea-Bird SBE 9 Data File:
* FileName = C:\CTDDATA\tel210_2020_084.hex
* Software Version Seasave V 7.26.7.110
* Temperature SN = 1697
* Conductivity SN = 4216
* Number of Bytes Per Scan = 30
* Number of Voltage Words = 4
* Number of Scans Averaged by the Deck Unit = 1
* NMEA baud rate = 4800
** VESSEL/TRIP/SEQ STN:  TEL210_2020_084
** LATITUDE XX XX.XX: 53 27.03 N
** LONGITUDE XX XX.XX: 055 18.25 W
** SOUNDING DEPTH (M): 0194
** PROBE TYPE: S1146
** CTD NUMBER: 054
** COMMENTS (14 CHAR): CSI-01
** BOTTLES:  0
** LEVELS: 
** STICKERS: 
** VNET: N
** DO2: N
# nquan = 22
# nvalues = 4497                        
# units = specified
# name 0 = scan: Scan Count
# name 1 = prDM: Pressure, Digiquartz [db]
# name 2 = t090C: Temperature [ITS-90, deg C]
# name 3 = t190C: Temperature, 2 [ITS-90, deg C]
# name 4 = c0S/m: Conductivity [S/m]
# name 5 = c1S/m: Conductivity, 2 [S/m]
# name 6 = sbeox0V: Oxygen raw, SBE 43 [V]
# name 7 = sbeox1V: Oxygen raw, SBE 43, 2 [V]
# name 8 = ph: pH
# name 9 = flECO-AFL: Fluorescence, WET Labs ECO-AFL/FL [mg/m^3]
# name 10 = wetCDOM: Fluorescence, WET Labs CDOM [mg/m^3]
# name 11 = par/sat/log: PAR/Logarithmic, Satlantic [umol photons/m^2/sec]
# name 12 = CStarAt0: Beam Attenuation, WET Labs C-Star [1/m]
# name 13 = CStarTr0: Beam Transmission, WET Labs C-Star [%]
# name 14 = sbeox0ML/L: Oxygen, SBE 43 [ml/l], WS = 2
# name 15 = sbeox1ML/L: Oxygen, SBE 43, 2 [ml/l], WS = 2
# name 16 = sal00: Salinity, Practical [PSU]
# name 17 = sal11: Salinity, Practical, 2 [PSU]
# name 18 = sigma-t00: Density [sigma-t, kg/m^3 ]
# name 19 = sigma-t11: Density, 2 [sigma-t, kg/m^3 ]
# name 20 = oxsatML/L: Oxygen Saturation, Weiss [ml/l]
# name 21 = flag: flag
# span 0 =          2,      14534       
# span 1 =      1.666,    201.833       
# span 2 =    -0.8987,     9.4491       
# span 3 =    -0.9065,     9.4520       
# span 4 =   2.643636,   3.344166       
# span 5 =   2.643269,   3.344067       
# span 6 =     1.9704,     2.4908       
# span 7 =     2.3761,     3.0599       
# span 8 =      7.946,      8.234       
# span 9 =     0.6664,     1.8410       
# span 10 =    -2.8130,   482.1870      
# span 11 = 1.0484e-01, 3.0703e-01      
# span 12 =    -0.1446,     0.1159      
# span 13 =    97.1429,   103.6811      
# span 14 =     7.0199,    10.5972      
# span 15 =     6.9314,    11.5058      
# span 16 =    30.6973,    33.5417      
# span 17 =    30.7460,    33.2766      
# span 18 =    23.7101,    26.8327      
# span 19 =    23.7203,    26.7373      
# span 20 =    6.57118,    8.38209      
# span 21 = 0.0000e+00, 0.0000e+00      
# interval = scans: 3                   
# start_time = Jul 25 2020 01:00:00 [System UTC, header]
# bad_flag = -9.990e-29
*END*
[from data line 396]
       1392     34.213    -0.7025    -0.7107   2.655446   2.654958     2.2043     2.6813      8.076     1.0897    -0.7996 1.0715e-01    -0.1011   102.5597     8.4269     8.7637    32.4397    32.4420    26.0684    26.0706    8.34289 0.0000e+00
       1395     34.298    -0.7029    -0.7099   2.655575   2.655058     2.2051     2.6801      8.074     1.0897    -0.7996 1.0715e-01    -0.1015   102.5687     8.4287     8.7518    32.4418    32.4424    26.0701    26.0708    8.34285 0.0000e+00
       1398     34.387    -0.7030    -0.7090   2.655703   2.655186     2.2055     2.6784      8.073     1.0897    -0.7996 1.0715e-01    -0.1015   102.5687     8.4306     8.7417    32.4435    32.4431    26.0715    26.0714    8.34277 0.0000e+00
       1401     34.476    -0.7035    -0.7089   2.655760   2.655280     2.2051     2.6789      8.073     1.1002    -0.7996 1.0715e-01    -0.1025   102.5959     8.4261     8.7426    32.4449    32.4442    26.0726    26.0723    8.34282 0.0000e+00
       1404     34.569    -0.7035    -0.7094   2.655767   2.655286     2.2047     2.6785      8.073     1.0897    -0.7996 1.0715e-01    -0.1046   102.6501     8.4206     8.7380    32.4449    32.4448    26.0726    26.0728    8.34282 0.0000e+00
       1407     34.658    -0.7042    -0.7114   2.655695   2.655173     2.2035     2.6776      8.073     1.0791    -0.7996 1.0715e-01    -0.1046   102.6501     8.4096     8.7294    32.4446    32.4454    26.0724    26.0733    8.34299 0.0000e+00
       1410     34.751    -0.7058    -0.7152   2.655360   2.654943     2.2031     2.6764      8.073     1.1002    -0.8785 1.0715e-01    -0.1046   102.6501     8.4042     8.7193    32.4418    32.4462    26.0702    26.0741    8.34352 0.0000e+00
       1413     34.846    -0.7088    -0.7204   2.654853   2.654570     2.2031     2.6756      8.073     1.0791    -0.9180 1.0715e-01    -0.1050   102.6592     8.4017     8.7133    32.4381    32.4467    26.0673    26.0747    8.34439 0.0000e+00
       1416     34.942    -0.7137    -0.7299   2.653957   2.653704     2.2018     2.6752      8.073     1.0897    -0.9180 1.0715e-01    -0.1046   102.6501     8.3905     8.7118    32.4312    32.4453    26.0619    26.0739    8.34589 0.0000e+00
       1419     35.040    -0.7214    -0.7431   2.653160   2.652811     2.2014     2.6727      8.071     1.1002    -0.9180 1.0727e-01    -0.1046   102.6501     8.3833     8.7020    32.4288    32.4474    26.0602    26.0760    8.34778 0.0000e+00
       1422     35.140    -0.7297    -0.7525   2.652685   2.652294     2.2014     2.6731      8.071     1.0897    -0.9180 1.0715e-01    -0.1039   102.6320     8.3791     8.7002    32.4312    32.4505    26.0625    26.0789    8.34951 0.0000e+00
       1425     35.243    -0.7368    -0.7584   2.652385   2.651883     2.2002     2.6723      8.070     1.0897    -0.9180 1.0715e-01    -0.1036   102.6230     8.3718     8.6897    32.4349    32.4513    26.0657    26.0798    8.35092 0.0000e+00
       1428     35.345    -0.7426    -0.7627   2.652282   2.651725     2.1990     2.6711      8.068     1.1002    -0.9180 1.0715e-01    -0.1036   102.6230     8.3636     8.6805    32.4396    32.4537    26.0697    26.0818    8.35195 0.0000e+00
       1431     35.453    -0.7473    -0.7642   2.652175   2.651661     2.1982     2.6687      8.068     1.1002    -0.9180 1.0715e-01    -0.1036   102.6230     8.3575     8.6683    32.4431    32.4544    26.0728    26.0825    8.35280 0.0000e+00
       1434     35.562    -0.7510    -0.7657   2.652078   2.651536     2.1990     2.6687      8.068     1.0579    -0.9180 1.0715e-01    -0.1036   102.6230     8.3603     8.6662    32.4457    32.4542    26.0750    26.0824    8.35349 0.0000e+00
       1437     35.675    -0.7540    -0.7672   2.652048   2.651462     2.1986     2.6670      8.063     1.0156     0.7796 1.0715e-01    -0.1036   102.6230     8.3570     8.6546    32.4484    32.4548    26.0773    26.0829    8.35401 0.0000e+00
       1440     35.797    -0.7562    -0.7672   2.652017   2.651495     2.1970     2.6670      8.063     1.0367     5.2802 1.0715e-01    -0.1036   102.6230     8.3474     8.6543    32.4504    32.4552    26.0789    26.0832    8.35440 0.0000e+00
       1443     35.921    -0.7576    -0.7674   2.652035   2.651510     2.1962     2.6650      8.063     1.0367     5.1223 1.0715e-01    -0.1074   102.7225     8.3395     8.6437    32.4521    32.4556    26.0804    26.0835    8.35463 0.0000e+00
       1446     36.047    -0.7587    -0.7645   2.652032   2.651838     2.1949     2.6634      8.063     1.0367     5.1223 1.0715e-01    -0.1078   102.7315     8.3295     8.6302    32.4531    32.4568    26.0812    26.0844    8.35481 0.0000e+00
       1449     36.176    -0.7593    -0.7639   2.652229   2.651805     2.1941     2.6622      8.060     1.0367     5.1223 1.0715e-01    -0.1074   102.7225     8.3263     8.6226    32.4563    32.4556    26.0839    26.0834    8.35475 0.0000e+00
       1452     36.308    -0.7590    -0.7642   2.652441   2.651828     2.1933     2.6609      8.061     1.0156     5.1223 1.0715e-01    -0.1078   102.7315     8.3215     8.6191    32.4588    32.4561    26.0859    26.0838    8.35456 0.0000e+00
       1455     36.446    -0.7581    -0.7639   2.652602   2.651866     2.1933     2.6601      8.058     1.0262     5.1223 1.0715e-01    -0.1078   102.7315     8.3185     8.6142    32.4598    32.4562    26.0867    26.0839    8.35428 0.0000e+00
       1458     36.586    -0.7571    -0.7624   2.652643   2.652020     2.1925     2.6589      8.058     1.0473     5.1223 1.0715e-01    -0.1074   102.7225     8.3106     8.6021    32.4592    32.4566    26.0862    26.0842    8.35409 0.0000e+00
       1461     36.731    -0.7569    -0.7646   2.652443   2.651811     2.1913     2.6569      8.058     1.0050     5.1223 1.0715e-01    -0.1082   102.7406     8.3055     8.5928    32.4563    32.4561    26.0837    26.0838    8.35422 0.0000e+00
       1464     36.874    -0.7589    -0.7724   2.651814   2.651202     2.1904     2.6569      8.058     0.9838     4.6880 1.0715e-01    -0.1099   102.7858     8.3037     8.5942    32.4499    32.4561    26.0787    26.0842    8.35504 0.0000e+00
       1467     37.021    -0.7643    -0.7858   2.650684   2.650146     2.1892     2.6548      8.058     0.9944     4.2932 1.0715e-01    -0.1099   102.7858     8.2993     8.5885    32.4404    32.4563    26.0711    26.0847    8.35681 0.0000e+00
       1470     37.173    -0.7736    -0.8033   2.649453   2.648893     2.1884     2.6524      8.058     1.0050     4.2932 1.0715e-01    -0.1099   102.7858     8.2930     8.5798    32.4337    32.4582    26.0661    26.0869    8.35929 0.0000e+00
       1473     37.325    -0.7834    -0.8130   2.649118   2.648451     2.1888     2.6520      8.058     1.0050     4.2932 1.0752e-01    -0.1099   102.7858     8.2952     8.5754    32.4396    32.4625    26.0712    26.0908    8.36116 0.0000e+00
       1476     37.480    -0.7913    -0.8167   2.649022   2.648357     2.1876     2.6516      8.057     0.9944     4.2932 1.0727e-01    -0.1099   102.7858     8.2826     8.5704    32.4468    32.4652    26.0773    26.0931    8.36256 0.0000e+00
       1479     37.635    -0.7972    -0.8184   2.649043   2.648418     2.1868     2.6487      8.054     0.9838     4.2932 1.0740e-01    -0.1099   102.7858     8.2727     8.5563    32.4534    32.4677    26.0828    26.0951    8.36352 0.0000e+00
       1482     37.790    -0.8016    -0.8186   2.649091   2.648496     2.1852     2.6471      8.054     0.9944     4.2932 1.0740e-01    -0.1103   102.7948     8.2611     8.5451    32.4587    32.4690    26.0873    26.0962    8.36421 0.0000e+00
       1485     37.946    -0.8053    -0.8205   2.648899   2.648365     2.1843     2.6467      8.052     0.9732     4.2932 1.0740e-01    -0.1106   102.8039     8.2530     8.5359    32.4599    32.4691    26.0884    26.0963    8.36497 0.0000e+00
       1488     38.098    -0.8093    -0.8281   2.648221   2.647780     2.1839     2.6451      8.052     0.9415     4.2932 1.0715e-01    -0.1106   102.8039     8.2474     8.5273    32.4550    32.4693    26.0846    26.0968    8.36616 0.0000e+00
       1491     38.252    -0.8167    -0.8416   2.647100   2.646643     2.1823     2.6430      8.049     0.9309    -0.5232 1.0715e-01    -0.1110   102.8129     8.2360     8.5225    32.4477    32.4685    26.0789    26.0965    8.36825 0.0000e+00
       1494     38.405    -0.8264    -0.8589   2.646131   2.645521     2.1815     2.6414      8.049     0.9203    -1.3128 1.0715e-01    -0.1106   102.8039     8.2278     8.5182    32.4450    32.4718    26.0771    26.0999    8.37060 0.0000e+00
       1497     38.556    -0.8376    -0.8755   2.645059   2.644383     2.1803     2.6394      8.049     0.9203    -1.3128 1.0715e-01    -0.1110   102.8129     8.2211     8.5100    32.4426    32.4743    26.0754    26.1024    8.37329 0.0000e+00
       1500     38.705    -0.8499    -0.8871   2.644470   2.643831     2.1782     2.6386      8.046     0.9415    -1.2733 1.0715e-01    -0.1110   102.8129     8.2111     8.5074    32.4478    32.4792    26.0801    26.1068    8.37578 0.0000e+00
       1503     38.854    -0.8598    -0.8926   2.644357   2.643668     2.1774     2.6369      8.044     0.9203    -1.3523 1.0715e-01    -0.1148   102.9124     8.2054     8.5006    32.4569    32.4829    26.0878    26.1100    8.37752 0.0000e+00
       1506     39.000    -0.8676    -0.8914   2.645195   2.644352     2.1762     2.6337      8.041     0.9415    -1.3128 1.0715e-01    -0.1159   102.9395     8.1992     8.4847    32.4765    32.4908    26.1039    26.1163    8.37816 0.0000e+00
       1509     39.143    -0.8700    -0.8826   2.645878   2.645327     2.1754     2.6320      8.039     0.9521    -1.3523 1.0715e-01    -0.1159   102.9395     8.1925     8.4738    32.4883    32.4943    26.1136    26.1189    8.37803 0.0000e+00
       1512     39.282    -0.8724    -0.8863   2.645520   2.645060     2.1742     2.6312      8.039     0.9203    -1.3128 1.0715e-01    -0.1162   102.9486     8.1875     8.4719    32.4859    32.4946    26.1117    26.1192    8.37870 0.0000e+00
       1515     39.418    -0.8759    -0.8919   2.645341   2.644769     2.1725     2.6304      8.034     0.9309    -1.1549 1.0715e-01    -0.1159   102.9395     8.1792     8.4716    32.4872    32.4967    26.1129    26.1211    8.37943 0.0000e+00
       1518     39.547    -0.8794    -0.8937   2.645522   2.644822     2.1721     2.6284      8.034     0.9309    -0.1284 1.0715e-01    -0.1162   102.9486     8.1755     8.4643    32.4933    32.4993    26.1179    26.1233    8.37986 0.0000e+00
       1521     39.673    -0.8800    -0.8887   2.646098   2.645450     2.1705     2.6263      8.034     0.9203    -0.0889 1.0727e-01    -0.1162   102.9486     8.1671     8.4530    32.5017    32.5023    26.1248    26.1256    8.37952 0.0000e+00
       1524     39.797    -0.8796    -0.8859   2.646173   2.645612     2.1689     2.6243      8.031     0.9309    -0.0889 1.0715e-01    -0.1173   102.9757     8.1587     8.4432    32.5022    32.5014    26.1252    26.1247    8.37940 0.0000e+00
       1527     39.914    -0.8805    -0.8881   2.646179   2.645621     2.1676     2.6227      8.031     0.9309    -0.1284 1.0715e-01    -0.1173   102.9757     8.1492     8.4398    32.5031    32.5037    26.1259    26.1267    8.37954 0.0000e+00
       1530     40.028    -0.8811    -0.8905   2.646008   2.645509     2.1668     2.6215      8.030     0.9309    -0.1284 1.0715e-01    -0.1173   102.9757     8.1435     8.4360    32.5015    32.5048    26.1246    26.1276    8.37979 0.0000e+00
       1533     40.135    -0.8830    -0.8930   2.645960   2.645421     2.1656     2.6194      8.030     0.9309    -0.0889 1.0715e-01    -0.1173   102.9757     8.1372     8.4272    32.5027    32.5062    26.1257    26.1289    8.38013 0.0000e+00
       1536     40.239    -0.8841    -0.8936   2.645997   2.645424     2.1644     2.6178      8.030     0.9203    -0.0889 1.0715e-01    -0.1173   102.9757     8.1335     8.4211    32.5043    32.5069    26.1270    26.1294    8.38029 0.0000e+00
       1539     40.339    -0.8853    -0.8939   2.645971   2.645465     2.1624     2.6166      8.030     0.8463    -0.0889 1.0715e-01    -0.1173   102.9757     8.1249     8.4154    32.5052    32.5077    26.1278    26.1301    8.38051 0.0000e+00
       1542     40.437    -0.8860    -0.8941   2.646024   2.645458     2.1615     2.6141      8.028     0.7934     0.2269 1.0715e-01    -0.1194   103.0299     8.1222     8.4080    32.5067    32.5078    26.1290    26.1302    8.38059 0.0000e+00
       1545     40.528    -0.8866    -0.8938   2.646074   2.645520     2.1599     2.6125      8.027     0.8040     0.7401 1.0715e-01    -0.1236   103.1385     8.1196     8.4060    32.5080    32.5083    26.1301    26.1305    8.38066 0.0000e+00
       1548     40.618    -0.8863    -0.8935   2.646100   2.645544     2.1591     2.6109      8.025     0.7934     0.7006 1.0715e-01    -0.1236   103.1385     8.1189     8.4031    32.5079    32.5081    26.1300    26.1304    8.38059 0.0000e+00
       1551     40.705    -0.8867    -0.8934   2.646161   2.645573     2.1575     2.6096      8.025     0.8040     0.7401 1.0715e-01    -0.1236   103.1385     8.1125     8.4010    32.5091    32.5084    26.1310    26.1306    8.38061 0.0000e+00
       1554     40.789    -0.8864    -0.8931   2.646191   2.645608     2.1566     2.6076      8.025     0.7934     0.7401 1.0715e-01    -0.1236   103.1385     8.1135     8.3977    32.5092    32.5085    26.1310    26.1307    8.38055 0.0000e+00
       1557     40.874    -0.8865    -0.8927   2.646226   2.645648     2.1550     2.6072      8.025     0.7934     0.7401 1.0715e-01    -0.1236   103.1385     8.1101     8.4016    32.5097    32.5085    26.1314    26.1307    8.38053 0.0000e+00
       1560     40.954    -0.8866    -0.8925   2.646211   2.645667     2.1546     2.6048      8.025     0.8040     0.7401 1.0715e-01    -0.1236   103.1385     8.1130     8.3959    32.5095    32.5086    26.1313    26.1307    8.38056 0.0000e+00
       1563     41.030    -0.8867    -0.8927   2.646240   2.645654     2.1530     2.6023      8.025     0.7934     0.7401 1.0715e-01    -0.1264   103.2108     8.1081     8.3922    32.5100    32.5086    26.1317    26.1308    8.38057 0.0000e+00
       1566     41.106    -0.8868    -0.8929   2.646237   2.645668     2.1526     2.6019      8.022     0.7722     0.7401 1.0715e-01    -0.1285   103.2651     8.1086     8.3991    32.5100    32.5089    26.1317    26.1310    8.38058 0.0000e+00
       1569     41.182    -0.8863    -0.8894   2.646585   2.646159     2.1514     2.6007      8.023     0.7722     2.2798 1.0715e-01    -0.1285   103.2651     8.1046     8.3978    32.5142    32.5117    26.1351    26.1332    8.38024 0.0000e+00
       1572     41.256    -0.8842    -0.8838   2.646982   2.646579     2.1501     2.5995      8.023     0.7722     3.0299 1.0715e-01    -0.1285   103.2651     8.1029     8.3977    32.5172    32.5113    26.1374    26.1327    8.37958 0.0000e+00
       1575     41.328    -0.8818    -0.8803   2.647299   2.646889     2.1489     2.5978      8.022     0.7722     2.9904 1.0715e-01    -0.1282   103.2560     8.1003     8.3953    32.5189    32.5116    26.1388    26.1328    8.37895 0.0000e+00
       1578     41.400    -0.8789    -0.8780   2.647638   2.647128     2.1489     2.5970      8.023     0.7722     2.9904 1.0715e-01    -0.1285   103.2651     8.1021     8.3981    32.5202    32.5123    26.1398    26.1333    8.37820 0.0000e+00
       1581     41.469    -0.8761    -0.8750   2.648023   2.647459     2.1469     2.5958      8.022     0.7722     2.9904 1.0715e-01    -0.1282   103.2560     8.0908     8.4001    32.5223    32.5136    26.1413    26.1342    8.37743 0.0000e+00
