Datasets/AZMP/TEL210/tel210_2020_027.cnv
* Sea-Bird SBE 9 Data File:
* FileName = C:\CTDDATA\tel210_2020_027.hex
* Software Version Seasave V 7.26.7.110
* Temperature SN = 1697
* Conductivity SN = 4216
* Number of Bytes Per Scan = 30
* Number of Voltage Words = 4
* Number of Scans Averaged by the Deck Unit = 1
* NMEA baud rate = 4800
** VESSEL/TRIP/SEQ STN:  tel210_2020_027
** LATITUDE XX XX.XX: 47 00.00 N
** LONGITUDE XX XX.XX: 044 59.30 W
** SOUNDING DEPTH (M): 0151
** PROBE TYPE: S1146
** CTD NUMBER: 026
** COMMENTS (14 CHAR): FC-25
** BOTTLES:  0
** LEVELS:
** STICKERS:
** VNET: N
** DO2: N
# nquan = 22
# nvalues = 3169                        
# units = specified
# name 0 = scan: Scan Count
# name 1 = prDM: Pressure, Digiquartz [db]
# name 2 = t090C: Temperature [ITS-90, deg C]
# name 3 = t190C: Temperature, 2 [ITS-90, deg C]
# name 4 = c0S/m: Conductivity [S/m]
# name 5 = c1S/m: Conductivity, 2 [S/m]
# name 6 = sbeox0V: Oxygen raw, SBE 43 [V]
# name 7 = sbeox1V: Oxygen raw, SBE 43, 2 [V]
# name 8 = ph: pH
# name 9 = flECO-AFL: Fluorescence, WET Labs ECO-AFL/FL [mg/m^3]
# name 10 = wetCDOM: Fluorescence, WET Labs CDOM [mg/m^3]
# name 11 = par/sat/log: PAR/Logarithmic, Satlantic [umol photons/m^2/sec]
# name 12 = CStarAt0: Beam Attenuation, WET Labs C-Star [1/m]
# name 13 = CStarTr0: Beam Transmission, WET Labs C-Star [%]
# name 14 = sbeox0ML/L: Oxygen, SBE 43 [ml/l], WS = 2
# name 15 = sbeox1ML/L: Oxygen, SBE 43, 2 [ml/l], WS = 2
# name 16 = sal00: Salinity, Practical [PSU]
# name 17 = sal11: Salinity, Practical, 2 [PSU]
# name 18 = sigma-t00: Density [sigma-t, kg/m^3 ]
# name 19 = sigma-t11: Density, 2 [sigma-t, kg/m^3 ]
# name 20 = oxsatML/L: Oxygen Saturation, Weiss [ml/l]
# name 21 = flag: flag
# span 0 =         45,      11606       
# span 1 =      1.908,    148.662       
# span 2 =     3.7129,    11.4523       
# span 3 =     3.7075,    11.4423       
# span 4 =   3.184406,   3.740447       
# span 5 =   3.182275,   3.739583       
# span 6 =     1.9015,     2.4267       
# span 7 =     2.2881,     2.9482       
# span 8 =      7.931,      8.219       
# span 9 =    -0.6019,     6.8767       
# span 10 =    -2.8130,   482.1870      
# span 11 = 1.0592e-01, 2.9429e-01      
# span 12 =    -0.1162,     0.2170      
# span 13 =    94.7193,   102.9486      
# span 14 =     6.1290,     7.7441      
# span 15 =     6.3897,     8.1144      
# span 16 =    32.9597,    34.5156      
# span 17 =    32.9593,    34.5151      
# span 18 =    25.1058,    27.4267      
# span 19 =    25.1080,    27.4267      
# span 20 =    6.20125,    7.34424      
# span 21 = 0.0000e+00, 0.0000e+00      
# interval = scans: 3                   
# start_time = Jul 18 2020 03:11:20 [System UTC, header]
# bad_flag = -9.990e-29
*END*
[from data line 856]
       3474     82.291     3.9029     3.8978   3.197893   3.197354     2.0003     2.4126      7.971    -0.4290     8.5570 1.0715e-01    -0.1099   102.7858     6.3961     6.6545    34.3730    34.3720    27.2973    27.2971    7.31142 0.0000e+00
       3477     82.412     3.9013     3.8963   3.197840   3.197281     2.0003     2.4118      7.969    -0.4392   106.0702 1.0715e-01    -0.1099   102.7858     6.3926     6.6464    34.3740    34.3726    27.2983    27.2977    7.31167 0.0000e+00
       3480     82.536     3.8999     3.8953   3.197715   3.197214     2.0007     2.4106      7.969    -0.4493   480.0551 1.0715e-01    -0.1099   102.7858     6.3910     6.6375    34.3739    34.3728    27.2984    27.2980    7.31192 0.0000e+00
       3483     82.659     3.8984     3.8941   3.197584   3.197088     1.9987     2.4098      7.967    -0.4595   481.2395 1.0715e-01    -0.1092   102.7677     6.3822     6.6306    34.3739    34.3724    27.2985    27.2978    7.31220 0.0000e+00
       3486     82.786     3.8943     3.8901   3.197221   3.196722     1.9991     2.4081      7.964    -0.4595   481.3184 1.0715e-01    -0.1099   102.7858     6.3859     6.6227    34.3737    34.3723    27.2988    27.2981    7.31294 0.0000e+00
       3489     82.911     3.8906     3.8858   3.196948   3.196425     1.9975     2.4065      7.964    -0.4493   481.3579 1.0715e-01    -0.1099   102.7858     6.3824     6.6150    34.3743    34.3732    27.2997    27.2993    7.31358 0.0000e+00
       3492     83.040     3.8867     3.8819   3.196628   3.196130     1.9967     2.4057      7.964    -0.4595   481.3579 1.0715e-01    -0.1099   102.7858     6.3809     6.6080    34.3746    34.3736    27.3002    27.3000    7.31427 0.0000e+00
       3495     83.168     3.8824     3.8777   3.196323   3.195762     1.9963     2.4036      7.964    -0.4493   481.3579 1.0715e-01    -0.1099   102.7858     6.3801     6.5998    34.3754    34.3737    27.3013    27.3005    7.31501 0.0000e+00
       3498     83.297     3.8787     3.8737   3.195973   3.195478     1.9946     2.4024      7.964    -0.4595   481.3579 1.0715e-01    -0.1099   102.7858     6.3711     6.5964    34.3750    34.3744    27.3014    27.3015    7.31569 0.0000e+00
       3501     83.426     3.8682     3.8659   3.195123   3.194798     1.9934     2.4004      7.962    -0.4900   481.3579 1.0715e-01    -0.1096   102.7768     6.3632     6.5905    34.3759    34.3744    27.3032    27.3022    7.31755 0.0000e+00
       3504     83.555     3.8611     3.8560   3.194723   3.194180     1.9926     2.3996      7.962    -0.5104   251.3530 1.0715e-01    -0.1096   102.7768     6.3622     6.5904    34.3785    34.3774    27.3060    27.3056    7.31870 0.0000e+00
       3507     83.686     3.8574     3.8514   3.194475   3.193877     1.9926     2.3983      7.959    -0.5206    -1.7076 1.0715e-01    -0.1096   102.7768     6.3647     6.5891    34.3794    34.3786    27.3071    27.3070    7.31933 0.0000e+00
       3510     83.808     3.8531     3.8483   3.194133   3.193590     1.9914     2.3975      7.959    -0.5206     4.2932 1.0715e-01    -0.1096   102.7768     6.3600     6.5882    34.3797    34.3783    27.3078    27.3072    7.32009 0.0000e+00
       3513     83.936     3.8454     3.8422   3.193432   3.193080     1.9914     2.3955      7.959    -0.5206     4.0564 1.0715e-01    -0.1099   102.7858     6.3596     6.5834    34.3794    34.3786    27.3083    27.3080    7.32149 0.0000e+00
       3516     84.060     3.8367     3.8332   3.192680   3.192298     1.9893     2.3931      7.959    -0.5206     4.0564 1.0715e-01    -0.1099   102.7858     6.3527     6.5788    34.3796    34.3787    27.3093    27.3090    7.32306 0.0000e+00
       3519     84.180     3.8304     3.8256   3.192284   3.191774     1.9885     2.3931      7.960    -0.5206     4.0564 1.0715e-01    -0.1099   102.7858     6.3523     6.5862    34.3813    34.3803    27.3114    27.3111    7.32411 0.0000e+00
       3522     84.296     3.8245     3.8196   3.191834   3.191310     1.9877     2.3918      7.955    -0.5104     4.0564 1.0715e-01    -0.1092   102.7677     6.3535     6.5875    34.3821    34.3811    27.3126    27.3122    7.32514 0.0000e+00
       3525     84.408     3.8203     3.8153   3.191595   3.191031     1.9869     2.3906      7.955    -0.5206     4.0564 1.0715e-01    -0.1096   102.7768     6.3500     6.5866    34.3836    34.3822    27.3142    27.3136    7.32582 0.0000e+00
       3528     84.515     3.8175     3.8128   3.191400   3.190876     1.9865     2.3898      7.955    -0.5002     4.0564 1.0715e-01    -0.1099   102.7858     6.3490     6.5884    34.3842    34.3829    27.3149    27.3144    7.32630 0.0000e+00
       3531     84.619     3.8120     3.8076   3.190894   3.190431     1.9857     2.3882      7.955    -0.4900     8.7149 1.0715e-01    -0.1099   102.7858     6.3477     6.5879    34.3838    34.3830    27.3152    27.3150    7.32731 0.0000e+00
       3534     84.720     3.8055     3.8008   3.190351   3.189823     1.9840     2.3869      7.955    -0.4900    10.0966 1.0715e-01    -0.1096   102.7768     6.3449     6.5910    34.3842    34.3828    27.3161    27.3155    7.32847 0.0000e+00
       3537     84.816     3.8003     3.7951   3.189956   3.189427     1.9828     2.3853      7.955    -0.5002    10.0177 1.0715e-01    -0.1099   102.7858     6.3466     6.5915    34.3849    34.3841    27.3172    27.3171    7.32938 0.0000e+00
       3540     84.907     3.7969     3.7919   3.189751   3.189180     1.9828     2.3849      7.955    -0.5002    10.0571 1.0715e-01    -0.1099   102.7858     6.3510     6.5935    34.3860    34.3844    27.3185    27.3177    7.32995 0.0000e+00
       3543     84.995     3.7946     3.7893   3.189545   3.188968     1.9824     2.3857      7.953    -0.4798    10.0571 1.0715e-01    -0.1092   102.7677     6.3504     6.5987    34.3860    34.3846    27.3187    27.3181    7.33037 0.0000e+00
       3546     85.078     3.7931     3.7874   3.189451   3.188863     1.9816     2.3837      7.955    -0.5002    10.0177 1.0715e-01    -0.1089   102.7587     6.3490     6.5970    34.3863    34.3853    27.3191    27.3189    7.33061 0.0000e+00
       3549     85.156     3.7927     3.7865   3.189443   3.188776     1.9804     2.3825      7.955    -0.4798    10.0177 1.0715e-01    -0.1085   102.7496     6.3471     6.5978    34.3866    34.3851    27.3194    27.3188    7.33068 0.0000e+00
       3552     85.231     3.7926     3.7862   3.189419   3.188808     1.9804     2.3825      7.955    -0.4900    10.0177 1.0715e-01    -0.1089   102.7587     6.3516     6.6028    34.3864    34.3859    27.3192    27.3194    7.33070 0.0000e+00
       3555     85.306     3.7923     3.7863   3.189450   3.188846     1.9792     2.3812      7.955    -0.5002    47.2464 1.0715e-01    -0.1089   102.7587     6.3515     6.6018    34.3870    34.3862    27.3197    27.3197    7.33072 0.0000e+00
       3558     85.382     3.7922     3.7865   3.189488   3.188861     1.9792     2.3812      7.953    -0.4798   455.4992 1.0715e-01    -0.1089   102.7587     6.3550     6.6035    34.3876    34.3861    27.3202    27.3196    7.33072 0.0000e+00
       3561     85.457     3.7915     3.7864   3.189454   3.188870     1.9792     2.3796      7.952    -0.4900   481.5948 1.0715e-01    -0.1089   102.7587     6.3544     6.6000    34.3878    34.3862    27.3204    27.3197    7.33083 0.0000e+00
       3564     85.531     3.7907     3.7857   3.189379   3.188853     1.9775     2.3792      7.955    -0.4900   481.2000 1.0715e-01    -0.1074   102.7225     6.3476     6.5984    34.3878    34.3868    27.3205    27.3202    7.33099 0.0000e+00
       3567     85.607     3.7892     3.7846   3.189287   3.188718     1.9767     2.3784      7.953    -0.4798   481.3579 1.0715e-01    -0.1067   102.7044     6.3453     6.5982    34.3882    34.3862    27.3210    27.3199    7.33123 0.0000e+00
       3570     85.687     3.7880     3.7833   3.189151   3.188625     1.9767     2.3784      7.952    -0.4900   481.3579 1.0715e-01    -0.1067   102.7044     6.3471     6.6035    34.3878    34.3864    27.3207    27.3202    7.33146 0.0000e+00
       3573     85.764     3.7862     3.7817   3.188992   3.188508     1.9767     2.3784      7.953    -0.4798   481.3579 1.0715e-01    -0.1067   102.7044     6.3484     6.6060    34.3878    34.3867    27.3209    27.3205    7.33180 0.0000e+00
       3576     85.843     3.7844     3.7791   3.188782   3.188237     1.9759     2.3772      7.952    -0.5002   481.3579 1.0715e-01    -0.1071   102.7134     6.3471     6.6035    34.3871    34.3861    27.3206    27.3204    7.33215 0.0000e+00
       3579     85.925     3.7816     3.7766   3.188562   3.188024     1.9755     2.3760      7.950    -0.5104   481.3579 1.0715e-01    -0.1067   102.7044     6.3479     6.6026    34.3873    34.3862    27.3211    27.3207    7.33265 0.0000e+00
       3582     86.009     3.7804     3.7751   3.188453   3.187910     1.9747     2.3760      7.953    -0.5308   340.4967 1.0715e-01    -0.1071   102.7134     6.3462     6.6070    34.3873    34.3863    27.3212    27.3209    7.33288 0.0000e+00
       3585     86.095     3.7790     3.7737   3.188389   3.187839     1.9743     2.3756      7.953    -0.5104    -2.8130 1.0715e-01    -0.1074   102.7225     6.3473     6.6081    34.3879    34.3869    27.3218    27.3215    7.33309 0.0000e+00
       3588     86.181     3.7789     3.7731   3.188368   3.187762     1.9734     2.3747      7.952    -0.5206     2.0034 1.0715e-01    -0.1078   102.7315     6.3459     6.6060    34.3878    34.3867    27.3217    27.3214    7.33312 0.0000e+00
       3591     86.276     3.7780     3.7729   3.188353   3.187730     1.9730     2.3747      7.952    -0.5104     2.5562 1.0715e-01    -0.1078   102.7315     6.3448     6.6054    34.3885    34.3864    27.3223    27.3212    7.33324 0.0000e+00
       3594     86.377     3.7775     3.7727   3.188310   3.187750     1.9722     2.3747      7.950    -0.5104     2.5167 1.0715e-01    -0.1078   102.7315     6.3418     6.6056    34.3884    34.3868    27.3223    27.3215    7.33333 0.0000e+00
       3597     86.478     3.7772     3.7720   3.188285   3.187757     1.9730     2.3735      7.950    -0.5104     2.5167 1.0727e-01    -0.1082   102.7406     6.3484     6.6033    34.3884    34.3876    27.3224    27.3222    7.33340 0.0000e+00
       3600     86.585     3.7762     3.7714   3.188216   3.187673     1.9722     2.3735      7.950    -0.5104     2.5167 1.0715e-01    -0.1078   102.7315     6.3484     6.6074    34.3886    34.3871    27.3226    27.3219    7.33358 0.0000e+00
       3603     86.697     3.7754     3.7705   3.188183   3.187614     1.9718     2.3735      7.952    -0.5308     2.5167 1.0715e-01    -0.1078   102.7315     6.3521     6.6077    34.3889    34.3873    27.3229    27.3222    7.33369 0.0000e+00
       3606     86.808     3.7740     3.7691   3.188055   3.187513     1.9714     2.3735      7.950    -0.5002     2.5167 1.0715e-01    -0.1085   102.7496     6.3523     6.6079    34.3889    34.3875    27.3230    27.3225    7.33396 0.0000e+00
       3609     86.926     3.7718     3.7671   3.187900   3.187390     1.9706     2.3723      7.950    -0.4900     6.6225 1.0715e-01    -0.1082   102.7406     6.3503     6.6055    34.3893    34.3880    27.3236    27.3231    7.33434 0.0000e+00
       3612     87.044     3.7701     3.7652   3.187771   3.187245     1.9706     2.3715      7.950    -0.4900     9.7808 1.0715e-01    -0.1089   102.7587     6.3527     6.6026    34.3895    34.3884    27.3239    27.3235    7.33463 0.0000e+00
       3615     87.164     3.7689     3.7639   3.187687   3.187120     1.9702     2.3711      7.950    -0.4900     9.7018 1.0715e-01    -0.1089   102.7587     6.3504     6.6008    34.3896    34.3881    27.3241    27.3234    7.33484 0.0000e+00
       3618     87.283     3.7673     3.7627   3.187596   3.187007     1.9702     2.3707      7.950    -0.4900     9.6229 1.0715e-01    -0.1082   102.7406     6.3497     6.6010    34.3901    34.3880    27.3247    27.3234    7.33510 0.0000e+00
       3621     87.404     3.7662     3.7614   3.187502   3.186955     1.9698     2.3711      7.950    -0.4900     9.6624 1.0715e-01    -0.1085   102.7496     6.3471     6.6052    34.3901    34.3886    27.3248    27.3241    7.33530 0.0000e+00
       3624     87.523     3.7650     3.7602   3.187415   3.186898     1.9698     2.3711      7.950    -0.4900     9.7018 1.0715e-01    -0.1074   102.7225     6.3486     6.6044    34.3903    34.3891    27.3251    27.3246    7.33552 0.0000e+00
       3627     87.642     3.7643     3.7591   3.187362   3.186816     1.9698     2.3698      7.950    -0.5002     9.6229 1.0727e-01    -0.1082   102.7406     6.3488     6.6004    34.3903    34.3892    27.3251    27.3248    7.33563 0.0000e+00
       3630     87.760     3.7635     3.7581   3.187292   3.186747     1.9686     2.3698      7.950    -0.4900     9.6624 1.0715e-01    -0.1078   102.7315     6.3458     6.6028    34.3903    34.3894    27.3252    27.3251    7.33579 0.0000e+00
       3633     87.878     3.7627     3.7574   3.187247   3.186654     1.9690     2.3698      7.950    -0.5409     9.6624 1.0715e-01    -0.1082   102.7406     6.3470     6.6074    34.3905    34.3890    27.3255    27.3248    7.33593 0.0000e+00
       3636     87.995     3.7623     3.7572   3.187235   3.186632     1.9682     2.3686      7.950    -0.5511   404.1369 1.0715e-01    -0.1082   102.7406     6.3432     6.6039    34.3907    34.3889    27.3257    27.3247    7.33598 0.0000e+00
       3639     88.110     3.7619     3.7571   3.187220   3.186659     1.9673     2.3686      7.950    -0.5511   481.8712 1.0715e-01    -0.1078   102.7315     6.3402     6.6043    34.3909    34.3892    27.3259    27.3250    7.33605 0.0000e+00
       3642     88.223     3.7617     3.7567   3.187180   3.186683     1.9673     2.3690      7.950    -0.5511   481.0816 1.0715e-01    -0.1078   102.7315     6.3403     6.6056    34.3906    34.3899    27.3257    27.3256    7.33610 0.0000e+00
       3645     88.334     3.7607     3.7561   3.187148   3.186619     1.9673     2.3686      7.950    -0.5409   481.3579 1.0715e-01    -0.1074   102.7225     6.3420     6.6044    34.3912    34.3897    27.3263    27.3255    7.33626 0.0000e+00
       3648     88.447     3.7601     3.7552   3.187088   3.186553     1.9669     2.3674      7.950    -0.5409   481.3579 1.0715e-01    -0.1078   102.7315     6.3382     6.6034    34.3910    34.3899    27.3262    27.3257    7.33637 0.0000e+00
       3651     88.552     3.7597     3.7546   3.187075   3.186500     1.9665     2.3674      7.950    -0.5409   481.3579 1.0715e-01    -0.1078   102.7315     6.3381     6.6045    34.3912    34.3897    27.3263    27.3257    7.33643 0.0000e+00
       3654     88.657     3.7592     3.7541   3.187025   3.186452     1.9669     2.3678      7.950    -0.5613   481.3579 1.0715e-01    -0.1078   102.7315     6.3411     6.6052    34.3911    34.3896    27.3263    27.3256    7.33653 0.0000e+00
       3657     88.762     3.7582     3.7537   3.186965   3.186401     1.9657     2.3682      7.950    -0.5511   481.3579 1.0715e-01    -0.1078   102.7315     6.3351     6.6087    34.3914    34.3895    27.3266    27.3256    7.33669 0.0000e+00
       3660     88.863     3.7578     3.7531   3.186929   3.186365     1.9661     2.3666      7.950    -0.5511   414.3225 1.0715e-01    -0.1078   102.7315     6.3379     6.6047    34.3913    34.3895    27.3266    27.3256    7.33676 0.0000e+00
       3663     88.967     3.7571     3.7524   3.186907   3.186334     1.9657     2.3670      7.950    -0.5613    11.7548 1.0715e-01    -0.1074   102.7225     6.3378     6.6052    34.3917    34.3899    27.3270    27.3260    7.33687 0.0000e+00
       3666     89.071     3.7569     3.7515   3.186844   3.186320     1.9657     2.3666      7.950    -0.5409     4.0564 1.0715e-01    -0.1078   102.7315     6.3374     6.6045    34.3911    34.3905    27.3266    27.3267    7.33694 0.0000e+00
