Datasets/AZMP/TEL210/tel210_2020_141.cnv
* Sea-Bird SBE 9 Data File:
* FileName = C:\CTDDATA\tel210_2020_141.hex
* Software Version Seasave V 7.26.7.110
* Temperature SN = 1697
* Conductivity SN = 4216
* Number of Bytes Per Scan = 30
* Number of Voltage Words = 4
* Number of Scans Averaged by the Deck Unit = 1
* NMEA baud rate = 4800
** VESSEL/TRIP/SEQ STN:  TEL210_2020_141
** LATITUDE XX XX.XX: 47 44.40 N
** LONGITUDE XX XX.XX: 051 39.00 W
** SOUNDING DEPTH (M): 0160
** PROBE TYPE: S1146
** CTD NUMBER: 082
** COMMENTS (14 CHAR): S27-05
** BOTTLES:  10
** LEVELS: 5,10,20,30,40,50,75,100,150,BTM
** STICKERS: 436368 - 436377
** VNET: Y
** DO2: N
# nquan = 22
# nvalues = 3353                        
# units = specified
# name 0 = scan: Scan Count
# name 1 = prDM: Pressure, Digiquartz [db]
# name 2 = t090C: Temperature [ITS-90, deg C]
# name 3 = t190C: Temperature, 2 [ITS-90, deg C]
# name 4 = c0S/m: Conductivity [S/m]
# name 5 = c1S/m: Conductivity, 2 [S/m]
# name 6 = sbeox0V: Oxygen raw, SBE 43 [V]
# name 7 = sbeox1V: Oxygen raw, SBE 43, 2 [V]
# name 8 = ph: pH
# name 9 = flECO-AFL: Fluorescence, WET Labs ECO-AFL/FL [mg/m^3]
# name 10 = wetCDOM: Fluorescence, WET Labs CDOM [mg/m^3]
# name 11 = par/sat/log: PAR/Logarithmic, Satlantic [umol photons/m^2/sec]
# name 12 = CStarAt0: Beam Attenuation, WET Labs C-Star [1/m]
# name 13 = CStarTr0: Beam Transmission, WET Labs C-Star [%]
# name 14 = sbeox0ML/L: Oxygen, SBE 43 [ml/l], WS = 2
# name 15 = sbeox1ML/L: Oxygen, SBE 43, 2 [ml/l], WS = 2
# name 16 = sal00: Salinity, Practical [PSU]
# name 17 = sal11: Salinity, Practical, 2 [PSU]
# name 18 = sigma-t00: Density [sigma-t, kg/m^3 ]
# name 19 = sigma-t11: Density, 2 [sigma-t, kg/m^3 ]
# name 20 = oxsatML/L: Oxygen Saturation, Weiss [ml/l]
# name 21 = flag: flag
# span 0 =         30,      37452       
# span 1 =      0.383,    158.500       
# span 2 =    -1.5640,    13.3881       
# span 3 =    -1.5699,    13.3838       
# span 4 =   2.606735,   3.766641       
# span 5 =   2.606162,   3.765900       
# span 6 =     1.7015,     2.4824       
# span 7 =     2.0263,     2.9860       
# span 8 =      7.764,      8.201       
# span 9 =     0.6770,     2.8040       
# span 10 =    -2.8130,   482.1870      
# span 11 = 1.0678e-01, 6.2989e-01      
# span 12 =    -0.1477,     0.3329      
# span 13 =    92.0154,   103.7624      
# span 14 =     5.8620,     8.6294      
# span 15 =     6.0573,     9.0300      
# span 16 =    30.6970,    33.5849      
# span 17 =    30.9930,    33.5868      
# span 18 =    22.9886,    26.9443      
# span 19 =    23.2181,    26.9483      
# span 20 =    6.00504,    8.52515      
# span 21 = 0.0000e+00, 0.0000e+00      
# interval = scans: 3                   
# start_time = Jul 30 2020 23:34:04 [System UTC, header]
# bad_flag = -9.990e-29
*END*
[from data line 1647]
       8050    154.586     0.3468     0.3409   2.832051   2.831553     1.7031     2.0279      7.773     0.7934     2.7535 1.0715e-01     0.2531    93.8692     5.8653     6.0647    33.5745    33.5744    26.9375    26.9377    8.04938 0.0000e+00
       8053    154.466     0.3466     0.3406   2.831997   2.831491     1.7023     2.0279      7.773     0.7934     2.7535 1.0715e-01     0.2542    93.8421     5.8628     6.0662    33.5741    33.5740    26.9372    26.9374    8.04944 0.0000e+00
       8056    154.346     0.3461     0.3402   2.831959   2.831518     1.7019     2.0267      7.773     0.7828     2.7535 1.0715e-01     0.2539    93.8512     5.8627     6.0654    33.5742    33.5749    26.9373    26.9382    8.04954 0.0000e+00
       8059    154.228     0.3460     0.3403   2.831998   2.831472     1.7019     2.0275      7.773     0.7934     2.7535 1.0715e-01     0.2546    93.8331     5.8638     6.0723    33.5749    33.5742    26.9379    26.9376    8.04953 0.0000e+00
       8062    154.103     0.3461     0.3403   2.831982   2.831479     1.7015     2.0279      7.773     0.7828     2.7535 1.0715e-01     0.2546    93.8331     5.8620     6.0745    33.5746    33.5744    26.9376    26.9378    8.04952 0.0000e+00
       8065    153.977     0.3458     0.3403   2.831926   2.831479     1.7019     2.0279      7.773     0.7616     2.7535 1.0715e-01     0.2542    93.8421     5.8638     6.0741    33.5744    33.5744    26.9374    26.9378    8.04961 0.0000e+00
       8068    153.854     0.3452     0.3401   2.831862   2.831430     1.7019     2.0279      7.773     0.7616     2.6746 1.0703e-01     0.2542    93.8421     5.8646     6.0765    33.5742    33.5741    26.9373    26.9376    8.04973 0.0000e+00
       8071    153.737     0.3445     0.3396   2.831775   2.831360     1.7027     2.0279      7.773     0.7616     0.6217 1.0715e-01     0.2546    93.8331     5.8716     6.0793    33.5739    33.5739    26.9371    26.9374    8.04989 0.0000e+00
       8074    153.615     0.3440     0.3394   2.831735   2.831296     1.7023     2.0279      7.773     0.7616     0.4637 1.0715e-01     0.2535    93.8602     5.8728     6.0812    33.5740    33.5733    26.9372    26.9369    8.05000 0.0000e+00
       8077    153.496     0.3436     0.3367   2.831641   2.830543     1.7031     2.0279      7.773     0.7616     0.5032 1.0715e-01     0.2523    93.8873     5.8773     6.0830    33.5733    33.5664    26.9367    26.9315    8.05013 0.0000e+00
       8080    153.379     0.3402     0.3282   2.830978   2.829332     1.7027     2.0279      7.773     0.7616     0.5032 1.0703e-01     0.2527    93.8783     5.8765     6.0855    33.5684    33.5599    26.9329    26.9267    8.05112 0.0000e+00
       8083    153.266     0.3313     0.3177   2.829773   2.828246     1.7027     2.0287      7.773     0.7722     0.5032 1.0715e-01     0.2535    93.8602     5.8819     6.0895    33.5624    33.5572    26.9285    26.9251    8.05334 0.0000e+00
       8086    153.151     0.3195     0.3105   2.828454   2.827671     1.7023     2.0279      7.773     0.7722     0.5032 1.0715e-01     0.2535    93.8602     5.8809     6.0880    33.5581    33.5576    26.9257    26.9258    8.05610 0.0000e+00
       8089    153.035     0.3092     0.3027   2.827528   2.826646     1.7023     2.0287      7.773     0.7934     0.4637 1.0715e-01     0.2531    93.8692     5.8811     6.0927    33.5572    33.5528    26.9256    26.9223    8.05833 0.0000e+00
       8092    152.917     0.3030     0.2943   2.826902   2.826012     1.7019     2.0287      7.773     0.7828     0.5032 1.0703e-01     0.2531    93.8692     5.8787     6.0937    33.5559    33.5537    26.9248    26.9235    8.05973 0.0000e+00
       8095    152.800     0.2970     0.2894   2.826329   2.825552     1.7027     2.0291      7.773     0.7828     0.7006 1.0715e-01     0.2515    93.9054     5.8845     6.0956    33.5549    33.5531    26.9244    26.9233    8.06106 0.0000e+00
       8098    152.687     0.2935     0.2855   2.826016   2.825246     1.7019     2.0291      7.773     0.8040     1.4507 1.0703e-01     0.2523    93.8873     5.8827     6.0978    33.5547    33.5534    26.9244    26.9237    8.06182 0.0000e+00
       8101    152.572     0.2903     0.2835   2.825694   2.825060     1.7019     2.0287      7.773     0.7934     1.4507 1.0715e-01     0.2523    93.8873     5.8882     6.0958    33.5541    33.5531    26.9240    26.9237    8.06254 0.0000e+00
       8104    152.456     0.2874     0.2816   2.825342   2.824884     1.7027     2.0291      7.773     0.7828     1.4507 1.0703e-01     0.2523    93.8873     5.8978     6.0978    33.5527    33.5530    26.9231    26.9236    8.06324 0.0000e+00
       8107    152.341     0.2843     0.2802   2.824989   2.824728     1.7040     2.0295      7.773     0.7934     1.4507 1.0703e-01     0.2523    93.8873     5.9077     6.1013    33.5515    33.5526    26.9223    26.9234    8.06397 0.0000e+00
       8110    152.225     0.2818     0.2784   2.824779   2.824522     1.7023     2.0291      7.774     0.7934     1.4507 1.0703e-01     0.2523    93.8873     5.9035     6.1005    33.5515    33.5519    26.9224    26.9229    8.06448 0.0000e+00
       8113    152.107     0.2805     0.2770   2.824710   2.824380     1.7031     2.0291      7.774     0.7934     1.4507 1.0703e-01     0.2511    93.9144     5.9100     6.0985    33.5521    33.5516    26.9230    26.9228    8.06473 0.0000e+00
       8116    151.989     0.2804     0.2764   2.824653   2.824403     1.7027     2.0291      7.774     0.8040     1.4507 1.0715e-01     0.2477    93.9958     5.9095     6.1015    33.5516    33.5527    26.9226    26.9237    8.06479 0.0000e+00
       8119    151.871     0.2807     0.2764   2.824750   2.824535     1.7031     2.0295      7.774     0.8040     1.4507 1.0715e-01     0.2477    93.9958     5.9108     6.1067    33.5526    33.5545    26.9234    26.9251    8.06467 0.0000e+00
       8122    151.756     0.2833     0.2792   2.825029   2.824789     1.7035     2.0303      7.773     0.8040     1.6876 1.0715e-01     0.2477    93.9958     5.9119     6.1100    33.5535    33.5548    26.9240    26.9252    8.06407 0.0000e+00
       8125    151.642     0.2830     0.2775   2.824682   2.824217     1.7044     2.0295      7.774     0.8040     1.9245 1.0715e-01     0.2477    93.9958     5.9138     6.1096    33.5493    33.5492    26.9206    26.9208    8.06436 0.0000e+00
       8128    151.525     0.2789     0.2757   2.824456   2.824163     1.7040     2.0303      7.774     0.7934     1.9245 1.0703e-01     0.2477    93.9958     5.9106     6.1155    33.5509    33.5506    26.9221    26.9220    8.06515 0.0000e+00
       8131    151.406     0.2801     0.2758   2.824683   2.824444     1.7035     2.0307      7.774     0.7934     1.9245 1.0715e-01     0.2477    93.9958     5.9110     6.1170    33.5527    33.5542    26.9235    26.9250    8.06480 0.0000e+00
       8134    151.290     0.2833     0.2780   2.825049   2.824633     1.7048     2.0303      7.773     0.7828     1.9245 1.0715e-01     0.2419    94.1315     5.9176     6.1145    33.5540    33.5544    26.9244    26.9249    8.06404 0.0000e+00
       8137    151.179     0.2817     0.2771   2.824501   2.824043     1.7048     2.0299      7.774     0.7934     1.9245 1.0703e-01     0.2369    94.2490     5.9163     6.1128    33.5486    33.5477    26.9201    26.9196    8.06467 0.0000e+00
       8140    151.071     0.2735     0.2693   2.823382   2.822835     1.7044     2.0324      7.774     0.8040     1.9245 1.0715e-01     0.2373    94.2400     5.9148     6.1243    33.5429    33.5404    26.9160    26.9141    8.06673 0.0000e+00
       8143    150.967     0.2658     0.2612   2.822633   2.822431     1.7044     2.0312      7.774     0.7934     1.9245 1.0715e-01     0.2373    94.2400     5.9165     6.1196    33.5416    33.5440    26.9153    26.9175    8.06845 0.0000e+00
       8146    150.869     0.2627     0.2589   2.822552   2.822180     1.7044     2.0312      7.774     0.7934     1.9245 1.0703e-01     0.2373    94.2400     5.9155     6.1201    33.5440    33.5433    26.9174    26.9170    8.06899 0.0000e+00
       8149    150.778     0.2572     0.2522   2.821688   2.821175     1.7048     2.0324      7.774     0.7934     2.7535 1.0715e-01     0.2373    94.2400     5.9209     6.1255    33.5388    33.5375    26.9135    26.9127    8.07046 0.0000e+00
       8152    150.689     0.2492     0.2478   2.820824   2.821157     1.7052     2.0320      7.774     0.7934     2.9904 1.0715e-01     0.2373    94.2400     5.9266     6.1226    33.5362    33.5421    26.9118    26.9166    8.07231 0.0000e+00
       8155    150.604     0.2413     0.2457   2.819931   2.820583     1.7052     2.0316      7.774     0.8040     2.9904 1.0715e-01     0.2277    94.4661     5.9269     6.1206    33.5332    33.5369    26.9098    26.9126    8.07417 0.0000e+00
       8158    150.522     0.2337     0.2372   2.819064   2.819282     1.7052     2.0316      7.774     0.8040     2.9904 1.0715e-01     0.2258    94.5113     5.9269     6.1233    33.5301    33.5291    26.9077    26.9067    8.07595 0.0000e+00
       8161    150.443     0.2258     0.2342   2.818138   2.820250     1.7056     2.0324      7.774     0.7934     2.9904 1.0715e-01     0.2258    94.5113     5.9302     6.1229    33.5266    33.5452    26.9053    26.9199    8.07784 0.0000e+00
       8164    150.376     0.2199     0.2385   2.817777   2.819560     1.7056     2.0328      7.774     0.7828     2.9904 1.0715e-01     0.2262    94.5023     5.9313     6.1228    33.5284    33.5314    26.9070    26.9085    8.07901 0.0000e+00
       8167    150.320     0.2163     0.2258   2.817340   2.817352     1.7064     2.0328      7.774     0.7616     2.9904 1.0715e-01     0.2258    94.5113     5.9342     6.1274    33.5265    33.5163    26.9057    26.8970    8.07987 0.0000e+00
       8170    150.275     0.2129     0.2103   2.817596   2.816287     1.7060     2.0328      7.774     0.7616     2.9904 1.0715e-01     0.2258    94.5113     5.9313     6.1279    33.5336    33.5193    26.9117    26.9002    8.08020 0.0000e+00
       8173    150.236     0.2214     0.2041   2.819056   2.816399     1.7068     2.0328      7.774     0.7828     2.7141 1.0703e-01     0.2262    94.5023     5.9339     6.1275    33.5436    33.5276    26.9192    26.9073    8.07784 0.0000e+00
       8176    150.208     0.2311     0.2164   2.820146   2.819554     1.7064     2.0328      7.774     0.7616     0.3058 1.0715e-01     0.2197    94.6560     5.9277     6.1256    33.5473    33.5556    26.9217    26.9292    8.07556 0.0000e+00
       8179    150.186     0.2490     0.2427   2.823226   2.823677     1.7064     2.0332      7.774     0.7616     0.2664 1.0703e-01     0.2193    94.6651     5.9216     6.1208    33.5682    33.5810    26.9376    26.9483    8.07058 0.0000e+00
       8304    150.163     0.1940     0.2091   2.815102   2.815785     1.7084     2.0352      7.777     0.7934     4.7275 1.0715e-01     0.1688    95.8678     5.9371     6.1408    33.5215    33.5141    26.9029    26.8961    8.08492 0.0000e+00
       8416    150.099     0.1848     0.1908   2.813533   2.814838     1.7092     2.0368      7.779     0.7934     2.7536 1.0715e-01     0.1572    96.1481     5.9413     6.1392    33.5110    33.5217    26.8949    26.9032    8.08747 0.0000e+00
       8633    150.022     0.1678     0.1740   2.812330   2.812954     1.7113     2.0397      7.779     0.7828     4.0564 1.0715e-01     0.1339    96.7088     5.9420     6.1472    33.5138    33.5153    26.8980    26.8989    8.09097 0.0000e+00
       8636    149.999     0.1682     0.1738   2.812209   2.813029     1.7109     2.0397      7.779     0.7828     4.0564 1.0715e-01     0.1343    96.6998     5.9438     6.1496    33.5118    33.5165    26.8964    26.8999    8.09100 0.0000e+00
       8639    149.975     0.1681     0.1749   2.812040   2.813095     1.7109     2.0385      7.779     0.7722     4.0564 1.0715e-01     0.1384    96.6003     5.9488     6.1423    33.5097    33.5161    26.8947    26.8995    8.09113 0.0000e+00
       8642    149.952     0.1661     0.1724   2.811860   2.812744     1.7113     2.0389      7.779     0.7616     4.0564 1.0715e-01     0.1421    96.5099     5.9545     6.1435    33.5095    33.5143    26.8947    26.8982    8.09157 0.0000e+00
       8645    149.928     0.1650     0.1687   2.811770   2.812427     1.7101     2.0389      7.779     0.7616     2.9115 1.0715e-01     0.1417    96.5189     5.9517     6.1437    33.5096    33.5142    26.8948    26.8983    8.09181 0.0000e+00
       8739    149.903     0.1617     0.1609   2.811411   2.811556     1.7109     2.0385      7.779     0.7934     1.7271 1.0715e-01     0.1316    96.7631     5.9544     6.1423    33.5085    33.5112    26.8940    26.8963    8.09258 0.0000e+00
       8787    149.854     0.1577     0.1600   2.810771   2.811590     1.7117     2.0377      7.779     0.7828     2.1614 1.0715e-01     0.1264    96.8897     5.9556     6.1413    33.5045    33.5127    26.8910    26.8975    8.09366 0.0000e+00
       8790    149.803     0.1539     0.1617   2.810464   2.811660     1.7117     2.0385      7.779     0.7828     2.1614 1.0715e-01     0.1264    96.8897     5.9516     6.1449    33.5046    33.5119    26.8913    26.8967    8.09447 0.0000e+00
       8793    149.757     0.1512     0.1605   2.810272   2.811405     1.7117     2.0377      7.779     0.7934     2.1614 1.0715e-01     0.1267    96.8806     5.9516     6.1440    33.5051    33.5098    26.8918    26.8952    8.09502 0.0000e+00
       8796    149.718     0.1501     0.1590   2.810169   2.811261     1.7113     2.0381      7.779     0.7934     2.1614 1.0715e-01     0.1267    96.8806     5.9510     6.1427    33.5050    33.5096    26.8918    26.8950    8.09527 0.0000e+00
       8799    149.683     0.1484     0.1578   2.809877   2.811071     1.7117     2.0377      7.779     0.8040     2.1614 1.0715e-01     0.1267    96.8806     5.9544     6.1398    33.5029    33.5084    26.8903    26.8942    8.09574 0.0000e+00
       9003    149.659     0.1406     0.1461   2.809041   2.809794     1.7125     2.0393      7.779     0.7828     1.2139 1.0715e-01     0.1249    96.9258     5.9583     6.1529    33.5005    33.5044    26.8887    26.8916    8.09755 0.0000e+00
       9408    149.623     0.1298     0.1232   2.807980   2.807296     1.7146     2.0426      7.779     0.7722    -0.7206 1.0715e-01     0.1170    97.1158     5.9659     6.1765    33.4983    33.4965    26.8875    26.8864    8.09999 0.0000e+00
       9411    149.583     0.1301     0.1244   2.808013   2.807638     1.7142     2.0422      7.779     0.7616    -0.6811 1.0715e-01     0.1159    97.1429     5.9615     6.1723    33.4984    33.4998    26.8875    26.8889    8.09991 0.0000e+00
       9414    149.547     0.1301     0.1254   2.808010   2.807764     1.7146     2.0426      7.779     0.7405    -0.7206 1.0715e-01     0.1159    97.1429     5.9634     6.1761    33.4985    33.5003    26.8876    26.8893    8.09992 0.0000e+00
       9417    149.517     0.1306     0.1261   2.808158   2.807759     1.7154     2.0418      7.779     0.7510    -0.7206 1.0715e-01     0.1159    97.1429     5.9700     6.1722    33.4999    33.4995    26.8887    26.8886    8.09974 0.0000e+00
      10608    149.495     0.1126     0.1070   2.805740   2.805262     1.7143     2.0439      7.782     0.7722    -0.0100 1.0715e-01     0.1119    97.2423     5.9827     6.2107    33.4877    33.4876    26.8798    26.8800    8.10428 0.0000e+00
      11205    149.457     0.1012     0.0945   2.804415   2.803768     1.7147     2.0451      7.784     0.7510     0.3453 1.0715e-01     0.1041    97.4322     5.9971     6.2317    33.4828    33.4815    26.8764    26.8758    8.10701 0.0000e+00
