Datasets/AZMP/TEL210/tel210_2020_027.cnv
* Sea-Bird SBE 9 Data File:
* FileName = C:\CTDDATA\tel210_2020_027.hex
* Software Version Seasave V 7.26.7.110
* Temperature SN = 1697
* Conductivity SN = 4216
* Number of Bytes Per Scan = 30
* Number of Voltage Words = 4
* Number of Scans Averaged by the Deck Unit = 1
* NMEA baud rate = 4800
** VESSEL/TRIP/SEQ STN:  tel210_2020_027
** LATITUDE XX XX.XX: 47 00.00 N
** LONGITUDE XX XX.XX: 044 59.30 W
** SOUNDING DEPTH (M): 0151
** PROBE TYPE: S1146
** CTD NUMBER: 026
** COMMENTS (14 CHAR): FC-25
** BOTTLES:  0
** LEVELS:
** STICKERS:
** VNET: N
** DO2: N
# nquan = 22
# nvalues = 3169                        
# units = specified
# name 0 = scan: Scan Count
# name 1 = prDM: Pressure, Digiquartz [db]
# name 2 = t090C: Temperature [ITS-90, deg C]
# name 3 = t190C: Temperature, 2 [ITS-90, deg C]
# name 4 = c0S/m: Conductivity [S/m]
# name 5 = c1S/m: Conductivity, 2 [S/m]
# name 6 = sbeox0V: Oxygen raw, SBE 43 [V]
# name 7 = sbeox1V: Oxygen raw, SBE 43, 2 [V]
# name 8 = ph: pH
# name 9 = flECO-AFL: Fluorescence, WET Labs ECO-AFL/FL [mg/m^3]
# name 10 = wetCDOM: Fluorescence, WET Labs CDOM [mg/m^3]
# name 11 = par/sat/log: PAR/Logarithmic, Satlantic [umol photons/m^2/sec]
# name 12 = CStarAt0: Beam Attenuation, WET Labs C-Star [1/m]
# name 13 = CStarTr0: Beam Transmission, WET Labs C-Star [%]
# name 14 = sbeox0ML/L: Oxygen, SBE 43 [ml/l], WS = 2
# name 15 = sbeox1ML/L: Oxygen, SBE 43, 2 [ml/l], WS = 2
# name 16 = sal00: Salinity, Practical [PSU]
# name 17 = sal11: Salinity, Practical, 2 [PSU]
# name 18 = sigma-t00: Density [sigma-t, kg/m^3 ]
# name 19 = sigma-t11: Density, 2 [sigma-t, kg/m^3 ]
# name 20 = oxsatML/L: Oxygen Saturation, Weiss [ml/l]
# name 21 = flag: flag
# span 0 =         45,      11606       
# span 1 =      1.908,    148.662       
# span 2 =     3.7129,    11.4523       
# span 3 =     3.7075,    11.4423       
# span 4 =   3.184406,   3.740447       
# span 5 =   3.182275,   3.739583       
# span 6 =     1.9015,     2.4267       
# span 7 =     2.2881,     2.9482       
# span 8 =      7.931,      8.219       
# span 9 =    -0.6019,     6.8767       
# span 10 =    -2.8130,   482.1870      
# span 11 = 1.0592e-01, 2.9429e-01      
# span 12 =    -0.1162,     0.2170      
# span 13 =    94.7193,   102.9486      
# span 14 =     6.1290,     7.7441      
# span 15 =     6.3897,     8.1144      
# span 16 =    32.9597,    34.5156      
# span 17 =    32.9593,    34.5151      
# span 18 =    25.1058,    27.4267      
# span 19 =    25.1080,    27.4267      
# span 20 =    6.20125,    7.34424      
# span 21 = 0.0000e+00, 0.0000e+00      
# interval = scans: 3                   
# start_time = Jul 18 2020 03:11:20 [System UTC, header]
# bad_flag = -9.990e-29
*END*
[from data line 198]
       1500     17.903     8.6905     8.7435   3.542079   3.545150     2.3427     2.8291      8.192     0.5783     0.2664 1.0715e-01     0.0804    98.0110     7.1872     7.4696    33.4781    33.4603    25.9748    25.9526    6.56870 0.0000e+00
       1503     18.001     8.6852     8.6720   3.543364   3.542250     2.3435     2.8340      8.194     0.5783     0.2664 1.0715e-01     0.0844    97.9115     7.1863     7.4973    33.4967    33.4975    25.9901    25.9928    6.56871 0.0000e+00
       1506     18.092     8.6701     8.6232   3.541306   3.536440     2.3464     2.8364      8.195     0.5681     0.2664 1.0715e-01     0.0881    97.8211     7.1946     7.5155    33.4893    33.4826    25.9866    25.9886    6.57126 0.0000e+00
       1509     18.184     8.6383     8.5912   3.539391   3.534004     2.3476     2.8396      8.197     0.5681     0.2664 1.0715e-01     0.0881    97.8211     7.2005     7.5307    33.4992    33.4872    25.9993    25.9972    6.57556 0.0000e+00
       1512     18.278     8.5295     8.5274   3.527127   3.527985     2.3500     2.8425      8.197     0.6801     0.2664 1.0715e-01     0.0881    97.8211     7.2247     7.5480    33.4732    33.4843    25.9956    26.0046    6.59289 0.0000e+00
       1515     18.370     8.4190     8.4519   3.519182   3.524562     2.3521     2.8458      8.199     0.7513   369.0401 1.0715e-01     0.0881    97.8211     7.2458     7.5645    33.4942    33.5199    26.0289    26.0440    6.60852 0.0000e+00
       1518     18.464     8.3807     8.4570   3.517697   3.523340     2.3537     2.8498      8.203     0.7513   482.0291 1.0715e-01     0.0881    97.8211     7.2525     7.5729    33.5149    33.5020    26.0509    26.0292    6.61339 0.0000e+00
       1521     18.557     8.3585     8.3455   3.515870   3.514333     2.3557     2.8527      8.203     0.7412   481.0816 1.0703e-01     0.0881    97.8211     7.2559     7.5972    33.5167    33.5128    26.0556    26.0545    6.61665 0.0000e+00
       1524     18.648     8.3463     8.3402   3.515354   3.513934     2.3574     2.8551      8.203     0.7513   481.3579 1.0715e-01     0.0940    97.6764     7.2578     7.5992    33.5228    33.5136    26.0623    26.0559    6.61823 0.0000e+00
       1527     18.739     8.3372     8.2543   3.513218   3.508491     2.3586     2.8592      8.203     0.7310   481.3579 1.0703e-01     0.0959    97.6312     7.2572     7.6199    33.5088    33.5377    26.0527    26.0877    6.62019 0.0000e+00
       1530     18.839     8.3174     8.3261   3.512175   3.516026     2.3602     2.8616      8.203     0.7513   481.3579 1.0703e-01     0.0959    97.6312     7.2601     7.6093    33.5166    33.5492    26.0617    26.0860    6.62284 0.0000e+00
       1533     18.940     8.3295     8.3385   3.512766   3.513678     2.3614     2.8637      8.203     0.7513   481.3579 1.0703e-01     0.0963    97.6222     7.2574     7.6120    33.5112    33.5124    26.0557    26.0552    6.62124 0.0000e+00
       1536     19.041     8.2903     8.2666   3.510027   3.509404     2.3630     2.8653      8.203     0.7513   481.3579 1.0703e-01     0.0963    97.6222     7.2642     7.6251    33.5195    33.5356    26.0681    26.0843    6.62679 0.0000e+00
       1539     19.146     8.2767     8.2717   3.509903   3.508707     2.3647     2.8673      8.206     1.0159   440.7735 1.0690e-01     0.0959    97.6312     7.2687     7.6267    33.5312    33.5232    26.0793    26.0737    6.62835 0.0000e+00
       1542     19.251     8.2212     8.1780   3.504797   3.501260     2.3651     2.8706      8.208     1.0769    29.7572 1.0703e-01     0.0966    97.6131     7.2774     7.6498    33.5299    33.5336    26.0865    26.0959    6.63678 0.0000e+00
       1545     19.359     8.2424     8.1661   3.507003   3.499853     2.3655     2.8722      8.206     1.0667    16.6107 1.0690e-01     0.1022    97.4774     7.2736     7.6546    33.5330    33.5299    26.0859    26.0947    6.63345 0.0000e+00
       1548     19.467     8.1694     8.0897   3.500321   3.494187     2.3663     2.8743      8.208     1.0871    17.0055 1.0703e-01     0.1026    97.4684     7.2875     7.6707    33.5316    33.5425    26.0956    26.1160    6.64454 0.0000e+00
       1551     19.573     8.2083     8.1098   3.503920   3.495757     2.3671     2.8767      8.208     1.0667    16.9660 1.0703e-01     0.1026    97.4684     7.2835     7.6697    33.5327    33.5400    26.0907    26.1111    6.63861 0.0000e+00
       1554     19.680     8.1599     8.0314   3.498204   3.487877     2.3692     2.8804      8.208     1.0871    16.9660 1.0690e-01     0.1026    97.4684     7.3008     7.6949    33.5181    33.5309    26.0865    26.1155    6.64657 0.0000e+00
       1557     19.790     8.0671     7.9800   3.492488   3.484689     2.3708     2.8828      8.209     1.0769    16.9660 1.0715e-01     0.1026    97.4684     7.3231     7.7094    33.5459    33.5462    26.1220    26.1350    6.65946 0.0000e+00
       1560     19.898     8.0232     7.9635   3.487404   3.483303     2.3712     2.8848      8.209     1.0871    16.9660 1.0703e-01     0.1026    97.4684     7.3336     7.7147    33.5336    33.5470    26.1188    26.1382    6.66667 0.0000e+00
       1563     20.003     7.9787     7.9361   3.484807   3.480879     2.3728     2.8865      8.209     1.0973    16.9660 1.0690e-01     0.1070    97.3599     7.3476     7.7205    33.5486    33.5474    26.1371    26.1425    6.67282 0.0000e+00
       1566     20.106     8.0005     7.9179   3.485982   3.479533     2.3740     2.8889      8.209     1.1990   155.7348 1.0703e-01     0.1223    96.9891     7.3510     7.7260    33.5401    33.5504    26.1273    26.1474    6.66985 0.0000e+00
       1569     20.211     7.9645     7.9149   3.483460   3.479452     2.3749     2.8901      8.209     1.1990   482.1870 1.0690e-01     0.1219    96.9982     7.3602     7.7250    33.5476    33.5524    26.1385    26.1495    6.67502 0.0000e+00
       1572     20.313     8.0013     7.8895   3.486856   3.476703     2.3761     2.8914      8.209     1.2092   481.0026 1.0703e-01     0.1215    97.0072     7.3562     7.7279    33.5486    33.5473    26.1339    26.1492    6.66936 0.0000e+00
       1575     20.411     7.9570     7.8525   3.482421   3.473795     2.3777     2.8930      8.209     1.1990   481.3184 1.0703e-01     0.1215    97.0072     7.3691     7.7319    33.5437    33.5516    26.1364    26.1579    6.67634 0.0000e+00
       1578     20.514     7.8596     7.8479   3.474051   3.474539     2.3785     2.8958      8.210     1.2092   481.3579 1.0703e-01     0.1215    97.0072     7.3868     7.7345    33.5475    33.5640    26.1537    26.1683    6.69109 0.0000e+00
       1581     20.614     7.7899     7.8348   3.470360   3.472407     2.3797     2.8971      8.210     1.1990   481.3579 1.0703e-01     0.1215    97.0072     7.3994     7.7377    33.5749    33.5537    26.1853    26.1622    6.70061 0.0000e+00
       1584     20.712     7.8074     7.7213   3.471472   3.463315     2.3806     2.8979      8.210     1.2092   481.3579 1.0690e-01     0.1249    96.9258     7.3961     7.7560    33.5700    33.5652    26.1789    26.1875    6.69814 0.0000e+00
       1587     20.805     7.8027     7.6487   3.469516   3.457464     2.3814     2.9003      8.210     1.2194   481.3579 1.0703e-01     0.1290    96.8263     7.3950     7.7714    33.5534    33.5722    26.1666    26.2035    6.69958 0.0000e+00
       1590     20.895     7.7207     7.5514   3.461734   3.449965     2.3830     2.9011      8.210     1.3109   481.3579 1.0715e-01     0.1294    96.8173     7.4099     7.7845    33.5487    33.5852    26.1747    26.2276    6.71242 0.0000e+00
       1593     20.987     7.6004     7.4929   3.452775   3.446289     2.3834     2.9023      8.212     1.5246   481.3579 1.0715e-01     0.1294    96.8173     7.4263     7.7928    33.5681    33.6019    26.2072    26.2491    6.73018 0.0000e+00
       1596     21.080     7.5303     7.4631   3.447671   3.444565     2.3842     2.9036      8.211     1.5043   481.3579 1.0703e-01     0.1287    96.8354     7.4351     7.7943    33.5807    33.6121    26.2271    26.2613    6.74051 0.0000e+00
       1599     21.169     7.5073     7.4590   3.447791   3.444827     2.3863     2.9044      8.214     1.5246   481.3579 1.0715e-01     0.1290    96.8263     7.4403     7.7881    33.6042    33.6189    26.2488    26.2672    6.74305 0.0000e+00
       1602     21.258     7.4937     7.5517   3.447301   3.452617     2.3855     2.9060      8.211     1.5144   481.3579 1.0715e-01     0.1290    96.8263     7.4344     7.7676    33.6120    33.6134    26.2569    26.2498    6.74483 0.0000e+00
       1605     21.344     7.4726     7.6033   3.446049   3.453811     2.3867     2.9064      8.214     1.5144   481.3579 1.0703e-01     0.1312    96.7721     7.4382     7.7538    33.6188    33.5763    26.2652    26.2132    6.74781 0.0000e+00
       1608     21.425     7.5010     7.5636   3.448037   3.452025     2.3867     2.9072      8.213     1.4941   481.3579 1.0690e-01     0.1320    96.7540     7.4285     7.7554    33.6128    33.5954    26.2565    26.2339    6.74366 0.0000e+00
       1611     21.512     7.5177     7.5143   3.449006   3.447221     2.3859     2.9072      8.211     1.5144   481.3579 1.0703e-01     0.1316    96.7631     7.4171     7.7576    33.6070    33.5911    26.2496    26.2375    6.74131 0.0000e+00
       1614     21.595     7.4657     7.4697   3.443573   3.444160     2.3863     2.9072      8.213     1.5246   481.3579 1.0703e-01     0.1316    96.7631     7.4240     7.7595    33.5986    33.6011    26.2503    26.2517    6.74977 0.0000e+00
       1617     21.679     7.4157     7.3713   3.440307   3.436634     2.3871     2.9084      8.211     1.6365   481.3579 1.0690e-01     0.1316    96.7631     7.4333     7.7761    33.6116    33.6149    26.2676    26.2764    6.75701 0.0000e+00
       1620     21.763     7.3662     7.3629   3.437127   3.437056     2.3879     2.9076      8.213     1.6976   481.3579 1.0703e-01     0.1320    96.7540     7.4423     7.7716    33.6251    33.6275    26.2851    26.2875    6.76415 0.0000e+00
       1623     21.845     7.3521     7.3221   3.436563   3.434300     2.3875     2.9084      8.212     1.6874   481.3579 1.0715e-01     0.1327    96.7360     7.4412     7.7787    33.6327    33.6372    26.2931    26.3008    6.76603 0.0000e+00
       1626     21.931     7.3568     7.3118   3.437044   3.433324     2.3883     2.9084      8.215     1.6874   481.3579 1.0678e-01     0.1463    96.4103     7.4436     7.7799    33.6333    33.6366    26.2929    26.3018    6.76527 0.0000e+00
       1629     22.019     7.3302     7.2641   3.434006   3.430802     2.3887     2.9084      8.212     1.6874   481.3579 1.0703e-01     0.1462    96.4104     7.4490     7.7906    33.6261    33.6555    26.2910    26.3233    6.76975 0.0000e+00
       1632     22.112     7.3349     7.2997   3.435269   3.432814     2.3887     2.9084      8.215     1.6772   481.3579 1.0690e-01     0.1462    96.4104     7.4484     7.7868    33.6352    33.6427    26.2975    26.3083    6.76862 0.0000e+00
       1635     22.204     7.2953     7.2644   3.430878   3.429804     2.3887     2.9084      8.212     1.6874   481.3579 1.0678e-01     0.1462    96.4104     7.4579     7.7969    33.6258    33.6442    26.2956    26.3144    6.77523 0.0000e+00
       1638     22.300     7.2021     7.1997   3.425053   3.423684     2.3887     2.9084      8.212     1.7078   481.3579 1.0703e-01     0.1462    96.4104     7.4746     7.8131    33.6531    33.6405    26.3300    26.3204    6.78869 0.0000e+00
       1641     22.399     7.2394     7.1485   3.428466   3.420814     2.3895     2.9097      8.214     1.6874   481.3579 1.0703e-01     0.1462    96.4104     7.4712     7.8310    33.6539    33.6591    26.3255    26.3422    6.78278 0.0000e+00
       1644     22.501     7.2413     7.1173   3.427876   3.418905     2.3895     2.9101      8.214     1.7586   414.7963 1.0703e-01     0.1485    96.3561     7.4716     7.8430    33.6456    33.6685    26.3187    26.3539    6.78285 0.0000e+00
       1647     22.606     7.2250     7.1841   3.426709   3.424575     2.3891     2.9101      8.214     1.7688    16.9660 1.0690e-01     0.1519    96.2747     7.4762     7.8339    33.6487    33.6653    26.3234    26.3422    6.78528 0.0000e+00
       1650     22.711     7.1932     7.1412   3.423971   3.419171     2.3899     2.9113      8.214     1.7586    15.6237 1.0678e-01     0.1519    96.2747     7.4901     7.8494    33.6498    33.6481    26.3287    26.3345    6.79024 0.0000e+00
       1653     22.818     7.1473     7.0524   3.420835   3.412786     2.3899     2.9121      8.214     1.7485    15.5843 1.0678e-01     0.1507    96.3019     7.5022     7.8711    33.6602    33.6649    26.3432    26.3600    6.79701 0.0000e+00
       1656     22.923     7.0958     7.0108   3.417242   3.410716     2.3903     2.9129      8.216     1.7688    15.5448 1.0690e-01     0.1515    96.2838     7.5152     7.8821    33.6712    33.6829    26.3590    26.3798    6.80467 0.0000e+00
       1659     23.029     6.9623     6.9490   3.406788   3.404423     2.3916     2.9133      8.213     1.7586    15.5448 1.0678e-01     0.1519    96.2747     7.5465     7.8972    33.6873    33.6743    26.3898    26.3814    6.82515 0.0000e+00
       1662     23.134     6.9524     6.8426   3.406337   3.397686     2.3920     2.9146      8.213     1.7586    15.5448 1.0690e-01     0.1515    96.2838     7.5497     7.9213    33.6919    33.7045    26.3948    26.4196    6.82650 0.0000e+00
       1665     23.236     6.9538     6.8170   3.404982   3.396120     2.3920     2.9158      8.213     1.7586    15.5448 1.0690e-01     0.1530    96.2476     7.5502     7.9298    33.6756    33.7124    26.3818    26.4292    6.82701 0.0000e+00
       1668     23.334     6.8012     6.7568   3.393495   3.391015     2.3924     2.9158      8.216     1.8095    15.5448 1.0690e-01     0.1541    96.2205     7.5793     7.9420    33.6989    33.7151    26.4208    26.4395    6.85033 0.0000e+00
       1671     23.429     6.7653     6.7118   3.392683   3.387740     2.3940     2.9166      8.214     2.0130   195.7666 1.0678e-01     0.1537    96.2295     7.5893     7.9540    33.7251    33.7233    26.4462    26.4519    6.85491 0.0000e+00
       1674     23.523     6.7547     6.6833   3.391801   3.385797     2.3952     2.9162      8.216     1.9927   482.1870 1.0715e-01     0.1537    96.2295     7.5927     7.9575    33.7258    33.7298    26.4482    26.4608    6.85658 0.0000e+00
       1677     23.616     6.8002     6.6663   3.395308   3.384480     2.3944     2.9174      8.217     2.0130   481.2395 1.0678e-01     0.1537    96.2295     7.5755     7.9643    33.7197    33.7319    26.4373    26.4648    6.84957 0.0000e+00
       1680     23.708     6.7410     6.6551   3.390014   3.383645     2.3944     2.9178      8.214     2.0028   481.3579 1.0678e-01     0.1534    96.2386     7.5812     7.9658    33.7195    33.7337    26.4450    26.4676    6.85907 0.0000e+00
       1683     23.796     6.7540     6.6404   3.390567   3.382085     2.3952     2.9186      8.214     1.9927   481.3579 1.0703e-01     0.1537    96.2295     7.5778     7.9693    33.7128    33.7309    26.4380    26.4674    6.85728 0.0000e+00
       1686     23.884     6.7194     6.5863   3.388032   3.377919     2.3948     2.9203      8.214     2.0130   481.3579 1.0715e-01     0.1515    96.2838     7.5782     7.9806    33.7188    33.7381    26.4473    26.4802    6.86256 0.0000e+00
       1689     23.971     6.6694     6.5593   3.384301   3.376720     2.3952     2.9203      8.219     2.0130   481.3579 1.0703e-01     0.1507    96.3019     7.5845     7.9825    33.7267    33.7514    26.4603    26.4943    6.87025 0.0000e+00
       1692     24.054     6.6595     6.5373   3.383925   3.374898     2.3948     2.9211      8.216     2.0028   481.3579 1.0690e-01     0.1507    96.3019     7.5788     7.9857    33.7323    33.7529    26.4660    26.4983    6.87160 0.0000e+00
