Datasets/AZMP/TEL210/tel210_2020_012.cnv
* Sea-Bird SBE 9 Data File:
* FileName = C:\CTDDATA\tel210_2020_012.hex
* Software Version Seasave V 7.26.7.110
* Temperature SN = 1697
* Conductivity SN = 4216
* Number of Bytes Per Scan = 30
* Number of Voltage Words = 4
* Number of Scans Averaged by the Deck Unit = 1
* NMEA baud rate = 4800
** VESSEL/TRIP/SEQ STN:  tel210_2020_012
** LATITUDE XX XX.XX: 47 00.00 N
** LONGITUDE XX XX.XX: 049 07.00 W
** SOUNDING DEPTH (M): 0082
** PROBE TYPE: S1146
** CTD NUMBER: 011
** COMMENTS (14 CHAR): FC-10
** BOTTLES:  7
** LEVELS: 5,10,20,30,40,50,BTM
** STICKERS: 435812 - 435818
** VNET: Y
** DO2: N
# nquan = 22
# nvalues = 1579                        
# units = specified
# name 0 = scan: Scan Count
# name 1 = prDM: Pressure, Digiquartz [db]
# name 2 = t090C: Temperature [ITS-90, deg C]
# name 3 = t190C: Temperature, 2 [ITS-90, deg C]
# name 4 = c0S/m: Conductivity [S/m]
# name 5 = c1S/m: Conductivity, 2 [S/m]
# name 6 = sbeox0V: Oxygen raw, SBE 43 [V]
# name 7 = sbeox1V: Oxygen raw, SBE 43, 2 [V]
# name 8 = ph: pH
# name 9 = flECO-AFL: Fluorescence, WET Labs ECO-AFL/FL [mg/m^3]
# name 10 = wetCDOM: Fluorescence, WET Labs CDOM [mg/m^3]
# name 11 = par/sat/log: PAR/Logarithmic, Satlantic [umol photons/m^2/sec]
# name 12 = CStarAt0: Beam Attenuation, WET Labs C-Star [1/m]
# name 13 = CStarTr0: Beam Transmission, WET Labs C-Star [%]
# name 14 = sbeox0ML/L: Oxygen, SBE 43 [ml/l], WS = 2
# name 15 = sbeox1ML/L: Oxygen, SBE 43, 2 [ml/l], WS = 2
# name 16 = sal00: Salinity, Practical [PSU]
# name 17 = sal11: Salinity, Practical, 2 [PSU]
# name 18 = sigma-t00: Density [sigma-t, kg/m^3 ]
# name 19 = sigma-t11: Density, 2 [sigma-t, kg/m^3 ]
# name 20 = oxsatML/L: Oxygen Saturation, Weiss [ml/l]
# name 21 = flag: flag
# span 0 =         70,      22736       
# span 1 =      2.938,     78.682       
# span 2 =     1.1548,    10.7496       
# span 3 =     1.1434,    10.7453       
# span 4 =   2.841129,   3.634207       
# span 5 =   2.840541,   3.633564       
# span 6 =     1.7248,     2.3946       
# span 7 =     2.0747,     2.9359       
# span 8 =      7.747,      8.136       
# span 9 =    -0.4087,     1.3618       
# span 10 =    -2.8130,   482.1870      
# span 11 = 1.0617e-01, 2.2111e-01      
# span 12 =    -0.0831,     0.0232      
# span 13 =    99.4217,   102.0985      
# span 14 =     5.7736,     7.8247      
# span 15 =     6.0409,     8.3552      
# span 16 =    32.4058,    32.8813      
# span 17 =    32.4549,    32.8755      
# span 18 =    24.8899,    26.3323      
# span 19 =    24.8956,    26.3274      
# span 20 =    6.31334,    7.91829      
# span 21 = 0.0000e+00, 0.0000e+00      
# interval = scans: 3                   
# start_time = Jul 16 2020 06:32:04 [System UTC, header]
# bad_flag = -9.990e-29
*END*
[from data line 1317]
      15101     26.768     6.4479     6.4287   3.267888   3.265552     2.3588     2.8639      8.093     0.3749     0.3848 1.0715e-01    -0.0245   100.6154     7.7183     7.9035    32.6520    32.6445    25.6416    25.6381    6.95462 0.0000e+00
      15104     26.673     6.4911     6.4319   3.272156   3.268467     2.3600     2.8651      8.092     0.3545    -1.1154 1.0715e-01    -0.0217   100.5431     7.7226     7.9010    32.6579    32.6738    25.6407    25.6608    6.94727 0.0000e+00
      15107     26.584     6.6231     6.5568   3.285651   3.278168     2.3624     2.8659      8.092     0.3647    -1.0364 1.0715e-01    -0.0202   100.5069     7.7097     7.8790    32.6808    32.6616    25.6418    25.6352    6.92469 0.0000e+00
      15110     26.499     6.6163     6.5037   3.279289   3.272095     2.3644     2.8663      8.090     0.3647    -1.0364 1.0715e-01    -0.0202   100.5069     7.7300     7.8969    32.6172    32.6453    25.5925    25.6292    6.92867 0.0000e+00
      15113     26.417     6.4866     6.4433   3.271357   3.267173     2.3665     2.8663      8.089     0.3545    -1.0364 1.0715e-01    -0.0202   100.5069     7.7688     7.9288    32.6535    32.6487    25.6378    25.6396    6.94820 0.0000e+00
      15116     26.336     6.5451     6.4164   3.274954   3.265188     2.3685     2.8655      8.090     0.3545    -1.0364 1.0715e-01    -0.0206   100.5159     7.7667     7.9643    32.6374    32.6525    25.6177    25.6460    6.93937 0.0000e+00
      15119     26.261     6.4613     6.4120   3.269587   3.266444     2.3714     2.8659      8.088     0.3647    -1.0364 1.0715e-01    -0.0202   100.5069     7.7933     8.0098    32.6582    32.6706    25.6448    25.6609    6.95214 0.0000e+00
      15122     26.191     6.5131     6.4571   3.273717   3.268266     2.3742     2.8655      8.088     0.3443    -1.0364 1.0715e-01    -0.0198   100.4979     7.7928     8.0517    32.6544    32.6477    25.6351    25.6370    6.94383 0.0000e+00
      15125     26.124     6.6664     6.3978   3.295230   3.264783     2.3775     2.8659      8.087     0.3545    -0.7601 1.0715e-01    -0.0116   100.2898     7.7654     8.1167    32.7450    32.6659    25.6868    25.6590    6.91479 0.0000e+00
      15128     26.063     7.0421     6.3918   3.321497   3.264531     2.3787     2.8671      8.085     0.3647     0.8586 1.0715e-01    -0.0105   100.2627     7.6910     8.1739    32.6754    32.6688    25.5823    25.6620    6.85735 0.0000e+00
      15131     26.003     7.2221     6.4388   3.337399   3.269751     2.3811     2.8708      8.085     0.3545     0.8586 1.0715e-01    -0.0105   100.2627     7.6560     8.2216    32.6780    32.6817    25.5600    25.6663    6.82857 0.0000e+00
      15134     25.945     7.2180     6.4703   3.328658   3.269961     2.3844     2.8777      8.085     0.3545     0.8586 1.0715e-01    -0.0109   100.2718     7.6637     8.2760    32.5869    32.6539    25.4889    25.6403    6.83325 0.0000e+00
      15137     25.893     7.0509     6.4668   3.314972   3.270290     2.3856     2.8883      8.085     0.3545     0.8586 1.0715e-01    -0.0105   100.2627     7.6883     8.3399    32.5958    32.6610    25.5185    25.6463    6.85948 0.0000e+00
      15140     25.840     7.3165     6.6308   3.344406   3.283081     2.3872     2.8993      8.082     0.3749     0.8586 1.0715e-01    -0.0105   100.2627     7.6200     8.3552    32.6648    32.6455    25.5365    25.6129    6.81427 0.0000e+00
      15143     25.785     7.3105     6.9121   3.327699   3.296641     2.3897     2.9087      8.080     0.4461     0.8586 1.0715e-01    -0.0098   100.2446     7.6185     8.3290    32.4896    32.5271    25.3997    25.4829    6.82293 0.0000e+00
      15146     25.731     7.2848     6.8466   3.335240   3.301791     2.3917     2.9168      8.080     0.4664     0.8586 1.0715e-01    -0.0072   100.1814     7.6015     8.3500    32.5955    32.6456    25.4865    25.5849    6.82229 0.0000e+00
      15149     25.678     7.7854     6.8976   3.374296   3.308149     2.3917     2.9221      8.078     0.4562     0.8586 1.0715e-01    -0.0076   100.1904     7.4835     8.3254    32.5462    32.6668    25.3778    25.5948    6.74604 0.0000e+00
      15152     25.624     8.0734     6.9550   3.399221   3.309459     2.3929     2.9270      8.077     0.4359     4.8460 1.0715e-01    -0.0072   100.1814     7.4096     8.2881    32.5440    32.6267    25.3348    25.5555    6.70161 0.0000e+00
      15155     25.566     8.1698     6.9704   3.397337   3.311603     2.3937     2.9303      8.076     0.4359    11.1231 1.0715e-01    -0.0072   100.1814     7.3714     8.2398    32.4348    32.6355    25.2351    25.5605    6.69156 0.0000e+00
      15158     25.507     7.7651     6.8789   3.371909   3.304331     2.3937     2.9319      8.078     0.4562    10.8468 1.0715e-01    -0.0072   100.1814     7.4087     8.1986    32.5402    32.6429    25.3761    25.5784    6.74939 0.0000e+00
      15161     25.444     8.1842     6.8914   3.418186   3.304673     2.3946     2.9347      8.072     0.4664    10.8862 1.0715e-01    -0.0072   100.1814     7.2997     8.1382    32.6426    32.6348    25.3957    25.5705    6.68056 0.0000e+00
      15164     25.378     8.2531     6.8749   3.409381   3.302674     2.3925     2.9355      8.073     0.4562    10.8862 1.0715e-01    -0.0065   100.1633     7.2510     8.0809    32.4854    32.6286    25.2625    25.5678    6.67668 0.0000e+00
      15167     25.303     8.1730     6.7841   3.412621   3.295990     2.3917     2.9359      8.072     0.4257    10.8862 1.0715e-01    -0.0062   100.1542     7.2190     8.0393    32.5940    32.6417    25.3595    25.5899    6.68422 0.0000e+00
      15170     25.221     8.4794     6.7713   3.451715   3.295559     2.3901     2.9355      8.071     0.3647    10.9257 1.0715e-01    -0.0062   100.1542     7.1197     7.9830    32.7227    32.6492    25.4147    25.5976    6.63237 0.0000e+00
      15173     25.141     8.7003     6.7685   3.464115   3.295716     2.3872     2.9351      8.068     0.3647    10.9257 1.0715e-01    -0.0062   100.1542     7.0420     7.9268    32.6483    32.6536    25.3232    25.6014    6.60229 0.0000e+00
      15176     25.056     8.7117     6.8418   3.467399   3.305413     2.3864     2.9351      8.070     0.3749    10.8073 1.0715e-01    -0.0062   100.1542     7.0020     7.8604    32.6720    32.6903    25.3400    25.6207    6.59960 0.0000e+00
      15179     24.967     8.7506     7.0131   3.471106   3.318841     2.3832     2.9331      8.068     0.3545   322.8891 1.0715e-01    -0.0062   100.1542     6.9524     7.7780    32.6749    32.6744    25.3363    25.5854    6.59368 0.0000e+00
      15182     24.870     8.9906     7.2908   3.492744   3.333837     2.3795     2.9298      8.064     0.3545   481.9896 1.0715e-01    -0.0058   100.1452     6.8760     7.6812    32.6796    32.5751    25.3030    25.4696    6.55790 0.0000e+00
      15185     24.773     9.2144     7.8661   3.508421   3.410791     2.3746     2.9270      8.063     0.3545   480.9632 1.0715e-01    -0.0105   100.2628     6.8052     7.5237    32.6366    32.8614    25.2341    25.6125    6.52685 0.0000e+00
      15188     24.673     9.5002     9.0430   3.526920   3.497928     2.3701     2.9225      8.062     0.3647   481.3184 1.0715e-01    -0.0130   100.3260     6.7335     7.2935    32.5668    32.6853    25.1342    25.2991    6.48815 0.0000e+00
      15191     24.568     9.4398     9.5753   3.518035   3.535908     2.3653     2.9168      8.062     0.3545   481.3184 1.0715e-01    -0.0130   100.3260     6.7140     7.1698    32.5304    32.5907    25.1154    25.1407    6.49840 0.0000e+00
      15194     24.461     9.5531     9.7667   3.538412   3.547413     2.3604     2.9107      8.062     0.3138   481.2790 1.0715e-01    -0.0127   100.3170     6.6678     7.0998    32.6365    32.5349    25.1800    25.0660    6.47763 0.0000e+00
      15197     24.350     9.7157     9.5654   3.549472   3.529977     2.3559     2.9042      8.061     0.2629   481.3579 1.0715e-01    -0.0127   100.3170     6.6270     7.0865    32.6021    32.5390    25.1268    25.1020    6.45566 0.0000e+00
      15200     24.240     9.8362     9.4659   3.557866   3.524339     2.3510     2.9001      8.061     0.2833   481.3184 1.0715e-01    -0.0127   100.3170     6.5956     7.0675    32.5786    32.5717    25.0887    25.1434    6.43939 0.0000e+00
      15203     24.129     9.9075     9.4070   3.567896   3.518470     2.3461     2.8952      8.060     0.2833   468.0140 1.0715e-01    -0.0127   100.3170     6.5758     7.0468    32.6162    32.5649    25.1063    25.1476    6.42770 0.0000e+00
      15206     24.017     9.9909     9.3644   3.574516   3.513667     2.3433     2.8904      8.060     0.2731    47.0490 1.0715e-01    -0.0127   100.3170     6.5688     7.0276    32.6081    32.5544    25.0862    25.1462    6.41619 0.0000e+00
      15209     23.903    10.0770     9.2822   3.580683   3.507870     2.3384     2.8851      8.060     0.2629     4.8459 1.0715e-01    -0.0130   100.3260     6.5563     7.0172    32.5930    32.5696    25.0600    25.1712    6.40462 0.0000e+00
      15212     23.787    10.2820     9.4595   3.600962   3.530582     2.3351     2.8781      8.056     0.2731     7.4910 1.0715e-01    -0.0127   100.3170     6.5347     6.9669    32.6132    32.6417    25.0414    25.1992    6.37497 0.0000e+00
      15215     23.672    10.3261     9.8082   3.598358   3.559338     2.3315     2.8716      8.057     0.2629     7.3726 1.0715e-01    -0.0127   100.3170     6.5389     6.9034    32.5476    32.6192    24.9828    25.1250    6.37145 0.0000e+00
      15218     23.557    10.2534     9.8693   3.594360   3.559463     2.3282     2.8647      8.059     0.2629     7.3726 1.0715e-01    -0.0134   100.3351     6.5591     6.8845    32.5726    32.5652    25.0146    25.0728    6.38061 0.0000e+00
      15221     23.445    10.3453     9.7067   3.602742   3.545423     2.3250     2.8582      8.056     0.2018     7.3726 1.0715e-01    -0.0127   100.3170     6.5589     6.8982    32.5745    32.5693    25.0005    25.1027    6.36767 0.0000e+00
      15224     23.336    10.2916     9.7461   3.594847   3.551826     2.3233     2.8509      8.054     0.2018     7.3726 1.0715e-01    -0.0134   100.3351     6.5854     6.8822    32.5432    32.5990    24.9853    25.1194    6.37645 0.0000e+00
      15227     23.231    10.2760    10.0470   3.597448   3.581677     2.3217     2.8452      8.054     0.2222     7.3726 1.0715e-01    -0.0159   100.3984     6.6022     6.8395    32.5834    32.6304    25.0192    25.0942    6.37702 0.0000e+00
      15230     23.127    10.4059    10.2483   3.606689   3.591505     2.3197     2.8403      8.056     0.2120   104.3726 1.0715e-01    -0.0159   100.3984     6.5974     6.8221    32.5599    32.5485    24.9788    24.9967    6.35978 0.0000e+00
      15233     23.028    10.3794    10.2014   3.604951   3.587037     2.3185     2.8358      8.054     0.2018   479.8972 1.0715e-01    -0.0159   100.3984     6.6172     6.8405    32.5663    32.5457    24.9883    25.0024    6.36323 0.0000e+00
      15236     22.928    10.3389    10.1693   3.599205   3.584142     2.3180     2.8317      8.054     0.2120   481.1606 1.0715e-01    -0.0159   100.3984     6.6393     6.8594    32.5449    32.5453    24.9785    25.0075    6.36976 0.0000e+00
      15239     22.827    10.1484    10.1033   3.568465   3.572736     2.3176     2.8297      8.055     0.2120   481.2000 1.0715e-01    -0.0159   100.3984     6.6861     6.8902    32.4058    32.4894    24.9021    24.9749    6.40218 0.0000e+00
      15242     22.729     9.9202     9.9281   3.567806   3.553777     2.3180     2.8273      8.057     0.2120   481.3184 1.0715e-01    -0.0159   100.3984     6.7235     6.9335    32.6043    32.4549    25.0949    24.9770    6.42639 0.0000e+00
      15245     22.635    10.1114     9.8239   3.578066   3.547831     2.3180     2.8248      8.055     0.2120   481.2790 1.0715e-01    -0.0166   100.4165     6.7034     6.9598    32.5361    32.4884    25.0100    25.0203    6.40208 0.0000e+00
      15248     22.547     9.9930     9.8416   3.568394   3.558449     2.3168     2.8224      8.057     0.1510   481.2790 1.0715e-01    -0.0170   100.4255     6.7199     6.9610    32.5449    32.5803    25.0365    25.0892    6.41848 0.0000e+00
      15251     22.461     9.9758    10.0449   3.566237   3.575923     2.3172     2.8216      8.056     0.1510   481.3184 1.0715e-01    -0.0170   100.4255     6.7242     6.9382    32.5385    32.5743    25.0344    25.0508    6.42117 0.0000e+00
      15254     22.377     9.9619    10.1975   3.563752   3.585323     2.3168     2.8199      8.056     0.1408   481.3184 1.0715e-01    -0.0170   100.4255     6.7219     6.9189    32.5258    32.5322    25.0268    24.9925    6.42366 0.0000e+00
      15257     22.292     9.9056    10.1988   3.568575   3.596643     2.3172     2.8187      8.056     0.1408   244.3652 1.0715e-01    -0.0170   100.4255     6.7212     6.9131    32.6256    32.6452    25.1139    25.0804    6.42759 0.0000e+00
      15260     22.209    10.0658    10.2120   3.578311   3.590070     2.3156     2.8167      8.055     0.1612    -2.8130 1.0715e-01    -0.0170   100.4255     6.6844     6.9081    32.5798    32.5671    25.0516    25.0173    6.40673 0.0000e+00
      15263     22.136     9.8867    10.0482   3.557599   3.571957     2.3148     2.8150      8.056     0.1510    -2.2998 1.0715e-01    -0.0166   100.4165     6.7005     6.9258    32.5313    32.5313    25.0435    25.0168    6.43415 0.0000e+00
      15266     22.066     9.7516     9.8432   3.551541   3.556658     2.3140     2.8126      8.056     0.1510    -1.7471 1.0715e-01    -0.0170   100.4255     6.7058     6.9455    32.5917    32.5610    25.1128    25.0738    6.45094 0.0000e+00
      15269     22.001     9.8167     9.7776   3.556666   3.555034     2.3132     2.8106      8.056     0.1408    -1.7471 1.0715e-01    -0.0170   100.4255     6.6851     6.9447    32.5850    32.6038    25.0969    25.1181    6.44191 0.0000e+00
      15272     21.941     9.8896     9.8081   3.563222   3.555920     2.3124     2.8073      8.056     0.0899    -1.7471 1.0715e-01    -0.0170   100.4255     6.6630     6.9286    32.5859    32.5852    25.0856    25.0985    6.43149 0.0000e+00
      15275     21.883     9.9776     9.7961   3.567477   3.554707     2.3103     2.8057      8.056     0.0696    -1.7471 1.0715e-01    -0.0170   100.4255     6.6354     6.9248    32.5497    32.5838    25.0428    25.0993    6.42046 0.0000e+00
      15278     21.830    10.0915     9.8300   3.574491   3.557212     2.3083     2.8036      8.055     0.0696    -1.7471 1.0715e-01    -0.0170   100.4255     6.6065     6.9144    32.5182    32.5786    24.9993    25.0898    6.40561 0.0000e+00
      15281     21.785    10.1204     9.8684   3.578227   3.560263     2.3075     2.8004      8.055     0.0594    -1.7471 1.0715e-01    -0.0170   100.4255     6.5950     6.9007    32.5300    32.5750    25.0037    25.0806    6.40105 0.0000e+00
      15284     21.743    10.0738     9.9458   3.580836   3.568105     2.3054     2.7980      8.055     0.0594   370.0665 1.0715e-01    -0.0170   100.4255     6.5899     6.8841    32.5984    32.5848    25.0648    25.0754    6.40486 0.0000e+00
      15287     21.703    10.3801    10.2260   3.604563   3.588500     2.3030     2.7951      8.054     0.0594   482.0291 1.0715e-01    -0.0166   100.4165     6.5377     6.8402    32.5624    32.5388    24.9851    24.9929    6.36330 0.0000e+00
      15290     21.670    10.5135    10.3649   3.607958   3.599572     2.3022     2.7935      8.054     0.0492   480.9631 1.0715e-01    -0.0170   100.4255     6.5200     6.8204    32.4773    32.5258    24.8961    24.9592    6.34814 0.0000e+00
      15301     21.597    10.5990    10.5003   3.618667   3.613101     2.2969     2.7882      8.053     0.0696   321.3099 1.0715e-01    -0.0159   100.3984     6.5043     6.8004    32.5080    32.5405    24.9053    24.9475    6.33505 0.0000e+00
