Datasets/AZMP/TEL210/tel210_2020_105.cnv
* Sea-Bird SBE 9 Data File:
* FileName = C:\CTDDATA\tel210_2020_105.hex
* Software Version Seasave V 7.26.7.110
* Temperature SN = 1697
* Conductivity SN = 4216
* Number of Bytes Per Scan = 30
* Number of Voltage Words = 4
* Number of Scans Averaged by the Deck Unit = 1
* NMEA baud rate = 4800
** VESSEL/TRIP/SEQ STN:  tel210_2020_105
** LATITUDE XX XX.XX: 55 40.70 N
** LONGITUDE XX XX.XX: 057 26.40 W
** SOUNDING DEPTH (M): 0200
** PROBE TYPE: S1146
** CTD NUMBER: 071
** COMMENTS (14 CHAR): MB-07
** BOTTLES:  10
** LEVELS: 5,10,20,30,40,50,75,100,150,BTM
** STICKERS: 436281 - 436290
** VNET: Y
** DO2: Y
# nquan = 22
# nvalues = 4285                        
# units = specified
# name 0 = scan: Scan Count
# name 1 = prDM: Pressure, Digiquartz [db]
# name 2 = t090C: Temperature [ITS-90, deg C]
# name 3 = t190C: Temperature, 2 [ITS-90, deg C]
# name 4 = c0S/m: Conductivity [S/m]
# name 5 = c1S/m: Conductivity, 2 [S/m]
# name 6 = sbeox0V: Oxygen raw, SBE 43 [V]
# name 7 = sbeox1V: Oxygen raw, SBE 43, 2 [V]
# name 8 = ph: pH
# name 9 = flECO-AFL: Fluorescence, WET Labs ECO-AFL/FL [mg/m^3]
# name 10 = wetCDOM: Fluorescence, WET Labs CDOM [mg/m^3]
# name 11 = par/sat/log: PAR/Logarithmic, Satlantic [umol photons/m^2/sec]
# name 12 = CStarAt0: Beam Attenuation, WET Labs C-Star [1/m]
# name 13 = CStarTr0: Beam Transmission, WET Labs C-Star [%]
# name 14 = sbeox0ML/L: Oxygen, SBE 43 [ml/l], WS = 2
# name 15 = sbeox1ML/L: Oxygen, SBE 43, 2 [ml/l], WS = 2
# name 16 = sal00: Salinity, Practical [PSU]
# name 17 = sal11: Salinity, Practical, 2 [PSU]
# name 18 = sigma-t00: Density [sigma-t, kg/m^3 ]
# name 19 = sigma-t11: Density, 2 [sigma-t, kg/m^3 ]
# name 20 = oxsatML/L: Oxygen Saturation, Weiss [ml/l]
# name 21 = flag: flag
# span 0 =         51,      31870       
# span 1 =      0.778,    197.852       
# span 2 =    -0.5999,     5.7392       
# span 3 =    -0.6068,     5.6214       
# span 4 =   2.668763,   3.120917       
# span 5 =   2.668282,   3.118233       
# span 6 =     1.9528,     2.6932       
# span 7 =     2.3443,     3.2945       
# span 8 =      8.014,      8.317       
# span 9 =     0.6770,    27.1955       
# span 10 =    -2.8130,   482.1870      
# span 11 = 1.0678e-01, 2.2829e+02      
# span 12 =    -0.1120,     2.1130      
# span 13 =    58.9627,   102.8400      
# span 14 =     7.1765,    10.2492      
# span 15 =     7.4176,    10.7271      
# span 16 =    31.6975,    33.5560      
# span 17 =    31.7218,    33.5615      
# span 18 =    24.9748,    26.9407      
# span 19 =    25.0081,    26.9414      
# span 20 =    7.11695,    8.31581      
# span 21 = 0.0000e+00, 0.0000e+00      
# interval = scans: 3                   
# start_time = Jul 27 2020 10:40:52 [System UTC, header]
# bad_flag = -9.990e-29
*END*
[from data line 461]
       1825     46.927     0.0486     0.0422   2.737131   2.736668     2.1615     2.5994      8.084    12.9627   481.3579 1.0678e-01     0.8082    81.7062     8.0501     8.2865    32.7138    32.7146    26.2585    26.2595    8.16110 0.0000e+00
       1828     47.037     0.0479     0.0416   2.737189   2.736657     2.1603     2.6006      8.081    12.9309   481.3579 1.0678e-01     0.8082    81.7062     8.0469     8.2922    32.7152    32.7149    26.2597    26.2598    8.16117 0.0000e+00
       1831     47.146     0.0490     0.0409   2.737234   2.736615     2.1615     2.5998      8.084    13.1214   481.3579 1.0690e-01     0.8082    81.7062     8.0518     8.2894    32.7145    32.7151    26.2591    26.2600    8.16096 0.0000e+00
       1834     47.254     0.0459     0.0397   2.737113   2.736524     2.1615     2.5986      8.084    17.8622   481.3579 1.0678e-01     0.8091    81.6881     8.0522     8.2841    32.7163    32.7151    26.2606    26.2600    8.16155 0.0000e+00
       1837     47.360     0.0443     0.0392   2.737062   2.736605     2.1599     2.5986      8.084    18.3172   202.8333 1.0690e-01     0.8970    79.9247     8.0474     8.2843    32.7172    32.7166    26.2615    26.2612    8.16183 0.0000e+00
       1840     47.464     0.0446     0.0388   2.737127   2.736589     2.1599     2.5978      8.082    18.2854    -1.8260 1.0690e-01     1.0050    77.7815     8.0431     8.2812    32.7177    32.7168    26.2619    26.2614    8.16175 0.0000e+00
       1843     47.564     0.0460     0.0377   2.737197   2.736530     2.1599     2.5982      8.082    18.2854     2.7930 1.0678e-01     1.0000    77.8810     8.0375     8.2840    32.7171    32.7172    26.2613    26.2618    8.16148 0.0000e+00
       1846     47.663     0.0441     0.0357   2.737080   2.736394     2.1599     2.5982      8.082    18.2960     2.6351 1.0678e-01     1.0000    77.8810     8.0357     8.2820    32.7175    32.7174    26.2618    26.2621    8.16187 0.0000e+00
       1849     47.759     0.0394     0.0322   2.736657   2.736147     2.1599     2.5974      8.084    18.2960     2.6351 1.0678e-01     1.0000    77.8810     8.0372     8.2788    32.7169    32.7178    26.2614    26.2626    8.16292 0.0000e+00
       1852     47.854     0.0359     0.0284   2.736475   2.735845     2.1587     2.5970      8.084    18.3172     2.6351 1.0703e-01     1.0000    77.8810     8.0321     8.2790    32.7182    32.7179    26.2627    26.2628    8.16361 0.0000e+00
       1855     47.945     0.0335     0.0255   2.736330   2.735652     2.1587     2.5966      8.084    18.3066     2.6351 1.0715e-01     1.0009    77.8629     8.0324     8.2808    32.7188    32.7184    26.2632    26.2633    8.16409 0.0000e+00
       1858     48.033     0.0315     0.0234   2.736137   2.735124     2.1587     2.5958      8.084    18.2537     2.6351 1.0703e-01     1.2117    73.8839     8.0378     8.2793    32.7184    32.7137    26.2630    26.2596    8.16456 0.0000e+00
       1861     48.124     0.0301     0.0190   2.735933   2.735061     2.1591     2.5962      8.084    18.0526     3.9774 1.0715e-01     1.2918    72.4008     8.0435     8.2813    32.7170    32.7175    26.2620    26.2629    8.16493 0.0000e+00
       1864     48.212     0.0196     0.0132   2.735219   2.734663     2.1578     2.5958      8.084    18.0421   413.3750 1.0715e-01     1.2883    72.4641     8.0344     8.2821    32.7188    32.7184    26.2640    26.2639    8.16711 0.0000e+00
       1867     48.299     0.0187     0.0125   2.735325   2.734676     2.1570     2.5958      8.084    18.0315   481.8317 1.0690e-01     1.2883    72.4641     8.0274     8.2823    32.7211    32.7192    26.2659    26.2646    8.16718 0.0000e+00
       1870     48.386     0.0167    -0.0008   2.735173   2.733787     2.1578     2.5945      8.082    18.0421   481.0816 1.0703e-01     1.2888    72.4551     8.0303     8.2825    32.7213    32.7217    26.2660    26.2672    8.16761 0.0000e+00
       1873     48.474     0.0167    -0.0104   2.735093   2.733421     2.1574     2.5954      8.084    18.0315   481.3184 1.0715e-01     1.2883    72.4641     8.0283     8.2893    32.7201    32.7271    26.2651    26.2721    8.16767 0.0000e+00
       1876     48.560     0.0006    -0.0095   2.734293   2.733645     2.1574     2.5945      8.084    18.0526   481.3184 1.0715e-01     1.2933    72.3737     8.0335     8.2860    32.7268    32.7291    26.2713    26.2736    8.17082 0.0000e+00
       1879     48.648     0.0026    -0.0107   2.734475   2.733546     2.1574     2.5941      8.084    18.0315   481.3579 1.0715e-01     1.3573    71.2252     8.0318     8.2874    32.7270    32.7289    26.2713    26.2736    8.17036 0.0000e+00
       1882     48.737    -0.0021    -0.0060   2.734217   2.733903     2.1574     2.5941      8.084    18.0421   481.3579 1.0715e-01     1.3619    71.1438     8.0347     8.2841    32.7285    32.7286    26.2728    26.2730    8.17129 0.0000e+00
       1885     48.827     0.0007    -0.0068   2.734474   2.733716     2.1566     2.5933      8.084    16.9838   481.3579 1.0703e-01     1.3614    71.1529     8.0315     8.2792    32.7289    32.7269    26.2730    26.2717    8.17067 0.0000e+00
       1888     48.916     0.0020    -0.0153   2.734274   2.733148     2.1550     2.5941      8.084    15.7775   405.7161 1.0703e-01     1.3614    71.1529     8.0230     8.2837    32.7249    32.7285    26.2696    26.2734    8.17062 0.0000e+00
       1891     49.007    -0.0032    -0.0176   2.734257   2.733190     2.1554     2.5933      8.084    15.8410     8.2017 1.0715e-01     1.3614    71.1529     8.0232     8.2813    32.7301    32.7315    26.2741    26.2759    8.17145 0.0000e+00
       1894     49.099    -0.0053    -0.0168   2.733961   2.733114     2.1550     2.5933      8.084    15.8198     3.5036 1.0715e-01     1.3614    71.1529     8.0204     8.2800    32.7284    32.7296    26.2729    26.2743    8.17201 0.0000e+00
       1897     49.190    -0.0163    -0.0230   2.733399   2.732819     2.1550     2.5921      8.084    15.8304     4.6091 1.0715e-01     1.3583    71.2071     8.0216     8.2784    32.7327    32.7323    26.2768    26.2768    8.17416 0.0000e+00
       1900     49.283    -0.0126    -0.0213   2.733680   2.732978     2.1550     2.5929      8.084    15.8304     4.5301 1.0715e-01     1.3472    71.4061     8.0228     8.2847    32.7324    32.7325    26.2764    26.2769    8.17337 0.0000e+00
       1903     49.375    -0.0160    -0.0267   2.733357   2.732594     2.1550     2.5925      8.084    15.8304     4.5301 1.0715e-01     1.3477    71.3970     8.0262     8.2842    32.7318    32.7331    26.2760    26.2776    8.17415 0.0000e+00
       1906     49.470    -0.0132    -0.0300   2.733692   2.732395     2.1554     2.5913      8.084    15.8304     4.5301 1.0715e-01     1.3472    71.4061     8.0265     8.2796    32.7331    32.7340    26.2770    26.2785    8.17347 0.0000e+00
       1909     49.564    -0.0131    -0.0310   2.733537   2.732381     2.1538     2.5909      8.084    15.8304     4.5301 1.0715e-01     1.3477    71.3970     8.0214     8.2751    32.7310    32.7348    26.2753    26.2793    8.17357 0.0000e+00
       1912     49.657    -0.0216    -0.0323   2.733226   2.732284     2.1529     2.5909      8.085    13.2272     4.5301 1.0715e-01     1.3472    71.4061     8.0178     8.2749    32.7359    32.7349    26.2796    26.2793    8.17515 0.0000e+00
       1915     49.752    -0.0192    -0.0350   2.733237   2.732157     2.1538     2.5909      8.084    12.4336   200.4251 1.0715e-01     1.3477    71.3970     8.0213     8.2752    32.7334    32.7360    26.2775    26.2804    8.17476 0.0000e+00
       1918     49.847    -0.0245    -0.0318   2.733029   2.732500     2.1534     2.5900      8.085    12.4548   482.1870 1.0715e-01     1.3114    72.0481     8.0198     8.2699    32.7362    32.7371    26.2800    26.2811    8.17575 0.0000e+00
       1921     49.941    -0.0228    -0.0334   2.733037   2.732203     2.1525     2.5917      8.085    12.4653   481.1606 1.0715e-01     1.2739    72.7264     8.0145     8.2785    32.7344    32.7348    26.2785    26.2793    8.17548 0.0000e+00
       1924     50.037    -0.0337    -0.0420   2.732270   2.731619     2.1538     2.5909      8.085    12.4653   481.3184 1.0715e-01     1.2768    72.6721     8.0253     8.2785    32.7360    32.7362    26.2803    26.2808    8.17778 0.0000e+00
       1927     50.130    -0.0369    -0.0461   2.732355   2.731415     2.1521     2.5896      8.085    12.4759   481.3579 1.0715e-01     1.2768    72.6721     8.0215     8.2769    32.7405    32.7379    26.2841    26.2824    8.17823 0.0000e+00
       1930     50.227    -0.0315    -0.0434   2.732559   2.731662     2.1513     2.5892      8.085    12.4759   481.3579 1.0715e-01     1.2768    72.6721     8.0236     8.2745    32.7374    32.7382    26.2813    26.2825    8.17723 0.0000e+00
       1933     50.323    -0.0383    -0.0486   2.731894   2.731117     2.1517     2.5884      8.085    12.4548   481.3579 1.0703e-01     1.2763    72.6812     8.0341     8.2705    32.7358    32.7365    26.2803    26.2814    8.17878 0.0000e+00
       1936     50.414    -0.0476    -0.0542   2.731250   2.730736     2.1513     2.5888      8.085    12.2114   481.3579 1.0715e-01     1.2768    72.6721     8.0371     8.2694    32.7373    32.7375    26.2819    26.2824    8.18075 0.0000e+00
       1939     50.505    -0.0526    -0.0607   2.731100   2.730235     2.1521     2.5880      8.085     9.4918   481.3579 1.0715e-01     1.2255    73.6126     8.0401     8.2637    32.7406    32.7377    26.2848    26.2830    8.18165 0.0000e+00
       1942     50.596    -0.0510    -0.0678   2.730881   2.729666     2.1509     2.5880      8.085     9.3859   481.3579 1.0715e-01     1.2112    73.8748     8.0341     8.2621    32.7359    32.7378    26.2810    26.2833    8.18156 0.0000e+00
       1945     50.686    -0.0594    -0.0740   2.730377   2.729167     2.1513     2.5884      8.085     9.4071   481.3579 1.0703e-01     1.2117    73.8658     8.0352     8.2649    32.7382    32.7379    26.2832    26.2837    8.18326 0.0000e+00
       1948     50.775    -0.0628    -0.0815   2.730169   2.728576     2.1513     2.5884      8.085     9.4071   481.3579 1.0703e-01     1.2117    73.8658     8.0325     8.2677    32.7390    32.7380    26.2841    26.2841    8.18396 0.0000e+00
       1951     50.863    -0.0640    -0.0888   2.729911   2.727970     2.1517     2.5872      8.085     9.3965   481.3579 1.0715e-01     1.2117    73.8658     8.0304     8.2635    32.7368    32.7377    26.2823    26.2842    8.18434 0.0000e+00
       1954     50.948    -0.0811    -0.0969   2.728713   2.727322     2.1517     2.5872      8.085     9.4071   481.3184 1.0703e-01     1.2117    73.8658     8.0275     8.2638    32.7393    32.7379    26.2851    26.2847    8.18794 0.0000e+00
       1957     51.035    -0.0956    -0.1108   2.727654   2.726218     2.1517     2.5860      8.085     9.3965   481.3579 1.0703e-01     1.1869    74.3270     8.0215     8.2582    32.7408    32.7381    26.2870    26.2855    8.19102 0.0000e+00
       1960     51.119    -0.1023    -0.1233   2.726921   2.725409     2.1509     2.5852      8.085     9.3965   481.3579 1.0690e-01     0.9498    78.8667     8.0127     8.2523    32.7382    32.7408    26.2853    26.2883    8.19264 0.0000e+00
       1963     51.204    -0.1085    -0.1170   2.726582   2.725963     2.1497     2.5848      8.085     8.8463   481.3579 1.0678e-01     0.9410    79.0385     8.0042     8.2459    32.7403    32.7412    26.2872    26.2883    8.19387 0.0000e+00
       1966     51.286    -0.1031    -0.1061   2.726635   2.726561     2.1497     2.5848      8.080     7.5235   462.5659 1.0678e-01     0.9414    79.0294     7.9987     8.2391    32.7352    32.7374    26.2829    26.2848    8.19298 0.0000e+00
       1969     51.363    -0.1025    -0.1209   2.726754   2.725622     2.1489     2.5848      8.080     7.5553    39.1137 1.0678e-01     0.9405    79.0475     7.9881     8.2416    32.7361    32.7409    26.2835    26.2882    8.19279 0.0000e+00
       1972     51.441    -0.1054    -0.1120   2.727024   2.726985     2.1481     2.5835      8.080     7.5553    -2.2208 1.0678e-01     0.9414    79.0294     7.9788     8.2355    32.7427    32.7493    26.2890    26.2946    8.19305 0.0000e+00
       1975     51.519    -0.1004    -0.0936   2.727621   2.728538     2.1472     2.5827      8.080     7.5659    -0.2469 1.0678e-01     0.9419    79.0204     7.9690     8.2288    32.7452    32.7500    26.2908    26.2944    8.19183 0.0000e+00
       1978     51.595    -0.0922    -0.0830   2.728357   2.729482     2.1468     2.5831      8.080     7.5553    -0.3258 1.0690e-01     0.8998    79.8614     7.9650     8.2287    32.7461    32.7511    26.2911    26.2948    8.18998 0.0000e+00
       1981     51.669    -0.0820    -0.0803   2.729444   2.729484     2.1464     2.5815      8.080     7.5553    -0.3258 1.0678e-01     0.7953    81.9685     7.9621     8.2216    32.7495    32.7482    26.2934    26.2923    8.18757 0.0000e+00
       1984     51.738    -0.0736    -0.0769   2.730409   2.730138     2.1464     2.5807      8.080     7.5553    -0.3258 1.0678e-01     0.7989    81.8961     7.9635     8.2150    32.7532    32.7532    26.2960    26.2961    8.18553 0.0000e+00
       1987     51.810    -0.0711    -0.0722   2.730703   2.730732     2.1464     2.5807      8.080     7.5764    -0.3258 1.0678e-01     0.7989    81.8961     7.9665     8.2140    32.7543    32.7559    26.2968    26.2981    8.18491 0.0000e+00
       1990     51.883    -0.0590    -0.0613   2.732089   2.731714     2.1452     2.5803      8.080     6.8145    -0.4048 1.0678e-01     0.7980    81.9142     7.9590     8.2094    32.7596    32.7571    26.3005    26.2986    8.18198 0.0000e+00
       1993     51.955    -0.0500    -0.0593   2.732569   2.731478     2.1448     2.5799      8.080     6.2643    -0.0100 1.0678e-01     0.7989    81.8961     7.9585     8.2071    32.7563    32.7519    26.2974    26.2943    8.18020 0.0000e+00
       1996     52.029    -0.0524    -0.0596   2.732447   2.731978     2.1440     2.5795      8.080     6.2749     1.2139 1.0678e-01     0.7989    81.8961     7.9590     8.2064    32.7572    32.7587    26.2983    26.2998    8.18067 0.0000e+00
       1999     52.100    -0.0317    -0.0231   2.735019   2.735915     2.1436     2.5787      8.080     6.2748     1.2139 1.0690e-01     0.7416    83.0808     7.9500     8.1915    32.7689    32.7715    26.3067    26.3085    8.17549 0.0000e+00
       2002     52.173    -0.0165    -0.0202   2.735901   2.735388     2.1432     2.5783      8.080     6.2748     1.2139 1.0678e-01     0.6934    84.0846     7.9435     8.1856    32.7642    32.7614    26.3022    26.3001    8.17244 0.0000e+00
       2005     52.245    -0.0300    -0.0632   2.734070   2.731638     2.1428     2.5770      8.080     6.2643     1.2139 1.0678e-01     0.6955    84.0394     7.9407     8.1881    32.7545    32.7580    26.2951    26.2994    8.17594 0.0000e+00
       2008     52.324    -0.0544    -0.0862   2.732125   2.730261     2.1424     2.5766      8.080     6.2854     1.2139 1.0678e-01     0.6955    84.0394     7.9432     8.1855    32.7549    32.7644    26.2965    26.3057    8.18123 0.0000e+00
       2011     52.402    -0.0708    -0.0759   2.731066   2.730569     2.1424     2.5774      8.080     6.2960     1.2139 1.0678e-01     0.6955    84.0394     7.9480     8.1796    32.7585    32.7574    26.3002    26.2995    8.18462 0.0000e+00
       2014     52.488    -0.0855    -0.1162   2.729793   2.727582     2.1416     2.5754      8.080     6.2854     1.2139 1.0678e-01     0.6955    84.0394     7.9527     8.1766    32.7574    32.7611    26.2999    26.3044    8.18789 0.0000e+00
       2017     52.576    -0.0932    -0.1338   2.729429   2.727165     2.1416     2.5750      8.080     5.7564     1.1744 1.0678e-01     0.6955    84.0394     7.9557     8.1746    32.7608    32.7744    26.3031    26.3159    8.18939 0.0000e+00
