Datasets/AZMP/TEL210/tel210_2020_009.cnv
* Sea-Bird SBE 9 Data File:
* FileName = C:\CTDDATA\tel210_2020_009.hex
* Software Version Seasave V 7.26.7.110
* Temperature SN = 1697
* Conductivity SN = 4216
* Number of Bytes Per Scan = 30
* Number of Voltage Words = 4
* Number of Scans Averaged by the Deck Unit = 1
* NMEA baud rate = 4800
** VESSEL/TRIP/SEQ STN:  tel210_2020_009
** LATITUDE XX XX.XX: 47 00.00 N
** LONGITUDE XX XX.XX: 051 00.00 W
** SOUNDING DEPTH (M): 0108
** PROBE TYPE: S1146
** CTD NUMBER: 008
** COMMENTS (14 CHAR): FC-07
** BOTTLES:  8
** LEVELS: 5,10,20,30,40,50,75,BTM
** STICKERS: 435797 - 435804
** VNET: Y
** DO2: N
# nquan = 22
# nvalues = 2359                        
# units = specified
# name 0 = scan: Scan Count
# name 1 = prDM: Pressure, Digiquartz [db]
# name 2 = t090C: Temperature [ITS-90, deg C]
# name 3 = t190C: Temperature, 2 [ITS-90, deg C]
# name 4 = c0S/m: Conductivity [S/m]
# name 5 = c1S/m: Conductivity, 2 [S/m]
# name 6 = sbeox0V: Oxygen raw, SBE 43 [V]
# name 7 = sbeox1V: Oxygen raw, SBE 43, 2 [V]
# name 8 = ph: pH
# name 9 = flECO-AFL: Fluorescence, WET Labs ECO-AFL/FL [mg/m^3]
# name 10 = wetCDOM: Fluorescence, WET Labs CDOM [mg/m^3]
# name 11 = par/sat/log: PAR/Logarithmic, Satlantic [umol photons/m^2/sec]
# name 12 = CStarAt0: Beam Attenuation, WET Labs C-Star [1/m]
# name 13 = CStarTr0: Beam Transmission, WET Labs C-Star [%]
# name 14 = sbeox0ML/L: Oxygen, SBE 43 [ml/l], WS = 2
# name 15 = sbeox1ML/L: Oxygen, SBE 43, 2 [ml/l], WS = 2
# name 16 = sal00: Salinity, Practical [PSU]
# name 17 = sal11: Salinity, Practical, 2 [PSU]
# name 18 = sigma-t00: Density [sigma-t, kg/m^3 ]
# name 19 = sigma-t11: Density, 2 [sigma-t, kg/m^3 ]
# name 20 = oxsatML/L: Oxygen Saturation, Weiss [ml/l]
# name 21 = flag: flag
# span 0 =         37,      30106       
# span 1 =      1.029,    106.013       
# span 2 =    -0.4339,    11.5401       
# span 3 =    -0.4386,    11.5357       
# span 4 =   2.718522,   3.660563       
# span 5 =   2.718079,   3.659939       
# span 6 =     1.8293,     2.4163       
# span 7 =     2.2171,     2.9438       
# span 8 =      7.775,      8.140       
# span 9 =    -0.5714,     0.9853       
# span 10 =    -2.8130,   482.1870      
# span 11 = 1.0715e-01, 1.5498e+02      
# span 12 =    -0.1299,     0.0719      
# span 13 =    98.2190,   103.3012      
# span 14 =     6.0899,     8.2855      
# span 15 =     6.2337,     8.8024      
# span 16 =    32.0018,    32.9521      
# span 17 =    32.0974,    32.9515      
# span 18 =    24.4219,    26.4724      
# span 19 =    24.4213,    26.4721      
# span 20 =    6.22306,    8.25365      
# span 21 = 0.0000e+00, 0.0000e+00      
# interval = scans: 3                   
# start_time = Jul 15 2020 19:08:20 [System UTC, header]
# bad_flag = -9.990e-29
*END*
[from data line 1515]
      11457     69.438     0.5928     0.5736   2.789091   2.787904     2.0168     2.4617      7.889    -0.4595     0.0295 6.4017e-01    -0.1278   103.2470     7.4778     7.8774    32.7999    32.8048    26.3000    26.3051    8.03958 0.0000e+00
      11460     69.332     0.5919     0.5685   2.789607   2.787561     2.0180     2.4633      7.889    -0.4493     0.0295 6.4533e-01    -0.1247   103.1656     7.4796     7.8819    32.8076    32.8058    26.3062    26.3061    8.03935 0.0000e+00
      11463     69.235     0.5453     0.5748   2.785004   2.788315     2.0201     2.4646      7.892    -0.4595     0.0295 6.5739e-01    -0.1236   103.1385     7.4987     7.8833    32.7973    32.8090    26.3005    26.3083    8.04978 0.0000e+00
      11466     69.139     0.5001     0.5913   2.783114   2.789037     2.0217     2.4666      7.894    -0.4697     0.0295 6.6045e-01    -0.1236   103.1385     7.5128     7.8878    32.8209    32.8009    26.3220    26.3009    8.05810 0.0000e+00
      11469     69.046     0.4502     0.5897   2.777364   2.789637     2.0217     2.4686      7.896    -0.4188     0.0295 6.6272e-01    -0.1236   103.1385     7.5230     7.8965    32.7993    32.8105    26.3073    26.3087    8.06992 0.0000e+00
      11472     68.957     0.3975     0.5636   2.776021   2.786736     2.0225     2.4690      7.896    -0.3985     0.0295 6.7045e-01    -0.1236   103.1385     7.5381     7.9068    32.8380    32.8006    26.3412    26.3022    8.07903 0.0000e+00
      11475     68.875     0.4061     0.5090   2.776915   2.782773     2.0237     2.4707      7.899    -0.3883     0.0295 6.7198e-01    -0.1236   103.1385     7.5404     7.9280    32.8405    32.8072    26.3428    26.3105    8.07706 0.0000e+00
      11478     68.797     0.4205     0.5001   2.777399   2.782613     2.0249     2.4723      7.899    -0.3985     0.0295 6.7587e-01    -0.1236   103.1385     7.5430     7.9377    32.8315    32.8146    26.3347    26.3169    8.07447 0.0000e+00
      11481     68.720     0.4937     0.4935   2.783913   2.782478     2.0270     2.4743      7.899    -0.4087    -0.1679 6.8534e-01    -0.1247   103.1656     7.5357     7.9500    32.8384    32.8199    26.3364    26.3215    8.05851 0.0000e+00
      11484     68.644     0.6172     0.5380   2.790949   2.786502     2.0282     2.4760      7.901    -0.3985    -0.4048 6.9329e-01    -0.1247   103.1656     7.5169     7.9475    32.7985    32.8249    26.2975    26.3231    8.03449 0.0000e+00
      11487     68.570     0.6572     0.5706   2.794232   2.787167     2.0303     2.4780      7.903    -0.3883    -0.3258 6.9168e-01    -0.1247   103.1656     7.5196     7.9511    32.7987    32.7989    26.2954    26.3005    8.02603 0.0000e+00
      11490     68.499     0.6705     0.5492   2.796040   2.786306     2.0303     2.4804      7.903    -0.4087    -0.3258 6.9812e-01    -0.1247   103.1656     7.5204     7.9697    32.8080    32.8106    26.3022    26.3110    8.02271 0.0000e+00
      11493     68.426     0.7132     0.5662   2.799268   2.788415     2.0319     2.4821      7.903    -0.3985    -0.3258 6.9812e-01    -0.1247   103.1656     7.5171     7.9782    32.8045    32.8199    26.2970    26.3175    8.01390 0.0000e+00
      11496     68.353     0.7319     0.6159   2.800209   2.792470     2.0335     2.4829      7.905    -0.3679    -0.3653 6.9731e-01    -0.1247   103.1656     7.5193     7.9728    32.7968    32.8198    26.2897    26.3147    8.01036 0.0000e+00
      11499     68.276     0.7131     0.6327   2.798511   2.793148     2.0343     2.4845      7.906    -0.3781    -0.3258 7.0296e-01    -0.1243   103.1566     7.5245     7.9750    32.7949    32.8108    26.2892    26.3066    8.01443 0.0000e+00
      11502     68.197     0.7280     0.6042   2.798798   2.790547     2.0364     2.4870      7.908    -0.3577    -0.3258 7.0378e-01    -0.1240   103.1475     7.5247     7.9911    32.7829    32.8074    26.2787    26.3054    8.01195 0.0000e+00
      11505     68.116     0.7690     0.5878   2.801471   2.789501     2.0368     2.4882      7.907    -0.3679    -0.3258 7.1692e-01    -0.1240   103.1475     7.5134     7.9983    32.7740    32.8113    26.2693    26.3094    8.00381 0.0000e+00
      11508     68.033     0.7232     0.5397   2.798954   2.785124     2.0392     2.4906      7.908    -0.3577     0.3848 7.2108e-01    -0.1236   103.1385     7.5292     8.0160    32.7900    32.8056    26.2848    26.3075    8.01257 0.0000e+00
      11511     67.946     0.7525     0.5083   2.800332   2.783287     2.0404     2.4923      7.909    -0.3577     0.5032 7.2025e-01    -0.1240   103.1475     7.5199     8.0256    32.7768    32.8151    26.2725    26.3169    8.00712 0.0000e+00
      11514     67.857     0.7488     0.5212   2.800070   2.784113     2.0408     2.4955      7.912    -0.3577     0.5032 7.3031e-01    -0.1243   103.1566     7.5181     8.0325    32.7775    32.8123    26.2732    26.3139    8.00788 0.0000e+00
      11517     67.764     0.6551     0.5087   2.796108   2.783819     2.0417     2.4971      7.913    -0.3679     0.5032 7.3200e-01    -0.1247   103.1656     7.5391     8.0389    32.8256    32.8218    26.3172    26.3222    8.02500 0.0000e+00
      11520     67.667     0.6666     0.5227   2.796336   2.785325     2.0433     2.4984      7.913    -0.3476     0.5032 7.5002e-01    -0.1226   103.1113     7.5375     8.0349    32.8163    32.8265    26.3092    26.3253    8.02306 0.0000e+00
      11523     67.569     0.6368     0.5502   2.794749   2.786771     2.0441     2.4996      7.915    -0.3272     0.5032 7.5609e-01    -0.1215   103.0842     7.5397     8.0265    32.8275    32.8161    26.3198    26.3154    8.02876 0.0000e+00
      11526     67.468     0.6694     0.6009   2.799293   2.792237     2.0445     2.5016      7.917    -0.3272     0.5032 7.5783e-01    -0.1215   103.0842     7.5244     8.0130    32.8517    32.8332    26.3375    26.3264    8.02055 0.0000e+00
      11529     67.363     0.7773     0.6651   2.805992   2.795754     2.0461     2.5028      7.917    -0.3374     0.5032 7.7110e-01    -0.1215   103.0842     7.5019     7.9972    32.8239    32.8107    26.3090    26.3047    7.99935 0.0000e+00
      11532     67.257     0.8538     0.7013   2.811071   2.799091     2.0461     2.5036      7.917    -0.3374     0.3453 7.7736e-01    -0.1215   103.0842     7.4837     7.9836    32.8085    32.8154    26.2921    26.3064    7.98414 0.0000e+00
      11535     67.153     0.8702     0.7592   2.811961   2.804191     2.0465     2.5057      7.920    -0.3171    -0.3653 7.8096e-01    -0.1212   103.0752     7.4853     7.9697    32.8027    32.8201    26.2865    26.3069    7.98103 0.0000e+00
      11538     67.048     0.8714     0.8075   2.812127   2.807515     2.0482     2.5069      7.922    -0.3374    -0.3258 7.9279e-01    -0.1215   103.0842     7.4948     7.9580    32.8037    32.8118    26.2872    26.2975    7.98074 0.0000e+00
      11541     66.941     0.8885     0.8420   2.813375   2.809014     2.0506     2.5081      7.922    -0.3272    -0.3258 8.0016e-01    -0.1222   103.1023     7.4992     7.9526    32.8017    32.7947    26.2846    26.2817    7.97726 0.0000e+00
      11544     66.834     0.8842     0.8344   2.812086   2.808564     2.0490     2.5098      7.922    -0.3272    -0.3258 8.0387e-01    -0.1226   103.1113     7.4920     7.9554    32.7897    32.7971    26.2752    26.2840    7.97881 0.0000e+00
      11547     66.725     0.8756     0.8193   2.812428   2.807304     2.0502     2.5106      7.923    -0.2764    -0.3258 8.1039e-01    -0.1226   103.1113     7.4967     7.9572    32.8033    32.7968    26.2866    26.2847    7.97988 0.0000e+00
      11550     66.620     0.8872     0.7862   2.811884   2.804433     2.0510     2.5122      7.924    -0.2356    -0.3258 8.1699e-01    -0.1226   103.1113     7.4951     7.9693    32.7841    32.7949    26.2705    26.2851    7.97850 0.0000e+00
      11553     66.517     0.8257     0.7542   2.807851   2.803179     2.0518     2.5138      7.925    -0.2458    -0.3258 8.3032e-01    -0.1226   103.1113     7.5093     7.9795    32.7972    32.8126    26.2847    26.3012    7.99065 0.0000e+00
      11556     66.412     0.9318     0.9045   2.818353   2.817634     2.0543     2.5142      7.926    -0.2458    -0.3258 8.2744e-01    -0.1226   103.1113     7.4941     7.9375    32.8202    32.8399    26.2969    26.3143    7.96722 0.0000e+00
      11559     66.308     1.0359     0.9880   2.825842   2.820938     2.0551     2.5159      7.926    -0.2458     0.8980 8.4194e-01    -0.1222   103.1023     7.4695     7.9199    32.8066    32.7942    26.2796    26.2726    7.94630 0.0000e+00
      11562     66.208     1.0607     1.0362   2.827153   2.825805     2.0555     2.5167      7.926    -0.2356     2.5956 8.4386e-01    -0.1222   103.1023     7.4605     7.9059    32.7973    32.8059    26.2706    26.2790    7.94165 0.0000e+00
      11565     66.108     1.0211     1.0780   2.823687   2.828708     2.0559     2.5179      7.926    -0.2458     2.5167 8.5072e-01    -0.1222   103.1023     7.4699     7.8941    32.7947    32.7990    26.2709    26.2709    7.95001 0.0000e+00
      11568     66.014     0.9774     1.0838   2.819498   2.828753     2.0563     2.5179      7.926    -0.2458     2.5167 8.5763e-01    -0.1215   103.0842     7.4815     7.8863    32.7871    32.7936    26.2675    26.2663    7.95952 0.0000e+00
      11571     65.923     0.9203     1.0657   2.816054   2.827552     2.0563     2.5199      7.926    -0.2458     2.5167 8.6660e-01    -0.1222   103.1023     7.4884     7.8922    32.8031    32.7972    26.2838    26.2703    7.97054 0.0000e+00
      11574     65.836     0.9594     1.0604   2.819255   2.826884     2.0571     2.5216      7.928    -0.1848     2.5167 8.7772e-01    -0.1222   103.1023     7.4799     7.8921    32.8031    32.7944    26.2815    26.2683    7.96240 0.0000e+00
      11577     65.752     0.9450     1.0504   2.817298   2.826149     2.0579     2.5216      7.931    -0.1848     2.5167 8.8178e-01    -0.1222   103.1023     7.4854     7.8873    32.7932    32.7956    26.2743    26.2699    7.96594 0.0000e+00
      11580     65.671     0.9339     1.0424   2.816401   2.824869     2.0592     2.5220      7.931    -0.1848     2.5167 8.9201e-01    -0.1215   103.0842     7.4922     7.8880    32.7934    32.7876    26.2752    26.2640    7.96824 0.0000e+00
      11583     65.595     0.9408     1.0044   2.817139   2.821409     2.0596     2.5228      7.931    -0.1848     2.5167 8.9928e-01    -0.1215   103.0842     7.4961     7.8934    32.7957    32.7834    26.2766    26.2629    7.96668 0.0000e+00
      11586     65.519     0.9376     0.9997   2.816666   2.821203     2.0596     2.5232      7.931    -0.1746     2.0034 9.0033e-01    -0.1215   103.0842     7.5016     7.8916    32.7930    32.7857    26.2746    26.2650    7.96748 0.0000e+00
      11589     65.448     0.9191     0.9854   2.815129   2.820548     2.0604     2.5240      7.931    -0.1848     1.8060 9.1185e-01    -0.1212   103.0752     7.5126     7.8929    32.7928    32.7925    26.2756    26.2714    7.97136 0.0000e+00
      11592     65.379     0.9207     1.0115   2.815401   2.822397     2.0612     2.5248      7.931    -0.1848     1.8060 9.1713e-01    -0.1215   103.0842     7.5196     7.8853    32.7946    32.7887    26.2770    26.2668    7.97092 0.0000e+00
      11595     65.306     0.9160     1.0226   2.814698   2.823310     2.0620     2.5248      7.931    -0.1746     1.8060 9.2670e-01    -0.1215   103.0842     7.5285     7.8784    32.7906    32.7888    26.2740    26.2661    7.97211 0.0000e+00
      11598     65.235     0.9079     1.0295   2.813701   2.823707     2.0632     2.5252      7.931    -0.1746     1.8060 9.2777e-01    -0.1215   103.0842     7.5410     7.8790    32.7864    32.7865    26.2711    26.2639    7.97404 0.0000e+00
      11601     65.166     0.9168     1.0280   2.814018   2.823744     2.0640     2.5256      7.936    -0.0830     1.8060 9.3966e-01    -0.1243   103.1566     7.5470     7.8823    32.7811    32.7886    26.2663    26.2657    7.97246 0.0000e+00
      11604     65.094     0.9327     1.0268   2.815256   2.823816     2.0640     2.5273      7.934    -0.0729     1.8060 9.3315e-01    -0.1268   103.2199     7.5488     7.8894    32.7803    32.7909    26.2647    26.2676    7.96919 0.0000e+00
      11607     65.022     0.9572     1.0251   2.817419   2.823789     2.0653     2.5265      7.936    -0.0830     1.8060 9.4183e-01    -0.1264   103.2108     7.5543     7.8915    32.7823    32.7923    26.2649    26.2689    7.96399 0.0000e+00
      11610     64.945     0.9606     1.0249   2.816748   2.823411     2.0661     2.5277      7.936    -0.0830     1.9245 9.4619e-01    -0.1268   103.2199     7.5636     7.9020    32.7701    32.7878    26.2549    26.2652    7.96393 0.0000e+00
      11613     64.872     0.9164     1.0123   2.813251   2.822228     2.0669     2.5277      7.936    -0.0932     3.8590 9.4729e-01    -0.1268   103.2199     7.5799     7.9097    32.7718    32.7860    26.2589    26.2645    7.97305 0.0000e+00
      11616     64.793     0.8919     1.0046   2.811406   2.822191     2.0677     2.5285      7.936    -0.1034     3.9379 9.5498e-01    -0.1268   103.2199     7.5923     7.9203    32.7740    32.7937    26.2621    26.2712    7.97805 0.0000e+00
      11619     64.709     0.8870     1.0081   2.810896   2.822427     2.0693     2.5293      7.936    -0.0830     3.9379 9.5498e-01    -0.1268   103.2199     7.6051     7.9332    32.7727    32.7930    26.2613    26.2704    7.97915 0.0000e+00
      11622     64.624     0.8539     0.9968   2.809451   2.821078     2.0706     2.5301      7.936    -0.1034     3.9379 9.7058e-01    -0.1292   103.2831     7.6232     7.9507    32.7891    32.7877    26.2765    26.2668    7.98518 0.0000e+00
      11625     64.536     0.8431     0.9762   2.808089   2.819406     2.0714     2.5305      7.939    -0.1237     3.9379 9.7057e-01    -0.1296   103.2922     7.6380     7.9690    32.7830    32.7880    26.2722    26.2683    7.98777 0.0000e+00
      11628     64.444     0.8319     0.9646   2.806686   2.818847     2.0726     2.5317      7.939    -0.1645     3.9379 9.7507e-01    -0.1299   103.3012     7.6547     7.9918    32.7768    32.7931    26.2679    26.2731    7.99045 0.0000e+00
      11631     64.350     0.8287     0.9563   2.805604   2.818172     2.0734     2.5338      7.941    -0.1543     3.9379 9.8412e-01    -0.1299   103.3012     7.6680     8.0151    32.7664    32.7933    26.2597    26.2738    7.99170 0.0000e+00
      11634     64.253     0.8207     0.9507   2.803932   2.817518     2.0750     2.5346      7.941    -0.1441     3.9379 9.8869e-01    -0.1299   103.3012     7.6891     8.0314    32.7533    32.7908    26.2496    26.2721    7.99408 0.0000e+00
      11637     64.152     0.8210     0.9428   2.804315   2.816423     2.0750     2.5350      7.941    -0.1543     3.6616 9.9672e-01    -0.1299   103.3012     7.6969     8.0473    32.7580    32.7852    26.2534    26.2680    7.99376 0.0000e+00
      11640     64.048     0.8229     0.8728   2.804290   2.807820     2.0767     2.5370      7.943    -0.1543     2.7535 1.0025e+00    -0.1292   103.2831     7.7119     8.0821    32.7558    32.7485    26.2515    26.2427    7.99349 0.0000e+00
      11643     63.943     0.8224     0.8153   2.803806   2.803418     2.0783     2.5395      7.943    -0.1441     2.7535 1.0118e+00    -0.1292   103.2831     7.7253     8.1141    32.7501    32.7526    26.2470    26.2494    7.99391 0.0000e+00
      11646     63.835     0.8378     0.8195   2.805048   2.803902     2.0799     2.5415      7.944    -0.1543     2.7535 1.0236e+00    -0.1296   103.2922     7.7374     8.1276    32.7499    32.7545    26.2459    26.2506    7.99068 0.0000e+00
      11649     63.726     0.8537     0.8438   2.805874   2.805493     2.0820     2.5436      7.944    -0.1441     2.7535 1.0307e+00    -0.1289   103.2741     7.7510     8.1344    32.7438    32.7493    26.2400    26.2451    7.98768 0.0000e+00
