Datasets/AZMP/TEL210/tel210_2020_010.cnv
* Sea-Bird SBE 9 Data File:
* FileName = C:\CTDDATA\tel210_2020_010.hex
* Software Version Seasave V 7.26.7.110
* Temperature SN = 1697
* Conductivity SN = 4216
* Number of Bytes Per Scan = 30
* Number of Voltage Words = 4
* Number of Scans Averaged by the Deck Unit = 1
* NMEA baud rate = 4800
** VESSEL/TRIP/SEQ STN:  tel210_2020_010
** LATITUDE XX XX.XX: 47 00.00 N
** LONGITUDE XX XX.XX: 050 40.00 W
** SOUNDING DEPTH (M): 0178
** PROBE TYPE: S1146
** CTD NUMBER: 009
** COMMENTS (14 CHAR): FC-08
** BOTTLES:  0
** LEVELS:
** STICKERS:
** VNET: N
** DO2: N
# nquan = 22
# nvalues = 3328                        
# units = specified
# name 0 = scan: Scan Count
# name 1 = prDM: Pressure, Digiquartz [db]
# name 2 = t090C: Temperature [ITS-90, deg C]
# name 3 = t190C: Temperature, 2 [ITS-90, deg C]
# name 4 = c0S/m: Conductivity [S/m]
# name 5 = c1S/m: Conductivity, 2 [S/m]
# name 6 = sbeox0V: Oxygen raw, SBE 43 [V]
# name 7 = sbeox1V: Oxygen raw, SBE 43, 2 [V]
# name 8 = ph: pH
# name 9 = flECO-AFL: Fluorescence, WET Labs ECO-AFL/FL [mg/m^3]
# name 10 = wetCDOM: Fluorescence, WET Labs CDOM [mg/m^3]
# name 11 = par/sat/log: PAR/Logarithmic, Satlantic [umol photons/m^2/sec]
# name 12 = CStarAt0: Beam Attenuation, WET Labs C-Star [1/m]
# name 13 = CStarTr0: Beam Transmission, WET Labs C-Star [%]
# name 14 = sbeox0ML/L: Oxygen, SBE 43 [ml/l], WS = 2
# name 15 = sbeox1ML/L: Oxygen, SBE 43, 2 [ml/l], WS = 2
# name 16 = sal00: Salinity, Practical [PSU]
# name 17 = sal11: Salinity, Practical, 2 [PSU]
# name 18 = sigma-t00: Density [sigma-t, kg/m^3 ]
# name 19 = sigma-t11: Density, 2 [sigma-t, kg/m^3 ]
# name 20 = oxsatML/L: Oxygen Saturation, Weiss [ml/l]
# name 21 = flag: flag
# span 0 =          2,      13121       
# span 1 =      1.275,    171.223       
# span 2 =    -0.3354,    11.2550       
# span 3 =    -0.3408,    11.2504       
# span 4 =   2.729394,   3.632894       
# span 5 =   2.729004,   3.632676       
# span 6 =     1.8009,     2.3955       
# span 7 =     2.1777,     2.9097       
# span 8 =      7.765,      8.122       
# span 9 =    -0.6019,     2.1656       
# span 10 =    -2.8130,   482.1870      
# span 11 = 1.0690e-01, 2.4886e+01      
# span 12 =    -0.1460,     0.1587      
# span 13 =    96.1120,   103.7172      
# span 14 =     6.2596,     8.2280      
# span 15 =     6.1680,     8.7709      
# span 16 =    32.0274,    32.9548      
# span 17 =    32.0456,    32.9546      
# span 18 =    24.4197,    26.4696      
# span 19 =    24.4494,    26.4697      
# span 20 =    6.26259,    8.23182      
# span 21 = 0.0000e+00, 0.0000e+00      
# interval = scans: 3                   
# start_time = Jul 15 2020 21:55:22 [System UTC, header]
# bad_flag = -9.990e-29
*END*
[from data line 1581]
       5922    166.295    -0.2113    -0.2186   2.738889   2.738357     1.8318     2.2135      7.775    -0.5002    13.3339 1.0715e-01     0.0156    99.6116     6.6340     6.9595    32.9463    32.9472    26.4582    26.4592    8.20485 0.0000e+00
       5925    166.380    -0.2122    -0.2189   2.738811   2.738346     1.8318     2.2135      7.775    -0.4900     3.3062 1.0715e-01     0.0156    99.6116     6.6340     6.9626    32.9462    32.9473    26.4581    26.4593    8.20505 0.0000e+00
       5928    166.451    -0.2134    -0.2195   2.738737   2.738292     1.8310     2.2135      7.777    -0.5002     1.8455 1.0715e-01     0.0160    99.6026     6.6313     6.9607    32.9465    32.9472    26.4584    26.4593    8.20531 0.0000e+00
       5931    166.503    -0.2139    -0.2190   2.738707   2.738364     1.8314     2.2139      7.775    -0.4900     1.9245 1.0715e-01     0.0177    99.5574     6.6343     6.9643    32.9466    32.9476    26.4586    26.4595    8.20542 0.0000e+00
       5934    166.543    -0.2129    -0.2194   2.738752   2.738323     1.8314     2.2143      7.777    -0.4900     1.9245 1.0715e-01     0.0177    99.5574     6.6355     6.9678    32.9462    32.9474    26.4581    26.4594    8.20522 0.0000e+00
       6014    166.579    -0.2231    -0.2285   2.737952   2.737576     1.8297     2.2119      7.775    -0.5002   321.5468 1.0715e-01     0.0199    99.5031     6.6240     6.9302    32.9464    32.9473    26.4588    26.4597    8.20743 0.0000e+00
       6055    166.676    -0.2314    -0.2382   2.737181   2.736783     1.8281     2.2111      7.775    -0.4900   215.4271 1.0715e-01     0.0214    99.4670     6.6116     6.9133    32.9452    32.9472    26.4582    26.4601    8.20934 0.0000e+00
       6058    166.776    -0.2435    -0.2424   2.736136   2.736413     1.8285     2.2111      7.775    -0.5002     2.3982 1.0715e-01     0.0210    99.4760     6.6167     6.9144    32.9443    32.9468    26.4580    26.4599    8.21204 0.0000e+00
       6061    166.870    -0.2494    -0.2500   2.735796   2.735713     1.8281     2.2102      7.775    -0.5002     9.7808 1.0727e-01     0.0210    99.4760     6.6142     6.9122    32.9461    32.9457    26.4597    26.4594    8.21324 0.0000e+00
       6064    166.957    -0.2539    -0.2611   2.735404   2.734807     1.8285     2.2107      7.775    -0.4900     9.4650 1.0715e-01     0.0210    99.4760     6.6161     6.9151    32.9458    32.9456    26.4596    26.4598    8.21425 0.0000e+00
       6067    167.034    -0.2597    -0.2716   2.734791   2.734166     1.8285     2.2098      7.775    -0.5002     9.4650 1.0715e-01     0.0210    99.4760     6.6153     6.9131    32.9439    32.9484    26.4583    26.4625    8.21563 0.0000e+00
       6070    167.100    -0.2666    -0.2707   2.734471   2.734349     1.8273     2.2098      7.775    -0.5002     9.4650 1.0715e-01     0.0203    99.4941     6.6085     6.9127    32.9470    32.9499    26.4611    26.4637    8.21697 0.0000e+00
       6073    167.153    -0.2686    -0.2761   2.734276   2.733901     1.8277     2.2090      7.775    -0.5002     9.4255 1.0727e-01     0.0177    99.5574     6.6094     6.9127    32.9465    32.9497    26.4609    26.4637    8.21743 0.0000e+00
       6076    167.198    -0.2728    -0.2817   2.734020   2.733519     1.8277     2.2074      7.775    -0.4900     9.3860 1.0715e-01     0.0181    99.5484     6.6076     6.9075    32.9476    32.9506    26.4620    26.4648    8.21830 0.0000e+00
       6079    167.231    -0.2746    -0.2778   2.733986   2.733763     1.8269     2.2086      7.775    -0.4900     9.4650 1.0715e-01     0.0181    99.5484     6.6042     6.9126    32.9491    32.9497    26.4632    26.4638    8.21860 0.0000e+00
       6129    167.263    -0.2836    -0.2929   2.733247   2.732577     1.8244     2.2045      7.772    -0.4900    91.7788 1.0715e-01     0.0319    99.2047     6.5913     6.8993    32.9490    32.9501    26.4636    26.4649    8.22060 0.0000e+00
       6155    167.312    -0.2919    -0.3029   2.732614   2.731835     1.8224     2.2017      7.770    -0.4493     4.4117 1.0715e-01     0.0392    99.0238     6.5804     6.8887    32.9495    32.9511    26.4643    26.4660    8.22239 0.0000e+00
       6158    167.363    -0.2966    -0.3023   2.732206   2.731865     1.8216     2.2017      7.770    -0.4595     4.0959 1.0727e-01     0.0392    99.0238     6.5787     6.8902    32.9492    32.9508    26.4643    26.4658    8.22345 0.0000e+00
       6161    167.416    -0.3010    -0.3017   2.731901   2.731891     1.8224     2.2013      7.772    -0.4493    -0.0890 1.0715e-01     0.0389    99.0329     6.5817     6.8886    32.9499    32.9505    26.4650    26.4655    8.22439 0.0000e+00
       6164    167.469    -0.3031    -0.3062   2.731772   2.731520     1.8224     2.2009      7.770    -0.4595    -0.2469 1.0715e-01     0.0385    99.0419     6.5823     6.8863    32.9504    32.9504    26.4656    26.4657    8.22482 0.0000e+00
       6167    167.522    -0.3047    -0.3091   2.731616   2.731309     1.8216     2.2013      7.770    -0.4595    -0.2074 1.0715e-01     0.0389    99.0329     6.5803     6.8896    32.9500    32.9507    26.4653    26.4660    8.22519 0.0000e+00
       6170    167.575    -0.3046    -0.3099   2.731592   2.731308     1.8216     2.2001      7.770    -0.4493    -0.2074 1.0715e-01     0.0396    99.0148     6.5804     6.8854    32.9496    32.9515    26.4649    26.4667    8.22520 0.0000e+00
       6173    167.627    -0.3060    -0.3059   2.731529   2.731650     1.8212     2.2013      7.770    -0.4595    -0.2074 1.0715e-01     0.0396    99.0148     6.5761     6.8921    32.9503    32.9517    26.4655    26.4666    8.22547 0.0000e+00
       6176    167.680    -0.3082    -0.3057   2.731336   2.731522     1.8208     2.2001      7.770    -0.4493    -0.2074 1.0715e-01     0.0400    99.0058     6.5734     6.8866    32.9500    32.9497    26.4654    26.4651    8.22597 0.0000e+00
       6179    167.732    -0.3110    -0.3105   2.731116   2.731154     1.8204     2.1992      7.770    -0.4392    -0.2074 1.0715e-01     0.0396    99.0148     6.5724     6.8843    32.9501    32.9500    26.4656    26.4656    8.22658 0.0000e+00
       6182    167.784    -0.3142    -0.3151   2.730879   2.730848     1.8212     2.2001      7.770    -0.4188    -0.2074 1.0715e-01     0.0396    99.0148     6.5774     6.8878    32.9504    32.9509    26.4660    26.4664    8.22727 0.0000e+00
       6185    167.826    -0.3151    -0.3179   2.730845   2.730557     1.8195     2.1992      7.770    -0.4290    -0.5627 1.0715e-01     0.0396    99.0148     6.5673     6.8841    32.9509    32.9501    26.4664    26.4658    8.22744 0.0000e+00
       6188    167.864    -0.3149    -0.3235   2.730870   2.730184     1.8204     2.1988      7.770    -0.4290    -1.3918 1.0715e-01     0.0396    99.0148     6.5735     6.8837    32.9509    32.9511    26.4664    26.4670    8.22739 0.0000e+00
       6191    167.902    -0.3155    -0.3254   2.730755   2.730051     1.8200     2.1984      7.770    -0.4188    -1.2733 1.0715e-01     0.0403    98.9967     6.5710     6.8796    32.9500    32.9514    26.4657    26.4673    8.22757 0.0000e+00
       6194    167.934    -0.3191    -0.3258   2.730507   2.730053     1.8200     2.1989      7.770    -0.4188    -1.2733 1.0715e-01     0.0407    98.9877     6.5738     6.8821    32.9506    32.9519    26.4664    26.4677    8.22833 0.0000e+00
       6227    167.958    -0.3181    -0.3222   2.730589   2.730320     1.8171     2.1964      7.770    -0.4392     0.3848 1.0715e-01     0.0411    98.9786     6.5625     6.8795    32.9506    32.9515    26.4663    26.4672    8.22811 0.0000e+00
       6289    167.990    -0.3121    -0.3115   2.731105   2.731190     1.8143     2.1923      7.770    -0.4493     3.9379 1.0715e-01     0.0418    98.9605     6.5561     6.8778    32.9510    32.9514    26.4664    26.4667    8.22678 0.0000e+00
       6292    168.043    -0.3107    -0.3116   2.731209   2.731141     1.8139     2.1903      7.770    -0.4595     5.6750 1.0715e-01     0.0429    98.9334     6.5558     6.8724    32.9508    32.9508    26.4662    26.4662    8.22647 0.0000e+00
       6295    168.101    -0.3101    -0.3142   2.731227   2.730972     1.8139     2.1911      7.770    -0.4697     5.7145 1.0715e-01     0.0451    98.8791     6.5575     6.8752    32.9503    32.9515    26.4658    26.4668    8.22637 0.0000e+00
       6298    168.162    -0.3103    -0.3140   2.731226   2.731014     1.8134     2.1915      7.770    -0.4595     5.7145 1.0715e-01     0.0451    98.8791     6.5561     6.8725    32.9505    32.9517    26.4659    26.4670    8.22640 0.0000e+00
       6301    168.226    -0.3111    -0.3121   2.731171   2.731126     1.8134     2.1919      7.770    -0.4493     5.7145 1.0715e-01     0.0451    98.8791     6.5580     6.8718    32.9506    32.9511    26.4660    26.4665    8.22657 0.0000e+00
       6304    168.294    -0.3103    -0.3103   2.731244   2.731281     1.8139     2.1907      7.770    -0.4697     5.7145 1.0715e-01     0.0451    98.8791     6.5587     6.8665    32.9507    32.9512    26.4661    26.4665    8.22640 0.0000e+00
       6307    168.365    -0.3095    -0.3120   2.731281   2.731100     1.8134     2.1915      7.770    -0.4595     5.7145 1.0715e-01     0.0451    98.8791     6.5573     6.8728    32.9503    32.9505    26.4657    26.4660    8.22624 0.0000e+00
       6310    168.438    -0.3129    -0.3206   2.730974   2.730363     1.8130     2.1911      7.770    -0.4493     5.7145 1.0715e-01     0.0451    98.8791     6.5547     6.8728    32.9499    32.9501    26.4655    26.4660    8.22702 0.0000e+00
       6313    168.511    -0.3200    -0.3276   2.730376   2.729922     1.8134     2.1907      7.770    -0.4392     5.7145 1.0715e-01     0.0451    98.8791     6.5572     6.8740    32.9495    32.9517    26.4655    26.4676    8.22859 0.0000e+00
       6316    168.593    -0.3246    -0.3307   2.730127   2.729737     1.8130     2.1907      7.770    -0.4493     3.4642 1.0715e-01     0.0451    98.8791     6.5521     6.8749    32.9511    32.9526    26.4670    26.4684    8.22952 0.0000e+00
       6319    168.680    -0.3264    -0.3311   2.729994   2.729734     1.8130     2.1903      7.770    -0.4697    -0.8785 1.0715e-01     0.0451    98.8791     6.5503     6.8689    32.9513    32.9529    26.4672    26.4687    8.22991 0.0000e+00
       6322    168.760    -0.3263    -0.3308   2.730011   2.729773     1.8130     2.1903      7.770    -0.4595    -0.7206 1.0715e-01     0.0451    98.8791     6.5499     6.8679    32.9513    32.9530    26.4672    26.4688    8.22989 0.0000e+00
       6325    168.841    -0.3276    -0.3306   2.729924   2.729732     1.8126     2.1895      7.770    -0.4493    -0.6811 1.0715e-01     0.0451    98.8791     6.5472     6.8639    32.9515    32.9522    26.4675    26.4682    8.23016 0.0000e+00
       6328    168.926    -0.3290    -0.3325   2.729832   2.729557     1.8126     2.1895      7.770    -0.4392    -0.6811 1.0715e-01     0.0451    98.8791     6.5474     6.8624    32.9518    32.9519    26.4677    26.4680    8.23046 0.0000e+00
       6331    169.006    -0.3294    -0.3367   2.729767   2.729258     1.8126     2.1903      7.769    -0.4595    -0.7206 1.0715e-01     0.0451    98.8791     6.5506     6.8657    32.9513    32.9524    26.4674    26.4686    8.23057 0.0000e+00
       6334    169.090    -0.3319    -0.3387   2.729603   2.729133     1.8122     2.1899      7.769    -0.4595    -0.6811 1.0715e-01     0.0484    98.7978     6.5490     6.8678    32.9518    32.9529    26.4679    26.4690    8.23109 0.0000e+00
       6337    169.170    -0.3340    -0.3398   2.729449   2.729071     1.8114     2.1903      7.767    -0.4493    -0.6811 1.0715e-01     0.0488    98.7887     6.5445     6.8688    32.9520    32.9531    26.4681    26.4693    8.23155 0.0000e+00
       6340    169.246    -0.3343    -0.3402   2.729434   2.729029     1.8110     2.1891      7.769    -0.4392    -0.6811 1.0715e-01     0.0491    98.7797     6.5428     6.8646    32.9521    32.9530    26.4682    26.4692    8.23162 0.0000e+00
       6343    169.318    -0.3346    -0.3404   2.729419   2.729037     1.8110     2.1891      7.770    -0.4595   297.0303 1.0703e-01     0.0484    98.7978     6.5427     6.8647    32.9522    32.9533    26.4683    26.4694    8.23168 0.0000e+00
       6346    169.387    -0.3350    -0.3404   2.729395   2.729039     1.8114     2.1891      7.767    -0.4595   481.7133 1.0715e-01     0.0484    98.7978     6.5491     6.8652    32.9521    32.9533    26.4683    26.4694    8.23175 0.0000e+00
       6349    169.450    -0.3349    -0.3403   2.729402   2.729026     1.8118     2.1883      7.767    -0.4697   480.9632 1.0715e-01     0.0484    98.7978     6.5514     6.8621    32.9521    32.9530    26.4683    26.4692    8.23174 0.0000e+00
       6352    169.507    -0.3349    -0.3404   2.729401   2.729028     1.8110     2.1879      7.766    -0.4595   481.3184 1.0715e-01     0.0521    98.7073     6.5466     6.8588    32.9521    32.9531    26.4682    26.4693    8.23174 0.0000e+00
       6355    169.559    -0.3349    -0.3406   2.729414   2.729027     1.8118     2.1887      7.766    -0.4493   481.3579 1.0715e-01     0.0689    98.2914     6.5515     6.8599    32.9523    32.9533    26.4684    26.4694    8.23174 0.0000e+00
       6358    169.603    -0.3349    -0.3404   2.729394   2.729004     1.8106     2.1887      7.767    -0.4493   481.3579 1.0703e-01     0.0693    98.2823     6.5465     6.8607    32.9520    32.9527    26.4682    26.4690    8.23175 0.0000e+00
       6361    169.638    -0.3350    -0.3405   2.729403   2.729022     1.8106     2.1879      7.767    -0.4493   481.3579 1.0703e-01     0.0693    98.2823     6.5493     6.8610    32.9521    32.9530    26.4683    26.4692    8.23176 0.0000e+00
       6364    169.665    -0.3347    -0.3404   2.729417   2.729020     1.8106     2.1879      7.766    -0.4290   481.3579 1.0715e-01     0.0693    98.2823     6.5474     6.8614    32.9520    32.9529    26.4682    26.4691    8.23171 0.0000e+00
       6448    169.707    -0.3349    -0.3405   2.729422   2.729018     1.8082     2.1838      7.767    -0.4697   167.9338 1.0715e-01     0.0919    97.7307     6.5375     6.8493    32.9523    32.9530    26.4684    26.4692    8.23173 0.0000e+00
       6492    169.803    -0.3350    -0.3406   2.729445   2.729065     1.8069     2.1809      7.766    -0.4798    11.2415 1.0715e-01     0.1033    97.4503     6.5320     6.8404    32.9526    32.9536    26.4687    26.4697    8.23174 0.0000e+00
       6495    169.904    -0.3349    -0.3405   2.729450   2.729061     1.8061     2.1818      7.766    -0.4493    11.2415 1.0703e-01     0.1033    97.4503     6.5287     6.8456    32.9525    32.9534    26.4685    26.4695    8.23171 0.0000e+00
       6498    170.007    -0.3348    -0.3406   2.729449   2.729037     1.8053     2.1805      7.766    -0.4697    21.4271 1.0690e-01     0.1026    97.4684     6.5241     6.8434    32.9523    32.9531    26.4685    26.4693    8.23171 0.0000e+00
       6501    170.113    -0.3348    -0.3406   2.729452   2.729056     1.8061     2.1805      7.766    -0.4493   433.3119 1.0715e-01     0.1030    97.4594     6.5305     6.8457    32.9523    32.9533    26.4684    26.4695    8.23171 0.0000e+00
       6504    170.221    -0.3351    -0.3405   2.729450   2.729071     1.8069     2.1805      7.766    -0.4493   481.2000 1.0703e-01     0.1030    97.4594     6.5359     6.8486    32.9525    32.9534    26.4686    26.4695    8.23175 0.0000e+00
       6507    170.330    -0.3351    -0.3406   2.729481   2.729068     1.8049     2.1805      7.766    -0.4697   481.1211 1.0715e-01     0.1026    97.4684     6.5216     6.8496    32.9529    32.9534    26.4689    26.4695    8.23174 0.0000e+00
       6510    170.437    -0.3349    -0.3408   2.729464   2.729050     1.8061     2.1805      7.766    -0.4493   481.3579 1.0703e-01     0.1030    97.4594     6.5243     6.8495    32.9524    32.9533    26.4685    26.4695    8.23172 0.0000e+00
