Datasets/AZMP/TEL210/tel210_2020_049.cnv
* Sea-Bird SBE 9 Data File:
* FileName = C:\CTDDATA\tel210_2020_049.hex
* Software Version Seasave V 7.26.7.110
* Temperature SN = 1697
* Conductivity SN = 4216
* Number of Bytes Per Scan = 30
* Number of Voltage Words = 4
* Number of Scans Averaged by the Deck Unit = 1
* NMEA baud rate = 4800
** VESSEL/TRIP/SEQ STN:  tel210_2020_049
** LATITUDE XX XX.XX: 49 31.00 N
** LONGITUDE XX XX.XX: 050 32.00 W
** SOUNDING DEPTH (M): 0330
** PROBE TYPE: S1146
** CTD NUMBER: 039
** COMMENTS (14 CHAR): BB-10
** BOTTLES:  10
** LEVELS: 5,10,20,30,40,50,75,100,150,BTM
** STICKERS: 436023 - 436032
** VNET: Y
** DO2: Y
# nquan = 22
# nvalues = 7754                        
# units = specified
# name 0 = scan: Scan Count
# name 1 = prDM: Pressure, Digiquartz [db]
# name 2 = t090C: Temperature [ITS-90, deg C]
# name 3 = t190C: Temperature, 2 [ITS-90, deg C]
# name 4 = c0S/m: Conductivity [S/m]
# name 5 = c1S/m: Conductivity, 2 [S/m]
# name 6 = sbeox0V: Oxygen raw, SBE 43 [V]
# name 7 = sbeox1V: Oxygen raw, SBE 43, 2 [V]
# name 8 = ph: pH
# name 9 = flECO-AFL: Fluorescence, WET Labs ECO-AFL/FL [mg/m^3]
# name 10 = wetCDOM: Fluorescence, WET Labs CDOM [mg/m^3]
# name 11 = par/sat/log: PAR/Logarithmic, Satlantic [umol photons/m^2/sec]
# name 12 = CStarAt0: Beam Attenuation, WET Labs C-Star [1/m]
# name 13 = CStarTr0: Beam Transmission, WET Labs C-Star [%]
# name 14 = sbeox0ML/L: Oxygen, SBE 43 [ml/l], WS = 2
# name 15 = sbeox1ML/L: Oxygen, SBE 43, 2 [ml/l], WS = 2
# name 16 = sal00: Salinity, Practical [PSU]
# name 17 = sal11: Salinity, Practical, 2 [PSU]
# name 18 = sigma-t00: Density [sigma-t, kg/m^3 ]
# name 19 = sigma-t11: Density, 2 [sigma-t, kg/m^3 ]
# name 20 = oxsatML/L: Oxygen Saturation, Weiss [ml/l]
# name 21 = flag: flag
# span 0 =          2,      57012       
# span 1 =      1.386,    334.154       
# span 2 =     0.1005,     9.9663       
# span 3 =     0.0810,     9.9555       
# span 4 =   2.770053,   3.566927       
# span 5 =   2.769259,   3.565620       
# span 6 =     1.9041,     2.5352       
# span 7 =     2.2965,     3.1167       
# span 8 =      7.985,      8.274       
# span 9 =     0.6346,    16.4865       
# span 10 =    -2.8130,   482.1870      
# span 11 = 1.0715e-01, 7.6397e+02      
# span 12 =    -0.1355,     2.0095      
# span 13 =    60.5091,   103.4459      
# span 14 =     6.3543,    10.1851      
# span 15 =     6.6365,    10.7188      
# span 16 =    32.1592,    34.7310      
# span 17 =    32.5004,    34.7321      
# span 18 =    24.9605,    27.6360      
# span 19 =    25.0506,    27.6373      
# span 20 =    6.42161,    8.12381      
# span 21 = 0.0000e+00, 0.0000e+00      
# interval = scans: 3                   
# start_time = Jul 20 2020 21:03:17 [System UTC, header]
# bad_flag = -9.990e-29
*END*
[from data line 6321]
      34402     73.952     1.7276     1.7011   2.983327   2.981485     2.0221     2.4473      8.054     2.2854    -1.5497 1.0715e-01     0.0462    98.8520     7.0019     7.3029    34.0661    34.0715    27.2440    27.2503    7.73892 0.0000e+00
      34405     73.895     1.7229     1.6990   2.982249   2.980867     2.0230     2.4469      8.054     2.2960    -1.5497 1.0715e-01     0.0462    98.8520     7.0069     7.3019    34.0576    34.0660    27.2376    27.2461    7.74030 0.0000e+00
      34408     73.836     1.7162     1.6913   2.981750   2.980147     2.0221     2.4469      8.054     2.2960    -1.5497 1.0715e-01     0.0462    98.8520     7.0023     7.3042    34.0585    34.0652    27.2389    27.2461    7.74157 0.0000e+00
      34411     73.772     1.7118     1.6904   2.981688   2.980348     2.0226     2.4469      8.054     2.2960    -1.5102 1.0715e-01     0.0458    98.8610     7.0019     7.3050    34.0625    34.0688    27.2424    27.2490    7.74224 0.0000e+00
      34414     73.707     1.7081     1.6872   2.981595   2.979783     2.0217     2.4461      8.054     2.2960    -1.5102 1.0715e-01     0.0462    98.8520     6.9984     7.3024    34.0655    34.0651    27.2450    27.2463    7.74283 0.0000e+00
      34417     73.637     1.7056     1.6774   2.981028   2.978926     2.0217     2.4469      8.054     2.2854    -0.2469 1.0715e-01     0.0462    98.8520     7.0008     7.3082    34.0610    34.0649    27.2416    27.2469    7.74356 0.0000e+00
      34420     73.567     1.6996     1.6718   2.979429   2.978263     2.0226     2.4457      8.054     2.2854     1.6481 1.0715e-01     0.0290    99.2770     7.0034     7.3042    34.0473    34.0627    27.2311    27.2455    7.74547 0.0000e+00
      34423     73.497     1.6910     1.6671   2.978817   2.977893     2.0217     2.4453      8.054     2.1690     1.5692 1.0715e-01     0.0181    99.5484     7.0006     7.3043    34.0490    34.0631    27.2330    27.2461    7.74710 0.0000e+00
      34426     73.424     1.6843     1.6671   2.978568   2.977965     2.0217     2.4457      8.054     1.8727     1.5692 1.0715e-01     0.0177    99.5574     7.0001     7.3051    34.0531    34.0641    27.2368    27.2469    7.74822 0.0000e+00
      34429     73.349     1.6794     1.6672   2.978288   2.977927     2.0213     2.4457      8.054     1.8727     1.5692 1.0715e-01     0.0181    99.5484     7.0000     7.3056    34.0549    34.0635    27.2386    27.2465    7.74910 0.0000e+00
      34432     73.278     1.6764     1.6677   2.978293   2.978025     2.0213     2.4457      8.051     1.8833     1.5692 1.0715e-01     0.0184    99.5393     7.0039     7.3077    34.0583    34.0643    27.2416    27.2471    7.74953 0.0000e+00
      34435     73.207     1.6749     1.6698   2.978402   2.978181     2.0213     2.4453      8.052     1.8833     1.5692 1.0715e-01     0.0184    99.5393     7.0058     7.3084    34.0613    34.0640    27.2441    27.2466    7.74967 0.0000e+00
      34438     73.134     1.6746     1.6708   2.978531   2.978290     2.0221     2.4457      8.054     1.8939     1.5692 1.0715e-01     0.0184    99.5393     7.0100     7.3123    34.0633    34.0643    27.2457    27.2468    7.74963 0.0000e+00
      34441     73.063     1.6750     1.6718   2.978635   2.978352     2.0213     2.4461      8.054     1.8727     1.5692 1.0715e-01     0.0250    99.3765     7.0066     7.3151    34.0642    34.0641    27.2464    27.2466    7.74949 0.0000e+00
      34444     73.000     1.6759     1.6728   2.978773   2.978404     2.0205     2.4457      8.054     1.8727     3.6616 1.0715e-01     0.0261    99.3494     7.0020     7.3152    34.0650    34.0637    27.2470    27.2462    7.74927 0.0000e+00
      34447     72.936     1.6778     1.6740   2.979463   2.978543     2.0213     2.4457      8.052     1.8727     4.5696 1.0715e-01     0.0258    99.3584     7.0080     7.3153    34.0717    34.0642    27.2522    27.2465    7.74854 0.0000e+00
      34450     72.876     1.6816     1.6752   2.979706   2.978618     2.0213     2.4445      8.051     1.8198     4.5301 1.0715e-01     0.0254    99.3675     7.0112     7.3105    34.0707    34.0639    27.2511    27.2462    7.74783 0.0000e+00
      34453     72.816     1.6843     1.6760   2.979506   2.978696     2.0213     2.4453      8.052     1.7880     4.5301 1.0715e-01     0.0265    99.3403     7.0130     7.3144    34.0653    34.0640    27.2467    27.2462    7.74758 0.0000e+00
      34456     72.761     1.6849     1.6767   2.979269   2.978725     2.0213     2.4457      8.052     1.7986     4.5301 1.0715e-01     0.0265    99.3403     7.0154     7.3172    34.0617    34.0636    27.2437    27.2459    7.74765 0.0000e+00
      34459     72.713     1.6844     1.6769   2.979148   2.978729     2.0217     2.4457      8.052     1.7986     4.5301 1.0715e-01     0.0276    99.3132     7.0214     7.3203    34.0607    34.0635    27.2430    27.2457    7.74780 0.0000e+00
      34462     72.666     1.6839     1.6773   2.979097   2.978738     2.0209     2.4457      8.052     1.7881     4.5301 1.0715e-01     0.0356    99.1143     7.0199     7.3213    34.0607    34.0633    27.2429    27.2455    7.74791 0.0000e+00
      34465     72.624     1.6837     1.6777   2.979114   2.978747     2.0213     2.4457      8.049     1.7881     4.5301 1.0715e-01     0.0352    99.1233     7.0229     7.3248    34.0611    34.0629    27.2433    27.2452    7.74792 0.0000e+00
      34468     72.584     1.6841     1.6780   2.979164   2.978722     2.0209     2.4453      8.051     1.7775     4.2143 1.0752e-01     0.0352    99.1233     7.0215     7.3243    34.0614    34.0623    27.2435    27.2447    7.74783 0.0000e+00
      34471     72.552     1.6841     1.6776   2.979124   2.978681     2.0213     2.4457      8.052     1.7775    -1.2339 1.0715e-01     0.0348    99.1323     7.0255     7.3271    34.0608    34.0623    27.2430    27.2447    7.74785 0.0000e+00
      34474     72.523     1.6842     1.6777   2.979092   2.978694     2.0226     2.4461      8.052     1.7775    -1.5497 1.0715e-01     0.0352    99.1233     7.0326     7.3310    34.0604    34.0624    27.2427    27.2447    7.74786 0.0000e+00
      34477     72.495     1.6841     1.6775   2.979131   2.978666     2.0217     2.4457      8.052     1.9045    -1.5497 1.0715e-01     0.0352    99.1233     7.0273     7.3301    34.0610    34.0623    27.2432    27.2447    7.74785 0.0000e+00
      34494     72.405     1.6831     1.6645   2.979074   2.977276     2.0221     2.4465      8.051     1.8939    -1.9445 1.0727e-01     0.0305    99.2409     7.0216     7.3266    34.0614    34.0587    27.2436    27.2428    7.74803 0.0000e+00
      34529     72.236     1.6787     1.6322   2.978378   2.973779     2.0217     2.4473      8.049     2.0632     1.3323 1.0715e-01     0.0232    99.4217     7.0058     7.3133    34.0574    34.0495    27.2407    27.2378    7.74911 0.0000e+00
      34532     72.210     1.6775     1.6265   2.979085   2.973159     2.0230     2.4477      8.049     2.1373     1.2139 1.0715e-01     0.0232    99.4217     7.0099     7.3141    34.0677    34.0479    27.2490    27.2369    7.74881 0.0000e+00
      34535     72.181     1.6805     1.6255   2.979663   2.973272     2.0217     2.4461      8.049     2.1373     1.2139 1.0715e-01     0.0232    99.4217     7.0025     7.3071    34.0718    34.0504    27.2521    27.2390    7.74800 0.0000e+00
      34538     72.151     1.6839     1.6269   2.979674   2.973265     2.0209     2.4469      8.049     2.1373     1.2139 1.0715e-01     0.0236    99.4127     6.9966     7.3114    34.0683    34.0488    27.2490    27.2376    7.74751 0.0000e+00
      34541     72.121     1.6835     1.6254   2.978057   2.973132     2.0217     2.4461      8.049     2.1478     1.2139 1.0715e-01     0.0243    99.3946     7.0024     7.3085    34.0482    34.0488    27.2330    27.2377    7.74863 0.0000e+00
      34544     72.086     1.6749     1.6228   2.975533   2.973010     2.0217     2.4465      8.049     2.1373     1.2139 1.0752e-01     0.0243    99.3946     7.0040     7.3089    34.0256    34.0501    27.2155    27.2389    7.75152 0.0000e+00
      34547     72.051     1.6624     1.6195   2.974800   2.972563     2.0213     2.4457      8.049     2.1373     1.8850 1.0790e-01     0.0243    99.3946     7.0021     7.3065    34.0299    34.0481    27.2198    27.2375    7.75380 0.0000e+00
      34550     72.014     1.6531     1.6138   2.974457   2.971967     2.0217     2.4457      8.049     2.1373     5.3986 1.0715e-01     0.0239    99.4036     7.0043     7.3085    34.0357    34.0467    27.2252    27.2369    7.75536 0.0000e+00
      34553     71.976     1.6465     1.6110   2.974178   2.971933     2.0209     2.4449      8.049     2.1584     5.3592 1.0715e-01     0.0243    99.3946     6.9994     7.3058    34.0393    34.0493    27.2286    27.2391    7.75649 0.0000e+00
      34556     71.935     1.6411     1.6154   2.973331   2.972022     2.0209     2.4445      8.049     2.4124     5.3592 1.0715e-01     0.0243    99.3946     7.0005     7.3059    34.0345    34.0457    27.2251    27.2359    7.75782 0.0000e+00
      34559     71.892     1.6360     1.6124   2.973221   2.971811     2.0209     2.4457      8.049     2.4230     5.3592 1.0715e-01     0.0243    99.3946     7.0020     7.3118    34.0387    34.0463    27.2288    27.2366    7.75862 0.0000e+00
      34562     71.845     1.6322     1.6112   2.972724   2.971560     2.0209     2.4453      8.049     2.4230     5.3592 1.0715e-01     0.0159    99.6026     7.0022     7.3105    34.0364    34.0444    27.2273    27.2352    7.75949 0.0000e+00
      34565     71.799     1.6266     1.6074   2.971769   2.971131     2.0209     2.4449      8.049     2.4124     5.3592 1.0777e-01     0.0134    99.6659     7.0033     7.3096    34.0304    34.0432    27.2229    27.2345    7.76092 0.0000e+00
      34568     71.751     1.6207     1.6033   2.971590   2.970572     2.0205     2.4445      8.049     2.4230     5.3592 1.0765e-01     0.0134    99.6659     7.0025     7.3123    34.0346    34.0405    27.2266    27.2326    7.76188 0.0000e+00
      34571     71.702     1.6156     1.5896   2.970319   2.968998     2.0197     2.4453      8.049     2.4124     5.3592 1.0752e-01     0.0134    99.6659     7.0004     7.3236    34.0240    34.0354    27.2185    27.2295    7.76346 0.0000e+00
      34574     71.654     1.6072     1.5776   2.969689   2.967969     2.0205     2.4445      8.049     2.4124     5.5171 1.0765e-01     0.0134    99.6659     7.0094     7.3268    34.0252    34.0355    27.2201    27.2305    7.76508 0.0000e+00
      34577     71.603     1.6003     1.5737   2.969565   2.967768     2.0205     2.4445      8.049     2.4230     5.7540 1.0942e-01     0.0134    99.6659     7.0143     7.3316    34.0311    34.0372    27.2253    27.2321    7.76615 0.0000e+00
      34580     71.552     1.5963     1.5691   2.968843   2.967363     2.0193     2.4441      8.049     2.3383     5.7145 1.0815e-01     0.0148    99.6297     7.0119     7.3333    34.0264    34.0371    27.2218    27.2324    7.76720 0.0000e+00
      34583     71.498     1.5896     1.5654   2.967660   2.966951     2.0197     2.4441      8.049     2.1373     5.7145 1.0715e-01     0.0236    99.4127     7.0200     7.3373    34.0186    34.0359    27.2161    27.2316    7.76895 0.0000e+00
      34586     71.443     1.5832     1.5644   2.967582   2.966760     2.0197     2.4437      8.049     2.1690     5.7145 1.0715e-01     0.0236    99.4127     7.0250     7.3423    34.0246    34.0345    27.2214    27.2307    7.76992 0.0000e+00
      34589     71.386     1.5794     1.5672   2.967814   2.967200     2.0201     2.4437      8.049     2.1690     5.7145 1.0815e-01     0.0239    99.4036     7.0327     7.3460    34.0317    34.0371    27.2273    27.2325    7.77030 0.0000e+00
      34592     71.327     1.5799     1.5745   2.969075   2.967836     2.0193     2.4449      8.049     2.1690     5.7145 1.0752e-01     0.0239    99.4036     7.0355     7.3553    34.0472    34.0373    27.2397    27.2321    7.76940 0.0000e+00
      34595     71.267     1.5860     1.5786   2.969514   2.968070     2.0197     2.4457      8.049     2.1690     5.7145 1.1055e-01     0.0236    99.4127     7.0435     7.3615    34.0462    34.0359    27.2384    27.2307    7.76823 0.0000e+00
      34598     71.204     1.5913     1.5814   2.969467   2.968246     2.0205     2.4453      8.049     2.1796     5.7145 1.0865e-01     0.0239    99.4036     7.0494     7.3660    34.0399    34.0351    27.2330    27.2299    7.76750 0.0000e+00
      34601     71.139     1.5938     1.5842   2.969394   2.968488     2.0205     2.4457      8.049     2.1796     0.4243 1.0802e-01     0.0221    99.4489     7.0530     7.3705    34.0363    34.0351    27.2300    27.2297    7.76719 0.0000e+00
      34604     71.074     1.5956     1.5880   2.969441   2.968793     2.0201     2.4457      8.049     2.1690    -1.7471 1.1133e-01     0.0167    99.5845     7.0521     7.3711    34.0349    34.0350    27.2287    27.2294    7.76690 0.0000e+00
      34607     71.006     1.5974     1.5912   2.969928   2.969111     2.0209     2.4465      8.049     1.9997    -1.6681 1.1211e-01     0.0167    99.5845     7.0561     7.3749    34.0393    34.0355    27.2321    27.2295    7.76631 0.0000e+00
      34610     70.935     1.6009     1.5957   2.970240   2.969515     2.0209     2.4465      8.049     1.9151    -1.6681 1.1043e-01     0.0167    99.5845     7.0562     7.3761    34.0394    34.0358    27.2320    27.2295    7.76560 0.0000e+00
      34613     70.863     1.6039     1.5998   2.970316   2.969858     2.0217     2.4473      8.051     1.9256    -1.6286 1.0903e-01     0.0170    99.5755     7.0610     7.3778    34.0372    34.0358    27.2299    27.2292    7.76512 0.0000e+00
      34616     70.791     1.6057     1.6018   2.970409   2.970009     2.0226     2.4481      8.049     1.9151    -1.6681 1.1278e-01     0.0170    99.5755     7.0670     7.3795    34.0364    34.0356    27.2292    27.2288    7.76480 0.0000e+00
      34619     70.718     1.6070     1.6025   2.970451   2.970022     2.0230     2.4477      8.049     1.9045    -1.6286 1.1223e-01     0.0167    99.5845     7.0662     7.3790    34.0357    34.0351    27.2285    27.2284    7.76458 0.0000e+00
      34622     70.640     1.6078     1.6033   2.970363   2.970074     2.0217     2.4490      8.049     1.9256    -1.6681 1.0992e-01     0.0163    99.5936     7.0602     7.3873    34.0337    34.0349    27.2268    27.2281    7.76452 0.0000e+00
      34625     70.564     1.6083     1.6055   2.970304   2.970476     2.0221     2.4481      8.049     1.9045    21.8219 1.1565e-01     0.0141    99.6478     7.0628     7.3833    34.0325    34.0377    27.2258    27.2302    7.76449 0.0000e+00
      34628     70.488     1.6081     1.6095   2.970268   2.970818     2.0221     2.4481      8.049     1.9151   444.6424 1.1177e-01     0.0145    99.6388     7.0639     7.3814    34.0323    34.0377    27.2257    27.2299    7.76454 0.0000e+00
      34631     70.410     1.6081     1.6081   2.970252   2.970418     2.0230     2.4502      8.049     1.9045   481.3974 1.1662e-01     0.0145    99.6388     7.0652     7.3894    34.0320    34.0342    27.2255    27.2272    7.76454 0.0000e+00
      34634     70.331     1.6081     1.6061   2.970225   2.970224     2.0226     2.4498      8.049     1.8092   481.0421 1.2168e-01     0.0145    99.6388     7.0620     7.3903    34.0318    34.0339    27.2253    27.2271    7.76456 0.0000e+00
      34637     70.256     1.6082     1.6054   2.970215   2.970140     2.0238     2.4506      8.049     1.7881   481.2395 1.1893e-01     0.0145    99.6388     7.0672     7.3915    34.0316    34.0337    27.2251    27.2270    7.76454 0.0000e+00
      34640     70.180     1.6082     1.6050   2.970193   2.970144     2.0242     2.4502      8.049     1.7881   481.2395 1.2099e-01     0.0149    99.6297     7.0704     7.3890    34.0314    34.0342    27.2249    27.2275    7.76456 0.0000e+00
