Datasets/AZMP/TEL210/tel210_2020_082.cnv
* Sea-Bird SBE 9 Data File:
* FileName = C:\CTDDATA\tel210_2020_082.hex
* Software Version Seasave V 7.26.7.110
* Temperature SN = 1697
* Conductivity SN = 4216
* Number of Bytes Per Scan = 30
* Number of Voltage Words = 4
* Number of Scans Averaged by the Deck Unit = 1
* NMEA baud rate = 4800
** VESSEL/TRIP/SEQ STN:  tel210_2020_082
** LATITUDE XX XX.XX: 53 20.00 N
** LONGITUDE XX XX.XX: 055 30.00 W
** SOUNDING DEPTH (M): 0138
** PROBE TYPE: S1146
** CTD NUMBER: 052
** COMMENTS (14 CHAR): SI-02
** BOTTLES:  9
** LEVELS: 5,10,20,30,40,50,75,100,BTM
** STICKERS: 436121 - 436129
** VNET: Y
** DO2: N
# nquan = 22
# nvalues = 3583                        
# units = specified
# name 0 = scan: Scan Count
# name 1 = prDM: Pressure, Digiquartz [db]
# name 2 = t090C: Temperature [ITS-90, deg C]
# name 3 = t190C: Temperature, 2 [ITS-90, deg C]
# name 4 = c0S/m: Conductivity [S/m]
# name 5 = c1S/m: Conductivity, 2 [S/m]
# name 6 = sbeox0V: Oxygen raw, SBE 43 [V]
# name 7 = sbeox1V: Oxygen raw, SBE 43, 2 [V]
# name 8 = ph: pH
# name 9 = flECO-AFL: Fluorescence, WET Labs ECO-AFL/FL [mg/m^3]
# name 10 = wetCDOM: Fluorescence, WET Labs CDOM [mg/m^3]
# name 11 = par/sat/log: PAR/Logarithmic, Satlantic [umol photons/m^2/sec]
# name 12 = CStarAt0: Beam Attenuation, WET Labs C-Star [1/m]
# name 13 = CStarTr0: Beam Transmission, WET Labs C-Star [%]
# name 14 = sbeox0ML/L: Oxygen, SBE 43 [ml/l], WS = 2
# name 15 = sbeox1ML/L: Oxygen, SBE 43, 2 [ml/l], WS = 2
# name 16 = sal00: Salinity, Practical [PSU]
# name 17 = sal11: Salinity, Practical, 2 [PSU]
# name 18 = sigma-t00: Density [sigma-t, kg/m^3 ]
# name 19 = sigma-t11: Density, 2 [sigma-t, kg/m^3 ]
# name 20 = oxsatML/L: Oxygen Saturation, Weiss [ml/l]
# name 21 = flag: flag
# span 0 =         59,      34034       
# span 1 =      0.855,    141.257       
# span 2 =    -0.8796,    11.7264       
# span 3 =    -0.8883,    11.8011       
# span 4 =   2.658273,   3.284841       
# span 5 =   2.656234,   3.284575       
# span 6 =     1.9902,     2.5462       
# span 7 =     2.4078,     3.1276       
# span 8 =      7.927,      8.238       
# span 9 =     0.7193,     1.9045       
# span 10 =    -2.8130,   482.1870      
# span 11 = 1.0715e-01, 5.4877e+01      
# span 12 =    -0.1408,     0.2319      
# span 13 =    94.3666,   103.5816      
# span 14 =     6.9508,     9.4902      
# span 15 =     6.7962,     9.9570      
# span 16 =    27.4721,    33.1332      
# span 17 =    27.4322,    33.1280      
# span 18 =    20.8652,    26.6256      
# span 19 =    20.8096,    26.6214      
# span 20 =    6.37731,    8.35887      
# span 21 = 0.0000e+00, 0.0000e+00      
# interval = scans: 3                   
# start_time = Jul 24 2020 21:58:04 [System UTC, header]
# bad_flag = -9.990e-29
*END*
[from data line 1778]
      10358    115.972    -0.7082    -0.7123   2.704499   2.704960     1.9924     2.4116      7.935     0.7616     3.1878 1.0740e-01    -0.1233   103.1294     7.4918     7.7954    33.0569    33.0676    26.5681    26.5769    8.30888 0.0000e+00
      10361    115.894    -0.7111    -0.7106   2.703610   2.705246     1.9928     2.4108      7.937     0.7405     3.3457 1.0740e-01    -0.1233   103.1294     7.4979     7.7939    33.0482    33.0696    26.5611    26.5785    8.31004 0.0000e+00
      10364    115.815    -0.7152    -0.7089   2.702276   2.705508     1.9932     2.4120      7.937     0.7616     3.3457 1.0752e-01    -0.1320   103.3555     7.5041     7.7949    33.0347    33.0713    26.5504    26.5798    8.31172 0.0000e+00
      10367    115.736    -0.7217    -0.7073   2.701003   2.705599     1.9924     2.4104      7.937     0.7616     3.3457 1.0752e-01    -0.1331   103.3826     7.5030     7.7896    33.0248    33.0708    26.5426    26.5793    8.31376 0.0000e+00
      10370    115.655    -0.7285    -0.7064   2.699869   2.705710     1.9928     2.4112      7.937     0.7616     3.3457 1.0752e-01    -0.1331   103.3826     7.5067     7.7957    33.0169    33.0714    26.5365    26.5798    8.31572 0.0000e+00
      10373    115.575    -0.7352    -0.7045   2.699235   2.705986     1.9928     2.4104      7.937     0.7510     3.3457 1.0752e-01    -0.1331   103.3826     7.5090     7.7936    33.0158    33.0731    26.5358    26.5811    8.31730 0.0000e+00
      10376    115.491    -0.7406    -0.7066   2.699015   2.705104     1.9932     2.4108      7.937     0.7616     3.3457 1.0740e-01    -0.1331   103.3826     7.5153     7.7999    33.0187    33.0636    26.5384    26.5735    8.31833 0.0000e+00
      10379    115.411    -0.7449    -0.7253   2.698714   2.701309     1.9932     2.4108      7.937     0.7616     3.3457 1.0752e-01    -0.1331   103.3826     7.5176     7.8126    33.0195    33.0330    26.5392    26.5494    8.31926 0.0000e+00
      10382    115.329    -0.7480    -0.7474   2.698535   2.698952     1.9928     2.4116      7.937     0.7510     2.5956 1.0740e-01    -0.1334   103.3917     7.5152     7.8225    33.0205    33.0255    26.5401    26.5441    8.31991 0.0000e+00
      10385    115.248    -0.7507    -0.7601   2.698422   2.698132     1.9928     2.4108      7.937     0.7616    -0.8785 1.0752e-01    -0.1359   103.4550     7.5144     7.8214    33.0220    33.0284    26.5414    26.5469    8.32043 0.0000e+00
      10388    115.163    -0.7527    -0.7642   2.698226   2.697894     1.9936     2.4096      7.937     0.7616    -0.8391 1.0752e-01    -0.1362   103.4640     7.5226     7.8178    33.0215    33.0296    26.5411    26.5481    8.32089 0.0000e+00
      10391    115.081    -0.7548    -0.7654   2.698015   2.697717     1.9932     2.4108      7.937     0.7510    -0.7996 1.0740e-01    -0.1362   103.4640     7.5213     7.8238    33.0210    33.0286    26.5408    26.5474    8.32140 0.0000e+00
      10394    114.998    -0.7564    -0.7665   2.697936   2.697564     1.9928     2.4108      7.937     0.7510    -0.7996 1.0727e-01    -0.1362   103.4640     7.5174     7.8264    33.0218    33.0278    26.5415    26.5467    8.32173 0.0000e+00
      10397    114.916    -0.7579    -0.7681   2.697701   2.697292     1.9936     2.4108      7.937     0.7616    -0.8391 1.0752e-01    -0.1362   103.4640     7.5206     7.8296    33.0204    33.0259    26.5404    26.5453    8.32215 0.0000e+00
      10400    114.830    -0.7595    -0.7697   2.697459   2.697076     1.9940     2.4120      7.937     0.7510    -0.8785 1.0752e-01    -0.1362   103.4640     7.5192     7.8362    33.0188    33.0249    26.5392    26.5445    8.32258 0.0000e+00
      10403    114.743    -0.7613    -0.7709   2.697364   2.696911     1.9936     2.4112      7.937     0.7510    -0.7996 1.0752e-01    -0.1359   103.4550     7.5183     7.8365    33.0196    33.0240    26.5399    26.5438    8.32295 0.0000e+00
      10406    114.654    -0.7622    -0.7719   2.697411   2.696824     1.9928     2.4104      7.937     0.7616    -0.8785 1.0752e-01    -0.1355   103.4459     7.5149     7.8338    33.0213    33.0240    26.5413    26.5439    8.32306 0.0000e+00
      10409    114.565    -0.7633    -0.7733   2.697058   2.696624     1.9936     2.4104      7.937     0.7616    -0.3653 1.0752e-01    -0.1352   103.4369     7.5172     7.8370    33.0177    33.0228    26.5384    26.5430    8.32350 0.0000e+00
      10412    114.475    -0.7645    -0.7744   2.696954   2.696524     1.9944     2.4104      7.935     0.7616     0.2664 1.0752e-01    -0.1355   103.4459     7.5211     7.8381    33.0178    33.0228    26.5385    26.5429    8.32378 0.0000e+00
      10415    114.385    -0.7658    -0.7765   2.696879   2.696082     1.9936     2.4108      7.937     0.7616     0.1874 1.0752e-01    -0.1359   103.4550     7.5178     7.8402    33.0182    33.0191    26.5389    26.5401    8.32404 0.0000e+00
      10418    114.297    -0.7666    -0.7784   2.696657   2.695886     1.9936     2.4120      7.937     0.7510     0.2664 1.0752e-01    -0.1355   103.4459     7.5206     7.8452    33.0161    33.0187    26.5373    26.5398    8.32434 0.0000e+00
      10421    114.208    -0.7682    -0.7786   2.696497   2.695850     1.9932     2.4116      7.937     0.7616     0.2664 1.0740e-01    -0.1359   103.4550     7.5195     7.8450    33.0158    33.0184    26.5370    26.5396    8.32471 0.0000e+00
      10424    114.118    -0.7692    -0.7788   2.696248   2.695916     1.9932     2.4116      7.937     0.7510     0.2269 1.0752e-01    -0.1359   103.4550     7.5210     7.8466    33.0136    33.0196    26.5353    26.5405    8.32508 0.0000e+00
      10427    114.032    -0.7708    -0.7780   2.696050   2.696076     1.9936     2.4124      7.937     0.7616     0.2664 1.0752e-01    -0.1362   103.4640     7.5225     7.8530    33.0127    33.0209    26.5346    26.5415    8.32548 0.0000e+00
      10430    113.945    -0.7717    -0.7739   2.695967   2.696858     1.9940     2.4112      7.935     0.7616     0.2664 1.0752e-01    -0.1362   103.4640     7.5220     7.8461    33.0126    33.0270    26.5346    26.5464    8.32568 0.0000e+00
      10433    113.859    -0.7729    -0.7735   2.695840   2.696338     1.9936     2.4116      7.937     0.7616     0.2664 1.0752e-01    -0.1362   103.4640     7.5184     7.8479    33.0123    33.0197    26.5344    26.5404    8.32598 0.0000e+00
      10436    113.770    -0.7738    -0.7783   2.695750   2.695659     1.9936     2.4128      7.937     0.7616     1.4902 1.0752e-01    -0.1359   103.4550     7.5199     7.8554    33.0121    33.0157    26.5342    26.5374    8.32619 0.0000e+00
      10439    113.684    -0.7747    -0.7797   2.695747   2.695598     1.9940     2.4120      7.937     0.7616     1.9245 1.0752e-01    -0.1362   103.4640     7.5253     7.8510    33.0131    33.0165    26.5351    26.5381    8.32634 0.0000e+00
      10442    113.603    -0.7750    -0.7805   2.695782   2.695660     1.9952     2.4124      7.937     0.7510     1.9245 1.0752e-01    -0.1362   103.4640     7.5284     7.8510    33.0139    33.0183    26.5358    26.5395    8.32635 0.0000e+00
      10445    113.520    -0.7756    -0.7778   2.695656   2.696237     1.9944     2.4124      7.937     0.7616     1.9245 1.0752e-01    -0.1362   103.4640     7.5223     7.8514    33.0129    33.0232    26.5350    26.5434    8.32654 0.0000e+00
      10448    113.443    -0.7760    -0.7747   2.695485   2.696512     1.9936     2.4128      7.937     0.7510     1.9245 1.0752e-01    -0.1366   103.4730     7.5151     7.8535    33.0111    33.0235    26.5336    26.5436    8.32674 0.0000e+00
      10451    113.367    -0.7769    -0.7757   2.695463   2.696094     1.9936     2.4120      7.937     0.7510     1.9245 1.0752e-01    -0.1366   103.4730     7.5144     7.8524    33.0119    33.0191    26.5342    26.5400    8.32690 0.0000e+00
      10454    113.289    -0.7771    -0.7788   2.695444   2.695776     1.9936     2.4128      7.937     0.7616     1.9245 1.0752e-01    -0.1362   103.4640     7.5158     7.8565    33.0119    33.0182    26.5343    26.5394    8.32695 0.0000e+00
      10457    113.215    -0.7773    -0.7802   2.695502   2.695487     1.9940     2.4137      7.937     0.7722     1.9245 1.0752e-01    -0.1362   103.4640     7.5173     7.8611    33.0130    33.0159    26.5351    26.5376    8.32694 0.0000e+00
      10460    113.144    -0.7774    -0.7798   2.695597   2.695656     1.9940     2.4141      7.937     0.7616     2.0035 1.0752e-01    -0.1362   103.4640     7.5162     7.8625    33.0143    33.0177    26.5362    26.5391    8.32687 0.0000e+00
      10463    113.080    -0.7772    -0.7798   2.695576   2.695603     1.9944     2.4132      7.937     0.7510     3.2668 1.0752e-01    -0.1359   103.4550     7.5141     7.8589    33.0139    33.0171    26.5359    26.5385    8.32685 0.0000e+00
      10466    113.014    -0.7773    -0.7808   2.695621   2.695491     1.9932     2.4128      7.937     0.7722     3.3457 1.0740e-01    -0.1352   103.4369     7.5084     7.8566    33.0146    33.0167    26.5364    26.5383    8.32683 0.0000e+00
      10469    112.951    -0.7773    -0.7800   2.695530   2.695783     1.9936     2.4141      7.937     0.7616     3.3457 1.0752e-01    -0.1352   103.4369     7.5137     7.8632    33.0135    33.0198    26.5355    26.5408    8.32690 0.0000e+00
      10472    112.893    -0.7770    -0.7787   2.696062   2.695815     1.9940     2.4141      7.937     0.7722     3.3457 1.0752e-01    -0.1352   103.4369     7.5170     7.8629    33.0203    33.0189    26.5410    26.5399    8.32643 0.0000e+00
      10475    112.837    -0.7733    -0.7782   2.696539   2.695825     1.9944     2.4141      7.937     0.7616     3.3457 1.0740e-01    -0.1352   103.4369     7.5176     7.8605    33.0227    33.0184    26.5429    26.5396    8.32547 0.0000e+00
      10478    112.784    -0.7713    -0.7792   2.696432   2.695567     1.9944     2.4141      7.937     0.7299     3.3457 1.0752e-01    -0.1352   103.4369     7.5166     7.8576    33.0191    33.0161    26.5399    26.5377    8.32522 0.0000e+00
      10481    112.730    -0.7689    -0.7819   2.696293   2.695272     1.9940     2.4153      7.937     0.7299     3.3457 1.0752e-01    -0.1352   103.4369     7.5135     7.8619    33.0147    33.0151    26.5362    26.5370    8.32494 0.0000e+00
      10484    112.681    -0.7709    -0.7818   2.695937   2.695389     1.9940     2.4141      7.937     0.7299     3.3457 1.0740e-01    -0.1366   103.4731     7.5162     7.8580    33.0120    33.0167    26.5341    26.5383    8.32553 0.0000e+00
      10487    112.635    -0.7731    -0.7805   2.695491   2.695592     1.9928     2.4141      7.935     0.7299     2.3193 1.0727e-01    -0.1383   103.5183     7.5139     7.8582    33.0086    33.0180    26.5314    26.5393    8.32624 0.0000e+00
      10490    112.584    -0.7746    -0.7808   2.695333   2.695377     1.9940     2.4153      7.935     0.7299    -0.4838 1.0752e-01    -0.1383   103.5183     7.5212     7.8597    33.0080    33.0154    26.5310    26.5372    8.32659 0.0000e+00
      10493    112.538    -0.7761    -0.7811   2.695167   2.695296     1.9936     2.4153      7.935     0.7299    -0.3258 1.0752e-01    -0.1383   103.5183     7.5191     7.8548    33.0075    33.0147    26.5306    26.5366    8.32697 0.0000e+00
      10496    112.493    -0.7780    -0.7807   2.694872   2.695246     1.9940     2.4153      7.935     0.7299    -0.3258 1.0752e-01    -0.1383   103.5183     7.5245     7.8540    33.0056    33.0136    26.5292    26.5358    8.32750 0.0000e+00
      10499    112.447    -0.7788    -0.7818   2.694841   2.695130     1.9940     2.4145      7.932     0.7405    -0.3258 1.0752e-01    -0.1383   103.5183     7.5275     7.8498    33.0061    33.0133    26.5296    26.5356    8.32766 0.0000e+00
      10502    112.401    -0.7800    -0.7819   2.694726   2.695309     1.9940     2.4153      7.935     0.7299    -0.3258 1.0740e-01    -0.1383   103.5183     7.5309     7.8512    33.0059    33.0158    26.5295    26.5376    8.32795 0.0000e+00
      10505    112.354    -0.7811    -0.7810   2.694616   2.695460     1.9940     2.4153      7.937     0.7616    -0.3653 1.0740e-01    -0.1345   103.4188     7.5335     7.8496    33.0056    33.0169    26.5293    26.5385    8.32820 0.0000e+00
      10508    112.306    -0.7820    -0.7791   2.694669   2.696141     1.9948     2.4153      7.934     0.7722    -0.3258 1.0752e-01    -0.1331   103.3826     7.5382     7.8463    33.0073    33.0241    26.5307    26.5442    8.32830 0.0000e+00
      10511    112.256    -0.7822    -0.7734   2.693789   2.696746     1.9940     2.4153      7.934     0.7510    -0.3258 1.0752e-01    -0.1331   103.3826     7.5312     7.8419    32.9957    33.0260    26.5213    26.5455    8.32902 0.0000e+00
      10514    112.205    -0.7828    -0.7685   2.694449   2.697091     1.9944     2.4149      7.937     0.7722    -0.2469 1.0752e-01    -0.1331   103.3826     7.5284     7.8347    33.0053    33.0254    26.5291    26.5448    8.32860 0.0000e+00
      10517    112.153    -0.7835    -0.7703   2.694243   2.696866     1.9948     2.4149      7.935     0.7616    -0.1284 1.0752e-01    -0.1334   103.3917     7.5283     7.8355    33.0034    33.0243    26.5276    26.5440    8.32888 0.0000e+00
      10520    112.097    -0.7844    -0.7696   2.694077   2.696830     1.9952     2.4153      7.935     0.7616    -0.1679 1.0740e-01    -0.1331   103.3826     7.5289     7.8387    33.0021    33.0231    26.5265    26.5430    8.32914 0.0000e+00
      10523    112.037    -0.7855    -0.7692   2.693036   2.696936     1.9948     2.4153      7.932     0.7616    -0.0889 1.0752e-01    -0.1334   103.3917     7.5268     7.8365    32.9893    33.0241    26.5163    26.5439    8.33013 0.0000e+00
      10526    111.976    -0.7866    -0.7658   2.693561   2.697440     1.9948     2.4153      7.934     0.7616    -0.0889 1.0752e-01    -0.1380   103.5092     7.5250     7.8324    32.9977    33.0272    26.5231    26.5462    8.32990 0.0000e+00
      10529    111.908    -0.7877    -0.7594   2.693424   2.698199     1.9948     2.4149      7.934     0.7616    -0.1284 1.0752e-01    -0.1387   103.5273     7.5243     7.8277    32.9970    33.0305    26.5226    26.5486    8.33018 0.0000e+00
      10532    111.839    -0.7895    -0.7594   2.692985   2.698612     1.9944     2.4145      7.934     0.7722    -0.0889 1.0752e-01    -0.1387   103.5273     7.5220     7.8255    32.9931    33.0360    26.5195    26.5531    8.33081 0.0000e+00
      10535    111.767    -0.7919    -0.7558   2.692805   2.698797     1.9940     2.4149      7.932     0.7616    -0.1679 1.0752e-01    -0.1383   103.5183     7.5224     7.8262    32.9934    33.0347    26.5198    26.5519    8.33134 0.0000e+00
      10538    111.691    -0.7933    -0.7609   2.692640   2.697068     1.9944     2.4141      7.932     0.7510    -0.1679 1.0752e-01    -0.1383   103.5183     7.5228     7.8249    32.9927    33.0170    26.5193    26.5378    8.33169 0.0000e+00
      10541    111.613    -0.7946    -0.7830   2.692574   2.694206     1.9944     2.4153      7.932     0.7510     1.2533 1.0752e-01    -0.1387   103.5273     7.5249     7.8339    32.9932    33.0026    26.5198    26.5269    8.33195 0.0000e+00
      10544    111.529    -0.7961    -0.7907   2.692549   2.693617     1.9948     2.4153      7.932     0.7616     1.5692 1.0752e-01    -0.1380   103.5092     7.5315     7.8353    32.9946    33.0031    26.5210    26.5276    8.33221 0.0000e+00
      10547    111.441    -0.7964    -0.7923   2.692550   2.693760     1.9944     2.4141      7.934     0.7616     1.5297 1.0752e-01    -0.1373   103.4911     7.5308     7.8319    32.9950    33.0069    26.5213    26.5307    8.33226 0.0000e+00
      10550    111.349    -0.7971    -0.7920   2.692664   2.694501     1.9944     2.4141      7.932     0.7510     1.5692 1.0752e-01    -0.1373   103.4911     7.5312     7.8360    32.9974    33.0166    26.5232    26.5386    8.33229 0.0000e+00
