Datasets/AZMP/TEL210/tel210_2020_139.cnv
* Sea-Bird SBE 9 Data File:
* FileName = C:\CTDDATA\tel210_2020_139.hex
* Software Version Seasave V 7.26.7.110
* Temperature SN = 1697
* Conductivity SN = 4216
* Number of Bytes Per Scan = 30
* Number of Voltage Words = 4
* Number of Scans Averaged by the Deck Unit = 1
* NMEA baud rate = 4800
** VESSEL/TRIP/SEQ STN:  tel210_2020_139
** LATITUDE XX XX.XX: 47 37.80 N
** LONGITUDE XX XX.XX: 052 07.20 W
** SOUNDING DEPTH (M): 0170
** PROBE TYPE: S1146
** CTD NUMBER: 080
** COMMENTS (14 CHAR): S27-03
** BOTTLES:  10
** LEVELS: 5,10,20,30,40,50,75,100,150,btm
** STICKERS: 436358 - 436367
** VNET: Y
** DO2: N
# nquan = 22
# nvalues = 4363                        
# units = specified
# name 0 = scan: Scan Count
# name 1 = prDM: Pressure, Digiquartz [db]
# name 2 = t090C: Temperature [ITS-90, deg C]
# name 3 = t190C: Temperature, 2 [ITS-90, deg C]
# name 4 = c0S/m: Conductivity [S/m]
# name 5 = c1S/m: Conductivity, 2 [S/m]
# name 6 = sbeox0V: Oxygen raw, SBE 43 [V]
# name 7 = sbeox1V: Oxygen raw, SBE 43, 2 [V]
# name 8 = ph: pH
# name 9 = flECO-AFL: Fluorescence, WET Labs ECO-AFL/FL [mg/m^3]
# name 10 = wetCDOM: Fluorescence, WET Labs CDOM [mg/m^3]
# name 11 = par/sat/log: PAR/Logarithmic, Satlantic [umol photons/m^2/sec]
# name 12 = CStarAt0: Beam Attenuation, WET Labs C-Star [1/m]
# name 13 = CStarTr0: Beam Transmission, WET Labs C-Star [%]
# name 14 = sbeox0ML/L: Oxygen, SBE 43 [ml/l], WS = 2
# name 15 = sbeox1ML/L: Oxygen, SBE 43, 2 [ml/l], WS = 2
# name 16 = sal00: Salinity, Practical [PSU]
# name 17 = sal11: Salinity, Practical, 2 [PSU]
# name 18 = sigma-t00: Density [sigma-t, kg/m^3 ]
# name 19 = sigma-t11: Density, 2 [sigma-t, kg/m^3 ]
# name 20 = oxsatML/L: Oxygen Saturation, Weiss [ml/l]
# name 21 = flag: flag
# span 0 =         45,      41469       
# span 1 =      0.581,    169.117       
# span 2 =    -1.5336,    13.3548       
# span 3 =    -1.5393,    13.3516       
# span 4 =   2.607382,   3.755960       
# span 5 =   2.606858,   3.755368       
# span 6 =     1.8134,     2.4902       
# span 7 =     2.1732,     3.0190       
# span 8 =      7.816,      8.232       
# span 9 =     0.6346,     7.2802       
# span 10 =    -2.8130,   482.1870      
# span 11 = 1.0715e-01, 2.1203e+02      
# span 12 =    -0.1481,     0.5257      
# span 13 =    87.6837,   103.7715      
# span 14 =     6.0677,     9.0689      
# span 15 =     6.0770,     9.4497      
# span 16 =    31.3812,    33.3015      
# span 17 =    31.3364,    33.3025      
# span 18 =    23.5934,    26.7518      
# span 19 =    23.5921,    26.7531      
# span 20 =    6.01186,    8.51943      
# span 21 = 0.0000e+00, 0.0000e+00      
# interval = scans: 3                   
# start_time = Jul 30 2020 20:17:03 [System UTC, header]
# bad_flag = -9.990e-29
*END*
[from data line 461]
       1576     44.500     0.0452     0.0385   2.719444   2.718863     2.2808     2.7696      8.113     1.7457    -1.5102 9.9328e-01    -0.0525   101.3208     8.5166     8.8843    32.4860    32.4855    26.0749    26.0748    8.17454 0.0000e+00
       1579     44.614     0.0636     0.0612   2.720510   2.720181     2.2796     2.7692      8.116     1.7563    -1.5102 9.8185e-01    -0.0521   101.3118     8.5195     8.8835    32.4804    32.4787    26.0695    26.0682    8.17084 0.0000e+00
       1582     44.726     0.0726     0.0729   2.721278   2.720901     2.2784     2.7680      8.118     1.7457    -1.5102 9.6720e-01    -0.0525   101.3208     8.5182     8.8814    32.4809    32.4757    26.0695    26.0653    8.16886 0.0000e+00
       1585     44.837     0.0807     0.0780   2.721732   2.721158     2.2788     2.7668      8.123     1.6505    -1.5102 9.6274e-01    -0.0550   101.3841     8.5279     8.8796    32.4782    32.4736    26.0669    26.0633    8.16724 0.0000e+00
       1588     44.950     0.0812     0.0771   2.721480   2.720887     2.2772     2.7668      8.123     1.6188    -1.4707 9.4838e-01    -0.0557   101.4022     8.5294     8.8838    32.4743    32.4709    26.0638    26.0612    8.16736 0.0000e+00
       1591     45.060     0.0760     0.0721   2.720899   2.720372     2.2772     2.7668      8.125     1.6294    -1.2733 9.4292e-01    -0.0557   101.4022     8.5414     8.8884    32.4722    32.4694    26.0623    26.0602    8.16861 0.0000e+00
       1594     45.171     0.0686     0.0650   2.720425   2.719821     2.2759     2.7656      8.128     1.6294    -1.2733 9.3101e-01    -0.0557   101.4022     8.5433     8.8854    32.4737    32.4696    26.0639    26.0607    8.17013 0.0000e+00
       1597     45.279     0.0617     0.0572   2.719947   2.719281     2.2759     2.7639      8.128     1.6294    -1.2733 9.2670e-01    -0.0553   101.3932     8.5458     8.8780    32.4747    32.4707    26.0650    26.0620    8.17158 0.0000e+00
       1600     45.388     0.0544     0.0499   2.719406   2.718730     2.2759     2.7639      8.128     1.6399    -1.2733 9.1711e-01    -0.0557   101.4022     8.5486     8.8760    32.4752    32.4711    26.0658    26.0626    8.17314 0.0000e+00
       1603     45.494     0.0471     0.0427   2.718865   2.718255     2.2743     2.7619      8.128     1.6188    -1.2733 9.1288e-01    -0.0575   101.4474     8.5411     8.8645    32.4759    32.4725    26.0666    26.0641    8.17470 0.0000e+00
       1606     45.603     0.0396     0.0352   2.718414   2.717775     2.2739     2.7619      8.128     1.6188    -1.2733 9.0032e-01    -0.0660   101.6644     8.5376     8.8622    32.4778    32.4741    26.0685    26.0657    8.17622 0.0000e+00
       1609     45.711     0.0330     0.0280   2.717812   2.717179     2.2739     2.7607      8.128     1.6188    -1.2733 8.7973e-01    -0.0653   101.6463     8.5356     8.8531    32.4768    32.4738    26.0681    26.0658    8.17771 0.0000e+00
       1612     45.816     0.0244     0.0194   2.717123   2.716446     2.2735     2.7603      8.128     1.4812    -1.2733 8.5961e-01    -0.0653   101.6463     8.5309     8.8481    32.4768    32.4732    26.0684    26.0658    8.17958 0.0000e+00
       1615     45.925     0.0143     0.0089   2.716270   2.715513     2.2731     2.7595      8.128     1.4600     0.7006 8.4974e-01    -0.0657   101.6554     8.5261     8.8465    32.4762    32.4720    26.0684    26.0652    8.18181 0.0000e+00
       1618     46.031     0.0022    -0.0035   2.715235   2.714448     2.2719     2.7582      8.128     1.4706     3.1089 8.5763e-01    -0.0653   101.6463     8.5182     8.8417    32.4754    32.4711    26.0683    26.0651    8.18451 0.0000e+00
       1621     46.136    -0.0112    -0.0169   2.714090   2.713396     2.2702     2.7558      8.128     1.4706     2.9904 8.4096e-01    -0.0653   101.6463     8.5081     8.8288    32.4745    32.4714    26.0682    26.0660    8.18748 0.0000e+00
       1624     46.240    -0.0240    -0.0299   2.713212   2.712522     2.2694     2.7550      8.123     1.4706     3.0299 8.2653e-01    -0.0596   101.5016     8.5003     8.8217    32.4765    32.4736    26.0704    26.0684    8.19017 0.0000e+00
       1627     46.344    -0.0322    -0.0388   2.712758   2.712043     2.2690     2.7538      8.123     1.4706     2.9904 8.0479e-01    -0.0525   101.3208     8.4961     8.8127    32.4791    32.4767    26.0729    26.0713    8.19182 0.0000e+00
       1630     46.445    -0.0379    -0.0442   2.712508   2.711801     2.2678     2.7530      8.123     1.4706     2.9904 8.1416e-01    -0.0525   101.3208     8.4827     8.8054    32.4818    32.4792    26.0753    26.0735    8.19290 0.0000e+00
       1633     46.545    -0.0413    -0.0478   2.712264   2.711554     2.2674     2.7513      8.120     1.4706     2.9904 8.0202e-01    -0.0529   101.3298     8.4787     8.7979    32.4822    32.4797    26.0758    26.0741    8.19364 0.0000e+00
       1636     46.646    -0.0462    -0.0523   2.711873   2.711182     2.2653     2.7509      8.119     1.4600     2.9904 7.8549e-01    -0.0525   101.3208     8.4677     8.7974    32.4821    32.4795    26.0760    26.0741    8.19470 0.0000e+00
       1639     46.745    -0.0526    -0.0586   2.711290   2.710617     2.2654     2.7501      8.119     1.4600     2.9904 7.8369e-01    -0.0525   101.3208     8.4689     8.7927    32.4812    32.4788    26.0755    26.0738    8.19615 0.0000e+00
       1642     46.845    -0.0623    -0.0673   2.710507   2.709753     2.2645     2.7468      8.119     1.4706     4.0958 7.8367e-01    -0.0529   101.3298     8.4689     8.7801    32.4812    32.4766    26.0759    26.0724    8.19829 0.0000e+00
       1645     46.942    -0.0738    -0.0792   2.709455   2.708705     2.2633     2.7456      8.114     1.4706     4.4906 7.7290e-01    -0.0525   101.3208     8.4653     8.7753    32.4794    32.4752    26.0750    26.0719    8.20090 0.0000e+00
       1648     47.038    -0.0869    -0.0919   2.708393   2.707758     2.2613     2.7440      8.114     1.4706     4.4512 7.6399e-01    -0.0529   101.3298     8.4567     8.7664    32.4793    32.4763    26.0755    26.0733    8.20377 0.0000e+00
       1651     47.134    -0.0977    -0.1023   2.707751   2.707070     2.2613     2.7428      8.114     1.4600     4.4512 7.5434e-01    -0.0536   101.3479     8.4562     8.7578    32.4823    32.4782    26.0784    26.0753    8.20598 0.0000e+00
       1654     47.228    -0.1070    -0.1114   2.706991   2.706358     2.2592     2.7424      8.114     1.4812     4.4117 7.4999e-01    -0.0532   101.3389     8.4466     8.7510    32.4820    32.4784    26.0786    26.0759    8.20802 0.0000e+00
       1657     47.320    -0.1151    -0.1200   2.706417   2.705751     2.2592     2.7411      8.109     1.4600     4.4117 7.3456e-01    -0.0536   101.3479     8.4429     8.7412    32.4831    32.4795    26.0798    26.0771    8.20975 0.0000e+00
       1660     47.415    -0.1216    -0.1270   2.705938   2.705256     2.2580     2.7399      8.109     1.4812     4.4906 7.3456e-01    -0.0529   101.3298     8.4354     8.7327    32.4836    32.4803    26.0805    26.0781    8.21114 0.0000e+00
       1663     47.509    -0.1294    -0.1347   2.705193   2.704512     2.2568     2.7367      8.107     1.4389     4.4512 7.2191e-01    -0.0539   101.3570     8.4269     8.7189    32.4819    32.4786    26.0795    26.0771    8.21294 0.0000e+00
       1666     47.602    -0.1404    -0.1453   2.704152   2.703467     2.2564     2.7359      8.104     1.3965     4.0564 7.1945e-01    -0.0674   101.7006     8.4242     8.7151    32.4798    32.4761    26.0783    26.0755    8.21548 0.0000e+00
       1669     47.697    -0.1535    -0.1586   2.703014   2.702251     2.2548     2.7338      8.104     1.4071    -0.4443 7.0950e-01    -0.0685   101.7277     8.4197     8.7041    32.4788    32.4741    26.0780    26.0744    8.21843 0.0000e+00
       1672     47.794    -0.1674    -0.1725   2.701871   2.701146     2.2536     2.7322      8.104     1.3965    -0.5627 7.0459e-01    -0.0685   101.7277     8.4127     8.6933    32.4783    32.4742    26.0783    26.0752    8.22150 0.0000e+00
       1675     47.889    -0.1815    -0.1857   2.700726   2.700154     2.2527     2.7298      8.102     1.4071    -0.5627 6.9650e-01    -0.0685   101.7277     8.4065     8.6793    32.4782    32.4751    26.0788    26.0764    8.22461 0.0000e+00
       1678     47.985    -0.1955    -0.1988   2.699687   2.699118     2.2507     2.7277      8.100     1.4177    -0.5627 6.9731e-01    -0.0685   101.7277     8.3945     8.6678    32.4793    32.4752    26.0803    26.0772    8.22764 0.0000e+00
       1681     48.082    -0.2065    -0.2113   2.698922   2.698272     2.2491     2.7257      8.100     1.4283    -0.5627 6.9088e-01    -0.0682   101.7187     8.3833     8.6598    32.4807    32.4773    26.0819    26.0793    8.22997 0.0000e+00
       1684     48.182    -0.2146    -0.2194   2.698473   2.697818     2.2482     2.7249      8.100     1.4177    -0.5627 6.8137e-01    -0.0689   101.7368     8.3773     8.6593    32.4834    32.4799    26.0844    26.0818    8.23161 0.0000e+00
       1687     48.282    -0.2178    -0.2233   2.698389   2.697748     2.2470     2.7220      8.097     1.4071    -0.5627 6.7665e-01    -0.0700   101.7639     8.3682     8.6471    32.4856    32.4831    26.0864    26.0845    8.23218 0.0000e+00
       1690     48.384    -0.2197    -0.2254   2.698239   2.697573     2.2458     2.7208      8.095     1.3965    -0.5627 6.7512e-01    -0.0703   101.7730     8.3610     8.6390    32.4856    32.4829    26.0865    26.0845    8.23261 0.0000e+00
       1693     48.488    -0.2251    -0.2299   2.697731   2.697070     2.2450     2.7188      8.095     1.4071   142.7857 6.6426e-01    -0.0707   101.7820     8.3590     8.6310    32.4846    32.4809    26.0858    26.0831    8.23386 0.0000e+00
       1696     48.593    -0.2316    -0.2364   2.697223   2.696506     2.2430     2.7159      8.095     1.3965   482.1870 6.5435e-01    -0.0703   101.7730     8.3479     8.6237    32.4847    32.4804    26.0862    26.0829    8.23528 0.0000e+00
       1699     48.703    -0.2381    -0.2427   2.696739   2.696073     2.2417     2.7143      8.092     1.3965   481.0816 6.4833e-01    -0.0707   101.7820     8.3436     8.6234    32.4852    32.4813    26.0869    26.0840    8.23669 0.0000e+00
       1702     48.813    -0.2441    -0.2484   2.696103   2.695778     2.2397     2.7122      8.090     1.4071   481.3184 6.3501e-01    -0.0703   101.7730     8.3402     8.6188    32.4831    32.4834    26.0855    26.0858    8.23813 0.0000e+00
       1705     48.922    -0.2463    -0.2508   2.696472   2.695936     2.2385     2.7102      8.090     1.4071   481.3184 6.2405e-01    -0.0707   101.7820     8.3337     8.6150    32.4903    32.4880    26.0914    26.0896    8.23822 0.0000e+00
       1708     49.033    -0.2444    -0.2493   2.696769   2.696134     2.2373     2.7090      8.088     1.3965   481.3579 6.1547e-01    -0.0717   101.8091     8.3311     8.6142    32.4922    32.4890    26.0928    26.0904    8.23770 0.0000e+00
       1711     49.145    -0.2467    -0.2518   2.696267   2.695565     2.2360     2.7057      8.085     1.4071   481.3184 6.1122e-01    -0.0717   101.8091     8.3298     8.6091    32.4878    32.4840    26.0894    26.0865    8.23844 0.0000e+00
       1714     49.261    -0.2579    -0.2633   2.695023   2.694337     2.2348     2.7041      8.085     1.4177   481.3579 6.0488e-01    -0.0717   101.8091     8.3312     8.6116    32.4833    32.4799    26.0862    26.0836    8.24118 0.0000e+00
       1717     49.380    -0.2746    -0.2795   2.693543   2.692939     2.2332     2.7021      8.086     1.4071   481.3579 5.9861e-01    -0.0717   101.8091     8.3330     8.6163    32.4813    32.4786    26.0853    26.0833    8.24497 0.0000e+00
       1720     49.496    -0.2933    -0.2970   2.692076   2.691564     2.2312     2.7021      8.086     1.4071   202.5964 5.9037e-01    -0.0717   101.8091     8.3312     8.6262    32.4817    32.4789    26.0864    26.0843    8.24908 0.0000e+00
       1723     49.614    -0.3116    -0.3144   2.690710   2.690200     2.2316     2.7000      8.086     1.4071    -2.8130 5.8561e-01    -0.0717   101.8091     8.3399     8.6254    32.4831    32.4793    26.0883    26.0854    8.25305 0.0000e+00
       1726     49.731    -0.3284    -0.3315   2.689423   2.688767     2.2299     2.6984      8.084     1.4177    -0.7206 5.7221e-01    -0.0714   101.8001     8.3406     8.6256    32.4838    32.4785    26.0896    26.0854    8.25673 0.0000e+00
       1729     49.847    -0.3447    -0.3497   2.688072   2.687266     2.2283     2.6968      8.081     1.4071    -0.4443 5.6502e-01    -0.0717   101.8091     8.3353     8.6270    32.4832    32.4779    26.0898    26.0857    8.26038 0.0000e+00
       1732     49.963    -0.3644    -0.3696   2.686222   2.685510     2.2283     2.6951      8.081     1.4071    -0.4443 5.5592e-01    -0.0717   101.8091     8.3404     8.6289    32.4796    32.4757    26.0876    26.0847    8.26496 0.0000e+00
       1735     50.076    -0.3881    -0.3919   2.684205   2.683493     2.2271     2.6943      8.081     1.3965    -0.4443 5.3765e-01    -0.0717   101.8091     8.3393     8.6336    32.4781    32.4727    26.0874    26.0832    8.27032 0.0000e+00
       1738     50.192    -0.4118    -0.4170   2.682479   2.681634     2.2255     2.6923      8.081     1.4071    -0.4443 5.2469e-01    -0.0717   101.8091     8.3367     8.6290    32.4804    32.4747    26.0902    26.0858    8.27545 0.0000e+00
       1741     50.305    -0.4322    -0.4386   2.680807   2.679881     2.2246     2.6911      8.078     1.4071    -0.4443 5.1688e-01    -0.0717   101.8091     8.3368     8.6248    32.4799    32.4743    26.0906    26.0864    8.28003 0.0000e+00
       1744     50.419    -0.4527    -0.4590   2.679159   2.678325     2.2222     2.6890      8.077     1.3965    -0.4443 5.1271e-01    -0.0721   101.8182     8.3269     8.6178    32.4797    32.4754    26.0913    26.0881    8.28459 0.0000e+00
       1747     50.531    -0.4705    -0.4778   2.677633   2.676915     2.2218     2.6870      8.077     1.4071     3.6616 5.0098e-01    -0.0785   101.9809     8.3216     8.6127    32.4783    32.4766    26.0908    26.0898    8.28863 0.0000e+00
       1750     50.640    -0.4910    -0.4961   2.676142   2.675183     2.2206     2.6854      8.077     1.4177     4.3722 4.9410e-01    -0.0792   101.9990     8.3196     8.6082    32.4803    32.4730    26.0933    26.0876    8.29310 0.0000e+00
       1753     50.746    -0.5054    -0.5196   2.674910   2.673109     2.2189     2.6846      8.077     1.4177     4.3722 4.8559e-01    -0.0792   101.9990     8.3127     8.6084    32.4793    32.4704    26.0930    26.0864    8.29639 0.0000e+00
       1756     50.851    -0.5259    -0.5431   2.672813   2.671355     2.2173     2.6829      8.072     1.4071     4.2932 4.8056e-01    -0.0792   101.9990     8.3111     8.6038    32.4731    32.4721    26.0888    26.0887    8.30131 0.0000e+00
       1759     50.954    -0.5496    -0.5588   2.671082   2.670363     2.2165     2.6809      8.072     1.4177     4.2932 4.7348e-01    -0.0792   101.9990     8.3142     8.5995    32.4753    32.4756    26.0915    26.0921    8.30649 0.0000e+00
       1762     51.053    -0.5673    -0.5716   2.669850   2.669282     2.2153     2.6789      8.072     1.3965     4.3722 4.6905e-01    -0.0792   101.9990     8.3144     8.5971    32.4778    32.4748    26.0942    26.0920    8.31032 0.0000e+00
       1765     51.150    -0.5815    -0.5850   2.668835   2.668329     2.2141     2.6772      8.069     1.3965     4.2932 4.6688e-01    -0.0799   102.0171     8.3155     8.5945    32.4794    32.4763    26.0960    26.0937    8.31341 0.0000e+00
       1768     51.243    -0.5884    -0.5915   2.668792   2.668653     2.2124     2.6752      8.067     1.4283     4.2932 4.5409e-01    -0.0824   102.0804     8.3118     8.5893    32.4861    32.4876    26.1017    26.1030    8.31457 0.0000e+00
