Datasets/AZMP/TEL210/tel210_2020_014.cnv
* Sea-Bird SBE 9 Data File:
* FileName = C:\CTDDATA\tel210_2020_014.hex
* Software Version Seasave V 7.26.7.110
* Temperature SN = 1697
* Conductivity SN = 4216
* Number of Bytes Per Scan = 30
* Number of Voltage Words = 4
* Number of Scans Averaged by the Deck Unit = 1
* NMEA baud rate = 4800
** VESSEL/TRIP/SEQ STN:  tel210_2020_014
** LATITUDE XX XX.XX: 47 00.00 N
** LONGITUDE XX XX.XX: 048 07.00 W
** SOUNDING DEPTH (M): 0133
** PROBE TYPE: S1146
** CTD NUMBER: 013
** COMMENTS (14 CHAR): FC-12
** BOTTLES:  9
** LEVELS: 5,10,20,30,40,50,75,100,BTM
** STICKERS: 435819 - 435827
** VNET: Y
** DO2: N
# nquan = 22
# nvalues = 2808                        
# units = specified
# name 0 = scan: Scan Count
# name 1 = prDM: Pressure, Digiquartz [db]
# name 2 = t090C: Temperature [ITS-90, deg C]
# name 3 = t190C: Temperature, 2 [ITS-90, deg C]
# name 4 = c0S/m: Conductivity [S/m]
# name 5 = c1S/m: Conductivity, 2 [S/m]
# name 6 = sbeox0V: Oxygen raw, SBE 43 [V]
# name 7 = sbeox1V: Oxygen raw, SBE 43, 2 [V]
# name 8 = ph: pH
# name 9 = flECO-AFL: Fluorescence, WET Labs ECO-AFL/FL [mg/m^3]
# name 10 = wetCDOM: Fluorescence, WET Labs CDOM [mg/m^3]
# name 11 = par/sat/log: PAR/Logarithmic, Satlantic [umol photons/m^2/sec]
# name 12 = CStarAt0: Beam Attenuation, WET Labs C-Star [1/m]
# name 13 = CStarTr0: Beam Transmission, WET Labs C-Star [%]
# name 14 = sbeox0ML/L: Oxygen, SBE 43 [ml/l], WS = 2
# name 15 = sbeox1ML/L: Oxygen, SBE 43, 2 [ml/l], WS = 2
# name 16 = sal00: Salinity, Practical [PSU]
# name 17 = sal11: Salinity, Practical, 2 [PSU]
# name 18 = sigma-t00: Density [sigma-t, kg/m^3 ]
# name 19 = sigma-t11: Density, 2 [sigma-t, kg/m^3 ]
# name 20 = oxsatML/L: Oxygen Saturation, Weiss [ml/l]
# name 21 = flag: flag
# span 0 =         91,      36292       
# span 1 =      0.438,    131.592       
# span 2 =    -1.2978,    10.2160       
# span 3 =    -1.3072,    10.2122       
# span 4 =   2.028056,   3.539134       
# span 5 =   2.625052,   3.538674       
# span 6 =     1.7699,     2.4424       
# span 7 =     2.1398,     2.9631       
# span 8 =      7.747,      8.158       
# span 9 =    -0.5714,     1.2601       
# span 10 =    -2.8130,   482.1870      
# span 11 = 1.0715e-01, 5.0342e+02      
# span 12 =    -0.1425,    -0.0007      
# span 13 =   100.0186,   103.6268      
# span 14 =     6.3100,     8.8285      
# span 15 =     6.2175,     9.3759      
# span 16 =    17.4141,    33.2656      
# span 17 =    23.9965,    33.2688      
# span 18 =    13.2415,    26.7194      
# span 19 =    18.3563,    26.7223      
# span 20 =    6.40678,    8.46570      
# span 21 = 0.0000e+00, 0.0000e+00      
# interval = scans: 3                   
# start_time = Jul 16 2020 13:23:07 [System UTC, header]
# bad_flag = -9.990e-29
*END*
[from data line 1383]
       8732    123.997    -0.3826    -0.3879   2.741526   2.741215     1.7957     2.1734      7.790    -0.4900     7.3726 1.0740e-01    -0.0546   101.3751     6.4642     6.7856    33.1925    33.1941    26.6646    26.6661    8.22872 0.0000e+00
       8735    123.902    -0.3827    -0.3876   2.741548   2.741230     1.7957     2.1746      7.790    -0.5002     7.3726 1.0727e-01    -0.0546   101.3751     6.4641     6.7902    33.1929    33.1941    26.6650    26.6661    8.22872 0.0000e+00
       8738    123.807    -0.3827    -0.3877   2.741541   2.741193     1.7965     2.1750      7.790    -0.4900   335.2460 1.0727e-01    -0.0536   101.3479     6.4679     6.7939    33.1929    33.1938    26.6649    26.6658    8.22872 0.0000e+00
       8741    123.710    -0.3821    -0.3877   2.741569   2.741162     1.7949     2.1746      7.790    -0.5002   482.0686 1.0752e-01    -0.0536   101.3479     6.4613     6.7944    33.1927    33.1934    26.6647    26.6655    8.22860 0.0000e+00
       8744    123.614    -0.3824    -0.3879   2.741562   2.741157     1.7961     2.1746      7.790    -0.4900   480.9632 1.0727e-01    -0.0536   101.3479     6.4642     6.7935    33.1929    33.1936    26.6650    26.6656    8.22864 0.0000e+00
       8747    123.522    -0.3827    -0.3880   2.741513   2.741139     1.7965     2.1738      7.790    -0.4900   481.3184 1.0715e-01    -0.0536   101.3479     6.4637     6.7879    33.1927    33.1935    26.6647    26.6657    8.22873 0.0000e+00
       8750    123.431    -0.3826    -0.3881   2.741538   2.741131     1.7965     2.1742      7.790    -0.4798   481.2790 1.0727e-01    -0.0536   101.3479     6.4664     6.7898    33.1929    33.1936    26.6649    26.6657    8.22869 0.0000e+00
       8753    123.341    -0.3829    -0.3881   2.741483   2.741137     1.7957     2.1746      7.790    -0.5104   481.3579 1.0715e-01    -0.0536   101.3479     6.4624     6.7914    33.1927    33.1937    26.6647    26.6658    8.22878 0.0000e+00
       8756    123.254    -0.3837    -0.3882   2.741390   2.741115     1.7965     2.1746      7.790    -0.5206   481.3184 1.0727e-01    -0.0532   101.3389     6.4686     6.7920    33.1923    33.1936    26.6645    26.6657    8.22897 0.0000e+00
       8759    123.173    -0.3836    -0.3881   2.741418   2.741127     1.7961     2.1746      7.790    -0.5409   481.2395 1.0740e-01    -0.0525   101.3208     6.4685     6.7903    33.1926    33.1937    26.6647    26.6658    8.22893 0.0000e+00
       8762    123.096    -0.3833    -0.3882   2.741435   2.741131     1.7965     2.1746      7.790    -0.5206   460.3945 1.0727e-01    -0.0525   101.3208     6.4688     6.7900    33.1926    33.1938    26.6647    26.6659    8.22887 0.0000e+00
       8765    123.030    -0.3835    -0.3880   2.741376   2.741122     1.7965     2.1754      7.790    -0.5206    37.8109 1.0740e-01    -0.0525   101.3208     6.4689     6.7935    33.1920    33.1936    26.6642    26.6657    8.22894 0.0000e+00
       8768    122.969    -0.3839    -0.3881   2.741348   2.741108     1.7961     2.1746      7.790    -0.5206    -0.1679 1.0715e-01    -0.0525   101.3208     6.4636     6.7898    33.1922    33.1935    26.6644    26.6657    8.22903 0.0000e+00
       8771    122.916    -0.3839    -0.3884   2.741344   2.741054     1.7961     2.1742      7.790    -0.5308     2.3193 1.0715e-01    -0.0525   101.3208     6.4642     6.7878    33.1921    33.1932    26.6643    26.6654    8.22903 0.0000e+00
       8774    122.871    -0.3839    -0.3885   2.741315   2.741055     1.7965     2.1746      7.790    -0.5308     2.1614 1.0727e-01    -0.0525   101.3208     6.4680     6.7885    33.1917    33.1933    26.6640    26.6655    8.22904 0.0000e+00
       8777    122.837    -0.3845    -0.3884   2.741196   2.741042     1.7973     2.1754      7.790    -0.5104     2.1614 1.0752e-01    -0.0529   101.3298     6.4693     6.7904    33.1908    33.1930    26.6633    26.6652    8.22923 0.0000e+00
       8780    122.808    -0.3851    -0.3887   2.741119   2.741030     1.7973     2.1758      7.790    -0.5206     2.1614 1.0727e-01    -0.0546   101.3751     6.4679     6.7911    33.1905    33.1933    26.6631    26.6654    8.22939 0.0000e+00
       8836    122.748    -0.3863    -0.3913   2.741034   2.740664     1.7973     2.1750      7.790    -0.5206    -1.3918 1.0752e-01    -0.0525   101.3208     6.4717     6.8026    33.1907    33.1912    26.6633    26.6639    8.22963 0.0000e+00
       8839    122.723    -0.3863    -0.3913   2.741029   2.740667     1.7969     2.1762      7.790    -0.5002    -1.3918 1.0715e-01    -0.0554   101.3931     6.4693     6.8061    33.1907    33.1913    26.6633    26.6640    8.22965 0.0000e+00
       8842    122.694    -0.3863    -0.3913   2.740996   2.740669     1.7977     2.1766      7.790    -0.5104     0.7796 1.0740e-01    -0.0568   101.4293     6.4723     6.8047    33.1902    33.1913    26.6629    26.6640    8.22966 0.0000e+00
       8845    122.657    -0.3863    -0.3910   2.740979   2.740708     1.7973     2.1770      7.790    -0.5308     3.4642 1.0727e-01    -0.0568   101.4293     6.4705     6.8058    33.1901    33.1916    26.6628    26.6642    8.22968 0.0000e+00
       8848    122.612    -0.3865    -0.3906   2.741001   2.740748     1.7981     2.1766      7.790    -0.5206     3.3457 1.0740e-01    -0.0568   101.4293     6.4750     6.8030    33.1906    33.1916    26.6632    26.6643    8.22969 0.0000e+00
       8851    122.563    -0.3863    -0.3905   2.740993   2.740739     1.7981     2.1758      7.790    -0.5308     3.3457 1.0752e-01    -0.0571   101.4383     6.4731     6.7982    33.1903    33.1914    26.6630    26.6641    8.22967 0.0000e+00
       8854    122.508    -0.3862    -0.3906   2.740990   2.740744     1.7977     2.1758      7.790    -0.5104     3.3457 1.0740e-01    -0.0571   101.4383     6.4693     6.7977    33.1901    33.1917    26.6628    26.6643    8.22965 0.0000e+00
       8857    122.449    -0.3864    -0.3908   2.740961   2.740695     1.7985     2.1758      7.790    -0.5104     3.3457 1.0752e-01    -0.0568   101.4293     6.4745     6.7967    33.1900    33.1913    26.6627    26.6639    8.22970 0.0000e+00
       8860    122.385    -0.3865    -0.3914   2.740958   2.740603     1.7981     2.1770      7.790    -0.5206     3.3457 1.0727e-01    -0.0585   101.4745     6.4704     6.7970    33.1901    33.1907    26.6628    26.6636    8.22971 0.0000e+00
       8863    122.313    -0.3869    -0.3920   2.740916   2.740555     1.7977     2.1758      7.790    -0.5206     3.3457 1.0727e-01    -0.0589   101.4836     6.4667     6.7912    33.1901    33.1908    26.6628    26.6636    8.22981 0.0000e+00
       8866    122.235    -0.3881    -0.3929   2.740798   2.740441     1.7977     2.1762      7.790    -0.5308     3.3457 1.0752e-01    -0.0582   101.4655     6.4670     6.7955    33.1899    33.1904    26.6627    26.6633    8.23009 0.0000e+00
       8869    122.156    -0.3887    -0.3939   2.740705   2.740341     1.7977     2.1770      7.790    -0.5308     3.8195 1.0715e-01    -0.0589   101.4836     6.4663     6.7997    33.1892    33.1901    26.6622    26.6631    8.23024 0.0000e+00
       8872    122.071    -0.3899    -0.3957   2.740571   2.740162     1.7977     2.1758      7.790    -0.5308     3.9379 1.0740e-01    -0.0582   101.4655     6.4688     6.7981    33.1889    33.1897    26.6620    26.6629    8.23054 0.0000e+00
       8875    121.979    -0.3909    -0.3965   2.740503   2.740128     1.7977     2.1762      7.790    -0.5104     3.9379 1.0752e-01    -0.0585   101.4745     6.4721     6.8007    33.1891    33.1902    26.6622    26.6633    8.23074 0.0000e+00
       8878    121.879    -0.3916    -0.3961   2.740409   2.740137     1.7981     2.1770      7.790    -0.5206     3.9379 1.0727e-01    -0.0578   101.4564     6.4750     6.8019    33.1887    33.1900    26.6619    26.6631    8.23093 0.0000e+00
       8881    121.778    -0.3916    -0.3959   2.740419   2.740191     1.7985     2.1766      7.790    -0.5206     3.9379 1.0740e-01    -0.0568   101.4293     6.4741     6.8025    33.1888    33.1905    26.6620    26.6635    8.23090 0.0000e+00
       8884    121.671    -0.3921    -0.3956   2.740364   2.740172     1.7973     2.1762      7.790    -0.5104     3.9379 1.0727e-01    -0.0568   101.4293     6.4684     6.8015    33.1887    33.1900    26.6620    26.6631    8.23103 0.0000e+00
       8887    121.559    -0.3920    -0.3964   2.740426   2.740093     1.7985     2.1771      7.790    -0.5308     3.9379 1.0740e-01    -0.0568   101.4293     6.4747     6.8029    33.1895    33.1899    26.6626    26.6631    8.23095 0.0000e+00
       8890    121.445    -0.3918    -0.3967   2.740376   2.740049     1.7981     2.1771      7.790    -0.5206     3.9379 1.0727e-01    -0.0571   101.4383     6.4725     6.8032    33.1887    33.1897    26.6619    26.6629    8.23096 0.0000e+00
       8893    121.329    -0.3931    -0.3977   2.740249   2.739933     1.7985     2.1762      7.790    -0.5206     3.8195 1.0727e-01    -0.0568   101.4293     6.4759     6.8022    33.1886    33.1893    26.6618    26.6626    8.23127 0.0000e+00
       8896    121.214    -0.3945    -0.3982   2.740057   2.739886     1.7994     2.1771      7.790    -0.5104     2.4772 1.0727e-01    -0.0568   101.4293     6.4813     6.8054    33.1875    33.1893    26.6611    26.6626    8.23163 0.0000e+00
       8899    121.096    -0.3949    -0.3988   2.740095   2.739819     1.7985     2.1767      7.790    -0.5104     2.3982 1.0727e-01    -0.0561   101.4112     6.4721     6.8018    33.1885    33.1891    26.6619    26.6626    8.23165 0.0000e+00
       8902    120.980    -0.3947    -0.3998   2.740072   2.739692     1.7985     2.1771      7.790    -0.5206     2.3982 1.0740e-01    -0.0557   101.4022     6.4700     6.8012    33.1881    33.1885    26.6616    26.6621    8.23164 0.0000e+00
       8905    120.863    -0.3955    -0.3999   2.739907   2.739692     1.7973     2.1783      7.792    -0.5206     2.3982 1.0727e-01    -0.0557   101.4022     6.4636     6.8066    33.1869    33.1887    26.6606    26.6623    8.23189 0.0000e+00
       8908    120.748    -0.3960    -0.3994   2.739950   2.739745     1.7981     2.1767      7.790    -0.5206     2.3982 1.0715e-01    -0.0557   101.4022     6.4657     6.7997    33.1881    33.1890    26.6616    26.6625    8.23194 0.0000e+00
       8911    120.633    -0.3955    -0.3988   2.739978   2.739785     1.7985     2.1762      7.790    -0.5308     2.3982 1.0715e-01    -0.0557   101.4022     6.4660     6.7991    33.1879    33.1889    26.6614    26.6624    8.23182 0.0000e+00
       8914    120.526    -0.3953    -0.3994   2.739971   2.739698     1.7989     2.1783      7.790    -0.5104     2.3982 1.0740e-01    -0.0557   101.4022     6.4692     6.8073    33.1877    33.1885    26.6612    26.6621    8.23180 0.0000e+00
       8917    120.423    -0.3957    -0.4006   2.739890   2.739566     1.7985     2.1775      7.790    -0.5104     2.3982 1.0740e-01    -0.0557   101.4022     6.4661     6.8005    33.1870    33.1882    26.6608    26.6618    8.23191 0.0000e+00
       8920    120.325    -0.3963    -0.3999   2.739848   2.739701     1.7990     2.1771      7.790    -0.5104     1.8455 1.0752e-01    -0.0557   101.4022     6.4686     6.7961    33.1872    33.1892    26.6609    26.6627    8.23204 0.0000e+00
       8923    120.236    -0.3959    -0.3981   2.739874   2.739832     1.7977     2.1775      7.792    -0.5308     0.4243 1.0715e-01    -0.0557   101.4022     6.4652     6.7963    33.1872    33.1890    26.6609    26.6625    8.23195 0.0000e+00
       8926    120.154    -0.3940    -0.3975   2.740130   2.739924     1.7985     2.1767      7.790    -0.5308     0.5032 1.0727e-01    -0.0557   101.4022     6.4702     6.7899    33.1886    33.1897    26.6620    26.6630    8.23146 0.0000e+00
       8929    120.080    -0.3913    -0.3963   2.740361   2.739979     1.7981     2.1775      7.790    -0.5308     0.4637 1.0752e-01    -0.0557   101.4022     6.4656     6.7956    33.1888    33.1892    26.6620    26.6625    8.23085 0.0000e+00
       8932    120.014    -0.3917    -0.3974   2.740238   2.739883     1.7981     2.1779      7.790    -0.5308     0.5032 1.0727e-01    -0.0557   101.4022     6.4627     6.7987    33.1876    33.1891    26.6610    26.6625    8.23101 0.0000e+00
       8935    119.954    -0.3941    -0.3983   2.740006   2.739783     1.7989     2.1783      7.790    -0.5104     0.5032 1.0740e-01    -0.0557   101.4022     6.4672     6.7972    33.1872    33.1887    26.6608    26.6622    8.23156 0.0000e+00
       8938    119.906    -0.3950    -0.4001   2.739986   2.739584     1.7985     2.1767      7.790    -0.5104     0.5032 1.0727e-01    -0.0553   101.3932     6.4651     6.7914    33.1879    33.1882    26.6614    26.6618    8.23171 0.0000e+00
       8941    119.867    -0.3972    -0.4009   2.739647   2.739546     1.7985     2.1767      7.790    -0.5104     0.5032 1.0727e-01    -0.0575   101.4474     6.4664     6.7920    33.1859    33.1885    26.6598    26.6621    8.23233 0.0000e+00
       8944    119.839    -0.3988    -0.4013   2.739455   2.739443     1.7981     2.1771      7.790    -0.5206     0.5032 1.0727e-01    -0.0568   101.4293     6.4642     6.7893    33.1850    33.1875    26.6593    26.6614    8.23272 0.0000e+00
       9032    119.773    -0.3998    -0.4059   2.739333   2.738908     1.7973     2.1762      7.788    -0.5206     0.1479 1.0727e-01    -0.0578   101.4564     6.4600     6.7795    33.1846    33.1855    26.6589    26.6599    8.23298 0.0000e+00
       9035    119.627    -0.4002    -0.4063   2.739276   2.738851     1.7977     2.1758      7.790    -0.5104     0.1479 1.0740e-01    -0.0578   101.4564     6.4628     6.7782    33.1843    33.1852    26.6587    26.6597    8.23307 0.0000e+00
       9038    119.474    -0.4010    -0.4074   2.739191   2.738698     1.7977     2.1754      7.790    -0.5206     0.0690 1.0727e-01    -0.0575   101.4474     6.4633     6.7816    33.1842    33.1846    26.6586    26.6592    8.23326 0.0000e+00
       9041    119.314    -0.4019    -0.4088   2.739097   2.738531     1.7969     2.1746      7.790    -0.5206     0.1084 1.0727e-01    -0.0585   101.4745     6.4594     6.7800    33.1839    33.1840    26.6585    26.6588    8.23346 0.0000e+00
       9044    119.144    -0.4030    -0.4101   2.738951   2.738397     1.7977     2.1754      7.788    -0.5206     0.1479 1.0715e-01    -0.0589   101.4836     6.4650     6.7847    33.1833    33.1837    26.6580    26.6586    8.23374 0.0000e+00
       9047    118.970    -0.4044    -0.4116   2.738786   2.738216     1.7973     2.1767      7.787    -0.5308     0.1479 1.0740e-01    -0.0589   101.4836     6.4634     6.7896    33.1827    33.1829    26.6576    26.6581    8.23409 0.0000e+00
       9050    118.788    -0.4057    -0.4127   2.738651   2.738132     1.7973     2.1750      7.788    -0.5206     0.0690 1.0715e-01    -0.0589   101.4836     6.4617     6.7820    33.1824    33.1831    26.6574    26.6583    8.23439 0.0000e+00
       9053    118.603    -0.4069    -0.4137   2.738511   2.738030     1.7969     2.1754      7.785    -0.5104    -0.3653 1.0740e-01    -0.0589   101.4836     6.4547     6.7860    33.1819    33.1829    26.6571    26.6582    8.23467 0.0000e+00
       9056    118.418    -0.4080    -0.4138   2.738389   2.738027     1.7973     2.1750      7.785    -0.5104    -0.3258 1.0727e-01    -0.0589   101.4836     6.4544     6.7885    33.1817    33.1832    26.6570    26.6584    8.23495 0.0000e+00
       9059    118.232    -0.4091    -0.4151   2.738301   2.737838     1.7973     2.1750      7.788    -0.5206    -0.3258 1.0727e-01    -0.0585   101.4745     6.4552     6.7894    33.1818    33.1822    26.6571    26.6577    8.23518 0.0000e+00
       9062    118.052    -0.4098    -0.4158   2.738222   2.737789     1.7973     2.1758      7.787    -0.5104    -0.3258 1.0740e-01    -0.0578   101.4564     6.4584     6.7917    33.1816    33.1824    26.6570    26.6578    8.23533 0.0000e+00
