Datasets/AZMP/TEL210/tel210_2020_103.cnv
* Sea-Bird SBE 9 Data File:
* FileName = C:\CTDDATA\tel210_2020_103.hex
* Software Version Seasave V 7.26.7.110
* Temperature SN = 1697
* Conductivity SN = 4216
* Number of Bytes Per Scan = 30
* Number of Voltage Words = 4
* Number of Scans Averaged by the Deck Unit = 1
* NMEA baud rate = 4800
** VESSEL/TRIP/SEQ STN:  tel210_2020_103
** LATITUDE XX XX.XX: 55 46.20 N
** LONGITUDE XX XX.XX: 057 13.30 W
** SOUNDING DEPTH (M): 0425
** PROBE TYPE: S1146
** CTD NUMBER: 069
** COMMENTS (14 CHAR): MB-09
** BOTTLES:  11
** LEVELS: 5,10,20,30,40,50,75,100,150,250,BTM
** STICKERS: 436260 - 436270
** VNET: Y
** DO2: N
# nquan = 22
# nvalues = 10058                       
# units = specified
# name 0 = scan: Scan Count
# name 1 = prDM: Pressure, Digiquartz [db]
# name 2 = t090C: Temperature [ITS-90, deg C]
# name 3 = t190C: Temperature, 2 [ITS-90, deg C]
# name 4 = c0S/m: Conductivity [S/m]
# name 5 = c1S/m: Conductivity, 2 [S/m]
# name 6 = sbeox0V: Oxygen raw, SBE 43 [V]
# name 7 = sbeox1V: Oxygen raw, SBE 43, 2 [V]
# name 8 = ph: pH
# name 9 = flECO-AFL: Fluorescence, WET Labs ECO-AFL/FL [mg/m^3]
# name 10 = wetCDOM: Fluorescence, WET Labs CDOM [mg/m^3]
# name 11 = par/sat/log: PAR/Logarithmic, Satlantic [umol photons/m^2/sec]
# name 12 = CStarAt0: Beam Attenuation, WET Labs C-Star [1/m]
# name 13 = CStarTr0: Beam Transmission, WET Labs C-Star [%]
# name 14 = sbeox0ML/L: Oxygen, SBE 43 [ml/l], WS = 2
# name 15 = sbeox1ML/L: Oxygen, SBE 43, 2 [ml/l], WS = 2
# name 16 = sal00: Salinity, Practical [PSU]
# name 17 = sal11: Salinity, Practical, 2 [PSU]
# name 18 = sigma-t00: Density [sigma-t, kg/m^3 ]
# name 19 = sigma-t11: Density, 2 [sigma-t, kg/m^3 ]
# name 20 = oxsatML/L: Oxygen Saturation, Weiss [ml/l]
# name 21 = flag: flag
# span 0 =         79,      58837       
# span 1 =      0.564,    436.325       
# span 2 =    -0.2051,     6.3544       
# span 3 =    -0.1980,     6.3636       
# span 4 =   2.752020,   3.207716       
# span 5 =   2.752988,   3.207039       
# span 6 =     1.9206,     2.7205       
# span 7 =     2.3037,     3.3537       
# span 8 =      8.020,      8.383       
# span 9 =     0.6346,    16.6240       
# span 10 =    -2.8130,   482.1870      
# span 11 = 1.0484e-01, 3.2828e+00      
# span 12 =    -0.1303,     1.0859      
# span 13 =    76.2260,   103.3103      
# span 14 =     6.4927,    10.6043      
# span 15 =     6.7146,    11.2591      
# span 16 =    31.4255,    34.6804      
# span 17 =    31.4223,    34.6767      
# span 18 =    24.6862,    27.5784      
# span 19 =    24.6825,    27.5763      
# span 20 =    7.02595,    8.18997      
# span 21 = 0.0000e+00, 0.0000e+00      
# interval = scans: 3                   
# start_time = Jul 27 2020 06:57:13 [System UTC, header]
# bad_flag = -9.990e-29
*END*
[from data line 1449]
       5000    127.043     1.1696     1.1630   2.928828   2.928148     1.9918     2.3968      8.036     0.7722     0.6217 1.0715e-01    -0.1190   103.0209     7.0312     7.2916    33.9474    33.9460    27.1880    27.1873    7.85767 0.0000e+00
       5003    127.134     1.1712     1.1667   2.929129   2.928778     1.9914     2.3984      8.036     0.7405     0.5822 1.0727e-01    -0.1194   103.0299     7.0286     7.2970    33.9495    33.9500    27.1896    27.1902    7.85723 0.0000e+00
       5006    127.220     1.1745     1.1694   2.929704   2.929078     1.9918     2.3972      8.036     0.7616     0.5427 1.0727e-01    -0.1187   103.0118     7.0289     7.2904    33.9532    33.9508    27.1923    27.1907    7.85636 0.0000e+00
       5009    127.303     1.1812     1.1724   2.930794   2.929640     1.9922     2.3980      8.036     0.7510     0.6217 1.0715e-01    -0.1159   102.9395     7.0273     7.2903    33.9599    33.9547    27.1973    27.1937    7.85465 0.0000e+00
       5012    127.381     1.1856     1.1776   2.931391   2.930443     1.9922     2.3980      8.036     0.7510     0.5822 1.0715e-01    -0.1131   102.8672     7.0268     7.2892    33.9627    33.9592    27.1992    27.1969    7.85360 0.0000e+00
       5015    127.453     1.1918     1.1819   2.932438   2.931021     1.9922     2.3972      8.036     0.7510     0.5822 1.0727e-01    -0.1131   102.8672     7.0243     7.2828    33.9693    33.9619    27.2041    27.1988    7.85198 0.0000e+00
       5018    127.523     1.1948     1.1859   2.932443   2.931589     1.9922     2.3976      8.036     0.7405     0.5822 1.0727e-01    -0.1134   102.8762     7.0232     7.2819    33.9661    33.9649    27.2013    27.2009    7.85155 0.0000e+00
       5021    127.585     1.1973     1.1879   2.932852   2.931823     1.9926     2.3972      8.036     0.7616     0.0690 1.0715e-01    -0.1131   102.8672     7.0229     7.2798    33.9686    33.9656    27.2032    27.2013    7.85090 0.0000e+00
       5024    127.643     1.1986     1.1904   2.932975   2.932125     1.9918     2.3968      8.036     0.7510    -0.1284 1.0715e-01    -0.1131   102.8672     7.0177     7.2756    33.9687    33.9668    27.2032    27.2021    7.85063 0.0000e+00
       5027    127.698     1.1983     1.1915   2.932930   2.932273     1.9918     2.3968      8.036     0.7510    -0.0889 1.0715e-01    -0.1131   102.8672     7.0153     7.2726    33.9684    33.9674    27.2029    27.2025    7.85070 0.0000e+00
       5030    127.745     1.1976     1.1916   2.932915   2.932305     1.9910     2.3968      8.034     0.7510    -0.1284 1.0715e-01    -0.1134   102.8762     7.0059     7.2734    33.9689    33.9676    27.2034    27.2028    7.85081 0.0000e+00
       5033    127.792     1.2006     1.1927   2.933453   2.932532     1.9918     2.3968      8.034     0.7510    -0.1284 1.0715e-01    -0.1138   102.8853     7.0064     7.2699    33.9725    33.9693    27.2061    27.2040    7.85001 0.0000e+00
       5036    127.833     1.2060     1.1924   2.933996   2.932437     1.9918     2.3960      8.033     0.7616    -0.1679 1.0727e-01    -0.1138   102.8853     7.0055     7.2648    33.9736    33.9684    27.2066    27.2034    7.84886 0.0000e+00
       5039    127.873     1.2092     1.1925   2.934263   2.932522     1.9914     2.3956      8.033     0.7616    -0.1679 1.0715e-01    -0.1131   102.8672     7.0025     7.2623    33.9735    33.9694    27.2063    27.2041    7.84821 0.0000e+00
       5042    127.913     1.2096     1.1968   2.934297   2.933183     1.9906     2.3960      8.034     0.8886    -0.1679 1.0727e-01    -0.1141   102.8943     7.0009     7.2612    33.9735    33.9731    27.2062    27.2068    7.84813 0.0000e+00
       5045    127.951     1.2097     1.2003   2.934392   2.933598     1.9902     2.3972      8.033     0.8780    -0.1284 1.0715e-01    -0.1134   102.8762     7.0008     7.2655    33.9746    33.9747    27.2072    27.2079    7.84806 0.0000e+00
       5048    127.987     1.2113     1.2020   2.934601   2.933714     1.9906     2.3956      8.033     0.8886     0.1084 1.0715e-01    -0.1138   102.8853     7.0022     7.2609    33.9755    33.9743    27.2077    27.2074    7.84767 0.0000e+00
       5051    128.021     1.2127     1.2012   2.934865   2.933680     1.9906     2.3956      8.034     0.8780     0.1479 1.0715e-01    -0.1162   102.9486     7.0001     7.2604    33.9773    33.9747    27.2091    27.2078    7.84729 0.0000e+00
       5054    128.056     1.2194     1.2104   2.935688   2.935105     1.9894     2.3956      8.033     0.8886     0.1084 1.0727e-01    -0.1166   102.9576     6.9928     7.2583    33.9805    33.9829    27.2113    27.2137    7.84575 0.0000e+00
       5057    128.091     1.2204     1.2168   2.935847   2.935798     1.9906     2.3943      8.031     0.8886     0.1479 1.0727e-01    -0.1162   102.9486     6.9982     7.2522    33.9815    33.9848    27.2120    27.2149    7.84551 0.0000e+00
       5060    128.127     1.2248     1.2196   2.936473   2.936037     1.9898     2.3939      8.033     0.8886     0.1084 1.0727e-01    -0.1162   102.9486     6.9965     7.2500    33.9847    33.9847    27.2142    27.2146    7.84444 0.0000e+00
       5063    128.166     1.2245     1.2185   2.936471   2.935909     1.9906     2.3943      8.033     0.8780     0.1084 1.0715e-01    -0.1162   102.9486     7.0022     7.2502    33.9850    33.9844    27.2145    27.2144    7.84448 0.0000e+00
       5066    128.209     1.2261     1.2183   2.936783   2.935884     1.9902     2.3943      8.031     0.8674     0.1479 1.0727e-01    -0.1162   102.9486     7.0009     7.2502    33.9872    33.9842    27.2161    27.2143    7.84404 0.0000e+00
       5069    128.255     1.2269     1.2202   2.936792   2.936236     1.9898     2.3943      8.033     0.7616     0.1084 1.0752e-01    -0.1173   102.9757     6.9989     7.2520    33.9864    33.9865    27.2155    27.2160    7.84392 0.0000e+00
       5072    128.303     1.2260     1.2216   2.936680   2.936372     1.9886     2.3947      8.031     0.7510     0.3058 1.0727e-01    -0.1201   103.0480     6.9923     7.2563    33.9860    33.9868    27.2152    27.2162    7.84413 0.0000e+00
       5075    128.356     1.2260     1.2227   2.936762   2.936531     1.9890     2.3939      8.031     0.7616     0.9770 1.0740e-01    -0.1201   103.0480     6.9930     7.2535    33.9869    33.9876    27.2160    27.2167    7.84407 0.0000e+00
       5078    128.413     1.2279     1.2236   2.936970   2.936638     1.9890     2.3935      8.033     0.7722     0.9770 1.0752e-01    -0.1198   103.0390     6.9916     7.2508    33.9875    33.9879    27.2163    27.2169    7.84366 0.0000e+00
       5081    128.477     1.2295     1.2246   2.937267   2.936767     1.9898     2.3935      8.031     0.7510     0.9770 1.0752e-01    -0.1201   103.0480     6.9924     7.2501    33.9895    33.9885    27.2178    27.2173    7.84322 0.0000e+00
       5084    128.549     1.2319     1.2250   2.937441   2.936777     1.9890     2.3931      8.031     0.7510     0.9770 1.0727e-01    -0.1201   103.0480     6.9876     7.2466    33.9891    33.9881    27.2173    27.2169    7.84275 0.0000e+00
       5087    128.629     1.2319     1.2244   2.937416   2.936730     1.9890     2.3931      8.031     0.7616     0.9770 1.0740e-01    -0.1198   103.0390     6.9855     7.2456    33.9887    33.9881    27.2170    27.2170    7.84277 0.0000e+00
       5090    128.715     1.2310     1.2254   2.937347   2.936897     1.9886     2.3935      8.031     0.7616     0.9770 1.0727e-01    -0.1187   103.0118     6.9893     7.2469    33.9888    33.9891    27.2171    27.2178    7.84295 0.0000e+00
       5093    128.809     1.2309     1.2260   2.937345   2.936960     1.9890     2.3931      8.031     0.7510     0.9770 1.0727e-01    -0.1183   103.0028     6.9928     7.2430    33.9888    33.9892    27.2171    27.2178    7.84297 0.0000e+00
       5096    128.912     1.2308     1.2259   2.937352   2.936986     1.9882     2.3927      8.031     0.7510     0.9770 1.0740e-01    -0.1183   103.0028     6.9904     7.2423    33.9890    33.9896    27.2173    27.2181    7.84300 0.0000e+00
       5099    129.023     1.2320     1.2271   2.937540   2.937193     1.9878     2.3923      8.031     0.7510     0.3848 1.0715e-01    -0.1183   103.0028     6.9853     7.2407    33.9900    33.9909    27.2180    27.2190    7.84269 0.0000e+00
       5102    129.143     1.2324     1.2297   2.937526   2.937474     1.9882     2.3915      8.031     0.7510    -0.2074 1.0715e-01    -0.1183   103.0028     6.9853     7.2380    33.9893    33.9916    27.2175    27.2194    7.84265 0.0000e+00
       5105    129.271     1.2348     1.2333   2.938093   2.938084     1.9878     2.3915      8.031     0.7616    -0.0889 1.0740e-01    -0.1183   103.0028     6.9811     7.2370    33.9939    33.9954    27.2210    27.2223    7.84192 0.0000e+00
       5108    129.407     1.2415     1.2384   2.938801   2.938515     1.9869     2.3919      8.031     0.7616    -0.0889 1.0715e-01    -0.1183   103.0028     6.9765     7.2359    33.9955    33.9952    27.2218    27.2218    7.84046 0.0000e+00
       5111    129.552     1.2442     1.2395   2.939024   2.938578     1.9878     2.3919      8.031     0.7510    -0.1284 1.0727e-01    -0.1205   103.0571     6.9805     7.2343    33.9954    33.9948    27.2215    27.2213    7.83992 0.0000e+00
       5114    129.702     1.2449     1.2410   2.939145   2.938820     1.9882     2.3915      8.031     0.7510    -0.0889 1.0715e-01    -0.1215   103.0842     6.9831     7.2332    33.9961    33.9962    27.2221    27.2224    7.83975 0.0000e+00
       5117    129.857     1.2465     1.2419   2.939307   2.938884     1.9869     2.3907      8.031     0.7616    -0.1679 1.0715e-01    -0.1208   103.0661     6.9789     7.2320    33.9963    33.9960    27.2221    27.2222    7.83940 0.0000e+00
       5120    130.020     1.2481     1.2425   2.939505   2.939029     1.9882     2.3907      8.031     0.7299    -0.0889 1.0715e-01    -0.1212   103.0752     6.9879     7.2321    33.9971    33.9970    27.2226    27.2229    7.83904 0.0000e+00
       5123    130.188     1.2496     1.2438   2.939718   2.939169     1.9869     2.3907      8.031     0.7510    -0.1284 1.0715e-01    -0.1215   103.0842     6.9828     7.2324    33.9980    33.9973    27.2233    27.2231    7.83868 0.0000e+00
       5126    130.360     1.2515     1.2453   2.939919   2.939349     1.9865     2.3907      8.031     0.7510    -0.6417 1.0715e-01    -0.1215   103.0842     6.9787     7.2319    33.9984    33.9979    27.2234    27.2234    7.83827 0.0000e+00
       5129    130.534     1.2527     1.2476   2.940035   2.939639     1.9861     2.3903      8.031     0.7616    -0.7206 1.0727e-01    -0.1208   103.0661     6.9769     7.2280    33.9985    33.9990    27.2234    27.2241    7.83802 0.0000e+00
       5132    130.707     1.2542     1.2494   2.940206   2.939838     1.9865     2.3895      8.031     0.7510    -0.6811 1.0727e-01    -0.1233   103.1294     6.9766     7.2239    33.9990    33.9994    27.2237    27.2244    7.83770 0.0000e+00
       5135    130.881     1.2548     1.2507   2.940279   2.940033     1.9865     2.3895      8.031     0.7510    -0.6811 1.0715e-01    -0.1236   103.1385     6.9750     7.2241    33.9992    34.0005    27.2238    27.2251    7.83757 0.0000e+00
       5138    131.054     1.2574     1.2514   2.940758   2.940117     1.9865     2.3899      8.031     0.7616    -0.6811 1.0715e-01    -0.1236   103.1385     6.9751     7.2276    34.0023    34.0006    27.2262    27.2253    7.83687 0.0000e+00
       5141    131.227     1.2613     1.2557   2.941140   2.940686     1.9865     2.3895      8.031     0.7405    -0.6811 1.0715e-01    -0.1236   103.1385     6.9748     7.2262    34.0028    34.0032    27.2264    27.2270    7.83604 0.0000e+00
       5144    131.396     1.2630     1.2585   2.941302   2.940913     1.9869     2.3886      8.031     0.7510    -0.6811 1.0740e-01    -0.1236   103.1385     6.9780     7.2210    34.0029    34.0029    27.2263    27.2266    7.83568 0.0000e+00
       5147    131.558     1.2633     1.2587   2.941321   2.940896     1.9861     2.3891      8.031     0.7405    -0.6811 1.0727e-01    -0.1233   103.1294     6.9767     7.2241    34.0028    34.0024    27.2262    27.2262    7.83564 0.0000e+00
       5150    131.712     1.2634     1.2584   2.941349   2.940948     1.9853     2.3886      8.031     0.7616    -0.6022 1.0740e-01    -0.1222   103.1023     6.9747     7.2256    34.0029    34.0033    27.2263    27.2269    7.83561 0.0000e+00
       5153    131.858     1.2651     1.2597   2.941621   2.941121     1.9857     2.3882      8.031     0.7510     0.1084 1.0727e-01    -0.1226   103.1113     6.9778     7.2248    34.0045    34.0040    27.2274    27.2274    7.83518 0.0000e+00
       5156    131.998     1.2670     1.2626   2.941927   2.941488     1.9853     2.3882      8.031     0.7405     0.1084 1.0752e-01    -0.1226   103.1113     6.9756     7.2246    34.0063    34.0055    27.2288    27.2284    7.83471 0.0000e+00
       5159    132.125     1.2699     1.2633   2.942142   2.941543     1.9861     2.3878      8.031     0.7510     0.1084 1.0727e-01    -0.1226   103.1113     6.9762     7.2261    34.0057    34.0053    27.2281    27.2282    7.83413 0.0000e+00
       5162    132.239     1.2713     1.2646   2.942280   2.941654     1.9845     2.3882      8.031     0.7510     0.1479 1.0727e-01    -0.1222   103.1023     6.9681     7.2293    34.0060    34.0053    27.2282    27.2281    7.83385 0.0000e+00
       5165    132.341     1.2718     1.2654   2.942328   2.941791     1.9853     2.3878      8.031     0.7616     0.1084 1.0727e-01    -0.1222   103.1023     6.9744     7.2280    34.0060    34.0060    27.2281    27.2287    7.83374 0.0000e+00
       5168    132.433     1.2754     1.2687   2.942806   2.942373     1.9853     2.3870      8.031     0.7510     0.1084 1.0715e-01    -0.1226   103.1113     6.9755     7.2247    34.0081    34.0099    27.2297    27.2315    7.83290 0.0000e+00
       5171    132.511     1.2792     1.2732   2.943255   2.942824     1.9853     2.3882      8.031     0.7405     0.1479 1.0715e-01    -0.1243   103.1565     6.9788     7.2295    34.0096    34.0107    27.2306    27.2319    7.83204 0.0000e+00
       5174    132.577     1.2827     1.2727   2.943378   2.942568     1.9857     2.3878      8.031     0.7616     0.1084 1.0727e-01    -0.1257   103.1927     6.9807     7.2316    34.0074    34.0079    27.2286    27.2297    7.83146 0.0000e+00
       5177    132.630     1.2846     1.2718   2.943241   2.942481     1.9857     2.3870      8.031     0.7299    -0.3258 1.0715e-01    -0.1257   103.1927     6.9803     7.2294    34.0035    34.0078    27.2253    27.2296    7.83127 0.0000e+00
       5180    132.672     1.2851     1.2720   2.943243   2.942593     1.9849     2.3870      8.031     0.7616    -1.1549 1.0727e-01    -0.1257   103.1927     6.9742     7.2300    34.0031    34.0089    27.2249    27.2305    7.83120 0.0000e+00
       5183    132.703     1.2777     1.2747   2.942601   2.942706     1.9841     2.3891      8.031     0.7616    -1.1154 1.0715e-01    -0.1257   103.1927     6.9715     7.2381    34.0028    34.0075    27.2252    27.2292    7.83271 0.0000e+00
       5220    132.733     1.2769     1.2673   2.942883   2.941701     1.9837     2.3870      8.031     0.7616    -0.2864 1.0740e-01    -0.1275   103.2380     6.9729     7.2291    34.0073    34.0027    27.2289    27.2258    7.83263 0.0000e+00
       5240    132.777     1.2834     1.2667   2.943828   2.941832     1.9841     2.3866      8.031     0.7405     0.1479 1.0727e-01    -0.1278   103.2470     6.9718     7.2267    34.0122    34.0050    27.2324    27.2277    7.83105 0.0000e+00
       5243    132.837     1.2845     1.2721   2.943768   2.942655     1.9841     2.3862      8.031     0.7510     0.1479 1.0727e-01    -0.1278   103.2470     6.9715     7.2242    34.0103    34.0096    27.2308    27.2310    7.83094 0.0000e+00
