Datasets/AZMP/TEL210/tel210_2020_028.cnv
* Sea-Bird SBE 9 Data File:
* FileName = C:\CTDDATA\tel210_2020_028.hex
* Software Version Seasave V 7.26.7.110
* Temperature SN = 1697
* Conductivity SN = 4216
* Number of Bytes Per Scan = 30
* Number of Voltage Words = 4
* Number of Scans Averaged by the Deck Unit = 1
* NMEA baud rate = 4800
** VESSEL/TRIP/SEQ STN:  tel210_2020_028
** LATITUDE XX XX.XX: 47 00.00 N
** LONGITUDE XX XX.XX: 044 46.30 W
** SOUNDING DEPTH (M): 0140
** PROBE TYPE: S1146
** CTD NUMBER: 027
** COMMENTS (14 CHAR): FC-26
** BOTTLES:  9
** LEVELS: 5,10,20,30,40,50,75,100,BTM
** STICKERS: 435922 - 435930
** VNET: Y
** DO2: N
# nquan = 22
# nvalues = 3299                        
# units = specified
# name 0 = scan: Scan Count
# name 1 = prDM: Pressure, Digiquartz [db]
# name 2 = t090C: Temperature [ITS-90, deg C]
# name 3 = t190C: Temperature, 2 [ITS-90, deg C]
# name 4 = c0S/m: Conductivity [S/m]
# name 5 = c1S/m: Conductivity, 2 [S/m]
# name 6 = sbeox0V: Oxygen raw, SBE 43 [V]
# name 7 = sbeox1V: Oxygen raw, SBE 43, 2 [V]
# name 8 = ph: pH
# name 9 = flECO-AFL: Fluorescence, WET Labs ECO-AFL/FL [mg/m^3]
# name 10 = wetCDOM: Fluorescence, WET Labs CDOM [mg/m^3]
# name 11 = par/sat/log: PAR/Logarithmic, Satlantic [umol photons/m^2/sec]
# name 12 = CStarAt0: Beam Attenuation, WET Labs C-Star [1/m]
# name 13 = CStarTr0: Beam Transmission, WET Labs C-Star [%]
# name 14 = sbeox0ML/L: Oxygen, SBE 43 [ml/l], WS = 2
# name 15 = sbeox1ML/L: Oxygen, SBE 43, 2 [ml/l], WS = 2
# name 16 = sal00: Salinity, Practical [PSU]
# name 17 = sal11: Salinity, Practical, 2 [PSU]
# name 18 = sigma-t00: Density [sigma-t, kg/m^3 ]
# name 19 = sigma-t11: Density, 2 [sigma-t, kg/m^3 ]
# name 20 = oxsatML/L: Oxygen Saturation, Weiss [ml/l]
# name 21 = flag: flag
# span 0 =         32,      29907       
# span 1 =      1.949,    146.059       
# span 2 =     3.6980,    11.4961       
# span 3 =     3.6931,    11.4800       
# span 4 =   3.186732,   3.753092       
# span 5 =   3.186246,   3.751435       
# span 6 =     1.9141,     2.4318       
# span 7 =     2.3101,     2.9757       
# span 8 =      7.941,      8.218       
# span 9 =    -0.6121,     6.1644       
# span 10 =    -2.8130,   482.1870      
# span 11 = 1.0678e-01, 3.2665e-01      
# span 12 =    -0.1183,     0.1858      
# span 13 =    95.4608,   103.0028      
# span 14 =     6.1892,     7.7009      
# span 15 =     6.3436,     8.0944      
# span 16 =    33.0428,    34.5110      
# span 17 =    33.0419,    34.5101      
# span 18 =    25.1627,    27.4253      
# span 19 =    25.1654,    27.4250      
# span 20 =    6.19211,    7.34462      
# span 21 = 0.0000e+00, 0.0000e+00      
# interval = scans: 3                   
# start_time = Jul 18 2020 04:24:59 [System UTC, header]
# bad_flag = -9.990e-29
*END*
[from data line 659]
       2156     67.369     4.3240     4.3196   3.226198   3.225592     2.0870     2.5246      8.039     0.2934     6.7804 1.0715e-01    -0.0902   102.2794     6.7354     7.0193    34.2758    34.2733    27.1761    27.1745    7.24089 0.0000e+00
       2159     67.492     4.3232     4.3186   3.226160   3.225561     2.0866     2.5233      8.039     0.3036    69.8679 1.0715e-01    -0.0898   102.2703     6.7368     7.0157    34.2761    34.2738    27.1764    27.1750    7.24101 0.0000e+00
       2162     67.621     4.3220     4.3175   3.226082   3.225514     2.0866     2.5225      8.039     0.3036   468.4483 1.0715e-01    -0.0898   102.2703     6.7374     7.0158    34.2764    34.2743    27.1767    27.1756    7.24121 0.0000e+00
       2165     67.754     4.3205     4.3158   3.226057   3.225446     2.0862     2.5233      8.039     0.3138   481.5554 1.0715e-01    -0.0916   102.3156     6.7352     7.0198    34.2775    34.2752    27.1778    27.1765    7.24142 0.0000e+00
       2168     67.891     4.3190     4.3143   3.225982   3.225391     2.0854     2.5225      8.039     0.3036   481.2790 1.0715e-01    -0.0919   102.3246     6.7342     7.0180    34.2781    34.2761    27.1784    27.1773    7.24165 0.0000e+00
       2171     68.027     4.3176     4.3128   3.225897   3.225256     2.0862     2.5217      8.039     0.3138   481.3579 1.0715e-01    -0.0919   102.3246     6.7377     7.0165    34.2785    34.2760    27.1789    27.1775    7.24189 0.0000e+00
       2174     68.164     4.3155     4.3108   3.225795   3.225211     2.0850     2.5221      8.036     0.3138   481.3579 1.0715e-01    -0.0919   102.3246     6.7339     7.0196    34.2794    34.2775    27.1798    27.1788    7.24222 0.0000e+00
       2177     68.303     4.3134     4.3086   3.225723   3.225076     2.0850     2.5213      8.039     0.3036   481.3579 1.0715e-01    -0.0919   102.3246     6.7342     7.0168    34.2807    34.2780    27.1810    27.1795    7.24252 0.0000e+00
       2180     68.444     4.3121     4.3070   3.225691   3.225068     2.0846     2.5209      8.034     0.1612   481.3579 1.0715e-01    -0.0919   102.3246     6.7318     7.0175    34.2816    34.2796    27.1819    27.1808    7.24271 0.0000e+00
       2183     68.581     4.3117     4.3065   3.225644   3.225011     2.0846     2.5205      8.034     0.0594   481.3579 1.0715e-01    -0.0923   102.3336     6.7310     7.0169    34.2814    34.2794    27.1819    27.1808    7.24280 0.0000e+00
       2186     68.719     4.3111     4.3060   3.225604   3.225010     2.0838     2.5209      8.034     0.0696   295.9249 1.0715e-01    -0.0947   102.3969     6.7254     7.0174    34.2815    34.2798    27.1820    27.1811    7.24290 0.0000e+00
       2189     68.853     4.3101     4.3050   3.225563   3.224953     2.0842     2.5192      8.034     0.0492    -2.8130 1.0715e-01    -0.0951   102.4060     6.7250     7.0089    34.2820    34.2801    27.1825    27.1814    7.24305 0.0000e+00
       2192     68.986     4.3094     4.3045   3.225512   3.224944     2.0842     2.5201      8.034     0.0594    -1.1154 1.0715e-01    -0.0951   102.4060     6.7240     7.0122    34.2820    34.2805    27.1826    27.1819    7.24317 0.0000e+00
       2195     69.119     4.3083     4.3036   3.225467   3.224891     2.0830     2.5192      8.034     0.0594    -0.2863 1.0715e-01    -0.0951   102.4060     6.7180     7.0105    34.2825    34.2807    27.1831    27.1821    7.24333 0.0000e+00
       2198     69.245     4.3071     4.3024   3.225408   3.224795     2.0830     2.5184      8.034     0.0594    -0.3258 1.0715e-01    -0.0951   102.4060     6.7164     7.0066    34.2830    34.2807    27.1836    27.1823    7.24353 0.0000e+00
       2201     69.368     4.3051     4.3007   3.225238   3.224680     2.0821     2.5184      8.034     0.0594    -0.3258 1.0715e-01    -0.0947   102.3969     6.7099     7.0066    34.2831    34.2811    27.1838    27.1827    7.24388 0.0000e+00
       2204     69.486     4.3018     4.2976   3.224985   3.224429     2.0826     2.5184      8.034     0.0797    -0.3258 1.0715e-01    -0.0940   102.3788     6.7117     7.0069    34.2835    34.2813    27.1845    27.1832    7.24445 0.0000e+00
       2207     69.599     4.2988     4.2941   3.224741   3.224182     2.0817     2.5176      8.034     0.1408    -0.3258 1.0715e-01    -0.0951   102.4060     6.7096     7.0038    34.2837    34.2820    27.1850    27.1841    7.24498 0.0000e+00
       2210     69.708     4.2951     4.2908   3.224424   3.223912     2.0805     2.5172      8.032     0.1408    -0.3258 1.0715e-01    -0.0951   102.4060     6.7049     7.0050    34.2837    34.2822    27.1854    27.1847    7.24562 0.0000e+00
       2213     69.811     4.2903     4.2864   3.224108   3.223597     2.0805     2.5152      8.032     0.1713    -1.1549 1.0715e-01    -0.0951   102.4060     6.7045     6.9991    34.2850    34.2830    27.1869    27.1858    7.24642 0.0000e+00
       2216     69.909     4.2874     4.2826   3.223940   3.223326     2.0805     2.5172      8.032     0.1510    -1.5497 1.0715e-01    -0.0951   102.4060     6.7055     7.0046    34.2860    34.2837    27.1880    27.1867    7.24689 0.0000e+00
       2219     70.000     4.2849     4.2805   3.223827   3.223219     2.0797     2.5160      8.031     0.1815    -1.5102 1.0715e-01    -0.0944   102.3879     6.7022     6.9999    34.2871    34.2846    27.1892    27.1877    7.24727 0.0000e+00
       2222     70.086     4.2828     4.2786   3.223740   3.223161     2.0789     2.5152      8.031     0.1612    -1.5102 1.0715e-01    -0.0947   102.3969     6.6987     6.9961    34.2882    34.2858    27.1903    27.1889    7.24758 0.0000e+00
       2225     70.169     4.2816     4.2771   3.223683   3.223070     2.0785     2.5148      8.030     0.1408    -1.5102 1.0715e-01    -0.0962   102.4331     6.7002     6.9943    34.2888    34.2863    27.1909    27.1894    7.24777 0.0000e+00
       2228     70.248     4.2809     4.2759   3.223650   3.223024     2.0793     2.5148      8.030     0.1408    -1.5102 1.0715e-01    -0.0972   102.4602     6.7053     6.9961    34.2891    34.2870    27.1912    27.1900    7.24788 0.0000e+00
       2231     70.321     4.2805     4.2755   3.223638   3.223000     2.0785     2.5144      8.030     0.1307    -1.5102 1.0715e-01    -0.0972   102.4602     6.7041     6.9946    34.2893    34.2870    27.1915    27.1901    7.24794 0.0000e+00
       2234     70.393     4.2804     4.2756   3.223608   3.222996     2.0781     2.5144      8.030     0.1307    -1.5102 1.0715e-01    -0.0972   102.4602     6.7044     6.9952    34.2891    34.2868    27.1912    27.1900    7.24797 0.0000e+00
       2237     70.463     4.2802     4.2752   3.223595   3.222995     2.0773     2.5131      8.030     0.1408    -1.3523 1.0715e-01    -0.0972   102.4602     6.7010     6.9905    34.2890    34.2872    27.1912    27.1903    7.24801 0.0000e+00
       2240     70.531     4.2800     4.2750   3.223580   3.222977     2.0769     2.5123      8.030     0.1205     4.4511 1.0715e-01    -0.0969   102.4512     6.6995     6.9858    34.2891    34.2872    27.1913    27.1903    7.24805 0.0000e+00
       2243     70.601     4.2797     4.2748   3.223550   3.222950     2.0760     2.5115      8.030     0.1205     4.9249 1.0715e-01    -0.0972   102.4602     6.6960     6.9850    34.2890    34.2870    27.1912    27.1902    7.24810 0.0000e+00
       2246     70.672     4.2796     4.2745   3.223544   3.222917     2.0760     2.5115      8.030     0.1205     4.8854 1.0715e-01    -0.0972   102.4602     6.6954     6.9837    34.2889    34.2869    27.1912    27.1902    7.24812 0.0000e+00
       2249     70.740     4.2777     4.2737   3.223353   3.222869     2.0769     2.5119      8.030     0.1307     4.8854 1.0715e-01    -0.0972   102.4602     6.6979     6.9850    34.2886    34.2871    27.1912    27.1904    7.24847 0.0000e+00
       2252     70.809     4.2743     4.2716   3.223045   3.222658     2.0756     2.5111      8.030     0.1307     4.8854 1.0715e-01    -0.0969   102.4512     6.6928     6.9831    34.2885    34.2867    27.1915    27.1903    7.24908 0.0000e+00
       2255     70.878     4.2711     4.2684   3.222794   3.222402     2.0756     2.5103      8.030     0.1205     4.8854 1.0715e-01    -0.0972   102.4602     6.6961     6.9802    34.2889    34.2870    27.1921    27.1909    7.24964 0.0000e+00
       2258     70.948     4.2677     4.2646   3.222500   3.222027     2.0756     2.5103      8.030     0.0899     4.8854 1.0715e-01    -0.0972   102.4602     6.6978     6.9826    34.2889    34.2865    27.1925    27.1909    7.25024 0.0000e+00
       2261     71.021     4.2655     4.2617   3.222283   3.221741     2.0748     2.5099      8.030     0.0696     4.8854 1.0715e-01    -0.0972   102.4602     6.6938     6.9840    34.2886    34.2862    27.1925    27.1910    7.25064 0.0000e+00
       2264     71.094     4.2640     4.2593   3.222153   3.221569     2.0736     2.5095      8.025     0.0594     4.6091 1.0715e-01    -0.0969   102.4512     6.6903     6.9838    34.2886    34.2866    27.1926    27.1915    7.25091 0.0000e+00
       2267     71.170     4.2620     4.2571   3.221975   3.221374     2.0736     2.5083      8.027     0.0594     3.5826 1.0715e-01    -0.0983   102.4874     6.6908     6.9788    34.2885    34.2866    27.1928    27.1918    7.25126 0.0000e+00
       2270     71.248     4.2601     4.2557   3.221882   3.221300     2.0736     2.5079      8.025     0.0696     3.5826 1.0715e-01    -0.0983   102.4874     6.6895     6.9770    34.2894    34.2871    27.1937    27.1923    7.25157 0.0000e+00
       2273     71.327     4.2586     4.2543   3.221772   3.221193     2.0732     2.5079      8.025     0.0696     3.5826 1.0715e-01    -0.0979   102.4783     6.6873     6.9766    34.2896    34.2873    27.1940    27.1926    7.25182 0.0000e+00
       2276     71.410     4.2569     4.2528   3.221643   3.221106     2.0728     2.5075      8.027     0.0696     3.5826 1.0715e-01    -0.0983   102.4874     6.6877     6.9759    34.2899    34.2878    27.1944    27.1931    7.25211 0.0000e+00
       2279     71.491     4.2552     4.2509   3.221550   3.220977     2.0728     2.5066      8.025     0.0594     3.5826 1.0715e-01    -0.0979   102.4783     6.6893     6.9734    34.2904    34.2881    27.1950    27.1936    7.25238 0.0000e+00
       2282     71.571     4.2541     4.2497   3.221446   3.220891     2.0720     2.5066      8.025     0.0594     3.5826 1.0715e-01    -0.0979   102.4783     6.6873     6.9739    34.2904    34.2884    27.1951    27.1940    7.25259 0.0000e+00
       2285     71.653     4.2533     4.2486   3.221445   3.220828     2.0716     2.5066      8.025     0.0391     3.5826 1.0715e-01    -0.0986   102.4964     6.6850     6.9750    34.2911    34.2887    27.1958    27.1943    7.25269 0.0000e+00
       2288     71.735     4.2535     4.2485   3.221475   3.220864     2.0724     2.5058      8.025     0.0086     3.5826 1.0715e-01    -0.1004   102.5416     6.6883     6.9711    34.2912    34.2892    27.1958    27.1947    7.25265 0.0000e+00
       2291     71.816     4.2536     4.2486   3.221498   3.220856     2.0716     2.5054      8.025     0.0187   235.7588 1.0715e-01    -0.1004   102.5416     6.6831     6.9682    34.2913    34.2889    27.1959    27.1946    7.25262 0.0000e+00
       2294     71.898     4.2545     4.2493   3.221646   3.220993     2.0703     2.5050      8.025     0.0391   482.1870 1.0715e-01    -0.1004   102.5416     6.6761     6.9647    34.2920    34.2898    27.1964    27.1951    7.25242 0.0000e+00
       2297     71.986     4.2540     4.2497   3.221645   3.221077     2.0703     2.5042      8.025     0.0391   481.0816 1.0715e-01    -0.1004   102.5416     6.6749     6.9627    34.2926    34.2904    27.1968    27.1955    7.25250 0.0000e+00
       2300     72.073     4.2531     4.2484   3.221657   3.221030     2.0703     2.5034      8.025     0.0391   481.3579 1.0715e-01    -0.1000   102.5326     6.6740     6.9587    34.2936    34.2911    27.1978    27.1962    7.25261 0.0000e+00
       2303     72.166     4.2528     4.2483   3.221759   3.221124     2.0707     2.5042      8.025     0.0391   481.3579 1.0715e-01    -0.1004   102.5416     6.6748     6.9606    34.2951    34.2923    27.1990    27.1972    7.25259 0.0000e+00
       2306     72.261     4.2521     4.2479   3.221759   3.221145     2.0691     2.5030      8.025     0.0492   481.3579 1.0715e-01    -0.1008   102.5506     6.6653     6.9536    34.2958    34.2929    27.1996    27.1977    7.25268 0.0000e+00
       2309     72.357     4.2507     4.2466   3.221703   3.221113     2.0687     2.5026      8.025     0.0187   481.3579 1.0715e-01    -0.1015   102.5687     6.6604     6.9509    34.2965    34.2938    27.2003    27.1986    7.25289 0.0000e+00
       2312     72.457     4.2496     4.2453   3.221729   3.221125     2.0683     2.5013      8.025    -0.0322   481.3579 1.0715e-01    -0.1015   102.5687     6.6578     6.9457    34.2978    34.2952    27.2015    27.1999    7.25301 0.0000e+00
       2315     72.556     4.2493     4.2445   3.221757   3.221137     2.0683     2.5005      8.025    -0.0322   481.3579 1.0715e-01    -0.1015   102.5687     6.6593     6.9407    34.2985    34.2962    27.2020    27.2007    7.25304 0.0000e+00
       2318     72.658     4.2485     4.2439   3.221800   3.221186     2.0675     2.5013      8.025    -0.0322   481.3579 1.0715e-01    -0.1011   102.5597     6.6554     6.9410    34.2997    34.2973    27.2031    27.2016    7.25312 0.0000e+00
       2321     72.764     4.2470     4.2428   3.221828   3.221235     2.0675     2.5009      8.023    -0.0220   481.3579 1.0715e-01    -0.1015   102.5687     6.6550     6.9370    34.3016    34.2990    27.2048    27.2031    7.25331 0.0000e+00
       2324     72.874     4.2443     4.2410   3.221762   3.221192     2.0667     2.4993      8.020    -0.0424   481.3579 1.0715e-01    -0.1015   102.5687     6.6511     6.9286    34.3036    34.3004    27.2066    27.2044    7.25369 0.0000e+00
       2327     72.986     4.2416     4.2387   3.221737   3.221159     2.0659     2.4989      8.022    -0.0220   481.3579 1.0715e-01    -0.1022   102.5868     6.6474     6.9242    34.3060    34.3022    27.2089    27.2061    7.25405 0.0000e+00
       2330     73.100     4.2397     4.2362   3.221665   3.221104     2.0650     2.4981      8.020    -0.0322   481.3579 1.0715e-01    -0.1022   102.5868     6.6440     6.9206    34.3071    34.3042    27.2099    27.2079    7.25434 0.0000e+00
       2333     73.218     4.2326     4.2297   3.221241   3.220789     2.0650     2.4973      8.020    -0.0220   481.3579 1.0715e-01    -0.1025   102.5959     6.6426     6.9189    34.3095    34.3071    27.2125    27.2110    7.25549 0.0000e+00
       2336     73.342     4.2257     4.2215   3.220977   3.220403     2.0650     2.4969      8.020    -0.1034   481.3579 1.0715e-01    -0.1025   102.5959     6.6447     6.9175    34.3135    34.3111    27.2165    27.2150    7.25652 0.0000e+00
       2339     73.467     4.2234     4.2182   3.220942   3.220347     2.0642     2.4956      8.020    -0.2051   481.3579 1.0715e-01    -0.1025   102.5959     6.6398     6.9113    34.3154    34.3138    27.2182    27.2175    7.25684 0.0000e+00
       2342     73.597     4.2219     4.2170   3.220872   3.220298     2.0638     2.4944      8.017    -0.2051   440.6945 1.0715e-01    -0.1025   102.5959     6.6367     6.9078    34.3160    34.3144    27.2189    27.2181    7.25707 0.0000e+00
       2345     73.728     4.2201     4.2155   3.220776   3.220219     2.0638     2.4940      8.015    -0.1950    24.9013 1.0715e-01    -0.1022   102.5868     6.6354     6.9086    34.3167    34.3149    27.2196    27.2187    7.25735 0.0000e+00
       2348     73.863     4.2167     4.2124   3.220520   3.219968     2.0626     2.4932      8.015    -0.1950     4.2932 1.0715e-01    -0.1029   102.6049     6.6313     6.9071    34.3171    34.3152    27.2203    27.2192    7.25794 0.0000e+00
