Datasets/AZMP/TEL210/tel210_2020_105.cnv
* Sea-Bird SBE 9 Data File:
* FileName = C:\CTDDATA\tel210_2020_105.hex
* Software Version Seasave V 7.26.7.110
* Temperature SN = 1697
* Conductivity SN = 4216
* Number of Bytes Per Scan = 30
* Number of Voltage Words = 4
* Number of Scans Averaged by the Deck Unit = 1
* NMEA baud rate = 4800
** VESSEL/TRIP/SEQ STN:  tel210_2020_105
** LATITUDE XX XX.XX: 55 40.70 N
** LONGITUDE XX XX.XX: 057 26.40 W
** SOUNDING DEPTH (M): 0200
** PROBE TYPE: S1146
** CTD NUMBER: 071
** COMMENTS (14 CHAR): MB-07
** BOTTLES:  10
** LEVELS: 5,10,20,30,40,50,75,100,150,BTM
** STICKERS: 436281 - 436290
** VNET: Y
** DO2: Y
# nquan = 22
# nvalues = 4285                        
# units = specified
# name 0 = scan: Scan Count
# name 1 = prDM: Pressure, Digiquartz [db]
# name 2 = t090C: Temperature [ITS-90, deg C]
# name 3 = t190C: Temperature, 2 [ITS-90, deg C]
# name 4 = c0S/m: Conductivity [S/m]
# name 5 = c1S/m: Conductivity, 2 [S/m]
# name 6 = sbeox0V: Oxygen raw, SBE 43 [V]
# name 7 = sbeox1V: Oxygen raw, SBE 43, 2 [V]
# name 8 = ph: pH
# name 9 = flECO-AFL: Fluorescence, WET Labs ECO-AFL/FL [mg/m^3]
# name 10 = wetCDOM: Fluorescence, WET Labs CDOM [mg/m^3]
# name 11 = par/sat/log: PAR/Logarithmic, Satlantic [umol photons/m^2/sec]
# name 12 = CStarAt0: Beam Attenuation, WET Labs C-Star [1/m]
# name 13 = CStarTr0: Beam Transmission, WET Labs C-Star [%]
# name 14 = sbeox0ML/L: Oxygen, SBE 43 [ml/l], WS = 2
# name 15 = sbeox1ML/L: Oxygen, SBE 43, 2 [ml/l], WS = 2
# name 16 = sal00: Salinity, Practical [PSU]
# name 17 = sal11: Salinity, Practical, 2 [PSU]
# name 18 = sigma-t00: Density [sigma-t, kg/m^3 ]
# name 19 = sigma-t11: Density, 2 [sigma-t, kg/m^3 ]
# name 20 = oxsatML/L: Oxygen Saturation, Weiss [ml/l]
# name 21 = flag: flag
# span 0 =         51,      31870       
# span 1 =      0.778,    197.852       
# span 2 =    -0.5999,     5.7392       
# span 3 =    -0.6068,     5.6214       
# span 4 =   2.668763,   3.120917       
# span 5 =   2.668282,   3.118233       
# span 6 =     1.9528,     2.6932       
# span 7 =     2.3443,     3.2945       
# span 8 =      8.014,      8.317       
# span 9 =     0.6770,    27.1955       
# span 10 =    -2.8130,   482.1870      
# span 11 = 1.0678e-01, 2.2829e+02      
# span 12 =    -0.1120,     2.1130      
# span 13 =    58.9627,   102.8400      
# span 14 =     7.1765,    10.2492      
# span 15 =     7.4176,    10.7271      
# span 16 =    31.6975,    33.5560      
# span 17 =    31.7218,    33.5615      
# span 18 =    24.9748,    26.9407      
# span 19 =    25.0081,    26.9414      
# span 20 =    7.11695,    8.31581      
# span 21 = 0.0000e+00, 0.0000e+00      
# interval = scans: 3                   
# start_time = Jul 27 2020 10:40:52 [System UTC, header]
# bad_flag = -9.990e-29
*END*
[from data line 3688]
      21328     43.048    -0.1178    -0.1325   2.725338   2.724337     2.1042     2.5399      8.065     2.7087     4.7670 1.0715e-01     0.0502    98.7525     7.9167     8.2004    32.7387    32.7412    26.2863    26.2890    8.19601 0.0000e+00
      21331     42.968    -0.1205    -0.1265   2.725222   2.724766     2.1038     2.5399      8.066     2.6875     4.4511 1.0715e-01     0.0502    98.7525     7.9193     8.2011    32.7401    32.7405    26.2876    26.2882    8.19652 0.0000e+00
      21334     42.897    -0.1206    -0.1210   2.725254   2.725160     2.1067     2.5394      8.066     2.6875     4.2932 1.0715e-01     0.0502    98.7525     7.9368     8.1996    32.7407    32.7398    26.2880    26.2874    8.19651 0.0000e+00
      21337     42.835    -0.1201    -0.1167   2.725371   2.725516     2.1067     2.5411      8.066     2.7087     4.2932 1.0715e-01     0.1227    96.9801     7.9356     8.2083    32.7417    32.7400    26.2888    26.2873    8.19634 0.0000e+00
      21340     42.777    -0.1146    -0.1121   2.725847   2.725722     2.1071     2.5411      8.065     2.6981     4.2932 1.0715e-01     0.1346    96.6907     7.9362     8.2086    32.7421    32.7378    26.2889    26.2853    8.19510 0.0000e+00
      21343     42.719    -0.1076    -0.1137   2.726506   2.725613     2.1075     2.5427      8.067     2.7404     4.2932 1.0715e-01     0.1339    96.7088     7.9395     8.2158    32.7434    32.7380    26.2896    26.2856    8.19351 0.0000e+00
      21346     42.659    -0.0977    -0.1149   2.727113   2.725785     2.1075     2.5431      8.068     3.2801     4.2932 1.0715e-01     0.1339    96.7088     7.9382     8.2201    32.7408    32.7417    26.2871    26.2886    8.19149 0.0000e+00
      21349     42.599    -0.0962    -0.1198   2.726981   2.725861     2.1091     2.5431      8.070     3.3013     4.2932 1.0715e-01     0.1339    96.7088     7.9459     8.2216    32.7375    32.7480    26.2844    26.2939    8.19134 0.0000e+00
      21352     42.535    -0.0902    -0.1162   2.727781   2.726123     2.1091     2.5435      8.067     3.2907     4.2932 1.0715e-01     0.1339    96.7088     7.9432     8.2244    32.7416    32.7477    26.2874    26.2935    8.18979 0.0000e+00
      21355     42.470    -0.0787    -0.1124   2.728609   2.726224     2.1099     2.5447      8.065     3.2802     4.2143 1.0715e-01     0.1391    96.5822     7.9395     8.2319    32.7403    32.7449    26.2858    26.2911    8.18736 0.0000e+00
      21358     42.402    -0.0717    -0.1135   2.729011   2.726281     2.1103     2.5455      8.068     3.2802     2.9904 1.0715e-01     0.1700    95.8406     7.9340     8.2332    32.7381    32.7469    26.2838    26.2928    8.18595 0.0000e+00
      21361     42.337    -0.0698    -0.1161   2.729179   2.726311     2.1099     2.5464      8.070     3.3013     2.8720 1.0715e-01     0.1699    95.8407     7.9352     8.2339    32.7384    32.7501    26.2839    26.2954    8.18553 0.0000e+00
      21364     42.270    -0.0631    -0.1131   2.729748   2.726828     2.1112     2.5464      8.070     3.2802     2.8720 1.0715e-01     0.1699    95.8407     7.9401     8.2320    32.7387    32.7538    26.2839    26.2983    8.18403 0.0000e+00
      21367     42.202    -0.0577    -0.0960   2.730021   2.727937     2.1124     2.5480      8.070     3.3013     2.8720 1.0715e-01     0.1699    95.8407     7.9464     8.2361    32.7366    32.7501    26.2819    26.2945    8.18298 0.0000e+00
      21370     42.129    -0.0565    -0.0818   2.730007   2.728541     2.1124     2.5488      8.070     3.5553     2.8720 1.0715e-01     0.1699    95.8407     7.9467     8.2378    32.7352    32.7429    26.2807    26.2881    8.18280 0.0000e+00
      21373     42.054    -0.0568    -0.0833   2.730212   2.728381     2.1128     2.5492      8.070     4.2325     2.8720 1.0715e-01     0.1699    95.8407     7.9499     8.2400    32.7382    32.7424    26.2831    26.2878    8.18268 0.0000e+00
      21376     41.976    -0.0475    -0.0785   2.731007   2.728735     2.1128     2.5500      8.070     4.2113     2.8720 1.0715e-01     0.2351    94.3033     7.9507     8.2399    32.7388    32.7420    26.2832    26.2873    8.18062 0.0000e+00
      21379     41.894    -0.0414    -0.0662   2.731272   2.729789     2.1132     2.5504      8.070     4.2113     2.8720 1.0703e-01     0.3447    91.7441     7.9524     8.2356    32.7358    32.7428    26.2805    26.2873    8.17946 0.0000e+00
      21382     41.808    -0.0375    -0.0530   2.731507   2.730577     2.1144     2.5504      8.070     4.2113     2.2798 1.0690e-01     0.3399    91.8526     7.9600     8.2316    32.7348    32.7391    26.2795    26.2837    8.17867 0.0000e+00
      21385     41.723    -0.0340    -0.0456   2.731650   2.730984     2.1152     2.5508      8.075     4.2113     0.4243 1.0678e-01     0.3403    91.8436     7.9634     8.2322    32.7330    32.7367    26.2779    26.2814    8.17801 0.0000e+00
      21388     41.638    -0.0319    -0.0373   2.731743   2.731408     2.1152     2.5521      8.073     4.2113     0.5032 1.0690e-01     0.3399    91.8526     7.9641     8.2346    32.7321    32.7334    26.2770    26.2783    8.17761 0.0000e+00
      21391     41.556    -0.0284    -0.0301   2.731933   2.731758     2.1168     2.5537      8.075     4.2219     0.5032 1.0678e-01     0.3403    91.8436     7.9733     8.2382    32.7308    32.7303    26.2759    26.2755    8.17691 0.0000e+00
      21394     41.476    -0.0266    -0.0255   2.732028   2.731966     2.1164     2.5537      8.075     4.2219     0.4637 1.0690e-01     0.3399    91.8526     7.9747     8.2375    32.7302    32.7282    26.2753    26.2736    8.17655 0.0000e+00
      21397     41.400    -0.0247    -0.0236   2.732109   2.732040     2.1181     2.5541      8.075     5.6822     0.4637 1.0690e-01     0.4826    88.6513     7.9810     8.2387    32.7293    32.7272    26.2745    26.2727    8.17619 0.0000e+00
      21400     41.329    -0.0197    -0.0311   2.732415   2.731839     2.1181     2.5549      8.075     6.9838     0.5032 1.0678e-01     0.5639    86.8518     7.9777     8.2444    32.7280    32.7326    26.2732    26.2774    8.17517 0.0000e+00
      21403     41.262    -0.0093    -0.0264   2.733010   2.732333     2.1189     2.5553      8.075     6.9203     0.4637 1.0678e-01     0.5597    86.9422     7.9812     8.2438    32.7248    32.7342    26.2701    26.2785    8.17308 0.0000e+00
      21406     41.196     0.0015    -0.0085   2.733570   2.733109     2.1189     2.5561      8.075     6.9203     0.5032 1.0678e-01     0.5597    86.9422     7.9757     8.2401    32.7206    32.7253    26.2662    26.2705    8.17095 0.0000e+00
      21409     41.136     0.0057     0.0036   2.733793   2.733739     2.1201     2.5573      8.077     6.9415     4.2537 1.0678e-01     0.5597    86.9422     7.9793     8.2387    32.7191    32.7206    26.2648    26.2661    8.17013 0.0000e+00
      21412     41.084     0.0107     0.0103   2.734103   2.734057     2.1213     2.5573      8.075     6.9309     8.0043 1.0678e-01     0.5597    86.9422     7.9794     8.2327    32.7178    32.7176    26.2635    26.2634    8.16910 0.0000e+00
      21415     41.034     0.0164     0.0103   2.734593   2.733911     2.1209     2.5582      8.077     6.9415     7.8463 1.0678e-01     0.5631    86.8699     7.9723     8.2353    32.7183    32.7158    26.2637    26.2619    8.16785 0.0000e+00
      21418     40.992     0.0220     0.0035   2.734924   2.733448     2.1221     2.5586      8.076     6.9521     7.8463 1.0678e-01     0.6801    84.3649     7.9766     8.2377    32.7166    32.7170    26.2621    26.2632    8.16672 0.0000e+00
      21421     40.951     0.0229    -0.0081   2.734881   2.732848     2.1217     2.5594      8.076     6.9309     7.8463 1.0678e-01     0.6938    84.0755     7.9719     8.2409    32.7152    32.7215    26.2609    26.2674    8.16661 0.0000e+00
      21424     40.914     0.0222    -0.0145   2.734838   2.732582     2.1225     2.5598      8.076     8.8992     7.8463 1.0678e-01     0.6930    84.0936     7.9741     8.2428    32.7154    32.7249    26.2610    26.2705    8.16675 0.0000e+00
      21427     40.882     0.0237    -0.0218   2.735049   2.732247     2.1246     2.5598      8.076     9.3225     7.8463 1.0678e-01     0.6930    84.0936     7.9800     8.2414    32.7166    32.7284    26.2619    26.2735    8.16635 0.0000e+00
      21430     40.856     0.0255    -0.0301   2.735194   2.731856     2.1238     2.5606      8.076     9.2907     7.8463 1.0678e-01     0.6930    84.0936     7.9712     8.2450    32.7166    32.7320    26.2618    26.2769    8.16597 0.0000e+00
      21473     40.700     0.0354    -0.0117   2.735748   2.733203     2.1295     2.5663      8.078    11.3754   481.2395 1.0678e-01     0.9515    78.8305     7.9745     8.2555    32.7133    32.7302    26.2587    26.2745    8.16398 0.0000e+00
      21476     40.675     0.0356     0.0103   2.735760   2.734557     2.1299     2.5671      8.076    11.6399   481.2790 1.0678e-01     0.9552    78.7582     7.9743     8.2532    32.7133    32.7245    26.2588    26.2689    8.16395 0.0000e+00
      21479     40.647     0.0360     0.0249   2.735747   2.735096     2.1299     2.5683      8.078    11.7563   481.2395 1.0678e-01     0.9930    78.0166     7.9702     8.2545    32.7127    32.7160    26.2582    26.2614    8.16389 0.0000e+00
      21482     40.615     0.0361     0.0297   2.735757   2.735302     2.1299     2.5679      8.076    11.7457   481.2395 1.0690e-01     0.9944    77.9895     7.9675     8.2478    32.7128    32.7136    26.2583    26.2593    8.16388 0.0000e+00
      21485     40.580     0.0362     0.0313   2.735746   2.735349     2.1299     2.5683      8.076    11.7457   481.2395 1.0678e-01     0.9939    77.9985     7.9676     8.2481    32.7125    32.7125    26.2581    26.2583    8.16386 0.0000e+00
      21488     40.544     0.0362     0.0318   2.735748   2.735356     2.1315     2.5696      8.076    11.7563   157.2745 1.0690e-01     0.9944    77.9895     7.9729     8.2532    32.7125    32.7121    26.2581    26.2580    8.16385 0.0000e+00
      21491     40.509     0.0367     0.0322   2.735768   2.735402     2.1315     2.5696      8.076    11.7775    -2.1024 1.0690e-01     0.9944    77.9895     7.9742     8.2493    32.7124    32.7123    26.2579    26.2581    8.16377 0.0000e+00
      21494     40.479     0.0366     0.0322   2.735786   2.735395     2.1311     2.5696      8.079    11.7563     1.4507 1.0678e-01     0.9944    77.9895     7.9722     8.2495    32.7126    32.7123    26.2582    26.2581    8.16376 0.0000e+00
      21497     40.453     0.0367     0.0325   2.735775   2.735428     2.1323     2.5708      8.079    11.7563     1.3323 1.0678e-01     1.0229    77.4379     7.9779     8.2548    32.7124    32.7124    26.2580    26.2582    8.16375 0.0000e+00
      21500     40.427     0.0372     0.0327   2.735784   2.735436     2.1319     2.5708      8.079    11.7775     1.3323 1.0678e-01     1.0954    76.0452     7.9792     8.2541    32.7121    32.7123    26.2577    26.2580    8.16367 0.0000e+00
      21503     40.403     0.0373     0.0330   2.735779   2.735425     2.1323     2.5708      8.079    12.0526     1.3323 1.0678e-01     1.0930    76.0904     7.9831     8.2531    32.7118    32.7119    26.2575    26.2577    8.16365 0.0000e+00
      21506     40.376     0.0374     0.0329   2.735782   2.735432     2.1327     2.5704      8.079    12.0738     1.3323 1.0678e-01     1.0930    76.0904     7.9831     8.2481    32.7118    32.7120    26.2575    26.2578    8.16364 0.0000e+00
      21509     40.346     0.0378     0.0309   2.735788   2.735246     2.1323     2.5716      8.078    12.0844     1.3323 1.0690e-01     1.0930    76.0904     7.9759     8.2497    32.7115    32.7118    26.2572    26.2577    8.16356 0.0000e+00
      21512     40.310     0.0379     0.0267   2.735773   2.735058     2.1327     2.5716      8.076    12.0738     1.2139 1.0703e-01     1.0930    76.0904     7.9739     8.2494    32.7112    32.7137    26.2570    26.2595    8.16356 0.0000e+00
      21515     40.274     0.0384     0.0293   2.735793   2.735284     2.1339     2.5712      8.079    12.0844    -0.9180 1.0703e-01     1.0930    76.0904     7.9811     8.2479    32.7110    32.7140    26.2567    26.2596    8.16346 0.0000e+00
      21518     40.242     0.0389     0.0324   2.735800   2.735396     2.1327     2.5732      8.075    12.0738    -1.1154 1.0715e-01     1.1628    74.7792     7.9765     8.2541    32.7106    32.7122    26.2564    26.2579    8.16339 0.0000e+00
      21521     40.205     0.0388     0.0339   2.735766   2.735420     2.1339     2.5732      8.076    12.0844    -1.0759 1.0715e-01     1.2240    73.6397     7.9800     8.2552    32.7102    32.7109    26.2561    26.2569    8.16342 0.0000e+00
      21524     40.168     0.0389     0.0347   2.735697   2.735403     2.1352     2.5740      8.076    12.0738    -1.0759 1.0678e-01     1.2205    73.7030     7.9837     8.2577    32.7093    32.7099    26.2553    26.2560    8.16346 0.0000e+00
      21527     40.131     0.0392     0.0351   2.735704   2.735408     2.1348     2.5728      8.076    12.4547    -1.1154 1.0690e-01     1.2205    73.7030     7.9804     8.2529    32.7090    32.7096    26.2551    26.2557    8.16340 0.0000e+00
      21530     40.102     0.0393     0.0351   2.735674   2.735415     2.1339     2.5728      8.075    13.6929    -1.1154 1.0715e-01     1.2205    73.7030     7.9756     8.2502    32.7085    32.7096    26.2547    26.2558    8.16340 0.0000e+00
      21533     40.073     0.0391     0.0347   2.735621   2.735346     2.1339     2.5732      8.076    13.6717    -1.1549 1.0715e-01     1.2205    73.7030     7.9741     8.2493    32.7081    32.7091    26.2544    26.2554    8.16348 0.0000e+00
      21536     40.044     0.0385     0.0325   2.735642   2.735265     2.1348     2.5744      8.075    13.6505    -1.0759 1.0690e-01     1.2210    73.6940     7.9733     8.2518    32.7091    32.7105    26.2551    26.2566    8.16356 0.0000e+00
      21539     40.020     0.0392     0.0327   2.735665   2.735268     2.1356     2.5744      8.075    13.6505     0.5427 1.0715e-01     1.2073    73.9472     7.9769     8.2477    32.7086    32.7103    26.2548    26.2564    8.16343 0.0000e+00
      21600     40.000     0.0411     0.0342   2.735753   2.735321     2.1372     2.5769      8.075    13.9785     7.2147 1.0703e-01     1.2295    73.5403     7.9782     8.2488    32.7078    32.7094    26.2540    26.2556    8.16307 0.0000e+00
      21719     39.973     0.0428     0.0379   2.735878   2.735509     2.1405     2.5826      8.075    14.6135     9.1491 1.0715e-01     1.2551    73.0700     7.9791     8.2571    32.7075    32.7080    26.2537    26.2543    8.16270 0.0000e+00
      21723     39.941     0.0433     0.0380   2.735915   2.735516     2.1405     2.5826      8.075    14.6240     9.2281 1.0703e-01     1.2014    74.0557     7.9806     8.2568    32.7075    32.7079    26.2537    26.2543    8.16259 0.0000e+00
      21874     39.914     0.0440     0.0394   2.735968   2.735611     2.1409     2.5838      8.075    15.1002     9.8598 1.0715e-01     1.2427    73.2961     7.9800     8.2518    32.7075    32.7077    26.2537    26.2540    8.16245 0.0000e+00
      21877     39.877     0.0441     0.0397   2.735956   2.735631     2.1400     2.5842      8.075    15.1108     9.8598 1.0715e-01     1.2427    73.2961     7.9760     8.2581    32.7073    32.7077    26.2535    26.2540    8.16244 0.0000e+00
      21880     39.846     0.0443     0.0405   2.735856   2.735673     2.1409     2.5842      8.075    15.0897     9.7413 1.0715e-01     1.2427    73.2961     7.9830     8.2601    32.7058    32.7074    26.2523    26.2537    8.16248 0.0000e+00
      22277     39.818     0.0454     0.0417   2.736080   2.735812     2.1413     2.5850      8.076    15.1849     9.3465 1.0715e-01     1.2157    73.7935     7.9885     8.2623    32.7076    32.7080    26.2536    26.2541    8.16214 0.0000e+00
