Datasets/AZMP/TEL210/tel210_2020_022.cnv
* Sea-Bird SBE 9 Data File:
* FileName = C:\CTDDATA\tel210_2020_022.hex
* Software Version Seasave V 7.26.7.110
* Temperature SN = 1697
* Conductivity SN = 4216
* Number of Bytes Per Scan = 30
* Number of Voltage Words = 4
* Number of Scans Averaged by the Deck Unit = 1
* NMEA baud rate = 4800
** VESSEL/TRIP/SEQ STN:  tel210_2020_022
** LATITUDE XX XX.XX: 47 00.00 N
** LONGITUDE XX XX.XX: 046 29.00 W
** SOUNDING DEPTH (M): 0348
** PROBE TYPE: S1146
** CTD NUMBER: 021
** COMMENTS (14 CHAR): FC-20
** BOTTLES:  10
** LEVELS: 5,10,20,30,40,50,75,100,150,BTM
** STICKERS: 435881 - 435890
** VNET: Y
** DO2: Y
# nquan = 22
# nvalues = 8084                        
# units = specified
# name 0 = scan: Scan Count
# name 1 = prDM: Pressure, Digiquartz [db]
# name 2 = t090C: Temperature [ITS-90, deg C]
# name 3 = t190C: Temperature, 2 [ITS-90, deg C]
# name 4 = c0S/m: Conductivity [S/m]
# name 5 = c1S/m: Conductivity, 2 [S/m]
# name 6 = sbeox0V: Oxygen raw, SBE 43 [V]
# name 7 = sbeox1V: Oxygen raw, SBE 43, 2 [V]
# name 8 = ph: pH
# name 9 = flECO-AFL: Fluorescence, WET Labs ECO-AFL/FL [mg/m^3]
# name 10 = wetCDOM: Fluorescence, WET Labs CDOM [mg/m^3]
# name 11 = par/sat/log: PAR/Logarithmic, Satlantic [umol photons/m^2/sec]
# name 12 = CStarAt0: Beam Attenuation, WET Labs C-Star [1/m]
# name 13 = CStarTr0: Beam Transmission, WET Labs C-Star [%]
# name 14 = sbeox0ML/L: Oxygen, SBE 43 [ml/l], WS = 2
# name 15 = sbeox1ML/L: Oxygen, SBE 43, 2 [ml/l], WS = 2
# name 16 = sal00: Salinity, Practical [PSU]
# name 17 = sal11: Salinity, Practical, 2 [PSU]
# name 18 = sigma-t00: Density [sigma-t, kg/m^3 ]
# name 19 = sigma-t11: Density, 2 [sigma-t, kg/m^3 ]
# name 20 = oxsatML/L: Oxygen Saturation, Weiss [ml/l]
# name 21 = flag: flag
# span 0 =         49,      49235       
# span 1 =      0.343,    351.795       
# span 2 =     1.5766,    11.5596       
# span 3 =     1.5696,    11.5502       
# span 4 =   2.907158,   3.767828       
# span 5 =   2.908476,   3.766442       
# span 6 =     1.8693,     2.4146       
# span 7 =     2.2502,     2.9545       
# span 8 =      7.958,      8.241       
# span 9 =    -0.6529,     2.0435       
# span 10 =    -2.8130,   482.1870      
# span 11 = 1.0715e-01, 2.0525e+02      
# span 12 =    -0.1327,     0.3348      
# span 13 =    91.9702,   103.3736      
# span 14 =     5.9133,     8.4522      
# span 15 =     6.1837,     8.9440      
# span 16 =    32.9083,    34.8592      
# span 17 =    32.9243,    34.8581      
# span 18 =    25.1831,    27.6961      
# span 19 =    25.1785,    27.6958      
# span 20 =    6.18035,    7.80543      
# span 21 = 0.0000e+00, 0.0000e+00      
# interval = scans: 3                   
# start_time = Jul 17 2020 13:50:24 [System UTC, header]
# bad_flag = -9.990e-29
*END*
[from data line 5597]
      20903    195.793     3.7723     3.7683   3.221704   3.221266     1.9668     2.3798      8.001    -0.5714     4.8854 1.0715e-01    -0.1173   102.9757     6.4604     6.7674    34.7337    34.7327    27.5978    27.5974    7.31748 0.0000e+00
      20906    195.617     3.7727     3.7687   3.221709   3.221303     1.9668     2.3810      7.998    -0.5918     4.6485 1.0715e-01    -0.1173   102.9757     6.4622     6.7677    34.7334    34.7328    27.5975    27.5974    7.31742 0.0000e+00
      20909    195.445     3.7729     3.7686   3.221746   3.221268     1.9660     2.3814      8.001    -0.5816     2.9904 1.0715e-01    -0.1173   102.9757     6.4566     6.7641    34.7337    34.7326    27.5977    27.5973    7.31736 0.0000e+00
      20912    195.276     3.7729     3.7685   3.221740   3.221224     1.9668     2.3802      8.003    -0.5816     2.9904 1.0715e-01    -0.1173   102.9757     6.4571     6.7555    34.7337    34.7322    27.5977    27.5970    7.31736 0.0000e+00
      20915    195.114     3.7732     3.7685   3.221743   3.221225     1.9668     2.3810      8.003    -0.5714     2.9904 1.0715e-01    -0.1173   102.9757     6.4548     6.7568    34.7335    34.7324    27.5976    27.5971    7.31732 0.0000e+00
      20918    194.949     3.7738     3.7692   3.221839   3.221334     1.9668     2.3810      8.001    -0.5816     2.9904 1.0715e-01    -0.1180   102.9938     6.4542     6.7528    34.7342    34.7330    27.5980    27.5976    7.31718 0.0000e+00
      20921    194.792     3.7759     3.7708   3.222056   3.221510     1.9668     2.3810      8.001    -0.5816     2.9904 1.0715e-01    -0.1194   103.0299     6.4521     6.7489    34.7345    34.7335    27.5981    27.5978    7.31677 0.0000e+00
      20924    194.641     3.7778     3.7728   3.222204   3.221686     1.9668     2.3806      7.998    -0.5714     2.9904 1.0715e-01    -0.1190   103.0209     6.4523     6.7440    34.7344    34.7335    27.5978    27.5976    7.31644 0.0000e+00
      20927    194.499     3.7796     3.7749   3.222408   3.221885     1.9676     2.3802      8.001    -0.5816     2.9904 1.0715e-01    -0.1190   103.0209     6.4583     6.7391    34.7350    34.7337    27.5981    27.5975    7.31608 0.0000e+00
      20930    194.367     3.7814     3.7771   3.222547   3.222046     1.9672     2.3810      8.001    -0.5918     2.9904 1.0727e-01    -0.1190   103.0209     6.4560     6.7389    34.7348    34.7335    27.5977    27.5971    7.31577 0.0000e+00
      20933    194.242     3.7821     3.7778   3.222591   3.222112     1.9668     2.3802      8.000    -0.6019   179.6591 1.0715e-01    -0.1194   103.0299     6.4537     6.7369    34.7346    34.7335    27.5975    27.5971    7.31565 0.0000e+00
      20936    194.124     3.7835     3.7788   3.222758   3.222250     1.9664     2.3798      8.003    -0.5714   482.1870 1.0715e-01    -0.1187   103.0118     6.4491     6.7353    34.7352    34.7342    27.5978    27.5974    7.31537 0.0000e+00
      20939    194.014     3.7850     3.7812   3.222895   3.222412     1.9676     2.3806      8.001    -0.5816   481.1211 1.0715e-01    -0.1183   103.0028     6.4516     6.7376    34.7353    34.7337    27.5978    27.5969    7.31509 0.0000e+00
      20942    193.916     3.7862     3.7814   3.222997   3.222411     1.9676     2.3802      8.003    -0.5918   481.2395 1.0715e-01    -0.1183   103.0028     6.4501     6.7346    34.7354    34.7335    27.5977    27.5967    7.31488 0.0000e+00
      20945    193.826     3.7878     3.7814   3.223103   3.222437     1.9668     2.3798      8.003    -0.5816   481.2395 1.0715e-01    -0.1183   103.0028     6.4456     6.7328    34.7350    34.7338    27.5972    27.5969    7.31461 0.0000e+00
      20948    193.745     3.7867     3.7826   3.222976   3.222532     1.9684     2.3798      8.003    -0.5918   481.2395 1.0715e-01    -0.1183   103.0028     6.4526     6.7334    34.7347    34.7337    27.5971    27.5967    7.31482 0.0000e+00
      20951    193.675     3.7865     3.7841   3.222964   3.222637     1.9680     2.3798      8.003    -0.5714   481.3184 1.0715e-01    -0.1183   103.0028     6.4492     6.7313    34.7348    34.7334    27.5972    27.5964    7.31486 0.0000e+00
      20954    193.617     3.7862     3.7837   3.222974   3.222611     1.9676     2.3798      8.003    -0.5918   481.3184 1.0715e-01    -0.1183   103.0028     6.4480     6.7316    34.7353    34.7336    27.5976    27.5965    7.31489 0.0000e+00
      20957    193.565     3.7872     3.7825   3.223065   3.222585     1.9676     2.3798      8.001    -0.5918   481.3184 1.0715e-01    -0.1183   103.0028     6.4481     6.7346    34.7353    34.7346    27.5975    27.5974    7.31470 0.0000e+00
      20960    193.524     3.7871     3.7835   3.223038   3.222669     1.9668     2.3802      8.003    -0.5816   169.0787 1.0715e-01    -0.1183   103.0028     6.4418     6.7355    34.7351    34.7346    27.5974    27.5973    7.31473 0.0000e+00
      20963    193.488     3.7873     3.7854   3.222995   3.222730     1.9668     2.3794      8.003    -0.5816    -2.3787 1.0715e-01    -0.1176   102.9847     6.4385     6.7339    34.7344    34.7332    27.5968    27.5961    7.31473 0.0000e+00
      20966    193.456     3.7880     3.7857   3.223020   3.222768     1.9672     2.3786      8.001    -0.5918     0.8980 1.0727e-01    -0.1183   103.0028     6.4401     6.7327    34.7340    34.7334    27.5964    27.5962    7.31462 0.0000e+00
      20969    193.426     3.7832     3.7867   3.222567   3.222860     1.9676     2.3794      8.001    -0.5714     0.8586 1.0715e-01    -0.1180   102.9938     6.4435     6.7365    34.7337    34.7334    27.5967    27.5961    7.31551 0.0000e+00
      20973    193.395     3.7793     3.7838   3.222303   3.222551     1.9676     2.3790      8.003    -0.5714     0.8586 1.0715e-01    -0.1180   102.9938     6.4458     6.7368    34.7347    34.7329    27.5978    27.5959    7.31616 0.0000e+00
      20978    193.357     3.7775     3.7814   3.222179   3.222417     1.9672     2.3790      8.003    -0.6019     0.8586 1.0715e-01    -0.1180   102.9938     6.4514     6.7387    34.7352    34.7339    27.5984    27.5970    7.31647 0.0000e+00
      20983    193.321     3.7780     3.7775   3.222212   3.222140     1.9668     2.3790      8.003    -0.5816     0.8586 1.0715e-01    -0.1183   103.0028     6.4512     6.7400    34.7350    34.7347    27.5982    27.5981    7.31638 0.0000e+00
      20986    193.298     3.7780     3.7779   3.222209   3.222144     1.9672     2.3798      8.000    -0.5714   279.8964 1.0715e-01    -0.1183   103.0028     6.4545     6.7451    34.7350    34.7343    27.5982    27.5977    7.31638 0.0000e+00
      20989    193.272     3.7779     3.7781   3.222215   3.222169     1.9668     2.3794      8.003    -0.5816   481.6343 1.0715e-01    -0.1183   103.0028     6.4515     6.7452    34.7352    34.7344    27.5984    27.5977    7.31639 0.0000e+00
      20992    193.243     3.7783     3.7781   3.222221   3.222140     1.9680     2.3794      8.003    -0.6223   480.9237 1.0715e-01    -0.1183   103.0028     6.4547     6.7444    34.7349    34.7341    27.5981    27.5975    7.31634 0.0000e+00
      20995    193.209     3.7784     3.7776   3.222224   3.222106     1.9676     2.3798      8.003    -0.6121   481.2790 1.0715e-01    -0.1183   103.0028     6.4538     6.7467    34.7348    34.7342    27.5980    27.5977    7.31631 0.0000e+00
      20998    193.175     3.7771     3.7776   3.222091   3.222079     1.9680     2.3794      8.001    -0.6121   481.2790 1.0715e-01    -0.1180   102.9938     6.4581     6.7450    34.7346    34.7339    27.5980    27.5974    7.31656 0.0000e+00
      21001    193.131     3.7769     3.7775   3.222050   3.222084     1.9689     2.3794      8.001    -0.6121   481.3184 1.0715e-01    -0.1183   103.0028     6.4620     6.7435    34.7344    34.7341    27.5978    27.5976    7.31661 0.0000e+00
      21004    193.079     3.7770     3.7769   3.222089   3.222034     1.9672     2.3794      8.001    -0.6223   481.2790 1.0715e-01    -0.1183   103.0028     6.4544     6.7432    34.7347    34.7342    27.5981    27.5977    7.31657 0.0000e+00
      21007    193.020     3.7774     3.7767   3.222145   3.222056     1.9684     2.3790      8.003    -0.6121   481.3184 1.0715e-01    -0.1183   103.0028     6.4595     6.7421    34.7350    34.7347    27.5983    27.5981    7.31648 0.0000e+00
      21010    192.956     3.7777     3.7767   3.222200   3.222057     1.9684     2.3798      8.000    -0.6223   480.4499 1.0715e-01    -0.1183   103.0028     6.4591     6.7445    34.7354    34.7348    27.5986    27.5982    7.31641 0.0000e+00
      21013    192.886     3.7779     3.7785   3.222191   3.222202     1.9676     2.3798      8.003    -0.6223    74.9212 1.0715e-01    -0.1183   103.0028     6.4546     6.7443    34.7351    34.7346    27.5983    27.5978    7.31639 0.0000e+00
      21016    192.810     3.7776     3.7808   3.222151   3.222395     1.9676     2.3798      8.003    -0.6019     4.8854 1.0740e-01    -0.1180   102.9938     6.4519     6.7436    34.7350    34.7344    27.5982    27.5975    7.31645 0.0000e+00
      21019    192.727     3.7775     3.7817   3.222148   3.222434     1.9684     2.3798      8.003    -0.5714     8.5175 1.0715e-01    -0.1180   102.9938     6.4573     6.7433    34.7351    34.7341    27.5983    27.5971    7.31646 0.0000e+00
      21022    192.635     3.7774     3.7817   3.222168   3.222388     1.9684     2.3798      8.001    -0.5816     8.3201 1.0715e-01    -0.1183   103.0028     6.4582     6.7454    34.7355    34.7335    27.5987    27.5967    7.31646 0.0000e+00
      21025    192.537     3.7798     3.7797   3.222404   3.222012     1.9689     2.3798      8.003    -0.5816     8.3201 1.0715e-01    -0.1183   103.0028     6.4620     6.7462    34.7358    34.7312    27.5987    27.5951    7.31601 0.0000e+00
      21028    192.433     3.7797     3.7777   3.222333   3.221815     1.9676     2.3794      8.003    -0.6019     8.3596 1.0715e-01    -0.1183   103.0028     6.4564     6.7447    34.7351    34.7311    27.5981    27.5951    7.31606 0.0000e+00
      21031    192.323     3.7787     3.7778   3.222176   3.221951     1.9684     2.3798      8.001    -0.5816     8.3201 1.0715e-01    -0.1183   103.0028     6.4600     6.7452    34.7344    34.7327    27.5977    27.5964    7.31627 0.0000e+00
      21034    192.211     3.7778     3.7794   3.221975   3.222126     1.9693     2.3798      8.001    -0.5816     8.3596 1.0715e-01    -0.1183   103.0028     6.4687     6.7444    34.7330    34.7331    27.5966    27.5966    7.31651 0.0000e+00
      21037    192.092     3.7743     3.7776   3.221636   3.221788     1.9684     2.3794      8.003    -0.5816    78.8691 1.0715e-01    -0.1180   102.9938     6.4657     6.7433    34.7327    34.7310    27.5968    27.5951    7.31716 0.0000e+00
      21040    191.969     3.7775     3.7720   3.222040   3.221185     1.9684     2.3798      8.003    -0.5816   471.6461 1.0715e-01    -0.1183   103.0028     6.4619     6.7484    34.7343    34.7299    27.5977    27.5948    7.31651 0.0000e+00
      21043    191.842     3.7775     3.7706   3.221935   3.221085     1.9693     2.3798      8.001    -0.5918   481.4369 1.0715e-01    -0.1183   103.0028     6.4653     6.7494    34.7331    34.7302    27.5968    27.5952    7.31656 0.0000e+00
      21046    191.719     3.7779     3.7732   3.221914   3.221400     1.9693     2.3810      8.003    -0.5816   481.2395 1.0715e-01    -0.1183   103.0028     6.4660     6.7546    34.7325    34.7312    27.5962    27.5957    7.31653 0.0000e+00
      21049    191.586     3.7793     3.7713   3.222170   3.221196     1.9693     2.3798      8.003    -0.5918   481.3184 1.0715e-01    -0.1180   102.9938     6.4673     6.7543    34.7341    34.7309    27.5974    27.5957    7.31619 0.0000e+00
      21052    191.455     3.7792     3.7742   3.222065   3.221669     1.9689     2.3798      8.000    -0.5816   481.2790 1.0715e-01    -0.1183   103.0028     6.4658     6.7553    34.7330    34.7336    27.5965    27.5975    7.31625 0.0000e+00
      21055    191.318     3.7768     3.7748   3.221695   3.221595     1.9697     2.3806      8.001    -0.5714   481.2395 1.0715e-01    -0.1180   102.9938     6.4680     6.7582    34.7312    34.7321    27.5953    27.5963    7.31678 0.0000e+00
      21058    191.182     3.7714     3.7736   3.220872   3.221407     1.9705     2.3798      8.001    -0.5714   481.2790 1.0715e-01    -0.1176   102.9847     6.4728     6.7583    34.7272    34.7313    27.5927    27.5957    7.31796 0.0000e+00
      21061    191.046     3.7681     3.7714   3.220529   3.220987     1.9689     2.3802      8.003    -0.5816   481.2790 1.0715e-01    -0.1183   103.0028     6.4677     6.7619    34.7267    34.7286    27.5926    27.5938    7.31857 0.0000e+00
      21064    190.909     3.7671     3.7664   3.220407   3.220305     1.9693     2.3814      8.003    -0.5816   290.9505 1.0715e-01    -0.1183   103.0028     6.4685     6.7678    34.7264    34.7259    27.5925    27.5922    7.31877 0.0000e+00
      21067    190.770     3.7649     3.7638   3.220061   3.220017     1.9701     2.3802      8.001    -0.5816    -1.3523 1.0727e-01    -0.1183   103.0028     6.4727     6.7634    34.7246    34.7252    27.5913    27.5919    7.31926 0.0000e+00
      21070    190.635     3.7605     3.7611   3.219478   3.219594     1.9701     2.3818      8.003    -0.5918     6.3067 1.0727e-01    -0.1183   103.0028     6.4729     6.7697    34.7223    34.7232    27.5899    27.5905    7.32015 0.0000e+00
      21073    190.503     3.7577     3.7566   3.219229   3.219057     1.9701     2.3822      8.001    -0.5816     6.0698 1.0715e-01    -0.1183   103.0028     6.4765     6.7745    34.7224    34.7216    27.5903    27.5897    7.32065 0.0000e+00
      21076    190.369     3.7598     3.7544   3.219554   3.218877     1.9705     2.3814      8.003    -0.5714     6.0698 1.0715e-01    -0.1183   103.0028     6.4775     6.7733    34.7242    34.7218    27.5915    27.5901    7.32020 0.0000e+00
      21079    190.235     3.7638     3.7559   3.219859   3.219041     1.9701     2.3818      8.001    -0.5714     6.0698 1.0715e-01    -0.1176   102.9847     6.4750     6.7748    34.7237    34.7223    27.5907    27.5903    7.31950 0.0000e+00
      21082    190.099     3.7655     3.7595   3.219996   3.219408     1.9705     2.3826      8.003    -0.5918     6.0698 1.0715e-01    -0.1176   102.9847     6.4781     6.7768    34.7235    34.7229    27.5904    27.5904    7.31919 0.0000e+00
      21085    189.969     3.7679     3.7615   3.220206   3.219542     1.9709     2.3826      8.000    -0.5816     6.0698 1.0715e-01    -0.1180   102.9938     6.4813     6.7760    34.7236    34.7224    27.5902    27.5899    7.31876 0.0000e+00
      21088    189.836     3.7693     3.7639   3.220295   3.219751     1.9709     2.3826      8.003    -0.5918     6.0698 1.0715e-01    -0.1176   102.9847     6.4799     6.7762    34.7232    34.7225    27.5897    27.5897    7.31852 0.0000e+00
      21091    189.708     3.7698     3.7647   3.220333   3.219767     1.9709     2.3822      8.003    -0.5816   322.5338 1.0715e-01    -0.1180   102.9938     6.4808     6.7763    34.7232    34.7219    27.5897    27.5891    7.31843 0.0000e+00
      21094    189.576     3.7702     3.7641   3.220373   3.219747     1.9705     2.3826      8.001    -0.5918   481.9896 1.0715e-01    -0.1180   102.9938     6.4798     6.7770    34.7233    34.7224    27.5897    27.5896    7.31835 0.0000e+00
      21097    189.449     3.7707     3.7652   3.220401   3.219829     1.9725     2.3835      8.000    -0.5816   480.9632 1.0715e-01    -0.1176   102.9847     6.4876     6.7801    34.7232    34.7222    27.5896    27.5894    7.31827 0.0000e+00
      21100    189.323     3.7716     3.7664   3.220470   3.219956     1.9713     2.3843      8.003    -0.5816   481.3579 1.0715e-01    -0.1173   102.9757     6.4791     6.7833    34.7232    34.7226    27.5895    27.5895    7.31811 0.0000e+00
