Datasets/AZMP/TEL210/tel210_2020_005.cnv
* Sea-Bird SBE 9 Data File:
* FileName = C:\CTDDATA\tel210_2020_005.hex
* Software Version Seasave V 7.26.7.110
* Temperature SN = 1697
* Conductivity SN = 4216
* Number of Bytes Per Scan = 30
* Number of Voltage Words = 4
* Number of Scans Averaged by the Deck Unit = 1
* NMEA baud rate = 4800
** VESSEL/TRIP/SEQ STN:  tel210_2020_005
** LATITUDE XX XX.XX: 47 00.00 N
** LONGITUDE XX XX.XX: 052 34.80 W
** SOUNDING DEPTH (M): 0156
** PROBE TYPE: S1146
** CTD NUMBER: 004
** COMMENTS (14 CHAR): FC-03
** BOTTLES:  9
** LEVELS: 5,10,20,30,40,50,75,100,BTM
** STICKERS: 435762 - 435770
** VNET: Y
** DO2: Y
# nquan = 22
# nvalues = 3769                        
# units = specified
# name 0 = scan: Scan Count
# name 1 = prDM: Pressure, Digiquartz [db]
# name 2 = t090C: Temperature [ITS-90, deg C]
# name 3 = t190C: Temperature, 2 [ITS-90, deg C]
# name 4 = c0S/m: Conductivity [S/m]
# name 5 = c1S/m: Conductivity, 2 [S/m]
# name 6 = sbeox0V: Oxygen raw, SBE 43 [V]
# name 7 = sbeox1V: Oxygen raw, SBE 43, 2 [V]
# name 8 = ph: pH
# name 9 = flECO-AFL: Fluorescence, WET Labs ECO-AFL/FL [mg/m^3]
# name 10 = wetCDOM: Fluorescence, WET Labs CDOM [mg/m^3]
# name 11 = par/sat/log: PAR/Logarithmic, Satlantic [umol photons/m^2/sec]
# name 12 = CStarAt0: Beam Attenuation, WET Labs C-Star [1/m]
# name 13 = CStarTr0: Beam Transmission, WET Labs C-Star [%]
# name 14 = sbeox0ML/L: Oxygen, SBE 43 [ml/l], WS = 2
# name 15 = sbeox1ML/L: Oxygen, SBE 43, 2 [ml/l], WS = 2
# name 16 = sal00: Salinity, Practical [PSU]
# name 17 = sal11: Salinity, Practical, 2 [PSU]
# name 18 = sigma-t00: Density [sigma-t, kg/m^3 ]
# name 19 = sigma-t11: Density, 2 [sigma-t, kg/m^3 ]
# name 20 = oxsatML/L: Oxygen Saturation, Weiss [ml/l]
# name 21 = flag: flag
# span 0 =         28,      35328       
# span 1 =      0.870,    154.765       
# span 2 =    -0.4352,    12.0877       
# span 3 =    -0.4348,    12.0843       
# span 4 =   2.720446,   3.674647       
# span 5 =   2.720679,   3.674220       
# span 6 =     1.7386,     2.3448       
# span 7 =     2.1011,     2.8731       
# span 8 =      7.712,      8.100       
# span 9 =    -0.5918,     1.0667       
# span 10 =    -2.8130,   482.1870      
# span 11 = 1.0703e-01, 2.6972e+00      
# span 12 =    -0.1613,     0.0025      
# span 13 =    99.9372,   104.1151      
# span 14 =     6.0399,     8.2075      
# span 15 =     6.0987,     8.7030      
# span 16 =    31.7372,    33.0701      
# span 17 =    31.7492,    33.0708      
# span 18 =    24.0446,    26.5637      
# span 19 =    24.0505,    26.5646      
# span 20 =    6.16382,    8.25246      
# span 21 = 0.0000e+00, 0.0000e+00      
# interval = scans: 3                   
# start_time = Jul 15 2020 07:35:46 [System UTC, header]
# bad_flag = -9.990e-29
*END*
[from data line 2832]
      19965     70.028     0.8887     0.9763   2.812835   2.821802     2.0907     2.5548      7.907    -0.0322     3.1483 1.0727e-01    -0.1446   103.6811     7.5939     7.9660    32.7928    32.8155    26.2774    26.2904    7.97771 0.0000e+00
      19968     69.955     0.8573     0.9749   2.811291   2.821649     2.0903     2.5552      7.907    -0.0424     3.6221 1.0715e-01    -0.1446   103.6811     7.5994     7.9660    32.8062    32.8151    26.2900    26.2902    7.98355 0.0000e+00
      19971     69.882     0.8689     0.9780   2.812572   2.821732     2.0911     2.5548      7.907     0.0086     3.5826 1.0715e-01    -0.1446   103.6811     7.6015     7.9643    32.8104    32.8129    26.2927    26.2883    7.98089 0.0000e+00
      19974     69.807     0.8757     0.9683   2.812610   2.819916     2.0915     2.5560      7.907     0.0289     3.5826 1.0727e-01    -0.1446   103.6811     7.6031     7.9707    32.8038    32.7999    26.2870    26.2783    7.97983 0.0000e+00
      19977     69.726     0.8809     0.9460   2.812908   2.817225     2.0915     2.5564      7.907     0.0187     3.5826 1.0727e-01    -0.1446   103.6811     7.6021     7.9737    32.8022    32.7889    26.2854    26.2709    7.97884 0.0000e+00
      19980     69.633     0.8751     0.9096   2.812065   2.814748     2.0903     2.5569      7.909     0.0187     3.5826 1.0727e-01    -0.1449   103.6901     7.5973     7.9790    32.7975    32.7955    26.2820    26.2784    7.98030 0.0000e+00
      19983     69.539     0.8500     0.9164   2.809367   2.816849     2.0919     2.5564      7.907     0.0289     3.5826 1.0727e-01    -0.1456   103.7082     7.6084     7.9668    32.7893    32.8155    26.2768    26.2940    7.98598 0.0000e+00
      19986     69.440     0.8284     0.9624   2.807663   2.820822     2.0915     2.5560      7.912     0.0391     3.5826 1.0715e-01    -0.1456   103.7082     7.6109     7.9477    32.7903    32.8180    26.2789    26.2933    7.99046 0.0000e+00
      19989     69.335     0.8193     0.9532   2.806904   2.818077     2.0919     2.5556      7.912     0.0391     3.1878 1.0727e-01    -0.1449   103.6901     7.6130     7.9454    32.7901    32.7925    26.2793    26.2733    7.99237 0.0000e+00
      19992     69.224     0.8052     0.8890   2.805341   2.812640     2.0932     2.5556      7.912     0.0391    -1.3918 1.0740e-01    -0.1449   103.6901     7.6238     7.9572    32.7851    32.7905    26.2760    26.2755    7.99562 0.0000e+00
      19995     69.110     0.7933     0.8668   2.804585   2.811529     2.0932     2.5560      7.912     0.0085    -1.5891 1.0727e-01    -0.1456   103.7082     7.6248     7.9592    32.7879    32.7997    26.2790    26.2842    7.99794 0.0000e+00
      19998     68.991     0.7969     0.8733   2.805180   2.813706     2.0923     2.5548      7.912    -0.0830    -1.5102 1.0740e-01    -0.1449   103.6901     7.6207     7.9481    32.7918    32.8209    26.2820    26.3009    7.99698 0.0000e+00
      20001     68.871     0.8072     0.8839   2.806502   2.812587     2.0928     2.5544      7.910    -0.0932    -1.5497 1.0727e-01    -0.1467   103.7353     7.6252     7.9471    32.7981    32.7953    26.2864    26.2797    7.99448 0.0000e+00
      20004     68.753     0.8104     0.8351   2.805932   2.807737     2.0928     2.5548      7.912    -0.0830    -1.5497 1.0715e-01    -0.1467   103.7353     7.6251     7.9631    32.7874    32.7845    26.2777    26.2739    7.99439 0.0000e+00
      20007     68.632     0.7951     0.8054   2.804445   2.805800     2.0932     2.5540      7.912    -0.0830    -1.5497 1.0727e-01    -0.1467   103.7353     7.6291     7.9738    32.7845    32.7911    26.2762    26.2809    7.99776 0.0000e+00
      20010     68.514     0.7889     0.8136   2.804066   2.807406     2.0932     2.5548      7.912    -0.0932    -1.5891 1.0727e-01    -0.1467   103.7353     7.6339     7.9807    32.7862    32.8032    26.2779    26.2902    7.99896 0.0000e+00
      20013     68.398     0.7888     0.8416   2.804131   2.809724     2.0936     2.5548      7.912    -0.0830    -1.5497 1.0727e-01    -0.1467   103.7353     7.6370     7.9822    32.7873    32.8035    26.2788    26.2888    7.99894 0.0000e+00
      20016     68.277     0.7830     0.8606   2.803561   2.811474     2.0944     2.5548      7.912    -0.0830    -1.3128 1.0740e-01    -0.1467   103.7353     7.6450     7.9852    32.7861    32.8060    26.2782    26.2897    8.00022 0.0000e+00
      20019     68.161     0.7849     0.8971   2.804015   2.815109     2.0936     2.5536      7.912    -0.0932    -0.6811 1.0727e-01    -0.1463   103.7263     7.6439     7.9814    32.7900    32.8142    26.2812    26.2941    7.99960 0.0000e+00
      20022     68.045     0.7855     0.9173   2.803643   2.815734     2.0944     2.5544      7.912    -0.1441    -0.6811 1.0715e-01    -0.1467   103.7353     7.6524     7.9927    32.7847    32.8010    26.2769    26.2824    7.99977 0.0000e+00
      20025     67.931     0.7757     0.9218   2.802892   2.816531     2.0956     2.5548      7.912    -0.1950    -0.6811 1.0715e-01    -0.1467   103.7353     7.6627     8.0023    32.7853    32.8065    26.2780    26.2865    8.00178 0.0000e+00
      20028     67.821     0.7736     0.8830   2.802576   2.812097     2.0948     2.5548      7.912    -0.1848    -0.6811 1.0715e-01    -0.1467   103.7353     7.6630     8.0216    32.7836    32.7906    26.2767    26.2760    8.00232 0.0000e+00
      20031     67.711     0.7622     0.8865   2.801043   2.813122     2.0956     2.5564      7.912    -0.1746    -0.6811 1.0715e-01    -0.1467   103.7353     7.6726     8.0377    32.7759    32.8001    26.2712    26.2834    8.00513 0.0000e+00
      20034     67.604     0.7410     0.8534   2.798382   2.808219     2.0964     2.5564      7.912    -0.1848    -0.6811 1.0715e-01    -0.1467   103.7353     7.6836     8.0551    32.7641    32.7721    26.2628    26.2628    8.01024 0.0000e+00
      20037     67.505     0.7179     0.7645   2.796902   2.800613     2.0968     2.5573      7.912    -0.1746    -0.6811 1.0715e-01    -0.1463   103.7263     7.6907     8.0884    32.7694    32.7681    26.2685    26.2648    8.01480 0.0000e+00
      20040     67.408     0.7340     0.7425   2.799245   2.799420     2.0968     2.5581      7.912    -0.1848    -0.6811 1.0727e-01    -0.1449   103.6901     7.6897     8.1061    32.7828    32.7759    26.2783    26.2724    8.01070 0.0000e+00
      20043     67.311     0.7325     0.7212   2.798530   2.797089     2.0968     2.5589      7.912    -0.1848     2.0824 1.0727e-01    -0.1446   103.6811     7.6928     8.1211    32.7752    32.7685    26.2723    26.2675    8.01143 0.0000e+00
      20046     67.216     0.7064     0.6875   2.795373   2.794086     2.0980     2.5605      7.912    -0.1848     4.4117 1.0715e-01    -0.1446   103.6811     7.7039     8.1372    32.7620    32.7654    26.2632    26.2669    8.01763 0.0000e+00
      20049     67.125     0.6681     0.6463   2.792335   2.790350     2.0980     2.5609      7.913    -0.1543     4.2932 1.0727e-01    -0.1446   103.6811     7.7166     8.1501    32.7634    32.7607    26.2665    26.2655    8.02565 0.0000e+00
      20052     67.036     0.6716     0.6245   2.793068   2.788346     2.0993     2.5617      7.913    -0.1339     4.2932 1.0727e-01    -0.1446   103.6811     7.7265     8.1581    32.7692    32.7579    26.2709    26.2645    8.02459 0.0000e+00
      20055     66.951     0.6572     0.6135   2.791135   2.787716     2.0993     2.5634      7.913    -0.1135     4.2932 1.0740e-01    -0.1446   103.6811     7.7324     8.1670    32.7595    32.7615    26.2639    26.2679    8.02816 0.0000e+00
      20058     66.872     0.6418     0.6306   2.790296   2.789415     2.0997     2.5634      7.913    -0.1237     4.2932 1.0715e-01    -0.1446   103.6811     7.7419     8.1626    32.7649    32.7655    26.2692    26.2702    8.03111 0.0000e+00
      20061     66.794     0.6523     0.6339   2.791783   2.789522     2.0997     2.5646      7.913    -0.1339     4.2932 1.0715e-01    -0.1481   103.7715     7.7435     8.1678    32.7732    32.7633    26.2752    26.2683    8.02846 0.0000e+00
      20064     66.720     0.6611     0.6274   2.792035   2.788808     2.1013     2.5658      7.913    -0.1237     4.2932 1.0715e-01    -0.1484   103.7805     7.7516     8.1733    32.7671    32.7610    26.2698    26.2668    8.02692 0.0000e+00
      20067     66.649     0.6463     0.6268   2.790483   2.788858     2.1009     2.5666      7.913    -0.1237     4.2932 1.0715e-01    -0.1484   103.7805     7.7559     8.1737    32.7627    32.7624    26.2671    26.2680    8.03029 0.0000e+00
      20070     66.579     0.6323     0.6285   2.789600   2.789044     2.1013     2.5662      7.915    -0.1339     2.7535 1.0727e-01    -0.1484   103.7805     7.7624     8.1714    32.7662    32.7630    26.2707    26.2683    8.03306 0.0000e+00
      20073     66.505     0.6400     0.6341   2.791490   2.789581     2.1033     2.5674      7.918    -0.1135     2.4772 1.0727e-01    -0.1484   103.7805     7.7729     8.1763    32.7826    32.7641    26.2834    26.2689    8.03054 0.0000e+00
      20076     66.429     0.6609     0.6463   2.792710   2.791121     2.1033     2.5682      7.917    -0.1543     2.5167 1.0727e-01    -0.1484   103.7805     7.7717     8.1761    32.7762    32.7712    26.2772    26.2739    8.02647 0.0000e+00
      20079     66.358     0.6677     0.6533   2.792288   2.791242     2.1046     2.5695      7.917    -0.1543     2.5167 1.0715e-01    -0.1481   103.7715     7.7824     8.1811    32.7635    32.7654    26.2666    26.2689    8.02572 0.0000e+00
      20082     66.284     0.6648     0.6515   2.792223   2.790979     2.1050     2.5703      7.917    -0.1441     2.5167 1.0740e-01    -0.1474   103.7534     7.7865     8.1863    32.7659    32.7639    26.2687    26.2678    8.02621 0.0000e+00
      20085     66.207     0.6868     0.6505   2.794551   2.790919     2.1054     2.5719      7.917    -0.1543     2.5167 1.0727e-01    -0.1474   103.7534     7.7821     8.1932    32.7727    32.7642    26.2729    26.2681    8.02119 0.0000e+00
      20088     66.124     0.6941     0.6571   2.794882   2.791889     2.1058     2.5719      7.919    -0.1543     2.5167 1.0727e-01    -0.1474   103.7534     7.7838     8.1970    32.7693    32.7698    26.2697    26.2723    8.01983 0.0000e+00
      20091     66.039     0.6924     0.7027   2.794952   2.795776     2.1074     2.5723      7.920    -0.1543     2.5167 1.0727e-01    -0.1470   103.7443     7.7957     8.1939    32.7721    32.7718    26.2721    26.2712    8.02005 0.0000e+00
      20094     65.953     0.7068     0.7662   2.795663   2.800616     2.1070     2.5740      7.922    -0.1441    70.9733 1.0715e-01    -0.1470   103.7443     7.7896     8.1906    32.7661    32.7672    26.2664    26.2640    8.01733 0.0000e+00
      20097     65.862     0.7118     0.7903   2.796966   2.802989     2.1086     2.5752      7.922    -0.1441   470.3433 1.0727e-01    -0.1470   103.7443     7.7942     8.1904    32.7777    32.7724    26.2755    26.2667    8.01566 0.0000e+00
      20100     65.768     0.7352     0.7997   2.799300   2.803456     2.1099     2.5756      7.922    -0.1339   481.4369 1.0727e-01    -0.1467   103.7353     7.7950     8.1916    32.7831    32.7685    26.2785    26.2630    8.01042 0.0000e+00
      20103     65.670     0.7395     0.7897   2.798172   2.801978     2.1103     2.5768      7.924    -0.0932   481.2000 1.0740e-01    -0.1467   103.7353     7.7967     8.2000    32.7641    32.7601    26.2630    26.2569    8.01056 0.0000e+00
      20106     65.570     0.7250     0.7245   2.796723   2.796664     2.1107     2.5776      7.925    -0.0830   481.2395 1.0727e-01    -0.1467   103.7353     7.8061     8.2205    32.7607    32.7606    26.2611    26.2610    8.01379 0.0000e+00
      20109     65.470     0.7218     0.6939   2.796259   2.795020     2.1107     2.5788      7.927    -0.0932   481.2395 1.0715e-01    -0.1467   103.7353     7.8075     8.2346    32.7582    32.7717    26.2592    26.2717    8.01460 0.0000e+00
      20112     65.361     0.7338     0.7199   2.797663   2.796699     2.1127     2.5813      7.927    -0.1034   481.2395 1.0727e-01    -0.1467   103.7353     7.8125     8.2400    32.7637    32.7659    26.2630    26.2655    8.01178 0.0000e+00
      20115     65.249     0.7624     0.7328   2.799977   2.797343     2.1135     2.5825      7.927    -0.0932   481.2790 1.0752e-01    -0.1467   103.7353     7.8083     8.2416    32.7634    32.7607    26.2611    26.2606    8.00578 0.0000e+00
      20118     65.134     0.7755     0.7224   2.800538   2.796144     2.1139     2.5829      7.927    -0.0932   481.2790 1.0715e-01    -0.1467   103.7353     7.8054     8.2431    32.7568    32.7562    26.2550    26.2577    8.00337 0.0000e+00
      20121     65.014     0.7769     0.6920   2.801209   2.794224     2.1143     2.5841      7.930    -0.0932   295.9644 1.0715e-01    -0.1456   103.7082     7.8040     8.2543    32.7641    32.7637    26.2608    26.2654    8.00269 0.0000e+00
      20124     64.892     0.7906     0.7057   2.802438   2.796259     2.1151     2.5850      7.932    -0.0830    -1.1549 1.0715e-01    -0.1456   103.7082     7.8004     8.2530    32.7655    32.7755    26.2612    26.2741    7.99974 0.0000e+00
      20127     64.771     0.8271     0.7547   2.806158   2.800130     2.1164     2.5854      7.931    -0.0729     6.9383 1.0727e-01    -0.1456   103.7082     7.7975     8.2401    32.7749    32.7738    26.2666    26.2699    7.99156 0.0000e+00
      20130     64.647     0.8583     0.7788   2.808372   2.801749     2.1176     2.5874      7.931    -0.0627     6.6620 1.0727e-01    -0.1456   103.7082     7.7942     8.2361    32.7705    32.7692    26.2613    26.2648    7.98526 0.0000e+00
      20133     64.525     0.8915     0.7794   2.810956   2.801709     2.1172     2.5878      7.931    -0.0525     6.6620 1.0727e-01    -0.1456   103.7082     7.7844     8.2295    32.7688    32.7681    26.2580    26.2639    7.97842 0.0000e+00
      20136     64.406     0.9191     0.7818   2.812882   2.802121     2.1184     2.5894      7.931    -0.0729     6.6620 1.0727e-01    -0.1456   103.7082     7.7824     8.2277    32.7646    32.7710    26.2529    26.2661    7.97289 0.0000e+00
      20139     64.287     0.9395     0.7939   2.813900   2.802798     2.1188     2.5902      7.931    -0.0627     6.6620 1.0715e-01    -0.1456   103.7082     7.7822     8.2249    32.7562    32.7670    26.2449    26.2622    7.96909 0.0000e+00
      20142     64.169     0.9162     0.7912   2.811952   2.802793     2.1196     2.5906      7.933    -0.0424     6.6620 1.0727e-01    -0.1453   103.6992     7.7934     8.2234    32.7558    32.7699    26.2460    26.2647    7.97396 0.0000e+00
      20145     64.051     0.9381     0.7945   2.814804   2.803195     2.1196     2.5923      7.933    -0.0627     6.6620 1.0727e-01    -0.1456   103.7082     7.7881     8.2216    32.7694    32.7716    26.2556    26.2659    7.96866 0.0000e+00
      20148     63.937     0.9847     0.8380   2.818591   2.807197     2.1204     2.5931      7.933    -0.0525     3.9774 1.0727e-01    -0.1453   103.6992     7.7800     8.2081    32.7689    32.7773    26.2525    26.2679    7.95897 0.0000e+00
      20151     63.826     1.0302     0.8542   2.822143   2.806844     2.1213     2.5939      7.933    -0.0729     2.5562 1.0727e-01    -0.1453   103.6992     7.7738     8.2048    32.7666    32.7557    26.2479    26.2496    7.94964 0.0000e+00
      20154     63.717     1.0359     0.8723   2.821877   2.810453     2.1221     2.5935      7.934    -0.0932     2.6351 1.0752e-01    -0.1456   103.7082     7.7811     8.1954    32.7573    32.7831    26.2400    26.2706    7.94896 0.0000e+00
      20157     63.614     1.0294     0.9704   2.822245   2.817449     2.1237     2.5939      7.934    -0.0932     2.6351 1.0752e-01    -0.1456   103.7082     7.7924     8.1747    32.7688    32.7695    26.2497    26.2538    7.94968 0.0000e+00
