Datasets/AZMP/TEL210/tel210_2020_107.cnv
* Sea-Bird SBE 9 Data File:
* FileName = C:\CTDDATA\tel210_2020_107.hex
* Software Version Seasave V 7.26.7.110
* Temperature SN = 1697
* Conductivity SN = 4216
* Number of Bytes Per Scan = 30
* Number of Voltage Words = 4
* Number of Scans Averaged by the Deck Unit = 1
* NMEA baud rate = 4800
** VESSEL/TRIP/SEQ STN:  tet210_2020_107
** LATITUDE XX XX.XX: 55 28.70 N
** LONGITUDE XX XX.XX: 057 54.40 W
** SOUNDING DEPTH (M): 0125
** PROBE TYPE: S1146
** CTD NUMBER: 073
** COMMENTS (14 CHAR): MB-05
** BOTTLES:  9
** LEVELS: 5,10,20,30,40,50,75,100,BTM
** STICKERS: 436300 - 436308
** VNET: Y
** DO2: N
# nquan = 22
# nvalues = 2882                        
# units = specified
# name 0 = scan: Scan Count
# name 1 = prDM: Pressure, Digiquartz [db]
# name 2 = t090C: Temperature [ITS-90, deg C]
# name 3 = t190C: Temperature, 2 [ITS-90, deg C]
# name 4 = c0S/m: Conductivity [S/m]
# name 5 = c1S/m: Conductivity, 2 [S/m]
# name 6 = sbeox0V: Oxygen raw, SBE 43 [V]
# name 7 = sbeox1V: Oxygen raw, SBE 43, 2 [V]
# name 8 = ph: pH
# name 9 = flECO-AFL: Fluorescence, WET Labs ECO-AFL/FL [mg/m^3]
# name 10 = wetCDOM: Fluorescence, WET Labs CDOM [mg/m^3]
# name 11 = par/sat/log: PAR/Logarithmic, Satlantic [umol photons/m^2/sec]
# name 12 = CStarAt0: Beam Attenuation, WET Labs C-Star [1/m]
# name 13 = CStarTr0: Beam Transmission, WET Labs C-Star [%]
# name 14 = sbeox0ML/L: Oxygen, SBE 43 [ml/l], WS = 2
# name 15 = sbeox1ML/L: Oxygen, SBE 43, 2 [ml/l], WS = 2
# name 16 = sal00: Salinity, Practical [PSU]
# name 17 = sal11: Salinity, Practical, 2 [PSU]
# name 18 = sigma-t00: Density [sigma-t, kg/m^3 ]
# name 19 = sigma-t11: Density, 2 [sigma-t, kg/m^3 ]
# name 20 = oxsatML/L: Oxygen Saturation, Weiss [ml/l]
# name 21 = flag: flag
# span 0 =         97,      34143       
# span 1 =      0.205,    123.206       
# span 2 =    -1.1795,     7.1676       
# span 3 =    -1.1847,     7.1620       
# span 4 =   2.614480,   3.196416       
# span 5 =   2.614009,   3.195852       
# span 6 =     1.9557,     2.6345       
# span 7 =     2.3594,     3.2187       
# span 8 =      7.998,      8.325       
# span 9 =     0.6770,     1.8198       
# span 10 =    -2.8130,   482.1870      
# span 11 = 1.0715e-01, 3.5878e+02      
# span 12 =    -0.1414,     2.2144      
# span 13 =    57.4887,   103.5997      
# span 14 =     7.1699,     9.8290      
# span 15 =     7.2944,    10.2941      
# span 16 =    30.3803,    33.0264      
# span 17 =    30.8260,    33.0269      
# span 18 =    23.7621,    26.5475      
# span 19 =    24.1131,    26.5481      
# span 20 =    6.90253,    8.44740      
# span 21 = 0.0000e+00, 0.0000e+00      
# interval = scans: 3                   
# start_time = Jul 27 2020 14:30:27 [System UTC, header]
# bad_flag = -9.990e-29
*END*
[from data line 132]
        493     16.537     1.7655     1.7555   2.823442   2.822691     2.4668     3.0574      8.289     1.1426     1.0954 5.2639e+01    -0.0029   100.0728     9.2750     9.9796    32.0487    32.0494    25.6241    25.6254    7.83730 0.0000e+00
        496     16.646     1.7843     1.7780   2.825012   2.824517     2.4689     3.0603      8.292     1.1426     1.0954 5.2155e+01    -0.0029   100.0728     9.2874     9.9671    32.0491    32.0493    25.6232    25.6238    7.83347 0.0000e+00
        499     16.755     1.7936     1.7860   2.826064   2.825424     2.4705     3.0643      8.299     1.1532     0.9770 5.1794e+01    -0.0029   100.0728     9.2987     9.9645    32.0528    32.0525    25.6255    25.6257    7.83140 0.0000e+00
        502     16.861     1.7990     1.7934   2.826731   2.826306     2.4709     3.0660      8.304     1.1532     0.9770 5.1258e+01    -0.0029   100.0728     9.3084     9.9523    32.0556    32.0560    25.6273    25.6280    7.83016 0.0000e+00
        505     16.967     1.8021     1.7987   2.827266   2.827033     2.4734     3.0684      8.305     1.1532     0.9770 5.0787e+01    -0.0101   100.2537     9.3285     9.9474    32.0590    32.0595    25.6299    25.6305    7.82934 0.0000e+00
        508     17.073     1.8070     1.8033   2.827848   2.827565     2.4758     3.0709      8.308     1.1532     0.9770 5.0377e+01    -0.0137   100.3441     9.3472     9.9442    32.0612    32.0615    25.6313    25.6318    7.82824 0.0000e+00
        511     17.179     1.8063     1.8026   2.827884   2.827671     2.4770     3.0733      8.310     1.1532     0.9770 4.9856e+01    -0.0137   100.3441     9.3610     9.9446    32.0624    32.0635    25.6323    25.6334    7.82832 0.0000e+00
        514     17.286     1.8015     1.7985   2.827757   2.827470     2.4795     3.0757      8.313     1.1426     0.9770 4.9568e+01    -0.0137   100.3441     9.3781     9.9439    32.0656    32.0651    25.6352    25.6350    7.82912 0.0000e+00
        517     17.398     1.7939     1.7902   2.827068   2.826832     2.4811     3.0782      8.313     1.1637     0.9770 4.9168e+01    -0.0137   100.3441     9.3909     9.9446    32.0646    32.0654    25.6349    25.6358    7.83070 0.0000e+00
        520     17.512     1.7786     1.7730   2.825873   2.825553     2.4831     3.0790      8.316     1.2166     0.9770 4.8548e+01    -0.0137   100.3441     9.4081     9.9470    32.0652    32.0669    25.6365    25.6382    7.83377 0.0000e+00
        523     17.625     1.7596     1.7539   2.824582   2.824163     2.4856     3.0818      8.318     1.1955     0.9770 4.8100e+01    -0.0137   100.3441     9.4303     9.9571    32.0683    32.0689    25.6403    25.6411    7.83744 0.0000e+00
        526     17.740     1.7416     1.7356   2.823199   2.822938     2.4880     3.0831      8.318     1.2167     0.9770 4.7492e+01    -0.0152   100.3803     9.4492     9.9634    32.0692    32.0721    25.6422    25.6450    7.84103 0.0000e+00
        529     17.858     1.7191     1.7119   2.821460   2.821149     2.4896     3.0863      8.318     1.1955     0.9770 4.7001e+01    -0.0155   100.3894     9.4602     9.9760    32.0703    32.0738    25.6446    25.6479    7.84553 0.0000e+00
        532     17.976     1.6858     1.6769   2.819118   2.818969     2.4917     3.0875      8.319     1.2061     0.9770 4.6407e+01    -0.0155   100.3894     9.4819     9.9876    32.0748    32.0820    25.6505    25.6568    7.85205 0.0000e+00
        535     18.091     1.6069     1.6064   2.812193   2.812752     2.4937     3.0900      8.319     1.2061     0.9770 4.5873e+01    -0.0159   100.3984     9.5152    10.0155    32.0682    32.0758    25.6505    25.6565    7.86843 0.0000e+00
        538     18.205     1.5047     1.4903   2.805810   2.805074     2.4957     3.0908      8.321     1.2166     0.9770 4.5346e+01    -0.0155   100.3894     9.5509    10.0491    32.0923    32.0977    25.6765    25.6818    7.88801 0.0000e+00
        541     18.317     1.4464     1.4317   2.802956   2.802405     2.4970     3.0928      8.325     1.2167     0.9770 4.4773e+01    -0.0159   100.3984     9.5715    10.0712    32.1158    32.1239    25.6991    25.7066    7.89868 0.0000e+00
        544     18.424     1.4140     1.4067   2.801413   2.801025     2.4998     3.0961      8.322     1.2061     0.9770 4.4207e+01    -0.0163   100.4075     9.5900    10.0889    32.1295    32.1320    25.7122    25.7147    7.90459 0.0000e+00
        547     18.530     1.3923     1.3886   2.800048   2.799809     2.5027     3.0969      8.320     1.1955     0.9770 4.3699e+01    -0.0202   100.5069     9.6053    10.0949    32.1345    32.1352    25.7176    25.7185    7.90879 0.0000e+00
        550     18.637     1.3429     1.3488   2.796454   2.796646     2.5035     3.0981      8.320     1.1955     0.2664 4.3147e+01    -0.0202   100.5069     9.6194    10.1092    32.1396    32.1360    25.7248    25.7216    7.91867 0.0000e+00
        553     18.739     1.2693     1.2757   2.791770   2.791613     2.5055     3.1002      8.322     1.1849    -0.2074 4.2651e+01    -0.0202   100.5069     9.6464    10.1357    32.1558    32.1472    25.7425    25.7352    7.93298 0.0000e+00
        556     18.840     1.2347     1.2333   2.789922   2.789487     2.5084     3.1030      8.321     1.1849    -0.1679 4.2209e+01    -0.0202   100.5069     9.6617    10.1575    32.1679    32.1638    25.7544    25.7512    7.93949 0.0000e+00
        559     18.938     1.2232     1.2195   2.789098   2.788956     2.5096     3.1038      8.321     1.1955    -0.1679 4.1869e+01    -0.0202   100.5069     9.6627    10.1622    32.1692    32.1712    25.7561    25.7579    7.94179 0.0000e+00
        562     19.034     1.2061     1.2049   2.787803   2.787729     2.5112     3.1059      8.321     1.1743    -0.1679 4.1484e+01    -0.0202   100.5069     9.6664    10.1702    32.1703    32.1706    25.7580    25.7583    7.94526 0.0000e+00
        565     19.127     1.1895     1.1898   2.786162   2.786563     2.5137     3.1075      8.319     1.1743    -0.1679 4.1197e+01    -0.0213   100.5340     9.6738    10.1742    32.1665    32.1713    25.7560    25.7598    7.94891 0.0000e+00
        568     19.210     1.1475     1.1565   2.782396   2.783454     2.5149     3.1095      8.319     1.1849    -0.1679 4.0959e+01    -0.0220   100.5521     9.6805    10.1866    32.1618    32.1660    25.7548    25.7576    7.95788 0.0000e+00
        571     19.294     1.1069     1.1109   2.779797   2.780051     2.5165     3.1111      8.318     1.1637    -0.1679 4.0770e+01    -0.0224   100.5612     9.6883    10.2020    32.1705    32.1696    25.7642    25.7633    7.96585 0.0000e+00
        574     19.377     1.0748     1.0802   2.777602   2.777851     2.5181     3.1128      8.318     1.1426    -0.1679 4.0536e+01    -0.0224   100.5612     9.6948    10.2105    32.1756    32.1732    25.7703    25.7680    7.97226 0.0000e+00
        577     19.453     1.0603     1.0587   2.776815   2.776664     2.5193     3.1140      8.317     1.1637    -0.2469 4.0349e+01    -0.0224   100.5612     9.6946    10.2121    32.1806    32.1803    25.7751    25.7749    7.97502 0.0000e+00
        580     19.527     1.0530     1.0498   2.776209   2.776208     2.5206     3.1160      8.317     1.1637    -0.3258 4.0070e+01    -0.0224   100.5612     9.6909    10.2126    32.1803    32.1835    25.7753    25.7781    7.97655 0.0000e+00
        583     19.599     1.0441     1.0410   2.775613   2.775537     2.5214     3.1173      8.317     1.1532    -0.2469 3.9793e+01    -0.0224   100.5612     9.6863    10.2110    32.1818    32.1841    25.7770    25.7790    7.97832 0.0000e+00
        586     19.666     1.0381     1.0349   2.775299   2.775136     2.5230     3.1177      8.317     1.1637    -0.2863 3.9563e+01    -0.0238   100.5973     9.6857    10.2039    32.1840    32.1852    25.7792    25.7803    7.97946 0.0000e+00
        589     19.731     1.0310     1.0321   2.774814   2.774891     2.5242     3.1193      8.317     1.1532    -0.2863 3.9335e+01    -0.0245   100.6154     9.6834    10.2016    32.1851    32.1849    25.7805    25.7802    7.98088 0.0000e+00
        592     19.797     1.0250     1.0245   2.774404   2.774325     2.5251     3.1197      8.317     1.1532    -0.2469 3.9063e+01    -0.0245   100.6154     9.6839    10.1962    32.1860    32.1855    25.7815    25.7812    7.98208 0.0000e+00
        595     19.861     1.0238     1.0192   2.774238   2.773948     2.5255     3.1217      8.317     1.1532    -0.2863 3.8838e+01    -0.0245   100.6154     9.6826    10.1954    32.1851    32.1862    25.7809    25.7820    7.98238 0.0000e+00
        598     19.922     1.0178     1.0154   2.773868   2.773689     2.5267     3.1221      8.314     1.1849    -0.2469 3.8614e+01    -0.0245   100.6154     9.6839    10.1899    32.1866    32.1868    25.7824    25.7827    7.98356 0.0000e+00
        601     19.985     1.0142     1.0106   2.773671   2.773466     2.5287     3.1234      8.314     1.1955    -0.3258 3.8392e+01    -0.0245   100.6154     9.6903    10.1864    32.1877    32.1888    25.7836    25.7846    7.98425 0.0000e+00
        604     20.046     1.0097     1.0069   2.773456   2.773351     2.5275     3.1230      8.312     1.1955    -0.6022 3.8259e+01    -0.0242   100.6064     9.6797    10.1775    32.1896    32.1912    25.7853    25.7867    7.98508 0.0000e+00
        607     20.109     1.0065     1.0033   2.773234   2.773110     2.5291     3.1238      8.312     1.1849    -0.5627 3.8082e+01    -0.0235   100.5883     9.6813    10.1772    32.1900    32.1918    25.7859    25.7875    7.98573 0.0000e+00
        610     20.174     1.0015     0.9988   2.772916   2.772781     2.5299     3.1250      8.312     1.1849    -0.6416 3.7819e+01    -0.0235   100.5883     9.6813    10.1778    32.1911    32.1922    25.7870    25.7880    7.98671 0.0000e+00
        613     20.239     0.9958     0.9928   2.772511   2.772417     2.5308     3.1254      8.312     1.1849    -0.6416 3.7601e+01    -0.0238   100.5973     9.6827    10.1744    32.1918    32.1937    25.7879    25.7896    7.98788 0.0000e+00
        616     20.308     0.9872     0.9858   2.771923   2.771967     2.5324     3.1262      8.312     1.1849    -0.6416 3.7471e+01    -0.0235   100.5883     9.6897    10.1753    32.1932    32.1952    25.7895    25.7912    7.98960 0.0000e+00
        619     20.380     0.9783     0.9760   2.771423   2.771324     2.5332     3.1258      8.312     1.1743    -0.6022 3.7298e+01    -0.0235   100.5883     9.6930    10.1697    32.1959    32.1970    25.7922    25.7932    7.99131 0.0000e+00
        622     20.454     0.9696     0.9664   2.770991   2.770692     2.5332     3.1270      8.312     1.2061    -0.5627 3.7126e+01    -0.0235   100.5883     9.6907    10.1721    32.1993    32.1988    25.7955    25.7953    7.99294 0.0000e+00
        625     20.527     0.9639     0.9589   2.770594   2.770325     2.5340     3.1262      8.312     1.2696    -0.6022 3.6954e+01    -0.0235   100.5883     9.6919    10.1664    32.2001    32.2018    25.7964    25.7981    7.99409 0.0000e+00
        628     20.610     0.9564     0.9522   2.770209   2.769916     2.5340     3.1270      8.312     1.2696   211.7951 3.6784e+01    -0.0245   100.6154     9.6924    10.1656    32.2029    32.2035    25.7992    25.7999    7.99551 0.0000e+00
        631     20.690     0.9507     0.9466   2.769997   2.769604     2.5344     3.1286      8.312     1.2590   482.1870 3.6572e+01    -0.0245   100.6154     9.6867    10.1639    32.2060    32.2053    25.8020    25.8016    7.99653 0.0000e+00
        634     20.771     0.9464     0.9429   2.769818   2.769449     2.5356     3.1282      8.312     1.2696   481.0026 3.6403e+01    -0.0238   100.5973     9.6894    10.1547    32.2081    32.2071    25.8039    25.8032    7.99732 0.0000e+00
        637     20.857     0.9424     0.9390   2.769538   2.769232     2.5356     3.1282      8.311     1.2590   481.1211 3.6110e+01    -0.0242   100.6064     9.6831    10.1493    32.2087    32.2083    25.8046    25.8044    7.99813 0.0000e+00
        640     20.943     0.9337     0.9327   2.768818   2.768663     2.5373     3.1291      8.308     1.2590   481.1211 3.5943e+01    -0.0245   100.6154     9.6836    10.1448    32.2085    32.2075    25.8049    25.8042    7.99997 0.0000e+00
        643     21.031     0.9129     0.9147   2.767430   2.767362     2.5373     3.1282      8.310     1.2590   481.1211 3.5695e+01    -0.0245   100.6154     9.6828    10.1367    32.2121    32.2094    25.8091    25.8068    8.00412 0.0000e+00
        646     21.125     0.8917     0.8909   2.766402   2.766151     2.5373     3.1282      8.308     1.2696   481.1211 3.5448e+01    -0.0170   100.4255     9.6784    10.1303    32.2209    32.2185    25.8174    25.8155    8.00811 0.0000e+00
        649     21.219     0.8788     0.8769   2.765786   2.765519     2.5381     3.1286      8.308     1.3754   481.1211 3.5162e+01    -0.0105   100.2627     9.6726    10.1238    32.2263    32.2249    25.8225    25.8214    8.01052 0.0000e+00
        652     21.312     0.8695     0.8660   2.765366   2.765023     2.5385     3.1278      8.308     1.6188   481.1211 3.4960e+01    -0.0105   100.2627     9.6650    10.1099    32.2306    32.2298    25.8264    25.8260    8.01224 0.0000e+00
        655     21.409     0.8635     0.8606   2.764978   2.764777     2.5381     3.1270      8.308     1.6188   133.1923 3.4638e+01    -0.0105   100.2627     9.6506    10.0945    32.2318    32.2321    25.8277    25.8282    8.01344 0.0000e+00
        658     21.506     0.8560     0.8543   2.764513   2.764325     2.5393     3.1270      8.308     1.6082    -2.8130 3.4319e+01    -0.0109   100.2718     9.6446    10.0857    32.2335    32.2329    25.8295    25.8291    8.01492 0.0000e+00
        661     21.605     0.8479     0.8465   2.764003   2.763781     2.5385     3.1266      8.308     1.5976    -1.5102 3.4042e+01    -0.0112   100.2808     9.6326    10.0757    32.2353    32.2339    25.8314    25.8304    8.01653 0.0000e+00
        664     21.705     0.8413     0.8400   2.763774   2.763489     2.5373     3.1250      8.306     1.6082    -1.2733 3.3690e+01    -0.0112   100.2808     9.6167    10.0621    32.2392    32.2368    25.8349    25.8331    8.01770 0.0000e+00
        667     21.807     0.8382     0.8356   2.763616   2.763294     2.5377     3.1246      8.308     1.6082    -1.2733 3.3341e+01    -0.0047   100.1181     9.6110    10.0547    32.2403    32.2389    25.8360    25.8350    8.01829 0.0000e+00
        670     21.911     0.8367     0.8326   2.763604   2.763147     2.5364     3.1230      8.305     1.6188    -1.3523 3.3110e+01    -0.0029   100.0728     9.5990    10.0420    32.2417    32.2400    25.8372    25.8361    8.01854 0.0000e+00
        673     22.017     0.8361     0.8303   2.763558   2.763148     2.5360     3.1230      8.306     1.6082    -1.2733 3.2768e+01    -0.0029   100.0728     9.5897    10.0324    32.2416    32.2424    25.8372    25.8381    8.01866 0.0000e+00
        676     22.122     0.8348     0.8295   2.763500   2.763082     2.5360     3.1213      8.303     1.6823    -1.2733 3.2541e+01    -0.0029   100.0728     9.5850    10.0186    32.2422    32.2424    25.8377    25.8381    8.01891 0.0000e+00
        679     22.228     0.8327     0.8281   2.763441   2.763046     2.5352     3.1197      8.303     1.7457    -1.2338 3.2204e+01    -0.0029   100.0728     9.5773    10.0045    32.2435    32.2433    25.8389    25.8390    8.01927 0.0000e+00
        682     22.336     0.8307     0.8262   2.763363   2.762997     2.5348     3.1189      8.303     1.7457    -0.0889 3.1982e+01    -0.0029   100.0728     9.5740     9.9936    32.2446    32.2446    25.8399    25.8401    8.01965 0.0000e+00
        685     22.443     0.8284     0.8245   2.763242   2.762956     2.5352     3.1181      8.303     1.7457     0.0295 3.1651e+01    -0.0007   100.0186     9.5735     9.9831    32.2453    32.2457    25.8406    25.8411    8.02008 0.0000e+00
