Datasets/AZMP/TEL210/tel210_2020_092.cnv
* Sea-Bird SBE 9 Data File:
* FileName = C:\CTDDATA\tel210_2020_092.hex
* Software Version Seasave V 7.26.7.110
* Temperature SN = 1697
* Conductivity SN = 4216
* Number of Bytes Per Scan = 30
* Number of Voltage Words = 4
* Number of Scans Averaged by the Deck Unit = 1
* NMEA baud rate = 4800
** VESSEL/TRIP/SEQ STN:  tel210_2020_092
** LATITUDE XX XX.XX: 54 30.00 N
** LONGITUDE XX XX.XX: 53 30.00 W
** SOUNDING DEPTH (M): 0315
** PROBE TYPE: S1146
** CTD NUMBER: 062
** COMMENTS (14 CHAR): SI-11
** BOTTLES:  0
** LEVELS: 
** STICKERS: 
** VNET: N
** DO2: N
# nquan = 22
# nvalues = 7142                        
# units = specified
# name 0 = scan: Scan Count
# name 1 = prDM: Pressure, Digiquartz [db]
# name 2 = t090C: Temperature [ITS-90, deg C]
# name 3 = t190C: Temperature, 2 [ITS-90, deg C]
# name 4 = c0S/m: Conductivity [S/m]
# name 5 = c1S/m: Conductivity, 2 [S/m]
# name 6 = sbeox0V: Oxygen raw, SBE 43 [V]
# name 7 = sbeox1V: Oxygen raw, SBE 43, 2 [V]
# name 8 = ph: pH
# name 9 = flECO-AFL: Fluorescence, WET Labs ECO-AFL/FL [mg/m^3]
# name 10 = wetCDOM: Fluorescence, WET Labs CDOM [mg/m^3]
# name 11 = par/sat/log: PAR/Logarithmic, Satlantic [umol photons/m^2/sec]
# name 12 = CStarAt0: Beam Attenuation, WET Labs C-Star [1/m]
# name 13 = CStarTr0: Beam Transmission, WET Labs C-Star [%]
# name 14 = sbeox0ML/L: Oxygen, SBE 43 [ml/l], WS = 2
# name 15 = sbeox1ML/L: Oxygen, SBE 43, 2 [ml/l], WS = 2
# name 16 = sal00: Salinity, Practical [PSU]
# name 17 = sal11: Salinity, Practical, 2 [PSU]
# name 18 = sigma-t00: Density [sigma-t, kg/m^3 ]
# name 19 = sigma-t11: Density, 2 [sigma-t, kg/m^3 ]
# name 20 = oxsatML/L: Oxygen Saturation, Weiss [ml/l]
# name 21 = flag: flag
# span 0 =         44,      24840       
# span 1 =      0.869,    321.284       
# span 2 =    -0.7543,     5.4213       
# span 3 =    -0.7592,     5.4166       
# span 4 =   2.678250,   3.176230       
# span 5 =   2.678032,   3.175847       
# span 6 =     1.9360,     2.3843       
# span 7 =     2.3227,     2.8970       
# span 8 =      8.000,      8.190       
# span 9 =     0.6346,     1.9574       
# span 10 =    -2.8130,   482.1870      
# span 11 = 1.0715e-01, 6.9032e+02      
# span 12 =    -0.1341,     0.3995      
# span 13 =    90.4962,   103.4098      
# span 14 =     6.4922,    10.4009      
# span 15 =     6.7231,    10.8260      
# span 16 =    31.7914,    34.5776      
# span 17 =    31.9144,    34.5777      
# span 18 =    25.0864,    27.5159      
# span 19 =    25.1856,    27.5164      
# span 20 =    7.16044,    8.32649      
# span 21 = 0.0000e+00, 0.0000e+00      
# interval = scans: 3                   
# start_time = Jul 25 2020 16:06:28 [System UTC, header]
# bad_flag = -9.990e-29
*END*
[from data line 2766]
       8694    282.197     3.1092     3.0979   3.147814   3.146682     1.9505     2.3425      8.007     0.7616     4.7670 1.0715e-01    -0.0770   101.9448     6.5695     6.8076    34.5022    34.5005    27.4777    27.4773    7.45057 0.0000e+00
       8697    282.320     3.1090     3.0990   3.147579   3.146854     1.9509     2.3417      8.008     0.7616     4.3327 1.0740e-01    -0.0770   101.9448     6.5693     6.8035    34.4995    34.5014    27.4755    27.4779    7.45074 0.0000e+00
       8700    282.442     3.1059     3.1012   3.147430   3.147088     1.9501     2.3417      8.008     0.7616     3.0694 1.0715e-01    -0.0770   101.9448     6.5645     6.8030    34.5009    34.5018    27.4770    27.4781    7.45125 0.0000e+00
       8703    282.565     3.1117     3.1045   3.148470   3.147571     1.9501     2.3429      8.007     0.7616     3.1089 1.0715e-01    -0.0770   101.9448     6.5634     6.8065    34.5073    34.5041    27.4815    27.4796    7.44984 0.0000e+00
       8706    282.686     3.1309     3.1073   3.150692   3.147783     1.9493     2.3413      8.008     0.7722     3.1089 1.0715e-01    -0.0760   101.9176     6.5582     6.8009    34.5137    34.5036    27.4848    27.4790    7.44595 0.0000e+00
       8709    282.805     3.1375     3.1073   3.151051   3.147662     1.9501     2.3409      8.005     0.7510     3.1089 1.0752e-01    -0.0760   101.9176     6.5598     6.8000    34.5110    34.5020    27.4821    27.4777    7.44486 0.0000e+00
       8712    282.925     3.1371     3.1117   3.150924   3.148587     1.9501     2.3409      8.005     0.7510     3.1089 1.0740e-01    -0.0760   101.9176     6.5587     6.8001    34.5098    34.5085    27.4811    27.4824    7.44499 0.0000e+00
       8715    283.043     3.1354     3.1250   3.150687   3.149976     1.9497     2.3409      8.007     0.7722     3.1089 1.0740e-01    -0.0760   101.9176     6.5588     6.7996    34.5087    34.5111    27.4803    27.4833    7.44536 0.0000e+00
       8718    283.159     3.1332     3.1269   3.150510   3.150084     1.9489     2.3409      8.005     0.7934     3.1089 1.0740e-01    -0.0760   101.9176     6.5555     6.7997    34.5088    34.5104    27.4807    27.4825    7.44576 0.0000e+00
       8721    283.274     3.1346     3.1296   3.150688   3.150401     1.9493     2.3405      8.007     0.8040     3.1089 1.0727e-01    -0.0760   101.9176     6.5582     6.7975    34.5094    34.5113    27.4810    27.4830    7.44547 0.0000e+00
       8724    283.388     3.1347     3.1308   3.150899   3.150522     1.9493     2.3409      8.007     0.8040     2.6746 1.0715e-01    -0.0760   101.9176     6.5595     6.7975    34.5118    34.5114    27.4829    27.4830    7.44533 0.0000e+00
       8727    283.500     3.1398     3.1303   3.151461   3.150328     1.9497     2.3400      8.007     0.7934     2.2403 1.0752e-01    -0.0756   101.9086     6.5607     6.7953    34.5131    34.5095    27.4835    27.4815    7.44432 0.0000e+00
       8730    283.610     3.1417     3.1318   3.151553   3.150662     1.9497     2.3409      8.005     0.7934     2.2798 1.0715e-01    -0.0760   101.9176     6.5599     6.8010    34.5121    34.5119    27.4825    27.4833    7.44401 0.0000e+00
       8733    283.721     3.1426     3.1366   3.151673   3.151182     1.9489     2.3405      8.005     0.7934     2.2798 1.0740e-01    -0.0763   101.9267     6.5533     6.7979    34.5126    34.5130    27.4828    27.4837    7.44382 0.0000e+00
       8736    283.830     3.1461     3.1393   3.152245   3.151553     1.9493     2.3409      8.005     0.7828     2.2798 1.0740e-01    -0.0760   101.9176     6.5552     6.7968    34.5157    34.5146    27.4850    27.4848    7.44302 0.0000e+00
       8739    283.938     3.1553     3.1485   3.153336   3.152716     1.9489     2.3409      8.005     0.7934     2.2798 1.0727e-01    -0.0760   101.9176     6.5546     6.7951    34.5191    34.5188    27.4869    27.4872    7.44115 0.0000e+00
       8742    284.046     3.1611     3.1571   3.153772   3.153511     1.9489     2.3396      8.005     0.7616     2.2798 1.0727e-01    -0.0760   101.9176     6.5525     6.7897    34.5181    34.5193    27.4855    27.4868    7.44011 0.0000e+00
       8745    284.150     3.1628     3.1589   3.154008   3.153653     1.9489     2.3396      8.005     0.7299     2.2798 1.0727e-01    -0.0763   101.9267     6.5506     6.7894    34.5192    34.5190    27.4862    27.4865    7.43975 0.0000e+00
       8748    284.256     3.1645     3.1602   3.154159   3.153797     1.9489     2.3396      8.005     0.7299     2.2798 1.0740e-01    -0.0763   101.9267     6.5499     6.7858    34.5191    34.5193    27.4860    27.4866    7.43943 0.0000e+00
       8751    284.362     3.1650     3.1607   3.154195   3.153862     1.9485     2.3396      8.005     0.7299   395.9253 1.0740e-01    -0.0777   101.9629     6.5479     6.7849    34.5190    34.5195    27.4858    27.4866    7.43934 0.0000e+00
       8754    284.466     3.1649     3.1602   3.154206   3.153617     1.9485     2.3396      8.005     0.7299   481.9106 1.0727e-01    -0.0774   101.9538     6.5493     6.7851    34.5192    34.5169    27.4860    27.4847    7.43936 0.0000e+00
       8757    284.570     3.1652     3.1590   3.154272   3.153653     1.9477     2.3392      8.005     0.7405   481.0026 1.0740e-01    -0.0770   101.9448     6.5476     6.7832    34.5196    34.5187    27.4863    27.4862    7.43928 0.0000e+00
       8760    284.671     3.1651     3.1590   3.154146   3.153704     1.9485     2.3388      8.005     0.7299   481.2395 1.0727e-01    -0.0770   101.9448     6.5489     6.7823    34.5181    34.5192    27.4851    27.4866    7.43937 0.0000e+00
       8763    284.773     3.1637     3.1592   3.154060   3.153682     1.9489     2.3396      8.005     0.7299   481.2395 1.0752e-01    -0.0777   101.9629     6.5505     6.7863    34.5185    34.5187    27.4856    27.4862    7.43961 0.0000e+00
       8766    284.873     3.1641     3.1594   3.154170   3.153761     1.9477     2.3396      8.005     0.7405   481.3184 1.0752e-01    -0.0770   101.9448     6.5457     6.7885    34.5193    34.5194    27.4862    27.4867    7.43949 0.0000e+00
       8769    284.973     3.1645     3.1593   3.154162   3.153749     1.9485     2.3384      8.005     0.7510   481.2395 1.0727e-01    -0.0763   101.9267     6.5511     6.7832    34.5188    34.5193    27.4857    27.4866    7.43945 0.0000e+00
       8772    285.075     3.1634     3.1590   3.154089   3.153683     1.9481     2.3380      8.005     0.7510   481.3184 1.0740e-01    -0.0760   101.9176     6.5489     6.7821    34.5190    34.5188    27.4860    27.4863    7.43965 0.0000e+00
       8775    285.176     3.1635     3.1587   3.154117   3.153624     1.9477     2.3388      8.005     0.7722   481.2395 1.0740e-01    -0.0760   101.9176     6.5449     6.7847    34.5192    34.5183    27.4861    27.4859    7.43962 0.0000e+00
       8778    285.273     3.1638     3.1573   3.154157   3.153531     1.9481     2.3384      8.005     0.7510   481.3579 1.0715e-01    -0.0760   101.9176     6.5460     6.7835    34.5193    34.5186    27.4862    27.4863    7.43955 0.0000e+00
       8781    285.373     3.1639     3.1586   3.154150   3.153716     1.9481     2.3376      8.005     0.7616   481.3579 1.0740e-01    -0.0763   101.9267     6.5471     6.7809    34.5190    34.5194    27.4860    27.4868    7.43954 0.0000e+00
       8784    285.469     3.1640     3.1616   3.154137   3.154095     1.9468     2.3384      8.005     0.7722   481.3579 1.0740e-01    -0.0760   101.9176     6.5385     6.7817    34.5187    34.5208    27.4857    27.4876    7.43954 0.0000e+00
       8787    285.565     3.1637     3.1623   3.154149   3.154020     1.9473     2.3376      8.005     0.7616   481.2790 1.0727e-01    -0.0760   101.9176     6.5417     6.7811    34.5192    34.5191    27.4861    27.4862    7.43958 0.0000e+00
       8790    285.661     3.1643     3.1602   3.154204   3.153829     1.9477     2.3384      8.005     0.7510   481.3184 1.0740e-01    -0.0795   102.0081     6.5436     6.7868    34.5191    34.5189    27.4860    27.4863    7.43947 0.0000e+00
       8793    285.756     3.1644     3.1620   3.154168   3.154144     1.9481     2.3372      8.005     0.7616   481.3579 1.0727e-01    -0.0802   102.0262     6.5436     6.7832    34.5185    34.5207    27.4855    27.4875    7.43947 0.0000e+00
       8796    285.850     3.1691     3.1626   3.155166   3.154119     1.9464     2.3380      8.005     0.7616   481.3184 1.0740e-01    -0.0802   102.0262     6.5362     6.7856    34.5255    34.5198    27.4907    27.4867    7.43825 0.0000e+00
       8799    285.946     3.1820     3.1697   3.156591   3.155380     1.9464     2.3372      8.005     0.7616   481.3579 1.0740e-01    -0.0802   102.0262     6.5353     6.7817    34.5290    34.5274    27.4922    27.4921    7.43568 0.0000e+00
       8802    286.035     3.1828     3.1797   3.156225   3.156193     1.9473     2.3372      8.005     0.7616   298.5700 1.0740e-01    -0.0802   102.0262     6.5387     6.7814    34.5236    34.5266    27.4879    27.4905    7.43579 0.0000e+00
       8805    286.125     3.1821     3.1796   3.156274   3.156164     1.9473     2.3372      8.005     0.7616    -2.8130 1.0727e-01    -0.0802   102.0262     6.5386     6.7827    34.5249    34.5263    27.4890    27.4903    7.43586 0.0000e+00
       8808    286.214     3.1852     3.1829   3.156705   3.156489     1.9460     2.3368      8.005     0.7722    -2.0234 1.0740e-01    -0.0792   101.9990     6.5341     6.7798    34.5268    34.5266    27.4902    27.4903    7.43520 0.0000e+00
       8811    286.302     3.1885     3.1833   3.157044   3.156562     1.9473     2.3380      8.005     0.7510    -1.2338 1.0727e-01    -0.0770   101.9448     6.5393     6.7857    34.5274    34.5270    27.4904    27.4906    7.43456 0.0000e+00
       8814    286.392     3.1898     3.1860   3.157150   3.156865     1.9456     2.3368      8.005     0.7510    -1.2733 1.0727e-01    -0.0767   101.9357     6.5310     6.7826    34.5273    34.5279    27.4901    27.4910    7.43432 0.0000e+00
       8817    286.475     3.1901     3.1866   3.157151   3.156871     1.9464     2.3368      8.005     0.7616    -1.2733 1.0715e-01    -0.0770   101.9448     6.5351     6.7828    34.5268    34.5272    27.4898    27.4904    7.43428 0.0000e+00
       8820    286.558     3.1905     3.1863   3.157172   3.156825     1.9464     2.3372      8.005     0.7510    -1.2733 1.0715e-01    -0.0770   101.9448     6.5380     6.7832    34.5267    34.5269    27.4896    27.4902    7.43423 0.0000e+00
       8823    286.644     3.1901     3.1860   3.157127   3.156825     1.9464     2.3372      8.005     0.7299    -1.2733 1.0740e-01    -0.0770   101.9448     6.5377     6.7826    34.5265    34.5272    27.4895    27.4904    7.43430 0.0000e+00
       8826    286.729     3.1896     3.1858   3.157097   3.156801     1.9456     2.3368      8.005     0.7299    -1.2733 1.0752e-01    -0.0770   101.9448     6.5328     6.7800    34.5267    34.5271    27.4897    27.4904    7.43440 0.0000e+00
       8829    286.808     3.1892     3.1853   3.157086   3.156739     1.9456     2.3368      8.005     0.7299     1.2928 1.0727e-01    -0.0760   101.9176     6.5361     6.7792    34.5269    34.5269    27.4899    27.4902    7.43446 0.0000e+00
       8832    286.886     3.1895     3.1849   3.157128   3.156725     1.9468     2.3368      8.005     0.7299     2.7141 1.0740e-01    -0.0749   101.8905     6.5429     6.7778    34.5271    34.5270    27.4900    27.4904    7.43439 0.0000e+00
       8835    286.965     3.1902     3.1847   3.157197   3.156720     1.9460     2.3372      8.005     0.7299     2.6351 1.0740e-01    -0.0756   101.9086     6.5383     6.7777    34.5271    34.5271    27.4900    27.4905    7.43426 0.0000e+00
       8838    287.046     3.1889     3.1849   3.156934   3.156716     1.9452     2.3372      8.005     0.7299     2.6351 1.0740e-01    -0.0756   101.9086     6.5372     6.7789    34.5252    34.5268    27.4886    27.4902    7.43460 0.0000e+00
       8841    287.123     3.1845     3.1844   3.156465   3.156653     1.9452     2.3360      8.005     0.7299     2.6351 1.0752e-01    -0.0753   101.8995     6.5365     6.7721    34.5242    34.5266    27.4882    27.4901    7.43546 0.0000e+00
       8844    287.199     3.1843     3.1843   3.156499   3.156650     1.9464     2.3360      8.005     0.7299     2.6351 1.0727e-01    -0.0760   101.9176     6.5432     6.7705    34.5247    34.5266    27.4886    27.4901    7.43547 0.0000e+00
       8847    287.274     3.1848     3.1838   3.156579   3.156558     1.9452     2.3360      8.005     0.7087     2.6351 1.0740e-01    -0.0753   101.8995     6.5384     6.7709    34.5252    34.5259    27.4889    27.4896    7.43536 0.0000e+00
       8850    287.353     3.1842     3.1818   3.156519   3.156321     1.9460     2.3360      8.005     0.6875     2.6351 1.0740e-01    -0.0742   101.8724     6.5430     6.7706    34.5251    34.5252    27.4889    27.4892    7.43548 0.0000e+00
       8853    287.432     3.1855     3.1829   3.156678   3.156555     1.9456     2.3360      8.005     0.6981     2.6746 1.0727e-01    -0.0738   101.8634     6.5405     6.7723    34.5255    34.5268    27.4892    27.4904    7.43521 0.0000e+00
       8856    287.513     3.1864     3.1841   3.156854   3.156666     1.9456     2.3356      8.005     0.7087     4.3722 1.0740e-01    -0.0738   101.8634     6.5404     6.7708    34.5267    34.5268    27.4900    27.4903    7.43498 0.0000e+00
       8859    287.595     3.1881     3.1844   3.157012   3.156675     1.9452     2.3352      8.005     0.6770     4.5301 1.0727e-01    -0.0738   101.8634     6.5410     6.7718    34.5267    34.5265    27.4898    27.4900    7.43466 0.0000e+00
       8862    287.682     3.1884     3.1847   3.156989   3.156743     1.9456     2.3360      8.005     0.6981     4.5301 1.0727e-01    -0.0738   101.8634     6.5432     6.7768    34.5261    34.5270    27.4893    27.4904    7.43464 0.0000e+00
       8865    287.773     3.1871     3.1856   3.156827   3.156823     1.9452     2.3348      8.005     0.6875     4.5301 1.0752e-01    -0.0738   101.8634     6.5413     6.7738    34.5254    34.5270    27.4889    27.4903    7.43492 0.0000e+00
       8868    287.863     3.1875     3.1847   3.156909   3.156661     1.9456     2.3348      8.005     0.6875     4.5301 1.0740e-01    -0.0738   101.8634     6.5441     6.7741    34.5259    34.5259    27.4893    27.4896    7.43481 0.0000e+00
       8871    287.956     3.1891     3.1834   3.157084   3.156570     1.9448     2.3352      8.005     0.6875     4.5301 1.0727e-01    -0.0767   101.9357     6.5437     6.7781    34.5263    34.5261    27.4894    27.4899    7.43449 0.0000e+00
       8874    288.052     3.1891     3.1842   3.157082   3.156656     1.9460     2.3348      8.005     0.7299     4.5301 1.0740e-01    -0.0770   101.9448     6.5482     6.7787    34.5262    34.5263    27.4894    27.4899    7.43450 0.0000e+00
       8877    288.150     3.1886     3.1830   3.156960   3.156504     1.9452     2.3360      8.005     0.7299     4.5301 1.0740e-01    -0.0770   101.9448     6.5460     6.7850    34.5252    34.5257    27.4886    27.4895    7.43464 0.0000e+00
       8880    288.252     3.1859     3.1824   3.156649   3.156463     1.9452     2.3348      8.005     0.7299     4.6091 1.0727e-01    -0.0770   101.9448     6.5471     6.7834    34.5243    34.5258    27.4882    27.4896    7.43520 0.0000e+00
       8883    288.360     3.1867     3.1800   3.156912   3.156098     1.9452     2.3356      8.005     0.7299     5.0038 1.0740e-01    -0.0770   101.9448     6.5484     6.7859    34.5266    34.5239    27.4899    27.4883    7.43493 0.0000e+00
       8886    288.469     3.1875     3.1786   3.156935   3.156118     1.9456     2.3348      8.005     0.7405     5.0038 1.0740e-01    -0.0770   101.9448     6.5497     6.7832    34.5260    34.5255    27.4893    27.4898    7.43482 0.0000e+00
