Datasets/AZMP/TEL210/tel210_2020_140.cnv
* Sea-Bird SBE 9 Data File:
* FileName = C:\CTDDATA\tel210_2020_140.hex
* Software Version Seasave V 7.26.7.110
* Temperature SN = 1697
* Conductivity SN = 4216
* Number of Bytes Per Scan = 30
* Number of Voltage Words = 4
* Number of Scans Averaged by the Deck Unit = 1
* NMEA baud rate = 4800
** VESSEL/TRIP/SEQ STN:  tel210_2020_140
** LATITUDE XX XX.XX: 47 40.80 N
** LONGITUDE XX XX.XX: 051 52.80 W
** SOUNDING DEPTH (M): 0186
** PROBE TYPE: S1146
** CTD NUMBER: 081
** COMMENTS (14 CHAR): S27-04
** BOTTLES:
** LEVELS:
** STICKERS:
** VNET: N
** DO2: N
# nquan = 22
# nvalues = 3588                        
# units = specified
# name 0 = scan: Scan Count
# name 1 = prDM: Pressure, Digiquartz [db]
# name 2 = t090C: Temperature [ITS-90, deg C]
# name 3 = t190C: Temperature, 2 [ITS-90, deg C]
# name 4 = c0S/m: Conductivity [S/m]
# name 5 = c1S/m: Conductivity, 2 [S/m]
# name 6 = sbeox0V: Oxygen raw, SBE 43 [V]
# name 7 = sbeox1V: Oxygen raw, SBE 43, 2 [V]
# name 8 = ph: pH
# name 9 = flECO-AFL: Fluorescence, WET Labs ECO-AFL/FL [mg/m^3]
# name 10 = wetCDOM: Fluorescence, WET Labs CDOM [mg/m^3]
# name 11 = par/sat/log: PAR/Logarithmic, Satlantic [umol photons/m^2/sec]
# name 12 = CStarAt0: Beam Attenuation, WET Labs C-Star [1/m]
# name 13 = CStarTr0: Beam Transmission, WET Labs C-Star [%]
# name 14 = sbeox0ML/L: Oxygen, SBE 43 [ml/l], WS = 2
# name 15 = sbeox1ML/L: Oxygen, SBE 43, 2 [ml/l], WS = 2
# name 16 = sal00: Salinity, Practical [PSU]
# name 17 = sal11: Salinity, Practical, 2 [PSU]
# name 18 = sigma-t00: Density [sigma-t, kg/m^3 ]
# name 19 = sigma-t11: Density, 2 [sigma-t, kg/m^3 ]
# name 20 = oxsatML/L: Oxygen Saturation, Weiss [ml/l]
# name 21 = flag: flag
# span 0 =          6,      11919       
# span 1 =      0.160,    182.257       
# span 2 =    -1.3782,    13.2443       
# span 3 =    -1.3842,    13.2408       
# span 4 =   2.624500,   3.745650       
# span 5 =   2.624149,   3.745241       
# span 6 =     1.8864,     2.5347       
# span 7 =     2.2575,     3.0525       
# span 8 =      7.867,      8.249       
# span 9 =     0.6558,     5.2590       
# span 10 =    -2.8130,   482.1870      
# span 11 = 1.0703e-01, 2.1121e+01      
# span 12 =    -0.1477,     0.6255      
# span 13 =    85.5224,   103.7624      
# span 14 =     6.1434,     9.3218      
# span 15 =     6.0644,     9.7131      
# span 16 =    31.3683,    33.4102      
# span 17 =    31.4351,    33.4147      
# span 18 =    23.5456,    26.8290      
# span 19 =    23.6005,    26.8343      
# span 20 =    6.02595,    8.47776      
# span 21 = 0.0000e+00, 0.0000e+00      
# interval = scans: 3                   
# start_time = Jul 30 2020 22:16:18 [System UTC, header]
# bad_flag = -9.990e-29
*END*
[from data line 1910]
       6624    170.865    -0.1913    -0.1567   2.774444   2.778191     1.8941     2.2661      7.880     0.7722     1.0559 1.0715e-01     0.0370    99.0781     6.9786     7.1750    33.3935    33.4054    26.8185    26.8265    8.17541 0.0000e+00
       6627    170.737    -0.1899    -0.1565   2.774744   2.778019     1.8941     2.2661      7.879     0.7616     0.6612 1.0715e-01     0.0363    99.0962     6.9808     7.1772    33.3960    33.4030    26.8204    26.8246    8.17497 0.0000e+00
       6630    170.611    -0.1848    -0.1661   2.774904   2.776373     1.8949     2.2665      7.881     0.7722     0.6217 1.0715e-01     0.0370    99.0781     6.9853     7.1848    33.3927    33.3917    26.8175    26.8158    8.17404 0.0000e+00
       6633    170.488    -0.1891    -0.1711   2.774183   2.776469     1.8953     2.2673      7.880     0.7722     0.6217 1.0715e-01     0.0319    99.2047     6.9877     7.1915    33.3879    33.3985    26.8138    26.8216    8.17525 0.0000e+00
       6636    170.365    -0.1941    -0.1722   2.773816   2.776211     1.8962     2.2677      7.882     0.7616     0.6217 1.0715e-01     0.0247    99.3856     6.9953     7.1966    33.3885    33.3964    26.8146    26.8199    8.17630 0.0000e+00
       6639    170.243    -0.1976    -0.1776   2.773598   2.775299     1.8970     2.2665      7.882     0.7616     0.6217 1.0715e-01     0.0243    99.3946     7.0022     7.1948    33.3896    33.3902    26.8156    26.8152    8.17702 0.0000e+00
       6642    170.126    -0.2000    -0.1859   2.773398   2.774823     1.8966     2.2686      7.882     0.7722     0.6217 1.0715e-01     0.0243    99.3946     7.0037     7.2055    33.3896    33.3931    26.8157    26.8179    8.17754 0.0000e+00
       6645    170.015    -0.2001    -0.1890   2.773419   2.774386     1.8966     2.2694      7.882     0.7616     0.6217 1.0715e-01     0.0243    99.3946     7.0026     7.2146    33.3900    33.3907    26.8161    26.8161    8.17753 0.0000e+00
       6648    169.905    -0.2005    -0.1949   2.773489   2.773625     1.8966     2.2686      7.882     0.7616     0.6217 1.0715e-01     0.0247    99.3856     6.9991     7.2159    33.3915    33.3872    26.8173    26.8135    8.17754 0.0000e+00
       6651    169.798    -0.1996    -0.2017   2.773499   2.773215     1.8982     2.2698      7.882     0.7616     0.9770 1.0715e-01     0.0247    99.3856     7.0058     7.2261    33.3907    33.3892    26.8166    26.8155    8.17739 0.0000e+00
       6654    169.697    -0.2013    -0.2053   2.773224   2.772956     1.8978     2.2698      7.882     0.7616     1.9640 1.0715e-01     0.0152    99.6207     7.0011     7.2290    33.3890    33.3898    26.8153    26.8161    8.17785 0.0000e+00
       6657    169.601    -0.2026    -0.2075   2.773224   2.772774     1.8982     2.2706      7.882     0.7616     1.9245 1.0715e-01     0.0112    99.7202     7.0007     7.2343    33.3905    33.3898    26.8166    26.8163    8.17806 0.0000e+00
       6660    169.508    -0.2007    -0.2087   2.773437   2.772720     1.8986     2.2710      7.882     0.7616     1.9245 1.0715e-01     0.0112    99.7202     7.0007     7.2366    33.3912    33.3905    26.8171    26.8169    8.17760 0.0000e+00
       6663    169.420    -0.1994    -0.2086   2.773619   2.772771     1.8994     2.2710      7.882     0.7722     1.9245 1.0715e-01     0.0116    99.7111     7.0051     7.2358    33.3924    33.3911    26.8179    26.8173    8.17726 0.0000e+00
       6666    169.339    -0.1970    -0.2087   2.773884   2.772763     1.8998     2.2722      7.882     0.7722     1.9245 1.0715e-01     0.0119    99.7021     7.0074     7.2384    33.3933    33.3912    26.8185    26.8174    8.17668 0.0000e+00
       6669    169.262    -0.1951    -0.2090   2.774093   2.772735     1.8990     2.2734      7.882     0.7722     1.9245 1.0715e-01     0.0112    99.7202     7.0019     7.2436    33.3940    33.3911    26.8191    26.8174    8.17623 0.0000e+00
       6672    169.185    -0.1962    -0.2070   2.773800   2.773079     1.8998     2.2730      7.882     0.7722     1.9245 1.0715e-01     0.0108    99.7292     7.0034     7.2419    33.3913    33.3936    26.8169    26.8192    8.17661 0.0000e+00
       6675    169.115    -0.1988    -0.2043   2.773535   2.773267     1.9006     2.2747      7.882     0.7616     1.9245 1.0715e-01     0.0032    99.9191     7.0077     7.2459    33.3907    33.3932    26.8166    26.8188    8.17721 0.0000e+00
       6678    169.047    -0.2012    -0.2020   2.773296   2.773486     1.9002     2.2747      7.882     0.7828     1.7666 1.0715e-01     0.0025    99.9372     7.0096     7.2446    33.3903    33.3936    26.8163    26.8190    8.17777 0.0000e+00
       6681    168.985    -0.2040    -0.1972   2.773110   2.774120     1.9006     2.2747      7.882     0.7616     1.6876 1.0715e-01     0.0025    99.9372     7.0119     7.2391    33.3909    33.3969    26.8169    26.8214    8.17835 0.0000e+00
       6684    168.922    -0.2040    -0.1905   2.773122   2.774804     1.9010     2.2747      7.882     0.7722     1.6876 1.0715e-01     0.0025    99.9372     7.0112     7.2353    33.3910    33.3986    26.8171    26.8225    8.17833 0.0000e+00
       6687    168.861    -0.2051    -0.1870   2.773008   2.774818     1.9014     2.2759      7.882     0.7722     1.6876 1.0715e-01     0.0025    99.9372     7.0142     7.2340    33.3908    33.3949    26.8169    26.8194    8.17859 0.0000e+00
       6690    168.798    -0.2048    -0.1876   2.773042   2.774754     1.9014     2.2759      7.882     0.7510     1.6876 1.0715e-01     0.0025    99.9372     7.0147     7.2298    33.3910    33.3948    26.8170    26.8194    8.17852 0.0000e+00
       6693    168.736    -0.2026    -0.1895   2.773253   2.774533     1.9019     2.2763      7.883     0.7722     1.6876 1.0715e-01     0.0032    99.9191     7.0188     7.2325    33.3913    33.3940    26.8173    26.8188    8.17801 0.0000e+00
       6696    168.676    -0.2039    -0.1910   2.772978   2.774345     1.9023     2.2771      7.883     0.7616     1.6876 1.0715e-01     0.0029    99.9282     7.0194     7.2343    33.3892    33.3932    26.8156    26.8182    8.17842 0.0000e+00
       6699    168.614    -0.2073    -0.1930   2.772722   2.774203     1.9031     2.2771      7.883     0.7616     1.6876 1.0715e-01     0.0025    99.9372     7.0238     7.2333    33.3895    33.3935    26.8160    26.8186    8.17914 0.0000e+00
       6702    168.552    -0.2105    -0.1924   2.772415   2.774328     1.9035     2.2779      7.885     0.7616     1.6876 1.0715e-01     0.0029    99.9282     7.0262     7.2389    33.3890    33.3946    26.8157    26.8194    8.17987 0.0000e+00
       6705    168.487    -0.2118    -0.1939   2.772548   2.774048     1.9031     2.2775      7.882     0.7616     3.3062 1.0715e-01     0.0025    99.9372     7.0227     7.2385    33.3923    33.3925    26.8184    26.8178    8.17998 0.0000e+00
       6708    168.418    -0.2101    -0.1974   2.772574   2.773695     1.9035     2.2779      7.885     0.7722     3.5826 1.0715e-01     0.0029    99.9282     7.0220     7.2373    33.3907    33.3917    26.8171    26.8173    8.17968 0.0000e+00
       6711    168.343    -0.2081    -0.2007   2.772867   2.773432     1.9039     2.2779      7.883     0.7510     3.5826 1.0715e-01     0.0025    99.9372     7.0235     7.2348    33.3924    33.3919    26.8184    26.8176    8.17914 0.0000e+00
       6714    168.266    -0.2054    -0.2021   2.772930   2.773297     1.9039     2.2792      7.883     0.7722     3.5826 1.0715e-01    -0.0004   100.0096     7.0186     7.2410    33.3904    33.3917    26.8167    26.8175    8.17868 0.0000e+00
       6717    168.186    -0.2079    -0.2026   2.772611   2.773309     1.9047     2.2796      7.886     0.7722     3.5826 1.0715e-01    -0.0047   100.1181     7.0200     7.2414    33.3890    33.3925    26.8156    26.8182    8.17930 0.0000e+00
       6720    168.099    -0.2098    -0.2010   2.772654   2.773592     1.9047     2.2792      7.886     0.7510     3.5826 1.0715e-01    -0.0044   100.1090     7.0194     7.2383    33.3917    33.3945    26.8179    26.8197    8.17956 0.0000e+00
       6723    168.009    -0.2084    -0.1964   2.772715   2.774095     1.9047     2.2800      7.886     0.7616     3.5826 1.0715e-01    -0.0047   100.1181     7.0196     7.2402    33.3910    33.3962    26.8172    26.8209    8.17929 0.0000e+00
       6726    167.914    -0.2088    -0.1943   2.772503   2.774172     1.9055     2.2808      7.886     0.7722     3.5826 1.0715e-01    -0.0047   100.1181     7.0252     7.2421    33.3887    33.3949    26.8154    26.8198    8.17952 0.0000e+00
       6729    167.811    -0.2082    -0.1943   2.772566   2.774154     1.9055     2.2808      7.886     0.7722     3.8590 1.0715e-01    -0.0047   100.1181     7.0248     7.2397    33.3889    33.3947    26.8156    26.8196    8.17937 0.0000e+00
       6732    167.701    -0.2083    -0.1944   2.772660   2.774185     1.9051     2.2796      7.886     0.7616     5.4776 1.0715e-01    -0.0040   100.1000     7.0178     7.2324    33.3903    33.3953    26.8167    26.8201    8.17931 0.0000e+00
       6735    167.590    -0.2069    -0.1932   2.772800   2.774255     1.9064     2.2808      7.886     0.7616     5.4776 1.0715e-01    -0.0014   100.0367     7.0206     7.2359    33.3907    33.3950    26.8169    26.8198    8.17898 0.0000e+00
       6738    167.471    -0.2066    -0.1947   2.772831   2.773739     1.9051     2.2820      7.885     0.7616     5.4776 1.0715e-01    -0.0007   100.0186     7.0132     7.2410    33.3909    33.3899    26.8170    26.8157    8.17891 0.0000e+00
       6741    167.347    -0.2057    -0.2003   2.772858   2.773012     1.9059     2.2812      7.886     0.7616     5.4776 1.0715e-01    -0.0007   100.0186     7.0216     7.2421    33.3903    33.3865    26.8165    26.8132    8.17874 0.0000e+00
       6744    167.220    -0.2069    -0.2073   2.772766   2.772503     1.9072     2.2820      7.886     0.7722     5.4776 1.0715e-01    -0.0007   100.0186     7.0295     7.2484    33.3905    33.3874    26.8168    26.8143    8.17900 0.0000e+00
       6747    167.090    -0.2080    -0.2109   2.772487   2.772425     1.9072     2.2820      7.886     0.7510     5.4776 1.0715e-01    -0.0007   100.0186     7.0291     7.2483    33.3881    33.3905    26.8149    26.8169    8.17938 0.0000e+00
       6750    166.962    -0.2118    -0.2105   2.772055   2.772578     1.9072     2.2820      7.885     0.7722     5.4776 1.0715e-01    -0.0007   100.0186     7.0250     7.2504    33.3865    33.3921    26.8138    26.8182    8.18028 0.0000e+00
       6753    166.830    -0.2166    -0.2087   2.771511   2.772665     1.9063     2.2820      7.886     0.7616     5.4776 1.0715e-01    -0.0004   100.0096     7.0211     7.2534    33.3847    33.3914    26.8125    26.8175    8.18145 0.0000e+00
       6756    166.691    -0.2225    -0.2131   2.771017   2.771556     1.9068     2.2824      7.886     0.7616     4.6880 1.0715e-01     0.0003    99.9915     7.0248     7.2572    33.3847    33.3816    26.8128    26.8098    8.18274 0.0000e+00
       6759    166.545    -0.2252    -0.2235   2.770834   2.770791     1.9068     2.2841      7.886     0.7722     3.4247 1.0715e-01     0.0003    99.9915     7.0251     7.2644    33.3853    33.3828    26.8134    26.8113    8.18330 0.0000e+00
       6762    166.403    -0.2264    -0.2290   2.770753   2.770569     1.9084     2.2836      7.885     0.7510     3.4642 1.0715e-01     0.0007    99.9824     7.0329     7.2651    33.3856    33.3859    26.8137    26.8141    8.18354 0.0000e+00
       6765    166.260    -0.2273    -0.2307   2.770730   2.770461     1.9088     2.2845      7.886     0.7616     3.4642 1.0715e-01     0.0003    99.9915     7.0349     7.2689    33.3863    33.3865    26.8143    26.8146    8.18369 0.0000e+00
       6768    166.113    -0.2277    -0.2318   2.770657   2.770396     1.9084     2.2845      7.886     0.7616     3.4642 1.0715e-01     0.0003    99.9915     7.0331     7.2683    33.3859    33.3869    26.8140    26.8150    8.18380 0.0000e+00
       6771    165.971    -0.2287    -0.2324   2.770590   2.770361     1.9080     2.2845      7.886     0.7722     3.4642 1.0715e-01     0.0003    99.9915     7.0338     7.2680    33.3861    33.3872    26.8143    26.8153    8.18400 0.0000e+00
       6774    165.830    -0.2289    -0.2331   2.770540   2.770287     1.9072     2.2853      7.886     0.7722     3.4642 1.0715e-01     0.0010    99.9734     7.0308     7.2696    33.3858    33.3871    26.8140    26.8152    8.18406 0.0000e+00
       6777    165.691    -0.2294    -0.2337   2.770515   2.770230     1.9088     2.2857      7.886     0.7616     3.4642 1.0715e-01     0.0021    99.9462     7.0355     7.2680    33.3862    33.3871    26.8143    26.8152    8.18416 0.0000e+00
       6780    165.553    -0.2299    -0.2339   2.770427   2.770216     1.9088     2.2857      7.886     0.7616     3.4642 1.0715e-01     0.0021    99.9462     7.0328     7.2622    33.3856    33.3872    26.8139    26.8153    8.18431 0.0000e+00
       6783    165.412    -0.2306    -0.2340   2.770328   2.770169     1.9088     2.2861      7.886     0.7722     1.1744 1.0727e-01     0.0025    99.9372     7.0295     7.2602    33.3851    33.3868    26.8135    26.8150    8.18448 0.0000e+00
       6786    165.276    -0.2319    -0.2348   2.770266   2.770135     1.9092     2.2865      7.884     0.7616    -0.0100 1.0715e-01     0.0018    99.9553     7.0275     7.2622    33.3857    33.3873    26.8141    26.8154    8.18472 0.0000e+00
       6789    165.140    -0.2319    -0.2347   2.770270   2.770150     1.9104     2.2861      7.887     0.7616     0.0295 1.0715e-01     0.0018    99.9553     7.0375     7.2596    33.3860    33.3874    26.8142    26.8156    8.18472 0.0000e+00
       6792    165.008    -0.2322    -0.2352   2.770195   2.770037     1.9096     2.2869      7.887     0.7616     0.0295 1.0715e-01     0.0018    99.9553     7.0379     7.2631    33.3854    33.3865    26.8138    26.8149    8.18482 0.0000e+00
       6795    164.878    -0.2334    -0.2350   2.770090   2.770162     1.9100     2.2869      7.887     0.7828     0.0295 1.0715e-01    -0.0026   100.0638     7.0383     7.2639    33.3854    33.3880    26.8139    26.8161    8.18509 0.0000e+00
       6798    164.753    -0.2340    -0.2343   2.770075   2.770170     1.9096     2.2873      7.887     0.7616     0.0295 1.0727e-01    -0.0072   100.1814     7.0294     7.2627    33.3859    33.3875    26.8143    26.8156    8.18518 0.0000e+00
       6801    164.634    -0.2342    -0.2343   2.770051   2.770170     1.9092     2.2869      7.887     0.7722     0.0295 1.0715e-01    -0.0069   100.1723     7.0227     7.2589    33.3858    33.3876    26.8142    26.8156    8.18522 0.0000e+00
       6804    164.519    -0.2344    -0.2350   2.770065   2.770055     1.9104     2.2869      7.885     0.7722     0.0295 1.0715e-01    -0.0072   100.1814     7.0290     7.2586    33.3863    33.3869    26.8147    26.8151    8.18525 0.0000e+00
       6807    164.405    -0.2338    -0.2359   2.770128   2.769970     1.9100     2.2877      7.887     0.7722    -0.0495 1.0715e-01    -0.0069   100.1723     7.0258     7.2596    33.3865    33.3868    26.8148    26.8151    8.18510 0.0000e+00
       6810    164.297    -0.2323    -0.2365   2.770278   2.769952     1.9100     2.2881      7.887     0.7616    -1.7076 1.0715e-01    -0.0072   100.1814     7.0253     7.2619    33.3869    33.3872    26.8151    26.8155    8.18474 0.0000e+00
       6813    164.199    -0.2313    -0.2365   2.770314   2.769967     1.9112     2.2881      7.887     0.7616    -1.8260 1.0715e-01    -0.0065   100.1633     7.0319     7.2606    33.3864    33.3876    26.8146    26.8158    8.18456 0.0000e+00
       6816    164.103    -0.2310    -0.2364   2.770291   2.769961     1.9112     2.2889      7.887     0.7934    -1.7866 1.0715e-01    -0.0119   100.2989     7.0347     7.2626    33.3858    33.3874    26.8141    26.8156    8.18452 0.0000e+00
