Datasets/AZMP/TEL210/tel210_2020_011.cnv
* Sea-Bird SBE 9 Data File:
* FileName = C:\CTDDATA\tel210_2020_011.hex
* Software Version Seasave V 7.26.7.110
* Temperature SN = 1697
* Conductivity SN = 4216
* Number of Bytes Per Scan = 30
* Number of Voltage Words = 4
* Number of Scans Averaged by the Deck Unit = 1
* NMEA baud rate = 4800
** VESSEL/TRIP/SEQ STN:  tel210_2020_011
** LATITUDE XX XX.XX: 47 00.00 N
** LONGITUDE XX XX.XX: 050 00.00 W
** SOUNDING DEPTH (M): 0084
** PROBE TYPE: S1146
** CTD NUMBER: 010
** COMMENTS (14 CHAR): FC-09
** BOTTLES:  7
** LEVELS: 5,10,20,30,40,50,75
** STICKERS: 435805 - 435811
** VNET: Y
** DO2: N
# nquan = 22
# nvalues = 1791                        
# units = specified
# name 0 = scan: Scan Count
# name 1 = prDM: Pressure, Digiquartz [db]
# name 2 = t090C: Temperature [ITS-90, deg C]
# name 3 = t190C: Temperature, 2 [ITS-90, deg C]
# name 4 = c0S/m: Conductivity [S/m]
# name 5 = c1S/m: Conductivity, 2 [S/m]
# name 6 = sbeox0V: Oxygen raw, SBE 43 [V]
# name 7 = sbeox1V: Oxygen raw, SBE 43, 2 [V]
# name 8 = ph: pH
# name 9 = flECO-AFL: Fluorescence, WET Labs ECO-AFL/FL [mg/m^3]
# name 10 = wetCDOM: Fluorescence, WET Labs CDOM [mg/m^3]
# name 11 = par/sat/log: PAR/Logarithmic, Satlantic [umol photons/m^2/sec]
# name 12 = CStarAt0: Beam Attenuation, WET Labs C-Star [1/m]
# name 13 = CStarTr0: Beam Transmission, WET Labs C-Star [%]
# name 14 = sbeox0ML/L: Oxygen, SBE 43 [ml/l], WS = 2
# name 15 = sbeox1ML/L: Oxygen, SBE 43, 2 [ml/l], WS = 2
# name 16 = sal00: Salinity, Practical [PSU]
# name 17 = sal11: Salinity, Practical, 2 [PSU]
# name 18 = sigma-t00: Density [sigma-t, kg/m^3 ]
# name 19 = sigma-t11: Density, 2 [sigma-t, kg/m^3 ]
# name 20 = oxsatML/L: Oxygen Saturation, Weiss [ml/l]
# name 21 = flag: flag
# span 0 =         24,      27737       
# span 1 =      1.825,     81.631       
# span 2 =     1.5750,    10.9465       
# span 3 =     1.5672,    10.9420       
# span 4 =   2.874833,   3.644891       
# span 5 =   2.874213,   3.644329       
# span 6 =     1.7243,     2.3702       
# span 7 =     2.0747,     2.8945       
# span 8 =      7.779,      8.130       
# span 9 =    -0.4188,     2.4404       
# span 10 =    -2.8130,   482.1870      
# span 11 = 1.0617e-01, 4.6957e-01      
# span 12 =    -0.0845,     0.0568      
# span 13 =    98.5898,   102.1347      
# span 14 =     5.7239,     7.6973      
# span 15 =     5.9900,     8.0749      
# span 16 =    32.4392,    32.8570      
# span 17 =    32.4497,    32.8574      
# span 18 =    24.8018,    26.2845      
# span 19 =    24.8009,    26.2849      
# span 20 =    6.28921,    7.83319      
# span 21 = 0.0000e+00, 0.0000e+00      
# interval = scans: 3                   
# start_time = Jul 16 2020 01:17:05 [System UTC, header]
# bad_flag = -9.990e-29
*END*
[from data line 1581]
      19524     20.269     9.7081    10.7895   3.542631   3.633715     2.3319     2.8017      8.061     0.3850   481.3184 1.0715e-01     0.0167    99.5845     6.7559     6.7235    32.5410    32.4891    25.0803    24.8577    6.45927 0.0000e+00
      19527     20.218     9.8861    10.7651   3.560907   3.631355     2.3323     2.7976      8.062     0.4257   481.3184 1.0715e-01     0.0163    99.5935     6.7263     6.7247    32.5662    32.4874    25.0708    24.8605    6.43282 0.0000e+00
      19530     20.176    10.1327    10.7639   3.579016   3.631988     2.3303     2.7964      8.060     0.4257   481.3184 1.0715e-01     0.0167    99.5845     6.6806     6.7298    32.5277    32.4948    24.9998    24.8665    6.39942 0.0000e+00
      19533     20.134    10.2267    10.7973   3.584050   3.633990     2.3291     2.7939      8.059     0.4359   481.2790 1.0715e-01     0.0167    99.5845     6.6594     6.7260    32.4941    32.4850    24.9578    24.8531    6.38753 0.0000e+00
      19536     20.093    10.3255    10.8007   3.593814   3.634055     2.3266     2.7899      8.059     0.4257   481.3579 1.0715e-01     0.0167    99.5845     6.6308     6.7201    32.5040    32.4826    24.9489    24.8507    6.37329 0.0000e+00
      19539     20.057    10.4252    10.7992   3.601515   3.633654     2.3254     2.7886      8.059     0.4257   481.3579 1.0715e-01     0.0167    99.5845     6.6083     6.7233    32.4921    32.4800    24.9227    24.8489    6.35983 0.0000e+00
      19542     20.030    10.5298    10.7694   3.613849   3.630512     2.3246     2.7886      8.058     0.4359   481.3579 1.0715e-01     0.0167    99.5845     6.5863     6.7346    32.5223    32.4752    24.9284    24.8504    6.34407 0.0000e+00
      19604     20.004    10.7287    10.8020   3.628243   3.633840     2.2994     2.7703      8.057     0.3545   481.3184 1.0715e-01     0.0167    99.5845     6.5251     6.7520    32.4888    32.4794    24.8679    24.8479    6.31791 0.0000e+00
      19637     19.968    10.7803    10.7871   3.632666   3.632380     2.2863     2.7622      8.056     0.3239   398.1756 1.0715e-01     0.0167    99.5845     6.5023     6.7668    32.4870    32.4781    24.8577    24.8495    6.31087 0.0000e+00
      19640     19.924    10.7805    10.7819   3.632633   3.632530     2.2872     2.7634      8.056     0.3341     5.5566 1.0715e-01     0.0167    99.5845     6.5071     6.7708    32.4865    32.4842    24.8572    24.8552    6.31086 0.0000e+00
      19643     19.879    10.7839    10.7886   3.632998   3.632877     2.2872     2.7626      8.057     0.3239     3.6615 1.0715e-01     0.0167    99.5845     6.5080     6.7671    32.4871    32.4817    24.8571    24.8521    6.31036 0.0000e+00
      19646     19.831    10.7879    10.8208   3.633393   3.635185     2.2868     2.7622      8.056     0.3138     4.6091 1.0715e-01     0.0167    99.5845     6.5065     6.7621    32.4876    32.4762    24.8567    24.8422    6.30980 0.0000e+00
      19649     19.790    10.7915    10.8430   3.633588   3.636034     2.2859     2.7610      8.056     0.3239     4.5301 1.0715e-01     0.0167    99.5845     6.5029     6.7573    32.4863    32.4649    24.8552    24.8295    6.30936 0.0000e+00
      19652     19.742    10.7886    10.8383   3.633351   3.635962     2.2859     2.7622      8.057     0.3239     4.5301 1.0715e-01     0.0163    99.5935     6.5052     6.7633    32.4865    32.4684    24.8558    24.8330    6.30974 0.0000e+00
      19655     19.691    10.7930    10.8345   3.633688   3.636544     2.2859     2.7614      8.057     0.3341     4.5301 1.0715e-01     0.0156    99.6116     6.5057     6.7614    32.4860    32.4776    24.8547    24.8408    6.30916 0.0000e+00
      19658     19.640    10.8023    10.8424   3.634475   3.636649     2.2859     2.7618      8.057     0.3341     4.5301 1.0715e-01     0.0156    99.6116     6.5050     6.7626    32.4856    32.4716    24.8527    24.8348    6.30790 0.0000e+00
      19661     19.591    10.8128    10.8418   3.635121   3.636690     2.2855     2.7610      8.057     0.3341     4.5301 1.0715e-01     0.0156    99.6116     6.5023     6.7594    32.4827    32.4726    24.8486    24.8357    6.30657 0.0000e+00
      19664     19.547    10.8210    10.8392   3.635641   3.636305     2.2847     2.7610      8.057     0.3341     4.2932 1.0715e-01     0.0156    99.6116     6.4975     6.7603    32.4806    32.4710    24.8456    24.8349    6.30553 0.0000e+00
      19667     19.506    10.8226    10.8347   3.635646   3.635947     2.2851     2.7610      8.057     0.3239     3.9379 1.0715e-01     0.0156    99.6116     6.4991     6.7628    32.4793    32.4715    24.8443    24.8361    6.30536 0.0000e+00
      19670     19.463    10.8178    10.8343   3.635214   3.636076     2.2839     2.7618      8.057     0.3443     3.9379 1.0715e-01     0.0156    99.6116     6.4968     6.7660    32.4792    32.4731    24.8450    24.8374    6.30602 0.0000e+00
      19673     19.426    10.8225    10.8338   3.635539   3.636096     2.2843     2.7614      8.055     0.3239     3.9379 1.0715e-01     0.0167    99.5845     6.4987     6.7652    32.4783    32.4738    24.8435    24.8380    6.30542 0.0000e+00
      19676     19.397    10.8213    10.8325   3.635394   3.635838     2.2843     2.7610      8.057     0.3341     3.9379 1.0715e-01     0.0177    99.5574     6.4998     6.7643    32.4779    32.4724    24.8434    24.8372    6.30559 0.0000e+00
      20094     19.374    10.8583    10.8628   3.638134   3.637813     2.2827     2.7638      8.061     0.3138   163.0779 1.0715e-01     0.0170    99.5755     6.4916     6.7652    32.4723    32.4651    24.8326    24.8262    6.30074 0.0000e+00
      20927     19.318    10.9254    10.9164   3.642712   3.641859     2.2798     2.7683      8.075     0.2731   481.3579 1.0715e-01     0.0160    99.6026     6.4759     6.7637    32.4584    32.4578    24.8100    24.8112    6.29212 0.0000e+00
      20930     19.245    10.9236    10.9141   3.642481   3.641666     2.2806     2.7687      8.075     0.2833   481.3579 1.0715e-01     0.0156    99.6116     6.4795     6.7673    32.4577    32.4580    24.8098    24.8117    6.29239 0.0000e+00
      20933     19.181    10.9180    10.9118   3.642135   3.641580     2.2798     2.7687      8.075     0.2833   481.3579 1.0703e-01     0.0156    99.6116     6.4772     6.7697    32.4593    32.4592    24.8120    24.8131    6.29309 0.0000e+00
      20936     19.138    10.9161    10.9127   3.642111   3.641700     2.2790     2.7683      8.075     0.2731   481.3184 1.0715e-01     0.0156    99.6116     6.4751     6.7705    32.4607    32.4597    24.8135    24.8132    6.29329 0.0000e+00
      21073     19.079    10.9279    10.9259   3.643047   3.642553     2.2798     2.7683      8.077     0.1917     5.1223 1.0715e-01     0.0156    99.6116     6.4819     6.7692    32.4596    32.4564    24.8105    24.8084    6.29173 0.0000e+00
      21076     18.999    10.9338    10.9261   3.643422   3.642575     2.2802     2.7679      8.075     0.1917     5.1223 1.0715e-01     0.0156    99.6116     6.4822     6.7693    32.4581    32.4565    24.8083    24.8084    6.29098 0.0000e+00
      21079     18.940    10.9351    10.9265   3.643468   3.642593     2.2802     2.7683      8.077     0.1815     6.8989 1.0715e-01     0.0156    99.6116     6.4824     6.7711    32.4574    32.4563    24.8076    24.8082    6.29082 0.0000e+00
      21527     18.888    10.9180    10.9159   3.642275   3.641945     2.2802     2.7703      8.082     0.2120     2.4772 1.0715e-01     0.0156    99.6116     6.4851     6.7771    32.4607    32.4594    24.8131    24.8124    6.29303 0.0000e+00
      21753     18.770    10.9123    10.9128   3.641911   3.641631     2.2798     2.7716      8.085     0.2120     0.1479 1.0715e-01     0.0160    99.6026     6.4849     6.7813    32.4622    32.4590    24.8153    24.8127    6.29375 0.0000e+00
      21756     18.642    10.9136    10.9114   3.641950   3.641518     2.2806     2.7720      8.085     0.2222     0.1479 1.0715e-01     0.0156    99.6116     6.4881     6.7849    32.4615    32.4592    24.8145    24.8130    6.29360 0.0000e+00
      21759     18.512    10.9136    10.9117   3.641945   3.641553     2.2806     2.7720      8.083     0.2120     5.2012 1.0715e-01     0.0156    99.6116     6.4874     6.7871    32.4615    32.4594    24.8145    24.8132    6.29360 0.0000e+00
      21762     18.391    10.9137    10.9118   3.641948   3.641544     2.2802     2.7711      8.085     0.2222     7.6095 1.0715e-01     0.0156    99.6116     6.4866     6.7856    32.4615    32.4592    24.8145    24.8131    6.29359 0.0000e+00
      21765     18.273    10.9134    10.9119   3.641932   3.641571     2.2810     2.7707      8.085     0.2222     7.4910 1.0715e-01     0.0163    99.5935     6.4897     6.7858    32.4617    32.4595    24.8147    24.8132    6.29362 0.0000e+00
      21768     18.163    10.9136    10.9113   3.641921   3.641511     2.2798     2.7711      8.083     0.2120     7.4910 1.0715e-01     0.0160    99.6026     6.4848     6.7885    32.4615    32.4594    24.8145    24.8133    6.29361 0.0000e+00
      21771     18.060    10.9137    10.9115   3.641918   3.641560     2.2802     2.7720      8.085     0.2018     7.4910 1.0715e-01     0.0163    99.5935     6.4861     6.7930    32.4614    32.4597    24.8144    24.8135    6.29360 0.0000e+00
      21774     17.964    10.9140    10.9120   3.641960   3.641530     2.2802     2.7720      8.083     0.2324     7.4910 1.0715e-01     0.0156    99.6116     6.4850     6.7953    32.4615    32.4591    24.8145    24.8129    6.29354 0.0000e+00
      21777     17.875    10.9147    10.9118   3.642013   3.641516     2.2806     2.7720      8.085     0.2731     7.4910 1.0715e-01     0.0156    99.6116     6.4875     6.7970    32.4616    32.4592    24.8143    24.8130    6.29345 0.0000e+00
      21780     17.797    10.9144    10.9112   3.641979   3.641528     2.2802     2.7720      8.085     0.2731     7.4910 1.0715e-01     0.0156    99.6116     6.4857     6.7985    32.4614    32.4598    24.8143    24.8136    6.29349 0.0000e+00
      21783     17.732    10.9144    10.9111   3.641972   3.641518     2.2806     2.7728      8.085     0.2934    22.5325 1.0715e-01     0.0156    99.6116     6.4886     6.8022    32.4614    32.4599    24.8143    24.8137    6.29350 0.0000e+00
      21786     17.676    10.9144    10.9121   3.641999   3.641569     2.2798     2.7720      8.085     0.2731   438.1284 1.0715e-01     0.0156    99.6116     6.4868     6.8007    32.4617    32.4595    24.8145    24.8132    6.29348 0.0000e+00
      21789     17.630    10.9146    10.9128   3.641983   3.641607     2.2810     2.7732      8.085     0.2528   481.3185 1.0715e-01     0.0156    99.6116     6.4924     6.8046    32.4614    32.4592    24.8142    24.8129    6.29347 0.0000e+00
      21792     17.595    10.9143    10.9127   3.641959   3.641575     2.2802     2.7724      8.085     0.2833   481.1211 1.0715e-01     0.0160    99.6026     6.4913     6.8012    32.4614    32.4591    24.8143    24.8128    6.29351 0.0000e+00
      21816     17.530    10.9162    10.9135   3.642084   3.641644     2.2823     2.7752      8.085     0.2528   162.8410 1.0715e-01     0.0156    99.6116     6.4996     6.8068    32.4610    32.4591    24.8137    24.8126    6.29327 0.0000e+00
      21829     17.485    10.9184    10.9133   3.642233   3.641658     2.2835     2.7744      8.082     0.3138     3.5826 1.0715e-01     0.0156    99.6116     6.5017     6.8028    32.4605    32.4594    24.8129    24.8129    6.29298 0.0000e+00
      21832     17.444    10.9185    10.9132   3.642221   3.641646     2.2823     2.7756      8.085     0.3341     3.5826 1.0715e-01     0.0156    99.6116     6.4952     6.8050    32.4604    32.4594    24.8128    24.8129    6.29298 0.0000e+00
      21835     17.390    10.9175    10.9136   3.642162   3.641682     2.2823     2.7760      8.085     0.3239     3.5826 1.0715e-01     0.0167    99.5845     6.4936     6.8047    32.4608    32.4594    24.8132    24.8129    6.29310 0.0000e+00
      21838     17.318    10.9170    10.9138   3.642103   3.641658     2.2827     2.7764      8.085     0.3239     4.5696 1.0715e-01     0.0167    99.5845     6.4939     6.8041    32.4606    32.4590    24.8132    24.8125    6.29317 0.0000e+00
      21841     17.235    10.9164    10.9134   3.642099   3.641624     2.2831     2.7760      8.085     0.3239     4.7670 1.0715e-01     0.0167    99.5845     6.4949     6.8013    32.4611    32.4590    24.8137    24.8126    6.29323 0.0000e+00
      21844     17.142    10.9161    10.9128   3.642032   3.641582     2.2823     2.7768      8.085     0.3341     4.7670 1.0715e-01     0.0167    99.5845     6.4897     6.8021    32.4608    32.4592    24.8135    24.8128    6.29329 0.0000e+00
      21847     17.036    10.9158    10.9130   3.642065   3.641615     2.2827     2.7768      8.085     0.3138     4.7670 1.0715e-01     0.0167    99.5845     6.4902     6.7989    32.4614    32.4594    24.8140    24.8130    6.29330 0.0000e+00
      21850     16.921    10.9162    10.9136   3.642100   3.641633     2.2823     2.7768      8.085     0.3341     4.7670 1.0703e-01     0.0170    99.5755     6.4886     6.7959    32.4614    32.4591    24.8140    24.8126    6.29325 0.0000e+00
      21853     16.796    10.9162    10.9131   3.642069   3.641567     2.2823     2.7760      8.085     0.3239     4.7670 1.0715e-01     0.0170    99.5755     6.4885     6.7914    32.4612    32.4589    24.8138    24.8126    6.29326 0.0000e+00
      21856     16.660    10.9162    10.9128   3.642083   3.641541     2.2823     2.7756      8.085     0.3036     4.7670 1.0715e-01     0.0170    99.5755     6.4877     6.7862    32.4614    32.4590    24.8139    24.8127    6.29325 0.0000e+00
      21859     16.516    10.9172    10.9124   3.642110   3.641520     2.2827     2.7756      8.085     0.3036     4.7670 1.0715e-01     0.0167    99.5845     6.4876     6.7850    32.4608    32.4592    24.8134    24.8129    6.29314 0.0000e+00
      21862     16.363    10.9170    10.9122   3.642064   3.641492     2.2827     2.7744      8.085     0.3036     5.0828 1.0715e-01     0.0167    99.5845     6.4862     6.7804    32.4606    32.4592    24.8133    24.8129    6.29317 0.0000e+00
      21865     16.205    10.9167    10.9122   3.642055   3.641505     2.2827     2.7756      8.085     0.3036     7.2147 1.0715e-01     0.0167    99.5845     6.4855     6.7833    32.4609    32.4594    24.8135    24.8131    6.29320 0.0000e+00
      21868     16.039    10.9170    10.9130   3.642082   3.641593     2.2823     2.7744      8.085     0.3036     7.2542 1.0715e-01     0.0167    99.5845     6.4838     6.7798    32.4609    32.4596    24.8135    24.8132    6.29316 0.0000e+00
      21871     15.869    10.9186    10.9150   3.642303   3.641704     2.2823     2.7744      8.085     0.3036     7.2542 1.0715e-01     0.0167    99.5845     6.4832     6.7802    32.4618    32.4590    24.8139    24.8123    6.29291 0.0000e+00
      21874     15.700    10.9219    10.9160   3.642474   3.641744     2.2823     2.7744      8.083     0.2934     7.2542 1.0715e-01     0.0167    99.5845     6.4821     6.7812    32.4607    32.4586    24.8124    24.8118    6.29250 0.0000e+00
      21877     15.533    10.9233    10.9173   3.642549   3.641916     2.2814     2.7744      8.085     0.3036     7.2542 1.0715e-01     0.0156    99.6116     6.4779     6.7833    32.4602    32.4593    24.8118    24.8121    6.29232 0.0000e+00
      21880     15.362    10.9230    10.9197   3.642464   3.642036     2.2810     2.7728      8.085     0.2527     7.2542 1.0715e-01     0.0156    99.6116     6.4753     6.7795    32.4597    32.4584    24.8114    24.8110    6.29238 0.0000e+00
      21883     15.191    10.9231    10.9205   3.642511   3.642082     2.2819     2.7744      8.085     0.1917     7.2542 1.0715e-01     0.0156    99.6116     6.4778     6.7859    32.4601    32.4582    24.8118    24.8108    6.29235 0.0000e+00
