Datasets/AZMP/TEL210/tel210_2020_050.cnv
* Sea-Bird SBE 9 Data File:
* FileName = C:\CTDDATA\tel210_2020_050.hex
* Software Version Seasave V 7.26.7.110
* Temperature SN = 1697
* Conductivity SN = 4216
* Number of Bytes Per Scan = 30
* Number of Voltage Words = 4
* Number of Scans Averaged by the Deck Unit = 1
* NMEA baud rate = 4800
** VESSEL/TRIP/SEQ STN:  tel210_2020_050
** LATITUDE XX XX.XX: 49 22.00 N
** LONGITUDE XX XX.XX: 051 01.00 W
** SOUNDING DEPTH (M): 0337
** PROBE TYPE: S1146
** CTD NUMBER: 040
** COMMENTS (14 CHAR): BB-09
** BOTTLES:  11
** LEVELS: 5,10,20,30,40,50,75,100,150,250,BTM
** STICKERS: 436033 - 436043
** VNET: Y
** DO2: N
# nquan = 22
# nvalues = 7889                        
# units = specified
# name 0 = scan: Scan Count
# name 1 = prDM: Pressure, Digiquartz [db]
# name 2 = t090C: Temperature [ITS-90, deg C]
# name 3 = t190C: Temperature, 2 [ITS-90, deg C]
# name 4 = c0S/m: Conductivity [S/m]
# name 5 = c1S/m: Conductivity, 2 [S/m]
# name 6 = sbeox0V: Oxygen raw, SBE 43 [V]
# name 7 = sbeox1V: Oxygen raw, SBE 43, 2 [V]
# name 8 = ph: pH
# name 9 = flECO-AFL: Fluorescence, WET Labs ECO-AFL/FL [mg/m^3]
# name 10 = wetCDOM: Fluorescence, WET Labs CDOM [mg/m^3]
# name 11 = par/sat/log: PAR/Logarithmic, Satlantic [umol photons/m^2/sec]
# name 12 = CStarAt0: Beam Attenuation, WET Labs C-Star [1/m]
# name 13 = CStarTr0: Beam Transmission, WET Labs C-Star [%]
# name 14 = sbeox0ML/L: Oxygen, SBE 43 [ml/l], WS = 2
# name 15 = sbeox1ML/L: Oxygen, SBE 43, 2 [ml/l], WS = 2
# name 16 = sal00: Salinity, Practical [PSU]
# name 17 = sal11: Salinity, Practical, 2 [PSU]
# name 18 = sigma-t00: Density [sigma-t, kg/m^3 ]
# name 19 = sigma-t11: Density, 2 [sigma-t, kg/m^3 ]
# name 20 = oxsatML/L: Oxygen Saturation, Weiss [ml/l]
# name 21 = flag: flag
# span 0 =         60,      59305       
# span 1 =      0.610,    337.425       
# span 2 =     0.8629,    10.2415       
# span 3 =     0.8470,    10.2462       
# span 4 =   2.870639,   3.587852       
# span 5 =   2.869442,   3.587916       
# span 6 =     1.8970,     2.6441       
# span 7 =     2.2817,     3.2366       
# span 8 =      7.977,      8.347       
# span 9 =     0.6452,     8.6769       
# span 10 =    -2.8130,   482.1870      
# span 11 = 1.0568e-01, 8.8805e-01      
# span 12 =    -0.1383,     1.1770      
# span 13 =    74.5079,   103.5183      
# span 14 =     6.2628,     9.6207      
# span 15 =     6.5060,    10.4482      
# span 16 =    32.1724,    34.7315      
# span 17 =    32.5107,    34.7328      
# span 18 =    24.9631,    27.6381      
# span 19 =    24.9753,    27.6396      
# span 20 =    6.38423,    7.93751      
# span 21 = 0.0000e+00, 0.0000e+00      
# interval = scans: 3                   
# start_time = Jul 21 2020 00:16:26 [System UTC, header]
# bad_flag = -9.990e-29
*END*
[from data line 5926]
      24523    149.542     2.9446     2.9398   3.125447   3.125148     1.9766     2.3868      8.015     0.6875     3.2273 1.0715e-01    -0.1215   103.0842     6.5871     6.8653    34.4789    34.4803    27.4741    27.4757    7.48253 0.0000e+00
      24526    149.506     2.9453     2.9401   3.125434   3.125231     1.9775     2.3868      8.015     0.7087     4.2932 1.0715e-01    -0.1212   103.0752     6.5923     6.8672    34.4779    34.4810    27.4733    27.4762    7.48244 0.0000e+00
      24529    149.471     2.9454     2.9404   3.125465   3.125326     1.9770     2.3856      8.017     0.6981     4.7670 1.0715e-01    -0.1233   103.1294     6.5913     6.8650    34.4782    34.4818    27.4735    27.4769    7.48241 0.0000e+00
      24532    149.437     2.9454     2.9407   3.125524   3.125363     1.9770     2.3864      8.017     0.6981     4.7670 1.0715e-01    -0.1236   103.1385     6.5947     6.8678    34.4790    34.4820    27.4742    27.4770    7.48238 0.0000e+00
      24535    149.409     2.9456     2.9412   3.125583   3.125374     1.9762     2.3864      8.020     0.6981     4.7670 1.0715e-01    -0.1236   103.1385     6.5943     6.8708    34.4795    34.4817    27.4745    27.4767    7.48231 0.0000e+00
      24541    149.370     2.9472     2.9419   3.125736   3.125353     1.9762     2.3860      8.018     0.7087     4.7670 1.0715e-01    -0.1222   103.1023     6.6000     6.8723    34.4796    34.4806    27.4745    27.4758    7.48199 0.0000e+00
      24551    149.311     2.9505     2.9423   3.125994   3.125345     1.9766     2.3848      8.020     0.7616     4.3722 1.0715e-01    -0.1198   103.0390     6.6128     6.8696    34.4793    34.4801    27.4739    27.4753    7.48140 0.0000e+00
      24554    149.277     2.9515     2.9422   3.126096   3.125398     1.9758     2.3844      8.022     0.7616     3.4247 1.0715e-01    -0.1194   103.0299     6.6107     6.8668    34.4795    34.4809    27.4740    27.4759    7.48120 0.0000e+00
      24557    149.241     2.9517     2.9427   3.125954   3.125459     1.9762     2.3839      8.022     0.7510     3.4642 1.0727e-01    -0.1194   103.0299     6.6150     6.8650    34.4775    34.4811    27.4724    27.4761    7.48125 0.0000e+00
      24560    149.205     2.9514     2.9423   3.125944   3.125431     1.9758     2.3848      8.023     0.7616     3.4642 1.0715e-01    -0.1194   103.0299     6.6146     6.8707    34.4778    34.4813    27.4727    27.4762    7.48131 0.0000e+00
      24563    149.174     2.9511     2.9422   3.126017   3.125398     1.9762     2.3844      8.022     0.7616     3.4642 1.0715e-01    -0.1198   103.0390     6.6156     6.8709    34.4790    34.4810    27.4736    27.4761    7.48129 0.0000e+00
      24566    149.150     2.9516     2.9427   3.125971   3.125419     1.9770     2.3823      8.022     0.7405     3.4642 1.0715e-01    -0.1194   103.0299     6.6179     6.8648    34.4779    34.4807    27.4727    27.4758    7.48125 0.0000e+00
      24569    149.124     2.9515     2.9432   3.125911   3.125471     1.9766     2.3835      8.022     0.6876     3.4642 1.0715e-01    -0.1215   103.0842     6.6140     6.8730    34.4773    34.4809    27.4723    27.4759    7.48131 0.0000e+00
      24572    149.095     2.9512     2.9430   3.125895   3.125447     1.9770     2.3844      8.023     0.6770     3.4642 1.0715e-01    -0.1226   103.1113     6.6154     6.8775    34.4775    34.4807    27.4724    27.4757    7.48136 0.0000e+00
      24575    149.057     2.9513     2.9435   3.125914   3.125476     1.9770     2.3835      8.025     0.7087     3.4642 1.0715e-01    -0.1226   103.1113     6.6191     6.8751    34.4776    34.4807    27.4725    27.4756    7.48133 0.0000e+00
      24578    149.014     2.9513     2.9431   3.125848   3.125474     1.9758     2.3823      8.022     0.6981     1.3718 1.0715e-01    -0.1226   103.1113     6.6140     6.8722    34.4769    34.4810    27.4719    27.4760    7.48137 0.0000e+00
      24581    148.969     2.9507     2.9426   3.125839   3.125412     1.9766     2.3831      8.022     0.6981    -0.0889 1.0727e-01    -0.1226   103.1113     6.6160     6.8774    34.4774    34.4808    27.4724    27.4759    7.48146 0.0000e+00
      24584    148.923     2.9507     2.9422   3.125896   3.125343     1.9766     2.3827      8.025     0.6875     0.0295 1.0715e-01    -0.1222   103.1023     6.6142     6.8784    34.4781    34.4804    27.4730    27.4755    7.48142 0.0000e+00
      24587    148.876     2.9507     2.9424   3.125889   3.125331     1.9766     2.3827      8.023     0.7087     0.0295 1.0715e-01    -0.1219   103.0932     6.6133     6.8820    34.4781    34.4802    27.4729    27.4753    7.48143 0.0000e+00
      24590    148.828     2.9508     2.9427   3.125828   3.125342     1.9766     2.3835      8.020     0.6875     0.0295 1.0715e-01    -0.1226   103.1113     6.6134     6.8851    34.4773    34.4800    27.4723    27.4752    7.48145 0.0000e+00
      24593    148.780     2.9506     2.9424   3.125787   3.125360     1.9762     2.3848      8.025     0.7193     0.0295 1.0715e-01    -0.1222   103.1023     6.6135     6.8888    34.4770    34.4805    27.4721    27.4756    7.48150 0.0000e+00
      24596    148.733     2.9504     2.9425   3.125795   3.125330     1.9770     2.3831      8.023     0.7299     0.0295 1.0715e-01    -0.1222   103.1023     6.6184     6.8869    34.4773    34.4801    27.4723    27.4753    7.48152 0.0000e+00
      24599    148.694     2.9502     2.9430   3.125793   3.125369     1.9779     2.3827      8.023     0.7299     0.0295 1.0715e-01    -0.1226   103.1113     6.6268     6.8897    34.4775    34.4801    27.4726    27.4752    7.48154 0.0000e+00
      24602    148.649     2.9502     2.9444   3.125813   3.125441     1.9766     2.3831      8.023     0.7299     0.0295 1.0715e-01    -0.1226   103.1113     6.6239     6.8930    34.4777    34.4794    27.4727    27.4746    7.48153 0.0000e+00
      24605    148.608     2.9503     2.9460   3.125833   3.125496     1.9766     2.3839      8.022     0.7299     2.1613 1.0715e-01    -0.1226   103.1113     6.6238     6.8963    34.4779    34.4784    27.4729    27.4737    7.48150 0.0000e+00
      24608    148.567     2.9508     2.9465   3.125920   3.125496     1.9770     2.3835      8.023     0.7299     2.5167 1.0715e-01    -0.1229   103.1204     6.6260     6.8954    34.4784    34.4780    27.4733    27.4732    7.48138 0.0000e+00
      24611    148.529     2.9515     2.9463   3.125958   3.125481     1.9766     2.3835      8.023     0.7299     2.5167 1.0715e-01    -0.1236   103.1385     6.6239     6.8942    34.4782    34.4779    27.4729    27.4732    7.48126 0.0000e+00
      24614    148.495     2.9523     2.9458   3.126017   3.125461     1.9775     2.3831      8.023     0.7299     2.5167 1.0715e-01    -0.1236   103.1385     6.6293     6.8917    34.4781    34.4783    27.4729    27.4735    7.48112 0.0000e+00
      24617    148.465     2.9530     2.9459   3.125975   3.125471     1.9770     2.3839      8.022     0.7405     2.5167 1.0715e-01    -0.1236   103.1385     6.6285     6.8964    34.4768    34.4783    27.4717    27.4736    7.48104 0.0000e+00
      24620    148.438     2.9531     2.9460   3.125962   3.125501     1.9779     2.3848      8.023     0.7510     2.5167 1.0715e-01    -0.1236   103.1385     6.6298     6.9035    34.4766    34.4785    27.4715    27.4737    7.48104 0.0000e+00
      27946    148.411     2.9680     2.9603   3.127612   3.126944     1.9804     2.3909      8.025     0.7616     3.6221 1.0715e-01    -0.1236   103.1385     6.6336     6.9210    34.4809    34.4809    27.4736    27.4743    7.47804 0.0000e+00
      29610    148.379     2.9755     2.9680   3.128444   3.127731     1.9828     2.3934      8.025     0.7616     4.1748 1.0715e-01    -0.1236   103.1385     6.6379     6.9260    34.4830    34.4823    27.4746    27.4747    7.47653 0.0000e+00
      29613    148.345     2.9760     2.9680   3.128454   3.127730     1.9820     2.3934      8.027     0.7510     4.1748 1.0715e-01    -0.1236   103.1385     6.6344     6.9276    34.4826    34.4823    27.4742    27.4747    7.47645 0.0000e+00
      29616    148.309     2.9763     2.9682   3.128561   3.127739     1.9824     2.3938      8.025     0.7510     4.1748 1.0715e-01    -0.1236   103.1385     6.6350     6.9304    34.4836    34.4822    27.4751    27.4746    7.47635 0.0000e+00
      29619    148.275     2.9771     2.9683   3.128681   3.127782     1.9824     2.3938      8.025     0.7510     4.1748 1.0715e-01    -0.1236   103.1385     6.6345     6.9296    34.4842    34.4826    27.4755    27.4750    7.47616 0.0000e+00
      29622    148.239     2.9775     2.9689   3.128607   3.127928     1.9828     2.3942      8.027     0.7616     4.1748 1.0727e-01    -0.1236   103.1385     6.6365     6.9309    34.4829    34.4838    27.4743    27.4758    7.47615 0.0000e+00
      29625    148.200     2.9768     2.9708   3.128448   3.128032     1.9824     2.3946      8.027     0.7616     4.1748 1.0715e-01    -0.1236   103.1385     6.6357     6.9319    34.4818    34.4831    27.4735    27.4751    7.47634 0.0000e+00
      29628    148.159     2.9756     2.9705   3.128310   3.127918     1.9836     2.3942      8.025     0.7510     3.3457 1.0715e-01    -0.1236   103.1385     6.6421     6.9313    34.4814    34.4820    27.4733    27.4743    7.47659 0.0000e+00
      29631    148.116     2.9750     2.9690   3.128315   3.127737     1.9824     2.3938      8.025     0.7510     3.1089 1.0715e-01    -0.1236   103.1385     6.6380     6.9297    34.4821    34.4814    27.4739    27.4740    7.47665 0.0000e+00
      29634    148.067     2.9739     2.9689   3.127979   3.127796     1.9824     2.3946      8.025     0.7405     3.1089 1.0715e-01    -0.1236   103.1385     6.6373     6.9332    34.4792    34.4823    27.4717    27.4747    7.47701 0.0000e+00
      29637    148.016     2.9717     2.9693   3.127729   3.127848     1.9828     2.3954      8.027     0.7616     3.1089 1.0715e-01    -0.1236   103.1385     6.6414     6.9335    34.4785    34.4825    27.4713    27.4748    7.47745 0.0000e+00
      29640    147.964     2.9713     2.9695   3.128082   3.127882     1.9820     2.3946      8.025     0.7510     3.1089 1.0715e-01    -0.1240   103.1475     6.6366     6.9315    34.4833    34.4827    27.4752    27.4749    7.47729 0.0000e+00
      29643    147.910     2.9723     2.9698   3.128330   3.127892     1.9832     2.3946      8.025     0.7510     3.1089 1.0715e-01    -0.1247   103.1656     6.6421     6.9335    34.4853    34.4826    27.4767    27.4748    7.47701 0.0000e+00
      29646    147.849     2.9734     2.9687   3.128297   3.127853     1.9832     2.3954      8.025     0.7510     3.1089 1.0727e-01    -0.1243   103.1566     6.6427     6.9351    34.4838    34.4834    27.4754    27.4755    7.47688 0.0000e+00
      29649    147.783     2.9732     2.9693   3.128279   3.127937     1.9832     2.3950      8.025     0.7616     3.1089 1.0715e-01    -0.1243   103.1566     6.6428     6.9333    34.4838    34.4838    27.4755    27.4758    7.47692 0.0000e+00
      29652    147.713     2.9738     2.9707   3.128148   3.127985     1.9832     2.3958      8.025     0.7405     2.8325 1.0715e-01    -0.1247   103.1656     6.6423     6.9363    34.4816    34.4829    27.4736    27.4750    7.47691 0.0000e+00
      29655    147.639     2.9728     2.9693   3.127750   3.127762     1.9828     2.3958      8.027     0.7405     0.5032 1.0715e-01    -0.1243   103.1566     6.6424     6.9351    34.4778    34.4817    27.4707    27.4741    7.47729 0.0000e+00
      29658    147.563     2.9717     2.9673   3.127552   3.127499     1.9832     2.3954      8.025     0.7616     0.5032 1.0715e-01    -0.1243   103.1566     6.6434     6.9313    34.4766    34.4807    27.4698    27.4735    7.47755 0.0000e+00
      29661    147.484     2.9697     2.9654   3.127267   3.127253     1.9840     2.3954      8.025     0.7616     0.5032 1.0715e-01    -0.1243   103.1566     6.6467     6.9313    34.4753    34.4797    27.4690    27.4729    7.47800 0.0000e+00
      29664    147.402     2.9679     2.9634   3.127134   3.127012     1.9828     2.3966      8.027     0.7616     0.5032 1.0715e-01    -0.1247   103.1656     6.6401     6.9363    34.4757    34.4790    27.4695    27.4725    7.47832 0.0000e+00
      29667    147.313     2.9668     2.9625   3.127164   3.126932     1.9836     2.3966      8.028     0.7510     0.4637 1.0715e-01    -0.1243   103.1566     6.6430     6.9343    34.4773    34.4791    27.4709    27.4726    7.47845 0.0000e+00
      29670    147.220     2.9662     2.9611   3.126989   3.126768     1.9840     2.3958      8.028     0.7510     0.5032 1.0715e-01    -0.1243   103.1566     6.6449     6.9305    34.4758    34.4785    27.4697    27.4723    7.47862 0.0000e+00
      29673    147.123     2.9651     2.9611   3.126868   3.126819     1.9832     2.3962      8.030     0.7510     0.4637 1.0715e-01    -0.1247   103.1656     6.6430     6.9325    34.4756    34.4793    27.4696    27.4729    7.47885 0.0000e+00
      29676    147.022     2.9641     2.9610   3.126788   3.126752     1.9832     2.3962      8.027     0.7616     0.5032 1.0715e-01    -0.1243   103.1566     6.6452     6.9312    34.4757    34.4786    27.4698    27.4724    7.47902 0.0000e+00
      29679    146.923     2.9634     2.9600   3.126930   3.126610     1.9840     2.3962      8.030     0.7616     0.8191 1.0715e-01    -0.1236   103.1385     6.6490     6.9304    34.4782    34.4780    27.4719    27.4720    7.47902 0.0000e+00
      29682    146.821     2.9636     2.9584   3.126993   3.126437     1.9832     2.3958      8.027     0.7510     1.5692 1.0715e-01    -0.1247   103.1656     6.6446     6.9298    34.4788    34.4776    27.4724    27.4718    7.47896 0.0000e+00
      29685    146.716     2.9639     2.9603   3.126784   3.126813     1.9836     2.3966      8.030     0.7405     1.5692 1.0715e-01    -0.1247   103.1656     6.6466     6.9303    34.4761    34.4803    27.4701    27.4738    7.47905 0.0000e+00
      29688    146.610     2.9630     2.9628   3.126668   3.127095     1.9840     2.3962      8.030     0.7510     1.5692 1.0715e-01    -0.1247   103.1656     6.6486     6.9281    34.4756    34.4811    27.4699    27.4742    7.47923 0.0000e+00
      29691    146.504     2.9624     2.9627   3.126542   3.126965     1.9840     2.3966      8.030     0.7510     1.5692 1.0715e-01    -0.1247   103.1656     6.6488     6.9323    34.4748    34.4797    27.4692    27.4731    7.47939 0.0000e+00
      29694    146.394     2.9620     2.9637   3.126527   3.127220     1.9836     2.3966      8.028     0.7405     1.5692 1.0715e-01    -0.1247   103.1656     6.6464     6.9323    34.4751    34.4818    27.4695    27.4747    7.47944 0.0000e+00
      29697    146.285     2.9617     2.9651   3.126417   3.127215     1.9849     2.3970      8.030     0.7299     1.4902 1.0715e-01    -0.1247   103.1656     6.6543     6.9330    34.4741    34.4803    27.4687    27.4734    7.47955 0.0000e+00
      29700    146.172     2.9611     2.9612   3.126392   3.126533     1.9844     2.3962      8.025     0.7299     1.5692 1.0715e-01    -0.1243   103.1566     6.6539     6.9342    34.4746    34.4762    27.4692    27.4705    7.47964 0.0000e+00
      29703    146.057     2.9611     2.9591   3.126571   3.126352     1.9844     2.3966      8.030     0.7299     1.5692 1.0715e-01    -0.1236   103.1385     6.6538     6.9376    34.4768    34.4763    27.4710    27.4707    7.47953 0.0000e+00
      29706    145.940     2.9615     2.9578   3.126557   3.126247     1.9844     2.3970      8.027     0.7299     0.1480 1.0715e-01    -0.1236   103.1385     6.6551     6.9401    34.4763    34.4764    27.4705    27.4709    7.47948 0.0000e+00
      29709    145.827     2.9616     2.9573   3.126268   3.126139     1.9840     2.3966      8.030     0.7299    -0.6416 1.0715e-01    -0.1236   103.1385     6.6526     6.9403    34.4727    34.4758    27.4677    27.4705    7.47964 0.0000e+00
