Datasets/AZMP/TEL210/tel210_2020_008.cnv
* Sea-Bird SBE 9 Data File:
* FileName = C:\CTDDATA\tel210_2020_008.hex
* Software Version Seasave V 7.26.7.110
* Temperature SN = 1697
* Conductivity SN = 4216
* Number of Bytes Per Scan = 30
* Number of Voltage Words = 4
* Number of Scans Averaged by the Deck Unit = 1
* NMEA baud rate = 4800
** VESSEL/TRIP/SEQ STN:  tel210_2020_008
** LATITUDE XX XX.XX: 47 00.00 N
** LONGITUDE XX XX.XX: 051 29.10 W
** SOUNDING DEPTH (M): 0100
** PROBE TYPE: S1146
** CTD NUMBER: 007
** COMMENTS (14 CHAR): FC-06
** BOTTLES:  8
** LEVELS: 5,10,20,30,40,50,75,BTM
** STICKERS: 435789 - 435796
** VNET: Y
** DO2: Y
# nquan = 22
# nvalues = 2149                        
# units = specified
# name 0 = scan: Scan Count
# name 1 = prDM: Pressure, Digiquartz [db]
# name 2 = t090C: Temperature [ITS-90, deg C]
# name 3 = t190C: Temperature, 2 [ITS-90, deg C]
# name 4 = c0S/m: Conductivity [S/m]
# name 5 = c1S/m: Conductivity, 2 [S/m]
# name 6 = sbeox0V: Oxygen raw, SBE 43 [V]
# name 7 = sbeox1V: Oxygen raw, SBE 43, 2 [V]
# name 8 = ph: pH
# name 9 = flECO-AFL: Fluorescence, WET Labs ECO-AFL/FL [mg/m^3]
# name 10 = wetCDOM: Fluorescence, WET Labs CDOM [mg/m^3]
# name 11 = par/sat/log: PAR/Logarithmic, Satlantic [umol photons/m^2/sec]
# name 12 = CStarAt0: Beam Attenuation, WET Labs C-Star [1/m]
# name 13 = CStarTr0: Beam Transmission, WET Labs C-Star [%]
# name 14 = sbeox0ML/L: Oxygen, SBE 43 [ml/l], WS = 2
# name 15 = sbeox1ML/L: Oxygen, SBE 43, 2 [ml/l], WS = 2
# name 16 = sal00: Salinity, Practical [PSU]
# name 17 = sal11: Salinity, Practical, 2 [PSU]
# name 18 = sigma-t00: Density [sigma-t, kg/m^3 ]
# name 19 = sigma-t11: Density, 2 [sigma-t, kg/m^3 ]
# name 20 = oxsatML/L: Oxygen Saturation, Weiss [ml/l]
# name 21 = flag: flag
# span 0 =          2,      27813       
# span 1 =      0.462,     98.586       
# span 2 =     0.2961,    11.7429       
# span 3 =     0.2907,    11.7388       
# span 4 =   2.773661,   3.685897       
# span 5 =   2.773215,   3.685311       
# span 6 =     1.8925,     2.3751       
# span 7 =     2.2991,     2.9796       
# span 8 =      7.783,      8.114       
# span 9 =    -0.5308,     0.6902       
# span 10 =    -2.8130,   482.1870      
# span 11 = 1.0715e-01, 2.1926e+02      
# span 12 =    -0.1120,     2.2314      
# span 13 =    57.2445,   102.8400      
# span 14 =     6.3066,     8.1003      
# span 15 =     6.2273,     8.7684      
# span 16 =    32.0009,    32.9277      
# span 17 =    32.0735,    32.9112      
# span 18 =    24.4388,    26.3967      
# span 19 =    24.4277,    26.3964      
# span 20 =    6.19327,    8.09738      
# span 21 = 0.0000e+00, 0.0000e+00      
# interval = scans: 3                   
# start_time = Jul 15 2020 16:05:42 [System UTC, header]
# bad_flag = -9.990e-29
*END*
[from data line 264]
       1160     23.380     6.4606     6.4484   3.220653   3.219622     2.3069     2.7676      8.088     0.2934   481.1211 1.9680e+01    -0.0163   100.4074     7.4916     7.9440    32.1191    32.1192    25.2198    25.2214    6.97671 0.0000e+00
       1163     23.489     6.3852     6.3522   3.211610   3.208875     2.3085     2.7737      8.088     0.2934   481.1211 1.9544e+01    -0.0159   100.3984     7.4943     7.9836    32.0900    32.0909    25.2063    25.2112    6.99048 0.0000e+00
       1166     23.600     6.2051     6.1565   3.196081   3.193242     2.3105     2.7790      8.089     0.3036   481.1211 1.9386e+01    -0.0159   100.3984     7.5186     8.0402    32.0876    32.1019    25.2268    25.2441    7.02047 0.0000e+00
       1169     23.711     6.0411     6.0092   3.183579   3.182051     2.3114     2.7835      8.089     0.3138   481.1211 1.9208e+01    -0.0159   100.3984     7.5358     8.0784    32.1034    32.1166    25.2594    25.2737    7.04714 0.0000e+00
       1172     23.825     5.9231     5.8925   3.174776   3.173295     2.3114     2.7896      8.090     0.3036   481.1211 1.9053e+01    -0.0159   100.3984     7.5429     8.1138    32.1168    32.1293    25.2842    25.2977    7.06633 0.0000e+00
       1175     23.935     5.8475     5.8192   3.169110   3.167959     2.3126     2.7945      8.090     0.3036   481.1211 1.8943e+01    -0.0159   100.3984     7.5486     8.1355    32.1251    32.1391    25.2998    25.3142    7.07870 0.0000e+00
       1178     24.045     5.7867     5.7610   3.164451   3.163424     2.3122     2.7986      8.093     0.3036   481.1211 1.8790e+01    -0.0263   100.6606     7.5477     8.1513    32.1305    32.1435    25.3113    25.3246    7.08873 0.0000e+00
       1181     24.157     5.7375     5.7266   3.161369   3.160882     2.3122     2.8022      8.094     0.3138   481.0816 1.8617e+01    -0.0306   100.7692     7.5476     8.1602    32.1427    32.1476    25.3268    25.3319    7.09651 0.0000e+00
       1184     24.265     5.7075     5.6947   3.159058   3.158675     2.3126     2.8071      8.094     0.2833   481.1211 1.8467e+01    -0.0306   100.7692     7.5480     8.1722    32.1452    32.1532    25.3323    25.3400    7.10148 0.0000e+00
       1187     24.372     5.6837     5.6765   3.157610   3.157464     2.3126     2.8112      8.096     0.2426   481.1211 1.8318e+01    -0.0303   100.7601     7.5486     8.1800    32.1516    32.1569    25.3401    25.3451    7.10523 0.0000e+00
       1190     24.476     5.6715     5.6673   3.156897   3.156513     2.3130     2.8148      8.096     0.2426   481.1211 1.8171e+01    -0.0310   100.7782     7.5529     8.1851    32.1552    32.1548    25.3444    25.3446    7.10715 0.0000e+00
       1193     24.578     5.6575     5.6490   3.155734   3.155342     2.3130     2.8181      8.096     0.2426   222.0991 1.8024e+01    -0.0306   100.7692     7.5582     8.1912    32.1553    32.1591    25.3461    25.3501    7.10952 0.0000e+00
       1196     24.684     5.6431     5.6340   3.155537   3.155737     2.3146     2.8218      8.096     0.2324    -0.5627 1.7858e+01    -0.0314   100.7872     7.5695     8.1958    32.1668    32.1778    25.3569    25.3667    7.11144 0.0000e+00
       1199     24.789     5.6306     5.6252   3.157384   3.158535     2.3146     2.8266      8.096     0.2528     6.1092 1.7735e+01    -0.0400   101.0043     7.5734     8.2057    32.1996    32.2178    25.3843    25.3993    7.11204 0.0000e+00
       1202     24.892     5.6390     5.6476   3.162119   3.164514     2.3150     2.8299      8.096     0.2426     5.8329 1.7551e+01    -0.0407   101.0224     7.5732     8.2015    32.2450    32.2637    25.4192    25.4330    7.10850 0.0000e+00
       1205     24.998     5.6701     5.6815   3.167914   3.169792     2.3150     2.8336      8.096     0.2528     5.8329 1.7430e+01    -0.0403   101.0133     7.5649     8.1955    32.2806    32.2908    25.4436    25.4504    7.10155 0.0000e+00
       1208     25.099     5.7005     5.7176   3.172486   3.174811     2.3159     2.8376      8.097     0.2528     5.8329 1.7309e+01    -0.0403   101.0133     7.5602     8.1904    32.3029    32.3127    25.4578    25.4635    7.09535 0.0000e+00
       1211     25.202     5.7405     5.7480   3.177479   3.178300     2.3167     2.8413      8.097     0.1713     5.8329 1.7190e+01    -0.0403   101.0133     7.5525     8.1835    32.3207    32.3228    25.4671    25.4678    7.08773 0.0000e+00
       1214     25.305     5.7600     5.7598   3.179273   3.179203     2.3175     2.8441      8.098     0.0899     5.8329 1.7032e+01    -0.0403   101.0133     7.5479     8.1783    32.3222    32.3216    25.4659    25.4655    7.08436 0.0000e+00
       1217     25.409     5.7559     5.7442   3.178690   3.177558     2.3179     2.8466      8.100     0.1001     5.8329 1.6894e+01    -0.0432   101.0857     7.5456     8.1756    32.3196    32.3180    25.4644    25.4645    7.08518 0.0000e+00
       1220     25.512     5.7177     5.6925   3.174885   3.173018     2.3183     2.8498      8.100     0.1103     0.6612 1.6758e+01    -0.0536   101.3479     7.5514     8.1813    32.3132    32.3163    25.4639    25.4693    7.09195 0.0000e+00
       1223     25.612     5.6693     5.6576   3.171096   3.170380     2.3187     2.8531      8.100     0.1001    -0.3653 1.6623e+01    -0.0536   101.3479     7.5608     8.1832    32.3169    32.3200    25.4724    25.4763    7.09999 0.0000e+00
       1226     25.711     5.6289     5.6084   3.167474   3.164980     2.3179     2.8555      8.100     0.1001    -0.3258 1.6489e+01    -0.0536   101.3479     7.5630     8.1876    32.3147    32.3062    25.4755    25.4712    7.10696 0.0000e+00
       1229     25.812     5.5673     5.5440   3.161349   3.159339     2.3191     2.8572      8.101     0.1001    -0.3258 1.6375e+01    -0.0536   101.3479     7.5802     8.1908    32.3046    32.3042    25.4747    25.4771    7.11794 0.0000e+00
       1232     25.913     5.5124     5.4959   3.156644   3.155808     2.3183     2.8596      8.101     0.0899    -0.3258 1.6281e+01    -0.0536   101.3479     7.5860     8.1960    32.3041    32.3105    25.4806    25.4876    7.12735 0.0000e+00
       1235     26.014     5.4822     5.4742   3.154934   3.154651     2.3187     2.8608      8.101     0.0899    -0.3258 1.6168e+01    -0.0536   101.3479     7.5910     8.1925    32.3137    32.3182    25.4917    25.4962    7.13206 0.0000e+00
       1238     26.116     5.4699     5.4618   3.154460   3.154167     2.3183     2.8625      8.101     0.1510    -0.3258 1.6056e+01    -0.0507   101.2756     7.5929     8.1900    32.3201    32.3246    25.4982    25.5027    7.13387 0.0000e+00
       1241     26.212     5.4638     5.4583   3.154693   3.154574     2.3187     2.8637      8.103     0.1510    -0.3258 1.5964e+01    -0.0493   101.2394     7.5979     8.1859    32.3286    32.3325    25.5057    25.5094    7.13453 0.0000e+00
       1244     26.308     5.4645     5.4618   3.155528   3.155467     2.3195     2.8645      8.101     0.1408    64.8146 1.5835e+01    -0.0493   101.2394     7.6025     8.1778    32.3374    32.3393    25.5125    25.5143    7.13400 0.0000e+00
       1247     26.403     5.4684     5.4639   3.155911   3.156069     2.3195     2.8665      8.101     0.1510   468.7246 1.5725e+01    -0.0493   101.2394     7.6031     8.1752    32.3379    32.3440    25.5125    25.5179    7.13330 0.0000e+00
       1250     26.495     5.4686     5.4640   3.156715   3.156853     2.3199     2.8669      8.106     0.1510   481.4369 1.5635e+01    -0.0493   101.2394     7.6047     8.1691    32.3468    32.3528    25.5195    25.5247    7.13286 0.0000e+00
       1253     26.586     5.4690     5.4638   3.157868   3.157755     2.3211     2.8686      8.103     0.1510   481.0421 1.5527e+01    -0.0493   101.2394     7.6092     8.1680    32.3594    32.3631    25.5294    25.5330    7.13219 0.0000e+00
       1256     26.676     5.4679     5.4635   3.158233   3.158141     2.3207     2.8706      8.104     0.1408   481.1211 1.5402e+01    -0.0493   101.2394     7.6080     8.1685    32.3646    32.3677    25.5337    25.5367    7.13214 0.0000e+00
       1259     26.767     5.4634     5.4581   3.158496   3.158379     2.3207     2.8714      8.104     0.1408   481.1211 1.5278e+01    -0.0382   100.9591     7.6068     8.1661    32.3719    32.3757    25.5399    25.5435    7.13257 0.0000e+00
       1262     26.851     5.4607     5.4556   3.158793   3.158468     2.3220     2.8727      8.106     0.1510   481.1211 1.5190e+01    -0.0357   100.8958     7.6104     8.1657    32.3778    32.3790    25.5449    25.5465    7.13275 0.0000e+00
       1265     26.939     5.4521     5.4438   3.158137   3.157409     2.3220     2.8743      8.106     0.1815   481.1211 1.5050e+01    -0.0353   100.8867     7.6097     8.1703    32.3786    32.3783    25.5466    25.5473    7.13419 0.0000e+00
       1268     27.026     5.4358     5.4252   3.156670   3.155984     2.3220     2.8743      8.106     0.1917   481.1211 1.4946e+01    -0.0353   100.8867     7.6095     8.1710    32.3776    32.3801    25.5477    25.5508    7.13703 0.0000e+00
       1271     27.109     5.4317     5.4262   3.156694   3.156340     2.3215     2.8747      8.106     0.1815   294.6616 1.4859e+01    -0.0353   100.8867     7.6072     8.1679    32.3818    32.3831    25.5514    25.5530    7.13754 0.0000e+00
       1274     27.193     5.4088     5.3970   3.153685   3.151946     2.3220     2.8755      8.106     0.1713    -2.8130 1.4740e+01    -0.0357   100.8958     7.6112     8.1756    32.3697    32.3613    25.5444    25.5392    7.14204 0.0000e+00
       1277     27.275     5.3359     5.3156   3.146012   3.144150     2.3224     2.8759      8.106     0.1917    -1.5102 1.4655e+01    -0.0349   100.8777     7.6273     8.1911    32.3528    32.3512    25.5394    25.5405    7.15538 0.0000e+00
       1280     27.359     5.2462     5.2279   3.138381   3.136366     2.3220     2.8763      8.107     0.1917    -0.6416 1.4536e+01    -0.0342   100.8596     7.6443     8.2096    32.3525    32.3472    25.5494    25.5472    7.17088 0.0000e+00
       1283     27.445     5.1852     5.1698   3.133406   3.131943     2.3224     2.8771      8.107     0.1917    -0.6811 1.4470e+01    -0.0342   100.8596     7.6567     8.2206    32.3547    32.3529    25.5579    25.5583    7.18134 0.0000e+00
       1286     27.532     5.1505     5.1372   3.130685   3.129939     2.3224     2.8783      8.107     0.1815    -0.6811 1.4386e+01    -0.0342   100.8596     7.6617     8.2267    32.3572    32.3615    25.5639    25.5687    7.18726 0.0000e+00
       1289     27.622     5.1371     5.1302   3.130326   3.130467     2.3228     2.8792      8.107     0.2222    -0.6811 1.4320e+01    -0.0342   100.8596     7.6661     8.2266    32.3660    32.3743    25.5723    25.5797    7.18916 0.0000e+00
       1292     27.712     5.1413     5.1394   3.131910   3.132053     2.3224     2.8804      8.107     0.3341    -0.6811 1.4270e+01    -0.0342   100.8596     7.6631     8.2259    32.3800    32.3835    25.5830    25.5859    7.18777 0.0000e+00
       1295     27.804     5.1475     5.1467   3.132936   3.133290     2.3232     2.8808      8.107     0.3341    -0.6811 1.4188e+01    -0.0342   100.8596     7.6664     8.2218    32.3857    32.3905    25.5867    25.5906    7.18643 0.0000e+00
       1298     27.901     5.1577     5.1620   3.134916   3.135622     2.3232     2.8816      8.107     0.3138     3.8984 1.4090e+01    -0.0353   100.8867     7.6623     8.2162    32.3985    32.4024    25.5957    25.5983    7.18406 0.0000e+00
       1301     27.996     5.1710     5.1727   3.136686   3.137105     2.3228     2.8824      8.107     0.3443     6.2672 1.4057e+01    -0.0375   100.9410     7.6573     8.2115    32.4057    32.4088    25.6000    25.6023    7.18140 0.0000e+00
       1304     28.099     5.1783     5.1744   3.137898   3.137610     2.3236     2.8824      8.107     0.3341     6.1882 1.3976e+01    -0.0375   100.9410     7.6595     8.2031    32.4125    32.4129    25.6045    25.6053    7.17982 0.0000e+00
       1307     28.202     5.1678     5.1588   3.137116   3.136550     2.3232     2.8816      8.107     0.3239     6.1882 1.3896e+01    -0.0375   100.9410     7.6587     8.1957    32.4136    32.4159    25.6066    25.6094    7.18158 0.0000e+00
       1310     28.307     5.1491     5.1405   3.135827   3.135373     2.3232     2.8816      8.107     0.3239     6.1882 1.3832e+01    -0.0378   100.9500     7.6590     8.1916    32.4170    32.4201    25.6113    25.6148    7.18467 0.0000e+00
       1313     28.418     5.1307     5.1225   3.134659   3.134342     2.3228     2.8816      8.107     0.3239     6.1882 1.3736e+01    -0.0375   100.9410     7.6599     8.1897    32.4214    32.4258    25.6169    25.6213    7.18765 0.0000e+00
       1316     28.530     5.1162     5.1087   3.134114   3.133825     2.3236     2.8828      8.107     0.3036     6.1882 1.3657e+01    -0.0378   100.9500     7.6640     8.1905    32.4292    32.4332    25.6247    25.6287    7.18980 0.0000e+00
       1319     28.646     5.1091     5.1021   3.134201   3.133887     2.3244     2.8828      8.107     0.3036     6.1882 1.3547e+01    -0.0446   101.1218     7.6673     8.1866    32.4371    32.4402    25.6317    25.6350    7.19067 0.0000e+00
       1322     28.763     5.0954     5.0827   3.132974   3.132194     2.3236     2.8824      8.107     0.3036    18.5846 1.3469e+01    -0.0500   101.2575     7.6653     8.1877    32.4363    32.4397    25.6327    25.6367    7.19310 0.0000e+00
       1325     28.883     5.0780     5.0676   3.131785   3.131101     2.3236     2.8824      8.107     0.3138   435.2069 1.3376e+01    -0.0496   101.2484     7.6660     8.1890    32.4395    32.4418    25.6371    25.6401    7.19596 0.0000e+00
       1328     29.006     5.0628     5.0520   3.130442   3.129723     2.3240     2.8816      8.109     0.2934   481.7133 1.3252e+01    -0.0503   101.2665     7.6691     8.1892    32.4388    32.4411    25.6382    25.6412    7.19865 0.0000e+00
       1331     29.131     5.0476     5.0396   3.129220   3.128755     2.3236     2.8816      8.108     0.3036   480.9632 1.3161e+01    -0.0503   101.2665     7.6709     8.1906    32.4396    32.4420    25.6405    25.6433    7.20126 0.0000e+00
       1334     29.256     5.0388     5.0315   3.128759   3.128296     2.3228     2.8812      8.108     0.3138   481.1211 1.3025e+01    -0.0493   101.2394     7.6686     8.1891    32.4428    32.4446    25.6440    25.6462    7.20265 0.0000e+00
       1337     29.383     5.0356     5.0293   3.128683   3.128255     2.3236     2.8816      8.108     0.3138   481.1211 1.2919e+01    -0.0493   101.2394     7.6730     8.1892    32.4450    32.4461    25.6461    25.6477    7.20310 0.0000e+00
       1340     29.515     5.0321     5.0264   3.128391   3.128042     2.3232     2.8804      8.108     0.3036   481.1211 1.2801e+01    -0.0510   101.2846     7.6700     8.1835    32.4449    32.4464    25.6464    25.6483    7.20370 0.0000e+00
       1343     29.643     5.0286     5.0240   3.128225   3.127961     2.3236     2.8808      8.108     0.1917   481.1211 1.2697e+01    -0.0514   101.2937     7.6732     8.1852    32.4464    32.4478    25.6480    25.6496    7.20426 0.0000e+00
       1346     29.773     5.0252     5.0219   3.128103   3.127835     2.3228     2.8816      8.108     0.1612   481.1211 1.2581e+01    -0.0518   101.3027     7.6717     8.1888    32.4482    32.4484    25.6498    25.6503    7.20476 0.0000e+00
       1349     29.903     5.0216     5.0165   3.127911   3.127475     2.3228     2.8804      8.108     0.1612   481.1211 1.2465e+01    -0.0518   101.3027     7.6720     8.1867    32.4495    32.4494    25.6512    25.6517    7.20533 0.0000e+00
       1352     30.030     5.0151     5.0088   3.127494   3.127037     2.3228     2.8804      8.108     0.1612   481.1211 1.2321e+01    -0.0514   101.2937     7.6756     8.1879    32.4509    32.4518    25.6531    25.6545    7.20639 0.0000e+00
