Datasets/AZMP/TEL210/tel210_2020_022.cnv
* Sea-Bird SBE 9 Data File:
* FileName = C:\CTDDATA\tel210_2020_022.hex
* Software Version Seasave V 7.26.7.110
* Temperature SN = 1697
* Conductivity SN = 4216
* Number of Bytes Per Scan = 30
* Number of Voltage Words = 4
* Number of Scans Averaged by the Deck Unit = 1
* NMEA baud rate = 4800
** VESSEL/TRIP/SEQ STN:  tel210_2020_022
** LATITUDE XX XX.XX: 47 00.00 N
** LONGITUDE XX XX.XX: 046 29.00 W
** SOUNDING DEPTH (M): 0348
** PROBE TYPE: S1146
** CTD NUMBER: 021
** COMMENTS (14 CHAR): FC-20
** BOTTLES:  10
** LEVELS: 5,10,20,30,40,50,75,100,150,BTM
** STICKERS: 435881 - 435890
** VNET: Y
** DO2: Y
# nquan = 22
# nvalues = 8084                        
# units = specified
# name 0 = scan: Scan Count
# name 1 = prDM: Pressure, Digiquartz [db]
# name 2 = t090C: Temperature [ITS-90, deg C]
# name 3 = t190C: Temperature, 2 [ITS-90, deg C]
# name 4 = c0S/m: Conductivity [S/m]
# name 5 = c1S/m: Conductivity, 2 [S/m]
# name 6 = sbeox0V: Oxygen raw, SBE 43 [V]
# name 7 = sbeox1V: Oxygen raw, SBE 43, 2 [V]
# name 8 = ph: pH
# name 9 = flECO-AFL: Fluorescence, WET Labs ECO-AFL/FL [mg/m^3]
# name 10 = wetCDOM: Fluorescence, WET Labs CDOM [mg/m^3]
# name 11 = par/sat/log: PAR/Logarithmic, Satlantic [umol photons/m^2/sec]
# name 12 = CStarAt0: Beam Attenuation, WET Labs C-Star [1/m]
# name 13 = CStarTr0: Beam Transmission, WET Labs C-Star [%]
# name 14 = sbeox0ML/L: Oxygen, SBE 43 [ml/l], WS = 2
# name 15 = sbeox1ML/L: Oxygen, SBE 43, 2 [ml/l], WS = 2
# name 16 = sal00: Salinity, Practical [PSU]
# name 17 = sal11: Salinity, Practical, 2 [PSU]
# name 18 = sigma-t00: Density [sigma-t, kg/m^3 ]
# name 19 = sigma-t11: Density, 2 [sigma-t, kg/m^3 ]
# name 20 = oxsatML/L: Oxygen Saturation, Weiss [ml/l]
# name 21 = flag: flag
# span 0 =         49,      49235       
# span 1 =      0.343,    351.795       
# span 2 =     1.5766,    11.5596       
# span 3 =     1.5696,    11.5502       
# span 4 =   2.907158,   3.767828       
# span 5 =   2.908476,   3.766442       
# span 6 =     1.8693,     2.4146       
# span 7 =     2.2502,     2.9545       
# span 8 =      7.958,      8.241       
# span 9 =    -0.6529,     2.0435       
# span 10 =    -2.8130,   482.1870      
# span 11 = 1.0715e-01, 2.0525e+02      
# span 12 =    -0.1327,     0.3348      
# span 13 =    91.9702,   103.3736      
# span 14 =     5.9133,     8.4522      
# span 15 =     6.1837,     8.9440      
# span 16 =    32.9083,    34.8592      
# span 17 =    32.9243,    34.8581      
# span 18 =    25.1831,    27.6961      
# span 19 =    25.1785,    27.6958      
# span 20 =    6.18035,    7.80543      
# span 21 = 0.0000e+00, 0.0000e+00      
# interval = scans: 3                   
# start_time = Jul 17 2020 13:50:24 [System UTC, header]
# bad_flag = -9.990e-29
*END*
[from data line 988]
       3493     90.234     2.8157     2.8084   3.098831   3.098218     2.0321     2.4639      8.025    -0.3577     1.9245 1.5371e-01    -0.1278   103.2470     6.8722     7.1898    34.3240    34.3242    27.3619    27.3628    7.51459 0.0000e+00
       3496     90.343     2.8152     2.8117   3.098701   3.098254     2.0325     2.4643      8.025    -0.3679     1.9245 1.5369e-01    -0.1275   103.2380     6.8714     7.1878    34.3229    34.3212    27.3611    27.3600    7.51475 0.0000e+00
       3499     90.453     2.8128     2.8079   3.098547   3.097874     2.0325     2.4639      8.025    -0.3781     1.9245 1.4260e-01    -0.1271   103.2289     6.8689     7.1871    34.3235    34.3205    27.3618    27.3599    7.51517 0.0000e+00
       3502     90.564     2.8132     2.8058   3.098630   3.097779     2.0333     2.4651      8.025    -0.3781     3.1483 1.4540e-01    -0.1268   103.2199     6.8698     7.1920    34.3240    34.3215    27.3622    27.3608    7.51506 0.0000e+00
       3505     90.674     2.8109     2.8045   3.098265   3.097592     2.0329     2.4647      8.025    -0.3679     5.0828 1.4208e-01    -0.1268   103.2199     6.8669     7.1886    34.3219    34.3205    27.3607    27.3602    7.51560 0.0000e+00
       3508     90.786     2.8063     2.8009   3.097860   3.097270     2.0329     2.4647      8.025    -0.3781     5.0038 1.3853e-01    -0.1268   103.2199     6.8695     7.1879    34.3218    34.3203    27.3610    27.3603    7.51648 0.0000e+00
       3511     90.896     2.8035     2.7988   3.097648   3.097116     2.0337     2.4647      8.025    -0.3679     5.0038 1.4356e-01    -0.1268   103.2199     6.8717     7.1854    34.3221    34.3206    27.3616    27.3608    7.51699 0.0000e+00
       3514     91.005     2.8014     2.7956   3.097422   3.096806     2.0333     2.4660      8.025    -0.3577     5.0038 1.3538e-01    -0.1268   103.2199     6.8668     7.1860    34.3216    34.3202    27.3613    27.3608    7.51742 0.0000e+00
       3517     91.114     2.7976     2.7913   3.097155   3.096406     2.0341     2.4664      8.025    -0.3679     5.0038 1.4133e-01    -0.1268   103.2199     6.8712     7.1880    34.3222    34.3198    27.3622    27.3608    7.51810 0.0000e+00
       3520     91.225     2.7986     2.7890   3.097355   3.096323     2.0341     2.4664      8.028    -0.3272     5.0038 1.4060e-01    -0.1257   103.1927     6.8710     7.1869    34.3236    34.3212    27.3631    27.3621    7.51784 0.0000e+00
       3523     91.336     2.7967     2.7890   3.097083   3.096328     2.0341     2.4664      8.028    -0.3374     5.0038 1.3646e-01    -0.1247   103.1656     6.8718     7.1841    34.3223    34.3212    27.3622    27.3621    7.51827 0.0000e+00
       3526     91.442     2.7874     2.7871   3.096047   3.096069     2.0345     2.4664      8.030    -0.3374     5.0038 1.3661e-01    -0.1247   103.1656     6.8764     7.1834    34.3194    34.3201    27.3608    27.3613    7.52018 0.0000e+00
       3529     91.547     2.7859     2.7818   3.096247   3.095502     2.0345     2.4664      8.027    -0.3374     3.0299 1.4208e-01    -0.1250   103.1746     6.8756     7.1854    34.3234    34.3187    27.3641    27.3608    7.52026 0.0000e+00
       3532     91.654     2.7877     2.7736   3.096314   3.094735     2.0354     2.4660      8.028    -0.3374     2.0034 1.3265e-01    -0.1247   103.1656     6.8771     7.1829    34.3223    34.3179    27.3631    27.3608    7.51998 0.0000e+00
       3535     91.756     2.7828     2.7654   3.095657   3.094004     2.0341     2.4664      8.026    -0.3171     2.0429 1.2255e-01    -0.1247   103.1656     6.8700     7.1815    34.3194    34.3177    27.3612    27.3613    7.52105 0.0000e+00
       3538     91.859     2.7735     2.7616   3.094781   3.093771     2.0341     2.4668      8.026    -0.3374     2.0429 1.2387e-01    -0.1247   103.1656     6.8708     7.1808    34.3185    34.3189    27.3613    27.3626    7.52285 0.0000e+00
       3541     91.961     2.7661     2.7584   3.094170   3.093507     2.0354     2.4672      8.026    -0.3374     2.0429 1.2363e-01    -0.1240   103.1475     6.8763     7.1811    34.3188    34.3189    27.3622    27.3630    7.52424 0.0000e+00
       3544     92.061     2.7630     2.7609   3.093977   3.093865     2.0354     2.4664      8.026    -0.3272     2.0429 1.2764e-01    -0.1236   103.1385     6.8771     7.1769    34.3198    34.3206    27.3633    27.3641    7.52479 0.0000e+00
       3547     92.157     2.7651     2.7602   3.094239   3.093706     2.0362     2.4664      8.026    -0.3171     2.0429 1.2355e-01    -0.1243   103.1566     6.8775     7.1771    34.3207    34.3194    27.3638    27.3632    7.52434 0.0000e+00
       3550     92.249     2.7638     2.7566   3.094136   3.093398     2.0354     2.4676      8.026    -0.3069     2.0429 1.1796e-01    -0.1236   103.1385     6.8724     7.1821    34.3208    34.3194    27.3640    27.3635    7.52459 0.0000e+00
       3553     92.346     2.7636     2.7558   3.094098   3.093320     2.0354     2.4676      8.026    -0.2967     1.8850 1.2355e-01    -0.1236   103.1385     6.8722     7.1821    34.3205    34.3192    27.3638    27.3634    7.52464 0.0000e+00
       3556     92.446     2.7619     2.7559   3.093958   3.093377     2.0354     2.4664      8.026    -0.3069    -1.4312 1.1606e-01    -0.1236   103.1385     6.8721     7.1786    34.3204    34.3198    27.3639    27.3639    7.52495 0.0000e+00
       3559     92.543     2.7637     2.7554   3.094175   3.093300     2.0354     2.4664      8.026    -0.3171    -1.6681 1.1702e-01    -0.1240   103.1475     6.8705     7.1759    34.3211    34.3193    27.3643    27.3635    7.52457 0.0000e+00
       3562     92.641     2.7605     2.7536   3.093826   3.093148     2.0358     2.4664      8.026    -0.2866    -1.7076 1.1539e-01    -0.1236   103.1385     6.8690     7.1747    34.3203    34.3193    27.3639    27.3637    7.52524 0.0000e+00
       3565     92.740     2.7581     2.7526   3.093652   3.093085     2.0354     2.4664      8.026    -0.3069    -1.6286 1.1446e-01    -0.1236   103.1385     6.8652     7.1754    34.3206    34.3195    27.3644    27.3640    7.52567 0.0000e+00
       3568     92.834     2.7576     2.7521   3.093623   3.093065     2.0362     2.4664      8.026    -0.3171    -1.6286 1.1133e-01    -0.1236   103.1385     6.8682     7.1767    34.3208    34.3198    27.3645    27.3643    7.52576 0.0000e+00
       3571     92.925     2.7571     2.7515   3.093586   3.092963     2.0350     2.4672      8.026    -0.3476    -1.6681 1.1224e-01    -0.1236   103.1385     6.8627     7.1786    34.3208    34.3191    27.3646    27.3637    7.52586 0.0000e+00
       3574     93.012     2.7562     2.7514   3.093504   3.093015     2.0358     2.4664      8.026    -0.3272    -1.6286 1.0941e-01    -0.1236   103.1385     6.8672     7.1753    34.3207    34.3198    27.3646    27.3643    7.52603 0.0000e+00
       3577     93.098     2.7576     2.7535   3.093709   3.093272     2.0362     2.4672      8.024    -0.3476    -1.6681 1.1353e-01    -0.1236   103.1385     6.8683     7.1794    34.3217    34.3207    27.3653    27.3648    7.52571 0.0000e+00
       3580     93.183     2.7591     2.7546   3.093885   3.093360     2.0354     2.4672      8.026    -0.3476   108.9522 1.1030e-01    -0.1233   103.1294     6.8661     7.1802    34.3221    34.3205    27.3655    27.3646    7.52540 0.0000e+00
       3583     93.266     2.7587     2.7538   3.093765   3.093307     2.0354     2.4660      8.024    -0.3374   481.9896 1.1316e-01    -0.1236   103.1385     6.8665     7.1753    34.3210    34.3207    27.3647    27.3648    7.52553 0.0000e+00
       3586     93.346     2.7534     2.7522   3.093248   3.093126     2.0354     2.4664      8.024    -0.3476   480.9237 1.1186e-01    -0.1236   103.1385     6.8677     7.1764    34.3203    34.3202    27.3646    27.3645    7.52657 0.0000e+00
       3589     93.422     2.7499     2.7475   3.093096   3.092767     2.0358     2.4664      8.024    -0.3374   481.3184 1.0928e-01    -0.1236   103.1385     6.8705     7.1757    34.3222    34.3207    27.3663    27.3653    7.52714 0.0000e+00
       3592     93.497     2.7528     2.7465   3.093372   3.092671     2.0354     2.4672      8.023    -0.3476   481.3579 1.0929e-01    -0.1236   103.1385     6.8667     7.1759    34.3224    34.3206    27.3663    27.3654    7.52659 0.0000e+00
       3595     93.569     2.7524     2.7460   3.093176   3.092626     2.0354     2.4664      8.024    -0.3476   481.3579 1.0878e-01    -0.1236   103.1385     6.8631     7.1728    34.3205    34.3205    27.3647    27.3653    7.52677 0.0000e+00
       3598     93.642     2.7509     2.7452   3.093108   3.092480     2.0354     2.4664      8.021    -0.3374   481.3579 1.0865e-01    -0.1236   103.1385     6.8600     7.1724    34.3212    34.3196    27.3654    27.3647    7.52701 0.0000e+00
       3601     93.714     2.7481     2.7421   3.092834   3.092257     2.0358     2.4664      8.023    -0.3476   481.3579 1.0916e-01    -0.1229   103.1204     6.8600     7.1699    34.3207    34.3201    27.3653    27.3654    7.52755 0.0000e+00
       3604     93.789     2.7410     2.7400   3.092266   3.092010     2.0362     2.4664      8.023    -0.3272   481.3579 1.0878e-01    -0.1222   103.1023     6.8627     7.1689    34.3214    34.3192    27.3665    27.3648    7.52888 0.0000e+00
       3607     93.860     2.7419     2.7269   3.092354   3.090895     2.0362     2.4664      8.021    -0.3476   481.3579 1.1147e-01    -0.1226   103.1113     6.8591     7.1687    34.3214    34.3195    27.3664    27.3662    7.52871 0.0000e+00
       3610     93.932     2.7427     2.7232   3.092378   3.090649     2.0358     2.4664      8.021    -0.3272   481.3579 1.0790e-01    -0.1222   103.1023     6.8543     7.1656    34.3207    34.3204    27.3658    27.3673    7.52858 0.0000e+00
       3613     94.001     2.7421     2.7223   3.092263   3.090445     2.0354     2.4656      8.021    -0.3272   481.3579 1.0840e-01    -0.1226   103.1113     6.8508     7.1582    34.3200    34.3189    27.3652    27.3661    7.52874 0.0000e+00
       3616     94.070     2.7368     2.7156   3.091810   3.089791     2.0345     2.4656      8.021    -0.3476   481.3579 1.1021e-01    -0.1222   103.1023     6.8478     7.1565    34.3201    34.3179    27.3658    27.3659    7.52974 0.0000e+00
       3619     94.140     2.7269     2.7094   3.091021   3.089316     2.0341     2.4664      8.021    -0.3374   481.3579 1.0904e-01    -0.1222   103.1023     6.8462     7.1573    34.3209    34.3187    27.3673    27.3671    7.53158 0.0000e+00
       3622     94.215     2.7234     2.7086   3.090743   3.089298     2.0345     2.4648      8.021    -0.3374   481.3579 1.0929e-01    -0.1226   103.1113     6.8488     7.1489    34.3212    34.3192    27.3678    27.3676    7.53222 0.0000e+00
       3625     94.293     2.7244     2.7169   3.090695   3.089971     2.0345     2.4648      8.021    -0.3476   481.3579 1.0740e-01    -0.1229   103.1204     6.8482     7.1444    34.3195    34.3186    27.3665    27.3663    7.53213 0.0000e+00
       3628     94.369     2.7245     2.7220   3.090647   3.090313     2.0341     2.4643      8.021    -0.3374   481.3579 1.0727e-01    -0.1226   103.1113     6.8477     7.1403    34.3187    34.3173    27.3658    27.3649    7.53213 0.0000e+00
       3631     94.450     2.7214     2.7171   3.090300   3.089859     2.0337     2.4639      8.021    -0.3476   481.3579 1.0815e-01    -0.1233   103.1294     6.8472     7.1397    34.3178    34.3170    27.3653    27.3650    7.53277 0.0000e+00
       3634     94.529     2.7178     2.7101   3.090101   3.089291     2.0337     2.4635      8.021    -0.3374   103.3067 1.0827e-01    -0.1226   103.1113     6.8491     7.1408    34.3191    34.3174    27.3667    27.3660    7.53339 0.0000e+00
       3637     94.607     2.7175     2.7101   3.090060   3.089310     2.0341     2.4627      8.021    -0.3374    -1.7471 1.0740e-01    -0.1229   103.1204     6.8562     7.1385    34.3189    34.3176    27.3665    27.3662    7.53346 0.0000e+00
       3640     94.691     2.7172     2.7095   3.090048   3.089272     2.0341     2.4627      8.021    -0.3374     1.6481 1.0752e-01    -0.1233   103.1294     6.8576     7.1370    34.3190    34.3177    27.3667    27.3663    7.53351 0.0000e+00
       3643     94.778     2.7168     2.7099   3.090007   3.089320     2.0337     2.4619      8.019    -0.3374     1.4507 1.0715e-01    -0.1236   103.1385     6.8537     7.1376    34.3189    34.3179    27.3666    27.3664    7.53360 0.0000e+00
       3646     94.870     2.7151     2.7107   3.089825   3.089379     2.0341     2.4619      8.019    -0.3272     1.4507 1.0715e-01    -0.1240   103.1475     6.8554     7.1434    34.3184    34.3177    27.3663    27.3662    7.53394 0.0000e+00
       3649     94.961     2.7157     2.7101   3.089912   3.089287     2.0337     2.4615      8.018    -0.3577     1.4507 1.0715e-01    -0.1240   103.1475     6.8522     7.1433    34.3188    34.3171    27.3667    27.3657    7.53381 0.0000e+00
       3652     95.055     2.7155     2.7087   3.089912   3.089201     2.0329     2.4615      8.016    -0.3679     1.4507 1.0715e-01    -0.1243   103.1566     6.8497     7.1458    34.3189    34.3175    27.3667    27.3662    7.53383 0.0000e+00
       3655     95.150     2.7181     2.7095   3.090189   3.089336     2.0329     2.4615      8.016    -0.3577     1.4507 1.0715e-01    -0.1236   103.1385     6.8484     7.1470    34.3196    34.3182    27.3670    27.3667    7.53331 0.0000e+00
       3658     95.248     2.7218     2.7117   3.090629   3.089641     2.0329     2.4615      8.018    -0.3577     1.9245 1.0715e-01    -0.1240   103.1475     6.8460     7.1470    34.3209    34.3196    27.3678    27.3676    7.53254 0.0000e+00
       3661     95.351     2.7228     2.7201   3.090516   3.090436     2.0341     2.4603      8.018    -0.3679     6.0698 1.0715e-01    -0.1236   103.1385     6.8510     7.1407    34.3184    34.3203    27.3657    27.3674    7.53248 0.0000e+00
       3664     95.456     2.7033     2.7065   3.088401   3.088351     2.0321     2.4599      8.016    -0.3679     6.1882 1.0715e-01    -0.1236   103.1385     6.8469     7.1429    34.3132    34.3092    27.3633    27.3598    7.53645 0.0000e+00
       3667     95.563     2.6878     2.6854   3.087072   3.086697     2.0325     2.4615      8.016    -0.3679     6.1882 1.0715e-01    -0.1236   103.1385     6.8517     7.1535    34.3134    34.3113    27.3647    27.3633    7.53939 0.0000e+00
       3670     95.673     2.6803     2.6775   3.086505   3.086332     2.0329     2.4611      8.016    -0.3679     6.1882 1.0802e-01    -0.1236   103.1385     6.8560     7.1547    34.3144    34.3153    27.3662    27.3671    7.54077 0.0000e+00
       3673     95.786     2.6797     2.6754   3.086563   3.086213     2.0321     2.4599      8.016    -0.3679     6.1882 1.0715e-01    -0.1236   103.1385     6.8536     7.1514    34.3157    34.3160    27.3673    27.3679    7.54081 0.0000e+00
       3676     95.897     2.6811     2.6746   3.086726   3.086129     2.0325     2.4603      8.016    -0.3883     6.1882 1.0715e-01    -0.1236   103.1385     6.8559     7.1540    34.3162    34.3157    27.3675    27.3677    7.54053 0.0000e+00
       3679     96.008     2.6823     2.6752   3.086876   3.086222     2.0317     2.4590      8.016    -0.3985     6.1882 1.0715e-01    -0.1236   103.1385     6.8524     7.1506    34.3167    34.3162    27.3679    27.3681    7.54027 0.0000e+00
       3682     96.120     2.6835     2.6772   3.087013   3.086459     2.0325     2.4586      8.014    -0.3985     6.1882 1.0715e-01    -0.1229   103.1204     6.8544     7.1515    34.3169    34.3169    27.3679    27.3684    7.54002 0.0000e+00
       3685     96.230     2.6830     2.6782   3.086992   3.086437     2.0321     2.4590      8.016    -0.3883     3.6221 1.0715e-01    -0.1226   103.1113     6.8551     7.1535    34.3172    34.3156    27.3682    27.3673    7.54010 0.0000e+00
