Datasets/AZMP/TEL210/tel210_2020_053.cnv
* Sea-Bird SBE 9 Data File:
* FileName = C:\CTDDATA\tel210_2020_053.hex
* Software Version Seasave V 7.26.7.110
* Temperature SN = 1697
* Conductivity SN = 4216
* Number of Bytes Per Scan = 30
* Number of Voltage Words = 4
* Number of Scans Averaged by the Deck Unit = 1
* NMEA baud rate = 4800
** VESSEL/TRIP/SEQ STN:  tel210_2020_053
** LATITUDE XX XX.XX: 49 06.00 N
** LONGITUDE XX XX.XX: 051 49.80 W
** SOUNDING DEPTH (M): 0287
** PROBE TYPE: S1146
** CTD NUMBER: 043
** COMMENTS (14 CHAR): BB-06
** BOTTLES:  10
** LEVELS: 5,10,20,30,40,50,75,100,150,BTM
** STICKERS: 436065 - 436074
** VNET: Y
** DO2: Y
# nquan = 22
# nvalues = 7026                        
# units = specified
# name 0 = scan: Scan Count
# name 1 = prDM: Pressure, Digiquartz [db]
# name 2 = t090C: Temperature [ITS-90, deg C]
# name 3 = t190C: Temperature, 2 [ITS-90, deg C]
# name 4 = c0S/m: Conductivity [S/m]
# name 5 = c1S/m: Conductivity, 2 [S/m]
# name 6 = sbeox0V: Oxygen raw, SBE 43 [V]
# name 7 = sbeox1V: Oxygen raw, SBE 43, 2 [V]
# name 8 = ph: pH
# name 9 = flECO-AFL: Fluorescence, WET Labs ECO-AFL/FL [mg/m^3]
# name 10 = wetCDOM: Fluorescence, WET Labs CDOM [mg/m^3]
# name 11 = par/sat/log: PAR/Logarithmic, Satlantic [umol photons/m^2/sec]
# name 12 = CStarAt0: Beam Attenuation, WET Labs C-Star [1/m]
# name 13 = CStarTr0: Beam Transmission, WET Labs C-Star [%]
# name 14 = sbeox0ML/L: Oxygen, SBE 43 [ml/l], WS = 2
# name 15 = sbeox1ML/L: Oxygen, SBE 43, 2 [ml/l], WS = 2
# name 16 = sal00: Salinity, Practical [PSU]
# name 17 = sal11: Salinity, Practical, 2 [PSU]
# name 18 = sigma-t00: Density [sigma-t, kg/m^3 ]
# name 19 = sigma-t11: Density, 2 [sigma-t, kg/m^3 ]
# name 20 = oxsatML/L: Oxygen Saturation, Weiss [ml/l]
# name 21 = flag: flag
# span 0 =          8,      43800       
# span 1 =      0.960,    286.171       
# span 2 =    -1.3917,    11.1299       
# span 3 =    -1.3963,    11.1271       
# span 4 =   2.632367,   3.576936       
# span 5 =   2.632153,   3.576535       
# span 6 =     1.8163,     2.5397       
# span 7 =     2.1888,     3.1293       
# span 8 =      7.940,      8.318       
# span 9 =     0.6135,     7.2802       
# span 10 =    -2.8130,   482.1870      
# span 11 = 1.0678e-01, 1.3252e+01      
# span 12 =    -0.1467,     0.6762      
# span 13 =    84.4463,   103.7353      
# span 14 =     6.0391,     9.1921      
# span 15 =     6.3231,     9.5874      
# span 16 =    30.9466,    34.4038      
# span 17 =    31.5604,    34.4053      
# span 18 =    23.8185,    27.4313      
# span 19 =    24.1208,    27.4315      
# span 20 =    6.29694,    8.47624      
# span 21 = 0.0000e+00, 0.0000e+00      
# interval = scans: 3                   
# start_time = Jul 21 2020 08:07:29 [System UTC, header]
# bad_flag = -9.990e-29
*END*
[from data line 5795]
      28033     84.760    -1.1426    -1.1333   2.668431   2.669856     1.9451     2.3576      7.972     0.7405     0.9770 1.0715e-01    -0.1233   103.1294     7.3317     7.6678    33.0643    33.0734    26.5892    26.5963    8.40694 0.0000e+00
      28036     84.688    -1.1435    -1.1335   2.668373   2.669772     1.9443     2.3576      7.972     0.7510     0.9770 1.0715e-01    -0.1226   103.1113     7.3261     7.6705    33.0645    33.0725    26.5895    26.5956    8.40714 0.0000e+00
      28039     84.619    -1.1429    -1.1345   2.668211   2.669616     1.9451     2.3568      7.972     0.7616     0.9770 1.0715e-01    -0.1226   103.1113     7.3281     7.6687    33.0617    33.0715    26.5871    26.5948    8.40715 0.0000e+00
      28042     84.547    -1.1454    -1.1362   2.667467   2.669401     1.9447     2.3572      7.972     0.7405     0.9770 1.0715e-01    -0.1233   103.1294     7.3254     7.6703    33.0543    33.0706    26.5812    26.5942    8.40815 0.0000e+00
      28045     84.471    -1.1476    -1.1368   2.667996   2.669300     1.9451     2.3576      7.972     0.7510     0.9770 1.0727e-01    -0.1229   103.1204     7.3250     7.6696    33.0639    33.0698    26.5891    26.5935    8.40809 0.0000e+00
      28048     84.393    -1.1471    -1.1415   2.668206   2.668627     1.9447     2.3576      7.972     0.7616     0.9770 1.0740e-01    -0.1310   103.3283     7.3278     7.6728    33.0663    33.0660    26.5910    26.5905    8.40784 0.0000e+00
      28051     84.316    -1.1473    -1.1458   2.667576   2.668209     1.9447     2.3568      7.972     0.7510     0.9770 1.0715e-01    -0.1425   103.6268     7.3298     7.6708    33.0580    33.0650    26.5843    26.5899    8.40837 0.0000e+00
      28054     84.236    -1.1512    -1.1469   2.666711   2.668169     1.9447     2.3580      7.972     0.7510     1.0954 1.0715e-01    -0.1415   103.5997     7.3293     7.6789    33.0506    33.0658    26.5784    26.5906    8.40969 0.0000e+00
      28057     84.156    -1.1559    -1.1436   2.666844   2.668444     1.9447     2.3580      7.972     0.7616     1.0954 1.0715e-01    -0.1415   103.5997     7.3326     7.6777    33.0576    33.0659    26.5842    26.5906    8.41037 0.0000e+00
      28060     84.074    -1.1569    -1.1506   2.666691   2.667271     1.9447     2.3580      7.972     0.7616     1.0954 1.0727e-01    -0.1415   103.5997     7.3342     7.6814    33.0567    33.0577    26.5835    26.5842    8.41064 0.0000e+00
      28063     83.987    -1.1587    -1.1600   2.666178   2.666429     1.9447     2.3580      7.972     0.7510     1.0954 1.0727e-01    -0.1415   103.5997     7.3338     7.6851    33.0517    33.0566    26.5796    26.5836    8.41135 0.0000e+00
      28066     83.897    -1.1627    -1.1639   2.665320   2.665980     1.9443     2.3580      7.972     0.7087     1.0559 1.0727e-01    -0.1418   103.6087     7.3351     7.6846    33.0444    33.0548    26.5738    26.5822    8.41268 0.0000e+00
      28069     83.808    -1.1657    -1.1690   2.665207   2.665200     1.9443     2.3580      7.972     0.7299     1.0954 1.0727e-01    -0.1415   103.5997     7.3365     7.6855    33.0463    33.0498    26.5754    26.5783    8.41326 0.0000e+00
      28072     83.720    -1.1687    -1.1739   2.664402   2.664764     1.9451     2.3580      7.972     0.7299     1.0954 1.0715e-01    -0.1415   103.5997     7.3461     7.6902    33.0386    33.0494    26.5693    26.5781    8.41439 0.0000e+00
      28075     83.626    -1.1728    -1.1756   2.664322   2.664695     1.9451     2.3580      7.972     0.7299     1.0559 1.0740e-01    -0.1415   103.5997     7.3503     7.6931    33.0422    33.0503    26.5723    26.5790    8.41513 0.0000e+00
      28078     83.529    -1.1740    -1.1738   2.664246   2.664937     1.9447     2.3589      7.972     0.7193     1.9245 1.0715e-01    -0.1415   103.5997     7.3504     7.6946    33.0425    33.0517    26.5726    26.5800    8.41539 0.0000e+00
      28081     83.430    -1.1764    -1.1738   2.663756   2.664794     1.9459     2.3585      7.972     0.7299     2.7930 1.0727e-01    -0.1415   103.5997     7.3584     7.6951    33.0386    33.0498    26.5695    26.5785    8.41618 0.0000e+00
      28084     83.330    -1.1789    -1.1744   2.663514   2.664814     1.9447     2.3585      7.972     0.7299     2.7535 1.0715e-01    -0.1415   103.5997     7.3556     7.6977    33.0381    33.0508    26.5691    26.5793    8.41678 0.0000e+00
      28087     83.231    -1.1806    -1.1723   2.663405   2.665013     1.9451     2.3589      7.972     0.7299     2.7535 1.0715e-01    -0.1415   103.5997     7.3587     7.6992    33.0385    33.0513    26.5696    26.5797    8.41714 0.0000e+00
      28090     83.127    -1.1818    -1.1749   2.663446   2.664156     1.9451     2.3589      7.972     0.7299     2.7535 1.0727e-01    -0.1418   103.6087     7.3585     7.7012    33.0404    33.0426    26.5711    26.5726    8.41730 0.0000e+00
      28093     83.020    -1.1818    -1.1808   2.663621   2.663837     1.9455     2.3589      7.972     0.7510     2.7535 1.0715e-01    -0.1425   103.6268     7.3572     7.7018    33.0429    33.0447    26.5731    26.5746    8.41716 0.0000e+00
      28096     82.913    -1.1817    -1.1768   2.663508   2.664742     1.9463     2.3601      7.972     0.7510     2.7535 1.0715e-01    -0.1422   103.6178     7.3593     7.7058    33.0413    33.0527    26.5718    26.5810    8.41722 0.0000e+00
      28099     82.805    -1.1816    -1.1724   2.663509   2.664821     1.9459     2.3601      7.972     0.7510     2.7535 1.0740e-01    -0.1425   103.6268     7.3564     7.7021    33.0413    33.0491    26.5718    26.5779    8.41721 0.0000e+00
      28102     82.696    -1.1820    -1.1799   2.663350   2.663589     1.9459     2.3593      7.972     0.7405     2.7535 1.0752e-01    -0.1422   103.6178     7.3571     7.6961    33.0396    33.0406    26.5705    26.5712    8.41739 0.0000e+00
      28105     82.590    -1.1827    -1.1857   2.663128   2.662927     1.9459     2.3601      7.972     0.7616     1.6876 1.0715e-01    -0.1425   103.6268     7.3551     7.6998    33.0375    33.0380    26.5688    26.5693    8.41769 0.0000e+00
      28108     82.480    -1.1842    -1.1902   2.663016   2.662541     1.9467     2.3605      7.972     0.7405     1.4112 1.0727e-01    -0.1415   103.5997     7.3608     7.7033    33.0376    33.0377    26.5689    26.5692    8.41801 0.0000e+00
      28111     82.371    -1.1847    -1.1913   2.663188   2.662460     1.9459     2.3601      7.972     0.7510     1.4507 1.0727e-01    -0.1415   103.5997     7.3563     7.7018    33.0406    33.0379    26.5714    26.5694    8.41796 0.0000e+00
      28114     82.264    -1.1842    -1.1914   2.663217   2.662496     1.9463     2.3601      7.972     0.7299     1.4507 1.0715e-01    -0.1415   103.5997     7.3582     7.7011    33.0405    33.0386    26.5712    26.5699    8.41784 0.0000e+00
      28117     82.159    -1.1844    -1.1910   2.662983   2.662567     1.9459     2.3605      7.972     0.7510     1.4507 1.0715e-01    -0.1415   103.5997     7.3545     7.6986    33.0375    33.0391    26.5689    26.5704    8.41806 0.0000e+00
      28120     82.056    -1.1854    -1.1915   2.662761   2.662540     1.9459     2.3609      7.972     0.7510     1.4507 1.0715e-01    -0.1415   103.5997     7.3552     7.7002    33.0357    33.0394    26.5675    26.5706    8.41841 0.0000e+00
      28123     81.954    -1.1862    -1.1901   2.662960   2.662706     1.9463     2.3597      7.972     0.7510     1.4507 1.0727e-01    -0.1415   103.5997     7.3576     7.6932    33.0393    33.0402    26.5704    26.5712    8.41837 0.0000e+00
      28126     81.852    -1.1857    -1.1911   2.663041   2.662349     1.9467     2.3593      7.972     0.7405     1.4507 1.0727e-01    -0.1415   103.5997     7.3582     7.6899    33.0400    33.0365    26.5709    26.5683    8.41822 0.0000e+00
      28129     81.750    -1.1859    -1.1930   2.662627   2.662199     1.9459     2.3609      7.972     0.7616     1.3323 1.0715e-01    -0.1415   103.5997     7.3542     7.6956    33.0346    33.0366    26.5665    26.5684    8.41858 0.0000e+00
      28132     81.655    -1.1883    -1.1925   2.662203   2.662396     1.9471     2.3613      7.972     0.7510     0.6217 1.0727e-01    -0.1425   103.6268     7.3597     7.6986    33.0315    33.0388    26.5641    26.5701    8.41931 0.0000e+00
      28135     81.566    -1.1901    -1.1944   2.662194   2.661899     1.9471     2.3613      7.972     0.7510     0.6217 1.0715e-01    -0.1425   103.6268     7.3587     7.7000    33.0334    33.0342    26.5657    26.5665    8.41961 0.0000e+00
      28138     81.482    -1.1905    -1.1964   2.662363   2.661806     1.9471     2.3609      7.972     0.7405     0.6217 1.0715e-01    -0.1425   103.6268     7.3571     7.6988    33.0363    33.0351    26.5680    26.5673    8.41954 0.0000e+00
      28141     81.400    -1.1895    -1.1959   2.662717   2.661954     1.9471     2.3609      7.972     0.7299     0.6217 1.0715e-01    -0.1425   103.6268     7.3567     7.7008    33.0400    33.0367    26.5710    26.5685    8.41908 0.0000e+00
      28144     81.325    -1.1897    -1.1956   2.662753   2.662021     1.9471     2.3609      7.972     0.7616     0.5822 1.0727e-01    -0.1425   103.6268     7.3543     7.7021    33.0408    33.0373    26.5717    26.5690    8.41910 0.0000e+00
      28147     81.253    -1.1868    -1.1917   2.663639   2.662398     1.9463     2.3601      7.972     0.7510     0.5822 1.0727e-01    -0.1425   103.6268     7.3444     7.7018    33.0498    33.0382    26.5789    26.5696    8.41792 0.0000e+00
      28150     81.184    -1.1857    -1.1913   2.662868   2.662376     1.9471     2.3605      7.972     0.7510     0.6217 1.0740e-01    -0.1422   103.6178     7.3503     7.7016    33.0380    33.0375    26.5693    26.5691    8.41833 0.0000e+00
      28153     81.121    -1.1865    -1.1901   2.662795   2.662655     1.9471     2.3613      7.972     0.7405     0.5822 1.0715e-01    -0.1422   103.6178     7.3501     7.6999    33.0380    33.0401    26.5693    26.5711    8.41852 0.0000e+00
      28156     81.060    -1.1854    -1.1832   2.662656   2.663562     1.9463     2.3613      7.972     0.7616     1.0954 1.0727e-01    -0.1418   103.6087     7.3451     7.6955    33.0349    33.0448    26.5667    26.5747    8.41844 0.0000e+00
      28159     81.006    -1.1888    -1.1825   2.661380   2.663620     1.9467     2.3613      7.972     0.7510     2.0429 1.0727e-01    -0.1422   103.6178     7.3495     7.6978    33.0212    33.0449    26.5558    26.5748    8.42001 0.0000e+00
      28162     80.953    -1.1947    -1.1850   2.660909   2.663359     1.9471     2.3613      7.972     0.7510     2.0429 1.0740e-01    -0.1418   103.6087     7.3543     7.7013    33.0214    33.0441    26.5561    26.5742    8.42137 0.0000e+00
      28165     80.904    -1.1984    -1.1820   2.660749   2.663888     1.9471     2.3621      7.972     0.7510     2.0429 1.0727e-01    -0.1422   103.6178     7.3584     7.7012    33.0233    33.0480    26.5578    26.5773    8.42211 0.0000e+00
      28168     80.860    -1.2014    -1.1791   2.660562   2.664059     1.9467     2.3621      7.972     0.7616     2.0429 1.0715e-01    -0.1415   103.5997     7.3607     7.7004    33.0240    33.0472    26.5585    26.5766    8.42275 0.0000e+00
      28171     80.817    -1.2035    -1.1816   2.660450   2.663631     1.9467     2.3625      7.972     0.7510     2.0429 1.0727e-01    -0.1418   103.6087     7.3596     7.7015    33.0248    33.0442    26.5592    26.5741    8.42319 0.0000e+00
      28174     80.777    -1.2051    -1.1847   2.660476   2.663380     1.9475     2.3621      7.972     0.7510     2.0429 1.0715e-01    -0.1415   103.5997     7.3610     7.6983    33.0270    33.0442    26.5610    26.5743    8.42343 0.0000e+00
      28177     80.737    -1.2048    -1.1837   2.660650   2.663376     1.9475     2.3609      7.972     0.7405     2.0034 1.0727e-01    -0.1422   103.6178     7.3628     7.6904    33.0290    33.0431    26.5626    26.5733    8.42324 0.0000e+00
      28180     80.698    -1.2043    -1.1895   2.660622   2.662464     1.9471     2.3609      7.972     0.7405     2.0429 1.0715e-01    -0.1422   103.6178     7.3607     7.6903    33.0281    33.0370    26.5619    26.5686    8.42317 0.0000e+00
      28183     80.656    -1.2047    -1.1963   2.660395   2.661769     1.9471     2.3625      7.972     0.7299     1.4507 1.0727e-01    -0.1425   103.6268     7.3586     7.6955    33.0255    33.0350    26.5597    26.5672    8.42342 0.0000e+00
      28186     80.615    -1.2059    -1.1984   2.660325   2.661528     1.9475     2.3621      7.972     0.7405     1.0559 1.0715e-01    -0.1422   103.6178     7.3629     7.6937    33.0259    33.0341    26.5601    26.5665    8.42367 0.0000e+00
      28189     80.573    -1.2070    -1.2003   2.660038   2.661315     1.9480     2.3613      7.972     0.7510     1.0954 1.0715e-01    -0.1415   103.5997     7.3673     7.6911    33.0232    33.0333    26.5580    26.5659    8.42409 0.0000e+00
      28192     80.527    -1.2091    -1.2028   2.659862   2.660893     1.9475     2.3621      7.972     0.7616     1.0954 1.0740e-01    -0.1418   103.6087     7.3689     7.6970    33.0232    33.0303    26.5580    26.5635    8.42457 0.0000e+00
      28195     80.476    -1.2105    -1.2076   2.659739   2.660307     1.9467     2.3621      7.972     0.7616     1.0954 1.0727e-01    -0.1418   103.6087     7.3645     7.7014    33.0231    33.0276    26.5579    26.5615    8.42490 0.0000e+00
      28198     80.419    -1.2114    -1.2092   2.659725   2.660340     1.9471     2.3625      7.972     0.7405     1.0954 1.0727e-01    -0.1425   103.6268     7.3673     7.7070    33.0239    33.0299    26.5586    26.5635    8.42506 0.0000e+00
      28201     80.360    -1.2112    -1.2022   2.659904   2.661169     1.9480     2.3613      7.972     0.7510     1.0954 1.0715e-01    -0.1418   103.6087     7.3742     7.7000    33.0262    33.0335    26.5605    26.5662    8.42489 0.0000e+00
      28204     80.295    -1.2106    -1.1949   2.659866   2.662241     1.9471     2.3617      7.972     0.7510     1.0954 1.0727e-01    -0.1422   103.6178     7.3732     7.6988    33.0251    33.0402    26.5596    26.5713    8.42481 0.0000e+00
      28207     80.229    -1.2117    -1.1908   2.659567   2.662679     1.9480     2.3613      7.972     0.7616     1.0165 1.0727e-01    -0.1415   103.5997     7.3775     7.6962    33.0222    33.0417    26.5573    26.5724    8.42523 0.0000e+00
      28210     80.156    -1.2125    -1.1876   2.659531   2.663084     1.9480     2.3625      7.972     0.7616     0.3848 1.0740e-01    -0.1415   103.5997     7.3794     7.7054    33.0227    33.0437    26.5577    26.5740    8.42538 0.0000e+00
      28213     80.076    -1.2127    -1.1840   2.659119   2.663361     1.9484     2.3621      7.972     0.7405     0.3848 1.0727e-01    -0.1415   103.5997     7.3844     7.7050    33.0172    33.0436    26.5533    26.5738    8.42574 0.0000e+00
      28216     79.988    -1.2142    -1.1845   2.658763   2.662942     1.9488     2.3625      7.972     0.7405     0.3453 1.0727e-01    -0.1415   103.5997     7.3908     7.7072    33.0141    33.0385    26.5508    26.5696    8.42627 0.0000e+00
      28219     79.896    -1.2170    -1.1920   2.658331   2.662044     1.9484     2.3625      7.972     0.7405     0.3848 1.0740e-01    -0.1415   103.5997     7.3893     7.7141    33.0114    33.0346    26.5486    26.5667    8.42707 0.0000e+00
      28222     79.802    -1.2194    -1.2034   2.658258   2.660263     1.9484     2.3625      7.972     0.7193     0.3848 1.0727e-01    -0.1415   103.5997     7.3897     7.7222    33.0131    33.0229    26.5501    26.5575    8.42752 0.0000e+00
      28225     79.700    -1.2206    -1.2138   2.658154   2.659198     1.9492     2.3621      7.972     0.7299     0.3453 1.0727e-01    -0.1415   103.5997     7.3954     7.7238    33.0130    33.0198    26.5501    26.5554    8.42780 0.0000e+00
