Datasets/AZMP/TEL210/tel210_2020_018.cnv
* Sea-Bird SBE 9 Data File:
* FileName = C:\CTDDATA\tel210_2020_018.hex
* Software Version Seasave V 7.26.7.110
* Temperature SN = 1697
* Conductivity SN = 4216
* Number of Bytes Per Scan = 30
* Number of Voltage Words = 4
* Number of Scans Averaged by the Deck Unit = 1
* NMEA baud rate = 4800
** VESSEL/TRIP/SEQ STN:  tel210_2020_210
** LATITUDE XX XX.XX: 47 00.00 N
** LONGITUDE XX XX.XX: 047 10.10 W
** SOUNDING DEPTH (M): 0850
** PROBE TYPE: S1146
** CTD NUMBER: 017
** COMMENTS (14 CHAR): FC-16
** BOTTLES:  0
** LEVELS:
** STICKERS:
** VNET: N
** DO2: N
# nquan = 22
# nvalues = 16344                       
# units = specified
# name 0 = scan: Scan Count
# name 1 = prDM: Pressure, Digiquartz [db]
# name 2 = t090C: Temperature [ITS-90, deg C]
# name 3 = t190C: Temperature, 2 [ITS-90, deg C]
# name 4 = c0S/m: Conductivity [S/m]
# name 5 = c1S/m: Conductivity, 2 [S/m]
# name 6 = sbeox0V: Oxygen raw, SBE 43 [V]
# name 7 = sbeox1V: Oxygen raw, SBE 43, 2 [V]
# name 8 = ph: pH
# name 9 = flECO-AFL: Fluorescence, WET Labs ECO-AFL/FL [mg/m^3]
# name 10 = wetCDOM: Fluorescence, WET Labs CDOM [mg/m^3]
# name 11 = par/sat/log: PAR/Logarithmic, Satlantic [umol photons/m^2/sec]
# name 12 = CStarAt0: Beam Attenuation, WET Labs C-Star [1/m]
# name 13 = CStarTr0: Beam Transmission, WET Labs C-Star [%]
# name 14 = sbeox0ML/L: Oxygen, SBE 43 [ml/l], WS = 2
# name 15 = sbeox1ML/L: Oxygen, SBE 43, 2 [ml/l], WS = 2
# name 16 = sal00: Salinity, Practical [PSU]
# name 17 = sal11: Salinity, Practical, 2 [PSU]
# name 18 = sigma-t00: Density [sigma-t, kg/m^3 ]
# name 19 = sigma-t11: Density, 2 [sigma-t, kg/m^3 ]
# name 20 = oxsatML/L: Oxygen Saturation, Weiss [ml/l]
# name 21 = flag: flag
# span 0 =         44,      58865       
# span 1 =      2.082,    830.561       
# span 2 =    -0.6236,    10.2108       
# span 3 =    -0.6277,    10.2067       
# span 4 =   2.723262,   3.545227       
# span 5 =   2.723270,   3.544672       
# span 6 =     1.8675,     2.5455       
# span 7 =     2.2344,     3.1390       
# span 8 =      7.924,      8.264       
# span 9 =    -0.6529,    21.6507       
# span 10 =    -2.8130,   482.1870      
# span 11 = 1.0678e-01, 2.3326e-01      
# span 12 =    -0.1432,     1.2679      
# span 13 =    72.8349,   103.6449      
# span 14 =     6.3492,     9.3662      
# span 15 =     6.5227,     9.9625      
# span 16 =    31.9771,    34.8470      
# span 17 =    32.1153,    34.8458      
# span 18 =    24.6713,    27.7221      
# span 19 =    24.6701,    27.7214      
# span 20 =    6.40480,    8.27815      
# span 21 = 0.0000e+00, 0.0000e+00      
# interval = scans: 3                   
# start_time = Jul 17 2020 03:30:10 [System UTC, header]
# bad_flag = -9.990e-29
*END*
[from data line 10667]
      35760    572.690     3.3435     3.3395   3.204870   3.204367     1.9323     2.3247      7.980    -0.6019     6.3067 1.0715e-01    -0.1078   102.7315     6.6904     6.9534    34.7851    34.7833    27.6811    27.6801    7.39315 0.0000e+00
      35763    572.561     3.3436     3.3396   3.204810   3.204376     1.9307     2.3243      7.980    -0.6121     6.3067 1.0715e-01    -0.1078   102.7315     6.6856     6.9535    34.7843    34.7833    27.6806    27.6801    7.39318 0.0000e+00
      35766    572.441     3.3432     3.3393   3.204766   3.204341     1.9315     2.3243      7.980    -0.6121     6.3067 1.0715e-01    -0.1078   102.7315     6.6872     6.9510    34.7843    34.7833    27.6805    27.6801    7.39325 0.0000e+00
      35769    572.332     3.3431     3.3393   3.204766   3.204320     1.9307     2.3247      7.980    -0.6121     6.3067 1.0715e-01    -0.1074   102.7225     6.6815     6.9511    34.7845    34.7832    27.6807    27.6800    7.39326 0.0000e+00
      35772    572.228     3.3431     3.3392   3.204757   3.204316     1.9315     2.3247      7.980    -0.5918     6.3067 1.0715e-01    -0.1082   102.7406     6.6842     6.9520    34.7844    34.7832    27.6807    27.6801    7.39327 0.0000e+00
      35775    572.135     3.3429     3.3392   3.204749   3.204307     1.9311     2.3239      7.980    -0.5816   281.4361 1.0727e-01    -0.1078   102.7315     6.6836     6.9499    34.7846    34.7832    27.6808    27.6801    7.39330 0.0000e+00
      35778    572.049     3.3433     3.3391   3.204765   3.204312     1.9311     2.3239      7.980    -0.5816   481.6343 1.0715e-01    -0.1078   102.7315     6.6798     6.9518    34.7844    34.7834    27.6806    27.6803    7.39323 0.0000e+00
      35781    571.975     3.3433     3.3392   3.204803   3.204331     1.9307     2.3243      7.980    -0.5714   480.9237 1.0715e-01    -0.1078   102.7315     6.6755     6.9530    34.7848    34.7835    27.6810    27.6803    7.39320 0.0000e+00
      35784    571.912     3.3434     3.3393   3.204780   3.204344     1.9311     2.3247      7.980    -0.5918   481.3184 1.0715e-01    -0.1078   102.7315     6.6814     6.9548    34.7845    34.7836    27.6807    27.6804    7.39320 0.0000e+00
      35787    571.863     3.3432     3.3392   3.204768   3.204287     1.9315     2.3243      7.980    -0.5816   481.2790 1.0715e-01    -0.1078   102.7315     6.6847     6.9523    34.7846    34.7831    27.6808    27.6800    7.39323 0.0000e+00
      35790    571.816     3.3432     3.3392   3.204735   3.204319     1.9311     2.3231      7.980    -0.5816   481.3579 1.0715e-01    -0.1071   102.7134     6.6837     6.9473    34.7842    34.7835    27.6805    27.6803    7.39325 0.0000e+00
      35793    571.775     3.3430     3.3394   3.204711   3.204339     1.9307     2.3239      7.980    -0.5918   481.2790 1.0715e-01    -0.1064   102.6954     6.6824     6.9513    34.7842    34.7835    27.6805    27.6803    7.39330 0.0000e+00
      35796    571.741     3.3429     3.3395   3.204680   3.204350     1.9311     2.3243      7.980    -0.5918   481.3184 1.0715e-01    -0.1064   102.6954     6.6828     6.9571    34.7839    34.7836    27.6803    27.6803    7.39332 0.0000e+00
      35799    571.710     3.3428     3.3396   3.204664   3.204376     1.9319     2.3243      7.980    -0.5816   480.4104 1.0715e-01    -0.1067   102.7044     6.6870     6.9589    34.7839    34.7838    27.6803    27.6805    7.39335 0.0000e+00
      35802    571.685     3.3426     3.3395   3.204635   3.204359     1.9303     2.3247      7.980    -0.5816    72.3156 1.0715e-01    -0.1060   102.6863     6.6810     6.9587    34.7837    34.7837    27.6801    27.6805    7.39338 0.0000e+00
      35805    571.662     3.3424     3.3395   3.204628   3.204361     1.9303     2.3239      7.980    -0.5714     0.6612 1.0715e-01    -0.1060   102.6863     6.6811     6.9556    34.7838    34.7838    27.6803    27.6805    7.39341 0.0000e+00
      35812    571.614     3.3427     3.3396   3.204665   3.204347     1.9311     2.3235      7.980    -0.5816     3.8195 1.0715e-01    -0.1067   102.7044     6.6860     6.9566    34.7840    34.7835    27.6804    27.6803    7.39335 0.0000e+00
      35815    571.592     3.3430     3.3394   3.204710   3.204334     1.9315     2.3243      7.980    -0.5714     3.8195 1.0715e-01    -0.1074   102.7225     6.6878     6.9580    34.7843    34.7836    27.6806    27.6804    7.39329 0.0000e+00
      35818    571.570     3.3429     3.3395   3.204746   3.204355     1.9307     2.3252      7.980    -0.5714     3.8195 1.0715e-01    -0.1067   102.7044     6.6845     6.9601    34.7848    34.7837    27.6810    27.6805    7.39327 0.0000e+00
      35821    571.541     3.3432     3.3396   3.204770   3.204381     1.9307     2.3243      7.980    -0.5816     3.8195 1.0715e-01    -0.1071   102.7134     6.6842     6.9583    34.7849    34.7839    27.6810    27.6806    7.39323 0.0000e+00
      35824    571.510     3.3433     3.3398   3.204786   3.204405     1.9311     2.3243      7.980    -0.6121     3.8195 1.0715e-01    -0.1067   102.7044     6.6878     6.9613    34.7849    34.7840    27.6810    27.6806    7.39320 0.0000e+00
      35827    571.475     3.3433     3.3398   3.204769   3.204384     1.9315     2.3243      7.980    -0.6223     2.8720 1.0715e-01    -0.1067   102.7044     6.6896     6.9614    34.7847    34.7838    27.6809    27.6805    7.39321 0.0000e+00
      35830    571.435     3.3434     3.3399   3.204800   3.204403     1.9311     2.3239      7.980    -0.6121     1.7271 1.0727e-01    -0.1064   102.6954     6.6880     6.9584    34.7850    34.7839    27.6811    27.6806    7.39317 0.0000e+00
      35833    571.389     3.3437     3.3400   3.204813   3.204423     1.9311     2.3247      7.980    -0.6019     1.8060 1.0715e-01    -0.1050   102.6592     6.6883     6.9644    34.7848    34.7841    27.6809    27.6807    7.39313 0.0000e+00
      35836    571.338     3.3435     3.3399   3.204801   3.204417     1.9311     2.3243      7.980    -0.6019     1.8060 1.0727e-01    -0.1046   102.6501     6.6880     6.9616    34.7849    34.7841    27.6810    27.6808    7.39316 0.0000e+00
      35839    571.281     3.3439     3.3398   3.204792   3.204391     1.9311     2.3243      7.980    -0.6019     1.8060 1.0715e-01    -0.1046   102.6501     6.6881     6.9599    34.7845    34.7840    27.6807    27.6806    7.39312 0.0000e+00
      35842    571.215     3.3435     3.3400   3.204807   3.204389     1.9311     2.3243      7.980    -0.6121     1.8060 1.0715e-01    -0.1046   102.6501     6.6872     6.9588    34.7851    34.7838    27.6812    27.6805    7.39315 0.0000e+00
      35845    571.138     3.3438     3.3397   3.204794   3.204384     1.9315     2.3256      7.980    -0.6121     1.8060 1.0715e-01    -0.1046   102.6501     6.6876     6.9667    34.7847    34.7841    27.6808    27.6807    7.39313 0.0000e+00
      35848    571.058     3.3436     3.3398   3.204775   3.204387     1.9307     2.3256      7.980    -0.6019     1.8060 1.0715e-01    -0.1046   102.6501     6.6850     6.9678    34.7847    34.7841    27.6809    27.6807    7.39316 0.0000e+00
      35851    570.970     3.3435     3.3399   3.204754   3.204373     1.9315     2.3235      7.980    -0.6121     1.8060 1.0715e-01    -0.1060   102.6863     6.6890     6.9598    34.7846    34.7839    27.6807    27.6805    7.39317 0.0000e+00
      35854    570.874     3.3431     3.3399   3.204672   3.204372     1.9319     2.3247      7.980    -0.5918    -0.8391 1.0715e-01    -0.1078   102.7315     6.6925     6.9649    34.7841    34.7839    27.6804    27.6806    7.39327 0.0000e+00
      35857    570.774     3.3431     3.3398   3.204654   3.204364     1.9315     2.3260      7.980    -0.6121    -1.5497 1.0715e-01    -0.1078   102.7315     6.6907     6.9690    34.7839    34.7840    27.6803    27.6806    7.39329 0.0000e+00
      35860    570.668     3.3431     3.3397   3.204662   3.204311     1.9315     2.3252      7.980    -0.6121    -1.5497 1.0715e-01    -0.1078   102.7315     6.6910     6.9662    34.7841    34.7834    27.6804    27.6802    7.39328 0.0000e+00
      35863    570.555     3.3434     3.3394   3.204700   3.204247     1.9307     2.3243      7.980    -0.6121    -1.5102 1.0715e-01    -0.1078   102.7315     6.6872     6.9642    34.7843    34.7831    27.6805    27.6799    7.39321 0.0000e+00
      35866    570.437     3.3433     3.3391   3.204679   3.204159     1.9307     2.3247      7.980    -0.6223    -1.5497 1.0727e-01    -0.1078   102.7315     6.6865     6.9660    34.7842    34.7824    27.6805    27.6795    7.39324 0.0000e+00
      35869    570.316     3.3434     3.3387   3.204648   3.204105     1.9319     2.3256      7.980    -0.6019    -1.5497 1.0715e-01    -0.1074   102.7225     6.6903     6.9707    34.7837    34.7822    27.6801    27.6793    7.39323 0.0000e+00
      35872    570.188     3.3431     3.3386   3.204627   3.204046     1.9319     2.3252      7.980    -0.6121    -1.5102 1.0715e-01    -0.1067   102.7044     6.6893     6.9729    34.7839    34.7818    27.6803    27.6790    7.39328 0.0000e+00
      35875    570.055     3.3430     3.3385   3.204563   3.204074     1.9315     2.3256      7.980    -0.6121    -1.5497 1.0715e-01    -0.1067   102.7044     6.6873     6.9748    34.7833    34.7822    27.6798    27.6793    7.39334 0.0000e+00
      35878    569.917     3.3428     3.3389   3.204571   3.204121     1.9319     2.3256      7.980    -0.5816    36.2318 1.0715e-01    -0.1067   102.7044     6.6931     6.9718    34.7837    34.7824    27.6801    27.6795    7.39335 0.0000e+00
      35881    569.780     3.3427     3.3389   3.204525   3.204096     1.9315     2.3256      7.980    -0.5918   454.6306 1.0715e-01    -0.1067   102.7044     6.6910     6.9708    34.7833    34.7823    27.6798    27.6793    7.39339 0.0000e+00
      35884    569.638     3.3425     3.3388   3.204451   3.204115     1.9319     2.3256      7.980    -0.5714   481.5159 1.0715e-01    -0.1067   102.7044     6.6922     6.9706    34.7827    34.7826    27.6794    27.6796    7.39346 0.0000e+00
      35887    569.500     3.3423     3.3389   3.204412   3.204096     1.9319     2.3268      7.980    -0.5714   481.1211 1.0715e-01    -0.1067   102.7044     6.6926     6.9754    34.7825    34.7824    27.6792    27.6794    7.39349 0.0000e+00
      35890    569.361     3.3420     3.3385   3.204410   3.204038     1.9311     2.3260      7.980    -0.5714   481.2395 1.0715e-01    -0.1064   102.6954     6.6869     6.9703    34.7830    34.7821    27.6796    27.6793    7.39354 0.0000e+00
      35893    569.221     3.3422     3.3382   3.204382   3.203944     1.9315     2.3268      7.980    -0.5918   481.2790 1.0727e-01    -0.1064   102.6954     6.6870     6.9727    34.7825    34.7814    27.6792    27.6787    7.39353 0.0000e+00
      35896    569.078     3.3421     3.3381   3.204384   3.203927     1.9315     2.3268      7.980    -0.5816   481.2790 1.0715e-01    -0.1060   102.6863     6.6868     6.9704    34.7826    34.7814    27.6793    27.6788    7.39353 0.0000e+00
      35899    568.935     3.3420     3.3380   3.204374   3.203910     1.9323     2.3260      7.980    -0.5613   481.2395 1.0715e-01    -0.1060   102.6863     6.6900     6.9655    34.7827    34.7814    27.6794    27.6788    7.39355 0.0000e+00
      35902    568.794     3.3420     3.3379   3.204374   3.203891     1.9323     2.3264      7.980    -0.5918   481.2395 1.0715e-01    -0.1060   102.6863     6.6891     6.9655    34.7828    34.7813    27.6795    27.6787    7.39355 0.0000e+00
      35905    568.654     3.3420     3.3379   3.204353   3.203895     1.9315     2.3256      7.980    -0.6223   481.2790 1.0715e-01    -0.1067   102.7044     6.6846     6.9588    34.7826    34.7814    27.6793    27.6788    7.39355 0.0000e+00
      35908    568.512     3.3422     3.3381   3.204353   3.203881     1.9315     2.3264      7.980    -0.6019   481.3184 1.0715e-01    -0.1064   102.6954     6.6841     6.9582    34.7825    34.7812    27.6792    27.6786    7.39353 0.0000e+00
      35911    568.375     3.3420     3.3379   3.204343   3.203891     1.9323     2.3268      7.980    -0.6121   481.2790 1.0715e-01    -0.1060   102.6863     6.6912     6.9574    34.7826    34.7816    27.6794    27.6788    7.39355 0.0000e+00
      35914    568.239     3.3422     3.3378   3.204344   3.203906     1.9319     2.3268      7.980    -0.6121   481.3184 1.0715e-01    -0.1078   102.7315     6.6890     6.9571    34.7825    34.7819    27.6792    27.6792    7.39352 0.0000e+00
      35917    568.106     3.3420     3.3379   3.204320   3.203866     1.9319     2.3268      7.980    -0.6019   481.2790 1.0715e-01    -0.1078   102.7315     6.6880     6.9555    34.7825    34.7815    27.6792    27.6788    7.39355 0.0000e+00
      35920    567.976     3.3420     3.3380   3.204334   3.203877     1.9315     2.3256      7.980    -0.6121   481.3184 1.0715e-01    -0.1078   102.7315     6.6855     6.9511    34.7827    34.7815    27.6795    27.6788    7.39355 0.0000e+00
      35923    567.845     3.3421     3.3380   3.204330   3.203854     1.9319     2.3268      7.980    -0.5918   481.2790 1.0715e-01    -0.1078   102.7315     6.6888     6.9551    34.7827    34.7813    27.6794    27.6787    7.39354 0.0000e+00
      35926    567.718     3.3420     3.3380   3.204321   3.203818     1.9315     2.3260      7.980    -0.6121   481.2790 1.0715e-01    -0.1078   102.7315     6.6877     6.9517    34.7827    34.7810    27.6795    27.6784    7.39355 0.0000e+00
      35929    567.592     3.3419     3.3380   3.204287   3.203841     1.9315     2.3256      7.980    -0.5816   481.2395 1.0715e-01    -0.1078   102.7315     6.6862     6.9491    34.7825    34.7813    27.6792    27.6787    7.39358 0.0000e+00
      35932    567.469     3.3419     3.3377   3.204297   3.203826     1.9323     2.3256      7.980    -0.5918   214.0453 1.0715e-01    -0.1067   102.7044     6.6891     6.9470    34.7826    34.7815    27.6793    27.6789    7.39356 0.0000e+00
      35935    567.343     3.3419     3.3378   3.204308   3.203817     1.9323     2.3260      7.980    -0.5816    -0.7996 1.0715e-01    -0.1057   102.6773     6.6890     6.9486    34.7829    34.7814    27.6796    27.6788    7.39356 0.0000e+00
      35938    567.223     3.3417     3.3377   3.204281   3.203824     1.9319     2.3256      7.980    -0.5714     5.3986 1.0715e-01    -0.1057   102.6773     6.6871     6.9488    34.7828    34.7816    27.6795    27.6789    7.39359 0.0000e+00
      35941    567.106     3.3417     3.3377   3.204273   3.203813     1.9323     2.3256      7.980    -0.5816     5.1223 1.0715e-01    -0.1057   102.6773     6.6913     6.9509    34.7828    34.7815    27.6795    27.6789    7.39359 0.0000e+00
      35944    566.987     3.3418     3.3378   3.204276   3.203815     1.9327     2.3256      7.980    -0.5714     5.1223 1.0715e-01    -0.1057   102.6773     6.6931     6.9511    34.7827    34.7815    27.6795    27.6789    7.39358 0.0000e+00
      35947    566.876     3.3420     3.3377   3.204263   3.203810     1.9323     2.3256      7.980    -0.5816     5.1223 1.0715e-01    -0.1057   102.6773     6.6889     6.9500    34.7825    34.7816    27.6792    27.6789    7.39356 0.0000e+00
      35950    566.764     3.3417     3.3378   3.204250   3.203812     1.9315     2.3256      7.980    -0.5918     5.1223 1.0715e-01    -0.1053   102.6682     6.6834     6.9525    34.7827    34.7816    27.6794    27.6789    7.39361 0.0000e+00
      35953    566.655     3.3417     3.3378   3.204250   3.203776     1.9315     2.3256      7.980    -0.5918     5.1223 1.0715e-01    -0.1067   102.7044     6.6810     6.9531    34.7828    34.7812    27.6795    27.6787    7.39361 0.0000e+00
      35956    566.550     3.3420     3.3377   3.204251   3.203780     1.9323     2.3252      7.980    -0.5714     5.1223 1.0715e-01    -0.1067   102.7044     6.6841     6.9518    34.7825    34.7814    27.6793    27.6788    7.39356 0.0000e+00
