Datasets/AZMP/TEL210/tel210_2020_015.cnv
* Sea-Bird SBE 9 Data File:
* FileName = C:\CTDDATA\tel210_2020_015.hex
* Software Version Seasave V 7.26.7.110
* Temperature SN = 1697
* Conductivity SN = 4216
* Number of Bytes Per Scan = 30
* Number of Voltage Words = 4
* Number of Scans Averaged by the Deck Unit = 1
* NMEA baud rate = 4800
** VESSEL/TRIP/SEQ STN:  tel210_2020_015
** LATITUDE XX XX.XX: 47 00.00 N
** LONGITUDE XX XX.XX: 047 49.00 W
** SOUNDING DEPTH (M): 0167
** PROBE TYPE: S1146
** CTD NUMBER: 014
** COMMENTS (14 CHAR): FC-13
** BOTTLES:  10
** LEVELS: 5,10,20,30,40,50,70,100,150,BTM
** STICKERS: 435828 - 435837
** VNET: Y
** DO2: N
# nquan = 22
# nvalues = 3385                        
# units = specified
# name 0 = scan: Scan Count
# name 1 = prDM: Pressure, Digiquartz [db]
# name 2 = t090C: Temperature [ITS-90, deg C]
# name 3 = t190C: Temperature, 2 [ITS-90, deg C]
# name 4 = c0S/m: Conductivity [S/m]
# name 5 = c1S/m: Conductivity, 2 [S/m]
# name 6 = sbeox0V: Oxygen raw, SBE 43 [V]
# name 7 = sbeox1V: Oxygen raw, SBE 43, 2 [V]
# name 8 = ph: pH
# name 9 = flECO-AFL: Fluorescence, WET Labs ECO-AFL/FL [mg/m^3]
# name 10 = wetCDOM: Fluorescence, WET Labs CDOM [mg/m^3]
# name 11 = par/sat/log: PAR/Logarithmic, Satlantic [umol photons/m^2/sec]
# name 12 = CStarAt0: Beam Attenuation, WET Labs C-Star [1/m]
# name 13 = CStarTr0: Beam Transmission, WET Labs C-Star [%]
# name 14 = sbeox0ML/L: Oxygen, SBE 43 [ml/l], WS = 2
# name 15 = sbeox1ML/L: Oxygen, SBE 43, 2 [ml/l], WS = 2
# name 16 = sal00: Salinity, Practical [PSU]
# name 17 = sal11: Salinity, Practical, 2 [PSU]
# name 18 = sigma-t00: Density [sigma-t, kg/m^3 ]
# name 19 = sigma-t11: Density, 2 [sigma-t, kg/m^3 ]
# name 20 = oxsatML/L: Oxygen Saturation, Weiss [ml/l]
# name 21 = flag: flag
# span 0 =          2,      41745       
# span 1 =      0.487,    164.982       
# span 2 =    -1.6273,    10.1321       
# span 3 =    -1.6311,    10.1293       
# span 4 =   2.602149,   3.518543       
# span 5 =   2.601889,   3.515228       
# span 6 =     1.8021,     2.4759       
# span 7 =     2.1798,     3.0434       
# span 8 =      7.811,      8.161       
# span 9 =    -0.6019,     9.1559       
# span 10 =    -2.8130,   482.1870      
# span 11 = 1.0703e-01, 3.0551e+02      
# span 12 =    -0.1519,     0.1425      
# span 13 =    96.5008,   103.8710      
# span 14 =     6.3543,     8.8586      
# span 15 =     6.4519,     9.4856      
# span 16 =    31.7916,    33.4229      
# span 17 =    31.8062,    33.4235      
# span 18 =    24.4260,    26.8305      
# span 19 =    24.4378,    26.8313      
# span 20 =    6.42523,    8.54105      
# span 21 = 0.0000e+00, 0.0000e+00      
# interval = scans: 3                   
# start_time = Jul 16 2020 16:30:22 [System UTC, header]
# bad_flag = -9.990e-29
*END*
[from data line 3227]
      34572     12.222    10.0772     9.8079   3.513320   3.494181     2.3330     2.8180      8.069     0.0289    -1.6681 6.0965e+01    -0.0213   100.5340     6.5429     6.8207    31.9172    31.9617    24.5330    24.6119    6.43212 0.0000e+00
      34575     12.196    10.0764     9.8009   3.515693   3.494006     2.3290     2.8135      8.066     0.0086     7.0963 6.0754e+01    -0.0217   100.5431     6.5419     6.8294    31.9419    31.9662    24.5523    24.6165    6.43123 0.0000e+00
      34578     12.171    10.0864     9.9197   3.516959   3.505508     2.3257     2.8094      8.064     0.0086     7.0173 6.0543e+01    -0.0217   100.5431     6.5410     6.8210    31.9458    31.9776    24.5538    24.6060    6.42965 0.0000e+00
      34581     12.147    10.0913    10.0317   3.517299   3.512585     2.3217     2.8065      8.064     0.0187     7.0173 6.0404e+01    -0.0199   100.4979     6.5369     6.8158    31.9450    31.9500    24.5523    24.5660    6.42899 0.0000e+00
      34584     12.125    10.0945    10.0655   3.517637   3.514594     2.3192     2.8021      8.064     0.0086     7.0173 6.0334e+01    -0.0181   100.4527     6.5373     6.8122    31.9456    31.9405    24.5522    24.5530    6.42851 0.0000e+00
      34587     12.103    10.1014    10.0602   3.518154   3.513586     2.3159     2.7984      8.064    -0.0016     7.0173 6.0473e+01    -0.0184   100.4617     6.5356     6.8146    31.9447    31.9350    24.5503    24.5496    6.42756 0.0000e+00
      34590     12.077    10.1060    10.0406   3.518543   3.512145     2.3131     2.7951      8.061     0.0086     7.0173 6.0543e+01    -0.0184   100.4617     6.5379     6.8171    31.9446    31.9377    24.5495    24.5550    6.42691 0.0000e+00
      34593     12.048    10.1017     9.9703   3.518135   3.505446     2.3107     2.7931      8.060     0.0086     7.0173 6.0754e+01    -0.0181   100.4527     6.5420     6.8303    31.9442    31.9322    24.5500    24.5622    6.42754 0.0000e+00
      34596     12.013    10.1035     9.9140   3.518225   3.500456     2.3082     2.7890      8.060    -0.0016   278.8305 6.1036e+01    -0.0184   100.4617     6.5440     6.8335    31.9436    31.9314    24.5491    24.5709    6.42730 0.0000e+00
      34599     11.975    10.1084     9.8857   3.518354   3.496045     2.3062     2.7866      8.060     0.0797   482.1870 6.1318e+01    -0.0184   100.4617     6.5458     6.8387    31.9406    31.9118    24.5460    24.5602    6.42674 0.0000e+00
      34602     11.933    10.1080     9.8506   3.517927   3.492769     2.3033     2.7850      8.060     0.0899   480.8842 6.1389e+01    -0.0159   100.3984     6.5469     6.8453    31.9367    31.9097    24.5430    24.5643    6.42696 0.0000e+00
      34605     11.888    10.1008     9.7128   3.516987   3.481043     2.3009     2.7821      8.060     0.0899   481.1211 6.1531e+01    -0.0148   100.3713     6.5482     6.8630    31.9336    31.9127    24.5418    24.5890    6.42811 0.0000e+00
      34608     11.836    10.0933     9.7277   3.516604   3.486709     2.2985     2.7801      8.060     0.1103   481.1211 6.1602e+01    -0.0148   100.3713     6.5487     6.8582    31.9363    31.9571    24.5452    24.6213    6.42905 0.0000e+00
      34611     11.782    10.0945     9.7515   3.517136   3.486255     2.2976     2.7772      8.060     0.0899   481.1211 6.1745e+01    -0.0148   100.3713     6.5532     6.8513    31.9407    31.9314    24.5484    24.5973    6.42871 0.0000e+00
      34614     11.729    10.1004     9.8125   3.517299   3.491522     2.2964     2.7748      8.060     0.1001   481.1211 6.2103e+01    -0.0148   100.3713     6.5566     6.8387    31.9371    31.9308    24.5446    24.5870    6.42802 0.0000e+00
      34617     11.675    10.1031     9.9508   3.517217   3.501975     2.2944     2.7723      8.058     0.0797   481.1211 6.2463e+01    -0.0148   100.3713     6.5584     6.8160    31.9339    31.9144    24.5417    24.5516    6.42776 0.0000e+00
      34620     11.624    10.1000    10.0111   3.516708   3.504075     2.2923     2.7699      8.057     0.0899   480.8053 6.3043e+01    -0.0148   100.3713     6.5586     6.8067    31.9315    31.8825    24.5404    24.5168    6.42830 0.0000e+00
      34623     11.575    10.0751    10.0152   3.513619   3.505486     2.2911     2.7679      8.057     0.0899    78.0006 6.3409e+01    -0.0137   100.3441     6.5668     6.8062    31.9224    31.8931    24.5373    24.5244    6.43221 0.0000e+00
      34626     11.530    10.0669    10.0337   3.514102   3.510182     2.2903     2.7658      8.057     0.0492     4.7670 6.3851e+01    -0.0137   100.3441     6.5710     6.8033    31.9345    31.9242    24.5481    24.5456    6.43288 0.0000e+00
      34629     11.485    10.0816     9.9883   3.514000   3.507141     2.2883     2.7634      8.057     0.0289     8.5175 6.4370e+01    -0.0137   100.3441     6.5680     6.8105    31.9206    31.9337    24.5348    24.5604    6.43137 0.0000e+00
      34632     11.440    10.0797     9.9631   3.514032   3.503472     2.2875     2.7610      8.055     0.0391     8.3201 6.4817e+01    -0.0134   100.3351     6.5698     6.8164    31.9225    31.9188    24.5367    24.5530    6.43155 0.0000e+00
      34635     11.386    10.0821     9.9404   3.514382   3.501515     2.2858     2.7597      8.055     0.0492     8.3201 6.5344e+01    -0.0137   100.3441     6.5684     6.8266    31.9240    31.9191    24.5374    24.5569    6.43115 0.0000e+00
      34638     11.331    10.0695     9.9332   3.512792   3.503477     2.2862     2.7581      8.055     0.0391     8.3201 6.6334e+01    -0.0137   100.3441     6.5774     6.8307    31.9191    31.9454    24.5357    24.5786    6.43314 0.0000e+00
      34641     11.271    10.0674     9.9833   3.512944   3.506537     2.2854     2.7569      8.055     0.0289     8.3201 6.7183e+01    -0.0134   100.3351     6.5802     6.8292    31.9225    31.9320    24.5387    24.5600    6.43330 0.0000e+00
      34644     11.215    10.0748    10.0296   3.513503   3.510673     2.2834     2.7565      8.055     0.0391     8.3201 6.8043e+01    -0.0127   100.3170     6.5771     6.8288    31.9216    31.9329    24.5368    24.5531    6.43228 0.0000e+00
      34647     11.158    10.0613    10.0521   3.512080   3.512027     2.2838     2.7565      8.055     0.0391    76.3030 6.8675e+01    -0.0127   100.3170     6.5841     6.8337    31.9192    31.9268    24.5371    24.5446    6.43431 0.0000e+00
      34650     11.111    10.0437    10.0619   3.510728   3.512323     2.2814     2.7549      8.055     0.0289   470.6196 6.9233e+01    -0.0130   100.3260     6.5818     6.8354    31.9211    31.9211    24.5415    24.5385    6.43672 0.0000e+00
      34653     11.070    10.0295    10.0670   3.510991   3.511901     2.2814     2.7540      8.055     0.0696   481.4369 6.9554e+01    -0.0127   100.3170     6.5865     6.8391    31.9363    31.9124    24.5557    24.5309    6.43812 0.0000e+00
      34656     11.037    10.0207    10.0207   3.509914   3.507882     2.2810     2.7540      8.055     0.0797   481.0816 6.9795e+01    -0.0127   100.3170     6.5891     6.8507    31.9332    31.9127    24.5547    24.5388    6.43950 0.0000e+00
      34659     11.005    10.0252    10.0051   3.510093   3.508145     2.2805     2.7540      8.055     0.0594   481.1211 6.9795e+01    -0.0127   100.3170     6.5894     6.8564    31.9311    31.9292    24.5524    24.5542    6.43895 0.0000e+00
      34662     10.976    10.0814     9.9353   3.513926   3.502396     2.2793     2.7528      8.055     0.0594   481.1211 6.9795e+01    -0.0134   100.3351     6.5791     6.8661    31.9202    31.9327    24.5346    24.5684    6.43141 0.0000e+00
      34667     10.932    10.0944     9.9134   3.515662   3.500384     2.2797     2.7516      8.055     0.0594   481.1211 6.9957e+01    -0.0137   100.3441     6.5849     6.8679    31.9263    31.9318    24.5372    24.5712    6.42932 0.0000e+00
      34670     10.899    10.1014     9.9016   3.516200   3.499705     2.2781     2.7520      8.055     0.0594   481.1211 6.9715e+01    -0.0137   100.3441     6.5815     6.8719    31.9255    31.9353    24.5354    24.5759    6.42835 0.0000e+00
      34673     10.865    10.1011     9.9589   3.515737   3.503983     2.2777     2.7516      8.055     0.0696   433.0751 6.9233e+01    -0.0137   100.3441     6.5840     6.8648    31.9211    31.9280    24.5320    24.5608    6.42856 0.0000e+00
      34676     10.832    10.1028     9.9520   3.515506   3.501171     2.2773     2.7512      8.055     0.0492    21.7430 6.8596e+01    -0.0137   100.3441     6.5839     6.8674    31.9173    31.9056    24.5288    24.5445    6.42848 0.0000e+00
      34681     10.783    10.1032     9.8683   3.515881   3.495030     2.2769     2.7504      8.055     0.0187    10.3730 6.7416e+01    -0.0137   100.3441     6.5863     6.8799    31.9208    31.9174    24.5314    24.5675    6.42829 0.0000e+00
      34684     10.752    10.1025     9.8792   3.515245   3.497319     2.2765     2.7504      8.055     0.0391    10.1361 6.6718e+01    -0.0137   100.3441     6.5880     6.8792    31.9150    31.9310    24.5270    24.5763    6.42862 0.0000e+00
      34687     10.720    10.1019     9.9133   3.515075   3.500321     2.2765     2.7495      8.055     0.0391    10.1361 6.6180e+01    -0.0134   100.3351     6.5904     6.8725    31.9138    31.9313    24.5262    24.5709    6.42876 0.0000e+00
      34690     10.690    10.0995     9.9380   3.514909   3.501314     2.2761     2.7495      8.055     0.0391    10.0966 6.5799e+01    -0.0137   100.3441     6.5912     6.8699    31.9143    31.9195    24.5269    24.5577    6.42908 0.0000e+00
      34693     10.661    10.1047     9.9582   3.514716   3.502684     2.2765     2.7487      8.055     0.0289    10.1361 6.5344e+01    -0.0137   100.3441     6.5954     6.8647    31.9077    31.9156    24.5210    24.5512    6.42860 0.0000e+00
      34696     10.633    10.1070     9.9609   3.514948   3.503180     2.2761     2.7491      8.055     0.0289    10.0966 6.5269e+01    -0.0137   100.3441     6.5935     6.8656    31.9081    31.9182    24.5209    24.5529    6.42827 0.0000e+00
      34699     10.603    10.0985     9.9802   3.514048   3.506165     2.2752     2.7491      8.055     0.0391    37.6925 6.5043e+01    -0.0137   100.3441     6.5920     6.8624    31.9065    31.9313    24.5211    24.5600    6.42953 0.0000e+00
      34702     10.575    10.0992    10.0182   3.514776   3.508260     2.2756     2.7491      8.055     0.0391   449.0641 6.4892e+01    -0.0134   100.3351     6.5925     6.8574    31.9133    31.9189    24.5262    24.5440    6.42917 0.0000e+00
      34706     10.539    10.1084    10.0451   3.515275   3.509735     2.2756     2.7483      8.055     0.0289   481.3974 6.4743e+01    -0.0141   100.3532     6.5901     6.8507    31.9101    31.9101    24.5223    24.5327    6.42798 0.0000e+00
      34763     10.492    10.1118    10.0664   3.514853   3.511260     2.2752     2.7483      8.057     0.0289   320.9546 6.6277e+01    -0.0137   100.3441     6.5916     6.8487    31.9029    31.9067    24.5161    24.5265    6.42779 0.0000e+00
      34869     10.400    10.1148    10.0990   3.514867   3.513352     2.2740     2.7479      8.060     0.0391     0.7006 6.8754e+01    -0.0137   100.3441     6.5957     6.8476    31.9005    31.8991    24.5137    24.5152    6.42747 0.0000e+00
      34872     10.309    10.1160    10.0924   3.514971   3.512443     2.2732     2.7479      8.060     0.0289     0.7006 6.9073e+01    -0.0137   100.3441     6.5920     6.8513    31.9004    31.8958    24.5135    24.5137    6.42729 0.0000e+00
      34875     10.223    10.1165    10.0748   3.514916   3.511170     2.2740     2.7475      8.060     0.0289     0.7401 6.9073e+01    -0.0137   100.3441     6.5961     6.8542    31.8995    31.8985    24.5126    24.5188    6.42726 0.0000e+00
      34878     10.144    10.1151    10.0774   3.514729   3.511922     2.2740     2.7479      8.060     0.0187     0.7401 6.8834e+01    -0.0137   100.3441     6.5971     6.8573    31.8989    31.9038    24.5124    24.5225    6.42749 0.0000e+00
      34881     10.073    10.1155    10.0936   3.514835   3.513231     2.2740     2.7475      8.060     0.0492     0.6612 6.8043e+01    -0.0137   100.3441     6.5967     6.8580    31.8997    31.9028    24.5129    24.5190    6.42740 0.0000e+00
      34884     10.015    10.1161    10.1017   3.514877   3.513722     2.2744     2.7475      8.060     0.0492   271.2900 6.6873e+01    -0.0141   100.3532     6.5994     6.8606    31.8996    31.9007    24.5128    24.5160    6.42732 0.0000e+00
      34887      9.970    10.1157    10.1089   3.514775   3.514220     2.2732     2.7467      8.060     0.0492   482.1870 6.5723e+01    -0.0155   100.3894     6.5969     6.8598    31.8989    31.8993    24.5124    24.5137    6.42740 0.0000e+00
      35154      9.934    10.0924    10.0945   3.512709   3.512730     2.2744     2.7516      8.068     0.0289   323.4023 7.1147e+01    -0.0159   100.3984     6.6029     6.8753    31.8987    31.8970    24.5160    24.5143    6.43073 0.0000e+00
      35686      9.900    10.0489    10.0570   3.508970   3.509366     2.2748     2.7601      8.083     0.0289     8.5570 8.4465e+01    -0.0155   100.3894     6.6063     6.8989    31.8993    31.8961    24.5236    24.5198    6.43688 0.0000e+00
      36988      9.858    10.0940    10.0938   3.512897   3.512639     2.2748     2.7666      8.102     0.0086   324.0340 7.9096e+01    -0.0138   100.3441     6.6052     6.9204    31.8992    31.8968    24.5161    24.5143    6.43048 0.0000e+00
      37640      9.796    10.1176    10.1131   3.514907   3.514319     2.2748     2.7707      8.111     0.0086   480.9632 7.6914e+01    -0.0127   100.3170     6.6042     6.9332    31.8987    31.8967    24.5118    24.5110    6.42715 0.0000e+00
      37643      9.733    10.1178    10.1132   3.514947   3.514295     2.2744     2.7715      8.111     0.0086   481.1606 7.7988e+01    -0.0127   100.3170     6.6034     6.9359    31.8990    31.8964    24.5120    24.5107    6.42711 0.0000e+00
      37646      9.670    10.1182    10.1129   3.514928   3.514277     2.2748     2.7707      8.111    -0.0118   481.1606 7.8531e+01    -0.0127   100.3170     6.6056     6.9340    31.8984    31.8965    24.5115    24.5109    6.42707 0.0000e+00
      37649      9.608    10.1183    10.1135   3.514944   3.514345     2.2748     2.7719      8.111     0.0086   481.1606 7.8987e+01    -0.0127   100.3170     6.6061     6.9386    31.8985    31.8967    24.5116    24.5110    6.42705 0.0000e+00
      37652      9.545    10.1185    10.1130   3.514957   3.514273     2.2748     2.7719      8.111     0.0086   481.1211 7.9169e+01    -0.0105   100.2627     6.6062     6.9377    31.8984    31.8964    24.5115    24.5108    6.42702 0.0000e+00
      37655      9.484    10.1187    10.1119   3.514983   3.514185     2.2752     2.7723      8.111    -0.0016   481.2395 7.9813e+01    -0.0076   100.1904     6.6070     6.9385    31.8986    31.8965    24.5116    24.5110    6.42699 0.0000e+00
      37658      9.420    10.1190    10.1117   3.515009   3.514162     2.2752     2.7727      8.111     0.0086   438.9969 8.0090e+01    -0.0079   100.1995     6.6068     6.9389    31.8987    31.8965    24.5116    24.5111    6.42695 0.0000e+00
      37661      9.355    10.1190    10.1105   3.515012   3.514069     2.2756     2.7723      8.111    -0.0016    26.5594 8.0554e+01    -0.0076   100.1904     6.6091     6.9372    31.8987    31.8967    24.5116    24.5114    6.42695 0.0000e+00
      37664      9.289    10.1191    10.1101   3.514990   3.514073     2.2756     2.7723      8.111    -0.0016    13.3340 8.0928e+01    -0.0079   100.1995     6.6103     6.9367    31.8984    31.8971    24.5114    24.5118    6.42694 0.0000e+00
      37667      9.221    10.1179    10.1114   3.514919   3.514193     2.2760     2.7731      8.111     0.0086    13.9261 8.1209e+01    -0.0083   100.2085     6.6120     6.9399    31.8988    31.8972    24.5118    24.5117    6.42710 0.0000e+00
