Datasets/AZMP/TEL210/tel210_2020_024.cnv
* Sea-Bird SBE 9 Data File:
* FileName = C:\CTDDATA\tel210_2020_024.hex
* Software Version Seasave V 7.26.7.110
* Temperature SN = 1697
* Conductivity SN = 4216
* Number of Bytes Per Scan = 30
* Number of Voltage Words = 4
* Number of Scans Averaged by the Deck Unit = 1
* NMEA baud rate = 4800
** VESSEL/TRIP/SEQ STN:  tel210_2020_024
** LATITUDE XX XX.XX: 47 00.00 N
** LONGITUDE XX XX.XX: 045 43.80 W
** SOUNDING DEPTH (M): 0276
** PROBE TYPE: S1146
** CTD NUMBER: 023
** COMMENTS (14 CHAR): FC-22
** BOTTLES:  0
** LEVELS:
** STICKERS:
** VNET: N
** DO2: N
# nquan = 22
# nvalues = 5725                        
# units = specified
# name 0 = scan: Scan Count
# name 1 = prDM: Pressure, Digiquartz [db]
# name 2 = t090C: Temperature [ITS-90, deg C]
# name 3 = t190C: Temperature, 2 [ITS-90, deg C]
# name 4 = c0S/m: Conductivity [S/m]
# name 5 = c1S/m: Conductivity, 2 [S/m]
# name 6 = sbeox0V: Oxygen raw, SBE 43 [V]
# name 7 = sbeox1V: Oxygen raw, SBE 43, 2 [V]
# name 8 = ph: pH
# name 9 = flECO-AFL: Fluorescence, WET Labs ECO-AFL/FL [mg/m^3]
# name 10 = wetCDOM: Fluorescence, WET Labs CDOM [mg/m^3]
# name 11 = par/sat/log: PAR/Logarithmic, Satlantic [umol photons/m^2/sec]
# name 12 = CStarAt0: Beam Attenuation, WET Labs C-Star [1/m]
# name 13 = CStarTr0: Beam Transmission, WET Labs C-Star [%]
# name 14 = sbeox0ML/L: Oxygen, SBE 43 [ml/l], WS = 2
# name 15 = sbeox1ML/L: Oxygen, SBE 43, 2 [ml/l], WS = 2
# name 16 = sal00: Salinity, Practical [PSU]
# name 17 = sal11: Salinity, Practical, 2 [PSU]
# name 18 = sigma-t00: Density [sigma-t, kg/m^3 ]
# name 19 = sigma-t11: Density, 2 [sigma-t, kg/m^3 ]
# name 20 = oxsatML/L: Oxygen Saturation, Weiss [ml/l]
# name 21 = flag: flag
# span 0 =         89,      18479       
# span 1 =      0.801,    278.674       
# span 2 =     3.6695,    11.4536       
# span 3 =     3.6645,    11.4495       
# span 4 =   3.184470,   3.779646       
# span 5 =   3.183908,   3.779023       
# span 6 =     1.6576,     2.4251       
# span 7 =     1.9827,     2.9658       
# span 8 =      7.891,      8.221       
# span 9 =    -0.6325,     5.7269       
# span 10 =    -2.8130,   482.1870      
# span 11 = 1.0703e-01, 1.0186e+02      
# span 12 =    -0.1289,     0.2373      
# span 13 =    94.2400,   103.2741      
# span 14 =     5.0538,     7.8004      
# span 15 =     5.2712,     8.2498      
# span 16 =    33.3288,    34.8730      
# span 17 =    33.3290,    34.8719      
# span 18 =    25.3942,    27.6514      
# span 19 =    25.3944,    27.6510      
# span 20 =    6.18635,    7.34967      
# span 21 = 0.0000e+00, 0.0000e+00      
# interval = scans: 3                   
# start_time = Jul 17 2020 21:04:14 [System UTC, header]
# bad_flag = -9.990e-29
*END*
[from data line 3556]
      11641    205.967     4.3597     4.3540   3.279931   3.279252     1.8089     2.1801      7.953    -0.5816     4.6880 1.0715e-01    -0.1275   103.2380     5.6971     5.9685    34.7970    34.7950    27.5864    27.5854    7.20965 0.0000e+00
      11644    205.862     4.3590     4.3535   3.279739   3.279138     1.8097     2.1809      7.953    -0.5714     5.1618 1.0715e-01    -0.1250   103.1746     5.7008     5.9703    34.7955    34.7942    27.5853    27.5848    7.20984 0.0000e+00
      11647    205.760     4.3575     4.3532   3.279507   3.279094     1.8093     2.1809      7.955    -0.5714     5.1223 1.0715e-01    -0.1205   103.0571     5.7007     5.9707    34.7944    34.7941    27.5845    27.5848    7.21016 0.0000e+00
      11650    205.655     4.3566     4.3525   3.279424   3.278993     1.8101     2.1809      7.953    -0.5816     5.1223 1.0715e-01    -0.1208   103.0661     5.7027     5.9704    34.7944    34.7938    27.5847    27.5846    7.21032 0.0000e+00
      11653    205.546     4.3564     4.3513   3.279364   3.278833     1.8097     2.1818      7.953    -0.5714     5.1223 1.0715e-01    -0.1205   103.0571     5.7003     5.9734    34.7941    34.7931    27.5844    27.5842    7.21038 0.0000e+00
      11656    205.439     4.3550     4.3506   3.279172   3.278731     1.8097     2.1809      7.953    -0.5816     5.1223 1.0715e-01    -0.1208   103.0661     5.7020     5.9717    34.7933    34.7928    27.5839    27.5840    7.21066 0.0000e+00
      11659    205.332     4.3547     4.3500   3.279228   3.278629     1.8101     2.1809      7.953    -0.5714     5.1223 1.0715e-01    -0.1205   103.0571     5.7024     5.9698    34.7943    34.7922    27.5848    27.5836    7.21066 0.0000e+00
      11662    205.224     4.3546     4.3499   3.279130   3.278616     1.8097     2.1813      7.953    -0.5714     5.1223 1.0715e-01    -0.1205   103.0571     5.7000     5.9691    34.7934    34.7923    27.5841    27.5837    7.21073 0.0000e+00
      11665    205.116     4.3539     4.3496   3.279025   3.278598     1.8105     2.1822      7.953    -0.5816     4.3722 1.0715e-01    -0.1240   103.1475     5.7010     5.9700    34.7929    34.7924    27.5838    27.5838    7.21088 0.0000e+00
      11668    205.006     4.3536     4.3494   3.278998   3.278523     1.8109     2.1813      7.953    -0.5918     1.2139 1.0715e-01    -0.1278   103.2470     5.7031     5.9679    34.7930    34.7918    27.5838    27.5834    7.21092 0.0000e+00
      11671    204.894     4.3537     4.3486   3.279067   3.278416     1.8109     2.1830      7.953    -0.6019     1.3323 1.0715e-01    -0.1275   103.2380     5.7054     5.9745    34.7937    34.7915    27.5844    27.5832    7.21086 0.0000e+00
      11674    204.780     4.3526     4.3479   3.278820   3.278357     1.8113     2.1822      7.953    -0.5918     1.3323 1.0715e-01    -0.1278   103.2470     5.7093     5.9712    34.7920    34.7916    27.5832    27.5833    7.21114 0.0000e+00
      11677    204.667     4.3504     4.3479   3.278588   3.278347     1.8117     2.1826      7.953    -0.5918     1.3323 1.0715e-01    -0.1278   103.2470     5.7121     5.9723    34.7917    34.7915    27.5832    27.5833    7.21155 0.0000e+00
      11680    204.555     4.3486     4.3476   3.278430   3.278314     1.8113     2.1830      7.953    -0.5816     1.3323 1.0715e-01    -0.1278   103.2470     5.7100     5.9746    34.7918    34.7914    27.5834    27.5833    7.21185 0.0000e+00
      11683    204.445     4.3491     4.3465   3.278491   3.278134     1.8113     2.1830      7.953    -0.5714     1.3323 1.0715e-01    -0.1275   103.2380     5.7097     5.9747    34.7921    34.7906    27.5836    27.5827    7.21176 0.0000e+00
      11686    204.336     4.3490     4.3441   3.278377   3.277872     1.8113     2.1826      7.953    -0.5816     1.3323 1.0715e-01    -0.1268   103.2199     5.7088     5.9726    34.7909    34.7901    27.5826    27.5825    7.21183 0.0000e+00
      11689    204.233     4.3445     4.3428   3.277844   3.277726     1.8113     2.1834      7.953    -0.5816     1.3323 1.0715e-01    -0.1268   103.2199     5.7064     5.9742    34.7893    34.7898    27.5819    27.5824    7.21269 0.0000e+00
      11692    204.130     4.3421     4.3412   3.277548   3.277496     1.8121     2.1838      7.956    -0.5816     2.2403 1.0715e-01    -0.1268   103.2199     5.7100     5.9750    34.7884    34.7888    27.5815    27.5819    7.21316 0.0000e+00
      11695    204.028     4.3392     4.3388   3.277265   3.277242     1.8130     2.1834      7.955    -0.5714     3.2668 1.0715e-01    -0.1271   103.2289     5.7149     5.9732    34.7883    34.7884    27.5817    27.5818    7.21368 0.0000e+00
      11698    203.933     4.3417     4.3386   3.277564   3.277221     1.8130     2.1834      7.953    -0.5918     3.2273 1.0715e-01    -0.1268   103.2199     5.7163     5.9744    34.7892    34.7884    27.5821    27.5819    7.21320 0.0000e+00
      11701    203.843     4.3377     4.3385   3.277146   3.277217     1.8130     2.1834      7.953    -0.5918     3.2273 1.0715e-01    -0.1268   103.2199     5.7168     5.9749    34.7886    34.7886    27.5821    27.5819    7.21394 0.0000e+00
      11704    203.756     4.3413     4.3380   3.277885   3.277187     1.8125     2.1846      7.953    -0.5918     3.2273 1.0715e-01    -0.1268   103.2199     5.7135     5.9808    34.7935    34.7888    27.5856    27.5822    7.21306 0.0000e+00
      11707    203.670     4.3464     4.3368   3.278233   3.277015     1.8134     2.1846      7.953    -0.6019     3.2273 1.0715e-01    -0.1278   103.2470     5.7150     5.9816    34.7923    34.7880    27.5841    27.5818    7.21222 0.0000e+00
      11710    203.582     4.3404     4.3335   3.277431   3.276649     1.8125     2.1846      7.953    -0.5816     3.2273 1.0715e-01    -0.1278   103.2470     5.7113     5.9842    34.7892    34.7872    27.5822    27.5814    7.21342 0.0000e+00
      11713    203.492     4.3425     4.3360   3.277919   3.277015     1.8130     2.1838      7.953    -0.5918     3.2273 1.0715e-01    -0.1278   103.2470     5.7103     5.9813    34.7928    34.7890    27.5849    27.5826    7.21289 0.0000e+00
      11716    203.405     4.3471     4.3349   3.278223   3.276886     1.8134     2.1846      7.955    -0.5816     3.2273 1.0715e-01    -0.1278   103.2470     5.7106     5.9863    34.7915    34.7887    27.5834    27.5824    7.21213 0.0000e+00
      11719    203.318     4.3415     4.3385   3.276995   3.277339     1.8142     2.1850      7.953    -0.5714     2.5956 1.0715e-01    -0.1278   103.2470     5.7165     5.9894    34.7830    34.7902    27.5772    27.5833    7.21352 0.0000e+00
      11722    203.235     4.3342     4.3370   3.276610   3.276930     1.8142     2.1850      7.955    -0.5714     2.3982 1.0715e-01    -0.1278   103.2470     5.7180     5.9915    34.7863    34.7871    27.5806    27.5810    7.21466 0.0000e+00
      11725    203.151     4.3391     4.3311   3.277570   3.276334     1.8134     2.1858      7.955    -0.5816     2.3982 1.0715e-01    -0.1257   103.1927     5.7138     5.9956    34.7924    34.7864    27.5850    27.5810    7.21350 0.0000e+00
      11728    203.064     4.3403     4.3296   3.277351   3.276144     1.8138     2.1858      7.953    -0.5714     2.3982 1.0715e-01    -0.1226   103.1113     5.7156     5.9962    34.7887    34.7857    27.5819    27.5806    7.21347 0.0000e+00
      11731    202.981     4.3356     4.3301   3.277232   3.276180     1.8142     2.1862      7.955    -0.5918     2.3982 1.0715e-01    -0.1226   103.1113     5.7200     5.9988    34.7922    34.7856    27.5852    27.5805    7.21413 0.0000e+00
      11734    202.894     4.3370     4.3272   3.277522   3.275821     1.8142     2.1867      7.955    -0.5816     2.3982 1.0715e-01    -0.1226   103.1113     5.7209     6.0026    34.7942    34.7845    27.5866    27.5800    7.21378 0.0000e+00
      11737    202.804     4.3418     4.3226   3.277808   3.275406     1.8142     2.1871      7.953    -0.5714     2.3982 1.0715e-01    -0.1226   103.1113     5.7210     6.0053    34.7925    34.7846    27.5848    27.5805    7.21301 0.0000e+00
      11740    202.713     4.3357     4.3236   3.276910   3.275316     1.8150     2.1871      7.955    -0.5816     2.3982 1.0715e-01    -0.1233   103.1294     5.7268     6.0046    34.7885    34.7825    27.5822    27.5788    7.21428 0.0000e+00
      11743    202.618     4.3373     4.3166   3.276700   3.274433     1.8150     2.1879      7.955    -0.5816     2.3193 1.0715e-01    -0.1226   103.1113     5.7282     6.0088    34.7844    34.7795    27.5788    27.5771    7.21421 0.0000e+00
      11746    202.520     4.3336     4.3150   3.276469   3.274364     1.8146     2.1879      7.955    -0.5918     1.4902 1.0715e-01    -0.1261   103.2018     5.7311     6.0086    34.7856    34.7804    27.5802    27.5781    7.21480 0.0000e+00
      11749    202.421     4.3254     4.3134   3.275526   3.274037     1.8154     2.1883      7.956    -0.5714     1.4507 1.0715e-01    -0.1275   103.2380     5.7372     6.0113    34.7832    34.7784    27.5792    27.5766    7.21636 0.0000e+00
      11752    202.320     4.3206     4.3099   3.274951   3.273672     1.8150     2.1883      7.956    -0.5816     1.4507 1.0715e-01    -0.1278   103.2470     5.7353     6.0114    34.7815    34.7777    27.5783    27.5764    7.21728 0.0000e+00
      11755    202.216     4.3208     4.3086   3.274956   3.273541     1.8162     2.1883      7.958    -0.5816     1.4507 1.0715e-01    -0.1278   103.2470     5.7421     6.0099    34.7814    34.7777    27.5782    27.5765    7.21725 0.0000e+00
      11758    202.107     4.3170     4.3083   3.274322   3.273475     1.8158     2.1895      7.955    -0.5816     1.4507 1.0715e-01    -0.1278   103.2470     5.7431     6.0146    34.7780    34.7772    27.5760    27.5762    7.21809 0.0000e+00
      11761    201.998     4.3129     4.3073   3.274075   3.273313     1.8170     2.1895      7.958    -0.5816     1.4507 1.0715e-01    -0.1278   103.2470     5.7505     6.0156    34.7795    34.7764    27.5775    27.5757    7.21873 0.0000e+00
      11764    201.887     4.3138     4.3054   3.274000   3.273066     1.8170     2.1899      7.956    -0.5714     1.4507 1.0715e-01    -0.1275   103.2380     5.7506     6.0165    34.7777    34.7756    27.5760    27.5752    7.21866 0.0000e+00
      11767    201.778     4.3097     4.3036   3.273541   3.272899     1.8170     2.1903      7.953    -0.5918     1.4507 1.0715e-01    -0.1278   103.2470     5.7523     6.0164    34.7767    34.7756    27.5757    27.5755    7.21944 0.0000e+00
      11770    201.669     4.3093     4.3042   3.273634   3.272944     1.8179     2.1903      7.953    -0.5918     0.6217 1.0715e-01    -0.1278   103.2470     5.7556     6.0157    34.7783    34.7756    27.5769    27.5754    7.21943 0.0000e+00
      11773    201.557     4.3076     4.3015   3.273274   3.272598     1.8170     2.1915      7.956    -0.5816    -1.2733 1.0715e-01    -0.1275   103.2380     5.7506     6.0203    34.7759    34.7744    27.5752    27.5747    7.21985 0.0000e+00
      11776    201.439     4.3029     4.3018   3.272727   3.272712     1.8179     2.1907      7.955    -0.5816    -1.1944 1.0715e-01    -0.1278   103.2470     5.7537     6.0170    34.7744    34.7754    27.5746    27.5755    7.22074 0.0000e+00
      11779    201.320     4.3013     4.3022   3.272711   3.272753     1.8187     2.1911      7.958    -0.5714    -1.1944 1.0715e-01    -0.1278   103.2470     5.7559     6.0167    34.7760    34.7756    27.5760    27.5756    7.22095 0.0000e+00
      11782    201.200     4.3019     4.2998   3.272618   3.272313     1.8187     2.1919      7.958    -0.5816    -1.1944 1.0715e-01    -0.1271   103.2289     5.7547     6.0205    34.7743    34.7730    27.5747    27.5738    7.22093 0.0000e+00
      11785    201.078     4.2968     4.2935   3.272003   3.271603     1.8191     2.1923      7.956    -0.5918    -1.1549 1.0715e-01    -0.1271   103.2289     5.7558     6.0248    34.7726    34.7713    27.5738    27.5731    7.22192 0.0000e+00
      11788    200.958     4.2931     4.2914   3.271699   3.271533     1.8191     2.1919      7.953    -0.6121    -1.1944 1.0715e-01    -0.1278   103.2470     5.7581     6.0250    34.7730    34.7728    27.5745    27.5746    7.22255 0.0000e+00
      11791    200.838     4.2917     4.2919   3.271470   3.271530     1.8195     2.1919      7.955    -0.6121    -1.1549 1.0715e-01    -0.1278   103.2470     5.7617     6.0269    34.7718    34.7722    27.5737    27.5741    7.22284 0.0000e+00
      11794    200.718     4.2901     4.2912   3.271381   3.271437     1.8199     2.1923      7.958    -0.6223    -1.1549 1.0715e-01    -0.1278   103.2470     5.7622     6.0312    34.7725    34.7719    27.5745    27.5739    7.22310 0.0000e+00
      11797    200.598     4.2882     4.2868   3.271074   3.270876     1.8195     2.1932      7.955    -0.6121    -1.3523 1.0715e-01    -0.1278   103.2470     5.7627     6.0374    34.7710    34.7701    27.5735    27.5729    7.22351 0.0000e+00
      11800    200.481     4.2867     4.2848   3.271043   3.270765     1.8203     2.1932      7.958    -0.6121    -1.3918 1.0715e-01    -0.1278   103.2470     5.7652     6.0401    34.7722    34.7709    27.5746    27.5737    7.22372 0.0000e+00
      11803    200.363     4.2897     4.2838   3.271541   3.270596     1.8199     2.1932      7.955    -0.6223    -1.3918 1.0715e-01    -0.1278   103.2470     5.7631     6.0411    34.7750    34.7701    27.5765    27.5732    7.22305 0.0000e+00
      11806    200.248     4.2900     4.2848   3.271349   3.270757     1.8203     2.1952      7.958    -0.6223    -1.3918 1.0715e-01    -0.1261   103.2018     5.7652     6.0495    34.7725    34.7709    27.5745    27.5738    7.22312 0.0000e+00
      11809    200.129     4.2893     4.2840   3.271357   3.270625     1.8207     2.1948      7.958    -0.6121    -1.3918 1.0715e-01    -0.1236   103.1385     5.7670     6.0496    34.7733    34.7703    27.5752    27.5733    7.22319 0.0000e+00
      11812    200.012     4.2884     4.2842   3.271204   3.270707     1.8223     2.1956      7.956    -0.5816    -1.3918 1.0715e-01    -0.1236   103.1385     5.7732     6.0519    34.7726    34.7711    27.5747    27.5740    7.22340 0.0000e+00
      11815    199.893     4.2876     4.2836   3.271100   3.270556     1.8219     2.1960      7.958    -0.5918    -1.3918 1.0715e-01    -0.1236   103.1385     5.7700     6.0511    34.7722    34.7700    27.5745    27.5732    7.22355 0.0000e+00
      11818    199.775     4.2909     4.2803   3.271508   3.270163     1.8215     2.1968      7.958    -0.5816    -1.3918 1.0715e-01    -0.1236   103.1385     5.7679     6.0522    34.7736    34.7689    27.5752    27.5727    7.22290 0.0000e+00
      11821    199.655     4.2893     4.2792   3.271026   3.270099     1.8227     2.1968      7.958    -0.5816    -1.3918 1.0715e-01    -0.1243   103.1566     5.7741     6.0506    34.7697    34.7694    27.5723    27.5732    7.22337 0.0000e+00
      11824    199.536     4.2847     4.2787   3.270633   3.269980     1.8227     2.1972      7.956    -0.5816     0.5427 1.0715e-01    -0.1236   103.1385     5.7730     6.0496    34.7700    34.7687    27.5731    27.5726    7.22417 0.0000e+00
      11827    199.418     4.2829     4.2773   3.270501   3.269898     1.8227     2.1981      7.958    -0.5714     0.8586 1.0715e-01    -0.1264   103.2108     5.7728     6.0489    34.7704    34.7692    27.5735    27.5732    7.22447 0.0000e+00
      11830    199.296     4.2809     4.2777   3.270217   3.269999     1.8231     2.1981      7.956    -0.5918     0.8586 1.0715e-01    -0.1282   103.2560     5.7730     6.0426    34.7692    34.7700    27.5728    27.5738    7.22488 0.0000e+00
      11833    199.179     4.2788     4.2768   3.270072   3.269830     1.8227     2.1981      7.958    -0.5816     0.8586 1.0715e-01    -0.1278   103.2470     5.7685     6.0391    34.7698    34.7691    27.5735    27.5731    7.22522 0.0000e+00
