Datasets/AZMP/TEL210/tel210_2020_031.cnv
* Sea-Bird SBE 9 Data File:
* FileName = C:\CTDDATA\tel210_2020_031.hex
* Software Version Seasave V 7.26.7.110
* Temperature SN = 1697
* Conductivity SN = 4216
* Number of Bytes Per Scan = 30
* Number of Voltage Words = 4
* Number of Scans Averaged by the Deck Unit = 1
* NMEA baud rate = 4800
** VESSEL/TRIP/SEQ STN:  tel210_2020_031
** LATITUDE XX XX.XX: 47 00.00 N
** LONGITUDE XX XX.XX: 044 13.90 W
** SOUNDING DEPTH (M): 0272
** PROBE TYPE: S1146
** CTD NUMBER: 030
** COMMENTS (14 CHAR): FC-29
** BOTTLES:  10
** LEVELS: 5,10,20,30,40,50,75,100,150,BTM
** STICKERS: 435931 - 435940
** VNET: Y
** DO2: N
# nquan = 22
# nvalues = 5417                        
# units = specified
# name 0 = scan: Scan Count
# name 1 = prDM: Pressure, Digiquartz [db]
# name 2 = t090C: Temperature [ITS-90, deg C]
# name 3 = t190C: Temperature, 2 [ITS-90, deg C]
# name 4 = c0S/m: Conductivity [S/m]
# name 5 = c1S/m: Conductivity, 2 [S/m]
# name 6 = sbeox0V: Oxygen raw, SBE 43 [V]
# name 7 = sbeox1V: Oxygen raw, SBE 43, 2 [V]
# name 8 = ph: pH
# name 9 = flECO-AFL: Fluorescence, WET Labs ECO-AFL/FL [mg/m^3]
# name 10 = wetCDOM: Fluorescence, WET Labs CDOM [mg/m^3]
# name 11 = par/sat/log: PAR/Logarithmic, Satlantic [umol photons/m^2/sec]
# name 12 = CStarAt0: Beam Attenuation, WET Labs C-Star [1/m]
# name 13 = CStarTr0: Beam Transmission, WET Labs C-Star [%]
# name 14 = sbeox0ML/L: Oxygen, SBE 43 [ml/l], WS = 2
# name 15 = sbeox1ML/L: Oxygen, SBE 43, 2 [ml/l], WS = 2
# name 16 = sal00: Salinity, Practical [PSU]
# name 17 = sal11: Salinity, Practical, 2 [PSU]
# name 18 = sigma-t00: Density [sigma-t, kg/m^3 ]
# name 19 = sigma-t11: Density, 2 [sigma-t, kg/m^3 ]
# name 20 = oxsatML/L: Oxygen Saturation, Weiss [ml/l]
# name 21 = flag: flag
# span 0 =         59,      37570       
# span 1 =      0.792,    268.502       
# span 2 =     3.2590,    11.7152       
# span 3 =     3.2522,    11.7146       
# span 4 =   3.125553,   3.750992       
# span 5 =   3.124922,   3.750543       
# span 6 =     1.7627,     2.4219       
# span 7 =     2.1189,     2.9582       
# span 8 =      7.928,      8.232       
# span 9 =    -0.6325,     7.4770       
# span 10 =    -2.8130,   482.1870      
# span 11 = 1.0678e-01, 9.1798e+01      
# span 12 =    -0.1324,     0.3680      
# span 13 =    91.2105,   103.3645      
# span 14 =     5.5519,     7.9334      
# span 15 =     5.8012,     8.3389      
# span 16 =    32.8256,    34.8622      
# span 17 =    32.8252,    34.8613      
# span 18 =    24.9564,    27.6642      
# span 19 =    24.9533,    27.6640      
# span 20 =    6.17142,    7.43801      
# span 21 = 0.0000e+00, 0.0000e+00      
# interval = scans: 3                   
# start_time = Jul 18 2020 08:57:04 [System UTC, header]
# bad_flag = -9.990e-29
*END*
[from data line 3293]
      13088    173.387     3.6657     3.6743   3.208433   3.209232     1.9296     2.3326      7.974    -0.5816   481.2790 1.0715e-01    -0.1236   103.1385     6.3368     6.6463    34.7003    34.7008    27.5819    27.5815    7.33840 0.0000e+00
      13091    173.351     3.6659     3.6736   3.208440   3.209270     1.9300     2.3334      7.974    -0.5918   481.3184 1.0715e-01    -0.1243   103.1566     6.3361     6.6427    34.7003    34.7020    27.5819    27.5825    7.33838 0.0000e+00
      13094    173.324     3.6661     3.6696   3.208453   3.208719     1.9300     2.3351      7.974    -0.5816   481.3184 1.0715e-01    -0.1243   103.1566     6.3316     6.6461    34.7003    34.6996    27.5819    27.5810    7.33835 0.0000e+00
      13118    173.240     3.6816     3.6739   3.210130   3.209334     1.9320     2.3379      7.974    -0.5918   481.3579 1.0715e-01    -0.1240   103.1475     6.3253     6.6391    34.7038    34.7026    27.5831    27.5829    7.33534 0.0000e+00
      13131    173.179     3.6884     3.6759   3.210954   3.209584     1.9332     2.3395      7.974    -0.5816   415.4279 1.0715e-01    -0.1236   103.1385     6.3267     6.6384    34.7065    34.7034    27.5846    27.5834    7.33398 0.0000e+00
      13134    173.138     3.6890     3.6742   3.211063   3.209350     1.9332     2.3395      7.976    -0.5918    12.7812 1.0715e-01    -0.1236   103.1385     6.3290     6.6418    34.7072    34.7025    27.5851    27.5828    7.33384 0.0000e+00
      13137    173.087     3.6905     3.6741   3.211298   3.209389     1.9332     2.3399      7.976    -0.5816     6.4646 1.0715e-01    -0.1236   103.1385     6.3317     6.6461    34.7085    34.7031    27.5859    27.5833    7.33351 0.0000e+00
      13140    173.023     3.6925     3.6753   3.211397   3.209527     1.9341     2.3408      7.976    -0.5816     7.3331 1.0715e-01    -0.1236   103.1385     6.3357     6.6498    34.7075    34.7035    27.5850    27.5835    7.33319 0.0000e+00
      13143    172.947     3.6929     3.6781   3.211369   3.209889     1.9345     2.3412      7.974    -0.5816     7.2542 1.0715e-01    -0.1247   103.1656     6.3369     6.6546    34.7069    34.7048    27.5844    27.5843    7.33315 0.0000e+00
      13146    172.863     3.6925     3.6818   3.211258   3.210240     1.9332     2.3403      7.976    -0.5816     7.2542 1.0715e-01    -0.1247   103.1656     6.3334     6.6522    34.7060    34.7051    27.5838    27.5842    7.33327 0.0000e+00
      13149    172.768     3.6836     3.6832   3.210093   3.210274     1.9341     2.3420      7.976    -0.5816     7.2542 1.0715e-01    -0.1247   103.1656     6.3408     6.6604    34.7015    34.7041    27.5811    27.5832    7.33510 0.0000e+00
      13152    172.658     3.6694     3.6782   3.208527   3.209467     1.9349     2.3424      7.976    -0.5714     7.2542 1.0715e-01    -0.1247   103.1656     6.3480     6.6659    34.6980    34.6999    27.5797    27.5803    7.33786 0.0000e+00
      13155    172.536     3.6640     3.6690   3.208078   3.208391     1.9357     2.3432      7.974    -0.5918     7.2542 1.0715e-01    -0.1247   103.1656     6.3570     6.6733    34.6984    34.6968    27.5806    27.5788    7.33881 0.0000e+00
      13158    172.405     3.6568     3.6590   3.207041   3.207049     1.9361     2.3436      7.976    -0.5816   187.5944 1.0715e-01    -0.1247   103.1656     6.3623     6.6772    34.6937    34.6914    27.5776    27.5755    7.34035 0.0000e+00
      13161    172.266     3.6504     3.6470   3.206493   3.206007     1.9365     2.3448      7.974    -0.6019   482.1870 1.0715e-01    -0.1247   103.1656     6.3685     6.6849    34.6940    34.6918    27.5784    27.5770    7.34150 0.0000e+00
      13164    172.120     3.6491     3.6476   3.206421   3.206467     1.9357     2.3448      7.977    -0.5918   481.1605 1.0715e-01    -0.1254   103.1837     6.3668     6.6866    34.6945    34.6968    27.5790    27.5809    7.34170 0.0000e+00
      13167    171.966     3.6489     3.6542   3.206368   3.207194     1.9369     2.3461      7.976    -0.6019   481.3184 1.0715e-01    -0.1247   103.1656     6.3746     6.6938    34.6943    34.6985    27.5788    27.5816    7.34176 0.0000e+00
      13170    171.805     3.6487     3.6584   3.206484   3.207581     1.9373     2.3461      7.977    -0.5816   481.3184 1.0715e-01    -0.1250   103.1746     6.3797     6.6947    34.6959    34.6988    27.5801    27.5814    7.34171 0.0000e+00
      13173    171.641     3.6550     3.6588   3.207117   3.207449     1.9373     2.3473      7.979    -0.5918   481.3579 1.0715e-01    -0.1247   103.1656     6.3801     6.6994    34.6969    34.6969    27.5802    27.5799    7.34051 0.0000e+00
      13176    171.469     3.6507     3.6545   3.206397   3.206675     1.9385     2.3477      7.979    -0.5816   481.3579 1.0715e-01    -0.1247   103.1656     6.3892     6.7033    34.6930    34.6923    27.5776    27.5767    7.34150 0.0000e+00
      13179    171.295     3.6460     3.6430   3.205874   3.205414     1.9393     2.3481      7.979    -0.5816   481.2790 1.0715e-01    -0.1247   103.1656     6.3960     6.7078    34.6917    34.6895    27.5771    27.5756    7.34240 0.0000e+00
      13182    171.122     3.6423     3.6370   3.205560   3.204978     1.9389     2.3481      7.979    -0.5816   481.3579 1.0715e-01    -0.1247   103.1656     6.3989     6.7156    34.6920    34.6907    27.5777    27.5771    7.34306 0.0000e+00
      13185    170.947     3.6385     3.6300   3.204901   3.203897     1.9406     2.3497      7.979    -0.5918   167.6575 1.0715e-01    -0.1247   103.1656     6.4103     6.7282    34.6883    34.6853    27.5751    27.5735    7.34394 0.0000e+00
      13188    170.770     3.6290     3.6217   3.203817   3.203177     1.9397     2.3509      7.979    -0.5918    -1.8260 1.0715e-01    -0.1243   103.1566     6.4110     6.7365    34.6854    34.6856    27.5738    27.5746    7.34580 0.0000e+00
      13191    170.597     3.6228     3.6170   3.203243   3.202607     1.9410     2.3518      7.979    -0.5816     2.2403 1.0715e-01    -0.1240   103.1475     6.4187     6.7430    34.6853    34.6838    27.5743    27.5736    7.34694 0.0000e+00
      13194    170.421     3.6185     3.6117   3.202698   3.201938     1.9422     2.3522      7.979    -0.5816     2.0429 1.0715e-01    -0.1243   103.1566     6.4270     6.7480    34.6834    34.6815    27.5732    27.5723    7.34782 0.0000e+00
      13197    170.252     3.6130     3.6063   3.202003   3.201387     1.9430     2.3538      7.979    -0.5816     2.0429 1.0715e-01    -0.1240   103.1475     6.4332     6.7577    34.6810    34.6808    27.5718    27.5723    7.34894 0.0000e+00
      13200    170.090     3.6059     3.6012   3.201182   3.200727     1.9434     2.3534      7.979    -0.5816     2.0429 1.0715e-01    -0.1240   103.1475     6.4363     6.7592    34.6788    34.6783    27.5708    27.5708    7.35034 0.0000e+00
      13203    169.935     3.6008     3.5947   3.200724   3.200114     1.9438     2.3554      7.979    -0.5918     2.0429 1.0715e-01    -0.1243   103.1566     6.4403     6.7695    34.6788    34.6780    27.5712    27.5712    7.35126 0.0000e+00
      13206    169.788     3.5994     3.5939   3.200678   3.200094     1.9451     2.3583      7.979    -0.5816     2.0429 1.0715e-01    -0.1243   103.1566     6.4444     6.7791    34.6798    34.6787    27.5722    27.5719    7.35147 0.0000e+00
      13209    169.648     3.5986     3.5925   3.200574   3.199939     1.9446     2.3583      7.979    -0.5714     2.0824 1.0715e-01    -0.1240   103.1475     6.4414     6.7774    34.6796    34.6784    27.5721    27.5717    7.35163 0.0000e+00
      13212    169.516     3.5976     3.5920   3.200520   3.199816     1.9463     2.3579      7.979    -0.5918     3.3852 1.0715e-01    -0.1243   103.1566     6.4472     6.7749    34.6800    34.6775    27.5725    27.5711    7.35178 0.0000e+00
      13215    169.393     3.5969     3.5899   3.200348   3.199623     1.9467     2.3595      7.978    -0.5816     3.4642 1.0715e-01    -0.1243   103.1566     6.4469     6.7798    34.6787    34.6775    27.5716    27.5714    7.35197 0.0000e+00
      13218    169.275     3.5962     3.5903   3.200286   3.199706     1.9479     2.3603      7.979    -0.5816     3.4642 1.0715e-01    -0.1240   103.1475     6.4518     6.7809    34.6788    34.6781    27.5717    27.5717    7.35210 0.0000e+00
      13221    169.165     3.5948     3.5911   3.200106   3.199705     1.9479     2.3619      7.979    -0.5714     3.4642 1.0715e-01    -0.1236   103.1385     6.4505     6.7828    34.6782    34.6773    27.5714    27.5710    7.35239 0.0000e+00
      13224    169.064     3.5919     3.5899   3.199807   3.199627     1.9491     2.3623      7.979    -0.5816     3.4642 1.0715e-01    -0.1243   103.1566     6.4552     6.7805    34.6777    34.6777    27.5713    27.5715    7.35294 0.0000e+00
      13227    168.972     3.5913     3.5909   3.199772   3.199723     1.9491     2.3632      7.979    -0.5714     3.4642 1.0715e-01    -0.1243   103.1566     6.4549     6.7757    34.6780    34.6779    27.5716    27.5715    7.35304 0.0000e+00
      13230    168.887     3.5921     3.5984   3.199933   3.200160     1.9491     2.3644      7.979    -0.5816     3.4642 1.0715e-01    -0.1247   103.1656     6.4547     6.7751    34.6791    34.6752    27.5724    27.5687    7.35283 0.0000e+00
      13233    168.811     3.5926     3.5975   3.199989   3.200331     1.9503     2.3648      7.979    -0.5816     3.4642 1.0715e-01    -0.1247   103.1656     6.4568     6.7753    34.6793    34.6783    27.5725    27.5712    7.35273 0.0000e+00
      13236    168.743     3.5919     3.5971   3.199830   3.200453     1.9507     2.3656      7.979    -0.5816     3.1484 1.0715e-01    -0.1247   103.1656     6.4560     6.7737    34.6782    34.6802    27.5717    27.5727    7.35292 0.0000e+00
      13239    168.681     3.5924     3.5951   3.199842   3.200243     1.9520     2.3664      7.979    -0.5816     1.8850 1.0715e-01    -0.1247   103.1656     6.4608     6.7715    34.6779    34.6798    27.5714    27.5726    7.35284 0.0000e+00
      13242    168.626     3.5912     3.5931   3.199746   3.199867     1.9520     2.3672      7.979    -0.5714     1.9245 1.0715e-01    -0.1240   103.1475     6.4601     6.7701    34.6780    34.6774    27.5715    27.5710    7.35305 0.0000e+00
      13245    168.580     3.5908     3.5896   3.199692   3.199566     1.9524     2.3677      7.979    -0.5816     1.9245 1.0715e-01    -0.1243   103.1566     6.4607     6.7690    34.6778    34.6776    27.5715    27.5714    7.35314 0.0000e+00
      13248    168.538     3.5911     3.5949   3.199708   3.200295     1.9532     2.3677      7.979    -0.5816     1.9245 1.0715e-01    -0.1240   103.1475     6.4633     6.7656    34.6777    34.6807    27.5714    27.5734    7.35309 0.0000e+00
      13251    168.494     3.5904     3.6059   3.199628   3.201431     1.9544     2.3681      7.979    -0.5816     1.9245 1.0715e-01    -0.1240   103.1475     6.4673     6.7639    34.6775    34.6826    27.5713    27.5738    7.35322 0.0000e+00
      13254    168.451     3.5896     3.6009   3.199544   3.200941     1.9544     2.3685      7.981    -0.5918     1.9245 1.0715e-01    -0.1247   103.1656     6.4662     6.7636    34.6774    34.6821    27.5713    27.5739    7.35338 0.0000e+00
      13257    168.403     3.5935     3.6098   3.200071   3.202007     1.9540     2.3693      7.979    -0.5714     1.9245 1.0715e-01    -0.1243   103.1566     6.4623     6.7625    34.6796    34.6855    27.5726    27.5757    7.35256 0.0000e+00
      13260    168.355     3.5994     3.6153   3.200640   3.202485     1.9552     2.3693      7.979    -0.5816     1.9245 1.0715e-01    -0.1240   103.1475     6.4650     6.7602    34.6802    34.6854    27.5725    27.5751    7.35146 0.0000e+00
      13263    168.305     3.6005     3.6156   3.200751   3.202451     1.9561     2.3701      7.979    -0.5714     0.9770 1.0715e-01    -0.1236   103.1385     6.4668     6.7625    34.6804    34.6847    27.5725    27.5745    7.35124 0.0000e+00
      13266    168.249     3.6003     3.6138   3.200704   3.202221     1.9561     2.3705      7.979    -0.5918    -0.1679 1.0715e-01    -0.1240   103.1475     6.4660     6.7654    34.6801    34.6839    27.5723    27.5740    7.35130 0.0000e+00
      13269    168.190     3.5963     3.6117   3.200524   3.202066     1.9561     2.3709      7.979    -0.5816    -0.0889 1.0715e-01    -0.1236   103.1385     6.4635     6.7674    34.6822    34.6843    27.5744    27.5745    7.35192 0.0000e+00
      13272    168.128     3.5986     3.6134   3.200757   3.202259     1.9569     2.3717      7.979    -0.5816    -0.1284 1.0715e-01    -0.1240   103.1475     6.4654     6.7720    34.6826    34.6848    27.5745    27.5748    7.35148 0.0000e+00
      13275    168.062     3.5967     3.6127   3.200360   3.202144     1.9573     2.3726      7.981    -0.5918    -0.0889 1.0715e-01    -0.1240   103.1475     6.4663     6.7766    34.6798    34.6842    27.5725    27.5744    7.35196 0.0000e+00
      13278    167.988     3.5949     3.6111   3.200168   3.201941     1.9581     2.3721      7.981    -0.5816    -0.0889 1.0715e-01    -0.1236   103.1385     6.4731     6.7751    34.6795    34.6835    27.5724    27.5740    7.35231 0.0000e+00
      13281    167.908     3.5938     3.6122   3.199911   3.202110     1.9589     2.3726      7.979    -0.5816    -0.1284 1.0715e-01    -0.1236   103.1385     6.4780     6.7760    34.6776    34.6844    27.5710    27.5746    7.35260 0.0000e+00
      13284    167.823     3.5867     3.6102   3.198957   3.201679     1.9589     2.3730      7.979    -0.5816    -0.1284 1.0715e-01    -0.1236   103.1385     6.4793     6.7777    34.6738    34.6814    27.5686    27.5724    7.35408 0.0000e+00
      13287    167.729     3.5813     3.6061   3.198401   3.201120     1.9589     2.3742      7.980    -0.5918    -0.0889 1.0715e-01    -0.1240   103.1475     6.4801     6.7824    34.6728    34.6792    27.5684    27.5710    7.35510 0.0000e+00
      13290    167.630     3.5840     3.5924   3.198928   3.199325     1.9589     2.3742      7.979    -0.5816     0.6217 1.0715e-01    -0.1236   103.1385     6.4807     6.7844    34.6763    34.6722    27.5710    27.5669    7.35444 0.0000e+00
      13293    167.528     3.5909     3.5838   3.199689   3.198622     1.9597     2.3750      7.981    -0.5714     0.8191 1.0715e-01    -0.1236   103.1385     6.4830     6.7897    34.6782    34.6730    27.5718    27.5684    7.35309 0.0000e+00
      13296    167.422     3.5871     3.5811   3.198875   3.198384     1.9605     2.3758      7.981    -0.5816     0.8586 1.0715e-01    -0.1236   103.1385     6.4878     6.7949    34.6726    34.6731    27.5677    27.5687    7.35407 0.0000e+00
      13299    167.315     3.5817     3.5801   3.198400   3.198409     1.9605     2.3766      7.983    -0.5816     0.8586 1.0715e-01    -0.1240   103.1475     6.4865     6.7980    34.6727    34.6745    27.5683    27.5699    7.35504 0.0000e+00
      13302    167.203     3.5811     3.5809   3.198406   3.198411     1.9618     2.3762      7.983    -0.5918     0.8586 1.0715e-01    -0.1240   103.1475     6.4922     6.7962    34.6735    34.6737    27.5690    27.5691    7.35512 0.0000e+00
      13305    167.091     3.5803     3.5802   3.198234   3.198411     1.9626     2.3766      7.984    -0.5918     0.8586 1.0715e-01    -0.1236   103.1385     6.4961     6.7959    34.6723    34.6745    27.5681    27.5699    7.35532 0.0000e+00
      13308    166.981     3.5800     3.5832   3.198212   3.198731     1.9626     2.3774      7.983    -0.5714     0.8586 1.0715e-01    -0.1236   103.1385     6.4978     6.7984    34.6724    34.6752    27.5682    27.5702    7.35537 0.0000e+00
      13311    166.868     3.5801     3.5845   3.198185   3.198896     1.9626     2.3778      7.981    -0.5816     0.8586 1.0715e-01    -0.1236   103.1385     6.4971     6.8014    34.6721    34.6759    27.5679    27.5705    7.35537 0.0000e+00
