Datasets/AZMP/TEL210/tel210_2020_142.cnv
* Sea-Bird SBE 9 Data File:
* FileName = C:\CTDDATA\tel210_2020_142.hex
* Software Version Seasave V 7.26.7.110
* Temperature SN = 1697
* Conductivity SN = 4216
* Number of Bytes Per Scan = 30
* Number of Voltage Words = 4
* Number of Scans Averaged by the Deck Unit = 1
* NMEA baud rate = 4800
** VESSEL/TRIP/SEQ STN:  tel210_2020_142
** LATITUDE XX XX.XX: 47 47.40 N
** LONGITUDE XX XX.XX: 051 25.20 W
** SOUNDING DEPTH (M): 0143
** PROBE TYPE: S1146
** CTD NUMBER: 083
** COMMENTS (14 CHAR): S27-06
** BOTTLES:  0
** LEVELS:
** STICKERS:
** VNET: N
** DO2: N
# nquan = 22
# nvalues = 3085                        
# units = specified
# name 0 = scan: Scan Count
# name 1 = prDM: Pressure, Digiquartz [db]
# name 2 = t090C: Temperature [ITS-90, deg C]
# name 3 = t190C: Temperature, 2 [ITS-90, deg C]
# name 4 = c0S/m: Conductivity [S/m]
# name 5 = c1S/m: Conductivity, 2 [S/m]
# name 6 = sbeox0V: Oxygen raw, SBE 43 [V]
# name 7 = sbeox1V: Oxygen raw, SBE 43, 2 [V]
# name 8 = ph: pH
# name 9 = flECO-AFL: Fluorescence, WET Labs ECO-AFL/FL [mg/m^3]
# name 10 = wetCDOM: Fluorescence, WET Labs CDOM [mg/m^3]
# name 11 = par/sat/log: PAR/Logarithmic, Satlantic [umol photons/m^2/sec]
# name 12 = CStarAt0: Beam Attenuation, WET Labs C-Star [1/m]
# name 13 = CStarTr0: Beam Transmission, WET Labs C-Star [%]
# name 14 = sbeox0ML/L: Oxygen, SBE 43 [ml/l], WS = 2
# name 15 = sbeox1ML/L: Oxygen, SBE 43, 2 [ml/l], WS = 2
# name 16 = sal00: Salinity, Practical [PSU]
# name 17 = sal11: Salinity, Practical, 2 [PSU]
# name 18 = sigma-t00: Density [sigma-t, kg/m^3 ]
# name 19 = sigma-t11: Density, 2 [sigma-t, kg/m^3 ]
# name 20 = oxsatML/L: Oxygen Saturation, Weiss [ml/l]
# name 21 = flag: flag
# span 0 =          4,      10762       
# span 1 =      0.167,    141.835       
# span 2 =    -1.4186,    13.2117       
# span 3 =    -1.4243,    13.2076       
# span 4 =   1.975280,   3.751412       
# span 5 =   2.116840,   3.750949       
# span 6 =     1.8407,     2.5016       
# span 7 =     2.2058,     3.0308       
# span 8 =      7.825,      8.203       
# span 9 =     0.6981,     1.7775       
# span 10 =    -2.8130,   482.1870      
# span 11 = 1.0548e-01, 5.5369e-01      
# span 12 =    -0.1436,     0.2426      
# span 13 =    94.1858,   103.6539      
# span 14 =     6.0612,     8.6813      
# span 15 =     5.9134,     9.0775      
# span 16 =    15.6726,    33.1634      
# span 17 =    16.9319,    33.1628      
# span 18 =    11.4453,    26.6450      
# span 19 =    12.4150,    26.6447      
# span 20 =    6.02742,    8.48738      
# span 21 = 0.0000e+00, 0.0000e+00      
# interval = scans: 3                   
# start_time = Jul 31 2020 01:26:21 [System UTC, header]
# bad_flag = -9.990e-29
*END*
[from data line 2305]
       8003     65.731    -1.1724    -1.1927   2.631870   2.631144     2.0575     2.4812      7.938     0.9309     1.0954 1.0715e-01    -0.1268   103.2199     7.9666     8.2438    32.6099    32.6222    26.2218    26.2323    8.44014 0.0000e+00
       8006     65.640    -1.1672    -1.1889   2.632080   2.631210     2.0579     2.4820      7.938     0.9203     1.0954 1.0715e-01    -0.1268   103.2199     7.9709     8.2459    32.6072    32.6189    26.2194    26.2296    8.43910 0.0000e+00
       8009     65.548    -1.1608    -1.1832   2.632263   2.631431     2.0583     2.4824      7.938     0.9309     1.9640 1.0715e-01    -0.1268   103.2199     7.9740     8.2479    32.6028    32.6159    26.2157    26.2269    8.43789 0.0000e+00
       8012     65.456    -1.1530    -1.1786   2.632465   2.631449     2.0583     2.4824      7.938     0.9309     2.6746 1.0715e-01    -0.1268   103.2199     7.9706     8.2480    32.5971    32.6111    26.2108    26.2229    8.43642 0.0000e+00
       8015     65.360    -1.1480    -1.1791   2.632589   2.631424     2.0591     2.4816      7.938     0.9203     2.6351 1.0715e-01    -0.1268   103.2199     7.9744     8.2461    32.5934    32.6113    26.2076    26.2231    8.43549 0.0000e+00
       8018     65.263    -1.1445    -1.1809   2.632624   2.631395     2.0591     2.4824      7.938     0.9203     2.6351 1.0715e-01    -0.1268   103.2199     7.9694     8.2509    32.5901    32.6130    26.2049    26.2245    8.43487 0.0000e+00
       8021     65.162    -1.1417    -1.1807   2.632762   2.631442     2.0599     2.4828      7.938     0.9309     2.6351 1.0727e-01    -0.1268   103.2199     7.9697     8.2494    32.5890    32.6135    26.2039    26.2249    8.43429 0.0000e+00
       8024     65.060    -1.1385    -1.1814   2.632905   2.631405     2.0599     2.4836      7.938     0.9203     2.6351 1.0715e-01    -0.1275   103.2380     7.9683     8.2524    32.5876    32.6138    26.2026    26.2252    8.43364 0.0000e+00
       8027     64.955    -1.1358    -1.1919   2.633068   2.631073     2.0603     2.4849      7.938     0.9415     2.6351 1.0715e-01    -0.1268   103.2199     7.9695     8.2589    32.5869    32.6207    26.2019    26.2311    8.43305 0.0000e+00
       8030     64.846    -1.1339    -1.1987   2.633143   2.631012     2.0611     2.4845      7.938     0.9732     2.6351 1.0715e-01    -0.1268   103.2199     7.9726     8.2603    32.5859    32.6274    26.2012    26.2368    8.43268 0.0000e+00
       8033     64.735    -1.1340    -1.1989   2.633160   2.631010     2.0607     2.4849      7.938     0.9627     2.6351 1.0715e-01    -0.1268   103.2199     7.9712     8.2643    32.5864    32.6276    26.2015    26.2369    8.43269 0.0000e+00
       8036     64.623    -1.1332    -1.1984   2.633338   2.631081     2.0611     2.4857      7.938     0.9521     2.4377 1.0715e-01    -0.1254   103.1837     7.9723     8.2659    32.5880    32.6282    26.2028    26.2373    8.43241 0.0000e+00
       8039     64.505    -1.1295    -1.1924   2.633502   2.631159     2.0620     2.4861      7.938     0.9732     2.3982 1.0715e-01    -0.1250   103.1746     7.9764     8.2659    32.5862    32.6228    26.2012    26.2328    8.43165 0.0000e+00
       8042     64.383    -1.1279    -1.1910   2.633515   2.631306     2.0620     2.4861      7.938     0.9627     2.3982 1.0715e-01    -0.1254   103.1837     7.9745     8.2643    32.5848    32.6233    26.2000    26.2331    8.43137 0.0000e+00
       8045     64.266    -1.1308    -1.1751   2.633404   2.631878     2.0624     2.4865      7.938     0.9627     2.3982 1.0715e-01    -0.1257   103.1927     7.9770     8.2609    32.5865    32.6139    26.2015    26.2250    8.43194 0.0000e+00
       8048     64.148    -1.1277    -1.1605   2.633632   2.632185     2.0628     2.4873      7.938     0.9732     2.3982 1.0715e-01    -0.1250   103.1746     7.9792     8.2578    32.5862    32.6022    26.2012    26.2151    8.43123 0.0000e+00
       8051     64.031    -1.1253    -1.1578   2.633691   2.632061     2.0636     2.4873      7.938     0.9626     2.3982 1.0715e-01    -0.1254   103.1837     7.9832     8.2577    32.5845    32.5977    26.1997    26.2114    8.43078 0.0000e+00
       8054     63.910    -1.1260    -1.1579   2.633633   2.632307     2.0632     2.4885      7.938     0.8992     2.3982 1.0715e-01    -0.1250   103.1746     7.9826     8.2640    32.5846    32.6012    26.1998    26.2143    8.43094 0.0000e+00
       8057     63.791    -1.1260    -1.1424   2.633782   2.633009     2.0640     2.4877      7.938     0.8992     2.3982 1.0715e-01    -0.1250   103.1746     7.9897     8.2561    32.5867    32.5940    26.2015    26.2079    8.43083 0.0000e+00
       8060     63.673    -1.1193    -1.1367   2.634254   2.632988     2.0644     2.4877      7.938     0.8886     2.1613 1.0715e-01    -0.1254   103.1837     7.9905     8.2557    32.5859    32.5876    26.2007    26.2026    8.42933 0.0000e+00
       8063     63.556    -1.1145    -1.1362   2.634473   2.633232     2.0648     2.4893      7.938     0.8886     0.8191 1.0715e-01    -0.1257   103.1927     7.9920     8.2634    32.5837    32.5905    26.1988    26.2049    8.42835 0.0000e+00
       8066     63.442    -1.1097    -1.1294   2.634806   2.633639     2.0644     2.4897      7.938     0.8992     0.8586 1.0715e-01    -0.1257   103.1927     7.9878     8.2629    32.5830    32.5887    26.1981    26.2032    8.42728 0.0000e+00
       8069     63.332    -1.1058    -1.1240   2.634932   2.633967     2.0652     2.4897      7.938     0.8886     0.8586 1.0715e-01    -0.1257   103.1927     7.9881     8.2588    32.5806    32.5873    26.1960    26.2019    8.42653 0.0000e+00
       8072     63.223    -1.1040    -1.1196   2.635012   2.634020     2.0660     2.4897      7.938     0.8886     0.8586 1.0715e-01    -0.1257   103.1927     7.9909     8.2577    32.5798    32.5833    26.1953    26.1986    8.42616 0.0000e+00
       8075     63.117    -1.1007    -1.1176   2.635250   2.634323     2.0664     2.4910      7.938     0.8886     0.8586 1.0715e-01    -0.1219   103.0933     7.9885     8.2637    32.5796    32.5854    26.1950    26.2002    8.42542 0.0000e+00
       8078     63.017    -1.0945    -1.1085   2.635731   2.634929     2.0664     2.4910      7.938     0.9521     0.8586 1.0715e-01    -0.1201   103.0480     7.9851     8.2625    32.5795    32.5837    26.1947    26.1986    8.42402 0.0000e+00
       8081     62.923    -1.0891    -1.1014   2.635969   2.635204     2.0681     2.4914      7.938     1.0156     0.7796 1.0715e-01    -0.1205   103.0571     7.9885     8.2624    32.5768    32.5798    26.1924    26.1952    8.42291 0.0000e+00
       8084     62.837    -1.0885    -1.1013   2.635883   2.635023     2.0672     2.4922      7.938     1.0262     0.8191 1.0715e-01    -0.1205   103.0571     7.9819     8.2628    32.5751    32.5773    26.1909    26.1931    8.42288 0.0000e+00
       8087     62.753    -1.0891    -1.1029   2.635935   2.635027     2.0681     2.4922      7.938     1.0262     1.0560 1.0715e-01    -0.1205   103.0571     7.9844     8.2608    32.5765    32.5791    26.1921    26.1946    8.42294 0.0000e+00
       8090     62.677    -1.0884    -1.1002   2.636056   2.635265     2.0676     2.4922      7.938     1.0262     1.4507 1.0715e-01    -0.1205   103.0571     7.9817     8.2619    32.5774    32.5795    26.1928    26.1949    8.42272 0.0000e+00
       8093     62.609    -1.0866    -1.0991   2.636130   2.635313     2.0681     2.4922      7.938     1.0262     1.4507 1.0715e-01    -0.1201   103.0480     7.9828     8.2624    32.5765    32.5790    26.1921    26.1945    8.42237 0.0000e+00
       8096     62.545    -1.0846    -1.0992   2.636282   2.635369     2.0685     2.4934      7.940     1.0262     1.4507 1.0715e-01    -0.1159   102.9395     7.9824     8.2644    32.5764    32.5799    26.1919    26.1951    8.42191 0.0000e+00
       8099     62.488    -1.0812    -1.0985   2.636428   2.635287     2.0681     2.4942      7.938     1.0367     1.4507 1.0715e-01    -0.1152   102.9214     7.9790     8.2651    32.5747    32.5780    26.1904    26.1937    8.42122 0.0000e+00
       8102     62.436    -1.0787    -1.1018   2.636624   2.634965     2.0685     2.4938      7.940     1.0156     1.4507 1.0715e-01    -0.1152   102.9214     7.9790     8.2631    32.5748    32.5773    26.1904    26.1931    8.42066 0.0000e+00
       8105     62.392    -1.0749    -1.1083   2.636877   2.634661     2.0693     2.4942      7.938     1.0262     1.4507 1.0715e-01    -0.1152   102.9214     7.9806     8.2681    32.5741    32.5803    26.1898    26.1958    8.41983 0.0000e+00
       8108     62.357    -1.0742    -1.1139   2.636891   2.634556     2.0689     2.4946      7.938     1.0579     1.4112 1.0715e-01    -0.1152   102.9214     7.9848     8.2735    32.5735    32.5850    26.1893    26.1997    8.41970 0.0000e+00
       8111     62.327    -1.0711    -1.1080   2.637195   2.635195     2.0697     2.4950      7.940     1.0579     1.4507 1.0715e-01    -0.1152   102.9214     7.9925     8.2768    32.5743    32.5872    26.1898    26.2014    8.41894 0.0000e+00
       8114     62.301    -1.0671    -1.1003   2.637612   2.635382     2.0709     2.4959      7.941     1.0473     1.8455 1.0715e-01    -0.1145   102.9033     8.0016     8.2814    32.5756    32.5814    26.1908    26.1965    8.41794 0.0000e+00
       8124     62.239    -1.0637    -1.0992   2.637938   2.635392     2.0713     2.4971      7.943     1.1108     1.8455 1.0715e-01    -0.1106   102.8039     8.0163     8.2964    32.5764    32.5803    26.1913    26.1956    8.41712 0.0000e+00
       8142     62.141    -1.0660    -1.0981   2.637393   2.635620     2.0734     2.4999      7.943     1.1849     1.2928 1.0715e-01    -0.1089   102.7587     8.0631     8.3326    32.5716    32.5823    26.1874    26.1971    8.41793 0.0000e+00
       8145     62.116    -1.0905    -1.1081   2.635987   2.634659     2.0738     2.5007      7.943     1.1849     1.3323 1.0715e-01    -0.1089   102.7587     8.0821     8.3498    32.5791    32.5802    26.1942    26.1957    8.42311 0.0000e+00
       8148     62.089    -1.1044    -1.1311   2.635259   2.633576     2.0746     2.5011      7.943     1.1849     1.3323 1.0715e-01    -0.1092   102.7677     8.1018     8.3708    32.5843    32.5905    26.1989    26.2047    8.42599 0.0000e+00
       8151     62.056    -1.1239    -1.1422   2.634208   2.633428     2.0754     2.5015      7.943     1.1955     1.3323 1.0715e-01    -0.1089   102.7587     8.1212     8.3892    32.5913    32.6005    26.2052    26.2132    8.43008 0.0000e+00
       8154     62.019    -1.1287    -1.1430   2.634550   2.633143     2.0770     2.5024      7.943     1.1955     1.3323 1.0715e-01    -0.1089   102.7587     8.1379     8.4110    32.6011    32.5975    26.2133    26.2108    8.43060 0.0000e+00
       8157     61.972    -1.0954    -1.1600   2.636187   2.632302     2.0782     2.5028      7.943     1.1108     1.3323 1.0715e-01    -0.1099   102.7858     8.1465     8.4326    32.5872    32.6046    26.2010    26.2170    8.42377 0.0000e+00
       8160     61.919    -1.0762    -1.1697   2.636696   2.632116     2.0795     2.5036      7.943     1.0473     1.3323 1.0715e-01    -0.1099   102.7858     8.1571     8.4556    32.5734    32.6127    26.1892    26.2239    8.42017 0.0000e+00
       8163     61.858    -1.0874    -1.1708   2.636197   2.632085     2.0795     2.5064      7.943     1.0473     1.3323 1.0715e-01    -0.1099   102.7858     8.1656     8.4828    32.5788    32.6135    26.1939    26.2246    8.42243 0.0000e+00
       8166     61.789    -1.1019    -1.1687   2.635733   2.632153     2.0811     2.5077      7.943     1.0473     1.9640 1.0715e-01    -0.1103   102.7948     8.1777     8.5010    32.5883    32.6121    26.2021    26.2235    8.42520 0.0000e+00
       8169     61.715    -1.1095    -1.1645   2.635282   2.632620     2.0823     2.5105      7.943     1.0473     2.5562 1.0715e-01    -0.1099   102.7858     8.1858     8.5196    32.5904    32.6140    26.2040    26.2248    8.42682 0.0000e+00
       8172     61.633    -1.1157    -1.1487   2.635223   2.633885     2.0840     2.5121      7.945     1.0473     2.5167 1.0715e-01    -0.1099   102.7858     8.1926     8.5291    32.5964    32.6141    26.2090    26.2244    8.42789 0.0000e+00
       8175     61.547    -1.1151    -1.1305   2.635303   2.635196     2.0848     2.5146      7.943     1.0473     2.5167 1.0715e-01    -0.1096   102.7768     8.1916     8.5403    32.5969    32.6121    26.2094    26.2223    8.42772 0.0000e+00
       8178     61.452    -1.1185    -1.1096   2.635215   2.635938     2.0856     2.5158      7.945     1.0579     2.5167 1.0715e-01    -0.1078   102.7315     8.1937     8.5421    32.5994    32.5996    26.2116    26.2114    8.42836 0.0000e+00
       8181     61.348    -1.0911    -1.0976   2.638819   2.636311     2.0868     2.5174      7.946     1.0685     2.5167 1.0715e-01    -0.1078   102.7315     8.1877     8.5472    32.6187    32.5917    26.2264    26.2047    8.42095 0.0000e+00
       8184     61.242    -1.0192    -1.0867   2.643729   2.637201     2.0872     2.5195      7.947     1.0367     2.5167 1.0715e-01    -0.1078   102.7315     8.1703     8.5493    32.6073    32.5920    26.2149    26.2046    8.40514 0.0000e+00
       8187     61.130    -0.9835    -1.0744   2.644324   2.637756     2.0884     2.5207      7.947     1.0262     2.5167 1.0715e-01    -0.1078   102.7315     8.1668     8.5473    32.5767    32.5862    26.1890    26.1995    8.39876 0.0000e+00
       8190     61.015    -0.9750    -1.0630   2.645189   2.639399     2.0888     2.5223      7.947     1.0262     2.5167 1.0715e-01    -0.1078   102.7315     8.1629     8.5466    32.5794    32.5963    26.1908    26.2073    8.39668 0.0000e+00
       8193     60.897    -0.9553    -1.0402   2.646898   2.640260     2.0905     2.5227      7.947     1.0156     1.2139 1.0715e-01    -0.1078   102.7315     8.1650     8.5407    32.5813    32.5833    26.1917    26.1960    8.39208 0.0000e+00
       8196     60.774    -0.9304    -1.0390   2.649471   2.639417     2.0905     2.5256      7.947     1.0261     0.9770 1.0715e-01    -0.1074   102.7225     8.1581     8.5510    32.5892    32.5706    26.1973    26.1857    8.38594 0.0000e+00
       8199     60.648    -0.9119    -1.0521   2.649870   2.638266     2.0921     2.5260      7.947     1.0156     0.9770 1.0715e-01    -0.1074   102.7225     8.1648     8.5557    32.5746    32.5693    26.1849    26.1851    8.38258 0.0000e+00
       8202     60.522    -0.9014    -1.0523   2.651895   2.640835     2.0929     2.5288      7.947     1.0262     0.9770 1.0715e-01    -0.1078   102.7315     8.1689     8.5661    32.5906    32.6045    26.1975    26.2136    8.37925 0.0000e+00
       8205     60.397    -0.8160    -1.0072   2.661467   2.644531     2.0937     2.5305      7.949     1.0367     0.9770 1.0715e-01    -0.1078   102.7315     8.1507     8.5592    32.6275    32.6057    26.2244    26.2132    8.35776 0.0000e+00
       8208     60.271    -0.6859    -0.9667   2.670196   2.649590     2.0949     2.5321      7.949     1.0262     0.9770 1.0715e-01    -0.1082   102.7406     8.1254     8.5537    32.6045    32.6304    26.2012    26.2319    8.32971 0.0000e+00
       8211     60.143    -0.6039    -0.8194   2.674851   2.665450     2.0957     2.5337      7.949     1.0897     0.9770 1.0715e-01    -0.1085   102.7496     8.1113     8.5179    32.5787    32.6851    26.1772    26.2712    8.31277 0.0000e+00
       8214     60.013    -0.5433    -0.6468   2.679055   2.675387     2.0970     2.5353      7.951     1.0791     0.9770 1.0715e-01    -0.1078   102.7315     8.1081     8.4811    32.5699    32.6323    26.1678    26.2222    8.29970 0.0000e+00
       8217     59.887    -0.5029    -0.5444   2.681506   2.679902     2.0978     2.5374      7.950     1.0791     0.8980 1.0715e-01    -0.1103   102.7948     8.1048     8.4635    32.5593    32.5825    26.1576    26.1780    8.29127 0.0000e+00
