Datasets/AZMP/TEL210/tel210_2020_017.cnv
* Sea-Bird SBE 9 Data File:
* FileName = C:\CTDDATA\tel210_2020_017.hex
* Software Version Seasave V 7.26.7.110
* Temperature SN = 1697
* Conductivity SN = 4216
* Number of Bytes Per Scan = 30
* Number of Voltage Words = 4
* Number of Scans Averaged by the Deck Unit = 1
* NMEA baud rate = 4800
** VESSEL/TRIP/SEQ STN:  tel210_2020_017
** LATITUDE XX XX.XX: 47 00.00 N
** LONGITUDE XX XX.XX: 047 15.00 W
** SOUNDING DEPTH (M): 0547
** PROBE TYPE: S1146
** CTD NUMBER: 016
** COMMENTS (14 CHAR): FC-15
** BOTTLES:  11
** LEVELS: 5,10,20,30,40,50,75,100,150,250,btm
** STICKERS: 435848 - 435858
** VNET: y
** DO2: n
# nquan = 22
# nvalues = 11006                       
# units = specified
# name 0 = scan: Scan Count
# name 1 = prDM: Pressure, Digiquartz [db]
# name 2 = t090C: Temperature [ITS-90, deg C]
# name 3 = t190C: Temperature, 2 [ITS-90, deg C]
# name 4 = c0S/m: Conductivity [S/m]
# name 5 = c1S/m: Conductivity, 2 [S/m]
# name 6 = sbeox0V: Oxygen raw, SBE 43 [V]
# name 7 = sbeox1V: Oxygen raw, SBE 43, 2 [V]
# name 8 = ph: pH
# name 9 = flECO-AFL: Fluorescence, WET Labs ECO-AFL/FL [mg/m^3]
# name 10 = wetCDOM: Fluorescence, WET Labs CDOM [mg/m^3]
# name 11 = par/sat/log: PAR/Logarithmic, Satlantic [umol photons/m^2/sec]
# name 12 = CStarAt0: Beam Attenuation, WET Labs C-Star [1/m]
# name 13 = CStarTr0: Beam Transmission, WET Labs C-Star [%]
# name 14 = sbeox0ML/L: Oxygen, SBE 43 [ml/l], WS = 2
# name 15 = sbeox1ML/L: Oxygen, SBE 43, 2 [ml/l], WS = 2
# name 16 = sal00: Salinity, Practical [PSU]
# name 17 = sal11: Salinity, Practical, 2 [PSU]
# name 18 = sigma-t00: Density [sigma-t, kg/m^3 ]
# name 19 = sigma-t11: Density, 2 [sigma-t, kg/m^3 ]
# name 20 = oxsatML/L: Oxygen Saturation, Weiss [ml/l]
# name 21 = flag: flag
# span 0 =         74,      73481       
# span 1 =      0.423,    544.525       
# span 2 =    -1.1197,    10.8825       
# span 3 =    -1.1270,    10.6318       
# span 4 =   0.949744,   3.569208       
# span 5 =   1.713632,   3.568606       
# span 6 =     1.8838,     2.5406       
# span 7 =     2.3176,     3.1274       
# span 8 =      7.914,      8.222       
# span 9 =    -0.6529,     2.8575       
# span 10 =    -2.8130,   482.1870      
# span 11 = 1.0531e-01, 1.0854e+00      
# span 12 =    -0.1561,     2.7115      
# span 13 =    50.7696,   103.9795      
# span 14 =     5.7924,     9.0639      
# span 15 =     5.7803,     9.6405      
# span 16 =     7.4999,    34.7843      
# span 17 =    14.3088,    34.7832      
# span 18 =     5.4577,    27.6810      
# span 19 =    10.7700,    27.6804      
# span 20 =    6.35084,    8.40332      
# span 21 = 0.0000e+00, 0.0000e+00      
# interval = scans: 3                   
# start_time = Jul 17 2020 01:12:16 [System UTC, header]
# bad_flag = -9.990e-29
*END*
[from data line 7968]
      28258    273.925     3.1821     3.1766   3.164565   3.164017     1.9376     2.3472      7.947    -0.5918     9.0307 1.0715e-01    -0.1190   103.0209     6.5178     6.8306    34.6322    34.6315    27.5745    27.5745    7.43054 0.0000e+00
      28261    273.828     3.1825     3.1765   3.164592   3.163987     1.9372     2.3481      7.947    -0.5918    90.5944 1.0715e-01    -0.1187   103.0118     6.5162     6.8334    34.6322    34.6313    27.5745    27.5744    7.43047 0.0000e+00
      28264    273.727     3.1828     3.1748   3.164627   3.163776     1.9376     2.3472      7.947    -0.5816   475.7519 1.0715e-01    -0.1187   103.0118     6.5182     6.8279    34.6323    34.6306    27.5746    27.5740    7.43040 0.0000e+00
      28267    273.627     3.1846     3.1731   3.164796   3.163691     1.9372     2.3468      7.947    -0.5714   481.3974 1.0715e-01    -0.1187   103.0118     6.5176     6.8265    34.6325    34.6314    27.5746    27.5748    7.43006 0.0000e+00
      28270    273.521     3.1850     3.1738   3.164764   3.163796     1.9368     2.3468      7.947    -0.5816   481.1605 1.0715e-01    -0.1190   103.0209     6.5150     6.8282    34.6317    34.6320    27.5739    27.5752    7.43003 0.0000e+00
      28273    273.410     3.1836     3.1732   3.164615   3.163677     1.9372     2.3468      7.947    -0.5816   481.2395 1.0715e-01    -0.1187   103.0118     6.5165     6.8262    34.6315    34.6312    27.5739    27.5746    7.43030 0.0000e+00
      28276    273.300     3.1809     3.1728   3.164383   3.163640     1.9385     2.3477      7.947    -0.5918   481.2395 1.0715e-01    -0.1180   102.9938     6.5203     6.8298    34.6316    34.6313    27.5742    27.5747    7.43080 0.0000e+00
      28279    273.188     3.1828     3.1717   3.164678   3.163563     1.9385     2.3489      7.947    -0.5816   481.2395 1.0715e-01    -0.1173   102.9757     6.5181     6.8341    34.6332    34.6316    27.5753    27.5751    7.43036 0.0000e+00
      28282    273.068     3.1857     3.1740   3.164853   3.163785     1.9389     2.3481      7.947    -0.5714   481.2395 1.0727e-01    -0.1173   102.9757     6.5214     6.8309    34.6323    34.6319    27.5743    27.5751    7.42987 0.0000e+00
      28285    272.945     3.1864     3.1731   3.164887   3.163629     1.9381     2.3485      7.947    -0.5816   481.2395 1.0715e-01    -0.1173   102.9757     6.5200     6.8374    34.6321    34.6310    27.5741    27.5745    7.42976 0.0000e+00
      28288    272.820     3.1862     3.1706   3.164946   3.163473     1.9385     2.3481      7.949    -0.5816   481.2395 1.0715e-01    -0.1173   102.9757     6.5222     6.8382    34.6331    34.6318    27.5749    27.5754    7.42975 0.0000e+00
      28291    272.692     3.1886     3.1684   3.165082   3.163305     1.9397     2.3485      7.950    -0.5714   481.2395 1.0715e-01    -0.1173   102.9757     6.5261     6.8375    34.6322    34.6323    27.5740    27.5759    7.42934 0.0000e+00
      28294    272.564     3.1895     3.1760   3.165260   3.164310     1.9385     2.3493      7.947    -0.5816   481.2395 1.0715e-01    -0.1176   102.9847     6.5181     6.8382    34.6335    34.6364    27.5749    27.5785    7.42911 0.0000e+00
      28297    272.434     3.1955     3.1875   3.165831   3.165097     1.9397     2.3481      7.949    -0.5816   481.2790 1.0715e-01    -0.1176   102.9847     6.5206     6.8307    34.6341    34.6337    27.5748    27.5753    7.42797 0.0000e+00
      28300    272.306     3.2034     3.1954   3.166456   3.165780     1.9389     2.3493      7.949    -0.6019   481.3184 1.0715e-01    -0.1183   103.0028     6.5147     6.8327    34.6333    34.6336    27.5735    27.5745    7.42655 0.0000e+00
      28303    272.177     3.2074     3.1979   3.166719   3.165786     1.9397     2.3493      7.949    -0.5918   481.2790 1.0715e-01    -0.1180   102.9938     6.5194     6.8316    34.6323    34.6311    27.5723    27.5722    7.42585 0.0000e+00
      28306    272.050     3.2096     3.2009   3.166825   3.166083     1.9397     2.3501      7.947    -0.5816   481.2395 1.0727e-01    -0.1183   103.0028     6.5206     6.8339    34.6312    34.6316    27.5712    27.5723    7.42549 0.0000e+00
      28309    271.924     3.2097     3.2018   3.166841   3.166040     1.9401     2.3509      7.947    -0.5816   481.2790 1.0740e-01    -0.1183   103.0028     6.5218     6.8376    34.6314    34.6301    27.5713    27.5711    7.42546 0.0000e+00
      28312    271.799     3.2103     3.2035   3.166856   3.166222     1.9401     2.3493      7.947    -0.5816   481.3184 1.0727e-01    -0.1176   102.9847     6.5195     6.8318    34.6310    34.6306    27.5710    27.5713    7.42538 0.0000e+00
      28315    271.679     3.2105     3.2041   3.166865   3.166203     1.9397     2.3493      7.949    -0.5714   147.4442 1.0740e-01    -0.1173   102.9757     6.5184     6.8302    34.6309    34.6297    27.5709    27.5705    7.42534 0.0000e+00
      28318    271.562     3.2102     3.2043   3.166775   3.166213     1.9405     2.3505      7.947    -0.5918     6.5830 1.0727e-01    -0.1180   102.9938     6.5234     6.8351    34.6303    34.6297    27.5704    27.5705    7.42543 0.0000e+00
      28321    271.451     3.2100     3.2046   3.166774   3.166246     1.9405     2.3509      7.949    -0.5918    12.6628 1.0727e-01    -0.1180   102.9938     6.5230     6.8353    34.6306    34.6298    27.5706    27.5706    7.42546 0.0000e+00
      28324    271.345     3.2095     3.2046   3.166699   3.166234     1.9409     2.3505      7.949    -0.5714    12.4259 1.0715e-01    -0.1176   102.9847     6.5240     6.8304    34.6303    34.6298    27.5704    27.5705    7.42557 0.0000e+00
      28327    271.244     3.2090     3.2043   3.166679   3.166183     1.9413     2.3501      7.950    -0.5918    12.4654 1.0715e-01    -0.1176   102.9847     6.5250     6.8280    34.6305    34.6296    27.5707    27.5704    7.42563 0.0000e+00
      28330    271.147     3.2087     3.2032   3.166678   3.166063     1.9413     2.3509      7.950    -0.5918    12.4259 1.0715e-01    -0.1173   102.9757     6.5224     6.8319    34.6309    34.6293    27.5710    27.5703    7.42567 0.0000e+00
      28333    271.055     3.2079     3.2020   3.166556   3.165949     1.9409     2.3517      7.950    -0.5918    12.4259 1.0715e-01    -0.1173   102.9757     6.5187     6.8379    34.6304    34.6293    27.5707    27.5704    7.42586 0.0000e+00
      28336    270.970     3.2067     3.2014   3.166464   3.165891     1.9409     2.3509      7.950    -0.5816    12.4654 1.0715e-01    -0.1173   102.9757     6.5190     6.8347    34.6306    34.6293    27.5710    27.5705    7.42607 0.0000e+00
      28339    270.889     3.2069     3.2013   3.166462   3.165873     1.9421     2.3517      7.947    -0.6121    35.5212 1.0715e-01    -0.1173   102.9757     6.5244     6.8347    34.6304    34.6292    27.5708    27.5703    7.42604 0.0000e+00
      28342    270.815     3.2067     3.2011   3.166431   3.165867     1.9417     2.3517      7.950    -0.6223   445.9058 1.0715e-01    -0.1173   102.9757     6.5197     6.8340    34.6302    34.6294    27.5707    27.5706    7.42608 0.0000e+00
      28345    270.747     3.2061     3.2010   3.166399   3.165855     1.9421     2.3513      7.947    -0.6223   481.4369 1.0715e-01    -0.1173   102.9757     6.5188     6.8328    34.6305    34.6294    27.5710    27.5705    7.42618 0.0000e+00
      28348    270.685     3.2061     3.2012   3.166367   3.165871     1.9417     2.3509      7.949    -0.6121   481.0816 1.0715e-01    -0.1169   102.9667     6.5165     6.8330    34.6302    34.6294    27.5708    27.5706    7.42620 0.0000e+00
      28351    270.625     3.2056     3.2013   3.166319   3.165902     1.9421     2.3517      7.947    -0.6223   481.2395 1.0715e-01    -0.1173   102.9757     6.5173     6.8341    34.6301    34.6297    27.5707    27.5708    7.42628 0.0000e+00
      28354    270.571     3.2057     3.2011   3.166339   3.165867     1.9409     2.3529      7.950    -0.6121   481.2790 1.0715e-01    -0.1173   102.9757     6.5121     6.8367    34.6304    34.6295    27.5709    27.5707    7.42626 0.0000e+00
      28357    270.518     3.2059     3.2003   3.166381   3.165750     1.9417     2.3521      7.952    -0.6121   481.2395 1.0715e-01    -0.1180   102.9938     6.5157     6.8342    34.6306    34.6290    27.5711    27.5703    7.42620 0.0000e+00
      28360    270.470     3.2059     3.1982   3.166364   3.165564     1.9425     2.3517      7.950    -0.6121   481.2395 1.0715e-01    -0.1183   103.0028     6.5202     6.8344    34.6305    34.6290    27.5710    27.5705    7.42622 0.0000e+00
      28363    270.426     3.2056     3.1954   3.166332   3.165491     1.9430     2.3525      7.952    -0.6121   481.2790 1.0715e-01    -0.1183   103.0028     6.5201     6.8368    34.6304    34.6312    27.5709    27.5725    7.42627 0.0000e+00
      28366    270.382     3.2056     3.1969   3.166294   3.165536     1.9417     2.3525      7.950    -0.5714   360.3152 1.0715e-01    -0.1183   103.0028     6.5165     6.8364    34.6300    34.6301    27.5706    27.5715    7.42629 0.0000e+00
      28369    270.338     3.2053     3.1967   3.166285   3.165503     1.9417     2.3525      7.952    -0.5714    -2.8130 1.0715e-01    -0.1183   103.0028     6.5172     6.8350    34.6302    34.6299    27.5708    27.5714    7.42633 0.0000e+00
      28372    270.295     3.2051     3.1961   3.166279   3.165438     1.9425     2.3529      7.952    -0.5816    -1.9050 1.0715e-01    -0.1183   103.0028     6.5206     6.8328    34.6304    34.6298    27.5710    27.5714    7.42636 0.0000e+00
      28375    270.248     3.2051     3.1970   3.166273   3.165478     1.9421     2.3525      7.952    -0.5918    -0.8785 1.0715e-01    -0.1183   103.0028     6.5188     6.8290    34.6304    34.6294    27.5709    27.5709    7.42637 0.0000e+00
      28378    270.198     3.2049     3.1976   3.166215   3.165579     1.9425     2.3529      7.952    -0.5714    -0.9180 1.0715e-01    -0.1173   102.9757     6.5194     6.8297    34.6299    34.6300    27.5706    27.5714    7.42643 0.0000e+00
      28381    270.146     3.2044     3.1999   3.166182   3.165732     1.9430     2.3529      7.952    -0.5714    -0.9180 1.0715e-01    -0.1176   102.9847     6.5176     6.8310    34.6301    34.6293    27.5708    27.5706    7.42651 0.0000e+00
      28384    270.088     3.2038     3.1998   3.166110   3.165712     1.9434     2.3533      7.952    -0.5816    -0.9180 1.0715e-01    -0.1176   102.9847     6.5175     6.8306    34.6298    34.6293    27.5707    27.5705    7.42664 0.0000e+00
      28387    270.027     3.2034     3.1985   3.166049   3.165590     1.9417     2.3529      7.952    -0.5918    -0.9180 1.0715e-01    -0.1176   102.9847     6.5094     6.8231    34.6295    34.6292    27.5704    27.5707    7.42672 0.0000e+00
      28390    269.961     3.2023     3.1973   3.165928   3.165521     1.9438     2.3529      7.952    -0.5714    -0.9180 1.0715e-01    -0.1173   102.9757     6.5178     6.8199    34.6293    34.6297    27.5703    27.5712    7.42694 0.0000e+00
      28393    269.887     3.2013     3.1984   3.165862   3.165588     1.9425     2.3525      7.952    -0.5816     4.7275 1.0727e-01    -0.1173   102.9757     6.5094     6.8158    34.6296    34.6294    27.5707    27.5708    7.42711 0.0000e+00
      28396    269.810     3.2018     3.1990   3.165890   3.165650     1.9430     2.3525      7.952    -0.5816    10.1756 1.0715e-01    -0.1169   102.9667     6.5082     6.8138    34.6294    34.6296    27.5705    27.5709    7.42702 0.0000e+00
      28399    269.728     3.2019     3.1990   3.165915   3.165607     1.9425     2.3529      7.952    -0.5918     9.8993 1.0715e-01    -0.1162   102.9486     6.5046     6.8129    34.6297    34.6291    27.5708    27.5705    7.42700 0.0000e+00
      28402    269.637     3.2018     3.1978   3.165926   3.165519     1.9425     2.3529      7.952    -0.5714     9.8598 1.0715e-01    -0.1159   102.9395     6.5013     6.8119    34.6300    34.6294    27.5710    27.5708    7.42700 0.0000e+00
      28405    269.537     3.2022     3.1978   3.165945   3.165502     1.9425     2.3538      7.952    -0.5918     9.8993 1.0715e-01    -0.1162   102.9486     6.4983     6.8110    34.6299    34.6291    27.5708    27.5707    7.42694 0.0000e+00
      28408    269.428     3.2019     3.1975   3.165839   3.165420     1.9425     2.3517      7.952    -0.5714     9.8993 1.0715e-01    -0.1155   102.9305     6.4976     6.8013    34.6290    34.6286    27.5701    27.5702    7.42704 0.0000e+00
      28411    269.314     3.1995     3.1961   3.165635   3.165264     1.9421     2.3513      7.952    -0.5918     9.8598 1.0715e-01    -0.1162   102.9486     6.4949     6.7972    34.6290    34.6282    27.5704    27.5701    7.42747 0.0000e+00
      28414    269.195     3.1988     3.1950   3.165557   3.165204     1.9421     2.3513      7.952    -0.5918     9.8598 1.0715e-01    -0.1155   102.9305     6.4947     6.7946    34.6290    34.6288    27.5704    27.5706    7.42761 0.0000e+00
      28417    269.070     3.1986     3.1942   3.165536   3.165155     1.9425     2.3517      7.952    -0.5918     9.8598 1.0715e-01    -0.1162   102.9486     6.4970     6.7936    34.6290    34.6291    27.5705    27.5710    7.42765 0.0000e+00
      28420    268.941     3.1977     3.1933   3.165524   3.165114     1.9417     2.3517      7.952    -0.5816     5.8724 1.0715e-01    -0.1169   102.9667     6.4905     6.7878    34.6299    34.6297    27.5713    27.5715    7.42777 0.0000e+00
      28423    268.803     3.1964     3.1931   3.165332   3.165105     1.9425     2.3513      7.952    -0.5816     4.9643 1.0715e-01    -0.1169   102.9667     6.4937     6.7812    34.6290    34.6298    27.5707    27.5716    7.42804 0.0000e+00
      28426    268.664     3.1942     3.1937   3.164999   3.165125     1.9413     2.3513      7.952    -0.5918     5.0038 1.0715e-01    -0.1173   102.9757     6.4889     6.7780    34.6275    34.6294    27.5697    27.5713    7.42854 0.0000e+00
      28429    268.519     3.1917     3.1932   3.164841   3.164971     1.9417     2.3497      7.952    -0.5714     5.0038 1.0715e-01    -0.1169   102.9667     6.4911     6.7713    34.6282    34.6283    27.5705    27.5704    7.42896 0.0000e+00
      28432    268.368     3.1923     3.1905   3.164911   3.164661     1.9409     2.3501      7.952    -0.5918     5.0038 1.0715e-01    -0.1169   102.9667     6.4862     6.7753    34.6286    34.6274    27.5707    27.5700    7.42884 0.0000e+00
      28435    268.213     3.1940     3.1919   3.165084   3.164822     1.9417     2.3493      7.954    -0.5816     5.0038 1.0715e-01    -0.1169   102.9667     6.4868     6.7684    34.6290    34.6280    27.5709    27.5703    7.42851 0.0000e+00
      28438    268.055     3.1914     3.1890   3.164621   3.164343     1.9417     2.3493      7.954    -0.5714     5.0038 1.0715e-01    -0.1169   102.9667     6.4842     6.7648    34.6261    34.6254    27.5689    27.5685    7.42912 0.0000e+00
      28441    267.896     3.1875     3.1846   3.164285   3.163988     1.9409     2.3485      7.955    -0.5714     5.0038 1.0715e-01    -0.1166   102.9576     6.4803     6.7594    34.6264    34.6258    27.5694    27.5692    7.42984 0.0000e+00
      28444    267.744     3.1856     3.1820   3.164043   3.163726     1.9405     2.3472      7.954    -0.5918     5.1223 1.0715e-01    -0.1169   102.9667     6.4751     6.7545    34.6255    34.6255    27.5689    27.5693    7.43023 0.0000e+00
      28447    267.591     3.1838     3.1798   3.163926   3.163562     1.9405     2.3468      7.955    -0.6019     6.0303 1.0715e-01    -0.1166   102.9576     6.4724     6.7537    34.6261    34.6260    27.5696    27.5698    7.43053 0.0000e+00
