Datasets/AZMP/TEL210/tel210_2020_144.cnv
* Sea-Bird SBE 9 Data File:
* FileName = C:\CTDDATA\tel210_2020_144.hex
* Software Version Seasave V 7.26.7.110
* Temperature SN = 1697
* Conductivity SN = 4216
* Number of Bytes Per Scan = 30
* Number of Voltage Words = 4
* Number of Scans Averaged by the Deck Unit = 1
* NMEA baud rate = 4800
** VESSEL/TRIP/SEQ STN:  tel210_2020_144
** LATITUDE XX XX.XX: 47 32.80 N
** LONGITUDE XX XX.XX: 052 35.20 W
** SOUNDING DEPTH (M): 0176
** PROBE TYPE: S1146
** CTD NUMBER: 084
** COMMENTS (14 CHAR): S27-01
** BOTTLES:  10
** LEVELS: 5,10,20,30,40,50,75,100,150,BTM
** STICKERS: 436378 - 436387
** VNET: Y
** DO2: N
# nquan = 22
# nvalues = 4102                        
# units = specified
# name 0 = scan: Scan Count
# name 1 = prDM: Pressure, Digiquartz [db]
# name 2 = t090C: Temperature [ITS-90, deg C]
# name 3 = t190C: Temperature, 2 [ITS-90, deg C]
# name 4 = c0S/m: Conductivity [S/m]
# name 5 = c1S/m: Conductivity, 2 [S/m]
# name 6 = sbeox0V: Oxygen raw, SBE 43 [V]
# name 7 = sbeox1V: Oxygen raw, SBE 43, 2 [V]
# name 8 = ph: pH
# name 9 = flECO-AFL: Fluorescence, WET Labs ECO-AFL/FL [mg/m^3]
# name 10 = wetCDOM: Fluorescence, WET Labs CDOM [mg/m^3]
# name 11 = par/sat/log: PAR/Logarithmic, Satlantic [umol photons/m^2/sec]
# name 12 = CStarAt0: Beam Attenuation, WET Labs C-Star [1/m]
# name 13 = CStarTr0: Beam Transmission, WET Labs C-Star [%]
# name 14 = sbeox0ML/L: Oxygen, SBE 43 [ml/l], WS = 2
# name 15 = sbeox1ML/L: Oxygen, SBE 43, 2 [ml/l], WS = 2
# name 16 = sal00: Salinity, Practical [PSU]
# name 17 = sal11: Salinity, Practical, 2 [PSU]
# name 18 = sigma-t00: Density [sigma-t, kg/m^3 ]
# name 19 = sigma-t11: Density, 2 [sigma-t, kg/m^3 ]
# name 20 = oxsatML/L: Oxygen Saturation, Weiss [ml/l]
# name 21 = flag: flag
# span 0 =          5,      32173       
# span 1 =      1.394,    170.940       
# span 2 =    -1.4095,    13.2692       
# span 3 =    -1.4154,    13.2631       
# span 4 =   2.616737,   3.746632       
# span 5 =   2.616362,   3.746080       
# span 6 =     1.8872,     2.4006       
# span 7 =     2.2669,     2.9025       
# span 8 =      7.831,      8.153       
# span 9 =     0.6770,     2.8357       
# span 10 =    -2.8130,   482.1870      
# span 11 = 1.0545e-01, 4.9122e-01      
# span 12 =    -0.1352,     0.2147      
# span 13 =    94.7736,   103.4369      
# span 14 =     6.2306,     8.7039      
# span 15 =     6.1699,     9.1918      
# span 16 =    31.4451,    32.9430      
# span 17 =    31.3255,    32.9443      
# span 18 =    23.5953,    26.4873      
# span 19 =    23.5892,    26.4882      
# span 20 =    6.02325,    8.49223      
# span 21 = 0.0000e+00, 0.0000e+00      
# interval = scans: 3                   
# start_time = Jul 31 2020 07:13:40 [System UTC, header]
# bad_flag = -9.990e-29
*END*
[from data line 132]
        948     12.586    12.4496    12.4509   3.678851   3.678429     2.3016     2.7534      8.102     1.6823    -0.3258 1.0690e-01     0.1406    96.5460     6.3621     6.5492    31.4990    31.4939    23.7876    23.7834    6.12641 0.0000e+00
        951     12.675    12.4387    12.4384   3.678144   3.677667     2.3020     2.7534      8.102     1.6823    -0.3258 1.0690e-01     0.1451    96.4375     6.3650     6.5516    31.5013    31.4971    23.7914    23.7882    6.12774 0.0000e+00
        954     12.762    12.4332    12.4308   3.677772   3.677158     2.3024     2.7530      8.102     1.6823    -0.3258 1.0678e-01     0.1440    96.4646     6.3676     6.5534    31.5024    31.4986    23.7933    23.7908    6.12841 0.0000e+00
        957     12.845    12.4289    12.4247   3.677294   3.676627     2.3024     2.7538      8.100     1.7140    -0.3258 1.0678e-01     0.1447    96.4465     6.3671     6.5583    31.5014    31.4986    23.7933    23.7919    6.12901 0.0000e+00
        960     12.928    12.4210    12.4161   3.676377   3.675764     2.3012     2.7542      8.102     1.7881    -0.3258 1.0703e-01     0.1444    96.4556     6.3641     6.5623    31.4993    31.4976    23.7932    23.7928    6.13012 0.0000e+00
        963     13.007    12.4043    12.4012   3.674846   3.674358     2.3000     2.7550      8.102     1.7986     0.3059 1.0678e-01     0.1444    96.4556     6.3641     6.5681    31.4987    31.4966    23.7959    23.7948    6.13231 0.0000e+00
        966     13.085    12.3873    12.3812   3.673337   3.672664     2.3004     2.7550      8.101     1.7881     1.1349 1.0703e-01     0.1447    96.4465     6.3700     6.5716    31.4985    31.4972    23.7989    23.7991    6.13452 0.0000e+00
        969     13.162    12.3656    12.3596   3.671526   3.670983     2.3000     2.7546      8.102     1.7669     1.0954 1.0678e-01     0.1477    96.3742     6.3730     6.5736    31.4995    31.4993    23.8037    23.8047    6.13732 0.0000e+00
        972     13.236    12.3412    12.3392   3.669507   3.669167     2.2995     2.7550      8.102     1.7775     1.0954 1.0690e-01     0.1489    96.3471     6.3780     6.5771    31.5007    31.4991    23.8092    23.8084    6.14045 0.0000e+00
        975     13.309    12.3104    12.3106   3.666953   3.666838     2.2995     2.7550      8.103     1.7669     1.0954 1.0678e-01     0.1489    96.3471     6.3853     6.5801    31.5021    31.5008    23.8161    23.8151    6.14441 0.0000e+00
        978     13.384    12.2734    12.2705   3.664010   3.663932     2.2995     2.7562      8.101     1.7881     1.0954 1.0703e-01     0.1489    96.3471     6.3926     6.5882    31.5050    31.5068    23.8253    23.8272    6.14913 0.0000e+00
        981     13.455    12.2268    12.2267   3.660238   3.660459     2.2991     2.7558      8.101     1.7881     1.0954 1.0678e-01     0.1489    96.3471     6.4001     6.5935    31.5082    31.5103    23.8364    23.8381    6.15511 0.0000e+00
        984     13.527    12.1739    12.1796   3.656448   3.656434     2.3000     2.7562      8.100     1.7986     1.0954 1.0690e-01     0.1489    96.3471     6.4126     6.6008    31.5163    31.5115    23.8526    23.8478    6.16172 0.0000e+00
        987     13.594    12.1139    12.1264   3.651502   3.651868     2.2995     2.7558      8.102     1.8092     1.0954 1.0678e-01     0.1492    96.3380     6.4200     6.6053    31.5195    31.5125    23.8662    23.8585    6.16949 0.0000e+00
        990     13.664    12.0511    12.0678   3.647048   3.647106     2.3000     2.7558      8.102     1.8092     1.8850 1.0678e-01     0.1598    96.0848     6.4300     6.6123    31.5297    31.5161    23.8858    23.8722    6.17737 0.0000e+00
        993     13.733    11.9987    12.0150   3.642879   3.642625     2.3000     2.7558      8.102     1.8092     2.1614 1.0678e-01     0.1609    96.0577     6.4382     6.6174    31.5338    31.5176    23.8986    23.8831    6.18411 0.0000e+00
        996     13.803    11.9603    11.9652   3.639424   3.638842     2.3012     2.7558      8.102     1.8092     2.1614 1.0678e-01     0.1609    96.0577     6.4479     6.6214    31.5331    31.5232    23.9051    23.8966    6.18923 0.0000e+00
        999     13.874    11.9259    11.9239   3.636036   3.635665     2.3012     2.7558      8.104     1.7881     2.1614 1.0678e-01     0.1605    96.0667     6.4520     6.6247    31.5295    31.5276    23.9086    23.9076    6.19391 0.0000e+00
       1002     13.948    11.8884    11.8860   3.632708   3.632488     2.3004     2.7570      8.103     1.7986     2.1614 1.0678e-01     0.1605    96.0667     6.4542     6.6308    31.5291    31.5290    23.9152    23.9156    6.19890 0.0000e+00
       1005     14.018    11.8487    11.8480   3.629687   3.629426     2.2995     2.7579      8.104     1.8092     2.1614 1.0678e-01     0.1609    96.0577     6.4556     6.6371    31.5335    31.5316    23.9259    23.9246    6.20400 0.0000e+00
       1008     14.092    11.8123    11.8131   3.626653   3.626450     2.3000     2.7566      8.104     1.7881     2.1614 1.0678e-01     0.1620    96.0306     6.4601     6.6367    31.5351    31.5324    23.9338    23.9316    6.20879 0.0000e+00
       1011     14.170    11.7766    11.7753   3.623263   3.623117     2.3000     2.7550      8.105     1.8092     2.1614 1.0690e-01     0.1665    95.9220     6.4636     6.6349    31.5325    31.5321    23.9383    23.9382    6.21363 0.0000e+00
       1014     14.251    11.7236    11.7317   3.618228   3.618710     2.2995     2.7558      8.105     1.7986     2.2798 1.0678e-01     0.1665    95.9220     6.4664     6.6397    31.5287    31.5265    23.9450    23.9418    6.22085 0.0000e+00
       1017     14.334    11.6562    11.6706   3.612416   3.613063     2.3004     2.7546      8.105     1.7986     3.5826 1.0690e-01     0.1661    95.9311     6.4751     6.6405    31.5296    31.5236    23.9579    23.9506    6.22983 0.0000e+00
       1020     14.418    11.5877    11.6006   3.607329   3.607899     2.3000     2.7546      8.105     1.7881     3.5826 1.0678e-01     0.1665    95.9220     6.4807     6.6448    31.5384    31.5330    23.9771    23.9706    6.23866 0.0000e+00
       1023     14.504    11.5260    11.5371   3.602849   3.603257     2.3000     2.7542      8.106     1.8092     3.5826 1.0678e-01     0.1665    95.9220     6.4881     6.6459    31.5473    31.5419    23.9951    23.9889    6.24660 0.0000e+00
       1026     14.596    11.4727    11.4817   3.598424   3.598507     2.3000     2.7538      8.106     1.8092     3.5826 1.0678e-01     0.1665    95.9220     6.4960     6.6465    31.5497    31.5428    24.0065    23.9995    6.25370 0.0000e+00
       1029     14.688    11.4132    11.4233   3.593031   3.593313     2.3000     2.7542      8.106     1.7986     3.5826 1.0690e-01     0.1707    95.8225     6.5045     6.6553    31.5478    31.5419    24.0157    24.0093    6.26180 0.0000e+00
       1032     14.784    11.3478    11.3590   3.587711   3.588142     2.2991     2.7534      8.106     1.8198     3.5826 1.0678e-01     0.1745    95.7321     6.5106     6.6627    31.5517    31.5463    24.0303    24.0242    6.27050 0.0000e+00
       1035     14.883    11.2882    11.2958   3.583221   3.583263     2.2987     2.7517      8.105     1.8198     3.5826 1.0678e-01     0.1745    95.7321     6.5201     6.6674    31.5587    31.5526    24.0463    24.0403    6.27830 0.0000e+00
       1038     14.986    11.2379    11.2426   3.579324   3.579092     2.2975     2.7509      8.107     2.0526     3.5826 1.0678e-01     0.1741    95.7412     6.5265     6.6736    31.5635    31.5572    24.0590    24.0533    6.28494 0.0000e+00
       1041     15.094    11.1906    11.1964   3.575703   3.575549     2.2975     2.7493      8.107     2.0421     3.3063 1.0678e-01     0.1741    95.7412     6.5402     6.6779    31.5685    31.5620    24.0712    24.0652    6.29119 0.0000e+00
       1044     15.204    11.1490    11.1530   3.572062   3.572025     2.2967     2.7481      8.107     2.0526     2.5167 1.0678e-01     0.1745    95.7321     6.5541     6.6833    31.5684    31.5646    24.0785    24.0748    6.29687 0.0000e+00
       1047     15.317    11.0956    11.1003   3.566388   3.566552     2.2971     2.7460      8.106     2.0526     2.5167 1.0678e-01     0.1745    95.7321     6.5744     6.6904    31.5584    31.5560    24.0800    24.0773    6.30457 0.0000e+00
       1050     15.430    11.0049    11.0185   3.558247   3.558884     2.2979     2.7456      8.108     2.0632     2.5167 1.0690e-01     0.1745    95.7321     6.6036     6.7104    31.5561    31.5507    24.0941    24.0875    6.31709 0.0000e+00
       1053     15.544    10.8968    10.9148   3.549700   3.550417     2.2979     2.7469      8.105     2.0526     2.5167 1.0690e-01     0.1745    95.7321     6.6330     6.7401    31.5647    31.5563    24.1196    24.1100    6.33162 0.0000e+00
       1056     15.662    10.8003    10.8208   3.541738   3.542732     2.2983     2.7473      8.104     2.0738     2.5167 1.0678e-01     0.1745    95.7321     6.6619     6.7700    31.5691    31.5613    24.1397    24.1301    6.34479 0.0000e+00
       1059     15.782    10.6961    10.7212   3.532610   3.533697     2.2995     2.7473      8.104     2.0421     2.5167 1.0678e-01     0.1745    95.7321     6.6948     6.8010    31.5685    31.5576    24.1571    24.1444    6.35926 0.0000e+00
       1062     15.905    10.5823    10.6045   3.523062   3.523939     2.3008     2.7473      8.105     2.1584     2.5167 1.0678e-01     0.1745    95.7321     6.7278     6.8344    31.5719    31.5615    24.1792    24.1673    6.37498 0.0000e+00
       1065     16.025    10.4728    10.4904   3.514652   3.515317     2.3032     2.7473      8.105     2.3383     2.5167 1.0690e-01     0.1745    95.7321     6.7613     6.8671    31.5830    31.5744    24.2063    24.1966    6.38986 0.0000e+00
       1068     16.143    10.3881    10.4038   3.508906   3.509142     2.3053     2.7473      8.105     2.3383     1.2928 1.0690e-01     0.1749    95.7231     6.7893     6.8945    31.5991    31.5878    24.2331    24.2217    6.40111 0.0000e+00
       1071     16.266    10.3225    10.3324   3.503279   3.503424     2.3065     2.7497      8.103     2.3595     0.3059 1.0678e-01     0.1741    95.7412     6.8088     6.9259    31.5997    31.5926    24.2447    24.2374    6.41033 0.0000e+00
       1074     16.385    10.2567    10.2667   3.498240   3.498292     2.3085     2.7517      8.101     2.3383     0.3848 1.0690e-01     0.1745    95.7321     6.8293     6.9529    31.6064    31.5982    24.2608    24.2529    6.41934 0.0000e+00
       1077     16.504    10.2043    10.2089   3.494049   3.493967     2.3097     2.7538      8.101     2.3489     0.3453 1.0690e-01     0.1745    95.7321     6.8427     6.9784    31.6100    31.6051    24.2724    24.2678    6.42662 0.0000e+00
       1080     16.624    10.1323    10.1448   3.485913   3.486945     2.3114     2.7562      8.102     2.3489     0.3848 1.0703e-01     0.1737    95.7502     6.8585     7.0056    31.5909    31.5904    24.2694    24.2669    6.43762 0.0000e+00
       1083     16.742     9.9494     9.9899   3.466917   3.469482     2.3126     2.7587      8.102     2.3595     0.3848 1.0678e-01     0.1741    95.7412     6.8892     7.0472    31.5590    31.5495    24.2745    24.2605    6.46504 0.0000e+00
       1086     16.857     9.7082     9.7522   3.448131   3.450513     2.3138     2.7607      8.102     2.3383     0.3848 1.0703e-01     0.1741    95.7412     6.9241     7.0948    31.5799    31.5654    24.3299    24.3115    6.49889 0.0000e+00
       1089     16.968     9.5418     9.5654   3.437323   3.438332     2.3158     2.7623      8.102     2.4653     0.3848 1.0690e-01     0.1855    95.4699     6.9470     7.1282    31.6161    31.6056    24.3848    24.3728    6.52153 0.0000e+00
       1092     17.078     9.4258     9.4436   3.429196   3.429881     2.3175     2.7652      8.104     2.5711     0.3848 1.0678e-01     0.2147    94.7736     6.9604     7.1502    31.6353    31.6266    24.4182    24.4086    6.53765 0.0000e+00
       1095     17.187     9.3391     9.3519   3.422427   3.422932     2.3183     2.7676      8.105     2.5605     4.8854 1.0678e-01     0.2132    94.8097     6.9642     7.1612    31.6425    31.6364    24.4375    24.4307    6.55005 0.0000e+00
       1098     17.294     9.2667     9.2769   3.417084   3.417345     2.3191     2.7701      8.105     2.5605     5.6355 1.0690e-01     0.2136    94.8007     6.9627     7.1661    31.6517    31.6454    24.4561    24.4495    6.56030 0.0000e+00
       1101     17.401     9.2075     9.2186   3.412601   3.413101     2.3199     2.7717      8.105     2.5711     5.5960 1.0690e-01     0.2139    94.7916     6.9583     7.1606    31.6580    31.6534    24.4702    24.4648    6.56875 0.0000e+00
       1104     17.504     9.1521     9.1647   3.408400   3.408885     2.3203     2.7733      8.106     2.5605     5.5960 1.0678e-01     0.2132    94.8097     6.9509     7.1520    31.6639    31.6577    24.4834    24.4766    6.57668 0.0000e+00
       1107     17.605     9.0992     9.1114   3.403648   3.404494     2.3207     2.7741      8.106     2.5711     5.5960 1.0678e-01     0.2136    94.8007     6.9430     7.1389    31.6618    31.6598    24.4900    24.4864    6.58460 0.0000e+00
       1110     17.705     9.0416     9.0578   3.399260   3.400015     2.3207     2.7741      8.106     2.5605     5.5960 1.0678e-01     0.1980    95.1715     6.9358     7.1238    31.6677    31.6611    24.5035    24.4958    6.59290 0.0000e+00
       1113     17.801     8.9883     9.0010   3.395338   3.395904     2.3195     2.7749      8.106     2.5711     5.5960 1.0678e-01     0.1831    95.5241     6.9244     7.1113    31.6745    31.6691    24.5170    24.5108    6.60053 0.0000e+00
       1116     17.897     8.9373     8.9524   3.392168   3.392798     2.3191     2.7741      8.106     2.6346     5.6355 1.0678e-01     0.1843    95.4970     6.9195     7.0925    31.6871    31.6802    24.5346    24.5269    6.60759 0.0000e+00
       1119     17.990     8.8996     8.9139   3.389752   3.390217     2.3175     2.7729      8.107     2.6558     5.5565 1.0678e-01     0.1847    95.4880     6.9121     7.0743    31.6957    31.6878    24.5471    24.5387    6.61286 0.0000e+00
       1122     18.081     8.8672     8.8774   3.387281   3.387600     2.3158     2.7705      8.107     2.6664     5.3592 1.0678e-01     0.1843    95.4970     6.9081     7.0549    31.6989    31.6931    24.5545    24.5485    6.61756 0.0000e+00
       1125     18.172     8.8370     8.8436   3.384780   3.384912     2.3150     2.7676      8.107     2.6558     5.3592 1.0690e-01     0.1839    95.5061     6.9114     7.0410    31.6999    31.6954    24.5599    24.5553    6.62204 0.0000e+00
       1128     18.260     8.8035     8.8085   3.382030   3.382196     2.3134     2.7652      8.109     2.6664     5.3592 1.0678e-01     0.1843    95.4970     6.9165     7.0349    31.7012    31.6985    24.5660    24.5631    6.62700 0.0000e+00
       1131     18.346     8.7694     8.7756   3.378736   3.379517     2.3122     2.7631      8.109     2.6558     5.3592 1.0690e-01     0.1790    95.6236     6.9271     7.0361    31.6974    31.7000    24.5682    24.5693    6.63227 0.0000e+00
       1134     18.432     8.7160     8.7337   3.374792   3.375818     2.3118     2.7615      8.109     2.6558     5.3592 1.0678e-01     0.1779    95.6507     6.9476     7.0467    31.7042    31.6989    24.5815    24.5747    6.64002 0.0000e+00
       1137     18.515     8.6673     8.6827   3.370769   3.371340     2.3114     2.7595      8.109     2.6452     5.3592 1.0678e-01     0.1775    95.6598     6.9706     7.0637    31.7057    31.6979    24.5901    24.5816    6.64728 0.0000e+00
       1140     18.599     8.6199     8.6298   3.367265   3.367509     2.3114     2.7579      8.111     2.6452     5.3592 1.0690e-01     0.1779    95.6507     6.9963     7.0874    31.7117    31.7054    24.6018    24.5954    6.65418 0.0000e+00
