Datasets/AZMP/TEL210/tel210_2020_144.cnv
* Sea-Bird SBE 9 Data File:
* FileName = C:\CTDDATA\tel210_2020_144.hex
* Software Version Seasave V 7.26.7.110
* Temperature SN = 1697
* Conductivity SN = 4216
* Number of Bytes Per Scan = 30
* Number of Voltage Words = 4
* Number of Scans Averaged by the Deck Unit = 1
* NMEA baud rate = 4800
** VESSEL/TRIP/SEQ STN:  tel210_2020_144
** LATITUDE XX XX.XX: 47 32.80 N
** LONGITUDE XX XX.XX: 052 35.20 W
** SOUNDING DEPTH (M): 0176
** PROBE TYPE: S1146
** CTD NUMBER: 084
** COMMENTS (14 CHAR): S27-01
** BOTTLES:  10
** LEVELS: 5,10,20,30,40,50,75,100,150,BTM
** STICKERS: 436378 - 436387
** VNET: Y
** DO2: N
# nquan = 22
# nvalues = 4102                        
# units = specified
# name 0 = scan: Scan Count
# name 1 = prDM: Pressure, Digiquartz [db]
# name 2 = t090C: Temperature [ITS-90, deg C]
# name 3 = t190C: Temperature, 2 [ITS-90, deg C]
# name 4 = c0S/m: Conductivity [S/m]
# name 5 = c1S/m: Conductivity, 2 [S/m]
# name 6 = sbeox0V: Oxygen raw, SBE 43 [V]
# name 7 = sbeox1V: Oxygen raw, SBE 43, 2 [V]
# name 8 = ph: pH
# name 9 = flECO-AFL: Fluorescence, WET Labs ECO-AFL/FL [mg/m^3]
# name 10 = wetCDOM: Fluorescence, WET Labs CDOM [mg/m^3]
# name 11 = par/sat/log: PAR/Logarithmic, Satlantic [umol photons/m^2/sec]
# name 12 = CStarAt0: Beam Attenuation, WET Labs C-Star [1/m]
# name 13 = CStarTr0: Beam Transmission, WET Labs C-Star [%]
# name 14 = sbeox0ML/L: Oxygen, SBE 43 [ml/l], WS = 2
# name 15 = sbeox1ML/L: Oxygen, SBE 43, 2 [ml/l], WS = 2
# name 16 = sal00: Salinity, Practical [PSU]
# name 17 = sal11: Salinity, Practical, 2 [PSU]
# name 18 = sigma-t00: Density [sigma-t, kg/m^3 ]
# name 19 = sigma-t11: Density, 2 [sigma-t, kg/m^3 ]
# name 20 = oxsatML/L: Oxygen Saturation, Weiss [ml/l]
# name 21 = flag: flag
# span 0 =          5,      32173       
# span 1 =      1.394,    170.940       
# span 2 =    -1.4095,    13.2692       
# span 3 =    -1.4154,    13.2631       
# span 4 =   2.616737,   3.746632       
# span 5 =   2.616362,   3.746080       
# span 6 =     1.8872,     2.4006       
# span 7 =     2.2669,     2.9025       
# span 8 =      7.831,      8.153       
# span 9 =     0.6770,     2.8357       
# span 10 =    -2.8130,   482.1870      
# span 11 = 1.0545e-01, 4.9122e-01      
# span 12 =    -0.1352,     0.2147      
# span 13 =    94.7736,   103.4369      
# span 14 =     6.2306,     8.7039      
# span 15 =     6.1699,     9.1918      
# span 16 =    31.4451,    32.9430      
# span 17 =    31.3255,    32.9443      
# span 18 =    23.5953,    26.4873      
# span 19 =    23.5892,    26.4882      
# span 20 =    6.02325,    8.49223      
# span 21 = 0.0000e+00, 0.0000e+00      
# interval = scans: 3                   
# start_time = Jul 31 2020 07:13:40 [System UTC, header]
# bad_flag = -9.990e-29
*END*
[from data line 3885]
      27524     12.714    11.9661    11.6579   3.642732   3.620091     2.3346     2.8126      8.081     2.2960     0.7401 1.0715e-01     0.1541    96.2205     6.5103     6.9262    31.5605    31.6033    23.9253    24.0148    6.18740 0.0000e+00
      27527     12.676    11.9714    11.6430   3.645187   3.611776     2.3354     2.8138      8.081     2.2854     0.7401 1.0715e-01     0.1537    96.2295     6.5105     6.9118    31.5796    31.5353    23.9392    23.9647    6.18595 0.0000e+00
      27530     12.636    12.0106    11.6120   3.650651   3.613395     2.3342     2.8162      8.081     2.2960     0.7006 1.0715e-01     0.1541    96.2205     6.5006     6.8964    31.5990    31.5774    23.9470    24.0030    6.18003 0.0000e+00
      27533     12.594    12.0711    11.6327   3.653820   3.601592     2.3326     2.8170      8.080     2.2854     0.7006 1.0703e-01     0.1541    96.2205     6.4857     6.8745    31.5783    31.4452    23.9198    23.8966    6.17285 0.0000e+00
      27536     12.549    12.0725    11.2467   3.651935   3.555654     2.3314     2.8162      8.080     2.2854     0.7401 1.0703e-01     0.1537    96.2295     6.4810     6.9064    31.5590    31.3255    23.9046    23.8724    6.17341 0.0000e+00
      27539     12.501    12.0692    10.8805   3.653854   3.546151     2.3318     2.8158      8.080     2.2748     0.7006 1.0703e-01     0.1552    96.1933     6.4826     6.9205    31.5802    31.5450    23.9216    24.1071    6.17302 0.0000e+00
      27542     12.452    12.1249    10.7758   3.659284   3.540684     2.3305     2.8150      8.082     2.2854     0.7006 1.0678e-01     0.1552    96.1933     6.4698     6.9055    31.5854    31.5811    23.9153    24.1533    6.16551 0.0000e+00
      27545     12.401    12.1529    10.6599   3.659402   3.538429     2.3297     2.8142      8.083     2.2960     1.1349 1.0715e-01     0.1552    96.1933     6.4628     6.8945    31.5629    31.6590    23.8926    24.2338    6.16269 0.0000e+00
      27548     12.351    12.1799    10.9332   3.663879   3.573065     2.3285     2.8126      8.085     2.2748     1.4507 1.0715e-01     0.1552    96.1933     6.4548     6.8277    31.5830    31.7655    23.9032    24.2694    6.15838 0.0000e+00
      27551     12.303    12.2347    11.2366   3.669759   3.586383     2.3281     2.8101      8.083     2.2960     1.4507 1.0715e-01     0.1552    96.1933     6.4462     6.7710    31.5931    31.6349    23.9008    24.1147    6.15081 0.0000e+00
      27554     12.256    12.2833    11.6487   3.670494   3.635521     2.3273     2.8069      8.083     2.2960     1.4507 1.0703e-01     0.1552    96.1933     6.4398     6.6924    31.5592    31.7609    23.8654    24.1387    6.14577 0.0000e+00
      27557     12.214    12.2617    12.1488   3.665309   3.667640     2.3257     2.8024      8.084     2.2748     1.4507 1.0715e-01     0.1571    96.1481     6.4391     6.6177    31.5278    31.6455    23.8452    23.9574    6.14979 0.0000e+00
      27560     12.175    12.2208    12.2792   3.662805   3.669866     2.3253     2.7979      8.083     2.2219     1.4507 1.0703e-01     0.1647    95.9673     6.4426     6.5974    31.5383    31.5567    23.8609    23.8643    6.15474 0.0000e+00
      27563     12.142    12.2532    12.2860   3.668237   3.667549     2.3249     2.7946      8.083     2.2008     1.4507 1.0703e-01     0.1643    95.9763     6.4354     6.5987    31.5630    31.5288    23.8740    23.8414    6.14955 0.0000e+00
      27566     12.113    12.2803    12.2789   3.667722   3.665092     2.3232     2.7926      8.081     2.1902     1.4507 1.0715e-01     0.1643    95.9763     6.4264     6.6074    31.5352    31.5113    23.8474    23.8291    6.14707 0.0000e+00
      27569     12.086    12.2848    12.2578   3.670141   3.664064     2.3228     2.7918      8.083     2.1902     1.4112 1.0715e-01     0.1647    95.9673     6.4227     6.6227    31.5546    31.5192    23.8616    23.8392    6.14575 0.0000e+00
      27633     12.056    12.3639    12.3103   3.674737   3.670343     2.3224     2.7918      8.085     2.2114     2.2798 1.0703e-01     0.1726    95.7774     6.4437     6.6500    31.5320    31.5351    23.8292    23.8417    6.13630 0.0000e+00
      27666     11.998    12.3800    12.3645   3.674794   3.674743     2.3220     2.7914      8.084     1.9045     3.2273 1.0715e-01     0.1763    95.6869     6.4550     6.6533    31.5190    31.5315    23.8162    23.8287    6.13470 0.0000e+00
      27669     11.938    12.3798    12.3839   3.675086   3.675720     2.3220     2.7918      8.084     1.8939     3.2273 1.0703e-01     0.1767    95.6779     6.4537     6.6512    31.5220    31.5246    23.8185    23.8198    6.13461 0.0000e+00
      27672     11.873    12.3929    12.3934   3.676381   3.676054     2.3220     2.7910      8.084     1.9151     3.2273 1.0703e-01     0.1767    95.6779     6.4501     6.6473    31.5234    31.5198    23.8171    23.8143    6.13285 0.0000e+00
      27675     11.805    12.4001    12.3977   3.676531   3.676284     2.3208     2.7906      8.085     1.9045     2.4772 1.0678e-01     0.1767    95.6779     6.4422     6.6454    31.5188    31.5184    23.8122    23.8123    6.13210 0.0000e+00
      27678     11.734    12.4043    12.4048   3.676873   3.677060     2.3204     2.7914      8.085     1.9151     0.9770 1.0690e-01     0.1771    95.6688     6.4390     6.6459    31.5186    31.5199    23.8113    23.8122    6.13156 0.0000e+00
      27681     11.663    12.4087    12.4127   3.677225   3.678018     2.3204     2.7914      8.085     1.8939     1.0954 1.0678e-01     0.1801    95.5965     6.4377     6.6437    31.5182    31.5224    23.8102    23.8127    6.13099 0.0000e+00
      27684     11.592    12.4180    12.4299   3.678463   3.680510     2.3212     2.7902      8.087     1.9045     1.0954 1.0690e-01     0.1801    95.5965     6.4386     6.6367    31.5222    31.5317    23.8115    23.8166    6.12963 0.0000e+00
      27687     11.521    12.4403    12.4601   3.680841   3.682846     2.3212     2.7898      8.084     1.9151     1.0954 1.0715e-01     0.1805    95.5875     6.4333     6.6313    31.5262    31.5287    23.8104    23.8086    6.12658 0.0000e+00
      27690     11.447    12.4687    12.4858   3.682969   3.684356     2.3204     2.7894      8.086     1.9045     1.0954 1.0690e-01     0.1805    95.5875     6.4244     6.6260    31.5226    31.5215    23.8023    23.7981    6.12303 0.0000e+00
      27693     11.375    12.4898    12.5079   3.684412   3.686187     2.3204     2.7881      8.085     1.8410     1.0954 1.0715e-01     0.1801    95.5965     6.4207     6.6180    31.5187    31.5204    23.7953    23.7932    6.12045 0.0000e+00
      27696     11.305    12.5126    12.5285   3.686985   3.687695     2.3200     2.7894      8.085     1.8410     1.0954 1.0690e-01     0.1801    95.5965     6.4170     6.6182    31.5241    31.5175    23.7950    23.7870    6.11728 0.0000e+00
      27699     11.241    12.5470    12.5466   3.688964   3.689085     2.3196     2.7885      8.083     1.8516     1.0954 1.0690e-01     0.1767    95.6779     6.4115     6.6117    31.5141    31.5156    23.7808    23.7821    6.11321 0.0000e+00
      27702     11.177    12.5544    12.5613   3.689406   3.689899     2.3196     2.7877      8.083     1.8516     1.4902 1.0690e-01     0.1688    95.8678     6.4100     6.6064    31.5121    31.5110    23.7779    23.7757    6.11234 0.0000e+00
      27705     11.119    12.5689    12.5695   3.690560   3.690553     2.3192     2.7881      8.086     1.8516     1.8060 1.0703e-01     0.1688    95.8678     6.4066     6.6064    31.5109    31.5104    23.7742    23.7736    6.11050 0.0000e+00
      27708     11.063    12.5739    12.5742   3.691021   3.690835     2.3188     2.7869      8.083     1.8410     1.8060 1.0703e-01     0.1688    95.8678     6.4050     6.6029    31.5112    31.5092    23.7734    23.7718    6.10985 0.0000e+00
      27711     11.014    12.5932    12.5840   3.692691   3.691850     2.3179     2.7869      8.085     1.8410     1.8060 1.0703e-01     0.1688    95.8678     6.4016     6.6007    31.5109    31.5106    23.7696    23.7711    6.10737 0.0000e+00
      27714     10.968    12.5995    12.5965   3.692337   3.692491     2.3167     2.7865      8.086     1.8516     1.8060 1.0703e-01     0.1688    95.8678     6.3981     6.5958    31.5023    31.5063    23.7617    23.7653    6.10689 0.0000e+00
      27717     10.931    12.6003    12.6048   3.692983   3.693155     2.3179     2.7857      8.086     1.7881     1.8060 1.0715e-01     0.1688    95.8678     6.4030     6.5890    31.5078    31.5056    23.7658    23.7632    6.10658 0.0000e+00
      27720     10.897    12.6146    12.6170   3.694264   3.694172     2.3179     2.7853      8.086     1.7563     1.8060 1.0715e-01     0.1658    95.9401     6.4032     6.5825    31.5080    31.5050    23.7632    23.7605    6.10472 0.0000e+00
      27723     10.868    12.6228    12.6308   3.695374   3.695195     2.3175     2.7845      8.087     1.7563     1.8060 1.0703e-01     0.1631    96.0034     6.4022     6.5766    31.5116    31.5032    23.7645    23.7565    6.10353 0.0000e+00
      27785     10.761    12.6563    12.6079   3.696567   3.687519     2.3171     2.7804      8.087     1.9151     0.9770 1.0703e-01     0.1718    95.7954     6.3921     6.6063    31.4950    31.4496    23.7452    23.7193    6.09985 0.0000e+00
      27788     10.736    12.6561    12.5401   3.696788   3.684548     2.3171     2.7796      8.087     1.9151     0.9770 1.0703e-01     0.1711    95.8135     6.3930     6.6122    31.4973    31.4782    23.7470    23.7543    6.09978 0.0000e+00
      27791     10.707    12.6621    12.4793   3.697117   3.678649     2.3159     2.7800      8.087     1.8939     0.9770 1.0678e-01     0.1715    95.8045     6.3888     6.6216    31.4954    31.4730    23.7445    23.7618    6.09908 0.0000e+00
      27794     10.674    12.6647    12.4066   3.697201   3.672560     2.3163     2.7804      8.087     1.8727     0.9770 1.0690e-01     0.1711    95.8135     6.3898     6.6327    31.4940    31.4759    23.7428    23.7778    6.09879 0.0000e+00
      27797     10.642    12.6683    12.4537   3.697573   3.685153     2.3155     2.7816      8.087     1.7986     0.9770 1.0715e-01     0.1711    95.8135     6.3870     6.6258    31.4946    31.5564    23.7426    23.8312    6.09832 0.0000e+00
      27800     10.606    12.6690    12.5849   3.697564   3.694244     2.3155     2.7812      8.087     1.8304     0.9770 1.0715e-01     0.1699    95.8406     6.3889     6.6077    31.4939    31.5327    23.7419    23.7880    6.09824 0.0000e+00
      27803     10.568    12.6705    12.6261   3.697725   3.695989     2.3159     2.7808      8.087     1.8092     0.9770 1.0690e-01     0.1650    95.9582     6.3909     6.6017    31.4942    31.5148    23.7419    23.7663    6.09804 0.0000e+00
      27806     10.528    12.6719    12.6530   3.697808   3.696735     2.3155     2.7808      8.087     1.8304     0.9770 1.0703e-01     0.1654    95.9492     6.3891     6.5970    31.4938    31.4994    23.7413    23.7493    6.09788 0.0000e+00
      27809     10.492    12.6742    12.6663   3.697962   3.697206     2.3147     2.7808      8.087     1.8092     0.9770 1.0703e-01     0.1654    95.9492     6.3876     6.5939    31.4934    31.4928    23.7405    23.7416    6.09760 0.0000e+00
      27812     10.461    12.6752    12.6700   3.698115   3.697346     2.3155     2.7808      8.087     1.8198     0.9770 1.0703e-01     0.1654    95.9492     6.3919     6.5912    31.4940    31.4911    23.7408    23.7395    6.09745 0.0000e+00
      27815     10.434    12.6780    12.6722   3.698222   3.697396     2.3151     2.7808      8.087     1.8092     0.9770 1.0715e-01     0.1654    95.9492     6.3915     6.5881    31.4927    31.4897    23.7393    23.7381    6.09714 0.0000e+00
      27981     10.412    12.6615    12.6645   3.695994   3.696253     2.3163     2.7849      8.094     1.7669    -0.7206 1.0703e-01     0.1617    96.0396     6.3953     6.6014    31.4853    31.4854    23.7367    23.7362    6.09954 0.0000e+00
      28065     10.383    12.6433    12.6574   3.694076   3.695251     2.3155     2.7869      8.097     1.7246    -1.5891 1.0703e-01     0.1586    96.1119     6.3937     6.6086    31.4824    31.4818    23.7379    23.7348    6.10199 0.0000e+00
      28068     10.355    12.6431    12.6539   3.695395   3.694983     2.3155     2.7869      8.097     1.7351   265.1707 1.0715e-01     0.1582    96.1210     6.3930     6.6083    31.4951    31.4822    23.7478    23.7357    6.10154 0.0000e+00
      28071     10.328    12.6581    12.6437   3.696268   3.694200     2.3151     2.7869      8.097     1.7246   481.7922 1.0715e-01     0.1579    96.1300     6.3907     6.6100    31.4908    31.4832    23.7417    23.7385    6.09977 0.0000e+00
      28074     10.300    12.6650    12.6409   3.696456   3.694006     2.3155     2.7869      8.097     1.7351   480.8842 1.0715e-01     0.1579    96.1300     6.3915     6.6100    31.4868    31.4837    23.7372    23.7394    6.09903 0.0000e+00
      28077     10.274    12.6674    12.6437   3.696564   3.694688     2.3155     2.7861      8.097     1.7246   481.2395 1.0703e-01     0.1579    96.1300     6.3924     6.6067    31.4859    31.4879    23.7360    23.7421    6.09875 0.0000e+00
      28080     10.250    12.6669    12.6502   3.696689   3.695476     2.3151     2.7861      8.098     1.7351   481.2395 1.0690e-01     0.1586    96.1119     6.3918     6.6046    31.4875    31.4899    23.7374    23.7424    6.09876 0.0000e+00
      29597     10.220    12.7507    12.7588   3.705929   3.706099     2.3126     2.7783      8.124     1.7140    -0.4443 1.0715e-01     0.1429    96.4918     6.3706     6.5706    31.5049    31.4998    23.7349    23.7293    6.08732 0.0000e+00
      29600     10.178    12.7649    12.7688   3.707258   3.707244     2.3126     2.7783      8.126     1.6717    -0.4838 1.0703e-01     0.1410    96.5370     6.3690     6.5708    31.5057    31.5023    23.7327    23.7294    6.08548 0.0000e+00
      29603     10.143    12.7721    12.7735   3.707345   3.707278     2.3122     2.7787      8.126     1.6717    -0.4443 1.0703e-01     0.1406    96.5460     6.3668     6.5731    31.5006    31.4987    23.7274    23.7257    6.08475 0.0000e+00
      29606     10.110    12.7726    12.7760   3.707427   3.707538     2.3118     2.7792      8.124     1.6717    -0.4443 1.0690e-01     0.1406    96.5460     6.3652     6.5746    31.5009    31.4991    23.7275    23.7255    6.08467 0.0000e+00
      29609     10.082    12.7738    12.7842   3.707680   3.708444     2.3118     2.7804      8.127     1.6611    -0.4838 1.0715e-01     0.1406    96.5460     6.3656     6.5764    31.5023    31.5008    23.7284    23.7253    6.08446 0.0000e+00
      29743     10.059    12.8877    12.8574   3.717145   3.714355     2.3094     2.7759      8.127     1.6188    -0.6811 1.0690e-01     0.1372    96.6274     6.3372     6.5443    31.4966    31.4956    23.7020    23.7071    6.07016 0.0000e+00
      30118     10.029    12.9663    12.9269   3.722980   3.720686     2.3118     2.7840      8.128     1.6717     3.9379 1.0715e-01     0.1227    96.9801     6.3236     6.5353    31.4862    31.4974    23.6788    23.6951    6.06048 0.0000e+00
      30121      9.967    12.9948    12.9656   3.725608   3.722001     2.3114     2.7832      8.128     1.6717     3.9379 1.0715e-01     0.1227    96.9801     6.3157     6.5260    31.4873    31.4777    23.6741    23.6723    6.05682 0.0000e+00
      30124      9.904    13.0195    12.9839   3.726520   3.724707     2.3106     2.7824      8.128     1.4706     3.9379 1.0715e-01     0.1208    97.0253     6.3071     6.5184    31.4754    31.4879    23.6601    23.6767    6.05413 0.0000e+00
      30127      9.837    13.0170    12.9922   3.726742   3.723125     2.3094     2.7820      8.128     1.4494     3.9379 1.0715e-01     0.1182    97.0886     6.3013     6.5150    31.4796    31.4662    23.6638    23.6583    6.05429 0.0000e+00
