Datasets/AZMP/TEL210/tel210_2020_141.cnv
* Sea-Bird SBE 9 Data File:
* FileName = C:\CTDDATA\tel210_2020_141.hex
* Software Version Seasave V 7.26.7.110
* Temperature SN = 1697
* Conductivity SN = 4216
* Number of Bytes Per Scan = 30
* Number of Voltage Words = 4
* Number of Scans Averaged by the Deck Unit = 1
* NMEA baud rate = 4800
** VESSEL/TRIP/SEQ STN:  TEL210_2020_141
** LATITUDE XX XX.XX: 47 44.40 N
** LONGITUDE XX XX.XX: 051 39.00 W
** SOUNDING DEPTH (M): 0160
** PROBE TYPE: S1146
** CTD NUMBER: 082
** COMMENTS (14 CHAR): S27-05
** BOTTLES:  10
** LEVELS: 5,10,20,30,40,50,75,100,150,BTM
** STICKERS: 436368 - 436377
** VNET: Y
** DO2: N
# nquan = 22
# nvalues = 3353                        
# units = specified
# name 0 = scan: Scan Count
# name 1 = prDM: Pressure, Digiquartz [db]
# name 2 = t090C: Temperature [ITS-90, deg C]
# name 3 = t190C: Temperature, 2 [ITS-90, deg C]
# name 4 = c0S/m: Conductivity [S/m]
# name 5 = c1S/m: Conductivity, 2 [S/m]
# name 6 = sbeox0V: Oxygen raw, SBE 43 [V]
# name 7 = sbeox1V: Oxygen raw, SBE 43, 2 [V]
# name 8 = ph: pH
# name 9 = flECO-AFL: Fluorescence, WET Labs ECO-AFL/FL [mg/m^3]
# name 10 = wetCDOM: Fluorescence, WET Labs CDOM [mg/m^3]
# name 11 = par/sat/log: PAR/Logarithmic, Satlantic [umol photons/m^2/sec]
# name 12 = CStarAt0: Beam Attenuation, WET Labs C-Star [1/m]
# name 13 = CStarTr0: Beam Transmission, WET Labs C-Star [%]
# name 14 = sbeox0ML/L: Oxygen, SBE 43 [ml/l], WS = 2
# name 15 = sbeox1ML/L: Oxygen, SBE 43, 2 [ml/l], WS = 2
# name 16 = sal00: Salinity, Practical [PSU]
# name 17 = sal11: Salinity, Practical, 2 [PSU]
# name 18 = sigma-t00: Density [sigma-t, kg/m^3 ]
# name 19 = sigma-t11: Density, 2 [sigma-t, kg/m^3 ]
# name 20 = oxsatML/L: Oxygen Saturation, Weiss [ml/l]
# name 21 = flag: flag
# span 0 =         30,      37452       
# span 1 =      0.383,    158.500       
# span 2 =    -1.5640,    13.3881       
# span 3 =    -1.5699,    13.3838       
# span 4 =   2.606735,   3.766641       
# span 5 =   2.606162,   3.765900       
# span 6 =     1.7015,     2.4824       
# span 7 =     2.0263,     2.9860       
# span 8 =      7.764,      8.201       
# span 9 =     0.6770,     2.8040       
# span 10 =    -2.8130,   482.1870      
# span 11 = 1.0678e-01, 6.2989e-01      
# span 12 =    -0.1477,     0.3329      
# span 13 =    92.0154,   103.7624      
# span 14 =     5.8620,     8.6294      
# span 15 =     6.0573,     9.0300      
# span 16 =    30.6970,    33.5849      
# span 17 =    30.9930,    33.5868      
# span 18 =    22.9886,    26.9443      
# span 19 =    23.2181,    26.9483      
# span 20 =    6.00504,    8.52515      
# span 21 = 0.0000e+00, 0.0000e+00      
# interval = scans: 3                   
# start_time = Jul 30 2020 23:34:04 [System UTC, header]
# bad_flag = -9.990e-29
*END*
[from data line 3227]
      30723     10.999    13.3629    13.3593   3.764967   3.764339     2.2927     2.7393      8.108     1.3013    -0.2074 1.0690e-01     0.1272    96.8715     6.2240     6.3670    31.5501    31.5472    23.6505    23.6490    6.00803 0.0000e+00
      30726     10.925    13.3633    13.3596   3.764940   3.764388     2.2919     2.7389      8.108     1.3330    -0.2074 1.0715e-01     0.1227    96.9801     6.2220     6.3680    31.5495    31.5474    23.6500    23.6492    6.00799 0.0000e+00
      30729     10.854    13.3627    13.3602   3.764865   3.764390     2.2923     2.7381      8.108     1.3013    -0.1679 1.0690e-01     0.1227    96.9801     6.2249     6.3682    31.5493    31.5470    23.6500    23.6487    6.00807 0.0000e+00
      30732     10.788    13.3621    13.3601   3.764724   3.764335     2.2923     2.7393      8.108     1.3330     0.1084 1.0715e-01     0.1227    96.9801     6.2263     6.3747    31.5485    31.5466    23.6495    23.6483    6.00817 0.0000e+00
      30735     10.728    13.3625    13.3599   3.764800   3.764262     2.2923     2.7381      8.108     1.3224     0.1479 1.0715e-01     0.1227    96.9801     6.2277     6.3734    31.5490    31.5461    23.6497    23.6480    6.00811 0.0000e+00
      30738     10.674    13.3627    13.3593   3.764769   3.764195     2.2919     2.7389      8.108     1.3119     0.1084 1.0715e-01     0.1227    96.9801     6.2270     6.3790    31.5485    31.5460    23.6494    23.6481    6.00810 0.0000e+00
      30741     10.630    13.3624    13.3598   3.764674   3.764216     2.2923     2.7377      8.108     1.2802     0.1084 1.0715e-01     0.1227    96.9801     6.2286     6.3788    31.5479    31.5458    23.6489    23.6478    6.00816 0.0000e+00
      30744     10.595    13.3611    13.3594   3.764555   3.764163     2.2927     2.7377      8.108     1.2802     0.1479 1.0703e-01     0.1215    97.0072     6.2313     6.3827    31.5479    31.5457    23.6492    23.6478    6.00833 0.0000e+00
      30810     10.558    13.3645    13.3625   3.764571   3.764065     2.2935     2.7418      8.111     1.3224     2.4377 1.0703e-01     0.1208    97.0253     6.2248     6.3828    31.5452    31.5421    23.6464    23.6445    6.00800 0.0000e+00
      30844     10.506    13.3663    13.3633   3.764553   3.763958     2.2943     2.7430      8.109     1.3330     3.5826 1.0715e-01     0.1211    97.0162     6.2228     6.3788    31.5436    31.5405    23.6448    23.6430    6.00783 0.0000e+00
      30847     10.451    13.3661    13.3628   3.764468   3.763924     2.2947     2.7430      8.112     1.3224     3.5826 1.0715e-01     0.1186    97.0796     6.2226     6.3793    31.5429    31.5406    23.6444    23.6432    6.00788 0.0000e+00
      30850     10.395    13.3656    13.3620   3.764460   3.763852     2.2935     2.7438      8.112     1.3119     3.5826 1.0715e-01     0.1186    97.0796     6.2175     6.3824    31.5433    31.5406    23.6448    23.6434    6.00794 0.0000e+00
      30853     10.333    13.3661    13.3616   3.764463   3.763780     2.2935     2.7421      8.112     1.3224     3.5826 1.0703e-01     0.1189    97.0705     6.2176     6.3776    31.5430    31.5404    23.6444    23.6433    6.00789 0.0000e+00
      30856     10.268    13.3657    13.3620   3.764405   3.763847     2.2935     2.7417      8.112     1.3119     3.5826 1.0703e-01     0.1182    97.0886     6.2172     6.3766    31.5428    31.5406    23.6443    23.6434    6.00794 0.0000e+00
      30859     10.204    13.3656    13.3625   3.764471   3.763892     2.2935     2.7426      8.112     1.3119     3.5826 1.0703e-01     0.1182    97.0886     6.2186     6.3813    31.5435    31.5407    23.6449    23.6433    6.00793 0.0000e+00
      30862     10.143    13.3658    13.3629   3.764383   3.763871     2.2927     2.7409      8.112     1.3330     1.6876 1.0703e-01     0.1189    97.0705     6.2169     6.3786    31.5425    31.5402    23.6442    23.6429    6.00794 0.0000e+00
      30865     10.087    13.3658    13.3629   3.764367   3.763895     2.2935     2.7405      8.112     1.3119     1.4507 1.0715e-01     0.1186    97.0796     6.2208     6.3797    31.5424    31.5404    23.6440    23.6431    6.00794 0.0000e+00
      30868     10.030    13.3660    13.3633   3.764339   3.763936     2.2931     2.7413      8.112     1.3330     1.4507 1.0690e-01     0.1182    97.0886     6.2212     6.3863    31.5420    31.5405    23.6437    23.6431    6.00794 0.0000e+00
      30871      9.984    13.3650    13.3634   3.764304   3.763893     2.2931     2.7413      8.112     1.2802     1.4507 1.0690e-01     0.1182    97.0886     6.2224     6.3902    31.5425    31.5400    23.6443    23.6427    6.00803 0.0000e+00
      30874      9.938    13.3657    13.3629   3.764372   3.763817     2.2931     2.7409      8.112     1.2907     1.4507 1.0715e-01     0.1182    97.0886     6.2242     6.3932    31.5427    31.5397    23.6442    23.6425    6.00795 0.0000e+00
      30877      9.896    13.3657    13.3628   3.764313   3.763824     2.2931     2.7413      8.112     1.2907     1.4507 1.0703e-01     0.1182    97.0886     6.2250     6.3989    31.5420    31.5399    23.6438    23.6427    6.00796 0.0000e+00
      30880      9.863    13.3653    13.3632   3.764293   3.763868     2.2931     2.7417      8.112     1.2802     1.4507 1.0690e-01     0.1178    97.0976     6.2259     6.4018    31.5422    31.5400    23.6440    23.6427    6.00801 0.0000e+00
      32830      9.828    13.3690    13.3658   3.764672   3.764016     2.2931     2.7470      8.131     1.3013     0.5822 1.0703e-01     0.1212    97.0163     6.2238     6.4123    31.5427    31.5392    23.6436    23.6416    6.00753 0.0000e+00
      33807      9.748    13.3706    13.3672   3.764802   3.764160     2.2923     2.7494      8.140     1.3224     0.1084 1.0690e-01     0.1227    96.9801     6.2199     6.4169    31.5426    31.5394    23.6432    23.6415    6.00733 0.0000e+00
      33810      9.663    13.3706    13.3672   3.764833   3.764133     2.2923     2.7494      8.140     1.3119     0.1479 1.0703e-01     0.1227    96.9801     6.2200     6.4171    31.5430    31.5393    23.6435    23.6413    6.00732 0.0000e+00
      33813      9.571    13.3709    13.3672   3.764808   3.764119     2.2914     2.7502      8.140     1.3330     0.1084 1.0715e-01     0.1227    96.9801     6.2159     6.4209    31.5425    31.5392    23.6431    23.6413    6.00730 0.0000e+00
      33816      9.479    13.3707    13.3671   3.764828   3.764106     2.2923     2.7506      8.140     1.3119     0.3453 1.0715e-01     0.1234    96.9620     6.2192     6.4224    31.5429    31.5391    23.6435    23.6412    6.00732 0.0000e+00
      33819      9.384    13.3706    13.3671   3.764789   3.764112     2.2923     2.7502      8.140     1.3224     1.7666 1.0715e-01     0.1238    96.9530     6.2194     6.4220    31.5426    31.5393    23.6433    23.6414    6.00733 0.0000e+00
      33822      9.285    13.3705    13.3676   3.764794   3.764249     2.2919     2.7506      8.140     1.3119     1.8060 1.0715e-01     0.1238    96.9530     6.2166     6.4235    31.5428    31.5401    23.6434    23.6419    6.00734 0.0000e+00
      33825      9.185    13.3704    13.3687   3.764779   3.764279     2.2923     2.7511      8.140     1.3542     1.8060 1.0703e-01     0.1238    96.9530     6.2172     6.4259    31.5428    31.5396    23.6435    23.6412    6.00736 0.0000e+00
      33828      9.087    13.3704    13.3688   3.764794   3.764263     2.2919     2.7511      8.140     1.3965     1.8060 1.0715e-01     0.1238    96.9530     6.2163     6.4267    31.5430    31.5393    23.6436    23.6411    6.00735 0.0000e+00
      33831      8.994    13.3708    13.3686   3.764843   3.764249     2.2923     2.7506      8.140     1.3859     1.8060 1.0703e-01     0.1238    96.9530     6.2188     6.4262    31.5432    31.5394    23.6436    23.6411    6.00729 0.0000e+00
      33834      8.903    13.3717    13.3683   3.764891   3.764205     2.2923     2.7519      8.140     1.3859     1.8060 1.0690e-01     0.1238    96.9530     6.2183     6.4301    31.5429    31.5393    23.6432    23.6411    6.00718 0.0000e+00
      33837      8.822    13.3724    13.3685   3.764982   3.764280     2.2919     2.7523      8.140     1.3965     1.8060 1.0715e-01     0.1227    96.9801     6.2167     6.4320    31.5432    31.5399    23.6434    23.6416    6.00709 0.0000e+00
      33840      8.743    13.3725    13.3689   3.764968   3.764306     2.2927     2.7523      8.140     1.3754     1.8060 1.0690e-01     0.1227    96.9801     6.2200     6.4327    31.5430    31.5398    23.6432    23.6414    6.00709 0.0000e+00
      33843      8.664    13.3726    13.3691   3.764985   3.764334     2.2914     2.7531      8.140     1.3754     2.9115 1.0678e-01     0.1227    96.9801     6.2170     6.4356    31.5431    31.5399    23.6432    23.6415    6.00707 0.0000e+00
      33846      8.588    13.3727    13.3693   3.764975   3.764318     2.2914     2.7539      8.140     1.4071     4.9643 1.0690e-01     0.1227    96.9801     6.2179     6.4377    31.5430    31.5396    23.6431    23.6412    6.00706 0.0000e+00
      33849      8.512    13.3722    13.3694   3.764921   3.764282     2.2919     2.7547      8.140     1.3965     4.8854 1.0715e-01     0.1227    96.9801     6.2203     6.4393    31.5429    31.5392    23.6431    23.6409    6.00713 0.0000e+00
      33852      8.439    13.3722    13.3693   3.764929   3.764311     2.2923     2.7543      8.140     1.3859     4.8854 1.0715e-01     0.1231    96.9711     6.2224     6.4385    31.5430    31.5396    23.6433    23.6412    6.00712 0.0000e+00
      33855      8.374    13.3723    13.3692   3.764971   3.764277     2.2923     2.7551      8.140     1.3542     4.8854 1.0690e-01     0.1231    96.9711     6.2219     6.4395    31.5433    31.5394    23.6434    23.6411    6.00709 0.0000e+00
      33858      8.313    13.3723    13.3690   3.764975   3.764265     2.2914     2.7551      8.140     1.3542     4.8854 1.0703e-01     0.1227    96.9801     6.2203     6.4380    31.5434    31.5395    23.6435    23.6411    6.00709 0.0000e+00
      33861      8.253    13.3723    13.3689   3.764925   3.764261     2.2923     2.7559      8.140     1.3648     4.8854 1.0690e-01     0.1223    96.9891     6.2243     6.4390    31.5429    31.5395    23.6432    23.6412    6.00711 0.0000e+00
      33864      8.195    13.3717    13.3688   3.764884   3.764251     2.2927     2.7559      8.140     1.3542     4.8854 1.0715e-01     0.1223    96.9891     6.2268     6.4372    31.5430    31.5396    23.6434    23.6413    6.00718 0.0000e+00
      33867      8.135    13.3720    13.3687   3.764918   3.764246     2.2931     2.7563      8.140     1.3648     4.8854 1.0703e-01     0.1227    96.9801     6.2294     6.4375    31.5432    31.5396    23.6434    23.6413    6.00714 0.0000e+00
      33870      8.077    13.3718    13.3687   3.764907   3.764242     2.2927     2.7563      8.140     1.3542     3.5826 1.0703e-01     0.1227    96.9801     6.2272     6.4363    31.5433    31.5396    23.6435    23.6413    6.00716 0.0000e+00
      33873      8.017    13.3718    13.3685   3.764917   3.764198     2.2935     2.7563      8.140     1.3648     2.7140 1.0703e-01     0.1227    96.9801     6.2290     6.4349    31.5433    31.5394    23.6436    23.6412    6.00715 0.0000e+00
      33876      7.954    13.3719    13.3683   3.764890   3.764190     2.2923     2.7576      8.140     1.3542     2.7535 1.0715e-01     0.1219    96.9982     6.2244     6.4372    31.5431    31.5395    23.6433    23.6413    6.00716 0.0000e+00
      33879      7.892    13.3718    13.3684   3.764863   3.764199     2.2926     2.7567      8.140     1.3224     2.7535 1.0715e-01     0.1215    97.0072     6.2248     6.4327    31.5430    31.5396    23.6433    23.6413    6.00718 0.0000e+00
      33882      7.826    13.3717    13.3682   3.764848   3.764192     2.2935     2.7576      8.140     1.3330     2.7535 1.0690e-01     0.1215    97.0072     6.2252     6.4332    31.5429    31.5397    23.6432    23.6415    6.00719 0.0000e+00
      33885      7.752    13.3716    13.3683   3.764862   3.764147     2.2935     2.7567      8.140     1.3224     2.7535 1.0703e-01     0.1215    97.0072     6.2232     6.4283    31.5431    31.5392    23.6434    23.6411    6.00719 0.0000e+00
      33888      7.675    13.3716    13.3678   3.764878   3.764132     2.2935     2.7576      8.140     1.3224     2.7535 1.0703e-01     0.1219    96.9982     6.2230     6.4283    31.5433    31.5395    23.6436    23.6414    6.00718 0.0000e+00
      33891      7.595    13.3720    13.3679   3.764888   3.764162     2.2939     2.7584      8.140     1.3224     2.7535 1.0715e-01     0.1215    97.0072     6.2244     6.4276    31.5432    31.5397    23.6434    23.6415    6.00714 0.0000e+00
      33894      7.512    13.3723    13.3680   3.764885   3.764150     2.2935     2.7576      8.140     1.3225     2.6746 1.0690e-01     0.1215    97.0072     6.2219     6.4229    31.5429    31.5396    23.6431    23.6414    6.00712 0.0000e+00
      33897      7.425    13.3720    13.3681   3.764898   3.764160     2.2931     2.7567      8.140     1.3224    -1.1549 1.0715e-01     0.1234    96.9620     6.2195     6.4181    31.5433    31.5396    23.6435    23.6414    6.00714 0.0000e+00
      33900      7.334    13.3723    13.3685   3.764905   3.764161     2.2935     2.7576      8.140     1.3119    -1.5497 1.0690e-01     0.1227    96.9801     6.2203     6.4181    31.5431    31.5393    23.6433    23.6411    6.00710 0.0000e+00
      33903      7.237    13.3722    13.3684   3.764906   3.764160     2.2926     2.7572      8.140     1.3436    -1.5497 1.0690e-01     0.1231    96.9711     6.2165     6.4148    31.5433    31.5394    23.6435    23.6413    6.00711 0.0000e+00
      33906      7.137    13.3722    13.3685   3.764890   3.764170     2.2922     2.7563      8.140     1.3648    -1.5497 1.0703e-01     0.1227    96.9801     6.2143     6.4107    31.5431    31.5395    23.6433    23.6412    6.00711 0.0000e+00
      33909      7.036    13.3723    13.3686   3.764930   3.764091     2.2931     2.7559      8.140     1.3648    -1.5891 1.0703e-01     0.1227    96.9801     6.2171     6.4085    31.5435    31.5387    23.6436    23.6406    6.00709 0.0000e+00
      33912      6.937    13.3724    13.3687   3.764909   3.764188     2.2935     2.7555      8.140     1.3648    -1.6286 1.0690e-01     0.1227    96.9801     6.2188     6.4049    31.5432    31.5396    23.6433    23.6413    6.00709 0.0000e+00
      33915      6.832    13.3726    13.3688   3.764891   3.764186     2.2935     2.7551      8.140     1.3754    -1.5497 1.0690e-01     0.1231    96.9711     6.2188     6.4021    31.5430    31.5395    23.6431    23.6412    6.00708 0.0000e+00
      33918      6.726    13.3724    13.3687   3.764896   3.764188     2.2922     2.7551      8.140     1.3542    -1.5891 1.0690e-01     0.1204    97.0343     6.2152     6.4014    31.5431    31.5396    23.6433    23.6413    6.00708 0.0000e+00
      33921      6.613    13.3721    13.3689   3.764844   3.764180     2.2926     2.7551      8.140     1.3436    89.8443 1.0703e-01     0.1204    97.0343     6.2173     6.4009    31.5430    31.5394    23.6433    23.6411    6.00714 0.0000e+00
      33924      6.498    13.3722    13.3687   3.764833   3.764177     2.2931     2.7539      8.140     1.3648   478.1207 1.0703e-01     0.1204    97.0343     6.2197     6.3971    31.5429    31.5396    23.6431    23.6413    6.00713 0.0000e+00
      33927      6.384    13.3720    13.3686   3.764858   3.764188     2.2931     2.7539      8.140     1.3648   481.3185 1.0703e-01     0.1204    97.0343     6.2205     6.3980    31.5433    31.5399    23.6435    23.6415    6.00713 0.0000e+00
      33930      6.270    13.3722    13.3687   3.764860   3.764208     2.2926     2.7539      8.140     1.3542   481.1605 1.0690e-01     0.1204    97.0343     6.2182     6.3993    31.5432    31.5400    23.6434    23.6416    6.00712 0.0000e+00
