Datasets/AZMP/TEL210/tel210_2020_077.cnv
* Sea-Bird SBE 9 Data File:
* FileName = C:\CTDDATA\tel210_2020_077.hex
* Software Version Seasave V 7.26.7.110
* Temperature SN = 1697
* Conductivity SN = 4216
* Number of Bytes Per Scan = 30
* Number of Voltage Words = 4
* Number of Scans Averaged by the Deck Unit = 1
* NMEA baud rate = 4800
** VESSEL/TRIP/SEQ STN:  tel210_2020_077
** LATITUDE XX XX.XX: 52 42.39 N
** LONGITUDE XX XX.XX: 053 46.86 W
** SOUNDING DEPTH (M): 0408
** PROBE TYPE: S1146
** CTD NUMBER: 050
** COMMENTS (14 CHAR): C6-03
** BOTTLES:  0
** LEVELS:
** STICKERS:
** VNET: N
** DO2: N
# nquan = 22
# nvalues = 9142                        
# units = specified
# name 0 = scan: Scan Count
# name 1 = prDM: Pressure, Digiquartz [db]
# name 2 = t090C: Temperature [ITS-90, deg C]
# name 3 = t190C: Temperature, 2 [ITS-90, deg C]
# name 4 = c0S/m: Conductivity [S/m]
# name 5 = c1S/m: Conductivity, 2 [S/m]
# name 6 = sbeox0V: Oxygen raw, SBE 43 [V]
# name 7 = sbeox1V: Oxygen raw, SBE 43, 2 [V]
# name 8 = ph: pH
# name 9 = flECO-AFL: Fluorescence, WET Labs ECO-AFL/FL [mg/m^3]
# name 10 = wetCDOM: Fluorescence, WET Labs CDOM [mg/m^3]
# name 11 = par/sat/log: PAR/Logarithmic, Satlantic [umol photons/m^2/sec]
# name 12 = CStarAt0: Beam Attenuation, WET Labs C-Star [1/m]
# name 13 = CStarTr0: Beam Transmission, WET Labs C-Star [%]
# name 14 = sbeox0ML/L: Oxygen, SBE 43 [ml/l], WS = 2
# name 15 = sbeox1ML/L: Oxygen, SBE 43, 2 [ml/l], WS = 2
# name 16 = sal00: Salinity, Practical [PSU]
# name 17 = sal11: Salinity, Practical, 2 [PSU]
# name 18 = sigma-t00: Density [sigma-t, kg/m^3 ]
# name 19 = sigma-t11: Density, 2 [sigma-t, kg/m^3 ]
# name 20 = oxsatML/L: Oxygen Saturation, Weiss [ml/l]
# name 21 = flag: flag
# span 0 =         49,      28701       
# span 1 =      1.862,    407.460       
# span 2 =    -0.9693,     9.3594       
# span 3 =    -0.9765,     9.3505       
# span 4 =   2.658065,   3.465934       
# span 5 =   2.657086,   3.465379       
# span 6 =     1.8873,     2.5579       
# span 7 =     2.2765,     3.1374       
# span 8 =      7.898,      8.179       
# span 9 =     0.6558,    25.3754       
# span 10 =    -2.8130,   482.1870      
# span 11 = 1.0678e-01, 1.2057e+03      
# span 12 =    -0.1436,     1.5813      
# span 13 =    67.3457,   103.6539      
# span 14 =     6.3246,    10.3384      
# span 15 =     6.6109,    10.5974      
# span 16 =    31.5409,    34.6954      
# span 17 =    32.0525,    34.6963      
# span 18 =    24.7640,    27.5987      
# span 19 =    24.7707,    27.5999      
# span 20 =    6.52897,    8.38376      
# span 21 = 0.0000e+00, 0.0000e+00      
# interval = scans: 3                   
# start_time = Jul 24 2020 12:38:17 [System UTC, header]
# bad_flag = -9.990e-29
*END*
[from data line 4412]
      14164    377.070     3.3496     3.3520   3.185279   3.185735     1.9331     2.3379      7.931     0.7299     3.4642 1.0740e-01    -0.1404   103.5725     6.5422     6.8432    34.6477    34.6507    27.5711    27.5732    7.39881 0.0000e+00
      14167    377.010     3.3491     3.3535   3.185234   3.185983     1.9331     2.3387      7.932     0.7299     3.4642 1.0727e-01    -0.1404   103.5725     6.5403     6.8451    34.6478    34.6521    27.5711    27.5741    7.39890 0.0000e+00
      14170    376.950     3.3494     3.3552   3.185252   3.186039     1.9323     2.3375      7.931     0.7299     3.4642 1.0740e-01    -0.1404   103.5725     6.5351     6.8388    34.6477    34.6510    27.5710    27.5731    7.39885 0.0000e+00
      14173    376.888     3.3496     3.3502   3.185261   3.185406     1.9327     2.3375      7.932     0.7405     3.4642 1.0752e-01    -0.1404   103.5725     6.5365     6.8376    34.6476    34.6487    27.5710    27.5717    7.39881 0.0000e+00
      14176    376.821     3.3499     3.3472   3.185292   3.185093     1.9323     2.3379      7.932     0.7616     3.4642 1.0740e-01    -0.1404   103.5725     6.5358     6.8353    34.6477    34.6482    27.5710    27.5717    7.39875 0.0000e+00
      14179    376.750     3.3499     3.3468   3.185262   3.185082     1.9335     2.3379      7.932     0.7510     3.4642 1.0727e-01    -0.1404   103.5725     6.5422     6.8349    34.6474    34.6485    27.5707    27.5719    7.39877 0.0000e+00
      14182    376.676     3.3496     3.3460   3.185276   3.185005     1.9331     2.3375      7.932     0.7616     3.3852 1.0727e-01    -0.1404   103.5725     6.5370     6.8337    34.6479    34.6484    27.5712    27.5720    7.39879 0.0000e+00
      14185    376.598     3.3502     3.3460   3.185385   3.185034     1.9331     2.3379      7.931     0.7510     3.3457 1.0752e-01    -0.1404   103.5725     6.5356     6.8339    34.6487    34.6489    27.5717    27.5723    7.39866 0.0000e+00
      14188    376.514     3.3510     3.3461   3.185505   3.185124     1.9339     2.3383      7.931     0.7616     3.3457 1.0727e-01    -0.1408   103.5816     6.5401     6.8332    34.6492    34.6499    27.5721    27.5731    7.39847 0.0000e+00
      14191    376.428     3.3519     3.3476   3.185594   3.185357     1.9327     2.3379      7.931     0.7616     3.3457 1.0740e-01    -0.1401   103.5635     6.5366     6.8304    34.6494    34.6512    27.5721    27.5740    7.39830 0.0000e+00
      14194    376.340     3.3525     3.3501   3.185614   3.185594     1.9331     2.3383      7.932     0.7616     3.3457 1.0740e-01    -0.1404   103.5725     6.5366     6.8300    34.6490    34.6514    27.5718    27.5739    7.39820 0.0000e+00
      14197    376.250     3.3536     3.3510   3.185728   3.185593     1.9331     2.3375      7.932     0.7510     3.3457 1.0752e-01    -0.1404   103.5725     6.5346     6.8250    34.6493    34.6505    27.5719    27.5731    7.39798 0.0000e+00
      14200    376.157     3.3537     3.3520   3.185716   3.185797     1.9343     2.3366      7.931     0.7405     3.3457 1.0740e-01    -0.1404   103.5725     6.5377     6.8200    34.6491    34.6519    27.5717    27.5741    7.39798 0.0000e+00
      14203    376.061     3.3545     3.3539   3.185849   3.185955     1.9331     2.3379      7.931     0.7405     3.3457 1.0752e-01    -0.1404   103.5725     6.5320     6.8236    34.6499    34.6518    27.5723    27.5739    7.39779 0.0000e+00
      14206    375.966     3.3552     3.3546   3.185816   3.185978     1.9327     2.3375      7.932     0.7299     3.2668 1.0727e-01    -0.1404   103.5725     6.5324     6.8224    34.6489    34.6514    27.5714    27.5735    7.39772 0.0000e+00
      14209    375.869     3.3546     3.3540   3.185652   3.185821     1.9335     2.3375      7.931     0.7405     2.2403 1.0727e-01    -0.1404   103.5725     6.5353     6.8213    34.6476    34.6503    27.5704    27.5727    7.39790 0.0000e+00
      14212    375.767     3.3535     3.3523   3.185453   3.185642     1.9335     2.3375      7.932     0.7299     2.1614 1.0740e-01    -0.1404   103.5725     6.5347     6.8223    34.6464    34.6499    27.5696    27.5725    7.39815 0.0000e+00
      14215    375.667     3.3525     3.3516   3.185319   3.185611     1.9339     2.3366      7.931     0.7299     2.1614 1.0752e-01    -0.1404   103.5725     6.5368     6.8226    34.6459    34.6503    27.5693    27.5729    7.39837 0.0000e+00
      14218    375.563     3.3515     3.3519   3.185249   3.185615     1.9327     2.3362      7.931     0.7299     2.1614 1.0727e-01    -0.1411   103.5906     6.5317     6.8224    34.6462    34.6502    27.5696    27.5728    7.39854 0.0000e+00
      14221    375.459     3.3507     3.3512   3.185170   3.185434     1.9339     2.3370      7.932     0.7299     2.1614 1.0727e-01    -0.1415   103.5997     6.5366     6.8282    34.6461    34.6488    27.5697    27.5717    7.39868 0.0000e+00
      14224    375.355     3.3503     3.3482   3.185127   3.185007     1.9331     2.3366      7.932     0.7299     2.1614 1.0727e-01    -0.1415   103.5997     6.5327     6.8274    34.6460    34.6468    27.5696    27.5704    7.39875 0.0000e+00
      14227    375.250     3.3500     3.3467   3.185097   3.184883     1.9343     2.3366      7.932     0.7193     2.1614 1.0752e-01    -0.1415   103.5997     6.5396     6.8276    34.6461    34.6470    27.5697    27.5707    7.39881 0.0000e+00
      14230    375.148     3.3500     3.3459   3.185077   3.184787     1.9339     2.3370      7.931     0.6875     2.1614 1.0740e-01    -0.1411   103.5906     6.5363     6.8307    34.6459    34.6468    27.5695    27.5707    7.39882 0.0000e+00
      14233    375.046     3.3497     3.3451   3.185049   3.184712     1.9331     2.3366      7.931     0.7087     1.7666 1.0752e-01    -0.1408   103.5816     6.5318     6.8299    34.6460    34.6468    27.5696    27.5707    7.39888 0.0000e+00
      14236    374.947     3.3491     3.3442   3.184978   3.184573     1.9335     2.3370      7.932     0.6875     0.6612 1.0740e-01    -0.1411   103.5906     6.5329     6.8328    34.6458    34.6461    27.5696    27.5703    7.39900 0.0000e+00
      14239    374.849     3.3490     3.3434   3.184895   3.184549     1.9335     2.3375      7.931     0.7087     0.7401 1.0727e-01    -0.1422   103.6178     6.5316     6.8380    34.6450    34.6467    27.5689    27.5708    7.39906 0.0000e+00
      14242    374.752     3.3484     3.3432   3.184865   3.184492     1.9343     2.3370      7.929     0.6981     0.7401 1.0715e-01    -0.1422   103.6178     6.5378     6.8362    34.6453    34.6464    27.5692    27.5706    7.39915 0.0000e+00
      14245    374.655     3.3480     3.3428   3.184787   3.184471     1.9335     2.3366      7.932     0.6875     0.7401 1.0715e-01    -0.1418   103.6087     6.5339     6.8349    34.6449    34.6465    27.5689    27.5708    7.39925 0.0000e+00
      14248    374.561     3.3474     3.3427   3.184767   3.184476     1.9335     2.3375      7.932     0.6875     0.7401 1.0715e-01    -0.1415   103.5997     6.5331     6.8370    34.6452    34.6468    27.5692    27.5710    7.39933 0.0000e+00
      14251    374.472     3.3474     3.3424   3.184748   3.184453     1.9335     2.3366      7.929     0.6875     0.7401 1.0715e-01    -0.1425   103.6268     6.5343     6.8342    34.6450    34.6468    27.5691    27.5710    7.39934 0.0000e+00
      14254    374.385     3.3471     3.3424   3.184738   3.184433     1.9339     2.3366      7.931     0.7299     0.7401 1.0715e-01    -0.1418   103.6087     6.5377     6.8359    34.6453    34.6467    27.5693    27.5709    7.39938 0.0000e+00
      14257    374.302     3.3469     3.3423   3.184737   3.184406     1.9339     2.3366      7.931     0.7299     0.7401 1.0715e-01    -0.1422   103.6178     6.5393     6.8360    34.6455    34.6465    27.5695    27.5707    7.39941 0.0000e+00
      14260    374.220     3.3468     3.3425   3.184739   3.184443     1.9331     2.3375      7.932     0.7299     2.2008 1.0752e-01    -0.1425   103.6268     6.5349     6.8391    34.6457    34.6467    27.5697    27.5709    7.39941 0.0000e+00
      14263    374.143     3.3470     3.3426   3.184769   3.184431     1.9335     2.3379      7.932     0.7299     3.5431 1.0727e-01    -0.1425   103.6268     6.5381     6.8425    34.6460    34.6465    27.5699    27.5707    7.39938 0.0000e+00
      14266    374.066     3.3472     3.3428   3.184742   3.184422     1.9347     2.3371      7.932     0.7299     3.4642 1.0727e-01    -0.1425   103.6268     6.5456     6.8410    34.6454    34.6462    27.5694    27.5705    7.39936 0.0000e+00
      14269    373.993     3.3471     3.3425   3.184705   3.184384     1.9339     2.3375      7.932     0.7405     3.4642 1.0727e-01    -0.1425   103.6268     6.5440     6.8453    34.6451    34.6462    27.5692    27.5705    7.39939 0.0000e+00
      14272    373.921     3.3472     3.3423   3.184713   3.184359     1.9339     2.3367      7.932     0.7405     3.4642 1.0727e-01    -0.1425   103.6268     6.5444     6.8415    34.6452    34.6461    27.5692    27.5705    7.39937 0.0000e+00
      14275    373.854     3.3471     3.3423   3.184707   3.184345     1.9343     2.3383      7.932     0.7405     3.4642 1.0740e-01    -0.1429   103.6358     6.5461     6.8475    34.6453    34.6460    27.5693    27.5703    7.39939 0.0000e+00
      14278    373.787     3.3469     3.3423   3.184666   3.184316     1.9339     2.3375      7.931     0.7087     3.4642 1.0727e-01    -0.1317   103.3464     6.5447     6.8444    34.6450    34.6457    27.5692    27.5701    7.39944 0.0000e+00
      14281    373.721     3.3464     3.3422   3.184628   3.184317     1.9344     2.3379      7.931     0.6875     3.4642 1.0727e-01    -0.1285   103.2651     6.5466     6.8451    34.6451    34.6458    27.5692    27.5702    7.39952 0.0000e+00
      14284    373.654     3.3465     3.3421   3.184627   3.184290     1.9344     2.3379      7.932     0.6770     3.4642 1.0715e-01    -0.1282   103.2560     6.5461     6.8450    34.6450    34.6456    27.5692    27.5701    7.39951 0.0000e+00
      14287    373.592     3.3464     3.3418   3.184553   3.184224     1.9348     2.3379      7.932     0.7087     1.9245 1.0715e-01    -0.1278   103.2470     6.5443     6.8465    34.6443    34.6452    27.5686    27.5698    7.39957 0.0000e+00
      14290    373.529     3.3461     3.3415   3.184539   3.184212     1.9348     2.3387      7.932     0.7193     1.6481 1.0715e-01    -0.1278   103.2470     6.5451     6.8485    34.6445    34.6454    27.5688    27.5699    7.39962 0.0000e+00
      14293    373.464     3.3458     3.3418   3.184542   3.184238     1.9348     2.3387      7.931     0.6981     1.6876 1.0715e-01    -0.1285   103.2651     6.5469     6.8459    34.6448    34.6454    27.5691    27.5699    7.39964 0.0000e+00
      14296    373.402     3.3461     3.3414   3.184525   3.184217     1.9348     2.3379      7.931     0.6981     1.6876 1.0715e-01    -0.1289   103.2741     6.5475     6.8406    34.6444    34.6457    27.5687    27.5702    7.39962 0.0000e+00
      14299    373.339     3.3452     3.3419   3.184374   3.184298     1.9348     2.3379      7.932     0.7087     1.6876 1.0715e-01    -0.1415   103.5997     6.5478     6.8392    34.6435    34.6461    27.5681    27.5705    7.39983 0.0000e+00
      14302    373.274     3.3444     3.3424   3.184355   3.184327     1.9348     2.3391      7.931     0.7087     1.6876 1.0715e-01    -0.1425   103.6268     6.5472     6.8451    34.6442    34.6459    27.5687    27.5703    7.39994 0.0000e+00
      14305    373.210     3.3446     3.3424   3.184372   3.184336     1.9348     2.3387      7.932     0.7511     1.6876 1.0715e-01    -0.1422   103.6178     6.5449     6.8429    34.6442    34.6461    27.5687    27.5704    7.39990 0.0000e+00
      14308    373.147     3.3444     3.3425   3.184316   3.184354     1.9348     2.3391      7.931     0.7510     1.6876 1.0715e-01    -0.1422   103.6178     6.5443     6.8439    34.6437    34.6462    27.5684    27.5705    7.39995 0.0000e+00
      14311    373.081     3.3442     3.3424   3.184257   3.184324     1.9348     2.3387      7.931     0.7616     1.5297 1.0715e-01    -0.1422   103.6178     6.5442     6.8398    34.6433    34.6460    27.5680    27.5704    7.40002 0.0000e+00
      14314    373.016     3.3438     3.3421   3.184261   3.184282     1.9352     2.3379      7.931     0.7510     0.5822 1.0715e-01    -0.1422   103.6178     6.5457     6.8367    34.6438    34.6459    27.5685    27.5703    7.40007 0.0000e+00
      14317    372.950     3.3435     3.3418   3.184239   3.184259     1.9356     2.3383      7.932     0.7616     0.6217 1.0715e-01    -0.1415   103.5997     6.5470     6.8410    34.6439    34.6460    27.5686    27.5704    7.40011 0.0000e+00
      14320    372.880     3.3433     3.3418   3.184204   3.184255     1.9360     2.3383      7.932     0.7616     0.6217 1.0715e-01    -0.1404   103.5725     6.5492     6.8434    34.6437    34.6460    27.5685    27.5704    7.40016 0.0000e+00
      14323    372.811     3.3431     3.3413   3.184152   3.184145     1.9352     2.3391      7.932     0.7616     0.6217 1.0715e-01    -0.1415   103.5997     6.5453     6.8467    34.6434    34.6452    27.5682    27.5698    7.40022 0.0000e+00
      14326    372.738     3.3429     3.3402   3.184158   3.184012     1.9352     2.3391      7.932     0.7722     0.6217 1.0715e-01    -0.1404   103.5725     6.5455     6.8457    34.6437    34.6448    27.5685    27.5696    7.40024 0.0000e+00
      14329    372.663     3.3424     3.3394   3.184138   3.183926     1.9356     2.3391      7.932     0.7510     0.6217 1.0740e-01    -0.1411   103.5906     6.5478     6.8468    34.6440    34.6447    27.5687    27.5696    7.40031 0.0000e+00
      14332    372.590     3.3431     3.3393   3.184162   3.183926     1.9352     2.3387      7.932     0.6875     0.6217 1.0740e-01    -0.1411   103.5906     6.5458     6.8466    34.6436    34.6448    27.5684    27.5697    7.40021 0.0000e+00
      14335    372.513     3.3432     3.3396   3.184165   3.183922     1.9356     2.3383      7.932     0.7087     0.5822 1.0752e-01    -0.1408   103.5816     6.5442     6.8478    34.6436    34.6444    27.5684    27.5694    7.40019 0.0000e+00
      14338    372.438     3.3430     3.3403   3.184143   3.184023     1.9352     2.3395      7.931     0.7193     0.3453 1.0740e-01    -0.1411   103.5906     6.5419     6.8508    34.6436    34.6451    27.5683    27.5698    7.40023 0.0000e+00
      14341    372.360     3.3430     3.3401   3.184198   3.183998     1.9356     2.3395      7.932     0.6981    -0.1284 1.0740e-01    -0.1415   103.5997     6.5432     6.8492    34.6442    34.6450    27.5689    27.5698    7.40019 0.0000e+00
      14344    372.284     3.3435     3.3399   3.184247   3.184000     1.9356     2.3403      7.931     0.7193    -0.0889 1.0740e-01    -0.1415   103.5997     6.5448     6.8503    34.6444    34.6452    27.5690    27.5700    7.40010 0.0000e+00
      14347    372.207     3.3438     3.3409   3.184312   3.184261     1.9356     2.3395      7.932     0.6875    -0.0889 1.0727e-01    -0.1418   103.6087     6.5456     6.8471    34.6448    34.6473    27.5693    27.5715    7.40001 0.0000e+00
      14350    372.127     3.3449     3.3433   3.184567   3.184519     1.9360     2.3391      7.932     0.6981    -0.0889 1.0727e-01    -0.1415   103.5997     6.5467     6.8444    34.6468    34.6480    27.5708    27.5718    7.39972 0.0000e+00
      14353    372.050     3.3460     3.3442   3.184611   3.184516     1.9364     2.3399      7.932     0.7193    -0.0889 1.0727e-01    -0.1415   103.5997     6.5491     6.8477    34.6462    34.6470    27.5702    27.5710    7.39955 0.0000e+00
      14356    371.972     3.3465     3.3440   3.184552   3.184475     1.9356     2.3395      7.932     0.7193    -0.0889 1.0752e-01    -0.1415   103.5997     6.5455     6.8467    34.6451    34.6468    27.5692    27.5708    7.39951 0.0000e+00
