Datasets/AZMP/TEL210/tel210_2020_053.cnv
* Sea-Bird SBE 9 Data File:
* FileName = C:\CTDDATA\tel210_2020_053.hex
* Software Version Seasave V 7.26.7.110
* Temperature SN = 1697
* Conductivity SN = 4216
* Number of Bytes Per Scan = 30
* Number of Voltage Words = 4
* Number of Scans Averaged by the Deck Unit = 1
* NMEA baud rate = 4800
** VESSEL/TRIP/SEQ STN:  tel210_2020_053
** LATITUDE XX XX.XX: 49 06.00 N
** LONGITUDE XX XX.XX: 051 49.80 W
** SOUNDING DEPTH (M): 0287
** PROBE TYPE: S1146
** CTD NUMBER: 043
** COMMENTS (14 CHAR): BB-06
** BOTTLES:  10
** LEVELS: 5,10,20,30,40,50,75,100,150,BTM
** STICKERS: 436065 - 436074
** VNET: Y
** DO2: Y
# nquan = 22
# nvalues = 7026                        
# units = specified
# name 0 = scan: Scan Count
# name 1 = prDM: Pressure, Digiquartz [db]
# name 2 = t090C: Temperature [ITS-90, deg C]
# name 3 = t190C: Temperature, 2 [ITS-90, deg C]
# name 4 = c0S/m: Conductivity [S/m]
# name 5 = c1S/m: Conductivity, 2 [S/m]
# name 6 = sbeox0V: Oxygen raw, SBE 43 [V]
# name 7 = sbeox1V: Oxygen raw, SBE 43, 2 [V]
# name 8 = ph: pH
# name 9 = flECO-AFL: Fluorescence, WET Labs ECO-AFL/FL [mg/m^3]
# name 10 = wetCDOM: Fluorescence, WET Labs CDOM [mg/m^3]
# name 11 = par/sat/log: PAR/Logarithmic, Satlantic [umol photons/m^2/sec]
# name 12 = CStarAt0: Beam Attenuation, WET Labs C-Star [1/m]
# name 13 = CStarTr0: Beam Transmission, WET Labs C-Star [%]
# name 14 = sbeox0ML/L: Oxygen, SBE 43 [ml/l], WS = 2
# name 15 = sbeox1ML/L: Oxygen, SBE 43, 2 [ml/l], WS = 2
# name 16 = sal00: Salinity, Practical [PSU]
# name 17 = sal11: Salinity, Practical, 2 [PSU]
# name 18 = sigma-t00: Density [sigma-t, kg/m^3 ]
# name 19 = sigma-t11: Density, 2 [sigma-t, kg/m^3 ]
# name 20 = oxsatML/L: Oxygen Saturation, Weiss [ml/l]
# name 21 = flag: flag
# span 0 =          8,      43800       
# span 1 =      0.960,    286.171       
# span 2 =    -1.3917,    11.1299       
# span 3 =    -1.3963,    11.1271       
# span 4 =   2.632367,   3.576936       
# span 5 =   2.632153,   3.576535       
# span 6 =     1.8163,     2.5397       
# span 7 =     2.1888,     3.1293       
# span 8 =      7.940,      8.318       
# span 9 =     0.6135,     7.2802       
# span 10 =    -2.8130,   482.1870      
# span 11 = 1.0678e-01, 1.3252e+01      
# span 12 =    -0.1467,     0.6762      
# span 13 =    84.4463,   103.7353      
# span 14 =     6.0391,     9.1921      
# span 15 =     6.3231,     9.5874      
# span 16 =    30.9466,    34.4038      
# span 17 =    31.5604,    34.4053      
# span 18 =    23.8185,    27.4313      
# span 19 =    24.1208,    27.4315      
# span 20 =    6.29694,    8.47624      
# span 21 = 0.0000e+00, 0.0000e+00      
# interval = scans: 3                   
# start_time = Jul 21 2020 08:07:29 [System UTC, header]
# bad_flag = -9.990e-29
*END*
[from data line 2963]
       9443    271.764     2.5948     2.5899   3.089738   3.089488     1.8633     2.2430      7.949     0.7510     3.7010 1.0727e-01     0.0123    99.6930     6.2600     6.5283    34.3477    34.3498    27.4002    27.4023    7.55538 0.0000e+00
       9446    271.795     2.5949     2.5911   3.089762   3.089715     1.8633     2.2434      7.949     0.7405     3.6221 1.0715e-01     0.0119    99.7021     6.2571     6.5309    34.3478    34.3513    27.4003    27.4034    7.55535 0.0000e+00
       9449    271.831     2.5953     2.5949   3.090002   3.090165     1.8629     2.2439      7.949     0.7299     2.2403 1.0715e-01     0.0119    99.7021     6.2531     6.5307    34.3503    34.3528    27.4022    27.4042    7.55515 0.0000e+00
       9452    271.875     2.5989     2.5976   3.090901   3.090480     1.8629     2.2430      7.949     0.7299     2.1614 1.0715e-01     0.0123    99.6930     6.2523     6.5263    34.3575    34.3537    27.4076    27.4048    7.55410 0.0000e+00
       9455    271.925     2.6024     2.6013   3.090790   3.091032     1.8633     2.2434      7.949     0.7299     2.1614 1.0715e-01     0.0123    99.6930     6.2543     6.5249    34.3524    34.3565    27.4033    27.4066    7.55369 0.0000e+00
       9458    271.975     2.6035     2.6121   3.091324   3.092368     1.8629     2.2439      7.949     0.7299     2.1614 1.0715e-01     0.0123    99.6930     6.2530     6.5254    34.3577    34.3614    27.4075    27.4096    7.55321 0.0000e+00
       9461    272.030     2.6076     2.6209   3.091933   3.093261     1.8617     2.2430      7.949     0.7299     2.1614 1.0715e-01     0.0160    99.6026     6.2453     6.5206    34.3609    34.3629    27.4096    27.4101    7.55228 0.0000e+00
       9464    272.084     2.6107     2.6220   3.091695   3.093015     1.8617     2.2422      7.949     0.7299     2.1614 1.0715e-01     0.0163    99.5935     6.2453     6.5168    34.3546    34.3587    27.4043    27.4066    7.55200 0.0000e+00
       9467    272.140     2.6103     2.6150   3.091287   3.092078     1.8617     2.2430      7.949     0.7405     2.1614 1.0715e-01     0.0156    99.6116     6.2445     6.5192    34.3499    34.3546    27.4006    27.4040    7.55230 0.0000e+00
       9470    272.204     2.6086     2.6084   3.091152   3.091460     1.8621     2.2426      7.949     0.7616     2.1614 1.0715e-01     0.0156    99.6116     6.2446     6.5147    34.3500    34.3541    27.4008    27.4041    7.55262 0.0000e+00
       9473    272.275     2.6078     2.6060   3.091440   3.091505     1.8617     2.2418      7.949     0.7616     1.5692 1.0715e-01     0.0156    99.6116     6.2413     6.5102    34.3543    34.3571    27.4044    27.4068    7.55255 0.0000e+00
       9476    272.354     2.6100     2.6153   3.092038   3.092698     1.8609     2.2414      7.949     0.7510    -0.2469 1.0715e-01     0.0156    99.6116     6.2322     6.5035    34.3594    34.3618    27.4082    27.4097    7.55189 0.0000e+00
       9479    272.443     2.6141     2.6210   3.092826   3.093149     1.8613     2.2410      7.949     0.7722    -0.2074 1.0715e-01     0.0163    99.5935     6.2324     6.4977    34.3646    34.3612    27.4120    27.4087    7.55084 0.0000e+00
       9482    272.536     2.6186     2.6251   3.093101   3.093584     1.8613     2.2418      7.949     0.7616    -0.2074 1.0715e-01     0.0184    99.5393     6.2310     6.5009    34.3631    34.3621    27.4105    27.4091    7.55005 0.0000e+00
       9485    272.633     2.6217     2.6228   3.093313   3.093193     1.8609     2.2410      7.949     0.7722    -0.2074 1.0715e-01     0.0184    99.5393     6.2287     6.4974    34.3624    34.3597    27.4096    27.4074    7.54951 0.0000e+00
       9488    272.733     2.6247     2.6220   3.093501   3.093193     1.8613     2.2406      7.949     0.7616    -0.2074 1.0715e-01     0.0184    99.5393     6.2293     6.4971    34.3614    34.3605    27.4086    27.4080    7.54898 0.0000e+00
       9491    272.839     2.6268     2.6250   3.093629   3.093613     1.8600     2.2406      7.949     0.7722    -0.2074 1.0715e-01     0.0181    99.5484     6.2237     6.4971    34.3607    34.3624    27.4078    27.4093    7.54862 0.0000e+00
       9494    272.952     2.6288     2.6271   3.093917   3.093857     1.8596     2.2394      7.949     0.7299    -0.2074 1.0715e-01     0.0188    99.5303     6.2206     6.4925    34.3620    34.3630    27.4087    27.4097    7.54817 0.0000e+00
       9497    273.070     2.6304     2.6317   3.094032   3.094174     1.8592     2.2394      7.949     0.7299    -0.2074 1.0715e-01     0.0181    99.5484     6.2186     6.4914    34.3616    34.3620    27.4082    27.4084    7.54788 0.0000e+00
       9500    273.186     2.6316     2.6272   3.094014   3.093612     1.8584     2.2385      7.949     0.7405     0.9770 1.0715e-01     0.0199    99.5031     6.2163     6.4893    34.3600    34.3598    27.4069    27.4071    7.54773 0.0000e+00
       9503    273.305     2.6322     2.6273   3.094257   3.093875     1.8588     2.2385      7.949     0.7299     2.2009 1.0715e-01     0.0221    99.4489     6.2156     6.4882    34.3623    34.3629    27.4086    27.4095    7.54750 0.0000e+00
       9506    273.427     2.6336     2.6309   3.094366   3.094354     1.8584     2.2386      7.949     0.7405     2.1614 1.0715e-01     0.0221    99.4489     6.2130     6.4866    34.3621    34.3649    27.4083    27.4108    7.54724 0.0000e+00
       9509    273.549     2.6339     2.6336   3.094247   3.094586     1.8588     2.2378      7.949     0.7299     2.1614 1.0715e-01     0.0221    99.4489     6.2142     6.4847    34.3603    34.3648    27.4069    27.4105    7.54728 0.0000e+00
       9512    273.674     2.6343     2.6319   3.094357   3.094357     1.8588     2.2390      7.949     0.7405     2.1614 1.0715e-01     0.0221    99.4489     6.2153     6.4888    34.3611    34.3637    27.4075    27.4098    7.54717 0.0000e+00
       9515    273.805     2.6356     2.6340   3.094668   3.094613     1.8584     2.2378      7.949     0.7299     2.1614 1.0715e-01     0.0221    99.4489     6.2133     6.4834    34.3635    34.3645    27.4093    27.4103    7.54680 0.0000e+00
       9518    273.933     2.6369     2.6359   3.094711   3.094860     1.8576     2.2369      7.949     0.7405     2.1614 1.0715e-01     0.0221    99.4489     6.2098     6.4803    34.3625    34.3655    27.4084    27.4109    7.54660 0.0000e+00
       9521    274.058     2.6377     2.6416   3.094978   3.095704     1.8576     2.2369      7.946     0.7616     2.1614 1.0715e-01     0.0261    99.3494     6.2114     6.4782    34.3649    34.3697    27.4103    27.4137    7.54633 0.0000e+00
       9524    274.179     2.6428     2.6478   3.096601   3.096143     1.8576     2.2369      7.943     0.7616     2.1614 1.0715e-01     0.0287    99.2861     6.2093     6.4749    34.3794    34.3683    27.4214    27.4121    7.54463 0.0000e+00
       9527    274.295     2.6507     2.6421   3.097050   3.095313     1.8568     2.2361      7.940     0.7616    -0.4048 1.0715e-01     0.0287    99.2861     6.2022     6.4715    34.3763    34.3642    27.4183    27.4093    7.54327 0.0000e+00
       9530    274.392     2.6535     2.6423   3.096462   3.095718     1.8560     2.2357      7.944     0.7616    -0.9575 1.0715e-01     0.0287    99.2861     6.1955     6.4694    34.3660    34.3689    27.4098    27.4130    7.54325 0.0000e+00
       9533    274.472     2.6532     2.6487   3.096429   3.096296     1.8560     2.2357      7.944     0.7722    -0.9180 1.0727e-01     0.0287    99.2861     6.1935     6.4656    34.3659    34.3691    27.4097    27.4126    7.54332 0.0000e+00
       9536    274.539     2.6531     2.6499   3.096392   3.096236     1.8560     2.2345      7.944     0.7828    -0.9180 1.0715e-01     0.0287    99.2861     6.1951     6.4606    34.3655    34.3670    27.4094    27.4109    7.54335 0.0000e+00
       9539    274.596     2.6514     2.6449   3.095728   3.095656     1.8547     2.2345      7.944     0.7722    -0.9180 1.0715e-01     0.0287    99.2861     6.1917     6.4645    34.3591    34.3652    27.4044    27.4099    7.54400 0.0000e+00
       9542    274.649     2.6467     2.6342   3.095235   3.094623     1.8560     2.2345      7.944     0.7722    -0.9180 1.0715e-01     0.0323    99.1957     6.2001     6.4653    34.3581    34.3640    27.4040    27.4098    7.54495 0.0000e+00
       9545    274.699     2.6473     2.6415   3.096339   3.095720     1.8556     2.2337      7.944     0.7405    -0.9180 1.0715e-01     0.0330    99.1776     6.1973     6.4601    34.3710    34.3695    27.4143    27.4136    7.54419 0.0000e+00
       9548    274.753     2.6515     2.6488   3.096777   3.096327     1.8552     2.2333      7.944     0.7299    -0.9180 1.0715e-01     0.0330    99.1776     6.1948     6.4576    34.3718    34.3692    27.4146    27.4128    7.54334 0.0000e+00
       9551    274.804     2.6548     2.6503   3.097258   3.096437     1.8547     2.2333      7.944     0.7510    52.0234 1.0715e-01     0.0330    99.1776     6.1944     6.4577    34.3742    34.3690    27.4162    27.4124    7.54259 0.0000e+00
       9554    274.849     2.6572     2.6531   3.097190   3.096805     1.8535     2.2324      7.944     0.7299   463.0791 1.0715e-01     0.0330    99.1776     6.1891     6.4542    34.3708    34.3705    27.4133    27.4134    7.54232 0.0000e+00
       9557    274.885     2.6579     2.6544   3.097041   3.096835     1.8539     2.2320      7.944     0.7405   481.5553 1.0715e-01     0.0330    99.1776     6.1898     6.4535    34.3681    34.3694    27.4111    27.4124    7.54230 0.0000e+00
       9560    274.912     2.6597     2.6540   3.097282   3.096958     1.8539     2.2320      7.944     0.7299   481.2000 1.0715e-01     0.0378    99.0600     6.1915     6.4564    34.3691    34.3713    27.4117    27.4140    7.54191 0.0000e+00
       9645    274.938     2.6623     2.6602   3.097735   3.097599     1.8486     2.2259      7.946     0.7722     0.5032 1.0715e-01     0.0506    98.7435     6.1838     6.4552    34.3719    34.3725    27.4137    27.4144    7.54127 0.0000e+00
       9648    274.985     2.6638     2.6604   3.097764   3.097555     1.8495     2.2259      7.944     0.7722     0.5032 1.0715e-01     0.0506    98.7435     6.1900     6.4553    34.3707    34.3717    27.4126    27.4137    7.54106 0.0000e+00
       9651    275.036     2.6641     2.6601   3.097736   3.097553     1.8495     2.2251      7.947     0.7299     0.5032 1.0715e-01     0.0510    98.7345     6.1923     6.4521    34.3700    34.3720    27.4120    27.4140    7.54104 0.0000e+00
       9654    275.087     2.6639     2.6593   3.097642   3.097434     1.8486     2.2255      7.944     0.7299     0.5032 1.0715e-01     0.0510    98.7345     6.1898     6.4534    34.3691    34.3714    27.4113    27.4135    7.54113 0.0000e+00
       9657    275.137     2.6634     2.6594   3.097516   3.097447     1.8486     2.2259      7.944     0.7405     1.8455 1.0715e-01     0.0510    98.7345     6.1887     6.4570    34.3680    34.3714    27.4105    27.4135    7.54127 0.0000e+00
       9660    275.186     2.6623     2.6574   3.097425   3.097237     1.8482     2.2247      7.946     0.7405     3.1878 1.0715e-01     0.0510    98.7345     6.1855     6.4560    34.3680    34.3709    27.4105    27.4134    7.54147 0.0000e+00
       9663    275.234     2.6619     2.6575   3.097366   3.097298     1.8478     2.2259      7.944     0.7299     3.1089 1.0715e-01     0.0510    98.7345     6.1843     6.4610    34.3677    34.3715    27.4104    27.4139    7.54158 0.0000e+00
       9666    275.283     2.6611     2.6570   3.097326   3.097241     1.8474     2.2259      7.944     0.7299     3.1089 1.0715e-01     0.0506    98.7435     6.1825     6.4614    34.3680    34.3714    27.4107    27.4138    7.54171 0.0000e+00
       9669    275.328     2.6610     2.6571   3.097538   3.097290     1.8478     2.2247      7.946     0.7299     3.1089 1.0715e-01     0.0506    98.7435     6.1811     6.4579    34.3707    34.3718    27.4128    27.4141    7.54159 0.0000e+00
       9672    275.368     2.6628     2.6589   3.097979   3.097412     1.8482     2.2251      7.946     0.7299     3.1089 1.0715e-01     0.0506    98.7435     6.1793     6.4585    34.3742    34.3714    27.4155    27.4136    7.54108 0.0000e+00
       9675    275.405     2.6650     2.6593   3.098172   3.097557     1.8482     2.2243      7.944     0.7510     3.1089 1.0715e-01     0.0506    98.7435     6.1803     6.4540    34.3741    34.3727    27.4153    27.4146    7.54065 0.0000e+00
       9678    275.440     2.6672     2.6628   3.098401   3.097945     1.8482     2.2243      7.944     0.7722     3.1089 1.0715e-01     0.0506    98.7435     6.1830     6.4511    34.3746    34.3737    27.4155    27.4151    7.54022 0.0000e+00
       9681    275.475     2.6692     2.6637   3.098603   3.098002     1.8474     2.2251      7.944     0.7722     3.1089 1.0715e-01     0.0513    98.7254     6.1794     6.4551    34.3749    34.3734    27.4155    27.4148    7.53982 0.0000e+00
       9684    275.507     2.6701     2.6645   3.098526   3.098074     1.8474     2.2243      7.944     0.7616     4.4511 1.0715e-01     0.0557    98.6169     6.1797     6.4521    34.3730    34.3734    27.4139    27.4147    7.53974 0.0000e+00
       9687    275.536     2.6707     2.6652   3.098501   3.098119     1.8478     2.2243      7.944     0.7616     4.7670 1.0715e-01     0.0561    98.6079     6.1831     6.4487    34.3720    34.3733    27.4131    27.4146    7.53967 0.0000e+00
       9842    275.705     2.6722     2.6673   3.098674   3.098387     1.8442     2.2198      7.944     0.7405     2.5167 1.0715e-01     0.0645    98.3999     6.1678     6.4411    34.3724    34.3742    27.4133    27.4151    7.53936 0.0000e+00
       9972    275.814     2.6733     2.6696   3.098825   3.098653     1.8405     2.2170      7.944     0.7616     6.5435 1.0715e-01     0.0689    98.2913     6.1573     6.4364    34.3731    34.3749    27.4137    27.4154    7.53913 0.0000e+00
       9975    275.855     2.6735     2.6705   3.098864   3.098716     1.8405     2.2174      7.944     0.7510     6.7804 1.0715e-01     0.0686    98.3004     6.1571     6.4377    34.3733    34.3747    27.4138    27.4153    7.53907 0.0000e+00
       9978    275.897     2.6738     2.6706   3.098899   3.098732     1.8409     2.2170      7.944     0.7616     6.7804 1.0715e-01     0.0689    98.2913     6.1575     6.4371    34.3734    34.3748    27.4139    27.4153    7.53902 0.0000e+00
       9981    275.943     2.6742     2.6710   3.098926   3.098791     1.8409     2.2174      7.944     0.7510     6.7804 1.0715e-01     0.0686    98.3004     6.1565     6.4384    34.3733    34.3750    27.4138    27.4155    7.53895 0.0000e+00
       9984    275.987     2.6740     2.6705   3.098937   3.098719     1.8413     2.2174      7.944     0.7510     6.7804 1.0715e-01     0.0693    98.2823     6.1560     6.4392    34.3736    34.3747    27.4141    27.4152    7.53897 0.0000e+00
       9987    276.026     2.6744     2.6697   3.098968   3.098645     1.8409     2.2170      7.944     0.7616     6.7804 1.0715e-01     0.0722    98.2099     6.1554     6.4381    34.3736    34.3746    27.4140    27.4152    7.53890 0.0000e+00
       9990    276.066     2.6746     2.6694   3.098970   3.098611     1.8401     2.2174      7.944     0.7722     6.7804 1.0715e-01     0.0722    98.2099     6.1503     6.4405    34.3733    34.3744    27.4138    27.4151    7.53887 0.0000e+00
       9993    276.104     2.6750     2.6696   3.099013   3.098667     1.8409     2.2170      7.944     0.7828     6.7804 1.0715e-01     0.0726    98.2009     6.1547     6.4388    34.3734    34.3749    27.4138    27.4155    7.53879 0.0000e+00
       9996    276.135     2.6750     2.6699   3.099020   3.098688     1.8405     2.2170      7.944     0.8040    70.5785 1.0715e-01     0.0719    98.2190     6.1541     6.4392    34.3735    34.3748    27.4138    27.4154    7.53878 0.0000e+00
