Datasets/AZMP/TEL210/tel210_2020_023.cnv
* Sea-Bird SBE 9 Data File:
* FileName = C:\CTDDATA\tel210_2020_023.hex
* Software Version Seasave V 7.26.7.110
* Temperature SN = 1697
* Conductivity SN = 4216
* Number of Bytes Per Scan = 30
* Number of Voltage Words = 4
* Number of Scans Averaged by the Deck Unit = 1
* NMEA baud rate = 4800
** VESSEL/TRIP/SEQ STN:  tel210_2020_023
** LATITUDE XX XX.XX: 47 00.00 N
** LONGITUDE XX XX.XX: 046 01.00 W
** SOUNDING DEPTH (M): 0304
** PROBE TYPE: S1146
** CTD NUMBER: 022
** COMMENTS (14 CHAR): FC-21
** BOTTLES:  11
** LEVELS: 5,10,20,30,40,50,75,100,150,250,BTM
** STICKERS: 435891 - 435901
** VNET: Y
** DO2: N
# nquan = 22
# nvalues = 7106                        
# units = specified
# name 0 = scan: Scan Count
# name 1 = prDM: Pressure, Digiquartz [db]
# name 2 = t090C: Temperature [ITS-90, deg C]
# name 3 = t190C: Temperature, 2 [ITS-90, deg C]
# name 4 = c0S/m: Conductivity [S/m]
# name 5 = c1S/m: Conductivity, 2 [S/m]
# name 6 = sbeox0V: Oxygen raw, SBE 43 [V]
# name 7 = sbeox1V: Oxygen raw, SBE 43, 2 [V]
# name 8 = ph: pH
# name 9 = flECO-AFL: Fluorescence, WET Labs ECO-AFL/FL [mg/m^3]
# name 10 = wetCDOM: Fluorescence, WET Labs CDOM [mg/m^3]
# name 11 = par/sat/log: PAR/Logarithmic, Satlantic [umol photons/m^2/sec]
# name 12 = CStarAt0: Beam Attenuation, WET Labs C-Star [1/m]
# name 13 = CStarTr0: Beam Transmission, WET Labs C-Star [%]
# name 14 = sbeox0ML/L: Oxygen, SBE 43 [ml/l], WS = 2
# name 15 = sbeox1ML/L: Oxygen, SBE 43, 2 [ml/l], WS = 2
# name 16 = sal00: Salinity, Practical [PSU]
# name 17 = sal11: Salinity, Practical, 2 [PSU]
# name 18 = sigma-t00: Density [sigma-t, kg/m^3 ]
# name 19 = sigma-t11: Density, 2 [sigma-t, kg/m^3 ]
# name 20 = oxsatML/L: Oxygen Saturation, Weiss [ml/l]
# name 21 = flag: flag
# span 0 =        116,      55454       
# span 1 =      1.198,    303.934       
# span 2 =     2.9868,    11.6926       
# span 3 =     2.9800,    11.6760       
# span 4 =   3.115256,   3.808864       
# span 5 =   3.114614,   3.807250       
# span 6 =     1.8197,     2.4561       
# span 7 =     2.1886,     2.9965       
# span 8 =      7.945,      8.211       
# span 9 =    -0.6325,     5.3300       
# span 10 =    -2.8130,   482.1870      
# span 11 = 1.0703e-01, 3.0410e+02      
# span 12 =    -0.1299,     0.2172      
# span 13 =    94.7374,   103.3012      
# span 14 =     5.8495,     7.8230      
# span 15 =     6.1008,     8.1880      
# span 16 =    33.3829,    34.8779      
# span 17 =    33.3791,    34.8770      
# span 18 =    25.3996,    27.6942      
# span 19 =    25.3973,    27.6942      
# span 20 =    6.15186,    7.48168      
# span 21 = 0.0000e+00, 0.0000e+00      
# interval = scans: 3                   
# start_time = Jul 17 2020 18:04:17 [System UTC, header]
# bad_flag = -9.990e-29
*END*
[from data line 1647]
       5172    147.038     3.8740     3.8681   3.221322   3.220689     1.9849     2.3943      7.977    -0.5918     5.7145 1.0715e-01    -0.1205   103.0571     6.4579     6.7231    34.6477    34.6463    27.5189    27.5185    7.30331 0.0000e+00
       5175    147.067     3.8742     3.8680   3.221324   3.220676     1.9833     2.3947      7.977    -0.5714     5.7145 1.0715e-01    -0.1208   103.0661     6.4487     6.7234    34.6474    34.6463    27.5187    27.5184    7.30328 0.0000e+00
       5178    147.097     3.8738     3.8684   3.221341   3.220743     1.9841     2.3952      7.978    -0.5816     5.7145 1.0715e-01    -0.1205   103.0571     6.4521     6.7227    34.6480    34.6467    27.5192    27.5187    7.30332 0.0000e+00
       5181    147.131     3.8734     3.8684   3.221316   3.220783     1.9841     2.3947      7.978    -0.5918     5.7145 1.0715e-01    -0.1205   103.0571     6.4499     6.7200    34.6482    34.6471    27.5194    27.5190    7.30339 0.0000e+00
       5184    147.171     3.8731     3.8687   3.221312   3.220818     1.9841     2.3939      7.978    -0.5918     5.7145 1.0715e-01    -0.1205   103.0571     6.4485     6.7152    34.6484    34.6472    27.5196    27.5190    7.30343 0.0000e+00
       5187    147.211     3.8748     3.8679   3.221520   3.220780     1.9833     2.3935      7.978    -0.5816     5.7145 1.0727e-01    -0.1215   103.0842     6.4426     6.7119    34.6491    34.6475    27.5199    27.5194    7.30309 0.0000e+00
       5190    147.255     3.8771     3.8691   3.221751   3.220947     1.9837     2.3931      7.978    -0.5918     4.4512 1.0727e-01    -0.1215   103.0842     6.4411     6.7065    34.6493    34.6483    27.5199    27.5199    7.30266 0.0000e+00
       5193    147.301     3.8782     3.8715   3.221867   3.221198     1.9829     2.3923      7.977    -0.5714     1.2928 1.0740e-01    -0.1215   103.0842     6.4344     6.6996    34.6495    34.6486    27.5200    27.5199    7.30246 0.0000e+00
       5196    147.347     3.8801     3.8739   3.222088   3.221447     1.9829     2.3931      7.978    -0.5714     1.4507 1.0740e-01    -0.1215   103.0842     6.4333     6.6966    34.6501    34.6490    27.5202    27.5200    7.30208 0.0000e+00
       5199    147.402     3.8808     3.8740   3.222117   3.221445     1.9820     2.3923      7.978    -0.5816     1.4507 1.0727e-01    -0.1215   103.0842     6.4287     6.6903    34.6497    34.6489    27.5198    27.5199    7.30198 0.0000e+00
       5202    147.461     3.8824     3.8732   3.222319   3.221410     1.9829     2.3919      7.977    -0.5816     1.4507 1.0715e-01    -0.1215   103.0842     6.4280     6.6886    34.6504    34.6493    27.5202    27.5203    7.30166 0.0000e+00
       5205    147.526     3.8848     3.8786   3.222583   3.222027     1.9816     2.3919      7.978    -0.5816     1.4507 1.0715e-01    -0.1215   103.0842     6.4215     6.6870    34.6510    34.6510    27.5205    27.5210    7.30120 0.0000e+00
       5208    147.601     3.8874     3.8816   3.222879   3.222315     1.9829     2.3907      7.978    -0.5816     1.4507 1.0715e-01    -0.1215   103.0842     6.4235     6.6806    34.6517    34.6512    27.5207    27.5209    7.30069 0.0000e+00
       5211    147.681     3.8890     3.8839   3.223098   3.222611     1.9816     2.3907      7.978    -0.5714     1.4507 1.0715e-01    -0.1215   103.0842     6.4167     6.6780    34.6526    34.6522    27.5213    27.5215    7.30037 0.0000e+00
       5214    147.767     3.8919     3.8861   3.223462   3.222902     1.9812     2.3895      7.978    -0.5613     1.4112 1.0715e-01    -0.1215   103.0842     6.4123     6.6714    34.6538    34.6532    27.5219    27.5221    7.29978 0.0000e+00
       5217    147.856     3.8959     3.8906   3.223958   3.223418     1.9804     2.3886      7.978    -0.5714   274.4088 1.0715e-01    -0.1215   103.0842     6.4077     6.6666    34.6555    34.6546    27.5229    27.5228    7.29899 0.0000e+00
       5220    147.952     3.8998     3.8943   3.224360   3.223795     1.9808     2.3882      7.977    -0.5816   481.7133 1.0715e-01    -0.1215   103.0842     6.4062     6.6649    34.6561    34.6551    27.5229    27.5227    7.29826 0.0000e+00
       5223    148.047     3.9003     3.8955   3.224316   3.223846     1.9800     2.3882      7.977    -0.5918   481.0026 1.0715e-01    -0.1215   103.0842     6.4013     6.6666    34.6550    34.6544    27.5220    27.5221    7.29823 0.0000e+00
       5226    148.148     3.8973     3.8929   3.224075   3.223574     1.9800     2.3882      7.974    -0.5918   481.3184 1.0715e-01    -0.1215   103.0842     6.4015     6.6687    34.6552    34.6539    27.5225    27.5219    7.29875 0.0000e+00
       5229    148.253     3.8985     3.8924   3.224287   3.223717     1.9796     2.3866      7.974    -0.5918   481.3184 1.0715e-01    -0.1215   103.0842     6.4008     6.6654    34.6564    34.6560    27.5233    27.5237    7.29847 0.0000e+00
       5232    148.363     3.9015     3.8952   3.224670   3.224068     1.9780     2.3862      7.975    -0.5714   481.3579 1.0715e-01    -0.1215   103.0842     6.3967     6.6670    34.6577    34.6573    27.5241    27.5244    7.29787 0.0000e+00
       5235    148.478     3.9044     3.8990   3.225002   3.224456     1.9788     2.3858      7.974    -0.5816   481.3579 1.0715e-01    -0.1215   103.0842     6.4052     6.6694    34.6586    34.6577    27.5244    27.5243    7.29731 0.0000e+00
       5238    148.598     3.9041     3.8991   3.224864   3.224364     1.9784     2.3854      7.974    -0.5714   481.3579 1.0715e-01    -0.1215   103.0842     6.4063     6.6735    34.6571    34.6565    27.5234    27.5233    7.29743 0.0000e+00
       5241    148.718     3.9000     3.8955   3.224452   3.223981     1.9776     2.3854      7.974    -0.5918   481.3579 1.0715e-01    -0.1215   103.0842     6.4058     6.6808    34.6565    34.6557    27.5232    27.5231    7.29820 0.0000e+00
       5244    148.840     3.8951     3.8902   3.224042   3.223586     1.9772     2.3854      7.974    -0.5714   481.3579 1.0715e-01    -0.1215   103.0842     6.4083     6.6882    34.6568    34.6566    27.5240    27.5243    7.29907 0.0000e+00
       5247    148.967     3.8945     3.8897   3.224158   3.223733     1.9776     2.3846      7.974    -0.5816   481.3579 1.0715e-01    -0.1219   103.0932     6.4174     6.6945    34.6587    34.6588    27.5256    27.5261    7.29908 0.0000e+00
       5250    149.096     3.9009     3.8957   3.224932   3.224451     1.9768     2.3846      7.974    -0.5918   481.3579 1.0715e-01    -0.1215   103.0842     6.4180     6.7054    34.6611    34.6608    27.5268    27.5272    7.29781 0.0000e+00
       5253    149.225     3.8926     3.8920   3.223862   3.223720     1.9772     2.3837      7.974    -0.5816   481.3579 1.0715e-01    -0.1215   103.0842     6.4297     6.7162    34.6571    34.6560    27.5245    27.5237    7.29951 0.0000e+00
       5256    149.357     3.8806     3.8772   3.222777   3.222418     1.9780     2.3846      7.974    -0.5918   481.3579 1.0715e-01    -0.1219   103.0932     6.4434     6.7334    34.6567    34.6561    27.5255    27.5253    7.30167 0.0000e+00
       5259    149.484     3.8714     3.8665   3.221873   3.221495     1.9772     2.3846      7.974    -0.5816   481.3579 1.0715e-01    -0.1215   103.0842     6.4481     6.7462    34.6557    34.6563    27.5255    27.5266    7.30339 0.0000e+00
       5262    149.608     3.8606     3.8559   3.220849   3.220365     1.9768     2.3850      7.974    -0.5816   481.3579 1.0715e-01    -0.1219   103.0932     6.4574     6.7612    34.6548    34.6540    27.5260    27.5258    7.30538 0.0000e+00
       5265    149.732     3.8476     3.8429   3.219485   3.219094     1.9768     2.3858      7.974    -0.5918   481.3579 1.0715e-01    -0.1215   103.0842     6.4687     6.7772    34.6522    34.6526    27.5252    27.5260    7.30784 0.0000e+00
       5268    149.852     3.8255     3.8253   3.217382   3.217314     1.9776     2.3866      7.974    -0.5918   408.6375 1.0715e-01    -0.1215   103.0842     6.4826     6.7961    34.6505    34.6499    27.5261    27.5257    7.31190 0.0000e+00
       5271    149.971     3.8128     3.8093   3.216419   3.216023     1.9780     2.3878      7.976    -0.5918     8.8728 1.0715e-01    -0.1215   103.0842     6.4944     6.8151    34.6524    34.6514    27.5289    27.5285    7.31411 0.0000e+00
       5274    150.083     3.8062     3.8012   3.215919   3.215415     1.9780     2.3891      7.976    -0.5816     1.1744 1.0715e-01    -0.1215   103.0842     6.5033     6.8302    34.6534    34.6527    27.5304    27.5303    7.31525 0.0000e+00
       5277    150.190     3.8013     3.7965   3.215398   3.214948     1.9792     2.3903      7.977    -0.5816     2.7141 1.0715e-01    -0.1215   103.0842     6.5177     6.8428    34.6523    34.6520    27.5300    27.5303    7.31619 0.0000e+00
       5280    150.296     3.7947     3.7913   3.214811   3.214456     1.9796     2.3907      7.979    -0.5714     2.6351 1.0715e-01    -0.1215   103.0842     6.5299     6.8510    34.6522    34.6516    27.5306    27.5305    7.31738 0.0000e+00
       5283    150.391     3.7907     3.7862   3.214418   3.213962     1.9796     2.3923      7.979    -0.5816     2.6351 1.0715e-01    -0.1215   103.0842     6.5415     6.8645    34.6517    34.6511    27.5307    27.5306    7.31814 0.0000e+00
       5286    150.478     3.7847     3.7797   3.213766   3.213293     1.9808     2.3931      7.979    -0.5714     2.6351 1.0715e-01    -0.1208   103.0661     6.5541     6.8733    34.6502    34.6499    27.5300    27.5303    7.31928 0.0000e+00
       5289    150.562     3.7722     3.7699   3.212407   3.212233     1.9816     2.3943      7.979    -0.5816     2.6351 1.0715e-01    -0.1212   103.0752     6.5643     6.8824    34.6472    34.6475    27.5289    27.5294    7.32169 0.0000e+00
       5292    150.641     3.7536     3.7546   3.210712   3.210606     1.9816     2.3964      7.979    -0.5714     2.6351 1.0715e-01    -0.1208   103.0661     6.5717     6.8970    34.6467    34.6443    27.5304    27.5284    7.32509 0.0000e+00
       5295    150.718     3.7399     3.7372   3.209616   3.209150     1.9833     2.3976      7.981    -0.5816     3.6221 1.0715e-01    -0.1212   103.0752     6.5881     6.9074    34.6480    34.6453    27.5328    27.5309    7.32750 0.0000e+00
       5298    150.792     3.7305     3.7255   3.208923   3.208342     1.9837     2.3980      7.984    -0.5714     5.0828 1.0715e-01    -0.1208   103.0661     6.5956     6.9146    34.6496    34.6481    27.5351    27.5343    7.32912 0.0000e+00
       5301    150.862     3.7278     3.7222   3.208908   3.208216     1.9853     2.3996      7.984    -0.5816     5.0038 1.0715e-01    -0.1212   103.0752     6.6027     6.9240    34.6523    34.6500    27.5375    27.5362    7.32949 0.0000e+00
       5304    150.929     3.7274     3.7215   3.208698   3.208140     1.9861     2.4013      7.984    -0.5918     5.0038 1.0715e-01    -0.1205   103.0571     6.6094     6.9332    34.6502    34.6498    27.5358    27.5361    7.32966 0.0000e+00
       5307    150.996     3.7227     3.7186   3.208081   3.207711     1.9874     2.4033      7.984    -0.5714     5.0038 1.0715e-01    -0.1212   103.0752     6.6197     6.9424    34.6477    34.6476    27.5343    27.5346    7.33063 0.0000e+00
       5310    151.062     3.7142     3.7130   3.207276   3.207259     1.9874     2.4041      7.984    -0.5918     5.0038 1.0715e-01    -0.1215   103.0842     6.6234     6.9481    34.6471    34.6481    27.5346    27.5357    7.33220 0.0000e+00
       5313    151.130     3.7053     3.7015   3.206579   3.206127     1.9882     2.4053      7.984    -0.5714     5.0038 1.0715e-01    -0.1215   103.0842     6.6311     6.9538    34.6482    34.6468    27.5365    27.5357    7.33377 0.0000e+00
       5316    151.197     3.6949     3.6933   3.205655   3.205430     1.9898     2.4078      7.984    -0.5714     5.0038 1.0715e-01    -0.1215   103.0842     6.6412     6.9635    34.6481    34.6471    27.5374    27.5368    7.33565 0.0000e+00
       5319    151.264     3.6907     3.6869   3.205291   3.204880     1.9914     2.4086      7.984    -0.5816     5.0038 1.0715e-01    -0.1215   103.0842     6.6456     6.9669    34.6482    34.6473    27.5379    27.5376    7.33641 0.0000e+00
       5322    151.333     3.6878     3.6830   3.204938   3.204477     1.9914     2.4102      7.984    -0.5714     1.9245 1.0715e-01    -0.1215   103.0842     6.6437     6.9722    34.6470    34.6465    27.5372    27.5374    7.33700 0.0000e+00
       5325    151.401     3.6856     3.6795   3.204750   3.204097     1.9914     2.4119      7.984    -0.5918     0.5427 1.0715e-01    -0.1215   103.0842     6.6414     6.9764    34.6470    34.6457    27.5375    27.5370    7.33739 0.0000e+00
       5328    151.472     3.6840     3.6782   3.204530   3.203991     1.9935     2.4131      7.986    -0.5714     0.6217 1.0715e-01    -0.1205   103.0571     6.6510     6.9779    34.6461    34.6458    27.5369    27.5372    7.33774 0.0000e+00
       5331    151.549     3.6812     3.6772   3.204268   3.203866     1.9951     2.4147      7.987    -0.5816     0.6217 1.0715e-01    -0.1205   103.0571     6.6576     6.9799    34.6458    34.6453    27.5370    27.5369    7.33825 0.0000e+00
       5334    151.630     3.6789     3.6744   3.204021   3.203529     1.9955     2.4160      7.986    -0.5816     0.6217 1.0715e-01    -0.1205   103.0571     6.6567     6.9820    34.6453    34.6441    27.5368    27.5363    7.33869 0.0000e+00
       5337    151.711     3.6777     3.6723   3.203917   3.203407     1.9971     2.4168      7.986    -0.5816     0.6217 1.0715e-01    -0.1205   103.0571     6.6614     6.9802    34.6452    34.6449    27.5368    27.5371    7.33891 0.0000e+00
       5340    151.794     3.6776     3.6719   3.203947   3.203391     1.9971     2.4180      7.986    -0.5816     0.6217 1.0715e-01    -0.1205   103.0571     6.6604     6.9790    34.6457    34.6451    27.5372    27.5374    7.33891 0.0000e+00
       5343    151.883     3.6771     3.6716   3.203896   3.203368     1.9971     2.4188      7.987    -0.5714     0.5822 1.0715e-01    -0.1205   103.0571     6.6595     6.9782    34.6456    34.6451    27.5372    27.5374    7.33901 0.0000e+00
       5346    151.972     3.6758     3.6708   3.203773   3.203277     1.9984     2.4208      7.987    -0.5816     0.5033 1.0715e-01    -0.1205   103.0571     6.6639     6.9815    34.6454    34.6448    27.5372    27.5372    7.33925 0.0000e+00
       5349    152.066     3.6738     3.6690   3.203619   3.203118     1.9988     2.4221      7.987    -0.5816    -1.5497 1.0715e-01    -0.1215   103.0842     6.6596     6.9812    34.6456    34.6448    27.5376    27.5373    7.33961 0.0000e+00
       5352    152.166     3.6728     3.6676   3.203621   3.203074     2.0008     2.4225      7.987    -0.5816    -1.7076 1.0715e-01    -0.1215   103.0842     6.6627     6.9801    34.6466    34.6457    27.5385    27.5382    7.33973 0.0000e+00
       5355    152.268     3.6739     3.6680   3.203845   3.203253     2.0008     2.4233      7.989    -0.5816    -1.6286 1.0715e-01    -0.1215   103.0842     6.6596     6.9792    34.6481    34.6474    27.5396    27.5395    7.33947 0.0000e+00
       5358    152.372     3.6784     3.6718   3.204362   3.203758     2.0008     2.4245      7.989    -0.5918    -1.6286 1.0715e-01    -0.1215   103.0842     6.6566     6.9782    34.6495    34.6493    27.5401    27.5407    7.33858 0.0000e+00
       5361    152.482     3.6824     3.6764   3.204772   3.204186     2.0028     2.4253      7.987    -0.5918    -1.6681 1.0715e-01    -0.1215   103.0842     6.6642     6.9760    34.6501    34.6494    27.5403    27.5403    7.33782 0.0000e+00
