Datasets/AZMP/TEL210/tel210_2020_103.cnv
* Sea-Bird SBE 9 Data File:
* FileName = C:\CTDDATA\tel210_2020_103.hex
* Software Version Seasave V 7.26.7.110
* Temperature SN = 1697
* Conductivity SN = 4216
* Number of Bytes Per Scan = 30
* Number of Voltage Words = 4
* Number of Scans Averaged by the Deck Unit = 1
* NMEA baud rate = 4800
** VESSEL/TRIP/SEQ STN:  tel210_2020_103
** LATITUDE XX XX.XX: 55 46.20 N
** LONGITUDE XX XX.XX: 057 13.30 W
** SOUNDING DEPTH (M): 0425
** PROBE TYPE: S1146
** CTD NUMBER: 069
** COMMENTS (14 CHAR): MB-09
** BOTTLES:  11
** LEVELS: 5,10,20,30,40,50,75,100,150,250,BTM
** STICKERS: 436260 - 436270
** VNET: Y
** DO2: N
# nquan = 22
# nvalues = 10058                       
# units = specified
# name 0 = scan: Scan Count
# name 1 = prDM: Pressure, Digiquartz [db]
# name 2 = t090C: Temperature [ITS-90, deg C]
# name 3 = t190C: Temperature, 2 [ITS-90, deg C]
# name 4 = c0S/m: Conductivity [S/m]
# name 5 = c1S/m: Conductivity, 2 [S/m]
# name 6 = sbeox0V: Oxygen raw, SBE 43 [V]
# name 7 = sbeox1V: Oxygen raw, SBE 43, 2 [V]
# name 8 = ph: pH
# name 9 = flECO-AFL: Fluorescence, WET Labs ECO-AFL/FL [mg/m^3]
# name 10 = wetCDOM: Fluorescence, WET Labs CDOM [mg/m^3]
# name 11 = par/sat/log: PAR/Logarithmic, Satlantic [umol photons/m^2/sec]
# name 12 = CStarAt0: Beam Attenuation, WET Labs C-Star [1/m]
# name 13 = CStarTr0: Beam Transmission, WET Labs C-Star [%]
# name 14 = sbeox0ML/L: Oxygen, SBE 43 [ml/l], WS = 2
# name 15 = sbeox1ML/L: Oxygen, SBE 43, 2 [ml/l], WS = 2
# name 16 = sal00: Salinity, Practical [PSU]
# name 17 = sal11: Salinity, Practical, 2 [PSU]
# name 18 = sigma-t00: Density [sigma-t, kg/m^3 ]
# name 19 = sigma-t11: Density, 2 [sigma-t, kg/m^3 ]
# name 20 = oxsatML/L: Oxygen Saturation, Weiss [ml/l]
# name 21 = flag: flag
# span 0 =         79,      58837       
# span 1 =      0.564,    436.325       
# span 2 =    -0.2051,     6.3544       
# span 3 =    -0.1980,     6.3636       
# span 4 =   2.752020,   3.207716       
# span 5 =   2.752988,   3.207039       
# span 6 =     1.9206,     2.7205       
# span 7 =     2.3037,     3.3537       
# span 8 =      8.020,      8.383       
# span 9 =     0.6346,    16.6240       
# span 10 =    -2.8130,   482.1870      
# span 11 = 1.0484e-01, 3.2828e+00      
# span 12 =    -0.1303,     1.0859      
# span 13 =    76.2260,   103.3103      
# span 14 =     6.4927,    10.6043      
# span 15 =     6.7146,    11.2591      
# span 16 =    31.4255,    34.6804      
# span 17 =    31.4223,    34.6767      
# span 18 =    24.6862,    27.5784      
# span 19 =    24.6825,    27.5763      
# span 20 =    7.02595,    8.18997      
# span 21 = 0.0000e+00, 0.0000e+00      
# interval = scans: 3                   
# start_time = Jul 27 2020 06:57:13 [System UTC, header]
# bad_flag = -9.990e-29
*END*
[from data line 7243]
      29145    244.939     2.8111     2.8063   3.117483   3.117013     1.9584     2.3532      8.040     0.7299     2.5561 1.0715e-01    -0.1201   103.0480     6.6473     6.8887    34.4715    34.4709    27.4802    27.4801    7.50805 0.0000e+00
      29148    244.870     2.8109     2.8067   3.117432   3.117046     1.9588     2.3532      8.040     0.7193     2.6351 1.0715e-01    -0.1205   103.0571     6.6491     6.8887    34.4711    34.4709    27.4799    27.4801    7.50810 0.0000e+00
      29151    244.809     2.8111     2.8068   3.117429   3.117074     1.9580     2.3532      8.040     0.7299     2.6351 1.0715e-01    -0.1201   103.0480     6.6439     6.8882    34.4709    34.4712    27.4797    27.4804    7.50808 0.0000e+00
      29154    244.753     2.8101     2.8068   3.117290   3.117026     1.9576     2.3528      8.040     0.7193     2.6351 1.0727e-01    -0.1198   103.0390     6.6410     6.8866    34.4702    34.4706    27.4793    27.4798    7.50829 0.0000e+00
      29157    244.705     2.8098     2.8064   3.117286   3.116967     1.9576     2.3536      8.040     0.7299     2.6351 1.0715e-01    -0.1198   103.0390     6.6398     6.8879    34.4706    34.4703    27.4796    27.4797    7.50834 0.0000e+00
      29160    244.666     2.8096     2.8062   3.117259   3.116952     1.9588     2.3528      8.040     0.7405     2.6351 1.0727e-01    -0.1201   103.0480     6.6414     6.8865    34.4705    34.4703    27.4795    27.4797    7.50838 0.0000e+00
      29163    244.632     2.8092     2.8057   3.117227   3.116896     1.9580     2.3536      8.040     0.7510     2.6351 1.0715e-01    -0.1194   103.0299     6.6364     6.8889    34.4705    34.4703    27.4796    27.4797    7.50845 0.0000e+00
      29178    244.588     2.8087     2.8055   3.117158   3.116838     1.9588     2.3528      8.040     0.7510     2.6351 1.0715e-01    -0.1201   103.0480     6.6423     6.8848    34.4702    34.4698    27.4794    27.4793    7.50856 0.0000e+00
      29205    244.527     2.8084     2.8040   3.117111   3.116670     1.9584     2.3524      8.040     0.7299     2.6351 1.0715e-01    -0.1205   103.0571     6.6460     6.8823    34.4700    34.4694    27.4793    27.4792    7.50863 0.0000e+00
      29208    244.492     2.8084     2.8038   3.117106   3.116663     1.9584     2.3540      8.038     0.7299     2.6351 1.0715e-01    -0.1205   103.0571     6.6426     6.8888    34.4700    34.4695    27.4793    27.4792    7.50864 0.0000e+00
      29211    244.448     2.8085     2.8039   3.117136   3.116690     1.9584     2.3532      8.040     0.6981     2.6351 1.0727e-01    -0.1205   103.0571     6.6425     6.8857    34.4703    34.4697    27.4795    27.4794    7.50860 0.0000e+00
      29214    244.400     2.8085     2.8041   3.117133   3.116731     1.9572     2.3540      8.040     0.6875     2.6351 1.0715e-01    -0.1201   103.0480     6.6371     6.8885    34.4703    34.4701    27.4795    27.4797    7.50860 0.0000e+00
      29217    244.343     2.8087     2.8043   3.117129   3.116720     1.9584     2.3528      8.040     0.6875     2.6351 1.0715e-01    -0.1198   103.0390     6.6436     6.8860    34.4700    34.4697    27.4792    27.4794    7.50857 0.0000e+00
      29220    244.276     2.8086     2.8042   3.117137   3.116728     1.9588     2.3528      8.040     0.6981     2.6351 1.0715e-01    -0.1205   103.0571     6.6477     6.8872    34.4702    34.4699    27.4794    27.4796    7.50858 0.0000e+00
      29223    244.199     2.8087     2.8044   3.117143   3.116750     1.9592     2.3536      8.040     0.6981     1.5692 1.0740e-01    -0.1201   103.0480     6.6496     6.8900    34.4702    34.4701    27.4794    27.4796    7.50856 0.0000e+00
      29226    244.112     2.8089     2.8043   3.117168   3.116743     1.9588     2.3532      8.040     0.6770     1.4507 1.0727e-01    -0.1201   103.0480     6.6451     6.8881    34.4704    34.4701    27.4795    27.4797    7.50852 0.0000e+00
      29229    244.015     2.8089     2.8044   3.117165   3.116737     1.9580     2.3536      8.040     0.6981     1.4507 1.0715e-01    -0.1198   103.0390     6.6410     6.8892    34.4704    34.4701    27.4796    27.4797    7.50852 0.0000e+00
      29232    243.907     2.8090     2.8046   3.117142   3.116772     1.9580     2.3536      8.040     0.7087     1.4507 1.0715e-01    -0.1194   103.0299     6.6415     6.8892    34.4701    34.4703    27.4793    27.4799    7.50851 0.0000e+00
      29235    243.788     2.8092     2.8047   3.117149   3.116768     1.9588     2.3528      8.040     0.7087     1.4507 1.0715e-01    -0.1198   103.0390     6.6461     6.8893    34.4700    34.4702    27.4792    27.4797    7.50848 0.0000e+00
      29238    243.657     2.8090     2.8048   3.117113   3.116753     1.9584     2.3528      8.040     0.7616     1.4507 1.0715e-01    -0.1198   103.0390     6.6426     6.8912    34.4699    34.4700    27.4791    27.4796    7.50852 0.0000e+00
      29241    243.518     2.8087     2.8045   3.117107   3.116722     1.9588     2.3540      8.040     0.7510     1.4507 1.0715e-01    -0.1201   103.0480     6.6424     6.8964    34.4702    34.4700    27.4794    27.4796    7.50856 0.0000e+00
      29244    243.373     2.8089     2.8044   3.117102   3.116690     1.9588     2.3532      8.040     0.7510     1.4507 1.0740e-01    -0.1205   103.0571     6.6425     6.8911    34.4701    34.4698    27.4793    27.4794    7.50854 0.0000e+00
      29247    243.218     2.8086     2.8040   3.117047   3.116671     1.9588     2.3540      8.040     0.7616     1.1744 1.0727e-01    -0.1201   103.0480     6.6457     6.8928    34.4698    34.4700    27.4791    27.4797    7.50861 0.0000e+00
      29250    243.062     2.8085     2.8041   3.117036   3.116639     1.9584     2.3532      8.040     0.7510    -0.1284 1.0715e-01    -0.1201   103.0480     6.6461     6.8900    34.4698    34.4697    27.4791    27.4794    7.50862 0.0000e+00
      29253    242.901     2.8081     2.8037   3.116965   3.116561     1.9588     2.3544      8.040     0.7616    -0.1284 1.0715e-01    -0.1198   103.0390     6.6477     6.8938    34.4695    34.4692    27.4789    27.4791    7.50872 0.0000e+00
      29256    242.731     2.8077     2.8033   3.116879   3.116500     1.9588     2.3540      8.040     0.7405    -0.1284 1.0715e-01    -0.1205   103.0571     6.6464     6.8929    34.4689    34.4690    27.4785    27.4789    7.50881 0.0000e+00
      29259    242.558     2.8072     2.8027   3.116831   3.116436     1.9588     2.3544      8.040     0.7616    -0.1284 1.0715e-01    -0.1205   103.0571     6.6451     6.8935    34.4689    34.4690    27.4785    27.4790    7.50890 0.0000e+00
      29262    242.382     2.8070     2.8027   3.116826   3.116428     1.9588     2.3544      8.040     0.7405    -0.0889 1.0715e-01    -0.1205   103.0571     6.6466     6.8893    34.4692    34.4690    27.4787    27.4790    7.50893 0.0000e+00
      29265    242.207     2.8072     2.8027   3.116850   3.116434     1.9592     2.3536      8.040     0.7299    -0.0889 1.0715e-01    -0.1205   103.0571     6.6468     6.8839    34.4694    34.4691    27.4789    27.4791    7.50889 0.0000e+00
      29268    242.034     2.8072     2.8028   3.116870   3.116470     1.9588     2.3536      8.040     0.7299    -0.0889 1.0715e-01    -0.1205   103.0571     6.6423     6.8836    34.4697    34.4695    27.4791    27.4794    7.50887 0.0000e+00
      29271    241.863     2.8075     2.8033   3.116896   3.116543     1.9596     2.3540      8.040     0.7299    -0.1284 1.0715e-01    -0.1205   103.0571     6.6466     6.8839    34.4698    34.4700    27.4792    27.4797    7.50881 0.0000e+00
      29274    241.695     2.8078     2.8039   3.116947   3.116570     1.9592     2.3540      8.040     0.7193     0.6217 1.0740e-01    -0.1201   103.0480     6.6457     6.8822    34.4702    34.4698    27.4795    27.4795    7.50873 0.0000e+00
      29277    241.534     2.8080     2.8039   3.116926   3.116562     1.9588     2.3536      8.040     0.7299     1.7271 1.0715e-01    -0.1198   103.0390     6.6436     6.8793    34.4699    34.4698    27.4792    27.4795    7.50872 0.0000e+00
      29280    241.380     2.8085     2.8040   3.116982   3.116608     1.9596     2.3544      8.040     0.7299     1.6876 1.0740e-01    -0.1198   103.0390     6.6480     6.8814    34.4701    34.4703    27.4794    27.4799    7.50861 0.0000e+00
      29283    241.230     2.8086     2.8042   3.117003   3.116576     1.9588     2.3536      8.040     0.7299     1.6876 1.0715e-01    -0.1194   103.0299     6.6434     6.8771    34.4703    34.4698    27.4795    27.4794    7.50858 0.0000e+00
      29286    241.089     2.8085     2.8033   3.116951   3.116447     1.9600     2.3532      8.040     0.7299     1.6876 1.0727e-01    -0.1194   103.0299     6.6459     6.8762    34.4698    34.4692    27.4791    27.4791    7.50861 0.0000e+00
      29289    240.960     2.8078     2.8028   3.116838   3.116421     1.9584     2.3536      8.040     0.7087     1.6876 1.0715e-01    -0.1201   103.0480     6.6382     6.8759    34.4693    34.4696    27.4787    27.4795    7.50877 0.0000e+00
      29292    240.838     2.8074     2.8026   3.116802   3.116362     1.9588     2.3536      8.040     0.6981     1.6876 1.0715e-01    -0.1198   103.0390     6.6394     6.8728    34.4694    34.4692    27.4788    27.4791    7.50885 0.0000e+00
      29295    240.723     2.8068     2.8022   3.116737   3.116290     1.9596     2.3536      8.040     0.6770     1.6876 1.0715e-01    -0.1198   103.0390     6.6434     6.8711    34.4693    34.4687    27.4788    27.4788    7.50898 0.0000e+00
      29298    240.620     2.8058     2.8018   3.116603   3.116231     1.9596     2.3540      8.040     0.6981     1.6876 1.0715e-01    -0.1212   103.0752     6.6440     6.8723    34.4687    34.4685    27.4785    27.4786    7.50918 0.0000e+00
      29301    240.532     2.8050     2.8008   3.116516   3.116109     1.9596     2.3532      8.040     0.7087     0.8585 1.0727e-01    -0.1208   103.0661     6.6430     6.8697    34.4686    34.4681    27.4785    27.4785    7.50935 0.0000e+00
      29304    240.456     2.8051     2.8002   3.116527   3.116037     1.9600     2.3528      8.040     0.6770     0.5822 1.0715e-01    -0.1208   103.0661     6.6465     6.8671    34.4687    34.4679    27.4785    27.4783    7.50932 0.0000e+00
      29307    240.393     2.8050     2.8003   3.116509   3.116068     1.9588     2.3528      8.040     0.6875     0.5822 1.0715e-01    -0.1215   103.0842     6.6434     6.8684    34.4686    34.4683    27.4784    27.4786    7.50934 0.0000e+00
      29310    240.340     2.8047     2.8013   3.116466   3.116176     1.9588     2.3528      8.040     0.6875     0.6217 1.0715e-01    -0.1215   103.0842     6.6420     6.8682    34.4684    34.4685    27.4783    27.4787    7.50941 0.0000e+00
      29313    240.297     2.8048     2.8008   3.116427   3.116083     1.9596     2.3524      8.040     0.6981     0.6217 1.0715e-01    -0.1208   103.0661     6.6485     6.8670    34.4678    34.4680    27.4778    27.4783    7.50941 0.0000e+00
      29331    240.266     2.8037     2.8000   3.116308   3.116010     1.9592     2.3516      8.040     0.6981     1.0165 1.0727e-01    -0.1201   103.0480     6.6425     6.8672    34.4676    34.4679    27.4778    27.4784    7.50965 0.0000e+00
      29363    240.229     2.8027     2.7988   3.116199   3.115849     1.9592     2.3512      8.040     0.7299     1.8060 1.0715e-01    -0.1194   103.0299     6.6421     6.8696    34.4673    34.4672    27.4776    27.4779    7.50983 0.0000e+00
      29366    240.182     2.8026     2.7985   3.116193   3.115781     1.9596     2.3512      8.040     0.7299     1.8060 1.0715e-01    -0.1194   103.0299     6.6434     6.8710    34.4674    34.4667    27.4777    27.4775    7.50985 0.0000e+00
      29369    240.125     2.8026     2.7979   3.116178   3.115688     1.9596     2.3512      8.040     0.7510     1.8060 1.0715e-01    -0.1194   103.0299     6.6422     6.8714    34.4672    34.4662    27.4776    27.4772    7.50986 0.0000e+00
      29372    240.057     2.8024     2.7979   3.116153   3.115706     1.9584     2.3516      8.040     0.7616     1.8060 1.0715e-01    -0.1198   103.0390     6.6368     6.8763    34.4671    34.4665    27.4775    27.4774    7.50990 0.0000e+00
      29375    239.982     2.8025     2.7980   3.116167   3.115728     1.9592     2.3528      8.040     0.7405     1.8060 1.0740e-01    -0.1198   103.0390     6.6420     6.8841    34.4673    34.4667    27.4776    27.4776    7.50988 0.0000e+00
      29378    239.895     2.8025     2.7980   3.116140   3.115724     1.9596     2.3512      8.040     0.7510     1.8850 1.0715e-01    -0.1201   103.0480     6.6451     6.8784    34.4671    34.4667    27.4774    27.4776    7.50990 0.0000e+00
      29381    239.788     2.8022     2.7980   3.116101   3.115710     1.9596     2.3508      8.040     0.7510     2.2798 1.0727e-01    -0.1205   103.0571     6.6444     6.8786    34.4669    34.4667    27.4774    27.4775    7.50996 0.0000e+00
      29384    239.668     2.8022     2.7979   3.116070   3.115714     1.9592     2.3516      8.040     0.7616     2.2798 1.0727e-01    -0.1205   103.0571     6.6436     6.8839    34.4666    34.4668    27.4771    27.4776    7.50997 0.0000e+00
      29387    239.535     2.8021     2.7980   3.116064   3.115704     1.9588     2.3512      8.040     0.7405     2.2798 1.0715e-01    -0.1205   103.0571     6.6425     6.8829    34.4667    34.4668    27.4772    27.4776    7.50999 0.0000e+00
      29390    239.395     2.8022     2.7979   3.116079   3.115688     1.9600     2.3520      8.040     0.7510     2.2798 1.0715e-01    -0.1205   103.0571     6.6485     6.8865    34.4669    34.4667    27.4773    27.4775    7.50996 0.0000e+00
      29393    239.245     2.8025     2.7981   3.116056   3.115663     1.9588     2.3520      8.040     0.7510     2.2798 1.0715e-01    -0.1205   103.0571     6.6458     6.8876    34.4664    34.4662    27.4769    27.4771    7.50993 0.0000e+00
      29396    239.091     2.8021     2.7980   3.116050   3.115640     1.9600     2.3524      8.040     0.7405     2.2798 1.0740e-01    -0.1205   103.0571     6.6515     6.8881    34.4667    34.4662    27.4772    27.4772    7.50998 0.0000e+00
      29399    238.930     2.8025     2.7979   3.116015   3.115609     1.9604     2.3520      8.040     0.7405     2.2798 1.0715e-01    -0.1205   103.0571     6.6508     6.8901    34.4660    34.4660    27.4766    27.4770    7.50995 0.0000e+00
      29402    238.764     2.8028     2.7984   3.116046   3.115669     1.9600     2.3524      8.040     0.7510     2.2798 1.0727e-01    -0.1205   103.0571     6.6471     6.8951    34.4662    34.4662    27.4767    27.4772    7.50988 0.0000e+00
      29405    238.588     2.8036     2.7996   3.116109   3.115745     1.9596     2.3520      8.040     0.7510     0.8586 1.0715e-01    -0.1205   103.0571     6.6458     6.8929    34.4662    34.4660    27.4766    27.4768    7.50973 0.0000e+00
      29408    238.407     2.8041     2.8005   3.116146   3.115815     1.9592     2.3524      8.040     0.7722    -0.7996 1.0715e-01    -0.1205   103.0571     6.6444     6.8926    34.4662    34.4660    27.4766    27.4768    7.50964 0.0000e+00
      29411    238.224     2.8046     2.8013   3.116158   3.115863     1.9596     2.3524      8.040     0.7616    -0.6811 1.0727e-01    -0.1205   103.0571     6.6435     6.8921    34.4659    34.4658    27.4763    27.4766    7.50955 0.0000e+00
      29414    238.045     2.8052     2.8018   3.116198   3.115892     1.9600     2.3532      8.040     0.7616    -0.6811 1.0715e-01    -0.1205   103.0571     6.6441     6.8924    34.4658    34.4657    27.4762    27.4764    7.50944 0.0000e+00
      29417    237.865     2.8057     2.8021   3.116222   3.115870     1.9604     2.3528      8.040     0.7616    -0.7206 1.0715e-01    -0.1198   103.0390     6.6473     6.8908    34.4657    34.4653    27.4761    27.4761    7.50936 0.0000e+00
