Datasets/AZMP/TEL210/tel210_2020_018.cnv
* Sea-Bird SBE 9 Data File:
* FileName = C:\CTDDATA\tel210_2020_018.hex
* Software Version Seasave V 7.26.7.110
* Temperature SN = 1697
* Conductivity SN = 4216
* Number of Bytes Per Scan = 30
* Number of Voltage Words = 4
* Number of Scans Averaged by the Deck Unit = 1
* NMEA baud rate = 4800
** VESSEL/TRIP/SEQ STN:  tel210_2020_210
** LATITUDE XX XX.XX: 47 00.00 N
** LONGITUDE XX XX.XX: 047 10.10 W
** SOUNDING DEPTH (M): 0850
** PROBE TYPE: S1146
** CTD NUMBER: 017
** COMMENTS (14 CHAR): FC-16
** BOTTLES:  0
** LEVELS:
** STICKERS:
** VNET: N
** DO2: N
# nquan = 22
# nvalues = 16344                       
# units = specified
# name 0 = scan: Scan Count
# name 1 = prDM: Pressure, Digiquartz [db]
# name 2 = t090C: Temperature [ITS-90, deg C]
# name 3 = t190C: Temperature, 2 [ITS-90, deg C]
# name 4 = c0S/m: Conductivity [S/m]
# name 5 = c1S/m: Conductivity, 2 [S/m]
# name 6 = sbeox0V: Oxygen raw, SBE 43 [V]
# name 7 = sbeox1V: Oxygen raw, SBE 43, 2 [V]
# name 8 = ph: pH
# name 9 = flECO-AFL: Fluorescence, WET Labs ECO-AFL/FL [mg/m^3]
# name 10 = wetCDOM: Fluorescence, WET Labs CDOM [mg/m^3]
# name 11 = par/sat/log: PAR/Logarithmic, Satlantic [umol photons/m^2/sec]
# name 12 = CStarAt0: Beam Attenuation, WET Labs C-Star [1/m]
# name 13 = CStarTr0: Beam Transmission, WET Labs C-Star [%]
# name 14 = sbeox0ML/L: Oxygen, SBE 43 [ml/l], WS = 2
# name 15 = sbeox1ML/L: Oxygen, SBE 43, 2 [ml/l], WS = 2
# name 16 = sal00: Salinity, Practical [PSU]
# name 17 = sal11: Salinity, Practical, 2 [PSU]
# name 18 = sigma-t00: Density [sigma-t, kg/m^3 ]
# name 19 = sigma-t11: Density, 2 [sigma-t, kg/m^3 ]
# name 20 = oxsatML/L: Oxygen Saturation, Weiss [ml/l]
# name 21 = flag: flag
# span 0 =         44,      58865       
# span 1 =      2.082,    830.561       
# span 2 =    -0.6236,    10.2108       
# span 3 =    -0.6277,    10.2067       
# span 4 =   2.723262,   3.545227       
# span 5 =   2.723270,   3.544672       
# span 6 =     1.8675,     2.5455       
# span 7 =     2.2344,     3.1390       
# span 8 =      7.924,      8.264       
# span 9 =    -0.6529,    21.6507       
# span 10 =    -2.8130,   482.1870      
# span 11 = 1.0678e-01, 2.3326e-01      
# span 12 =    -0.1432,     1.2679      
# span 13 =    72.8349,   103.6449      
# span 14 =     6.3492,     9.3662      
# span 15 =     6.5227,     9.9625      
# span 16 =    31.9771,    34.8470      
# span 17 =    32.1153,    34.8458      
# span 18 =    24.6713,    27.7221      
# span 19 =    24.6701,    27.7214      
# span 20 =    6.40480,    8.27815      
# span 21 = 0.0000e+00, 0.0000e+00      
# interval = scans: 3                   
# start_time = Jul 17 2020 03:30:10 [System UTC, header]
# bad_flag = -9.990e-29
*END*
[from data line 7243]
      23508    747.235     3.4124     3.4081   3.223073   3.222601     1.8889     2.2780      7.966    -0.5714   481.2395 1.0715e-01    -0.0834   102.1075     6.6210     6.9200    34.8377    34.8367    27.7164    27.7161    7.37790 0.0000e+00
      23511    747.317     3.4122     3.4080   3.223078   3.222608     1.8885     2.2789      7.966    -0.5816   481.2395 1.0715e-01    -0.0838   102.1166     6.6199     6.9224    34.8380    34.8368    27.7167    27.7161    7.37793 0.0000e+00
      23514    747.409     3.4125     3.4082   3.223132   3.222640     1.8885     2.2784      7.966    -0.5816   481.2395 1.0715e-01    -0.0841   102.1256     6.6185     6.9210    34.8382    34.8369    27.7168    27.7162    7.37786 0.0000e+00
      23517    747.504     3.4127     3.4086   3.223125   3.222696     1.8893     2.2793      7.966    -0.5918   481.2790 1.0715e-01    -0.0841   102.1256     6.6208     6.9227    34.8379    34.8371    27.7166    27.7164    7.37784 0.0000e+00
      23520    747.602     3.4125     3.4087   3.223127   3.222701     1.8885     2.2784      7.966    -0.5816   481.3184 1.0715e-01    -0.0841   102.1256     6.6154     6.9165    34.8381    34.8371    27.7168    27.7163    7.37787 0.0000e+00
      23523    747.707     3.4125     3.4078   3.223151   3.222618     1.8885     2.2780      7.966    -0.5816   252.4585 1.0715e-01    -0.0834   102.1075     6.6163     6.9147    34.8384    34.8370    27.7170    27.7163    7.37786 0.0000e+00
      23526    747.815     3.4125     3.4080   3.223141   3.222644     1.8893     2.2789      7.966    -0.5816    -0.9575 1.0715e-01    -0.0852   102.1527     6.6214     6.9191    34.8382    34.8370    27.7168    27.7163    7.37787 0.0000e+00
      23529    747.927     3.4127     3.4077   3.223210   3.222622     1.8889     2.2793      7.966    -0.5714     5.9908 1.0715e-01    -0.0866   102.1889     6.6203     6.9210    34.8388    34.8370    27.7173    27.7163    7.37780 0.0000e+00
      23532    748.040     3.4128     3.4084   3.223240   3.222736     1.8881     2.2780      7.966    -0.5714     5.7145 1.0715e-01    -0.0863   102.1799     6.6152     6.9163    34.8389    34.8376    27.7173    27.7167    7.37777 0.0000e+00
      23535    748.157     3.4130     3.4089   3.223268   3.222801     1.8881     2.2780      7.966    -0.5714     5.7145 1.0715e-01    -0.0863   102.1799     6.6139     6.9156    34.8389    34.8377    27.7174    27.7169    7.37773 0.0000e+00
      23538    748.276     3.4131     3.4090   3.223285   3.222846     1.8881     2.2780      7.966    -0.5918     5.7145 1.0715e-01    -0.0866   102.1889     6.6117     6.9132    34.8390    34.8381    27.7174    27.7171    7.37771 0.0000e+00
      23541    748.398     3.4132     3.4091   3.223264   3.222856     1.8881     2.2780      7.966    -0.5714     5.7145 1.0715e-01    -0.0863   102.1799     6.6092     6.9142    34.8386    34.8381    27.7171    27.7171    7.37772 0.0000e+00
      23544    748.516     3.4135     3.4092   3.223303   3.222851     1.8881     2.2780      7.966    -0.5816     5.7145 1.0715e-01    -0.0863   102.1799     6.6091     6.9156    34.8387    34.8379    27.7171    27.7168    7.37766 0.0000e+00
      23547    748.639     3.4134     3.4093   3.223360   3.222873     1.8881     2.2780      7.966    -0.5714     5.7145 1.0727e-01    -0.0845   102.1347     6.6098     6.9129    34.8393    34.8380    27.7177    27.7169    7.37763 0.0000e+00
      23550    748.754     3.4136     3.4096   3.223375   3.222913     1.8889     2.2784      7.966    -0.5918     7.2541 1.0715e-01    -0.0845   102.1347     6.6150     6.9119    34.8393    34.8380    27.7176    27.7170    7.37761 0.0000e+00
      23553    748.872     3.4138     3.4097   3.223391   3.222941     1.8885     2.2780      7.966    -0.5816     7.7279 1.0715e-01    -0.0845   102.1347     6.6153     6.9113    34.8392    34.8382    27.7175    27.7170    7.37757 0.0000e+00
      23556    748.991     3.4138     3.4097   3.223381   3.222939     1.8877     2.2780      7.966    -0.5816     7.7279 1.0715e-01    -0.0845   102.1347     6.6138     6.9147    34.8390    34.8380    27.7173    27.7170    7.37759 0.0000e+00
      23559    749.109     3.4136     3.4098   3.223396   3.222930     1.8873     2.2780      7.966    -0.5816     7.7279 1.0715e-01    -0.0845   102.1347     6.6100     6.9142    34.8393    34.8378    27.7176    27.7168    7.37760 0.0000e+00
      23562    749.229     3.4138     3.4096   3.223398   3.222959     1.8877     2.2768      7.966    -0.5714     7.7279 1.0715e-01    -0.0845   102.1347     6.6113     6.9083    34.8391    34.8383    27.7174    27.7172    7.37759 0.0000e+00
      23565    749.350     3.4138     3.4098   3.223427   3.222979     1.8869     2.2784      7.966    -0.5918     7.7279 1.0715e-01    -0.0845   102.1347     6.6073     6.9127    34.8394    34.8382    27.7177    27.7171    7.37757 0.0000e+00
      23568    749.475     3.4136     3.4097   3.223423   3.222991     1.8877     2.2772      7.966    -0.5816     7.7279 1.0727e-01    -0.0845   102.1347     6.6111     6.9070    34.8394    34.8385    27.7177    27.7173    7.37759 0.0000e+00
      23571    749.601     3.4139     3.4097   3.223425   3.222978     1.8881     2.2768      7.966    -0.5918     7.7279 1.0715e-01    -0.0845   102.1347     6.6121     6.9073    34.8391    34.8383    27.7174    27.7171    7.37756 0.0000e+00
      23574    749.727     3.4139     3.4098   3.223426   3.222987     1.8873     2.2768      7.966    -0.5816     8.0832 1.0715e-01    -0.0845   102.1347     6.6084     6.9081    34.8391    34.8382    27.7174    27.7170    7.37756 0.0000e+00
      23577    749.860     3.4138     3.4098   3.223447   3.223006     1.8877     2.2772      7.966    -0.5816    12.0706 1.0715e-01    -0.0845   102.1347     6.6132     6.9086    34.8393    34.8383    27.7176    27.7172    7.37756 0.0000e+00
      23580    749.995     3.4138     3.4098   3.223445   3.223021     1.8877     2.2780      7.966    -0.5816    12.1890 1.0715e-01    -0.0845   102.1347     6.6143     6.9120    34.8392    34.8384    27.7175    27.7173    7.37757 0.0000e+00
      23583    750.135     3.4139     3.4098   3.223488   3.223002     1.8869     2.2768      7.966    -0.5816    12.1890 1.0715e-01    -0.0845   102.1347     6.6105     6.9100    34.8396    34.8382    27.7178    27.7171    7.37753 0.0000e+00
      23586    750.277     3.4140     3.4099   3.223488   3.223019     1.8877     2.2768      7.966    -0.5816    12.2285 1.0715e-01    -0.0849   102.1437     6.6142     6.9138    34.8395    34.8381    27.7177    27.7170    7.37753 0.0000e+00
      23589    750.421     3.4143     3.4099   3.223514   3.223027     1.8869     2.2760      7.966    -0.5816    12.1496 1.0715e-01    -0.0856   102.1618     6.6093     6.9107    34.8394    34.8382    27.7176    27.7170    7.37748 0.0000e+00
      23592    750.566     3.4143     3.4101   3.223512   3.223047     1.8873     2.2772      7.966    -0.5816    12.1890 1.0715e-01    -0.0856   102.1618     6.6088     6.9182    34.8393    34.8382    27.7175    27.7171    7.37748 0.0000e+00
      23595    750.715     3.4144     3.4102   3.223528   3.223068     1.8869     2.2772      7.966    -0.5816    12.1496 1.0715e-01    -0.0852   102.1528     6.6089     6.9194    34.8393    34.8382    27.7175    27.7170    7.37747 0.0000e+00
      23598    750.867     3.4142     3.4101   3.223550   3.223075     1.8869     2.2764      7.966    -0.5816    12.1101 1.0715e-01    -0.0856   102.1618     6.6109     6.9165    34.8396    34.8383    27.7178    27.7171    7.37748 0.0000e+00
      23601    751.022     3.4141     3.4101   3.223527   3.223080     1.8869     2.2760      7.966    -0.5816    11.1626 1.0715e-01    -0.0856   102.1618     6.6090     6.9151    34.8393    34.8383    27.7176    27.7172    7.37751 0.0000e+00
      23604    751.179     3.4139     3.4098   3.223507   3.223073     1.8869     2.2764      7.966    -0.5714     8.5965 1.0715e-01    -0.0852   102.1528     6.6110     6.9205    34.8393    34.8384    27.7175    27.7173    7.37755 0.0000e+00
      23607    751.337     3.4140     3.4101   3.223523   3.223083     1.8869     2.2772      7.966    -0.5918     8.6754 1.0715e-01    -0.0838   102.1166     6.6135     6.9252    34.8393    34.8381    27.7175    27.7170    7.37754 0.0000e+00
      23610    751.500     3.4138     3.4100   3.223550   3.223123     1.8869     2.2776      7.966    -0.6223     8.6754 1.0715e-01    -0.0834   102.1075     6.6145     6.9244    34.8397    34.8387    27.7179    27.7174    7.37755 0.0000e+00
      23613    751.659     3.4142     3.4101   3.223592   3.223169     1.8865     2.2764      7.966    -0.6121     8.6754 1.0715e-01    -0.0831   102.0985     6.6151     6.9193    34.8397    34.8390    27.7178    27.7177    7.37748 0.0000e+00
      23616    751.816     3.4142     3.4103   3.223617   3.223172     1.8869     2.2768      7.966    -0.6223     8.6754 1.0715e-01    -0.0827   102.0894     6.6171     6.9200    34.8399    34.8388    27.7180    27.7175    7.37746 0.0000e+00
      23619    751.974     3.4142     3.4104   3.223619   3.223190     1.8869     2.2772      7.966    -0.6019     8.6754 1.0715e-01    -0.0834   102.1075     6.6163     6.9258    34.8399    34.8387    27.7180    27.7174    7.37747 0.0000e+00
      23622    752.128     3.4142     3.4104   3.223636   3.223165     1.8865     2.2768      7.966    -0.6121     8.6754 1.0715e-01    -0.0827   102.0894     6.6158     6.9248    34.8400    34.8384    27.7181    27.7172    7.37746 0.0000e+00
      23625    752.278     3.4145     3.4103   3.223631   3.223163     1.8861     2.2772      7.966    -0.6121     8.6754 1.0715e-01    -0.0831   102.0985     6.6166     6.9242    34.8396    34.8384    27.7177    27.7172    7.37743 0.0000e+00
      23628    752.425     3.4144     3.4102   3.223639   3.223163     1.8869     2.2772      7.966    -0.6121    11.5179 1.0715e-01    -0.0827   102.0894     6.6223     6.9219    34.8397    34.8384    27.7178    27.7172    7.37744 0.0000e+00
      23631    752.563     3.4142     3.4102   3.223646   3.223170     1.8873     2.2764      7.966    -0.6019    13.7682 1.0715e-01    -0.0831   102.0985     6.6223     6.9174    34.8399    34.8384    27.7180    27.7172    7.37746 0.0000e+00
      23634    752.696     3.4138     3.4101   3.223594   3.223165     1.8869     2.2760      7.966    -0.5918    13.6498 1.0715e-01    -0.0827   102.0894     6.6203     6.9169    34.8396    34.8384    27.7178    27.7172    7.37755 0.0000e+00
      23637    752.818     3.4139     3.4099   3.223579   3.223150     1.8869     2.2768      7.966    -0.5918    13.6498 1.0715e-01    -0.0831   102.0985     6.6213     6.9202    34.8392    34.8384    27.7175    27.7172    7.37755 0.0000e+00
      23640    752.931     3.4142     3.4098   3.223617   3.223128     1.8861     2.2772      7.966    -0.5816    13.6498 1.0715e-01    -0.0824   102.0804     6.6172     6.9213    34.8394    34.8382    27.7176    27.7171    7.37750 0.0000e+00
      23643    753.034     3.4139     3.4098   3.223628   3.223130     1.8865     2.2777      7.966    -0.5613    13.6498 1.0715e-01    -0.0824   102.0804     6.6200     6.9215    34.8398    34.8381    27.7179    27.7171    7.37754 0.0000e+00
      23646    753.130     3.4141     3.4097   3.223634   3.223156     1.8873     2.2768      7.966    -0.5816    13.6498 1.0715e-01    -0.0824   102.0804     6.6246     6.9166    34.8395    34.8385    27.7177    27.7173    7.37750 0.0000e+00
      23649    753.217     3.4142     3.4097   3.223652   3.223149     1.8877     2.2768      7.964    -0.5714    13.6498 1.0715e-01    -0.0813   102.0533     6.6268     6.9150    34.8396    34.8383    27.7178    27.7172    7.37748 0.0000e+00
      23652    753.291     3.4144     3.4096   3.223639   3.223134     1.8869     2.2768      7.966    -0.5714    13.6498 1.0727e-01    -0.0813   102.0533     6.6203     6.9178    34.8392    34.8383    27.7174    27.7172    7.37746 0.0000e+00
      23655    753.355     3.4142     3.4096   3.223607   3.223125     1.8857     2.2764      7.966    -0.5816     2.2403 1.0715e-01    -0.0813   102.0533     6.6146     6.9159    34.8390    34.8382    27.7172    27.7171    7.37751 0.0000e+00
      23658    753.410     3.4142     3.4099   3.223624   3.223141     1.8869     2.2768      7.966    -0.5714     0.4243 1.0715e-01    -0.0813   102.0533     6.6188     6.9160    34.8391    34.8380    27.7174    27.7169    7.37750 0.0000e+00
      23661    753.453     3.4146     3.4100   3.223639   3.223154     1.8869     2.2768      7.966    -0.5816     0.5032 1.0715e-01    -0.0813   102.0533     6.6180     6.9147    34.8389    34.8380    27.7172    27.7169    7.37745 0.0000e+00
      23664    753.487     3.4145     3.4099   3.223629   3.223130     1.8869     2.2768      7.966    -0.5918     0.5032 1.0715e-01    -0.0813   102.0533     6.6175     6.9129    34.8389    34.8378    27.7171    27.7168    7.37746 0.0000e+00
      23679    753.555     3.4143     3.4099   3.223626   3.223152     1.8869     2.2760      7.966    -0.5918     2.0034 1.0715e-01    -0.0809   102.0443     6.6160     6.9113    34.8390    34.8380    27.7173    27.7169    7.37749 0.0000e+00
      23707    753.665     3.4140     3.4099   3.223609   3.223145     1.8857     2.2756      7.966    -0.6223     1.8850 1.0715e-01    -0.0809   102.0443     6.6093     6.9135    34.8391    34.8379    27.7174    27.7169    7.37755 0.0000e+00
      23710    753.694     3.4141     3.4099   3.223625   3.223155     1.8865     2.2760      7.966    -0.6019     0.9375 1.0715e-01    -0.0802   102.0262     6.6133     6.9154    34.8392    34.8379    27.7174    27.7169    7.37752 0.0000e+00
      23713    753.727     3.4139     3.4099   3.223615   3.223147     1.8869     2.2756      7.966    -0.6121     0.9770 1.0715e-01    -0.0813   102.0533     6.6151     6.9101    34.8393    34.8378    27.7175    27.7168    7.37756 0.0000e+00
      23716    753.771     3.4141     3.4098   3.223637   3.223174     1.8865     2.2760      7.966    -0.6121     0.9770 1.0715e-01    -0.0806   102.0352     6.6166     6.9096    34.8393    34.8383    27.7175    27.7171    7.37752 0.0000e+00
      23719    753.823     3.4142     3.4099   3.223663   3.223163     1.8861     2.2760      7.966    -0.6019     0.9770 1.0715e-01    -0.0813   102.0533     6.6168     6.9104    34.8395    34.8380    27.7177    27.7169    7.37750 0.0000e+00
      23722    753.880     3.4140     3.4098   3.223668   3.223178     1.8857     2.2756      7.966    -0.6121     0.9770 1.0715e-01    -0.0813   102.0533     6.6130     6.9115    34.8397    34.8383    27.7179    27.7171    7.37752 0.0000e+00
      23725    753.946     3.4142     3.4099   3.223656   3.223204     1.8857     2.2756      7.966    -0.6121     0.9770 1.0715e-01    -0.0813   102.0533     6.6118     6.9113    34.8393    34.8385    27.7176    27.7173    7.37750 0.0000e+00
      23728    754.022     3.4142     3.4100   3.223711   3.223234     1.8861     2.2760      7.966    -0.6121     0.9770 1.0715e-01    -0.0813   102.0533     6.6138     6.9105    34.8399    34.8386    27.7180    27.7174    7.37746 0.0000e+00
      23731    754.109     3.4141     3.4100   3.223660   3.223208     1.8865     2.2756      7.966    -0.6121    37.1003 1.0715e-01    -0.0817   102.0623     6.6160     6.9092    34.8393    34.8383    27.7176    27.7172    7.37751 0.0000e+00
      23734    754.203     3.4136     3.4101   3.223618   3.223213     1.8865     2.2756      7.966    -0.6019   453.8805 1.0715e-01    -0.0820   102.0714     6.6143     6.9100    34.8393    34.8382    27.7176    27.7170    7.37760 0.0000e+00
      23737    754.308     3.4141     3.4104   3.223679   3.223275     1.8865     2.2744      7.966    -0.5918   481.5159 1.0715e-01    -0.0824   102.0804     6.6168     6.9054    34.8395    34.8386    27.7177    27.7174    7.37751 0.0000e+00
