Datasets/AZMP/TEL210/tel210_2020_024.cnv
* Sea-Bird SBE 9 Data File:
* FileName = C:\CTDDATA\tel210_2020_024.hex
* Software Version Seasave V 7.26.7.110
* Temperature SN = 1697
* Conductivity SN = 4216
* Number of Bytes Per Scan = 30
* Number of Voltage Words = 4
* Number of Scans Averaged by the Deck Unit = 1
* NMEA baud rate = 4800
** VESSEL/TRIP/SEQ STN:  tel210_2020_024
** LATITUDE XX XX.XX: 47 00.00 N
** LONGITUDE XX XX.XX: 045 43.80 W
** SOUNDING DEPTH (M): 0276
** PROBE TYPE: S1146
** CTD NUMBER: 023
** COMMENTS (14 CHAR): FC-22
** BOTTLES:  0
** LEVELS:
** STICKERS:
** VNET: N
** DO2: N
# nquan = 22
# nvalues = 5725                        
# units = specified
# name 0 = scan: Scan Count
# name 1 = prDM: Pressure, Digiquartz [db]
# name 2 = t090C: Temperature [ITS-90, deg C]
# name 3 = t190C: Temperature, 2 [ITS-90, deg C]
# name 4 = c0S/m: Conductivity [S/m]
# name 5 = c1S/m: Conductivity, 2 [S/m]
# name 6 = sbeox0V: Oxygen raw, SBE 43 [V]
# name 7 = sbeox1V: Oxygen raw, SBE 43, 2 [V]
# name 8 = ph: pH
# name 9 = flECO-AFL: Fluorescence, WET Labs ECO-AFL/FL [mg/m^3]
# name 10 = wetCDOM: Fluorescence, WET Labs CDOM [mg/m^3]
# name 11 = par/sat/log: PAR/Logarithmic, Satlantic [umol photons/m^2/sec]
# name 12 = CStarAt0: Beam Attenuation, WET Labs C-Star [1/m]
# name 13 = CStarTr0: Beam Transmission, WET Labs C-Star [%]
# name 14 = sbeox0ML/L: Oxygen, SBE 43 [ml/l], WS = 2
# name 15 = sbeox1ML/L: Oxygen, SBE 43, 2 [ml/l], WS = 2
# name 16 = sal00: Salinity, Practical [PSU]
# name 17 = sal11: Salinity, Practical, 2 [PSU]
# name 18 = sigma-t00: Density [sigma-t, kg/m^3 ]
# name 19 = sigma-t11: Density, 2 [sigma-t, kg/m^3 ]
# name 20 = oxsatML/L: Oxygen Saturation, Weiss [ml/l]
# name 21 = flag: flag
# span 0 =         89,      18479       
# span 1 =      0.801,    278.674       
# span 2 =     3.6695,    11.4536       
# span 3 =     3.6645,    11.4495       
# span 4 =   3.184470,   3.779646       
# span 5 =   3.183908,   3.779023       
# span 6 =     1.6576,     2.4251       
# span 7 =     1.9827,     2.9658       
# span 8 =      7.891,      8.221       
# span 9 =    -0.6325,     5.7269       
# span 10 =    -2.8130,   482.1870      
# span 11 = 1.0703e-01, 1.0186e+02      
# span 12 =    -0.1289,     0.2373      
# span 13 =    94.2400,   103.2741      
# span 14 =     5.0538,     7.8004      
# span 15 =     5.2712,     8.2498      
# span 16 =    33.3288,    34.8730      
# span 17 =    33.3290,    34.8719      
# span 18 =    25.3942,    27.6514      
# span 19 =    25.3944,    27.6510      
# span 20 =    6.18635,    7.34967      
# span 21 = 0.0000e+00, 0.0000e+00      
# interval = scans: 3                   
# start_time = Jul 17 2020 21:04:14 [System UTC, header]
# bad_flag = -9.990e-29
*END*
[from data line 4478]
      14434    117.193     3.7077     3.6915   3.193323   3.191361     1.9495     2.3595      7.950    -0.5816     0.2664 1.0715e-01    -0.1194   103.0299     6.3460     6.6431    34.5053    34.4990    27.4224    27.4190    7.34029 0.0000e+00
      14437    117.103     3.7052     3.6908   3.192847   3.191288     1.9491     2.3591      7.955    -0.5816     0.2664 1.0715e-01    -0.1194   103.0299     6.3440     6.6436    34.5023    34.4989    27.4203    27.4190    7.34090 0.0000e+00
      14440    117.008     3.6991     3.6902   3.192166   3.191178     1.9491     2.3595      7.952    -0.5714   247.0893 1.0715e-01    -0.1194   103.0299     6.3410     6.6452    34.5007    34.4983    27.4196    27.4186    7.34208 0.0000e+00
      14443    116.914     3.6987     3.6897   3.192206   3.191071     1.9495     2.3595      7.955    -0.5714   482.1870 1.0715e-01    -0.1194   103.0299     6.3413     6.6466    34.5017    34.4976    27.4204    27.4181    7.34212 0.0000e+00
      14446    116.819     3.6987     3.6901   3.192135   3.191122     1.9491     2.3603      7.955    -0.5918   481.0026 1.0715e-01    -0.1194   103.0299     6.3412     6.6497    34.5009    34.4978    27.4198    27.4183    7.34215 0.0000e+00
      14449    116.724     3.6996     3.6900   3.192303   3.191112     1.9491     2.3595      7.955    -0.6019   481.3184 1.0715e-01    -0.1198   103.0390     6.3416     6.6478    34.5020    34.4979    27.4206    27.4183    7.34193 0.0000e+00
      14452    116.630     3.7007     3.6895   3.192402   3.191022     1.9495     2.3607      7.955    -0.6019   481.2395 1.0715e-01    -0.1198   103.0390     6.3436     6.6486    34.5021    34.4973    27.4205    27.4179    7.34173 0.0000e+00
      14455    116.531     3.6974     3.6893   3.191884   3.190999     1.9495     2.3603      7.955    -0.6121   481.2790 1.0715e-01    -0.1215   103.0842     6.3453     6.6457    34.4994    34.4973    27.4187    27.4179    7.34247 0.0000e+00
      14458    116.434     3.6961     3.6893   3.191828   3.190997     1.9500     2.3611      7.955    -0.6121   481.2790 1.0715e-01    -0.1215   103.0842     6.3486     6.6500    34.5001    34.4974    27.4194    27.4179    7.34265 0.0000e+00
      14461    116.334     3.6987     3.6894   3.192242   3.191009     1.9500     2.3611      7.955    -0.6121   481.3579 1.0715e-01    -0.1212   103.0752     6.3495     6.6511    34.5024    34.4975    27.4210    27.4180    7.34208 0.0000e+00
      14464    116.236     3.6989     3.6894   3.192088   3.190962     1.9491     2.3611      7.955    -0.6121   481.2790 1.0715e-01    -0.1215   103.0842     6.3447     6.6499    34.5004    34.4970    27.4193    27.4176    7.34214 0.0000e+00
      14467    116.144     3.6976     3.6892   3.192044   3.190937     1.9504     2.3611      7.955    -0.6223   100.6616 1.0715e-01    -0.1215   103.0842     6.3511     6.6485    34.5013    34.4969    27.4202    27.4176    7.34233 0.0000e+00
      14470    116.052     3.7006     3.6892   3.192388   3.190952     1.9508     2.3607      7.955    -0.6121     1.1744 1.0715e-01    -0.1215   103.0842     6.3513     6.6459    34.5023    34.4972    27.4207    27.4177    7.34174 0.0000e+00
      14473    115.959     3.7002     3.6906   3.192174   3.191168     1.9512     2.3611      7.955    -0.6325     5.2407 1.0715e-01    -0.1215   103.0842     6.3522     6.6459    34.5002    34.4983    27.4191    27.4186    7.34191 0.0000e+00
      14476    115.863     3.6994     3.6911   3.192031   3.191108     1.9516     2.3607      7.955    -0.6223     5.0038 1.0715e-01    -0.1215   103.0842     6.3510     6.6428    34.4994    34.4971    27.4185    27.4175    7.34210 0.0000e+00
      14479    115.766     3.6975     3.6907   3.191842   3.191086     1.9508     2.3611      7.955    -0.5918     5.0038 1.0715e-01    -0.1212   103.0752     6.3459     6.6436    34.4992    34.4973    27.4186    27.4177    7.34245 0.0000e+00
      14482    115.674     3.6962     3.6905   3.191652   3.191016     1.9508     2.3624      7.955    -0.5918     5.0038 1.0715e-01    -0.1215   103.0842     6.3457     6.6489    34.4983    34.4968    27.4180    27.4173    7.34272 0.0000e+00
      14485    115.584     3.6965     3.6916   3.191795   3.191190     1.9512     2.3620      7.955    -0.5714     5.0038 1.0715e-01    -0.1215   103.0842     6.3473     6.6501    34.4998    34.4977    27.4191    27.4180    7.34260 0.0000e+00
      14488    115.496     3.6983     3.6915   3.191975   3.191137     1.9508     2.3616      7.955    -0.5714     5.0038 1.0715e-01    -0.1212   103.0752     6.3443     6.6489    34.5001    34.4972    27.4192    27.4176    7.34226 0.0000e+00
      14491    115.410     3.6989     3.6902   3.191998   3.191034     1.9512     2.3620      7.955    -0.5816     4.4906 1.0715e-01    -0.1212   103.0752     6.3425     6.6509    34.4998    34.4974    27.4189    27.4179    7.34217 0.0000e+00
      14494    115.328     3.6986     3.6914   3.191888   3.191191     1.9512     2.3616      7.955    -0.5918     0.3453 1.0715e-01    -0.1215   103.0842     6.3429     6.6495    34.4988    34.4980    27.4182    27.4183    7.34227 0.0000e+00
      14497    115.244     3.6974     3.6913   3.191731   3.191158     1.9516     2.3620      7.955    -0.5714     0.2664 1.0715e-01    -0.1219   103.0932     6.3441     6.6497    34.4983    34.4978    27.4179    27.4181    7.34252 0.0000e+00
      14500    115.161     3.6955     3.6910   3.191545   3.191019     1.9504     2.3620      7.955    -0.5918     0.2664 1.0715e-01    -0.1222   103.1023     6.3387     6.6489    34.4981    34.4965    27.4179    27.4171    7.34287 0.0000e+00
      14503    115.081     3.6962     3.6899   3.191685   3.190940     1.9516     2.3620      7.955    -0.5816     0.2664 1.0715e-01    -0.1215   103.0842     6.3452     6.6472    34.4991    34.4968    27.4186    27.4174    7.34270 0.0000e+00
      14506    115.001     3.6968     3.6900   3.191667   3.190929     1.9516     2.3632      7.955    -0.5816     0.2664 1.0715e-01    -0.1215   103.0842     6.3451     6.6506    34.4983    34.4966    27.4179    27.4173    7.34263 0.0000e+00
      14509    114.923     3.6965     3.6895   3.191645   3.190859     1.9520     2.3632      7.955    -0.5918     0.2664 1.0715e-01    -0.1215   103.0842     6.3478     6.6528    34.4984    34.4963    27.4180    27.4171    7.34268 0.0000e+00
      14512    114.848     3.6960     3.6906   3.191618   3.190956     1.9516     2.3624      7.955    -0.5816     0.2664 1.0715e-01    -0.1215   103.0842     6.3455     6.6512    34.4986    34.4964    27.4183    27.4170    7.34276 0.0000e+00
      14515    114.776     3.6946     3.6893   3.191328   3.190729     1.9520     2.3628      7.955    -0.5816     0.2664 1.0715e-01    -0.1226   103.1113     6.3480     6.6509    34.4966    34.4951    27.4168    27.4161    7.34310 0.0000e+00
      14518    114.704     3.6930     3.6896   3.191131   3.190807     1.9520     2.3632      7.955    -0.5816     0.5822 1.0715e-01    -0.1229   103.1204     6.3477     6.6511    34.4961    34.4957    27.4165    27.4166    7.34343 0.0000e+00
      14521    114.631     3.6926     3.6901   3.191066   3.190872     1.9512     2.3624      7.955    -0.5816     1.2139 1.0715e-01    -0.1226   103.1113     6.3444     6.6464    34.4957    34.4960    27.4162    27.4167    7.34351 0.0000e+00
      14524    114.557     3.6934     3.6905   3.191117   3.190894     1.9516     2.3632      7.955    -0.5816     1.2139 1.0715e-01    -0.1226   103.1113     6.3458     6.6492    34.4955    34.4959    27.4160    27.4166    7.34337 0.0000e+00
      14527    114.484     3.6934     3.6887   3.191148   3.190553     1.9516     2.3628      7.955    -0.5816     1.2139 1.0715e-01    -0.1229   103.1204     6.3447     6.6480    34.4959    34.4938    27.4164    27.4151    7.34336 0.0000e+00
      14530    114.411     3.6929     3.6881   3.191068   3.190567     1.9524     2.3632      7.955    -0.5714     1.2139 1.0715e-01    -0.1226   103.1113     6.3475     6.6497    34.4956    34.4946    27.4161    27.4158    7.34347 0.0000e+00
      14533    114.335     3.6941     3.6888   3.191206   3.190613     1.9524     2.3640      7.955    -0.5918     1.2139 1.0715e-01    -0.1226   103.1113     6.3484     6.6515    34.4959    34.4945    27.4163    27.4157    7.34323 0.0000e+00
      14536    114.256     3.6938     3.6887   3.191174   3.190617     1.9520     2.3632      7.955    -0.5918     1.2139 1.0715e-01    -0.1226   103.1113     6.3461     6.6475    34.4959    34.4946    27.4163    27.4158    7.34328 0.0000e+00
      14539    114.177     3.6936     3.6885   3.191122   3.190506     1.9524     2.3632      7.955    -0.5714     1.2139 1.0715e-01    -0.1226   103.1113     6.3459     6.6466    34.4955    34.4936    27.4160    27.4150    7.34333 0.0000e+00
      14542    114.095     3.6927     3.6875   3.190906   3.190339     1.9520     2.3632      7.955    -0.5816     1.2139 1.0715e-01    -0.1226   103.1113     6.3447     6.6458    34.4939    34.4926    27.4149    27.4143    7.34358 0.0000e+00
      14545    114.016     3.6916     3.6871   3.190799   3.190267     1.9520     2.3632      7.957    -0.5816     2.8325 1.0715e-01    -0.1226   103.1113     6.3464     6.6443    34.4939    34.4923    27.4149    27.4141    7.34378 0.0000e+00
      14548    113.938     3.6927     3.6865   3.190958   3.190151     1.9528     2.3644      7.955    -0.5816     3.8590 1.0715e-01    -0.1226   103.1113     6.3506     6.6486    34.4946    34.4915    27.4154    27.4136    7.34354 0.0000e+00
      14551    113.856     3.6933     3.6869   3.190994   3.190221     1.9524     2.3640      7.955    -0.5714     3.8195 1.0715e-01    -0.1226   103.1113     6.3490     6.6481    34.4945    34.4920    27.4152    27.4139    7.34344 0.0000e+00
      14554    113.770     3.6926     3.6868   3.190844   3.190132     1.9524     2.3640      7.955    -0.5816     3.8195 1.0715e-01    -0.1226   103.1113     6.3499     6.6461    34.4935    34.4911    27.4145    27.4132    7.34362 0.0000e+00
      14557    113.679     3.6926     3.6866   3.190838   3.190085     1.9528     2.3624      7.955    -0.5714     3.8195 1.0715e-01    -0.1226   103.1113     6.3517     6.6409    34.4935    34.4909    27.4145    27.4130    7.34363 0.0000e+00
      14560    113.590     3.6927     3.6864   3.190835   3.190073     1.9520     2.3636      7.955    -0.5816     3.8195 1.0715e-01    -0.1226   103.1113     6.3471     6.6471    34.4934    34.4909    27.4144    27.4130    7.34361 0.0000e+00
      14563    113.496     3.6925     3.6863   3.190741   3.189981     1.9516     2.3636      7.955    -0.5714     3.8195 1.0715e-01    -0.1226   103.1113     6.3461     6.6465    34.4926    34.4900    27.4138    27.4124    7.34369 0.0000e+00
      14566    113.400     3.6924     3.6862   3.190773   3.189989     1.9528     2.3632      7.955    -0.5816     3.8195 1.0715e-01    -0.1226   103.1113     6.3512     6.6456    34.4931    34.4902    27.4142    27.4125    7.34368 0.0000e+00
      14569    113.306     3.6927     3.6861   3.190777   3.189927     1.9532     2.3632      7.955    -0.5714     3.8195 1.0715e-01    -0.1226   103.1113     6.3536     6.6457    34.4929    34.4897    27.4140    27.4121    7.34363 0.0000e+00
      14572    113.207     3.6918     3.6861   3.190567   3.189898     1.9536     2.3644      7.955    -0.5714     4.0169 1.0715e-01    -0.1229   103.1204     6.3564     6.6516    34.4913    34.4894    27.4129    27.4119    7.34387 0.0000e+00
      14575    113.103     3.6923     3.6859   3.190666   3.189880     1.9536     2.3640      7.955    -0.5714     4.0564 1.0715e-01    -0.1222   103.1023     6.3590     6.6521    34.4921    34.4895    27.4134    27.4120    7.34375 0.0000e+00
      14578    112.999     3.6923     3.6862   3.190596   3.189840     1.9532     2.3632      7.955    -0.5613     4.0564 1.0715e-01    -0.1219   103.0932     6.3574     6.6517    34.4912    34.4886    27.4127    27.4113    7.34378 0.0000e+00
      14581    112.897     3.6916     3.6863   3.190467   3.189889     1.9528     2.3644      7.955    -0.5816     4.0564 1.0715e-01    -0.1226   103.1113     6.3575     6.6579    34.4905    34.4892    27.4122    27.4117    7.34395 0.0000e+00
      14584    112.788     3.6920     3.6865   3.190487   3.189854     1.9524     2.3636      7.955    -0.5714     4.0564 1.0715e-01    -0.1219   103.0932     6.3560     6.6529    34.4904    34.4886    27.4121    27.4113    7.34389 0.0000e+00
      14587    112.679     3.6917     3.6863   3.190365   3.189763     1.9540     2.3644      7.955    -0.5816     4.0564 1.0715e-01    -0.1222   103.1023     6.3605     6.6576    34.4893    34.4878    27.4112    27.4107    7.34398 0.0000e+00
      14590    112.570     3.6900     3.6860   3.190081   3.189706     1.9528     2.3644      7.955    -0.5816     4.0564 1.0715e-01    -0.1226   103.1113     6.3543     6.6579    34.4878    34.4875    27.4102    27.4104    7.34438 0.0000e+00
      14593    112.461     3.6897     3.6851   3.190070   3.189525     1.9540     2.3644      7.955    -0.5816     4.0564 1.0715e-01    -0.1219   103.0932     6.3601     6.6578    34.4880    34.4863    27.4104    27.4095    7.34441 0.0000e+00
      14596    112.350     3.6873     3.6843   3.189433   3.189328     1.9540     2.3648      7.955    -0.5816     3.9774 1.0715e-01    -0.1233   103.1294     6.3635     6.6596    34.4830    34.4848    27.4067    27.4084    7.34510 0.0000e+00
      14599    112.238     3.6854     3.6826   3.189200   3.189050     1.9544     2.3644      7.955    -0.5918     3.4642 1.0715e-01    -0.1229   103.1204     6.3671     6.6607    34.4822    34.4834    27.4063    27.4075    7.34548 0.0000e+00
      14602    112.127     3.6848     3.6809   3.189019   3.188707     1.9540     2.3652      7.955    -0.5816     3.4642 1.0715e-01    -0.1226   103.1113     6.3666     6.6645    34.4808    34.4812    27.4052    27.4058    7.34566 0.0000e+00
      14605    112.016     3.6827     3.6789   3.188698   3.188312     1.9548     2.3652      7.955    -0.5714     3.4642 1.0715e-01    -0.1226   103.1113     6.3700     6.6649    34.4792    34.4787    27.4041    27.4041    7.34611 0.0000e+00
      14608    111.912     3.6836     3.6775   3.188919   3.188096     1.9540     2.3648      7.955    -0.5816     3.4642 1.0715e-01    -0.1226   103.1113     6.3665     6.6654    34.4809    34.4775    27.4054    27.4033    7.34586 0.0000e+00
      14611    111.809     3.6846     3.6765   3.189025   3.187995     1.9540     2.3656      7.955    -0.5816     3.4642 1.0715e-01    -0.1226   103.1113     6.3664     6.6680    34.4812    34.4774    27.4055    27.4033    7.34567 0.0000e+00
      14614    111.704     3.6853     3.6774   3.189032   3.188173     1.9548     2.3652      7.955    -0.5714     3.4642 1.0715e-01    -0.1215   103.0842     6.3727     6.6667    34.4806    34.4787    27.4050    27.4043    7.34558 0.0000e+00
      14617    111.599     3.6835     3.6792   3.188962   3.188432     1.9552     2.3660      7.955    -0.5918     3.4642 1.0715e-01    -0.1198   103.0390     6.3745     6.6683    34.4818    34.4799    27.4061    27.4050    7.34585 0.0000e+00
      14620    111.495     3.6853     3.6793   3.189274   3.188454     1.9552     2.3656      7.955    -0.5714     3.4642 1.0715e-01    -0.1198   103.0390     6.3732     6.6647    34.4837    34.4802    27.4074    27.4052    7.34543 0.0000e+00
      14623    111.394     3.6830     3.6778   3.188699   3.188175     1.9552     2.3665      7.955    -0.5816   221.7833 1.0715e-01    -0.1201   103.0480     6.3723     6.6677    34.4793    34.4785    27.4042    27.4041    7.34606 0.0000e+00
      14626    111.300     3.6830     3.6777   3.189030   3.188212     1.9548     2.3660      7.955    -0.5714   482.1870 1.0715e-01    -0.1201   103.0480     6.3706     6.6663    34.4832    34.4790    27.4073    27.4045    7.34586 0.0000e+00
