Datasets/AZMP/TEL210/tel210_2020_050.cnv
* Sea-Bird SBE 9 Data File:
* FileName = C:\CTDDATA\tel210_2020_050.hex
* Software Version Seasave V 7.26.7.110
* Temperature SN = 1697
* Conductivity SN = 4216
* Number of Bytes Per Scan = 30
* Number of Voltage Words = 4
* Number of Scans Averaged by the Deck Unit = 1
* NMEA baud rate = 4800
** VESSEL/TRIP/SEQ STN:  tel210_2020_050
** LATITUDE XX XX.XX: 49 22.00 N
** LONGITUDE XX XX.XX: 051 01.00 W
** SOUNDING DEPTH (M): 0337
** PROBE TYPE: S1146
** CTD NUMBER: 040
** COMMENTS (14 CHAR): BB-09
** BOTTLES:  11
** LEVELS: 5,10,20,30,40,50,75,100,150,250,BTM
** STICKERS: 436033 - 436043
** VNET: Y
** DO2: N
# nquan = 22
# nvalues = 7889                        
# units = specified
# name 0 = scan: Scan Count
# name 1 = prDM: Pressure, Digiquartz [db]
# name 2 = t090C: Temperature [ITS-90, deg C]
# name 3 = t190C: Temperature, 2 [ITS-90, deg C]
# name 4 = c0S/m: Conductivity [S/m]
# name 5 = c1S/m: Conductivity, 2 [S/m]
# name 6 = sbeox0V: Oxygen raw, SBE 43 [V]
# name 7 = sbeox1V: Oxygen raw, SBE 43, 2 [V]
# name 8 = ph: pH
# name 9 = flECO-AFL: Fluorescence, WET Labs ECO-AFL/FL [mg/m^3]
# name 10 = wetCDOM: Fluorescence, WET Labs CDOM [mg/m^3]
# name 11 = par/sat/log: PAR/Logarithmic, Satlantic [umol photons/m^2/sec]
# name 12 = CStarAt0: Beam Attenuation, WET Labs C-Star [1/m]
# name 13 = CStarTr0: Beam Transmission, WET Labs C-Star [%]
# name 14 = sbeox0ML/L: Oxygen, SBE 43 [ml/l], WS = 2
# name 15 = sbeox1ML/L: Oxygen, SBE 43, 2 [ml/l], WS = 2
# name 16 = sal00: Salinity, Practical [PSU]
# name 17 = sal11: Salinity, Practical, 2 [PSU]
# name 18 = sigma-t00: Density [sigma-t, kg/m^3 ]
# name 19 = sigma-t11: Density, 2 [sigma-t, kg/m^3 ]
# name 20 = oxsatML/L: Oxygen Saturation, Weiss [ml/l]
# name 21 = flag: flag
# span 0 =         60,      59305       
# span 1 =      0.610,    337.425       
# span 2 =     0.8629,    10.2415       
# span 3 =     0.8470,    10.2462       
# span 4 =   2.870639,   3.587852       
# span 5 =   2.869442,   3.587916       
# span 6 =     1.8970,     2.6441       
# span 7 =     2.2817,     3.2366       
# span 8 =      7.977,      8.347       
# span 9 =     0.6452,     8.6769       
# span 10 =    -2.8130,   482.1870      
# span 11 = 1.0568e-01, 8.8805e-01      
# span 12 =    -0.1383,     1.1770      
# span 13 =    74.5079,   103.5183      
# span 14 =     6.2628,     9.6207      
# span 15 =     6.5060,    10.4482      
# span 16 =    32.1724,    34.7315      
# span 17 =    32.5107,    34.7328      
# span 18 =    24.9631,    27.6381      
# span 19 =    24.9753,    27.6396      
# span 20 =    6.38423,    7.93751      
# span 21 = 0.0000e+00, 0.0000e+00      
# interval = scans: 3                   
# start_time = Jul 21 2020 00:16:26 [System UTC, header]
# bad_flag = -9.990e-29
*END*
[from data line 2898]
       9240    276.301     3.3981     3.3936   3.189013   3.188711     1.9489     2.3457      8.004     0.7193     0.6217 1.0715e-01    -0.1141   102.8943     6.5005     6.7710    34.6958    34.6970    27.6047    27.6060    7.38751 0.0000e+00
       9243    276.424     3.3982     3.3946   3.189129   3.188881     1.9489     2.3457      8.004     0.6981     0.6217 1.0715e-01    -0.1141   102.8943     6.4984     6.7717    34.6971    34.6979    27.6057    27.6067    7.38743 0.0000e+00
       9246    276.545     3.3992     3.3961   3.189280   3.189046     1.9489     2.3465      8.004     0.7087    -0.2074 1.0715e-01    -0.1138   102.8853     6.4979     6.7753    34.6978    34.6982    27.6061    27.6068    7.38721 0.0000e+00
       9249    276.665     3.4004     3.3984   3.189501   3.189280     1.9480     2.3465      8.004     0.6981    -0.6022 1.0727e-01    -0.1141   102.8943     6.4957     6.7757    34.6991    34.6986    27.6071    27.6069    7.38693 0.0000e+00
       9252    276.786     3.4021     3.4006   3.189779   3.189500     1.9489     2.3461      8.004     0.6981    -0.6416 1.0715e-01    -0.1138   102.8853     6.4998     6.7744    34.7006    34.6988    27.6081    27.6068    7.38655 0.0000e+00
       9255    276.899     3.4038     3.4009   3.189826   3.189503     1.9480     2.3461      8.004     0.6981    -0.5627 1.0715e-01    -0.1127   102.8581     6.4961     6.7746    34.6992    34.6984    27.6068    27.6065    7.38629 0.0000e+00
       9258    277.009     3.4052     3.4011   3.189896   3.189518     1.9489     2.3465      8.004     0.7087    -0.5627 1.0715e-01    -0.1127   102.8581     6.5010     6.7759    34.6986    34.6983    27.6062    27.6065    7.38607 0.0000e+00
       9261    277.121     3.4058     3.4009   3.189897   3.189534     1.9485     2.3465      8.007     0.7087    -0.6022 1.0715e-01    -0.1127   102.8581     6.5050     6.7754    34.6979    34.6987    27.6056    27.6067    7.38600 0.0000e+00
       9264    277.232     3.4062     3.4012   3.189887   3.189539     1.9485     2.3465      8.006     0.7087    -0.5627 1.0715e-01    -0.1127   102.8581     6.5075     6.7740    34.6973    34.6984    27.6051    27.6064    7.38596 0.0000e+00
       9267    277.341     3.4061     3.4018   3.189943   3.189653     1.9480     2.3465      8.004     0.7616    -0.5627 1.0715e-01    -0.1124   102.8491     6.5058     6.7719    34.6979    34.6990    27.6056    27.6069    7.38593 0.0000e+00
       9270    277.452     3.4067     3.4035   3.190147   3.189870     1.9489     2.3469      8.004     0.7510    -0.5627 1.0715e-01    -0.1131   102.8672     6.5108     6.7717    34.6997    34.6997    27.6070    27.6073    7.38574 0.0000e+00
       9273    277.558     3.4078     3.4045   3.190221   3.189888     1.9489     2.3469      8.004     0.7722    -0.0495 1.0715e-01    -0.1120   102.8400     6.5119     6.7723    34.6993    34.6989    27.6066    27.6065    7.38555 0.0000e+00
       9276    277.660     3.4087     3.4045   3.190238   3.189947     1.9489     2.3469      8.004     0.7616     0.0295 1.0715e-01    -0.1120   102.8400     6.5121     6.7726    34.6986    34.6995    27.6059    27.6071    7.38544 0.0000e+00
       9279    277.761     3.4091     3.4046   3.190274   3.189979     1.9485     2.3469      8.004     0.7616     0.0295 1.0715e-01    -0.1120   102.8400     6.5069     6.7714    34.6985    34.6998    27.6058    27.6072    7.38536 0.0000e+00
       9282    277.859     3.4095     3.4050   3.190320   3.190030     1.9493     2.3469      8.006     0.7510     0.0295 1.0715e-01    -0.1120   102.8400     6.5070     6.7694    34.6986    34.6999    27.6058    27.6073    7.38529 0.0000e+00
       9285    277.954     3.4096     3.4053   3.190365   3.190073     1.9497     2.3469      8.006     0.7616     0.0295 1.0715e-01    -0.1120   102.8400     6.5090     6.7686    34.6989    34.7000    27.6061    27.6074    7.38524 0.0000e+00
       9288    278.053     3.4099     3.4053   3.190354   3.190044     1.9489     2.3465      8.004     0.7722     0.0295 1.0715e-01    -0.1120   102.8400     6.5059     6.7658    34.6985    34.6996    27.6057    27.6070    7.38522 0.0000e+00
       9291    278.145     3.4098     3.4049   3.190340   3.190007     1.9489     2.3465      8.006     0.7616     0.0295 1.0715e-01    -0.1120   102.8400     6.5038     6.7651    34.6983    34.6995    27.6056    27.6070    7.38523 0.0000e+00
       9294    278.233     3.4098     3.4042   3.190268   3.189951     1.9493     2.3469      8.006     0.7722     0.0295 1.0715e-01    -0.1120   102.8400     6.5010     6.7643    34.6974    34.6996    27.6049    27.6072    7.38528 0.0000e+00
       9297    278.322     3.4091     3.4032   3.190188   3.189869     1.9493     2.3469      8.004     0.7616    -0.2074 1.0715e-01    -0.1120   102.8400     6.5001     6.7630    34.6972    34.6997    27.6047    27.6073    7.38543 0.0000e+00
       9300    278.409     3.4084     3.4025   3.190153   3.189860     1.9489     2.3469      8.004     0.7616    -1.2338 1.0715e-01    -0.1120   102.8400     6.4959     6.7601    34.6974    34.7002    27.6050    27.6078    7.38554 0.0000e+00
       9303    278.491     3.4080     3.4020   3.190132   3.189817     1.9480     2.3469      8.004     0.7616    -1.1549 1.0715e-01    -0.1113   102.8219     6.4898     6.7587    34.6976    34.7001    27.6052    27.6078    7.38561 0.0000e+00
       9306    278.572     3.4072     3.4018   3.190122   3.189766     1.9480     2.3465      8.004     0.7722    -1.1944 1.0715e-01    -0.1120   102.8400     6.4875     6.7571    34.6982    34.6998    27.6058    27.6075    7.38572 0.0000e+00
       9309    278.648     3.4070     3.4016   3.190108   3.189797     1.9493     2.3465      8.004     0.7722    -1.1944 1.0715e-01    -0.1120   102.8400     6.4965     6.7570    34.6983    34.7003    27.6058    27.6079    7.38576 0.0000e+00
       9312    278.721     3.4067     3.4015   3.190076   3.189780     1.9489     2.3465      8.004     0.7616    -1.2338 1.0715e-01    -0.1120   102.8400     6.4969     6.7549    34.6982    34.7001    27.6057    27.6078    7.38582 0.0000e+00
       9315    278.793     3.4066     3.4015   3.190088   3.189765     1.9485     2.3461      8.004     0.7722    -1.1944 1.0715e-01    -0.1117   102.8310     6.4959     6.7520    34.6984    34.6999    27.6060    27.6076    7.38583 0.0000e+00
       9318    278.861     3.4066     3.4014   3.190084   3.189817     1.9476     2.3457      8.004     0.7616    -1.2338 1.0715e-01    -0.1120   102.8400     6.4934     6.7514    34.6983    34.7006    27.6059    27.6082    7.38583 0.0000e+00
       9321    278.928     3.4065     3.4012   3.190051   3.189717     1.9485     2.3457      8.004     0.7510    -1.1549 1.0715e-01    -0.1120   102.8400     6.4982     6.7517    34.6979    34.6996    27.6056    27.6075    7.38586 0.0000e+00
       9324    278.993     3.4062     3.4008   3.190042   3.189734     1.9476     2.3445      8.004     0.7616    -0.9180 1.0715e-01    -0.1120   102.8400     6.4951     6.7489    34.6981    34.7002    27.6058    27.6080    7.38590 0.0000e+00
       9327    279.056     3.4058     3.4006   3.190043   3.189756     1.9476     2.3457      8.004     0.7510    -0.4443 1.0715e-01    -0.1120   102.8400     6.4940     6.7562    34.6985    34.7006    27.6061    27.6083    7.38596 0.0000e+00
       9330    279.119     3.4060     3.4009   3.190055   3.189720     1.9480     2.3457      8.004     0.7722    -0.4443 1.0715e-01    -0.1120   102.8400     6.4930     6.7585    34.6985    34.6998    27.6061    27.6076    7.38594 0.0000e+00
       9333    279.179     3.4060     3.4013   3.190073   3.189777     1.9489     2.3453      8.004     0.7510    -0.4443 1.0715e-01    -0.1113   102.8219     6.4958     6.7575    34.6986    34.7001    27.6061    27.6078    7.38592 0.0000e+00
       9336    279.238     3.4062     3.4015   3.189340   3.189824     1.9480     2.3445      8.004     0.7510    -0.4443 1.0715e-01    -0.1110   102.8129     6.4929     6.7564    34.6895    34.7004    27.5990    27.6080    7.38634 0.0000e+00
       9339    279.297     3.4065     3.4036   3.190362   3.190028     1.9485     2.3453      8.004     0.7616    -0.4443 1.0727e-01    -0.1110   102.8129     6.4958     6.7618    34.7015    34.7006    27.6084    27.6080    7.38568 0.0000e+00
       9342    279.360     3.4083     3.4054   3.190484   3.190240     1.9485     2.3457      8.004     0.7616    -0.4838 1.0715e-01    -0.1113   102.8219     6.4954     6.7625    34.7010    34.7012    27.6079    27.6083    7.38539 0.0000e+00
       9345    279.421     3.4089     3.4057   3.190529   3.190232     1.9476     2.3445      8.004     0.7616    -0.4838 1.0715e-01    -0.1110   102.8129     6.4890     6.7580    34.7009    34.7007    27.6077    27.6079    7.38528 0.0000e+00
       9348    279.485     3.4097     3.4056   3.190559   3.190262     1.9472     2.3457      8.004     0.7510    -0.4443 1.0715e-01    -0.1110   102.8129     6.4860     6.7633    34.7004    34.7012    27.6072    27.6082    7.38516 0.0000e+00
       9351    279.550     3.4100     3.4055   3.190575   3.190253     1.9476     2.3457      8.004     0.7722     0.1479 1.0715e-01    -0.1110   102.8129     6.4850     6.7615    34.7002    34.7011    27.6070    27.6082    7.38511 0.0000e+00
       9354    279.619     3.4106     3.4057   3.190649   3.190266     1.9472     2.3453      8.004     0.7616     0.3848 1.0715e-01    -0.1110   102.8129     6.4789     6.7617    34.7005    34.7010    27.6072    27.6081    7.38499 0.0000e+00
       9357    279.692     3.4110     3.4062   3.190689   3.190341     1.9472     2.3449      8.004     0.7722     0.3848 1.0715e-01    -0.1113   102.8219     6.4815     6.7625    34.7004    34.7014    27.6072    27.6084    7.38492 0.0000e+00
       9360    279.770     3.4111     3.4073   3.190598   3.190452     1.9468     2.3453      8.004     0.7616     0.3848 1.0715e-01    -0.1113   102.8219     6.4847     6.7622    34.6992    34.7015    27.6061    27.6083    7.38496 0.0000e+00
       9363    279.854     3.4109     3.4074   3.190694   3.190479     1.9476     2.3449      8.004     0.7722     0.3848 1.0715e-01    -0.1117   102.8310     6.4897     6.7583    34.7005    34.7017    27.6071    27.6085    7.38493 0.0000e+00
       9366    279.940     3.4114     3.4074   3.190720   3.190463     1.9472     2.3445      8.004     0.7722     0.3059 1.0715e-01    -0.1113   102.8219     6.4908     6.7567    34.7002    34.7015    27.6070    27.6083    7.38485 0.0000e+00
       9369    280.031     3.4112     3.4070   3.190702   3.190410     1.9464     2.3449      8.004     0.7405     0.3848 1.0715e-01    -0.1120   102.8400     6.4902     6.7578    34.7002    34.7012    27.6070    27.6081    7.38490 0.0000e+00
       9372    280.130     3.4114     3.4066   3.190654   3.190372     1.9468     2.3453      8.004     0.7087     0.3848 1.0715e-01    -0.1117   102.8310     6.4923     6.7584    34.6993    34.7011    27.6062    27.6081    7.38489 0.0000e+00
       9375    280.234     3.4111     3.4059   3.190633   3.190290     1.9464     2.3445      8.004     0.7087     0.2269 1.0715e-01    -0.1106   102.8039     6.4909     6.7589    34.6994    34.7008    27.6063    27.6079    7.38495 0.0000e+00
       9378    280.345     3.4106     3.4048   3.190554   3.190236     1.9460     2.3457      8.004     0.6981    -0.7206 1.0715e-01    -0.1110   102.8129     6.4895     6.7652    34.6989    34.7013    27.6059    27.6084    7.38506 0.0000e+00
       9381    280.462     3.4101     3.4043   3.190516   3.190170     1.9476     2.3453      8.004     0.7087    -0.6811 1.0715e-01    -0.1103   102.7948     6.4969     6.7624    34.6989    34.7010    27.6060    27.6082    7.38516 0.0000e+00
       9384    280.584     3.4097     3.4040   3.190483   3.190181     1.9476     2.3445      8.004     0.6981    -0.6811 1.0715e-01    -0.1110   102.8129     6.4963     6.7589    34.6988    34.7013    27.6060    27.6084    7.38523 0.0000e+00
       9387    280.712     3.4093     3.4040   3.190480   3.190194     1.9464     2.3445      8.006     0.6875    -0.6811 1.0715e-01    -0.1110   102.8129     6.4910     6.7607    34.6991    34.7013    27.6063    27.6085    7.38528 0.0000e+00
       9390    280.846     3.4093     3.4039   3.190486   3.190177     1.9468     2.3445      8.004     0.7087    -0.6811 1.0715e-01    -0.1106   102.8039     6.4952     6.7615    34.6991    34.7012    27.6063    27.6084    7.38528 0.0000e+00
       9393    280.987     3.4089     3.4040   3.190499   3.190203     1.9472     2.3445      8.004     0.7087    -0.7206 1.0715e-01    -0.1106   102.8039     6.4982     6.7576    34.6997    34.7014    27.6068    27.6086    7.38534 0.0000e+00
       9396    281.134     3.4088     3.4043   3.190533   3.190220     1.9468     2.3449      8.006     0.7087    -0.7206 1.0715e-01    -0.1110   102.8129     6.4967     6.7569    34.7001    34.7011    27.6071    27.6083    7.38533 0.0000e+00
       9399    281.283     3.4091     3.4044   3.190550   3.190269     1.9464     2.3457      8.004     0.7616    -0.6811 1.0715e-01    -0.1110   102.8129     6.4941     6.7585    34.6999    34.7015    27.6069    27.6086    7.38528 0.0000e+00
       9402    281.432     3.4092     3.4045   3.190595   3.190276     1.9464     2.3445      8.004     0.7616    -0.4048 1.0715e-01    -0.1110   102.8129     6.4914     6.7504    34.7003    34.7015    27.6072    27.6086    7.38525 0.0000e+00
       9405    281.581     3.4091     3.4041   3.190561   3.190215     1.9464     2.3441      8.004     0.7510     0.2664 1.0715e-01    -0.1110   102.8129     6.4917     6.7473    34.6999    34.7011    27.6069    27.6083    7.38529 0.0000e+00
       9408    281.736     3.4092     3.4034   3.190490   3.190162     1.9464     2.3445      8.004     0.7616     0.2664 1.0715e-01    -0.1110   102.8129     6.4943     6.7455    34.6988    34.7011    27.6060    27.6084    7.38532 0.0000e+00
       9411    281.890     3.4084     3.4028   3.190429   3.190098     1.9464     2.3453      8.004     0.7510     0.2269 1.0715e-01    -0.1110   102.8129     6.4948     6.7453    34.6988    34.7009    27.6061    27.6083    7.38547 0.0000e+00
       9414    282.043     3.4078     3.4023   3.190400   3.190088     1.9468     2.3449      8.004     0.7722     0.2664 1.0715e-01    -0.1110   102.8129     6.4969     6.7414    34.6991    34.7012    27.6064    27.6086    7.38557 0.0000e+00
       9417    282.197     3.4072     3.4020   3.190365   3.190070     1.9472     2.3429      8.004     0.7616     0.2664 1.0715e-01    -0.1110   102.8129     6.5001     6.7319    34.6992    34.7013    27.6065    27.6087    7.38567 0.0000e+00
       9420    282.350     3.4068     3.4013   3.190335   3.189991     1.9464     2.3433      8.004     0.7616     0.2664 1.0715e-01    -0.1110   102.8129     6.4956     6.7300    34.6992    34.7009    27.6066    27.6084    7.38575 0.0000e+00
       9423    282.497     3.4069     3.4010   3.190320   3.190009     1.9464     2.3437      8.004     0.7405     0.2664 1.0715e-01    -0.1110   102.8129     6.4946     6.7305    34.6989    34.7013    27.6063    27.6088    7.38575 0.0000e+00
       9426    282.641     3.4064     3.4008   3.190307   3.190015     1.9464     2.3421      8.004     0.7405     0.2269 1.0715e-01    -0.1110   102.8129     6.4910     6.7257    34.6991    34.7016    27.6065    27.6091    7.38582 0.0000e+00
       9429    282.784     3.4062     3.4010   3.190320   3.189994     1.9468     2.3421      8.004     0.7299    -0.5627 1.0715e-01    -0.1110   102.8129     6.4877     6.7253    34.6994    34.7011    27.6068    27.6086    7.38584 0.0000e+00
