Datasets/AZMP/TEL210/tel210_2020_006.cnv
* Sea-Bird SBE 9 Data File:
* FileName = C:\CTDDATA\tel210_2020_006.hex
* Software Version Seasave V 7.26.7.110
* Temperature SN = 1697
* Conductivity SN = 4216
* Number of Bytes Per Scan = 30
* Number of Voltage Words = 4
* Number of Scans Averaged by the Deck Unit = 1
* NMEA baud rate = 4800
** VESSEL/TRIP/SEQ STN:  tel210_2020_006
** LATITUDE XX XX.XX: 47 00.00 N
** LONGITUDE XX XX.XX: 052 19.30 W
** SOUNDING DEPTH (M): 0125
** PROBE TYPE: S1146
** CTD NUMBER: 005
** COMMENTS (14 CHAR): FC-04
** BOTTLES:  9
** LEVELS: 5,10,20,30,40,50,75,100,BTM
** STICKERS: 435771 - 435779
** VNET: Y
** DO2: N
# nquan = 22
# nvalues = 2887                        
# units = specified
# name 0 = scan: Scan Count
# name 1 = prDM: Pressure, Digiquartz [db]
# name 2 = t090C: Temperature [ITS-90, deg C]
# name 3 = t190C: Temperature, 2 [ITS-90, deg C]
# name 4 = c0S/m: Conductivity [S/m]
# name 5 = c1S/m: Conductivity, 2 [S/m]
# name 6 = sbeox0V: Oxygen raw, SBE 43 [V]
# name 7 = sbeox1V: Oxygen raw, SBE 43, 2 [V]
# name 8 = ph: pH
# name 9 = flECO-AFL: Fluorescence, WET Labs ECO-AFL/FL [mg/m^3]
# name 10 = wetCDOM: Fluorescence, WET Labs CDOM [mg/m^3]
# name 11 = par/sat/log: PAR/Logarithmic, Satlantic [umol photons/m^2/sec]
# name 12 = CStarAt0: Beam Attenuation, WET Labs C-Star [1/m]
# name 13 = CStarTr0: Beam Transmission, WET Labs C-Star [%]
# name 14 = sbeox0ML/L: Oxygen, SBE 43 [ml/l], WS = 2
# name 15 = sbeox1ML/L: Oxygen, SBE 43, 2 [ml/l], WS = 2
# name 16 = sal00: Salinity, Practical [PSU]
# name 17 = sal11: Salinity, Practical, 2 [PSU]
# name 18 = sigma-t00: Density [sigma-t, kg/m^3 ]
# name 19 = sigma-t11: Density, 2 [sigma-t, kg/m^3 ]
# name 20 = oxsatML/L: Oxygen Saturation, Weiss [ml/l]
# name 21 = flag: flag
# span 0 =         13,      30259       
# span 1 =      1.021,    121.678       
# span 2 =    -1.5632,    11.8843       
# span 3 =    -1.5685,    11.8809       
# span 4 =   2.609729,   3.669168       
# span 5 =   2.609268,   3.668615       
# span 6 =     1.8196,     2.3630       
# span 7 =     2.2103,     2.8796       
# span 8 =      7.771,      8.131       
# span 9 =    -0.6019,     0.5275       
# span 10 =    -2.8130,   482.1870      
# span 11 = 1.0715e-01, 1.0036e+02      
# span 12 =    -0.1658,     0.0051      
# span 13 =    99.8739,   104.2327      
# span 14 =     6.0494,     8.2549      
# span 15 =     6.1276,     8.7976      
# span 16 =    31.8253,    33.0546      
# span 17 =    31.8118,    33.0173      
# span 18 =    24.1671,    26.5578      
# span 19 =    24.1939,    26.5309      
# span 20 =    6.18553,    8.52416      
# span 21 = 0.0000e+00, 0.0000e+00      
# interval = scans: 3                   
# start_time = Jul 15 2020 10:00:58 [System UTC, header]
# bad_flag = -9.990e-29
*END*
[from data line 2634]
      25064     17.924    10.7030    10.8287   3.582222   3.596253     2.3312     2.8356      8.030     0.1408     7.9648 1.4911e+01    -0.0245   100.6154     6.5046     6.7960    32.0544    32.0836    24.5342    24.5350    6.33883 0.0000e+00
      25067     17.825    11.1215    11.3426   3.621264   3.629785     2.3272     2.8320      8.028     0.1510     7.9648 1.4928e+01    -0.0299   100.7511     6.4353     6.7198    32.0749    31.9664    24.4771    24.3535    6.28059 0.0000e+00
      25070     17.721    11.4258    11.5261   3.640550   3.641335     2.3235     2.8283      8.027     0.1612     7.9253 1.4998e+01    -0.0332   100.8325     6.3887     6.6872    31.9997    31.9207    24.3646    24.2851    6.24235 0.0000e+00
      25073     17.620    11.5791    11.5904   3.649364   3.649509     2.3203     2.8258      8.026     0.1713    50.0100 1.5084e+01    -0.0332   100.8325     6.3647     6.6705    31.9533    31.9449    24.3008    24.2923    6.22359 0.0000e+00
      25076     17.521    11.6594    11.6562   3.654732   3.651098     2.3174     2.8210      8.026     0.1408   458.1048 1.5154e+01    -0.0332   100.8325     6.3517     6.6507    31.9364    31.9038    24.2731    24.2484    6.21352 0.0000e+00
      25079     17.421    11.6698    11.6338   3.654273   3.650749     2.3154     2.8177      8.024     0.0594   481.4764 1.5243e+01    -0.0332   100.8325     6.3526     6.6468    31.9230    31.9197    24.2609    24.2648    6.21266 0.0000e+00
      25082     17.321    11.7012    11.6373   3.657688   3.650903     2.3117     2.8145      8.026     0.0594   480.8842 1.5349e+01    -0.0332   100.8325     6.3455     6.6395    31.9291    31.9183    24.2599    24.2631    6.20823 0.0000e+00
      25085     17.220    11.7399    11.5856   3.660667   3.645309     2.3109     2.8104      8.024     0.0696   481.0026 1.5455e+01    -0.0328   100.8234     6.3464     6.6390    31.9248    31.9083    24.2495    24.2647    6.20325 0.0000e+00
      25088     17.124    11.7529    11.5655   3.661097   3.644732     2.3088     2.8067      8.026     0.0797   481.0026 1.5599e+01    -0.0335   100.8415     6.3469     6.6346    31.9179    31.9201    24.2417    24.2776    6.20178 0.0000e+00
      25091     17.026    11.7634    11.5242   3.661786   3.641195     2.3060     2.8026      8.021     0.0696   481.0026 1.5707e+01    -0.0335   100.8415     6.3455     6.6341    31.9155    31.9213    24.2380    24.2859    6.20048 0.0000e+00
      25094     16.931    11.7381    11.4799   3.659569   3.637687     2.3048     2.8002      8.023     0.0594   481.0026 1.5872e+01    -0.0335   100.8415     6.3520     6.6397    31.9159    31.9253    24.2429    24.2970    6.20384 0.0000e+00
      25097     16.837    11.7155    11.3969   3.657653   3.632057     2.3028     2.7965      8.023     0.0696   481.0026 1.6038e+01    -0.0332   100.8325     6.3546     6.6469    31.9167    31.9421    24.2477    24.3249    6.20681 0.0000e+00
      25100     16.747    11.7069    11.4675   3.658192   3.637196     2.3007     2.7941      8.021     0.0594   336.2330 1.6186e+01    -0.0332   100.8325     6.3545     6.6384    31.9294    31.9313    24.2591    24.3039    6.20746 0.0000e+00
      25103     16.660    11.7228    11.4519   3.658379   3.636620     2.2999     2.7917      8.023     0.0594    -0.9970 1.6318e+01    -0.0332   100.8325     6.3558     6.6410    31.9176    31.9391    24.2471    24.3128    6.20581 0.0000e+00
      25106     16.576    11.7284    11.5588   3.658346   3.645229     2.2983     2.7888      8.021     0.1001     8.7544 1.6470e+01    -0.0343   100.8596     6.3548     6.6255    31.9125    31.9309    24.2420    24.2871    6.20526 0.0000e+00
      25109     16.494    11.7096    11.6518   3.657020   3.650715     2.2954     2.7864      8.023     0.0899     8.5570 1.6623e+01    -0.0385   100.9681     6.3505     6.6146    31.9158    31.9042    24.2481    24.2496    6.20763 0.0000e+00
      25112     16.410    11.6827    11.6824   3.652215   3.653951     2.2946     2.7843      8.021     0.1001     8.5570 1.6738e+01    -0.0385   100.9681     6.3585     6.6124    31.8923    31.9094    24.2347    24.2480    6.21213 0.0000e+00
      25115     16.330    11.6187    11.7060   3.647879   3.656223     2.2938     2.7827      8.022     0.1001     8.5570 1.6894e+01    -0.0385   100.9681     6.3690     6.6116    31.9052    31.9113    24.2563    24.2452    6.22017 0.0000e+00
      25118     16.249    11.5599    11.7068   3.643065   3.656599     2.2918     2.7807      8.023     0.0899     8.5570 1.7032e+01    -0.0385   100.9681     6.3736     6.6128    31.9090    31.9142    24.2700    24.2473    6.22788 0.0000e+00
      25121     16.168    11.5444    11.7171   3.643257   3.656977     2.2913     2.7786      8.024     0.0899     8.5570 1.7130e+01    -0.0385   100.9681     6.3779     6.6128    31.9243    31.9091    24.2846    24.2415    6.22936 0.0000e+00
      25124     16.087    11.5480    11.7049   3.643870   3.656082     2.2905     2.7762      8.025     0.1001     8.5570 1.7249e+01    -0.0385   100.9681     6.3780     6.6140    31.9272    31.9109    24.2862    24.2451    6.22877 0.0000e+00
      25127     16.008    11.6284    11.6806   3.652296   3.653272     2.2893     2.7754      8.023     0.1001   279.6595 1.7390e+01    -0.0378   100.9500     6.3660     6.6219    31.9400    31.9045    24.2815    24.2446    6.21751 0.0000e+00
      25130     15.927    11.6695    11.6172   3.654014   3.648614     2.2877     2.7725      8.021     0.1205   482.1870 1.7531e+01    -0.0375   100.9410     6.3605     6.6280    31.9213    31.9138    24.2596    24.2633    6.21276 0.0000e+00
      25133     15.848    11.6306    11.5930   3.650905   3.647857     2.2869     2.7721      8.022     0.1205   480.7658 1.7632e+01    -0.0375   100.9410     6.3674     6.6367    31.9246    31.9274    24.2692    24.2782    6.21782 0.0000e+00
      25136     15.765    11.6201    11.5879   3.650214   3.646378     2.2865     2.7709      8.022     0.1205   481.0026 1.7673e+01    -0.0375   100.9410     6.3699     6.6396    31.9269    31.9174    24.2729    24.2714    6.21913 0.0000e+00
      25139     15.683    11.6427    11.5808   3.651245   3.644788     2.2857     2.7697      8.021     0.1307   481.0026 1.7755e+01    -0.0382   100.9591     6.3669     6.6430    31.9176    31.9081    24.2616    24.2654    6.21649 0.0000e+00
      25142     15.602    11.6672    11.5806   3.652630   3.646580     2.2844     2.7693      8.021     0.1205   481.0026 1.7796e+01    -0.0378   100.9500     6.3623     6.6464    31.9100    31.9256    24.2512    24.2791    6.21350 0.0000e+00
      25145     15.521    11.6940    11.6057   3.654602   3.647930     2.2836     2.7681      8.021     0.1103   481.0026 1.7796e+01    -0.0375   100.9410     6.3590     6.6441    31.9061    31.9173    24.2434    24.2681    6.21008 0.0000e+00
      25148     15.440    11.7225    11.6315   3.654672   3.647704     2.2832     2.7676      8.021     0.1307   481.0026 1.7837e+01    -0.0364   100.9139     6.3577     6.6443    31.8823    31.8928    24.2197    24.2444    6.20721 0.0000e+00
      25151     15.355    11.7369    11.6197   3.655197   3.645430     2.2820     2.7660      8.021     0.1205   480.7263 1.7837e+01    -0.0364   100.9139     6.3546     6.6442    31.8751    31.8810    24.2115    24.2373    6.20558 0.0000e+00
      25154     15.269    11.7851    11.5931   3.659359   3.645439     2.2820     2.7660      8.021     0.1205    80.0140 1.7858e+01    -0.0364   100.9139     6.3503     6.6489    31.8741    31.9039    24.2019    24.2600    6.19920 0.0000e+00
      25157     15.185    11.7992    11.5882   3.659128   3.645937     2.2820     2.7656      8.023     0.0899     9.0307 1.7817e+01    -0.0364   100.9139     6.3503     6.6488    31.8599    31.9130    24.1882    24.2680    6.19789 0.0000e+00
      25160     15.100    11.7846    11.6190   3.654662   3.648458     2.2808     2.7648      8.023     0.1001    12.3075 1.7858e+01    -0.0364   100.9139     6.3516     6.6434    31.8291    31.9111    24.1671    24.2609    6.20103 0.0000e+00
      25163     15.015    11.7393    11.6442   3.650248   3.650258     2.2800     2.7636      8.023     0.0899    12.1101 1.7858e+01    -0.0364   100.9139     6.3573     6.6373    31.8253    31.9070    24.1723    24.2531    6.20720 0.0000e+00
      25166     14.929    11.7134    11.6589   3.654358   3.652589     2.2800     2.7628      8.021     0.0899    12.1496 1.7858e+01    -0.0360   100.9048     6.3591     6.6339    31.8873    31.9170    24.2252    24.2582    6.20823 0.0000e+00
      25169     14.842    11.7251    11.6650   3.655859   3.652547     2.2800     2.7628      8.021     0.0899    12.1101 1.7920e+01    -0.0364   100.9139     6.3566     6.6337    31.8919    31.9114    24.2267    24.2527    6.20650 0.0000e+00
      25172     14.750    11.6922    11.6154   3.653033   3.648585     2.2787     2.7620      8.021     0.1103    12.1101 1.7983e+01    -0.0364   100.9139     6.3565     6.6381    31.8927    31.9156    24.2333    24.2650    6.21084 0.0000e+00
      25175     14.660    11.6958    11.5909   3.654700   3.646129     2.2783     2.7607      8.021     0.0899    12.1101 1.8045e+01    -0.0364   100.9139     6.3550     6.6379    31.9059    31.9129    24.2428    24.2673    6.20985 0.0000e+00
      25178     14.567    11.6853    11.5873   3.652971   3.644955     2.2783     2.7603      8.023     0.0899    79.3429 1.8150e+01    -0.0360   100.9048     6.3575     6.6380    31.8982    31.9046    24.2388    24.2616    6.21155 0.0000e+00
      25181     14.470    11.7035    11.5570   3.654935   3.643205     2.2775     2.7599      8.024     0.1001   470.6196 1.8297e+01    -0.0360   100.9048     6.3541     6.6427    31.9016    31.9137    24.2381    24.2741    6.20899 0.0000e+00
      25184     14.371    11.7261    11.5729   3.657878   3.646081     2.2775     2.7591      8.021     0.0899   481.3185 1.8510e+01    -0.0364   100.9139     6.3525     6.6400    31.9108    31.9280    24.2412    24.2824    6.20563 0.0000e+00
      25187     14.267    11.7421    11.6537   3.657713   3.651670     2.2767     2.7587      8.021     0.1103   480.9631 1.8725e+01    -0.0360   100.9048     6.3510     6.6311    31.8955    31.9128    24.2263    24.2559    6.20409 0.0000e+00
      25190     14.162    11.7227    11.6756   3.655889   3.652947     2.2755     2.7583      8.023     0.0899   481.0026 1.8943e+01    -0.0375   100.9410     6.3521     6.6308    31.8946    31.9065    24.2292    24.2470    6.20672 0.0000e+00
      25193     14.054    11.6846    11.6785   3.652523   3.652944     2.2751     2.7575      8.021     0.1103   481.0026 1.9075e+01    -0.0375   100.9410     6.3594     6.6307    31.8946    31.9039    24.2362    24.2445    6.21179 0.0000e+00
      25196     13.941    11.6373    11.6479   3.651204   3.649310     2.2755     2.7558      8.023     0.1001   481.0026 1.9341e+01    -0.0375   100.9410     6.3709     6.6347    31.9225    31.8950    24.2664    24.2431    6.21701 0.0000e+00
      25199     13.826    11.6618    11.6364   3.653250   3.649900     2.2751     2.7562      8.024     0.0899   481.0026 1.9589e+01    -0.0375   100.9410     6.3700     6.6400    31.9213    31.9106    24.2611    24.2573    6.21378 0.0000e+00
      25202     13.710    11.6910    11.6738   3.656569   3.653609     2.2751     2.7562      8.023     0.0899   481.0026 1.9862e+01    -0.0375   100.9410     6.3699     6.6380    31.9286    31.9146    24.2613    24.2536    6.20961 0.0000e+00
      25205     13.593    11.7330    11.6905   3.659254   3.654818     2.2746     2.7562      8.023     0.0899   298.2147 2.0163e+01    -0.0375   100.9410     6.3666     6.6403    31.9186    31.9120    24.2459    24.2486    6.20441 0.0000e+00
      25208     13.475    11.7514    11.7036   3.660181   3.655238     2.2751     2.7566      8.023     0.0797     2.0429 2.0445e+01    -0.0375   100.9410     6.3684     6.6439    31.9117    31.9049    24.2373    24.2406    6.20222 0.0000e+00
      25211     13.355    11.7642    11.6727   3.661075   3.651564     2.2763     2.7566      8.021     0.0492    13.2944 2.0755e+01    -0.0385   100.9681     6.3733     6.6526    31.9095    31.8958    24.2332    24.2393    6.20061 0.0000e+00
      25214     13.233    11.7667    11.6462   3.660780   3.649983     2.2751     2.7571      8.023     0.0594    12.8207 2.1093e+01    -0.0385   100.9681     6.3697     6.6609    31.9045    31.9033    24.2289    24.2498    6.20047 0.0000e+00
      25217     13.112    11.7468    11.6218   3.657933   3.647355     2.2759     2.7562      8.023     0.0594    12.8207 2.1363e+01    -0.0385   100.9681     6.3754     6.6647    31.8941    31.8988    24.2243    24.2508    6.20352 0.0000e+00
      25220     12.992    11.7104    11.5997   3.655425   3.646141     2.2763     2.7571      8.021     0.0594    12.8207 2.1687e+01    -0.0385   100.9681     6.3805     6.6709    31.9010    31.9061    24.2364    24.2604    6.20810 0.0000e+00
      25223     12.874    11.7125    11.5900   3.656487   3.645433     2.2763     2.7566      8.023     0.0696    12.8207 2.1914e+01    -0.0385   100.9681     6.3801     6.6706    31.9096    31.9076    24.2427    24.2634    6.20748 0.0000e+00
      25226     12.758    11.7184    11.5865   3.657091   3.645623     2.2771     2.7575      8.021     0.0797    12.8207 2.2143e+01    -0.0385   100.9681     6.3810     6.6731    31.9104    31.9124    24.2422    24.2678    6.20666 0.0000e+00
      25229     12.642    11.7266    11.5893   3.657447   3.645428     2.2763     2.7587      8.021     0.0594    12.8207 2.2374e+01    -0.0382   100.9591     6.3761     6.6750    31.9069    31.9082    24.2381    24.2640    6.20571 0.0000e+00
      25232     12.528    11.7065    11.5655   3.655175   3.643857     2.2759     2.7579      8.021     0.0594   323.0470 2.2661e+01    -0.0385   100.9681     6.3744     6.6742    31.9022    31.9134    24.2381    24.2724    6.20858 0.0000e+00
      25235     12.416    11.6819    11.5887   3.652876   3.645888     2.2755     2.7587      8.023     0.1001   482.1475 2.2871e+01    -0.0385   100.9681     6.3749     6.6726    31.9010    31.9133    24.2416    24.2681    6.21189 0.0000e+00
      25238     12.308    11.6553    11.6449   3.651127   3.647799     2.2759     2.7583      8.021     0.1205   480.8052 2.3057e+01    -0.0378   100.9500     6.3787     6.6642    31.9070    31.8836    24.2511    24.2348    6.21521 0.0000e+00
      25241     12.199    11.6588    11.5888   3.651482   3.644989     2.2759     2.7587      8.023     0.1103   481.0026 2.3217e+01    -0.0385   100.9681     6.3765     6.6717    31.9075    31.9045    24.2508    24.2612    6.21473 0.0000e+00
      25244     12.096    11.6539    11.5791   3.650933   3.644711     2.2759     2.7579      8.024     0.1307   481.0026 2.3352e+01    -0.0382   100.9591     6.3758     6.6695    31.9064    31.9102    24.2509    24.2674    6.21543 0.0000e+00
      25247     12.002    11.6518    11.5856   3.650919   3.646142     2.2763     2.7583      8.024     0.1205   481.0026 2.3461e+01    -0.0382   100.9591     6.3756     6.6675    31.9080    31.9186    24.2526    24.2727    6.21563 0.0000e+00
      25250     11.911    11.6514    11.6455   3.651113   3.650896     2.2759     2.7587      8.023     0.1205   481.0026 2.3542e+01    -0.0396   100.9952     6.3756     6.6587    31.9104    31.9133    24.2544    24.2578    6.21561 0.0000e+00
      25253     11.827    11.6785    11.7204   3.654574   3.655252     2.2755     2.7575      8.024     0.1408   481.0026 2.3651e+01    -0.0396   100.9952     6.3710     6.6452    31.9207    31.8912    24.2575    24.2270    6.21158 0.0000e+00
      25256     11.749    11.7221    11.7845   3.658468   3.660789     2.2751     2.7579      8.023     0.1307   468.2114 2.3733e+01    -0.0396   100.9952     6.3623     6.6382    31.9210    31.8900    24.2499    24.2143    6.20577 0.0000e+00
