Datasets/AZMP/TEL210/tel210_2020_009.cnv
* Sea-Bird SBE 9 Data File:
* FileName = C:\CTDDATA\tel210_2020_009.hex
* Software Version Seasave V 7.26.7.110
* Temperature SN = 1697
* Conductivity SN = 4216
* Number of Bytes Per Scan = 30
* Number of Voltage Words = 4
* Number of Scans Averaged by the Deck Unit = 1
* NMEA baud rate = 4800
** VESSEL/TRIP/SEQ STN:  tel210_2020_009
** LATITUDE XX XX.XX: 47 00.00 N
** LONGITUDE XX XX.XX: 051 00.00 W
** SOUNDING DEPTH (M): 0108
** PROBE TYPE: S1146
** CTD NUMBER: 008
** COMMENTS (14 CHAR): FC-07
** BOTTLES:  8
** LEVELS: 5,10,20,30,40,50,75,BTM
** STICKERS: 435797 - 435804
** VNET: Y
** DO2: N
# nquan = 22
# nvalues = 2359                        
# units = specified
# name 0 = scan: Scan Count
# name 1 = prDM: Pressure, Digiquartz [db]
# name 2 = t090C: Temperature [ITS-90, deg C]
# name 3 = t190C: Temperature, 2 [ITS-90, deg C]
# name 4 = c0S/m: Conductivity [S/m]
# name 5 = c1S/m: Conductivity, 2 [S/m]
# name 6 = sbeox0V: Oxygen raw, SBE 43 [V]
# name 7 = sbeox1V: Oxygen raw, SBE 43, 2 [V]
# name 8 = ph: pH
# name 9 = flECO-AFL: Fluorescence, WET Labs ECO-AFL/FL [mg/m^3]
# name 10 = wetCDOM: Fluorescence, WET Labs CDOM [mg/m^3]
# name 11 = par/sat/log: PAR/Logarithmic, Satlantic [umol photons/m^2/sec]
# name 12 = CStarAt0: Beam Attenuation, WET Labs C-Star [1/m]
# name 13 = CStarTr0: Beam Transmission, WET Labs C-Star [%]
# name 14 = sbeox0ML/L: Oxygen, SBE 43 [ml/l], WS = 2
# name 15 = sbeox1ML/L: Oxygen, SBE 43, 2 [ml/l], WS = 2
# name 16 = sal00: Salinity, Practical [PSU]
# name 17 = sal11: Salinity, Practical, 2 [PSU]
# name 18 = sigma-t00: Density [sigma-t, kg/m^3 ]
# name 19 = sigma-t11: Density, 2 [sigma-t, kg/m^3 ]
# name 20 = oxsatML/L: Oxygen Saturation, Weiss [ml/l]
# name 21 = flag: flag
# span 0 =         37,      30106       
# span 1 =      1.029,    106.013       
# span 2 =    -0.4339,    11.5401       
# span 3 =    -0.4386,    11.5357       
# span 4 =   2.718522,   3.660563       
# span 5 =   2.718079,   3.659939       
# span 6 =     1.8293,     2.4163       
# span 7 =     2.2171,     2.9438       
# span 8 =      7.775,      8.140       
# span 9 =    -0.5714,     0.9853       
# span 10 =    -2.8130,   482.1870      
# span 11 = 1.0715e-01, 1.5498e+02      
# span 12 =    -0.1299,     0.0719      
# span 13 =    98.2190,   103.3012      
# span 14 =     6.0899,     8.2855      
# span 15 =     6.2337,     8.8024      
# span 16 =    32.0018,    32.9521      
# span 17 =    32.0974,    32.9515      
# span 18 =    24.4219,    26.4724      
# span 19 =    24.4213,    26.4721      
# span 20 =    6.22306,    8.25365      
# span 21 = 0.0000e+00, 0.0000e+00      
# interval = scans: 3                   
# start_time = Jul 15 2020 19:08:20 [System UTC, header]
# bad_flag = -9.990e-29
*END*
[from data line 1844]
      15967     40.798     1.5116     1.4768   2.835993   2.833773     2.2538     2.7610      8.081     0.0085     1.3323 5.9681e+00    -0.1201   103.0480     8.2391     8.7122    32.4534    32.4613    25.9658    25.9744    7.86737 0.0000e+00
      15970     40.734     1.4899     1.4661   2.835041   2.833232     2.2538     2.7614      8.079     0.1001     1.3323 5.9958e+00    -0.1205   103.0571     8.2405     8.7111    32.4639    32.4657    25.9756    25.9786    7.87124 0.0000e+00
      15973     40.662     1.4946     1.4568   2.835662   2.833273     2.2538     2.7622      8.083     0.0899     1.3323 6.0236e+00    -0.1201   103.0480     8.2364     8.7068    32.4668    32.4758    25.9777    25.9873    7.87011 0.0000e+00
      15976     40.578     1.5175     1.4863   2.837682   2.835615     2.2542     2.7626      8.083     0.1103     1.3323 6.0655e+00    -0.1205   103.0571     8.2306     8.6908    32.4688    32.4749    25.9777    25.9847    7.86535 0.0000e+00
      15979     40.486     1.5620     1.5138   2.840417   2.836900     2.2558     2.7647      8.083     0.1103     1.3323 6.1077e+00    -0.1205   103.0571     8.2250     8.6837    32.4573    32.4627    25.9655    25.9731    7.85690 0.0000e+00
      15982     40.384     1.5762     1.5422   2.841415   2.839178     2.2546     2.7647      8.083     0.0797     2.0824 6.1289e+00    -0.1205   103.0571     8.2121     8.6655    32.4553    32.4622    25.9629    25.9708    7.85413 0.0000e+00
      15985     40.274     1.6036     1.5851   2.843490   2.842059     2.2567     2.7655      8.083     0.0797     2.2798 6.1717e+00    -0.1212   103.0752     8.2133     8.6496    32.4532    32.4542    25.9594    25.9615    7.84867 0.0000e+00
      15988     40.158     1.6199     1.6090   2.844584   2.843489     2.2563     2.7659      8.083     0.0797     2.2798 6.2218e+00    -0.1247   103.1656     8.2050     8.6380    32.4501    32.4476    25.9558    25.9546    7.84552 0.0000e+00
      15991     40.037     1.6298     1.6111   2.845177   2.843449     2.2567     2.7659      8.083     0.0899     2.2798 6.2723e+00    -0.1243   103.1566     8.2034     8.6328    32.4475    32.4450    25.9531    25.9523    7.84367 0.0000e+00
      15994     39.913     1.6369     1.6172   2.846030   2.844864     2.2567     2.7663      8.083     0.0289     2.2798 6.3306e+00    -0.1240   103.1475     8.1997     8.6248    32.4510    32.4567    25.9554    25.9613    7.84204 0.0000e+00
      15997     39.787     1.6526     1.6387   2.847384   2.845852     2.2579     2.7659      8.083    -0.0322     2.2798 6.3821e+00    -0.1243   103.1566     8.1998     8.6132    32.4518    32.4469    25.9549    25.9520    7.83881 0.0000e+00
      16000     39.659     1.6703     1.6324   2.848600   2.845354     2.2587     2.7659      8.083    -0.0424     2.2798 6.4414e+00    -0.1247   103.1656     8.1971     8.6090    32.4490    32.4473    25.9515    25.9527    7.83538 0.0000e+00
      16003     39.534     1.6864     1.6534   2.850050   2.847773     2.2575     2.7671      8.083    -0.0322     2.2798 6.5012e+00    -0.1247   103.1656     8.1868     8.6038    32.4506    32.4561    25.9517    25.9583    7.83203 0.0000e+00
      16006     39.415     1.7049     1.6904   2.851027   2.850349     2.2587     2.7671      8.083    -0.0322     2.3193 6.5768e+00    -0.1236   103.1385     8.1861     8.5942    32.4439    32.4504    25.9451    25.9512    7.82866 0.0000e+00
      16009     39.307     1.7029     1.7215   2.850643   2.852639     2.2591     2.7680      8.083    -0.0322     3.0694 6.6456e+00    -0.1236   103.1385     8.1873     8.5876    32.4412    32.4471    25.9430    25.9465    7.82920 0.0000e+00
      16012     39.208     1.7149     1.7441   2.852104   2.854238     2.2591     2.7680      8.082    -0.0220     3.1089 6.7074e+00    -0.1233   103.1294     8.1841     8.5843    32.4472    32.4439    25.9470    25.9424    7.82645 0.0000e+00
      16015     39.125     1.7351     1.7631   2.853468   2.855473     2.2599     2.7680      8.082    -0.0220     3.1089 6.7462e+00    -0.1236   103.1385     8.1810     8.5824    32.4436    32.4399    25.9427    25.9378    7.82258 0.0000e+00
      16018     39.054     1.7484     1.7767   2.854315   2.856379     2.2595     2.7671      8.084    -0.0424     3.1089 6.7697e+00    -0.1236   103.1385     8.1705     8.5784    32.4406    32.4373    25.9394    25.9348    7.82005 0.0000e+00
      16021     38.990     1.7497     1.7911   2.854232   2.857835     2.2603     2.7684      8.082    -0.1644     3.1089 6.8089e+00    -0.1236   103.1385     8.1732     8.5787    32.4382    32.4407    25.9374    25.9365    7.81991 0.0000e+00
      16024     38.938     1.7570     1.8038   2.854810   2.858395     2.2607     2.7680      8.082    -0.1848     3.1089 6.8247e+00    -0.1233   103.1294     8.1736     8.5733    32.4380    32.4348    25.9367    25.9309    7.81844 0.0000e+00
      16027     38.895     1.7387     1.7975   2.853028   2.858145     2.2607     2.7684      8.082    -0.1848     3.1089 6.8563e+00    -0.1243   103.1566     8.1788     8.5754    32.4345    32.4381    25.9352    25.9340    7.82232 0.0000e+00
      16394     38.864     1.7998     1.8605   2.858501   2.863599     2.2660     2.7757      8.083    -0.2153     2.2403 6.3761e+00    -0.1247   103.1656     8.1610     8.5566    32.4402    32.4416    25.9354    25.9323    7.80978 0.0000e+00
      17124     38.798     1.9544     2.0023   2.871343   2.875434     2.2762     2.7879      8.085    -0.2662     0.5032 5.4346e+00    -0.1247   103.1656     8.1241     8.5050    32.4419    32.4438    25.9259    25.9239    7.77863 0.0000e+00
      17127     38.717     1.9599     2.0168   2.872049   2.876819     2.2762     2.7867      8.086    -0.2662     0.5032 5.4851e+00    -0.1240   103.1475     8.1188     8.4954    32.4451    32.4462    25.9280    25.9248    7.77736 0.0000e+00
      17130     38.644     1.9749     2.0384   2.873567   2.878465     2.2762     2.7871      8.083    -0.2764     0.5032 5.5169e+00    -0.1247   103.1656     8.1105     8.4927    32.4487    32.4446    25.9298    25.9219    7.77418 0.0000e+00
      17133     38.588     2.0205     2.0530   2.877233   2.879529     2.2750     2.7851      8.086    -0.2764     0.6611 5.5554e+00    -0.1240   103.1475     8.0915     8.4808    32.4476    32.4429    25.9256    25.9195    7.76515 0.0000e+00
      17136     38.546     2.0394     2.0565   2.878092   2.879707     2.2746     2.7851      8.086    -0.2662     0.7401 5.5682e+00    -0.1240   103.1475     8.0891     8.4793    32.4390    32.4416    25.9174    25.9182    7.76184 0.0000e+00
      18147     38.504     1.9691     2.0439   2.873199   2.879507     2.2835     2.7944      8.086    -0.2357     2.3982 6.8216e+00    -0.1275   103.2379     8.2245     8.6030    32.4501    32.4520    25.9314    25.9274    7.77528 0.0000e+00
      18654     38.442     1.9618     2.0648   2.873143   2.880786     2.2880     2.8001      8.086    -0.2153     3.2273 7.4774e+00    -0.1278   103.2470     8.2855     8.6700    32.4570    32.4466    25.9374    25.9215    7.77637 0.0000e+00
      18657     38.383     2.0907     2.0952   2.881682   2.882306     2.2884     2.7989      8.086    -0.2051     3.2273 7.4947e+00    -0.1278   103.2470     8.2586     8.6669    32.4312    32.4343    25.9073    25.9095    7.75206 0.0000e+00
      18660     38.324     2.2526     2.0719   2.892227   2.880602     2.2888     2.7989      8.083    -0.1848     3.2273 7.5207e+00    -0.1278   103.2470     8.2251     8.6856    32.3965    32.4371    25.8675    25.9134    7.72181 0.0000e+00
      18663     38.270     2.3067     2.0833   2.896011   2.881920     2.2897     2.8001      8.083    -0.2458     3.2273 7.5294e+00    -0.1278   103.2470     8.2219     8.7033    32.3882    32.4417    25.8567    25.9163    7.71158 0.0000e+00
      18666     38.223     2.3726     2.1263   2.903845   2.886256     2.2905     2.8013      8.083    -0.2458     3.2273 7.5643e+00    -0.1278   103.2470     8.2129     8.7141    32.4179    32.4516    25.8753    25.9211    7.69712 0.0000e+00
      18669     38.179     2.4255     2.1032   2.909466   2.883898     2.2909     2.8038      8.080    -0.2356     3.2273 7.5818e+00    -0.1278   103.2470     8.2048     8.7485    32.4332    32.4461    25.8835    25.9183    7.68595 0.0000e+00
      18672     38.140     2.4261     2.0940   2.908554   2.883031     2.2925     2.8050      8.081    -0.2356     3.2273 7.5818e+00    -0.1271   103.2289     8.2176     8.7747    32.4215    32.4447    25.8741    25.9179    7.68645 0.0000e+00
      18675     38.103     2.4147     2.1602   2.908994   2.889013     2.2937     2.8066      8.080    -0.2458     3.0299 7.5906e+00    -0.1247   103.1656     8.2316     8.7825    32.4385    32.4512    25.8886    25.9182    7.68781 0.0000e+00
      18678     38.064     2.4248     2.2047   2.911115   2.892891     2.2937     2.8087      8.080    -0.2458     1.6876 7.5906e+00    -0.1247   103.1656     8.2309     8.7926    32.4543    32.4539    25.9004    25.9170    7.68500 0.0000e+00
      18681     38.027     2.4543     2.2346   2.912461   2.895351     2.2937     2.8103      8.080    -0.2356     1.6876 7.5994e+00    -0.1240   103.1475     8.2264     8.8020    32.4409    32.4537    25.8874    25.9146    7.67994 0.0000e+00
      18684     37.990     2.4596     2.2902   2.913196   2.899604     2.2958     2.8132      8.081    -0.2458     1.6876 7.5906e+00    -0.1240   103.1475     8.2337     8.8024    32.4446    32.4496    25.8899    25.9071    7.67871 0.0000e+00
      18687     37.949     2.5068     2.3464   2.918148   2.904443     2.2966     2.8156      8.079    -0.2356     1.6876 7.6082e+00    -0.1243   103.1566     8.2241     8.7947    32.4574    32.4520    25.8965    25.9046    7.66884 0.0000e+00
      18690     37.906     2.5381     2.4178   2.919593   2.909300     2.2970     2.8180      8.079    -0.2051     1.6876 7.6082e+00    -0.1247   103.1656     8.2158     8.7779    32.4434    32.4392    25.8828    25.8889    7.66347 0.0000e+00
      18693     37.859     2.5737     2.4107   2.922512   2.908768     2.2978     2.8197      8.079    -0.2255     1.6876 7.6082e+00    -0.1250   103.1747     8.2057     8.7783    32.4431    32.4399    25.8796    25.8900    7.65656 0.0000e+00
      18696     37.800     2.5980     2.3714   2.922897   2.906492     2.2986     2.8221      8.079    -0.2153     1.6876 7.6170e+00    -0.1268   103.2199     8.1984     8.7846    32.4232    32.4519    25.8618    25.9026    7.65287 0.0000e+00
      18699     37.738     2.5701     2.2921   2.919296   2.899688     2.3007     2.8242      8.079    -0.1950     1.6876 7.6346e+00    -0.1261   103.2018     8.2093     8.7960    32.4074    32.4488    25.8514    25.9063    7.65909 0.0000e+00
      18702     37.671     2.5297     2.2315   2.917914   2.894922     2.3003     2.8254      8.079    -0.1950     0.4638 7.6611e+00    -0.1264   103.2108     8.2070     8.7973    32.4315    32.4518    25.8739    25.9133    7.66571 0.0000e+00
      18705     37.594     2.5270     2.2198   2.919588   2.893843     2.3011     2.8270      8.079    -0.2051    -1.5497 7.6878e+00    -0.1268   103.2199     8.1988     8.7850    32.4548    32.4504    25.8928    25.9131    7.66504 0.0000e+00
      18708     37.509     2.5850     2.2131   2.924930   2.894010     2.3019     2.8282      8.079    -0.2153    -1.3918 7.7056e+00    -0.1268   103.2199     8.1729     8.7668    32.4615    32.4594    25.8934    25.9208    7.65342 0.0000e+00
      18711     37.410     2.6688     2.3130   2.932958   2.905220     2.3027     2.8282      8.079    -0.1950    -1.4707 7.7503e+00    -0.1264   103.2108     8.1442     8.7157    32.4747    32.4960    25.8972    25.9424    7.63650 0.0000e+00
      18714     37.304     2.7199     2.4446   2.937316   2.915686     2.3023     2.8294      8.079    -0.2662    -1.4707 7.8042e+00    -0.1243   103.1566     8.1172     8.6656    32.4762    32.4908    25.8943    25.9281    7.62655 0.0000e+00
      18717     37.190     2.7837     2.6151   2.942831   2.929931     2.3027     2.8298      8.078    -0.2967    -1.4313 7.8767e+00    -0.1236   103.1385     8.0894     8.6031    32.4789    32.4923    25.8911    25.9156    7.61411 0.0000e+00
      18720     37.065     2.8316     2.7183   2.946048   2.937924     2.3023     2.8294      8.078    -0.2967    -1.4313 7.9316e+00    -0.1236   103.1385     8.0633     8.5541    32.4697    32.4854    25.8799    25.9017    7.60538 0.0000e+00
      18723     36.939     2.8536     2.7590   2.947844   2.937840     2.3023     2.8294      8.076    -0.3069    -1.3918 8.0145e+00    -0.1236   103.1385     8.0468     8.5268    32.4693    32.4432    25.8777    25.8647    7.60116 0.0000e+00
      18726     36.806     2.8755     2.7053   2.950098   2.933536     2.3019     2.8294      8.076    -0.3069    -1.4707 8.0703e+00    -0.1236   103.1385     8.0284     8.5203    32.4747    32.4451    25.8801    25.8706    7.59669 0.0000e+00
      18729     36.660     2.9120     2.8440   2.953364   2.950565     2.3019     2.8290      8.076    -0.2866    -0.4837 8.1831e+00    -0.1236   103.1385     8.0117     8.4635    32.4776    32.5123    25.8794    25.9127    7.58956 0.0000e+00
      18732     36.511     2.9509     3.0469   2.956915   2.966179     2.3011     2.8282      8.075    -0.3069     0.0295 8.2783e+00    -0.1236   103.1385     7.9920     8.4009    32.4816    32.4969    25.8792    25.8833    7.58193 0.0000e+00
      18735     36.362     3.0174     3.1267   2.964682   2.971398     2.3007     2.8270      8.074    -0.3069     0.0295 8.3649e+00    -0.1236   103.1385     7.9682     8.3678    32.5087    32.4797    25.8952    25.8626    7.56788 0.0000e+00
      18738     36.206     3.0801     3.1749   2.967448   2.976282     2.3003     2.8270      8.072    -0.2866     0.0295 8.4524e+00    -0.1236   103.1385     7.9513     8.3437    32.4789    32.4903    25.8661    25.8668    7.55745 0.0000e+00
      18741     36.045     3.1154     3.2221   2.971663   2.980047     2.2994     2.8254      8.074    -0.2356     0.0295 8.5605e+00    -0.1236   103.1385     7.9361     8.3209    32.4945    32.4883    25.8754    25.8611    7.54997 0.0000e+00
      18744     35.888     3.2011     3.2763   2.979628   2.984998     2.2994     2.8237      8.072    -0.2356     0.0295 8.6500e+00    -0.1236   103.1385     7.9196     8.2971    32.5044    32.4934    25.8758    25.8603    7.53325 0.0000e+00
      18747     35.731     3.2650     3.3456   2.983730   2.990092     2.2986     2.8233      8.072    -0.2458     0.0295 8.7405e+00    -0.1236   103.1385     7.9066     8.2758    32.4896    32.4852    25.8583    25.8476    7.52193 0.0000e+00
      18750     35.572     3.2903     3.3552   2.985595   2.989736     2.2978     2.8209      8.071    -0.2560     0.0295 8.8422e+00    -0.1236   103.1385     7.9000     8.2647    32.4867    32.4714    25.8538    25.8357    7.51732 0.0000e+00
      18753     35.416     3.3024     3.3449   2.986144   2.988041     2.2982     2.8201      8.071    -0.2458     0.0295 8.9553e+00    -0.1219   103.0932     7.9042     8.2649    32.4812    32.4614    25.8483    25.8287    7.51531 0.0000e+00
      18756     35.262     3.3224     3.3091   2.987347   2.984073     2.2974     2.8197      8.071    -0.2458     0.3453 9.0490e+00    -0.1173   102.9757     7.9026     8.2740    32.4757    32.4497    25.8421    25.8226    7.51184 0.0000e+00
      18759     35.106     3.3188     3.2851   2.986017   2.983463     2.2970     2.8184      8.071    -0.2356     0.3453 9.1542e+00    -0.1173   102.9757     7.9074     8.2771    32.4634    32.4665    25.8327    25.8382    7.51312 0.0000e+00
      18762     34.953     3.2884     3.3101   2.982799   2.984937     2.2966     2.8168      8.071    -0.2560     0.3848 9.2713e+00    -0.1173   102.9757     7.9174     8.2706    32.4553    32.4593    25.8289    25.8301    7.51925 0.0000e+00
