Datasets/AZMP/TEL210/tel210_2020_054.cnv
* Sea-Bird SBE 9 Data File:
* FileName = C:\CTDDATA\tel210_2020_054.hex
* Software Version Seasave V 7.26.7.110
* Temperature SN = 1697
* Conductivity SN = 4216
* Number of Bytes Per Scan = 30
* Number of Voltage Words = 4
* Number of Scans Averaged by the Deck Unit = 1
* NMEA baud rate = 4800
** VESSEL/TRIP/SEQ STN:  tel210_2020_054
** LATITUDE XX XX.XX: 49 01.50 N
** LONGITUDE XX XX.XX: 052 04.00 W
** SOUNDING DEPTH (M): 0289
** PROBE TYPE: S1146
** CTD NUMBER: 044
** COMMENTS (14 CHAR): BB-05
** BOTTLES:  11
** LEVELS: 5,10,20,30,40,50,75,100,150,250,BTM
** STICKERS: 436075 - 436085
** VNET: Y
** DO2: N
# nquan = 22
# nvalues = 6681                        
# units = specified
# name 0 = scan: Scan Count
# name 1 = prDM: Pressure, Digiquartz [db]
# name 2 = t090C: Temperature [ITS-90, deg C]
# name 3 = t190C: Temperature, 2 [ITS-90, deg C]
# name 4 = c0S/m: Conductivity [S/m]
# name 5 = c1S/m: Conductivity, 2 [S/m]
# name 6 = sbeox0V: Oxygen raw, SBE 43 [V]
# name 7 = sbeox1V: Oxygen raw, SBE 43, 2 [V]
# name 8 = ph: pH
# name 9 = flECO-AFL: Fluorescence, WET Labs ECO-AFL/FL [mg/m^3]
# name 10 = wetCDOM: Fluorescence, WET Labs CDOM [mg/m^3]
# name 11 = par/sat/log: PAR/Logarithmic, Satlantic [umol photons/m^2/sec]
# name 12 = CStarAt0: Beam Attenuation, WET Labs C-Star [1/m]
# name 13 = CStarTr0: Beam Transmission, WET Labs C-Star [%]
# name 14 = sbeox0ML/L: Oxygen, SBE 43 [ml/l], WS = 2
# name 15 = sbeox1ML/L: Oxygen, SBE 43, 2 [ml/l], WS = 2
# name 16 = sal00: Salinity, Practical [PSU]
# name 17 = sal11: Salinity, Practical, 2 [PSU]
# name 18 = sigma-t00: Density [sigma-t, kg/m^3 ]
# name 19 = sigma-t11: Density, 2 [sigma-t, kg/m^3 ]
# name 20 = oxsatML/L: Oxygen Saturation, Weiss [ml/l]
# name 21 = flag: flag
# span 0 =          2,      48248       
# span 1 =      0.824,    286.550       
# span 2 =    -1.0611,    11.1381       
# span 3 =    -1.0826,    11.1345       
# span 4 =   2.657893,   3.551442       
# span 5 =   2.656681,   3.551899       
# span 6 =     1.7571,     2.5293       
# span 7 =     2.1082,     3.1023       
# span 8 =      7.909,      8.316       
# span 9 =     0.6346,     1.7351       
# span 10 =    -2.8130,   482.1870      
# span 11 = 1.0690e-01, 2.3800e+02      
# span 12 =    -0.1436,     0.3352      
# span 13 =    91.9611,   103.6539      
# span 14 =     5.7166,     9.1790      
# span 15 =     5.9559,     9.6297      
# span 16 =    31.3567,    34.5513      
# span 17 =    31.3580,    34.5506      
# span 18 =    23.9161,    27.5230      
# span 19 =    23.9192,    27.5191      
# span 20 =    6.30634,    8.40123      
# span 21 = 0.0000e+00, 0.0000e+00      
# interval = scans: 3                   
# start_time = Jul 21 2020 10:37:26 [System UTC, header]
# bad_flag = -9.990e-29
*END*
[from data line 1252]
       4298    125.170    -0.4703    -0.4893   2.747039   2.746451     1.9734     2.3845      7.984     0.7616     2.5167 1.0715e-01    -0.1373   103.4911     7.3107     7.6138    33.3616    33.3746    26.8050    26.8164    8.23857 0.0000e+00
       4301    125.313    -0.4831    -0.5065   2.745738   2.745218     1.9730     2.3849      7.984     0.7616     2.5167 1.0715e-01    -0.1373   103.4911     7.3123     7.6222    33.3581    33.3769    26.8028    26.8189    8.24160 0.0000e+00
       4304    125.455    -0.4944    -0.5151   2.745290   2.744723     1.9734     2.3841      7.984     0.7722     2.2009 1.0715e-01    -0.1373   103.4911     7.3184     7.6198    33.3644    33.3796    26.8084    26.8215    8.24374 0.0000e+00
       4307    125.591    -0.5018    -0.5150   2.745364   2.744991     1.9730     2.3833      7.984     0.7616     0.9375 1.0715e-01    -0.1373   103.4911     7.3205     7.6160    33.3735    33.3831    26.8160    26.8243    8.24487 0.0000e+00
       4310    125.721    -0.5046    -0.5121   2.745571   2.745334     1.9730     2.3845      7.984     0.7722     0.9770 1.0715e-01    -0.1373   103.4911     7.3186     7.6200    33.3792    33.3843    26.8208    26.8252    8.24516 0.0000e+00
       4313    125.848    -0.5048    -0.5080   2.745895   2.745772     1.9730     2.3837      7.984     0.7616     0.9770 1.0715e-01    -0.1373   103.4911     7.3160     7.6145    33.3838    33.3856    26.8245    26.8261    8.24496 0.0000e+00
       4316    125.971    -0.5030    -0.5053   2.746192   2.745975     1.9722     2.3829      7.984     0.7616     0.9770 1.0715e-01    -0.1369   103.4821     7.3132     7.6111    33.3857    33.3853    26.8259    26.8257    8.24444 0.0000e+00
       4319    126.089    -0.5017    -0.5042   2.746312   2.746122     1.9718     2.3829      7.984     0.7616     0.9770 1.0715e-01    -0.1380   103.5092     7.3112     7.6104    33.3858    33.3860    26.8260    26.8262    8.24415 0.0000e+00
       4322    126.204    -0.5002    -0.5033   2.746564   2.746310     1.9718     2.3833      7.984     0.7616     0.9770 1.0715e-01    -0.1380   103.5092     7.3076     7.6109    33.3875    33.3875    26.8272    26.8274    8.24373 0.0000e+00
       4325    126.310    -0.4991    -0.5025   2.746720   2.746462     1.9726     2.3829      7.984     0.7405     0.9770 1.0715e-01    -0.1376   103.5002     7.3108     7.6090    33.3882    33.3886    26.8278    26.8282    8.24343 0.0000e+00
       4328    126.410    -0.4983    -0.5023   2.746790   2.746530     1.9726     2.3820      7.984     0.6981     0.9770 1.0727e-01    -0.1376   103.5002     7.3045     7.6050    33.3882    33.3892    26.8278    26.8287    8.24325 0.0000e+00
       4331    126.507    -0.4975    -0.5020   2.746863   2.746585     1.9722     2.3824      7.984     0.6981     1.4507 1.0715e-01    -0.1380   103.5092     7.3029     7.6036    33.3883    33.3895    26.8278    26.8289    8.24307 0.0000e+00
       4334    126.596    -0.4971    -0.5016   2.746920   2.746617     1.9706     2.3820      7.984     0.7087     1.9245 1.0715e-01    -0.1376   103.5002     7.2957     7.6013    33.3886    33.3895    26.8280    26.8289    8.24298 0.0000e+00
       4337    126.682    -0.4966    -0.5014   2.746948   2.746658     1.9710     2.3816      7.984     0.6981     1.9245 1.0715e-01    -0.1376   103.5002     7.2982     7.6014    33.3883    33.3897    26.8278    26.8291    8.24287 0.0000e+00
       4340    126.762    -0.4961    -0.5009   2.747092   2.746759     1.9718     2.3816      7.984     0.6981     1.9245 1.0715e-01    -0.1380   103.5092     7.3016     7.6009    33.3897    33.3906    26.8288    26.8297    8.24268 0.0000e+00
       4343    126.835    -0.4951    -0.4995   2.747279   2.746955     1.9706     2.3808      7.984     0.6981     1.9245 1.0715e-01    -0.1376   103.5002     7.2954     7.5964    33.3910    33.3915    26.8299    26.8305    8.24239 0.0000e+00
       4346    126.906    -0.4942    -0.4978   2.747456   2.747163     1.9706     2.3808      7.984     0.7087     1.9245 1.0715e-01    -0.1380   103.5092     7.2921     7.5972    33.3924    33.3924    26.8309    26.8311    8.24212 0.0000e+00
       4349    126.973    -0.4927    -0.4967   2.747571   2.747288     1.9706     2.3808      7.984     0.7087     1.9245 1.0715e-01    -0.1376   103.5002     7.2913     7.6005    33.3922    33.3929    26.8307    26.8315    8.24179 0.0000e+00
       4352    127.034    -0.4910    -0.4955   2.747799   2.747359     1.9685     2.3796      7.984     0.6981     1.9245 1.0715e-01    -0.1383   103.5183     7.2854     7.5981    33.3933    33.3924    26.8316    26.8311    8.24135 0.0000e+00
       4355    127.095    -0.4886    -0.4916   2.748059   2.747674     1.9702     2.3796      7.984     0.7193     1.9245 1.0715e-01    -0.1373   103.4911     7.2982     7.5999    33.3942    33.3923    26.8322    26.8308    8.24078 0.0000e+00
       4358    127.153    -0.4857    -0.4889   2.748202   2.747916     1.9702     2.3800      7.984     0.6981     1.2139 1.0715e-01    -0.1373   103.4911     7.3006     7.6013    33.3929    33.3925    26.8310    26.8309    8.24021 0.0000e+00
       4361    127.210    -0.4844    -0.4878   2.748273   2.748012     1.9694     2.3800      7.984     0.6875     1.0954 1.0715e-01    -0.1373   103.4911     7.2929     7.6018    33.3924    33.3926    26.8305    26.8309    8.23995 0.0000e+00
       4364    127.269    -0.4840    -0.4873   2.748309   2.748062     1.9694     2.3788      7.984     0.7087     1.0954 1.0715e-01    -0.1373   103.4911     7.2936     7.5957    33.3923    33.3927    26.8305    26.8309    8.23985 0.0000e+00
       4367    127.330    -0.4839    -0.4885   2.748240   2.748045     1.9698     2.3796      7.984     0.7193     1.0559 1.0715e-01    -0.1373   103.4911     7.2985     7.6011    33.3913    33.3937    26.8297    26.8318    8.23991 0.0000e+00
       4370    127.391    -0.4847    -0.4906   2.748156   2.747908     1.9681     2.3792      7.986     0.6981     1.0954 1.0715e-01    -0.1373   103.4911     7.2911     7.5993    33.3910    33.3941    26.8295    26.8322    8.24010 0.0000e+00
       4373    127.451    -0.4864    -0.4923   2.748063   2.747836     1.9690     2.3792      7.984     0.7087     1.0954 1.0715e-01    -0.1373   103.4911     7.2967     7.5963    33.3916    33.3950    26.8300    26.8330    8.24044 0.0000e+00
       4376    127.513    -0.4893    -0.4958   2.747814   2.747624     1.9694     2.3796      7.984     0.7193     1.0954 1.0715e-01    -0.1369   103.4821     7.2978     7.5959    33.3914    33.3960    26.8299    26.8340    8.24109 0.0000e+00
       4379    127.578    -0.4911    -0.4993   2.747952   2.747503     1.9690     2.3792      7.984     0.7193     1.0954 1.0715e-01    -0.1362   103.4640     7.2924     7.5937    33.3952    33.3982    26.8331    26.8359    8.24128 0.0000e+00
       4382    127.647    -0.4910    -0.4970   2.748390   2.747823     1.9690     2.3776      7.984     0.7193     1.2533 1.0715e-01    -0.1362   103.4640     7.2961     7.5847    33.4009    33.3999    26.8377    26.8372    8.24092 0.0000e+00
       4385    127.720    -0.4887    -0.4925   2.748703   2.748336     1.9677     2.3784      7.984     0.6981     3.0694 1.0715e-01    -0.1366   103.4730     7.2918     7.5859    33.4025    33.4018    26.8389    26.8385    8.24032 0.0000e+00
       4388    127.801    -0.4872    -0.4908   2.748930   2.748607     1.9681     2.3772      7.984     0.7087     3.1089 1.0715e-01    -0.1362   103.4640     7.2922     7.5791    33.4038    33.4035    26.8399    26.8398    8.23991 0.0000e+00
       4391    127.883    -0.4859    -0.4901   2.748990   2.748696     1.9681     2.3784      7.984     0.6981     3.1089 1.0715e-01    -0.1362   103.4640     7.2890     7.5809    33.4032    33.4039    26.8394    26.8401    8.23967 0.0000e+00
       4394    127.967    -0.4866    -0.4927   2.748735   2.748456     1.9677     2.3768      7.984     0.7193     3.1089 1.0715e-01    -0.1366   103.4730     7.2873     7.5738    33.4004    33.4035    26.8372    26.8399    8.23997 0.0000e+00
       4397    128.050    -0.4891    -0.4974   2.748559   2.748221     1.9677     2.3759      7.986     0.6981     3.1089 1.0715e-01    -0.1362   103.4640     7.2852     7.5728    33.4009    33.4054    26.8376    26.8416    8.24051 0.0000e+00
       4400    128.134    -0.4911    -0.4988   2.748561   2.748232     1.9677     2.3763      7.986     0.7193     3.1089 1.0715e-01    -0.1362   103.4640     7.2870     7.5768    33.4030    33.4070    26.8394    26.8430    8.24083 0.0000e+00
       4403    128.221    -0.4923    -0.5000   2.748427   2.748102     1.9673     2.3768      7.986     0.7193     3.1089 1.0715e-01    -0.1362   103.4640     7.2890     7.5826    33.4025    33.4066    26.8391    26.8427    8.24113 0.0000e+00
       4406    128.315    -0.4947    -0.5041   2.748445   2.748234     1.9681     2.3759      7.984     0.7299     3.1089 1.0727e-01    -0.1362   103.4640     7.2948     7.5797    33.4054    33.4129    26.8415    26.8480    8.24150 0.0000e+00
       4409    128.412    -0.4952    -0.4971   2.749658   2.749513     1.9673     2.3759      7.986     0.7405     2.8325 1.0715e-01    -0.1362   103.4640     7.2898     7.5761    33.4221    33.4223    26.8550    26.8552    8.24066 0.0000e+00
       4412    128.515    -0.4906    -0.4894   2.750452   2.750242     1.9669     2.3755      7.984     0.7405     2.1614 1.0715e-01    -0.1362   103.4640     7.2846     7.5747    33.4276    33.4235    26.8593    26.8559    8.23933 0.0000e+00
       4415    128.617    -0.4866    -0.4883   2.750592   2.750351     1.9657     2.3747      7.984     0.7299     2.1614 1.0715e-01    -0.1362   103.4640     7.2780     7.5730    33.4249    33.4237    26.8570    26.8560    8.23859 0.0000e+00
       4418    128.717    -0.4851    -0.4887   2.750642   2.750374     1.9669     2.3751      7.984     0.7299     2.1614 1.0727e-01    -0.1373   103.4911     7.2825     7.5782    33.4240    33.4243    26.8561    26.8565    8.23832 0.0000e+00
       4421    128.823    -0.4843    -0.4889   2.750669   2.750393     1.9665     2.3751      7.986     0.7405     2.1614 1.0715e-01    -0.1373   103.4911     7.2786     7.5792    33.4233    33.4248    26.8555    26.8569    8.23817 0.0000e+00
       4424    128.931    -0.4838    -0.4890   2.750698   2.750378     1.9665     2.3747      7.984     0.7299     2.1614 1.0715e-01    -0.1373   103.4911     7.2788     7.5774    33.4232    33.4245    26.8554    26.8567    8.23809 0.0000e+00
       4427    129.045    -0.4837    -0.4893   2.750752   2.750483     1.9665     2.3743      7.986     0.7299     2.1614 1.0727e-01    -0.1373   103.4911     7.2782     7.5781    33.4237    33.4262    26.8558    26.8581    8.23803 0.0000e+00
       4430    129.163    -0.4837    -0.4883   2.750894   2.750786     1.9661     2.3735      7.986     0.7193     2.1614 1.0715e-01    -0.1373   103.4911     7.2783     7.5779    33.4254    33.4291    26.8573    26.8604    8.23791 0.0000e+00
       4433    129.284    -0.4828    -0.4832   2.751340   2.751364     1.9657     2.3735      7.987     0.6981     2.1614 1.0715e-01    -0.1373   103.4911     7.2788     7.5796    33.4304    33.4311    26.8612    26.8618    8.23744 0.0000e+00
       4436    129.403    -0.4800    -0.4800   2.751783   2.751601     1.9657     2.3743      7.984     0.6981     1.5692 1.0715e-01    -0.1369   103.4821     7.2798     7.5834    33.4331    33.4307    26.8633    26.8614    8.23666 0.0000e+00
       4439    129.519    -0.4764    -0.4778   2.752130   2.751827     1.9657     2.3731      7.984     0.7087     1.2139 1.0715e-01    -0.1366   103.4730     7.2769     7.5776    33.4338    33.4313    26.8637    26.8617    8.23584 0.0000e+00
       4442    129.639    -0.4737    -0.4754   2.752261   2.752069     1.9645     2.3739      7.986     0.7087     1.2139 1.0715e-01    -0.1369   103.4821     7.2674     7.5780    33.4325    33.4318    26.8626    26.8620    8.23531 0.0000e+00
       4445    129.757    -0.4714    -0.4744   2.752387   2.752143     1.9653     2.3735      7.986     0.6981     1.2139 1.0715e-01    -0.1362   103.4640     7.2709     7.5745    33.4316    33.4317    26.8617    26.8619    8.23486 0.0000e+00
       4448    129.879    -0.4701    -0.4730   2.752548   2.752330     1.9653     2.3735      7.987     0.7193     1.2139 1.0715e-01    -0.1369   103.4821     7.2740     7.5731    33.4323    33.4326    26.8622    26.8625    8.23454 0.0000e+00
       4451    129.997    -0.4684    -0.4714   2.752769   2.752515     1.9649     2.3731      7.984     0.7087     1.2139 1.0715e-01    -0.1369   103.4821     7.2708     7.5706    33.4333    33.4332    26.8630    26.8630    8.23411 0.0000e+00
       4454    130.117    -0.4665    -0.4692   2.753039   2.752793     1.9649     2.3735      7.986     0.7193     1.2139 1.0715e-01    -0.1366   103.4730     7.2738     7.5711    33.4348    33.4344    26.8640    26.8638    8.23360 0.0000e+00
       4457    130.237    -0.4644    -0.4665   2.753280   2.753106     1.9645     2.3735      7.984     0.7510     1.2139 1.0715e-01    -0.1362   103.4640     7.2708     7.5706    33.4355    33.4356    26.8646    26.8647    8.23308 0.0000e+00
       4460    130.356    -0.4623    -0.4639   2.753698   2.753495     1.9649     2.3723      7.984     0.7828     1.2139 1.0715e-01    -0.1362   103.4640     7.2714     7.5639    33.4388    33.4378    26.8671    26.8664    8.23244 0.0000e+00
       4463    130.472    -0.4588    -0.4581   2.754451   2.754337     1.9637     2.3723      7.984     0.7616     0.6612 1.0715e-01    -0.1362   103.4640     7.2671     7.5650    33.4449    33.4426    26.8719    26.8700    8.23131 0.0000e+00
       4466    130.594    -0.4542    -0.4522   2.754916   2.754831     1.9641     2.3715      7.984     0.7616     0.6217 1.0715e-01    -0.1362   103.4640     7.2657     7.5596    33.4460    33.4427    26.8726    26.8698    8.23024 0.0000e+00
       4469    130.711    -0.4503    -0.4493   2.755158   2.755194     1.9645     2.3711      7.984     0.7722     0.5822 1.0715e-01    -0.1359   103.4550     7.2614     7.5584    33.4449    33.4442    26.8715    26.8710    8.22944 0.0000e+00
       4472    130.829    -0.4464    -0.4419   2.755868   2.756042     1.9641     2.3711      7.984     0.7722     0.6217 1.0715e-01    -0.1362   103.4640     7.2605     7.5589    33.4500    33.4474    26.8755    26.8732    8.22828 0.0000e+00
       4475    130.941    -0.4397    -0.4318   2.756958   2.757000     1.9629     2.3711      7.984     0.7934     0.6217 1.0715e-01    -0.1359   103.4550     7.2572     7.5576    33.4571    33.4490    26.8810    26.8741    8.22640 0.0000e+00
       4478    131.049    -0.4322    -0.4250   2.757485   2.757472     1.9649     2.3719      7.984     0.7722     0.5822 1.0715e-01    -0.1345   103.4188     7.2652     7.5626    33.4558    33.4477    26.8796    26.8727    8.22482 0.0000e+00
       4481    131.153    -0.4262    -0.4210   2.757965   2.757865     1.9624     2.3715      7.984     0.7722     0.5822 1.0715e-01    -0.1341   103.4098     7.2489     7.5635    33.4556    33.4485    26.8792    26.8733    8.22351 0.0000e+00
       4484    131.258    -0.4202    -0.4172   2.758299   2.758179     1.9637     2.3711      7.984     0.7299     0.6217 1.0715e-01    -0.1345   103.4188     7.2539     7.5655    33.4534    33.4484    26.8771    26.8730    8.22231 0.0000e+00
       4487    131.362    -0.4157    -0.4147   2.758537   2.758359     1.9637     2.3715      7.984     0.7299     0.5033 1.0715e-01    -0.1345   103.4188     7.2537     7.5692    33.4515    33.4481    26.8754    26.8726    8.22142 0.0000e+00
