Datasets/AZMP/TEL210/tel210_2020_029.cnv
* Sea-Bird SBE 9 Data File:
* FileName = C:\CTDDATA\tel210_2020_029.hex
* Software Version Seasave V 7.26.7.110
* Temperature SN = 1697
* Conductivity SN = 4216
* Number of Bytes Per Scan = 30
* Number of Voltage Words = 4
* Number of Scans Averaged by the Deck Unit = 1
* NMEA baud rate = 4800
** VESSEL/TRIP/SEQ STN:  tel210_2020_029
** LATITUDE XX XX.XX: 47 00.00 N
** LONGITUDE XX XX.XX: 044 34.70 W
** SOUNDING DEPTH (M): 0133
** PROBE TYPE: S1146
** CTD NUMBER: 028
** COMMENTS (14 CHAR): FC-27
** BOTTLES:  0
** LEVELS:
** STICKERS:
** VNET: N
** DO2: N
# nquan = 22
# nvalues = 2777                        
# units = specified
# name 0 = scan: Scan Count
# name 1 = prDM: Pressure, Digiquartz [db]
# name 2 = t090C: Temperature [ITS-90, deg C]
# name 3 = t190C: Temperature, 2 [ITS-90, deg C]
# name 4 = c0S/m: Conductivity [S/m]
# name 5 = c1S/m: Conductivity, 2 [S/m]
# name 6 = sbeox0V: Oxygen raw, SBE 43 [V]
# name 7 = sbeox1V: Oxygen raw, SBE 43, 2 [V]
# name 8 = ph: pH
# name 9 = flECO-AFL: Fluorescence, WET Labs ECO-AFL/FL [mg/m^3]
# name 10 = wetCDOM: Fluorescence, WET Labs CDOM [mg/m^3]
# name 11 = par/sat/log: PAR/Logarithmic, Satlantic [umol photons/m^2/sec]
# name 12 = CStarAt0: Beam Attenuation, WET Labs C-Star [1/m]
# name 13 = CStarTr0: Beam Transmission, WET Labs C-Star [%]
# name 14 = sbeox0ML/L: Oxygen, SBE 43 [ml/l], WS = 2
# name 15 = sbeox1ML/L: Oxygen, SBE 43, 2 [ml/l], WS = 2
# name 16 = sal00: Salinity, Practical [PSU]
# name 17 = sal11: Salinity, Practical, 2 [PSU]
# name 18 = sigma-t00: Density [sigma-t, kg/m^3 ]
# name 19 = sigma-t11: Density, 2 [sigma-t, kg/m^3 ]
# name 20 = oxsatML/L: Oxygen Saturation, Weiss [ml/l]
# name 21 = flag: flag
# span 0 =          9,      10780       
# span 1 =      2.350,    134.541       
# span 2 =     3.7337,    11.4737       
# span 3 =     3.7288,    11.4802       
# span 4 =   3.189036,   3.744655       
# span 5 =   3.188448,   3.744974       
# span 6 =     1.9271,     2.4251       
# span 7 =     2.3272,     2.9645       
# span 8 =      7.934,      8.217       
# span 9 =    -0.6019,     5.8083       
# span 10 =    -2.8130,   482.1870      
# span 11 = 1.0678e-01, 3.2478e-01      
# span 12 =    -0.1141,     0.1245      
# span 13 =    96.9349,   102.8943      
# span 14 =     6.2401,     7.8785      
# span 15 =     6.3694,     8.3329      
# span 16 =    32.9723,    34.4393      
# span 17 =    32.9750,    34.4382      
# span 18 =    25.1176,    27.3672      
# span 19 =    25.1133,    27.3665      
# span 20 =    6.19761,    7.33889      
# span 21 = 0.0000e+00, 0.0000e+00      
# interval = scans: 3                   
# start_time = Jul 18 2020 06:05:06 [System UTC, header]
# bad_flag = -9.990e-29
*END*
[from data line 1120]
       4140    109.983     3.7348     3.7299   3.189794   3.189241     1.9372     2.3393      7.946    -0.5816     1.4507 1.0727e-01    -0.0887   102.2432     6.2705     6.5502    34.4384    34.4369    27.3664    27.3657    7.33864 0.0000e+00
       4143    110.022     3.7350     3.7298   3.189830   3.189197     1.9372     2.3393      7.944    -0.5714     1.4507 1.0715e-01    -0.0884   102.2342     6.2698     6.5494    34.4386    34.4365    27.3665    27.3654    7.33860 0.0000e+00
       4190    110.063     3.7352     3.7308   3.189815   3.189311     1.9368     2.3377      7.946    -0.5816     4.9249 1.0715e-01    -0.0880   102.2251     6.2642     6.5324    34.4382    34.4368    27.3662    27.3656    7.33859 0.0000e+00
       4215    110.160     3.7350     3.7304   3.189822   3.189281     1.9364     2.3365      7.946    -0.5714     6.6620 1.0715e-01    -0.0880   102.2251     6.2613     6.5239    34.4384    34.4368    27.3664    27.3656    7.33861 0.0000e+00
       4218    110.278     3.7349     3.7302   3.189840   3.189319     1.9372     2.3369      7.944    -0.5714     1.1744 1.0727e-01    -0.0873   102.2070     6.2659     6.5265    34.4386    34.4374    27.3666    27.3661    7.33861 0.0000e+00
       4221    110.407     3.7350     3.7301   3.189846   3.189319     1.9368     2.3357      7.946    -0.5918     0.3453 1.0715e-01    -0.0873   102.2070     6.2647     6.5231    34.4385    34.4374    27.3665    27.3661    7.33860 0.0000e+00
       4224    110.544     3.7350     3.7305   3.189848   3.189333     1.9368     2.3357      7.944    -0.5816     0.3848 1.0715e-01    -0.0877   102.2161     6.2637     6.5231    34.4385    34.4371    27.3665    27.3659    7.33860 0.0000e+00
       4227    110.694     3.7349     3.7307   3.189845   3.189380     1.9368     2.3357      7.944    -0.5714     0.3848 1.0727e-01    -0.0877   102.2161     6.2632     6.5256    34.4384    34.4374    27.3665    27.3660    7.33862 0.0000e+00
       4230    110.858     3.7349     3.7305   3.189846   3.189333     1.9360     2.3353      7.944    -0.5816     0.3848 1.0715e-01    -0.0877   102.2161     6.2603     6.5267    34.4384    34.4369    27.3664    27.3656    7.33863 0.0000e+00
       4233    111.031     3.7349     3.7303   3.189862   3.189305     1.9368     2.3357      7.943    -0.5613     0.3848 1.0727e-01    -0.0873   102.2070     6.2653     6.5301    34.4386    34.4367    27.3665    27.3656    7.33863 0.0000e+00
       4236    111.213     3.7351     3.7301   3.189900   3.189349     1.9368     2.3365      7.944    -0.5409     0.3848 1.0727e-01    -0.0873   102.2070     6.2653     6.5320    34.4387    34.4374    27.3666    27.3661    7.33858 0.0000e+00
       4239    111.401     3.7351     3.7301   3.189906   3.189335     1.9368     2.3357      7.943    -0.5511     0.3848 1.0727e-01    -0.0866   102.1889     6.2637     6.5311    34.4386    34.4371    27.3666    27.3658    7.33857 0.0000e+00
       4242    111.593     3.7350     3.7302   3.189947   3.189320     1.9368     2.3348      7.944    -0.5511     1.4507 1.0715e-01    -0.0866   102.1889     6.2635     6.5314    34.4391    34.4367    27.3670    27.3655    7.33857 0.0000e+00
       4245    111.791     3.7353     3.7301   3.189930   3.189388     1.9360     2.3357      7.943    -0.5613     6.9778 1.0715e-01    -0.0866   102.1889     6.2621     6.5373    34.4385    34.4374    27.3665    27.3661    7.33856 0.0000e+00
       4248    111.993     3.7353     3.7302   3.189953   3.189382     1.9364     2.3348      7.941    -0.5511     6.8988 1.0727e-01    -0.0866   102.1889     6.2646     6.5358    34.4387    34.4372    27.3666    27.3659    7.33855 0.0000e+00
       4251    112.194     3.7352     3.7301   3.189963   3.189374     1.9360     2.3357      7.943    -0.5409     6.8988 1.0727e-01    -0.0866   102.1889     6.2645     6.5394    34.4387    34.4371    27.3666    27.3658    7.33855 0.0000e+00
       4254    112.385     3.7350     3.7301   3.189975   3.189401     1.9368     2.3357      7.944    -0.5511     6.8988 1.0715e-01    -0.0866   102.1889     6.2678     6.5393    34.4390    34.4374    27.3669    27.3660    7.33857 0.0000e+00
       4257    112.572     3.7352     3.7301   3.189977   3.189397     1.9368     2.3357      7.943    -0.5511     6.8988 1.0715e-01    -0.0866   102.1889     6.2661     6.5394    34.4387    34.4372    27.3666    27.3659    7.33855 0.0000e+00
       4260    112.752     3.7349     3.7301   3.189975   3.189397     1.9364     2.3344      7.943    -0.5714     6.8988 1.0740e-01    -0.0866   102.1889     6.2640     6.5361    34.4389    34.4371    27.3668    27.3659    7.33860 0.0000e+00
       4263    112.921     3.7350     3.7300   3.189975   3.189418     1.9364     2.3357      7.946    -0.5714     6.8988 1.0740e-01    -0.0866   102.1889     6.2654     6.5422    34.4387    34.4373    27.3666    27.3660    7.33859 0.0000e+00
       4266    113.079     3.7349     3.7300   3.189975   3.189403     1.9368     2.3365      7.943    -0.5613     6.8988 1.0727e-01    -0.0863   102.1799     6.2681     6.5470    34.4388    34.4371    27.3667    27.3658    7.33861 0.0000e+00
       4269    113.226     3.7350     3.7299   3.189977   3.189397     1.9364     2.3357      7.941    -0.5714     3.7800 1.0715e-01    -0.0866   102.1889     6.2651     6.5453    34.4386    34.4370    27.3665    27.3658    7.33859 0.0000e+00
       4272    113.358     3.7349     3.7299   3.189971   3.189418     1.9364     2.3361      7.943    -0.5816    -0.5232 1.0715e-01    -0.0866   102.1889     6.2645     6.5471    34.4385    34.4373    27.3665    27.3660    7.33861 0.0000e+00
       4275    113.474     3.7348     3.7297   3.189948   3.189382     1.9368     2.3357      7.941    -0.5714    -0.3258 1.0715e-01    -0.0866   102.1889     6.2640     6.5437    34.4383    34.4370    27.3663    27.3658    7.33865 0.0000e+00
       4278    113.576     3.7346     3.7298   3.189971   3.189376     1.9364     2.3357      7.943    -0.5714    -0.3258 1.0727e-01    -0.0866   102.1889     6.2591     6.5448    34.4388    34.4367    27.3667    27.3655    7.33867 0.0000e+00
       4281    113.663     3.7347     3.7297   3.189973   3.189435     1.9364     2.3357      7.946    -0.5816    -0.3258 1.0715e-01    -0.0877   102.2161     6.2595     6.5456    34.4386    34.4374    27.3666    27.3662    7.33865 0.0000e+00
       4284    113.730     3.7351     3.7299   3.189994   3.189389     1.9360     2.3357      7.944    -0.5714    -0.3258 1.0715e-01    -0.0877   102.2161     6.2590     6.5437    34.4384    34.4367    27.3664    27.3656    7.33859 0.0000e+00
       4287    113.777     3.7350     3.7299   3.190003   3.189387     1.9364     2.3357      7.941    -0.5714    -0.3258 1.0715e-01    -0.0877   102.2161     6.2608     6.5409    34.4386    34.4366    27.3665    27.3655    7.33859 0.0000e+00
       4290    113.810     3.7354     3.7303   3.190014   3.189445     1.9364     2.3369      7.942    -0.5409    -0.3258 1.0727e-01    -0.0877   102.2161     6.2608     6.5461    34.4382    34.4369    27.3662    27.3657    7.33854 0.0000e+00
       4324    113.840     3.7356     3.7314   3.190050   3.189520     1.9344     2.3361      7.942    -0.5613     2.9904 1.0715e-01    -0.0884   102.2342     6.2497     6.5348    34.4385    34.4366    27.3664    27.3653    7.33849 0.0000e+00
       4343    113.894     3.7354     3.7319   3.190028   3.189583     1.9348     2.3344      7.941    -0.5714     4.6485 1.0740e-01    -0.0887   102.2432     6.2491     6.5242    34.4384    34.4368    27.3664    27.3654    7.33854 0.0000e+00
       4346    113.964     3.7350     3.7311   3.190006   3.189517     1.9352     2.3357      7.941    -0.5918     4.6485 1.0727e-01    -0.0887   102.2432     6.2517     6.5313    34.4385    34.4368    27.3665    27.3655    7.33860 0.0000e+00
       4349    114.043     3.7352     3.7309   3.190049   3.189519     1.9356     2.3357      7.941    -0.5816     3.8985 1.0727e-01    -0.0887   102.2432     6.2517     6.5339    34.4388    34.4370    27.3666    27.3657    7.33855 0.0000e+00
       4352    114.134     3.7352     3.7302   3.190043   3.189460     1.9356     2.3353      7.941    -0.5714     3.8195 1.0715e-01    -0.0884   102.2342     6.2512     6.5328    34.4387    34.4370    27.3666    27.3658    7.33856 0.0000e+00
       4355    114.235     3.7357     3.7303   3.190100   3.189490     1.9344     2.3344      7.941    -0.5714     3.8195 1.0715e-01    -0.0887   102.2432     6.2487     6.5313    34.4388    34.4372    27.3666    27.3659    7.33847 0.0000e+00
       4358    114.349     3.7364     3.7310   3.190162   3.189589     1.9348     2.3344      7.941    -0.5714     3.8195 1.0740e-01    -0.0884   102.2342     6.2527     6.5318    34.4387    34.4376    27.3665    27.3662    7.33834 0.0000e+00
       4361    114.474     3.7361     3.7311   3.190144   3.189571     1.9340     2.3344      7.941    -0.5714     3.8195 1.0752e-01    -0.0877   102.2161     6.2501     6.5332    34.4387    34.4371    27.3666    27.3658    7.33839 0.0000e+00
       4364    114.609     3.7356     3.7307   3.190107   3.189542     1.9340     2.3348      7.941    -0.5714     3.8195 1.0715e-01    -0.0877   102.2161     6.2508     6.5346    34.4388    34.4371    27.3667    27.3658    7.33849 0.0000e+00
       4367    114.754     3.7351     3.7303   3.190077   3.189543     1.9348     2.3348      7.943    -0.5816     3.8195 1.0740e-01    -0.0877   102.2161     6.2524     6.5344    34.4389    34.4375    27.3668    27.3661    7.33857 0.0000e+00
       4370    114.906     3.7353     3.7301   3.190056   3.189480     1.9348     2.3357      7.941    -0.5918     3.8195 1.0740e-01    -0.0877   102.2161     6.2531     6.5367    34.4384    34.4369    27.3663    27.3657    7.33856 0.0000e+00
       4373    115.065     3.7351     3.7301   3.190081   3.189509     1.9336     2.3353      7.941    -0.5816    95.4898 1.0740e-01    -0.0877   102.2161     6.2491     6.5376    34.4388    34.4372    27.3667    27.3659    7.33858 0.0000e+00
       4376    115.227     3.7352     3.7302   3.190083   3.189541     1.9348     2.3344      7.941    -0.5918   478.5154 1.0727e-01    -0.0877   102.2161     6.2567     6.5366    34.4386    34.4373    27.3665    27.3660    7.33857 0.0000e+00
       4379    115.392     3.7353     3.7302   3.190111   3.189502     1.9348     2.3353      7.941    -0.5816   481.3580 1.0740e-01    -0.0877   102.2161     6.2580     6.5418    34.4387    34.4368    27.3666    27.3656    7.33854 0.0000e+00
       4382    115.562     3.7354     3.7303   3.190113   3.189567     1.9344     2.3348      7.941    -0.5816   481.2790 1.0727e-01    -0.0880   102.2251     6.2560     6.5410    34.4386    34.4373    27.3665    27.3660    7.33853 0.0000e+00
       4385    115.730     3.7354     3.7303   3.190150   3.189584     1.9340     2.3348      7.942    -0.5816   481.3579 1.0740e-01    -0.0880   102.2251     6.2549     6.5406    34.4389    34.4375    27.3667    27.3661    7.33851 0.0000e+00
       4388    115.894     3.7356     3.7304   3.190152   3.189561     1.9340     2.3344      7.941    -0.5816   481.3579 1.0740e-01    -0.0880   102.2251     6.2539     6.5379    34.4386    34.4370    27.3665    27.3657    7.33849 0.0000e+00
       4391    116.059     3.7358     3.7304   3.190187   3.189612     1.9344     2.3344      7.941    -0.5918   481.3579 1.0727e-01    -0.0877   102.2161     6.2549     6.5395    34.4387    34.4375    27.3666    27.3662    7.33845 0.0000e+00
       4394    116.220     3.7354     3.7304   3.190170   3.189614     1.9340     2.3348      7.941    -0.5918   481.3579 1.0715e-01    -0.0877   102.2161     6.2556     6.5425    34.4389    34.4375    27.3667    27.3661    7.33852 0.0000e+00
       4397    116.376     3.7354     3.7303   3.190180   3.189602     1.9340     2.3348      7.941    -0.5816   481.3579 1.0727e-01    -0.0884   102.2342     6.2597     6.5447    34.4389    34.4373    27.3668    27.3660    7.33852 0.0000e+00
       4400    116.523     3.7353     3.7303   3.190159   3.189623     1.9340     2.3353      7.941    -0.5918   258.8541 1.0727e-01    -0.0880   102.2251     6.2601     6.5473    34.4386    34.4375    27.3666    27.3662    7.33854 0.0000e+00
       4403    116.660     3.7352     3.7302   3.190160   3.189553     1.9340     2.3357      7.941    -0.5816    -2.3393 1.0740e-01    -0.0880   102.2251     6.2620     6.5504    34.4387    34.4367    27.3667    27.3655    7.33856 0.0000e+00
       4406    116.787     3.7353     3.7300   3.190162   3.189554     1.9340     2.3357      7.941    -0.5816     2.7930 1.0727e-01    -0.0887   102.2432     6.2636     6.5509    34.4386    34.4369    27.3665    27.3657    7.33855 0.0000e+00
       4409    116.908     3.7352     3.7302   3.190145   3.189596     1.9340     2.3348      7.941    -0.5816     2.7930 1.0752e-01    -0.0880   102.2251     6.2643     6.5483    34.4384    34.4371    27.3664    27.3659    7.33858 0.0000e+00
       4412    117.022     3.7353     3.7301   3.190152   3.189587     1.9340     2.3353      7.941    -0.5918     2.8325 1.0715e-01    -0.0884   102.2342     6.2638     6.5489    34.4384    34.4370    27.3663    27.3658    7.33856 0.0000e+00
       4415    117.119     3.7349     3.7300   3.190142   3.189595     1.9340     2.3361      7.941    -0.5918     2.7535 1.0740e-01    -0.0880   102.2251     6.2635     6.5510    34.4385    34.4371    27.3665    27.3659    7.33862 0.0000e+00
       4418    117.205     3.7354     3.7300   3.190153   3.189600     1.9344     2.3353      7.941    -0.5714     2.7535 1.0727e-01    -0.0877   102.2161     6.2651     6.5485    34.4381    34.4372    27.3661    27.3659    7.33855 0.0000e+00
       4421    117.279     3.7352     3.7300   3.190155   3.189558     1.9356     2.3357      7.941    -0.5613     2.7535 1.0740e-01    -0.0880   102.2251     6.2700     6.5503    34.4383    34.4366    27.3662    27.3655    7.33858 0.0000e+00
       4424    117.344     3.7355     3.7300   3.190155   3.189576     1.9348     2.3361      7.941    -0.5918     2.7535 1.0727e-01    -0.0880   102.2251     6.2673     6.5495    34.4380    34.4368    27.3660    27.3656    7.33854 0.0000e+00
       4427    117.402     3.7352     3.7301   3.190153   3.189579     1.9340     2.3361      7.941    -0.5714     3.9774 1.0715e-01    -0.0877   102.2161     6.2664     6.5488    34.4383    34.4367    27.3663    27.3656    7.33859 0.0000e+00
       4430    117.450     3.7353     3.7301   3.190202   3.189550     1.9344     2.3357      7.941    -0.5816     4.3327 1.0727e-01    -0.0877   102.2161     6.2660     6.5469    34.4387    34.4363    27.3666    27.3652    7.33855 0.0000e+00
       4433    117.484     3.7353     3.7301   3.190202   3.189581     1.9344     2.3357      7.941    -0.5816     4.2932 1.0740e-01    -0.0880   102.2251     6.2656     6.5478    34.4386    34.4367    27.3666    27.3656    7.33854 0.0000e+00
       4436    117.514     3.7356     3.7302   3.190172   3.189587     1.9344     2.3357      7.941    -0.5816     4.2932 1.0727e-01    -0.0877   102.2161     6.2659     6.5475    34.4380    34.4367    27.3660    27.3655    7.33853 0.0000e+00
       4469    117.644     3.7350     3.7304   3.190182   3.189643     1.9356     2.3369      7.941    -0.5918   481.3579 1.0727e-01    -0.0866   102.1889     6.2656     6.5458    34.4387    34.4371    27.3666    27.3658    7.33860 0.0000e+00
       4472    117.667     3.7353     3.7304   3.190200   3.189586     1.9340     2.3361      7.941    -0.5918   481.3579 1.0752e-01    -0.0866   102.1889     6.2553     6.5404    34.4385    34.4363    27.3664    27.3652    7.33854 0.0000e+00
       4475    117.696     3.7353     3.7303   3.190161   3.189594     1.9348     2.3369      7.941    -0.5714   481.3579 1.0727e-01    -0.0866   102.1889     6.2623     6.5406    34.4380    34.4366    27.3661    27.3654    7.33857 0.0000e+00
