Datasets/AZMP/TEL210/tel210_2020_004.cnv
* Sea-Bird SBE 9 Data File:
* FileName = C:\CTDDATA\tel210_2020_004.hex
* Software Version Seasave V 7.26.7.110
* Temperature SN = 1697
* Conductivity SN = 4216
* Number of Bytes Per Scan = 30
* Number of Voltage Words = 4
* Number of Scans Averaged by the Deck Unit = 1
* NMEA baud rate = 4800
** VESSEL/TRIP/SEQ STN:  tel210_2020_004
** LATITUDE XX XX.XX: 47 00.00 N
** LONGITUDE XX XX.XX: 052 42.30 W
** SOUNDING DEPTH (M): 0185
** PROBE TYPE: S1146
** CTD NUMBER: 003
** COMMENTS (14 CHAR): FC-02
** BOTTLES:  10
** LEVELS: 5,10,20,30,40,50,75,100,150,BTM
** STICKERS: 435752 - 435761
** VNET: Y
** DO2: N
# nquan = 22
# nvalues = 5039                        
# units = specified
# name 0 = scan: Scan Count
# name 1 = prDM: Pressure, Digiquartz [db]
# name 2 = t090C: Temperature [ITS-90, deg C]
# name 3 = t190C: Temperature, 2 [ITS-90, deg C]
# name 4 = c0S/m: Conductivity [S/m]
# name 5 = c1S/m: Conductivity, 2 [S/m]
# name 6 = sbeox0V: Oxygen raw, SBE 43 [V]
# name 7 = sbeox1V: Oxygen raw, SBE 43, 2 [V]
# name 8 = ph: pH
# name 9 = flECO-AFL: Fluorescence, WET Labs ECO-AFL/FL [mg/m^3]
# name 10 = wetCDOM: Fluorescence, WET Labs CDOM [mg/m^3]
# name 11 = par/sat/log: PAR/Logarithmic, Satlantic [umol photons/m^2/sec]
# name 12 = CStarAt0: Beam Attenuation, WET Labs C-Star [1/m]
# name 13 = CStarTr0: Beam Transmission, WET Labs C-Star [%]
# name 14 = sbeox0ML/L: Oxygen, SBE 43 [ml/l], WS = 2
# name 15 = sbeox1ML/L: Oxygen, SBE 43, 2 [ml/l], WS = 2
# name 16 = sal00: Salinity, Practical [PSU]
# name 17 = sal11: Salinity, Practical, 2 [PSU]
# name 18 = sigma-t00: Density [sigma-t, kg/m^3 ]
# name 19 = sigma-t11: Density, 2 [sigma-t, kg/m^3 ]
# name 20 = oxsatML/L: Oxygen Saturation, Weiss [ml/l]
# name 21 = flag: flag
# span 0 =        173,      42263       
# span 1 =      1.726,    182.478       
# span 2 =    -1.6113,    11.6579       
# span 3 =    -1.6166,    11.6526       
# span 4 =   2.601025,   3.625474       
# span 5 =   2.600575,   3.624858       
# span 6 =     1.8162,     2.3974       
# span 7 =     2.1992,     2.9462       
# span 8 =      7.766,      8.144       
# span 9 =    -0.6019,     1.0973       
# span 10 =    -2.8130,   482.1870      
# span 11 = 1.0703e-01, 1.0752e-01      
# span 12 =    -0.1686,     0.0272      
# span 13 =    99.3222,   104.3050      
# span 14 =     6.3554,     8.6602      
# span 15 =     6.1925,     9.1478      
# span 16 =    31.6418,    33.0391      
# span 17 =    31.6313,    33.0402      
# span 18 =    24.0585,    26.5487      
# span 19 =    24.0543,    26.5500      
# span 20 =    6.22452,    8.53744      
# span 21 = 0.0000e+00, 0.0000e+00      
# interval = scans: 3                   
# start_time = Jul 15 2020 05:25:37 [System UTC, header]
# bad_flag = -9.990e-29
*END*
[from data line 3754]
      25710     73.159    -1.5788    -1.5833   2.601697   2.601415     2.0201     2.4639      7.881    -0.5409     6.0698 1.0740e-01    -0.1634   104.1694     7.8402     8.2189    32.6360    32.6369    26.2539    26.2548    8.53308 0.0000e+00
      25713     73.064    -1.5788    -1.5835   2.601715   2.601381     2.0205     2.4635      7.881    -0.5511     6.0698 1.0740e-01    -0.1634   104.1694     7.8419     8.2153    32.6362    32.6368    26.2541    26.2546    8.53305 0.0000e+00
      25716     72.968    -1.5790    -1.5835   2.601687   2.601381     2.0205     2.4631      7.881    -0.5308     6.0698 1.0727e-01    -0.1634   104.1694     7.8406     8.2127    32.6361    32.6368    26.2540    26.2547    8.53310 0.0000e+00
      25719     72.874    -1.5790    -1.5832   2.601662   2.601377     2.0205     2.4626      7.881    -0.5511     6.0698 1.0740e-01    -0.1634   104.1694     7.8403     8.2091    32.6358    32.6366    26.2538    26.2545    8.53312 0.0000e+00
      25722     72.770    -1.5793    -1.5833   2.601607   2.601387     2.0209     2.4626      7.881    -0.5511     3.8589 1.0740e-01    -0.1634   104.1694     7.8420     8.2087    32.6354    32.6368    26.2534    26.2546    8.53321 0.0000e+00
      25725     72.665    -1.5794    -1.5832   2.601590   2.601346     2.0209     2.4626      7.881    -0.5511    -1.5102 1.0727e-01    -0.1634   104.1694     7.8400     8.2094    32.6355    32.6363    26.2535    26.2542    8.53325 0.0000e+00
      25728     72.555    -1.5793    -1.5836   2.601623   2.601327     2.0201     2.4631      7.883    -0.5511    -1.2733 1.0752e-01    -0.1634   104.1694     7.8323     8.2127    32.6358    32.6364    26.2537    26.2544    8.53318 0.0000e+00
      25731     72.448    -1.5788    -1.5836   2.601621   2.601339     2.0213     2.4631      7.881    -0.5409    -1.3523 1.0752e-01    -0.1644   104.1965     7.8393     8.2173    32.6353    32.6367    26.2533    26.2546    8.53311 0.0000e+00
      25734     72.338    -1.5796    -1.5833   2.601557   2.601360     2.0217     2.4626      7.881    -0.5511    -1.3918 1.0740e-01    -0.1644   104.1965     7.8412     8.2214    32.6353    32.6368    26.2534    26.2546    8.53328 0.0000e+00
      25737     72.228    -1.5800    -1.5833   2.601556   2.601365     2.0209     2.4626      7.883    -0.5409    -1.3128 1.0740e-01    -0.1644   104.1965     7.8363     8.2245    32.6359    32.6369    26.2538    26.2547    8.53335 0.0000e+00
      25740     72.116    -1.5796    -1.5835   2.601571   2.601347     2.0209     2.4626      7.881    -0.5511    -1.3128 1.0740e-01    -0.1644   104.1965     7.8349     8.2268    32.6357    32.6369    26.2537    26.2547    8.53328 0.0000e+00
      25743     72.009    -1.5795    -1.5835   2.601558   2.601325     2.0213     2.4626      7.883    -0.5511    -1.2733 1.0740e-01    -0.1644   104.1965     7.8353     8.2293    32.6354    32.6367    26.2534    26.2545    8.53325 0.0000e+00
      25746     71.902    -1.5797    -1.5834   2.601532   2.601323     2.0213     2.4631      7.881    -0.5409    -1.3523 1.0740e-01    -0.1644   104.1965     7.8374     8.2304    32.6354    32.6366    26.2534    26.2545    8.53331 0.0000e+00
      25749     71.800    -1.5800    -1.5841   2.601496   2.601211     2.0209     2.4631      7.881    -0.5511     1.9640 1.0740e-01    -0.1637   104.1784     7.8340     8.2326    32.6353    32.6359    26.2533    26.2539    8.53338 0.0000e+00
      25752     71.698    -1.5806    -1.5850   2.601422   2.601127     2.0209     2.4631      7.881    -0.5511     4.5301 1.0740e-01    -0.1641   104.1875     7.8297     8.2318    32.6350    32.6358    26.2531    26.2539    8.53355 0.0000e+00
      25755     71.603    -1.5811    -1.5855   2.601405   2.601098     2.0209     2.4639      7.881    -0.5511     4.4117 1.0740e-01    -0.1641   104.1875     7.8286     8.2372    32.6353    32.6360    26.2534    26.2541    8.53363 0.0000e+00
      25758     71.511    -1.5811    -1.5853   2.601354   2.601065     2.0217     2.4635      7.881    -0.5308     4.4117 1.0727e-01    -0.1634   104.1694     7.8345     8.2358    32.6347    32.6354    26.2529    26.2535    8.53368 0.0000e+00
      25761     71.421    -1.5811    -1.5850   2.601355   2.601102     2.0213     2.4631      7.883    -0.5206     4.4117 1.0740e-01    -0.1634   104.1694     7.8353     8.2330    32.6349    32.6355    26.2530    26.2537    8.53368 0.0000e+00
      25764     71.337    -1.5802    -1.5842   2.601401   2.601160     2.0209     2.4639      7.881    -0.5206     4.4117 1.0752e-01    -0.1637   104.1784     7.8310     8.2369    32.6345    32.6355    26.2527    26.2537    8.53348 0.0000e+00
      25767     71.257    -1.5798    -1.5835   2.601424   2.601178     2.0217     2.4635      7.881    -0.5206     4.4117 1.0740e-01    -0.1634   104.1694     7.8382     8.2321    32.6344    32.6350    26.2526    26.2532    8.53339 0.0000e+00
      25770     71.182    -1.5790    -1.5828   2.601469   2.601234     2.0217     2.4639      7.881    -0.5206     4.4117 1.0752e-01    -0.1627   104.1513     7.8399     8.2312    32.6342    32.6352    26.2525    26.2533    8.53322 0.0000e+00
      25773     71.107    -1.5783    -1.5824   2.601539   2.601241     2.0205     2.4639      7.883    -0.5308     4.4117 1.0740e-01    -0.1627   104.1513     7.8336     8.2325    32.6345    32.6349    26.2526    26.2530    8.53304 0.0000e+00
      25776     71.032    -1.5769    -1.5820   2.601602   2.601271     2.0209     2.4635      7.881    -0.5104     4.7275 1.0740e-01    -0.1627   104.1513     7.8331     8.2322    32.6338    32.6349    26.2520    26.2531    8.53274 0.0000e+00
      25779     70.959    -1.5763    -1.5821   2.601645   2.601249     2.0217     2.4639      7.881    -0.5104     4.7670 1.0740e-01    -0.1631   104.1604     7.8334     8.2355    32.6339    32.6347    26.2521    26.2529    8.53261 0.0000e+00
      25782     70.888    -1.5767    -1.5817   2.601615   2.601289     2.0213     2.4639      7.881    -0.5206     4.7670 1.0752e-01    -0.1624   104.1423     7.8310     8.2395    32.6338    32.6349    26.2521    26.2531    8.53269 0.0000e+00
      25785     70.820    -1.5769    -1.5813   2.601604   2.601312     2.0217     2.4643      7.881    -0.5206     4.7670 1.0740e-01    -0.1631   104.1604     7.8335     8.2410    32.6340    32.6348    26.2522    26.2529    8.53273 0.0000e+00
      25788     70.754    -1.5762    -1.5811   2.601634   2.601344     2.0213     2.4643      7.883    -0.5206     4.7670 1.0740e-01    -0.1631   104.1604     7.8268     8.2398    32.6337    32.6350    26.2520    26.2531    8.53259 0.0000e+00
      25791     70.686    -1.5766    -1.5801   2.601636   2.601392     2.0225     2.4635      7.883    -0.5308     4.7670 1.0740e-01    -0.1641   104.1875     7.8321     8.2356    32.6342    32.6347    26.2524    26.2529    8.53266 0.0000e+00
      25794     70.610    -1.5761    -1.5789   2.601729   2.601468     2.0217     2.4639      7.881    -0.5104     4.7670 1.0740e-01    -0.1637   104.1784     7.8331     8.2350    32.6349    32.6344    26.2530    26.2526    8.53249 0.0000e+00
      25797     70.535    -1.5735    -1.5772   2.601898   2.601623     2.0213     2.4655      7.881    -0.5104     4.7670 1.0740e-01    -0.1631   104.1604     7.8343     8.2410    32.6345    32.6347    26.2525    26.2528    8.53191 0.0000e+00
      25800     70.460    -1.5714    -1.5768   2.602004   2.601617     2.0213     2.4647      7.881    -0.5104    75.4740 1.0752e-01    -0.1637   104.1784     7.8308     8.2378    32.6337    32.6342    26.2518    26.2524    8.53146 0.0000e+00
      25803     70.390    -1.5708    -1.5774   2.602005   2.601543     2.0213     2.4655      7.881    -0.5104   471.4092 1.0740e-01    -0.1637   104.1784     7.8308     8.2404    32.6331    32.6340    26.2514    26.2522    8.53137 0.0000e+00
      25806     70.314    -1.5705    -1.5752   2.602038   2.601727     2.0217     2.4651      7.881    -0.5104   481.3974 1.0752e-01    -0.1634   104.1694     7.8336     8.2383    32.6333    32.6341    26.2515    26.2523    8.53128 0.0000e+00
      25809     70.233    -1.5700    -1.5739   2.602064   2.601775     2.0209     2.4651      7.881    -0.5206   481.1605 1.0727e-01    -0.1634   104.1694     7.8305     8.2413    32.6331    32.6334    26.2513    26.2517    8.53116 0.0000e+00
      25812     70.151    -1.5679    -1.5729   2.602198   2.601877     2.0209     2.4647      7.881    -0.5104   481.2395 1.0752e-01    -0.1634   104.1694     7.8293     8.2406    32.6327    32.6337    26.2509    26.2519    8.53069 0.0000e+00
      25815     70.062    -1.5681    -1.5706   2.602167   2.602027     2.0217     2.4647      7.881    -0.5002   481.2395 1.0740e-01    -0.1634   104.1694     7.8361     8.2378    32.6325    32.6334    26.2508    26.2516    8.53075 0.0000e+00
      25818     69.971    -1.5671    -1.5716   2.602297   2.601947     2.0225     2.4647      7.881    -0.5104   481.2395 1.0740e-01    -0.1634   104.1694     7.8440     8.2345    32.6333    32.6334    26.2514    26.2516    8.53048 0.0000e+00
      25821     69.875    -1.5647    -1.5716   2.602464   2.601927     2.0225     2.4647      7.881    -0.5104   481.2395 1.0740e-01    -0.1634   104.1694     7.8441     8.2323    32.6330    32.6332    26.2511    26.2515    8.52993 0.0000e+00
      25824     69.781    -1.5632    -1.5725   2.602554   2.601893     2.0217     2.4659      7.881    -0.5104   481.2395 1.0752e-01    -0.1634   104.1694     7.8395     8.2417    32.6327    32.6338    26.2508    26.2519    8.52960 0.0000e+00
      25827     69.687    -1.5621    -1.5695   2.602596   2.602107     2.0221     2.4651      7.881    -0.5206   481.2395 1.0727e-01    -0.1634   104.1694     7.8407     8.2378    32.6321    32.6336    26.2503    26.2517    8.52937 0.0000e+00
      25830     69.589    -1.5619    -1.5668   2.602614   2.602223     2.0221     2.4663      7.881    -0.5104   481.2395 1.0740e-01    -0.1634   104.1694     7.8408     8.2437    32.6322    32.6322    26.2504    26.2505    8.52933 0.0000e+00
      25833     69.486    -1.5630    -1.5685   2.602490   2.602138     2.0217     2.4667      7.881    -0.5104   481.2395 1.0740e-01    -0.1634   104.1694     7.8388     8.2440    32.6317    32.6330    26.2500    26.2512    8.52960 0.0000e+00
      25836     69.383    -1.5653    -1.5702   2.602323   2.602043     2.0221     2.4655      7.883    -0.5104   481.2395 1.0727e-01    -0.1634   104.1694     7.8368     8.2386    32.6320    32.6335    26.2503    26.2517    8.53012 0.0000e+00
      25839     69.279    -1.5673    -1.5700   2.602198   2.602064     2.0225     2.4659      7.881    -0.4798   481.2395 1.0740e-01    -0.1631   104.1604     7.8375     8.2404    32.6326    32.6337    26.2508    26.2518    8.53056 0.0000e+00
      25842     69.178    -1.5689    -1.5714   2.602049   2.601906     2.0225     2.4659      7.881    -0.4697   481.2395 1.0740e-01    -0.1631   104.1604     7.8406     8.2405    32.6323    32.6331    26.2506    26.2513    8.53095 0.0000e+00
      25845     69.072    -1.5708    -1.5738   2.601937   2.601764     2.0221     2.4659      7.881    -0.4900   481.2395 1.0740e-01    -0.1634   104.1694     7.8414     8.2391    32.6329    32.6339    26.2512    26.2520    8.53137 0.0000e+00
      25848     68.964    -1.5724    -1.5763   2.601799   2.601622     2.0221     2.4667      7.881    -0.4900   481.2395 1.0740e-01    -0.1631   104.1604     7.8443     8.2415    32.6329    32.6347    26.2512    26.2527    8.53174 0.0000e+00
      25851     68.856    -1.5717    -1.5773   2.601877   2.601543     2.0229     2.4663      7.881    -0.4697   481.2395 1.0752e-01    -0.1631   104.1604     7.8509     8.2398    32.6333    32.6348    26.2515    26.2529    8.53156 0.0000e+00
      25854     68.746    -1.5644    -1.5773   2.602353   2.601539     2.0225     2.4659      7.883    -0.4798   149.6550 1.0752e-01    -0.1627   104.1513     7.8463     8.2371    32.6319    32.6348    26.2502    26.2529    8.52993 0.0000e+00
      25857     68.636    -1.5609    -1.5750   2.602431   2.601642     2.0225     2.4659      7.884    -0.4900    -2.4182 1.0752e-01    -0.1634   104.1694     7.8445     8.2395    32.6292    32.6338    26.2480    26.2520    8.52927 0.0000e+00
      25860     68.527    -1.5590    -1.5738   2.602504   2.601686     2.0225     2.4663      7.881    -0.4900     0.5427 1.0740e-01    -0.1634   104.1694     7.8414     8.2436    32.6282    32.6332    26.2471    26.2514    8.52889 0.0000e+00
      25863     68.418    -1.5586    -1.5747   2.602650   2.601635     2.0233     2.4671      7.881    -0.4798     0.5032 1.0740e-01    -0.1634   104.1694     7.8460     8.2453    32.6298    32.6334    26.2483    26.2517    8.52868 0.0000e+00
      25866     68.312    -1.5487    -1.5712   2.603251   2.601954     2.0229     2.4671      7.884    -0.4900     0.5032 1.0740e-01    -0.1634   104.1694     7.8423     8.2438    32.6273    32.6341    26.2461    26.2522    8.52652 0.0000e+00
      25869     68.201    -1.5425    -1.5617   2.603582   2.602560     2.0233     2.4667      7.881    -0.4798     0.5032 1.0752e-01    -0.1627   104.1513     7.8411     8.2420    32.6252    32.6321    26.2442    26.2503    8.52520 0.0000e+00
      25872     68.090    -1.5378    -1.5519   2.603939   2.603033     2.0237     2.4667      7.881    -0.4798     0.5032 1.0740e-01    -0.1634   104.1694     7.8393     8.2430    32.6250    32.6280    26.2439    26.2467    8.52410 0.0000e+00
      25875     67.984    -1.5318    -1.5475   2.604291   2.603250     2.0237     2.4671      7.881    -0.4900     0.5032 1.0752e-01    -0.1634   104.1694     7.8349     8.2446    32.6233    32.6262    26.2424    26.2451    8.52280 0.0000e+00
      25878     67.879    -1.5274    -1.5401   2.604654   2.603850     2.0229     2.4671      7.881    -0.4900     0.5822 1.0740e-01    -0.1634   104.1694     7.8272     8.2434    32.6236    32.6264    26.2425    26.2451    8.52175 0.0000e+00
      25881     67.777    -1.5249    -1.5347   2.604689   2.604045     2.0229     2.4671      7.884    -0.4900     3.0694 1.0752e-01    -0.1634   104.1694     7.8260     8.2411    32.6214    32.6233    26.2407    26.2425    8.52130 0.0000e+00
      25884     67.673    -1.5270    -1.5326   2.604597   2.604221     2.0233     2.4675      7.881    -0.4900     3.2273 1.0752e-01    -0.1634   104.1694     7.8273     8.2385    32.6225    32.6234    26.2416    26.2425    8.52173 0.0000e+00
      25887     67.571    -1.5254    -1.5303   2.604714   2.604309     2.0237     2.4671      7.881    -0.4900     3.2273 1.0727e-01    -0.1634   104.1694     7.8276     8.2360    32.6223    32.6222    26.2415    26.2415    8.52135 0.0000e+00
      25890     67.467    -1.5222    -1.5312   2.604923   2.604225     2.0233     2.4675      7.883    -0.5002     3.2273 1.0740e-01    -0.1634   104.1694     7.8268     8.2403    32.6218    32.6221    26.2410    26.2414    8.52064 0.0000e+00
      25893     67.369    -1.5197    -1.5303   2.605071   2.604311     2.0233     2.4688      7.883    -0.4900     3.2273 1.0752e-01    -0.1634   104.1694     7.8258     8.2447    32.6212    32.6223    26.2404    26.2415    8.52009 0.0000e+00
      25896     67.271    -1.5183    -1.5293   2.605081   2.604349     2.0233     2.4684      7.881    -0.4798     3.2273 1.0752e-01    -0.1634   104.1694     7.8268     8.2400    32.6198    32.6218    26.2393    26.2411    8.51984 0.0000e+00
      25899     67.171    -1.5183    -1.5286   2.605079   2.604403     2.0229     2.4680      7.884    -0.4900     3.2273 1.0740e-01    -0.1634   104.1694     7.8291     8.2380    32.6198    32.6218    26.2393    26.2412    8.51984 0.0000e+00
