Datasets/AZMP/TEL210/tel210_2020_023.cnv
* Sea-Bird SBE 9 Data File:
* FileName = C:\CTDDATA\tel210_2020_023.hex
* Software Version Seasave V 7.26.7.110
* Temperature SN = 1697
* Conductivity SN = 4216
* Number of Bytes Per Scan = 30
* Number of Voltage Words = 4
* Number of Scans Averaged by the Deck Unit = 1
* NMEA baud rate = 4800
** VESSEL/TRIP/SEQ STN:  tel210_2020_023
** LATITUDE XX XX.XX: 47 00.00 N
** LONGITUDE XX XX.XX: 046 01.00 W
** SOUNDING DEPTH (M): 0304
** PROBE TYPE: S1146
** CTD NUMBER: 022
** COMMENTS (14 CHAR): FC-21
** BOTTLES:  11
** LEVELS: 5,10,20,30,40,50,75,100,150,250,BTM
** STICKERS: 435891 - 435901
** VNET: Y
** DO2: N
# nquan = 22
# nvalues = 7106                        
# units = specified
# name 0 = scan: Scan Count
# name 1 = prDM: Pressure, Digiquartz [db]
# name 2 = t090C: Temperature [ITS-90, deg C]
# name 3 = t190C: Temperature, 2 [ITS-90, deg C]
# name 4 = c0S/m: Conductivity [S/m]
# name 5 = c1S/m: Conductivity, 2 [S/m]
# name 6 = sbeox0V: Oxygen raw, SBE 43 [V]
# name 7 = sbeox1V: Oxygen raw, SBE 43, 2 [V]
# name 8 = ph: pH
# name 9 = flECO-AFL: Fluorescence, WET Labs ECO-AFL/FL [mg/m^3]
# name 10 = wetCDOM: Fluorescence, WET Labs CDOM [mg/m^3]
# name 11 = par/sat/log: PAR/Logarithmic, Satlantic [umol photons/m^2/sec]
# name 12 = CStarAt0: Beam Attenuation, WET Labs C-Star [1/m]
# name 13 = CStarTr0: Beam Transmission, WET Labs C-Star [%]
# name 14 = sbeox0ML/L: Oxygen, SBE 43 [ml/l], WS = 2
# name 15 = sbeox1ML/L: Oxygen, SBE 43, 2 [ml/l], WS = 2
# name 16 = sal00: Salinity, Practical [PSU]
# name 17 = sal11: Salinity, Practical, 2 [PSU]
# name 18 = sigma-t00: Density [sigma-t, kg/m^3 ]
# name 19 = sigma-t11: Density, 2 [sigma-t, kg/m^3 ]
# name 20 = oxsatML/L: Oxygen Saturation, Weiss [ml/l]
# name 21 = flag: flag
# span 0 =        116,      55454       
# span 1 =      1.198,    303.934       
# span 2 =     2.9868,    11.6926       
# span 3 =     2.9800,    11.6760       
# span 4 =   3.115256,   3.808864       
# span 5 =   3.114614,   3.807250       
# span 6 =     1.8197,     2.4561       
# span 7 =     2.1886,     2.9965       
# span 8 =      7.945,      8.211       
# span 9 =    -0.6325,     5.3300       
# span 10 =    -2.8130,   482.1870      
# span 11 = 1.0703e-01, 3.0410e+02      
# span 12 =    -0.1299,     0.2172      
# span 13 =    94.7374,   103.3012      
# span 14 =     5.8495,     7.8230      
# span 15 =     6.1008,     8.1880      
# span 16 =    33.3829,    34.8779      
# span 17 =    33.3791,    34.8770      
# span 18 =    25.3996,    27.6942      
# span 19 =    25.3973,    27.6942      
# span 20 =    6.15186,    7.48168      
# span 21 = 0.0000e+00, 0.0000e+00      
# interval = scans: 3                   
# start_time = Jul 17 2020 18:04:17 [System UTC, header]
# bad_flag = -9.990e-29
*END*
[from data line 659]
       2161     59.115     4.6907     4.6859   3.258215   3.257648     2.1465     2.5974      8.083     0.9548   481.0816 1.2090e+00    -0.0525   101.3208     6.8915     7.1804    34.2748    34.2732    27.1353    27.1345    7.17650 0.0000e+00
       2164     59.220     4.6883     4.6838   3.258055   3.257475     2.1453     2.5974      8.082     0.9446   481.2395 1.1937e+00    -0.0525   101.3208     6.8885     7.1845    34.2753    34.2733    27.1360    27.1348    7.17689 0.0000e+00
       2167     59.326     4.6871     4.6819   3.257928   3.257344     2.1461     2.5970      8.080     0.9650   481.2395 1.1938e+00    -0.0525   101.3208     6.8936     7.1867    34.2751    34.2736    27.1360    27.1354    7.17711 0.0000e+00
       2170     59.425     4.6854     4.6805   3.257800   3.257209     2.1453     2.5962      8.080     0.9548   481.3184 1.1732e+00    -0.0521   101.3118     6.8895     7.1878    34.2753    34.2735    27.1362    27.1353    7.17740 0.0000e+00
       2173     59.522     4.6840     4.6792   3.257679   3.257121     2.1453     2.5958      8.080     1.0057   481.2395 1.1718e+00    -0.0521   101.3118     6.8884     7.1881    34.2754    34.2738    27.1364    27.1357    7.17765 0.0000e+00
       2176     59.616     4.6819     4.6773   3.257534   3.256948     2.1453     2.5950      8.080     1.0057   481.3579 1.1557e+00    -0.0553   101.3932     6.8906     7.1864    34.2758    34.2736    27.1370    27.1358    7.17799 0.0000e+00
       2179     59.704     4.6802     4.6754   3.257379   3.256796     2.1436     2.5946      8.079     0.9854   481.2395 1.1543e+00    -0.0557   101.4022     6.8876     7.1869    34.2756    34.2738    27.1371    27.1362    7.17829 0.0000e+00
       2182     59.787     4.6780     4.6734   3.257227   3.256672     2.1428     2.5938      8.080     0.9752   129.1259 1.1490e+00    -0.0557   101.4022     6.8903     7.1872    34.2761    34.2744    27.1377    27.1369    7.17865 0.0000e+00
       2185     59.866     4.6763     4.6719   3.257141   3.256580     2.1432     2.5938      8.079     0.9955     1.8850 1.1385e+00    -0.0557   101.4022     6.8955     7.1891    34.2769    34.2748    27.1385    27.1373    7.17892 0.0000e+00
       2188     59.939     4.6759     4.6712   3.257128   3.256512     2.1432     2.5942      8.080     0.9955     6.7015 1.1345e+00    -0.0557   101.4022     6.8941     7.1908    34.2770    34.2748    27.1387    27.1374    7.17897 0.0000e+00
       2191     60.005     4.6750     4.6706   3.257063   3.256466     2.1428     2.5934      8.077     0.9955     6.4251 1.1345e+00    -0.0557   101.4022     6.8910     7.1881    34.2772    34.2748    27.1389    27.1375    7.17913 0.0000e+00
       2194     60.072     4.6747     4.6701   3.257039   3.256397     2.1416     2.5934      8.076     0.9752     6.4251 1.1306e+00    -0.0575   101.4474     6.8873     7.1901    34.2772    34.2744    27.1390    27.1372    7.17918 0.0000e+00
       2197     60.135     4.6745     4.6695   3.257008   3.256388     2.1416     2.5921      8.077     1.0260     6.4251 1.1254e+00    -0.0632   101.5921     6.8872     7.1862    34.2770    34.2749    27.1388    27.1377    7.17922 0.0000e+00
       2200     60.195     4.6739     4.6689   3.256986   3.256327     2.1416     2.5913      8.076     1.0565     6.4251 1.1060e+00    -0.0632   101.5921     6.8888     7.1837    34.2773    34.2748    27.1391    27.1377    7.17931 0.0000e+00
       2203     60.253     4.6736     4.6684   3.256948   3.256304     2.1412     2.5913      8.076     1.0464     6.4251 1.1009e+00    -0.0628   101.5831     6.8913     7.1835    34.2771    34.2750    27.1390    27.1379    7.17937 0.0000e+00
       2206     60.307     4.6733     4.6681   3.256910   3.256272     2.1416     2.5921      8.076     1.0565     5.9119 1.1022e+00    -0.0632   101.5921     6.8945     7.1852    34.2770    34.2750    27.1390    27.1379    7.17943 0.0000e+00
       2209     60.362     4.6730     4.6676   3.256884   3.256239     2.1404     2.5917      8.076     1.0565    -0.5232 1.0972e+00    -0.0628   101.5831     6.8889     7.1838    34.2769    34.2750    27.1389    27.1380    7.17948 0.0000e+00
       2212     60.418     4.6725     4.6674   3.256860   3.256221     2.1392     2.5897      8.076     1.0464    -0.7996 1.0921e+00    -0.0628   101.5831     6.8839     7.1765    34.2772    34.2750    27.1392    27.1380    7.17956 0.0000e+00
       2215     60.472     4.6724     4.6674   3.256820   3.256207     2.1396     2.5897      8.076     1.0464    -0.7996 1.0858e+00    -0.0646   101.6283     6.8865     7.1784    34.2768    34.2748    27.1389    27.1379    7.17960 0.0000e+00
       2218     60.522     4.6712     4.6672   3.256760   3.256204     2.1392     2.5901      8.076     1.0464    -0.7996 1.0795e+00    -0.0664   101.6735     6.8836     7.1807    34.2773    34.2749    27.1394    27.1380    7.17978 0.0000e+00
       2221     60.571     4.6707     4.6668   3.256718   3.256142     2.1383     2.5893      8.076     1.0464    -0.7996 1.0820e+00    -0.0664   101.6735     6.8795     7.1780    34.2773    34.2746    27.1395    27.1378    7.17987 0.0000e+00
       2224     60.619     4.6701     4.6659   3.256678   3.256068     2.1388     2.5889      8.076     0.9853    -0.7996 1.0671e+00    -0.0664   101.6735     6.8818     7.1745    34.2775    34.2747    27.1397    27.1380    7.17997 0.0000e+00
       2227     60.667     4.6694     4.6651   3.256619   3.256041     2.1392     2.5885      8.076     0.9548    -0.7996 1.0671e+00    -0.0664   101.6735     6.8839     7.1698    34.2774    34.2751    27.1397    27.1383    7.18008 0.0000e+00
       2230     60.716     4.6692     4.6642   3.256602   3.255965     2.1392     2.5881      8.076     0.9752    -0.7996 1.0573e+00    -0.0664   101.6735     6.8842     7.1678    34.2774    34.2751    27.1397    27.1385    7.18012 0.0000e+00
       2233     60.768     4.6684     4.6637   3.256544   3.255947     2.1375     2.5877      8.076     0.9446   132.9159 1.0585e+00    -0.0664   101.6735     6.8778     7.1676    34.2775    34.2754    27.1399    27.1388    7.18025 0.0000e+00
       2236     60.820     4.6680     4.6634   3.256477   3.255911     2.1375     2.5877      8.076     0.9752   482.1870 1.0536e+00    -0.0710   101.7910     6.8792     7.1690    34.2772    34.2753    27.1397    27.1387    7.18035 0.0000e+00
       2239     60.871     4.6659     4.6624   3.256325   3.255849     2.1367     2.5873      8.076     0.9548   480.9632 1.0487e+00    -0.0728   101.8363     6.8746     7.1666    34.2775    34.2756    27.1402    27.1390    7.18070 0.0000e+00
       2242     60.926     4.6631     4.6605   3.256135   3.255702     2.1359     2.5864      8.076     0.9650   481.2395 1.0463e+00    -0.0728   101.8363     6.8704     7.1649    34.2781    34.2759    27.1410    27.1395    7.18115 0.0000e+00
       2245     60.986     4.6615     4.6581   3.256037   3.255502     2.1371     2.5860      8.076     0.9548   481.2395 1.0439e+00    -0.0728   101.8363     6.8750     7.1640    34.2787    34.2760    27.1416    27.1398    7.18141 0.0000e+00
       2248     61.047     4.6611     4.6564   3.256015   3.255410     2.1359     2.5844      8.076     0.9650   481.2395 1.0379e+00    -0.0728   101.8363     6.8699     7.1576    34.2787    34.2766    27.1417    27.1405    7.18147 0.0000e+00
       2251     61.107     4.6606     4.6559   3.255965   3.255392     2.1359     2.5848      8.076     0.8938   481.3184 1.0295e+00    -0.0728   101.8363     6.8714     7.1582    34.2787    34.2769    27.1417    27.1407    7.18157 0.0000e+00
       2254     61.171     4.6596     4.6558   3.255889   3.255354     2.1347     2.5840      8.076     0.8938   481.2790 1.0236e+00    -0.0728   101.8363     6.8685     7.1552    34.2788    34.2766    27.1419    27.1405    7.18173 0.0000e+00
       2257     61.234     4.6569     4.6545   3.255636   3.255263     2.1351     2.5844      8.076     0.9141   481.3184 1.0212e+00    -0.0749   101.8905     6.8707     7.1579    34.2786    34.2767    27.1420    27.1408    7.18221 0.0000e+00
       2260     61.300     4.6524     4.6515   3.255320   3.254985     2.1355     2.5840      8.073     0.8836   481.2790 1.0165e+00    -0.0749   101.8905     6.8743     7.1549    34.2796    34.2765    27.1433    27.1410    7.18296 0.0000e+00
       2263     61.370     4.6508     4.6473   3.255209   3.254687     2.1339     2.5836      8.076     0.9141   481.3184 1.0200e+00    -0.0749   101.8905     6.8711     7.1536    34.2799    34.2774    27.1438    27.1422    7.18322 0.0000e+00
       2266     61.442     4.6492     4.6453   3.255058   3.254579     2.1335     2.5836      8.074     0.9039   481.2395 1.0083e+00    -0.0749   101.8905     6.8695     7.1536    34.2797    34.2782    27.1438    27.1430    7.18351 0.0000e+00
       2269     61.515     4.6469     4.6435   3.254917   3.254424     2.1343     2.5820      8.074     0.9039   481.2790 1.0083e+00    -0.0749   101.8905     6.8714     7.1471    34.2804    34.2781    27.1446    27.1431    7.18388 0.0000e+00
       2272     61.593     4.6433     4.6409   3.254681   3.254215     2.1339     2.5816      8.073     0.9039   481.2790 1.0048e+00    -0.0749   101.8905     6.8703     7.1453    34.2813    34.2784    27.1457    27.1437    7.18445 0.0000e+00
       2275     61.673     4.6404     4.6373   3.254484   3.253955     2.1335     2.5812      8.073     0.8836   481.3579 9.9904e-01    -0.0753   101.8995     6.8660     7.1418    34.2820    34.2790    27.1465    27.1445    7.18493 0.0000e+00
       2278     61.758     4.6383     4.6345   3.254331   3.253762     2.1322     2.5812      8.071     0.8836   481.3579 9.9327e-01    -0.0760   101.9176     6.8608     7.1410    34.2824    34.2796    27.1471    27.1453    7.18529 0.0000e+00
       2281     61.847     4.6365     4.6325   3.254143   3.253599     2.1318     2.5808      8.071     0.8734   481.2790 9.9212e-01    -0.0756   101.9086     6.8563     7.1389    34.2819    34.2798    27.1469    27.1457    7.18561 0.0000e+00
       2284     61.937     4.6337     4.6297   3.253911   3.253347     2.1331     2.5787      8.071     0.8633   481.3184 9.8072e-01    -0.0760   101.9176     6.8614     7.1322    34.2821    34.2797    27.1473    27.1459    7.18610 0.0000e+00
       2287     62.033     4.6306     4.6261   3.253701   3.253084     2.1331     2.5787      8.071     0.8734    84.6726 9.7845e-01    -0.0760   101.9176     6.8632     7.1326    34.2828    34.2803    27.1483    27.1468    7.18661 0.0000e+00
       2290     62.130     4.6289     4.6242   3.253574   3.252986     2.1314     2.5783      8.071     0.8531    -1.3523 9.7282e-01    -0.0760   101.9176     6.8545     7.1332    34.2830    34.2810    27.1486    27.1476    7.18689 0.0000e+00
       2293     62.228     4.6277     4.6228   3.253524   3.252889     2.1310     2.5771      8.071     0.8531     1.9245 9.7506e-01    -0.0760   101.9176     6.8498     7.1307    34.2837    34.2813    27.1493    27.1480    7.18708 0.0000e+00
       2296     62.330     4.6265     4.6219   3.253453   3.252819     2.1302     2.5779      8.071     0.8734     1.6876 9.6385e-01    -0.0749   101.8905     6.8461     7.1348    34.2840    34.2813    27.1497    27.1481    7.18726 0.0000e+00
       2299     62.437     4.6249     4.6206   3.253224   3.252717     2.1294     2.5763      8.071     0.8633     1.6876 9.5719e-01    -0.0749   101.8905     6.8433     7.1307    34.2830    34.2815    27.1490    27.1483    7.18760 0.0000e+00
       2302     62.548     4.6212     4.6169   3.252966   3.252388     2.1302     2.5763      8.071     0.7818     1.6876 9.4838e-01    -0.0749   101.8905     6.8478     7.1327    34.2837    34.2814    27.1500    27.1487    7.18821 0.0000e+00
       2305     62.654     4.6189     4.6141   3.252812   3.252198     2.1290     2.5763      8.071     0.6801     1.6876 9.3965e-01    -0.0749   101.8905     6.8408     7.1373    34.2842    34.2821    27.1507    27.1495    7.18858 0.0000e+00
       2308     62.763     4.6176     4.6125   3.252679   3.252082     2.1290     2.5742      8.069     0.6902     1.6876 9.3856e-01    -0.0749   101.8905     6.8399     7.1331    34.2840    34.2823    27.1507    27.1499    7.18883 0.0000e+00
       2311     62.872     4.6154     4.6109   3.252529   3.251947     2.1290     2.5750      8.069     0.6801     1.8060 9.4292e-01    -0.0749   101.8905     6.8418     7.1365    34.2844    34.2823    27.1512    27.1501    7.18919 0.0000e+00
       2314     62.983     4.6126     4.6088   3.252236   3.251748     2.1282     2.5742      8.066     0.6699     2.5562 9.2885e-01    -0.0749   101.8905     6.8431     7.1334    34.2838    34.2821    27.1511    27.1501    7.18970 0.0000e+00
       2317     63.096     4.6062     4.6033   3.251687   3.251278     2.1269     2.5738      8.068     0.6902     2.5167 9.2670e-01    -0.0753   101.8995     6.8408     7.1345    34.2840    34.2822    27.1519    27.1508    7.19082 0.0000e+00
       2320     63.212     4.5992     4.5955   3.251195   3.250707     2.1269     2.5738      8.066     0.6801     2.5956 9.2029e-01    -0.0749   101.8905     6.8433     7.1369    34.2854    34.2835    27.1538    27.1527    7.19197 0.0000e+00
       2323     63.332     4.5951     4.5906   3.250946   3.250396     2.1273     2.5730      8.066     0.7004     2.5167 9.0450e-01    -0.0753   101.8995     6.8452     7.1373    34.2867    34.2850    27.1553    27.1544    7.19263 0.0000e+00
       2326     63.451     4.5923     4.5878   3.250736   3.250164     2.1261     2.5726      8.066     0.6801     2.5167 9.0346e-01    -0.0756   101.9086     6.8401     7.1377    34.2871    34.2851    27.1559    27.1548    7.19310 0.0000e+00
       2329     63.572     4.5906     4.5857   3.250642   3.250055     2.1261     2.5730      8.066     0.5478     2.5167 8.9618e-01    -0.0753   101.8995     6.8407     7.1396    34.2877    34.2859    27.1566    27.1557    7.19338 0.0000e+00
       2332     63.691     4.5882     4.5836   3.250435   3.249828     2.1253     2.5726      8.066     0.4970     2.5562 8.8385e-01    -0.0753   101.8995     6.8380     7.1375    34.2877    34.2854    27.1568    27.1555    7.19379 0.0000e+00
       2335     63.807     4.5845     4.5797   3.250144   3.249565     2.1249     2.5714      8.067     0.5071     2.5167 8.7163e-01    -0.0756   101.9086     6.8387     7.1324    34.2881    34.2863    27.1576    27.1567    7.19442 0.0000e+00
       2338     63.920     4.5818     4.5771   3.249900   3.249359     2.1257     2.5702      8.067     0.5071     3.6616 8.6661e-01    -0.0788   101.9900     6.8437     7.1289    34.2880    34.2865    27.1578    27.1571    7.19491 0.0000e+00
       2341     64.030     4.5773     4.5739   3.249448   3.249064     2.1249     2.5714      8.065     0.5071     5.5960 8.5764e-01    -0.0785   101.9809     6.8417     7.1334    34.2873    34.2863    27.1577    27.1573    7.19572 0.0000e+00
       2344     64.144     4.5692     4.5665   3.248869   3.248434     2.1245     2.5706      8.067     0.5173     5.4776 8.5172e-01    -0.0785   101.9809     6.8392     7.1316    34.2889    34.2866    27.1599    27.1584    7.19707 0.0000e+00
       2347     64.252     4.5641     4.5600   3.248477   3.247980     2.1237     2.5710      8.065     0.5275     5.4776 8.3223e-01    -0.0788   101.9900     6.8366     7.1337    34.2894    34.2879    27.1609    27.1602    7.19792 0.0000e+00
       2350     64.357     4.5599     4.5561   3.248191   3.247709     2.1237     2.5698      8.065     0.5173     5.5171 8.3512e-01    -0.0792   101.9990     6.8390     7.1283    34.2904    34.2887    27.1621    27.1612    7.19861 0.0000e+00
       2353     64.460     4.5570     4.5526   3.247989   3.247477     2.1225     2.5689      8.062     0.5275     5.4776 8.3512e-01    -0.0788   101.9900     6.8331     7.1242    34.2911    34.2896    27.1629    27.1623    7.19910 0.0000e+00
