Datasets/AZMP/TEL210/tel210_2020_052.cnv
* Sea-Bird SBE 9 Data File:
* FileName = C:\CTDDATA\tel210_2020_052.hex
* Software Version Seasave V 7.26.7.110
* Temperature SN = 1697
* Conductivity SN = 4216
* Number of Bytes Per Scan = 30
* Number of Voltage Words = 4
* Number of Scans Averaged by the Deck Unit = 1
* NMEA baud rate = 4800
** VESSEL/TRIP/SEQ STN:  tel210_2020_052
** LATITUDE XX XX.XX: 49 11.40 N
** LONGITUDE XX XX.XX: 051 32.50 W
** SOUNDING DEPTH (M): 0312
** PROBE TYPE: S1146
** CTD NUMBER: 042
** COMMENTS (14 CHAR): BB-07
** BOTTLES:  11
** LEVELS: 5,10,20,30,40,50,75,100,150,250,BTM
** STICKERS: 436054 - 436064
** VNET: Y
** DO2: N
# nquan = 22
# nvalues = 7074                        
# units = specified
# name 0 = scan: Scan Count
# name 1 = prDM: Pressure, Digiquartz [db]
# name 2 = t090C: Temperature [ITS-90, deg C]
# name 3 = t190C: Temperature, 2 [ITS-90, deg C]
# name 4 = c0S/m: Conductivity [S/m]
# name 5 = c1S/m: Conductivity, 2 [S/m]
# name 6 = sbeox0V: Oxygen raw, SBE 43 [V]
# name 7 = sbeox1V: Oxygen raw, SBE 43, 2 [V]
# name 8 = ph: pH
# name 9 = flECO-AFL: Fluorescence, WET Labs ECO-AFL/FL [mg/m^3]
# name 10 = wetCDOM: Fluorescence, WET Labs CDOM [mg/m^3]
# name 11 = par/sat/log: PAR/Logarithmic, Satlantic [umol photons/m^2/sec]
# name 12 = CStarAt0: Beam Attenuation, WET Labs C-Star [1/m]
# name 13 = CStarTr0: Beam Transmission, WET Labs C-Star [%]
# name 14 = sbeox0ML/L: Oxygen, SBE 43 [ml/l], WS = 2
# name 15 = sbeox1ML/L: Oxygen, SBE 43, 2 [ml/l], WS = 2
# name 16 = sal00: Salinity, Practical [PSU]
# name 17 = sal11: Salinity, Practical, 2 [PSU]
# name 18 = sigma-t00: Density [sigma-t, kg/m^3 ]
# name 19 = sigma-t11: Density, 2 [sigma-t, kg/m^3 ]
# name 20 = oxsatML/L: Oxygen Saturation, Weiss [ml/l]
# name 21 = flag: flag
# span 0 =         44,      46395       
# span 1 =      0.584,    307.777       
# span 2 =    -1.1936,    11.1771       
# span 3 =    -1.2003,    11.1748       
# span 4 =   2.643172,   3.581827       
# span 5 =   2.643029,   3.581524       
# span 6 =     1.7960,     2.6086       
# span 7 =     2.1562,     3.2161       
# span 8 =      7.919,      8.322       
# span 9 =     0.6346,    24.8357       
# span 10 =    -2.8130,   482.1870      
# span 11 = 1.0667e-01, 3.9986e-01      
# span 12 =    -0.1477,     2.9774      
# span 13 =    47.5051,   103.7624      
# span 14 =     5.8724,     9.8186      
# span 15 =     6.1384,    10.6633      
# span 16 =    31.1448,    34.7040      
# span 17 =    31.6179,    34.7045      
# span 18 =    24.0649,    27.6281      
# span 19 =    24.1328,    27.6266      
# span 20 =    6.29001,    8.43330      
# span 21 = 0.0000e+00, 0.0000e+00      
# interval = scans: 3                   
# start_time = Jul 21 2020 05:11:43 [System UTC, header]
# bad_flag = -9.990e-29
*END*
[from data line 5729]
      26131    110.233    -0.5713    -0.5850   2.737194   2.735651     1.9362     2.3455      7.980     0.6875     0.8191 1.0715e-01    -0.1404   103.5725     7.1605     7.4986    33.3497    33.3441    26.7997    26.7956    8.26166 0.0000e+00
      26134    110.140    -0.5696    -0.5845   2.737580   2.735725     1.9358     2.3455      7.985     0.6875     0.8586 1.0715e-01    -0.1404   103.5725     7.1589     7.5002    33.3531    33.3445    26.8023    26.7960    8.26109 0.0000e+00
      26137    110.042    -0.5688    -0.5855   2.737257   2.735535     1.9366     2.3463      7.980     0.6875     0.8191 1.0727e-01    -0.1404   103.5725     7.1638     7.5033    33.3479    33.3432    26.7980    26.7950    8.26119 0.0000e+00
      26140    109.939    -0.5705    -0.5852   2.736605   2.735687     1.9362     2.3467      7.983     0.6981     0.8191 1.0715e-01    -0.1404   103.5725     7.1630     7.5014    33.3410    33.3450    26.7926    26.7963    8.26196 0.0000e+00
      26143    109.835    -0.5747    -0.5813   2.735777   2.736186     1.9362     2.3459      7.980     0.6875     1.3323 1.0727e-01    -0.1404   103.5725     7.1635     7.4958    33.3346    33.3474    26.7876    26.7982    8.26326 0.0000e+00
      26146    109.727    -0.5796    -0.5807   2.735336   2.736110     1.9358     2.3455      7.980     0.6875     1.5692 1.0715e-01    -0.1401   103.5635     7.1657     7.4971    33.3341    33.3457    26.7873    26.7968    8.26437 0.0000e+00
      26149    109.616    -0.5827    -0.5813   2.735483   2.736112     1.9354     2.3455      7.980     0.6770     1.5692 1.0727e-01    -0.1404   103.5725     7.1647     7.5009    33.3396    33.3465    26.7919    26.7975    8.26476 0.0000e+00
      26152    109.504    -0.5836    -0.5803   2.735455   2.736185     1.9354     2.3459      7.980     0.6875     1.5297 1.0727e-01    -0.1404   103.5725     7.1628     7.5035    33.3403    33.3465    26.7926    26.7974    8.26492 0.0000e+00
      26155    109.389    -0.5834    -0.5797   2.736151   2.736299     1.9354     2.3467      7.980     0.6981     1.5692 1.0715e-01    -0.1404   103.5725     7.1630     7.5061    33.3495    33.3474    26.8000    26.7981    8.26436 0.0000e+00
      26158    109.275    -0.5804    -0.5797   2.736566   2.736288     1.9362     2.3471      7.980     0.7299     1.5692 1.0715e-01    -0.1404   103.5725     7.1699     7.5080    33.3518    33.3473    26.8017    26.7980    8.26354 0.0000e+00
      26161    109.161    -0.5777    -0.5806   2.736634   2.736126     1.9358     2.3459      7.980     0.7299     1.5692 1.0715e-01    -0.1404   103.5725     7.1698     7.5059    33.3499    33.3462    26.8000    26.7972    8.26307 0.0000e+00
      26164    109.043    -0.5765    -0.5806   2.736550   2.736167     1.9358     2.3455      7.980     0.7299     1.5692 1.0727e-01    -0.1401   103.5635     7.1719     7.5087    33.3475    33.3469    26.7980    26.7977    8.26294 0.0000e+00
      26167    108.924    -0.5751    -0.5793   2.736876   2.736390     1.9358     2.3463      7.980     0.7299     1.5297 1.0727e-01    -0.1404   103.5725     7.1736     7.5160    33.3504    33.3485    26.8003    26.7990    8.26246 0.0000e+00
      26170    108.807    -0.5743    -0.5798   2.736225   2.736124     1.9370     2.3467      7.982     0.7299    -0.0100 1.0715e-01    -0.1404   103.5725     7.1836     7.5202    33.3409    33.3455    26.7926    26.7966    8.26283 0.0000e+00
      26173    108.694    -0.5796    -0.5825   2.734381   2.735659     1.9362     2.3467      7.980     0.7299    -0.1284 1.0727e-01    -0.1404   103.5725     7.1848     7.5205    33.3220    33.3423    26.7775    26.7941    8.26507 0.0000e+00
      26176    108.588    -0.5875    -0.5965   2.733666   2.733604     1.9354     2.3467      7.980     0.7299    -0.1284 1.0727e-01    -0.1404   103.5725     7.1821     7.5232    33.3211    33.3302    26.7772    26.7849    8.26688 0.0000e+00
      26179    108.486    -0.5949    -0.6078   2.732998   2.732646     1.9370     2.3467      7.980     0.7299    -0.0889 1.0715e-01    -0.1404   103.5725     7.1917     7.5277    33.3203    33.3298    26.7768    26.7850    8.26856 0.0000e+00
      26182    108.389    -0.6005    -0.6118   2.732710   2.732407     1.9366     2.3475      7.980     0.7510    -0.1284 1.0715e-01    -0.1408   103.5816     7.1922     7.5356    33.3227    33.3311    26.7790    26.7862    8.26968 0.0000e+00
      26185    108.293    -0.6045    -0.6139   2.732391   2.732126     1.9370     2.3479      7.980     0.7405    -0.0889 1.0727e-01    -0.1404   103.5725     7.1984     7.5409    33.3228    33.3296    26.7792    26.7851    8.27056 0.0000e+00
      26188    108.196    -0.6081    -0.6167   2.732247   2.731724     1.9362     2.3479      7.980     0.7616    -0.1679 1.0715e-01    -0.1404   103.5725     7.1956     7.5425    33.3250    33.3274    26.7811    26.7834    8.27125 0.0000e+00
      26191    108.105    -0.6097    -0.6181   2.732280   2.731700     1.9370     2.3483      7.980     0.7616    -0.1284 1.0727e-01    -0.1404   103.5725     7.1981     7.5448    33.3273    33.3287    26.7830    26.7845    8.27148 0.0000e+00
      26194    108.023    -0.6104    -0.6178   2.732118   2.731717     1.9374     2.3483      7.980     0.7722     0.3454 1.0715e-01    -0.1404   103.5725     7.2020     7.5476    33.3259    33.3286    26.7819    26.7845    8.27171 0.0000e+00
      26197    107.946    -0.6120    -0.6177   2.731808   2.731711     1.9374     2.3483      7.980     0.7510     2.1219 1.0715e-01    -0.1404   103.5725     7.2061     7.5515    33.3235    33.3285    26.7801    26.7844    8.27220 0.0000e+00
      26200    107.877    -0.6138    -0.6175   2.731708   2.731749     1.9374     2.3479      7.980     0.7510     2.1614 1.0715e-01    -0.1404   103.5725     7.2047     7.5508    33.3242    33.3288    26.7807    26.7846    8.27256 0.0000e+00
      26203    107.805    -0.6148    -0.6173   2.731705   2.731723     1.9374     2.3491      7.980     0.7510     2.1614 1.0715e-01    -0.1404   103.5725     7.2042     7.5550    33.3254    33.3283    26.7817    26.7842    8.27272 0.0000e+00
      26206    107.736    -0.6150    -0.6188   2.731765   2.731542     1.9382     2.3491      7.980     0.7616     2.1614 1.0740e-01    -0.1404   103.5725     7.2118     7.5554    33.3264    33.3276    26.7825    26.7836    8.27270 0.0000e+00
      26209    107.669    -0.6152    -0.6198   2.731777   2.731397     1.9382     2.3491      7.980     0.7510     2.1614 1.0727e-01    -0.1415   103.5997     7.2165     7.5564    33.3268    33.3267    26.7829    26.7830    8.27273 0.0000e+00
      26212    107.607    -0.6154    -0.6221   2.731753   2.731067     1.9378     2.3504      7.980     0.7616     2.1614 1.0715e-01    -0.1415   103.5997     7.2132     7.5620    33.3267    33.3249    26.7828    26.7816    8.27277 0.0000e+00
      26215    107.550    -0.6152    -0.6243   2.731764   2.730915     1.9382     2.3504      7.980     0.7616     2.1614 1.0727e-01    -0.1415   103.5997     7.2106     7.5635    33.3267    33.3253    26.7828    26.7821    8.27274 0.0000e+00
      26218    107.500    -0.6154    -0.6240   2.731765   2.730936     1.9390     2.3512      7.980     0.7405     2.1614 1.0727e-01    -0.1415   103.5997     7.2142     7.5684    33.3270    33.3253    26.7830    26.7820    8.27276 0.0000e+00
      26221    107.452    -0.6149    -0.6234   2.731896   2.731206     1.9386     2.3516      7.980     0.7510     1.5297 1.0727e-01    -0.1415   103.5997     7.2116     7.5700    33.3282    33.3283    26.7840    26.7844    8.27258 0.0000e+00
      26224    107.402    -0.6140    -0.6205   2.731977   2.731482     1.9386     2.3508      7.983     0.7510     0.9375 1.0727e-01    -0.1415   103.5997     7.2089     7.5669    33.3283    33.3288    26.7840    26.7848    8.27237 0.0000e+00
      26227    107.353    -0.6137    -0.6192   2.731922   2.731484     1.9394     2.3516      7.980     0.7616     0.9770 1.0727e-01    -0.1418   103.6087     7.2111     7.5687    33.3273    33.3275    26.7832    26.7836    8.27236 0.0000e+00
      26230    107.302    -0.6138    -0.6195   2.731863   2.731435     1.9398     2.3520      7.980     0.7510     0.9770 1.0715e-01    -0.1418   103.6087     7.2122     7.5687    33.3266    33.3271    26.7827    26.7833    8.27242 0.0000e+00
      26233    107.252    -0.6139    -0.6199   2.731860   2.731371     1.9402     2.3516      7.982     0.7404     0.9770 1.0715e-01    -0.1418   103.6087     7.2139     7.5641    33.3267    33.3268    26.7827    26.7831    8.27243 0.0000e+00
      26236    107.201    -0.6140    -0.6208   2.731866   2.731274     1.9390     2.3520      7.980     0.6981     0.9770 1.0727e-01    -0.1418   103.6087     7.2051     7.5605    33.3269    33.3265    26.7829    26.7829    8.27244 0.0000e+00
      26239    107.148    -0.6139    -0.6211   2.731860   2.731291     1.9394     2.3528      7.980     0.6875     0.9770 1.0727e-01    -0.1422   103.6178     7.2042     7.5591    33.3268    33.3270    26.7828    26.7833    8.27244 0.0000e+00
      26242    107.089    -0.6145    -0.6208   2.731564   2.731292     1.9398     2.3528      7.982     0.7087     0.9770 1.0727e-01    -0.1415   103.5997     7.2026     7.5538    33.3235    33.3267    26.7802    26.7830    8.27276 0.0000e+00
      26245    107.026    -0.6164    -0.6207   2.731417   2.731453     1.9398     2.3536      7.980     0.7087     0.9770 1.0727e-01    -0.1415   103.5997     7.1983     7.5507    33.3236    33.3289    26.7803    26.7848    8.27317 0.0000e+00
      26248    106.959    -0.6176    -0.6184   2.731383   2.731736     1.9398     2.3544      7.982     0.6875     2.9115 1.0715e-01    -0.1415   103.5997     7.1945     7.5494    33.3245    33.3302    26.7811    26.7858    8.27338 0.0000e+00
      26251    106.891    -0.6181    -0.6160   2.731459   2.731855     1.9398     2.3536      7.980     0.6875     3.5037 1.0715e-01    -0.1415   103.5997     7.1904     7.5398    33.3262    33.3292    26.7825    26.7848    8.27341 0.0000e+00
      26254    106.819    -0.6179    -0.6156   2.731496   2.731755     1.9407     2.3544      7.980     0.6770     3.4642 1.0715e-01    -0.1415   103.5997     7.1895     7.5399    33.3265    33.3274    26.7828    26.7834    8.27335 0.0000e+00
      26257    106.744    -0.6177    -0.6164   2.731581   2.731633     1.9398     2.3532      7.980     0.6875     3.4642 1.0715e-01    -0.1415   103.5997     7.1870     7.5327    33.3275    33.3268    26.7835    26.7829    8.27325 0.0000e+00
      26260    106.661    -0.6170    -0.6182   2.731889   2.731488     1.9398     2.3532      7.980     0.7193     3.4642 1.0715e-01    -0.1415   103.5997     7.1858     7.5255    33.3308    33.3268    26.7862    26.7830    8.27289 0.0000e+00
      26263    106.573    -0.6157    -0.6220   2.731970   2.731110     1.9402     2.3532      7.982     0.7510     3.4642 1.0715e-01    -0.1415   103.5997     7.1805     7.5207    33.3306    33.3260    26.7859    26.7825    8.27261 0.0000e+00
      26266    106.477    -0.6149    -0.6244   2.731974   2.730971     1.9398     2.3524      7.982     0.7616     3.4642 1.0740e-01    -0.1408   103.5816     7.1781     7.5134    33.3298    33.3268    26.7853    26.7832    8.27249 0.0000e+00
      26269    106.379    -0.6147    -0.6229   2.731838   2.731079     1.9390     2.3520      7.980     0.7405     3.4642 1.0715e-01    -0.1404   103.5725     7.1755     7.5082    33.3278    33.3267    26.7836    26.7831    8.27255 0.0000e+00
      26272    106.276    -0.6144    -0.6232   2.732036   2.730979     1.9398     2.3528      7.980     0.7616     3.2668 1.0727e-01    -0.1404   103.5725     7.1820     7.5106    33.3302    33.3257    26.7856    26.7823    8.27234 0.0000e+00
      26275    106.165    -0.6154    -0.6264   2.731254   2.730595     1.9394     2.3528      7.982     0.7405     1.5691 1.0727e-01    -0.1404   103.5725     7.1818     7.5134    33.3209    33.3241    26.7781    26.7812    8.27311 0.0000e+00
      26278    106.050    -0.6194    -0.6270   2.730774   2.730660     1.9386     2.3532      7.980     0.7510     1.5297 1.0715e-01    -0.1404   103.5725     7.1800     7.5139    33.3189    33.3257    26.7767    26.7825    8.27411 0.0000e+00
      26281    105.932    -0.6227    -0.6246   2.730269   2.730869     1.9402     2.3532      7.980     0.7405     1.5692 1.0727e-01    -0.1404   103.5725     7.1916     7.5133    33.3158    33.3259    26.7743    26.7826    8.27501 0.0000e+00
      26284    105.812    -0.6258    -0.6249   2.730783   2.730786     1.9386     2.3516      7.980     0.7510     1.5692 1.0740e-01    -0.1404   103.5725     7.1832     7.5050    33.3262    33.3252    26.7828    26.7820    8.27512 0.0000e+00
      26287    105.693    -0.6237    -0.6273   2.731230   2.730471     1.9386     2.3520      7.980     0.7405     1.5692 1.0727e-01    -0.1408   103.5816     7.1828     7.5054    33.3300    33.3237    26.7858    26.7809    8.27444 0.0000e+00
      26290    105.568    -0.6225    -0.6319   2.730994   2.729996     1.9398     2.3516      7.982     0.7299     1.5692 1.0727e-01    -0.1415   103.5997     7.1881     7.5037    33.3255    33.3225    26.7821    26.7801    8.27442 0.0000e+00
      26293    105.446    -0.6228    -0.6305   2.730780   2.730464     1.9398     2.3516      7.980     0.7299     1.5692 1.0715e-01    -0.1415   103.5997     7.1866     7.4968    33.3231    33.3273    26.7801    26.7839    8.27462 0.0000e+00
      26296    105.317    -0.6236    -0.6302   2.730658   2.730358     1.9402     2.3516      7.983     0.7299     1.5692 1.0715e-01    -0.1415   103.5997     7.1864     7.4924    33.3224    33.3256    26.7796    26.7825    8.27484 0.0000e+00
      26299    105.183    -0.6244    -0.6400   2.730389   2.727889     1.9398     2.3516      7.983     0.7299     0.9770 1.0727e-01    -0.1415   103.5997     7.1864     7.4913    33.3197    33.3033    26.7775    26.7649    8.27517 0.0000e+00
      26302    105.055    -0.6330    -0.6960   2.725868   2.721306     1.9394     2.3508      7.983     0.7299    -0.2863 1.0727e-01    -0.1415   103.5997     7.1856     7.5007    33.2685    33.2764    26.7364    26.7453    8.28001 0.0000e+00
      26305    104.923    -0.6608    -0.7283   2.721228   2.719255     1.9394     2.3504      7.980     0.7299    -0.2469 1.0715e-01    -0.1415   103.5997     7.1875     7.5075    33.2368    33.2844    26.7118    26.7530    8.28803 0.0000e+00
      26308    104.790    -0.6901    -0.7412   2.719343   2.718219     1.9394     2.3504      7.982     0.7299    -0.2074 1.0715e-01    -0.1415   103.5997     7.1902     7.5101    33.2437    33.2848    26.7186    26.7538    8.29418 0.0000e+00
      26311    104.659    -0.7119    -0.7468   2.718599   2.717822     1.9386     2.3504      7.983     0.7405    -0.2074 1.0715e-01    -0.1415   103.5997     7.1802     7.5078    33.2578    33.2857    26.7308    26.7548    8.29827 0.0000e+00
      26314    104.531    -0.7257    -0.7485   2.718124   2.717668     1.9390     2.3495      7.982     0.6770    -0.2074 1.0715e-01    -0.1415   103.5997     7.1831     7.5022    33.2666    33.2856    26.7385    26.7547    8.30086 0.0000e+00
      26317    104.406    -0.7351    -0.7503   2.717739   2.717406     1.9386     2.3491      7.985     0.6875    -0.2863 1.0715e-01    -0.1415   103.5997     7.1843     7.4995    33.2718    33.2841    26.7430    26.7536    8.30266 0.0000e+00
      26320    104.286    -0.7410    -0.7535   2.717535   2.717014     1.9386     2.3487      7.982     0.6875    -0.2074 1.0715e-01    -0.1415   103.5997     7.1887     7.4990    33.2756    33.2823    26.7464    26.7523    8.30376 0.0000e+00
      26323    104.166    -0.7446    -0.7583   2.717342   2.716487     1.9394     2.3479      7.985     0.6875    -0.2469 1.0727e-01    -0.1415   103.5997     7.1956     7.4980    33.2771    33.2807    26.7477    26.7511    8.30449 0.0000e+00
