Datasets/AZMP/TEL210/tel210_2020_014.cnv
* Sea-Bird SBE 9 Data File:
* FileName = C:\CTDDATA\tel210_2020_014.hex
* Software Version Seasave V 7.26.7.110
* Temperature SN = 1697
* Conductivity SN = 4216
* Number of Bytes Per Scan = 30
* Number of Voltage Words = 4
* Number of Scans Averaged by the Deck Unit = 1
* NMEA baud rate = 4800
** VESSEL/TRIP/SEQ STN:  tel210_2020_014
** LATITUDE XX XX.XX: 47 00.00 N
** LONGITUDE XX XX.XX: 048 07.00 W
** SOUNDING DEPTH (M): 0133
** PROBE TYPE: S1146
** CTD NUMBER: 013
** COMMENTS (14 CHAR): FC-12
** BOTTLES:  9
** LEVELS: 5,10,20,30,40,50,75,100,BTM
** STICKERS: 435819 - 435827
** VNET: Y
** DO2: N
# nquan = 22
# nvalues = 2808                        
# units = specified
# name 0 = scan: Scan Count
# name 1 = prDM: Pressure, Digiquartz [db]
# name 2 = t090C: Temperature [ITS-90, deg C]
# name 3 = t190C: Temperature, 2 [ITS-90, deg C]
# name 4 = c0S/m: Conductivity [S/m]
# name 5 = c1S/m: Conductivity, 2 [S/m]
# name 6 = sbeox0V: Oxygen raw, SBE 43 [V]
# name 7 = sbeox1V: Oxygen raw, SBE 43, 2 [V]
# name 8 = ph: pH
# name 9 = flECO-AFL: Fluorescence, WET Labs ECO-AFL/FL [mg/m^3]
# name 10 = wetCDOM: Fluorescence, WET Labs CDOM [mg/m^3]
# name 11 = par/sat/log: PAR/Logarithmic, Satlantic [umol photons/m^2/sec]
# name 12 = CStarAt0: Beam Attenuation, WET Labs C-Star [1/m]
# name 13 = CStarTr0: Beam Transmission, WET Labs C-Star [%]
# name 14 = sbeox0ML/L: Oxygen, SBE 43 [ml/l], WS = 2
# name 15 = sbeox1ML/L: Oxygen, SBE 43, 2 [ml/l], WS = 2
# name 16 = sal00: Salinity, Practical [PSU]
# name 17 = sal11: Salinity, Practical, 2 [PSU]
# name 18 = sigma-t00: Density [sigma-t, kg/m^3 ]
# name 19 = sigma-t11: Density, 2 [sigma-t, kg/m^3 ]
# name 20 = oxsatML/L: Oxygen Saturation, Weiss [ml/l]
# name 21 = flag: flag
# span 0 =         91,      36292       
# span 1 =      0.438,    131.592       
# span 2 =    -1.2978,    10.2160       
# span 3 =    -1.3072,    10.2122       
# span 4 =   2.028056,   3.539134       
# span 5 =   2.625052,   3.538674       
# span 6 =     1.7699,     2.4424       
# span 7 =     2.1398,     2.9631       
# span 8 =      7.747,      8.158       
# span 9 =    -0.5714,     1.2601       
# span 10 =    -2.8130,   482.1870      
# span 11 = 1.0715e-01, 5.0342e+02      
# span 12 =    -0.1425,    -0.0007      
# span 13 =   100.0186,   103.6268      
# span 14 =     6.3100,     8.8285      
# span 15 =     6.2175,     9.3759      
# span 16 =    17.4141,    33.2656      
# span 17 =    23.9965,    33.2688      
# span 18 =    13.2415,    26.7194      
# span 19 =    18.3563,    26.7223      
# span 20 =    6.40678,    8.46570      
# span 21 = 0.0000e+00, 0.0000e+00      
# interval = scans: 3                   
# start_time = Jul 16 2020 13:23:07 [System UTC, header]
# bad_flag = -9.990e-29
*END*
[from data line 922]
       3734     98.308    -0.5267    -0.5322   2.714716   2.714266     1.8216     2.1972      7.776    -0.4900     1.9245 2.3223e-01    -0.0834   102.1075     6.5394     6.8431    33.0066    33.0065    26.5203    26.5204    8.27118 0.0000e+00
       3737     98.447    -0.5264    -0.5323   2.714774   2.714259     1.8212     2.1972      7.776    -0.4900     1.9245 2.2409e-01    -0.0834   102.1075     6.5354     6.8426    33.0070    33.0065    26.5206    26.5204    8.27109 0.0000e+00
       3740     98.583    -0.5261    -0.5318   2.714813   2.714350     1.8212     2.1964      7.778    -0.5002     3.3063 2.2383e-01    -0.0834   102.1075     6.5351     6.8381    33.0071    33.0070    26.5206    26.5208    8.27102 0.0000e+00
       3743     98.713    -0.5257    -0.5313   2.714862   2.714403     1.8216     2.1964      7.778    -0.4900     3.5037 2.2227e-01    -0.0834   102.1075     6.5371     6.8381    33.0072    33.0071    26.5207    26.5209    8.27092 0.0000e+00
       3746     98.836    -0.5256    -0.5312   2.714897   2.714436     1.8195     2.1960      7.779    -0.4900     3.4642 2.2251e-01    -0.0827   102.0894     6.5254     6.8357    33.0074    33.0074    26.5209    26.5211    8.27088 0.0000e+00
       3749     98.954    -0.5255    -0.5310   2.714943   2.714470     1.8199     2.1952      7.778    -0.4900     3.4642 2.1347e-01    -0.0827   102.0894     6.5292     6.8323    33.0079    33.0075    26.5213    26.5212    8.27084 0.0000e+00
       3752     99.069    -0.5251    -0.5307   2.715002   2.714508     1.8195     2.1943      7.776    -0.4900     3.4642 2.0549e-01    -0.0831   102.0985     6.5252     6.8256    33.0082    33.0077    26.5215    26.5213    8.27073 0.0000e+00
       3755     99.177    -0.5245    -0.5303   2.715042   2.714585     1.8191     2.1952      7.776    -0.4900     3.4642 2.0664e-01    -0.0831   102.0985     6.5224     6.8266    33.0080    33.0083    26.5213    26.5218    8.27061 0.0000e+00
       3758     99.282    -0.5243    -0.5299   2.715086   2.714603     1.8179     2.1952      7.776    -0.5104     3.4642 2.0956e-01    -0.0824   102.0804     6.5162     6.8249    33.0083    33.0079    26.5216    26.5215    8.27054 0.0000e+00
       3761     99.384    -0.5241    -0.5296   2.715094   2.714645     1.8187     2.1935      7.776    -0.5206     3.4642 1.9435e-01    -0.0831   102.0985     6.5223     6.8169    33.0082    33.0081    26.5215    26.5216    8.27052 0.0000e+00
       3764     99.482    -0.5239    -0.5297   2.715095   2.714657     1.8175     2.1927      7.776    -0.5308     2.9510 1.9936e-01    -0.0827   102.0894     6.5152     6.8158    33.0079    33.0083    26.5212    26.5218    8.27049 0.0000e+00
       3767     99.572    -0.5240    -0.5297   2.715114   2.714654     1.8179     2.1927      7.776    -0.5206     0.2269 2.0101e-01    -0.0817   102.0623     6.5203     6.8140    33.0082    33.0082    26.5215    26.5217    8.27049 0.0000e+00
       3770     99.655    -0.5238    -0.5296   2.715122   2.714673     1.8175     2.1927      7.776    -0.5002     0.2664 2.0616e-01    -0.0813   102.0533     6.5227     6.8151    33.0080    33.0083    26.5213    26.5218    8.27045 0.0000e+00
       3773     99.732    -0.5241    -0.5296   2.715131   2.714676     1.8175     2.1919      7.776    -0.5206     0.2664 1.9821e-01    -0.0813   102.0533     6.5240     6.8113    33.0084    33.0083    26.5216    26.5218    8.27049 0.0000e+00
       3776     99.807    -0.5238    -0.5296   2.715141   2.714675     1.8155     2.1903      7.776    -0.5206     0.2664 1.9730e-01    -0.0813   102.0533     6.5162     6.8045    33.0082    33.0083    26.5215    26.5218    8.27045 0.0000e+00
       3779     99.881    -0.5243    -0.5297   2.715128   2.714670     1.8155     2.1911      7.776    -0.5104     0.2664 1.9480e-01    -0.0813   102.0533     6.5158     6.8081    33.0086    33.0082    26.5217    26.5217    8.27053 0.0000e+00
       3782     99.949    -0.5239    -0.5297   2.715147   2.714675     1.8163     2.1903      7.776    -0.5308     0.2664 1.9483e-01    -0.0813   102.0533     6.5179     6.8083    33.0083    33.0083    26.5216    26.5218    8.27046 0.0000e+00
       3785    100.015    -0.5241    -0.5298   2.715142   2.714707     1.8155     2.1903      7.776    -0.5104     0.2664 1.9101e-01    -0.0817   102.0623     6.5137     6.8109    33.0084    33.0088    26.5216    26.5221    8.27049 0.0000e+00
       3788    100.076    -0.5241    -0.5298   2.715137   2.714691     1.8151     2.1899      7.776    -0.5206     0.2664 1.9480e-01    -0.0806   102.0352     6.5129     6.8087    33.0084    33.0086    26.5216    26.5220    8.27051 0.0000e+00
       3791    100.137    -0.5243    -0.5302   2.715129   2.714684     1.8151     2.1890      7.776    -0.5206     0.0295 1.8969e-01    -0.0802   102.0262     6.5136     6.8064    33.0084    33.0088    26.5217    26.5222    8.27055 0.0000e+00
       3794    100.198    -0.5247    -0.5302   2.715121   2.714690     1.8151     2.1890      7.776    -0.5206    -0.2469 1.8926e-01    -0.0802   102.0262     6.5123     6.8097    33.0087    33.0089    26.5219    26.5222    8.27061 0.0000e+00
       3797    100.260    -0.5247    -0.5298   2.715139   2.714732     1.8151     2.1882      7.776    -0.5104    -0.2074 1.9301e-01    -0.0802   102.0262     6.5124     6.8093    33.0089    33.0090    26.5220    26.5223    8.27060 0.0000e+00
       3800    100.323    -0.5243    -0.5298   2.715181   2.714733     1.8138     2.1878      7.776    -0.5206    -0.2074 1.8881e-01    -0.0802   102.0262     6.5052     6.8059    33.0090    33.0090    26.5222    26.5223    8.27051 0.0000e+00
       3803    100.388    -0.5241    -0.5298   2.715209   2.714744     1.8130     2.1882      7.774    -0.5308    -0.2074 1.8070e-01    -0.0802   102.0262     6.4999     6.8062    33.0091    33.0090    26.5222    26.5224    8.27046 0.0000e+00
       3806    100.453    -0.5239    -0.5298   2.715246   2.714687     1.8130     2.1870      7.776    -0.5409    -0.2074 1.7719e-01    -0.0799   102.0171     6.4991     6.8013    33.0093    33.0082    26.5224    26.5217    8.27039 0.0000e+00
       3809    100.521    -0.5241    -0.5296   2.715256   2.714767     1.8134     2.1866      7.776    -0.5308    -0.2074 1.7892e-01    -0.0785   101.9809     6.5036     6.8002    33.0096    33.0091    26.5226    26.5224    8.27042 0.0000e+00
       3812    100.592    -0.5235    -0.5297   2.715279   2.714802     1.8126     2.1866      7.776    -0.5206    -0.2074 1.8176e-01    -0.0788   101.9900     6.4962     6.8030    33.0093    33.0097    26.5224    26.5229    8.27032 0.0000e+00
       3815    100.674    -0.5235    -0.5293   2.715278   2.714804     1.8126     2.1866      7.776    -0.5206    -0.2074 1.7617e-01    -0.0785   101.9809     6.4948     6.8049    33.0092    33.0092    26.5223    26.5225    8.27033 0.0000e+00
       3818    100.763    -0.5235    -0.5292   2.715286   2.714821     1.8110     2.1866      7.776    -0.5308    -0.4048 1.7455e-01    -0.0788   101.9900     6.4897     6.8037    33.0092    33.0092    26.5223    26.5225    8.27031 0.0000e+00
       3821    100.854    -0.5234    -0.5291   2.715321   2.714843     1.8110     2.1854      7.776    -0.5104    -0.4443 1.7723e-01    -0.0785   101.9809     6.4923     6.7965    33.0096    33.0094    26.5226    26.5227    8.27028 0.0000e+00
       3824    100.953    -0.5233    -0.5288   2.715347   2.714904     1.8114     2.1846      7.776    -0.5206    -0.4443 1.7867e-01    -0.0788   101.9900     6.4985     6.7925    33.0098    33.0098    26.5227    26.5230    8.27025 0.0000e+00
       3827    101.059    -0.5231    -0.5287   2.715386   2.714929     1.8114     2.1846      7.773    -0.5206    -0.4443 1.7061e-01    -0.0792   101.9990     6.4984     6.7948    33.0100    33.0100    26.5229    26.5231    8.27019 0.0000e+00
       3830    101.170    -0.5227    -0.5285   2.715381   2.714915     1.8106     2.1842      7.773    -0.5206    -0.4443 1.6436e-01    -0.0809   102.0443     6.4939     6.7934    33.0094    33.0095    26.5224    26.5227    8.27013 0.0000e+00
       3833    101.287    -0.5229    -0.5284   2.715380   2.714941     1.8106     2.1842      7.771    -0.5308    -0.4443 1.7195e-01    -0.0813   102.0533     6.4955     6.7924    33.0095    33.0097    26.5225    26.5229    8.27016 0.0000e+00
       3836    101.409    -0.5228    -0.5282   2.715416   2.714970     1.8090     2.1842      7.773    -0.5409    -0.4443 1.6688e-01    -0.0813   102.0533     6.4903     6.7944    33.0099    33.0098    26.5228    26.5229    8.27013 0.0000e+00
       3839    101.537    -0.5225    -0.5277   2.715476   2.715056     1.8098     2.1838      7.771    -0.5206    -0.4443 1.6247e-01    -0.0813   102.0533     6.4979     6.7936    33.0103    33.0103    26.5231    26.5233    8.27004 0.0000e+00
       3842    101.669    -0.5219    -0.5273   2.715526   2.715104     1.8094     2.1825      7.771    -0.5206    -0.4443 1.5640e-01    -0.0813   102.0533     6.4967     6.7900    33.0102    33.0104    26.5230    26.5234    8.26991 0.0000e+00
       3845    101.805    -0.5217    -0.5272   2.715582   2.715146     1.8090     2.1817      7.771    -0.5308    -0.1284 1.5857e-01    -0.0809   102.0443     6.4924     6.7868    33.0106    33.0108    26.5233    26.5237    8.26983 0.0000e+00
       3848    101.943    -0.5213    -0.5269   2.715613   2.715172     1.8094     2.1825      7.771    -0.5206    -0.0889 1.4968e-01    -0.0795   102.0081     6.4918     6.7884    33.0105    33.0108    26.5232    26.5236    8.26975 0.0000e+00
       3851    102.087    -0.5215    -0.5267   2.715667   2.715215     1.8085     2.1825      7.771    -0.5104    -0.0889 1.5513e-01    -0.0785   101.9809     6.4871     6.7895    33.0114    33.0110    26.5239    26.5239    8.26975 0.0000e+00
       3854    102.226    -0.5211    -0.5268   2.715687   2.715235     1.8081     2.1809      7.771    -0.5104    -0.0889 1.5127e-01    -0.0785   101.9809     6.4883     6.7851    33.0112    33.0113    26.5238    26.5241    8.26968 0.0000e+00
       3857    102.365    -0.5211    -0.5267   2.715706   2.715245     1.8081     2.1813      7.771    -0.5206    -0.1284 1.4364e-01    -0.0785   101.9809     6.4888     6.7885    33.0113    33.0113    26.5239    26.5241    8.26967 0.0000e+00
       3860    102.502    -0.5214    -0.5268   2.715720   2.715256     1.8081     2.1821      7.771    -0.5104    -0.0889 1.4126e-01    -0.0792   101.9990     6.4900     6.7926    33.0117    33.0114    26.5242    26.5241    8.26970 0.0000e+00
       3863    102.638    -0.5211    -0.5269   2.715729   2.715273     1.8077     2.1805      7.771    -0.5206    -0.0889 1.3932e-01    -0.0785   101.9809     6.4868     6.7891    33.0114    33.0116    26.5240    26.5244    8.26966 0.0000e+00
       3866    102.771    -0.5211    -0.5268   2.715748   2.715297     1.8073     2.1801      7.771    -0.5206    -0.1284 1.2918e-01    -0.0781   101.9719     6.4858     6.7913    33.0116    33.0117    26.5241    26.5245    8.26964 0.0000e+00
       3869    102.896    -0.5209    -0.5266   2.715761   2.715327     1.8069     2.1793      7.771    -0.5206    -0.1679 1.3550e-01    -0.0774   101.9538     6.4826     6.7887    33.0115    33.0118    26.5241    26.5245    8.26962 0.0000e+00
       3872    103.019    -0.5211    -0.5268   2.715777   2.715309     1.8061     2.1793      7.771    -0.5104    -0.4443 1.3418e-01    -0.0770   101.9448     6.4793     6.7879    33.0118    33.0118    26.5243    26.5245    8.26963 0.0000e+00
       3875    103.135    -0.5212    -0.5270   2.715759   2.715308     1.8061     2.1801      7.771    -0.5308    -0.4443 1.2198e-01    -0.0770   101.9448     6.4832     6.7948    33.0117    33.0119    26.5242    26.5246    8.26967 0.0000e+00
       3878    103.248    -0.5213    -0.5269   2.715771   2.715316     1.8065     2.1797      7.771    -0.5308    -0.4443 1.2182e-01    -0.0770   101.9448     6.4857     6.7955    33.0119    33.0119    26.5244    26.5246    8.26968 0.0000e+00
       3881    103.352    -0.5212    -0.5268   2.715802   2.715347     1.8057     2.1793      7.771    -0.5308    -0.4443 1.2287e-01    -0.0770   101.9448     6.4820     6.7940    33.0121    33.0121    26.5246    26.5247    8.26965 0.0000e+00
       3884    103.450    -0.5210    -0.5268   2.715827   2.715352     1.8061     2.1781      7.771    -0.5206    -0.4443 1.2198e-01    -0.0770   101.9448     6.4869     6.7911    33.0121    33.0121    26.5245    26.5247    8.26959 0.0000e+00
       3887    103.539    -0.5210    -0.5267   2.715853   2.715362     1.8057     2.1789      7.771    -0.5206    -0.4443 1.2487e-01    -0.0777   101.9629     6.4870     6.7991    33.0124    33.0121    26.5248    26.5248    8.26957 0.0000e+00
       3890    103.621    -0.5210    -0.5267   2.715843   2.715381     1.8049     2.1789      7.771    -0.5206    -0.4443 1.1781e-01    -0.0802   102.0262     6.4855     6.8001    33.0123    33.0123    26.5247    26.5249    8.26959 0.0000e+00
       3893    103.692    -0.5205    -0.5265   2.715869   2.715417     1.8045     2.1785      7.771    -0.5206    -0.4443 1.1459e-01    -0.0802   102.0262     6.4869     6.7966    33.0120    33.0125    26.5245    26.5251    8.26949 0.0000e+00
       3896    103.757    -0.5202    -0.5264   2.715899   2.715439     1.8053     2.1781      7.771    -0.5206     2.7141 1.1459e-01    -0.0802   102.0262     6.4919     6.7925    33.0120    33.0127    26.5244    26.5252    8.26942 0.0000e+00
       3899    103.813    -0.5198    -0.5261   2.715928   2.715451     1.8049     2.1781      7.771    -0.5206     5.5171 1.1512e-01    -0.0799   102.0171     6.4869     6.7910    33.0120    33.0125    26.5244    26.5250    8.26934 0.0000e+00
       3902    103.863    -0.5196    -0.5256   2.715919   2.715443     1.8041     2.1781      7.771    -0.5206     5.3592 1.0981e-01    -0.0802   102.0262     6.4823     6.7906    33.0116    33.0118    26.5241    26.5245    8.26931 0.0000e+00
       3905    103.908    -0.5195    -0.5254   2.715950   2.715489     1.8045     2.1777      7.771    -0.5104     5.3592 1.1238e-01    -0.0802   102.0262     6.4840     6.7883    33.0119    33.0122    26.5243    26.5247    8.26927 0.0000e+00
       3908    103.941    -0.5193    -0.5254   2.715962   2.715508     1.8045     2.1772      7.771    -0.5104     5.3592 1.1160e-01    -0.0781   101.9719     6.4840     6.7855    33.0119    33.0124    26.5243    26.5249    8.26924 0.0000e+00
       3911    103.967    -0.5195    -0.5254   2.715945   2.715506     1.8036     2.1781      7.771    -0.5206     5.3592 1.1428e-01    -0.0770   101.9448     6.4808     6.7868    33.0118    33.0124    26.5242    26.5249    8.26927 0.0000e+00
       3954    104.070    -0.5193    -0.5257   2.716026   2.715481     1.8012     2.1740      7.771    -0.5104   481.1606 1.1567e-01    -0.0785   101.9809     6.4726     6.7771    33.0127    33.0123    26.5249    26.5249    8.26919 0.0000e+00
       3957    104.103    -0.5191    -0.5258   2.716042   2.715453     1.8020     2.1744      7.771    -0.5206   481.3579 1.1277e-01    -0.0781   101.9719     6.4780     6.7795    33.0126    33.0120    26.5248    26.5246    8.26915 0.0000e+00
       3960    104.147    -0.5194    -0.5258   2.716038   2.715441     1.8012     2.1736      7.771    -0.5206   481.3184 1.1108e-01    -0.0781   101.9719     6.4733     6.7765    33.0129    33.0118    26.5250    26.5244    8.26920 0.0000e+00
       3963    104.203    -0.5193    -0.5254   2.716047   2.715505     1.8000     2.1732      7.769    -0.5206   481.3579 1.0878e-01    -0.0781   101.9719     6.4648     6.7777    33.0128    33.0121    26.5250    26.5247    8.26918 0.0000e+00
       3966    104.266    -0.5189    -0.5248   2.716057   2.715576     1.8008     2.1732      7.769    -0.5104   481.3579 1.0941e-01    -0.0781   101.9719     6.4674     6.7760    33.0125    33.0125    26.5247    26.5250    8.26911 0.0000e+00
