Datasets/AZMP/TEL210/tel210_2020_108.cnv
* Sea-Bird SBE 9 Data File:
* FileName = C:\CTDDATA\tel210_2020_108.hex
* Software Version Seasave V 7.26.7.110
* Temperature SN = 1697
* Conductivity SN = 4216
* Number of Bytes Per Scan = 30
* Number of Voltage Words = 4
* Number of Scans Averaged by the Deck Unit = 1
* NMEA baud rate = 4800
** VESSEL/TRIP/SEQ STN:  tel210_2020_108
** LATITUDE XX XX.XX: 55 22.30 N
** LONGITUDE XX XX.XX: 58 08.70 W
** SOUNDING DEPTH (M): 0182
** PROBE TYPE: S1146
** CTD NUMBER: 074
** COMMENTS (14 CHAR): MB-04
** BOTTLES:  10
** LEVELS: 5,10,20,30,40,50,75,100,150,BTM
** STICKERS: 436309 - 436318
** VNET: Y
** DO2: Y
# nquan = 22
# nvalues = 3958                        
# units = specified
# name 0 = scan: Scan Count
# name 1 = prDM: Pressure, Digiquartz [db]
# name 2 = t090C: Temperature [ITS-90, deg C]
# name 3 = t190C: Temperature, 2 [ITS-90, deg C]
# name 4 = c0S/m: Conductivity [S/m]
# name 5 = c1S/m: Conductivity, 2 [S/m]
# name 6 = sbeox0V: Oxygen raw, SBE 43 [V]
# name 7 = sbeox1V: Oxygen raw, SBE 43, 2 [V]
# name 8 = ph: pH
# name 9 = flECO-AFL: Fluorescence, WET Labs ECO-AFL/FL [mg/m^3]
# name 10 = wetCDOM: Fluorescence, WET Labs CDOM [mg/m^3]
# name 11 = par/sat/log: PAR/Logarithmic, Satlantic [umol photons/m^2/sec]
# name 12 = CStarAt0: Beam Attenuation, WET Labs C-Star [1/m]
# name 13 = CStarTr0: Beam Transmission, WET Labs C-Star [%]
# name 14 = sbeox0ML/L: Oxygen, SBE 43 [ml/l], WS = 2
# name 15 = sbeox1ML/L: Oxygen, SBE 43, 2 [ml/l], WS = 2
# name 16 = sal00: Salinity, Practical [PSU]
# name 17 = sal11: Salinity, Practical, 2 [PSU]
# name 18 = sigma-t00: Density [sigma-t, kg/m^3 ]
# name 19 = sigma-t11: Density, 2 [sigma-t, kg/m^3 ]
# name 20 = oxsatML/L: Oxygen Saturation, Weiss [ml/l]
# name 21 = flag: flag
# span 0 =          2,      37333       
# span 1 =      2.126,    183.481       
# span 2 =    -1.2619,     7.7294       
# span 3 =    -1.2669,     7.7281       
# span 4 =   2.601299,   3.252215       
# span 5 =   2.600962,   3.252528       
# span 6 =     1.9338,     2.4747       
# span 7 =     2.3346,     3.0532       
# span 8 =      7.984,      8.273       
# span 9 =     0.6770,     2.3172       
# span 10 =    -2.8130,   482.1870      
# span 11 = 1.0715e-01, 2.9373e+02      
# span 12 =    -0.1324,     0.1703      
# span 13 =    95.8316,   103.3645      
# span 14 =     6.7906,     8.9952      
# span 15 =     6.9814,     9.5828      
# span 16 =    31.0307,    33.1445      
# span 17 =    31.1760,    33.1436      
# span 18 =    24.4041,    26.6390      
# span 19 =    24.3763,    26.6386      
# span 20 =    6.80928,    8.47507      
# span 21 = 0.0000e+00, 0.0000e+00      
# interval = scans: 3                   
# start_time = Jul 27 2020 16:24:31 [System UTC, header]
# bad_flag = -9.990e-29
*END*
[from data line 791]
       2513     83.378    -0.8822    -0.8878   2.664323   2.663878     2.0659     2.4989      8.051     0.7616     3.8195 2.9298e-01    -0.1278   103.2470     7.9265     8.2601    32.7242    32.7242    26.3050    26.3052    8.36721 0.0000e+00
       2516     83.507    -0.8810    -0.8865   2.664641   2.664092     2.0663     2.5006      8.054     0.7722     3.8195 2.9266e-01    -0.1289   103.2741     7.9250     8.2615    32.7272    32.7256    26.3074    26.3064    8.36677 0.0000e+00
       2519     83.635    -0.8801    -0.8856   2.664761   2.664262     2.0663     2.5006      8.054     0.7934     3.6221 2.9030e-01    -0.1289   103.2741     7.9241     8.2556    32.7277    32.7269    26.3078    26.3074    8.36654 0.0000e+00
       2522     83.759    -0.8795    -0.8847   2.664940   2.664530     2.0659     2.5006      8.054     0.7934     0.3453 2.9163e-01    -0.1289   103.2741     7.9217     8.2523    32.7293    32.7294    26.3091    26.3094    8.36630 0.0000e+00
       2525     83.883    -0.8795    -0.8842   2.665049   2.664678     2.0671     2.5006      8.054     0.7934     0.1084 2.8597e-01    -0.1285   103.2651     7.9248     8.2488    32.7308    32.7308    26.3102    26.3105    8.36622 0.0000e+00
       2528     84.003    -0.8799    -0.8847   2.665478   2.664949     2.0675     2.5010      8.054     0.7934     0.1479 2.7750e-01    -0.1289   103.2741     7.9206     8.2441    32.7369    32.7350    26.3152    26.3138    8.36595 0.0000e+00
       2531     84.123    -0.8801    -0.8856   2.665852   2.665467     2.0671     2.5026      8.052     0.7828     0.1479 2.7846e-01    -0.1289   103.2741     7.9095     8.2415    32.7422    32.7429    26.3195    26.3203    8.36571 0.0000e+00
       2534     84.240    -0.8813    -0.8870   2.666104   2.665738     2.0679     2.5022      8.054     0.7828     0.1479 2.7147e-01    -0.1289   103.2741     7.9101     8.2301    32.7467    32.7480    26.3232    26.3245    8.36570 0.0000e+00
       2537     84.352    -0.8830    -0.8886   2.666216   2.665846     2.0679     2.5026      8.052     0.7828     0.1479 2.6864e-01    -0.1289   103.2741     7.9084     8.2195    32.7501    32.7512    26.3260    26.3271    8.36590 0.0000e+00
       2540     84.463    -0.8854    -0.8900   2.666267   2.665839     2.0675     2.5010      8.052     0.7934     0.1479 2.7208e-01    -0.1289   103.2741     7.9014     8.2042    32.7532    32.7525    26.3286    26.3283    8.36625 0.0000e+00
       2543     84.570    -0.8866    -0.8919   2.666344   2.665893     2.0679     2.5022      8.049     0.8040     0.1479 2.6620e-01    -0.1289   103.2741     7.8993     8.2013    32.7556    32.7552    26.3306    26.3305    8.36640 0.0000e+00
       2546     84.675    -0.8888    -0.8938   2.666231   2.665803     2.0679     2.5026      8.049     0.8251   124.2305 2.6434e-01    -0.1289   103.2741     7.8909     8.1930    32.7563    32.7560    26.3313    26.3312    8.36685 0.0000e+00
       2549     84.776    -0.8943    -0.8992   2.665884   2.665459     2.0679     2.5022      8.049     0.8357   482.1870 2.6011e-01    -0.1289   103.2741     7.8834     8.1812    32.7576    32.7572    26.3325    26.3323    8.36803 0.0000e+00
       2552     84.876    -0.9030    -0.9087   2.665258   2.664830     2.0679     2.5014      8.049     0.8357   480.6868 2.5831e-01    -0.1289   103.2741     7.8787     8.1671    32.7585    32.7589    26.3335    26.3341    8.36995 0.0000e+00
       2555     84.976    -0.9135    -0.9201   2.664602   2.664092     2.0667     2.5018      8.049     0.8251   481.3184 2.6221e-01    -0.1201   103.0480     7.8679     8.1598    32.7611    32.7613    26.3359    26.3364    8.37220 0.0000e+00
       2558     85.071    -0.9239    -0.9300   2.664048   2.663630     2.0671     2.4998      8.049     0.8357   481.3579 2.5621e-01    -0.1141   102.8943     7.8626     8.1455    32.7647    32.7657    26.3393    26.3403    8.37434 0.0000e+00
       2561     85.165    -0.9295    -0.9352   2.663860   2.663425     2.0671     2.5002      8.046     0.8251   481.3579 2.5386e-01    -0.1152   102.9214     7.8588     8.1412    32.7683    32.7686    26.3424    26.3428    8.37541 0.0000e+00
       2564     85.254    -0.9312    -0.9372   2.663795   2.663334     2.0671     2.4998      8.044     0.8251   481.3579 2.5650e-01    -0.1145   102.9033     7.8521     8.1346    32.7693    32.7696    26.3432    26.3436    8.37575 0.0000e+00
       2567     85.344    -0.9324    -0.9390   2.663704   2.663216     2.0667     2.4993      8.044     0.8145   481.3579 2.5713e-01    -0.1148   102.9124     7.8450     8.1240    32.7692    32.7698    26.3432    26.3439    8.37602 0.0000e+00
       2570     85.433    -0.9345    -0.9409   2.663571   2.663077     2.0659     2.4981      8.043     0.7616   481.3579 2.5182e-01    -0.1145   102.9033     7.8381     8.1137    32.7696    32.7699    26.3436    26.3441    8.37646 0.0000e+00
       2573     85.520    -0.9360    -0.9423   2.663495   2.663029     2.0659     2.4973      8.040     0.7510   481.3579 2.4663e-01    -0.1145   102.9033     7.8383     8.1083    32.7702    32.7708    26.3442    26.3448    8.37678 0.0000e+00
       2576     85.607    -0.9374    -0.9431   2.663418   2.662966     2.0651     2.4965      8.040     0.7510   481.3579 2.5240e-01    -0.1226   103.1113     7.8336     8.1029    32.7706    32.7707    26.3445    26.3448    8.37707 0.0000e+00
       2579     85.692    -0.9379    -0.9435   2.663404   2.662933     2.0647     2.4949      8.037     0.7405   481.3579 2.4721e-01    -0.1236   103.1385     7.8303     8.0926    32.7710    32.7706    26.3448    26.3447    8.37717 0.0000e+00
       2582     85.776    -0.9382    -0.9439   2.663366   2.662937     2.0638     2.4953      8.035     0.7616   481.3579 2.4127e-01    -0.1236   103.1385     7.8183     8.0932    32.7707    32.7711    26.3446    26.3452    8.37724 0.0000e+00
       2585     85.863    -0.9386    -0.9442   2.663326   2.662929     2.0638     2.4945      8.035     0.7510   481.3579 2.4154e-01    -0.1236   103.1385     7.8115     8.0834    32.7705    32.7713    26.3445    26.3453    8.37734 0.0000e+00
       2588     85.950    -0.9392    -0.9445   2.663296   2.662880     2.0626     2.4941      8.035     0.7722   481.3579 2.4637e-01    -0.1240   103.1475     7.8014     8.0805    32.7708    32.7709    26.3447    26.3450    8.37747 0.0000e+00
       2591     86.035    -0.9393    -0.9449   2.663271   2.662881     2.0634     2.4924      8.035     0.7510   481.3579 2.4184e-01    -0.1240   103.1475     7.8010     8.0734    32.7704    32.7713    26.3444    26.3453    8.37750 0.0000e+00
       2594     86.123    -0.9398    -0.9453   2.663251   2.662825     2.0630     2.4920      8.035     0.7616   481.3579 2.3493e-01    -0.1240   103.1475     7.7949     8.0720    32.7707    32.7709    26.3446    26.3450    8.37761 0.0000e+00
       2597     86.214    -0.9404    -0.9456   2.663249   2.662819     2.0626     2.4912      8.032     0.7616   481.3579 2.3766e-01    -0.1275   103.2380     7.7929     8.0677    32.7713    32.7711    26.3451    26.3452    8.37772 0.0000e+00
       2600     86.306    -0.9403    -0.9460   2.663210   2.662804     2.0622     2.4904      8.032     0.7616    90.4365 2.2512e-01    -0.1278   103.2470     7.7894     8.0620    32.7705    32.7713    26.3445    26.3453    8.37773 0.0000e+00
       2603     86.400    -0.9407    -0.9461   2.663217   2.662783     2.0614     2.4896      8.032     0.7510    -0.7601 2.2936e-01    -0.1271   103.2289     7.7798     8.0589    32.7711    32.7711    26.3450    26.3451    8.37780 0.0000e+00
       2606     86.494    -0.9410    -0.9463   2.663200   2.662790     2.0598     2.4883      8.030     0.7722     2.7535 2.2746e-01    -0.1268   103.2199     7.7698     8.0501    32.7710    32.7713    26.3450    26.3454    8.37786 0.0000e+00
       2609     86.591    -0.9411    -0.9466   2.663191   2.662755     2.0590     2.4871      8.030     0.7510     2.5167 2.3181e-01    -0.1278   103.2470     7.7631     8.0446    32.7710    32.7711    26.3449    26.3452    8.37788 0.0000e+00
       2612     86.689    -0.9417    -0.9471   2.663129   2.662724     2.0586     2.4863      8.030     0.7616     2.5167 2.2908e-01    -0.1275   103.2380     7.7579     8.0416    32.7707    32.7711    26.3448    26.3452    8.37804 0.0000e+00
       2615     86.791    -0.9421    -0.9477   2.663098   2.662683     2.0573     2.4863      8.030     0.7405     2.5167 2.2046e-01    -0.1254   103.1837     7.7493     8.0458    32.7707    32.7713    26.3447    26.3454    8.37813 0.0000e+00
       2618     86.895    -0.9430    -0.9488   2.663056   2.662619     2.0577     2.4851      8.030     0.7510     2.5167 2.1517e-01    -0.1236   103.1385     7.7519     8.0401    32.7711    32.7715    26.3451    26.3456    8.37833 0.0000e+00
       2621     86.999    -0.9438    -0.9495   2.663024   2.662571     2.0577     2.4839      8.030     0.7510     2.5167 2.1172e-01    -0.1236   103.1385     7.7562     8.0323    32.7715    32.7715    26.3454    26.3457    8.37849 0.0000e+00
       2624     87.106    -0.9447    -0.9500   2.663001   2.662568     2.0561     2.4831      8.030     0.7616     2.2403 2.1691e-01    -0.1236   103.1385     7.7518     8.0283    32.7720    32.7719    26.3459    26.3460    8.37864 0.0000e+00
       2627     87.212    -0.9448    -0.9504   2.662948   2.662526     2.0549     2.4831      8.030     0.7616     0.3453 2.1394e-01    -0.1236   103.1385     7.7502     8.0277    32.7714    32.7717    26.3454    26.3458    8.37872 0.0000e+00
       2630     87.322    -0.9453    -0.9506   2.662911   2.662530     2.0561     2.4810      8.030     0.7405     0.3848 2.1128e-01    -0.1236   103.1385     7.7565     8.0175    32.7714    32.7719    26.3454    26.3460    8.37883 0.0000e+00
       2633     87.437    -0.9462    -0.9511   2.662824   2.662475     2.0541     2.4806      8.030     0.7616     0.3848 2.0598e-01    -0.1236   103.1385     7.7456     8.0155    32.7711    32.7717    26.3452    26.3458    8.37905 0.0000e+00
       2636     87.552    -0.9468    -0.9521   2.662783   2.662371     2.0537     2.4798      8.028     0.7616     0.3848 2.1050e-01    -0.1257   103.1928     7.7443     8.0116    32.7711    32.7713    26.3453    26.3455    8.37919 0.0000e+00
       2639     87.665    -0.9479    -0.9533   2.662686   2.662288     2.0537     2.4802      8.030     0.7510     0.3848 2.0240e-01    -0.1271   103.2289     7.7429     8.0116    32.7709    32.7714    26.3451    26.3457    8.37944 0.0000e+00
       2642     87.781    -0.9494    -0.9549   2.662550   2.662116     2.0525     2.4774      8.028     0.7510     0.3848 2.0214e-01    -0.1268   103.2199     7.7322     8.0022    32.7707    32.7708    26.3450    26.3452    8.37981 0.0000e+00
       2645     87.898    -0.9521    -0.9583   2.662305   2.661847     2.0529     2.4761      8.025     0.7510     0.3848 1.9707e-01    -0.1271   103.2289     7.7372     7.9973    32.7703    32.7707    26.3447    26.3453    8.38045 0.0000e+00
       2648     88.014    -0.9552    -0.9616   2.662068   2.661613     2.0516     2.4761      8.027     0.7722     0.3848 2.0052e-01    -0.1268   103.2199     7.7325     7.9950    32.7703    32.7712    26.3448    26.3457    8.38114 0.0000e+00
       2651     88.130    -0.9601    -0.9662   2.661793   2.661359     2.0508     2.4745      8.027     0.7616     0.9375 1.9731e-01    -0.1271   103.2289     7.7243     7.9889    32.7719    32.7726    26.3463    26.3471    8.38217 0.0000e+00
       2654     88.247    -0.9655    -0.9714   2.661553   2.661143     2.0500     2.4737      8.025     0.7510     1.9245 1.9391e-01    -0.1271   103.2289     7.7162     7.9867    32.7744    32.7752    26.3485    26.3494    8.38325 0.0000e+00
       2657     88.363    -0.9686    -0.9749   2.661442   2.660956     2.0496     2.4737      8.025     0.7510     1.9245 1.9709e-01    -0.1268   103.2199     7.7145     7.9871    32.7761    32.7765    26.3501    26.3506    8.38384 0.0000e+00
       2660     88.483    -0.9710    -0.9773   2.661340   2.660840     2.0496     2.4721      8.025     0.7510     1.9245 1.8345e-01    -0.1268   103.2199     7.7116     7.9830    32.7774    32.7775    26.3511    26.3514    8.38433 0.0000e+00
       2663     88.598    -0.9732    -0.9795   2.661173   2.660697     2.0480     2.4712      8.025     0.7722     1.9245 1.8730e-01    -0.1268   103.2199     7.6980     7.9848    32.7775    32.7778    26.3513    26.3518    8.38483 0.0000e+00
       2666     88.711    -0.9756    -0.9817   2.661009   2.660610     2.0476     2.4708      8.025     0.7616     1.9245 1.8584e-01    -0.1268   103.2199     7.6911     7.9879    32.7778    32.7790    26.3516    26.3527    8.38536 0.0000e+00
       2669     88.824    -0.9780    -0.9835   2.660927   2.660529     2.0476     2.4692      8.022     0.7616     1.9245 1.8238e-01    -0.1268   103.2199     7.6920     7.9803    32.7792    32.7798    26.3528    26.3535    8.38581 0.0000e+00
       2672     88.938    -0.9791    -0.9846   2.660883   2.660489     2.0459     2.4680      8.020     0.7616     1.9245 1.8028e-01    -0.1268   103.2199     7.6843     7.9733    32.7798    32.7805    26.3533    26.3540    8.38605 0.0000e+00
       2675     89.050    -0.9801    -0.9853   2.660856   2.660457     2.0451     2.4672      8.020     0.7616     1.9245 1.7639e-01    -0.1254   103.1837     7.6823     7.9704    32.7804    32.7807    26.3538    26.3543    8.38622 0.0000e+00
       2678     89.162    -0.9811    -0.9864   2.660835   2.660426     2.0439     2.4664      8.020     0.7722     0.7006 1.7314e-01    -0.1198   103.0390     7.6736     7.9672    32.7811    32.7813    26.3545    26.3548    8.38641 0.0000e+00
       2681     89.275    -0.9816    -0.9870   2.660824   2.660426     2.0439     2.4655      8.020     0.7405     0.1084 1.8053e-01    -0.1198   103.0390     7.6714     7.9612    32.7814    32.7819    26.3547    26.3553    8.38651 0.0000e+00
       2684     89.380    -0.9819    -0.9874   2.660825   2.660422     2.0431     2.4660      8.020     0.7510     0.1479 1.7802e-01    -0.1194   103.0299     7.6680     7.9648    32.7818    32.7823    26.3550    26.3557    8.38657 0.0000e+00
       2687     89.485    -0.9822    -0.9880   2.660813   2.660396     2.0406     2.4643      8.018     0.7616     0.1479 1.7480e-01    -0.1201   103.0480     7.6577     7.9610    32.7819    32.7825    26.3551    26.3558    8.38663 0.0000e+00
       2690     89.590    -0.9826    -0.9881   2.660816   2.660399     2.0411     2.4631      8.015     0.7616     0.1479 1.7356e-01    -0.1201   103.0480     7.6586     7.9577    32.7823    32.7825    26.3555    26.3559    8.38670 0.0000e+00
       2693     89.692    -0.9826    -0.9882   2.660812   2.660402     2.0411     2.4623      8.015     0.7616     0.1479 1.6762e-01    -0.1201   103.0480     7.6603     7.9547    32.7821    32.7827    26.3554    26.3560    8.38670 0.0000e+00
       2696     89.796    -0.9829    -0.9882   2.660788   2.660389     2.0398     2.4603      8.015     0.7616     0.1479 1.7234e-01    -0.1219   103.0932     7.6622     7.9450    32.7821    32.7824    26.3553    26.3558    8.38677 0.0000e+00
       2699     89.900    -0.9834    -0.9885   2.660754   2.660346     2.0398     2.4611      8.015     0.7616     0.1479 1.6537e-01    -0.1247   103.1656     7.6652     7.9476    32.7821    32.7822    26.3553    26.3555    8.38688 0.0000e+00
       2702     90.002    -0.9835    -0.9896   2.660746   2.660289     2.0378     2.4590      8.015     0.7616     0.1479 1.6457e-01    -0.1247   103.1656     7.6544     7.9381    32.7820    32.7825    26.3553    26.3558    8.38690 0.0000e+00
