Datasets/AZMP/TEL210/tel210_2020_107.cnv
* Sea-Bird SBE 9 Data File:
* FileName = C:\CTDDATA\tel210_2020_107.hex
* Software Version Seasave V 7.26.7.110
* Temperature SN = 1697
* Conductivity SN = 4216
* Number of Bytes Per Scan = 30
* Number of Voltage Words = 4
* Number of Scans Averaged by the Deck Unit = 1
* NMEA baud rate = 4800
** VESSEL/TRIP/SEQ STN:  tet210_2020_107
** LATITUDE XX XX.XX: 55 28.70 N
** LONGITUDE XX XX.XX: 057 54.40 W
** SOUNDING DEPTH (M): 0125
** PROBE TYPE: S1146
** CTD NUMBER: 073
** COMMENTS (14 CHAR): MB-05
** BOTTLES:  9
** LEVELS: 5,10,20,30,40,50,75,100,BTM
** STICKERS: 436300 - 436308
** VNET: Y
** DO2: N
# nquan = 22
# nvalues = 2882                        
# units = specified
# name 0 = scan: Scan Count
# name 1 = prDM: Pressure, Digiquartz [db]
# name 2 = t090C: Temperature [ITS-90, deg C]
# name 3 = t190C: Temperature, 2 [ITS-90, deg C]
# name 4 = c0S/m: Conductivity [S/m]
# name 5 = c1S/m: Conductivity, 2 [S/m]
# name 6 = sbeox0V: Oxygen raw, SBE 43 [V]
# name 7 = sbeox1V: Oxygen raw, SBE 43, 2 [V]
# name 8 = ph: pH
# name 9 = flECO-AFL: Fluorescence, WET Labs ECO-AFL/FL [mg/m^3]
# name 10 = wetCDOM: Fluorescence, WET Labs CDOM [mg/m^3]
# name 11 = par/sat/log: PAR/Logarithmic, Satlantic [umol photons/m^2/sec]
# name 12 = CStarAt0: Beam Attenuation, WET Labs C-Star [1/m]
# name 13 = CStarTr0: Beam Transmission, WET Labs C-Star [%]
# name 14 = sbeox0ML/L: Oxygen, SBE 43 [ml/l], WS = 2
# name 15 = sbeox1ML/L: Oxygen, SBE 43, 2 [ml/l], WS = 2
# name 16 = sal00: Salinity, Practical [PSU]
# name 17 = sal11: Salinity, Practical, 2 [PSU]
# name 18 = sigma-t00: Density [sigma-t, kg/m^3 ]
# name 19 = sigma-t11: Density, 2 [sigma-t, kg/m^3 ]
# name 20 = oxsatML/L: Oxygen Saturation, Weiss [ml/l]
# name 21 = flag: flag
# span 0 =         97,      34143       
# span 1 =      0.205,    123.206       
# span 2 =    -1.1795,     7.1676       
# span 3 =    -1.1847,     7.1620       
# span 4 =   2.614480,   3.196416       
# span 5 =   2.614009,   3.195852       
# span 6 =     1.9557,     2.6345       
# span 7 =     2.3594,     3.2187       
# span 8 =      7.998,      8.325       
# span 9 =     0.6770,     1.8198       
# span 10 =    -2.8130,   482.1870      
# span 11 = 1.0715e-01, 3.5878e+02      
# span 12 =    -0.1414,     2.2144      
# span 13 =    57.4887,   103.5997      
# span 14 =     7.1699,     9.8290      
# span 15 =     7.2944,    10.2941      
# span 16 =    30.3803,    33.0264      
# span 17 =    30.8260,    33.0269      
# span 18 =    23.7621,    26.5475      
# span 19 =    24.1131,    26.5481      
# span 20 =    6.90253,    8.44740      
# span 21 = 0.0000e+00, 0.0000e+00      
# interval = scans: 3                   
# start_time = Jul 27 2020 14:30:27 [System UTC, header]
# bad_flag = -9.990e-29
*END*
[from data line 2107]
      15258     56.029    -1.0882    -1.0932   2.632504   2.632129     2.0878     2.5282      8.045     0.8145     0.3848 3.9728e+00    -0.1303   103.3103     7.9762     8.2725    32.5329    32.5333    26.1567    26.1572    8.42526 0.0000e+00
      15261     55.934    -1.0937    -1.1040   2.631990   2.631274     2.0870     2.5278      8.043     0.8145     0.3848 4.0051e+00    -0.1299   103.3012     7.9691     8.2734    32.5320    32.5334    26.1562    26.1576    8.42659 0.0000e+00
      15264     55.835    -1.0983    -1.1092   2.631674   2.630887     2.0866     2.5270      8.042     0.8251     0.3848 4.0236e+00    -0.1299   103.3012     7.9665     8.2685    32.5327    32.5338    26.1569    26.1581    8.42759 0.0000e+00
      15267     55.730    -1.1036    -1.1121   2.631174   2.630615     2.0866     2.5278      8.040     0.8251     0.3848 4.0704e+00    -0.1296   103.2922     7.9626     8.2760    32.5317    32.5333    26.1563    26.1578    8.42887 0.0000e+00
      15270     55.624    -1.1058    -1.1132   2.631179   2.630599     2.0853     2.5266      8.040     0.8040     0.3848 4.0798e+00    -0.1299   103.3012     7.9546     8.2740    32.5343    32.5344    26.1584    26.1587    8.42923 0.0000e+00
      15273     55.513    -1.1048    -1.1093   2.631230   2.631104     2.0853     2.5254      8.040     0.7299     0.3848 4.1130e+00    -0.1299   103.3012     7.9554     8.2696    32.5339    32.5371    26.1581    26.1608    8.42901 0.0000e+00
      15276     55.403    -1.1057    -1.1081   2.631053   2.630960     2.0849     2.5258      8.040     0.7510     0.3848 4.1464e+00    -0.1299   103.3012     7.9548     8.2716    32.5325    32.5339    26.1570    26.1582    8.42930 0.0000e+00
      15279     55.293    -1.1060    -1.1081   2.631036   2.631004     2.0849     2.5250      8.040     0.7510     0.3848 4.1705e+00    -0.1299   103.3012     7.9550     8.2677    32.5327    32.5345    26.1571    26.1587    8.42936 0.0000e+00
      15282     55.174    -1.1060    -1.1058   2.631044   2.631235     2.0849     2.5238      8.037     0.7405     0.5427 4.1946e+00    -0.1299   103.3012     7.9535     8.2623    32.5329    32.5352    26.1573    26.1592    8.42935 0.0000e+00
      15285     55.056    -1.1053    -1.1035   2.631023   2.631480     2.0837     2.5238      8.037     0.7510     0.6217 4.2287e+00    -0.1296   103.2922     7.9475     8.2635    32.5319    32.5362    26.1565    26.1599    8.42924 0.0000e+00
      15288     54.934    -1.1047    -1.1006   2.631087   2.631565     2.0833     2.5221      8.035     0.7616     0.6217 4.2680e+00    -0.1299   103.3012     7.9468     8.2569    32.5322    32.5343    26.1567    26.1583    8.42909 0.0000e+00
      15291     54.810    -1.1027    -1.1006   2.631182   2.631410     2.0825     2.5238      8.037     0.7510     0.6217 4.2978e+00    -0.1299   103.3012     7.9444     8.2640    32.5314    32.5323    26.1560    26.1566    8.42867 0.0000e+00
      15294     54.682    -1.1014    -1.0980   2.631278   2.631705     2.0829     2.5225      8.035     0.7510     0.6217 4.3226e+00    -0.1296   103.2922     7.9481     8.2602    32.5314    32.5335    26.1559    26.1575    8.42838 0.0000e+00
      15297     54.551    -1.0987    -1.0952   2.631542   2.631901     2.0829     2.5217      8.035     0.7616     0.6217 4.3528e+00    -0.1299   103.3012     7.9435     8.2572    32.5321    32.5332    26.1564    26.1572    8.42771 0.0000e+00
      15300     54.417    -1.0946    -1.0947   2.631788   2.631746     2.0829     2.5209      8.035     0.7299     0.6217 4.3881e+00    -0.1299   103.3012     7.9406     8.2579    32.5311    32.5306    26.1555    26.1551    8.42684 0.0000e+00
      15303     54.285    -1.0935    -1.0966   2.631762   2.631558     2.0813     2.5201      8.035     0.7616     0.6217 4.4238e+00    -0.1299   103.3012     7.9319     8.2584    32.5296    32.5302    26.1543    26.1548    8.42666 0.0000e+00
      15306     54.151    -1.0935    -1.0970   2.631718   2.631524     2.0809     2.5205      8.035     0.7510     0.7401 4.4597e+00    -0.1299   103.3012     7.9313     8.2630    32.5292    32.5303    26.1539    26.1549    8.42670 0.0000e+00
      15309     54.017    -1.0927    -1.0949   2.631755   2.631758     2.0809     2.5209      8.035     0.7510     2.7141 4.4908e+00    -0.1299   103.3012     7.9348     8.2675    32.5288    32.5313    26.1536    26.1557    8.42653 0.0000e+00
      15312     53.881    -1.0891    -1.0853   2.632088   2.632408     2.0809     2.5193      8.035     0.7511     2.7535 4.5325e+00    -0.1299   103.3012     7.9354     8.2621    32.5295    32.5297    26.1540    26.1541    8.42566 0.0000e+00
      15315     53.750    -1.0791    -1.0743   2.632769   2.632952     2.0805     2.5189      8.035     0.7405     2.7535 4.5693e+00    -0.0922   102.3336     7.9345     8.2579    32.5280    32.5253    26.1525    26.1501    8.42345 0.0000e+00
      15318     53.620    -1.0738    -1.0710   2.632843   2.633127     2.0805     2.5181      8.035     0.7616     2.7535 4.6011e+00    -0.0852   102.1528     7.9339     8.2597    32.5233    32.5242    26.1486    26.1492    8.42251 0.0000e+00
      15321     53.491    -1.0711    -1.0675   2.633117   2.633382     2.0788     2.5189      8.035     0.7510     2.7535 4.6546e+00    -0.0856   102.1618     7.9303     8.2670    32.5242    32.5240    26.1492    26.1489    8.42184 0.0000e+00
      15324     53.358    -1.0664    -1.0624   2.633420   2.633574     2.0788     2.5185      8.035     0.7510     2.7535 4.7306e+00    -0.0856   102.1618     7.9362     8.2671    32.5234    32.5211    26.1483    26.1464    8.42082 0.0000e+00
      15327     53.231    -1.0608    -1.0611   2.633745   2.633646     2.0788     2.5177      8.035     0.7510     2.7535 4.7525e+00    -0.0856   102.1618     7.9404     8.2689    32.5218    32.5207    26.1469    26.1461    8.41962 0.0000e+00
      15330     53.104    -1.0570    -1.0596   2.633897   2.633710     2.0784     2.5181      8.035     0.7405     2.7535 4.7912e+00    -0.0856   102.1618     7.9411     8.2722    32.5198    32.5201    26.1451    26.1455    8.41887 0.0000e+00
      15333     52.980    -1.0554    -1.0584   2.633948   2.633756     2.0788     2.5181      8.035     0.7299     2.1613 4.8356e+00    -0.0912   102.3065     7.9436     8.2750    32.5188    32.5195    26.1444    26.1449    8.41856 0.0000e+00
      15336     52.860    -1.0544    -1.0581   2.634005   2.633766     2.0788     2.5181      8.037     0.7405     0.4243 4.8750e+00    -0.1299   103.3012     7.9440     8.2763    32.5186    32.5193    26.1441    26.1448    8.41835 0.0000e+00
      15339     52.743    -1.0532    -1.0607   2.634061   2.633678     2.0788     2.5164      8.037     0.7616     0.5032 4.9089e+00    -0.1303   103.3103     7.9498     8.2720    32.5181    32.5211    26.1437    26.1463    8.41809 0.0000e+00
      15342     52.634    -1.0530    -1.0598   2.634061   2.633727     2.0784     2.5177      8.035     0.7510     0.5032 4.9373e+00    -0.1303   103.3103     7.9515     8.2781    32.5179    32.5208    26.1435    26.1460    8.41805 0.0000e+00
      15345     52.527    -1.0518    -1.0571   2.634138   2.633823     2.0784     2.5168      8.035     0.7510     0.5032 4.9832e+00    -0.1310   103.3284     7.9528     8.2778    32.5177    32.5192    26.1433    26.1447    8.41779 0.0000e+00
      15348     52.421    -1.0512    -1.0556   2.634134   2.633874     2.0788     2.5177      8.037     0.7510     0.5032 5.0121e+00    -0.1310   103.3284     7.9520     8.2865    32.5172    32.5183    26.1428    26.1439    8.41770 0.0000e+00
      15351     52.325    -1.0510    -1.0542   2.634191   2.633964     2.0780     2.5181      8.037     0.7510     0.5032 5.0470e+00    -0.1303   103.3103     7.9455     8.2890    32.5177    32.5181    26.1433    26.1438    8.41761 0.0000e+00
      15354     52.234    -1.0498    -1.0534   2.634220   2.634005     2.0784     2.5168      8.040     0.7616     0.5032 5.0645e+00    -0.1285   103.2651     7.9472     8.2841    32.5169    32.5179    26.1426    26.1435    8.41739 0.0000e+00
      15357     52.147    -1.0495    -1.0533   2.634269   2.633969     2.0772     2.5164      8.040     0.7299     0.5032 5.0880e+00    -0.1268   103.2199     7.9454     8.2835    32.5173    32.5174    26.1429    26.1431    8.41730 0.0000e+00
      15360     52.061    -1.0486    -1.0541   2.634317   2.633918     2.0772     2.5160      8.040     0.7510     2.1613 5.1234e+00    -0.1268   103.2199     7.9491     8.2870    32.5170    32.5175    26.1427    26.1432    8.41711 0.0000e+00
      15363     51.982    -1.0482    -1.0547   2.634326   2.633879     2.0784     2.5168      8.038     0.7510     3.6221 5.1472e+00    -0.1268   103.2199     7.9583     8.2906    32.5168    32.5177    26.1424    26.1435    8.41703 0.0000e+00
      15366     51.908    -1.0485    -1.0557   2.634328   2.633883     2.0772     2.5172      8.040     0.7616     3.5826 5.1651e+00    -0.1268   103.2199     7.9528     8.2935    32.5172    32.5189    26.1428    26.1444    8.41707 0.0000e+00
      15369     51.835    -1.0483    -1.0571   2.634297   2.633837     2.0772     2.5181      8.040     0.7405     3.5826 5.1890e+00    -0.1271   103.2289     7.9537     8.3014    32.5166    32.5198    26.1423    26.1452    8.41707 0.0000e+00
      15372     51.765    -1.0498    -1.0576   2.634232   2.633827     2.0768     2.5172      8.040     0.7616     3.5826 5.2130e+00    -0.1268   103.2199     7.9569     8.2977    32.5174    32.5203    26.1430    26.1456    8.41737 0.0000e+00
      15375     51.699    -1.0524    -1.0584   2.634178   2.633784     2.0768     2.5168      8.040     0.7299     3.5826 5.2312e+00    -0.1250   103.1746     7.9582     8.2987    32.5195    32.5207    26.1447    26.1459    8.41784 0.0000e+00
      15378     51.633    -1.0517    -1.0614   2.634209   2.633604     2.0780     2.5172      8.040     0.7299     3.5826 5.2554e+00    -0.1247   103.1656     7.9648     8.3023    32.5192    32.5215    26.1445    26.1467    8.41769 0.0000e+00
      15381     51.571    -1.0504    -1.0649   2.634230   2.633518     2.0784     2.5164      8.040     0.7193     3.5826 5.2676e+00    -0.1247   103.1656     7.9673     8.3002    32.5181    32.5241    26.1436    26.1489    8.41746 0.0000e+00
      15384     51.511    -1.0501    -1.0633   2.634234   2.633569     2.0780     2.5181      8.040     0.7193     3.5826 5.2981e+00    -0.1243   103.1566     7.9660     8.3063    32.5179    32.5231    26.1434    26.1481    8.41741 0.0000e+00
      15387     51.451    -1.0511    -1.0618   2.634162   2.633605     2.0776     2.5168      8.040     0.7193     0.2664 5.3042e+00    -0.1247   103.1656     7.9679     8.3017    32.5180    32.5220    26.1435    26.1472    8.41763 0.0000e+00
      15390     51.389    -1.0541    -1.0626   2.634083   2.633619     2.0772     2.5185      8.040     0.7087    -0.3653 5.3227e+00    -0.1247   103.1656     7.9674     8.3110    32.5202    32.5232    26.1454    26.1481    8.41817 0.0000e+00
      15393     51.327    -1.0531    -1.0628   2.634143   2.633638     2.0776     2.5172      8.040     0.7299    -0.3258 5.3474e+00    -0.1243   103.1566     7.9661     8.3127    32.5199    32.5236    26.1452    26.1484    8.41797 0.0000e+00
      15396     51.270    -1.0520    -1.0615   2.634233   2.633715     2.0780     2.5181      8.040     0.7193    -0.3258 5.3597e+00    -0.1264   103.2108     7.9662     8.3231    32.5200    32.5233    26.1452    26.1481    8.41770 0.0000e+00
      15399     51.220    -1.0472    -1.0585   2.634529   2.633842     2.0768     2.5172      8.040     0.7299    -0.3258 5.3908e+00    -0.1268   103.2199     7.9563     8.3224    32.5189    32.5218    26.1441    26.1469    8.41667 0.0000e+00
      15402     51.172    -1.0419    -1.0547   2.634744   2.634000     2.0772     2.5168      8.040     0.7405    -0.3258 5.3908e+00    -0.1268   103.2199     7.9573     8.3212    32.5161    32.5199    26.1417    26.1452    8.41563 0.0000e+00
      15405     51.123    -1.0392    -1.0510   2.634801   2.634167     2.0772     2.5185      8.040     0.7510    -0.3258 5.4158e+00    -0.1268   103.2199     7.9615     8.3311    32.5139    32.5181    26.1398    26.1437    8.41513 0.0000e+00
      15408     51.069    -1.0388    -1.0463   2.634896   2.634420     2.0788     2.5185      8.040     0.7510    -0.3258 5.4221e+00    -0.1264   103.2108     7.9741     8.3327    32.5149    32.5166    26.1406    26.1422    8.41499 0.0000e+00
      15411     51.012    -1.0344    -1.0443   2.635123   2.634483     2.0780     2.5189      8.040     0.7722     0.1085 5.4346e+00    -0.1268   103.2199     7.9719     8.3378    32.5132    32.5152    26.1391    26.1410    8.41408 0.0000e+00
      15414     50.959    -1.0268    -1.0414   2.635650   2.634804     2.0772     2.5193      8.042     0.7510     2.8720 5.4535e+00    -0.1268   103.2199     7.9688     8.3391    32.5122    32.5165    26.1380    26.1421    8.41240 0.0000e+00
      15417     50.905    -1.0184    -1.0296   2.636124   2.635469     2.0772     2.5205      8.042     0.7405     2.8720 5.4724e+00    -0.1278   103.2470     7.9669     8.3460    32.5096    32.5127    26.1357    26.1386    8.41063 0.0000e+00
      15420     50.846    -1.0146    -1.0217   2.636212   2.635792     2.0772     2.5201      8.045     0.7510     2.8720 5.4851e+00    -0.1278   103.2470     7.9682     8.3447    32.5066    32.5086    26.1332    26.1350    8.40993 0.0000e+00
      15423     50.783    -1.0103    -1.0166   2.636665   2.636130     2.0780     2.5205      8.045     0.7510     2.8720 5.5041e+00    -0.1278   103.2470     7.9751     8.3480    32.5081    32.5078    26.1342    26.1341    8.40885 0.0000e+00
      15426     50.722    -1.0035    -1.0111   2.636996   2.636492     2.0784     2.5201      8.045     0.7616     2.8720 5.5297e+00    -0.1278   103.2470     7.9786     8.3451    32.5053    32.5067    26.1317    26.1331    8.40746 0.0000e+00
      15429     50.656    -0.9995    -1.0051   2.637251   2.636842     2.0784     2.5217      8.045     0.7722     2.8720 5.5489e+00    -0.1278   103.2470     7.9802     8.3496    32.5045    32.5050    26.1310    26.1315    8.40660 0.0000e+00
      15432     50.594    -0.9957    -1.0034   2.637478   2.636857     2.0780     2.5213      8.045     0.7828     2.8720 5.5682e+00    -0.1282   103.2560     7.9792     8.3512    32.5035    32.5034    26.1300    26.1302    8.40578 0.0000e+00
      15435     50.523    -0.9927    -1.0037   2.637588   2.636894     2.0788     2.5221      8.045     0.7934     2.8720 5.5940e+00    -0.1271   103.2289     7.9920     8.3589    32.5018    32.5043    26.1285    26.1309    8.40519 0.0000e+00
      15438     50.448    -0.9919    -0.9997   2.637652   2.637180     2.0784     2.5213      8.048     0.7828     2.0429 5.6199e+00    -0.1268   103.2199     7.9935     8.3560    32.5018    32.5039    26.1285    26.1305    8.40501 0.0000e+00
      15441     50.371    -0.9899    -0.9949   2.637798   2.637477     2.0788     2.5229      8.049     0.7828     0.6612 5.6394e+00    -0.1271   103.2289     7.9977     8.3630    32.5018    32.5027    26.1284    26.1294    8.40457 0.0000e+00
      15444     50.296    -0.9881    -0.9929   2.637947   2.637546     2.0788     2.5233      8.049     0.7722     0.7401 5.6787e+00    -0.1268   103.2199     7.9980     8.3691    32.5018    32.5016    26.1284    26.1284    8.40414 0.0000e+00
      15447     50.219    -0.9860    -0.9916   2.638107   2.637687     2.0796     2.5238      8.049     0.7722     0.7401 5.6984e+00    -0.1271   103.2289     8.0008     8.3754    32.5017    32.5022    26.1283    26.1288    8.40367 0.0000e+00
      15450     50.141    -0.9837    -0.9895   2.638198   2.637765     2.0805     2.5242      8.049     0.7934     0.7401 5.7381e+00    -0.1268   103.2199     8.0074     8.3786    32.5005    32.5010    26.1272    26.1278    8.40321 0.0000e+00
