Datasets/AZMP/TEL210/tel210_2020_085.cnv
* Sea-Bird SBE 9 Data File:
* FileName = C:\CTDDATA\tel210_2020_085.hex
* Software Version Seasave V 7.26.7.110
* Temperature SN = 1697
* Conductivity SN = 4216
* Number of Bytes Per Scan = 30
* Number of Voltage Words = 4
* Number of Scans Averaged by the Deck Unit = 1
* NMEA baud rate = 4800
** VESSEL/TRIP/SEQ STN:  TEL210_2020
** LATITUDE XX XX.XX: 53 32.00 N
** LONGITUDE XX XX.XX: 055 08.70 W
** SOUNDING DEPTH (M): 0203
** PROBE TYPE: S1146
** CTD NUMBER: 055
** COMMENTS (14 CHAR): SI-04
** BOTTLES:  10
** LEVELS: 5,10,20,30,40,50,75,100,150,BTM
** STICKERS: 436130 - 436139
** VNET: Y
** DO2: Y
# nquan = 22
# nvalues = 4759                        
# units = specified
# name 0 = scan: Scan Count
# name 1 = prDM: Pressure, Digiquartz [db]
# name 2 = t090C: Temperature [ITS-90, deg C]
# name 3 = t190C: Temperature, 2 [ITS-90, deg C]
# name 4 = c0S/m: Conductivity [S/m]
# name 5 = c1S/m: Conductivity, 2 [S/m]
# name 6 = sbeox0V: Oxygen raw, SBE 43 [V]
# name 7 = sbeox1V: Oxygen raw, SBE 43, 2 [V]
# name 8 = ph: pH
# name 9 = flECO-AFL: Fluorescence, WET Labs ECO-AFL/FL [mg/m^3]
# name 10 = wetCDOM: Fluorescence, WET Labs CDOM [mg/m^3]
# name 11 = par/sat/log: PAR/Logarithmic, Satlantic [umol photons/m^2/sec]
# name 12 = CStarAt0: Beam Attenuation, WET Labs C-Star [1/m]
# name 13 = CStarTr0: Beam Transmission, WET Labs C-Star [%]
# name 14 = sbeox0ML/L: Oxygen, SBE 43 [ml/l], WS = 2
# name 15 = sbeox1ML/L: Oxygen, SBE 43, 2 [ml/l], WS = 2
# name 16 = sal00: Salinity, Practical [PSU]
# name 17 = sal11: Salinity, Practical, 2 [PSU]
# name 18 = sigma-t00: Density [sigma-t, kg/m^3 ]
# name 19 = sigma-t11: Density, 2 [sigma-t, kg/m^3 ]
# name 20 = oxsatML/L: Oxygen Saturation, Weiss [ml/l]
# name 21 = flag: flag
# span 0 =         59,      37311       
# span 1 =      1.531,    200.273       
# span 2 =    -0.6484,     9.3607       
# span 3 =    -0.6493,     9.4036       
# span 4 =   2.703648,   3.368945       
# span 5 =   2.702876,   3.371071       
# span 6 =     1.9011,     2.6204       
# span 7 =     2.2833,     3.2197       
# span 8 =      7.930,      8.284       
# span 9 =     0.6664,     1.7669       
# span 10 =    -2.8130,   482.1870      
# span 11 = 1.0592e-01, 4.2512e-01      
# span 12 =    -0.1446,     0.0469      
# span 13 =    98.8339,   103.6811      
# span 14 =     6.6414,     9.7666      
# span 15 =     6.8846,    10.3490      
# span 16 =    31.0802,    34.0111      
# span 17 =    31.0669,    34.0125      
# span 18 =    23.9949,    27.2297      
# span 19 =    23.9777,    27.2312      
# span 20 =    6.57038,    8.28425      
# span 21 = 0.0000e+00, 0.0000e+00      
# interval = scans: 3                   
# start_time = Jul 25 2020 02:14:01 [System UTC, header]
# bad_flag = -9.990e-29
*END*
[from data line 3622]
      18289     74.699    -0.5109    -0.5255   2.724744   2.724714     2.0403     2.4609      7.989     0.7616     2.0429 1.0740e-01    -0.1376   103.5002     7.6819     7.9408    33.1378    33.1533    26.6257    26.6389    8.26022 0.0000e+00
      18292     74.675    -0.5080    -0.5232   2.724829   2.724644     2.0399     2.4597      7.989     0.7616     1.6876 1.0727e-01    -0.1373   103.4911     7.6783     7.9363    33.1358    33.1499    26.6240    26.6361    8.25970 0.0000e+00
      18295     74.652    -0.5043    -0.5211   2.724862   2.724591     2.0407     2.4609      7.989     0.7510     1.0165 1.0727e-01    -0.1373   103.4911     7.6797     7.9420    33.1322    33.1469    26.6210    26.6335    8.25908 0.0000e+00
      18373     74.630    -0.5025    -0.5162   2.724932   2.724650     2.0424     2.4670      7.991     0.7510     1.6481 1.0715e-01    -0.1376   103.5002     7.6771     7.9691    33.1312    33.1424    26.6200    26.6297    8.25874 0.0000e+00
      18527     74.580    -0.4985    -0.5061   2.725072   2.724768     2.0436     2.4768      7.994     0.7510     2.4377 1.0727e-01    -0.1373   103.4911     7.6694     8.0117    33.1286    33.1329    26.6178    26.6216    8.25799 0.0000e+00
      18530     74.520    -0.4973    -0.5046   2.725127   2.724765     2.0436     2.4759      7.994     0.7722     1.1744 1.0715e-01    -0.1369   103.4821     7.6712     8.0086    33.1281    33.1313    26.6174    26.6202    8.25775 0.0000e+00
      18533     74.464    -0.4967    -0.5033   2.725116   2.724803     2.0452     2.4764      7.991     0.7405     1.2139 1.0740e-01    -0.1369   103.4821     7.6784     8.0097    33.1274    33.1304    26.6167    26.6195    8.25766 0.0000e+00
      18536     74.408    -0.4965    -0.5017   2.725136   2.724825     2.0448     2.4768      7.994     0.7510     1.2139 1.0727e-01    -0.1369   103.4821     7.6775     8.0094    33.1274    33.1289    26.6168    26.6182    8.25761 0.0000e+00
      18539     74.357    -0.4963    -0.5001   2.725125   2.724885     2.0444     2.4768      7.994     0.7616     1.2139 1.0727e-01    -0.1369   103.4821     7.6811     8.0104    33.1272    33.1281    26.6166    26.6175    8.25759 0.0000e+00
      18542     74.309    -0.4957    -0.4989   2.725138   2.724873     2.0440     2.4780      7.994     0.7616     1.2139 1.0715e-01    -0.1373   103.4911     7.6829     8.0159    33.1267    33.1267    26.6161    26.6163    8.25747 0.0000e+00
      18545     74.263    -0.4951    -0.4983   2.725139   2.724885     2.0440     2.4772      7.994     0.7299     1.2139 1.0715e-01    -0.1373   103.4911     7.6856     8.0109    33.1261    33.1262    26.6157    26.6159    8.25738 0.0000e+00
      18548     74.222    -0.4942    -0.4982   2.725147   2.724889     2.0448     2.4780      7.994     0.7616     1.2139 1.0715e-01    -0.1369   103.4821     7.6889     8.0118    33.1253    33.1262    26.6149    26.6158    8.25723 0.0000e+00
      18551     74.186    -0.4938    -0.4981   2.725142   2.724896     2.0460     2.4780      7.994     0.7510     1.2139 1.0740e-01    -0.1362   103.4640     7.6944     8.0121    33.1248    33.1261    26.6145    26.6158    8.25717 0.0000e+00
      18554     74.153    -0.4940    -0.4985   2.725153   2.724886     2.0456     2.4780      7.994     0.7510     1.2139 1.0715e-01    -0.1362   103.4640     7.6917     8.0127    33.1251    33.1265    26.6148    26.6161    8.25719 0.0000e+00
      18557     74.123    -0.4943    -0.4985   2.725126   2.724885     2.0448     2.4780      7.994     0.7510     1.2139 1.0740e-01    -0.1362   103.4640     7.6899     8.0083    33.1251    33.1265    26.6148    26.6161    8.25725 0.0000e+00
      19111     74.100    -0.4925    -0.4969   2.725155   2.724832     2.0546     2.4865      7.996     0.7616    -0.8391 1.0727e-01    -0.1355   103.4459     7.7204     8.0351    33.1236    33.1241    26.6135    26.6141    8.25695 0.0000e+00
      19936     74.078    -0.4926    -0.4984   2.725136   2.724824     2.0567     2.4882      7.997     0.7616     0.3848 1.0727e-01    -0.1352   103.4369     7.7310     8.0386    33.1234    33.1256    26.6134    26.6153    8.25698 0.0000e+00
      20350     74.032    -0.4921    -0.4983   2.725189   2.724835     2.0583     2.4890      7.999     0.7510     1.0954 1.0727e-01    -0.1355   103.4459     7.7387     8.0438    33.1236    33.1256    26.6135    26.6154    8.25685 0.0000e+00
      20353     73.979    -0.4916    -0.4976   2.725172   2.724842     2.0575     2.4894      7.999     0.7616     1.0165 1.0740e-01    -0.1359   103.4550     7.7373     8.0460    33.1228    33.1250    26.6129    26.6149    8.25678 0.0000e+00
      20356     73.922    -0.4912    -0.4972   2.725177   2.724857     2.0583     2.4902      7.999     0.7405     1.0954 1.0727e-01    -0.1355   103.4459     7.7418     8.0491    33.1225    33.1248    26.6125    26.6146    8.25671 0.0000e+00
      20359     73.859    -0.4909    -0.4966   2.725188   2.724867     2.0570     2.4906      7.999     0.7510     1.4507 1.0727e-01    -0.1355   103.4459     7.7344     8.0512    33.1224    33.1243    26.6125    26.6142    8.25666 0.0000e+00
      20362     73.792    -0.4908    -0.4963   2.725175   2.724891     2.0579     2.4890      7.999     0.7510     2.1614 1.0727e-01    -0.1362   103.4640     7.7360     8.0429    33.1221    33.1243    26.6122    26.6143    8.25664 0.0000e+00
      20365     73.724    -0.4904    -0.4958   2.725207   2.724886     2.0579     2.4894      7.999     0.7299     2.1614 1.0715e-01    -0.1362   103.4640     7.7312     8.0455    33.1221    33.1238    26.6122    26.6138    8.25655 0.0000e+00
      20368     73.653    -0.4904    -0.4956   2.725193   2.724894     2.0583     2.4906      7.999     0.7405     2.1614 1.0727e-01    -0.1359   103.4550     7.7331     8.0507    33.1221    33.1237    26.6122    26.6138    8.25657 0.0000e+00
      20371     73.576    -0.4903    -0.4961   2.725189   2.724871     2.0587     2.4902      7.999     0.7510     2.1614 1.0752e-01    -0.1366   103.4730     7.7363     8.0509    33.1220    33.1240    26.6121    26.6139    8.25656 0.0000e+00
      20374     73.493    -0.4902    -0.4966   2.725179   2.724837     2.0583     2.4914      7.999     0.7828     2.1614 1.0752e-01    -0.1362   103.4640     7.7354     8.0545    33.1217    33.1241    26.6119    26.6141    8.25653 0.0000e+00
      20377     73.408    -0.4903    -0.4966   2.725176   2.724852     2.0599     2.4906      7.999     0.7934     2.1219 1.0740e-01    -0.1362   103.4640     7.7422     8.0492    33.1219    33.1243    26.6120    26.6143    8.25656 0.0000e+00
      20380     73.314    -0.4900    -0.4963   2.725195   2.724849     2.0591     2.4914      7.999     0.7934     2.1614 1.0752e-01    -0.1362   103.4640     7.7383     8.0521    33.1218    33.1241    26.6120    26.6141    8.25649 0.0000e+00
      20383     73.217    -0.4900    -0.4961   2.725180   2.724873     2.0591     2.4906      7.999     0.7934     2.1614 1.0740e-01    -0.1366   103.4730     7.7384     8.0492    33.1217    33.1242    26.6118    26.6141    8.25649 0.0000e+00
      20386     73.117    -0.4896    -0.4956   2.725193   2.724868     2.0583     2.4906      7.999     0.7722     2.6351 1.0727e-01    -0.1366   103.4730     7.7300     8.0480    33.1215    33.1237    26.6117    26.6137    8.25643 0.0000e+00
      20389     73.010    -0.4895    -0.4952   2.725166   2.724867     2.0583     2.4918      7.999     0.7934     2.8720 1.0715e-01    -0.1359   103.4550     7.7284     8.0514    33.1211    33.1233    26.6114    26.6134    8.25642 0.0000e+00
      20392     72.900    -0.4895    -0.4948   2.725153   2.724858     2.0591     2.4914      7.999     0.7934     2.8720 1.0715e-01    -0.1352   103.4369     7.7301     8.0489    33.1210    33.1228    26.6112    26.6129    8.25643 0.0000e+00
      20395     72.785    -0.4894    -0.4947   2.725101   2.724826     2.0595     2.4914      7.999     0.7934     2.8720 1.0752e-01    -0.1359   103.4550     7.7343     8.0501    33.1202    33.1223    26.6107    26.6126    8.25645 0.0000e+00
      20398     72.666    -0.4898    -0.4948   2.725045   2.724773     2.0587     2.4914      7.999     0.7616     2.8720 1.0727e-01    -0.1359   103.4550     7.7315     8.0486    33.1200    33.1218    26.6105    26.6121    8.25656 0.0000e+00
      20401     72.545    -0.4898    -0.4945   2.724973   2.724740     2.0591     2.4918      7.999     0.7510     2.8720 1.0715e-01    -0.1355   103.4459     7.7362     8.0533    33.1191    33.1211    26.6098    26.6116    8.25660 0.0000e+00
      20404     72.417    -0.4901    -0.4948   2.724944   2.724677     2.0595     2.4914      7.999     0.7510     2.8720 1.0727e-01    -0.1352   103.4369     7.7446     8.0542    33.1191    33.1206    26.6098    26.6112    8.25667 0.0000e+00
      20407     72.283    -0.4902    -0.4951   2.724895   2.724576     2.0595     2.4914      7.999     0.7616     2.8720 1.0715e-01    -0.1355   103.4459     7.7489     8.0590    33.1186    33.1198    26.6094    26.6105    8.25671 0.0000e+00
      20410     72.149    -0.4908    -0.4956   2.724812   2.724509     2.0591     2.4918      7.999     0.7510     2.8325 1.0715e-01    -0.1366   103.4730     7.7498     8.0604    33.1183    33.1194    26.6091    26.6103    8.25687 0.0000e+00
      20413     72.013    -0.4909    -0.4960   2.724738   2.724442     2.0595     2.4927      7.999     0.7405     1.1744 1.0727e-01    -0.1373   103.4911     7.7516     8.0648    33.1175    33.1190    26.6085    26.6100    8.25694 0.0000e+00
      20416     71.873    -0.4905    -0.4954   2.724625   2.724230     2.0599     2.4927      7.999     0.7510     1.0954 1.0752e-01    -0.1366   103.4730     7.7548     8.0686    33.1156    33.1157    26.6070    26.6072    8.25695 0.0000e+00
      20419     71.730    -0.4886    -0.4934   2.724419   2.724101     2.0603     2.4923      7.999     0.7405     1.0954 1.0715e-01    -0.1373   103.4911     7.7592     8.0694    33.1109    33.1119    26.6031    26.6041    8.25681 0.0000e+00
      20422     71.585    -0.4864    -0.4914   2.724298   2.724049     2.0603     2.4927      7.999     0.7510     1.0954 1.0740e-01    -0.1369   103.4821     7.7609     8.0732    33.1069    33.1091    26.5998    26.6017    8.25654 0.0000e+00
      20425     71.442    -0.4844    -0.4899   2.724112   2.723829     2.0603     2.4931      7.999     0.7510     1.0954 1.0727e-01    -0.1369   103.4821     7.7605     8.0760    33.1023    33.1045    26.5960    26.5980    8.25635 0.0000e+00
      20428     71.297    -0.4842    -0.4893   2.724033   2.723751     2.0615     2.4939      7.999     0.7616     1.0954 1.0727e-01    -0.1362   103.4640     7.7665     8.0823    33.1011    33.1030    26.5950    26.5967    8.25637 0.0000e+00
      20431     71.150    -0.4844    -0.4898   2.724012   2.723814     2.0611     2.4943      7.999     0.7405     1.0559 1.0715e-01    -0.1355   103.4459     7.7644     8.0842    33.1012    33.1044    26.5950    26.5979    8.25642 0.0000e+00
      20434     71.004    -0.4845    -0.4900   2.723889   2.723770     2.0611     2.4939      7.999     0.7405     1.0954 1.0727e-01    -0.1352   103.4369     7.7627     8.0815    33.0998    33.1041    26.5939    26.5977    8.25652 0.0000e+00
      20437     70.861    -0.4846    -0.4899   2.723764   2.723594     2.0615     2.4939      7.999     0.7510     0.9770 1.0727e-01    -0.1352   103.4369     7.7639     8.0841    33.0983    33.1017    26.5927    26.5957    8.25663 0.0000e+00
      20440     70.721    -0.4849    -0.4900   2.723615   2.723331     2.0619     2.4951      7.999     0.7616     0.5427 1.0740e-01    -0.1355   103.4459     7.7645     8.0920    33.0967    33.0984    26.5914    26.5930    8.25678 0.0000e+00
      20443     70.580    -0.4854    -0.4907   2.723599   2.723269     2.0619     2.4951      8.001     0.7510     0.6217 1.0727e-01    -0.1355   103.4459     7.7664     8.0958    33.0971    33.0985    26.5918    26.5931    8.25687 0.0000e+00
      20446     70.443    -0.4859    -0.4908   2.723533   2.723166     2.0619     2.4955      7.999     0.7405     0.5822 1.0727e-01    -0.1352   103.4369     7.7678     8.0951    33.0968    33.0973    26.5916    26.5922    8.25700 0.0000e+00
      20449     70.313    -0.4859    -0.4912   2.723465   2.723121     2.0623     2.4959      7.999     0.7510     0.5427 1.0727e-01    -0.1345   103.4188     7.7707     8.0976    33.0960    33.0972    26.5909    26.5921    8.25705 0.0000e+00
      20452     70.187    -0.4862    -0.4912   2.723432   2.723085     2.0623     2.4963      7.999     0.7616     0.5427 1.0727e-01    -0.1341   103.4098     7.7728     8.0993    33.0960    33.0967    26.5909    26.5917    8.25711 0.0000e+00
      20455     70.064    -0.4865    -0.4912   2.723376   2.722993     2.0623     2.4963      7.999     0.7405     0.5822 1.0715e-01    -0.1341   103.4098     7.7764     8.0994    33.0956    33.0956    26.5906    26.5908    8.25720 0.0000e+00
      20458     69.949    -0.4865    -0.4912   2.723270   2.722987     2.0623     2.4967      7.999     0.7405     0.5427 1.0727e-01    -0.1341   103.4098     7.7778     8.0977    33.0943    33.0956    26.5896    26.5908    8.25728 0.0000e+00
      20461     69.841    -0.4868    -0.4912   2.723264   2.723050     2.0631     2.4976      8.001     0.7616     0.5822 1.0727e-01    -0.1338   103.4007     7.7815     8.0994    33.0946    33.0965    26.5898    26.5916    8.25733 0.0000e+00
      20464     69.738    -0.4870    -0.4914   2.723298   2.723057     2.0636     2.4980      8.001     0.7510     0.6612 1.0727e-01    -0.1341   103.4098     7.7866     8.0988    33.0953    33.0969    26.5904    26.5918    8.25733 0.0000e+00
      20467     69.639    -0.4869    -0.4915   2.723346   2.723022     2.0640     2.4988      7.999     0.7299     0.7401 1.0727e-01    -0.1341   103.4098     7.7916     8.1016    33.0959    33.0966    26.5909    26.5916    8.25727 0.0000e+00
      20470     69.547    -0.4872    -0.4918   2.723043   2.722958     2.0640     2.4980      8.001     0.7616     0.7006 1.0740e-01    -0.1313   103.3374     7.7929     8.0962    33.0922    33.0960    26.5879    26.5912    8.25754 0.0000e+00
      20473     69.462    -0.4874    -0.4920   2.722885   2.723198     2.0644     2.4988      8.001     0.7510     0.7006 1.0727e-01    -0.1299   103.3012     7.7950     8.0955    33.0903    33.0995    26.5864    26.5940    8.25769 0.0000e+00
      20476     69.385    -0.4877    -0.4922   2.722880   2.723368     2.0652     2.4992      8.002     0.7405     0.7006 1.0715e-01    -0.1299   103.3012     7.7976     8.0952    33.0906    33.1021    26.5866    26.5962    8.25774 0.0000e+00
      20479     69.321    -0.4878    -0.4923   2.722863   2.723377     2.0652     2.4984      8.001     0.7616     0.7401 1.0715e-01    -0.1299   103.3012     7.7946     8.0917    33.0906    33.1024    26.5866    26.5964    8.25777 0.0000e+00
      20482     69.257    -0.4878    -0.4923   2.722853   2.723373     2.0652     2.4988      8.001     0.7405     0.7401 1.0715e-01    -0.1299   103.3012     7.7924     8.0912    33.0905    33.1023    26.5866    26.5963    8.25777 0.0000e+00
      20485     69.201    -0.4878    -0.4923   2.722862   2.723305     2.0652     2.5000      8.004     0.7510     0.6612 1.0727e-01    -0.1299   103.3012     7.7891     8.0941    33.0906    33.1015    26.5867    26.5956    8.25777 0.0000e+00
      20488     69.150    -0.4878    -0.4921   2.722819   2.723200     2.0664     2.4992      8.002     0.7510     0.7401 1.0727e-01    -0.1299   103.3012     7.7925     8.0873    33.0902    33.1000    26.5863    26.5944    8.25780 0.0000e+00
      20491     69.102    -0.4879    -0.4919   2.722786   2.723254     2.0664     2.5008      8.004     0.7510     0.3848 1.0727e-01    -0.1317   103.3465     7.7937     8.0921    33.0898    33.1004    26.5860    26.5948    8.25784 0.0000e+00
