Datasets/AZMP/TEL210/tel210_2020_011.cnv
* Sea-Bird SBE 9 Data File:
* FileName = C:\CTDDATA\tel210_2020_011.hex
* Software Version Seasave V 7.26.7.110
* Temperature SN = 1697
* Conductivity SN = 4216
* Number of Bytes Per Scan = 30
* Number of Voltage Words = 4
* Number of Scans Averaged by the Deck Unit = 1
* NMEA baud rate = 4800
** VESSEL/TRIP/SEQ STN:  tel210_2020_011
** LATITUDE XX XX.XX: 47 00.00 N
** LONGITUDE XX XX.XX: 050 00.00 W
** SOUNDING DEPTH (M): 0084
** PROBE TYPE: S1146
** CTD NUMBER: 010
** COMMENTS (14 CHAR): FC-09
** BOTTLES:  7
** LEVELS: 5,10,20,30,40,50,75
** STICKERS: 435805 - 435811
** VNET: Y
** DO2: N
# nquan = 22
# nvalues = 1791                        
# units = specified
# name 0 = scan: Scan Count
# name 1 = prDM: Pressure, Digiquartz [db]
# name 2 = t090C: Temperature [ITS-90, deg C]
# name 3 = t190C: Temperature, 2 [ITS-90, deg C]
# name 4 = c0S/m: Conductivity [S/m]
# name 5 = c1S/m: Conductivity, 2 [S/m]
# name 6 = sbeox0V: Oxygen raw, SBE 43 [V]
# name 7 = sbeox1V: Oxygen raw, SBE 43, 2 [V]
# name 8 = ph: pH
# name 9 = flECO-AFL: Fluorescence, WET Labs ECO-AFL/FL [mg/m^3]
# name 10 = wetCDOM: Fluorescence, WET Labs CDOM [mg/m^3]
# name 11 = par/sat/log: PAR/Logarithmic, Satlantic [umol photons/m^2/sec]
# name 12 = CStarAt0: Beam Attenuation, WET Labs C-Star [1/m]
# name 13 = CStarTr0: Beam Transmission, WET Labs C-Star [%]
# name 14 = sbeox0ML/L: Oxygen, SBE 43 [ml/l], WS = 2
# name 15 = sbeox1ML/L: Oxygen, SBE 43, 2 [ml/l], WS = 2
# name 16 = sal00: Salinity, Practical [PSU]
# name 17 = sal11: Salinity, Practical, 2 [PSU]
# name 18 = sigma-t00: Density [sigma-t, kg/m^3 ]
# name 19 = sigma-t11: Density, 2 [sigma-t, kg/m^3 ]
# name 20 = oxsatML/L: Oxygen Saturation, Weiss [ml/l]
# name 21 = flag: flag
# span 0 =         24,      27737       
# span 1 =      1.825,     81.631       
# span 2 =     1.5750,    10.9465       
# span 3 =     1.5672,    10.9420       
# span 4 =   2.874833,   3.644891       
# span 5 =   2.874213,   3.644329       
# span 6 =     1.7243,     2.3702       
# span 7 =     2.0747,     2.8945       
# span 8 =      7.779,      8.130       
# span 9 =    -0.4188,     2.4404       
# span 10 =    -2.8130,   482.1870      
# span 11 = 1.0617e-01, 4.6957e-01      
# span 12 =    -0.0845,     0.0568      
# span 13 =    98.5898,   102.1347      
# span 14 =     5.7239,     7.6973      
# span 15 =     5.9900,     8.0749      
# span 16 =    32.4392,    32.8570      
# span 17 =    32.4497,    32.8574      
# span 18 =    24.8018,    26.2845      
# span 19 =    24.8009,    26.2849      
# span 20 =    6.28921,    7.83319      
# span 21 = 0.0000e+00, 0.0000e+00      
# interval = scans: 3                   
# start_time = Jul 16 2020 01:17:05 [System UTC, header]
# bad_flag = -9.990e-29
*END*
[from data line 1712]
      24581      7.156    10.9367    10.9325   3.642836   3.642210     2.2823     2.7719      8.094     0.2731    -1.3128 1.0715e-01     0.0236    99.4127     6.4908     6.7887    32.4547    32.4523    24.8052    24.8040    6.29071 0.0000e+00
      24584      7.090    10.9367    10.9323   3.642856   3.642176     2.2827     2.7732      8.094     0.2934    17.4398 1.0715e-01     0.0243    99.3946     6.4911     6.7950    32.4549    32.4522    24.8053    24.8040    6.29070 0.0000e+00
      24587      7.034    10.9369    10.9323   3.642865   3.642149     2.2827     2.7732      8.092     0.2833   440.5761 1.0715e-01     0.0243    99.3946     6.4898     6.7972    32.4549    32.4519    24.8052    24.8038    6.29068 0.0000e+00
      24590      6.992    10.9370    10.9323   3.642853   3.642176     2.2831     2.7740      8.094     0.2731   481.3185 1.0715e-01     0.0243    99.3946     6.4909     6.8015    32.4547    32.4521    24.8051    24.8039    6.29067 0.0000e+00
      24593      6.960    10.9370    10.9323   3.642869   3.642189     2.2823     2.7736      8.094     0.2731   481.1211 1.0715e-01     0.0243    99.3946     6.4890     6.8026    32.4549    32.4523    24.8052    24.8041    6.29066 0.0000e+00
      24665      6.913    10.9371    10.9324   3.642857   3.642276     2.2823     2.7760      8.094     0.3036   103.2672 1.0715e-01     0.0239    99.4036     6.4782     6.7506    32.4547    32.4531    24.8051    24.8046    6.29066 0.0000e+00
      24668      6.829    10.9373    10.9321   3.642868   3.642184     2.2823     2.7752      8.094     0.3036    -2.8130 1.0715e-01     0.0239    99.4036     6.4800     6.7489    32.4546    32.4525    24.8050    24.8043    6.29063 0.0000e+00
      24671      6.737    10.9370    10.9320   3.642853   3.642219     2.2823     2.7744      8.094     0.3036    -0.9575 1.0715e-01     0.0239    99.4036     6.4798     6.7489    32.4548    32.4529    24.8052    24.8046    6.29067 0.0000e+00
      24674      6.639    10.9367    10.9321   3.642875   3.642229     2.2823     2.7744      8.094     0.3036    -0.9180 1.0715e-01     0.0239    99.4036     6.4786     6.7527    32.4553    32.4530    24.8056    24.8047    6.29069 0.0000e+00
      24677      6.536    10.9367    10.9321   3.642829   3.642235     2.2819     2.7740      8.094     0.3036    -0.9180 1.0715e-01     0.0239    99.4036     6.4767     6.7545    32.4550    32.4531    24.8054    24.8048    6.29071 0.0000e+00
      24680      6.426    10.9365    10.9323   3.642820   3.642276     2.2823     2.7728      8.094     0.2934    -0.9180 1.0715e-01     0.0239    99.4036     6.4785     6.7547    32.4550    32.4534    24.8054    24.8049    6.29072 0.0000e+00
      24683      6.311    10.9361    10.9329   3.642813   3.642307     2.2827     2.7728      8.094     0.2426    -0.9180 1.0715e-01     0.0239    99.4036     6.4804     6.7584    32.4554    32.4532    24.8058    24.8047    6.29076 0.0000e+00
      24686      6.191    10.9367    10.9326   3.642831   3.642308     2.2831     2.7719      8.094     0.2528    -0.9180 1.0715e-01     0.0232    99.4217     6.4819     6.7607    32.4551    32.4535    24.8055    24.8050    6.29070 0.0000e+00
      24689      6.076    10.9372    10.9322   3.642837   3.642300     2.2827     2.7719      8.094     0.2426    -0.7601 1.0715e-01     0.0232    99.4217     6.4791     6.7644    32.4548    32.4538    24.8051    24.8053    6.29065 0.0000e+00
      24692      5.961    10.9371    10.9321   3.642820   3.642266     2.2823     2.7719      8.094     0.2426     0.6611 1.0715e-01     0.0232    99.4217     6.4758     6.7672    32.4547    32.4537    24.8051    24.8052    6.29065 0.0000e+00
      24695      5.844    10.9370    10.9323   3.642797   3.642285     2.2814     2.7728      8.094     0.2426     0.7401 1.0715e-01     0.0232    99.4217     6.4717     6.7730    32.4547    32.4537    24.8051    24.8051    6.29068 0.0000e+00
      24698      5.727    10.9371    10.9329   3.642824   3.642275     2.2819     2.7723      8.094     0.2528     0.7401 1.0715e-01     0.0232    99.4217     6.4731     6.7754    32.4548    32.4532    24.8052    24.8046    6.29065 0.0000e+00
      24701      5.616    10.9375    10.9331   3.642835   3.642282     2.2827     2.7728      8.094     0.2426     0.7401 1.0715e-01     0.0232    99.4217     6.4752     6.7806    32.4547    32.4531    24.8050    24.8046    6.29060 0.0000e+00
      24704      5.511    10.9375    10.9331   3.642837   3.642298     2.2819     2.7719      8.094     0.2324     0.7401 1.0715e-01     0.0236    99.4127     6.4727     6.7819    32.4547    32.4533    24.8050    24.8047    6.29060 0.0000e+00
      24707      5.414    10.9375    10.9331   3.642856   3.642274     2.2823     2.7728      8.094     0.2120     0.7401 1.0715e-01     0.0236    99.4127     6.4737     6.7866    32.4549    32.4531    24.8052    24.8045    6.29059 0.0000e+00
      24710      5.330    10.9373    10.9331   3.642850   3.642285     2.2823     2.7732      8.094     0.1713     0.7401 1.0715e-01     0.0236    99.4127     6.4746     6.7897    32.4551    32.4532    24.8054    24.8047    6.29061 0.0000e+00
      24713      5.261    10.9373    10.9332   3.642824   3.642265     2.2810     2.7723      8.094     0.1815     0.7401 1.0715e-01     0.0232    99.4217     6.4716     6.7881    32.4549    32.4529    24.8052    24.8044    6.29063 0.0000e+00
      24716      5.218    10.9372    10.9329   3.642807   3.642240     2.2810     2.7732      8.092     0.1917   158.7352 1.0715e-01     0.0232    99.4217     6.4732     6.7911    32.4548    32.4530    24.8052    24.8045    6.29064 0.0000e+00
      25565      5.179    10.9355    10.9320   3.642589   3.642074     2.2827     2.7687      8.094     0.2222   481.6343 1.0727e-01     0.0232    99.4217     6.4809     6.7735    32.4542    32.4522    24.8050    24.8040    6.29090 0.0000e+00
      25991      5.115    10.9350    10.9315   3.642503   3.641996     2.2835     2.7667      8.094     0.1917   481.3579 1.0715e-01     0.0232    99.4217     6.4838     6.7690    32.4538    32.4518    24.8047    24.8038    6.29098 0.0000e+00
      25994      5.059    10.9346    10.9316   3.642485   3.641942     2.2835     2.7662      8.094     0.1713   481.3184 1.0715e-01     0.0232    99.4217     6.4832     6.7721    32.4540    32.4513    24.8050    24.8034    6.29103 0.0000e+00
      25997      5.017    10.9347    10.9316   3.642492   3.641936     2.2839     2.7671      8.094     0.1815   481.3579 1.0715e-01     0.0232    99.4217     6.4856     6.7785    32.4540    32.4513    24.8050    24.8034    6.29102 0.0000e+00
      26126      4.970    10.9353    10.9315   3.642653   3.642058     2.2827     2.7650      8.094     0.1713     2.8720 1.0715e-01     0.0239    99.4036     6.4750     6.7487    32.4551    32.4526    24.8057    24.8044    6.29089 0.0000e+00
      26129      4.895    10.9350    10.9314   3.642597   3.642055     2.2827     2.7646      8.094     0.1612     2.7536 1.0715e-01     0.0243    99.3946     6.4744     6.7499    32.4548    32.4527    24.8056    24.8045    6.29094 0.0000e+00
      26132      4.835    10.9352    10.9312   3.642596   3.642053     2.2827     2.7650      8.094     0.1612     2.2798 1.0715e-01     0.0239    99.4036     6.4747     6.7553    32.4546    32.4528    24.8054    24.8047    6.29092 0.0000e+00
      26135      4.789    10.9352    10.9314   3.642590   3.642074     2.2827     2.7654      8.094     0.1510     2.2798 1.0715e-01     0.0239    99.4036     6.4759     6.7598    32.4546    32.4528    24.8053    24.8046    6.29092 0.0000e+00
      26138      4.756    10.9352    10.9314   3.642606   3.642082     2.2827     2.7658      8.094     0.1408     2.2798 1.0715e-01     0.0236    99.4127     6.4777     6.7646    32.4548    32.4530    24.8055    24.8048    6.29091 0.0000e+00
      26660      4.711    10.9344    10.9301   3.642628   3.642078     2.2831     2.7658      8.094     0.2222     0.4243 1.0715e-01     0.0221    99.4489     6.4791     6.7656    32.4558    32.4541    24.8064    24.8059    6.29099 0.0000e+00
      26663      4.654    10.9343    10.9301   3.642636   3.642058     2.2827     2.7671      8.094     0.2222     0.3848 1.0715e-01     0.0221    99.4489     6.4797     6.7721    32.4560    32.4539    24.8066    24.8057    6.29099 0.0000e+00
      26666      4.608    10.9341    10.9303   3.642632   3.642063     2.2827     2.7671      8.094     0.2222     0.3848 1.0715e-01     0.0221    99.4489     6.4802     6.7749    32.4561    32.4538    24.8067    24.8056    6.29102 0.0000e+00
      27184      4.575    10.9393    10.9338   3.642865   3.642162     2.2814     2.7720      8.094     0.2324    -0.7601 1.0703e-01     0.0228    99.4308     6.4735     6.7825    32.4539    32.4517    24.8041    24.8033    6.29040 0.0000e+00
      27445      4.513    10.9416    10.9355   3.642958   3.642208     2.2814     2.7740      8.094     0.2528     2.8325 1.0715e-01     0.0232    99.4217     6.4722     6.7842    32.4528    32.4507    24.8028    24.8022    6.29013 0.0000e+00
      27448      4.449    10.9413    10.9357   3.642960   3.642207     2.2822     2.7732      8.094     0.2528     2.6351 1.0715e-01     0.0232    99.4217     6.4764     6.7811    32.4530    32.4506    24.8031    24.8021    6.29015 0.0000e+00
      27451      4.391    10.9415    10.9359   3.642948   3.642207     2.2822     2.7740      8.094     0.2426     2.6351 1.0715e-01     0.0232    99.4217     6.4782     6.7822    32.4528    32.4504    24.8028    24.8020    6.29014 0.0000e+00
      27454      4.334    10.9414    10.9359   3.642938   3.642199     2.2818     2.7732      8.094     0.2324     2.6351 1.0740e-01     0.0232    99.4217     6.4785     6.7785    32.4528    32.4504    24.8029    24.8019    6.29015 0.0000e+00
      27457      4.280    10.9417    10.9361   3.642951   3.642230     2.2810     2.7728      8.094     0.2629     2.6351 1.0715e-01     0.0228    99.4308     6.4759     6.7750    32.4527    32.4505    24.8027    24.8020    6.29011 0.0000e+00
      27460      4.231    10.9421    10.9364   3.642961   3.642229     2.2810     2.7736      8.094     0.2731     2.6351 1.0765e-01     0.0232    99.4217     6.4765     6.7745    32.4524    32.4502    24.8024    24.8017    6.29007 0.0000e+00
      27463      4.188    10.9419    10.9368   3.642947   3.642235     2.2818     2.7736      8.094     0.2731     2.6351 1.0703e-01     0.0232    99.4217     6.4803     6.7716    32.4524    32.4499    24.8025    24.8014    6.29008 0.0000e+00
      27466      4.153    10.9421    10.9365   3.642973   3.642247     2.2814     2.7744      8.094     0.2731     4.0169 1.0715e-01     0.0232    99.4217     6.4795     6.7726    32.4526    32.4504    24.8025    24.8018    6.29006 0.0000e+00
      27469      4.125    10.9422    10.9364   3.642983   3.642238     2.2814     2.7732      8.094     0.2833     4.2143 1.0690e-01     0.0232    99.4217     6.4788     6.7690    32.4526    32.4503    24.8025    24.8018    6.29004 0.0000e+00
      27492      4.034    10.9428    10.9367   3.643025   3.642249     2.2831     2.7707      8.094     0.3647     5.4381 1.0678e-01     0.0217    99.4579     6.4866     6.7419    32.4526    32.4502    24.8024    24.8017    6.28997 0.0000e+00
      27505      3.976    10.9430    10.9363   3.643013   3.642250     2.2831     2.7683      8.094     0.3952     6.0698 1.0703e-01     0.0210    99.4760     6.4873     6.7231    32.4523    32.4507    24.8022    24.8021    6.28995 0.0000e+00
      27508      3.947    10.9431    10.9373   3.643007   3.642295     2.2831     2.7679      8.094     0.4155     6.0698 1.0715e-01     0.0210    99.4760     6.4866     6.7198    32.4522    32.4503    24.8021    24.8016    6.28994 0.0000e+00
      27511      3.911    10.9432    10.9379   3.643038   3.642317     2.2835     2.7670      8.094     0.4359     6.0698 1.1019e-01     0.0214    99.4670     6.4874     6.7161    32.4523    32.4499    24.8022    24.8012    6.28992 0.0000e+00
      27514      3.878    10.9433    10.9383   3.643020   3.642376     2.2831     2.7662      8.094     0.4359     6.0698 1.3164e-01     0.0217    99.4579     6.4862     6.7126    32.4522    32.4501    24.8020    24.8013    6.28992 0.0000e+00
      27518      3.843    10.9435    10.9389   3.643078   3.642388     2.2835     2.7658      8.094     0.4155   220.7963 1.6371e-01     0.0210    99.4760     6.4870     6.7124    32.4525    32.4498    24.8023    24.8009    6.28987 0.0000e+00
      27523      3.808    10.9434    10.9390   3.643092   3.642444     2.2839     2.7638      8.094     0.4257   481.1605 1.2738e-01     0.0210    99.4760     6.4878     6.7078    32.4528    32.4503    24.8025    24.8013    6.28987 0.0000e+00
      27526      3.783    10.9441    10.9392   3.643125   3.642447     2.2835     2.7634      8.094     0.4359   481.3184 1.1046e-01     0.0210    99.4760     6.4850     6.7083    32.4525    32.4502    24.8021    24.8012    6.28978 0.0000e+00
      27529      3.758    10.9451    10.9394   3.643215   3.642483     2.2839     2.7626      8.094     0.4155   481.3579 1.0980e-01     0.0210    99.4760     6.4859     6.7069    32.4525    32.4503    24.8019    24.8012    6.28965 0.0000e+00
      27532      3.724    10.9446    10.9400   3.643165   3.642549     2.2839     2.7622      8.094     0.4257   481.3579 1.1171e-01     0.0214    99.4670     6.4843     6.7060    32.4525    32.4505    24.8021    24.8013    6.28973 0.0000e+00
      27535      3.688    10.9443    10.9405   3.643190   3.642569     2.2835     2.7618      8.094     0.3138   481.3579 1.0790e-01     0.0210    99.4760     6.4822     6.7055    32.4530    32.4502    24.8025    24.8010    6.28974 0.0000e+00
      27538      3.648    10.9445    10.9398   3.643176   3.642497     2.2835     2.7601      8.094     0.2934   481.3579 1.0715e-01     0.0210    99.4760     6.4815     6.7021    32.4527    32.4501    24.8022    24.8011    6.28973 0.0000e+00
      27541      3.608    10.9436    10.9397   3.643053   3.642498     2.2839     2.7605      8.094     0.3036   481.3579 1.0703e-01     0.0210    99.4760     6.4814     6.7042    32.4523    32.4502    24.8021    24.8011    6.28987 0.0000e+00
      27544      3.570    10.9413    10.9381   3.642831   3.642346     2.2839     2.7597      8.094     0.3138   481.3579 1.0703e-01     0.0210    99.4760     6.4815     6.7031    32.4521    32.4501    24.8023    24.8014    6.29018 0.0000e+00
      27547      3.537    10.9406    10.9383   3.642718   3.642366     2.2843     2.7589      8.094     0.3036   481.3579 1.0715e-01     0.0210    99.4760     6.4831     6.7003    32.4517    32.4502    24.8021    24.8014    6.29030 0.0000e+00
      27550      3.507    10.9402    10.9388   3.642703   3.642436     2.2839     2.7597      8.094     0.3036   481.3579 1.0703e-01     0.0210    99.4760     6.4813     6.7034    32.4519    32.4505    24.8023    24.8015    6.29035 0.0000e+00
      27554      3.478    10.9404    10.9387   3.642768   3.642401     2.2835     2.7581      8.094     0.3036   481.3579 1.0715e-01     0.0221    99.4489     6.4792     6.7002    32.4524    32.4502    24.8027    24.8013    6.29030 0.0000e+00
      27646      3.427    10.9424    10.9388   3.642950   3.642354     2.2835     2.7137      8.094     0.2833   159.2879 1.0968e-01     0.0232    99.4217     6.4742     6.4605    32.4525    32.4497    24.8024    24.8009    6.29003 0.0000e+00
      27693      3.338    10.9433    10.9388   3.643000   3.642369     2.2843     2.6889      8.094     0.2222    -1.7866 1.0803e-01     0.0239    99.4036     6.4741     6.3495    32.4521    32.4499    24.8020    24.8010    6.28991 0.0000e+00
      27696      3.238    10.9430    10.9391   3.642997   3.642391     2.2839     2.6861      8.094     0.2120    -1.7471 1.0715e-01     0.0221    99.4489     6.4725     6.3597    32.4524    32.4499    24.8023    24.8010    6.28994 0.0000e+00
