Datasets/AZMP/TEL210/tel210_2020_082.cnv
* Sea-Bird SBE 9 Data File:
* FileName = C:\CTDDATA\tel210_2020_082.hex
* Software Version Seasave V 7.26.7.110
* Temperature SN = 1697
* Conductivity SN = 4216
* Number of Bytes Per Scan = 30
* Number of Voltage Words = 4
* Number of Scans Averaged by the Deck Unit = 1
* NMEA baud rate = 4800
** VESSEL/TRIP/SEQ STN:  tel210_2020_082
** LATITUDE XX XX.XX: 53 20.00 N
** LONGITUDE XX XX.XX: 055 30.00 W
** SOUNDING DEPTH (M): 0138
** PROBE TYPE: S1146
** CTD NUMBER: 052
** COMMENTS (14 CHAR): SI-02
** BOTTLES:  9
** LEVELS: 5,10,20,30,40,50,75,100,BTM
** STICKERS: 436121 - 436129
** VNET: Y
** DO2: N
# nquan = 22
# nvalues = 3583                        
# units = specified
# name 0 = scan: Scan Count
# name 1 = prDM: Pressure, Digiquartz [db]
# name 2 = t090C: Temperature [ITS-90, deg C]
# name 3 = t190C: Temperature, 2 [ITS-90, deg C]
# name 4 = c0S/m: Conductivity [S/m]
# name 5 = c1S/m: Conductivity, 2 [S/m]
# name 6 = sbeox0V: Oxygen raw, SBE 43 [V]
# name 7 = sbeox1V: Oxygen raw, SBE 43, 2 [V]
# name 8 = ph: pH
# name 9 = flECO-AFL: Fluorescence, WET Labs ECO-AFL/FL [mg/m^3]
# name 10 = wetCDOM: Fluorescence, WET Labs CDOM [mg/m^3]
# name 11 = par/sat/log: PAR/Logarithmic, Satlantic [umol photons/m^2/sec]
# name 12 = CStarAt0: Beam Attenuation, WET Labs C-Star [1/m]
# name 13 = CStarTr0: Beam Transmission, WET Labs C-Star [%]
# name 14 = sbeox0ML/L: Oxygen, SBE 43 [ml/l], WS = 2
# name 15 = sbeox1ML/L: Oxygen, SBE 43, 2 [ml/l], WS = 2
# name 16 = sal00: Salinity, Practical [PSU]
# name 17 = sal11: Salinity, Practical, 2 [PSU]
# name 18 = sigma-t00: Density [sigma-t, kg/m^3 ]
# name 19 = sigma-t11: Density, 2 [sigma-t, kg/m^3 ]
# name 20 = oxsatML/L: Oxygen Saturation, Weiss [ml/l]
# name 21 = flag: flag
# span 0 =         59,      34034       
# span 1 =      0.855,    141.257       
# span 2 =    -0.8796,    11.7264       
# span 3 =    -0.8883,    11.8011       
# span 4 =   2.658273,   3.284841       
# span 5 =   2.656234,   3.284575       
# span 6 =     1.9902,     2.5462       
# span 7 =     2.4078,     3.1276       
# span 8 =      7.927,      8.238       
# span 9 =     0.7193,     1.9045       
# span 10 =    -2.8130,   482.1870      
# span 11 = 1.0715e-01, 5.4877e+01      
# span 12 =    -0.1408,     0.2319      
# span 13 =    94.3666,   103.5816      
# span 14 =     6.9508,     9.4902      
# span 15 =     6.7962,     9.9570      
# span 16 =    27.4721,    33.1332      
# span 17 =    27.4322,    33.1280      
# span 18 =    20.8652,    26.6256      
# span 19 =    20.8096,    26.6214      
# span 20 =    6.37731,    8.35887      
# span 21 = 0.0000e+00, 0.0000e+00      
# interval = scans: 3                   
# start_time = Jul 24 2020 21:58:04 [System UTC, header]
# bad_flag = -9.990e-29
*END*
[from data line 264]
       1380     27.108     1.5004     1.4067   2.803970   2.804726     2.5015     3.0737      8.223     1.4283     2.6746 5.6958e-01    -0.0014   100.0367     9.2001     9.5955    32.0685    32.1741    25.6577    25.7485    7.89014 0.0000e+00
       1383     27.221     1.4593     1.3555   2.799864   2.799796     2.5006     3.0713      8.221     1.4283     3.8984 5.6630e-01    -0.0011   100.0276     9.1982     9.5972    32.0586    32.1642    25.6525    25.7438    7.89909 0.0000e+00
       1386     27.331     1.4155     1.3005   2.796099   2.795368     2.4990     3.0696      8.220     1.4283     3.8195 5.5656e-01    -0.0007   100.0186     9.1926     9.6047    32.0558    32.1646    25.6530    25.7475    7.90822 0.0000e+00
       1389     27.446     1.3618     1.1979   2.785757   2.785425     2.4974     3.0680      8.219     1.4283     3.8195 5.4954e-01    -0.0007   100.0186     9.1916     9.6286    31.9799    32.1438    25.5954    25.7372    7.92333 0.0000e+00
       1392     27.561     1.2825     1.0852   2.777413   2.777419     2.4961     3.0664      8.214     1.4389     3.8195 5.4889e-01    -0.0043   100.1090     9.2039     9.6537    31.9552    32.1580    25.5806    25.7554    7.94103 0.0000e+00
       1395     27.676     1.2032     1.0077   2.772553   2.771572     2.4961     3.0639      8.213     1.4389     3.8195 5.2842e-01    -0.0094   100.2356     9.2187     9.6678    31.9746    32.1633    25.6010    25.7643    7.95642 0.0000e+00
       1398     27.790     1.1346     0.9619   2.769711   2.768926     2.4949     3.0619      8.210     1.4283     3.8195 5.1872e-01    -0.0094   100.2356     9.2218     9.6735    32.0088    32.1768    25.6326    25.7778    7.96882 0.0000e+00
       1401     27.905     1.0813     0.9464   2.769022   2.768112     2.4925     3.0603      8.210     1.4389     3.8195 5.1568e-01    -0.0094   100.2356     9.2154     9.6769    32.0547    32.1823    25.6727    25.7831    7.97745 0.0000e+00
       1404     28.016     1.0442     0.9422   2.768648   2.767819     2.4921     3.0578      8.206     1.4389     3.8195 5.0563e-01    -0.0094   100.2356     9.2192     9.6742    32.0881    32.1829    25.7017    25.7839    7.98338 0.0000e+00
       1407     28.129     1.0168     0.9365   2.768059   2.767235     2.4909     3.0558      8.206     1.4177     1.6876 4.9867e-01    -0.0094   100.2356     9.2181     9.6753    32.1087    32.1811    25.7199    25.7828    7.98797 0.0000e+00
       1410     28.243     0.9940     0.9365   2.765946   2.767177     2.4888     3.0550      8.203     1.4389    -1.1549 5.0040e-01    -0.0094   100.2356     9.2169     9.6775    32.1052    32.1804    25.7184    25.7822    7.99294 0.0000e+00
       1413     28.353     0.9671     0.9040   2.763507   2.763980     2.4876     3.0529      8.201     1.4283    -1.0364 4.9350e-01    -0.0209   100.5250     9.2204     9.6885    32.1017    32.1730    25.7172    25.7781    7.99877 0.0000e+00
       1416     28.461     0.9414     0.8735   2.762666   2.762029     2.4876     3.0521      8.201     1.4389    -1.0364 4.9924e-01    -0.0256   100.6426     9.2243     9.7047    32.1173    32.1795    25.7312    25.7851    8.00329 0.0000e+00
       1419     28.567     0.9219     0.8616   2.762094   2.761352     2.4856     3.0505      8.201     1.4283    -1.0364 4.8671e-01    -0.0256   100.6426     9.2194     9.7090    32.1302    32.1831    25.7427    25.7887    8.00669 0.0000e+00
       1422     28.671     0.9062     0.8585   2.761789   2.761200     2.4835     3.0485      8.202     1.4389    -1.0364 4.8168e-01    -0.0256   100.6426     9.2176     9.7083    32.1425    32.1843    25.7535    25.7898    8.00933 0.0000e+00
       1425     28.772     0.8937     0.8542   2.760401   2.760681     2.4819     3.0477      8.197     1.4494    -1.0364 4.7833e-01    -0.0252   100.6335     9.2189     9.7139    32.1375    32.1820    25.7502    25.7882    8.01222 0.0000e+00
       1428     28.871     0.8772     0.8396   2.757729   2.758845     2.4811     3.0464      8.197     1.3754    -1.0364 4.7505e-01    -0.0256   100.6426     9.2255     9.7223    32.1203    32.1735    25.7373    25.7822    8.01663 0.0000e+00
       1431     28.965     0.8498     0.7763   2.753080   2.753073     2.4803     3.0452      8.197     1.3436    -1.0364 4.6849e-01    -0.0260   100.6516     9.2399     9.7428    32.0888    32.1649    25.7135    25.7789    8.02409 0.0000e+00
       1434     29.055     0.8162     0.7215   2.751882   2.750390     2.4799     3.0440      8.197     1.3436     0.4637 4.6525e-01    -0.0393   100.9862     9.2533     9.7571    32.1081    32.1873    25.7310    25.7999    8.03012 0.0000e+00
       1437     29.139     0.7911     0.7120   2.751355   2.750346     2.4786     3.0440      8.197     1.3330     0.9770 4.5992e-01    -0.0407   101.0224     9.2589     9.7683    32.1274    32.1966    25.7479    25.8078    8.03438 0.0000e+00
       1440     29.219     0.7698     0.7028   2.750597   2.749815     2.4762     3.0428      8.197     1.3330     0.9770 4.5993e-01    -0.0407   101.0224     9.2604     9.7723    32.1397    32.1992    25.7589    25.8105    8.03821 0.0000e+00
       1443     29.294     0.7518     0.6977   2.749524   2.749355     2.4762     3.0403      8.196     1.3330     0.9770 4.4835e-01    -0.0407   101.0224     9.2763     9.7734    32.1445    32.1986    25.7638    25.8102    8.04175 0.0000e+00
       1446     29.367     0.7329     0.6821   2.748204   2.747798     2.4750     3.0395      8.197     1.3436     0.9770 4.4529e-01    -0.0407   101.0224     9.2859     9.7870    32.1470    32.1947    25.7668    25.8079    8.04560 0.0000e+00
       1449     29.445     0.7176     0.6693   2.747871   2.747125     2.4742     3.0391      8.195     1.3436     0.9770 4.4628e-01    -0.0403   101.0133     9.2947     9.7993    32.1586    32.1993    25.7770    25.8124    8.04821 0.0000e+00
       1452     29.514     0.7054     0.6676   2.747474   2.747144     2.4746     3.0391      8.195     1.3542     0.9770 4.5096e-01    -0.0439   101.1038     9.3068     9.8110    32.1661    32.2012    25.7837    25.8140    8.05038 0.0000e+00
       1455     29.578     0.6945     0.6622   2.746509   2.746450     2.4729     3.0379      8.193     1.2272     0.9770 4.4115e-01    -0.0564   101.4203     9.3066     9.8161    32.1650    32.1978    25.7834    25.8116    8.05277 0.0000e+00
       1458     29.642     0.6820     0.6480   2.745538   2.745107     2.4725     3.0367      8.196     1.1743     1.1349 4.4577e-01    -0.0561   101.4112     9.3105     9.8182    32.1654    32.1953    25.7844    25.8103    8.05538 0.0000e+00
       1461     29.706     0.6700     0.6342   2.744858   2.744354     2.4717     3.0375      8.195     1.1849     3.8195 4.3964e-01    -0.0561   101.4112     9.3090     9.8238    32.1691    32.1998    25.7880    25.8147    8.05773 0.0000e+00
       1464     29.772     0.6600     0.6306   2.744769   2.744274     2.4713     3.0358      8.193     1.1849     3.9774 4.3608e-01    -0.0557   101.4022     9.3022     9.8173    32.1783    32.2025    25.7960    25.8171    8.05935 0.0000e+00
       1467     29.839     0.6540     0.6312   2.744945   2.744526     2.4705     3.0367      8.193     1.1955     3.9379 4.3710e-01    -0.0557   101.4022     9.2884     9.8130    32.1868    32.2051    25.8032    25.8191    8.06016 0.0000e+00
       1470     29.905     0.6499     0.6319   2.745195   2.744638     2.4717     3.0371      8.193     1.1849     3.9379 4.2958e-01    -0.0557   101.4022     9.2857     9.8022    32.1943    32.2058    25.8094    25.8196    8.06063 0.0000e+00
       1473     29.973     0.6473     0.6321   2.745141   2.744686     2.4701     3.0375      8.193     1.1849     3.9379 4.3161e-01    -0.0607   101.5288     9.2695     9.7882    32.1963    32.2062    25.8111    25.8199    8.06107 0.0000e+00
       1476     30.041     0.6456     0.6323   2.745308   2.744723     2.4701     3.0363      8.193     1.1849     3.9379 4.2612e-01    -0.0657   101.6554     9.2614     9.7682    32.2001    32.2064    25.8143    25.8201    8.06121 0.0000e+00
       1479     30.110     0.6445     0.6322   2.745249   2.744815     2.4681     3.0350      8.193     1.1955     3.9379 4.2710e-01    -0.0649   101.6373     9.2471     9.7449    32.2004    32.2077    25.8146    25.8211    8.06142 0.0000e+00
       1482     30.183     0.6439     0.6345   2.745509   2.745075     2.4669     3.0330      8.193     1.0367     3.9774 4.1929e-01    -0.0653   101.6463     9.2360     9.7164    32.2044    32.2085    25.8179    25.8217    8.06134 0.0000e+00
       1485     30.264     0.6439     0.6358   2.745637   2.745187     2.4648     3.0310      8.193     1.0367     3.2668 4.1397e-01    -0.0653   101.6463     9.2216     9.6905    32.2060    32.2086    25.8191    25.8217    8.06125 0.0000e+00
       1488     30.346     0.6442     0.6355   2.745778   2.745152     2.4628     3.0297      8.193     1.0473     1.1744 4.1398e-01    -0.0653   101.6463     9.2066     9.6704    32.2074    32.2084    25.8203    25.8215    8.06111 0.0000e+00
       1491     30.431     0.6451     0.6360   2.746103   2.745349     2.4615     3.0277      8.193     1.0367     1.2139 4.0874e-01    -0.0653   101.6463     9.1978     9.6489    32.2107    32.2104    25.8228    25.8231    8.06073 0.0000e+00
       1494     30.521     0.6463     0.6396   2.746908   2.745869     2.4611     3.0257      8.193     1.0367     1.2139 4.0358e-01    -0.0693   101.7458     9.1944     9.6342    32.2198    32.2133    25.8301    25.8252    8.05999 0.0000e+00
       1497     30.612     0.6491     0.6454   2.747781   2.746835     2.4599     3.0236      8.193     1.0367     1.2139 4.0545e-01    -0.0710   101.7910     9.1943     9.6225    32.2281    32.2197    25.8366    25.8301    8.05893 0.0000e+00
       1500     30.706     0.6539     0.6556   2.748725   2.748278     2.4591     3.0220      8.193     1.0262     1.2139 4.0080e-01    -0.0707   101.7820     9.1987     9.6176    32.2353    32.2277    25.8422    25.8360    8.05753 0.0000e+00
       1503     30.806     0.6599     0.6687   2.750109   2.749662     2.4587     3.0187      8.193     1.0262     1.2139 4.0032e-01    -0.0707   101.7820     9.2084     9.6082    32.2468    32.2319    25.8512    25.8386    8.05562 0.0000e+00
       1506     30.912     0.6682     0.6840   2.752110   2.751590     2.4579     3.0175      8.193     1.0579     1.2139 3.9303e-01    -0.0707   101.7820     9.2160     9.6085    32.2639    32.2407    25.8644    25.8449    8.05292 0.0000e+00
       1509     31.021     0.6821     0.7123   2.755599   2.755149     2.4563     3.0163      8.193     1.1426     1.2139 3.7873e-01    -0.0707   101.7820     9.2166     9.6036    32.2945    32.2571    25.8883    25.8565    8.04831 0.0000e+00
       1512     31.132     0.7052     0.7573   2.760245   2.759694     2.4558     3.0151      8.195     1.1426     0.1874 3.8010e-01    -0.0707   101.7820     9.2147     9.5966    32.3302    32.2687    25.9157    25.8634    8.04145 0.0000e+00
       1515     31.246     0.7331     0.7936   2.763382   2.763234     2.4542     3.0139      8.197     1.1320    -0.7601 3.6884e-01    -0.0717   101.8091     9.2068     9.5918    32.3415    32.2764    25.9233    25.8676    8.03494 0.0000e+00
       1518     31.366     0.7611     0.8336   2.766689   2.766986     2.4538     3.0126      8.197     1.1214    -0.6811 3.5910e-01    -0.0717   101.8091     9.2010     9.5875    32.3548    32.2830    25.9324    25.8706    8.02830 0.0000e+00
       1521     31.492     0.7892     0.8580   2.769747   2.769441     2.4538     3.0114      8.197     1.1108    -0.6811 3.5745e-01    -0.0717   101.8091     9.1985     9.5848    32.3647    32.2891    25.9389    25.8741    8.02183 0.0000e+00
       1524     31.627     0.8197     0.8889   2.772273   2.772236     2.4534     3.0102      8.202     1.1320    -0.6811 3.4055e-01    -0.0717   101.8091     9.1967     9.5823    32.3653    32.2927    25.9376    25.8753    8.01537 0.0000e+00
       1527     31.762     0.8200     0.7957   2.759885   2.762269     2.4530     3.0098      8.200     1.1214    -0.6811 3.2814e-01    -0.0717   101.8091     9.2103     9.6171    32.2056    32.2615    25.8091    25.8554    8.02402 0.0000e+00
       1530     31.902     0.7605     0.6064   2.747752   2.747449     2.4538     3.0086      8.200     1.1214    -0.6811 3.3624e-01    -0.0717   101.8091     9.2445     9.6731    32.1112    32.2677    25.7365    25.8708    8.04173 0.0000e+00
       1533     32.048     0.6841     0.4890   2.741919   2.740534     2.4526     3.0074      8.203     1.0685    -0.6811 3.1621e-01    -0.0721   101.8182     9.2658     9.7078    32.1152    32.3008    25.7439    25.9036    8.05770 0.0000e+00
       1536     32.196     0.6137     0.4391   2.737336   2.737109     2.4522     3.0070      8.200     1.0156    -0.6811 3.0902e-01    -0.0728   101.8363     9.2853     9.7260    32.1291    32.3085    25.7589    25.9125    8.07190 0.0000e+00
       1539     32.348     0.5536     0.4108   2.734836   2.734746     2.4522     3.0053      8.201     1.0367     1.6876 3.0936e-01    -0.0728   101.8363     9.3037     9.7336    32.1592    32.3073    25.7863    25.9129    8.08305 0.0000e+00
       1542     32.502     0.5020     0.3768   2.731489   2.731848     2.4506     3.0057      8.202     1.0367     2.2009 2.9923e-01    -0.0728   101.8363     9.3110     9.7505    32.1695    32.3052    25.7973    25.9130    8.09350 0.0000e+00
       1545     32.658     0.4552     0.3247   2.728550   2.727080     2.4510     3.0037      8.199     1.0156     2.1614 2.9577e-01    -0.0728   101.8363     9.3217     9.7639    32.1801    32.2977    25.8082    25.9095    8.10293 0.0000e+00
       1548     32.813     0.4118     0.2753   2.724660   2.723694     2.4510     3.0041      8.199     1.0473     2.1614 2.8108e-01    -0.0728   101.8363     9.3329     9.7815    32.1748    32.3053    25.8062    25.9181    8.11254 0.0000e+00
       1551     32.970     0.3659     0.2502   2.722039   2.721654     2.4506     3.0033      8.199     1.0156     2.1614 2.8242e-01    -0.0728   101.8363     9.3380     9.7850    32.1886    32.3050    25.8196    25.9191    8.12165 0.0000e+00
       1554     33.128     0.3255     0.2231   2.719158   2.719365     2.4502     3.0037      8.199     1.0156     2.1614 2.7944e-01    -0.0710   101.7910     9.3427     9.7957    32.1932    32.3035    25.8254    25.9192    8.13009 0.0000e+00
       1557     33.287     0.2858     0.1811   2.716616   2.716177     2.4502     3.0029      8.199     1.0262     2.1614 2.6344e-01    -0.0707   101.7820     9.3517     9.8017    32.2016    32.3059    25.8340    25.9232    8.13818 0.0000e+00
       1560     33.447     0.2498     0.1529   2.715221   2.714485     2.4493     3.0016      8.197     1.0791     2.1614 2.6223e-01    -0.0707   101.7820     9.3509     9.7986    32.2211    32.3134    25.8515    25.9306    8.14490 0.0000e+00
       1563     33.611     0.2209     0.1447   2.714637   2.713981     2.4497     3.0012      8.195     1.0791     1.8850 2.6374e-01    -0.0707   101.7820     9.3520     9.7888    32.2436    32.3153    25.8711    25.9325    8.14988 0.0000e+00
       1566     33.770     0.1999     0.1407   2.714266   2.713681     2.4489     3.0004      8.195     1.1002     0.1085 2.6434e-01    -0.0707   101.7820     9.3478     9.7755    32.2608    32.3155    25.8859    25.9328    8.15349 0.0000e+00
       1569     33.924     0.1835     0.1356   2.713726   2.713258     2.4481     3.0008      8.195     1.0897     0.1479 2.5833e-01    -0.0707   101.7820     9.3386     9.7694    32.2709    32.3152    25.8949    25.9329    8.15647 0.0000e+00
       1572     34.072     0.1698     0.1278   2.713133   2.712609     2.4477     2.9984      8.195     1.1002     0.1479 2.5563e-01    -0.0707   101.7820     9.3332     9.7497    32.2775    32.3148    25.9009    25.9329    8.15909 0.0000e+00
