Datasets/AZMP/TEL210/tel210_2020_009.cnv
* Sea-Bird SBE 9 Data File:
* FileName = C:\CTDDATA\tel210_2020_009.hex
* Software Version Seasave V 7.26.7.110
* Temperature SN = 1697
* Conductivity SN = 4216
* Number of Bytes Per Scan = 30
* Number of Voltage Words = 4
* Number of Scans Averaged by the Deck Unit = 1
* NMEA baud rate = 4800
** VESSEL/TRIP/SEQ STN:  tel210_2020_009
** LATITUDE XX XX.XX: 47 00.00 N
** LONGITUDE XX XX.XX: 051 00.00 W
** SOUNDING DEPTH (M): 0108
** PROBE TYPE: S1146
** CTD NUMBER: 008
** COMMENTS (14 CHAR): FC-07
** BOTTLES:  8
** LEVELS: 5,10,20,30,40,50,75,BTM
** STICKERS: 435797 - 435804
** VNET: Y
** DO2: N
# nquan = 22
# nvalues = 2359                        
# units = specified
# name 0 = scan: Scan Count
# name 1 = prDM: Pressure, Digiquartz [db]
# name 2 = t090C: Temperature [ITS-90, deg C]
# name 3 = t190C: Temperature, 2 [ITS-90, deg C]
# name 4 = c0S/m: Conductivity [S/m]
# name 5 = c1S/m: Conductivity, 2 [S/m]
# name 6 = sbeox0V: Oxygen raw, SBE 43 [V]
# name 7 = sbeox1V: Oxygen raw, SBE 43, 2 [V]
# name 8 = ph: pH
# name 9 = flECO-AFL: Fluorescence, WET Labs ECO-AFL/FL [mg/m^3]
# name 10 = wetCDOM: Fluorescence, WET Labs CDOM [mg/m^3]
# name 11 = par/sat/log: PAR/Logarithmic, Satlantic [umol photons/m^2/sec]
# name 12 = CStarAt0: Beam Attenuation, WET Labs C-Star [1/m]
# name 13 = CStarTr0: Beam Transmission, WET Labs C-Star [%]
# name 14 = sbeox0ML/L: Oxygen, SBE 43 [ml/l], WS = 2
# name 15 = sbeox1ML/L: Oxygen, SBE 43, 2 [ml/l], WS = 2
# name 16 = sal00: Salinity, Practical [PSU]
# name 17 = sal11: Salinity, Practical, 2 [PSU]
# name 18 = sigma-t00: Density [sigma-t, kg/m^3 ]
# name 19 = sigma-t11: Density, 2 [sigma-t, kg/m^3 ]
# name 20 = oxsatML/L: Oxygen Saturation, Weiss [ml/l]
# name 21 = flag: flag
# span 0 =         37,      30106       
# span 1 =      1.029,    106.013       
# span 2 =    -0.4339,    11.5401       
# span 3 =    -0.4386,    11.5357       
# span 4 =   2.718522,   3.660563       
# span 5 =   2.718079,   3.659939       
# span 6 =     1.8293,     2.4163       
# span 7 =     2.2171,     2.9438       
# span 8 =      7.775,      8.140       
# span 9 =    -0.5714,     0.9853       
# span 10 =    -2.8130,   482.1870      
# span 11 = 1.0715e-01, 1.5498e+02      
# span 12 =    -0.1299,     0.0719      
# span 13 =    98.2190,   103.3012      
# span 14 =     6.0899,     8.2855      
# span 15 =     6.2337,     8.8024      
# span 16 =    32.0018,    32.9521      
# span 17 =    32.0974,    32.9515      
# span 18 =    24.4219,    26.4724      
# span 19 =    24.4213,    26.4721      
# span 20 =    6.22306,    8.25365      
# span 21 = 0.0000e+00, 0.0000e+00      
# interval = scans: 3                   
# start_time = Jul 15 2020 19:08:20 [System UTC, header]
# bad_flag = -9.990e-29
*END*
[from data line 922]
       3124     97.480    -0.2886    -0.2941   2.725368   2.724706     1.9136     2.3234      7.846    -0.5206     0.5032 1.0740e-01    -0.0866   102.1889     7.0312     7.4009    32.8909    32.8880    26.4168    26.4147    8.22497 0.0000e+00
       3127     97.543    -0.2931    -0.3006   2.724915   2.724276     1.9144     2.3230      7.848    -0.5104     0.5032 1.0740e-01    -0.0866   102.1889     7.0303     7.3932    32.8897    32.8893    26.4160    26.4160    8.22603 0.0000e+00
       3130     97.604    -0.2984    -0.3052   2.724567   2.723942     1.9156     2.3238      7.848    -0.5206     0.5032 1.0727e-01    -0.0866   102.1889     7.0297     7.3876    32.8907    32.8898    26.4171    26.4166    8.22714 0.0000e+00
       3133     97.656    -0.3061    -0.3096   2.723990   2.723585     1.9148     2.3246      7.848    -0.5206     0.7796 1.0727e-01    -0.0891   102.2522     7.0189     7.3852    32.8914    32.8898    26.4179    26.4168    8.22880 0.0000e+00
       3136     97.706    -0.3143    -0.3184   2.723471   2.723005     1.9148     2.3246      7.848    -0.5206     1.2139 1.0740e-01    -0.1000   102.5326     7.0174     7.3782    32.8933    32.8915    26.4199    26.4186    8.23051 0.0000e+00
       3139     97.753    -0.3230    -0.3292   2.723065   2.722522     1.9148     2.3246      7.848    -0.5104     1.2139 1.0727e-01    -0.0997   102.5235     7.0159     7.3705    32.8973    32.8968    26.4234    26.4233    8.23220 0.0000e+00
       3142     97.801    -0.3329    -0.3390   2.722702   2.722169     1.9148     2.3246      7.848    -0.5206     1.2139 1.0740e-01    -0.0997   102.5235     7.0076     7.3635    32.9031    32.9026    26.4285    26.4284    8.23405 0.0000e+00
       3145     97.848    -0.3434    -0.3491   2.722245   2.721740     1.9144     2.3242      7.848    -0.5206     1.2139 1.0727e-01    -0.0993   102.5145     7.0013     7.3512    32.9084    32.9079    26.4333    26.4331    8.23608 0.0000e+00
       3148     97.894    -0.3521    -0.3575   2.721893   2.721359     1.9144     2.3242      7.848    -0.5104     1.2139 1.0740e-01    -0.1000   102.5326     6.9934     7.3443    32.9131    32.9118    26.4374    26.4366    8.23773 0.0000e+00
       3151     97.940    -0.3585    -0.3647   2.721575   2.721019     1.9144     2.3238      7.848    -0.5206     1.2139 1.0752e-01    -0.0997   102.5235     6.9845     7.3326    32.9157    32.9150    26.4399    26.4396    8.23900 0.0000e+00
       3154     97.990    -0.3602    -0.3686   2.721562   2.720819     1.9144     2.3234      7.845    -0.5308     1.2139 1.0740e-01    -0.1018   102.5778     6.9761     7.3214    32.9174    32.9166    26.4413    26.4410    8.23929 0.0000e+00
       3157     98.039    -0.3605    -0.3695   2.721569   2.720832     1.9136     2.3234      7.843    -0.5104     1.2139 1.0715e-01    -0.1046   102.6501     6.9693     7.3150    32.9178    32.9177    26.4416    26.4419    8.23933 0.0000e+00
       3160     98.098    -0.3611    -0.3691   2.721496   2.720866     1.9140     2.3226      7.843    -0.5104     4.2537 1.0727e-01    -0.1046   102.6501     6.9639     7.3046    32.9174    32.9176    26.4413    26.4418    8.23948 0.0000e+00
       3163     98.160    -0.3630    -0.3687   2.721332   2.720847     1.9136     2.3222      7.841    -0.5206     5.3987 1.0740e-01    -0.1046   102.6501     6.9545     7.2935    32.9173    32.9170    26.4413    26.4413    8.23992 0.0000e+00
       3166     98.220    -0.3629    -0.3686   2.721344   2.720845     1.9124     2.3218      7.838    -0.5206     5.3592 1.0740e-01    -0.1046   102.6501     6.9434     7.2831    32.9173    32.9168    26.4413    26.4411    8.23988 0.0000e+00
       3169     98.287    -0.3631    -0.3681   2.721279   2.720890     1.9124     2.3206      7.837    -0.5206     5.3592 1.0740e-01    -0.1046   102.6501     6.9374     7.2717    32.9166    32.9168    26.4408    26.4412    8.23998 0.0000e+00
       3172     98.359    -0.3637    -0.3676   2.721286   2.720980     1.9116     2.3206      7.834    -0.5308     5.3592 1.0727e-01    -0.1046   102.6501     6.9284     7.2653    32.9173    32.9174    26.4413    26.4416    8.24006 0.0000e+00
       3175     98.438    -0.3629    -0.3672   2.721402   2.721062     1.9111     2.3185      7.834    -0.5206     5.3592 1.0752e-01    -0.1046   102.6501     6.9218     7.2525    32.9179    32.9180    26.4418    26.4420    8.23986 0.0000e+00
       3178     98.524    -0.3615    -0.3665   2.721593   2.721206     1.9103     2.3198      7.834    -0.4798     5.3592 1.0752e-01    -0.1046   102.6501     6.9129     7.2519    32.9189    32.9191    26.4426    26.4429    8.23950 0.0000e+00
       3181     98.616    -0.3619    -0.3671   2.721575   2.721187     1.9107     2.3185      7.834    -0.4900     5.3592 1.0740e-01    -0.1046   102.6501     6.9128     7.2427    32.9190    32.9195    26.4427    26.4433    8.23957 0.0000e+00
       3184     98.717    -0.3627    -0.3676   2.721594   2.721161     1.9091     2.3169      7.831    -0.4900     5.3197 1.0740e-01    -0.1046   102.6501     6.9018     7.2330    32.9201    32.9196    26.4436    26.4434    8.23969 0.0000e+00
       3187     98.824    -0.3638    -0.3687   2.721559   2.721142     1.9087     2.3153      7.829    -0.5002     4.6880 1.0727e-01    -0.1046   102.6501     6.9014     7.2242    32.9207    32.9206    26.4441    26.4442    8.23988 0.0000e+00
       3190     98.937    -0.3643    -0.3697   2.721565   2.721137     1.9083     2.3149      7.829    -0.4798     4.6880 1.0752e-01    -0.1046   102.6501     6.9000     7.2202    32.9213    32.9215    26.4446    26.4449    8.23997 0.0000e+00
       3193     99.052    -0.3646    -0.3700   2.721572   2.721132     1.9075     2.3145      7.829    -0.5002     4.6485 1.0752e-01    -0.1043   102.6411     6.8940     7.2155    32.9216    32.9216    26.4449    26.4451    8.24001 0.0000e+00
       3196     99.172    -0.3645    -0.3701   2.721600   2.721168     1.9075     2.3132      7.826    -0.4900     4.7275 1.0740e-01    -0.0997   102.5235     6.8930     7.2113    32.9219    32.9222    26.4451    26.4456    8.23999 0.0000e+00
       3199     99.294    -0.3645    -0.3702   2.721631   2.721191     1.9063     2.3132      7.827    -0.4798     4.6485 1.0727e-01    -0.0993   102.5145     6.8833     7.2112    32.9222    32.9225    26.4454    26.4459    8.23996 0.0000e+00
       3202     99.419    -0.3649    -0.3701   2.721632   2.721191     1.9059     2.3112      7.824    -0.4798     4.6485 1.0740e-01    -0.0993   102.5145     6.8767     7.2024    32.9226    32.9223    26.4456    26.4457    8.24003 0.0000e+00
       3205     99.548    -0.3647    -0.3702   2.721681   2.721222     1.9050     2.3108      7.824    -0.5104     4.6485 1.0740e-01    -0.0997   102.5235     6.8720     7.2026    32.9229    32.9227    26.4459    26.4460    8.23996 0.0000e+00
       3208     99.680    -0.3651    -0.3703   2.721680   2.721228     1.9046     2.3100      7.824    -0.5206     4.6485 1.0740e-01    -0.0993   102.5145     6.8741     7.1992    32.9232    32.9229    26.4462    26.4462    8.24004 0.0000e+00
       3211     99.816    -0.3649    -0.3703   2.721703   2.721273     1.9046     2.3088      7.824    -0.5206   129.2839 1.0740e-01    -0.0993   102.5145     6.8695     7.1923    32.9233    32.9234    26.4462    26.4466    8.24000 0.0000e+00
       3214     99.954    -0.3654    -0.3707   2.721699   2.721272     1.9038     2.3075      7.824    -0.5206   482.1870 1.0727e-01    -0.0976   102.4693     6.8640     7.1869    32.9237    32.9237    26.4465    26.4469    8.24007 0.0000e+00
       3217    100.089    -0.3653    -0.3708   2.721713   2.721290     1.9022     2.3067      7.822    -0.5308   480.8052 1.0727e-01    -0.0940   102.3788     6.8553     7.1838    32.9237    32.9239    26.4466    26.4470    8.24006 0.0000e+00
       3220    100.222    -0.3655    -0.3710   2.721716   2.721294     1.9022     2.3071      7.822    -0.5409   481.3184 1.0752e-01    -0.0940   102.3788     6.8559     7.1838    32.9239    32.9242    26.4468    26.4472    8.24010 0.0000e+00
       3223    100.354    -0.3655    -0.3709   2.721731   2.721293     1.9001     2.3055      7.821    -0.5206   481.3184 1.0727e-01    -0.0940   102.3788     6.8480     7.1790    32.9240    32.9240    26.4468    26.4471    8.24008 0.0000e+00
       3226    100.483    -0.3661    -0.3710   2.721742   2.721291     1.9001     2.3047      7.819    -0.5104   481.3579 1.0752e-01    -0.0940   102.3788     6.8458     7.1760    32.9247    32.9240    26.4475    26.4471    8.24018 0.0000e+00
       3229    100.608    -0.3661    -0.3716   2.721751   2.721274     1.9006     2.3030      7.819    -0.5308   481.3579 1.0727e-01    -0.0940   102.3788     6.8481     7.1675    32.9248    32.9244    26.4475    26.4474    8.24018 0.0000e+00
       3232    100.729    -0.3660    -0.3721   2.721761   2.721287     1.8997     2.3018      7.819    -0.5308   481.3579 1.0752e-01    -0.0940   102.3788     6.8446     7.1645    32.9247    32.9250    26.4474    26.4479    8.24015 0.0000e+00
       3235    100.843    -0.3667    -0.3720   2.721771   2.721310     1.8977     2.3014      7.819    -0.5206   481.3579 1.0727e-01    -0.0930   102.3517     6.8388     7.1671    32.9255    32.9251    26.4481    26.4480    8.24026 0.0000e+00
       3238    100.956    -0.3669    -0.3720   2.721758   2.721319     1.8981     2.3014      7.819    -0.5104   481.3579 1.0727e-01    -0.0916   102.3156     6.8474     7.1693    32.9255    32.9252    26.4481    26.4481    8.24031 0.0000e+00
       3241    101.059    -0.3667    -0.3721   2.721746   2.721323     1.8969     2.2998      7.819    -0.5206   481.3579 1.0740e-01    -0.0912   102.3065     6.8471     7.1617    32.9251    32.9252    26.4478    26.4481    8.24029 0.0000e+00
       3244    101.160    -0.3671    -0.3724   2.721760   2.721335     1.8973     2.2986      7.819    -0.5206   481.3579 1.0727e-01    -0.0919   102.3246     6.8483     7.1589    32.9256    32.9257    26.4482    26.4485    8.24035 0.0000e+00
       3247    101.252    -0.3671    -0.3724   2.721789   2.721302     1.8961     2.2982      7.819    -0.5206   481.3579 1.0752e-01    -0.0916   102.3156     6.8433     7.1624    32.9260    32.9253    26.4485    26.4481    8.24033 0.0000e+00
       3250    101.340    -0.3670    -0.3726   2.721779   2.721317     1.8949     2.2965      7.819    -0.5308   481.3579 1.0752e-01    -0.0919   102.3246     6.8377     7.1594    32.9257    32.9256    26.4482    26.4485    8.24033 0.0000e+00
       3253    101.420    -0.3675    -0.3729   2.721774   2.721304     1.8945     2.2961      7.817    -0.5104   481.3579 1.0727e-01    -0.0916   102.3156     6.8340     7.1618    32.9261    32.9257    26.4486    26.4485    8.24041 0.0000e+00
       3256    101.493    -0.3676    -0.3729   2.721775   2.721321     1.8949     2.2957      7.817    -0.5206   481.3579 1.0727e-01    -0.0884   102.2342     6.8402     7.1617    32.9261    32.9259    26.4487    26.4487    8.24042 0.0000e+00
       3259    101.561    -0.3677    -0.3729   2.721773   2.721321     1.8940     2.2961      7.819    -0.5308   481.3579 1.0727e-01    -0.0877   102.2161     6.8379     7.1635    32.9262    32.9259    26.4487    26.4487    8.24045 0.0000e+00
       3262    101.623    -0.3672    -0.3729   2.721780   2.721333     1.8940     2.2941      7.816    -0.5308   481.3579 1.0740e-01    -0.0877   102.2161     6.8368     7.1594    32.9258    32.9260    26.4484    26.4487    8.24037 0.0000e+00
       3265    101.681    -0.3674    -0.3728   2.721790   2.721358     1.8936     2.2929      7.817    -0.5206    92.6078 1.0727e-01    -0.0877   102.2161     6.8329     7.1570    32.9261    32.9262    26.4485    26.4489    8.24039 0.0000e+00
       3268    101.739    -0.3677    -0.3728   2.721795   2.721363     1.8916     2.2929      7.816    -0.5206     4.0563 1.0740e-01    -0.0877   102.2161     6.8207     7.1572    32.9264    32.9262    26.4488    26.4489    8.24043 0.0000e+00
       3271    101.793    -0.3675    -0.3732   2.721809   2.721346     1.8916     2.2921      7.814    -0.5206     8.3991 1.0740e-01    -0.0877   102.2161     6.8204     7.1554    32.9263    32.9264    26.4488    26.4491    8.24040 0.0000e+00
       3274    101.842    -0.3679    -0.3736   2.721783   2.721325     1.8916     2.2917      7.816    -0.5206     8.2412 1.0740e-01    -0.0870   102.1980     6.8191     7.1553    32.9265    32.9264    26.4489    26.4492    8.24049 0.0000e+00
       3277    101.895    -0.3684    -0.3738   2.721775   2.721332     1.8900     2.2908      7.814    -0.5206     8.2412 1.0752e-01    -0.0838   102.1166     6.8100     7.1506    32.9268    32.9267    26.4492    26.4494    8.24057 0.0000e+00
       3280    101.943    -0.3685    -0.3736   2.721785   2.721365     1.8900     2.2904      7.814    -0.5206     8.2017 1.0727e-01    -0.0838   102.1166     6.8109     7.1500    32.9270    32.9269    26.4494    26.4496    8.24058 0.0000e+00
       3283    101.990    -0.3683    -0.3738   2.721795   2.721336     1.8900     2.2892      7.814    -0.5409     8.2412 1.0740e-01    -0.0838   102.1166     6.8137     7.1461    32.9269    32.9267    26.4493    26.4494    8.24054 0.0000e+00
       3286    102.040    -0.3680    -0.3738   2.721783   2.721355     1.8888     2.2892      7.814    -0.5409     8.2017 1.0740e-01    -0.0834   102.1075     6.8106     7.1506    32.9264    32.9269    26.4489    26.4495    8.24051 0.0000e+00
       3289    102.090    -0.3680    -0.3738   2.721790   2.721366     1.8875     2.2876      7.814    -0.5511    64.7357 1.0740e-01    -0.0838   102.1166     6.8087     7.1445    32.9264    32.9270    26.4489    26.4497    8.24049 0.0000e+00
       3292    102.141    -0.3684    -0.3739   2.721781   2.721348     1.8875     2.2872      7.814    -0.5511   465.6058 1.0740e-01    -0.0834   102.1075     6.8115     7.1413    32.9268    32.9269    26.4492    26.4495    8.24057 0.0000e+00
       3295    102.195    -0.3686    -0.3739   2.721805   2.721338     1.8867     2.2868      7.814    -0.5511   481.5948 1.0727e-01    -0.0831   102.0985     6.8105     7.1405    32.9272    32.9268    26.4496    26.4495    8.24058 0.0000e+00
       3298    102.251    -0.3687    -0.3742   2.721804   2.721352     1.8863     2.2864      7.814    -0.5511   481.2395 1.0727e-01    -0.0824   102.0804     6.8101     7.1406    32.9273    32.9272    26.4496    26.4498    8.24061 0.0000e+00
       3301    102.306    -0.3687    -0.3742   2.721803   2.721360     1.8863     2.2855      7.814    -0.5511   481.3579 1.0752e-01    -0.0820   102.0714     6.8089     7.1417    32.9272    32.9273    26.4496    26.4498    8.24060 0.0000e+00
       3304    102.366    -0.3687    -0.3743   2.721831   2.721374     1.8863     2.2851      7.814    -0.5511   481.3579 1.0727e-01    -0.0824   102.0804     6.8068     7.1427    32.9276    32.9275    26.4499    26.4501    8.24060 0.0000e+00
       3307    102.422    -0.3689    -0.3742   2.721797   2.721377     1.8851     2.2835      7.814    -0.5511   481.3579 1.0727e-01    -0.0824   102.0804     6.8050     7.1391    32.9273    32.9274    26.4497    26.4500    8.24065 0.0000e+00
       3310    102.481    -0.3691    -0.3746   2.721820   2.721371     1.8851     2.2847      7.814    -0.5206   481.3579 1.0727e-01    -0.0824   102.0804     6.8092     7.1450    32.9278    32.9278    26.4501    26.4503    8.24066 0.0000e+00
       3313    102.543    -0.3693    -0.3744   2.721811   2.721354     1.8843     2.2831      7.814    -0.5308   481.3579 1.0740e-01    -0.0824   102.0804     6.8069     7.1398    32.9278    32.9273    26.4501    26.4499    8.24070 0.0000e+00
       3316    102.608    -0.3692    -0.3745   2.721824   2.721377     1.8843     2.2819      7.814    -0.5206   313.3351 1.0727e-01    -0.0824   102.0804     6.8056     7.1364    32.9279    32.9276    26.4501    26.4502    8.24068 0.0000e+00
