Datasets/AZMP/TEL210/tel210_2020_092.cnv
* Sea-Bird SBE 9 Data File:
* FileName = C:\CTDDATA\tel210_2020_092.hex
* Software Version Seasave V 7.26.7.110
* Temperature SN = 1697
* Conductivity SN = 4216
* Number of Bytes Per Scan = 30
* Number of Voltage Words = 4
* Number of Scans Averaged by the Deck Unit = 1
* NMEA baud rate = 4800
** VESSEL/TRIP/SEQ STN:  tel210_2020_092
** LATITUDE XX XX.XX: 54 30.00 N
** LONGITUDE XX XX.XX: 53 30.00 W
** SOUNDING DEPTH (M): 0315
** PROBE TYPE: S1146
** CTD NUMBER: 062
** COMMENTS (14 CHAR): SI-11
** BOTTLES:  0
** LEVELS: 
** STICKERS: 
** VNET: N
** DO2: N
# nquan = 22
# nvalues = 7142                        
# units = specified
# name 0 = scan: Scan Count
# name 1 = prDM: Pressure, Digiquartz [db]
# name 2 = t090C: Temperature [ITS-90, deg C]
# name 3 = t190C: Temperature, 2 [ITS-90, deg C]
# name 4 = c0S/m: Conductivity [S/m]
# name 5 = c1S/m: Conductivity, 2 [S/m]
# name 6 = sbeox0V: Oxygen raw, SBE 43 [V]
# name 7 = sbeox1V: Oxygen raw, SBE 43, 2 [V]
# name 8 = ph: pH
# name 9 = flECO-AFL: Fluorescence, WET Labs ECO-AFL/FL [mg/m^3]
# name 10 = wetCDOM: Fluorescence, WET Labs CDOM [mg/m^3]
# name 11 = par/sat/log: PAR/Logarithmic, Satlantic [umol photons/m^2/sec]
# name 12 = CStarAt0: Beam Attenuation, WET Labs C-Star [1/m]
# name 13 = CStarTr0: Beam Transmission, WET Labs C-Star [%]
# name 14 = sbeox0ML/L: Oxygen, SBE 43 [ml/l], WS = 2
# name 15 = sbeox1ML/L: Oxygen, SBE 43, 2 [ml/l], WS = 2
# name 16 = sal00: Salinity, Practical [PSU]
# name 17 = sal11: Salinity, Practical, 2 [PSU]
# name 18 = sigma-t00: Density [sigma-t, kg/m^3 ]
# name 19 = sigma-t11: Density, 2 [sigma-t, kg/m^3 ]
# name 20 = oxsatML/L: Oxygen Saturation, Weiss [ml/l]
# name 21 = flag: flag
# span 0 =         44,      24840       
# span 1 =      0.869,    321.284       
# span 2 =    -0.7543,     5.4213       
# span 3 =    -0.7592,     5.4166       
# span 4 =   2.678250,   3.176230       
# span 5 =   2.678032,   3.175847       
# span 6 =     1.9360,     2.3843       
# span 7 =     2.3227,     2.8970       
# span 8 =      8.000,      8.190       
# span 9 =     0.6346,     1.9574       
# span 10 =    -2.8130,   482.1870      
# span 11 = 1.0715e-01, 6.9032e+02      
# span 12 =    -0.1341,     0.3995      
# span 13 =    90.4962,   103.4098      
# span 14 =     6.4922,    10.4009      
# span 15 =     6.7231,    10.8260      
# span 16 =    31.7914,    34.5776      
# span 17 =    31.9144,    34.5777      
# span 18 =    25.0864,    27.5159      
# span 19 =    25.1856,    27.5164      
# span 20 =    7.16044,    8.32649      
# span 21 = 0.0000e+00, 0.0000e+00      
# interval = scans: 3                   
# start_time = Jul 25 2020 16:06:28 [System UTC, header]
# bad_flag = -9.990e-29
*END*
[from data line 3424]
      12625    311.208     3.3270     3.3227   3.174042   3.173636     1.9382     2.3274      8.009     0.7616     0.0295 1.0752e-01    -0.0770   101.9448     6.5033     6.7451    34.5719    34.5716    27.5128    27.5129    7.40671 0.0000e+00
      12628    311.109     3.3263     3.3219   3.173964   3.173567     1.9378     2.3262      8.009     0.7616     0.0295 1.0740e-01    -0.0756   101.9086     6.4986     6.7412    34.5717    34.5717    27.5127    27.5131    7.40684 0.0000e+00
      12631    311.018     3.3253     3.3224   3.173824   3.173682     1.9378     2.3258      8.009     0.7616    -0.0100 1.0752e-01    -0.0749   101.8905     6.4972     6.7390    34.5712    34.5726    27.5124    27.5138    7.40707 0.0000e+00
      12634    310.935     3.3241     3.3232   3.173670   3.173801     1.9374     2.3254      8.009     0.7616     0.0295 1.0727e-01    -0.0749   101.8905     6.4936     6.7383    34.5707    34.5732    27.5120    27.5141    7.40732 0.0000e+00
      12637    310.864     3.3231     3.3236   3.173592   3.173809     1.9378     2.3266      8.009     0.7722     0.0295 1.0752e-01    -0.0749   101.8905     6.4979     6.7437    34.5708    34.5730    27.5123    27.5139    7.40749 0.0000e+00
      12640    310.803     3.3234     3.3236   3.173724   3.173805     1.9374     2.3266      8.009     0.7299     0.0295 1.0752e-01    -0.0749   101.8905     6.4961     6.7447    34.5721    34.5729    27.5132    27.5138    7.40736 0.0000e+00
      12643    310.749     3.3225     3.3245   3.173548   3.173917     1.9382     2.3258      8.009     0.7299     0.0295 1.0740e-01    -0.0749   101.8905     6.4999     6.7408    34.5710    34.5733    27.5125    27.5141    7.40759 0.0000e+00
      12646    310.701     3.3213     3.3252   3.173336   3.173934     1.9378     2.3266      8.009     0.7299     0.0295 1.0752e-01    -0.0749   101.8905     6.4987     6.7429    34.5698    34.5728    27.5116    27.5136    7.40788 0.0000e+00
      12649    310.659     3.3204     3.3241   3.173233   3.173798     1.9370     2.3266      8.009     0.7405    -0.6811 1.0740e-01    -0.0753   101.8995     6.4976     6.7428    34.5695    34.5724    27.5114    27.5134    7.40805 0.0000e+00
      12652    310.622     3.3196     3.3229   3.173203   3.173663     1.9370     2.3262      8.009     0.7299    -1.1154 1.0752e-01    -0.0760   101.9176     6.4993     6.7423    34.5700    34.5720    27.5119    27.5132    7.40817 0.0000e+00
      12655    310.591     3.3190     3.3215   3.173157   3.173535     1.9370     2.3262      8.009     0.7299    -1.0759 1.0740e-01    -0.0756   101.9086     6.4982     6.7408    34.5701    34.5720    27.5121    27.5133    7.40829 0.0000e+00
      12659    310.559     3.3187     3.3211   3.173074   3.173486     1.9370     2.3266      8.009     0.7299    -1.1154 1.0752e-01    -0.0760   101.9176     6.4992     6.7414    34.5694    34.5718    27.5116    27.5132    7.40837 0.0000e+00
      12681    310.441     3.3181     3.3163   3.172975   3.172948     1.9374     2.3266      8.009     0.8040    -0.4443 1.0752e-01    -0.0760   101.9176     6.5003     6.7426    34.5689    34.5705    27.5112    27.5127    7.40850 0.0000e+00
      12684    310.415     3.3175     3.3164   3.172974   3.172922     1.9382     2.3266      8.009     0.7934    -0.4443 1.0752e-01    -0.0770   101.9448     6.5022     6.7437    34.5695    34.5701    27.5118    27.5123    7.40858 0.0000e+00
      12687    310.384     3.3177     3.3155   3.172979   3.172784     1.9378     2.3258      8.009     0.7828    -0.4443 1.0752e-01    -0.0763   101.9267     6.5004     6.7407    34.5694    34.5694    27.5116    27.5119    7.40855 0.0000e+00
      12690    310.349     3.3180     3.3142   3.173040   3.172632     1.9374     2.3266      8.009     0.7722    -0.4443 1.0740e-01    -0.0760   101.9176     6.4989     6.7440    34.5699    34.5690    27.5120    27.5117    7.40848 0.0000e+00
      12693    310.308     3.3182     3.3129   3.173038   3.172490     1.9370     2.3258      8.009     0.7087    -0.4443 1.0752e-01    -0.0763   101.9267     6.4976     6.7414    34.5696    34.5687    27.5117    27.5115    7.40845 0.0000e+00
      12696    310.260     3.3176     3.3121   3.172946   3.172440     1.9374     2.3258      8.009     0.6875    -0.4443 1.0740e-01    -0.0760   101.9176     6.5000     6.7396    34.5692    34.5689    27.5115    27.5118    7.40859 0.0000e+00
      12699    310.201     3.3174     3.3116   3.172957   3.172391     1.9370     2.3258      8.009     0.6875    -0.4443 1.0740e-01    -0.0763   101.9267     6.5028     6.7384    34.5696    34.5689    27.5118    27.5118    7.40861 0.0000e+00
      12702    310.130     3.3177     3.3119   3.172949   3.172467     1.9370     2.3262      8.009     0.7087     3.4642 1.0752e-01    -0.0760   101.9176     6.5038     6.7367    34.5692    34.5695    27.5115    27.5123    7.40857 0.0000e+00
      12705    310.051     3.3175     3.3123   3.172939   3.172496     1.9370     2.3262      8.009     0.6875     4.2143 1.0752e-01    -0.0760   101.9176     6.5017     6.7352    34.5693    34.5695    27.5116    27.5122    7.40860 0.0000e+00
      12708    309.966     3.3175     3.3123   3.172934   3.172433     1.9370     2.3258      8.009     0.7087     4.1748 1.0752e-01    -0.0753   101.8995     6.5028     6.7324    34.5693    34.5688    27.5116    27.5117    7.40859 0.0000e+00
      12711    309.872     3.3170     3.3115   3.172850   3.172343     1.9370     2.3254      8.009     0.6770     4.1748 1.0740e-01    -0.0735   101.8544     6.5059     6.7290    34.5688    34.5686    27.5113    27.5116    7.40871 0.0000e+00
      12714    309.771     3.3160     3.3106   3.172721   3.172236     1.9374     2.3254      8.009     0.6875     4.1748 1.0752e-01    -0.0728   101.8363     6.5095     6.7276    34.5685    34.5684    27.5110    27.5115    7.40892 0.0000e+00
      12717    309.660     3.3145     3.3098   3.172543   3.172115     1.9374     2.3254      8.009     0.6981     4.1748 1.0740e-01    -0.0731   101.8453     6.5111     6.7296    34.5679    34.5679    27.5108    27.5111    7.40921 0.0000e+00
      12720    309.540     3.3131     3.3092   3.172373   3.172091     1.9378     2.3254      8.009     0.7510     4.1748 1.0727e-01    -0.0735   101.8544     6.5131     6.7288    34.5674    34.5682    27.5105    27.5115    7.40950 0.0000e+00
      12723    309.411     3.3117     3.3089   3.172232   3.172059     1.9382     2.3254      8.009     0.7510     4.1748 1.0752e-01    -0.0738   101.8634     6.5139     6.7272    34.5673    34.5682    27.5106    27.5115    7.40977 0.0000e+00
      12726    309.273     3.3111     3.3092   3.172179   3.172071     1.9378     2.3250      8.009     0.7722     4.1748 1.0740e-01    -0.0738   101.8634     6.5119     6.7232    34.5674    34.5682    27.5107    27.5115    7.40987 0.0000e+00
      12729    309.124     3.3114     3.3087   3.172222   3.171946     1.9370     2.3250      8.009     0.7299     4.1748 1.0740e-01    -0.0700   101.7639     6.5079     6.7255    34.5676    34.5673    27.5108    27.5108    7.40980 0.0000e+00
      12732    308.966     3.3113     3.3068   3.172179   3.171769     1.9378     2.3241      8.009     0.7510     4.1748 1.0752e-01    -0.0664   101.6735     6.5093     6.7253    34.5673    34.5671    27.5106    27.5109    7.40983 0.0000e+00
      12735    308.801     3.3103     3.3063   3.172022   3.171680     1.9378     2.3241      8.009     0.7722     4.1748 1.0740e-01    -0.0664   101.6735     6.5097     6.7257    34.5666    34.5668    27.5101    27.5106    7.41006 0.0000e+00
      12738    308.636     3.3091     3.3061   3.171891   3.171674     1.9378     2.3241      8.009     0.7616     4.1748 1.0752e-01    -0.0664   101.6735     6.5096     6.7248    34.5664    34.5670    27.5101    27.5108    7.41029 0.0000e+00
      12741    308.468     3.3086     3.3053   3.171842   3.171563     1.9382     2.3254      8.009     0.7616     4.1748 1.0752e-01    -0.0664   101.6735     6.5091     6.7309    34.5664    34.5665    27.5101    27.5105    7.41038 0.0000e+00
      12744    308.294     3.3088     3.3053   3.171857   3.171613     1.9374     2.3241      8.009     0.7616     4.1748 1.0740e-01    -0.0664   101.6735     6.5054     6.7259    34.5665    34.5673    27.5102    27.5111    7.41034 0.0000e+00
      12747    308.122     3.3086     3.3061   3.171822   3.171607     1.9374     2.3237      8.009     0.7405     4.1748 1.0740e-01    -0.0668   101.6825     6.5090     6.7241    34.5664    34.5664    27.5101    27.5104    7.41038 0.0000e+00
      12750    307.956     3.3087     3.3042   3.171800   3.171361     1.9382     2.3233      8.009     0.7405     4.1748 1.0752e-01    -0.0713   101.8001     6.5152     6.7231    34.5661    34.5655    27.5098    27.5098    7.41037 0.0000e+00
      12753    307.792     3.3082     3.3034   3.171747   3.171355     1.9378     2.3250      8.009     0.7405     4.0564 1.0740e-01    -0.0735   101.8544     6.5107     6.7306    34.5661    34.5664    27.5099    27.5107    7.41047 0.0000e+00
      12756    307.627     3.3078     3.3031   3.171673   3.171264     1.9378     2.3241      8.009     0.7722     3.9379 1.0752e-01    -0.0731   101.8453     6.5082     6.7291    34.5657    34.5658    27.5096    27.5101    7.41056 0.0000e+00
      12759    307.465     3.3075     3.3022   3.171605   3.171136     1.9386     2.3237      8.009     0.7722     3.9379 1.0740e-01    -0.0731   101.8453     6.5108     6.7272    34.5652    34.5652    27.5093    27.5098    7.41064 0.0000e+00
      12762    307.313     3.3064     3.3011   3.171525   3.171008     1.9378     2.3237      8.009     0.7616     3.9379 1.0752e-01    -0.0735   101.8544     6.5033     6.7279    34.5656    34.5650    27.5097    27.5097    7.41083 0.0000e+00
      12765    307.170     3.3059     3.3010   3.171435   3.171019     1.9374     2.3241      8.009     0.7510     3.9379 1.0752e-01    -0.0735   101.8544     6.5016     6.7305    34.5651    34.5653    27.5094    27.5100    7.41095 0.0000e+00
      12768    307.032     3.3053     3.3010   3.171392   3.171018     1.9390     2.3229      8.009     0.7510     3.9379 1.0740e-01    -0.0728   101.8363     6.5082     6.7298    34.5653    34.5653    27.5096    27.5100    7.41105 0.0000e+00
      12771    306.902     3.3055     3.3013   3.171413   3.171085     1.9390     2.3233      8.009     0.7510     3.9379 1.0740e-01    -0.0728   101.8363     6.5067     6.7313    34.5654    34.5659    27.5096    27.5104    7.41100 0.0000e+00
      12774    306.788     3.3060     3.3016   3.171456   3.171107     1.9382     2.3229      8.009     0.7510     3.9379 1.0740e-01    -0.0728   101.8363     6.5029     6.7284    34.5655    34.5659    27.5096    27.5103    7.41091 0.0000e+00
      12777    306.687     3.3056     3.3017   3.171446   3.171064     1.9374     2.3237      8.009     0.7616     3.9379 1.0752e-01    -0.0728   101.8363     6.5008     6.7326    34.5658    34.5654    27.5099    27.5099    7.41097 0.0000e+00
      12780    306.597     3.3053     3.3015   3.171378   3.171083     1.9378     2.3237      8.009     0.7722     2.9114 1.0752e-01    -0.0728   101.8363     6.4998     6.7369    34.5654    34.5659    27.5096    27.5104    7.41105 0.0000e+00
      12783    306.516     3.3051     3.3020   3.171328   3.171115     1.9374     2.3237      8.009     0.7722     2.3587 1.0727e-01    -0.0724   101.8272     6.4950     6.7379    34.5650    34.5658    27.5093    27.5102    7.41111 0.0000e+00
      12786    306.445     3.3049     3.3024   3.171343   3.171153     1.9374     2.3237      8.009     0.7616     2.3982 1.0740e-01    -0.0728   101.8363     6.4936     6.7358    34.5654    34.5659    27.5097    27.5102    7.41111 0.0000e+00
      12789    306.382     3.3048     3.3033   3.171315   3.171285     1.9374     2.3237      8.009     0.7510     2.3982 1.0752e-01    -0.0724   101.8272     6.4922     6.7369    34.5652    34.5664    27.5095    27.5106    7.41114 0.0000e+00
      12792    306.329     3.3046     3.3037   3.171267   3.171278     1.9378     2.3241      8.009     0.7616     2.3982 1.0740e-01    -0.0728   101.8363     6.4929     6.7421    34.5649    34.5660    27.5093    27.5103    7.41120 0.0000e+00
      12795    306.282     3.3037     3.3035   3.171123   3.171249     1.9382     2.3233      8.009     0.7616     2.3982 1.0752e-01    -0.0728   101.8363     6.4977     6.7409    34.5642    34.5659    27.5088    27.5102    7.41140 0.0000e+00
      12798    306.244     3.3023     3.3026   3.171037   3.171163     1.9382     2.3237      8.009     0.7616     2.3982 1.0740e-01    -0.0728   101.8363     6.5006     6.7445    34.5647    34.5658    27.5093    27.5102    7.41164 0.0000e+00
      12801    306.215     3.3028     3.3021   3.171091   3.171133     1.9382     2.3241      8.009     0.7510     2.3982 1.0740e-01    -0.0728   101.8363     6.5001     6.7460    34.5648    34.5660    27.5094    27.5104    7.41154 0.0000e+00
      12824    306.123     3.2997     3.2997   3.170697   3.170876     1.9378     2.3250      8.009     0.7405     2.5561 1.0727e-01    -0.0699   101.7639     6.5041     6.7474    34.5634    34.5655    27.5086    27.5103    7.41218 0.0000e+00
      12837    306.065     3.2989     3.2986   3.170698   3.170672     1.9374     2.3254      8.009     0.7299     2.6351 1.0752e-01    -0.0682   101.7187     6.5046     6.7437    34.5643    34.5643    27.5093    27.5094    7.41229 0.0000e+00
      12840    306.029     3.3010     3.2981   3.170965   3.170644     1.9378     2.3250      8.009     0.7299     2.6351 1.0740e-01    -0.0682   101.7187     6.5088     6.7412    34.5652    34.5645    27.5099    27.5096    7.41184 0.0000e+00
      12843    305.991     3.3021     3.2981   3.171027   3.170605     1.9382     2.3258      8.009     0.7299     2.6351 1.0740e-01    -0.0685   101.7277     6.5111     6.7443    34.5648    34.5640    27.5095    27.5092    7.41166 0.0000e+00
      12846    305.951     3.3020     3.2963   3.170952   3.170399     1.9374     2.3258      8.009     0.7299     2.6351 1.0752e-01    -0.0685   101.7277     6.5074     6.7446    34.5641    34.5634    27.5089    27.5089    7.41172 0.0000e+00
      12849    305.905     3.2995     3.2949   3.170685   3.170266     1.9370     2.3254      8.009     0.7510     2.6351 1.0727e-01    -0.0685   101.7277     6.5034     6.7431    34.5635    34.5633    27.5087    27.5090    7.41220 0.0000e+00
      12852    305.851     3.3007     3.2944   3.170850   3.170206     1.9370     2.3254      8.009     0.7510     2.6351 1.0740e-01    -0.0724   101.8272     6.5029     6.7424    34.5643    34.5632    27.5092    27.5089    7.41195 0.0000e+00
      12855    305.783     3.3004     3.2946   3.170771   3.170252     1.9378     2.3254      8.009     0.7722     2.6351 1.0752e-01    -0.0728   101.8363     6.5081     6.7411    34.5636    34.5636    27.5087    27.5092    7.41203 0.0000e+00
      12858    305.708     3.2990     3.2945   3.170599   3.170208     1.9374     2.3258      8.009     0.7510     2.0429 1.0740e-01    -0.0728   101.8363     6.5100     6.7423    34.5631    34.5632    27.5084    27.5089    7.41232 0.0000e+00
      12861    305.623     3.2970     3.2935   3.170354   3.170022     1.9374     2.3254      8.009     0.7510     1.4112 1.0727e-01    -0.0728   101.8363     6.5114     6.7408    34.5623    34.5621    27.5079    27.5081    7.41272 0.0000e+00
      12864    305.532     3.2948     3.2910   3.170099   3.169726     1.9386     2.3254      8.009     0.7510     1.4507 1.0752e-01    -0.0728   101.8363     6.5176     6.7403    34.5617    34.5612    27.5077    27.5077    7.41316 0.0000e+00
      12867    305.435     3.2943     3.2894   3.170016   3.169605     1.9382     2.3254      8.009     0.7405     1.4507 1.0740e-01    -0.0728   101.8363     6.5150     6.7398    34.5612    34.5615    27.5074    27.5080    7.41328 0.0000e+00
