Datasets/AZMP/TEL210/tel210_2020_004.cnv
* Sea-Bird SBE 9 Data File:
* FileName = C:\CTDDATA\tel210_2020_004.hex
* Software Version Seasave V 7.26.7.110
* Temperature SN = 1697
* Conductivity SN = 4216
* Number of Bytes Per Scan = 30
* Number of Voltage Words = 4
* Number of Scans Averaged by the Deck Unit = 1
* NMEA baud rate = 4800
** VESSEL/TRIP/SEQ STN:  tel210_2020_004
** LATITUDE XX XX.XX: 47 00.00 N
** LONGITUDE XX XX.XX: 052 42.30 W
** SOUNDING DEPTH (M): 0185
** PROBE TYPE: S1146
** CTD NUMBER: 003
** COMMENTS (14 CHAR): FC-02
** BOTTLES:  10
** LEVELS: 5,10,20,30,40,50,75,100,150,BTM
** STICKERS: 435752 - 435761
** VNET: Y
** DO2: N
# nquan = 22
# nvalues = 5039                        
# units = specified
# name 0 = scan: Scan Count
# name 1 = prDM: Pressure, Digiquartz [db]
# name 2 = t090C: Temperature [ITS-90, deg C]
# name 3 = t190C: Temperature, 2 [ITS-90, deg C]
# name 4 = c0S/m: Conductivity [S/m]
# name 5 = c1S/m: Conductivity, 2 [S/m]
# name 6 = sbeox0V: Oxygen raw, SBE 43 [V]
# name 7 = sbeox1V: Oxygen raw, SBE 43, 2 [V]
# name 8 = ph: pH
# name 9 = flECO-AFL: Fluorescence, WET Labs ECO-AFL/FL [mg/m^3]
# name 10 = wetCDOM: Fluorescence, WET Labs CDOM [mg/m^3]
# name 11 = par/sat/log: PAR/Logarithmic, Satlantic [umol photons/m^2/sec]
# name 12 = CStarAt0: Beam Attenuation, WET Labs C-Star [1/m]
# name 13 = CStarTr0: Beam Transmission, WET Labs C-Star [%]
# name 14 = sbeox0ML/L: Oxygen, SBE 43 [ml/l], WS = 2
# name 15 = sbeox1ML/L: Oxygen, SBE 43, 2 [ml/l], WS = 2
# name 16 = sal00: Salinity, Practical [PSU]
# name 17 = sal11: Salinity, Practical, 2 [PSU]
# name 18 = sigma-t00: Density [sigma-t, kg/m^3 ]
# name 19 = sigma-t11: Density, 2 [sigma-t, kg/m^3 ]
# name 20 = oxsatML/L: Oxygen Saturation, Weiss [ml/l]
# name 21 = flag: flag
# span 0 =        173,      42263       
# span 1 =      1.726,    182.478       
# span 2 =    -1.6113,    11.6579       
# span 3 =    -1.6166,    11.6526       
# span 4 =   2.601025,   3.625474       
# span 5 =   2.600575,   3.624858       
# span 6 =     1.8162,     2.3974       
# span 7 =     2.1992,     2.9462       
# span 8 =      7.766,      8.144       
# span 9 =    -0.6019,     1.0973       
# span 10 =    -2.8130,   482.1870      
# span 11 = 1.0703e-01, 1.0752e-01      
# span 12 =    -0.1686,     0.0272      
# span 13 =    99.3222,   104.3050      
# span 14 =     6.3554,     8.6602      
# span 15 =     6.1925,     9.1478      
# span 16 =    31.6418,    33.0391      
# span 17 =    31.6313,    33.0402      
# span 18 =    24.0585,    26.5487      
# span 19 =    24.0543,    26.5500      
# span 20 =    6.22452,    8.53744      
# span 21 = 0.0000e+00, 0.0000e+00      
# interval = scans: 3                   
# start_time = Jul 15 2020 05:25:37 [System UTC, header]
# bad_flag = -9.990e-29
*END*
[from data line 1647]
       6063    147.761    -0.6245    -0.6287   2.708243   2.708015     1.8737     2.2738      7.788    -0.5308   481.3579 1.0752e-01    -0.0926   102.3427     6.8851     7.2312    32.9968    32.9984    26.5163    26.5177    8.29356 0.0000e+00
       6066    147.827    -0.6244    -0.6247   2.708251   2.708367     1.8729     2.2734      7.788    -0.5409   481.3579 1.0740e-01    -0.0923   102.3336     6.8810     7.2261    32.9968    32.9986    26.5163    26.5177    8.29355 0.0000e+00
       6069    147.894    -0.6227    -0.6261   2.708403   2.708258     1.8745     2.2742      7.786    -0.5409   431.4564 1.0727e-01    -0.0930   102.3517     6.8883     7.2296    32.9970    32.9987    26.5163    26.5178    8.29315 0.0000e+00
       6072    147.964    -0.6168    -0.6256   2.708989   2.708395     1.8737     2.2734      7.788    -0.5308    20.7955 1.0752e-01    -0.0930   102.3517     6.8815     7.2227    32.9983    32.9999    26.5172    26.5188    8.29176 0.0000e+00
       6075    148.039    -0.6121    -0.6189   2.709435   2.709007     1.8741     2.2721      7.786    -0.5511     9.2676 1.0727e-01    -0.0930   102.3517     6.8816     7.2093    32.9992    33.0008    26.5177    26.5192    8.29066 0.0000e+00
       6078    148.117    -0.6090    -0.6158   2.709740   2.709299     1.8729     2.2713      7.786    -0.5511    10.0966 1.0740e-01    -0.0930   102.3517     6.8773     7.1980    32.9998    33.0013    26.5181    26.5195    8.28993 0.0000e+00
       6081    148.199    -0.6056    -0.6122   2.710074   2.709660     1.8725     2.2730      7.786    -0.5511    10.0571 1.0727e-01    -0.0930   102.3517     6.8721     7.1970    33.0005    33.0022    26.5185    26.5201    8.28912 0.0000e+00
       6084    148.284    -0.6029    -0.6088   2.710289   2.709932     1.8717     2.2717      7.786    -0.5409    10.0177 1.0727e-01    -0.0930   102.3517     6.8674     7.1883    33.0004    33.0021    26.5183    26.5199    8.28853 0.0000e+00
       6087    148.370    -0.6016    -0.6071   2.710414   2.710080     1.8725     2.2709      7.786    -0.5511    10.0571 1.0740e-01    -0.0930   102.3517     6.8740     7.1825    33.0006    33.0021    26.5184    26.5199    8.28821 0.0000e+00
       6090    148.462    -0.6004    -0.6061   2.710539   2.710203     1.8721     2.2705      7.786    -0.5308    10.0571 1.0752e-01    -0.0937   102.3698     6.8688     7.1774    33.0010    33.0027    26.5187    26.5203    8.28794 0.0000e+00
       6093    148.555    -0.5997    -0.6055   2.710618   2.710270     1.8725     2.2705      7.786    -0.5206    10.0966 1.0727e-01    -0.0933   102.3607     6.8688     7.1769    33.0012    33.0028    26.5189    26.5203    8.28777 0.0000e+00
       6096    148.649    -0.5995    -0.6047   2.710661   2.710318     1.8717     2.2689      7.786    -0.5104   168.4076 1.0740e-01    -0.0937   102.3698     6.8682     7.1744    33.0014    33.0026    26.5190    26.5202    8.28770 0.0000e+00
       6099    148.751    -0.5987    -0.6041   2.710714   2.710380     1.8713     2.2681      7.786    -0.5104   482.1870 1.0715e-01    -0.0930   102.3517     6.8667     7.1732    33.0012    33.0027    26.5188    26.5202    8.28753 0.0000e+00
       6102    148.854    -0.5986    -0.6037   2.710744   2.710446     1.8713     2.2673      7.786    -0.5206   481.1211 1.0752e-01    -0.0930   102.3517     6.8698     7.1670    33.0015    33.0030    26.5190    26.5205    8.28749 0.0000e+00
       6105    148.961    -0.5973    -0.6019   2.710904   2.710644     1.8705     2.2673      7.786    -0.5104   481.3184 1.0740e-01    -0.0933   102.3607     6.8641     7.1670    33.0022    33.0037    26.5195    26.5209    8.28717 0.0000e+00
       6108    149.073    -0.5949    -0.5975   2.711136   2.694917     1.8709     2.2664      7.783    -0.5206   481.3579 1.0740e-01    -0.0926   102.3427     6.8647     7.1779    33.0026    32.7882    26.5198    26.3464    8.28661 0.0000e+00
       6111    149.185    -0.5934    -0.5959   2.711284   2.687465     1.8709     2.2660      7.783    -0.5104   481.3579 1.0752e-01    -0.0916   102.3156     6.8633     7.1844    33.0029    32.6866    26.5199    26.2641    8.28627 0.0000e+00
       6114    149.300    -0.5942    -0.5998   2.711086   2.710380     1.8705     2.2660      7.781    -0.5104   481.3579 1.0740e-01    -0.0916   102.3156     6.8629     7.1712    33.0010    32.9976    26.5185    26.5160    8.28655 0.0000e+00
       6117    149.416    -0.5985    -0.6060   2.710734   2.710088     1.8701     2.2660      7.784    -0.5206   481.3579 1.0740e-01    -0.0919   102.3246     6.8632     7.1764    33.0009    33.0004    26.5186    26.5184    8.28752 0.0000e+00
       6120    149.532    -0.6079    -0.6176   2.709761   2.709066     1.8701     2.2660      7.783    -0.5104   481.3579 1.0740e-01    -0.0916   102.3156     6.8674     7.1836    32.9981    32.9992    26.5166    26.5180    8.28978 0.0000e+00
       6123    149.649    -0.6203    -0.6284   2.708853   2.708392     1.8696     2.2648      7.781    -0.5104   192.5293 1.0752e-01    -0.0919   102.3246     6.8661     7.1824    32.9993    33.0019    26.5181    26.5205    8.29247 0.0000e+00
       6126    149.766    -0.6265    -0.6325   2.708505   2.708154     1.8696     2.2640      7.781    -0.5308     2.5167 1.0727e-01    -0.0916   102.3156     6.8658     7.1777    33.0013    33.0032    26.5199    26.5217    8.29374 0.0000e+00
       6129    149.885    -0.6296    -0.6350   2.708296   2.707973     1.8692     2.2640      7.784    -0.5206     9.1886 1.0727e-01    -0.0894   102.2613     6.8654     7.1765    33.0018    33.0033    26.5205    26.5219    8.29441 0.0000e+00
       6132    150.004    -0.6315    -0.6370   2.708143   2.707795     1.8692     2.2636      7.783    -0.5308     8.7938 1.0715e-01    -0.0887   102.2432     6.8651     7.1753    33.0017    33.0031    26.5205    26.5218    8.29483 0.0000e+00
       6135    150.121    -0.6325    -0.6381   2.708081   2.707721     1.8696     2.2636      7.786    -0.5206     8.7938 1.0727e-01    -0.0887   102.2432     6.8637     7.1736    33.0019    33.0032    26.5207    26.5220    8.29505 0.0000e+00
       6138    150.235    -0.6329    -0.6386   2.708066   2.707711     1.8684     2.2624      7.781    -0.5104     8.7938 1.0727e-01    -0.0887   102.2432     6.8574     7.1684    33.0021    33.0036    26.5209    26.5223    8.29513 0.0000e+00
       6141    150.351    -0.6326    -0.6383   2.708112   2.707748     1.8688     2.2624      7.786    -0.5308     8.7938 1.0727e-01    -0.0887   102.2432     6.8568     7.1676    33.0023    33.0037    26.5210    26.5223    8.29505 0.0000e+00
       6144    150.467    -0.6317    -0.6377   2.708215   2.707818     1.8684     2.2624      7.786    -0.5308     8.7938 1.0752e-01    -0.0887   102.2432     6.8550     7.1690    33.0027    33.0038    26.5213    26.5224    8.29483 0.0000e+00
       6147    150.576    -0.6298    -0.6362   2.708418   2.707992     1.8676     2.2611      7.786    -0.5511     8.7149 1.0752e-01    -0.0884   102.2342     6.8509     7.1665    33.0033    33.0044    26.5217    26.5229    8.29438 0.0000e+00
       6150    150.683    -0.6264    -0.6304   2.708877   2.708682     1.8676     2.2607      7.786    -0.5409     0.7401 1.0727e-01    -0.0859   102.1708     6.8492     7.1644    33.0056    33.0074    26.5234    26.5251    8.29347 0.0000e+00
       6153    150.788    -0.6118    -0.6102   2.710550   2.710684     1.8684     2.2607      7.784    -0.5511    -0.2469 1.0740e-01    -0.0856   102.1618     6.8491     7.1555    33.0121    33.0122    26.5281    26.5281    8.28985 0.0000e+00
       6156    150.890    -0.5958    -0.5977   2.711740   2.711582     1.8668     2.2599      7.786    -0.5409    -0.2074 1.0740e-01    -0.0856   102.1618     6.8377     7.1479    33.0106    33.0105    26.5263    26.5263    8.28637 0.0000e+00
       6159    150.989    -0.5891    -0.5928   2.712149   2.711885     1.8664     2.2599      7.784    -0.5409    -0.2074 1.0727e-01    -0.0856   102.1618     6.8350     7.1472    33.0087    33.0092    26.5245    26.5251    8.28497 0.0000e+00
       6162    151.087    -0.5864    -0.5916   2.712311   2.711982     1.8668     2.2595      7.786    -0.5511    -0.2074 1.0740e-01    -0.0856   102.1618     6.8365     7.1466    33.0079    33.0091    26.5237    26.5249    8.28441 0.0000e+00
       6165    151.182    -0.5872    -0.5924   2.712225   2.711870     1.8656     2.2587      7.784    -0.5409    -0.2074 1.0740e-01    -0.0856   102.1618     6.8303     7.1431    33.0075    33.0084    26.5234    26.5244    8.28461 0.0000e+00
       6168    151.272    -0.5890    -0.5942   2.712100   2.711762     1.8668     2.2587      7.784    -0.5409    -0.2074 1.0740e-01    -0.0852   102.1528     6.8358     7.1440    33.0078    33.0089    26.5237    26.5248    8.28500 0.0000e+00
       6171    151.359    -0.5907    -0.5959   2.711999   2.711669     1.8660     2.2587      7.781    -0.5511    -0.2074 1.0740e-01    -0.0834   102.1075     6.8312     7.1472    33.0082    33.0094    26.5241    26.5253    8.28535 0.0000e+00
       6174    151.444    -0.5913    -0.5969   2.711974   2.711647     1.8656     2.2575      7.781    -0.5511    -0.2469 1.0740e-01    -0.0838   102.1166     6.8254     7.1412    33.0085    33.0102    26.5244    26.5260    8.28548 0.0000e+00
       6177    151.528    -0.5917    -0.5977   2.711968   2.711608     1.8656     2.2563      7.781    -0.5409    -0.3258 1.0740e-01    -0.0834   102.1075     6.8257     7.1351    33.0088    33.0106    26.5247    26.5263    8.28555 0.0000e+00
       6180    151.609    -0.5926    -0.5985   2.711930   2.711543     1.8652     2.2563      7.781    -0.5409    -0.3258 1.0740e-01    -0.0834   102.1075     6.8279     7.1377    33.0092    33.0104    26.5251    26.5263    8.28573 0.0000e+00
       6183    151.688    -0.5930    -0.5988   2.711904   2.711531     1.8652     2.2563      7.781    -0.5409    -0.3258 1.0740e-01    -0.0834   102.1075     6.8265     7.1376    33.0092    33.0106    26.5251    26.5264    8.28581 0.0000e+00
       6186    151.766    -0.5931    -0.5987   2.711943   2.711567     1.8643     2.2559      7.781    -0.5511    -0.3258 1.0727e-01    -0.0834   102.1075     6.8199     7.1367    33.0098    33.0109    26.5255    26.5267    8.28579 0.0000e+00
       6189    151.840    -0.5927    -0.5985   2.711982   2.711603     1.8643     2.2554      7.781    -0.5409    -0.3258 1.0727e-01    -0.0824   102.0804     6.8170     7.1360    33.0099    33.0111    26.5256    26.5268    8.28571 0.0000e+00
       6192    151.911    -0.5932    -0.5991   2.711946   2.711568     1.8631     2.2550      7.781    -0.5511    -0.3258 1.0752e-01    -0.0824   102.0804     6.8085     7.1343    33.0099    33.0112    26.5256    26.5269    8.28582 0.0000e+00
       6195    151.985    -0.5941    -0.6000   2.711866   2.711505     1.8635     2.2550      7.778    -0.5308    -0.3258 1.0740e-01    -0.0824   102.0804     6.8120     7.1362    33.0097    33.0113    26.5255    26.5270    8.28602 0.0000e+00
       6198    152.064    -0.5957    -0.6013   2.711712   2.711388     1.8627     2.2538      7.781    -0.5104    -0.3258 1.0715e-01    -0.0824   102.0804     6.8076     7.1360    33.0094    33.0111    26.5254    26.5269    8.28641 0.0000e+00
       6201    152.136    -0.5999    -0.6057   2.711385   2.711020     1.8631     2.2538      7.779    -0.5206     2.2403 1.0715e-01    -0.0824   102.0804     6.8110     7.1375    33.0095    33.0109    26.5256    26.5269    8.28733 0.0000e+00
       6204    152.210    -0.6021    -0.6086   2.711215   2.710813     1.8631     2.2542      7.779    -0.5206     5.5566 1.0727e-01    -0.0824   102.0804     6.8142     7.1395    33.0097    33.0113    26.5258    26.5273    8.28783 0.0000e+00
       6207    152.285    -0.6040    -0.6101   2.711104   2.710697     1.8627     2.2526      7.778    -0.5206     5.3592 1.0727e-01    -0.0820   102.0714     6.8151     7.1361    33.0102    33.0114    26.5263    26.5275    8.28822 0.0000e+00
       6210    152.360    -0.6052    -0.6110   2.710978   2.710633     1.8615     2.2526      7.779    -0.5206     5.3592 1.0740e-01    -0.0806   102.0352     6.8086     7.1387    33.0097    33.0114    26.5260    26.5275    8.28851 0.0000e+00
       6213    152.438    -0.6064    -0.6114   2.710938   2.710592     1.8615     2.2526      7.781    -0.5206     5.3592 1.0740e-01    -0.0802   102.0262     6.8093     7.1390    33.0104    33.0113    26.5265    26.5275    8.28873 0.0000e+00
       6216    152.512    -0.6066    -0.6126   2.710897   2.710509     1.8611     2.2514      7.781    -0.5104     5.3592 1.0752e-01    -0.0802   102.0262     6.8081     7.1350    33.0101    33.0114    26.5263    26.5276    8.28879 0.0000e+00
       6219    152.590    -0.6072    -0.6142   2.710849   2.710354     1.8611     2.2518      7.781    -0.5206     5.3592 1.0752e-01    -0.0802   102.0262     6.8084     7.1400    33.0100    33.0110    26.5263    26.5274    8.28894 0.0000e+00
       6222    152.666    -0.6077    -0.6170   2.710793   2.710149     1.8603     2.2514      7.778    -0.5104     5.3592 1.0727e-01    -0.0806   102.0352     6.8067     7.1396    33.0098    33.0113    26.5260    26.5277    8.28905 0.0000e+00
       6225    152.743    -0.6080    -0.6160   2.710757   2.710261     1.8607     2.2514      7.779    -0.5308     5.3592 1.0740e-01    -0.0802   102.0262     6.8080     7.1391    33.0096    33.0117    26.5259    26.5279    8.28914 0.0000e+00
       6228    152.820    -0.6082    -0.6155   2.710756   2.710272     1.8603     2.2510      7.776    -0.5206     4.5696 1.0740e-01    -0.0802   102.0262     6.8065     7.1385    33.0098    33.0112    26.5261    26.5276    8.28918 0.0000e+00
       6231    152.903    -0.6087    -0.6164   2.710727   2.710216     1.8603     2.2514      7.779    -0.5104     4.2932 1.0740e-01    -0.0802   102.0262     6.8105     7.1427    33.0098    33.0113    26.5262    26.5277    8.28928 0.0000e+00
       6234    152.986    -0.6104    -0.6178   2.710578   2.710092     1.8591     2.2502      7.779    -0.5104     4.2932 1.0740e-01    -0.0806   102.0352     6.8086     7.1366    33.0097    33.0112    26.5261    26.5276    8.28967 0.0000e+00
       6237    153.071    -0.6123    -0.6194   2.710407   2.709946     1.8591     2.2493      7.781    -0.5308     4.2932 1.0727e-01    -0.0806   102.0352     6.8101     7.1329    33.0093    33.0109    26.5259    26.5275    8.29011 0.0000e+00
       6240    153.156    -0.6140    -0.6207   2.710249   2.709854     1.8595     2.2502      7.779    -0.5104     4.2932 1.0752e-01    -0.0802   102.0262     6.8118     7.1341    33.0091    33.0111    26.5258    26.5277    8.29052 0.0000e+00
       6243    153.242    -0.6155    -0.6216   2.710170   2.709810     1.8591     2.2498      7.781    -0.5206     4.2932 1.0740e-01    -0.0809   102.0443     6.8086     7.1290    33.0096    33.0114    26.5263    26.5279    8.29082 0.0000e+00
       6246    153.330    -0.6158    -0.6214   2.710193   2.709860     1.8591     2.2489      7.779    -0.5409     4.2932 1.0740e-01    -0.0809   102.0443     6.8074     7.1250    33.0102    33.0117    26.5267    26.5282    8.29086 0.0000e+00
       6249    153.414    -0.6143    -0.6187   2.710360   2.710151     1.8582     2.2489      7.781    -0.5206     4.2932 1.0740e-01    -0.0795   102.0081     6.8037     7.1235    33.0107    33.0128    26.5271    26.5289    8.29048 0.0000e+00
       6252    153.500    -0.6114    -0.6160   2.710604   2.710443     1.8574     2.2485      7.781    -0.5206     3.9774 1.0727e-01    -0.0781   101.9719     6.8004     7.1179    33.0108    33.0137    26.5271    26.5295    8.28984 0.0000e+00
