Datasets/AZMP/TEL210/tel210_2020_058.cnv
* Sea-Bird SBE 9 Data File:
* FileName = C:\CTDDATA\tel210_2020_058.hex
* Software Version Seasave V 7.26.7.110
* Temperature SN = 1697
* Conductivity SN = 4216
* Number of Bytes Per Scan = 30
* Number of Voltage Words = 4
* Number of Scans Averaged by the Deck Unit = 1
* NMEA baud rate = 4800
** VESSEL/TRIP/SEQ STN:  tel210_2020_058
** LATITUDE XX XX.XX: 48 44.00 N
** LONGITUDE XX XX.XX: 052 58.00 W
** SOUNDING DEPTH (M): 0099
** PROBE TYPE: S1146
** CTD NUMBER: 048
** COMMENTS (14 CHAR): BB-01
** BOTTLES:  08
** LEVELS: 5,10,20,30,40,50,75,BTM
** STICKERS: 436106 - 436113
** VNET: Y
** DO2: Y
# nquan = 22
# nvalues = 2326                        
# units = specified
# name 0 = scan: Scan Count
# name 1 = prDM: Pressure, Digiquartz [db]
# name 2 = t090C: Temperature [ITS-90, deg C]
# name 3 = t190C: Temperature, 2 [ITS-90, deg C]
# name 4 = c0S/m: Conductivity [S/m]
# name 5 = c1S/m: Conductivity, 2 [S/m]
# name 6 = sbeox0V: Oxygen raw, SBE 43 [V]
# name 7 = sbeox1V: Oxygen raw, SBE 43, 2 [V]
# name 8 = ph: pH
# name 9 = flECO-AFL: Fluorescence, WET Labs ECO-AFL/FL [mg/m^3]
# name 10 = wetCDOM: Fluorescence, WET Labs CDOM [mg/m^3]
# name 11 = par/sat/log: PAR/Logarithmic, Satlantic [umol photons/m^2/sec]
# name 12 = CStarAt0: Beam Attenuation, WET Labs C-Star [1/m]
# name 13 = CStarTr0: Beam Transmission, WET Labs C-Star [%]
# name 14 = sbeox0ML/L: Oxygen, SBE 43 [ml/l], WS = 2
# name 15 = sbeox1ML/L: Oxygen, SBE 43, 2 [ml/l], WS = 2
# name 16 = sal00: Salinity, Practical [PSU]
# name 17 = sal11: Salinity, Practical, 2 [PSU]
# name 18 = sigma-t00: Density [sigma-t, kg/m^3 ]
# name 19 = sigma-t11: Density, 2 [sigma-t, kg/m^3 ]
# name 20 = oxsatML/L: Oxygen Saturation, Weiss [ml/l]
# name 21 = flag: flag
# span 0 =         98,      27873       
# span 1 =      0.236,     96.166       
# span 2 =    -1.2636,    12.5772       
# span 3 =    -1.2668,    12.5749       
# span 4 =   2.624201,   3.677940       
# span 5 =   2.623912,   3.677659       
# span 6 =     2.0342,     2.5225       
# span 7 =     2.4648,     3.1017       
# span 8 =      7.977,      8.273       
# span 9 =     0.7510,     6.8992       
# span 10 =    -2.8130,   482.1870      
# span 11 = 1.0715e-01, 9.3765e+02      
# span 12 =    -0.1236,     0.0755      
# span 13 =    98.1286,   103.1385      
# span 14 =     6.3240,     8.9729      
# span 15 =     6.3818,     9.4904      
# span 16 =    30.6400,    32.5892      
# span 17 =    29.9929,    32.5889      
# span 18 =    23.1002,    26.2073      
# span 19 =    22.6022,    26.2074      
# span 20 =    6.11412,    8.46253      
# span 21 = 0.0000e+00, 0.0000e+00      
# interval = scans: 3                   
# start_time = Jul 21 2020 20:31:46 [System UTC, header]
# bad_flag = -9.990e-29
*END*
[from data line 264]
        892     29.306     0.6950     0.6696   2.758575   2.755735     2.3460     2.8771      8.227     1.5447     0.2664 1.8812e+01    -0.0407   101.0224     8.5678     8.9680    32.3204    32.3102    25.9084    25.9016    8.04415 0.0000e+00
        895     29.352     0.6705     0.6577   2.757335   2.754504     2.3447     2.8755      8.227     1.5235     0.2664 1.8943e+01    -0.0407   101.0224     8.5668     8.9670    32.3299    32.3067    25.9174    25.8994    8.04882 0.0000e+00
        898     29.397     0.6465     0.6420   2.756087   2.752609     2.3435     2.8722      8.227     1.5235     0.2664 1.9141e+01    -0.0407   101.0224     8.5692     8.9682    32.3388    32.2986    25.9259    25.8938    8.05342 0.0000e+00
        901     29.442     0.6294     0.6283   2.754676   2.751592     2.3419     2.8702      8.227     1.5447     0.2269 1.9341e+01    -0.0407   101.0224     8.5690     8.9726    32.3385    32.2997    25.9266    25.8954    8.05707 0.0000e+00
        904     29.483     0.6195     0.6189   2.753252   2.753215     2.3403     2.8682      8.227     1.4812     0.2664 1.9521e+01    -0.0396   100.9952     8.5728     8.9778    32.3304    32.3305    25.9206    25.9208    8.05962 0.0000e+00
        907     29.526     0.6107     0.6560   2.752035   2.755599     2.3378     2.8657      8.224     1.3965     0.5033 1.9726e+01    -0.0385   100.9681     8.5727     8.9737    32.3239    32.3226    25.9158    25.9123    8.06185 0.0000e+00
        910     29.566     0.6028     0.6277   2.751078   2.758978     2.3370     2.8633      8.225     1.4177     1.7271 1.9908e+01    -0.0385   100.9681     8.5777     8.9833    32.3197    32.3958    25.9129    25.9728    8.06376 0.0000e+00
        913     29.608     0.5910     0.7534   2.750286   2.766127     2.3354     2.8604      8.222     1.4177     1.6876 2.0070e+01    -0.0385   100.9681     8.5804     8.9542    32.3218    32.3566    25.9152    25.9343    8.06615 0.0000e+00
        916     29.655     0.5839     0.6972   2.750048   2.760090     2.3338     2.8604      8.222     1.4071     1.6876 2.0093e+01    -0.0385   100.9681     8.5784     8.9794    32.3261    32.3374    25.9190    25.9220    8.06741 0.0000e+00
        919     29.706     0.5790     0.5976   2.749496   2.751282     2.3325     2.8580      8.222     1.4071     1.6876 2.0024e+01    -0.0385   100.9681     8.5769     9.0067    32.3240    32.3277    25.9176    25.9196    8.06858 0.0000e+00
        922     29.763     0.5709     0.5742   2.748160   2.748691     2.3321     2.8588      8.222     1.3965     1.6876 1.9885e+01    -0.0385   100.9681     8.5807     9.0286    32.3152    32.3186    25.9110    25.9135    8.07079 0.0000e+00
        925     29.824     0.5518     0.5602   2.746328   2.746917     2.3309     2.8564      8.221     1.4177     1.6876 1.9725e+01    -0.0378   100.9500     8.5835     9.0302    32.3114    32.3103    25.9089    25.9076    8.07506 0.0000e+00
        928     29.893     0.5350     0.5351   2.744677   2.744610     2.3301     2.8559      8.220     1.4177     1.6876 1.9476e+01    -0.0378   100.9500     8.5871     9.0386    32.3075    32.3066    25.9067    25.9059    8.07886 0.0000e+00
        931     29.967     0.5126     0.5157   2.742446   2.743188     2.3289     2.8547      8.218     1.4283     1.6876 1.9230e+01    -0.0375   100.9410     8.5881     9.0424    32.3020    32.3084    25.9034    25.9084    8.08394 0.0000e+00
        934     30.049     0.4929     0.4944   2.741417   2.741093     2.3272     2.8527      8.218     1.4389     2.5562 1.8921e+01    -0.0378   100.9500     8.5840     9.0449    32.3092    32.3035    25.9103    25.9056    8.08775 0.0000e+00
        937     30.138     0.4831     0.4742   2.741407   2.739853     2.3272     2.8502      8.216     1.4389     3.6615 1.8617e+01    -0.0378   100.9500     8.5832     9.0426    32.3194    32.3085    25.9190    25.9106    8.08929 0.0000e+00
        940     30.234     0.4769     0.4633   2.740954   2.739077     2.3248     2.8494      8.213     1.4389     3.5826 1.8234e+01    -0.0375   100.9410     8.5719     9.0425    32.3199    32.3098    25.9197    25.9123    8.09058 0.0000e+00
        943     30.340     0.4698     0.4528   2.740003   2.738052     2.3232     2.8486      8.211     1.4283     3.5826 1.7879e+01    -0.0378   100.9500     8.5674     9.0441    32.3150    32.3074    25.9161    25.9109    8.09238 0.0000e+00
        946     30.451     0.4557     0.4292   2.737942   2.735887     2.3223     2.8482      8.210     1.4389     3.5826 1.7633e+01    -0.0346   100.8686     8.5696     9.0520    32.3029    32.3040    25.9071    25.9093    8.09605 0.0000e+00
        949     30.567     0.4364     0.4071   2.736298   2.734434     2.3207     2.8449      8.208     1.4389     3.5826 1.7350e+01    -0.0342   100.8596     8.5702     9.0494    32.3017    32.3082    25.9071    25.9138    8.10026 0.0000e+00
        952     30.692     0.4205     0.3976   2.735883   2.733951     2.3195     2.8437      8.209     1.4283     3.5826 1.7071e+01    -0.0342   100.8596     8.5731     9.0524    32.3129    32.3118    25.9169    25.9172    8.10304 0.0000e+00
        955     30.826     0.4086     0.3854   2.734928   2.732677     2.3183     2.8425      8.206     1.4812     3.5826 1.6720e+01    -0.0342   100.8596     8.5782     9.0578    32.3129    32.3079    25.9176    25.9148    8.10560 0.0000e+00
        958     30.968     0.3936     0.3619   2.733193   2.730877     2.3170     2.8425      8.204     1.7457     3.5826 1.6413e+01    -0.0342   100.8596     8.5845     9.0725    32.3060    32.3091    25.9128    25.9168    8.10921 0.0000e+00
        961     31.115     0.3771     0.3588   2.733080   2.732350     2.3154     2.8417      8.204     1.7563     1.6481 1.6093e+01    -0.0342   100.8596     8.5883     9.0771    32.3217    32.3315    25.9263    25.9351    8.11187 0.0000e+00
        964     31.266     0.3889     0.4514   2.740735   2.744220     2.3150     2.8405      8.199     1.7457     0.9375 1.5799e+01    -0.0342   100.8596     8.5902     9.0513    32.4090    32.3885    25.9960    25.9763    8.10453 0.0000e+00
        967     31.420     0.4598     0.5850   2.751156   2.753492     2.3154     2.8392      8.199     1.7563     0.9770 1.5545e+01    -0.0346   100.8686     8.5814     9.0212    32.4698    32.3685    26.0413    25.9531    8.08598 0.0000e+00
        970     31.578     0.5425     0.6439   2.756220   2.757115     2.3138     2.8388      8.198     1.7563     0.9770 1.5296e+01    -0.0342   100.8596     8.5621     9.0140    32.4484    32.3536    26.0197    25.9379    8.06952 0.0000e+00
        973     31.736     0.6058     0.6804   2.760006   2.760250     2.3126     2.8376      8.203     1.7457     0.9770 1.5102e+01    -0.0353   100.8867     8.5533     9.0076    32.4309    32.3558    26.0023    25.9378    8.05702 0.0000e+00
        976     31.902     0.6520     0.6931   2.761895   2.760678     2.3122     2.8364      8.204     1.7563     0.9770 1.4894e+01    -0.0342   100.8596     8.5524     9.0034    32.4068    32.3480    25.9803    25.9307    8.04854 0.0000e+00
        979     32.066     0.6723     0.6786   2.761021   2.759495     2.3114     2.8360      8.207     1.7563     0.9770 1.4689e+01    -0.0349   100.8777     8.5499     9.0097    32.3741    32.3478    25.9529    25.9314    8.04602 0.0000e+00
        982     32.226     0.6721     0.6616   2.760008   2.758360     2.3110     2.8352      8.210     1.6928     0.9770 1.4403e+01    -0.0353   100.8867     8.5543     9.0138    32.3612    32.3508    25.9425    25.9347    8.04677 0.0000e+00
        985     32.381     0.6662     0.6529   2.759489   2.758025     2.3101     2.8356      8.212     1.6188     0.8980 1.4139e+01    -0.0328   100.8234     8.5576     9.0218    32.3605    32.3555    25.9423    25.9389    8.04806 0.0000e+00
        988     32.537     0.6608     0.6492   2.759258   2.757756     2.3101     2.8352      8.214     1.6188     0.1085 1.3912e+01    -0.0299   100.7511     8.5612     9.0220    32.3631    32.3558    25.9447    25.9394    8.04907 0.0000e+00
        991     32.692     0.6569     0.6472   2.759202   2.757630     2.3097     2.8348      8.217     1.6294     0.1479 1.3689e+01    -0.0306   100.7692     8.5660     9.0216    32.3663    32.3562    25.9475    25.9399    8.04971 0.0000e+00
        994     32.840     0.6542     0.6456   2.759136   2.757593     2.3089     2.8336      8.217     1.6399     0.1479 1.3484e+01    -0.0303   100.7601     8.5694     9.0158    32.3683    32.3574    25.9492    25.9409    8.05018 0.0000e+00
        997     32.981     0.6518     0.6443   2.759026   2.757573     2.3097     2.8327      8.217     1.6188     0.1479 1.3360e+01    -0.0310   100.7782     8.5757     9.0131    32.3692    32.3584    25.9501    25.9418    8.05062 0.0000e+00
       1000     33.113     0.6512     0.6442   2.758981   2.757590     2.3089     2.8327      8.217     1.6188     0.1479 1.3252e+01    -0.0303   100.7601     8.5740     9.0132    32.3692    32.3586    25.9501    25.9420    8.05076 0.0000e+00
       1003     33.239     0.6496     0.6429   2.758811   2.757425     2.3069     2.8323      8.219     1.6399     0.1479 1.3070e+01    -0.0299   100.7511     8.5665     9.0076    32.3686    32.3578    25.9497    25.9414    8.05113 0.0000e+00
       1006     33.356     0.6480     0.6419   2.758676   2.757383     2.3073     2.8315      8.217     1.6188     0.1479 1.2890e+01    -0.0299   100.7511     8.5678     8.9991    32.3685    32.3582    25.9497    25.9418    8.05147 0.0000e+00
       1009     33.468     0.6457     0.6397   2.758447   2.757129     2.3077     2.8303      8.219     1.5764     0.1479 1.2786e+01    -0.0292   100.7330     8.5734     8.9896    32.3679    32.3571    25.9494    25.9410    8.05200 0.0000e+00
       1012     33.572     0.6439     0.6357   2.758284   2.756770     2.3065     2.8291      8.219     1.5553    -0.0100 1.2639e+01    -0.0296   100.7420     8.5708     8.9829    32.3676    32.3566    25.9492    25.9409    8.05240 0.0000e+00
       1015     33.671     0.6403     0.6277   2.757639   2.756139     2.3069     2.8287      8.219     1.5659    -0.2469 1.2523e+01    -0.0292   100.7330     8.5735     8.9817    32.3630    32.3568    25.9457    25.9414    8.05342 0.0000e+00
       1018     33.761     0.6336     0.6212   2.757141   2.755774     2.3061     2.8279      8.217     1.5659    -0.2074 1.2407e+01    -0.0296   100.7420     8.5678     8.9765    32.3635    32.3588    25.9465    25.9434    8.05481 0.0000e+00
       1021     33.840     0.6271     0.6139   2.756647   2.755333     2.3053     2.8279      8.217     1.5659    -0.2074 1.2265e+01    -0.0289   100.7239     8.5640     8.9710    32.3639    32.3607    25.9471    25.9452    8.05617 0.0000e+00
       1024     33.916     0.6212     0.6065   2.756517   2.754974     2.3057     2.8270      8.219     1.5764    -0.2074 1.2152e+01    -0.0289   100.7239     8.5719     8.9628    32.3683    32.3638    25.9510    25.9482    8.05717 0.0000e+00
       1027     33.985     0.6163     0.6032   2.756328   2.754772     2.3040     2.8258      8.219     1.5764    -0.2074 1.2040e+01    -0.0321   100.8053     8.5625     8.9569    32.3710    32.3646    25.9534    25.9490    8.05808 0.0000e+00
       1030     34.047     0.6122     0.6017   2.756104   2.754679     2.3044     2.8238      8.217     1.5764    -0.2074 1.1943e+01    -0.0332   100.8325     8.5617     8.9446    32.3723    32.3649    25.9548    25.9493    8.05887 0.0000e+00
       1033     34.108     0.6091     0.5999   2.756062   2.754663     2.3053     2.8234      8.217     1.5659    -0.2074 1.1833e+01    -0.0325   100.8144     8.5654     8.9398    32.3750    32.3666    25.9571    25.9508    8.05938 0.0000e+00
       1036     34.164     0.6066     0.5988   2.756025   2.754714     2.3044     2.8230      8.217     1.6823    -0.2469 1.1751e+01    -0.0332   100.8325     8.5619     8.9328    32.3771    32.3683    25.9589    25.9522    8.05979 0.0000e+00
       1039     34.219     0.6047     0.5990   2.755938   2.754747     2.3028     2.8217      8.217     1.6823    -0.9180 1.1656e+01    -0.0325   100.8144     8.5516     8.9243    32.3780    32.3686    25.9597    25.9524    8.06015 0.0000e+00
       1042     34.269     0.6034     0.5976   2.755890   2.754666     2.3020     2.8201      8.217     1.6823    -1.4313 1.1536e+01    -0.0332   100.8325     8.5440     8.9154    32.3786    32.3689    25.9603    25.9527    8.06039 0.0000e+00
       1045     34.319     0.6021     0.5973   2.755900   2.754497     2.3020     2.8181      8.217     1.6929    -1.3918 1.1429e+01    -0.0328   100.8234     8.5377     8.9022    32.3801    32.3669    25.9615    25.9512    8.06058 0.0000e+00
       1048     34.373     0.6024     0.5992   2.755802   2.754562     2.3024     2.8177      8.217     1.6929    -1.3918 1.1377e+01    -0.0364   100.9139     8.5348     8.8976    32.3785    32.3658    25.9603    25.9502    8.06061 0.0000e+00
       1051     34.425     0.5997     0.5942   2.755265   2.754162     2.3008     2.8169      8.217     1.6717    -1.3918 1.1285e+01    -0.0357   100.8958     8.5241     8.8937    32.3744    32.3658    25.9571    25.9505    8.06141 0.0000e+00
       1054     34.476     0.5919     0.5750   2.754138   2.752797     2.3012     2.8148      8.217     1.6929    -1.4313 1.1207e+01    -0.0360   100.9048     8.5223     8.8881    32.3679    32.3682    25.9522    25.9534    8.06342 0.0000e+00
       1057     34.530     0.5827     0.5562   2.752900   2.751630     2.3004     2.8140      8.217     1.6929    -1.4313 1.1155e+01    -0.0360   100.9048     8.5191     8.8820    32.3615    32.3728    25.9476    25.9581    8.06573 0.0000e+00
       1060     34.587     0.5714     0.5457   2.751724   2.750398     2.3000     2.8128      8.215     1.6929    -1.3918 1.1091e+01    -0.0364   100.9139     8.5227     8.8738    32.3580    32.3678    25.9454    25.9547    8.06832 0.0000e+00
       1063     34.650     0.5525     0.5298   2.750146   2.748742     2.2987     2.8124      8.216     1.7351    -1.4313 1.1052e+01    -0.0360   100.9048     8.5192     8.8718    32.3574    32.3630    25.9460    25.9516    8.07239 0.0000e+00
       1066     34.717     0.5311     0.5044   2.748293   2.746824     2.2971     2.8108      8.216     1.7246    -0.7995 1.0989e+01    -0.0367   100.9229     8.5098     8.8698    32.3558    32.3647    25.9458    25.9543    8.07704 0.0000e+00
       1069     34.786     0.5092     0.4812   2.746491   2.745162     2.2971     2.8079      8.213     1.7246    -0.6811 1.0900e+01    -0.0385   100.9681     8.5077     8.8598    32.3553    32.3675    25.9465    25.9578    8.08173 0.0000e+00
       1072     34.861     0.4875     0.4624   2.745317   2.743912     2.2959     2.8075      8.213     1.7246    -0.6811 1.0875e+01    -0.0385   100.9681     8.5021     8.8570    32.3628    32.3709    25.9537    25.9615    8.08596 0.0000e+00
       1075     34.938     0.4703     0.4495   2.744588   2.743084     2.2959     2.8059      8.213     1.7246    -0.6811 1.0812e+01    -0.0385   100.9681     8.4998     8.8501    32.3714    32.3737    25.9615    25.9644    8.08916 0.0000e+00
       1078     35.019     0.4574     0.4406   2.744030   2.742484     2.2951     2.8046      8.213     1.7140    -0.6811 1.0713e+01    -0.0385   100.9681     8.4933     8.8430    32.3776    32.3752    25.9671    25.9661    8.09157 0.0000e+00
       1081     35.106     0.4459     0.4256   2.743001   2.741204     2.2947     2.8014      8.210     1.7246    -0.6811 1.0651e+01    -0.0389   100.9771     8.4939     8.8308    32.3762    32.3743    25.9667    25.9661    8.09411 0.0000e+00
       1084     35.197     0.4315     0.4064   2.741691   2.739816     2.2939     2.8002      8.208     1.7246    -0.6811 1.0602e+01    -0.0385   100.9681     8.4947     8.8269    32.3743    32.3764    25.9659    25.9688    8.09730 0.0000e+00
