Datasets/AZMP/TEL210/tel210_2020_054.cnv
* Sea-Bird SBE 9 Data File:
* FileName = C:\CTDDATA\tel210_2020_054.hex
* Software Version Seasave V 7.26.7.110
* Temperature SN = 1697
* Conductivity SN = 4216
* Number of Bytes Per Scan = 30
* Number of Voltage Words = 4
* Number of Scans Averaged by the Deck Unit = 1
* NMEA baud rate = 4800
** VESSEL/TRIP/SEQ STN:  tel210_2020_054
** LATITUDE XX XX.XX: 49 01.50 N
** LONGITUDE XX XX.XX: 052 04.00 W
** SOUNDING DEPTH (M): 0289
** PROBE TYPE: S1146
** CTD NUMBER: 044
** COMMENTS (14 CHAR): BB-05
** BOTTLES:  11
** LEVELS: 5,10,20,30,40,50,75,100,150,250,BTM
** STICKERS: 436075 - 436085
** VNET: Y
** DO2: N
# nquan = 22
# nvalues = 6681                        
# units = specified
# name 0 = scan: Scan Count
# name 1 = prDM: Pressure, Digiquartz [db]
# name 2 = t090C: Temperature [ITS-90, deg C]
# name 3 = t190C: Temperature, 2 [ITS-90, deg C]
# name 4 = c0S/m: Conductivity [S/m]
# name 5 = c1S/m: Conductivity, 2 [S/m]
# name 6 = sbeox0V: Oxygen raw, SBE 43 [V]
# name 7 = sbeox1V: Oxygen raw, SBE 43, 2 [V]
# name 8 = ph: pH
# name 9 = flECO-AFL: Fluorescence, WET Labs ECO-AFL/FL [mg/m^3]
# name 10 = wetCDOM: Fluorescence, WET Labs CDOM [mg/m^3]
# name 11 = par/sat/log: PAR/Logarithmic, Satlantic [umol photons/m^2/sec]
# name 12 = CStarAt0: Beam Attenuation, WET Labs C-Star [1/m]
# name 13 = CStarTr0: Beam Transmission, WET Labs C-Star [%]
# name 14 = sbeox0ML/L: Oxygen, SBE 43 [ml/l], WS = 2
# name 15 = sbeox1ML/L: Oxygen, SBE 43, 2 [ml/l], WS = 2
# name 16 = sal00: Salinity, Practical [PSU]
# name 17 = sal11: Salinity, Practical, 2 [PSU]
# name 18 = sigma-t00: Density [sigma-t, kg/m^3 ]
# name 19 = sigma-t11: Density, 2 [sigma-t, kg/m^3 ]
# name 20 = oxsatML/L: Oxygen Saturation, Weiss [ml/l]
# name 21 = flag: flag
# span 0 =          2,      48248       
# span 1 =      0.824,    286.550       
# span 2 =    -1.0611,    11.1381       
# span 3 =    -1.0826,    11.1345       
# span 4 =   2.657893,   3.551442       
# span 5 =   2.656681,   3.551899       
# span 6 =     1.7571,     2.5293       
# span 7 =     2.1082,     3.1023       
# span 8 =      7.909,      8.316       
# span 9 =     0.6346,     1.7351       
# span 10 =    -2.8130,   482.1870      
# span 11 = 1.0690e-01, 2.3800e+02      
# span 12 =    -0.1436,     0.3352      
# span 13 =    91.9611,   103.6539      
# span 14 =     5.7166,     9.1790      
# span 15 =     5.9559,     9.6297      
# span 16 =    31.3567,    34.5513      
# span 17 =    31.3580,    34.5506      
# span 18 =    23.9161,    27.5230      
# span 19 =    23.9192,    27.5191      
# span 20 =    6.30634,    8.40123      
# span 21 = 0.0000e+00, 0.0000e+00      
# interval = scans: 3                   
# start_time = Jul 21 2020 10:37:26 [System UTC, header]
# bad_flag = -9.990e-29
*END*
[from data line 5268]
      27467    100.014    -0.8991    -0.9040   2.694604   2.694287     1.9912     2.4131      7.991     0.7405     1.9245 1.0715e-01    -0.1212   103.0752     7.5185     7.8485    33.1424    33.1435    26.6443    26.6454    8.34700 0.0000e+00
      27470     99.975    -0.8996    -0.9041   2.694526   2.694277     1.9908     2.4139      7.994     0.7510     1.9245 1.0727e-01    -0.1212   103.0752     7.5138     7.8531    33.1420    33.1434    26.6440    26.6453    8.34715 0.0000e+00
      27473     99.942    -0.8999    -0.9039   2.694445   2.694284     1.9908     2.4131      7.991     0.7616     1.9245 1.0715e-01    -0.1215   103.0842     7.5118     7.8525    33.1412    33.1433    26.6434    26.6453    8.34726 0.0000e+00
      27476     99.909    -0.9000    -0.9047   2.694558   2.694199     1.9912     2.4139      7.993     0.7616     1.9245 1.0715e-01    -0.1215   103.0842     7.5140     7.8540    33.1428    33.1432    26.6447    26.6452    8.34718 0.0000e+00
      27479     99.881    -0.9002    -0.9046   2.694532   2.694248     1.9912     2.4135      7.993     0.7405     1.9245 1.0715e-01    -0.1215   103.0842     7.5158     7.8501    33.1427    33.1436    26.6446    26.6456    8.34723 0.0000e+00
      27482     99.855    -0.9002    -0.9044   2.694521   2.694262     1.9912     2.4127      7.993     0.7616     1.9245 1.0715e-01    -0.1215   103.0842     7.5164     7.8457    33.1425    33.1437    26.6445    26.6456    8.34724 0.0000e+00
      27595     99.821    -0.8959    -0.9005   2.694885   2.694531     1.9920     2.4135      7.993     0.6981     1.3718 1.0715e-01    -0.1226   103.1113     7.5176     7.8453    33.1428    33.1431    26.6445    26.6450    8.34625 0.0000e+00
      27653     99.766    -0.8933    -0.8970   2.694965   2.694765     1.9912     2.4131      7.993     0.6875     1.0954 1.0715e-01    -0.1226   103.1113     7.5133     7.8445    33.1411    33.1424    26.6431    26.6443    8.34578 0.0000e+00
      27656     99.714    -0.8937    -0.8980   2.695014   2.694646     1.9928     2.4127      7.993     0.6770     1.0954 1.0715e-01    -0.1226   103.1113     7.5242     7.8405    33.1422    33.1419    26.6440    26.6439    8.34580 0.0000e+00
      27659     99.668    -0.8923    -0.9000   2.695085   2.694424     1.9920     2.4131      7.993     0.7616     1.0954 1.0715e-01    -0.1226   103.1113     7.5205     7.8407    33.1416    33.1412    26.6434    26.6433    8.34551 0.0000e+00
      27662     99.626    -0.8925    -0.9009   2.694986   2.694468     1.9924     2.4139      7.994     0.7616     1.0954 1.0727e-01    -0.1226   103.1113     7.5204     7.8463    33.1405    33.1427    26.6425    26.6447    8.34561 0.0000e+00
      27665     99.585    -0.8926    -0.8998   2.695020   2.694483     1.9916     2.4139      7.993     0.7405     1.0954 1.0715e-01    -0.1226   103.1113     7.5168     7.8483    33.1411    33.1418    26.6431    26.6439    8.34561 0.0000e+00
      27668     99.551    -0.8924    -0.9018   2.695026   2.694400     1.9924     2.4139      7.991     0.7616     1.0954 1.0715e-01    -0.1222   103.1023     7.5190     7.8489    33.1410    33.1429    26.6430    26.6449    8.34557 0.0000e+00
      27671     99.522    -0.8925    -0.9024   2.694983   2.694393     1.9916     2.4127      7.993     0.7510     1.9640 1.0727e-01    -0.1222   103.1023     7.5172     7.8459    33.1406    33.1435    26.6427    26.6454    8.34563 0.0000e+00
      27775     99.496    -0.8906    -0.8985   2.695062   2.694667     1.9920     2.4135      7.991     0.7193     3.3062 1.0715e-01    -0.1226   103.1113     7.5163     7.8478    33.1395    33.1429    26.6417    26.6447    8.34524 0.0000e+00
      27979     99.459    -0.8859    -0.8950   2.695433   2.694812     1.9941     2.4148      7.993     0.6875     2.5167 1.0715e-01    -0.1226   103.1113     7.5131     7.8482    33.1394    33.1410    26.6415    26.6430    8.34420 0.0000e+00
      27982     99.430    -0.8861    -0.8933   2.695369   2.694935     1.9933     2.4152      7.994     0.6981     2.5167 1.0715e-01    -0.1226   103.1113     7.5084     7.8460    33.1388    33.1409    26.6410    26.6429    8.34428 0.0000e+00
      29498     99.383    -0.9165    -0.9184   2.692636   2.692303     1.9949     2.4201      7.991     0.7299     2.2798 1.0727e-01    -0.1226   103.1113     7.5472     7.8826    33.1353    33.1328    26.6391    26.6372    8.35135 0.0000e+00
      29501     99.313    -0.9147    -0.9190   2.692647   2.692275     1.9957     2.4205      7.991     0.7299     2.2798 1.0715e-01    -0.1222   103.1023     7.5530     7.8859    33.1335    33.1332    26.6377    26.6376    8.35105 0.0000e+00
      29504     99.243    -0.9137    -0.9184   2.692639   2.692357     1.9957     2.4213      7.991     0.7299     2.7536 1.0727e-01    -0.1222   103.1023     7.5574     7.8895    33.1323    33.1336    26.6367    26.6379    8.35089 0.0000e+00
      29507     99.175    -0.9130    -0.9172   2.692751   2.692430     1.9953     2.4205      7.991     0.7299     2.8720 1.0752e-01    -0.1222   103.1023     7.5544     7.8844    33.1331    33.1334    26.6373    26.6377    8.35069 0.0000e+00
      29510     99.111    -0.9120    -0.9166   2.692761   2.692483     1.9957     2.4201      7.991     0.7299     2.8720 1.0752e-01    -0.1215   103.0842     7.5555     7.8840    33.1321    33.1335    26.6365    26.6377    8.35051 0.0000e+00
      29513     99.052    -0.9120    -0.9159   2.692763   2.692561     1.9961     2.4205      7.991     0.7193     2.8720 1.0752e-01    -0.1212   103.0752     7.5616     7.8905    33.1323    33.1338    26.6366    26.6379    8.35052 0.0000e+00
      29516     98.996    -0.9117    -0.9153   2.692788   2.692543     1.9961     2.4209      7.991     0.7299     2.8720 1.0752e-01    -0.1215   103.0842     7.5653     7.8922    33.1323    33.1329    26.6366    26.6373    8.35044 0.0000e+00
      29519     98.948    -0.9113    -0.9154   2.692837   2.692521     1.9965     2.4201      7.991     0.7299     2.8720 1.0752e-01    -0.1215   103.0842     7.5651     7.8883    33.1325    33.1327    26.6368    26.6371    8.35034 0.0000e+00
      29522     98.904    -0.9108    -0.9152   2.692893   2.692529     1.9961     2.4201      7.991     0.7299     2.8720 1.0740e-01    -0.1219   103.0932     7.5589     7.8884    33.1327    33.1327    26.6369    26.6371    8.35020 0.0000e+00
      29525     98.863    -0.9091    -0.9152   2.693564   2.692523     1.9969     2.4213      7.991     0.7299     2.8720 1.0715e-01    -0.1215   103.0842     7.5614     7.8951    33.1400    33.1326    26.6428    26.6370    8.34941 0.0000e+00
      29528     98.828    -0.9023    -0.9152   2.694529   2.692528     1.9969     2.4213      7.991     0.7299     2.9510 1.0727e-01    -0.1219   103.0932     7.5608     7.8997    33.1456    33.1327    26.6471    26.6370    8.34755 0.0000e+00
      29531     98.796    -0.8970    -0.9154   2.694276   2.692515     1.9961     2.4213      7.991     0.7299     3.4247 1.0715e-01    -0.1219   103.0932     7.5559     7.9049    33.1364    33.1328    26.6394    26.6372    8.34688 0.0000e+00
      29546     98.722    -0.8797    -0.9096   2.695379   2.693006     1.9969     2.4221      7.991     0.7299     3.3458 1.0715e-01    -0.1219   103.0932     7.5534     7.9062    33.1323    33.1331    26.6355    26.6372    8.34320 0.0000e+00
      29575     98.595    -0.8382    -0.8908   2.699183   2.694908     1.9977     2.4237      7.992     0.7299     3.1089 1.0727e-01    -0.1215   103.0842     7.5492     7.9023    33.1382    33.1382    26.6388    26.6406    8.33349 0.0000e+00
      29578     98.572    -0.8327    -0.8809   2.700371   2.696196     1.9985     2.4237      7.991     0.7193     3.1089 1.0715e-01    -0.1215   103.0842     7.5531     7.9037    33.1482    33.1448    26.6467    26.6456    8.33167 0.0000e+00
      29581     98.547    -0.8193    -0.8580   2.701420   2.698152     1.9989     2.4241      7.990     0.7087     2.6746 1.0715e-01    -0.1215   103.0842     7.5534     7.9010    33.1477    33.1461    26.6457    26.6458    8.32867 0.0000e+00
      29584     98.518    -0.8156    -0.8282   2.700219   2.700427     1.9985     2.4245      7.990     0.7299     1.5692 1.0727e-01    -0.1215   103.0842     7.5530     7.9000    33.1275    33.1441    26.6292    26.6431    8.32901 0.0000e+00
      29587     98.482    -0.8178    -0.8099   2.699910   2.701570     1.9989     2.4249      7.990     0.7193     1.6481 1.0715e-01    -0.1222   103.1023     7.5492     7.8968    33.1257    33.1394    26.6279    26.6387    8.32960 0.0000e+00
      29590     98.442    -0.8211    -0.8061   2.700712   2.701605     1.9989     2.4241      7.993     0.7405     1.6876 1.0715e-01    -0.1215   103.0842     7.5530     7.8913    33.1402    33.1357    26.6397    26.6356    8.32951 0.0000e+00
      29593     98.395    -0.8150    -0.8024   2.700837   2.702112     1.9994     2.4245      7.993     0.7405     1.6876 1.0715e-01    -0.1215   103.0842     7.5538     7.8919    33.1352    33.1386    26.6354    26.6377    8.32842 0.0000e+00
      29596     98.343    -0.8118    -0.7952   2.702199   2.702735     1.9994     2.4249      7.990     0.7616     1.6876 1.0715e-01    -0.1215   103.0842     7.5530     7.8914    33.1501    33.1391    26.6474    26.6379    8.32685 0.0000e+00
      29599     98.286    -0.8009    -0.7893   2.703295   2.703239     1.9998     2.4258      7.995     0.7510     1.6876 1.0715e-01    -0.1215   103.0842     7.5492     7.8925    33.1530    33.1395    26.6494    26.6380    8.32423 0.0000e+00
      29602     98.223    -0.7904    -0.7858   2.703927   2.703426     1.9998     2.4262      7.995     0.7405     1.6876 1.0715e-01    -0.1215   103.0842     7.5407     7.8923    33.1501    33.1382    26.6466    26.6368    8.32205 0.0000e+00
      29605     98.156    -0.7824    -0.7801   2.704354   2.704055     2.0002     2.4258      7.995     0.7616     1.6876 1.0715e-01    -0.1215   103.0842     7.5404     7.8867    33.1471    33.1405    26.6439    26.6385    8.32042 0.0000e+00
      29608     98.082    -0.7755    -0.7731   2.704728   2.704622     1.9998     2.4262      7.995     0.7510     1.2139 1.0715e-01    -0.1215   103.0842     7.5348     7.8854    33.1445    33.1405    26.6415    26.6382    8.31900 0.0000e+00
      29611     98.001    -0.7712    -0.7672   2.704877   2.705040     1.9985     2.4258      7.995     0.7616     0.7796 1.0727e-01    -0.1205   103.0571     7.5280     7.8772    33.1418    33.1397    26.6392    26.6374    8.31818 0.0000e+00
      29614     97.913    -0.7677    -0.7632   2.705089   2.705305     2.0010     2.4262      7.995     0.7510     0.8586 1.0715e-01    -0.1205   103.0571     7.5367     7.8734    33.1410    33.1389    26.6384    26.6366    8.31745 0.0000e+00
      29617     97.822    -0.7646    -0.7602   2.705293   2.705559     1.9998     2.4262      7.995     0.7510     0.8191 1.0727e-01    -0.1205   103.0571     7.5277     7.8649    33.1404    33.1391    26.6378    26.6365    8.31679 0.0000e+00
      29620     97.726    -0.7621    -0.7575   2.705502   2.705658     2.0006     2.4262      7.995     0.6876     0.8191 1.0727e-01    -0.1205   103.0571     7.5308     7.8590    33.1405    33.1375    26.6378    26.6352    8.31622 0.0000e+00
      29623     97.624    -0.7595    -0.7592   2.705585   2.705403     1.9994     2.4266      7.995     0.6875     0.7401 1.0740e-01    -0.1205   103.0571     7.5259     7.8557    33.1388    33.1361    26.6363    26.6341    8.31573 0.0000e+00
      29626     97.519    -0.7580    -0.7611   2.705593   2.705371     1.9994     2.4266      7.995     0.6875     0.8191 1.0715e-01    -0.1205   103.0571     7.5257     7.8523    33.1373    33.1377    26.6351    26.6355    8.31547 0.0000e+00
      29629     97.414    -0.7563    -0.7556   2.706013   2.706200     2.0006     2.4266      7.995     0.6770     0.8586 1.0715e-01    -0.1201   103.0480     7.5298     7.8448    33.1412    33.1429    26.6381    26.6395    8.31487 0.0000e+00
      29632     97.306    -0.7514    -0.7417   2.706732   2.707298     1.9998     2.4262      7.995     0.6981     0.8586 1.0727e-01    -0.1205   103.0571     7.5259     7.8361    33.1456    33.1425    26.6415    26.6387    8.31352 0.0000e+00
      29635     97.197    -0.7455    -0.7336   2.706959   2.707275     2.0010     2.4249      7.995     0.6981     2.7930 1.0715e-01    -0.1215   103.0842     7.5276     7.8243    33.1423    33.1334    26.6386    26.6310    8.31240 0.0000e+00
      29638     97.085    -0.7408    -0.7356   2.707076   2.707307     1.9998     2.4253      7.997     0.7087     3.1089 1.0715e-01    -0.1215   103.0842     7.5167     7.8235    33.1387    33.1361    26.6355    26.6332    8.31153 0.0000e+00
      29641     96.971    -0.7346    -0.7160   2.708064   2.709386     1.9998     2.4253      7.995     0.6875     3.1089 1.0715e-01    -0.1215   103.0842     7.5187     7.8169    33.1453    33.1427    26.6407    26.6379    8.30977 0.0000e+00
      29644     96.861    -0.7228    -0.6856   2.709835   2.711732     2.0010     2.4253      7.998     0.6981     3.1089 1.0715e-01    -0.1215   103.0842     7.5224     7.8091    33.1562    33.1410    26.6490    26.6353    8.30648 0.0000e+00
      29647     96.755    -0.7011    -0.6591   2.712427   2.713452     2.0010     2.4249      7.995     0.7510     3.1089 1.0715e-01    -0.1212   103.0752     7.5156     7.8016    33.1675    33.1352    26.6573    26.6295    8.30099 0.0000e+00
      29650     96.653    -0.6781    -0.6451   2.713296   2.714099     1.9998     2.4241      7.995     0.7510     3.1089 1.0752e-01    -0.1212   103.0752     7.4999     7.7980    33.1540    33.1286    26.6455    26.6237    8.29661 0.0000e+00
      29653     96.554    -0.6632    -0.6386   2.713565   2.714358     2.0006     2.4237      7.995     0.7616     3.1089 1.0752e-01    -0.1219   103.0932     7.5010     7.7986    33.1413    33.1250    26.6347    26.6205    8.29399 0.0000e+00
      29656     96.458    -0.6538    -0.6359   2.714015   2.714501     1.9998     2.4237      7.997     0.7510     3.1089 1.0752e-01    -0.1219   103.0932     7.4978     7.8026    33.1371    33.1240    26.6309    26.6196    8.29212 0.0000e+00
      29659     96.371    -0.6466    -0.6364   2.714079   2.714318     2.0002     2.4237      7.998     0.7405     2.9115 1.0752e-01    -0.1215   103.0842     7.4982     7.8060    33.1302    33.1221    26.6250    26.6181    8.29092 0.0000e+00
      29662     96.287    -0.6424    -0.6372   2.714189   2.714326     2.0006     2.4237      7.995     0.7616     1.6481 1.0752e-01    -0.1215   103.0842     7.4986     7.8069    33.1271    33.1232    26.6224    26.6190    8.29015 0.0000e+00
      29665     96.212    -0.6401    -0.6368   2.714166   2.714210     2.0006     2.4237      7.997     0.7510     1.6876 1.0752e-01    -0.1215   103.0842     7.4976     7.8081    33.1243    33.1213    26.6200    26.6174    8.28979 0.0000e+00
      29668     96.144    -0.6392    -0.6387   2.714122   2.713894     2.0002     2.4237      7.995     0.7616     1.6876 1.0727e-01    -0.1215   103.0842     7.4941     7.8096    33.1227    33.1192    26.6187    26.6158    8.28968 0.0000e+00
      29671     96.078    -0.6390    -0.6405   2.714054   2.713753     2.0010     2.4237      7.995     0.7405     1.6876 1.0727e-01    -0.1215   103.0842     7.5013     7.8110    33.1216    33.1193    26.6178    26.6160    8.28969 0.0000e+00
      29674     96.019    -0.6388    -0.6416   2.713946   2.713616     1.9998     2.4237      7.997     0.7087     1.6876 1.0715e-01    -0.1215   103.0842     7.4976     7.8120    33.1201    33.1187    26.6165    26.6155    8.28974 0.0000e+00
      29677     95.965    -0.6388    -0.6423   2.713753   2.713608     2.0010     2.4237      8.000     0.7299     1.6876 1.0715e-01    -0.1215   103.0842     7.4999     7.8115    33.1174    33.1193    26.6144    26.6161    8.28988 0.0000e+00
