Datasets/AZMP/TEL210/tel210_2020_012.cnv
* Sea-Bird SBE 9 Data File:
* FileName = C:\CTDDATA\tel210_2020_012.hex
* Software Version Seasave V 7.26.7.110
* Temperature SN = 1697
* Conductivity SN = 4216
* Number of Bytes Per Scan = 30
* Number of Voltage Words = 4
* Number of Scans Averaged by the Deck Unit = 1
* NMEA baud rate = 4800
** VESSEL/TRIP/SEQ STN:  tel210_2020_012
** LATITUDE XX XX.XX: 47 00.00 N
** LONGITUDE XX XX.XX: 049 07.00 W
** SOUNDING DEPTH (M): 0082
** PROBE TYPE: S1146
** CTD NUMBER: 011
** COMMENTS (14 CHAR): FC-10
** BOTTLES:  7
** LEVELS: 5,10,20,30,40,50,BTM
** STICKERS: 435812 - 435818
** VNET: Y
** DO2: N
# nquan = 22
# nvalues = 1579                        
# units = specified
# name 0 = scan: Scan Count
# name 1 = prDM: Pressure, Digiquartz [db]
# name 2 = t090C: Temperature [ITS-90, deg C]
# name 3 = t190C: Temperature, 2 [ITS-90, deg C]
# name 4 = c0S/m: Conductivity [S/m]
# name 5 = c1S/m: Conductivity, 2 [S/m]
# name 6 = sbeox0V: Oxygen raw, SBE 43 [V]
# name 7 = sbeox1V: Oxygen raw, SBE 43, 2 [V]
# name 8 = ph: pH
# name 9 = flECO-AFL: Fluorescence, WET Labs ECO-AFL/FL [mg/m^3]
# name 10 = wetCDOM: Fluorescence, WET Labs CDOM [mg/m^3]
# name 11 = par/sat/log: PAR/Logarithmic, Satlantic [umol photons/m^2/sec]
# name 12 = CStarAt0: Beam Attenuation, WET Labs C-Star [1/m]
# name 13 = CStarTr0: Beam Transmission, WET Labs C-Star [%]
# name 14 = sbeox0ML/L: Oxygen, SBE 43 [ml/l], WS = 2
# name 15 = sbeox1ML/L: Oxygen, SBE 43, 2 [ml/l], WS = 2
# name 16 = sal00: Salinity, Practical [PSU]
# name 17 = sal11: Salinity, Practical, 2 [PSU]
# name 18 = sigma-t00: Density [sigma-t, kg/m^3 ]
# name 19 = sigma-t11: Density, 2 [sigma-t, kg/m^3 ]
# name 20 = oxsatML/L: Oxygen Saturation, Weiss [ml/l]
# name 21 = flag: flag
# span 0 =         70,      22736       
# span 1 =      2.938,     78.682       
# span 2 =     1.1548,    10.7496       
# span 3 =     1.1434,    10.7453       
# span 4 =   2.841129,   3.634207       
# span 5 =   2.840541,   3.633564       
# span 6 =     1.7248,     2.3946       
# span 7 =     2.0747,     2.9359       
# span 8 =      7.747,      8.136       
# span 9 =    -0.4087,     1.3618       
# span 10 =    -2.8130,   482.1870      
# span 11 = 1.0617e-01, 2.2111e-01      
# span 12 =    -0.0831,     0.0232      
# span 13 =    99.4217,   102.0985      
# span 14 =     5.7736,     7.8247      
# span 15 =     6.0409,     8.3552      
# span 16 =    32.4058,    32.8813      
# span 17 =    32.4549,    32.8755      
# span 18 =    24.8899,    26.3323      
# span 19 =    24.8956,    26.3274      
# span 20 =    6.31334,    7.91829      
# span 21 = 0.0000e+00, 0.0000e+00      
# interval = scans: 3                   
# start_time = Jul 16 2020 06:32:04 [System UTC, header]
# bad_flag = -9.990e-29
*END*
[from data line 922]
       6524     62.070     1.9185     1.8641   2.900787   2.897092     1.7683     2.1322      7.804    -0.2764   481.3579 1.0727e-01    -0.0738   101.8634     5.9150     6.2058    32.8337    32.8441    26.2423    26.2545    7.76529 0.0000e+00
       6527     61.991     1.9147     1.8614   2.900434   2.896789     1.7683     2.1330      7.804    -0.2866   481.3579 1.0715e-01    -0.0738   101.8634     5.9178     6.2106    32.8333    32.8431    26.2423    26.2539    7.76608 0.0000e+00
       6530     61.909     1.9105     1.8529   2.900269   2.896134     1.7683     2.1330      7.804    -0.2560   481.3579 1.0740e-01    -0.0738   101.8634     5.9198     6.2132    32.8357    32.8438    26.2444    26.2551    7.76679 0.0000e+00
       6533     61.820     1.8994     1.8544   2.899719   2.896102     1.7687     2.1342      7.806    -0.2356   481.3579 1.0752e-01    -0.0735   101.8544     5.9233     6.2167    32.8404    32.8419    26.2490    26.2535    7.76876 0.0000e+00
       6536     61.723     1.9077     1.8564   2.900490   2.896257     1.7695     2.1346      7.807    -0.2560   481.3579 1.0727e-01    -0.0735   101.8544     5.9245     6.2163    32.8414    32.8417    26.2493    26.2532    7.76705 0.0000e+00
       6539     61.621     1.9065     1.8547   2.900552   2.896298     1.7700     2.1346      7.807    -0.2458   363.1182 1.0752e-01    -0.0749   101.8905     5.9254     6.2186    32.8434    32.8441    26.2510    26.2553    7.76717 0.0000e+00
       6542     61.512     1.9275     1.8537   2.902708   2.896290     1.7700     2.1346      7.807    -0.2458    -2.2998 1.0740e-01    -0.0749   101.8905     5.9209     6.2197    32.8486    32.8451    26.2536    26.2561    7.76271 0.0000e+00
       6545     61.397     1.9389     1.8669   2.903085   2.897634     1.7712     2.1354      7.807    -0.2458     2.2008 1.0727e-01    -0.0749   101.8905     5.9268     6.2206    32.8416    32.8482    26.2471    26.2577    7.76080 0.0000e+00
       6548     61.276     1.9448     1.9088   2.903612   2.901252     1.7712     2.1367      7.807    -0.2560     2.9115 1.0715e-01    -0.0749   101.8905     5.9284     6.2172    32.8421    32.8500    26.2471    26.2561    7.75961 0.0000e+00
       6551     61.149     1.9507     1.9321   2.903985   2.902617     1.7720     2.1375      7.807    -0.2662     2.8720 1.0740e-01    -0.0749   101.8905     5.9355     6.2161    32.8407    32.8429    26.2456    26.2487    7.75851 0.0000e+00
       6554     61.022     1.9567     1.9335   2.904649   2.902478     1.7724     2.1379      7.812    -0.2458     2.8720 1.0740e-01    -0.0749   101.8905     5.9359     6.2180    32.8429    32.8398    26.2469    26.2461    7.75721 0.0000e+00
       6557     60.890     1.9717     1.9268   2.905811   2.901792     1.7724     2.1379      7.810    -0.2458     2.8720 1.0727e-01    -0.0749   101.8905     5.9342     6.2190    32.8418    32.8383    26.2449    26.2453    7.75426 0.0000e+00
       6560     60.756     1.9733     1.9317   2.905561   2.902829     1.7728     2.1387      7.812    -0.2356     2.8720 1.0727e-01    -0.0763   101.9267     5.9380     6.2217    32.8372    32.8463    26.2410    26.2514    7.75420 0.0000e+00
       6563     60.622     1.9604     1.9627   2.904624   2.905704     1.7728     2.1391      7.812    -0.2560     2.8720 1.0740e-01    -0.0770   101.9448     5.9437     6.2195    32.8390    32.8500    26.2434    26.2521    7.75668 0.0000e+00
       6566     60.485     1.9653     1.9927   2.905324   2.907427     1.7740     2.1391      7.812    -0.2560     4.9644 1.0727e-01    -0.0763   101.9267     5.9523     6.2153    32.8427    32.8404    26.2461    26.2422    7.75550 0.0000e+00
       6569     60.348     1.9897     1.9980   2.907285   2.907584     1.7744     2.1391      7.812    -0.2458     7.0173 1.0740e-01    -0.0763   101.9267     5.9521     6.2153    32.8419    32.8370    26.2436    26.2391    7.75069 0.0000e+00
       6572     60.211     1.9984     2.0023   2.907844   2.907904     1.7756     2.1403      7.814    -0.2356     6.8988 1.0740e-01    -0.0760   101.9176     5.9593     6.2217    32.8399    32.8366    26.2413    26.2385    7.74906 0.0000e+00
       6575     60.074     2.0066     1.9911   2.908472   2.907010     1.7756     2.1411      7.812    -0.2458     6.8988 1.0727e-01    -0.0760   101.9176     5.9598     6.2316    32.8393    32.8371    26.2403    26.2397    7.74746 0.0000e+00
       6578     59.939     1.9979     1.9895   2.907184   2.907030     1.7761     2.1415      7.817    -0.2458     6.8988 1.0740e-01    -0.0760   101.9176     5.9657     6.2373    32.8323    32.8391    26.2354    26.2414    7.74956 0.0000e+00
       6581     59.804     2.0094     1.9776   2.909095   2.906032     1.7773     2.1419      7.817    -0.2458     6.8988 1.0740e-01    -0.0760   101.9176     5.9707     6.2460    32.8443    32.8391    26.2441    26.2423    7.74665 0.0000e+00
       6584     59.673     2.0342     1.9968   2.910806   2.907748     1.7777     2.1428      7.817    -0.2662     6.8988 1.0740e-01    -0.0760   101.9176     5.9682     6.2504    32.8399    32.8406    26.2388    26.2421    7.74195 0.0000e+00
       6587     59.547     2.0550     2.0336   2.912652   2.911271     1.7789     2.1440      7.817    -0.2866     6.8988 1.0727e-01    -0.0760   101.9176     5.9698     6.2533    32.8415    32.8464    26.2384    26.2440    7.73774 0.0000e+00
       6590     59.425     2.0509     2.0497   2.910817   2.911565     1.7797     2.1444      7.817    -0.2764     6.8988 1.0740e-01    -0.0760   101.9176     5.9735     6.2555    32.8230    32.8335    26.2239    26.2325    7.73953 0.0000e+00
       6593     59.308     2.0083     2.0198   2.907550   2.909265     1.7797     2.1456      7.817    -0.2662   389.6876 1.0752e-01    -0.0760   101.9176     5.9819     6.2666    32.8265    32.8359    26.2299    26.2366    7.74780 0.0000e+00
       6596     59.199     2.0423     2.0126   2.912182   2.908802     1.7805     2.1464      7.818    -0.2764   481.9501 1.0715e-01    -0.0760   101.9176     5.9797     6.2715    32.8489    32.8377    26.2454    26.2385    7.73987 0.0000e+00
       6599     59.096     2.0692     2.0077   2.912124   2.908615     1.7810     2.1476      7.820    -0.2662   481.0421 1.0727e-01    -0.0788   101.9900     5.9805     6.2799    32.8205    32.8404    26.2206    26.2411    7.73604 0.0000e+00
       6602     59.000     2.0331     2.0024   2.909595   2.907897     1.7814     2.1476      7.821    -0.2764   481.3579 1.0752e-01    -0.0792   101.9990     5.9875     6.2835    32.8264    32.8370    26.2280    26.2388    7.74288 0.0000e+00
       6605     58.907     2.0259     1.9899   2.909103   2.906869     1.7822     2.1497      7.822    -0.2866   481.3579 1.0727e-01    -0.0792   101.9990     5.9939     6.2963    32.8278    32.8373    26.2296    26.2399    7.74423 0.0000e+00
       6608     58.825     2.0355     1.9782   2.910090   2.905987     1.7826     2.1501      7.823    -0.2458   481.3579 1.0727e-01    -0.0792   101.9990     5.9986     6.3003    32.8302    32.8384    26.2309    26.2417    7.74221 0.0000e+00
       6611     58.754     2.0765     2.0183   2.914369   2.909378     1.7838     2.1513      7.826    -0.2153   481.3579 1.0715e-01    -0.0792   101.9990     5.9998     6.2978    32.8410    32.8392    26.2365    26.2394    7.73351 0.0000e+00
       6614     58.687     2.1259     2.0143   2.918111   2.908386     1.7846     2.1513      7.826    -0.1950   481.3579 1.0727e-01    -0.0792   101.9990     5.9985     6.3010    32.8364    32.8310    26.2291    26.2331    7.72398 0.0000e+00
       6617     58.631     2.1387     2.0135   2.918664   2.908902     1.7850     2.1525      7.828    -0.2153   481.3579 1.0715e-01    -0.0795   102.0081     6.0027     6.3097    32.8301    32.8383    26.2231    26.2390    7.72179 0.0000e+00
       6620     58.581     2.1426     2.0306   2.919251   2.910154     1.7862     2.1538      7.831    -0.2255   481.3579 1.0740e-01    -0.0813   102.0533     6.0115     6.3169    32.8333    32.8362    26.2253    26.2360    7.72084 0.0000e+00
       6623     58.542     2.1680     2.0474   2.921554   2.911727     1.7866     2.1550      7.831    -0.2255   481.3579 1.0727e-01    -0.0817   102.0623     6.0128     6.3231    32.8357    32.8384    26.2253    26.2366    7.71571 0.0000e+00
       6626     58.513     2.1827     2.0596   2.922700   2.912529     1.7871     2.1558      7.831    -0.2356   481.3579 1.0740e-01    -0.0813   102.0533     6.0154     6.3303    32.8348    32.8357    26.2234    26.2335    7.71286 0.0000e+00
       6629     58.491     2.2117     2.0743   2.925119   2.913984     1.7895     2.1574      7.834    -0.2255   481.3579 1.0752e-01    -0.0813   102.0533     6.0260     6.3389    32.8347    32.8386    26.2212    26.2347    7.70714 0.0000e+00
       6664     58.400     2.3282     2.3084   2.933133   2.932068     1.8013     2.1741      7.851    -0.2458    -0.7996 1.0740e-01    -0.0824   102.0804     6.1000     6.4087    32.8138    32.8211    26.1954    26.2028    7.68537 0.0000e+00
       6667     58.370     2.3276     2.2965   2.933047   2.930694     1.8021     2.1761      7.851    -0.2458    -0.7996 1.0752e-01    -0.0824   102.0804     6.1074     6.4236    32.8133    32.8163    26.1951    26.1999    7.68550 0.0000e+00
       6670     58.333     2.3229     2.2968   2.932261   2.930347     1.8037     2.1786      7.854    -0.2560     0.3453 1.0727e-01    -0.0824   102.0804     6.1198     6.4380    32.8085    32.8117    26.1916    26.1963    7.68668 0.0000e+00
       6673     58.288     2.3341     2.2752   2.932280   2.929110     1.8054     2.1798      7.854    -0.2356     3.2273 1.0752e-01    -0.0820   102.0714     6.1262     6.4484    32.7972    32.8187    26.1818    26.2035    7.68507 0.0000e+00
       6676     58.236     2.3203     2.2432   2.931151   2.925684     1.8066     2.1810      7.854    -0.2560     3.1089 1.0740e-01    -0.0824   102.0804     6.1381     6.4634    32.7975    32.8094    26.1830    26.1985    7.68775 0.0000e+00
       6679     58.169     2.3053     2.2046   2.930725   2.923384     1.8078     2.1839      7.859    -0.2356     3.1089 1.0740e-01    -0.0813   102.0533     6.1485     6.4849    32.8077    32.8207    26.1923    26.2105    7.69016 0.0000e+00
       6682     58.091     2.2986     2.2138   2.931149   2.925740     1.8091     2.1851      7.859    -0.2458     3.1089 1.0740e-01    -0.0813   102.0533     6.1589     6.4898    32.8199    32.8405    26.2026    26.2257    7.69084 0.0000e+00
       6685     58.003     2.3116     2.2768   2.933182   2.930956     1.8111     2.1871      7.859    -0.2153     3.1089 1.0715e-01    -0.0813   102.0533     6.1676     6.4893    32.8317    32.8401    26.2111    26.2205    7.68769 0.0000e+00
       6688     57.905     2.3363     2.3187   2.935046   2.933770     1.8123     2.1892      7.859    -0.0322     3.1089 1.0740e-01    -0.0813   102.0533     6.1686     6.4944    32.8293    32.8317    26.2072    26.2105    7.68297 0.0000e+00
       6691     57.797     2.3531     2.3423   2.936090   2.935289     1.8139     2.1912      7.864    -0.0016     3.1089 1.0740e-01    -0.0813   102.0533     6.1747     6.5014    32.8250    32.8262    26.2024    26.2042    7.67992 0.0000e+00
       6694     57.678     2.3518     2.3560   2.935412   2.936127     1.8143     2.1941      7.864    -0.0118     3.1089 1.0740e-01    -0.0813   102.0533     6.1782     6.5131    32.8179    32.8225    26.1969    26.2002    7.68052 0.0000e+00
       6697     57.554     2.3266     2.3486   2.933337   2.934988     1.8164     2.1945      7.864    -0.0118     3.7405 1.0740e-01    -0.0813   102.0533     6.1962     6.5201    32.8184    32.8161    26.1993    26.1957    7.68544 0.0000e+00
       6700     57.420     2.3274     2.3212   2.933766   2.933746     1.8180     2.1973      7.864    -0.0016     4.2537 1.0727e-01    -0.0809   102.0443     6.2042     6.5382    32.8229    32.8290    26.2028    26.2082    7.68504 0.0000e+00
       6703     57.273     2.3335     2.3490   2.934512   2.936581     1.8192     2.1998      7.864    -0.0016     4.1748 1.0740e-01    -0.0813   102.0533     6.2108     6.5452    32.8260    32.8356    26.2048    26.2112    7.68370 0.0000e+00
       6706     57.121     2.3443     2.3679   2.935318   2.937144     1.8213     2.2018      7.869    -0.0016     4.2143 1.0715e-01    -0.0813   102.0533     6.2215     6.5548    32.8249    32.8231    26.2030    26.1998    7.68165 0.0000e+00
       6709     56.960     2.3612     2.3741   2.937102   2.937787     1.8221     2.2038      7.869    -0.0220     4.1748 1.0727e-01    -0.0813   102.0533     6.2271     6.5671    32.8296    32.8247    26.2055    26.2006    7.67809 0.0000e+00
       6712     56.791     2.3811     2.3884   2.938388   2.938826     1.8237     2.2071      7.868    -0.0118     4.2143 1.0715e-01    -0.0813   102.0533     6.2350     6.5803    32.8250    32.8229    26.2003    26.1980    7.67444 0.0000e+00
       6715     56.612     2.3979     2.4035   2.939972   2.940575     1.8253     2.2087      7.868    -0.0016     4.2143 1.0727e-01    -0.0813   102.0533     6.2449     6.5862    32.8274    32.8291    26.2008    26.2017    7.67104 0.0000e+00
       6718     56.424     2.4058     2.4354   2.940067   2.943000     1.8278     2.2108      7.868     0.0086     4.1748 1.0715e-01    -0.0806   102.0352     6.2609     6.5927    32.8205    32.8262    26.1947    26.1969    7.66985 0.0000e+00
       6721     56.233     2.4000     2.4470   2.940025   2.942811     1.8290     2.2128      7.873    -0.0220     4.1748 1.0727e-01    -0.0813   102.0533     6.2704     6.6013    32.8261    32.8120    26.1997    26.1847    7.67070 0.0000e+00
       6724     56.042     2.4319     2.4333   2.943179   2.942618     1.8298     2.2157      7.873     0.0086     3.5826 1.0740e-01    -0.0809   102.0443     6.2753     6.6160    32.8322    32.8238    26.2020    26.1952    7.66416 0.0000e+00
       6727     55.848     2.4638     2.4400   2.945161   2.942652     1.8323     2.2185      7.873    -0.0016     3.4642 1.0727e-01    -0.0806   102.0352     6.2875     6.6284    32.8239    32.8174    26.1928    26.1895    7.65837 0.0000e+00
       6730     55.654     2.4729     2.4341   2.946421   2.942422     1.8347     2.2213      7.873    -0.0118     3.4642 1.0740e-01    -0.0802   102.0262     6.3019     6.6421    32.8301    32.8209    26.1971    26.1927    7.65627 0.0000e+00
       6733     55.454     2.5109     2.4498   2.948992   2.943901     1.8363     2.2242      7.873    -0.0118     3.4642 1.0740e-01    -0.0813   102.0533     6.3069     6.6494    32.8228    32.8230    26.1882    26.1933    7.64927 0.0000e+00
       6736     55.254     2.5290     2.4692   2.950311   2.945765     1.8379     2.2262      7.875    -0.0016     3.4642 1.0740e-01    -0.0813   102.0533     6.3137     6.6537    32.8205    32.8261    26.1849    26.1942    7.64587 0.0000e+00
       6739     55.051     2.5403     2.5128   2.951086   2.949406     1.8408     2.2283      7.878     0.0594     3.4642 1.0715e-01    -0.0788   101.9900     6.3268     6.6538    32.8185    32.8262    26.1823    26.1907    7.64378 0.0000e+00
       6742     54.851     2.5458     2.5293   2.951051   2.949750     1.8416     2.2315      7.878     0.1205     3.4642 1.0752e-01    -0.0774   101.9538     6.3317     6.6606    32.8126    32.8136    26.1772    26.1793    7.64303 0.0000e+00
       6745     54.662     2.5425     2.5251   2.950991   2.949566     1.8445     2.2332      7.881     0.1205     3.4642 1.0727e-01    -0.0770   101.9448     6.3502     6.6645    32.8153    32.8156    26.1796    26.1813    7.64351 0.0000e+00
       6748     54.474     2.5560     2.5320   2.952476   2.950298     1.8469     2.2368      7.882     0.1307     3.1484 1.0727e-01    -0.0770   101.9448     6.3591     6.6744    32.8198    32.8177    26.1821    26.1824    7.64067 0.0000e+00
