Datasets/AZMP/TEL210/tel210_2020_013.cnv
* Sea-Bird SBE 9 Data File:
* FileName = C:\CTDDATA\tel210_2020_013.hex
* Software Version Seasave V 7.26.7.110
* Temperature SN = 1697
* Conductivity SN = 4216
* Number of Bytes Per Scan = 30
* Number of Voltage Words = 4
* Number of Scans Averaged by the Deck Unit = 1
* NMEA baud rate = 4800
** VESSEL/TRIP/SEQ STN:  tel210_2020_013
** LATITUDE XX XX.XX: 47 00.00 N
** LONGITUDE XX XX.XX: 048 37.00 W
** SOUNDING DEPTH (M): 0102
** PROBE TYPE: S1146
** CTD NUMBER: 012
** COMMENTS (14 CHAR): FC-11
** BOTTLES:  0
** LEVELS:
** STICKERS:
** VNET: N
** DO2: N
# nquan = 22
# nvalues = 1706                        
# units = specified
# name 0 = scan: Scan Count
# name 1 = prDM: Pressure, Digiquartz [db]
# name 2 = t090C: Temperature [ITS-90, deg C]
# name 3 = t190C: Temperature, 2 [ITS-90, deg C]
# name 4 = c0S/m: Conductivity [S/m]
# name 5 = c1S/m: Conductivity, 2 [S/m]
# name 6 = sbeox0V: Oxygen raw, SBE 43 [V]
# name 7 = sbeox1V: Oxygen raw, SBE 43, 2 [V]
# name 8 = ph: pH
# name 9 = flECO-AFL: Fluorescence, WET Labs ECO-AFL/FL [mg/m^3]
# name 10 = wetCDOM: Fluorescence, WET Labs CDOM [mg/m^3]
# name 11 = par/sat/log: PAR/Logarithmic, Satlantic [umol photons/m^2/sec]
# name 12 = CStarAt0: Beam Attenuation, WET Labs C-Star [1/m]
# name 13 = CStarTr0: Beam Transmission, WET Labs C-Star [%]
# name 14 = sbeox0ML/L: Oxygen, SBE 43 [ml/l], WS = 2
# name 15 = sbeox1ML/L: Oxygen, SBE 43, 2 [ml/l], WS = 2
# name 16 = sal00: Salinity, Practical [PSU]
# name 17 = sal11: Salinity, Practical, 2 [PSU]
# name 18 = sigma-t00: Density [sigma-t, kg/m^3 ]
# name 19 = sigma-t11: Density, 2 [sigma-t, kg/m^3 ]
# name 20 = oxsatML/L: Oxygen Saturation, Weiss [ml/l]
# name 21 = flag: flag
# span 0 =         31,       8441       
# span 1 =      1.605,     98.509       
# span 2 =    -0.3967,    10.2900       
# span 3 =    -0.4016,    10.2859       
# span 4 =   2.723487,   3.573581       
# span 5 =   2.723051,   3.572998       
# span 6 =     1.7943,     2.3953       
# span 7 =     2.1696,     2.9139       
# span 8 =      7.752,      8.142       
# span 9 =    -0.5308,     2.0435       
# span 10 =    -2.8130,   482.1870      
# span 11 = 1.0715e-01, 1.5579e+02      
# span 12 =    -0.1194,     0.0116      
# span 13 =    99.7111,   103.0299      
# span 14 =     6.3309,     8.1805      
# span 15 =     6.2612,     8.7218      
# span 16 =    32.2311,    32.9855      
# span 17 =    32.2350,    32.9843      
# span 18 =    24.8163,    26.4979      
# span 19 =    24.8221,    26.4971      
# span 20 =    6.38500,    8.24351      
# span 21 = 0.0000e+00, 0.0000e+00      
# interval = scans: 3                   
# start_time = Jul 16 2020 09:47:56 [System UTC, header]
# bad_flag = -9.990e-29
*END*
[from data line 1515]
       7596     25.336     5.9142     5.9020   3.212730   3.211230     2.3408     2.8520      8.047    -0.0729    -0.5627 1.5927e+01    -0.0735   101.8544     7.6541     7.9906    32.5502    32.5450    25.6276    25.6250    7.04782 0.0000e+00
       7599     25.145     5.9389     5.8812   3.214967   3.209146     2.3412     2.8536      8.049    -0.0729    -0.5627 1.6168e+01    -0.0731   101.8453     7.6437     8.0024    32.5515    32.5418    25.6257    25.6249    7.04361 0.0000e+00
       7602     24.957     5.9759     5.9033   3.218112   3.213246     2.3428     2.8553      8.047    -0.0525    -0.5627 1.6394e+01    -0.0735   101.8544     7.6332     8.0009    32.5513    32.5666    25.6210    25.6419    7.03742 0.0000e+00
       7605     24.774     6.0209     5.9737   3.222630   3.218234     2.3444     2.8565      8.047    -0.0627    -0.5627 1.6642e+01    -0.0692   101.7458     7.6181     7.9877    32.5587    32.5548    25.6214    25.6241    7.02956 0.0000e+00
       7608     24.606     6.0909     6.0097   3.228916   3.220705     2.3440     2.8557      8.047     0.0391    -0.5627 1.6934e+01    -0.0653   101.6463     7.5886     7.9728    32.5618    32.5480    25.6152    25.6143    7.01773 0.0000e+00
       7611     24.445     6.1603     5.9761   3.234044   3.216955     2.3436     2.8565      8.046     0.0289    -0.5627 1.7210e+01    -0.0653   101.6463     7.5602     7.9748    32.5526    32.5384    25.5994    25.6108    7.00661 0.0000e+00
       7614     24.294     6.1836     5.9886   3.233729   3.218670     2.3444     2.8581      8.048     0.0391    -0.5627 1.7470e+01    -0.0653   101.6463     7.5453     7.9668    32.5268    32.5456    25.5761    25.6150    7.00393 0.0000e+00
       7617     24.149     6.1133     5.9619   3.230773   3.216469     2.3444     2.8577      8.047     0.0391    -0.8785 1.7755e+01    -0.0653   101.6463     7.5418     7.9596    32.5613    32.5467    25.6120    25.6191    7.01404 0.0000e+00
       7620     24.014     6.0987     5.9229   3.225527   3.211926     2.3448     2.8585      8.050     0.0492    -0.9180 1.8004e+01    -0.0657   101.6554     7.5347     7.9588    32.5168    32.5333    25.5786    25.6132    7.01852 0.0000e+00
       7623     23.894     6.0343     5.8917   3.222820   3.209962     2.3444     2.8593      8.047     0.0289    -0.9180 1.8234e+01    -0.0649   101.6373     7.5319     7.9566    32.5484    32.5415    25.6116    25.6234    7.02779 0.0000e+00
       7626     23.784     6.0262     5.8873   3.220846   3.210452     2.3440     2.8597      8.047     0.0391    -0.9180 1.8488e+01    -0.0486   101.2213     7.5233     7.9497    32.5341    32.5512    25.6013    25.6317    7.02980 0.0000e+00
       7629     23.690     6.1634     5.9174   3.231077   3.213911     2.3436     2.8597      8.046     0.0289    -0.9180 1.8682e+01    -0.0435   101.0947     7.4913     7.9370    32.5169    32.5611    25.5708    25.6358    7.00773 0.0000e+00
       7632     23.613     6.2761     6.0016   3.244516   3.221037     2.3428     2.8597      8.046     0.0391    -0.9180 1.8877e+01    -0.0439   101.1038     7.4628     7.9151    32.5586    32.5600    25.5896    25.6247    6.98715 0.0000e+00
       7635     23.553     6.3731     6.0969   3.251613   3.227868     2.3424     2.8597      8.045     0.0391    -0.9180 1.9031e+01    -0.0443   101.1128     7.4390     7.8894    32.5447    32.5449    25.5664    25.6011    6.97177 0.0000e+00
       7638     23.505     6.4274     6.2453   3.255771   3.241033     2.3420     2.8593      8.045     0.0187    -0.9180 1.9208e+01    -0.0439   101.1038     7.4247     7.8522    32.5389    32.5495    25.5550    25.5863    6.96310 0.0000e+00
       7688     23.448     6.5788     6.5477   3.267679   3.265598     2.3721     2.8931      8.045     0.1408     1.2139 1.8709e+01    -0.0389   100.9772     7.7102     7.9914    32.5263    32.5329    25.5258    25.5349    6.93891 0.0000e+00
       7715     23.332     6.6612     6.7642   3.274406   3.285857     2.3904     2.9122      8.046     0.1815     2.2798 1.8467e+01    -0.0364   100.9139     7.8200     8.0148    32.5221    32.5502    25.5118    25.5206    6.92564 0.0000e+00
       7718     23.200     6.8507     7.0407   3.292870   3.307723     2.3933     2.9131      8.044     0.1815     2.3193 1.8617e+01    -0.0364   100.9139     7.7351     7.9183    32.5452    32.5277    25.5052    25.4662    6.89392 0.0000e+00
       7721     23.059     7.0715     7.2401   3.309766   3.321315     2.3949     2.9139      8.043     0.1815   284.5549 1.8747e+01    -0.0364   100.9139     7.6385     7.8433    32.5210    32.4878    25.4568    25.4079    6.85952 0.0000e+00
       7724     22.904     7.2469     7.3758   3.323114   3.333403     2.3953     2.9131      8.044     0.1917   482.1870 1.8943e+01    -0.0364   100.9139     7.5491     7.7744    32.5010    32.4912    25.4173    25.3920    6.83247 0.0000e+00
       7727     22.738     7.3757     7.5180   3.332435   3.344061     2.3937     2.9118      8.042     0.1917   480.8447 1.9141e+01    -0.0263   100.6606     7.4642     7.7042    32.4810    32.4731    25.3840    25.3581    6.81294 0.0000e+00
       7730     22.568     7.4158     7.5786   3.333462   3.347724     2.3921     2.9086      8.042     0.1917   481.0421 1.9386e+01    -0.0235   100.5883     7.3995     7.6437    32.4546    32.4560    25.3577    25.3362    6.80778 0.0000e+00
       7733     22.390     7.4114     7.5973   3.334120   3.348974     2.3900     2.9049      8.042     0.1713   481.0421 1.9589e+01    -0.0235   100.5883     7.3489     7.5934    32.4659    32.4520    25.3672    25.3305    6.80797 0.0000e+00
       7736     22.208     7.5634     7.6700   3.350289   3.358327     2.3888     2.9021      8.041     0.1815   481.0026 1.9817e+01    -0.0238   100.5973     7.2821     7.5406    32.4980    32.4847    25.3713    25.3459    6.78268 0.0000e+00
       7739     22.022     7.5974     7.8915   3.345467   3.376592     2.3847     2.8976      8.041     0.2120   481.1211 2.0024e+01    -0.0235   100.5883     7.2356     7.4683    32.4144    32.4740    25.3009    25.3061    6.78101 0.0000e+00
       7742     21.833     7.5434     8.0130   3.351143   3.389908     2.3819     2.8948      8.041     0.2018   481.0816 2.0210e+01    -0.0235   100.5883     7.2084     7.4240    32.5259    32.5028    25.3959    25.3111    6.78463 0.0000e+00
       7745     21.635     8.1353     8.4017   3.413282   3.424256     2.3786     2.8915      8.039     0.2222   481.0816 2.0374e+01    -0.0231   100.5792     7.0802     7.3422    32.6374    32.5068    25.3987    25.2573    6.68828 0.0000e+00
       7748     21.430     8.6513     8.8567   3.444394   3.460398     2.3762     2.8878      8.037     0.2222   481.0816 2.0659e+01    -0.0144   100.3622     6.9877     7.2569    32.4885    32.4675    25.2055    25.1577    6.61640 0.0000e+00
       7751     21.225     8.8563     8.7325   3.459037   3.427273     2.3729     2.8842      8.036     0.2120   481.0816 2.0899e+01    -0.0148   100.3713     6.9401     7.2770    32.4535    32.2350    25.1468    24.9944    6.58729 0.0000e+00
       7754     21.018     9.2107     8.3481   3.494081   3.419284     2.3697     2.8797      8.033     0.2120   481.1211 2.1166e+01    -0.0148   100.3713     6.8691     7.3145    32.4938    32.5036    25.1231    25.2626    6.53333 0.0000e+00
       7757     20.812     9.3389     8.8570   3.498081   3.456108     2.3689     2.8768      8.030     0.2222   481.1211 2.1462e+01    -0.0144   100.3622     6.8485     7.2285    32.4185    32.4226    25.0440    25.1225    6.51772 0.0000e+00
       7760     20.609     9.5641     8.9768   3.519038   3.472673     2.3660     2.8732      8.029     0.2018   481.1211 2.1787e+01    -0.0148   100.3713     6.8020     7.1980    32.4298    32.4854    25.0168    25.1531    6.48458 0.0000e+00
       7763     20.414     9.7572     9.3794   3.531725   3.504416     2.3631     2.8711      8.028     0.2324   481.0816 2.2118e+01    -0.0148   100.3713     6.7635     7.1327    32.3854    32.4472    24.9508    25.0600    6.45861 0.0000e+00
       7766     20.224     9.7503     9.4595   3.529271   3.504731     2.3607     2.8687      8.028     0.2833   481.1211 2.2400e+01    -0.0177   100.4436     6.7529     7.1166    32.3667    32.3779    24.9374    24.9931    6.46038 0.0000e+00
       7769     20.038     9.6400     9.3068   3.521555   3.490474     2.3583     2.8658      8.027     0.2934   481.1211 2.2687e+01    -0.0274   100.6878     6.7550     7.1324    32.3873    32.3697    24.9714    25.0109    6.47538 0.0000e+00
       7772     19.861     9.8165     9.3053   3.538276   3.492883     2.3542     2.8630      8.025     0.2934   407.7296 2.2977e+01    -0.0267   100.6697     6.7095     7.1224    32.3990    32.3959    24.9518    25.0317    6.44957 0.0000e+00
       7775     19.691     9.8895     9.3000   3.542595   3.490972     2.3522     2.8589      8.025     0.2833     9.6229 2.3244e+01    -0.0267   100.6697     6.6885     7.1100    32.3774    32.3811    24.9229    25.0209    6.44004 0.0000e+00
       7778     19.528     9.7708     9.2940   3.522420   3.490324     2.3493     2.8557      8.024     0.2833     5.9118 2.3542e+01    -0.0267   100.6697     6.6936     7.0975    32.2787    32.3799    24.8653    25.0210    6.46106 0.0000e+00
       7781     19.377     9.5539     9.2458   3.503412   3.483238     2.3457     2.8524      8.024     0.2731     6.7015 2.3816e+01    -0.0274   100.6878     6.7078     7.0919    32.2797    32.3506    24.9012    25.0057    6.49226 0.0000e+00
       7784     19.240     9.7862     9.1722   3.533731   3.474604     2.3420     2.8500      8.022     0.2833     6.6620 2.4065e+01    -0.0267   100.6697     6.6555     7.0920    32.3801    32.3283    24.9420    24.9998    6.45468 0.0000e+00
       7787     19.119     9.8843     9.2207   3.538757   3.486066     2.3391     2.8463      8.022     0.2833     6.6620 2.4373e+01    -0.0296   100.7420     6.6314     7.0638    32.3433    32.4026    24.8972    25.0503    6.44217 0.0000e+00
       7790     19.009     9.6595     9.3190   3.521343   3.493962     2.3355     2.8426      8.022     0.2019     6.6620 2.4600e+01    -0.0321   100.8053     6.6493     7.0344    32.3681    32.3949    24.9532    25.0287    6.47337 0.0000e+00
       7793     18.908     9.5273     9.3977   3.507792   3.501158     2.3322     2.8390      8.023     0.1815     6.6620 2.4886e+01    -0.0321   100.8053     6.6598     7.0089    32.3486    32.3977    24.9592    25.0184    6.49328 0.0000e+00
       7796     18.819     9.4233     9.5092   3.506332   3.510456     2.3294     2.8353      8.023     0.1917     6.6620 2.5175e+01    -0.0321   100.8053     6.6641     6.9785    32.4277    32.3923    25.0377    24.9964    6.50508 0.0000e+00
       7799     18.741     9.8200     9.5354   3.541152   3.511492     2.3261     2.8317      8.020     0.1815   198.7670 2.5438e+01    -0.0321   100.8053     6.5989     6.9630    32.4255    32.3794    24.9719    24.9820    6.44799 0.0000e+00
       7802     18.673    10.0224     9.4833   3.557278   3.508067     2.3233     2.8276      8.020     0.1917   482.1870 2.5674e+01    -0.0321   100.8053     6.5672     6.9560    32.4074    32.3913    24.9244    24.9997    6.41990 0.0000e+00
       7805     18.616    10.1325     9.6529   3.564728   3.521818     2.3208     2.8243      8.018     0.1917   481.0421 2.5883e+01    -0.0321   100.8053     6.5502     6.9191    32.3842    32.3790    24.8880    24.9628    6.40527 0.0000e+00
       7808     18.569    10.1770     9.7101   3.567486   3.527215     2.3176     2.8203      8.017     0.1917   481.1211 2.6154e+01    -0.0335   100.8415     6.5389     6.8983    32.3723    32.3827    24.8712    24.9564    6.39947 0.0000e+00
       7811     18.533    10.2088     9.7478   3.570414   3.530959     2.3147     2.8166      8.017     0.1917   481.1211 2.6397e+01    -0.0342   100.8596     6.5303     6.8831    32.3734    32.3869    24.8668    24.9535    6.39495 0.0000e+00
       7833     18.508    10.2244    10.0384   3.570813   3.555795     2.3021     2.7979      8.017     0.1612   320.5598 2.6160e+01    -0.0342   100.8596     6.5306     6.8335    32.3635    32.3781    24.8564    24.8988    6.39315 0.0000e+00
       7873     18.461    10.2295    10.2161   3.570190   3.568288     2.2813     2.7657      8.017     0.1307    -0.5627 2.5379e+01    -0.0342   100.8596     6.5416     6.8091    32.3527    32.3455    24.8471    24.8438    6.39287 0.0000e+00
       7876     18.393    10.2261    10.1397   3.569412   3.562489     2.2797     2.7641      8.017     0.1408    -0.4837 2.5556e+01    -0.0342   100.8596     6.5395     6.8187    32.3479    32.3553    24.8440    24.8642    6.39354 0.0000e+00
       7879     18.306    10.2186    10.1272   3.569864   3.562305     2.2797     2.7629      8.017     0.1103     6.1487 2.5674e+01    -0.0342   100.8596     6.5429     6.8197    32.3592    32.3646    24.8541    24.8736    6.39415 0.0000e+00
       7882     18.207    10.2295    10.1422   3.571151   3.564127     2.2793     2.7620      8.019     0.1205     6.9383 2.5823e+01    -0.0342   100.8596     6.5424     6.8171    32.3624    32.3696    24.8548    24.8750    6.39247 0.0000e+00
       7885     18.094    10.2409    10.1628   3.571828   3.565241     2.2777     2.7608      8.017     0.1205     6.8988 2.5973e+01    -0.0342   100.8596     6.5357     6.8119    32.3592    32.3626    24.8503    24.8660    6.39101 0.0000e+00
       7888     17.966    10.2348    10.1588   3.570773   3.564605     2.2773     2.7604      8.019     0.1205     6.8988 2.6184e+01    -0.0332   100.8325     6.5371     6.8128    32.3541    32.3598    24.8474    24.8645    6.39207 0.0000e+00
       7891     17.825    10.1988    10.1396   3.566474   3.562447     2.2773     2.7592      8.017     0.1103     6.8988 2.6427e+01    -0.0332   100.8325     6.5445     6.8146    32.3429    32.3552    24.8446    24.8641    6.39759 0.0000e+00
       7894     17.673    10.1376    10.1119   3.561869   3.560214     2.2773     2.7584      8.018     0.1205     6.8988 2.6735e+01    -0.0332   100.8325     6.5526     6.8180    32.3512    32.3574    24.8613    24.8705    6.40589 0.0000e+00
       7897     17.507    10.1304    10.1239   3.562324   3.562966     2.2760     2.7572      8.018     0.1001     6.8988 2.7108e+01    -0.0332   100.8325     6.5480     6.8130    32.3623    32.3746    24.8712    24.8819    6.40645 0.0000e+00
       7900     17.330    10.1293    10.1804   3.561490   3.567391     2.2752     2.7563      8.018     0.0797     6.8988 2.7487e+01    -0.0332   100.8325     6.5463     6.8043    32.3549    32.3688    24.8657    24.8679    6.40691 0.0000e+00
       7903     17.146    10.1208    10.1802   3.561628   3.565835     2.2752     2.7559      8.018     0.0899    90.0022 2.7839e+01    -0.0332   100.8325     6.5476     6.8050    32.3639    32.3533    24.8741    24.8559    6.40774 0.0000e+00
       7906     16.956    10.1570    10.1756   3.564717   3.566783     2.2744     2.7547      8.021     0.0797   476.1467 2.8195e+01    -0.0328   100.8234     6.5404     6.8028    32.3629    32.3671    24.8673    24.8674    6.40268 0.0000e+00
       7909     16.762    10.1674    10.1968   3.565687   3.567937     2.2736     2.7535      8.017     0.1001   481.3580 2.8622e+01    -0.0342   100.8596     6.5373     6.7977    32.3635    32.3599    24.8660    24.8583    6.40118 0.0000e+00
       7912     16.562    10.2038    10.1981   3.568541   3.567569     2.2736     2.7535      8.019     0.0899   481.0816 2.8921e+01    -0.0349   100.8777     6.5317     6.7991    32.3598    32.3551    24.8570    24.8543    6.39620 0.0000e+00
       7915     16.352    10.2170    10.1714   3.569315   3.564129     2.2728     2.7531      8.020     0.0797   481.1211 2.9291e+01    -0.0346   100.8686     6.5282     6.8047    32.3559    32.3444    24.8518    24.8504    6.39450 0.0000e+00
