Datasets/AZMP/TEL210/tel210_2020_087.cnv
* Sea-Bird SBE 9 Data File:
* FileName = C:\CTDDATA\tel210_2020_087.hex
* Software Version Seasave V 7.26.7.110
* Temperature SN = 1697
* Conductivity SN = 4216
* Number of Bytes Per Scan = 30
* Number of Voltage Words = 4
* Number of Scans Averaged by the Deck Unit = 1
* NMEA baud rate = 4800
** VESSEL/TRIP/SEQ STN:  tel210_2020_087
** LATITUDE XX XX.XX: 53 45.40 N
** LONGITUDE XX XX.XX: 054 46.60 W
** SOUNDING DEPTH (M): 0164
** PROBE TYPE: S1146
** CTD NUMBER: 057
** COMMENTS (14 CHAR): SI-06
** BOTTLES:  9
** LEVELS: 5,10,20,30,40,50,75,100,BTM
** STICKERS: 436151 - 436159
** VNET: Y
** DO2: N
# nquan = 22
# nvalues = 3854                        
# units = specified
# name 0 = scan: Scan Count
# name 1 = prDM: Pressure, Digiquartz [db]
# name 2 = t090C: Temperature [ITS-90, deg C]
# name 3 = t190C: Temperature, 2 [ITS-90, deg C]
# name 4 = c0S/m: Conductivity [S/m]
# name 5 = c1S/m: Conductivity, 2 [S/m]
# name 6 = sbeox0V: Oxygen raw, SBE 43 [V]
# name 7 = sbeox1V: Oxygen raw, SBE 43, 2 [V]
# name 8 = ph: pH
# name 9 = flECO-AFL: Fluorescence, WET Labs ECO-AFL/FL [mg/m^3]
# name 10 = wetCDOM: Fluorescence, WET Labs CDOM [mg/m^3]
# name 11 = par/sat/log: PAR/Logarithmic, Satlantic [umol photons/m^2/sec]
# name 12 = CStarAt0: Beam Attenuation, WET Labs C-Star [1/m]
# name 13 = CStarTr0: Beam Transmission, WET Labs C-Star [%]
# name 14 = sbeox0ML/L: Oxygen, SBE 43 [ml/l], WS = 2
# name 15 = sbeox1ML/L: Oxygen, SBE 43, 2 [ml/l], WS = 2
# name 16 = sal00: Salinity, Practical [PSU]
# name 17 = sal11: Salinity, Practical, 2 [PSU]
# name 18 = sigma-t00: Density [sigma-t, kg/m^3 ]
# name 19 = sigma-t11: Density, 2 [sigma-t, kg/m^3 ]
# name 20 = oxsatML/L: Oxygen Saturation, Weiss [ml/l]
# name 21 = flag: flag
# span 0 =         11,      29819       
# span 1 =      2.162,    165.288       
# span 2 =    -0.3985,    10.2397       
# span 3 =    -0.4042,    10.2353       
# span 4 =   2.742066,   3.537744       
# span 5 =   2.741500,   3.537243       
# span 6 =     1.8836,     2.5951       
# span 7 =     2.2625,     3.1646       
# span 8 =      7.930,      8.290       
# span 9 =     0.6664,     7.0156       
# span 10 =    -2.8130,   482.1870      
# span 11 = 1.0617e-01, 5.4252e-01      
# span 12 =    -0.1415,     1.0204      
# span 13 =    77.4831,   103.5997      
# span 14 =     6.3671,     9.6275      
# span 15 =     6.6091,    10.1435      
# span 16 =    31.9062,    34.2525      
# span 17 =    31.8272,    34.2603      
# span 18 =    24.5872,    27.3649      
# span 19 =    24.5858,    27.3839      
# span 20 =    6.40484,    8.22673      
# span 21 = 0.0000e+00, 0.0000e+00      
# interval = scans: 3                   
# start_time = Jul 25 2020 06:03:45 [System UTC, header]
# bad_flag = -9.990e-29
*END*
[from data line 1778]
       8161    153.750     2.0719     2.0673   3.030347   3.029636     1.8914     2.2727      7.942     0.7934   481.3579 1.0727e-01    -0.0664   101.6735     6.4294     6.6786    34.2393    34.2353    27.3565    27.3537    7.66199 0.0000e+00
       8164    153.678     2.0723     2.0655   3.030254   3.029463     1.8922     2.2727      7.945     0.8040   481.3579 1.0727e-01    -0.0664   101.6735     6.4302     6.6765    34.2377    34.2352    27.3553    27.3538    7.66199 0.0000e+00
       8167    153.606     2.0701     2.0652   3.029941   3.029566     1.8914     2.2723      7.945     0.7828   481.3579 1.0740e-01    -0.0664   101.6735     6.4267     6.6727    34.2363    34.2368    27.3543    27.3551    7.66251 0.0000e+00
       8170    153.540     2.0701     2.0679   3.029979   3.029877     1.8930     2.2739      7.945     0.8040   481.3579 1.0727e-01    -0.0653   101.6463     6.4343     6.6771    34.2368    34.2378    27.3547    27.3557    7.66248 0.0000e+00
       8173    153.476     2.0698     2.0717   3.029907   3.030329     1.8926     2.2739      7.945     0.7828   481.3579 1.0740e-01    -0.0653   101.6463     6.4357     6.6728    34.2362    34.2394    27.3543    27.3566    7.66257 0.0000e+00
       8176    153.411     2.0676     2.0757   3.029608   3.030562     1.8922     2.2735      7.943     0.7722   481.3579 1.0727e-01    -0.0653   101.6463     6.4300     6.6702    34.2349    34.2381    27.3534    27.3553    7.66306 0.0000e+00
       8179    153.347     2.0668     2.0752   3.029493   3.030583     1.8934     2.2744      7.945     0.7510   481.3579 1.0740e-01    -0.0653   101.6463     6.4304     6.6708    34.2343    34.2390    27.3530    27.3560    7.66324 0.0000e+00
       8182    153.284     2.0647     2.0759   3.029138   3.030760     1.8926     2.2748      7.945     0.7616   237.9302 1.0740e-01    -0.0653   101.6463     6.4237     6.6713    34.2322    34.2404    27.3514    27.3571    7.66376 0.0000e+00
       8185    153.228     2.0648     2.0762   3.029356   3.030841     1.8926     2.2744      7.946     0.7510    -2.8130 1.0727e-01    -0.0653   101.6463     6.4206     6.6683    34.2349    34.2411    27.3536    27.3577    7.66362 0.0000e+00
       8188    153.172     2.0679     2.0780   3.029687   3.031018     1.8922     2.2735      7.946     0.7510    -1.4707 1.0727e-01    -0.0664   101.6734     6.4156     6.6645    34.2357    34.2415    27.3540    27.3578    7.66296 0.0000e+00
       8191    153.118     2.0715     2.0793   3.030355   3.031047     1.8926     2.2739      7.946     0.7510    -0.9180 1.0740e-01    -0.0689   101.7368     6.4145     6.6653    34.2402    34.2404    27.3573    27.3569    7.66203 0.0000e+00
       8194    153.069     2.0671     2.0792   3.029484   3.031006     1.8930     2.2731      7.946     0.7722    -0.9180 1.0740e-01    -0.0685   101.7277     6.4165     6.6605    34.2341    34.2400    27.3527    27.3565    7.66320 0.0000e+00
       8197    153.020     2.0576     2.0795   3.028665   3.031023     1.8934     2.2739      7.946     0.7722    -0.9180 1.0727e-01    -0.0685   101.7277     6.4220     6.6653    34.2341    34.2400    27.3535    27.3565    7.66505 0.0000e+00
       8200    152.974     2.0601     2.0788   3.029161   3.030957     1.8926     2.2748      7.946     0.7722    -0.9180 1.0715e-01    -0.0692   101.7458     6.4191     6.6670    34.2376    34.2399    27.3561    27.3565    7.66438 0.0000e+00
       8203    152.931     2.0624     2.0791   3.029235   3.031040     1.8922     2.2731      7.946     0.7510    -0.9180 1.0715e-01    -0.0685   101.7277     6.4190     6.6604    34.2361    34.2407    27.3548    27.3571    7.66401 0.0000e+00
       8206    152.886     2.0570     2.0794   3.028559   3.031074     1.8926     2.2744      7.946     0.7722    -0.9180 1.0727e-01    -0.0689   101.7368     6.4227     6.6688    34.2335    34.2408    27.3531    27.3572    7.66521 0.0000e+00
       8209    152.843     2.0531     2.0779   3.028235   3.030876     1.8930     2.2739      7.946     0.7616    -0.7996 1.0752e-01    -0.0689   101.7368     6.4244     6.6699    34.2337    34.2400    27.3535    27.3566    7.66596 0.0000e+00
       8212    152.806     2.0541     2.0766   3.028248   3.030830     1.8922     2.2752      7.946     0.7616    -0.6811 1.0740e-01    -0.0696   101.7549     6.4228     6.6755    34.2328    34.2407    27.3527    27.3574    7.66581 0.0000e+00
       8215    152.774     2.0461     2.0772   3.027512   3.030783     1.8930     2.2748      7.946     0.7510    -0.6811 1.0740e-01    -0.0703   101.7730     6.4286     6.6722    34.2323    34.2396    27.3530    27.3564    7.66741 0.0000e+00
       8218    152.740     2.0433     2.0742   3.027562   3.030385     1.8934     2.2748      7.947     0.7616    -0.6811 1.0740e-01    -0.0696   101.7549     6.4313     6.6680    34.2359    34.2379    27.3561    27.3552    7.66777 0.0000e+00
       8221    152.708     2.0568     2.0705   3.028521   3.029734     1.8930     2.2748      7.946     0.7616    -0.6811 1.0740e-01    -0.0696   101.7549     6.4297     6.6614    34.2334    34.2337    27.3530    27.3522    7.66525 0.0000e+00
       8224    152.680     2.0472     2.0617   3.027402   3.028662     1.8938     2.2739      7.946     0.7616    -0.6811 1.0740e-01    -0.0696   101.7549     6.4354     6.6551    34.2297    34.2299    27.3509    27.3498    7.66732 0.0000e+00
       8227    152.651     2.0390     2.0573   3.027482   3.028593     1.8938     2.2752      7.948     0.7722    -0.6811 1.0740e-01    -0.0696   101.7549     6.4322     6.6559    34.2396    34.2338    27.3594    27.3533    7.66842 0.0000e+00
       8230    152.619     2.0437     2.0538   3.026896   3.027990     1.8922     2.2752      7.951     0.7616    -0.6811 1.0752e-01    -0.0767   101.9357     6.4241     6.6495    34.2272    34.2300    27.3491    27.3505    7.66813 0.0000e+00
       8233    152.592     2.0159     2.0463   3.022993   3.026887     1.8934     2.2748      7.951     0.7722    -0.0889 1.0727e-01    -0.0781   101.9719     6.4363     6.6433    34.2084    34.2243    27.3362    27.3465    7.67456 0.0000e+00
       8236    152.562     1.9928     2.0413   3.021430   3.026667     1.8942     2.2752      7.951     0.7616     5.0039 1.0740e-01    -0.0785   101.9809     6.4461     6.6408    34.2138    34.2270    27.3423    27.3491    7.67882 0.0000e+00
       8239    152.538     1.9885     2.0372   3.021768   3.026100     1.8938     2.2739      7.952     0.7616     5.1223 1.0752e-01    -0.0781   101.9719     6.4455     6.6360    34.2227    34.2243    27.3498    27.3473    7.67920 0.0000e+00
       8242    152.512     1.9800     2.0368   3.020984   3.026474     1.8938     2.2731      7.952     0.7616     5.1223 1.0752e-01    -0.0781   101.9719     6.4518     6.6334    34.2221    34.2294    27.3500    27.3514    7.68090 0.0000e+00
       8245    152.486     1.9716     2.0347   3.020279   3.025821     1.8938     2.2723      7.952     0.7616     5.1223 1.0752e-01    -0.0781   101.9719     6.4607     6.6344    34.2223    34.2235    27.3508    27.3468    7.68254 0.0000e+00
       8248    152.458     1.9674     2.0255   3.019263   3.025393     1.8930     2.2723      7.952     0.7616     5.1223 1.0740e-01    -0.0788   101.9900     6.4653     6.6393    34.2141    34.2282    27.3445    27.3513    7.68379 0.0000e+00
       8251    152.428     1.9647     2.0281   3.018949   3.025720     1.8926     2.2723      7.952     0.7722     5.1223 1.0752e-01    -0.0880   102.2251     6.4737     6.6451    34.2131    34.2295    27.3439    27.3521    7.68437 0.0000e+00
       8254    152.397     1.9536     2.0231   3.017064   3.025417     1.8946     2.2715      7.952     0.7405     5.1223 1.0752e-01    -0.0887   102.2432     6.4952     6.6560    34.2015    34.2310    27.3355    27.3538    7.68715 0.0000e+00
       8257    152.369     1.9462     2.0236   3.016296   3.026386     1.8942     2.2711      7.952     0.7616     5.1223 1.0752e-01    -0.0887   102.2432     6.5031     6.6686    34.1998    34.2427    27.3347    27.3631    7.68869 0.0000e+00
       8260    152.339     1.9335     2.0307   3.015181   3.026967     1.8950     2.2715      7.955     0.7616     4.8854 1.0740e-01    -0.0887   102.2432     6.5223     6.6872    34.1996    34.2423    27.3355    27.3622    7.69120 0.0000e+00
       8263    152.304     1.9115     2.0321   3.012969   3.025959     1.8950     2.2715      7.957     0.7510     4.4117 1.0752e-01    -0.0887   102.2432     6.5412     6.7103    34.1956    34.2281    27.3340    27.3508    7.69575 0.0000e+00
       8266    152.270     1.9102     2.0244   3.012779   3.024268     1.8966     2.2723      7.957     0.7722     4.4117 1.0740e-01    -0.0887   102.2432     6.5657     6.7364    34.1947    34.2154    27.3334    27.3411    7.69606 0.0000e+00
       8269    152.234     1.9225     2.0085   3.012389   3.021016     1.8971     2.2731      7.957     0.7722     4.4117 1.0740e-01    -0.0919   102.3246     6.5806     6.7645    34.1765    34.1918    27.3179    27.3235    7.69458 0.0000e+00
       8272    152.195     1.8905     1.9719   3.009025   3.015817     1.8975     2.2735      7.957     0.7722     4.4117 1.0740e-01    -0.1015   102.5687     6.6015     6.7941    34.1689    34.1662    27.3142    27.3058    7.70128 0.0000e+00
       8275    152.154     1.8459     1.9455   3.005514   3.015337     1.8987     2.2748      7.957     0.7510     4.4117 1.0740e-01    -0.1015   102.5687     6.6235     6.8243    34.1730    34.1887    27.3209    27.3259    7.70988 0.0000e+00
       8278    152.108     1.8316     1.9371   3.002191   3.012837     1.8999     2.2768      7.959     0.7616     4.4117 1.0740e-01    -0.1015   102.5687     6.6415     6.8546    34.1467    34.1664    27.3009    27.3087    7.71408 0.0000e+00
       8281    152.061     1.7704     1.9148   2.995902   3.008174     1.9011     2.2776      7.962     0.7616     4.4117 1.0752e-01    -0.1015   102.5687     6.6729     6.8817    34.1337    34.1320    27.2951    27.2828    7.72688 0.0000e+00
       8284    152.011     1.7464     1.8778   2.994675   3.002798     1.9024     2.2801      7.962     0.7616     4.4117 1.0740e-01    -0.1015   102.5687     6.6940     6.9179    34.1441    34.1044    27.3053    27.2636    7.73110 0.0000e+00
       8287    151.957     1.7061     1.8157   2.986499   2.997084     1.9036     2.2825      7.965     0.7510     3.9774 1.0752e-01    -0.1015   102.5687     6.7165     6.9544    34.0847    34.0996    27.2605    27.2644    7.74223 0.0000e+00
       8290    151.899     1.6223     1.7481   2.978415   2.986833     1.9064     2.2841      7.967     0.7510     3.7405 1.0752e-01    -0.1099   102.7858     6.7517     6.9917    34.0732    34.0436    27.2575    27.2245    7.75955 0.0000e+00
       8293    151.838     1.5749     1.6568   2.974544   2.979244     1.9064     2.2858      7.969     0.7510     3.7405 1.0752e-01    -0.1180   102.9938     6.7716     7.0321    34.0756    34.0465    27.2628    27.2335    7.76891 0.0000e+00
       8296    151.770     1.5424     1.6022   2.971301   2.975566     1.9076     2.2882      7.972     0.7616     3.7010 1.0752e-01    -0.1173   102.9757     6.7903     7.0614    34.0697    34.0590    27.2605    27.2475    7.77573 0.0000e+00
       8299    151.701     1.5264     1.5603   2.969978   2.971112     1.9093     2.2903      7.972     0.7616     3.7010 1.0752e-01    -0.1173   102.9757     6.8050     7.0851    34.0703    34.0480    27.2621    27.2418    7.77891 0.0000e+00
       8302    151.630     1.5179     1.5211   2.969310   2.968139     1.9105     2.2923      7.972     0.7510     3.7405 1.0752e-01    -0.1173   102.9757     6.8150     7.1064    34.0712    34.0529    27.2634    27.2485    7.78058 0.0000e+00
       8305    151.553     1.5170     1.4997   2.969164   2.966798     1.9134     2.2955      7.977     0.7722     3.7010 1.0752e-01    -0.1173   102.9757     6.8306     7.1281    34.0703    34.0590    27.2627    27.2549    7.78079 0.0000e+00
       8308    151.472     1.5110     1.4936   2.968001   2.966761     1.9142     2.2980      7.977     0.7405     3.7010 1.0752e-01    -0.1173   102.9757     6.8368     7.1400    34.0621    34.0652    27.2566    27.2604    7.78244 0.0000e+00
       8311    151.387     1.5034     1.4962   2.967378   2.967187     1.9150     2.2996      7.980     0.7299     3.7010 1.0740e-01    -0.0866   102.1889     6.8430     7.1488    34.0625    34.0679    27.2575    27.2623    7.78395 0.0000e+00
       8314    151.299     1.4989     1.4956   2.966754   2.966110     1.9166     2.3033      7.982     0.7299     3.1878 1.0752e-01    -0.0809   102.0443     6.8537     7.1684    34.0595    34.0549    27.2554    27.2519    7.78501 0.0000e+00
       8317    151.205     1.4957     1.4890   2.966520   2.966482     1.9199     2.3061      7.982     0.7299     3.1089 1.0740e-01    -0.0813   102.0533     6.8716     7.1799    34.0600    34.0668    27.2560    27.2619    7.78562 0.0000e+00
       8320    151.108     1.4857     1.4998   2.965338   2.967082     1.9203     2.3069      7.982     0.7299     3.1089 1.0752e-01    -0.0813   102.0533     6.8754     7.1804    34.0560    34.0628    27.2534    27.2580    7.78785 0.0000e+00
       8323    151.009     1.4831     1.4941   2.965242   2.966356     1.9219     2.3098      7.982     0.7299     3.1089 1.0752e-01    -0.0809   102.0443     6.8817     7.1924    34.0576    34.0598    27.2550    27.2559    7.78829 0.0000e+00
       8326    150.904     1.4857     1.4911   2.965683   2.965762     1.9235     2.3123      7.982     0.7299     3.1089 1.0752e-01    -0.0809   102.0443     6.8864     7.2000    34.0605    34.0556    27.2571    27.2528    7.78761 0.0000e+00
       8329    150.794     1.4718     1.4842   2.962992   2.964207     1.9248     2.3151      7.987     0.7299     3.1089 1.0740e-01    -0.0831   102.0985     6.8959     7.2109    34.0414    34.0434    27.2428    27.2434    7.79142 0.0000e+00
       8332    150.684     1.4496     1.4643   2.961267   2.961433     1.9264     2.3163      7.984     0.7299     3.1089 1.0752e-01    -0.0976   102.4693     6.9101     7.2214    34.0436    34.0298    27.2461    27.2339    7.79576 0.0000e+00
       8335    150.569     1.4387     1.4383   2.960408   2.959697     1.9280     2.3200      7.987     0.7510     3.1089 1.0752e-01    -0.0972   102.4602     6.9163     7.2371    34.0446    34.0360    27.2477    27.2408    7.79791 0.0000e+00
       8338    150.448     1.4334     1.4247   2.959969   2.958900     1.9296     2.3224      7.985     0.7722     2.9115 1.0752e-01    -0.0976   102.4693     6.9200     7.2457    34.0448    34.0407    27.2482    27.2455    7.79897 0.0000e+00
       8341    150.322     1.4246     1.4153   2.958809   2.957893     1.9305     2.3237      7.982     0.7405     2.0429 1.0740e-01    -0.0972   102.4602     6.9241     7.2506    34.0397    34.0381    27.2448    27.2441    7.80102 0.0000e+00
       8344    150.194     1.4162     1.4085   2.958062   2.957470     1.9329     2.3269      7.984     0.7510     2.0429 1.0752e-01    -0.0972   102.4602     6.9364     7.2614    34.0394    34.0402    27.2450    27.2463    7.80272 0.0000e+00
       8347    150.063     1.4111     1.4089   2.957579   2.957765     1.9337     2.3289      7.985     0.7616     2.0429 1.0752e-01    -0.0972   102.4602     6.9390     7.2653    34.0388    34.0437    27.2449    27.2490    7.80378 0.0000e+00
       8350    149.932     1.4057     1.4019   2.956954   2.956100     1.9354     2.3310      7.984     0.7510     2.0429 1.0752e-01    -0.0965   102.4421     6.9446     7.2719    34.0369    34.0301    27.2438    27.2386    7.80499 0.0000e+00
       8353    149.800     1.3982     1.3853   2.956073   2.954367     1.9374     2.3338      7.982     0.7722     2.0429 1.0740e-01    -0.0951   102.4060     6.9512     7.2827    34.0338    34.0262    27.2418    27.2366    7.80665 0.0000e+00
