Datasets/AZMP/TEL210/tel210_2020_083.cnv
* Sea-Bird SBE 9 Data File:
* FileName = C:\CTDDATA\tel210_2020_083.hex
* Software Version Seasave V 7.26.7.110
* Temperature SN = 1697
* Conductivity SN = 4216
* Number of Bytes Per Scan = 30
* Number of Voltage Words = 4
* Number of Scans Averaged by the Deck Unit = 1
* NMEA baud rate = 4800
** VESSEL/TRIP/SEQ STN:  tel210_2020_083
** LATITUDE XX XX.XX: 53 24.60 N
** LONGITUDE XX XX.XX: 055 21.40 W
** SOUNDING DEPTH (M): 0163
** PROBE TYPE: S1146
** CTD NUMBER: 053
** COMMENTS (14 CHAR): SI-03
** BOTTLES:  0
** LEVELS: 
** STICKERS: 
** VNET: N
** DO2: N
# nquan = 22
# nvalues = 3715                        
# units = specified
# name 0 = scan: Scan Count
# name 1 = prDM: Pressure, Digiquartz [db]
# name 2 = t090C: Temperature [ITS-90, deg C]
# name 3 = t190C: Temperature, 2 [ITS-90, deg C]
# name 4 = c0S/m: Conductivity [S/m]
# name 5 = c1S/m: Conductivity, 2 [S/m]
# name 6 = sbeox0V: Oxygen raw, SBE 43 [V]
# name 7 = sbeox1V: Oxygen raw, SBE 43, 2 [V]
# name 8 = ph: pH
# name 9 = flECO-AFL: Fluorescence, WET Labs ECO-AFL/FL [mg/m^3]
# name 10 = wetCDOM: Fluorescence, WET Labs CDOM [mg/m^3]
# name 11 = par/sat/log: PAR/Logarithmic, Satlantic [umol photons/m^2/sec]
# name 12 = CStarAt0: Beam Attenuation, WET Labs C-Star [1/m]
# name 13 = CStarTr0: Beam Transmission, WET Labs C-Star [%]
# name 14 = sbeox0ML/L: Oxygen, SBE 43 [ml/l], WS = 2
# name 15 = sbeox1ML/L: Oxygen, SBE 43, 2 [ml/l], WS = 2
# name 16 = sal00: Salinity, Practical [PSU]
# name 17 = sal11: Salinity, Practical, 2 [PSU]
# name 18 = sigma-t00: Density [sigma-t, kg/m^3 ]
# name 19 = sigma-t11: Density, 2 [sigma-t, kg/m^3 ]
# name 20 = oxsatML/L: Oxygen Saturation, Weiss [ml/l]
# name 21 = flag: flag
# span 0 =          2,      14743       
# span 1 =      0.703,    162.644       
# span 2 =    -0.9413,     7.8203       
# span 3 =    -0.9476,     7.7905       
# span 4 =   2.643815,   3.272224       
# span 5 =   2.643518,   3.270119       
# span 6 =     1.9789,     2.5058       
# span 7 =     2.3949,     3.0574       
# span 8 =      7.939,      8.192       
# span 9 =     0.6664,     1.5024       
# span 10 =    -2.8130,   482.1870      
# span 11 = 1.0715e-01, 8.3359e+00      
# span 12 =    -0.1456,     0.0789      
# span 13 =    98.0472,   103.7082      
# span 14 =     7.4317,    10.6118      
# span 15 =     7.2289,    11.0833      
# span 16 =    31.2366,    33.1900      
# span 17 =    31.4384,    33.1874      
# span 18 =    24.4825,    26.6720      
# span 19 =    24.5077,    26.6692      
# span 20 =    6.78899,    8.39040      
# span 21 = 0.0000e+00, 0.0000e+00      
# interval = scans: 3                   
# start_time = Jul 24 2020 23:36:26 [System UTC, header]
# bad_flag = -9.990e-29
*END*
[from data line 527]
       2004     50.895    -0.9382    -0.9410   2.646998   2.646582     2.0944     2.5372      7.991     0.7616     0.2664 1.0715e-01    -0.1383   103.5183     7.9831     8.3153    32.5700    32.5675    26.1820    26.1801    8.38882 0.0000e+00
       2007     51.051    -0.9370    -0.9394   2.647158   2.646751     2.0940     2.5380      7.991     0.7510     0.2664 1.0715e-01    -0.1380   103.5092     7.9826     8.3172    32.5708    32.5679    26.1826    26.1804    8.38850 0.0000e+00
       2010     51.208    -0.9357    -0.9382   2.647271   2.646850     2.0936     2.5376      7.991     0.7616     0.2664 1.0727e-01    -0.1366   103.4730     7.9814     8.3154    32.5709    32.5679    26.1827    26.1803    8.38821 0.0000e+00
       2013     51.362    -0.9348    -0.9377   2.647332   2.646896     2.0940     2.5364      7.991     0.7616     0.2664 1.0715e-01    -0.1362   103.4640     7.9843     8.3116    32.5706    32.5679    26.1824    26.1803    8.38801 0.0000e+00
       2016     51.513    -0.9336    -0.9374   2.647377   2.646949     2.0940     2.5372      7.991     0.7616     0.2664 1.0715e-01    -0.1362   103.4640     7.9856     8.3165    32.5699    32.5682    26.1817    26.1805    8.38779 0.0000e+00
       2019     51.659    -0.9332    -0.9371   2.647444   2.646986     2.0932     2.5368      7.991     0.7722     0.2269 1.0727e-01    -0.1362   103.4640     7.9817     8.3164    32.5702    32.5682    26.1820    26.1805    8.38767 0.0000e+00
       2022     51.804    -0.9327    -0.9370   2.647479   2.647051     2.0932     2.5372      7.991     0.7616     0.2664 1.0715e-01    -0.1362   103.4640     7.9812     8.3189    32.5700    32.5690    26.1819    26.1811    8.38756 0.0000e+00
       2025     51.941    -0.9321    -0.9366   2.647551   2.647106     2.0928     2.5356      7.991     0.7722     0.2269 1.0715e-01    -0.1362   103.4640     7.9791     8.3123    32.5703    32.5691    26.1821    26.1813    8.38741 0.0000e+00
       2028     52.071    -0.9320    -0.9368   2.647587   2.647142     2.0928     2.5360      7.991     0.7616     0.2664 1.0715e-01    -0.1362   103.4640     7.9797     8.3156    32.5706    32.5697    26.1824    26.1818    8.38738 0.0000e+00
       2031     52.197    -0.9317    -0.9366   2.647560   2.647186     2.0932     2.5356      7.991     0.7828     0.5822 1.0715e-01    -0.1366   103.4730     7.9834     8.3143    32.5698    32.5701    26.1816    26.1821    8.38735 0.0000e+00
       2034     52.317    -0.9315    -0.9364   2.647630   2.647198     2.0928     2.5348      7.991     0.7722     0.6217 1.0715e-01    -0.1369   103.4821     7.9806     8.3135    32.5705    32.5699    26.1822    26.1819    8.38726 0.0000e+00
       2037     52.434    -0.9308    -0.9358   2.647734   2.647321     2.0924     2.5368      7.991     0.7616     0.5822 1.0715e-01    -0.1366   103.4730     7.9776     8.3227    32.5711    32.5709    26.1827    26.1827    8.38708 0.0000e+00
       2040     52.544    -0.9302    -0.9349   2.647866   2.647426     2.0928     2.5356      7.991     0.7722     0.6217 1.0715e-01    -0.1369   103.4821     7.9808     8.3196    32.5722    32.5713    26.1835    26.1830    8.38688 0.0000e+00
       2043     52.647    -0.9300    -0.9345   2.647914   2.647493     2.0915     2.5356      7.991     0.7616     0.6217 1.0727e-01    -0.1369   103.4821     7.9771     8.3221    32.5725    32.5717    26.1838    26.1832    8.38681 0.0000e+00
       2046     52.742    -0.9295    -0.9343   2.647971   2.647533     2.0919     2.5356      7.991     0.7722     0.5822 1.0715e-01    -0.1366   103.4730     7.9768     8.3272    32.5727    32.5719    26.1839    26.1835    8.38669 0.0000e+00
       2049     52.831    -0.9292    -0.9341   2.648065   2.647624     2.0919     2.5356      7.991     0.7616     0.6217 1.0715e-01    -0.1369   103.4821     7.9750     8.3291    32.5736    32.5729    26.1847    26.1843    8.38657 0.0000e+00
       2052     52.915    -0.9290    -0.9339   2.648157   2.647694     2.0919     2.5352      7.991     0.7616     0.6217 1.0715e-01    -0.1373   103.4911     7.9749     8.3263    32.5745    32.5736    26.1854    26.1848    8.38646 0.0000e+00
       2055     52.993    -0.9286    -0.9337   2.648213   2.647762     2.0915     2.5352      7.991     0.7722     0.6217 1.0727e-01    -0.1373   103.4911     7.9769     8.3270    32.5748    32.5743    26.1856    26.1853    8.38635 0.0000e+00
       2058     53.068    -0.9282    -0.9332   2.648327   2.647815     2.0915     2.5348      7.991     0.7722     0.7401 1.0752e-01    -0.1376   103.5002     7.9784     8.3231    32.5759    32.5744    26.1865    26.1854    8.38620 0.0000e+00
       2061     53.137    -0.9278    -0.9327   2.648460   2.648016     2.0907     2.5356      7.991     0.7722     0.7401 1.0752e-01    -0.1376   103.5002     7.9743     8.3244    32.5773    32.5765    26.1876    26.1871    8.38604 0.0000e+00
       2064     53.202    -0.9274    -0.9325   2.648553   2.648090     2.0915     2.5352      7.991     0.7616     0.7401 1.0752e-01    -0.1383   103.5183     7.9786     8.3268    32.5781    32.5772    26.1882    26.1877    8.38591 0.0000e+00
       2067     53.265    -0.9273    -0.9324   2.648610   2.648178     2.0911     2.5356      7.991     0.7616     0.7401 1.0752e-01    -0.1373   103.4911     7.9785     8.3285    32.5787    32.5783    26.1887    26.1886    8.38585 0.0000e+00
       2070     53.323    -0.9269    -0.9323   2.648640   2.648216     2.0903     2.5356      7.991     0.7722     0.7401 1.0752e-01    -0.1376   103.5002     7.9740     8.3293    32.5785    32.5787    26.1886    26.1889    8.38575 0.0000e+00
       2073     53.380    -0.9270    -0.9320   2.648679   2.648251     2.0903     2.5348      7.991     0.7510     0.7401 1.0727e-01    -0.1383   103.5183     7.9715     8.3255    32.5791    32.5788    26.1891    26.1890    8.38574 0.0000e+00
       2076     53.431    -0.9268    -0.9322   2.648696   2.648257     2.0911     2.5352      7.991     0.7510     0.7401 1.0727e-01    -0.1383   103.5183     7.9756     8.3283    32.5791    32.5790    26.1890    26.1891    8.38569 0.0000e+00
       2079     53.478    -0.9266    -0.9323   2.648699   2.648283     2.0911     2.5348      7.991     0.7722     0.7401 1.0715e-01    -0.1383   103.5183     7.9770     8.3263    32.5790    32.5795    26.1889    26.1895    8.38567 0.0000e+00
       2082     53.527    -0.9269    -0.9322   2.648723   2.648311     2.0907     2.5348      7.991     0.7616     0.0690 1.0715e-01    -0.1383   103.5183     7.9757     8.3252    32.5796    32.5798    26.1894    26.1898    8.38570 0.0000e+00
       2085     53.575    -0.9268    -0.9322   2.648734   2.648316     2.0895     2.5348      7.991     0.7722    -0.3653 1.0715e-01    -0.1383   103.5183     7.9704     8.3242    32.5796    32.5798    26.1895    26.1898    8.38568 0.0000e+00
       2088     53.623    -0.9267    -0.9322   2.648726   2.648314     2.0903     2.5356      7.991     0.7722    -0.3258 1.0715e-01    -0.1383   103.5183     7.9728     8.3286    32.5793    32.5797    26.1892    26.1897    8.38566 0.0000e+00
       2091     53.674    -0.9265    -0.9323   2.648729   2.648301     2.0903     2.5348      7.991     0.7616    -0.3258 1.0715e-01    -0.1383   103.5183     7.9729     8.3256    32.5792    32.5796    26.1890    26.1896    8.38563 0.0000e+00
       2094     53.724    -0.9269    -0.9326   2.648739   2.648300     2.0899     2.5348      7.991     0.7722    -0.3258 1.0715e-01    -0.1383   103.5183     7.9707     8.3282    32.5797    32.5799    26.1895    26.1899    8.38570 0.0000e+00
       2097     53.778    -0.9267    -0.9325   2.648742   2.648287     2.0891     2.5348      7.991     0.7722    -0.3258 1.0740e-01    -0.1383   103.5183     7.9665     8.3301    32.5795    32.5796    26.1893    26.1896    8.38566 0.0000e+00
       2100     53.834    -0.9265    -0.9325   2.648746   2.648299     2.0895     2.5348      7.991     0.7616    -0.3258 1.0715e-01    -0.1383   103.5183     7.9668     8.3279    32.5792    32.5797    26.1891    26.1897    8.38562 0.0000e+00
       2103     53.896    -0.9268    -0.9326   2.648741   2.648306     2.0895     2.5348      7.991     0.7722    -0.3653 1.0727e-01    -0.1383   103.5183     7.9665     8.3281    32.5794    32.5799    26.1893    26.1899    8.38567 0.0000e+00
       2106     53.961    -0.9270    -0.9328   2.648756   2.648296     2.0895     2.5348      7.991     0.7510    -0.3258 1.0715e-01    -0.1383   103.5183     7.9673     8.3280    32.5798    32.5799    26.1896    26.1899    8.38570 0.0000e+00
       2109     54.031    -0.9270    -0.9327   2.648740   2.648328     2.0895     2.5348      7.991     0.7616     0.5033 1.0715e-01    -0.1383   103.5183     7.9656     8.3280    32.5796    32.5802    26.1894    26.1901    8.38571 0.0000e+00
       2112     54.104    -0.9271    -0.9329   2.648727   2.648312     2.0887     2.5348      7.991     0.7616     0.6217 1.0715e-01    -0.1387   103.5273     7.9616     8.3271    32.5795    32.5801    26.1893    26.1901    8.38574 0.0000e+00
       2115     54.182    -0.9270    -0.9329   2.648753   2.648315     2.0887     2.5348      7.991     0.7510     0.5427 1.0715e-01    -0.1383   103.5183     7.9619     8.3283    32.5798    32.5801    26.1895    26.1900    8.38572 0.0000e+00
       2118     54.267    -0.9272    -0.9328   2.648775   2.648331     2.0891     2.5348      7.991     0.7616     0.6217 1.0727e-01    -0.1383   103.5183     7.9669     8.3289    32.5801    32.5802    26.1899    26.1901    8.38573 0.0000e+00
       2121     54.357    -0.9270    -0.9325   2.648802   2.648360     2.0895     2.5352      7.991     0.7722     0.6217 1.0715e-01    -0.1383   103.5183     7.9684     8.3310    32.5802    32.5803    26.1899    26.1901    8.38568 0.0000e+00
       2124     54.452    -0.9270    -0.9326   2.648797   2.648348     2.0879     2.5339      7.989     0.7616     0.5822 1.0715e-01    -0.1383   103.5183     7.9578     8.3252    32.5802    32.5802    26.1899    26.1901    8.38569 0.0000e+00
       2127     54.553    -0.9269    -0.9325   2.648824   2.648363     2.0879     2.5348      7.989     0.7616     0.6217 1.0727e-01    -0.1387   103.5273     7.9542     8.3282    32.5804    32.5802    26.1900    26.1900    8.38566 0.0000e+00
       2130     54.660    -0.9268    -0.9325   2.648820   2.648379     2.0879     2.5348      7.991     0.7722     0.6217 1.0715e-01    -0.1380   103.5092     7.9520     8.3254    32.5801    32.5803    26.1899    26.1902    8.38565 0.0000e+00
       2133     54.773    -0.9270    -0.9327   2.648845   2.648397     2.0875     2.5348      7.991     0.7934     0.5033 1.0727e-01    -0.1362   103.4640     7.9514     8.3256    32.5806    32.5808    26.1903    26.1905    8.38567 0.0000e+00
       2136     54.891    -0.9268    -0.9328   2.648852   2.648397     2.0883     2.5339      7.989     0.7934    -0.1284 1.0715e-01    -0.1362   103.4640     7.9577     8.3213    32.5804    32.5807    26.1901    26.1905    8.38563 0.0000e+00
       2139     55.011    -0.9269    -0.9327   2.648875   2.648433     2.0875     2.5348      7.991     0.7934    -0.0889 1.0715e-01    -0.1362   103.4640     7.9528     8.3238    32.5808    32.5810    26.1903    26.1908    8.38563 0.0000e+00
       2142     55.133    -0.9269    -0.9327   2.648941   2.648522     2.0879     2.5348      7.989     0.7934    -0.0889 1.0715e-01    -0.1366   103.4730     7.9550     8.3227    32.5816    32.5822    26.1910    26.1917    8.38558 0.0000e+00
       2145     55.260    -0.9269    -0.9328   2.648987   2.648534     2.0879     2.5348      7.988     0.8040    -0.1284 1.0715e-01    -0.1366   103.4730     7.9606     8.3225    32.5820    32.5823    26.1914    26.1919    8.38555 0.0000e+00
       2148     55.390    -0.9273    -0.9334   2.648991   2.648523     2.0862     2.5344      7.989     0.7828    -0.0889 1.0715e-01    -0.1362   103.4640     7.9567     8.3193    32.5825    32.5828    26.1918    26.1922    8.38562 0.0000e+00
       2151     55.522    -0.9275    -0.9337   2.648991   2.648540     2.0862     2.5339      7.988     0.7934    -0.0889 1.0727e-01    -0.1366   103.4730     7.9532     8.3171    32.5826    32.5833    26.1919    26.1927    8.38565 0.0000e+00
       2154     55.656    -0.9274    -0.9336   2.649003   2.648563     2.0866     2.5335      7.988     0.7934    -0.0889 1.0715e-01    -0.1380   103.5092     7.9545     8.3164    32.5826    32.5833    26.1919    26.1927    8.38564 0.0000e+00
       2157     55.790    -0.9276    -0.9336   2.649010   2.648568     2.0866     2.5348      7.986     0.7616    -0.0889 1.0715e-01    -0.1383   103.5183     7.9545     8.3223    32.5828    32.5834    26.1920    26.1927    8.38566 0.0000e+00
       2160     55.927    -0.9278    -0.9340   2.648998   2.648563     2.0870     2.5335      7.988     0.7616    -0.2074 1.0715e-01    -0.1380   103.5092     7.9592     8.3203    32.5828    32.5837    26.1920    26.1930    8.38571 0.0000e+00
       2163     56.065    -0.9277    -0.9342   2.649007   2.648567     2.0862     2.5339      7.988     0.7616    -0.3653 1.0715e-01    -0.1380   103.5092     7.9594     8.3234    32.5828    32.5838    26.1920    26.1931    8.38569 0.0000e+00
       2166     56.201    -0.9281    -0.9343   2.649036   2.648585     2.0862     2.5335      7.991     0.7722    -0.3653 1.0715e-01    -0.1376   103.5002     7.9625     8.3227    32.5835    32.5841    26.1926    26.1933    8.38574 0.0000e+00
       2169     56.339    -0.9284    -0.9343   2.649043   2.648590     2.0870     2.5335      7.989     0.7616    -0.3258 1.0715e-01    -0.1383   103.5183     7.9688     8.3248    32.5838    32.5841    26.1929    26.1933    8.38579 0.0000e+00
       2172     56.474    -0.9281    -0.9343   2.649069   2.648607     2.0862     2.5331      7.986     0.7510    -0.3258 1.0715e-01    -0.1373   103.4911     7.9675     8.3246    32.5838    32.5843    26.1929    26.1935    8.38573 0.0000e+00
       2175     56.607    -0.9282    -0.9339   2.649278   2.648757     2.0854     2.5344      7.989     0.7510    -0.3653 1.0715e-01    -0.1373   103.4911     7.9612     8.3279    32.5867    32.5858    26.1952    26.1947    8.38559 0.0000e+00
       2178     56.740    -0.9279    -0.9327   2.649586   2.649108     2.0854     2.5335      7.986     0.7510    -0.3258 1.0715e-01    -0.1376   103.5002     7.9571     8.3222    32.5904    32.5892    26.1982    26.1974    8.38530 0.0000e+00
       2181     56.875    -0.9275    -0.9320   2.649652   2.649211     2.0858     2.5335      7.988     0.7510    -0.3258 1.0715e-01    -0.1373   103.4911     7.9625     8.3224    32.5908    32.5897    26.1985    26.1978    8.38519 0.0000e+00
       2184     57.005    -0.9270    -0.9322   2.649643   2.649246     2.0862     2.5348      7.988     0.7510    -0.3258 1.0715e-01    -0.1376   103.5002     7.9663     8.3299    32.5900    32.5903    26.1979    26.1983    8.38511 0.0000e+00
       2187     57.134    -0.9269    -0.9323   2.649649   2.649246     2.0866     2.5339      7.988     0.7616    -0.0889 1.0715e-01    -0.1373   103.4911     7.9693     8.3277    32.5900    32.5903    26.1979    26.1983    8.38511 0.0000e+00
       2190     57.262    -0.9273    -0.9329   2.649670   2.649241     2.0854     2.5335      7.988     0.7616     0.0295 1.0715e-01    -0.1373   103.4911     7.9615     8.3298    32.5905    32.5908    26.1983    26.1987    8.38515 0.0000e+00
       2193     57.391    -0.9274    -0.9332   2.649761   2.649345     2.0858     2.5339      7.986     0.7722     0.0295 1.0715e-01    -0.1362   103.4640     7.9656     8.3311    32.5918    32.5925    26.1993    26.2001    8.38510 0.0000e+00
       2196     57.515    -0.9273    -0.9324   2.649923   2.649511     2.0854     2.5331      7.986     0.7510     0.0295 1.0715e-01    -0.1366   103.4730     7.9670     8.3261    32.5938    32.5938    26.2010    26.2011    8.38496 0.0000e+00
