Datasets/AZMP/TEL210/tel210_2020_086.cnv
* Sea-Bird SBE 9 Data File:
* FileName = C:\CTDDATA\tel210_2020_086.hex
* Software Version Seasave V 7.26.7.110
* Temperature SN = 1697
* Conductivity SN = 4216
* Number of Bytes Per Scan = 30
* Number of Voltage Words = 4
* Number of Scans Averaged by the Deck Unit = 1
* NMEA baud rate = 4800
** VESSEL/TRIP/SEQ STN:  TEL210_2020_086
** LATITUDE XX XX.XX: 53 37.00 N
** LONGITUDE XX XX.XX: 055 00.00 W
** SOUNDING DEPTH (M): 0294
** PROBE TYPE: S1146
** CTD NUMBER: 056
** COMMENTS (14 CHAR): SI-05
** BOTTLES:  11
** LEVELS: 5,10,20,30,40,50,75,100,150,250,BTM
** STICKERS: 436140 - 436150
** VNET: Y
** DO2: N
# nquan = 22
# nvalues = 6562                        
# units = specified
# name 0 = scan: Scan Count
# name 1 = prDM: Pressure, Digiquartz [db]
# name 2 = t090C: Temperature [ITS-90, deg C]
# name 3 = t190C: Temperature, 2 [ITS-90, deg C]
# name 4 = c0S/m: Conductivity [S/m]
# name 5 = c1S/m: Conductivity, 2 [S/m]
# name 6 = sbeox0V: Oxygen raw, SBE 43 [V]
# name 7 = sbeox1V: Oxygen raw, SBE 43, 2 [V]
# name 8 = ph: pH
# name 9 = flECO-AFL: Fluorescence, WET Labs ECO-AFL/FL [mg/m^3]
# name 10 = wetCDOM: Fluorescence, WET Labs CDOM [mg/m^3]
# name 11 = par/sat/log: PAR/Logarithmic, Satlantic [umol photons/m^2/sec]
# name 12 = CStarAt0: Beam Attenuation, WET Labs C-Star [1/m]
# name 13 = CStarTr0: Beam Transmission, WET Labs C-Star [%]
# name 14 = sbeox0ML/L: Oxygen, SBE 43 [ml/l], WS = 2
# name 15 = sbeox1ML/L: Oxygen, SBE 43, 2 [ml/l], WS = 2
# name 16 = sal00: Salinity, Practical [PSU]
# name 17 = sal11: Salinity, Practical, 2 [PSU]
# name 18 = sigma-t00: Density [sigma-t, kg/m^3 ]
# name 19 = sigma-t11: Density, 2 [sigma-t, kg/m^3 ]
# name 20 = oxsatML/L: Oxygen Saturation, Weiss [ml/l]
# name 21 = flag: flag
# span 0 =         47,      40985       
# span 1 =      1.407,    292.010       
# span 2 =    -0.6572,    11.1704       
# span 3 =    -0.6626,    11.1747       
# span 4 =   2.707304,   3.545647       
# span 5 =   2.707073,   3.545131       
# span 6 =     1.9334,     2.5968       
# span 7 =     2.3271,     3.1672       
# span 8 =      7.966,      8.286       
# span 9 =     0.6664,     6.6240       
# span 10 =    -2.8130,   482.1870      
# span 11 = 1.0544e-01, 5.7620e-01      
# span 12 =    -0.1341,     0.6856      
# span 13 =    84.2473,   103.4098      
# span 14 =     6.4401,     9.6454      
# span 15 =     6.3998,    10.2466      
# span 16 =    31.2583,    34.0876      
# span 17 =    31.2569,    34.0887      
# span 18 =    23.8337,    27.2722      
# span 19 =    23.8320,    27.2734      
# span 20 =    6.30515,    8.29490      
# span 21 = 0.0000e+00, 0.0000e+00      
# interval = scans: 3                   
# start_time = Jul 25 2020 03:58:50 [System UTC, header]
# bad_flag = -9.990e-29
*END*
[from data line 3556]
      16153    230.579     1.5502     1.5457   2.976359   2.976035     1.9510     2.3451      7.982     0.7616     2.2798 1.0727e-01    -0.1152   102.9214     6.8639     7.1145    34.0803    34.0811    27.2684    27.2694    7.77361 0.0000e+00
      16156    230.486     1.5503     1.5455   2.976354   2.976020     1.9502     2.3455      7.982     0.7510     2.2798 1.0727e-01    -0.1152   102.9214     6.8575     7.1158    34.0802    34.0812    27.2683    27.2694    7.77360 0.0000e+00
      16159    230.395     1.5502     1.5456   2.976341   2.976035     1.9510     2.3460      7.982     0.7510     2.2798 1.0727e-01    -0.1152   102.9214     6.8603     7.1146    34.0802    34.0813    27.2683    27.2695    7.77362 0.0000e+00
      16162    230.308     1.5502     1.5456   2.976345   2.976008     1.9498     2.3455      7.982     0.7510     2.2798 1.0715e-01    -0.1162   102.9486     6.8552     7.1121    34.0803    34.0810    27.2684    27.2693    7.77361 0.0000e+00
      16165    230.221     1.5502     1.5455   2.976324   2.975996     1.9506     2.3451      7.982     0.7510     1.4112 1.0727e-01    -0.1169   102.9667     6.8587     7.1088    34.0801    34.0810    27.2682    27.2693    7.77363 0.0000e+00
      16168    230.140     1.5499     1.5455   2.976330   2.975989     1.9506     2.3447      7.982     0.7616     0.4243 1.0715e-01    -0.1166   102.9576     6.8591     7.1077    34.0805    34.0810    27.2686    27.2693    7.77365 0.0000e+00
      16171    230.061     1.5500     1.5454   2.976320   2.975971     1.9502     2.3455      7.982     0.7510     0.5032 1.0715e-01    -0.1169   102.9667     6.8564     7.1101    34.0803    34.0809    27.2685    27.2693    7.77366 0.0000e+00
      16174    229.984     1.5500     1.5455   2.976314   2.975975     1.9502     2.3451      7.982     0.7510     0.5032 1.0715e-01    -0.1166   102.9576     6.8538     7.1076    34.0803    34.0809    27.2684    27.2692    7.77365 0.0000e+00
      16177    229.912     1.5500     1.5455   2.976298   2.975988     1.9502     2.3451      7.982     0.7510     0.4637 1.0715e-01    -0.1169   102.9667     6.8513     7.1090    34.0801    34.0811    27.2683    27.2694    7.77366 0.0000e+00
      16180    229.840     1.5499     1.5456   2.976309   2.976013     1.9506     2.3451      7.980     0.7510     0.4637 1.0715e-01    -0.1162   102.9486     6.8530     7.1112    34.0804    34.0813    27.2685    27.2696    7.77367 0.0000e+00
      16183    229.771     1.5503     1.5455   2.976316   2.976005     1.9506     2.3451      7.982     0.7616     0.5032 1.0727e-01    -0.1145   102.9033     6.8536     7.1149    34.0802    34.0813    27.2683    27.2696    7.77361 0.0000e+00
      16186    229.702     1.5500     1.5457   2.976298   2.975997     1.9510     2.3451      7.982     0.7722     0.5032 1.0715e-01    -0.1141   102.8943     6.8524     7.1171    34.0802    34.0811    27.2684    27.2694    7.77366 0.0000e+00
      16189    229.634     1.5497     1.5458   2.976282   2.976010     1.9502     2.3451      7.982     0.7405     0.5032 1.0727e-01    -0.1141   102.8943     6.8466     7.1188    34.0804    34.0811    27.2685    27.2694    7.77371 0.0000e+00
      16192    229.567     1.5500     1.5457   2.976266   2.975983     1.9510     2.3455      7.982     0.7616     3.1089 1.0715e-01    -0.1141   102.8943     6.8521     7.1197    34.0799    34.0810    27.2681    27.2693    7.77368 0.0000e+00
      16195    229.497     1.5495     1.5457   2.976230   2.975987     1.9506     2.3451      7.982     0.7510     3.9774 1.0727e-01    -0.1141   102.8943     6.8521     7.1188    34.0801    34.0811    27.2683    27.2694    7.77377 0.0000e+00
      16198    229.429     1.5494     1.5459   2.976221   2.976022     1.9498     2.3451      7.982     0.7616     3.9379 1.0715e-01    -0.1141   102.8943     6.8472     7.1192    34.0800    34.0814    27.2683    27.2696    7.77378 0.0000e+00
      16201    229.360     1.5495     1.5462   2.976240   2.976023     1.9502     2.3464      7.980     0.7510     3.9379 1.0715e-01    -0.1145   102.9033     6.8463     7.1238    34.0803    34.0811    27.2684    27.2693    7.77376 0.0000e+00
      16204    229.289     1.5497     1.5462   2.976246   2.976001     1.9502     2.3464      7.982     0.7616     3.9379 1.0715e-01    -0.1155   102.9305     6.8457     7.1211    34.0802    34.0809    27.2684    27.2691    7.77372 0.0000e+00
      16207    229.220     1.5492     1.5455   2.976207   2.975924     1.9498     2.3464      7.982     0.7616     3.9379 1.0740e-01    -0.1159   102.9395     6.8454     7.1192    34.0802    34.0807    27.2684    27.2691    7.77382 0.0000e+00
      16210    229.151     1.5493     1.5450   2.976200   2.975891     1.9494     2.3455      7.982     0.7510     3.9379 1.0727e-01    -0.1155   102.9305     6.8421     7.1141    34.0801    34.0808    27.2683    27.2692    7.77381 0.0000e+00
      16213    229.082     1.5495     1.5449   2.976210   2.975899     1.9502     2.3464      7.982     0.7510     3.9379 1.0715e-01    -0.1155   102.9305     6.8453     7.1168    34.0801    34.0811    27.2683    27.2694    7.77377 0.0000e+00
      16216    229.016     1.5495     1.5449   2.976212   2.975899     1.9510     2.3455      7.982     0.7722     3.8195 1.0740e-01    -0.1155   102.9305     6.8505     7.1137    34.0801    34.0811    27.2683    27.2694    7.77377 0.0000e+00
      16219    228.948     1.5495     1.5450   2.976205   2.975854     1.9502     2.3464      7.980     0.7510     2.3193 1.0715e-01    -0.1155   102.9305     6.8503     7.1164    34.0800    34.0805    27.2682    27.2689    7.77376 0.0000e+00
      16222    228.882     1.5496     1.5448   2.976216   2.975868     1.9498     2.3460      7.982     0.7510     2.2798 1.0715e-01    -0.1071   102.7134     6.8515     7.1135    34.0801    34.0809    27.2683    27.2693    7.77375 0.0000e+00
      16225    228.816     1.5495     1.5447   2.976222   2.975876     1.9498     2.3460      7.982     0.7616     2.2798 1.0715e-01    -0.0993   102.5145     6.8505     7.1129    34.0804    34.0811    27.2685    27.2695    7.77375 0.0000e+00
      16228    228.748     1.5495     1.5448   2.976207   2.975858     1.9506     2.3451      7.982     0.7616     2.2798 1.0727e-01    -0.0993   102.5145     6.8545     7.1108    34.0802    34.0809    27.2684    27.2693    7.77376 0.0000e+00
      16231    228.682     1.5496     1.5447   2.976205   2.975858     1.9498     2.3460      7.982     0.7510     2.2798 1.0715e-01    -0.0993   102.5145     6.8533     7.1148    34.0800    34.0810    27.2683    27.2694    7.77374 0.0000e+00
      16234    228.618     1.5496     1.5447   2.976196   2.975829     1.9494     2.3455      7.982     0.7616     2.2798 1.0715e-01    -0.0993   102.5145     6.8498     7.1134    34.0801    34.0807    27.2683    27.2691    7.77375 0.0000e+00
      16237    228.555     1.5493     1.5446   2.976190   2.975849     1.9494     2.3464      7.982     0.7510     2.2798 1.0715e-01    -0.0993   102.5145     6.8476     7.1188    34.0803    34.0811    27.2685    27.2695    7.77379 0.0000e+00
      16240    228.495     1.5492     1.5447   2.976180   2.975846     1.9502     2.3464      7.982     0.7510     2.2798 1.0715e-01    -0.0993   102.5145     6.8546     7.1190    34.0803    34.0809    27.2685    27.2693    7.77382 0.0000e+00
      16243    228.439     1.5492     1.5447   2.976176   2.975850     1.9506     2.3464      7.982     0.7616     1.6087 1.0715e-01    -0.1120   102.8401     6.8588     7.1190    34.0803    34.0811    27.2685    27.2694    7.77381 0.0000e+00
      16246    228.383     1.5494     1.5447   2.976167   2.975844     1.9510     2.3464      7.982     0.7616     0.0690 1.0715e-01    -0.1152   102.9214     6.8585     7.1217    34.0800    34.0810    27.2682    27.2694    7.77378 0.0000e+00
      16249    228.330     1.5495     1.5446   2.976168   2.975829     1.9494     2.3464      7.982     0.7510     0.1084 1.0727e-01    -0.1155   102.9305     6.8494     7.1247    34.0800    34.0810    27.2682    27.2694    7.77378 0.0000e+00
      16252    228.279     1.5494     1.5447   2.976185   2.975812     1.9502     2.3460      7.982     0.7510     0.1084 1.0727e-01    -0.1152   102.9214     6.8535     7.1235    34.0803    34.0806    27.2684    27.2690    7.77377 0.0000e+00
      16255    228.232     1.5494     1.5447   2.976177   2.975844     1.9510     2.3460      7.982     0.7616     0.1084 1.0740e-01    -0.1152   102.9214     6.8597     7.1230    34.0802    34.0811    27.2684    27.2694    7.77378 0.0000e+00
      16258    228.187     1.5493     1.5447   2.976125   2.975837     1.9498     2.3468      7.982     0.7616     0.0690 1.0715e-01    -0.1152   102.9214     6.8535     7.1264    34.0797    34.0810    27.2680    27.2694    7.77383 0.0000e+00
      16261    228.141     1.5492     1.5447   2.976146   2.975842     1.9502     2.3468      7.982     0.7405     0.1479 1.0715e-01    -0.1148   102.9124     6.8537     7.1249    34.0801    34.0811    27.2683    27.2695    7.77382 0.0000e+00
      16264    228.100     1.5496     1.5447   2.976168   2.975826     1.9510     2.3464      7.982     0.7193     0.1084 1.0715e-01    -0.1152   102.9214     6.8537     7.1237    34.0800    34.0810    27.2682    27.2693    7.77376 0.0000e+00
      16267    228.060     1.5495     1.5447   2.976178   2.975816     1.9498     2.3464      7.982     0.7299     0.0690 1.0715e-01    -0.1145   102.9033     6.8468     7.1251    34.0803    34.0808    27.2684    27.2692    7.77376 0.0000e+00
      16270    228.020     1.5498     1.5446   2.976205   2.975822     1.9494     2.3476      7.982     0.7193     1.8456 1.0740e-01    -0.1148   102.9124     6.8462     7.1299    34.0803    34.0810    27.2684    27.2694    7.77370 0.0000e+00
      16273    227.978     1.5495     1.5446   2.976146   2.975838     1.9506     2.3476      7.982     0.7299     3.1484 1.0727e-01    -0.1152   102.9214     6.8539     7.1298    34.0799    34.0812    27.2681    27.2695    7.77378 0.0000e+00
      16276    227.937     1.5493     1.5450   2.976139   2.975837     1.9502     2.3472      7.982     0.7299     3.1089 1.0727e-01    -0.1148   102.9124     6.8516     7.1277    34.0801    34.0808    27.2683    27.2692    7.77381 0.0000e+00
      16279    227.893     1.5490     1.5450   2.976129   2.975828     1.9506     2.3480      7.982     0.7299     3.1089 1.0727e-01    -0.1152   102.9214     6.8546     7.1286    34.0803    34.0808    27.2685    27.2691    7.77386 0.0000e+00
      16282    227.851     1.5491     1.5449   2.976135   2.975817     1.9506     2.3472      7.982     0.7193     3.1089 1.0752e-01    -0.1148   102.9124     6.8557     7.1229    34.0802    34.0807    27.2684    27.2692    7.77384 0.0000e+00
      16285    227.812     1.5489     1.5448   2.976128   2.975796     1.9506     2.3472      7.982     0.7299     3.1089 1.0740e-01    -0.1152   102.9214     6.8563     7.1231    34.0803    34.0806    27.2685    27.2691    7.77387 0.0000e+00
      16288    227.765     1.5491     1.5448   2.976132   2.975825     1.9494     2.3472      7.982     0.7405     3.1089 1.0715e-01    -0.1152   102.9214     6.8534     7.1239    34.0802    34.0810    27.2684    27.2694    7.77384 0.0000e+00
      16291    227.720     1.5489     1.5446   2.976126   2.975798     1.9502     2.3480      7.982     0.7616     3.1089 1.0715e-01    -0.1152   102.9214     6.8587     7.1261    34.0804    34.0809    27.2686    27.2692    7.77386 0.0000e+00
      16294    227.672     1.5491     1.5445   2.976105   2.975797     1.9502     2.3476      7.982     0.7616     3.1089 1.0715e-01    -0.1152   102.9214     6.8577     7.1222    34.0800    34.0810    27.2682    27.2694    7.77386 0.0000e+00
      16297    227.622     1.5490     1.5444   2.976111   2.975774     1.9506     2.3476      7.982     0.7510     1.0165 1.0727e-01    -0.1152   102.9214     6.8578     7.1221    34.0802    34.0809    27.2684    27.2692    7.77387 0.0000e+00
      16300    227.569     1.5491     1.5445   2.976090   2.975783     1.9506     2.3476      7.982     0.7616     0.7006 1.0727e-01    -0.1152   102.9214     6.8578     7.1222    34.0798    34.0809    27.2681    27.2694    7.77386 0.0000e+00
      16303    227.513     1.5491     1.5443   2.976098   2.975766     1.9506     2.3476      7.982     0.7510     0.7401 1.0715e-01    -0.1152   102.9214     6.8606     7.1209    34.0799    34.0809    27.2682    27.2694    7.77385 0.0000e+00
      16306    227.455     1.5493     1.5443   2.976114   2.975761     1.9502     2.3476      7.982     0.7510     0.7401 1.0715e-01    -0.1152   102.9214     6.8603     7.1230    34.0800    34.0809    27.2682    27.2693    7.77381 0.0000e+00
      16309    227.393     1.5489     1.5443   2.976079   2.975736     1.9514     2.3480      7.982     0.7616     0.7401 1.0727e-01    -0.1152   102.9214     6.8666     7.1229    34.0800    34.0806    27.2682    27.2691    7.77389 0.0000e+00
      16312    227.330     1.5489     1.5443   2.976095   2.975759     1.9506     2.3488      7.982     0.7405     0.7401 1.0727e-01    -0.1152   102.9214     6.8620     7.1247    34.0803    34.0809    27.2685    27.2694    7.77388 0.0000e+00
      16315    227.266     1.5488     1.5442   2.976078   2.975750     1.9506     2.3480      7.982     0.7616     0.7401 1.0715e-01    -0.1152   102.9214     6.8606     7.1226    34.0802    34.0810    27.2684    27.2694    7.77390 0.0000e+00
      16318    227.197     1.5486     1.5442   2.976067   2.975741     1.9510     2.3476      7.982     0.7616     0.7006 1.0727e-01    -0.1152   102.9214     6.8585     7.1217    34.0803    34.0809    27.2685    27.2694    7.77394 0.0000e+00
      16321    227.126     1.5484     1.5442   2.976028   2.975719     1.9506     2.3480      7.982     0.7510     0.7006 1.0727e-01    -0.1152   102.9214     6.8540     7.1224    34.0800    34.0807    27.2683    27.2692    7.77399 0.0000e+00
      16324    227.052     1.5487     1.5441   2.976040   2.975711     1.9510     2.3476      7.982     0.7510     0.4637 1.0740e-01    -0.1134   102.8762     6.8558     7.1198    34.0799    34.0807    27.2682    27.2692    7.77394 0.0000e+00
      16327    226.973     1.5480     1.5432   2.975938   2.975575     1.9514     2.3476      7.982     0.7722     0.4637 1.0727e-01    -0.1131   102.8672     6.8595     7.1182    34.0794    34.0800    27.2679    27.2686    7.77410 0.0000e+00
      16330    226.894     1.5478     1.5422   2.975955   2.975474     1.9510     2.3488      7.982     0.7510     0.4637 1.0727e-01    -0.1138   102.8853     6.8565     7.1232    34.0800    34.0798    27.2683    27.2686    7.77412 0.0000e+00
      16333    226.814     1.5484     1.5416   2.975989   2.975438     1.9510     2.3476      7.982     0.7510     0.5032 1.0715e-01    -0.1134   102.8762     6.8567     7.1176    34.0798    34.0801    27.2681    27.2689    7.77401 0.0000e+00
      16336    226.733     1.5483     1.5415   2.975973   2.975427     1.9510     2.3480      7.982     0.7510     0.5032 1.0715e-01    -0.1138   102.8853     6.8578     7.1216    34.0797    34.0801    27.2681    27.2689    7.77403 0.0000e+00
      16339    226.646     1.5474     1.5416   2.975869   2.975427     1.9514     2.3488      7.982     0.7510     0.5032 1.0715e-01    -0.1138   102.8853     6.8589     7.1275    34.0794    34.0801    27.2679    27.2689    7.77423 0.0000e+00
      16342    226.559     1.5469     1.5415   2.975820   2.975388     1.9498     2.3480      7.982     0.7299     0.4637 1.0727e-01    -0.1131   102.8672     6.8519     7.1224    34.0794    34.0797    27.2679    27.2686    7.77433 0.0000e+00
      16345    226.471     1.5463     1.5411   2.975772   2.975365     1.9506     2.3484      7.982     0.7299     0.4637 1.0715e-01    -0.1145   102.9033     6.8562     7.1212    34.0794    34.0800    27.2680    27.2688    7.77444 0.0000e+00
