Datasets/AZMP/TEL210/tel210_2020_025.cnv
* Sea-Bird SBE 9 Data File:
* FileName = C:\CTDDATA\tel210_2020_025.hex
* Software Version Seasave V 7.26.7.110
* Temperature SN = 1697
* Conductivity SN = 4216
* Number of Bytes Per Scan = 30
* Number of Voltage Words = 4
* Number of Scans Averaged by the Deck Unit = 1
* NMEA baud rate = 4800
** VESSEL/TRIP/SEQ STN:  tel210_2020_025
** LATITUDE XX XX.XX: 47 00.00 N
** LONGITUDE XX XX.XX: 045 30.00 W
** SOUNDING DEPTH (M): 0250
** PROBE TYPE: S1146
** CTD NUMBER: 024
** COMMENTS (14 CHAR): FC-23
** BOTTLES:  10
** LEVELS: 5,10,20,30,40,50,75,100,150,BTM
** STICKERS: 435902 - 435911
** VNET: Y
** DO2: N
# nquan = 22
# nvalues = 5334                        
# units = specified
# name 0 = scan: Scan Count
# name 1 = prDM: Pressure, Digiquartz [db]
# name 2 = t090C: Temperature [ITS-90, deg C]
# name 3 = t190C: Temperature, 2 [ITS-90, deg C]
# name 4 = c0S/m: Conductivity [S/m]
# name 5 = c1S/m: Conductivity, 2 [S/m]
# name 6 = sbeox0V: Oxygen raw, SBE 43 [V]
# name 7 = sbeox1V: Oxygen raw, SBE 43, 2 [V]
# name 8 = ph: pH
# name 9 = flECO-AFL: Fluorescence, WET Labs ECO-AFL/FL [mg/m^3]
# name 10 = wetCDOM: Fluorescence, WET Labs CDOM [mg/m^3]
# name 11 = par/sat/log: PAR/Logarithmic, Satlantic [umol photons/m^2/sec]
# name 12 = CStarAt0: Beam Attenuation, WET Labs C-Star [1/m]
# name 13 = CStarTr0: Beam Transmission, WET Labs C-Star [%]
# name 14 = sbeox0ML/L: Oxygen, SBE 43 [ml/l], WS = 2
# name 15 = sbeox1ML/L: Oxygen, SBE 43, 2 [ml/l], WS = 2
# name 16 = sal00: Salinity, Practical [PSU]
# name 17 = sal11: Salinity, Practical, 2 [PSU]
# name 18 = sigma-t00: Density [sigma-t, kg/m^3 ]
# name 19 = sigma-t11: Density, 2 [sigma-t, kg/m^3 ]
# name 20 = oxsatML/L: Oxygen Saturation, Weiss [ml/l]
# name 21 = flag: flag
# span 0 =         53,      49941       
# span 1 =      0.264,    252.835       
# span 2 =     3.7127,    11.1518       
# span 3 =     3.7076,    11.1451       
# span 4 =   3.188596,   3.752025       
# span 5 =   3.187761,   3.750930       
# span 6 =     1.6471,     2.4326       
# span 7 =     1.9694,     2.9692       
# span 8 =      7.882,      8.212       
# span 9 =    -0.6325,     5.3911       
# span 10 =    -2.8130,   482.1870      
# span 11 = 1.0678e-01, 2.1857e+00      
# span 12 =    -0.1240,     2.0540      
# span 13 =    59.8399,   103.1475      
# span 14 =     5.0081,     7.7160      
# span 15 =     5.2226,     8.0963      
# span 16 =    33.1474,    34.8257      
# span 17 =    33.3224,    34.8244      
# span 18 =    25.3060,    27.6279      
# span 19 =    25.4434,    27.6271      
# span 20 =    6.22680,    7.34089      
# span 21 = 0.0000e+00, 0.0000e+00      
# interval = scans: 3                   
# start_time = Jul 17 2020 22:42:13 [System UTC, header]
# bad_flag = -9.990e-29
*END*
[from data line 4675]
      29844     51.977     5.2398     5.2160   3.294902   3.292433     2.2156     2.6875      8.126     4.2617     8.5570 1.0715e-01     0.0649    98.3908     7.1661     7.4722    34.1389    34.1348    26.9647    26.9643    7.08823 0.0000e+00
      29847     51.949     5.2396     5.2124   3.294643   3.292463     2.2164     2.6888      8.126     4.2719     8.5570 1.0715e-01     0.0649    98.3908     7.1699     7.4770    34.1361    34.1388    26.9626    26.9679    7.08840 0.0000e+00
      29850     51.924     5.2412     5.2096   3.294688   3.292215     2.2168     2.6888      8.126     4.2719     8.5570 1.0715e-01     0.0649    98.3908     7.1705     7.4773    34.1350    34.1388    26.9615    26.9682    7.08818 0.0000e+00
      29853     51.900     5.2521     5.2084   3.295312   3.292144     2.2168     2.6880      8.126     4.2719     8.3991 1.0715e-01     0.0649    98.3908     7.1699     7.4734    34.1311    34.1393    26.9571    26.9688    7.08651 0.0000e+00
      29913     51.876     5.2545     5.2234   3.295578   3.293260     2.2201     2.6937      8.126     4.2617     7.0568 1.0715e-01     0.0656    98.3727     7.1744     7.4840    34.1317    34.1368    26.9573    26.9650    7.08607 0.0000e+00
      30029     51.834     5.2516     5.2534   3.295598   3.295535     2.2254     2.7042      8.126     4.2210     7.2542 1.0715e-01     0.0682    98.3094     7.1788     7.5038    34.1349    34.1323    26.9601    26.9579    7.08641 0.0000e+00
      30032     51.793     5.2519     5.2534   3.295636   3.295459     2.2254     2.7042      8.128     4.2413     7.2542 1.0715e-01     0.0682    98.3094     7.1775     7.5030    34.1351    34.1315    26.9603    26.9573    7.08635 0.0000e+00
      30035     51.754     5.2521     5.2525   3.295648   3.295352     2.2266     2.7042      8.126     4.2413     7.2542 1.0703e-01     0.0682    98.3094     7.1834     7.5034    34.1350    34.1312    26.9602    26.9571    7.08632 0.0000e+00
      30038     51.722     5.2532     5.2518   3.295706   3.295259     2.2262     2.7042      8.129     4.2210     9.0307 1.0715e-01     0.0678    98.3185     7.1826     7.5025    34.1345    34.1309    26.9597    26.9570    7.08615 0.0000e+00
      30041     51.694     5.2546     5.2514   3.295822   3.295249     2.2262     2.7046      8.126     4.2413    10.0571 1.0715e-01     0.0682    98.3094     7.1848     7.5038    34.1345    34.1311    26.9595    26.9572    7.08592 0.0000e+00
      30177     51.629     5.2636     5.2548   3.296405   3.295573     2.2274     2.7091      8.126     3.3561     9.5045 1.0715e-01     0.0616    98.4722     7.1827     7.5220    34.1320    34.1314    26.9565    26.9571    7.08450 0.0000e+00
      30180     51.513     5.2647     5.2574   3.296428   3.295805     2.2282     2.7079      8.126     3.3764     9.5045 1.0703e-01     0.0616    98.4722     7.1872     7.5163    34.1312    34.1315    26.9557    26.9569    7.08435 0.0000e+00
      30183     51.399     5.2635     5.2609   3.296378   3.295967     2.2278     2.7087      8.126     3.3764     9.5045 1.0715e-01     0.0623    98.4541     7.1878     7.5161    34.1319    34.1299    26.9564    26.9551    7.08452 0.0000e+00
      30186     51.289     5.2634     5.2615   3.296392   3.295958     2.2287     2.7091      8.126     3.3866     9.5045 1.0715e-01     0.0638    98.4179     7.1929     7.5154    34.1323    34.1292    26.9567    26.9545    7.08453 0.0000e+00
      30189     51.179     5.2636     5.2618   3.296405   3.295959     2.2282     2.7095      8.126     3.3764     9.5045 1.0715e-01     0.0638    98.4179     7.1918     7.5157    34.1323    34.1290    26.9567    26.9543    7.08450 0.0000e+00
      30192     51.075     5.2639     5.2620   3.296459   3.295986     2.2282     2.7091      8.127     3.3764     9.5045 1.0703e-01     0.0638    98.4179     7.1919     7.5134    34.1326    34.1291    26.9569    26.9544    7.08442 0.0000e+00
      30195     50.976     5.2649     5.2625   3.296514   3.296052     2.2291     2.7091      8.127     3.3968    10.1756 1.0715e-01     0.0638    98.4179     7.1957     7.5100    34.1323    34.1295    26.9566    26.9546    7.08427 0.0000e+00
      30198     50.884     5.2654     5.2631   3.296541   3.296118     2.2291     2.7091      8.129     3.3866    10.6099 1.0715e-01     0.0634    98.4270     7.1964     7.5076    34.1322    34.1296    26.9564    26.9546    7.08419 0.0000e+00
      30201     50.799     5.2663     5.2635   3.296546   3.296116     2.2291     2.7087      8.129     3.3866    10.6099 1.0715e-01     0.0634    98.4270     7.1962     7.5066    34.1314    34.1292    26.9557    26.9543    7.08408 0.0000e+00
      30204     50.720     5.2672     5.2642   3.296591   3.296176     2.2295     2.7091      8.130     3.3764    10.6099 1.0715e-01     0.0645    98.3998     7.1973     7.5080    34.1310    34.1293    26.9552    26.9542    7.08394 0.0000e+00
      30207     50.651     5.2672     5.2665   3.296569   3.296297     2.2299     2.7091      8.129     3.3866    10.5704 1.0715e-01     0.0649    98.3908     7.1983     7.5056    34.1308    34.1284    26.9551    26.9533    7.08395 0.0000e+00
      30210     50.590     5.2675     5.2674   3.296579   3.296310     2.2295     2.7099      8.127     3.3764    10.5704 1.0715e-01     0.0649    98.3908     7.1958     7.5083    34.1306    34.1276    26.9549    26.9525    7.08390 0.0000e+00
      30213     50.540     5.2702     5.2663   3.296755   3.296230     2.2299     2.7099      8.129     3.3968    10.5704 1.0715e-01     0.0649    98.3908     7.1984     7.5066    34.1299    34.1278    26.9540    26.9528    7.08347 0.0000e+00
      30216     50.498     5.2708     5.2648   3.296786   3.296177     2.2299     2.7095      8.130     3.3866    10.5704 1.0715e-01     0.0649    98.3908     7.1976     7.5053    34.1297    34.1287    26.9538    26.9538    7.08339 0.0000e+00
      30219     50.465     5.2687     5.2631   3.296655   3.296041     2.2299     2.7087      8.127     3.3663    10.6099 1.0715e-01     0.0649    98.3908     7.1977     7.5019    34.1303    34.1289    26.9545    26.9541    7.08371 0.0000e+00
      30321     50.423     5.2790     5.2752   3.297483   3.296950     2.2368     2.7152      8.130     4.0989    11.0441 1.0715e-01     0.0682    98.3094     7.2230     7.5350    34.1293    34.1271    26.9525    26.9512    7.08200 0.0000e+00
      30324     50.361     5.2832     5.2781   3.297714   3.297143     2.2368     2.7164      8.130     4.1090    11.0441 1.0715e-01     0.0686    98.3004     7.2217     7.5384    34.1277    34.1264    26.9508    26.9503    7.08137 0.0000e+00
      30327     50.301     5.2842     5.2809   3.297791   3.297348     2.2364     2.7156      8.130     4.1192    10.4125 1.0715e-01     0.0704    98.2552     7.2201     7.5376    34.1276    34.1259    26.9506    26.9496    7.08120 0.0000e+00
      30330     50.240     5.2863     5.2829   3.297906   3.297495     2.2372     2.7152      8.130     4.1090    10.4520 1.0715e-01     0.0704    98.2552     7.2228     7.5382    34.1269    34.1256    26.9498    26.9491    7.08089 0.0000e+00
      30333     50.184     5.2859     5.2840   3.297929   3.297589     2.2364     2.7156      8.130     4.0480    10.4125 1.0703e-01     0.0704    98.2552     7.2203     7.5395    34.1275    34.1255    26.9503    26.9489    7.08092 0.0000e+00
      30336     50.127     5.2862     5.2863   3.297907   3.297738     2.2368     2.7168      8.130     4.0480    10.3730 1.0703e-01     0.0704    98.2552     7.2229     7.5439    34.1271    34.1250    26.9499    26.9483    7.08089 0.0000e+00
      30339     50.072     5.2858     5.2870   3.297751   3.297760     2.2376     2.7164      8.132     4.0684    10.4125 1.0715e-01     0.0704    98.2552     7.2266     7.5432    34.1256    34.1246    26.9489    26.9478    7.08102 0.0000e+00
      30342     50.021     5.2859     5.2872   3.297781   3.297770     2.2376     2.7168      8.132     4.0582    10.4125 1.0703e-01     0.0704    98.2552     7.2259     7.5459    34.1259    34.1245    26.9491    26.9477    7.08099 0.0000e+00
      30345     49.977     5.2813     5.2875   3.297521   3.297826     2.2376     2.7168      8.133     4.0480    10.4125 1.0715e-01     0.0697    98.2733     7.2278     7.5459    34.1276    34.1249    26.9509    26.9480    7.08169 0.0000e+00
      30348     49.933     5.2815     5.2884   3.297613   3.297859     2.2376     2.7173      8.133     4.0582    10.4520 1.0715e-01     0.0682    98.3094     7.2285     7.5470    34.1285    34.1243    26.9516    26.9475    7.08162 0.0000e+00
      30351     49.895     5.2875     5.2888   3.298040   3.297886     2.2380     2.7189      8.133     4.0480    10.2940 1.0715e-01     0.0682    98.3094     7.2301     7.5544    34.1273    34.1243    26.9500    26.9474    7.08066 0.0000e+00
      30354     49.863     5.2972     5.2880   3.298530   3.297820     2.2380     2.7177      8.132     4.0480     9.8598 1.0715e-01     0.0682    98.3094     7.2296     7.5500    34.1230    34.1244    26.9454    26.9475    7.07920 0.0000e+00
      30357     49.835     5.2992     5.2874   3.298702   3.297770     2.2388     2.7189      8.135     4.0277     9.8598 1.0715e-01     0.0682    98.3094     7.2317     7.5523    34.1230    34.1243    26.9452    26.9476    7.07886 0.0000e+00
      31789     49.798     5.3079     5.3181   3.299494   3.300080     2.2482     2.7315      8.140     4.2311    12.3865 1.0715e-01     0.0726    98.2009     7.2616     7.5759    34.1233    34.1196    26.9444    26.9403    7.07738 0.0000e+00
      31792     49.754     5.3087     5.3179   3.299630   3.300029     2.2478     2.7323      8.140     4.2413    12.1101 1.0715e-01     0.0726    98.2009     7.2629     7.5800    34.1240    34.1193    26.9448    26.9400    7.07720 0.0000e+00
      31795     49.717     5.3147     5.3172   3.300140   3.299951     2.2482     2.7311      8.140     4.2210    11.9127 1.0703e-01     0.0722    98.2099     7.2653     7.5756    34.1238    34.1191    26.9440    26.9399    7.07620 0.0000e+00
      31798     49.684     5.3245     5.3163   3.300702   3.299888     2.2486     2.7319      8.140     4.0684    11.9127 1.0703e-01     0.0726    98.2009     7.2655     7.5805    34.1202    34.1193    26.9400    26.9402    7.07469 0.0000e+00
      31801     49.657     5.3268     5.3158   3.300808   3.299876     2.2490     2.7327      8.140     3.9158    11.9127 1.0715e-01     0.0708    98.2461     7.2689     7.5841    34.1192    34.1197    26.9388    26.9406    7.07436 0.0000e+00
      31828     49.610     5.3286     5.3173   3.300939   3.300008     2.2510     2.7347      8.141     4.2108    10.9257 1.0703e-01     0.0708    98.2461     7.2785     7.5956    34.1189    34.1197    26.9384    26.9404    7.07407 0.0000e+00
      31873     49.561     5.3333     5.3213   3.301371   3.300281     2.2547     2.7372      8.144     4.7806     8.6754 1.0715e-01     0.0715    98.2280     7.2949     7.6123    34.1190    34.1188    26.9379    26.9392    7.07325 0.0000e+00
      31876     49.516     5.3338     5.3221   3.301347   3.300312     2.2543     2.7372      8.143     4.6178     8.6754 1.0715e-01     0.0719    98.2190     7.2952     7.6125    34.1182    34.1183    26.9373    26.9388    7.07321 0.0000e+00
      31879     49.464     5.3337     5.3235   3.301297   3.300375     2.2551     2.7380      8.144     4.3736     8.6754 1.0715e-01     0.0719    98.2190     7.2990     7.6166    34.1178    34.1176    26.9370    26.9381    7.07324 0.0000e+00
      31882     49.402     5.3334     5.3255   3.301230   3.300487     2.2555     2.7384      8.143     4.3838     8.6754 1.0715e-01     0.0730    98.1919     7.3029     7.6174    34.1174    34.1169    26.9367    26.9372    7.07332 0.0000e+00
      31885     49.336     5.3324     5.3272   3.301143   3.300561     2.2555     2.7388      8.143     4.3838     8.6754 1.0703e-01     0.0726    98.2009     7.3046     7.6186    34.1174    34.1160    26.9368    26.9363    7.07348 0.0000e+00
      31888     49.263     5.3311     5.3269   3.300961   3.300457     2.2559     2.7396      8.144     4.4042     8.6754 1.0715e-01     0.0730    98.1919     7.3067     7.6241    34.1167    34.1153    26.9364    26.9357    7.07374 0.0000e+00
      31891     49.180     5.3296     5.3249   3.300771   3.300114     2.2559     2.7400      8.144     4.3838     8.6754 1.0715e-01     0.0726    98.2009     7.3068     7.6274    34.1161    34.1134    26.9361    26.9345    7.07402 0.0000e+00
      31894     49.089     5.3264     5.3221   3.300340   3.299811     2.2563     2.7400      8.143     4.3838     8.6754 1.0715e-01     0.0726    98.2009     7.3094     7.6265    34.1145    34.1127    26.9352    26.9343    7.07464 0.0000e+00
      31897     48.985     5.3235     5.3197   3.300042   3.299517     2.2571     2.7400      8.144     4.3940     9.5045 1.0715e-01     0.0726    98.2009     7.3134     7.6264    34.1140    34.1119    26.9352    26.9340    7.07515 0.0000e+00
      31900     48.879     5.3219     5.3162   3.299836   3.299103     2.2571     2.7400      8.144     4.3940     9.9387 1.0715e-01     0.0730    98.1919     7.3143     7.6260    34.1134    34.1108    26.9349    26.9335    7.07546 0.0000e+00
      31903     48.772     5.3187     5.3140   3.299441   3.298929     2.2575     2.7409      8.144     4.2312     9.8993 1.0703e-01     0.0708    98.2461     7.3146     7.6275    34.1121    34.1111    26.9342    26.9340    7.07605 0.0000e+00
      31906     48.658     5.3172     5.3128   3.299283   3.298798     2.2575     2.7405      8.145     4.1498     9.8993 1.0715e-01     0.0708    98.2461     7.3137     7.6263    34.1119    34.1109    26.9342    26.9339    7.07632 0.0000e+00
      31909     48.539     5.3158     5.3118   3.299103   3.298660     2.2584     2.7417      8.145     4.1396     9.8598 1.0715e-01     0.0704    98.2552     7.3165     7.6318    34.1114    34.1104    26.9340    26.9337    7.07659 0.0000e+00
      31912     48.414     5.3146     5.3110   3.299001   3.298581     2.2588     2.7429      8.145     4.1396     9.8993 1.0703e-01     0.0704    98.2552     7.3190     7.6378    34.1115    34.1103    26.9342    26.9337    7.07678 0.0000e+00
      31915     48.285     5.3147     5.3103   3.299005   3.298450     2.2588     2.7433      8.145     4.1396     9.8993 1.0715e-01     0.0708    98.2461     7.3193     7.6408    34.1115    34.1096    26.9342    26.9332    7.07676 0.0000e+00
      31918     48.153     5.3138     5.3096   3.298844   3.298380     2.2588     2.7421      8.145     4.1498     9.8598 1.0715e-01     0.0708    98.2461     7.3188     7.6386    34.1106    34.1096    26.9337    26.9333    7.07696 0.0000e+00
      31921     48.015     5.3128     5.3090   3.298701   3.298175     2.2596     2.7429      8.145     4.1498     9.8203 1.0715e-01     0.0704    98.2552     7.3226     7.6446    34.1101    34.1080    26.9333    26.9321    7.07715 0.0000e+00
      31924     47.880     5.3105     5.3076   3.298338   3.298135     2.2596     2.7433      8.145     4.1498     8.3596 1.0715e-01     0.0682    98.3094     7.3244     7.6465    34.1083    34.1089    26.9322    26.9330    7.07762 0.0000e+00
      31927     47.744     5.3069     5.3074   3.297814   3.297974     2.2592     2.7433      8.145     4.1091     8.2017 1.0715e-01     0.0682    98.3094     7.3261     7.6482    34.1061    34.1074    26.9308    26.9318    7.07834 0.0000e+00
      31930     47.615     5.3050     5.3056   3.297581   3.297736     2.2596     2.7449      8.145     3.5393     8.2017 1.0715e-01     0.0686    98.3004     7.3307     7.6555    34.1054    34.1065    26.9305    26.9314    7.07870 0.0000e+00
      31933     47.486     5.3045     5.3064   3.297471   3.297875     2.2604     2.7453      8.145     3.4782     8.2017 1.0715e-01     0.0682    98.3094     7.3348     7.6566    34.1047    34.1074    26.9301    26.9319    7.07882 0.0000e+00
