Datasets/AZMP/TEL210/tel210_2020_026.cnv
* Sea-Bird SBE 9 Data File:
* FileName = C:\CTDDATA\tel210_2020_026.hex
* Software Version Seasave V 7.26.7.110
* Temperature SN = 1697
* Conductivity SN = 4216
* Number of Bytes Per Scan = 30
* Number of Voltage Words = 4
* Number of Scans Averaged by the Deck Unit = 1
* NMEA baud rate = 4800
** VESSEL/TRIP/SEQ STN:  tel210_2020_026
** LATITUDE XX XX.XX: 47 00.00 N
** LONGITUDE XX XX.XX: 045 12.80 W
** SOUNDING DEPTH (M): 0169
** PROBE TYPE: S1146
** CTD NUMBER: 025
** COMMENTS (14 CHAR): FC-24
** BOTTLES:  10
** LEVELS: 5,10,20,30,40,50,75,100,150,BTM
** STICKERS: 435912 - 435921
** VNET: Y
** DO2: Y
# nquan = 22
# nvalues = 3978                        
# units = specified
# name 0 = scan: Scan Count
# name 1 = prDM: Pressure, Digiquartz [db]
# name 2 = t090C: Temperature [ITS-90, deg C]
# name 3 = t190C: Temperature, 2 [ITS-90, deg C]
# name 4 = c0S/m: Conductivity [S/m]
# name 5 = c1S/m: Conductivity, 2 [S/m]
# name 6 = sbeox0V: Oxygen raw, SBE 43 [V]
# name 7 = sbeox1V: Oxygen raw, SBE 43, 2 [V]
# name 8 = ph: pH
# name 9 = flECO-AFL: Fluorescence, WET Labs ECO-AFL/FL [mg/m^3]
# name 10 = wetCDOM: Fluorescence, WET Labs CDOM [mg/m^3]
# name 11 = par/sat/log: PAR/Logarithmic, Satlantic [umol photons/m^2/sec]
# name 12 = CStarAt0: Beam Attenuation, WET Labs C-Star [1/m]
# name 13 = CStarTr0: Beam Transmission, WET Labs C-Star [%]
# name 14 = sbeox0ML/L: Oxygen, SBE 43 [ml/l], WS = 2
# name 15 = sbeox1ML/L: Oxygen, SBE 43, 2 [ml/l], WS = 2
# name 16 = sal00: Salinity, Practical [PSU]
# name 17 = sal11: Salinity, Practical, 2 [PSU]
# name 18 = sigma-t00: Density [sigma-t, kg/m^3 ]
# name 19 = sigma-t11: Density, 2 [sigma-t, kg/m^3 ]
# name 20 = oxsatML/L: Oxygen Saturation, Weiss [ml/l]
# name 21 = flag: flag
# span 0 =         36,      51747       
# span 1 =      1.820,    164.852       
# span 2 =     3.6922,    11.5427       
# span 3 =     3.6866,    11.5431       
# span 4 =   3.187157,   3.752406       
# span 5 =   3.186530,   3.752199       
# span 6 =     1.8882,     2.4304       
# span 7 =     2.2797,     2.9694       
# span 8 =      7.936,      8.218       
# span 9 =    -0.6121,     6.9275       
# span 10 =    -2.8130,   482.1870      
# span 11 = 1.0580e-01, 3.0827e-01      
# span 12 =    -0.1057,     0.2365      
# span 13 =    94.2581,   102.6773      
# span 14 =     6.0815,     7.8335      
# span 15 =     6.3075,     8.2179      
# span 16 =    32.9761,    34.6226      
# span 17 =    32.9741,    34.6196      
# span 18 =    25.1055,    27.5114      
# span 19 =    25.1047,    27.5095      
# span 20 =    6.18787,    7.34563      
# span 21 = 0.0000e+00, 0.0000e+00      
# interval = scans: 3                   
# start_time = Jul 18 2020 01:09:00 [System UTC, header]
# bad_flag = -9.990e-29
*END*
[from data line 2503]
      18420    109.665     3.7480     3.7430   3.192563   3.192122     1.9271     2.3277      7.938    -0.5511     2.8325 1.0715e-01    -0.0947   102.3969     6.2090     6.4814    34.4577    34.4577    27.3805    27.3810    7.33531 0.0000e+00
      18423    109.566     3.7480     3.7428   3.192540   3.192117     1.9267     2.3273      7.938    -0.5409     4.8459 1.0715e-01    -0.0951   102.4060     6.2081     6.4797    34.4575    34.4579    27.3803    27.3811    7.33531 0.0000e+00
      18426    109.467     3.7480     3.7435   3.192535   3.192129     1.9267     2.3277      7.939    -0.5511     5.3987 1.0715e-01    -0.0947   102.3969     6.2079     6.4794    34.4576    34.4575    27.3804    27.3807    7.33532 0.0000e+00
      18429    109.368     3.7480     3.7435   3.192529   3.192122     1.9263     2.3277      7.939    -0.5714     5.3592 1.0715e-01    -0.0947   102.3969     6.2085     6.4798    34.4574    34.4574    27.3803    27.3806    7.33532 0.0000e+00
      18432    109.270     3.7479     3.7434   3.192532   3.192128     1.9259     2.3273      7.936    -0.5918     5.3592 1.0715e-01    -0.0951   102.4060     6.2077     6.4796    34.4577    34.4576    27.3804    27.3808    7.33533 0.0000e+00
      18435    109.175     3.7480     3.7439   3.192517   3.192101     1.9259     2.3265      7.936    -0.5714     5.3592 1.0715e-01    -0.0944   102.3879     6.2093     6.4781    34.4575    34.4568    27.3803    27.3802    7.33533 0.0000e+00
      18438    109.083     3.7478     3.7430   3.192497   3.192096     1.9271     2.3265      7.936    -0.5816     5.3592 1.0727e-01    -0.0962   102.4331     6.2141     6.4821    34.4575    34.4578    27.3803    27.3810    7.33535 0.0000e+00
      18441    108.990     3.7479     3.7429   3.192490   3.192069     1.9259     2.3257      7.939    -0.5714     5.3592 1.0715e-01    -0.0951   102.4060     6.2110     6.4819    34.4573    34.4576    27.3802    27.3808    7.33535 0.0000e+00
      18444    108.899     3.7479     3.7431   3.192472   3.192088     1.9263     2.3265      7.938    -0.5816     5.7934 1.0715e-01    -0.0955   102.4150     6.2133     6.4865    34.4572    34.4576    27.3801    27.3809    7.33536 0.0000e+00
      18447    108.809     3.7480     3.7432   3.192476   3.192064     1.9263     2.3257      7.936    -0.5816     6.3067 1.0715e-01    -0.0958   102.4241     6.2135     6.4838    34.4571    34.4574    27.3800    27.3807    7.33533 0.0000e+00
      18450    108.719     3.7471     3.7431   3.192471   3.192085     1.9259     2.3253      7.936    -0.5816     6.3067 1.0715e-01    -0.0958   102.4241     6.2121     6.4847    34.4581    34.4577    27.3808    27.3809    7.33545 0.0000e+00
      18453    108.630     3.7475     3.7436   3.192472   3.192065     1.9271     2.3265      7.936    -0.5714     6.3067 1.0715e-01    -0.0951   102.4060     6.2173     6.4908    34.4577    34.4569    27.3805    27.3803    7.33540 0.0000e+00
      18456    108.544     3.7482     3.7438   3.192462   3.192075     1.9267     2.3253      7.936    -0.5409     6.3067 1.0715e-01    -0.0955   102.4150     6.2151     6.4884    34.4569    34.4570    27.3798    27.3803    7.33531 0.0000e+00
      18459    108.454     3.7473     3.7437   3.192457   3.192054     1.9259     2.3253      7.938    -0.5409     6.3067 1.0715e-01    -0.0958   102.4241     6.2097     6.4914    34.4579    34.4569    27.3807    27.3802    7.33543 0.0000e+00
      18462    108.369     3.7468     3.7436   3.192432   3.192051     1.9259     2.3261      7.936    -0.5409     6.3067 1.0715e-01    -0.0958   102.4241     6.2111     6.4954    34.4581    34.4570    27.3809    27.3803    7.33550 0.0000e+00
      18465    108.287     3.7472     3.7437   3.192429   3.192068     1.9263     2.3261      7.941    -0.5511     6.3067 1.0715e-01    -0.0962   102.4331     6.2125     6.4951    34.4577    34.4571    27.3806    27.3804    7.33545 0.0000e+00
      18468    108.202     3.7463     3.7436   3.192411   3.192029     1.9259     2.3257      7.938    -0.5511     6.2672 1.0715e-01    -0.0962   102.4331     6.2085     6.4935    34.4585    34.4568    27.3812    27.3801    7.33558 0.0000e+00
      18471    108.116     3.7467     3.7437   3.192400   3.192054     1.9259     2.3253      7.936    -0.5511     1.1349 1.0715e-01    -0.0962   102.4331     6.2087     6.4921    34.4580    34.4570    27.3808    27.3804    7.33553 0.0000e+00
      18474    108.035     3.7467     3.7437   3.192407   3.192012     1.9255     2.3261      7.936    -0.5511    -0.5627 1.0715e-01    -0.0958   102.4241     6.2068     6.4944    34.4582    34.4566    27.3810    27.3800    7.33553 0.0000e+00
      18477    107.956     3.7463     3.7431   3.192387   3.192027     1.9263     2.3253      7.939    -0.5511    -0.4443 1.0715e-01    -0.0951   102.4060     6.2098     6.4910    34.4584    34.4574    27.3812    27.3807    7.33559 0.0000e+00
      18480    107.873     3.7467     3.7433   3.192381   3.191987     1.9259     2.3253      7.936    -0.5613    -0.4443 1.0715e-01    -0.0947   102.3969     6.2110     6.4907    34.4580    34.4568    27.3808    27.3802    7.33554 0.0000e+00
      18483    107.788     3.7472     3.7433   3.192398   3.191972     1.9259     2.3265      7.938    -0.5613    -0.4443 1.0715e-01    -0.0951   102.4060     6.2111     6.4932    34.4576    34.4566    27.3805    27.3801    7.33546 0.0000e+00
      18486    107.700     3.7467     3.7430   3.192387   3.191967     1.9263     2.3253      7.939    -0.5511    -0.4443 1.0715e-01    -0.0951   102.4060     6.2102     6.4890    34.4580    34.4569    27.3809    27.3804    7.33552 0.0000e+00
      18489    107.618     3.7473     3.7431   3.192356   3.191952     1.9251     2.3253      7.936    -0.5511    -0.4443 1.0715e-01    -0.0951   102.4060     6.2050     6.4877    34.4571    34.4567    27.3800    27.3801    7.33546 0.0000e+00
      18492    107.542     3.7474     3.7434   3.192357   3.191919     1.9255     2.3253      7.939    -0.5511    -0.4443 1.0715e-01    -0.0951   102.4060     6.2058     6.4886    34.4571    34.4560    27.3800    27.3796    7.33545 0.0000e+00
      18495    107.463     3.7467     3.7435   3.192350   3.191900     1.9259     2.3253      7.938    -0.5409    -0.2074 1.0715e-01    -0.0951   102.4060     6.2066     6.4869    34.4578    34.4558    27.3806    27.3794    7.33554 0.0000e+00
      18498    107.383     3.7469     3.7433   3.192336   3.191915     1.9259     2.3253      7.939    -0.5511     2.5561 1.0715e-01    -0.0962   102.4331     6.2056     6.4832    34.4574    34.4563    27.3804    27.3798    7.33552 0.0000e+00
      18501    107.300     3.7470     3.7432   3.192312   3.191890     1.9255     2.3253      7.939    -0.5409     2.6351 1.0715e-01    -0.0965   102.4421     6.2034     6.4818    34.4571    34.4560    27.3801    27.3796    7.33553 0.0000e+00
      18504    107.223     3.7466     3.7431   3.192300   3.191895     1.9259     2.3245      7.939    -0.5511     2.6351 1.0715e-01    -0.0965   102.4421     6.2053     6.4777    34.4574    34.4563    27.3804    27.3798    7.33558 0.0000e+00
      18507    107.153     3.7466     3.7432   3.192292   3.191823     1.9251     2.3253      7.939    -0.5511     2.6351 1.0715e-01    -0.0969   102.4512     6.2023     6.4785    34.4573    34.4554    27.3803    27.3791    7.33558 0.0000e+00
      18510    107.100     3.7465     3.7432   3.192305   3.191853     1.9251     2.3253      7.938    -0.5511     2.6351 1.0715e-01    -0.0965   102.4421     6.2041     6.4778    34.4576    34.4557    27.3805    27.3794    7.33558 0.0000e+00
      19335    107.060     3.7488     3.7443   3.192348   3.191966     1.9247     2.3241      7.939    -0.5511    69.9864 1.0715e-01    -0.0951   102.4060     6.2091     6.4888    34.4557    34.4559    27.3788    27.3794    7.33526 0.0000e+00
      19338    107.024     3.7486     3.7442   3.192361   3.191976     1.9247     2.3237      7.941    -0.5511    -1.0759 1.0715e-01    -0.0951   102.4060     6.2115     6.4880    34.4561    34.4561    27.3791    27.3796    7.33528 0.0000e+00
      19341    106.984     3.7484     3.7442   3.192357   3.191928     1.9247     2.3241      7.938    -0.5613     1.9640 1.0715e-01    -0.0951   102.4060     6.2105     6.4930    34.4563    34.4556    27.3793    27.3792    7.33531 0.0000e+00
      19344    106.935     3.7486     3.7443   3.192365   3.191957     1.9247     2.3241      7.941    -0.5511     1.8060 1.0715e-01    -0.0955   102.4150     6.2082     6.4954    34.4562    34.4559    27.3792    27.3794    7.33527 0.0000e+00
      19347    106.878     3.7486     3.7441   3.192324   3.191933     1.9243     2.3241      7.939    -0.5511     1.8060 1.0715e-01    -0.0972   102.4602     6.2068     6.4969    34.4558    34.4559    27.3789    27.3794    7.33530 0.0000e+00
      19350    106.808     3.7486     3.7441   3.192351   3.191961     1.9247     2.3245      7.939    -0.5511     1.8060 1.0715e-01    -0.0972   102.4602     6.2085     6.4959    34.4561    34.4562    27.3791    27.3796    7.33527 0.0000e+00
      19353    106.738     3.7481     3.7441   3.192336   3.191904     1.9251     2.3249      7.941    -0.5511     1.8060 1.0715e-01    -0.0972   102.4602     6.2114     6.4981    34.4565    34.4555    27.3795    27.3791    7.33535 0.0000e+00
      19356    106.653     3.7483     3.7440   3.192327   3.191946     1.9243     2.3241      7.938    -0.5511     1.8060 1.0715e-01    -0.0972   102.4602     6.2078     6.4972    34.4562    34.4562    27.3793    27.3797    7.33533 0.0000e+00
      19359    106.559     3.7481     3.7441   3.192280   3.191904     1.9251     2.3241      7.941    -0.5613     2.2798 1.0715e-01    -0.0972   102.4602     6.2109     6.4983    34.4559    34.4557    27.3790    27.3793    7.33538 0.0000e+00
      19362    106.456     3.7481     3.7439   3.192276   3.191893     1.9255     2.3241      7.939    -0.5511     4.9249 1.0715e-01    -0.0972   102.4602     6.2131     6.4983    34.4559    34.4558    27.3790    27.3793    7.33537 0.0000e+00
      19365    106.347     3.7482     3.7438   3.192263   3.191837     1.9247     2.3253      7.941    -0.5409     4.8854 1.0715e-01    -0.0954   102.4150     6.2100     6.5032    34.4558    34.4553    27.3789    27.3790    7.33537 0.0000e+00
      19368    106.232     3.7480     3.7435   3.192227   3.191820     1.9247     2.3253      7.938    -0.5511     4.8854 1.0715e-01    -0.0940   102.3788     6.2080     6.5028    34.4555    34.4554    27.3788    27.3791    7.33541 0.0000e+00
      19371    106.112     3.7481     3.7434   3.192214   3.191761     1.9251     2.3253      7.941    -0.5511     4.8854 1.0715e-01    -0.0940   102.3788     6.2082     6.5018    34.4554    34.4549    27.3786    27.3787    7.33540 0.0000e+00
      19374    105.983     3.7477     3.7433   3.192113   3.191760     1.9247     2.3241      7.939    -0.5409     4.8854 1.0715e-01    -0.0940   102.3788     6.2072     6.4984    34.4547    34.4551    27.3781    27.3788    7.33551 0.0000e+00
      19377    105.850     3.7477     3.7434   3.192096   3.191777     1.9247     2.3257      7.939    -0.5409     4.8854 1.0715e-01    -0.0940   102.3788     6.2080     6.5053    34.4545    34.4552    27.3780    27.3789    7.33551 0.0000e+00
      19380    105.713     3.7474     3.7437   3.192070   3.191793     1.9247     2.3253      7.941    -0.5409     4.8854 1.0715e-01    -0.0940   102.3788     6.2088     6.5037    34.4546    34.4553    27.3781    27.3790    7.33558 0.0000e+00
      19383    105.575     3.7472     3.7434   3.192011   3.191750     1.9247     2.3253      7.938    -0.5613     4.8854 1.0715e-01    -0.0940   102.3788     6.2103     6.5028    34.4542    34.4551    27.3778    27.3788    7.33563 0.0000e+00
      19386    105.433     3.7470     3.7427   3.191924   3.191573     1.9251     2.3253      7.941    -0.5511     5.3591 1.0715e-01    -0.0958   102.4240     6.2136     6.5008    34.4535    34.4538    27.3772    27.3778    7.33570 0.0000e+00
      19389    105.293     3.7465     3.7417   3.191846   3.191420     1.9251     2.3261      7.941    -0.5511     6.0698 1.0715e-01    -0.0972   102.4602     6.2140     6.5042    34.4532    34.4531    27.3770    27.3774    7.33581 0.0000e+00
      19392    105.155     3.7463     3.7416   3.191810   3.191392     1.9239     2.3253      7.938    -0.5511     6.0698 1.0727e-01    -0.0969   102.4512     6.2087     6.5026    34.4530    34.4530    27.3769    27.3774    7.33585 0.0000e+00
      19395    105.023     3.7465     3.7418   3.191791   3.191395     1.9247     2.3253      7.939    -0.5511     6.0698 1.0715e-01    -0.0965   102.4421     6.2142     6.5037    34.4526    34.4528    27.3766    27.3772    7.33583 0.0000e+00
      19398    104.894     3.7466     3.7420   3.191819   3.191366     1.9259     2.3265      7.941    -0.5816     6.0698 1.0715e-01    -0.0972   102.4602     6.2187     6.5072    34.4529    34.4524    27.3768    27.3769    7.33580 0.0000e+00
      19401    104.771     3.7466     3.7421   3.191821   3.191370     1.9251     2.3265      7.941    -0.5816     6.0698 1.0715e-01    -0.0972   102.4602     6.2142     6.5054    34.4530    34.4523    27.3768    27.3768    7.33579 0.0000e+00
      19404    104.652     3.7466     3.7423   3.191778   3.191354     1.9251     2.3253      7.938    -0.5613     6.0698 1.0715e-01    -0.0969   102.4512     6.2144     6.5019    34.4525    34.4521    27.3765    27.3765    7.33581 0.0000e+00
      19407    104.541     3.7464     3.7423   3.191783   3.191335     1.9263     2.3265      7.939    -0.5714     6.0698 1.0715e-01    -0.0962   102.4331     6.2197     6.5068    34.4529    34.4519    27.3768    27.3764    7.33584 0.0000e+00
      19410    104.438     3.7467     3.7422   3.191743   3.191342     1.9247     2.3257      7.938    -0.5816     6.0698 1.0715e-01    -0.0969   102.4512     6.2134     6.5033    34.4522    34.4521    27.3762    27.3766    7.33582 0.0000e+00
      19413    104.344     3.7465     3.7422   3.191745   3.191318     1.9251     2.3269      7.939    -0.5816   331.2586 1.0715e-01    -0.0965   102.4421     6.2156     6.5082    34.4524    34.4518    27.3764    27.3764    7.33584 0.0000e+00
      19416    104.259     3.7467     3.7421   3.191757   3.191291     1.9255     2.3269      7.941    -0.5714   482.0686 1.0715e-01    -0.0965   102.4421     6.2170     6.5094    34.4525    34.4517    27.3764    27.3763    7.33581 0.0000e+00
      19419    104.188     3.7465     3.7420   3.191735   3.191261     1.9259     2.3265      7.939    -0.5918   480.9237 1.0715e-01    -0.0965   102.4421     6.2163     6.5075    34.4524    34.4515    27.3764    27.3761    7.33584 0.0000e+00
      19422    104.127     3.7466     3.7420   3.191718   3.191267     1.9247     2.3265      7.941    -0.5613   481.2395 1.0715e-01    -0.0965   102.4421     6.2110     6.5074    34.4521    34.4516    27.3761    27.3762    7.33583 0.0000e+00
      19425    104.078     3.7464     3.7420   3.191690   3.191278     1.9255     2.3269      7.939    -0.5511   481.2395 1.0715e-01    -0.0965   102.4421     6.2149     6.5091    34.4520    34.4517    27.3761    27.3763    7.33587 0.0000e+00
      19460    104.033     3.7465     3.7422   3.191724   3.191342     1.9259     2.3265      7.941    -0.5511   323.0470 1.0715e-01    -0.0979   102.4783     6.2169     6.5033    34.4524    34.4524    27.3764    27.3768    7.33584 0.0000e+00
      19527    103.897     3.7467     3.7423   3.191780   3.191398     1.9268     2.3274      7.941    -0.5613     6.6620 1.0715e-01    -0.0969   102.4512     6.2214     6.4991    34.4529    34.4529    27.3768    27.3772    7.33578 0.0000e+00
