Datasets/AZMP/TEL210/tel210_2020_010.cnv
* Sea-Bird SBE 9 Data File:
* FileName = C:\CTDDATA\tel210_2020_010.hex
* Software Version Seasave V 7.26.7.110
* Temperature SN = 1697
* Conductivity SN = 4216
* Number of Bytes Per Scan = 30
* Number of Voltage Words = 4
* Number of Scans Averaged by the Deck Unit = 1
* NMEA baud rate = 4800
** VESSEL/TRIP/SEQ STN:  tel210_2020_010
** LATITUDE XX XX.XX: 47 00.00 N
** LONGITUDE XX XX.XX: 050 40.00 W
** SOUNDING DEPTH (M): 0178
** PROBE TYPE: S1146
** CTD NUMBER: 009
** COMMENTS (14 CHAR): FC-08
** BOTTLES:  0
** LEVELS:
** STICKERS:
** VNET: N
** DO2: N
# nquan = 22
# nvalues = 3328                        
# units = specified
# name 0 = scan: Scan Count
# name 1 = prDM: Pressure, Digiquartz [db]
# name 2 = t090C: Temperature [ITS-90, deg C]
# name 3 = t190C: Temperature, 2 [ITS-90, deg C]
# name 4 = c0S/m: Conductivity [S/m]
# name 5 = c1S/m: Conductivity, 2 [S/m]
# name 6 = sbeox0V: Oxygen raw, SBE 43 [V]
# name 7 = sbeox1V: Oxygen raw, SBE 43, 2 [V]
# name 8 = ph: pH
# name 9 = flECO-AFL: Fluorescence, WET Labs ECO-AFL/FL [mg/m^3]
# name 10 = wetCDOM: Fluorescence, WET Labs CDOM [mg/m^3]
# name 11 = par/sat/log: PAR/Logarithmic, Satlantic [umol photons/m^2/sec]
# name 12 = CStarAt0: Beam Attenuation, WET Labs C-Star [1/m]
# name 13 = CStarTr0: Beam Transmission, WET Labs C-Star [%]
# name 14 = sbeox0ML/L: Oxygen, SBE 43 [ml/l], WS = 2
# name 15 = sbeox1ML/L: Oxygen, SBE 43, 2 [ml/l], WS = 2
# name 16 = sal00: Salinity, Practical [PSU]
# name 17 = sal11: Salinity, Practical, 2 [PSU]
# name 18 = sigma-t00: Density [sigma-t, kg/m^3 ]
# name 19 = sigma-t11: Density, 2 [sigma-t, kg/m^3 ]
# name 20 = oxsatML/L: Oxygen Saturation, Weiss [ml/l]
# name 21 = flag: flag
# span 0 =          2,      13121       
# span 1 =      1.275,    171.223       
# span 2 =    -0.3354,    11.2550       
# span 3 =    -0.3408,    11.2504       
# span 4 =   2.729394,   3.632894       
# span 5 =   2.729004,   3.632676       
# span 6 =     1.8009,     2.3955       
# span 7 =     2.1777,     2.9097       
# span 8 =      7.765,      8.122       
# span 9 =    -0.6019,     2.1656       
# span 10 =    -2.8130,   482.1870      
# span 11 = 1.0690e-01, 2.4886e+01      
# span 12 =    -0.1460,     0.1587      
# span 13 =    96.1120,   103.7172      
# span 14 =     6.2596,     8.2280      
# span 15 =     6.1680,     8.7709      
# span 16 =    32.0274,    32.9548      
# span 17 =    32.0456,    32.9546      
# span 18 =    24.4197,    26.4696      
# span 19 =    24.4494,    26.4697      
# span 20 =    6.26259,    8.23182      
# span 21 = 0.0000e+00, 0.0000e+00      
# interval = scans: 3                   
# start_time = Jul 15 2020 21:55:22 [System UTC, header]
# bad_flag = -9.990e-29
*END*
[from data line 3029]
      11923     38.120     3.3705     3.5668   3.001896   3.017658     2.2872     2.8014      8.039     0.6089   480.9237 6.8373e-01    -0.0461   101.1580     7.9508     8.3266    32.6006    32.5922    25.9373    25.9126    7.49656 0.0000e+00
      11926     38.021     3.2461     3.5925   2.992403   3.021899     2.2884     2.8030      8.040     0.5885   481.2395 6.9088e-01    -0.0461   101.1580     7.9853     8.3287    32.6119    32.6170    25.9574    25.9299    7.51936 0.0000e+00
      11929     37.920     3.3430     3.6438   3.000322   3.025083     2.2888     2.8038      8.041     0.5987   481.2395 6.9409e-01    -0.0539   101.3570     7.9660     8.3260    32.6094    32.6037    25.9468    25.9145    7.50127 0.0000e+00
      11932     37.817     3.3885     3.6126   3.004277   3.021790     2.2893     2.8050      8.041     0.5987   481.2395 6.9489e-01    -0.0639   101.6102     7.9593     8.3419    32.6112    32.5957    25.9441    25.9111    7.49266 0.0000e+00
      11935     37.711     3.3731     3.5902   3.003718   3.020714     2.2897     2.8063      8.041     0.7106   481.2395 6.9570e-01    -0.0635   101.6011     7.9635     8.3531    32.6201    32.6053    25.9526    25.9209    7.49510 0.0000e+00
      11938     37.602     3.4835     3.5897   3.015441   3.020308     2.2901     2.8075      8.040     0.7106   481.2395 7.0134e-01    -0.0632   101.5921     7.9385     8.3577    32.6495    32.6011    25.9659    25.9175    7.47301 0.0000e+00
      11941     37.494     3.5358     3.5976   3.017135   3.022243     2.2917     2.8087      8.042     0.7106   481.2395 7.1362e-01    -0.0632   101.5921     7.9368     8.3573    32.6173    32.6162    25.9354    25.9289    7.46487 0.0000e+00
      11944     37.386     3.5586     3.6578   3.020101   3.026018     2.2925     2.8099      8.042     0.7310   100.7405 7.1692e-01    -0.0632   101.5921     7.9355     8.3451    32.6299    32.6010    25.9434    25.9111    7.46001 0.0000e+00
      11947     37.272     3.6405     3.6667   3.026266   3.027023     2.2929     2.8111      8.041     0.7208    -1.9839 7.1858e-01    -0.0632   101.5921     7.9197     8.3439    32.6214    32.6042    25.9290    25.9127    7.44526 0.0000e+00
      11950     37.155     3.6793     3.6870   3.028245   3.028455     2.2933     2.8115      8.041     0.7106     1.0165 7.3200e-01    -0.0632   101.5921     7.9140     8.3340    32.6061    32.6009    25.9131    25.9083    7.43882 0.0000e+00
      11953     37.041     3.6880     3.6990   3.028696   3.029390     2.2942     2.8132      8.041     0.7208     0.8586 7.3456e-01    -0.0635   101.6011     7.9155     8.3327    32.6028    32.6001    25.9097    25.9065    7.43738 0.0000e+00
      11956     36.926     3.6894     3.7079   3.028700   3.030168     2.2946     2.8132      8.041     0.7208     0.8586 7.4825e-01    -0.0635   101.6011     7.9189     8.3253    32.6016    32.6005    25.9086    25.9060    7.43719 0.0000e+00
      11959     36.805     3.6793     3.7165   3.027978   3.030660     2.2962     2.8136      8.041     0.6903     0.8586 7.5874e-01    -0.0635   101.6011     7.9266     8.3178    32.6032    32.5978    25.9108    25.9030    7.43898 0.0000e+00
      11962     36.689     3.6974     3.7198   3.030078   3.030952     2.2962     2.8144      8.041     0.6597     0.8586 7.7466e-01    -0.0635   101.6011     7.9172     8.3130    32.6101    32.5981    25.9146    25.9029    7.43529 0.0000e+00
      11965     36.574     3.7206     3.7146   3.031544   3.030763     2.2970     2.8148      8.041     0.6597     0.8586 7.7919e-01    -0.0632   101.5921     7.9112     8.3097    32.6043    32.6011    25.9078    25.9058    7.43129 0.0000e+00
      11968     36.467     3.7268     3.7331   3.031777   3.032238     2.2978     2.8160      8.041     0.6597    51.6286 7.9004e-01    -0.0643   101.6192     7.9122     8.3049    32.6010    32.6001    25.9045    25.9033    7.43031 0.0000e+00
      11971     36.361     3.7300     3.7673   3.031861   3.035042     2.2982     2.8160      8.041     0.6496   462.1316 7.9646e-01    -0.0802   102.0262     7.9112     8.2901    32.5989    32.5993    25.9026    25.8994    7.42983 0.0000e+00
      11974     36.258     3.7359     3.8468   3.032251   3.039792     2.2994     2.8164      8.043     0.6496   481.5553 8.0759e-01    -0.0813   102.0533     7.9127     8.2687    32.5977    32.5764    25.9010    25.8734    7.42880 0.0000e+00
      11977     36.165     3.7363     3.8938   3.032469   3.043262     2.2994     2.8172      8.043     0.6699   481.0816 8.1040e-01    -0.0809   102.0443     7.9083     8.2560    32.5999    32.5707    25.9027    25.8644    7.42861 0.0000e+00
      11980     36.080     3.7370     3.9591   3.032604   3.048772     2.3007     2.8176      8.041     0.6496   481.2395 8.1698e-01    -0.0813   102.0533     7.9127     8.2405    32.6008    32.5708    25.9034    25.8581    7.42843 0.0000e+00
      11983     36.001     3.7550     4.0254   3.033613   3.052836     2.3007     2.8172      8.044     0.6597   481.2395 8.2077e-01    -0.0813   102.0533     7.9079     8.2220    32.5948    32.5529    25.8970    25.8374    7.42542 0.0000e+00
      11986     35.933     3.7910     3.9698   3.037333   3.048212     2.2998     2.8176      8.046     0.5885   481.2000 8.3416e-01    -0.0813   102.0533     7.8925     8.2302    32.6031    32.5537    25.9001    25.8435    7.41839 0.0000e+00
      11989     35.874     3.8083     4.0121   3.037619   3.054833     2.3015     2.8181      8.044     0.5478   481.2395 8.4778e-01    -0.0831   102.0985     7.8934     8.2164    32.5892    32.5898    25.8874    25.8680    7.41589 0.0000e+00
      11992     35.824     3.8107     4.1112   3.037717   3.061609     2.3019     2.8181      8.046     0.5478   481.2395 8.5071e-01    -0.0898   102.2703     7.8931     8.1920    32.5880    32.5711    25.8862    25.8434    7.41551 0.0000e+00
      11995     35.786     3.8005     4.1283   3.037056   3.062292     2.3023     2.8172      8.046     0.5580   316.4540 8.5367e-01    -0.0898   102.2703     7.8974     8.1848    32.5904    32.5621    25.8891    25.8345    7.41727 0.0000e+00
      11999     35.754     3.8685     4.1248   3.044109   3.061804     2.3027     2.8176      8.046     0.5478    -2.5761 8.6460e-01    -0.0894   102.2613     7.8824     8.1856    32.6062    32.5600    25.8950    25.8331    7.40403 0.0000e+00
      12028     35.617     4.0598     4.1454   3.056204   3.063142     2.3080     2.8193      8.045     0.3036     2.5167 8.4484e-01    -0.0909   102.2975     7.8638     8.2051    32.5586    32.5553    25.8385    25.8273    7.37142 0.0000e+00
      12031     35.588     4.0466     4.1448   3.055226   3.062774     2.3084     2.8185      8.045     0.3036     2.5167 8.5071e-01    -0.0909   102.2975     7.8710     8.2055    32.5602    32.5516    25.8411    25.8245    7.37374 0.0000e+00
      12034     35.550     4.0354     4.1291   3.055219   3.061719     2.3088     2.8193      8.045     0.3036     2.5167 8.4679e-01    -0.0916   102.3156     7.8751     8.2144    32.5713    32.5547    25.8510    25.8286    7.37524 0.0000e+00
      12037     35.503     4.0420     4.1126   3.055626   3.060714     2.3084     2.8209      8.045     0.2731     2.5167 8.4679e-01    -0.0916   102.3156     7.8704     8.2251    32.5696    32.5594    25.8490    25.8339    7.37412 0.0000e+00
      12040     35.449     4.0356     4.1015   3.054943   3.060061     2.3084     2.8201      8.045     0.1713     2.5167 8.5071e-01    -0.0916   102.3156     7.8712     8.2273    32.5679    32.5627    25.8483    25.8376    7.37537 0.0000e+00
      12043     35.383     4.0520     4.0972   3.056773   3.059663     2.3100     2.8217      8.045     0.1917     2.5167 8.6160e-01    -0.0919   102.3246     7.8744     8.2357    32.5733    32.5623    25.8509    25.8377    7.37213 0.0000e+00
      12046     35.307     4.0696     4.0759   3.057799   3.057579     2.3096     2.8221      8.045     0.1917     2.5167 8.6762e-01    -0.0916   102.3156     7.8680     8.2414    32.5678    32.5590    25.8449    25.8372    7.36919 0.0000e+00
      12049     35.219     4.1149     4.0630   3.061390   3.057591     2.3104     2.8217      8.046     0.1815     3.6221 8.8076e-01    -0.0909   102.2975     7.8616     8.2424    32.5652    32.5720    25.8382    25.8489    7.36109 0.0000e+00
      12052     35.121     4.1303     4.1161   3.061639   3.061167     2.3108     2.8221      8.044     0.1917     3.7405 8.8379e-01    -0.0891   102.2522     7.8589     8.2315    32.5529    32.5614    25.8270    25.8352    7.35891 0.0000e+00
      12055     35.006     4.1478     4.1341   3.063158   3.061356     2.3117     2.8225      8.044     0.1713     3.7800 8.9100e-01    -0.0894   102.2613     7.8559     8.2250    32.5534    32.5458    25.8256    25.8210    7.35570 0.0000e+00
      12058     34.878     4.1414     4.1248   3.061523   3.060466     2.3125     2.8233      8.044     0.1713     3.7010 9.0553e-01    -0.0894   102.2613     7.8603     8.2227    32.5407    32.5447    25.8161    25.8210    7.35749 0.0000e+00
      12061     34.735     4.1123     4.1027   3.059973   3.059440     2.3125     2.8242      8.046     0.1815     3.7010 9.0447e-01    -0.0894   102.2613     7.8636     8.2260    32.5514    32.5546    25.8275    25.8311    7.36225 0.0000e+00
      12064     34.578     4.0829     4.1034   3.058530   3.059361     2.3129     2.8246      8.045     0.1306     3.7405 9.2032e-01    -0.0898   102.2703     7.8645     8.2224    32.5636    32.5531    25.8402    25.8298    7.36698 0.0000e+00
      12067     34.414     4.1659     4.1038   3.066170   3.059662     2.3133     2.8242      8.047     0.1001     3.7010 9.3533e-01    -0.0894   102.2613     7.8402     8.2151    32.5712    32.5563    25.8379    25.8323    7.35156 0.0000e+00
      12070     34.244     4.2103     4.0928   3.067467   3.059150     2.3137     2.8242      8.046     0.0899     3.7010 9.4401e-01    -0.0887   102.2432     7.8297     8.2135    32.5425    32.5612    25.8107    25.8373    7.34493 0.0000e+00
      12073     34.065     4.2251     4.0982   3.068276   3.059401     2.3137     2.8250      8.049     0.0797     2.9904 9.5277e-01    -0.0873   102.2070     7.8216     8.2118    32.5374    32.5589    25.8052    25.8350    7.34250 0.0000e+00
      12076     33.876     4.2303     4.1343   3.068340   3.062380     2.3133     2.8242      8.049     0.0899    -0.1679 9.5277e-01    -0.0877   102.2161     7.8147     8.1962    32.5331    32.5582    25.8012    25.8308    7.34177 0.0000e+00
      12079     33.686     4.2306     4.1850   3.068405   3.065257     2.3129     2.8233      8.049     0.1001    -0.0889 9.6721e-01    -0.0877   102.2161     7.8100     8.1787    32.5337    32.5419    25.8016    25.8128    7.34169 0.0000e+00
      12082     33.490     4.2370     4.2037   3.069230   3.066198     2.3145     2.8233      8.049     0.0899    -0.0889 9.7281e-01    -0.0877   102.2161     7.8123     8.1722    32.5371    32.5345    25.8038    25.8050    7.34038 0.0000e+00
      12085     33.293     4.2597     4.2378   3.070306   3.068799     2.3141     2.8242      8.049     0.1001    -0.0889 9.8185e-01    -0.0873   102.2070     7.8043     8.1662    32.5274    32.5314    25.7937    25.7991    7.33675 0.0000e+00
      12088     33.095     4.2508     4.2635   3.069245   3.069967     2.3129     2.8233      8.049     0.0899    -0.0889 9.9441e-01    -0.0877   102.2161     7.7995     8.1571    32.5238    32.5198    25.7918    25.7873    7.33852 0.0000e+00
      12091     32.897     4.2469     4.2583   3.068780   3.069623     2.3129     2.8233      8.049     0.0187    -0.0889 1.0002e+00    -0.0873   102.2070     7.7971     8.1588    32.5223    32.5209    25.7910    25.7887    7.33930 0.0000e+00
      12094     32.698     4.2277     4.2898   3.067779   3.071826     2.3137     2.8233      8.049    -0.0016    -0.0889 1.0154e+00    -0.0877   102.2161     7.8023     8.1524    32.5298    32.5158    25.7988    25.7814    7.34241 0.0000e+00
      12097     32.500     4.2606     4.2939   3.070414   3.072172     2.3141     2.8233      8.049     0.0086    -0.0889 1.0248e+00    -0.0877   102.2161     7.7980     8.1533    32.5282    32.5159    25.7942    25.7810    7.33655 0.0000e+00
      12100     32.304     4.2797     4.3027   3.071590   3.072905     2.3141     2.8233      8.049     0.0086    -0.2074 1.0307e+00    -0.0877   102.2161     7.7954     8.1559    32.5232    32.5158    25.7883    25.7801    7.33335 0.0000e+00
      12103     32.106     4.2932     4.3494   3.072744   3.076212     2.3145     2.8233      8.049     0.0187    -0.3258 1.0488e+00    -0.0877   102.2161     7.7917     8.1475    32.5234    32.5085    25.7871    25.7696    7.33090 0.0000e+00
      12106     31.910     4.3386     4.3565   3.076204   3.076265     2.3133     2.8233      8.048    -0.0016    -0.3258 1.0658e+00    -0.0880   102.2251     7.7766     8.1467    32.5191    32.5022    25.7791    25.7638    7.32294 0.0000e+00
      12109     31.724     4.3795     4.3669   3.078305   3.076585     2.3141     2.8233      8.048    -0.0016    -0.3258 1.0845e+00    -0.0877   102.2161     7.7738     8.1468    32.5035    32.4958    25.7625    25.7576    7.31637 0.0000e+00
      12112     31.549     4.3858     4.3559   3.077916   3.075272     2.3137     2.8221      8.048    -0.0016    -0.3258 1.0997e+00    -0.0877   102.2161     7.7725     8.1464    32.4927    32.4914    25.7533    25.7553    7.31575 0.0000e+00
      12115     31.381     4.3705     4.3145   3.076779   3.072352     2.3129     2.8233      8.048     0.0289    -0.3258 1.1228e+00    -0.0877   102.2161     7.7713     8.1611    32.4947    32.4981    25.7564    25.7649    7.31841 0.0000e+00
      12118     31.217     4.3530     4.3246   3.075458   3.072342     2.3137     2.8233      8.050     0.0594    -0.3258 1.1411e+00    -0.0877   102.2161     7.7763     8.1615    32.4966    32.4882    25.7597    25.7560    7.32145 0.0000e+00
      12121     31.064     4.3467     4.3023   3.074937   3.069541     2.3141     2.8233      8.051     0.0594    -0.3258 1.1517e+00    -0.0877   102.2161     7.7799     8.1699    32.4968    32.4775    25.7605    25.7498    7.32258 0.0000e+00
      12124     30.923     4.3351     4.2771   3.074277   3.068187     2.3137     2.8246      8.051     0.0594    -0.3258 1.1597e+00    -0.0877   102.2161     7.7813     8.1824    32.5006    32.4866    25.7647    25.7596    7.32448 0.0000e+00
      12127     30.794     4.3257     4.2668   3.073787   3.067906     2.3137     2.8233      8.051     0.0594     3.0299 1.1664e+00    -0.0870   102.1980     7.7847     8.1812    32.5043    32.4935    25.7686    25.7661    7.32599 0.0000e+00
      12130     30.677     4.3198     4.2814   3.073199   3.069150     2.3137     2.8242      8.050     0.0594     4.2537 1.1869e+00    -0.0877   102.2161     7.7909     8.1828    32.5032    32.4938    25.7684    25.7648    7.32710 0.0000e+00
      12133     30.573     4.3139     4.3148   3.072537   3.070151     2.3141     2.8237      8.050     0.0492     4.1748 1.2007e+00    -0.0926   102.3427     7.7948     8.1779    32.5014    32.4725    25.7675    25.7445    7.32826 0.0000e+00
      12136     30.488     4.3174     4.3153   3.072718   3.070403     2.3145     2.8242      8.053     0.0696     4.1748 1.2076e+00    -0.0930   102.3517     7.7990     8.1810    32.5000    32.4750    25.7661    25.7464    7.32768 0.0000e+00
      12139     30.415     4.3212     4.3026   3.072414   3.068924     2.3141     2.8246      8.048     0.0696     4.1748 1.2259e+00    -0.0930   102.3517     7.7981     8.1862    32.4928    32.4703    25.7599    25.7440    7.32735 0.0000e+00
      12142     30.355     4.3163     4.2914   3.070948   3.067479     2.3137     2.8250      8.051     0.0391     4.1748 1.2473e+00    -0.0926   102.3427     7.7991     8.1927    32.4805    32.4645    25.7507    25.7405    7.32883 0.0000e+00
