Datasets/AZMP/TEL210/tel210_2020_048.cnv
* Sea-Bird SBE 9 Data File:
* FileName = C:\CTDDATA\tel210_2020_048.hex
* Software Version Seasave V 7.26.7.110
* Temperature SN = 1697
* Conductivity SN = 4216
* Number of Bytes Per Scan = 30
* Number of Voltage Words = 4
* Number of Scans Averaged by the Deck Unit = 1
* NMEA baud rate = 4800
** VESSEL/TRIP/SEQ STN:  tel210_2020_048
** LATITUDE XX XX.XX: 49 41.00 N
** LONGITUDE XX XX.XX: 050 01.00 W
** SOUNDING DEPTH (M): 0602
** PROBE TYPE: S1146
** CTD NUMBER: 038
** COMMENTS (14 CHAR): BB-11
** BOTTLES:  12
** LEVELS: 5,10,20,30,40,50,75,100,150,250,500,BTM
** STICKERS: 436011 - 436022
** VNET: Y
** DO2: N
# nquan = 22
# nvalues = 13889                       
# units = specified
# name 0 = scan: Scan Count
# name 1 = prDM: Pressure, Digiquartz [db]
# name 2 = t090C: Temperature [ITS-90, deg C]
# name 3 = t190C: Temperature, 2 [ITS-90, deg C]
# name 4 = c0S/m: Conductivity [S/m]
# name 5 = c1S/m: Conductivity, 2 [S/m]
# name 6 = sbeox0V: Oxygen raw, SBE 43 [V]
# name 7 = sbeox1V: Oxygen raw, SBE 43, 2 [V]
# name 8 = ph: pH
# name 9 = flECO-AFL: Fluorescence, WET Labs ECO-AFL/FL [mg/m^3]
# name 10 = wetCDOM: Fluorescence, WET Labs CDOM [mg/m^3]
# name 11 = par/sat/log: PAR/Logarithmic, Satlantic [umol photons/m^2/sec]
# name 12 = CStarAt0: Beam Attenuation, WET Labs C-Star [1/m]
# name 13 = CStarTr0: Beam Transmission, WET Labs C-Star [%]
# name 14 = sbeox0ML/L: Oxygen, SBE 43 [ml/l], WS = 2
# name 15 = sbeox1ML/L: Oxygen, SBE 43, 2 [ml/l], WS = 2
# name 16 = sal00: Salinity, Practical [PSU]
# name 17 = sal11: Salinity, Practical, 2 [PSU]
# name 18 = sigma-t00: Density [sigma-t, kg/m^3 ]
# name 19 = sigma-t11: Density, 2 [sigma-t, kg/m^3 ]
# name 20 = oxsatML/L: Oxygen Saturation, Weiss [ml/l]
# name 21 = flag: flag
# span 0 =        120,      86495       
# span 1 =      0.290,    611.380       
# span 2 =     3.0301,     9.4759       
# span 3 =     3.0230,     9.3923       
# span 4 =   3.126119,   3.519891       
# span 5 =   3.125517,   3.510734       
# span 6 =     1.9328,     2.6439       
# span 7 =     2.3285,     3.2398       
# span 8 =      8.009,      8.326       
# span 9 =     0.6029,    13.8198       
# span 10 =    -2.8130,   482.1870      
# span 11 = 1.0715e-01, 2.2763e+03      
# span 12 =    -0.1226,     0.4607      
# span 13 =    89.1216,   103.1113      
# span 14 =     6.5350,     8.9121      
# span 15 =     6.8156,     9.3190      
# span 16 =    32.3306,    34.8427      
# span 17 =    32.4593,    34.8436      
# span 18 =    24.9812,    27.7261      
# span 19 =    25.0965,    27.7272      
# span 20 =    6.49432,    7.46795      
# span 21 = 0.0000e+00, 0.0000e+00      
# interval = scans: 3                   
# start_time = Jul 20 2020 17:02:43 [System UTC, header]
# bad_flag = -9.990e-29
*END*
[from data line 10535]
      45096    248.842     3.5301     3.5259   3.205274   3.205000     1.9898     2.4028      8.040     0.7510     0.1479 1.0715e-01    -0.1131   102.8672     6.6347     6.9214    34.7658    34.7670    27.6476    27.6490    7.35990 0.0000e+00
      45099    248.797     3.5297     3.5259   3.205282   3.205006     1.9898     2.4020      8.037     0.7616     0.1479 1.0715e-01    -0.1131   102.8672     6.6367     6.9152    34.7663    34.7671    27.6480    27.6491    7.35994 0.0000e+00
      45102    248.758     3.5298     3.5258   3.205262   3.204998     1.9902     2.4024      8.039     0.7405     0.1479 1.0715e-01    -0.1141   102.8943     6.6384     6.9178    34.7660    34.7671    27.6478    27.6490    7.35994 0.0000e+00
      45105    248.722     3.5297     3.5258   3.205281   3.204998     1.9894     2.4024      8.037     0.7510     0.1084 1.0715e-01    -0.1152   102.9214     6.6335     6.9195    34.7664    34.7671    27.6481    27.6491    7.35995 0.0000e+00
      45108    248.687     3.5297     3.5257   3.205274   3.204989     1.9890     2.4032      8.037     0.7299     0.6611 1.0715e-01    -0.1152   102.9214     6.6314     6.9231    34.7662    34.7671    27.6480    27.6491    7.35994 0.0000e+00
      45111    248.655     3.5299     3.5257   3.205271   3.204999     1.9902     2.4041      8.037     0.7616     2.6746 1.0715e-01    -0.1152   102.9214     6.6389     6.9286    34.7660    34.7673    27.6478    27.6492    7.35992 0.0000e+00
      45115    248.625     3.5300     3.5256   3.205286   3.204974     1.9898     2.4028      8.039     0.7616     2.6351 1.0715e-01    -0.1148   102.9124     6.6359     6.9266    34.7662    34.7671    27.6479    27.6490    7.35990 0.0000e+00
      45119    248.595     3.5301     3.5257   3.205290   3.204981     1.9902     2.4028      8.037     0.7616     2.6351 1.0715e-01    -0.1152   102.9214     6.6366     6.9257    34.7662    34.7670    27.6479    27.6490    7.35989 0.0000e+00
      45167    248.436     3.5299     3.5256   3.205280   3.204966     1.9890     2.4032      8.037     0.7510     2.1614 1.0715e-01    -0.1120   102.8400     6.6312     6.9186    34.7663    34.7671    27.6480    27.6491    7.35991 0.0000e+00
      45170    248.411     3.5297     3.5256   3.205275   3.204974     1.9898     2.4032      8.039     0.7722     2.1614 1.0715e-01    -0.1120   102.8400     6.6342     6.9163    34.7665    34.7672    27.6482    27.6491    7.35994 0.0000e+00
      45173    248.380     3.5299     3.5258   3.205284   3.204979     1.9898     2.4028      8.037     0.7616     2.1614 1.0715e-01    -0.1120   102.8400     6.6361     6.9147    34.7663    34.7671    27.6480    27.6491    7.35990 0.0000e+00
      45176    248.341     3.5299     3.5259   3.205279   3.204984     1.9902     2.4045      8.042     0.7510     2.1614 1.0715e-01    -0.1120   102.8400     6.6389     6.9237    34.7664    34.7670    27.6481    27.6490    7.35991 0.0000e+00
      45179    248.295     3.5300     3.5259   3.205272   3.204984     1.9898     2.4032      8.040     0.7510     2.1614 1.0727e-01    -0.1120   102.8400     6.6367     6.9183    34.7661    34.7670    27.6478    27.6490    7.35989 0.0000e+00
      45182    248.244     3.5301     3.5258   3.205264   3.204983     1.9894     2.4028      8.037     0.7510     2.1614 1.0715e-01    -0.1124   102.8491     6.6324     6.9178    34.7659    34.7672    27.6477    27.6491    7.35988 0.0000e+00
      45185    248.187     3.5298     3.5260   3.205255   3.204971     1.9898     2.4032      8.039     0.7510     2.1614 1.0715e-01    -0.1124   102.8491     6.6330     6.9190    34.7662    34.7669    27.6479    27.6489    7.35993 0.0000e+00
      45188    248.127     3.5301     3.5259   3.205273   3.204979     1.9894     2.4028      8.040     0.7405     0.8191 1.0715e-01    -0.1131   102.8672     6.6329     6.9176    34.7661    34.7671    27.6478    27.6491    7.35988 0.0000e+00
      45191    248.060     3.5302     3.5259   3.205255   3.204975     1.9898     2.4028      8.039     0.7616     0.2664 1.0715e-01    -0.1127   102.8581     6.6348     6.9177    34.7659    34.7671    27.6476    27.6490    7.35988 0.0000e+00
      45194    247.992     3.5302     3.5261   3.205271   3.204988     1.9898     2.4028      8.037     0.7510     0.3453 1.0715e-01    -0.1131   102.8672     6.6324     6.9172    34.7661    34.7671    27.6478    27.6490    7.35986 0.0000e+00
      45197    247.918     3.5301     3.5263   3.205264   3.205010     1.9906     2.4037      8.039     0.7405     0.3453 1.0715e-01    -0.1127   102.8581     6.6369     6.9206    34.7661    34.7672    27.6479    27.6491    7.35987 0.0000e+00
      45200    247.842     3.5303     3.5265   3.205288   3.205018     1.9898     2.4037      8.037     0.7510     0.3848 1.0715e-01    -0.1127   102.8581     6.6333     6.9204    34.7663    34.7671    27.6480    27.6490    7.35984 0.0000e+00
      45203    247.760     3.5305     3.5266   3.205275   3.205025     1.9894     2.4028      8.039     0.7616     0.3453 1.0715e-01    -0.1134   102.8762     6.6312     6.9191    34.7659    34.7672    27.6477    27.6490    7.35982 0.0000e+00
      45206    247.675     3.5308     3.5264   3.205273   3.204995     1.9890     2.4037      8.037     0.7616     0.3848 1.0715e-01    -0.1131   102.8672     6.6290     6.9212    34.7657    34.7670    27.6475    27.6489    7.35978 0.0000e+00
      45209    247.586     3.5307     3.5267   3.205267   3.205010     1.9894     2.4032      8.037     0.7616     0.3848 1.0715e-01    -0.1134   102.8762     6.6312     6.9176    34.7658    34.7669    27.6475    27.6488    7.35979 0.0000e+00
      45212    247.491     3.5306     3.5268   3.205261   3.204987     1.9902     2.4028      8.039     0.7616     0.4638 1.0715e-01    -0.1134   102.8762     6.6341     6.9173    34.7659    34.7666    27.6476    27.6485    7.35981 0.0000e+00
      45215    247.393     3.5306     3.5267   3.205269   3.204983     1.9898     2.4028      8.037     0.7510     1.8061 1.0715e-01    -0.1138   102.8853     6.6323     6.9174    34.7660    34.7667    27.6476    27.6486    7.35979 0.0000e+00
      45218    247.294     3.5309     3.5267   3.205256   3.205004     1.9898     2.4037      8.040     0.7616     1.9245 1.0715e-01    -0.1134   102.8762     6.6322     6.9192    34.7656    34.7670    27.6473    27.6489    7.35977 0.0000e+00
      45221    247.191     3.5308     3.5267   3.205244   3.204987     1.9898     2.4032      8.037     0.6876     1.9245 1.0715e-01    -0.1131   102.8672     6.6310     6.9158    34.7656    34.7669    27.6473    27.6488    7.35977 0.0000e+00
      45224    247.084     3.5308     3.5267   3.205262   3.204987     1.9894     2.4028      8.037     0.6770     1.9245 1.0715e-01    -0.1141   102.8943     6.6305     6.9167    34.7658    34.7669    27.6475    27.6488    7.35976 0.0000e+00
      45227    246.978     3.5310     3.5266   3.205246   3.204978     1.9894     2.4028      8.039     0.6875     1.9245 1.0715e-01    -0.1141   102.8943     6.6302     6.9167    34.7655    34.7670    27.6473    27.6488    7.35975 0.0000e+00
      45230    246.868     3.5309     3.5269   3.205256   3.204981     1.9898     2.4028      8.039     0.6770     1.9245 1.0715e-01    -0.1141   102.8943     6.6301     6.9173    34.7658    34.7667    27.6475    27.6486    7.35976 0.0000e+00
      45233    246.756     3.5309     3.5271   3.205244   3.205004     1.9898     2.4028      8.037     0.6875     1.9245 1.0715e-01    -0.1141   102.8943     6.6296     6.9188    34.7658    34.7668    27.6475    27.6487    7.35976 0.0000e+00
      45236    246.645     3.5311     3.5281   3.205250   3.205022     1.9898     2.4032      8.039     0.6664     1.9245 1.0715e-01    -0.1141   102.8943     6.6301     6.9192    34.7656    34.7660    27.6474    27.6480    7.35972 0.0000e+00
      45239    246.535     3.5314     3.5285   3.205292   3.205044     1.9898     2.4037      8.039     0.6875     1.4902 1.0715e-01    -0.1141   102.8943     6.6310     6.9194    34.7658    34.7660    27.6475    27.6479    7.35965 0.0000e+00
      45242    246.422     3.5318     3.5288   3.205303   3.205076     1.9894     2.4028      8.039     0.6981     0.3848 1.0715e-01    -0.1134   102.8762     6.6289     6.9154    34.7656    34.7662    27.6472    27.6480    7.35959 0.0000e+00
      45245    246.309     3.5323     3.5290   3.205335   3.205064     1.9890     2.4024      8.037     0.7087     0.5032 1.0715e-01    -0.1134   102.8762     6.6282     6.9148    34.7655    34.7659    27.6471    27.6477    7.35950 0.0000e+00
      45248    246.197     3.5329     3.5292   3.205373   3.205096     1.9894     2.4037      8.039     0.7510     0.5032 1.0715e-01    -0.1138   102.8853     6.6290     6.9209    34.7655    34.7660    27.6471    27.6478    7.35941 0.0000e+00
      45251    246.086     3.5336     3.5295   3.205354   3.205095     1.9894     2.4028      8.040     0.7405     0.5032 1.0715e-01    -0.1138   102.8853     6.6278     6.9167    34.7646    34.7657    27.6462    27.6476    7.35932 0.0000e+00
      45254    245.978     3.5335     3.5297   3.205344   3.205101     1.9894     2.4037      8.037     0.7616     0.5032 1.0715e-01    -0.1138   102.8853     6.6294     6.9187    34.7645    34.7657    27.6462    27.6475    7.35933 0.0000e+00
      45257    245.870     3.5339     3.5300   3.205383   3.205104     1.9898     2.4028      8.037     0.7510     0.4637 1.0727e-01    -0.1141   102.8943     6.6326     6.9138    34.7647    34.7655    27.6463    27.6474    7.35926 0.0000e+00
      45260    245.767     3.5339     3.5300   3.205352   3.205097     1.9898     2.4028      8.037     0.7510     0.5032 1.0715e-01    -0.1141   102.8943     6.6321     6.9141    34.7644    34.7655    27.6461    27.6473    7.35928 0.0000e+00
      45263    245.665     3.5340     3.5300   3.205354   3.205112     1.9894     2.4028      8.040     0.7616     0.5032 1.0715e-01    -0.1131   102.8672     6.6303     6.9144    34.7644    34.7656    27.6461    27.6475    7.35926 0.0000e+00
      45266    245.564     3.5340     3.5302   3.205370   3.205112     1.9894     2.4028      8.039     0.7405     1.2138 1.0715e-01    -0.1131   102.8672     6.6291     6.9132    34.7645    34.7655    27.6462    27.6474    7.35924 0.0000e+00
      45269    245.467     3.5341     3.5300   3.205350   3.205065     1.9898     2.4032      8.040     0.7616     1.8060 1.0727e-01    -0.1131   102.8672     6.6291     6.9125    34.7643    34.7652    27.6460    27.6471    7.35925 0.0000e+00
      45272    245.371     3.5341     3.5301   3.205346   3.205092     1.9890     2.4032      8.039     0.7405     1.8060 1.0715e-01    -0.1131   102.8672     6.6249     6.9119    34.7643    34.7655    27.6460    27.6473    7.35924 0.0000e+00
      45275    245.279     3.5342     3.5301   3.205367   3.205081     1.9894     2.4028      8.040     0.7299     1.8060 1.0715e-01    -0.1131   102.8672     6.6286     6.9088    34.7645    34.7654    27.6461    27.6473    7.35922 0.0000e+00
      45278    245.194     3.5344     3.5304   3.205358   3.205118     1.9906     2.4028      8.039     0.7087     1.8060 1.0715e-01    -0.1131   102.8672     6.6313     6.9087    34.7642    34.7655    27.6459    27.6474    7.35919 0.0000e+00
      45281    245.113     3.5344     3.5305   3.205344   3.205095     1.9894     2.4028      8.040     0.7193     1.8060 1.0715e-01    -0.1131   102.8672     6.6254     6.9094    34.7641    34.7652    27.6458    27.6471    7.35920 0.0000e+00
      45284    245.033     3.5346     3.5303   3.205368   3.205076     1.9894     2.4028      8.039     0.7299     1.8060 1.0715e-01    -0.1134   102.8762     6.6245     6.9105    34.7642    34.7653    27.6459    27.6471    7.35916 0.0000e+00
      45287    244.959     3.5345     3.5305   3.205366   3.205104     1.9886     2.4028      8.039     0.7299     1.8060 1.0715e-01    -0.1141   102.8943     6.6195     6.9126    34.7643    34.7654    27.6459    27.6472    7.35916 0.0000e+00
      45290    244.890     3.5343     3.5307   3.205355   3.205099     1.9894     2.4020      8.039     0.7299     1.8060 1.0715e-01    -0.1141   102.8943     6.6220     6.9087    34.7645    34.7651    27.6461    27.6470    7.35920 0.0000e+00
      45293    244.825     3.5346     3.5307   3.205359   3.205108     1.9890     2.4024      8.037     0.7299     1.0954 1.0715e-01    -0.1141   102.8943     6.6195     6.9105    34.7642    34.7653    27.6459    27.6471    7.35916 0.0000e+00
      45296    244.764     3.5346     3.5306   3.205358   3.205105     1.9898     2.4020      8.039     0.7299     0.9770 1.0715e-01    -0.1141   102.8943     6.6216     6.9115    34.7642    34.7655    27.6459    27.6473    7.35916 0.0000e+00
      45299    244.706     3.5347     3.5306   3.205366   3.205092     1.9902     2.4020      8.039     0.7299     0.9770 1.0715e-01    -0.1141   102.8943     6.6225     6.9128    34.7642    34.7653    27.6459    27.6472    7.35913 0.0000e+00
      45302    244.657     3.5347     3.5306   3.205383   3.205098     1.9882     2.4024      8.040     0.7299     0.9770 1.0715e-01    -0.1138   102.8853     6.6163     6.9155    34.7644    34.7654    27.6460    27.6472    7.35912 0.0000e+00
      45305    244.604     3.5347     3.5306   3.205350   3.205092     1.9894     2.4024      8.040     0.7299     0.9770 1.0715e-01    -0.1120   102.8400     6.6231     6.9170    34.7641    34.7653    27.6458    27.6472    7.35914 0.0000e+00
      45308    244.557     3.5348     3.5306   3.205355   3.205075     1.9886     2.4032      8.039     0.7299     0.9770 1.0715e-01    -0.1120   102.8400     6.6186     6.9208    34.7641    34.7652    27.6458    27.6470    7.35912 0.0000e+00
      45311    244.512     3.5346     3.5305   3.205339   3.205097     1.9886     2.4032      8.039     0.7193     0.9770 1.0715e-01    -0.1120   102.8400     6.6180     6.9220    34.7641    34.7656    27.6458    27.6474    7.35916 0.0000e+00
      45314    244.468     3.5348     3.5303   3.205343   3.205059     1.9886     2.4020      8.037     0.7299     0.9770 1.0715e-01    -0.1120   102.8400     6.6182     6.9180    34.7640    34.7653    27.6457    27.6472    7.35913 0.0000e+00
      45317    244.429     3.5344     3.5304   3.205297   3.205080     1.9886     2.4028      8.037     0.7299     1.1349 1.0715e-01    -0.1120   102.8400     6.6196     6.9205    34.7639    34.7655    27.6456    27.6473    7.35921 0.0000e+00
      45320    244.391     3.5342     3.5305   3.205269   3.205063     1.9886     2.4028      8.039     0.7299     2.2798 1.0715e-01    -0.1120   102.8400     6.6199     6.9196    34.7638    34.7652    27.6456    27.6471    7.35925 0.0000e+00
      45323    244.354     3.5341     3.5307   3.205267   3.205076     1.9890     2.4028      8.039     0.7299     2.2798 1.0715e-01    -0.1120   102.8400     6.6269     6.9183    34.7638    34.7652    27.6456    27.6471    7.35926 0.0000e+00
      45326    244.314     3.5337     3.5306   3.205275   3.205080     1.9894     2.4032      8.039     0.7193     2.2798 1.0715e-01    -0.1131   102.8672     6.6321     6.9187    34.7644    34.7654    27.6461    27.6472    7.35930 0.0000e+00
      45329    244.272     3.5337     3.5305   3.205293   3.205074     1.9882     2.4028      8.037     0.7299     2.2798 1.0715e-01    -0.1127   102.8581     6.6277     6.9164    34.7646    34.7654    27.6463    27.6473    7.35929 0.0000e+00
      45332    244.229     3.5335     3.5306   3.205274   3.205069     1.9882     2.4028      8.039     0.7193     2.2798 1.0715e-01    -0.1131   102.8672     6.6288     6.9164    34.7647    34.7653    27.6464    27.6472    7.35933 0.0000e+00
      45335    244.178     3.5335     3.5305   3.205259   3.205071     1.9886     2.4032      8.039     0.7299     2.2798 1.0715e-01    -0.1131   102.8672     6.6314     6.9190    34.7645    34.7654    27.6462    27.6472    7.35934 0.0000e+00
