Datasets/AZMP/TEL210/tel210_2020_058.cnv
* Sea-Bird SBE 9 Data File:
* FileName = C:\CTDDATA\tel210_2020_058.hex
* Software Version Seasave V 7.26.7.110
* Temperature SN = 1697
* Conductivity SN = 4216
* Number of Bytes Per Scan = 30
* Number of Voltage Words = 4
* Number of Scans Averaged by the Deck Unit = 1
* NMEA baud rate = 4800
** VESSEL/TRIP/SEQ STN:  tel210_2020_058
** LATITUDE XX XX.XX: 48 44.00 N
** LONGITUDE XX XX.XX: 052 58.00 W
** SOUNDING DEPTH (M): 0099
** PROBE TYPE: S1146
** CTD NUMBER: 048
** COMMENTS (14 CHAR): BB-01
** BOTTLES:  08
** LEVELS: 5,10,20,30,40,50,75,BTM
** STICKERS: 436106 - 436113
** VNET: Y
** DO2: Y
# nquan = 22
# nvalues = 2326                        
# units = specified
# name 0 = scan: Scan Count
# name 1 = prDM: Pressure, Digiquartz [db]
# name 2 = t090C: Temperature [ITS-90, deg C]
# name 3 = t190C: Temperature, 2 [ITS-90, deg C]
# name 4 = c0S/m: Conductivity [S/m]
# name 5 = c1S/m: Conductivity, 2 [S/m]
# name 6 = sbeox0V: Oxygen raw, SBE 43 [V]
# name 7 = sbeox1V: Oxygen raw, SBE 43, 2 [V]
# name 8 = ph: pH
# name 9 = flECO-AFL: Fluorescence, WET Labs ECO-AFL/FL [mg/m^3]
# name 10 = wetCDOM: Fluorescence, WET Labs CDOM [mg/m^3]
# name 11 = par/sat/log: PAR/Logarithmic, Satlantic [umol photons/m^2/sec]
# name 12 = CStarAt0: Beam Attenuation, WET Labs C-Star [1/m]
# name 13 = CStarTr0: Beam Transmission, WET Labs C-Star [%]
# name 14 = sbeox0ML/L: Oxygen, SBE 43 [ml/l], WS = 2
# name 15 = sbeox1ML/L: Oxygen, SBE 43, 2 [ml/l], WS = 2
# name 16 = sal00: Salinity, Practical [PSU]
# name 17 = sal11: Salinity, Practical, 2 [PSU]
# name 18 = sigma-t00: Density [sigma-t, kg/m^3 ]
# name 19 = sigma-t11: Density, 2 [sigma-t, kg/m^3 ]
# name 20 = oxsatML/L: Oxygen Saturation, Weiss [ml/l]
# name 21 = flag: flag
# span 0 =         98,      27873       
# span 1 =      0.236,     96.166       
# span 2 =    -1.2636,    12.5772       
# span 3 =    -1.2668,    12.5749       
# span 4 =   2.624201,   3.677940       
# span 5 =   2.623912,   3.677659       
# span 6 =     2.0342,     2.5225       
# span 7 =     2.4648,     3.1017       
# span 8 =      7.977,      8.273       
# span 9 =     0.7510,     6.8992       
# span 10 =    -2.8130,   482.1870      
# span 11 = 1.0715e-01, 9.3765e+02      
# span 12 =    -0.1236,     0.0755      
# span 13 =    98.1286,   103.1385      
# span 14 =     6.3240,     8.9729      
# span 15 =     6.3818,     9.4904      
# span 16 =    30.6400,    32.5892      
# span 17 =    29.9929,    32.5889      
# span 18 =    23.1002,    26.2073      
# span 19 =    22.6022,    26.2074      
# span 20 =    6.11412,    8.46253      
# span 21 = 0.0000e+00, 0.0000e+00      
# interval = scans: 3                   
# start_time = Jul 21 2020 20:31:46 [System UTC, header]
# bad_flag = -9.990e-29
*END*
[from data line 132]
        496     15.415     9.4832     9.3844   3.434602   3.431613     2.2755     2.6956      8.192     1.0262    -0.4443 8.5945e+01    -0.0062   100.1542     6.8817     6.9228    31.6406    31.6973    24.4133    24.4732    6.52904 0.0000e+00
        499     15.554     9.4178     9.3434   3.430252   3.427722     2.2772     2.6964      8.193     1.0473    -0.4443 8.3881e+01    -0.0065   100.1633     6.9418     6.9865    31.6538    31.6937    24.4339    24.4768    6.53804 0.0000e+00
        502     15.694     9.3613     9.2980   3.424748   3.422542     2.2821     2.7005      8.194     1.0367    -0.4443 8.2726e+01    -0.0090   100.2266     7.0104     7.0600    31.6473    31.6807    24.4377    24.4738    6.54658 0.0000e+00
        505     15.833     9.2845     9.1858   3.410564   3.406986     2.2845     2.7045      8.194     1.0473    -0.4443 8.0462e+01    -0.0094   100.2356     7.0739     7.1455    31.5696    31.6201    24.3890    24.4439    6.56112 0.0000e+00
        508     15.970     9.1335     8.9292   3.383648   3.376954     2.2882     2.7090      8.198     1.0367    -0.4443 7.9170e+01    -0.0094   100.2356     7.1572     7.2569    31.4259    31.5375    24.3001    24.4188    6.58946 0.0000e+00
        511     16.105     8.8252     8.4029   3.329026   3.319426     2.2926     2.7143      8.201     1.0791    -0.4443 7.7719e+01    -0.0094   100.2356     7.2770     7.4282    31.1323    31.4058    24.1174    24.3941    6.64800 0.0000e+00
        514     16.241     8.2333     7.5878   3.261492   3.251012     2.2987     2.7196      8.203     1.1849    -0.4838 7.5944e+01    -0.0094   100.2356     7.4526     7.6576    30.9481    31.4129    24.0600    24.5153    6.74618 0.0000e+00
        517     16.376     7.6548     7.0487   3.235040   3.224073     2.3053     2.7289      8.206     1.1637    -0.6811 7.4809e+01    -0.0094   100.2356     7.6084     7.8343    31.1821    31.6133    24.3249    24.7455    6.82621 0.0000e+00
        520     16.505     7.2846     6.8186   3.219109   3.208885     2.3105     2.7367      8.209     1.1743    -0.6811 7.3951e+01    -0.0098   100.2446     7.7186     7.9445    31.3443    31.6594    24.5026    24.8118    6.87785 0.0000e+00
        523     16.630     6.9293     6.4786   3.190307   3.179447     2.3166     2.7448      8.214     1.1637    -0.6811 7.2094e+01    -0.0116   100.2899     7.8313     8.0808    31.3553    31.6508    24.5581    24.8483    6.93466 0.0000e+00
        526     16.754     6.5935     6.1702   3.171703   3.161136     2.3223     2.7538      8.218     1.1532    -0.6811 7.0852e+01    -0.0116   100.2899     7.9267     8.2024    31.4595    31.7353    24.6831    24.9531    6.98486 0.0000e+00
        529     16.876     6.2987     5.9344   3.152992   3.142711     2.3293     2.7619      8.221     1.1532    -0.6811 7.0363e+01    -0.0116   100.2899     8.0157     8.3064    31.5253    31.7506    24.7717    24.9936    7.03068 0.0000e+00
        532     16.994     6.0158     5.7069   3.133883   3.128478     2.3346     2.7696      8.225     1.1637    -0.6811 6.9154e+01    -0.0116   100.2899     8.0876     8.4007    31.5759    31.8051    24.8460    25.0636    7.07574 0.0000e+00
        535     17.104     5.8229     5.6359   3.131455   3.127540     2.3411     2.7802      8.228     1.1426    -0.6811 6.7187e+01    -0.0116   100.2899     8.1311     8.4636    31.7292    31.8616    24.9900    25.1165    7.10123 0.0000e+00
        538     17.211     5.7616     5.6362   3.134841   3.124977     2.3468     2.7880      8.231     1.1532    -0.6811 6.5799e+01    -0.0112   100.2808     8.1408     8.4984    31.8249    31.8324    25.0728    25.0933    7.10720 0.0000e+00
        541     17.318     5.6685     5.3908   3.111157   3.094129     2.3513     2.7969      8.235     1.1532     0.3453 6.5421e+01    -0.0094   100.2356     8.1672     8.6042    31.6462    31.7157    24.9424    25.0290    7.13143 0.0000e+00
        544     17.420     5.4150     5.0574   3.079898   3.068176     2.3569     2.8059      8.238     1.1743     3.5037 6.3778e+01    -0.0076   100.1904     8.2322     8.7257    31.5316    31.7366    24.8808    25.0826    7.18041 0.0000e+00
        547     17.518     5.1437     4.8133   3.061038   3.050731     2.3606     2.8144      8.240     1.1743     3.3852 6.3263e+01    -0.0079   100.1995     8.2841     8.8196    31.5731    31.7693    24.9437    25.1348    7.22563 0.0000e+00
        550     17.611     4.9198     4.6495   3.050015   3.040517     2.3639     2.8234      8.241     1.1637     3.3852 6.3043e+01    -0.0076   100.1904     8.3159     8.8859    31.6594    31.8085    25.0363    25.1831    7.26085 0.0000e+00
        553     17.698     4.7677     4.5420   3.042512   3.034388     2.3675     2.8315      8.245     1.1743     3.3852 6.2753e+01    -0.0083   100.2085     8.3316     8.9277    31.7182    31.8409    25.0991    25.2199    7.28496 0.0000e+00
        556     17.783     4.6571     4.4522   3.035022   3.028051     2.3700     2.8413      8.247     1.1637     3.4642 6.3336e+01    -0.0076   100.1904     8.3376     8.9631    31.7376    31.8539    25.1260    25.2394    7.30371 0.0000e+00
        559     17.869     4.5369     4.3657   3.027754   3.022118     2.3732     2.8502      8.248     1.1637     3.4247 6.3556e+01    -0.0076   100.1904     8.3452     8.9872    31.7688    31.8684    25.1632    25.2596    7.32370 0.0000e+00
        562     17.953     4.4467     4.3273   3.025134   3.020268     2.3773     2.8600      8.248     1.1637     3.3852 6.3777e+01    -0.0044   100.1090     8.3498     8.9952    31.8252    31.8840    25.2172    25.2759    7.33717 0.0000e+00
        565     18.036     4.3954     4.3230   3.024844   3.020736     2.3797     2.8694      8.250     1.1532     3.3852 6.3704e+01    -0.0040   100.1000     8.3369     8.9847    31.8714    31.8935    25.2591    25.2839    7.34417 0.0000e+00
        568     18.121     4.3675     4.3283   3.024850   3.021434     2.3834     2.8779      8.249     1.1637     2.1613 6.3263e+01    -0.0040   100.1000     8.3255     8.9642    31.8984    31.8965    25.2833    25.2857    7.34789 0.0000e+00
        571     18.206     4.3563     4.3285   3.025379   3.021229     2.3858     2.8844      8.249     1.1637     1.0165 6.3483e+01    -0.0040   100.1000     8.3098     8.9375    31.9154    31.8938    25.2979    25.2836    7.34908 0.0000e+00
        574     18.286     4.3488     4.3177   3.024628   3.020558     2.3862     2.8889      8.250     1.1637     1.0954 6.3336e+01    -0.0040   100.1000     8.2853     8.9018    31.9137    31.8964    25.2974    25.2868    7.35050 0.0000e+00
        577     18.371     4.3430     4.3178   3.024508   3.020983     2.3879     2.8934      8.249     1.1532     1.0954 6.2536e+01    -0.0040   100.1000     8.2676     8.8641    31.9180    31.9013    25.3013    25.2906    7.35135 0.0000e+00
        580     18.455     4.3385     4.3230   3.024335   3.021650     2.3895     2.8975      8.250     1.1637     1.0954 6.1817e+01    -0.0022   100.0548     8.2509     8.8234    31.9203    31.9040    25.3036    25.2922    7.35205 0.0000e+00
        583     18.540     4.3317     4.3168   3.023569   3.020645     2.3895     2.9007      8.254     1.1532     1.0954 6.0965e+01     0.0097    99.7563     8.2304     8.7873    31.9179    31.8982    25.3024    25.2882    7.35340 0.0000e+00
        586     18.628     4.3205     4.3000   3.022821   3.019534     2.3903     2.9027      8.252     1.1532     1.0954 6.0473e+01     0.0097    99.7563     8.2162     8.7542    31.9200    31.9015    25.3052    25.2926    7.35533 0.0000e+00
        589     18.716     4.3078     4.2888   3.022100   3.019221     2.3895     2.9052      8.254     1.1743     1.0954 6.0334e+01     0.0101    99.7473     8.1986     8.7281    31.9239    31.9086    25.3096    25.2993    7.35743 0.0000e+00
        592     18.806     4.3004     4.2868   3.022511   3.019707     2.3903     2.9076      8.251     1.1849     1.0954 5.9435e+01     0.0097    99.7563     8.1910     8.7054    31.9357    31.9162    25.3197    25.3055    7.35818 0.0000e+00
        595     18.897     4.3000     4.2906   3.023001   3.020172     2.3907     2.9101      8.254     1.1955     0.4638 5.8076e+01     0.0094    99.7654     8.1876     8.6881    31.9418    31.9179    25.3246    25.3065    7.35796 0.0000e+00
        598     18.988     4.2983     4.2821   3.022276   3.019080     2.3916     2.9121      8.254     1.1955     0.3848 5.6683e+01     0.0101    99.7473     8.1884     8.6759    31.9350    31.9134    25.3193    25.3038    7.35860 0.0000e+00
        601     19.083     4.2875     4.2688   3.020780   3.018047     2.3920     2.9146      8.254     1.2061     0.3453 5.5196e+01     0.0097    99.7563     8.1878     8.6674    31.9279    31.9141    25.3148    25.3057    7.36090 0.0000e+00
        604     19.179     4.2752     4.2516   3.019281   3.016180     2.3928     2.9158      8.254     1.1849     0.3848 5.3934e+01     0.0090    99.7744     8.1913     8.6585    31.9223    31.9089    25.3115    25.3033    7.36340 0.0000e+00
        607     19.277     4.2571     4.2339   3.018375   3.016614     2.3936     2.9182      8.254     1.1955     0.3453 5.2824e+01     0.0090    99.7744     8.1974     8.6554    31.9292    31.9311    25.3189    25.3227    7.36634 0.0000e+00
        610     19.376     4.2572     4.2853   3.024763   3.026013     2.3932     2.9194      8.254     1.2061     0.3848 5.1556e+01     0.0090    99.7744     8.1898     8.6334    32.0037    31.9911    25.3780    25.3651    7.36269 0.0000e+00
        613     19.478     4.3068     4.3937   3.036939   3.037956     2.3932     2.9207      8.254     1.1955     0.3453 5.0787e+01     0.0090    99.7744     8.1715     8.6005    32.0978    32.0250    25.4477    25.3812    7.34915 0.0000e+00
        616     19.579     4.4013     4.4965   3.048962   3.048069     2.3944     2.9207      8.253     1.1532     0.3453 5.0029e+01     0.0090    99.7744     8.1479     8.5652    32.1459    32.0429    25.4763    25.3848    7.32979 0.0000e+00
        619     19.680     4.4808     4.5361   3.050897   3.048531     2.3948     2.9215      8.253     1.1426     0.3058 4.9740e+01     0.0090    99.7744     8.1313     8.5552    32.0909    32.0098    25.4245    25.3545    7.31816 0.0000e+00
        622     19.782     4.4554     4.3384   3.032117   3.024818     2.3952     2.9219      8.253     1.1214    -0.2469 4.9971e+01     0.0127    99.6840     8.1441     8.6026    31.8970    31.9253    25.2733    25.3075    7.33213 0.0000e+00
        625     19.884     4.2716     4.0249   3.009630   3.004231     2.3944     2.9223      8.254     1.1426    -0.2074 5.0087e+01     0.0145    99.6388     8.1828     8.6696    31.8127    31.9891    25.2248    25.3893    7.36941 0.0000e+00
        628     19.988     4.0580     3.8388   2.996335   2.992229     2.3948     2.9231      8.255     1.1426    -0.2074 5.0611e+01     0.0145    99.6388     8.2257     8.7133    31.8640    32.0296    25.2866    25.4393    7.40581 0.0000e+00
        631     20.094     3.8732     3.6798   2.985278   2.980905     2.3952     2.9243      8.259     1.1426    -0.2469 5.1556e+01     0.0145    99.6388     8.2666     8.7518    31.9137    32.0516    25.3439    25.4717    7.43727 0.0000e+00
        634     20.200     3.7330     3.5803   2.980223   2.975115     2.3952     2.9264      8.261     1.1320    -0.2469 5.1794e+01     0.0145    99.6388     8.2933     8.7817    31.9911    32.0807    25.4187    25.5041    7.45936 0.0000e+00
        637     20.305     3.6440     3.5067   2.977307   2.970374     2.3952     2.9268      8.261     1.1320    -0.2074 5.1914e+01     0.0145    99.6388     8.3078     8.8026    32.0439    32.0968    25.4689    25.5236    7.47325 0.0000e+00
        640     20.411     3.5842     3.4595   2.974636   2.967156     2.3956     2.9276      8.262     1.1320    -0.2863 5.1734e+01     0.0149    99.6297     8.3185     8.8177    32.0710    32.1049    25.4960    25.5344    7.48305 0.0000e+00
        643     20.520     3.5348     3.4239   2.970907   2.964804     2.3956     2.9296      8.262     1.2061    -0.2469 5.1258e+01     0.0210    99.4760     8.3303     8.8333    32.0753    32.1120    25.5039    25.5432    7.49205 0.0000e+00
        646     20.628     3.4814     3.3972   2.966336   2.962376     2.3952     2.9300      8.262     1.2167    -0.3258 5.0553e+01     0.0210    99.4760     8.3412     8.8424    32.0734    32.1093    25.5073    25.5435    7.50213 0.0000e+00
        649     20.740     3.4276     3.3465   2.962250   2.957949     2.3956     2.9308      8.262     1.2378    -0.4443 4.9511e+01     0.0210    99.4760     8.3566     8.8607    32.0776    32.1064    25.5155    25.5457    7.51200 0.0000e+00
        652     20.850     3.3726     3.2854   2.958116   2.952966     2.3952     2.9317      8.264     1.2272    -0.4443 4.8492e+01     0.0217    99.4579     8.3668     8.8788    32.0826    32.1072    25.5244    25.5517    7.52210 0.0000e+00
        655     20.963     3.3086     3.2136   2.952134   2.947358     2.3968     2.9317      8.266     1.2378    -0.4443 4.7493e+01     0.0217    99.4579     8.3915     8.8961    32.0742    32.1111    25.5234    25.5611    7.53457 0.0000e+00
        658     21.073     3.2419     3.1489   2.946764   2.941967     2.3960     2.9329      8.268     1.2378    -0.4443 4.6088e+01     0.0214    99.4670     8.4043     8.9188    32.0757    32.1105    25.5305    25.5662    7.54709 0.0000e+00
        661     21.187     3.1708     3.0697   2.940430   2.935820     2.3956     2.9341      8.267     1.2061    -0.4443 4.4722e+01     0.0217    99.4579     8.4221     8.9468    32.0701    32.1151    25.5322    25.5767    7.56087 0.0000e+00
        664     21.304     3.0972     2.9953   2.934989   2.930283     2.3956     2.9345      8.267     1.2167    -0.4443 4.3750e+01     0.0225    99.4398     8.4393     8.9656    32.0776    32.1222    25.5445    25.5888    7.57448 0.0000e+00
        667     21.418     3.0222     2.9233   2.929294   2.924764     2.3964     2.9353      8.269     1.2167    -0.4443 4.2899e+01     0.0228    99.4308     8.4600     8.9885    32.0834    32.1272    25.5555    25.5988    7.58849 0.0000e+00
        670     21.532     2.9513     2.8575   2.924358   2.919950     2.3964     2.9378      8.269     1.1214    -0.4443 4.1967e+01     0.0221    99.4489     8.4774     9.0173    32.0943    32.1345    25.5702    25.6101    7.60150 0.0000e+00
        673     21.647     2.8818     2.7805   2.918710   2.913912     2.3964     2.9390      8.270     1.1426    -0.5627 4.1150e+01     0.0225    99.4398     8.4954     9.0417    32.0951    32.1382    25.5767    25.6193    7.61481 0.0000e+00
        676     21.762     2.8133     2.7157   2.914491   2.910069     2.3972     2.9398      8.270     1.1426    -0.5627 4.0723e+01     0.0232    99.4217     8.5150     9.0611    32.1123    32.1562    25.5960    25.6391    7.62712 0.0000e+00
        679     21.876     2.7602     2.6737   2.911708   2.907288     2.3972     2.9410      8.270     1.1214    -0.5627 4.0256e+01     0.0225    99.4398     8.5241     9.0764    32.1314    32.1643    25.6157    25.6489    7.63638 0.0000e+00
        682     21.987     2.7159     2.6418   2.909340   2.905550     2.3972     2.9426      8.270     1.1320    -0.5627 3.9793e+01     0.0217    99.4579     8.5329     9.0852    32.1470    32.1751    25.6317    25.6601    7.64416 0.0000e+00
        685     22.104     2.6792     2.6199   2.907656   2.903825     2.3972     2.9430      8.271     1.1320    -0.5627 3.9426e+01     0.0192    99.5212     8.5375     9.0905    32.1632    32.1760    25.6476    25.6626    7.65043 0.0000e+00
        688     22.218     2.6439     2.5783   2.904006   2.899645     2.3972     2.9430      8.271     1.1320    -0.5627 3.9199e+01     0.0192    99.5212     8.5399     9.0976    32.1541    32.1667    25.6432    25.6584    7.65776 0.0000e+00
