Datasets/AZMP/TEL210/tel210_2020_031.cnv
* Sea-Bird SBE 9 Data File:
* FileName = C:\CTDDATA\tel210_2020_031.hex
* Software Version Seasave V 7.26.7.110
* Temperature SN = 1697
* Conductivity SN = 4216
* Number of Bytes Per Scan = 30
* Number of Voltage Words = 4
* Number of Scans Averaged by the Deck Unit = 1
* NMEA baud rate = 4800
** VESSEL/TRIP/SEQ STN:  tel210_2020_031
** LATITUDE XX XX.XX: 47 00.00 N
** LONGITUDE XX XX.XX: 044 13.90 W
** SOUNDING DEPTH (M): 0272
** PROBE TYPE: S1146
** CTD NUMBER: 030
** COMMENTS (14 CHAR): FC-29
** BOTTLES:  10
** LEVELS: 5,10,20,30,40,50,75,100,150,BTM
** STICKERS: 435931 - 435940
** VNET: Y
** DO2: N
# nquan = 22
# nvalues = 5417                        
# units = specified
# name 0 = scan: Scan Count
# name 1 = prDM: Pressure, Digiquartz [db]
# name 2 = t090C: Temperature [ITS-90, deg C]
# name 3 = t190C: Temperature, 2 [ITS-90, deg C]
# name 4 = c0S/m: Conductivity [S/m]
# name 5 = c1S/m: Conductivity, 2 [S/m]
# name 6 = sbeox0V: Oxygen raw, SBE 43 [V]
# name 7 = sbeox1V: Oxygen raw, SBE 43, 2 [V]
# name 8 = ph: pH
# name 9 = flECO-AFL: Fluorescence, WET Labs ECO-AFL/FL [mg/m^3]
# name 10 = wetCDOM: Fluorescence, WET Labs CDOM [mg/m^3]
# name 11 = par/sat/log: PAR/Logarithmic, Satlantic [umol photons/m^2/sec]
# name 12 = CStarAt0: Beam Attenuation, WET Labs C-Star [1/m]
# name 13 = CStarTr0: Beam Transmission, WET Labs C-Star [%]
# name 14 = sbeox0ML/L: Oxygen, SBE 43 [ml/l], WS = 2
# name 15 = sbeox1ML/L: Oxygen, SBE 43, 2 [ml/l], WS = 2
# name 16 = sal00: Salinity, Practical [PSU]
# name 17 = sal11: Salinity, Practical, 2 [PSU]
# name 18 = sigma-t00: Density [sigma-t, kg/m^3 ]
# name 19 = sigma-t11: Density, 2 [sigma-t, kg/m^3 ]
# name 20 = oxsatML/L: Oxygen Saturation, Weiss [ml/l]
# name 21 = flag: flag
# span 0 =         59,      37570       
# span 1 =      0.792,    268.502       
# span 2 =     3.2590,    11.7152       
# span 3 =     3.2522,    11.7146       
# span 4 =   3.125553,   3.750992       
# span 5 =   3.124922,   3.750543       
# span 6 =     1.7627,     2.4219       
# span 7 =     2.1189,     2.9582       
# span 8 =      7.928,      8.232       
# span 9 =    -0.6325,     7.4770       
# span 10 =    -2.8130,   482.1870      
# span 11 = 1.0678e-01, 9.1798e+01      
# span 12 =    -0.1324,     0.3680      
# span 13 =    91.2105,   103.3645      
# span 14 =     5.5519,     7.9334      
# span 15 =     5.8012,     8.3389      
# span 16 =    32.8256,    34.8622      
# span 17 =    32.8252,    34.8613      
# span 18 =    24.9564,    27.6642      
# span 19 =    24.9533,    27.6640      
# span 20 =    6.17142,    7.43801      
# span 21 = 0.0000e+00, 0.0000e+00      
# interval = scans: 3                   
# start_time = Jul 18 2020 08:57:04 [System UTC, header]
# bad_flag = -9.990e-29
*END*
[from data line 3490]
      13734    153.273     3.5048     3.5003   3.188397   3.187865     1.9948     2.4170      7.985    -0.6223   262.4072 1.0715e-01    -0.1247   103.1656     6.5958     6.9147    34.6419    34.6404    27.5513    27.5506    7.37059 0.0000e+00
      13737    153.251     3.5040     3.4999   3.187840   3.187791     1.9952     2.4170      7.985    -0.6223    -2.8130 1.0715e-01    -0.1247   103.1656     6.5971     6.9146    34.6361    34.6399    27.5468    27.5502    7.37102 0.0000e+00
      13740    153.226     3.5021     3.4987   3.186520   3.187667     1.9952     2.4174      7.985    -0.6223    -0.7206 1.0715e-01    -0.1247   103.1656     6.5974     6.9145    34.6222    34.6397    27.5359    27.5502    7.37206 0.0000e+00
      13743    153.191     3.5010     3.4982   3.187887   3.187629     1.9948     2.4174      7.985    -0.5918    -0.2074 1.0715e-01    -0.1243   103.1566     6.5948     6.9140    34.6399    34.6398    27.5501    27.5503    7.37139 0.0000e+00
      13746    153.148     3.5010     3.4979   3.187929   3.187611     1.9956     2.4182      7.985    -0.5714    -0.2074 1.0715e-01    -0.1240   103.1475     6.5976     6.9173    34.6404    34.6399    27.5505    27.5505    7.37136 0.0000e+00
      13749    153.100     3.5019     3.4978   3.188003   3.187578     1.9952     2.4182      7.985    -0.5816    -0.2074 1.0715e-01    -0.1233   103.1294     6.5945     6.9172    34.6403    34.6396    27.5504    27.5502    7.37120 0.0000e+00
      13752    153.052     3.5016     3.4975   3.187970   3.187536     1.9952     2.4174      7.985    -0.5714    -0.2074 1.0715e-01    -0.1229   103.1204     6.5941     6.9119    34.6403    34.6395    27.5504    27.5501    7.37125 0.0000e+00
      13755    153.001     3.5014     3.4978   3.187992   3.187566     1.9952     2.4190      7.985    -0.5714    -0.2074 1.0715e-01    -0.1233   103.1294     6.5940     6.9170    34.6408    34.6395    27.5508    27.5501    7.37127 0.0000e+00
      13758    152.948     3.5019     3.4979   3.188006   3.187583     1.9956     2.4182      7.985    -0.5918    -0.2074 1.0715e-01    -0.1233   103.1294     6.5946     6.9141    34.6405    34.6396    27.5505    27.5502    7.37119 0.0000e+00
      13761    152.892     3.5023     3.4984   3.188026   3.187623     1.9956     2.4182      7.985    -0.5918     1.8061 1.0715e-01    -0.1233   103.1294     6.5946     6.9129    34.6403    34.6397    27.5503    27.5502    7.37113 0.0000e+00
      13764    152.834     3.5020     3.4993   3.188007   3.187682     1.9956     2.4178      7.985    -0.5714     2.5562 1.0715e-01    -0.1233   103.1294     6.5962     6.9081    34.6405    34.6394    27.5505    27.5499    7.37118 0.0000e+00
      13767    152.775     3.5014     3.4996   3.187956   3.187673     1.9956     2.4190      7.985    -0.5714     2.5167 1.0715e-01    -0.1233   103.1294     6.5969     6.9111    34.6405    34.6391    27.5505    27.5496    7.37128 0.0000e+00
      13770    152.716     3.5016     3.4994   3.187936   3.187712     1.9956     2.4194      7.985    -0.5918     2.5167 1.0715e-01    -0.1247   103.1656     6.5957     6.9133    34.6401    34.6397    27.5502    27.5502    7.37127 0.0000e+00
      13773    152.658     3.5017     3.4994   3.187963   3.187759     1.9956     2.4190      7.985    -0.5918     2.5167 1.0715e-01    -0.1243   103.1566     6.5960     6.9142    34.6403    34.6404    27.5504    27.5507    7.37124 0.0000e+00
      13776    152.603     3.5022     3.4997   3.188004   3.187789     1.9960     2.4186      7.985    -0.5816     2.5167 1.0715e-01    -0.1247   103.1656     6.5974     6.9115    34.6403    34.6404    27.5503    27.5507    7.37114 0.0000e+00
      13779    152.542     3.5025     3.5000   3.188025   3.187765     1.9956     2.4194      7.985    -0.5714     2.5167 1.0715e-01    -0.1247   103.1656     6.5967     6.9141    34.6403    34.6398    27.5503    27.5502    7.37109 0.0000e+00
      13782    152.476     3.5025     3.4995   3.188003   3.187707     1.9956     2.4194      7.985    -0.5918     2.5167 1.0715e-01    -0.1247   103.1656     6.5959     6.9153    34.6401    34.6398    27.5501    27.5501    7.37111 0.0000e+00
      13785    152.411     3.5019     3.4981   3.187979   3.187555     1.9964     2.4190      7.985    -0.5816     2.7536 1.0715e-01    -0.1247   103.1656     6.5995     6.9131    34.6405    34.6394    27.5505    27.5500    7.37120 0.0000e+00
      13788    152.346     3.5025     3.4976   3.188044   3.187553     1.9964     2.4182      7.985    -0.5714     6.0303 1.0715e-01    -0.1236   103.1385     6.6001     6.9095    34.6407    34.6400    27.5506    27.5505    7.37108 0.0000e+00
      13791    152.278     3.5024     3.4979   3.187904   3.187575     1.9964     2.4198      7.985    -0.6019     6.1882 1.0715e-01    -0.1226   103.1113     6.6005     6.9124    34.6391    34.6399    27.5493    27.5504    7.37117 0.0000e+00
      13794    152.213     3.5018     3.4983   3.187907   3.187548     1.9956     2.4202      7.985    -0.5816     6.1882 1.0715e-01    -0.1226   103.1113     6.5971     6.9132    34.6398    34.6392    27.5499    27.5498    7.37124 0.0000e+00
      13797    152.152     3.5016     3.4981   3.187904   3.187477     1.9964     2.4202      7.985    -0.5816     6.1882 1.0715e-01    -0.1229   103.1204     6.6008     6.9148    34.6400    34.6386    27.5501    27.5494    7.37128 0.0000e+00
      13800    152.088     3.5013     3.4972   3.187892   3.187486     1.9964     2.4194      7.985    -0.5816     6.1882 1.0715e-01    -0.1226   103.1113     6.6010     6.9118    34.6402    34.6397    27.5503    27.5503    7.37131 0.0000e+00
      13803    152.018     3.5012     3.4974   3.187854   3.187491     1.9968     2.4202      7.983    -0.5816     6.1882 1.0715e-01    -0.1226   103.1113     6.6019     6.9130    34.6399    34.6396    27.5501    27.5503    7.37135 0.0000e+00
      13806    151.944     3.5003     3.4967   3.187744   3.187369     1.9964     2.4198      7.985    -0.5714     6.1882 1.0715e-01    -0.1226   103.1113     6.5990     6.9118    34.6396    34.6390    27.5499    27.5498    7.37153 0.0000e+00
      13809    151.868     3.4999     3.4963   3.187678   3.187297     1.9964     2.4202      7.985    -0.5714     6.1882 1.0715e-01    -0.1236   103.1385     6.5990     6.9139    34.6393    34.6386    27.5497    27.5495    7.37162 0.0000e+00
      13812    151.787     3.4993     3.4961   3.187638   3.187257     1.9968     2.4202      7.985    -0.5816   130.8235 1.0715e-01    -0.1247   103.1656     6.6005     6.9109    34.6395    34.6384    27.5499    27.5494    7.37172 0.0000e+00
      13815    151.704     3.4995     3.4958   3.187684   3.187265     1.9968     2.4194      7.985    -0.5816   482.1870 1.0715e-01    -0.1243   103.1566     6.6007     6.9061    34.6399    34.6388    27.5502    27.5497    7.37167 0.0000e+00
      13818    151.623     3.4996     3.4960   3.187673   3.187311     1.9968     2.4198      7.985    -0.5816   480.8053 1.0715e-01    -0.1243   103.1566     6.6001     6.9078    34.6397    34.6392    27.5501    27.5500    7.37166 0.0000e+00
      13821    151.540     3.4999     3.4960   3.187677   3.187287     1.9972     2.4206      7.985    -0.5918   481.2790 1.0715e-01    -0.1243   103.1566     6.6026     6.9124    34.6394    34.6389    27.5499    27.5498    7.37161 0.0000e+00
      13824    151.461     3.5000     3.4952   3.187682   3.187172     1.9968     2.4206      7.985    -0.5816   481.3579 1.0715e-01    -0.1243   103.1566     6.5995     6.9127    34.6395    34.6384    27.5499    27.5495    7.37160 0.0000e+00
      13827    151.383     3.4999     3.4948   3.187684   3.187119     1.9968     2.4194      7.985    -0.5918   481.3579 1.0715e-01    -0.1240   103.1475     6.5993     6.9078    34.6397    34.6382    27.5500    27.5494    7.37161 0.0000e+00
      13830    151.312     3.5002     3.4943   3.187674   3.187013     1.9972     2.4206      7.985    -0.5714   481.3184 1.0715e-01    -0.1183   103.0028     6.6003     6.9133    34.6392    34.6376    27.5496    27.5489    7.37157 0.0000e+00
      13833    151.240     3.4999     3.4937   3.187651   3.186988     1.9972     2.4206      7.985    -0.5714   481.3579 1.0715e-01    -0.1180   102.9938     6.6001     6.9151    34.6393    34.6379    27.5498    27.5492    7.37162 0.0000e+00
      13836    151.171     3.4997     3.4936   3.187636   3.186977     1.9968     2.4198      7.985    -0.5816   481.3184 1.0715e-01    -0.1180   102.9938     6.5991     6.9145    34.6394    34.6379    27.5498    27.5493    7.37165 0.0000e+00
      13839    151.101     3.4995     3.4938   3.187584   3.187006     1.9968     2.4206      7.985    -0.5816   225.3758 1.0715e-01    -0.1180   102.9938     6.5985     6.9160    34.6390    34.6382    27.5495    27.5494    7.37171 0.0000e+00
      13842    151.034     3.4992     3.4940   3.187572   3.187010     1.9976     2.4206      7.985    -0.5918    -1.1549 1.0715e-01    -0.1180   102.9938     6.6018     6.9144    34.6392    34.6380    27.5497    27.5493    7.37175 0.0000e+00
      13845    150.964     3.4990     3.4942   3.187522   3.186990     1.9980     2.4206      7.985    -0.5816     4.9249 1.0715e-01    -0.1180   102.9938     6.6046     6.9160    34.6389    34.6376    27.5495    27.5489    7.37181 0.0000e+00
      13848    150.898     3.4989     3.4947   3.187524   3.187073     1.9968     2.4206      7.985    -0.5816     4.7275 1.0715e-01    -0.1194   103.0299     6.6004     6.9194    34.6390    34.6381    27.5496    27.5493    7.37182 0.0000e+00
      13851    150.831     3.4994     3.4952   3.187616   3.187123     1.9972     2.4206      7.985    -0.5816     4.7275 1.0715e-01    -0.1250   103.1746     6.6010     6.9208    34.6396    34.6381    27.5500    27.5493    7.37169 0.0000e+00
      13854    150.770     3.4995     3.4950   3.187605   3.187060     1.9972     2.4210      7.985    -0.5816     4.6485 1.0715e-01    -0.1247   103.1656     6.5996     6.9218    34.6395    34.6377    27.5499    27.5489    7.37169 0.0000e+00
      13857    150.717     3.4999     3.4947   3.187589   3.187063     1.9980     2.4219      7.985    -0.5918     4.6880 1.0715e-01    -0.1250   103.1746     6.6044     6.9254    34.6388    34.6380    27.5494    27.5493    7.37165 0.0000e+00
      13860    150.674     3.4996     3.4951   3.187558   3.187136     1.9976     2.4210      7.985    -0.5816     4.6485 1.0715e-01    -0.1247   103.1656     6.6024     6.9219    34.6388    34.6385    27.5494    27.5496    7.37170 0.0000e+00
      13863    150.644     3.4988     3.4966   3.187479   3.187263     1.9976     2.4206      7.985    -0.5918     4.6485 1.0715e-01    -0.1247   103.1656     6.6018     6.9207    34.6387    34.6385    27.5494    27.5494    7.37185 0.0000e+00
      13867    150.611     3.4959     3.4970   3.187082   3.187276     1.9976     2.4215      7.985    -0.5816     1.0560 1.0715e-01    -0.1250   103.1746     6.6033     6.9215    34.6370    34.6382    27.5483    27.5491    7.37246 0.0000e+00
      13871    150.584     3.4949     3.4963   3.186983   3.187233     1.9980     2.4227      7.985    -0.5816     0.3848 1.0715e-01    -0.1247   103.1656     6.6066     6.9235    34.6369    34.6385    27.5484    27.5494    7.37265 0.0000e+00
      13874    150.555     3.4952     3.4951   3.187023   3.187098     1.9976     2.4223      7.985    -0.5714     0.3848 1.0715e-01    -0.1243   103.1566     6.6041     6.9203    34.6371    34.6382    27.5485    27.5493    7.37259 0.0000e+00
      13877    150.522     3.4959     3.4948   3.187156   3.187074     1.9976     2.4219      7.985    -0.5816     0.3848 1.0715e-01    -0.1240   103.1475     6.6028     6.9175    34.6380    34.6382    27.5491    27.5494    7.37242 0.0000e+00
      13880    150.484     3.4974     3.4949   3.187311   3.187048     1.9980     2.4219      7.985    -0.5714     0.3848 1.0715e-01    -0.1240   103.1475     6.6035     6.9148    34.6382    34.6378    27.5491    27.5490    7.37212 0.0000e+00
      13883    150.451     3.4969     3.4948   3.187243   3.187080     1.9980     2.4223      7.985    -0.5816     0.3848 1.0715e-01    -0.1240   103.1475     6.6048     6.9172    34.6380    34.6382    27.5490    27.5494    7.37223 0.0000e+00
      13886    150.420     3.4964     3.4952   3.187164   3.187107     1.9980     2.4227      7.985    -0.5714     0.3848 1.0715e-01    -0.1236   103.1385     6.6052     6.9185    34.6376    34.6382    27.5487    27.5494    7.37234 0.0000e+00
      13889    150.389     3.4964     3.4940   3.187153   3.186967     1.9984     2.4219      7.985    -0.5918     0.3848 1.0715e-01    -0.1236   103.1385     6.6073     6.9131    34.6375    34.6378    27.5487    27.5491    7.37235 0.0000e+00
      13892    150.357     3.4947     3.4934   3.186960   3.186939     1.9984     2.4215      7.985    -0.5816     0.6217 1.0715e-01    -0.1236   103.1385     6.6066     6.9113    34.6370    34.6382    27.5484    27.5495    7.37268 0.0000e+00
      13895    150.325     3.4946     3.4936   3.186938   3.186970     1.9980     2.4219      7.985    -0.5918     0.7401 1.0715e-01    -0.1236   103.1385     6.6044     6.9135    34.6368    34.6383    27.5483    27.5496    7.37270 0.0000e+00
      13898    150.294     3.4945     3.4939   3.186990   3.186997     1.9984     2.4219      7.985    -0.5918     0.7401 1.0715e-01    -0.1236   103.1385     6.6050     6.9153    34.6376    34.6383    27.5490    27.5495    7.37270 0.0000e+00
      13901    150.268     3.4944     3.4945   3.186916   3.187005     1.9980     2.4223      7.985    -0.5816     0.7401 1.0715e-01    -0.1226   103.1113     6.6013     6.9187    34.6369    34.6378    27.5483    27.5491    7.37275 0.0000e+00
      13904    150.244     3.4936     3.4951   3.186793   3.187044     1.9984     2.4215      7.985    -0.5816     0.7401 1.0715e-01    -0.1233   103.1294     6.6036     6.9165    34.6362    34.6376    27.5479    27.5489    7.37292 0.0000e+00
      14208    150.218     3.4926     3.4879   3.186637   3.186098     2.0001     2.4252      7.985    -0.5918   320.3624 1.0715e-01    -0.1240   103.1475     6.6060     6.9237    34.6354    34.6339    27.5474    27.5466    7.37315 0.0000e+00
      14282    150.164     3.4921     3.4874   3.186558   3.186024     2.0013     2.4256      7.985    -0.6019   470.9355 1.0715e-01    -0.1243   103.1566     6.6059     6.9278    34.6351    34.6336    27.5471    27.5464    7.37326 0.0000e+00
      14285    150.112     3.4920     3.4874   3.186558   3.186010     2.0013     2.4260      7.985    -0.6121    47.8781 1.0715e-01    -0.1243   103.1566     6.6072     6.9296    34.6351    34.6335    27.5472    27.5464    7.37326 0.0000e+00
      14288    150.061     3.4920     3.4872   3.186526   3.186005     2.0013     2.4260      7.983    -0.6121    -2.3393 1.0715e-01    -0.1243   103.1566     6.6103     6.9294    34.6348    34.6336    27.5469    27.5464    7.37329 0.0000e+00
      14291    150.021     3.4920     3.4872   3.186545   3.186015     2.0009     2.4256      7.985    -0.6121    -0.3653 1.0715e-01    -0.1243   103.1566     6.6094     6.9258    34.6351    34.6338    27.5471    27.5466    7.37328 0.0000e+00
      14294    149.989     3.4918     3.4871   3.186511   3.185988     2.0013     2.4243      7.985    -0.5918    -0.4443 1.0715e-01    -0.1236   103.1385     6.6102     6.9198    34.6348    34.6336    27.5470    27.5464    7.37332 0.0000e+00
      14868    149.962     3.4926     3.4879   3.186624   3.186111     2.0017     2.4252      7.983    -0.5918    29.7572 1.0715e-01    -0.1236   103.1385     6.6095     6.9214    34.6354    34.6343    27.5474    27.5469    7.37315 0.0000e+00
      16014    149.931     3.4941     3.4895   3.186850   3.186339     2.0030     2.4248      7.985    -0.5816    -2.8130 1.0715e-01    -0.1236   103.1385     6.6119     6.9127    34.6365    34.6353    27.5481    27.5476    7.37282 0.0000e+00
