Datasets/AZMP/TEL210/tel210_2020_092.cnv
* Sea-Bird SBE 9 Data File:
* FileName = C:\CTDDATA\tel210_2020_092.hex
* Software Version Seasave V 7.26.7.110
* Temperature SN = 1697
* Conductivity SN = 4216
* Number of Bytes Per Scan = 30
* Number of Voltage Words = 4
* Number of Scans Averaged by the Deck Unit = 1
* NMEA baud rate = 4800
** VESSEL/TRIP/SEQ STN:  tel210_2020_092
** LATITUDE XX XX.XX: 54 30.00 N
** LONGITUDE XX XX.XX: 53 30.00 W
** SOUNDING DEPTH (M): 0315
** PROBE TYPE: S1146
** CTD NUMBER: 062
** COMMENTS (14 CHAR): SI-11
** BOTTLES:  0
** LEVELS: 
** STICKERS: 
** VNET: N
** DO2: N
# nquan = 22
# nvalues = 7142                        
# units = specified
# name 0 = scan: Scan Count
# name 1 = prDM: Pressure, Digiquartz [db]
# name 2 = t090C: Temperature [ITS-90, deg C]
# name 3 = t190C: Temperature, 2 [ITS-90, deg C]
# name 4 = c0S/m: Conductivity [S/m]
# name 5 = c1S/m: Conductivity, 2 [S/m]
# name 6 = sbeox0V: Oxygen raw, SBE 43 [V]
# name 7 = sbeox1V: Oxygen raw, SBE 43, 2 [V]
# name 8 = ph: pH
# name 9 = flECO-AFL: Fluorescence, WET Labs ECO-AFL/FL [mg/m^3]
# name 10 = wetCDOM: Fluorescence, WET Labs CDOM [mg/m^3]
# name 11 = par/sat/log: PAR/Logarithmic, Satlantic [umol photons/m^2/sec]
# name 12 = CStarAt0: Beam Attenuation, WET Labs C-Star [1/m]
# name 13 = CStarTr0: Beam Transmission, WET Labs C-Star [%]
# name 14 = sbeox0ML/L: Oxygen, SBE 43 [ml/l], WS = 2
# name 15 = sbeox1ML/L: Oxygen, SBE 43, 2 [ml/l], WS = 2
# name 16 = sal00: Salinity, Practical [PSU]
# name 17 = sal11: Salinity, Practical, 2 [PSU]
# name 18 = sigma-t00: Density [sigma-t, kg/m^3 ]
# name 19 = sigma-t11: Density, 2 [sigma-t, kg/m^3 ]
# name 20 = oxsatML/L: Oxygen Saturation, Weiss [ml/l]
# name 21 = flag: flag
# span 0 =         44,      24840       
# span 1 =      0.869,    321.284       
# span 2 =    -0.7543,     5.4213       
# span 3 =    -0.7592,     5.4166       
# span 4 =   2.678250,   3.176230       
# span 5 =   2.678032,   3.175847       
# span 6 =     1.9360,     2.3843       
# span 7 =     2.3227,     2.8970       
# span 8 =      8.000,      8.190       
# span 9 =     0.6346,     1.9574       
# span 10 =    -2.8130,   482.1870      
# span 11 = 1.0715e-01, 6.9032e+02      
# span 12 =    -0.1341,     0.3995      
# span 13 =    90.4962,   103.4098      
# span 14 =     6.4922,    10.4009      
# span 15 =     6.7231,    10.8260      
# span 16 =    31.7914,    34.5776      
# span 17 =    31.9144,    34.5777      
# span 18 =    25.0864,    27.5159      
# span 19 =    25.1856,    27.5164      
# span 20 =    7.16044,    8.32649      
# span 21 = 0.0000e+00, 0.0000e+00      
# interval = scans: 3                   
# start_time = Jul 25 2020 16:06:28 [System UTC, header]
# bad_flag = -9.990e-29
*END*
[from data line 1317]
       4347    135.854     1.2007     1.1956   2.923419   2.923015     2.0338     2.4530      8.036     0.7828     1.2139 1.0752e-01    -0.0940   102.3788     7.2280     7.4899    33.8394    33.8398    27.0991    27.0998    7.85707 0.0000e+00
       4350    135.954     1.2025     1.1969   2.923688   2.923231     2.0342     2.4530      8.036     0.7934     1.2139 1.0752e-01    -0.0940   102.3788     7.2293     7.4904    33.8409    33.8411    27.1002    27.1007    7.85664 0.0000e+00
       4353    136.053     1.2047     1.1994   2.923952   2.923564     2.0342     2.4530      8.036     0.7934     1.3718 1.0752e-01    -0.0940   102.3788     7.2281     7.4905    33.8417    33.8426    27.1007    27.1018    7.85612 0.0000e+00
       4356    136.151     1.2061     1.2011   2.924093   2.923736     2.0342     2.4518      8.036     0.7934     2.3587 1.0727e-01    -0.0940   102.3788     7.2283     7.4877    33.8420    33.8428    27.1009    27.1019    7.85583 0.0000e+00
       4359    136.249     1.2069     1.2018   2.924272   2.923841     2.0338     2.4530      8.036     0.7934     2.3982 1.0727e-01    -0.0940   102.3788     7.2273     7.4927    33.8434    33.8434    27.1019    27.1023    7.85560 0.0000e+00
       4362    136.347     1.2094     1.2025   2.924701   2.924003     2.0334     2.4522      8.036     0.8040     2.3982 1.0715e-01    -0.0937   102.3698     7.2243     7.4896    33.8461    33.8446    27.1039    27.1032    7.85494 0.0000e+00
       4365    136.447     1.2142     1.2065   2.925203   2.924608     2.0338     2.4518      8.036     0.7934     2.3982 1.0727e-01    -0.0926   102.3427     7.2231     7.4888    33.8473    33.8479    27.1045    27.1056    7.85390 0.0000e+00
       4368    136.543     1.2158     1.2113   2.925302   2.925024     2.0334     2.4518      8.036     0.7828     2.3982 1.0715e-01    -0.0930   102.3517     7.2214     7.4895    33.8467    33.8480    27.1040    27.1053    7.85360 0.0000e+00
       4371    136.639     1.2149     1.2115   2.925215   2.924978     2.0330     2.4514      8.036     0.7934     2.3982 1.0715e-01    -0.0926   102.3427     7.2187     7.4870    33.8466    33.8472    27.1039    27.1047    7.85380 0.0000e+00
       4374    136.731     1.2125     1.2094   2.924843   2.924714     2.0330     2.4522      8.036     0.7934     2.3982 1.0715e-01    -0.0930   102.3517     7.2163     7.4892    33.8443    33.8461    27.1023    27.1039    7.85440 0.0000e+00
       4377    136.822     1.2065     1.2041   2.924373   2.924189     2.0334     2.4514      8.036     0.7934     2.3982 1.0715e-01    -0.0930   102.3517     7.2195     7.4878    33.8447    33.8451    27.1030    27.1034    7.85560 0.0000e+00
       4380    136.910     1.2043     1.1994   2.924316   2.923893     2.0330     2.4514      8.036     0.7934     1.6481 1.0715e-01    -0.0926   102.3427     7.2207     7.4901    33.8463    33.8463    27.1045    27.1048    7.85596 0.0000e+00
       4383    136.994     1.2070     1.1980   2.924671   2.923932     2.0338     2.4502      8.034     0.7828     0.4243 1.0715e-01    -0.0926   102.3427     7.2256     7.4863    33.8480    33.8482    27.1056    27.1064    7.85533 0.0000e+00
       4386    137.076     1.2086     1.2016   2.924806   2.924348     2.0330     2.4506      8.036     0.7722     0.5032 1.0715e-01    -0.0944   102.3879     7.2246     7.4879    33.8479    33.8496    27.1054    27.1072    7.85500 0.0000e+00
       4389    137.157     1.2094     1.2045   2.924870   2.924538     2.0322     2.4506      8.034     0.8040     0.5032 1.0715e-01    -0.0940   102.3788     7.2191     7.4874    33.8478    33.8489    27.1053    27.1064    7.85485 0.0000e+00
       4392    137.237     1.2114     1.2057   2.925189   2.924615     2.0326     2.4506      8.036     0.7828     0.5032 1.0715e-01    -0.0944   102.3879     7.2228     7.4878    33.8497    33.8484    27.1066    27.1061    7.85434 0.0000e+00
       4395    137.316     1.2168     1.2073   2.925668   2.924889     2.0326     2.4494      8.034     0.7934     0.5032 1.0715e-01    -0.0947   102.3969     7.2219     7.4841    33.8499    33.8502    27.1065    27.1074    7.85323 0.0000e+00
       4398    137.391     1.2208     1.2125   2.925972   2.925396     2.0318     2.4502      8.036     0.7934     0.5032 1.0715e-01    -0.0944   102.3879     7.2163     7.4871    33.8495    33.8510    27.1058    27.1077    7.85244 0.0000e+00
       4401    137.464     1.2225     1.2163   2.926127   2.925725     2.0326     2.4494      8.033     0.7934     0.5032 1.0715e-01    -0.0944   102.3879     7.2182     7.4861    33.8495    33.8511    27.1058    27.1075    7.85209 0.0000e+00
       4404    137.533     1.2224     1.2189   2.926047   2.925920     2.0322     2.4506      8.033     0.8040     0.4637 1.0715e-01    -0.0954   102.4150     7.2152     7.4910    33.8486    33.8507    27.1050    27.1070    7.85216 0.0000e+00
       4407    137.606     1.2218     1.2198   2.926049   2.925938     2.0330     2.4494      8.033     0.7934     0.3848 1.0715e-01    -0.0972   102.4602     7.2208     7.4875    33.8492    33.8500    27.1056    27.1063    7.85225 0.0000e+00
       4410    137.679     1.2213     1.2186   2.925975   2.925806     2.0326     2.4494      8.036     0.7934     0.3848 1.0727e-01    -0.0972   102.4602     7.2214     7.4866    33.8487    33.8495    27.1053    27.1061    7.85237 0.0000e+00
       4413    137.753     1.2192     1.2157   2.925794   2.925529     2.0318     2.4494      8.033     0.7934     0.3848 1.0715e-01    -0.0972   102.4602     7.2177     7.4891    33.8487    33.8490    27.1053    27.1058    7.85281 0.0000e+00
       4416    137.828     1.2179     1.2130   2.925669   2.925312     2.0326     2.4494      8.036     0.8040     0.3848 1.0715e-01    -0.0972   102.4602     7.2200     7.4898    33.8484    33.8492    27.1052    27.1062    7.85309 0.0000e+00
       4419    137.907     1.2185     1.2130   2.925837   2.925426     2.0322     2.4494      8.034     0.7934     0.3848 1.0727e-01    -0.0972   102.4602     7.2189     7.4900    33.8499    33.8505    27.1064    27.1072    7.85289 0.0000e+00
       4422    137.988     1.2208     1.2138   2.926020   2.925493     2.0318     2.4494      8.034     0.7828     0.3453 1.0715e-01    -0.0972   102.4602     7.2170     7.4888    33.8497    33.8505    27.1061    27.1071    7.85243 0.0000e+00
       4425    138.066     1.2199     1.2143   2.925910   2.925557     2.0314     2.4490      8.034     0.8040     0.3848 1.0715e-01    -0.0916   102.3156     7.2149     7.4871    33.8492    33.8508    27.1057    27.1073    7.85264 0.0000e+00
       4428    138.151     1.2191     1.2150   2.925873   2.925614     2.0314     2.4485      8.036     0.8251     0.3848 1.0715e-01    -0.0891   102.2522     7.2162     7.4856    33.8496    33.8507    27.1061    27.1073    7.85278 0.0000e+00
       4431    138.240     1.2189     1.2156   2.925899   2.925644     2.0318     2.4490      8.033     0.8251     0.3848 1.0727e-01    -0.0898   102.2703     7.2171     7.4916    33.8500    33.8503    27.1065    27.1069    7.85279 0.0000e+00
       4434    138.335     1.2205     1.2154   2.926078   2.925677     2.0318     2.4485      8.033     0.8145     0.7006 1.0715e-01    -0.0891   102.2522     7.2175     7.4893    33.8506    33.8509    27.1068    27.1074    7.85245 0.0000e+00
       4437    138.434     1.2218     1.2160   2.926171   2.925774     2.0310     2.4490      8.033     0.8145     0.7401 1.0715e-01    -0.0891   102.2522     7.2120     7.4916    33.8502    33.8514    27.1064    27.1077    7.85219 0.0000e+00
       4440    138.533     1.2227     1.2171   2.926282   2.925890     2.0314     2.4481      8.033     0.8145     0.7401 1.0715e-01    -0.0891   102.2522     7.2124     7.4888    33.8507    33.8517    27.1067    27.1079    7.85199 0.0000e+00
       4443    138.637     1.2262     1.2185   2.926736   2.926079     2.0318     2.4481      8.033     0.8357     0.7401 1.0727e-01    -0.0894   102.2613     7.2155     7.4903    33.8527    33.8525    27.1080    27.1084    7.85117 0.0000e+00
       4446    138.746     1.2315     1.2234   2.927198   2.926660     2.0318     2.4490      8.033     0.8251     0.7006 1.0715e-01    -0.0961   102.4331     7.2160     7.4935    33.8528    33.8547    27.1078    27.1098    7.85009 0.0000e+00
       4449    138.860     1.2344     1.2277   2.927452   2.926978     2.0318     2.4477      8.034     0.8145     0.7401 1.0715e-01    -0.0969   102.4512     7.2170     7.4885    33.8528    33.8539    27.1076    27.1090    7.84950 0.0000e+00
       4452    138.976     1.2376     1.2312   2.927902   2.927455     2.0310     2.4485      8.033     0.7934     0.7401 1.0715e-01    -0.0965   102.4421     7.2124     7.4918    33.8550    33.8562    27.1092    27.1106    7.84872 0.0000e+00
       4455    139.096     1.2437     1.2359   2.928563   2.927896     2.0310     2.4490      8.033     0.7616     0.7401 1.0715e-01    -0.0965   102.4421     7.2119     7.4925    33.8568    33.8567    27.1102    27.1106    7.84739 0.0000e+00
       4458    139.219     1.2493     1.2401   2.929115   2.928375     2.0306     2.4481      8.034     0.7510     0.8191 1.0727e-01    -0.0969   102.4512     7.2066     7.4878    33.8577    33.8582    27.1106    27.1116    7.84620 0.0000e+00
       4461    139.344     1.2533     1.2472   2.929415   2.929098     2.0302     2.4485      8.034     0.7616     1.2139 1.0715e-01    -0.0962   102.4331     7.2011     7.4897    33.8571    33.8596    27.1098    27.1123    7.84541 0.0000e+00
       4464    139.471     1.2582     1.2539   2.929980   2.929684     2.0306     2.4481      8.034     0.7510     1.2139 1.0715e-01    -0.0962   102.4331     7.2010     7.4887    33.8589    33.8598    27.1110    27.1119    7.84431 0.0000e+00
       4467    139.601     1.2607     1.2561   2.930108   2.929744     2.0310     2.4485      8.033     0.7616     1.2139 1.0715e-01    -0.0955   102.4150     7.2012     7.4886    33.8577    33.8581    27.1098    27.1104    7.84386 0.0000e+00
       4470    139.732     1.2580     1.2539   2.929841   2.929533     2.0310     2.4481      8.034     0.7616     1.2139 1.0715e-01    -0.0951   102.4060     7.2040     7.4875    33.8573    33.8577    27.1096    27.1102    7.84445 0.0000e+00
       4473    139.868     1.2561     1.2513   2.929839   2.929476     2.0314     2.4481      8.034     0.7510     1.2139 1.0715e-01    -0.0951   102.4060     7.2092     7.4887    33.8591    33.8597    27.1113    27.1121    7.84472 0.0000e+00
       4476    140.007     1.2586     1.2527   2.930287   2.929853     2.0310     2.4481      8.033     0.7616     1.2139 1.0715e-01    -0.0955   102.4150     7.2058     7.4873    33.8621    33.8629    27.1135    27.1146    7.84406 0.0000e+00
       4479    140.144     1.2594     1.2539   2.930330   2.929988     2.0310     2.4481      8.031     0.7616     1.2139 1.0715e-01    -0.0955   102.4150     7.2073     7.4885    33.8617    33.8633    27.1131    27.1147    7.84392 0.0000e+00
       4482    140.283     1.2570     1.2526   2.930166   2.929846     2.0293     2.4477      8.033     0.7616     1.2139 1.0715e-01    -0.0951   102.4060     7.1983     7.4874    33.8622    33.8629    27.1136    27.1145    7.84439 0.0000e+00
       4485    140.425     1.2561     1.2515   2.930203   2.929868     2.0297     2.4490      8.031     0.7616     2.0824 1.0715e-01    -0.0951   102.4060     7.1984     7.4923    33.8634    33.8642    27.1147    27.1156    7.84449 0.0000e+00
       4488    140.568     1.2583     1.2527   2.930455   2.930068     2.0306     2.4482      8.031     0.7616     3.0299 1.0715e-01    -0.0951   102.4060     7.1977     7.4886    33.8643    33.8654    27.1153    27.1165    7.84401 0.0000e+00
       4491    140.710     1.2618     1.2579   2.930933   2.930804     2.0293     2.4482      8.031     0.7616     2.9904 1.0715e-01    -0.0951   102.4060     7.1912     7.4854    33.8665    33.8690    27.1168    27.1191    7.84318 0.0000e+00
       4494    140.851     1.2712     1.2669   2.931896   2.931606     2.0310     2.4482      8.031     0.7616     2.9904 1.0727e-01    -0.0947   102.3969     7.1987     7.4841    33.8685    33.8694    27.1177    27.1188    7.84115 0.0000e+00
       4497    140.992     1.2769     1.2728   2.932330   2.932065     2.0297     2.4482      8.031     0.7405     2.9904 1.0727e-01    -0.0951   102.4060     7.1945     7.4831    33.8678    33.8688    27.1168    27.1179    7.84003 0.0000e+00
       4500    141.135     1.2784     1.2748   2.932362   2.932109     2.0293     2.4482      8.031     0.7616     2.9904 1.0715e-01    -0.0947   102.3969     7.1970     7.4826    33.8665    33.8671    27.1157    27.1164    7.83980 0.0000e+00
       4503    141.275     1.2779     1.2736   2.932452   2.932078     2.0302     2.4482      8.031     0.7405     2.9904 1.0715e-01    -0.0951   102.4060     7.2049     7.4839    33.8681    33.8680    27.1170    27.1172    7.83981 0.0000e+00
       4506    141.413     1.2829     1.2768   2.933033   2.932553     2.0293     2.4478      8.033     0.7934     2.9904 1.0715e-01    -0.0955   102.4150     7.2035     7.4830    33.8701    33.8705    27.1182    27.1190    7.83870 0.0000e+00
       4509    141.549     1.2848     1.2792   2.933156   2.932731     2.0293     2.4482      8.031     0.7722     2.9904 1.0715e-01    -0.0962   102.4331     7.2060     7.4848    33.8695    33.8701    27.1176    27.1185    7.83834 0.0000e+00
       4512    141.680     1.2845     1.2787   2.933171   2.932703     2.0289     2.4473      8.031     0.7934     0.7796 1.0715e-01    -0.0962   102.4331     7.2075     7.4880    33.8699    33.8702    27.1180    27.1186    7.83838 0.0000e+00
       4515    141.809     1.2851     1.2791   2.933342   2.932840     2.0297     2.4473      8.033     0.7934     0.2269 1.0727e-01    -0.0962   102.4331     7.2119     7.4899    33.8714    33.8715    27.1191    27.1196    7.83818 0.0000e+00
       4518    141.935     1.2863     1.2802   2.933477   2.933034     2.0293     2.4482      8.031     0.8040     0.2664 1.0715e-01    -0.0958   102.4241     7.2107     7.4958    33.8717    33.8726    27.1193    27.1205    7.83791 0.0000e+00
       4521    142.056     1.2896     1.2840   2.933906   2.933530     2.0302     2.4478      8.031     0.8040     0.2664 1.0727e-01    -0.0962   102.4331     7.2191     7.4937    33.8736    33.8748    27.1206    27.1220    7.83715 0.0000e+00
       4524    142.175     1.2939     1.2877   2.934254   2.933822     2.0293     2.4482      8.031     0.7934     0.2664 1.0715e-01    -0.0962   102.4331     7.2117     7.4946    33.8733    33.8744    27.1201    27.1214    7.83629 0.0000e+00
       4527    142.285     1.2949     1.2892   2.934330   2.933906     2.0302     2.4486      8.031     0.7934     0.2664 1.0715e-01    -0.0972   102.4602     7.2155     7.4954    33.8731    33.8739    27.1199    27.1209    7.83610 0.0000e+00
       4530    142.388     1.2976     1.2908   2.934706   2.934131     2.0306     2.4486      8.031     0.8040     0.2664 1.0715e-01    -0.0972   102.4602     7.2173     7.4978    33.8749    33.8749    27.1211    27.1216    7.83544 0.0000e+00
       4533    142.488     1.3030     1.2952   2.935408   2.934779     2.0310     2.4486      8.031     0.8145     0.2664 1.0715e-01    -0.0972   102.4602     7.2168     7.4991    33.8780    33.8784    27.1232    27.1241    7.83419 0.0000e+00
       4536    142.580     1.3103     1.3034   2.936265   2.935702     2.0302     2.4498      8.031     0.8357     0.1874 1.0715e-01    -0.0972   102.4602     7.2067     7.5023    33.8809    33.8812    27.1251    27.1258    7.83254 0.0000e+00
       4539    142.667     1.3155     1.3112   2.936699   2.936316     2.0297     2.4490      8.033     0.8251    -0.4838 1.0715e-01    -0.0972   102.4602     7.1989     7.4928    33.8808    33.8806    27.1246    27.1248    7.83150 0.0000e+00
