Datasets/AZMP/TEL210/tel210_2020_088.cnv
* Sea-Bird SBE 9 Data File:
* FileName = C:\CTDDATA\tel210_2020_088.hex
* Software Version Seasave V 7.26.7.110
* Temperature SN = 1697
* Conductivity SN = 4216
* Number of Bytes Per Scan = 30
* Number of Voltage Words = 4
* Number of Scans Averaged by the Deck Unit = 1
* NMEA baud rate = 4800
** VESSEL/TRIP/SEQ STN:  tel210_2020_088
** LATITUDE XX XX.XX: 53 55.00 N
** LONGITUDE XX XX.XX: 054 30.00 W
** SOUNDING DEPTH (M): 0169
** PROBE TYPE: S1146
** CTD NUMBER: 058
** COMMENTS (14 CHAR): SI-07
** BOTTLES:  0
** LEVELS:
** STICKERS:
** VNET: N
** DO2: N
# nquan = 22
# nvalues = 3925                        
# units = specified
# name 0 = scan: Scan Count
# name 1 = prDM: Pressure, Digiquartz [db]
# name 2 = t090C: Temperature [ITS-90, deg C]
# name 3 = t190C: Temperature, 2 [ITS-90, deg C]
# name 4 = c0S/m: Conductivity [S/m]
# name 5 = c1S/m: Conductivity, 2 [S/m]
# name 6 = sbeox0V: Oxygen raw, SBE 43 [V]
# name 7 = sbeox1V: Oxygen raw, SBE 43, 2 [V]
# name 8 = ph: pH
# name 9 = flECO-AFL: Fluorescence, WET Labs ECO-AFL/FL [mg/m^3]
# name 10 = wetCDOM: Fluorescence, WET Labs CDOM [mg/m^3]
# name 11 = par/sat/log: PAR/Logarithmic, Satlantic [umol photons/m^2/sec]
# name 12 = CStarAt0: Beam Attenuation, WET Labs C-Star [1/m]
# name 13 = CStarTr0: Beam Transmission, WET Labs C-Star [%]
# name 14 = sbeox0ML/L: Oxygen, SBE 43 [ml/l], WS = 2
# name 15 = sbeox1ML/L: Oxygen, SBE 43, 2 [ml/l], WS = 2
# name 16 = sal00: Salinity, Practical [PSU]
# name 17 = sal11: Salinity, Practical, 2 [PSU]
# name 18 = sigma-t00: Density [sigma-t, kg/m^3 ]
# name 19 = sigma-t11: Density, 2 [sigma-t, kg/m^3 ]
# name 20 = oxsatML/L: Oxygen Saturation, Weiss [ml/l]
# name 21 = flag: flag
# span 0 =         23,      13468       
# span 1 =      2.007,    168.051       
# span 2 =    -0.6544,     9.9796       
# span 3 =    -0.6518,     9.9762       
# span 4 =   2.705271,   3.539735       
# span 5 =   2.705693,   3.539438       
# span 6 =     1.8831,     2.6328       
# span 7 =     2.2632,     3.2242       
# span 8 =      7.925,      8.273       
# span 9 =     0.6558,     2.9838       
# span 10 =    -2.8130,   482.1870      
# span 11 = 1.0678e-01, 6.7697e+00      
# span 12 =    -0.1456,     0.1930      
# span 13 =    95.2890,   103.7082      
# span 14 =     6.5172,    10.2043      
# span 15 =     6.6530,    10.8380      
# span 16 =    32.0566,    34.0431      
# span 17 =    32.1442,    34.0459      
# span 18 =    24.8056,    27.2509      
# span 19 =    24.8117,    27.2532      
# span 20 =    6.43146,    8.29202      
# span 21 = 0.0000e+00, 0.0000e+00      
# interval = scans: 3                   
# start_time = Jul 25 2020 08:12:10 [System UTC, header]
# bad_flag = -9.990e-29
*END*
[from data line 2107]
       7296    135.308     0.6768     0.6710   2.879536   2.879029     1.9854     2.3961      7.987     0.7405    -0.0889 1.0740e-01    -0.1404   103.5725     7.1156     7.3927    33.8443    33.8442    27.1361    27.1363    7.96506 0.0000e+00
       7299    135.220     0.6778     0.6685   2.879592   2.878384     1.9846     2.3953      7.988     0.7193    -0.0889 1.0752e-01    -0.1404   103.5725     7.1131     7.3893    33.8441    33.8386    27.1358    27.1319    7.96488 0.0000e+00
       7302    135.137     0.6801     0.6609   2.879855   2.877806     1.9850     2.3957      7.987     0.7299    -0.0889 1.0752e-01    -0.1404   103.5725     7.1165     7.3930    33.8450    33.8394    27.1365    27.1331    7.96435 0.0000e+00
       7305    135.058     0.6713     0.6622   2.878571   2.878311     1.9842     2.3957      7.990     0.7510    -0.0889 1.0740e-01    -0.1397   103.5544     7.1178     7.3927    33.8380    33.8446    27.1313    27.1371    7.96656 0.0000e+00
       7308    134.984     0.6686     0.6703   2.879093   2.879019     1.9846     2.3953      7.988     0.7616    -0.2863 1.0752e-01    -0.1397   103.5544     7.1192     7.3871    33.8477    33.8449    27.1393    27.1370    7.96659 0.0000e+00
       7311    134.916     0.6842     0.6788   2.880335   2.879738     1.9846     2.3953      7.987     0.7616    -0.8785 1.0740e-01    -0.1401   103.5635     7.1170     7.3870    33.8469    33.8450    27.1377    27.1365    7.96338 0.0000e+00
       7314    134.852     0.6874     0.6827   2.880704   2.880156     1.9850     2.3945      7.987     0.7510    -0.7996 1.0740e-01    -0.1401   103.5635     7.1164     7.3856    33.8482    33.8462    27.1386    27.1373    7.96264 0.0000e+00
       7317    134.792     0.6879     0.6896   2.880630   2.881211     1.9846     2.3953      7.985     0.7616    -0.8391 1.0740e-01    -0.1404   103.5725     7.1138     7.3911    33.8467    33.8524    27.1373    27.1418    7.96262 0.0000e+00
       7320    134.739     0.6807     0.6954   2.880080   2.881507     1.9846     2.3945      7.985     0.7616    -0.8391 1.0715e-01    -0.1401   103.5635     7.1188     7.3887    33.8474    33.8500    27.1384    27.1395    7.96407 0.0000e+00
       7323    134.690     0.6749     0.6906   2.879753   2.880572     1.9854     2.3949      7.987     0.7510    -0.8391 1.0752e-01    -0.1397   103.5544     7.1246     7.3917    33.8496    33.8431    27.1405    27.1343    7.96518 0.0000e+00
       7326    134.641     0.6706     0.6822   2.878711   2.879881     1.9846     2.3949      7.985     0.7510    -0.7996 1.0752e-01    -0.1387   103.5273     7.1226     7.3939    33.8408    33.8433    27.1336    27.1349    7.96655 0.0000e+00
       7329    134.598     0.6476     0.6698   2.876515   2.878601     1.9850     2.3937      7.985     0.7510    -0.8391 1.0740e-01    -0.1383   103.5183     7.1309     7.3935    33.8375    33.8403    27.1323    27.1333    7.97155 0.0000e+00
       7332    134.558     0.6505     0.6595   2.876457   2.877804     1.9846     2.3941      7.985     0.7616    -0.7996 1.0740e-01    -0.1383   103.5183     7.1293     7.3991    33.8336    33.8412    27.1290    27.1346    7.97115 0.0000e+00
       7335    134.525     0.6277     0.6530   2.873891   2.877167     1.9846     2.3945      7.985     0.7616    -0.6022 1.0740e-01    -0.1383   103.5183     7.1329     7.4046    33.8252    33.8401    27.1235    27.1341    7.97638 0.0000e+00
       7338    134.500     0.6183     0.6474   2.873395   2.876616     1.9842     2.3945      7.985     0.7510    -0.3258 1.0752e-01    -0.1380   103.5092     7.1324     7.4079    33.8290    33.8390    27.1272    27.1336    7.97814 0.0000e+00
       7341    134.471     0.6179     0.6480   2.873078   2.876909     1.9846     2.3949      7.985     0.7510    -0.3653 1.0752e-01    -0.1383   103.5183     7.1338     7.4109    33.8253    33.8422    27.1242    27.1361    7.97842 0.0000e+00
       7344    134.446     0.6131     0.6412   2.872740   2.876036     1.9854     2.3937      7.985     0.7722    -0.3653 1.0752e-01    -0.1387   103.5273     7.1383     7.4112    33.8262    33.8383    27.1253    27.1333    7.97938 0.0000e+00
       7347    134.424     0.6110     0.6328   2.872422   2.875151     1.9846     2.3945      7.985     0.7616    -0.3653 1.0752e-01    -0.1415   103.5997     7.1357     7.4165    33.8244    33.8360    27.1239    27.1320    7.97993 0.0000e+00
       7350    134.399     0.6058     0.6259   2.872098   2.874305     1.9850     2.3941      7.985     0.7510    -0.3258 1.0740e-01    -0.1415   103.5997     7.1414     7.4174    33.8259    33.8326    27.1255    27.1296    7.98094 0.0000e+00
       7353    134.375     0.6045     0.6243   2.871874   2.874221     1.9850     2.3937      7.985     0.7510    -0.3258 1.0752e-01    -0.1415   103.5997     7.1430     7.4171    33.8244    33.8333    27.1243    27.1303    7.98129 0.0000e+00
       7356    134.350     0.6030     0.6191   2.871702   2.873569     1.9850     2.3949      7.985     0.7299    -0.3258 1.0740e-01    -0.1415   103.5997     7.1449     7.4220    33.8238    33.8305    27.1239    27.1283    7.98164 0.0000e+00
       7359    134.324     0.6028     0.6176   2.871642   2.873539     1.9846     2.3945      7.985     0.7087    -0.3258 1.0752e-01    -0.1415   103.5997     7.1439     7.4215    33.8232    33.8318    27.1235    27.1295    7.98170 0.0000e+00
       7362    134.293     0.6031     0.6099   2.871586   2.872998     1.9846     2.3945      7.985     0.6875    -0.6811 1.0740e-01    -0.1415   103.5997     7.1443     7.4241    33.8223    33.8332    27.1226    27.1310    7.98170 0.0000e+00
       7365    134.262     0.6018     0.6100   2.871495   2.873446     1.9846     2.3949      7.985     0.6770    -0.7206 1.0727e-01    -0.1411   103.5906     7.1441     7.4266    33.8225    33.8389    27.1229    27.1357    7.98196 0.0000e+00
       7368    134.226     0.6007     0.6140   2.871396   2.873809     1.9846     2.3949      7.985     0.6981    -0.6811 1.0752e-01    -0.1397   103.5544     7.1451     7.4269    33.8225    33.8393    27.1230    27.1357    7.98220 0.0000e+00
       7371    134.186     0.6001     0.6178   2.871434   2.873842     1.9854     2.3945      7.985     0.6664    -0.6811 1.0740e-01    -0.1401   103.5635     7.1484     7.4241    33.8236    33.8356    27.1239    27.1325    7.98225 0.0000e+00
       7374    134.143     0.5999     0.6210   2.871499   2.873976     1.9850     2.3941      7.985     0.7087    -0.7206 1.0752e-01    -0.1397   103.5544     7.1462     7.4197    33.8247    33.8338    27.1248    27.1309    7.98224 0.0000e+00
       7377    134.093     0.5993     0.6257   2.871448   2.874242     1.9854     2.3945      7.985     0.6770    -0.6811 1.0740e-01    -0.1397   103.5544     7.1482     7.4187    33.8247    33.8321    27.1249    27.1293    7.98236 0.0000e+00
       7380    134.035     0.5977     0.6314   2.871172   2.874669     1.9854     2.3953      7.985     0.6875    -0.7206 1.0752e-01    -0.1404   103.5725     7.1477     7.4180    33.8229    33.8315    27.1235    27.1284    7.98279 0.0000e+00
       7383    133.968     0.5964     0.6276   2.871064   2.873682     1.9854     2.3945      7.985     0.7299    -0.6811 1.0752e-01    -0.1401   103.5635     7.1450     7.4190    33.8230    33.8229    27.1236    27.1218    7.98307 0.0000e+00
       7386    133.893     0.5956     0.6155   2.870863   2.872574     1.9858     2.3953      7.985     0.7299    -0.6811 1.0740e-01    -0.1383   103.5183     7.1454     7.4254    33.8213    33.8218    27.1223    27.1215    7.98332 0.0000e+00
       7389    133.811     0.5931     0.6055   2.870590   2.871564     1.9854     2.3945      7.985     0.7299    -0.4443 1.0740e-01    -0.1373   103.4911     7.1396     7.4233    33.8205    33.8196    27.1218    27.1204    7.98389 0.0000e+00
       7392    133.724     0.5907     0.5952   2.870301   2.870612     1.9854     2.3953      7.985     0.7299    -0.4443 1.0752e-01    -0.1373   103.4911     7.1362     7.4313    33.8195    33.8185    27.1211    27.1201    7.98446 0.0000e+00
       7395    133.629     0.5885     0.5864   2.870080   2.869898     1.9850     2.3949      7.985     0.7299    -0.4838 1.0740e-01    -0.1373   103.4911     7.1340     7.4309    33.8190    33.8189    27.1209    27.1210    7.98495 0.0000e+00
       7398    133.530     0.5860     0.5817   2.869868   2.869610     1.9854     2.3941      7.985     0.7299    -0.4443 1.0752e-01    -0.1373   103.4911     7.1386     7.4278    33.8190    33.8204    27.1210    27.1224    7.98546 0.0000e+00
       7401    133.420     0.5852     0.5806   2.869766   2.869610     1.9850     2.3945      7.985     0.7299    -0.4443 1.0752e-01    -0.1373   103.4911     7.1359     7.4259    33.8186    33.8217    27.1208    27.1235    7.98565 0.0000e+00
       7404    133.308     0.5840     0.5866   2.869648   2.870833     1.9846     2.3949      7.985     0.7299    -0.4443 1.0740e-01    -0.1373   103.4911     7.1330     7.4256    33.8186    33.8311    27.1208    27.1307    7.98592 0.0000e+00
       7407    133.188     0.5833     0.6075   2.869530   2.873091     1.9850     2.3957      7.985     0.7299    -0.4443 1.0752e-01    -0.1394   103.5454     7.1347     7.4238    33.8178    33.8377    27.1202    27.1348    7.98610 0.0000e+00
       7410    133.060     0.5815     0.6104   2.869325   2.872021     1.9846     2.3949      7.985     0.7299    -0.4443 1.0740e-01    -0.1404   103.5725     7.1327     7.4212    33.8172    33.8207    27.1198    27.1210    7.98651 0.0000e+00
       7413    132.928     0.5802     0.5926   2.869236   2.869952     1.9846     2.3949      7.985     0.7405    -0.2074 1.0740e-01    -0.1404   103.5725     7.1355     7.4261    33.8175    33.8133    27.1202    27.1161    7.98676 0.0000e+00
       7416    132.795     0.5810     0.5817   2.869336   2.869576     1.9842     2.3953      7.985     0.7299     0.2664 1.0727e-01    -0.1401   103.5635     7.1357     7.4295    33.8181    33.8204    27.1206    27.1224    7.98657 0.0000e+00
       7419    132.657     0.5830     0.5807   2.869525   2.869440     1.9858     2.3949      7.985     0.7299     0.2664 1.0727e-01    -0.1404   103.5725     7.1422     7.4298    33.8184    33.8198    27.1207    27.1220    7.98612 0.0000e+00
       7422    132.520     0.5790     0.5768   2.868844   2.868928     1.9854     2.3949      7.985     0.7299     0.2664 1.0740e-01    -0.1404   103.5725     7.1411     7.4322    33.8140    33.8175    27.1174    27.1203    7.98721 0.0000e+00
       7425    132.379     0.5747     0.5754   2.868513   2.869069     1.9846     2.3941      7.985     0.7193     0.2664 1.0752e-01    -0.1401   103.5635     7.1383     7.4279    33.8144    33.8209    27.1180    27.1232    7.98808 0.0000e+00
       7428    132.236     0.5696     0.5735   2.867855   2.868223     1.9846     2.3953      7.985     0.7299     0.2664 1.0740e-01    -0.1422   103.6178     7.1379     7.4302    33.8116    33.8121    27.1160    27.1162    7.98932 0.0000e+00
       7431    132.098     0.5649     0.5627   2.867342   2.867208     1.9846     2.3945      7.985     0.7299     0.2664 1.0740e-01    -0.1418   103.6087     7.1371     7.4286    33.8101    33.8107    27.1152    27.1157    7.99039 0.0000e+00
       7434    131.961     0.5609     0.5610   2.867064   2.867391     1.9846     2.3957      7.985     0.7405     0.2664 1.0740e-01    -0.1422   103.6178     7.1376     7.4336    33.8109    33.8151    27.1160    27.1193    7.99117 0.0000e+00
       7437    131.822     0.5607     0.5592   2.867027   2.866563     1.9850     2.3945      7.985     0.7510     0.2664 1.0752e-01    -0.1422   103.6178     7.1403     7.4276    33.8108    33.8063    27.1159    27.1123    7.99124 0.0000e+00
       7440    131.688     0.5598     0.5491   2.866875   2.865505     1.9850     2.3953      7.985     0.7405    -0.3653 1.0740e-01    -0.1422   103.6178     7.1386     7.4328    33.8098    33.8037    27.1152    27.1108    7.99147 0.0000e+00
       7443    131.560     0.5555     0.5422   2.866286   2.865102     1.9842     2.3957      7.986     0.7616    -0.6022 1.0740e-01    -0.1425   103.6268     7.1347     7.4346    33.8069    33.8060    27.1131    27.1131    7.99253 0.0000e+00
       7446    131.443     0.5507     0.5433   2.865651   2.865583     1.9846     2.3957      7.986     0.7616    -0.5627 1.0740e-01    -0.1408   103.5816     7.1417     7.4339    33.8041    33.8112    27.1110    27.1172    7.99371 0.0000e+00
       7449    131.329     0.5465     0.5455   2.865341   2.865473     1.9838     2.3949      7.986     0.7510    -0.6022 1.0752e-01    -0.1394   103.5454     7.1403     7.4282    33.8047    33.8074    27.1118    27.1140    7.99456 0.0000e+00
       7452    131.215     0.5452     0.5400   2.865339   2.864803     1.9842     2.3945      7.986     0.7616    -0.5627 1.0740e-01    -0.1394   103.5454     7.1416     7.4264    33.8061    33.8048    27.1130    27.1123    7.99474 0.0000e+00
       7455    131.111     0.5458     0.5361   2.865372   2.864524     1.9842     2.3945      7.986     0.7405    -0.5627 1.0752e-01    -0.1397   103.5544     7.1416     7.4249    33.8059    33.8055    27.1128    27.1131    7.99462 0.0000e+00
       7458    131.016     0.5443     0.5344   2.865106   2.864357     1.9842     2.3945      7.986     0.7616    -0.6022 1.0752e-01    -0.1394   103.5454     7.1427     7.4246    33.8041    33.8053    27.1115    27.1130    7.99504 0.0000e+00
       7461    130.929     0.5395     0.5308   2.864560   2.863955     1.9850     2.3945      7.986     0.7087    -0.5627 1.0752e-01    -0.1394   103.5454     7.1487     7.4242    33.8023    33.8040    27.1103    27.1122    7.99615 0.0000e+00
       7464    130.849     0.5419     0.5285   2.865400   2.863887     1.9842     2.3945      7.986     0.6876    -0.5627 1.0740e-01    -0.1394   103.5454     7.1437     7.4248    33.8108    33.8057    27.1170    27.1136    7.99519 0.0000e+00
       7467    130.773     0.5631     0.5282   2.867262   2.863766     1.9842     2.3945      7.985     0.7087    -0.0495 1.0740e-01    -0.1404   103.5725     7.1398     7.4260    33.8118    33.8044    27.1166    27.1126    7.99068 0.0000e+00
       7470    130.708     0.5685     0.5290   2.867040   2.864196     1.9846     2.3945      7.985     0.6875     0.0295 1.0752e-01    -0.1408   103.5816     7.1403     7.4296    33.8030    33.8092    27.1092    27.1165    7.99001 0.0000e+00
       7473    130.649     0.5517     0.5350   2.866171   2.864726     1.9842     2.3945      7.986     0.6875     0.0295 1.0752e-01    -0.1415   103.5997     7.1439     7.4305    33.8102    33.8097    27.1159    27.1165    7.99316 0.0000e+00
       7476    130.598     0.5409     0.5378   2.864881   2.864994     1.9842     2.3941      7.986     0.6875     0.0295 1.0752e-01    -0.1411   103.5906     7.1469     7.4263    33.8052    33.8101    27.1125    27.1166    7.99569 0.0000e+00
       7479    130.554     0.5316     0.5404   2.863915   2.865335     1.9846     2.3941      7.986     0.6875     0.0295 1.0727e-01    -0.1415   103.5997     7.1491     7.4237    33.8028    33.8117    27.1111    27.1178    7.99778 0.0000e+00
       7482    130.514     0.5265     0.5444   2.863335   2.865575     1.9846     2.3941      7.986     0.6981     0.0295 1.0740e-01    -0.1411   103.5906     7.1494     7.4214    33.8009    33.8104    27.1099    27.1165    7.99897 0.0000e+00
       7485    130.480     0.5219     0.5401   2.862890   2.864707     1.9842     2.3937      7.986     0.7087     0.0295 1.0740e-01    -0.1408   103.5816     7.1511     7.4192    33.8001    33.8038    27.1095    27.1115    7.99997 0.0000e+00
       7488    130.452     0.5198     0.5320   2.862695   2.863995     1.9834     2.3945      7.986     0.7616     0.0295 1.0740e-01    -0.1422   103.6178     7.1503     7.4232    33.7999    33.8034    27.1094    27.1116    8.00043 0.0000e+00
