Datasets/AZMP/TEL210/tel210_2020_007.cnv
* Sea-Bird SBE 9 Data File:
* FileName = C:\CTDDATA\tel210_2020_007.hex
* Software Version Seasave V 7.26.7.110
* Temperature SN = 1697
* Conductivity SN = 4216
* Number of Bytes Per Scan = 30
* Number of Voltage Words = 4
* Number of Scans Averaged by the Deck Unit = 1
* NMEA baud rate = 4800
** VESSEL/TRIP/SEQ STN:  tel210_2020_007
** LATITUDE XX XX.XX: 47 00.00 N
** LONGITUDE XX XX.XX: 052 02.00 W
** SOUNDING DEPTH (M): 0138
** PROBE TYPE: S1146
** CTD NUMBER: 006
** COMMENTS (14 CHAR): FC-05
** BOTTLES:  9
** LEVELS: 5,10,20,30,40,50,75,100,BTM
** STICKERS: 435780 - 435788
** VNET: Y
** DO2: N
# nquan = 22
# nvalues = 3198                        
# units = specified
# name 0 = scan: Scan Count
# name 1 = prDM: Pressure, Digiquartz [db]
# name 2 = t090C: Temperature [ITS-90, deg C]
# name 3 = t190C: Temperature, 2 [ITS-90, deg C]
# name 4 = c0S/m: Conductivity [S/m]
# name 5 = c1S/m: Conductivity, 2 [S/m]
# name 6 = sbeox0V: Oxygen raw, SBE 43 [V]
# name 7 = sbeox1V: Oxygen raw, SBE 43, 2 [V]
# name 8 = ph: pH
# name 9 = flECO-AFL: Fluorescence, WET Labs ECO-AFL/FL [mg/m^3]
# name 10 = wetCDOM: Fluorescence, WET Labs CDOM [mg/m^3]
# name 11 = par/sat/log: PAR/Logarithmic, Satlantic [umol photons/m^2/sec]
# name 12 = CStarAt0: Beam Attenuation, WET Labs C-Star [1/m]
# name 13 = CStarTr0: Beam Transmission, WET Labs C-Star [%]
# name 14 = sbeox0ML/L: Oxygen, SBE 43 [ml/l], WS = 2
# name 15 = sbeox1ML/L: Oxygen, SBE 43, 2 [ml/l], WS = 2
# name 16 = sal00: Salinity, Practical [PSU]
# name 17 = sal11: Salinity, Practical, 2 [PSU]
# name 18 = sigma-t00: Density [sigma-t, kg/m^3 ]
# name 19 = sigma-t11: Density, 2 [sigma-t, kg/m^3 ]
# name 20 = oxsatML/L: Oxygen Saturation, Weiss [ml/l]
# name 21 = flag: flag
# span 0 =         54,      30683       
# span 1 =      1.578,    136.540       
# span 2 =    -1.6309,    11.6932       
# span 3 =    -1.6361,    11.6863       
# span 4 =   2.598620,   3.658555       
# span 5 =   2.598148,   3.658619       
# span 6 =     1.9341,     2.4607       
# span 7 =     2.3505,     3.0103       
# span 8 =      7.845,      8.168       
# span 9 =    -0.6019,     1.2194       
# span 10 =    -2.8130,   482.1870      
# span 11 = 1.0715e-01, 1.2881e+02      
# span 12 =    -0.1596,     0.0671      
# span 13 =    98.3366,   104.0699      
# span 14 =     6.1451,     8.8182      
# span 15 =     6.2497,     9.4169      
# span 16 =    31.7853,    32.9167      
# span 17 =    31.6801,    32.9172      
# span 18 =    24.2322,    26.4670      
# span 19 =    24.2316,    26.4676      
# span 20 =    6.21061,    8.54445      
# span 21 = 0.0000e+00, 0.0000e+00      
# interval = scans: 3                   
# start_time = Jul 15 2020 12:17:25 [System UTC, header]
# bad_flag = -9.990e-29
*END*
[from data line 264]
       1398     26.057     1.4911     1.4742   2.818092   2.817480     2.3272     2.8800      8.162     0.1917   481.0816 1.0456e+01    -0.0378   100.9500     8.4994     9.1206    32.2567    32.2664    25.8093    25.8181    7.88201 0.0000e+00
       1401     26.167     1.4661     1.4498   2.816308   2.815701     2.3276     2.8820      8.162     0.1917   481.1211 1.0360e+01    -0.0375   100.9410     8.5076     9.1373    32.2599    32.2690    25.8135    25.8218    7.88697 0.0000e+00
       1404     26.277     1.4451     1.4333   2.814902   2.814399     2.3276     2.8824      8.164     0.1815   481.0421 1.0252e+01    -0.0375   100.9410     8.5128     9.1445    32.2637    32.2695    25.8180    25.8233    7.89106 0.0000e+00
       1407     26.388     1.4251     1.4157   2.813282   2.812773     2.3272     2.8824      8.166     0.1917   481.0816 1.0146e+01    -0.0371   100.9320     8.5158     9.1476    32.2638    32.2669    25.8192    25.8224    7.89515 0.0000e+00
       1410     26.498     1.3984     1.3866   2.810905   2.810240     2.3268     2.8836      8.166     0.1917   481.0816 1.0064e+01    -0.0375   100.9410     8.5179     9.1562    32.2611    32.2649    25.8188    25.8226    7.90076 0.0000e+00
       1413     26.601     1.3684     1.3553   2.808460   2.807542     2.3272     2.8853      8.166     0.2120   481.1211 9.9948e+00    -0.0375   100.9410     8.5242     9.1649    32.2611    32.2629    25.8207    25.8230    7.90693 0.0000e+00
       1416     26.702     1.3379     1.3250   2.806232   2.805401     2.3272     2.8853      8.166     0.2120   481.1211 9.9029e+00    -0.0393   100.9862     8.5295     9.1652    32.2642    32.2669    25.8251    25.8282    7.91303 0.0000e+00
       1419     26.800     1.3140     1.3011   2.804541   2.803693     2.3260     2.8853      8.166     0.2222   481.1211 9.8572e+00    -0.0435   101.0947     8.5292     9.1674    32.2673    32.2699    25.8292    25.8321    7.91778 0.0000e+00
       1422     26.897     1.2974     1.2820   2.803479   2.802536     2.3260     2.8857      8.166     0.2324   481.1211 9.7778e+00    -0.0428   101.0766     8.5341     9.1693    32.2710    32.2749    25.8332    25.8373    7.92101 0.0000e+00
       1425     26.994     1.2826     1.2736   2.802734   2.802021     2.3268     2.8869      8.166     0.2222   481.1211 9.7214e+00    -0.0428   101.0766     8.5424     9.1688    32.2767    32.2769    25.8388    25.8394    7.92375 0.0000e+00
       1428     27.085     1.2733     1.2658   2.802024   2.801470     2.3264     2.8877      8.166     0.2120   481.0816 9.6654e+00    -0.0439   101.1038     8.5459     9.1688    32.2772    32.2779    25.8397    25.8407    7.92563 0.0000e+00
       1431     27.177     1.2615     1.2513   2.800992   2.800450     2.3268     2.8873      8.166     0.2222   481.1211 9.6097e+00    -0.0428   101.0766     8.5542     9.1640    32.2763    32.2799    25.8397    25.8432    7.92812 0.0000e+00
       1434     27.265     1.2494     1.2401   2.800311   2.799891     2.3264     2.8869      8.168     0.2222   481.0421 9.5543e+00    -0.0428   101.0766     8.5581     9.1604    32.2801    32.2843    25.8435    25.8475    7.93042 0.0000e+00
       1437     27.351     1.2434     1.2350   2.800064   2.799520     2.3260     2.8873      8.166     0.2528   481.1211 9.4992e+00    -0.0468   101.1761     8.5594     9.1605    32.2831    32.2848    25.8463    25.8482    7.93150 0.0000e+00
       1440     27.437     1.2401     1.2327   2.799843   2.799275     2.3260     2.8869      8.166     0.2629   481.1211 9.4336e+00    -0.0486   101.2213     8.5622     9.1561    32.2837    32.2841    25.8470    25.8477    7.93215 0.0000e+00
       1443     27.520     1.2342     1.2278   2.799343   2.798843     2.3264     2.8885      8.166     0.2426   231.4951 9.3359e+00    -0.0493   101.2394     8.5659     9.1608    32.2833    32.2836    25.8470    25.8476    7.93337 0.0000e+00
       1446     27.602     1.2265     1.2196   2.798847   2.798240     2.3268     2.8881      8.166     0.2426    -2.8130 9.2820e+00    -0.0493   101.2394     8.5706     9.1589    32.2849    32.2843    25.8488    25.8487    7.93488 0.0000e+00
       1449     27.684     1.2192     1.2129   2.798351   2.797910     2.3264     2.8877      8.166     0.2528     0.3453 9.2073e+00    -0.0489   101.2304     8.5692     9.1588    32.2861    32.2870    25.8502    25.8513    7.93633 0.0000e+00
       1452     27.767     1.2144     1.2086   2.797993   2.797673     2.3260     2.8877      8.166     0.2528     0.5032 9.1436e+00    -0.0489   101.2304     8.5670     9.1603    32.2865    32.2884    25.8508    25.8527    7.93731 0.0000e+00
       1455     27.846     1.2098     1.2030   2.797732   2.797183     2.3272     2.8881      8.163     0.2426     0.5032 9.0699e+00    -0.0486   101.2213     8.5740     9.1646    32.2878    32.2879    25.8522    25.8527    7.93818 0.0000e+00
       1458     27.925     1.1969     1.1904   2.796805   2.796124     2.3268     2.8889      8.164     0.2528     0.5032 9.0072e+00    -0.0518   101.3027     8.5759     9.1716    32.2894    32.2874    25.8542    25.8531    7.94077 0.0000e+00
       1461     28.002     1.1789     1.1727   2.795403   2.794833     2.3268     2.8885      8.162     0.2324     0.5032 8.9346e+00    -0.0525   101.3208     8.5792     9.1720    32.2902    32.2893    25.8559    25.8556    7.94446 0.0000e+00
       1464     28.079     1.1609     1.1541   2.794038   2.793384     2.3260     2.8877      8.162     0.1612     0.5032 8.8729e+00    -0.0525   101.3208     8.5819     9.1705    32.2914    32.2900    25.8580    25.8573    7.94813 0.0000e+00
       1467     28.157     1.1301     1.1237   2.791631   2.790776     2.3264     2.8889      8.162     0.1510     0.5032 8.8013e+00    -0.0525   101.3208     8.5914     9.1804    32.2925    32.2882    25.8608    25.8578    7.95445 0.0000e+00
       1470     28.237     1.0782     1.0703   2.787621   2.786591     2.3272     2.8893      8.162     0.1612   385.5423 8.7506e+00    -0.0525   101.3208     8.6077     9.1975    32.2950    32.2901    25.8660    25.8624    7.96509 0.0000e+00
       1473     28.314     1.0424     1.0279   2.785062   2.784163     2.3260     2.8893      8.162     0.1408   481.8712 8.7203e+00    -0.0525   101.3208     8.6099     9.2076    32.2995    32.3030    25.8717    25.8754    7.97232 0.0000e+00
       1476     28.393     1.0219     1.0116   2.783597   2.782858     2.3256     2.8889      8.162     0.1510   480.8842 8.6700e+00    -0.0536   101.3479     8.6119     9.2088    32.3020    32.3032    25.8749    25.8765    7.97646 0.0000e+00
       1479     28.472     1.0008     0.9920   2.781996   2.781216     2.3264     2.8897      8.163     0.1612   481.1211 8.6400e+00    -0.0603   101.5197     8.6214     9.2155    32.3033    32.3025    25.8772    25.8771    7.98078 0.0000e+00
       1482     28.550     0.9740     0.9669   2.780080   2.779306     2.3264     2.8889      8.161     0.1510   481.0421 8.5902e+00    -0.0603   101.5197     8.6327     9.2211    32.3066    32.3041    25.8815    25.8799    7.98620 0.0000e+00
       1485     28.630     0.9570     0.9489   2.778743   2.778158     2.3268     2.8889      8.160     0.1612   481.0421 8.5407e+00    -0.0600   101.5107     8.6413     9.2272    32.3071    32.3081    25.8828    25.8841    7.98973 0.0000e+00
       1488     28.712     0.9443     0.9359   2.777786   2.777237     2.3268     2.8881      8.158     0.1713   481.0816 8.4719e+00    -0.0600   101.5107     8.6460     9.2256    32.3080    32.3098    25.8844    25.8862    7.99235 0.0000e+00
       1491     28.798     0.9350     0.9280   2.777237   2.776680     2.3272     2.8889      8.158     0.1612   481.1211 8.4230e+00    -0.0600   101.5107     8.6483     9.2291    32.3105    32.3107    25.8869    25.8874    7.99415 0.0000e+00
       1494     28.885     0.9289     0.9232   2.776827   2.776334     2.3260     2.8893      8.158     0.1510   426.9163 8.3841e+00    -0.0600   101.5107     8.6470     9.2317    32.3116    32.3113    25.8881    25.8882    7.99537 0.0000e+00
       1497     28.971     0.9229     0.9168   2.776231   2.775731     2.3260     2.8893      8.158     0.1713    17.0844 8.3262e+00    -0.0600   101.5107     8.6511     9.2388    32.3101    32.3101    25.8873    25.8877    7.99670 0.0000e+00
       1500     29.062     0.9077     0.9005   2.774922   2.774364     2.3264     2.8889      8.158     0.1612     1.6087 8.2495e+00    -0.0600   101.5107     8.6559     9.2462    32.3092    32.3095    25.8874    25.8881    7.99996 0.0000e+00
       1503     29.156     0.8877     0.8793   2.773594   2.772971     2.3268     2.8897      8.156     0.1612     3.4642 8.1925e+00    -0.0596   101.5017     8.6628     9.2584    32.3129    32.3136    25.8915    25.8926    8.00395 0.0000e+00
       1506     29.253     0.8731     0.8652   2.772645   2.771974     2.3272     2.8901      8.158     0.1612     3.3852 8.1078e+00    -0.0600   101.5107     8.6706     9.2674    32.3158    32.3154    25.8948    25.8949    8.00685 0.0000e+00
       1509     29.349     0.8550     0.8458   2.771092   2.770425     2.3272     2.8897      8.155     0.1510     3.4247 8.0516e+00    -0.0600   101.5107     8.6770     9.2728    32.3146    32.3157    25.8948    25.8962    8.01071 0.0000e+00
       1512     29.447     0.8329     0.8247   2.769480   2.768942     2.3268     2.8889      8.157     0.1510     3.3457 7.9775e+00    -0.0600   101.5107     8.6827     9.2759    32.3169    32.3185    25.8979    25.8997    8.01525 0.0000e+00
       1515     29.550     0.8196     0.8120   2.768653   2.768245     2.3264     2.8897      8.155     0.1612     3.3457 7.9132e+00    -0.0596   101.5017     8.6859     9.2782    32.3201    32.3228    25.9012    25.9038    8.01786 0.0000e+00
       1518     29.651     0.8127     0.8060   2.768319   2.767901     2.3272     2.8897      8.154     0.1510     3.3457 7.8494e+00    -0.0650   101.6373     8.6953     9.2825    32.3229    32.3245    25.9039    25.9055    8.01917 0.0000e+00
       1521     29.756     0.8044     0.7985   2.767608   2.767163     2.3272     2.8914      8.154     0.1713     4.2143 7.7862e+00    -0.0675   101.7006     8.6996     9.2906    32.3224    32.3228    25.9039    25.9045    8.02094 0.0000e+00
       1524     29.865     0.7955     0.7910   2.767003   2.766732     2.3272     2.8914      8.154     0.1510     5.8724 7.7056e+00    -0.0675   101.7006     8.7016     9.2916    32.3238    32.3250    25.9056    25.9068    8.02274 0.0000e+00
       1527     29.976     0.7882     0.7849   2.766662   2.766300     2.3276     2.8914      8.154     0.1612     5.8329 7.6612e+00    -0.0671   101.6916     8.7031     9.2904    32.3270    32.3257    25.9085    25.9077    8.02411 0.0000e+00
       1530     30.089     0.7843     0.7777   2.766339   2.765718     2.3281     2.8910      8.154     0.1612     5.8329 7.5906e+00    -0.0675   101.7006     8.7031     9.2873    32.3268    32.3257    25.9086    25.9081    8.02494 0.0000e+00
       1533     30.200     0.7705     0.7589   2.764834   2.763994     2.3276     2.8914      8.149     0.1612     5.8329 7.5295e+00    -0.0675   101.7006     8.7015     9.2861    32.3218    32.3230    25.9053    25.9070    8.02812 0.0000e+00
       1536     30.309     0.7439     0.7350   2.762923   2.762372     2.3276     2.8910      8.152     0.1713     5.8329 7.4688e+00    -0.0675   101.7006     8.7040     9.2802    32.3248    32.3270    25.9092    25.9115    8.03356 0.0000e+00
       1539     30.419     0.7272     0.7193   2.762010   2.761384     2.3281     2.8910      8.151     0.1713     5.8329 7.4000e+00    -0.0717   101.8091     8.7032     9.2746    32.3304    32.3306    25.9147    25.9153    8.03679 0.0000e+00
       1542     30.526     0.7179     0.7081   2.761196   2.760469     2.3289     2.8922      8.149     0.2934     5.8329 7.3234e+00    -0.0717   101.8091     8.7020     9.2714    32.3295    32.3304    25.9145    25.9158    8.03880 0.0000e+00
       1545     30.630     0.7043     0.6940   2.760083   2.759475     2.3289     2.8914      8.149     0.3036     5.8329 7.2560e+00    -0.0717   101.8091     8.6973     9.2615    32.3294    32.3323    25.9151    25.9180    8.04170 0.0000e+00
       1548     30.729     0.6937     0.6864   2.759695   2.759203     2.3289     2.8914      8.149     0.3036     4.5301 7.2142e+00    -0.0717   101.8091     8.6910     9.2527    32.3353    32.3366    25.9205    25.9219    8.04360 0.0000e+00
       1551     30.826     0.6956     0.6904   2.760309   2.759921     2.3276     2.8910      8.149     0.3036     3.6615 7.1643e+00    -0.0717   101.8091     8.6759     9.2380    32.3412    32.3417    25.9251    25.9258    8.04289 0.0000e+00
       1554     30.918     0.7045     0.7018   2.761297   2.761122     2.3268     2.8901      8.147     0.3138     3.7405 7.0820e+00    -0.0717   101.8091     8.6627     9.2183    32.3447    32.3452    25.9274    25.9280    8.04082 0.0000e+00
       1557     31.005     0.7175     0.7186   2.762576   2.762775     2.3268     2.8877      8.144     0.3036     3.7800 7.0167e+00    -0.0710   101.7910     8.6520     9.1909    32.3475    32.3489    25.9290    25.9301    8.03791 0.0000e+00
       1560     31.089     0.7290     0.7370   2.763548   2.764306     2.3272     2.8877      8.144     0.3036     3.7800 6.9763e+00    -0.0696   101.7549     8.6395     9.1733    32.3480    32.3494    25.9288    25.9294    8.03546 0.0000e+00
       1563     31.169     0.7471     0.7484   2.765450   2.765319     2.3260     2.8881      8.144     0.3036     3.7010 6.9200e+00    -0.0692   101.7458     8.6172     9.1562    32.3535    32.3506    25.9322    25.9297    8.03132 0.0000e+00
       1566     31.247     0.7756     0.7766   2.767668   2.767822     2.3260     2.8869      8.139     0.3748     3.7010 6.8881e+00    -0.0692   101.7458     8.6011     9.1320    32.3523    32.3533    25.9296    25.9304    8.02537 0.0000e+00
       1569     31.318     0.7899     0.7915   2.768885   2.768895     2.3248     2.8857      8.139     0.5275     3.7010 6.8563e+00    -0.0689   101.7368     8.5860     9.1136    32.3530    32.3515    25.9294    25.9280    8.02232 0.0000e+00
       1572     31.385     0.7965     0.7960   2.769470   2.769308     2.3248     2.8840      8.141     0.5173     3.7405 6.8247e+00    -0.0692   101.7458     8.5784     9.0947    32.3536    32.3521    25.9295    25.9283    8.02090 0.0000e+00
       1575     31.445     0.8144     0.8196   2.771650   2.771945     2.3244     2.8824      8.139     0.5173     3.4247 6.7932e+00    -0.0696   101.7549     8.5627     9.0704    32.3630    32.3613    25.9360    25.9344    8.01662 0.0000e+00
       1578     31.503     0.8481     0.8442   2.774642   2.774084     2.3240     2.8812      8.139     0.5275     3.3457 6.7541e+00    -0.0635   101.6011     8.5413     9.0466    32.3663    32.3631    25.9368    25.9344    8.00936 0.0000e+00
       1581     31.557     0.8661     0.8443   2.775891   2.774658     2.3228     2.8800      8.139     0.5275     3.3852 6.7384e+00    -0.0578   101.4564     8.5202     9.0271    32.3636    32.3704    25.9335    25.9403    8.00573 0.0000e+00
       1584     31.612     0.8815     0.8755   2.777408   2.776940     2.3211     2.8783      8.139     0.5275     3.3457 6.7229e+00    -0.0578   101.4564     8.4992     8.9982    32.3669    32.3671    25.9353    25.9359    8.00230 0.0000e+00
       1587     31.666     0.8944     0.8887   2.778766   2.777944     2.3207     2.8763      8.139     0.5173     3.3457 6.7074e+00    -0.0582   101.4655     8.4875     8.9768    32.3708    32.3663    25.9378    25.9344    7.99939 0.0000e+00
       1590     31.717     0.9044     0.8950   2.779556   2.778651     2.3199     2.8751      8.139     0.5275     3.3457 6.6919e+00    -0.0578   101.4564     8.4753     8.9643    32.3706    32.3688    25.9370    25.9360    7.99731 0.0000e+00
