Datasets/AZMP/TEL210/tel210_2020_029.cnv
* Sea-Bird SBE 9 Data File:
* FileName = C:\CTDDATA\tel210_2020_029.hex
* Software Version Seasave V 7.26.7.110
* Temperature SN = 1697
* Conductivity SN = 4216
* Number of Bytes Per Scan = 30
* Number of Voltage Words = 4
* Number of Scans Averaged by the Deck Unit = 1
* NMEA baud rate = 4800
** VESSEL/TRIP/SEQ STN:  tel210_2020_029
** LATITUDE XX XX.XX: 47 00.00 N
** LONGITUDE XX XX.XX: 044 34.70 W
** SOUNDING DEPTH (M): 0133
** PROBE TYPE: S1146
** CTD NUMBER: 028
** COMMENTS (14 CHAR): FC-27
** BOTTLES:  0
** LEVELS:
** STICKERS:
** VNET: N
** DO2: N
# nquan = 22
# nvalues = 2777                        
# units = specified
# name 0 = scan: Scan Count
# name 1 = prDM: Pressure, Digiquartz [db]
# name 2 = t090C: Temperature [ITS-90, deg C]
# name 3 = t190C: Temperature, 2 [ITS-90, deg C]
# name 4 = c0S/m: Conductivity [S/m]
# name 5 = c1S/m: Conductivity, 2 [S/m]
# name 6 = sbeox0V: Oxygen raw, SBE 43 [V]
# name 7 = sbeox1V: Oxygen raw, SBE 43, 2 [V]
# name 8 = ph: pH
# name 9 = flECO-AFL: Fluorescence, WET Labs ECO-AFL/FL [mg/m^3]
# name 10 = wetCDOM: Fluorescence, WET Labs CDOM [mg/m^3]
# name 11 = par/sat/log: PAR/Logarithmic, Satlantic [umol photons/m^2/sec]
# name 12 = CStarAt0: Beam Attenuation, WET Labs C-Star [1/m]
# name 13 = CStarTr0: Beam Transmission, WET Labs C-Star [%]
# name 14 = sbeox0ML/L: Oxygen, SBE 43 [ml/l], WS = 2
# name 15 = sbeox1ML/L: Oxygen, SBE 43, 2 [ml/l], WS = 2
# name 16 = sal00: Salinity, Practical [PSU]
# name 17 = sal11: Salinity, Practical, 2 [PSU]
# name 18 = sigma-t00: Density [sigma-t, kg/m^3 ]
# name 19 = sigma-t11: Density, 2 [sigma-t, kg/m^3 ]
# name 20 = oxsatML/L: Oxygen Saturation, Weiss [ml/l]
# name 21 = flag: flag
# span 0 =          9,      10780       
# span 1 =      2.350,    134.541       
# span 2 =     3.7337,    11.4737       
# span 3 =     3.7288,    11.4802       
# span 4 =   3.189036,   3.744655       
# span 5 =   3.188448,   3.744974       
# span 6 =     1.9271,     2.4251       
# span 7 =     2.3272,     2.9645       
# span 8 =      7.934,      8.217       
# span 9 =    -0.6019,     5.8083       
# span 10 =    -2.8130,   482.1870      
# span 11 = 1.0678e-01, 3.2478e-01      
# span 12 =    -0.1141,     0.1245      
# span 13 =    96.9349,   102.8943      
# span 14 =     6.2401,     7.8785      
# span 15 =     6.3694,     8.3329      
# span 16 =    32.9723,    34.4393      
# span 17 =    32.9750,    34.4382      
# span 18 =    25.1176,    27.3672      
# span 19 =    25.1133,    27.3665      
# span 20 =    6.19761,    7.33889      
# span 21 = 0.0000e+00, 0.0000e+00      
# interval = scans: 3                   
# start_time = Jul 18 2020 06:05:06 [System UTC, header]
# bad_flag = -9.990e-29
*END*
[from data line 1976]
       8064     79.380     3.9628     3.9316   3.199938   3.197877     1.9895     2.4067      7.964    -0.3883     4.2538 1.0715e-01    -0.1131   102.8672     6.4787     6.7639    34.3360    34.3442    27.2618    27.2715    7.30244 0.0000e+00
       8067     79.343     3.9628     3.9300   3.199949   3.197743     1.9907     2.4079      7.964    -0.3985     4.4117 1.0727e-01    -0.1134   102.8762     6.4798     6.7705    34.3362    34.3444    27.2619    27.2718    7.30243 0.0000e+00
       8070     79.310     3.9653     3.9303   3.200034   3.197776     1.9907     2.4079      7.964    -0.3985     4.4117 1.0715e-01    -0.1131   102.8672     6.4780     6.7739    34.3346    34.3444    27.2604    27.2718    7.30206 0.0000e+00
       8073     79.274     3.9643     3.9247   3.199961   3.197497     1.9903     2.4083      7.966    -0.3883     4.4117 1.0727e-01    -0.1131   102.8672     6.4794     6.7766    34.3347    34.3470    27.2606    27.2745    7.30223 0.0000e+00
       8076     79.236     3.9607     3.9347   3.199787   3.198184     1.9915     2.4091      7.966    -0.3985     4.4117 1.0715e-01    -0.1131   102.8672     6.4845     6.7785    34.3364    34.3448    27.2623    27.2716    7.30279 0.0000e+00
       8079     79.196     3.9603     3.9450   3.199729   3.198671     1.9927     2.4095      7.969    -0.3679     4.4117 1.0715e-01    -0.1120   102.8400     6.4883     6.7791    34.3362    34.3397    27.2622    27.2665    7.30288 0.0000e+00
       8082     79.150     3.9549     3.9471   3.199381   3.198708     1.9931     2.4103      7.966    -0.3577     4.4117 1.0715e-01    -0.1120   102.8400     6.4905     6.7833    34.3378    34.3380    27.2640    27.2650    7.30377 0.0000e+00
       8085     79.095     3.9528     3.9473   3.199359   3.198710     1.9931     2.4103      7.969    -0.3577     4.4117 1.0715e-01    -0.1120   102.8400     6.4901     6.7860    34.3398    34.3378    27.2658    27.2648    7.30405 0.0000e+00
       8088     79.034     3.9551     3.9454   3.199463   3.198464     1.9927     2.4112      7.969    -0.3577     4.4117 1.0715e-01    -0.1120   102.8400     6.4844     6.7903    34.3386    34.3369    27.2647    27.2642    7.30370 0.0000e+00
       8091     78.968     3.9581     3.9298   3.199595   3.197508     1.9927     2.4124      7.969    -0.3679   375.8700 1.0715e-01    -0.1120   102.8400     6.4830     6.7968    34.3371    34.3420    27.2631    27.2699    7.30323 0.0000e+00
       8094     78.897     3.9620     3.9164   3.199859   3.197099     1.9936     2.4124      7.969    -0.3679   481.9896 1.0727e-01    -0.1120   102.8400     6.4861     6.7980    34.3362    34.3512    27.2620    27.2786    7.30258 0.0000e+00
       8097     78.816     3.9658     3.9184   3.200024   3.197156     1.9948     2.4128      7.969    -0.3679   481.0026 1.0715e-01    -0.1117   102.8310     6.4897     6.7973    34.3342    34.3498    27.2600    27.2773    7.30198 0.0000e+00
       8100     78.728     3.9672     3.9216   3.200097   3.197535     1.9940     2.4132      7.969    -0.3679   481.3579 1.0715e-01    -0.1120   102.8400     6.4837     6.7987    34.3336    34.3510    27.2595    27.2779    7.30177 0.0000e+00
       8103     78.630     3.9685     3.9443   3.200157   3.198780     1.9944     2.4140      7.969    -0.3679   481.3579 1.0715e-01    -0.1120   102.8400     6.4859     6.7970    34.3330    34.3420    27.2588    27.2685    7.30155 0.0000e+00
       8106     78.527     3.9695     3.9529   3.200194   3.199080     1.9948     2.4140      7.969    -0.3577   481.3579 1.0715e-01    -0.1120   102.8400     6.4891     6.7934    34.3325    34.3366    27.2583    27.2633    7.30140 0.0000e+00
       8109     78.422     3.9700     3.9583   3.200201   3.199334     1.9956     2.4148      7.969    -0.3679   481.3579 1.0715e-01    -0.1120   102.8400     6.4950     6.7935    34.3321    34.3341    27.2579    27.2607    7.30133 0.0000e+00
       8112     78.305     3.9701     3.9596   3.200182   3.199323     1.9956     2.4152      7.969    -0.3781   481.3579 1.0715e-01    -0.1120   102.8400     6.4953     6.7922    34.3319    34.3326    27.2578    27.2594    7.30133 0.0000e+00
       8115     78.182     3.9694     3.9577   3.200145   3.199300     1.9956     2.4160      7.969    -0.3679   432.4434 1.0715e-01    -0.1120   102.8400     6.4936     6.7959    34.3322    34.3344    27.2581    27.2610    7.30144 0.0000e+00
       8118     78.054     3.9691     3.9630   3.200134   3.199603     1.9964     2.4152      7.969    -0.3883    19.0189 1.0715e-01    -0.1113   102.8219     6.4959     6.7958    34.3325    34.3325    27.2583    27.2590    7.30148 0.0000e+00
       8121     77.923     3.9702     3.9596   3.200265   3.199187     1.9968     2.4168      7.969    -0.3679    -1.3523 1.0715e-01    -0.1110   102.8129     6.4996     6.8011    34.3330    34.3312    27.2586    27.2583    7.30126 0.0000e+00
       8124     77.793     3.9743     3.9464   3.200555   3.198766     1.9972     2.4177      7.969    -0.3476     0.5032 1.0715e-01    -0.1110   102.8129     6.5035     6.8048    34.3321    34.3402    27.2575    27.2668    7.30056 0.0000e+00
       8127     77.658     3.9750     3.9584   3.200557   3.199654     1.9976     2.4173      7.969    -0.3577     0.3848 1.0715e-01    -0.1110   102.8129     6.5028     6.8016    34.3316    34.3382    27.2570    27.2640    7.30047 0.0000e+00
       8130     77.523     3.9772     3.9709   3.200721   3.200208     1.9980     2.4173      7.969    -0.3883     0.3848 1.0715e-01    -0.1113   102.8219     6.5016     6.8001    34.3313    34.3318    27.2565    27.2576    7.30009 0.0000e+00
       8133     77.384     3.9789     3.9747   3.200813   3.200341     1.9980     2.4177      7.969    -0.3985     0.3848 1.0715e-01    -0.1110   102.8129     6.5018     6.8009    34.3306    34.3294    27.2559    27.2553    7.29981 0.0000e+00
       8136     77.239     3.9802     3.9763   3.200878   3.200463     1.9980     2.4185      7.969    -0.3985     0.3848 1.0715e-01    -0.1113   102.8219     6.4997     6.8043    34.3301    34.3293    27.2553    27.2550    7.29960 0.0000e+00
       8139     77.097     3.9809     3.9775   3.200945   3.200502     1.9988     2.4201      7.969    -0.3985     0.3848 1.0727e-01    -0.1124   102.8491     6.5023     6.8107    34.3303    34.3285    27.2554    27.2543    7.29947 0.0000e+00
       8142     76.954     3.9822     3.9786   3.201007   3.200558     1.9992     2.4205      7.969    -0.3985     1.0165 1.0715e-01    -0.1131   102.8672     6.5038     6.8113    34.3297    34.3281    27.2547    27.2539    7.29925 0.0000e+00
       8145     76.808     3.9834     3.9794   3.201039   3.200575     2.0005     2.4197      7.969    -0.4087     2.4772 1.0715e-01    -0.1131   102.8672     6.5081     6.8045    34.3288    34.3275    27.2540    27.2533    7.29908 0.0000e+00
       8148     76.669     3.9847     3.9801   3.201109   3.200591     2.0001     2.4201      7.969    -0.3985     2.3982 1.0715e-01    -0.1131   102.8672     6.5041     6.8050    34.3284    34.3271    27.2535    27.2529    7.29887 0.0000e+00
       8151     76.530     3.9856     3.9808   3.201123   3.200603     1.9992     2.4217      7.969    -0.3883     2.3982 1.0715e-01    -0.1131   102.8672     6.4979     6.8118    34.3277    34.3266    27.2529    27.2525    7.29874 0.0000e+00
       8154     76.394     3.9860     3.9810   3.201120   3.200612     2.0001     2.4213      7.969    -0.4087     2.3982 1.0715e-01    -0.1131   102.8672     6.5008     6.8068    34.3273    34.3266    27.2525    27.2524    7.29869 0.0000e+00
       8157     76.261     3.9866     3.9821   3.201145   3.200666     2.0013     2.4226      7.969    -0.3883     2.3982 1.0715e-01    -0.1131   102.8672     6.5033     6.8073    34.3271    34.3261    27.2523    27.2519    7.29860 0.0000e+00
       8160     76.134     3.9869     3.9819   3.201168   3.200634     2.0001     2.4226      7.969    -0.3577     2.3982 1.0715e-01    -0.1120   102.8400     6.4971     6.8032    34.3271    34.3260    27.2522    27.2519    7.29854 0.0000e+00
       8163     76.011     3.9878     3.9807   3.201246   3.200559     2.0017     2.4238      7.969    -0.3679     2.3982 1.0715e-01    -0.1120   102.8400     6.5020     6.8063    34.3271    34.3264    27.2522    27.2523    7.29837 0.0000e+00
       8166     75.891     3.9893     3.9801   3.201303   3.200576     2.0021     2.4226      7.969    -0.3577     2.3982 1.0715e-01    -0.1120   102.8400     6.5020     6.8045    34.3264    34.3273    27.2514    27.2531    7.29815 0.0000e+00
       8169     75.775     3.9895     3.9817   3.201325   3.200642     2.0013     2.4226      7.969    -0.3679     2.4772 1.0715e-01    -0.1120   102.8400     6.4984     6.8029    34.3265    34.3265    27.2515    27.2523    7.29811 0.0000e+00
       8172     75.665     3.9906     3.9814   3.201355   3.200642     2.0013     2.4238      7.970    -0.3781     2.5167 1.0715e-01    -0.1120   102.8400     6.4970     6.8044    34.3258    34.3269    27.2508    27.2526    7.29795 0.0000e+00
       8175     75.563     3.9906     3.9833   3.201366   3.200766     2.0021     2.4242      7.970    -0.3781     2.5167 1.0715e-01    -0.1120   102.8400     6.5000     6.8016    34.3260    34.3264    27.2509    27.2520    7.29794 0.0000e+00
       8178     75.467     3.9907     3.9852   3.201383   3.200817     2.0021     2.4238      7.970    -0.3577     2.5167 1.0715e-01    -0.1110   102.8129     6.4996     6.7984    34.3260    34.3251    27.2509    27.2508    7.29790 0.0000e+00
       8181     75.373     3.9905     3.9856   3.201370   3.200825     2.0021     2.4238      7.970    -0.3577     2.5167 1.0715e-01    -0.1099   102.7858     6.4993     6.7970    34.3261    34.3248    27.2511    27.2506    7.29794 0.0000e+00
       8184     75.282     3.9918     3.9846   3.201448   3.200763     2.0029     2.4246      7.970    -0.3374     2.5167 1.0727e-01    -0.1099   102.7858     6.5036     6.7997    34.3258    34.3252    27.2507    27.2509    7.29773 0.0000e+00
       8187     75.197     3.9920     3.9825   3.201443   3.200556     2.0029     2.4254      7.973    -0.3272     2.5167 1.0715e-01    -0.1099   102.7858     6.5007     6.8017    34.3256    34.3250    27.2505    27.2510    7.29770 0.0000e+00
       8190     75.115     3.9906     3.9790   3.201360   3.200375     2.0029     2.4262      7.973    -0.3272     2.5167 1.0715e-01    -0.1099   102.7858     6.5008     6.8048    34.3260    34.3266    27.2510    27.2526    7.29792 0.0000e+00
       8193     75.036     3.9902     3.9780   3.201270   3.200397     2.0033     2.4254      7.973    -0.3272     2.4772 1.0715e-01    -0.1099   102.7858     6.5025     6.8005    34.3255    34.3279    27.2506    27.2538    7.29803 0.0000e+00
       8196     74.967     3.9888     3.9785   3.201150   3.200374     2.0021     2.4254      7.973    -0.3272     0.7006 1.0715e-01    -0.1099   102.7858     6.4958     6.7995    34.3256    34.3271    27.2508    27.2531    7.29827 0.0000e+00
       8199     74.902     3.9855     3.9775   3.200957   3.200322     2.0046     2.4250      7.973    -0.3171     0.5032 1.0715e-01    -0.1106   102.8039     6.5064     6.7991    34.3267    34.3276    27.2521    27.2535    7.29881 0.0000e+00
       8202     74.838     3.9853     3.9775   3.200973   3.200311     2.0041     2.4258      7.973    -0.3374     0.5032 1.0715e-01    -0.1120   102.8400     6.5052     6.8014    34.3272    34.3275    27.2525    27.2534    7.29883 0.0000e+00
       8205     74.779     3.9866     3.9780   3.201001   3.200323     2.0041     2.4262      7.973    -0.3374     0.5032 1.0715e-01    -0.1120   102.8400     6.5024     6.8013    34.3262    34.3272    27.2515    27.2532    7.29864 0.0000e+00
       8208     74.728     3.9907     3.9776   3.201348   3.200286     2.0041     2.4262      7.973    -0.3374     0.5032 1.0715e-01    -0.1120   102.8400     6.5025     6.8011    34.3261    34.3271    27.2510    27.2532    7.29791 0.0000e+00
       8211     74.676     3.9926     3.9762   3.201448   3.200167     2.0037     2.4254      7.973    -0.3374     0.5032 1.0715e-01    -0.1120   102.8400     6.5017     6.7986    34.3253    34.3272    27.2502    27.2534    7.29761 0.0000e+00
       8214     74.626     3.9928     3.9746   3.201484   3.200147     2.0041     2.4266      7.973    -0.3171     0.5032 1.0715e-01    -0.1120   102.8400     6.5047     6.8048    34.3255    34.3287    27.2503    27.2548    7.29756 0.0000e+00
       8217     74.578     3.9937     3.9779   3.201540   3.200329     2.0041     2.4270      7.973    -0.3374     0.5032 1.0715e-01    -0.1120   102.8400     6.5054     6.8078    34.3252    34.3274    27.2501    27.2534    7.29741 0.0000e+00
       8220     74.533     3.9939     3.9813   3.201546   3.200510     2.0041     2.4274      7.973    -0.3272     0.2663 1.0715e-01    -0.1110   102.8129     6.5038     6.8103    34.3251    34.3261    27.2499    27.2520    7.29737 0.0000e+00
       8223     74.486     3.9958     3.9822   3.201686   3.200603     2.0054     2.4270      7.973    -0.3069    -0.7601 1.0727e-01    -0.1110   102.8129     6.5073     6.8097    34.3248    34.3262    27.2495    27.2520    7.29705 0.0000e+00
       8226     74.443     3.9964     3.9851   3.201698   3.200786     2.0050     2.4274      7.973    -0.3374    -0.6811 1.0715e-01    -0.1110   102.8129     6.5077     6.8112    34.3243    34.3254    27.2490    27.2510    7.29696 0.0000e+00
       8229     74.397     3.9958     3.9857   3.201682   3.200807     2.0046     2.4274      7.973    -0.3374    -0.6811 1.0715e-01    -0.1113   102.8219     6.5077     6.8121    34.3248    34.3250    27.2495    27.2507    7.29705 0.0000e+00
       8232     74.351     3.9963     3.9855   3.201726   3.200764     2.0062     2.4287      7.973    -0.3272    -0.6811 1.0715e-01    -0.1110   102.8129     6.5161     6.8177    34.3248    34.3247    27.2494    27.2505    7.29696 0.0000e+00
       8235     74.301     3.9960     3.9860   3.201675   3.200807     2.0054     2.4274      7.975    -0.3171    -0.6811 1.0715e-01    -0.1110   102.8129     6.5102     6.8141    34.3246    34.3248    27.2492    27.2505    7.29702 0.0000e+00
       8238     74.248     3.9951     3.9860   3.201590   3.200787     2.0062     2.4287      7.973    -0.2967    -0.6811 1.0715e-01    -0.1106   102.8039     6.5129     6.8180    34.3245    34.3246    27.2493    27.2503    7.29718 0.0000e+00
       8241     74.194     3.9947     3.9840   3.201618   3.200626     2.0062     2.4287      7.975    -0.2967    -0.6811 1.0715e-01    -0.1092   102.7677     6.5125     6.8172    34.3254    34.3248    27.2500    27.2507    7.29723 0.0000e+00
       8244     74.139     3.9954     3.9824   3.201641   3.200520     2.0058     2.4295      7.973    -0.2967    -0.6811 1.0715e-01    -0.1089   102.7587     6.5092     6.8222    34.3249    34.3252    27.2496    27.2512    7.29712 0.0000e+00
       8247     74.076     3.9972     3.9813   3.201806   3.200497     2.0066     2.4295      7.973    -0.2967     0.2269 1.0715e-01    -0.1089   102.7587     6.5107     6.8242    34.3250    34.3262    27.2495    27.2520    7.29679 0.0000e+00
       8250     74.008     3.9981     3.9815   3.201819   3.200502     2.0066     2.4299      7.973    -0.2866     1.4902 1.0715e-01    -0.1089   102.7587     6.5120     6.8252    34.3243    34.3260    27.2488    27.2519    7.29667 0.0000e+00
       8253     73.935     3.9979     3.9821   3.201861   3.200463     2.0070     2.4299      7.973    -0.3069     1.4507 1.0715e-01    -0.1096   102.7768     6.5140     6.8244    34.3250    34.3249    27.2494    27.2510    7.29666 0.0000e+00
       8256     73.858     3.9999     3.9816   3.202038   3.200481     2.0062     2.4303      7.975    -0.2967     1.4507 1.0715e-01    -0.1089   102.7587     6.5104     6.8260    34.3250    34.3257    27.2492    27.2516    7.29630 0.0000e+00
