Datasets/AZMP/TEL210/tel210_2020_055.cnv
* Sea-Bird SBE 9 Data File:
* FileName = C:\CTDDATA\tel210_2020_055.hex
* Software Version Seasave V 7.26.7.110
* Temperature SN = 1697
* Conductivity SN = 4216
* Number of Bytes Per Scan = 30
* Number of Voltage Words = 4
* Number of Scans Averaged by the Deck Unit = 1
* NMEA baud rate = 4800
** VESSEL/TRIP/SEQ STN:  tel210_2020_055
** LATITUDE XX XX.XX: 48 55.00 N
** LONGITUDE XX XX.XX: 052 24.00 W
** SOUNDING DEPTH (M): 0350
** PROBE TYPE: S1146
** CTD NUMBER: 045
** COMMENTS (14 CHAR): BB-04
** BOTTLES:  10
** LEVELS: 5,10,20,30,40,50,75,100,150,BTM
** STICKERS: 436086 - 436095
** VNET: Y
** DO2: N
# nquan = 22
# nvalues = 7568                        
# units = specified
# name 0 = scan: Scan Count
# name 1 = prDM: Pressure, Digiquartz [db]
# name 2 = t090C: Temperature [ITS-90, deg C]
# name 3 = t190C: Temperature, 2 [ITS-90, deg C]
# name 4 = c0S/m: Conductivity [S/m]
# name 5 = c1S/m: Conductivity, 2 [S/m]
# name 6 = sbeox0V: Oxygen raw, SBE 43 [V]
# name 7 = sbeox1V: Oxygen raw, SBE 43, 2 [V]
# name 8 = ph: pH
# name 9 = flECO-AFL: Fluorescence, WET Labs ECO-AFL/FL [mg/m^3]
# name 10 = wetCDOM: Fluorescence, WET Labs CDOM [mg/m^3]
# name 11 = par/sat/log: PAR/Logarithmic, Satlantic [umol photons/m^2/sec]
# name 12 = CStarAt0: Beam Attenuation, WET Labs C-Star [1/m]
# name 13 = CStarTr0: Beam Transmission, WET Labs C-Star [%]
# name 14 = sbeox0ML/L: Oxygen, SBE 43 [ml/l], WS = 2
# name 15 = sbeox1ML/L: Oxygen, SBE 43, 2 [ml/l], WS = 2
# name 16 = sal00: Salinity, Practical [PSU]
# name 17 = sal11: Salinity, Practical, 2 [PSU]
# name 18 = sigma-t00: Density [sigma-t, kg/m^3 ]
# name 19 = sigma-t11: Density, 2 [sigma-t, kg/m^3 ]
# name 20 = oxsatML/L: Oxygen Saturation, Weiss [ml/l]
# name 21 = flag: flag
# span 0 =         56,      49283       
# span 1 =      0.695,    345.842       
# span 2 =    -1.3973,    11.8121       
# span 3 =    -1.3985,    11.8079       
# span 4 =   2.623373,   3.626378       
# span 5 =   2.623096,   3.625928       
# span 6 =     1.7262,     2.6318       
# span 7 =     2.0701,     3.2478       
# span 8 =      7.898,      8.285       
# span 9 =     0.6664,     2.8145       
# span 10 =    -2.8130,   482.1870      
# span 11 = 1.0678e-01, 4.3119e+02      
# span 12 =    -0.1463,     0.5448      
# span 13 =    87.2678,   103.7263      
# span 14 =     5.6274,     9.8292      
# span 15 =     5.8803,    10.8064      
# span 16 =    30.6005,    34.5089      
# span 17 =    31.5193,    34.5090      
# span 18 =    23.7163,    27.4908      
# span 19 =    23.9349,    27.4913      
# span 20 =    6.20873,    8.48275      
# span 21 = 0.0000e+00, 0.0000e+00      
# interval = scans: 3                   
# start_time = Jul 21 2020 13:38:00 [System UTC, header]
# bad_flag = -9.990e-29
*END*
[from data line 3161]
      10069    330.044     3.0002     2.9954   3.139946   3.139718     1.7573     2.1020      7.903     0.7616    -0.9180 1.0678e-01     0.2883    93.0463     5.7211     5.9550    34.4967    34.4990    27.4833    27.4856    7.47121 0.0000e+00
      10072    330.111     3.0003     2.9953   3.139959   3.139739     1.7573     2.1020      7.902     0.7616     4.3722 1.0703e-01     0.2992    92.7931     5.7224     5.9571    34.4966    34.4993    27.4832    27.4858    7.47119 0.0000e+00
      10075    330.175     3.0002     2.9953   3.139962   3.139707     1.7573     2.1028      7.902     0.7616     4.8065 1.0690e-01     0.3176    92.3681     5.7234     5.9643    34.4968    34.4989    27.4834    27.4855    7.47121 0.0000e+00
      10078    330.238     3.0002     2.9953   3.139966   3.139730     1.7569     2.1020      7.905     0.7616     4.7670 1.0690e-01     0.3172    92.3771     5.7241     5.9618    34.4968    34.4991    27.4834    27.4857    7.47120 0.0000e+00
      10081    330.304     3.0002     2.9955   3.139969   3.139730     1.7557     2.1016      7.903     0.7616     4.7670 1.0690e-01     0.3172    92.3771     5.7207     5.9604    34.4967    34.4989    27.4833    27.4854    7.47120 0.0000e+00
      10084    330.369     3.0001     2.9955   3.139986   3.139749     1.7553     2.1016      7.900     0.7616     4.7670 1.0703e-01     0.3168    92.3862     5.7221     5.9608    34.4971    34.4991    27.4836    27.4856    7.47121 0.0000e+00
      10087    330.439     3.0004     2.9956   3.140010   3.139743     1.7549     2.1016      7.902     0.7616     4.7670 1.0703e-01     0.3168    92.3862     5.7232     5.9631    34.4970    34.4988    27.4835    27.4854    7.47115 0.0000e+00
      10090    330.514     3.0003     2.9956   3.139986   3.139780     1.7545     2.1008      7.902     0.7722     4.7670 1.0690e-01     0.3172    92.3771     5.7233     5.9635    34.4968    34.4993    27.4834    27.4858    7.47119 0.0000e+00
      10093    330.591     3.0002     2.9956   3.140007   3.139758     1.7557     2.1000      7.902     0.7616     7.8463 1.0703e-01     0.3183    92.3500     5.7318     5.9636    34.4971    34.4990    27.4836    27.4855    7.47119 0.0000e+00
      10096    330.673     3.0003     2.9956   3.140044   3.139800     1.7545     2.1004      7.900     0.7722    11.0047 1.0678e-01     0.3199    92.3138     5.7287     5.9637    34.4973    34.4994    27.4838    27.4859    7.47115 0.0000e+00
      10099    330.758     3.0005     2.9959   3.140095   3.139822     1.7549     2.1000      7.905     0.7616    10.8862 1.0690e-01     0.3195    92.3229     5.7331     5.9646    34.4977    34.4993    27.4841    27.4858    7.47109 0.0000e+00
      10102    330.845     3.0010     2.9963   3.140135   3.139881     1.7541     2.1000      7.902     0.7510    10.9257 1.0690e-01     0.3191    92.3319     5.7323     5.9653    34.4977    34.4996    27.4840    27.4860    7.47101 0.0000e+00
      10105    330.934     3.0014     2.9967   3.140166   3.139914     1.7549     2.1000      7.902     0.7510    10.8468 1.0690e-01     0.3191    92.3319     5.7380     5.9650    34.4976    34.4995    27.4839    27.4859    7.47094 0.0000e+00
      10108    331.030     3.0017     2.9967   3.140173   3.139925     1.7545     2.0996      7.902     0.7510    10.8862 1.0690e-01     0.3199    92.3138     5.7362     5.9637    34.4973    34.4996    27.4836    27.4859    7.47090 0.0000e+00
      10111    331.131     3.0016     2.9969   3.140230   3.139959     1.7541     2.0996      7.902     0.7616    10.8468 1.0690e-01     0.3199    92.3138     5.7345     5.9636    34.4980    34.4998    27.4842    27.4860    7.47088 0.0000e+00
      10114    331.242     3.0019     2.9971   3.140261   3.139962     1.7533     2.0996      7.900     0.7616    10.9257 1.0678e-01     0.3262    92.1691     5.7273     5.9668    34.4980    34.4995    27.4842    27.4858    7.47082 0.0000e+00
      10117    331.354     3.0022     2.9971   3.140244   3.139969     1.7541     2.0996      7.903     0.7616    10.8862 1.0703e-01     0.3270    92.1510     5.7309     5.9665    34.4974    34.4995    27.4836    27.4858    7.47079 0.0000e+00
      10120    331.472     3.0021     2.9973   3.140257   3.139988     1.7533     2.0992      7.902     0.7616   379.3046 1.0678e-01     0.3270    92.1510     5.7271     5.9640    34.4977    34.4995    27.4839    27.4858    7.47081 0.0000e+00
      10123    331.596     3.0020     2.9975   3.140211   3.139995     1.7533     2.0992      7.900     0.7722   481.9501 1.0715e-01     0.3270    92.1510     5.7232     5.9636    34.4971    34.4993    27.4834    27.4856    7.47084 0.0000e+00
      10126    331.728     3.0017     2.9975   3.140202   3.140044     1.7529     2.0979      7.903     0.7616   480.9631 1.0690e-01     0.3270    92.1510     5.7205     5.9589    34.4972    34.4998    27.4836    27.4860    7.47090 0.0000e+00
      10129    331.861     3.0017     2.9977   3.140205   3.140043     1.7533     2.0988      7.903     0.7616   481.2395 1.0690e-01     0.3270    92.1510     5.7216     5.9619    34.4972    34.4995    27.4835    27.4858    7.47090 0.0000e+00
      10132    331.998     3.0018     2.9976   3.140242   3.140032     1.7529     2.0975      7.900     0.7616   481.2395 1.0678e-01     0.3293    92.0968     5.7215     5.9579    34.4974    34.4994    27.4837    27.4857    7.47086 0.0000e+00
      10135    332.137     3.0020     2.9977   3.140301   3.140092     1.7529     2.0979      7.900     0.7722   481.2790 1.0703e-01     0.3376    91.9069     5.7225     5.9596    34.4979    34.4999    27.4840    27.4861    7.47080 0.0000e+00
      10138    332.276     3.0020     2.9978   3.140297   3.140080     1.7516     2.0988      7.902     0.7616   481.3184 1.0690e-01     0.3376    91.9069     5.7166     5.9641    34.4977    34.4997    27.4840    27.4858    7.47081 0.0000e+00
      10141    332.411     3.0025     2.9978   3.140320   3.140098     1.7529     2.0975      7.903     0.7510   481.2395 1.0690e-01     0.3376    91.9069     5.7230     5.9616    34.4975    34.4997    27.4837    27.4859    7.47074 0.0000e+00
      10144    332.545     3.0024     2.9979   3.140330   3.140119     1.7508     2.0975      7.900     0.7510   434.4174 1.0690e-01     0.3376    91.9069     5.7149     5.9643    34.4976    34.4998    27.4838    27.4860    7.47075 0.0000e+00
      10147    332.677     3.0027     2.9981   3.140395   3.140143     1.7512     2.0975      7.902     0.7616    21.7824 1.0715e-01     0.3376    91.9069     5.7180     5.9671    34.4980    34.4999    27.4841    27.4860    7.47068 0.0000e+00
      10150    332.803     3.0028     2.9985   3.140455   3.140210     1.7512     2.0975      7.902     0.7616     6.1487 1.0703e-01     0.3376    91.9069     5.7203     5.9672    34.4986    34.5002    27.4846    27.4863    7.47063 0.0000e+00
      10153    332.924     3.0032     2.9988   3.140495   3.140258     1.7516     2.0967      7.902     0.7616     7.4516 1.0690e-01     0.3502    91.6175     5.7229     5.9650    34.4985    34.5003    27.4845    27.4863    7.47055 0.0000e+00
      10156    333.043     3.0033     2.9989   3.140502   3.140258     1.7508     2.0975      7.902     0.7616     7.3726 1.0703e-01     0.3676    91.2196     5.7242     5.9698    34.4984    34.5002    27.4844    27.4862    7.47053 0.0000e+00
      10159    333.155     3.0034     2.9990   3.140500   3.140259     1.7508     2.0971      7.900     0.7510     7.3726 1.0703e-01     0.3664    91.2467     5.7256     5.9667    34.4983    34.5000    27.4843    27.4861    7.47053 0.0000e+00
      10162    333.262     3.0035     2.9989   3.140540   3.140285     1.7508     2.0967      7.903     0.7299     7.3726 1.0690e-01     0.3664    91.2467     5.7242     5.9665    34.4986    34.5004    27.4845    27.4863    7.47050 0.0000e+00
      10165    333.364     3.0038     2.9993   3.140548   3.140301     1.7508     2.0975      7.902     0.7616     7.3726 1.0678e-01     0.3672    91.2286     5.7252     5.9707    34.4983    34.5002    27.4843    27.4861    7.47046 0.0000e+00
      10168    333.459     3.0039     2.9992   3.140567   3.140312     1.7504     2.0975      7.900     0.7616     7.3726 1.0678e-01     0.3672    91.2286     5.7254     5.9700    34.4984    34.5003    27.4843    27.4863    7.47043 0.0000e+00
      10171    333.548     3.0039     2.9994   3.140575   3.140342     1.7508     2.0967      7.900     0.7722     7.2147 1.0690e-01     0.3672    91.2286     5.7243     5.9655    34.4984    34.5004    27.4843    27.4863    7.47042 0.0000e+00
      10174    333.628     3.0041     2.9993   3.140607   3.140330     1.7504     2.0963      7.902     0.7510     6.8988 1.0690e-01     0.3819    90.8940     5.7221     5.9652    34.4985    34.5003    27.4844    27.4862    7.47038 0.0000e+00
      10177    333.700     3.0042     2.9993   3.140604   3.140356     1.7508     2.0975      7.903     0.7722     6.8988 1.0678e-01     0.3891    90.7313     5.7225     5.9705    34.4984    34.5006    27.4843    27.4865    7.47037 0.0000e+00
      10180    333.765     3.0042     2.9993   3.140603   3.140345     1.7508     2.0967      7.903     0.7616     6.8988 1.0690e-01     0.3887    90.7403     5.7223     5.9668    34.4983    34.5004    27.4842    27.4863    7.47037 0.0000e+00
      10183    333.824     3.0043     2.9996   3.140628   3.140352     1.7492     2.0967      7.903     0.7722     6.8988 1.0690e-01     0.3887    90.7403     5.7131     5.9677    34.4985    34.5001    27.4843    27.4861    7.47034 0.0000e+00
      10186    333.879     3.0046     2.9999   3.140644   3.140398     1.7492     2.0963      7.903     0.7722     6.8988 1.0678e-01     0.3887    90.7403     5.7126     5.9657    34.4984    34.5004    27.4842    27.4863    7.47031 0.0000e+00
      10189    333.932     3.0048     3.0003   3.140658   3.140406     1.7500     2.0963      7.902     0.7405     6.8988 1.0690e-01     0.3887    90.7403     5.7159     5.9630    34.4983    34.5000    27.4841    27.4860    7.47027 0.0000e+00
      10192    333.980     3.0047     3.0004   3.140672   3.140413     1.7496     2.0959      7.902     0.7299     6.8988 1.0678e-01     0.3887    90.7403     5.7146     5.9631    34.4985    34.5000    27.4844    27.4859    7.47027 0.0000e+00
      10195    334.029     3.0050     3.0003   3.140697   3.140441     1.7492     2.0959      7.903     0.7405     6.8988 1.0678e-01     0.3899    90.7132     5.7132     5.9647    34.4985    34.5004    27.4843    27.4862    7.47022 0.0000e+00
      10198    334.078     3.0050     3.0005   3.140689   3.140440     1.7492     2.0967      7.900     0.7299   285.8577 1.0678e-01     0.3899    90.7132     5.7153     5.9656    34.4984    34.5001    27.4842    27.4860    7.47023 0.0000e+00
      10201    334.127     3.0050     3.0004   3.140717   3.140434     1.7488     2.0963      7.902     0.7193   481.6343 1.0690e-01     0.3899    90.7132     5.7136     5.9626    34.4986    34.5001    27.4844    27.4860    7.47021 0.0000e+00
      10204    334.178     3.0050     3.0005   3.140718   3.140465     1.7484     2.0963      7.903     0.7405   480.9237 1.0703e-01     0.3899    90.7132     5.7159     5.9622    34.4987    34.5004    27.4844    27.4862    7.47021 0.0000e+00
      10207    334.232     3.0051     3.0006   3.140706   3.140462     1.7484     2.0963      7.902     0.7299   481.2395 1.0690e-01     0.3899    90.7132     5.7186     5.9600    34.4984    34.5002    27.4842    27.4860    7.47021 0.0000e+00
      10210    334.284     3.0050     3.0006   3.140704   3.140490     1.7484     2.0955      7.902     0.7405   481.2395 1.0678e-01     0.3899    90.7132     5.7159     5.9561    34.4984    34.5005    27.4842    27.4863    7.47022 0.0000e+00
      10213    334.337     3.0052     3.0007   3.140727   3.140483     1.7488     2.0951      7.902     0.7299   481.2790 1.0690e-01     0.3895    90.7222     5.7196     5.9553    34.4985    34.5003    27.4843    27.4861    7.47019 0.0000e+00
      10216    334.396     3.0051     3.0007   3.140745   3.140500     1.7484     2.0963      7.900     0.7616   481.2790 1.0678e-01     0.3871    90.7765     5.7191     5.9579    34.4987    34.5005    27.4845    27.4863    7.47018 0.0000e+00
      10219    334.459     3.0052     3.0008   3.140780   3.140511     1.7484     2.0955      7.902     0.7616   481.2395 1.0690e-01     0.3871    90.7765     5.7172     5.9512    34.4990    34.5004    27.4847    27.4862    7.47015 0.0000e+00
      10222    334.529     3.0052     3.0007   3.140781   3.140530     1.7484     2.0951      7.900     0.7510   479.8972 1.0678e-01     0.3875    90.7674     5.7147     5.9485    34.4990    34.5008    27.4847    27.4865    7.47015 0.0000e+00
      10225    334.607     3.0055     3.0008   3.140822   3.140546     1.7480     2.0947      7.903     0.7510    72.3551 1.0690e-01     0.3875    90.7674     5.7133     5.9463    34.4991    34.5008    27.4847    27.4865    7.47009 0.0000e+00
      10228    334.692     3.0058     3.0011   3.140844   3.140594     1.7484     2.0947      7.900     0.7616     4.9644 1.0690e-01     0.3875    90.7674     5.7155     5.9450    34.4991    34.5010    27.4847    27.4866    7.47005 0.0000e+00
      10231    334.782     3.0058     3.0013   3.140897   3.140608     1.7480     2.0939      7.905     0.7616     8.5175 1.0678e-01     0.3871    90.7765     5.7121     5.9418    34.4997    34.5009    27.4851    27.4865    7.47001 0.0000e+00
      10234    334.880     3.0059     3.0015   3.140879   3.140631     1.7476     2.0947      7.903     0.7510     8.3201 1.0690e-01     0.3883    90.7493     5.7096     5.9453    34.4993    34.5009    27.4848    27.4865    7.47001 0.0000e+00
      10237    334.984     3.0060     3.0016   3.140917   3.140657     1.7484     2.0951      7.902     0.7722     8.3201 1.0678e-01     0.3887    90.7403     5.7119     5.9457    34.4996    34.5011    27.4851    27.4867    7.46998 0.0000e+00
      10240    335.099     3.0064     3.0017   3.140921   3.140692     1.7472     2.0931      7.903     0.7510     8.3201 1.0678e-01     0.3883    90.7493     5.7078     5.9372    34.4991    34.5013    27.4847    27.4869    7.46992 0.0000e+00
      10243    335.221     3.0064     3.0018   3.140938   3.140700     1.7463     2.0939      7.903     0.7616     8.3201 1.0690e-01     0.3887    90.7403     5.7059     5.9437    34.4992    34.5013    27.4848    27.4868    7.46992 0.0000e+00
      10246    335.349     3.0064     3.0019   3.140946   3.140695     1.7468     2.0935      7.902     0.7616     8.3201 1.0678e-01     0.3883    90.7493     5.7087     5.9440    34.4992    34.5011    27.4848    27.4866    7.46991 0.0000e+00
      10249    335.484     3.0066     3.0021   3.140986   3.140730     1.7472     2.0927      7.903     0.7616     7.1357 1.0703e-01     0.3887    90.7403     5.7138     5.9412    34.4995    34.5011    27.4849    27.4867    7.46987 0.0000e+00
      10252    335.624     3.0067     3.0023   3.140994   3.140776     1.7472     2.0927      7.900     0.7510     0.8980 1.0690e-01     0.3883    90.7493     5.7145     5.9427    34.4994    34.5015    27.4849    27.4869    7.46986 0.0000e+00
      10255    335.769     3.0069     3.0023   3.141014   3.140764     1.7468     2.0927      7.905     0.7616     0.9770 1.0678e-01     0.3847    90.8307     5.7147     5.9464    34.4994    34.5012    27.4849    27.4867    7.46982 0.0000e+00
      10258    335.920     3.0072     3.0025   3.141028   3.140800     1.7463     2.0927      7.903     0.7510     0.9770 1.0690e-01     0.3831    90.8669     5.7127     5.9482    34.4991    34.5013    27.4846    27.4868    7.46977 0.0000e+00
      10261    336.077     3.0074     3.0030   3.141100   3.140874     1.7463     2.0923      7.903     0.7510     0.9770 1.0678e-01     0.3827    90.8760     5.7160     5.9491    34.4997    34.5016    27.4850    27.4869    7.46971 0.0000e+00
