Datasets/AZMP/TEL210/tel210_2020_087.cnv
* Sea-Bird SBE 9 Data File:
* FileName = C:\CTDDATA\tel210_2020_087.hex
* Software Version Seasave V 7.26.7.110
* Temperature SN = 1697
* Conductivity SN = 4216
* Number of Bytes Per Scan = 30
* Number of Voltage Words = 4
* Number of Scans Averaged by the Deck Unit = 1
* NMEA baud rate = 4800
** VESSEL/TRIP/SEQ STN:  tel210_2020_087
** LATITUDE XX XX.XX: 53 45.40 N
** LONGITUDE XX XX.XX: 054 46.60 W
** SOUNDING DEPTH (M): 0164
** PROBE TYPE: S1146
** CTD NUMBER: 057
** COMMENTS (14 CHAR): SI-06
** BOTTLES:  9
** LEVELS: 5,10,20,30,40,50,75,100,BTM
** STICKERS: 436151 - 436159
** VNET: Y
** DO2: N
# nquan = 22
# nvalues = 3854                        
# units = specified
# name 0 = scan: Scan Count
# name 1 = prDM: Pressure, Digiquartz [db]
# name 2 = t090C: Temperature [ITS-90, deg C]
# name 3 = t190C: Temperature, 2 [ITS-90, deg C]
# name 4 = c0S/m: Conductivity [S/m]
# name 5 = c1S/m: Conductivity, 2 [S/m]
# name 6 = sbeox0V: Oxygen raw, SBE 43 [V]
# name 7 = sbeox1V: Oxygen raw, SBE 43, 2 [V]
# name 8 = ph: pH
# name 9 = flECO-AFL: Fluorescence, WET Labs ECO-AFL/FL [mg/m^3]
# name 10 = wetCDOM: Fluorescence, WET Labs CDOM [mg/m^3]
# name 11 = par/sat/log: PAR/Logarithmic, Satlantic [umol photons/m^2/sec]
# name 12 = CStarAt0: Beam Attenuation, WET Labs C-Star [1/m]
# name 13 = CStarTr0: Beam Transmission, WET Labs C-Star [%]
# name 14 = sbeox0ML/L: Oxygen, SBE 43 [ml/l], WS = 2
# name 15 = sbeox1ML/L: Oxygen, SBE 43, 2 [ml/l], WS = 2
# name 16 = sal00: Salinity, Practical [PSU]
# name 17 = sal11: Salinity, Practical, 2 [PSU]
# name 18 = sigma-t00: Density [sigma-t, kg/m^3 ]
# name 19 = sigma-t11: Density, 2 [sigma-t, kg/m^3 ]
# name 20 = oxsatML/L: Oxygen Saturation, Weiss [ml/l]
# name 21 = flag: flag
# span 0 =         11,      29819       
# span 1 =      2.162,    165.288       
# span 2 =    -0.3985,    10.2397       
# span 3 =    -0.4042,    10.2353       
# span 4 =   2.742066,   3.537744       
# span 5 =   2.741500,   3.537243       
# span 6 =     1.8836,     2.5951       
# span 7 =     2.2625,     3.1646       
# span 8 =      7.930,      8.290       
# span 9 =     0.6664,     7.0156       
# span 10 =    -2.8130,   482.1870      
# span 11 = 1.0617e-01, 5.4252e-01      
# span 12 =    -0.1415,     1.0204      
# span 13 =    77.4831,   103.5997      
# span 14 =     6.3671,     9.6275      
# span 15 =     6.6091,    10.1435      
# span 16 =    31.9062,    34.2525      
# span 17 =    31.8272,    34.2603      
# span 18 =    24.5872,    27.3649      
# span 19 =    24.5858,    27.3839      
# span 20 =    6.40484,    8.22673      
# span 21 = 0.0000e+00, 0.0000e+00      
# interval = scans: 3                   
# start_time = Jul 25 2020 06:03:45 [System UTC, header]
# bad_flag = -9.990e-29
*END*
[from data line 3556]
      23412     20.570     4.6697     4.6185   3.100608   3.090877     2.4937     3.0295      8.214     1.0156     0.6217 1.0715e-01     0.0210    99.4760     8.4538     8.7867    32.4832    32.4205    25.7161    25.6717    7.26561 0.0000e+00
      23415     20.530     4.6816     4.5728   3.102383   3.087168     2.4925     3.0299      8.214     1.0156     0.5427 1.0715e-01     0.0210    99.4760     8.4509     8.8059    32.4921    32.4223    25.7219    25.6780    7.26307 0.0000e+00
      23418     20.496     4.6800     4.5614   3.101013   3.087301     2.4929     3.0299      8.214     1.0156     0.6217 1.0715e-01     0.0210    99.4760     8.4594     8.8133    32.4778    32.4351    25.7107    25.6893    7.26404 0.0000e+00
      23421     20.466     4.6245     4.5656   3.095238   3.088857     2.4937     3.0295      8.209     1.0050     0.6217 1.0715e-01     0.0203    99.4941     8.4799     8.8139    32.4654    32.4491    25.7067    25.7000    7.27448 0.0000e+00
      23424     20.440     4.5721     4.5715   3.088851   3.089990     2.4937     3.0311      8.210     1.0050     0.5427 1.0715e-01     0.0167    99.5845     8.4967     8.8239    32.4426    32.4564    25.6941    25.7052    7.28489 0.0000e+00
      23974     20.411     4.5329     4.5860   3.082984   3.090457     2.4949     3.0339      8.221     1.0579     0.5427 1.0715e-01     0.0189    99.5302     8.4971     8.7980    32.4129    32.4476    25.6747    25.6967    7.29331 0.0000e+00
      25070     20.336     4.4732     4.5933   3.073613   3.085759     2.4949     3.0388      8.239     1.0579     0.3059 1.0715e-01     0.0232    99.4217     8.4727     8.7441    32.3624    32.3859    25.6408    25.6470    7.30640 0.0000e+00
      25073     20.254     4.4454     4.5170   3.072428   3.076630     2.4953     3.0376      8.239     1.0791     0.3059 1.0715e-01     0.0232    99.4217     8.4759     8.7596    32.3759    32.3547    25.6544    25.6301    7.31072 0.0000e+00
      25076     20.168     4.4250     4.4681   3.070086   3.075034     2.4953     3.0372      8.239     1.0791     0.3453 1.0715e-01     0.0232    99.4217     8.4786     8.7678    32.3687    32.3841    25.6507    25.6585    7.31473 0.0000e+00
      25079     20.083     4.4091     4.4449   3.068623   3.072078     2.4945     3.0356      8.236     1.0791     0.3848 1.0715e-01     0.0188    99.5303     8.4772     8.7710    32.3673    32.3724    25.6513    25.6517    7.31765 0.0000e+00
      25082     19.997     4.3954     4.4230   3.067174   3.069557     2.4937     3.0339      8.234     1.0791     0.3453 1.0715e-01     0.0167    99.5845     8.4747     8.7765    32.3638    32.3645    25.6500    25.6477    7.32027 0.0000e+00
      25085     19.912     4.3930     4.4095   3.067112   3.068878     2.4933     3.0335      8.234     1.0791     0.2269 1.0715e-01     0.0167    99.5845     8.4704     8.7808    32.3655    32.3700    25.6515    25.6534    7.32062 0.0000e+00
      25088     19.832     4.3851     4.3995   3.066057   3.066441     2.4937     3.0327      8.229     1.0685     0.2664 1.0715e-01     0.0167    99.5845     8.4739     8.7839    32.3610    32.3514    25.6488    25.6396    7.32227 0.0000e+00
      25091     19.757     4.3791     4.3781   3.065486   3.065237     2.4925     3.0315      8.229     1.0685     0.2664 1.0715e-01     0.0167    99.5845     8.4694     8.7877    32.3603    32.3584    25.6488    25.6474    7.32338 0.0000e+00
      25094     19.683     4.3768     4.3844   3.065099   3.066750     2.4917     3.0307      8.229     1.0897     0.1874 1.0715e-01     0.0167    99.5845     8.4651     8.7868    32.3581    32.3699    25.6473    25.6559    7.32390 0.0000e+00
      25097     19.613     4.3762     4.3891   3.065059   3.066457     2.4904     3.0298      8.226     1.0897     0.2664 1.0715e-01     0.0170    99.5755     8.4591     8.7903    32.3582    32.3619    25.6474    25.6490    7.32399 0.0000e+00
      25100     19.544     4.3742     4.3821   3.064906   3.065493     2.4909     3.0290      8.225     1.0473     0.2269 1.0715e-01     0.0127    99.6840     8.4645     8.7968    32.3584    32.3575    25.6478    25.6463    7.32434 0.0000e+00
      25103     19.479     4.3728     4.3774   3.064652   3.065331     2.4909     3.0290      8.225     0.9732     0.2664 1.0715e-01     0.0123    99.6930     8.4694     8.8050    32.3569    32.3602    25.6467    25.6490    7.32467 0.0000e+00
      25106     19.422     4.3682     4.3761   3.063822   3.065042     2.4896     3.0290      8.225     0.9838     0.1874 1.0715e-01     0.0123    99.6930     8.4729     8.8125    32.3518    32.3582    25.6432    25.6475    7.32575 0.0000e+00
      25109     19.365     4.3644     4.3741   3.063403   3.064824     2.4896     3.0274      8.225     0.9732     0.0295 1.0715e-01     0.0123    99.6930     8.4812     8.8130    32.3506    32.3577    25.6427    25.6473    7.32649 0.0000e+00
      25112     19.312     4.3667     4.3716   3.063701   3.064574     2.4888     3.0274      8.222     0.9944    -0.5627 1.0715e-01     0.0123    99.6930     8.4851     8.8225    32.3519    32.3572    25.6434    25.6471    7.32601 0.0000e+00
      25115     19.263     4.3671     4.3698   3.063508   3.064370     2.4884     3.0274      8.222     0.9732    -0.4443 1.0715e-01     0.0123    99.6930     8.4944     8.8318    32.3493    32.3567    25.6413    25.6469    7.32607 0.0000e+00
      25118     19.218     4.3723     4.3685   3.064445   3.064075     2.4880     3.0266      8.220     0.9944    -0.4443 1.0715e-01     0.0134    99.6659     8.5033     8.8390    32.3551    32.3545    25.6454    25.6453    7.32485 0.0000e+00
      25121     19.172     4.3798     4.3664   3.064980   3.063655     2.4884     3.0274      8.220     0.9732    -0.4838 1.0715e-01     0.0149    99.6297     8.5177     8.8532    32.3540    32.3516    25.6437    25.6433    7.32355 0.0000e+00
      25124     19.129     4.3723     4.3625   3.064062   3.063367     2.4880     3.0274      8.220     0.9732    -0.4838 1.0715e-01     0.0152    99.6207     8.5352     8.8668    32.3506    32.3522    25.6419    25.6440    7.32506 0.0000e+00
      25127     19.088     4.3668     4.3612   3.063519   3.063323     2.4888     3.0266      8.220     0.9838    -0.4443 1.0715e-01     0.0152    99.6207     8.5628     8.8791    32.3497    32.3530    25.6417    25.6448    7.32609 0.0000e+00
      25130     19.046     4.3652     4.3605   3.063307   3.063254     2.4900     3.0274      8.220     0.9838    -0.4443 1.0715e-01     0.0156    99.6116     8.5936     8.8989    32.3488    32.3528    25.6411    25.6448    7.32642 0.0000e+00
      25133     19.004     4.3665     4.3609   3.063293   3.063501     2.4900     3.0270      8.220     0.9838    -0.4838 1.0715e-01     0.0156    99.6116     8.6239     8.9143    32.3475    32.3553    25.6399    25.6467    7.32626 0.0000e+00
      25136     18.963     4.3691     4.3627   3.063700   3.063596     2.4896     3.0286      8.220     0.9838     0.4638 1.0715e-01     0.0156    99.6116     8.6555     8.9410    32.3496    32.3547    25.6414    25.6461    7.32568 0.0000e+00
      25139     18.922     4.3752     4.3644   3.064299   3.063756     2.4913     3.0290      8.218     0.9838     1.3323 1.0715e-01     0.0188    99.5303     8.6978     8.9698    32.3506    32.3550    25.6415    25.6461    7.32453 0.0000e+00
      25142     18.882     4.3777     4.3657   3.064447   3.063853     2.4925     3.0302      8.220     0.9944     1.2534 1.0715e-01     0.0232    99.4217     8.7405     9.0059    32.3500    32.3548    25.6408    25.6458    7.32412 0.0000e+00
      25145     18.834     4.3699     4.3689   3.062758   3.064250     2.4949     3.0319      8.220     0.9944     1.3323 1.0715e-01     0.0232    99.4217     8.7897     9.0481    32.3379    32.3563    25.6320    25.6467    7.32611 0.0000e+00
      25148     18.785     4.3656     4.3741   3.062861   3.065188     2.4974     3.0343      8.218     0.9838     1.3323 1.0715e-01     0.0228    99.4308     8.8361     9.0959    32.3434    32.3622    25.6367    25.6508    7.32661 0.0000e+00
      25151     18.733     4.3711     4.3840   3.063963   3.067308     2.5002     3.0360      8.218     0.9838     1.3323 1.0715e-01     0.0232    99.4217     8.8805     9.1414    32.3509    32.3772    25.6422    25.6618    7.32527 0.0000e+00
      25154     18.674     4.3854     4.3924   3.064780   3.067145     2.5035     3.0380      8.218     1.0579     1.3323 1.0715e-01     0.0232    99.4217     8.9213     9.1865    32.3464    32.3672    25.6372    25.6529    7.32291 0.0000e+00
      25157     18.609     4.4055     4.3844   3.066342   3.066696     2.5079     3.0404      8.220     1.0685     1.3323 1.0715e-01     0.0232    99.4217     8.9572     9.2325    32.3450    32.3698    25.6339    25.6558    7.31938 0.0000e+00
      25160     18.542     4.4077     4.3874   3.066590   3.067222     2.5124     3.0461      8.218     1.0791     1.3323 1.0715e-01     0.0214    99.4670     8.9866     9.2808    32.3457    32.3730    25.6343    25.6580    7.31895 0.0000e+00
      25163     18.469     4.4121     4.4125   3.067387   3.071045     2.5169     3.0514      8.217     1.0685     2.9904 1.0715e-01     0.0210    99.4760     9.0011     9.3144    32.3508    32.3930    25.6378    25.6713    7.31792 0.0000e+00
      25166     18.387     4.4250     4.4446   3.068044   3.073428     2.5218     3.0575      8.217     1.0579     3.3457 1.0715e-01     0.0210    99.4760     9.0057     9.3423    32.3457    32.3893    25.6325    25.6652    7.31583 0.0000e+00
      25169     18.301     4.4368     4.4622   3.068543   3.074578     2.5246     3.0636      8.215     1.0897     3.3457 1.0715e-01     0.0210    99.4760     8.9899     9.3664    32.3400    32.3854    25.6268    25.6602    7.31400 0.0000e+00
      25172     18.213     4.4598     4.4488   3.069930   3.072470     2.5295     3.0701      8.215     1.0791     3.3457 1.0715e-01     0.0210    99.4760     8.9722     9.3902    32.3337    32.3741    25.6195    25.6526    7.31019 0.0000e+00
      25175     18.115     4.5311     4.4450   3.077355   3.072225     2.5336     3.0762      8.215     1.0791     3.3457 1.0715e-01     0.0210    99.4760     8.9294     9.4006    32.3503    32.3751    25.6252    25.6538    7.29665 0.0000e+00
      25178     18.006     4.6538     4.4461   3.084873   3.071537     2.5360     3.0807      8.216     1.0473     3.3457 1.0715e-01     0.0214    99.4670     8.8584     9.3932    32.3177    32.3660    25.5864    25.6464    7.27637 0.0000e+00
      25181     17.897     4.7230     4.4966   3.092079   3.077419     2.5377     3.0848      8.215     1.0050     3.3457 1.0715e-01     0.0276    99.3132     8.7916     9.3552    32.3336    32.3850    25.5918    25.6563    7.26334 0.0000e+00
      25184     17.783     4.8149     4.6027   3.098084   3.084429     2.5385     3.0881      8.215     1.0050     3.3457 1.0715e-01     0.0276    99.3132     8.7168     9.2922    32.3135    32.3626    25.5660    25.6274    7.24807 0.0000e+00
      25187     17.658     4.8321     4.6492   3.097149   3.082844     2.5389     3.0917      8.213     1.0156     3.3457 1.0715e-01     0.0276    99.3132     8.6584     9.2428    32.2861    32.2988    25.5424    25.5720    7.24635 0.0000e+00
      25190     17.532     4.7348     4.5764   3.090667   3.075378     2.5385     3.0942      8.214     1.0262     3.3457 1.0715e-01     0.0280    99.3042     8.6151     9.2109    32.3060    32.2834    25.5686    25.5674    7.26258 0.0000e+00
      25193     17.403     4.8662     4.5359   3.106859   3.079424     2.5377     3.0970      8.215     1.0262     3.3457 1.0715e-01     0.0276    99.3132     8.5155     9.1601    32.3650    32.3701    25.6012    25.6404    7.23659 0.0000e+00
      25196     17.271     5.1179     4.6468   3.128838   3.091350     2.5373     3.0970      8.212     1.0156     3.3457 1.0715e-01     0.0280    99.3042     8.3938     9.0570    32.3728    32.4000    25.5797    25.6525    7.19221 0.0000e+00
      25199     17.137     5.4541     4.8614   3.154855   3.110548     2.5360     3.0994      8.210     1.0156     3.3457 1.0715e-01     0.0283    99.2951     8.2617     8.9357    32.3443    32.4122    25.5191    25.6392    7.13549 0.0000e+00
      25202     17.006     5.7144     5.1184   3.171024   3.130253     2.5324     3.0978      8.209     1.0050     3.3457 1.0715e-01     0.0298    99.2590     8.1467     8.7911    32.2770    32.3888    25.4357    25.5924    7.09419 0.0000e+00
      25205     16.872     5.8196     5.0976   3.173730   3.108766     2.5303     3.0966      8.211     0.9944     3.3457 1.0715e-01     0.0298    99.2590     8.0730     8.7208    32.2070    32.1627    25.3678    25.4157    7.07962 0.0000e+00
      25208     16.739     5.8892     4.8850   3.185545   3.107451     2.5283     3.0937      8.209     0.9732     3.3457 1.0715e-01     0.0298    99.2590     8.0053     8.6573    32.2731    32.3537    25.4116    25.5902    7.06485 0.0000e+00
      25211     16.602     6.2599     5.4586   3.215750   3.167560     2.5242     3.0909      8.207     0.9732     3.3457 1.0715e-01     0.0298    99.2590     7.8848     8.4360    32.2577    32.4847    25.3542    25.6296    7.00359 0.0000e+00
      25214     16.462     6.4901     5.8487   3.232878   3.187459     2.5186     3.0872      8.206     0.9732     2.1219 1.0715e-01     0.0298    99.2590     7.7934     8.2795    32.2296    32.3336    25.3032    25.4644    6.96686 0.0000e+00
      25217     16.327     6.6845     6.1073   3.248216   3.204139     2.5136     3.0803      8.205     0.9838    -0.1284 1.0715e-01     0.0301    99.2499     7.7190     8.1456    32.2155    32.2735    25.2671    25.3856    6.93570 0.0000e+00
      25220     16.199     6.8416     6.2513   3.259175   3.213826     2.5084     3.0714      8.204     0.9732    -0.0100 1.0715e-01     0.0298    99.2590     7.6561     8.0357    32.1881    32.2447    25.2252    25.3451    6.91140 0.0000e+00
      25223     16.073     6.9569     6.3776   3.269780   3.230363     2.5027     3.0624      8.204     0.9838    -0.0100 1.0715e-01     0.0287    99.2861     7.6027     7.9363    32.1960    32.3084    25.2163    25.3796    6.89242 0.0000e+00
      25226     15.955     7.0663     6.6067   3.276286   3.246703     2.4986     3.0526      8.203     0.9838     0.0295 1.0715e-01     0.0287    99.2861     7.5625     7.8387    32.1647    32.2722    25.1772    25.3219    6.87623 0.0000e+00
      25229     15.841     7.0890     6.7813   3.276870   3.257132     2.4921     3.0429      8.203     0.9732     0.0295 1.0715e-01     0.0283    99.2951     7.5285     7.7631    32.1499    32.2225    25.1625    25.2602    6.87324 0.0000e+00
      25232     15.733     7.0941     6.8516   3.278540   3.259751     2.4880     3.0319      8.200     1.0050     0.0295 1.0715e-01     0.0287    99.2861     7.5121     7.7125    32.1634    32.1853    25.1724    25.2217    6.87183 0.0000e+00
      25235     15.630     7.1141     6.8842   3.281272   3.262529     2.4843     3.0225      8.199     1.0156     0.0295 1.0715e-01     0.0287    99.2861     7.5008     7.6831    32.1745    32.1851    25.1784    25.2173    6.86813 0.0000e+00
      25238     15.535     7.2039     6.9600   3.288942   3.271954     2.4807     3.0152      8.198     0.9944    -0.0100 1.0715e-01     0.0287    99.2861     7.4817     7.6658    32.1741    32.2171    25.1661    25.2325    6.85380 0.0000e+00
      25241     15.446     7.2451     7.0640   3.290659   3.278290     2.4770     3.0070      8.198     0.9944    -0.2863 1.0715e-01     0.0319    99.2047     7.4751     7.6579    32.1544    32.1889    25.1449    25.1965    6.84810 0.0000e+00
      25244     15.368     7.2157     7.1332   3.286815   3.283185     2.4717     2.9997      8.198     1.0156    -0.4443 1.0715e-01     0.0330    99.1776     7.4764     7.6668    32.1401    32.1776    25.1377    25.1783    6.85342 0.0000e+00
