Datasets/AZMP/TEL210/tel210_2020_140.cnv
* Sea-Bird SBE 9 Data File:
* FileName = C:\CTDDATA\tel210_2020_140.hex
* Software Version Seasave V 7.26.7.110
* Temperature SN = 1697
* Conductivity SN = 4216
* Number of Bytes Per Scan = 30
* Number of Voltage Words = 4
* Number of Scans Averaged by the Deck Unit = 1
* NMEA baud rate = 4800
** VESSEL/TRIP/SEQ STN:  tel210_2020_140
** LATITUDE XX XX.XX: 47 40.80 N
** LONGITUDE XX XX.XX: 051 52.80 W
** SOUNDING DEPTH (M): 0186
** PROBE TYPE: S1146
** CTD NUMBER: 081
** COMMENTS (14 CHAR): S27-04
** BOTTLES:
** LEVELS:
** STICKERS:
** VNET: N
** DO2: N
# nquan = 22
# nvalues = 3588                        
# units = specified
# name 0 = scan: Scan Count
# name 1 = prDM: Pressure, Digiquartz [db]
# name 2 = t090C: Temperature [ITS-90, deg C]
# name 3 = t190C: Temperature, 2 [ITS-90, deg C]
# name 4 = c0S/m: Conductivity [S/m]
# name 5 = c1S/m: Conductivity, 2 [S/m]
# name 6 = sbeox0V: Oxygen raw, SBE 43 [V]
# name 7 = sbeox1V: Oxygen raw, SBE 43, 2 [V]
# name 8 = ph: pH
# name 9 = flECO-AFL: Fluorescence, WET Labs ECO-AFL/FL [mg/m^3]
# name 10 = wetCDOM: Fluorescence, WET Labs CDOM [mg/m^3]
# name 11 = par/sat/log: PAR/Logarithmic, Satlantic [umol photons/m^2/sec]
# name 12 = CStarAt0: Beam Attenuation, WET Labs C-Star [1/m]
# name 13 = CStarTr0: Beam Transmission, WET Labs C-Star [%]
# name 14 = sbeox0ML/L: Oxygen, SBE 43 [ml/l], WS = 2
# name 15 = sbeox1ML/L: Oxygen, SBE 43, 2 [ml/l], WS = 2
# name 16 = sal00: Salinity, Practical [PSU]
# name 17 = sal11: Salinity, Practical, 2 [PSU]
# name 18 = sigma-t00: Density [sigma-t, kg/m^3 ]
# name 19 = sigma-t11: Density, 2 [sigma-t, kg/m^3 ]
# name 20 = oxsatML/L: Oxygen Saturation, Weiss [ml/l]
# name 21 = flag: flag
# span 0 =          6,      11919       
# span 1 =      0.160,    182.257       
# span 2 =    -1.3782,    13.2443       
# span 3 =    -1.3842,    13.2408       
# span 4 =   2.624500,   3.745650       
# span 5 =   2.624149,   3.745241       
# span 6 =     1.8864,     2.5347       
# span 7 =     2.2575,     3.0525       
# span 8 =      7.867,      8.249       
# span 9 =     0.6558,     5.2590       
# span 10 =    -2.8130,   482.1870      
# span 11 = 1.0703e-01, 2.1121e+01      
# span 12 =    -0.1477,     0.6255      
# span 13 =    85.5224,   103.7624      
# span 14 =     6.1434,     9.3218      
# span 15 =     6.0644,     9.7131      
# span 16 =    31.3683,    33.4102      
# span 17 =    31.4351,    33.4147      
# span 18 =    23.5456,    26.8290      
# span 19 =    23.6005,    26.8343      
# span 20 =    6.02595,    8.47776      
# span 21 = 0.0000e+00, 0.0000e+00      
# interval = scans: 3                   
# start_time = Jul 30 2020 22:16:18 [System UTC, header]
# bad_flag = -9.990e-29
*END*
[from data line 2437]
       8256    116.323    -1.2628    -1.2690   2.647310   2.646969     1.9797     2.3762      7.909     0.7299    -0.4443 1.0727e-01    -0.1415   103.5997     7.5985     7.8301    32.8889    32.8911    26.4507    26.4526    8.44474 0.0000e+00
       8259    116.240    -1.2625    -1.2650   2.647350   2.647540     1.9793     2.3774      7.909     0.7299    -0.4443 1.0715e-01    -0.1415   103.5997     7.5937     7.8381    32.8892    32.8946    26.4509    26.4553    8.44465 0.0000e+00
       8262    116.165    -1.2623    -1.2626   2.647379   2.647670     1.9793     2.3770      7.909     0.7299    -0.4838 1.0715e-01    -0.1415   103.5997     7.5898     7.8398    32.8894    32.8937    26.4511    26.4546    8.44460 0.0000e+00
       8265    116.096    -1.2622    -1.2635   2.647420   2.647561     1.9785     2.3770      7.909     0.7299    -0.4443 1.0715e-01    -0.1415   103.5997     7.5867     7.8392    32.8899    32.8933    26.4515    26.4542    8.44454 0.0000e+00
       8268    116.033    -1.2615    -1.2606   2.647464   2.647887     1.9789     2.3774      7.909     0.7510    -0.4838 1.0740e-01    -0.1415   103.5997     7.5836     7.8430    32.8898    32.8946    26.4514    26.4553    8.44439 0.0000e+00
       8271    115.976    -1.2618    -1.2521   2.647286   2.648746     1.9801     2.3774      7.909     0.7510    -0.4443 1.0715e-01    -0.1432   103.6449     7.5871     7.8434    32.8877    32.8970    26.4497    26.4569    8.44458 0.0000e+00
       8274    115.922    -1.2634    -1.2514   2.647032   2.648445     1.9801     2.3778      7.909     0.7616     1.0165 1.0715e-01    -0.1436   103.6539     7.5858     7.8438    32.8861    32.8922    26.4484    26.4530    8.44505 0.0000e+00
       8277    115.871    -1.2654    -1.2588   2.646832   2.647722     1.9801     2.3782      7.909     0.7722     2.5956 1.0715e-01    -0.1436   103.6539     7.5866     7.8489    32.8855    32.8904    26.4480    26.4518    8.44553 0.0000e+00
       8280    115.826    -1.2666    -1.2633   2.646741   2.647468     1.9793     2.3786      7.909     0.7510     2.5167 1.0727e-01    -0.1436   103.6539     7.5909     7.8506    32.8857    32.8920    26.4482    26.4532    8.44581 0.0000e+00
       8283    115.783    -1.2674    -1.2641   2.646685   2.647478     1.9789     2.3786      7.909     0.7510     2.5167 1.0715e-01    -0.1436   103.6539     7.5953     7.8509    32.8857    32.8930    26.4483    26.4541    8.44598 0.0000e+00
       8286    115.740    -1.2680    -1.2642   2.646611   2.647386     1.9797     2.3795      7.909     0.7616     2.5167 1.0727e-01    -0.1436   103.6539     7.6015     7.8580    32.8855    32.8919    26.4481    26.4531    8.44615 0.0000e+00
       8289    115.700    -1.2685    -1.2659   2.646547   2.647062     1.9797     2.3786      7.909     0.7616     2.5167 1.0727e-01    -0.1436   103.6539     7.5981     7.8544    32.8851    32.8893    26.4478    26.4511    8.44627 0.0000e+00
       8292    115.657    -1.2684    -1.2673   2.646552   2.646982     1.9793     2.3799      7.909     0.7511     2.5167 1.0715e-01    -0.1443   103.6720     7.5925     7.8597    32.8851    32.8898    26.4478    26.4515    8.44625 0.0000e+00
       8295    115.617    -1.2678    -1.2677   2.646715   2.647032     1.9805     2.3790      7.909     0.7193     2.5167 1.0727e-01    -0.1446   103.6811     7.5977     7.8552    32.8867    32.8909    26.4490    26.4525    8.44601 0.0000e+00
       8298    115.574    -1.2665    -1.2689   2.646894   2.646853     1.9805     2.3786      7.909     0.7299     2.5167 1.0715e-01    -0.1446   103.6811     7.5980     7.8518    32.8878    32.8899    26.4499    26.4517    8.44566 0.0000e+00
       8301    115.531    -1.2665    -1.2682   2.646775   2.646891     1.9809     2.3799      7.909     0.7299     4.4511 1.0715e-01    -0.1446   103.6811     7.5992     7.8558    32.8862    32.8896    26.4486    26.4514    8.44576 0.0000e+00
       8304    115.487    -1.2666    -1.2677   2.646880   2.646818     1.9826     2.3799      7.909     0.7299     4.8854 1.0727e-01    -0.1439   103.6630     7.6064     7.8508    32.8877    32.8881    26.4499    26.4502    8.44568 0.0000e+00
       8307    115.438    -1.2660    -1.2676   2.646965   2.646970     1.9814     2.3807      7.909     0.7299     4.8854 1.0727e-01    -0.1446   103.6811     7.5971     7.8504    32.8882    32.8901    26.4502    26.4518    8.44551 0.0000e+00
       8310    115.385    -1.2660    -1.2653   2.646987   2.647300     1.9809     2.3807      7.909     0.7299     4.8854 1.0715e-01    -0.1432   103.6449     7.5930     7.8494    32.8886    32.8921    26.4506    26.4534    8.44550 0.0000e+00
       8313    115.326    -1.2652    -1.2662   2.647080   2.647173     1.9801     2.3811      7.909     0.7299     4.8854 1.0715e-01    -0.1425   103.6268     7.5887     7.8482    32.8891    32.8914    26.4509    26.4528    8.44529 0.0000e+00
       8316    115.259    -1.2643    -1.2626   2.647206   2.647553     1.9814     2.3807      7.909     0.7299     4.8854 1.0715e-01    -0.1425   103.6268     7.5908     7.8414    32.8898    32.8927    26.4515    26.4538    8.44504 0.0000e+00
       8319    115.189    -1.2631    -1.2616   2.647298   2.647560     1.9809     2.3811      7.909     0.7299     4.8854 1.0715e-01    -0.1425   103.6268     7.5817     7.8408    32.8897    32.8917    26.4514    26.4529    8.44476 0.0000e+00
       8322    115.113    -1.2621    -1.2635   2.647332   2.647281     1.9805     2.3811      7.909     0.7299     4.8854 1.0715e-01    -0.1429   103.6358     7.5739     7.8367    32.8892    32.8900    26.4510    26.4516    8.44457 0.0000e+00
       8325    115.030    -1.2631    -1.2622   2.647102   2.647719     1.9805     2.3807      7.909     0.7299     4.8459 1.0715e-01    -0.1429   103.6358     7.5777     7.8280    32.8872    32.8946    26.4493    26.4554    8.44491 0.0000e+00
       8328    114.939    -1.2657    -1.2594   2.646645   2.647924     1.9809     2.3799      7.911     0.7405     4.5696 1.0727e-01    -0.1425   103.6268     7.5865     7.8189    32.8838    32.8944    26.4466    26.4551    8.44570 0.0000e+00
       8331    114.842    -1.2703    -1.2619   2.645912   2.647454     1.9818     2.3807      7.909     0.7405     4.5301 1.0715e-01    -0.1446   103.6811     7.5936     7.8193    32.8789    32.8908    26.4428    26.4522    8.44704 0.0000e+00
       8334    114.738    -1.2782    -1.2644   2.645133   2.647279     1.9818     2.3811      7.909     0.7299     4.5301 1.0715e-01    -0.1456   103.7082     7.5953     7.8223    32.8770    32.8912    26.4415    26.4526    8.44898 0.0000e+00
       8337    114.629    -1.2819    -1.2634   2.644963   2.647458     1.9818     2.3803      7.909     0.7299     4.5301 1.0715e-01    -0.1456   103.7082     7.5925     7.8199    32.8788    32.8926    26.4431    26.4537    8.44973 0.0000e+00
       8340    114.515    -1.2806    -1.2612   2.645412   2.647768     1.9814     2.3803      7.914     0.7405     4.5301 1.0715e-01    -0.1453   103.6992     7.5898     7.8197    32.8836    32.8945    26.4469    26.4552    8.44916 0.0000e+00
       8343    114.393    -1.2774    -1.2607   2.645656   2.647618     1.9805     2.3803      7.912     0.7405     4.5301 1.0740e-01    -0.1456   103.7082     7.5860     7.8146    32.8835    32.8920    26.4468    26.4531    8.44842 0.0000e+00
       8346    114.266    -1.2747    -1.2636   2.646004   2.647147     1.9809     2.3807      7.912     0.7299     4.5301 1.0715e-01    -0.1456   103.7082     7.5858     7.8141    32.8854    32.8888    26.4482    26.4507    8.44768 0.0000e+00
       8349    114.135    -1.2729    -1.2664   2.646006   2.646872     1.9830     2.3795      7.909     0.7299     4.5301 1.0715e-01    -0.1453   103.6992     7.5932     7.8114    32.8836    32.8882    26.4467    26.4502    8.44739 0.0000e+00
       8352    114.001    -1.2703    -1.2690   2.646658   2.646615     1.9818     2.3799      7.909     0.7299     3.8984 1.0727e-01    -0.1443   103.6720     7.5819     7.8122    32.8897    32.8876    26.4515    26.4498    8.44642 0.0000e+00
       8355    113.863    -1.2646    -1.2696   2.647044   2.646734     1.9805     2.3799      7.912     0.7405     2.5562 1.0727e-01    -0.1446   103.6811     7.5752     7.8141    32.8887    32.8900    26.4506    26.4517    8.44516 0.0000e+00
       8358    113.720    -1.2663    -1.2668   2.645928   2.647154     1.9814     2.3807      7.911     0.7405     2.6351 1.0715e-01    -0.1446   103.6811     7.5881     7.8199    32.8755    32.8928    26.4399    26.4539    8.44634 0.0000e+00
       8361    113.573    -1.2757    -1.2651   2.644382   2.646739     1.9809     2.3803      7.914     0.7405     2.6351 1.0715e-01    -0.1446   103.6811     7.5905     7.8192    32.8647    32.8853    26.4314    26.4478    8.44912 0.0000e+00
       8364    113.429    -1.2882    -1.2758   2.642617   2.644353     1.9822     2.3799      7.911     0.7299     2.6351 1.0715e-01    -0.1443   103.6720     7.6012     7.8202    32.8545    32.8646    26.4235    26.4313    8.45262 0.0000e+00
       8367    113.284    -1.3029    -1.2951   2.641343   2.641989     1.9818     2.3778      7.911     0.7299     2.6351 1.0740e-01    -0.1446   103.6811     7.6041     7.8214    32.8532    32.8535    26.4229    26.4229    8.45608 0.0000e+00
       8370    113.138    -1.3127    -1.3132   2.640457   2.640352     1.9814     2.3790      7.911     0.7299     2.6351 1.0727e-01    -0.1443   103.6720     7.6038     7.8361    32.8519    32.8510    26.4221    26.4214    8.45841 0.0000e+00
       8373    112.991    -1.3238    -1.3282   2.639248   2.638781     1.9814     2.3795      7.913     0.7299     2.6351 1.0715e-01    -0.1446   103.6811     7.6077     7.8428    32.8477    32.8461    26.4190    26.4179    8.46123 0.0000e+00
       8376    112.845    -1.3366    -1.3416   2.637897   2.637592     1.9814     2.3795      7.911     0.7299     2.6351 1.0715e-01    -0.1446   103.6811     7.6195     7.8442    32.8433    32.8447    26.4158    26.4171    8.46445 0.0000e+00
       8379    112.708    -1.3496    -1.3529   2.636771   2.636580     1.9826     2.3807      7.910     0.7299     0.7401 1.0715e-01    -0.1446   103.6811     7.6258     7.8517    32.8423    32.8433    26.4154    26.4163    8.46753 0.0000e+00
       8382    112.571    -1.3509    -1.3590   2.637185   2.636130     1.9830     2.3799      7.915     0.7299    -0.4048 1.0715e-01    -0.1446   103.6811     7.6208     7.8525    32.8495    32.8439    26.4213    26.4170    8.46741 0.0000e+00
       8385    112.437    -1.3507    -1.3615   2.636644   2.635920     1.9818     2.3790      7.913     0.7299    -0.3258 1.0715e-01    -0.1446   103.6811     7.6136     7.8536    32.8420    32.8438    26.4151    26.4169    8.46781 0.0000e+00
       8388    112.306    -1.3554    -1.3627   2.636273   2.635551     1.9818     2.3795      7.913     0.7299    -0.3258 1.0715e-01    -0.1446   103.6811     7.6156     7.8585    32.8420    32.8402    26.4153    26.4141    8.46887 0.0000e+00
       8391    112.184    -1.3570    -1.3665   2.636172   2.635199     1.9830     2.3811      7.912     0.7299    -0.3653 1.0715e-01    -0.1449   103.6901     7.6242     7.8660    32.8426    32.8396    26.4158    26.4137    8.46923 0.0000e+00
       8394    112.072    -1.3583    -1.3689   2.635835   2.634908     1.9830     2.3803      7.910     0.7299    -0.3258 1.0715e-01    -0.1456   103.7082     7.6224     7.8592    32.8394    32.8383    26.4133    26.4127    8.46971 0.0000e+00
       8397    111.964    -1.3588    -1.3678   2.636040   2.635270     1.9822     2.3790      7.912     0.7299    -0.3653 1.0715e-01    -0.1453   103.6992     7.6177     7.8539    32.8429    32.8421    26.4161    26.4158    8.46963 0.0000e+00
       8400    111.864    -1.3568    -1.3644   2.636245   2.635607     1.9834     2.3799      7.913     0.7405    -0.3258 1.0715e-01    -0.1456   103.7082     7.6204     7.8561    32.8435    32.8431    26.4166    26.4165    8.46913 0.0000e+00
       8403    111.770    -1.3558    -1.3644   2.636094   2.635141     1.9814     2.3795      7.913     0.7299    -0.3653 1.0715e-01    -0.1456   103.7082     7.6085     7.8560    32.8403    32.8367    26.4140    26.4113    8.46907 0.0000e+00
       8406    111.684    -1.3579    -1.3648   2.635181   2.635278     1.9818     2.3803      7.913     0.7299    -0.1284 1.0715e-01    -0.1456   103.7082     7.6171     7.8633    32.8302    32.8392    26.4059    26.4132    8.47016 0.0000e+00
       8409    111.610    -1.3600    -1.3628   2.635128   2.635576     1.9830     2.3799      7.915     0.7405    -0.1284 1.0727e-01    -0.1453   103.6992     7.6214     7.8635    32.8318    32.8411    26.4072    26.4148    8.47054 0.0000e+00
       8412    111.542    -1.3590    -1.3624   2.635415   2.635281     1.9830     2.3799      7.912     0.7299    -0.0889 1.0715e-01    -0.1453   103.6992     7.6184     7.8617    32.8348    32.8366    26.4095    26.4111    8.47015 0.0000e+00
       8415    111.482    -1.3584    -1.3644   2.635376   2.634797     1.9834     2.3807      7.915     0.7299    -0.0889 1.0715e-01    -0.1456   103.7082     7.6197     7.8693    32.8336    32.8323    26.4086    26.4076    8.47008 0.0000e+00
       8418    111.429    -1.3582    -1.3627   2.635331   2.635409     1.9822     2.3803      7.912     0.7299    -0.0889 1.0727e-01    -0.1456   103.7082     7.6164     7.8709    32.8328    32.8388    26.4079    26.4128    8.47007 0.0000e+00
       8421    111.386    -1.3588    -1.3559   2.635239   2.636449     1.9834     2.3803      7.912     0.7299    -0.0889 1.0715e-01    -0.1456   103.7082     7.6222     7.8692    32.8322    32.8456    26.4074    26.4182    8.47024 0.0000e+00
       8424    111.348    -1.3599    -1.3550   2.634981   2.636500     1.9826     2.3811      7.913     0.7616    -0.0889 1.0715e-01    -0.1456   103.7082     7.6207     7.8725    32.8299    32.8453    26.4056    26.4180    8.47063 0.0000e+00
       8428    111.311    -1.3619    -1.3543   2.634743   2.636384     1.9834     2.3807      7.910     0.7405    -0.0889 1.0715e-01    -0.1453   103.6992     7.6226     7.8725    32.8289    32.8430    26.4049    26.4161    8.47117 0.0000e+00
       8436    111.263    -1.3609    -1.3574   2.635008   2.636000     1.9826     2.3815      7.913     0.7510     1.2533 1.0715e-01    -0.1453   103.6992     7.6131     7.8766    32.8314    32.8412    26.4069    26.4147    8.47079 0.0000e+00
       8447    111.191    -1.3590    -1.3572   2.635407   2.636337     1.9834     2.3819      7.912     0.7616     1.5297 1.0727e-01    -0.1453   103.6992     7.6164     7.8756    32.8348    32.8457    26.4096    26.4183    8.47013 0.0000e+00
       8451    111.159    -1.3569    -1.3562   2.635747   2.636478     1.9830     2.3823      7.912     0.7722     1.5297 1.0715e-01    -0.1460   103.7172     7.6151     7.8756    32.8372    32.8465    26.4114    26.4190    8.46951 0.0000e+00
       8454    111.125    -1.3542    -1.3559   2.636106   2.636430     1.9834     2.3823      7.910     0.7510     1.5692 1.0715e-01    -0.1467   103.7353     7.6194     7.8757    32.8392    32.8455    26.4130    26.4182    8.46877 0.0000e+00
       8457    111.087    -1.3498    -1.3559   2.636893   2.636316     1.9834     2.3823      7.910     0.7616     0.9770 1.0715e-01    -0.1467   103.7353     7.6162     7.8776    32.8452    32.8439    26.4177    26.4169    8.46740 0.0000e+00
       8460    111.042    -1.3442    -1.3537   2.637492   2.636630     1.9838     2.3823      7.911     0.7616     0.3059 1.0715e-01    -0.1467   103.7353     7.6145     7.8766    32.8473    32.8459    26.4192    26.4184    8.46599 0.0000e+00
       8463    110.989    -1.3415    -1.3494   2.637881   2.637122     1.9834     2.3827      7.910     0.7722     0.3848 1.0727e-01    -0.1467   103.7353     7.6128     7.8770    32.8497    32.8479    26.4211    26.4199    8.46522 0.0000e+00
