Datasets/AZMP/TEL210/tel210_2020_032.cnv
* Sea-Bird SBE 9 Data File:
* FileName = C:\CTDDATA\tel210_2020_032.hex
* Software Version Seasave V 7.26.7.110
* Temperature SN = 1697
* Conductivity SN = 4216
* Number of Bytes Per Scan = 30
* Number of Voltage Words = 4
* Number of Scans Averaged by the Deck Unit = 1
* NMEA baud rate = 4800
** VESSEL/TRIP/SEQ STN:  tel210_2020_032
** LATITUDE XX XX.XX: 47 00.00 N
** LONGITUDE XX XX.XX: 044 05.00 W
** SOUNDING DEPTH (M): 0329
** PROBE TYPE: S1146
** CTD NUMBER: 031
** COMMENTS (14 CHAR): FC-30
** BOTTLES:  0
** LEVELS:
** STICKERS:
** VNET: N
** DO2: N
# nquan = 22
# nvalues = 6362                        
# units = specified
# name 0 = scan: Scan Count
# name 1 = prDM: Pressure, Digiquartz [db]
# name 2 = t090C: Temperature [ITS-90, deg C]
# name 3 = t190C: Temperature, 2 [ITS-90, deg C]
# name 4 = c0S/m: Conductivity [S/m]
# name 5 = c1S/m: Conductivity, 2 [S/m]
# name 6 = sbeox0V: Oxygen raw, SBE 43 [V]
# name 7 = sbeox1V: Oxygen raw, SBE 43, 2 [V]
# name 8 = ph: pH
# name 9 = flECO-AFL: Fluorescence, WET Labs ECO-AFL/FL [mg/m^3]
# name 10 = wetCDOM: Fluorescence, WET Labs CDOM [mg/m^3]
# name 11 = par/sat/log: PAR/Logarithmic, Satlantic [umol photons/m^2/sec]
# name 12 = CStarAt0: Beam Attenuation, WET Labs C-Star [1/m]
# name 13 = CStarTr0: Beam Transmission, WET Labs C-Star [%]
# name 14 = sbeox0ML/L: Oxygen, SBE 43 [ml/l], WS = 2
# name 15 = sbeox1ML/L: Oxygen, SBE 43, 2 [ml/l], WS = 2
# name 16 = sal00: Salinity, Practical [PSU]
# name 17 = sal11: Salinity, Practical, 2 [PSU]
# name 18 = sigma-t00: Density [sigma-t, kg/m^3 ]
# name 19 = sigma-t11: Density, 2 [sigma-t, kg/m^3 ]
# name 20 = oxsatML/L: Oxygen Saturation, Weiss [ml/l]
# name 21 = flag: flag
# span 0 =         81,      28503       
# span 1 =      2.104,    327.988       
# span 2 =     3.4633,    11.9454       
# span 3 =     3.4579,    11.9406       
# span 4 =   3.148050,   3.775387       
# span 5 =   3.147544,   3.774675       
# span 6 =     1.7924,     2.4135       
# span 7 =     2.1513,     2.9397       
# span 8 =      7.943,      8.231       
# span 9 =    -0.6427,     6.7241       
# span 10 =    -2.8130,   482.1870      
# span 11 = 1.0703e-01, 4.5242e+01      
# span 12 =    -0.1278,     0.2704      
# span 13 =    93.4623,   103.2470      
# span 14 =     5.6847,     7.8974      
# span 15 =     5.9218,     8.3342      
# span 16 =    32.8525,    34.8728      
# span 17 =    32.8216,    34.8711      
# span 18 =    24.9369,    27.6844      
# span 19 =    24.9341,    27.6846      
# span 20 =    6.13991,    7.39501      
# span 21 = 0.0000e+00, 0.0000e+00      
# interval = scans: 3                   
# start_time = Jul 18 2020 10:33:25 [System UTC, header]
# bad_flag = -9.990e-29
*END*
[from data line 2173]
       7033    226.381     4.0888     4.0886   3.259174   3.259226     1.8530     2.2294      7.963    -0.6121    -1.3918 1.0715e-01    -0.1247   103.1656     5.9187     6.1661    34.8272    34.8281    27.6394    27.6401    7.25617 0.0000e+00
       7036    226.414     4.0889     4.0878   3.259199   3.259081     1.8522     2.2294      7.963    -0.6223    -1.3918 1.0715e-01    -0.1247   103.1656     5.9162     6.1673    34.8274    34.8272    27.6395    27.6396    7.25614 0.0000e+00
       7039    226.451     4.0892     4.0879   3.259235   3.259194     1.8534     2.2294      7.963    -0.6019    -1.3918 1.0715e-01    -0.1247   103.1656     5.9218     6.1683    34.8275    34.8284    27.6396    27.6404    7.25609 0.0000e+00
       7042    226.499     4.0908     4.0900   3.259524   3.259445     1.8530     2.2298      7.963    -0.5918    -1.3918 1.0715e-01    -0.1243   103.1566     5.9208     6.1691    34.8293    34.8292    27.6408    27.6408    7.25572 0.0000e+00
       7045    226.553     4.0949     4.0909   3.259986   3.259588     1.8530     2.2290      7.963    -0.5613    -1.3918 1.0715e-01    -0.1247   103.1656     5.9205     6.1676    34.8303    34.8298    27.6412    27.6413    7.25494 0.0000e+00
       7048    226.616     4.0959     4.0912   3.260044   3.259608     1.8534     2.2294      7.963    -0.5816    -1.4313 1.0715e-01    -0.1247   103.1656     5.9211     6.1718    34.8299    34.8297    27.6408    27.6411    7.25478 0.0000e+00
       7051    226.685     4.0964     4.0912   3.260125   3.259630     1.8534     2.2290      7.963    -0.5714     0.1874 1.0715e-01    -0.1243   103.1566     5.9191     6.1711    34.8303    34.8300    27.6411    27.6414    7.25467 0.0000e+00
       7054    226.761     4.0970     4.0916   3.260184   3.259638     1.8526     2.2290      7.963    -0.5918     1.2534 1.0715e-01    -0.1247   103.1656     5.9127     6.1727    34.8303    34.8296    27.6410    27.6410    7.25456 0.0000e+00
       7057    226.855     4.0970     4.0914   3.260182   3.259664     1.8522     2.2294      7.963    -0.5918     1.2139 1.0715e-01    -0.1247   103.1656     5.9109     6.1769    34.8302    34.8300    27.6410    27.6414    7.25457 0.0000e+00
       7060    226.951     4.0971     4.0915   3.260205   3.259679     1.8534     2.2294      7.963    -0.5918     1.2139 1.0715e-01    -0.1247   103.1656     5.9149     6.1778    34.8303    34.8301    27.6410    27.6414    7.25454 0.0000e+00
       7063    227.056     4.0968     4.0911   3.260206   3.259624     1.8526     2.2290      7.963    -0.5918     1.2139 1.0715e-01    -0.1240   103.1475     5.9111     6.1774    34.8306    34.8298    27.6413    27.6412    7.25458 0.0000e+00
       7066    227.171     4.0971     4.0914   3.260226   3.259664     1.8530     2.2282      7.963    -0.5714     1.2139 1.0715e-01    -0.1240   103.1475     5.9153     6.1766    34.8305    34.8299    27.6412    27.6413    7.25454 0.0000e+00
       7069    227.293     4.0969     4.0918   3.260243   3.259714     1.8522     2.2290      7.963    -0.5816     1.2139 1.0715e-01    -0.1243   103.1566     5.9113     6.1806    34.8308    34.8299    27.6414    27.6413    7.25455 0.0000e+00
       7072    227.422     4.0971     4.0918   3.260251   3.259707     1.8526     2.2294      7.963    -0.5816     1.2139 1.0715e-01    -0.1247   103.1656     5.9138     6.1822    34.8306    34.8299    27.6412    27.6412    7.25453 0.0000e+00
       7075    227.560     4.0962     4.0915   3.260166   3.259679     1.8518     2.2294      7.963    -0.5714     1.2139 1.0715e-01    -0.1240   103.1475     5.9104     6.1829    34.8305    34.8297    27.6413    27.6412    7.25470 0.0000e+00
       7078    227.710     4.0947     4.0907   3.260005   3.259564     1.8522     2.2295      7.963    -0.5816     1.2139 1.0715e-01    -0.1247   103.1656     5.9139     6.1839    34.8301    34.8291    27.6411    27.6407    7.25498 0.0000e+00
       7081    227.865     4.0937     4.0891   3.259957   3.259463     1.8522     2.2295      7.963    -0.5816     1.2139 1.0715e-01    -0.1240   103.1475     5.9136     6.1848    34.8305    34.8295    27.6415    27.6413    7.25514 0.0000e+00
       7084    228.026     4.0916     4.0872   3.259765   3.259262     1.8522     2.2295      7.963    -0.5816     1.2139 1.0715e-01    -0.1247   103.1656     5.9159     6.1854    34.8303    34.8291    27.6416    27.6411    7.25552 0.0000e+00
       7087    228.190     4.0903     4.0847   3.259673   3.259081     1.8526     2.2295      7.963    -0.5816     1.2139 1.0715e-01    -0.1247   103.1656     5.9205     6.1861    34.8306    34.8295    27.6419    27.6417    7.25574 0.0000e+00
       7090    228.357     4.0891     4.0834   3.259562   3.259038     1.8530     2.2299      7.963    -0.5714     1.2139 1.0727e-01    -0.1247   103.1656     5.9242     6.1861    34.8305    34.8302    27.6420    27.6424    7.25597 0.0000e+00
       7093    228.522     4.0883     4.0830   3.259529   3.259009     1.8522     2.2295      7.963    -0.5714     1.2139 1.0715e-01    -0.1247   103.1656     5.9223     6.1834    34.8308    34.8302    27.6423    27.6424    7.25608 0.0000e+00
       7096    228.688     4.0886     4.0833   3.259542   3.259023     1.8522     2.2295      7.963    -0.5918     1.2139 1.0715e-01    -0.1247   103.1656     5.9237     6.1840    34.8305    34.8300    27.6421    27.6422    7.25604 0.0000e+00
       7099    228.850     4.0880     4.0828   3.259540   3.259000     1.8514     2.2295      7.963    -0.5918     1.2139 1.0715e-01    -0.1247   103.1656     5.9214     6.1833    34.8311    34.8302    27.6426    27.6424    7.25613 0.0000e+00
       7102    229.011     4.0879     4.0829   3.259540   3.259003     1.8522     2.2303      7.963    -0.5918     1.4902 1.0715e-01    -0.1243   103.1566     5.9226     6.1856    34.8311    34.8300    27.6427    27.6423    7.25615 0.0000e+00
       7105    229.168     4.0876     4.0824   3.259485   3.258955     1.8522     2.2295      7.963    -0.5816     2.7535 1.0715e-01    -0.1240   103.1475     5.9214     6.1823    34.8307    34.8300    27.6423    27.6423    7.25622 0.0000e+00
       7108    229.317     4.0866     4.0814   3.259388   3.258852     1.8530     2.2295      7.963    -0.5714     2.7930 1.0715e-01    -0.1243   103.1566     5.9245     6.1813    34.8305    34.8297    27.6423    27.6422    7.25641 0.0000e+00
       7111    229.458     4.0841     4.0788   3.259154   3.258614     1.8530     2.2295      7.963    -0.5714     2.7535 1.0715e-01    -0.1240   103.1475     5.9252     6.1827    34.8303    34.8295    27.6424    27.6423    7.25685 0.0000e+00
       7114    229.592     4.0827     4.0772   3.259014   3.258472     1.8522     2.2295      7.963    -0.5714     2.7535 1.0715e-01    -0.1240   103.1475     5.9226     6.1846    34.8300    34.8294    27.6423    27.6424    7.25712 0.0000e+00
       7117    229.718     4.0812     4.0761   3.258934   3.258379     1.8526     2.2303      7.963    -0.5714     2.7535 1.0715e-01    -0.1236   103.1385     5.9247     6.1880    34.8306    34.8295    27.6429    27.6426    7.25736 0.0000e+00
       7120    229.835     4.0800     4.0750   3.258762   3.258279     1.8526     2.2299      7.963    -0.5918     2.7535 1.0715e-01    -0.1236   103.1385     5.9237     6.1883    34.8298    34.8294    27.6424    27.6426    7.25761 0.0000e+00
       7123    229.945     4.0776     4.0729   3.258503   3.258028     1.8526     2.2295      7.963    -0.5816     2.7535 1.0715e-01    -0.1240   103.1475     5.9226     6.1886    34.8292    34.8286    27.6422    27.6422    7.25807 0.0000e+00
       7126    230.052     4.0746     4.0698   3.258213   3.257721     1.8518     2.2295      7.963    -0.5714     2.7535 1.0715e-01    -0.1247   103.1656     5.9183     6.1896    34.8289    34.8282    27.6423    27.6422    7.25862 0.0000e+00
       7129    230.153     4.0730     4.0669   3.258130   3.257470     1.8526     2.2295      7.963    -0.5816     1.8455 1.0715e-01    -0.1247   103.1656     5.9218     6.1920    34.8295    34.8282    27.6430    27.6425    7.25887 0.0000e+00
       7132    230.245     4.0720     4.0658   3.258070   3.257436     1.8518     2.2291      7.963    -0.5816     0.6612 1.0715e-01    -0.1247   103.1656     5.9191     6.1894    34.8299    34.8289    27.6434    27.6432    7.25904 0.0000e+00
       7135    230.328     4.0706     4.0654   3.257960   3.257427     1.8526     2.2307      7.963    -0.5816     0.7401 1.0715e-01    -0.1247   103.1656     5.9222     6.1961    34.8299    34.8292    27.6435    27.6435    7.25928 0.0000e+00
       7138    230.408     4.0687     4.0648   3.257815   3.257348     1.8522     2.2299      7.963    -0.5714     0.7401 1.0715e-01    -0.1247   103.1656     5.9223     6.1931    34.8303    34.8288    27.6440    27.6432    7.25961 0.0000e+00
       7141    230.479     4.0682     4.0634   3.257798   3.257221     1.8518     2.2303      7.963    -0.5714     0.7006 1.0715e-01    -0.1247   103.1656     5.9184     6.1942    34.8305    34.8288    27.6442    27.6434    7.25968 0.0000e+00
       7144    230.552     4.0687     4.0626   3.257808   3.257179     1.8522     2.2307      7.963    -0.5714     0.7401 1.0715e-01    -0.1243   103.1566     5.9210     6.1963    34.8301    34.8291    27.6439    27.6437    7.25962 0.0000e+00
       7147    230.619     4.0675     4.0619   3.257694   3.257076     1.8522     2.2307      7.963    -0.5714     0.7401 1.0715e-01    -0.1247   103.1656     5.9221     6.1964    34.8299    34.8286    27.6438    27.6434    7.25983 0.0000e+00
       7150    230.683     4.0666     4.0608   3.257581   3.256987     1.8526     2.2303      7.963    -0.5816     0.7006 1.0715e-01    -0.1247   103.1656     5.9246     6.1931    34.8296    34.8287    27.6437    27.6435    7.26002 0.0000e+00
       7153    230.749     4.0661     4.0610   3.257573   3.257064     1.8522     2.2303      7.963    -0.5714     0.6612 1.0715e-01    -0.1247   103.1656     5.9233     6.1915    34.8300    34.8294    27.6441    27.6441    7.26009 0.0000e+00
       7156    230.813     4.0660     4.0612   3.257545   3.257025     1.8522     2.2299      7.963    -0.5816   350.8402 1.0715e-01    -0.1243   103.1566     5.9255     6.1882    34.8297    34.8286    27.6438    27.6434    7.26011 0.0000e+00
       7159    230.877     4.0661     4.0608   3.257554   3.257033     1.8518     2.2311      7.963    -0.5816   482.0686 1.0715e-01    -0.1247   103.1656     5.9246     6.1897    34.8296    34.8291    27.6438    27.6439    7.26009 0.0000e+00
       7162    230.947     4.0653     4.0607   3.257476   3.256978     1.8522     2.2303      7.963    -0.5714   480.9631 1.0715e-01    -0.1243   103.1566     5.9262     6.1860    34.8296    34.8286    27.6438    27.6435    7.26025 0.0000e+00
       7165    231.020     4.0644     4.0600   3.257398   3.256935     1.8510     2.2303      7.963    -0.5816   481.3579 1.0715e-01    -0.1247   103.1656     5.9211     6.1853    34.8295    34.8287    27.6439    27.6437    7.26040 0.0000e+00
       7168    231.099     4.0649     4.0601   3.257481   3.256951     1.8522     2.2299      7.963    -0.5816   481.3579 1.0715e-01    -0.1247   103.1656     5.9281     6.1847    34.8300    34.8287    27.6442    27.6437    7.26030 0.0000e+00
       7171    231.183     4.0651     4.0587   3.257496   3.256751     1.8518     2.2307      7.963    -0.5714   481.3579 1.0715e-01    -0.1247   103.1656     5.9265     6.1882    34.8299    34.8278    27.6441    27.6431    7.26027 0.0000e+00
       7174    231.272     4.0656     4.0564   3.257530   3.256554     1.8522     2.2295      7.963    -0.5714   481.3579 1.0715e-01    -0.1247   103.1656     5.9281     6.1853    34.8297    34.8279    27.6438    27.6434    7.26019 0.0000e+00
       7177    231.369     4.0641     4.0561   3.257337   3.256595     1.8526     2.2303      7.963    -0.5816   481.3579 1.0715e-01    -0.1247   103.1656     5.9342     6.1894    34.8289    34.8286    27.6434    27.6440    7.26049 0.0000e+00
       7180    231.474     4.0631     4.0568   3.257266   3.256649     1.8526     2.2303      7.963    -0.5714   481.3579 1.0715e-01    -0.1247   103.1656     5.9368     6.1891    34.8291    34.8285    27.6436    27.6438    7.26066 0.0000e+00
       7183    231.582     4.0619     4.0558   3.257123   3.256528     1.8522     2.2295      7.963    -0.5816   481.3579 1.0715e-01    -0.1166   102.9576     5.9357     6.1878    34.8286    34.8281    27.6434    27.6436    7.26090 0.0000e+00
       7186    231.697     4.0602     4.0546   3.256980   3.256422     1.8514     2.2295      7.963    -0.5714   481.3184 1.0715e-01    -0.1036   102.6230     5.9327     6.1890    34.8287    34.8280    27.6436    27.6436    7.26120 0.0000e+00
       7189    231.815     4.0596     4.0543   3.256962   3.256422     1.8526     2.2307      7.963    -0.5816   481.3579 1.0715e-01    -0.1046   102.6501     5.9359     6.1948    34.8290    34.8283    27.6439    27.6439    7.26128 0.0000e+00
       7192    231.938     4.0597     4.0540   3.256975   3.256412     1.8530     2.2299      7.963    -0.5816   481.3579 1.0715e-01    -0.1039   102.6320     5.9362     6.1940    34.8290    34.8283    27.6439    27.6440    7.26127 0.0000e+00
       7195    232.068     4.0594     4.0538   3.256950   3.256370     1.8518     2.2299      7.963    -0.5714   481.3579 1.0715e-01    -0.1036   102.6230     5.9335     6.1964    34.8289    34.8281    27.6439    27.6438    7.26132 0.0000e+00
       7198    232.199     4.0591     4.0536   3.256947   3.256375     1.8526     2.2307      7.963    -0.5714   481.3579 1.0715e-01    -0.1039   102.6320     5.9371     6.2019    34.8292    34.8282    27.6441    27.6439    7.26137 0.0000e+00
       7201    232.334     4.0584     4.0533   3.256881   3.256345     1.8534     2.2299      7.963    -0.6121   481.3579 1.0715e-01    -0.1043   102.6411     5.9409     6.2010    34.8290    34.8280    27.6441    27.6439    7.26150 0.0000e+00
       7204    232.474     4.0574     4.0523   3.256730   3.256242     1.8526     2.2307      7.963    -0.6223   481.3579 1.0715e-01    -0.1173   102.9757     5.9393     6.2066    34.8283    34.8279    27.6436    27.6438    7.26172 0.0000e+00
       7207    232.616     4.0558     4.0509   3.256615   3.256109     1.8530     2.2303      7.964    -0.6223   351.2745 1.0715e-01    -0.1247   103.1656     5.9447     6.2067    34.8286    34.8277    27.6440    27.6438    7.26200 0.0000e+00
       7210    232.758     4.0550     4.0497   3.256572   3.255981     1.8526     2.2303      7.964    -0.6223    -2.8130 1.0715e-01    -0.1247   103.1656     5.9414     6.2054    34.8287    34.8274    27.6442    27.6437    7.26212 0.0000e+00
       7213    232.896     4.0536     4.0473   3.256449   3.255800     1.8522     2.2307      7.964    -0.6019     0.1874 1.0715e-01    -0.1243   103.1566     5.9374     6.2071    34.8287    34.8277    27.6443    27.6442    7.26237 0.0000e+00
       7216    233.030     4.0517     4.0467   3.256263   3.255770     1.8530     2.2315      7.964    -0.6121     1.1349 1.0715e-01    -0.1247   103.1656     5.9429     6.2113    34.8285    34.8279    27.6443    27.6444    7.26272 0.0000e+00
       7219    233.162     4.0518     4.0467   3.256303   3.255773     1.8538     2.2311      7.964    -0.6223     1.0954 1.0715e-01    -0.1247   103.1656     5.9471     6.2102    34.8288    34.8279    27.6446    27.6444    7.26269 0.0000e+00
       7222    233.289     4.0516     4.0449   3.256224   3.255591     1.8530     2.2315      7.964    -0.6019     1.0954 1.0715e-01    -0.1243   103.1566     5.9411     6.2131    34.8280    34.8275    27.6440    27.6443    7.26277 0.0000e+00
       7225    233.410     4.0496     4.0437   3.256100   3.255555     1.8530     2.2319      7.964    -0.6121     1.0954 1.0715e-01    -0.1243   103.1566     5.9419     6.2151    34.8285    34.8284    27.6446    27.6451    7.26309 0.0000e+00
