Datasets/AZMP/TEL210/tel210_2020_025.cnv
* Sea-Bird SBE 9 Data File:
* FileName = C:\CTDDATA\tel210_2020_025.hex
* Software Version Seasave V 7.26.7.110
* Temperature SN = 1697
* Conductivity SN = 4216
* Number of Bytes Per Scan = 30
* Number of Voltage Words = 4
* Number of Scans Averaged by the Deck Unit = 1
* NMEA baud rate = 4800
** VESSEL/TRIP/SEQ STN:  tel210_2020_025
** LATITUDE XX XX.XX: 47 00.00 N
** LONGITUDE XX XX.XX: 045 30.00 W
** SOUNDING DEPTH (M): 0250
** PROBE TYPE: S1146
** CTD NUMBER: 024
** COMMENTS (14 CHAR): FC-23
** BOTTLES:  10
** LEVELS: 5,10,20,30,40,50,75,100,150,BTM
** STICKERS: 435902 - 435911
** VNET: Y
** DO2: N
# nquan = 22
# nvalues = 5334                        
# units = specified
# name 0 = scan: Scan Count
# name 1 = prDM: Pressure, Digiquartz [db]
# name 2 = t090C: Temperature [ITS-90, deg C]
# name 3 = t190C: Temperature, 2 [ITS-90, deg C]
# name 4 = c0S/m: Conductivity [S/m]
# name 5 = c1S/m: Conductivity, 2 [S/m]
# name 6 = sbeox0V: Oxygen raw, SBE 43 [V]
# name 7 = sbeox1V: Oxygen raw, SBE 43, 2 [V]
# name 8 = ph: pH
# name 9 = flECO-AFL: Fluorescence, WET Labs ECO-AFL/FL [mg/m^3]
# name 10 = wetCDOM: Fluorescence, WET Labs CDOM [mg/m^3]
# name 11 = par/sat/log: PAR/Logarithmic, Satlantic [umol photons/m^2/sec]
# name 12 = CStarAt0: Beam Attenuation, WET Labs C-Star [1/m]
# name 13 = CStarTr0: Beam Transmission, WET Labs C-Star [%]
# name 14 = sbeox0ML/L: Oxygen, SBE 43 [ml/l], WS = 2
# name 15 = sbeox1ML/L: Oxygen, SBE 43, 2 [ml/l], WS = 2
# name 16 = sal00: Salinity, Practical [PSU]
# name 17 = sal11: Salinity, Practical, 2 [PSU]
# name 18 = sigma-t00: Density [sigma-t, kg/m^3 ]
# name 19 = sigma-t11: Density, 2 [sigma-t, kg/m^3 ]
# name 20 = oxsatML/L: Oxygen Saturation, Weiss [ml/l]
# name 21 = flag: flag
# span 0 =         53,      49941       
# span 1 =      0.264,    252.835       
# span 2 =     3.7127,    11.1518       
# span 3 =     3.7076,    11.1451       
# span 4 =   3.188596,   3.752025       
# span 5 =   3.187761,   3.750930       
# span 6 =     1.6471,     2.4326       
# span 7 =     1.9694,     2.9692       
# span 8 =      7.882,      8.212       
# span 9 =    -0.6325,     5.3911       
# span 10 =    -2.8130,   482.1870      
# span 11 = 1.0678e-01, 2.1857e+00      
# span 12 =    -0.1240,     2.0540      
# span 13 =    59.8399,   103.1475      
# span 14 =     5.0081,     7.7160      
# span 15 =     5.2226,     8.0963      
# span 16 =    33.1474,    34.8257      
# span 17 =    33.3224,    34.8244      
# span 18 =    25.3060,    27.6279      
# span 19 =    25.4434,    27.6271      
# span 20 =    6.22680,    7.34089      
# span 21 = 0.0000e+00, 0.0000e+00      
# interval = scans: 3                   
# start_time = Jul 17 2020 22:42:13 [System UTC, header]
# bad_flag = -9.990e-29
*END*
[from data line 1317]
       4136    131.950     3.7272     3.7222   3.196786   3.196201     1.9596     2.3646      7.958    -0.5714     1.9245 1.0715e-01    -0.1176   102.9847     6.3730     6.6421    34.5181    34.5165    27.4306    27.4298    7.33613 0.0000e+00
       4139    132.083     3.7286     3.7230   3.197052   3.196423     1.9604     2.3637      7.960    -0.5816     1.9245 1.0715e-01    -0.1183   103.0028     6.3793     6.6418    34.5197    34.5182    27.4318    27.4311    7.33580 0.0000e+00
       4142    132.225     3.7305     3.7251   3.197275   3.196701     1.9596     2.3637      7.960    -0.5918     1.9245 1.0715e-01    -0.1183   103.0028     6.3766     6.6449    34.5203    34.5192    27.4321    27.4317    7.33543 0.0000e+00
       4145    132.369     3.7317     3.7265   3.197423   3.196855     1.9588     2.3637      7.960    -0.5714     1.9245 1.0715e-01    -0.1183   103.0028     6.3751     6.6476    34.5208    34.5195    27.4323    27.4318    7.33519 0.0000e+00
       4148    132.519     3.7327     3.7278   3.197585   3.196997     1.9588     2.3637      7.960    -0.5816     1.9245 1.0715e-01    -0.1183   103.0028     6.3736     6.6479    34.5216    34.5197    27.4329    27.4318    7.33497 0.0000e+00
       4151    132.679     3.7338     3.7286   3.197721   3.197117     1.9596     2.3646      7.960    -0.5714     1.9245 1.0715e-01    -0.1183   103.0028     6.3767     6.6519    34.5219    34.5202    27.4330    27.4322    7.33475 0.0000e+00
       4154    132.845     3.7348     3.7297   3.197877   3.197282     1.9592     2.3646      7.960    -0.5714    51.5891 1.0715e-01    -0.1183   103.0028     6.3757     6.6533    34.5227    34.5210    27.4335    27.4327    7.33453 0.0000e+00
       4157    133.019     3.7356     3.7303   3.197966   3.197383     1.9584     2.3646      7.960    -0.5816   461.6579 1.0715e-01    -0.1187   103.0118     6.3719     6.6567    34.5228    34.5214    27.4336    27.4330    7.33439 0.0000e+00
       4160    133.195     3.7361     3.7309   3.198051   3.197471     1.9596     2.3646      7.960    -0.5714   481.5553 1.0715e-01    -0.1190   103.0209     6.3753     6.6592    34.5231    34.5217    27.4338    27.4331    7.33427 0.0000e+00
       4163    133.372     3.7365     3.7315   3.198133   3.197538     1.9600     2.3641      7.960    -0.5816   481.2000 1.0715e-01    -0.1190   103.0209     6.3798     6.6592    34.5236    34.5218    27.4341    27.4331    7.33417 0.0000e+00
       4166    133.555     3.7370     3.7318   3.198184   3.197622     1.9588     2.3650      7.960    -0.5714   481.3579 1.0715e-01    -0.1190   103.0209     6.3782     6.6641    34.5237    34.5224    27.4341    27.4336    7.33410 0.0000e+00
       4169    133.734     3.7374     3.7323   3.198304   3.197716     1.9592     2.3641      7.960    -0.5816   481.3579 1.0715e-01    -0.1194   103.0299     6.3816     6.6614    34.5246    34.5229    27.4348    27.4339    7.33398 0.0000e+00
       4172    133.912     3.7380     3.7330   3.198387   3.197815     1.9588     2.3637      7.960    -0.5918   481.3579 1.0715e-01    -0.1190   103.0209     6.3802     6.6614    34.5248    34.5232    27.4348    27.4341    7.33385 0.0000e+00
       4175    134.085     3.7388     3.7336   3.198474   3.197911     1.9592     2.3641      7.960    -0.5918   481.3579 1.0715e-01    -0.1190   103.0209     6.3818     6.6666    34.5249    34.5237    27.4348    27.4345    7.33370 0.0000e+00
       4178    134.252     3.7393     3.7341   3.198559   3.197973     1.9596     2.3646      7.960    -0.5918   481.3579 1.0715e-01    -0.1183   103.0028     6.3849     6.6712    34.5253    34.5238    27.4352    27.4345    7.33359 0.0000e+00
       4181    134.412     3.7399     3.7347   3.198657   3.198082     1.9588     2.3650      7.960    -0.6019   318.0726 1.0715e-01    -0.1183   103.0028     6.3806     6.6749    34.5257    34.5244    27.4354    27.4349    7.33346 0.0000e+00
       4184    134.566     3.7405     3.7350   3.198716   3.198130     1.9596     2.3650      7.960    -0.5714    -2.8130 1.0715e-01    -0.1176   102.9847     6.3822     6.6773    34.5258    34.5245    27.4354    27.4350    7.33336 0.0000e+00
       4187    134.711     3.7408     3.7355   3.198822   3.198212     1.9596     2.3654      7.960    -0.5816    -1.7865 1.0715e-01    -0.1183   103.0028     6.3864     6.6803    34.5266    34.5249    27.4360    27.4352    7.33326 0.0000e+00
       4190    134.846     3.7415     3.7361   3.198977   3.198350     1.9596     2.3658      7.960    -0.5816    -0.8785 1.0715e-01    -0.1183   103.0028     6.3880     6.6833    34.5277    34.5258    27.4369    27.4359    7.33308 0.0000e+00
       4193    134.971     3.7430     3.7374   3.199218   3.198569     1.9596     2.3658      7.960    -0.5816    -0.9180 1.0715e-01    -0.1180   102.9938     6.3873     6.6869    34.5288    34.5270    27.4376    27.4367    7.33274 0.0000e+00
       4196    135.085     3.7445     3.7392   3.199461   3.198850     1.9600     2.3666      7.960    -0.5613    -0.9180 1.0727e-01    -0.1176   102.9847     6.3877     6.6890    34.5301    34.5284    27.4385    27.4376    7.33241 0.0000e+00
       4199    135.189     3.7458     3.7408   3.199643   3.199096     1.9596     2.3674      7.960    -0.6019    -0.9180 1.0715e-01    -0.1183   103.0028     6.3840     6.6902    34.5309    34.5296    27.4389    27.4384    7.33214 0.0000e+00
       4202    135.279     3.7462     3.7414   3.199695   3.199184     1.9596     2.3666      7.960    -0.6019    -0.9180 1.0715e-01    -0.1183   103.0028     6.3869     6.6863    34.5311    34.5300    27.4390    27.4387    7.33207 0.0000e+00
       4205    135.358     3.7468     3.7416   3.199753   3.199217     1.9596     2.3670      7.962    -0.5714    -0.9180 1.0715e-01    -0.1180   102.9938     6.3895     6.6872    34.5310    34.5302    27.4390    27.4388    7.33195 0.0000e+00
       4208    135.429     3.7472     3.7421   3.199823   3.199275     1.9596     2.3674      7.962    -0.5816     5.2013 1.0715e-01    -0.1180   102.9938     6.3889     6.6869    34.5314    34.5302    27.4392    27.4388    7.33186 0.0000e+00
       4211    135.494     3.7472     3.7423   3.199838   3.199268     1.9608     2.3670      7.963    -0.5816     9.2281 1.0715e-01    -0.1183   103.0028     6.3949     6.6830    34.5316    34.5299    27.4394    27.4385    7.33185 0.0000e+00
       4214    135.551     3.7475     3.7424   3.199830   3.199290     1.9596     2.3682      7.965    -0.5714     9.0307 1.0715e-01    -0.1180   102.9938     6.3909     6.6859    34.5311    34.5300    27.4390    27.4386    7.33182 0.0000e+00
       4217    135.596     3.7477     3.7425   3.199861   3.199294     1.9600     2.3686      7.965    -0.5714     9.0307 1.0715e-01    -0.1180   102.9938     6.3939     6.6866    34.5313    34.5300    27.4391    27.4386    7.33178 0.0000e+00
       4220    135.637     3.7482     3.7418   3.199898   3.199198     1.9600     2.3682      7.965    -0.5816     9.0307 1.0715e-01    -0.1183   103.0028     6.3960     6.6864    34.5312    34.5295    27.4390    27.4383    7.33170 0.0000e+00
       4223    135.673     3.7482     3.7401   3.199886   3.198916     1.9600     2.3682      7.965    -0.5714     9.0307 1.0715e-01    -0.1183   103.0028     6.3959     6.6877    34.5310    34.5279    27.4388    27.4372    7.33170 0.0000e+00
       4226    135.700     3.7485     3.7380   3.199865   3.198716     1.9617     2.3690      7.965    -0.5816     9.0307 1.0715e-01    -0.1183   103.0028     6.4017     6.6916    34.5305    34.5277    27.4383    27.4372    7.33168 0.0000e+00
       4229    135.724     3.7485     3.7397   3.199877   3.198914     1.9608     2.3686      7.965    -0.5918     9.0307 1.0715e-01    -0.1183   103.0028     6.3948     6.6876    34.5306    34.5283    27.4384    27.4375    7.33167 0.0000e+00
       4232    135.749     3.7487     3.7422   3.199918   3.199267     1.9608     2.3686      7.965    -0.5816     9.0307 1.0715e-01    -0.1183   103.0028     6.3928     6.6873    34.5308    34.5299    27.4386    27.4386    7.33163 0.0000e+00
       4235    135.774     3.7486     3.7427   3.199966   3.199295     1.9608     2.3686      7.965    -0.5714     3.3852 1.0715e-01    -0.1183   103.0028     6.3941     6.6868    34.5315    34.5297    27.4392    27.4383    7.33161 0.0000e+00
       4238    135.798     3.7485     3.7430   3.200003   3.199369     1.9612     2.3690      7.965    -0.5816     2.7140 1.0715e-01    -0.1173   102.9757     6.3976     6.6863    34.5320    34.5303    27.4395    27.4387    7.33159 0.0000e+00
       4241    135.826     3.7487     3.7431   3.200073   3.199442     1.9617     2.3699      7.965    -0.5816     2.7535 1.0715e-01    -0.1173   102.9757     6.4004     6.6900    34.5326    34.5310    27.4401    27.4393    7.33154 0.0000e+00
       4244    135.856     3.7490     3.7435   3.200107   3.199474     1.9612     2.3707      7.965    -0.5714     2.7535 1.0715e-01    -0.1173   102.9757     6.3979     6.6925    34.5327    34.5309    27.4401    27.4392    7.33147 0.0000e+00
       4247    135.889     3.7491     3.7437   3.200160   3.199527     1.9612     2.3699      7.965    -0.5816     2.7535 1.0715e-01    -0.1173   102.9757     6.3960     6.6892    34.5331    34.5314    27.4405    27.4396    7.33143 0.0000e+00
       4250    135.925     3.7497     3.7439   3.200197   3.199533     1.9608     2.3699      7.965    -0.5714     2.7535 1.0715e-01    -0.1176   102.9847     6.3932     6.6889    34.5330    34.5312    27.4403    27.4394    7.33134 0.0000e+00
       4253    135.967     3.7493     3.7433   3.200189   3.199427     1.9604     2.3699      7.965    -0.5918     2.7535 1.0715e-01    -0.1173   102.9757     6.3930     6.6880    34.5333    34.5305    27.4405    27.4389    7.33139 0.0000e+00
       4256    136.014     3.7493     3.7429   3.200102   3.199400     1.9617     2.3707      7.965    -0.5816     2.7535 1.0715e-01    -0.1180   102.9938     6.4009     6.6879    34.5323    34.5305    27.4397    27.4390    7.33145 0.0000e+00
       4259    136.072     3.7487     3.7429   3.200094   3.199387     1.9617     2.3711      7.965    -0.5816     3.5036 1.0715e-01    -0.1180   102.9938     6.4019     6.6875    34.5327    34.5304    27.4401    27.4389    7.33152 0.0000e+00
       4262    136.131     3.7487     3.7432   3.200085   3.199423     1.9621     2.3699      7.965    -0.5816     7.2936 1.0715e-01    -0.1183   103.0028     6.4025     6.6799    34.5326    34.5305    27.4400    27.4389    7.33153 0.0000e+00
       4265    136.193     3.7487     3.7434   3.200095   3.199474     1.9625     2.3711      7.965    -0.6019     7.2542 1.0715e-01    -0.1183   103.0028     6.4033     6.6809    34.5326    34.5308    27.4401    27.4392    7.33152 0.0000e+00
       4268    136.271     3.7497     3.7446   3.200282   3.199673     1.9621     2.3707      7.965    -0.5816     7.2542 1.0715e-01    -0.1183   103.0028     6.4029     6.6796    34.5338    34.5319    27.4409    27.4399    7.33130 0.0000e+00
       4271    136.356     3.7505     3.7454   3.200474   3.199883     1.9621     2.3711      7.965    -0.5714     7.2542 1.0715e-01    -0.1183   103.0028     6.4022     6.6814    34.5352    34.5335    27.4420    27.4411    7.33108 0.0000e+00
       4274    136.447     3.7513     3.7462   3.200612   3.200018     1.9617     2.3711      7.965    -0.5714     7.2542 1.0715e-01    -0.1183   103.0028     6.4002     6.6790    34.5360    34.5343    27.4425    27.4416    7.33090 0.0000e+00
       4277    136.552     3.7521     3.7466   3.200678   3.200117     1.9625     2.3703      7.965    -0.5816     7.2542 1.0715e-01    -0.1176   102.9847     6.4016     6.6738    34.5358    34.5349    27.4422    27.4421    7.33075 0.0000e+00
       4280    136.662     3.7526     3.7473   3.200770   3.200216     1.9633     2.3707      7.965    -0.5816     7.2542 1.0715e-01    -0.1173   102.9757     6.4024     6.6749    34.5364    34.5353    27.4426    27.4423    7.33065 0.0000e+00
       4283    136.781     3.7533     3.7480   3.200886   3.200315     1.9625     2.3711      7.965    -0.5714     7.2542 1.0715e-01    -0.1176   102.9847     6.3972     6.6758    34.5369    34.5357    27.4430    27.4425    7.33048 0.0000e+00
       4286    136.909     3.7539     3.7488   3.200964   3.200390     1.9621     2.3703      7.965    -0.5816     6.3856 1.0715e-01    -0.1173   102.9757     6.3935     6.6714    34.5372    34.5357    27.4432    27.4425    7.33037 0.0000e+00
       4289    137.047     3.7541     3.7490   3.201002   3.200436     1.9621     2.3703      7.965    -0.5714     5.2012 1.0715e-01    -0.1180   102.9938     6.3933     6.6699    34.5373    34.5359    27.4432    27.4426    7.33032 0.0000e+00
       4292    137.193     3.7541     3.7491   3.201020   3.200471     1.9629     2.3711      7.965    -0.5714     5.2407 1.0715e-01    -0.1176   102.9847     6.3959     6.6719    34.5374    34.5362    27.4433    27.4428    7.33031 0.0000e+00
       4295    137.348     3.7545     3.7494   3.201077   3.200520     1.9625     2.3711      7.965    -0.5816     5.2407 1.0715e-01    -0.1173   102.9757     6.3914     6.6722    34.5377    34.5363    27.4435    27.4430    7.33024 0.0000e+00
       4298    137.510     3.7558     3.7503   3.201393   3.200735     1.9629     2.3699      7.965    -0.5816     5.2407 1.0715e-01    -0.1176   102.9847     6.3930     6.6679    34.5400    34.5379    27.4452    27.4441    7.32989 0.0000e+00
       4301    137.672     3.7574     3.7520   3.201549   3.200982     1.9633     2.3707      7.965    -0.5816     5.2407 1.0715e-01    -0.1183   103.0028     6.3927     6.6705    34.5401    34.5390    27.4451    27.4448    7.32960 0.0000e+00
       4304    137.841     3.7576     3.7525   3.201568   3.201057     1.9625     2.3707      7.965    -0.5613     5.2407 1.0715e-01    -0.1183   103.0028     6.3890     6.6690    34.5400    34.5392    27.4450    27.4449    7.32956 0.0000e+00
       4307    138.012     3.7578     3.7527   3.201716   3.201069     1.9625     2.3703      7.965    -0.5714     5.2407 1.0715e-01    -0.1183   103.0028     6.3887     6.6681    34.5414    34.5391    27.4461    27.4448    7.32945 0.0000e+00
       4310    138.183     3.7587     3.7530   3.201817   3.201211     1.9625     2.3699      7.965    -0.5816     5.2407 1.0715e-01    -0.1183   103.0028     6.3861     6.6671    34.5416    34.5403    27.4462    27.4458    7.32929 0.0000e+00
       4313    138.353     3.7587     3.7534   3.201907   3.201314     1.9625     2.3703      7.965    -0.5816     6.7804 1.0715e-01    -0.1183   103.0028     6.3824     6.6668    34.5426    34.5411    27.4470    27.4463    7.32924 0.0000e+00
       4316    138.519     3.7585     3.7533   3.201939   3.201358     1.9621     2.3699      7.965    -0.5918     7.4121 1.0715e-01    -0.1183   103.0028     6.3788     6.6639    34.5431    34.5417    27.4474    27.4468    7.32925 0.0000e+00
       4319    138.682     3.7583     3.7532   3.202028   3.201422     1.9617     2.3703      7.965    -0.5714     7.3726 1.0715e-01    -0.1173   102.9757     6.3777     6.6644    34.5443    34.5424    27.4483    27.4474    7.32922 0.0000e+00
       4322    138.843     3.7590     3.7537   3.202250   3.201634     1.9633     2.3699      7.965    -0.5714     7.3726 1.0715e-01    -0.1176   102.9847     6.3856     6.6635    34.5461    34.5443    27.4497    27.4488    7.32901 0.0000e+00
       4325    138.998     3.7605     3.7548   3.202573   3.201913     1.9625     2.3699      7.965    -0.5918     7.3726 1.0715e-01    -0.1173   102.9757     6.3806     6.6611    34.5483    34.5464    27.4513    27.4504    7.32863 0.0000e+00
       4328    139.148     3.7622     3.7569   3.202792   3.202201     1.9621     2.3699      7.965    -0.5918     7.3726 1.0715e-01    -0.1176   102.9847     6.3784     6.6615    34.5490    34.5475    27.4518    27.4511    7.32829 0.0000e+00
